date,county,fips,population,confirmed_cases,reported_cases,probable_cases,reported_and_probable_cases,reported_deaths
2022-07-21,Alameda,001,1643700,323162,323165,18398,341563,1933
2022-07-21,Alpine,003,1148,130,130,1,131,0
2022-07-21,Amador,005,37829,9525,9526,803,10329,87
2022-07-21,Butte,007,227075,36994,36994,7927,44921,440
2022-07-21,Calaveras,009,45235,8064,8064,449,8513,128
2022-07-21,Colusa,011,21464,3637,3639,1193,4832,22
2022-07-21,Contra Costa,013,1133247,231712,231714,17906,249620,1363
2022-07-21,Del Norte,015,27424,7127,7128,386,7514,54
2022-07-21,El Dorado,017,186661,30722,30722,3891,34613,222
2022-07-21,Fresno,019,978130,257569,257571,27187,284758,2792
2022-07-21,Glenn,021,27897,5311,5311,1765,7076,48
2022-07-21,Humboldt,023,135768,20280,20283,4127,24410,150
2022-07-21,Imperial,025,180216,61670,61671,12828,74499,948
2022-07-21,Inyo,027,18085,4366,4366,747,5113,57
2022-07-21,Kern,029,883053,208523,208535,53038,261573,2366
2022-07-21,Kings,031,150075,56101,56103,3872,59975,451
2022-07-21,Lake,033,64148,11957,11957,1048,13005,142
2022-07-21,Lassen,035,31185,9504,9504,966,10470,64
2022-07-21,Los Angeles,037,10098052,3085117,3085376,154249,3239625,32340
2022-07-21,Madera,039,155013,41143,41145,7032,48177,372
2022-07-21,Marin,041,260295,42343,42347,4856,47203,300
2022-07-21,Mariposa,043,17540,2897,2897,288,3185,30
2022-07-21,Mendocino,045,87422,14988,14988,3925,18913,131
2022-07-21,Merced,047,269075,68124,68127,10119,78246,837
2022-07-21,Modoc,049,8938,829,829,287,1116,10
2022-07-21,Mono,051,14174,3141,3141,203,3344,7
2022-07-21,Monterey,053,433212,89066,89067,18179,107246,747
2022-07-21,Napa,055,140530,30494,30495,1333,31828,148
2022-07-21,Nevada,057,99092,18068,18073,1551,19624,131
2022-07-21,Orange,059,3164182,627947,627948,53220,681168,7181
2022-07-21,Placer,061,380077,71870,71870,8602,80472,644
2022-07-21,Plumas,063,18699,3464,3464,415,3879,13
2022-07-21,Riverside,065,2383286,655547,655603,32144,687747,6527
2022-07-21,Sacramento,067,1510023,326213,326216,32194,358410,3136
2022-07-21,San Benito,069,59416,15047,15049,778,15827,100
2022-07-21,San Bernardino,071,2135413,626007,626059,27856,653915,7933
2022-07-21,San Diego,073,3302833,870102,870102,64045,934147,5380
2022-07-21,San Francisco,075,870044,167252,167260,11110,178370,931
2022-07-21,San Joaquin,077,732212,186135,186142,12651,198793,2267
2022-07-21,San Luis Obispo,079,281455,59908,59919,6164,66083,500
2022-07-21,San Mateo,081,765935,157264,157266,9911,167177,724
2022-07-21,Santa Barbara,083,443738,98826,98826,5835,104661,706
2022-07-21,Santa Clara,085,1922200,401478,401495,17313,418808,2381
2022-07-21,Santa Cruz,087,273765,58386,58386,2985,61371,268
2022-07-21,Shasta,089,179085,33185,33185,6777,39962,578
2022-07-21,Sierra,091,2930,293,293,59,352,4
2022-07-21,Siskiyou,093,43540,4938,4938,3106,8044,84
2022-07-21,Solano,095,438530,98004,98016,7098,105114,457
2022-07-21,Sonoma,097,501317,100728,100735,4579,105314,499
2022-07-21,Stanislaus,099,539301,129793,129813,19591,149404,1695
2022-07-21,Sutter,101,95872,22682,22687,2403,25090,228
2022-07-21,Tehama,103,63373,12974,12974,2865,15839,207
2022-07-21,Trinity,105,12862,1330,1330,324,1654,20
2022-07-21,Tulare,107,460477,115547,115548,32687,148235,1513
2022-07-21,Tuolumne,109,53932,14514,14514,851,15365,196
2022-07-21,Ventura,111,848112,196125,196127,12796,208923,1525
2022-07-21,Yolo,113,214977,45141,45141,4019,49160,327
2022-07-21,Yuba,115,75493,17767,17770,1536,19306,124
2022-07-20,Alameda,001,1643700,323162,321347,18398,339745,1915
2022-07-20,Alpine,003,1148,130,130,1,131,0
2022-07-20,Amador,005,37829,9525,9478,803,10281,87
2022-07-20,Butte,007,227075,36994,36820,7927,44747,440
2022-07-20,Calaveras,009,45235,8064,8035,449,8484,126
2022-07-20,Colusa,011,21464,3637,3627,1193,4820,22
2022-07-20,Contra Costa,013,1133247,231712,230356,17906,248262,1362
2022-07-20,Del Norte,015,27424,7127,7081,386,7467,54
2022-07-20,El Dorado,017,186661,30722,30628,3891,34519,221
2022-07-20,Fresno,019,978130,257569,256217,27187,283404,2790
2022-07-20,Glenn,021,27897,5311,5287,1765,7052,48
2022-07-20,Humboldt,023,135768,20280,20149,4127,24276,150
2022-07-20,Imperial,025,180216,61670,61170,12828,73998,944
2022-07-20,Inyo,027,18085,4366,4355,747,5102,56
2022-07-20,Kern,029,883053,208523,207603,53038,260641,2366
2022-07-20,Kings,031,150075,56101,55836,3872,59708,449
2022-07-20,Lake,033,64148,11957,11895,1048,12943,142
2022-07-20,Lassen,035,31185,9504,9455,966,10421,64
2022-07-20,Los Angeles,037,10098052,3085117,3068779,154249,3223028,32292
2022-07-20,Madera,039,155013,41143,40902,7032,47934,372
2022-07-20,Marin,041,260295,42343,42153,4856,47009,300
2022-07-20,Mariposa,043,17540,2897,2884,288,3172,30
2022-07-20,Mendocino,045,87422,14988,14890,3925,18815,131
2022-07-20,Merced,047,269075,68124,67775,10119,77894,833
2022-07-20,Modoc,049,8938,829,799,287,1086,9
2022-07-20,Mono,051,14174,3141,3138,203,3341,7
2022-07-20,Monterey,053,433212,89066,88606,18179,106785,747
2022-07-20,Napa,055,140530,30494,30353,1333,31686,145
2022-07-20,Nevada,057,99092,18068,18020,1551,19571,131
2022-07-20,Orange,059,3164182,627947,624998,53220,678218,7173
2022-07-20,Placer,061,380077,71870,71614,8602,80216,639
2022-07-20,Plumas,063,18699,3464,3433,415,3848,13
2022-07-20,Riverside,065,2383286,655547,652192,32144,684336,6510
2022-07-20,Sacramento,067,1510023,326213,324765,32194,356959,3123
2022-07-20,San Benito,069,59416,15047,14966,778,15744,100
2022-07-20,San Bernardino,071,2135413,626007,622760,27856,650616,7921
2022-07-20,San Diego,073,3302833,870102,864434,64045,928479,5375
2022-07-20,San Francisco,075,870044,167252,166241,11110,177351,929
2022-07-20,San Joaquin,077,732212,186135,185319,12651,197970,2262
2022-07-20,San Luis Obispo,079,281455,59908,59727,6164,65891,499
2022-07-20,San Mateo,081,765935,157264,156191,9911,166102,724
2022-07-20,Santa Barbara,083,443738,98826,98322,5835,104157,703
2022-07-20,Santa Clara,085,1922200,401478,398816,17313,416129,2374
2022-07-20,Santa Cruz,087,273765,58386,58004,2985,60989,267
2022-07-20,Shasta,089,179085,33185,33017,6777,39794,576
2022-07-20,Sierra,091,2930,293,292,59,351,4
2022-07-20,Siskiyou,093,43540,4938,4921,3106,8027,84
2022-07-20,Solano,095,438530,98004,97577,7098,104675,459
2022-07-20,Sonoma,097,501317,100728,100304,4579,104883,499
2022-07-20,Stanislaus,099,539301,129793,129200,19591,148791,1695
2022-07-20,Sutter,101,95872,22682,22592,2403,24995,228
2022-07-20,Tehama,103,63373,12974,12923,2865,15788,205
2022-07-20,Trinity,105,12862,1330,1319,324,1643,20
2022-07-20,Tulare,107,460477,115547,115073,32687,147760,1510
2022-07-20,Tuolumne,109,53932,14514,14389,851,15240,196
2022-07-20,Ventura,111,848112,196125,195189,12796,207985,1522
2022-07-20,Yolo,113,214977,45141,44950,4019,48969,325
2022-07-20,Yuba,115,75493,17767,17661,1536,19197,124
2022-07-19,Alameda,001,1643700,323076,321347,18398,339745,1915
2022-07-19,Alpine,003,1148,130,130,1,131,0
2022-07-19,Amador,005,37829,9520,9478,803,10281,87
2022-07-19,Butte,007,227075,36990,36820,7927,44747,440
2022-07-19,Calaveras,009,45235,8061,8035,449,8484,126
2022-07-19,Colusa,011,21464,3636,3627,1193,4820,22
2022-07-19,Contra Costa,013,1133247,231668,230356,17906,248262,1362
2022-07-19,Del Norte,015,27424,7126,7081,386,7467,54
2022-07-19,El Dorado,017,186661,30717,30628,3891,34519,221
2022-07-19,Fresno,019,978130,257462,256217,27187,283404,2790
2022-07-19,Glenn,021,27897,5309,5287,1765,7052,48
2022-07-19,Humboldt,023,135768,20272,20149,4127,24276,150
2022-07-19,Imperial,025,180216,61627,61170,12828,73998,944
2022-07-19,Inyo,027,18085,4366,4355,747,5102,56
2022-07-19,Kern,029,883053,208497,207603,53038,260641,2366
2022-07-19,Kings,031,150075,56075,55836,3872,59708,449
2022-07-19,Lake,033,64148,11951,11895,1048,12943,142
2022-07-19,Lassen,035,31185,9501,9455,966,10421,64
2022-07-19,Los Angeles,037,10098052,3084954,3068779,154249,3223028,32292
2022-07-19,Madera,039,155013,41117,40902,7032,47934,372
2022-07-19,Marin,041,260295,42334,42153,4856,47009,300
2022-07-19,Mariposa,043,17540,2897,2884,288,3172,30
2022-07-19,Mendocino,045,87422,14979,14890,3925,18815,131
2022-07-19,Merced,047,269075,68117,67775,10119,77894,833
2022-07-19,Modoc,049,8938,829,799,287,1086,9
2022-07-19,Mono,051,14174,3141,3138,203,3341,7
2022-07-19,Monterey,053,433212,89042,88606,18179,106785,747
2022-07-19,Napa,055,140530,30484,30353,1333,31686,145
2022-07-19,Nevada,057,99092,18068,18020,1551,19571,131
2022-07-19,Orange,059,3164182,627813,624998,53220,678218,7173
2022-07-19,Placer,061,380077,71857,71614,8602,80216,639
2022-07-19,Plumas,063,18699,3460,3433,415,3848,13
2022-07-19,Riverside,065,2383286,655443,652192,32144,684336,6510
2022-07-19,Sacramento,067,1510023,326144,324765,32194,356959,3123
2022-07-19,San Benito,069,59416,15044,14966,778,15744,100
2022-07-19,San Bernardino,071,2135413,625936,622760,27856,650616,7921
2022-07-19,San Diego,073,3302833,869844,864434,64045,928479,5375
2022-07-19,San Francisco,075,870044,167194,166241,11110,177351,929
2022-07-19,San Joaquin,077,732212,186071,185319,12651,197970,2262
2022-07-19,San Luis Obispo,079,281455,59890,59727,6164,65891,499
2022-07-19,San Mateo,081,765935,157211,156191,9911,166102,724
2022-07-19,Santa Barbara,083,443738,98770,98322,5835,104157,703
2022-07-19,Santa Clara,085,1922200,401388,398816,17313,416129,2374
2022-07-19,Santa Cruz,087,273765,58384,58004,2985,60989,267
2022-07-19,Shasta,089,179085,33179,33017,6777,39794,576
2022-07-19,Sierra,091,2930,293,292,59,351,4
2022-07-19,Siskiyou,093,43540,4932,4921,3106,8027,84
2022-07-19,Solano,095,438530,97983,97577,7098,104675,459
2022-07-19,Sonoma,097,501317,100704,100304,4579,104883,499
2022-07-19,Stanislaus,099,539301,129743,129200,19591,148791,1695
2022-07-19,Sutter,101,95872,22674,22592,2403,24995,228
2022-07-19,Tehama,103,63373,12974,12923,2865,15788,205
2022-07-19,Trinity,105,12862,1329,1319,324,1643,20
2022-07-19,Tulare,107,460477,115508,115073,32687,147760,1510
2022-07-19,Tuolumne,109,53932,14504,14389,851,15240,196
2022-07-19,Ventura,111,848112,196070,195189,12796,207985,1522
2022-07-19,Yolo,113,214977,45134,44950,4019,48969,325
2022-07-19,Yuba,115,75493,17752,17661,1536,19197,124
2022-07-18,Alameda,001,1643700,322634,321347,18398,339745,1915
2022-07-18,Alpine,003,1148,130,130,1,131,0
2022-07-18,Amador,005,37829,9509,9478,803,10281,87
2022-07-18,Butte,007,227075,36936,36820,7927,44747,440
2022-07-18,Calaveras,009,45235,8052,8035,449,8484,126
2022-07-18,Colusa,011,21464,3634,3627,1193,4820,22
2022-07-18,Contra Costa,013,1133247,231348,230356,17906,248262,1362
2022-07-18,Del Norte,015,27424,7118,7081,386,7467,54
2022-07-18,El Dorado,017,186661,30693,30628,3891,34519,221
2022-07-18,Fresno,019,978130,257135,256217,27187,283404,2790
2022-07-18,Glenn,021,27897,5302,5287,1765,7052,48
2022-07-18,Humboldt,023,135768,20241,20149,4127,24276,150
2022-07-18,Imperial,025,180216,61525,61170,12828,73998,944
2022-07-18,Inyo,027,18085,4364,4355,747,5102,56
2022-07-18,Kern,029,883053,208405,207603,53038,260641,2366
2022-07-18,Kings,031,150075,56033,55836,3872,59708,449
2022-07-18,Lake,033,64148,11938,11895,1048,12943,142
2022-07-18,Lassen,035,31185,9497,9455,966,10421,64
2022-07-18,Los Angeles,037,10098052,3082767,3068779,154249,3223028,32292
2022-07-18,Madera,039,155013,41070,40902,7032,47934,372
2022-07-18,Marin,041,260295,42278,42153,4856,47009,300
2022-07-18,Mariposa,043,17540,2895,2884,288,3172,30
2022-07-18,Mendocino,045,87422,14950,14890,3925,18815,131
2022-07-18,Merced,047,269075,68036,67775,10119,77894,833
2022-07-18,Modoc,049,8938,828,799,287,1086,9
2022-07-18,Mono,051,14174,3141,3138,203,3341,7
2022-07-18,Monterey,053,433212,88928,88606,18179,106785,747
2022-07-18,Napa,055,140530,30457,30353,1333,31686,145
2022-07-18,Nevada,057,99092,18064,18020,1551,19571,131
2022-07-18,Orange,059,3164182,627278,624998,53220,678218,7173
2022-07-18,Placer,061,380077,71808,71614,8602,80216,639
2022-07-18,Plumas,063,18699,3456,3433,415,3848,13
2022-07-18,Riverside,065,2383286,654799,652192,32144,684336,6510
2022-07-18,Sacramento,067,1510023,325785,324765,32194,356959,3123
2022-07-18,San Benito,069,59416,15019,14966,778,15744,100
2022-07-18,San Bernardino,071,2135413,625257,622760,27856,650616,7921
2022-07-18,San Diego,073,3302833,868648,864434,64045,928479,5375
2022-07-18,San Francisco,075,870044,166891,166241,11110,177351,929
2022-07-18,San Joaquin,077,732212,185872,185319,12651,197970,2262
2022-07-18,San Luis Obispo,079,281455,59859,59727,6164,65891,499
2022-07-18,San Mateo,081,765935,156941,156191,9911,166102,724
2022-07-18,Santa Barbara,083,443738,98658,98322,5835,104157,703
2022-07-18,Santa Clara,085,1922200,400641,398816,17313,416129,2374
2022-07-18,Santa Cruz,087,273765,58344,58004,2985,60989,267
2022-07-18,Shasta,089,179085,33158,33017,6777,39794,576
2022-07-18,Sierra,091,2930,293,292,59,351,4
2022-07-18,Siskiyou,093,43540,4932,4921,3106,8027,84
2022-07-18,Solano,095,438530,97862,97577,7098,104675,459
2022-07-18,Sonoma,097,501317,100577,100304,4579,104883,499
2022-07-18,Stanislaus,099,539301,129598,129200,19591,148791,1695
2022-07-18,Sutter,101,95872,22647,22592,2403,24995,228
2022-07-18,Tehama,103,63373,12967,12923,2865,15788,205
2022-07-18,Trinity,105,12862,1329,1319,324,1643,20
2022-07-18,Tulare,107,460477,115409,115073,32687,147760,1510
2022-07-18,Tuolumne,109,53932,14465,14389,851,15240,196
2022-07-18,Ventura,111,848112,195933,195189,12796,207985,1522
2022-07-18,Yolo,113,214977,45099,44950,4019,48969,325
2022-07-18,Yuba,115,75493,17732,17661,1536,19197,124
2022-07-17,Alameda,001,1643700,321838,318442,18398,336840,1911
2022-07-17,Alpine,003,1148,130,130,1,131,0
2022-07-17,Amador,005,37829,9504,9437,803,10240,87
2022-07-17,Butte,007,227075,36878,36644,7927,44571,440
2022-07-17,Calaveras,009,45235,8040,7994,449,8443,126
2022-07-17,Colusa,011,21464,3628,3617,1193,4810,22
2022-07-17,Contra Costa,013,1133247,230862,228634,17906,246540,1356
2022-07-17,Del Norte,015,27424,7097,6860,386,7246,54
2022-07-17,El Dorado,017,186661,30655,30461,3891,34352,219
2022-07-17,Fresno,019,978130,256581,254088,27187,281275,2790
2022-07-17,Glenn,021,27897,5294,5273,1765,7038,48
2022-07-17,Humboldt,023,135768,20195,20016,4127,24143,150
2022-07-17,Imperial,025,180216,61368,60550,12828,73378,944
2022-07-17,Inyo,027,18085,4358,4343,747,5090,56
2022-07-17,Kern,029,883053,208014,206466,53038,259504,2364
2022-07-17,Kings,031,150075,55908,55432,3872,59304,449
2022-07-17,Lake,033,64148,11908,11835,1048,12883,141
2022-07-17,Lassen,035,31185,9472,9425,966,10391,64
2022-07-17,Los Angeles,037,10098052,3078420,3042708,154249,3196957,32248
2022-07-17,Madera,039,155013,40976,40627,7032,47659,372
2022-07-17,Marin,041,260295,42205,41829,4856,46685,300
2022-07-17,Mariposa,043,17540,2893,2866,288,3154,30
2022-07-17,Mendocino,045,87422,14918,14799,3925,18724,131
2022-07-17,Merced,047,269075,67903,67416,10119,77535,833
2022-07-17,Modoc,049,8938,825,799,287,1086,9
2022-07-17,Mono,051,14174,3137,3131,203,3334,7
2022-07-17,Monterey,053,433212,88762,88118,18179,106297,747
2022-07-17,Napa,055,140530,30407,30176,1333,31509,145
2022-07-17,Nevada,057,99092,18035,17941,1551,19492,131
2022-07-17,Orange,059,3164182,625978,620414,53220,673634,7161
2022-07-17,Placer,061,380077,71735,71232,8602,79834,637
2022-07-17,Plumas,063,18699,3440,3406,415,3821,13
2022-07-17,Riverside,065,2383286,653581,647328,32144,679472,6508
2022-07-17,Sacramento,067,1510023,325206,322788,32194,354982,3119
2022-07-17,San Benito,069,59416,14993,14869,778,15647,100
2022-07-17,San Bernardino,071,2135413,624080,618482,27856,646338,7914
2022-07-17,San Diego,073,3302833,866550,857262,64045,921307,5370
2022-07-17,San Francisco,075,870044,166511,164853,11110,175963,928
2022-07-17,San Joaquin,077,732212,185542,184187,12651,196838,2262
2022-07-17,San Luis Obispo,079,281455,59773,59437,6164,65601,499
2022-07-17,San Mateo,081,765935,156654,154961,9911,164872,723
2022-07-17,Santa Barbara,083,443738,98448,97600,5835,103435,702
2022-07-17,Santa Clara,085,1922200,399792,395466,17313,412779,2371
2022-07-17,Santa Cruz,087,273765,58153,57531,2985,60516,267
2022-07-17,Shasta,089,179085,33118,32871,6777,39648,575
2022-07-17,Sierra,091,2930,293,291,59,350,4
2022-07-17,Siskiyou,093,43540,4926,4899,3106,8005,83
2022-07-17,Solano,095,438530,97663,96974,7098,104072,457
2022-07-17,Sonoma,097,501317,100429,99679,4579,104258,499
2022-07-17,Stanislaus,099,539301,129385,128436,19591,148027,1692
2022-07-17,Sutter,101,95872,22597,22452,2403,24855,228
2022-07-17,Tehama,103,63373,12945,12860,2865,15725,205
2022-07-17,Trinity,105,12862,1326,1304,324,1628,20
2022-07-17,Tulare,107,460477,115204,114399,32687,147086,1510
2022-07-17,Tuolumne,109,53932,14445,14280,851,15131,196
2022-07-17,Ventura,111,848112,195599,193965,12796,206761,1519
2022-07-17,Yolo,113,214977,45043,44703,4019,48722,324
2022-07-17,Yuba,115,75493,17689,17567,1536,19103,124
2022-07-16,Alameda,001,1643700,321500,318442,18398,336840,1911
2022-07-16,Alpine,003,1148,130,130,1,131,0
2022-07-16,Amador,005,37829,9500,9437,803,10240,87
2022-07-16,Butte,007,227075,36857,36644,7927,44571,440
2022-07-16,Calaveras,009,45235,8033,7994,449,8443,126
2022-07-16,Colusa,011,21464,3627,3617,1193,4810,22
2022-07-16,Contra Costa,013,1133247,230659,228634,17906,246540,1356
2022-07-16,Del Norte,015,27424,7085,6860,386,7246,54
2022-07-16,El Dorado,017,186661,30643,30461,3891,34352,219
2022-07-16,Fresno,019,978130,256361,254088,27187,281275,2790
2022-07-16,Glenn,021,27897,5292,5273,1765,7038,48
2022-07-16,Humboldt,023,135768,20171,20016,4127,24143,150
2022-07-16,Imperial,025,180216,61315,60550,12828,73378,944
2022-07-16,Inyo,027,18085,4357,4343,747,5090,56
2022-07-16,Kern,029,883053,207896,206466,53038,259504,2364
2022-07-16,Kings,031,150075,55876,55432,3872,59304,449
2022-07-16,Lake,033,64148,11899,11835,1048,12883,141
2022-07-16,Lassen,035,31185,9470,9425,966,10391,64
2022-07-16,Los Angeles,037,10098052,3075749,3042708,154249,3196957,32248
2022-07-16,Madera,039,155013,40940,40627,7032,47659,372
2022-07-16,Marin,041,260295,42182,41829,4856,46685,300
2022-07-16,Mariposa,043,17540,2893,2866,288,3154,30
2022-07-16,Mendocino,045,87422,14913,14799,3925,18724,131
2022-07-16,Merced,047,269075,67852,67416,10119,77535,833
2022-07-16,Modoc,049,8938,825,799,287,1086,9
2022-07-16,Mono,051,14174,3137,3131,203,3334,7
2022-07-16,Monterey,053,433212,88702,88118,18179,106297,747
2022-07-16,Napa,055,140530,30390,30176,1333,31509,145
2022-07-16,Nevada,057,99092,18029,17941,1551,19492,131
2022-07-16,Orange,059,3164182,625307,620414,53220,673634,7161
2022-07-16,Placer,061,380077,71683,71232,8602,79834,637
2022-07-16,Plumas,063,18699,3438,3406,415,3821,13
2022-07-16,Riverside,065,2383286,653002,647328,32144,679472,6508
2022-07-16,Sacramento,067,1510023,325009,322788,32194,354982,3119
2022-07-16,San Benito,069,59416,14977,14869,778,15647,100
2022-07-16,San Bernardino,071,2135413,623609,618482,27856,646338,7914
2022-07-16,San Diego,073,3302833,865712,857262,64045,921307,5370
2022-07-16,San Francisco,075,870044,166373,164853,11110,175963,928
2022-07-16,San Joaquin,077,732212,185434,184187,12651,196838,2262
2022-07-16,San Luis Obispo,079,281455,59749,59437,6164,65601,499
2022-07-16,San Mateo,081,765935,156474,154961,9911,164872,723
2022-07-16,Santa Barbara,083,443738,98369,97600,5835,103435,702
2022-07-16,Santa Clara,085,1922200,399296,395466,17313,412779,2371
2022-07-16,Santa Cruz,087,273765,58106,57531,2985,60516,267
2022-07-16,Shasta,089,179085,33110,32871,6777,39648,575
2022-07-16,Sierra,091,2930,293,291,59,350,4
2022-07-16,Siskiyou,093,43540,4925,4899,3106,8005,83
2022-07-16,Solano,095,438530,97603,96974,7098,104072,457
2022-07-16,Sonoma,097,501317,100367,99679,4579,104258,499
2022-07-16,Stanislaus,099,539301,129283,128436,19591,148027,1692
2022-07-16,Sutter,101,95872,22575,22452,2403,24855,228
2022-07-16,Tehama,103,63373,12939,12860,2865,15725,205
2022-07-16,Trinity,105,12862,1324,1304,324,1628,20
2022-07-16,Tulare,107,460477,115140,114399,32687,147086,1510
2022-07-16,Tuolumne,109,53932,14432,14280,851,15131,196
2022-07-16,Ventura,111,848112,195447,193965,12796,206761,1519
2022-07-16,Yolo,113,214977,45011,44703,4019,48722,324
2022-07-16,Yuba,115,75493,17669,17567,1536,19103,124
2022-07-15,Alameda,001,1643700,321089,318442,18398,336840,1911
2022-07-15,Alpine,003,1148,130,130,1,131,0
2022-07-15,Amador,005,37829,9497,9437,803,10240,87
2022-07-15,Butte,007,227075,36831,36644,7927,44571,440
2022-07-15,Calaveras,009,45235,8030,7994,449,8443,126
2022-07-15,Colusa,011,21464,3626,3617,1193,4810,22
2022-07-15,Contra Costa,013,1133247,230433,228634,17906,246540,1356
2022-07-15,Del Norte,015,27424,7074,6860,386,7246,54
2022-07-15,El Dorado,017,186661,30624,30461,3891,34352,219
2022-07-15,Fresno,019,978130,256007,254088,27187,281275,2790
2022-07-15,Glenn,021,27897,5291,5273,1765,7038,48
2022-07-15,Humboldt,023,135768,20155,20016,4127,24143,150
2022-07-15,Imperial,025,180216,61260,60550,12828,73378,944
2022-07-15,Inyo,027,18085,4354,4343,747,5090,56
2022-07-15,Kern,029,883053,207769,206466,53038,259504,2364
2022-07-15,Kings,031,150075,55822,55432,3872,59304,449
2022-07-15,Lake,033,64148,11888,11835,1048,12883,141
2022-07-15,Lassen,035,31185,9468,9425,966,10391,64
2022-07-15,Los Angeles,037,10098052,3072000,3042708,154249,3196957,32248
2022-07-15,Madera,039,155013,40883,40627,7032,47659,372
2022-07-15,Marin,041,260295,42140,41829,4856,46685,300
2022-07-15,Mariposa,043,17540,2891,2866,288,3154,30
2022-07-15,Mendocino,045,87422,14893,14799,3925,18724,131
2022-07-15,Merced,047,269075,67813,67416,10119,77535,833
2022-07-15,Modoc,049,8938,824,799,287,1086,9
2022-07-15,Mono,051,14174,3135,3131,203,3334,7
2022-07-15,Monterey,053,433212,88629,88118,18179,106297,747
2022-07-15,Napa,055,140530,30358,30176,1333,31509,145
2022-07-15,Nevada,057,99092,18021,17941,1551,19492,131
2022-07-15,Orange,059,3164182,624531,620414,53220,673634,7161
2022-07-15,Placer,061,380077,71633,71232,8602,79834,637
2022-07-15,Plumas,063,18699,3433,3406,415,3821,13
2022-07-15,Riverside,065,2383286,652347,647328,32144,679472,6508
2022-07-15,Sacramento,067,1510023,324684,322788,32194,354982,3119
2022-07-15,San Benito,069,59416,14963,14869,778,15647,100
2022-07-15,San Bernardino,071,2135413,623039,618482,27856,646338,7914
2022-07-15,San Diego,073,3302833,864502,857262,64045,921307,5370
2022-07-15,San Francisco,075,870044,166178,164853,11110,175963,928
2022-07-15,San Joaquin,077,732212,185304,184187,12651,196838,2262
2022-07-15,San Luis Obispo,079,281455,59727,59437,6164,65601,499
2022-07-15,San Mateo,081,765935,156286,154961,9911,164872,723
2022-07-15,Santa Barbara,083,443738,98268,97600,5835,103435,702
2022-07-15,Santa Clara,085,1922200,398734,395466,17313,412779,2371
2022-07-15,Santa Cruz,087,273765,58030,57531,2985,60516,267
2022-07-15,Shasta,089,179085,33094,32871,6777,39648,575
2022-07-15,Sierra,091,2930,293,291,59,350,4
2022-07-15,Siskiyou,093,43540,4922,4899,3106,8005,83
2022-07-15,Solano,095,438530,97484,96974,7098,104072,457
2022-07-15,Sonoma,097,501317,100273,99679,4579,104258,499
2022-07-15,Stanislaus,099,539301,129184,128436,19591,148027,1692
2022-07-15,Sutter,101,95872,22548,22452,2403,24855,228
2022-07-15,Tehama,103,63373,12935,12860,2865,15725,205
2022-07-15,Trinity,105,12862,1319,1304,324,1628,20
2022-07-15,Tulare,107,460477,115040,114399,32687,147086,1510
2022-07-15,Tuolumne,109,53932,14396,14280,851,15131,196
2022-07-15,Ventura,111,848112,195282,193965,12796,206761,1519
2022-07-15,Yolo,113,214977,44980,44703,4019,48722,324
2022-07-15,Yuba,115,75493,17647,17567,1536,19103,124
2022-07-14,Alameda,001,1643700,320359,318442,18398,336840,1911
2022-07-14,Alpine,003,1148,130,130,1,131,0
2022-07-14,Amador,005,37829,9486,9437,803,10240,87
2022-07-14,Butte,007,227075,36788,36644,7927,44571,440
2022-07-14,Calaveras,009,45235,8026,7994,449,8443,126
2022-07-14,Colusa,011,21464,3624,3617,1193,4810,22
2022-07-14,Contra Costa,013,1133247,230027,228634,17906,246540,1356
2022-07-14,Del Norte,015,27424,7052,6860,386,7246,54
2022-07-14,El Dorado,017,186661,30590,30461,3891,34352,219
2022-07-14,Fresno,019,978130,255521,254088,27187,281275,2790
2022-07-14,Glenn,021,27897,5286,5273,1765,7038,48
2022-07-14,Humboldt,023,135768,20124,20016,4127,24143,150
2022-07-14,Imperial,025,180216,61096,60550,12828,73378,944
2022-07-14,Inyo,027,18085,4352,4343,747,5090,56
2022-07-14,Kern,029,883053,207508,206466,53038,259504,2364
2022-07-14,Kings,031,150075,55730,55432,3872,59304,449
2022-07-14,Lake,033,64148,11872,11835,1048,12883,141
2022-07-14,Lassen,035,31185,9463,9425,966,10391,64
2022-07-14,Los Angeles,037,10098052,3066363,3042708,154249,3196957,32248
2022-07-14,Madera,039,155013,40820,40627,7032,47659,372
2022-07-14,Marin,041,260295,42061,41829,4856,46685,300
2022-07-14,Mariposa,043,17540,2885,2866,288,3154,30
2022-07-14,Mendocino,045,87422,14882,14799,3925,18724,131
2022-07-14,Merced,047,269075,67728,67416,10119,77535,833
2022-07-14,Modoc,049,8938,824,799,287,1086,9
2022-07-14,Mono,051,14174,3134,3131,203,3334,7
2022-07-14,Monterey,053,433212,88533,88118,18179,106297,747
2022-07-14,Napa,055,140530,30319,30176,1333,31509,145
2022-07-14,Nevada,057,99092,18000,17941,1551,19492,131
2022-07-14,Orange,059,3164182,623398,620414,53220,673634,7161
2022-07-14,Placer,061,380077,71540,71232,8602,79834,637
2022-07-14,Plumas,063,18699,3425,3406,415,3821,13
2022-07-14,Riverside,065,2383286,651284,647328,32144,679472,6508
2022-07-14,Sacramento,067,1510023,324162,322788,32194,354982,3119
2022-07-14,San Benito,069,59416,14934,14869,778,15647,100
2022-07-14,San Bernardino,071,2135413,622027,618482,27856,646338,7914
2022-07-14,San Diego,073,3302833,862666,857262,64045,921307,5370
2022-07-14,San Francisco,075,870044,165877,164853,11110,175963,928
2022-07-14,San Joaquin,077,732212,185024,184187,12651,196838,2262
2022-07-14,San Luis Obispo,079,281455,59651,59437,6164,65601,499
2022-07-14,San Mateo,081,765935,156027,154961,9911,164872,723
2022-07-14,Santa Barbara,083,443738,98111,97600,5835,103435,702
2022-07-14,Santa Clara,085,1922200,397983,395466,17313,412779,2371
2022-07-14,Santa Cruz,087,273765,57954,57531,2985,60516,267
2022-07-14,Shasta,089,179085,33054,32871,6777,39648,575
2022-07-14,Sierra,091,2930,293,291,59,350,4
2022-07-14,Siskiyou,093,43540,4915,4899,3106,8005,83
2022-07-14,Solano,095,438530,97339,96974,7098,104072,457
2022-07-14,Sonoma,097,501317,100145,99679,4579,104258,499
2022-07-14,Stanislaus,099,539301,128996,128436,19591,148027,1692
2022-07-14,Sutter,101,95872,22523,22452,2403,24855,228
2022-07-14,Tehama,103,63373,12918,12860,2865,15725,205
2022-07-14,Trinity,105,12862,1319,1304,324,1628,20
2022-07-14,Tulare,107,460477,114917,114399,32687,147086,1510
2022-07-14,Tuolumne,109,53932,14361,14280,851,15131,196
2022-07-14,Ventura,111,848112,194994,193965,12796,206761,1519
2022-07-14,Yolo,113,214977,44916,44703,4019,48722,324
2022-07-14,Yuba,115,75493,17620,17567,1536,19103,124
2022-07-13,Alameda,001,1643700,319653,316026,18398,334424,1911
2022-07-13,Alpine,003,1148,130,129,1,130,0
2022-07-13,Amador,005,37829,9476,9388,803,10191,87
2022-07-13,Butte,007,227075,36724,36405,7927,44332,439
2022-07-13,Calaveras,009,45235,8016,7945,449,8394,125
2022-07-13,Colusa,011,21464,3622,3606,1193,4799,22
2022-07-13,Contra Costa,013,1133247,229578,226833,17906,244739,1356
2022-07-13,Del Norte,015,27424,7034,6790,386,7176,54
2022-07-13,El Dorado,017,186661,30543,30273,3891,34164,218
2022-07-13,Fresno,019,978130,255007,252573,27187,279760,2786
2022-07-13,Glenn,021,27897,5281,5256,1765,7021,48
2022-07-13,Humboldt,023,135768,20096,19854,4127,23981,150
2022-07-13,Imperial,025,180216,60943,60011,12828,72839,944
2022-07-13,Inyo,027,18085,4351,4324,747,5071,56
2022-07-13,Kern,029,883053,207171,205428,53038,258466,2359
2022-07-13,Kings,031,150075,55624,55138,3872,59010,449
2022-07-13,Lake,033,64148,11855,11773,1048,12821,140
2022-07-13,Lassen,035,31185,9441,9381,966,10347,64
2022-07-13,Los Angeles,037,10098052,3060076,3024953,154249,3179202,32206
2022-07-13,Madera,039,155013,40759,40378,7032,47410,372
2022-07-13,Marin,041,260295,41999,41616,4856,46472,300
2022-07-13,Mariposa,043,17540,2880,2847,288,3135,30
2022-07-13,Mendocino,045,87422,14862,14713,3925,18638,128
2022-07-13,Merced,047,269075,67609,67028,10119,77147,832
2022-07-13,Modoc,049,8938,824,791,287,1078,9
2022-07-13,Mono,051,14174,3134,3131,203,3334,7
2022-07-13,Monterey,053,433212,88392,87575,18179,105754,745
2022-07-13,Napa,055,140530,30286,30032,1333,31365,145
2022-07-13,Nevada,057,99092,17984,17849,1551,19400,131
2022-07-13,Orange,059,3164182,622097,616278,53220,669498,7147
2022-07-13,Placer,061,380077,71441,70890,8602,79492,637
2022-07-13,Plumas,063,18699,3419,3354,415,3769,13
2022-07-13,Riverside,065,2383286,650182,643472,32144,675616,6504
2022-07-13,Sacramento,067,1510023,323655,321076,32194,353270,3114
2022-07-13,San Benito,069,59416,14907,14774,778,15552,100
2022-07-13,San Bernardino,071,2135413,620974,614957,27856,642813,7907
2022-07-13,San Diego,073,3302833,860810,851596,64045,915641,5363
2022-07-13,San Francisco,075,870044,165494,163635,11110,174745,919
2022-07-13,San Joaquin,077,732212,184724,183283,12651,195934,2260
2022-07-13,San Luis Obispo,079,281455,59549,59134,6164,65298,498
2022-07-13,San Mateo,081,765935,155712,153875,9911,163786,723
2022-07-13,Santa Barbara,083,443738,97942,97053,5835,102888,699
2022-07-13,Santa Clara,085,1922200,397170,392415,17313,409728,2365
2022-07-13,Santa Cruz,087,273765,57831,57124,2985,60109,267
2022-07-13,Shasta,089,179085,32997,32708,6777,39485,574
2022-07-13,Sierra,091,2930,293,289,59,348,4
2022-07-13,Siskiyou,093,43540,4908,4873,3106,7979,82
2022-07-13,Solano,095,438530,97172,96479,7098,103577,455
2022-07-13,Sonoma,097,501317,100005,99173,4579,103752,499
2022-07-13,Stanislaus,099,539301,128808,127845,19591,147436,1689
2022-07-13,Sutter,101,95872,22476,22331,2403,24734,228
2022-07-13,Tehama,103,63373,12909,12793,2865,15658,205
2022-07-13,Trinity,105,12862,1318,1293,324,1617,20
2022-07-13,Tulare,107,460477,114743,113830,32687,146517,1508
2022-07-13,Tuolumne,109,53932,14344,14159,851,15010,194
2022-07-13,Ventura,111,848112,194711,192923,12796,205719,1518
2022-07-13,Yolo,113,214977,44858,44447,4019,48466,326
2022-07-13,Yuba,115,75493,17593,17464,1536,19000,124
2022-07-12,Alameda,001,1643700,318926,316026,18398,334424,1911
2022-07-12,Alpine,003,1148,130,129,1,130,0
2022-07-12,Amador,005,37829,9444,9388,802,10190,87
2022-07-12,Butte,007,227075,36662,36405,7927,44332,439
2022-07-12,Calaveras,009,45235,8005,7945,449,8394,125
2022-07-12,Colusa,011,21464,3618,3606,1190,4796,22
2022-07-12,Contra Costa,013,1133247,229108,226833,17906,244739,1356
2022-07-12,Del Norte,015,27424,6987,6790,386,7176,54
2022-07-12,El Dorado,017,186661,30506,30273,3891,34164,218
2022-07-12,Fresno,019,978130,254516,252573,27187,279760,2786
2022-07-12,Glenn,021,27897,5280,5256,1765,7021,48
2022-07-12,Humboldt,023,135768,20047,19854,4127,23981,150
2022-07-12,Imperial,025,180216,60765,60011,12828,72839,944
2022-07-12,Inyo,027,18085,4345,4324,747,5071,56
2022-07-12,Kern,029,883053,206897,205428,53029,258457,2359
2022-07-12,Kings,031,150075,55514,55138,3869,59007,449
2022-07-12,Lake,033,64148,11843,11773,1048,12821,140
2022-07-12,Lassen,035,31185,9428,9381,966,10347,64
2022-07-12,Los Angeles,037,10098052,3053354,3024953,154222,3179175,32206
2022-07-12,Madera,039,155013,40678,40378,7032,47410,372
2022-07-12,Marin,041,260295,41935,41616,4856,46472,300
2022-07-12,Mariposa,043,17540,2870,2847,288,3135,30
2022-07-12,Mendocino,045,87422,14827,14713,3925,18638,128
2022-07-12,Merced,047,269075,67511,67028,10116,77144,832
2022-07-12,Modoc,049,8938,824,791,287,1078,9
2022-07-12,Mono,051,14174,3130,3131,203,3334,7
2022-07-12,Monterey,053,433212,88252,87575,18179,105754,745
2022-07-12,Napa,055,140530,30238,30032,1333,31365,145
2022-07-12,Nevada,057,99092,17964,17849,1551,19400,131
2022-07-12,Orange,059,3164182,620741,616278,53220,669498,7147
2022-07-12,Placer,061,380077,71338,70890,8602,79492,637
2022-07-12,Plumas,063,18699,3413,3354,414,3768,13
2022-07-12,Riverside,065,2383286,649027,643472,32138,675610,6504
2022-07-12,Sacramento,067,1510023,323079,321076,32193,353269,3114
2022-07-12,San Benito,069,59416,14862,14774,778,15552,100
2022-07-12,San Bernardino,071,2135413,619730,614957,27855,642812,7907
2022-07-12,San Diego,073,3302833,858574,851596,63753,915349,5363
2022-07-12,San Francisco,075,870044,165106,163635,11110,174745,919
2022-07-12,San Joaquin,077,732212,184422,183283,12649,195932,2260
2022-07-12,San Luis Obispo,079,281455,59475,59134,6161,65295,498
2022-07-12,San Mateo,081,765935,155337,153875,9911,163786,723
2022-07-12,Santa Barbara,083,443738,97738,97053,5834,102887,699
2022-07-12,Santa Clara,085,1922200,396274,392415,17313,409728,2365
2022-07-12,Santa Cruz,087,273765,57698,57124,2985,60109,267
2022-07-12,Shasta,089,179085,32940,32708,6777,39485,574
2022-07-12,Sierra,091,2930,292,289,59,348,4
2022-07-12,Siskiyou,093,43540,4900,4873,3106,7979,82
2022-07-12,Solano,095,438530,96998,96479,7098,103577,455
2022-07-12,Sonoma,097,501317,99854,99173,4579,103752,499
2022-07-12,Stanislaus,099,539301,128579,127845,19575,147420,1689
2022-07-12,Sutter,101,95872,22444,22331,2403,24734,228
2022-07-12,Tehama,103,63373,12890,12793,2863,15656,205
2022-07-12,Trinity,105,12862,1311,1293,324,1617,20
2022-07-12,Tulare,107,460477,114556,113830,32681,146511,1508
2022-07-12,Tuolumne,109,53932,14311,14159,851,15010,194
2022-07-12,Ventura,111,848112,194414,192923,12774,205697,1518
2022-07-12,Yolo,113,214977,44790,44447,4019,48466,326
2022-07-12,Yuba,115,75493,17566,17464,1525,18989,124
2022-07-11,Alameda,001,1643700,318036,316026,18397,334423,1911
2022-07-11,Alpine,003,1148,130,129,1,130,0
2022-07-11,Amador,005,37829,9436,9388,799,10187,87
2022-07-11,Butte,007,227075,36599,36405,7927,44332,439
2022-07-11,Calaveras,009,45235,7990,7945,448,8393,125
2022-07-11,Colusa,011,21464,3615,3606,1187,4793,22
2022-07-11,Contra Costa,013,1133247,228649,226833,17906,244739,1356
2022-07-11,Del Norte,015,27424,6956,6790,386,7176,54
2022-07-11,El Dorado,017,186661,30451,30273,3891,34164,218
2022-07-11,Fresno,019,978130,253873,252573,27186,279759,2786
2022-07-11,Glenn,021,27897,5278,5256,1763,7019,48
2022-07-11,Humboldt,023,135768,19990,19854,4126,23980,150
2022-07-11,Imperial,025,180216,60606,60011,12827,72838,944
2022-07-11,Inyo,027,18085,4342,4324,747,5071,56
2022-07-11,Kern,029,883053,206599,205428,53028,258456,2359
2022-07-11,Kings,031,150075,55364,55138,3864,59002,449
2022-07-11,Lake,033,64148,11817,11773,1048,12821,140
2022-07-11,Lassen,035,31185,9422,9381,966,10347,64
2022-07-11,Los Angeles,037,10098052,3046064,3024953,153840,3178793,32206
2022-07-11,Madera,039,155013,40593,40378,7032,47410,372
2022-07-11,Marin,041,260295,41851,41616,4855,46471,300
2022-07-11,Mariposa,043,17540,2862,2847,288,3135,30
2022-07-11,Mendocino,045,87422,14789,14713,3925,18638,128
2022-07-11,Merced,047,269075,67387,67028,10104,77132,832
2022-07-11,Modoc,049,8938,820,791,287,1078,9
2022-07-11,Mono,051,14174,3130,3131,203,3334,7
2022-07-11,Monterey,053,433212,88101,87575,18173,105748,745
2022-07-11,Napa,055,140530,30175,30032,1332,31364,145
2022-07-11,Nevada,057,99092,17947,17849,1551,19400,131
2022-07-11,Orange,059,3164182,619220,616278,53219,669497,7147
2022-07-11,Placer,061,380077,71242,70890,8598,79488,637
2022-07-11,Plumas,063,18699,3402,3354,414,3768,13
2022-07-11,Riverside,065,2383286,647660,643472,32137,675609,6504
2022-07-11,Sacramento,067,1510023,322560,321076,32191,353267,3114
2022-07-11,San Benito,069,59416,14826,14774,778,15552,100
2022-07-11,San Bernardino,071,2135413,618443,614957,27855,642812,7907
2022-07-11,San Diego,073,3302833,856259,851596,63469,915065,5363
2022-07-11,San Francisco,075,870044,164705,163635,11110,174745,919
2022-07-11,San Joaquin,077,732212,184067,183283,12642,195925,2260
2022-07-11,San Luis Obispo,079,281455,59367,59134,6146,65280,498
2022-07-11,San Mateo,081,765935,154952,153875,9911,163786,723
2022-07-11,Santa Barbara,083,443738,97535,97053,5834,102887,699
2022-07-11,Santa Clara,085,1922200,395269,392415,17313,409728,2365
2022-07-11,Santa Cruz,087,273765,57557,57124,2984,60108,267
2022-07-11,Shasta,089,179085,32891,32708,6777,39485,574
2022-07-11,Sierra,091,2930,292,289,59,348,4
2022-07-11,Siskiyou,093,43540,4892,4873,3106,7979,82
2022-07-11,Solano,095,438530,96832,96479,7098,103577,455
2022-07-11,Sonoma,097,501317,99671,99173,4578,103751,499
2022-07-11,Stanislaus,099,539301,128361,127845,19552,147397,1689
2022-07-11,Sutter,101,95872,22402,22331,2403,24734,228
2022-07-11,Tehama,103,63373,12878,12793,2861,15654,205
2022-07-11,Trinity,105,12862,1309,1293,324,1617,20
2022-07-11,Tulare,107,460477,114371,113830,32665,146495,1508
2022-07-11,Tuolumne,109,53932,14273,14159,851,15010,194
2022-07-11,Ventura,111,848112,194047,192923,12747,205670,1518
2022-07-11,Yolo,113,214977,44724,44447,4019,48466,326
2022-07-11,Yuba,115,75493,17531,17464,1523,18987,124
2022-07-10,Alameda,001,1643700,317106,312651,18391,331042,1912
2022-07-10,Alpine,003,1148,130,129,1,130,0
2022-07-10,Amador,005,37829,9426,9335,798,10133,87
2022-07-10,Butte,007,227075,36496,36165,7927,44092,438
2022-07-10,Calaveras,009,45235,7979,7895,448,8343,125
2022-07-10,Colusa,011,21464,3612,3586,1180,4766,22
2022-07-10,Contra Costa,013,1133247,228056,224718,17906,242624,1351
2022-07-10,Del Norte,015,27424,6915,6666,386,7052,54
2022-07-10,El Dorado,017,186661,30368,30070,3889,33959,218
2022-07-10,Fresno,019,978130,253226,250379,27186,277565,2786
2022-07-10,Glenn,021,27897,5274,5231,1761,6992,48
2022-07-10,Humboldt,023,135768,19932,19677,4124,23801,149
2022-07-10,Imperial,025,180216,60392,59558,12812,72370,944
2022-07-10,Inyo,027,18085,4337,4297,747,5044,56
2022-07-10,Kern,029,883053,206112,204128,53027,257155,2359
2022-07-10,Kings,031,150075,55182,54725,3863,58588,449
2022-07-10,Lake,033,64148,11794,11685,1048,12733,140
2022-07-10,Lassen,035,31185,9407,9362,966,10328,64
2022-07-10,Los Angeles,037,10098052,3038658,3002013,153261,3155274,32151
2022-07-10,Madera,039,155013,40490,40081,7032,47113,372
2022-07-10,Marin,041,260295,41758,41271,4848,46119,302
2022-07-10,Mariposa,043,17540,2855,2805,288,3093,30
2022-07-10,Mendocino,045,87422,14762,14610,3925,18535,128
2022-07-10,Merced,047,269075,67236,66616,10103,76719,832
2022-07-10,Modoc,049,8938,820,789,287,1076,9
2022-07-10,Mono,051,14174,3130,3119,203,3322,7
2022-07-10,Monterey,053,433212,87920,87002,18167,105169,745
2022-07-10,Napa,055,140530,30114,29807,1332,31139,145
2022-07-10,Nevada,057,99092,17888,17693,1551,19244,131
2022-07-10,Orange,059,3164182,617626,610975,53219,664194,7132
2022-07-10,Placer,061,380077,71131,70401,8591,78992,632
2022-07-10,Plumas,063,18699,3389,3339,414,3753,13
2022-07-10,Riverside,065,2383286,646095,638193,32128,670321,6506
2022-07-10,Sacramento,067,1510023,321862,318556,32187,350743,3108
2022-07-10,San Benito,069,59416,14792,14628,778,15406,100
2022-07-10,San Bernardino,071,2135413,617054,610086,27855,637941,7893
2022-07-10,San Diego,073,3302833,853808,844085,63235,907320,5357
2022-07-10,San Francisco,075,870044,164177,161931,11109,173040,914
2022-07-10,San Joaquin,077,732212,183700,181958,12635,194593,2257
2022-07-10,San Luis Obispo,079,281455,59259,58636,6136,64772,498
2022-07-10,San Mateo,081,765935,154499,152319,9911,162230,723
2022-07-10,Santa Barbara,083,443738,97312,96266,5833,102099,697
2022-07-10,Santa Clara,085,1922200,394175,388270,17312,405582,2360
2022-07-10,Santa Cruz,087,273765,57368,56455,2984,59439,266
2022-07-10,Shasta,089,179085,32834,32536,6777,39313,576
2022-07-10,Sierra,091,2930,290,291,59,350,4
2022-07-10,Siskiyou,093,43540,4887,4855,3104,7959,82
2022-07-10,Solano,095,438530,96605,95651,7096,102747,455
2022-07-10,Sonoma,097,501317,99474,98430,4576,103006,496
2022-07-10,Stanislaus,099,539301,128131,126897,19523,146420,1686
2022-07-10,Sutter,101,95872,22357,22165,2403,24568,228
2022-07-10,Tehama,103,63373,12855,12716,2858,15574,205
2022-07-10,Trinity,105,12862,1303,1272,324,1596,20
2022-07-10,Tulare,107,460477,114126,113002,32634,145636,1508
2022-07-10,Tuolumne,109,53932,14240,14019,850,14869,194
2022-07-10,Ventura,111,848112,193601,191462,12724,204186,1518
2022-07-10,Yolo,113,214977,44646,44152,4018,48170,323
2022-07-10,Yuba,115,75493,17492,17345,1523,18868,125
2022-07-09,Alameda,001,1643700,316668,312651,18369,331020,1912
2022-07-09,Alpine,003,1148,130,129,1,130,0
2022-07-09,Amador,005,37829,9418,9335,797,10132,87
2022-07-09,Butte,007,227075,36461,36165,7914,44079,438
2022-07-09,Calaveras,009,45235,7964,7895,447,8342,125
2022-07-09,Colusa,011,21464,3611,3586,1180,4766,22
2022-07-09,Contra Costa,013,1133247,227764,224718,17868,242586,1351
2022-07-09,Del Norte,015,27424,6906,6666,386,7052,54
2022-07-09,El Dorado,017,186661,30327,30070,3889,33959,218
2022-07-09,Fresno,019,978130,252980,250379,27181,277560,2786
2022-07-09,Glenn,021,27897,5264,5231,1761,6992,48
2022-07-09,Humboldt,023,135768,19913,19677,4117,23794,149
2022-07-09,Imperial,025,180216,60314,59558,12809,72367,944
2022-07-09,Inyo,027,18085,4331,4297,747,5044,56
2022-07-09,Kern,029,883053,205947,204128,53019,257147,2359
2022-07-09,Kings,031,150075,55142,54725,3862,58587,449
2022-07-09,Lake,033,64148,11786,11685,1048,12733,140
2022-07-09,Lassen,035,31185,9406,9362,965,10327,64
2022-07-09,Los Angeles,037,10098052,3035481,3002013,152913,3154926,32151
2022-07-09,Madera,039,155013,40451,40081,7030,47111,372
2022-07-09,Marin,041,260295,41703,41271,4838,46109,302
2022-07-09,Mariposa,043,17540,2850,2805,288,3093,30
2022-07-09,Mendocino,045,87422,14747,14610,3916,18526,128
2022-07-09,Merced,047,269075,67185,66616,10102,76718,832
2022-07-09,Modoc,049,8938,819,789,287,1076,9
2022-07-09,Mono,051,14174,3129,3119,203,3322,7
2022-07-09,Monterey,053,433212,87825,87002,18148,105150,745
2022-07-09,Napa,055,140530,30084,29807,1332,31139,145
2022-07-09,Nevada,057,99092,17877,17693,1550,19243,131
2022-07-09,Orange,059,3164182,616807,610975,53116,664091,7132
2022-07-09,Placer,061,380077,71043,70401,8588,78989,632
2022-07-09,Plumas,063,18699,3382,3339,414,3753,13
2022-07-09,Riverside,065,2383286,645231,638193,32104,670297,6506
2022-07-09,Sacramento,067,1510023,321562,318556,32179,350735,3108
2022-07-09,San Benito,069,59416,14772,14628,778,15406,100
2022-07-09,San Bernardino,071,2135413,616393,610086,27833,637919,7893
2022-07-09,San Diego,073,3302833,852957,844085,63175,907260,5357
2022-07-09,San Francisco,075,870044,163953,161931,11104,173035,914
2022-07-09,San Joaquin,077,732212,183537,181958,12626,194584,2257
2022-07-09,San Luis Obispo,079,281455,59203,58636,6120,64756,498
2022-07-09,San Mateo,081,765935,154260,152319,9894,162213,723
2022-07-09,Santa Barbara,083,443738,97188,96266,5831,102097,697
2022-07-09,Santa Clara,085,1922200,393466,388270,17297,405567,2360
2022-07-09,Santa Cruz,087,273765,57298,56455,2978,59433,266
2022-07-09,Shasta,089,179085,32814,32536,6777,39313,576
2022-07-09,Sierra,091,2930,290,291,59,350,4
2022-07-09,Siskiyou,093,43540,4883,4855,3104,7959,82
2022-07-09,Solano,095,438530,96525,95651,7090,102741,455
2022-07-09,Sonoma,097,501317,99388,98430,4573,103003,496
2022-07-09,Stanislaus,099,539301,127969,126897,19499,146396,1686
2022-07-09,Sutter,101,95872,22327,22165,2403,24568,228
2022-07-09,Tehama,103,63373,12838,12716,2856,15572,205
2022-07-09,Trinity,105,12862,1303,1272,324,1596,20
2022-07-09,Tulare,107,460477,114015,113002,32602,145604,1508
2022-07-09,Tuolumne,109,53932,14203,14019,850,14869,194
2022-07-09,Ventura,111,848112,193362,191462,12708,204170,1518
2022-07-09,Yolo,113,214977,44599,44152,4012,48164,323
2022-07-09,Yuba,115,75493,17470,17345,1522,18867,125
2022-07-08,Alameda,001,1643700,316188,312651,18319,330970,1912
2022-07-08,Alpine,003,1148,130,129,1,130,0
2022-07-08,Amador,005,37829,9408,9335,797,10132,87
2022-07-08,Butte,007,227075,36437,36165,7906,44071,438
2022-07-08,Calaveras,009,45235,7950,7895,447,8342,125
2022-07-08,Colusa,011,21464,3607,3586,1180,4766,22
2022-07-08,Contra Costa,013,1133247,227424,224718,17830,242548,1351
2022-07-08,Del Norte,015,27424,6894,6666,385,7051,54
2022-07-08,El Dorado,017,186661,30303,30070,3883,33953,218
2022-07-08,Fresno,019,978130,252623,250379,27150,277529,2786
2022-07-08,Glenn,021,27897,5259,5231,1760,6991,48
2022-07-08,Humboldt,023,135768,19902,19677,4108,23785,149
2022-07-08,Imperial,025,180216,60241,59558,12804,72362,944
2022-07-08,Inyo,027,18085,4330,4297,745,5042,56
2022-07-08,Kern,029,883053,205728,204128,53007,257135,2359
2022-07-08,Kings,031,150075,55101,54725,3860,58585,449
2022-07-08,Lake,033,64148,11770,11685,1048,12733,140
2022-07-08,Lassen,035,31185,9399,9362,963,10325,64
2022-07-08,Los Angeles,037,10098052,3031440,3002013,152502,3154515,32151
2022-07-08,Madera,039,155013,40399,40081,7020,47101,372
2022-07-08,Marin,041,260295,41618,41271,4823,46094,302
2022-07-08,Mariposa,043,17540,2847,2805,287,3092,30
2022-07-08,Mendocino,045,87422,14729,14610,3914,18524,128
2022-07-08,Merced,047,269075,67122,66616,10096,76712,832
2022-07-08,Modoc,049,8938,819,789,287,1076,9
2022-07-08,Mono,051,14174,3127,3119,203,3322,7
2022-07-08,Monterey,053,433212,87716,87002,18129,105131,745
2022-07-08,Napa,055,140530,30060,29807,1332,31139,145
2022-07-08,Nevada,057,99092,17869,17693,1549,19242,131
2022-07-08,Orange,059,3164182,615913,610975,52962,663937,7132
2022-07-08,Placer,061,380077,70969,70401,8579,78980,632
2022-07-08,Plumas,063,18699,3377,3339,414,3753,13
2022-07-08,Riverside,065,2383286,644322,638193,32058,670251,6506
2022-07-08,Sacramento,067,1510023,321132,318556,32162,350718,3108
2022-07-08,San Benito,069,59416,14754,14628,775,15403,100
2022-07-08,San Bernardino,071,2135413,615667,610086,27811,637897,7893
2022-07-08,San Diego,073,3302833,851717,844085,63016,907101,5357
2022-07-08,San Francisco,075,870044,163693,161931,11078,173009,914
2022-07-08,San Joaquin,077,732212,183371,181958,12615,194573,2257
2022-07-08,San Luis Obispo,079,281455,59167,58636,6108,64744,498
2022-07-08,San Mateo,081,765935,153975,152319,9877,162196,723
2022-07-08,Santa Barbara,083,443738,97062,96266,5828,102094,697
2022-07-08,Santa Clara,085,1922200,392713,388270,17281,405551,2360
2022-07-08,Santa Cruz,087,273765,57212,56455,2976,59431,266
2022-07-08,Shasta,089,179085,32785,32536,6774,39310,576
2022-07-08,Sierra,091,2930,290,291,59,350,4
2022-07-08,Siskiyou,093,43540,4878,4855,3104,7959,82
2022-07-08,Solano,095,438530,96411,95651,7076,102727,455
2022-07-08,Sonoma,097,501317,99242,98430,4563,102993,496
2022-07-08,Stanislaus,099,539301,127835,126897,19483,146380,1686
2022-07-08,Sutter,101,95872,22302,22165,2402,24567,228
2022-07-08,Tehama,103,63373,12826,12716,2853,15569,205
2022-07-08,Trinity,105,12862,1301,1272,323,1595,20
2022-07-08,Tulare,107,460477,113889,113002,32556,145558,1508
2022-07-08,Tuolumne,109,53932,14172,14019,846,14865,194
2022-07-08,Ventura,111,848112,193124,191462,12675,204137,1518
2022-07-08,Yolo,113,214977,44548,44152,4009,48161,323
2022-07-08,Yuba,115,75493,17455,17345,1522,18867,125
2022-07-07,Alameda,001,1643700,315414,312651,18243,330894,1912
2022-07-07,Alpine,003,1148,129,129,1,130,0
2022-07-07,Amador,005,37829,9392,9335,793,10128,87
2022-07-07,Butte,007,227075,36384,36165,7888,44053,438
2022-07-07,Calaveras,009,45235,7941,7895,442,8337,125
2022-07-07,Colusa,011,21464,3602,3586,1179,4765,22
2022-07-07,Contra Costa,013,1133247,226883,224718,17754,242472,1351
2022-07-07,Del Norte,015,27424,6868,6666,381,7047,54
2022-07-07,El Dorado,017,186661,30254,30070,3875,33945,218
2022-07-07,Fresno,019,978130,252087,250379,27073,277452,2786
2022-07-07,Glenn,021,27897,5254,5231,1758,6989,48
2022-07-07,Humboldt,023,135768,19856,19677,4098,23775,149
2022-07-07,Imperial,025,180216,60086,59558,12790,72348,944
2022-07-07,Inyo,027,18085,4327,4297,743,5040,56
2022-07-07,Kern,029,883053,205442,204128,52961,257089,2359
2022-07-07,Kings,031,150075,55022,54725,3855,58580,449
2022-07-07,Lake,033,64148,11748,11685,1048,12733,140
2022-07-07,Lassen,035,31185,9398,9362,963,10325,64
2022-07-07,Los Angeles,037,10098052,3025293,3002013,151925,3153938,32151
2022-07-07,Madera,039,155013,40317,40081,7003,47084,372
2022-07-07,Marin,041,260295,41539,41271,4814,46085,302
2022-07-07,Mariposa,043,17540,2840,2805,285,3090,30
2022-07-07,Mendocino,045,87422,14713,14610,3909,18519,128
2022-07-07,Merced,047,269075,67009,66616,10061,76677,832
2022-07-07,Modoc,049,8938,814,789,285,1074,9
2022-07-07,Mono,051,14174,3127,3119,203,3322,7
2022-07-07,Monterey,053,433212,87560,87002,18077,105079,745
2022-07-07,Napa,055,140530,29991,29807,1325,31132,145
2022-07-07,Nevada,057,99092,17839,17693,1549,19242,131
2022-07-07,Orange,059,3164182,614532,610975,52760,663735,7132
2022-07-07,Placer,061,380077,70861,70401,8562,78963,632
2022-07-07,Plumas,063,18699,3370,3339,413,3752,13
2022-07-07,Riverside,065,2383286,643013,638193,31993,670186,6506
2022-07-07,Sacramento,067,1510023,320501,318556,32121,350677,3108
2022-07-07,San Benito,069,59416,14724,14628,774,15402,100
2022-07-07,San Bernardino,071,2135413,614377,610086,27757,637843,7893
2022-07-07,San Diego,073,3302833,849817,844085,62798,906883,5357
2022-07-07,San Francisco,075,870044,163315,161931,11035,172966,914
2022-07-07,San Joaquin,077,732212,183044,181958,12589,194547,2257
2022-07-07,San Luis Obispo,079,281455,59095,58636,6073,64709,498
2022-07-07,San Mateo,081,765935,153642,152319,9865,162184,723
2022-07-07,Santa Barbara,083,443738,96868,96266,5818,102084,697
2022-07-07,Santa Clara,085,1922200,391746,388270,17230,405500,2360
2022-07-07,Santa Cruz,087,273765,57056,56455,2960,59415,266
2022-07-07,Shasta,089,179085,32751,32536,6760,39296,576
2022-07-07,Sierra,091,2930,289,291,58,349,4
2022-07-07,Siskiyou,093,43540,4872,4855,3100,7955,82
2022-07-07,Solano,095,438530,96174,95651,7059,102710,455
2022-07-07,Sonoma,097,501317,99105,98430,4545,102975,496
2022-07-07,Stanislaus,099,539301,127640,126897,19450,146347,1686
2022-07-07,Sutter,101,95872,22256,22165,2400,24565,228
2022-07-07,Tehama,103,63373,12809,12716,2845,15561,205
2022-07-07,Trinity,105,12862,1296,1272,323,1595,20
2022-07-07,Tulare,107,460477,113681,113002,32466,145468,1508
2022-07-07,Tuolumne,109,53932,14135,14019,837,14856,194
2022-07-07,Ventura,111,848112,192809,191462,12597,204059,1518
2022-07-07,Yolo,113,214977,44491,44152,4005,48157,323
2022-07-07,Yuba,115,75493,17421,17345,1521,18866,125
2022-07-06,Alameda,001,1643700,314584,310551,18172,328723,1899
2022-07-06,Alpine,003,1148,129,129,1,130,0
2022-07-06,Amador,005,37829,9373,9301,792,10093,87
2022-07-06,Butte,007,227075,36328,36053,7871,43924,436
2022-07-06,Calaveras,009,45235,7932,7873,440,8313,124
2022-07-06,Colusa,011,21464,3599,3579,1177,4756,22
2022-07-06,Contra Costa,013,1133247,226373,223500,17699,241199,1348
2022-07-06,Del Norte,015,27424,6836,6623,379,7002,54
2022-07-06,El Dorado,017,186661,30213,29953,3864,33817,218
2022-07-06,Fresno,019,978130,251532,249480,27012,276492,2786
2022-07-06,Glenn,021,27897,5249,5222,1758,6980,48
2022-07-06,Humboldt,023,135768,19810,19608,4088,23696,149
2022-07-06,Imperial,025,180216,59892,59184,12692,71876,944
2022-07-06,Inyo,027,18085,4321,4282,739,5021,56
2022-07-06,Kern,029,883053,205132,203587,52881,256468,2353
2022-07-06,Kings,031,150075,54908,54560,3849,58409,449
2022-07-06,Lake,033,64148,11730,11659,1048,12707,140
2022-07-06,Lassen,035,31185,9381,9350,962,10312,64
2022-07-06,Los Angeles,037,10098052,3019028,2991161,151286,3142447,32116
2022-07-06,Madera,039,155013,40245,39952,6976,46928,372
2022-07-06,Marin,041,260295,41474,41036,4804,45840,302
2022-07-06,Mariposa,043,17540,2831,2797,285,3082,30
2022-07-06,Mendocino,045,87422,14685,14540,3897,18437,127
2022-07-06,Merced,047,269075,66886,66420,10035,76455,832
2022-07-06,Modoc,049,8938,809,788,285,1073,8
2022-07-06,Mono,051,14174,3124,3109,203,3312,7
2022-07-06,Monterey,053,433212,87402,86639,18014,104653,744
2022-07-06,Napa,055,140530,29930,29690,1323,31013,144
2022-07-06,Nevada,057,99092,17810,17660,1544,19204,131
2022-07-06,Orange,059,3164182,613004,608084,52542,660626,7125
2022-07-06,Placer,061,380077,70749,70113,8546,78659,632
2022-07-06,Plumas,063,18699,3359,3316,412,3728,13
2022-07-06,Riverside,065,2383286,641665,636209,31916,668125,6505
2022-07-06,Sacramento,067,1510023,319820,317315,32078,349393,3104
2022-07-06,San Benito,069,59416,14682,14556,760,15316,100
2022-07-06,San Bernardino,071,2135413,613156,608119,27689,635808,7870
2022-07-06,San Diego,073,3302833,847693,839970,62559,902529,5349
2022-07-06,San Francisco,075,870044,162898,160612,11012,171624,910
2022-07-06,San Joaquin,077,732212,182731,181448,12554,194002,2256
2022-07-06,San Luis Obispo,079,281455,58992,58488,6030,64518,496
2022-07-06,San Mateo,081,765935,153251,151344,9831,161175,723
2022-07-06,Santa Barbara,083,443738,96678,95918,5801,101719,702
2022-07-06,Santa Clara,085,1922200,390659,385553,17167,402720,2358
2022-07-06,Santa Cruz,087,273765,56914,56307,2945,59252,267
2022-07-06,Shasta,089,179085,32700,32444,6741,39185,570
2022-07-06,Sierra,091,2930,289,290,58,348,4
2022-07-06,Siskiyou,093,43540,4865,4841,3095,7936,82
2022-07-06,Solano,095,438530,95955,95181,7036,102217,455
2022-07-06,Sonoma,097,501317,98930,98031,4535,102566,495
2022-07-06,Stanislaus,099,539301,127420,126492,19421,145913,1682
2022-07-06,Sutter,101,95872,22204,22089,2399,24488,228
2022-07-06,Tehama,103,63373,12798,12680,2839,15519,205
2022-07-06,Trinity,105,12862,1288,1263,321,1584,20
2022-07-06,Tulare,107,460477,113463,112684,32362,145046,1500
2022-07-06,Tuolumne,109,53932,14104,13960,823,14783,189
2022-07-06,Ventura,111,848112,192435,190794,12533,203327,1517
2022-07-06,Yolo,113,214977,44408,43171,3988,47159,324
2022-07-06,Yuba,115,75493,17383,17277,1514,18791,124
2022-07-05,Alameda,001,1643700,313602,310551,18092,328643,1899
2022-07-05,Alpine,003,1148,129,129,1,130,0
2022-07-05,Amador,005,37829,9359,9301,789,10090,87
2022-07-05,Butte,007,227075,36245,36053,7849,43902,436
2022-07-05,Calaveras,009,45235,7921,7873,439,8312,124
2022-07-05,Colusa,011,21464,3594,3579,1176,4755,22
2022-07-05,Contra Costa,013,1133247,225746,223500,17620,241120,1348
2022-07-05,Del Norte,015,27424,6809,6623,372,6995,54
2022-07-05,El Dorado,017,186661,30166,29953,3854,33807,218
2022-07-05,Fresno,019,978130,250930,249480,26952,276432,2786
2022-07-05,Glenn,021,27897,5241,5222,1757,6979,48
2022-07-05,Humboldt,023,135768,19767,19608,4075,23683,149
2022-07-05,Imperial,025,180216,59755,59184,12571,71755,944
2022-07-05,Inyo,027,18085,4307,4282,728,5010,56
2022-07-05,Kern,029,883053,204701,203587,52798,256385,2353
2022-07-05,Kings,031,150075,54780,54560,3835,58395,449
2022-07-05,Lake,033,64148,11708,11659,1046,12705,140
2022-07-05,Lassen,035,31185,9370,9350,962,10312,64
2022-07-05,Los Angeles,037,10098052,3012425,2991161,150577,3141738,32116
2022-07-05,Madera,039,155013,40161,39952,6954,46906,372
2022-07-05,Marin,041,260295,41374,41036,4793,45829,302
2022-07-05,Mariposa,043,17540,2820,2797,282,3079,30
2022-07-05,Mendocino,045,87422,14642,14540,3880,18420,127
2022-07-05,Merced,047,269075,66768,66420,10005,76425,832
2022-07-05,Modoc,049,8938,800,788,285,1073,8
2022-07-05,Mono,051,14174,3119,3109,201,3310,7
2022-07-05,Monterey,053,433212,87249,86639,17951,104590,744
2022-07-05,Napa,055,140530,29878,29690,1318,31008,144
2022-07-05,Nevada,057,99092,17773,17660,1535,19195,131
2022-07-05,Orange,059,3164182,611475,608084,52292,660376,7125
2022-07-05,Placer,061,380077,70644,70113,8532,78645,632
2022-07-05,Plumas,063,18699,3349,3316,411,3727,13
2022-07-05,Riverside,065,2383286,640199,636209,31822,668031,6505
2022-07-05,Sacramento,067,1510023,319168,317315,32002,349317,3104
2022-07-05,San Benito,069,59416,14649,14556,754,15310,100
2022-07-05,San Bernardino,071,2135413,611857,608119,27605,635724,7870
2022-07-05,San Diego,073,3302833,845374,839970,62321,902291,5349
2022-07-05,San Francisco,075,870044,162384,160612,10980,171592,910
2022-07-05,San Joaquin,077,732212,182375,181448,12506,193954,2256
2022-07-05,San Luis Obispo,079,281455,58839,58488,5982,64470,496
2022-07-05,San Mateo,081,765935,152775,151344,9808,161152,723
2022-07-05,Santa Barbara,083,443738,96456,95918,5769,101687,702
2022-07-05,Santa Clara,085,1922200,389508,385553,17111,402664,2358
2022-07-05,Santa Cruz,087,273765,56737,56307,2933,59240,267
2022-07-05,Shasta,089,179085,32658,32444,6718,39162,570
2022-07-05,Sierra,091,2930,289,290,58,348,4
2022-07-05,Siskiyou,093,43540,4858,4841,3083,7924,82
2022-07-05,Solano,095,438530,95715,95181,7011,102192,455
2022-07-05,Sonoma,097,501317,98697,98031,4517,102548,495
2022-07-05,Stanislaus,099,539301,127179,126492,19381,145873,1682
2022-07-05,Sutter,101,95872,22162,22089,2397,24486,228
2022-07-05,Tehama,103,63373,12773,12680,2832,15512,205
2022-07-05,Trinity,105,12862,1279,1263,321,1584,20
2022-07-05,Tulare,107,460477,113226,112684,32272,144956,1500
2022-07-05,Tuolumne,109,53932,14070,13960,814,14774,189
2022-07-05,Ventura,111,848112,192043,190794,12464,203258,1517
2022-07-05,Yolo,113,214977,44323,43171,3979,47150,324
2022-07-05,Yuba,115,75493,17354,17277,1512,18789,124
2022-07-04,Alameda,001,1643700,312465,310551,17963,328514,1899
2022-07-04,Alpine,003,1148,129,129,1,130,0
2022-07-04,Amador,005,37829,9347,9301,788,10089,87
2022-07-04,Butte,007,227075,36139,36053,7831,43884,436
2022-07-04,Calaveras,009,45235,7911,7873,439,8312,124
2022-07-04,Colusa,011,21464,3590,3579,1174,4753,22
2022-07-04,Contra Costa,013,1133247,225047,223500,17516,241016,1348
2022-07-04,Del Norte,015,27424,6776,6623,365,6988,54
2022-07-04,El Dorado,017,186661,30082,29953,3837,33790,218
2022-07-04,Fresno,019,978130,250287,249480,26835,276315,2786
2022-07-04,Glenn,021,27897,5233,5222,1751,6973,48
2022-07-04,Humboldt,023,135768,19697,19608,4058,23666,149
2022-07-04,Imperial,025,180216,59544,59184,12429,71613,944
2022-07-04,Inyo,027,18085,4304,4282,719,5001,56
2022-07-04,Kern,029,883053,204270,203587,52698,256285,2353
2022-07-04,Kings,031,150075,54629,54560,3830,58390,449
2022-07-04,Lake,033,64148,11695,11659,1043,12702,140
2022-07-04,Lassen,035,31185,9361,9350,960,10310,64
2022-07-04,Los Angeles,037,10098052,3004371,2991161,149725,3140886,32116
2022-07-04,Madera,039,155013,40066,39952,6935,46887,372
2022-07-04,Marin,041,260295,41257,41036,4779,45815,302
2022-07-04,Mariposa,043,17540,2810,2797,278,3075,30
2022-07-04,Mendocino,045,87422,14606,14540,3842,18382,127
2022-07-04,Merced,047,269075,66638,66420,9956,76376,832
2022-07-04,Modoc,049,8938,792,788,281,1069,8
2022-07-04,Mono,051,14174,3116,3109,198,3307,7
2022-07-04,Monterey,053,433212,87059,86639,17874,104513,744
2022-07-04,Napa,055,140530,29814,29690,1314,31004,144
2022-07-04,Nevada,057,99092,17729,17660,1527,19187,131
2022-07-04,Orange,059,3164182,609685,608084,51995,660079,7125
2022-07-04,Placer,061,380077,70472,70113,8509,78622,632
2022-07-04,Plumas,063,18699,3331,3316,410,3726,13
2022-07-04,Riverside,065,2383286,638566,636209,31701,667910,6505
2022-07-04,Sacramento,067,1510023,318392,317315,31899,349214,3104
2022-07-04,San Benito,069,59416,14593,14556,747,15303,100
2022-07-04,San Bernardino,071,2135413,610277,608119,27525,635644,7870
2022-07-04,San Diego,073,3302833,842776,839970,62011,901981,5349
2022-07-04,San Francisco,075,870044,161781,160612,10917,171529,910
2022-07-04,San Joaquin,077,732212,181977,181448,12438,193886,2256
2022-07-04,San Luis Obispo,079,281455,58654,58488,5911,64399,496
2022-07-04,San Mateo,081,765935,152267,151344,9768,161112,723
2022-07-04,Santa Barbara,083,443738,96236,95918,5744,101662,702
2022-07-04,Santa Clara,085,1922200,388025,385553,17059,402612,2358
2022-07-04,Santa Cruz,087,273765,56539,56307,2914,59221,267
2022-07-04,Shasta,089,179085,32583,32444,6685,39129,570
2022-07-04,Sierra,091,2930,289,290,58,348,4
2022-07-04,Siskiyou,093,43540,4851,4841,3074,7915,82
2022-07-04,Solano,095,438530,95386,95181,6974,102155,455
2022-07-04,Sonoma,097,501317,98404,98031,4501,102532,495
2022-07-04,Stanislaus,099,539301,126889,126492,19322,145814,1682
2022-07-04,Sutter,101,95872,22117,22089,2396,24485,228
2022-07-04,Tehama,103,63373,12748,12680,2819,15499,205
2022-07-04,Trinity,105,12862,1273,1263,320,1583,20
2022-07-04,Tulare,107,460477,112988,112684,32148,144832,1500
2022-07-04,Tuolumne,109,53932,14027,13960,810,14770,189
2022-07-04,Ventura,111,848112,191581,190794,12364,203158,1517
2022-07-04,Yolo,113,214977,44230,43171,3960,47131,324
2022-07-04,Yuba,115,75493,17316,17277,1511,18788,124
2022-07-03,Alameda,001,1643700,311924,307672,17945,325617,1898
2022-07-03,Alpine,003,1148,129,129,1,130,0
2022-07-03,Amador,005,37829,9339,9243,786,10029,87
2022-07-03,Butte,007,227075,36129,35846,7824,43670,436
2022-07-03,Calaveras,009,45235,7895,7836,439,8275,124
2022-07-03,Colusa,011,21464,3587,3566,1172,4738,22
2022-07-03,Contra Costa,013,1133247,224700,221545,17490,239035,1343
2022-07-03,Del Norte,015,27424,6766,6543,363,6906,53
2022-07-03,El Dorado,017,186661,30051,29764,3831,33595,217
2022-07-03,Fresno,019,978130,250051,247952,26806,274758,2783
2022-07-03,Glenn,021,27897,5232,5211,1748,6959,48
2022-07-03,Humboldt,023,135768,19675,19516,4050,23566,149
2022-07-03,Imperial,025,180216,59473,58768,12386,71154,944
2022-07-03,Inyo,027,18085,4300,4261,717,4978,56
2022-07-03,Kern,029,883053,204135,202502,52601,255103,2352
2022-07-03,Kings,031,150075,54604,54262,3827,58089,449
2022-07-03,Lake,033,64148,11685,11595,1043,12638,140
2022-07-03,Lassen,035,31185,9358,9336,959,10295,64
2022-07-03,Los Angeles,037,10098052,3002020,2969395,149442,3118837,32089
2022-07-03,Madera,039,155013,40039,39738,6930,46668,372
2022-07-03,Marin,041,260295,41188,40653,4772,45425,297
2022-07-03,Mariposa,043,17540,2806,2780,278,3058,30
2022-07-03,Mendocino,045,87422,14595,14464,3841,18305,127
2022-07-03,Merced,047,269075,66590,66093,9948,76041,832
2022-07-03,Modoc,049,8938,792,787,281,1068,8
2022-07-03,Mono,051,14174,3115,3099,198,3297,7
2022-07-03,Monterey,053,433212,86955,86212,17815,104027,744
2022-07-03,Napa,055,140530,29794,29486,1312,30798,145
2022-07-03,Nevada,057,99092,17710,17546,1522,19068,131
2022-07-03,Orange,059,3164182,609154,603511,51864,655375,7114
2022-07-03,Placer,061,380077,70381,69606,8498,78104,631
2022-07-03,Plumas,063,18699,3325,3294,410,3704,13
2022-07-03,Riverside,065,2383286,637999,632038,31656,663694,6502
2022-07-03,Sacramento,067,1510023,318116,315165,31884,347049,3100
2022-07-03,San Benito,069,59416,14586,14420,745,15165,100
2022-07-03,San Bernardino,071,2135413,609703,604093,27493,631586,7860
2022-07-03,San Diego,073,3302833,842063,834116,61956,896072,5341
2022-07-03,San Francisco,075,870044,161443,158871,10905,169776,910
2022-07-03,San Joaquin,077,732212,181809,180368,12402,192770,2256
2022-07-03,San Luis Obispo,079,281455,58586,58079,5900,63979,489
2022-07-03,San Mateo,081,765935,151966,149812,9749,159561,723
2022-07-03,Santa Barbara,083,443738,96130,95214,5734,100948,699
2022-07-03,Santa Clara,085,1922200,387313,381630,17029,398659,2355
2022-07-03,Santa Cruz,087,273765,56479,55757,2896,58653,267
2022-07-03,Shasta,089,179085,32549,32280,6675,38955,570
2022-07-03,Sierra,091,2930,288,283,58,341,4
2022-07-03,Siskiyou,093,43540,4847,4808,3072,7880,82
2022-07-03,Solano,095,438530,95312,94437,6968,101405,455
2022-07-03,Sonoma,097,501317,98301,97379,4497,101876,495
2022-07-03,Stanislaus,099,539301,126774,125788,19304,145092,1681
2022-07-03,Sutter,101,95872,22096,21935,2395,24330,228
2022-07-03,Tehama,103,63373,12730,12615,2818,15433,205
2022-07-03,Trinity,105,12862,1272,1256,317,1573,20
2022-07-03,Tulare,107,460477,112892,112118,32105,144223,1500
2022-07-03,Tuolumne,109,53932,14004,13886,807,14693,189
2022-07-03,Ventura,111,848112,191373,189493,12349,201842,1517
2022-07-03,Yolo,113,214977,44187,42760,3956,46716,324
2022-07-03,Yuba,115,75493,17302,17168,1511,18679,124
2022-07-02,Alameda,001,1643700,311565,307672,17920,325592,1898
2022-07-02,Alpine,003,1148,129,129,1,130,0
2022-07-02,Amador,005,37829,9323,9243,785,10028,87
2022-07-02,Butte,007,227075,36105,35846,7811,43657,436
2022-07-02,Calaveras,009,45235,7889,7836,439,8275,124
2022-07-02,Colusa,011,21464,3583,3566,1170,4736,22
2022-07-02,Contra Costa,013,1133247,224358,221545,17443,238988,1343
2022-07-02,Del Norte,015,27424,6756,6543,362,6905,53
2022-07-02,El Dorado,017,186661,30018,29764,3826,33590,217
2022-07-02,Fresno,019,978130,249840,247952,26790,274742,2783
2022-07-02,Glenn,021,27897,5227,5211,1746,6957,48
2022-07-02,Humboldt,023,135768,19650,19516,4046,23562,149
2022-07-02,Imperial,025,180216,59397,58768,12366,71134,944
2022-07-02,Inyo,027,18085,4296,4261,715,4976,56
2022-07-02,Kern,029,883053,203985,202502,52499,255001,2352
2022-07-02,Kings,031,150075,54560,54262,3827,58089,449
2022-07-02,Lake,033,64148,11675,11595,1041,12636,140
2022-07-02,Lassen,035,31185,9357,9336,958,10294,64
2022-07-02,Los Angeles,037,10098052,2999548,2969395,149061,3118456,32089
2022-07-02,Madera,039,155013,40009,39738,6925,46663,372
2022-07-02,Marin,041,260295,41129,40653,4756,45409,297
2022-07-02,Mariposa,043,17540,2803,2780,277,3057,30
2022-07-02,Mendocino,045,87422,14567,14464,3840,18304,127
2022-07-02,Merced,047,269075,66532,66093,9936,76029,832
2022-07-02,Modoc,049,8938,792,787,281,1068,8
2022-07-02,Mono,051,14174,3112,3099,198,3297,7
2022-07-02,Monterey,053,433212,86868,86212,17778,103990,744
2022-07-02,Napa,055,140530,29765,29486,1311,30797,145
2022-07-02,Nevada,057,99092,17696,17546,1516,19062,131
2022-07-02,Orange,059,3164182,608516,603511,51702,655213,7114
2022-07-02,Placer,061,380077,70288,69606,8486,78092,631
2022-07-02,Plumas,063,18699,3316,3294,409,3703,13
2022-07-02,Riverside,065,2383286,637411,632038,31605,663643,6502
2022-07-02,Sacramento,067,1510023,317787,315165,31866,347031,3100
2022-07-02,San Benito,069,59416,14566,14420,733,15153,100
2022-07-02,San Bernardino,071,2135413,609180,604093,27452,631545,7860
2022-07-02,San Diego,073,3302833,841270,834116,61907,896023,5341
2022-07-02,San Francisco,075,870044,161158,158871,10880,169751,910
2022-07-02,San Joaquin,077,732212,181679,180368,12375,192743,2256
2022-07-02,San Luis Obispo,079,281455,58537,58079,5887,63966,489
2022-07-02,San Mateo,081,765935,151706,149812,9726,159538,723
2022-07-02,Santa Barbara,083,443738,96005,95214,5722,100936,699
2022-07-02,Santa Clara,085,1922200,386583,381630,17001,398631,2355
2022-07-02,Santa Cruz,087,273765,56420,55757,2886,58643,267
2022-07-02,Shasta,089,179085,32522,32280,6663,38943,570
2022-07-02,Sierra,091,2930,288,283,58,341,4
2022-07-02,Siskiyou,093,43540,4840,4808,3071,7879,82
2022-07-02,Solano,095,438530,95243,94437,6949,101386,455
2022-07-02,Sonoma,097,501317,98200,97379,4489,101868,495
2022-07-02,Stanislaus,099,539301,126656,125788,19287,145075,1681
2022-07-02,Sutter,101,95872,22077,21935,2395,24330,228
2022-07-02,Tehama,103,63373,12707,12615,2816,15431,205
2022-07-02,Trinity,105,12862,1270,1256,316,1572,20
2022-07-02,Tulare,107,460477,112793,112118,32056,144174,1500
2022-07-02,Tuolumne,109,53932,13991,13886,797,14683,189
2022-07-02,Ventura,111,848112,191202,189493,12323,201816,1517
2022-07-02,Yolo,113,214977,44143,42760,3949,46709,324
2022-07-02,Yuba,115,75493,17290,17168,1511,18679,124
2022-07-01,Alameda,001,1643700,311098,307672,17904,325576,1898
2022-07-01,Alpine,003,1148,129,129,1,130,0
2022-07-01,Amador,005,37829,9318,9243,783,10026,87
2022-07-01,Butte,007,227075,36080,35846,7792,43638,436
2022-07-01,Calaveras,009,45235,7878,7836,438,8274,124
2022-07-01,Colusa,011,21464,3580,3566,1170,4736,22
2022-07-01,Contra Costa,013,1133247,224062,221545,17395,238940,1343
2022-07-01,Del Norte,015,27424,6735,6543,360,6903,53
2022-07-01,El Dorado,017,186661,29994,29764,3815,33579,217
2022-07-01,Fresno,019,978130,249567,247952,26758,274710,2783
2022-07-01,Glenn,021,27897,5227,5211,1746,6957,48
2022-07-01,Humboldt,023,135768,19628,19516,4037,23553,149
2022-07-01,Imperial,025,180216,59321,58768,12351,71119,944
2022-07-01,Inyo,027,18085,4289,4261,709,4970,56
2022-07-01,Kern,029,883053,203784,202502,52408,254910,2352
2022-07-01,Kings,031,150075,54527,54262,3823,58085,449
2022-07-01,Lake,033,64148,11664,11595,1040,12635,140
2022-07-01,Lassen,035,31185,9354,9336,958,10294,64
2022-07-01,Los Angeles,037,10098052,2996233,2969395,148593,3117988,32089
2022-07-01,Madera,039,155013,39967,39738,6913,46651,372
2022-07-01,Marin,041,260295,41058,40653,4743,45396,297
2022-07-01,Mariposa,043,17540,2801,2780,276,3056,30
2022-07-01,Mendocino,045,87422,14547,14464,3836,18300,127
2022-07-01,Merced,047,269075,66455,66093,9933,76026,832
2022-07-01,Modoc,049,8938,792,787,281,1068,8
2022-07-01,Mono,051,14174,3107,3099,197,3296,7
2022-07-01,Monterey,053,433212,86785,86212,17747,103959,744
2022-07-01,Napa,055,140530,29721,29486,1311,30797,145
2022-07-01,Nevada,057,99092,17677,17546,1511,19057,131
2022-07-01,Orange,059,3164182,607804,603511,51539,655050,7114
2022-07-01,Placer,061,380077,70222,69606,8477,78083,631
2022-07-01,Plumas,063,18699,3314,3294,409,3703,13
2022-07-01,Riverside,065,2383286,636701,632038,31547,663585,6502
2022-07-01,Sacramento,067,1510023,317403,315165,31846,347011,3100
2022-07-01,San Benito,069,59416,14548,14420,732,15152,100
2022-07-01,San Bernardino,071,2135413,608568,604093,27413,631506,7860
2022-07-01,San Diego,073,3302833,840243,834116,61779,895895,5341
2022-07-01,San Francisco,075,870044,160881,158871,10834,169705,910
2022-07-01,San Joaquin,077,732212,181540,180368,12352,192720,2256
2022-07-01,San Luis Obispo,079,281455,58508,58079,5878,63957,489
2022-07-01,San Mateo,081,765935,151436,149812,9705,159517,723
2022-07-01,Santa Barbara,083,443738,95890,95214,5713,100927,699
2022-07-01,Santa Clara,085,1922200,385891,381630,16967,398597,2355
2022-07-01,Santa Cruz,087,273765,56356,55757,2871,58628,267
2022-07-01,Shasta,089,179085,32504,32280,6653,38933,570
2022-07-01,Sierra,091,2930,288,283,58,341,4
2022-07-01,Siskiyou,093,43540,4836,4808,3069,7877,82
2022-07-01,Solano,095,438530,95097,94437,6934,101371,455
2022-07-01,Sonoma,097,501317,98084,97379,4472,101851,495
2022-07-01,Stanislaus,099,539301,126528,125788,19256,145044,1681
2022-07-01,Sutter,101,95872,22048,21935,2395,24330,228
2022-07-01,Tehama,103,63373,12698,12615,2813,15428,205
2022-07-01,Trinity,105,12862,1269,1256,316,1572,20
2022-07-01,Tulare,107,460477,112697,112118,32009,144127,1500
2022-07-01,Tuolumne,109,53932,13973,13886,788,14674,189
2022-07-01,Ventura,111,848112,190995,189493,12284,201777,1517
2022-07-01,Yolo,113,214977,44110,42760,3934,46694,324
2022-07-01,Yuba,115,75493,17269,17168,1511,18679,124
2022-06-30,Alameda,001,1643700,310277,307672,17823,325495,1898
2022-06-30,Alpine,003,1148,129,129,1,130,0
2022-06-30,Amador,005,37829,9309,9243,779,10022,87
2022-06-30,Butte,007,227075,36035,35846,7771,43617,436
2022-06-30,Calaveras,009,45235,7867,7836,437,8273,124
2022-06-30,Colusa,011,21464,3576,3566,1169,4735,22
2022-06-30,Contra Costa,013,1133247,223521,221545,17321,238866,1343
2022-06-30,Del Norte,015,27424,6718,6543,353,6896,53
2022-06-30,El Dorado,017,186661,29950,29764,3809,33573,217
2022-06-30,Fresno,019,978130,249180,247952,26719,274671,2783
2022-06-30,Glenn,021,27897,5224,5211,1744,6955,48
2022-06-30,Humboldt,023,135768,19590,19516,4029,23545,149
2022-06-30,Imperial,025,180216,59210,58768,12316,71084,944
2022-06-30,Inyo,027,18085,4283,4261,709,4970,56
2022-06-30,Kern,029,883053,203476,202502,52260,254762,2352
2022-06-30,Kings,031,150075,54450,54262,3819,58081,449
2022-06-30,Lake,033,64148,11646,11595,1037,12632,140
2022-06-30,Lassen,035,31185,9351,9336,957,10293,64
2022-06-30,Los Angeles,037,10098052,2991026,2969395,148060,3117455,32089
2022-06-30,Madera,039,155013,39904,39738,6887,46625,372
2022-06-30,Marin,041,260295,40977,40653,4734,45387,297
2022-06-30,Mariposa,043,17540,2795,2780,274,3054,30
2022-06-30,Mendocino,045,87422,14531,14464,3829,18293,127
2022-06-30,Merced,047,269075,66358,66093,9914,76007,832
2022-06-30,Modoc,049,8938,791,787,280,1067,8
2022-06-30,Mono,051,14174,3105,3099,194,3293,7
2022-06-30,Monterey,053,433212,86642,86212,17679,103891,744
2022-06-30,Napa,055,140530,29663,29486,1305,30791,145
2022-06-30,Nevada,057,99092,17649,17546,1505,19051,131
2022-06-30,Orange,059,3164182,606641,603511,51344,654855,7114
2022-06-30,Placer,061,380077,70078,69606,8460,78066,631
2022-06-30,Plumas,063,18699,3309,3294,408,3702,13
2022-06-30,Riverside,065,2383286,635613,632038,31467,663505,6502
2022-06-30,Sacramento,067,1510023,316822,315165,31800,346965,3100
2022-06-30,San Benito,069,59416,14511,14420,728,15148,100
2022-06-30,San Bernardino,071,2135413,607558,604093,27370,631463,7860
2022-06-30,San Diego,073,3302833,838732,834116,61598,895714,5341
2022-06-30,San Francisco,075,870044,160451,158871,10801,169672,910
2022-06-30,San Joaquin,077,732212,181262,180368,12323,192691,2256
2022-06-30,San Luis Obispo,079,281455,58409,58079,5848,63927,489
2022-06-30,San Mateo,081,765935,151037,149812,9667,159479,723
2022-06-30,Santa Barbara,083,443738,95695,95214,5702,100916,699
2022-06-30,Santa Clara,085,1922200,384813,381630,16924,398554,2355
2022-06-30,Santa Cruz,087,273765,56241,55757,2858,58615,267
2022-06-30,Shasta,089,179085,32465,32280,6634,38914,570
2022-06-30,Sierra,091,2930,288,283,58,341,4
2022-06-30,Siskiyou,093,43540,4828,4808,3062,7870,82
2022-06-30,Solano,095,438530,94917,94437,6901,101338,455
2022-06-30,Sonoma,097,501317,97935,97379,4451,101830,495
2022-06-30,Stanislaus,099,539301,126336,125788,19229,145017,1681
2022-06-30,Sutter,101,95872,22015,21935,2393,24328,228
2022-06-30,Tehama,103,63373,12678,12615,2809,15424,205
2022-06-30,Trinity,105,12862,1263,1256,313,1569,20
2022-06-30,Tulare,107,460477,112545,112118,31922,144040,1500
2022-06-30,Tuolumne,109,53932,13954,13886,781,14667,189
2022-06-30,Ventura,111,848112,190653,189493,12201,201694,1517
2022-06-30,Yolo,113,214977,44040,42760,3918,46678,324
2022-06-30,Yuba,115,75493,17241,17168,1505,18673,124
2022-06-29,Alameda,001,1643700,309485,305288,17782,323070,1895
2022-06-29,Alpine,003,1148,129,129,1,130,0
2022-06-29,Amador,005,37829,9302,9205,778,9983,87
2022-06-29,Butte,007,227075,35986,35651,7757,43408,434
2022-06-29,Calaveras,009,45235,7856,7798,434,8232,124
2022-06-29,Colusa,011,21464,3573,3548,1166,4714,22
2022-06-29,Contra Costa,013,1133247,223035,219921,17265,237186,1339
2022-06-29,Del Norte,015,27424,6691,6484,345,6829,53
2022-06-29,El Dorado,017,186661,29892,29549,3798,33347,216
2022-06-29,Fresno,019,978130,248791,246740,26657,273397,2777
2022-06-29,Glenn,021,27897,5223,5192,1742,6934,48
2022-06-29,Humboldt,023,135768,19564,19411,4018,23429,149
2022-06-29,Imperial,025,180216,59089,58498,12263,70761,944
2022-06-29,Inyo,027,18085,4279,4243,704,4947,56
2022-06-29,Kern,029,883053,203195,201537,52123,253660,2343
2022-06-29,Kings,031,150075,54360,54031,3817,57848,448
2022-06-29,Lake,033,64148,11618,11548,1032,12580,140
2022-06-29,Lassen,035,31185,9346,9310,957,10267,64
2022-06-29,Los Angeles,037,10098052,2985462,2955489,147515,3103004,32062
2022-06-29,Madera,039,155013,39853,39554,6875,46429,372
2022-06-29,Marin,041,260295,40874,40397,4727,45124,297
2022-06-29,Mariposa,043,17540,2793,2753,274,3027,30
2022-06-29,Mendocino,045,87422,14503,14383,3812,18195,127
2022-06-29,Merced,047,269075,66266,65733,9899,75632,830
2022-06-29,Modoc,049,8938,790,780,279,1059,8
2022-06-29,Mono,051,14174,3104,3081,193,3274,7
2022-06-29,Monterey,053,433212,86511,85711,17622,103333,743
2022-06-29,Napa,055,140530,29613,29285,1300,30585,144
2022-06-29,Nevada,057,99092,17615,17439,1500,18939,129
2022-06-29,Orange,059,3164182,605480,599951,51171,651122,7095
2022-06-29,Placer,061,380077,69945,69244,8450,77694,629
2022-06-29,Plumas,063,18699,3306,3267,406,3673,13
2022-06-29,Riverside,065,2383286,634560,629035,31379,660414,6493
2022-06-29,Sacramento,067,1510023,316232,313224,31750,344974,3082
2022-06-29,San Benito,069,59416,14475,14302,720,15022,100
2022-06-29,San Bernardino,071,2135413,606581,600960,27263,628223,7825
2022-06-29,San Diego,073,3302833,837019,828907,61374,890281,5336
2022-06-29,San Francisco,075,870044,159967,157419,10765,168184,902
2022-06-29,San Joaquin,077,732212,180966,179476,12282,191758,2252
2022-06-29,San Luis Obispo,079,281455,58278,57783,5807,63590,486
2022-06-29,San Mateo,081,765935,150658,148533,9644,158177,723
2022-06-29,Santa Barbara,083,443738,95544,94683,5690,100373,699
2022-06-29,Santa Clara,085,1922200,383833,378000,16873,394873,2348
2022-06-29,Santa Cruz,087,273765,56116,55432,2845,58277,266
2022-06-29,Shasta,089,179085,32420,32106,6615,38721,570
2022-06-29,Sierra,091,2930,286,283,58,341,4
2022-06-29,Siskiyou,093,43540,4820,4773,3061,7834,82
2022-06-29,Solano,095,438530,94704,92975,6885,99860,455
2022-06-29,Sonoma,097,501317,97757,96854,4436,101290,493
2022-06-29,Stanislaus,099,539301,126160,125189,19198,144387,1674
2022-06-29,Sutter,101,95872,21960,21836,2387,24223,227
2022-06-29,Tehama,103,63373,12659,12561,2808,15369,205
2022-06-29,Trinity,105,12862,1261,1245,312,1557,20
2022-06-29,Tulare,107,460477,112413,111707,31832,143539,1499
2022-06-29,Tuolumne,109,53932,13930,13779,760,14539,189
2022-06-29,Ventura,111,848112,190347,188519,12133,200652,1514
2022-06-29,Yolo,113,214977,43936,42410,3904,46314,323
2022-06-29,Yuba,115,75493,17212,17082,1503,18585,124
2022-06-28,Alameda,001,1643700,308647,305288,17748,323036,1895
2022-06-28,Alpine,003,1148,129,129,1,130,0
2022-06-28,Amador,005,37829,9297,9205,777,9982,87
2022-06-28,Butte,007,227075,35921,35651,7739,43390,434
2022-06-28,Calaveras,009,45235,7844,7798,433,8231,124
2022-06-28,Colusa,011,21464,3572,3548,1165,4713,22
2022-06-28,Contra Costa,013,1133247,222426,219921,17198,237119,1339
2022-06-28,Del Norte,015,27424,6654,6484,340,6824,53
2022-06-28,El Dorado,017,186661,29848,29549,3790,33339,216
2022-06-28,Fresno,019,978130,248362,246740,26595,273335,2777
2022-06-28,Glenn,021,27897,5215,5192,1737,6929,48
2022-06-28,Humboldt,023,135768,19544,19411,4010,23421,149
2022-06-28,Imperial,025,180216,58992,58498,12179,70677,944
2022-06-28,Inyo,027,18085,4272,4243,698,4941,56
2022-06-28,Kern,029,883053,202917,201537,51922,253459,2343
2022-06-28,Kings,031,150075,54279,54031,3812,57843,448
2022-06-28,Lake,033,64148,11607,11548,1031,12579,140
2022-06-28,Lassen,035,31185,9339,9310,957,10267,64
2022-06-28,Los Angeles,037,10098052,2979586,2955489,146952,3102441,32062
2022-06-28,Madera,039,155013,39795,39554,6856,46410,372
2022-06-28,Marin,041,260295,40766,40397,4720,45117,297
2022-06-28,Mariposa,043,17540,2785,2753,272,3025,30
2022-06-28,Mendocino,045,87422,14475,14383,3800,18183,127
2022-06-28,Merced,047,269075,66163,65733,9877,75610,830
2022-06-28,Modoc,049,8938,788,780,278,1058,8
2022-06-28,Mono,051,14174,3097,3081,191,3272,7
2022-06-28,Monterey,053,433212,86386,85711,17567,103278,743
2022-06-28,Napa,055,140530,29545,29285,1297,30582,144
2022-06-28,Nevada,057,99092,17588,17439,1496,18935,129
2022-06-28,Orange,059,3164182,604138,599951,50989,650940,7095
2022-06-28,Placer,061,380077,69783,69244,8442,77686,629
2022-06-28,Plumas,063,18699,3306,3267,405,3672,13
2022-06-28,Riverside,065,2383286,633364,629035,31323,660358,6493
2022-06-28,Sacramento,067,1510023,315580,313224,31691,344915,3082
2022-06-28,San Benito,069,59416,14436,14302,718,15020,100
2022-06-28,San Bernardino,071,2135413,605475,600960,27211,628171,7825
2022-06-28,San Diego,073,3302833,835171,828907,61152,890059,5336
2022-06-28,San Francisco,075,870044,159448,157419,10736,168155,902
2022-06-28,San Joaquin,077,732212,180659,179476,12242,191718,2252
2022-06-28,San Luis Obispo,079,281455,58162,57783,5766,63549,486
2022-06-28,San Mateo,081,765935,150206,148533,9615,158148,723
2022-06-28,Santa Barbara,083,443738,95374,94683,5673,100356,699
2022-06-28,Santa Clara,085,1922200,382728,378000,16818,394818,2348
2022-06-28,Santa Cruz,087,273765,55984,55432,2837,58269,266
2022-06-28,Shasta,089,179085,32378,32106,6599,38705,570
2022-06-28,Sierra,091,2930,286,283,58,341,4
2022-06-28,Siskiyou,093,43540,4816,4773,3054,7827,82
2022-06-28,Solano,095,438530,94469,92975,6865,99840,455
2022-06-28,Sonoma,097,501317,97552,96854,4419,101273,493
2022-06-28,Stanislaus,099,539301,125958,125189,19175,144364,1674
2022-06-28,Sutter,101,95872,21924,21836,2383,24219,227
2022-06-28,Tehama,103,63373,12644,12561,2803,15364,205
2022-06-28,Trinity,105,12862,1258,1245,308,1553,20
2022-06-28,Tulare,107,460477,112225,111707,31749,143456,1499
2022-06-28,Tuolumne,109,53932,13900,13779,753,14532,189
2022-06-28,Ventura,111,848112,190025,188519,12044,200563,1514
2022-06-28,Yolo,113,214977,43828,42410,3895,46305,323
2022-06-28,Yuba,115,75493,17177,17082,1498,18580,124
2022-06-27,Alameda,001,1643700,307716,305288,17694,322982,1895
2022-06-27,Alpine,003,1148,129,129,1,130,0
2022-06-27,Amador,005,37829,9282,9205,774,9979,87
2022-06-27,Butte,007,227075,35870,35651,7719,43370,434
2022-06-27,Calaveras,009,45235,7829,7798,433,8231,124
2022-06-27,Colusa,011,21464,3568,3548,1163,4711,22
2022-06-27,Contra Costa,013,1133247,221746,219921,17132,237053,1339
2022-06-27,Del Norte,015,27424,6633,6484,334,6818,53
2022-06-27,El Dorado,017,186661,29786,29549,3779,33328,216
2022-06-27,Fresno,019,978130,247898,246740,26518,273258,2777
2022-06-27,Glenn,021,27897,5210,5192,1730,6922,48
2022-06-27,Humboldt,023,135768,19507,19411,3997,23408,149
2022-06-27,Imperial,025,180216,58853,58498,12097,70595,944
2022-06-27,Inyo,027,18085,4262,4243,687,4930,56
2022-06-27,Kern,029,883053,202580,201537,51709,253246,2343
2022-06-27,Kings,031,150075,54192,54031,3809,57840,448
2022-06-27,Lake,033,64148,11588,11548,1026,12574,140
2022-06-27,Lassen,035,31185,9330,9310,957,10267,64
2022-06-27,Los Angeles,037,10098052,2973466,2955489,146403,3101892,32062
2022-06-27,Madera,039,155013,39729,39554,6836,46390,372
2022-06-27,Marin,041,260295,40659,40397,4707,45104,297
2022-06-27,Mariposa,043,17540,2776,2753,268,3021,30
2022-06-27,Mendocino,045,87422,14446,14383,3792,18175,127
2022-06-27,Merced,047,269075,66054,65733,9836,75569,830
2022-06-27,Modoc,049,8938,783,780,277,1057,8
2022-06-27,Mono,051,14174,3096,3081,191,3272,7
2022-06-27,Monterey,053,433212,86236,85711,17499,103210,743
2022-06-27,Napa,055,140530,29475,29285,1293,30578,144
2022-06-27,Nevada,057,99092,17558,17439,1479,18918,129
2022-06-27,Orange,059,3164182,602796,599951,50759,650710,7095
2022-06-27,Placer,061,380077,69669,69244,8418,77662,629
2022-06-27,Plumas,063,18699,3301,3267,403,3670,13
2022-06-27,Riverside,065,2383286,632212,629035,31246,660281,6493
2022-06-27,Sacramento,067,1510023,314855,313224,31637,344861,3082
2022-06-27,San Benito,069,59416,14381,14302,715,15017,100
2022-06-27,San Bernardino,071,2135413,604378,600960,27158,628118,7825
2022-06-27,San Diego,073,3302833,833249,828907,60926,889833,5336
2022-06-27,San Francisco,075,870044,158903,157419,10709,168128,902
2022-06-27,San Joaquin,077,732212,180318,179476,12204,191680,2252
2022-06-27,San Luis Obispo,079,281455,58051,57783,5730,63513,486
2022-06-27,San Mateo,081,765935,149738,148533,9578,158111,723
2022-06-27,Santa Barbara,083,443738,95188,94683,5657,100340,699
2022-06-27,Santa Clara,085,1922200,381301,378000,16765,394765,2348
2022-06-27,Santa Cruz,087,273765,55814,55432,2829,58261,266
2022-06-27,Shasta,089,179085,32317,32106,6580,38686,570
2022-06-27,Sierra,091,2930,286,283,58,341,4
2022-06-27,Siskiyou,093,43540,4806,4773,3047,7820,82
2022-06-27,Solano,095,438530,94177,92975,6822,99797,455
2022-06-27,Sonoma,097,501317,97362,96854,4401,101255,493
2022-06-27,Stanislaus,099,539301,125730,125189,19155,144344,1674
2022-06-27,Sutter,101,95872,21883,21836,2379,24215,227
2022-06-27,Tehama,103,63373,12623,12561,2799,15360,205
2022-06-27,Trinity,105,12862,1256,1245,306,1551,20
2022-06-27,Tulare,107,460477,112044,111707,31648,143355,1499
2022-06-27,Tuolumne,109,53932,13866,13779,742,14521,189
2022-06-27,Ventura,111,848112,189644,188519,11979,200498,1514
2022-06-27,Yolo,113,214977,43702,42410,3886,46296,323
2022-06-27,Yuba,115,75493,17149,17082,1495,18577,124
2022-06-26,Alameda,001,1643700,306640,302071,17613,319684,1891
2022-06-26,Alpine,003,1148,129,129,1,130,0
2022-06-26,Amador,005,37829,9243,9135,772,9907,87
2022-06-26,Butte,007,227075,35795,35406,7692,43098,433
2022-06-26,Calaveras,009,45235,7815,7754,430,8184,124
2022-06-26,Colusa,011,21464,3559,3540,1158,4698,22
2022-06-26,Contra Costa,013,1133247,221121,218053,17051,235104,1335
2022-06-26,Del Norte,015,27424,6610,6398,330,6728,52
2022-06-26,El Dorado,017,186661,29702,29313,3758,33071,216
2022-06-26,Fresno,019,978130,247360,245118,26449,271567,2777
2022-06-26,Glenn,021,27897,5204,5178,1727,6905,48
2022-06-26,Humboldt,023,135768,19473,19234,3984,23218,149
2022-06-26,Imperial,025,180216,58708,58127,11996,70123,944
2022-06-26,Inyo,027,18085,4251,4228,672,4900,56
2022-06-26,Kern,029,883053,202279,200556,51497,252053,2344
2022-06-26,Kings,031,150075,54084,53783,3803,57586,448
2022-06-26,Lake,033,64148,11569,11471,1022,12493,140
2022-06-26,Lassen,035,31185,9321,9287,954,10241,64
2022-06-26,Los Angeles,037,10098052,2966980,2936815,145780,3082595,32036
2022-06-26,Madera,039,155013,39659,39319,6815,46134,372
2022-06-26,Marin,041,260295,40538,39979,4685,44664,297
2022-06-26,Mariposa,043,17540,2768,2713,268,2981,30
2022-06-26,Mendocino,045,87422,14419,14292,3763,18055,127
2022-06-26,Merced,047,269075,65922,65408,9808,75216,828
2022-06-26,Modoc,049,8938,782,777,275,1052,8
2022-06-26,Mono,051,14174,3087,3076,191,3267,7
2022-06-26,Monterey,053,433212,86062,85275,17435,102710,743
2022-06-26,Napa,055,140530,29394,29054,1290,30344,144
2022-06-26,Nevada,057,99092,17514,17339,1475,18814,129
2022-06-26,Orange,059,3164182,601309,595761,50544,646305,7090
2022-06-26,Placer,061,380077,69534,68785,8399,77184,628
2022-06-26,Plumas,063,18699,3289,3241,403,3644,13
2022-06-26,Riverside,065,2383286,630986,625794,31175,656969,6493
2022-06-26,Sacramento,067,1510023,314047,310837,31557,342394,3077
2022-06-26,San Benito,069,59416,14336,14192,712,14904,99
2022-06-26,San Bernardino,071,2135413,603186,598062,27098,625160,7803
2022-06-26,San Diego,073,3302833,831072,822848,60759,883607,5332
2022-06-26,San Francisco,075,870044,158260,155609,10654,166263,899
2022-06-26,San Joaquin,077,732212,179944,178447,12163,190610,2252
2022-06-26,San Luis Obispo,079,281455,57920,57472,5675,63147,485
2022-06-26,San Mateo,081,765935,149230,146955,9548,156503,723
2022-06-26,Santa Barbara,083,443738,94977,94017,5627,99644,699
2022-06-26,Santa Clara,085,1922200,379923,373961,16689,390650,2338
2022-06-26,Santa Cruz,087,273765,55658,54874,2818,57692,265
2022-06-26,Shasta,089,179085,32235,31921,6555,38476,570
2022-06-26,Sierra,091,2930,285,283,58,341,4
2022-06-26,Siskiyou,093,43540,4788,4744,3042,7786,81
2022-06-26,Solano,095,438530,93923,92248,6782,99030,455
2022-06-26,Sonoma,097,501317,97127,95981,4369,100350,493
2022-06-26,Stanislaus,099,539301,125529,124493,19129,143622,1672
2022-06-26,Sutter,101,95872,21843,21733,2378,24111,227
2022-06-26,Tehama,103,63373,12606,12510,2792,15302,205
2022-06-26,Trinity,105,12862,1251,1233,305,1538,20
2022-06-26,Tulare,107,460477,111861,111188,31560,142748,1496
2022-06-26,Tuolumne,109,53932,13838,13688,734,14422,189
2022-06-26,Ventura,111,848112,189252,187389,11894,199283,1514
2022-06-26,Yolo,113,214977,43587,41932,3872,45804,323
2022-06-26,Yuba,115,75493,17112,16994,1485,18479,124
2022-06-25,Alameda,001,1643700,306177,302071,17592,319663,1891
2022-06-25,Alpine,003,1148,129,129,1,130,0
2022-06-25,Amador,005,37829,9233,9135,771,9906,87
2022-06-25,Butte,007,227075,35756,35406,7670,43076,433
2022-06-25,Calaveras,009,45235,7806,7754,430,8184,124
2022-06-25,Colusa,011,21464,3554,3540,1158,4698,22
2022-06-25,Contra Costa,013,1133247,220762,218053,17006,235059,1335
2022-06-25,Del Norte,015,27424,6596,6398,327,6725,52
2022-06-25,El Dorado,017,186661,29662,29313,3752,33065,216
2022-06-25,Fresno,019,978130,247131,245118,26427,271545,2777
2022-06-25,Glenn,021,27897,5199,5178,1725,6903,48
2022-06-25,Humboldt,023,135768,19453,19234,3974,23208,149
2022-06-25,Imperial,025,180216,58627,58127,11967,70094,944
2022-06-25,Inyo,027,18085,4249,4228,668,4896,56
2022-06-25,Kern,029,883053,202122,200556,51390,251946,2344
2022-06-25,Kings,031,150075,54046,53783,3802,57585,448
2022-06-25,Lake,033,64148,11560,11471,1021,12492,140
2022-06-25,Lassen,035,31185,9316,9287,952,10239,64
2022-06-25,Los Angeles,037,10098052,2964022,2936815,145405,3082220,32036
2022-06-25,Madera,039,155013,39626,39319,6809,46128,372
2022-06-25,Marin,041,260295,40485,39979,4678,44657,297
2022-06-25,Mariposa,043,17540,2766,2713,268,2981,30
2022-06-25,Mendocino,045,87422,14407,14292,3759,18051,127
2022-06-25,Merced,047,269075,65845,65408,9805,75213,828
2022-06-25,Modoc,049,8938,782,777,275,1052,8
2022-06-25,Mono,051,14174,3083,3076,191,3267,7
2022-06-25,Monterey,053,433212,85961,85275,17404,102679,743
2022-06-25,Napa,055,140530,29363,29054,1286,30340,144
2022-06-25,Nevada,057,99092,17490,17339,1471,18810,129
2022-06-25,Orange,059,3164182,600610,595761,50398,646159,7090
2022-06-25,Placer,061,380077,69440,68785,8381,77166,628
2022-06-25,Plumas,063,18699,3285,3241,403,3644,13
2022-06-25,Riverside,065,2383286,630343,625794,31125,656919,6493
2022-06-25,Sacramento,067,1510023,313737,310837,31532,342369,3077
2022-06-25,San Benito,069,59416,14312,14192,711,14903,99
2022-06-25,San Bernardino,071,2135413,602604,598062,27068,625130,7803
2022-06-25,San Diego,073,3302833,830172,822848,60704,883552,5332
2022-06-25,San Francisco,075,870044,157962,155609,10631,166240,899
2022-06-25,San Joaquin,077,732212,179796,178447,12147,190594,2252
2022-06-25,San Luis Obispo,079,281455,57848,57472,5664,63136,485
2022-06-25,San Mateo,081,765935,148954,146955,9525,156480,723
2022-06-25,Santa Barbara,083,443738,94835,94017,5613,99630,699
2022-06-25,Santa Clara,085,1922200,379070,373961,16668,390629,2338
2022-06-25,Santa Cruz,087,273765,55588,54874,2814,57688,265
2022-06-25,Shasta,089,179085,32198,31921,6539,38460,570
2022-06-25,Sierra,091,2930,285,283,58,341,4
2022-06-25,Siskiyou,093,43540,4785,4744,3039,7783,81
2022-06-25,Solano,095,438530,93841,92248,6761,99009,455
2022-06-25,Sonoma,097,501317,97017,95981,4358,100339,493
2022-06-25,Stanislaus,099,539301,125398,124493,19110,143603,1672
2022-06-25,Sutter,101,95872,21821,21733,2377,24110,227
2022-06-25,Tehama,103,63373,12594,12510,2786,15296,205
2022-06-25,Trinity,105,12862,1250,1233,303,1536,20
2022-06-25,Tulare,107,460477,111784,111188,31505,142693,1496
2022-06-25,Tuolumne,109,53932,13820,13688,729,14417,189
2022-06-25,Ventura,111,848112,189044,187389,11862,199251,1514
2022-06-25,Yolo,113,214977,43522,41932,3866,45798,323
2022-06-25,Yuba,115,75493,17091,16994,1484,18478,124
2022-06-24,Alameda,001,1643700,305593,302071,17554,319625,1891
2022-06-24,Alpine,003,1148,129,129,1,130,0
2022-06-24,Amador,005,37829,9226,9135,769,9904,87
2022-06-24,Butte,007,227075,35725,35406,7655,43061,433
2022-06-24,Calaveras,009,45235,7801,7754,429,8183,124
2022-06-24,Colusa,011,21464,3553,3540,1155,4695,22
2022-06-24,Contra Costa,013,1133247,220418,218053,16982,235035,1335
2022-06-24,Del Norte,015,27424,6585,6398,325,6723,52
2022-06-24,El Dorado,017,186661,29619,29313,3748,33061,216
2022-06-24,Fresno,019,978130,246845,245118,26397,271515,2777
2022-06-24,Glenn,021,27897,5197,5178,1725,6903,48
2022-06-24,Humboldt,023,135768,19423,19234,3969,23203,149
2022-06-24,Imperial,025,180216,58557,58127,11931,70058,944
2022-06-24,Inyo,027,18085,4248,4228,664,4892,56
2022-06-24,Kern,029,883053,201949,200556,51288,251844,2344
2022-06-24,Kings,031,150075,54002,53783,3798,57581,448
2022-06-24,Lake,033,64148,11549,11471,1021,12492,140
2022-06-24,Lassen,035,31185,9313,9287,951,10238,64
2022-06-24,Los Angeles,037,10098052,2960785,2936815,145091,3081906,32036
2022-06-24,Madera,039,155013,39581,39319,6802,46121,372
2022-06-24,Marin,041,260295,40409,39979,4664,44643,297
2022-06-24,Mariposa,043,17540,2759,2713,268,2981,30
2022-06-24,Mendocino,045,87422,14400,14292,3756,18048,127
2022-06-24,Merced,047,269075,65808,65408,9795,75203,828
2022-06-24,Modoc,049,8938,782,777,275,1052,8
2022-06-24,Mono,051,14174,3080,3076,190,3266,7
2022-06-24,Monterey,053,433212,85882,85275,17378,102653,743
2022-06-24,Napa,055,140530,29336,29054,1285,30339,144
2022-06-24,Nevada,057,99092,17474,17339,1465,18804,129
2022-06-24,Orange,059,3164182,599919,595761,50251,646012,7090
2022-06-24,Placer,061,380077,69364,68785,8372,77157,628
2022-06-24,Plumas,063,18699,3281,3241,403,3644,13
2022-06-24,Riverside,065,2383286,629695,625794,31075,656869,6493
2022-06-24,Sacramento,067,1510023,313342,310837,31506,342343,3077
2022-06-24,San Benito,069,59416,14299,14192,709,14901,99
2022-06-24,San Bernardino,071,2135413,602031,598062,27043,625105,7803
2022-06-24,San Diego,073,3302833,829138,822848,60630,883478,5332
2022-06-24,San Francisco,075,870044,157647,155609,10606,166215,899
2022-06-24,San Joaquin,077,732212,179617,178447,12122,190569,2252
2022-06-24,San Luis Obispo,079,281455,57802,57472,5658,63130,485
2022-06-24,San Mateo,081,765935,148624,146955,9510,156465,723
2022-06-24,Santa Barbara,083,443738,94704,94017,5609,99626,699
2022-06-24,Santa Clara,085,1922200,378249,373961,16621,390582,2338
2022-06-24,Santa Cruz,087,273765,55487,54874,2804,57678,265
2022-06-24,Shasta,089,179085,32169,31921,6530,38451,570
2022-06-24,Sierra,091,2930,285,283,58,341,4
2022-06-24,Siskiyou,093,43540,4777,4744,3038,7782,81
2022-06-24,Solano,095,438530,93693,92248,6746,98994,455
2022-06-24,Sonoma,097,501317,96879,95981,4340,100321,493
2022-06-24,Stanislaus,099,539301,125273,124493,19085,143578,1672
2022-06-24,Sutter,101,95872,21806,21733,2376,24109,227
2022-06-24,Tehama,103,63373,12580,12510,2780,15290,205
2022-06-24,Trinity,105,12862,1247,1233,303,1536,20
2022-06-24,Tulare,107,460477,111684,111188,31441,142629,1496
2022-06-24,Tuolumne,109,53932,13800,13688,723,14411,189
2022-06-24,Ventura,111,848112,188817,187389,11830,199219,1514
2022-06-24,Yolo,113,214977,43428,41932,3858,45790,323
2022-06-24,Yuba,115,75493,17073,16994,1484,18478,124
2022-06-23,Alameda,001,1643700,304772,302071,17478,319549,1891
2022-06-23,Alpine,003,1148,129,129,1,130,0
2022-06-23,Amador,005,37829,9217,9135,767,9902,87
2022-06-23,Butte,007,227075,35666,35406,7635,43041,433
2022-06-23,Calaveras,009,45235,7790,7754,428,8182,124
2022-06-23,Colusa,011,21464,3546,3540,1153,4693,22
2022-06-23,Contra Costa,013,1133247,219909,218053,16875,234928,1335
2022-06-23,Del Norte,015,27424,6551,6398,323,6721,52
2022-06-23,El Dorado,017,186661,29561,29313,3736,33049,216
2022-06-23,Fresno,019,978130,246444,245118,26336,271454,2777
2022-06-23,Glenn,021,27897,5194,5178,1715,6893,48
2022-06-23,Humboldt,023,135768,19400,19234,3966,23200,149
2022-06-23,Imperial,025,180216,58483,58127,11871,69998,944
2022-06-23,Inyo,027,18085,4245,4228,660,4888,56
2022-06-23,Kern,029,883053,201668,200556,51127,251683,2344
2022-06-23,Kings,031,150075,53943,53783,3795,57578,448
2022-06-23,Lake,033,64148,11528,11471,1021,12492,140
2022-06-23,Lassen,035,31185,9303,9287,950,10237,64
2022-06-23,Los Angeles,037,10098052,2956158,2936815,144573,3081388,32036
2022-06-23,Madera,039,155013,39520,39319,6788,46107,372
2022-06-23,Marin,041,260295,40295,39979,4639,44618,297
2022-06-23,Mariposa,043,17540,2747,2713,268,2981,30
2022-06-23,Mendocino,045,87422,14371,14292,3750,18042,127
2022-06-23,Merced,047,269075,65730,65408,9781,75189,828
2022-06-23,Modoc,049,8938,781,777,275,1052,8
2022-06-23,Mono,051,14174,3078,3076,189,3265,7
2022-06-23,Monterey,053,433212,85736,85275,17317,102592,743
2022-06-23,Napa,055,140530,29279,29054,1283,30337,144
2022-06-23,Nevada,057,99092,17441,17339,1465,18804,129
2022-06-23,Orange,059,3164182,598915,595761,50052,645813,7090
2022-06-23,Placer,061,380077,69227,68785,8354,77139,628
2022-06-23,Plumas,063,18699,3276,3241,401,3642,13
2022-06-23,Riverside,065,2383286,628773,625794,31023,656817,6493
2022-06-23,Sacramento,067,1510023,312735,310837,31461,342298,3077
2022-06-23,San Benito,069,59416,14268,14192,707,14899,99
2022-06-23,San Bernardino,071,2135413,601247,598062,27006,625068,7803
2022-06-23,San Diego,073,3302833,827672,822848,60435,883283,5332
2022-06-23,San Francisco,075,870044,157180,155609,10570,166179,899
2022-06-23,San Joaquin,077,732212,179340,178447,12095,190542,2252
2022-06-23,San Luis Obispo,079,281455,57716,57472,5623,63095,485
2022-06-23,San Mateo,081,765935,148274,146955,9474,156429,723
2022-06-23,Santa Barbara,083,443738,94540,94017,5578,99595,699
2022-06-23,Santa Clara,085,1922200,377265,373961,16571,390532,2338
2022-06-23,Santa Cruz,087,273765,55376,54874,2793,57667,265
2022-06-23,Shasta,089,179085,32127,31921,6517,38438,570
2022-06-23,Sierra,091,2930,284,283,58,341,4
2022-06-23,Siskiyou,093,43540,4771,4744,3030,7774,81
2022-06-23,Solano,095,438530,93459,92248,6700,98948,455
2022-06-23,Sonoma,097,501317,96683,95981,4316,100297,493
2022-06-23,Stanislaus,099,539301,125092,124493,19055,143548,1672
2022-06-23,Sutter,101,95872,21772,21733,2376,24109,227
2022-06-23,Tehama,103,63373,12571,12510,2777,15287,205
2022-06-23,Trinity,105,12862,1245,1233,303,1536,20
2022-06-23,Tulare,107,460477,111556,111188,31362,142550,1496
2022-06-23,Tuolumne,109,53932,13773,13688,708,14396,189
2022-06-23,Ventura,111,848112,188518,187389,11785,199174,1514
2022-06-23,Yolo,113,214977,43324,41932,3846,45778,323
2022-06-23,Yuba,115,75493,17052,16994,1477,18471,124
2022-06-22,Alameda,001,1643700,303936,299567,17392,316959,1888
2022-06-22,Alpine,003,1148,129,129,1,130,0
2022-06-22,Amador,005,37829,9211,9049,766,9815,87
2022-06-22,Butte,007,227075,35599,35203,7615,42818,433
2022-06-22,Calaveras,009,45235,7779,7716,427,8143,122
2022-06-22,Colusa,011,21464,3543,3529,1153,4682,21
2022-06-22,Contra Costa,013,1133247,219389,216355,16817,233172,1328
2022-06-22,Del Norte,015,27424,6533,6367,320,6687,52
2022-06-22,El Dorado,017,186661,29498,29139,3722,32861,215
2022-06-22,Fresno,019,978130,246028,244129,26281,270410,2772
2022-06-22,Glenn,021,27897,5192,5161,1710,6871,48
2022-06-22,Humboldt,023,135768,19349,19111,3946,23057,148
2022-06-22,Imperial,025,180216,58384,57866,11838,69704,944
2022-06-22,Inyo,027,18085,4240,4222,658,4880,56
2022-06-22,Kern,029,883053,201396,199721,50985,250706,2341
2022-06-22,Kings,031,150075,53879,53568,3791,57359,448
2022-06-22,Lake,033,64148,11511,11426,1015,12441,140
2022-06-22,Lassen,035,31185,9295,9259,948,10207,64
2022-06-22,Los Angeles,037,10098052,2951203,2925667,144118,3069785,32015
2022-06-22,Madera,039,155013,39464,39139,6770,45909,372
2022-06-22,Marin,041,260295,40195,39687,4634,44321,297
2022-06-22,Mariposa,043,17540,2742,2695,265,2960,30
2022-06-22,Mendocino,045,87422,14355,14201,3735,17936,127
2022-06-22,Merced,047,269075,65635,65120,9756,74876,827
2022-06-22,Modoc,049,8938,780,773,271,1044,8
2022-06-22,Mono,051,14174,3078,3073,187,3260,7
2022-06-22,Monterey,053,433212,85610,84752,17271,102023,742
2022-06-22,Napa,055,140530,29208,28894,1279,30173,144
2022-06-22,Nevada,057,99092,17421,17280,1456,18736,129
2022-06-22,Orange,059,3164182,597723,592215,49861,642076,7084
2022-06-22,Placer,061,380077,69109,68447,8344,76791,628
2022-06-22,Plumas,063,18699,3266,3220,401,3621,13
2022-06-22,Riverside,065,2383286,627922,623584,30952,654536,6491
2022-06-22,Sacramento,067,1510023,312114,309105,31417,340522,3071
2022-06-22,San Benito,069,59416,14244,14128,702,14830,99
2022-06-22,San Bernardino,071,2135413,600452,595517,26972,622489,7774
2022-06-22,San Diego,073,3302833,826069,815124,60259,875383,5318
2022-06-22,San Francisco,075,870044,156692,154213,10537,164750,897
2022-06-22,San Joaquin,077,732212,179085,177637,12070,189707,2251
2022-06-22,San Luis Obispo,079,281455,57626,57177,5581,62758,485
2022-06-22,San Mateo,081,765935,147867,145781,9451,155232,723
2022-06-22,Santa Barbara,083,443738,94393,93576,5561,99137,700
2022-06-22,Santa Clara,085,1922200,376176,370678,16456,387134,2340
2022-06-22,Santa Cruz,087,273765,55257,54525,2778,57303,265
2022-06-22,Shasta,089,179085,32082,31786,6502,38288,570
2022-06-22,Sierra,091,2930,284,283,58,341,4
2022-06-22,Siskiyou,093,43540,4764,4711,3026,7737,81
2022-06-22,Solano,095,438530,93222,91528,6619,98147,454
2022-06-22,Sonoma,097,501317,96480,95363,4294,99657,493
2022-06-22,Stanislaus,099,539301,124897,124023,18990,143013,1670
2022-06-22,Sutter,101,95872,21740,21649,2374,24023,227
2022-06-22,Tehama,103,63373,12560,12465,2774,15239,205
2022-06-22,Trinity,105,12862,1243,1223,303,1526,20
2022-06-22,Tulare,107,460477,111420,110768,31270,142038,1496
2022-06-22,Tuolumne,109,53932,13755,13596,700,14296,189
2022-06-22,Ventura,111,848112,188216,186601,11731,198332,1514
2022-06-22,Yolo,113,214977,43202,41689,3833,45522,323
2022-06-22,Yuba,115,75493,17032,16912,1472,18384,124
2022-06-21,Alameda,001,1643700,303140,299567,17358,316925,1888
2022-06-21,Alpine,003,1148,129,129,1,130,0
2022-06-21,Amador,005,37829,9204,9049,763,9812,87
2022-06-21,Butte,007,227075,35527,35203,7604,42807,433
2022-06-21,Calaveras,009,45235,7770,7716,426,8142,122
2022-06-21,Colusa,011,21464,3540,3529,1150,4679,21
2022-06-21,Contra Costa,013,1133247,218832,216355,16763,233118,1328
2022-06-21,Del Norte,015,27424,6503,6367,317,6684,52
2022-06-21,El Dorado,017,186661,29424,29139,3717,32856,215
2022-06-21,Fresno,019,978130,245591,244129,26219,270348,2772
2022-06-21,Glenn,021,27897,5185,5161,1708,6869,48
2022-06-21,Humboldt,023,135768,19297,19111,3931,23042,148
2022-06-21,Imperial,025,180216,58293,57866,11798,69664,944
2022-06-21,Inyo,027,18085,4235,4222,652,4874,56
2022-06-21,Kern,029,883053,201073,199721,50794,250515,2341
2022-06-21,Kings,031,150075,53803,53568,3787,57355,448
2022-06-21,Lake,033,64148,11488,11426,1012,12438,140
2022-06-21,Lassen,035,31185,9285,9259,946,10205,64
2022-06-21,Los Angeles,037,10098052,2946415,2925667,143625,3069292,32015
2022-06-21,Madera,039,155013,39380,39139,6759,45898,372
2022-06-21,Marin,041,260295,40106,39687,4621,44308,297
2022-06-21,Mariposa,043,17540,2736,2695,264,2959,30
2022-06-21,Mendocino,045,87422,14326,14201,3726,17927,127
2022-06-21,Merced,047,269075,65535,65120,9722,74842,827
2022-06-21,Modoc,049,8938,777,773,270,1043,8
2022-06-21,Mono,051,14174,3076,3073,184,3257,7
2022-06-21,Monterey,053,433212,85455,84752,17224,101976,742
2022-06-21,Napa,055,140530,29155,28894,1278,30172,144
2022-06-21,Nevada,057,99092,17394,17280,1453,18733,129
2022-06-21,Orange,059,3164182,596528,592215,49708,641923,7084
2022-06-21,Placer,061,380077,68979,68447,8333,76780,628
2022-06-21,Plumas,063,18699,3257,3220,400,3620,13
2022-06-21,Riverside,065,2383286,626961,623584,30883,654467,6491
2022-06-21,Sacramento,067,1510023,311417,309105,31362,340467,3071
2022-06-21,San Benito,069,59416,14208,14128,698,14826,99
2022-06-21,San Bernardino,071,2135413,599627,595517,26922,622439,7774
2022-06-21,San Diego,073,3302833,824393,815124,60064,875188,5318
2022-06-21,San Francisco,075,870044,156203,154213,10501,164714,897
2022-06-21,San Joaquin,077,732212,178768,177637,12039,189676,2251
2022-06-21,San Luis Obispo,079,281455,57517,57177,5529,62706,485
2022-06-21,San Mateo,081,765935,147379,145781,9432,155213,723
2022-06-21,Santa Barbara,083,443738,94226,93576,5546,99122,700
2022-06-21,Santa Clara,085,1922200,375023,370678,16411,387089,2340
2022-06-21,Santa Cruz,087,273765,55127,54525,2768,57293,265
2022-06-21,Shasta,089,179085,32035,31786,6485,38271,570
2022-06-21,Sierra,091,2930,284,283,58,341,4
2022-06-21,Siskiyou,093,43540,4756,4711,3018,7729,81
2022-06-21,Solano,095,438530,92972,91528,6602,98130,454
2022-06-21,Sonoma,097,501317,96247,95363,4270,99633,493
2022-06-21,Stanislaus,099,539301,124703,124023,18962,142985,1670
2022-06-21,Sutter,101,95872,21716,21649,2372,24021,227
2022-06-21,Tehama,103,63373,12546,12465,2774,15239,205
2022-06-21,Trinity,105,12862,1237,1223,303,1526,20
2022-06-21,Tulare,107,460477,111278,110768,31205,141973,1496
2022-06-21,Tuolumne,109,53932,13731,13596,692,14288,189
2022-06-21,Ventura,111,848112,187894,186601,11668,198269,1514
2022-06-21,Yolo,113,214977,43070,41689,3820,45509,323
2022-06-21,Yuba,115,75493,17003,16912,1471,18383,124
2022-06-20,Alameda,001,1643700,302240,299567,17301,316868,1888
2022-06-20,Alpine,003,1148,129,129,1,130,0
2022-06-20,Amador,005,37829,9193,9049,759,9808,87
2022-06-20,Butte,007,227075,35456,35203,7586,42789,433
2022-06-20,Calaveras,009,45235,7763,7716,426,8142,122
2022-06-20,Colusa,011,21464,3539,3529,1149,4678,21
2022-06-20,Contra Costa,013,1133247,218233,216355,16693,233048,1328
2022-06-20,Del Norte,015,27424,6490,6367,311,6678,52
2022-06-20,El Dorado,017,186661,29353,29139,3696,32835,215
2022-06-20,Fresno,019,978130,245105,244129,26149,270278,2772
2022-06-20,Glenn,021,27897,5180,5161,1703,6864,48
2022-06-20,Humboldt,023,135768,19252,19111,3912,23023,148
2022-06-20,Imperial,025,180216,58161,57866,11752,69618,944
2022-06-20,Inyo,027,18085,4231,4222,647,4869,56
2022-06-20,Kern,029,883053,200781,199721,50645,250366,2341
2022-06-20,Kings,031,150075,53722,53568,3785,57353,448
2022-06-20,Lake,033,64148,11466,11426,1008,12434,140
2022-06-20,Lassen,035,31185,9280,9259,945,10204,64
2022-06-20,Los Angeles,037,10098052,2941009,2925667,143165,3068832,32015
2022-06-20,Madera,039,155013,39318,39139,6740,45879,372
2022-06-20,Marin,041,260295,40003,39687,4598,44285,297
2022-06-20,Mariposa,043,17540,2723,2695,264,2959,30
2022-06-20,Mendocino,045,87422,14297,14201,3721,17922,127
2022-06-20,Merced,047,269075,65442,65120,9695,74815,827
2022-06-20,Modoc,049,8938,776,773,269,1042,8
2022-06-20,Mono,051,14174,3076,3073,181,3254,7
2022-06-20,Monterey,053,433212,85303,84752,17155,101907,742
2022-06-20,Napa,055,140530,29082,28894,1275,30169,144
2022-06-20,Nevada,057,99092,17369,17280,1443,18723,129
2022-06-20,Orange,059,3164182,595265,592215,49541,641756,7084
2022-06-20,Placer,061,380077,68865,68447,8322,76769,628
2022-06-20,Plumas,063,18699,3251,3220,400,3620,13
2022-06-20,Riverside,065,2383286,626019,623584,30807,654391,6491
2022-06-20,Sacramento,067,1510023,310714,309105,31289,340394,3071
2022-06-20,San Benito,069,59416,14162,14128,691,14819,99
2022-06-20,San Bernardino,071,2135413,598720,595517,26880,622397,7774
2022-06-20,San Diego,073,3302833,822406,815124,59821,874945,5318
2022-06-20,San Francisco,075,870044,155589,154213,10458,164671,897
2022-06-20,San Joaquin,077,732212,178444,177637,11992,189629,2251
2022-06-20,San Luis Obispo,079,281455,57417,57177,5477,62654,485
2022-06-20,San Mateo,081,765935,146872,145781,9407,155188,723
2022-06-20,Santa Barbara,083,443738,94042,93576,5513,99089,700
2022-06-20,Santa Clara,085,1922200,373808,370678,16354,387032,2340
2022-06-20,Santa Cruz,087,273765,54953,54525,2761,57286,265
2022-06-20,Shasta,089,179085,31977,31786,6470,38256,570
2022-06-20,Sierra,091,2930,284,283,57,340,4
2022-06-20,Siskiyou,093,43540,4743,4711,3005,7716,81
2022-06-20,Solano,095,438530,92657,91528,6583,98111,454
2022-06-20,Sonoma,097,501317,96010,95363,4244,99607,493
2022-06-20,Stanislaus,099,539301,124517,124023,18935,142958,1670
2022-06-20,Sutter,101,95872,21684,21649,2354,24003,227
2022-06-20,Tehama,103,63373,12531,12465,2771,15236,205
2022-06-20,Trinity,105,12862,1232,1223,303,1526,20
2022-06-20,Tulare,107,460477,111135,110768,31128,141896,1496
2022-06-20,Tuolumne,109,53932,13693,13596,692,14288,189
2022-06-20,Ventura,111,848112,187558,186601,11627,198228,1514
2022-06-20,Yolo,113,214977,42910,41689,3800,45489,323
2022-06-20,Yuba,115,75493,16978,16912,1465,18377,124
2022-06-19,Alameda,001,1643700,301311,296062,17269,313331,1883
2022-06-19,Alpine,003,1148,129,129,1,130,0
2022-06-19,Amador,005,37829,9144,8985,746,9731,87
2022-06-19,Butte,007,227075,35395,34920,7562,42482,432
2022-06-19,Calaveras,009,45235,7745,7664,425,8089,122
2022-06-19,Colusa,011,21464,3534,3519,1143,4662,21
2022-06-19,Contra Costa,013,1133247,217553,213994,16618,230612,1323
2022-06-19,Del Norte,015,27424,6473,6307,307,6614,52
2022-06-19,El Dorado,017,186661,29271,28904,3682,32586,215
2022-06-19,Fresno,019,978130,244660,242214,26090,268304,2768
2022-06-19,Glenn,021,27897,5171,5131,1700,6831,48
2022-06-19,Humboldt,023,135768,19207,18885,3886,22771,148
2022-06-19,Imperial,025,180216,58043,57450,11709,69159,944
2022-06-19,Inyo,027,18085,4230,4209,646,4855,56
2022-06-19,Kern,029,883053,200417,198567,50451,249018,2340
2022-06-19,Kings,031,150075,53626,53242,3781,57023,448
2022-06-19,Lake,033,64148,11453,11318,1006,12324,140
2022-06-19,Lassen,035,31185,9267,9225,943,10168,64
2022-06-19,Los Angeles,037,10098052,2936204,2909197,142633,3051830,31999
2022-06-19,Madera,039,155013,39225,38859,6717,45576,372
2022-06-19,Marin,041,260295,39877,39214,4586,43800,294
2022-06-19,Mariposa,043,17540,2716,2662,263,2925,30
2022-06-19,Mendocino,045,87422,14270,14090,3707,17797,127
2022-06-19,Merced,047,269075,65343,64734,9661,74395,827
2022-06-19,Modoc,049,8938,773,771,268,1039,8
2022-06-19,Mono,051,14174,3074,3066,180,3246,6
2022-06-19,Monterey,053,433212,85155,84032,17101,101133,744
2022-06-19,Napa,055,140530,29021,28619,1270,29889,144
2022-06-19,Nevada,057,99092,17339,17134,1433,18567,129
2022-06-19,Orange,059,3164182,594015,587176,49338,636514,7074
2022-06-19,Placer,061,380077,68746,67961,8302,76263,628
2022-06-19,Plumas,063,18699,3243,3201,399,3600,13
2022-06-19,Riverside,065,2383286,625147,619760,30747,650507,6488
2022-06-19,Sacramento,067,1510023,309988,306215,31227,337442,3072
2022-06-19,San Benito,069,59416,14143,13985,689,14674,99
2022-06-19,San Bernardino,071,2135413,597903,591926,26837,618763,7765
2022-06-19,San Diego,073,3302833,820879,815124,59706,874830,5318
2022-06-19,San Francisco,075,870044,155072,151898,10415,162313,897
2022-06-19,San Joaquin,077,732212,178125,176323,11949,188272,2251
2022-06-19,San Luis Obispo,079,281455,57283,56767,5412,62179,485
2022-06-19,San Mateo,081,765935,146423,143879,9373,153252,723
2022-06-19,Santa Barbara,083,443738,93879,92906,5492,98398,699
2022-06-19,Santa Clara,085,1922200,372637,365638,16295,381933,2328
2022-06-19,Santa Cruz,087,273765,54791,53866,2743,56609,264
2022-06-19,Shasta,089,179085,31918,31647,6456,38103,568
2022-06-19,Sierra,091,2930,284,281,57,338,4
2022-06-19,Siskiyou,093,43540,4731,4672,2999,7671,81
2022-06-19,Solano,095,438530,92404,90548,6569,97117,454
2022-06-19,Sonoma,097,501317,95769,94318,4223,98541,493
2022-06-19,Stanislaus,099,539301,124331,123264,18889,142153,1668
2022-06-19,Sutter,101,95872,21649,21501,2346,23847,227
2022-06-19,Tehama,103,63373,12522,12410,2765,15175,205
2022-06-19,Trinity,105,12862,1229,1220,303,1523,20
2022-06-19,Tulare,107,460477,110949,110041,31055,141096,1496
2022-06-19,Tuolumne,109,53932,13666,13487,691,14178,189
2022-06-19,Ventura,111,848112,187208,185219,11576,196795,1513
2022-06-19,Yolo,113,214977,42821,41135,3786,44921,323
2022-06-19,Yuba,115,75493,16947,16786,1462,18248,124
2022-06-18,Alameda,001,1643700,300846,296062,17251,313313,1883
2022-06-18,Alpine,003,1148,129,129,1,130,0
2022-06-18,Amador,005,37829,9137,8985,742,9727,87
2022-06-18,Butte,007,227075,35344,34920,7550,42470,432
2022-06-18,Calaveras,009,45235,7733,7664,425,8089,122
2022-06-18,Colusa,011,21464,3531,3519,1143,4662,21
2022-06-18,Contra Costa,013,1133247,217241,213994,16587,230581,1323
2022-06-18,Del Norte,015,27424,6467,6307,306,6613,52
2022-06-18,El Dorado,017,186661,29242,28904,3679,32583,215
2022-06-18,Fresno,019,978130,244462,242214,26071,268285,2768
2022-06-18,Glenn,021,27897,5168,5131,1698,6829,48
2022-06-18,Humboldt,023,135768,19178,18885,3878,22763,148
2022-06-18,Imperial,025,180216,57974,57450,11695,69145,944
2022-06-18,Inyo,027,18085,4229,4209,645,4854,56
2022-06-18,Kern,029,883053,200294,198567,50352,248919,2340
2022-06-18,Kings,031,150075,53591,53242,3780,57022,448
2022-06-18,Lake,033,64148,11442,11318,1004,12322,140
2022-06-18,Lassen,035,31185,9263,9225,943,10168,64
2022-06-18,Los Angeles,037,10098052,2933816,2909197,142347,3051544,31999
2022-06-18,Madera,039,155013,39200,38859,6710,45569,372
2022-06-18,Marin,041,260295,39812,39214,4576,43790,294
2022-06-18,Mariposa,043,17540,2711,2662,263,2925,30
2022-06-18,Mendocino,045,87422,14248,14090,3703,17793,127
2022-06-18,Merced,047,269075,65280,64734,9651,74385,827
2022-06-18,Modoc,049,8938,773,771,268,1039,8
2022-06-18,Mono,051,14174,3073,3066,180,3246,6
2022-06-18,Monterey,053,433212,85065,84032,17069,101101,744
2022-06-18,Napa,055,140530,28996,28619,1268,29887,144
2022-06-18,Nevada,057,99092,17327,17134,1431,18565,129
2022-06-18,Orange,059,3164182,593401,587176,49223,636399,7074
2022-06-18,Placer,061,380077,68681,67961,8289,76250,628
2022-06-18,Plumas,063,18699,3235,3201,399,3600,13
2022-06-18,Riverside,065,2383286,624612,619760,30725,650485,6488
2022-06-18,Sacramento,067,1510023,309675,306215,31203,337418,3072
2022-06-18,San Benito,069,59416,14128,13985,681,14666,99
2022-06-18,San Bernardino,071,2135413,597474,591926,26815,618741,7765
2022-06-18,San Diego,073,3302833,820161,815124,59664,874788,5318
2022-06-18,San Francisco,075,870044,154739,151898,10393,162291,897
2022-06-18,San Joaquin,077,732212,177963,176323,11937,188260,2251
2022-06-18,San Luis Obispo,079,281455,57238,56767,5404,62171,485
2022-06-18,San Mateo,081,765935,146156,143879,9346,153225,723
2022-06-18,Santa Barbara,083,443738,93768,92906,5480,98386,699
2022-06-18,Santa Clara,085,1922200,371880,365638,16250,381888,2328
2022-06-18,Santa Cruz,087,273765,54715,53866,2729,56595,264
2022-06-18,Shasta,089,179085,31897,31647,6453,38100,568
2022-06-18,Sierra,091,2930,284,281,57,338,4
2022-06-18,Siskiyou,093,43540,4723,4672,2995,7667,81
2022-06-18,Solano,095,438530,92321,90548,6557,97105,454
2022-06-18,Sonoma,097,501317,95633,94318,4205,98523,493
2022-06-18,Stanislaus,099,539301,124223,123264,18871,142135,1668
2022-06-18,Sutter,101,95872,21628,21501,2343,23844,227
2022-06-18,Tehama,103,63373,12513,12410,2761,15171,205
2022-06-18,Trinity,105,12862,1228,1220,303,1523,20
2022-06-18,Tulare,107,460477,110866,110041,31010,141051,1496
2022-06-18,Tuolumne,109,53932,13644,13487,689,14176,189
2022-06-18,Ventura,111,848112,187034,185219,11552,196771,1513
2022-06-18,Yolo,113,214977,42752,41135,3778,44913,323
2022-06-18,Yuba,115,75493,16934,16786,1462,18248,124
2022-06-17,Alameda,001,1643700,300368,296062,17226,313288,1883
2022-06-17,Alpine,003,1148,129,129,1,130,0
2022-06-17,Amador,005,37829,9128,8985,741,9726,87
2022-06-17,Butte,007,227075,35310,34920,7537,42457,432
2022-06-17,Calaveras,009,45235,7725,7664,425,8089,122
2022-06-17,Colusa,011,21464,3530,3519,1138,4657,21
2022-06-17,Contra Costa,013,1133247,216949,213994,16564,230558,1323
2022-06-17,Del Norte,015,27424,6453,6307,305,6612,52
2022-06-17,El Dorado,017,186661,29211,28904,3675,32579,215
2022-06-17,Fresno,019,978130,244222,242214,26036,268250,2768
2022-06-17,Glenn,021,27897,5167,5131,1693,6824,48
2022-06-17,Humboldt,023,135768,19151,18885,3874,22759,148
2022-06-17,Imperial,025,180216,57922,57450,11683,69133,944
2022-06-17,Inyo,027,18085,4225,4209,638,4847,56
2022-06-17,Kern,029,883053,200142,198567,50292,248859,2340
2022-06-17,Kings,031,150075,53564,53242,3779,57021,448
2022-06-17,Lake,033,64148,11434,11318,1003,12321,140
2022-06-17,Lassen,035,31185,9262,9225,942,10167,64
2022-06-17,Los Angeles,037,10098052,2930986,2909197,142046,3051243,31999
2022-06-17,Madera,039,155013,39175,38859,6704,45563,372
2022-06-17,Marin,041,260295,39717,39214,4563,43777,294
2022-06-17,Mariposa,043,17540,2708,2662,263,2925,30
2022-06-17,Mendocino,045,87422,14232,14090,3700,17790,127
2022-06-17,Merced,047,269075,65223,64734,9646,74380,827
2022-06-17,Modoc,049,8938,773,771,268,1039,8
2022-06-17,Mono,051,14174,3073,3066,180,3246,6
2022-06-17,Monterey,053,433212,84975,84032,17034,101066,744
2022-06-17,Napa,055,140530,28958,28619,1267,29886,144
2022-06-17,Nevada,057,99092,17308,17134,1426,18560,129
2022-06-17,Orange,059,3164182,592720,587176,49083,636259,7074
2022-06-17,Placer,061,380077,68625,67961,8278,76239,628
2022-06-17,Plumas,063,18699,3234,3201,398,3599,13
2022-06-17,Riverside,065,2383286,624058,619760,30685,650445,6488
2022-06-17,Sacramento,067,1510023,309284,306215,31182,337397,3072
2022-06-17,San Benito,069,59416,14116,13985,681,14666,99
2022-06-17,San Bernardino,071,2135413,597036,591926,26782,618708,7765
2022-06-17,San Diego,073,3302833,819199,815124,59561,874685,5318
2022-06-17,San Francisco,075,870044,154421,151898,10358,162256,897
2022-06-17,San Joaquin,077,732212,177814,176323,11922,188245,2251
2022-06-17,San Luis Obispo,079,281455,57201,56767,5398,62165,485
2022-06-17,San Mateo,081,765935,145856,143879,9328,153207,723
2022-06-17,Santa Barbara,083,443738,93662,92906,5467,98373,699
2022-06-17,Santa Clara,085,1922200,371057,365638,16217,381855,2328
2022-06-17,Santa Cruz,087,273765,54649,53866,2724,56590,264
2022-06-17,Shasta,089,179085,31872,31647,6445,38092,568
2022-06-17,Sierra,091,2930,284,281,57,338,4
2022-06-17,Siskiyou,093,43540,4716,4672,2995,7667,81
2022-06-17,Solano,095,438530,92176,90548,6546,97094,454
2022-06-17,Sonoma,097,501317,95467,94318,4189,98507,493
2022-06-17,Stanislaus,099,539301,124126,123264,18860,142124,1668
2022-06-17,Sutter,101,95872,21606,21501,2336,23837,227
2022-06-17,Tehama,103,63373,12498,12410,2757,15167,205
2022-06-17,Trinity,105,12862,1228,1220,303,1523,20
2022-06-17,Tulare,107,460477,110785,110041,30963,141004,1496
2022-06-17,Tuolumne,109,53932,13631,13487,688,14175,189
2022-06-17,Ventura,111,848112,186854,185219,11526,196745,1513
2022-06-17,Yolo,113,214977,42669,41135,3765,44900,323
2022-06-17,Yuba,115,75493,16927,16786,1459,18245,124
2022-06-16,Alameda,001,1643700,299566,296062,17160,313222,1883
2022-06-16,Alpine,003,1148,129,129,1,130,0
2022-06-16,Amador,005,37829,9121,8985,736,9721,87
2022-06-16,Butte,007,227075,35235,34920,7520,42440,432
2022-06-16,Calaveras,009,45235,7713,7664,423,8087,122
2022-06-16,Colusa,011,21464,3528,3519,1137,4656,21
2022-06-16,Contra Costa,013,1133247,216487,213994,16512,230506,1323
2022-06-16,Del Norte,015,27424,6439,6307,302,6609,52
2022-06-16,El Dorado,017,186661,29159,28904,3662,32566,215
2022-06-16,Fresno,019,978130,243853,242214,25973,268187,2768
2022-06-16,Glenn,021,27897,5159,5131,1689,6820,48
2022-06-16,Humboldt,023,135768,19121,18885,3859,22744,148
2022-06-16,Imperial,025,180216,57825,57450,11652,69102,944
2022-06-16,Inyo,027,18085,4224,4209,634,4843,56
2022-06-16,Kern,029,883053,199928,198567,50164,248731,2340
2022-06-16,Kings,031,150075,53497,53242,3772,57014,448
2022-06-16,Lake,033,64148,11418,11318,1003,12321,140
2022-06-16,Lassen,035,31185,9255,9225,941,10166,64
2022-06-16,Los Angeles,037,10098052,2927016,2909197,141695,3050892,31999
2022-06-16,Madera,039,155013,39145,38859,6694,45553,372
2022-06-16,Marin,041,260295,39619,39214,4549,43763,294
2022-06-16,Mariposa,043,17540,2700,2662,262,2924,30
2022-06-16,Mendocino,045,87422,14203,14090,3691,17781,127
2022-06-16,Merced,047,269075,65148,64734,9628,74362,827
2022-06-16,Modoc,049,8938,773,771,268,1039,8
2022-06-16,Mono,051,14174,3072,3066,179,3245,6
2022-06-16,Monterey,053,433212,84825,84032,16978,101010,744
2022-06-16,Napa,055,140530,28914,28619,1264,29883,144
2022-06-16,Nevada,057,99092,17285,17134,1421,18555,129
2022-06-16,Orange,059,3164182,591694,587176,48939,636115,7074
2022-06-16,Placer,061,380077,68541,67961,8258,76219,628
2022-06-16,Plumas,063,18699,3226,3201,397,3598,13
2022-06-16,Riverside,065,2383286,623313,619760,30638,650398,6488
2022-06-16,Sacramento,067,1510023,308699,306215,31148,337363,3072
2022-06-16,San Benito,069,59416,14091,13985,678,14663,99
2022-06-16,San Bernardino,071,2135413,596383,591926,26741,618667,7765
2022-06-16,San Diego,073,3302833,817675,815124,59401,874525,5318
2022-06-16,San Francisco,075,870044,153969,151898,10316,162214,897
2022-06-16,San Joaquin,077,732212,177563,176323,11903,188226,2251
2022-06-16,San Luis Obispo,079,281455,57123,56767,5378,62145,485
2022-06-16,San Mateo,081,765935,145495,143879,9313,153192,723
2022-06-16,Santa Barbara,083,443738,93514,92906,5452,98358,699
2022-06-16,Santa Clara,085,1922200,370112,365638,16170,381808,2328
2022-06-16,Santa Cruz,087,273765,54517,53866,2711,56577,264
2022-06-16,Shasta,089,179085,31841,31647,6434,38081,568
2022-06-16,Sierra,091,2930,283,281,57,338,4
2022-06-16,Siskiyou,093,43540,4707,4672,2986,7658,81
2022-06-16,Solano,095,438530,91989,90548,6531,97079,454
2022-06-16,Sonoma,097,501317,95282,94318,4170,98488,493
2022-06-16,Stanislaus,099,539301,123966,123264,18840,142104,1668
2022-06-16,Sutter,101,95872,21581,21501,2334,23835,227
2022-06-16,Tehama,103,63373,12479,12410,2754,15164,205
2022-06-16,Trinity,105,12862,1226,1220,300,1520,20
2022-06-16,Tulare,107,460477,110652,110041,30910,140951,1496
2022-06-16,Tuolumne,109,53932,13607,13487,684,14171,189
2022-06-16,Ventura,111,848112,186583,185219,11477,196696,1513
2022-06-16,Yolo,113,214977,42578,41135,3750,44885,323
2022-06-16,Yuba,115,75493,16903,16786,1455,18241,124
2022-06-15,Alameda,001,1643700,298766,295002,17097,312099,1880
2022-06-15,Alpine,003,1148,129,129,1,130,0
2022-06-15,Amador,005,37829,9113,8972,736,9708,87
2022-06-15,Butte,007,227075,35169,34841,7498,42339,430
2022-06-15,Calaveras,009,45235,7710,7648,420,8068,122
2022-06-15,Colusa,011,21464,3524,3515,1135,4650,21
2022-06-15,Contra Costa,013,1133247,216037,213219,16470,229689,1321
2022-06-15,Del Norte,015,27424,6428,6298,300,6598,52
2022-06-15,El Dorado,017,186661,29106,28829,3648,32477,215
2022-06-15,Fresno,019,978130,243489,241768,25928,267696,2767
2022-06-15,Glenn,021,27897,5154,5128,1681,6809,48
2022-06-15,Humboldt,023,135768,19083,18836,3833,22669,148
2022-06-15,Imperial,025,180216,57743,57373,11624,68997,941
2022-06-15,Inyo,027,18085,4222,4205,633,4838,56
2022-06-15,Kern,029,883053,199667,198216,50047,248263,2338
2022-06-15,Kings,031,150075,53443,53170,3769,56939,448
2022-06-15,Lake,033,64148,11400,11303,998,12301,140
2022-06-15,Lassen,035,31185,9251,9209,940,10149,64
2022-06-15,Los Angeles,037,10098052,2922763,2897298,141348,3038646,31971
2022-06-15,Madera,039,155013,39101,38776,6677,45453,372
2022-06-15,Marin,041,260295,39530,39027,4542,43569,294
2022-06-15,Mariposa,043,17540,2696,2651,260,2911,30
2022-06-15,Mendocino,045,87422,14177,14052,3687,17739,127
2022-06-15,Merced,047,269075,65066,64595,9613,74208,825
2022-06-15,Modoc,049,8938,772,772,268,1040,8
2022-06-15,Mono,051,14174,3072,3060,179,3239,6
2022-06-15,Monterey,053,433212,84686,83837,16930,100767,741
2022-06-15,Napa,055,140530,28854,28518,1257,29775,144
2022-06-15,Nevada,057,99092,17260,17107,1417,18524,127
2022-06-15,Orange,059,3164182,590657,585496,48750,634246,7067
2022-06-15,Placer,061,380077,68418,67805,8246,76051,628
2022-06-15,Plumas,063,18699,3221,3185,395,3580,13
2022-06-15,Riverside,065,2383286,622590,618584,30581,649165,6482
2022-06-15,Sacramento,067,1510023,308105,305361,31095,336456,3059
2022-06-15,San Benito,069,59416,14054,13953,670,14623,99
2022-06-15,San Bernardino,071,2135413,595732,590328,26697,617025,7735
2022-06-15,San Diego,073,3302833,816119,811093,59235,870328,5316
2022-06-15,San Francisco,075,870044,153532,151170,10290,161460,890
2022-06-15,San Joaquin,077,732212,177321,175966,11863,187829,2244
2022-06-15,San Luis Obispo,079,281455,57037,56535,5336,61871,486
2022-06-15,San Mateo,081,765935,145098,143277,9297,152574,722
2022-06-15,Santa Barbara,083,443738,93381,92710,5444,98154,698
2022-06-15,Santa Clara,085,1922200,369114,364014,16136,380150,2323
2022-06-15,Santa Cruz,087,273765,54402,53718,2705,56423,265
2022-06-15,Shasta,089,179085,31801,31598,6426,38024,568
2022-06-15,Sierra,091,2930,281,280,56,336,4
2022-06-15,Siskiyou,093,43540,4696,4656,2975,7631,81
2022-06-15,Solano,095,438530,91779,90265,6523,96788,453
2022-06-15,Sonoma,097,501317,95088,94041,4159,98200,492
2022-06-15,Stanislaus,099,539301,123824,122944,18815,141759,1668
2022-06-15,Sutter,101,95872,21553,21448,2329,23777,227
2022-06-15,Tehama,103,63373,12471,12392,2748,15140,205
2022-06-15,Trinity,105,12862,1225,1217,299,1516,20
2022-06-15,Tulare,107,460477,110546,109930,30869,140799,1495
2022-06-15,Tuolumne,109,53932,13596,13459,684,14143,189
2022-06-15,Ventura,111,848112,186308,184750,11427,196177,1509
2022-06-15,Yolo,113,214977,42474,40756,3735,44491,322
2022-06-15,Yuba,115,75493,16878,16754,1450,18204,124
2022-06-14,Alameda,001,1643700,298062,295002,17039,312041,1880
2022-06-14,Alpine,003,1148,129,129,1,130,0
2022-06-14,Amador,005,37829,9097,8972,730,9702,87
2022-06-14,Butte,007,227075,35116,34841,7481,42322,430
2022-06-14,Calaveras,009,45235,7700,7648,419,8067,122
2022-06-14,Colusa,011,21464,3522,3515,1134,4649,21
2022-06-14,Contra Costa,013,1133247,215511,213219,16408,229627,1321
2022-06-14,Del Norte,015,27424,6420,6298,297,6595,52
2022-06-14,El Dorado,017,186661,29054,28829,3639,32468,215
2022-06-14,Fresno,019,978130,243097,241768,25867,267635,2767
2022-06-14,Glenn,021,27897,5146,5128,1677,6805,48
2022-06-14,Humboldt,023,135768,19033,18836,3814,22650,148
2022-06-14,Imperial,025,180216,57669,57373,11589,68962,941
2022-06-14,Inyo,027,18085,4217,4205,631,4836,56
2022-06-14,Kern,029,883053,199408,198216,49913,248129,2338
2022-06-14,Kings,031,150075,53375,53170,3767,56937,448
2022-06-14,Lake,033,64148,11374,11303,996,12299,140
2022-06-14,Lassen,035,31185,9245,9209,934,10143,64
2022-06-14,Los Angeles,037,10098052,2918267,2897298,140932,3038230,31971
2022-06-14,Madera,039,155013,39047,38776,6668,45444,372
2022-06-14,Marin,041,260295,39422,39027,4531,43558,294
2022-06-14,Mariposa,043,17540,2685,2651,258,2909,30
2022-06-14,Mendocino,045,87422,14149,14052,3673,17725,127
2022-06-14,Merced,047,269075,64985,64595,9584,74179,825
2022-06-14,Modoc,049,8938,772,772,266,1038,8
2022-06-14,Mono,051,14174,3072,3060,178,3238,6
2022-06-14,Monterey,053,433212,84548,83837,16882,100719,741
2022-06-14,Napa,055,140530,28792,28518,1255,29773,144
2022-06-14,Nevada,057,99092,17228,17107,1412,18519,127
2022-06-14,Orange,059,3164182,589527,585496,48574,634070,7067
2022-06-14,Placer,061,380077,68294,67805,8233,76038,628
2022-06-14,Plumas,063,18699,3216,3185,395,3580,13
2022-06-14,Riverside,065,2383286,621809,618584,30540,649124,6482
2022-06-14,Sacramento,067,1510023,307480,305361,31003,336364,3059
2022-06-14,San Benito,069,59416,14019,13953,668,14621,99
2022-06-14,San Bernardino,071,2135413,595025,590328,26652,616980,7735
2022-06-14,San Diego,073,3302833,814408,811093,59086,870179,5316
2022-06-14,San Francisco,075,870044,153043,151170,10263,161433,890
2022-06-14,San Joaquin,077,732212,177052,175966,11829,187795,2244
2022-06-14,San Luis Obispo,079,281455,56930,56535,5281,61816,486
2022-06-14,San Mateo,081,765935,144720,143277,9282,152559,722
2022-06-14,Santa Barbara,083,443738,93245,92710,5429,98139,698
2022-06-14,Santa Clara,085,1922200,368049,364014,16082,380096,2323
2022-06-14,Santa Cruz,087,273765,54277,53718,2693,56411,265
2022-06-14,Shasta,089,179085,31769,31598,6418,38016,568
2022-06-14,Sierra,091,2930,281,280,56,336,4
2022-06-14,Siskiyou,093,43540,4686,4656,2969,7625,81
2022-06-14,Solano,095,438530,91520,90265,6501,96766,453
2022-06-14,Sonoma,097,501317,94877,94041,4145,98186,492
2022-06-14,Stanislaus,099,539301,123645,122944,18785,141729,1668
2022-06-14,Sutter,101,95872,21515,21448,2325,23773,227
2022-06-14,Tehama,103,63373,12453,12392,2745,15137,205
2022-06-14,Trinity,105,12862,1224,1217,299,1516,20
2022-06-14,Tulare,107,460477,110403,109930,30821,140751,1495
2022-06-14,Tuolumne,109,53932,13576,13459,680,14139,189
2022-06-14,Ventura,111,848112,186015,184750,11384,196134,1509
2022-06-14,Yolo,113,214977,42367,40756,3724,44480,322
2022-06-14,Yuba,115,75493,16848,16754,1447,18201,124
2022-06-13,Alameda,001,1643700,297236,295002,16985,311987,1880
2022-06-13,Alpine,003,1148,129,129,1,130,0
2022-06-13,Amador,005,37829,9090,8972,728,9700,87
2022-06-13,Butte,007,227075,35043,34841,7454,42295,430
2022-06-13,Calaveras,009,45235,7681,7648,419,8067,122
2022-06-13,Colusa,011,21464,3522,3515,1131,4646,21
2022-06-13,Contra Costa,013,1133247,214934,213219,16334,229553,1321
2022-06-13,Del Norte,015,27424,6408,6298,293,6591,52
2022-06-13,El Dorado,017,186661,29004,28829,3627,32456,215
2022-06-13,Fresno,019,978130,242677,241768,25808,267576,2767
2022-06-13,Glenn,021,27897,5142,5128,1672,6800,48
2022-06-13,Humboldt,023,135768,18979,18836,3788,22624,148
2022-06-13,Imperial,025,180216,57573,57373,11538,68911,941
2022-06-13,Inyo,027,18085,4213,4205,626,4831,56
2022-06-13,Kern,029,883053,199138,198216,49758,247974,2338
2022-06-13,Kings,031,150075,53310,53170,3763,56933,448
2022-06-13,Lake,033,64148,11349,11303,995,12298,140
2022-06-13,Lassen,035,31185,9237,9209,931,10140,64
2022-06-13,Los Angeles,037,10098052,2913737,2897298,140545,3037843,31971
2022-06-13,Madera,039,155013,38979,38776,6649,45425,372
2022-06-13,Marin,041,260295,39315,39027,4502,43529,294
2022-06-13,Mariposa,043,17540,2672,2651,257,2908,30
2022-06-13,Mendocino,045,87422,14125,14052,3657,17709,127
2022-06-13,Merced,047,269075,64908,64595,9551,74146,825
2022-06-13,Modoc,049,8938,771,772,266,1038,8
2022-06-13,Mono,051,14174,3070,3060,178,3238,6
2022-06-13,Monterey,053,433212,84415,83837,16825,100662,741
2022-06-13,Napa,055,140530,28721,28518,1251,29769,144
2022-06-13,Nevada,057,99092,17197,17107,1409,18516,127
2022-06-13,Orange,059,3164182,588284,585496,48388,633884,7067
2022-06-13,Placer,061,380077,68198,67805,8212,76017,628
2022-06-13,Plumas,063,18699,3211,3185,394,3579,13
2022-06-13,Riverside,065,2383286,621067,618584,30501,649085,6482
2022-06-13,Sacramento,067,1510023,306807,305361,30932,336293,3059
2022-06-13,San Benito,069,59416,13993,13953,662,14615,99
2022-06-13,San Bernardino,071,2135413,594242,590328,26622,616950,7735
2022-06-13,San Diego,073,3302833,812696,811093,58985,870078,5316
2022-06-13,San Francisco,075,870044,152495,151170,10243,161413,890
2022-06-13,San Joaquin,077,732212,176791,175966,11788,187754,2244
2022-06-13,San Luis Obispo,079,281455,56832,56535,5227,61762,486
2022-06-13,San Mateo,081,765935,144291,143277,9254,152531,722
2022-06-13,Santa Barbara,083,443738,93116,92710,5414,98124,698
2022-06-13,Santa Clara,085,1922200,367035,364014,16026,380040,2323
2022-06-13,Santa Cruz,087,273765,54139,53718,2686,56404,265
2022-06-13,Shasta,089,179085,31737,31598,6411,38009,568
2022-06-13,Sierra,091,2930,281,280,56,336,4
2022-06-13,Siskiyou,093,43540,4682,4656,2961,7617,81
2022-06-13,Solano,095,438530,91283,90265,6476,96741,453
2022-06-13,Sonoma,097,501317,94648,94041,4122,98163,492
2022-06-13,Stanislaus,099,539301,123474,122944,18763,141707,1668
2022-06-13,Sutter,101,95872,21487,21448,2321,23769,227
2022-06-13,Tehama,103,63373,12433,12392,2742,15134,205
2022-06-13,Trinity,105,12862,1222,1217,299,1516,20
2022-06-13,Tulare,107,460477,110250,109930,30761,140691,1495
2022-06-13,Tuolumne,109,53932,13554,13459,677,14136,189
2022-06-13,Ventura,111,848112,185723,184750,11329,196079,1509
2022-06-13,Yolo,113,214977,42229,40756,3710,44466,322
2022-06-13,Yuba,115,75493,16830,16754,1441,18195,124
2022-06-12,Alameda,001,1643700,296421,292112,16922,309034,1877
2022-06-12,Alpine,003,1148,129,129,1,130,0
2022-06-12,Amador,005,37829,9067,8869,727,9596,87
2022-06-12,Butte,007,227075,34985,34596,7429,42025,427
2022-06-12,Calaveras,009,45235,7667,7604,415,8019,122
2022-06-12,Colusa,011,21464,3521,3505,1130,4635,21
2022-06-12,Contra Costa,013,1133247,214345,211229,16255,227484,1315
2022-06-12,Del Norte,015,27424,6394,6253,293,6546,52
2022-06-12,El Dorado,017,186661,28942,28641,3607,32248,215
2022-06-12,Fresno,019,978130,242218,240345,25751,266096,2766
2022-06-12,Glenn,021,27897,5138,5104,1670,6774,48
2022-06-12,Humboldt,023,135768,18913,18696,3749,22445,148
2022-06-12,Imperial,025,180216,57503,57129,11488,68617,941
2022-06-12,Inyo,027,18085,4212,4194,624,4818,56
2022-06-12,Kern,029,883053,198856,197353,49620,246973,2338
2022-06-12,Kings,031,150075,53231,52978,3754,56732,447
2022-06-12,Lake,033,64148,11325,11202,994,12196,139
2022-06-12,Lassen,035,31185,9219,9172,928,10100,64
2022-06-12,Los Angeles,037,10098052,2908813,2878981,140071,3019052,31947
2022-06-12,Madera,039,155013,38886,38567,6622,45189,372
2022-06-12,Marin,041,260295,39207,38593,4476,43069,294
2022-06-12,Mariposa,043,17540,2666,2625,256,2881,30
2022-06-12,Mendocino,045,87422,14102,13945,3651,17596,127
2022-06-12,Merced,047,269075,64794,64286,9517,73803,825
2022-06-12,Modoc,049,8938,771,767,266,1033,8
2022-06-12,Mono,051,14174,3066,3052,177,3229,6
2022-06-12,Monterey,053,433212,84259,83391,16738,100129,739
2022-06-12,Napa,055,140530,28659,28202,1242,29444,143
2022-06-12,Nevada,057,99092,17154,16989,1403,18392,127
2022-06-12,Orange,059,3164182,587010,581624,48193,629817,7057
2022-06-12,Placer,061,380077,68085,67306,8188,75494,628
2022-06-12,Plumas,063,18699,3205,3172,393,3565,13
2022-06-12,Riverside,065,2383286,620125,615556,30426,645982,6481
2022-06-12,Sacramento,067,1510023,306074,302721,30825,333546,3058
2022-06-12,San Benito,069,59416,13958,13832,656,14488,99
2022-06-12,San Bernardino,071,2135413,593335,587385,26571,613956,7708
2022-06-12,San Diego,073,3302833,810973,805360,58854,864214,5315
2022-06-12,San Francisco,075,870044,151935,149278,10193,159471,890
2022-06-12,San Joaquin,077,732212,176440,174822,11758,186580,2244
2022-06-12,San Luis Obispo,079,281455,56696,56160,5152,61312,485
2022-06-12,San Mateo,081,765935,143829,141719,9211,150930,715
2022-06-12,Santa Barbara,083,443738,92943,92177,5400,97577,694
2022-06-12,Santa Clara,085,1922200,365855,359925,15975,375900,2322
2022-06-12,Santa Cruz,087,273765,53978,53171,2680,55851,264
2022-06-12,Shasta,089,179085,31690,31483,6397,37880,566
2022-06-12,Sierra,091,2930,281,278,56,334,4
2022-06-12,Siskiyou,093,43540,4674,4633,2956,7589,81
2022-06-12,Solano,095,438530,90994,89424,6453,95877,453
2022-06-12,Sonoma,097,501317,94397,93218,4097,97315,492
2022-06-12,Stanislaus,099,539301,123275,122267,18722,140989,1665
2022-06-12,Sutter,101,95872,21446,21333,2302,23635,227
2022-06-12,Tehama,103,63373,12415,12343,2735,15078,205
2022-06-12,Trinity,105,12862,1219,1213,299,1512,20
2022-06-12,Tulare,107,460477,110046,109467,30685,140152,1495
2022-06-12,Tuolumne,109,53932,13526,13382,674,14056,189
2022-06-12,Ventura,111,848112,185365,183680,11281,194961,1508
2022-06-12,Yolo,113,214977,42110,40202,3701,43903,323
2022-06-12,Yuba,115,75493,16802,16653,1433,18086,123
2022-06-11,Alameda,001,1643700,296006,292112,16897,309009,1877
2022-06-11,Alpine,003,1148,129,129,1,130,0
2022-06-11,Amador,005,37829,9053,8869,727,9596,87
2022-06-11,Butte,007,227075,34949,34596,7409,42005,427
2022-06-11,Calaveras,009,45235,7660,7604,414,8018,122
2022-06-11,Colusa,011,21464,3519,3505,1129,4634,21
2022-06-11,Contra Costa,013,1133247,214036,211229,16218,227447,1315
2022-06-11,Del Norte,015,27424,6386,6253,293,6546,52
2022-06-11,El Dorado,017,186661,28923,28641,3605,32246,215
2022-06-11,Fresno,019,978130,242023,240345,25730,266075,2766
2022-06-11,Glenn,021,27897,5136,5104,1670,6774,48
2022-06-11,Humboldt,023,135768,18890,18696,3739,22435,148
2022-06-11,Imperial,025,180216,57446,57129,11474,68603,941
2022-06-11,Inyo,027,18085,4212,4194,622,4816,56
2022-06-11,Kern,029,883053,198731,197353,49538,246891,2338
2022-06-11,Kings,031,150075,53199,52978,3753,56731,447
2022-06-11,Lake,033,64148,11317,11202,991,12193,139
2022-06-11,Lassen,035,31185,9214,9172,927,10099,64
2022-06-11,Los Angeles,037,10098052,2906480,2878981,139789,3018770,31947
2022-06-11,Madera,039,155013,38865,38567,6620,45187,372
2022-06-11,Marin,041,260295,39130,38593,4441,43034,294
2022-06-11,Mariposa,043,17540,2662,2625,255,2880,30
2022-06-11,Mendocino,045,87422,14091,13945,3648,17593,127
2022-06-11,Merced,047,269075,64746,64286,9512,73798,825
2022-06-11,Modoc,049,8938,771,767,266,1033,8
2022-06-11,Mono,051,14174,3066,3052,177,3229,6
2022-06-11,Monterey,053,433212,84176,83391,16706,100097,739
2022-06-11,Napa,055,140530,28619,28202,1238,29440,143
2022-06-11,Nevada,057,99092,17141,16989,1401,18390,127
2022-06-11,Orange,059,3164182,586368,581624,48050,629674,7057
2022-06-11,Placer,061,380077,67998,67306,8179,75485,628
2022-06-11,Plumas,063,18699,3202,3172,393,3565,13
2022-06-11,Riverside,065,2383286,619597,615556,30395,645951,6481
2022-06-11,Sacramento,067,1510023,305767,302721,30787,333508,3058
2022-06-11,San Benito,069,59416,13948,13832,653,14485,99
2022-06-11,San Bernardino,071,2135413,592925,587385,26549,613934,7708
2022-06-11,San Diego,073,3302833,810269,805360,58810,864170,5315
2022-06-11,San Francisco,075,870044,151615,149278,10171,159449,890
2022-06-11,San Joaquin,077,732212,176285,174822,11738,186560,2244
2022-06-11,San Luis Obispo,079,281455,56662,56160,5142,61302,485
2022-06-11,San Mateo,081,765935,143606,141719,9188,150907,715
2022-06-11,Santa Barbara,083,443738,92876,92177,5386,97563,694
2022-06-11,Santa Clara,085,1922200,365096,359925,15934,375859,2322
2022-06-11,Santa Cruz,087,273765,53923,53171,2664,55835,264
2022-06-11,Shasta,089,179085,31674,31483,6391,37874,566
2022-06-11,Sierra,091,2930,281,278,56,334,4
2022-06-11,Siskiyou,093,43540,4668,4633,2948,7581,81
2022-06-11,Solano,095,438530,90906,89424,6441,95865,453
2022-06-11,Sonoma,097,501317,94290,93218,4072,97290,492
2022-06-11,Stanislaus,099,539301,123172,122267,18701,140968,1665
2022-06-11,Sutter,101,95872,21429,21333,2300,23633,227
2022-06-11,Tehama,103,63373,12408,12343,2734,15077,205
2022-06-11,Trinity,105,12862,1219,1213,299,1512,20
2022-06-11,Tulare,107,460477,109965,109467,30647,140114,1495
2022-06-11,Tuolumne,109,53932,13500,13382,672,14054,189
2022-06-11,Ventura,111,848112,185188,183680,11248,194928,1508
2022-06-11,Yolo,113,214977,42047,40202,3695,43897,323
2022-06-11,Yuba,115,75493,16783,16653,1428,18081,123
2022-06-10,Alameda,001,1643700,295535,292112,16871,308983,1877
2022-06-10,Alpine,003,1148,129,129,1,130,0
2022-06-10,Amador,005,37829,9040,8869,726,9595,87
2022-06-10,Butte,007,227075,34919,34596,7399,41995,427
2022-06-10,Calaveras,009,45235,7655,7604,414,8018,122
2022-06-10,Colusa,011,21464,3514,3505,1127,4632,21
2022-06-10,Contra Costa,013,1133247,213769,211229,16184,227413,1315
2022-06-10,Del Norte,015,27424,6380,6253,292,6545,52
2022-06-10,El Dorado,017,186661,28894,28641,3599,32240,215
2022-06-10,Fresno,019,978130,241794,240345,25704,266049,2766
2022-06-10,Glenn,021,27897,5134,5104,1666,6770,48
2022-06-10,Humboldt,023,135768,18868,18696,3732,22428,148
2022-06-10,Imperial,025,180216,57400,57129,11471,68600,941
2022-06-10,Inyo,027,18085,4211,4194,618,4812,56
2022-06-10,Kern,029,883053,198585,197353,49438,246791,2338
2022-06-10,Kings,031,150075,53179,52978,3752,56730,447
2022-06-10,Lake,033,64148,11302,11202,990,12192,139
2022-06-10,Lassen,035,31185,9211,9172,927,10099,64
2022-06-10,Los Angeles,037,10098052,2903782,2878981,139523,3018504,31947
2022-06-10,Madera,039,155013,38837,38567,6612,45179,372
2022-06-10,Marin,041,260295,39035,38593,4413,43006,294
2022-06-10,Mariposa,043,17540,2658,2625,254,2879,30
2022-06-10,Mendocino,045,87422,14073,13945,3640,17585,127
2022-06-10,Merced,047,269075,64703,64286,9506,73792,825
2022-06-10,Modoc,049,8938,771,767,266,1033,8
2022-06-10,Mono,051,14174,3066,3052,176,3228,6
2022-06-10,Monterey,053,433212,84085,83391,16661,100052,739
2022-06-10,Napa,055,140530,28588,28202,1237,29439,143
2022-06-10,Nevada,057,99092,17129,16989,1400,18389,127
2022-06-10,Orange,059,3164182,585708,581624,47930,629554,7057
2022-06-10,Placer,061,380077,67929,67306,8162,75468,628
2022-06-10,Plumas,063,18699,3198,3172,393,3565,13
2022-06-10,Riverside,065,2383286,619077,615556,30365,645921,6481
2022-06-10,Sacramento,067,1510023,305370,302721,30764,333485,3058
2022-06-10,San Benito,069,59416,13934,13832,652,14484,99
2022-06-10,San Bernardino,071,2135413,592527,587385,26514,613899,7708
2022-06-10,San Diego,073,3302833,809355,805360,58776,864136,5315
2022-06-10,San Francisco,075,870044,151296,149278,10130,159408,890
2022-06-10,San Joaquin,077,732212,176170,174822,11721,186543,2244
2022-06-10,San Luis Obispo,079,281455,56627,56160,5134,61294,485
2022-06-10,San Mateo,081,765935,143354,141719,9173,150892,715
2022-06-10,Santa Barbara,083,443738,92777,92177,5382,97559,694
2022-06-10,Santa Clara,085,1922200,364352,359925,15900,375825,2322
2022-06-10,Santa Cruz,087,273765,53824,53171,2654,55825,264
2022-06-10,Shasta,089,179085,31654,31483,6381,37864,566
2022-06-10,Sierra,091,2930,280,278,56,334,4
2022-06-10,Siskiyou,093,43540,4661,4633,2942,7575,81
2022-06-10,Solano,095,438530,90746,89424,6427,95851,453
2022-06-10,Sonoma,097,501317,94131,93218,4047,97265,492
2022-06-10,Stanislaus,099,539301,123053,122267,18688,140955,1665
2022-06-10,Sutter,101,95872,21414,21333,2298,23631,227
2022-06-10,Tehama,103,63373,12400,12343,2733,15076,205
2022-06-10,Trinity,105,12862,1217,1213,299,1512,20
2022-06-10,Tulare,107,460477,109898,109467,30617,140084,1495
2022-06-10,Tuolumne,109,53932,13486,13382,668,14050,189
2022-06-10,Ventura,111,848112,184999,183680,11214,194894,1508
2022-06-10,Yolo,113,214977,41957,40202,3687,43889,323
2022-06-10,Yuba,115,75493,16762,16653,1425,18078,123
2022-06-09,Alameda,001,1643700,294624,292112,16811,308923,1877
2022-06-09,Alpine,003,1148,129,129,1,130,0
2022-06-09,Amador,005,37829,9028,8869,723,9592,87
2022-06-09,Butte,007,227075,34860,34596,7390,41986,427
2022-06-09,Calaveras,009,45235,7645,7604,414,8018,122
2022-06-09,Colusa,011,21464,3513,3505,1125,4630,21
2022-06-09,Contra Costa,013,1133247,213258,211229,16137,227366,1315
2022-06-09,Del Norte,015,27424,6366,6253,289,6542,52
2022-06-09,El Dorado,017,186661,28837,28641,3591,32232,215
2022-06-09,Fresno,019,978130,241439,240345,25657,266002,2766
2022-06-09,Glenn,021,27897,5128,5104,1664,6768,48
2022-06-09,Humboldt,023,135768,18820,18696,3720,22416,148
2022-06-09,Imperial,025,180216,57345,57129,11450,68579,941
2022-06-09,Inyo,027,18085,4208,4194,613,4807,56
2022-06-09,Kern,029,883053,198384,197353,49333,246686,2338
2022-06-09,Kings,031,150075,53137,52978,3748,56726,447
2022-06-09,Lake,033,64148,11277,11202,989,12191,139
2022-06-09,Lassen,035,31185,9192,9172,925,10097,64
2022-06-09,Los Angeles,037,10098052,2899403,2878981,139137,3018118,31947
2022-06-09,Madera,039,155013,38783,38567,6597,45164,372
2022-06-09,Marin,041,260295,38932,38593,4388,42981,294
2022-06-09,Mariposa,043,17540,2654,2625,253,2878,30
2022-06-09,Mendocino,045,87422,14045,13945,3638,17583,127
2022-06-09,Merced,047,269075,64625,64286,9496,73782,825
2022-06-09,Modoc,049,8938,770,767,266,1033,8
2022-06-09,Mono,051,14174,3060,3052,174,3226,6
2022-06-09,Monterey,053,433212,83965,83391,16589,99980,739
2022-06-09,Napa,055,140530,28528,28202,1235,29437,143
2022-06-09,Nevada,057,99092,17095,16989,1399,18388,127
2022-06-09,Orange,059,3164182,584645,581624,47775,629399,7057
2022-06-09,Placer,061,380077,67809,67306,8149,75455,628
2022-06-09,Plumas,063,18699,3192,3172,393,3565,13
2022-06-09,Riverside,065,2383286,618385,615556,30321,645877,6481
2022-06-09,Sacramento,067,1510023,304790,302721,30678,333399,3058
2022-06-09,San Benito,069,59416,13916,13832,649,14481,99
2022-06-09,San Bernardino,071,2135413,591864,587385,26479,613864,7708
2022-06-09,San Diego,073,3302833,807946,805360,58655,864015,5315
2022-06-09,San Francisco,075,870044,150896,149278,10098,159376,890
2022-06-09,San Joaquin,077,732212,175882,174822,11700,186522,2244
2022-06-09,San Luis Obispo,079,281455,56540,56160,5104,61264,485
2022-06-09,San Mateo,081,765935,142973,141719,9146,150865,715
2022-06-09,Santa Barbara,083,443738,92646,92177,5377,97554,694
2022-06-09,Santa Clara,085,1922200,363385,359925,15832,375757,2322
2022-06-09,Santa Cruz,087,273765,53692,53171,2643,55814,264
2022-06-09,Shasta,089,179085,31623,31483,6371,37854,566
2022-06-09,Sierra,091,2930,280,278,56,334,4
2022-06-09,Siskiyou,093,43540,4654,4633,2928,7561,81
2022-06-09,Solano,095,438530,90502,89424,6412,95836,453
2022-06-09,Sonoma,097,501317,93975,93218,4027,97245,492
2022-06-09,Stanislaus,099,539301,122885,122267,18674,140941,1665
2022-06-09,Sutter,101,95872,21377,21333,2298,23631,227
2022-06-09,Tehama,103,63373,12382,12343,2732,15075,205
2022-06-09,Trinity,105,12862,1216,1213,299,1512,20
2022-06-09,Tulare,107,460477,109779,109467,30573,140040,1495
2022-06-09,Tuolumne,109,53932,13455,13382,665,14047,189
2022-06-09,Ventura,111,848112,184731,183680,11180,194860,1508
2022-06-09,Yolo,113,214977,41845,40202,3672,43874,323
2022-06-09,Yuba,115,75493,16739,16653,1422,18075,123
2022-06-08,Alameda,001,1643700,293863,289661,16769,306430,1873
2022-06-08,Alpine,003,1148,129,128,1,129,0
2022-06-08,Amador,005,37829,9020,8818,721,9539,87
2022-06-08,Butte,007,227075,34795,34380,7372,41752,427
2022-06-08,Calaveras,009,45235,7631,7564,414,7978,122
2022-06-08,Colusa,011,21464,3511,3495,1122,4617,21
2022-06-08,Contra Costa,013,1133247,212751,209384,16094,225478,1310
2022-06-08,Del Norte,015,27424,6343,6229,289,6518,52
2022-06-08,El Dorado,017,186661,28785,28478,3587,32065,215
2022-06-08,Fresno,019,978130,241103,239376,25589,264965,2766
2022-06-08,Glenn,021,27897,5124,5095,1663,6758,48
2022-06-08,Humboldt,023,135768,18790,18598,3693,22291,147
2022-06-08,Imperial,025,180216,57273,56912,11431,68343,941
2022-06-08,Inyo,027,18085,4206,4189,613,4802,56
2022-06-08,Kern,029,883053,198112,196763,49214,245977,2338
2022-06-08,Kings,031,150075,53067,52821,3742,56563,447
2022-06-08,Lake,033,64148,11256,11158,989,12147,137
2022-06-08,Lassen,035,31185,9179,9148,925,10073,64
2022-06-08,Los Angeles,037,10098052,2894817,2865901,138760,3004661,31920
2022-06-08,Madera,039,155013,38738,38408,6589,44997,372
2022-06-08,Marin,041,260295,38839,38338,4371,42709,294
2022-06-08,Mariposa,043,17540,2644,2614,253,2867,30
2022-06-08,Mendocino,045,87422,14025,13859,3631,17490,127
2022-06-08,Merced,047,269075,64560,64080,9480,73560,825
2022-06-08,Modoc,049,8938,766,761,266,1027,8
2022-06-08,Mono,051,14174,3056,3044,174,3218,6
2022-06-08,Monterey,053,433212,83855,83063,16542,99605,740
2022-06-08,Napa,055,140530,28439,27996,1232,29228,143
2022-06-08,Nevada,057,99092,17069,16907,1397,18304,127
2022-06-08,Orange,059,3164182,583546,578530,47581,626111,7044
2022-06-08,Placer,061,380077,67681,66951,8144,75095,627
2022-06-08,Plumas,063,18699,3189,3150,392,3542,13
2022-06-08,Riverside,065,2383286,617701,613469,30288,643757,6480
2022-06-08,Sacramento,067,1510023,304159,300875,30590,331465,3054
2022-06-08,San Benito,069,59416,13882,13734,648,14382,99
2022-06-08,San Bernardino,071,2135413,591173,585029,26439,611468,7685
2022-06-08,San Diego,073,3302833,806457,800840,58507,859347,5308
2022-06-08,San Francisco,075,870044,150473,147960,10072,158032,885
2022-06-08,San Joaquin,077,732212,175608,173887,11671,185558,2241
2022-06-08,San Luis Obispo,079,281455,56384,55822,5038,60860,484
2022-06-08,San Mateo,081,765935,142576,140569,9101,149670,710
2022-06-08,Santa Barbara,083,443738,92507,91747,5374,97121,693
2022-06-08,Santa Clara,085,1922200,362422,356452,15782,372234,2321
2022-06-08,Santa Cruz,087,273765,53552,52753,2629,55382,264
2022-06-08,Shasta,089,179085,31591,31394,6365,37759,565
2022-06-08,Sierra,091,2930,280,278,56,334,4
2022-06-08,Siskiyou,093,43540,4649,4609,2925,7534,81
2022-06-08,Solano,095,438530,90235,88522,6395,94917,453
2022-06-08,Sonoma,097,501317,93791,92644,3993,96637,491
2022-06-08,Stanislaus,099,539301,122701,121787,18650,140437,1662
2022-06-08,Sutter,101,95872,21354,21256,2294,23550,227
2022-06-08,Tehama,103,63373,12375,12306,2730,15036,205
2022-06-08,Trinity,105,12862,1215,1211,298,1509,20
2022-06-08,Tulare,107,460477,109692,109091,30519,139610,1494
2022-06-08,Tuolumne,109,53932,13439,13335,663,13998,189
2022-06-08,Ventura,111,848112,184456,182847,11157,194004,1506
2022-06-08,Yolo,113,214977,41740,39962,3662,43624,321
2022-06-08,Yuba,115,75493,16714,16558,1412,17970,122
2022-06-07,Alameda,001,1643700,293057,289661,16709,306370,1873
2022-06-07,Alpine,003,1148,129,128,1,129,0
2022-06-07,Amador,005,37829,9010,8818,719,9537,87
2022-06-07,Butte,007,227075,34716,34380,7344,41724,427
2022-06-07,Calaveras,009,45235,7623,7564,413,7977,122
2022-06-07,Colusa,011,21464,3511,3495,1118,4613,21
2022-06-07,Contra Costa,013,1133247,212192,209384,16033,225417,1310
2022-06-07,Del Norte,015,27424,6335,6229,285,6514,52
2022-06-07,El Dorado,017,186661,28721,28478,3577,32055,215
2022-06-07,Fresno,019,978130,240720,239376,25518,264894,2766
2022-06-07,Glenn,021,27897,5117,5095,1663,6758,48
2022-06-07,Humboldt,023,135768,18751,18598,3676,22274,147
2022-06-07,Imperial,025,180216,57216,56912,11395,68307,941
2022-06-07,Inyo,027,18085,4205,4189,605,4794,56
2022-06-07,Kern,029,883053,197853,196763,49099,245862,2338
2022-06-07,Kings,031,150075,53009,52821,3735,56556,447
2022-06-07,Lake,033,64148,11231,11158,984,12142,137
2022-06-07,Lassen,035,31185,9170,9148,924,10072,64
2022-06-07,Los Angeles,037,10098052,2889521,2865901,138321,3004222,31920
2022-06-07,Madera,039,155013,38666,38408,6571,44979,372
2022-06-07,Marin,041,260295,38755,38338,4343,42681,294
2022-06-07,Mariposa,043,17540,2637,2614,251,2865,30
2022-06-07,Mendocino,045,87422,13993,13859,3600,17459,127
2022-06-07,Merced,047,269075,64469,64080,9462,73542,825
2022-06-07,Modoc,049,8938,766,761,264,1025,8
2022-06-07,Mono,051,14174,3054,3044,171,3215,6
2022-06-07,Monterey,053,433212,83726,83063,16486,99549,740
2022-06-07,Napa,055,140530,28364,27996,1224,29220,143
2022-06-07,Nevada,057,99092,17042,16907,1390,18297,127
2022-06-07,Orange,059,3164182,582434,578530,47409,625939,7044
2022-06-07,Placer,061,380077,67531,66951,8126,75077,627
2022-06-07,Plumas,063,18699,3184,3150,391,3541,13
2022-06-07,Riverside,065,2383286,616825,613469,30223,643692,6480
2022-06-07,Sacramento,067,1510023,303443,300875,30476,331351,3054
2022-06-07,San Benito,069,59416,13840,13734,643,14377,99
2022-06-07,San Bernardino,071,2135413,590401,585029,26406,611435,7685
2022-06-07,San Diego,073,3302833,804877,800840,58301,859141,5308
2022-06-07,San Francisco,075,870044,149948,147960,10050,158010,885
2022-06-07,San Joaquin,077,732212,175278,173887,11621,185508,2241
2022-06-07,San Luis Obispo,079,281455,56280,55822,4988,60810,484
2022-06-07,San Mateo,081,765935,142159,140569,9043,149612,710
2022-06-07,Santa Barbara,083,443738,92361,91747,5361,97108,693
2022-06-07,Santa Clara,085,1922200,361289,356452,15697,372149,2321
2022-06-07,Santa Cruz,087,273765,53451,52753,2622,55375,264
2022-06-07,Shasta,089,179085,31554,31394,6358,37752,565
2022-06-07,Sierra,091,2930,279,278,56,334,4
2022-06-07,Siskiyou,093,43540,4642,4609,2921,7530,81
2022-06-07,Solano,095,438530,89912,88522,6377,94899,453
2022-06-07,Sonoma,097,501317,93565,92644,3958,96602,491
2022-06-07,Stanislaus,099,539301,122528,121787,18627,140414,1662
2022-06-07,Sutter,101,95872,21326,21256,2292,23548,227
2022-06-07,Tehama,103,63373,12360,12306,2725,15031,205
2022-06-07,Trinity,105,12862,1214,1211,298,1509,20
2022-06-07,Tulare,107,460477,109566,109091,30463,139554,1494
2022-06-07,Tuolumne,109,53932,13426,13335,660,13995,189
2022-06-07,Ventura,111,848112,184100,182847,11109,193956,1506
2022-06-07,Yolo,113,214977,41623,39962,3650,43612,321
2022-06-07,Yuba,115,75493,16685,16558,1410,17968,122
2022-06-06,Alameda,001,1643700,292172,289661,16645,306306,1873
2022-06-06,Alpine,003,1148,129,128,1,129,0
2022-06-06,Amador,005,37829,8959,8818,717,9535,87
2022-06-06,Butte,007,227075,34653,34380,7329,41709,427
2022-06-06,Calaveras,009,45235,7612,7564,413,7977,122
2022-06-06,Colusa,011,21464,3510,3495,1113,4608,21
2022-06-06,Contra Costa,013,1133247,211541,209384,15942,225326,1310
2022-06-06,Del Norte,015,27424,6327,6229,283,6512,52
2022-06-06,El Dorado,017,186661,28673,28478,3564,32042,215
2022-06-06,Fresno,019,978130,240301,239376,25457,264833,2766
2022-06-06,Glenn,021,27897,5110,5095,1659,6754,48
2022-06-06,Humboldt,023,135768,18713,18598,3662,22260,147
2022-06-06,Imperial,025,180216,57143,56912,11354,68266,941
2022-06-06,Inyo,027,18085,4201,4189,602,4791,56
2022-06-06,Kern,029,883053,197572,196763,48952,245715,2338
2022-06-06,Kings,031,150075,52950,52821,3731,56552,447
2022-06-06,Lake,033,64148,11211,11158,977,12135,137
2022-06-06,Lassen,035,31185,9160,9148,923,10071,64
2022-06-06,Los Angeles,037,10098052,2883919,2865901,137912,3003813,31920
2022-06-06,Madera,039,155013,38598,38408,6544,44952,372
2022-06-06,Marin,041,260295,38630,38338,4304,42642,294
2022-06-06,Mariposa,043,17540,2627,2614,248,2862,30
2022-06-06,Mendocino,045,87422,13964,13859,3587,17446,127
2022-06-06,Merced,047,269075,64347,64080,9437,73517,825
2022-06-06,Modoc,049,8938,764,761,262,1023,8
2022-06-06,Mono,051,14174,3051,3044,170,3214,6
2022-06-06,Monterey,053,433212,83583,83063,16417,99480,740
2022-06-06,Napa,055,140530,28285,27996,1213,29209,143
2022-06-06,Nevada,057,99092,17014,16907,1386,18293,127
2022-06-06,Orange,059,3164182,581311,578530,47234,625764,7044
2022-06-06,Placer,061,380077,67418,66951,8104,75055,627
2022-06-06,Plumas,063,18699,3177,3150,390,3540,13
2022-06-06,Riverside,065,2383286,616032,613469,30166,643635,6480
2022-06-06,Sacramento,067,1510023,302667,300875,30366,331241,3054
2022-06-06,San Benito,069,59416,13792,13734,639,14373,99
2022-06-06,San Bernardino,071,2135413,589637,585029,26356,611385,7685
2022-06-06,San Diego,073,3302833,803092,800840,58067,858907,5308
2022-06-06,San Francisco,075,870044,149420,147960,10028,157988,885
2022-06-06,San Joaquin,077,732212,174895,173887,11585,185472,2241
2022-06-06,San Luis Obispo,079,281455,56170,55822,4951,60773,484
2022-06-06,San Mateo,081,765935,141683,140569,9003,149572,710
2022-06-06,Santa Barbara,083,443738,92184,91747,5342,97089,693
2022-06-06,Santa Clara,085,1922200,360026,356452,15610,372062,2321
2022-06-06,Santa Cruz,087,273765,53297,52753,2610,55363,264
2022-06-06,Shasta,089,179085,31520,31394,6344,37738,565
2022-06-06,Sierra,091,2930,279,278,56,334,4
2022-06-06,Siskiyou,093,43540,4632,4609,2910,7519,81
2022-06-06,Solano,095,438530,89623,88522,6356,94878,453
2022-06-06,Sonoma,097,501317,93328,92644,3927,96571,491
2022-06-06,Stanislaus,099,539301,122341,121787,18604,140391,1662
2022-06-06,Sutter,101,95872,21296,21256,2286,23542,227
2022-06-06,Tehama,103,63373,12348,12306,2723,15029,205
2022-06-06,Trinity,105,12862,1212,1211,298,1509,20
2022-06-06,Tulare,107,460477,109430,109091,30400,139491,1494
2022-06-06,Tuolumne,109,53932,13407,13335,659,13994,189
2022-06-06,Ventura,111,848112,183793,182847,11059,193906,1506
2022-06-06,Yolo,113,214977,41466,39962,3636,43598,321
2022-06-06,Yuba,115,75493,16642,16558,1402,17960,122
2022-06-05,Alameda,001,1643700,291121,285785,16580,302365,1873
2022-06-05,Alpine,003,1148,128,128,1,129,0
2022-06-05,Amador,005,37829,8922,8775,714,9489,87
2022-06-05,Butte,007,227075,34573,34129,7310,41439,427
2022-06-05,Calaveras,009,45235,7596,7525,407,7932,121
2022-06-05,Colusa,011,21464,3503,3484,1113,4597,21
2022-06-05,Contra Costa,013,1133247,210833,206711,15817,222528,1310
2022-06-05,Del Norte,015,27424,6317,6206,278,6484,52
2022-06-05,El Dorado,017,186661,28597,28241,3557,31798,214
2022-06-05,Fresno,019,978130,239839,237945,25360,263305,2766
2022-06-05,Glenn,021,27897,5104,5063,1659,6722,48
2022-06-05,Humboldt,023,135768,18663,18433,3638,22071,147
2022-06-05,Imperial,025,180216,57048,56690,11303,67993,941
2022-06-05,Inyo,027,18085,4197,4176,597,4773,56
2022-06-05,Kern,029,883053,197262,195863,48833,244696,2338
2022-06-05,Kings,031,150075,52876,52597,3722,56319,447
2022-06-05,Lake,033,64148,11192,11064,973,12037,137
2022-06-05,Lassen,035,31185,9152,9106,918,10024,64
2022-06-05,Los Angeles,037,10098052,2877877,2846989,137393,2984382,31899
2022-06-05,Madera,039,155013,38537,38188,6527,44715,372
2022-06-05,Marin,041,260295,38517,37879,4269,42148,294
2022-06-05,Mariposa,043,17540,2625,2557,246,2803,30
2022-06-05,Mendocino,045,87422,13928,13738,3537,17275,125
2022-06-05,Merced,047,269075,64255,63756,9401,73157,825
2022-06-05,Modoc,049,8938,763,759,262,1021,8
2022-06-05,Mono,051,14174,3048,3037,168,3205,6
2022-06-05,Monterey,053,433212,83421,82451,16324,98775,738
2022-06-05,Napa,055,140530,28156,27686,1203,28889,143
2022-06-05,Nevada,057,99092,16971,16728,1369,18097,127
2022-06-05,Orange,059,3164182,580050,574146,47040,621186,7038
2022-06-05,Placer,061,380077,67277,66428,8089,74517,627
2022-06-05,Plumas,063,18699,3169,3138,390,3528,13
2022-06-05,Riverside,065,2383286,615096,610369,30096,640465,6481
2022-06-05,Sacramento,067,1510023,301758,297787,30213,328000,3052
2022-06-05,San Benito,069,59416,13747,13572,632,14204,99
2022-06-05,San Bernardino,071,2135413,588660,582305,26306,608611,7664
2022-06-05,San Diego,073,3302833,801189,794822,57877,852699,5303
2022-06-05,San Francisco,075,870044,148826,145876,9968,155844,881
2022-06-05,San Joaquin,077,732212,174463,172621,11536,184157,2242
2022-06-05,San Luis Obispo,079,281455,56009,55333,4875,60208,484
2022-06-05,San Mateo,081,765935,141174,138536,8957,147493,710
2022-06-05,Santa Barbara,083,443738,91992,90911,5321,96232,693
2022-06-05,Santa Clara,085,1922200,358619,351492,15514,367006,2317
2022-06-05,Santa Cruz,087,273765,53105,52333,2596,54929,263
2022-06-05,Shasta,089,179085,31479,31272,6333,37605,565
2022-06-05,Sierra,091,2930,279,278,56,334,4
2022-06-05,Siskiyou,093,43540,4627,4591,2898,7489,81
2022-06-05,Solano,095,438530,89284,87571,6340,93911,452
2022-06-05,Sonoma,097,501317,93048,91518,3894,95412,491
2022-06-05,Stanislaus,099,539301,122142,121001,18571,139572,1661
2022-06-05,Sutter,101,95872,21264,21125,2278,23403,227
2022-06-05,Tehama,103,63373,12329,12262,2720,14982,204
2022-06-05,Trinity,105,12862,1212,1204,298,1502,20
2022-06-05,Tulare,107,460477,109235,108598,30312,138910,1490
2022-06-05,Tuolumne,109,53932,13378,13251,646,13897,189
2022-06-05,Ventura,111,848112,183439,181709,11004,192713,1505
2022-06-05,Yolo,113,214977,41334,39561,3623,43184,321
2022-06-05,Yuba,115,75493,16602,16467,1393,17860,122
2022-06-04,Alameda,001,1643700,290622,285785,16555,302340,1873
2022-06-04,Alpine,003,1148,128,128,1,129,0
2022-06-04,Amador,005,37829,8913,8775,712,9487,87
2022-06-04,Butte,007,227075,34532,34129,7304,41433,427
2022-06-04,Calaveras,009,45235,7582,7525,406,7931,121
2022-06-04,Colusa,011,21464,3500,3484,1108,4592,21
2022-06-04,Contra Costa,013,1133247,210446,206711,15772,222483,1310
2022-06-04,Del Norte,015,27424,6315,6206,278,6484,52
2022-06-04,El Dorado,017,186661,28558,28241,3553,31794,214
2022-06-04,Fresno,019,978130,239667,237945,25344,263289,2766
2022-06-04,Glenn,021,27897,5100,5063,1658,6721,48
2022-06-04,Humboldt,023,135768,18642,18433,3632,22065,147
2022-06-04,Imperial,025,180216,56997,56690,11291,67981,941
2022-06-04,Inyo,027,18085,4197,4176,596,4772,56
2022-06-04,Kern,029,883053,197141,195863,48762,244625,2338
2022-06-04,Kings,031,150075,52833,52597,3722,56319,447
2022-06-04,Lake,033,64148,11177,11064,966,12030,137
2022-06-04,Lassen,035,31185,9147,9106,917,10023,64
2022-06-04,Los Angeles,037,10098052,2875446,2846989,137127,2984116,31899
2022-06-04,Madera,039,155013,38502,38188,6523,44711,372
2022-06-04,Marin,041,260295,38440,37879,4228,42107,294
2022-06-04,Mariposa,043,17540,2622,2557,246,2803,30
2022-06-04,Mendocino,045,87422,13915,13738,3536,17274,125
2022-06-04,Merced,047,269075,64207,63756,9391,73147,825
2022-06-04,Modoc,049,8938,762,759,261,1020,8
2022-06-04,Mono,051,14174,3048,3037,168,3205,6
2022-06-04,Monterey,053,433212,83336,82451,16287,98738,738
2022-06-04,Napa,055,140530,28113,27686,1201,28887,143
2022-06-04,Nevada,057,99092,16958,16728,1367,18095,127
2022-06-04,Orange,059,3164182,579411,574146,46908,621054,7038
2022-06-04,Placer,061,380077,67195,66428,8083,74511,627
2022-06-04,Plumas,063,18699,3165,3138,389,3527,13
2022-06-04,Riverside,065,2383286,614563,610369,30067,640436,6481
2022-06-04,Sacramento,067,1510023,301403,297787,30184,327971,3052
2022-06-04,San Benito,069,59416,13721,13572,629,14201,99
2022-06-04,San Bernardino,071,2135413,588216,582305,26277,608582,7664
2022-06-04,San Diego,073,3302833,800466,794822,57833,852655,5303
2022-06-04,San Francisco,075,870044,148490,145876,9945,155821,881
2022-06-04,San Joaquin,077,732212,174318,172621,11500,184121,2242
2022-06-04,San Luis Obispo,079,281455,55971,55333,4868,60201,484
2022-06-04,San Mateo,081,765935,140873,138536,8928,147464,710
2022-06-04,Santa Barbara,083,443738,91894,90911,5299,96210,693
2022-06-04,Santa Clara,085,1922200,357741,351492,15474,366966,2317
2022-06-04,Santa Cruz,087,273765,53021,52333,2582,54915,263
2022-06-04,Shasta,089,179085,31455,31272,6330,37602,565
2022-06-04,Sierra,091,2930,279,278,56,334,4
2022-06-04,Siskiyou,093,43540,4623,4591,2892,7483,81
2022-06-04,Solano,095,438530,89202,87571,6325,93896,452
2022-06-04,Sonoma,097,501317,92898,91518,3877,95395,491
2022-06-04,Stanislaus,099,539301,122003,121001,18558,139559,1661
2022-06-04,Sutter,101,95872,21238,21125,2274,23399,227
2022-06-04,Tehama,103,63373,12315,12262,2720,14982,204
2022-06-04,Trinity,105,12862,1212,1204,298,1502,20
2022-06-04,Tulare,107,460477,109168,108598,30268,138866,1490
2022-06-04,Tuolumne,109,53932,13368,13251,641,13892,189
2022-06-04,Ventura,111,848112,183255,181709,10987,192696,1505
2022-06-04,Yolo,113,214977,41256,39561,3617,43178,321
2022-06-04,Yuba,115,75493,16586,16467,1389,17856,122
2022-06-03,Alameda,001,1643700,290094,285785,16519,302304,1873
2022-06-03,Alpine,003,1148,128,128,1,129,0
2022-06-03,Amador,005,37829,8907,8775,710,9485,87
2022-06-03,Butte,007,227075,34480,34129,7292,41421,427
2022-06-03,Calaveras,009,45235,7577,7525,406,7931,121
2022-06-03,Colusa,011,21464,3500,3484,1106,4590,21
2022-06-03,Contra Costa,013,1133247,210134,206711,15741,222452,1310
2022-06-03,Del Norte,015,27424,6311,6206,275,6481,52
2022-06-03,El Dorado,017,186661,28529,28241,3550,31791,214
2022-06-03,Fresno,019,978130,239438,237945,25314,263259,2766
2022-06-03,Glenn,021,27897,5094,5063,1655,6718,48
2022-06-03,Humboldt,023,135768,18622,18433,3626,22059,147
2022-06-03,Imperial,025,180216,56951,56690,11279,67969,941
2022-06-03,Inyo,027,18085,4196,4176,596,4772,56
2022-06-03,Kern,029,883053,197000,195863,48693,244556,2338
2022-06-03,Kings,031,150075,52809,52597,3722,56319,447
2022-06-03,Lake,033,64148,11166,11064,963,12027,137
2022-06-03,Lassen,035,31185,9142,9106,917,10023,64
2022-06-03,Los Angeles,037,10098052,2872569,2846989,136851,2983840,31899
2022-06-03,Madera,039,155013,38458,38188,6516,44704,372
2022-06-03,Marin,041,260295,38371,37879,4192,42071,294
2022-06-03,Mariposa,043,17540,2618,2557,246,2803,30
2022-06-03,Mendocino,045,87422,13893,13738,3535,17273,125
2022-06-03,Merced,047,269075,64153,63756,9387,73143,825
2022-06-03,Modoc,049,8938,762,759,261,1020,8
2022-06-03,Mono,051,14174,3045,3037,168,3205,6
2022-06-03,Monterey,053,433212,83237,82451,16233,98684,738
2022-06-03,Napa,055,140530,28063,27686,1193,28879,143
2022-06-03,Nevada,057,99092,16937,16728,1366,18094,127
2022-06-03,Orange,059,3164182,578721,574146,46792,620938,7038
2022-06-03,Placer,061,380077,67114,66428,8068,74496,627
2022-06-03,Plumas,063,18699,3163,3138,388,3526,13
2022-06-03,Riverside,065,2383286,614037,610369,30034,640403,6481
2022-06-03,Sacramento,067,1510023,300941,297787,30148,327935,3052
2022-06-03,San Benito,069,59416,13708,13572,624,14196,99
2022-06-03,San Bernardino,071,2135413,587767,582305,26244,608549,7664
2022-06-03,San Diego,073,3302833,799514,794822,57715,852537,5303
2022-06-03,San Francisco,075,870044,148116,145876,9912,155788,881
2022-06-03,San Joaquin,077,732212,174155,172621,11482,184103,2242
2022-06-03,San Luis Obispo,079,281455,55926,55333,4861,60194,484
2022-06-03,San Mateo,081,765935,140591,138536,8915,147451,710
2022-06-03,Santa Barbara,083,443738,91775,90911,5297,96208,693
2022-06-03,Santa Clara,085,1922200,356839,351492,15427,366919,2317
2022-06-03,Santa Cruz,087,273765,52889,52333,2566,54899,263
2022-06-03,Shasta,089,179085,31443,31272,6329,37601,565
2022-06-03,Sierra,091,2930,279,278,56,334,4
2022-06-03,Siskiyou,093,43540,4618,4591,2891,7482,81
2022-06-03,Solano,095,438530,89087,87571,6316,93887,452
2022-06-03,Sonoma,097,501317,92754,91518,3866,95384,491
2022-06-03,Stanislaus,099,539301,121894,121001,18542,139543,1661
2022-06-03,Sutter,101,95872,21215,21125,2273,23398,227
2022-06-03,Tehama,103,63373,12309,12262,2719,14981,204
2022-06-03,Trinity,105,12862,1210,1204,298,1502,20
2022-06-03,Tulare,107,460477,109102,108598,30228,138826,1490
2022-06-03,Tuolumne,109,53932,13357,13251,638,13889,189
2022-06-03,Ventura,111,848112,183069,181709,10960,192669,1505
2022-06-03,Yolo,113,214977,41193,39561,3602,43163,321
2022-06-03,Yuba,115,75493,16561,16467,1387,17854,122
2022-06-02,Alameda,001,1643700,289194,285785,16441,302226,1873
2022-06-02,Alpine,003,1148,128,128,1,129,0
2022-06-02,Amador,005,37829,8884,8775,708,9483,87
2022-06-02,Butte,007,227075,34405,34129,7273,41402,427
2022-06-02,Calaveras,009,45235,7564,7525,405,7930,121
2022-06-02,Colusa,011,21464,3498,3484,1106,4590,21
2022-06-02,Contra Costa,013,1133247,209548,206711,15649,222360,1310
2022-06-02,Del Norte,015,27424,6301,6206,273,6479,52
2022-06-02,El Dorado,017,186661,28462,28241,3536,31777,214
2022-06-02,Fresno,019,978130,239098,237945,25254,263199,2766
2022-06-02,Glenn,021,27897,5088,5063,1650,6713,48
2022-06-02,Humboldt,023,135768,18581,18433,3604,22037,147
2022-06-02,Imperial,025,180216,56894,56690,11264,67954,941
2022-06-02,Inyo,027,18085,4196,4176,593,4769,56
2022-06-02,Kern,029,883053,196716,195863,48580,244443,2338
2022-06-02,Kings,031,150075,52756,52597,3716,56313,447
2022-06-02,Lake,033,64148,11144,11064,961,12025,137
2022-06-02,Lassen,035,31185,9131,9106,917,10023,64
2022-06-02,Los Angeles,037,10098052,2867671,2846989,136433,2983422,31899
2022-06-02,Madera,039,155013,38405,38188,6502,44690,372
2022-06-02,Marin,041,260295,38272,37879,4164,42043,294
2022-06-02,Mariposa,043,17540,2613,2557,244,2801,30
2022-06-02,Mendocino,045,87422,13864,13738,3527,17265,125
2022-06-02,Merced,047,269075,64076,63756,9378,73134,825
2022-06-02,Modoc,049,8938,761,759,261,1020,8
2022-06-02,Mono,051,14174,3045,3037,167,3204,6
2022-06-02,Monterey,053,433212,83088,82451,16162,98613,738
2022-06-02,Napa,055,140530,27987,27686,1189,28875,143
2022-06-02,Nevada,057,99092,16900,16728,1362,18090,127
2022-06-02,Orange,059,3164182,577687,574146,46640,620786,7038
2022-06-02,Placer,061,380077,66993,66428,8056,74484,627
2022-06-02,Plumas,063,18699,3154,3138,388,3526,13
2022-06-02,Riverside,065,2383286,613352,610369,29971,640340,6481
2022-06-02,Sacramento,067,1510023,300310,297787,30038,327825,3052
2022-06-02,San Benito,069,59416,13676,13572,621,14193,99
2022-06-02,San Bernardino,071,2135413,587095,582305,26194,608499,7664
2022-06-02,San Diego,073,3302833,798145,794822,57550,852372,5303
2022-06-02,San Francisco,075,870044,147690,145876,9855,155731,881
2022-06-02,San Joaquin,077,732212,173844,172621,11452,184073,2242
2022-06-02,San Luis Obispo,079,281455,55795,55333,4824,60157,484
2022-06-02,San Mateo,081,765935,140215,138536,8860,147396,710
2022-06-02,Santa Barbara,083,443738,91601,90911,5280,96191,693
2022-06-02,Santa Clara,085,1922200,355740,351492,15308,366800,2317
2022-06-02,Santa Cruz,087,273765,52774,52333,2553,54886,263
2022-06-02,Shasta,089,179085,31413,31272,6321,37593,565
2022-06-02,Sierra,091,2930,279,278,56,334,4
2022-06-02,Siskiyou,093,43540,4611,4591,2881,7472,81
2022-06-02,Solano,095,438530,88814,87571,6306,93877,452
2022-06-02,Sonoma,097,501317,92529,91518,3838,95356,491
2022-06-02,Stanislaus,099,539301,121734,121001,18515,139516,1661
2022-06-02,Sutter,101,95872,21187,21125,2267,23392,227
2022-06-02,Tehama,103,63373,12298,12262,2712,14974,204
2022-06-02,Trinity,105,12862,1208,1204,298,1502,20
2022-06-02,Tulare,107,460477,108979,108598,30152,138750,1490
2022-06-02,Tuolumne,109,53932,13338,13251,634,13885,189
2022-06-02,Ventura,111,848112,182795,181709,10923,192632,1505
2022-06-02,Yolo,113,214977,41084,39561,3592,43153,321
2022-06-02,Yuba,115,75493,16540,16467,1380,17847,122
2022-06-01,Alameda,001,1643700,288187,284051,16369,300420,1868
2022-06-01,Alpine,003,1148,128,128,1,129,0
2022-06-01,Amador,005,37829,8878,8741,706,9447,87
2022-06-01,Butte,007,227075,34335,34059,7258,41317,427
2022-06-01,Calaveras,009,45235,7559,7502,402,7904,120
2022-06-01,Colusa,011,21464,3495,3476,1106,4582,21
2022-06-01,Contra Costa,013,1133247,208906,205699,15562,221261,1310
2022-06-01,Del Norte,015,27424,6289,6188,269,6457,51
2022-06-01,El Dorado,017,186661,28400,28133,3517,31650,214
2022-06-01,Fresno,019,978130,238741,237367,25198,262565,2765
2022-06-01,Glenn,021,27897,5083,5059,1650,6709,48
2022-06-01,Humboldt,023,135768,18538,18371,3580,21951,147
2022-06-01,Imperial,025,180216,56828,56445,11233,67678,938
2022-06-01,Inyo,027,18085,4192,4171,587,4758,56
2022-06-01,Kern,029,883053,196489,195438,48497,243935,2336
2022-06-01,Kings,031,150075,52700,52491,3710,56201,447
2022-06-01,Lake,033,64148,11123,11024,956,11980,137
2022-06-01,Lassen,035,31185,9118,9083,915,9998,64
2022-06-01,Los Angeles,037,10098052,2862285,2836856,136009,2972865,31882
2022-06-01,Madera,039,155013,38367,38115,6490,44605,372
2022-06-01,Marin,041,260295,38157,37654,4123,41777,293
2022-06-01,Mariposa,043,17540,2598,2549,242,2791,30
2022-06-01,Mendocino,045,87422,13838,13692,3511,17203,125
2022-06-01,Merced,047,269075,63996,63637,9359,72996,824
2022-06-01,Modoc,049,8938,760,755,259,1014,8
2022-06-01,Mono,051,14174,3043,3035,166,3201,6
2022-06-01,Monterey,053,433212,82933,82215,16097,98312,737
2022-06-01,Napa,055,140530,27910,27580,1180,28760,143
2022-06-01,Nevada,057,99092,16861,16693,1351,18044,127
2022-06-01,Orange,059,3164182,576438,571973,46478,618451,7032
2022-06-01,Placer,061,380077,66852,66199,8042,74241,627
2022-06-01,Plumas,063,18699,3147,3117,387,3504,13
2022-06-01,Riverside,065,2383286,612617,608913,29921,638834,6480
2022-06-01,Sacramento,067,1510023,299562,296457,29926,326383,3045
2022-06-01,San Benito,069,59416,13638,13510,610,14120,98
2022-06-01,San Bernardino,071,2135413,586394,580767,26148,606915,7641
2022-06-01,San Diego,073,3302833,796449,791557,57353,848910,5292
2022-06-01,San Francisco,075,870044,147167,144476,9811,154287,879
2022-06-01,San Joaquin,077,732212,173545,172170,11416,183586,2241
2022-06-01,San Luis Obispo,079,281455,55629,55099,4790,59889,482
2022-06-01,San Mateo,081,765935,139734,137566,8782,146348,710
2022-06-01,Santa Barbara,083,443738,91419,90531,5263,95794,693
2022-06-01,Santa Clara,085,1922200,354572,348742,15226,363968,2317
2022-06-01,Santa Cruz,087,273765,52663,52141,2542,54683,263
2022-06-01,Shasta,089,179085,31382,31247,6317,37564,564
2022-06-01,Sierra,091,2930,279,280,56,336,4
2022-06-01,Siskiyou,093,43540,4606,4574,2874,7448,81
2022-06-01,Solano,095,438530,88581,87206,6275,93481,452
2022-06-01,Sonoma,097,501317,92280,91174,3813,94987,491
2022-06-01,Stanislaus,099,539301,121543,120778,18495,139273,1656
2022-06-01,Sutter,101,95872,21156,21065,2262,23327,227
2022-06-01,Tehama,103,63373,12291,12245,2708,14953,204
2022-06-01,Trinity,105,12862,1207,1200,297,1497,20
2022-06-01,Tulare,107,460477,108864,108401,30089,138490,1490
2022-06-01,Tuolumne,109,53932,13324,13221,633,13854,189
2022-06-01,Ventura,111,848112,182509,181163,10888,192051,1503
2022-06-01,Yolo,113,214977,40999,39371,3579,42950,320
2022-06-01,Yuba,115,75493,16516,16406,1372,17778,122
2022-05-31,Alameda,001,1643700,287088,284051,16307,300358,1868
2022-05-31,Alpine,003,1148,128,128,1,129,0
2022-05-31,Amador,005,37829,8860,8741,700,9441,87
2022-05-31,Butte,007,227075,34270,34059,7237,41296,427
2022-05-31,Calaveras,009,45235,7548,7502,402,7904,120
2022-05-31,Colusa,011,21464,3490,3476,1105,4581,21
2022-05-31,Contra Costa,013,1133247,208159,205699,15466,221165,1310
2022-05-31,Del Norte,015,27424,6279,6188,267,6455,51
2022-05-31,El Dorado,017,186661,28338,28133,3496,31629,214
2022-05-31,Fresno,019,978130,238336,237367,25130,262497,2765
2022-05-31,Glenn,021,27897,5075,5059,1648,6707,48
2022-05-31,Humboldt,023,135768,18507,18371,3554,21925,147
2022-05-31,Imperial,025,180216,56764,56445,11208,67653,938
2022-05-31,Inyo,027,18085,4186,4171,585,4756,56
2022-05-31,Kern,029,883053,196244,195438,48401,243839,2336
2022-05-31,Kings,031,150075,52649,52491,3703,56194,447
2022-05-31,Lake,033,64148,11104,11024,952,11976,137
2022-05-31,Lassen,035,31185,9106,9083,914,9997,64
2022-05-31,Los Angeles,037,10098052,2856235,2836856,135553,2972409,31882
2022-05-31,Madera,039,155013,38302,38115,6468,44583,372
2022-05-31,Marin,041,260295,38020,37654,4083,41737,293
2022-05-31,Mariposa,043,17540,2592,2549,237,2786,30
2022-05-31,Mendocino,045,87422,13803,13692,3494,17186,125
2022-05-31,Merced,047,269075,63909,63637,9333,72970,824
2022-05-31,Modoc,049,8938,758,755,259,1014,8
2022-05-31,Mono,051,14174,3039,3035,165,3200,6
2022-05-31,Monterey,053,433212,82775,82215,16026,98241,737
2022-05-31,Napa,055,140530,27818,27580,1175,28755,143
2022-05-31,Nevada,057,99092,16815,16693,1348,18041,127
2022-05-31,Orange,059,3164182,575209,571973,46283,618256,7032
2022-05-31,Placer,061,380077,66692,66199,8024,74223,627
2022-05-31,Plumas,063,18699,3143,3117,386,3503,13
2022-05-31,Riverside,065,2383286,611702,608913,29853,638766,6480
2022-05-31,Sacramento,067,1510023,298699,296457,29776,326233,3045
2022-05-31,San Benito,069,59416,13582,13510,604,14114,98
2022-05-31,San Bernardino,071,2135413,585513,580767,26111,606878,7641
2022-05-31,San Diego,073,3302833,794565,791557,57150,848707,5292
2022-05-31,San Francisco,075,870044,146518,144476,9769,154245,879
2022-05-31,San Joaquin,077,732212,173166,172170,11366,183536,2241
2022-05-31,San Luis Obispo,079,281455,55479,55099,4719,59818,482
2022-05-31,San Mateo,081,765935,139179,137566,8735,146301,710
2022-05-31,Santa Barbara,083,443738,91195,90531,5239,95770,693
2022-05-31,Santa Clara,085,1922200,353059,348742,15147,363889,2317
2022-05-31,Santa Cruz,087,273765,52545,52141,2518,54659,263
2022-05-31,Shasta,089,179085,31345,31247,6305,37552,564
2022-05-31,Sierra,091,2930,278,280,55,335,4
2022-05-31,Siskiyou,093,43540,4601,4574,2867,7441,81
2022-05-31,Solano,095,438530,88252,87206,6252,93458,452
2022-05-31,Sonoma,097,501317,91992,91174,3772,94946,491
2022-05-31,Stanislaus,099,539301,121336,120778,18471,139249,1656
2022-05-31,Sutter,101,95872,21127,21065,2256,23321,227
2022-05-31,Tehama,103,63373,12282,12245,2703,14948,204
2022-05-31,Trinity,105,12862,1206,1200,297,1497,20
2022-05-31,Tulare,107,460477,108726,108401,30024,138425,1490
2022-05-31,Tuolumne,109,53932,13308,13221,630,13851,189
2022-05-31,Ventura,111,848112,182186,181163,10837,192000,1503
2022-05-31,Yolo,113,214977,40826,39371,3566,42937,320
2022-05-31,Yuba,115,75493,16483,16406,1365,17771,122
2022-05-30,Alameda,001,1643700,285710,284051,16213,300264,1868
2022-05-30,Alpine,003,1148,128,128,1,129,0
2022-05-30,Amador,005,37829,8845,8741,699,9440,87
2022-05-30,Butte,007,227075,34194,34059,7213,41272,427
2022-05-30,Calaveras,009,45235,7539,7502,402,7904,120
2022-05-30,Colusa,011,21464,3488,3476,1104,4580,21
2022-05-30,Contra Costa,013,1133247,207315,205699,15312,221011,1310
2022-05-30,Del Norte,015,27424,6261,6188,266,6454,51
2022-05-30,El Dorado,017,186661,28261,28133,3476,31609,214
2022-05-30,Fresno,019,978130,237866,237367,25051,262418,2765
2022-05-30,Glenn,021,27897,5070,5059,1645,6704,48
2022-05-30,Humboldt,023,135768,18453,18371,3523,21894,147
2022-05-30,Imperial,025,180216,56681,56445,11174,67619,938
2022-05-30,Inyo,027,18085,4181,4171,584,4755,56
2022-05-30,Kern,029,883053,195959,195438,48284,243722,2336
2022-05-30,Kings,031,150075,52552,52491,3703,56194,447
2022-05-30,Lake,033,64148,11075,11024,943,11967,137
2022-05-30,Lassen,035,31185,9092,9083,910,9993,64
2022-05-30,Los Angeles,037,10098052,2848921,2836856,135049,2971905,31882
2022-05-30,Madera,039,155013,38246,38115,6425,44540,372
2022-05-30,Marin,041,260295,37895,37654,4041,41695,293
2022-05-30,Mariposa,043,17540,2569,2549,233,2782,30
2022-05-30,Mendocino,045,87422,13755,13692,3476,17168,125
2022-05-30,Merced,047,269075,63815,63637,9293,72930,824
2022-05-30,Modoc,049,8938,755,755,257,1012,8
2022-05-30,Mono,051,14174,3036,3035,165,3200,6
2022-05-30,Monterey,053,433212,82586,82215,15934,98149,737
2022-05-30,Napa,055,140530,27741,27580,1167,28747,143
2022-05-30,Nevada,057,99092,16768,16693,1343,18036,127
2022-05-30,Orange,059,3164182,573742,571973,46063,618036,7032
2022-05-30,Placer,061,380077,66551,66199,7998,74197,627
2022-05-30,Plumas,063,18699,3137,3117,383,3500,13
2022-05-30,Riverside,065,2383286,610692,608913,29764,638677,6480
2022-05-30,Sacramento,067,1510023,297742,296457,29609,326066,3045
2022-05-30,San Benito,069,59416,13520,13510,596,14106,98
2022-05-30,San Bernardino,071,2135413,584528,580767,26068,606835,7641
2022-05-30,San Diego,073,3302833,792281,791557,56846,848403,5292
2022-05-30,San Francisco,075,870044,145856,144476,9712,154188,879
2022-05-30,San Joaquin,077,732212,172769,172170,11320,183490,2241
2022-05-30,San Luis Obispo,079,281455,55276,55099,4644,59743,482
2022-05-30,San Mateo,081,765935,138502,137566,8681,146247,710
2022-05-30,Santa Barbara,083,443738,90939,90531,5200,95731,693
2022-05-30,Santa Clara,085,1922200,351502,348742,15055,363797,2317
2022-05-30,Santa Cruz,087,273765,52406,52141,2505,54646,263
2022-05-30,Shasta,089,179085,31307,31247,6296,37543,564
2022-05-30,Sierra,091,2930,278,280,55,335,4
2022-05-30,Siskiyou,093,43540,4592,4574,2855,7429,81
2022-05-30,Solano,095,438530,87908,87206,6194,93400,452
2022-05-30,Sonoma,097,501317,91707,91174,3726,94900,491
2022-05-30,Stanislaus,099,539301,121144,120778,18440,139218,1656
2022-05-30,Sutter,101,95872,21088,21065,2250,23315,227
2022-05-30,Tehama,103,63373,12266,12245,2699,14944,204
2022-05-30,Trinity,105,12862,1205,1200,297,1497,20
2022-05-30,Tulare,107,460477,108564,108401,29924,138325,1490
2022-05-30,Tuolumne,109,53932,13284,13221,626,13847,189
2022-05-30,Ventura,111,848112,181811,181163,10782,191945,1503
2022-05-30,Yolo,113,214977,40635,39371,3554,42925,320
2022-05-30,Yuba,115,75493,16455,16406,1361,17767,122
2022-05-29,Alameda,001,1643700,285230,280775,16187,296962,1863
2022-05-29,Alpine,003,1148,128,126,1,127,0
2022-05-29,Amador,005,37829,8839,8696,696,9392,86
2022-05-29,Butte,007,227075,34179,33876,7205,41081,426
2022-05-29,Calaveras,009,45235,7528,7469,402,7871,120
2022-05-29,Colusa,011,21464,3487,3474,1103,4577,21
2022-05-29,Contra Costa,013,1133247,206973,203528,15289,218817,1306
2022-05-29,Del Norte,015,27424,6257,6166,264,6430,51
2022-05-29,El Dorado,017,186661,28234,27898,3470,31368,214
2022-05-29,Fresno,019,978130,237740,236250,25032,261282,2764
2022-05-29,Glenn,021,27897,5065,5048,1645,6693,48
2022-05-29,Humboldt,023,135768,18432,18257,3512,21769,147
2022-05-29,Imperial,025,180216,56644,56323,11158,67481,939
2022-05-29,Inyo,027,18085,4180,4161,584,4745,56
2022-05-29,Kern,029,883053,195858,194687,48213,242900,2334
2022-05-29,Kings,031,150075,52526,52292,3702,55994,447
2022-05-29,Lake,033,64148,11066,10958,941,11899,137
2022-05-29,Lassen,035,31185,9088,9049,910,9959,64
2022-05-29,Los Angeles,037,10098052,2846727,2819145,134784,2953929,31862
2022-05-29,Madera,039,155013,38224,37955,6417,44372,371
2022-05-29,Marin,041,260295,37828,37215,4008,41223,293
2022-05-29,Mariposa,043,17540,2564,2526,233,2759,31
2022-05-29,Mendocino,045,87422,13735,13612,3475,17087,124
2022-05-29,Merced,047,269075,63795,63389,9290,72679,824
2022-05-29,Modoc,049,8938,755,751,257,1008,8
2022-05-29,Mono,051,14174,3035,3030,165,3195,6
2022-05-29,Monterey,053,433212,82522,81875,15889,97764,737
2022-05-29,Napa,055,140530,27713,27376,1166,28542,144
2022-05-29,Nevada,057,99092,16753,16568,1341,17909,127
2022-05-29,Orange,059,3164182,573161,568369,45888,614257,7028
2022-05-29,Placer,061,380077,66481,65672,7990,73662,626
2022-05-29,Plumas,063,18699,3130,3096,383,3479,13
2022-05-29,Riverside,065,2383286,610349,606444,29726,636170,6480
2022-05-29,Sacramento,067,1510023,297290,294000,29587,323587,3032
2022-05-29,San Benito,069,59416,13514,13402,594,13996,98
2022-05-29,San Bernardino,071,2135413,584242,578656,26052,604708,7610
2022-05-29,San Diego,073,3302833,791542,786243,56767,843010,5288
2022-05-29,San Francisco,075,870044,145425,142456,9701,152157,879
2022-05-29,San Joaquin,077,732212,172606,171282,11308,182590,2241
2022-05-29,San Luis Obispo,079,281455,55224,54701,4632,59333,481
2022-05-29,San Mateo,081,765935,138254,135746,8668,144414,710
2022-05-29,Santa Barbara,083,443738,90809,89940,5198,95138,693
2022-05-29,Santa Clara,085,1922200,350705,344223,15013,359236,2304
2022-05-29,Santa Cruz,087,273765,52330,51819,2498,54317,263
2022-05-29,Shasta,089,179085,31296,31165,6294,37459,564
2022-05-29,Sierra,091,2930,278,278,55,333,4
2022-05-29,Siskiyou,093,43540,4587,4537,2853,7390,81
2022-05-29,Solano,095,438530,87855,86565,6182,92747,452
2022-05-29,Sonoma,097,501317,91615,90364,3710,94074,490
2022-05-29,Stanislaus,099,539301,121045,120241,18422,138663,1657
2022-05-29,Sutter,101,95872,21068,20976,2250,23226,227
2022-05-29,Tehama,103,63373,12255,12210,2698,14908,204
2022-05-29,Trinity,105,12862,1204,1196,297,1493,20
2022-05-29,Tulare,107,460477,108484,108029,29875,137904,1484
2022-05-29,Tuolumne,109,53932,13269,13141,626,13767,189
2022-05-29,Ventura,111,848112,181670,179953,10773,190726,1503
2022-05-29,Yolo,113,214977,40585,39016,3551,42567,319
2022-05-29,Yuba,115,75493,16439,16314,1356,17670,122
2022-05-28,Alameda,001,1643700,284857,280775,16162,296937,1863
2022-05-28,Alpine,003,1148,128,126,1,127,0
2022-05-28,Amador,005,37829,8830,8696,696,9392,86
2022-05-28,Butte,007,227075,34159,33876,7189,41065,426
2022-05-28,Calaveras,009,45235,7524,7469,402,7871,120
2022-05-28,Colusa,011,21464,3482,3474,1102,4576,21
2022-05-28,Contra Costa,013,1133247,206708,203528,15272,218800,1306
2022-05-28,Del Norte,015,27424,6254,6166,264,6430,51
2022-05-28,El Dorado,017,186661,28204,27898,3469,31367,214
2022-05-28,Fresno,019,978130,237582,236250,25004,261254,2764
2022-05-28,Glenn,021,27897,5062,5048,1645,6693,48
2022-05-28,Humboldt,023,135768,18408,18257,3510,21767,147
2022-05-28,Imperial,025,180216,56618,56323,11147,67470,939
2022-05-28,Inyo,027,18085,4180,4161,581,4742,56
2022-05-28,Kern,029,883053,195756,194687,48160,242847,2334
2022-05-28,Kings,031,150075,52502,52292,3701,55993,447
2022-05-28,Lake,033,64148,11056,10958,940,11898,137
2022-05-28,Lassen,035,31185,9083,9049,910,9959,64
2022-05-28,Los Angeles,037,10098052,2844751,2819145,134519,2953664,31862
2022-05-28,Madera,039,155013,38207,37955,6415,44370,371
2022-05-28,Marin,041,260295,37761,37215,3977,41192,293
2022-05-28,Mariposa,043,17540,2560,2526,233,2759,31
2022-05-28,Mendocino,045,87422,13723,13612,3474,17086,124
2022-05-28,Merced,047,269075,63764,63389,9283,72672,824
2022-05-28,Modoc,049,8938,755,751,257,1008,8
2022-05-28,Mono,051,14174,3035,3030,164,3194,6
2022-05-28,Monterey,053,433212,82456,81875,15858,97733,737
2022-05-28,Napa,055,140530,27668,27376,1164,28540,144
2022-05-28,Nevada,057,99092,16741,16568,1339,17907,127
2022-05-28,Orange,059,3164182,572645,568369,45766,614135,7028
2022-05-28,Placer,061,380077,66407,65672,7976,73648,626
2022-05-28,Plumas,063,18699,3124,3096,382,3478,13
2022-05-28,Riverside,065,2383286,609971,606444,29700,636144,6480
2022-05-28,Sacramento,067,1510023,297015,294000,29570,323570,3032
2022-05-28,San Benito,069,59416,13499,13402,593,13995,98
2022-05-28,San Bernardino,071,2135413,583884,578656,26025,604681,7610
2022-05-28,San Diego,073,3302833,790882,786243,56725,842968,5288
2022-05-28,San Francisco,075,870044,145120,142456,9678,152134,879
2022-05-28,San Joaquin,077,732212,172502,171282,11298,182580,2241
2022-05-28,San Luis Obispo,079,281455,55189,54701,4627,59328,481
2022-05-28,San Mateo,081,765935,137980,135746,8646,144392,710
2022-05-28,Santa Barbara,083,443738,90708,89940,5189,95129,693
2022-05-28,Santa Clara,085,1922200,349916,344223,14985,359208,2304
2022-05-28,Santa Cruz,087,273765,52289,51819,2490,54309,263
2022-05-28,Shasta,089,179085,31285,31165,6289,37454,564
2022-05-28,Sierra,091,2930,278,278,54,332,4
2022-05-28,Siskiyou,093,43540,4579,4537,2848,7385,81
2022-05-28,Solano,095,438530,87782,86565,6173,92738,452
2022-05-28,Sonoma,097,501317,91475,90364,3699,94063,490
2022-05-28,Stanislaus,099,539301,120946,120241,18415,138656,1657
2022-05-28,Sutter,101,95872,21053,20976,2246,23222,227
2022-05-28,Tehama,103,63373,12243,12210,2695,14905,204
2022-05-28,Trinity,105,12862,1203,1196,297,1493,20
2022-05-28,Tulare,107,460477,108426,108029,29840,137869,1484
2022-05-28,Tuolumne,109,53932,13254,13141,625,13766,189
2022-05-28,Ventura,111,848112,181503,179953,10751,190704,1503
2022-05-28,Yolo,113,214977,40531,39016,3545,42561,319
2022-05-28,Yuba,115,75493,16425,16314,1354,17668,122
2022-05-27,Alameda,001,1643700,284388,280775,16132,296907,1863
2022-05-27,Alpine,003,1148,127,126,1,127,0
2022-05-27,Amador,005,37829,8825,8696,696,9392,86
2022-05-27,Butte,007,227075,34135,33876,7174,41050,426
2022-05-27,Calaveras,009,45235,7517,7469,402,7871,120
2022-05-27,Colusa,011,21464,3482,3474,1102,4576,21
2022-05-27,Contra Costa,013,1133247,206425,203528,15251,218779,1306
2022-05-27,Del Norte,015,27424,6248,6166,264,6430,51
2022-05-27,El Dorado,017,186661,28180,27898,3461,31359,214
2022-05-27,Fresno,019,978130,237411,236250,24978,261228,2764
2022-05-27,Glenn,021,27897,5060,5048,1645,6693,48
2022-05-27,Humboldt,023,135768,18398,18257,3505,21762,147
2022-05-27,Imperial,025,180216,56535,56323,11140,67463,939
2022-05-27,Inyo,027,18085,4178,4161,580,4741,56
2022-05-27,Kern,029,883053,195646,194687,48091,242778,2334
2022-05-27,Kings,031,150075,52474,52292,3698,55990,447
2022-05-27,Lake,033,64148,11050,10958,936,11894,137
2022-05-27,Lassen,035,31185,9079,9049,910,9959,64
2022-05-27,Los Angeles,037,10098052,2842403,2819145,134271,2953416,31862
2022-05-27,Madera,039,155013,38173,37955,6410,44365,371
2022-05-27,Marin,041,260295,37696,37215,3942,41157,293
2022-05-27,Mariposa,043,17540,2554,2526,233,2759,31
2022-05-27,Mendocino,045,87422,13706,13612,3470,17082,124
2022-05-27,Merced,047,269075,63721,63389,9277,72666,824
2022-05-27,Modoc,049,8938,755,751,257,1008,8
2022-05-27,Mono,051,14174,3034,3030,164,3194,6
2022-05-27,Monterey,053,433212,82397,81875,15815,97690,737
2022-05-27,Napa,055,140530,27636,27376,1160,28536,144
2022-05-27,Nevada,057,99092,16730,16568,1336,17904,127
2022-05-27,Orange,059,3164182,572087,568369,45650,614019,7028
2022-05-27,Placer,061,380077,66337,65672,7968,73640,626
2022-05-27,Plumas,063,18699,3121,3096,382,3478,13
2022-05-27,Riverside,065,2383286,609559,606444,29670,636114,6480
2022-05-27,Sacramento,067,1510023,296637,294000,29530,323530,3032
2022-05-27,San Benito,069,59416,13488,13402,593,13995,98
2022-05-27,San Bernardino,071,2135413,583553,578656,26011,604667,7610
2022-05-27,San Diego,073,3302833,790008,786243,56672,842915,5288
2022-05-27,San Francisco,075,870044,144786,142456,9635,152091,879
2022-05-27,San Joaquin,077,732212,172373,171282,11277,182559,2241
2022-05-27,San Luis Obispo,079,281455,55128,54701,4613,59314,481
2022-05-27,San Mateo,081,765935,137732,135746,8623,144369,710
2022-05-27,Santa Barbara,083,443738,90618,89940,5187,95127,693
2022-05-27,Santa Clara,085,1922200,349161,344223,14967,359190,2304
2022-05-27,Santa Cruz,087,273765,52234,51819,2481,54300,263
2022-05-27,Shasta,089,179085,31276,31165,6283,37448,564
2022-05-27,Sierra,091,2930,278,278,54,332,4
2022-05-27,Siskiyou,093,43540,4576,4537,2846,7383,81
2022-05-27,Solano,095,438530,87657,86565,6161,92726,452
2022-05-27,Sonoma,097,501317,91328,90364,3687,94051,490
2022-05-27,Stanislaus,099,539301,120862,120241,18401,138642,1657
2022-05-27,Sutter,101,95872,21036,20976,2245,23221,227
2022-05-27,Tehama,103,63373,12240,12210,2694,14904,204
2022-05-27,Trinity,105,12862,1203,1196,297,1493,20
2022-05-27,Tulare,107,460477,108359,108029,29799,137828,1484
2022-05-27,Tuolumne,109,53932,13244,13141,625,13766,189
2022-05-27,Ventura,111,848112,181325,179953,10730,190683,1503
2022-05-27,Yolo,113,214977,40460,39016,3539,42555,319
2022-05-27,Yuba,115,75493,16411,16314,1352,17666,122
2022-05-26,Alameda,001,1643700,283540,280775,16056,296831,1863
2022-05-26,Alpine,003,1148,127,126,1,127,0
2022-05-26,Amador,005,37829,8812,8696,696,9392,86
2022-05-26,Butte,007,227075,34082,33876,7153,41029,426
2022-05-26,Calaveras,009,45235,7507,7469,402,7871,120
2022-05-26,Colusa,011,21464,3479,3474,1098,4572,21
2022-05-26,Contra Costa,013,1133247,205950,203528,15210,218738,1306
2022-05-26,Del Norte,015,27424,6240,6166,260,6426,51
2022-05-26,El Dorado,017,186661,28131,27898,3451,31349,214
2022-05-26,Fresno,019,978130,237155,236250,24933,261183,2764
2022-05-26,Glenn,021,27897,5055,5048,1645,6693,48
2022-05-26,Humboldt,023,135768,18359,18257,3493,21750,147
2022-05-26,Imperial,025,180216,56503,56323,11125,67448,939
2022-05-26,Inyo,027,18085,4177,4161,577,4738,56
2022-05-26,Kern,029,883053,195482,194687,48014,242701,2334
2022-05-26,Kings,031,150075,52425,52292,3694,55986,447
2022-05-26,Lake,033,64148,11035,10958,936,11894,137
2022-05-26,Lassen,035,31185,9070,9049,910,9959,64
2022-05-26,Los Angeles,037,10098052,2838240,2819145,133938,2953083,31862
2022-05-26,Madera,039,155013,38131,37955,6408,44363,371
2022-05-26,Marin,041,260295,37601,37215,3904,41119,293
2022-05-26,Mariposa,043,17540,2549,2526,233,2759,31
2022-05-26,Mendocino,045,87422,13680,13612,3460,17072,124
2022-05-26,Merced,047,269075,63656,63389,9269,72658,824
2022-05-26,Modoc,049,8938,754,751,257,1008,8
2022-05-26,Mono,051,14174,3033,3030,163,3193,6
2022-05-26,Monterey,053,433212,82318,81875,15766,97641,737
2022-05-26,Napa,055,140530,27584,27376,1160,28536,144
2022-05-26,Nevada,057,99092,16699,16568,1332,17900,127
2022-05-26,Orange,059,3164182,571178,568369,45523,613892,7028
2022-05-26,Placer,061,380077,66200,65672,7951,73623,626
2022-05-26,Plumas,063,18699,3117,3096,381,3477,13
2022-05-26,Riverside,065,2383286,608946,606444,29617,636061,6480
2022-05-26,Sacramento,067,1510023,295986,294000,29439,323439,3032
2022-05-26,San Benito,069,59416,13472,13402,591,13993,98
2022-05-26,San Bernardino,071,2135413,583017,578656,25996,604652,7610
2022-05-26,San Diego,073,3302833,788704,786243,56559,842802,5288
2022-05-26,San Francisco,075,870044,144326,142456,9588,152044,879
2022-05-26,San Joaquin,077,732212,172154,171282,11248,182530,2241
2022-05-26,San Luis Obispo,079,281455,55032,54701,4581,59282,481
2022-05-26,San Mateo,081,765935,137345,135746,8584,144330,710
2022-05-26,Santa Barbara,083,443738,90472,89940,5171,95111,693
2022-05-26,Santa Clara,085,1922200,348189,344223,14875,359098,2304
2022-05-26,Santa Cruz,087,273765,52143,51819,2475,54294,263
2022-05-26,Shasta,089,179085,31251,31165,6280,37445,564
2022-05-26,Sierra,091,2930,278,278,54,332,4
2022-05-26,Siskiyou,093,43540,4572,4537,2843,7380,81
2022-05-26,Solano,095,438530,87457,86565,6153,92718,452
2022-05-26,Sonoma,097,501317,91137,90364,3659,94023,490
2022-05-26,Stanislaus,099,539301,120756,120241,18388,138629,1657
2022-05-26,Sutter,101,95872,21016,20976,2242,23218,227
2022-05-26,Tehama,103,63373,12230,12210,2693,14903,204
2022-05-26,Trinity,105,12862,1201,1196,297,1493,20
2022-05-26,Tulare,107,460477,108291,108029,29740,137769,1484
2022-05-26,Tuolumne,109,53932,13224,13141,623,13764,189
2022-05-26,Ventura,111,848112,181060,179953,10697,190650,1503
2022-05-26,Yolo,113,214977,40355,39016,3529,42545,319
2022-05-26,Yuba,115,75493,16395,16314,1350,17664,122
2022-05-25,Alameda,001,1643700,282641,278228,15994,294222,1860
2022-05-25,Alpine,003,1148,126,126,1,127,0
2022-05-25,Amador,005,37829,8796,8654,694,9348,86
2022-05-25,Butte,007,227075,34018,33755,7130,40885,426
2022-05-25,Calaveras,009,45235,7499,7450,400,7850,120
2022-05-25,Colusa,011,21464,3478,3471,1096,4567,21
2022-05-25,Contra Costa,013,1133247,205397,201866,15152,217018,1306
2022-05-25,Del Norte,015,27424,6234,6145,254,6399,50
2022-05-25,El Dorado,017,186661,28078,27715,3444,31159,213
2022-05-25,Fresno,019,978130,236872,235569,24886,260455,2763
2022-05-25,Glenn,021,27897,5050,5030,1643,6673,48
2022-05-25,Humboldt,023,135768,18332,18133,3482,21615,147
2022-05-25,Imperial,025,180216,56446,56203,11114,67317,923
2022-05-25,Inyo,027,18085,4174,4152,577,4729,56
2022-05-25,Kern,029,883053,195288,194251,47925,242176,2336
2022-05-25,Kings,031,150075,52374,52178,3690,55868,447
2022-05-25,Lake,033,64148,11022,10908,935,11843,137
2022-05-25,Lassen,035,31185,9063,9028,910,9938,64
2022-05-25,Los Angeles,037,10098052,2833623,2806770,133573,2940343,31845
2022-05-25,Madera,039,155013,38091,37867,6400,44267,370
2022-05-25,Marin,041,260295,37501,36890,3877,40767,293
2022-05-25,Mariposa,043,17540,2539,2514,232,2746,30
2022-05-25,Mendocino,045,87422,13665,13545,3453,16998,124
2022-05-25,Merced,047,269075,63588,63220,9242,72462,823
2022-05-25,Modoc,049,8938,753,750,256,1006,8
2022-05-25,Mono,051,14174,3033,3024,162,3186,6
2022-05-25,Monterey,053,433212,82252,81592,15721,97313,737
2022-05-25,Napa,055,140530,27534,27240,1153,28393,143
2022-05-25,Nevada,057,99092,16664,16517,1325,17842,127
2022-05-25,Orange,059,3164182,570166,565564,45369,610933,7026
2022-05-25,Placer,061,380077,66050,65309,7934,73243,626
2022-05-25,Plumas,063,18699,3111,3065,380,3445,13
2022-05-25,Riverside,065,2383286,608270,604465,29558,634023,6480
2022-05-25,Sacramento,067,1510023,295340,292211,29326,321537,3028
2022-05-25,San Benito,069,59416,13437,13338,588,13926,98
2022-05-25,San Bernardino,071,2135413,582479,576982,25967,602949,7568
2022-05-25,San Diego,073,3302833,787243,782420,56421,838841,5284
2022-05-25,San Francisco,075,870044,143823,141015,9560,150575,872
2022-05-25,San Joaquin,077,732212,171919,170626,11226,181852,2238
2022-05-25,San Luis Obispo,079,281455,54926,54342,4531,58873,481
2022-05-25,San Mateo,081,765935,136888,134441,8527,142968,710
2022-05-25,Santa Barbara,083,443738,90305,89426,5160,94586,693
2022-05-25,Santa Clara,085,1922200,347114,340868,14758,355626,2304
2022-05-25,Santa Cruz,087,273765,52061,51644,2462,54106,263
2022-05-25,Shasta,089,179085,31224,31072,6271,37343,564
2022-05-25,Sierra,091,2930,278,277,54,331,4
2022-05-25,Siskiyou,093,43540,4562,4516,2840,7356,81
2022-05-25,Solano,095,438530,87248,86024,6135,92159,451
2022-05-25,Sonoma,097,501317,90944,89810,3620,93430,490
2022-05-25,Stanislaus,099,539301,120616,119894,18366,138260,1654
2022-05-25,Sutter,101,95872,20992,20904,2239,23143,226
2022-05-25,Tehama,103,63373,12224,12189,2689,14878,201
2022-05-25,Trinity,105,12862,1201,1194,297,1491,20
2022-05-25,Tulare,107,460477,108209,107790,29694,137484,1482
2022-05-25,Tuolumne,109,53932,13203,13086,620,13706,182
2022-05-25,Ventura,111,848112,180770,179116,10665,189781,1499
2022-05-25,Yolo,113,214977,40260,38782,3519,42301,319
2022-05-25,Yuba,115,75493,16368,16260,1343,17603,122
2022-05-24,Alameda,001,1643700,281767,278228,15938,294166,1860
2022-05-24,Alpine,003,1148,126,126,1,127,0
2022-05-24,Amador,005,37829,8789,8654,693,9347,86
2022-05-24,Butte,007,227075,33972,33755,7109,40864,426
2022-05-24,Calaveras,009,45235,7492,7450,398,7848,120
2022-05-24,Colusa,011,21464,3476,3471,1094,4565,21
2022-05-24,Contra Costa,013,1133247,204747,201866,15066,216932,1306
2022-05-24,Del Norte,015,27424,6229,6145,252,6397,50
2022-05-24,El Dorado,017,186661,28010,27715,3438,31153,213
2022-05-24,Fresno,019,978130,236555,235569,24849,260418,2763
2022-05-24,Glenn,021,27897,5048,5030,1643,6673,48
2022-05-24,Humboldt,023,135768,18300,18133,3466,21599,147
2022-05-24,Imperial,025,180216,56391,56203,11100,67303,923
2022-05-24,Inyo,027,18085,4166,4152,575,4727,56
2022-05-24,Kern,029,883053,195093,194251,47820,242071,2336
2022-05-24,Kings,031,150075,52307,52178,3683,55861,447
2022-05-24,Lake,033,64148,11005,10908,933,11841,137
2022-05-24,Lassen,035,31185,9050,9028,906,9934,64
2022-05-24,Los Angeles,037,10098052,2828347,2806770,133195,2939965,31845
2022-05-24,Madera,039,155013,38042,37867,6391,44258,370
2022-05-24,Marin,041,260295,37396,36890,3825,40715,293
2022-05-24,Mariposa,043,17540,2532,2514,231,2745,30
2022-05-24,Mendocino,045,87422,13641,13545,3445,16990,124
2022-05-24,Merced,047,269075,63527,63220,9211,72431,823
2022-05-24,Modoc,049,8938,752,750,255,1005,8
2022-05-24,Mono,051,14174,3030,3024,162,3186,6
2022-05-24,Monterey,053,433212,82161,81592,15660,97252,737
2022-05-24,Napa,055,140530,27487,27240,1141,28381,143
2022-05-24,Nevada,057,99092,16623,16517,1323,17840,127
2022-05-24,Orange,059,3164182,569131,565564,45194,610758,7026
2022-05-24,Placer,061,380077,65950,65309,7919,73228,626
2022-05-24,Plumas,063,18699,3105,3065,380,3445,13
2022-05-24,Riverside,065,2383286,607574,604465,29511,633976,6480
2022-05-24,Sacramento,067,1510023,294657,292211,29204,321415,3028
2022-05-24,San Benito,069,59416,13403,13338,587,13925,98
2022-05-24,San Bernardino,071,2135413,581864,576982,25934,602916,7568
2022-05-24,San Diego,073,3302833,785593,782420,56253,838673,5284
2022-05-24,San Francisco,075,870044,143277,141015,9540,150555,872
2022-05-24,San Joaquin,077,732212,171657,170626,11191,181817,2238
2022-05-24,San Luis Obispo,079,281455,54776,54342,4472,58814,481
2022-05-24,San Mateo,081,765935,136358,134441,8478,142919,710
2022-05-24,Santa Barbara,083,443738,90143,89426,5138,94564,693
2022-05-24,Santa Clara,085,1922200,345833,340868,14660,355528,2304
2022-05-24,Santa Cruz,087,273765,51985,51644,2452,54096,263
2022-05-24,Shasta,089,179085,31199,31072,6260,37332,564
2022-05-24,Sierra,091,2930,278,277,54,331,4
2022-05-24,Siskiyou,093,43540,4552,4516,2832,7348,81
2022-05-24,Solano,095,438530,87019,86024,6108,92132,451
2022-05-24,Sonoma,097,501317,90739,89810,3585,93395,490
2022-05-24,Stanislaus,099,539301,120476,119894,18334,138228,1654
2022-05-24,Sutter,101,95872,20971,20904,2234,23138,226
2022-05-24,Tehama,103,63373,12215,12189,2687,14876,201
2022-05-24,Trinity,105,12862,1198,1194,297,1491,20
2022-05-24,Tulare,107,460477,108092,107790,29634,137424,1482
2022-05-24,Tuolumne,109,53932,13188,13086,620,13706,182
2022-05-24,Ventura,111,848112,180456,179116,10640,189756,1499
2022-05-24,Yolo,113,214977,40155,38782,3511,42293,319
2022-05-24,Yuba,115,75493,16340,16260,1336,17596,122
2022-05-23,Alameda,001,1643700,280827,278228,15859,294087,1860
2022-05-23,Alpine,003,1148,126,126,1,127,0
2022-05-23,Amador,005,37829,8757,8654,690,9344,86
2022-05-23,Butte,007,227075,33921,33755,7084,40839,426
2022-05-23,Calaveras,009,45235,7485,7450,396,7846,120
2022-05-23,Colusa,011,21464,3475,3471,1091,4562,21
2022-05-23,Contra Costa,013,1133247,204015,201866,15001,216867,1306
2022-05-23,Del Norte,015,27424,6224,6145,248,6393,50
2022-05-23,El Dorado,017,186661,27928,27715,3431,31146,213
2022-05-23,Fresno,019,978130,236209,235569,24786,260355,2763
2022-05-23,Glenn,021,27897,5044,5030,1640,6670,48
2022-05-23,Humboldt,023,135768,18273,18133,3453,21586,147
2022-05-23,Imperial,025,180216,56345,56203,11078,67281,923
2022-05-23,Inyo,027,18085,4163,4152,573,4725,56
2022-05-23,Kern,029,883053,194870,194251,47729,241980,2336
2022-05-23,Kings,031,150075,52260,52178,3677,55855,447
2022-05-23,Lake,033,64148,10986,10908,933,11841,137
2022-05-23,Lassen,035,31185,9042,9028,903,9931,64
2022-05-23,Los Angeles,037,10098052,2822926,2806770,132828,2939598,31845
2022-05-23,Madera,039,155013,38011,37867,6374,44241,370
2022-05-23,Marin,041,260295,37255,36890,3781,40671,293
2022-05-23,Mariposa,043,17540,2530,2514,229,2743,30
2022-05-23,Mendocino,045,87422,13619,13545,3437,16982,124
2022-05-23,Merced,047,269075,63449,63220,9184,72404,823
2022-05-23,Modoc,049,8938,752,750,255,1005,8
2022-05-23,Mono,051,14174,3030,3024,162,3186,6
2022-05-23,Monterey,053,433212,82062,81592,15595,97187,737
2022-05-23,Napa,055,140530,27430,27240,1134,28374,143
2022-05-23,Nevada,057,99092,16588,16517,1322,17839,127
2022-05-23,Orange,059,3164182,568115,565564,45043,610607,7026
2022-05-23,Placer,061,380077,65806,65309,7897,73206,626
2022-05-23,Plumas,063,18699,3102,3065,379,3444,13
2022-05-23,Riverside,065,2383286,606850,604465,29462,633927,6480
2022-05-23,Sacramento,067,1510023,293908,292211,29076,321287,3028
2022-05-23,San Benito,069,59416,13368,13338,584,13922,98
2022-05-23,San Bernardino,071,2135413,581217,576982,25900,602882,7568
2022-05-23,San Diego,073,3302833,783872,782420,56065,838485,5284
2022-05-23,San Francisco,075,870044,142702,141015,9507,150522,872
2022-05-23,San Joaquin,077,732212,171388,170626,11160,181786,2238
2022-05-23,San Luis Obispo,079,281455,54629,54342,4426,58768,481
2022-05-23,San Mateo,081,765935,135789,134441,8442,142883,710
2022-05-23,Santa Barbara,083,443738,89908,89426,5119,94545,693
2022-05-23,Santa Clara,085,1922200,344457,340868,14577,355445,2304
2022-05-23,Santa Cruz,087,273765,51883,51644,2440,54084,263
2022-05-23,Shasta,089,179085,31176,31072,6255,37327,564
2022-05-23,Sierra,091,2930,278,277,54,331,4
2022-05-23,Siskiyou,093,43540,4538,4516,2828,7344,81
2022-05-23,Solano,095,438530,86744,86024,6091,92115,451
2022-05-23,Sonoma,097,501317,90508,89810,3538,93348,490
2022-05-23,Stanislaus,099,539301,120334,119894,18296,138190,1654
2022-05-23,Sutter,101,95872,20931,20904,2230,23134,226
2022-05-23,Tehama,103,63373,12203,12189,2684,14873,201
2022-05-23,Trinity,105,12862,1197,1194,297,1491,20
2022-05-23,Tulare,107,460477,107966,107790,29560,137350,1482
2022-05-23,Tuolumne,109,53932,13164,13086,618,13704,182
2022-05-23,Ventura,111,848112,180119,179116,10621,189737,1499
2022-05-23,Yolo,113,214977,40021,38782,3495,42277,319
2022-05-23,Yuba,115,75493,16311,16260,1332,17592,122
2022-05-22,Alameda,001,1643700,279739,274996,15752,290748,1858
2022-05-22,Alpine,003,1148,126,126,1,127,0
2022-05-22,Amador,005,37829,8740,8628,688,9316,86
2022-05-22,Butte,007,227075,33865,33606,7060,40666,426
2022-05-22,Calaveras,009,45235,7474,7424,391,7815,120
2022-05-22,Colusa,011,21464,3471,3468,1088,4556,21
2022-05-22,Contra Costa,013,1133247,203288,199703,14890,214593,1305
2022-05-22,Del Norte,015,27424,6209,6045,237,6282,50
2022-05-22,El Dorado,017,186661,27852,27517,3421,30938,213
2022-05-22,Fresno,019,978130,235869,234657,24740,259397,2760
2022-05-22,Glenn,021,27897,5034,5020,1640,6660,48
2022-05-22,Humboldt,023,135768,18220,17984,3428,21412,146
2022-05-22,Imperial,025,180216,56275,56014,11064,67078,923
2022-05-22,Inyo,027,18085,4156,4135,571,4706,56
2022-05-22,Kern,029,883053,194633,193705,47629,241334,2334
2022-05-22,Kings,031,150075,52197,52038,3672,55710,447
2022-05-22,Lake,033,64148,10954,10867,933,11800,137
2022-05-22,Lassen,035,31185,9026,9011,900,9911,64
2022-05-22,Los Angeles,037,10098052,2817051,2791671,132394,2924065,31815
2022-05-22,Madera,039,155013,37965,37744,6344,44088,370
2022-05-22,Marin,041,260295,37108,36394,3736,40130,293
2022-05-22,Mariposa,043,17540,2526,2490,227,2717,30
2022-05-22,Mendocino,045,87422,13591,13461,3412,16873,124
2022-05-22,Merced,047,269075,63370,62969,9150,72119,823
2022-05-22,Modoc,049,8938,751,750,255,1005,8
2022-05-22,Mono,051,14174,3029,3012,162,3174,6
2022-05-22,Monterey,053,433212,81903,81224,15493,96717,735
2022-05-22,Napa,055,140530,27360,27034,1126,28160,143
2022-05-22,Nevada,057,99092,16554,16410,1317,17727,127
2022-05-22,Orange,059,3164182,567017,562531,44844,607375,7025
2022-05-22,Placer,061,380077,65648,64802,7867,72669,626
2022-05-22,Plumas,063,18699,3095,3052,377,3429,13
2022-05-22,Riverside,065,2383286,606017,601808,29395,631203,6476
2022-05-22,Sacramento,067,1510023,293107,289972,28917,318889,3027
2022-05-22,San Benito,069,59416,13336,13234,578,13812,98
2022-05-22,San Bernardino,071,2135413,580505,575194,25860,601054,7523
2022-05-22,San Diego,073,3302833,782252,777404,55876,833280,5282
2022-05-22,San Francisco,075,870044,142009,138922,9488,148410,871
2022-05-22,San Joaquin,077,732212,171087,169745,11117,180862,2237
2022-05-22,San Luis Obispo,079,281455,54475,54012,4366,58378,481
2022-05-22,San Mateo,081,765935,135225,132636,8394,141030,711
2022-05-22,Santa Barbara,083,443738,89677,88783,5091,93874,692
2022-05-22,Santa Clara,085,1922200,343013,336488,14498,350986,2301
2022-05-22,Santa Cruz,087,273765,51792,51333,2428,53761,263
2022-05-22,Shasta,089,179085,31127,30966,6241,37207,564
2022-05-22,Sierra,091,2930,278,276,54,330,4
2022-05-22,Siskiyou,093,43540,4529,4501,2826,7327,81
2022-05-22,Solano,095,438530,86464,85038,6064,91102,451
2022-05-22,Sonoma,097,501317,90220,88889,3486,92375,489
2022-05-22,Stanislaus,099,539301,120160,119396,18272,137668,1653
2022-05-22,Sutter,101,95872,20902,20809,2221,23030,226
2022-05-22,Tehama,103,63373,12194,12162,2679,14841,201
2022-05-22,Trinity,105,12862,1197,1191,297,1488,20
2022-05-22,Tulare,107,460477,107861,107485,29479,136964,1477
2022-05-22,Tuolumne,109,53932,13144,12977,618,13595,182
2022-05-22,Ventura,111,848112,179760,178024,10592,188616,1499
2022-05-22,Yolo,113,214977,39894,38377,3470,41847,319
2022-05-22,Yuba,115,75493,16284,16180,1324,17504,122
2022-05-21,Alameda,001,1643700,279287,274996,15728,290724,1858
2022-05-21,Alpine,003,1148,126,126,1,127,0
2022-05-21,Amador,005,37829,8729,8628,687,9315,86
2022-05-21,Butte,007,227075,33846,33606,7048,40654,426
2022-05-21,Calaveras,009,45235,7468,7424,391,7815,120
2022-05-21,Colusa,011,21464,3471,3468,1087,4555,21
2022-05-21,Contra Costa,013,1133247,202931,199703,14874,214577,1305
2022-05-21,Del Norte,015,27424,6204,6045,235,6280,50
2022-05-21,El Dorado,017,186661,27816,27517,3419,30936,213
2022-05-21,Fresno,019,978130,235737,234657,24721,259378,2760
2022-05-21,Glenn,021,27897,5030,5020,1639,6659,48
2022-05-21,Humboldt,023,135768,18195,17984,3426,21410,146
2022-05-21,Imperial,025,180216,56241,56014,11061,67075,923
2022-05-21,Inyo,027,18085,4154,4135,569,4704,56
2022-05-21,Kern,029,883053,194537,193705,47563,241268,2334
2022-05-21,Kings,031,150075,52174,52038,3671,55709,447
2022-05-21,Lake,033,64148,10946,10867,933,11800,137
2022-05-21,Lassen,035,31185,9023,9011,900,9911,64
2022-05-21,Los Angeles,037,10098052,2814753,2791671,132152,2923823,31815
2022-05-21,Madera,039,155013,37947,37744,6339,44083,370
2022-05-21,Marin,041,260295,37013,36394,3691,40085,293
2022-05-21,Mariposa,043,17540,2524,2490,227,2717,30
2022-05-21,Mendocino,045,87422,13580,13461,3407,16868,124
2022-05-21,Merced,047,269075,63335,62969,9144,72113,823
2022-05-21,Modoc,049,8938,750,750,255,1005,8
2022-05-21,Mono,051,14174,3029,3012,162,3174,6
2022-05-21,Monterey,053,433212,81836,81224,15438,96662,735
2022-05-21,Napa,055,140530,27327,27034,1123,28157,143
2022-05-21,Nevada,057,99092,16548,16410,1317,17727,127
2022-05-21,Orange,059,3164182,566504,562531,44737,607268,7025
2022-05-21,Placer,061,380077,65540,64802,7853,72655,626
2022-05-21,Plumas,063,18699,3088,3052,377,3429,13
2022-05-21,Riverside,065,2383286,605546,601808,29368,631176,6476
2022-05-21,Sacramento,067,1510023,292778,289972,28889,318861,3027
2022-05-21,San Benito,069,59416,13324,13234,577,13811,98
2022-05-21,San Bernardino,071,2135413,580169,575194,25836,601030,7523
2022-05-21,San Diego,073,3302833,781560,777404,55821,833225,5282
2022-05-21,San Francisco,075,870044,141697,138922,9474,148396,871
2022-05-21,San Joaquin,077,732212,170969,169745,11098,180843,2237
2022-05-21,San Luis Obispo,079,281455,54396,54012,4353,58365,481
2022-05-21,San Mateo,081,765935,134914,132636,8374,141010,711
2022-05-21,Santa Barbara,083,443738,89586,88783,5088,93871,692
2022-05-21,Santa Clara,085,1922200,342163,336488,14455,350943,2301
2022-05-21,Santa Cruz,087,273765,51747,51333,2421,53754,263
2022-05-21,Shasta,089,179085,31115,30966,6238,37204,564
2022-05-21,Sierra,091,2930,277,276,54,330,4
2022-05-21,Siskiyou,093,43540,4525,4501,2824,7325,81
2022-05-21,Solano,095,438530,86380,85038,6061,91099,451
2022-05-21,Sonoma,097,501317,90094,88889,3480,92369,489
2022-05-21,Stanislaus,099,539301,120081,119396,18251,137647,1653
2022-05-21,Sutter,101,95872,20892,20809,2216,23025,226
2022-05-21,Tehama,103,63373,12192,12162,2678,14840,201
2022-05-21,Trinity,105,12862,1197,1191,297,1488,20
2022-05-21,Tulare,107,460477,107798,107485,29440,136925,1477
2022-05-21,Tuolumne,109,53932,13137,12977,618,13595,182
2022-05-21,Ventura,111,848112,179590,178024,10577,188601,1499
2022-05-21,Yolo,113,214977,39829,38377,3462,41839,319
2022-05-21,Yuba,115,75493,16271,16180,1322,17502,122
2022-05-20,Alameda,001,1643700,278748,274996,15706,290702,1858
2022-05-20,Alpine,003,1148,126,126,1,127,0
2022-05-20,Amador,005,37829,8722,8628,687,9315,86
2022-05-20,Butte,007,227075,33826,33606,7039,40645,426
2022-05-20,Calaveras,009,45235,7460,7424,391,7815,120
2022-05-20,Colusa,011,21464,3471,3468,1087,4555,21
2022-05-20,Contra Costa,013,1133247,202575,199703,14865,214568,1305
2022-05-20,Del Norte,015,27424,6199,6045,234,6279,50
2022-05-20,El Dorado,017,186661,27784,27517,3416,30933,213
2022-05-20,Fresno,019,978130,235579,234657,24697,259354,2760
2022-05-20,Glenn,021,27897,5027,5020,1639,6659,48
2022-05-20,Humboldt,023,135768,18173,17984,3424,21408,146
2022-05-20,Imperial,025,180216,56216,56014,11058,67072,923
2022-05-20,Inyo,027,18085,4151,4135,565,4700,56
2022-05-20,Kern,029,883053,194434,193705,47512,241217,2334
2022-05-20,Kings,031,150075,52159,52038,3670,55708,447
2022-05-20,Lake,033,64148,10929,10867,933,11800,137
2022-05-20,Lassen,035,31185,9021,9011,900,9911,64
2022-05-20,Los Angeles,037,10098052,2812410,2791671,131933,2923604,31815
2022-05-20,Madera,039,155013,37928,37744,6337,44081,370
2022-05-20,Marin,041,260295,36940,36394,3652,40046,293
2022-05-20,Mariposa,043,17540,2519,2490,227,2717,30
2022-05-20,Mendocino,045,87422,13565,13461,3406,16867,124
2022-05-20,Merced,047,269075,63301,62969,9141,72110,823
2022-05-20,Modoc,049,8938,750,750,255,1005,8
2022-05-20,Mono,051,14174,3025,3012,162,3174,6
2022-05-20,Monterey,053,433212,81777,81224,15404,96628,735
2022-05-20,Napa,055,140530,27297,27034,1120,28154,143
2022-05-20,Nevada,057,99092,16540,16410,1315,17725,127
2022-05-20,Orange,059,3164182,565926,562531,44632,607163,7025
2022-05-20,Placer,061,380077,65466,64802,7838,72640,626
2022-05-20,Plumas,063,18699,3086,3052,377,3429,13
2022-05-20,Riverside,065,2383286,605097,601808,29343,631151,6476
2022-05-20,Sacramento,067,1510023,292397,289972,28866,318838,3027
2022-05-20,San Benito,069,59416,13308,13234,577,13811,98
2022-05-20,San Bernardino,071,2135413,579849,575194,25819,601013,7523
2022-05-20,San Diego,073,3302833,780765,777404,55761,833165,5282
2022-05-20,San Francisco,075,870044,141364,138922,9443,148365,871
2022-05-20,San Joaquin,077,732212,170847,169745,11091,180836,2237
2022-05-20,San Luis Obispo,079,281455,54360,54012,4349,58361,481
2022-05-20,San Mateo,081,765935,134598,132636,8353,140989,711
2022-05-20,Santa Barbara,083,443738,89502,88783,5083,93866,692
2022-05-20,Santa Clara,085,1922200,341368,336488,14400,350888,2301
2022-05-20,Santa Cruz,087,273765,51703,51333,2401,53734,263
2022-05-20,Shasta,089,179085,31101,30966,6234,37200,564
2022-05-20,Sierra,091,2930,277,276,54,330,4
2022-05-20,Siskiyou,093,43540,4522,4501,2822,7323,81
2022-05-20,Solano,095,438530,86240,85038,6054,91092,451
2022-05-20,Sonoma,097,501317,89967,88889,3467,92356,489
2022-05-20,Stanislaus,099,539301,119999,119396,18241,137637,1653
2022-05-20,Sutter,101,95872,20883,20809,2216,23025,226
2022-05-20,Tehama,103,63373,12189,12162,2677,14839,201
2022-05-20,Trinity,105,12862,1197,1191,297,1488,20
2022-05-20,Tulare,107,460477,107741,107485,29399,136884,1477
2022-05-20,Tuolumne,109,53932,13118,12977,617,13594,182
2022-05-20,Ventura,111,848112,179394,178024,10567,188591,1499
2022-05-20,Yolo,113,214977,39758,38377,3457,41834,319
2022-05-20,Yuba,115,75493,16256,16180,1318,17498,122
2022-05-19,Alameda,001,1643700,277917,274996,15638,290634,1858
2022-05-19,Alpine,003,1148,126,126,1,127,0
2022-05-19,Amador,005,37829,8714,8628,687,9315,86
2022-05-19,Butte,007,227075,33795,33606,7030,40636,426
2022-05-19,Calaveras,009,45235,7454,7424,388,7812,120
2022-05-19,Colusa,011,21464,3470,3468,1086,4554,21
2022-05-19,Contra Costa,013,1133247,202032,199703,14801,214504,1305
2022-05-19,Del Norte,015,27424,6193,6045,227,6272,50
2022-05-19,El Dorado,017,186661,27732,27517,3409,30926,213
2022-05-19,Fresno,019,978130,235355,234657,24658,259315,2760
2022-05-19,Glenn,021,27897,5026,5020,1635,6655,48
2022-05-19,Humboldt,023,135768,18139,17984,3414,21398,146
2022-05-19,Imperial,025,180216,56170,56014,11056,67070,923
2022-05-19,Inyo,027,18085,4147,4135,564,4699,56
2022-05-19,Kern,029,883053,194291,193705,47431,241136,2334
2022-05-19,Kings,031,150075,52132,52038,3668,55706,447
2022-05-19,Lake,033,64148,10921,10867,932,11799,137
2022-05-19,Lassen,035,31185,9017,9011,899,9910,64
2022-05-19,Los Angeles,037,10098052,2808452,2791671,131604,2923275,31815
2022-05-19,Madera,039,155013,37892,37744,6328,44072,370
2022-05-19,Marin,041,260295,36844,36394,3618,40012,293
2022-05-19,Mariposa,043,17540,2511,2490,227,2717,30
2022-05-19,Mendocino,045,87422,13542,13461,3399,16860,124
2022-05-19,Merced,047,269075,63238,62969,9127,72096,823
2022-05-19,Modoc,049,8938,750,750,255,1005,8
2022-05-19,Mono,051,14174,3024,3012,158,3170,6
2022-05-19,Monterey,053,433212,81697,81224,15337,96561,735
2022-05-19,Napa,055,140530,27240,27034,1117,28151,143
2022-05-19,Nevada,057,99092,16506,16410,1310,17720,127
2022-05-19,Orange,059,3164182,565086,562531,44496,607027,7025
2022-05-19,Placer,061,380077,65347,64802,7825,72627,626
2022-05-19,Plumas,063,18699,3080,3052,376,3428,13
2022-05-19,Riverside,065,2383286,604465,601808,29300,631108,6476
2022-05-19,Sacramento,067,1510023,291838,289972,28779,318751,3027
2022-05-19,San Benito,069,59416,13280,13234,576,13810,98
2022-05-19,San Bernardino,071,2135413,579336,575194,25799,600993,7523
2022-05-19,San Diego,073,3302833,779531,777404,55641,833045,5282
2022-05-19,San Francisco,075,870044,140889,138922,9403,148325,871
2022-05-19,San Joaquin,077,732212,170607,169745,11073,180818,2237
2022-05-19,San Luis Obispo,079,281455,54257,54012,4318,58330,481
2022-05-19,San Mateo,081,765935,134135,132636,8300,140936,711
2022-05-19,Santa Barbara,083,443738,89348,88783,5065,93848,692
2022-05-19,Santa Clara,085,1922200,340273,336488,14302,350790,2301
2022-05-19,Santa Cruz,087,273765,51625,51333,2390,53723,263
2022-05-19,Shasta,089,179085,31072,30966,6227,37193,564
2022-05-19,Sierra,091,2930,277,276,54,330,4
2022-05-19,Siskiyou,093,43540,4519,4501,2820,7321,81
2022-05-19,Solano,095,438530,86057,85038,6031,91069,451
2022-05-19,Sonoma,097,501317,89763,88889,3433,92322,489
2022-05-19,Stanislaus,099,539301,119870,119396,18221,137617,1653
2022-05-19,Sutter,101,95872,20847,20809,2212,23021,226
2022-05-19,Tehama,103,63373,12179,12162,2673,14835,201
2022-05-19,Trinity,105,12862,1196,1191,297,1488,20
2022-05-19,Tulare,107,460477,107650,107485,29351,136836,1477
2022-05-19,Tuolumne,109,53932,13093,12977,616,13593,182
2022-05-19,Ventura,111,848112,179121,178024,10534,188558,1499
2022-05-19,Yolo,113,214977,39667,38377,3451,41828,319
2022-05-19,Yuba,115,75493,16236,16180,1309,17489,122
2022-05-18,Alameda,001,1643700,277067,272530,15574,288104,1859
2022-05-18,Alpine,003,1148,126,126,1,127,0
2022-05-18,Amador,005,37829,8696,8592,687,9279,86
2022-05-18,Butte,007,227075,33755,33486,7015,40501,426
2022-05-18,Calaveras,009,45235,7446,7400,388,7788,120
2022-05-18,Colusa,011,21464,3470,3467,1085,4552,21
2022-05-18,Contra Costa,013,1133247,201479,198207,14740,212947,1303
2022-05-18,Del Norte,015,27424,6183,6001,223,6224,50
2022-05-18,El Dorado,017,186661,27681,27388,3402,30790,212
2022-05-18,Fresno,019,978130,235094,234055,24620,258675,2759
2022-05-18,Glenn,021,27897,5025,5012,1635,6647,48
2022-05-18,Humboldt,023,135768,18114,17868,3402,21270,146
2022-05-18,Imperial,025,180216,56108,55915,11050,66965,918
2022-05-18,Inyo,027,18085,4143,4120,558,4678,56
2022-05-18,Kern,029,883053,194170,193338,47371,240709,2327
2022-05-18,Kings,031,150075,52103,51903,3664,55567,447
2022-05-18,Lake,033,64148,10912,10831,931,11762,137
2022-05-18,Lassen,035,31185,9011,8994,899,9893,65
2022-05-18,Los Angeles,037,10098052,2804113,2780354,131325,2911679,31789
2022-05-18,Madera,039,155013,37855,37644,6321,43965,365
2022-05-18,Marin,041,260295,36753,36024,3578,39602,293
2022-05-18,Mariposa,043,17540,2504,2481,227,2708,30
2022-05-18,Mendocino,045,87422,13521,13403,3383,16786,124
2022-05-18,Merced,047,269075,63172,62802,9098,71900,818
2022-05-18,Modoc,049,8938,750,748,255,1003,8
2022-05-18,Mono,051,14174,3022,3010,156,3166,6
2022-05-18,Monterey,053,433212,81586,80955,15279,96234,735
2022-05-18,Napa,055,140530,27199,26912,1111,28023,143
2022-05-18,Nevada,057,99092,16486,16361,1307,17668,127
2022-05-18,Orange,059,3164182,564282,560094,44380,604474,7021
2022-05-18,Placer,061,380077,65203,64432,7815,72247,626
2022-05-18,Plumas,063,18699,3072,3022,374,3396,13
2022-05-18,Riverside,065,2383286,603821,599947,29248,629195,6471
2022-05-18,Sacramento,067,1510023,291315,288335,28689,317024,3022
2022-05-18,San Benito,069,59416,13257,13186,574,13760,98
2022-05-18,San Bernardino,071,2135413,578866,573790,25774,599564,7455
2022-05-18,San Diego,073,3302833,778096,773934,55506,829440,5277
2022-05-18,San Francisco,075,870044,140356,137341,9380,146721,869
2022-05-18,San Joaquin,077,732212,170373,169045,10981,180026,2236
2022-05-18,San Luis Obispo,079,281455,54160,53756,4280,58036,478
2022-05-18,San Mateo,081,765935,133711,131330,8235,139565,709
2022-05-18,Santa Barbara,083,443738,89187,88317,5047,93364,693
2022-05-18,Santa Clara,085,1922200,339115,333230,14201,347431,2300
2022-05-18,Santa Cruz,087,273765,51533,51020,2377,53397,263
2022-05-18,Shasta,089,179085,31049,30899,6221,37120,558
2022-05-18,Sierra,091,2930,277,275,54,329,4
2022-05-18,Siskiyou,093,43540,4514,4495,2818,7313,81
2022-05-18,Solano,095,438530,85798,84476,6015,90491,451
2022-05-18,Sonoma,097,501317,89565,88195,3399,91594,489
2022-05-18,Stanislaus,099,539301,119761,119025,18192,137217,1645
2022-05-18,Sutter,101,95872,20825,20763,2204,22967,226
2022-05-18,Tehama,103,63373,12173,12133,2670,14803,201
2022-05-18,Trinity,105,12862,1196,1189,297,1486,20
2022-05-18,Tulare,107,460477,107579,107292,29294,136586,1477
2022-05-18,Tuolumne,109,53932,13074,12917,614,13531,182
2022-05-18,Ventura,111,848112,178854,177233,10506,187739,1497
2022-05-18,Yolo,113,214977,39555,38139,3442,41581,316
2022-05-18,Yuba,115,75493,16212,16109,1303,17412,122
2022-05-17,Alameda,001,1643700,276247,272530,15516,288046,1859
2022-05-17,Alpine,003,1148,126,126,1,127,0
2022-05-17,Amador,005,37829,8688,8592,686,9278,86
2022-05-17,Butte,007,227075,33702,33486,7002,40488,426
2022-05-17,Calaveras,009,45235,7439,7400,388,7788,120
2022-05-17,Colusa,011,21464,3469,3467,1084,4551,21
2022-05-17,Contra Costa,013,1133247,200838,198207,14672,212879,1303
2022-05-17,Del Norte,015,27424,6169,6001,222,6223,50
2022-05-17,El Dorado,017,186661,27626,27388,3399,30787,212
2022-05-17,Fresno,019,978130,234843,234055,24593,258648,2759
2022-05-17,Glenn,021,27897,5022,5012,1634,6646,48
2022-05-17,Humboldt,023,135768,18074,17868,3387,21255,146
2022-05-17,Imperial,025,180216,56064,55915,11038,66953,918
2022-05-17,Inyo,027,18085,4141,4120,549,4669,56
2022-05-17,Kern,029,883053,194013,193338,47313,240651,2327
2022-05-17,Kings,031,150075,52060,51903,3660,55563,447
2022-05-17,Lake,033,64148,10897,10831,929,11760,137
2022-05-17,Lassen,035,31185,9006,8994,898,9892,65
2022-05-17,Los Angeles,037,10098052,2799575,2780354,131024,2911378,31789
2022-05-17,Madera,039,155013,37829,37644,6306,43950,365
2022-05-17,Marin,041,260295,36619,36024,3516,39540,293
2022-05-17,Mariposa,043,17540,2499,2481,226,2707,30
2022-05-17,Mendocino,045,87422,13495,13403,3374,16777,124
2022-05-17,Merced,047,269075,63107,62802,9078,71880,818
2022-05-17,Modoc,049,8938,750,748,255,1003,8
2022-05-17,Mono,051,14174,3018,3010,155,3165,6
2022-05-17,Monterey,053,433212,81470,80955,15206,96161,735
2022-05-17,Napa,055,140530,27151,26912,1103,28015,143
2022-05-17,Nevada,057,99092,16457,16361,1301,17662,127
2022-05-17,Orange,059,3164182,563380,560094,44237,604331,7021
2022-05-17,Placer,061,380077,65040,64432,7783,72215,626
2022-05-17,Plumas,063,18699,3066,3022,373,3395,13
2022-05-17,Riverside,065,2383286,603135,599947,29203,629150,6471
2022-05-17,Sacramento,067,1510023,290684,288335,28574,316909,3022
2022-05-17,San Benito,069,59416,13220,13186,574,13760,98
2022-05-17,San Bernardino,071,2135413,578380,573790,25760,599550,7455
2022-05-17,San Diego,073,3302833,776588,773934,55361,829295,5277
2022-05-17,San Francisco,075,870044,139775,137341,9348,146689,869
2022-05-17,San Joaquin,077,732212,170130,169045,10942,179987,2236
2022-05-17,San Luis Obispo,079,281455,54067,53756,4233,57989,478
2022-05-17,San Mateo,081,765935,133219,131330,8196,139526,709
2022-05-17,Santa Barbara,083,443738,88988,88317,5033,93350,693
2022-05-17,Santa Clara,085,1922200,337929,333230,14120,347350,2300
2022-05-17,Santa Cruz,087,273765,51456,51020,2368,53388,263
2022-05-17,Shasta,089,179085,31012,30899,6216,37115,558
2022-05-17,Sierra,091,2930,277,275,54,329,4
2022-05-17,Siskiyou,093,43540,4512,4495,2816,7311,81
2022-05-17,Solano,095,438530,85518,84476,5989,90465,451
2022-05-17,Sonoma,097,501317,89321,88195,3354,91549,489
2022-05-17,Stanislaus,099,539301,119613,119025,18166,137191,1645
2022-05-17,Sutter,101,95872,20805,20763,2201,22964,226
2022-05-17,Tehama,103,63373,12161,12133,2666,14799,201
2022-05-17,Trinity,105,12862,1195,1189,297,1486,20
2022-05-17,Tulare,107,460477,107486,107292,29250,136542,1477
2022-05-17,Tuolumne,109,53932,13059,12917,614,13531,182
2022-05-17,Ventura,111,848112,178531,177233,10465,187698,1497
2022-05-17,Yolo,113,214977,39417,38139,3435,41574,316
2022-05-17,Yuba,115,75493,16188,16109,1300,17409,122
2022-05-16,Alameda,001,1643700,275247,272530,15443,287973,1859
2022-05-16,Alpine,003,1148,126,126,1,127,0
2022-05-16,Amador,005,37829,8678,8592,685,9277,86
2022-05-16,Butte,007,227075,33645,33486,6991,40477,426
2022-05-16,Calaveras,009,45235,7431,7400,386,7786,120
2022-05-16,Colusa,011,21464,3468,3467,1084,4551,21
2022-05-16,Contra Costa,013,1133247,200198,198207,14611,212818,1303
2022-05-16,Del Norte,015,27424,6156,6001,219,6220,50
2022-05-16,El Dorado,017,186661,27570,27388,3392,30780,212
2022-05-16,Fresno,019,978130,234582,234055,24557,258612,2759
2022-05-16,Glenn,021,27897,5018,5012,1631,6643,48
2022-05-16,Humboldt,023,135768,18029,17868,3377,21245,146
2022-05-16,Imperial,025,180216,56000,55915,11026,66941,918
2022-05-16,Inyo,027,18085,4137,4120,546,4666,56
2022-05-16,Kern,029,883053,193859,193338,47245,240583,2327
2022-05-16,Kings,031,150075,52010,51903,3659,55562,447
2022-05-16,Lake,033,64148,10891,10831,928,11759,137
2022-05-16,Lassen,035,31185,9001,8994,895,9889,65
2022-05-16,Los Angeles,037,10098052,2795132,2780354,130743,2911097,31789
2022-05-16,Madera,039,155013,37797,37644,6295,43939,365
2022-05-16,Marin,041,260295,36455,36024,3466,39490,293
2022-05-16,Mariposa,043,17540,2498,2481,225,2706,30
2022-05-16,Mendocino,045,87422,13469,13403,3362,16765,124
2022-05-16,Merced,047,269075,63038,62802,9047,71849,818
2022-05-16,Modoc,049,8938,750,748,255,1003,8
2022-05-16,Mono,051,14174,3016,3010,155,3165,6
2022-05-16,Monterey,053,433212,81359,80955,15116,96071,735
2022-05-16,Napa,055,140530,27099,26912,1100,28012,143
2022-05-16,Nevada,057,99092,16438,16361,1295,17656,127
2022-05-16,Orange,059,3164182,562525,560094,44105,604199,7021
2022-05-16,Placer,061,380077,64933,64432,7755,72187,626
2022-05-16,Plumas,063,18699,3056,3022,373,3395,13
2022-05-16,Riverside,065,2383286,602420,599947,29150,629097,6471
2022-05-16,Sacramento,067,1510023,290021,288335,28477,316812,3022
2022-05-16,San Benito,069,59416,13202,13186,569,13755,98
2022-05-16,San Bernardino,071,2135413,577915,573790,25730,599520,7455
2022-05-16,San Diego,073,3302833,775052,773934,55210,829144,5277
2022-05-16,San Francisco,075,870044,139065,137341,9315,146656,869
2022-05-16,San Joaquin,077,732212,169852,169045,10738,179783,2236
2022-05-16,San Luis Obispo,079,281455,53964,53756,4203,57959,478
2022-05-16,San Mateo,081,765935,132678,131330,8149,139479,709
2022-05-16,Santa Barbara,083,443738,88845,88317,5024,93341,693
2022-05-16,Santa Clara,085,1922200,336600,333230,14040,347270,2300
2022-05-16,Santa Cruz,087,273765,51380,51020,2355,53375,263
2022-05-16,Shasta,089,179085,30979,30899,6207,37106,558
2022-05-16,Sierra,091,2930,277,275,53,328,4
2022-05-16,Siskiyou,093,43540,4509,4495,2809,7304,81
2022-05-16,Solano,095,438530,85257,84476,5966,90442,451
2022-05-16,Sonoma,097,501317,89022,88195,3321,91516,489
2022-05-16,Stanislaus,099,539301,119467,119025,18131,137156,1645
2022-05-16,Sutter,101,95872,20791,20763,2196,22959,226
2022-05-16,Tehama,103,63373,12153,12133,2663,14796,201
2022-05-16,Trinity,105,12862,1194,1189,297,1486,20
2022-05-16,Tulare,107,460477,107411,107292,29194,136486,1477
2022-05-16,Tuolumne,109,53932,13027,12917,612,13529,182
2022-05-16,Ventura,111,848112,178197,177233,10411,187644,1497
2022-05-16,Yolo,113,214977,39282,38139,3426,41565,316
2022-05-16,Yuba,115,75493,16161,16109,1297,17406,122
2022-05-15,Alameda,001,1643700,274178,268944,15378,284322,1857
2022-05-15,Alpine,003,1148,126,125,1,126,0
2022-05-15,Amador,005,37829,8662,8574,684,9258,86
2022-05-15,Butte,007,227075,33591,33377,6967,40344,424
2022-05-15,Calaveras,009,45235,7412,7378,384,7762,120
2022-05-15,Colusa,011,21464,3465,3463,1082,4545,21
2022-05-15,Contra Costa,013,1133247,199441,195925,14542,210467,1301
2022-05-15,Del Norte,015,27424,6082,5919,217,6136,50
2022-05-15,El Dorado,017,186661,27509,27216,3380,30596,212
2022-05-15,Fresno,019,978130,234315,233305,24523,257828,2757
2022-05-15,Glenn,021,27897,5015,5004,1630,6634,48
2022-05-15,Humboldt,023,135768,17979,17633,3342,20975,146
2022-05-15,Imperial,025,180216,55964,55756,11001,66757,917
2022-05-15,Inyo,027,18085,4133,4114,541,4655,56
2022-05-15,Kern,029,883053,193683,192939,47163,240102,2314
2022-05-15,Kings,031,150075,51950,51779,3654,55433,447
2022-05-15,Lake,033,64148,10874,10790,925,11715,137
2022-05-15,Lassen,035,31185,8993,8987,894,9881,65
2022-05-15,Los Angeles,037,10098052,2790525,2768726,130368,2899094,31768
2022-05-15,Madera,039,155013,37755,37520,6280,43800,365
2022-05-15,Marin,041,260295,36284,35486,3426,38912,293
2022-05-15,Mariposa,043,17540,2493,2463,224,2687,30
2022-05-15,Mendocino,045,87422,13450,13349,3335,16684,124
2022-05-15,Merced,047,269075,62953,62627,9001,71628,818
2022-05-15,Modoc,049,8938,749,747,255,1002,8
2022-05-15,Mono,051,14174,3013,3002,153,3155,6
2022-05-15,Monterey,053,433212,81249,80620,15022,95642,735
2022-05-15,Napa,055,140530,27047,26698,1096,27794,143
2022-05-15,Nevada,057,99092,16408,16240,1293,17533,127
2022-05-15,Orange,059,3164182,561575,557134,43964,601098,7017
2022-05-15,Placer,061,380077,64752,63963,7731,71694,626
2022-05-15,Plumas,063,18699,3050,3006,373,3379,13
2022-05-15,Riverside,065,2383286,601699,597914,29080,626994,6471
2022-05-15,Sacramento,067,1510023,289306,286403,28336,314739,3022
2022-05-15,San Benito,069,59416,13177,13106,567,13673,98
2022-05-15,San Bernardino,071,2135413,577365,572057,25701,597758,7423
2022-05-15,San Diego,073,3302833,773551,770323,55024,825347,5271
2022-05-15,San Francisco,075,870044,138345,134916,9278,144194,866
2022-05-15,San Joaquin,077,732212,169610,168174,10662,178836,2236
2022-05-15,San Luis Obispo,079,281455,53837,53502,4158,57660,478
2022-05-15,San Mateo,081,765935,132147,129480,8082,137562,709
2022-05-15,Santa Barbara,083,443738,88614,87773,4992,92765,693
2022-05-15,Santa Clara,085,1922200,335174,328609,13954,342563,2297
2022-05-15,Santa Cruz,087,273765,51278,50268,2339,52607,263
2022-05-15,Shasta,089,179085,30937,30799,6201,37000,557
2022-05-15,Sierra,091,2930,277,275,53,328,4
2022-05-15,Siskiyou,093,43540,4507,4482,2806,7288,81
2022-05-15,Solano,095,438530,84939,83669,5936,89605,451
2022-05-15,Sonoma,097,501317,88699,87070,3296,90366,488
2022-05-15,Stanislaus,099,539301,119297,118586,18099,136685,1645
2022-05-15,Sutter,101,95872,20764,20690,2190,22880,226
2022-05-15,Tehama,103,63373,12135,12115,2657,14772,201
2022-05-15,Trinity,105,12862,1193,1188,297,1485,20
2022-05-15,Tulare,107,460477,107311,107077,29137,136214,1469
2022-05-15,Tuolumne,109,53932,12976,12851,611,13462,182
2022-05-15,Ventura,111,848112,177852,176317,10364,186681,1497
2022-05-15,Yolo,113,214977,39167,37737,3413,41150,316
2022-05-15,Yuba,115,75493,16127,16028,1287,17315,122
2022-05-14,Alameda,001,1643700,273759,268944,15360,284304,1857
2022-05-14,Alpine,003,1148,125,125,1,126,0
2022-05-14,Amador,005,37829,8656,8574,684,9258,86
2022-05-14,Butte,007,227075,33572,33377,6958,40335,424
2022-05-14,Calaveras,009,45235,7410,7378,384,7762,120
2022-05-14,Colusa,011,21464,3465,3463,1082,4545,21
2022-05-14,Contra Costa,013,1133247,199062,195925,14510,210435,1301
2022-05-14,Del Norte,015,27424,6073,5919,215,6134,50
2022-05-14,El Dorado,017,186661,27479,27216,3374,30590,212
2022-05-14,Fresno,019,978130,234192,233305,24515,257820,2757
2022-05-14,Glenn,021,27897,5014,5004,1626,6630,48
2022-05-14,Humboldt,023,135768,17953,17633,3335,20968,146
2022-05-14,Imperial,025,180216,55933,55756,10997,66753,917
2022-05-14,Inyo,027,18085,4128,4114,541,4655,56
2022-05-14,Kern,029,883053,193610,192939,47116,240055,2314
2022-05-14,Kings,031,150075,51923,51779,3654,55433,447
2022-05-14,Lake,033,64148,10864,10790,920,11710,137
2022-05-14,Lassen,035,31185,8991,8987,894,9881,65
2022-05-14,Los Angeles,037,10098052,2788614,2768726,130144,2898870,31768
2022-05-14,Madera,039,155013,37741,37520,6280,43800,365
2022-05-14,Marin,041,260295,36179,35486,3375,38861,293
2022-05-14,Mariposa,043,17540,2492,2463,224,2687,30
2022-05-14,Mendocino,045,87422,13440,13349,3333,16682,124
2022-05-14,Merced,047,269075,62919,62627,8997,71624,818
2022-05-14,Modoc,049,8938,748,747,255,1002,8
2022-05-14,Mono,051,14174,3013,3002,152,3154,6
2022-05-14,Monterey,053,433212,81185,80620,14966,95586,735
2022-05-14,Napa,055,140530,27024,26698,1089,27787,143
2022-05-14,Nevada,057,99092,16393,16240,1292,17532,127
2022-05-14,Orange,059,3164182,561131,557134,43871,601005,7017
2022-05-14,Placer,061,380077,64646,63963,7709,71672,626
2022-05-14,Plumas,063,18699,3046,3006,373,3379,13
2022-05-14,Riverside,065,2383286,601292,597914,29052,626966,6471
2022-05-14,Sacramento,067,1510023,289035,286403,28314,314717,3022
2022-05-14,San Benito,069,59416,13166,13106,565,13671,98
2022-05-14,San Bernardino,071,2135413,577087,572057,25688,597745,7423
2022-05-14,San Diego,073,3302833,772953,770323,54979,825302,5271
2022-05-14,San Francisco,075,870044,137983,134916,9256,144172,866
2022-05-14,San Joaquin,077,732212,169470,168174,10647,178821,2236
2022-05-14,San Luis Obispo,079,281455,53810,53502,4155,57657,478
2022-05-14,San Mateo,081,765935,131819,129480,8060,137540,709
2022-05-14,Santa Barbara,083,443738,88507,87773,4992,92765,693
2022-05-14,Santa Clara,085,1922200,334341,328609,13913,342522,2297
2022-05-14,Santa Cruz,087,273765,51231,50268,2329,52597,263
2022-05-14,Shasta,089,179085,30932,30799,6200,36999,557
2022-05-14,Sierra,091,2930,277,275,53,328,4
2022-05-14,Siskiyou,093,43540,4504,4482,2804,7286,81
2022-05-14,Solano,095,438530,84878,83669,5924,89593,451
2022-05-14,Sonoma,097,501317,88554,87070,3287,90357,488
2022-05-14,Stanislaus,099,539301,119213,118586,18088,136674,1645
2022-05-14,Sutter,101,95872,20756,20690,2189,22879,226
2022-05-14,Tehama,103,63373,12129,12115,2656,14771,201
2022-05-14,Trinity,105,12862,1193,1188,297,1485,20
2022-05-14,Tulare,107,460477,107266,107077,29105,136182,1469
2022-05-14,Tuolumne,109,53932,12964,12851,611,13462,182
2022-05-14,Ventura,111,848112,177689,176317,10342,186659,1497
2022-05-14,Yolo,113,214977,39097,37737,3406,41143,316
2022-05-14,Yuba,115,75493,16120,16028,1286,17314,122
2022-05-13,Alameda,001,1643700,273283,268944,15333,284277,1857
2022-05-13,Alpine,003,1148,125,125,1,126,0
2022-05-13,Amador,005,37829,8651,8574,683,9257,86
2022-05-13,Butte,007,227075,33555,33377,6955,40332,424
2022-05-13,Calaveras,009,45235,7406,7378,384,7762,120
2022-05-13,Colusa,011,21464,3464,3463,1082,4545,21
2022-05-13,Contra Costa,013,1133247,198718,195925,14480,210405,1301
2022-05-13,Del Norte,015,27424,6070,5919,215,6134,50
2022-05-13,El Dorado,017,186661,27451,27216,3374,30590,212
2022-05-13,Fresno,019,978130,234084,233305,24494,257799,2757
2022-05-13,Glenn,021,27897,5012,5004,1625,6629,48
2022-05-13,Humboldt,023,135768,17929,17633,3327,20960,146
2022-05-13,Imperial,025,180216,55914,55756,10996,66752,917
2022-05-13,Inyo,027,18085,4128,4114,540,4654,56
2022-05-13,Kern,029,883053,193536,192939,47085,240024,2314
2022-05-13,Kings,031,150075,51899,51779,3654,55433,447
2022-05-13,Lake,033,64148,10861,10790,920,11710,137
2022-05-13,Lassen,035,31185,8990,8987,894,9881,65
2022-05-13,Los Angeles,037,10098052,2786673,2768726,129954,2898680,31768
2022-05-13,Madera,039,155013,37721,37520,6271,43791,365
2022-05-13,Marin,041,260295,36077,35486,3332,38818,293
2022-05-13,Mariposa,043,17540,2490,2463,224,2687,30
2022-05-13,Mendocino,045,87422,13426,13349,3328,16677,124
2022-05-13,Merced,047,269075,62884,62627,8989,71616,818
2022-05-13,Modoc,049,8938,748,747,255,1002,8
2022-05-13,Mono,051,14174,3011,3002,151,3153,6
2022-05-13,Monterey,053,433212,81129,80620,14922,95542,735
2022-05-13,Napa,055,140530,26988,26698,1087,27785,143
2022-05-13,Nevada,057,99092,16378,16240,1291,17531,127
2022-05-13,Orange,059,3164182,560664,557134,43795,600929,7017
2022-05-13,Placer,061,380077,64567,63963,7699,71662,626
2022-05-13,Plumas,063,18699,3039,3006,373,3379,13
2022-05-13,Riverside,065,2383286,600904,597914,29021,626935,6471
2022-05-13,Sacramento,067,1510023,288697,286403,28295,314698,3022
2022-05-13,San Benito,069,59416,13162,13106,565,13671,98
2022-05-13,San Bernardino,071,2135413,576849,572057,25678,597735,7423
2022-05-13,San Diego,073,3302833,772314,770323,54901,825224,5271
2022-05-13,San Francisco,075,870044,137629,134916,9236,144152,866
2022-05-13,San Joaquin,077,732212,169351,168174,10635,178809,2236
2022-05-13,San Luis Obispo,079,281455,53774,53502,4151,57653,478
2022-05-13,San Mateo,081,765935,131531,129480,8039,137519,709
2022-05-13,Santa Barbara,083,443738,88414,87773,4989,92762,693
2022-05-13,Santa Clara,085,1922200,333536,328609,13881,342490,2297
2022-05-13,Santa Cruz,087,273765,51144,50268,2321,52589,263
2022-05-13,Shasta,089,179085,30928,30799,6200,36999,557
2022-05-13,Sierra,091,2930,276,275,50,325,4
2022-05-13,Siskiyou,093,43540,4503,4482,2803,7285,81
2022-05-13,Solano,095,438530,84756,83669,5917,89586,451
2022-05-13,Sonoma,097,501317,88377,87070,3277,90347,488
2022-05-13,Stanislaus,099,539301,119117,118586,18079,136665,1645
2022-05-13,Sutter,101,95872,20744,20690,2188,22878,226
2022-05-13,Tehama,103,63373,12127,12115,2654,14769,201
2022-05-13,Trinity,105,12862,1192,1188,297,1485,20
2022-05-13,Tulare,107,460477,107221,107077,29066,136143,1469
2022-05-13,Tuolumne,109,53932,12948,12851,611,13462,182
2022-05-13,Ventura,111,848112,177513,176317,10330,186647,1497
2022-05-13,Yolo,113,214977,39035,37737,3402,41139,316
2022-05-13,Yuba,115,75493,16107,16028,1283,17311,122
2022-05-12,Alameda,001,1643700,272539,268944,15278,284222,1857
2022-05-12,Alpine,003,1148,125,125,1,126,0
2022-05-12,Amador,005,37829,8642,8574,683,9257,86
2022-05-12,Butte,007,227075,33530,33377,6941,40318,424
2022-05-12,Calaveras,009,45235,7402,7378,383,7761,120
2022-05-12,Colusa,011,21464,3464,3463,1081,4544,21
2022-05-12,Contra Costa,013,1133247,198198,195925,14415,210340,1301
2022-05-12,Del Norte,015,27424,6053,5919,213,6132,50
2022-05-12,El Dorado,017,186661,27410,27216,3365,30581,212
2022-05-12,Fresno,019,978130,233934,233305,24475,257780,2757
2022-05-12,Glenn,021,27897,5008,5004,1625,6629,48
2022-05-12,Humboldt,023,135768,17886,17633,3312,20945,146
2022-05-12,Imperial,025,180216,55887,55756,10981,66737,917
2022-05-12,Inyo,027,18085,4124,4114,535,4649,56
2022-05-12,Kern,029,883053,193470,192939,47035,239974,2314
2022-05-12,Kings,031,150075,51878,51779,3651,55430,447
2022-05-12,Lake,033,64148,10843,10790,915,11705,137
2022-05-12,Lassen,035,31185,8989,8987,893,9880,65
2022-05-12,Los Angeles,037,10098052,2783462,2768726,129681,2898407,31768
2022-05-12,Madera,039,155013,37695,37520,6260,43780,365
2022-05-12,Marin,041,260295,35977,35486,3309,38795,293
2022-05-12,Mariposa,043,17540,2485,2463,223,2686,30
2022-05-12,Mendocino,045,87422,13409,13349,3315,16664,124
2022-05-12,Merced,047,269075,62851,62627,8974,71601,818
2022-05-12,Modoc,049,8938,747,747,255,1002,8
2022-05-12,Mono,051,14174,3011,3002,150,3152,6
2022-05-12,Monterey,053,433212,81070,80620,14869,95489,735
2022-05-12,Napa,055,140530,26942,26698,1085,27783,143
2022-05-12,Nevada,057,99092,16356,16240,1290,17530,127
2022-05-12,Orange,059,3164182,560023,557134,43684,600818,7017
2022-05-12,Placer,061,380077,64469,63963,7676,71639,626
2022-05-12,Plumas,063,18699,3033,3006,373,3379,13
2022-05-12,Riverside,065,2383286,600446,597914,28986,626900,6471
2022-05-12,Sacramento,067,1510023,288240,286403,28227,314630,3022
2022-05-12,San Benito,069,59416,13147,13106,563,13669,98
2022-05-12,San Bernardino,071,2135413,576503,572057,25656,597713,7423
2022-05-12,San Diego,073,3302833,771359,770323,54812,825135,5271
2022-05-12,San Francisco,075,870044,137247,134916,9193,144109,866
2022-05-12,San Joaquin,077,732212,169172,168174,10599,178773,2236
2022-05-12,San Luis Obispo,079,281455,53715,53502,4122,57624,478
2022-05-12,San Mateo,081,765935,131123,129480,7983,137463,709
2022-05-12,Santa Barbara,083,443738,88308,87773,4978,92751,693
2022-05-12,Santa Clara,085,1922200,332556,328609,13789,342398,2297
2022-05-12,Santa Cruz,087,273765,51000,50268,2316,52584,263
2022-05-12,Shasta,089,179085,30915,30799,6197,36996,557
2022-05-12,Sierra,091,2930,275,275,50,325,4
2022-05-12,Siskiyou,093,43540,4498,4482,2801,7283,81
2022-05-12,Solano,095,438530,84540,83669,5904,89573,451
2022-05-12,Sonoma,097,501317,88160,87070,3253,90323,488
2022-05-12,Stanislaus,099,539301,119016,118586,18052,136638,1645
2022-05-12,Sutter,101,95872,20728,20690,2187,22877,226
2022-05-12,Tehama,103,63373,12120,12115,2652,14767,201
2022-05-12,Trinity,105,12862,1191,1188,296,1484,20
2022-05-12,Tulare,107,460477,107169,107077,29009,136086,1469
2022-05-12,Tuolumne,109,53932,12927,12851,608,13459,182
2022-05-12,Ventura,111,848112,177282,176317,10292,186609,1497
2022-05-12,Yolo,113,214977,38921,37737,3391,41128,316
2022-05-12,Yuba,115,75493,16091,16028,1279,17307,122
2022-05-11,Alameda,001,1643700,271830,267982,15224,283206,1853
2022-05-11,Alpine,003,1148,125,125,1,126,0
2022-05-11,Amador,005,37829,8635,8564,682,9246,86
2022-05-11,Butte,007,227075,33497,33339,6936,40275,423
2022-05-11,Calaveras,009,45235,7397,7368,379,7747,120
2022-05-11,Colusa,011,21464,3463,3462,1081,4543,21
2022-05-11,Contra Costa,013,1133247,197685,195153,14360,209513,1302
2022-05-11,Del Norte,015,27424,6043,5911,213,6124,50
2022-05-11,El Dorado,017,186661,27374,27172,3357,30529,212
2022-05-11,Fresno,019,978130,233770,233021,24446,257467,2754
2022-05-11,Glenn,021,27897,5008,5001,1624,6625,48
2022-05-11,Humboldt,023,135768,17844,17585,3296,20881,146
2022-05-11,Imperial,025,180216,55860,55751,10970,66721,917
2022-05-11,Inyo,027,18085,4123,4093,534,4627,56
2022-05-11,Kern,029,883053,193373,192795,46987,239782,2292
2022-05-11,Kings,031,150075,51850,51752,3649,55401,447
2022-05-11,Lake,033,64148,10830,10786,914,11700,137
2022-05-11,Lassen,035,31185,8988,8984,892,9876,65
2022-05-11,Los Angeles,037,10098052,2780325,2761410,129450,2890860,31747
2022-05-11,Madera,039,155013,37661,37496,6249,43745,365
2022-05-11,Marin,041,260295,35876,35336,3265,38601,292
2022-05-11,Mariposa,043,17540,2480,2461,223,2684,30
2022-05-11,Mendocino,045,87422,13394,13320,3298,16618,124
2022-05-11,Merced,047,269075,62809,62567,8951,71518,818
2022-05-11,Modoc,049,8938,746,747,255,1002,8
2022-05-11,Mono,051,14174,3011,2999,149,3148,6
2022-05-11,Monterey,053,433212,81007,80534,14814,95348,733
2022-05-11,Napa,055,140530,26890,26660,1083,27743,143
2022-05-11,Nevada,057,99092,16340,16230,1285,17515,127
2022-05-11,Orange,059,3164182,559347,556265,43600,599865,7009
2022-05-11,Placer,061,380077,64369,63823,7661,71484,625
2022-05-11,Plumas,063,18699,3025,2998,373,3371,13
2022-05-11,Riverside,065,2383286,599995,597302,28951,626253,6468
2022-05-11,Sacramento,067,1510023,287827,285799,28177,313976,3020
2022-05-11,San Benito,069,59416,13127,13088,563,13651,98
2022-05-11,San Bernardino,071,2135413,576139,571372,25647,597019,7354
2022-05-11,San Diego,073,3302833,770377,768135,54680,822815,5257
2022-05-11,San Francisco,075,870044,136748,134027,9160,143187,864
2022-05-11,San Joaquin,077,732212,168997,167949,10574,178523,2233
2022-05-11,San Luis Obispo,079,281455,53668,53420,4104,57524,478
2022-05-11,San Mateo,081,765935,130727,128821,7935,136756,711
2022-05-11,Santa Barbara,083,443738,88179,87593,4964,92557,693
2022-05-11,Santa Clara,085,1922200,331545,327177,13739,340916,2294
2022-05-11,Santa Cruz,087,273765,50842,50031,2301,52332,263
2022-05-11,Shasta,089,179085,30883,30768,6194,36962,564
2022-05-11,Sierra,091,2930,275,275,50,325,4
2022-05-11,Siskiyou,093,43540,4496,4478,2801,7279,81
2022-05-11,Solano,095,438530,84343,83464,5892,89356,450
2022-05-11,Sonoma,097,501317,87955,86798,3241,90039,488
2022-05-11,Stanislaus,099,539301,118916,118445,18033,136478,1644
2022-05-11,Sutter,101,95872,20713,20668,2186,22854,225
2022-05-11,Tehama,103,63373,12120,12106,2651,14757,201
2022-05-11,Trinity,105,12862,1189,1188,296,1484,20
2022-05-11,Tulare,107,460477,107113,107068,28975,136043,1468
2022-05-11,Tuolumne,109,53932,12908,12829,608,13437,181
2022-05-11,Ventura,111,848112,177085,175955,10250,186205,1491
2022-05-11,Yolo,113,214977,38806,37654,3389,41043,316
2022-05-11,Yuba,115,75493,16072,15997,1270,17267,122
2022-05-10,Alameda,001,1643700,271053,267982,15171,283153,1853
2022-05-10,Alpine,003,1148,125,125,1,126,0
2022-05-10,Amador,005,37829,8631,8564,681,9245,86
2022-05-10,Butte,007,227075,33473,33339,6932,40271,423
2022-05-10,Calaveras,009,45235,7393,7368,377,7745,120
2022-05-10,Colusa,011,21464,3463,3462,1080,4542,21
2022-05-10,Contra Costa,013,1133247,197202,195153,14320,209473,1302
2022-05-10,Del Norte,015,27424,5990,5911,213,6124,50
2022-05-10,El Dorado,017,186661,27337,27172,3351,30523,212
2022-05-10,Fresno,019,978130,233610,233021,24417,257438,2754
2022-05-10,Glenn,021,27897,5005,5001,1624,6625,48
2022-05-10,Humboldt,023,135768,17806,17585,3280,20865,146
2022-05-10,Imperial,025,180216,55825,55751,10951,66702,917
2022-05-10,Inyo,027,18085,4121,4093,527,4620,56
2022-05-10,Kern,029,883053,193271,192795,46947,239742,2292
2022-05-10,Kings,031,150075,51818,51752,3649,55401,447
2022-05-10,Lake,033,64148,10825,10786,914,11700,137
2022-05-10,Lassen,035,31185,8983,8984,892,9876,65
2022-05-10,Los Angeles,037,10098052,2777030,2761410,129216,2890626,31747
2022-05-10,Madera,039,155013,37629,37496,6235,43731,365
2022-05-10,Marin,041,260295,35764,35336,3221,38557,292
2022-05-10,Mariposa,043,17540,2480,2461,223,2684,30
2022-05-10,Mendocino,045,87422,13382,13320,3285,16605,124
2022-05-10,Merced,047,269075,62763,62567,8931,71498,818
2022-05-10,Modoc,049,8938,746,747,255,1002,8
2022-05-10,Mono,051,14174,3007,2999,146,3145,6
2022-05-10,Monterey,053,433212,80941,80534,14768,95302,733
2022-05-10,Napa,055,140530,26852,26660,1081,27741,143
2022-05-10,Nevada,057,99092,16320,16230,1280,17510,127
2022-05-10,Orange,059,3164182,558637,556265,43504,599769,7009
2022-05-10,Placer,061,380077,64256,63823,7646,71469,625
2022-05-10,Plumas,063,18699,3017,2998,372,3370,13
2022-05-10,Riverside,065,2383286,599568,597302,28916,626218,6468
2022-05-10,Sacramento,067,1510023,287326,285799,28105,313904,3020
2022-05-10,San Benito,069,59416,13110,13088,558,13646,98
2022-05-10,San Bernardino,071,2135413,575784,571372,25617,596989,7354
2022-05-10,San Diego,073,3302833,769357,768135,54561,822696,5257
2022-05-10,San Francisco,075,870044,136195,134027,9129,143156,864
2022-05-10,San Joaquin,077,732212,168838,167949,10507,178456,2233
2022-05-10,San Luis Obispo,079,281455,53592,53420,4077,57497,478
2022-05-10,San Mateo,081,765935,130351,128821,7893,136714,711
2022-05-10,Santa Barbara,083,443738,88063,87593,4949,92542,693
2022-05-10,Santa Clara,085,1922200,330517,327177,13654,340831,2294
2022-05-10,Santa Cruz,087,273765,50716,50031,2291,52322,263
2022-05-10,Shasta,089,179085,30863,30768,6193,36961,564
2022-05-10,Sierra,091,2930,275,275,49,324,4
2022-05-10,Siskiyou,093,43540,4492,4478,2800,7278,81
2022-05-10,Solano,095,438530,84159,83464,5868,89332,450
2022-05-10,Sonoma,097,501317,87714,86798,3202,90000,488
2022-05-10,Stanislaus,099,539301,118822,118445,18014,136459,1644
2022-05-10,Sutter,101,95872,20694,20668,2183,22851,225
2022-05-10,Tehama,103,63373,12117,12106,2644,14750,201
2022-05-10,Trinity,105,12862,1189,1188,296,1484,20
2022-05-10,Tulare,107,460477,107071,107068,28943,136011,1468
2022-05-10,Tuolumne,109,53932,12896,12829,608,13437,181
2022-05-10,Ventura,111,848112,176870,175955,10215,186170,1491
2022-05-10,Yolo,113,214977,38703,37654,3378,41032,316
2022-05-10,Yuba,115,75493,16051,15997,1267,17264,122
2022-05-09,Alameda,001,1643700,270287,267982,15124,283106,1853
2022-05-09,Alpine,003,1148,125,125,1,126,0
2022-05-09,Amador,005,37829,8624,8564,681,9245,86
2022-05-09,Butte,007,227075,33447,33339,6924,40263,423
2022-05-09,Calaveras,009,45235,7387,7368,377,7745,120
2022-05-09,Colusa,011,21464,3461,3462,1078,4540,21
2022-05-09,Contra Costa,013,1133247,196735,195153,14258,209411,1302
2022-05-09,Del Norte,015,27424,5981,5911,212,6123,50
2022-05-09,El Dorado,017,186661,27301,27172,3343,30515,212
2022-05-09,Fresno,019,978130,233451,233021,24392,257413,2754
2022-05-09,Glenn,021,27897,5003,5001,1622,6623,48
2022-05-09,Humboldt,023,135768,17755,17585,3257,20842,146
2022-05-09,Imperial,025,180216,55792,55751,10936,66687,917
2022-05-09,Inyo,027,18085,4118,4093,524,4617,56
2022-05-09,Kern,029,883053,193172,192795,46889,239684,2292
2022-05-09,Kings,031,150075,51787,51752,3648,55400,447
2022-05-09,Lake,033,64148,10817,10786,913,11699,137
2022-05-09,Lassen,035,31185,8981,8984,892,9876,65
2022-05-09,Los Angeles,037,10098052,2773674,2761410,128972,2890382,31747
2022-05-09,Madera,039,155013,37598,37496,6225,43721,365
2022-05-09,Marin,041,260295,35647,35336,3184,38520,292
2022-05-09,Mariposa,043,17540,2475,2461,223,2684,30
2022-05-09,Mendocino,045,87422,13371,13320,3274,16594,124
2022-05-09,Merced,047,269075,62722,62567,8911,71478,818
2022-05-09,Modoc,049,8938,746,747,255,1002,8
2022-05-09,Mono,051,14174,3005,2999,144,3143,6
2022-05-09,Monterey,053,433212,80846,80534,14713,95247,733
2022-05-09,Napa,055,140530,26802,26660,1079,27739,143
2022-05-09,Nevada,057,99092,16293,16230,1274,17504,127
2022-05-09,Orange,059,3164182,557968,556265,43418,599683,7009
2022-05-09,Placer,061,380077,64197,63823,7629,71452,625
2022-05-09,Plumas,063,18699,3008,2998,372,3370,13
2022-05-09,Riverside,065,2383286,599078,597302,28876,626178,6468
2022-05-09,Sacramento,067,1510023,286899,285799,28024,313823,3020
2022-05-09,San Benito,069,59416,13092,13088,554,13642,98
2022-05-09,San Bernardino,071,2135413,575453,571372,25600,596972,7354
2022-05-09,San Diego,073,3302833,768380,768135,54418,822553,5257
2022-05-09,San Francisco,075,870044,135642,134027,9104,143131,864
2022-05-09,San Joaquin,077,732212,168653,167949,10479,178428,2233
2022-05-09,San Luis Obispo,079,281455,53540,53420,4057,57477,478
2022-05-09,San Mateo,081,765935,129926,128821,7853,136674,711
2022-05-09,Santa Barbara,083,443738,87935,87593,4937,92530,693
2022-05-09,Santa Clara,085,1922200,329364,327177,13588,340765,2294
2022-05-09,Santa Cruz,087,273765,50578,50031,2283,52314,263
2022-05-09,Shasta,089,179085,30849,30768,6191,36959,564
2022-05-09,Sierra,091,2930,275,275,49,324,4
2022-05-09,Siskiyou,093,43540,4490,4478,2800,7278,81
2022-05-09,Solano,095,438530,84003,83464,5853,89317,450
2022-05-09,Sonoma,097,501317,87454,86798,3175,89973,488
2022-05-09,Stanislaus,099,539301,118726,118445,17996,136441,1644
2022-05-09,Sutter,101,95872,20681,20668,2181,22849,225
2022-05-09,Tehama,103,63373,12115,12106,2642,14748,201
2022-05-09,Trinity,105,12862,1189,1188,296,1484,20
2022-05-09,Tulare,107,460477,107023,107068,28902,135970,1468
2022-05-09,Tuolumne,109,53932,12888,12829,608,13437,181
2022-05-09,Ventura,111,848112,176652,175955,10165,186120,1491
2022-05-09,Yolo,113,214977,38593,37654,3368,41022,316
2022-05-09,Yuba,115,75493,16042,15997,1266,17263,122
2022-05-08,Alameda,001,1643700,269403,265198,15056,280254,1855
2022-05-08,Alpine,003,1148,125,125,1,126,0
2022-05-08,Amador,005,37829,8613,8556,679,9235,86
2022-05-08,Butte,007,227075,33424,33269,6913,40182,421
2022-05-08,Calaveras,009,45235,7380,7353,376,7729,120
2022-05-08,Colusa,011,21464,3460,3459,1077,4536,21
2022-05-08,Contra Costa,013,1133247,196223,193961,14175,208136,1302
2022-05-08,Del Norte,015,27424,5967,5884,212,6096,50
2022-05-08,El Dorado,017,186661,27263,27081,3337,30418,210
2022-05-08,Fresno,019,978130,233283,232655,24368,257023,2754
2022-05-08,Glenn,021,27897,5001,4996,1622,6618,48
2022-05-08,Humboldt,023,135768,17702,17410,3218,20628,146
2022-05-08,Imperial,025,180216,55758,55683,10924,66607,917
2022-05-08,Inyo,027,18085,4111,4087,523,4610,56
2022-05-08,Kern,029,883053,193078,192590,46842,239432,2287
2022-05-08,Kings,031,150075,51770,51702,3648,55350,447
2022-05-08,Lake,033,64148,10810,10766,913,11679,137
2022-05-08,Lassen,035,31185,8977,8978,892,9870,65
2022-05-08,Los Angeles,037,10098052,2770094,2751478,128677,2880155,31738
2022-05-08,Madera,039,155013,37578,37420,6206,43626,365
2022-05-08,Marin,041,260295,35523,34934,3135,38069,292
2022-05-08,Mariposa,043,17540,2468,2438,222,2660,30
2022-05-08,Mendocino,045,87422,13352,13270,3246,16516,124
2022-05-08,Merced,047,269075,62671,62471,8881,71352,818
2022-05-08,Modoc,049,8938,746,745,255,1000,8
2022-05-08,Mono,051,14174,3004,2997,142,3139,6
2022-05-08,Monterey,053,433212,80754,80246,14625,94871,733
2022-05-08,Napa,055,140530,26761,26524,1076,27600,143
2022-05-08,Nevada,057,99092,16269,16171,1272,17443,127
2022-05-08,Orange,059,3164182,557289,554411,43305,597716,7007
2022-05-08,Placer,061,380077,64080,63577,7600,71177,625
2022-05-08,Plumas,063,18699,3004,2996,372,3368,13
2022-05-08,Riverside,065,2383286,598589,596022,28833,624855,6467
2022-05-08,Sacramento,067,1510023,286393,284564,27948,312512,3016
2022-05-08,San Benito,069,59416,13077,13047,550,13597,98
2022-05-08,San Bernardino,071,2135413,575021,570381,25562,595943,7306
2022-05-08,San Diego,073,3302833,767354,765377,54314,819691,5244
2022-05-08,San Francisco,075,870044,134982,132659,9069,141728,861
2022-05-08,San Joaquin,077,732212,168465,167568,10437,178005,2229
2022-05-08,San Luis Obispo,079,281455,53469,53273,4035,57308,477
2022-05-08,San Mateo,081,765935,129464,127615,7799,135414,709
2022-05-08,Santa Barbara,083,443738,87801,87305,4928,92233,692
2022-05-08,Santa Clara,085,1922200,328285,324946,13516,338462,2287
2022-05-08,Santa Cruz,087,273765,50398,49605,2278,51883,262
2022-05-08,Shasta,089,179085,30821,30721,6187,36908,563
2022-05-08,Sierra,091,2930,275,275,49,324,4
2022-05-08,Siskiyou,093,43540,4487,4470,2795,7265,81
2022-05-08,Solano,095,438530,83833,83038,5827,88865,450
2022-05-08,Sonoma,097,501317,87233,86150,3140,89290,488
2022-05-08,Stanislaus,099,539301,118619,118235,17972,136207,1643
2022-05-08,Sutter,101,95872,20660,20694,2176,22870,225
2022-05-08,Tehama,103,63373,12109,12098,2639,14737,201
2022-05-08,Trinity,105,12862,1188,1180,296,1476,20
2022-05-08,Tulare,107,460477,106982,106987,28864,135851,1468
2022-05-08,Tuolumne,109,53932,12875,12793,604,13397,181
2022-05-08,Ventura,111,848112,176416,175454,10111,185565,1491
2022-05-08,Yolo,113,214977,38487,37456,3353,40809,315
2022-05-08,Yuba,115,75493,16020,15964,1262,17226,122
2022-05-07,Alameda,001,1643700,269032,265198,15038,280236,1855
2022-05-07,Alpine,003,1148,125,125,1,126,0
2022-05-07,Amador,005,37829,8611,8556,679,9235,86
2022-05-07,Butte,007,227075,33416,33269,6905,40174,421
2022-05-07,Calaveras,009,45235,7373,7353,376,7729,120
2022-05-07,Colusa,011,21464,3460,3459,1077,4536,21
2022-05-07,Contra Costa,013,1133247,195982,193961,14158,208119,1302
2022-05-07,Del Norte,015,27424,5965,5884,212,6096,50
2022-05-07,El Dorado,017,186661,27245,27081,3336,30417,210
2022-05-07,Fresno,019,978130,233228,232655,24361,257016,2754
2022-05-07,Glenn,021,27897,5000,4996,1622,6618,48
2022-05-07,Humboldt,023,135768,17673,17410,3210,20620,146
2022-05-07,Imperial,025,180216,55735,55683,10915,66598,917
2022-05-07,Inyo,027,18085,4108,4087,523,4610,56
2022-05-07,Kern,029,883053,193043,192590,46820,239410,2287
2022-05-07,Kings,031,150075,51759,51702,3648,55350,447
2022-05-07,Lake,033,64148,10806,10766,913,11679,137
2022-05-07,Lassen,035,31185,8977,8978,892,9870,65
2022-05-07,Los Angeles,037,10098052,2768502,2751478,128508,2879986,31738
2022-05-07,Madera,039,155013,37571,37420,6206,43626,365
2022-05-07,Marin,041,260295,35449,34934,3102,38036,292
2022-05-07,Mariposa,043,17540,2465,2438,222,2660,30
2022-05-07,Mendocino,045,87422,13343,13270,3243,16513,124
2022-05-07,Merced,047,269075,62658,62471,8880,71351,818
2022-05-07,Modoc,049,8938,746,745,255,1000,8
2022-05-07,Mono,051,14174,3003,2997,142,3139,6
2022-05-07,Monterey,053,433212,80694,80246,14599,94845,733
2022-05-07,Napa,055,140530,26731,26524,1075,27599,143
2022-05-07,Nevada,057,99092,16259,16171,1267,17438,127
2022-05-07,Orange,059,3164182,556959,554411,43250,597661,7007
2022-05-07,Placer,061,380077,64017,63577,7594,71171,625
2022-05-07,Plumas,063,18699,3004,2996,371,3367,13
2022-05-07,Riverside,065,2383286,598334,596022,28804,624826,6467
2022-05-07,Sacramento,067,1510023,286199,284564,27934,312498,3016
2022-05-07,San Benito,069,59416,13068,13047,545,13592,98
2022-05-07,San Bernardino,071,2135413,574809,570381,25557,595938,7306
2022-05-07,San Diego,073,3302833,766869,765377,54285,819662,5244
2022-05-07,San Francisco,075,870044,134649,132659,9049,141708,861
2022-05-07,San Joaquin,077,732212,168359,167568,10429,177997,2229
2022-05-07,San Luis Obispo,079,281455,53457,53273,4024,57297,477
2022-05-07,San Mateo,081,765935,129179,127615,7776,135391,709
2022-05-07,Santa Barbara,083,443738,87721,87305,4925,92230,692
2022-05-07,Santa Clara,085,1922200,327666,324946,13493,338439,2287
2022-05-07,Santa Cruz,087,273765,50345,49605,2268,51873,262
2022-05-07,Shasta,089,179085,30813,30721,6187,36908,563
2022-05-07,Sierra,091,2930,275,275,49,324,4
2022-05-07,Siskiyou,093,43540,4485,4470,2794,7264,81
2022-05-07,Solano,095,438530,83778,83038,5822,88860,450
2022-05-07,Sonoma,097,501317,87109,86150,3130,89280,488
2022-05-07,Stanislaus,099,539301,118572,118235,17964,136199,1643
2022-05-07,Sutter,101,95872,20651,20694,2176,22870,225
2022-05-07,Tehama,103,63373,12107,12098,2638,14736,201
2022-05-07,Trinity,105,12862,1188,1180,296,1476,20
2022-05-07,Tulare,107,460477,106958,106987,28851,135838,1468
2022-05-07,Tuolumne,109,53932,12868,12793,604,13397,181
2022-05-07,Ventura,111,848112,176306,175454,10082,185536,1491
2022-05-07,Yolo,113,214977,38442,37456,3351,40807,315
2022-05-07,Yuba,115,75493,16011,15964,1261,17225,122
2022-05-06,Alameda,001,1643700,268655,265198,15015,280213,1855
2022-05-06,Alpine,003,1148,125,125,1,126,0
2022-05-06,Amador,005,37829,8610,8556,678,9234,86
2022-05-06,Butte,007,227075,33407,33269,6903,40172,421
2022-05-06,Calaveras,009,45235,7370,7353,376,7729,120
2022-05-06,Colusa,011,21464,3460,3459,1077,4536,21
2022-05-06,Contra Costa,013,1133247,195749,193961,14145,208106,1302
2022-05-06,Del Norte,015,27424,5956,5884,212,6096,50
2022-05-06,El Dorado,017,186661,27220,27081,3334,30415,210
2022-05-06,Fresno,019,978130,233152,232655,24350,257005,2754
2022-05-06,Glenn,021,27897,5000,4996,1622,6618,48
2022-05-06,Humboldt,023,135768,17646,17410,3203,20613,146
2022-05-06,Imperial,025,180216,55725,55683,10910,66593,917
2022-05-06,Inyo,027,18085,4098,4087,520,4607,56
2022-05-06,Kern,029,883053,192991,192590,46791,239381,2287
2022-05-06,Kings,031,150075,51751,51702,3648,55350,447
2022-05-06,Lake,033,64148,10804,10766,913,11679,137
2022-05-06,Lassen,035,31185,8977,8978,892,9870,65
2022-05-06,Los Angeles,037,10098052,2766677,2751478,128364,2879842,31738
2022-05-06,Madera,039,155013,37557,37420,6203,43623,365
2022-05-06,Marin,041,260295,35371,34934,3054,37988,292
2022-05-06,Mariposa,043,17540,2464,2438,215,2653,30
2022-05-06,Mendocino,045,87422,13331,13270,3240,16510,124
2022-05-06,Merced,047,269075,62641,62471,8879,71350,818
2022-05-06,Modoc,049,8938,746,745,255,1000,8
2022-05-06,Mono,051,14174,3002,2997,142,3139,6
2022-05-06,Monterey,053,433212,80655,80246,14561,94807,733
2022-05-06,Napa,055,140530,26714,26524,1075,27599,143
2022-05-06,Nevada,057,99092,16247,16171,1264,17435,127
2022-05-06,Orange,059,3164182,556615,554411,43180,597591,7007
2022-05-06,Placer,061,380077,63956,63577,7581,71158,625
2022-05-06,Plumas,063,18699,3002,2996,371,3367,13
2022-05-06,Riverside,065,2383286,598105,596022,28782,624804,6467
2022-05-06,Sacramento,067,1510023,285942,284564,27914,312478,3016
2022-05-06,San Benito,069,59416,13064,13047,545,13592,98
2022-05-06,San Bernardino,071,2135413,574633,570381,25550,595931,7306
2022-05-06,San Diego,073,3302833,766359,765377,54249,819626,5244
2022-05-06,San Francisco,075,870044,134321,132659,9022,141681,861
2022-05-06,San Joaquin,077,732212,168269,167568,10416,177984,2229
2022-05-06,San Luis Obispo,079,281455,53431,53273,4019,57292,477
2022-05-06,San Mateo,081,765935,128952,127615,7767,135382,709
2022-05-06,Santa Barbara,083,443738,87667,87305,4923,92228,692
2022-05-06,Santa Clara,085,1922200,327075,324946,13478,338424,2287
2022-05-06,Santa Cruz,087,273765,50281,49605,2264,51869,262
2022-05-06,Shasta,089,179085,30807,30721,6186,36907,563
2022-05-06,Sierra,091,2930,275,275,49,324,4
2022-05-06,Siskiyou,093,43540,4483,4470,2791,7261,81
2022-05-06,Solano,095,438530,83690,83038,5814,88852,450
2022-05-06,Sonoma,097,501317,86987,86150,3115,89265,488
2022-05-06,Stanislaus,099,539301,118516,118235,17957,136192,1643
2022-05-06,Sutter,101,95872,20645,20694,2176,22870,225
2022-05-06,Tehama,103,63373,12102,12098,2638,14736,201
2022-05-06,Trinity,105,12862,1187,1180,296,1476,20
2022-05-06,Tulare,107,460477,106939,106987,28839,135826,1468
2022-05-06,Tuolumne,109,53932,12861,12793,603,13396,181
2022-05-06,Ventura,111,848112,176188,175454,10051,185505,1491
2022-05-06,Yolo,113,214977,38396,37456,3346,40802,315
2022-05-06,Yuba,115,75493,16000,15964,1260,17224,122
2022-05-05,Alameda,001,1643700,268068,265198,14968,280166,1855
2022-05-05,Alpine,003,1148,125,125,1,126,0
2022-05-05,Amador,005,37829,8608,8556,677,9233,86
2022-05-05,Butte,007,227075,33388,33269,6897,40166,421
2022-05-05,Calaveras,009,45235,7367,7353,373,7726,120
2022-05-05,Colusa,011,21464,3460,3459,1074,4533,21
2022-05-05,Contra Costa,013,1133247,195358,193961,14096,208057,1302
2022-05-05,Del Norte,015,27424,5955,5884,212,6096,50
2022-05-05,El Dorado,017,186661,27195,27081,3327,30408,210
2022-05-05,Fresno,019,978130,233051,232655,24326,256981,2754
2022-05-05,Glenn,021,27897,5000,4996,1622,6618,48
2022-05-05,Humboldt,023,135768,17609,17410,3189,20599,146
2022-05-05,Imperial,025,180216,55718,55683,10899,66582,917
2022-05-05,Inyo,027,18085,4094,4087,519,4606,56
2022-05-05,Kern,029,883053,192934,192590,46753,239343,2287
2022-05-05,Kings,031,150075,51743,51702,3648,55350,447
2022-05-05,Lake,033,64148,10800,10766,913,11679,137
2022-05-05,Lassen,035,31185,8977,8978,892,9870,65
2022-05-05,Los Angeles,037,10098052,2764091,2751478,128138,2879616,31738
2022-05-05,Madera,039,155013,37540,37420,6197,43617,365
2022-05-05,Marin,041,260295,35261,34934,3029,37963,292
2022-05-05,Mariposa,043,17540,2462,2438,214,2652,30
2022-05-05,Mendocino,045,87422,13320,13270,3231,16501,124
2022-05-05,Merced,047,269075,62608,62471,8874,71345,818
2022-05-05,Modoc,049,8938,746,745,253,998,8
2022-05-05,Mono,051,14174,3001,2997,141,3138,6
2022-05-05,Monterey,053,433212,80602,80246,14531,94777,733
2022-05-05,Napa,055,140530,26681,26524,1074,27598,143
2022-05-05,Nevada,057,99092,16237,16171,1261,17432,127
2022-05-05,Orange,059,3164182,556108,554411,43121,597532,7007
2022-05-05,Placer,061,380077,63895,63577,7572,71149,625
2022-05-05,Plumas,063,18699,3001,2996,371,3367,13
2022-05-05,Riverside,065,2383286,597764,596022,28752,624774,6467
2022-05-05,Sacramento,067,1510023,285609,284564,27857,312421,3016
2022-05-05,San Benito,069,59416,13053,13047,543,13590,98
2022-05-05,San Bernardino,071,2135413,574343,570381,25533,595914,7306
2022-05-05,San Diego,073,3302833,765618,765377,54179,819556,5244
2022-05-05,San Francisco,075,870044,133908,132659,8985,141644,861
2022-05-05,San Joaquin,077,732212,168177,167568,10384,177952,2229
2022-05-05,San Luis Obispo,079,281455,53395,53273,4002,57275,477
2022-05-05,San Mateo,081,765935,128616,127615,7738,135353,709
2022-05-05,Santa Barbara,083,443738,87592,87305,4918,92223,692
2022-05-05,Santa Clara,085,1922200,326275,324946,13416,338362,2287
2022-05-05,Santa Cruz,087,273765,50183,49605,2260,51865,262
2022-05-05,Shasta,089,179085,30797,30721,6184,36905,563
2022-05-05,Sierra,091,2930,275,275,49,324,4
2022-05-05,Siskiyou,093,43540,4481,4470,2791,7261,81
2022-05-05,Solano,095,438530,83570,83038,5796,88834,450
2022-05-05,Sonoma,097,501317,86814,86150,3096,89246,488
2022-05-05,Stanislaus,099,539301,118459,118235,17941,136176,1643
2022-05-05,Sutter,101,95872,20643,20694,2174,22868,225
2022-05-05,Tehama,103,63373,12098,12098,2636,14734,201
2022-05-05,Trinity,105,12862,1187,1180,296,1476,20
2022-05-05,Tulare,107,460477,106909,106987,28819,135806,1468
2022-05-05,Tuolumne,109,53932,12843,12793,599,13392,181
2022-05-05,Ventura,111,848112,176001,175454,10005,185459,1491
2022-05-05,Yolo,113,214977,38325,37456,3334,40790,315
2022-05-05,Yuba,115,75493,15990,15964,1257,17221,122
2022-05-04,Alameda,001,1643700,267408,263736,14924,278660,1850
2022-05-04,Alpine,003,1148,125,124,1,125,0
2022-05-04,Amador,005,37829,8605,8546,676,9222,86
2022-05-04,Butte,007,227075,33370,33220,6890,40110,417
2022-05-04,Calaveras,009,45235,7362,7344,373,7717,120
2022-05-04,Colusa,011,21464,3459,3460,1074,4534,21
2022-05-04,Contra Costa,013,1133247,194993,193175,14038,207213,1302
2022-05-04,Del Norte,015,27424,5947,5866,212,6078,50
2022-05-04,El Dorado,017,186661,27169,27021,3320,30341,210
2022-05-04,Fresno,019,978130,232934,232332,24313,256645,2751
2022-05-04,Glenn,021,27897,4998,4995,1622,6617,48
2022-05-04,Humboldt,023,135768,17569,17316,3178,20494,146
2022-05-04,Imperial,025,180216,55696,55548,10888,66436,910
2022-05-04,Inyo,027,18085,4094,4085,516,4601,56
2022-05-04,Kern,029,883053,192869,192432,46716,239148,2281
2022-05-04,Kings,031,150075,51726,51663,3646,55309,447
2022-05-04,Lake,033,64148,10795,10758,913,11671,137
2022-05-04,Lassen,035,31185,8976,8972,890,9862,65
2022-05-04,Los Angeles,037,10098052,2761315,2744894,127946,2872840,31722
2022-05-04,Madera,039,155013,37516,37395,6189,43584,365
2022-05-04,Marin,041,260295,35174,34727,3006,37733,291
2022-05-04,Mariposa,043,17540,2456,2435,209,2644,30
2022-05-04,Mendocino,045,87422,13312,13247,3223,16470,123
2022-05-04,Merced,047,269075,62582,62419,8864,71283,818
2022-05-04,Modoc,049,8938,746,746,253,999,8
2022-05-04,Mono,051,14174,3000,2993,138,3131,6
2022-05-04,Monterey,053,433212,80540,80038,14504,94542,732
2022-05-04,Napa,055,140530,26643,26434,1070,27504,143
2022-05-04,Nevada,057,99092,16221,16136,1257,17393,127
2022-05-04,Orange,059,3164182,555525,553177,43044,596221,7006
2022-05-04,Placer,061,380077,63812,63410,7566,70976,625
2022-05-04,Plumas,063,18699,2999,2947,371,3318,13
2022-05-04,Riverside,065,2383286,597426,594981,28722,623703,6457
2022-05-04,Sacramento,067,1510023,285279,283939,27816,311755,3013
2022-05-04,San Benito,069,59416,13043,13019,537,13556,98
2022-05-04,San Bernardino,071,2135413,574082,569570,25519,595089,7240
2022-05-04,San Diego,073,3302833,764870,763453,54087,817540,5239
2022-05-04,San Francisco,075,870044,133495,131599,8963,140562,860
2022-05-04,San Joaquin,077,732212,168071,167280,10352,177632,2225
2022-05-04,San Luis Obispo,079,281455,53351,53156,3991,57147,477
2022-05-04,San Mateo,081,765935,128294,126800,7702,134502,710
2022-05-04,Santa Barbara,083,443738,87488,87058,4903,91961,688
2022-05-04,Santa Clara,085,1922200,325468,322805,13357,336162,2285
2022-05-04,Santa Cruz,087,273765,50069,49230,2257,51487,262
2022-05-04,Shasta,089,179085,30781,30681,6181,36862,556
2022-05-04,Sierra,091,2930,275,275,49,324,4
2022-05-04,Siskiyou,093,43540,4477,4463,2787,7250,81
2022-05-04,Solano,095,438530,83426,82796,5784,88580,449
2022-05-04,Sonoma,097,501317,86638,85694,3072,88766,488
2022-05-04,Stanislaus,099,539301,118397,118123,17930,136053,1643
2022-05-04,Sutter,101,95872,20632,20672,2172,22844,224
2022-05-04,Tehama,103,63373,12096,12090,2633,14723,201
2022-05-04,Trinity,105,12862,1187,1180,296,1476,20
2022-05-04,Tulare,107,460477,106890,106935,28803,135738,1464
2022-05-04,Tuolumne,109,53932,12836,12757,597,13354,181
2022-05-04,Ventura,111,848112,175836,175066,9960,185026,1486
2022-05-04,Yolo,113,214977,38250,37344,3327,40671,315
2022-05-04,Yuba,115,75493,15981,15940,1254,17194,122
2022-05-03,Alameda,001,1643700,266795,263736,14878,278614,1850
2022-05-03,Alpine,003,1148,125,124,1,125,0
2022-05-03,Amador,005,37829,8602,8546,675,9221,86
2022-05-03,Butte,007,227075,33354,33220,6885,40105,417
2022-05-03,Calaveras,009,45235,7355,7344,372,7716,120
2022-05-03,Colusa,011,21464,3458,3460,1074,4534,21
2022-05-03,Contra Costa,013,1133247,194599,193175,13993,207168,1302
2022-05-03,Del Norte,015,27424,5941,5866,210,6076,50
2022-05-03,El Dorado,017,186661,27147,27021,3316,30337,210
2022-05-03,Fresno,019,978130,232824,232332,24293,256625,2751
2022-05-03,Glenn,021,27897,4997,4995,1620,6615,48
2022-05-03,Humboldt,023,135768,17533,17316,3158,20474,146
2022-05-03,Imperial,025,180216,55675,55548,10881,66429,910
2022-05-03,Inyo,027,18085,4092,4085,516,4601,56
2022-05-03,Kern,029,883053,192791,192432,46683,239115,2281
2022-05-03,Kings,031,150075,51714,51663,3646,55309,447
2022-05-03,Lake,033,64148,10790,10758,912,11670,137
2022-05-03,Lassen,035,31185,8976,8972,890,9862,65
2022-05-03,Los Angeles,037,10098052,2758257,2744894,127714,2872608,31722
2022-05-03,Madera,039,155013,37485,37395,6183,43578,365
2022-05-03,Marin,041,260295,35063,34727,2983,37710,291
2022-05-03,Mariposa,043,17540,2448,2435,209,2644,30
2022-05-03,Mendocino,045,87422,13298,13247,3205,16452,123
2022-05-03,Merced,047,269075,62555,62419,8844,71263,818
2022-05-03,Modoc,049,8938,745,746,253,999,8
2022-05-03,Mono,051,14174,2998,2993,137,3130,6
2022-05-03,Monterey,053,433212,80486,80038,14469,94507,732
2022-05-03,Napa,055,140530,26608,26434,1063,27497,143
2022-05-03,Nevada,057,99092,16210,16136,1256,17392,127
2022-05-03,Orange,059,3164182,555000,553177,42964,596141,7006
2022-05-03,Placer,061,380077,63718,63410,7552,70962,625
2022-05-03,Plumas,063,18699,2995,2947,371,3318,13
2022-05-03,Riverside,065,2383286,597056,594981,28696,623677,6457
2022-05-03,Sacramento,067,1510023,284966,283939,27764,311703,3013
2022-05-03,San Benito,069,59416,13029,13019,534,13553,98
2022-05-03,San Bernardino,071,2135413,573815,569570,25503,595073,7240
2022-05-03,San Diego,073,3302833,764026,763453,53987,817440,5239
2022-05-03,San Francisco,075,870044,133017,131599,8929,140528,860
2022-05-03,San Joaquin,077,732212,167987,167280,10322,177602,2225
2022-05-03,San Luis Obispo,079,281455,53303,53156,3981,57137,477
2022-05-03,San Mateo,081,765935,127950,126800,7662,134462,710
2022-05-03,Santa Barbara,083,443738,87397,87058,4900,91958,688
2022-05-03,Santa Clara,085,1922200,324652,322805,13302,336107,2285
2022-05-03,Santa Cruz,087,273765,49979,49230,2252,51482,262
2022-05-03,Shasta,089,179085,30762,30681,6180,36861,556
2022-05-03,Sierra,091,2930,275,275,49,324,4
2022-05-03,Siskiyou,093,43540,4476,4463,2787,7250,81
2022-05-03,Solano,095,438530,83239,82796,5774,88570,449
2022-05-03,Sonoma,097,501317,86459,85694,3047,88741,488
2022-05-03,Stanislaus,099,539301,118343,118123,17919,136042,1643
2022-05-03,Sutter,101,95872,20627,20672,2170,22842,224
2022-05-03,Tehama,103,63373,12092,12090,2632,14722,201
2022-05-03,Trinity,105,12862,1187,1180,296,1476,20
2022-05-03,Tulare,107,460477,106861,106935,28789,135724,1464
2022-05-03,Tuolumne,109,53932,12823,12757,597,13354,181
2022-05-03,Ventura,111,848112,175667,175066,9915,184981,1486
2022-05-03,Yolo,113,214977,38180,37344,3324,40668,315
2022-05-03,Yuba,115,75493,15970,15940,1246,17186,122
2022-05-02,Alameda,001,1643700,266171,263736,14833,278569,1850
2022-05-02,Alpine,003,1148,125,124,1,125,0
2022-05-02,Amador,005,37829,8599,8546,672,9218,86
2022-05-02,Butte,007,227075,33332,33220,6883,40103,417
2022-05-02,Calaveras,009,45235,7354,7344,371,7715,120
2022-05-02,Colusa,011,21464,3458,3460,1074,4534,21
2022-05-02,Contra Costa,013,1133247,194230,193175,13951,207126,1302
2022-05-02,Del Norte,015,27424,5936,5866,204,6070,50
2022-05-02,El Dorado,017,186661,27124,27021,3309,30330,210
2022-05-02,Fresno,019,978130,232714,232332,24263,256595,2751
2022-05-02,Glenn,021,27897,4995,4995,1620,6615,48
2022-05-02,Humboldt,023,135768,17483,17316,3143,20459,146
2022-05-02,Imperial,025,180216,55662,55548,10874,66422,910
2022-05-02,Inyo,027,18085,4091,4085,514,4599,56
2022-05-02,Kern,029,883053,192707,192432,46653,239085,2281
2022-05-02,Kings,031,150075,51698,51663,3646,55309,447
2022-05-02,Lake,033,64148,10786,10758,912,11670,137
2022-05-02,Lassen,035,31185,8975,8972,890,9862,65
2022-05-02,Los Angeles,037,10098052,2755216,2744894,127496,2872390,31722
2022-05-02,Madera,039,155013,37468,37395,6176,43571,365
2022-05-02,Marin,041,260295,34938,34727,2959,37686,291
2022-05-02,Mariposa,043,17540,2443,2435,209,2644,30
2022-05-02,Mendocino,045,87422,13280,13247,3192,16439,123
2022-05-02,Merced,047,269075,62524,62419,8837,71256,818
2022-05-02,Modoc,049,8938,744,746,253,999,8
2022-05-02,Mono,051,14174,2996,2993,136,3129,6
2022-05-02,Monterey,053,433212,80409,80038,14427,94465,732
2022-05-02,Napa,055,140530,26569,26434,1061,27495,143
2022-05-02,Nevada,057,99092,16192,16136,1254,17390,127
2022-05-02,Orange,059,3164182,554460,553177,42870,596047,7006
2022-05-02,Placer,061,380077,63661,63410,7544,70954,625
2022-05-02,Plumas,063,18699,2995,2947,371,3318,13
2022-05-02,Riverside,065,2383286,596665,594981,28663,623644,6457
2022-05-02,Sacramento,067,1510023,284657,283939,27721,311660,3013
2022-05-02,San Benito,069,59416,13017,13019,534,13553,98
2022-05-02,San Bernardino,071,2135413,573529,569570,25482,595052,7240
2022-05-02,San Diego,073,3302833,763162,763453,53893,817346,5239
2022-05-02,San Francisco,075,870044,132579,131599,8896,140495,860
2022-05-02,San Joaquin,077,732212,167870,167280,10310,177590,2225
2022-05-02,San Luis Obispo,079,281455,53250,53156,3969,57125,477
2022-05-02,San Mateo,081,765935,127626,126800,7647,134447,710
2022-05-02,Santa Barbara,083,443738,87296,87058,4896,91954,688
2022-05-02,Santa Clara,085,1922200,323745,322805,13254,336059,2285
2022-05-02,Santa Cruz,087,273765,49851,49230,2248,51478,262
2022-05-02,Shasta,089,179085,30743,30681,6179,36860,556
2022-05-02,Sierra,091,2930,275,275,49,324,4
2022-05-02,Siskiyou,093,43540,4473,4463,2785,7248,81
2022-05-02,Solano,095,438530,83099,82796,5763,88559,449
2022-05-02,Sonoma,097,501317,86277,85694,3027,88721,488
2022-05-02,Stanislaus,099,539301,118270,118123,17905,136028,1643
2022-05-02,Sutter,101,95872,20620,20672,2167,22839,224
2022-05-02,Tehama,103,63373,12087,12090,2629,14719,201
2022-05-02,Trinity,105,12862,1186,1180,296,1476,20
2022-05-02,Tulare,107,460477,106839,106935,28769,135704,1464
2022-05-02,Tuolumne,109,53932,12817,12757,597,13354,181
2022-05-02,Ventura,111,848112,175503,175066,9881,184947,1486
2022-05-02,Yolo,113,214977,38101,37344,3318,40662,315
2022-05-02,Yuba,115,75493,15965,15940,1243,17183,122
2022-05-01,Alameda,001,1643700,265473,262027,14779,276806,1851
2022-05-01,Alpine,003,1148,125,124,1,125,0
2022-05-01,Amador,005,37829,8599,8533,672,9205,86
2022-05-01,Butte,007,227075,33304,33172,6876,40048,418
2022-05-01,Calaveras,009,45235,7350,7328,365,7693,120
2022-05-01,Colusa,011,21464,3458,3457,1074,4531,21
2022-05-01,Contra Costa,013,1133247,193845,192136,13878,206014,1301
2022-05-01,Del Norte,015,27424,5927,5841,204,6045,50
2022-05-01,El Dorado,017,186661,27092,26946,3305,30251,210
2022-05-01,Fresno,019,978130,232609,232067,24242,256309,2748
2022-05-01,Glenn,021,27897,4995,4995,1620,6615,48
2022-05-01,Humboldt,023,135768,17419,17194,3117,20311,145
2022-05-01,Imperial,025,180216,55638,55503,10869,66372,910
2022-05-01,Inyo,027,18085,4090,4084,513,4597,56
2022-05-01,Kern,029,883053,192644,192250,46606,238856,2265
2022-05-01,Kings,031,150075,51676,51640,3642,55282,447
2022-05-01,Lake,033,64148,10779,10742,910,11652,137
2022-05-01,Lassen,035,31185,8975,8966,890,9856,65
2022-05-01,Los Angeles,037,10098052,2752209,2736900,127259,2864159,31712
2022-05-01,Madera,039,155013,37450,37360,6163,43523,365
2022-05-01,Marin,041,260295,34851,34519,2926,37445,291
2022-05-01,Mariposa,043,17540,2442,2430,209,2639,30
2022-05-01,Mendocino,045,87422,13261,13219,3174,16393,123
2022-05-01,Merced,047,269075,62493,62357,8819,71176,818
2022-05-01,Modoc,049,8938,744,745,253,998,8
2022-05-01,Mono,051,14174,2993,2989,133,3122,6
2022-05-01,Monterey,053,433212,80329,79881,14383,94264,731
2022-05-01,Napa,055,140530,26524,26319,1057,27376,143
2022-05-01,Nevada,057,99092,16172,16100,1251,17351,127
2022-05-01,Orange,059,3164182,553906,551822,42771,594593,6998
2022-05-01,Placer,061,380077,63588,63273,7528,70801,625
2022-05-01,Plumas,063,18699,2994,2946,371,3317,13
2022-05-01,Riverside,065,2383286,596202,593965,28625,622590,6457
2022-05-01,Sacramento,067,1510023,284325,283048,27656,310704,3007
2022-05-01,San Benito,069,59416,13009,12988,532,13520,98
2022-05-01,San Bernardino,071,2135413,573211,568758,25460,594218,7191
2022-05-01,San Diego,073,3302833,762281,761253,53803,815056,5238
2022-05-01,San Francisco,075,870044,132085,130241,8867,139108,860
2022-05-01,San Joaquin,077,732212,167728,167028,10274,177302,2225
2022-05-01,San Luis Obispo,079,281455,53178,53040,3951,56991,477
2022-05-01,San Mateo,081,765935,127260,125807,7607,133414,705
2022-05-01,Santa Barbara,083,443738,87191,86768,4886,91654,688
2022-05-01,Santa Clara,085,1922200,322805,320709,13199,333908,2281
2022-05-01,Santa Cruz,087,273765,49699,48798,2240,51038,262
2022-05-01,Shasta,089,179085,30727,30649,6177,36826,554
2022-05-01,Sierra,091,2930,275,274,49,323,4
2022-05-01,Siskiyou,093,43540,4472,4458,2779,7237,81
2022-05-01,Solano,095,438530,82967,82459,5749,88208,449
2022-05-01,Sonoma,097,501317,86057,85290,2997,88287,488
2022-05-01,Stanislaus,099,539301,118214,117943,17889,135832,1643
2022-05-01,Sutter,101,95872,20612,20644,2159,22803,224
2022-05-01,Tehama,103,63373,12086,12078,2628,14706,202
2022-05-01,Trinity,105,12862,1186,1179,296,1475,20
2022-05-01,Tulare,107,460477,106806,106856,28748,135604,1458
2022-05-01,Tuolumne,109,53932,12797,12713,591,13304,181
2022-05-01,Ventura,111,848112,175331,174679,9826,184505,1486
2022-05-01,Yolo,113,214977,38036,37173,3306,40479,314
2022-05-01,Yuba,115,75493,15955,15917,1239,17156,121
2022-04-30,Alameda,001,1643700,265072,262027,14764,276791,1851
2022-04-30,Alpine,003,1148,125,124,1,125,0
2022-04-30,Amador,005,37829,8597,8533,672,9205,86
2022-04-30,Butte,007,227075,33299,33172,6871,40043,418
2022-04-30,Calaveras,009,45235,7347,7328,364,7692,120
2022-04-30,Colusa,011,21464,3457,3457,1074,4531,21
2022-04-30,Contra Costa,013,1133247,193600,192136,13867,206003,1301
2022-04-30,Del Norte,015,27424,5922,5841,204,6045,50
2022-04-30,El Dorado,017,186661,27074,26946,3301,30247,210
2022-04-30,Fresno,019,978130,232564,232067,24234,256301,2748
2022-04-30,Glenn,021,27897,4994,4995,1620,6615,48
2022-04-30,Humboldt,023,135768,17377,17194,3108,20302,145
2022-04-30,Imperial,025,180216,55625,55503,10867,66370,910
2022-04-30,Inyo,027,18085,4090,4084,513,4597,56
2022-04-30,Kern,029,883053,192608,192250,46587,238837,2265
2022-04-30,Kings,031,150075,51671,51640,3641,55281,447
2022-04-30,Lake,033,64148,10776,10742,910,11652,137
2022-04-30,Lassen,035,31185,8975,8966,890,9856,65
2022-04-30,Los Angeles,037,10098052,2750838,2736900,127085,2863985,31712
2022-04-30,Madera,039,155013,37439,37360,6162,43522,365
2022-04-30,Marin,041,260295,34805,34519,2894,37413,291
2022-04-30,Mariposa,043,17540,2440,2430,208,2638,30
2022-04-30,Mendocino,045,87422,13257,13219,3174,16393,123
2022-04-30,Merced,047,269075,62479,62357,8817,71174,818
2022-04-30,Modoc,049,8938,744,745,253,998,8
2022-04-30,Mono,051,14174,2992,2989,131,3120,6
2022-04-30,Monterey,053,433212,80262,79881,14360,94241,731
2022-04-30,Napa,055,140530,26500,26319,1056,27375,143
2022-04-30,Nevada,057,99092,16158,16100,1250,17350,127
2022-04-30,Orange,059,3164182,553640,551822,42731,594553,6998
2022-04-30,Placer,061,380077,63543,63273,7522,70795,625
2022-04-30,Plumas,063,18699,2991,2946,371,3317,13
2022-04-30,Riverside,065,2383286,595958,593965,28604,622569,6457
2022-04-30,Sacramento,067,1510023,284203,283048,27643,310691,3007
2022-04-30,San Benito,069,59416,13006,12988,532,13520,98
2022-04-30,San Bernardino,071,2135413,573036,568758,25448,594206,7191
2022-04-30,San Diego,073,3302833,761907,761253,53775,815028,5238
2022-04-30,San Francisco,075,870044,131800,130241,8844,139085,860
2022-04-30,San Joaquin,077,732212,167673,167028,10268,177296,2225
2022-04-30,San Luis Obispo,079,281455,53167,53040,3948,56988,477
2022-04-30,San Mateo,081,765935,127042,125807,7587,133394,705
2022-04-30,Santa Barbara,083,443738,87135,86768,4882,91650,688
2022-04-30,Santa Clara,085,1922200,322229,320709,13174,333883,2281
2022-04-30,Santa Cruz,087,273765,49652,48798,2240,51038,262
2022-04-30,Shasta,089,179085,30721,30649,6175,36824,554
2022-04-30,Sierra,091,2930,275,274,49,323,4
2022-04-30,Siskiyou,093,43540,4470,4458,2778,7236,81
2022-04-30,Solano,095,438530,82950,82459,5748,88207,449
2022-04-30,Sonoma,097,501317,85940,85290,2985,88275,488
2022-04-30,Stanislaus,099,539301,118182,117943,17882,135825,1643
2022-04-30,Sutter,101,95872,20607,20644,2159,22803,224
2022-04-30,Tehama,103,63373,12082,12078,2626,14704,202
2022-04-30,Trinity,105,12862,1186,1179,296,1475,20
2022-04-30,Tulare,107,460477,106788,106856,28734,135590,1458
2022-04-30,Tuolumne,109,53932,12789,12713,591,13304,181
2022-04-30,Ventura,111,848112,175247,174679,9794,184473,1486
2022-04-30,Yolo,113,214977,37989,37173,3306,40479,314
2022-04-30,Yuba,115,75493,15948,15917,1238,17155,121
2022-04-29,Alameda,001,1643700,264762,262027,14749,276776,1851
2022-04-29,Alpine,003,1148,124,124,1,125,0
2022-04-29,Amador,005,37829,8590,8533,670,9203,86
2022-04-29,Butte,007,227075,33295,33172,6865,40037,418
2022-04-29,Calaveras,009,45235,7345,7328,364,7692,120
2022-04-29,Colusa,011,21464,3456,3457,1074,4531,21
2022-04-29,Contra Costa,013,1133247,193405,192136,13847,205983,1301
2022-04-29,Del Norte,015,27424,5918,5841,204,6045,50
2022-04-29,El Dorado,017,186661,27062,26946,3299,30245,210
2022-04-29,Fresno,019,978130,232513,232067,24225,256292,2748
2022-04-29,Glenn,021,27897,4994,4995,1619,6614,48
2022-04-29,Humboldt,023,135768,17352,17194,3100,20294,145
2022-04-29,Imperial,025,180216,55609,55503,10866,66369,910
2022-04-29,Inyo,027,18085,4090,4084,511,4595,56
2022-04-29,Kern,029,883053,192581,192250,46575,238825,2265
2022-04-29,Kings,031,150075,51666,51640,3641,55281,447
2022-04-29,Lake,033,64148,10775,10742,910,11652,137
2022-04-29,Lassen,035,31185,8974,8966,890,9856,65
2022-04-29,Los Angeles,037,10098052,2749538,2736900,126935,2863835,31712
2022-04-29,Madera,039,155013,37429,37360,6162,43522,365
2022-04-29,Marin,041,260295,34739,34519,2874,37393,291
2022-04-29,Mariposa,043,17540,2438,2430,208,2638,30
2022-04-29,Mendocino,045,87422,13252,13219,3173,16392,123
2022-04-29,Merced,047,269075,62467,62357,8816,71173,818
2022-04-29,Modoc,049,8938,744,745,253,998,8
2022-04-29,Mono,051,14174,2992,2989,131,3120,6
2022-04-29,Monterey,053,433212,80228,79881,14345,94226,731
2022-04-29,Napa,055,140530,26472,26319,1054,27373,143
2022-04-29,Nevada,057,99092,16151,16100,1249,17349,127
2022-04-29,Orange,059,3164182,553375,551822,42684,594506,6998
2022-04-29,Placer,061,380077,63514,63273,7515,70788,625
2022-04-29,Plumas,063,18699,2990,2946,371,3317,13
2022-04-29,Riverside,065,2383286,595738,593965,28583,622548,6457
2022-04-29,Sacramento,067,1510023,284057,283048,27635,310683,3007
2022-04-29,San Benito,069,59416,13001,12988,532,13520,98
2022-04-29,San Bernardino,071,2135413,572879,568758,25438,594196,7191
2022-04-29,San Diego,073,3302833,761488,761253,53750,815003,5238
2022-04-29,San Francisco,075,870044,131579,130241,8822,139063,860
2022-04-29,San Joaquin,077,732212,167617,167028,10263,177291,2225
2022-04-29,San Luis Obispo,079,281455,53152,53040,3943,56983,477
2022-04-29,San Mateo,081,765935,126844,125807,7572,133379,705
2022-04-29,Santa Barbara,083,443738,87095,86768,4880,91648,688
2022-04-29,Santa Clara,085,1922200,321721,320709,13143,333852,2281
2022-04-29,Santa Cruz,087,273765,49596,48798,2236,51034,262
2022-04-29,Shasta,089,179085,30719,30649,6174,36823,554
2022-04-29,Sierra,091,2930,275,274,49,323,4
2022-04-29,Siskiyou,093,43540,4469,4458,2778,7236,81
2022-04-29,Solano,095,438530,82893,82459,5742,88201,449
2022-04-29,Sonoma,097,501317,85832,85290,2970,88260,488
2022-04-29,Stanislaus,099,539301,118159,117943,17877,135820,1643
2022-04-29,Sutter,101,95872,20600,20644,2158,22802,224
2022-04-29,Tehama,103,63373,12080,12078,2626,14704,202
2022-04-29,Trinity,105,12862,1186,1179,296,1475,20
2022-04-29,Tulare,107,460477,106770,106856,28717,135573,1458
2022-04-29,Tuolumne,109,53932,12782,12713,588,13301,181
2022-04-29,Ventura,111,848112,175171,174679,9770,184449,1486
2022-04-29,Yolo,113,214977,37956,37173,3303,40476,314
2022-04-29,Yuba,115,75493,15943,15917,1238,17155,121
2022-04-28,Alameda,001,1643700,264322,262027,14711,276738,1851
2022-04-28,Alpine,003,1148,124,124,1,125,0
2022-04-28,Amador,005,37829,8587,8533,670,9203,86
2022-04-28,Butte,007,227075,33286,33172,6860,40032,418
2022-04-28,Calaveras,009,45235,7341,7328,364,7692,120
2022-04-28,Colusa,011,21464,3455,3457,1074,4531,21
2022-04-28,Contra Costa,013,1133247,193150,192136,13805,205941,1301
2022-04-28,Del Norte,015,27424,5914,5841,204,6045,50
2022-04-28,El Dorado,017,186661,27040,26946,3295,30241,210
2022-04-28,Fresno,019,978130,232454,232067,24215,256282,2748
2022-04-28,Glenn,021,27897,4991,4995,1619,6614,48
2022-04-28,Humboldt,023,135768,17318,17194,3084,20278,145
2022-04-28,Imperial,025,180216,55596,55503,10861,66364,910
2022-04-28,Inyo,027,18085,4090,4084,511,4595,56
2022-04-28,Kern,029,883053,192542,192250,46558,238808,2265
2022-04-28,Kings,031,150075,51660,51640,3641,55281,447
2022-04-28,Lake,033,64148,10771,10742,910,11652,137
2022-04-28,Lassen,035,31185,8974,8966,890,9856,65
2022-04-28,Los Angeles,037,10098052,2747471,2736900,126751,2863651,31712
2022-04-28,Madera,039,155013,37423,37360,6157,43517,365
2022-04-28,Marin,041,260295,34689,34519,2858,37377,291
2022-04-28,Mariposa,043,17540,2438,2430,208,2638,30
2022-04-28,Mendocino,045,87422,13241,13219,3156,16375,123
2022-04-28,Merced,047,269075,62449,62357,8808,71165,818
2022-04-28,Modoc,049,8938,744,745,253,998,8
2022-04-28,Mono,051,14174,2990,2989,131,3120,6
2022-04-28,Monterey,053,433212,80189,79881,14319,94200,731
2022-04-28,Napa,055,140530,26442,26319,1051,27370,143
2022-04-28,Nevada,057,99092,16143,16100,1246,17346,127
2022-04-28,Orange,059,3164182,553014,551822,42621,594443,6998
2022-04-28,Placer,061,380077,63466,63273,7507,70780,625
2022-04-28,Plumas,063,18699,2989,2946,371,3317,13
2022-04-28,Riverside,065,2383286,595455,593965,28557,622522,6457
2022-04-28,Sacramento,067,1510023,283876,283048,27594,310642,3007
2022-04-28,San Benito,069,59416,12992,12988,530,13518,98
2022-04-28,San Bernardino,071,2135413,572679,568758,25430,594188,7191
2022-04-28,San Diego,073,3302833,760946,761253,53687,814940,5238
2022-04-28,San Francisco,075,870044,131279,130241,8788,139029,860
2022-04-28,San Joaquin,077,732212,167547,167028,10248,177276,2225
2022-04-28,San Luis Obispo,079,281455,53124,53040,3925,56965,477
2022-04-28,San Mateo,081,765935,126599,125807,7543,133350,705
2022-04-28,Santa Barbara,083,443738,87042,86768,4877,91645,688
2022-04-28,Santa Clara,085,1922200,321180,320709,13106,333815,2281
2022-04-28,Santa Cruz,087,273765,49501,48798,2230,51028,262
2022-04-28,Shasta,089,179085,30711,30649,6174,36823,554
2022-04-28,Sierra,091,2930,275,274,49,323,4
2022-04-28,Siskiyou,093,43540,4466,4458,2778,7236,81
2022-04-28,Solano,095,438530,82809,82459,5736,88195,449
2022-04-28,Sonoma,097,501317,85717,85290,2957,88247,488
2022-04-28,Stanislaus,099,539301,118120,117943,17869,135812,1643
2022-04-28,Sutter,101,95872,20590,20644,2155,22799,224
2022-04-28,Tehama,103,63373,12079,12078,2625,14703,202
2022-04-28,Trinity,105,12862,1186,1179,296,1475,20
2022-04-28,Tulare,107,460477,106748,106856,28704,135560,1458
2022-04-28,Tuolumne,109,53932,12770,12713,587,13300,181
2022-04-28,Ventura,111,848112,175082,174679,9730,184409,1486
2022-04-28,Yolo,113,214977,37918,37173,3298,40471,314
2022-04-28,Yuba,115,75493,15934,15917,1235,17152,121
2022-04-27,Alameda,001,1643700,263839,260871,14666,275537,1843
2022-04-27,Alpine,003,1148,124,124,1,125,0
2022-04-27,Amador,005,37829,8586,8518,670,9188,86
2022-04-27,Butte,007,227075,33274,33118,6854,39972,411
2022-04-27,Calaveras,009,45235,7338,7307,364,7671,119
2022-04-27,Colusa,011,21464,3454,3457,1074,4531,21
2022-04-27,Contra Costa,013,1133247,192886,191412,13772,205184,1300
2022-04-27,Del Norte,015,27424,5909,5833,204,6037,50
2022-04-27,El Dorado,017,186661,27030,26898,3290,30188,209
2022-04-27,Fresno,019,978130,232389,231951,24200,256151,2744
2022-04-27,Glenn,021,27897,4991,4993,1619,6612,48
2022-04-27,Humboldt,023,135768,17288,17138,3073,20211,145
2022-04-27,Imperial,025,180216,55578,55480,10856,66336,910
2022-04-27,Inyo,027,18085,4089,4080,510,4590,56
2022-04-27,Kern,029,883053,192506,192157,46537,238694,2271
2022-04-27,Kings,031,150075,51655,51617,3640,55257,444
2022-04-27,Lake,033,64148,10767,10732,910,11642,135
2022-04-27,Lassen,035,31185,8973,8965,890,9855,65
2022-04-27,Los Angeles,037,10098052,2745141,2731988,126565,2858553,31691
2022-04-27,Madera,039,155013,37414,37339,6156,43495,354
2022-04-27,Marin,041,260295,34628,34354,2844,37198,288
2022-04-27,Mariposa,043,17540,2436,2427,208,2635,30
2022-04-27,Mendocino,045,87422,13234,13188,3147,16335,123
2022-04-27,Merced,047,269075,62435,62315,8804,71119,815
2022-04-27,Modoc,049,8938,744,745,253,998,8
2022-04-27,Mono,051,14174,2990,2989,131,3120,6
2022-04-27,Monterey,053,433212,80146,79695,14277,93972,729
2022-04-27,Napa,055,140530,26413,26210,1046,27256,143
2022-04-27,Nevada,057,99092,16127,16080,1243,17323,127
2022-04-27,Orange,059,3164182,552640,550859,42561,593420,6991
2022-04-27,Placer,061,380077,63424,63154,7490,70644,623
2022-04-27,Plumas,063,18699,2988,2934,371,3305,13
2022-04-27,Riverside,065,2383286,595190,593397,28536,621933,6453
2022-04-27,Sacramento,067,1510023,283675,281802,27559,309361,3001
2022-04-27,San Benito,069,59416,12979,12989,528,13517,98
2022-04-27,San Bernardino,071,2135413,572481,568018,25420,593438,7105
2022-04-27,San Diego,073,3302833,760374,759873,53625,813498,5236
2022-04-27,San Francisco,075,870044,130928,129284,8763,138047,857
2022-04-27,San Joaquin,077,732212,167474,166848,10231,177079,2225
2022-04-27,San Luis Obispo,079,281455,53079,52911,3913,56824,476
2022-04-27,San Mateo,081,765935,126368,125018,7485,132503,702
2022-04-27,Santa Barbara,083,443738,86978,86557,4870,91427,685
2022-04-27,Santa Clara,085,1922200,320613,319077,13058,332135,2282
2022-04-27,Santa Cruz,087,273765,49419,48500,2222,50722,262
2022-04-27,Shasta,089,179085,30699,30633,6170,36803,554
2022-04-27,Sierra,091,2930,274,276,49,325,4
2022-04-27,Siskiyou,093,43540,4466,4455,2774,7229,81
2022-04-27,Solano,095,438530,82697,82220,5725,87945,448
2022-04-27,Sonoma,097,501317,85607,84983,2935,87918,487
2022-04-27,Stanislaus,099,539301,118076,117841,17857,135698,1643
2022-04-27,Sutter,101,95872,20586,20627,2151,22778,224
2022-04-27,Tehama,103,63373,12079,12073,2625,14698,201
2022-04-27,Trinity,105,12862,1186,1179,296,1475,20
2022-04-27,Tulare,107,460477,106730,106580,28694,135274,1453
2022-04-27,Tuolumne,109,53932,12753,12684,586,13270,181
2022-04-27,Ventura,111,848112,174979,174425,9714,184139,1480
2022-04-27,Yolo,113,214977,37869,37096,3292,40388,314
2022-04-27,Yuba,115,75493,15930,15902,1230,17132,121
2022-04-26,Alameda,001,1643700,263327,260871,14624,275495,1843
2022-04-26,Alpine,003,1148,124,124,1,125,0
2022-04-26,Amador,005,37829,8583,8518,669,9187,86
2022-04-26,Butte,007,227075,33258,33118,6848,39966,411
2022-04-26,Calaveras,009,45235,7334,7307,363,7670,119
2022-04-26,Colusa,011,21464,3454,3457,1074,4531,21
2022-04-26,Contra Costa,013,1133247,192626,191412,13734,205146,1300
2022-04-26,Del Norte,015,27424,5901,5833,204,6037,50
2022-04-26,El Dorado,017,186661,27009,26898,3286,30184,209
2022-04-26,Fresno,019,978130,232310,231951,24190,256141,2744
2022-04-26,Glenn,021,27897,4991,4993,1618,6611,48
2022-04-26,Humboldt,023,135768,17257,17138,3066,20204,145
2022-04-26,Imperial,025,180216,55558,55480,10849,66329,910
2022-04-26,Inyo,027,18085,4089,4080,510,4590,56
2022-04-26,Kern,029,883053,192458,192157,46512,238669,2271
2022-04-26,Kings,031,150075,51649,51617,3640,55257,444
2022-04-26,Lake,033,64148,10760,10732,910,11642,135
2022-04-26,Lassen,035,31185,8968,8965,890,9855,65
2022-04-26,Los Angeles,037,10098052,2742752,2731988,126381,2858369,31691
2022-04-26,Madera,039,155013,37406,37339,6148,43487,354
2022-04-26,Marin,041,260295,34575,34354,2825,37179,288
2022-04-26,Mariposa,043,17540,2436,2427,208,2635,30
2022-04-26,Mendocino,045,87422,13230,13188,3141,16329,123
2022-04-26,Merced,047,269075,62412,62315,8786,71101,815
2022-04-26,Modoc,049,8938,744,745,253,998,8
2022-04-26,Mono,051,14174,2990,2989,130,3119,6
2022-04-26,Monterey,053,433212,80092,79695,14235,93930,729
2022-04-26,Napa,055,140530,26383,26210,1041,27251,143
2022-04-26,Nevada,057,99092,16118,16080,1243,17323,127
2022-04-26,Orange,059,3164182,552233,550859,42501,593360,6991
2022-04-26,Placer,061,380077,63393,63154,7488,70642,623
2022-04-26,Plumas,063,18699,2988,2934,371,3305,13
2022-04-26,Riverside,065,2383286,594881,593397,28508,621905,6453
2022-04-26,Sacramento,067,1510023,283441,281802,27536,309338,3001
2022-04-26,San Benito,069,59416,12975,12989,527,13516,98
2022-04-26,San Bernardino,071,2135413,572271,568018,25402,593420,7105
2022-04-26,San Diego,073,3302833,759715,759873,53523,813396,5236
2022-04-26,San Francisco,075,870044,130528,129284,8741,138025,857
2022-04-26,San Joaquin,077,732212,167412,166848,10218,177066,2225
2022-04-26,San Luis Obispo,079,281455,53050,52911,3901,56812,476
2022-04-26,San Mateo,081,765935,126098,125018,7448,132466,702
2022-04-26,Santa Barbara,083,443738,86917,86557,4864,91421,685
2022-04-26,Santa Clara,085,1922200,320053,319077,13008,332085,2282
2022-04-26,Santa Cruz,087,273765,49319,48500,2219,50719,262
2022-04-26,Shasta,089,179085,30687,30633,6170,36803,554
2022-04-26,Sierra,091,2930,274,276,49,325,4
2022-04-26,Siskiyou,093,43540,4464,4455,2772,7227,81
2022-04-26,Solano,095,438530,82598,82220,5716,87936,448
2022-04-26,Sonoma,097,501317,85501,84983,2916,87899,487
2022-04-26,Stanislaus,099,539301,118040,117841,17845,135686,1643
2022-04-26,Sutter,101,95872,20576,20627,2151,22778,224
2022-04-26,Tehama,103,63373,12070,12073,2625,14698,201
2022-04-26,Trinity,105,12862,1186,1179,296,1475,20
2022-04-26,Tulare,107,460477,106702,106580,28679,135259,1453
2022-04-26,Tuolumne,109,53932,12734,12684,584,13268,181
2022-04-26,Ventura,111,848112,174868,174425,9687,184112,1480
2022-04-26,Yolo,113,214977,37811,37096,3286,40382,314
2022-04-26,Yuba,115,75493,15928,15902,1230,17132,121
2022-04-25,Alameda,001,1643700,262821,260871,14579,275450,1843
2022-04-25,Alpine,003,1148,124,124,1,125,0
2022-04-25,Amador,005,37829,8580,8518,669,9187,86
2022-04-25,Butte,007,227075,33243,33118,6839,39957,411
2022-04-25,Calaveras,009,45235,7331,7307,363,7670,119
2022-04-25,Colusa,011,21464,3454,3457,1074,4531,21
2022-04-25,Contra Costa,013,1133247,192359,191412,13695,205107,1300
2022-04-25,Del Norte,015,27424,5895,5833,202,6035,50
2022-04-25,El Dorado,017,186661,26988,26898,3284,30182,209
2022-04-25,Fresno,019,978130,232220,231951,24175,256126,2744
2022-04-25,Glenn,021,27897,4990,4993,1618,6611,48
2022-04-25,Humboldt,023,135768,17215,17138,3058,20196,145
2022-04-25,Imperial,025,180216,55538,55480,10844,66324,910
2022-04-25,Inyo,027,18085,4089,4080,510,4590,56
2022-04-25,Kern,029,883053,192414,192157,46492,238649,2271
2022-04-25,Kings,031,150075,51640,51617,3639,55256,444
2022-04-25,Lake,033,64148,10757,10732,909,11641,135
2022-04-25,Lassen,035,31185,8967,8965,890,9855,65
2022-04-25,Los Angeles,037,10098052,2740366,2731988,126216,2858204,31691
2022-04-25,Madera,039,155013,37393,37339,6144,43483,354
2022-04-25,Marin,041,260295,34510,34354,2801,37155,288
2022-04-25,Mariposa,043,17540,2436,2427,207,2634,30
2022-04-25,Mendocino,045,87422,13220,13188,3123,16311,123
2022-04-25,Merced,047,269075,62399,62315,8783,71098,815
2022-04-25,Modoc,049,8938,744,745,253,998,8
2022-04-25,Mono,051,14174,2990,2989,130,3119,6
2022-04-25,Monterey,053,433212,80054,79695,14207,93902,729
2022-04-25,Napa,055,140530,26343,26210,1039,27249,143
2022-04-25,Nevada,057,99092,16112,16080,1241,17321,127
2022-04-25,Orange,059,3164182,551825,550859,42438,593297,6991
2022-04-25,Placer,061,380077,63357,63154,7483,70637,623
2022-04-25,Plumas,063,18699,2986,2934,371,3305,13
2022-04-25,Riverside,065,2383286,594616,593397,28489,621886,6453
2022-04-25,Sacramento,067,1510023,283276,281802,27500,309302,3001
2022-04-25,San Benito,069,59416,12968,12989,526,13515,98
2022-04-25,San Bernardino,071,2135413,572046,568018,25385,593403,7105
2022-04-25,San Diego,073,3302833,759035,759873,53451,813324,5236
2022-04-25,San Francisco,075,870044,130167,129284,8723,138007,857
2022-04-25,San Joaquin,077,732212,167328,166848,10201,177049,2225
2022-04-25,San Luis Obispo,079,281455,53001,52911,3893,56804,476
2022-04-25,San Mateo,081,765935,125826,125018,7427,132445,702
2022-04-25,Santa Barbara,083,443738,86856,86557,4858,91415,685
2022-04-25,Santa Clara,085,1922200,319407,319077,12962,332039,2282
2022-04-25,Santa Cruz,087,273765,49179,48500,2210,50710,262
2022-04-25,Shasta,089,179085,30675,30633,6167,36800,554
2022-04-25,Sierra,091,2930,274,276,49,325,4
2022-04-25,Siskiyou,093,43540,4464,4455,2771,7226,81
2022-04-25,Solano,095,438530,82480,82220,5705,87925,448
2022-04-25,Sonoma,097,501317,85378,84983,2896,87879,487
2022-04-25,Stanislaus,099,539301,117993,117841,17838,135679,1643
2022-04-25,Sutter,101,95872,20573,20627,2151,22778,224
2022-04-25,Tehama,103,63373,12070,12073,2625,14698,201
2022-04-25,Trinity,105,12862,1185,1179,296,1475,20
2022-04-25,Tulare,107,460477,106677,106580,28666,135246,1453
2022-04-25,Tuolumne,109,53932,12725,12684,584,13268,181
2022-04-25,Ventura,111,848112,174758,174425,9664,184089,1480
2022-04-25,Yolo,113,214977,37747,37096,3281,40377,314
2022-04-25,Yuba,115,75493,15918,15902,1229,17131,121
2022-04-24,Alameda,001,1643700,262239,259619,14531,274150,1837
2022-04-24,Alpine,003,1148,124,124,1,125,0
2022-04-24,Amador,005,37829,8571,8509,668,9177,86
2022-04-24,Butte,007,227075,33221,33105,6831,39936,411
2022-04-24,Calaveras,009,45235,7322,7296,361,7657,119
2022-04-24,Colusa,011,21464,3453,3453,1074,4527,21
2022-04-24,Contra Costa,013,1133247,192053,190611,13660,204271,1298
2022-04-24,Del Norte,015,27424,5886,5827,200,6027,50
2022-04-24,El Dorado,017,186661,26970,26837,3282,30119,209
2022-04-24,Fresno,019,978130,232139,231751,24160,255911,2744
2022-04-24,Glenn,021,27897,4990,4989,1616,6605,48
2022-04-24,Humboldt,023,135768,17190,17033,3043,20076,145
2022-04-24,Imperial,025,180216,55526,55434,10835,66269,910
2022-04-24,Inyo,027,18085,4085,4079,509,4588,56
2022-04-24,Kern,029,883053,192362,192012,46477,238489,2267
2022-04-24,Kings,031,150075,51631,51588,3639,55227,444
2022-04-24,Lake,033,64148,10749,10720,906,11626,134
2022-04-24,Lassen,035,31185,8966,8966,890,9856,65
2022-04-24,Los Angeles,037,10098052,2738016,2725630,126069,2851699,31667
2022-04-24,Madera,039,155013,37378,37333,6137,43470,354
2022-04-24,Marin,041,260295,34456,34150,2767,36917,288
2022-04-24,Mariposa,043,17540,2433,2422,207,2629,30
2022-04-24,Mendocino,045,87422,13215,13158,3111,16269,122
2022-04-24,Merced,047,269075,62376,62286,8773,71059,815
2022-04-24,Modoc,049,8938,744,745,253,998,8
2022-04-24,Mono,051,14174,2988,2986,130,3116,6
2022-04-24,Monterey,053,433212,80001,79560,14174,93734,729
2022-04-24,Napa,055,140530,26307,26093,1038,27131,143
2022-04-24,Nevada,057,99092,16096,16052,1239,17291,127
2022-04-24,Orange,059,3164182,551404,549765,42373,592138,6989
2022-04-24,Placer,061,380077,63303,63037,7475,70512,622
2022-04-24,Plumas,063,18699,2984,2934,371,3305,13
2022-04-24,Riverside,065,2383286,594338,592683,28447,621130,6450
2022-04-24,Sacramento,067,1510023,283069,280551,27463,308014,2993
2022-04-24,San Benito,069,59416,12963,12966,526,13492,98
2022-04-24,San Bernardino,071,2135413,571813,566806,25360,592166,7047
2022-04-24,San Diego,073,3302833,758404,758311,53390,811701,5233
2022-04-24,San Francisco,075,870044,129721,128323,8698,137021,857
2022-04-24,San Joaquin,077,732212,167240,166626,10158,176784,2224
2022-04-24,San Luis Obispo,079,281455,52925,52826,3882,56708,476
2022-04-24,San Mateo,081,765935,125518,124106,7393,131499,703
2022-04-24,Santa Barbara,083,443738,86787,86376,4856,91232,685
2022-04-24,Santa Clara,085,1922200,318722,317487,12907,330394,2277
2022-04-24,Santa Cruz,087,273765,49067,48255,2204,50459,261
2022-04-24,Shasta,089,179085,30663,30607,6165,36772,557
2022-04-24,Sierra,091,2930,274,276,49,325,4
2022-04-24,Siskiyou,093,43540,4462,4453,2769,7222,81
2022-04-24,Solano,095,438530,82373,81982,5696,87678,448
2022-04-24,Sonoma,097,501317,85243,84581,2874,87455,486
2022-04-24,Stanislaus,099,539301,117942,117737,17832,135569,1632
2022-04-24,Sutter,101,95872,20564,20605,2148,22753,224
2022-04-24,Tehama,103,63373,12066,12064,2625,14689,201
2022-04-24,Trinity,105,12862,1185,1177,296,1473,20
2022-04-24,Tulare,107,460477,106650,106354,28655,135009,1446
2022-04-24,Tuolumne,109,53932,12712,12664,583,13247,181
2022-04-24,Ventura,111,848112,174646,174091,9643,183734,1479
2022-04-24,Yolo,113,214977,37707,36990,3278,40268,314
2022-04-24,Yuba,115,75493,15914,15888,1228,17116,121
2022-04-23,Alameda,001,1643700,261995,259619,14518,274137,1837
2022-04-23,Alpine,003,1148,124,124,1,125,0
2022-04-23,Amador,005,37829,8565,8509,668,9177,86
2022-04-23,Butte,007,227075,33212,33105,6828,39933,411
2022-04-23,Calaveras,009,45235,7314,7296,361,7657,119
2022-04-23,Colusa,011,21464,3453,3453,1074,4527,21
2022-04-23,Contra Costa,013,1133247,191897,190611,13641,204252,1298
2022-04-23,Del Norte,015,27424,5884,5827,199,6026,50
2022-04-23,El Dorado,017,186661,26960,26837,3281,30118,209
2022-04-23,Fresno,019,978130,232106,231751,24154,255905,2744
2022-04-23,Glenn,021,27897,4990,4989,1616,6605,48
2022-04-23,Humboldt,023,135768,17174,17033,3040,20073,145
2022-04-23,Imperial,025,180216,55515,55434,10833,66267,910
2022-04-23,Inyo,027,18085,4085,4079,508,4587,56
2022-04-23,Kern,029,883053,192334,192012,46462,238474,2267
2022-04-23,Kings,031,150075,51626,51588,3638,55226,444
2022-04-23,Lake,033,64148,10748,10720,906,11626,134
2022-04-23,Lassen,035,31185,8966,8966,890,9856,65
2022-04-23,Los Angeles,037,10098052,2737076,2725630,125972,2851602,31667
2022-04-23,Madera,039,155013,37371,37333,6136,43469,354
2022-04-23,Marin,041,260295,34421,34150,2721,36871,288
2022-04-23,Mariposa,043,17540,2433,2422,207,2629,30
2022-04-23,Mendocino,045,87422,13208,13158,3111,16269,122
2022-04-23,Merced,047,269075,62366,62286,8773,71059,815
2022-04-23,Modoc,049,8938,744,745,253,998,8
2022-04-23,Mono,051,14174,2988,2986,130,3116,6
2022-04-23,Monterey,053,433212,79932,79560,14159,93719,729
2022-04-23,Napa,055,140530,26286,26093,1036,27129,143
2022-04-23,Nevada,057,99092,16090,16052,1237,17289,127
2022-04-23,Orange,059,3164182,551188,549765,42322,592087,6989
2022-04-23,Placer,061,380077,63273,63037,7475,70512,622
2022-04-23,Plumas,063,18699,2984,2934,371,3305,13
2022-04-23,Riverside,065,2383286,594201,592683,28436,621119,6450
2022-04-23,Sacramento,067,1510023,282971,280551,27460,308011,2993
2022-04-23,San Benito,069,59416,12962,12966,526,13492,98
2022-04-23,San Bernardino,071,2135413,571696,566806,25355,592161,7047
2022-04-23,San Diego,073,3302833,758142,758311,53372,811683,5233
2022-04-23,San Francisco,075,870044,129518,128323,8673,136996,857
2022-04-23,San Joaquin,077,732212,167199,166626,10150,176776,2224
2022-04-23,San Luis Obispo,079,281455,52910,52826,3878,56704,476
2022-04-23,San Mateo,081,765935,125360,124106,7383,131489,703
2022-04-23,Santa Barbara,083,443738,86751,86376,4855,91231,685
2022-04-23,Santa Clara,085,1922200,318345,317487,12880,330367,2277
2022-04-23,Santa Cruz,087,273765,49017,48255,2202,50457,261
2022-04-23,Shasta,089,179085,30660,30607,6165,36772,557
2022-04-23,Sierra,091,2930,274,276,49,325,4
2022-04-23,Siskiyou,093,43540,4460,4453,2768,7221,81
2022-04-23,Solano,095,438530,82346,81982,5693,87675,448
2022-04-23,Sonoma,097,501317,85175,84581,2864,87445,486
2022-04-23,Stanislaus,099,539301,117906,117737,17829,135566,1632
2022-04-23,Sutter,101,95872,20558,20605,2148,22753,224
2022-04-23,Tehama,103,63373,12065,12064,2625,14689,201
2022-04-23,Trinity,105,12862,1185,1177,296,1473,20
2022-04-23,Tulare,107,460477,106642,106354,28645,134999,1446
2022-04-23,Tuolumne,109,53932,12707,12664,583,13247,181
2022-04-23,Ventura,111,848112,174584,174091,9635,183726,1479
2022-04-23,Yolo,113,214977,37679,36990,3274,40264,314
2022-04-23,Yuba,115,75493,15912,15888,1228,17116,121
2022-04-22,Alameda,001,1643700,261757,259619,14499,274118,1837
2022-04-22,Alpine,003,1148,124,124,1,125,0
2022-04-22,Amador,005,37829,8564,8509,666,9175,86
2022-04-22,Butte,007,227075,33205,33105,6826,39931,411
2022-04-22,Calaveras,009,45235,7313,7296,361,7657,119
2022-04-22,Colusa,011,21464,3453,3453,1074,4527,21
2022-04-22,Contra Costa,013,1133247,191761,190611,13622,204233,1298
2022-04-22,Del Norte,015,27424,5884,5827,199,6026,50
2022-04-22,El Dorado,017,186661,26947,26837,3276,30113,209
2022-04-22,Fresno,019,978130,232076,231751,24149,255900,2744
2022-04-22,Glenn,021,27897,4989,4989,1616,6605,48
2022-04-22,Humboldt,023,135768,17158,17033,3033,20066,145
2022-04-22,Imperial,025,180216,55509,55434,10833,66267,910
2022-04-22,Inyo,027,18085,4085,4079,507,4586,56
2022-04-22,Kern,029,883053,192314,192012,46458,238470,2267
2022-04-22,Kings,031,150075,51622,51588,3637,55225,444
2022-04-22,Lake,033,64148,10747,10720,906,11626,134
2022-04-22,Lassen,035,31185,8966,8966,890,9856,65
2022-04-22,Los Angeles,037,10098052,2735980,2725630,125913,2851543,31667
2022-04-22,Madera,039,155013,37366,37333,6135,43468,354
2022-04-22,Marin,041,260295,34384,34150,2710,36860,288
2022-04-22,Mariposa,043,17540,2432,2422,207,2629,30
2022-04-22,Mendocino,045,87422,13203,13158,3106,16264,122
2022-04-22,Merced,047,269075,62359,62286,8761,71047,815
2022-04-22,Modoc,049,8938,744,745,253,998,8
2022-04-22,Mono,051,14174,2988,2986,129,3115,6
2022-04-22,Monterey,053,433212,79897,79560,14145,93705,729
2022-04-22,Napa,055,140530,26269,26093,1034,27127,143
2022-04-22,Nevada,057,99092,16090,16052,1237,17289,127
2022-04-22,Orange,059,3164182,551003,549765,42271,592036,6989
2022-04-22,Placer,061,380077,63250,63037,7472,70509,622
2022-04-22,Plumas,063,18699,2984,2934,371,3305,13
2022-04-22,Riverside,065,2383286,594057,592683,28420,621103,6450
2022-04-22,Sacramento,067,1510023,282883,280551,27447,307998,2993
2022-04-22,San Benito,069,59416,12957,12966,526,13492,98
2022-04-22,San Bernardino,071,2135413,571583,566806,25346,592152,7047
2022-04-22,San Diego,073,3302833,757822,758311,53344,811655,5233
2022-04-22,San Francisco,075,870044,129355,128323,8646,136969,857
2022-04-22,San Joaquin,077,732212,167169,166626,10149,176775,2224
2022-04-22,San Luis Obispo,079,281455,52904,52826,3877,56703,476
2022-04-22,San Mateo,081,765935,125198,124106,7369,131475,703
2022-04-22,Santa Barbara,083,443738,86704,86376,4854,91230,685
2022-04-22,Santa Clara,085,1922200,317996,317487,12863,330350,2277
2022-04-22,Santa Cruz,087,273765,48979,48255,2201,50456,261
2022-04-22,Shasta,089,179085,30655,30607,6164,36771,557
2022-04-22,Sierra,091,2930,274,276,48,324,4
2022-04-22,Siskiyou,093,43540,4460,4453,2768,7221,81
2022-04-22,Solano,095,438530,82289,81982,5691,87673,448
2022-04-22,Sonoma,097,501317,85111,84581,2860,87441,486
2022-04-22,Stanislaus,099,539301,117884,117737,17824,135561,1632
2022-04-22,Sutter,101,95872,20552,20605,2148,22753,224
2022-04-22,Tehama,103,63373,12060,12064,2624,14688,201
2022-04-22,Trinity,105,12862,1185,1177,295,1472,20
2022-04-22,Tulare,107,460477,106632,106354,28636,134990,1446
2022-04-22,Tuolumne,109,53932,12700,12664,581,13245,181
2022-04-22,Ventura,111,848112,174508,174091,9624,183715,1479
2022-04-22,Yolo,113,214977,37658,36990,3271,40261,314
2022-04-22,Yuba,115,75493,15909,15888,1227,17115,121
2022-04-21,Alameda,001,1643700,261399,259619,14457,274076,1837
2022-04-21,Alpine,003,1148,124,124,1,125,0
2022-04-21,Amador,005,37829,8561,8509,666,9175,86
2022-04-21,Butte,007,227075,33197,33105,6819,39924,411
2022-04-21,Calaveras,009,45235,7310,7296,361,7657,119
2022-04-21,Colusa,011,21464,3452,3453,1074,4527,21
2022-04-21,Contra Costa,013,1133247,191566,190611,13595,204206,1298
2022-04-21,Del Norte,015,27424,5883,5827,199,6026,50
2022-04-21,El Dorado,017,186661,26931,26837,3275,30112,209
2022-04-21,Fresno,019,978130,232034,231751,24141,255892,2744
2022-04-21,Glenn,021,27897,4989,4989,1615,6604,48
2022-04-21,Humboldt,023,135768,17135,17033,3024,20057,145
2022-04-21,Imperial,025,180216,55500,55434,10833,66267,910
2022-04-21,Inyo,027,18085,4085,4079,507,4586,56
2022-04-21,Kern,029,883053,192281,192012,46443,238455,2267
2022-04-21,Kings,031,150075,51614,51588,3637,55225,444
2022-04-21,Lake,033,64148,10744,10720,905,11625,134
2022-04-21,Lassen,035,31185,8966,8966,890,9856,65
2022-04-21,Los Angeles,037,10098052,2734335,2725630,125798,2851428,31667
2022-04-21,Madera,039,155013,37363,37333,6134,43467,354
2022-04-21,Marin,041,260295,34336,34150,2700,36850,288
2022-04-21,Mariposa,043,17540,2431,2422,207,2629,30
2022-04-21,Mendocino,045,87422,13196,13158,3102,16260,122
2022-04-21,Merced,047,269075,62341,62286,8758,71044,815
2022-04-21,Modoc,049,8938,744,745,253,998,8
2022-04-21,Mono,051,14174,2987,2986,128,3114,6
2022-04-21,Monterey,053,433212,79870,79560,14130,93690,729
2022-04-21,Napa,055,140530,26238,26093,1033,27126,143
2022-04-21,Nevada,057,99092,16086,16052,1237,17289,127
2022-04-21,Orange,059,3164182,550748,549765,42230,591995,6989
2022-04-21,Placer,061,380077,63212,63037,7466,70503,622
2022-04-21,Plumas,063,18699,2984,2934,371,3305,13
2022-04-21,Riverside,065,2383286,593897,592683,28401,621084,6450
2022-04-21,Sacramento,067,1510023,282735,280551,27423,307974,2993
2022-04-21,San Benito,069,59416,12951,12966,526,13492,98
2022-04-21,San Bernardino,071,2135413,571392,566806,25332,592138,7047
2022-04-21,San Diego,073,3302833,757397,758311,53300,811611,5233
2022-04-21,San Francisco,075,870044,129131,128323,8618,136941,857
2022-04-21,San Joaquin,077,732212,167116,166626,10143,176769,2224
2022-04-21,San Luis Obispo,079,281455,52884,52826,3870,56696,476
2022-04-21,San Mateo,081,765935,124997,124106,7348,131454,703
2022-04-21,Santa Barbara,083,443738,86645,86376,4850,91226,685
2022-04-21,Santa Clara,085,1922200,317545,317487,12841,330328,2277
2022-04-21,Santa Cruz,087,273765,48934,48255,2198,50453,261
2022-04-21,Shasta,089,179085,30647,30607,6164,36771,557
2022-04-21,Sierra,091,2930,274,276,48,324,4
2022-04-21,Siskiyou,093,43540,4460,4453,2768,7221,81
2022-04-21,Solano,095,438530,82227,81982,5684,87666,448
2022-04-21,Sonoma,097,501317,84997,84581,2840,87421,486
2022-04-21,Stanislaus,099,539301,117845,117737,17816,135553,1632
2022-04-21,Sutter,101,95872,20543,20605,2146,22751,224
2022-04-21,Tehama,103,63373,12060,12064,2624,14688,201
2022-04-21,Trinity,105,12862,1185,1177,295,1472,20
2022-04-21,Tulare,107,460477,106625,106354,28632,134986,1446
2022-04-21,Tuolumne,109,53932,12695,12664,580,13244,181
2022-04-21,Ventura,111,848112,174425,174091,9618,183709,1479
2022-04-21,Yolo,113,214977,37629,36990,3271,40261,314
2022-04-21,Yuba,115,75493,15907,15888,1227,17115,121
2022-04-20,Alameda,001,1643700,261035,258734,14427,273161,1832
2022-04-20,Alpine,003,1148,124,124,1,125,0
2022-04-20,Amador,005,37829,8559,8494,666,9160,86
2022-04-20,Butte,007,227075,33188,33083,6812,39895,408
2022-04-20,Calaveras,009,45235,7304,7288,360,7648,119
2022-04-20,Colusa,011,21464,3452,3453,1074,4527,21
2022-04-20,Contra Costa,013,1133247,191332,190042,13570,203612,1299
2022-04-20,Del Norte,015,27424,5877,5814,199,6013,50
2022-04-20,El Dorado,017,186661,26916,26821,3270,30091,209
2022-04-20,Fresno,019,978130,231984,231568,24139,255707,2740
2022-04-20,Glenn,021,27897,4988,4988,1612,6600,48
2022-04-20,Humboldt,023,135768,17113,16976,3019,19995,145
2022-04-20,Imperial,025,180216,55492,55405,10830,66235,910
2022-04-20,Inyo,027,18085,4085,4075,506,4581,56
2022-04-20,Kern,029,883053,192246,191915,46426,238341,2262
2022-04-20,Kings,031,150075,51605,51571,3635,55206,445
2022-04-20,Lake,033,64148,10744,10711,905,11616,134
2022-04-20,Lassen,035,31185,8966,8951,890,9841,65
2022-04-20,Los Angeles,037,10098052,2732596,2721699,125678,2847377,31630
2022-04-20,Madera,039,155013,37360,37333,6131,43464,354
2022-04-20,Marin,041,260295,34295,33985,2676,36661,288
2022-04-20,Mariposa,043,17540,2429,2412,207,2619,30
2022-04-20,Mendocino,045,87422,13190,13128,3090,16218,122
2022-04-20,Merced,047,269075,62331,62322,8743,71065,813
2022-04-20,Modoc,049,8938,744,744,253,997,8
2022-04-20,Mono,051,14174,2987,2984,128,3112,6
2022-04-20,Monterey,053,433212,79825,79419,14108,93527,727
2022-04-20,Napa,055,140530,26204,26016,1028,27044,143
2022-04-20,Nevada,057,99092,16076,16034,1234,17268,127
2022-04-20,Orange,059,3164182,550420,549136,42181,591317,6963
2022-04-20,Placer,061,380077,63187,62928,7461,70389,619
2022-04-20,Plumas,063,18699,2984,2932,371,3303,13
2022-04-20,Riverside,065,2383286,593703,592224,28378,620602,6447
2022-04-20,Sacramento,067,1510023,282592,279326,27404,306730,2987
2022-04-20,San Benito,069,59416,12945,12971,523,13494,98
2022-04-20,San Bernardino,071,2135413,571185,565405,25311,590716,6977
2022-04-20,San Diego,073,3302833,756953,757138,53240,810378,5231
2022-04-20,San Francisco,075,870044,128824,127594,8599,136193,854
2022-04-20,San Joaquin,077,732212,167045,166531,10134,176665,2222
2022-04-20,San Luis Obispo,079,281455,52857,52740,3862,56602,476
2022-04-20,San Mateo,081,765935,124779,123279,7315,130594,701
2022-04-20,Santa Barbara,083,443738,86608,86214,4843,91057,685
2022-04-20,Santa Clara,085,1922200,317135,316355,12802,329157,2274
2022-04-20,Santa Cruz,087,273765,48871,47997,2194,50191,261
2022-04-20,Shasta,089,179085,30643,30590,6163,36753,554
2022-04-20,Sierra,091,2930,274,276,48,324,4
2022-04-20,Siskiyou,093,43540,4459,4446,2767,7213,80
2022-04-20,Solano,095,438530,82155,81841,5682,87523,447
2022-04-20,Sonoma,097,501317,84909,84429,2816,87245,485
2022-04-20,Stanislaus,099,539301,117809,117540,17803,135343,1630
2022-04-20,Sutter,101,95872,20536,20632,2146,22778,224
2022-04-20,Tehama,103,63373,12057,12061,2623,14684,199
2022-04-20,Trinity,105,12862,1185,1178,295,1473,20
2022-04-20,Tulare,107,460477,106617,105974,28621,134595,1439
2022-04-20,Tuolumne,109,53932,12690,12648,579,13227,180
2022-04-20,Ventura,111,848112,174337,173904,9609,183513,1475
2022-04-20,Yolo,113,214977,37580,36785,3267,40052,311
2022-04-20,Yuba,115,75493,15903,15868,1225,17093,121
2022-04-19,Alameda,001,1643700,260679,258734,14392,273126,1832
2022-04-19,Alpine,003,1148,124,124,1,125,0
2022-04-19,Amador,005,37829,8555,8494,663,9157,86
2022-04-19,Butte,007,227075,33181,33083,6808,39891,408
2022-04-19,Calaveras,009,45235,7301,7288,360,7648,119
2022-04-19,Colusa,011,21464,3452,3453,1074,4527,21
2022-04-19,Contra Costa,013,1133247,191085,190042,13551,203593,1299
2022-04-19,Del Norte,015,27424,5875,5814,197,6011,50
2022-04-19,El Dorado,017,186661,26901,26821,3267,30088,209
2022-04-19,Fresno,019,978130,231930,231568,24128,255696,2740
2022-04-19,Glenn,021,27897,4987,4988,1612,6600,48
2022-04-19,Humboldt,023,135768,17075,16976,3008,19984,145
2022-04-19,Imperial,025,180216,55485,55405,10826,66231,910
2022-04-19,Inyo,027,18085,4082,4075,506,4581,56
2022-04-19,Kern,029,883053,192210,191915,46414,238329,2262
2022-04-19,Kings,031,150075,51591,51571,3634,55205,445
2022-04-19,Lake,033,64148,10740,10711,904,11615,134
2022-04-19,Lassen,035,31185,8966,8951,890,9841,65
2022-04-19,Los Angeles,037,10098052,2730797,2721699,125550,2847249,31630
2022-04-19,Madera,039,155013,37357,37333,6129,43462,354
2022-04-19,Marin,041,260295,34244,33985,2659,36644,288
2022-04-19,Mariposa,043,17540,2429,2412,206,2618,30
2022-04-19,Mendocino,045,87422,13182,13128,3079,16207,122
2022-04-19,Merced,047,269075,62312,62322,8738,71060,813
2022-04-19,Modoc,049,8938,744,744,253,997,8
2022-04-19,Mono,051,14174,2987,2984,128,3112,6
2022-04-19,Monterey,053,433212,79804,79419,14094,93513,727
2022-04-19,Napa,055,140530,26181,26016,1019,27035,143
2022-04-19,Nevada,057,99092,16070,16034,1232,17266,127
2022-04-19,Orange,059,3164182,550142,549136,42136,591272,6963
2022-04-19,Placer,061,380077,63155,62928,7456,70384,619
2022-04-19,Plumas,063,18699,2984,2932,371,3303,13
2022-04-19,Riverside,065,2383286,593520,592224,28363,620587,6447
2022-04-19,Sacramento,067,1510023,282418,279326,27380,306706,2987
2022-04-19,San Benito,069,59416,12939,12971,522,13493,98
2022-04-19,San Bernardino,071,2135413,570969,565405,25288,590693,6977
2022-04-19,San Diego,073,3302833,756489,757138,53177,810315,5231
2022-04-19,San Francisco,075,870044,128489,127594,8581,136175,854
2022-04-19,San Joaquin,077,732212,166994,166531,10127,176658,2222
2022-04-19,San Luis Obispo,079,281455,52822,52740,3854,56594,476
2022-04-19,San Mateo,081,765935,124549,123279,7292,130571,701
2022-04-19,Santa Barbara,083,443738,86554,86214,4835,91049,685
2022-04-19,Santa Clara,085,1922200,316712,316355,12772,329127,2274
2022-04-19,Santa Cruz,087,273765,48816,47997,2192,50189,261
2022-04-19,Shasta,089,179085,30631,30590,6162,36752,554
2022-04-19,Sierra,091,2930,274,276,48,324,4
2022-04-19,Siskiyou,093,43540,4458,4446,2765,7211,80
2022-04-19,Solano,095,438530,82077,81841,5677,87518,447
2022-04-19,Sonoma,097,501317,84806,84429,2788,87217,485
2022-04-19,Stanislaus,099,539301,117783,117540,17798,135338,1630
2022-04-19,Sutter,101,95872,20536,20632,2146,22778,224
2022-04-19,Tehama,103,63373,12056,12061,2623,14684,199
2022-04-19,Trinity,105,12862,1184,1178,295,1473,20
2022-04-19,Tulare,107,460477,106601,105974,28615,134589,1439
2022-04-19,Tuolumne,109,53932,12688,12648,579,13227,180
2022-04-19,Ventura,111,848112,174243,173904,9596,183500,1475
2022-04-19,Yolo,113,214977,37535,36785,3265,40050,311
2022-04-19,Yuba,115,75493,15896,15868,1225,17093,121
2022-04-18,Alameda,001,1643700,260295,258734,14370,273104,1832
2022-04-18,Alpine,003,1148,124,124,1,125,0
2022-04-18,Amador,005,37829,8554,8494,662,9156,86
2022-04-18,Butte,007,227075,33177,33083,6803,39886,408
2022-04-18,Calaveras,009,45235,7297,7288,359,7647,119
2022-04-18,Colusa,011,21464,3451,3453,1074,4527,21
2022-04-18,Contra Costa,013,1133247,190849,190042,13525,203567,1299
2022-04-18,Del Norte,015,27424,5870,5814,197,6011,50
2022-04-18,El Dorado,017,186661,26884,26821,3264,30085,209
2022-04-18,Fresno,019,978130,231885,231568,24117,255685,2740
2022-04-18,Glenn,021,27897,4986,4988,1611,6599,48
2022-04-18,Humboldt,023,135768,17044,16976,3005,19981,145
2022-04-18,Imperial,025,180216,55473,55405,10824,66229,910
2022-04-18,Inyo,027,18085,4082,4075,506,4581,56
2022-04-18,Kern,029,883053,192165,191915,46402,238317,2262
2022-04-18,Kings,031,150075,51586,51571,3634,55205,445
2022-04-18,Lake,033,64148,10736,10711,903,11614,134
2022-04-18,Lassen,035,31185,8966,8951,890,9841,65
2022-04-18,Los Angeles,037,10098052,2728963,2721699,125434,2847133,31630
2022-04-18,Madera,039,155013,37349,37333,6128,43461,354
2022-04-18,Marin,041,260295,34180,33985,2636,36621,288
2022-04-18,Mariposa,043,17540,2427,2412,206,2618,30
2022-04-18,Mendocino,045,87422,13165,13128,3073,16201,122
2022-04-18,Merced,047,269075,62300,62322,8732,71054,813
2022-04-18,Modoc,049,8938,743,744,253,997,8
2022-04-18,Mono,051,14174,2986,2984,128,3112,6
2022-04-18,Monterey,053,433212,79730,79419,14077,93496,727
2022-04-18,Napa,055,140530,26145,26016,1018,27034,143
2022-04-18,Nevada,057,99092,16060,16034,1230,17264,127
2022-04-18,Orange,059,3164182,549853,549136,42102,591238,6963
2022-04-18,Placer,061,380077,63122,62928,7454,70382,619
2022-04-18,Plumas,063,18699,2984,2932,371,3303,13
2022-04-18,Riverside,065,2383286,593310,592224,28342,620566,6447
2022-04-18,Sacramento,067,1510023,282261,279326,27367,306693,2987
2022-04-18,San Benito,069,59416,12933,12971,522,13493,98
2022-04-18,San Bernardino,071,2135413,570758,565405,25264,590669,6977
2022-04-18,San Diego,073,3302833,756020,757138,53118,810256,5231
2022-04-18,San Francisco,075,870044,128170,127594,8569,136163,854
2022-04-18,San Joaquin,077,732212,166935,166531,10120,176651,2222
2022-04-18,San Luis Obispo,079,281455,52794,52740,3849,56589,476
2022-04-18,San Mateo,081,765935,124317,123279,7269,130548,701
2022-04-18,Santa Barbara,083,443738,86483,86214,4830,91044,685
2022-04-18,Santa Clara,085,1922200,316264,316355,12747,329102,2274
2022-04-18,Santa Cruz,087,273765,48710,47997,2187,50184,261
2022-04-18,Shasta,089,179085,30625,30590,6159,36749,554
2022-04-18,Sierra,091,2930,274,276,48,324,4
2022-04-18,Siskiyou,093,43540,4457,4446,2764,7210,80
2022-04-18,Solano,095,438530,82016,81841,5671,87512,447
2022-04-18,Sonoma,097,501317,84707,84429,2772,87201,485
2022-04-18,Stanislaus,099,539301,117753,117540,17794,135334,1630
2022-04-18,Sutter,101,95872,20534,20632,2143,22775,224
2022-04-18,Tehama,103,63373,12052,12061,2623,14684,199
2022-04-18,Trinity,105,12862,1184,1178,295,1473,20
2022-04-18,Tulare,107,460477,106587,105974,28604,134578,1439
2022-04-18,Tuolumne,109,53932,12681,12648,578,13226,180
2022-04-18,Ventura,111,848112,174151,173904,9586,183490,1475
2022-04-18,Yolo,113,214977,37478,36785,3265,40050,311
2022-04-18,Yuba,115,75493,15887,15868,1222,17090,121
2022-04-17,Alameda,001,1643700,259905,257897,14342,272239,1829
2022-04-17,Alpine,003,1148,124,124,1,125,0
2022-04-17,Amador,005,37829,8549,8491,660,9151,86
2022-04-17,Butte,007,227075,33174,33053,6800,39853,405
2022-04-17,Calaveras,009,45235,7294,7275,357,7632,119
2022-04-17,Colusa,011,21464,3450,3450,1074,4524,21
2022-04-17,Contra Costa,013,1133247,190622,189742,13486,203228,1298
2022-04-17,Del Norte,015,27424,5864,5809,197,6006,50
2022-04-17,El Dorado,017,186661,26872,26796,3262,30058,209
2022-04-17,Fresno,019,978130,231807,231455,24110,255565,2739
2022-04-17,Glenn,021,27897,4986,4991,1611,6602,48
2022-04-17,Humboldt,023,135768,17010,16929,2999,19928,143
2022-04-17,Imperial,025,180216,55464,55371,10822,66193,910
2022-04-17,Inyo,027,18085,4080,4075,506,4581,56
2022-04-17,Kern,029,883053,192130,191866,46387,238253,2258
2022-04-17,Kings,031,150075,51575,51544,3632,55176,445
2022-04-17,Lake,033,64148,10735,10702,903,11605,134
2022-04-17,Lassen,035,31185,8966,8950,890,9840,65
2022-04-17,Los Angeles,037,10098052,2726969,2717479,125313,2842792,31598
2022-04-17,Madera,039,155013,37343,37362,6128,43490,354
2022-04-17,Marin,041,260295,34113,33829,2606,36435,288
2022-04-17,Mariposa,043,17540,2419,2406,206,2612,30
2022-04-17,Mendocino,045,87422,13150,13107,3069,16176,122
2022-04-17,Merced,047,269075,62280,62295,8725,71020,813
2022-04-17,Modoc,049,8938,743,743,253,996,8
2022-04-17,Mono,051,14174,2985,2977,128,3105,6
2022-04-17,Monterey,053,433212,79698,79311,14056,93367,727
2022-04-17,Napa,055,140530,26101,25929,1012,26941,143
2022-04-17,Nevada,057,99092,16044,16014,1225,17239,123
2022-04-17,Orange,059,3164182,549489,548311,42050,590361,6945
2022-04-17,Placer,061,380077,63082,62882,7447,70329,618
2022-04-17,Plumas,063,18699,2984,2929,371,3300,13
2022-04-17,Riverside,065,2383286,593090,591772,28319,620091,6443
2022-04-17,Sacramento,067,1510023,282099,278523,27341,305864,2978
2022-04-17,San Benito,069,59416,12930,12926,521,13447,98
2022-04-17,San Bernardino,071,2135413,570518,564397,25246,589643,6948
2022-04-17,San Diego,073,3302833,755529,756165,53050,809215,5229
2022-04-17,San Francisco,075,870044,127852,126976,8553,135529,854
2022-04-17,San Joaquin,077,732212,166885,166645,10113,176758,2220
2022-04-17,San Luis Obispo,079,281455,52725,52698,3844,56542,476
2022-04-17,San Mateo,081,765935,124081,122652,7253,129905,699
2022-04-17,Santa Barbara,083,443738,86425,86030,4824,90854,684
2022-04-17,Santa Clara,085,1922200,315767,315296,12718,328014,2268
2022-04-17,Santa Cruz,087,273765,48588,47895,2184,50079,261
2022-04-17,Shasta,089,179085,30614,30578,6155,36733,554
2022-04-17,Sierra,091,2930,274,276,48,324,4
2022-04-17,Siskiyou,093,43540,4452,4444,2763,7207,80
2022-04-17,Solano,095,438530,81953,81781,5667,87448,447
2022-04-17,Sonoma,097,501317,84595,84172,2764,86936,485
2022-04-17,Stanislaus,099,539301,117723,117567,17786,135353,1619
2022-04-17,Sutter,101,95872,20529,20621,2142,22763,224
2022-04-17,Tehama,103,63373,12051,12061,2623,14684,199
2022-04-17,Trinity,105,12862,1183,1178,295,1473,20
2022-04-17,Tulare,107,460477,106573,105757,28594,134351,1428
2022-04-17,Tuolumne,109,53932,12675,12640,578,13218,180
2022-04-17,Ventura,111,848112,174054,173665,9567,183232,1474
2022-04-17,Yolo,113,214977,37430,36752,3263,40015,311
2022-04-17,Yuba,115,75493,15881,15857,1222,17079,121
2022-04-16,Alameda,001,1643700,259752,257897,14332,272229,1829
2022-04-16,Alpine,003,1148,124,124,1,125,0
2022-04-16,Amador,005,37829,8547,8491,660,9151,86
2022-04-16,Butte,007,227075,33171,33053,6798,39851,405
2022-04-16,Calaveras,009,45235,7292,7275,357,7632,119
2022-04-16,Colusa,011,21464,3450,3450,1074,4524,21
2022-04-16,Contra Costa,013,1133247,190531,189742,13480,203222,1298
2022-04-16,Del Norte,015,27424,5864,5809,197,6006,50
2022-04-16,El Dorado,017,186661,26861,26796,3262,30058,209
2022-04-16,Fresno,019,978130,231779,231455,24109,255564,2739
2022-04-16,Glenn,021,27897,4986,4991,1611,6602,48
2022-04-16,Humboldt,023,135768,17002,16929,2994,19923,143
2022-04-16,Imperial,025,180216,55458,55371,10821,66192,910
2022-04-16,Inyo,027,18085,4080,4075,506,4581,56
2022-04-16,Kern,029,883053,192119,191866,46374,238240,2258
2022-04-16,Kings,031,150075,51572,51544,3632,55176,445
2022-04-16,Lake,033,64148,10733,10702,903,11605,134
2022-04-16,Lassen,035,31185,8966,8950,890,9840,65
2022-04-16,Los Angeles,037,10098052,2726263,2717479,125263,2842742,31598
2022-04-16,Madera,039,155013,37341,37362,6128,43490,354
2022-04-16,Marin,041,260295,34075,33829,2579,36408,288
2022-04-16,Mariposa,043,17540,2418,2406,206,2612,30
2022-04-16,Mendocino,045,87422,13144,13107,3069,16176,122
2022-04-16,Merced,047,269075,62277,62295,8725,71020,813
2022-04-16,Modoc,049,8938,743,743,253,996,8
2022-04-16,Mono,051,14174,2985,2977,128,3105,6
2022-04-16,Monterey,053,433212,79682,79311,14047,93358,727
2022-04-16,Napa,055,140530,26078,25929,1009,26938,143
2022-04-16,Nevada,057,99092,16041,16014,1224,17238,123
2022-04-16,Orange,059,3164182,549374,548311,42021,590332,6945
2022-04-16,Placer,061,380077,63066,62882,7445,70327,618
2022-04-16,Plumas,063,18699,2982,2929,371,3300,13
2022-04-16,Riverside,065,2383286,593010,591772,28313,620085,6443
2022-04-16,Sacramento,067,1510023,282048,278523,27333,305856,2978
2022-04-16,San Benito,069,59416,12929,12926,521,13447,98
2022-04-16,San Bernardino,071,2135413,570419,564397,25242,589639,6948
2022-04-16,San Diego,073,3302833,755382,756165,53038,809203,5229
2022-04-16,San Francisco,075,870044,127696,126976,8544,135520,854
2022-04-16,San Joaquin,077,732212,166845,166645,10109,176754,2220
2022-04-16,San Luis Obispo,079,281455,52719,52698,3843,56541,476
2022-04-16,San Mateo,081,765935,123985,122652,7246,129898,699
2022-04-16,Santa Barbara,083,443738,86395,86030,4824,90854,684
2022-04-16,Santa Clara,085,1922200,315526,315296,12709,328005,2268
2022-04-16,Santa Cruz,087,273765,48561,47895,2184,50079,261
2022-04-16,Shasta,089,179085,30610,30578,6155,36733,554
2022-04-16,Sierra,091,2930,274,276,48,324,4
2022-04-16,Siskiyou,093,43540,4452,4444,2763,7207,80
2022-04-16,Solano,095,438530,81938,81781,5664,87445,447
2022-04-16,Sonoma,097,501317,84545,84172,2754,86926,485
2022-04-16,Stanislaus,099,539301,117703,117567,17781,135348,1619
2022-04-16,Sutter,101,95872,20525,20621,2142,22763,224
2022-04-16,Tehama,103,63373,12050,12061,2623,14684,199
2022-04-16,Trinity,105,12862,1183,1178,295,1473,20
2022-04-16,Tulare,107,460477,106562,105757,28591,134348,1428
2022-04-16,Tuolumne,109,53932,12674,12640,578,13218,180
2022-04-16,Ventura,111,848112,174025,173665,9563,183228,1474
2022-04-16,Yolo,113,214977,37421,36752,3262,40014,311
2022-04-16,Yuba,115,75493,15877,15857,1222,17079,121
2022-04-15,Alameda,001,1643700,259568,257897,14324,272221,1829
2022-04-15,Alpine,003,1148,124,124,1,125,0
2022-04-15,Amador,005,37829,8546,8491,658,9149,86
2022-04-15,Butte,007,227075,33169,33053,6795,39848,405
2022-04-15,Calaveras,009,45235,7290,7275,357,7632,119
2022-04-15,Colusa,011,21464,3450,3450,1074,4524,21
2022-04-15,Contra Costa,013,1133247,190414,189742,13473,203215,1298
2022-04-15,Del Norte,015,27424,5863,5809,197,6006,50
2022-04-15,El Dorado,017,186661,26847,26796,3261,30057,209
2022-04-15,Fresno,019,978130,231750,231455,24109,255564,2739
2022-04-15,Glenn,021,27897,4986,4991,1611,6602,48
2022-04-15,Humboldt,023,135768,16990,16929,2993,19922,143
2022-04-15,Imperial,025,180216,55456,55371,10821,66192,910
2022-04-15,Inyo,027,18085,4080,4075,505,4580,56
2022-04-15,Kern,029,883053,192104,191866,46363,238229,2258
2022-04-15,Kings,031,150075,51568,51544,3632,55176,445
2022-04-15,Lake,033,64148,10728,10702,903,11605,134
2022-04-15,Lassen,035,31185,8966,8950,890,9840,65
2022-04-15,Los Angeles,037,10098052,2725489,2717479,125196,2842675,31598
2022-04-15,Madera,039,155013,37339,37362,6128,43490,354
2022-04-15,Marin,041,260295,34041,33829,2558,36387,288
2022-04-15,Mariposa,043,17540,2417,2406,206,2612,30
2022-04-15,Mendocino,045,87422,13138,13107,3067,16174,122
2022-04-15,Merced,047,269075,62273,62295,8725,71020,813
2022-04-15,Modoc,049,8938,743,743,253,996,8
2022-04-15,Mono,051,14174,2980,2977,127,3104,6
2022-04-15,Monterey,053,433212,79655,79311,14041,93352,727
2022-04-15,Napa,055,140530,26061,25929,1007,26936,143
2022-04-15,Nevada,057,99092,16039,16014,1223,17237,123
2022-04-15,Orange,059,3164182,549253,548311,41991,590302,6945
2022-04-15,Placer,061,380077,63051,62882,7444,70326,618
2022-04-15,Plumas,063,18699,2982,2929,371,3300,13
2022-04-15,Riverside,065,2383286,592909,591772,28307,620079,6443
2022-04-15,Sacramento,067,1510023,281969,278523,27329,305852,2978
2022-04-15,San Benito,069,59416,12927,12926,520,13446,98
2022-04-15,San Bernardino,071,2135413,570336,564397,25238,589635,6948
2022-04-15,San Diego,073,3302833,755191,756165,53019,809184,5229
2022-04-15,San Francisco,075,870044,127545,126976,8530,135506,854
2022-04-15,San Joaquin,077,732212,166822,166645,10106,176751,2220
2022-04-15,San Luis Obispo,079,281455,52711,52698,3843,56541,476
2022-04-15,San Mateo,081,765935,123854,122652,7235,129887,699
2022-04-15,Santa Barbara,083,443738,86362,86030,4823,90853,684
2022-04-15,Santa Clara,085,1922200,315234,315296,12701,327997,2268
2022-04-15,Santa Cruz,087,273765,48533,47895,2183,50078,261
2022-04-15,Shasta,089,179085,30601,30578,6155,36733,554
2022-04-15,Sierra,091,2930,274,276,48,324,4
2022-04-15,Siskiyou,093,43540,4450,4444,2763,7207,80
2022-04-15,Solano,095,438530,81913,81781,5664,87445,447
2022-04-15,Sonoma,097,501317,84493,84172,2738,86910,485
2022-04-15,Stanislaus,099,539301,117683,117567,17779,135346,1619
2022-04-15,Sutter,101,95872,20522,20621,2142,22763,224
2022-04-15,Tehama,103,63373,12050,12061,2623,14684,199
2022-04-15,Trinity,105,12862,1183,1178,295,1473,20
2022-04-15,Tulare,107,460477,106556,105757,28585,134342,1428
2022-04-15,Tuolumne,109,53932,12671,12640,575,13215,180
2022-04-15,Ventura,111,848112,173996,173665,9556,183221,1474
2022-04-15,Yolo,113,214977,37404,36752,3262,40014,311
2022-04-15,Yuba,115,75493,15874,15857,1222,17079,121
2022-04-14,Alameda,001,1643700,259300,257897,14313,272210,1829
2022-04-14,Alpine,003,1148,124,124,1,125,0
2022-04-14,Amador,005,37829,8546,8491,658,9149,86
2022-04-14,Butte,007,227075,33164,33053,6789,39842,405
2022-04-14,Calaveras,009,45235,7289,7275,357,7632,119
2022-04-14,Colusa,011,21464,3450,3450,1074,4524,21
2022-04-14,Contra Costa,013,1133247,190260,189742,13460,203202,1298
2022-04-14,Del Norte,015,27424,5861,5809,197,6006,50
2022-04-14,El Dorado,017,186661,26844,26796,3259,30055,209
2022-04-14,Fresno,019,978130,231724,231455,24108,255563,2739
2022-04-14,Glenn,021,27897,4985,4991,1609,6600,48
2022-04-14,Humboldt,023,135768,16975,16929,2991,19920,143
2022-04-14,Imperial,025,180216,55446,55371,10821,66192,910
2022-04-14,Inyo,027,18085,4080,4075,504,4579,56
2022-04-14,Kern,029,883053,192085,191866,46355,238221,2258
2022-04-14,Kings,031,150075,51560,51544,3632,55176,445
2022-04-14,Lake,033,64148,10727,10702,903,11605,134
2022-04-14,Lassen,035,31185,8966,8950,889,9839,65
2022-04-14,Los Angeles,037,10098052,2724402,2717479,125105,2842584,31598
2022-04-14,Madera,039,155013,37337,37362,6128,43490,354
2022-04-14,Marin,041,260295,34008,33829,2530,36359,288
2022-04-14,Mariposa,043,17540,2416,2406,206,2612,30
2022-04-14,Mendocino,045,87422,13133,13107,3067,16174,122
2022-04-14,Merced,047,269075,62268,62295,8724,71019,813
2022-04-14,Modoc,049,8938,742,743,253,996,8
2022-04-14,Mono,051,14174,2980,2977,126,3103,6
2022-04-14,Monterey,053,433212,79630,79311,14035,93346,727
2022-04-14,Napa,055,140530,26039,25929,1006,26935,143
2022-04-14,Nevada,057,99092,16032,16014,1222,17236,123
2022-04-14,Orange,059,3164182,549064,548311,41963,590274,6945
2022-04-14,Placer,061,380077,63033,62882,7439,70321,618
2022-04-14,Plumas,063,18699,2982,2929,371,3300,13
2022-04-14,Riverside,065,2383286,592790,591772,28296,620068,6443
2022-04-14,Sacramento,067,1510023,281849,278523,27314,305837,2978
2022-04-14,San Benito,069,59416,12921,12926,520,13446,98
2022-04-14,San Bernardino,071,2135413,570165,564397,25232,589629,6948
2022-04-14,San Diego,073,3302833,754913,756165,52981,809146,5229
2022-04-14,San Francisco,075,870044,127343,126976,8519,135495,854
2022-04-14,San Joaquin,077,732212,166791,166645,10103,176748,2220
2022-04-14,San Luis Obispo,079,281455,52695,52698,3839,56537,476
2022-04-14,San Mateo,081,765935,123699,122652,7216,129868,699
2022-04-14,Santa Barbara,083,443738,86317,86030,4821,90851,684
2022-04-14,Santa Clara,085,1922200,314932,315296,12692,327988,2268
2022-04-14,Santa Cruz,087,273765,48503,47895,2182,50077,261
2022-04-14,Shasta,089,179085,30599,30578,6154,36732,554
2022-04-14,Sierra,091,2930,274,276,48,324,4
2022-04-14,Siskiyou,093,43540,4450,4444,2762,7206,80
2022-04-14,Solano,095,438530,81874,81781,5657,87438,447
2022-04-14,Sonoma,097,501317,84401,84172,2733,86905,485
2022-04-14,Stanislaus,099,539301,117663,117567,17776,135343,1619
2022-04-14,Sutter,101,95872,20520,20621,2133,22754,224
2022-04-14,Tehama,103,63373,12049,12061,2622,14683,199
2022-04-14,Trinity,105,12862,1183,1178,295,1473,20
2022-04-14,Tulare,107,460477,106542,105757,28581,134338,1428
2022-04-14,Tuolumne,109,53932,12667,12640,574,13214,180
2022-04-14,Ventura,111,848112,173947,173665,9549,183214,1474
2022-04-14,Yolo,113,214977,37378,36752,3258,40010,311
2022-04-14,Yuba,115,75493,15871,15857,1222,17079,121
2022-04-13,Alameda,001,1643700,259049,257440,14293,271733,1833
2022-04-13,Alpine,003,1148,124,124,1,125,0
2022-04-13,Amador,005,37829,8544,8490,658,9148,86
2022-04-13,Butte,007,227075,33156,33044,6789,39833,402
2022-04-13,Calaveras,009,45235,7288,7270,357,7627,119
2022-04-13,Colusa,011,21464,3450,3451,1074,4525,21
2022-04-13,Contra Costa,013,1133247,190127,189471,13444,202915,1298
2022-04-13,Del Norte,015,27424,5859,5812,197,6009,50
2022-04-13,El Dorado,017,186661,26840,26794,3259,30053,208
2022-04-13,Fresno,019,978130,231692,231325,24095,255420,2738
2022-04-13,Glenn,021,27897,4984,4989,1609,6598,48
2022-04-13,Humboldt,023,135768,16961,16922,2990,19912,143
2022-04-13,Imperial,025,180216,55433,55353,10817,66170,910
2022-04-13,Inyo,027,18085,4080,4074,501,4575,56
2022-04-13,Kern,029,883053,192060,191859,46349,238208,2249
2022-04-13,Kings,031,150075,51554,51535,3632,55167,443
2022-04-13,Lake,033,64148,10725,10695,903,11598,134
2022-04-13,Lassen,035,31185,8965,8949,889,9838,65
2022-04-13,Los Angeles,037,10098052,2723143,2715722,125028,2840750,31578
2022-04-13,Madera,039,155013,37334,37361,6127,43488,354
2022-04-13,Marin,041,260295,33969,33747,2500,36247,288
2022-04-13,Mariposa,043,17540,2410,2402,206,2608,29
2022-04-13,Mendocino,045,87422,13124,13101,3065,16166,120
2022-04-13,Merced,047,269075,62258,62276,8723,70999,811
2022-04-13,Modoc,049,8938,742,743,253,996,8
2022-04-13,Mono,051,14174,2978,2971,126,3097,6
2022-04-13,Monterey,053,433212,79616,79179,14026,93205,727
2022-04-13,Napa,055,140530,26022,25892,1003,26895,143
2022-04-13,Nevada,057,99092,16026,16002,1222,17224,123
2022-04-13,Orange,059,3164182,548862,547783,41936,589719,6935
2022-04-13,Placer,061,380077,63006,62851,7435,70286,615
2022-04-13,Plumas,063,18699,2981,2923,371,3294,13
2022-04-13,Riverside,065,2383286,592651,591659,28288,619947,6437
2022-04-13,Sacramento,067,1510023,281763,277866,27311,305177,2974
2022-04-13,San Benito,069,59416,12915,12927,520,13447,98
2022-04-13,San Bernardino,071,2135413,570020,563709,25224,588933,6905
2022-04-13,San Diego,073,3302833,754627,755584,52949,808533,5223
2022-04-13,San Francisco,075,870044,127175,126608,8499,135107,850
2022-04-13,San Joaquin,077,732212,166756,166654,10101,176755,2219
2022-04-13,San Luis Obispo,079,281455,52671,52660,3839,56499,476
2022-04-13,San Mateo,081,765935,123548,122167,7190,129357,699
2022-04-13,Santa Barbara,083,443738,86279,85938,4816,90754,684
2022-04-13,Santa Clara,085,1922200,314663,314863,12674,327537,2267
2022-04-13,Santa Cruz,087,273765,48449,47765,2180,49945,260
2022-04-13,Shasta,089,179085,30597,30569,6154,36723,551
2022-04-13,Sierra,091,2930,274,276,48,324,4
2022-04-13,Siskiyou,093,43540,4449,4444,2761,7205,80
2022-04-13,Solano,095,438530,81836,81843,5654,87497,448
2022-04-13,Sonoma,097,501317,84332,84033,2718,86751,485
2022-04-13,Stanislaus,099,539301,117645,117573,17771,135344,1577
2022-04-13,Sutter,101,95872,20516,20610,2133,22743,223
2022-04-13,Tehama,103,63373,12048,12062,2621,14683,200
2022-04-13,Trinity,105,12862,1183,1177,295,1472,20
2022-04-13,Tulare,107,460477,106534,105519,28576,134095,1426
2022-04-13,Tuolumne,109,53932,12661,12639,574,13213,180
2022-04-13,Ventura,111,848112,173889,173558,9542,183100,1474
2022-04-13,Yolo,113,214977,37341,36684,3256,39940,311
2022-04-13,Yuba,115,75493,15867,15851,1222,17073,121
2022-04-12,Alameda,001,1643700,258807,257440,14283,271723,1833
2022-04-12,Alpine,003,1148,124,124,1,125,0
2022-04-12,Amador,005,37829,8543,8490,658,9148,86
2022-04-12,Butte,007,227075,33144,33044,6782,39826,402
2022-04-12,Calaveras,009,45235,7284,7270,356,7626,119
2022-04-12,Colusa,011,21464,3450,3451,1074,4525,21
2022-04-12,Contra Costa,013,1133247,189970,189471,13430,202901,1298
2022-04-12,Del Norte,015,27424,5856,5812,197,6009,50
2022-04-12,El Dorado,017,186661,26828,26794,3259,30053,208
2022-04-12,Fresno,019,978130,231662,231325,24088,255413,2738
2022-04-12,Glenn,021,27897,4984,4989,1609,6598,48
2022-04-12,Humboldt,023,135768,16953,16922,2988,19910,143
2022-04-12,Imperial,025,180216,55429,55353,10808,66161,910
2022-04-12,Inyo,027,18085,4080,4074,500,4574,56
2022-04-12,Kern,029,883053,192040,191859,46340,238199,2249
2022-04-12,Kings,031,150075,51546,51535,3630,55165,443
2022-04-12,Lake,033,64148,10721,10695,902,11597,134
2022-04-12,Lassen,035,31185,8965,8949,889,9838,65
2022-04-12,Los Angeles,037,10098052,2721897,2715722,124927,2840649,31578
2022-04-12,Madera,039,155013,37333,37361,6127,43488,354
2022-04-12,Marin,041,260295,33924,33747,2473,36220,288
2022-04-12,Mariposa,043,17540,2410,2402,206,2608,29
2022-04-12,Mendocino,045,87422,13116,13101,3059,16160,120
2022-04-12,Merced,047,269075,62244,62276,8720,70996,811
2022-04-12,Modoc,049,8938,742,743,252,995,8
2022-04-12,Mono,051,14174,2978,2971,126,3097,6
2022-04-12,Monterey,053,433212,79592,79179,14019,93198,727
2022-04-12,Napa,055,140530,25999,25892,993,26885,143
2022-04-12,Nevada,057,99092,16023,16002,1221,17223,123
2022-04-12,Orange,059,3164182,548609,547783,41903,589686,6935
2022-04-12,Placer,061,380077,62983,62851,7430,70281,615
2022-04-12,Plumas,063,18699,2980,2923,371,3294,13
2022-04-12,Riverside,065,2383286,592504,591659,28266,619925,6437
2022-04-12,Sacramento,067,1510023,281647,277866,27309,305175,2974
2022-04-12,San Benito,069,59416,12911,12927,519,13446,98
2022-04-12,San Bernardino,071,2135413,569846,563709,25218,588927,6905
2022-04-12,San Diego,073,3302833,754294,755584,52907,808491,5223
2022-04-12,San Francisco,075,870044,126964,126608,8482,135090,850
2022-04-12,San Joaquin,077,732212,166726,166654,10099,176753,2219
2022-04-12,San Luis Obispo,079,281455,52637,52660,3833,56493,476
2022-04-12,San Mateo,081,765935,123391,122167,7165,129332,699
2022-04-12,Santa Barbara,083,443738,86233,85938,4812,90750,684
2022-04-12,Santa Clara,085,1922200,314371,314863,12663,327526,2267
2022-04-12,Santa Cruz,087,273765,48370,47765,2177,49942,260
2022-04-12,Shasta,089,179085,30597,30569,6153,36722,551
2022-04-12,Sierra,091,2930,274,276,48,324,4
2022-04-12,Siskiyou,093,43540,4449,4444,2759,7203,80
2022-04-12,Solano,095,438530,81796,81843,5652,87495,448
2022-04-12,Sonoma,097,501317,84274,84033,2712,86745,485
2022-04-12,Stanislaus,099,539301,117625,117573,17765,135338,1577
2022-04-12,Sutter,101,95872,20513,20610,2133,22743,223
2022-04-12,Tehama,103,63373,12046,12062,2621,14683,200
2022-04-12,Trinity,105,12862,1183,1177,295,1472,20
2022-04-12,Tulare,107,460477,106519,105519,28571,134090,1426
2022-04-12,Tuolumne,109,53932,12659,12639,572,13211,180
2022-04-12,Ventura,111,848112,173840,173558,9536,183094,1474
2022-04-12,Yolo,113,214977,37302,36684,3249,39933,311
2022-04-12,Yuba,115,75493,15862,15851,1222,17073,121
2022-04-11,Alameda,001,1643700,258515,256649,14266,270915,1826
2022-04-11,Alpine,003,1148,124,124,1,125,0
2022-04-11,Amador,005,37829,8542,8489,658,9147,86
2022-04-11,Butte,007,227075,33131,33031,6778,39809,399
2022-04-11,Calaveras,009,45235,7281,7260,356,7616,119
2022-04-11,Colusa,011,21464,3448,3449,1074,4523,21
2022-04-11,Contra Costa,013,1133247,189803,189154,13413,202567,1296
2022-04-11,Del Norte,015,27424,5855,5811,197,6008,50
2022-04-11,El Dorado,017,186661,26815,26757,3258,30015,207
2022-04-11,Fresno,019,978130,231641,231090,24087,255177,2731
2022-04-11,Glenn,021,27897,4983,4988,1608,6596,47
2022-04-11,Humboldt,023,135768,16938,16913,2986,19899,141
2022-04-11,Imperial,025,180216,55424,55267,10806,66073,910
2022-04-11,Inyo,027,18085,4079,4071,500,4571,56
2022-04-11,Kern,029,883053,192015,191542,46335,237877,2244
2022-04-11,Kings,031,150075,51542,51519,3630,55149,443
2022-04-11,Lake,033,64148,10720,10690,901,11591,134
2022-04-11,Lassen,035,31185,8965,8948,889,9837,65
2022-04-11,Los Angeles,037,10098052,2720638,2709735,124856,2834591,31509
2022-04-11,Madera,039,155013,37326,37356,6127,43483,354
2022-04-11,Marin,041,260295,33868,33648,2454,36102,288
2022-04-11,Mariposa,043,17540,2409,2394,206,2600,29
2022-04-11,Mendocino,045,87422,13112,13087,3057,16144,120
2022-04-11,Merced,047,269075,62235,62231,8718,70949,811
2022-04-11,Modoc,049,8938,742,743,252,995,8
2022-04-11,Mono,051,14174,2977,2967,125,3092,6
2022-04-11,Monterey,053,433212,79572,79103,14008,93111,727
2022-04-11,Napa,055,140530,25982,25824,991,26815,144
2022-04-11,Nevada,057,99092,16019,15976,1221,17197,123
2022-04-11,Orange,059,3164182,548401,546983,41867,588850,6912
2022-04-11,Placer,061,380077,62961,62831,7428,70259,616
2022-04-11,Plumas,063,18699,2978,2887,371,3258,13
2022-04-11,Riverside,065,2383286,592377,591268,28247,619515,6429
2022-04-11,Sacramento,067,1510023,281547,277125,27306,304431,2972
2022-04-11,San Benito,069,59416,12909,12917,519,13436,98
2022-04-11,San Bernardino,071,2135413,569695,562571,25209,587780,6892
2022-04-11,San Diego,073,3302833,753967,754281,52868,807149,5210
2022-04-11,San Francisco,075,870044,126732,125963,8469,134432,844
2022-04-11,San Joaquin,077,732212,166688,166547,10093,176640,2212
2022-04-11,San Luis Obispo,079,281455,52614,52609,3832,56441,476
2022-04-11,San Mateo,081,765935,123205,121514,7151,128665,698
2022-04-11,Santa Barbara,083,443738,86185,85754,4807,90561,680
2022-04-11,Santa Clara,085,1922200,314027,313965,12648,326613,2266
2022-04-11,Santa Cruz,087,273765,48276,47624,2168,49792,259
2022-04-11,Shasta,089,179085,30592,30586,6152,36738,549
2022-04-11,Sierra,091,2930,274,272,48,320,4
2022-04-11,Siskiyou,093,43540,4449,4444,2757,7201,80
2022-04-11,Solano,095,438530,81768,81886,5651,87537,448
2022-04-11,Sonoma,097,501317,84206,83600,2701,86301,485
2022-04-11,Stanislaus,099,539301,117591,117528,17757,135285,1578
2022-04-11,Sutter,101,95872,20510,20591,2133,22724,223
2022-04-11,Tehama,103,63373,12045,12059,2620,14679,201
2022-04-11,Trinity,105,12862,1183,1177,295,1472,20
2022-04-11,Tulare,107,460477,106508,105278,28563,133841,1415
2022-04-11,Tuolumne,109,53932,12656,12632,572,13204,180
2022-04-11,Ventura,111,848112,173782,173343,9534,182877,1467
2022-04-11,Yolo,113,214977,37251,36587,3247,39834,312
2022-04-11,Yuba,115,75493,15859,15848,1221,17069,121
2022-04-10,Alameda,001,1643700,258181,256649,14253,270902,1826
2022-04-10,Alpine,003,1148,124,124,1,125,0
2022-04-10,Amador,005,37829,8540,8489,658,9147,86
2022-04-10,Butte,007,227075,33127,33031,6773,39804,399
2022-04-10,Calaveras,009,45235,7278,7260,356,7616,119
2022-04-10,Colusa,011,21464,3447,3449,1074,4523,21
2022-04-10,Contra Costa,013,1133247,189643,189154,13392,202546,1296
2022-04-10,Del Norte,015,27424,5852,5811,197,6008,50
2022-04-10,El Dorado,017,186661,26808,26757,3256,30013,207
2022-04-10,Fresno,019,978130,231603,231090,24085,255175,2731
2022-04-10,Glenn,021,27897,4983,4988,1608,6596,47
2022-04-10,Humboldt,023,135768,16928,16913,2984,19897,141
2022-04-10,Imperial,025,180216,55420,55267,10802,66069,910
2022-04-10,Inyo,027,18085,4079,4071,498,4569,56
2022-04-10,Kern,029,883053,191996,191542,46330,237872,2244
2022-04-10,Kings,031,150075,51540,51519,3630,55149,443
2022-04-10,Lake,033,64148,10716,10690,899,11589,134
2022-04-10,Lassen,035,31185,8964,8948,889,9837,65
2022-04-10,Los Angeles,037,10098052,2719308,2709735,124764,2834499,31509
2022-04-10,Madera,039,155013,37321,37356,6126,43482,354
2022-04-10,Marin,041,260295,33828,33648,2425,36073,288
2022-04-10,Mariposa,043,17540,2407,2394,206,2600,29
2022-04-10,Mendocino,045,87422,13104,13087,3056,16143,120
2022-04-10,Merced,047,269075,62223,62231,8716,70947,811
2022-04-10,Modoc,049,8938,742,743,252,995,8
2022-04-10,Mono,051,14174,2974,2967,125,3092,6
2022-04-10,Monterey,053,433212,79556,79103,13998,93101,727
2022-04-10,Napa,055,140530,25960,25824,989,26813,144
2022-04-10,Nevada,057,99092,16002,15976,1221,17197,123
2022-04-10,Orange,059,3164182,548151,546983,41826,588809,6912
2022-04-10,Placer,061,380077,62927,62831,7427,70258,616
2022-04-10,Plumas,063,18699,2975,2887,371,3258,13
2022-04-10,Riverside,065,2383286,592226,591268,28234,619502,6429
2022-04-10,Sacramento,067,1510023,281450,277125,27295,304420,2972
2022-04-10,San Benito,069,59416,12906,12917,519,13436,98
2022-04-10,San Bernardino,071,2135413,569461,562571,25198,587769,6892
2022-04-10,San Diego,073,3302833,753641,754281,52823,807104,5210
2022-04-10,San Francisco,075,870044,126493,125963,8453,134416,844
2022-04-10,San Joaquin,077,732212,166640,166547,10086,176633,2212
2022-04-10,San Luis Obispo,079,281455,52580,52609,3829,56438,476
2022-04-10,San Mateo,081,765935,123039,121514,7133,128647,698
2022-04-10,Santa Barbara,083,443738,86101,85754,4797,90551,680
2022-04-10,Santa Clara,085,1922200,313698,313965,12634,326599,2266
2022-04-10,Santa Cruz,087,273765,48186,47624,2165,49789,259
2022-04-10,Shasta,089,179085,30585,30586,6152,36738,549
2022-04-10,Sierra,091,2930,274,272,48,320,4
2022-04-10,Siskiyou,093,43540,4449,4444,2755,7199,80
2022-04-10,Solano,095,438530,81721,81886,5646,87532,448
2022-04-10,Sonoma,097,501317,84105,83600,2696,86296,485
2022-04-10,Stanislaus,099,539301,117568,117528,17750,135278,1578
2022-04-10,Sutter,101,95872,20506,20591,2129,22720,223
2022-04-10,Tehama,103,63373,12043,12059,2620,14679,201
2022-04-10,Trinity,105,12862,1183,1177,295,1472,20
2022-04-10,Tulare,107,460477,106493,105278,28556,133834,1415
2022-04-10,Tuolumne,109,53932,12649,12632,572,13204,180
2022-04-10,Ventura,111,848112,173703,173343,9528,182871,1467
2022-04-10,Yolo,113,214977,37205,36587,3241,39828,312
2022-04-10,Yuba,115,75493,15858,15848,1221,17069,121
2022-04-09,Alameda,001,1643700,258007,256649,14248,270897,1826
2022-04-09,Alpine,003,1148,124,124,1,125,0
2022-04-09,Amador,005,37829,8540,8489,657,9146,86
2022-04-09,Butte,007,227075,33124,33031,6773,39804,399
2022-04-09,Calaveras,009,45235,7277,7260,356,7616,119
2022-04-09,Colusa,011,21464,3446,3449,1074,4523,21
2022-04-09,Contra Costa,013,1133247,189546,189154,13383,202537,1296
2022-04-09,Del Norte,015,27424,5851,5811,197,6008,50
2022-04-09,El Dorado,017,186661,26801,26757,3256,30013,207
2022-04-09,Fresno,019,978130,231582,231090,24085,255175,2731
2022-04-09,Glenn,021,27897,4983,4988,1608,6596,47
2022-04-09,Humboldt,023,135768,16921,16913,2984,19897,141
2022-04-09,Imperial,025,180216,55415,55267,10802,66069,910
2022-04-09,Inyo,027,18085,4079,4071,498,4569,56
2022-04-09,Kern,029,883053,191987,191542,46325,237867,2244
2022-04-09,Kings,031,150075,51534,51519,3630,55149,443
2022-04-09,Lake,033,64148,10714,10690,899,11589,134
2022-04-09,Lassen,035,31185,8964,8948,889,9837,65
2022-04-09,Los Angeles,037,10098052,2718633,2709735,124691,2834426,31509
2022-04-09,Madera,039,155013,37318,37356,6126,43482,354
2022-04-09,Marin,041,260295,33795,33648,2382,36030,288
2022-04-09,Mariposa,043,17540,2407,2394,206,2600,29
2022-04-09,Mendocino,045,87422,13102,13087,3056,16143,120
2022-04-09,Merced,047,269075,62208,62231,8714,70945,811
2022-04-09,Modoc,049,8938,742,743,252,995,8
2022-04-09,Mono,051,14174,2973,2967,124,3091,6
2022-04-09,Monterey,053,433212,79547,79103,13994,93097,727
2022-04-09,Napa,055,140530,25936,25824,989,26813,144
2022-04-09,Nevada,057,99092,15999,15976,1221,17197,123
2022-04-09,Orange,059,3164182,548027,546983,41805,588788,6912
2022-04-09,Placer,061,380077,62911,62831,7425,70256,616
2022-04-09,Plumas,063,18699,2975,2887,371,3258,13
2022-04-09,Riverside,065,2383286,592135,591268,28224,619492,6429
2022-04-09,Sacramento,067,1510023,281403,277125,27293,304418,2972
2022-04-09,San Benito,069,59416,12905,12917,518,13435,98
2022-04-09,San Bernardino,071,2135413,569395,562571,25193,587764,6892
2022-04-09,San Diego,073,3302833,753493,754281,52809,807090,5210
2022-04-09,San Francisco,075,870044,126369,125963,8447,134410,844
2022-04-09,San Joaquin,077,732212,166624,166547,10083,176630,2212
2022-04-09,San Luis Obispo,079,281455,52580,52609,3826,56435,476
2022-04-09,San Mateo,081,765935,122949,121514,7126,128640,698
2022-04-09,Santa Barbara,083,443738,86068,85754,4797,90551,680
2022-04-09,Santa Clara,085,1922200,313502,313965,12631,326596,2266
2022-04-09,Santa Cruz,087,273765,48153,47624,2163,49787,259
2022-04-09,Shasta,089,179085,30583,30586,6152,36738,549
2022-04-09,Sierra,091,2930,274,272,48,320,4
2022-04-09,Siskiyou,093,43540,4448,4444,2754,7198,80
2022-04-09,Solano,095,438530,81703,81886,5645,87531,448
2022-04-09,Sonoma,097,501317,84066,83600,2692,86292,485
2022-04-09,Stanislaus,099,539301,117555,117528,17747,135275,1578
2022-04-09,Sutter,101,95872,20506,20591,2129,22720,223
2022-04-09,Tehama,103,63373,12043,12059,2620,14679,201
2022-04-09,Trinity,105,12862,1183,1177,295,1472,20
2022-04-09,Tulare,107,460477,106490,105278,28554,133832,1415
2022-04-09,Tuolumne,109,53932,12647,12632,572,13204,180
2022-04-09,Ventura,111,848112,173666,173343,9525,182868,1467
2022-04-09,Yolo,113,214977,37186,36587,3241,39828,312
2022-04-09,Yuba,115,75493,15857,15848,1221,17069,121
2022-04-08,Alameda,001,1643700,257851,256649,14242,270891,1826
2022-04-08,Alpine,003,1148,124,124,1,125,0
2022-04-08,Amador,005,37829,8538,8489,656,9145,86
2022-04-08,Butte,007,227075,33118,33031,6770,39801,399
2022-04-08,Calaveras,009,45235,7275,7260,356,7616,119
2022-04-08,Colusa,011,21464,3446,3449,1074,4523,21
2022-04-08,Contra Costa,013,1133247,189468,189154,13370,202524,1296
2022-04-08,Del Norte,015,27424,5849,5811,197,6008,50
2022-04-08,El Dorado,017,186661,26799,26757,3256,30013,207
2022-04-08,Fresno,019,978130,231562,231090,24082,255172,2731
2022-04-08,Glenn,021,27897,4983,4988,1608,6596,47
2022-04-08,Humboldt,023,135768,16917,16913,2982,19895,141
2022-04-08,Imperial,025,180216,55411,55267,10802,66069,910
2022-04-08,Inyo,027,18085,4077,4071,497,4568,56
2022-04-08,Kern,029,883053,191968,191542,46324,237866,2244
2022-04-08,Kings,031,150075,51529,51519,3630,55149,443
2022-04-08,Lake,033,64148,10714,10690,899,11589,134
2022-04-08,Lassen,035,31185,8964,8948,889,9837,65
2022-04-08,Los Angeles,037,10098052,2718003,2709735,124635,2834370,31509
2022-04-08,Madera,039,155013,37316,37356,6124,43480,354
2022-04-08,Marin,041,260295,33775,33648,2366,36014,288
2022-04-08,Mariposa,043,17540,2407,2394,205,2599,29
2022-04-08,Mendocino,045,87422,13100,13087,3056,16143,120
2022-04-08,Merced,047,269075,62201,62231,8712,70943,811
2022-04-08,Modoc,049,8938,742,743,252,995,8
2022-04-08,Mono,051,14174,2971,2967,124,3091,6
2022-04-08,Monterey,053,433212,79537,79103,13993,93096,727
2022-04-08,Napa,055,140530,25924,25824,981,26805,144
2022-04-08,Nevada,057,99092,15996,15976,1220,17196,123
2022-04-08,Orange,059,3164182,547908,546983,41790,588773,6912
2022-04-08,Placer,061,380077,62893,62831,7423,70254,616
2022-04-08,Plumas,063,18699,2972,2887,371,3258,13
2022-04-08,Riverside,065,2383286,592059,591268,28221,619489,6429
2022-04-08,Sacramento,067,1510023,281357,277125,27291,304416,2972
2022-04-08,San Benito,069,59416,12905,12917,518,13435,98
2022-04-08,San Bernardino,071,2135413,569342,562571,25190,587761,6892
2022-04-08,San Diego,073,3302833,753323,754281,52799,807080,5210
2022-04-08,San Francisco,075,870044,126273,125963,8443,134406,844
2022-04-08,San Joaquin,077,732212,166606,166547,10081,176628,2212
2022-04-08,San Luis Obispo,079,281455,52575,52609,3826,56435,476
2022-04-08,San Mateo,081,765935,122843,121514,7121,128635,698
2022-04-08,Santa Barbara,083,443738,86047,85754,4797,90551,680
2022-04-08,Santa Clara,085,1922200,313316,313965,12623,326588,2266
2022-04-08,Santa Cruz,087,273765,48136,47624,2160,49784,259
2022-04-08,Shasta,089,179085,30580,30586,6152,36738,549
2022-04-08,Sierra,091,2930,274,272,48,320,4
2022-04-08,Siskiyou,093,43540,4448,4444,2754,7198,80
2022-04-08,Solano,095,438530,81683,81886,5644,87530,448
2022-04-08,Sonoma,097,501317,84015,83600,2687,86287,485
2022-04-08,Stanislaus,099,539301,117540,117528,17746,135274,1578
2022-04-08,Sutter,101,95872,20506,20591,2129,22720,223
2022-04-08,Tehama,103,63373,12043,12059,2620,14679,201
2022-04-08,Trinity,105,12862,1183,1177,295,1472,20
2022-04-08,Tulare,107,460477,106485,105278,28550,133828,1415
2022-04-08,Tuolumne,109,53932,12646,12632,571,13203,180
2022-04-08,Ventura,111,848112,173637,173343,9523,182866,1467
2022-04-08,Yolo,113,214977,37176,36587,3240,39827,312
2022-04-08,Yuba,115,75493,15856,15848,1221,17069,121
2022-04-07,Alameda,001,1643700,257657,256649,14233,270882,1826
2022-04-07,Alpine,003,1148,124,124,1,125,0
2022-04-07,Amador,005,37829,8537,8489,653,9142,86
2022-04-07,Butte,007,227075,33114,33031,6769,39800,399
2022-04-07,Calaveras,009,45235,7273,7260,356,7616,119
2022-04-07,Colusa,011,21464,3445,3449,1074,4523,21
2022-04-07,Contra Costa,013,1133247,189348,189154,13357,202511,1296
2022-04-07,Del Norte,015,27424,5848,5811,197,6008,50
2022-04-07,El Dorado,017,186661,26787,26757,3254,30011,207
2022-04-07,Fresno,019,978130,231536,231090,24080,255170,2731
2022-04-07,Glenn,021,27897,4981,4988,1607,6595,47
2022-04-07,Humboldt,023,135768,16910,16913,2980,19893,141
2022-04-07,Imperial,025,180216,55409,55267,10799,66066,910
2022-04-07,Inyo,027,18085,4077,4071,497,4568,56
2022-04-07,Kern,029,883053,191944,191542,46321,237863,2244
2022-04-07,Kings,031,150075,51521,51519,3630,55149,443
2022-04-07,Lake,033,64148,10710,10690,899,11589,134
2022-04-07,Lassen,035,31185,8964,8948,889,9837,65
2022-04-07,Los Angeles,037,10098052,2717088,2709735,124558,2834293,31509
2022-04-07,Madera,039,155013,37311,37356,6124,43480,354
2022-04-07,Marin,041,260295,33757,33648,2346,35994,288
2022-04-07,Mariposa,043,17540,2404,2394,204,2598,29
2022-04-07,Mendocino,045,87422,13096,13087,3055,16142,120
2022-04-07,Merced,047,269075,62192,62231,8708,70939,811
2022-04-07,Modoc,049,8938,742,743,252,995,8
2022-04-07,Mono,051,14174,2970,2967,123,3090,6
2022-04-07,Monterey,053,433212,79516,79103,13989,93092,727
2022-04-07,Napa,055,140530,25908,25824,977,26801,144
2022-04-07,Nevada,057,99092,15988,15976,1219,17195,123
2022-04-07,Orange,059,3164182,547749,546983,41760,588743,6912
2022-04-07,Placer,061,380077,62876,62831,7420,70251,616
2022-04-07,Plumas,063,18699,2972,2887,371,3258,13
2022-04-07,Riverside,065,2383286,591957,591268,28207,619475,6429
2022-04-07,Sacramento,067,1510023,281291,277125,27284,304409,2972
2022-04-07,San Benito,069,59416,12904,12917,518,13435,98
2022-04-07,San Bernardino,071,2135413,569179,562571,25177,587748,6892
2022-04-07,San Diego,073,3302833,753056,754281,52767,807048,5210
2022-04-07,San Francisco,075,870044,126117,125963,8428,134391,844
2022-04-07,San Joaquin,077,732212,166566,166547,10078,176625,2212
2022-04-07,San Luis Obispo,079,281455,52557,52609,3824,56433,476
2022-04-07,San Mateo,081,765935,122721,121514,7104,128618,698
2022-04-07,Santa Barbara,083,443738,86003,85754,4794,90548,680
2022-04-07,Santa Clara,085,1922200,313093,313965,12610,326575,2266
2022-04-07,Santa Cruz,087,273765,48117,47624,2156,49780,259
2022-04-07,Shasta,089,179085,30578,30586,6152,36738,549
2022-04-07,Sierra,091,2930,274,272,48,320,4
2022-04-07,Siskiyou,093,43540,4448,4444,2752,7196,80
2022-04-07,Solano,095,438530,81653,81886,5643,87529,448
2022-04-07,Sonoma,097,501317,83972,83600,2681,86281,485
2022-04-07,Stanislaus,099,539301,117518,117528,17742,135270,1578
2022-04-07,Sutter,101,95872,20502,20591,2128,22719,223
2022-04-07,Tehama,103,63373,12041,12059,2620,14679,201
2022-04-07,Trinity,105,12862,1183,1177,295,1472,20
2022-04-07,Tulare,107,460477,106479,105278,28548,133826,1415
2022-04-07,Tuolumne,109,53932,12644,12632,570,13202,180
2022-04-07,Ventura,111,848112,173608,173343,9521,182864,1467
2022-04-07,Yolo,113,214977,37154,36587,3240,39827,312
2022-04-07,Yuba,115,75493,15854,15848,1221,17069,121
2022-04-06,Alameda,001,1643700,257471,256143,14226,270369,1814
2022-04-06,Alpine,003,1148,124,124,1,125,0
2022-04-06,Amador,005,37829,8536,8488,653,9141,86
2022-04-06,Butte,007,227075,33109,32997,6767,39764,396
2022-04-06,Calaveras,009,45235,7271,7258,356,7614,120
2022-04-06,Colusa,011,21464,3445,3447,1074,4521,21
2022-04-06,Contra Costa,013,1133247,189281,188850,13341,202191,1296
2022-04-06,Del Norte,015,27424,5848,5809,197,6006,50
2022-04-06,El Dorado,017,186661,26784,26744,3254,29998,205
2022-04-06,Fresno,019,978130,231501,230942,24075,255017,2725
2022-04-06,Glenn,021,27897,4981,4986,1606,6592,47
2022-04-06,Humboldt,023,135768,16906,16904,2979,19883,140
2022-04-06,Imperial,025,180216,55403,55294,10799,66093,908
2022-04-06,Inyo,027,18085,4076,4068,495,4563,56
2022-04-06,Kern,029,883053,191922,191449,46318,237767,2234
2022-04-06,Kings,031,150075,51520,51491,3629,55120,443
2022-04-06,Lake,033,64148,10706,10679,899,11578,136
2022-04-06,Lassen,035,31185,8964,8945,889,9834,65
2022-04-06,Los Angeles,037,10098052,2716042,2707306,124493,2831799,31465
2022-04-06,Madera,039,155013,37306,37349,6124,43473,354
2022-04-06,Marin,041,260295,33737,33566,2338,35904,288
2022-04-06,Mariposa,043,17540,2403,2392,204,2596,29
2022-04-06,Mendocino,045,87422,13092,13074,3054,16128,119
2022-04-06,Merced,047,269075,62183,62195,8705,70900,810
2022-04-06,Modoc,049,8938,742,741,252,993,8
2022-04-06,Mono,051,14174,2969,2967,123,3090,6
2022-04-06,Monterey,053,433212,79503,79019,13979,92998,727
2022-04-06,Napa,055,140530,25889,25790,973,26763,143
2022-04-06,Nevada,057,99092,15986,15974,1219,17193,123
2022-04-06,Orange,059,3164182,547579,546491,41733,588224,6887
2022-04-06,Placer,061,380077,62870,62787,7419,70206,615
2022-04-06,Plumas,063,18699,2972,2850,371,3221,13
2022-04-06,Riverside,065,2383286,591860,590826,28202,619028,6424
2022-04-06,Sacramento,067,1510023,281212,276567,27280,303847,2953
2022-04-06,San Benito,069,59416,12903,12908,518,13426,98
2022-04-06,San Bernardino,071,2135413,569048,561648,25175,586823,6883
2022-04-06,San Diego,073,3302833,752761,753402,52729,806131,5192
2022-04-06,San Francisco,075,870044,125957,125536,8421,133957,843
2022-04-06,San Joaquin,077,732212,166535,166415,10074,176489,2207
2022-04-06,San Luis Obispo,079,281455,52535,52557,3822,56379,475
2022-04-06,San Mateo,081,765935,122613,121041,7092,128133,693
2022-04-06,Santa Barbara,083,443738,85963,85630,4790,90420,679
2022-04-06,Santa Clara,085,1922200,312894,313278,12587,325865,2265
2022-04-06,Santa Cruz,087,273765,48062,47446,2150,49596,259
2022-04-06,Shasta,089,179085,30577,30565,6152,36717,529
2022-04-06,Sierra,091,2930,274,272,48,320,4
2022-04-06,Siskiyou,093,43540,4448,4442,2752,7194,80
2022-04-06,Solano,095,438530,81619,81789,5638,87427,447
2022-04-06,Sonoma,097,501317,83908,83361,2674,86035,485
2022-04-06,Stanislaus,099,539301,117502,117534,17736,135270,1578
2022-04-06,Sutter,101,95872,20497,20581,2128,22709,222
2022-04-06,Tehama,103,63373,12040,12049,2620,14669,198
2022-04-06,Trinity,105,12862,1183,1173,295,1468,20
2022-04-06,Tulare,107,460477,106473,104826,28543,133369,1414
2022-04-06,Tuolumne,109,53932,12642,12621,570,13191,180
2022-04-06,Ventura,111,848112,173554,173179,9516,182695,1460
2022-04-06,Yolo,113,214977,37126,36393,3239,39632,314
2022-04-06,Yuba,115,75493,15849,15839,1221,17060,121
2022-04-05,Alameda,001,1643700,257257,256143,14217,270360,1814
2022-04-05,Alpine,003,1148,124,124,1,125,0
2022-04-05,Amador,005,37829,8534,8488,653,9141,86
2022-04-05,Butte,007,227075,33103,32997,6763,39760,396
2022-04-05,Calaveras,009,45235,7267,7258,356,7614,120
2022-04-05,Colusa,011,21464,3443,3447,1073,4520,21
2022-04-05,Contra Costa,013,1133247,189185,188850,13334,202184,1296
2022-04-05,Del Norte,015,27424,5846,5809,197,6006,50
2022-04-05,El Dorado,017,186661,26772,26744,3254,29998,205
2022-04-05,Fresno,019,978130,231465,230942,24067,255009,2725
2022-04-05,Glenn,021,27897,4981,4986,1605,6591,47
2022-04-05,Humboldt,023,135768,16900,16904,2979,19883,140
2022-04-05,Imperial,025,180216,55401,55294,10799,66093,908
2022-04-05,Inyo,027,18085,4075,4068,494,4562,56
2022-04-05,Kern,029,883053,191902,191449,46315,237764,2234
2022-04-05,Kings,031,150075,51517,51491,3629,55120,443
2022-04-05,Lake,033,64148,10703,10679,899,11578,136
2022-04-05,Lassen,035,31185,8964,8945,889,9834,65
2022-04-05,Los Angeles,037,10098052,2714981,2707306,124418,2831724,31465
2022-04-05,Madera,039,155013,37299,37349,6122,43471,354
2022-04-05,Marin,041,260295,33682,33566,2323,35889,288
2022-04-05,Mariposa,043,17540,2403,2392,204,2596,29
2022-04-05,Mendocino,045,87422,13086,13074,3053,16127,119
2022-04-05,Merced,047,269075,62172,62195,8698,70893,810
2022-04-05,Modoc,049,8938,742,741,252,993,8
2022-04-05,Mono,051,14174,2968,2967,123,3090,6
2022-04-05,Monterey,053,433212,79480,79019,13967,92986,727
2022-04-05,Napa,055,140530,25880,25790,968,26758,143
2022-04-05,Nevada,057,99092,15978,15974,1219,17193,123
2022-04-05,Orange,059,3164182,547394,546491,41704,588195,6887
2022-04-05,Placer,061,380077,62844,62787,7419,70206,615
2022-04-05,Plumas,063,18699,2972,2850,371,3221,13
2022-04-05,Riverside,065,2383286,591739,590826,28190,619016,6424
2022-04-05,Sacramento,067,1510023,281133,276567,27275,303842,2953
2022-04-05,San Benito,069,59416,12895,12908,518,13426,98
2022-04-05,San Bernardino,071,2135413,568921,561648,25163,586811,6883
2022-04-05,San Diego,073,3302833,752453,753402,52685,806087,5192
2022-04-05,San Francisco,075,870044,125753,125536,8413,133949,843
2022-04-05,San Joaquin,077,732212,166493,166415,10071,176486,2207
2022-04-05,San Luis Obispo,079,281455,52518,52557,3817,56374,475
2022-04-05,San Mateo,081,765935,122496,121041,7081,128122,693
2022-04-05,Santa Barbara,083,443738,85927,85630,4788,90418,679
2022-04-05,Santa Clara,085,1922200,312634,313278,12574,325852,2265
2022-04-05,Santa Cruz,087,273765,47995,47446,2147,49593,259
2022-04-05,Shasta,089,179085,30577,30565,6150,36715,529
2022-04-05,Sierra,091,2930,274,272,48,320,4
2022-04-05,Siskiyou,093,43540,4448,4442,2752,7194,80
2022-04-05,Solano,095,438530,81569,81789,5635,87424,447
2022-04-05,Sonoma,097,501317,83844,83361,2665,86026,485
2022-04-05,Stanislaus,099,539301,117488,117534,17726,135260,1578
2022-04-05,Sutter,101,95872,20493,20581,2127,22708,222
2022-04-05,Tehama,103,63373,12038,12049,2619,14668,198
2022-04-05,Trinity,105,12862,1183,1173,295,1468,20
2022-04-05,Tulare,107,460477,106462,104826,28540,133366,1414
2022-04-05,Tuolumne,109,53932,12641,12621,570,13191,180
2022-04-05,Ventura,111,848112,173497,173179,9508,182687,1460
2022-04-05,Yolo,113,214977,37110,36393,3236,39629,314
2022-04-05,Yuba,115,75493,15847,15839,1221,17060,121
2022-04-04,Alameda,001,1643700,257024,256143,14203,270346,1814
2022-04-04,Alpine,003,1148,124,124,1,125,0
2022-04-04,Amador,005,37829,8533,8488,652,9140,86
2022-04-04,Butte,007,227075,33098,32997,6760,39757,396
2022-04-04,Calaveras,009,45235,7267,7258,356,7614,120
2022-04-04,Colusa,011,21464,3442,3447,1073,4520,21
2022-04-04,Contra Costa,013,1133247,189085,188850,13326,202176,1296
2022-04-04,Del Norte,015,27424,5846,5809,197,6006,50
2022-04-04,El Dorado,017,186661,26767,26744,3252,29996,205
2022-04-04,Fresno,019,978130,231447,230942,24062,255004,2725
2022-04-04,Glenn,021,27897,4980,4986,1605,6591,47
2022-04-04,Humboldt,023,135768,16892,16904,2974,19878,140
2022-04-04,Imperial,025,180216,55396,55294,10799,66093,908
2022-04-04,Inyo,027,18085,4075,4068,492,4560,56
2022-04-04,Kern,029,883053,191880,191449,46309,237758,2234
2022-04-04,Kings,031,150075,51510,51491,3629,55120,443
2022-04-04,Lake,033,64148,10698,10679,899,11578,136
2022-04-04,Lassen,035,31185,8964,8945,889,9834,65
2022-04-04,Los Angeles,037,10098052,2713881,2707306,124371,2831677,31465
2022-04-04,Madera,039,155013,37295,37349,6122,43471,354
2022-04-04,Marin,041,260295,33665,33566,2314,35880,288
2022-04-04,Mariposa,043,17540,2402,2392,204,2596,29
2022-04-04,Mendocino,045,87422,13080,13074,3051,16125,119
2022-04-04,Merced,047,269075,62162,62195,8693,70888,810
2022-04-04,Modoc,049,8938,742,741,252,993,8
2022-04-04,Mono,051,14174,2968,2967,123,3090,6
2022-04-04,Monterey,053,433212,79464,79019,13961,92980,727
2022-04-04,Napa,055,140530,25863,25790,967,26757,143
2022-04-04,Nevada,057,99092,15974,15974,1218,17192,123
2022-04-04,Orange,059,3164182,547227,546491,41678,588169,6887
2022-04-04,Placer,061,380077,62834,62787,7418,70205,615
2022-04-04,Plumas,063,18699,2971,2850,371,3221,13
2022-04-04,Riverside,065,2383286,591647,590826,28178,619004,6424
2022-04-04,Sacramento,067,1510023,281041,276567,27265,303832,2953
2022-04-04,San Benito,069,59416,12892,12908,518,13426,98
2022-04-04,San Bernardino,071,2135413,568786,561648,25155,586803,6883
2022-04-04,San Diego,073,3302833,752134,753402,52648,806050,5192
2022-04-04,San Francisco,075,870044,125555,125536,8404,133940,843
2022-04-04,San Joaquin,077,732212,166467,166415,10068,176483,2207
2022-04-04,San Luis Obispo,079,281455,52495,52557,3815,56372,475
2022-04-04,San Mateo,081,765935,122360,121041,7067,128108,693
2022-04-04,Santa Barbara,083,443738,85882,85630,4787,90417,679
2022-04-04,Santa Clara,085,1922200,312365,313278,12562,325840,2265
2022-04-04,Santa Cruz,087,273765,47948,47446,2146,49592,259
2022-04-04,Shasta,089,179085,30574,30565,6149,36714,529
2022-04-04,Sierra,091,2930,274,272,48,320,4
2022-04-04,Siskiyou,093,43540,4448,4442,2752,7194,80
2022-04-04,Solano,095,438530,81524,81789,5632,87421,447
2022-04-04,Sonoma,097,501317,83789,83361,2658,86019,485
2022-04-04,Stanislaus,099,539301,117467,117534,17718,135252,1578
2022-04-04,Sutter,101,95872,20490,20581,2127,22708,222
2022-04-04,Tehama,103,63373,12036,12049,2619,14668,198
2022-04-04,Trinity,105,12862,1183,1173,295,1468,20
2022-04-04,Tulare,107,460477,106453,104826,28536,133362,1414
2022-04-04,Tuolumne,109,53932,12634,12621,570,13191,180
2022-04-04,Ventura,111,848112,173457,173179,9506,182685,1460
2022-04-04,Yolo,113,214977,37092,36393,3234,39627,314
2022-04-04,Yuba,115,75493,15845,15839,1221,17060,121
2022-04-03,Alameda,001,1643700,256765,255650,14201,269851,1813
2022-04-03,Alpine,003,1148,124,124,1,125,0
2022-04-03,Amador,005,37829,8532,8485,652,9137,86
2022-04-03,Butte,007,227075,33091,32981,6758,39739,396
2022-04-03,Calaveras,009,45235,7267,7254,356,7610,119
2022-04-03,Colusa,011,21464,3442,3445,1073,4518,21
2022-04-03,Contra Costa,013,1133247,188979,188658,13316,201974,1291
2022-04-03,Del Norte,015,27424,5846,5812,197,6009,50
2022-04-03,El Dorado,017,186661,26753,26732,3250,29982,200
2022-04-03,Fresno,019,978130,231414,230559,24060,254619,2722
2022-04-03,Glenn,021,27897,4980,4982,1605,6587,47
2022-04-03,Humboldt,023,135768,16887,16898,2974,19872,140
2022-04-03,Imperial,025,180216,55394,55266,10796,66062,908
2022-04-03,Inyo,027,18085,4073,4063,492,4555,56
2022-04-03,Kern,029,883053,191855,191384,46304,237688,2224
2022-04-03,Kings,031,150075,51504,51470,3627,55097,443
2022-04-03,Lake,033,64148,10696,10674,899,11573,136
2022-04-03,Lassen,035,31185,8963,8943,889,9832,65
2022-04-03,Los Angeles,037,10098052,2712687,2703576,124286,2827862,31410
2022-04-03,Madera,039,155013,37293,37333,6120,43453,354
2022-04-03,Marin,041,260295,33630,33493,2305,35798,287
2022-04-03,Mariposa,043,17540,2401,2391,204,2595,29
2022-04-03,Mendocino,045,87422,13074,13058,3049,16107,119
2022-04-03,Merced,047,269075,62147,62149,8689,70838,808
2022-04-03,Modoc,049,8938,741,741,252,993,8
2022-04-03,Mono,051,14174,2968,2967,123,3090,6
2022-04-03,Monterey,053,433212,79446,78964,13936,92900,726
2022-04-03,Napa,055,140530,25843,25757,966,26723,143
2022-04-03,Nevada,057,99092,15968,15962,1217,17179,123
2022-04-03,Orange,059,3164182,547025,546047,41652,587699,6880
2022-04-03,Placer,061,380077,62808,62740,7413,70153,614
2022-04-03,Plumas,063,18699,2970,2803,371,3174,14
2022-04-03,Riverside,065,2383286,591490,590563,28161,618724,6418
2022-04-03,Sacramento,067,1510023,280965,276218,27251,303469,2950
2022-04-03,San Benito,069,59416,12888,12901,518,13419,98
2022-04-03,San Bernardino,071,2135413,568640,561362,25150,586512,6865
2022-04-03,San Diego,073,3302833,751803,752281,52611,804892,5178
2022-04-03,San Francisco,075,870044,125324,125075,8398,133473,843
2022-04-03,San Joaquin,077,732212,166410,166336,10063,176399,2202
2022-04-03,San Luis Obispo,079,281455,52476,52512,3815,56327,475
2022-04-03,San Mateo,081,765935,122220,120717,7060,127777,693
2022-04-03,Santa Barbara,083,443738,85837,85611,4785,90396,678
2022-04-03,Santa Clara,085,1922200,312066,312517,12552,325069,2258
2022-04-03,Santa Cruz,087,273765,47894,47371,2144,49515,259
2022-04-03,Shasta,089,179085,30564,30556,6148,36704,530
2022-04-03,Sierra,091,2930,274,273,48,321,4
2022-04-03,Siskiyou,093,43540,4448,4439,2752,7191,80
2022-04-03,Solano,095,438530,81483,81848,5627,87475,446
2022-04-03,Sonoma,097,501317,83711,83235,2650,85885,485
2022-04-03,Stanislaus,099,539301,117436,117536,17712,135248,1581
2022-04-03,Sutter,101,95872,20487,20570,2127,22697,222
2022-04-03,Tehama,103,63373,12033,12046,2619,14665,198
2022-04-03,Trinity,105,12862,1183,1173,295,1468,20
2022-04-03,Tulare,107,460477,106446,104736,28527,133263,1410
2022-04-03,Tuolumne,109,53932,12633,12618,570,13188,180
2022-04-03,Ventura,111,848112,173404,173044,9502,182546,1460
2022-04-03,Yolo,113,214977,37068,36347,3232,39579,313
2022-04-03,Yuba,115,75493,15843,15835,1221,17056,120
2022-04-02,Alameda,001,1643700,256661,255650,14200,269850,1813
2022-04-02,Alpine,003,1148,124,124,1,125,0
2022-04-02,Amador,005,37829,8532,8485,652,9137,86
2022-04-02,Butte,007,227075,33087,32981,6758,39739,396
2022-04-02,Calaveras,009,45235,7267,7254,356,7610,119
2022-04-02,Colusa,011,21464,3442,3445,1073,4518,21
2022-04-02,Contra Costa,013,1133247,188920,188658,13313,201971,1291
2022-04-02,Del Norte,015,27424,5845,5812,197,6009,50
2022-04-02,El Dorado,017,186661,26750,26732,3250,29982,200
2022-04-02,Fresno,019,978130,231386,230559,24059,254618,2722
2022-04-02,Glenn,021,27897,4980,4982,1605,6587,47
2022-04-02,Humboldt,023,135768,16883,16898,2974,19872,140
2022-04-02,Imperial,025,180216,55390,55266,10796,66062,908
2022-04-02,Inyo,027,18085,4073,4063,492,4555,56
2022-04-02,Kern,029,883053,191841,191384,46300,237684,2224
2022-04-02,Kings,031,150075,51501,51470,3627,55097,443
2022-04-02,Lake,033,64148,10695,10674,899,11573,136
2022-04-02,Lassen,035,31185,8963,8943,889,9832,65
2022-04-02,Los Angeles,037,10098052,2712179,2703576,124246,2827822,31410
2022-04-02,Madera,039,155013,37290,37333,6120,43453,354
2022-04-02,Marin,041,260295,33607,33493,2297,35790,287
2022-04-02,Mariposa,043,17540,2400,2391,204,2595,29
2022-04-02,Mendocino,045,87422,13072,13058,3049,16107,119
2022-04-02,Merced,047,269075,62144,62149,8689,70838,808
2022-04-02,Modoc,049,8938,741,741,252,993,8
2022-04-02,Mono,051,14174,2968,2967,122,3089,6
2022-04-02,Monterey,053,433212,79433,78964,13930,92894,726
2022-04-02,Napa,055,140530,25829,25757,965,26722,143
2022-04-02,Nevada,057,99092,15964,15962,1216,17178,123
2022-04-02,Orange,059,3164182,546919,546047,41639,587686,6880
2022-04-02,Placer,061,380077,62797,62740,7411,70151,614
2022-04-02,Plumas,063,18699,2970,2803,371,3174,14
2022-04-02,Riverside,065,2383286,591416,590563,28156,618719,6418
2022-04-02,Sacramento,067,1510023,280927,276218,27250,303468,2950
2022-04-02,San Benito,069,59416,12887,12901,518,13419,98
2022-04-02,San Bernardino,071,2135413,568588,561362,25146,586508,6865
2022-04-02,San Diego,073,3302833,751678,752281,52602,804883,5178
2022-04-02,San Francisco,075,870044,125220,125075,8389,133464,843
2022-04-02,San Joaquin,077,732212,166389,166336,10061,176397,2202
2022-04-02,San Luis Obispo,079,281455,52471,52512,3815,56327,475
2022-04-02,San Mateo,081,765935,122125,120717,7051,127768,693
2022-04-02,Santa Barbara,083,443738,85818,85611,4784,90395,678
2022-04-02,Santa Clara,085,1922200,311900,312517,12548,325065,2258
2022-04-02,Santa Cruz,087,273765,47882,47371,2143,49514,259
2022-04-02,Shasta,089,179085,30563,30556,6148,36704,530
2022-04-02,Sierra,091,2930,274,273,48,321,4
2022-04-02,Siskiyou,093,43540,4447,4439,2751,7190,80
2022-04-02,Solano,095,438530,81468,81848,5627,87475,446
2022-04-02,Sonoma,097,501317,83663,83235,2644,85879,485
2022-04-02,Stanislaus,099,539301,117427,117536,17710,135246,1581
2022-04-02,Sutter,101,95872,20482,20570,2127,22697,222
2022-04-02,Tehama,103,63373,12033,12046,2619,14665,198
2022-04-02,Trinity,105,12862,1183,1173,295,1468,20
2022-04-02,Tulare,107,460477,106443,104736,28527,133263,1410
2022-04-02,Tuolumne,109,53932,12631,12618,570,13188,180
2022-04-02,Ventura,111,848112,173364,173044,9502,182546,1460
2022-04-02,Yolo,113,214977,37054,36347,3229,39576,313
2022-04-02,Yuba,115,75493,15842,15835,1221,17056,120
2022-04-01,Alameda,001,1643700,256546,255650,14196,269846,1813
2022-04-01,Alpine,003,1148,124,124,1,125,0
2022-04-01,Amador,005,37829,8532,8485,652,9137,86
2022-04-01,Butte,007,227075,33083,32981,6754,39735,396
2022-04-01,Calaveras,009,45235,7265,7254,356,7610,119
2022-04-01,Colusa,011,21464,3441,3445,1073,4518,21
2022-04-01,Contra Costa,013,1133247,188867,188658,13312,201970,1291
2022-04-01,Del Norte,015,27424,5843,5812,197,6009,50
2022-04-01,El Dorado,017,186661,26747,26732,3249,29981,200
2022-04-01,Fresno,019,978130,231360,230559,24057,254616,2722
2022-04-01,Glenn,021,27897,4980,4982,1605,6587,47
2022-04-01,Humboldt,023,135768,16881,16898,2974,19872,140
2022-04-01,Imperial,025,180216,55388,55266,10796,66062,908
2022-04-01,Inyo,027,18085,4071,4063,491,4554,56
2022-04-01,Kern,029,883053,191830,191384,46297,237681,2224
2022-04-01,Kings,031,150075,51498,51470,3627,55097,443
2022-04-01,Lake,033,64148,10693,10674,899,11573,136
2022-04-01,Lassen,035,31185,8962,8943,889,9832,65
2022-04-01,Los Angeles,037,10098052,2711681,2703576,124203,2827779,31410
2022-04-01,Madera,039,155013,37289,37333,6120,43453,354
2022-04-01,Marin,041,260295,33589,33493,2290,35783,287
2022-04-01,Mariposa,043,17540,2397,2391,204,2595,29
2022-04-01,Mendocino,045,87422,13069,13058,3048,16106,119
2022-04-01,Merced,047,269075,62137,62149,8687,70836,808
2022-04-01,Modoc,049,8938,741,741,252,993,8
2022-04-01,Mono,051,14174,2968,2967,122,3089,6
2022-04-01,Monterey,053,433212,79415,78964,13927,92891,726
2022-04-01,Napa,055,140530,25820,25757,965,26722,143
2022-04-01,Nevada,057,99092,15964,15962,1215,17177,123
2022-04-01,Orange,059,3164182,546811,546047,41629,587676,6880
2022-04-01,Placer,061,380077,62783,62740,7411,70151,614
2022-04-01,Plumas,063,18699,2970,2803,370,3173,14
2022-04-01,Riverside,065,2383286,591350,590563,28142,618705,6418
2022-04-01,Sacramento,067,1510023,280888,276218,27246,303464,2950
2022-04-01,San Benito,069,59416,12886,12901,518,13419,98
2022-04-01,San Bernardino,071,2135413,568532,561362,25142,586504,6865
2022-04-01,San Diego,073,3302833,751530,752281,52587,804868,5178
2022-04-01,San Francisco,075,870044,125109,125075,8382,133457,843
2022-04-01,San Joaquin,077,732212,166369,166336,10059,176395,2202
2022-04-01,San Luis Obispo,079,281455,52465,52512,3814,56326,475
2022-04-01,San Mateo,081,765935,122063,120717,7045,127762,693
2022-04-01,Santa Barbara,083,443738,85798,85611,4784,90395,678
2022-04-01,Santa Clara,085,1922200,311750,312517,12547,325064,2258
2022-04-01,Santa Cruz,087,273765,47867,47371,2141,49512,259
2022-04-01,Shasta,089,179085,30562,30556,6148,36704,530
2022-04-01,Sierra,091,2930,274,273,48,321,4
2022-04-01,Siskiyou,093,43540,4447,4439,2750,7189,80
2022-04-01,Solano,095,438530,81453,81848,5627,87475,446
2022-04-01,Sonoma,097,501317,83619,83235,2643,85878,485
2022-04-01,Stanislaus,099,539301,117416,117536,17707,135243,1581
2022-04-01,Sutter,101,95872,20482,20570,2127,22697,222
2022-04-01,Tehama,103,63373,12033,12046,2619,14665,198
2022-04-01,Trinity,105,12862,1183,1173,295,1468,20
2022-04-01,Tulare,107,460477,106438,104736,28523,133259,1410
2022-04-01,Tuolumne,109,53932,12630,12618,570,13188,180
2022-04-01,Ventura,111,848112,173333,173044,9498,182542,1460
2022-04-01,Yolo,113,214977,37039,36347,3228,39575,313
2022-04-01,Yuba,115,75493,15841,15835,1221,17056,120
2022-03-31,Alameda,001,1643700,256371,255650,14183,269833,1813
2022-03-31,Alpine,003,1148,124,124,1,125,0
2022-03-31,Amador,005,37829,8532,8485,652,9137,86
2022-03-31,Butte,007,227075,33079,32981,6751,39732,396
2022-03-31,Calaveras,009,45235,7262,7254,356,7610,119
2022-03-31,Colusa,011,21464,3440,3445,1073,4518,21
2022-03-31,Contra Costa,013,1133247,188771,188658,13306,201964,1291
2022-03-31,Del Norte,015,27424,5842,5812,197,6009,50
2022-03-31,El Dorado,017,186661,26740,26732,3249,29981,200
2022-03-31,Fresno,019,978130,231324,230559,24032,254591,2722
2022-03-31,Glenn,021,27897,4978,4982,1605,6587,47
2022-03-31,Humboldt,023,135768,16877,16898,2974,19872,140
2022-03-31,Imperial,025,180216,55385,55266,10795,66061,908
2022-03-31,Inyo,027,18085,4070,4063,488,4551,56
2022-03-31,Kern,029,883053,191814,191384,46288,237672,2224
2022-03-31,Kings,031,150075,51489,51470,3627,55097,443
2022-03-31,Lake,033,64148,10692,10674,898,11572,136
2022-03-31,Lassen,035,31185,8960,8943,889,9832,65
2022-03-31,Los Angeles,037,10098052,2710935,2703576,124150,2827726,31410
2022-03-31,Madera,039,155013,37286,37333,6120,43453,354
2022-03-31,Marin,041,260295,33563,33493,2278,35771,287
2022-03-31,Mariposa,043,17540,2396,2391,203,2594,29
2022-03-31,Mendocino,045,87422,13065,13058,3048,16106,119
2022-03-31,Merced,047,269075,62132,62149,8684,70833,808
2022-03-31,Modoc,049,8938,741,741,252,993,8
2022-03-31,Mono,051,14174,2968,2967,122,3089,6
2022-03-31,Monterey,053,433212,79398,78964,13915,92879,726
2022-03-31,Napa,055,140530,25811,25757,963,26720,143
2022-03-31,Nevada,057,99092,15957,15962,1214,17176,123
2022-03-31,Orange,059,3164182,546663,546047,41614,587661,6880
2022-03-31,Placer,061,380077,62758,62740,7408,70148,614
2022-03-31,Plumas,063,18699,2970,2803,369,3172,14
2022-03-31,Riverside,065,2383286,591240,590563,28138,618701,6418
2022-03-31,Sacramento,067,1510023,280815,276218,27238,303456,2950
2022-03-31,San Benito,069,59416,12885,12901,518,13419,98
2022-03-31,San Bernardino,071,2135413,568435,561362,25130,586492,6865
2022-03-31,San Diego,073,3302833,751294,752281,52560,804841,5178
2022-03-31,San Francisco,075,870044,124951,125075,8369,133444,843
2022-03-31,San Joaquin,077,732212,166335,166336,10045,176381,2202
2022-03-31,San Luis Obispo,079,281455,52451,52512,3813,56325,475
2022-03-31,San Mateo,081,765935,121953,120717,7043,127760,693
2022-03-31,Santa Barbara,083,443738,85769,85611,4784,90395,678
2022-03-31,Santa Clara,085,1922200,311522,312517,12533,325050,2258
2022-03-31,Santa Cruz,087,273765,47848,47371,2139,49510,259
2022-03-31,Shasta,089,179085,30556,30556,6148,36704,530
2022-03-31,Sierra,091,2930,271,273,48,321,4
2022-03-31,Siskiyou,093,43540,4445,4439,2750,7189,80
2022-03-31,Solano,095,438530,81424,81848,5624,87472,446
2022-03-31,Sonoma,097,501317,83576,83235,2637,85872,485
2022-03-31,Stanislaus,099,539301,117398,117536,17702,135238,1581
2022-03-31,Sutter,101,95872,20479,20570,2126,22696,222
2022-03-31,Tehama,103,63373,12033,12046,2618,14664,198
2022-03-31,Trinity,105,12862,1183,1173,295,1468,20
2022-03-31,Tulare,107,460477,106429,104736,28515,133251,1410
2022-03-31,Tuolumne,109,53932,12629,12618,570,13188,180
2022-03-31,Ventura,111,848112,173293,173044,9495,182539,1460
2022-03-31,Yolo,113,214977,37023,36347,3228,39575,313
2022-03-31,Yuba,115,75493,15841,15835,1218,17053,120
2022-03-30,Alameda,001,1643700,256240,255467,14175,269642,1812
2022-03-30,Alpine,003,1148,124,124,1,125,0
2022-03-30,Amador,005,37829,8532,8485,652,9137,86
2022-03-30,Butte,007,227075,33074,32968,6744,39712,396
2022-03-30,Calaveras,009,45235,7260,7253,355,7608,119
2022-03-30,Colusa,011,21464,3440,3445,1073,4518,21
2022-03-30,Contra Costa,013,1133247,188709,188496,13294,201790,1291
2022-03-30,Del Norte,015,27424,5840,5808,197,6005,50
2022-03-30,El Dorado,017,186661,26732,26722,3249,29971,200
2022-03-30,Fresno,019,978130,231313,230448,24026,254474,2720
2022-03-30,Glenn,021,27897,4977,4982,1605,6587,47
2022-03-30,Humboldt,023,135768,16874,16894,2974,19868,140
2022-03-30,Imperial,025,180216,55381,55252,10792,66044,908
2022-03-30,Inyo,027,18085,4069,4062,486,4548,56
2022-03-30,Kern,029,883053,191786,191363,46283,237646,2219
2022-03-30,Kings,031,150075,51483,51446,3625,55071,443
2022-03-30,Lake,033,64148,10691,10674,898,11572,136
2022-03-30,Lassen,035,31185,8960,8943,889,9832,65
2022-03-30,Los Angeles,037,10098052,2710110,2702536,124096,2826632,31384
2022-03-30,Madera,039,155013,37281,37330,6119,43449,354
2022-03-30,Marin,041,260295,33543,33453,2259,35712,287
2022-03-30,Mariposa,043,17540,2396,2390,203,2593,27
2022-03-30,Mendocino,045,87422,13061,13055,3045,16100,118
2022-03-30,Merced,047,269075,62126,62136,8678,70814,808
2022-03-30,Modoc,049,8938,741,739,252,991,8
2022-03-30,Mono,051,14174,2967,2967,122,3089,6
2022-03-30,Monterey,053,433212,79381,78911,13908,92819,726
2022-03-30,Napa,055,140530,25799,25745,962,26707,141
2022-03-30,Nevada,057,99092,15954,15960,1212,17172,123
2022-03-30,Orange,059,3164182,546510,545895,41591,587486,6876
2022-03-30,Placer,061,380077,62743,62705,7404,70109,614
2022-03-30,Plumas,063,18699,2970,2762,367,3129,13
2022-03-30,Riverside,065,2383286,591157,590437,28124,618561,6411
2022-03-30,Sacramento,067,1510023,280747,276081,27231,303312,2949
2022-03-30,San Benito,069,59416,12881,12898,518,13416,98
2022-03-30,San Bernardino,071,2135413,568351,561153,25125,586278,6863
2022-03-30,San Diego,073,3302833,751062,751684,52534,804218,5169
2022-03-30,San Francisco,075,870044,124845,124930,8358,133288,841
2022-03-30,San Joaquin,077,732212,166307,166299,10039,176338,2201
2022-03-30,San Luis Obispo,079,281455,52438,52484,3809,56293,475
2022-03-30,San Mateo,081,765935,121851,120548,7043,127591,693
2022-03-30,Santa Barbara,083,443738,85747,85488,4781,90269,677
2022-03-30,Santa Clara,085,1922200,311339,312253,12513,324766,2258
2022-03-30,Santa Cruz,087,273765,47792,47340,2138,49478,259
2022-03-30,Shasta,089,179085,30553,30555,6148,36703,530
2022-03-30,Sierra,091,2930,271,273,48,321,4
2022-03-30,Siskiyou,093,43540,4445,4439,2750,7189,80
2022-03-30,Solano,095,438530,81405,81816,5620,87436,443
2022-03-30,Sonoma,097,501317,83539,83163,2636,85799,485
2022-03-30,Stanislaus,099,539301,117385,117593,17699,135292,1559
2022-03-30,Sutter,101,95872,20474,20565,2126,22691,222
2022-03-30,Tehama,103,63373,12032,12045,2617,14662,198
2022-03-30,Trinity,105,12862,1182,1173,295,1468,20
2022-03-30,Tulare,107,460477,106423,104667,28509,133176,1410
2022-03-30,Tuolumne,109,53932,12627,12616,570,13186,180
2022-03-30,Ventura,111,848112,173252,172984,9487,182471,1460
2022-03-30,Yolo,113,214977,37013,36325,3225,39550,313
2022-03-30,Yuba,115,75493,15839,15830,1218,17048,120
2022-03-29,Alameda,001,1643700,256114,255261,14165,269426,1810
2022-03-29,Alpine,003,1148,124,124,1,125,0
2022-03-29,Amador,005,37829,8532,8483,652,9135,86
2022-03-29,Butte,007,227075,33071,32954,6743,39697,396
2022-03-29,Calaveras,009,45235,7259,7250,354,7604,119
2022-03-29,Colusa,011,21464,3440,3445,1073,4518,21
2022-03-29,Contra Costa,013,1133247,188621,188359,13286,201645,1290
2022-03-29,Del Norte,015,27424,5840,5806,196,6002,50
2022-03-29,El Dorado,017,186661,26727,26706,3249,29955,200
2022-03-29,Fresno,019,978130,231285,230256,24020,254276,2718
2022-03-29,Glenn,021,27897,4976,4983,1605,6588,47
2022-03-29,Humboldt,023,135768,16871,16892,2971,19863,140
2022-03-29,Imperial,025,180216,55367,55233,10791,66024,908
2022-03-29,Inyo,027,18085,4067,4062,485,4547,56
2022-03-29,Kern,029,883053,191754,191338,46276,237614,2220
2022-03-29,Kings,031,150075,51475,51416,3624,55040,443
2022-03-29,Lake,033,64148,10687,10674,898,11572,136
2022-03-29,Lassen,035,31185,8959,8943,889,9832,65
2022-03-29,Los Angeles,037,10098052,2709280,2702005,124049,2826054,31378
2022-03-29,Madera,039,155013,37273,37325,6116,43441,354
2022-03-29,Marin,041,260295,33523,33431,2254,35685,287
2022-03-29,Mariposa,043,17540,2396,2388,202,2590,23
2022-03-29,Mendocino,045,87422,13057,13053,3044,16097,119
2022-03-29,Merced,047,269075,62114,62123,8677,70800,806
2022-03-29,Modoc,049,8938,739,737,252,989,8
2022-03-29,Mono,051,14174,2967,2966,122,3088,5
2022-03-29,Monterey,053,433212,79368,78774,13900,92674,725
2022-03-29,Napa,055,140530,25792,25732,962,26694,141
2022-03-29,Nevada,057,99092,15946,15956,1212,17168,123
2022-03-29,Orange,059,3164182,546362,545832,41575,587407,6871
2022-03-29,Placer,061,380077,62725,62687,7399,70086,614
2022-03-29,Plumas,063,18699,2968,2761,367,3128,13
2022-03-29,Riverside,065,2383286,591057,590359,28116,618475,6403
2022-03-29,Sacramento,067,1510023,280681,276040,27218,303258,2946
2022-03-29,San Benito,069,59416,12879,12892,518,13410,97
2022-03-29,San Bernardino,071,2135413,568254,561026,25115,586141,6860
2022-03-29,San Diego,073,3302833,750818,751240,52512,803752,5159
2022-03-29,San Francisco,075,870044,124694,124789,8352,133141,840
2022-03-29,San Joaquin,077,732212,166270,166241,10031,176272,2198
2022-03-29,San Luis Obispo,079,281455,52422,52455,3805,56260,472
2022-03-29,San Mateo,081,765935,121757,120435,7040,127475,686
2022-03-29,Santa Barbara,083,443738,85724,85464,4781,90245,676
2022-03-29,Santa Clara,085,1922200,311099,312067,12495,324562,2259
2022-03-29,Santa Cruz,087,273765,47772,47323,2137,49460,259
2022-03-29,Shasta,089,179085,30546,30552,6145,36697,529
2022-03-29,Sierra,091,2930,271,273,48,321,4
2022-03-29,Siskiyou,093,43540,4445,4439,2749,7188,80
2022-03-29,Solano,095,438530,81382,81713,5617,87330,441
2022-03-29,Sonoma,097,501317,83505,83130,2630,85760,485
2022-03-29,Stanislaus,099,539301,117366,117683,17693,135376,1559
2022-03-29,Sutter,101,95872,20472,20556,2125,22681,221
2022-03-29,Tehama,103,63373,12030,12045,2617,14662,198
2022-03-29,Trinity,105,12862,1182,1173,295,1468,20
2022-03-29,Tulare,107,460477,106418,104622,28503,133125,1406
2022-03-29,Tuolumne,109,53932,12624,12615,570,13185,180
2022-03-29,Ventura,111,848112,173197,172946,9486,182432,1460
2022-03-29,Yolo,113,214977,37000,36296,3224,39520,313
2022-03-29,Yuba,115,75493,15835,15824,1217,17041,117
2022-03-28,Alameda,001,1643700,255962,255192,14154,269346,1808
2022-03-28,Alpine,003,1148,124,124,1,125,0
2022-03-28,Amador,005,37829,8531,8480,652,9132,86
2022-03-28,Butte,007,227075,33054,32947,6742,39689,392
2022-03-28,Calaveras,009,45235,7259,7247,354,7601,119
2022-03-28,Colusa,011,21464,3440,3445,1073,4518,21
2022-03-28,Contra Costa,013,1133247,188540,188305,13281,201586,1290
2022-03-28,Del Norte,015,27424,5838,5834,196,6030,50
2022-03-28,El Dorado,017,186661,26720,26703,3247,29950,200
2022-03-28,Fresno,019,978130,231257,230144,24003,254147,2717
2022-03-28,Glenn,021,27897,4976,4983,1605,6588,47
2022-03-28,Humboldt,023,135768,16870,16916,2971,19887,140
2022-03-28,Imperial,025,180216,55356,55245,10791,66036,909
2022-03-28,Inyo,027,18085,4066,4062,485,4547,56
2022-03-28,Kern,029,883053,191730,191333,46266,237599,2212
2022-03-28,Kings,031,150075,51462,51405,3624,55029,443
2022-03-28,Lake,033,64148,10685,10673,898,11571,136
2022-03-28,Lassen,035,31185,8959,8946,889,9835,63
2022-03-28,Los Angeles,037,10098052,2708397,2700997,124010,2825007,31349
2022-03-28,Madera,039,155013,37269,37324,6116,43440,354
2022-03-28,Marin,041,260295,33498,33391,2249,35640,287
2022-03-28,Mariposa,043,17540,2395,2388,202,2590,23
2022-03-28,Mendocino,045,87422,13055,13046,3043,16089,118
2022-03-28,Merced,047,269075,62104,62116,8672,70788,805
2022-03-28,Modoc,049,8938,738,736,252,988,7
2022-03-28,Mono,051,14174,2967,2966,122,3088,5
2022-03-28,Monterey,053,433212,79335,78784,13895,92679,724
2022-03-28,Napa,055,140530,25786,25723,961,26684,140
2022-03-28,Nevada,057,99092,15944,15969,1212,17181,123
2022-03-28,Orange,059,3164182,546230,545700,41547,587247,6860
2022-03-28,Placer,061,380077,62704,62687,7398,70085,613
2022-03-28,Plumas,063,18699,2967,2760,367,3127,13
2022-03-28,Riverside,065,2383286,590958,590298,28106,618404,6397
2022-03-28,Sacramento,067,1510023,280612,275889,27206,303095,2946
2022-03-28,San Benito,069,59416,12879,12889,518,13407,97
2022-03-28,San Bernardino,071,2135413,568171,560836,25102,585938,6858
2022-03-28,San Diego,073,3302833,750578,750659,52478,803137,5155
2022-03-28,San Francisco,075,870044,124554,124678,8341,133019,839
2022-03-28,San Joaquin,077,732212,166238,166247,10027,176274,2196
2022-03-28,San Luis Obispo,079,281455,52397,52434,3801,56235,470
2022-03-28,San Mateo,081,765935,121643,120337,7033,127370,686
2022-03-28,Santa Barbara,083,443738,85696,85442,4779,90221,675
2022-03-28,Santa Clara,085,1922200,310870,311953,12485,324438,2257
2022-03-28,Santa Cruz,087,273765,47739,47324,2137,49461,259
2022-03-28,Shasta,089,179085,30545,30550,6144,36694,527
2022-03-28,Sierra,091,2930,271,273,48,321,4
2022-03-28,Siskiyou,093,43540,4444,4438,2749,7187,80
2022-03-28,Solano,095,438530,81354,81704,5612,87316,441
2022-03-28,Sonoma,097,501317,83461,83105,2625,85730,485
2022-03-28,Stanislaus,099,539301,117354,117783,17688,135471,1562
2022-03-28,Sutter,101,95872,20467,20549,2125,22674,221
2022-03-28,Tehama,103,63373,12030,12041,2616,14657,200
2022-03-28,Trinity,105,12862,1182,1173,295,1468,20
2022-03-28,Tulare,107,460477,106406,104576,28496,133072,1404
2022-03-28,Tuolumne,109,53932,12624,12627,570,13197,180
2022-03-28,Ventura,111,848112,173157,172867,9485,182352,1455
2022-03-28,Yolo,113,214977,36982,36282,3222,39504,312
2022-03-28,Yuba,115,75493,15834,15821,1215,17036,117
2022-03-27,Alameda,001,1643700,255778,255132,14145,269277,1809
2022-03-27,Alpine,003,1148,124,124,1,125,0
2022-03-27,Amador,005,37829,8528,8480,652,9132,86
2022-03-27,Butte,007,227075,33041,32943,6735,39678,392
2022-03-27,Calaveras,009,45235,7257,7245,354,7599,119
2022-03-27,Colusa,011,21464,3440,3445,1072,4517,21
2022-03-27,Contra Costa,013,1133247,188425,188251,13262,201513,1290
2022-03-27,Del Norte,015,27424,5837,5836,196,6032,50
2022-03-27,El Dorado,017,186661,26706,26699,3244,29943,200
2022-03-27,Fresno,019,978130,231210,230049,23985,254034,2717
2022-03-27,Glenn,021,27897,4975,4983,1605,6588,47
2022-03-27,Humboldt,023,135768,16866,16920,2971,19891,140
2022-03-27,Imperial,025,180216,55343,55240,10788,66028,909
2022-03-27,Inyo,027,18085,4065,4062,483,4545,56
2022-03-27,Kern,029,883053,191692,191332,46260,237592,2213
2022-03-27,Kings,031,150075,51453,51400,3624,55024,443
2022-03-27,Lake,033,64148,10684,10672,897,11569,136
2022-03-27,Lassen,035,31185,8959,8946,889,9835,63
2022-03-27,Los Angeles,037,10098052,2707588,2700983,123963,2824946,31348
2022-03-27,Madera,039,155013,37265,37323,6114,43437,354
2022-03-27,Marin,041,260295,33461,33391,2239,35630,287
2022-03-27,Mariposa,043,17540,2395,2390,202,2592,23
2022-03-27,Mendocino,045,87422,13051,13046,3041,16087,118
2022-03-27,Merced,047,269075,62094,62110,8670,70780,805
2022-03-27,Modoc,049,8938,737,736,250,986,7
2022-03-27,Mono,051,14174,2967,2966,122,3088,5
2022-03-27,Monterey,053,433212,79314,78778,13883,92661,724
2022-03-27,Napa,055,140530,25771,25723,961,26684,140
2022-03-27,Nevada,057,99092,15940,15967,1210,17177,123
2022-03-27,Orange,059,3164182,546096,545644,41512,587156,6860
2022-03-27,Placer,061,380077,62685,62680,7397,70077,613
2022-03-27,Plumas,063,18699,2966,2760,365,3125,13
2022-03-27,Riverside,065,2383286,590872,590251,28095,618346,6395
2022-03-27,Sacramento,067,1510023,280531,275854,27199,303053,2941
2022-03-27,San Benito,069,59416,12874,12889,517,13406,97
2022-03-27,San Bernardino,071,2135413,568055,560853,25098,585951,6862
2022-03-27,San Diego,073,3302833,750323,750659,52455,803114,5155
2022-03-27,San Francisco,075,870044,124368,124619,8329,132948,839
2022-03-27,San Joaquin,077,732212,166202,166238,10023,176261,2196
2022-03-27,San Luis Obispo,079,281455,52376,52430,3799,56229,470
2022-03-27,San Mateo,081,765935,121539,120324,7027,127351,686
2022-03-27,Santa Barbara,083,443738,85660,85434,4777,90211,675
2022-03-27,Santa Clara,085,1922200,310658,311822,12478,324300,2257
2022-03-27,Santa Cruz,087,273765,47706,47321,2132,49453,259
2022-03-27,Shasta,089,179085,30541,30550,6142,36692,527
2022-03-27,Sierra,091,2930,271,273,48,321,4
2022-03-27,Siskiyou,093,43540,4444,4436,2748,7184,80
2022-03-27,Solano,095,438530,81313,81691,5609,87300,441
2022-03-27,Sonoma,097,501317,83408,83088,2621,85709,485
2022-03-27,Stanislaus,099,539301,117334,117778,17685,135463,1562
2022-03-27,Sutter,101,95872,20461,20545,2125,22670,221
2022-03-27,Tehama,103,63373,12030,12040,2616,14656,200
2022-03-27,Trinity,105,12862,1182,1173,295,1468,20
2022-03-27,Tulare,107,460477,106397,104582,28486,133068,1404
2022-03-27,Tuolumne,109,53932,12622,12628,570,13198,180
2022-03-27,Ventura,111,848112,173112,172831,9483,182314,1455
2022-03-27,Yolo,113,214977,36961,36232,3219,39451,312
2022-03-27,Yuba,115,75493,15831,15821,1208,17029,117
2022-03-26,Alameda,001,1643700,255698,254691,14144,268835,1803
2022-03-26,Alpine,003,1148,124,124,1,125,0
2022-03-26,Amador,005,37829,8528,8476,652,9128,86
2022-03-26,Butte,007,227075,33037,32929,6733,39662,391
2022-03-26,Calaveras,009,45235,7255,7240,354,7594,120
2022-03-26,Colusa,011,21464,3438,3445,1072,4517,21
2022-03-26,Contra Costa,013,1133247,188371,187990,13258,201248,1285
2022-03-26,Del Norte,015,27424,5835,5831,196,6027,50
2022-03-26,El Dorado,017,186661,26698,26674,3242,29916,200
2022-03-26,Fresno,019,978130,231187,229799,23984,253783,2710
2022-03-26,Glenn,021,27897,4975,4978,1605,6583,47
2022-03-26,Humboldt,023,135768,16862,16911,2971,19882,139
2022-03-26,Imperial,025,180216,55337,55230,10787,66017,913
2022-03-26,Inyo,027,18085,4065,4060,482,4542,56
2022-03-26,Kern,029,883053,191678,191288,46255,237543,2201
2022-03-26,Kings,031,150075,51452,51397,3624,55021,444
2022-03-26,Lake,033,64148,10684,10659,897,11556,136
2022-03-26,Lassen,035,31185,8959,8944,889,9833,63
2022-03-26,Los Angeles,037,10098052,2707130,2698028,123921,2821949,31291
2022-03-26,Madera,039,155013,37262,37321,6112,43433,354
2022-03-26,Marin,041,260295,33451,33317,2235,35552,287
2022-03-26,Mariposa,043,17540,2395,2386,202,2588,23
2022-03-26,Mendocino,045,87422,13047,13038,3041,16079,118
2022-03-26,Merced,047,269075,62088,62083,8668,70751,805
2022-03-26,Modoc,049,8938,737,736,250,986,7
2022-03-26,Mono,051,14174,2967,2966,122,3088,5
2022-03-26,Monterey,053,433212,79307,78688,13881,92569,724
2022-03-26,Napa,055,140530,25768,25701,961,26662,139
2022-03-26,Nevada,057,99092,15936,15960,1210,17170,123
2022-03-26,Orange,059,3164182,546019,545294,41501,586795,6853
2022-03-26,Placer,061,380077,62673,62634,7393,70027,613
2022-03-26,Plumas,063,18699,2966,2758,364,3122,13
2022-03-26,Riverside,065,2383286,590802,590060,28094,618154,6397
2022-03-26,Sacramento,067,1510023,280498,275529,27197,302726,2935
2022-03-26,San Benito,069,59416,12874,12885,517,13402,97
2022-03-26,San Bernardino,071,2135413,567996,560742,25094,585836,6840
2022-03-26,San Diego,073,3302833,750199,750170,52448,802618,5146
2022-03-26,San Francisco,075,870044,124262,124265,8320,132585,839
2022-03-26,San Joaquin,077,732212,166181,166079,10022,176101,2195
2022-03-26,San Luis Obispo,079,281455,52370,52369,3799,56168,469
2022-03-26,San Mateo,081,765935,121480,120165,7019,127184,684
2022-03-26,Santa Barbara,083,443738,85640,85477,4775,90252,674
2022-03-26,Santa Clara,085,1922200,310500,311189,12469,323658,2250
2022-03-26,Santa Cruz,087,273765,47695,47329,2132,49461,259
2022-03-26,Shasta,089,179085,30540,30542,6141,36683,527
2022-03-26,Sierra,091,2930,271,273,48,321,4
2022-03-26,Siskiyou,093,43540,4443,4433,2748,7181,80
2022-03-26,Solano,095,438530,81304,81659,5609,87268,441
2022-03-26,Sonoma,097,501317,83378,83113,2616,85729,485
2022-03-26,Stanislaus,099,539301,117327,117962,17684,135646,1565
2022-03-26,Sutter,101,95872,20459,20536,2125,22661,221
2022-03-26,Tehama,103,63373,12030,12036,2615,14651,195
2022-03-26,Trinity,105,12862,1182,1174,295,1469,20
2022-03-26,Tulare,107,460477,106390,104538,28485,133023,1400
2022-03-26,Tuolumne,109,53932,12620,12628,570,13198,180
2022-03-26,Ventura,111,848112,173071,172690,9479,182169,1455
2022-03-26,Yolo,113,214977,36952,36234,3219,39453,311
2022-03-26,Yuba,115,75493,15830,15807,1208,17015,117
2022-03-25,Alameda,001,1643700,255633,254691,14142,268833,1803
2022-03-25,Alpine,003,1148,124,124,1,125,0
2022-03-25,Amador,005,37829,8527,8476,652,9128,86
2022-03-25,Butte,007,227075,33032,32929,6732,39661,391
2022-03-25,Calaveras,009,45235,7254,7240,354,7594,120
2022-03-25,Colusa,011,21464,3438,3445,1072,4517,21
2022-03-25,Contra Costa,013,1133247,188323,187990,13254,201244,1285
2022-03-25,Del Norte,015,27424,5835,5831,196,6027,50
2022-03-25,El Dorado,017,186661,26694,26674,3242,29916,200
2022-03-25,Fresno,019,978130,231159,229799,23975,253774,2710
2022-03-25,Glenn,021,27897,4975,4978,1605,6583,47
2022-03-25,Humboldt,023,135768,16862,16911,2971,19882,139
2022-03-25,Imperial,025,180216,55332,55230,10786,66016,913
2022-03-25,Inyo,027,18085,4064,4060,482,4542,56
2022-03-25,Kern,029,883053,191668,191288,46254,237542,2201
2022-03-25,Kings,031,150075,51451,51397,3624,55021,444
2022-03-25,Lake,033,64148,10684,10659,897,11556,136
2022-03-25,Lassen,035,31185,8958,8944,889,9833,63
2022-03-25,Los Angeles,037,10098052,2706712,2698028,123890,2821918,31291
2022-03-25,Madera,039,155013,37261,37321,6111,43432,354
2022-03-25,Marin,041,260295,33436,33317,2226,35543,287
2022-03-25,Mariposa,043,17540,2395,2386,202,2588,23
2022-03-25,Mendocino,045,87422,13047,13038,3041,16079,118
2022-03-25,Merced,047,269075,62081,62083,8667,70750,805
2022-03-25,Modoc,049,8938,737,736,250,986,7
2022-03-25,Mono,051,14174,2966,2966,122,3088,5
2022-03-25,Monterey,053,433212,79296,78688,13878,92566,724
2022-03-25,Napa,055,140530,25761,25701,961,26662,139
2022-03-25,Nevada,057,99092,15935,15960,1210,17170,123
2022-03-25,Orange,059,3164182,545944,545294,41484,586778,6853
2022-03-25,Placer,061,380077,62667,62634,7390,70024,613
2022-03-25,Plumas,063,18699,2965,2758,364,3122,13
2022-03-25,Riverside,065,2383286,590743,590060,28083,618143,6397
2022-03-25,Sacramento,067,1510023,280456,275529,27195,302724,2935
2022-03-25,San Benito,069,59416,12874,12885,517,13402,97
2022-03-25,San Bernardino,071,2135413,567957,560742,25091,585833,6840
2022-03-25,San Diego,073,3302833,750077,750170,52438,802608,5146
2022-03-25,San Francisco,075,870044,124181,124265,8306,132571,839
2022-03-25,San Joaquin,077,732212,166167,166079,10019,176098,2195
2022-03-25,San Luis Obispo,079,281455,52367,52369,3798,56167,469
2022-03-25,San Mateo,081,765935,121428,120165,7019,127184,684
2022-03-25,Santa Barbara,083,443738,85625,85477,4773,90250,674
2022-03-25,Santa Clara,085,1922200,310349,311189,12464,323653,2250
2022-03-25,Santa Cruz,087,273765,47687,47329,2132,49461,259
2022-03-25,Shasta,089,179085,30536,30542,6140,36682,527
2022-03-25,Sierra,091,2930,271,273,48,321,4
2022-03-25,Siskiyou,093,43540,4441,4433,2746,7179,80
2022-03-25,Solano,095,438530,81290,81659,5607,87266,441
2022-03-25,Sonoma,097,501317,83341,83113,2616,85729,485
2022-03-25,Stanislaus,099,539301,117313,117962,17683,135645,1565
2022-03-25,Sutter,101,95872,20454,20536,2125,22661,221
2022-03-25,Tehama,103,63373,12028,12036,2615,14651,195
2022-03-25,Trinity,105,12862,1182,1174,295,1469,20
2022-03-25,Tulare,107,460477,106386,104538,28482,133020,1400
2022-03-25,Tuolumne,109,53932,12619,12628,570,13198,180
2022-03-25,Ventura,111,848112,173033,172690,9479,182169,1455
2022-03-25,Yolo,113,214977,36940,36234,3219,39453,311
2022-03-25,Yuba,115,75493,15825,15807,1207,17014,117
2022-03-24,Alameda,001,1643700,255516,254691,14125,268816,1803
2022-03-24,Alpine,003,1148,124,124,1,125,0
2022-03-24,Amador,005,37829,8527,8476,652,9128,86
2022-03-24,Butte,007,227075,33026,32929,6732,39661,391
2022-03-24,Calaveras,009,45235,7251,7240,354,7594,120
2022-03-24,Colusa,011,21464,3438,3445,1072,4517,21
2022-03-24,Contra Costa,013,1133247,188244,187990,13251,201241,1285
2022-03-24,Del Norte,015,27424,5831,5831,196,6027,50
2022-03-24,El Dorado,017,186661,26683,26674,3242,29916,200
2022-03-24,Fresno,019,978130,231118,229799,23963,253762,2710
2022-03-24,Glenn,021,27897,4974,4978,1605,6583,47
2022-03-24,Humboldt,023,135768,16857,16911,2969,19880,139
2022-03-24,Imperial,025,180216,55325,55230,10786,66016,913
2022-03-24,Inyo,027,18085,4063,4060,482,4542,56
2022-03-24,Kern,029,883053,191658,191288,46251,237539,2201
2022-03-24,Kings,031,150075,51442,51397,3622,55019,444
2022-03-24,Lake,033,64148,10683,10659,897,11556,136
2022-03-24,Lassen,035,31185,8957,8944,889,9833,63
2022-03-24,Los Angeles,037,10098052,2706150,2698028,123845,2821873,31291
2022-03-24,Madera,039,155013,37259,37321,6109,43430,354
2022-03-24,Marin,041,260295,33414,33317,2217,35534,287
2022-03-24,Mariposa,043,17540,2395,2386,202,2588,23
2022-03-24,Mendocino,045,87422,13041,13038,3038,16076,118
2022-03-24,Merced,047,269075,62074,62083,8666,70749,805
2022-03-24,Modoc,049,8938,737,736,250,986,7
2022-03-24,Mono,051,14174,2966,2966,122,3088,5
2022-03-24,Monterey,053,433212,79270,78688,13864,92552,724
2022-03-24,Napa,055,140530,25752,25701,961,26662,139
2022-03-24,Nevada,057,99092,15931,15960,1209,17169,123
2022-03-24,Orange,059,3164182,545842,545294,41467,586761,6853
2022-03-24,Placer,061,380077,62647,62634,7389,70023,613
2022-03-24,Plumas,063,18699,2965,2758,364,3122,13
2022-03-24,Riverside,065,2383286,590667,590060,28074,618134,6397
2022-03-24,Sacramento,067,1510023,280387,275529,27190,302719,2935
2022-03-24,San Benito,069,59416,12873,12885,516,13401,97
2022-03-24,San Bernardino,071,2135413,567873,560742,25087,585829,6840
2022-03-24,San Diego,073,3302833,749868,750170,52425,802595,5146
2022-03-24,San Francisco,075,870044,124100,124265,8300,132565,839
2022-03-24,San Joaquin,077,732212,166140,166079,10018,176097,2195
2022-03-24,San Luis Obispo,079,281455,52352,52369,3797,56166,469
2022-03-24,San Mateo,081,765935,121380,120165,7014,127179,684
2022-03-24,Santa Barbara,083,443738,85610,85477,4770,90247,674
2022-03-24,Santa Clara,085,1922200,310203,311189,12446,323635,2250
2022-03-24,Santa Cruz,087,273765,47670,47329,2131,49460,259
2022-03-24,Shasta,089,179085,30528,30542,6140,36682,527
2022-03-24,Sierra,091,2930,271,273,48,321,4
2022-03-24,Siskiyou,093,43540,4438,4433,2746,7179,80
2022-03-24,Solano,095,438530,81271,81659,5606,87265,441
2022-03-24,Sonoma,097,501317,83306,83113,2614,85727,485
2022-03-24,Stanislaus,099,539301,117303,117962,17680,135642,1565
2022-03-24,Sutter,101,95872,20449,20536,2125,22661,221
2022-03-24,Tehama,103,63373,12026,12036,2613,14649,195
2022-03-24,Trinity,105,12862,1182,1174,295,1469,20
2022-03-24,Tulare,107,460477,106375,104538,28476,133014,1400
2022-03-24,Tuolumne,109,53932,12617,12628,570,13198,180
2022-03-24,Ventura,111,848112,172990,172690,9478,182168,1455
2022-03-24,Yolo,113,214977,36934,36234,3215,39449,311
2022-03-24,Yuba,115,75493,15821,15807,1204,17011,117
2022-03-23,Alameda,001,1643700,255381,254559,14114,268673,1802
2022-03-23,Alpine,003,1148,124,124,1,125,0
2022-03-23,Amador,005,37829,8527,8475,652,9127,86
2022-03-23,Butte,007,227075,33012,32920,6731,39651,387
2022-03-23,Calaveras,009,45235,7246,7237,354,7591,120
2022-03-23,Colusa,011,21464,3437,3444,1072,4516,21
2022-03-23,Contra Costa,013,1133247,188145,187898,13239,201137,1279
2022-03-23,Del Norte,015,27424,5829,5830,196,6026,50
2022-03-23,El Dorado,017,186661,26677,26670,3242,29912,200
2022-03-23,Fresno,019,978130,231082,229656,23949,253605,2710
2022-03-23,Glenn,021,27897,4974,4975,1605,6580,47
2022-03-23,Humboldt,023,135768,16856,16908,2967,19875,139
2022-03-23,Imperial,025,180216,55319,55211,10785,65996,909
2022-03-23,Inyo,027,18085,4063,4060,482,4542,56
2022-03-23,Kern,029,883053,191641,191241,46246,237487,2196
2022-03-23,Kings,031,150075,51431,51384,3621,55005,442
2022-03-23,Lake,033,64148,10679,10658,896,11554,135
2022-03-23,Lassen,035,31185,8956,8944,888,9832,63
2022-03-23,Los Angeles,037,10098052,2705472,2697227,123814,2821041,31267
2022-03-23,Madera,039,155013,37254,37317,6105,43422,354
2022-03-23,Marin,041,260295,33388,33274,2212,35486,287
2022-03-23,Mariposa,043,17540,2393,2382,201,2583,11
2022-03-23,Mendocino,045,87422,13037,13033,3037,16070,118
2022-03-23,Merced,047,269075,62064,62056,8662,70718,805
2022-03-23,Modoc,049,8938,737,736,250,986,7
2022-03-23,Mono,051,14174,2966,2966,122,3088,5
2022-03-23,Monterey,053,433212,79253,78655,13839,92494,724
2022-03-23,Napa,055,140530,25739,25691,959,26650,139
2022-03-23,Nevada,057,99092,15929,15958,1209,17167,123
2022-03-23,Orange,059,3164182,545712,545158,41454,586612,6852
2022-03-23,Placer,061,380077,62628,62622,7387,70009,613
2022-03-23,Plumas,063,18699,2965,2747,364,3111,13
2022-03-23,Riverside,065,2383286,590594,589947,28069,618016,6388
2022-03-23,Sacramento,067,1510023,280325,275398,27183,302581,2934
2022-03-23,San Benito,069,59416,12872,12884,516,13400,97
2022-03-23,San Bernardino,071,2135413,567799,560550,25082,585632,6828
2022-03-23,San Diego,073,3302833,749674,749871,52402,802273,5143
2022-03-23,San Francisco,075,870044,123987,124110,8293,132403,838
2022-03-23,San Joaquin,077,732212,166102,166041,10011,176052,2187
2022-03-23,San Luis Obispo,079,281455,52335,52344,3791,56135,469
2022-03-23,San Mateo,081,765935,121296,120080,7004,127084,685
2022-03-23,Santa Barbara,083,443738,85593,85464,4769,90233,673
2022-03-23,Santa Clara,085,1922200,310039,310956,12434,323390,2250
2022-03-23,Santa Cruz,087,273765,47651,47314,2125,49439,259
2022-03-23,Shasta,089,179085,30524,30524,6139,36663,526
2022-03-23,Sierra,091,2930,271,273,48,321,4
2022-03-23,Siskiyou,093,43540,4437,4433,2746,7179,80
2022-03-23,Solano,095,438530,81237,81615,5605,87220,441
2022-03-23,Sonoma,097,501317,83272,83074,2611,85685,482
2022-03-23,Stanislaus,099,539301,117286,118041,17677,135718,1568
2022-03-23,Sutter,101,95872,20446,20532,2125,22657,218
2022-03-23,Tehama,103,63373,12023,12035,2613,14648,195
2022-03-23,Trinity,105,12862,1182,1174,295,1469,20
2022-03-23,Tulare,107,460477,106358,104489,28470,132959,1394
2022-03-23,Tuolumne,109,53932,12616,12629,570,13199,180
2022-03-23,Ventura,111,848112,172942,172647,9476,182123,1455
2022-03-23,Yolo,113,214977,36914,36197,3213,39410,308
2022-03-23,Yuba,115,75493,15814,15801,1203,17004,117
2022-03-22,Alameda,001,1643700,255258,254467,13742,268209,1802
2022-03-22,Alpine,003,1148,124,122,1,123,0
2022-03-22,Amador,005,37829,8526,8462,651,9113,86
2022-03-22,Butte,007,227075,33002,32907,6727,39634,387
2022-03-22,Calaveras,009,45235,7244,7237,354,7591,120
2022-03-22,Colusa,011,21464,3436,3445,1072,4517,21
2022-03-22,Contra Costa,013,1133247,188069,187813,13217,201030,1279
2022-03-22,Del Norte,015,27424,5823,5824,196,6020,50
2022-03-22,El Dorado,017,186661,26670,26661,3242,29903,200
2022-03-22,Fresno,019,978130,231033,229551,23939,253490,2708
2022-03-22,Glenn,021,27897,4971,4971,1605,6576,47
2022-03-22,Humboldt,023,135768,16853,16911,2967,19878,139
2022-03-22,Imperial,025,180216,55308,55170,10782,65952,908
2022-03-22,Inyo,027,18085,4063,4060,482,4542,56
2022-03-22,Kern,029,883053,191618,191213,46237,237450,2195
2022-03-22,Kings,031,150075,51419,51369,3620,54989,442
2022-03-22,Lake,033,64148,10677,10657,895,11552,135
2022-03-22,Lassen,035,31185,8956,8940,887,9827,63
2022-03-22,Los Angeles,037,10098052,2704809,2696746,123765,2820511,31250
2022-03-22,Madera,039,155013,37250,37304,6102,43406,354
2022-03-22,Marin,041,260295,33363,33253,2208,35461,287
2022-03-22,Mariposa,043,17540,2391,2382,201,2583,6
2022-03-22,Mendocino,045,87422,13032,13030,3035,16065,118
2022-03-22,Merced,047,269075,62054,62056,8658,70714,805
2022-03-22,Modoc,049,8938,737,735,250,985,7
2022-03-22,Mono,051,14174,2966,2963,122,3085,5
2022-03-22,Monterey,053,433212,79236,78614,13828,92442,724
2022-03-22,Napa,055,140530,25729,25688,958,26646,139
2022-03-22,Nevada,057,99092,15921,15950,1209,17159,123
2022-03-22,Orange,059,3164182,545568,545075,41434,586509,6843
2022-03-22,Placer,061,380077,62615,62604,7385,69989,610
2022-03-22,Plumas,063,18699,2964,2744,364,3108,13
2022-03-22,Riverside,065,2383286,590519,589816,28066,617882,6383
2022-03-22,Sacramento,067,1510023,280249,275374,27172,302546,2927
2022-03-22,San Benito,069,59416,12871,12884,515,13399,97
2022-03-22,San Bernardino,071,2135413,567717,560371,25062,585433,6811
2022-03-22,San Diego,073,3302833,749474,749647,52382,802029,5141
2022-03-22,San Francisco,075,870044,123880,123998,8287,132285,838
2022-03-22,San Joaquin,077,732212,166074,165992,10007,175999,2187
2022-03-22,San Luis Obispo,079,281455,52327,52257,3791,56048,465
2022-03-22,San Mateo,081,765935,121222,119975,7000,126975,686
2022-03-22,Santa Barbara,083,443738,85576,85457,4768,90225,672
2022-03-22,Santa Clara,085,1922200,309870,310787,12422,323209,2249
2022-03-22,Santa Cruz,087,273765,47631,47287,2124,49411,259
2022-03-22,Shasta,089,179085,30518,30528,6138,36666,525
2022-03-22,Sierra,091,2930,271,273,48,321,4
2022-03-22,Siskiyou,093,43540,4437,4429,2745,7174,80
2022-03-22,Solano,095,438530,81214,81587,5604,87191,440
2022-03-22,Sonoma,097,501317,83243,83042,2607,85649,482
2022-03-22,Stanislaus,099,539301,117269,118025,17674,135699,1568
2022-03-22,Sutter,101,95872,20445,20525,2121,22646,218
2022-03-22,Tehama,103,63373,12021,12034,2613,14647,162
2022-03-22,Trinity,105,12862,1182,1174,295,1469,20
2022-03-22,Tulare,107,460477,106346,104431,28461,132892,1391
2022-03-22,Tuolumne,109,53932,12616,12628,570,13198,180
2022-03-22,Ventura,111,848112,172893,172590,9474,182064,1455
2022-03-22,Yolo,113,214977,36894,36184,3212,39396,308
2022-03-22,Yuba,115,75493,15811,15795,1202,16997,117
2022-03-21,Alameda,001,1643700,255042,254354,13733,268087,1799
2022-03-21,Alpine,003,1148,124,122,1,123,0
2022-03-21,Amador,005,37829,8523,8461,650,9111,85
2022-03-21,Butte,007,227075,32991,32895,6723,39618,385
2022-03-21,Calaveras,009,45235,7243,7237,354,7591,119
2022-03-21,Colusa,011,21464,3436,3445,1072,4517,21
2022-03-21,Contra Costa,013,1133247,188005,187509,13200,200709,1276
2022-03-21,Del Norte,015,27424,5822,5824,196,6020,50
2022-03-21,El Dorado,017,186661,26659,26610,3241,29851,199
2022-03-21,Fresno,019,978130,230984,229374,23930,253304,2707
2022-03-21,Glenn,021,27897,4969,4972,1599,6571,46
2022-03-21,Humboldt,023,135768,16843,16912,2954,19866,139
2022-03-21,Imperial,025,180216,55295,55133,10781,65914,908
2022-03-21,Inyo,027,18085,4062,4060,482,4542,56
2022-03-21,Kern,029,883053,191585,191184,46231,237415,2187
2022-03-21,Kings,031,150075,51405,51366,3618,54984,441
2022-03-21,Lake,033,64148,10675,10655,895,11550,135
2022-03-21,Lassen,035,31185,8955,8939,887,9826,63
2022-03-21,Los Angeles,037,10098052,2703945,2694711,123716,2818427,31218
2022-03-21,Madera,039,155013,37245,37288,6098,43386,354
2022-03-21,Marin,041,260295,33319,33242,2203,35445,287
2022-03-21,Mariposa,043,17540,2390,2383,200,2583,6
2022-03-21,Mendocino,045,87422,13024,13028,3033,16061,118
2022-03-21,Merced,047,269075,62040,62048,8653,70701,803
2022-03-21,Modoc,049,8938,735,734,250,984,7
2022-03-21,Mono,051,14174,2966,2962,122,3084,5
2022-03-21,Monterey,053,433212,79187,78572,13814,92386,724
2022-03-21,Napa,055,140530,25721,25684,956,26640,138
2022-03-21,Nevada,057,99092,15917,15963,1208,17171,123
2022-03-21,Orange,059,3164182,545414,544943,41417,586360,6841
2022-03-21,Placer,061,380077,62596,62550,7384,69934,610
2022-03-21,Plumas,063,18699,2964,2744,364,3108,13
2022-03-21,Riverside,065,2383286,590438,589707,28060,617767,6376
2022-03-21,Sacramento,067,1510023,280158,275334,27158,302492,2925
2022-03-21,San Benito,069,59416,12865,12872,515,13387,97
2022-03-21,San Bernardino,071,2135413,567628,560210,25049,585259,6807
2022-03-21,San Diego,073,3302833,749250,748833,52362,801195,5138
2022-03-21,San Francisco,075,870044,123712,123912,8278,132190,835
2022-03-21,San Joaquin,077,732212,166048,165939,10004,175943,2185
2022-03-21,San Luis Obispo,079,281455,52302,52219,3786,56005,463
2022-03-21,San Mateo,081,765935,121063,119899,6998,126897,684
2022-03-21,Santa Barbara,083,443738,85561,85416,4766,90182,672
2022-03-21,Santa Clara,085,1922200,309609,310509,12419,322928,2245
2022-03-21,Santa Cruz,087,273765,47595,47267,2123,49390,259
2022-03-21,Shasta,089,179085,30512,30523,6136,36659,525
2022-03-21,Sierra,091,2930,271,273,48,321,4
2022-03-21,Siskiyou,093,43540,4437,4426,2745,7171,80
2022-03-21,Solano,095,438530,81186,81399,5604,87003,441
2022-03-21,Sonoma,097,501317,83205,82979,2602,85581,482
2022-03-21,Stanislaus,099,539301,117236,118144,17671,135815,1571
2022-03-21,Sutter,101,95872,20442,20523,2108,22631,218
2022-03-21,Tehama,103,63373,12017,12030,2613,14643,160
2022-03-21,Trinity,105,12862,1182,1174,295,1469,20
2022-03-21,Tulare,107,460477,106326,104350,28456,132806,1389
2022-03-21,Tuolumne,109,53932,12616,12620,570,13190,180
2022-03-21,Ventura,111,848112,172823,172537,9470,182007,1452
2022-03-21,Yolo,113,214977,36878,36141,3210,39351,307
2022-03-21,Yuba,115,75493,15808,15790,1201,16991,117
2022-03-20,Alameda,001,1643700,254907,254293,13722,268015,1801
2022-03-20,Alpine,003,1148,122,122,1,123,0
2022-03-20,Amador,005,37829,8520,8460,650,9110,85
2022-03-20,Butte,007,227075,32976,32892,6719,39611,385
2022-03-20,Calaveras,009,45235,7242,7233,351,7584,119
2022-03-20,Colusa,011,21464,3436,3446,1072,4518,21
2022-03-20,Contra Costa,013,1133247,187901,187467,13189,200656,1276
2022-03-20,Del Norte,015,27424,5820,5821,196,6017,50
2022-03-20,El Dorado,017,186661,26651,26608,3241,29849,199
2022-03-20,Fresno,019,978130,230907,229297,23919,253216,2707
2022-03-20,Glenn,021,27897,4968,4972,1599,6571,46
2022-03-20,Humboldt,023,135768,16841,16913,2952,19865,139
2022-03-20,Imperial,025,180216,55284,55133,10780,65913,908
2022-03-20,Inyo,027,18085,4062,4060,482,4542,56
2022-03-20,Kern,029,883053,191541,191170,46226,237396,2187
2022-03-20,Kings,031,150075,51394,51360,3618,54978,441
2022-03-20,Lake,033,64148,10671,10652,895,11547,135
2022-03-20,Lassen,035,31185,8953,8938,887,9825,63
2022-03-20,Los Angeles,037,10098052,2703149,2694698,123670,2818368,31219
2022-03-20,Madera,039,155013,37240,37284,6094,43378,354
2022-03-20,Marin,041,260295,33303,33232,2202,35434,275
2022-03-20,Mariposa,043,17540,2390,2383,200,2583,6
2022-03-20,Mendocino,045,87422,13017,13027,3028,16055,118
2022-03-20,Merced,047,269075,62029,62041,8647,70688,803
2022-03-20,Modoc,049,8938,735,734,250,984,7
2022-03-20,Mono,051,14174,2964,2962,122,3084,5
2022-03-20,Monterey,053,433212,79154,78566,13803,92369,723
2022-03-20,Napa,055,140530,25709,25682,955,26637,138
2022-03-20,Nevada,057,99092,15913,15964,1208,17172,123
2022-03-20,Orange,059,3164182,545293,544862,41397,586259,6841
2022-03-20,Placer,061,380077,62576,62525,7384,69909,610
2022-03-20,Plumas,063,18699,2964,2744,364,3108,13
2022-03-20,Riverside,065,2383286,590341,589657,28055,617712,6376
2022-03-20,Sacramento,067,1510023,280080,275317,27142,302459,2927
2022-03-20,San Benito,069,59416,12865,12869,514,13383,97
2022-03-20,San Bernardino,071,2135413,567547,560220,25040,585260,6805
2022-03-20,San Diego,073,3302833,749014,748833,52329,801162,5138
2022-03-20,San Francisco,075,870044,123562,123858,8266,132124,835
2022-03-20,San Joaquin,077,732212,166015,165927,10000,175927,2185
2022-03-20,San Luis Obispo,079,281455,52278,52217,3783,56000,463
2022-03-20,San Mateo,081,765935,121003,119901,6992,126893,684
2022-03-20,Santa Barbara,083,443738,85536,85412,4764,90176,672
2022-03-20,Santa Clara,085,1922200,309400,310412,12411,322823,2243
2022-03-20,Santa Cruz,087,273765,47568,47265,2122,49387,259
2022-03-20,Shasta,089,179085,30502,30522,6135,36657,525
2022-03-20,Sierra,091,2930,271,273,48,321,4
2022-03-20,Siskiyou,093,43540,4436,4426,2745,7171,80
2022-03-20,Solano,095,438530,81156,81393,5602,86995,441
2022-03-20,Sonoma,097,501317,83162,82965,2601,85566,481
2022-03-20,Stanislaus,099,539301,117210,118146,17667,135813,1572
2022-03-20,Sutter,101,95872,20435,20519,2098,22617,218
2022-03-20,Tehama,103,63373,12015,12030,2613,14643,160
2022-03-20,Trinity,105,12862,1182,1174,295,1469,20
2022-03-20,Tulare,107,460477,106305,104353,28442,132795,1389
2022-03-20,Tuolumne,109,53932,12611,12617,570,13187,180
2022-03-20,Ventura,111,848112,172773,172514,9465,181979,1451
2022-03-20,Yolo,113,214977,36859,36135,3209,39344,307
2022-03-20,Yuba,115,75493,15799,15787,1199,16986,117
2022-03-19,Alameda,001,1643700,254829,253936,13720,267656,1797
2022-03-19,Alpine,003,1148,122,122,1,123,0
2022-03-19,Amador,005,37829,8517,8456,650,9106,85
2022-03-19,Butte,007,227075,32968,32856,6719,39575,385
2022-03-19,Calaveras,009,45235,7242,7229,351,7580,119
2022-03-19,Colusa,011,21464,3434,3445,1072,4517,21
2022-03-19,Contra Costa,013,1133247,187865,187225,13188,200413,1276
2022-03-19,Del Norte,015,27424,5817,5815,196,6011,48
2022-03-19,El Dorado,017,186661,26647,26618,3241,29859,199
2022-03-19,Fresno,019,978130,230884,228965,23918,252883,2694
2022-03-19,Glenn,021,27897,4968,4971,1599,6570,44
2022-03-19,Humboldt,023,135768,16835,16901,2952,19853,138
2022-03-19,Imperial,025,180216,55283,55038,10779,65817,898
2022-03-19,Inyo,027,18085,4062,4061,482,4543,56
2022-03-19,Kern,029,883053,191526,190943,46218,237161,2184
2022-03-19,Kings,031,150075,51389,51334,3618,54952,441
2022-03-19,Lake,033,64148,10671,10641,895,11536,135
2022-03-19,Lassen,035,31185,8953,8925,887,9812,63
2022-03-19,Los Angeles,037,10098052,2702775,2686759,123636,2810395,31133
2022-03-19,Madera,039,155013,37240,37273,6094,43367,354
2022-03-19,Marin,041,260295,33285,33163,2198,35361,272
2022-03-19,Mariposa,043,17540,2389,2378,200,2578,6
2022-03-19,Mendocino,045,87422,13017,13012,3028,16040,117
2022-03-19,Merced,047,269075,62023,61985,8645,70630,800
2022-03-19,Modoc,049,8938,735,734,250,984,7
2022-03-19,Mono,051,14174,2964,2961,122,3083,5
2022-03-19,Monterey,053,433212,79143,78483,13796,92279,720
2022-03-19,Napa,055,140530,25706,25654,955,26609,138
2022-03-19,Nevada,057,99092,15911,15960,1208,17168,123
2022-03-19,Orange,059,3164182,545221,543907,41381,585288,6817
2022-03-19,Placer,061,380077,62562,62483,7384,69867,605
2022-03-19,Plumas,063,18699,2964,2724,364,3088,13
2022-03-19,Riverside,065,2383286,590290,589017,28047,617064,6359
2022-03-19,Sacramento,067,1510023,280039,274855,27138,301993,2913
2022-03-19,San Benito,069,59416,12864,12859,514,13373,97
2022-03-19,San Bernardino,071,2135413,567501,559935,25038,584973,6778
2022-03-19,San Diego,073,3302833,748914,747344,52317,799661,5133
2022-03-19,San Francisco,075,870044,123492,123587,8263,131850,833
2022-03-19,San Joaquin,077,732212,165990,165765,9997,175762,2181
2022-03-19,San Luis Obispo,079,281455,52272,52174,3783,55957,463
2022-03-19,San Mateo,081,765935,120966,119782,6991,126773,667
2022-03-19,Santa Barbara,083,443738,85522,85336,4763,90099,671
2022-03-19,Santa Clara,085,1922200,309278,309918,12402,322320,2225
2022-03-19,Santa Cruz,087,273765,47560,47203,2118,49321,256
2022-03-19,Shasta,089,179085,30498,30495,6135,36630,525
2022-03-19,Sierra,091,2930,271,273,48,321,4
2022-03-19,Siskiyou,093,43540,4435,4422,2745,7167,76
2022-03-19,Solano,095,438530,81147,81340,5599,86939,441
2022-03-19,Sonoma,097,501317,83145,82838,2598,85436,472
2022-03-19,Stanislaus,099,539301,117200,118138,17665,135803,1568
2022-03-19,Sutter,101,95872,20432,20503,2098,22601,218
2022-03-19,Tehama,103,63373,12015,12007,2613,14620,160
2022-03-19,Trinity,105,12862,1182,1173,295,1468,20
2022-03-19,Tulare,107,460477,106296,104290,28437,132727,1384
2022-03-19,Tuolumne,109,53932,12610,12617,570,13187,180
2022-03-19,Ventura,111,848112,172742,172380,9464,181844,1451
2022-03-19,Yolo,113,214977,36850,36086,3209,39295,306
2022-03-19,Yuba,115,75493,15795,15768,1198,16966,117
2022-03-18,Alameda,001,1643700,254770,253936,13716,267652,1797
2022-03-18,Alpine,003,1148,122,122,1,123,0
2022-03-18,Amador,005,37829,8517,8456,650,9106,85
2022-03-18,Butte,007,227075,32963,32856,6717,39573,385
2022-03-18,Calaveras,009,45235,7242,7229,351,7580,119
2022-03-18,Colusa,011,21464,3434,3445,1072,4517,21
2022-03-18,Contra Costa,013,1133247,187833,187225,13186,200411,1276
2022-03-18,Del Norte,015,27424,5815,5815,195,6010,48
2022-03-18,El Dorado,017,186661,26642,26618,3239,29857,199
2022-03-18,Fresno,019,978130,230852,228965,23918,252883,2694
2022-03-18,Glenn,021,27897,4968,4971,1599,6570,44
2022-03-18,Humboldt,023,135768,16832,16901,2951,19852,138
2022-03-18,Imperial,025,180216,55281,55038,10779,65817,898
2022-03-18,Inyo,027,18085,4062,4061,482,4543,56
2022-03-18,Kern,029,883053,191515,190943,46215,237158,2184
2022-03-18,Kings,031,150075,51381,51334,3618,54952,441
2022-03-18,Lake,033,64148,10669,10641,894,11535,135
2022-03-18,Lassen,035,31185,8952,8925,887,9812,63
2022-03-18,Los Angeles,037,10098052,2702425,2686759,123610,2810369,31133
2022-03-18,Madera,039,155013,37235,37273,6094,43367,354
2022-03-18,Marin,041,260295,33271,33163,2198,35361,272
2022-03-18,Mariposa,043,17540,2388,2378,200,2578,6
2022-03-18,Mendocino,045,87422,13013,13012,3028,16040,117
2022-03-18,Merced,047,269075,62012,61985,8645,70630,800
2022-03-18,Modoc,049,8938,735,734,250,984,7
2022-03-18,Mono,051,14174,2963,2961,122,3083,5
2022-03-18,Monterey,053,433212,79125,78483,13793,92276,720
2022-03-18,Napa,055,140530,25703,25654,955,26609,138
2022-03-18,Nevada,057,99092,15908,15960,1207,17167,123
2022-03-18,Orange,059,3164182,545155,543907,41372,585279,6817
2022-03-18,Placer,061,380077,62553,62483,7384,69867,605
2022-03-18,Plumas,063,18699,2964,2724,364,3088,13
2022-03-18,Riverside,065,2383286,590230,589017,28043,617060,6359
2022-03-18,Sacramento,067,1510023,280003,274855,27133,301988,2913
2022-03-18,San Benito,069,59416,12862,12859,514,13373,97
2022-03-18,San Bernardino,071,2135413,567463,559935,25036,584971,6778
2022-03-18,San Diego,073,3302833,748806,747344,52302,799646,5133
2022-03-18,San Francisco,075,870044,123413,123587,8256,131843,833
2022-03-18,San Joaquin,077,732212,165975,165765,9992,175757,2181
2022-03-18,San Luis Obispo,079,281455,52266,52174,3783,55957,463
2022-03-18,San Mateo,081,765935,120931,119782,6988,126770,667
2022-03-18,Santa Barbara,083,443738,85512,85336,4762,90098,671
2022-03-18,Santa Clara,085,1922200,309174,309918,12399,322317,2225
2022-03-18,Santa Cruz,087,273765,47548,47203,2117,49320,256
2022-03-18,Shasta,089,179085,30497,30495,6135,36630,525
2022-03-18,Sierra,091,2930,271,273,48,321,4
2022-03-18,Siskiyou,093,43540,4435,4422,2745,7167,76
2022-03-18,Solano,095,438530,81136,81340,5593,86933,441
2022-03-18,Sonoma,097,501317,83124,82838,2597,85435,472
2022-03-18,Stanislaus,099,539301,117187,118138,17665,135803,1568
2022-03-18,Sutter,101,95872,20429,20503,2098,22601,218
2022-03-18,Tehama,103,63373,12014,12007,2613,14620,160
2022-03-18,Trinity,105,12862,1182,1173,295,1468,20
2022-03-18,Tulare,107,460477,106290,104290,28431,132721,1384
2022-03-18,Tuolumne,109,53932,12609,12617,570,13187,180
2022-03-18,Ventura,111,848112,172722,172380,9459,181839,1451
2022-03-18,Yolo,113,214977,36839,36086,3209,39295,306
2022-03-18,Yuba,115,75493,15793,15768,1198,16966,117
2022-03-17,Alameda,001,1643700,254670,253936,13710,267646,1797
2022-03-17,Alpine,003,1148,122,122,1,123,0
2022-03-17,Amador,005,37829,8510,8456,650,9106,85
2022-03-17,Butte,007,227075,32949,32856,6715,39571,385
2022-03-17,Calaveras,009,45235,7239,7229,351,7580,119
2022-03-17,Colusa,011,21464,3434,3445,1072,4517,21
2022-03-17,Contra Costa,013,1133247,187769,187225,13175,200400,1276
2022-03-17,Del Norte,015,27424,5813,5815,195,6010,48
2022-03-17,El Dorado,017,186661,26636,26618,3239,29857,199
2022-03-17,Fresno,019,978130,230802,228965,23913,252878,2694
2022-03-17,Glenn,021,27897,4968,4971,1599,6570,44
2022-03-17,Humboldt,023,135768,16828,16901,2949,19850,138
2022-03-17,Imperial,025,180216,55270,55038,10779,65817,898
2022-03-17,Inyo,027,18085,4062,4061,482,4543,56
2022-03-17,Kern,029,883053,191486,190943,46212,237155,2184
2022-03-17,Kings,031,150075,51378,51334,3617,54951,441
2022-03-17,Lake,033,64148,10666,10641,894,11535,135
2022-03-17,Lassen,035,31185,8950,8925,887,9812,63
2022-03-17,Los Angeles,037,10098052,2701762,2686759,123574,2810333,31133
2022-03-17,Madera,039,155013,37231,37273,6093,43366,354
2022-03-17,Marin,041,260295,33259,33163,2197,35360,272
2022-03-17,Mariposa,043,17540,2388,2378,200,2578,6
2022-03-17,Mendocino,045,87422,13009,13012,3025,16037,117
2022-03-17,Merced,047,269075,62006,61985,8643,70628,800
2022-03-17,Modoc,049,8938,735,734,250,984,7
2022-03-17,Mono,051,14174,2963,2961,121,3082,5
2022-03-17,Monterey,053,433212,79102,78483,13787,92270,720
2022-03-17,Napa,055,140530,25698,25654,955,26609,138
2022-03-17,Nevada,057,99092,15905,15960,1207,17167,123
2022-03-17,Orange,059,3164182,545061,543907,41362,585269,6817
2022-03-17,Placer,061,380077,62538,62483,7382,69865,605
2022-03-17,Plumas,063,18699,2963,2724,364,3088,13
2022-03-17,Riverside,065,2383286,590150,589017,28036,617053,6359
2022-03-17,Sacramento,067,1510023,279936,274855,27125,301980,2913
2022-03-17,San Benito,069,59416,12861,12859,514,13373,97
2022-03-17,San Bernardino,071,2135413,567399,559935,25033,584968,6778
2022-03-17,San Diego,073,3302833,748630,747344,52288,799632,5133
2022-03-17,San Francisco,075,870044,123332,123587,8251,131838,833
2022-03-17,San Joaquin,077,732212,165955,165765,9990,175755,2181
2022-03-17,San Luis Obispo,079,281455,52252,52174,3781,55955,463
2022-03-17,San Mateo,081,765935,120883,119782,6984,126766,667
2022-03-17,Santa Barbara,083,443738,85496,85336,4762,90098,671
2022-03-17,Santa Clara,085,1922200,309054,309918,12394,322312,2225
2022-03-17,Santa Cruz,087,273765,47532,47203,2115,49318,256
2022-03-17,Shasta,089,179085,30493,30495,6133,36628,525
2022-03-17,Sierra,091,2930,271,273,48,321,4
2022-03-17,Siskiyou,093,43540,4434,4422,2745,7167,76
2022-03-17,Solano,095,438530,81107,81340,5590,86930,441
2022-03-17,Sonoma,097,501317,83095,82838,2595,85433,472
2022-03-17,Stanislaus,099,539301,117173,118138,17660,135798,1568
2022-03-17,Sutter,101,95872,20419,20503,2084,22587,218
2022-03-17,Tehama,103,63373,12014,12007,2612,14619,160
2022-03-17,Trinity,105,12862,1182,1173,295,1468,20
2022-03-17,Tulare,107,460477,106274,104290,28420,132710,1384
2022-03-17,Tuolumne,109,53932,12606,12617,569,13186,180
2022-03-17,Ventura,111,848112,172673,172380,9457,181837,1451
2022-03-17,Yolo,113,214977,36825,36086,3209,39295,306
2022-03-17,Yuba,115,75493,15791,15768,1197,16965,117
2022-03-16,Alameda,001,1643700,254570,253792,13706,267498,1794
2022-03-16,Alpine,003,1148,122,122,1,123,0
2022-03-16,Amador,005,37829,8502,8449,650,9099,85
2022-03-16,Butte,007,227075,32938,32837,6710,39547,385
2022-03-16,Calaveras,009,45235,7237,7229,351,7580,120
2022-03-16,Colusa,011,21464,3434,3445,1072,4517,22
2022-03-16,Contra Costa,013,1133247,187711,187100,13164,200264,1266
2022-03-16,Del Norte,015,27424,5812,5811,193,6004,48
2022-03-16,El Dorado,017,186661,26623,26602,3238,29840,199
2022-03-16,Fresno,019,978130,230755,228786,23902,252688,2689
2022-03-16,Glenn,021,27897,4968,4969,1598,6567,44
2022-03-16,Humboldt,023,135768,16825,16893,2949,19842,138
2022-03-16,Imperial,025,180216,55258,55002,10778,65780,897
2022-03-16,Inyo,027,18085,4061,4061,482,4543,56
2022-03-16,Kern,029,883053,191444,190835,46205,237040,2170
2022-03-16,Kings,031,150075,51363,51321,3617,54938,437
2022-03-16,Lake,033,64148,10664,10633,893,11526,133
2022-03-16,Lassen,035,31185,8947,8924,887,9811,62
2022-03-16,Los Angeles,037,10098052,2701134,2685789,123533,2809322,31102
2022-03-16,Madera,039,155013,37221,37262,6092,43354,354
2022-03-16,Marin,041,260295,33238,33136,2195,35331,272
2022-03-16,Mariposa,043,17540,2386,2376,200,2576,6
2022-03-16,Mendocino,045,87422,13006,13011,3024,16035,117
2022-03-16,Merced,047,269075,61991,61959,8637,70596,798
2022-03-16,Modoc,049,8938,734,734,250,984,7
2022-03-16,Mono,051,14174,2963,2960,121,3081,5
2022-03-16,Monterey,053,433212,79080,78416,13782,92198,720
2022-03-16,Napa,055,140530,25689,25638,954,26592,138
2022-03-16,Nevada,057,99092,15903,15960,1207,17167,123
2022-03-16,Orange,059,3164182,544938,543326,41338,584664,6791
2022-03-16,Placer,061,380077,62522,62435,7380,69815,605
2022-03-16,Plumas,063,18699,2963,2723,364,3087,13
2022-03-16,Riverside,065,2383286,590053,588761,28033,616794,6351
2022-03-16,Sacramento,067,1510023,279870,274709,27118,301827,2910
2022-03-16,San Benito,069,59416,12856,12854,514,13368,97
2022-03-16,San Bernardino,071,2135413,567319,559746,25026,584772,6775
2022-03-16,San Diego,073,3302833,748425,746970,52264,799234,5126
2022-03-16,San Francisco,075,870044,123232,123446,8243,131689,831
2022-03-16,San Joaquin,077,732212,165908,165703,9987,175690,2169
2022-03-16,San Luis Obispo,079,281455,52234,52132,3777,55909,462
2022-03-16,San Mateo,081,765935,120820,119680,6975,126655,660
2022-03-16,Santa Barbara,083,443738,85463,85322,4757,90079,670
2022-03-16,Santa Clara,085,1922200,308868,309689,12379,322068,2224
2022-03-16,Santa Cruz,087,273765,47503,47161,2115,49276,255
2022-03-16,Shasta,089,179085,30484,30489,6129,36618,527
2022-03-16,Sierra,091,2930,271,273,48,321,4
2022-03-16,Siskiyou,093,43540,4431,4419,2743,7162,76
2022-03-16,Solano,095,438530,81084,81277,5588,86865,440
2022-03-16,Sonoma,097,501317,83052,82791,2586,85377,472
2022-03-16,Stanislaus,099,539301,117148,118072,17658,135730,1567
2022-03-16,Sutter,101,95872,20417,20494,2083,22577,218
2022-03-16,Tehama,103,63373,12012,11999,2612,14611,160
2022-03-16,Trinity,105,12862,1182,1173,295,1468,20
2022-03-16,Tulare,107,460477,106261,104217,28414,132631,1377
2022-03-16,Tuolumne,109,53932,12601,12610,569,13179,180
2022-03-16,Ventura,111,848112,172632,172212,9453,181665,1451
2022-03-16,Yolo,113,214977,36802,36079,3206,39285,307
2022-03-16,Yuba,115,75493,15786,15758,1197,16955,117
2022-03-15,Alameda,001,1643700,254438,253694,13696,267390,1793
2022-03-15,Alpine,003,1148,122,122,1,123,0
2022-03-15,Amador,005,37829,8499,8448,650,9098,85
2022-03-15,Butte,007,227075,32925,32822,6708,39530,385
2022-03-15,Calaveras,009,45235,7235,7236,351,7587,118
2022-03-15,Colusa,011,21464,3434,3445,1072,4517,21
2022-03-15,Contra Costa,013,1133247,187630,187021,13155,200176,1265
2022-03-15,Del Norte,015,27424,5807,5806,190,5996,48
2022-03-15,El Dorado,017,186661,26620,26596,3237,29833,199
2022-03-15,Fresno,019,978130,230712,228631,23892,252523,2689
2022-03-15,Glenn,021,27897,4966,4966,1598,6564,44
2022-03-15,Humboldt,023,135768,16819,16889,2948,19837,138
2022-03-15,Imperial,025,180216,55248,54981,10774,65755,896
2022-03-15,Inyo,027,18085,4061,4062,481,4543,56
2022-03-15,Kern,029,883053,191415,190645,46195,236840,2168
2022-03-15,Kings,031,150075,51344,51317,3613,54930,437
2022-03-15,Lake,033,64148,10660,10631,893,11524,131
2022-03-15,Lassen,035,31185,8945,8926,886,9812,62
2022-03-15,Los Angeles,037,10098052,2700454,2685071,123474,2808545,31077
2022-03-15,Madera,039,155013,37212,37258,6091,43349,354
2022-03-15,Marin,041,260295,33215,33111,2194,35305,272
2022-03-15,Mariposa,043,17540,2384,2377,200,2577,6
2022-03-15,Mendocino,045,87422,13001,13005,3023,16028,117
2022-03-15,Merced,047,269075,61974,61916,8628,70544,798
2022-03-15,Modoc,049,8938,734,733,250,983,7
2022-03-15,Mono,051,14174,2963,2961,121,3082,5
2022-03-15,Monterey,053,433212,79050,78400,13774,92174,718
2022-03-15,Napa,055,140530,25681,25657,952,26609,138
2022-03-15,Nevada,057,99092,15901,15960,1205,17165,123
2022-03-15,Orange,059,3164182,544797,543197,41331,584528,6780
2022-03-15,Placer,061,380077,62505,62398,7376,69774,604
2022-03-15,Plumas,063,18699,2962,2722,364,3086,13
2022-03-15,Riverside,065,2383286,589952,588622,28025,616647,6333
2022-03-15,Sacramento,067,1510023,279784,274633,27111,301744,2907
2022-03-15,San Benito,069,59416,12852,12849,514,13363,95
2022-03-15,San Bernardino,071,2135413,567244,559605,25021,584626,6770
2022-03-15,San Diego,073,3302833,748181,746474,52242,798716,5116
2022-03-15,San Francisco,075,870044,123116,123526,8234,131760,831
2022-03-15,San Joaquin,077,732212,165865,165664,9981,175645,2161
2022-03-15,San Luis Obispo,079,281455,52224,52060,3773,55833,458
2022-03-15,San Mateo,081,765935,120769,119586,6969,126555,649
2022-03-15,Santa Barbara,083,443738,85438,85353,4753,90106,668
2022-03-15,Santa Clara,085,1922200,308707,309535,12367,321902,2224
2022-03-15,Santa Cruz,087,273765,47450,47117,2115,49232,255
2022-03-15,Shasta,089,179085,30475,30476,6126,36602,524
2022-03-15,Sierra,091,2930,271,273,48,321,4
2022-03-15,Siskiyou,093,43540,4431,4420,2743,7163,76
2022-03-15,Solano,095,438530,81049,81260,5587,86847,440
2022-03-15,Sonoma,097,501317,83011,82737,2586,85323,472
2022-03-15,Stanislaus,099,539301,117130,118085,17654,135739,1567
2022-03-15,Sutter,101,95872,20414,20480,2073,22553,217
2022-03-15,Tehama,103,63373,12009,11997,2611,14608,160
2022-03-15,Trinity,105,12862,1182,1173,295,1468,20
2022-03-15,Tulare,107,460477,106242,104153,28402,132555,1375
2022-03-15,Tuolumne,109,53932,12597,12602,569,13171,180
2022-03-15,Ventura,111,848112,172587,172150,9449,181599,1451
2022-03-15,Yolo,113,214977,36786,36079,3200,39279,308
2022-03-15,Yuba,115,75493,15778,15756,1197,16953,116
2022-03-14,Alameda,001,1643700,254325,253629,13691,267320,1791
2022-03-14,Alpine,003,1148,122,122,1,123,0
2022-03-14,Amador,005,37829,8494,8448,650,9098,85
2022-03-14,Butte,007,227075,32907,32812,6707,39519,385
2022-03-14,Calaveras,009,45235,7234,7245,351,7596,118
2022-03-14,Colusa,011,21464,3433,3445,1072,4517,21
2022-03-14,Contra Costa,013,1133247,187537,186969,13146,200115,1265
2022-03-14,Del Norte,015,27424,5801,5807,190,5997,48
2022-03-14,El Dorado,017,186661,26615,26570,3237,29807,199
2022-03-14,Fresno,019,978130,230638,228470,23882,252352,2682
2022-03-14,Glenn,021,27897,4964,4966,1597,6563,44
2022-03-14,Humboldt,023,135768,16812,16890,2946,19836,137
2022-03-14,Imperial,025,180216,55237,54933,10773,65706,897
2022-03-14,Inyo,027,18085,4061,4062,481,4543,56
2022-03-14,Kern,029,883053,191380,190526,46184,236710,2166
2022-03-14,Kings,031,150075,51326,51293,3612,54905,437
2022-03-14,Lake,033,64148,10657,10631,893,11524,131
2022-03-14,Lassen,035,31185,8945,8927,885,9812,62
2022-03-14,Los Angeles,037,10098052,2699823,2683369,123407,2806776,31034
2022-03-14,Madera,039,155013,37205,37255,6090,43345,354
2022-03-14,Marin,041,260295,33186,33099,2194,35293,272
2022-03-14,Mariposa,043,17540,2383,2376,200,2576,6
2022-03-14,Mendocino,045,87422,12996,12992,3016,16008,117
2022-03-14,Merced,047,269075,61955,61905,8626,70531,795
2022-03-14,Modoc,049,8938,733,731,250,981,7
2022-03-14,Mono,051,14174,2962,2961,121,3082,5
2022-03-14,Monterey,053,433212,79035,78376,13738,92114,718
2022-03-14,Napa,055,140530,25667,25649,952,26601,138
2022-03-14,Nevada,057,99092,15899,15954,1205,17159,123
2022-03-14,Orange,059,3164182,544659,543099,41323,584422,6775
2022-03-14,Placer,061,380077,62487,62389,7374,69763,601
2022-03-14,Plumas,063,18699,2962,2711,364,3075,13
2022-03-14,Riverside,065,2383286,589817,588531,28013,616544,6332
2022-03-14,Sacramento,067,1510023,279704,274682,27106,301788,2899
2022-03-14,San Benito,069,59416,12847,12846,513,13359,95
2022-03-14,San Bernardino,071,2135413,567157,559505,25016,584521,6767
2022-03-14,San Diego,073,3302833,747878,745515,52214,797729,5108
2022-03-14,San Francisco,075,870044,123025,123575,8228,131803,824
2022-03-14,San Joaquin,077,732212,165826,165662,9980,175642,2142
2022-03-14,San Luis Obispo,079,281455,52196,52046,3770,55816,458
2022-03-14,San Mateo,081,765935,120696,119564,6966,126530,649
2022-03-14,Santa Barbara,083,443738,85401,85396,4752,90148,667
2022-03-14,Santa Clara,085,1922200,308523,309600,12362,321962,2223
2022-03-14,Santa Cruz,087,273765,47412,47107,2112,49219,255
2022-03-14,Shasta,089,179085,30470,30462,6123,36585,520
2022-03-14,Sierra,091,2930,271,273,48,321,4
2022-03-14,Siskiyou,093,43540,4426,4419,2742,7161,76
2022-03-14,Solano,095,438530,81001,81233,5582,86815,440
2022-03-14,Sonoma,097,501317,82975,82731,2582,85313,473
2022-03-14,Stanislaus,099,539301,117094,118088,17650,135738,1567
2022-03-14,Sutter,101,95872,20407,20478,2073,22551,217
2022-03-14,Tehama,103,63373,12007,11996,2611,14607,160
2022-03-14,Trinity,105,12862,1182,1172,295,1467,20
2022-03-14,Tulare,107,460477,106213,104121,28394,132515,1365
2022-03-14,Tuolumne,109,53932,12596,12567,568,13135,180
2022-03-14,Ventura,111,848112,172534,172107,9447,181554,1442
2022-03-14,Yolo,113,214977,36770,36059,3198,39257,308
2022-03-14,Yuba,115,75493,15766,15748,1197,16945,116
2022-03-13,Alameda,001,1643700,254201,253547,13683,267230,1792
2022-03-13,Alpine,003,1148,122,122,1,123,0
2022-03-13,Amador,005,37829,8492,8444,650,9094,85
2022-03-13,Butte,007,227075,32887,32806,6703,39509,384
2022-03-13,Calaveras,009,45235,7229,7253,351,7604,118
2022-03-13,Colusa,011,21464,3433,3444,1070,4514,21
2022-03-13,Contra Costa,013,1133247,187441,186911,13131,200042,1265
2022-03-13,Del Norte,015,27424,5797,5808,190,5998,48
2022-03-13,El Dorado,017,186661,26610,26563,3236,29799,199
2022-03-13,Fresno,019,978130,230558,228421,23868,252289,2683
2022-03-13,Glenn,021,27897,4960,4966,1596,6562,44
2022-03-13,Humboldt,023,135768,16804,16883,2946,19829,137
2022-03-13,Imperial,025,180216,55226,54934,10771,65705,897
2022-03-13,Inyo,027,18085,4061,4062,480,4542,56
2022-03-13,Kern,029,883053,191326,190495,46170,236665,2166
2022-03-13,Kings,031,150075,51318,51273,3611,54884,437
2022-03-13,Lake,033,64148,10654,10626,893,11519,131
2022-03-13,Lassen,035,31185,8944,8929,884,9813,62
2022-03-13,Los Angeles,037,10098052,2699100,2683351,123363,2806714,31034
2022-03-13,Madera,039,155013,37197,37248,6090,43338,354
2022-03-13,Marin,041,260295,33162,33083,2192,35275,272
2022-03-13,Mariposa,043,17540,2381,2376,200,2576,6
2022-03-13,Mendocino,045,87422,12990,12987,3011,15998,117
2022-03-13,Merced,047,269075,61932,61895,8615,70510,795
2022-03-13,Modoc,049,8938,733,731,250,981,7
2022-03-13,Mono,051,14174,2962,2961,121,3082,5
2022-03-13,Monterey,053,433212,78999,78366,13688,92054,718
2022-03-13,Napa,055,140530,25653,25639,951,26590,138
2022-03-13,Nevada,057,99092,15892,15959,1205,17164,123
2022-03-13,Orange,059,3164182,544537,543036,41299,584335,6774
2022-03-13,Placer,061,380077,62460,62372,7371,69743,601
2022-03-13,Plumas,063,18699,2962,2711,364,3075,13
2022-03-13,Riverside,065,2383286,589684,588487,28007,616494,6332
2022-03-13,Sacramento,067,1510023,279605,274715,27094,301809,2899
2022-03-13,San Benito,069,59416,12841,12844,511,13355,95
2022-03-13,San Bernardino,071,2135413,567065,559450,25005,584455,6767
2022-03-13,San Diego,073,3302833,747536,745515,52180,797695,5108
2022-03-13,San Francisco,075,870044,122904,123622,8222,131844,824
2022-03-13,San Joaquin,077,732212,165777,165641,9978,175619,2142
2022-03-13,San Luis Obispo,079,281455,52166,52040,3767,55807,458
2022-03-13,San Mateo,081,765935,120618,119521,6957,126478,649
2022-03-13,Santa Barbara,083,443738,85361,85453,4750,90203,667
2022-03-13,Santa Clara,085,1922200,308352,309493,12353,321846,2225
2022-03-13,Santa Cruz,087,273765,47361,47087,2111,49198,255
2022-03-13,Shasta,089,179085,30453,30457,6121,36578,520
2022-03-13,Sierra,091,2930,271,273,48,321,4
2022-03-13,Siskiyou,093,43540,4426,4418,2742,7160,76
2022-03-13,Solano,095,438530,80966,81217,5578,86795,440
2022-03-13,Sonoma,097,501317,82940,82711,2579,85290,473
2022-03-13,Stanislaus,099,539301,117060,118075,17647,135722,1567
2022-03-13,Sutter,101,95872,20403,20474,2072,22546,217
2022-03-13,Tehama,103,63373,12006,11997,2610,14607,160
2022-03-13,Trinity,105,12862,1182,1172,295,1467,20
2022-03-13,Tulare,107,460477,106180,104119,28385,132504,1365
2022-03-13,Tuolumne,109,53932,12593,12565,568,13133,180
2022-03-13,Ventura,111,848112,172476,172080,9440,181520,1442
2022-03-13,Yolo,113,214977,36751,36019,3194,39213,308
2022-03-13,Yuba,115,75493,15761,15741,1197,16938,116
2022-03-12,Alameda,001,1643700,254134,253079,13678,266757,1783
2022-03-12,Alpine,003,1148,122,122,1,123,0
2022-03-12,Amador,005,37829,8488,8427,650,9077,84
2022-03-12,Butte,007,227075,32883,32774,6701,39475,380
2022-03-12,Calaveras,009,45235,7228,7253,351,7604,118
2022-03-12,Colusa,011,21464,3433,3440,1070,4510,21
2022-03-12,Contra Costa,013,1133247,187398,186618,13130,199748,1256
2022-03-12,Del Norte,015,27424,5796,5791,190,5981,48
2022-03-12,El Dorado,017,186661,26606,26538,3236,29774,199
2022-03-12,Fresno,019,978130,230536,228041,23868,251909,2653
2022-03-12,Glenn,021,27897,4960,4955,1596,6551,44
2022-03-12,Humboldt,023,135768,16800,16862,2945,19807,137
2022-03-12,Imperial,025,180216,55221,54837,10767,65604,896
2022-03-12,Inyo,027,18085,4061,4056,480,4536,56
2022-03-12,Kern,029,883053,191309,190330,46165,236495,2162
2022-03-12,Kings,031,150075,51312,51145,3611,54756,436
2022-03-12,Lake,033,64148,10652,10594,892,11486,131
2022-03-12,Lassen,035,31185,8943,8915,884,9799,62
2022-03-12,Los Angeles,037,10098052,2698773,2678858,123343,2802201,30901
2022-03-12,Madera,039,155013,37192,37223,6090,43313,354
2022-03-12,Marin,041,260295,33138,33015,2191,35206,272
2022-03-12,Mariposa,043,17540,2381,2372,200,2572,6
2022-03-12,Mendocino,045,87422,12986,12965,3011,15976,117
2022-03-12,Merced,047,269075,61925,61840,8614,70454,795
2022-03-12,Modoc,049,8938,733,730,250,980,7
2022-03-12,Mono,051,14174,2962,2960,120,3080,5
2022-03-12,Monterey,053,433212,78992,78285,13686,91971,716
2022-03-12,Napa,055,140530,25643,25584,950,26534,138
2022-03-12,Nevada,057,99092,15886,15947,1205,17152,123
2022-03-12,Orange,059,3164182,544471,542354,41290,583644,6718
2022-03-12,Placer,061,380077,62451,62282,7371,69653,598
2022-03-12,Plumas,063,18699,2962,2707,364,3071,13
2022-03-12,Riverside,065,2383286,589619,588022,28002,616024,6317
2022-03-12,Sacramento,067,1510023,279566,274519,27090,301609,2886
2022-03-12,San Benito,069,59416,12838,12868,511,13379,95
2022-03-12,San Bernardino,071,2135413,567021,559013,25004,584017,6734
2022-03-12,San Diego,073,3302833,747414,744386,52158,796544,5090
2022-03-12,San Francisco,075,870044,122839,123610,8216,131826,823
2022-03-12,San Joaquin,077,732212,165760,165516,9975,175491,2117
2022-03-12,San Luis Obispo,079,281455,52157,51947,3764,55711,457
2022-03-12,San Mateo,081,765935,120582,119288,6956,126244,641
2022-03-12,Santa Barbara,083,443738,85342,85421,4750,90171,664
2022-03-12,Santa Clara,085,1922200,308254,308989,12347,321336,2208
2022-03-12,Santa Cruz,087,273765,47348,46982,2110,49092,254
2022-03-12,Shasta,089,179085,30441,30419,6119,36538,517
2022-03-12,Sierra,091,2930,271,273,48,321,4
2022-03-12,Siskiyou,093,43540,4426,4405,2742,7147,75
2022-03-12,Solano,095,438530,80952,81058,5578,86636,436
2022-03-12,Sonoma,097,501317,82923,82622,2577,85199,473
2022-03-12,Stanislaus,099,539301,117046,117884,17646,135530,1564
2022-03-12,Sutter,101,95872,20402,20429,2072,22501,217
2022-03-12,Tehama,103,63373,12006,11983,2610,14593,159
2022-03-12,Trinity,105,12862,1181,1172,295,1467,20
2022-03-12,Tulare,107,460477,106175,103994,28379,132373,1358
2022-03-12,Tuolumne,109,53932,12592,12476,568,13044,180
2022-03-12,Ventura,111,848112,172451,171932,9438,181370,1442
2022-03-12,Yolo,113,214977,36744,35982,3192,39174,308
2022-03-12,Yuba,115,75493,15761,15722,1197,16919,116
2022-03-11,Alameda,001,1643700,254069,253079,13678,266757,1783
2022-03-11,Alpine,003,1148,122,122,1,123,0
2022-03-11,Amador,005,37829,8486,8427,650,9077,84
2022-03-11,Butte,007,227075,32879,32774,6700,39474,380
2022-03-11,Calaveras,009,45235,7228,7253,351,7604,118
2022-03-11,Colusa,011,21464,3433,3440,1070,4510,21
2022-03-11,Contra Costa,013,1133247,187350,186618,13128,199746,1256
2022-03-11,Del Norte,015,27424,5792,5791,190,5981,48
2022-03-11,El Dorado,017,186661,26602,26538,3236,29774,199
2022-03-11,Fresno,019,978130,230480,228041,23864,251905,2653
2022-03-11,Glenn,021,27897,4960,4955,1596,6551,44
2022-03-11,Humboldt,023,135768,16795,16862,2943,19805,137
2022-03-11,Imperial,025,180216,55215,54837,10766,65603,896
2022-03-11,Inyo,027,18085,4061,4056,480,4536,56
2022-03-11,Kern,029,883053,191288,190330,46160,236490,2162
2022-03-11,Kings,031,150075,51292,51145,3611,54756,436
2022-03-11,Lake,033,64148,10648,10594,892,11486,131
2022-03-11,Lassen,035,31185,8942,8915,884,9799,62
2022-03-11,Los Angeles,037,10098052,2698453,2678858,123318,2802176,30901
2022-03-11,Madera,039,155013,37187,37223,6090,43313,354
2022-03-11,Marin,041,260295,33122,33015,2190,35205,272
2022-03-11,Mariposa,043,17540,2380,2372,200,2572,6
2022-03-11,Mendocino,045,87422,12980,12965,3011,15976,117
2022-03-11,Merced,047,269075,61915,61840,8612,70452,795
2022-03-11,Modoc,049,8938,733,730,250,980,7
2022-03-11,Mono,051,14174,2961,2960,120,3080,5
2022-03-11,Monterey,053,433212,78979,78285,13680,91965,716
2022-03-11,Napa,055,140530,25632,25584,950,26534,138
2022-03-11,Nevada,057,99092,15883,15947,1205,17152,123
2022-03-11,Orange,059,3164182,544401,542354,41276,583630,6718
2022-03-11,Placer,061,380077,62440,62282,7370,69652,598
2022-03-11,Plumas,063,18699,2960,2707,364,3071,13
2022-03-11,Riverside,065,2383286,589541,588022,27998,616020,6317
2022-03-11,Sacramento,067,1510023,279498,274519,27087,301606,2886
2022-03-11,San Benito,069,59416,12837,12868,511,13379,95
2022-03-11,San Bernardino,071,2135413,566964,559013,24998,584011,6734
2022-03-11,San Diego,073,3302833,747248,744386,52144,796530,5090
2022-03-11,San Francisco,075,870044,122788,123610,8212,131822,823
2022-03-11,San Joaquin,077,732212,165726,165516,9972,175488,2117
2022-03-11,San Luis Obispo,079,281455,52149,51947,3763,55710,457
2022-03-11,San Mateo,081,765935,120533,119288,6953,126241,641
2022-03-11,Santa Barbara,083,443738,85322,85421,4749,90170,664
2022-03-11,Santa Clara,085,1922200,308154,308989,12343,321332,2208
2022-03-11,Santa Cruz,087,273765,47333,46982,2110,49092,254
2022-03-11,Shasta,089,179085,30436,30419,6116,36535,517
2022-03-11,Sierra,091,2930,271,273,48,321,4
2022-03-11,Siskiyou,093,43540,4424,4405,2740,7145,75
2022-03-11,Solano,095,438530,80938,81058,5577,86635,436
2022-03-11,Sonoma,097,501317,82898,82622,2575,85197,473
2022-03-11,Stanislaus,099,539301,117032,117884,17645,135529,1564
2022-03-11,Sutter,101,95872,20400,20429,2072,22501,217
2022-03-11,Tehama,103,63373,12004,11983,2610,14593,159
2022-03-11,Trinity,105,12862,1181,1172,295,1467,20
2022-03-11,Tulare,107,460477,106161,103994,28373,132367,1358
2022-03-11,Tuolumne,109,53932,12590,12476,568,13044,180
2022-03-11,Ventura,111,848112,172415,171932,9433,181365,1442
2022-03-11,Yolo,113,214977,36733,35982,3192,39174,308
2022-03-11,Yuba,115,75493,15758,15722,1197,16919,116
2022-03-10,Alameda,001,1643700,253958,253079,13672,266751,1783
2022-03-10,Alpine,003,1148,122,122,1,123,0
2022-03-10,Amador,005,37829,8485,8427,650,9077,84
2022-03-10,Butte,007,227075,32865,32774,6698,39472,380
2022-03-10,Calaveras,009,45235,7227,7253,350,7603,118
2022-03-10,Colusa,011,21464,3433,3440,1070,4510,21
2022-03-10,Contra Costa,013,1133247,187266,186618,13118,199736,1256
2022-03-10,Del Norte,015,27424,5783,5791,190,5981,48
2022-03-10,El Dorado,017,186661,26590,26538,3235,29773,199
2022-03-10,Fresno,019,978130,230406,228041,23854,251895,2653
2022-03-10,Glenn,021,27897,4958,4955,1596,6551,44
2022-03-10,Humboldt,023,135768,16786,16862,2942,19804,137
2022-03-10,Imperial,025,180216,55205,54837,10765,65602,896
2022-03-10,Inyo,027,18085,4060,4056,480,4536,56
2022-03-10,Kern,029,883053,191255,190330,46145,236475,2162
2022-03-10,Kings,031,150075,51263,51145,3610,54755,436
2022-03-10,Lake,033,64148,10638,10594,891,11485,131
2022-03-10,Lassen,035,31185,8942,8915,884,9799,62
2022-03-10,Los Angeles,037,10098052,2697899,2678858,123279,2802137,30901
2022-03-10,Madera,039,155013,37181,37223,6083,43306,354
2022-03-10,Marin,041,260295,33109,33015,2186,35201,272
2022-03-10,Mariposa,043,17540,2380,2372,200,2572,6
2022-03-10,Mendocino,045,87422,12976,12965,3011,15976,117
2022-03-10,Merced,047,269075,61899,61840,8606,70446,795
2022-03-10,Modoc,049,8938,732,730,250,980,7
2022-03-10,Mono,051,14174,2961,2960,120,3080,5
2022-03-10,Monterey,053,433212,78956,78285,13654,91939,716
2022-03-10,Napa,055,140530,25623,25584,949,26533,138
2022-03-10,Nevada,057,99092,15876,15947,1205,17152,123
2022-03-10,Orange,059,3164182,544276,542354,41259,583613,6718
2022-03-10,Placer,061,380077,62418,62282,7364,69646,598
2022-03-10,Plumas,063,18699,2959,2707,364,3071,13
2022-03-10,Riverside,065,2383286,589426,588022,27991,616013,6317
2022-03-10,Sacramento,067,1510023,279421,274519,27081,301600,2886
2022-03-10,San Benito,069,59416,12836,12868,510,13378,95
2022-03-10,San Bernardino,071,2135413,566891,559013,24991,584004,6734
2022-03-10,San Diego,073,3302833,746992,744386,52113,796499,5090
2022-03-10,San Francisco,075,870044,122720,123610,8205,131815,823
2022-03-10,San Joaquin,077,732212,165695,165516,9970,175486,2117
2022-03-10,San Luis Obispo,079,281455,52126,51947,3760,55707,457
2022-03-10,San Mateo,081,765935,120470,119288,6950,126238,641
2022-03-10,Santa Barbara,083,443738,85290,85421,4748,90169,664
2022-03-10,Santa Clara,085,1922200,308028,308989,12334,321323,2208
2022-03-10,Santa Cruz,087,273765,47301,46982,2110,49092,254
2022-03-10,Shasta,089,179085,30427,30419,6114,36533,517
2022-03-10,Sierra,091,2930,271,273,48,321,4
2022-03-10,Siskiyou,093,43540,4424,4405,2740,7145,75
2022-03-10,Solano,095,438530,80902,81058,5572,86630,436
2022-03-10,Sonoma,097,501317,82871,82622,2575,85197,473
2022-03-10,Stanislaus,099,539301,116996,117884,17643,135527,1564
2022-03-10,Sutter,101,95872,20396,20429,2072,22501,217
2022-03-10,Tehama,103,63373,12003,11983,2610,14593,159
2022-03-10,Trinity,105,12862,1181,1172,295,1467,20
2022-03-10,Tulare,107,460477,106142,103994,28367,132361,1358
2022-03-10,Tuolumne,109,53932,12587,12476,568,13044,180
2022-03-10,Ventura,111,848112,172374,171932,9430,181362,1442
2022-03-10,Yolo,113,214977,36720,35982,3191,39173,308
2022-03-10,Yuba,115,75493,15748,15722,1196,16918,116
2022-03-09,Alameda,001,1643700,253836,252893,13665,266558,1781
2022-03-09,Alpine,003,1148,122,125,1,126,0
2022-03-09,Amador,005,37829,8479,8409,650,9059,84
2022-03-09,Butte,007,227075,32856,32767,6693,39460,380
2022-03-09,Calaveras,009,45235,7225,7249,350,7599,117
2022-03-09,Colusa,011,21464,3432,3439,1070,4509,21
2022-03-09,Contra Costa,013,1133247,187171,186483,13102,199585,1256
2022-03-09,Del Norte,015,27424,5779,5765,190,5955,48
2022-03-09,El Dorado,017,186661,26585,26515,3235,29750,198
2022-03-09,Fresno,019,978130,230308,227885,23846,251731,2653
2022-03-09,Glenn,021,27897,4956,4953,1595,6548,44
2022-03-09,Humboldt,023,135768,16781,16854,2939,19793,137
2022-03-09,Imperial,025,180216,55200,54764,10763,65527,894
2022-03-09,Inyo,027,18085,4060,4056,480,4536,56
2022-03-09,Kern,029,883053,191207,190254,46132,236386,2159
2022-03-09,Kings,031,150075,51242,51122,3610,54732,435
2022-03-09,Lake,033,64148,10631,10586,891,11477,130
2022-03-09,Lassen,035,31185,8942,8901,884,9785,62
2022-03-09,Los Angeles,037,10098052,2697251,2677901,123240,2801141,30842
2022-03-09,Madera,039,155013,37174,37207,6082,43289,354
2022-03-09,Marin,041,260295,33091,32967,2186,35153,272
2022-03-09,Mariposa,043,17540,2377,2372,200,2572,6
2022-03-09,Mendocino,045,87422,12972,12957,3006,15963,117
2022-03-09,Merced,047,269075,61884,61792,8600,70392,792
2022-03-09,Modoc,049,8938,731,730,249,979,7
2022-03-09,Mono,051,14174,2961,2962,120,3082,5
2022-03-09,Monterey,053,433212,78932,78258,13607,91865,716
2022-03-09,Napa,055,140530,25602,25561,948,26509,138
2022-03-09,Nevada,057,99092,15867,15938,1204,17142,123
2022-03-09,Orange,059,3164182,544144,542278,41246,583524,6700
2022-03-09,Placer,061,380077,62396,62242,7360,69602,598
2022-03-09,Plumas,063,18699,2958,2708,364,3072,13
2022-03-09,Riverside,065,2383286,589330,587833,27981,615814,6305
2022-03-09,Sacramento,067,1510023,279336,274373,27064,301437,2877
2022-03-09,San Benito,069,59416,12833,12864,510,13374,95
2022-03-09,San Bernardino,071,2135413,566797,558795,24979,583774,6723
2022-03-09,San Diego,073,3302833,746721,743956,52086,796042,5083
2022-03-09,San Francisco,075,870044,122630,123676,8201,131877,812
2022-03-09,San Joaquin,077,732212,165655,165444,9964,175408,2113
2022-03-09,San Luis Obispo,079,281455,52107,51923,3757,55680,457
2022-03-09,San Mateo,081,765935,120412,119194,6938,126132,639
2022-03-09,Santa Barbara,083,443738,85274,85382,4746,90128,661
2022-03-09,Santa Clara,085,1922200,307891,308765,12323,321088,2206
2022-03-09,Santa Cruz,087,273765,47261,46917,2109,49026,254
2022-03-09,Shasta,089,179085,30405,30407,6113,36520,493
2022-03-09,Sierra,091,2930,271,273,48,321,4
2022-03-09,Siskiyou,093,43540,4422,4403,2739,7142,75
2022-03-09,Solano,095,438530,80866,80984,5570,86554,436
2022-03-09,Sonoma,097,501317,82838,82574,2573,85147,473
2022-03-09,Stanislaus,099,539301,116959,117827,17638,135465,1541
2022-03-09,Sutter,101,95872,20385,20409,2068,22477,217
2022-03-09,Tehama,103,63373,11999,11980,2610,14590,159
2022-03-09,Trinity,105,12862,1181,1174,295,1469,20
2022-03-09,Tulare,107,460477,106114,103932,28352,132284,1350
2022-03-09,Tuolumne,109,53932,12585,12444,568,13012,180
2022-03-09,Ventura,111,848112,172324,171852,9427,181279,1448
2022-03-09,Yolo,113,214977,36701,35973,3176,39149,308
2022-03-09,Yuba,115,75493,15743,15714,1195,16909,115
2022-03-08,Alameda,001,1643700,253683,252744,13653,266397,1769
2022-03-08,Alpine,003,1148,122,125,1,126,0
2022-03-08,Amador,005,37829,8465,8407,650,9057,84
2022-03-08,Butte,007,227075,32843,32759,6688,39447,380
2022-03-08,Calaveras,009,45235,7221,7245,350,7595,117
2022-03-08,Colusa,011,21464,3429,3439,1069,4508,21
2022-03-08,Contra Costa,013,1133247,187084,186396,13088,199484,1256
2022-03-08,Del Norte,015,27424,5773,5763,190,5953,48
2022-03-08,El Dorado,017,186661,26575,26503,3228,29731,197
2022-03-08,Fresno,019,978130,230209,227808,23837,251645,2653
2022-03-08,Glenn,021,27897,4955,4944,1594,6538,43
2022-03-08,Humboldt,023,135768,16769,16837,2926,19763,137
2022-03-08,Imperial,025,180216,55185,54721,10761,65482,890
2022-03-08,Inyo,027,18085,4057,4056,480,4536,56
2022-03-08,Kern,029,883053,191143,190208,46117,236325,2154
2022-03-08,Kings,031,150075,51200,51089,3607,54696,434
2022-03-08,Lake,033,64148,10621,10571,891,11462,130
2022-03-08,Lassen,035,31185,8941,8897,884,9781,62
2022-03-08,Los Angeles,037,10098052,2696557,2677166,123201,2800367,30803
2022-03-08,Madera,039,155013,37164,37185,6081,43266,354
2022-03-08,Marin,041,260295,33054,32943,2185,35128,272
2022-03-08,Mariposa,043,17540,2375,2371,200,2571,6
2022-03-08,Mendocino,045,87422,12968,12950,3005,15955,117
2022-03-08,Merced,047,269075,61864,61767,8590,70357,791
2022-03-08,Modoc,049,8938,730,729,249,978,7
2022-03-08,Mono,051,14174,2960,2961,120,3081,5
2022-03-08,Monterey,053,433212,78912,78247,13568,91815,711
2022-03-08,Napa,055,140530,25576,25528,947,26475,137
2022-03-08,Nevada,057,99092,15856,15939,1203,17142,122
2022-03-08,Orange,059,3164182,543994,542164,41225,583389,6692
2022-03-08,Placer,061,380077,62369,62221,7359,69580,594
2022-03-08,Plumas,063,18699,2958,2703,364,3067,13
2022-03-08,Riverside,065,2383286,589220,587686,27973,615659,6294
2022-03-08,Sacramento,067,1510023,279242,274276,27045,301321,2872
2022-03-08,San Benito,069,59416,12831,12855,510,13365,94
2022-03-08,San Bernardino,071,2135413,566704,558512,24969,583481,6715
2022-03-08,San Diego,073,3302833,746377,743604,52069,795673,5077
2022-03-08,San Francisco,075,870044,122541,123675,8196,131871,807
2022-03-08,San Joaquin,077,732212,165620,165381,9960,175341,2104
2022-03-08,San Luis Obispo,079,281455,52080,51900,3754,55654,451
2022-03-08,San Mateo,081,765935,120331,119103,6928,126031,638
2022-03-08,Santa Barbara,083,443738,85242,85363,4746,90109,659
2022-03-08,Santa Clara,085,1922200,307682,308528,12314,320842,2206
2022-03-08,Santa Cruz,087,273765,47225,46875,2108,48983,254
2022-03-08,Shasta,089,179085,30386,30372,6110,36482,493
2022-03-08,Sierra,091,2930,271,273,48,321,4
2022-03-08,Siskiyou,093,43540,4418,4404,2739,7143,74
2022-03-08,Solano,095,438530,80838,80924,5566,86490,434
2022-03-08,Sonoma,097,501317,82790,82571,2572,85143,473
2022-03-08,Stanislaus,099,539301,116915,117782,17629,135411,1541
2022-03-08,Sutter,101,95872,20377,20403,2068,22471,217
2022-03-08,Tehama,103,63373,11995,11972,2609,14581,158
2022-03-08,Trinity,105,12862,1181,1174,295,1469,20
2022-03-08,Tulare,107,460477,106075,103893,28340,132233,1334
2022-03-08,Tuolumne,109,53932,12580,12427,566,12993,180
2022-03-08,Ventura,111,848112,172260,171806,9420,181226,1447
2022-03-08,Yolo,113,214977,36675,35946,3175,39121,306
2022-03-08,Yuba,115,75493,15737,15705,1194,16899,115
2022-03-07,Alameda,001,1643700,253480,252578,13638,266216,1766
2022-03-07,Alpine,003,1148,122,125,1,126,0
2022-03-07,Amador,005,37829,8462,8368,650,9018,84
2022-03-07,Butte,007,227075,32828,32734,6685,39419,378
2022-03-07,Calaveras,009,45235,7217,7242,350,7592,116
2022-03-07,Colusa,011,21464,3427,3437,1069,4506,21
2022-03-07,Contra Costa,013,1133247,186985,186087,13064,199151,1256
2022-03-07,Del Norte,015,27424,5769,5758,190,5948,48
2022-03-07,El Dorado,017,186661,26569,26487,3227,29714,196
2022-03-07,Fresno,019,978130,230119,227670,23813,251483,2653
2022-03-07,Glenn,021,27897,4949,4939,1594,6533,43
2022-03-07,Humboldt,023,135768,16756,16829,2921,19750,137
2022-03-07,Imperial,025,180216,55163,54712,10756,65468,890
2022-03-07,Inyo,027,18085,4055,4054,480,4534,56
2022-03-07,Kern,029,883053,191085,190163,46092,236255,2152
2022-03-07,Kings,031,150075,51170,51065,3601,54666,433
2022-03-07,Lake,033,64148,10609,10562,890,11452,130
2022-03-07,Lassen,035,31185,8940,8896,884,9780,62
2022-03-07,Los Angeles,037,10098052,2695745,2675497,123161,2798658,30759
2022-03-07,Madera,039,155013,37154,37164,6078,43242,354
2022-03-07,Marin,041,260295,33016,32919,2182,35101,272
2022-03-07,Mariposa,043,17540,2374,2369,200,2569,6
2022-03-07,Mendocino,045,87422,12961,12940,3004,15944,117
2022-03-07,Merced,047,269075,61824,61751,8583,70334,791
2022-03-07,Modoc,049,8938,730,729,249,978,7
2022-03-07,Mono,051,14174,2960,2960,120,3080,5
2022-03-07,Monterey,053,433212,78878,78161,13519,91680,706
2022-03-07,Napa,055,140530,25546,25500,947,26447,136
2022-03-07,Nevada,057,99092,15849,15935,1197,17132,122
2022-03-07,Orange,059,3164182,543819,542028,41199,583227,6687
2022-03-07,Placer,061,380077,62340,62215,7357,69572,591
2022-03-07,Plumas,063,18699,2958,2702,364,3066,13
2022-03-07,Riverside,065,2383286,589089,587537,27965,615502,6279
2022-03-07,Sacramento,067,1510023,279141,274079,27032,301111,2866
2022-03-07,San Benito,069,59416,12825,12843,510,13353,94
2022-03-07,San Bernardino,071,2135413,566600,558265,24957,583222,6703
2022-03-07,San Diego,073,3302833,746035,742287,52026,794313,5068
2022-03-07,San Francisco,075,870044,122438,123655,8190,131845,807
2022-03-07,San Joaquin,077,732212,165569,165343,9952,175295,2091
2022-03-07,San Luis Obispo,079,281455,52038,51874,3749,55623,448
2022-03-07,San Mateo,081,765935,120255,119035,6921,125956,630
2022-03-07,Santa Barbara,083,443738,85204,85345,4745,90090,659
2022-03-07,Santa Clara,085,1922200,307495,308517,12308,320825,2202
2022-03-07,Santa Cruz,087,273765,47175,46823,2107,48930,254
2022-03-07,Shasta,089,179085,30373,30352,6107,36459,493
2022-03-07,Sierra,091,2930,271,273,48,321,4
2022-03-07,Siskiyou,093,43540,4414,4398,2738,7136,74
2022-03-07,Solano,095,438530,80781,80886,5564,86450,435
2022-03-07,Sonoma,097,501317,82747,82530,2571,85101,473
2022-03-07,Stanislaus,099,539301,116876,117713,17621,135334,1537
2022-03-07,Sutter,101,95872,20366,20400,2067,22467,217
2022-03-07,Tehama,103,63373,11989,11966,2606,14572,158
2022-03-07,Trinity,105,12862,1179,1173,295,1468,20
2022-03-07,Tulare,107,460477,106038,103834,28330,132164,1316
2022-03-07,Tuolumne,109,53932,12574,12408,565,12973,179
2022-03-07,Ventura,111,848112,172209,171886,9418,181304,1436
2022-03-07,Yolo,113,214977,36652,35934,3169,39103,306
2022-03-07,Yuba,115,75493,15730,15701,1193,16894,115
2022-03-06,Alameda,001,1643700,253292,252460,13629,266089,1766
2022-03-06,Alpine,003,1148,122,125,1,126,0
2022-03-06,Amador,005,37829,8459,8367,648,9015,84
2022-03-06,Butte,007,227075,32818,32714,6681,39395,376
2022-03-06,Calaveras,009,45235,7215,7236,349,7585,116
2022-03-06,Colusa,011,21464,3427,3435,1068,4503,21
2022-03-06,Contra Costa,013,1133247,186871,185974,13039,199013,1256
2022-03-06,Del Norte,015,27424,5753,5744,188,5932,48
2022-03-06,El Dorado,017,186661,26560,26478,3225,29703,196
2022-03-06,Fresno,019,978130,229976,227514,23802,251316,2653
2022-03-06,Glenn,021,27897,4945,4939,1594,6533,43
2022-03-06,Humboldt,023,135768,16746,16813,2918,19731,137
2022-03-06,Imperial,025,180216,55145,54719,10744,65463,890
2022-03-06,Inyo,027,18085,4053,4053,480,4533,56
2022-03-06,Kern,029,883053,191030,190088,46070,236158,2152
2022-03-06,Kings,031,150075,51101,51050,3598,54648,432
2022-03-06,Lake,033,64148,10595,10539,889,11428,130
2022-03-06,Lassen,035,31185,8927,8887,883,9770,62
2022-03-06,Los Angeles,037,10098052,2694812,2675456,123104,2798560,30759
2022-03-06,Madera,039,155013,37124,37135,6070,43205,354
2022-03-06,Marin,041,260295,32990,32879,2181,35060,272
2022-03-06,Mariposa,043,17540,2373,2365,199,2564,6
2022-03-06,Mendocino,045,87422,12949,12923,3000,15923,116
2022-03-06,Merced,047,269075,61792,61722,8566,70288,791
2022-03-06,Modoc,049,8938,730,729,249,978,7
2022-03-06,Mono,051,14174,2960,2959,120,3079,5
2022-03-06,Monterey,053,433212,78832,78154,13487,91641,706
2022-03-06,Napa,055,140530,25511,25457,945,26402,136
2022-03-06,Nevada,057,99092,15838,15924,1196,17120,122
2022-03-06,Orange,059,3164182,543660,541903,41151,583054,6688
2022-03-06,Placer,061,380077,62307,62185,7353,69538,591
2022-03-06,Plumas,063,18699,2953,2704,364,3068,13
2022-03-06,Riverside,065,2383286,588927,587388,27944,615332,6279
2022-03-06,Sacramento,067,1510023,279006,273935,27008,300943,2869
2022-03-06,San Benito,069,59416,12814,12835,509,13344,94
2022-03-06,San Bernardino,071,2135413,566477,558139,24943,583082,6701
2022-03-06,San Diego,073,3302833,745640,742287,51977,794264,5068
2022-03-06,San Francisco,075,870044,122317,123742,8187,131929,806
2022-03-06,San Joaquin,077,732212,165487,165252,9946,175198,2091
2022-03-06,San Luis Obispo,079,281455,52000,51828,3746,55574,448
2022-03-06,San Mateo,081,765935,120172,118916,6912,125828,630
2022-03-06,Santa Barbara,083,443738,85164,85317,4740,90057,659
2022-03-06,Santa Clara,085,1922200,307236,308250,12306,320556,2201
2022-03-06,Santa Cruz,087,273765,47124,46755,2106,48861,254
2022-03-06,Shasta,089,179085,30350,30332,6090,36422,493
2022-03-06,Sierra,091,2930,271,273,48,321,4
2022-03-06,Siskiyou,093,43540,4410,4398,2736,7134,74
2022-03-06,Solano,095,438530,80725,80833,5558,86391,435
2022-03-06,Sonoma,097,501317,82712,82458,2566,85024,473
2022-03-06,Stanislaus,099,539301,116830,117680,17611,135291,1536
2022-03-06,Sutter,101,95872,20355,20390,2063,22453,217
2022-03-06,Tehama,103,63373,11981,11963,2606,14569,158
2022-03-06,Trinity,105,12862,1179,1172,294,1466,20
2022-03-06,Tulare,107,460477,105980,103794,28315,132109,1316
2022-03-06,Tuolumne,109,53932,12568,12379,563,12942,179
2022-03-06,Ventura,111,848112,172140,171819,9416,181235,1436
2022-03-06,Yolo,113,214977,36626,35882,3165,39047,306
2022-03-06,Yuba,115,75493,15726,15694,1192,16886,115
2022-03-05,Alameda,001,1643700,253177,251988,13624,265612,1760
2022-03-05,Alpine,003,1148,122,125,1,126,0
2022-03-05,Amador,005,37829,8456,8344,648,8992,83
2022-03-05,Butte,007,227075,32811,32663,6676,39339,372
2022-03-05,Calaveras,009,45235,7212,7236,349,7585,116
2022-03-05,Colusa,011,21464,3427,3433,1068,4501,21
2022-03-05,Contra Costa,013,1133247,186808,185734,13033,198767,1235
2022-03-05,Del Norte,015,27424,5750,5725,188,5913,48
2022-03-05,El Dorado,017,186661,26554,26446,3222,29668,193
2022-03-05,Fresno,019,978130,229924,227154,23800,250954,2640
2022-03-05,Glenn,021,27897,4943,4927,1594,6521,43
2022-03-05,Humboldt,023,135768,16740,16781,2916,19697,136
2022-03-05,Imperial,025,180216,55135,54650,10742,65392,880
2022-03-05,Inyo,027,18085,4052,4043,479,4522,56
2022-03-05,Kern,029,883053,190998,189817,46052,235869,2141
2022-03-05,Kings,031,150075,51094,50926,3596,54522,431
2022-03-05,Lake,033,64148,10587,10512,888,11400,130
2022-03-05,Lassen,035,31185,8918,8818,883,9701,62
2022-03-05,Los Angeles,037,10098052,2694455,2671564,123067,2794631,30608
2022-03-05,Madera,039,155013,37109,37100,6070,43170,354
2022-03-05,Marin,041,260295,32978,32829,2181,35010,272
2022-03-05,Mariposa,043,17540,2373,2363,199,2562,6
2022-03-05,Mendocino,045,87422,12946,12845,2999,15844,113
2022-03-05,Merced,047,269075,61782,61653,8566,70219,789
2022-03-05,Modoc,049,8938,730,729,249,978,7
2022-03-05,Mono,051,14174,2960,2961,120,3081,5
2022-03-05,Monterey,053,433212,78813,78028,13480,91508,704
2022-03-05,Napa,055,140530,25493,25405,945,26350,134
2022-03-05,Nevada,057,99092,15834,15907,1196,17103,122
2022-03-05,Orange,059,3164182,543535,541463,41140,582603,6638
2022-03-05,Placer,061,380077,62293,62117,7346,69463,591
2022-03-05,Plumas,063,18699,2952,2701,364,3065,13
2022-03-05,Riverside,065,2383286,588836,586785,27940,614725,6239
2022-03-05,Sacramento,067,1510023,278942,273487,27003,300490,2847
2022-03-05,San Benito,069,59416,12812,12820,509,13329,94
2022-03-05,San Bernardino,071,2135413,566419,557421,24937,582358,6641
2022-03-05,San Diego,073,3302833,745450,740747,51966,792713,5045
2022-03-05,San Francisco,075,870044,122253,123537,8182,131719,798
2022-03-05,San Joaquin,077,732212,165446,165085,9937,175022,2069
2022-03-05,San Luis Obispo,079,281455,51992,51739,3744,55483,446
2022-03-05,San Mateo,081,765935,120117,118646,6909,125555,621
2022-03-05,Santa Barbara,083,443738,85149,85249,4740,89989,655
2022-03-05,Santa Clara,085,1922200,307119,307689,12303,319992,2195
2022-03-05,Santa Cruz,087,273765,47104,46622,2106,48728,253
2022-03-05,Shasta,089,179085,30338,30282,6089,36371,492
2022-03-05,Sierra,091,2930,271,273,47,320,4
2022-03-05,Siskiyou,093,43540,4409,4389,2735,7124,74
2022-03-05,Solano,095,438530,80708,80690,5558,86248,435
2022-03-05,Sonoma,097,501317,82690,82313,2566,84879,473
2022-03-05,Stanislaus,099,539301,116804,117501,17608,135109,1531
2022-03-05,Sutter,101,95872,20347,20346,2063,22409,217
2022-03-05,Tehama,103,63373,11979,11939,2606,14545,158
2022-03-05,Trinity,105,12862,1179,1170,292,1462,20
2022-03-05,Tulare,107,460477,105967,103534,28306,131840,1305
2022-03-05,Tuolumne,109,53932,12564,12325,562,12887,178
2022-03-05,Ventura,111,848112,172099,171666,9414,181080,1436
2022-03-05,Yolo,113,214977,36612,35856,3165,39021,306
2022-03-05,Yuba,115,75493,15718,15666,1192,16858,115
2022-03-04,Alameda,001,1643700,253082,251988,13616,265604,1760
2022-03-04,Alpine,003,1148,122,125,1,126,0
2022-03-04,Amador,005,37829,8455,8344,648,8992,83
2022-03-04,Butte,007,227075,32805,32663,6670,39333,372
2022-03-04,Calaveras,009,45235,7211,7236,349,7585,116
2022-03-04,Colusa,011,21464,3425,3433,1068,4501,21
2022-03-04,Contra Costa,013,1133247,186740,185734,13030,198764,1235
2022-03-04,Del Norte,015,27424,5740,5725,188,5913,48
2022-03-04,El Dorado,017,186661,26550,26446,3222,29668,193
2022-03-04,Fresno,019,978130,229861,227154,23793,250947,2640
2022-03-04,Glenn,021,27897,4942,4927,1594,6521,43
2022-03-04,Humboldt,023,135768,16736,16781,2916,19697,136
2022-03-04,Imperial,025,180216,55128,54650,10738,65388,880
2022-03-04,Inyo,027,18085,4052,4043,479,4522,56
2022-03-04,Kern,029,883053,190957,189817,46040,235857,2141
2022-03-04,Kings,031,150075,51081,50926,3596,54522,431
2022-03-04,Lake,033,64148,10586,10512,888,11400,130
2022-03-04,Lassen,035,31185,8916,8818,883,9701,62
2022-03-04,Los Angeles,037,10098052,2693930,2671564,123037,2794601,30608
2022-03-04,Madera,039,155013,37100,37100,6070,43170,354
2022-03-04,Marin,041,260295,32956,32829,2179,35008,272
2022-03-04,Mariposa,043,17540,2368,2363,199,2562,6
2022-03-04,Mendocino,045,87422,12940,12845,2999,15844,113
2022-03-04,Merced,047,269075,61770,61653,8564,70217,789
2022-03-04,Modoc,049,8938,730,729,249,978,7
2022-03-04,Mono,051,14174,2960,2961,120,3081,5
2022-03-04,Monterey,053,433212,78793,78028,13473,91501,704
2022-03-04,Napa,055,140530,25478,25405,944,26349,134
2022-03-04,Nevada,057,99092,15829,15907,1196,17103,122
2022-03-04,Orange,059,3164182,543416,541463,41121,582584,6638
2022-03-04,Placer,061,380077,62280,62117,7343,69460,591
2022-03-04,Plumas,063,18699,2952,2701,363,3064,13
2022-03-04,Riverside,065,2383286,588749,586785,27939,614724,6239
2022-03-04,Sacramento,067,1510023,278869,273487,26999,300486,2847
2022-03-04,San Benito,069,59416,12808,12820,509,13329,94
2022-03-04,San Bernardino,071,2135413,566336,557421,24936,582357,6641
2022-03-04,San Diego,073,3302833,745211,740747,51949,792696,5045
2022-03-04,San Francisco,075,870044,122193,123537,8175,131712,798
2022-03-04,San Joaquin,077,732212,165414,165085,9936,175021,2069
2022-03-04,San Luis Obispo,079,281455,51984,51739,3743,55482,446
2022-03-04,San Mateo,081,765935,120059,118646,6907,125553,621
2022-03-04,Santa Barbara,083,443738,85127,85249,4740,89989,655
2022-03-04,Santa Clara,085,1922200,306969,307689,12300,319989,2195
2022-03-04,Santa Cruz,087,273765,47081,46622,2106,48728,253
2022-03-04,Shasta,089,179085,30330,30282,6086,36368,492
2022-03-04,Sierra,091,2930,271,273,47,320,4
2022-03-04,Siskiyou,093,43540,4407,4389,2731,7120,74
2022-03-04,Solano,095,438530,80675,80690,5555,86245,435
2022-03-04,Sonoma,097,501317,82659,82313,2565,84878,473
2022-03-04,Stanislaus,099,539301,116785,117501,17606,135107,1531
2022-03-04,Sutter,101,95872,20343,20346,2063,22409,217
2022-03-04,Tehama,103,63373,11976,11939,2606,14545,158
2022-03-04,Trinity,105,12862,1179,1170,292,1462,20
2022-03-04,Tulare,107,460477,105948,103534,28301,131835,1305
2022-03-04,Tuolumne,109,53932,12559,12325,562,12887,178
2022-03-04,Ventura,111,848112,172052,171666,9411,181077,1436
2022-03-04,Yolo,113,214977,36595,35856,3165,39021,306
2022-03-04,Yuba,115,75493,15713,15666,1191,16857,115
2022-03-03,Alameda,001,1643700,252963,251988,13604,265592,1760
2022-03-03,Alpine,003,1148,122,125,1,126,0
2022-03-03,Amador,005,37829,8454,8344,648,8992,83
2022-03-03,Butte,007,227075,32788,32663,6664,39327,372
2022-03-03,Calaveras,009,45235,7198,7236,349,7585,116
2022-03-03,Colusa,011,21464,3425,3433,1068,4501,21
2022-03-03,Contra Costa,013,1133247,186665,185734,13015,198749,1235
2022-03-03,Del Norte,015,27424,5733,5725,188,5913,48
2022-03-03,El Dorado,017,186661,26532,26446,3221,29667,193
2022-03-03,Fresno,019,978130,229734,227154,23785,250939,2640
2022-03-03,Glenn,021,27897,4940,4927,1593,6520,43
2022-03-03,Humboldt,023,135768,16721,16781,2915,19696,136
2022-03-03,Imperial,025,180216,55111,54650,10736,65386,880
2022-03-03,Inyo,027,18085,4051,4043,479,4522,56
2022-03-03,Kern,029,883053,190889,189817,46021,235838,2141
2022-03-03,Kings,031,150075,51058,50926,3593,54519,431
2022-03-03,Lake,033,64148,10581,10512,886,11398,130
2022-03-03,Lassen,035,31185,8908,8818,883,9701,62
2022-03-03,Los Angeles,037,10098052,2693205,2671564,122996,2794560,30608
2022-03-03,Madera,039,155013,37084,37100,6065,43165,354
2022-03-03,Marin,041,260295,32930,32829,2178,35007,272
2022-03-03,Mariposa,043,17540,2367,2363,199,2562,6
2022-03-03,Mendocino,045,87422,12929,12845,2996,15841,113
2022-03-03,Merced,047,269075,61751,61653,8558,70211,789
2022-03-03,Modoc,049,8938,730,729,249,978,7
2022-03-03,Mono,051,14174,2959,2961,120,3081,5
2022-03-03,Monterey,053,433212,78763,78028,13455,91483,704
2022-03-03,Napa,055,140530,25454,25405,943,26348,134
2022-03-03,Nevada,057,99092,15824,15907,1191,17098,122
2022-03-03,Orange,059,3164182,543239,541463,41095,582558,6638
2022-03-03,Placer,061,380077,62258,62117,7339,69456,591
2022-03-03,Plumas,063,18699,2951,2701,363,3064,13
2022-03-03,Riverside,065,2383286,588616,586785,27934,614719,6239
2022-03-03,Sacramento,067,1510023,278762,273487,26981,300468,2847
2022-03-03,San Benito,069,59416,12805,12820,509,13329,94
2022-03-03,San Bernardino,071,2135413,566229,557421,24930,582351,6641
2022-03-03,San Diego,073,3302833,744867,740747,51931,792678,5045
2022-03-03,San Francisco,075,870044,122120,123537,8164,131701,798
2022-03-03,San Joaquin,077,732212,165340,165085,9933,175018,2069
2022-03-03,San Luis Obispo,079,281455,51929,51739,3735,55474,446
2022-03-03,San Mateo,081,765935,119984,118646,6897,125543,621
2022-03-03,Santa Barbara,083,443738,85108,85249,4731,89980,655
2022-03-03,Santa Clara,085,1922200,306787,307689,12285,319974,2195
2022-03-03,Santa Cruz,087,273765,47033,46622,2104,48726,253
2022-03-03,Shasta,089,179085,30312,30282,6082,36364,492
2022-03-03,Sierra,091,2930,271,273,47,320,4
2022-03-03,Siskiyou,093,43540,4404,4389,2731,7120,74
2022-03-03,Solano,095,438530,80626,80690,5553,86243,435
2022-03-03,Sonoma,097,501317,82613,82313,2560,84873,473
2022-03-03,Stanislaus,099,539301,116752,117501,17598,135099,1531
2022-03-03,Sutter,101,95872,20335,20346,2063,22409,217
2022-03-03,Tehama,103,63373,11973,11939,2606,14545,158
2022-03-03,Trinity,105,12862,1178,1170,292,1462,20
2022-03-03,Tulare,107,460477,105905,103534,28291,131825,1305
2022-03-03,Tuolumne,109,53932,12548,12325,562,12887,178
2022-03-03,Ventura,111,848112,171999,171666,9409,181075,1436
2022-03-03,Yolo,113,214977,36571,35856,3158,39014,306
2022-03-03,Yuba,115,75493,15707,15666,1186,16852,115
2022-03-02,Alameda,001,1643700,252785,251886,13587,265473,1759
2022-03-02,Alpine,003,1148,122,125,1,126,0
2022-03-02,Amador,005,37829,8442,8341,648,8989,83
2022-03-02,Butte,007,227075,32776,32636,6659,39295,372
2022-03-02,Calaveras,009,45235,7197,7225,349,7574,116
2022-03-02,Colusa,011,21464,3422,3428,1068,4496,21
2022-03-02,Contra Costa,013,1133247,186572,185589,12996,198585,1236
2022-03-02,Del Norte,015,27424,5725,5708,186,5894,47
2022-03-02,El Dorado,017,186661,26521,26433,3218,29651,192
2022-03-02,Fresno,019,978130,229602,226932,23774,250706,2629
2022-03-02,Glenn,021,27897,4940,4922,1592,6514,43
2022-03-02,Humboldt,023,135768,16711,16747,2908,19655,135
2022-03-02,Imperial,025,180216,55085,54629,10731,65360,878
2022-03-02,Inyo,027,18085,4049,4041,478,4519,56
2022-03-02,Kern,029,883053,190823,189656,46001,235657,2136
2022-03-02,Kings,031,150075,51032,50819,3590,54409,431
2022-03-02,Lake,033,64148,10568,10495,884,11379,130
2022-03-02,Lassen,035,31185,8905,8811,882,9693,62
2022-03-02,Los Angeles,037,10098052,2692324,2670287,122949,2793236,30535
2022-03-02,Madera,039,155013,37067,37077,6063,43140,354
2022-03-02,Marin,041,260295,32912,32794,2177,34971,272
2022-03-02,Mariposa,043,17540,2367,2359,199,2558,6
2022-03-02,Mendocino,045,87422,12916,12832,2991,15823,112
2022-03-02,Merced,047,269075,61725,61606,8548,70154,785
2022-03-02,Modoc,049,8938,730,729,249,978,7
2022-03-02,Mono,051,14174,2959,2961,120,3081,5
2022-03-02,Monterey,053,433212,78727,77963,13432,91395,703
2022-03-02,Napa,055,140530,25405,25382,942,26324,134
2022-03-02,Nevada,057,99092,15813,15920,1190,17110,122
2022-03-02,Orange,059,3164182,543033,541230,41068,582298,6623
2022-03-02,Placer,061,380077,62236,62066,7336,69402,589
2022-03-02,Plumas,063,18699,2951,2700,362,3062,13
2022-03-02,Riverside,065,2383286,588466,586513,27923,614436,6229
2022-03-02,Sacramento,067,1510023,278645,273291,26970,300261,2837
2022-03-02,San Benito,069,59416,12794,12814,509,13323,94
2022-03-02,San Bernardino,071,2135413,566120,557082,24924,582006,6619
2022-03-02,San Diego,073,3302833,744507,739803,51883,791686,5034
2022-03-02,San Francisco,075,870044,122025,123442,8162,131604,792
2022-03-02,San Joaquin,077,732212,165281,164968,9928,174896,2063
2022-03-02,San Luis Obispo,079,281455,51891,51686,3730,55416,446
2022-03-02,San Mateo,081,765935,119897,118518,6881,125399,617
2022-03-02,Santa Barbara,083,443738,85083,85183,4730,89913,655
2022-03-02,Santa Clara,085,1922200,306573,307354,12271,319625,2184
2022-03-02,Santa Cruz,087,273765,46963,46534,2103,48637,253
2022-03-02,Shasta,089,179085,30287,30253,6072,36325,490
2022-03-02,Sierra,091,2930,271,273,47,320,4
2022-03-02,Siskiyou,093,43540,4402,4384,2728,7112,74
2022-03-02,Solano,095,438530,80560,80626,5550,86176,433
2022-03-02,Sonoma,097,501317,82567,82208,2556,84764,473
2022-03-02,Stanislaus,099,539301,116716,117411,17572,134983,1519
2022-03-02,Sutter,101,95872,20313,20317,2045,22362,216
2022-03-02,Tehama,103,63373,11968,11930,2605,14535,158
2022-03-02,Trinity,105,12862,1176,1160,292,1452,20
2022-03-02,Tulare,107,460477,105863,103451,28274,131725,1302
2022-03-02,Tuolumne,109,53932,12543,12297,562,12859,179
2022-03-02,Ventura,111,848112,171946,171770,9405,181175,1427
2022-03-02,Yolo,113,214977,36553,35799,3152,38951,305
2022-03-02,Yuba,115,75493,15694,15653,1181,16834,115
2022-03-01,Alameda,001,1643700,252620,251830,13576,265406,1749
2022-03-01,Alpine,003,1148,122,125,1,126,0
2022-03-01,Amador,005,37829,8394,8334,646,8980,83
2022-03-01,Butte,007,227075,32752,32575,6655,39230,372
2022-03-01,Calaveras,009,45235,7194,7223,348,7571,116
2022-03-01,Colusa,011,21464,3421,3423,1068,4491,21
2022-03-01,Contra Costa,013,1133247,186462,185378,12981,198359,1231
2022-03-01,Del Norte,015,27424,5722,5701,184,5885,45
2022-03-01,El Dorado,017,186661,26502,26413,3216,29629,192
2022-03-01,Fresno,019,978130,229462,226594,23761,250355,2628
2022-03-01,Glenn,021,27897,4939,4919,1590,6509,40
2022-03-01,Humboldt,023,135768,16690,16727,2901,19628,135
2022-03-01,Imperial,025,180216,55068,54570,10725,65295,875
2022-03-01,Inyo,027,18085,4045,4041,477,4518,56
2022-03-01,Kern,029,883053,190749,189365,45977,235342,2120
2022-03-01,Kings,031,150075,51010,50763,3586,54349,427
2022-03-01,Lake,033,64148,10557,10471,882,11353,128
2022-03-01,Lassen,035,31185,8901,8801,882,9683,61
2022-03-01,Los Angeles,037,10098052,2691374,2669489,122891,2792380,30486
2022-03-01,Madera,039,155013,37047,37046,6056,43102,354
2022-03-01,Marin,041,260295,32887,32764,2175,34939,272
2022-03-01,Mariposa,043,17540,2366,2357,198,2555,6
2022-03-01,Mendocino,045,87422,12905,12818,2989,15807,112
2022-03-01,Merced,047,269075,61697,61549,8533,70082,781
2022-03-01,Modoc,049,8938,730,729,249,978,7
2022-03-01,Mono,051,14174,2958,2960,120,3080,6
2022-03-01,Monterey,053,433212,78701,77911,13420,91331,696
2022-03-01,Napa,055,140530,25373,25344,942,26286,134
2022-03-01,Nevada,057,99092,15805,15916,1187,17103,121
2022-03-01,Orange,059,3164182,542813,541054,41032,582086,6612
2022-03-01,Placer,061,380077,62208,62021,7330,69351,583
2022-03-01,Plumas,063,18699,2951,2694,362,3056,13
2022-03-01,Riverside,065,2383286,588300,586184,27922,614106,6198
2022-03-01,Sacramento,067,1510023,278514,273089,26956,300045,2831
2022-03-01,San Benito,069,59416,12790,12806,509,13315,94
2022-03-01,San Bernardino,071,2135413,565990,556743,24921,581664,6588
2022-03-01,San Diego,073,3302833,744081,739136,51841,790977,5029
2022-03-01,San Francisco,075,870044,121923,123481,8156,131637,792
2022-03-01,San Joaquin,077,732212,165214,164894,9923,174817,2062
2022-03-01,San Luis Obispo,079,281455,51855,51592,3726,55318,445
2022-03-01,San Mateo,081,765935,119820,118358,6874,125232,613
2022-03-01,Santa Barbara,083,443738,85045,85134,4726,89860,654
2022-03-01,Santa Clara,085,1922200,306322,306978,12259,319237,2190
2022-03-01,Santa Cruz,087,273765,46913,46471,2100,48571,253
2022-03-01,Shasta,089,179085,30258,30227,6069,36296,489
2022-03-01,Sierra,091,2930,271,274,47,321,5
2022-03-01,Siskiyou,093,43540,4398,4384,2723,7107,74
2022-03-01,Solano,095,438530,80498,80556,5547,86103,434
2022-03-01,Sonoma,097,501317,82497,82103,2550,84653,477
2022-03-01,Stanislaus,099,539301,116664,117308,17547,134855,1521
2022-03-01,Sutter,101,95872,20299,20288,2041,22329,217
2022-03-01,Tehama,103,63373,11962,11923,2602,14525,158
2022-03-01,Trinity,105,12862,1175,1159,292,1451,20
2022-03-01,Tulare,107,460477,105781,103371,28254,131625,1302
2022-03-01,Tuolumne,109,53932,12536,12276,560,12836,175
2022-03-01,Ventura,111,848112,171876,171672,9398,181070,1427
2022-03-01,Yolo,113,214977,36528,35801,3146,38947,299
2022-03-01,Yuba,115,75493,15686,15637,1181,16818,116
2022-02-28,Alameda,001,1643700,252402,251714,13561,265275,1742
2022-02-28,Alpine,003,1148,122,125,1,126,0
2022-02-28,Amador,005,37829,8388,8308,645,8953,83
2022-02-28,Butte,007,227075,32729,32550,6650,39200,368
2022-02-28,Calaveras,009,45235,7191,7220,347,7567,110
2022-02-28,Colusa,011,21464,3418,3422,1066,4488,21
2022-02-28,Contra Costa,013,1133247,186354,185272,12961,198233,1231
2022-02-28,Del Norte,015,27424,5717,5699,183,5882,45
2022-02-28,El Dorado,017,186661,26492,26409,3211,29620,191
2022-02-28,Fresno,019,978130,229261,226519,23739,250258,2622
2022-02-28,Glenn,021,27897,4935,4918,1590,6508,40
2022-02-28,Humboldt,023,135768,16675,16717,2897,19614,135
2022-02-28,Imperial,025,180216,55042,54517,10720,65237,875
2022-02-28,Inyo,027,18085,4045,4041,476,4517,56
2022-02-28,Kern,029,883053,190659,189245,45946,235191,2115
2022-02-28,Kings,031,150075,50971,50741,3585,54326,427
2022-02-28,Lake,033,64148,10545,10468,878,11346,128
2022-02-28,Lassen,035,31185,8844,8794,882,9676,55
2022-02-28,Los Angeles,037,10098052,2690201,2666804,122795,2789599,30410
2022-02-28,Madera,039,155013,37020,37023,6040,43063,354
2022-02-28,Marin,041,260295,32862,32775,2175,34950,272
2022-02-28,Mariposa,043,17540,2363,2354,196,2550,6
2022-02-28,Mendocino,045,87422,12896,12800,2981,15781,112
2022-02-28,Merced,047,269075,61653,61519,8515,70034,781
2022-02-28,Modoc,049,8938,730,727,249,976,7
2022-02-28,Mono,051,14174,2958,2961,120,3081,5
2022-02-28,Monterey,053,433212,78634,77865,13397,91262,693
2022-02-28,Napa,055,140530,25346,25317,942,26259,129
2022-02-28,Nevada,057,99092,15799,15908,1181,17089,121
2022-02-28,Orange,059,3164182,542560,540839,41018,581857,6605
2022-02-28,Placer,061,380077,62176,61976,7324,69300,577
2022-02-28,Plumas,063,18699,2951,2691,361,3052,13
2022-02-28,Riverside,065,2383286,588104,585891,27889,613780,6179
2022-02-28,Sacramento,067,1510023,278376,273038,26931,299969,2825
2022-02-28,San Benito,069,59416,12786,12798,509,13307,94
2022-02-28,San Bernardino,071,2135413,565802,556540,24907,581447,6576
2022-02-28,San Diego,073,3302833,743693,737760,51811,789571,5018
2022-02-28,San Francisco,075,870044,121763,123402,8148,131550,792
2022-02-28,San Joaquin,077,732212,165128,164833,9913,174746,2060
2022-02-28,San Luis Obispo,079,281455,51796,51565,3718,55283,440
2022-02-28,San Mateo,081,765935,119720,118301,6868,125169,611
2022-02-28,Santa Barbara,083,443738,85002,85076,4721,89797,653
2022-02-28,Santa Clara,085,1922200,306046,306930,12237,319167,2180
2022-02-28,Santa Cruz,087,273765,46843,46447,2099,48546,253
2022-02-28,Shasta,089,179085,30233,30213,6065,36278,488
2022-02-28,Sierra,091,2930,271,273,47,320,4
2022-02-28,Siskiyou,093,43540,4395,4382,2717,7099,74
2022-02-28,Solano,095,438530,80432,80544,5536,86080,430
2022-02-28,Sonoma,097,501317,82429,82058,2547,84605,477
2022-02-28,Stanislaus,099,539301,116600,117231,17531,134762,1521
2022-02-28,Sutter,101,95872,20286,20285,2038,22323,214
2022-02-28,Tehama,103,63373,11949,11917,2601,14518,158
2022-02-28,Trinity,105,12862,1175,1160,292,1452,20
2022-02-28,Tulare,107,460477,105731,103304,28236,131540,1300
2022-02-28,Tuolumne,109,53932,12526,12247,559,12806,175
2022-02-28,Ventura,111,848112,171792,171614,9397,181011,1423
2022-02-28,Yolo,113,214977,36492,35754,3139,38893,299
2022-02-28,Yuba,115,75493,15671,15625,1180,16805,115
2022-02-27,Alameda,001,1643700,252125,251624,13552,265176,1744
2022-02-27,Alpine,003,1148,122,125,1,126,0
2022-02-27,Amador,005,37829,8384,8305,642,8947,83
2022-02-27,Butte,007,227075,32692,32551,6637,39188,368
2022-02-27,Calaveras,009,45235,7184,7214,347,7561,110
2022-02-27,Colusa,011,21464,3417,3422,1066,4488,21
2022-02-27,Contra Costa,013,1133247,186228,185185,12941,198126,1230
2022-02-27,Del Norte,015,27424,5699,5691,181,5872,45
2022-02-27,El Dorado,017,186661,26474,26410,3209,29619,191
2022-02-27,Fresno,019,978130,229063,226397,23711,250108,2621
2022-02-27,Glenn,021,27897,4933,4915,1590,6505,40
2022-02-27,Humboldt,023,135768,16653,16713,2890,19603,135
2022-02-27,Imperial,025,180216,54994,54509,10702,65211,875
2022-02-27,Inyo,027,18085,4044,4041,472,4513,56
2022-02-27,Kern,029,883053,190540,189219,45906,235125,2115
2022-02-27,Kings,031,150075,50943,50733,3583,54316,428
2022-02-27,Lake,033,64148,10526,10463,878,11341,128
2022-02-27,Lassen,035,31185,8836,8786,882,9668,55
2022-02-27,Los Angeles,037,10098052,2688895,2666789,122712,2789501,30410
2022-02-27,Madera,039,155013,36994,37009,6032,43041,354
2022-02-27,Marin,041,260295,32824,32756,2173,34929,272
2022-02-27,Mariposa,043,17540,2360,2352,196,2548,6
2022-02-27,Mendocino,045,87422,12880,12798,2968,15766,112
2022-02-27,Merced,047,269075,61601,61491,8498,69989,779
2022-02-27,Modoc,049,8938,729,727,249,976,7
2022-02-27,Mono,051,14174,2957,2960,120,3080,5
2022-02-27,Monterey,053,433212,78576,77851,13371,91222,693
2022-02-27,Napa,055,140530,25308,25316,942,26258,129
2022-02-27,Nevada,057,99092,15791,15900,1177,17077,121
2022-02-27,Orange,059,3164182,542313,540659,40988,581647,6605
2022-02-27,Placer,061,380077,62134,61965,7320,69285,577
2022-02-27,Plumas,063,18699,2948,2691,361,3052,13
2022-02-27,Riverside,065,2383286,587862,585833,27863,613696,6179
2022-02-27,Sacramento,067,1510023,278190,272927,26899,299826,2822
2022-02-27,San Benito,069,59416,12779,12798,509,13307,94
2022-02-27,San Bernardino,071,2135413,565618,556457,24897,581354,6572
2022-02-27,San Diego,073,3302833,743220,737760,51766,789526,5018
2022-02-27,San Francisco,075,870044,121640,123327,8137,131464,791
2022-02-27,San Joaquin,077,732212,165024,164814,9909,174723,2060
2022-02-27,San Luis Obispo,079,281455,51704,51564,3711,55275,439
2022-02-27,San Mateo,081,765935,119607,118244,6863,125107,611
2022-02-27,Santa Barbara,083,443738,84964,85050,4717,89767,653
2022-02-27,Santa Clara,085,1922200,305758,306756,12208,318964,2180
2022-02-27,Santa Cruz,087,273765,46783,46411,2098,48509,253
2022-02-27,Shasta,089,179085,30201,30206,6059,36265,488
2022-02-27,Sierra,091,2930,271,273,47,320,4
2022-02-27,Siskiyou,093,43540,4390,4378,2704,7082,74
2022-02-27,Solano,095,438530,80356,80515,5523,86038,430
2022-02-27,Sonoma,097,501317,82347,82041,2541,84582,476
2022-02-27,Stanislaus,099,539301,116533,117200,17512,134712,1522
2022-02-27,Sutter,101,95872,20269,20280,2032,22312,214
2022-02-27,Tehama,103,63373,11936,11915,2600,14515,158
2022-02-27,Trinity,105,12862,1174,1158,292,1450,20
2022-02-27,Tulare,107,460477,105662,103270,28185,131455,1300
2022-02-27,Tuolumne,109,53932,12513,12243,558,12801,175
2022-02-27,Ventura,111,848112,171717,171660,9393,181053,1423
2022-02-27,Yolo,113,214977,36464,35744,3134,38878,299
2022-02-27,Yuba,115,75493,15661,15619,1178,16797,113
2022-02-26,Alameda,001,1643700,252017,250867,13547,264414,1716
2022-02-26,Alpine,003,1148,122,125,1,126,0
2022-02-26,Amador,005,37829,8382,8282,641,8923,83
2022-02-26,Butte,007,227075,32678,32466,6635,39101,368
2022-02-26,Calaveras,009,45235,7183,7192,347,7539,110
2022-02-26,Colusa,011,21464,3417,3414,1066,4480,21
2022-02-26,Contra Costa,013,1133247,186159,184686,12922,197608,1209
2022-02-26,Del Norte,015,27424,5694,5639,181,5820,45
2022-02-26,El Dorado,017,186661,26463,26355,3205,29560,191
2022-02-26,Fresno,019,978130,228973,225679,23711,249390,2597
2022-02-26,Glenn,021,27897,4931,4909,1589,6498,40
2022-02-26,Humboldt,023,135768,16628,16619,2889,19508,133
2022-02-26,Imperial,025,180216,54967,54367,10700,65067,871
2022-02-26,Inyo,027,18085,4043,4034,467,4501,56
2022-02-26,Kern,029,883053,190487,188584,45887,234471,2106
2022-02-26,Kings,031,150075,50930,50579,3583,54162,423
2022-02-26,Lake,033,64148,10521,10383,878,11261,128
2022-02-26,Lassen,035,31185,8835,8761,882,9643,55
2022-02-26,Los Angeles,037,10098052,2688321,2660973,122672,2783645,30202
2022-02-26,Madera,039,155013,36979,36933,6030,42963,330
2022-02-26,Marin,041,260295,32808,32651,2171,34822,267
2022-02-26,Mariposa,043,17540,2359,2332,196,2528,6
2022-02-26,Mendocino,045,87422,12873,12762,2968,15730,111
2022-02-26,Merced,047,269075,61580,61348,8497,69845,775
2022-02-26,Modoc,049,8938,729,726,249,975,7
2022-02-26,Mono,051,14174,2957,2959,119,3078,5
2022-02-26,Monterey,053,433212,78545,77610,13365,90975,692
2022-02-26,Napa,055,140530,25293,25221,941,26162,130
2022-02-26,Nevada,057,99092,15787,15850,1175,17025,121
2022-02-26,Orange,059,3164182,542202,539992,40971,580963,6540
2022-02-26,Placer,061,380077,62115,61803,7317,69120,573
2022-02-26,Plumas,063,18699,2948,2673,361,3034,13
2022-02-26,Riverside,065,2383286,587742,584835,27854,612689,6143
2022-02-26,Sacramento,067,1510023,278096,272339,26886,299225,2793
2022-02-26,San Benito,069,59416,12775,12770,509,13279,92
2022-02-26,San Bernardino,071,2135413,565527,555668,24891,580559,6505
2022-02-26,San Diego,073,3302833,742997,736049,51744,787793,5002
2022-02-26,San Francisco,075,870044,121570,123079,8129,131208,769
2022-02-26,San Joaquin,077,732212,164990,164418,9908,174326,2048
2022-02-26,San Luis Obispo,079,281455,51691,51358,3708,55066,438
2022-02-26,San Mateo,081,765935,119553,117860,6862,124722,603
2022-02-26,Santa Barbara,083,443738,84933,84830,4717,89547,652
2022-02-26,Santa Clara,085,1922200,305609,305895,12205,318100,2166
2022-02-26,Santa Cruz,087,273765,46760,46186,2098,48284,251
2022-02-26,Shasta,089,179085,30192,30108,6053,36161,485
2022-02-26,Sierra,091,2930,271,270,47,317,1
2022-02-26,Siskiyou,093,43540,4390,4359,2702,7061,72
2022-02-26,Solano,095,438530,80322,80225,5519,85744,428
2022-02-26,Sonoma,097,501317,82313,81702,2539,84241,432
2022-02-26,Stanislaus,099,539301,116495,116896,17507,134403,1503
2022-02-26,Sutter,101,95872,20260,20230,2032,22262,214
2022-02-26,Tehama,103,63373,11930,11878,2598,14476,158
2022-02-26,Trinity,105,12862,1173,1156,292,1448,20
2022-02-26,Tulare,107,460477,105626,102983,28170,131153,1295
2022-02-26,Tuolumne,109,53932,12510,12169,558,12727,175
2022-02-26,Ventura,111,848112,171685,171292,9390,180682,1411
2022-02-26,Yolo,113,214977,36443,35615,3131,38746,296
2022-02-26,Yuba,115,75493,15649,15587,1178,16765,113
2022-02-25,Alameda,001,1643700,251894,250867,13537,264404,1716
2022-02-25,Alpine,003,1148,122,125,1,126,0
2022-02-25,Amador,005,37829,8371,8282,641,8923,83
2022-02-25,Butte,007,227075,32666,32466,6632,39098,368
2022-02-25,Calaveras,009,45235,7181,7192,347,7539,110
2022-02-25,Colusa,011,21464,3417,3414,1066,4480,21
2022-02-25,Contra Costa,013,1133247,186075,184686,12900,197586,1209
2022-02-25,Del Norte,015,27424,5685,5639,181,5820,45
2022-02-25,El Dorado,017,186661,26454,26355,3205,29560,191
2022-02-25,Fresno,019,978130,228875,225679,23704,249383,2597
2022-02-25,Glenn,021,27897,4929,4909,1589,6498,40
2022-02-25,Humboldt,023,135768,16617,16619,2889,19508,133
2022-02-25,Imperial,025,180216,54949,54367,10699,65066,871
2022-02-25,Inyo,027,18085,4042,4034,467,4501,56
2022-02-25,Kern,029,883053,190422,188584,45874,234458,2106
2022-02-25,Kings,031,150075,50916,50579,3581,54160,423
2022-02-25,Lake,033,64148,10503,10383,878,11261,128
2022-02-25,Lassen,035,31185,8832,8761,882,9643,55
2022-02-25,Los Angeles,037,10098052,2687732,2660973,122642,2783615,30202
2022-02-25,Madera,039,155013,36959,36933,6029,42962,330
2022-02-25,Marin,041,260295,32794,32651,2171,34822,267
2022-02-25,Mariposa,043,17540,2356,2332,196,2528,6
2022-02-25,Mendocino,045,87422,12871,12762,2968,15730,111
2022-02-25,Merced,047,269075,61549,61348,8492,69840,775
2022-02-25,Modoc,049,8938,729,726,249,975,7
2022-02-25,Mono,051,14174,2956,2959,119,3078,5
2022-02-25,Monterey,053,433212,78517,77610,13359,90969,692
2022-02-25,Napa,055,140530,25284,25221,941,26162,130
2022-02-25,Nevada,057,99092,15776,15850,1172,17022,121
2022-02-25,Orange,059,3164182,542067,539992,40948,580940,6540
2022-02-25,Placer,061,380077,62099,61803,7311,69114,573
2022-02-25,Plumas,063,18699,2946,2673,361,3034,13
2022-02-25,Riverside,065,2383286,587587,584835,27842,612677,6143
2022-02-25,Sacramento,067,1510023,277994,272339,26881,299220,2793
2022-02-25,San Benito,069,59416,12773,12770,509,13279,92
2022-02-25,San Bernardino,071,2135413,565420,555668,24884,580552,6505
2022-02-25,San Diego,073,3302833,742715,736049,51725,787774,5002
2022-02-25,San Francisco,075,870044,121490,123079,8126,131205,769
2022-02-25,San Joaquin,077,732212,164949,164418,9903,174321,2048
2022-02-25,San Luis Obispo,079,281455,51687,51358,3699,55057,438
2022-02-25,San Mateo,081,765935,119491,117860,6858,124718,603
2022-02-25,Santa Barbara,083,443738,84896,84830,4717,89547,652
2022-02-25,Santa Clara,085,1922200,305424,305895,12202,318097,2166
2022-02-25,Santa Cruz,087,273765,46726,46186,2096,48282,251
2022-02-25,Shasta,089,179085,30183,30108,6051,36159,485
2022-02-25,Sierra,091,2930,271,270,47,317,1
2022-02-25,Siskiyou,093,43540,4390,4359,2701,7060,72
2022-02-25,Solano,095,438530,80293,80225,5518,85743,428
2022-02-25,Sonoma,097,501317,82262,81702,2537,84239,432
2022-02-25,Stanislaus,099,539301,116467,116896,17503,134399,1503
2022-02-25,Sutter,101,95872,20251,20230,2032,22262,214
2022-02-25,Tehama,103,63373,11928,11878,2598,14476,158
2022-02-25,Trinity,105,12862,1173,1156,292,1448,20
2022-02-25,Tulare,107,460477,105591,102983,28148,131131,1295
2022-02-25,Tuolumne,109,53932,12507,12169,558,12727,175
2022-02-25,Ventura,111,848112,171634,171292,9389,180681,1411
2022-02-25,Yolo,113,214977,36428,35615,3131,38746,296
2022-02-25,Yuba,115,75493,15642,15587,1178,16765,113
2022-02-24,Alameda,001,1643700,251689,250867,13528,264395,1716
2022-02-24,Alpine,003,1148,122,125,1,126,0
2022-02-24,Amador,005,37829,8366,8282,640,8922,83
2022-02-24,Butte,007,227075,32645,32466,6628,39094,368
2022-02-24,Calaveras,009,45235,7179,7192,345,7537,110
2022-02-24,Colusa,011,21464,3416,3414,1065,4479,21
2022-02-24,Contra Costa,013,1133247,185944,184686,12892,197578,1209
2022-02-24,Del Norte,015,27424,5670,5639,180,5819,45
2022-02-24,El Dorado,017,186661,26439,26355,3205,29560,191
2022-02-24,Fresno,019,978130,228679,225679,23689,249368,2597
2022-02-24,Glenn,021,27897,4927,4909,1588,6497,40
2022-02-24,Humboldt,023,135768,16600,16619,2888,19507,133
2022-02-24,Imperial,025,180216,54909,54367,10689,65056,871
2022-02-24,Inyo,027,18085,4041,4034,466,4500,56
2022-02-24,Kern,029,883053,190281,188584,45840,234424,2106
2022-02-24,Kings,031,150075,50886,50579,3576,54155,423
2022-02-24,Lake,033,64148,10486,10383,878,11261,128
2022-02-24,Lassen,035,31185,8828,8761,881,9642,55
2022-02-24,Los Angeles,037,10098052,2686571,2660973,122587,2783560,30202
2022-02-24,Madera,039,155013,36933,36933,6027,42960,330
2022-02-24,Marin,041,260295,32774,32651,2170,34821,267
2022-02-24,Mariposa,043,17540,2350,2332,195,2527,6
2022-02-24,Mendocino,045,87422,12864,12762,2964,15726,111
2022-02-24,Merced,047,269075,61519,61348,8483,69831,775
2022-02-24,Modoc,049,8938,728,726,249,975,7
2022-02-24,Mono,051,14174,2955,2959,119,3078,5
2022-02-24,Monterey,053,433212,78465,77610,13350,90960,692
2022-02-24,Napa,055,140530,25244,25221,937,26158,130
2022-02-24,Nevada,057,99092,15762,15850,1172,17022,121
2022-02-24,Orange,059,3164182,541817,539992,40914,580906,6540
2022-02-24,Placer,061,380077,62062,61803,7309,69112,573
2022-02-24,Plumas,063,18699,2941,2673,359,3032,13
2022-02-24,Riverside,065,2383286,587335,584835,27815,612650,6143
2022-02-24,Sacramento,067,1510023,277820,272339,26863,299202,2793
2022-02-24,San Benito,069,59416,12762,12770,508,13278,92
2022-02-24,San Bernardino,071,2135413,565228,555668,24871,580539,6505
2022-02-24,San Diego,073,3302833,742302,736049,51678,787727,5002
2022-02-24,San Francisco,075,870044,121368,123079,8119,131198,769
2022-02-24,San Joaquin,077,732212,164820,164418,9898,174316,2048
2022-02-24,San Luis Obispo,079,281455,51641,51358,3697,55055,438
2022-02-24,San Mateo,081,765935,119399,117860,6851,124711,603
2022-02-24,Santa Barbara,083,443738,84831,84830,4716,89546,652
2022-02-24,Santa Clara,085,1922200,305189,305895,12188,318083,2166
2022-02-24,Santa Cruz,087,273765,46645,46186,2094,48280,251
2022-02-24,Shasta,089,179085,30164,30108,6045,36153,485
2022-02-24,Sierra,091,2930,271,270,47,317,1
2022-02-24,Siskiyou,093,43540,4387,4359,2697,7056,72
2022-02-24,Solano,095,438530,80214,80225,5514,85739,428
2022-02-24,Sonoma,097,501317,82208,81702,2532,84234,432
2022-02-24,Stanislaus,099,539301,116391,116896,17494,134390,1503
2022-02-24,Sutter,101,95872,20237,20230,2016,22246,214
2022-02-24,Tehama,103,63373,11922,11878,2597,14475,158
2022-02-24,Trinity,105,12862,1171,1156,292,1448,20
2022-02-24,Tulare,107,460477,105535,102983,28115,131098,1295
2022-02-24,Tuolumne,109,53932,12497,12169,556,12725,175
2022-02-24,Ventura,111,848112,171555,171292,9386,180678,1411
2022-02-24,Yolo,113,214977,36402,35615,3129,38744,296
2022-02-24,Yuba,115,75493,15628,15587,1178,16765,113
2022-02-23,Alameda,001,1643700,251464,247686,13509,261195,1713
2022-02-23,Alpine,003,1148,122,125,1,126,0
2022-02-23,Amador,005,37829,8348,8274,640,8914,79
2022-02-23,Butte,007,227075,32618,32417,6625,39042,367
2022-02-23,Calaveras,009,45235,7169,7182,344,7526,107
2022-02-23,Colusa,011,21464,3412,3411,1065,4476,21
2022-02-23,Contra Costa,013,1133247,185800,184013,12877,196890,1209
2022-02-23,Del Norte,015,27424,5659,5625,179,5804,45
2022-02-23,El Dorado,017,186661,26423,26317,3201,29518,189
2022-02-23,Fresno,019,978130,228490,225308,23667,248975,2596
2022-02-23,Glenn,021,27897,4923,4909,1586,6495,40
2022-02-23,Humboldt,023,135768,16584,16601,2885,19486,132
2022-02-23,Imperial,025,180216,54870,54292,10675,64967,871
2022-02-23,Inyo,027,18085,4040,4031,463,4494,54
2022-02-23,Kern,029,883053,190178,188432,45790,234222,2106
2022-02-23,Kings,031,150075,50853,50416,3574,53990,423
2022-02-23,Lake,033,64148,10468,10368,877,11245,126
2022-02-23,Lassen,035,31185,8812,8749,881,9630,55
2022-02-23,Los Angeles,037,10098052,2685199,2659569,122541,2782110,30167
2022-02-23,Madera,039,155013,36901,36876,6017,42893,330
2022-02-23,Marin,041,260295,32751,32625,2169,34794,267
2022-02-23,Mariposa,043,17540,2345,2325,194,2519,6
2022-02-23,Mendocino,045,87422,12854,12747,2960,15707,111
2022-02-23,Merced,047,269075,61489,61295,8478,69773,772
2022-02-23,Modoc,049,8938,728,723,248,971,7
2022-02-23,Mono,051,14174,2954,2960,119,3079,5
2022-02-23,Monterey,053,433212,78427,77472,13327,90799,691
2022-02-23,Napa,055,140530,25220,25185,932,26117,128
2022-02-23,Nevada,057,99092,15756,15825,1169,16994,121
2022-02-23,Orange,059,3164182,541510,539631,40891,580522,6520
2022-02-23,Placer,061,380077,62015,61758,7301,69059,573
2022-02-23,Plumas,063,18699,2937,2663,359,3022,13
2022-02-23,Riverside,065,2383286,587044,584381,27778,612159,6119
2022-02-23,Sacramento,067,1510023,277663,272057,26840,298897,2796
2022-02-23,San Benito,069,59416,12755,12756,507,13263,92
2022-02-23,San Bernardino,071,2135413,565067,555238,24853,580091,6479
2022-02-23,San Diego,073,3302833,741798,735406,51629,787035,4988
2022-02-23,San Francisco,075,870044,121241,122127,8117,130244,769
2022-02-23,San Joaquin,077,732212,164727,164257,9893,174150,2042
2022-02-23,San Luis Obispo,079,281455,51593,51264,3695,54959,434
2022-02-23,San Mateo,081,765935,119308,117585,6842,124427,603
2022-02-23,Santa Barbara,083,443738,84770,84760,4712,89472,651
2022-02-23,Santa Clara,085,1922200,304933,305484,12179,317663,2157
2022-02-23,Santa Cruz,087,273765,46575,46059,2093,48152,251
2022-02-23,Shasta,089,179085,30137,30066,6042,36108,481
2022-02-23,Sierra,091,2930,271,270,47,317,1
2022-02-23,Siskiyou,093,43540,4384,4356,2695,7051,71
2022-02-23,Solano,095,438530,80124,80103,5512,85615,427
2022-02-23,Sonoma,097,501317,82154,81594,2530,84124,432
2022-02-23,Stanislaus,099,539301,116314,116789,17485,134274,1482
2022-02-23,Sutter,101,95872,20220,20194,2012,22206,213
2022-02-23,Tehama,103,63373,11912,11863,2597,14460,154
2022-02-23,Trinity,105,12862,1171,1156,292,1448,20
2022-02-23,Tulare,107,460477,105469,102812,28089,130901,1290
2022-02-23,Tuolumne,109,53932,12488,12158,555,12713,175
2022-02-23,Ventura,111,848112,171468,171163,9379,180542,1401
2022-02-23,Yolo,113,214977,36365,35590,3122,38712,296
2022-02-23,Yuba,115,75493,15625,15571,1176,16747,113
2022-02-22,Alameda,001,1643700,251220,247434,13494,260928,1706
2022-02-22,Alpine,003,1148,122,124,1,125,0
2022-02-22,Amador,005,37829,8338,8243,640,8883,79
2022-02-22,Butte,007,227075,32584,32359,6618,38977,366
2022-02-22,Calaveras,009,45235,7160,7178,344,7522,107
2022-02-22,Colusa,011,21464,3412,3402,1063,4465,21
2022-02-22,Contra Costa,013,1133247,185647,183812,12858,196670,1201
2022-02-22,Del Norte,015,27424,5650,5611,178,5789,45
2022-02-22,El Dorado,017,186661,26413,26289,3201,29490,189
2022-02-22,Fresno,019,978130,228263,225104,23638,248742,2592
2022-02-22,Glenn,021,27897,4922,4900,1585,6485,40
2022-02-22,Humboldt,023,135768,16562,16559,2881,19440,132
2022-02-22,Imperial,025,180216,54838,54227,10671,64898,864
2022-02-22,Inyo,027,18085,4038,4026,461,4487,54
2022-02-22,Kern,029,883053,190057,188237,45753,233990,2102
2022-02-22,Kings,031,150075,50791,50359,3571,53930,423
2022-02-22,Lake,033,64148,10457,10353,875,11228,126
2022-02-22,Lassen,035,31185,8808,8730,881,9611,55
2022-02-22,Los Angeles,037,10098052,2683733,2658230,122453,2780683,30129
2022-02-22,Madera,039,155013,36868,36833,6007,42840,330
2022-02-22,Marin,041,260295,32726,32591,2168,34759,267
2022-02-22,Mariposa,043,17540,2337,2322,194,2516,6
2022-02-22,Mendocino,045,87422,12840,12714,2950,15664,110
2022-02-22,Merced,047,269075,61429,61241,8471,69712,770
2022-02-22,Modoc,049,8938,725,720,248,968,6
2022-02-22,Mono,051,14174,2954,2961,119,3080,5
2022-02-22,Monterey,053,433212,78374,77359,13307,90666,690
2022-02-22,Napa,055,140530,25191,25151,931,26082,128
2022-02-22,Nevada,057,99092,15739,15815,1168,16983,121
2022-02-22,Orange,059,3164182,541222,539390,40858,580248,6502
2022-02-22,Placer,061,380077,61977,61709,7296,69005,572
2022-02-22,Plumas,063,18699,2931,2659,357,3016,13
2022-02-22,Riverside,065,2383286,586788,583969,27756,611725,6097
2022-02-22,Sacramento,067,1510023,277474,271789,26816,298605,2775
2022-02-22,San Benito,069,59416,12744,12742,506,13248,92
2022-02-22,San Bernardino,071,2135413,564865,554903,24834,579737,6451
2022-02-22,San Diego,073,3302833,741272,734536,51574,786110,4974
2022-02-22,San Francisco,075,870044,121112,121954,8113,130067,769
2022-02-22,San Joaquin,077,732212,164603,164111,9882,173993,2040
2022-02-22,San Luis Obispo,079,281455,51508,51193,3689,54882,431
2022-02-22,San Mateo,081,765935,119214,117418,6837,124255,603
2022-02-22,Santa Barbara,083,443738,84708,84701,4706,89407,650
2022-02-22,Santa Clara,085,1922200,304651,305045,12173,317218,2155
2022-02-22,Santa Cruz,087,273765,46510,45958,2093,48051,251
2022-02-22,Shasta,089,179085,30112,30024,6037,36061,479
2022-02-22,Sierra,091,2930,271,269,46,315,0
2022-02-22,Siskiyou,093,43540,4381,4350,2690,7040,70
2022-02-22,Solano,095,438530,80048,79968,5510,85478,425
2022-02-22,Sonoma,097,501317,82088,81412,2526,83938,431
2022-02-22,Stanislaus,099,539301,116233,116676,17467,134143,1475
2022-02-22,Sutter,101,95872,20204,20164,2010,22174,210
2022-02-22,Tehama,103,63373,11903,11852,2596,14448,152
2022-02-22,Trinity,105,12862,1171,1147,291,1438,20
2022-02-22,Tulare,107,460477,105362,102717,28055,130772,1287
2022-02-22,Tuolumne,109,53932,12469,12136,554,12690,175
2022-02-22,Ventura,111,848112,171383,171064,9373,180437,1401
2022-02-22,Yolo,113,214977,36328,35527,3116,38643,292
2022-02-22,Yuba,115,75493,15615,15550,1175,16725,110
2022-02-21,Alameda,001,1643700,250934,247434,13478,260912,1704
2022-02-21,Alpine,003,1148,122,124,1,125,0
2022-02-21,Amador,005,37829,8332,8246,640,8886,79
2022-02-21,Butte,007,227075,32543,32356,6593,38949,366
2022-02-21,Calaveras,009,45235,7152,7175,344,7519,107
2022-02-21,Colusa,011,21464,3410,3401,1061,4462,21
2022-02-21,Contra Costa,013,1133247,185421,183701,12844,196545,1201
2022-02-21,Del Norte,015,27424,5631,5601,177,5778,45
2022-02-21,El Dorado,017,186661,26386,26273,3196,29469,189
2022-02-21,Fresno,019,978130,227949,224923,23582,248505,2592
2022-02-21,Glenn,021,27897,4917,4897,1585,6482,40
2022-02-21,Humboldt,023,135768,16518,16548,2873,19421,132
2022-02-21,Imperial,025,180216,54778,54208,10654,64862,864
2022-02-21,Inyo,027,18085,4035,4023,461,4484,54
2022-02-21,Kern,029,883053,189864,188188,45700,233888,2102
2022-02-21,Kings,031,150075,50725,50188,3568,53756,422
2022-02-21,Lake,033,64148,10435,10334,873,11207,126
2022-02-21,Lassen,035,31185,8800,8705,876,9581,55
2022-02-21,Los Angeles,037,10098052,2681953,2656873,122354,2779227,30108
2022-02-21,Madera,039,155013,36830,36796,5986,42782,330
2022-02-21,Marin,041,260295,32703,32570,2168,34738,258
2022-02-21,Mariposa,043,17540,2334,2321,194,2515,6
2022-02-21,Mendocino,045,87422,12814,12706,2938,15644,110
2022-02-21,Merced,047,269075,61372,61209,8454,69663,770
2022-02-21,Modoc,049,8938,724,718,248,966,6
2022-02-21,Mono,051,14174,2953,2960,119,3079,5
2022-02-21,Monterey,053,433212,78280,77354,13265,90619,690
2022-02-21,Napa,055,140530,25152,25126,931,26057,128
2022-02-21,Nevada,057,99092,15728,15810,1165,16975,121
2022-02-21,Orange,059,3164182,540869,539068,40833,579901,6502
2022-02-21,Placer,061,380077,61923,61727,7292,69019,572
2022-02-21,Plumas,063,18699,2927,2657,352,3009,13
2022-02-21,Riverside,065,2383286,586420,583712,27708,611420,6097
2022-02-21,Sacramento,067,1510023,277220,271588,26783,298371,2769
2022-02-21,San Benito,069,59416,12731,12731,506,13237,92
2022-02-21,San Bernardino,071,2135413,564627,554662,24812,579474,6441
2022-02-21,San Diego,073,3302833,740654,732298,51496,783794,4974
2022-02-21,San Francisco,075,870044,120931,121865,8109,129974,769
2022-02-21,San Joaquin,077,732212,164459,164036,9871,173907,2040
2022-02-21,San Luis Obispo,079,281455,51417,51184,3682,54866,429
2022-02-21,San Mateo,081,765935,119121,117259,6829,124088,605
2022-02-21,Santa Barbara,083,443738,84631,84626,4698,89324,650
2022-02-21,Santa Clara,085,1922200,304323,304858,12167,317025,2158
2022-02-21,Santa Cruz,087,273765,46384,45941,2092,48033,251
2022-02-21,Shasta,089,179085,30066,30004,6029,36033,479
2022-02-21,Sierra,091,2930,271,269,46,315,0
2022-02-21,Siskiyou,093,43540,4369,4337,2685,7022,70
2022-02-21,Solano,095,438530,79956,79906,5505,85411,425
2022-02-21,Sonoma,097,501317,81974,81361,2520,83881,431
2022-02-21,Stanislaus,099,539301,116121,116597,17443,134040,1475
2022-02-21,Sutter,101,95872,20179,20152,2008,22160,210
2022-02-21,Tehama,103,63373,11890,11842,2595,14437,152
2022-02-21,Trinity,105,12862,1170,1147,291,1438,20
2022-02-21,Tulare,107,460477,105267,102614,28008,130622,1287
2022-02-21,Tuolumne,109,53932,12458,12126,551,12677,175
2022-02-21,Ventura,111,848112,171244,170939,9364,180303,1401
2022-02-21,Yolo,113,214977,36285,35518,3107,38625,292
2022-02-21,Yuba,115,75493,15596,15546,1166,16712,110
2022-02-20,Alameda,001,1643700,250704,246028,13469,259497,1700
2022-02-20,Alpine,003,1148,122,124,1,125,0
2022-02-20,Amador,005,37829,8321,8203,640,8843,79
2022-02-20,Butte,007,227075,32514,32173,6588,38761,364
2022-02-20,Calaveras,009,45235,7149,7136,343,7479,107
2022-02-20,Colusa,011,21464,3407,3389,1060,4449,21
2022-02-20,Contra Costa,013,1133247,185293,182797,12839,195636,1190
2022-02-20,Del Norte,015,27424,5616,5511,177,5688,45
2022-02-20,El Dorado,017,186661,26365,26101,3195,29296,189
2022-02-20,Fresno,019,978130,227758,223594,23566,247160,2544
2022-02-20,Glenn,021,27897,4914,4881,1585,6466,39
2022-02-20,Humboldt,023,135768,16506,16393,2869,19262,132
2022-02-20,Imperial,025,180216,54713,53967,10641,64608,862
2022-02-20,Inyo,027,18085,4035,4018,460,4478,52
2022-02-20,Kern,029,883053,189729,187158,45656,232814,2095
2022-02-20,Kings,031,150075,50697,49724,3564,53288,421
2022-02-20,Lake,033,64148,10402,10184,872,11056,126
2022-02-20,Lassen,035,31185,8788,8640,876,9516,55
2022-02-20,Los Angeles,037,10098052,2680627,2642878,122268,2765146,29842
2022-02-20,Madera,039,155013,36799,36526,5982,42508,330
2022-02-20,Marin,041,260295,32686,32441,2167,34608,258
2022-02-20,Mariposa,043,17540,2328,2310,192,2502,6
2022-02-20,Mendocino,045,87422,12804,12625,2935,15560,110
2022-02-20,Merced,047,269075,61344,60886,8452,69338,769
2022-02-20,Modoc,049,8938,723,714,248,962,6
2022-02-20,Mono,051,14174,2953,2956,119,3075,5
2022-02-20,Monterey,053,433212,78220,76765,13251,90016,682
2022-02-20,Napa,055,140530,25130,24970,929,25899,127
2022-02-20,Nevada,057,99092,15717,15715,1164,16879,121
2022-02-20,Orange,059,3164182,540550,538019,40797,578816,6416
2022-02-20,Placer,061,380077,61891,61417,7284,68701,560
2022-02-20,Plumas,063,18699,2923,2646,350,2996,13
2022-02-20,Riverside,065,2383286,586153,581788,27680,609468,6087
2022-02-20,Sacramento,067,1510023,277041,270080,26758,296838,2747
2022-02-20,San Benito,069,59416,12728,12665,506,13171,92
2022-02-20,San Bernardino,071,2135413,564419,553151,24794,577945,6400
2022-02-20,San Diego,073,3302833,740082,729549,51433,780982,4947
2022-02-20,San Francisco,075,870044,120791,121197,8099,129296,756
2022-02-20,San Joaquin,077,732212,164340,163083,9860,172943,2033
2022-02-20,San Luis Obispo,079,281455,51388,50823,3678,54501,424
2022-02-20,San Mateo,081,765935,119047,116648,6821,123469,598
2022-02-20,Santa Barbara,083,443738,84587,83988,4696,88684,642
2022-02-20,Santa Clara,085,1922200,304043,303077,12159,315236,2138
2022-02-20,Santa Cruz,087,273765,46318,45532,2089,47621,250
2022-02-20,Shasta,089,179085,30036,29847,6022,35869,479
2022-02-20,Sierra,091,2930,271,269,46,315,0
2022-02-20,Siskiyou,093,43540,4364,4307,2684,6991,70
2022-02-20,Solano,095,438530,79881,78914,5500,84414,424
2022-02-20,Sonoma,097,501317,81899,80843,2517,83360,431
2022-02-20,Stanislaus,099,539301,116054,115976,17426,133402,1454
2022-02-20,Sutter,101,95872,20167,20060,2005,22065,210
2022-02-20,Tehama,103,63373,11878,11760,2592,14352,152
2022-02-20,Trinity,105,12862,1169,1130,291,1421,20
2022-02-20,Tulare,107,460477,105180,101996,27981,129977,1286
2022-02-20,Tuolumne,109,53932,12437,12036,550,12586,175
2022-02-20,Ventura,111,848112,171148,170331,9357,179688,1384
2022-02-20,Yolo,113,214977,36259,35363,3104,38467,293
2022-02-20,Yuba,115,75493,15581,15449,1165,16614,112
2022-02-19,Alameda,001,1643700,250529,246028,13465,259493,1700
2022-02-19,Alpine,003,1148,122,124,1,125,0
2022-02-19,Amador,005,37829,8317,8203,640,8843,79
2022-02-19,Butte,007,227075,32490,32173,6585,38758,364
2022-02-19,Calaveras,009,45235,7149,7136,343,7479,107
2022-02-19,Colusa,011,21464,3406,3389,1058,4447,21
2022-02-19,Contra Costa,013,1133247,185196,182797,12838,195635,1190
2022-02-19,Del Norte,015,27424,5606,5511,176,5687,45
2022-02-19,El Dorado,017,186661,26347,26101,3193,29294,189
2022-02-19,Fresno,019,978130,227642,223594,23557,247151,2544
2022-02-19,Glenn,021,27897,4910,4881,1585,6466,39
2022-02-19,Humboldt,023,135768,16491,16393,2869,19262,132
2022-02-19,Imperial,025,180216,54697,53967,10635,64602,862
2022-02-19,Inyo,027,18085,4034,4018,459,4477,52
2022-02-19,Kern,029,883053,189626,187158,45631,232789,2095
2022-02-19,Kings,031,150075,50674,49724,3562,53286,421
2022-02-19,Lake,033,64148,10393,10184,872,11056,126
2022-02-19,Lassen,035,31185,8776,8640,875,9515,55
2022-02-19,Los Angeles,037,10098052,2679832,2642878,122227,2765105,29842
2022-02-19,Madera,039,155013,36777,36526,5981,42507,330
2022-02-19,Marin,041,260295,32663,32441,2166,34607,258
2022-02-19,Mariposa,043,17540,2325,2310,192,2502,6
2022-02-19,Mendocino,045,87422,12794,12625,2935,15560,110
2022-02-19,Merced,047,269075,61300,60886,8448,69334,769
2022-02-19,Modoc,049,8938,723,714,247,961,6
2022-02-19,Mono,051,14174,2952,2956,119,3075,5
2022-02-19,Monterey,053,433212,78131,76765,13240,90005,682
2022-02-19,Napa,055,140530,25120,24970,929,25899,127
2022-02-19,Nevada,057,99092,15709,15715,1164,16879,121
2022-02-19,Orange,059,3164182,540348,538019,40772,578791,6416
2022-02-19,Placer,061,380077,61844,61417,7283,68700,560
2022-02-19,Plumas,063,18699,2922,2646,350,2996,13
2022-02-19,Riverside,065,2383286,585970,581788,27667,609455,6087
2022-02-19,Sacramento,067,1510023,276899,270080,26747,296827,2747
2022-02-19,San Benito,069,59416,12715,12665,505,13170,92
2022-02-19,San Bernardino,071,2135413,564256,553151,24787,577938,6400
2022-02-19,San Diego,073,3302833,739736,729549,51386,780935,4947
2022-02-19,San Francisco,075,870044,120705,121197,8095,129292,756
2022-02-19,San Joaquin,077,732212,164266,163083,9849,172932,2033
2022-02-19,San Luis Obispo,079,281455,51375,50823,3674,54497,424
2022-02-19,San Mateo,081,765935,119006,116648,6819,123467,598
2022-02-19,Santa Barbara,083,443738,84520,83988,4695,88683,642
2022-02-19,Santa Clara,085,1922200,303849,303077,12157,315234,2138
2022-02-19,Santa Cruz,087,273765,46280,45532,2087,47619,250
2022-02-19,Shasta,089,179085,30022,29847,6019,35866,479
2022-02-19,Sierra,091,2930,271,269,46,315,0
2022-02-19,Siskiyou,093,43540,4361,4307,2684,6991,70
2022-02-19,Solano,095,438530,79839,78914,5499,84413,424
2022-02-19,Sonoma,097,501317,81857,80843,2517,83360,431
2022-02-19,Stanislaus,099,539301,115983,115976,17420,133396,1454
2022-02-19,Sutter,101,95872,20159,20060,2005,22065,210
2022-02-19,Tehama,103,63373,11871,11760,2592,14352,152
2022-02-19,Trinity,105,12862,1167,1130,291,1421,20
2022-02-19,Tulare,107,460477,105132,101996,27956,129952,1286
2022-02-19,Tuolumne,109,53932,12428,12036,550,12586,175
2022-02-19,Ventura,111,848112,171073,170331,9353,179684,1384
2022-02-19,Yolo,113,214977,36228,35363,3100,38463,293
2022-02-19,Yuba,115,75493,15572,15449,1165,16614,112
2022-02-18,Alameda,001,1643700,250362,246028,13457,259485,1700
2022-02-18,Alpine,003,1148,121,124,1,125,0
2022-02-18,Amador,005,37829,8310,8203,638,8841,79
2022-02-18,Butte,007,227075,32469,32173,6579,38752,364
2022-02-18,Calaveras,009,45235,7144,7136,342,7478,107
2022-02-18,Colusa,011,21464,3404,3389,1058,4447,21
2022-02-18,Contra Costa,013,1133247,185089,182797,12832,195629,1190
2022-02-18,Del Norte,015,27424,5591,5511,176,5687,45
2022-02-18,El Dorado,017,186661,26336,26101,3193,29294,189
2022-02-18,Fresno,019,978130,227454,223594,23545,247139,2544
2022-02-18,Glenn,021,27897,4909,4881,1584,6465,39
2022-02-18,Humboldt,023,135768,16474,16393,2864,19257,132
2022-02-18,Imperial,025,180216,54671,53967,10624,64591,862
2022-02-18,Inyo,027,18085,4032,4018,459,4477,52
2022-02-18,Kern,029,883053,189514,187158,45586,232744,2095
2022-02-18,Kings,031,150075,50587,49724,3562,53286,421
2022-02-18,Lake,033,64148,10375,10184,870,11054,126
2022-02-18,Lassen,035,31185,8756,8640,874,9514,55
2022-02-18,Los Angeles,037,10098052,2678847,2642878,122172,2765050,29842
2022-02-18,Madera,039,155013,36754,36526,5979,42505,330
2022-02-18,Marin,041,260295,32645,32441,2164,34605,258
2022-02-18,Mariposa,043,17540,2323,2310,192,2502,6
2022-02-18,Mendocino,045,87422,12784,12625,2935,15560,110
2022-02-18,Merced,047,269075,61258,60886,8438,69324,769
2022-02-18,Modoc,049,8938,723,714,247,961,6
2022-02-18,Mono,051,14174,2952,2956,119,3075,5
2022-02-18,Monterey,053,433212,78058,76765,13232,89997,682
2022-02-18,Napa,055,140530,25102,24970,929,25899,127
2022-02-18,Nevada,057,99092,15701,15715,1164,16879,121
2022-02-18,Orange,059,3164182,540110,538019,40733,578752,6416
2022-02-18,Placer,061,380077,61815,61417,7275,68692,560
2022-02-18,Plumas,063,18699,2919,2646,350,2996,13
2022-02-18,Riverside,065,2383286,585789,581788,27658,609446,6087
2022-02-18,Sacramento,067,1510023,276708,270080,26739,296819,2747
2022-02-18,San Benito,069,59416,12707,12665,505,13170,92
2022-02-18,San Bernardino,071,2135413,564078,553151,24782,577933,6400
2022-02-18,San Diego,073,3302833,739312,729549,51361,780910,4947
2022-02-18,San Francisco,075,870044,120617,121197,8087,129284,756
2022-02-18,San Joaquin,077,732212,164196,163083,9841,172924,2033
2022-02-18,San Luis Obispo,079,281455,51359,50823,3671,54494,424
2022-02-18,San Mateo,081,765935,118941,116648,6816,123464,598
2022-02-18,Santa Barbara,083,443738,84480,83988,4693,88681,642
2022-02-18,Santa Clara,085,1922200,303613,303077,12156,315233,2138
2022-02-18,Santa Cruz,087,273765,46246,45532,2086,47618,250
2022-02-18,Shasta,089,179085,30009,29847,6018,35865,479
2022-02-18,Sierra,091,2930,271,269,46,315,0
2022-02-18,Siskiyou,093,43540,4358,4307,2682,6989,70
2022-02-18,Solano,095,438530,79769,78914,5498,84412,424
2022-02-18,Sonoma,097,501317,81801,80843,2516,83359,431
2022-02-18,Stanislaus,099,539301,115933,115976,17406,133382,1454
2022-02-18,Sutter,101,95872,20147,20060,2005,22065,210
2022-02-18,Tehama,103,63373,11860,11760,2592,14352,152
2022-02-18,Trinity,105,12862,1166,1130,290,1420,20
2022-02-18,Tulare,107,460477,105081,101996,27913,129909,1286
2022-02-18,Tuolumne,109,53932,12422,12036,549,12585,175
2022-02-18,Ventura,111,848112,170983,170331,9348,179679,1384
2022-02-18,Yolo,113,214977,36200,35363,3098,38461,293
2022-02-18,Yuba,115,75493,15557,15449,1165,16614,112
2022-02-17,Alameda,001,1643700,250100,246028,13436,259464,1700
2022-02-17,Alpine,003,1148,121,124,1,125,0
2022-02-17,Amador,005,37829,8306,8203,636,8839,79
2022-02-17,Butte,007,227075,32431,32173,6574,38747,364
2022-02-17,Calaveras,009,45235,7135,7136,339,7475,107
2022-02-17,Colusa,011,21464,3401,3389,1058,4447,21
2022-02-17,Contra Costa,013,1133247,184893,182797,12798,195595,1190
2022-02-17,Del Norte,015,27424,5570,5511,176,5687,45
2022-02-17,El Dorado,017,186661,26311,26101,3183,29284,189
2022-02-17,Fresno,019,978130,227161,223594,23514,247108,2544
2022-02-17,Glenn,021,27897,4907,4881,1581,6462,39
2022-02-17,Humboldt,023,135768,16434,16393,2863,19256,132
2022-02-17,Imperial,025,180216,54599,53967,10607,64574,862
2022-02-17,Inyo,027,18085,4030,4018,458,4476,52
2022-02-17,Kern,029,883053,189360,187158,45536,232694,2095
2022-02-17,Kings,031,150075,50523,49724,3556,53280,421
2022-02-17,Lake,033,64148,10345,10184,866,11050,126
2022-02-17,Lassen,035,31185,8746,8640,872,9512,55
2022-02-17,Los Angeles,037,10098052,2677008,2642878,122091,2764969,29842
2022-02-17,Madera,039,155013,36711,36526,5972,42498,330
2022-02-17,Marin,041,260295,32619,32441,2162,34603,258
2022-02-17,Mariposa,043,17540,2321,2310,191,2501,6
2022-02-17,Mendocino,045,87422,12767,12625,2932,15557,110
2022-02-17,Merced,047,269075,61184,60886,8420,69306,769
2022-02-17,Modoc,049,8938,722,714,247,961,6
2022-02-17,Mono,051,14174,2950,2956,119,3075,5
2022-02-17,Monterey,053,433212,77946,76765,13190,89955,682
2022-02-17,Napa,055,140530,25070,24970,927,25897,127
2022-02-17,Nevada,057,99092,15689,15715,1163,16878,121
2022-02-17,Orange,059,3164182,539770,538019,40705,578724,6416
2022-02-17,Placer,061,380077,61773,61417,7267,68684,560
2022-02-17,Plumas,063,18699,2916,2646,350,2996,13
2022-02-17,Riverside,065,2383286,585411,581788,27631,609419,6087
2022-02-17,Sacramento,067,1510023,276423,270080,26691,296771,2747
2022-02-17,San Benito,069,59416,12696,12665,505,13170,92
2022-02-17,San Bernardino,071,2135413,563778,553151,24768,577919,6400
2022-02-17,San Diego,073,3302833,738716,729549,51311,780860,4947
2022-02-17,San Francisco,075,870044,120483,121197,8076,129273,756
2022-02-17,San Joaquin,077,732212,164032,163083,9827,172910,2033
2022-02-17,San Luis Obispo,079,281455,51254,50823,3663,54486,424
2022-02-17,San Mateo,081,765935,118847,116648,6807,123455,598
2022-02-17,Santa Barbara,083,443738,84380,83988,4685,88673,642
2022-02-17,Santa Clara,085,1922200,303248,303077,12141,315218,2138
2022-02-17,Santa Cruz,087,273765,46165,45532,2084,47616,250
2022-02-17,Shasta,089,179085,29982,29847,6015,35862,479
2022-02-17,Sierra,091,2930,271,269,46,315,0
2022-02-17,Siskiyou,093,43540,4349,4307,2678,6985,70
2022-02-17,Solano,095,438530,79688,78914,5490,84404,424
2022-02-17,Sonoma,097,501317,81735,80843,2509,83352,431
2022-02-17,Stanislaus,099,539301,115830,115976,17389,133365,1454
2022-02-17,Sutter,101,95872,20132,20060,1997,22057,210
2022-02-17,Tehama,103,63373,11852,11760,2591,14351,152
2022-02-17,Trinity,105,12862,1164,1130,288,1418,20
2022-02-17,Tulare,107,460477,104968,101996,27888,129884,1286
2022-02-17,Tuolumne,109,53932,12411,12036,549,12585,175
2022-02-17,Ventura,111,848112,170843,170331,9347,179678,1384
2022-02-17,Yolo,113,214977,36162,35363,3097,38460,293
2022-02-17,Yuba,115,75493,15542,15449,1165,16614,112
2022-02-16,Alameda,001,1643700,249789,245662,13397,259059,1691
2022-02-16,Alpine,003,1148,121,124,1,125,0
2022-02-16,Amador,005,37829,8288,8197,634,8831,77
2022-02-16,Butte,007,227075,32388,32095,6562,38657,363
2022-02-16,Calaveras,009,45235,7131,7129,336,7465,107
2022-02-16,Colusa,011,21464,3396,3384,1058,4442,21
2022-02-16,Contra Costa,013,1133247,184657,182423,12761,195184,1179
2022-02-16,Del Norte,015,27424,5549,5473,172,5645,45
2022-02-16,El Dorado,017,186661,26284,26061,3179,29240,189
2022-02-16,Fresno,019,978130,226800,223056,23463,246519,2542
2022-02-16,Glenn,021,27897,4903,4873,1576,6449,39
2022-02-16,Humboldt,023,135768,16410,16342,2852,19194,132
2022-02-16,Imperial,025,180216,54521,53901,10577,64478,861
2022-02-16,Inyo,027,18085,4027,4013,455,4468,52
2022-02-16,Kern,029,883053,189142,186740,45445,232185,2084
2022-02-16,Kings,031,150075,50470,49575,3547,53122,420
2022-02-16,Lake,033,64148,10319,10145,866,11011,125
2022-02-16,Lassen,035,31185,8713,8618,872,9490,55
2022-02-16,Los Angeles,037,10098052,2674916,2640005,121980,2761985,29749
2022-02-16,Madera,039,155013,36643,36382,5957,42339,330
2022-02-16,Marin,041,260295,32583,32381,2159,34540,257
2022-02-16,Mariposa,043,17540,2319,2305,191,2496,6
2022-02-16,Mendocino,045,87422,12745,12605,2922,15527,108
2022-02-16,Merced,047,269075,61118,60776,8387,69163,767
2022-02-16,Modoc,049,8938,722,711,243,954,6
2022-02-16,Mono,051,14174,2948,2953,119,3072,5
2022-02-16,Monterey,053,433212,77798,76624,13149,89773,682
2022-02-16,Napa,055,140530,25031,24897,924,25821,128
2022-02-16,Nevada,057,99092,15672,15677,1159,16836,121
2022-02-16,Orange,059,3164182,539368,537934,40660,578594,6392
2022-02-16,Placer,061,380077,61729,61278,7254,68532,556
2022-02-16,Plumas,063,18699,2913,2644,348,2992,13
2022-02-16,Riverside,065,2383286,585012,580828,27584,608412,6064
2022-02-16,Sacramento,067,1510023,276098,269416,26635,296051,2736
2022-02-16,San Benito,069,59416,12669,12644,505,13149,92
2022-02-16,San Bernardino,071,2135413,563506,552353,24743,577096,6379
2022-02-16,San Diego,073,3302833,737956,728610,51236,779846,4931
2022-02-16,San Francisco,075,870044,120310,120987,8071,129058,756
2022-02-16,San Joaquin,077,732212,163863,162752,9817,172569,2032
2022-02-16,San Luis Obispo,079,281455,51182,50704,3650,54354,425
2022-02-16,San Mateo,081,765935,118729,116438,6789,123227,595
2022-02-16,Santa Barbara,083,443738,84304,83968,4672,88640,642
2022-02-16,Santa Clara,085,1922200,302863,302439,12106,314545,2130
2022-02-16,Santa Cruz,087,273765,46075,45274,2082,47356,250
2022-02-16,Shasta,089,179085,29944,29767,6003,35770,477
2022-02-16,Sierra,091,2930,270,269,46,315,0
2022-02-16,Siskiyou,093,43540,4342,4302,2672,6974,71
2022-02-16,Solano,095,438530,79573,78742,5483,84225,422
2022-02-16,Sonoma,097,501317,81607,80642,2499,83141,431
2022-02-16,Stanislaus,099,539301,115711,115751,17358,133109,1443
2022-02-16,Sutter,101,95872,20115,20020,1994,22014,210
2022-02-16,Tehama,103,63373,11835,11738,2589,14327,152
2022-02-16,Trinity,105,12862,1164,1130,287,1417,20
2022-02-16,Tulare,107,460477,104848,101817,27835,129652,1281
2022-02-16,Tuolumne,109,53932,12399,11991,548,12539,171
2022-02-16,Ventura,111,848112,170706,170117,9339,179456,1372
2022-02-16,Yolo,113,214977,36111,35284,3094,38378,292
2022-02-16,Yuba,115,75493,15520,15405,1162,16567,110
2022-02-15,Alameda,001,1643700,249437,245265,13366,258631,1683
2022-02-15,Alpine,003,1148,121,124,1,125,0
2022-02-15,Amador,005,37829,8278,8183,633,8816,77
2022-02-15,Butte,007,227075,32339,32011,6548,38559,361
2022-02-15,Calaveras,009,45235,7121,7115,336,7451,106
2022-02-15,Colusa,011,21464,3388,3374,1057,4431,21
2022-02-15,Contra Costa,013,1133247,184398,182041,12729,194770,1179
2022-02-15,Del Norte,015,27424,5521,5439,170,5609,45
2022-02-15,El Dorado,017,186661,26265,25988,3174,29162,189
2022-02-15,Fresno,019,978130,226424,222673,23398,246071,2543
2022-02-15,Glenn,021,27897,4894,4862,1575,6437,39
2022-02-15,Humboldt,023,135768,16366,16297,2837,19134,132
2022-02-15,Imperial,025,180216,54458,53813,10562,64375,860
2022-02-15,Inyo,027,18085,4026,4009,454,4463,52
2022-02-15,Kern,029,883053,188922,186324,45354,231678,2072
2022-02-15,Kings,031,150075,50377,49473,3538,53011,418
2022-02-15,Lake,033,64148,10287,10112,860,10972,123
2022-02-15,Lassen,035,31185,8699,8587,870,9457,55
2022-02-15,Los Angeles,037,10098052,2672657,2638266,121847,2760113,29691
2022-02-15,Madera,039,155013,36576,36260,5936,42196,330
2022-02-15,Marin,041,260295,32541,32355,2157,34512,255
2022-02-15,Mariposa,043,17540,2318,2302,191,2493,6
2022-02-15,Mendocino,045,87422,12728,12580,2903,15483,108
2022-02-15,Merced,047,269075,61035,60674,8356,69030,763
2022-02-15,Modoc,049,8938,720,710,240,950,6
2022-02-15,Mono,051,14174,2947,2952,119,3071,5
2022-02-15,Monterey,053,433212,77672,75530,13089,88619,682
2022-02-15,Napa,055,140530,24981,24832,917,25749,127
2022-02-15,Nevada,057,99092,15646,15643,1158,16801,121
2022-02-15,Orange,059,3164182,538910,537478,40616,578094,6374
2022-02-15,Placer,061,380077,61668,61170,7243,68413,554
2022-02-15,Plumas,063,18699,2909,2638,348,2986,13
2022-02-15,Riverside,065,2383286,584525,579940,27524,607464,6049
2022-02-15,Sacramento,067,1510023,275709,268950,26555,295505,2721
2022-02-15,San Benito,069,59416,12650,12616,505,13121,91
2022-02-15,San Bernardino,071,2135413,563143,551803,24721,576524,6372
2022-02-15,San Diego,073,3302833,736994,727486,51138,778624,4914
2022-02-15,San Francisco,075,870044,120139,120759,8059,128818,756
2022-02-15,San Joaquin,077,732212,163644,162518,9803,172321,2021
2022-02-15,San Luis Obispo,079,281455,51085,50534,3635,54169,419
2022-02-15,San Mateo,081,765935,118593,116253,6767,123020,595
2022-02-15,Santa Barbara,083,443738,84169,83734,4658,88392,640
2022-02-15,Santa Clara,085,1922200,302371,301831,12067,313898,2130
2022-02-15,Santa Cruz,087,273765,45971,45171,2077,47248,250
2022-02-15,Shasta,089,179085,29893,29684,5989,35673,477
2022-02-15,Sierra,091,2930,270,269,46,315,0
2022-02-15,Siskiyou,093,43540,4335,4288,2665,6953,70
2022-02-15,Solano,095,438530,79440,78626,5476,84102,426
2022-02-15,Sonoma,097,501317,81486,80433,2493,82926,431
2022-02-15,Stanislaus,099,539301,115570,115549,17325,132874,1429
2022-02-15,Sutter,101,95872,20087,19980,1989,21969,208
2022-02-15,Tehama,103,63373,11817,11717,2587,14304,151
2022-02-15,Trinity,105,12862,1158,1125,284,1409,20
2022-02-15,Tulare,107,460477,104694,101645,27776,129421,1278
2022-02-15,Tuolumne,109,53932,12380,11945,546,12491,171
2022-02-15,Ventura,111,848112,170532,169942,9331,179273,1372
2022-02-15,Yolo,113,214977,36060,35241,3084,38325,289
2022-02-15,Yuba,115,75493,15492,15372,1157,16529,109
2022-02-14,Alameda,001,1643700,249003,244315,13333,257648,1677
2022-02-14,Alpine,003,1148,121,125,1,126,0
2022-02-14,Amador,005,37829,8263,8164,630,8794,77
2022-02-14,Butte,007,227075,32282,31946,6533,38479,360
2022-02-14,Calaveras,009,45235,7108,7097,334,7431,106
2022-02-14,Colusa,011,21464,3385,3367,1053,4420,21
2022-02-14,Contra Costa,013,1133247,184114,181753,12690,194443,1167
2022-02-14,Del Norte,015,27424,5498,5426,169,5595,45
2022-02-14,El Dorado,017,186661,26230,25915,3165,29080,188
2022-02-14,Fresno,019,978130,225944,222360,23308,245668,2538
2022-02-14,Glenn,021,27897,4888,4854,1575,6429,39
2022-02-14,Humboldt,023,135768,16326,16264,2812,19076,132
2022-02-14,Imperial,025,180216,54387,53765,10533,64298,860
2022-02-14,Inyo,027,18085,4025,4010,453,4463,52
2022-02-14,Kern,029,883053,188579,186037,45245,231282,2063
2022-02-14,Kings,031,150075,50271,49395,3529,52924,419
2022-02-14,Lake,033,64148,10250,10090,857,10947,123
2022-02-14,Lassen,035,31185,8689,8539,868,9407,55
2022-02-14,Los Angeles,037,10098052,2670077,2636064,121718,2757782,29650
2022-02-14,Madera,039,155013,36511,36194,5913,42107,330
2022-02-14,Marin,041,260295,32505,32304,2154,34458,255
2022-02-14,Mariposa,043,17540,2311,2295,191,2486,6
2022-02-14,Mendocino,045,87422,12701,12541,2871,15412,108
2022-02-14,Merced,047,269075,60946,60591,8311,68902,758
2022-02-14,Modoc,049,8938,715,707,240,947,6
2022-02-14,Mono,051,14174,2946,2954,119,3073,5
2022-02-14,Monterey,053,433212,77500,75407,13005,88412,678
2022-02-14,Napa,055,140530,24922,24776,917,25693,127
2022-02-14,Nevada,057,99092,15627,15629,1157,16786,121
2022-02-14,Orange,059,3164182,538404,536924,40550,577474,6355
2022-02-14,Placer,061,380077,61598,61123,7228,68351,554
2022-02-14,Plumas,063,18699,2907,2631,348,2979,13
2022-02-14,Riverside,065,2383286,583979,579174,27454,606628,5994
2022-02-14,Sacramento,067,1510023,275270,268547,26441,294988,2717
2022-02-14,San Benito,069,59416,12626,12598,504,13102,91
2022-02-14,San Bernardino,071,2135413,562728,551338,24701,576039,6372
2022-02-14,San Diego,073,3302833,736026,723902,51039,774941,4894
2022-02-14,San Francisco,075,870044,119948,120581,8049,128630,756
2022-02-14,San Joaquin,077,732212,163404,162363,9780,172143,2018
2022-02-14,San Luis Obispo,079,281455,50976,50465,3625,54090,416
2022-02-14,San Mateo,081,765935,118429,116129,6758,122887,592
2022-02-14,Santa Barbara,083,443738,84023,83697,4648,88345,636
2022-02-14,Santa Clara,085,1922200,301835,301319,12043,313362,2127
2022-02-14,Santa Cruz,087,273765,45808,45042,2073,47115,250
2022-02-14,Shasta,089,179085,29807,29595,5971,35566,474
2022-02-14,Sierra,091,2930,270,269,46,315,0
2022-02-14,Siskiyou,093,43540,4322,4278,2651,6929,69
2022-02-14,Solano,095,438530,79261,78533,5464,83997,427
2022-02-14,Sonoma,097,501317,81345,80336,2482,82818,431
2022-02-14,Stanislaus,099,539301,115393,115426,17279,132705,1406
2022-02-14,Sutter,101,95872,20059,19957,1983,21940,209
2022-02-14,Tehama,103,63373,11794,11686,2586,14272,151
2022-02-14,Trinity,105,12862,1155,1123,284,1407,20
2022-02-14,Tulare,107,460477,104487,101448,27675,129123,1276
2022-02-14,Tuolumne,109,53932,12351,11920,543,12463,170
2022-02-14,Ventura,111,848112,170355,169725,9319,179044,1361
2022-02-14,Yolo,113,214977,36002,35112,3074,38186,286
2022-02-14,Yuba,115,75493,15462,15375,1153,16528,108
2022-02-13,Alameda,001,1643700,248512,243681,13298,256979,1677
2022-02-13,Alpine,003,1148,121,125,1,126,0
2022-02-13,Amador,005,37829,8234,8146,627,8773,77
2022-02-13,Butte,007,227075,32210,31865,6509,38374,360
2022-02-13,Calaveras,009,45235,7101,7083,331,7414,106
2022-02-13,Colusa,011,21464,3382,3366,1051,4417,21
2022-02-13,Contra Costa,013,1133247,183748,181313,12625,193938,1159
2022-02-13,Del Norte,015,27424,5464,5379,169,5548,45
2022-02-13,El Dorado,017,186661,26193,25871,3157,29028,188
2022-02-13,Fresno,019,978130,225404,221686,23241,244927,2537
2022-02-13,Glenn,021,27897,4878,4847,1572,6419,39
2022-02-13,Humboldt,023,135768,16279,16210,2784,18994,132
2022-02-13,Imperial,025,180216,54289,53658,10495,64153,860
2022-02-13,Inyo,027,18085,4022,4006,451,4457,52
2022-02-13,Kern,029,883053,188327,185640,45158,230798,2063
2022-02-13,Kings,031,150075,50144,49243,3515,52758,416
2022-02-13,Lake,033,64148,10187,10042,849,10891,123
2022-02-13,Lassen,035,31185,8664,8503,866,9369,55
2022-02-13,Los Angeles,037,10098052,2666908,2631267,121575,2752842,29595
2022-02-13,Madera,039,155013,36393,36054,5884,41938,330
2022-02-13,Marin,041,260295,32434,32222,2147,34369,255
2022-02-13,Mariposa,043,17540,2305,2292,189,2481,6
2022-02-13,Mendocino,045,87422,12672,12521,2830,15351,108
2022-02-13,Merced,047,269075,60804,60460,8257,68717,758
2022-02-13,Modoc,049,8938,713,704,233,937,6
2022-02-13,Mono,051,14174,2945,2949,119,3068,5
2022-02-13,Monterey,053,433212,77293,75295,12930,88225,678
2022-02-13,Napa,055,140530,24845,24743,914,25657,127
2022-02-13,Nevada,057,99092,15593,15590,1150,16740,121
2022-02-13,Orange,059,3164182,537776,536134,40488,576622,6355
2022-02-13,Placer,061,380077,61521,61020,7204,68224,554
2022-02-13,Plumas,063,18699,2899,2626,345,2971,13
2022-02-13,Riverside,065,2383286,583387,578363,27409,605772,5995
2022-02-13,Sacramento,067,1510023,274761,267947,26308,294255,2699
2022-02-13,San Benito,069,59416,12593,12578,503,13081,91
2022-02-13,San Bernardino,071,2135413,562237,550632,24667,575299,6367
2022-02-13,San Diego,073,3302833,734887,723902,50920,774822,4894
2022-02-13,San Francisco,075,870044,119695,120295,8037,128332,756
2022-02-13,San Joaquin,077,732212,163097,162028,9751,171779,2018
2022-02-13,San Luis Obispo,079,281455,50831,50384,3617,54001,415
2022-02-13,San Mateo,081,765935,118208,115876,6733,122609,592
2022-02-13,Santa Barbara,083,443738,83859,83547,4640,88187,635
2022-02-13,Santa Clara,085,1922200,301195,300412,12006,312418,2114
2022-02-13,Santa Cruz,087,273765,45653,44887,2071,46958,240
2022-02-13,Shasta,089,179085,29728,29531,5947,35478,474
2022-02-13,Sierra,091,2930,270,269,46,315,0
2022-02-13,Siskiyou,093,43540,4315,4264,2635,6899,69
2022-02-13,Solano,095,438530,79105,78424,5439,83863,426
2022-02-13,Sonoma,097,501317,81179,80172,2470,82642,431
2022-02-13,Stanislaus,099,539301,115197,115156,17238,132394,1406
2022-02-13,Sutter,101,95872,20020,19900,1983,21883,209
2022-02-13,Tehama,103,63373,11768,11644,2581,14225,151
2022-02-13,Trinity,105,12862,1152,1120,281,1401,20
2022-02-13,Tulare,107,460477,104269,101135,27581,128716,1276
2022-02-13,Tuolumne,109,53932,12326,11891,538,12429,170
2022-02-13,Ventura,111,848112,170161,169422,9298,178720,1361
2022-02-13,Yolo,113,214977,35935,35057,3062,38119,286
2022-02-13,Yuba,115,75493,15428,15346,1151,16497,107
2022-02-12,Alameda,001,1643700,248290,242137,13284,255421,1668
2022-02-12,Alpine,003,1148,121,124,1,125,0
2022-02-12,Amador,005,37829,8228,8091,627,8718,76
2022-02-12,Butte,007,227075,32183,31601,6502,38103,360
2022-02-12,Calaveras,009,45235,7098,7022,330,7352,106
2022-02-12,Colusa,011,21464,3379,3345,1051,4396,21
2022-02-12,Contra Costa,013,1133247,183557,180270,12618,192888,1141
2022-02-12,Del Norte,015,27424,5445,5262,169,5431,45
2022-02-12,El Dorado,017,186661,26177,25692,3157,28849,188
2022-02-12,Fresno,019,978130,225190,219909,23224,243133,2509
2022-02-12,Glenn,021,27897,4877,4818,1571,6389,39
2022-02-12,Humboldt,023,135768,16255,16058,2780,18838,132
2022-02-12,Imperial,025,180216,54245,53304,10484,63788,860
2022-02-12,Inyo,027,18085,4020,3991,451,4442,52
2022-02-12,Kern,029,883053,188216,184639,45121,229760,2037
2022-02-12,Kings,031,150075,50104,48893,3508,52401,415
2022-02-12,Lake,033,64148,10166,9926,844,10770,123
2022-02-12,Lassen,035,31185,8641,8477,865,9342,55
2022-02-12,Los Angeles,037,10098052,2665747,2616426,121499,2737925,29364
2022-02-12,Madera,039,155013,36359,35710,5877,41587,330
2022-02-12,Marin,041,260295,32402,32048,2144,34192,255
2022-02-12,Mariposa,043,17540,2305,2286,189,2475,6
2022-02-12,Mendocino,045,87422,12656,12439,2830,15269,107
2022-02-12,Merced,047,269075,60750,60187,8252,68439,758
2022-02-12,Modoc,049,8938,713,697,233,930,6
2022-02-12,Mono,051,14174,2944,2939,119,3058,5
2022-02-12,Monterey,053,433212,77232,74842,12905,87747,672
2022-02-12,Napa,055,140530,24817,24530,914,25444,124
2022-02-12,Nevada,057,99092,15580,15499,1148,16647,119
2022-02-12,Orange,059,3164182,537487,534503,40452,574955,6305
2022-02-12,Placer,061,380077,61464,60636,7201,67837,554
2022-02-12,Plumas,063,18699,2898,2617,344,2961,13
2022-02-12,Riverside,065,2383286,583025,575566,27385,602951,5961
2022-02-12,Sacramento,067,1510023,274524,266347,26299,292646,2686
2022-02-12,San Benito,069,59416,12581,12526,503,13029,91
2022-02-12,San Bernardino,071,2135413,562005,548822,24654,573476,6360
2022-02-12,San Diego,073,3302833,734388,720287,50871,771158,4854
2022-02-12,San Francisco,075,870044,119573,119113,8026,127139,740
2022-02-12,San Joaquin,077,732212,162967,161234,9745,170979,2014
2022-02-12,San Luis Obispo,079,281455,50795,50064,3614,53678,416
2022-02-12,San Mateo,081,765935,118120,115235,6725,121960,589
2022-02-12,Santa Barbara,083,443738,83773,83390,4630,88020,631
2022-02-12,Santa Clara,085,1922200,300857,298176,11998,310174,2093
2022-02-12,Santa Cruz,087,273765,45617,44447,2069,46516,239
2022-02-12,Shasta,089,179085,29699,29370,5943,35313,473
2022-02-12,Sierra,091,2930,270,268,46,314,0
2022-02-12,Siskiyou,093,43540,4308,4231,2632,6863,68
2022-02-12,Solano,095,438530,79063,77865,5434,83299,424
2022-02-12,Sonoma,097,501317,81075,79533,2468,82001,431
2022-02-12,Stanislaus,099,539301,115072,114531,17226,131757,1406
2022-02-12,Sutter,101,95872,20005,19800,1983,21783,211
2022-02-12,Tehama,103,63373,11753,11580,2581,14161,151
2022-02-12,Trinity,105,12862,1151,1115,281,1396,20
2022-02-12,Tulare,107,460477,104173,100434,27542,127976,1273
2022-02-12,Tuolumne,109,53932,12308,11754,538,12292,125
2022-02-12,Ventura,111,848112,170053,168736,9293,178029,1340
2022-02-12,Yolo,113,214977,35894,34773,3059,37832,286
2022-02-12,Yuba,115,75493,15414,15242,1150,16392,107
2022-02-11,Alameda,001,1643700,248009,242137,13270,255407,1668
2022-02-11,Alpine,003,1148,121,124,1,125,0
2022-02-11,Amador,005,37829,8216,8091,627,8718,76
2022-02-11,Butte,007,227075,32139,31601,6491,38092,360
2022-02-11,Calaveras,009,45235,7095,7022,330,7352,106
2022-02-11,Colusa,011,21464,3377,3345,1050,4395,21
2022-02-11,Contra Costa,013,1133247,183353,180270,12599,192869,1141
2022-02-11,Del Norte,015,27424,5428,5262,168,5430,45
2022-02-11,El Dorado,017,186661,26158,25692,3156,28848,188
2022-02-11,Fresno,019,978130,224894,219909,23206,243115,2509
2022-02-11,Glenn,021,27897,4873,4818,1571,6389,39
2022-02-11,Humboldt,023,135768,16226,16058,2775,18833,132
2022-02-11,Imperial,025,180216,54215,53304,10473,63777,860
2022-02-11,Inyo,027,18085,4016,3991,446,4437,52
2022-02-11,Kern,029,883053,188058,184639,45067,229706,2037
2022-02-11,Kings,031,150075,50064,48893,3507,52400,415
2022-02-11,Lake,033,64148,10141,9926,842,10768,123
2022-02-11,Lassen,035,31185,8601,8477,865,9342,55
2022-02-11,Los Angeles,037,10098052,2664118,2616426,121410,2737836,29364
2022-02-11,Madera,039,155013,36317,35710,5871,41581,330
2022-02-11,Marin,041,260295,32370,32048,2141,34189,255
2022-02-11,Mariposa,043,17540,2300,2286,189,2475,6
2022-02-11,Mendocino,045,87422,12640,12439,2830,15269,107
2022-02-11,Merced,047,269075,60700,60187,8245,68432,758
2022-02-11,Modoc,049,8938,711,697,233,930,6
2022-02-11,Mono,051,14174,2943,2939,119,3058,5
2022-02-11,Monterey,053,433212,77116,74842,12891,87733,672
2022-02-11,Napa,055,140530,24790,24530,914,25444,124
2022-02-11,Nevada,057,99092,15566,15499,1145,16644,119
2022-02-11,Orange,059,3164182,537136,534503,40388,574891,6305
2022-02-11,Placer,061,380077,61412,60636,7199,67835,554
2022-02-11,Plumas,063,18699,2894,2617,342,2959,13
2022-02-11,Riverside,065,2383286,582606,575566,27369,602935,5961
2022-02-11,Sacramento,067,1510023,274259,266347,26287,292634,2686
2022-02-11,San Benito,069,59416,12576,12526,503,13029,91
2022-02-11,San Bernardino,071,2135413,561690,548822,24639,573461,6360
2022-02-11,San Diego,073,3302833,733685,720287,50812,771099,4854
2022-02-11,San Francisco,075,870044,119452,119113,8010,127123,740
2022-02-11,San Joaquin,077,732212,162799,161234,9733,170967,2014
2022-02-11,San Luis Obispo,079,281455,50758,50064,3610,53674,416
2022-02-11,San Mateo,081,765935,118002,115235,6716,121951,589
2022-02-11,Santa Barbara,083,443738,83689,83390,4629,88019,631
2022-02-11,Santa Clara,085,1922200,300432,298176,11978,310154,2093
2022-02-11,Santa Cruz,087,273765,45526,44447,2069,46516,239
2022-02-11,Shasta,089,179085,29668,29370,5935,35305,473
2022-02-11,Sierra,091,2930,269,268,45,313,0
2022-02-11,Siskiyou,093,43540,4297,4231,2626,6857,68
2022-02-11,Solano,095,438530,78938,77865,5428,83293,424
2022-02-11,Sonoma,097,501317,80987,79533,2463,81996,431
2022-02-11,Stanislaus,099,539301,114970,114531,17212,131743,1406
2022-02-11,Sutter,101,95872,19982,19800,1981,21781,211
2022-02-11,Tehama,103,63373,11740,11580,2580,14160,151
2022-02-11,Trinity,105,12862,1150,1115,280,1395,20
2022-02-11,Tulare,107,460477,104055,100434,27488,127922,1273
2022-02-11,Tuolumne,109,53932,12293,11754,536,12290,125
2022-02-11,Ventura,111,848112,169914,168736,9288,178024,1340
2022-02-11,Yolo,113,214977,35861,34773,3057,37830,286
2022-02-11,Yuba,115,75493,15397,15242,1149,16391,107
2022-02-10,Alameda,001,1643700,247484,242137,13223,255360,1668
2022-02-10,Alpine,003,1148,121,124,1,125,0
2022-02-10,Amador,005,37829,8204,8091,620,8711,76
2022-02-10,Butte,007,227075,32087,31601,6479,38080,360
2022-02-10,Calaveras,009,45235,7083,7022,328,7350,106
2022-02-10,Colusa,011,21464,3371,3345,1048,4393,21
2022-02-10,Contra Costa,013,1133247,182991,180270,12533,192803,1141
2022-02-10,Del Norte,015,27424,5399,5262,166,5428,45
2022-02-10,El Dorado,017,186661,26113,25692,3149,28841,188
2022-02-10,Fresno,019,978130,224314,219909,23118,243027,2509
2022-02-10,Glenn,021,27897,4869,4818,1569,6387,39
2022-02-10,Humboldt,023,135768,16176,16058,2753,18811,132
2022-02-10,Imperial,025,180216,54145,53304,10429,63733,860
2022-02-10,Inyo,027,18085,4012,3991,446,4437,52
2022-02-10,Kern,029,883053,187749,184639,44954,229593,2037
2022-02-10,Kings,031,150075,49953,48893,3496,52389,415
2022-02-10,Lake,033,64148,10110,9926,840,10766,123
2022-02-10,Lassen,035,31185,8587,8477,863,9340,55
2022-02-10,Los Angeles,037,10098052,2660966,2616426,121222,2737648,29364
2022-02-10,Madera,039,155013,36219,35710,5839,41549,330
2022-02-10,Marin,041,260295,32312,32048,2129,34177,255
2022-02-10,Mariposa,043,17540,2296,2286,188,2474,6
2022-02-10,Mendocino,045,87422,12618,12439,2806,15245,107
2022-02-10,Merced,047,269075,60575,60187,8189,68376,758
2022-02-10,Modoc,049,8938,710,697,232,929,6
2022-02-10,Mono,051,14174,2941,2939,118,3057,5
2022-02-10,Monterey,053,433212,76934,74842,12804,87646,672
2022-02-10,Napa,055,140530,24725,24530,912,25442,124
2022-02-10,Nevada,057,99092,15541,15499,1144,16643,119
2022-02-10,Orange,059,3164182,536485,534503,40318,574821,6305
2022-02-10,Placer,061,380077,61331,60636,7190,67826,554
2022-02-10,Plumas,063,18699,2891,2617,335,2952,13
2022-02-10,Riverside,065,2383286,581878,575566,27312,602878,5961
2022-02-10,Sacramento,067,1510023,273779,266347,26195,292542,2686
2022-02-10,San Benito,069,59416,12555,12526,501,13027,91
2022-02-10,San Bernardino,071,2135413,561146,548822,24607,573429,6360
2022-02-10,San Diego,073,3302833,732576,720287,50692,770979,4854
2022-02-10,San Francisco,075,870044,119239,119113,7992,127105,740
2022-02-10,San Joaquin,077,732212,162486,161234,9725,170959,2014
2022-02-10,San Luis Obispo,079,281455,50659,50064,3599,53663,416
2022-02-10,San Mateo,081,765935,117777,115235,6699,121934,589
2022-02-10,Santa Barbara,083,443738,83505,83390,4622,88012,631
2022-02-10,Santa Clara,085,1922200,299764,298176,11920,310096,2093
2022-02-10,Santa Cruz,087,273765,45382,44447,2068,46515,239
2022-02-10,Shasta,089,179085,29606,29370,5915,35285,473
2022-02-10,Sierra,091,2930,269,268,45,313,0
2022-02-10,Siskiyou,093,43540,4292,4231,2613,6844,68
2022-02-10,Solano,095,438530,78746,77865,5410,83275,424
2022-02-10,Sonoma,097,501317,80851,79533,2447,81980,431
2022-02-10,Stanislaus,099,539301,114791,114531,17168,131699,1406
2022-02-10,Sutter,101,95872,19943,19800,1966,21766,211
2022-02-10,Tehama,103,63373,11710,11580,2577,14157,151
2022-02-10,Trinity,105,12862,1147,1115,279,1394,20
2022-02-10,Tulare,107,460477,103867,100434,27407,127841,1273
2022-02-10,Tuolumne,109,53932,12271,11754,531,12285,125
2022-02-10,Ventura,111,848112,169633,168736,9273,178009,1340
2022-02-10,Yolo,113,214977,35784,34773,3051,37824,286
2022-02-10,Yuba,115,75493,15365,15242,1143,16385,107
2022-02-09,Alameda,001,1643700,246951,241141,13164,254305,1668
2022-02-09,Alpine,003,1148,120,124,1,125,0
2022-02-09,Amador,005,37829,8190,8069,615,8684,76
2022-02-09,Butte,007,227075,31994,31433,6463,37896,359
2022-02-09,Calaveras,009,45235,7068,7005,324,7329,106
2022-02-09,Colusa,011,21464,3368,3331,1047,4378,21
2022-02-09,Contra Costa,013,1133247,182638,179695,12486,192181,1132
2022-02-09,Del Norte,015,27424,5350,5204,165,5369,45
2022-02-09,El Dorado,017,186661,26076,25572,3137,28709,186
2022-02-09,Fresno,019,978130,223699,218989,23027,242016,2502
2022-02-09,Glenn,021,27897,4856,4804,1568,6372,39
2022-02-09,Humboldt,023,135768,16128,15929,2728,18657,131
2022-02-09,Imperial,025,180216,54042,53102,10356,63458,858
2022-02-09,Inyo,027,18085,4006,3989,445,4434,52
2022-02-09,Kern,029,883053,187372,184068,44839,228907,2021
2022-02-09,Kings,031,150075,49842,48718,3490,52208,410
2022-02-09,Lake,033,64148,10070,9880,835,10715,124
2022-02-09,Lassen,035,31185,8562,8459,862,9321,55
2022-02-09,Los Angeles,037,10098052,2657282,2611611,121087,2732698,29263
2022-02-09,Madera,039,155013,36121,35559,5806,41365,330
2022-02-09,Marin,041,260295,32262,31965,2122,34087,255
2022-02-09,Mariposa,043,17540,2293,2279,188,2467,6
2022-02-09,Mendocino,045,87422,12584,12378,2777,15155,107
2022-02-09,Merced,047,269075,60445,59952,8137,68089,755
2022-02-09,Modoc,049,8938,707,691,231,922,6
2022-02-09,Mono,051,14174,2939,2937,118,3055,5
2022-02-09,Monterey,053,433212,76732,74500,12714,87214,670
2022-02-09,Napa,055,140530,24679,24429,907,25336,123
2022-02-09,Nevada,057,99092,15520,15446,1142,16588,119
2022-02-09,Orange,059,3164182,535854,534316,40238,574554,6263
2022-02-09,Placer,061,380077,61236,60490,7170,67660,553
2022-02-09,Plumas,063,18699,2886,2609,331,2940,13
2022-02-09,Riverside,065,2383286,581132,573907,27265,601172,5911
2022-02-09,Sacramento,067,1510023,273213,265624,26076,291700,2673
2022-02-09,San Benito,069,59416,12531,12492,501,12993,91
2022-02-09,San Bernardino,071,2135413,560537,547768,24579,572347,6349
2022-02-09,San Diego,073,3302833,731220,717896,50582,768478,4832
2022-02-09,San Francisco,075,870044,118990,118550,7981,126531,731
2022-02-09,San Joaquin,077,732212,162181,160618,9715,170333,2014
2022-02-09,San Luis Obispo,079,281455,50513,49833,3594,53427,414
2022-02-09,San Mateo,081,765935,117589,114890,6658,121548,589
2022-02-09,Santa Barbara,083,443738,83323,82830,4616,87446,629
2022-02-09,Santa Clara,085,1922200,299046,297157,11862,309019,2090
2022-02-09,Santa Cruz,087,273765,45200,44200,2061,46261,239
2022-02-09,Shasta,089,179085,29537,29215,5894,35109,471
2022-02-09,Sierra,091,2930,268,268,44,312,0
2022-02-09,Siskiyou,093,43540,4278,4217,2607,6824,68
2022-02-09,Solano,095,438530,78555,77299,5398,82697,423
2022-02-09,Sonoma,097,501317,80678,79165,2440,81605,431
2022-02-09,Stanislaus,099,539301,114542,114039,16921,130960,1406
2022-02-09,Sutter,101,95872,19901,19758,1953,21711,207
2022-02-09,Tehama,103,63373,11683,11542,2573,14115,149
2022-02-09,Trinity,105,12862,1143,1110,278,1388,20
2022-02-09,Tulare,107,460477,103653,100049,27310,127359,1271
2022-02-09,Tuolumne,109,53932,12233,11702,528,12230,95
2022-02-09,Ventura,111,848112,169396,168253,9261,177514,1325
2022-02-09,Yolo,113,214977,35714,34588,3035,37623,285
2022-02-09,Yuba,115,75493,15334,15187,1131,16318,105
2022-02-08,Alameda,001,1643700,246315,240587,13090,253677,1651
2022-02-08,Alpine,003,1148,120,124,1,125,0
2022-02-08,Amador,005,37829,8182,8050,608,8658,76
2022-02-08,Butte,007,227075,31909,31353,6439,37792,359
2022-02-08,Calaveras,009,45235,7051,6981,322,7303,101
2022-02-08,Colusa,011,21464,3360,3320,1046,4366,21
2022-02-08,Contra Costa,013,1133247,182207,179078,12408,191486,1132
2022-02-08,Del Norte,015,27424,5324,5156,160,5316,44
2022-02-08,El Dorado,017,186661,26031,25446,3126,28572,186
2022-02-08,Fresno,019,978130,222952,218416,22921,241337,2502
2022-02-08,Glenn,021,27897,4839,4784,1564,6348,39
2022-02-08,Humboldt,023,135768,16067,15865,2695,18560,130
2022-02-08,Imperial,025,180216,53913,52977,10312,63289,855
2022-02-08,Inyo,027,18085,4001,3983,445,4428,52
2022-02-08,Kern,029,883053,187036,183519,44706,228225,2010
2022-02-08,Kings,031,150075,49682,48479,3478,51957,411
2022-02-08,Lake,033,64148,10040,9806,829,10635,125
2022-02-08,Lassen,035,31185,8553,8423,858,9281,55
2022-02-08,Los Angeles,037,10098052,2652946,2611204,120897,2732101,29259
2022-02-08,Madera,039,155013,36014,35381,5750,41131,330
2022-02-08,Marin,041,260295,32188,31878,2117,33995,255
2022-02-08,Mariposa,043,17540,2291,2266,180,2446,6
2022-02-08,Mendocino,045,87422,12552,12336,2746,15082,107
2022-02-08,Merced,047,269075,60335,59789,8078,67867,751
2022-02-08,Modoc,049,8938,703,684,231,915,6
2022-02-08,Mono,051,14174,2938,2932,118,3050,5
2022-02-08,Monterey,053,433212,76525,74316,12620,86936,670
2022-02-08,Napa,055,140530,24606,24346,900,25246,121
2022-02-08,Nevada,057,99092,15493,15383,1139,16522,117
2022-02-08,Orange,059,3164182,535167,533507,40150,573657,6205
2022-02-08,Placer,061,380077,61128,60301,7157,67458,553
2022-02-08,Plumas,063,18699,2875,2596,324,2920,13
2022-02-08,Riverside,065,2383286,580301,571892,27189,599081,5908
2022-02-08,Sacramento,067,1510023,272542,264479,25893,290372,2664
2022-02-08,San Benito,069,59416,12507,12434,499,12933,91
2022-02-08,San Bernardino,071,2135413,559827,544658,24534,569192,6335
2022-02-08,San Diego,073,3302833,729647,717896,50452,768348,4832
2022-02-08,San Francisco,075,870044,118676,117942,7972,125914,731
2022-02-08,San Joaquin,077,732212,161798,160147,9696,169843,2005
2022-02-08,San Luis Obispo,079,281455,50346,49556,3562,53118,410
2022-02-08,San Mateo,081,765935,117371,114541,6628,121169,589
2022-02-08,Santa Barbara,083,443738,83154,82461,4590,87051,627
2022-02-08,Santa Clara,085,1922200,298166,295679,11812,307491,2091
2022-02-08,Santa Cruz,087,273765,45045,43884,2056,45940,239
2022-02-08,Shasta,089,179085,29454,29084,5865,34949,470
2022-02-08,Sierra,091,2930,268,267,44,311,0
2022-02-08,Siskiyou,093,43540,4268,4191,2597,6788,68
2022-02-08,Solano,095,438530,78324,77031,5384,82415,421
2022-02-08,Sonoma,097,501317,80464,78798,2418,81216,431
2022-02-08,Stanislaus,099,539301,114289,113733,16845,130578,1406
2022-02-08,Sutter,101,95872,19863,19717,1941,21658,203
2022-02-08,Tehama,103,63373,11656,11491,2565,14056,149
2022-02-08,Trinity,105,12862,1137,1110,278,1388,20
2022-02-08,Tulare,107,460477,103362,99694,27174,126868,1267
2022-02-08,Tuolumne,109,53932,12209,11665,526,12191,92
2022-02-08,Ventura,111,848112,169159,167830,9245,177075,1325
2022-02-08,Yolo,113,214977,35632,34462,3021,37483,281
2022-02-08,Yuba,115,75493,15289,15126,1109,16235,107
2022-02-07,Alameda,001,1643700,245603,238678,13022,251700,1643
2022-02-07,Alpine,003,1148,120,124,1,125,0
2022-02-07,Amador,005,37829,8154,7980,600,8580,75
2022-02-07,Butte,007,227075,31820,31184,6413,37597,355
2022-02-07,Calaveras,009,45235,7029,6910,321,7231,100
2022-02-07,Colusa,011,21464,3349,3283,1040,4323,21
2022-02-07,Contra Costa,013,1133247,181745,177767,12336,190103,1130
2022-02-07,Del Norte,015,27424,5280,5093,155,5248,44
2022-02-07,El Dorado,017,186661,25968,25257,3114,28371,185
2022-02-07,Fresno,019,978130,222099,216495,22775,239270,2493
2022-02-07,Glenn,021,27897,4832,4762,1560,6322,39
2022-02-07,Humboldt,023,135768,15992,15764,2670,18434,129
2022-02-07,Imperial,025,180216,53799,52689,10243,62932,853
2022-02-07,Inyo,027,18085,3996,3976,439,4415,51
2022-02-07,Kern,029,883053,186563,182047,44535,226582,1998
2022-02-07,Kings,031,150075,49498,48147,3461,51608,403
2022-02-07,Lake,033,64148,9994,9519,821,10340,125
2022-02-07,Lassen,035,31185,8535,8362,852,9214,55
2022-02-07,Los Angeles,037,10098052,2648490,2607438,120685,2728123,29210
2022-02-07,Madera,039,155013,35890,35083,5700,40783,330
2022-02-07,Marin,041,260295,32122,31670,2106,33776,255
2022-02-07,Mariposa,043,17540,2286,2253,176,2429,6
2022-02-07,Mendocino,045,87422,12494,12237,2708,14945,107
2022-02-07,Merced,047,269075,60208,59472,7985,67457,748
2022-02-07,Modoc,049,8938,699,679,231,910,6
2022-02-07,Mono,051,14174,2936,2917,118,3035,5
2022-02-07,Monterey,053,433212,76271,69433,12511,81944,670
2022-02-07,Napa,055,140530,24520,23237,890,24127,120
2022-02-07,Nevada,057,99092,15458,15268,1133,16401,113
2022-02-07,Orange,059,3164182,534403,531442,40067,571509,6179
2022-02-07,Placer,061,380077,61004,59894,7142,67036,546
2022-02-07,Plumas,063,18699,2864,2573,315,2888,13
2022-02-07,Riverside,065,2383286,579357,568874,27103,595977,5868
2022-02-07,Sacramento,067,1510023,271862,262834,25701,288535,2631
2022-02-07,San Benito,069,59416,12469,12285,497,12782,90
2022-02-07,San Bernardino,071,2135413,559029,542846,24495,567341,6335
2022-02-07,San Diego,073,3302833,727927,716244,50269,766513,4811
2022-02-07,San Francisco,075,870044,118336,113945,7947,121892,727
2022-02-07,San Joaquin,077,732212,161416,159358,9676,169034,1998
2022-02-07,San Luis Obispo,079,281455,50176,48994,3541,52535,406
2022-02-07,San Mateo,081,765935,117084,107060,6599,113659,589
2022-02-07,Santa Barbara,083,443738,82966,81608,4575,86183,624
2022-02-07,Santa Clara,085,1922200,297215,293360,11764,305124,2085
2022-02-07,Santa Cruz,087,273765,44829,43244,2052,45296,239
2022-02-07,Shasta,089,179085,29363,28900,5838,34738,468
2022-02-07,Sierra,091,2930,268,265,44,309,0
2022-02-07,Siskiyou,093,43540,4257,4157,2581,6738,68
2022-02-07,Solano,095,438530,78067,73934,5358,79292,420
2022-02-07,Sonoma,097,501317,80207,78296,2405,80701,431
2022-02-07,Stanislaus,099,539301,114031,113029,16688,129717,1406
2022-02-07,Sutter,101,95872,19831,19599,1913,21512,203
2022-02-07,Tehama,103,63373,11615,11418,2557,13975,146
2022-02-07,Trinity,105,12862,1133,1109,275,1384,20
2022-02-07,Tulare,107,460477,103003,98774,27031,125805,1263
2022-02-07,Tuolumne,109,53932,12161,11578,522,12100,92
2022-02-07,Ventura,111,848112,168841,166904,9230,176134,1324
2022-02-07,Yolo,113,214977,35521,34007,3006,37013,281
2022-02-07,Yuba,115,75493,15242,14998,1102,16100,105
2022-02-06,Alameda,001,1643700,244692,237188,12938,250126,1643
2022-02-06,Alpine,003,1148,120,123,1,124,0
2022-02-06,Amador,005,37829,8124,7922,588,8510,73
2022-02-06,Butte,007,227075,31693,31021,6366,37387,355
2022-02-06,Calaveras,009,45235,7002,6870,316,7186,99
2022-02-06,Colusa,011,21464,3339,3282,1039,4321,21
2022-02-06,Contra Costa,013,1133247,181119,176863,12177,189040,1128
2022-02-06,Del Norte,015,27424,5220,5038,153,5191,44
2022-02-06,El Dorado,017,186661,25905,25165,3102,28267,185
2022-02-06,Fresno,019,978130,221253,214726,22514,237240,2489
2022-02-06,Glenn,021,27897,4819,4738,1550,6288,39
2022-02-06,Humboldt,023,135768,15908,15658,2630,18288,128
2022-02-06,Imperial,025,180216,53612,52396,10195,62591,853
2022-02-06,Inyo,027,18085,3994,3970,436,4406,51
2022-02-06,Kern,029,883053,186011,181188,44294,225482,1996
2022-02-06,Kings,031,150075,49275,47669,3435,51104,401
2022-02-06,Lake,033,64148,9925,9468,803,10271,125
2022-02-06,Lassen,035,31185,8515,8326,847,9173,55
2022-02-06,Los Angeles,037,10098052,2642956,2602620,120420,2723040,29180
2022-02-06,Madera,039,155013,35706,34901,5606,40507,330
2022-02-06,Marin,041,260295,32025,31488,2093,33581,255
2022-02-06,Mariposa,043,17540,2278,2244,165,2409,6
2022-02-06,Mendocino,045,87422,12451,12169,2638,14807,107
2022-02-06,Merced,047,269075,59990,59112,7823,66935,748
2022-02-06,Modoc,049,8938,694,675,230,905,6
2022-02-06,Mono,051,14174,2931,2901,116,3017,5
2022-02-06,Monterey,053,433212,75905,67912,12346,80258,670
2022-02-06,Napa,055,140530,24401,23230,882,24112,120
2022-02-06,Nevada,057,99092,15393,15192,1120,16312,113
2022-02-06,Orange,059,3164182,533450,527906,39965,567871,6171
2022-02-06,Placer,061,380077,60828,59507,7116,66623,544
2022-02-06,Plumas,063,18699,2850,2559,306,2865,13
2022-02-06,Riverside,065,2383286,578215,568276,27024,595300,5865
2022-02-06,Sacramento,067,1510023,270991,261353,25429,286782,2631
2022-02-06,San Benito,069,59416,12414,12186,489,12675,90
2022-02-06,San Bernardino,071,2135413,558045,541103,24424,565527,6334
2022-02-06,San Diego,073,3302833,725865,709938,50030,759968,4786
2022-02-06,San Francisco,075,870044,117952,113115,7920,121035,728
2022-02-06,San Joaquin,077,732212,160851,158510,9636,168146,1997
2022-02-06,San Luis Obispo,079,281455,49951,48843,3484,52327,405
2022-02-06,San Mateo,081,765935,116745,105556,6559,112115,587
2022-02-06,Santa Barbara,083,443738,82648,81118,4536,85654,623
2022-02-06,Santa Clara,085,1922200,296107,291732,11644,303376,2075
2022-02-06,Santa Cruz,087,273765,44516,42952,2037,44989,239
2022-02-06,Shasta,089,179085,29240,28762,5788,34550,468
2022-02-06,Sierra,091,2930,268,265,44,309,0
2022-02-06,Siskiyou,093,43540,4236,4118,2555,6673,68
2022-02-06,Solano,095,438530,77769,73475,5316,78791,419
2022-02-06,Sonoma,097,501317,79870,77887,2390,80277,431
2022-02-06,Stanislaus,099,539301,113634,112521,16540,129061,1406
2022-02-06,Sutter,101,95872,19789,19523,1870,21393,203
2022-02-06,Tehama,103,63373,11575,11366,2537,13903,146
2022-02-06,Trinity,105,12862,1132,1102,274,1376,20
2022-02-06,Tulare,107,460477,102566,98260,26827,125087,1262
2022-02-06,Tuolumne,109,53932,12109,11507,505,12012,92
2022-02-06,Ventura,111,848112,168465,166235,9219,175454,1323
2022-02-06,Yolo,113,214977,35382,33784,2990,36774,281
2022-02-06,Yuba,115,75493,15196,14917,1093,16010,104
2022-02-05,Alameda,001,1643700,244276,235698,12929,248627,1638
2022-02-05,Alpine,003,1148,120,124,1,125,0
2022-02-05,Amador,005,37829,8115,7855,585,8440,71
2022-02-05,Butte,007,227075,31639,30733,6352,37085,355
2022-02-05,Calaveras,009,45235,6986,6789,316,7105,99
2022-02-05,Colusa,011,21464,3332,3234,1037,4271,21
2022-02-05,Contra Costa,013,1133247,180850,175871,12161,188032,1115
2022-02-05,Del Norte,015,27424,5178,4978,151,5129,44
2022-02-05,El Dorado,017,186661,25874,24813,3100,27913,185
2022-02-05,Fresno,019,978130,220909,213539,22492,236031,2477
2022-02-05,Glenn,021,27897,4817,4691,1543,6234,39
2022-02-05,Humboldt,023,135768,15860,15514,2626,18140,127
2022-02-05,Imperial,025,180216,53549,52153,10182,62335,853
2022-02-05,Inyo,027,18085,3991,3948,436,4384,51
2022-02-05,Kern,029,883053,185802,180296,44189,224485,1987
2022-02-05,Kings,031,150075,49188,47538,3428,50966,402
2022-02-05,Lake,033,64148,9906,9289,796,10085,124
2022-02-05,Lassen,035,31185,8504,8288,845,9133,55
2022-02-05,Los Angeles,037,10098052,2640772,2572702,120293,2692995,28947
2022-02-05,Madera,039,155013,35653,34471,5594,40065,329
2022-02-05,Marin,041,260295,31978,31299,2089,33388,255
2022-02-05,Mariposa,043,17540,2277,2222,164,2386,6
2022-02-05,Mendocino,045,87422,12423,12066,2636,14702,107
2022-02-05,Merced,047,269075,59897,58908,7815,66723,744
2022-02-05,Modoc,049,8938,693,664,230,894,6
2022-02-05,Mono,051,14174,2930,2904,116,3020,5
2022-02-05,Monterey,053,433212,75789,67342,12302,79644,666
2022-02-05,Napa,055,140530,24345,22973,881,23854,118
2022-02-05,Nevada,057,99092,15372,15002,1115,16117,113
2022-02-05,Orange,059,3164182,533008,527516,39874,567390,6134
2022-02-05,Placer,061,380077,60703,59043,7102,66145,533
2022-02-05,Plumas,063,18699,2849,2550,305,2855,13
2022-02-05,Riverside,065,2383286,577611,563991,26953,590944,5827
2022-02-05,Sacramento,067,1510023,270596,259437,25391,284828,2610
2022-02-05,San Benito,069,59416,12369,12142,489,12631,90
2022-02-05,San Bernardino,071,2135413,557532,539312,24402,563714,6322
2022-02-05,San Diego,073,3302833,725005,703957,49956,753913,4735
2022-02-05,San Francisco,075,870044,117743,112481,7891,120372,720
2022-02-05,San Joaquin,077,732212,160665,157420,9625,167045,1989
2022-02-05,San Luis Obispo,079,281455,49914,48361,3482,51843,404
2022-02-05,San Mateo,081,765935,116557,104810,6551,111361,587
2022-02-05,Santa Barbara,083,443738,82485,80478,4524,85002,617
2022-02-05,Santa Clara,085,1922200,295453,289262,11628,300890,2067
2022-02-05,Santa Cruz,087,273765,44442,42553,2034,44587,239
2022-02-05,Shasta,089,179085,29197,28604,5778,34382,466
2022-02-05,Sierra,091,2930,268,262,44,306,0
2022-02-05,Siskiyou,093,43540,4229,4106,2542,6648,67
2022-02-05,Solano,095,438530,77694,73112,5308,78420,415
2022-02-05,Sonoma,097,501317,79703,77213,2386,79599,431
2022-02-05,Stanislaus,099,539301,113431,111783,16520,128303,1406
2022-02-05,Sutter,101,95872,19759,19406,1864,21270,203
2022-02-05,Tehama,103,63373,11556,11259,2530,13789,146
2022-02-05,Trinity,105,12862,1130,1085,274,1359,20
2022-02-05,Tulare,107,460477,102397,97414,26744,124158,1254
2022-02-05,Tuolumne,109,53932,12084,11409,502,11911,91
2022-02-05,Ventura,111,848112,168239,165532,9203,174735,1308
2022-02-05,Yolo,113,214977,35297,33614,2976,36590,281
2022-02-05,Yuba,115,75493,15165,14801,1085,15886,105
2022-02-04,Alameda,001,1643700,243788,235698,12919,248617,1638
2022-02-04,Alpine,003,1148,120,124,1,125,0
2022-02-04,Amador,005,37829,8099,7855,581,8436,71
2022-02-04,Butte,007,227075,31579,30733,6341,37074,355
2022-02-04,Calaveras,009,45235,6976,6789,314,7103,99
2022-02-04,Colusa,011,21464,3327,3234,1035,4269,21
2022-02-04,Contra Costa,013,1133247,180527,175871,12132,188003,1115
2022-02-04,Del Norte,015,27424,5155,4978,151,5129,44
2022-02-04,El Dorado,017,186661,25838,24813,3095,27908,185
2022-02-04,Fresno,019,978130,220428,213539,22460,235999,2477
2022-02-04,Glenn,021,27897,4808,4691,1540,6231,39
2022-02-04,Humboldt,023,135768,15833,15514,2623,18137,127
2022-02-04,Imperial,025,180216,53472,52153,10165,62318,853
2022-02-04,Inyo,027,18085,3988,3948,435,4383,51
2022-02-04,Kern,029,883053,185577,180296,44061,224357,1987
2022-02-04,Kings,031,150075,49112,47538,3421,50959,402
2022-02-04,Lake,033,64148,9884,9289,793,10082,124
2022-02-04,Lassen,035,31185,8481,8288,845,9133,55
2022-02-04,Los Angeles,037,10098052,2638135,2572702,120164,2692866,28947
2022-02-04,Madera,039,155013,35570,34471,5586,40057,329
2022-02-04,Marin,041,260295,31914,31299,2080,33379,255
2022-02-04,Mariposa,043,17540,2275,2222,162,2384,6
2022-02-04,Mendocino,045,87422,12392,12066,2634,14700,107
2022-02-04,Merced,047,269075,59816,58908,7805,66713,744
2022-02-04,Modoc,049,8938,693,664,230,894,6
2022-02-04,Mono,051,14174,2928,2904,116,3020,5
2022-02-04,Monterey,053,433212,75599,67342,12259,79601,666
2022-02-04,Napa,055,140530,24298,22973,877,23850,118
2022-02-04,Nevada,057,99092,15338,15002,1111,16113,113
2022-02-04,Orange,059,3164182,532458,527516,39817,567333,6134
2022-02-04,Placer,061,380077,60600,59043,7091,66134,533
2022-02-04,Plumas,063,18699,2842,2550,304,2854,13
2022-02-04,Riverside,065,2383286,576899,563991,26940,590931,5827
2022-02-04,Sacramento,067,1510023,270093,259437,25368,284805,2610
2022-02-04,San Benito,069,59416,12350,12142,487,12629,90
2022-02-04,San Bernardino,071,2135413,556951,539312,24380,563692,6322
2022-02-04,San Diego,073,3302833,723870,703957,49882,753839,4735
2022-02-04,San Francisco,075,870044,117502,112481,7866,120347,720
2022-02-04,San Joaquin,077,732212,160435,157420,9613,167033,1989
2022-02-04,San Luis Obispo,079,281455,49853,48361,3475,51836,404
2022-02-04,San Mateo,081,765935,116327,104810,6537,111347,587
2022-02-04,Santa Barbara,083,443738,82335,80478,4523,85001,617
2022-02-04,Santa Clara,085,1922200,294785,289262,11607,300869,2067
2022-02-04,Santa Cruz,087,273765,44237,42553,2030,44583,239
2022-02-04,Shasta,089,179085,29144,28604,5767,34371,466
2022-02-04,Sierra,091,2930,268,262,44,306,0
2022-02-04,Siskiyou,093,43540,4221,4106,2535,6641,67
2022-02-04,Solano,095,438530,77502,73112,5272,78384,415
2022-02-04,Sonoma,097,501317,79544,77213,2305,79518,431
2022-02-04,Stanislaus,099,539301,113250,111783,16493,128276,1406
2022-02-04,Sutter,101,95872,19735,19406,1857,21263,203
2022-02-04,Tehama,103,63373,11541,11259,2529,13788,146
2022-02-04,Trinity,105,12862,1129,1085,273,1358,20
2022-02-04,Tulare,107,460477,102212,97414,26661,124075,1254
2022-02-04,Tuolumne,109,53932,12071,11409,501,11910,91
2022-02-04,Ventura,111,848112,167970,165532,9195,174727,1308
2022-02-04,Yolo,113,214977,35202,33614,2970,36584,281
2022-02-04,Yuba,115,75493,15147,14801,1085,15886,105
2022-02-03,Alameda,001,1643700,243018,235698,12856,248554,1638
2022-02-03,Alpine,003,1148,120,124,1,125,0
2022-02-03,Amador,005,37829,8079,7855,576,8431,71
2022-02-03,Butte,007,227075,31471,30733,6313,37046,355
2022-02-03,Calaveras,009,45235,6946,6789,310,7099,99
2022-02-03,Colusa,011,21464,3314,3234,1033,4267,21
2022-02-03,Contra Costa,013,1133247,179933,175871,12031,187902,1115
2022-02-03,Del Norte,015,27424,5111,4978,148,5126,44
2022-02-03,El Dorado,017,186661,25767,24813,3089,27902,185
2022-02-03,Fresno,019,978130,219498,213539,22290,235829,2477
2022-02-03,Glenn,021,27897,4791,4691,1522,6213,39
2022-02-03,Humboldt,023,135768,15757,15514,2587,18101,127
2022-02-03,Imperial,025,180216,53328,52153,10114,62267,853
2022-02-03,Inyo,027,18085,3985,3948,431,4379,51
2022-02-03,Kern,029,883053,185114,180296,43845,224141,1987
2022-02-03,Kings,031,150075,48955,47538,3413,50951,402
2022-02-03,Lake,033,64148,9830,9289,787,10076,124
2022-02-03,Lassen,035,31185,8457,8288,844,9132,55
2022-02-03,Los Angeles,037,10098052,2632696,2572702,119900,2692602,28947
2022-02-03,Madera,039,155013,35433,34471,5540,40011,329
2022-02-03,Marin,041,260295,31818,31299,2075,33374,255
2022-02-03,Mariposa,043,17540,2263,2222,159,2381,6
2022-02-03,Mendocino,045,87422,12348,12066,2610,14676,107
2022-02-03,Merced,047,269075,59666,58908,7709,66617,744
2022-02-03,Modoc,049,8938,690,664,230,894,6
2022-02-03,Mono,051,14174,2923,2904,115,3019,5
2022-02-03,Monterey,053,433212,75312,67342,12061,79403,666
2022-02-03,Napa,055,140530,24164,22973,877,23850,118
2022-02-03,Nevada,057,99092,15297,15002,1100,16102,113
2022-02-03,Orange,059,3164182,531534,527516,39724,567240,6134
2022-02-03,Placer,061,380077,60403,59043,7068,66111,533
2022-02-03,Plumas,063,18699,2828,2550,300,2850,13
2022-02-03,Riverside,065,2383286,575700,563991,26868,590859,5827
2022-02-03,Sacramento,067,1510023,269138,259437,25175,284612,2610
2022-02-03,San Benito,069,59416,12323,12142,484,12626,90
2022-02-03,San Bernardino,071,2135413,555935,539312,24340,563652,6322
2022-02-03,San Diego,073,3302833,721899,703957,49719,753676,4735
2022-02-03,San Francisco,075,870044,117165,112481,7835,120316,720
2022-02-03,San Joaquin,077,732212,159953,157420,9584,167004,1989
2022-02-03,San Luis Obispo,079,281455,49654,48361,3458,51819,404
2022-02-03,San Mateo,081,765935,115975,104810,6503,111313,587
2022-02-03,Santa Barbara,083,443738,81977,80478,4494,84972,617
2022-02-03,Santa Clara,085,1922200,293618,289262,11497,300759,2067
2022-02-03,Santa Cruz,087,273765,43897,42553,2023,44576,239
2022-02-03,Shasta,089,179085,29039,28604,5739,34343,466
2022-02-03,Sierra,091,2930,268,262,44,306,0
2022-02-03,Siskiyou,093,43540,4206,4106,2518,6624,67
2022-02-03,Solano,095,438530,77172,73112,5254,78366,415
2022-02-03,Sonoma,097,501317,79247,77213,2298,79511,431
2022-02-03,Stanislaus,099,539301,112872,111783,16406,128189,1406
2022-02-03,Sutter,101,95872,19683,19406,1838,21244,203
2022-02-03,Tehama,103,63373,11510,11259,2521,13780,146
2022-02-03,Trinity,105,12862,1127,1085,272,1357,20
2022-02-03,Tulare,107,460477,101805,97414,26514,123928,1254
2022-02-03,Tuolumne,109,53932,12030,11409,489,11898,91
2022-02-03,Ventura,111,848112,167585,165532,9184,174716,1308
2022-02-03,Yolo,113,214977,35093,33614,2957,36571,281
2022-02-03,Yuba,115,75493,15097,14801,1069,15870,105
2022-02-02,Alameda,001,1643700,242073,234300,12752,247052,1632
2022-02-02,Alpine,003,1148,120,123,1,124,0
2022-02-02,Amador,005,37829,8049,7781,566,8347,71
2022-02-02,Butte,007,227075,31362,30550,6282,36832,355
2022-02-02,Calaveras,009,45235,6920,6753,306,7059,99
2022-02-02,Colusa,011,21464,3299,3211,1032,4243,21
2022-02-02,Contra Costa,013,1133247,179342,174876,11934,186810,1113
2022-02-02,Del Norte,015,27424,5067,4924,143,5067,44
2022-02-02,El Dorado,017,186661,25700,24690,3070,27760,185
2022-02-02,Fresno,019,978130,218485,211976,22157,234133,2463
2022-02-02,Glenn,021,27897,4767,4667,1512,6179,39
2022-02-02,Humboldt,023,135768,15696,15392,2548,17940,127
2022-02-02,Imperial,025,180216,53132,51875,9986,61861,853
2022-02-02,Inyo,027,18085,3979,3944,430,4374,51
2022-02-02,Kern,029,883053,184516,179386,43626,223012,1974
2022-02-02,Kings,031,150075,48764,47061,3387,50448,401
2022-02-02,Lake,033,64148,9772,9235,780,10015,120
2022-02-02,Lassen,035,31185,8444,8258,835,9093,55
2022-02-02,Los Angeles,037,10098052,2626473,2561902,119510,2681412,28850
2022-02-02,Madera,039,155013,35265,34265,5466,39731,329
2022-02-02,Marin,041,260295,31715,31149,2065,33214,255
2022-02-02,Mariposa,043,17540,2252,2215,155,2370,6
2022-02-02,Mendocino,045,87422,12295,11996,2570,14566,105
2022-02-02,Merced,047,269075,59493,58532,7622,66154,744
2022-02-02,Modoc,049,8938,684,662,230,892,6
2022-02-02,Mono,051,14174,2912,2887,115,3002,5
2022-02-02,Monterey,053,433212,74921,66852,11873,78725,666
2022-02-02,Napa,055,140530,24043,22859,864,23723,117
2022-02-02,Nevada,057,99092,15239,14895,1076,15971,112
2022-02-02,Orange,059,3164182,530478,524418,39630,564048,6127
2022-02-02,Placer,061,380077,60210,58654,7037,65691,533
2022-02-02,Plumas,063,18699,2812,2540,296,2836,12
2022-02-02,Riverside,065,2383286,574421,561220,26820,588040,5827
2022-02-02,Sacramento,067,1510023,268129,258078,24961,283039,2602
2022-02-02,San Benito,069,59416,12284,12058,480,12538,90
2022-02-02,San Bernardino,071,2135413,554925,537485,24274,561759,6317
2022-02-02,San Diego,073,3302833,719697,703957,49538,753495,4735
2022-02-02,San Francisco,075,870044,116796,112008,7819,119827,714
2022-02-02,San Joaquin,077,732212,159377,156537,9560,166097,1986
2022-02-02,San Luis Obispo,079,281455,49456,48119,3445,51564,403
2022-02-02,San Mateo,081,765935,115599,104201,6435,110636,587
2022-02-02,Santa Barbara,083,443738,81634,79979,4463,84442,612
2022-02-02,Santa Clara,085,1922200,292471,287443,11382,298825,2051
2022-02-02,Santa Cruz,087,273765,43607,42127,2012,44139,239
2022-02-02,Shasta,089,179085,28937,28429,5694,34123,465
2022-02-02,Sierra,091,2930,268,262,44,306,0
2022-02-02,Siskiyou,093,43540,4196,4078,2491,6569,67
2022-02-02,Solano,095,438530,76816,72711,5230,77941,414
2022-02-02,Sonoma,097,501317,78935,76681,2285,78966,431
2022-02-02,Stanislaus,099,539301,112477,111167,16273,127440,1403
2022-02-02,Sutter,101,95872,19618,19290,1809,21099,203
2022-02-02,Tehama,103,63373,11454,11193,2502,13695,146
2022-02-02,Trinity,105,12862,1124,1074,270,1344,20
2022-02-02,Tulare,107,460477,101413,96820,26340,123160,1249
2022-02-02,Tuolumne,109,53932,11953,11342,486,11828,91
2022-02-02,Ventura,111,848112,167186,164905,9165,174070,1292
2022-02-02,Yolo,113,214977,34969,33332,2934,36266,281
2022-02-02,Yuba,115,75493,15032,14720,1061,15781,104
2022-02-01,Alameda,001,1643700,240995,233782,12647,246429,1620
2022-02-01,Alpine,003,1148,120,123,1,124,0
2022-02-01,Amador,005,37829,8003,7783,560,8343,73
2022-02-01,Butte,007,227075,31224,30496,6244,36740,355
2022-02-01,Calaveras,009,45235,6883,6749,302,7051,98
2022-02-01,Colusa,011,21464,3283,3202,1010,4212,21
2022-02-01,Contra Costa,013,1133247,178607,174379,11793,186172,1115
2022-02-01,Del Norte,015,27424,5019,4907,140,5047,44
2022-02-01,El Dorado,017,186661,25641,24664,3053,27717,184
2022-02-01,Fresno,019,978130,217322,211352,21994,233346,2464
2022-02-01,Glenn,021,27897,4753,4649,1502,6151,39
2022-02-01,Humboldt,023,135768,15614,15354,2518,17872,127
2022-02-01,Imperial,025,180216,52917,51675,9919,61594,846
2022-02-01,Inyo,027,18085,3969,3928,427,4355,51
2022-02-01,Kern,029,883053,183869,178987,43379,222366,1967
2022-02-01,Kings,031,150075,48505,46959,3363,50322,400
2022-02-01,Lake,033,64148,9716,9211,773,9984,119
2022-02-01,Lassen,035,31185,8426,8231,830,9061,55
2022-02-01,Los Angeles,037,10098052,2619282,2548794,119133,2667927,28752
2022-02-01,Madera,039,155013,35044,34124,5385,39509,329
2022-02-01,Marin,041,260295,31593,31099,2049,33148,255
2022-02-01,Mariposa,043,17540,2245,2210,154,2364,6
2022-02-01,Mendocino,045,87422,12233,11978,2533,14511,105
2022-02-01,Merced,047,269075,59309,58362,7497,65859,743
2022-02-01,Modoc,049,8938,677,664,230,894,6
2022-02-01,Mono,051,14174,2906,2888,115,3003,5
2022-02-01,Monterey,053,433212,74500,66553,11671,78224,665
2022-02-01,Napa,055,140530,23944,22795,848,23643,116
2022-02-01,Nevada,057,99092,15178,14863,1063,15926,112
2022-02-01,Orange,059,3164182,529328,523741,39486,563227,6108
2022-02-01,Placer,061,380077,59963,58486,6997,65483,532
2022-02-01,Plumas,063,18699,2797,2526,293,2819,12
2022-02-01,Riverside,065,2383286,573031,560010,26771,586781,5825
2022-02-01,Sacramento,067,1510023,267075,257504,24683,282187,2593
2022-02-01,San Benito,069,59416,12218,12053,477,12530,90
2022-02-01,San Bernardino,071,2135413,553663,536591,24208,560799,6311
2022-02-01,San Diego,073,3302833,717176,701009,49320,750329,4710
2022-02-01,San Francisco,075,870044,116331,111606,7800,119406,713
2022-02-01,San Joaquin,077,732212,158847,156300,9537,165837,1987
2022-02-01,San Luis Obispo,079,281455,49227,47842,3383,51225,403
2022-02-01,San Mateo,081,765935,115131,103868,6393,110261,589
2022-02-01,Santa Barbara,083,443738,81189,79659,4427,84086,608
2022-02-01,Santa Clara,085,1922200,290950,286109,11276,297385,2070
2022-02-01,Santa Cruz,087,273765,43308,41782,1996,43778,239
2022-02-01,Shasta,089,179085,28818,28382,5641,34023,465
2022-02-01,Sierra,091,2930,266,262,44,306,0
2022-02-01,Siskiyou,093,43540,4182,4072,2464,6536,66
2022-02-01,Solano,095,438530,76545,72494,5212,77706,415
2022-02-01,Sonoma,097,501317,78574,76379,2261,78640,431
2022-02-01,Stanislaus,099,539301,112066,110925,16168,127093,1403
2022-02-01,Sutter,101,95872,19550,19256,1776,21032,202
2022-02-01,Tehama,103,63373,11397,11165,2488,13653,146
2022-02-01,Trinity,105,12862,1120,1073,270,1343,19
2022-02-01,Tulare,107,460477,100923,96467,26121,122588,1247
2022-02-01,Tuolumne,109,53932,11903,11318,477,11795,91
2022-02-01,Ventura,111,848112,166681,164721,9141,173862,1293
2022-02-01,Yolo,113,214977,34820,33257,2905,36162,275
2022-02-01,Yuba,115,75493,14971,14693,1054,15747,103
2022-01-31,Alameda,001,1643700,239644,232743,12528,245271,1607
2022-01-31,Alpine,003,1148,119,123,1,124,0
2022-01-31,Amador,005,37829,7949,7682,543,8225,73
2022-01-31,Butte,007,227075,31062,30371,6205,36576,354
2022-01-31,Calaveras,009,45235,6848,6700,291,6991,96
2022-01-31,Colusa,011,21464,3271,3187,1001,4188,21
2022-01-31,Contra Costa,013,1133247,177808,173466,11665,185131,1115
2022-01-31,Del Norte,015,27424,4985,4879,136,5015,43
2022-01-31,El Dorado,017,186661,25538,24545,3023,27568,184
2022-01-31,Fresno,019,978130,215837,210589,21788,232377,2464
2022-01-31,Glenn,021,27897,4717,4641,1490,6131,39
2022-01-31,Humboldt,023,135768,15525,15308,2485,17793,126
2022-01-31,Imperial,025,180216,52701,51472,9803,61275,846
2022-01-31,Inyo,027,18085,3958,3922,421,4343,50
2022-01-31,Kern,029,883053,183088,178375,43052,221427,1967
2022-01-31,Kings,031,150075,48148,46845,3329,50174,398
2022-01-31,Lake,033,64148,9643,9141,761,9902,119
2022-01-31,Lassen,035,31185,8395,8162,824,8986,55
2022-01-31,Los Angeles,037,10098052,2611027,2541189,118725,2659914,28718
2022-01-31,Madera,039,155013,34828,33886,5289,39175,329
2022-01-31,Marin,041,260295,31468,31023,2032,33055,253
2022-01-31,Mariposa,043,17540,2235,2203,145,2348,6
2022-01-31,Mendocino,045,87422,12167,11896,2490,14386,104
2022-01-31,Merced,047,269075,59031,58198,7305,65503,740
2022-01-31,Modoc,049,8938,674,661,230,891,6
2022-01-31,Mono,051,14174,2892,2889,115,3004,5
2022-01-31,Monterey,053,433212,74049,66117,11449,77566,661
2022-01-31,Napa,055,140530,23776,22707,831,23538,113
2022-01-31,Nevada,057,99092,15102,14813,1050,15863,112
2022-01-31,Orange,059,3164182,528004,522358,39350,561708,6098
2022-01-31,Placer,061,380077,59715,58252,6964,65216,523
2022-01-31,Plumas,063,18699,2784,2513,291,2804,12
2022-01-31,Riverside,065,2383286,571214,558166,26704,584870,5785
2022-01-31,Sacramento,067,1510023,265780,256594,24421,281015,2571
2022-01-31,San Benito,069,59416,12159,11976,476,12452,90
2022-01-31,San Bernardino,071,2135413,552022,535276,24120,559396,6302
2022-01-31,San Diego,073,3302833,714267,698571,49059,747630,4686
2022-01-31,San Francisco,075,870044,115923,111119,7766,118885,712
2022-01-31,San Joaquin,077,732212,158088,155736,9504,165240,1985
2022-01-31,San Luis Obispo,079,281455,48973,47656,3324,50980,395
2022-01-31,San Mateo,081,765935,114620,103313,6333,109646,589
2022-01-31,Santa Barbara,083,443738,80681,79267,4385,83652,606
2022-01-31,Santa Clara,085,1922200,289274,284562,11168,295730,2041
2022-01-31,Santa Cruz,087,273765,42929,41630,1989,43619,239
2022-01-31,Shasta,089,179085,28687,28190,5600,33790,462
2022-01-31,Sierra,091,2930,266,261,44,305,0
2022-01-31,Siskiyou,093,43540,4166,4054,2448,6502,66
2022-01-31,Solano,095,438530,75840,72258,5161,77419,414
2022-01-31,Sonoma,097,501317,78120,76199,2228,78427,431
2022-01-31,Stanislaus,099,539301,111539,110493,15998,126491,1403
2022-01-31,Sutter,101,95872,19470,19189,1723,20912,202
2022-01-31,Tehama,103,63373,11335,11112,2458,13570,145
2022-01-31,Trinity,105,12862,1115,1071,267,1338,19
2022-01-31,Tulare,107,460477,100281,96053,25866,121919,1245
2022-01-31,Tuolumne,109,53932,11812,11278,470,11748,91
2022-01-31,Ventura,111,848112,166145,164060,9114,173174,1286
2022-01-31,Yolo,113,214977,34659,33175,2880,36055,274
2022-01-31,Yuba,115,75493,14908,14652,1034,15686,103
2022-01-30,Alameda,001,1643700,238098,231838,12376,244214,1607
2022-01-30,Alpine,003,1148,119,123,1,124,0
2022-01-30,Amador,005,37829,7898,7644,519,8163,73
2022-01-30,Butte,007,227075,30859,30255,6136,36391,354
2022-01-30,Calaveras,009,45235,6793,6676,277,6953,96
2022-01-30,Colusa,011,21464,3251,3168,989,4157,21
2022-01-30,Contra Costa,013,1133247,176859,172902,11460,184362,1102
2022-01-30,Del Norte,015,27424,4944,4833,133,4966,43
2022-01-30,El Dorado,017,186661,25417,24491,2996,27487,184
2022-01-30,Fresno,019,978130,214275,209645,21526,231171,2463
2022-01-30,Glenn,021,27897,4686,4619,1480,6099,39
2022-01-30,Humboldt,023,135768,15413,15247,2428,17675,126
2022-01-30,Imperial,025,180216,52375,51415,9628,61043,846
2022-01-30,Inyo,027,18085,3941,3921,418,4339,50
2022-01-30,Kern,029,883053,182223,177924,42727,220651,1967
2022-01-30,Kings,031,150075,47796,46654,3270,49924,398
2022-01-30,Lake,033,64148,9554,9080,740,9820,119
2022-01-30,Lassen,035,31185,8371,8158,816,8974,55
2022-01-30,Los Angeles,037,10098052,2600883,2530739,118244,2648983,28678
2022-01-30,Madera,039,155013,34528,33752,5101,38853,329
2022-01-30,Marin,041,260295,31320,30875,2018,32893,253
2022-01-30,Mariposa,043,17540,2223,2177,139,2316,6
2022-01-30,Mendocino,045,87422,12094,11860,2384,14244,104
2022-01-30,Merced,047,269075,58666,58006,7010,65016,740
2022-01-30,Modoc,049,8938,671,661,230,891,6
2022-01-30,Mono,051,14174,2886,2888,115,3003,5
2022-01-30,Monterey,053,433212,73462,65996,11164,77160,661
2022-01-30,Napa,055,140530,23608,22588,814,23402,114
2022-01-30,Nevada,057,99092,15014,14741,1034,15775,112
2022-01-30,Orange,059,3164182,526372,521334,39202,560536,6098
2022-01-30,Placer,061,380077,59385,58030,6923,64953,523
2022-01-30,Plumas,063,18699,2759,2510,277,2787,12
2022-01-30,Riverside,065,2383286,569147,557088,26602,583690,5767
2022-01-30,Sacramento,067,1510023,264320,255715,23915,279630,2572
2022-01-30,San Benito,069,59416,12093,11945,471,12416,90
2022-01-30,San Bernardino,071,2135413,550285,534050,24010,558060,6302
2022-01-30,San Diego,073,3302833,710725,687145,48635,735780,4665
2022-01-30,San Francisco,075,870044,115375,110772,7731,118503,712
2022-01-30,San Joaquin,077,732212,157103,155165,9469,164634,1985
2022-01-30,San Luis Obispo,079,281455,48575,47599,3286,50885,394
2022-01-30,San Mateo,081,765935,114046,102979,6286,109265,589
2022-01-30,Santa Barbara,083,443738,80004,79072,4324,83396,606
2022-01-30,Santa Clara,085,1922200,287312,282846,11037,293883,2035
2022-01-30,Santa Cruz,087,273765,42470,41330,1979,43309,239
2022-01-30,Shasta,089,179085,28527,28105,5514,33619,462
2022-01-30,Sierra,091,2930,266,261,44,305,0
2022-01-30,Siskiyou,093,43540,4136,4039,2401,6440,66
2022-01-30,Solano,095,438530,75317,71857,5109,76966,414
2022-01-30,Sonoma,097,501317,77602,75890,2200,78090,431
2022-01-30,Stanislaus,099,539301,110883,110111,15796,125907,1403
2022-01-30,Sutter,101,95872,19378,19108,1626,20734,202
2022-01-30,Tehama,103,63373,11263,11071,2428,13499,145
2022-01-30,Trinity,105,12862,1109,1068,267,1335,19
2022-01-30,Tulare,107,460477,99537,95676,25572,121248,1245
2022-01-30,Tuolumne,109,53932,11705,11242,433,11675,91
2022-01-30,Ventura,111,848112,165565,163521,9084,172605,1286
2022-01-30,Yolo,113,214977,34441,33043,2847,35890,274
2022-01-30,Yuba,115,75493,14818,14584,1014,15598,103
2022-01-29,Alameda,001,1643700,237422,225602,12359,237961,1605
2022-01-29,Alpine,003,1148,119,123,1,124,0
2022-01-29,Amador,005,37829,7876,7505,516,8021,73
2022-01-29,Butte,007,227075,30774,29557,6111,35668,353
2022-01-29,Calaveras,009,45235,6774,6484,277,6761,96
2022-01-29,Colusa,011,21464,3246,3107,985,4092,21
2022-01-29,Contra Costa,013,1133247,176336,168003,11430,179433,1101
2022-01-29,Del Norte,015,27424,4926,4589,130,4719,43
2022-01-29,El Dorado,017,186661,25374,24008,2989,26997,184
2022-01-29,Fresno,019,978130,213818,202691,21484,224175,2457
2022-01-29,Glenn,021,27897,4679,4516,1473,5989,39
2022-01-29,Humboldt,023,135768,15366,14812,2421,17233,126
2022-01-29,Imperial,025,180216,52259,50153,9572,59725,845
2022-01-29,Inyo,027,18085,3939,3895,410,4305,50
2022-01-29,Kern,029,883053,181883,174456,42560,217016,1962
2022-01-29,Kings,031,150075,47678,45047,3263,48310,397
2022-01-29,Lake,033,64148,9521,8747,736,9483,119
2022-01-29,Lassen,035,31185,8350,7961,813,8774,55
2022-01-29,Los Angeles,037,10098052,2596956,2473332,117976,2591308,28467
2022-01-29,Madera,039,155013,34418,32753,5071,37824,329
2022-01-29,Marin,041,260295,31255,30137,2016,32153,253
2022-01-29,Mariposa,043,17540,2221,2117,137,2254,6
2022-01-29,Mendocino,045,87422,12070,11591,2368,13959,104
2022-01-29,Merced,047,269075,58560,56472,7005,63477,735
2022-01-29,Modoc,049,8938,671,654,230,884,6
2022-01-29,Mono,051,14174,2884,2860,115,2975,5
2022-01-29,Monterey,053,433212,73307,64090,11099,75189,658
2022-01-29,Napa,055,140530,23551,22121,812,22933,113
2022-01-29,Nevada,057,99092,14980,14337,1031,15368,112
2022-01-29,Orange,059,3164182,525667,511255,39095,550350,6038
2022-01-29,Placer,061,380077,59192,56562,6907,63469,523
2022-01-29,Plumas,063,18699,2749,2463,273,2736,12
2022-01-29,Riverside,065,2383286,568124,548121,26560,574681,5726
2022-01-29,Sacramento,067,1510023,263674,249130,23868,272998,2558
2022-01-29,San Benito,069,59416,12036,11670,470,12140,90
2022-01-29,San Bernardino,071,2135413,549534,525249,23966,549215,6297
2022-01-29,San Diego,073,3302833,709392,683027,48537,731564,4643
2022-01-29,San Francisco,075,870044,115100,108265,7683,115948,712
2022-01-29,San Joaquin,077,732212,156858,150849,9447,160296,1971
2022-01-29,San Luis Obispo,079,281455,48485,46374,3282,49656,391
2022-01-29,San Mateo,081,765935,113709,100306,6263,106569,586
2022-01-29,Santa Barbara,083,443738,79782,76546,4318,80864,604
2022-01-29,Santa Clara,085,1922200,286375,273879,11009,284888,2019
2022-01-29,Santa Cruz,087,273765,42339,39228,1977,41205,240
2022-01-29,Shasta,089,179085,28467,27504,5500,33004,452
2022-01-29,Sierra,091,2930,266,260,43,303,0
2022-01-29,Siskiyou,093,43540,4126,3987,2394,6381,66
2022-01-29,Solano,095,438530,75174,69862,5097,74959,407
2022-01-29,Sonoma,097,501317,77388,73439,2195,75634,427
2022-01-29,Stanislaus,099,539301,110634,107668,15749,123417,1403
2022-01-29,Sutter,101,95872,19330,18797,1609,20406,202
2022-01-29,Tehama,103,63373,11228,10880,2419,13299,145
2022-01-29,Trinity,105,12862,1106,1033,266,1299,19
2022-01-29,Tulare,107,460477,99281,93154,25494,118648,1237
2022-01-29,Tuolumne,109,53932,11680,10806,425,11231,91
2022-01-29,Ventura,111,848112,165235,160466,9065,169531,1271
2022-01-29,Yolo,113,214977,34327,32123,2831,34954,275
2022-01-29,Yuba,115,75493,14777,14295,1012,15307,103
2022-01-28,Alameda,001,1643700,236474,225602,12341,237943,1605
2022-01-28,Alpine,003,1148,119,123,1,124,0
2022-01-28,Amador,005,37829,7850,7505,515,8020,73
2022-01-28,Butte,007,227075,30698,29557,6092,35649,353
2022-01-28,Calaveras,009,45235,6756,6484,276,6760,96
2022-01-28,Colusa,011,21464,3241,3107,983,4090,21
2022-01-28,Contra Costa,013,1133247,175814,168003,11393,179396,1101
2022-01-28,Del Norte,015,27424,4902,4589,129,4718,43
2022-01-28,El Dorado,017,186661,25327,24008,2983,26991,184
2022-01-28,Fresno,019,978130,212948,202691,21427,224118,2457
2022-01-28,Glenn,021,27897,4666,4516,1471,5987,39
2022-01-28,Humboldt,023,135768,15330,14812,2411,17223,126
2022-01-28,Imperial,025,180216,52130,50153,9540,59693,845
2022-01-28,Inyo,027,18085,3935,3895,407,4302,50
2022-01-28,Kern,029,883053,181472,174456,42401,216857,1962
2022-01-28,Kings,031,150075,47547,45047,3253,48300,397
2022-01-28,Lake,033,64148,9489,8747,734,9481,119
2022-01-28,Lassen,035,31185,8280,7961,811,8772,55
2022-01-28,Los Angeles,037,10098052,2591221,2473332,117761,2591093,28467
2022-01-28,Madera,039,155013,34290,32753,5054,37807,329
2022-01-28,Marin,041,260295,31162,30137,1994,32131,253
2022-01-28,Mariposa,043,17540,2211,2117,135,2252,6
2022-01-28,Mendocino,045,87422,12026,11591,2366,13957,104
2022-01-28,Merced,047,269075,58464,56472,6990,63462,735
2022-01-28,Modoc,049,8938,670,654,230,884,6
2022-01-28,Mono,051,14174,2879,2860,114,2974,5
2022-01-28,Monterey,053,433212,73105,64090,11050,75140,658
2022-01-28,Napa,055,140530,23473,22121,810,22931,113
2022-01-28,Nevada,057,99092,14943,14337,1029,15366,112
2022-01-28,Orange,059,3164182,524598,511255,39005,550260,6038
2022-01-28,Placer,061,380077,58988,56562,6884,63446,523
2022-01-28,Plumas,063,18699,2741,2463,271,2734,12
2022-01-28,Riverside,065,2383286,566801,548121,26519,574640,5726
2022-01-28,Sacramento,067,1510023,262893,249130,23814,272944,2558
2022-01-28,San Benito,069,59416,12014,11670,465,12135,90
2022-01-28,San Bernardino,071,2135413,548497,525249,23927,549176,6297
2022-01-28,San Diego,073,3302833,707567,683027,48460,731487,4643
2022-01-28,San Francisco,075,870044,114745,108265,7634,115899,712
2022-01-28,San Joaquin,077,732212,156569,150849,9433,160282,1971
2022-01-28,San Luis Obispo,079,281455,48400,46374,3274,49648,391
2022-01-28,San Mateo,081,765935,113357,100306,6241,106547,586
2022-01-28,Santa Barbara,083,443738,79533,76546,4316,80862,604
2022-01-28,Santa Clara,085,1922200,285191,273879,10960,284839,2019
2022-01-28,Santa Cruz,087,273765,42147,39228,1964,41192,240
2022-01-28,Shasta,089,179085,28407,27504,5486,32990,452
2022-01-28,Sierra,091,2930,266,260,43,303,0
2022-01-28,Siskiyou,093,43540,4116,3987,2390,6377,66
2022-01-28,Solano,095,438530,74622,69862,5030,74892,407
2022-01-28,Sonoma,097,501317,77182,73439,2186,75625,427
2022-01-28,Stanislaus,099,539301,110361,107668,15707,123375,1403
2022-01-28,Sutter,101,95872,19285,18797,1607,20404,202
2022-01-28,Tehama,103,63373,11196,10880,2412,13292,145
2022-01-28,Trinity,105,12862,1097,1033,266,1299,19
2022-01-28,Tulare,107,460477,99005,93154,25385,118539,1237
2022-01-28,Tuolumne,109,53932,11647,10806,421,11227,91
2022-01-28,Ventura,111,848112,164780,160466,9044,169510,1271
2022-01-28,Yolo,113,214977,34222,32123,2823,34946,275
2022-01-28,Yuba,115,75493,14738,14295,1007,15302,103
2022-01-27,Alameda,001,1643700,234893,225602,12205,237807,1605
2022-01-27,Alpine,003,1148,119,123,1,124,0
2022-01-27,Amador,005,37829,7803,7505,503,8008,73
2022-01-27,Butte,007,227075,30546,29557,6040,35597,353
2022-01-27,Calaveras,009,45235,6730,6484,260,6744,96
2022-01-27,Colusa,011,21464,3226,3107,979,4086,21
2022-01-27,Contra Costa,013,1133247,174808,168003,11219,179222,1101
2022-01-27,Del Norte,015,27424,4858,4589,125,4714,43
2022-01-27,El Dorado,017,186661,25216,24008,2963,26971,184
2022-01-27,Fresno,019,978130,211319,202691,21210,223901,2457
2022-01-27,Glenn,021,27897,4635,4516,1463,5979,39
2022-01-27,Humboldt,023,135768,15242,14812,2374,17186,126
2022-01-27,Imperial,025,180216,51861,50153,9426,59579,845
2022-01-27,Inyo,027,18085,3928,3895,397,4292,50
2022-01-27,Kern,029,883053,180692,174456,42036,216492,1962
2022-01-27,Kings,031,150075,47204,45047,3214,48261,397
2022-01-27,Lake,033,64148,9436,8747,717,9464,119
2022-01-27,Lassen,035,31185,8239,7961,805,8766,55
2022-01-27,Los Angeles,037,10098052,2580063,2473332,117246,2590578,28467
2022-01-27,Madera,039,155013,34080,32753,4947,37700,329
2022-01-27,Marin,041,260295,30999,30137,1979,32116,253
2022-01-27,Mariposa,043,17540,2188,2117,132,2249,6
2022-01-27,Mendocino,045,87422,11975,11591,2317,13908,104
2022-01-27,Merced,047,269075,58203,56472,6825,63297,735
2022-01-27,Modoc,049,8938,668,654,229,883,6
2022-01-27,Mono,051,14174,2874,2860,114,2974,5
2022-01-27,Monterey,053,433212,72484,64090,10795,74885,658
2022-01-27,Napa,055,140530,23316,22121,782,22903,113
2022-01-27,Nevada,057,99092,14870,14337,1001,15338,112
2022-01-27,Orange,059,3164182,522872,511255,38869,550124,6038
2022-01-27,Placer,061,380077,58671,56562,6830,63392,523
2022-01-27,Plumas,063,18699,2730,2463,259,2722,12
2022-01-27,Riverside,065,2383286,564627,548121,26448,574569,5726
2022-01-27,Sacramento,067,1510023,261613,249130,23482,272612,2558
2022-01-27,San Benito,069,59416,11959,11670,460,12130,90
2022-01-27,San Bernardino,071,2135413,546606,525249,23826,549075,6297
2022-01-27,San Diego,073,3302833,704220,683027,48105,731132,4643
2022-01-27,San Francisco,075,870044,114239,108265,7573,115838,712
2022-01-27,San Joaquin,077,732212,155711,150849,9364,160213,1971
2022-01-27,San Luis Obispo,079,281455,48129,46374,3236,49610,391
2022-01-27,San Mateo,081,765935,112774,100306,6172,106478,586
2022-01-27,Santa Barbara,083,443738,79054,76546,4260,80806,604
2022-01-27,Santa Clara,085,1922200,283130,273879,10811,284690,2019
2022-01-27,Santa Cruz,087,273765,41482,39228,1945,41173,240
2022-01-27,Shasta,089,179085,28281,27504,5437,32941,452
2022-01-27,Sierra,091,2930,265,260,42,302,0
2022-01-27,Siskiyou,093,43540,4095,3987,2353,6340,66
2022-01-27,Solano,095,438530,73984,69862,4979,74841,407
2022-01-27,Sonoma,097,501317,76715,73439,2173,75612,427
2022-01-27,Stanislaus,099,539301,109834,107668,15560,123228,1403
2022-01-27,Sutter,101,95872,19180,18797,1582,20379,202
2022-01-27,Tehama,103,63373,11143,10880,2396,13276,145
2022-01-27,Trinity,105,12862,1093,1033,265,1298,19
2022-01-27,Tulare,107,460477,98339,93154,25102,118256,1237
2022-01-27,Tuolumne,109,53932,11593,10806,412,11218,91
2022-01-27,Ventura,111,848112,164129,160466,9009,169475,1271
2022-01-27,Yolo,113,214977,34078,32123,2805,34928,275
2022-01-27,Yuba,115,75493,14660,14295,991,15286,103
2022-01-26,Alameda,001,1643700,232998,222680,12034,234714,1596
2022-01-26,Alpine,003,1148,119,123,1,124,0
2022-01-26,Amador,005,37829,7729,7427,488,7915,73
2022-01-26,Butte,007,227075,30347,29229,5984,35213,353
2022-01-26,Calaveras,009,45235,6692,6387,253,6640,96
2022-01-26,Colusa,011,21464,3208,3094,972,4066,21
2022-01-26,Contra Costa,013,1133247,173676,165972,11055,177027,1095
2022-01-26,Del Norte,015,27424,4800,4542,124,4666,43
2022-01-26,El Dorado,017,186661,25097,23819,2940,26759,181
2022-01-26,Fresno,019,978130,209467,199689,20992,220681,2452
2022-01-26,Glenn,021,27897,4602,4472,1458,5930,39
2022-01-26,Humboldt,023,135768,15143,14715,2330,17045,126
2022-01-26,Imperial,025,180216,51504,49477,9278,58755,839
2022-01-26,Inyo,027,18085,3925,3889,366,4255,50
2022-01-26,Kern,029,883053,179754,173052,41691,214743,1953
2022-01-26,Kings,031,150075,46799,44367,3184,47551,396
2022-01-26,Lake,033,64148,9354,8645,707,9352,119
2022-01-26,Lassen,035,31185,8199,7888,805,8693,55
2022-01-26,Los Angeles,037,10098052,2567837,2450620,116796,2567416,28382
2022-01-26,Madera,039,155013,33841,32323,4810,37133,329
2022-01-26,Marin,041,260295,30817,29813,1962,31775,253
2022-01-26,Mariposa,043,17540,2171,2108,125,2233,6
2022-01-26,Mendocino,045,87422,11928,11453,2266,13719,103
2022-01-26,Merced,047,269075,57834,56060,6647,62707,733
2022-01-26,Modoc,049,8938,667,652,228,880,6
2022-01-26,Mono,051,14174,2871,2852,114,2966,4
2022-01-26,Monterey,053,433212,71927,63264,10499,73763,659
2022-01-26,Napa,055,140530,23160,21864,771,22635,112
2022-01-26,Nevada,057,99092,14776,14128,990,15118,112
2022-01-26,Orange,059,3164182,520884,506419,38705,545124,6007
2022-01-26,Placer,061,380077,58332,55892,6766,62658,524
2022-01-26,Plumas,063,18699,2703,2425,257,2682,12
2022-01-26,Riverside,065,2383286,562102,543788,26329,570117,5701
2022-01-26,Sacramento,067,1510023,259921,246416,23142,269558,2559
2022-01-26,San Benito,069,59416,11888,11563,448,12011,90
2022-01-26,San Bernardino,071,2135413,544375,521699,23717,545416,6291
2022-01-26,San Diego,073,3302833,699998,676392,47747,724139,4622
2022-01-26,San Francisco,075,870044,113603,107174,7539,114713,704
2022-01-26,San Joaquin,077,732212,154723,148770,9310,158080,1971
2022-01-26,San Luis Obispo,079,281455,47825,45716,3209,48925,391
2022-01-26,San Mateo,081,765935,112106,99016,6043,105059,586
2022-01-26,Santa Barbara,083,443738,78525,75548,4199,79747,600
2022-01-26,Santa Clara,085,1922200,281040,270470,10635,281105,2015
2022-01-26,Santa Cruz,087,273765,40962,38298,1931,40229,239
2022-01-26,Shasta,089,179085,28133,27255,5390,32645,452
2022-01-26,Sierra,091,2930,264,260,41,301,0
2022-01-26,Siskiyou,093,43540,4079,3971,2328,6299,66
2022-01-26,Solano,095,438530,73289,69150,4912,74062,401
2022-01-26,Sonoma,097,501317,76155,72509,2138,74647,423
2022-01-26,Stanislaus,099,539301,109277,106582,15340,121922,1396
2022-01-26,Sutter,101,95872,19070,18670,1536,20206,202
2022-01-26,Tehama,103,63373,11089,10749,2379,13128,145
2022-01-26,Trinity,105,12862,1088,1008,265,1273,19
2022-01-26,Tulare,107,460477,97528,91904,24857,116761,1234
2022-01-26,Tuolumne,109,53932,11410,10699,401,11100,91
2022-01-26,Ventura,111,848112,163417,159077,8967,168044,1263
2022-01-26,Yolo,113,214977,33862,31913,2766,34679,275
2022-01-26,Yuba,115,75493,14575,14171,969,15140,103
2022-01-25,Alameda,001,1643700,231105,219753,11852,231605,1589
2022-01-25,Alpine,003,1148,119,122,1,123,0
2022-01-25,Amador,005,37829,7652,7352,477,7829,73
2022-01-25,Butte,007,227075,30139,28887,5910,34797,351
2022-01-25,Calaveras,009,45235,6634,6266,239,6505,95
2022-01-25,Colusa,011,21464,3188,3074,970,4044,21
2022-01-25,Contra Costa,013,1133247,172357,163792,10837,174629,1092
2022-01-25,Del Norte,015,27424,4730,4514,118,4632,43
2022-01-25,El Dorado,017,186661,24961,23339,2914,26253,179
2022-01-25,Fresno,019,978130,207324,198262,20707,218969,2434
2022-01-25,Glenn,021,27897,4570,4418,1442,5860,39
2022-01-25,Humboldt,023,135768,15052,14574,2304,16878,126
2022-01-25,Imperial,025,180216,51048,48913,9052,57965,832
2022-01-25,Inyo,027,18085,3910,3857,321,4178,50
2022-01-25,Kern,029,883053,178748,171695,41231,212926,1947
2022-01-25,Kings,031,150075,46329,43853,3138,46991,396
2022-01-25,Lake,033,64148,9275,8543,695,9238,118
2022-01-25,Lassen,035,31185,8168,7834,794,8628,55
2022-01-25,Los Angeles,037,10098052,2552895,2433516,116157,2549673,28293
2022-01-25,Madera,039,155013,33519,31794,4674,36468,329
2022-01-25,Marin,041,260295,30639,29589,1949,31538,253
2022-01-25,Mariposa,043,17540,2159,2069,119,2188,6
2022-01-25,Mendocino,045,87422,11808,11280,2163,13443,103
2022-01-25,Merced,047,269075,57452,55555,6506,62061,733
2022-01-25,Modoc,049,8938,665,652,228,880,6
2022-01-25,Mono,051,14174,2861,2826,113,2939,4
2022-01-25,Monterey,053,433212,71353,62498,10091,72589,654
2022-01-25,Napa,055,140530,22965,21668,736,22404,111
2022-01-25,Nevada,057,99092,14663,13944,966,14910,112
2022-01-25,Orange,059,3164182,518604,504274,38512,542786,5980
2022-01-25,Placer,061,380077,57930,55465,6693,62158,518
2022-01-25,Plumas,063,18699,2678,2397,253,2650,12
2022-01-25,Riverside,065,2383286,559008,540723,26161,566884,5686
2022-01-25,Sacramento,067,1510023,257980,244468,22597,267065,2545
2022-01-25,San Benito,069,59416,11788,11446,444,11890,88
2022-01-25,San Bernardino,071,2135413,541829,519150,23601,542751,6288
2022-01-25,San Diego,073,3302833,695001,670110,47296,717406,4604
2022-01-25,San Francisco,075,870044,112842,106254,7495,113749,703
2022-01-25,San Joaquin,077,732212,153732,147271,9245,156516,1972
2022-01-25,San Luis Obispo,079,281455,47463,45130,3161,48291,391
2022-01-25,San Mateo,081,765935,111272,98010,5932,103942,586
2022-01-25,Santa Barbara,083,443738,77857,74686,4117,78803,594
2022-01-25,Santa Clara,085,1922200,278428,268031,10430,278461,2006
2022-01-25,Santa Cruz,087,273765,40291,37850,1915,39765,237
2022-01-25,Shasta,089,179085,27971,27090,5323,32413,452
2022-01-25,Sierra,091,2930,264,260,37,297,0
2022-01-25,Siskiyou,093,43540,4055,3958,2293,6251,65
2022-01-25,Solano,095,438530,72721,68657,4854,73511,399
2022-01-25,Sonoma,097,501317,75463,71633,2098,73731,423
2022-01-25,Stanislaus,099,539301,108605,105965,15116,121081,1396
2022-01-25,Sutter,101,95872,18967,18508,1494,20002,200
2022-01-25,Tehama,103,63373,11026,10669,2353,13022,145
2022-01-25,Trinity,105,12862,1081,999,263,1262,19
2022-01-25,Tulare,107,460477,96655,91237,24513,115750,1229
2022-01-25,Tuolumne,109,53932,11229,10516,377,10893,91
2022-01-25,Ventura,111,848112,162562,157971,8919,166890,1263
2022-01-25,Yolo,113,214977,33602,31677,2721,34398,274
2022-01-25,Yuba,115,75493,14490,14038,941,14979,103
2022-01-24,Alameda,001,1643700,228650,216252,11583,227835,1581
2022-01-24,Alpine,003,1148,119,120,1,121,0
2022-01-24,Amador,005,37829,7601,7166,439,7605,73
2022-01-24,Butte,007,227075,29912,28607,5847,34454,350
2022-01-24,Calaveras,009,45235,6585,6172,225,6397,95
2022-01-24,Colusa,011,21464,3169,3052,954,4006,21
2022-01-24,Contra Costa,013,1133247,170868,162161,10619,172780,1092
2022-01-24,Del Norte,015,27424,4670,4460,118,4578,43
2022-01-24,El Dorado,017,186661,24794,23128,2885,26013,179
2022-01-24,Fresno,019,978130,205021,196092,20401,216493,2430
2022-01-24,Glenn,021,27897,4529,4367,1432,5799,39
2022-01-24,Humboldt,023,135768,14940,14416,2258,16674,126
2022-01-24,Imperial,025,180216,50506,48228,8765,56993,824
2022-01-24,Inyo,027,18085,3904,3805,296,4101,50
2022-01-24,Kern,029,883053,177438,169892,40753,210645,1946
2022-01-24,Kings,031,150075,45755,43260,3065,46325,396
2022-01-24,Lake,033,64148,9166,8423,680,9103,118
2022-01-24,Lassen,035,31185,8084,7732,775,8507,55
2022-01-24,Los Angeles,037,10098052,2536371,2391045,115378,2506423,28230
2022-01-24,Madera,039,155013,33081,31339,4486,35825,329
2022-01-24,Marin,041,260295,30408,29301,1912,31213,253
2022-01-24,Mariposa,043,17540,2134,2033,115,2148,6
2022-01-24,Mendocino,045,87422,11704,11002,2082,13084,103
2022-01-24,Merced,047,269075,56961,54970,6222,61192,730
2022-01-24,Modoc,049,8938,662,648,227,875,6
2022-01-24,Mono,051,14174,2851,2802,112,2914,4
2022-01-24,Monterey,053,433212,70492,61975,9728,71703,654
2022-01-24,Napa,055,140530,22785,21494,723,22217,111
2022-01-24,Nevada,057,99092,14536,13774,943,14717,112
2022-01-24,Orange,059,3164182,516030,501634,38250,539884,5969
2022-01-24,Placer,061,380077,57452,54933,6642,61575,518
2022-01-24,Plumas,063,18699,2647,2370,239,2609,12
2022-01-24,Riverside,065,2383286,555279,535962,25951,561913,5661
2022-01-24,Sacramento,067,1510023,255613,241522,22015,263537,2526
2022-01-24,San Benito,069,59416,11691,11331,431,11762,88
2022-01-24,San Bernardino,071,2135413,538910,515604,23438,539042,6285
2022-01-24,San Diego,073,3302833,689341,663580,46745,710325,4586
2022-01-24,San Francisco,075,870044,111882,105418,7399,112817,703
2022-01-24,San Joaquin,077,732212,152419,145984,9169,155153,1959
2022-01-24,San Luis Obispo,079,281455,46991,44616,3106,47722,387
2022-01-24,San Mateo,081,765935,110310,96968,5815,102783,586
2022-01-24,Santa Barbara,083,443738,77046,73866,4021,77887,591
2022-01-24,Santa Clara,085,1922200,275554,265341,10218,275559,2006
2022-01-24,Santa Cruz,087,273765,39493,37188,1893,39081,237
2022-01-24,Shasta,089,179085,27788,26871,5235,32106,452
2022-01-24,Sierra,091,2930,264,258,37,295,0
2022-01-24,Siskiyou,093,43540,4046,3934,2254,6188,64
2022-01-24,Solano,095,438530,72039,68094,4774,72868,400
2022-01-24,Sonoma,097,501317,74548,70733,2066,72799,423
2022-01-24,Stanislaus,099,539301,107848,104933,14840,119773,1395
2022-01-24,Sutter,101,95872,18851,18336,1405,19741,200
2022-01-24,Tehama,103,63373,10956,10567,2333,12900,145
2022-01-24,Trinity,105,12862,1072,978,261,1239,19
2022-01-24,Tulare,107,460477,95583,90089,24112,114201,1219
2022-01-24,Tuolumne,109,53932,11108,10374,368,10742,91
2022-01-24,Ventura,111,848112,161539,156551,8871,165422,1261
2022-01-24,Yolo,113,214977,33309,31480,2684,34164,273
2022-01-24,Yuba,115,75493,14383,13862,900,14762,103
2022-01-23,Alameda,001,1643700,225947,214003,11251,225254,1583
2022-01-23,Alpine,003,1148,119,120,1,121,0
2022-01-23,Amador,005,37829,7545,7090,399,7489,73
2022-01-23,Butte,007,227075,29616,28340,5739,34079,350
2022-01-23,Calaveras,009,45235,6520,6095,202,6297,95
2022-01-23,Colusa,011,21464,3145,3040,947,3987,21
2022-01-23,Contra Costa,013,1133247,169021,160798,10256,171054,1092
2022-01-23,Del Norte,015,27424,4601,4419,112,4531,43
2022-01-23,El Dorado,017,186661,24603,22925,2836,25761,179
2022-01-23,Fresno,019,978130,202550,193642,19923,213565,2430
2022-01-23,Glenn,021,27897,4478,4340,1408,5748,39
2022-01-23,Humboldt,023,135768,14818,14296,2176,16472,126
2022-01-23,Imperial,025,180216,49908,47935,8477,56412,824
2022-01-23,Inyo,027,18085,3877,3781,282,4063,50
2022-01-23,Kern,029,883053,176075,168585,40223,208808,1946
2022-01-23,Kings,031,150075,45120,42622,2961,45583,397
2022-01-23,Lake,033,64148,8996,8363,653,9016,118
2022-01-23,Lassen,035,31185,8035,7710,751,8461,55
2022-01-23,Los Angeles,037,10098052,2516073,2390590,114221,2504811,28231
2022-01-23,Madera,039,155013,32722,30962,4244,35206,329
2022-01-23,Marin,041,260295,30155,29025,1874,30899,253
2022-01-23,Mariposa,043,17540,2119,2011,112,2123,6
2022-01-23,Mendocino,045,87422,11579,10889,1950,12839,103
2022-01-23,Merced,047,269075,56407,54644,5775,60419,730
2022-01-23,Modoc,049,8938,660,645,224,869,6
2022-01-23,Mono,051,14174,2843,2788,110,2898,4
2022-01-23,Monterey,053,433212,69655,61522,9283,70805,654
2022-01-23,Napa,055,140530,22523,21281,710,21991,111
2022-01-23,Nevada,057,99092,14371,13629,915,14544,112
2022-01-23,Orange,059,3164182,512931,498968,37956,536924,5970
2022-01-23,Placer,061,380077,56881,54568,6552,61120,518
2022-01-23,Plumas,063,18699,2614,2368,210,2578,12
2022-01-23,Riverside,065,2383286,550835,532273,25645,557918,5661
2022-01-23,Sacramento,067,1510023,252973,239589,21045,260634,2530
2022-01-23,San Benito,069,59416,11569,11225,420,11645,88
2022-01-23,San Bernardino,071,2135413,535471,512657,23157,535814,6281
2022-01-23,San Diego,073,3302833,682727,640215,45944,686159,4566
2022-01-23,San Francisco,075,870044,110816,104485,7291,111776,704
2022-01-23,San Joaquin,077,732212,150802,144621,9086,153707,1959
2022-01-23,San Luis Obispo,079,281455,46297,44183,3027,47210,386
2022-01-23,San Mateo,081,765935,109193,95940,5667,101607,586
2022-01-23,Santa Barbara,083,443738,75923,73041,3895,76936,590
2022-01-23,Santa Clara,085,1922200,272255,261991,9892,271883,2005
2022-01-23,Santa Cruz,087,273765,38962,36547,1861,38408,237
2022-01-23,Shasta,089,179085,27508,26732,5113,31845,452
2022-01-23,Sierra,091,2930,263,252,37,289,0
2022-01-23,Siskiyou,093,43540,4021,3916,2196,6112,64
2022-01-23,Solano,095,438530,71242,67457,4678,72135,400
2022-01-23,Sonoma,097,501317,73592,69791,2010,71801,423
2022-01-23,Stanislaus,099,539301,106989,104067,14558,118625,1395
2022-01-23,Sutter,101,95872,18694,18175,1290,19465,200
2022-01-23,Tehama,103,63373,10858,10481,2301,12782,145
2022-01-23,Trinity,105,12862,1069,961,259,1220,19
2022-01-23,Tulare,107,460477,94323,89120,23674,112794,1219
2022-01-23,Tuolumne,109,53932,10916,10243,350,10593,91
2022-01-23,Ventura,111,848112,160357,155052,8794,163846,1261
2022-01-23,Yolo,113,214977,32931,30908,2642,33550,273
2022-01-23,Yuba,115,75493,14259,13762,845,14607,103
2022-01-22,Alameda,001,1643700,224854,203927,11217,215144,1575
2022-01-22,Alpine,003,1148,118,119,1,120,0
2022-01-22,Amador,005,37829,7511,6845,394,7239,73
2022-01-22,Butte,007,227075,29498,27232,5715,32947,350
2022-01-22,Calaveras,009,45235,6490,5835,201,6036,95
2022-01-22,Colusa,011,21464,3128,2954,944,3898,21
2022-01-22,Contra Costa,013,1133247,168091,154111,10226,164337,1091
2022-01-22,Del Norte,015,27424,4562,4269,108,4377,43
2022-01-22,El Dorado,017,186661,24534,22273,2826,25099,179
2022-01-22,Fresno,019,978130,201731,185292,19854,205146,2429
2022-01-22,Glenn,021,27897,4472,4174,1405,5579,39
2022-01-22,Humboldt,023,135768,14751,13628,2163,15791,125
2022-01-22,Imperial,025,180216,49718,45741,8417,54158,820
2022-01-22,Inyo,027,18085,3873,3706,258,3964,50
2022-01-22,Kern,029,883053,175449,162902,39918,202820,1946
2022-01-22,Kings,031,150075,44912,40580,2948,43528,396
2022-01-22,Lake,033,64148,8962,8056,645,8701,118
2022-01-22,Lassen,035,31185,8001,7545,744,8289,55
2022-01-22,Los Angeles,037,10098052,2508672,2286280,113711,2399991,28038
2022-01-22,Madera,039,155013,32603,29595,4229,33824,329
2022-01-22,Marin,041,260295,30029,27893,1869,29762,253
2022-01-22,Mariposa,043,17540,2115,1920,112,2032,6
2022-01-22,Mendocino,045,87422,11529,10395,1928,12323,103
2022-01-22,Merced,047,269075,56254,53025,5767,58792,727
2022-01-22,Modoc,049,8938,659,639,224,863,6
2022-01-22,Mono,051,14174,2842,2723,106,2829,4
2022-01-22,Monterey,053,433212,69448,59038,9239,68277,651
2022-01-22,Napa,055,140530,22428,20402,700,21102,111
2022-01-22,Nevada,057,99092,14303,12957,907,13864,112
2022-01-22,Orange,059,3164182,511325,480329,37707,518036,5946
2022-01-22,Placer,061,380077,56611,52557,6513,59070,512
2022-01-22,Plumas,063,18699,2597,2289,206,2495,12
2022-01-22,Riverside,065,2383286,548919,513567,25572,539139,5623
2022-01-22,Sacramento,067,1510023,251923,230206,20940,251146,2510
2022-01-22,San Benito,069,59416,11511,10743,415,11158,88
2022-01-22,San Bernardino,071,2135413,533962,495209,23062,518271,6267
2022-01-22,San Diego,073,3302833,680236,628904,45730,674634,4559
2022-01-22,San Francisco,075,870044,110160,100238,7143,107381,702
2022-01-22,San Joaquin,077,732212,150363,138264,9043,147307,1960
2022-01-22,San Luis Obispo,079,281455,46179,42154,3020,45174,385
2022-01-22,San Mateo,081,765935,108608,91440,5604,97044,585
2022-01-22,Santa Barbara,083,443738,75501,69555,3889,73444,589
2022-01-22,Santa Clara,085,1922200,270576,249205,9825,259030,1993
2022-01-22,Santa Cruz,087,273765,38780,33741,1854,35595,237
2022-01-22,Shasta,089,179085,27412,25919,5091,31010,450
2022-01-22,Sierra,091,2930,263,248,36,284,0
2022-01-22,Siskiyou,093,43540,4003,3845,2175,6020,62
2022-01-22,Solano,095,438530,71019,63882,4639,68521,391
2022-01-22,Sonoma,097,501317,73170,66013,2000,68013,422
2022-01-22,Stanislaus,099,539301,106531,100092,14467,114559,1393
2022-01-22,Sutter,101,95872,18626,17616,1277,18893,199
2022-01-22,Tehama,103,63373,10823,10171,2291,12462,142
2022-01-22,Trinity,105,12862,1067,925,259,1184,19
2022-01-22,Tulare,107,460477,93942,85223,23545,108768,1211
2022-01-22,Tuolumne,109,53932,10848,9731,344,10075,91
2022-01-22,Ventura,111,848112,159666,148742,8753,157495,1250
2022-01-22,Yolo,113,214977,32753,30061,2625,32686,273
2022-01-22,Yuba,115,75493,14170,13288,840,14128,103
2022-01-21,Alameda,001,1643700,223277,203927,11185,215112,1575
2022-01-21,Alpine,003,1148,118,119,1,120,0
2022-01-21,Amador,005,37829,7454,6845,391,7236,73
2022-01-21,Butte,007,227075,29370,27232,5673,32905,350
2022-01-21,Calaveras,009,45235,6444,5835,201,6036,95
2022-01-21,Colusa,011,21464,3121,2954,939,3893,21
2022-01-21,Contra Costa,013,1133247,167038,154111,10147,164258,1091
2022-01-21,Del Norte,015,27424,4521,4269,108,4377,43
2022-01-21,El Dorado,017,186661,24451,22273,2809,25082,179
2022-01-21,Fresno,019,978130,200487,185292,19752,205044,2429
2022-01-21,Glenn,021,27897,4453,4174,1400,5574,39
2022-01-21,Humboldt,023,135768,14682,13628,2144,15772,125
2022-01-21,Imperial,025,180216,49528,45741,8339,54080,820
2022-01-21,Inyo,027,18085,3860,3706,253,3959,50
2022-01-21,Kern,029,883053,174731,162902,39543,202445,1946
2022-01-21,Kings,031,150075,44715,40580,2940,43520,396
2022-01-21,Lake,033,64148,8905,8056,632,8688,118
2022-01-21,Lassen,035,31185,7952,7545,740,8285,55
2022-01-21,Los Angeles,037,10098052,2497366,2286280,113252,2399532,28038
2022-01-21,Madera,039,155013,32311,29595,4201,33796,329
2022-01-21,Marin,041,260295,29852,27893,1849,29742,253
2022-01-21,Mariposa,043,17540,2103,1920,111,2031,6
2022-01-21,Mendocino,045,87422,11448,10395,1925,12320,103
2022-01-21,Merced,047,269075,56094,53025,5763,58788,727
2022-01-21,Modoc,049,8938,658,639,224,863,6
2022-01-21,Mono,051,14174,2828,2723,103,2826,4
2022-01-21,Monterey,053,433212,68976,59038,9108,68146,651
2022-01-21,Napa,055,140530,22308,20402,692,21094,111
2022-01-21,Nevada,057,99092,14207,12957,903,13860,112
2022-01-21,Orange,059,3164182,509088,480329,37461,517790,5946
2022-01-21,Placer,061,380077,56218,52557,6451,59008,512
2022-01-21,Plumas,063,18699,2585,2289,201,2490,12
2022-01-21,Riverside,065,2383286,546261,513567,25493,539060,5623
2022-01-21,Sacramento,067,1510023,250478,230206,20837,251043,2510
2022-01-21,San Benito,069,59416,11476,10743,412,11155,88
2022-01-21,San Bernardino,071,2135413,531926,495209,22987,518196,6267
2022-01-21,San Diego,073,3302833,676068,628904,45553,674457,4559
2022-01-21,San Francisco,075,870044,109401,100238,7055,107293,702
2022-01-21,San Joaquin,077,732212,149769,138264,8982,147246,1960
2022-01-21,San Luis Obispo,079,281455,46053,42154,3017,45171,385
2022-01-21,San Mateo,081,765935,107936,91440,5563,97003,585
2022-01-21,Santa Barbara,083,443738,74999,69555,3879,73434,589
2022-01-21,Santa Clara,085,1922200,268751,249205,9717,258922,1993
2022-01-21,Santa Cruz,087,273765,38061,33741,1841,35582,237
2022-01-21,Shasta,089,179085,27323,25919,5044,30963,450
2022-01-21,Sierra,091,2930,261,248,35,283,0
2022-01-21,Siskiyou,093,43540,3994,3845,2157,6002,62
2022-01-21,Solano,095,438530,70608,63882,4557,68439,391
2022-01-21,Sonoma,097,501317,72645,66013,1990,68003,422
2022-01-21,Stanislaus,099,539301,106028,100092,14407,114499,1393
2022-01-21,Sutter,101,95872,18539,17616,1263,18879,199
2022-01-21,Tehama,103,63373,10787,10171,2289,12460,142
2022-01-21,Trinity,105,12862,1061,925,258,1183,19
2022-01-21,Tulare,107,460477,93464,85223,23382,108605,1211
2022-01-21,Tuolumne,109,53932,10765,9731,336,10067,91
2022-01-21,Ventura,111,848112,158857,148742,8722,157464,1250
2022-01-21,Yolo,113,214977,32589,30061,2602,32663,273
2022-01-21,Yuba,115,75493,14098,13288,833,14121,103
2022-01-20,Alameda,001,1643700,220211,203927,10945,214872,1575
2022-01-20,Alpine,003,1148,118,119,1,120,0
2022-01-20,Amador,005,37829,7390,6845,373,7218,73
2022-01-20,Butte,007,227075,29115,27232,5594,32826,350
2022-01-20,Calaveras,009,45235,6339,5835,192,6027,95
2022-01-20,Colusa,011,21464,3091,2954,927,3881,21
2022-01-20,Contra Costa,013,1133247,165077,154111,9881,163992,1091
2022-01-20,Del Norte,015,27424,4481,4269,105,4374,43
2022-01-20,El Dorado,017,186661,24247,22273,2766,25039,179
2022-01-20,Fresno,019,978130,197887,185292,19384,204676,2429
2022-01-20,Glenn,021,27897,4418,4174,1391,5565,39
2022-01-20,Humboldt,023,135768,14553,13628,2092,15720,125
2022-01-20,Imperial,025,180216,49008,45741,8160,53901,820
2022-01-20,Inyo,027,18085,3848,3706,242,3948,50
2022-01-20,Kern,029,883053,173206,162902,38997,201899,1946
2022-01-20,Kings,031,150075,44159,40580,2897,43477,396
2022-01-20,Lake,033,64148,8809,8056,604,8660,118
2022-01-20,Lassen,035,31185,7899,7545,725,8270,55
2022-01-20,Los Angeles,037,10098052,2472647,2286280,112268,2398548,28038
2022-01-20,Madera,039,155013,31923,29595,4074,33669,329
2022-01-20,Marin,041,260295,29559,27893,1812,29705,253
2022-01-20,Mariposa,043,17540,2076,1920,108,2028,6
2022-01-20,Mendocino,045,87422,11350,10395,1847,12242,103
2022-01-20,Merced,047,269075,55665,53025,5534,58559,727
2022-01-20,Modoc,049,8938,656,639,224,863,6
2022-01-20,Mono,051,14174,2820,2723,102,2825,4
2022-01-20,Monterey,053,433212,68210,59038,8689,67727,651
2022-01-20,Napa,055,140530,22042,20402,653,21055,111
2022-01-20,Nevada,057,99092,14059,12957,880,13837,112
2022-01-20,Orange,059,3164182,505148,480329,37090,517419,5946
2022-01-20,Placer,061,380077,55730,52557,6391,58948,512
2022-01-20,Plumas,063,18699,2558,2289,197,2486,12
2022-01-20,Riverside,065,2383286,541686,513567,25257,538824,5623
2022-01-20,Sacramento,067,1510023,248187,230206,20186,250392,2510
2022-01-20,San Benito,069,59416,11365,10743,399,11142,88
2022-01-20,San Bernardino,071,2135413,527777,495209,22701,517910,6267
2022-01-20,San Diego,073,3302833,668966,628904,44850,673754,4559
2022-01-20,San Francisco,075,870044,108249,100238,6914,107152,702
2022-01-20,San Joaquin,077,732212,148133,138264,8855,147119,1960
2022-01-20,San Luis Obispo,079,281455,45541,42154,2983,45137,385
2022-01-20,San Mateo,081,765935,106710,91440,5357,96797,585
2022-01-20,Santa Barbara,083,443738,74101,69555,3767,73322,589
2022-01-20,Santa Clara,085,1922200,265441,249205,9388,258593,1993
2022-01-20,Santa Cruz,087,273765,37177,33741,1818,35559,237
2022-01-20,Shasta,089,179085,27133,25919,4977,30896,450
2022-01-20,Sierra,091,2930,261,248,33,281,0
2022-01-20,Siskiyou,093,43540,3982,3845,2124,5969,62
2022-01-20,Solano,095,438530,69661,63882,4468,68350,391
2022-01-20,Sonoma,097,501317,71619,66013,1940,67953,422
2022-01-20,Stanislaus,099,539301,105071,100092,14200,114292,1393
2022-01-20,Sutter,101,95872,18374,17616,1234,18850,199
2022-01-20,Tehama,103,63373,10714,10171,2271,12442,142
2022-01-20,Trinity,105,12862,1047,925,257,1182,19
2022-01-20,Tulare,107,460477,92407,85223,23076,108299,1211
2022-01-20,Tuolumne,109,53932,10623,9731,324,10055,91
2022-01-20,Ventura,111,848112,157472,148742,8645,157387,1250
2022-01-20,Yolo,113,214977,32301,30061,2569,32630,273
2022-01-20,Yuba,115,75493,13992,13288,800,14088,103
2022-01-19,Alameda,001,1643700,216817,199739,10609,210348,1571
2022-01-19,Alpine,003,1148,117,119,1,120,0
2022-01-19,Amador,005,37829,7309,6789,331,7120,73
2022-01-19,Butte,007,227075,28813,26839,5518,32357,351
2022-01-19,Calaveras,009,45235,6249,5765,183,5948,95
2022-01-19,Colusa,011,21464,3066,2938,920,3858,21
2022-01-19,Contra Costa,013,1133247,162765,151543,9640,161183,1091
2022-01-19,Del Norte,015,27424,4442,4240,104,4344,43
2022-01-19,El Dorado,017,186661,23992,21953,2724,24677,177
2022-01-19,Fresno,019,978130,194984,181526,19054,200580,2430
2022-01-19,Glenn,021,27897,4367,4127,1381,5508,39
2022-01-19,Humboldt,023,135768,14395,13391,2039,15430,125
2022-01-19,Imperial,025,180216,48274,45156,7957,53113,820
2022-01-19,Inyo,027,18085,3825,3680,203,3883,49
2022-01-19,Kern,029,883053,171443,160747,38313,199060,1946
2022-01-19,Kings,031,150075,43463,40027,2818,42845,395
2022-01-19,Lake,033,64148,8682,7972,591,8563,118
2022-01-19,Lassen,035,31185,7842,7507,703,8210,55
2022-01-19,Los Angeles,037,10098052,2444265,2251718,110836,2362554,27934
2022-01-19,Madera,039,155013,31541,29021,3901,32922,329
2022-01-19,Marin,041,260295,29263,27375,1769,29144,251
2022-01-19,Mariposa,043,17540,2051,1896,102,1998,6
2022-01-19,Mendocino,045,87422,11179,10252,1753,12005,103
2022-01-19,Merced,047,269075,55120,52355,5178,57533,724
2022-01-19,Modoc,049,8938,654,635,223,858,6
2022-01-19,Mono,051,14174,2798,2677,100,2777,4
2022-01-19,Monterey,053,433212,67301,58426,8226,66652,651
2022-01-19,Napa,055,140530,21789,20090,626,20716,110
2022-01-19,Nevada,057,99092,13903,12703,851,13554,112
2022-01-19,Orange,059,3164182,500666,468460,36718,505178,5943
2022-01-19,Placer,061,380077,55166,51545,6320,57865,511
2022-01-19,Plumas,063,18699,2518,2239,190,2429,12
2022-01-19,Riverside,065,2383286,536158,503575,25017,528592,5604
2022-01-19,Sacramento,067,1510023,245292,226035,19444,245479,2512
2022-01-19,San Benito,069,59416,11224,10639,387,11026,88
2022-01-19,San Bernardino,071,2135413,523144,487846,22320,510166,6265
2022-01-19,San Diego,073,3302833,660186,614709,44118,658827,4553
2022-01-19,San Francisco,075,870044,106878,98652,6835,105487,694
2022-01-19,San Joaquin,077,732212,146239,135953,8723,144676,1959
2022-01-19,San Luis Obispo,079,281455,44942,41374,2917,44291,382
2022-01-19,San Mateo,081,765935,105294,89715,5090,94805,585
2022-01-19,Santa Barbara,083,443738,73104,68531,3666,72197,586
2022-01-19,Santa Clara,085,1922200,261713,244922,9023,253945,1991
2022-01-19,Santa Cruz,087,273765,35873,33026,1793,34819,237
2022-01-19,Shasta,089,179085,26865,25355,4905,30260,450
2022-01-19,Sierra,091,2930,261,245,32,277,0
2022-01-19,Siskiyou,093,43540,3958,3821,2068,5889,62
2022-01-19,Solano,095,438530,68819,63003,4340,67343,392
2022-01-19,Sonoma,097,501317,70519,64689,1895,66584,420
2022-01-19,Stanislaus,099,539301,104020,98952,13908,112860,1381
2022-01-19,Sutter,101,95872,18207,17436,1142,18578,199
2022-01-19,Tehama,103,63373,10600,10064,2222,12286,142
2022-01-19,Trinity,105,12862,1035,916,256,1172,19
2022-01-19,Tulare,107,460477,91118,83743,22591,106334,1200
2022-01-19,Tuolumne,109,53932,10465,9613,300,9913,91
2022-01-19,Ventura,111,848112,155956,144738,8571,153309,1234
2022-01-19,Yolo,113,214977,31936,29392,2533,31925,273
2022-01-19,Yuba,115,75493,13829,13114,787,13901,104
2022-01-18,Alameda,001,1643700,213452,195728,10292,206020,1566
2022-01-18,Alpine,003,1148,117,118,1,119,0
2022-01-18,Amador,005,37829,7171,6691,294,6985,73
2022-01-18,Butte,007,227075,28423,26514,5440,31954,347
2022-01-18,Calaveras,009,45235,6160,5684,168,5852,94
2022-01-18,Colusa,011,21464,3022,2903,915,3818,21
2022-01-18,Contra Costa,013,1133247,160753,149446,9272,158718,1085
2022-01-18,Del Norte,015,27424,4372,4229,99,4328,43
2022-01-18,El Dorado,017,186661,23611,21707,2678,24385,175
2022-01-18,Fresno,019,978130,191478,178922,18613,197535,2425
2022-01-18,Glenn,021,27897,4334,4070,1369,5439,39
2022-01-18,Humboldt,023,135768,14228,13218,1967,15185,125
2022-01-18,Imperial,025,180216,47578,44742,7771,52513,819
2022-01-18,Inyo,027,18085,3784,3654,192,3846,49
2022-01-18,Kern,029,883053,169420,158864,37549,196413,1943
2022-01-18,Kings,031,150075,42588,39440,2736,42176,392
2022-01-18,Lake,033,64148,8569,7919,571,8490,117
2022-01-18,Lassen,035,31185,7759,7461,664,8125,55
2022-01-18,Los Angeles,037,10098052,2410852,2227360,109396,2336756,27871
2022-01-18,Madera,039,155013,31019,28717,3707,32424,329
2022-01-18,Marin,041,260295,28960,27036,1726,28762,251
2022-01-18,Mariposa,043,17540,2026,1872,98,1970,6
2022-01-18,Mendocino,045,87422,11010,10114,1665,11779,103
2022-01-18,Merced,047,269075,54508,51746,4890,56636,718
2022-01-18,Modoc,049,8938,652,633,218,851,6
2022-01-18,Mono,051,14174,2777,2643,99,2742,4
2022-01-18,Monterey,053,433212,66525,57846,7744,65590,650
2022-01-18,Napa,055,140530,21456,19911,609,20520,109
2022-01-18,Nevada,057,99092,13718,12584,808,13392,111
2022-01-18,Orange,059,3164182,495322,461324,36207,497531,5938
2022-01-18,Placer,061,380077,54524,50983,6245,57228,508
2022-01-18,Plumas,063,18699,2480,2218,184,2402,12
2022-01-18,Riverside,065,2383286,530178,497278,24708,521986,5599
2022-01-18,Sacramento,067,1510023,242202,223745,18435,242180,2496
2022-01-18,San Benito,069,59416,11083,10520,373,10893,88
2022-01-18,San Bernardino,071,2135413,517785,483753,21887,505640,6258
2022-01-18,San Diego,073,3302833,649981,605137,43080,648217,4547
2022-01-18,San Francisco,075,870044,105413,96505,6719,103224,694
2022-01-18,San Joaquin,077,732212,144298,134365,8505,142870,1957
2022-01-18,San Luis Obispo,079,281455,44259,40848,2830,43678,381
2022-01-18,San Mateo,081,765935,103782,88225,4892,93117,585
2022-01-18,Santa Barbara,083,443738,71882,67216,3493,70709,581
2022-01-18,Santa Clara,085,1922200,257597,240281,8622,248903,1986
2022-01-18,Santa Cruz,087,273765,35222,32203,1758,33961,237
2022-01-18,Shasta,089,179085,26583,25162,4811,29973,448
2022-01-18,Sierra,091,2930,257,244,32,276,0
2022-01-18,Siskiyou,093,43540,3925,3799,2014,5813,62
2022-01-18,Solano,095,438530,67970,62204,4231,66435,391
2022-01-18,Sonoma,097,501317,69131,63714,1839,65553,419
2022-01-18,Stanislaus,099,539301,102803,98000,13540,111540,1379
2022-01-18,Sutter,101,95872,18016,17295,1070,18365,198
2022-01-18,Tehama,103,63373,10504,9975,2169,12144,142
2022-01-18,Trinity,105,12862,1022,907,255,1162,19
2022-01-18,Tulare,107,460477,89651,82667,22164,104831,1196
2022-01-18,Tuolumne,109,53932,10297,9528,288,9816,91
2022-01-18,Ventura,111,848112,154242,143384,8486,151870,1233
2022-01-18,Yolo,113,214977,31538,28786,2482,31268,270
2022-01-18,Yuba,115,75493,13668,12971,761,13732,101
2022-01-17,Alameda,001,1643700,208742,193276,9701,202977,1565
2022-01-17,Alpine,003,1148,116,118,0,118,0
2022-01-17,Amador,005,37829,7056,6640,236,6876,73
2022-01-17,Butte,007,227075,28039,26303,5335,31638,348
2022-01-17,Calaveras,009,45235,6029,5584,140,5724,94
2022-01-17,Colusa,011,21464,2998,2905,908,3813,21
2022-01-17,Contra Costa,013,1133247,157990,147993,8787,156780,1086
2022-01-17,Del Norte,015,27424,4321,4209,92,4301,43
2022-01-17,El Dorado,017,186661,23363,21540,2596,24136,175
2022-01-17,Fresno,019,978130,187770,176959,18108,195067,2426
2022-01-17,Glenn,021,27897,4281,4055,1355,5410,39
2022-01-17,Humboldt,023,135768,14024,13120,1801,14921,125
2022-01-17,Imperial,025,180216,46891,44412,7600,52012,821
2022-01-17,Inyo,027,18085,3762,3650,166,3816,49
2022-01-17,Kern,029,883053,166876,157645,36665,194310,1944
2022-01-17,Kings,031,150075,41455,39143,2614,41757,392
2022-01-17,Lake,033,64148,8420,7864,531,8395,117
2022-01-17,Lassen,035,31185,7666,7417,626,8043,55
2022-01-17,Los Angeles,037,10098052,2371667,2205740,107430,2313170,27832
2022-01-17,Madera,039,155013,30366,28568,3521,32089,329
2022-01-17,Marin,041,260295,28554,26633,1670,28303,251
2022-01-17,Mariposa,043,17540,2000,1862,92,1954,6
2022-01-17,Mendocino,045,87422,10787,10030,1523,11553,103
2022-01-17,Merced,047,269075,53828,51227,4329,55556,718
2022-01-17,Modoc,049,8938,648,630,218,848,6
2022-01-17,Mono,051,14174,2754,2642,98,2740,4
2022-01-17,Monterey,053,433212,65406,57318,7321,64639,647
2022-01-17,Napa,055,140530,21111,19647,586,20233,109
2022-01-17,Nevada,057,99092,13532,12414,770,13184,111
2022-01-17,Orange,059,3164182,489362,457418,35730,493148,5933
2022-01-17,Placer,061,380077,53793,50511,6100,56611,508
2022-01-17,Plumas,063,18699,2434,2205,152,2357,12
2022-01-17,Riverside,065,2383286,523366,491322,24250,515572,5600
2022-01-17,Sacramento,067,1510023,238120,221143,17054,238197,2497
2022-01-17,San Benito,069,59416,10916,10432,345,10777,88
2022-01-17,San Bernardino,071,2135413,511455,480243,21328,501571,6259
2022-01-17,San Diego,073,3302833,637762,569241,41874,611115,4545
2022-01-17,San Francisco,075,870044,103785,95292,6525,101817,694
2022-01-17,San Joaquin,077,732212,141464,133414,8314,141728,1958
2022-01-17,San Luis Obispo,079,281455,43430,40425,2728,43153,379
2022-01-17,San Mateo,081,765935,101814,87013,4634,91647,585
2022-01-17,Santa Barbara,083,443738,70559,66704,3292,69996,581
2022-01-17,Santa Clara,085,1922200,253112,237934,8179,246113,1985
2022-01-17,Santa Cruz,087,273765,34451,31714,1720,33434,237
2022-01-17,Shasta,089,179085,26303,25025,4689,29714,448
2022-01-17,Sierra,091,2930,256,242,32,274,0
2022-01-17,Siskiyou,093,43540,3886,3764,1934,5698,62
2022-01-17,Solano,095,438530,66932,61497,3969,65466,391
2022-01-17,Sonoma,097,501317,67626,62763,1775,64538,419
2022-01-17,Stanislaus,099,539301,101491,96951,13053,110004,1379
2022-01-17,Sutter,101,95872,17807,17159,932,18091,198
2022-01-17,Tehama,103,63373,10381,9912,2110,12022,142
2022-01-17,Trinity,105,12862,1009,906,251,1157,19
2022-01-17,Tulare,107,460477,87897,81741,21596,103337,1199
2022-01-17,Tuolumne,109,53932,10162,9416,254,9670,91
2022-01-17,Ventura,111,848112,152125,142070,8369,150439,1234
2022-01-17,Yolo,113,214977,31009,28638,2415,31053,270
2022-01-17,Yuba,115,75493,13472,12871,704,13575,101
2022-01-16,Alameda,001,1643700,205668,190691,9436,200127,1564
2022-01-16,Alpine,003,1148,116,118,0,118,0
2022-01-16,Amador,005,37829,6983,6618,228,6846,73
2022-01-16,Butte,007,227075,27696,26139,5286,31425,348
2022-01-16,Calaveras,009,45235,5928,5537,136,5673,94
2022-01-16,Colusa,011,21464,2981,2886,896,3782,21
2022-01-16,Contra Costa,013,1133247,156079,146307,8585,154892,1086
2022-01-16,Del Norte,015,27424,4279,4177,90,4267,43
2022-01-16,El Dorado,017,186661,23088,21303,2557,23860,175
2022-01-16,Fresno,019,978130,185057,174818,17751,192569,2425
2022-01-16,Glenn,021,27897,4226,4049,1333,5382,39
2022-01-16,Humboldt,023,135768,13877,13075,1782,14857,125
2022-01-16,Imperial,025,180216,46319,44035,7431,51466,821
2022-01-16,Inyo,027,18085,3725,3602,144,3746,49
2022-01-16,Kern,029,883053,165604,156655,35874,192529,1944
2022-01-16,Kings,031,150075,41082,38861,2585,41446,392
2022-01-16,Lake,033,64148,8316,7823,497,8320,117
2022-01-16,Lassen,035,31185,7621,7391,612,8003,55
2022-01-16,Los Angeles,037,10098052,2348495,2174403,105899,2280302,27805
2022-01-16,Madera,039,155013,29996,28313,3469,31782,329
2022-01-16,Marin,041,260295,28260,26292,1656,27948,251
2022-01-16,Mariposa,043,17540,1973,1851,87,1938,6
2022-01-16,Mendocino,045,87422,10640,9992,1406,11398,102
2022-01-16,Merced,047,269075,53238,50882,4304,55186,718
2022-01-16,Modoc,049,8938,645,629,218,847,6
2022-01-16,Mono,051,14174,2750,2614,96,2710,4
2022-01-16,Monterey,053,433212,64640,57012,7171,64183,647
2022-01-16,Napa,055,140530,20844,19521,575,20096,109
2022-01-16,Nevada,057,99092,13317,12307,751,13058,111
2022-01-16,Orange,059,3164182,483966,451962,35177,487139,5932
2022-01-16,Placer,061,380077,53086,50076,5987,56063,508
2022-01-16,Plumas,063,18699,2399,2204,142,2346,12
2022-01-16,Riverside,065,2383286,517862,485191,24023,509214,5600
2022-01-16,Sacramento,067,1510023,235161,218819,16313,235132,2491
2022-01-16,San Benito,069,59416,10758,10377,343,10720,88
2022-01-16,San Bernardino,071,2135413,507550,474425,21071,495496,6259
2022-01-16,San Diego,073,3302833,630174,569241,41437,610678,4545
2022-01-16,San Francisco,075,870044,102269,94139,6386,100525,694
2022-01-16,San Joaquin,077,732212,139680,132214,8170,140384,1958
2022-01-16,San Luis Obispo,079,281455,42773,40113,2688,42801,379
2022-01-16,San Mateo,081,765935,100287,85966,4539,90505,585
2022-01-16,Santa Barbara,083,443738,69530,66111,3252,69363,582
2022-01-16,Santa Clara,085,1922200,249448,234293,8025,242318,1984
2022-01-16,Santa Cruz,087,273765,33822,31469,1697,33166,237
2022-01-16,Shasta,089,179085,26048,24980,4621,29601,449
2022-01-16,Sierra,091,2930,252,238,31,269,0
2022-01-16,Siskiyou,093,43540,3858,3748,1894,5642,62
2022-01-16,Solano,095,438530,66258,60885,3837,64722,391
2022-01-16,Sonoma,097,501317,66547,61842,1756,63598,419
2022-01-16,Stanislaus,099,539301,100427,96370,12899,109269,1379
2022-01-16,Sutter,101,95872,17607,16996,909,17905,198
2022-01-16,Tehama,103,63373,10297,9868,2088,11956,142
2022-01-16,Trinity,105,12862,1004,889,249,1138,19
2022-01-16,Tulare,107,460477,86578,80867,21324,102191,1199
2022-01-16,Tuolumne,109,53932,10057,9369,246,9615,91
2022-01-16,Ventura,111,848112,150551,140715,8289,149004,1234
2022-01-16,Yolo,113,214977,30617,28481,2361,30842,270
2022-01-16,Yuba,115,75493,13294,12760,698,13458,101
2022-01-15,Alameda,001,1643700,204301,177768,9383,187151,1561
2022-01-15,Alpine,003,1148,116,117,0,117,0
2022-01-15,Amador,005,37829,6951,6434,214,6648,72
2022-01-15,Butte,007,227075,27541,25032,5237,30269,348
2022-01-15,Calaveras,009,45235,5896,5258,136,5394,93
2022-01-15,Colusa,011,21464,2967,2796,888,3684,21
2022-01-15,Contra Costa,013,1133247,154868,137643,8541,146184,1082
2022-01-15,Del Norte,015,27424,4264,4065,88,4153,43
2022-01-15,El Dorado,017,186661,22990,20434,2540,22974,175
2022-01-15,Fresno,019,978130,184129,167361,17663,185024,2415
2022-01-15,Glenn,021,27897,4219,3906,1326,5232,39
2022-01-15,Humboldt,023,135768,13773,12419,1766,14185,123
2022-01-15,Imperial,025,180216,46181,42508,7319,49827,817
2022-01-15,Inyo,027,18085,3715,3395,144,3539,49
2022-01-15,Kern,029,883053,164760,150085,35482,185567,1938
2022-01-15,Kings,031,150075,40833,37221,2573,39794,391
2022-01-15,Lake,033,64148,8277,7641,484,8125,117
2022-01-15,Lassen,035,31185,7580,7274,606,7880,55
2022-01-15,Los Angeles,037,10098052,2336966,2047927,104947,2152874,27641
2022-01-15,Madera,039,155013,29849,27294,3446,30740,329
2022-01-15,Marin,041,260295,28074,25248,1649,26897,251
2022-01-15,Mariposa,043,17540,1966,1762,87,1849,6
2022-01-15,Mendocino,045,87422,10567,9534,1400,10934,102
2022-01-15,Merced,047,269075,53071,48904,4293,53197,715
2022-01-15,Modoc,049,8938,643,628,218,846,6
2022-01-15,Mono,051,14174,2745,2508,95,2603,4
2022-01-15,Monterey,053,433212,64126,55315,7103,62418,647
2022-01-15,Napa,055,140530,20723,17648,570,18218,109
2022-01-15,Nevada,057,99092,13258,11773,737,12510,111
2022-01-15,Orange,059,3164182,481373,433141,34901,468042,5914
2022-01-15,Placer,061,380077,52796,47780,5953,53733,501
2022-01-15,Plumas,063,18699,2378,2158,136,2294,12
2022-01-15,Riverside,065,2383286,515179,466381,23888,490269,5578
2022-01-15,Sacramento,067,1510023,234003,208156,16209,224365,2491
2022-01-15,San Benito,069,59416,10659,9868,337,10205,87
2022-01-15,San Bernardino,071,2135413,505234,454395,20918,475313,6233
2022-01-15,San Diego,073,3302833,626384,559385,41181,600566,4540
2022-01-15,San Francisco,075,870044,101274,88004,6251,94255,692
2022-01-15,San Joaquin,077,732212,139116,125136,8070,133206,1954
2022-01-15,San Luis Obispo,079,281455,42584,38231,2675,40906,374
2022-01-15,San Mateo,081,765935,99331,80494,4498,84992,582
2022-01-15,Santa Barbara,083,443738,68932,62312,3241,65553,579
2022-01-15,Santa Clara,085,1922200,247245,218986,7900,226886,1974
2022-01-15,Santa Cruz,087,273765,33468,29414,1689,31103,235
2022-01-15,Shasta,089,179085,25957,24482,4589,29071,445
2022-01-15,Sierra,091,2930,251,232,30,262,0
2022-01-15,Siskiyou,093,43540,3846,3661,1883,5544,62
2022-01-15,Solano,095,438530,65979,58061,3786,61847,389
2022-01-15,Sonoma,097,501317,65959,58181,1750,59931,418
2022-01-15,Stanislaus,099,539301,99845,92986,12801,105787,1379
2022-01-15,Sutter,101,95872,17516,16345,899,17244,197
2022-01-15,Tehama,103,63373,10247,9572,2070,11642,141
2022-01-15,Trinity,105,12862,1001,872,249,1121,19
2022-01-15,Tulare,107,460477,86131,77769,21201,98970,1192
2022-01-15,Tuolumne,109,53932,9958,9042,241,9283,91
2022-01-15,Ventura,111,848112,149776,134736,8251,142987,1227
2022-01-15,Yolo,113,214977,30437,27311,2341,29652,270
2022-01-15,Yuba,115,75493,13231,12200,694,12894,101
2022-01-14,Alameda,001,1643700,202257,177768,9331,187099,1561
2022-01-14,Alpine,003,1148,116,117,0,117,0
2022-01-14,Amador,005,37829,6875,6434,205,6639,72
2022-01-14,Butte,007,227075,27360,25032,5207,30239,348
2022-01-14,Calaveras,009,45235,5859,5258,135,5393,93
2022-01-14,Colusa,011,21464,2958,2796,878,3674,21
2022-01-14,Contra Costa,013,1133247,153424,137643,8441,146084,1082
2022-01-14,Del Norte,015,27424,4239,4065,87,4152,43
2022-01-14,El Dorado,017,186661,22835,20434,2522,22956,175
2022-01-14,Fresno,019,978130,182475,167361,17587,184948,2415
2022-01-14,Glenn,021,27897,4197,3906,1317,5223,39
2022-01-14,Humboldt,023,135768,13666,12419,1733,14152,123
2022-01-14,Imperial,025,180216,46009,42508,7299,49807,817
2022-01-14,Inyo,027,18085,3690,3395,140,3535,49
2022-01-14,Kern,029,883053,163761,150085,35045,185130,1938
2022-01-14,Kings,031,150075,40582,37221,2564,39785,391
2022-01-14,Lake,033,64148,8220,7641,471,8112,117
2022-01-14,Lassen,035,31185,7546,7274,594,7868,55
2022-01-14,Los Angeles,037,10098052,2317652,2047927,103905,2151832,27641
2022-01-14,Madera,039,155013,29612,27294,3421,30715,329
2022-01-14,Marin,041,260295,27815,25248,1614,26862,251
2022-01-14,Mariposa,043,17540,1951,1762,87,1849,6
2022-01-14,Mendocino,045,87422,10455,9534,1387,10921,102
2022-01-14,Merced,047,269075,52888,48904,4278,53182,715
2022-01-14,Modoc,049,8938,642,628,218,846,6
2022-01-14,Mono,051,14174,2724,2508,93,2601,4
2022-01-14,Monterey,053,433212,63429,55315,7010,62325,647
2022-01-14,Napa,055,140530,20553,17648,564,18212,109
2022-01-14,Nevada,057,99092,13135,11773,724,12497,111
2022-01-14,Orange,059,3164182,477639,433141,34580,467721,5914
2022-01-14,Placer,061,380077,52359,47780,5867,53647,501
2022-01-14,Plumas,063,18699,2370,2158,129,2287,12
2022-01-14,Riverside,065,2383286,511652,466381,23744,490125,5578
2022-01-14,Sacramento,067,1510023,232058,208156,16052,224208,2491
2022-01-14,San Benito,069,59416,10607,9868,336,10204,87
2022-01-14,San Bernardino,071,2135413,502100,454395,20729,475124,6233
2022-01-14,San Diego,073,3302833,620731,559385,40871,600256,4540
2022-01-14,San Francisco,075,870044,100101,88004,6075,94079,692
2022-01-14,San Joaquin,077,732212,138267,125136,7988,133124,1954
2022-01-14,San Luis Obispo,079,281455,42418,38231,2652,40883,374
2022-01-14,San Mateo,081,765935,98104,80494,4469,84963,582
2022-01-14,Santa Barbara,083,443738,68413,62312,3231,65543,579
2022-01-14,Santa Clara,085,1922200,244670,218986,7793,226779,1974
2022-01-14,Santa Cruz,087,273765,33091,29414,1679,31093,235
2022-01-14,Shasta,089,179085,25836,24482,4555,29037,445
2022-01-14,Sierra,091,2930,249,232,28,260,0
2022-01-14,Siskiyou,093,43540,3835,3661,1870,5531,62
2022-01-14,Solano,095,438530,65136,58061,3696,61757,389
2022-01-14,Sonoma,097,501317,65420,58181,1723,59904,418
2022-01-14,Stanislaus,099,539301,99239,92986,12700,105686,1379
2022-01-14,Sutter,101,95872,17390,16345,890,17235,197
2022-01-14,Tehama,103,63373,10194,9572,2057,11629,141
2022-01-14,Trinity,105,12862,996,872,247,1119,19
2022-01-14,Tulare,107,460477,85598,77769,21027,98796,1192
2022-01-14,Tuolumne,109,53932,9835,9042,236,9278,91
2022-01-14,Ventura,111,848112,148669,134736,8191,142927,1227
2022-01-14,Yolo,113,214977,30196,27311,2311,29622,270
2022-01-14,Yuba,115,75493,13128,12200,689,12889,101
2022-01-13,Alameda,001,1643700,197937,177768,8981,186749,1561
2022-01-13,Alpine,003,1148,115,117,0,117,0
2022-01-13,Amador,005,37829,6815,6434,184,6618,72
2022-01-13,Butte,007,227075,27059,25032,5095,30127,348
2022-01-13,Calaveras,009,45235,5768,5258,131,5389,93
2022-01-13,Colusa,011,21464,2926,2796,868,3664,21
2022-01-13,Contra Costa,013,1133247,150902,137643,7986,145629,1082
2022-01-13,Del Norte,015,27424,4203,4065,86,4151,43
2022-01-13,El Dorado,017,186661,22586,20434,2476,22910,175
2022-01-13,Fresno,019,978130,179671,167361,17222,184583,2415
2022-01-13,Glenn,021,27897,4150,3906,1291,5197,39
2022-01-13,Humboldt,023,135768,13512,12419,1671,14090,123
2022-01-13,Imperial,025,180216,45465,42508,7079,49587,817
2022-01-13,Inyo,027,18085,3634,3395,123,3518,49
2022-01-13,Kern,029,883053,162176,150085,34448,184533,1938
2022-01-13,Kings,031,150075,40101,37221,2519,39740,391
2022-01-13,Lake,033,64148,8119,7641,450,8091,117
2022-01-13,Lassen,035,31185,7512,7274,578,7852,55
2022-01-13,Los Angeles,037,10098052,2281193,2047927,102119,2150046,27641
2022-01-13,Madera,039,155013,29145,27294,3327,30621,329
2022-01-13,Marin,041,260295,27470,25248,1570,26818,251
2022-01-13,Mariposa,043,17540,1928,1762,84,1846,6
2022-01-13,Mendocino,045,87422,10364,9534,1319,10853,102
2022-01-13,Merced,047,269075,52230,48904,4016,52920,715
2022-01-13,Modoc,049,8938,639,628,218,846,6
2022-01-13,Mono,051,14174,2701,2508,90,2598,4
2022-01-13,Monterey,053,433212,62493,55315,6721,62036,647
2022-01-13,Napa,055,140530,20255,17648,554,18202,109
2022-01-13,Nevada,057,99092,12943,11773,694,12467,111
2022-01-13,Orange,059,3164182,471198,433141,34125,467266,5914
2022-01-13,Placer,061,380077,51728,47780,5752,53532,501
2022-01-13,Plumas,063,18699,2350,2158,119,2277,12
2022-01-13,Riverside,065,2383286,505354,466381,23413,489794,5578
2022-01-13,Sacramento,067,1510023,228959,208156,15247,223403,2491
2022-01-13,San Benito,069,59416,10503,9868,328,10196,87
2022-01-13,San Bernardino,071,2135413,496378,454395,20254,474649,6233
2022-01-13,San Diego,073,3302833,612211,559385,39996,599381,4540
2022-01-13,San Francisco,075,870044,98365,88004,5879,93883,692
2022-01-13,San Joaquin,077,732212,136201,125136,7838,132974,1954
2022-01-13,San Luis Obispo,079,281455,41814,38231,2547,40778,374
2022-01-13,San Mateo,081,765935,96322,80494,4228,84722,582
2022-01-13,Santa Barbara,083,443738,67415,62312,3045,65357,579
2022-01-13,Santa Clara,085,1922200,240418,218986,7456,226442,1974
2022-01-13,Santa Cruz,087,273765,32275,29414,1657,31071,235
2022-01-13,Shasta,089,179085,25627,24482,4482,28964,445
2022-01-13,Sierra,091,2930,248,232,28,260,0
2022-01-13,Siskiyou,093,43540,3813,3661,1829,5490,62
2022-01-13,Solano,095,438530,64005,58061,3584,61645,389
2022-01-13,Sonoma,097,501317,64353,58181,1665,59846,418
2022-01-13,Stanislaus,099,539301,98122,92986,12418,105404,1379
2022-01-13,Sutter,101,95872,17194,16345,825,17170,197
2022-01-13,Tehama,103,63373,10095,9572,2008,11580,141
2022-01-13,Trinity,105,12862,988,872,247,1119,19
2022-01-13,Tulare,107,460477,84316,77769,20713,98482,1192
2022-01-13,Tuolumne,109,53932,9696,9042,218,9260,91
2022-01-13,Ventura,111,848112,146886,134736,8097,142833,1227
2022-01-13,Yolo,113,214977,29782,27311,2265,29576,270
2022-01-13,Yuba,115,75493,12993,12200,660,12860,101
2022-01-12,Alameda,001,1643700,193308,173001,8521,181522,1563
2022-01-12,Alpine,003,1148,115,117,0,117,0
2022-01-12,Amador,005,37829,6767,6354,170,6524,71
2022-01-12,Butte,007,227075,26734,24631,5005,29636,348
2022-01-12,Calaveras,009,45235,5689,5151,125,5276,93
2022-01-12,Colusa,011,21464,2887,2772,855,3627,21
2022-01-12,Contra Costa,013,1133247,148356,134579,7623,142202,1077
2022-01-12,Del Norte,015,27424,4176,4019,84,4103,43
2022-01-12,El Dorado,017,186661,22263,20092,2435,22527,175
2022-01-12,Fresno,019,978130,176940,165316,16805,182121,2413
2022-01-12,Glenn,021,27897,4099,3859,1269,5128,39
2022-01-12,Humboldt,023,135768,13340,12081,1589,13670,122
2022-01-12,Imperial,025,180216,44809,41985,6765,48750,814
2022-01-12,Inyo,027,18085,3588,3334,107,3441,49
2022-01-12,Kern,029,883053,160037,148435,33710,182145,1933
2022-01-12,Kings,031,150075,39469,36780,2475,39255,391
2022-01-12,Lake,033,64148,8003,7535,406,7941,117
2022-01-12,Lassen,035,31185,7470,7223,551,7774,55
2022-01-12,Los Angeles,037,10098052,2241472,2005065,99871,2104936,27601
2022-01-12,Madera,039,155013,28828,26952,3229,30181,329
2022-01-12,Marin,041,260295,26980,24704,1519,26223,251
2022-01-12,Mariposa,043,17540,1899,1725,82,1807,6
2022-01-12,Mendocino,045,87422,10200,9379,1219,10598,103
2022-01-12,Merced,047,269075,51530,48441,3740,52181,710
2022-01-12,Modoc,049,8938,637,627,218,845,6
2022-01-12,Mono,051,14174,2665,2466,86,2552,4
2022-01-12,Monterey,053,433212,61507,54524,6357,60881,647
2022-01-12,Napa,055,140530,19997,17347,531,17878,109
2022-01-12,Nevada,057,99092,12730,11552,645,12197,111
2022-01-12,Orange,059,3164182,464410,425737,33535,459272,5912
2022-01-12,Placer,061,380077,51072,47004,5639,52643,501
2022-01-12,Plumas,063,18699,2310,2135,108,2243,12
2022-01-12,Riverside,065,2383286,498142,458881,23068,481949,5565
2022-01-12,Sacramento,067,1510023,225370,204696,14348,219044,2479
2022-01-12,San Benito,069,59416,10372,9737,316,10053,87
2022-01-12,San Bernardino,071,2135413,490057,447869,19630,467499,6222
2022-01-12,San Diego,073,3302833,601706,551669,39137,590806,4529
2022-01-12,San Francisco,075,870044,96530,85700,5766,91466,691
2022-01-12,San Joaquin,077,732212,133918,122850,7709,130559,1948
2022-01-12,San Luis Obispo,079,281455,41086,37727,2464,40191,373
2022-01-12,San Mateo,081,765935,94290,78476,3850,82326,582
2022-01-12,Santa Barbara,083,443738,66271,60815,2940,63755,578
2022-01-12,Santa Clara,085,1922200,235925,213177,7073,220250,1971
2022-01-12,Santa Cruz,087,273765,31620,28463,1608,30071,235
2022-01-12,Shasta,089,179085,25414,24324,4416,28740,446
2022-01-12,Sierra,091,2930,247,228,28,256,0
2022-01-12,Siskiyou,093,43540,3785,3639,1782,5421,62
2022-01-12,Solano,095,438530,62959,57052,3462,60514,386
2022-01-12,Sonoma,097,501317,63069,56394,1581,57975,417
2022-01-12,Stanislaus,099,539301,96890,91738,12075,103813,1373
2022-01-12,Sutter,101,95872,17000,16135,792,16927,197
2022-01-12,Tehama,103,63373,10006,9475,1947,11422,141
2022-01-12,Trinity,105,12862,984,868,246,1114,19
2022-01-12,Tulare,107,460477,83192,76943,20303,97246,1192
2022-01-12,Tuolumne,109,53932,9565,8870,201,9071,91
2022-01-12,Ventura,111,848112,144976,132180,8011,140191,1220
2022-01-12,Yolo,113,214977,29368,26888,2187,29075,270
2022-01-12,Yuba,115,75493,12833,12015,633,12648,101
2022-01-11,Alameda,001,1643700,188778,169181,8121,177302,1561
2022-01-11,Alpine,003,1148,115,116,0,116,0
2022-01-11,Amador,005,37829,6683,6317,155,6472,71
2022-01-11,Butte,007,227075,26341,24479,4915,29394,347
2022-01-11,Calaveras,009,45235,5558,5083,111,5194,93
2022-01-11,Colusa,011,21464,2864,2766,841,3607,21
2022-01-11,Contra Costa,013,1133247,145384,132410,7140,139550,1077
2022-01-11,Del Norte,015,27424,4143,4006,82,4088,43
2022-01-11,El Dorado,017,186661,21917,19842,2362,22204,174
2022-01-11,Fresno,019,978130,173895,163509,16462,179971,2404
2022-01-11,Glenn,021,27897,4037,3844,1224,5068,39
2022-01-11,Humboldt,023,135768,13119,11960,1496,13456,122
2022-01-11,Imperial,025,180216,44204,41444,6559,48003,813
2022-01-11,Inyo,027,18085,3490,3278,100,3378,49
2022-01-11,Kern,029,883053,157753,146942,32878,179820,1929
2022-01-11,Kings,031,150075,38881,36524,2444,38968,389
2022-01-11,Lake,033,64148,7925,7494,390,7884,117
2022-01-11,Lassen,035,31185,7420,7210,537,7747,55
2022-01-11,Los Angeles,037,10098052,2199044,1966319,97642,2063961,27563
2022-01-11,Madera,039,155013,28412,26688,3149,29837,329
2022-01-11,Marin,041,260295,26623,24387,1474,25861,251
2022-01-11,Mariposa,043,17540,1877,1718,78,1796,6
2022-01-11,Mendocino,045,87422,10039,9301,1121,10422,102
2022-01-11,Merced,047,269075,50765,48068,3557,51625,708
2022-01-11,Modoc,049,8938,636,626,217,843,6
2022-01-11,Mono,051,14174,2622,2425,85,2510,4
2022-01-11,Monterey,053,433212,60464,53911,6006,59917,646
2022-01-11,Napa,055,140530,19556,17020,484,17504,109
2022-01-11,Nevada,057,99092,12504,11467,610,12077,110
2022-01-11,Orange,059,3164182,456737,417703,32899,450602,5909
2022-01-11,Placer,061,380077,50318,46459,5495,51954,500
2022-01-11,Plumas,063,18699,2275,2099,100,2199,12
2022-01-11,Riverside,065,2383286,490414,453766,22751,476517,5551
2022-01-11,Sacramento,067,1510023,221186,201058,13297,214355,2489
2022-01-11,San Benito,069,59416,10236,9624,303,9927,83
2022-01-11,San Bernardino,071,2135413,482301,442960,19020,461980,6198
2022-01-11,San Diego,073,3302833,589697,536954,38027,574981,4520
2022-01-11,San Francisco,075,870044,94326,83678,5606,89284,691
2022-01-11,San Joaquin,077,732212,131540,121139,7537,128676,1944
2022-01-11,San Luis Obispo,079,281455,40311,37183,2345,39528,372
2022-01-11,San Mateo,081,765935,91997,76756,3628,80384,582
2022-01-11,Santa Barbara,083,443738,64966,59758,2801,62559,578
2022-01-11,Santa Clara,085,1922200,230540,208425,6616,215041,1971
2022-01-11,Santa Cruz,087,273765,31112,27709,1557,29266,232
2022-01-11,Shasta,089,179085,25155,24132,4322,28454,446
2022-01-11,Sierra,091,2930,245,228,28,256,0
2022-01-11,Siskiyou,093,43540,3761,3621,1732,5353,62
2022-01-11,Solano,095,438530,61563,56349,3306,59655,388
2022-01-11,Sonoma,097,501317,61553,55411,1501,56912,416
2022-01-11,Stanislaus,099,539301,95523,90998,11708,102706,1372
2022-01-11,Sutter,101,95872,16799,15993,736,16729,197
2022-01-11,Tehama,103,63373,9877,9406,1899,11305,140
2022-01-11,Trinity,105,12862,972,858,244,1102,19
2022-01-11,Tulare,107,460477,81886,76267,19894,96161,1188
2022-01-11,Tuolumne,109,53932,9406,8811,194,9005,91
2022-01-11,Ventura,111,848112,142745,129548,7864,137412,1220
2022-01-11,Yolo,113,214977,28791,26482,2123,28605,270
2022-01-11,Yuba,115,75493,12659,11912,612,12524,101
2022-01-10,Alameda,001,1643700,183664,165657,7594,173251,1559
2022-01-10,Alpine,003,1148,115,116,0,116,0
2022-01-10,Amador,005,37829,6580,6279,139,6418,71
2022-01-10,Butte,007,227075,26003,24217,4824,29041,347
2022-01-10,Calaveras,009,45235,5459,5025,105,5130,93
2022-01-10,Colusa,011,21464,2835,2758,832,3590,21
2022-01-10,Contra Costa,013,1133247,142650,129951,6627,136578,1077
2022-01-10,Del Norte,015,27424,4120,3970,82,4052,43
2022-01-10,El Dorado,017,186661,21351,19606,2305,21911,172
2022-01-10,Fresno,019,978130,170850,161593,16063,177656,2404
2022-01-10,Glenn,021,27897,3978,3807,1210,5017,39
2022-01-10,Humboldt,023,135768,12876,11778,1363,13141,121
2022-01-10,Imperial,025,180216,43478,41080,6337,47417,811
2022-01-10,Inyo,027,18085,3435,3227,88,3315,49
2022-01-10,Kern,029,883053,155180,145744,32125,177869,1929
2022-01-10,Kings,031,150075,38263,36286,2407,38693,389
2022-01-10,Lake,033,64148,7836,7416,366,7782,117
2022-01-10,Lassen,035,31185,7382,7192,514,7706,55
2022-01-10,Los Angeles,037,10098052,2153526,1932475,95155,2027630,27546
2022-01-10,Madera,039,155013,27959,26501,3047,29548,328
2022-01-10,Marin,041,260295,26134,24023,1400,25423,251
2022-01-10,Mariposa,043,17540,1837,1684,72,1756,6
2022-01-10,Mendocino,045,87422,9866,9163,1033,10196,101
2022-01-10,Merced,047,269075,49957,47632,3276,50908,707
2022-01-10,Modoc,049,8938,635,622,215,837,6
2022-01-10,Mono,051,14174,2556,2415,80,2495,4
2022-01-10,Monterey,053,433212,59508,53485,5688,59173,645
2022-01-10,Napa,055,140530,19179,16775,469,17244,109
2022-01-10,Nevada,057,99092,12280,11300,572,11872,110
2022-01-10,Orange,059,3164182,448041,406170,32045,438215,5906
2022-01-10,Placer,061,380077,49468,45642,5333,50975,498
2022-01-10,Plumas,063,18699,2240,2086,98,2184,12
2022-01-10,Riverside,065,2383286,482160,445536,22297,467833,5546
2022-01-10,Sacramento,067,1510023,216679,198023,12225,210248,2474
2022-01-10,San Benito,069,59416,10065,9467,293,9760,83
2022-01-10,San Bernardino,071,2135413,474063,437207,18294,455501,6184
2022-01-10,San Diego,073,3302833,576994,530506,36887,567393,4500
2022-01-10,San Francisco,075,870044,92534,82209,5344,87553,690
2022-01-10,San Joaquin,077,732212,128876,119587,7252,126839,1927
2022-01-10,San Luis Obispo,079,281455,39494,36618,2247,38865,371
2022-01-10,San Mateo,081,765935,89349,75210,3370,78580,582
2022-01-10,Santa Barbara,083,443738,63706,58957,2611,61568,578
2022-01-10,Santa Clara,085,1922200,224758,203540,6130,209670,1971
2022-01-10,Santa Cruz,087,273765,30271,26906,1518,28424,232
2022-01-10,Shasta,089,179085,24958,23983,4244,28227,446
2022-01-10,Sierra,091,2930,242,223,28,251,0
2022-01-10,Siskiyou,093,43540,3728,3592,1688,5280,62
2022-01-10,Solano,095,438530,60524,55663,3098,58761,385
2022-01-10,Sonoma,097,501317,60005,54478,1454,55932,412
2022-01-10,Stanislaus,099,539301,94189,89997,11377,101374,1372
2022-01-10,Sutter,101,95872,16555,15823,689,16512,196
2022-01-10,Tehama,103,63373,9765,9360,1844,11204,140
2022-01-10,Trinity,105,12862,968,849,242,1091,19
2022-01-10,Tulare,107,460477,80386,75498,19481,94979,1186
2022-01-10,Tuolumne,109,53932,9280,8685,182,8867,91
2022-01-10,Ventura,111,848112,140137,126240,7712,133952,1217
2022-01-10,Yolo,113,214977,28194,26065,2068,28133,270
2022-01-10,Yuba,115,75493,12411,11776,577,12353,101
2022-01-09,Alameda,001,1643700,179150,162701,6921,169622,1561
2022-01-09,Alpine,003,1148,115,116,0,116,0
2022-01-09,Amador,005,37829,6492,6215,127,6342,71
2022-01-09,Butte,007,227075,25615,24018,4708,28726,347
2022-01-09,Calaveras,009,45235,5330,4976,96,5072,93
2022-01-09,Colusa,011,21464,2808,2750,809,3559,21
2022-01-09,Contra Costa,013,1133247,139787,128050,5973,134023,1077
2022-01-09,Del Norte,015,27424,4080,3950,78,4028,43
2022-01-09,El Dorado,017,186661,20989,19430,2239,21669,172
2022-01-09,Fresno,019,978130,168268,159989,15680,175669,2405
2022-01-09,Glenn,021,27897,3922,3797,1189,4986,39
2022-01-09,Humboldt,023,135768,12632,11582,1240,12822,121
2022-01-09,Imperial,025,180216,42639,40608,6069,46677,811
2022-01-09,Inyo,027,18085,3332,3149,79,3228,49
2022-01-09,Kern,029,883053,152721,144819,31376,176195,1927
2022-01-09,Kings,031,150075,37586,36041,2369,38410,389
2022-01-09,Lake,033,64148,7725,7393,321,7714,117
2022-01-09,Lassen,035,31185,7318,7172,485,7657,55
2022-01-09,Los Angeles,037,10098052,2105505,1887830,92155,1979985,27532
2022-01-09,Madera,039,155013,27577,26325,2946,29271,328
2022-01-09,Marin,041,260295,25684,23708,1309,25017,251
2022-01-09,Mariposa,043,17540,1787,1660,71,1731,6
2022-01-09,Mendocino,045,87422,9659,9097,921,10018,101
2022-01-09,Merced,047,269075,49087,47294,3004,50298,706
2022-01-09,Modoc,049,8938,633,619,215,834,6
2022-01-09,Mono,051,14174,2521,2390,73,2463,4
2022-01-09,Monterey,053,433212,58445,53251,5418,58669,645
2022-01-09,Napa,055,140530,18684,16614,453,17067,109
2022-01-09,Nevada,057,99092,12025,11152,511,11663,110
2022-01-09,Orange,059,3164182,438046,400563,31086,431649,5905
2022-01-09,Placer,061,380077,48477,45081,5182,50263,498
2022-01-09,Plumas,063,18699,2201,2081,78,2159,12
2022-01-09,Riverside,065,2383286,473175,440413,21749,462162,5546
2022-01-09,Sacramento,067,1510023,211878,195444,11075,206519,2475
2022-01-09,San Benito,069,59416,9879,9363,265,9628,83
2022-01-09,San Bernardino,071,2135413,465851,430257,17475,447732,6180
2022-01-09,San Diego,073,3302833,563839,478206,35031,513237,4500
2022-01-09,San Francisco,075,870044,90669,80463,5096,85559,690
2022-01-09,San Joaquin,077,732212,125799,118422,7085,125507,1927
2022-01-09,San Luis Obispo,079,281455,38689,36291,2139,38430,371
2022-01-09,San Mateo,081,765935,86839,73867,3039,76906,582
2022-01-09,Santa Barbara,083,443738,62022,58280,2348,60628,578
2022-01-09,Santa Clara,085,1922200,218708,199889,5584,205473,1976
2022-01-09,Santa Cruz,087,273765,29520,26513,1486,27999,232
2022-01-09,Shasta,089,179085,24717,23926,4156,28082,446
2022-01-09,Sierra,091,2930,239,223,26,249,0
2022-01-09,Siskiyou,093,43540,3699,3580,1627,5207,62
2022-01-09,Solano,095,438530,59367,54985,2810,57795,384
2022-01-09,Sonoma,097,501317,58329,53543,1417,54960,412
2022-01-09,Stanislaus,099,539301,92820,89248,11104,100352,1372
2022-01-09,Sutter,101,95872,16267,15695,609,16304,196
2022-01-09,Tehama,103,63373,9647,9306,1792,11098,140
2022-01-09,Trinity,105,12862,964,848,240,1088,19
2022-01-09,Tulare,107,460477,78972,75085,19087,94172,1186
2022-01-09,Tuolumne,109,53932,9123,8595,163,8758,91
2022-01-09,Ventura,111,848112,137084,124269,7467,131736,1217
2022-01-09,Yolo,113,214977,27586,25632,2021,27653,270
2022-01-09,Yuba,115,75493,12213,11666,546,12212,101
2022-01-08,Alameda,001,1643700,177258,148560,6777,155337,1558
2022-01-08,Alpine,003,1148,115,114,0,114,0
2022-01-08,Amador,005,37829,6461,6091,122,6213,71
2022-01-08,Butte,007,227075,25431,23429,4669,28098,347
2022-01-08,Calaveras,009,45235,5285,4823,92,4915,93
2022-01-08,Colusa,011,21464,2800,2713,806,3519,21
2022-01-08,Contra Costa,013,1133247,138280,119907,5893,125800,1077
2022-01-08,Del Norte,015,27424,4063,3902,78,3980,43
2022-01-08,El Dorado,017,186661,20808,18599,2205,20804,172
2022-01-08,Fresno,019,978130,167383,155394,15545,170939,2393
2022-01-08,Glenn,021,27897,3914,3732,1184,4916,39
2022-01-08,Humboldt,023,135768,12511,11149,1214,12363,121
2022-01-08,Imperial,025,180216,42451,39429,5924,45353,800
2022-01-08,Inyo,027,18085,3318,3020,76,3096,49
2022-01-08,Kern,029,883053,151584,140410,30942,171352,1921
2022-01-08,Kings,031,150075,37345,35275,2351,37626,390
2022-01-08,Lake,033,64148,7685,7209,313,7522,117
2022-01-08,Lassen,035,31185,7288,7127,469,7596,55
2022-01-08,Los Angeles,037,10098052,2087126,1765787,90409,1856196,27476
2022-01-08,Madera,039,155013,27410,25767,2909,28676,328
2022-01-08,Marin,041,260295,25402,22377,1298,23675,251
2022-01-08,Mariposa,043,17540,1777,1588,71,1659,6
2022-01-08,Mendocino,045,87422,9585,8792,919,9711,101
2022-01-08,Merced,047,269075,48914,46094,2984,49078,703
2022-01-08,Modoc,049,8938,633,610,215,825,6
2022-01-08,Mono,051,14174,2510,2240,68,2308,4
2022-01-08,Monterey,053,433212,58058,51721,5325,57046,644
2022-01-08,Napa,055,140530,18530,15819,427,16246,109
2022-01-08,Nevada,057,99092,11938,10765,498,11263,110
2022-01-08,Orange,059,3164182,434251,375124,30231,405355,5903
2022-01-08,Placer,061,380077,48033,43172,5140,48312,495
2022-01-08,Plumas,063,18699,2191,2053,73,2126,12
2022-01-08,Riverside,065,2383286,469659,422591,21476,444067,5535
2022-01-08,Sacramento,067,1510023,210446,185118,10910,196028,2470
2022-01-08,San Benito,069,59416,9718,9016,262,9278,83
2022-01-08,San Bernardino,071,2135413,462476,411724,17077,428801,6122
2022-01-08,San Diego,073,3302833,558935,472273,34488,506761,4495
2022-01-08,San Francisco,075,870044,89470,73660,4815,78475,690
2022-01-08,San Joaquin,077,732212,124833,112514,6984,119498,1916
2022-01-08,San Luis Obispo,079,281455,38487,34489,2096,36585,369
2022-01-08,San Mateo,081,765935,85456,67918,2952,70870,582
2022-01-08,Santa Barbara,083,443738,61327,54617,2314,56931,575
2022-01-08,Santa Clara,085,1922200,215667,183842,5376,189218,1966
2022-01-08,Santa Cruz,087,273765,29094,24678,1465,26143,230
2022-01-08,Shasta,089,179085,24626,23585,4124,27709,445
2022-01-08,Sierra,091,2930,235,215,25,240,0
2022-01-08,Siskiyou,093,43540,3687,3545,1613,5158,62
2022-01-08,Solano,095,438530,58959,52452,2735,55187,383
2022-01-08,Sonoma,097,501317,57806,50130,1383,51513,411
2022-01-08,Stanislaus,099,539301,92180,87049,10987,98036,1372
2022-01-08,Sutter,101,95872,16148,15261,596,15857,195
2022-01-08,Tehama,103,63373,9616,9109,1784,10893,140
2022-01-08,Trinity,105,12862,958,836,240,1076,19
2022-01-08,Tulare,107,460477,78578,73600,18950,92550,1185
2022-01-08,Tuolumne,109,53932,9017,8360,160,8520,91
2022-01-08,Ventura,111,848112,135914,117229,7332,124561,1216
2022-01-08,Yolo,113,214977,27292,24006,1991,25997,270
2022-01-08,Yuba,115,75493,12126,11277,543,11820,101
2022-01-07,Alameda,001,1643700,174567,148560,6664,155224,1558
2022-01-07,Alpine,003,1148,115,114,0,114,0
2022-01-07,Amador,005,37829,6412,6091,119,6210,71
2022-01-07,Butte,007,227075,25226,23429,4634,28063,347
2022-01-07,Calaveras,009,45235,5246,4823,92,4915,93
2022-01-07,Colusa,011,21464,2791,2713,795,3508,21
2022-01-07,Contra Costa,013,1133247,136411,119907,5772,125679,1077
2022-01-07,Del Norte,015,27424,4047,3902,77,3979,43
2022-01-07,El Dorado,017,186661,20645,18599,2191,20790,172
2022-01-07,Fresno,019,978130,166023,155394,15447,170841,2393
2022-01-07,Glenn,021,27897,3894,3732,1181,4913,39
2022-01-07,Humboldt,023,135768,12368,11149,1186,12335,121
2022-01-07,Imperial,025,180216,42292,39429,5840,45269,800
2022-01-07,Inyo,027,18085,3299,3020,74,3094,49
2022-01-07,Kern,029,883053,150614,140410,30498,170908,1921
2022-01-07,Kings,031,150075,37164,35275,2337,37612,390
2022-01-07,Lake,033,64148,7637,7209,287,7496,117
2022-01-07,Lassen,035,31185,7272,7127,466,7593,55
2022-01-07,Los Angeles,037,10098052,2055951,1765787,88944,1854731,27476
2022-01-07,Madera,039,155013,27228,25767,2874,28641,328
2022-01-07,Marin,041,260295,25021,22377,1280,23657,251
2022-01-07,Mariposa,043,17540,1761,1588,71,1659,6
2022-01-07,Mendocino,045,87422,9492,8792,918,9710,101
2022-01-07,Merced,047,269075,48748,46094,2960,49054,703
2022-01-07,Modoc,049,8938,632,610,215,825,6
2022-01-07,Mono,051,14174,2472,2240,62,2302,4
2022-01-07,Monterey,053,433212,57638,51721,5230,56951,644
2022-01-07,Napa,055,140530,18303,15819,406,16225,109
2022-01-07,Nevada,057,99092,11809,10765,477,11242,110
2022-01-07,Orange,059,3164182,429439,375124,29612,404736,5903
2022-01-07,Placer,061,380077,47526,43172,5091,48263,495
2022-01-07,Plumas,063,18699,2182,2053,72,2125,12
2022-01-07,Riverside,065,2383286,465830,422591,21246,443837,5535
2022-01-07,Sacramento,067,1510023,208168,185118,10750,195868,2470
2022-01-07,San Benito,069,59416,9673,9016,261,9277,83
2022-01-07,San Bernardino,071,2135413,458506,411724,16844,428568,6122
2022-01-07,San Diego,073,3302833,551806,472273,33941,506214,4495
2022-01-07,San Francisco,075,870044,88029,73660,4555,78215,690
2022-01-07,San Joaquin,077,732212,123883,112514,6922,119436,1916
2022-01-07,San Luis Obispo,079,281455,38272,34489,2041,36530,369
2022-01-07,San Mateo,081,765935,83989,67918,2893,70811,582
2022-01-07,Santa Barbara,083,443738,60631,54617,2292,56909,575
2022-01-07,Santa Clara,085,1922200,212420,183842,5266,189108,1966
2022-01-07,Santa Cruz,087,273765,28614,24678,1449,26127,230
2022-01-07,Shasta,089,179085,24527,23585,4090,27675,445
2022-01-07,Sierra,091,2930,232,215,25,240,0
2022-01-07,Siskiyou,093,43540,3676,3545,1601,5146,62
2022-01-07,Solano,095,438530,58277,52452,2690,55142,383
2022-01-07,Sonoma,097,501317,57203,50130,1295,51425,411
2022-01-07,Stanislaus,099,539301,91652,87049,10895,97944,1372
2022-01-07,Sutter,101,95872,15997,15261,583,15844,195
2022-01-07,Tehama,103,63373,9580,9109,1771,10880,140
2022-01-07,Trinity,105,12862,951,836,239,1075,19
2022-01-07,Tulare,107,460477,78151,73600,18810,92410,1185
2022-01-07,Tuolumne,109,53932,8929,8360,156,8516,91
2022-01-07,Ventura,111,848112,134285,117229,7196,124425,1216
2022-01-07,Yolo,113,214977,26918,24006,1972,25978,270
2022-01-07,Yuba,115,75493,12021,11277,538,11815,101
2022-01-06,Alameda,001,1643700,169202,148560,6250,154810,1558
2022-01-06,Alpine,003,1148,114,114,0,114,0
2022-01-06,Amador,005,37829,6361,6091,114,6205,71
2022-01-06,Butte,007,227075,24932,23429,4550,27979,347
2022-01-06,Calaveras,009,45235,5129,4823,90,4913,93
2022-01-06,Colusa,011,21464,2771,2713,786,3499,21
2022-01-06,Contra Costa,013,1133247,133535,119907,5357,125264,1077
2022-01-06,Del Norte,015,27424,4013,3902,75,3977,43
2022-01-06,El Dorado,017,186661,20313,18599,2151,20750,172
2022-01-06,Fresno,019,978130,163895,155394,15181,170575,2393
2022-01-06,Glenn,021,27897,3867,3732,1155,4887,39
2022-01-06,Humboldt,023,135768,12142,11149,1145,12294,121
2022-01-06,Imperial,025,180216,41707,39429,5638,45067,800
2022-01-06,Inyo,027,18085,3261,3020,74,3094,49
2022-01-06,Kern,029,883053,148945,140410,29822,170232,1921
2022-01-06,Kings,031,150075,36839,35275,2311,37586,390
2022-01-06,Lake,033,64148,7564,7209,275,7484,117
2022-01-06,Lassen,035,31185,7249,7127,460,7587,55
2022-01-06,Los Angeles,037,10098052,2001810,1765787,86585,1852372,27476
2022-01-06,Madera,039,155013,26923,25767,2817,28584,328
2022-01-06,Marin,041,260295,24619,22377,1247,23624,251
2022-01-06,Mariposa,043,17540,1742,1588,70,1658,6
2022-01-06,Mendocino,045,87422,9395,8792,877,9669,101
2022-01-06,Merced,047,269075,48199,46094,2820,48914,703
2022-01-06,Modoc,049,8938,631,610,215,825,6
2022-01-06,Mono,051,14174,2449,2240,59,2299,4
2022-01-06,Monterey,053,433212,56917,51721,4975,56696,644
2022-01-06,Napa,055,140530,17905,15819,397,16216,109
2022-01-06,Nevada,057,99092,11614,10765,465,11230,110
2022-01-06,Orange,059,3164182,419990,375124,28864,403988,5903
2022-01-06,Placer,061,380077,46780,43172,5003,48175,495
2022-01-06,Plumas,063,18699,2164,2053,64,2117,12
2022-01-06,Riverside,065,2383286,458355,422591,20951,443542,5535
2022-01-06,Sacramento,067,1510023,204110,185118,9987,195105,2470
2022-01-06,San Benito,069,59416,9572,9016,254,9270,83
2022-01-06,San Bernardino,071,2135413,451073,411724,16351,428075,6122
2022-01-06,San Diego,073,3302833,540160,472273,32938,505211,4495
2022-01-06,San Francisco,075,870044,85714,73660,4301,77961,690
2022-01-06,San Joaquin,077,732212,121718,112514,6837,119351,1916
2022-01-06,San Luis Obispo,079,281455,37573,34489,1970,36459,369
2022-01-06,San Mateo,081,765935,81568,67918,2712,70630,582
2022-01-06,Santa Barbara,083,443738,59463,54617,2230,56847,575
2022-01-06,Santa Clara,085,1922200,207527,183842,4875,188717,1966
2022-01-06,Santa Cruz,087,273765,28054,24678,1425,26103,230
2022-01-06,Shasta,089,179085,24380,23585,4040,27625,445
2022-01-06,Sierra,091,2930,229,215,25,240,0
2022-01-06,Siskiyou,093,43540,3660,3545,1555,5100,62
2022-01-06,Solano,095,438530,57265,52452,2504,54956,383
2022-01-06,Sonoma,097,501317,55810,50130,1262,51392,411
2022-01-06,Stanislaus,099,539301,90502,87049,10730,97779,1372
2022-01-06,Sutter,101,95872,15820,15261,554,15815,195
2022-01-06,Tehama,103,63373,9502,9109,1744,10853,140
2022-01-06,Trinity,105,12862,944,836,238,1074,19
2022-01-06,Tulare,107,460477,77442,73600,18635,92235,1185
2022-01-06,Tuolumne,109,53932,8820,8360,150,8510,91
2022-01-06,Ventura,111,848112,131589,117229,7035,124264,1216
2022-01-06,Yolo,113,214977,26362,24006,1929,25935,270
2022-01-06,Yuba,115,75493,11885,11277,521,11798,101
2022-01-05,Alameda,001,1643700,164035,144824,5827,150651,1548
2022-01-05,Alpine,003,1148,114,112,0,112,0
2022-01-05,Amador,005,37829,6318,6012,111,6123,70
2022-01-05,Butte,007,227075,24627,23134,4492,27626,343
2022-01-05,Calaveras,009,45235,5072,4758,88,4846,90
2022-01-05,Colusa,011,21464,2759,2704,775,3479,21
2022-01-05,Contra Costa,013,1133247,130524,117188,4908,122096,1071
2022-01-05,Del Norte,015,27424,3992,3862,73,3935,43
2022-01-05,El Dorado,017,186661,19927,18367,2121,20488,171
2022-01-05,Fresno,019,978130,161884,153033,14909,167942,2377
2022-01-05,Glenn,021,27897,3819,3700,1145,4845,39
2022-01-05,Humboldt,023,135768,11938,10938,1097,12035,120
2022-01-05,Imperial,025,180216,41078,38789,5483,44272,800
2022-01-05,Inyo,027,18085,3179,2939,70,3009,49
2022-01-05,Kern,029,883053,147167,138186,29245,167431,1913
2022-01-05,Kings,031,150075,36496,34893,2292,37185,387
2022-01-05,Lake,033,64148,7481,7129,259,7388,117
2022-01-05,Lassen,035,31185,7229,7077,452,7529,55
2022-01-05,Los Angeles,037,10098052,1945532,1729640,84192,1813832,27443
2022-01-05,Madera,039,155013,26683,25392,2725,28117,327
2022-01-05,Marin,041,260295,24273,21829,1195,23024,251
2022-01-05,Mariposa,043,17540,1716,1564,69,1633,6
2022-01-05,Mendocino,045,87422,9264,8625,842,9467,101
2022-01-05,Merced,047,269075,47623,45721,2688,48409,700
2022-01-05,Modoc,049,8938,628,603,215,818,6
2022-01-05,Mono,051,14174,2430,2201,55,2256,4
2022-01-05,Monterey,053,433212,56093,51241,4775,56016,639
2022-01-05,Napa,055,140530,17541,15494,365,15859,108
2022-01-05,Nevada,057,99092,11419,10624,448,11072,110
2022-01-05,Orange,059,3164182,409949,366139,27811,393950,5869
2022-01-05,Placer,061,380077,45903,42456,4907,47363,492
2022-01-05,Plumas,063,18699,2144,2020,62,2082,12
2022-01-05,Riverside,065,2383286,450899,415253,20596,435849,5502
2022-01-05,Sacramento,067,1510023,199329,181488,9000,190488,2455
2022-01-05,San Benito,069,59416,9378,8829,242,9071,83
2022-01-05,San Bernardino,071,2135413,442683,405323,15792,421115,6085
2022-01-05,San Diego,073,3302833,526559,466602,31957,498559,4495
2022-01-05,San Francisco,075,870044,83152,71405,4163,75568,686
2022-01-05,San Joaquin,077,732212,119190,110497,6757,117254,1903
2022-01-05,San Luis Obispo,079,281455,36776,34066,1893,35959,369
2022-01-05,San Mateo,081,765935,79403,66018,2513,68531,578
2022-01-05,Santa Barbara,083,443738,58157,53082,2150,55232,570
2022-01-05,Santa Clara,085,1922200,201772,178629,4457,183086,1961
2022-01-05,Santa Cruz,087,273765,27300,24394,1402,25796,229
2022-01-05,Shasta,089,179085,24224,23361,4011,27372,441
2022-01-05,Sierra,091,2930,226,210,23,233,0
2022-01-05,Siskiyou,093,43540,3650,3513,1526,5039,60
2022-01-05,Solano,095,438530,56219,51505,2368,53873,380
2022-01-05,Sonoma,097,501317,54544,49120,1100,50220,412
2022-01-05,Stanislaus,099,539301,89519,86248,10570,96818,1360
2022-01-05,Sutter,101,95872,15618,15117,514,15631,193
2022-01-05,Tehama,103,63373,9405,9011,1713,10724,140
2022-01-05,Trinity,105,12862,940,822,236,1058,19
2022-01-05,Tulare,107,460477,76660,72718,18459,91177,1173
2022-01-05,Tuolumne,109,53932,8728,8223,143,8366,90
2022-01-05,Ventura,111,848112,128837,114752,6825,121577,1211
2022-01-05,Yolo,113,214977,25750,23401,1885,25286,269
2022-01-05,Yuba,115,75493,11703,11138,495,11633,100
2022-01-04,Alameda,001,1643700,158539,143360,5421,148781,1532
2022-01-04,Alpine,003,1148,114,113,0,113,0
2022-01-04,Amador,005,37829,6250,6025,105,6130,71
2022-01-04,Butte,007,227075,24328,23094,4424,27518,346
2022-01-04,Calaveras,009,45235,4996,4767,85,4852,93
2022-01-04,Colusa,011,21464,2742,2689,768,3457,21
2022-01-04,Contra Costa,013,1133247,127421,116005,4549,120554,1075
2022-01-04,Del Norte,015,27424,3960,3882,70,3952,43
2022-01-04,El Dorado,017,186661,19569,18339,2100,20439,172
2022-01-04,Fresno,019,978130,159730,153244,14656,167900,2380
2022-01-04,Glenn,021,27897,3789,3705,1131,4836,39
2022-01-04,Humboldt,023,135768,11688,10865,1046,11911,120
2022-01-04,Imperial,025,180216,40477,38596,5221,43817,800
2022-01-04,Inyo,027,18085,3096,2870,69,2939,49
2022-01-04,Kern,029,883053,145235,138245,28657,166902,1916
2022-01-04,Kings,031,150075,36174,34931,2276,37207,388
2022-01-04,Lake,033,64148,7440,7152,249,7401,117
2022-01-04,Lassen,035,31185,7206,7111,448,7559,55
2022-01-04,Los Angeles,037,10098052,1885590,1705253,81847,1787100,27419
2022-01-04,Madera,039,155013,26339,25425,2657,28082,328
2022-01-04,Marin,041,260295,23792,21675,1135,22810,251
2022-01-04,Mariposa,043,17540,1680,1564,68,1632,6
2022-01-04,Mendocino,045,87422,9141,8636,818,9454,101
2022-01-04,Merced,047,269075,47012,45583,2557,48140,700
2022-01-04,Modoc,049,8938,625,611,215,826,6
2022-01-04,Mono,051,14174,2381,2190,45,2235,4
2022-01-04,Monterey,053,433212,55359,51176,4551,55727,643
2022-01-04,Napa,055,140530,17037,15370,335,15705,107
2022-01-04,Nevada,057,99092,11261,10608,436,11044,110
2022-01-04,Orange,059,3164182,399196,362051,26670,388721,5897
2022-01-04,Placer,061,380077,45067,42285,4789,47074,494
2022-01-04,Plumas,063,18699,2118,2014,60,2074,12
2022-01-04,Riverside,065,2383286,442366,413366,20245,433611,5504
2022-01-04,Sacramento,067,1510023,194353,181271,8243,189514,2453
2022-01-04,San Benito,069,59416,9191,8763,234,8997,79
2022-01-04,San Bernardino,071,2135413,433844,404409,15255,419664,6060
2022-01-04,San Diego,073,3302833,510198,458499,30990,489489,4487
2022-01-04,San Francisco,075,870044,80304,70666,4017,74683,688
2022-01-04,San Joaquin,077,732212,116775,110374,6603,116977,1911
2022-01-04,San Luis Obispo,079,281455,35968,33788,1805,35593,371
2022-01-04,San Mateo,081,765935,77095,65157,2323,67480,582
2022-01-04,Santa Barbara,083,443738,56633,52449,2072,54521,574
2022-01-04,Santa Clara,085,1922200,195806,176854,3989,180843,1964
2022-01-04,Santa Cruz,087,273765,26538,23904,1366,25270,228
2022-01-04,Shasta,089,179085,24079,23366,3957,27323,442
2022-01-04,Sierra,091,2930,225,214,22,236,0
2022-01-04,Siskiyou,093,43540,3634,3509,1507,5016,61
2022-01-04,Solano,095,438530,54914,51300,2171,53471,383
2022-01-04,Sonoma,097,501317,52834,48653,977,49630,410
2022-01-04,Stanislaus,099,539301,88459,86107,10406,96513,1361
2022-01-04,Sutter,101,95872,15465,15032,490,15522,193
2022-01-04,Tehama,103,63373,9326,9020,1690,10710,140
2022-01-04,Trinity,105,12862,935,833,232,1065,18
2022-01-04,Tulare,107,460477,75869,72893,18253,91146,1172
2022-01-04,Tuolumne,109,53932,8618,8235,138,8373,91
2022-01-04,Ventura,111,848112,125771,114079,6589,120668,1213
2022-01-04,Yolo,113,214977,25100,22938,1840,24778,270
2022-01-04,Yuba,115,75493,11523,11104,480,11584,101
2022-01-03,Alameda,001,1643700,152594,142090,4984,147074,1529
2022-01-03,Alpine,003,1148,113,113,0,113,0
2022-01-03,Amador,005,37829,6188,6004,100,6104,71
2022-01-03,Butte,007,227075,24036,22924,4370,27294,345
2022-01-03,Calaveras,009,45235,4937,4742,80,4822,93
2022-01-03,Colusa,011,21464,2733,2683,761,3444,21
2022-01-03,Contra Costa,013,1133247,124122,114966,3961,118927,1073
2022-01-03,Del Norte,015,27424,3940,3873,66,3939,43
2022-01-03,El Dorado,017,186661,19176,18183,2073,20256,172
2022-01-03,Fresno,019,978130,157748,152674,14457,167131,2379
2022-01-03,Glenn,021,27897,3760,3703,1096,4799,39
2022-01-03,Humboldt,023,135768,11480,10784,998,11782,119
2022-01-03,Imperial,025,180216,39845,38411,5040,43451,800
2022-01-03,Inyo,027,18085,3027,2845,65,2910,49
2022-01-03,Kern,029,883053,143240,137773,28060,165833,1916
2022-01-03,Kings,031,150075,35851,34817,2247,37064,387
2022-01-03,Lake,033,64148,7338,7134,231,7365,117
2022-01-03,Lassen,035,31185,7188,7103,445,7548,55
2022-01-03,Los Angeles,037,10098052,1824805,1686203,79086,1765289,27394
2022-01-03,Madera,039,155013,26046,25323,2613,27936,320
2022-01-03,Marin,041,260295,23199,21532,1096,22628,251
2022-01-03,Mariposa,043,17540,1638,1559,68,1627,6
2022-01-03,Mendocino,045,87422,8993,8573,768,9341,101
2022-01-03,Merced,047,269075,46417,45459,2449,47908,696
2022-01-03,Modoc,049,8938,622,602,215,817,6
2022-01-03,Mono,051,14174,2303,2172,40,2212,4
2022-01-03,Monterey,053,433212,54531,51047,4344,55391,644
2022-01-03,Napa,055,140530,16529,15260,302,15562,107
2022-01-03,Nevada,057,99092,11096,10572,427,10999,110
2022-01-03,Orange,059,3164182,388023,358052,25476,383528,5894
2022-01-03,Placer,061,380077,44244,42054,4725,46779,489
2022-01-03,Plumas,063,18699,2098,2005,60,2065,12
2022-01-03,Riverside,065,2383286,433887,410155,19748,429903,5504
2022-01-03,Sacramento,067,1510023,189191,179992,7676,187668,2452
2022-01-03,San Benito,069,59416,9028,8688,227,8915,79
2022-01-03,San Bernardino,071,2135413,425280,401938,14793,416731,6056
2022-01-03,San Diego,073,3302833,494078,451154,30027,481181,4476
2022-01-03,San Francisco,075,870044,77497,69315,3766,73081,686
2022-01-03,San Joaquin,077,732212,114459,109757,6467,116224,1903
2022-01-03,San Luis Obispo,079,281455,35158,33667,1712,35379,367
2022-01-03,San Mateo,081,765935,74384,64470,2166,66636,582
2022-01-03,Santa Barbara,083,443738,55172,51912,1977,53889,571
2022-01-03,Santa Clara,085,1922200,189869,174215,3512,177727,1963
2022-01-03,Santa Cruz,087,273765,25730,23765,1333,25098,228
2022-01-03,Shasta,089,179085,23901,23301,3930,27231,440
2022-01-03,Sierra,091,2930,218,213,21,234,0
2022-01-03,Siskiyou,093,43540,3608,3500,1485,4985,61
2022-01-03,Solano,095,438530,53615,51030,1979,53009,380
2022-01-03,Sonoma,097,501317,51134,48391,879,49270,410
2022-01-03,Stanislaus,099,539301,87467,85793,10229,96022,1332
2022-01-03,Sutter,101,95872,15308,14973,469,15442,193
2022-01-03,Tehama,103,63373,9251,9005,1664,10669,140
2022-01-03,Trinity,105,12862,930,833,231,1064,18
2022-01-03,Tulare,107,460477,75170,72664,18030,90694,1167
2022-01-03,Tuolumne,109,53932,8482,8179,134,8313,91
2022-01-03,Ventura,111,848112,122598,112762,6346,119108,1211
2022-01-03,Yolo,113,214977,24418,22563,1777,24340,270
2022-01-03,Yuba,115,75493,11390,11037,461,11498,99
2022-01-02,Alameda,001,1643700,148180,133486,4504,137990,1528
2022-01-02,Alpine,003,1148,111,113,0,113,0
2022-01-02,Amador,005,37829,6120,5913,95,6008,70
2022-01-02,Butte,007,227075,23698,22469,4310,26779,341
2022-01-02,Calaveras,009,45235,4868,4668,72,4740,93
2022-01-02,Colusa,011,21464,2727,2659,750,3409,21
2022-01-02,Contra Costa,013,1133247,120565,109593,3521,113114,1073
2022-01-02,Del Norte,015,27424,3908,3841,64,3905,43
2022-01-02,El Dorado,017,186661,18839,17621,2021,19642,172
2022-01-02,Fresno,019,978130,156029,149927,14226,164153,2379
2022-01-02,Glenn,021,27897,3741,3663,1087,4750,39
2022-01-02,Humboldt,023,135768,11237,10381,920,11301,119
2022-01-02,Imperial,025,180216,39189,37672,4829,42501,800
2022-01-02,Inyo,027,18085,2958,2726,54,2780,49
2022-01-02,Kern,029,883053,141320,136123,27461,163584,1917
2022-01-02,Kings,031,150075,35527,34318,2212,36530,386
2022-01-02,Lake,033,64148,7267,7060,217,7277,117
2022-01-02,Lassen,035,31185,7172,7089,443,7532,55
2022-01-02,Los Angeles,037,10098052,1773660,1596123,76200,1672323,27371
2022-01-02,Madera,039,155013,25793,25002,2554,27556,320
2022-01-02,Marin,041,260295,22635,20475,1025,21500,249
2022-01-02,Mariposa,043,17540,1607,1509,66,1575,6
2022-01-02,Mendocino,045,87422,8869,8422,750,9172,101
2022-01-02,Merced,047,269075,45878,44769,2353,47122,694
2022-01-02,Modoc,049,8938,620,601,214,815,6
2022-01-02,Mono,051,14174,2274,2101,35,2136,4
2022-01-02,Monterey,053,433212,53906,50251,4133,54384,643
2022-01-02,Napa,055,140530,15987,14439,291,14730,107
2022-01-02,Nevada,057,99092,10907,10299,411,10710,110
2022-01-02,Orange,059,3164182,377013,339526,24323,363849,5890
2022-01-02,Placer,061,380077,43519,40857,4638,45495,489
2022-01-02,Plumas,063,18699,2083,1994,56,2050,12
2022-01-02,Riverside,065,2383286,425544,397124,19228,416352,5501
2022-01-02,Sacramento,067,1510023,185106,173562,6815,180377,2448
2022-01-02,San Benito,069,59416,8846,8320,212,8532,79
2022-01-02,San Bernardino,071,2135413,417453,386278,14232,400510,6051
2022-01-02,San Diego,073,3302833,479044,427087,28848,455935,4469
2022-01-02,San Francisco,075,870044,74558,64498,3526,68024,682
2022-01-02,San Joaquin,077,732212,112582,106640,6318,112958,1902
2022-01-02,San Luis Obispo,079,281455,34423,32342,1629,33971,365
2022-01-02,San Mateo,081,765935,71813,60504,1924,62428,581
2022-01-02,Santa Barbara,083,443738,53738,49555,1914,51469,568
2022-01-02,Santa Clara,085,1922200,183722,164547,3111,167658,1969
2022-01-02,Santa Cruz,087,273765,25060,22980,1300,24280,228
2022-01-02,Shasta,089,179085,23708,23161,3881,27042,435
2022-01-02,Sierra,091,2930,217,206,21,227,0
2022-01-02,Siskiyou,093,43540,3583,3474,1462,4936,61
2022-01-02,Solano,095,438530,52674,48957,1814,50771,379
2022-01-02,Sonoma,097,501317,49815,46040,842,46882,410
2022-01-02,Stanislaus,099,539301,86613,84367,10095,94462,1332
2022-01-02,Sutter,101,95872,15135,14741,450,15191,193
2022-01-02,Tehama,103,63373,9188,8944,1641,10585,139
2022-01-02,Trinity,105,12862,928,832,230,1062,17
2022-01-02,Tulare,107,460477,74510,71941,17837,89778,1160
2022-01-02,Tuolumne,109,53932,8376,8044,129,8173,91
2022-01-02,Ventura,111,848112,119674,107992,6123,114115,1211
2022-01-02,Yolo,113,214977,23743,21747,1707,23454,270
2022-01-02,Yuba,115,75493,11265,10844,444,11288,99
2022-01-01,Alameda,001,1643700,146370,133486,4253,137739,1528
2022-01-01,Alpine,003,1148,111,113,0,113,0
2022-01-01,Amador,005,37829,6084,5913,90,6003,70
2022-01-01,Butte,007,227075,23502,22469,4276,26745,341
2022-01-01,Calaveras,009,45235,4831,4668,70,4738,93
2022-01-01,Colusa,011,21464,2723,2659,739,3398,21
2022-01-01,Contra Costa,013,1133247,119203,109593,3393,112986,1073
2022-01-01,Del Norte,015,27424,3902,3841,64,3905,43
2022-01-01,El Dorado,017,186661,18691,17621,2006,19627,172
2022-01-01,Fresno,019,978130,155365,149927,14148,164075,2379
2022-01-01,Glenn,021,27897,3734,3663,1087,4750,39
2022-01-01,Humboldt,023,135768,11100,10381,899,11280,119
2022-01-01,Imperial,025,180216,39041,37672,4781,42453,800
2022-01-01,Inyo,027,18085,2929,2726,52,2778,49
2022-01-01,Kern,029,883053,140620,136123,27151,163274,1917
2022-01-01,Kings,031,150075,35386,34318,2185,36503,386
2022-01-01,Lake,033,64148,7229,7060,212,7272,117
2022-01-01,Lassen,035,31185,7166,7089,438,7527,55
2022-01-01,Los Angeles,037,10098052,1753546,1596123,74238,1670361,27371
2022-01-01,Madera,039,155013,25709,25002,2540,27542,320
2022-01-01,Marin,041,260295,22322,20475,984,21459,249
2022-01-01,Mariposa,043,17540,1596,1509,66,1575,6
2022-01-01,Mendocino,045,87422,8777,8422,744,9166,101
2022-01-01,Merced,047,269075,45745,44769,2342,47111,694
2022-01-01,Modoc,049,8938,617,601,214,815,6
2022-01-01,Mono,051,14174,2250,2101,30,2131,4
2022-01-01,Monterey,053,433212,53596,50251,4046,54297,643
2022-01-01,Napa,055,140530,15837,14439,276,14715,107
2022-01-01,Nevada,057,99092,10832,10299,404,10703,110
2022-01-01,Orange,059,3164182,372792,339526,23613,363139,5890
2022-01-01,Placer,061,380077,43216,40857,4573,45430,489
2022-01-01,Plumas,063,18699,2071,1994,56,2050,12
2022-01-01,Riverside,065,2383286,422053,397124,19024,416148,5501
2022-01-01,Sacramento,067,1510023,183834,173562,6547,180109,2448
2022-01-01,San Benito,069,59416,8756,8320,212,8532,79
2022-01-01,San Bernardino,071,2135413,414279,386278,13942,400220,6051
2022-01-01,San Diego,073,3302833,473109,427087,28329,455416,4469
2022-01-01,San Francisco,075,870044,73160,64498,3314,67812,682
2022-01-01,San Joaquin,077,732212,111877,106640,6244,112884,1902
2022-01-01,San Luis Obispo,079,281455,34221,32342,1619,33961,365
2022-01-01,San Mateo,081,765935,70346,60504,1773,62277,581
2022-01-01,Santa Barbara,083,443738,52998,49555,1878,51433,568
2022-01-01,Santa Clara,085,1922200,180686,164547,2913,167460,1969
2022-01-01,Santa Cruz,087,273765,24740,22980,1282,24262,228
2022-01-01,Shasta,089,179085,23624,23161,3863,27024,435
2022-01-01,Sierra,091,2930,216,206,21,227,0
2022-01-01,Siskiyou,093,43540,3580,3474,1452,4926,61
2022-01-01,Solano,095,438530,52407,48957,1756,50713,379
2022-01-01,Sonoma,097,501317,49421,46040,810,46850,410
2022-01-01,Stanislaus,099,539301,86206,84367,10018,94385,1332
2022-01-01,Sutter,101,95872,15058,14741,448,15189,193
2022-01-01,Tehama,103,63373,9155,8944,1629,10573,139
2022-01-01,Trinity,105,12862,925,832,230,1062,17
2022-01-01,Tulare,107,460477,74265,71941,17732,89673,1160
2022-01-01,Tuolumne,109,53932,8316,8044,126,8170,91
2022-01-01,Ventura,111,848112,118287,107992,5993,113985,1211
2022-01-01,Yolo,113,214977,23322,21747,1667,23414,270
2022-01-01,Yuba,115,75493,11199,10844,438,11282,99
2021-12-31,Alameda,001,1643700,145623,133486,4158,137644,1528
2021-12-31,Alpine,003,1148,111,113,0,113,0
2021-12-31,Amador,005,37829,6060,5913,89,6002,70
2021-12-31,Butte,007,227075,23397,22469,4244,26713,341
2021-12-31,Calaveras,009,45235,4798,4668,70,4738,93
2021-12-31,Colusa,011,21464,2714,2659,733,3392,21
2021-12-31,Contra Costa,013,1133247,118324,109593,3314,112907,1073
2021-12-31,Del Norte,015,27424,3893,3841,62,3903,43
2021-12-31,El Dorado,017,186661,18610,17621,1988,19609,172
2021-12-31,Fresno,019,978130,155060,149927,14126,164053,2379
2021-12-31,Glenn,021,27897,3733,3663,1085,4748,39
2021-12-31,Humboldt,023,135768,11013,10381,880,11261,119
2021-12-31,Imperial,025,180216,38910,37672,4765,42437,800
2021-12-31,Inyo,027,18085,2902,2726,52,2778,49
2021-12-31,Kern,029,883053,140115,136123,27012,163135,1917
2021-12-31,Kings,031,150075,35276,34318,2175,36493,386
2021-12-31,Lake,033,64148,7206,7060,207,7267,117
2021-12-31,Lassen,035,31185,7152,7089,438,7527,55
2021-12-31,Los Angeles,037,10098052,1742781,1596123,73481,1669604,27371
2021-12-31,Madera,039,155013,25640,25002,2523,27525,320
2021-12-31,Marin,041,260295,22166,20475,953,21428,249
2021-12-31,Mariposa,043,17540,1589,1509,65,1574,6
2021-12-31,Mendocino,045,87422,8744,8422,741,9163,101
2021-12-31,Merced,047,269075,45661,44769,2324,47093,694
2021-12-31,Modoc,049,8938,613,601,212,813,6
2021-12-31,Mono,051,14174,2238,2101,29,2130,4
2021-12-31,Monterey,053,433212,53470,50251,3980,54231,643
2021-12-31,Napa,055,140530,15725,14439,266,14705,107
2021-12-31,Nevada,057,99092,10765,10299,398,10697,110
2021-12-31,Orange,059,3164182,370283,339526,23189,362715,5890
2021-12-31,Placer,061,380077,42982,40857,4507,45364,489
2021-12-31,Plumas,063,18699,2066,1994,56,2050,12
2021-12-31,Riverside,065,2383286,420364,397124,18868,415992,5501
2021-12-31,Sacramento,067,1510023,182970,173562,6441,180003,2448
2021-12-31,San Benito,069,59416,8742,8320,211,8531,79
2021-12-31,San Bernardino,071,2135413,412042,386278,13750,400028,6051
2021-12-31,San Diego,073,3302833,469894,427087,28011,455098,4469
2021-12-31,San Francisco,075,870044,72237,64498,3258,67756,682
2021-12-31,San Joaquin,077,732212,111250,106640,6178,112818,1902
2021-12-31,San Luis Obispo,079,281455,34113,32342,1606,33948,365
2021-12-31,San Mateo,081,765935,69468,60504,1719,62223,581
2021-12-31,Santa Barbara,083,443738,52599,49555,1864,51419,568
2021-12-31,Santa Clara,085,1922200,178733,164547,2771,167318,1969
2021-12-31,Santa Cruz,087,273765,24502,22980,1260,24240,228
2021-12-31,Shasta,089,179085,23561,23161,3842,27003,435
2021-12-31,Sierra,091,2930,216,206,21,227,0
2021-12-31,Siskiyou,093,43540,3573,3474,1441,4915,61
2021-12-31,Solano,095,438530,52249,48957,1730,50687,379
2021-12-31,Sonoma,097,501317,49168,46040,797,46837,410
2021-12-31,Stanislaus,099,539301,85878,84367,9965,94332,1332
2021-12-31,Sutter,101,95872,14997,14741,442,15183,193
2021-12-31,Tehama,103,63373,9123,8944,1620,10564,139
2021-12-31,Trinity,105,12862,924,832,230,1062,17
2021-12-31,Tulare,107,460477,74060,71941,17644,89585,1160
2021-12-31,Tuolumne,109,53932,8272,8044,125,8169,91
2021-12-31,Ventura,111,848112,117313,107992,5911,113903,1211
2021-12-31,Yolo,113,214977,23101,21747,1644,23391,270
2021-12-31,Yuba,115,75493,11142,10844,432,11276,99
2021-12-30,Alameda,001,1643700,144351,133486,4028,137514,1528
2021-12-30,Alpine,003,1148,110,113,0,113,0
2021-12-30,Amador,005,37829,6041,5913,88,6001,70
2021-12-30,Butte,007,227075,23267,22469,4220,26689,341
2021-12-30,Calaveras,009,45235,4779,4668,70,4738,93
2021-12-30,Colusa,011,21464,2713,2659,731,3390,21
2021-12-30,Contra Costa,013,1133247,117233,109593,3203,112796,1073
2021-12-30,Del Norte,015,27424,3882,3841,61,3902,43
2021-12-30,El Dorado,017,186661,18505,17621,1967,19588,172
2021-12-30,Fresno,019,978130,154532,149927,14051,163978,2379
2021-12-30,Glenn,021,27897,3728,3663,1082,4745,39
2021-12-30,Humboldt,023,135768,10944,10381,868,11249,119
2021-12-30,Imperial,025,180216,38742,37672,4651,42323,800
2021-12-30,Inyo,027,18085,2883,2726,50,2776,49
2021-12-30,Kern,029,883053,139581,136123,26711,162834,1917
2021-12-30,Kings,031,150075,35158,34318,2160,36478,386
2021-12-30,Lake,033,64148,7191,7060,202,7262,117
2021-12-30,Lassen,035,31185,7146,7089,438,7527,55
2021-12-30,Los Angeles,037,10098052,1719467,1596123,72223,1668346,27371
2021-12-30,Madera,039,155013,25562,25002,2503,27505,320
2021-12-30,Marin,041,260295,21988,20475,929,21404,249
2021-12-30,Mariposa,043,17540,1583,1509,65,1574,6
2021-12-30,Mendocino,045,87422,8727,8422,730,9152,101
2021-12-30,Merced,047,269075,45559,44769,2309,47078,694
2021-12-30,Modoc,049,8938,612,601,212,813,6
2021-12-30,Mono,051,14174,2233,2101,28,2129,4
2021-12-30,Monterey,053,433212,53158,50251,3919,54170,643
2021-12-30,Napa,055,140530,15581,14439,257,14696,107
2021-12-30,Nevada,057,99092,10701,10299,389,10688,110
2021-12-30,Orange,059,3164182,365194,339526,22632,362158,5890
2021-12-30,Placer,061,380077,42706,40857,4459,45316,489
2021-12-30,Plumas,063,18699,2062,1994,55,2049,12
2021-12-30,Riverside,065,2383286,417090,397124,18712,415836,5501
2021-12-30,Sacramento,067,1510023,181712,173562,6293,179855,2448
2021-12-30,San Benito,069,59416,8696,8320,208,8528,79
2021-12-30,San Bernardino,071,2135413,409496,386278,13602,399880,6051
2021-12-30,San Diego,073,3302833,464752,427087,27500,454587,4469
2021-12-30,San Francisco,075,870044,71149,64498,3185,67683,682
2021-12-30,San Joaquin,077,732212,110656,106640,6133,112773,1902
2021-12-30,San Luis Obispo,079,281455,33994,32342,1592,33934,365
2021-12-30,San Mateo,081,765935,68423,60504,1588,62092,581
2021-12-30,Santa Barbara,083,443738,52121,49555,1844,51399,568
2021-12-30,Santa Clara,085,1922200,176456,164547,2647,167194,1969
2021-12-30,Santa Cruz,087,273765,24264,22980,1225,24205,228
2021-12-30,Shasta,089,179085,23508,23161,3836,26997,435
2021-12-30,Sierra,091,2930,216,206,21,227,0
2021-12-30,Siskiyou,093,43540,3564,3474,1439,4913,61
2021-12-30,Solano,095,438530,51900,48957,1683,50640,379
2021-12-30,Sonoma,097,501317,48831,46040,787,46827,410
2021-12-30,Stanislaus,099,539301,85564,84367,9910,94277,1332
2021-12-30,Sutter,101,95872,14935,14741,441,15182,193
2021-12-30,Tehama,103,63373,9095,8944,1614,10558,139
2021-12-30,Trinity,105,12862,921,832,230,1062,17
2021-12-30,Tulare,107,460477,73878,71941,17561,89502,1160
2021-12-30,Tuolumne,109,53932,8233,8044,124,8168,91
2021-12-30,Ventura,111,848112,116054,107992,5808,113800,1211
2021-12-30,Yolo,113,214977,22963,21747,1619,23366,270
2021-12-30,Yuba,115,75493,11095,10844,430,11274,99
2021-12-29,Alameda,001,1643700,141175,131586,3873,135459,1529
2021-12-29,Alpine,003,1148,110,113,0,113,0
2021-12-29,Amador,005,37829,6018,5905,85,5990,70
2021-12-29,Butte,007,227075,23127,22353,4182,26535,338
2021-12-29,Calaveras,009,45235,4751,4646,68,4714,93
2021-12-29,Colusa,011,21464,2703,2657,726,3383,21
2021-12-29,Contra Costa,013,1133247,115137,108165,3077,111242,1072
2021-12-29,Del Norte,015,27424,3868,3826,59,3885,43
2021-12-29,El Dorado,017,186661,18281,17489,1949,19438,172
2021-12-29,Fresno,019,978130,153402,149318,13936,163254,2364
2021-12-29,Glenn,021,27897,3718,3653,1080,4733,39
2021-12-29,Humboldt,023,135768,10835,10249,846,11095,119
2021-12-29,Imperial,025,180216,38506,37460,4583,42043,800
2021-12-29,Inyo,027,18085,2850,2703,50,2753,49
2021-12-29,Kern,029,883053,138778,135648,26322,161970,1913
2021-12-29,Kings,031,150075,35043,34216,2154,36370,386
2021-12-29,Lake,033,64148,7160,7048,200,7248,117
2021-12-29,Lassen,035,31185,7142,7085,437,7522,55
2021-12-29,Los Angeles,037,10098052,1689477,1576414,70499,1646913,27349
2021-12-29,Madera,039,155013,25458,24923,2492,27415,320
2021-12-29,Marin,041,260295,21632,20025,908,20933,249
2021-12-29,Mariposa,043,17540,1561,1507,65,1572,6
2021-12-29,Mendocino,045,87422,8668,8386,726,9112,99
2021-12-29,Merced,047,269075,45343,44548,2295,46843,693
2021-12-29,Modoc,049,8938,609,600,212,812,6
2021-12-29,Mono,051,14174,2209,2056,27,2083,4
2021-12-29,Monterey,053,433212,52747,50097,3814,53911,641
2021-12-29,Napa,055,140530,15257,14247,238,14485,107
2021-12-29,Nevada,057,99092,10609,10274,388,10662,110
2021-12-29,Orange,059,3164182,357657,334557,21954,356511,5887
2021-12-29,Placer,061,380077,42218,40545,4384,44929,489
2021-12-29,Plumas,063,18699,2050,1990,55,2045,12
2021-12-29,Riverside,065,2383286,411668,392989,18501,411490,5486
2021-12-29,Sacramento,067,1510023,179381,172145,6128,178273,2437
2021-12-29,San Benito,069,59416,8553,8239,207,8446,79
2021-12-29,San Bernardino,071,2135413,404116,382872,13389,396261,6049
2021-12-29,San Diego,073,3302833,453926,421045,26782,447827,4461
2021-12-29,San Francisco,075,870044,69451,63117,3113,66230,684
2021-12-29,San Joaquin,077,732212,109474,106063,6058,112121,1891
2021-12-29,San Luis Obispo,079,281455,33600,31936,1543,33479,365
2021-12-29,San Mateo,081,765935,66794,59478,1478,60956,581
2021-12-29,Santa Barbara,083,443738,51280,49003,1819,50822,568
2021-12-29,Santa Clara,085,1922200,173303,162008,2514,164522,1962
2021-12-29,Santa Cruz,087,273765,23985,22669,1193,23862,228
2021-12-29,Shasta,089,179085,23433,23083,3824,26907,435
2021-12-29,Sierra,091,2930,215,206,21,227,0
2021-12-29,Siskiyou,093,43540,3552,3472,1428,4900,61
2021-12-29,Solano,095,438530,51195,48562,1627,50189,379
2021-12-29,Sonoma,097,501317,48029,45479,763,46242,410
2021-12-29,Stanislaus,099,539301,85082,84083,9853,93936,1332
2021-12-29,Sutter,101,95872,14866,14688,439,15127,193
2021-12-29,Tehama,103,63373,9070,8914,1601,10515,138
2021-12-29,Trinity,105,12862,919,832,230,1062,17
2021-12-29,Tulare,107,460477,73588,71752,17444,89196,1160
2021-12-29,Tuolumne,109,53932,8180,8012,123,8135,91
2021-12-29,Ventura,111,848112,114112,106974,5628,112602,1207
2021-12-29,Yolo,113,214977,22724,21564,1588,23152,270
2021-12-29,Yuba,115,75493,11034,10808,426,11234,99
2021-12-28,Alameda,001,1643700,138076,130427,3714,134141,1522
2021-12-28,Alpine,003,1148,110,113,0,113,0
2021-12-28,Amador,005,37829,5998,5900,84,5984,70
2021-12-28,Butte,007,227075,22984,22285,4165,26450,338
2021-12-28,Calaveras,009,45235,4734,4641,67,4708,91
2021-12-28,Colusa,011,21464,2697,2653,724,3377,21
2021-12-28,Contra Costa,013,1133247,112834,107160,2959,110119,1072
2021-12-28,Del Norte,015,27424,3862,3815,59,3874,43
2021-12-28,El Dorado,017,186661,18056,17419,1938,19357,172
2021-12-28,Fresno,019,978130,152322,148987,13852,162839,2365
2021-12-28,Glenn,021,27897,3692,3639,1076,4715,39
2021-12-28,Humboldt,023,135768,10714,10198,822,11020,119
2021-12-28,Imperial,025,180216,38209,37223,4479,41702,800
2021-12-28,Inyo,027,18085,2792,2676,49,2725,48
2021-12-28,Kern,029,883053,138057,135346,25967,161313,1909
2021-12-28,Kings,031,150075,34907,34165,2139,36304,386
2021-12-28,Lake,033,64148,7141,7044,194,7238,116
2021-12-28,Lassen,035,31185,7133,7083,437,7520,55
2021-12-28,Los Angeles,037,10098052,1657250,1561791,68834,1630625,27323
2021-12-28,Madera,039,155013,25332,24865,2472,27337,320
2021-12-28,Marin,041,260295,21221,19739,878,20617,249
2021-12-28,Mariposa,043,17540,1550,1499,64,1563,6
2021-12-28,Mendocino,045,87422,8608,8366,718,9084,98
2021-12-28,Merced,047,269075,45103,44434,2285,46719,691
2021-12-28,Modoc,049,8938,609,599,211,810,6
2021-12-28,Mono,051,14174,2186,2045,25,2070,4
2021-12-28,Monterey,053,433212,52371,49973,3741,53714,639
2021-12-28,Napa,055,140530,14940,14131,211,14342,107
2021-12-28,Nevada,057,99092,10518,10250,385,10635,110
2021-12-28,Orange,059,3164182,349988,331279,21213,352492,5882
2021-12-28,Placer,061,380077,41751,40410,4314,44724,489
2021-12-28,Plumas,063,18699,2047,1989,55,2044,12
2021-12-28,Riverside,065,2383286,406425,390343,18254,408597,5470
2021-12-28,Sacramento,067,1510023,177095,171290,5995,177285,2426
2021-12-28,San Benito,069,59416,8410,8170,205,8375,79
2021-12-28,San Bernardino,071,2135413,398474,381316,13175,394491,6047
2021-12-28,San Diego,073,3302833,443241,417383,26224,443607,4450
2021-12-28,San Francisco,075,870044,67834,61745,3054,64799,682
2021-12-28,San Joaquin,077,732212,108420,105572,6013,111585,1884
2021-12-28,San Luis Obispo,079,281455,33140,31759,1527,33286,365
2021-12-28,San Mateo,081,765935,65281,58712,1389,60101,582
2021-12-28,Santa Barbara,083,443738,50635,48493,1799,50292,568
2021-12-28,Santa Clara,085,1922200,170168,160811,2418,163229,1962
2021-12-28,Santa Cruz,087,273765,23611,22513,1154,23667,228
2021-12-28,Shasta,089,179085,23363,23035,3819,26854,434
2021-12-28,Sierra,091,2930,212,206,21,227,0
2021-12-28,Siskiyou,093,43540,3543,3468,1423,4891,60
2021-12-28,Solano,095,438530,50280,48318,1573,49891,378
2021-12-28,Sonoma,097,501317,47169,45086,737,45823,410
2021-12-28,Stanislaus,099,539301,84602,83946,9791,93737,1331
2021-12-28,Sutter,101,95872,14817,14662,436,15098,193
2021-12-28,Tehama,103,63373,9053,8893,1599,10492,138
2021-12-28,Trinity,105,12862,917,831,229,1060,17
2021-12-28,Tulare,107,460477,73308,71630,17319,88949,1156
2021-12-28,Tuolumne,109,53932,8137,8006,123,8129,91
2021-12-28,Ventura,111,848112,112002,105883,5497,111380,1207
2021-12-28,Yolo,113,214977,22387,21320,1536,22856,270
2021-12-28,Yuba,115,75493,10978,10778,423,11201,99
2021-12-27,Alameda,001,1643700,135494,129910,3576,133486,1530
2021-12-27,Alpine,003,1148,110,113,0,113,0
2021-12-27,Amador,005,37829,5970,5891,84,5975,70
2021-12-27,Butte,007,227075,22848,22234,4142,26376,335
2021-12-27,Calaveras,009,45235,4709,4630,66,4696,91
2021-12-27,Colusa,011,21464,2686,2652,718,3370,21
2021-12-27,Contra Costa,013,1133247,110672,106692,2878,109570,1071
2021-12-27,Del Norte,015,27424,3853,3802,58,3860,43
2021-12-27,El Dorado,017,186661,17897,17361,1925,19286,172
2021-12-27,Fresno,019,978130,151361,148826,13771,162597,2364
2021-12-27,Glenn,021,27897,3684,3634,1070,4704,39
2021-12-27,Humboldt,023,135768,10601,10164,800,10964,119
2021-12-27,Imperial,025,180216,37968,37180,4381,41561,800
2021-12-27,Inyo,027,18085,2763,2662,47,2709,48
2021-12-27,Kern,029,883053,137406,135119,25663,160782,1907
2021-12-27,Kings,031,150075,34758,34126,2126,36252,382
2021-12-27,Lake,033,64148,7118,7037,184,7221,116
2021-12-27,Lassen,035,31185,7127,7080,437,7517,55
2021-12-27,Los Angeles,037,10098052,1620924,1554074,67079,1621153,27300
2021-12-27,Madera,039,155013,25212,24840,2453,27293,320
2021-12-27,Marin,041,260295,20831,19601,851,20452,249
2021-12-27,Mariposa,043,17540,1535,1495,64,1559,6
2021-12-27,Mendocino,045,87422,8541,8351,713,9064,98
2021-12-27,Merced,047,269075,44873,44383,2268,46651,690
2021-12-27,Modoc,049,8938,607,599,211,810,6
2021-12-27,Mono,051,14174,2123,2026,25,2051,4
2021-12-27,Monterey,053,433212,52070,49918,3690,53608,639
2021-12-27,Napa,055,140530,14670,14083,202,14285,107
2021-12-27,Nevada,057,99092,10449,10239,377,10616,110
2021-12-27,Orange,059,3164182,342511,329222,20404,349626,5875
2021-12-27,Placer,061,380077,41374,40263,4265,44528,489
2021-12-27,Plumas,063,18699,2045,1988,53,2041,12
2021-12-27,Riverside,065,2383286,401837,389096,17995,407091,5470
2021-12-27,Sacramento,067,1510023,175067,170858,5823,176681,2422
2021-12-27,San Benito,069,59416,8292,8133,201,8334,79
2021-12-27,San Bernardino,071,2135413,392696,380526,12974,393500,6047
2021-12-27,San Diego,073,3302833,433044,414968,25734,440702,4445
2021-12-27,San Francisco,075,870044,66092,60920,2988,63908,682
2021-12-27,San Joaquin,077,732212,107500,105413,5949,111362,1876
2021-12-27,San Luis Obispo,079,281455,32698,31671,1505,33176,365
2021-12-27,San Mateo,081,765935,63756,58397,1289,59686,581
2021-12-27,Santa Barbara,083,443738,49849,48209,1778,49987,568
2021-12-27,Santa Clara,085,1922200,167197,159904,2291,162195,1961
2021-12-27,Santa Cruz,087,273765,23322,22456,1136,23592,228
2021-12-27,Shasta,089,179085,23301,23015,3808,26823,432
2021-12-27,Sierra,091,2930,212,206,21,227,0
2021-12-27,Siskiyou,093,43540,3534,3466,1418,4884,60
2021-12-27,Solano,095,438530,49547,48172,1525,49697,378
2021-12-27,Sonoma,097,501317,46593,44990,718,45708,410
2021-12-27,Stanislaus,099,539301,84153,83833,9750,93583,1331
2021-12-27,Sutter,101,95872,14761,14642,431,15073,191
2021-12-27,Tehama,103,63373,9038,8887,1592,10479,136
2021-12-27,Trinity,105,12862,917,827,229,1056,17
2021-12-27,Tulare,107,460477,73042,71562,17222,88784,1146
2021-12-27,Tuolumne,109,53932,8099,7978,122,8100,91
2021-12-27,Ventura,111,848112,109914,105212,5361,110573,1206
2021-12-27,Yolo,113,214977,22093,21300,1501,22801,270
2021-12-27,Yuba,115,75493,10917,10759,422,11181,98
2021-12-26,Alameda,001,1643700,133426,127221,3502,130723,1525
2021-12-26,Alpine,003,1148,110,113,0,113,0
2021-12-26,Amador,005,37829,5954,5861,82,5943,70
2021-12-26,Butte,007,227075,22693,22087,4119,26206,330
2021-12-26,Calaveras,009,45235,4687,4591,66,4657,91
2021-12-26,Colusa,011,21464,2675,2647,712,3359,21
2021-12-26,Contra Costa,013,1133247,108910,105022,2779,107801,1071
2021-12-26,Del Norte,015,27424,3848,3795,58,3853,43
2021-12-26,El Dorado,017,186661,17742,17188,1916,19104,172
2021-12-26,Fresno,019,978130,150656,148027,13691,161718,2358
2021-12-26,Glenn,021,27897,3676,3611,1059,4670,39
2021-12-26,Humboldt,023,135768,10458,10052,777,10829,119
2021-12-26,Imperial,025,180216,37665,36878,4289,41167,800
2021-12-26,Inyo,027,18085,2739,2636,44,2680,47
2021-12-26,Kern,029,883053,136684,134591,25406,159997,1908
2021-12-26,Kings,031,150075,34605,34009,2120,36129,379
2021-12-26,Lake,033,64148,7096,7019,181,7200,116
2021-12-26,Lassen,035,31185,7121,7072,436,7508,55
2021-12-26,Los Angeles,037,10098052,1591078,1515469,65279,1580748,27257
2021-12-26,Madera,039,155013,25093,24741,2437,27178,320
2021-12-26,Marin,041,260295,20452,19085,791,19876,249
2021-12-26,Mariposa,043,17540,1529,1480,64,1544,6
2021-12-26,Mendocino,045,87422,8490,8314,711,9025,98
2021-12-26,Merced,047,269075,44622,44208,2257,46465,690
2021-12-26,Modoc,049,8938,606,597,209,806,6
2021-12-26,Mono,051,14174,2097,2000,25,2025,4
2021-12-26,Monterey,053,433212,51789,49709,3641,53350,638
2021-12-26,Napa,055,140530,14433,13809,197,14006,107
2021-12-26,Nevada,057,99092,10389,10153,370,10523,110
2021-12-26,Orange,059,3164182,336177,322991,19601,342592,5863
2021-12-26,Placer,061,380077,41023,39852,4194,44046,489
2021-12-26,Plumas,063,18699,2037,1987,52,2039,12
2021-12-26,Riverside,065,2383286,397651,384567,17825,402392,5470
2021-12-26,Sacramento,067,1510023,173341,169144,5673,174817,2418
2021-12-26,San Benito,069,59416,8203,7991,197,8188,79
2021-12-26,San Bernardino,071,2135413,388004,376052,12795,388847,6043
2021-12-26,San Diego,073,3302833,424052,406616,25241,431857,4442
2021-12-26,San Francisco,075,870044,64519,58229,2926,61155,682
2021-12-26,San Joaquin,077,732212,106684,104590,5896,110486,1872
2021-12-26,San Luis Obispo,079,281455,32258,31290,1487,32777,365
2021-12-26,San Mateo,081,765935,62355,56973,1241,58214,581
2021-12-26,Santa Barbara,083,443738,49173,47553,1748,49301,567
2021-12-26,Santa Clara,085,1922200,164494,156872,2158,159030,1967
2021-12-26,Santa Cruz,087,273765,23037,22176,1122,23298,228
2021-12-26,Shasta,089,179085,23218,22959,3796,26755,432
2021-12-26,Sierra,091,2930,212,202,21,223,0
2021-12-26,Siskiyou,093,43540,3526,3460,1409,4869,60
2021-12-26,Solano,095,438530,49044,47646,1487,49133,377
2021-12-26,Sonoma,097,501317,46096,44358,686,45044,408
2021-12-26,Stanislaus,099,539301,83781,83368,9708,93076,1331
2021-12-26,Sutter,101,95872,14696,14533,428,14961,191
2021-12-26,Tehama,103,63373,9005,8861,1589,10450,136
2021-12-26,Trinity,105,12862,917,826,228,1054,17
2021-12-26,Tulare,107,460477,72792,71292,17111,88403,1137
2021-12-26,Tuolumne,109,53932,8061,7919,122,8041,91
2021-12-26,Ventura,111,848112,108077,103498,5211,108709,1206
2021-12-26,Yolo,113,214977,21807,21084,1461,22545,270
2021-12-26,Yuba,115,75493,10866,10694,420,11114,98
2021-12-25,Alameda,001,1643700,132351,127221,3437,130658,1525
2021-12-25,Alpine,003,1148,110,113,0,113,0
2021-12-25,Amador,005,37829,5935,5861,82,5943,70
2021-12-25,Butte,007,227075,22596,22087,4103,26190,330
2021-12-25,Calaveras,009,45235,4658,4591,65,4656,91
2021-12-25,Colusa,011,21464,2670,2647,706,3353,21
2021-12-25,Contra Costa,013,1133247,108088,105022,2725,107747,1071
2021-12-25,Del Norte,015,27424,3841,3795,57,3852,43
2021-12-25,El Dorado,017,186661,17689,17188,1905,19093,172
2021-12-25,Fresno,019,978130,150343,148027,13643,161670,2358
2021-12-25,Glenn,021,27897,3665,3611,1055,4666,39
2021-12-25,Humboldt,023,135768,10377,10052,770,10822,119
2021-12-25,Imperial,025,180216,37543,36878,4266,41144,800
2021-12-25,Inyo,027,18085,2719,2636,44,2680,47
2021-12-25,Kern,029,883053,136337,134591,25280,159871,1908
2021-12-25,Kings,031,150075,34515,34009,2113,36122,379
2021-12-25,Lake,033,64148,7084,7019,179,7198,116
2021-12-25,Lassen,035,31185,7119,7072,436,7508,55
2021-12-25,Los Angeles,037,10098052,1578269,1515469,63955,1579424,27257
2021-12-25,Madera,039,155013,25043,24741,2431,27172,320
2021-12-25,Marin,041,260295,20110,19085,742,19827,249
2021-12-25,Mariposa,043,17540,1523,1480,64,1544,6
2021-12-25,Mendocino,045,87422,8452,8314,711,9025,98
2021-12-25,Merced,047,269075,44522,44208,2255,46463,690
2021-12-25,Modoc,049,8938,606,597,209,806,6
2021-12-25,Mono,051,14174,2080,2000,25,2025,4
2021-12-25,Monterey,053,433212,51621,49709,3606,53315,638
2021-12-25,Napa,055,140530,14318,13809,189,13998,107
2021-12-25,Nevada,057,99092,10360,10153,370,10523,110
2021-12-25,Orange,059,3164182,333308,322991,19026,342017,5863
2021-12-25,Placer,061,380077,40839,39852,4158,44010,489
2021-12-25,Plumas,063,18699,2035,1987,52,2039,12
2021-12-25,Riverside,065,2383286,395371,384567,17705,402272,5470
2021-12-25,Sacramento,067,1510023,172527,169144,5565,174709,2418
2021-12-25,San Benito,069,59416,8138,7991,197,8188,79
2021-12-25,San Bernardino,071,2135413,385798,376052,12656,388708,6043
2021-12-25,San Diego,073,3302833,419985,406616,24971,431587,4442
2021-12-25,San Francisco,075,870044,63494,58229,2890,61119,682
2021-12-25,San Joaquin,077,732212,106349,104590,5864,110454,1872
2021-12-25,San Luis Obispo,079,281455,32104,31290,1478,32768,365
2021-12-25,San Mateo,081,765935,61324,56973,1198,58171,581
2021-12-25,Santa Barbara,083,443738,48809,47553,1736,49289,567
2021-12-25,Santa Clara,085,1922200,163016,156872,2091,158963,1967
2021-12-25,Santa Cruz,087,273765,22877,22176,1116,23292,228
2021-12-25,Shasta,089,179085,23185,22959,3790,26749,432
2021-12-25,Sierra,091,2930,212,202,21,223,0
2021-12-25,Siskiyou,093,43540,3523,3460,1403,4863,60
2021-12-25,Solano,095,438530,48919,47646,1469,49115,377
2021-12-25,Sonoma,097,501317,45710,44358,660,45018,408
2021-12-25,Stanislaus,099,539301,83568,83368,9682,93050,1331
2021-12-25,Sutter,101,95872,14655,14533,426,14959,191
2021-12-25,Tehama,103,63373,8985,8861,1585,10446,136
2021-12-25,Trinity,105,12862,916,826,228,1054,17
2021-12-25,Tulare,107,460477,72656,71292,17031,88323,1137
2021-12-25,Tuolumne,109,53932,8030,7919,122,8041,91
2021-12-25,Ventura,111,848112,106904,103498,5102,108600,1206
2021-12-25,Yolo,113,214977,21696,21084,1439,22523,270
2021-12-25,Yuba,115,75493,10839,10694,419,11113,98
2021-12-24,Alameda,001,1643700,131739,127221,3420,130641,1525
2021-12-24,Alpine,003,1148,110,113,0,113,0
2021-12-24,Amador,005,37829,5927,5861,81,5942,70
2021-12-24,Butte,007,227075,22541,22087,4089,26176,330
2021-12-24,Calaveras,009,45235,4652,4591,65,4656,91
2021-12-24,Colusa,011,21464,2668,2647,705,3352,21
2021-12-24,Contra Costa,013,1133247,107770,105022,2693,107715,1071
2021-12-24,Del Norte,015,27424,3834,3795,57,3852,43
2021-12-24,El Dorado,017,186661,17636,17188,1900,19088,172
2021-12-24,Fresno,019,978130,150177,148027,13629,161656,2358
2021-12-24,Glenn,021,27897,3664,3611,1055,4666,39
2021-12-24,Humboldt,023,135768,10321,10052,764,10816,119
2021-12-24,Imperial,025,180216,37460,36878,4262,41140,800
2021-12-24,Inyo,027,18085,2699,2636,44,2680,47
2021-12-24,Kern,029,883053,136214,134591,25238,159829,1908
2021-12-24,Kings,031,150075,34447,34009,2112,36121,379
2021-12-24,Lake,033,64148,7080,7019,179,7198,116
2021-12-24,Lassen,035,31185,7116,7072,436,7508,55
2021-12-24,Los Angeles,037,10098052,1573409,1515469,63426,1578895,27257
2021-12-24,Madera,039,155013,25008,24741,2426,27167,320
2021-12-24,Marin,041,260295,19964,19085,711,19796,249
2021-12-24,Mariposa,043,17540,1521,1480,64,1544,6
2021-12-24,Mendocino,045,87422,8435,8314,711,9025,98
2021-12-24,Merced,047,269075,44472,44208,2253,46461,690
2021-12-24,Modoc,049,8938,606,597,209,806,6
2021-12-24,Mono,051,14174,2067,2000,25,2025,4
2021-12-24,Monterey,053,433212,51524,49709,3580,53289,638
2021-12-24,Napa,055,140530,14252,13809,185,13994,107
2021-12-24,Nevada,057,99092,10334,10153,368,10521,110
2021-12-24,Orange,059,3164182,332256,322991,18866,341857,5863
2021-12-24,Placer,061,380077,40719,39852,4142,43994,489
2021-12-24,Plumas,063,18699,2034,1987,52,2039,12
2021-12-24,Riverside,065,2383286,394374,384567,17614,402181,5470
2021-12-24,Sacramento,067,1510023,172212,169144,5529,174673,2418
2021-12-24,San Benito,069,59416,8129,7991,196,8187,79
2021-12-24,San Bernardino,071,2135413,384679,376052,12584,388636,6043
2021-12-24,San Diego,073,3302833,418863,406616,24844,431460,4442
2021-12-24,San Francisco,075,870044,62985,58229,2872,61101,682
2021-12-24,San Joaquin,077,732212,106154,104590,5856,110446,1872
2021-12-24,San Luis Obispo,079,281455,32042,31290,1468,32758,365
2021-12-24,San Mateo,081,765935,60892,56973,1175,58148,581
2021-12-24,Santa Barbara,083,443738,48604,47553,1729,49282,567
2021-12-24,Santa Clara,085,1922200,162192,156872,2057,158929,1967
2021-12-24,Santa Cruz,087,273765,22794,22176,1113,23289,228
2021-12-24,Shasta,089,179085,23151,22959,3786,26745,432
2021-12-24,Sierra,091,2930,211,202,21,223,0
2021-12-24,Siskiyou,093,43540,3518,3460,1399,4859,60
2021-12-24,Solano,095,438530,48867,47646,1467,49113,377
2021-12-24,Sonoma,097,501317,45544,44358,652,45010,408
2021-12-24,Stanislaus,099,539301,83456,83368,9659,93027,1331
2021-12-24,Sutter,101,95872,14635,14533,423,14956,191
2021-12-24,Tehama,103,63373,8976,8861,1582,10443,136
2021-12-24,Trinity,105,12862,914,826,228,1054,17
2021-12-24,Tulare,107,460477,72589,71292,16988,88280,1137
2021-12-24,Tuolumne,109,53932,8005,7919,122,8041,91
2021-12-24,Ventura,111,848112,106457,103498,5046,108544,1206
2021-12-24,Yolo,113,214977,21622,21084,1421,22505,270
2021-12-24,Yuba,115,75493,10816,10694,418,11112,98
2021-12-23,Alameda,001,1643700,131038,127221,3386,130607,1525
2021-12-23,Alpine,003,1148,110,113,0,113,0
2021-12-23,Amador,005,37829,5915,5861,79,5940,70
2021-12-23,Butte,007,227075,22490,22087,4077,26164,330
2021-12-23,Calaveras,009,45235,4641,4591,65,4656,91
2021-12-23,Colusa,011,21464,2662,2647,701,3348,21
2021-12-23,Contra Costa,013,1133247,107341,105022,2648,107670,1071
2021-12-23,Del Norte,015,27424,3831,3795,57,3852,43
2021-12-23,El Dorado,017,186661,17573,17188,1894,19082,172
2021-12-23,Fresno,019,978130,149972,148027,13608,161635,2358
2021-12-23,Glenn,021,27897,3660,3611,1055,4666,39
2021-12-23,Humboldt,023,135768,10268,10052,761,10813,119
2021-12-23,Imperial,025,180216,37386,36878,4234,41112,800
2021-12-23,Inyo,027,18085,2686,2636,44,2680,47
2021-12-23,Kern,029,883053,136063,134591,25140,159731,1908
2021-12-23,Kings,031,150075,34406,34009,2111,36120,379
2021-12-23,Lake,033,64148,7068,7019,177,7196,116
2021-12-23,Lassen,035,31185,7115,7072,436,7508,55
2021-12-23,Los Angeles,037,10098052,1563875,1515469,62330,1577799,27257
2021-12-23,Madera,039,155013,24975,24741,2421,27162,320
2021-12-23,Marin,041,260295,19830,19085,694,19779,249
2021-12-23,Mariposa,043,17540,1516,1480,64,1544,6
2021-12-23,Mendocino,045,87422,8426,8314,711,9025,98
2021-12-23,Merced,047,269075,44423,44208,2251,46459,690
2021-12-23,Modoc,049,8938,606,597,209,806,6
2021-12-23,Mono,051,14174,2046,2000,24,2024,4
2021-12-23,Monterey,053,433212,51402,49709,3559,53268,638
2021-12-23,Napa,055,140530,14171,13809,180,13989,107
2021-12-23,Nevada,057,99092,10310,10153,367,10520,110
2021-12-23,Orange,059,3164182,330565,322991,18533,341524,5863
2021-12-23,Placer,061,380077,40596,39852,4126,43978,489
2021-12-23,Plumas,063,18699,2034,1987,52,2039,12
2021-12-23,Riverside,065,2383286,393157,384567,17545,402112,5470
2021-12-23,Sacramento,067,1510023,171755,169144,5481,174625,2418
2021-12-23,San Benito,069,59416,8110,7991,194,8185,79
2021-12-23,San Bernardino,071,2135413,383509,376052,12477,388529,6043
2021-12-23,San Diego,073,3302833,417015,406616,24644,431260,4442
2021-12-23,San Francisco,075,870044,62257,58229,2844,61073,682
2021-12-23,San Joaquin,077,732212,105936,104590,5843,110433,1872
2021-12-23,San Luis Obispo,079,281455,31970,31290,1464,32754,365
2021-12-23,San Mateo,081,765935,60330,56973,1154,58127,581
2021-12-23,Santa Barbara,083,443738,48405,47553,1727,49280,567
2021-12-23,Santa Clara,085,1922200,161286,156872,1998,158870,1967
2021-12-23,Santa Cruz,087,273765,22679,22176,1101,23277,228
2021-12-23,Shasta,089,179085,23121,22959,3783,26742,432
2021-12-23,Sierra,091,2930,208,202,21,223,0
2021-12-23,Siskiyou,093,43540,3518,3460,1397,4857,60
2021-12-23,Solano,095,438530,48761,47646,1451,49097,377
2021-12-23,Sonoma,097,501317,45367,44358,649,45007,408
2021-12-23,Stanislaus,099,539301,83327,83368,9638,93006,1331
2021-12-23,Sutter,101,95872,14618,14533,422,14955,191
2021-12-23,Tehama,103,63373,8964,8861,1578,10439,136
2021-12-23,Trinity,105,12862,914,826,228,1054,17
2021-12-23,Tulare,107,460477,72514,71292,16944,88236,1137
2021-12-23,Tuolumne,109,53932,7987,7919,121,8040,91
2021-12-23,Ventura,111,848112,105921,103498,4979,108477,1206
2021-12-23,Yolo,113,214977,21550,21084,1403,22487,270
2021-12-23,Yuba,115,75493,10803,10694,418,11112,98
2021-12-22,Alameda,001,1643700,130113,126533,3301,129834,1522
2021-12-22,Alpine,003,1148,110,112,0,112,0
2021-12-22,Amador,005,37829,5902,5850,78,5928,70
2021-12-22,Butte,007,227075,22440,22070,4065,26135,330
2021-12-22,Calaveras,009,45235,4632,4580,65,4645,91
2021-12-22,Colusa,011,21464,2662,2645,698,3343,21
2021-12-22,Contra Costa,013,1133247,106705,104559,2605,107164,1070
2021-12-22,Del Norte,015,27424,3831,3794,57,3851,43
2021-12-22,El Dorado,017,186661,17512,17140,1885,19025,172
2021-12-22,Fresno,019,978130,149690,147838,13574,161412,2349
2021-12-22,Glenn,021,27897,3655,3604,1055,4659,39
2021-12-22,Humboldt,023,135768,10207,10022,756,10778,119
2021-12-22,Imperial,025,180216,37300,36755,4197,40952,798
2021-12-22,Inyo,027,18085,2668,2632,44,2676,47
2021-12-22,Kern,029,883053,135828,134433,25055,159488,1900
2021-12-22,Kings,031,150075,34356,33953,2104,36057,376
2021-12-22,Lake,033,64148,7061,7008,175,7183,116
2021-12-22,Lassen,035,31185,7110,7069,435,7504,55
2021-12-22,Los Angeles,037,10098052,1550338,1507110,61155,1568265,27234
2021-12-22,Madera,039,155013,24937,24702,2417,27119,320
2021-12-22,Marin,041,260295,19609,18927,671,19598,249
2021-12-22,Mariposa,043,17540,1509,1480,64,1544,6
2021-12-22,Mendocino,045,87422,8417,8299,711,9010,99
2021-12-22,Merced,047,269075,44352,44137,2249,46386,689
2021-12-22,Modoc,049,8938,606,595,209,804,6
2021-12-22,Mono,051,14174,2042,1979,24,2003,4
2021-12-22,Monterey,053,433212,51245,49650,3542,53192,639
2021-12-22,Napa,055,140530,14044,13746,170,13916,107
2021-12-22,Nevada,057,99092,10282,10101,362,10463,110
2021-12-22,Orange,059,3164182,328271,321765,18101,339866,5858
2021-12-22,Placer,061,380077,40412,39758,4089,43847,489
2021-12-22,Plumas,063,18699,2030,1986,52,2038,12
2021-12-22,Riverside,065,2383286,391326,383319,17430,400749,5472
2021-12-22,Sacramento,067,1510023,171096,168695,5412,174107,2422
2021-12-22,San Benito,069,59416,8058,7971,192,8163,79
2021-12-22,San Bernardino,071,2135413,381838,375044,12392,387436,6039
2021-12-22,San Diego,073,3302833,412896,404269,24315,428584,4434
2021-12-22,San Francisco,075,870044,61268,57520,2799,60319,682
2021-12-22,San Joaquin,077,732212,105666,104385,5829,110214,1870
2021-12-22,San Luis Obispo,079,281455,31829,31175,1444,32619,365
2021-12-22,San Mateo,081,765935,59645,56604,1125,57729,581
2021-12-22,Santa Barbara,083,443738,48149,47372,1711,49083,566
2021-12-22,Santa Clara,085,1922200,160166,156258,1957,158215,1954
2021-12-22,Santa Cruz,087,273765,22572,22075,1095,23170,228
2021-12-22,Shasta,089,179085,23092,22937,3778,26715,432
2021-12-22,Sierra,091,2930,208,202,21,223,0
2021-12-22,Siskiyou,093,43540,3515,3458,1394,4852,59
2021-12-22,Solano,095,438530,48532,47531,1437,48968,375
2021-12-22,Sonoma,097,501317,45092,44201,638,44839,408
2021-12-22,Stanislaus,099,539301,83186,83245,9618,92863,1331
2021-12-22,Sutter,101,95872,14582,14513,419,14932,191
2021-12-22,Tehama,103,63373,8951,8853,1575,10428,136
2021-12-22,Trinity,105,12862,914,826,228,1054,17
2021-12-22,Tulare,107,460477,72413,71226,16892,88118,1137
2021-12-22,Tuolumne,109,53932,7966,7903,121,8024,91
2021-12-22,Ventura,111,848112,105315,103089,4872,107961,1206
2021-12-22,Yolo,113,214977,21474,21012,1387,22399,270
2021-12-22,Yuba,115,75493,10786,10681,418,11099,98
2021-12-21,Alameda,001,1643700,129116,126007,3245,129252,1518
2021-12-21,Alpine,003,1148,110,112,0,112,0
2021-12-21,Amador,005,37829,5892,5845,78,5923,70
2021-12-21,Butte,007,227075,22377,22041,4051,26092,330
2021-12-21,Calaveras,009,45235,4619,4575,65,4640,91
2021-12-21,Colusa,011,21464,2660,2643,697,3340,21
2021-12-21,Contra Costa,013,1133247,106073,104255,2539,106794,1068
2021-12-21,Del Norte,015,27424,3830,3793,57,3850,43
2021-12-21,El Dorado,017,186661,17447,17098,1873,18971,172
2021-12-21,Fresno,019,978130,149403,147707,13539,161246,2341
2021-12-21,Glenn,021,27897,3641,3602,1055,4657,39
2021-12-21,Humboldt,023,135768,10142,9989,751,10740,118
2021-12-21,Imperial,025,180216,37202,36580,4155,40735,792
2021-12-21,Inyo,027,18085,2657,2627,44,2671,47
2021-12-21,Kern,029,883053,135619,134321,24949,159270,1892
2021-12-21,Kings,031,150075,34295,33914,2103,36017,376
2021-12-21,Lake,033,64148,7056,7004,173,7177,116
2021-12-21,Lassen,035,31185,7108,7069,435,7504,55
2021-12-21,Los Angeles,037,10098052,1536450,1501169,60125,1561294,27220
2021-12-21,Madera,039,155013,24900,24688,2410,27098,320
2021-12-21,Marin,041,260295,19439,18828,636,19464,249
2021-12-21,Mariposa,043,17540,1508,1480,63,1543,6
2021-12-21,Mendocino,045,87422,8401,8282,709,8991,97
2021-12-21,Merced,047,269075,44280,44096,2246,46342,688
2021-12-21,Modoc,049,8938,604,595,207,802,6
2021-12-21,Mono,051,14174,2023,1979,24,2003,4
2021-12-21,Monterey,053,433212,51154,49586,3525,53111,638
2021-12-21,Napa,055,140530,13943,13703,159,13862,107
2021-12-21,Nevada,057,99092,10253,10095,362,10457,110
2021-12-21,Orange,059,3164182,326145,320705,17647,338352,5855
2021-12-21,Placer,061,380077,40271,39649,4060,43709,487
2021-12-21,Plumas,063,18699,2030,1975,52,2027,12
2021-12-21,Riverside,065,2383286,389600,382415,17309,399724,5465
2021-12-21,Sacramento,067,1510023,170445,168422,5356,173778,2419
2021-12-21,San Benito,069,59416,8019,7950,189,8139,79
2021-12-21,San Bernardino,071,2135413,380207,374219,12284,386503,6026
2021-12-21,San Diego,073,3302833,409170,402386,23978,426364,4424
2021-12-21,San Francisco,075,870044,60316,56950,2765,59715,681
2021-12-21,San Joaquin,077,732212,105379,104238,5810,110048,1870
2021-12-21,San Luis Obispo,079,281455,31665,31103,1432,32535,365
2021-12-21,San Mateo,081,765935,59028,56381,1101,57482,581
2021-12-21,Santa Barbara,083,443738,47921,47194,1696,48890,564
2021-12-21,Santa Clara,085,1922200,159142,155769,1915,157684,1951
2021-12-21,Santa Cruz,087,273765,22455,22028,1084,23112,228
2021-12-21,Shasta,089,179085,23061,22920,3774,26694,429
2021-12-21,Sierra,091,2930,206,201,21,222,0
2021-12-21,Siskiyou,093,43540,3514,3455,1394,4849,59
2021-12-21,Solano,095,438530,48378,47474,1430,48904,372
2021-12-21,Sonoma,097,501317,44869,44051,628,44679,408
2021-12-21,Stanislaus,099,539301,83031,83167,9587,92754,1331
2021-12-21,Sutter,101,95872,14559,14492,418,14910,190
2021-12-21,Tehama,103,63373,8943,8849,1570,10419,136
2021-12-21,Trinity,105,12862,913,826,228,1054,17
2021-12-21,Tulare,107,460477,72320,71166,16850,88016,1137
2021-12-21,Tuolumne,109,53932,7942,7893,121,8014,91
2021-12-21,Ventura,111,848112,104696,102631,4759,107390,1205
2021-12-21,Yolo,113,214977,21365,20944,1383,22327,267
2021-12-21,Yuba,115,75493,10769,10668,418,11086,98
2021-12-20,Alameda,001,1643700,128185,125762,3176,128938,1515
2021-12-20,Alpine,003,1148,110,112,0,112,0
2021-12-20,Amador,005,37829,5878,5838,78,5916,70
2021-12-20,Butte,007,227075,22315,22030,4042,26072,329
2021-12-20,Calaveras,009,45235,4609,4569,65,4634,91
2021-12-20,Colusa,011,21464,2659,2644,697,3341,21
2021-12-20,Contra Costa,013,1133247,105538,104051,2492,106543,1068
2021-12-20,Del Norte,015,27424,3828,3792,57,3849,43
2021-12-20,El Dorado,017,186661,17386,17083,1865,18948,172
2021-12-20,Fresno,019,978130,149160,147605,13510,161115,2341
2021-12-20,Glenn,021,27897,3635,3597,1055,4652,39
2021-12-20,Humboldt,023,135768,10100,9973,747,10720,118
2021-12-20,Imperial,025,180216,37086,36532,4125,40657,792
2021-12-20,Inyo,027,18085,2654,2615,44,2659,47
2021-12-20,Kern,029,883053,135420,134203,24889,159092,1883
2021-12-20,Kings,031,150075,34253,33898,2102,36000,376
2021-12-20,Lake,033,64148,7051,6999,173,7172,116
2021-12-20,Lassen,035,31185,7106,7065,434,7499,55
2021-12-20,Los Angeles,037,10098052,1524977,1495251,59395,1554646,27188
2021-12-20,Madera,039,155013,24871,24668,2406,27074,313
2021-12-20,Marin,041,260295,19225,18747,618,19365,249
2021-12-20,Mariposa,043,17540,1499,1479,63,1542,6
2021-12-20,Mendocino,045,87422,8389,8264,707,8971,96
2021-12-20,Merced,047,269075,44223,44071,2241,46312,687
2021-12-20,Modoc,049,8938,604,595,204,799,6
2021-12-20,Mono,051,14174,2000,1973,24,1997,4
2021-12-20,Monterey,053,433212,51057,49556,3505,53061,636
2021-12-20,Napa,055,140530,13858,13672,149,13821,107
2021-12-20,Nevada,057,99092,10213,10079,361,10440,109
2021-12-20,Orange,059,3164182,324540,320235,17328,337563,5852
2021-12-20,Placer,061,380077,40142,39579,4030,43609,485
2021-12-20,Plumas,063,18699,2027,1971,50,2021,12
2021-12-20,Riverside,065,2383286,388151,381841,17219,399060,5452
2021-12-20,Sacramento,067,1510023,169875,168153,5313,173466,2414
2021-12-20,San Benito,069,59416,7975,7934,187,8121,79
2021-12-20,San Bernardino,071,2135413,378710,373881,12199,386080,6023
2021-12-20,San Diego,073,3302833,405959,401483,23738,425221,4412
2021-12-20,San Francisco,075,870044,59261,56661,2705,59366,681
2021-12-20,San Joaquin,077,732212,105136,104188,5801,109989,1865
2021-12-20,San Luis Obispo,079,281455,31552,31075,1424,32499,365
2021-12-20,San Mateo,081,765935,58480,56247,1082,57329,581
2021-12-20,Santa Barbara,083,443738,47711,47131,1691,48822,562
2021-12-20,Santa Clara,085,1922200,158181,155427,1866,157293,1950
2021-12-20,Santa Cruz,087,273765,22374,21989,1079,23068,227
2021-12-20,Shasta,089,179085,23040,22888,3769,26657,429
2021-12-20,Sierra,091,2930,205,201,21,222,0
2021-12-20,Siskiyou,093,43540,3513,3453,1392,4845,59
2021-12-20,Solano,095,438530,48250,47394,1422,48816,370
2021-12-20,Sonoma,097,501317,44678,43982,620,44602,408
2021-12-20,Stanislaus,099,539301,82907,83110,9558,92668,1331
2021-12-20,Sutter,101,95872,14536,14480,418,14898,190
2021-12-20,Tehama,103,63373,8935,8840,1567,10407,136
2021-12-20,Trinity,105,12862,913,826,228,1054,17
2021-12-20,Tulare,107,460477,72226,71124,16790,87914,1129
2021-12-20,Tuolumne,109,53932,7928,7867,117,7984,91
2021-12-20,Ventura,111,848112,104188,102452,4681,107133,1203
2021-12-20,Yolo,113,214977,21272,20903,1371,22274,267
2021-12-20,Yuba,115,75493,10753,10656,415,11071,97
2021-12-19,Alameda,001,1643700,127301,125464,3133,128597,1519
2021-12-19,Alpine,003,1148,110,112,0,112,0
2021-12-19,Amador,005,37829,5866,5832,77,5909,70
2021-12-19,Butte,007,227075,22261,22022,4036,26058,329
2021-12-19,Calaveras,009,45235,4593,4563,64,4627,91
2021-12-19,Colusa,011,21464,2659,2643,694,3337,21
2021-12-19,Contra Costa,013,1133247,105047,103906,2457,106363,1068
2021-12-19,Del Norte,015,27424,3824,3797,57,3854,43
2021-12-19,El Dorado,017,186661,17329,17067,1863,18930,172
2021-12-19,Fresno,019,978130,148919,147505,13484,160989,2341
2021-12-19,Glenn,021,27897,3631,3596,1054,4650,39
2021-12-19,Humboldt,023,135768,10058,9957,742,10699,118
2021-12-19,Imperial,025,180216,36957,36501,4081,40582,792
2021-12-19,Inyo,027,18085,2645,2613,44,2657,47
2021-12-19,Kern,029,883053,135221,134136,24818,158954,1883
2021-12-19,Kings,031,150075,34195,33874,2098,35972,378
2021-12-19,Lake,033,64148,7042,6999,170,7169,116
2021-12-19,Lassen,035,31185,7102,7065,434,7499,55
2021-12-19,Los Angeles,037,10098052,1515992,1495082,58787,1553869,27189
2021-12-19,Madera,039,155013,24847,24642,2400,27042,313
2021-12-19,Marin,041,260295,19049,18707,595,19302,249
2021-12-19,Mariposa,043,17540,1493,1475,63,1538,6
2021-12-19,Mendocino,045,87422,8372,8257,704,8961,96
2021-12-19,Merced,047,269075,44128,44045,2234,46279,687
2021-12-19,Modoc,049,8938,603,595,204,799,6
2021-12-19,Mono,051,14174,1989,1968,23,1991,4
2021-12-19,Monterey,053,433212,50955,49516,3483,52999,636
2021-12-19,Napa,055,140530,13785,13659,140,13799,107
2021-12-19,Nevada,057,99092,10177,10057,358,10415,109
2021-12-19,Orange,059,3164182,323134,319615,17101,336716,5852
2021-12-19,Placer,061,380077,40020,39525,4013,43538,485
2021-12-19,Plumas,063,18699,2024,1971,50,2021,12
2021-12-19,Riverside,065,2383286,386707,381305,17143,398448,5452
2021-12-19,Sacramento,067,1510023,169380,167933,5284,173217,2415
2021-12-19,San Benito,069,59416,7950,7929,186,8115,79
2021-12-19,San Bernardino,071,2135413,377410,373480,12159,385639,6023
2021-12-19,San Diego,073,3302833,403482,398197,23542,421739,4406
2021-12-19,San Francisco,075,870044,58388,56358,2649,59007,681
2021-12-19,San Joaquin,077,732212,104879,104125,5787,109912,1865
2021-12-19,San Luis Obispo,079,281455,31429,31035,1412,32447,366
2021-12-19,San Mateo,081,765935,58015,56132,1067,57199,581
2021-12-19,Santa Barbara,083,443738,47488,47070,1684,48754,562
2021-12-19,Santa Clara,085,1922200,157294,155049,1838,156887,1950
2021-12-19,Santa Cruz,087,273765,22275,21960,1074,23034,227
2021-12-19,Shasta,089,179085,23003,22875,3765,26640,429
2021-12-19,Sierra,091,2930,204,201,21,222,0
2021-12-19,Siskiyou,093,43540,3510,3452,1392,4844,59
2021-12-19,Solano,095,438530,48128,47341,1416,48757,370
2021-12-19,Sonoma,097,501317,44494,43944,618,44562,408
2021-12-19,Stanislaus,099,539301,82769,83040,9526,92566,1331
2021-12-19,Sutter,101,95872,14496,14475,417,14892,190
2021-12-19,Tehama,103,63373,8927,8840,1567,10407,136
2021-12-19,Trinity,105,12862,913,826,228,1054,17
2021-12-19,Tulare,107,460477,72133,71085,16748,87833,1129
2021-12-19,Tuolumne,109,53932,7911,7865,116,7981,91
2021-12-19,Ventura,111,848112,103608,102170,4616,106786,1203
2021-12-19,Yolo,113,214977,21191,20887,1351,22238,267
2021-12-19,Yuba,115,75493,10736,10646,413,11059,97
2021-12-18,Alameda,001,1643700,126895,124583,3108,127691,1512
2021-12-18,Alpine,003,1148,110,110,0,110,0
2021-12-18,Amador,005,37829,5860,5821,77,5898,69
2021-12-18,Butte,007,227075,22245,21956,4031,25987,328
2021-12-18,Calaveras,009,45235,4586,4534,64,4598,91
2021-12-18,Colusa,011,21464,2655,2635,692,3327,21
2021-12-18,Contra Costa,013,1133247,104833,103380,2443,105823,1065
2021-12-18,Del Norte,015,27424,3821,3791,57,3848,43
2021-12-18,El Dorado,017,186661,17301,16968,1860,18828,171
2021-12-18,Fresno,019,978130,148816,147038,13470,160508,2335
2021-12-18,Glenn,021,27897,3628,3590,1054,4644,39
2021-12-18,Humboldt,023,135768,10042,9889,742,10631,118
2021-12-18,Imperial,025,180216,36884,36280,4069,40349,790
2021-12-18,Inyo,027,18085,2639,2607,44,2651,47
2021-12-18,Kern,029,883053,135131,133754,24771,158525,1873
2021-12-18,Kings,031,150075,34162,33783,2094,35877,374
2021-12-18,Lake,033,64148,7041,6976,170,7146,115
2021-12-18,Lassen,035,31185,7100,7061,433,7494,55
2021-12-18,Los Angeles,037,10098052,1511905,1484840,58474,1543314,27135
2021-12-18,Madera,039,155013,24832,24575,2398,26973,313
2021-12-18,Marin,041,260295,18948,18537,583,19120,249
2021-12-18,Mariposa,043,17540,1492,1468,63,1531,6
2021-12-18,Mendocino,045,87422,8366,8219,704,8923,95
2021-12-18,Merced,047,269075,44093,43929,2232,46161,686
2021-12-18,Modoc,049,8938,601,595,204,799,6
2021-12-18,Mono,051,14174,1987,1956,23,1979,4
2021-12-18,Monterey,053,433212,50897,49343,3478,52821,635
2021-12-18,Napa,055,140530,13759,13581,138,13719,107
2021-12-18,Nevada,057,99092,10155,9991,356,10347,108
2021-12-18,Orange,059,3164182,322470,318149,16963,335112,5844
2021-12-18,Placer,061,380077,39919,39336,3999,43335,485
2021-12-18,Plumas,063,18699,2024,1964,50,2014,13
2021-12-18,Riverside,065,2383286,386009,379354,17101,396455,5439
2021-12-18,Sacramento,067,1510023,169143,167046,5264,172310,2404
2021-12-18,San Benito,069,59416,7935,7894,186,8080,79
2021-12-18,San Bernardino,071,2135413,376750,371658,12131,383789,6017
2021-12-18,San Diego,073,3302833,402517,397130,23490,420620,4399
2021-12-18,San Francisco,075,870044,57894,55562,2619,58181,679
2021-12-18,San Joaquin,077,732212,104792,103698,5777,109475,1858
2021-12-18,San Luis Obispo,079,281455,31386,30873,1406,32279,365
2021-12-18,San Mateo,081,765935,57775,55730,1062,56792,580
2021-12-18,Santa Barbara,083,443738,47392,46776,1682,48458,562
2021-12-18,Santa Clara,085,1922200,156838,154243,1825,156068,1946
2021-12-18,Santa Cruz,087,273765,22223,21805,1072,22877,225
2021-12-18,Shasta,089,179085,22982,22811,3765,26576,429
2021-12-18,Sierra,091,2930,204,199,21,220,0
2021-12-18,Siskiyou,093,43540,3508,3441,1391,4832,58
2021-12-18,Solano,095,438530,48082,47174,1414,48588,369
2021-12-18,Sonoma,097,501317,44384,43658,614,44272,407
2021-12-18,Stanislaus,099,539301,82687,82736,9514,92250,1330
2021-12-18,Sutter,101,95872,14478,14435,417,14852,190
2021-12-18,Tehama,103,63373,8921,8814,1566,10380,136
2021-12-18,Trinity,105,12862,913,823,228,1051,17
2021-12-18,Tulare,107,460477,72095,70922,16723,87645,1120
2021-12-18,Tuolumne,109,53932,7897,7834,116,7950,91
2021-12-18,Ventura,111,848112,103323,101612,4592,106204,1201
2021-12-18,Yolo,113,214977,21151,20793,1345,22138,267
2021-12-18,Yuba,115,75493,10725,10599,413,11012,96
2021-12-17,Alameda,001,1643700,126560,124583,3089,127672,1512
2021-12-17,Alpine,003,1148,110,110,0,110,0
2021-12-17,Amador,005,37829,5853,5821,77,5898,69
2021-12-17,Butte,007,227075,22225,21956,4025,25981,328
2021-12-17,Calaveras,009,45235,4582,4534,64,4598,91
2021-12-17,Colusa,011,21464,2654,2635,691,3326,21
2021-12-17,Contra Costa,013,1133247,104631,103380,2439,105819,1065
2021-12-17,Del Norte,015,27424,3820,3791,57,3848,43
2021-12-17,El Dorado,017,186661,17272,16968,1857,18825,171
2021-12-17,Fresno,019,978130,148713,147038,13470,160508,2335
2021-12-17,Glenn,021,27897,3621,3590,1054,4644,39
2021-12-17,Humboldt,023,135768,10022,9889,740,10629,118
2021-12-17,Imperial,025,180216,36821,36280,4051,40331,790
2021-12-17,Inyo,027,18085,2634,2607,44,2651,47
2021-12-17,Kern,029,883053,135040,133754,24729,158483,1873
2021-12-17,Kings,031,150075,34143,33783,2094,35877,374
2021-12-17,Lake,033,64148,7037,6976,170,7146,115
2021-12-17,Lassen,035,31185,7100,7061,432,7493,55
2021-12-17,Los Angeles,037,10098052,1507962,1484840,58232,1543072,27135
2021-12-17,Madera,039,155013,24816,24575,2393,26968,313
2021-12-17,Marin,041,260295,18872,18537,579,19116,249
2021-12-17,Mariposa,043,17540,1488,1468,63,1531,6
2021-12-17,Mendocino,045,87422,8355,8219,704,8923,95
2021-12-17,Merced,047,269075,44067,43929,2231,46160,686
2021-12-17,Modoc,049,8938,601,595,204,799,6
2021-12-17,Mono,051,14174,1984,1956,23,1979,4
2021-12-17,Monterey,053,433212,50839,49343,3473,52816,635
2021-12-17,Napa,055,140530,13732,13581,137,13718,107
2021-12-17,Nevada,057,99092,10144,9991,356,10347,108
2021-12-17,Orange,059,3164182,321906,318149,16895,335044,5844
2021-12-17,Placer,061,380077,39864,39336,3993,43329,485
2021-12-17,Plumas,063,18699,2023,1964,50,2014,13
2021-12-17,Riverside,065,2383286,385357,379354,17090,396444,5439
2021-12-17,Sacramento,067,1510023,168911,167046,5251,172297,2404
2021-12-17,San Benito,069,59416,7933,7894,186,8080,79
2021-12-17,San Bernardino,071,2135413,376199,371658,12114,383772,6017
2021-12-17,San Diego,073,3302833,401589,397130,23442,420572,4399
2021-12-17,San Francisco,075,870044,57568,55562,2589,58151,679
2021-12-17,San Joaquin,077,732212,104717,103698,5760,109458,1858
2021-12-17,San Luis Obispo,079,281455,31358,30873,1402,32275,365
2021-12-17,San Mateo,081,765935,57586,55730,1055,56785,580
2021-12-17,Santa Barbara,083,443738,47315,46776,1676,48452,562
2021-12-17,Santa Clara,085,1922200,156466,154243,1810,156053,1946
2021-12-17,Santa Cruz,087,273765,22176,21805,1069,22874,225
2021-12-17,Shasta,089,179085,22970,22811,3763,26574,429
2021-12-17,Sierra,091,2930,203,199,21,220,0
2021-12-17,Siskiyou,093,43540,3504,3441,1389,4830,58
2021-12-17,Solano,095,438530,48014,47174,1410,48584,369
2021-12-17,Sonoma,097,501317,44287,43658,611,44269,407
2021-12-17,Stanislaus,099,539301,82636,82736,9507,92243,1330
2021-12-17,Sutter,101,95872,14466,14435,415,14850,190
2021-12-17,Tehama,103,63373,8914,8814,1565,10379,136
2021-12-17,Trinity,105,12862,913,823,228,1051,17
2021-12-17,Tulare,107,460477,72053,70922,16693,87615,1120
2021-12-17,Tuolumne,109,53932,7885,7834,116,7950,91
2021-12-17,Ventura,111,848112,103073,101612,4580,106192,1201
2021-12-17,Yolo,113,214977,21118,20793,1339,22132,267
2021-12-17,Yuba,115,75493,10714,10599,410,11009,96
2021-12-16,Alameda,001,1643700,126188,124583,3074,127657,1512
2021-12-16,Alpine,003,1148,108,110,0,110,0
2021-12-16,Amador,005,37829,5845,5821,77,5898,69
2021-12-16,Butte,007,227075,22205,21956,4022,25978,328
2021-12-16,Calaveras,009,45235,4575,4534,64,4598,91
2021-12-16,Colusa,011,21464,2654,2635,691,3326,21
2021-12-16,Contra Costa,013,1133247,104408,103380,2426,105806,1065
2021-12-16,Del Norte,015,27424,3817,3791,57,3848,43
2021-12-16,El Dorado,017,186661,17237,16968,1852,18820,171
2021-12-16,Fresno,019,978130,148553,147038,13463,160501,2335
2021-12-16,Glenn,021,27897,3620,3590,1051,4641,39
2021-12-16,Humboldt,023,135768,9998,9889,730,10619,118
2021-12-16,Imperial,025,180216,36737,36280,4021,40301,790
2021-12-16,Inyo,027,18085,2630,2607,43,2650,47
2021-12-16,Kern,029,883053,134896,133754,24678,158432,1873
2021-12-16,Kings,031,150075,34119,33783,2093,35876,374
2021-12-16,Lake,033,64148,7033,6976,170,7146,115
2021-12-16,Lassen,035,31185,7097,7061,431,7492,55
2021-12-16,Los Angeles,037,10098052,1503745,1484840,57965,1542805,27135
2021-12-16,Madera,039,155013,24787,24575,2389,26964,313
2021-12-16,Marin,041,260295,18826,18537,572,19109,249
2021-12-16,Mariposa,043,17540,1486,1468,63,1531,6
2021-12-16,Mendocino,045,87422,8344,8219,699,8918,95
2021-12-16,Merced,047,269075,44028,43929,2230,46159,686
2021-12-16,Modoc,049,8938,601,595,204,799,6
2021-12-16,Mono,051,14174,1981,1956,23,1979,4
2021-12-16,Monterey,053,433212,50768,49343,3456,52799,635
2021-12-16,Napa,055,140530,13700,13581,137,13718,107
2021-12-16,Nevada,057,99092,10118,9991,356,10347,108
2021-12-16,Orange,059,3164182,321298,318149,16816,334965,5844
2021-12-16,Placer,061,380077,39787,39336,3988,43324,485
2021-12-16,Plumas,063,18699,2023,1964,50,2014,13
2021-12-16,Riverside,065,2383286,384551,379354,17076,396430,5439
2021-12-16,Sacramento,067,1510023,168625,167046,5226,172272,2404
2021-12-16,San Benito,069,59416,7926,7894,186,8080,79
2021-12-16,San Bernardino,071,2135413,375545,371658,12095,383753,6017
2021-12-16,San Diego,073,3302833,400422,397130,23376,420506,4399
2021-12-16,San Francisco,075,870044,57192,55562,2567,58129,679
2021-12-16,San Joaquin,077,732212,104593,103698,5753,109451,1858
2021-12-16,San Luis Obispo,079,281455,31288,30873,1396,32269,365
2021-12-16,San Mateo,081,765935,57386,55730,1052,56782,580
2021-12-16,Santa Barbara,083,443738,47194,46776,1672,48448,562
2021-12-16,Santa Clara,085,1922200,156135,154243,1800,156043,1946
2021-12-16,Santa Cruz,087,273765,22130,21805,1068,22873,225
2021-12-16,Shasta,089,179085,22940,22811,3761,26572,429
2021-12-16,Sierra,091,2930,203,199,21,220,0
2021-12-16,Siskiyou,093,43540,3503,3441,1385,4826,58
2021-12-16,Solano,095,438530,47946,47174,1403,48577,369
2021-12-16,Sonoma,097,501317,44188,43658,609,44267,407
2021-12-16,Stanislaus,099,539301,82549,82736,9493,92229,1330
2021-12-16,Sutter,101,95872,14452,14435,414,14849,190
2021-12-16,Tehama,103,63373,8907,8814,1564,10378,136
2021-12-16,Trinity,105,12862,913,823,228,1051,17
2021-12-16,Tulare,107,460477,72005,70922,16668,87590,1120
2021-12-16,Tuolumne,109,53932,7866,7834,116,7950,91
2021-12-16,Ventura,111,848112,102805,101612,4573,106185,1201
2021-12-16,Yolo,113,214977,21067,20793,1334,22127,267
2021-12-16,Yuba,115,75493,10698,10599,409,11008,96
2021-12-15,Alameda,001,1643700,125862,124342,3062,127404,1509
2021-12-15,Alpine,003,1148,108,109,0,109,0
2021-12-15,Amador,005,37829,5839,5810,77,5887,69
2021-12-15,Butte,007,227075,22183,21922,4021,25943,327
2021-12-15,Calaveras,009,45235,4569,4523,64,4587,89
2021-12-15,Colusa,011,21464,2653,2632,690,3322,21
2021-12-15,Contra Costa,013,1133247,104189,103236,2423,105659,1064
2021-12-15,Del Norte,015,27424,3816,3789,56,3845,43
2021-12-15,El Dorado,017,186661,17205,16936,1846,18782,171
2021-12-15,Fresno,019,978130,148425,146859,13448,160307,2319
2021-12-15,Glenn,021,27897,3620,3589,1051,4640,39
2021-12-15,Humboldt,023,135768,9978,9854,729,10583,118
2021-12-15,Imperial,025,180216,36658,36187,3977,40164,789
2021-12-15,Inyo,027,18085,2625,2606,43,2649,47
2021-12-15,Kern,029,883053,134757,133590,24631,158221,1866
2021-12-15,Kings,031,150075,34090,33716,2089,35805,374
2021-12-15,Lake,033,64148,7025,6968,169,7137,115
2021-12-15,Lassen,035,31185,7097,7062,431,7493,55
2021-12-15,Los Angeles,037,10098052,1499855,1482735,57770,1540505,27116
2021-12-15,Madera,039,155013,24769,24549,2383,26932,313
2021-12-15,Marin,041,260295,18767,18514,567,19081,249
2021-12-15,Mariposa,043,17540,1483,1463,63,1526,6
2021-12-15,Mendocino,045,87422,8339,8209,696,8905,95
2021-12-15,Merced,047,269075,43986,43890,2218,46108,685
2021-12-15,Modoc,049,8938,601,595,204,799,6
2021-12-15,Mono,051,14174,1977,1955,23,1978,4
2021-12-15,Monterey,053,433212,50713,49279,3438,52717,635
2021-12-15,Napa,055,140530,13671,13557,135,13692,107
2021-12-15,Nevada,057,99092,10097,9958,356,10314,107
2021-12-15,Orange,059,3164182,320717,317808,16774,334582,5838
2021-12-15,Placer,061,380077,39731,39264,3978,43242,485
2021-12-15,Plumas,063,18699,2019,1957,50,2007,12
2021-12-15,Riverside,065,2383286,383830,378769,17064,395833,5438
2021-12-15,Sacramento,067,1510023,168315,166793,5205,171998,2401
2021-12-15,San Benito,069,59416,7911,7877,186,8063,79
2021-12-15,San Bernardino,071,2135413,374994,371122,12062,383184,6013
2021-12-15,San Diego,073,3302833,399228,396546,23306,419852,4395
2021-12-15,San Francisco,075,870044,56874,55414,2549,57963,679
2021-12-15,San Joaquin,077,732212,104436,103579,5743,109322,1853
2021-12-15,San Luis Obispo,079,281455,31239,30784,1389,32173,365
2021-12-15,San Mateo,081,765935,57244,55657,1042,56699,580
2021-12-15,Santa Barbara,083,443738,47113,46681,1670,48351,562
2021-12-15,Santa Clara,085,1922200,155824,153928,1779,155707,1944
2021-12-15,Santa Cruz,087,273765,22090,21753,1061,22814,225
2021-12-15,Shasta,089,179085,22925,22778,3757,26535,427
2021-12-15,Sierra,091,2930,203,199,21,220,0
2021-12-15,Siskiyou,093,43540,3502,3434,1384,4818,58
2021-12-15,Solano,095,438530,47875,47098,1396,48494,367
2021-12-15,Sonoma,097,501317,44106,43580,604,44184,407
2021-12-15,Stanislaus,099,539301,82443,82628,9485,92113,1298
2021-12-15,Sutter,101,95872,14432,14428,413,14841,189
2021-12-15,Tehama,103,63373,8900,8806,1563,10369,136
2021-12-15,Trinity,105,12862,912,822,228,1050,17
2021-12-15,Tulare,107,460477,71954,70846,16639,87485,1120
2021-12-15,Tuolumne,109,53932,7857,7818,115,7933,91
2021-12-15,Ventura,111,848112,102590,101447,4567,106014,1199
2021-12-15,Yolo,113,214977,21039,20749,1329,22078,267
2021-12-15,Yuba,115,75493,10687,10587,408,10995,96
2021-12-14,Alameda,001,1643700,125533,124272,3049,127321,1506
2021-12-14,Alpine,003,1148,107,109,0,109,0
2021-12-14,Amador,005,37829,5833,5808,76,5884,69
2021-12-14,Butte,007,227075,22150,21901,4019,25920,326
2021-12-14,Calaveras,009,45235,4557,4517,64,4581,89
2021-12-14,Colusa,011,21464,2651,2628,690,3318,21
2021-12-14,Contra Costa,013,1133247,104005,103135,2419,105554,1064
2021-12-14,Del Norte,015,27424,3813,3788,56,3844,43
2021-12-14,El Dorado,017,186661,17171,16915,1844,18759,170
2021-12-14,Fresno,019,978130,148255,146756,13440,160196,2316
2021-12-14,Glenn,021,27897,3619,3589,1051,4640,39
2021-12-14,Humboldt,023,135768,9966,9836,721,10557,118
2021-12-14,Imperial,025,180216,36585,36049,3934,39983,789
2021-12-14,Inyo,027,18085,2624,2601,43,2644,46
2021-12-14,Kern,029,883053,134619,133498,24582,158080,1863
2021-12-14,Kings,031,150075,34053,33693,2086,35779,373
2021-12-14,Lake,033,64148,7016,6961,169,7130,115
2021-12-14,Lassen,035,31185,7096,7061,431,7492,55
2021-12-14,Los Angeles,037,10098052,1496197,1481131,57589,1538720,27099
2021-12-14,Madera,039,155013,24742,24535,2375,26910,313
2021-12-14,Marin,041,260295,18719,18491,565,19056,249
2021-12-14,Mariposa,043,17540,1480,1463,62,1525,6
2021-12-14,Mendocino,045,87422,8311,8206,694,8900,95
2021-12-14,Merced,047,269075,43940,43870,2216,46086,684
2021-12-14,Modoc,049,8938,600,595,204,799,6
2021-12-14,Mono,051,14174,1970,1955,23,1978,4
2021-12-14,Monterey,053,433212,50629,49237,3427,52664,635
2021-12-14,Napa,055,140530,13642,13528,135,13663,107
2021-12-14,Nevada,057,99092,10071,9956,355,10311,106
2021-12-14,Orange,059,3164182,320164,317465,16720,334185,5827
2021-12-14,Placer,061,380077,39656,39221,3973,43194,482
2021-12-14,Plumas,063,18699,2015,1950,48,1998,12
2021-12-14,Riverside,065,2383286,383138,378227,17047,395274,5427
2021-12-14,Sacramento,067,1510023,168004,166605,5182,171787,2394
2021-12-14,San Benito,069,59416,7892,7871,186,8057,79
2021-12-14,San Bernardino,071,2135413,374371,370604,12031,382635,6013
2021-12-14,San Diego,073,3302833,398089,395876,23255,419131,4393
2021-12-14,San Francisco,075,870044,56561,55278,2537,57815,679
2021-12-14,San Joaquin,077,732212,104290,103488,5725,109213,1848
2021-12-14,San Luis Obispo,079,281455,31179,30753,1385,32138,363
2021-12-14,San Mateo,081,765935,57080,55601,1035,56636,580
2021-12-14,Santa Barbara,083,443738,47011,46648,1665,48313,560
2021-12-14,Santa Clara,085,1922200,155501,153814,1766,155580,1945
2021-12-14,Santa Cruz,087,273765,22025,21737,1056,22793,225
2021-12-14,Shasta,089,179085,22898,22756,3756,26512,427
2021-12-14,Sierra,091,2930,201,199,21,220,0
2021-12-14,Siskiyou,093,43540,3497,3430,1383,4813,58
2021-12-14,Solano,095,438530,47828,47065,1390,48455,367
2021-12-14,Sonoma,097,501317,44023,43538,602,44140,407
2021-12-14,Stanislaus,099,539301,82357,82581,9469,92050,1293
2021-12-14,Sutter,101,95872,14420,14421,412,14833,189
2021-12-14,Tehama,103,63373,8896,8805,1563,10368,134
2021-12-14,Trinity,105,12862,912,821,228,1049,17
2021-12-14,Tulare,107,460477,71882,70803,16608,87411,1120
2021-12-14,Tuolumne,109,53932,7844,7815,115,7930,91
2021-12-14,Ventura,111,848112,102365,101343,4560,105903,1199
2021-12-14,Yolo,113,214977,21005,20734,1316,22050,267
2021-12-14,Yuba,115,75493,10670,10574,408,10982,92
2021-12-13,Alameda,001,1643700,125249,124174,3032,127206,1501
2021-12-13,Alpine,003,1148,107,109,0,109,0
2021-12-13,Amador,005,37829,5829,5797,76,5873,69
2021-12-13,Butte,007,227075,22126,21889,4015,25904,326
2021-12-13,Calaveras,009,45235,4550,4507,63,4570,89
2021-12-13,Colusa,011,21464,2649,2627,690,3317,21
2021-12-13,Contra Costa,013,1133247,103854,103041,2408,105449,1064
2021-12-13,Del Norte,015,27424,3809,3787,56,3843,42
2021-12-13,El Dorado,017,186661,17148,16896,1842,18738,170
2021-12-13,Fresno,019,978130,148104,146641,13430,160071,2312
2021-12-13,Glenn,021,27897,3614,3589,1049,4638,37
2021-12-13,Humboldt,023,135768,9937,9821,717,10538,118
2021-12-13,Imperial,025,180216,36501,35974,3913,39887,787
2021-12-13,Inyo,027,18085,2623,2592,43,2635,46
2021-12-13,Kern,029,883053,134493,133381,24529,157910,1863
2021-12-13,Kings,031,150075,34010,33680,2081,35761,372
2021-12-13,Lake,033,64148,7014,6958,167,7125,115
2021-12-13,Lassen,035,31185,7095,7057,431,7488,55
2021-12-13,Los Angeles,037,10098052,1493416,1480195,57424,1537619,27085
2021-12-13,Madera,039,155013,24713,24527,2370,26897,311
2021-12-13,Marin,041,260295,18659,18471,562,19033,249
2021-12-13,Mariposa,043,17540,1478,1462,62,1524,6
2021-12-13,Mendocino,045,87422,8298,8196,692,8888,95
2021-12-13,Merced,047,269075,43901,43848,2212,46060,682
2021-12-13,Modoc,049,8938,599,595,204,799,6
2021-12-13,Mono,051,14174,1963,1952,23,1975,4
2021-12-13,Monterey,053,433212,50577,49222,3407,52629,631
2021-12-13,Napa,055,140530,13629,13518,135,13653,107
2021-12-13,Nevada,057,99092,10052,9946,354,10300,106
2021-12-13,Orange,059,3164182,319694,317112,16666,333778,5824
2021-12-13,Placer,061,380077,39595,39168,3962,43130,481
2021-12-13,Plumas,063,18699,2011,1943,48,1991,12
2021-12-13,Riverside,065,2383286,382555,377728,17032,394760,5414
2021-12-13,Sacramento,067,1510023,167726,166439,5150,171589,2392
2021-12-13,San Benito,069,59416,7883,7856,186,8042,79
2021-12-13,San Bernardino,071,2135413,373793,370274,12023,382297,6011
2021-12-13,San Diego,073,3302833,397283,395266,23202,418468,4389
2021-12-13,San Francisco,075,870044,56291,55245,2524,57769,678
2021-12-13,San Joaquin,077,732212,104174,103449,5716,109165,1846
2021-12-13,San Luis Obispo,079,281455,31129,30746,1381,32127,363
2021-12-13,San Mateo,081,765935,56921,55569,1026,56595,580
2021-12-13,Santa Barbara,083,443738,46923,46608,1660,48268,560
2021-12-13,Santa Clara,085,1922200,155236,153672,1755,155427,1944
2021-12-13,Santa Cruz,087,273765,21970,21698,1053,22751,225
2021-12-13,Shasta,089,179085,22877,22731,3754,26485,426
2021-12-13,Sierra,091,2930,201,199,21,220,0
2021-12-13,Siskiyou,093,43540,3493,3426,1380,4806,57
2021-12-13,Solano,095,438530,47754,47045,1385,48430,365
2021-12-13,Sonoma,097,501317,43927,43492,600,44092,407
2021-12-13,Stanislaus,099,539301,82241,82507,9446,91953,1282
2021-12-13,Sutter,101,95872,14413,14408,412,14820,188
2021-12-13,Tehama,103,63373,8883,8800,1563,10363,134
2021-12-13,Trinity,105,12862,912,820,228,1048,17
2021-12-13,Tulare,107,460477,71824,70758,16584,87342,1114
2021-12-13,Tuolumne,109,53932,7833,7804,115,7919,91
2021-12-13,Ventura,111,848112,102140,101180,4549,105729,1197
2021-12-13,Yolo,113,214977,20956,20706,1311,22017,267
2021-12-13,Yuba,115,75493,10653,10570,408,10978,92
2021-12-12,Alameda,001,1643700,124962,124075,3019,127094,1503
2021-12-12,Alpine,003,1148,107,109,0,109,0
2021-12-12,Amador,005,37829,5821,5797,75,5872,69
2021-12-12,Butte,007,227075,22102,21874,4010,25884,326
2021-12-12,Calaveras,009,45235,4539,4501,63,4564,89
2021-12-12,Colusa,011,21464,2644,2627,687,3314,21
2021-12-12,Contra Costa,013,1133247,103665,102976,2406,105382,1065
2021-12-12,Del Norte,015,27424,3806,3793,56,3849,42
2021-12-12,El Dorado,017,186661,17112,16890,1834,18724,170
2021-12-12,Fresno,019,978130,147942,146518,13414,159932,2310
2021-12-12,Glenn,021,27897,3611,3589,1049,4638,37
2021-12-12,Humboldt,023,135768,9913,9804,710,10514,118
2021-12-12,Imperial,025,180216,36367,35926,3881,39807,787
2021-12-12,Inyo,027,18085,2618,2592,43,2635,46
2021-12-12,Kern,029,883053,134327,133314,24488,157802,1861
2021-12-12,Kings,031,150075,33959,33661,2079,35740,372
2021-12-12,Lake,033,64148,7007,6955,165,7120,115
2021-12-12,Lassen,035,31185,7094,7057,431,7488,55
2021-12-12,Los Angeles,037,10098052,1490512,1479054,57241,1536295,27074
2021-12-12,Madera,039,155013,24684,24493,2363,26856,311
2021-12-12,Marin,041,260295,18606,18451,558,19009,249
2021-12-12,Mariposa,043,17540,1477,1461,62,1523,6
2021-12-12,Mendocino,045,87422,8285,8190,691,8881,95
2021-12-12,Merced,047,269075,43867,43821,2205,46026,682
2021-12-12,Modoc,049,8938,599,595,203,798,6
2021-12-12,Mono,051,14174,1959,1947,23,1970,4
2021-12-12,Monterey,053,433212,50524,49192,3381,52573,631
2021-12-12,Napa,055,140530,13586,13508,133,13641,107
2021-12-12,Nevada,057,99092,10025,9938,353,10291,106
2021-12-12,Orange,059,3164182,319188,316918,16601,333519,5825
2021-12-12,Placer,061,380077,39530,39139,3956,43095,481
2021-12-12,Plumas,063,18699,2007,1942,46,1988,12
2021-12-12,Riverside,065,2383286,381879,377467,17006,394473,5414
2021-12-12,Sacramento,067,1510023,167461,166291,5129,171420,2392
2021-12-12,San Benito,069,59416,7863,7853,186,8039,79
2021-12-12,San Bernardino,071,2135413,373151,369977,11999,381976,6011
2021-12-12,San Diego,073,3302833,396389,393307,23164,416471,4378
2021-12-12,San Francisco,075,870044,56036,55180,2512,57692,678
2021-12-12,San Joaquin,077,732212,104035,103405,5706,109111,1846
2021-12-12,San Luis Obispo,079,281455,31076,30719,1379,32098,363
2021-12-12,San Mateo,081,765935,56805,55505,1022,56527,580
2021-12-12,Santa Barbara,083,443738,46848,46586,1658,48244,560
2021-12-12,Santa Clara,085,1922200,154956,153452,1741,155193,1945
2021-12-12,Santa Cruz,087,273765,21921,21671,1051,22722,225
2021-12-12,Shasta,089,179085,22849,22732,3753,26485,426
2021-12-12,Sierra,091,2930,201,199,21,220,0
2021-12-12,Siskiyou,093,43540,3493,3424,1380,4804,57
2021-12-12,Solano,095,438530,47688,47021,1380,48401,365
2021-12-12,Sonoma,097,501317,43834,43424,597,44021,407
2021-12-12,Stanislaus,099,539301,82143,82460,9433,91893,1282
2021-12-12,Sutter,101,95872,14402,14396,412,14808,189
2021-12-12,Tehama,103,63373,8872,8796,1561,10357,134
2021-12-12,Trinity,105,12862,910,820,228,1048,17
2021-12-12,Tulare,107,460477,71747,70733,16542,87275,1115
2021-12-12,Tuolumne,109,53932,7816,7794,115,7909,91
2021-12-12,Ventura,111,848112,101946,101105,4535,105640,1197
2021-12-12,Yolo,113,214977,20906,20685,1300,21985,267
2021-12-12,Yuba,115,75493,10639,10565,405,10970,92
2021-12-11,Alameda,001,1643700,124825,123572,3017,126589,1496
2021-12-11,Alpine,003,1148,107,109,0,109,0
2021-12-11,Amador,005,37829,5816,5787,75,5862,69
2021-12-11,Butte,007,227075,22088,21819,4009,25828,326
2021-12-11,Calaveras,009,45235,4531,4469,62,4531,89
2021-12-11,Colusa,011,21464,2640,2619,686,3305,21
2021-12-11,Contra Costa,013,1133247,103579,102618,2404,105022,1061
2021-12-11,Del Norte,015,27424,3806,3778,56,3834,42
2021-12-11,El Dorado,017,186661,17092,16796,1833,18629,170
2021-12-11,Fresno,019,978130,147854,145988,13405,159393,2294
2021-12-11,Glenn,021,27897,3610,3585,1049,4634,37
2021-12-11,Humboldt,023,135768,9896,9721,707,10428,118
2021-12-11,Imperial,025,180216,36309,35635,3871,39506,782
2021-12-11,Inyo,027,18085,2613,2576,43,2619,46
2021-12-11,Kern,029,883053,134258,132852,24453,157305,1854
2021-12-11,Kings,031,150075,33946,33530,2077,35607,371
2021-12-11,Lake,033,64148,7006,6932,163,7095,114
2021-12-11,Lassen,035,31185,7093,7049,431,7480,55
2021-12-11,Los Angeles,037,10098052,1489297,1474030,57149,1531179,27031
2021-12-11,Madera,039,155013,24678,24417,2362,26779,311
2021-12-11,Marin,041,260295,18573,18339,555,18894,249
2021-12-11,Mariposa,043,17540,1476,1450,62,1512,6
2021-12-11,Mendocino,045,87422,8278,8130,691,8821,95
2021-12-11,Merced,047,269075,43848,43690,2204,45894,681
2021-12-11,Modoc,049,8938,599,594,203,797,6
2021-12-11,Mono,051,14174,1955,1926,23,1949,4
2021-12-11,Monterey,053,433212,50496,49008,3378,52386,631
2021-12-11,Napa,055,140530,13569,13459,133,13592,107
2021-12-11,Nevada,057,99092,10012,9880,353,10233,106
2021-12-11,Orange,059,3164182,318937,315759,16574,332333,5805
2021-12-11,Placer,061,380077,39472,38959,3949,42908,481
2021-12-11,Plumas,063,18699,2001,1934,46,1980,12
2021-12-11,Riverside,065,2383286,381459,375649,16991,392640,5408
2021-12-11,Sacramento,067,1510023,167331,165530,5119,170649,2386
2021-12-11,San Benito,069,59416,7849,7808,186,7994,79
2021-12-11,San Bernardino,071,2135413,372789,368145,11989,380134,6007
2021-12-11,San Diego,073,3302833,395969,392274,23126,415400,4374
2021-12-11,San Francisco,075,870044,55883,54869,2507,57376,678
2021-12-11,San Joaquin,077,732212,103974,103013,5702,108715,1842
2021-12-11,San Luis Obispo,079,281455,31054,30567,1375,31942,362
2021-12-11,San Mateo,081,765935,56726,55284,1020,56304,580
2021-12-11,Santa Barbara,083,443738,46813,46309,1658,47967,559
2021-12-11,Santa Clara,085,1922200,154758,152846,1729,154575,1941
2021-12-11,Santa Cruz,087,273765,21897,21557,1051,22608,225
2021-12-11,Shasta,089,179085,22834,22660,3749,26409,419
2021-12-11,Sierra,091,2930,201,199,21,220,0
2021-12-11,Siskiyou,093,43540,3487,3418,1377,4795,57
2021-12-11,Solano,095,438530,47659,46891,1375,48266,365
2021-12-11,Sonoma,097,501317,43786,43227,597,43824,407
2021-12-11,Stanislaus,099,539301,82094,82133,9424,91557,1264
2021-12-11,Sutter,101,95872,14393,14354,412,14766,187
2021-12-11,Tehama,103,63373,8869,8776,1559,10335,134
2021-12-11,Trinity,105,12862,910,819,228,1047,17
2021-12-11,Tulare,107,460477,71703,70523,16532,87055,1103
2021-12-11,Tuolumne,109,53932,7807,7760,115,7875,91
2021-12-11,Ventura,111,848112,101871,100711,4528,105239,1195
2021-12-11,Yolo,113,214977,20887,20608,1296,21904,267
2021-12-11,Yuba,115,75493,10627,10519,404,10923,92
2021-12-10,Alameda,001,1643700,124699,123572,3010,126582,1496
2021-12-10,Alpine,003,1148,106,109,0,109,0
2021-12-10,Amador,005,37829,5809,5787,75,5862,69
2021-12-10,Butte,007,227075,22075,21819,4007,25826,326
2021-12-10,Calaveras,009,45235,4528,4469,62,4531,89
2021-12-10,Colusa,011,21464,2639,2619,686,3305,21
2021-12-10,Contra Costa,013,1133247,103483,102618,2403,105021,1061
2021-12-10,Del Norte,015,27424,3806,3778,56,3834,42
2021-12-10,El Dorado,017,186661,17079,16796,1833,18629,170
2021-12-10,Fresno,019,978130,147766,145988,13394,159382,2294
2021-12-10,Glenn,021,27897,3610,3585,1049,4634,37
2021-12-10,Humboldt,023,135768,9879,9721,705,10426,118
2021-12-10,Imperial,025,180216,36254,35635,3856,39491,782
2021-12-10,Inyo,027,18085,2610,2576,43,2619,46
2021-12-10,Kern,029,883053,134169,132852,24429,157281,1854
2021-12-10,Kings,031,150075,33931,33530,2075,35605,371
2021-12-10,Lake,033,64148,6999,6932,163,7095,114
2021-12-10,Lassen,035,31185,7092,7049,431,7480,55
2021-12-10,Los Angeles,037,10098052,1488205,1474030,57061,1531091,27031
2021-12-10,Madera,039,155013,24660,24417,2360,26777,311
2021-12-10,Marin,041,260295,18551,18339,555,18894,249
2021-12-10,Mariposa,043,17540,1473,1450,62,1512,6
2021-12-10,Mendocino,045,87422,8271,8130,690,8820,95
2021-12-10,Merced,047,269075,43830,43690,2202,45892,681
2021-12-10,Modoc,049,8938,599,594,203,797,6
2021-12-10,Mono,051,14174,1952,1926,23,1949,4
2021-12-10,Monterey,053,433212,50459,49008,3372,52380,631
2021-12-10,Napa,055,140530,13557,13459,132,13591,107
2021-12-10,Nevada,057,99092,10003,9880,353,10233,106
2021-12-10,Orange,059,3164182,318665,315759,16542,332301,5805
2021-12-10,Placer,061,380077,39429,38959,3946,42905,481
2021-12-10,Plumas,063,18699,1999,1934,46,1980,12
2021-12-10,Riverside,065,2383286,381052,375649,16980,392629,5408
2021-12-10,Sacramento,067,1510023,167178,165530,5117,170647,2386
2021-12-10,San Benito,069,59416,7845,7808,186,7994,79
2021-12-10,San Bernardino,071,2135413,372418,368145,11966,380111,6007
2021-12-10,San Diego,073,3302833,395489,392274,23112,415386,4374
2021-12-10,San Francisco,075,870044,55798,54869,2501,57370,678
2021-12-10,San Joaquin,077,732212,103919,103013,5698,108711,1842
2021-12-10,San Luis Obispo,079,281455,31044,30567,1372,31939,362
2021-12-10,San Mateo,081,765935,56669,55284,1017,56301,580
2021-12-10,Santa Barbara,083,443738,46777,46309,1657,47966,559
2021-12-10,Santa Clara,085,1922200,154588,152846,1716,154562,1941
2021-12-10,Santa Cruz,087,273765,21877,21557,1050,22607,225
2021-12-10,Shasta,089,179085,22823,22660,3746,26406,419
2021-12-10,Sierra,091,2930,201,199,21,220,0
2021-12-10,Siskiyou,093,43540,3480,3418,1377,4795,57
2021-12-10,Solano,095,438530,47617,46891,1371,48262,365
2021-12-10,Sonoma,097,501317,43752,43227,596,43823,407
2021-12-10,Stanislaus,099,539301,82028,82133,9418,91551,1264
2021-12-10,Sutter,101,95872,14385,14354,412,14766,187
2021-12-10,Tehama,103,63373,8867,8776,1557,10333,134
2021-12-10,Trinity,105,12862,910,819,228,1047,17
2021-12-10,Tulare,107,460477,71674,70523,16507,87030,1103
2021-12-10,Tuolumne,109,53932,7801,7760,115,7875,91
2021-12-10,Ventura,111,848112,101767,100711,4525,105236,1195
2021-12-10,Yolo,113,214977,20873,20608,1294,21902,267
2021-12-10,Yuba,115,75493,10615,10519,403,10922,92
2021-12-09,Alameda,001,1643700,124554,123572,3005,126577,1496
2021-12-09,Alpine,003,1148,106,109,0,109,0
2021-12-09,Amador,005,37829,5806,5787,74,5861,69
2021-12-09,Butte,007,227075,22055,21819,4003,25822,326
2021-12-09,Calaveras,009,45235,4519,4469,62,4531,89
2021-12-09,Colusa,011,21464,2637,2619,686,3305,21
2021-12-09,Contra Costa,013,1133247,103364,102618,2397,105015,1061
2021-12-09,Del Norte,015,27424,3805,3778,56,3834,42
2021-12-09,El Dorado,017,186661,17051,16796,1828,18624,170
2021-12-09,Fresno,019,978130,147620,145988,13382,159370,2294
2021-12-09,Glenn,021,27897,3610,3585,1049,4634,37
2021-12-09,Humboldt,023,135768,9856,9721,704,10425,118
2021-12-09,Imperial,025,180216,36183,35635,3826,39461,782
2021-12-09,Inyo,027,18085,2608,2576,43,2619,46
2021-12-09,Kern,029,883053,134043,132852,24396,157248,1854
2021-12-09,Kings,031,150075,33903,33530,2072,35602,371
2021-12-09,Lake,033,64148,6991,6932,163,7095,114
2021-12-09,Lassen,035,31185,7090,7049,431,7480,55
2021-12-09,Los Angeles,037,10098052,1486669,1474030,56975,1531005,27031
2021-12-09,Madera,039,155013,24635,24417,2357,26774,311
2021-12-09,Marin,041,260295,18537,18339,553,18892,249
2021-12-09,Mariposa,043,17540,1472,1450,62,1512,6
2021-12-09,Mendocino,045,87422,8258,8130,687,8817,95
2021-12-09,Merced,047,269075,43792,43690,2190,45880,681
2021-12-09,Modoc,049,8938,599,594,203,797,6
2021-12-09,Mono,051,14174,1948,1926,23,1949,4
2021-12-09,Monterey,053,433212,50412,49008,3361,52369,631
2021-12-09,Napa,055,140530,13537,13459,128,13587,107
2021-12-09,Nevada,057,99092,9984,9880,353,10233,106
2021-12-09,Orange,059,3164182,318332,315759,16503,332262,5805
2021-12-09,Placer,061,380077,39385,38959,3933,42892,481
2021-12-09,Plumas,063,18699,1991,1934,46,1980,12
2021-12-09,Riverside,065,2383286,380502,375649,16964,392613,5408
2021-12-09,Sacramento,067,1510023,166959,165530,5102,170632,2386
2021-12-09,San Benito,069,59416,7833,7808,185,7993,79
2021-12-09,San Bernardino,071,2135413,371909,368145,11942,380087,6007
2021-12-09,San Diego,073,3302833,394844,392274,23082,415356,4374
2021-12-09,San Francisco,075,870044,55713,54869,2494,57363,678
2021-12-09,San Joaquin,077,732212,103827,103013,5692,108705,1842
2021-12-09,San Luis Obispo,079,281455,31016,30567,1370,31937,362
2021-12-09,San Mateo,081,765935,56581,55284,1015,56299,580
2021-12-09,Santa Barbara,083,443738,46697,46309,1650,47959,559
2021-12-09,Santa Clara,085,1922200,154373,152846,1705,154551,1941
2021-12-09,Santa Cruz,087,273765,21849,21557,1050,22607,225
2021-12-09,Shasta,089,179085,22807,22660,3745,26405,419
2021-12-09,Sierra,091,2930,201,199,21,220,0
2021-12-09,Siskiyou,093,43540,3476,3418,1376,4794,57
2021-12-09,Solano,095,438530,47580,46891,1369,48260,365
2021-12-09,Sonoma,097,501317,43695,43227,595,43822,407
2021-12-09,Stanislaus,099,539301,81958,82133,9403,91536,1264
2021-12-09,Sutter,101,95872,14370,14354,412,14766,187
2021-12-09,Tehama,103,63373,8860,8776,1555,10331,134
2021-12-09,Trinity,105,12862,910,819,228,1047,17
2021-12-09,Tulare,107,460477,71618,70523,16478,87001,1103
2021-12-09,Tuolumne,109,53932,7790,7760,115,7875,91
2021-12-09,Ventura,111,848112,101622,100711,4513,105224,1195
2021-12-09,Yolo,113,214977,20850,20608,1286,21894,267
2021-12-09,Yuba,115,75493,10607,10519,400,10919,92
2021-12-08,Alameda,001,1643700,124405,123438,2995,126433,1496
2021-12-08,Alpine,003,1148,106,108,0,108,0
2021-12-08,Amador,005,37829,5801,5781,74,5855,69
2021-12-08,Butte,007,227075,22038,21780,4000,25780,326
2021-12-08,Calaveras,009,45235,4511,4455,62,4517,89
2021-12-08,Colusa,011,21464,2634,2619,685,3304,21
2021-12-08,Contra Costa,013,1133247,103235,102506,2396,104902,1058
2021-12-08,Del Norte,015,27424,3804,3767,56,3823,42
2021-12-08,El Dorado,017,186661,17019,16757,1828,18585,170
2021-12-08,Fresno,019,978130,147459,145830,13368,159198,2293
2021-12-08,Glenn,021,27897,3610,3584,1045,4629,37
2021-12-08,Humboldt,023,135768,9834,9704,702,10406,117
2021-12-08,Imperial,025,180216,36103,35537,3795,39332,782
2021-12-08,Inyo,027,18085,2605,2570,43,2613,46
2021-12-08,Kern,029,883053,133920,132709,24348,157057,1846
2021-12-08,Kings,031,150075,33868,33468,2071,35539,371
2021-12-08,Lake,033,64148,6985,6927,162,7089,114
2021-12-08,Lassen,035,31185,7089,7041,429,7470,55
2021-12-08,Los Angeles,037,10098052,1485118,1472410,56863,1529273,27018
2021-12-08,Madera,039,155013,24614,24396,2350,26746,311
2021-12-08,Marin,041,260295,18516,18305,550,18855,249
2021-12-08,Mariposa,043,17540,1469,1447,62,1509,6
2021-12-08,Mendocino,045,87422,8245,8118,686,8804,95
2021-12-08,Merced,047,269075,43760,43631,2183,45814,680
2021-12-08,Modoc,049,8938,599,594,203,797,6
2021-12-08,Mono,051,14174,1942,1924,23,1947,4
2021-12-08,Monterey,053,433212,50347,48957,3346,52303,631
2021-12-08,Napa,055,140530,13523,13421,128,13549,107
2021-12-08,Nevada,057,99092,9968,9862,353,10215,106
2021-12-08,Orange,059,3164182,317983,315421,16466,331887,5795
2021-12-08,Placer,061,380077,39334,38934,3928,42862,478
2021-12-08,Plumas,063,18699,1989,1924,46,1970,12
2021-12-08,Riverside,065,2383286,379988,375099,16941,392040,5404
2021-12-08,Sacramento,067,1510023,166705,165278,5074,170352,2373
2021-12-08,San Benito,069,59416,7824,7793,185,7978,79
2021-12-08,San Bernardino,071,2135413,371430,367516,11914,379430,6006
2021-12-08,San Diego,073,3302833,394195,391676,23050,414726,4369
2021-12-08,San Francisco,075,870044,55626,54792,2486,57278,677
2021-12-08,San Joaquin,077,732212,103725,102877,5683,108560,1841
2021-12-08,San Luis Obispo,079,281455,30968,30519,1365,31884,361
2021-12-08,San Mateo,081,765935,56514,55220,1009,56229,580
2021-12-08,Santa Barbara,083,443738,46642,46250,1647,47897,558
2021-12-08,Santa Clara,085,1922200,154209,152674,1694,154368,1937
2021-12-08,Santa Cruz,087,273765,21803,21505,1048,22553,224
2021-12-08,Shasta,089,179085,22787,22616,3739,26355,419
2021-12-08,Sierra,091,2930,201,199,21,220,0
2021-12-08,Siskiyou,093,43540,3475,3415,1374,4789,57
2021-12-08,Solano,095,438530,47550,46837,1368,48205,365
2021-12-08,Sonoma,097,501317,43633,43179,594,43773,405
2021-12-08,Stanislaus,099,539301,81876,82038,9390,91428,1264
2021-12-08,Sutter,101,95872,14354,14336,410,14746,187
2021-12-08,Tehama,103,63373,8851,8768,1555,10323,133
2021-12-08,Trinity,105,12862,910,818,228,1046,17
2021-12-08,Tulare,107,460477,71555,70472,16453,86925,1102
2021-12-08,Tuolumne,109,53932,7777,7749,115,7864,91
2021-12-08,Ventura,111,848112,101493,100647,4510,105157,1194
2021-12-08,Yolo,113,214977,20824,20575,1280,21855,267
2021-12-08,Yuba,115,75493,10593,10499,397,10896,92
2021-12-07,Alameda,001,1643700,124229,123325,2986,126311,1497
2021-12-07,Alpine,003,1148,106,108,0,108,0
2021-12-07,Amador,005,37829,5798,5778,73,5851,69
2021-12-07,Butte,007,227075,22013,21761,3995,25756,324
2021-12-07,Calaveras,009,45235,4494,4445,62,4507,88
2021-12-07,Colusa,011,21464,2632,2619,685,3304,21
2021-12-07,Contra Costa,013,1133247,103115,102421,2388,104809,1058
2021-12-07,Del Norte,015,27424,3803,3766,56,3822,42
2021-12-07,El Dorado,017,186661,16994,16742,1825,18567,170
2021-12-07,Fresno,019,978130,147311,145715,13353,159068,2289
2021-12-07,Glenn,021,27897,3609,3579,1045,4624,36
2021-12-07,Humboldt,023,135768,9808,9693,697,10390,117
2021-12-07,Imperial,025,180216,36025,35502,3774,39276,778
2021-12-07,Inyo,027,18085,2602,2567,43,2610,46
2021-12-07,Kern,029,883053,133760,132564,24295,156859,1838
2021-12-07,Kings,031,150075,33836,33441,2068,35509,372
2021-12-07,Lake,033,64148,6980,6925,162,7087,113
2021-12-07,Lassen,035,31185,7087,7040,428,7468,55
2021-12-07,Los Angeles,037,10098052,1483332,1470904,56761,1527665,27007
2021-12-07,Madera,039,155013,24591,24367,2343,26710,311
2021-12-07,Marin,041,260295,18483,18284,544,18828,249
2021-12-07,Mariposa,043,17540,1467,1446,62,1508,6
2021-12-07,Mendocino,045,87422,8226,8107,686,8793,95
2021-12-07,Merced,047,269075,43719,43600,2176,45776,675
2021-12-07,Modoc,049,8938,599,594,202,796,6
2021-12-07,Mono,051,14174,1940,1921,23,1944,4
2021-12-07,Monterey,053,433212,50264,48880,3329,52209,631
2021-12-07,Napa,055,140530,13505,13409,128,13537,107
2021-12-07,Nevada,057,99092,9953,9858,352,10210,105
2021-12-07,Orange,059,3164182,317650,315138,16417,331555,5784
2021-12-07,Placer,061,380077,39257,38860,3924,42784,474
2021-12-07,Plumas,063,18699,1985,1915,46,1961,12
2021-12-07,Riverside,065,2383286,379455,374552,16925,391477,5397
2021-12-07,Sacramento,067,1510023,166458,165148,5060,170208,2375
2021-12-07,San Benito,069,59416,7807,7776,185,7961,78
2021-12-07,San Bernardino,071,2135413,370846,366981,11895,378876,6007
2021-12-07,San Diego,073,3302833,393353,391110,23012,414122,4357
2021-12-07,San Francisco,075,870044,55516,54729,2481,57210,676
2021-12-07,San Joaquin,077,732212,103607,102797,5671,108468,1839
2021-12-07,San Luis Obispo,079,281455,30928,30495,1363,31858,361
2021-12-07,San Mateo,081,765935,56422,55163,1003,56166,580
2021-12-07,Santa Barbara,083,443738,46570,46205,1645,47850,556
2021-12-07,Santa Clara,085,1922200,154023,152465,1685,154150,1941
2021-12-07,Santa Cruz,087,273765,21756,21493,1048,22541,224
2021-12-07,Shasta,089,179085,22765,22594,3736,26330,418
2021-12-07,Sierra,091,2930,201,199,21,220,0
2021-12-07,Siskiyou,093,43540,3473,3412,1374,4786,57
2021-12-07,Solano,095,438530,47510,46812,1366,48178,365
2021-12-07,Sonoma,097,501317,43559,43154,593,43747,405
2021-12-07,Stanislaus,099,539301,81799,81980,9379,91359,1258
2021-12-07,Sutter,101,95872,14346,14322,409,14731,186
2021-12-07,Tehama,103,63373,8843,8765,1554,10319,133
2021-12-07,Trinity,105,12862,910,818,228,1046,17
2021-12-07,Tulare,107,460477,71499,70411,16424,86835,1103
2021-12-07,Tuolumne,109,53932,7769,7743,115,7858,91
2021-12-07,Ventura,111,848112,101396,100569,4500,105069,1194
2021-12-07,Yolo,113,214977,20798,20560,1277,21837,263
2021-12-07,Yuba,115,75493,10575,10491,396,10887,91
2021-12-06,Alameda,001,1643700,124064,123227,2983,126210,1496
2021-12-06,Alpine,003,1148,106,108,0,108,0
2021-12-06,Amador,005,37829,5791,5769,72,5841,67
2021-12-06,Butte,007,227075,21995,21732,3992,25724,321
2021-12-06,Calaveras,009,45235,4487,4443,62,4505,88
2021-12-06,Colusa,011,21464,2631,2615,681,3296,21
2021-12-06,Contra Costa,013,1133247,102994,102327,2384,104711,1058
2021-12-06,Del Norte,015,27424,3801,3744,56,3800,42
2021-12-06,El Dorado,017,186661,16969,16726,1823,18549,168
2021-12-06,Fresno,019,978130,147113,145539,13343,158882,2285
2021-12-06,Glenn,021,27897,3606,3577,1044,4621,36
2021-12-06,Humboldt,023,135768,9788,9671,690,10361,117
2021-12-06,Imperial,025,180216,35944,35453,3756,39209,778
2021-12-06,Inyo,027,18085,2596,2562,42,2604,46
2021-12-06,Kern,029,883053,133573,132366,24237,156603,1835
2021-12-06,Kings,031,150075,33803,33399,2063,35462,368
2021-12-06,Lake,033,64148,6976,6922,162,7084,113
2021-12-06,Lassen,035,31185,7082,7032,426,7458,51
2021-12-06,Los Angeles,037,10098052,1481667,1470059,56669,1526728,26993
2021-12-06,Madera,039,155013,24564,24334,2340,26674,307
2021-12-06,Marin,041,260295,18455,18252,542,18794,249
2021-12-06,Mariposa,043,17540,1464,1443,62,1505,6
2021-12-06,Mendocino,045,87422,8213,8079,682,8761,95
2021-12-06,Merced,047,269075,43679,43549,2166,45715,672
2021-12-06,Modoc,049,8938,599,593,202,795,6
2021-12-06,Mono,051,14174,1935,1913,23,1936,4
2021-12-06,Monterey,053,433212,50187,48831,3310,52141,626
2021-12-06,Napa,055,140530,13482,13387,126,13513,107
2021-12-06,Nevada,057,99092,9925,9847,351,10198,105
2021-12-06,Orange,059,3164182,317269,314859,16375,331234,5771
2021-12-06,Placer,061,380077,39199,38785,3919,42704,473
2021-12-06,Plumas,063,18699,1977,1913,46,1959,10
2021-12-06,Riverside,065,2383286,378930,374116,16911,391027,5388
2021-12-06,Sacramento,067,1510023,166181,164926,5039,169965,2367
2021-12-06,San Benito,069,59416,7791,7755,185,7940,78
2021-12-06,San Bernardino,071,2135413,370288,366606,11867,378473,5998
2021-12-06,San Diego,073,3302833,392508,390389,22967,413356,4352
2021-12-06,San Francisco,075,870044,55408,54659,2476,57135,674
2021-12-06,San Joaquin,077,732212,103479,102728,5664,108392,1837
2021-12-06,San Luis Obispo,079,281455,30891,30464,1361,31825,361
2021-12-06,San Mateo,081,765935,56348,55112,1000,56112,580
2021-12-06,Santa Barbara,083,443738,46477,46146,1644,47790,556
2021-12-06,Santa Clara,085,1922200,153813,152310,1668,153978,1937
2021-12-06,Santa Cruz,087,273765,21721,21450,1045,22495,224
2021-12-06,Shasta,089,179085,22742,22556,3728,26284,416
2021-12-06,Sierra,091,2930,200,198,21,219,0
2021-12-06,Siskiyou,093,43540,3471,3409,1369,4778,57
2021-12-06,Solano,095,438530,47465,46748,1365,48113,360
2021-12-06,Sonoma,097,501317,43489,43114,585,43699,405
2021-12-06,Stanislaus,099,539301,81705,81889,9345,91234,1241
2021-12-06,Sutter,101,95872,14334,14319,409,14728,186
2021-12-06,Tehama,103,63373,8835,8760,1554,10314,133
2021-12-06,Trinity,105,12862,910,815,227,1042,17
2021-12-06,Tulare,107,460477,71422,70285,16385,86670,1101
2021-12-06,Tuolumne,109,53932,7755,7726,115,7841,91
2021-12-06,Ventura,111,848112,101294,100426,4492,104918,1194
2021-12-06,Yolo,113,214977,20774,20548,1276,21824,263
2021-12-06,Yuba,115,75493,10560,10480,391,10871,91
2021-12-05,Alameda,001,1643700,123880,123104,2975,126079,1496
2021-12-05,Alpine,003,1148,105,108,0,108,0
2021-12-05,Amador,005,37829,5788,5761,72,5833,67
2021-12-05,Butte,007,227075,21962,21720,3986,25706,320
2021-12-05,Calaveras,009,45235,4470,4434,62,4496,88
2021-12-05,Colusa,011,21464,2630,2615,680,3295,21
2021-12-05,Contra Costa,013,1133247,102863,102251,2374,104625,1058
2021-12-05,Del Norte,015,27424,3799,3751,56,3807,42
2021-12-05,El Dorado,017,186661,16931,16717,1817,18534,168
2021-12-05,Fresno,019,978130,146939,145452,13322,158774,2284
2021-12-05,Glenn,021,27897,3604,3577,1043,4620,36
2021-12-05,Humboldt,023,135768,9758,9662,687,10349,117
2021-12-05,Imperial,025,180216,35850,35422,3727,39149,778
2021-12-05,Inyo,027,18085,2589,2559,42,2601,46
2021-12-05,Kern,029,883053,133409,132286,24185,156471,1833
2021-12-05,Kings,031,150075,33740,33360,2063,35423,369
2021-12-05,Lake,033,64148,6971,6919,161,7080,113
2021-12-05,Lassen,035,31185,7080,7031,426,7457,51
2021-12-05,Los Angeles,037,10098052,1479820,1468937,56530,1525467,26991
2021-12-05,Madera,039,155013,24523,24311,2337,26648,307
2021-12-05,Marin,041,260295,18408,18216,534,18750,249
2021-12-05,Mariposa,043,17540,1461,1440,61,1501,6
2021-12-05,Mendocino,045,87422,8194,8069,676,8745,95
2021-12-05,Merced,047,269075,43634,43534,2157,45691,672
2021-12-05,Modoc,049,8938,599,593,202,795,6
2021-12-05,Mono,051,14174,1928,1907,23,1930,4
2021-12-05,Monterey,053,433212,50115,48813,3278,52091,626
2021-12-05,Napa,055,140530,13456,13382,123,13505,107
2021-12-05,Nevada,057,99092,9904,9827,351,10178,105
2021-12-05,Orange,059,3164182,316834,314560,16332,330892,5771
2021-12-05,Placer,061,380077,39141,38738,3910,42648,473
2021-12-05,Plumas,063,18699,1973,1913,45,1958,9
2021-12-05,Riverside,065,2383286,378273,373827,16881,390708,5388
2021-12-05,Sacramento,067,1510023,165876,164721,5021,169742,2367
2021-12-05,San Benito,069,59416,7774,7748,184,7932,78
2021-12-05,San Bernardino,071,2135413,369582,366282,11820,378102,5998
2021-12-05,San Diego,073,3302833,391714,387979,22918,410897,4351
2021-12-05,San Francisco,075,870044,55307,54603,2474,57077,674
2021-12-05,San Joaquin,077,732212,103338,102698,5659,108357,1837
2021-12-05,San Luis Obispo,079,281455,30821,30454,1358,31812,360
2021-12-05,San Mateo,081,765935,56259,55050,990,56040,580
2021-12-05,Santa Barbara,083,443738,46394,46097,1636,47733,555
2021-12-05,Santa Clara,085,1922200,153560,152114,1648,153762,1933
2021-12-05,Santa Cruz,087,273765,21671,21424,1045,22469,224
2021-12-05,Shasta,089,179085,22685,22550,3727,26277,416
2021-12-05,Sierra,091,2930,200,198,21,219,0
2021-12-05,Siskiyou,093,43540,3469,3409,1368,4777,57
2021-12-05,Solano,095,438530,47402,46715,1363,48078,360
2021-12-05,Sonoma,097,501317,43412,43038,580,43618,405
2021-12-05,Stanislaus,099,539301,81572,81847,9335,91182,1241
2021-12-05,Sutter,101,95872,14311,14303,404,14707,186
2021-12-05,Tehama,103,63373,8827,8755,1553,10308,133
2021-12-05,Trinity,105,12862,909,815,227,1042,17
2021-12-05,Tulare,107,460477,71341,70254,16337,86591,1102
2021-12-05,Tuolumne,109,53932,7742,7718,115,7833,91
2021-12-05,Ventura,111,848112,101158,100367,4479,104846,1194
2021-12-05,Yolo,113,214977,20732,20512,1274,21786,263
2021-12-05,Yuba,115,75493,10547,10467,384,10851,91
2021-12-04,Alameda,001,1643700,123766,122508,2971,125479,1494
2021-12-04,Alpine,003,1148,105,108,0,108,0
2021-12-04,Amador,005,37829,5785,5729,72,5801,67
2021-12-04,Butte,007,227075,21943,21638,3982,25620,318
2021-12-04,Calaveras,009,45235,4462,4392,61,4453,88
2021-12-04,Colusa,011,21464,2630,2600,678,3278,21
2021-12-04,Contra Costa,013,1133247,102791,101824,2368,104192,1056
2021-12-04,Del Norte,015,27424,3796,3726,56,3782,42
2021-12-04,El Dorado,017,186661,16922,16621,1816,18437,168
2021-12-04,Fresno,019,978130,146850,144734,13313,158047,2270
2021-12-04,Glenn,021,27897,3604,3559,1043,4602,36
2021-12-04,Humboldt,023,135768,9743,9596,683,10279,117
2021-12-04,Imperial,025,180216,35797,35206,3714,38920,776
2021-12-04,Inyo,027,18085,2584,2538,42,2580,46
2021-12-04,Kern,029,883053,133329,131771,24162,155933,1817
2021-12-04,Kings,031,150075,33716,33183,2062,35245,367
2021-12-04,Lake,033,64148,6962,6903,161,7064,113
2021-12-04,Lassen,035,31185,7079,7014,424,7438,51
2021-12-04,Los Angeles,037,10098052,1478943,1463270,56453,1519723,26952
2021-12-04,Madera,039,155013,24509,24188,2333,26521,307
2021-12-04,Marin,041,260295,18387,18075,533,18608,249
2021-12-04,Mariposa,043,17540,1457,1421,61,1482,6
2021-12-04,Mendocino,045,87422,8189,7981,676,8657,91
2021-12-04,Merced,047,269075,43607,43337,2155,45492,671
2021-12-04,Modoc,049,8938,599,591,202,793,6
2021-12-04,Mono,051,14174,1928,1883,23,1906,4
2021-12-04,Monterey,053,433212,50083,48682,3271,51953,626
2021-12-04,Napa,055,140530,13446,13327,122,13449,106
2021-12-04,Nevada,057,99092,9896,9752,351,10103,105
2021-12-04,Orange,059,3164182,316603,313112,16306,329418,5748
2021-12-04,Placer,061,380077,39101,38460,3904,42364,473
2021-12-04,Plumas,063,18699,1970,1903,45,1948,7
2021-12-04,Riverside,065,2383286,377914,371768,16875,388643,5381
2021-12-04,Sacramento,067,1510023,165732,163900,5013,168913,2365
2021-12-04,San Benito,069,59416,7748,7688,184,7872,78
2021-12-04,San Bernardino,071,2135413,369192,364154,11806,375960,5983
2021-12-04,San Diego,073,3302833,391234,386710,22888,409598,4350
2021-12-04,San Francisco,075,870044,55239,54286,2471,56757,674
2021-12-04,San Joaquin,077,732212,103284,102286,5657,107943,1835
2021-12-04,San Luis Obispo,079,281455,30800,30318,1354,31672,360
2021-12-04,San Mateo,081,765935,56210,54774,987,55761,579
2021-12-04,Santa Barbara,083,443738,46349,45774,1636,47410,555
2021-12-04,Santa Clara,085,1922200,153406,151275,1634,152909,1928
2021-12-04,Santa Cruz,087,273765,21645,21286,1044,22330,224
2021-12-04,Shasta,089,179085,22668,22418,3725,26143,414
2021-12-04,Sierra,091,2930,200,196,21,217,0
2021-12-04,Siskiyou,093,43540,3467,3398,1368,4766,57
2021-12-04,Solano,095,438530,47382,46529,1362,47891,360
2021-12-04,Sonoma,097,501317,43367,42778,577,43355,405
2021-12-04,Stanislaus,099,539301,81501,81462,9328,90790,1231
2021-12-04,Sutter,101,95872,14303,14258,403,14661,186
2021-12-04,Tehama,103,63373,8825,8742,1553,10295,131
2021-12-04,Trinity,105,12862,908,801,227,1028,17
2021-12-04,Tulare,107,460477,71303,70014,16309,86323,1100
2021-12-04,Tuolumne,109,53932,7737,7676,115,7791,91
2021-12-04,Ventura,111,848112,101067,99751,4475,104226,1192
2021-12-04,Yolo,113,214977,20709,20442,1271,21713,261
2021-12-04,Yuba,115,75493,10536,10418,383,10801,91
2021-12-03,Alameda,001,1643700,123674,122508,2961,125469,1494
2021-12-03,Alpine,003,1148,105,108,0,108,0
2021-12-03,Amador,005,37829,5780,5729,71,5800,67
2021-12-03,Butte,007,227075,21930,21638,3977,25615,318
2021-12-03,Calaveras,009,45235,4453,4392,61,4453,88
2021-12-03,Colusa,011,21464,2628,2600,678,3278,21
2021-12-03,Contra Costa,013,1133247,102718,101824,2362,104186,1056
2021-12-03,Del Norte,015,27424,3794,3726,56,3782,42
2021-12-03,El Dorado,017,186661,16892,16621,1814,18435,168
2021-12-03,Fresno,019,978130,146736,144734,13310,158044,2270
2021-12-03,Glenn,021,27897,3603,3559,1042,4601,36
2021-12-03,Humboldt,023,135768,9726,9596,681,10277,117
2021-12-03,Imperial,025,180216,35755,35206,3684,38890,776
2021-12-03,Inyo,027,18085,2577,2538,42,2580,46
2021-12-03,Kern,029,883053,133257,131771,24127,155898,1817
2021-12-03,Kings,031,150075,33689,33183,2062,35245,367
2021-12-03,Lake,033,64148,6962,6903,161,7064,113
2021-12-03,Lassen,035,31185,7077,7014,423,7437,51
2021-12-03,Los Angeles,037,10098052,1478001,1463270,56373,1519643,26952
2021-12-03,Madera,039,155013,24483,24188,2329,26517,307
2021-12-03,Marin,041,260295,18354,18075,529,18604,249
2021-12-03,Mariposa,043,17540,1455,1421,61,1482,6
2021-12-03,Mendocino,045,87422,8182,7981,676,8657,91
2021-12-03,Merced,047,269075,43584,43337,2152,45489,671
2021-12-03,Modoc,049,8938,599,591,202,793,6
2021-12-03,Mono,051,14174,1922,1883,23,1906,4
2021-12-03,Monterey,053,433212,50044,48682,3260,51942,626
2021-12-03,Napa,055,140530,13434,13327,122,13449,106
2021-12-03,Nevada,057,99092,9885,9752,351,10103,105
2021-12-03,Orange,059,3164182,316332,313112,16274,329386,5748
2021-12-03,Placer,061,380077,39064,38460,3897,42357,473
2021-12-03,Plumas,063,18699,1967,1903,45,1948,7
2021-12-03,Riverside,065,2383286,377521,371768,16869,388637,5381
2021-12-03,Sacramento,067,1510023,165552,163900,4999,168899,2365
2021-12-03,San Benito,069,59416,7741,7688,184,7872,78
2021-12-03,San Bernardino,071,2135413,368745,364154,11795,375949,5983
2021-12-03,San Diego,073,3302833,390759,386710,22864,409574,4350
2021-12-03,San Francisco,075,870044,55170,54286,2467,56753,674
2021-12-03,San Joaquin,077,732212,103227,102286,5656,107942,1835
2021-12-03,San Luis Obispo,079,281455,30774,30318,1351,31669,360
2021-12-03,San Mateo,081,765935,56145,54774,984,55758,579
2021-12-03,Santa Barbara,083,443738,46313,45774,1636,47410,555
2021-12-03,Santa Clara,085,1922200,153224,151275,1619,152894,1928
2021-12-03,Santa Cruz,087,273765,21618,21286,1044,22330,224
2021-12-03,Shasta,089,179085,22653,22418,3725,26143,414
2021-12-03,Sierra,091,2930,200,196,21,217,0
2021-12-03,Siskiyou,093,43540,3464,3398,1366,4764,57
2021-12-03,Solano,095,438530,47340,46529,1361,47890,360
2021-12-03,Sonoma,097,501317,43331,42778,575,43353,405
2021-12-03,Stanislaus,099,539301,81444,81462,9319,90781,1231
2021-12-03,Sutter,101,95872,14290,14258,401,14659,186
2021-12-03,Tehama,103,63373,8824,8742,1552,10294,131
2021-12-03,Trinity,105,12862,908,801,227,1028,17
2021-12-03,Tulare,107,460477,71264,70014,16277,86291,1100
2021-12-03,Tuolumne,109,53932,7728,7676,115,7791,91
2021-12-03,Ventura,111,848112,100981,99751,4468,104219,1192
2021-12-03,Yolo,113,214977,20692,20442,1270,21712,261
2021-12-03,Yuba,115,75493,10528,10418,383,10801,91
2021-12-02,Alameda,001,1643700,123517,122508,2953,125461,1494
2021-12-02,Alpine,003,1148,105,108,0,108,0
2021-12-02,Amador,005,37829,5775,5729,70,5799,67
2021-12-02,Butte,007,227075,21905,21638,3973,25611,318
2021-12-02,Calaveras,009,45235,4443,4392,60,4452,88
2021-12-02,Colusa,011,21464,2627,2600,678,3278,21
2021-12-02,Contra Costa,013,1133247,102603,101824,2358,104182,1056
2021-12-02,Del Norte,015,27424,3786,3726,56,3782,42
2021-12-02,El Dorado,017,186661,16871,16621,1812,18433,168
2021-12-02,Fresno,019,978130,146567,144734,13298,158032,2270
2021-12-02,Glenn,021,27897,3603,3559,1039,4598,36
2021-12-02,Humboldt,023,135768,9707,9596,680,10276,117
2021-12-02,Imperial,025,180216,35687,35206,3661,38867,776
2021-12-02,Inyo,027,18085,2572,2538,42,2580,46
2021-12-02,Kern,029,883053,133086,131771,24074,155845,1817
2021-12-02,Kings,031,150075,33636,33183,2060,35243,367
2021-12-02,Lake,033,64148,6958,6903,161,7064,113
2021-12-02,Lassen,035,31185,7073,7014,423,7437,51
2021-12-02,Los Angeles,037,10098052,1476483,1463270,56282,1519552,26952
2021-12-02,Madera,039,155013,24446,24188,2320,26508,307
2021-12-02,Marin,041,260295,18323,18075,525,18600,249
2021-12-02,Mariposa,043,17540,1453,1421,61,1482,6
2021-12-02,Mendocino,045,87422,8166,7981,675,8656,91
2021-12-02,Merced,047,269075,43538,43337,2147,45484,671
2021-12-02,Modoc,049,8938,598,591,202,793,6
2021-12-02,Mono,051,14174,1916,1883,23,1906,4
2021-12-02,Monterey,053,433212,49967,48682,3238,51920,626
2021-12-02,Napa,055,140530,13421,13327,122,13449,106
2021-12-02,Nevada,057,99092,9867,9752,350,10102,105
2021-12-02,Orange,059,3164182,315988,313112,16237,329349,5748
2021-12-02,Placer,061,380077,38999,38460,3892,42352,473
2021-12-02,Plumas,063,18699,1964,1903,45,1948,7
2021-12-02,Riverside,065,2383286,376995,371768,16859,388627,5381
2021-12-02,Sacramento,067,1510023,165324,163900,4989,168889,2365
2021-12-02,San Benito,069,59416,7721,7688,184,7872,78
2021-12-02,San Bernardino,071,2135413,368198,364154,11775,375929,5983
2021-12-02,San Diego,073,3302833,390118,386710,22809,409519,4350
2021-12-02,San Francisco,075,870044,55075,54286,2462,56748,674
2021-12-02,San Joaquin,077,732212,103113,102286,5651,107937,1835
2021-12-02,San Luis Obispo,079,281455,30740,30318,1344,31662,360
2021-12-02,San Mateo,081,765935,56064,54774,976,55750,579
2021-12-02,Santa Barbara,083,443738,46232,45774,1633,47407,555
2021-12-02,Santa Clara,085,1922200,152978,151275,1602,152877,1928
2021-12-02,Santa Cruz,087,273765,21567,21286,1043,22329,224
2021-12-02,Shasta,089,179085,22620,22418,3724,26142,414
2021-12-02,Sierra,091,2930,200,196,21,217,0
2021-12-02,Siskiyou,093,43540,3463,3398,1359,4757,57
2021-12-02,Solano,095,438530,47290,46529,1359,47888,360
2021-12-02,Sonoma,097,501317,43257,42778,575,43353,405
2021-12-02,Stanislaus,099,539301,81352,81462,9311,90773,1231
2021-12-02,Sutter,101,95872,14277,14258,398,14656,186
2021-12-02,Tehama,103,63373,8817,8742,1550,10292,131
2021-12-02,Trinity,105,12862,908,801,227,1028,17
2021-12-02,Tulare,107,460477,71177,70014,16227,86241,1100
2021-12-02,Tuolumne,109,53932,7713,7676,114,7790,91
2021-12-02,Ventura,111,848112,100856,99751,4466,104217,1192
2021-12-02,Yolo,113,214977,20668,20442,1266,21708,261
2021-12-02,Yuba,115,75493,10512,10418,380,10798,91
2021-12-01,Alameda,001,1643700,123365,122298,2943,125241,1492
2021-12-01,Alpine,003,1148,105,108,0,108,0
2021-12-01,Amador,005,37829,5768,5723,70,5793,67
2021-12-01,Butte,007,227075,21886,21600,3967,25567,318
2021-12-01,Calaveras,009,45235,4438,4371,60,4431,88
2021-12-01,Colusa,011,21464,2620,2595,675,3270,20
2021-12-01,Contra Costa,013,1133247,102495,101651,2347,103998,1048
2021-12-01,Del Norte,015,27424,3784,3722,56,3778,42
2021-12-01,El Dorado,017,186661,16850,16575,1810,18385,166
2021-12-01,Fresno,019,978130,146359,144507,13290,157797,2264
2021-12-01,Glenn,021,27897,3596,3556,1038,4594,36
2021-12-01,Humboldt,023,135768,9683,9573,675,10248,117
2021-12-01,Imperial,025,180216,35607,35085,3634,38719,776
2021-12-01,Inyo,027,18085,2568,2533,42,2575,46
2021-12-01,Kern,029,883053,132939,131580,24019,155599,1804
2021-12-01,Kings,031,150075,33586,33112,2059,35171,364
2021-12-01,Lake,033,64148,6950,6896,160,7056,112
2021-12-01,Lassen,035,31185,7068,7008,421,7429,51
2021-12-01,Los Angeles,037,10098052,1474892,1461394,56187,1517581,26928
2021-12-01,Madera,039,155013,24415,24134,2311,26445,307
2021-12-01,Marin,041,260295,18285,18038,519,18557,249
2021-12-01,Mariposa,043,17540,1449,1415,61,1476,6
2021-12-01,Mendocino,045,87422,8152,7966,670,8636,90
2021-12-01,Merced,047,269075,43482,43259,2126,45385,670
2021-12-01,Modoc,049,8938,598,576,202,778,5
2021-12-01,Mono,051,14174,1911,1876,23,1899,4
2021-12-01,Monterey,053,433212,49918,48611,3229,51840,626
2021-12-01,Napa,055,140530,13404,13319,119,13438,107
2021-12-01,Nevada,057,99092,9854,9706,350,10056,105
2021-12-01,Orange,059,3164182,315623,312772,16199,328971,5735
2021-12-01,Placer,061,380077,38944,38373,3886,42259,472
2021-12-01,Plumas,063,18699,1960,1893,45,1938,7
2021-12-01,Riverside,065,2383286,376470,371189,16842,388031,5369
2021-12-01,Sacramento,067,1510023,165111,163616,4970,168586,2360
2021-12-01,San Benito,069,59416,7707,7669,184,7853,78
2021-12-01,San Bernardino,071,2135413,367607,363368,11747,375115,5973
2021-12-01,San Diego,073,3302833,389322,386056,22754,408810,4346
2021-12-01,San Francisco,075,870044,54993,54199,2455,56654,672
2021-12-01,San Joaquin,077,732212,103006,102109,5650,107759,1834
2021-12-01,San Luis Obispo,079,281455,30698,30238,1340,31578,360
2021-12-01,San Mateo,081,765935,55983,54711,973,55684,579
2021-12-01,Santa Barbara,083,443738,46162,45681,1631,47312,554
2021-12-01,Santa Clara,085,1922200,152758,150961,1585,152546,1925
2021-12-01,Santa Cruz,087,273765,21538,21191,1042,22233,224
2021-12-01,Shasta,089,179085,22589,22375,3718,26093,410
2021-12-01,Sierra,091,2930,200,195,21,216,0
2021-12-01,Siskiyou,093,43540,3460,3391,1359,4750,55
2021-12-01,Solano,095,438530,47245,46485,1359,47844,360
2021-12-01,Sonoma,097,501317,43181,42713,574,43287,405
2021-12-01,Stanislaus,099,539301,81259,81330,9298,90628,1231
2021-12-01,Sutter,101,95872,14262,14229,397,14626,186
2021-12-01,Tehama,103,63373,8807,8728,1550,10278,130
2021-12-01,Trinity,105,12862,903,801,227,1028,17
2021-12-01,Tulare,107,460477,71100,69953,16187,86140,1098
2021-12-01,Tuolumne,109,53932,7705,7655,114,7769,91
2021-12-01,Ventura,111,848112,100750,99680,4455,104135,1191
2021-12-01,Yolo,113,214977,20640,20393,1266,21659,260
2021-12-01,Yuba,115,75493,10501,10401,380,10781,89
2021-11-30,Alameda,001,1643700,123193,122196,2934,125130,1489
2021-11-30,Alpine,003,1148,105,108,0,108,0
2021-11-30,Amador,005,37829,5760,5716,70,5786,66
2021-11-30,Butte,007,227075,21857,21565,3957,25522,318
2021-11-30,Calaveras,009,45235,4420,4360,60,4420,88
2021-11-30,Colusa,011,21464,2619,2592,675,3267,21
2021-11-30,Contra Costa,013,1133247,102359,101538,2340,103878,1046
2021-11-30,Del Norte,015,27424,3778,3718,56,3774,42
2021-11-30,El Dorado,017,186661,16822,16558,1804,18362,166
2021-11-30,Fresno,019,978130,146158,144384,13282,157666,2259
2021-11-30,Glenn,021,27897,3591,3555,1037,4592,36
2021-11-30,Humboldt,023,135768,9652,9539,669,10208,116
2021-11-30,Imperial,025,180216,35499,34999,3606,38605,773
2021-11-30,Inyo,027,18085,2559,2530,42,2572,46
2021-11-30,Kern,029,883053,132767,131451,23962,155413,1799
2021-11-30,Kings,031,150075,33534,33074,2055,35129,362
2021-11-30,Lake,033,64148,6944,6892,158,7050,110
2021-11-30,Lassen,035,31185,7064,7003,420,7423,51
2021-11-30,Los Angeles,037,10098052,1473100,1460177,56086,1516263,26913
2021-11-30,Madera,039,155013,24381,24108,2306,26414,307
2021-11-30,Marin,041,260295,18241,18010,517,18527,249
2021-11-30,Mariposa,043,17540,1443,1412,61,1473,6
2021-11-30,Mendocino,045,87422,8123,7960,664,8624,89
2021-11-30,Merced,047,269075,43414,43200,2118,45318,668
2021-11-30,Modoc,049,8938,597,576,202,778,5
2021-11-30,Mono,051,14174,1908,1873,23,1896,4
2021-11-30,Monterey,053,433212,49855,48581,3219,51800,626
2021-11-30,Napa,055,140530,13384,13308,119,13427,105
2021-11-30,Nevada,057,99092,9838,9699,349,10048,105
2021-11-30,Orange,059,3164182,315202,312451,16157,328608,5724
2021-11-30,Placer,061,380077,38841,38324,3878,42202,470
2021-11-30,Plumas,063,18699,1955,1887,44,1931,7
2021-11-30,Riverside,065,2383286,375784,370739,16817,387556,5358
2021-11-30,Sacramento,067,1510023,164831,163420,4948,168368,2353
2021-11-30,San Benito,069,59416,7685,7645,183,7828,78
2021-11-30,San Bernardino,071,2135413,366930,363006,11724,374730,5967
2021-11-30,San Diego,073,3302833,388393,385405,22707,408112,4340
2021-11-30,San Francisco,075,870044,54886,54147,2447,56594,672
2021-11-30,San Joaquin,077,732212,102880,101972,5642,107614,1834
2021-11-30,San Luis Obispo,079,281455,30673,30200,1337,31537,360
2021-11-30,San Mateo,081,765935,55878,54656,963,55619,579
2021-11-30,Santa Barbara,083,443738,46066,45628,1625,47253,553
2021-11-30,Santa Clara,085,1922200,152499,150799,1567,152366,1929
2021-11-30,Santa Cruz,087,273765,21480,21169,1038,22207,224
2021-11-30,Shasta,089,179085,22559,22347,3715,26062,401
2021-11-30,Sierra,091,2930,197,195,21,216,0
2021-11-30,Siskiyou,093,43540,3456,3385,1356,4741,55
2021-11-30,Solano,095,438530,47182,46434,1353,47787,358
2021-11-30,Sonoma,097,501317,43102,42663,572,43235,405
2021-11-30,Stanislaus,099,539301,81158,81276,9271,90547,1227
2021-11-30,Sutter,101,95872,14251,14210,394,14604,186
2021-11-30,Tehama,103,63373,8800,8727,1549,10276,130
2021-11-30,Trinity,105,12862,902,799,227,1026,17
2021-11-30,Tulare,107,460477,71013,69900,16138,86038,1099
2021-11-30,Tuolumne,109,53932,7690,7643,114,7757,91
2021-11-30,Ventura,111,848112,100596,99601,4443,104044,1191
2021-11-30,Yolo,113,214977,20598,20376,1260,21636,260
2021-11-30,Yuba,115,75493,10482,10398,375,10773,89
2021-11-29,Alameda,001,1643700,123036,122136,2925,125061,1489
2021-11-29,Alpine,003,1148,105,108,0,108,0
2021-11-29,Amador,005,37829,5753,5706,70,5776,66
2021-11-29,Butte,007,227075,21826,21544,3950,25494,314
2021-11-29,Calaveras,009,45235,4404,4353,60,4413,88
2021-11-29,Colusa,011,21464,2617,2585,672,3257,20
2021-11-29,Contra Costa,013,1133247,102210,101441,2332,103773,1046
2021-11-29,Del Norte,015,27424,3775,3704,56,3760,42
2021-11-29,El Dorado,017,186661,16804,16534,1799,18333,166
2021-11-29,Fresno,019,978130,145952,144282,13259,157541,2254
2021-11-29,Glenn,021,27897,3588,3555,1036,4591,36
2021-11-29,Humboldt,023,135768,9635,9514,662,10176,115
2021-11-29,Imperial,025,180216,35434,34960,3585,38545,773
2021-11-29,Inyo,027,18085,2554,2529,42,2571,46
2021-11-29,Kern,029,883053,132583,131362,23920,155282,1789
2021-11-29,Kings,031,150075,33481,33059,2051,35110,363
2021-11-29,Lake,033,64148,6932,6889,158,7047,110
2021-11-29,Lassen,035,31185,7061,7003,418,7421,51
2021-11-29,Los Angeles,037,10098052,1471254,1459446,56000,1515446,26889
2021-11-29,Madera,039,155013,24345,24069,2298,26367,307
2021-11-29,Marin,041,260295,18194,17980,512,18492,249
2021-11-29,Mariposa,043,17540,1435,1409,61,1470,6
2021-11-29,Mendocino,045,87422,8106,7954,660,8614,89
2021-11-29,Merced,047,269075,43340,43167,2110,45277,667
2021-11-29,Modoc,049,8938,596,569,202,771,5
2021-11-29,Mono,051,14174,1891,1859,23,1882,4
2021-11-29,Monterey,053,433212,49794,48548,3203,51751,626
2021-11-29,Napa,055,140530,13374,13304,119,13423,104
2021-11-29,Nevada,057,99092,9824,9689,349,10038,105
2021-11-29,Orange,059,3164182,314799,312203,16111,328314,5709
2021-11-29,Placer,061,380077,38776,38261,3873,42134,470
2021-11-29,Plumas,063,18699,1952,1884,44,1928,7
2021-11-29,Riverside,065,2383286,375246,370334,16806,387140,5358
2021-11-29,Sacramento,067,1510023,164584,163282,4915,168197,2342
2021-11-29,San Benito,069,59416,7666,7631,182,7813,77
2021-11-29,San Bernardino,071,2135413,366322,362694,11690,374384,5962
2021-11-29,San Diego,073,3302833,387505,384853,22673,407526,4335
2021-11-29,San Francisco,075,870044,54788,54125,2443,56568,669
2021-11-29,San Joaquin,077,732212,102741,101927,5635,107562,1834
2021-11-29,San Luis Obispo,079,281455,30639,30165,1333,31498,359
2021-11-29,San Mateo,081,765935,55775,54622,959,55581,579
2021-11-29,Santa Barbara,083,443738,45969,45576,1621,47197,549
2021-11-29,Santa Clara,085,1922200,152225,150620,1561,152181,1925
2021-11-29,Santa Cruz,087,273765,21442,21149,1037,22186,224
2021-11-29,Shasta,089,179085,22524,22315,3711,26026,399
2021-11-29,Sierra,091,2930,197,195,21,216,0
2021-11-29,Siskiyou,093,43540,3453,3374,1349,4723,55
2021-11-29,Solano,095,438530,47130,46412,1351,47763,357
2021-11-29,Sonoma,097,501317,43025,42624,569,43193,405
2021-11-29,Stanislaus,099,539301,81076,81227,9253,90480,1223
2021-11-29,Sutter,101,95872,14235,14204,391,14595,186
2021-11-29,Tehama,103,63373,8795,8720,1544,10264,130
2021-11-29,Trinity,105,12862,897,798,227,1025,17
2021-11-29,Tulare,107,460477,70934,69850,16104,85954,1096
2021-11-29,Tuolumne,109,53932,7677,7627,114,7741,90
2021-11-29,Ventura,111,848112,100476,99520,4433,103953,1190
2021-11-29,Yolo,113,214977,20553,20344,1258,21602,257
2021-11-29,Yuba,115,75493,10465,10395,374,10769,89
2021-11-28,Alameda,001,1643700,122816,122082,2919,125001,1491
2021-11-28,Alpine,003,1148,105,108,0,108,0
2021-11-28,Amador,005,37829,5743,5703,70,5773,66
2021-11-28,Butte,007,227075,21787,21530,3947,25477,313
2021-11-28,Calaveras,009,45235,4383,4350,60,4410,88
2021-11-28,Colusa,011,21464,2613,2586,671,3257,19
2021-11-28,Contra Costa,013,1133247,102037,101355,2322,103677,1046
2021-11-28,Del Norte,015,27424,3770,3703,56,3759,42
2021-11-28,El Dorado,017,186661,16763,16527,1797,18324,166
2021-11-28,Fresno,019,978130,145706,144164,13233,157397,2252
2021-11-28,Glenn,021,27897,3585,3547,1034,4581,36
2021-11-28,Humboldt,023,135768,9603,9499,658,10157,115
2021-11-28,Imperial,025,180216,35326,34929,3561,38490,773
2021-11-28,Inyo,027,18085,2547,2531,42,2573,46
2021-11-28,Kern,029,883053,132377,131279,23863,155142,1789
2021-11-28,Kings,031,150075,33408,33057,2044,35101,364
2021-11-28,Lake,033,64148,6922,6885,157,7042,110
2021-11-28,Lassen,035,31185,7052,7002,414,7416,51
2021-11-28,Los Angeles,037,10098052,1469081,1458646,55912,1514558,26878
2021-11-28,Madera,039,155013,24297,24055,2291,26346,307
2021-11-28,Marin,041,260295,18146,17962,508,18470,249
2021-11-28,Mariposa,043,17540,1431,1406,61,1467,6
2021-11-28,Mendocino,045,87422,8076,7943,655,8598,89
2021-11-28,Merced,047,269075,43274,43166,2095,45261,667
2021-11-28,Modoc,049,8938,595,569,202,771,5
2021-11-28,Mono,051,14174,1885,1841,23,1864,4
2021-11-28,Monterey,053,433212,49729,48537,3184,51721,626
2021-11-28,Napa,055,140530,13361,13303,119,13422,104
2021-11-28,Nevada,057,99092,9798,9684,348,10032,105
2021-11-28,Orange,059,3164182,314413,312028,16068,328096,5693
2021-11-28,Placer,061,380077,38694,38240,3854,42094,470
2021-11-28,Plumas,063,18699,1946,1884,43,1927,7
2021-11-28,Riverside,065,2383286,374585,370051,16784,386835,5358
2021-11-28,Sacramento,067,1510023,164227,163170,4892,168062,2335
2021-11-28,San Benito,069,59416,7647,7623,181,7804,77
2021-11-28,San Bernardino,071,2135413,365594,362407,11662,374069,5958
2021-11-28,San Diego,073,3302833,386616,383025,22609,405634,4325
2021-11-28,San Francisco,075,870044,54712,54082,2438,56520,669
2021-11-28,San Joaquin,077,732212,102560,101895,5618,107513,1834
2021-11-28,San Luis Obispo,079,281455,30575,30152,1329,31481,358
2021-11-28,San Mateo,081,765935,55681,54567,955,55522,579
2021-11-28,Santa Barbara,083,443738,45890,45551,1610,47161,549
2021-11-28,Santa Clara,085,1922200,151924,150436,1546,151982,1920
2021-11-28,Santa Cruz,087,273765,21371,21110,1036,22146,224
2021-11-28,Shasta,089,179085,22485,22316,3709,26025,400
2021-11-28,Sierra,091,2930,197,195,21,216,0
2021-11-28,Siskiyou,093,43540,3447,3372,1345,4717,55
2021-11-28,Solano,095,438530,47068,46385,1350,47735,356
2021-11-28,Sonoma,097,501317,42939,42583,566,43149,405
2021-11-28,Stanislaus,099,539301,80957,81181,9231,90412,1223
2021-11-28,Sutter,101,95872,14213,14192,385,14577,186
2021-11-28,Tehama,103,63373,8787,8720,1540,10260,130
2021-11-28,Trinity,105,12862,896,797,227,1024,17
2021-11-28,Tulare,107,460477,70836,69833,16051,85884,1095
2021-11-28,Tuolumne,109,53932,7656,7620,114,7734,90
2021-11-28,Ventura,111,848112,100320,99486,4422,103908,1190
2021-11-28,Yolo,113,214977,20510,20333,1257,21590,257
2021-11-28,Yuba,115,75493,10447,10391,372,10763,89
2021-11-27,Alameda,001,1643700,122718,121618,2916,124534,1477
2021-11-27,Alpine,003,1148,105,106,0,106,0
2021-11-27,Amador,005,37829,5742,5670,70,5740,66
2021-11-27,Butte,007,227075,21764,21384,3942,25326,309
2021-11-27,Calaveras,009,45235,4377,4294,60,4354,85
2021-11-27,Colusa,011,21464,2612,2568,669,3237,19
2021-11-27,Contra Costa,013,1133247,101952,100961,2321,103282,1045
2021-11-27,Del Norte,015,27424,3763,3661,56,3717,42
2021-11-27,El Dorado,017,186661,16729,16399,1796,18195,161
2021-11-27,Fresno,019,978130,145594,143386,13227,156613,2246
2021-11-27,Glenn,021,27897,3581,3532,1033,4565,36
2021-11-27,Humboldt,023,135768,9575,9399,656,10055,115
2021-11-27,Imperial,025,180216,35244,34611,3545,38156,769
2021-11-27,Inyo,027,18085,2544,2506,42,2548,45
2021-11-27,Kern,029,883053,132293,130245,23834,154079,1773
2021-11-27,Kings,031,150075,33386,32891,2041,34932,358
2021-11-27,Lake,033,64148,6919,6836,156,6992,110
2021-11-27,Lassen,035,31185,7050,6959,413,7372,47
2021-11-27,Los Angeles,037,10098052,1468075,1454495,55842,1510337,26817
2021-11-27,Madera,039,155013,24276,23880,2286,26166,296
2021-11-27,Marin,041,260295,18107,17857,503,18360,248
2021-11-27,Mariposa,043,17540,1429,1374,61,1435,6
2021-11-27,Mendocino,045,87422,8057,7871,655,8526,89
2021-11-27,Merced,047,269075,43239,42921,2092,45013,664
2021-11-27,Modoc,049,8938,593,551,202,753,5
2021-11-27,Mono,051,14174,1883,1810,23,1833,4
2021-11-27,Monterey,053,433212,49696,48400,3170,51570,625
2021-11-27,Napa,055,140530,13347,13256,119,13375,104
2021-11-27,Nevada,057,99092,9776,9584,347,9931,103
2021-11-27,Orange,059,3164182,314162,310809,16031,326840,5665
2021-11-27,Placer,061,380077,38633,38001,3848,41849,468
2021-11-27,Plumas,063,18699,1942,1860,43,1903,7
2021-11-27,Riverside,065,2383286,374227,367601,16777,384378,5306
2021-11-27,Sacramento,067,1510023,164069,162328,4889,167217,2335
2021-11-27,San Benito,069,59416,7631,7575,181,7756,77
2021-11-27,San Bernardino,071,2135413,365162,360033,11653,371686,5932
2021-11-27,San Diego,073,3302833,386121,382634,22583,405217,4319
2021-11-27,San Francisco,075,870044,54662,53830,2435,56265,669
2021-11-27,San Joaquin,077,732212,102493,101368,5615,106983,1833
2021-11-27,San Luis Obispo,079,281455,30540,29983,1325,31308,358
2021-11-27,San Mateo,081,765935,55624,54360,952,55312,577
2021-11-27,Santa Barbara,083,443738,45836,45318,1608,46926,548
2021-11-27,Santa Clara,085,1922200,151717,149700,1539,151239,1922
2021-11-27,Santa Cruz,087,273765,21331,20929,1033,21962,222
2021-11-27,Shasta,089,179085,22462,22151,3708,25859,396
2021-11-27,Sierra,091,2930,196,194,21,215,0
2021-11-27,Siskiyou,093,43540,3444,3336,1343,4679,54
2021-11-27,Solano,095,438530,47032,46163,1347,47510,356
2021-11-27,Sonoma,097,501317,42876,42368,566,42934,405
2021-11-27,Stanislaus,099,539301,80889,80782,9213,89995,1220
2021-11-27,Sutter,101,95872,14205,14127,384,14511,181
2021-11-27,Tehama,103,63373,8785,8675,1539,10214,129
2021-11-27,Trinity,105,12862,896,789,227,1016,17
2021-11-27,Tulare,107,460477,70784,69377,16035,85412,1082
2021-11-27,Tuolumne,109,53932,7643,7574,114,7688,90
2021-11-27,Ventura,111,848112,100247,99163,4415,103578,1188
2021-11-27,Yolo,113,214977,20489,20237,1248,21485,257
2021-11-27,Yuba,115,75493,10436,10335,372,10707,88
2021-11-26,Alameda,001,1643700,122607,121618,2914,124532,1477
2021-11-26,Alpine,003,1148,105,106,0,106,0
2021-11-26,Amador,005,37829,5738,5670,70,5740,66
2021-11-26,Butte,007,227075,21740,21384,3937,25321,309
2021-11-26,Calaveras,009,45235,4368,4294,60,4354,85
2021-11-26,Colusa,011,21464,2610,2568,668,3236,19
2021-11-26,Contra Costa,013,1133247,101864,100961,2317,103278,1045
2021-11-26,Del Norte,015,27424,3760,3661,56,3717,42
2021-11-26,El Dorado,017,186661,16712,16399,1793,18192,161
2021-11-26,Fresno,019,978130,145462,143386,13217,156603,2246
2021-11-26,Glenn,021,27897,3579,3532,1033,4565,36
2021-11-26,Humboldt,023,135768,9556,9399,652,10051,115
2021-11-26,Imperial,025,180216,35187,34611,3532,38143,769
2021-11-26,Inyo,027,18085,2544,2506,42,2548,45
2021-11-26,Kern,029,883053,132210,130245,23790,154035,1773
2021-11-26,Kings,031,150075,33362,32891,2039,34930,358
2021-11-26,Lake,033,64148,6917,6836,156,6992,110
2021-11-26,Lassen,035,31185,7044,6959,413,7372,47
2021-11-26,Los Angeles,037,10098052,1467231,1454495,55781,1510276,26817
2021-11-26,Madera,039,155013,24249,23880,2284,26164,296
2021-11-26,Marin,041,260295,18078,17857,503,18360,248
2021-11-26,Mariposa,043,17540,1423,1374,60,1434,6
2021-11-26,Mendocino,045,87422,8047,7871,655,8526,89
2021-11-26,Merced,047,269075,43209,42921,2087,45008,664
2021-11-26,Modoc,049,8938,591,551,202,753,5
2021-11-26,Mono,051,14174,1872,1810,23,1833,4
2021-11-26,Monterey,053,433212,49652,48400,3163,51563,625
2021-11-26,Napa,055,140530,13331,13256,119,13375,104
2021-11-26,Nevada,057,99092,9764,9584,347,9931,103
2021-11-26,Orange,059,3164182,313893,310809,15999,326808,5665
2021-11-26,Placer,061,380077,38588,38001,3840,41841,468
2021-11-26,Plumas,063,18699,1937,1860,43,1903,7
2021-11-26,Riverside,065,2383286,373826,367601,16770,384371,5306
2021-11-26,Sacramento,067,1510023,163956,162328,4884,167212,2335
2021-11-26,San Benito,069,59416,7623,7575,181,7756,77
2021-11-26,San Bernardino,071,2135413,364737,360033,11646,371679,5932
2021-11-26,San Diego,073,3302833,385576,382634,22571,405205,4319
2021-11-26,San Francisco,075,870044,54615,53830,2433,56263,669
2021-11-26,San Joaquin,077,732212,102436,101368,5614,106982,1833
2021-11-26,San Luis Obispo,079,281455,30498,29983,1322,31305,358
2021-11-26,San Mateo,081,765935,55561,54360,951,55311,577
2021-11-26,Santa Barbara,083,443738,45789,45318,1607,46925,548
2021-11-26,Santa Clara,085,1922200,151548,149700,1531,151231,1922
2021-11-26,Santa Cruz,087,273765,21291,20929,1033,21962,222
2021-11-26,Shasta,089,179085,22442,22151,3706,25857,396
2021-11-26,Sierra,091,2930,196,194,21,215,0
2021-11-26,Siskiyou,093,43540,3441,3336,1342,4678,54
2021-11-26,Solano,095,438530,46991,46163,1346,47509,356
2021-11-26,Sonoma,097,501317,42826,42368,564,42932,405
2021-11-26,Stanislaus,099,539301,80816,80782,9202,89984,1220
2021-11-26,Sutter,101,95872,14192,14127,383,14510,181
2021-11-26,Tehama,103,63373,8783,8675,1538,10213,129
2021-11-26,Trinity,105,12862,895,789,227,1016,17
2021-11-26,Tulare,107,460477,70738,69377,16003,85380,1082
2021-11-26,Tuolumne,109,53932,7633,7574,114,7688,90
2021-11-26,Ventura,111,848112,100167,99163,4410,103573,1188
2021-11-26,Yolo,113,214977,20470,20237,1240,21477,257
2021-11-26,Yuba,115,75493,10430,10335,372,10707,88
2021-11-25,Alameda,001,1643700,122499,121618,2909,124527,1477
2021-11-25,Alpine,003,1148,105,106,0,106,0
2021-11-25,Amador,005,37829,5730,5670,70,5740,66
2021-11-25,Butte,007,227075,21722,21384,3935,25319,309
2021-11-25,Calaveras,009,45235,4363,4294,60,4354,85
2021-11-25,Colusa,011,21464,2607,2568,666,3234,19
2021-11-25,Contra Costa,013,1133247,101760,100961,2313,103274,1045
2021-11-25,Del Norte,015,27424,3755,3661,56,3717,42
2021-11-25,El Dorado,017,186661,16693,16399,1792,18191,161
2021-11-25,Fresno,019,978130,145328,143386,13208,156594,2246
2021-11-25,Glenn,021,27897,3578,3532,1032,4564,36
2021-11-25,Humboldt,023,135768,9537,9399,649,10048,115
2021-11-25,Imperial,025,180216,35142,34611,3521,38132,769
2021-11-25,Inyo,027,18085,2542,2506,42,2548,45
2021-11-25,Kern,029,883053,132112,130245,23744,153989,1773
2021-11-25,Kings,031,150075,33334,32891,2038,34929,358
2021-11-25,Lake,033,64148,6910,6836,156,6992,110
2021-11-25,Lassen,035,31185,7042,6959,412,7371,47
2021-11-25,Los Angeles,037,10098052,1466264,1454495,55725,1510220,26817
2021-11-25,Madera,039,155013,24213,23880,2283,26163,296
2021-11-25,Marin,041,260295,18051,17857,497,18354,248
2021-11-25,Mariposa,043,17540,1420,1374,60,1434,6
2021-11-25,Mendocino,045,87422,8029,7871,655,8526,89
2021-11-25,Merced,047,269075,43170,42921,2081,45002,664
2021-11-25,Modoc,049,8938,590,551,202,753,5
2021-11-25,Mono,051,14174,1861,1810,23,1833,4
2021-11-25,Monterey,053,433212,49608,48400,3154,51554,625
2021-11-25,Napa,055,140530,13323,13256,119,13375,104
2021-11-25,Nevada,057,99092,9745,9584,344,9928,103
2021-11-25,Orange,059,3164182,313631,310809,15967,326776,5665
2021-11-25,Placer,061,380077,38542,38001,3834,41835,468
2021-11-25,Plumas,063,18699,1935,1860,43,1903,7
2021-11-25,Riverside,065,2383286,373411,367601,16763,384364,5306
2021-11-25,Sacramento,067,1510023,163777,162328,4878,167206,2335
2021-11-25,San Benito,069,59416,7616,7575,181,7756,77
2021-11-25,San Bernardino,071,2135413,364342,360033,11629,371662,5932
2021-11-25,San Diego,073,3302833,385135,382634,22552,405186,4319
2021-11-25,San Francisco,075,870044,54565,53830,2430,56260,669
2021-11-25,San Joaquin,077,732212,102353,101368,5610,106978,1833
2021-11-25,San Luis Obispo,079,281455,30468,29983,1320,31303,358
2021-11-25,San Mateo,081,765935,55512,54360,949,55309,577
2021-11-25,Santa Barbara,083,443738,45750,45318,1605,46923,548
2021-11-25,Santa Clara,085,1922200,151391,149700,1526,151226,1922
2021-11-25,Santa Cruz,087,273765,21258,20929,1033,21962,222
2021-11-25,Shasta,089,179085,22416,22151,3706,25857,396
2021-11-25,Sierra,091,2930,196,194,21,215,0
2021-11-25,Siskiyou,093,43540,3438,3336,1342,4678,54
2021-11-25,Solano,095,438530,46954,46163,1345,47508,356
2021-11-25,Sonoma,097,501317,42769,42368,560,42928,405
2021-11-25,Stanislaus,099,539301,80751,80782,9188,89970,1220
2021-11-25,Sutter,101,95872,14176,14127,382,14509,181
2021-11-25,Tehama,103,63373,8775,8675,1538,10213,129
2021-11-25,Trinity,105,12862,895,789,227,1016,17
2021-11-25,Tulare,107,460477,70670,69377,15977,85354,1082
2021-11-25,Tuolumne,109,53932,7621,7574,114,7688,90
2021-11-25,Ventura,111,848112,100101,99163,4407,103570,1188
2021-11-25,Yolo,113,214977,20440,20237,1235,21472,257
2021-11-25,Yuba,115,75493,10421,10335,371,10706,88
2021-11-24,Alameda,001,1643700,122435,121618,2905,124523,1477
2021-11-24,Alpine,003,1148,105,106,0,106,0
2021-11-24,Amador,005,37829,5720,5670,70,5740,66
2021-11-24,Butte,007,227075,21706,21384,3934,25318,309
2021-11-24,Calaveras,009,45235,4356,4294,60,4354,85
2021-11-24,Colusa,011,21464,2607,2568,665,3233,19
2021-11-24,Contra Costa,013,1133247,101722,100961,2310,103271,1045
2021-11-24,Del Norte,015,27424,3752,3661,56,3717,42
2021-11-24,El Dorado,017,186661,16682,16399,1791,18190,161
2021-11-24,Fresno,019,978130,145273,143386,13207,156593,2246
2021-11-24,Glenn,021,27897,3573,3532,1031,4563,36
2021-11-24,Humboldt,023,135768,9522,9399,649,10048,115
2021-11-24,Imperial,025,180216,35113,34611,3515,38126,769
2021-11-24,Inyo,027,18085,2539,2506,42,2548,45
2021-11-24,Kern,029,883053,132050,130245,23732,153977,1773
2021-11-24,Kings,031,150075,33320,32891,2037,34928,358
2021-11-24,Lake,033,64148,6906,6836,156,6992,110
2021-11-24,Lassen,035,31185,7042,6959,412,7371,47
2021-11-24,Los Angeles,037,10098052,1465778,1454495,55682,1510177,26817
2021-11-24,Madera,039,155013,24190,23880,2277,26157,296
2021-11-24,Marin,041,260295,18039,17857,495,18352,248
2021-11-24,Mariposa,043,17540,1420,1374,60,1434,6
2021-11-24,Mendocino,045,87422,8017,7871,655,8526,89
2021-11-24,Merced,047,269075,43138,42921,2078,44999,664
2021-11-24,Modoc,049,8938,590,551,202,753,5
2021-11-24,Mono,051,14174,1858,1810,23,1833,4
2021-11-24,Monterey,053,433212,49595,48400,3152,51552,625
2021-11-24,Napa,055,140530,13319,13256,119,13375,104
2021-11-24,Nevada,057,99092,9730,9584,344,9928,103
2021-11-24,Orange,059,3164182,313476,310809,15952,326761,5665
2021-11-24,Placer,061,380077,38509,38001,3832,41833,468
2021-11-24,Plumas,063,18699,1933,1860,43,1903,7
2021-11-24,Riverside,065,2383286,373232,367601,16757,384358,5306
2021-11-24,Sacramento,067,1510023,163705,162328,4878,167206,2335
2021-11-24,San Benito,069,59416,7614,7575,181,7756,77
2021-11-24,San Bernardino,071,2135413,364130,360033,11619,371652,5932
2021-11-24,San Diego,073,3302833,384877,382634,22539,405173,4319
2021-11-24,San Francisco,075,870044,54534,53830,2428,56258,669
2021-11-24,San Joaquin,077,732212,102312,101368,5607,106975,1833
2021-11-24,San Luis Obispo,079,281455,30449,29983,1320,31303,358
2021-11-24,San Mateo,081,765935,55482,54360,948,55308,577
2021-11-24,Santa Barbara,083,443738,45723,45318,1605,46923,548
2021-11-24,Santa Clara,085,1922200,151295,149700,1525,151225,1922
2021-11-24,Santa Cruz,087,273765,21235,20929,1032,21961,222
2021-11-24,Shasta,089,179085,22405,22151,3703,25854,396
2021-11-24,Sierra,091,2930,196,194,21,215,0
2021-11-24,Siskiyou,093,43540,3435,3336,1342,4678,54
2021-11-24,Solano,095,438530,46926,46163,1343,47506,356
2021-11-24,Sonoma,097,501317,42737,42368,558,42926,405
2021-11-24,Stanislaus,099,539301,80714,80782,9183,89965,1220
2021-11-24,Sutter,101,95872,14163,14127,380,14507,181
2021-11-24,Tehama,103,63373,8772,8675,1537,10212,129
2021-11-24,Trinity,105,12862,895,789,227,1016,17
2021-11-24,Tulare,107,460477,70646,69377,15958,85335,1082
2021-11-24,Tuolumne,109,53932,7617,7574,114,7688,90
2021-11-24,Ventura,111,848112,100066,99163,4403,103566,1188
2021-11-24,Yolo,113,214977,20432,20237,1234,21471,257
2021-11-24,Yuba,115,75493,10417,10335,370,10705,88
2021-11-23,Alameda,001,1643700,122316,121618,2898,124516,1477
2021-11-23,Alpine,003,1148,105,106,0,106,0
2021-11-23,Amador,005,37829,5713,5670,70,5740,66
2021-11-23,Butte,007,227075,21677,21384,3930,25314,309
2021-11-23,Calaveras,009,45235,4350,4294,59,4353,85
2021-11-23,Colusa,011,21464,2603,2568,663,3231,19
2021-11-23,Contra Costa,013,1133247,101615,100961,2308,103269,1045
2021-11-23,Del Norte,015,27424,3749,3661,56,3717,42
2021-11-23,El Dorado,017,186661,16650,16399,1788,18187,161
2021-11-23,Fresno,019,978130,145135,143386,13198,156584,2246
2021-11-23,Glenn,021,27897,3568,3532,1031,4563,36
2021-11-23,Humboldt,023,135768,9500,9399,646,10045,115
2021-11-23,Imperial,025,180216,35044,34611,3496,38107,769
2021-11-23,Inyo,027,18085,2535,2506,42,2548,45
2021-11-23,Kern,029,883053,131941,130245,23683,153928,1773
2021-11-23,Kings,031,150075,33278,32891,2036,34927,358
2021-11-23,Lake,033,64148,6901,6836,156,6992,110
2021-11-23,Lassen,035,31185,7039,6959,409,7368,47
2021-11-23,Los Angeles,037,10098052,1464764,1454495,55614,1510109,26817
2021-11-23,Madera,039,155013,24164,23880,2275,26155,296
2021-11-23,Marin,041,260295,18008,17857,492,18349,248
2021-11-23,Mariposa,043,17540,1417,1374,60,1434,6
2021-11-23,Mendocino,045,87422,7996,7871,652,8523,89
2021-11-23,Merced,047,269075,43100,42921,2077,44998,664
2021-11-23,Modoc,049,8938,588,551,202,753,5
2021-11-23,Mono,051,14174,1844,1810,23,1833,4
2021-11-23,Monterey,053,433212,49559,48400,3146,51546,625
2021-11-23,Napa,055,140530,13310,13256,119,13375,104
2021-11-23,Nevada,057,99092,9701,9584,343,9927,103
2021-11-23,Orange,059,3164182,313226,310809,15916,326725,5665
2021-11-23,Placer,061,380077,38450,38001,3815,41816,468
2021-11-23,Plumas,063,18699,1929,1860,43,1903,7
2021-11-23,Riverside,065,2383286,372849,367601,16744,384345,5306
2021-11-23,Sacramento,067,1510023,163519,162328,4867,167195,2335
2021-11-23,San Benito,069,59416,7605,7575,179,7754,77
2021-11-23,San Bernardino,071,2135413,363712,360033,11604,371637,5932
2021-11-23,San Diego,073,3302833,384394,382634,22516,405150,4319
2021-11-23,San Francisco,075,870044,54475,53830,2425,56255,669
2021-11-23,San Joaquin,077,732212,102203,101368,5596,106964,1833
2021-11-23,San Luis Obispo,079,281455,30414,29983,1317,31300,358
2021-11-23,San Mateo,081,765935,55432,54360,947,55307,577
2021-11-23,Santa Barbara,083,443738,45670,45318,1605,46923,548
2021-11-23,Santa Clara,085,1922200,151084,149700,1513,151213,1922
2021-11-23,Santa Cruz,087,273765,21197,20929,1032,21961,222
2021-11-23,Shasta,089,179085,22369,22151,3701,25852,396
2021-11-23,Sierra,091,2930,196,194,21,215,0
2021-11-23,Siskiyou,093,43540,3430,3336,1341,4677,54
2021-11-23,Solano,095,438530,46872,46163,1339,47502,356
2021-11-23,Sonoma,097,501317,42686,42368,555,42923,405
2021-11-23,Stanislaus,099,539301,80645,80782,9170,89952,1220
2021-11-23,Sutter,101,95872,14147,14127,379,14506,181
2021-11-23,Tehama,103,63373,8759,8675,1536,10211,129
2021-11-23,Trinity,105,12862,894,789,227,1016,17
2021-11-23,Tulare,107,460477,70599,69377,15928,85305,1082
2021-11-23,Tuolumne,109,53932,7605,7574,113,7687,90
2021-11-23,Ventura,111,848112,99983,99163,4397,103560,1188
2021-11-23,Yolo,113,214977,20411,20237,1226,21463,257
2021-11-23,Yuba,115,75493,10405,10335,370,10705,88
2021-11-22,Alameda,001,1643700,122203,121566,2896,124462,1475
2021-11-22,Alpine,003,1148,105,106,0,106,0
2021-11-22,Amador,005,37829,5700,5670,70,5740,66
2021-11-22,Butte,007,227075,21639,21363,3924,25287,305
2021-11-22,Calaveras,009,45235,4338,4294,59,4353,84
2021-11-22,Colusa,011,21464,2600,2565,663,3228,19
2021-11-22,Contra Costa,013,1133247,101527,100877,2303,103180,1045
2021-11-22,Del Norte,015,27424,3746,3659,56,3715,42
2021-11-22,El Dorado,017,186661,16627,16378,1785,18163,161
2021-11-22,Fresno,019,978130,145002,143290,13190,156480,2243
2021-11-22,Glenn,021,27897,3563,3530,1030,4560,36
2021-11-22,Humboldt,023,135768,9474,9389,641,10030,115
2021-11-22,Imperial,025,180216,34983,34562,3482,38044,766
2021-11-22,Inyo,027,18085,2529,2501,42,2543,44
2021-11-22,Kern,029,883053,131780,130091,23632,153723,1762
2021-11-22,Kings,031,150075,33241,32867,2031,34898,358
2021-11-22,Lake,033,64148,6896,6837,156,6993,110
2021-11-22,Lassen,035,31185,7037,6954,408,7362,47
2021-11-22,Los Angeles,037,10098052,1463700,1453945,55532,1509477,26800
2021-11-22,Madera,039,155013,24130,23872,2267,26139,296
2021-11-22,Marin,041,260295,17977,17842,490,18332,248
2021-11-22,Mariposa,043,17540,1413,1372,60,1432,6
2021-11-22,Mendocino,045,87422,7980,7859,651,8510,89
2021-11-22,Merced,047,269075,43049,42898,2066,44964,660
2021-11-22,Modoc,049,8938,587,551,202,753,5
2021-11-22,Mono,051,14174,1837,1809,23,1832,4
2021-11-22,Monterey,053,433212,49531,48374,3142,51516,611
2021-11-22,Napa,055,140530,13302,13255,118,13373,104
2021-11-22,Nevada,057,99092,9684,9575,341,9916,96
2021-11-22,Orange,059,3164182,312985,310654,15890,326544,5663
2021-11-22,Placer,061,380077,38405,37956,3807,41763,465
2021-11-22,Plumas,063,18699,1926,1858,43,1901,7
2021-11-22,Riverside,065,2383286,372412,367301,16735,384036,5283
2021-11-22,Sacramento,067,1510023,163327,162222,4858,167080,2328
2021-11-22,San Benito,069,59416,7585,7567,179,7746,77
2021-11-22,San Bernardino,071,2135413,363296,359851,11594,371445,5916
2021-11-22,San Diego,073,3302833,383900,382132,22492,404624,4317
2021-11-22,San Francisco,075,870044,54383,53778,2419,56197,669
2021-11-22,San Joaquin,077,732212,102078,101299,5591,106890,1833
2021-11-22,San Luis Obispo,079,281455,30388,29963,1314,31277,358
2021-11-22,San Mateo,081,765935,55375,54330,945,55275,577
2021-11-22,Santa Barbara,083,443738,45594,45279,1605,46884,546
2021-11-22,Santa Clara,085,1922200,150899,149541,1503,151044,1919
2021-11-22,Santa Cruz,087,273765,21156,20891,1032,21923,222
2021-11-22,Shasta,089,179085,22355,22116,3696,25812,393
2021-11-22,Sierra,091,2930,196,193,21,214,0
2021-11-22,Siskiyou,093,43540,3425,3336,1339,4675,54
2021-11-22,Solano,095,438530,46823,46153,1337,47490,356
2021-11-22,Sonoma,097,501317,42625,42344,554,42898,404
2021-11-22,Stanislaus,099,539301,80557,80718,9160,89878,1209
2021-11-22,Sutter,101,95872,14131,14125,377,14502,181
2021-11-22,Tehama,103,63373,8752,8669,1531,10200,127
2021-11-22,Trinity,105,12862,893,785,227,1012,17
2021-11-22,Tulare,107,460477,70537,69314,15891,85205,1075
2021-11-22,Tuolumne,109,53932,7590,7567,113,7680,90
2021-11-22,Ventura,111,848112,99917,99114,4394,103508,1186
2021-11-22,Yolo,113,214977,20388,20227,1224,21451,257
2021-11-22,Yuba,115,75493,10396,10332,369,10701,88
2021-11-21,Alameda,001,1643700,122071,121443,2892,124335,1475
2021-11-21,Alpine,003,1148,103,106,0,106,0
2021-11-21,Amador,005,37829,5695,5662,69,5731,66
2021-11-21,Butte,007,227075,21597,21342,3919,25261,306
2021-11-21,Calaveras,009,45235,4329,4287,59,4346,84
2021-11-21,Colusa,011,21464,2596,2562,662,3224,19
2021-11-21,Contra Costa,013,1133247,101425,100807,2297,103104,1045
2021-11-21,Del Norte,015,27424,3742,3659,56,3715,42
2021-11-21,El Dorado,017,186661,16600,16370,1779,18149,161
2021-11-21,Fresno,019,978130,144830,143203,13170,156373,2242
2021-11-21,Glenn,021,27897,3559,3529,1030,4559,36
2021-11-21,Humboldt,023,135768,9451,9378,640,10018,115
2021-11-21,Imperial,025,180216,34895,34527,3472,37999,766
2021-11-21,Inyo,027,18085,2522,2501,42,2543,44
2021-11-21,Kern,029,883053,131617,130020,23586,153606,1762
2021-11-21,Kings,031,150075,33203,32843,2027,34870,356
2021-11-21,Lake,033,64148,6889,6834,156,6990,110
2021-11-21,Lassen,035,31185,7028,6953,408,7361,47
2021-11-21,Los Angeles,037,10098052,1462630,1453181,55476,1508657,26793
2021-11-21,Madera,039,155013,24105,23856,2262,26118,296
2021-11-21,Marin,041,260295,17948,17829,487,18316,248
2021-11-21,Mariposa,043,17540,1412,1371,59,1430,6
2021-11-21,Mendocino,045,87422,7974,7846,648,8494,89
2021-11-21,Merced,047,269075,42994,42881,2062,44943,660
2021-11-21,Modoc,049,8938,583,551,202,753,5
2021-11-21,Mono,051,14174,1827,1799,22,1821,4
2021-11-21,Monterey,053,433212,49485,48358,3133,51491,611
2021-11-21,Napa,055,140530,13289,13250,118,13368,104
2021-11-21,Nevada,057,99092,9658,9556,340,9896,96
2021-11-21,Orange,059,3164182,312728,310477,15858,326335,5663
2021-11-21,Placer,061,380077,38323,37929,3806,41735,465
2021-11-21,Plumas,063,18699,1921,1858,43,1901,7
2021-11-21,Riverside,065,2383286,371920,367093,16727,383820,5283
2021-11-21,Sacramento,067,1510023,163110,162087,4848,166935,2327
2021-11-21,San Benito,069,59416,7571,7563,178,7741,77
2021-11-21,San Bernardino,071,2135413,362804,359621,11557,371178,5912
2021-11-21,San Diego,073,3302833,383369,380747,22467,403214,4317
2021-11-21,San Francisco,075,870044,54314,53741,2414,56155,669
2021-11-21,San Joaquin,077,732212,101972,101264,5578,106842,1833
2021-11-21,San Luis Obispo,079,281455,30350,29948,1314,31262,358
2021-11-21,San Mateo,081,765935,55323,54290,943,55233,577
2021-11-21,Santa Barbara,083,443738,45533,45237,1602,46839,546
2021-11-21,Santa Clara,085,1922200,150694,149387,1483,150870,1918
2021-11-21,Santa Cruz,087,273765,21112,20866,1030,21896,222
2021-11-21,Shasta,089,179085,22324,22112,3694,25806,393
2021-11-21,Sierra,091,2930,196,193,21,214,0
2021-11-21,Siskiyou,093,43540,3420,3333,1338,4671,54
2021-11-21,Solano,095,438530,46767,46122,1330,47452,356
2021-11-21,Sonoma,097,501317,42565,42298,553,42851,404
2021-11-21,Stanislaus,099,539301,80462,80687,9145,89832,1209
2021-11-21,Sutter,101,95872,14117,14111,377,14488,181
2021-11-21,Tehama,103,63373,8746,8669,1530,10199,127
2021-11-21,Trinity,105,12862,891,784,225,1009,17
2021-11-21,Tulare,107,460477,70453,69285,15852,85137,1075
2021-11-21,Tuolumne,109,53932,7582,7560,112,7672,90
2021-11-21,Ventura,111,848112,99826,99081,4390,103471,1186
2021-11-21,Yolo,113,214977,20360,20209,1221,21430,257
2021-11-21,Yuba,115,75493,10387,10326,369,10695,88
2021-11-20,Alameda,001,1643700,121978,121059,2885,123944,1473
2021-11-20,Alpine,003,1148,103,105,0,105,0
2021-11-20,Amador,005,37829,5689,5652,68,5720,66
2021-11-20,Butte,007,227075,21582,21265,3915,25180,300
2021-11-20,Calaveras,009,45235,4319,4268,59,4327,84
2021-11-20,Colusa,011,21464,2595,2549,661,3210,19
2021-11-20,Contra Costa,013,1133247,101348,100491,2293,102784,1043
2021-11-20,Del Norte,015,27424,3739,3637,56,3693,42
2021-11-20,El Dorado,017,186661,16579,16308,1777,18085,161
2021-11-20,Fresno,019,978130,144760,142579,13161,155740,2233
2021-11-20,Glenn,021,27897,3558,3526,1029,4555,35
2021-11-20,Humboldt,023,135768,9438,9302,638,9940,115
2021-11-20,Imperial,025,180216,34843,34312,3466,37778,766
2021-11-20,Inyo,027,18085,2521,2467,42,2509,44
2021-11-20,Kern,029,883053,131516,129488,23549,153037,1750
2021-11-20,Kings,031,150075,33193,32720,2027,34747,354
2021-11-20,Lake,033,64148,6886,6808,156,6964,110
2021-11-20,Lassen,035,31185,7027,6931,408,7339,47
2021-11-20,Los Angeles,037,10098052,1462010,1448963,55428,1504391,26741
2021-11-20,Madera,039,155013,24091,23720,2258,25978,296
2021-11-20,Marin,041,260295,17933,17774,487,18261,248
2021-11-20,Mariposa,043,17540,1411,1354,59,1413,6
2021-11-20,Mendocino,045,87422,7966,7773,648,8421,89
2021-11-20,Merced,047,269075,42968,42692,2062,44754,656
2021-11-20,Modoc,049,8938,582,550,202,752,5
2021-11-20,Mono,051,14174,1821,1767,22,1789,4
2021-11-20,Monterey,053,433212,49472,48260,3125,51385,609
2021-11-20,Napa,055,140530,13286,13184,118,13302,103
2021-11-20,Nevada,057,99092,9642,9480,340,9820,92
2021-11-20,Orange,059,3164182,312529,309672,15841,325513,5658
2021-11-20,Placer,061,380077,38283,37800,3801,41601,462
2021-11-20,Plumas,063,18699,1917,1841,43,1884,7
2021-11-20,Riverside,065,2383286,371647,365809,16715,382524,5265
2021-11-20,Sacramento,067,1510023,163006,161533,4844,166377,2316
2021-11-20,San Benito,069,59416,7567,7533,178,7711,77
2021-11-20,San Bernardino,071,2135413,362530,358322,11546,369868,5897
2021-11-20,San Diego,073,3302833,383044,380147,22441,402588,4311
2021-11-20,San Francisco,075,870044,54275,53525,2413,55938,669
2021-11-20,San Joaquin,077,732212,101922,100922,5573,106495,1832
2021-11-20,San Luis Obispo,079,281455,30336,29815,1313,31128,355
2021-11-20,San Mateo,081,765935,55289,54132,942,55074,577
2021-11-20,Santa Barbara,083,443738,45501,45074,1602,46676,544
2021-11-20,Santa Clara,085,1922200,150587,148829,1482,150311,1917
2021-11-20,Santa Cruz,087,273765,21094,20756,1030,21786,222
2021-11-20,Shasta,089,179085,22300,21968,3693,25661,383
2021-11-20,Sierra,091,2930,196,191,21,212,0
2021-11-20,Siskiyou,093,43540,3417,3313,1338,4651,54
2021-11-20,Solano,095,438530,46746,46006,1330,47336,356
2021-11-20,Sonoma,097,501317,42534,42151,553,42704,403
2021-11-20,Stanislaus,099,539301,80416,80412,9141,89553,1205
2021-11-20,Sutter,101,95872,14109,14074,377,14451,181
2021-11-20,Tehama,103,63373,8741,8648,1530,10178,125
2021-11-20,Trinity,105,12862,887,771,225,996,17
2021-11-20,Tulare,107,460477,70414,69074,15831,84905,1054
2021-11-20,Tuolumne,109,53932,7574,7511,112,7623,90
2021-11-20,Ventura,111,848112,99777,98893,4383,103276,1186
2021-11-20,Yolo,113,214977,20352,20139,1217,21356,257
2021-11-20,Yuba,115,75493,10381,10290,368,10658,88
2021-11-19,Alameda,001,1643700,121902,121059,2882,123941,1473
2021-11-19,Alpine,003,1148,103,105,0,105,0
2021-11-19,Amador,005,37829,5679,5652,68,5720,66
2021-11-19,Butte,007,227075,21559,21265,3909,25174,300
2021-11-19,Calaveras,009,45235,4312,4268,59,4327,84
2021-11-19,Colusa,011,21464,2593,2549,660,3209,19
2021-11-19,Contra Costa,013,1133247,101291,100491,2288,102779,1043
2021-11-19,Del Norte,015,27424,3734,3637,56,3693,42
2021-11-19,El Dorado,017,186661,16557,16308,1775,18083,161
2021-11-19,Fresno,019,978130,144642,142579,13152,155731,2233
2021-11-19,Glenn,021,27897,3557,3526,1028,4554,35
2021-11-19,Humboldt,023,135768,9425,9302,635,9937,115
2021-11-19,Imperial,025,180216,34806,34312,3459,37771,766
2021-11-19,Inyo,027,18085,2517,2467,42,2509,44
2021-11-19,Kern,029,883053,131413,129488,23506,152994,1750
2021-11-19,Kings,031,150075,33168,32720,2025,34745,354
2021-11-19,Lake,033,64148,6883,6808,156,6964,110
2021-11-19,Lassen,035,31185,7022,6931,407,7338,47
2021-11-19,Los Angeles,037,10098052,1461324,1448963,55374,1504337,26741
2021-11-19,Madera,039,155013,24070,23720,2253,25973,296
2021-11-19,Marin,041,260295,17915,17774,485,18259,248
2021-11-19,Mariposa,043,17540,1409,1354,59,1413,6
2021-11-19,Mendocino,045,87422,7946,7773,648,8421,89
2021-11-19,Merced,047,269075,42942,42692,2061,44753,656
2021-11-19,Modoc,049,8938,581,550,202,752,5
2021-11-19,Mono,051,14174,1810,1767,22,1789,4
2021-11-19,Monterey,053,433212,49450,48260,3125,51385,609
2021-11-19,Napa,055,140530,13276,13184,117,13301,103
2021-11-19,Nevada,057,99092,9629,9480,340,9820,92
2021-11-19,Orange,059,3164182,312375,309672,15816,325488,5658
2021-11-19,Placer,061,380077,38246,37800,3797,41597,462
2021-11-19,Plumas,063,18699,1913,1841,43,1884,7
2021-11-19,Riverside,065,2383286,371373,365809,16711,382520,5265
2021-11-19,Sacramento,067,1510023,162881,161533,4840,166373,2316
2021-11-19,San Benito,069,59416,7561,7533,176,7709,77
2021-11-19,San Bernardino,071,2135413,362208,358322,11537,369859,5897
2021-11-19,San Diego,073,3302833,382653,380147,22415,402562,4311
2021-11-19,San Francisco,075,870044,54237,53525,2413,55938,669
2021-11-19,San Joaquin,077,732212,101865,100922,5569,106491,1832
2021-11-19,San Luis Obispo,079,281455,30318,29815,1311,31126,355
2021-11-19,San Mateo,081,765935,55241,54132,938,55070,577
2021-11-19,Santa Barbara,083,443738,45464,45074,1602,46676,544
2021-11-19,Santa Clara,085,1922200,150438,148829,1479,150308,1917
2021-11-19,Santa Cruz,087,273765,21067,20756,1027,21783,222
2021-11-19,Shasta,089,179085,22288,21968,3692,25660,383
2021-11-19,Sierra,091,2930,196,191,21,212,0
2021-11-19,Siskiyou,093,43540,3414,3313,1338,4651,54
2021-11-19,Solano,095,438530,46716,46006,1326,47332,356
2021-11-19,Sonoma,097,501317,42501,42151,550,42701,403
2021-11-19,Stanislaus,099,539301,80359,80412,9131,89543,1205
2021-11-19,Sutter,101,95872,14107,14074,377,14451,181
2021-11-19,Tehama,103,63373,8738,8648,1530,10178,125
2021-11-19,Trinity,105,12862,885,771,225,996,17
2021-11-19,Tulare,107,460477,70373,69074,15803,84877,1054
2021-11-19,Tuolumne,109,53932,7563,7511,112,7623,90
2021-11-19,Ventura,111,848112,99712,98893,4379,103272,1186
2021-11-19,Yolo,113,214977,20341,20139,1215,21354,257
2021-11-19,Yuba,115,75493,10378,10290,368,10658,88
2021-11-18,Alameda,001,1643700,121777,121059,2875,123934,1473
2021-11-18,Alpine,003,1148,103,105,0,105,0
2021-11-18,Amador,005,37829,5677,5652,68,5720,66
2021-11-18,Butte,007,227075,21542,21265,3901,25166,300
2021-11-18,Calaveras,009,45235,4305,4268,58,4326,84
2021-11-18,Colusa,011,21464,2585,2549,660,3209,19
2021-11-18,Contra Costa,013,1133247,101188,100491,2280,102771,1043
2021-11-18,Del Norte,015,27424,3731,3637,56,3693,42
2021-11-18,El Dorado,017,186661,16538,16308,1772,18080,161
2021-11-18,Fresno,019,978130,144502,142579,13142,155721,2233
2021-11-18,Glenn,021,27897,3556,3526,1027,4553,35
2021-11-18,Humboldt,023,135768,9409,9302,630,9932,115
2021-11-18,Imperial,025,180216,34751,34312,3443,37755,766
2021-11-18,Inyo,027,18085,2509,2467,42,2509,44
2021-11-18,Kern,029,883053,131267,129488,23458,152946,1750
2021-11-18,Kings,031,150075,33131,32720,2022,34742,354
2021-11-18,Lake,033,64148,6878,6808,156,6964,110
2021-11-18,Lassen,035,31185,7019,6931,402,7333,47
2021-11-18,Los Angeles,037,10098052,1460333,1448963,55312,1504275,26741
2021-11-18,Madera,039,155013,24045,23720,2249,25969,296
2021-11-18,Marin,041,260295,17898,17774,481,18255,248
2021-11-18,Mariposa,043,17540,1406,1354,59,1413,6
2021-11-18,Mendocino,045,87422,7924,7773,639,8412,89
2021-11-18,Merced,047,269075,42885,42692,2059,44751,656
2021-11-18,Modoc,049,8938,569,550,202,752,5
2021-11-18,Mono,051,14174,1802,1767,22,1789,4
2021-11-18,Monterey,053,433212,49425,48260,3120,51380,609
2021-11-18,Napa,055,140530,13264,13184,116,13300,103
2021-11-18,Nevada,057,99092,9605,9480,340,9820,92
2021-11-18,Orange,059,3164182,312138,309672,15796,325468,5658
2021-11-18,Placer,061,380077,38203,37800,3786,41586,462
2021-11-18,Plumas,063,18699,1912,1841,43,1884,7
2021-11-18,Riverside,065,2383286,371000,365809,16698,382507,5265
2021-11-18,Sacramento,067,1510023,162653,161533,4825,166358,2316
2021-11-18,San Benito,069,59416,7551,7533,176,7709,77
2021-11-18,San Bernardino,071,2135413,361776,358322,11518,369840,5897
2021-11-18,San Diego,073,3302833,382155,380147,22399,402546,4311
2021-11-18,San Francisco,075,870044,54185,53525,2409,55934,669
2021-11-18,San Joaquin,077,732212,101772,100922,5560,106482,1832
2021-11-18,San Luis Obispo,079,281455,30288,29815,1310,31125,355
2021-11-18,San Mateo,081,765935,55182,54132,935,55067,577
2021-11-18,Santa Barbara,083,443738,45418,45074,1595,46669,544
2021-11-18,Santa Clara,085,1922200,150251,148829,1471,150300,1917
2021-11-18,Santa Cruz,087,273765,21016,20756,1026,21782,222
2021-11-18,Shasta,089,179085,22252,21968,3687,25655,383
2021-11-18,Sierra,091,2930,195,191,21,212,0
2021-11-18,Siskiyou,093,43540,3414,3313,1334,4647,54
2021-11-18,Solano,095,438530,46674,46006,1323,47329,356
2021-11-18,Sonoma,097,501317,42452,42151,548,42699,403
2021-11-18,Stanislaus,099,539301,80292,80412,9123,89535,1205
2021-11-18,Sutter,101,95872,14096,14074,376,14450,181
2021-11-18,Tehama,103,63373,8733,8648,1530,10178,125
2021-11-18,Trinity,105,12862,884,771,225,996,17
2021-11-18,Tulare,107,460477,70300,69074,15755,84829,1054
2021-11-18,Tuolumne,109,53932,7553,7511,112,7623,90
2021-11-18,Ventura,111,848112,99635,98893,4375,103268,1186
2021-11-18,Yolo,113,214977,20324,20139,1211,21350,257
2021-11-18,Yuba,115,75493,10372,10290,368,10658,88
2021-11-17,Alameda,001,1643700,121655,120913,2874,123787,1472
2021-11-17,Alpine,003,1148,103,105,0,105,0
2021-11-17,Amador,005,37829,5671,5646,68,5714,66
2021-11-17,Butte,007,227075,21516,21230,3898,25128,300
2021-11-17,Calaveras,009,45235,4298,4259,58,4317,84
2021-11-17,Colusa,011,21464,2582,2546,659,3205,19
2021-11-17,Contra Costa,013,1133247,101096,100387,2276,102663,1039
2021-11-17,Del Norte,015,27424,3728,3630,56,3686,42
2021-11-17,El Dorado,017,186661,16518,16269,1771,18040,161
2021-11-17,Fresno,019,978130,144319,142366,13129,155495,2230
2021-11-17,Glenn,021,27897,3554,3527,1026,4553,34
2021-11-17,Humboldt,023,135768,9398,9270,627,9897,115
2021-11-17,Imperial,025,180216,34695,34256,3421,37677,766
2021-11-17,Inyo,027,18085,2503,2457,42,2499,44
2021-11-17,Kern,029,883053,131094,129307,23416,152723,1743
2021-11-17,Kings,031,150075,33104,32669,2018,34687,352
2021-11-17,Lake,033,64148,6874,6795,155,6950,110
2021-11-17,Lassen,035,31185,7017,6918,402,7320,47
2021-11-17,Los Angeles,037,10098052,1459233,1447947,55246,1503193,26721
2021-11-17,Madera,039,155013,24012,23673,2247,25920,287
2021-11-17,Marin,041,260295,17878,17757,479,18236,248
2021-11-17,Mariposa,043,17540,1402,1353,59,1412,6
2021-11-17,Mendocino,045,87422,7916,7735,638,8373,89
2021-11-17,Merced,047,269075,42826,42612,2054,44666,654
2021-11-17,Modoc,049,8938,565,540,202,742,5
2021-11-17,Mono,051,14174,1798,1765,22,1787,5
2021-11-17,Monterey,053,433212,49377,48221,3109,51330,609
2021-11-17,Napa,055,140530,13241,13167,116,13283,103
2021-11-17,Nevada,057,99092,9592,9447,340,9787,92
2021-11-17,Orange,059,3164182,311891,309396,15762,325158,5651
2021-11-17,Placer,061,380077,38155,37725,3777,41502,460
2021-11-17,Plumas,063,18699,1907,1833,43,1876,7
2021-11-17,Riverside,065,2383286,370589,365406,16685,382091,5229
2021-11-17,Sacramento,067,1510023,162483,161269,4818,166087,2302
2021-11-17,San Benito,069,59416,7544,7524,176,7700,77
2021-11-17,San Bernardino,071,2135413,361410,357947,11501,369448,5893
2021-11-17,San Diego,073,3302833,381665,379769,22373,402142,4301
2021-11-17,San Francisco,075,870044,54130,53469,2406,55875,667
2021-11-17,San Joaquin,077,732212,101670,100764,5555,106319,1828
2021-11-17,San Luis Obispo,079,281455,30262,29731,1307,31038,354
2021-11-17,San Mateo,081,765935,55114,54092,932,55024,577
2021-11-17,Santa Barbara,083,443738,45380,45000,1595,46595,542
2021-11-17,Santa Clara,085,1922200,150087,148626,1463,150089,1915
2021-11-17,Santa Cruz,087,273765,20981,20700,1026,21726,222
2021-11-17,Shasta,089,179085,22219,21883,3685,25568,382
2021-11-17,Sierra,091,2930,194,189,21,210,0
2021-11-17,Siskiyou,093,43540,3410,3307,1331,4638,54
2021-11-17,Solano,095,438530,46641,45948,1322,47270,353
2021-11-17,Sonoma,097,501317,42406,42093,545,42638,403
2021-11-17,Stanislaus,099,539301,80203,80276,9113,89389,1199
2021-11-17,Sutter,101,95872,14082,14064,374,14438,181
2021-11-17,Tehama,103,63373,8723,8633,1527,10160,125
2021-11-17,Trinity,105,12862,883,765,225,990,17
2021-11-17,Tulare,107,460477,70228,68977,15728,84705,1047
2021-11-17,Tuolumne,109,53932,7536,7485,112,7597,90
2021-11-17,Ventura,111,848112,99573,98812,4369,103181,1183
2021-11-17,Yolo,113,214977,20305,20100,1207,21307,257
2021-11-17,Yuba,115,75493,10360,10275,364,10639,88
2021-11-16,Alameda,001,1643700,121545,120809,2870,123679,1467
2021-11-16,Alpine,003,1148,103,105,0,105,0
2021-11-16,Amador,005,37829,5665,5644,68,5712,66
2021-11-16,Butte,007,227075,21490,21208,3893,25101,297
2021-11-16,Calaveras,009,45235,4289,4249,58,4307,83
2021-11-16,Colusa,011,21464,2576,2538,659,3197,19
2021-11-16,Contra Costa,013,1133247,100975,100320,2273,102593,1038
2021-11-16,Del Norte,015,27424,3722,3630,56,3686,42
2021-11-16,El Dorado,017,186661,16493,16248,1769,18017,159
2021-11-16,Fresno,019,978130,144132,142200,13107,155307,2218
2021-11-16,Glenn,021,27897,3553,3527,1023,4550,34
2021-11-16,Humboldt,023,135768,9377,9252,623,9875,115
2021-11-16,Imperial,025,180216,34611,34177,3407,37584,766
2021-11-16,Inyo,027,18085,2496,2449,42,2491,42
2021-11-16,Kern,029,883053,130934,129136,23355,152491,1735
2021-11-16,Kings,031,150075,33051,32614,2011,34625,350
2021-11-16,Lake,033,64148,6869,6789,155,6944,110
2021-11-16,Lassen,035,31185,7007,6915,402,7317,47
2021-11-16,Los Angeles,037,10098052,1458059,1446815,55174,1501989,26703
2021-11-16,Madera,039,155013,23974,23642,2241,25883,287
2021-11-16,Marin,041,260295,17859,17736,478,18214,248
2021-11-16,Mariposa,043,17540,1394,1349,58,1407,6
2021-11-16,Mendocino,045,87422,7874,7723,634,8357,89
2021-11-16,Merced,047,269075,42789,42578,2047,44625,653
2021-11-16,Modoc,049,8938,564,539,201,740,5
2021-11-16,Mono,051,14174,1789,1767,22,1789,4
2021-11-16,Monterey,053,433212,49347,48195,3095,51290,609
2021-11-16,Napa,055,140530,13230,13151,116,13267,103
2021-11-16,Nevada,057,99092,9575,9435,339,9774,92
2021-11-16,Orange,059,3164182,311624,309170,15727,324897,5651
2021-11-16,Placer,061,380077,38113,37676,3771,41447,459
2021-11-16,Plumas,063,18699,1898,1832,43,1875,7
2021-11-16,Riverside,065,2383286,370167,365078,16663,381741,5208
2021-11-16,Sacramento,067,1510023,162303,161102,4806,165908,2299
2021-11-16,San Benito,069,59416,7530,7513,176,7689,77
2021-11-16,San Bernardino,071,2135413,360992,357528,11448,368976,5901
2021-11-16,San Diego,073,3302833,381113,379435,22346,401781,4287
2021-11-16,San Francisco,075,870044,54057,53415,2398,55813,667
2021-11-16,San Joaquin,077,732212,101530,100637,5539,106176,1807
2021-11-16,San Luis Obispo,079,281455,30230,29703,1304,31007,356
2021-11-16,San Mateo,081,765935,55052,54034,930,54964,577
2021-11-16,Santa Barbara,083,443738,45312,44932,1592,46524,539
2021-11-16,Santa Clara,085,1922200,149906,148452,1451,149903,1916
2021-11-16,Santa Cruz,087,273765,20936,20684,1024,21708,222
2021-11-16,Shasta,089,179085,22180,21853,3681,25534,379
2021-11-16,Sierra,091,2930,194,189,21,210,0
2021-11-16,Siskiyou,093,43540,3407,3304,1329,4633,54
2021-11-16,Solano,095,438530,46601,45908,1321,47229,351
2021-11-16,Sonoma,097,501317,42357,42056,544,42600,401
2021-11-16,Stanislaus,099,539301,80108,80214,9089,89303,1196
2021-11-16,Sutter,101,95872,14070,14058,373,14431,181
2021-11-16,Tehama,103,63373,8716,8621,1520,10141,125
2021-11-16,Trinity,105,12862,883,762,224,986,17
2021-11-16,Tulare,107,460477,70148,68881,15691,84572,1039
2021-11-16,Tuolumne,109,53932,7526,7478,112,7590,90
2021-11-16,Ventura,111,848112,99498,98731,4366,103097,1183
2021-11-16,Yolo,113,214977,20266,20077,1205,21282,257
2021-11-16,Yuba,115,75493,10352,10262,362,10624,85
2021-11-15,Alameda,001,1643700,121389,120731,2865,123596,1464
2021-11-15,Alpine,003,1148,103,105,0,105,0
2021-11-15,Amador,005,37829,5660,5637,68,5705,66
2021-11-15,Butte,007,227075,21465,21182,3889,25071,296
2021-11-15,Calaveras,009,45235,4275,4237,58,4295,83
2021-11-15,Colusa,011,21464,2569,2535,656,3191,19
2021-11-15,Contra Costa,013,1133247,100869,100251,2270,102521,1038
2021-11-15,Del Norte,015,27424,3717,3630,55,3685,42
2021-11-15,El Dorado,017,186661,16469,16236,1765,18001,159
2021-11-15,Fresno,019,978130,143909,142015,13085,155100,2210
2021-11-15,Glenn,021,27897,3551,3526,1023,4549,34
2021-11-15,Humboldt,023,135768,9355,9230,615,9845,115
2021-11-15,Imperial,025,180216,34538,34130,3391,37521,766
2021-11-15,Inyo,027,18085,2491,2442,42,2484,42
2021-11-15,Kern,029,883053,130725,128928,23284,152212,1730
2021-11-15,Kings,031,150075,33017,32584,2006,34590,348
2021-11-15,Lake,033,64148,6865,6784,155,6939,109
2021-11-15,Lassen,035,31185,6996,6915,400,7315,47
2021-11-15,Los Angeles,037,10098052,1456872,1446114,55111,1501225,26677
2021-11-15,Madera,039,155013,23936,23605,2230,25835,287
2021-11-15,Marin,041,260295,17842,17723,477,18200,248
2021-11-15,Mariposa,043,17540,1393,1347,56,1403,6
2021-11-15,Mendocino,045,87422,7854,7694,628,8322,89
2021-11-15,Merced,047,269075,42732,42552,2036,44588,648
2021-11-15,Modoc,049,8938,563,538,200,738,5
2021-11-15,Mono,051,14174,1784,1763,22,1785,4
2021-11-15,Monterey,053,433212,49315,48154,3089,51243,609
2021-11-15,Napa,055,140530,13222,13143,116,13259,103
2021-11-15,Nevada,057,99092,9546,9420,338,9758,92
2021-11-15,Orange,059,3164182,311347,308859,15702,324561,5646
2021-11-15,Placer,061,380077,38049,37610,3767,41377,452
2021-11-15,Plumas,063,18699,1891,1829,43,1872,7
2021-11-15,Riverside,065,2383286,369720,364750,16644,381394,5199
2021-11-15,Sacramento,067,1510023,162083,160937,4794,165731,2293
2021-11-15,San Benito,069,59416,7525,7511,175,7686,77
2021-11-15,San Bernardino,071,2135413,360570,357306,11429,368735,5898
2021-11-15,San Diego,073,3302833,380577,378845,22321,401166,4284
2021-11-15,San Francisco,075,870044,53989,53374,2395,55769,667
2021-11-15,San Joaquin,077,732212,101376,100587,5528,106115,1799
2021-11-15,San Luis Obispo,079,281455,30187,29669,1292,30961,351
2021-11-15,San Mateo,081,765935,54999,54010,928,54938,576
2021-11-15,Santa Barbara,083,443738,45256,44879,1586,46465,539
2021-11-15,Santa Clara,085,1922200,149689,148313,1444,149757,1914
2021-11-15,Santa Cruz,087,273765,20894,20630,1023,21653,223
2021-11-15,Shasta,089,179085,22135,21779,3676,25455,374
2021-11-15,Sierra,091,2930,194,189,21,210,0
2021-11-15,Siskiyou,093,43540,3400,3302,1327,4629,54
2021-11-15,Solano,095,438530,46562,45885,1316,47201,351
2021-11-15,Sonoma,097,501317,42306,42021,543,42564,401
2021-11-15,Stanislaus,099,539301,80023,80129,9075,89204,1174
2021-11-15,Sutter,101,95872,14057,14043,372,14415,181
2021-11-15,Tehama,103,63373,8710,8615,1519,10134,125
2021-11-15,Trinity,105,12862,881,757,222,979,17
2021-11-15,Tulare,107,460477,70061,68826,15645,84471,1039
2021-11-15,Tuolumne,109,53932,7515,7461,112,7573,90
2021-11-15,Ventura,111,848112,99414,98605,4361,102966,1183
2021-11-15,Yolo,113,214977,20236,20065,1200,21265,255
2021-11-15,Yuba,115,75493,10333,10254,358,10612,85
2021-11-14,Alameda,001,1643700,121214,120629,2861,123490,1461
2021-11-14,Alpine,003,1148,102,105,0,105,0
2021-11-14,Amador,005,37829,5653,5632,67,5699,66
2021-11-14,Butte,007,227075,21434,21146,3880,25026,296
2021-11-14,Calaveras,009,45235,4264,4222,58,4280,83
2021-11-14,Colusa,011,21464,2567,2532,653,3185,19
2021-11-14,Contra Costa,013,1133247,100761,100188,2268,102456,1038
2021-11-14,Del Norte,015,27424,3714,3629,55,3684,42
2021-11-14,El Dorado,017,186661,16427,16212,1760,17972,159
2021-11-14,Fresno,019,978130,143626,141869,13052,154921,2209
2021-11-14,Glenn,021,27897,3549,3521,1023,4544,34
2021-11-14,Humboldt,023,135768,9325,9215,605,9820,115
2021-11-14,Imperial,025,180216,34435,34078,3376,37454,766
2021-11-14,Inyo,027,18085,2479,2441,42,2483,42
2021-11-14,Kern,029,883053,130485,128842,23214,152056,1730
2021-11-14,Kings,031,150075,32960,32545,1999,34544,349
2021-11-14,Lake,033,64148,6857,6777,155,6932,109
2021-11-14,Lassen,035,31185,6986,6911,399,7310,47
2021-11-14,Los Angeles,037,10098052,1455508,1445284,55035,1500319,26667
2021-11-14,Madera,039,155013,23886,23566,2221,25787,287
2021-11-14,Marin,041,260295,17827,17712,477,18189,247
2021-11-14,Mariposa,043,17540,1383,1337,52,1389,6
2021-11-14,Mendocino,045,87422,7821,7684,623,8307,89
2021-11-14,Merced,047,269075,42642,42513,2030,44543,648
2021-11-14,Modoc,049,8938,561,538,200,738,5
2021-11-14,Mono,051,14174,1772,1760,22,1782,4
2021-11-14,Monterey,053,433212,49260,48135,3071,51206,609
2021-11-14,Napa,055,140530,13204,13132,116,13248,103
2021-11-14,Nevada,057,99092,9518,9408,338,9746,92
2021-11-14,Orange,059,3164182,311027,308699,15681,324380,5646
2021-11-14,Placer,061,380077,37969,37569,3757,41326,452
2021-11-14,Plumas,063,18699,1888,1829,42,1871,7
2021-11-14,Riverside,065,2383286,369222,364490,16627,381117,5199
2021-11-14,Sacramento,067,1510023,161846,160761,4777,165538,2295
2021-11-14,San Benito,069,59416,7514,7507,174,7681,77
2021-11-14,San Bernardino,071,2135413,359990,357014,11412,368426,5897
2021-11-14,San Diego,073,3302833,379981,377633,22290,399923,4280
2021-11-14,San Francisco,075,870044,53914,53338,2390,55728,667
2021-11-14,San Joaquin,077,732212,101248,100518,5523,106041,1799
2021-11-14,San Luis Obispo,079,281455,30106,29645,1288,30933,352
2021-11-14,San Mateo,081,765935,54946,53978,926,54904,576
2021-11-14,Santa Barbara,083,443738,45177,44842,1583,46425,539
2021-11-14,Santa Clara,085,1922200,149491,148152,1436,149588,1913
2021-11-14,Santa Cruz,087,273765,20840,20609,1021,21630,223
2021-11-14,Shasta,089,179085,22083,21771,3663,25434,373
2021-11-14,Sierra,091,2930,194,189,21,210,0
2021-11-14,Siskiyou,093,43540,3391,3302,1326,4628,54
2021-11-14,Solano,095,438530,46506,45860,1309,47169,351
2021-11-14,Sonoma,097,501317,42240,41974,541,42515,401
2021-11-14,Stanislaus,099,539301,79888,80076,9057,89133,1174
2021-11-14,Sutter,101,95872,14040,14031,367,14398,181
2021-11-14,Tehama,103,63373,8700,8607,1517,10124,125
2021-11-14,Trinity,105,12862,878,754,220,974,17
2021-11-14,Tulare,107,460477,69943,68772,15587,84359,1037
2021-11-14,Tuolumne,109,53932,7497,7439,111,7550,90
2021-11-14,Ventura,111,848112,99299,98550,4360,102910,1183
2021-11-14,Yolo,113,214977,20209,20040,1194,21234,255
2021-11-14,Yuba,115,75493,10326,10238,357,10595,85
2021-11-13,Alameda,001,1643700,121142,120407,2859,123266,1454
2021-11-13,Alpine,003,1148,102,105,0,105,0
2021-11-13,Amador,005,37829,5652,5614,67,5681,66
2021-11-13,Butte,007,227075,21414,21104,3877,24981,296
2021-11-13,Calaveras,009,45235,4253,4203,58,4261,83
2021-11-13,Colusa,011,21464,2565,2522,653,3175,19
2021-11-13,Contra Costa,013,1133247,100689,100004,2262,102266,1028
2021-11-13,Del Norte,015,27424,3714,3629,55,3684,42
2021-11-13,El Dorado,017,186661,16415,16163,1757,17920,159
2021-11-13,Fresno,019,978130,143519,141452,13038,154490,2205
2021-11-13,Glenn,021,27897,3549,3514,1022,4536,34
2021-11-13,Humboldt,023,135768,9309,9177,600,9777,115
2021-11-13,Imperial,025,180216,34385,33990,3359,37349,766
2021-11-13,Inyo,027,18085,2473,2436,42,2478,42
2021-11-13,Kern,029,883053,130383,128472,23170,151642,1719
2021-11-13,Kings,031,150075,32943,32452,1998,34450,347
2021-11-13,Lake,033,64148,6852,6769,155,6924,109
2021-11-13,Lassen,035,31185,6981,6897,399,7296,47
2021-11-13,Los Angeles,037,10098052,1454850,1443088,54994,1498082,26649
2021-11-13,Madera,039,155013,23855,23462,2216,25678,287
2021-11-13,Marin,041,260295,17814,17684,475,18159,247
2021-11-13,Mariposa,043,17540,1380,1323,52,1375,6
2021-11-13,Mendocino,045,87422,7802,7652,622,8274,89
2021-11-13,Merced,047,269075,42604,42411,2027,44438,644
2021-11-13,Modoc,049,8938,560,536,200,736,5
2021-11-13,Mono,051,14174,1768,1750,22,1772,4
2021-11-13,Monterey,053,433212,49234,48087,3069,51156,609
2021-11-13,Napa,055,140530,13196,13110,116,13226,103
2021-11-13,Nevada,057,99092,9498,9369,336,9705,92
2021-11-13,Orange,059,3164182,310861,308211,15653,323864,5641
2021-11-13,Placer,061,380077,37919,37453,3754,41207,445
2021-11-13,Plumas,063,18699,1885,1828,42,1870,8
2021-11-13,Riverside,065,2383286,368916,363801,16620,380421,5187
2021-11-13,Sacramento,067,1510023,161709,160397,4764,165161,2291
2021-11-13,San Benito,069,59416,7501,7491,173,7664,77
2021-11-13,San Bernardino,071,2135413,359737,356325,11405,367730,5873
2021-11-13,San Diego,073,3302833,379651,377633,22262,399895,4280
2021-11-13,San Francisco,075,870044,53882,53195,2389,55584,667
2021-11-13,San Joaquin,077,732212,101191,100263,5514,105777,1799
2021-11-13,San Luis Obispo,079,281455,30076,29589,1286,30875,351
2021-11-13,San Mateo,081,765935,54908,53853,925,54778,574
2021-11-13,Santa Barbara,083,443738,45144,44734,1583,46317,537
2021-11-13,Santa Clara,085,1922200,149371,147821,1431,149252,1905
2021-11-13,Santa Cruz,087,273765,20825,20565,1020,21585,223
2021-11-13,Shasta,089,179085,22052,21713,3659,25372,366
2021-11-13,Sierra,091,2930,193,188,21,209,0
2021-11-13,Siskiyou,093,43540,3382,3299,1325,4624,54
2021-11-13,Solano,095,438530,46477,45774,1305,47079,350
2021-11-13,Sonoma,097,501317,42206,41882,540,42422,399
2021-11-13,Stanislaus,099,539301,79813,79872,9043,88915,1174
2021-11-13,Sutter,101,95872,14030,14017,366,14383,181
2021-11-13,Tehama,103,63373,8694,8592,1513,10105,125
2021-11-13,Trinity,105,12862,877,749,220,969,17
2021-11-13,Tulare,107,460477,69877,68619,15564,84183,1033
2021-11-13,Tuolumne,109,53932,7479,7392,111,7503,90
2021-11-13,Ventura,111,848112,99241,98452,4357,102809,1183
2021-11-13,Yolo,113,214977,20195,20009,1189,21198,255
2021-11-13,Yuba,115,75493,10316,10218,355,10573,85
2021-11-12,Alameda,001,1643700,121059,120407,2856,123263,1454
2021-11-12,Alpine,003,1148,102,105,0,105,0
2021-11-12,Amador,005,37829,5648,5614,66,5680,66
2021-11-12,Butte,007,227075,21397,21104,3873,24977,296
2021-11-12,Calaveras,009,45235,4242,4203,58,4261,83
2021-11-12,Colusa,011,21464,2561,2522,652,3174,19
2021-11-12,Contra Costa,013,1133247,100634,100004,2261,102265,1028
2021-11-12,Del Norte,015,27424,3714,3629,55,3684,42
2021-11-12,El Dorado,017,186661,16396,16163,1756,17919,159
2021-11-12,Fresno,019,978130,143376,141452,13024,154476,2205
2021-11-12,Glenn,021,27897,3546,3514,1021,4535,34
2021-11-12,Humboldt,023,135768,9302,9177,598,9775,115
2021-11-12,Imperial,025,180216,34359,33990,3349,37339,766
2021-11-12,Inyo,027,18085,2469,2436,42,2478,42
2021-11-12,Kern,029,883053,130246,128472,23138,151610,1719
2021-11-12,Kings,031,150075,32917,32452,1996,34448,347
2021-11-12,Lake,033,64148,6848,6769,155,6924,109
2021-11-12,Lassen,035,31185,6977,6897,398,7295,47
2021-11-12,Los Angeles,037,10098052,1454123,1443088,54949,1498037,26649
2021-11-12,Madera,039,155013,23826,23462,2211,25673,287
2021-11-12,Marin,041,260295,17798,17684,474,18158,247
2021-11-12,Mariposa,043,17540,1373,1323,52,1375,6
2021-11-12,Mendocino,045,87422,7790,7652,619,8271,89
2021-11-12,Merced,047,269075,42575,42411,2025,44436,644
2021-11-12,Modoc,049,8938,559,536,200,736,5
2021-11-12,Mono,051,14174,1766,1750,22,1772,4
2021-11-12,Monterey,053,433212,49202,48087,3063,51150,609
2021-11-12,Napa,055,140530,13187,13110,116,13226,103
2021-11-12,Nevada,057,99092,9484,9369,335,9704,92
2021-11-12,Orange,059,3164182,310673,308211,15635,323846,5641
2021-11-12,Placer,061,380077,37880,37453,3751,41204,445
2021-11-12,Plumas,063,18699,1879,1828,42,1870,8
2021-11-12,Riverside,065,2383286,368649,363801,16616,380417,5187
2021-11-12,Sacramento,067,1510023,161550,160397,4759,165156,2291
2021-11-12,San Benito,069,59416,7501,7491,173,7664,77
2021-11-12,San Bernardino,071,2135413,359429,356325,11395,367720,5873
2021-11-12,San Diego,073,3302833,379286,377633,22240,399873,4280
2021-11-12,San Francisco,075,870044,53847,53195,2385,55580,667
2021-11-12,San Joaquin,077,732212,101146,100263,5508,105771,1799
2021-11-12,San Luis Obispo,079,281455,30047,29589,1285,30874,351
2021-11-12,San Mateo,081,765935,54858,53853,922,54775,574
2021-11-12,Santa Barbara,083,443738,45089,44734,1582,46316,537
2021-11-12,Santa Clara,085,1922200,149229,147821,1426,149247,1905
2021-11-12,Santa Cruz,087,273765,20797,20565,1018,21583,223
2021-11-12,Shasta,089,179085,22019,21713,3656,25369,366
2021-11-12,Sierra,091,2930,192,188,21,209,0
2021-11-12,Siskiyou,093,43540,3381,3299,1323,4622,54
2021-11-12,Solano,095,438530,46450,45774,1301,47075,350
2021-11-12,Sonoma,097,501317,42166,41882,540,42422,399
2021-11-12,Stanislaus,099,539301,79761,79872,9035,88907,1174
2021-11-12,Sutter,101,95872,14023,14017,366,14383,181
2021-11-12,Tehama,103,63373,8690,8592,1512,10104,125
2021-11-12,Trinity,105,12862,870,749,220,969,17
2021-11-12,Tulare,107,460477,69835,68619,15529,84148,1033
2021-11-12,Tuolumne,109,53932,7466,7392,110,7502,90
2021-11-12,Ventura,111,848112,99176,98452,4356,102808,1183
2021-11-12,Yolo,113,214977,20181,20009,1183,21192,255
2021-11-12,Yuba,115,75493,10307,10218,354,10572,85
2021-11-11,Alameda,001,1643700,120943,120147,2848,122995,1453
2021-11-11,Alpine,003,1148,102,105,0,105,0
2021-11-11,Amador,005,37829,5645,5603,65,5668,66
2021-11-11,Butte,007,227075,21354,21047,3867,24914,293
2021-11-11,Calaveras,009,45235,4224,4179,58,4237,83
2021-11-11,Colusa,011,21464,2553,2518,650,3168,19
2021-11-11,Contra Costa,013,1133247,100529,99808,2256,102064,1028
2021-11-11,Del Norte,015,27424,3712,3622,55,3677,42
2021-11-11,El Dorado,017,186661,16362,16085,1753,17838,159
2021-11-11,Fresno,019,978130,143171,140833,12990,153823,2202
2021-11-11,Glenn,021,27897,3544,3503,1021,4524,34
2021-11-11,Humboldt,023,135768,9279,9125,595,9720,115
2021-11-11,Imperial,025,180216,34290,33844,3327,37171,766
2021-11-11,Inyo,027,18085,2464,2428,42,2470,42
2021-11-11,Kern,029,883053,130061,128023,23074,151097,1709
2021-11-11,Kings,031,150075,32867,32318,1994,34312,345
2021-11-11,Lake,033,64148,6841,6745,155,6900,107
2021-11-11,Lassen,035,31185,6971,6875,398,7273,47
2021-11-11,Los Angeles,037,10098052,1453026,1440436,54891,1495327,26614
2021-11-11,Madera,039,155013,23778,23316,2203,25519,287
2021-11-11,Marin,041,260295,17788,17639,474,18113,247
2021-11-11,Mariposa,043,17540,1363,1317,52,1369,6
2021-11-11,Mendocino,045,87422,7775,7612,610,8222,89
2021-11-11,Merced,047,269075,42519,42292,2022,44314,643
2021-11-11,Modoc,049,8938,557,536,200,736,5
2021-11-11,Mono,051,14174,1762,1743,22,1765,4
2021-11-11,Monterey,053,433212,49167,48008,3051,51059,609
2021-11-11,Napa,055,140530,13179,13075,116,13191,103
2021-11-11,Nevada,057,99092,9462,9308,335,9643,92
2021-11-11,Orange,059,3164182,310399,307674,15597,323271,5633
2021-11-11,Placer,061,380077,37829,37333,3743,41076,440
2021-11-11,Plumas,063,18699,1875,1814,42,1856,7
2021-11-11,Riverside,065,2383286,368215,362930,16598,379528,5175
2021-11-11,Sacramento,067,1510023,161337,159962,4740,164702,2289
2021-11-11,San Benito,069,59416,7493,7473,173,7646,76
2021-11-11,San Bernardino,071,2135413,358999,355413,11382,366795,5849
2021-11-11,San Diego,073,3302833,378778,376428,22217,398645,4272
2021-11-11,San Francisco,075,870044,53788,53063,2383,55446,666
2021-11-11,San Joaquin,077,732212,101051,99937,5493,105430,1799
2021-11-11,San Luis Obispo,079,281455,29996,29532,1283,30815,351
2021-11-11,San Mateo,081,765935,54809,53722,917,54639,574
2021-11-11,Santa Barbara,083,443738,45031,44603,1579,46182,534
2021-11-11,Santa Clara,085,1922200,149047,147458,1420,148878,1901
2021-11-11,Santa Cruz,087,273765,20752,20479,1018,21497,222
2021-11-11,Shasta,089,179085,21972,21600,3654,25254,364
2021-11-11,Sierra,091,2930,191,186,21,207,0
2021-11-11,Siskiyou,093,43540,3375,3297,1322,4619,53
2021-11-11,Solano,095,438530,46413,45679,1300,46979,350
2021-11-11,Sonoma,097,501317,42129,41774,540,42314,395
2021-11-11,Stanislaus,099,539301,79679,79570,9019,88589,1166
2021-11-11,Sutter,101,95872,14009,13993,365,14358,181
2021-11-11,Tehama,103,63373,8678,8565,1510,10075,125
2021-11-11,Trinity,105,12862,869,748,220,968,17
2021-11-11,Tulare,107,460477,69742,68367,15493,83860,1028
2021-11-11,Tuolumne,109,53932,7453,7354,110,7464,90
2021-11-11,Ventura,111,848112,99098,98297,4349,102646,1182
2021-11-11,Yolo,113,214977,20154,19946,1181,21127,255
2021-11-11,Yuba,115,75493,10291,10191,354,10545,85
2021-11-10,Alameda,001,1643700,120834,120147,2838,122985,1453
2021-11-10,Alpine,003,1148,102,105,0,105,0
2021-11-10,Amador,005,37829,5639,5603,65,5668,66
2021-11-10,Butte,007,227075,21328,21047,3863,24910,293
2021-11-10,Calaveras,009,45235,4213,4179,58,4237,83
2021-11-10,Colusa,011,21464,2547,2518,650,3168,19
2021-11-10,Contra Costa,013,1133247,100446,99808,2252,102060,1028
2021-11-10,Del Norte,015,27424,3711,3622,55,3677,42
2021-11-10,El Dorado,017,186661,16346,16085,1752,17837,159
2021-11-10,Fresno,019,978130,142993,140833,12976,153809,2202
2021-11-10,Glenn,021,27897,3544,3503,1020,4523,34
2021-11-10,Humboldt,023,135768,9261,9125,595,9720,115
2021-11-10,Imperial,025,180216,34242,33844,3308,37152,766
2021-11-10,Inyo,027,18085,2457,2428,42,2470,42
2021-11-10,Kern,029,883053,129911,128023,23018,151041,1709
2021-11-10,Kings,031,150075,32834,32318,1992,34310,345
2021-11-10,Lake,033,64148,6831,6745,155,6900,107
2021-11-10,Lassen,035,31185,6966,6875,398,7273,47
2021-11-10,Los Angeles,037,10098052,1452074,1440436,54833,1495269,26614
2021-11-10,Madera,039,155013,23728,23316,2197,25513,287
2021-11-10,Marin,041,260295,17775,17639,472,18111,247
2021-11-10,Mariposa,043,17540,1357,1317,52,1369,6
2021-11-10,Mendocino,045,87422,7763,7612,609,8221,89
2021-11-10,Merced,047,269075,42484,42292,2020,44312,643
2021-11-10,Modoc,049,8938,556,536,199,735,5
2021-11-10,Mono,051,14174,1760,1743,22,1765,4
2021-11-10,Monterey,053,433212,49133,48008,3040,51048,609
2021-11-10,Napa,055,140530,13165,13075,115,13190,103
2021-11-10,Nevada,057,99092,9455,9308,333,9641,92
2021-11-10,Orange,059,3164182,310136,307674,15565,323239,5633
2021-11-10,Placer,061,380077,37783,37333,3736,41069,440
2021-11-10,Plumas,063,18699,1869,1814,41,1855,7
2021-11-10,Riverside,065,2383286,367834,362930,16592,379522,5175
2021-11-10,Sacramento,067,1510023,161182,159962,4730,164692,2289
2021-11-10,San Benito,069,59416,7485,7473,173,7646,76
2021-11-10,San Bernardino,071,2135413,358660,355413,11375,366788,5849
2021-11-10,San Diego,073,3302833,378375,376428,22195,398623,4272
2021-11-10,San Francisco,075,870044,53727,53063,2380,55443,666
2021-11-10,San Joaquin,077,732212,100945,99937,5487,105424,1799
2021-11-10,San Luis Obispo,079,281455,29965,29532,1282,30814,351
2021-11-10,San Mateo,081,765935,54755,53722,916,54638,574
2021-11-10,Santa Barbara,083,443738,44993,44603,1578,46181,534
2021-11-10,Santa Clara,085,1922200,148900,147458,1414,148872,1901
2021-11-10,Santa Cruz,087,273765,20725,20479,1017,21496,222
2021-11-10,Shasta,089,179085,21936,21600,3652,25252,364
2021-11-10,Sierra,091,2930,190,186,21,207,0
2021-11-10,Siskiyou,093,43540,3373,3297,1322,4619,53
2021-11-10,Solano,095,438530,46383,45679,1298,46977,350
2021-11-10,Sonoma,097,501317,42078,41774,540,42314,395
2021-11-10,Stanislaus,099,539301,79577,79570,9003,88573,1166
2021-11-10,Sutter,101,95872,14001,13993,365,14358,181
2021-11-10,Tehama,103,63373,8666,8565,1504,10069,125
2021-11-10,Trinity,105,12862,865,748,219,967,17
2021-11-10,Tulare,107,460477,69682,68367,15452,83819,1028
2021-11-10,Tuolumne,109,53932,7429,7354,110,7464,90
2021-11-10,Ventura,111,848112,99027,98297,4349,102646,1182
2021-11-10,Yolo,113,214977,20135,19946,1180,21126,255
2021-11-10,Yuba,115,75493,10282,10191,354,10545,85
2021-11-09,Alameda,001,1643700,120697,120051,2828,122879,1450
2021-11-09,Alpine,003,1148,102,105,0,105,0
2021-11-09,Amador,005,37829,5633,5596,65,5661,66
2021-11-09,Butte,007,227075,21306,21022,3859,24881,291
2021-11-09,Calaveras,009,45235,4209,4174,58,4232,84
2021-11-09,Colusa,011,21464,2542,2517,649,3166,19
2021-11-09,Contra Costa,013,1133247,100351,99732,2244,101976,1028
2021-11-09,Del Norte,015,27424,3710,3620,55,3675,42
2021-11-09,El Dorado,017,186661,16308,16073,1747,17820,160
2021-11-09,Fresno,019,978130,142747,140666,12961,153627,2188
2021-11-09,Glenn,021,27897,3539,3499,1020,4519,34
2021-11-09,Humboldt,023,135768,9240,9112,590,9702,115
2021-11-09,Imperial,025,180216,34189,33751,3294,37045,766
2021-11-09,Inyo,027,18085,2453,2404,42,2446,42
2021-11-09,Kern,029,883053,129665,127901,22956,150857,1694
2021-11-09,Kings,031,150075,32767,32279,1988,34267,344
2021-11-09,Lake,033,64148,6822,6743,155,6898,106
2021-11-09,Lassen,035,31185,6954,6846,398,7244,47
2021-11-09,Los Angeles,037,10098052,1450810,1439125,54770,1493895,26581
2021-11-09,Madera,039,155013,23678,23285,2188,25473,287
2021-11-09,Marin,041,260295,17756,17630,470,18100,247
2021-11-09,Mariposa,043,17540,1349,1317,51,1368,5
2021-11-09,Mendocino,045,87422,7740,7598,603,8201,85
2021-11-09,Merced,047,269075,42443,42251,2014,44265,613
2021-11-09,Modoc,049,8938,555,536,197,733,5
2021-11-09,Mono,051,14174,1755,1738,22,1760,4
2021-11-09,Monterey,053,433212,49097,47975,3016,50991,609
2021-11-09,Napa,055,140530,13147,13051,115,13166,103
2021-11-09,Nevada,057,99092,9436,9288,333,9621,92
2021-11-09,Orange,059,3164182,309852,307412,15537,322949,5621
2021-11-09,Placer,061,380077,37728,37291,3719,41010,440
2021-11-09,Plumas,063,18699,1867,1802,41,1843,7
2021-11-09,Riverside,065,2383286,367368,362557,16577,379134,5160
2021-11-09,Sacramento,067,1510023,160941,159856,4721,164577,2286
2021-11-09,San Benito,069,59416,7475,7471,172,7643,76
2021-11-09,San Bernardino,071,2135413,358212,354972,11358,366330,5839
2021-11-09,San Diego,073,3302833,377880,375997,22169,398166,4272
2021-11-09,San Francisco,075,870044,53653,52996,2374,55370,666
2021-11-09,San Joaquin,077,732212,100770,99848,5474,105322,1794
2021-11-09,San Luis Obispo,079,281455,29923,29488,1281,30769,350
2021-11-09,San Mateo,081,765935,54708,53697,906,54603,574
2021-11-09,Santa Barbara,083,443738,44926,44579,1571,46150,533
2021-11-09,Santa Clara,085,1922200,148694,147281,1407,148688,1901
2021-11-09,Santa Cruz,087,273765,20691,20463,1016,21479,222
2021-11-09,Shasta,089,179085,21881,21558,3647,25205,364
2021-11-09,Sierra,091,2930,190,186,21,207,0
2021-11-09,Siskiyou,093,43540,3371,3295,1320,4615,52
2021-11-09,Solano,095,438530,46328,45639,1297,46936,350
2021-11-09,Sonoma,097,501317,42021,41727,538,42265,395
2021-11-09,Stanislaus,099,539301,79471,79505,8986,88491,1165
2021-11-09,Sutter,101,95872,13986,13988,363,14351,180
2021-11-09,Tehama,103,63373,8648,8555,1502,10057,125
2021-11-09,Trinity,105,12862,864,746,219,965,17
2021-11-09,Tulare,107,460477,69576,68298,15412,83710,1024
2021-11-09,Tuolumne,109,53932,7409,7347,110,7457,90
2021-11-09,Ventura,111,848112,98949,98202,4344,102546,1182
2021-11-09,Yolo,113,214977,20111,19931,1176,21107,255
2021-11-09,Yuba,115,75493,10265,10175,348,10523,85
2021-11-08,Alameda,001,1643700,120554,119983,2822,122805,1447
2021-11-08,Alpine,003,1148,102,105,0,105,0
2021-11-08,Amador,005,37829,5627,5590,65,5655,66
2021-11-08,Butte,007,227075,21278,21000,3851,24851,288
2021-11-08,Calaveras,009,45235,4201,4166,58,4224,82
2021-11-08,Colusa,011,21464,2541,2514,648,3162,19
2021-11-08,Contra Costa,013,1133247,100247,99669,2240,101909,1028
2021-11-08,Del Norte,015,27424,3706,3619,55,3674,42
2021-11-08,El Dorado,017,186661,16289,16055,1742,17797,156
2021-11-08,Fresno,019,978130,142446,140466,12939,153405,2179
2021-11-08,Glenn,021,27897,3537,3496,1016,4512,34
2021-11-08,Humboldt,023,135768,9213,9095,580,9675,109
2021-11-08,Imperial,025,180216,34109,33690,3276,36966,766
2021-11-08,Inyo,027,18085,2446,2398,42,2440,41
2021-11-08,Kern,029,883053,129429,127722,22873,150595,1692
2021-11-08,Kings,031,150075,32721,32248,1987,34235,344
2021-11-08,Lake,033,64148,6816,6737,155,6892,106
2021-11-08,Lassen,035,31185,6947,6830,396,7226,46
2021-11-08,Los Angeles,037,10098052,1449466,1438322,54711,1493033,26575
2021-11-08,Madera,039,155013,23629,23253,2177,25430,287
2021-11-08,Marin,041,260295,17739,17617,467,18084,247
2021-11-08,Mariposa,043,17540,1341,1316,50,1366,5
2021-11-08,Mendocino,045,87422,7727,7581,597,8178,85
2021-11-08,Merced,047,269075,42373,42224,2004,44228,607
2021-11-08,Modoc,049,8938,554,529,197,726,5
2021-11-08,Mono,051,14174,1751,1739,22,1761,4
2021-11-08,Monterey,053,433212,49056,47942,2995,50937,602
2021-11-08,Napa,055,140530,13133,13045,115,13160,103
2021-11-08,Nevada,057,99092,9417,9278,331,9609,92
2021-11-08,Orange,059,3164182,309579,307156,15506,322662,5616
2021-11-08,Placer,061,380077,37674,37250,3716,40966,439
2021-11-08,Plumas,063,18699,1866,1788,40,1828,7
2021-11-08,Riverside,065,2383286,366913,362201,16563,378764,5152
2021-11-08,Sacramento,067,1510023,160725,159735,4701,164436,2275
2021-11-08,San Benito,069,59416,7473,7461,172,7633,75
2021-11-08,San Bernardino,071,2135413,357701,354741,11340,366081,5836
2021-11-08,San Diego,073,3302833,377318,375557,22122,397679,4259
2021-11-08,San Francisco,075,870044,53600,52942,2368,55310,666
2021-11-08,San Joaquin,077,732212,100656,99736,5472,105208,1794
2021-11-08,San Luis Obispo,079,281455,29871,29464,1276,30740,350
2021-11-08,San Mateo,081,765935,54635,53658,901,54559,574
2021-11-08,Santa Barbara,083,443738,44872,44548,1570,46118,532
2021-11-08,Santa Clara,085,1922200,148467,147183,1401,148584,1899
2021-11-08,Santa Cruz,087,273765,20662,20435,1016,21451,222
2021-11-08,Shasta,089,179085,21834,21504,3641,25145,354
2021-11-08,Sierra,091,2930,190,183,21,204,0
2021-11-08,Siskiyou,093,43540,3367,3290,1309,4599,50
2021-11-08,Solano,095,438530,46287,45613,1293,46906,350
2021-11-08,Sonoma,097,501317,41953,41669,536,42205,395
2021-11-08,Stanislaus,099,539301,79319,79417,8972,88389,1150
2021-11-08,Sutter,101,95872,13978,13976,359,14335,180
2021-11-08,Tehama,103,63373,8639,8534,1502,10036,123
2021-11-08,Trinity,105,12862,864,743,218,961,13
2021-11-08,Tulare,107,460477,69459,68199,15374,83573,1020
2021-11-08,Tuolumne,109,53932,7390,7328,109,7437,90
2021-11-08,Ventura,111,848112,98856,98144,4342,102486,1182
2021-11-08,Yolo,113,214977,20073,19916,1171,21087,255
2021-11-08,Yuba,115,75493,10254,10172,345,10517,83
2021-11-07,Alameda,001,1643700,120397,119902,2816,122718,1444
2021-11-07,Alpine,003,1148,102,105,0,105,0
2021-11-07,Amador,005,37829,5619,5580,63,5643,66
2021-11-07,Butte,007,227075,21237,20969,3842,24811,288
2021-11-07,Calaveras,009,45235,4174,4158,57,4215,82
2021-11-07,Colusa,011,21464,2535,2511,646,3157,19
2021-11-07,Contra Costa,013,1133247,100136,99596,2231,101827,1028
2021-11-07,Del Norte,015,27424,3704,3617,55,3672,42
2021-11-07,El Dorado,017,186661,16252,16040,1739,17779,156
2021-11-07,Fresno,019,978130,142104,140263,12911,153174,2179
2021-11-07,Glenn,021,27897,3530,3493,1015,4508,34
2021-11-07,Humboldt,023,135768,9188,9074,576,9650,109
2021-11-07,Imperial,025,180216,34036,33674,3256,36930,766
2021-11-07,Inyo,027,18085,2433,2394,42,2436,41
2021-11-07,Kern,029,883053,129157,127583,22781,150364,1692
2021-11-07,Kings,031,150075,32630,32221,1984,34205,343
2021-11-07,Lake,033,64148,6800,6734,154,6888,106
2021-11-07,Lassen,035,31185,6939,6819,392,7211,46
2021-11-07,Los Angeles,037,10098052,1447969,1437314,54635,1491949,26573
2021-11-07,Madera,039,155013,23584,23225,2169,25394,287
2021-11-07,Marin,041,260295,17719,17594,466,18060,247
2021-11-07,Mariposa,043,17540,1339,1306,50,1356,5
2021-11-07,Mendocino,045,87422,7699,7567,593,8160,85
2021-11-07,Merced,047,269075,42295,42186,1973,44159,607
2021-11-07,Modoc,049,8938,551,528,196,724,5
2021-11-07,Mono,051,14174,1745,1739,22,1761,4
2021-11-07,Monterey,053,433212,49004,47924,2990,50914,602
2021-11-07,Napa,055,140530,13112,13041,115,13156,103
2021-11-07,Nevada,057,99092,9369,9254,331,9585,92
2021-11-07,Orange,059,3164182,309255,306954,15468,322422,5616
2021-11-07,Placer,061,380077,37598,37202,3701,40903,439
2021-11-07,Plumas,063,18699,1859,1787,39,1826,7
2021-11-07,Riverside,065,2383286,366376,361960,16543,378503,5152
2021-11-07,Sacramento,067,1510023,160493,159549,4684,164233,2277
2021-11-07,San Benito,069,59416,7460,7460,172,7632,75
2021-11-07,San Bernardino,071,2135413,357193,354488,11317,365805,5832
2021-11-07,San Diego,073,3302833,376737,375165,22089,397254,4250
2021-11-07,San Francisco,075,870044,53516,52868,2362,55230,666
2021-11-07,San Joaquin,077,732212,100471,99696,5466,105162,1794
2021-11-07,San Luis Obispo,079,281455,29821,29454,1272,30726,350
2021-11-07,San Mateo,081,765935,54576,53600,899,54499,574
2021-11-07,Santa Barbara,083,443738,44809,44501,1569,46070,532
2021-11-07,Santa Clara,085,1922200,148263,147054,1388,148442,1898
2021-11-07,Santa Cruz,087,273765,20604,20397,1015,21412,222
2021-11-07,Shasta,089,179085,21786,21479,3635,25114,354
2021-11-07,Sierra,091,2930,188,183,21,204,0
2021-11-07,Siskiyou,093,43540,3361,3289,1307,4596,51
2021-11-07,Solano,095,438530,46232,45582,1286,46868,350
2021-11-07,Sonoma,097,501317,41903,41630,535,42165,395
2021-11-07,Stanislaus,099,539301,79164,79351,8950,88301,1150
2021-11-07,Sutter,101,95872,13965,13964,356,14320,180
2021-11-07,Tehama,103,63373,8615,8528,1500,10028,121
2021-11-07,Trinity,105,12862,863,742,217,959,13
2021-11-07,Tulare,107,460477,69306,68145,15331,83476,1020
2021-11-07,Tuolumne,109,53932,7372,7300,107,7407,90
2021-11-07,Ventura,111,848112,98765,98085,4340,102425,1182
2021-11-07,Yolo,113,214977,20052,19899,1166,21065,255
2021-11-07,Yuba,115,75493,10237,10162,340,10502,83
2021-11-06,Alameda,001,1643700,120333,119499,2813,122312,1436
2021-11-06,Alpine,003,1148,102,105,0,105,0
2021-11-06,Amador,005,37829,5613,5557,63,5620,66
2021-11-06,Butte,007,227075,21217,20796,3838,24634,288
2021-11-06,Calaveras,009,45235,4166,4105,57,4162,82
2021-11-06,Colusa,011,21464,2534,2501,645,3146,19
2021-11-06,Contra Costa,013,1133247,100081,99282,2229,101511,1025
2021-11-06,Del Norte,015,27424,3701,3607,55,3662,42
2021-11-06,El Dorado,017,186661,16235,15958,1739,17697,156
2021-11-06,Fresno,019,978130,141986,139249,12906,152155,2170
2021-11-06,Glenn,021,27897,3527,3479,1015,4494,33
2021-11-06,Humboldt,023,135768,9176,8972,572,9544,109
2021-11-06,Imperial,025,180216,33992,33471,3250,36721,766
2021-11-06,Inyo,027,18085,2427,2353,42,2395,41
2021-11-06,Kern,029,883053,129023,126848,22728,149576,1684
2021-11-06,Kings,031,150075,32597,32018,1979,33997,342
2021-11-06,Lake,033,64148,6798,6695,154,6849,106
2021-11-06,Lassen,035,31185,6934,6796,391,7187,46
2021-11-06,Los Angeles,037,10098052,1447194,1433081,54593,1487674,26533
2021-11-06,Madera,039,155013,23548,22994,2159,25153,287
2021-11-06,Marin,041,260295,17700,17520,463,17983,247
2021-11-06,Mariposa,043,17540,1337,1282,50,1332,5
2021-11-06,Mendocino,045,87422,7677,7486,593,8079,85
2021-11-06,Merced,047,269075,42271,41958,1965,43923,604
2021-11-06,Modoc,049,8938,550,523,196,719,5
2021-11-06,Mono,051,14174,1743,1725,22,1747,4
2021-11-06,Monterey,053,433212,48972,47830,2980,50810,602
2021-11-06,Napa,055,140530,13102,12950,115,13065,103
2021-11-06,Nevada,057,99092,9347,9169,330,9499,91
2021-11-06,Orange,059,3164182,309048,306049,15442,321491,5611
2021-11-06,Placer,061,380077,37557,36967,3698,40665,438
2021-11-06,Plumas,063,18699,1855,1755,38,1793,7
2021-11-06,Riverside,065,2383286,366058,360584,16534,377118,5138
2021-11-06,Sacramento,067,1510023,160400,158766,4679,163445,2263
2021-11-06,San Benito,069,59416,7453,7429,172,7601,75
2021-11-06,San Bernardino,071,2135413,356923,353142,11313,364455,5813
2021-11-06,San Diego,073,3302833,376401,373423,22071,395494,4246
2021-11-06,San Francisco,075,870044,53463,52556,2359,54915,666
2021-11-06,San Joaquin,077,732212,100413,99372,5465,104837,1782
2021-11-06,San Luis Obispo,079,281455,29793,29335,1268,30603,350
2021-11-06,San Mateo,081,765935,54541,53442,898,54340,574
2021-11-06,Santa Barbara,083,443738,44773,44301,1568,45869,532
2021-11-06,Santa Clara,085,1922200,148118,146519,1383,147902,1894
2021-11-06,Santa Cruz,087,273765,20585,20311,1013,21324,222
2021-11-06,Shasta,089,179085,21767,21281,3630,24911,349
2021-11-06,Sierra,091,2930,188,181,21,202,0
2021-11-06,Siskiyou,093,43540,3361,3279,1305,4584,48
2021-11-06,Solano,095,438530,46202,45465,1285,46750,350
2021-11-06,Sonoma,097,501317,41853,41398,534,41932,395
2021-11-06,Stanislaus,099,539301,79096,78902,8942,87844,1193
2021-11-06,Sutter,101,95872,13961,13908,355,14263,180
2021-11-06,Tehama,103,63373,8604,8474,1498,9972,120
2021-11-06,Trinity,105,12862,860,732,217,949,11
2021-11-06,Tulare,107,460477,69256,67767,15302,83069,1010
2021-11-06,Tuolumne,109,53932,7360,7245,107,7352,90
2021-11-06,Ventura,111,848112,98698,97770,4335,102105,1180
2021-11-06,Yolo,113,214977,20035,19827,1162,20989,255
2021-11-06,Yuba,115,75493,10223,10107,340,10447,83
2021-11-05,Alameda,001,1643700,120249,119499,2811,122310,1436
2021-11-05,Alpine,003,1148,102,105,0,105,0
2021-11-05,Amador,005,37829,5608,5557,63,5620,66
2021-11-05,Butte,007,227075,21204,20796,3837,24633,288
2021-11-05,Calaveras,009,45235,4161,4105,57,4162,82
2021-11-05,Colusa,011,21464,2534,2501,644,3145,19
2021-11-05,Contra Costa,013,1133247,100016,99282,2227,101509,1025
2021-11-05,Del Norte,015,27424,3699,3607,55,3662,42
2021-11-05,El Dorado,017,186661,16217,15958,1733,17691,156
2021-11-05,Fresno,019,978130,141808,139249,12896,152145,2170
2021-11-05,Glenn,021,27897,3527,3479,1014,4493,33
2021-11-05,Humboldt,023,135768,9162,8972,572,9544,109
2021-11-05,Imperial,025,180216,33956,33471,3247,36718,766
2021-11-05,Inyo,027,18085,2419,2353,42,2395,41
2021-11-05,Kern,029,883053,128896,126848,22672,149520,1684
2021-11-05,Kings,031,150075,32573,32018,1978,33996,342
2021-11-05,Lake,033,64148,6792,6695,154,6849,106
2021-11-05,Lassen,035,31185,6930,6796,390,7186,46
2021-11-05,Los Angeles,037,10098052,1446374,1433081,54556,1487637,26533
2021-11-05,Madera,039,155013,23510,22994,2157,25151,287
2021-11-05,Marin,041,260295,17678,17520,462,17982,247
2021-11-05,Mariposa,043,17540,1334,1282,49,1331,5
2021-11-05,Mendocino,045,87422,7666,7486,592,8078,85
2021-11-05,Merced,047,269075,42245,41958,1956,43914,604
2021-11-05,Modoc,049,8938,550,523,196,719,5
2021-11-05,Mono,051,14174,1742,1725,22,1747,4
2021-11-05,Monterey,053,433212,48942,47830,2978,50808,602
2021-11-05,Napa,055,140530,13080,12950,115,13065,103
2021-11-05,Nevada,057,99092,9334,9169,330,9499,91
2021-11-05,Orange,059,3164182,308851,306049,15420,321469,5611
2021-11-05,Placer,061,380077,37530,36967,3689,40656,438
2021-11-05,Plumas,063,18699,1847,1755,38,1793,7
2021-11-05,Riverside,065,2383286,365717,360584,16524,377108,5138
2021-11-05,Sacramento,067,1510023,160278,158766,4673,163439,2263
2021-11-05,San Benito,069,59416,7451,7429,171,7600,75
2021-11-05,San Bernardino,071,2135413,356592,353142,11302,364444,5813
2021-11-05,San Diego,073,3302833,376048,373423,22059,395482,4246
2021-11-05,San Francisco,075,870044,53412,52556,2356,54912,666
2021-11-05,San Joaquin,077,732212,100360,99372,5456,104828,1782
2021-11-05,San Luis Obispo,079,281455,29770,29335,1268,30603,350
2021-11-05,San Mateo,081,765935,54499,53442,896,54338,574
2021-11-05,Santa Barbara,083,443738,44728,44301,1567,45868,532
2021-11-05,Santa Clara,085,1922200,147981,146519,1382,147901,1894
2021-11-05,Santa Cruz,087,273765,20561,20311,1012,21323,222
2021-11-05,Shasta,089,179085,21735,21281,3625,24906,349
2021-11-05,Sierra,091,2930,188,181,21,202,0
2021-11-05,Siskiyou,093,43540,3356,3279,1304,4583,48
2021-11-05,Solano,095,438530,46157,45465,1282,46747,350
2021-11-05,Sonoma,097,501317,41813,41398,534,41932,395
2021-11-05,Stanislaus,099,539301,79038,78902,8930,87832,1193
2021-11-05,Sutter,101,95872,13953,13908,354,14262,180
2021-11-05,Tehama,103,63373,8597,8474,1497,9971,120
2021-11-05,Trinity,105,12862,860,732,217,949,11
2021-11-05,Tulare,107,460477,69183,67767,15266,83033,1010
2021-11-05,Tuolumne,109,53932,7343,7245,106,7351,90
2021-11-05,Ventura,111,848112,98658,97770,4332,102102,1180
2021-11-05,Yolo,113,214977,20024,19827,1161,20988,255
2021-11-05,Yuba,115,75493,10210,10107,338,10445,83
2021-11-04,Alameda,001,1643700,120132,119499,2805,122304,1436
2021-11-04,Alpine,003,1148,102,105,0,105,0
2021-11-04,Amador,005,37829,5600,5557,63,5620,66
2021-11-04,Butte,007,227075,21162,20796,3826,24622,288
2021-11-04,Calaveras,009,45235,4147,4105,55,4160,82
2021-11-04,Colusa,011,21464,2528,2501,643,3144,19
2021-11-04,Contra Costa,013,1133247,99925,99282,2222,101504,1025
2021-11-04,Del Norte,015,27424,3696,3607,55,3662,42
2021-11-04,El Dorado,017,186661,16191,15958,1729,17687,156
2021-11-04,Fresno,019,978130,141526,139249,12887,152136,2170
2021-11-04,Glenn,021,27897,3522,3479,1013,4492,33
2021-11-04,Humboldt,023,135768,9137,8972,569,9541,109
2021-11-04,Imperial,025,180216,33899,33471,3238,36709,766
2021-11-04,Inyo,027,18085,2411,2353,42,2395,41
2021-11-04,Kern,029,883053,128664,126848,22604,149452,1684
2021-11-04,Kings,031,150075,32494,32018,1968,33986,342
2021-11-04,Lake,033,64148,6782,6695,152,6847,106
2021-11-04,Lassen,035,31185,6920,6796,385,7181,46
2021-11-04,Los Angeles,037,10098052,1445065,1433081,54474,1487555,26533
2021-11-04,Madera,039,155013,23455,22994,2146,25140,287
2021-11-04,Marin,041,260295,17666,17520,460,17980,247
2021-11-04,Mariposa,043,17540,1327,1282,49,1331,5
2021-11-04,Mendocino,045,87422,7653,7486,586,8072,85
2021-11-04,Merced,047,269075,42191,41958,1952,43910,604
2021-11-04,Modoc,049,8938,549,523,196,719,5
2021-11-04,Mono,051,14174,1737,1725,22,1747,4
2021-11-04,Monterey,053,433212,48898,47830,2962,50792,602
2021-11-04,Napa,055,140530,13059,12950,115,13065,103
2021-11-04,Nevada,057,99092,9303,9169,329,9498,91
2021-11-04,Orange,059,3164182,308603,306049,15401,321450,5611
2021-11-04,Placer,061,380077,37458,36967,3680,40647,438
2021-11-04,Plumas,063,18699,1839,1755,34,1789,7
2021-11-04,Riverside,065,2383286,365319,360584,16515,377099,5138
2021-11-04,Sacramento,067,1510023,160045,158766,4653,163419,2263
2021-11-04,San Benito,069,59416,7445,7429,171,7600,75
2021-11-04,San Bernardino,071,2135413,356155,353142,11294,364436,5813
2021-11-04,San Diego,073,3302833,375579,373423,22038,395461,4246
2021-11-04,San Francisco,075,870044,53331,52556,2352,54908,666
2021-11-04,San Joaquin,077,732212,100253,99372,5444,104816,1782
2021-11-04,San Luis Obispo,079,281455,29746,29335,1262,30597,350
2021-11-04,San Mateo,081,765935,54440,53442,890,54332,574
2021-11-04,Santa Barbara,083,443738,44672,44301,1567,45868,532
2021-11-04,Santa Clara,085,1922200,147827,146519,1378,147897,1894
2021-11-04,Santa Cruz,087,273765,20526,20311,1012,21323,222
2021-11-04,Shasta,089,179085,21677,21281,3619,24900,349
2021-11-04,Sierra,091,2930,186,181,21,202,0
2021-11-04,Siskiyou,093,43540,3353,3279,1297,4576,48
2021-11-04,Solano,095,438530,46115,45465,1281,46746,350
2021-11-04,Sonoma,097,501317,41753,41398,534,41932,395
2021-11-04,Stanislaus,099,539301,78900,78902,8922,87824,1193
2021-11-04,Sutter,101,95872,13942,13908,352,14260,180
2021-11-04,Tehama,103,63373,8588,8474,1493,9967,120
2021-11-04,Trinity,105,12862,859,732,217,949,11
2021-11-04,Tulare,107,460477,69068,67767,15220,82987,1010
2021-11-04,Tuolumne,109,53932,7321,7245,104,7349,90
2021-11-04,Ventura,111,848112,98570,97770,4329,102099,1180
2021-11-04,Yolo,113,214977,19999,19827,1155,20982,255
2021-11-04,Yuba,115,75493,10196,10107,336,10443,83
2021-11-03,Alameda,001,1643700,119991,119356,2801,122157,1428
2021-11-03,Alpine,003,1148,102,105,0,105,0
2021-11-03,Amador,005,37829,5594,5545,62,5607,66
2021-11-03,Butte,007,227075,21117,20769,3817,24586,284
2021-11-03,Calaveras,009,45235,4129,4087,54,4141,82
2021-11-03,Colusa,011,21464,2522,2499,643,3142,20
2021-11-03,Contra Costa,013,1133247,99825,99168,2217,101385,1025
2021-11-03,Del Norte,015,27424,3694,3600,54,3654,42
2021-11-03,El Dorado,017,186661,16164,15915,1725,17640,156
2021-11-03,Fresno,019,978130,141164,138873,12863,151736,2166
2021-11-03,Glenn,021,27897,3518,3470,1013,4483,33
2021-11-03,Humboldt,023,135768,9120,8949,564,9513,109
2021-11-03,Imperial,025,180216,33827,33402,3228,36630,766
2021-11-03,Inyo,027,18085,2390,2344,42,2386,41
2021-11-03,Kern,029,883053,128404,126523,22502,149025,1681
2021-11-03,Kings,031,150075,32439,31923,1961,33884,341
2021-11-03,Lake,033,64148,6766,6685,152,6837,106
2021-11-03,Lassen,035,31185,6903,6782,380,7162,46
2021-11-03,Los Angeles,037,10098052,1443712,1431209,54389,1485598,26517
2021-11-03,Madera,039,155013,23387,22893,2137,25030,287
2021-11-03,Marin,041,260295,17645,17491,456,17947,247
2021-11-03,Mariposa,043,17540,1317,1276,49,1325,5
2021-11-03,Mendocino,045,87422,7637,7457,578,8035,84
2021-11-03,Merced,047,269075,42130,41849,1942,43791,597
2021-11-03,Modoc,049,8938,549,521,194,715,5
2021-11-03,Mono,051,14174,1733,1719,22,1741,4
2021-11-03,Monterey,053,433212,48848,47794,2949,50743,601
2021-11-03,Napa,055,140530,13047,12937,114,13051,103
2021-11-03,Nevada,057,99092,9276,9131,328,9459,91
2021-11-03,Orange,059,3164182,308292,305661,15368,321029,5607
2021-11-03,Placer,061,380077,37388,36868,3675,40543,438
2021-11-03,Plumas,063,18699,1828,1739,33,1772,7
2021-11-03,Riverside,065,2383286,364861,360060,16511,376571,5131
2021-11-03,Sacramento,067,1510023,159821,158311,4642,162953,2259
2021-11-03,San Benito,069,59416,7437,7419,171,7590,75
2021-11-03,San Bernardino,071,2135413,355679,352225,11274,363499,5813
2021-11-03,San Diego,073,3302833,375079,372951,22015,394966,4241
2021-11-03,San Francisco,075,870044,53238,52493,2347,54840,663
2021-11-03,San Joaquin,077,732212,100141,99188,5433,104621,1776
2021-11-03,San Luis Obispo,079,281455,29704,29276,1256,30532,348
2021-11-03,San Mateo,081,765935,54376,53396,884,54280,571
2021-11-03,Santa Barbara,083,443738,44615,44220,1564,45784,531
2021-11-03,Santa Clara,085,1922200,147657,146259,1371,147630,1897
2021-11-03,Santa Cruz,087,273765,20491,20275,1012,21287,222
2021-11-03,Shasta,089,179085,21619,21215,3612,24827,346
2021-11-03,Sierra,091,2930,184,180,21,201,0
2021-11-03,Siskiyou,093,43540,3349,3276,1295,4571,46
2021-11-03,Solano,095,438530,46088,45411,1279,46690,351
2021-11-03,Sonoma,097,501317,41676,41326,532,41858,395
2021-11-03,Stanislaus,099,539301,78769,78736,8906,87642,1193
2021-11-03,Sutter,101,95872,13929,13876,350,14226,179
2021-11-03,Tehama,103,63373,8576,8438,1493,9931,118
2021-11-03,Trinity,105,12862,858,730,217,947,11
2021-11-03,Tulare,107,460477,68939,67588,15178,82766,1007
2021-11-03,Tuolumne,109,53932,7303,7218,102,7320,90
2021-11-03,Ventura,111,848112,98462,97682,4325,102007,1178
2021-11-03,Yolo,113,214977,19981,19758,1147,20905,250
2021-11-03,Yuba,115,75493,10184,10092,336,10428,83
2021-11-02,Alameda,001,1643700,119846,119241,2795,122036,1425
2021-11-02,Alpine,003,1148,101,105,0,105,0
2021-11-02,Amador,005,37829,5589,5535,62,5597,66
2021-11-02,Butte,007,227075,21072,20744,3806,24550,282
2021-11-02,Calaveras,009,45235,4106,4075,54,4129,82
2021-11-02,Colusa,011,21464,2517,2497,642,3139,19
2021-11-02,Contra Costa,013,1133247,99721,99080,2205,101285,1025
2021-11-02,Del Norte,015,27424,3692,3596,54,3650,42
2021-11-02,El Dorado,017,186661,16135,15883,1725,17608,154
2021-11-02,Fresno,019,978130,140840,138644,12832,151476,2158
2021-11-02,Glenn,021,27897,3510,3469,1010,4479,33
2021-11-02,Humboldt,023,135768,9078,8937,563,9500,109
2021-11-02,Imperial,025,180216,33754,33371,3216,36587,766
2021-11-02,Inyo,027,18085,2383,2324,42,2366,41
2021-11-02,Kern,029,883053,128149,126311,22380,148691,1665
2021-11-02,Kings,031,150075,32380,31896,1956,33852,339
2021-11-02,Lake,033,64148,6761,6681,151,6832,106
2021-11-02,Lassen,035,31185,6891,6777,377,7154,45
2021-11-02,Los Angeles,037,10098052,1442261,1429601,54312,1483913,26496
2021-11-02,Madera,039,155013,23306,22837,2126,24963,287
2021-11-02,Marin,041,260295,17617,17482,456,17938,247
2021-11-02,Mariposa,043,17540,1306,1270,48,1318,5
2021-11-02,Mendocino,045,87422,7613,7447,566,8013,84
2021-11-02,Merced,047,269075,42063,41785,1934,43719,596
2021-11-02,Modoc,049,8938,546,520,193,713,5
2021-11-02,Mono,051,14174,1729,1718,22,1740,4
2021-11-02,Monterey,053,433212,48797,47775,2931,50706,599
2021-11-02,Napa,055,140530,13029,12930,114,13044,104
2021-11-02,Nevada,057,99092,9246,9122,327,9449,91
2021-11-02,Orange,059,3164182,307976,305369,15321,320690,5600
2021-11-02,Placer,061,380077,37316,36817,3660,40477,438
2021-11-02,Plumas,063,18699,1817,1721,33,1754,7
2021-11-02,Riverside,065,2383286,364407,359586,16491,376077,5116
2021-11-02,Sacramento,067,1510023,159565,158112,4619,162731,2250
2021-11-02,San Benito,069,59416,7421,7407,171,7578,75
2021-11-02,San Bernardino,071,2135413,355204,351832,11220,363052,5813
2021-11-02,San Diego,073,3302833,374494,372440,21985,394425,4232
2021-11-02,San Francisco,075,870044,53119,52450,2343,54793,663
2021-11-02,San Joaquin,077,732212,100007,99076,5422,104498,1772
2021-11-02,San Luis Obispo,079,281455,29671,29224,1252,30476,348
2021-11-02,San Mateo,081,765935,54304,53351,881,54232,571
2021-11-02,Santa Barbara,083,443738,44559,44177,1561,45738,531
2021-11-02,Santa Clara,085,1922200,147463,146115,1364,147479,1896
2021-11-02,Santa Cruz,087,273765,20458,20266,1011,21277,222
2021-11-02,Shasta,089,179085,21545,21127,3602,24729,344
2021-11-02,Sierra,091,2930,184,180,20,200,0
2021-11-02,Siskiyou,093,43540,3347,3272,1292,4564,46
2021-11-02,Solano,095,438530,46048,45378,1273,46651,350
2021-11-02,Sonoma,097,501317,41595,41288,531,41819,395
2021-11-02,Stanislaus,099,539301,78614,78629,8886,87515,1193
2021-11-02,Sutter,101,95872,13909,13868,350,14218,179
2021-11-02,Tehama,103,63373,8560,8422,1490,9912,116
2021-11-02,Trinity,105,12862,858,729,217,946,11
2021-11-02,Tulare,107,460477,68814,67502,15129,82631,1002
2021-11-02,Tuolumne,109,53932,7282,7204,100,7304,90
2021-11-02,Ventura,111,848112,98357,97574,4321,101895,1178
2021-11-02,Yolo,113,214977,19951,19736,1145,20881,250
2021-11-02,Yuba,115,75493,10161,10080,334,10414,83
2021-11-01,Alameda,001,1643700,119705,119159,2792,121951,1421
2021-11-01,Alpine,003,1148,101,105,0,105,0
2021-11-01,Amador,005,37829,5587,5532,62,5594,64
2021-11-01,Butte,007,227075,21022,20710,3801,24511,281
2021-11-01,Calaveras,009,45235,4096,4059,53,4112,82
2021-11-01,Colusa,011,21464,2515,2494,639,3133,19
2021-11-01,Contra Costa,013,1133247,99596,99011,2197,101208,1025
2021-11-01,Del Norte,015,27424,3690,3594,54,3648,42
2021-11-01,El Dorado,017,186661,16111,15858,1719,17577,154
2021-11-01,Fresno,019,978130,140464,138421,12795,151216,2149
2021-11-01,Glenn,021,27897,3502,3461,1008,4469,33
2021-11-01,Humboldt,023,135768,9050,8929,559,9488,108
2021-11-01,Imperial,025,180216,33704,33342,3207,36549,766
2021-11-01,Inyo,027,18085,2371,2307,42,2349,41
2021-11-01,Kern,029,883053,127849,126092,22265,148357,1660
2021-11-01,Kings,031,150075,32327,31866,1952,33818,337
2021-11-01,Lake,033,64148,6750,6676,150,6826,106
2021-11-01,Lassen,035,31185,6876,6775,374,7149,42
2021-11-01,Los Angeles,037,10098052,1440876,1428891,54221,1483112,26483
2021-11-01,Madera,039,155013,23227,22801,2121,24922,283
2021-11-01,Marin,041,260295,17597,17460,454,17914,247
2021-11-01,Mariposa,043,17540,1298,1266,47,1313,5
2021-11-01,Mendocino,045,87422,7580,7422,548,7970,84
2021-11-01,Merced,047,269075,41972,41740,1932,43672,594
2021-11-01,Modoc,049,8938,541,520,191,711,5
2021-11-01,Mono,051,14174,1725,1714,22,1736,3
2021-11-01,Monterey,053,433212,48754,47756,2919,50675,597
2021-11-01,Napa,055,140530,13002,12916,113,13029,101
2021-11-01,Nevada,057,99092,9223,9108,326,9434,91
2021-11-01,Orange,059,3164182,307634,305192,15278,320470,5596
2021-11-01,Placer,061,380077,37233,36747,3648,40395,435
2021-11-01,Plumas,063,18699,1798,1719,33,1752,7
2021-11-01,Riverside,065,2383286,363905,359263,16469,375732,5115
2021-11-01,Sacramento,067,1510023,159293,157893,4595,162488,2239
2021-11-01,San Benito,069,59416,7411,7406,170,7576,73
2021-11-01,San Bernardino,071,2135413,354716,351620,11198,362818,5815
2021-11-01,San Diego,073,3302833,373931,372043,21967,394010,4232
2021-11-01,San Francisco,075,870044,53034,52418,2336,54754,661
2021-11-01,San Joaquin,077,732212,99844,98969,5415,104384,1772
2021-11-01,San Luis Obispo,079,281455,29627,29199,1247,30446,343
2021-11-01,San Mateo,081,765935,54237,53314,877,54191,571
2021-11-01,Santa Barbara,083,443738,44492,44146,1557,45703,529
2021-11-01,Santa Clara,085,1922200,147266,145978,1359,147337,1907
2021-11-01,Santa Cruz,087,273765,20423,20238,1011,21249,221
2021-11-01,Shasta,089,179085,21492,21104,3595,24699,338
2021-11-01,Sierra,091,2930,184,180,20,200,0
2021-11-01,Siskiyou,093,43540,3340,3272,1287,4559,46
2021-11-01,Solano,095,438530,45994,45358,1273,46631,350
2021-11-01,Sonoma,097,501317,41522,41234,530,41764,395
2021-11-01,Stanislaus,099,539301,78485,78534,8871,87405,1193
2021-11-01,Sutter,101,95872,13885,13852,348,14200,179
2021-11-01,Tehama,103,63373,8532,8412,1487,9899,116
2021-11-01,Trinity,105,12862,856,727,217,944,11
2021-11-01,Tulare,107,460477,68670,67388,15077,82465,1002
2021-11-01,Tuolumne,109,53932,7266,7175,99,7274,90
2021-11-01,Ventura,111,848112,98267,97507,4319,101826,1178
2021-11-01,Yolo,113,214977,19931,19708,1138,20846,250
2021-11-01,Yuba,115,75493,10143,10066,332,10398,83
2021-10-31,Alameda,001,1643700,119560,119071,2789,121860,1419
2021-10-31,Alpine,003,1148,101,105,0,105,0
2021-10-31,Amador,005,37829,5576,5518,62,5580,64
2021-10-31,Butte,007,227075,20961,20689,3790,24479,281
2021-10-31,Calaveras,009,45235,4078,4052,52,4104,82
2021-10-31,Colusa,011,21464,2513,2493,636,3129,18
2021-10-31,Contra Costa,013,1133247,99468,98936,2194,101130,1025
2021-10-31,Del Norte,015,27424,3684,3591,54,3645,42
2021-10-31,El Dorado,017,186661,16065,15841,1716,17557,154
2021-10-31,Fresno,019,978130,140057,138165,12758,150923,2147
2021-10-31,Glenn,021,27897,3497,3459,1008,4467,33
2021-10-31,Humboldt,023,135768,9002,8919,553,9472,108
2021-10-31,Imperial,025,180216,33629,33334,3195,36529,766
2021-10-31,Inyo,027,18085,2352,2309,42,2351,41
2021-10-31,Kern,029,883053,127480,125917,22141,148058,1666
2021-10-31,Kings,031,150075,32241,31814,1940,33754,338
2021-10-31,Lake,033,64148,6739,6665,148,6813,106
2021-10-31,Lassen,035,31185,6861,6768,369,7137,42
2021-10-31,Los Angeles,037,10098052,1439329,1427933,54136,1482069,26474
2021-10-31,Madera,039,155013,23131,22744,2108,24852,283
2021-10-31,Marin,041,260295,17569,17443,453,17896,247
2021-10-31,Mariposa,043,17540,1292,1257,46,1303,5
2021-10-31,Mendocino,045,87422,7539,7403,531,7934,84
2021-10-31,Merced,047,269075,41879,41699,1912,43611,589
2021-10-31,Modoc,049,8938,535,517,188,705,5
2021-10-31,Mono,051,14174,1721,1711,22,1733,3
2021-10-31,Monterey,053,433212,48713,47744,2901,50645,596
2021-10-31,Napa,055,140530,12984,12906,111,13017,101
2021-10-31,Nevada,057,99092,9186,9084,321,9405,91
2021-10-31,Orange,059,3164182,307286,305032,15195,320227,5596
2021-10-31,Placer,061,380077,37136,36698,3634,40332,435
2021-10-31,Plumas,063,18699,1780,1716,33,1749,7
2021-10-31,Riverside,065,2383286,363326,359005,16455,375460,5104
2021-10-31,Sacramento,067,1510023,158940,157667,4580,162247,2243
2021-10-31,San Benito,069,59416,7402,7397,168,7565,73
2021-10-31,San Bernardino,071,2135413,354184,351411,11184,362595,5810
2021-10-31,San Diego,073,3302833,373379,371603,21936,393539,4218
2021-10-31,San Francisco,075,870044,52926,52370,2330,54700,661
2021-10-31,San Joaquin,077,732212,99680,98893,5401,104294,1772
2021-10-31,San Luis Obispo,079,281455,29573,29176,1246,30422,343
2021-10-31,San Mateo,081,765935,54178,53284,875,54159,571
2021-10-31,Santa Barbara,083,443738,44422,44113,1552,45665,529
2021-10-31,Santa Clara,085,1922200,147051,145829,1345,147174,1908
2021-10-31,Santa Cruz,087,273765,20388,20218,1010,21228,221
2021-10-31,Shasta,089,179085,21409,21086,3583,24669,338
2021-10-31,Sierra,091,2930,184,180,20,200,0
2021-10-31,Siskiyou,093,43540,3334,3271,1286,4557,46
2021-10-31,Solano,095,438530,45946,45310,1266,46576,350
2021-10-31,Sonoma,097,501317,41452,41183,527,41710,395
2021-10-31,Stanislaus,099,539301,78295,78426,8854,87280,1193
2021-10-31,Sutter,101,95872,13866,13838,345,14183,179
2021-10-31,Tehama,103,63373,8501,8391,1483,9874,116
2021-10-31,Trinity,105,12862,856,724,217,941,11
2021-10-31,Tulare,107,460477,68476,67310,14987,82297,1002
2021-10-31,Tuolumne,109,53932,7237,7141,98,7239,90
2021-10-31,Ventura,111,848112,98145,97460,4314,101774,1178
2021-10-31,Yolo,113,214977,19887,19662,1132,20794,250
2021-10-31,Yuba,115,75493,10125,10051,322,10373,83
2021-10-30,Alameda,001,1643700,119500,118632,2786,121418,1419
2021-10-30,Alpine,003,1148,101,105,0,105,0
2021-10-30,Amador,005,37829,5567,5480,61,5541,64
2021-10-30,Butte,007,227075,20946,20516,3784,24300,277
2021-10-30,Calaveras,009,45235,4071,3992,52,4044,82
2021-10-30,Colusa,011,21464,2513,2484,635,3119,19
2021-10-30,Contra Costa,013,1133247,99406,98562,2193,100755,1024
2021-10-30,Del Norte,015,27424,3681,3574,54,3628,42
2021-10-30,El Dorado,017,186661,16049,15752,1711,17463,154
2021-10-30,Fresno,019,978130,139911,136901,12746,149647,2131
2021-10-30,Glenn,021,27897,3493,3442,1008,4450,33
2021-10-30,Humboldt,023,135768,8987,8871,551,9422,105
2021-10-30,Imperial,025,180216,33583,33156,3191,36347,766
2021-10-30,Inyo,027,18085,2349,2249,42,2291,41
2021-10-30,Kern,029,883053,127327,124892,22070,146962,1653
2021-10-30,Kings,031,150075,32207,31578,1936,33514,337
2021-10-30,Lake,033,64148,6734,6610,148,6758,106
2021-10-30,Lassen,035,31185,6855,6719,367,7086,42
2021-10-30,Los Angeles,037,10098052,1438605,1424257,54083,1478340,26625
2021-10-30,Madera,039,155013,23087,22524,2103,24627,283
2021-10-30,Marin,041,260295,17554,17380,451,17831,247
2021-10-30,Mariposa,043,17540,1289,1228,46,1274,5
2021-10-30,Mendocino,045,87422,7516,7338,529,7867,84
2021-10-30,Merced,047,269075,41839,41428,1910,43338,586
2021-10-30,Modoc,049,8938,533,513,187,700,5
2021-10-30,Mono,051,14174,1721,1684,22,1706,3
2021-10-30,Monterey,053,433212,48696,47649,2895,50544,588
2021-10-30,Napa,055,140530,12970,12863,110,12973,101
2021-10-30,Nevada,057,99092,9167,9015,321,9336,91
2021-10-30,Orange,059,3164182,307107,304120,15173,319293,5588
2021-10-30,Placer,061,380077,37090,36400,3628,40028,434
2021-10-30,Plumas,063,18699,1775,1695,33,1728,7
2021-10-30,Riverside,065,2383286,363024,357645,16446,374091,5088
2021-10-30,Sacramento,067,1510023,158781,157125,4571,161696,2233
2021-10-30,San Benito,069,59416,7395,7362,168,7530,71
2021-10-30,San Bernardino,071,2135413,353908,350076,11170,361246,5777
2021-10-30,San Diego,073,3302833,373016,370006,21914,391920,4213
2021-10-30,San Francisco,075,870044,52897,52161,2328,54489,661
2021-10-30,San Joaquin,077,732212,99624,98314,5400,103714,1768
2021-10-30,San Luis Obispo,079,281455,29541,29053,1243,30296,341
2021-10-30,San Mateo,081,765935,54139,53083,875,53958,571
2021-10-30,Santa Barbara,083,443738,44387,43972,1551,45523,528
2021-10-30,Santa Clara,085,1922200,146946,145262,1341,146603,1903
2021-10-30,Santa Cruz,087,273765,20370,20134,1008,21142,221
2021-10-30,Shasta,089,179085,21365,20878,3577,24455,332
2021-10-30,Sierra,091,2930,184,175,20,195,0
2021-10-30,Siskiyou,093,43540,3333,3257,1283,4540,46
2021-10-30,Solano,095,438530,45925,45146,1264,46410,346
2021-10-30,Sonoma,097,501317,41413,40924,527,41451,393
2021-10-30,Stanislaus,099,539301,78225,77871,8847,86718,1191
2021-10-30,Sutter,101,95872,13852,13773,345,14118,178
2021-10-30,Tehama,103,63373,8490,8307,1478,9785,114
2021-10-30,Trinity,105,12862,854,708,216,924,11
2021-10-30,Tulare,107,460477,68405,66745,14942,81687,995
2021-10-30,Tuolumne,109,53932,7213,7050,97,7147,90
2021-10-30,Ventura,111,848112,98096,97182,4311,101493,1174
2021-10-30,Yolo,113,214977,19868,19568,1130,20698,250
2021-10-30,Yuba,115,75493,10114,9969,322,10291,82
2021-10-29,Alameda,001,1643700,119420,118632,2781,121413,1419
2021-10-29,Alpine,003,1148,101,105,0,105,0
2021-10-29,Amador,005,37829,5556,5480,61,5541,64
2021-10-29,Butte,007,227075,20922,20516,3774,24290,277
2021-10-29,Calaveras,009,45235,4064,3992,52,4044,82
2021-10-29,Colusa,011,21464,2513,2484,633,3117,19
2021-10-29,Contra Costa,013,1133247,99338,98562,2191,100753,1024
2021-10-29,Del Norte,015,27424,3674,3574,54,3628,42
2021-10-29,El Dorado,017,186661,16035,15752,1711,17463,154
2021-10-29,Fresno,019,978130,139697,136901,12731,149632,2131
2021-10-29,Glenn,021,27897,3492,3442,1007,4449,33
2021-10-29,Humboldt,023,135768,8982,8871,550,9421,105
2021-10-29,Imperial,025,180216,33556,33156,3188,36344,766
2021-10-29,Inyo,027,18085,2346,2249,42,2291,41
2021-10-29,Kern,029,883053,127150,124892,21980,146872,1653
2021-10-29,Kings,031,150075,32173,31578,1934,33512,337
2021-10-29,Lake,033,64148,6725,6610,145,6755,106
2021-10-29,Lassen,035,31185,6846,6719,364,7083,42
2021-10-29,Los Angeles,037,10098052,1437760,1424257,54039,1478296,26625
2021-10-29,Madera,039,155013,23035,22524,2098,24622,283
2021-10-29,Marin,041,260295,17538,17380,450,17830,247
2021-10-29,Mariposa,043,17540,1285,1228,46,1274,5
2021-10-29,Mendocino,045,87422,7508,7338,529,7867,84
2021-10-29,Merced,047,269075,41789,41428,1904,43332,586
2021-10-29,Modoc,049,8938,531,513,186,699,5
2021-10-29,Mono,051,14174,1719,1684,22,1706,3
2021-10-29,Monterey,053,433212,48673,47649,2895,50544,588
2021-10-29,Napa,055,140530,12949,12863,110,12973,101
2021-10-29,Nevada,057,99092,9155,9015,321,9336,91
2021-10-29,Orange,059,3164182,306882,304120,15153,319273,5588
2021-10-29,Placer,061,380077,37054,36400,3617,40017,434
2021-10-29,Plumas,063,18699,1769,1695,33,1728,7
2021-10-29,Riverside,065,2383286,362690,357645,16441,374086,5088
2021-10-29,Sacramento,067,1510023,158592,157125,4562,161687,2233
2021-10-29,San Benito,069,59416,7392,7362,168,7530,71
2021-10-29,San Bernardino,071,2135413,353607,350076,11159,361235,5777
2021-10-29,San Diego,073,3302833,372646,370006,21886,391892,4213
2021-10-29,San Francisco,075,870044,52837,52161,2322,54483,661
2021-10-29,San Joaquin,077,732212,99566,98314,5395,103709,1768
2021-10-29,San Luis Obispo,079,281455,29515,29053,1241,30294,341
2021-10-29,San Mateo,081,765935,54096,53083,873,53956,571
2021-10-29,Santa Barbara,083,443738,44347,43972,1548,45520,528
2021-10-29,Santa Clara,085,1922200,146831,145262,1334,146596,1903
2021-10-29,Santa Cruz,087,273765,20363,20134,1007,21141,221
2021-10-29,Shasta,089,179085,21327,20878,3571,24449,332
2021-10-29,Sierra,091,2930,182,175,20,195,0
2021-10-29,Siskiyou,093,43540,3333,3257,1282,4539,46
2021-10-29,Solano,095,438530,45888,45146,1263,46409,346
2021-10-29,Sonoma,097,501317,41392,40924,527,41451,393
2021-10-29,Stanislaus,099,539301,78140,77871,8835,86706,1191
2021-10-29,Sutter,101,95872,13833,13773,345,14118,178
2021-10-29,Tehama,103,63373,8477,8307,1477,9784,114
2021-10-29,Trinity,105,12862,853,708,216,924,11
2021-10-29,Tulare,107,460477,68300,66745,14897,81642,995
2021-10-29,Tuolumne,109,53932,7200,7050,97,7147,90
2021-10-29,Ventura,111,848112,98041,97182,4307,101489,1174
2021-10-29,Yolo,113,214977,19850,19568,1125,20693,250
2021-10-29,Yuba,115,75493,10106,9969,318,10287,82
2021-10-28,Alameda,001,1643700,119299,118632,2774,121406,1419
2021-10-28,Alpine,003,1148,101,105,0,105,0
2021-10-28,Amador,005,37829,5543,5480,61,5541,64
2021-10-28,Butte,007,227075,20879,20516,3765,24281,277
2021-10-28,Calaveras,009,45235,4051,3992,52,4044,82
2021-10-28,Colusa,011,21464,2510,2484,632,3116,19
2021-10-28,Contra Costa,013,1133247,99208,98562,2187,100749,1024
2021-10-28,Del Norte,015,27424,3673,3574,54,3628,42
2021-10-28,El Dorado,017,186661,16009,15752,1708,17460,154
2021-10-28,Fresno,019,978130,139364,136901,12698,149599,2131
2021-10-28,Glenn,021,27897,3489,3442,1005,4447,33
2021-10-28,Humboldt,023,135768,8966,8871,545,9416,105
2021-10-28,Imperial,025,180216,33490,33156,3181,36337,766
2021-10-28,Inyo,027,18085,2329,2249,42,2291,41
2021-10-28,Kern,029,883053,126903,124892,21867,146759,1653
2021-10-28,Kings,031,150075,32104,31578,1929,33507,337
2021-10-28,Lake,033,64148,6715,6610,145,6755,106
2021-10-28,Lassen,035,31185,6836,6719,360,7079,42
2021-10-28,Los Angeles,037,10098052,1436620,1424257,53966,1478223,26625
2021-10-28,Madera,039,155013,22981,22524,2087,24611,283
2021-10-28,Marin,041,260295,17520,17380,449,17829,247
2021-10-28,Mariposa,043,17540,1281,1228,46,1274,5
2021-10-28,Mendocino,045,87422,7495,7338,518,7856,84
2021-10-28,Merced,047,269075,41704,41428,1892,43320,586
2021-10-28,Modoc,049,8938,530,513,186,699,5
2021-10-28,Mono,051,14174,1713,1684,22,1706,3
2021-10-28,Monterey,053,433212,48642,47649,2878,50527,588
2021-10-28,Napa,055,140530,12940,12863,109,12972,101
2021-10-28,Nevada,057,99092,9137,9015,321,9336,91
2021-10-28,Orange,059,3164182,306595,304120,15088,319208,5588
2021-10-28,Placer,061,380077,36975,36400,3608,40008,434
2021-10-28,Plumas,063,18699,1761,1695,33,1728,7
2021-10-28,Riverside,065,2383286,362252,357645,16417,374062,5088
2021-10-28,Sacramento,067,1510023,158326,157125,4550,161675,2233
2021-10-28,San Benito,069,59416,7384,7362,168,7530,71
2021-10-28,San Bernardino,071,2135413,353191,350076,11137,361213,5777
2021-10-28,San Diego,073,3302833,372190,370006,21863,391869,4213
2021-10-28,San Francisco,075,870044,52791,52161,2315,54476,661
2021-10-28,San Joaquin,077,732212,99438,98314,5394,103708,1768
2021-10-28,San Luis Obispo,079,281455,29486,29053,1238,30291,341
2021-10-28,San Mateo,081,765935,54051,53083,871,53954,571
2021-10-28,Santa Barbara,083,443738,44308,43972,1546,45518,528
2021-10-28,Santa Clara,085,1922200,146674,145262,1329,146591,1903
2021-10-28,Santa Cruz,087,273765,20339,20134,1007,21141,221
2021-10-28,Shasta,089,179085,21253,20878,3564,24442,332
2021-10-28,Sierra,091,2930,181,175,20,195,0
2021-10-28,Siskiyou,093,43540,3332,3257,1282,4539,46
2021-10-28,Solano,095,438530,45849,45146,1262,46408,346
2021-10-28,Sonoma,097,501317,41324,40924,526,41450,393
2021-10-28,Stanislaus,099,539301,77987,77871,8819,86690,1191
2021-10-28,Sutter,101,95872,13820,13773,341,14114,178
2021-10-28,Tehama,103,63373,8440,8307,1474,9781,114
2021-10-28,Trinity,105,12862,850,708,216,924,11
2021-10-28,Tulare,107,460477,68161,66745,14841,81586,995
2021-10-28,Tuolumne,109,53932,7169,7050,97,7147,90
2021-10-28,Ventura,111,848112,97956,97182,4304,101486,1174
2021-10-28,Yolo,113,214977,19812,19568,1120,20688,250
2021-10-28,Yuba,115,75493,10077,9969,315,10284,82
2021-10-27,Alameda,001,1643700,119177,118487,2772,121259,1414
2021-10-27,Alpine,003,1148,101,105,0,105,0
2021-10-27,Amador,005,37829,5531,5470,60,5530,64
2021-10-27,Butte,007,227075,20835,20446,3750,24196,274
2021-10-27,Calaveras,009,45235,4033,3970,51,4021,82
2021-10-27,Colusa,011,21464,2509,2480,631,3111,18
2021-10-27,Contra Costa,013,1133247,99100,98442,2175,100617,1018
2021-10-27,Del Norte,015,27424,3666,3571,53,3624,42
2021-10-27,El Dorado,017,186661,15978,15723,1703,17426,154
2021-10-27,Fresno,019,978130,138982,136447,12664,149111,2128
2021-10-27,Glenn,021,27897,3487,3435,1004,4439,33
2021-10-27,Humboldt,023,135768,8946,8851,543,9394,105
2021-10-27,Imperial,025,180216,33450,33068,3176,36244,766
2021-10-27,Inyo,027,18085,2309,2236,42,2278,41
2021-10-27,Kern,029,883053,126634,124557,21767,146324,1647
2021-10-27,Kings,031,150075,32038,31437,1923,33360,335
2021-10-27,Lake,033,64148,6689,6589,145,6734,105
2021-10-27,Lassen,035,31185,6823,6706,358,7064,42
2021-10-27,Los Angeles,037,10098052,1435386,1422615,53908,1476523,26604
2021-10-27,Madera,039,155013,22896,22413,2063,24476,283
2021-10-27,Marin,041,260295,17505,17362,449,17811,247
2021-10-27,Mariposa,043,17540,1268,1228,46,1274,5
2021-10-27,Mendocino,045,87422,7481,7321,511,7832,84
2021-10-27,Merced,047,269075,41607,41310,1878,43188,583
2021-10-27,Modoc,049,8938,526,513,186,699,5
2021-10-27,Mono,051,14174,1710,1682,22,1704,3
2021-10-27,Monterey,053,433212,48605,47610,2857,50467,588
2021-10-27,Napa,055,140530,12925,12856,109,12965,101
2021-10-27,Nevada,057,99092,9119,8987,320,9307,90
2021-10-27,Orange,059,3164182,306273,303825,15038,318863,5584
2021-10-27,Placer,061,380077,36910,36296,3601,39897,434
2021-10-27,Plumas,063,18699,1753,1686,33,1719,7
2021-10-27,Riverside,065,2383286,361822,357152,16409,373561,5081
2021-10-27,Sacramento,067,1510023,158058,156830,4529,161359,2230
2021-10-27,San Benito,069,59416,7377,7337,168,7505,71
2021-10-27,San Bernardino,071,2135413,352768,349624,11115,360739,5770
2021-10-27,San Diego,073,3302833,371633,369579,21839,391418,4207
2021-10-27,San Francisco,075,870044,52740,52108,2311,54419,655
2021-10-27,San Joaquin,077,732212,99280,98168,5379,103547,1753
2021-10-27,San Luis Obispo,079,281455,29447,29002,1236,30238,341
2021-10-27,San Mateo,081,765935,53996,53032,863,53895,571
2021-10-27,Santa Barbara,083,443738,44255,43901,1543,45444,527
2021-10-27,Santa Clara,085,1922200,146497,145081,1321,146402,1902
2021-10-27,Santa Cruz,087,273765,20312,20091,1005,21096,221
2021-10-27,Shasta,089,179085,21177,20813,3556,24369,331
2021-10-27,Sierra,091,2930,180,176,20,196,0
2021-10-27,Siskiyou,093,43540,3329,3256,1278,4534,46
2021-10-27,Solano,095,438530,45804,45089,1254,46343,346
2021-10-27,Sonoma,097,501317,41248,40829,524,41353,393
2021-10-27,Stanislaus,099,539301,77827,77687,8804,86491,1191
2021-10-27,Sutter,101,95872,13806,13754,341,14095,177
2021-10-27,Tehama,103,63373,8418,8265,1472,9737,113
2021-10-27,Trinity,105,12862,850,706,215,921,11
2021-10-27,Tulare,107,460477,68007,66568,14783,81351,991
2021-10-27,Tuolumne,109,53932,7142,7009,96,7105,90
2021-10-27,Ventura,111,848112,97864,97108,4299,101407,1172
2021-10-27,Yolo,113,214977,19783,19517,1113,20630,250
2021-10-27,Yuba,115,75493,10056,9945,313,10258,82
2021-10-26,Alameda,001,1643700,119042,118360,2770,121130,1407
2021-10-26,Alpine,003,1148,101,105,0,105,0
2021-10-26,Amador,005,37829,5523,5465,59,5524,64
2021-10-26,Butte,007,227075,20776,20387,3733,24120,274
2021-10-26,Calaveras,009,45235,4022,3966,51,4017,81
2021-10-26,Colusa,011,21464,2507,2478,630,3108,18
2021-10-26,Contra Costa,013,1133247,98978,98352,2164,100516,1017
2021-10-26,Del Norte,015,27424,3661,3563,53,3616,42
2021-10-26,El Dorado,017,186661,15950,15690,1694,17384,153
2021-10-26,Fresno,019,978130,138532,136211,12619,148830,2122
2021-10-26,Glenn,021,27897,3472,3431,1001,4432,33
2021-10-26,Humboldt,023,135768,8928,8830,537,9367,105
2021-10-26,Imperial,025,180216,33385,33012,3171,36183,766
2021-10-26,Inyo,027,18085,2294,2200,42,2242,41
2021-10-26,Kern,029,883053,126291,124351,21647,145998,1645
2021-10-26,Kings,031,150075,31971,31382,1916,33298,336
2021-10-26,Lake,033,64148,6679,6584,143,6727,105
2021-10-26,Lassen,035,31185,6802,6689,356,7045,42
2021-10-26,Los Angeles,037,10098052,1434045,1421795,53838,1475633,26599
2021-10-26,Madera,039,155013,22806,22363,2052,24415,283
2021-10-26,Marin,041,260295,17488,17354,448,17802,244
2021-10-26,Mariposa,043,17540,1263,1225,45,1270,5
2021-10-26,Mendocino,045,87422,7452,7308,495,7803,83
2021-10-26,Merced,047,269075,41529,41267,1870,43137,583
2021-10-26,Modoc,049,8938,526,513,186,699,5
2021-10-26,Mono,051,14174,1705,1680,22,1702,3
2021-10-26,Monterey,053,433212,48566,47572,2847,50419,588
2021-10-26,Napa,055,140530,12913,12849,109,12958,101
2021-10-26,Nevada,057,99092,9088,8971,319,9290,90
2021-10-26,Orange,059,3164182,306003,303533,14999,318532,5580
2021-10-26,Placer,061,380077,36813,36245,3595,39840,434
2021-10-26,Plumas,063,18699,1744,1645,33,1678,7
2021-10-26,Riverside,065,2383286,361332,356775,16399,373174,5068
2021-10-26,Sacramento,067,1510023,157757,156643,4512,161155,2228
2021-10-26,San Benito,069,59416,7354,7325,168,7493,71
2021-10-26,San Bernardino,071,2135413,352345,349346,11100,360446,5764
2021-10-26,San Diego,073,3302833,371117,369043,21809,390852,4198
2021-10-26,San Francisco,075,870044,52665,52063,2308,54371,655
2021-10-26,San Joaquin,077,732212,99101,98036,5364,103400,1748
2021-10-26,San Luis Obispo,079,281455,29408,28928,1230,30158,337
2021-10-26,San Mateo,081,765935,53924,52974,860,53834,571
2021-10-26,Santa Barbara,083,443738,44209,43835,1542,45377,525
2021-10-26,Santa Clara,085,1922200,146298,144932,1315,146247,1903
2021-10-26,Santa Cruz,087,273765,20281,20067,1004,21071,221
2021-10-26,Shasta,089,179085,21116,20725,3538,24263,330
2021-10-26,Sierra,091,2930,180,169,20,189,0
2021-10-26,Siskiyou,093,43540,3323,3254,1276,4530,46
2021-10-26,Solano,095,438530,45748,45044,1253,46297,344
2021-10-26,Sonoma,097,501317,41166,40794,522,41316,393
2021-10-26,Stanislaus,099,539301,77653,77552,8779,86331,1157
2021-10-26,Sutter,101,95872,13777,13739,340,14079,176
2021-10-26,Tehama,103,63373,8390,8247,1466,9713,112
2021-10-26,Trinity,105,12862,846,705,215,920,11
2021-10-26,Tulare,107,460477,67847,66476,14722,81198,991
2021-10-26,Tuolumne,109,53932,7116,6995,94,7089,90
2021-10-26,Ventura,111,848112,97755,97014,4295,101309,1170
2021-10-26,Yolo,113,214977,19754,19490,1110,20600,248
2021-10-26,Yuba,115,75493,10038,9927,308,10235,82
2021-10-25,Alameda,001,1643700,118897,118319,2769,121088,1404
2021-10-25,Alpine,003,1148,101,105,0,105,0
2021-10-25,Amador,005,37829,5509,5455,59,5514,64
2021-10-25,Butte,007,227075,20703,20331,3725,24056,273
2021-10-25,Calaveras,009,45235,3992,3942,50,3992,82
2021-10-25,Colusa,011,21464,2505,2471,628,3099,18
2021-10-25,Contra Costa,013,1133247,98861,98267,2160,100427,1017
2021-10-25,Del Norte,015,27424,3654,3562,53,3615,42
2021-10-25,El Dorado,017,186661,15915,15663,1692,17355,149
2021-10-25,Fresno,019,978130,138097,135974,12580,148554,2112
2021-10-25,Glenn,021,27897,3469,3421,1000,4421,33
2021-10-25,Humboldt,023,135768,8905,8825,532,9357,105
2021-10-25,Imperial,025,180216,33324,32968,3160,36128,766
2021-10-25,Inyo,027,18085,2276,2183,42,2225,41
2021-10-25,Kern,029,883053,125939,124078,21508,145586,1649
2021-10-25,Kings,031,150075,31882,31329,1907,33236,335
2021-10-25,Lake,033,64148,6666,6571,143,6714,105
2021-10-25,Lassen,035,31185,6791,6688,354,7042,42
2021-10-25,Los Angeles,037,10098052,1432685,1421061,53771,1474832,26579
2021-10-25,Madera,039,155013,22752,22325,2045,24370,281
2021-10-25,Marin,041,260295,17466,17334,446,17780,244
2021-10-25,Mariposa,043,17540,1249,1220,45,1265,5
2021-10-25,Mendocino,045,87422,7422,7296,491,7787,82
2021-10-25,Merced,047,269075,41461,41207,1843,43050,583
2021-10-25,Modoc,049,8938,524,512,184,696,5
2021-10-25,Mono,051,14174,1697,1677,22,1699,3
2021-10-25,Monterey,053,433212,48533,47547,2845,50392,587
2021-10-25,Napa,055,140530,12900,12841,109,12950,100
2021-10-25,Nevada,057,99092,9062,8958,319,9277,90
2021-10-25,Orange,059,3164182,305706,303279,14962,318241,5574
2021-10-25,Placer,061,380077,36705,36153,3585,39738,431
2021-10-25,Plumas,063,18699,1732,1641,33,1674,7
2021-10-25,Riverside,065,2383286,360905,356381,16384,372765,5056
2021-10-25,Sacramento,067,1510023,157454,156516,4486,161002,2235
2021-10-25,San Benito,069,59416,7341,7314,167,7481,71
2021-10-25,San Bernardino,071,2135413,351848,349075,11088,360163,5748
2021-10-25,San Diego,073,3302833,370548,368386,21781,390167,4196
2021-10-25,San Francisco,075,870044,52592,52041,2301,54342,649
2021-10-25,San Joaquin,077,732212,98899,97980,5355,103335,1740
2021-10-25,San Luis Obispo,079,281455,29359,28907,1225,30132,336
2021-10-25,San Mateo,081,765935,53864,52927,856,53783,571
2021-10-25,Santa Barbara,083,443738,44150,43775,1542,45317,525
2021-10-25,Santa Clara,085,1922200,146107,144895,1310,146205,1901
2021-10-25,Santa Cruz,087,273765,20252,20053,1003,21056,221
2021-10-25,Shasta,089,179085,21044,20666,3531,24197,326
2021-10-25,Sierra,091,2930,180,168,20,188,0
2021-10-25,Siskiyou,093,43540,3319,3248,1271,4519,46
2021-10-25,Solano,095,438530,45687,45022,1251,46273,344
2021-10-25,Sonoma,097,501317,41093,40746,520,41266,393
2021-10-25,Stanislaus,099,539301,77461,77452,8750,86202,1145
2021-10-25,Sutter,101,95872,13764,13721,337,14058,176
2021-10-25,Tehama,103,63373,8363,8224,1462,9686,111
2021-10-25,Trinity,105,12862,841,699,214,913,11
2021-10-25,Tulare,107,460477,67652,66357,14660,81017,986
2021-10-25,Tuolumne,109,53932,7082,6952,92,7044,90
2021-10-25,Ventura,111,848112,97664,96932,4292,101224,1167
2021-10-25,Yolo,113,214977,19705,19457,1106,20563,248
2021-10-25,Yuba,115,75493,10022,9924,304,10228,82
2021-10-24,Alameda,001,1643700,118766,117816,2764,120580,1397
2021-10-24,Alpine,003,1148,101,105,0,105,0
2021-10-24,Amador,005,37829,5504,5412,59,5471,64
2021-10-24,Butte,007,227075,20630,20101,3713,23814,273
2021-10-24,Calaveras,009,45235,3973,3865,49,3914,81
2021-10-24,Colusa,011,21464,2501,2458,625,3083,18
2021-10-24,Contra Costa,013,1133247,98743,97855,2151,100006,1008
2021-10-24,Del Norte,015,27424,3650,3540,53,3593,42
2021-10-24,El Dorado,017,186661,15879,15540,1688,17228,149
2021-10-24,Fresno,019,978130,137661,134466,12531,146997,2094
2021-10-24,Glenn,021,27897,3462,3399,998,4397,33
2021-10-24,Humboldt,023,135768,8892,8753,526,9279,105
2021-10-24,Imperial,025,180216,33246,32777,3154,35931,766
2021-10-24,Inyo,027,18085,2244,2108,42,2150,41
2021-10-24,Kern,029,883053,125605,122939,21390,144329,1636
2021-10-24,Kings,031,150075,31753,30942,1891,32833,325
2021-10-24,Lake,033,64148,6643,6501,142,6643,105
2021-10-24,Lassen,035,31185,6774,6632,353,6985,27
2021-10-24,Los Angeles,037,10098052,1431247,1415919,53703,1469622,26527
2021-10-24,Madera,039,155013,22675,22062,2032,24094,281
2021-10-24,Marin,041,260295,17450,17264,445,17709,244
2021-10-24,Mariposa,043,17540,1246,1184,45,1229,5
2021-10-24,Mendocino,045,87422,7398,7220,481,7701,82
2021-10-24,Merced,047,269075,41340,40808,1837,42645,581
2021-10-24,Modoc,049,8938,523,507,184,691,5
2021-10-24,Mono,051,14174,1692,1655,22,1677,3
2021-10-24,Monterey,053,433212,48485,47456,2834,50290,586
2021-10-24,Napa,055,140530,12889,12789,109,12898,100
2021-10-24,Nevada,057,99092,9039,8861,316,9177,90
2021-10-24,Orange,059,3164182,305355,302237,14925,317162,5546
2021-10-24,Placer,061,380077,36601,35822,3571,39393,426
2021-10-24,Plumas,063,18699,1722,1623,32,1655,7
2021-10-24,Riverside,065,2383286,360431,354688,16364,371052,5041
2021-10-24,Sacramento,067,1510023,157113,155125,4463,159588,2232
2021-10-24,San Benito,069,59416,7321,7280,167,7447,71
2021-10-24,San Bernardino,071,2135413,351294,347681,11076,358757,5688
2021-10-24,San Diego,073,3302833,369965,366085,21750,387835,4183
2021-10-24,San Francisco,075,870044,52529,51820,2295,54115,649
2021-10-24,San Joaquin,077,732212,98726,97440,5349,102789,1721
2021-10-24,San Luis Obispo,079,281455,29298,28755,1218,29973,333
2021-10-24,San Mateo,081,765935,53792,52719,856,53575,571
2021-10-24,Santa Barbara,083,443738,44083,43552,1540,45092,523
2021-10-24,Santa Clara,085,1922200,145916,144276,1300,145576,1897
2021-10-24,Santa Cruz,087,273765,20214,19967,1002,20969,221
2021-10-24,Shasta,089,179085,20945,20386,3525,23911,321
2021-10-24,Sierra,091,2930,180,168,20,188,0
2021-10-24,Siskiyou,093,43540,3312,3231,1267,4498,46
2021-10-24,Solano,095,438530,45637,44861,1246,46107,341
2021-10-24,Sonoma,097,501317,41010,40476,520,40996,393
2021-10-24,Stanislaus,099,539301,77270,76812,8738,85550,1145
2021-10-24,Sutter,101,95872,13737,13616,329,13945,175
2021-10-24,Tehama,103,63373,8315,8105,1450,9555,110
2021-10-24,Trinity,105,12862,837,696,211,907,11
2021-10-24,Tulare,107,460477,67480,65585,14587,80172,978
2021-10-24,Tuolumne,109,53932,7042,6840,90,6930,90
2021-10-24,Ventura,111,848112,97557,96664,4291,100955,1167
2021-10-24,Yolo,113,214977,19656,19280,1103,20383,248
2021-10-24,Yuba,115,75493,9997,9838,303,10141,82
2021-10-23,Alameda,001,1643700,118678,117816,2759,120575,1397
2021-10-23,Alpine,003,1148,101,105,0,105,0
2021-10-23,Amador,005,37829,5497,5412,59,5471,64
2021-10-23,Butte,007,227075,20593,20101,3704,23805,273
2021-10-23,Calaveras,009,45235,3966,3865,48,3913,81
2021-10-23,Colusa,011,21464,2499,2458,624,3082,18
2021-10-23,Contra Costa,013,1133247,98691,97855,2147,100002,1008
2021-10-23,Del Norte,015,27424,3648,3540,53,3593,42
2021-10-23,El Dorado,017,186661,15853,15540,1686,17226,149
2021-10-23,Fresno,019,978130,137483,134466,12518,146984,2094
2021-10-23,Glenn,021,27897,3460,3399,997,4396,33
2021-10-23,Humboldt,023,135768,8878,8753,521,9274,105
2021-10-23,Imperial,025,180216,33199,32777,3150,35927,766
2021-10-23,Inyo,027,18085,2233,2108,42,2150,41
2021-10-23,Kern,029,883053,125445,122939,21302,144241,1636
2021-10-23,Kings,031,150075,31707,30942,1889,32831,325
2021-10-23,Lake,033,64148,6638,6501,142,6643,105
2021-10-23,Lassen,035,31185,6771,6632,351,6983,27
2021-10-23,Los Angeles,037,10098052,1430566,1415919,53649,1469568,26527
2021-10-23,Madera,039,155013,22626,22062,2024,24086,281
2021-10-23,Marin,041,260295,17433,17264,444,17708,244
2021-10-23,Mariposa,043,17540,1243,1184,44,1228,5
2021-10-23,Mendocino,045,87422,7391,7220,480,7700,82
2021-10-23,Merced,047,269075,41299,40808,1832,42640,581
2021-10-23,Modoc,049,8938,521,507,184,691,5
2021-10-23,Mono,051,14174,1686,1655,22,1677,3
2021-10-23,Monterey,053,433212,48468,47456,2830,50286,586
2021-10-23,Napa,055,140530,12884,12789,109,12898,100
2021-10-23,Nevada,057,99092,9028,8861,314,9175,90
2021-10-23,Orange,059,3164182,305169,302237,14909,317146,5546
2021-10-23,Placer,061,380077,36539,35822,3565,39387,426
2021-10-23,Plumas,063,18699,1721,1623,32,1655,7
2021-10-23,Riverside,065,2383286,360110,354688,16357,371045,5041
2021-10-23,Sacramento,067,1510023,156984,155125,4454,159579,2232
2021-10-23,San Benito,069,59416,7311,7280,167,7447,71
2021-10-23,San Bernardino,071,2135413,351024,347681,11068,358749,5688
2021-10-23,San Diego,073,3302833,369624,366085,21719,387804,4183
2021-10-23,San Francisco,075,870044,52494,51820,2294,54114,649
2021-10-23,San Joaquin,077,732212,98658,97440,5340,102780,1721
2021-10-23,San Luis Obispo,079,281455,29261,28755,1216,29971,333
2021-10-23,San Mateo,081,765935,53754,52719,855,53574,571
2021-10-23,Santa Barbara,083,443738,44052,43552,1538,45090,523
2021-10-23,Santa Clara,085,1922200,145808,144276,1296,145572,1897
2021-10-23,Santa Cruz,087,273765,20202,19967,1002,20969,221
2021-10-23,Shasta,089,179085,20909,20386,3513,23899,321
2021-10-23,Sierra,091,2930,179,168,20,188,0
2021-10-23,Siskiyou,093,43540,3310,3231,1267,4498,46
2021-10-23,Solano,095,438530,45612,44861,1243,46104,341
2021-10-23,Sonoma,097,501317,40970,40476,520,40996,393
2021-10-23,Stanislaus,099,539301,77181,76812,8718,85530,1145
2021-10-23,Sutter,101,95872,13731,13616,328,13944,175
2021-10-23,Tehama,103,63373,8303,8105,1449,9554,110
2021-10-23,Trinity,105,12862,836,696,211,907,11
2021-10-23,Tulare,107,460477,67392,65585,14528,80113,978
2021-10-23,Tuolumne,109,53932,7021,6840,90,6930,90
2021-10-23,Ventura,111,848112,97496,96664,4291,100955,1167
2021-10-23,Yolo,113,214977,19639,19280,1100,20380,248
2021-10-23,Yuba,115,75493,9989,9838,303,10141,82
2021-10-22,Alameda,001,1643700,118594,117816,2756,120572,1397
2021-10-22,Alpine,003,1148,101,105,0,105,0
2021-10-22,Amador,005,37829,5486,5412,59,5471,64
2021-10-22,Butte,007,227075,20561,20101,3700,23801,273
2021-10-22,Calaveras,009,45235,3958,3865,48,3913,81
2021-10-22,Colusa,011,21464,2496,2458,624,3082,18
2021-10-22,Contra Costa,013,1133247,98600,97855,2145,100000,1008
2021-10-22,Del Norte,015,27424,3644,3540,53,3593,42
2021-10-22,El Dorado,017,186661,15840,15540,1684,17224,149
2021-10-22,Fresno,019,978130,137268,134466,12496,146962,2094
2021-10-22,Glenn,021,27897,3450,3399,997,4396,33
2021-10-22,Humboldt,023,135768,8864,8753,520,9273,105
2021-10-22,Imperial,025,180216,33156,32777,3150,35927,766
2021-10-22,Inyo,027,18085,2220,2108,42,2150,41
2021-10-22,Kern,029,883053,125258,122939,21229,144168,1636
2021-10-22,Kings,031,150075,31672,30942,1888,32830,325
2021-10-22,Lake,033,64148,6628,6501,142,6643,105
2021-10-22,Lassen,035,31185,6764,6632,348,6980,27
2021-10-22,Los Angeles,037,10098052,1429813,1415919,53590,1469509,26527
2021-10-22,Madera,039,155013,22576,22062,2011,24073,281
2021-10-22,Marin,041,260295,17421,17264,444,17708,244
2021-10-22,Mariposa,043,17540,1240,1184,44,1228,5
2021-10-22,Mendocino,045,87422,7377,7220,479,7699,82
2021-10-22,Merced,047,269075,41262,40808,1825,42633,581
2021-10-22,Modoc,049,8938,521,507,184,691,5
2021-10-22,Mono,051,14174,1684,1655,22,1677,3
2021-10-22,Monterey,053,433212,48435,47456,2828,50284,586
2021-10-22,Napa,055,140530,12878,12789,109,12898,100
2021-10-22,Nevada,057,99092,9011,8861,313,9174,90
2021-10-22,Orange,059,3164182,304953,302237,14878,317115,5546
2021-10-22,Placer,061,380077,36511,35822,3556,39378,426
2021-10-22,Plumas,063,18699,1715,1623,32,1655,7
2021-10-22,Riverside,065,2383286,359799,354688,16352,371040,5041
2021-10-22,Sacramento,067,1510023,156798,155125,4444,159569,2232
2021-10-22,San Benito,069,59416,7306,7280,167,7447,71
2021-10-22,San Bernardino,071,2135413,350695,347681,11052,358733,5688
2021-10-22,San Diego,073,3302833,369226,366085,21701,387786,4183
2021-10-22,San Francisco,075,870044,52459,51820,2287,54107,649
2021-10-22,San Joaquin,077,732212,98599,97440,5337,102777,1721
2021-10-22,San Luis Obispo,079,281455,29231,28755,1216,29971,333
2021-10-22,San Mateo,081,765935,53703,52719,848,53567,571
2021-10-22,Santa Barbara,083,443738,44011,43552,1538,45090,523
2021-10-22,Santa Clara,085,1922200,145652,144276,1289,145565,1897
2021-10-22,Santa Cruz,087,273765,20180,19967,1002,20969,221
2021-10-22,Shasta,089,179085,20876,20386,3510,23896,321
2021-10-22,Sierra,091,2930,178,168,19,187,0
2021-10-22,Siskiyou,093,43540,3308,3231,1264,4495,46
2021-10-22,Solano,095,438530,45577,44861,1239,46100,341
2021-10-22,Sonoma,097,501317,40913,40476,520,40996,393
2021-10-22,Stanislaus,099,539301,77078,76812,8700,85512,1145
2021-10-22,Sutter,101,95872,13716,13616,328,13944,175
2021-10-22,Tehama,103,63373,8281,8105,1444,9549,110
2021-10-22,Trinity,105,12862,835,696,211,907,11
2021-10-22,Tulare,107,460477,67306,65585,14474,80059,978
2021-10-22,Tuolumne,109,53932,6986,6840,90,6930,90
2021-10-22,Ventura,111,848112,97443,96664,4285,100949,1167
2021-10-22,Yolo,113,214977,19612,19280,1098,20378,248
2021-10-22,Yuba,115,75493,9975,9838,301,10139,82
2021-10-21,Alameda,001,1643700,118479,117816,2751,120567,1397
2021-10-21,Alpine,003,1148,101,105,0,105,0
2021-10-21,Amador,005,37829,5478,5412,59,5471,64
2021-10-21,Butte,007,227075,20477,20101,3687,23788,273
2021-10-21,Calaveras,009,45235,3939,3865,48,3913,81
2021-10-21,Colusa,011,21464,2492,2458,620,3078,18
2021-10-21,Contra Costa,013,1133247,98484,97855,2139,99994,1008
2021-10-21,Del Norte,015,27424,3638,3540,52,3592,42
2021-10-21,El Dorado,017,186661,15812,15540,1677,17217,149
2021-10-21,Fresno,019,978130,136918,134466,12452,146918,2094
2021-10-21,Glenn,021,27897,3446,3399,994,4393,33
2021-10-21,Humboldt,023,135768,8850,8753,516,9269,105
2021-10-21,Imperial,025,180216,33101,32777,3146,35923,766
2021-10-21,Inyo,027,18085,2198,2108,42,2150,41
2021-10-21,Kern,029,883053,125010,122939,21118,144057,1636
2021-10-21,Kings,031,150075,31574,30942,1882,32824,325
2021-10-21,Lake,033,64148,6614,6501,141,6642,105
2021-10-21,Lassen,035,31185,6751,6632,344,6976,27
2021-10-21,Los Angeles,037,10098052,1428698,1415919,53540,1469459,26527
2021-10-21,Madera,039,155013,22518,22062,2001,24063,281
2021-10-21,Marin,041,260295,17403,17264,444,17708,244
2021-10-21,Mariposa,043,17540,1234,1184,43,1227,5
2021-10-21,Mendocino,045,87422,7359,7220,472,7692,82
2021-10-21,Merced,047,269075,41165,40808,1814,42622,581
2021-10-21,Modoc,049,8938,521,507,184,691,5
2021-10-21,Mono,051,14174,1675,1655,22,1677,3
2021-10-21,Monterey,053,433212,48401,47456,2817,50273,586
2021-10-21,Napa,055,140530,12866,12789,109,12898,100
2021-10-21,Nevada,057,99092,8986,8861,313,9174,90
2021-10-21,Orange,059,3164182,304681,302237,14842,317079,5546
2021-10-21,Placer,061,380077,36422,35822,3543,39365,426
2021-10-21,Plumas,063,18699,1701,1623,32,1655,7
2021-10-21,Riverside,065,2383286,359354,354688,16341,371029,5041
2021-10-21,Sacramento,067,1510023,156479,155125,4418,159543,2232
2021-10-21,San Benito,069,59416,7299,7280,165,7445,71
2021-10-21,San Bernardino,071,2135413,350315,347681,11017,358698,5688
2021-10-21,San Diego,073,3302833,368715,366085,21671,387756,4183
2021-10-21,San Francisco,075,870044,52404,51820,2286,54106,649
2021-10-21,San Joaquin,077,732212,98460,97440,5330,102770,1721
2021-10-21,San Luis Obispo,079,281455,29189,28755,1214,29969,333
2021-10-21,San Mateo,081,765935,53656,52719,847,53566,571
2021-10-21,Santa Barbara,083,443738,43945,43552,1536,45088,523
2021-10-21,Santa Clara,085,1922200,145481,144276,1285,145561,1897
2021-10-21,Santa Cruz,087,273765,20156,19967,1000,20967,221
2021-10-21,Shasta,089,179085,20815,20386,3495,23881,321
2021-10-21,Sierra,091,2930,177,168,18,186,0
2021-10-21,Siskiyou,093,43540,3303,3231,1262,4493,46
2021-10-21,Solano,095,438530,45525,44861,1237,46098,341
2021-10-21,Sonoma,097,501317,40844,40476,518,40994,393
2021-10-21,Stanislaus,099,539301,76909,76812,8689,85501,1145
2021-10-21,Sutter,101,95872,13688,13616,324,13940,175
2021-10-21,Tehama,103,63373,8254,8105,1437,9542,110
2021-10-21,Trinity,105,12862,833,696,211,907,11
2021-10-21,Tulare,107,460477,67117,65585,14403,79988,978
2021-10-21,Tuolumne,109,53932,6948,6840,89,6929,90
2021-10-21,Ventura,111,848112,97352,96664,4283,100947,1167
2021-10-21,Yolo,113,214977,19565,19280,1096,20376,248
2021-10-21,Yuba,115,75493,9951,9838,300,10138,82
2021-10-20,Alameda,001,1643700,118359,117654,2751,120405,1390
2021-10-20,Alpine,003,1148,101,103,0,103,0
2021-10-20,Amador,005,37829,5470,5379,59,5438,64
2021-10-20,Butte,007,227075,20423,20021,3672,23693,270
2021-10-20,Calaveras,009,45235,3919,3844,47,3891,81
2021-10-20,Colusa,011,21464,2488,2454,618,3072,18
2021-10-20,Contra Costa,013,1133247,98368,97721,2135,99856,1008
2021-10-20,Del Norte,015,27424,3634,3536,52,3588,42
2021-10-20,El Dorado,017,186661,15782,15502,1674,17176,149
2021-10-20,Fresno,019,978130,136516,134025,12415,146440,2084
2021-10-20,Glenn,021,27897,3438,3382,993,4375,33
2021-10-20,Humboldt,023,135768,8828,8727,514,9241,105
2021-10-20,Imperial,025,180216,33027,32705,3138,35843,766
2021-10-20,Inyo,027,18085,2178,2077,41,2118,40
2021-10-20,Kern,029,883053,124716,122630,20997,143627,1623
2021-10-20,Kings,031,150075,31497,30805,1872,32677,322
2021-10-20,Lake,033,64148,6592,6475,140,6615,104
2021-10-20,Lassen,035,31185,6736,6622,344,6966,27
2021-10-20,Los Angeles,037,10098052,1427587,1414931,53469,1468400,26506
2021-10-20,Madera,039,155013,22448,21983,1992,23975,281
2021-10-20,Marin,041,260295,17382,17250,442,17692,244
2021-10-20,Mariposa,043,17540,1227,1174,43,1217,5
2021-10-20,Mendocino,045,87422,7331,7189,469,7658,82
2021-10-20,Merced,047,269075,41084,40685,1797,42482,581
2021-10-20,Modoc,049,8938,521,504,184,688,5
2021-10-20,Mono,051,14174,1675,1653,22,1675,3
2021-10-20,Monterey,053,433212,48369,47430,2808,50238,587
2021-10-20,Napa,055,140530,12852,12773,108,12881,100
2021-10-20,Nevada,057,99092,8958,8836,313,9149,90
2021-10-20,Orange,059,3164182,304395,301957,14820,316777,5534
2021-10-20,Placer,061,380077,36332,35729,3534,39263,425
2021-10-20,Plumas,063,18699,1694,1604,32,1636,7
2021-10-20,Riverside,065,2383286,358910,354311,16324,370635,5030
2021-10-20,Sacramento,067,1510023,156179,154822,4395,159217,2222
2021-10-20,San Benito,069,59416,7296,7275,163,7438,71
2021-10-20,San Bernardino,071,2135413,349912,347217,10986,358203,5663
2021-10-20,San Diego,073,3302833,368207,365698,21652,387350,4178
2021-10-20,San Francisco,075,870044,52355,51755,2285,54040,646
2021-10-20,San Joaquin,077,732212,98315,97246,5322,102568,1721
2021-10-20,San Luis Obispo,079,281455,29144,28727,1210,29937,332
2021-10-20,San Mateo,081,765935,53585,52663,839,53502,571
2021-10-20,Santa Barbara,083,443738,43882,43489,1535,45024,523
2021-10-20,Santa Clara,085,1922200,145346,144124,1280,145404,1896
2021-10-20,Santa Cruz,087,273765,20143,19951,1000,20951,219
2021-10-20,Shasta,089,179085,20753,20313,3468,23781,320
2021-10-20,Sierra,091,2930,177,168,18,186,0
2021-10-20,Siskiyou,093,43540,3303,3224,1256,4480,46
2021-10-20,Solano,095,438530,45493,44819,1235,46054,341
2021-10-20,Sonoma,097,501317,40797,40404,518,40922,393
2021-10-20,Stanislaus,099,539301,76759,76631,8670,85301,1145
2021-10-20,Sutter,101,95872,13664,13592,318,13910,175
2021-10-20,Tehama,103,63373,8223,8081,1426,9507,110
2021-10-20,Trinity,105,12862,833,693,210,903,11
2021-10-20,Tulare,107,460477,66943,65413,14357,79770,967
2021-10-20,Tuolumne,109,53932,6925,6803,89,6892,89
2021-10-20,Ventura,111,848112,97270,96610,4279,100889,1166
2021-10-20,Yolo,113,214977,19521,19236,1093,20329,248
2021-10-20,Yuba,115,75493,9934,9808,297,10105,82
2021-10-19,Alameda,001,1643700,118238,117542,2745,120287,1383
2021-10-19,Alpine,003,1148,101,103,0,103,0
2021-10-19,Amador,005,37829,5454,5367,59,5426,64
2021-10-19,Butte,007,227075,20370,19974,3664,23638,268
2021-10-19,Calaveras,009,45235,3902,3826,46,3872,80
2021-10-19,Colusa,011,21464,2485,2447,616,3063,18
2021-10-19,Contra Costa,013,1133247,98277,97613,2130,99743,1004
2021-10-19,Del Norte,015,27424,3627,3531,52,3583,42
2021-10-19,El Dorado,017,186661,15757,15478,1669,17147,149
2021-10-19,Fresno,019,978130,136152,133813,12367,146180,2073
2021-10-19,Glenn,021,27897,3435,3380,991,4371,33
2021-10-19,Humboldt,023,135768,8804,8714,508,9222,105
2021-10-19,Imperial,025,180216,32961,32632,3134,35766,764
2021-10-19,Inyo,027,18085,2147,2045,41,2086,40
2021-10-19,Kern,029,883053,124399,122391,20873,143264,1613
2021-10-19,Kings,031,150075,31403,30757,1865,32622,322
2021-10-19,Lake,033,64148,6588,6465,140,6605,104
2021-10-19,Lassen,035,31185,6730,6612,340,6952,27
2021-10-19,Los Angeles,037,10098052,1426343,1413882,53395,1467277,26473
2021-10-19,Madera,039,155013,22385,21950,1984,23934,281
2021-10-19,Marin,041,260295,17368,17241,439,17680,244
2021-10-19,Mariposa,043,17540,1221,1171,41,1212,5
2021-10-19,Mendocino,045,87422,7316,7172,466,7638,82
2021-10-19,Merced,047,269075,40969,40628,1776,42404,580
2021-10-19,Modoc,049,8938,519,502,184,686,5
2021-10-19,Mono,051,14174,1671,1651,22,1673,3
2021-10-19,Monterey,053,433212,48332,47412,2797,50209,583
2021-10-19,Napa,055,140530,12845,12769,108,12877,100
2021-10-19,Nevada,057,99092,8937,8829,312,9141,90
2021-10-19,Orange,059,3164182,304138,301700,14786,316486,5527
2021-10-19,Placer,061,380077,36211,35663,3519,39182,422
2021-10-19,Plumas,063,18699,1676,1586,32,1618,8
2021-10-19,Riverside,065,2383286,358488,353891,16316,370207,5020
2021-10-19,Sacramento,067,1510023,155873,154570,4369,158939,2227
2021-10-19,San Benito,069,59416,7280,7264,163,7427,71
2021-10-19,San Bernardino,071,2135413,349510,346814,10957,357771,5627
2021-10-19,San Diego,073,3302833,367626,365285,21621,386906,4170
2021-10-19,San Francisco,075,870044,52292,51704,2283,53987,645
2021-10-19,San Joaquin,077,732212,98148,97105,5311,102416,1721
2021-10-19,San Luis Obispo,079,281455,29096,28670,1207,29877,332
2021-10-19,San Mateo,081,765935,53527,52617,837,53454,571
2021-10-19,Santa Barbara,083,443738,43815,43413,1533,44946,522
2021-10-19,Santa Clara,085,1922200,145173,143989,1272,145261,1898
2021-10-19,Santa Cruz,087,273765,20119,19895,998,20893,218
2021-10-19,Shasta,089,179085,20677,20209,3460,23669,319
2021-10-19,Sierra,091,2930,174,168,18,186,0
2021-10-19,Siskiyou,093,43540,3299,3216,1251,4467,46
2021-10-19,Solano,095,438530,45451,44782,1229,46011,341
2021-10-19,Sonoma,097,501317,40723,40379,517,40896,392
2021-10-19,Stanislaus,099,539301,76617,76526,8658,85184,1145
2021-10-19,Sutter,101,95872,13640,13569,317,13886,174
2021-10-19,Tehama,103,63373,8193,8057,1410,9467,108
2021-10-19,Trinity,105,12862,826,691,210,901,11
2021-10-19,Tulare,107,460477,66756,65253,14288,79541,958
2021-10-19,Tuolumne,109,53932,6896,6782,88,6870,89
2021-10-19,Ventura,111,848112,97194,96539,4274,100813,1166
2021-10-19,Yolo,113,214977,19476,19206,1088,20294,248
2021-10-19,Yuba,115,75493,9916,9796,296,10092,82
2021-10-18,Alameda,001,1643700,118101,117506,2736,120242,1381
2021-10-18,Alpine,003,1148,101,103,0,103,0
2021-10-18,Amador,005,37829,5443,5345,59,5404,64
2021-10-18,Butte,007,227075,20319,19921,3654,23575,265
2021-10-18,Calaveras,009,45235,3877,3819,45,3864,80
2021-10-18,Colusa,011,21464,2484,2444,614,3058,18
2021-10-18,Contra Costa,013,1133247,98166,97585,2126,99711,995
2021-10-18,Del Norte,015,27424,3620,3529,52,3581,41
2021-10-18,El Dorado,017,186661,15726,15452,1666,17118,149
2021-10-18,Fresno,019,978130,135750,133688,12324,146012,2063
2021-10-18,Glenn,021,27897,3431,3370,987,4357,32
2021-10-18,Humboldt,023,135768,8785,8699,500,9199,104
2021-10-18,Imperial,025,180216,32870,32558,3134,35692,764
2021-10-18,Inyo,027,18085,2129,2020,41,2061,40
2021-10-18,Kern,029,883053,124100,122231,20778,143009,1605
2021-10-18,Kings,031,150075,31288,30698,1852,32550,320
2021-10-18,Lake,033,64148,6569,6455,136,6591,104
2021-10-18,Lassen,035,31185,6710,6607,337,6944,26
2021-10-18,Los Angeles,037,10098052,1425101,1413291,53319,1466610,26446
2021-10-18,Madera,039,155013,22331,21909,1971,23880,277
2021-10-18,Marin,041,260295,17348,17232,436,17668,244
2021-10-18,Mariposa,043,17540,1213,1160,41,1201,5
2021-10-18,Mendocino,045,87422,7297,7156,458,7614,82
2021-10-18,Merced,047,269075,40846,40573,1765,42338,579
2021-10-18,Modoc,049,8938,519,498,184,682,5
2021-10-18,Mono,051,14174,1665,1648,21,1669,3
2021-10-18,Monterey,053,433212,48310,47389,2792,50181,583
2021-10-18,Napa,055,140530,12830,12762,108,12870,100
2021-10-18,Nevada,057,99092,8918,8816,312,9128,90
2021-10-18,Orange,059,3164182,303799,301573,14752,316325,5524
2021-10-18,Placer,061,380077,36134,35598,3515,39113,420
2021-10-18,Plumas,063,18699,1668,1579,32,1611,6
2021-10-18,Riverside,065,2383286,358073,353699,16302,370001,5008
2021-10-18,Sacramento,067,1510023,155568,154428,4337,158765,2203
2021-10-18,San Benito,069,59416,7268,7253,163,7416,71
2021-10-18,San Bernardino,071,2135413,349090,346742,10942,357684,5606
2021-10-18,San Diego,073,3302833,367071,364948,21583,386531,4169
2021-10-18,San Francisco,075,870044,52229,51671,2277,53948,644
2021-10-18,San Joaquin,077,732212,97983,97041,5301,102342,1721
2021-10-18,San Luis Obispo,079,281455,29057,28644,1204,29848,331
2021-10-18,San Mateo,081,765935,53462,52594,836,53430,571
2021-10-18,Santa Barbara,083,443738,43756,43386,1531,44917,522
2021-10-18,Santa Clara,085,1922200,145018,143891,1263,145154,1895
2021-10-18,Santa Cruz,087,273765,20105,19876,996,20872,218
2021-10-18,Shasta,089,179085,20597,20146,3449,23595,313
2021-10-18,Sierra,091,2930,174,166,18,184,0
2021-10-18,Siskiyou,093,43540,3296,3210,1243,4453,42
2021-10-18,Solano,095,438530,45407,44758,1226,45984,339
2021-10-18,Sonoma,097,501317,40659,40349,514,40863,392
2021-10-18,Stanislaus,099,539301,76453,76466,8644,85110,1145
2021-10-18,Sutter,101,95872,13606,13557,315,13872,172
2021-10-18,Tehama,103,63373,8158,8042,1398,9440,107
2021-10-18,Trinity,105,12862,825,688,210,898,11
2021-10-18,Tulare,107,460477,66580,65171,14223,79394,958
2021-10-18,Tuolumne,109,53932,6867,6755,88,6843,89
2021-10-18,Ventura,111,848112,97099,96506,4271,100777,1165
2021-10-18,Yolo,113,214977,19438,19197,1085,20282,248
2021-10-18,Yuba,115,75493,9889,9782,294,10076,82
2021-10-17,Alameda,001,1643700,117948,117423,2731,120154,1376
2021-10-17,Alpine,003,1148,101,103,0,103,0
2021-10-17,Amador,005,37829,5420,5341,58,5399,64
2021-10-17,Butte,007,227075,20234,19897,3644,23541,265
2021-10-17,Calaveras,009,45235,3861,3805,45,3850,80
2021-10-17,Colusa,011,21464,2479,2442,607,3049,18
2021-10-17,Contra Costa,013,1133247,98044,97485,2115,99600,995
2021-10-17,Del Norte,015,27424,3615,3526,52,3578,41
2021-10-17,El Dorado,017,186661,15668,15438,1659,17097,149
2021-10-17,Fresno,019,978130,135283,133429,12281,145710,2063
2021-10-17,Glenn,021,27897,3421,3364,982,4346,32
2021-10-17,Humboldt,023,135768,8765,8690,497,9187,104
2021-10-17,Imperial,025,180216,32787,32520,3127,35647,764
2021-10-17,Inyo,027,18085,2101,2000,41,2041,40
2021-10-17,Kern,029,883053,123750,122085,20678,142763,1603
2021-10-17,Kings,031,150075,31175,30636,1843,32479,315
2021-10-17,Lake,033,64148,6553,6437,136,6573,104
2021-10-17,Lassen,035,31185,6698,6605,333,6938,26
2021-10-17,Los Angeles,037,10098052,1423764,1412371,53243,1465614,26443
2021-10-17,Madera,039,155013,22269,21869,1960,23829,277
2021-10-17,Marin,041,260295,17326,17211,436,17647,243
2021-10-17,Mariposa,043,17540,1206,1150,41,1191,5
2021-10-17,Mendocino,045,87422,7268,7148,452,7600,82
2021-10-17,Merced,047,269075,40720,40531,1749,42280,579
2021-10-17,Modoc,049,8938,516,498,182,680,5
2021-10-17,Mono,051,14174,1663,1640,20,1660,3
2021-10-17,Monterey,053,433212,48269,47369,2782,50151,583
2021-10-17,Napa,055,140530,12815,12753,105,12858,100
2021-10-17,Nevada,057,99092,8901,8794,311,9105,90
2021-10-17,Orange,059,3164182,303484,301414,14719,316133,5524
2021-10-17,Placer,061,380077,36034,35559,3500,39059,420
2021-10-17,Plumas,063,18699,1644,1571,31,1602,6
2021-10-17,Riverside,065,2383286,357589,353500,16288,369788,5008
2021-10-17,Sacramento,067,1510023,155168,154080,4319,158399,2213
2021-10-17,San Benito,069,59416,7259,7250,162,7412,71
2021-10-17,San Bernardino,071,2135413,348657,346524,10922,357446,5597
2021-10-17,San Diego,073,3302833,366480,364675,21555,386230,4163
2021-10-17,San Francisco,075,870044,52157,51625,2268,53893,644
2021-10-17,San Joaquin,077,732212,97810,96950,5292,102242,1721
2021-10-17,San Luis Obispo,079,281455,29005,28604,1196,29800,331
2021-10-17,San Mateo,081,765935,53410,52541,832,53373,571
2021-10-17,Santa Barbara,083,443738,43693,43344,1530,44874,522
2021-10-17,Santa Clara,085,1922200,144841,143768,1254,145022,1895
2021-10-17,Santa Cruz,087,273765,20077,19861,994,20855,218
2021-10-17,Shasta,089,179085,20507,20116,3439,23555,312
2021-10-17,Sierra,091,2930,172,165,18,183,0
2021-10-17,Siskiyou,093,43540,3288,3204,1240,4444,42
2021-10-17,Solano,095,438530,45350,44722,1225,45947,340
2021-10-17,Sonoma,097,501317,40583,40306,513,40819,392
2021-10-17,Stanislaus,099,539301,76256,76354,8629,84983,1145
2021-10-17,Sutter,101,95872,13589,13543,313,13856,172
2021-10-17,Tehama,103,63373,8126,8015,1381,9396,107
2021-10-17,Trinity,105,12862,822,686,209,895,11
2021-10-17,Tulare,107,460477,66396,65057,14149,79206,958
2021-10-17,Tuolumne,109,53932,6833,6735,87,6822,89
2021-10-17,Ventura,111,848112,96999,96458,4268,100726,1165
2021-10-17,Yolo,113,214977,19396,19171,1076,20247,248
2021-10-17,Yuba,115,75493,9863,9771,292,10063,82
2021-10-16,Alameda,001,1643700,117858,117027,2729,119756,1365
2021-10-16,Alpine,003,1148,100,102,0,102,0
2021-10-16,Amador,005,37829,5413,5310,58,5368,64
2021-10-16,Butte,007,227075,20203,19612,3636,23248,260
2021-10-16,Calaveras,009,45235,3854,3771,45,3816,80
2021-10-16,Colusa,011,21464,2475,2431,604,3035,18
2021-10-16,Contra Costa,013,1133247,97952,97107,2108,99215,982
2021-10-16,Del Norte,015,27424,3612,3516,52,3568,41
2021-10-16,El Dorado,017,186661,15647,15315,1657,16972,149
2021-10-16,Fresno,019,978130,135129,132433,12264,144697,2051
2021-10-16,Glenn,021,27897,3415,3331,982,4313,26
2021-10-16,Humboldt,023,135768,8753,8621,492,9113,104
2021-10-16,Imperial,025,180216,32772,32368,3125,35493,764
2021-10-16,Inyo,027,18085,2087,1932,41,1973,39
2021-10-16,Kern,029,883053,123594,121354,20596,141950,1590
2021-10-16,Kings,031,150075,31129,30418,1840,32258,314
2021-10-16,Lake,033,64148,6542,6378,136,6514,104
2021-10-16,Lassen,035,31185,6689,6559,328,6887,26
2021-10-16,Los Angeles,037,10098052,1423108,1409418,53189,1462607,26398
2021-10-16,Madera,039,155013,22225,21707,1956,23663,277
2021-10-16,Marin,041,260295,17316,17148,436,17584,243
2021-10-16,Mariposa,043,17540,1203,1096,41,1137,5
2021-10-16,Mendocino,045,87422,7257,7099,452,7551,82
2021-10-16,Merced,047,269075,40688,40265,1747,42012,577
2021-10-16,Modoc,049,8938,513,492,182,674,5
2021-10-16,Mono,051,14174,1659,1628,20,1648,3
2021-10-16,Monterey,053,433212,48252,47293,2774,50067,582
2021-10-16,Napa,055,140530,12804,12706,105,12811,100
2021-10-16,Nevada,057,99092,8881,8739,311,9050,90
2021-10-16,Orange,059,3164182,303308,300722,14694,315416,5509
2021-10-16,Placer,061,380077,35950,35343,3494,38837,412
2021-10-16,Plumas,063,18699,1639,1542,30,1572,6
2021-10-16,Riverside,065,2383286,357319,352435,16276,368711,4990
2021-10-16,Sacramento,067,1510023,154969,153264,4315,157579,2192
2021-10-16,San Benito,069,59416,7246,7210,161,7371,71
2021-10-16,San Bernardino,071,2135413,348450,345418,10914,356332,5566
2021-10-16,San Diego,073,3302833,366164,363109,21539,384648,4151
2021-10-16,San Francisco,075,870044,52110,51436,2264,53700,645
2021-10-16,San Joaquin,077,732212,97738,96507,5289,101796,1708
2021-10-16,San Luis Obispo,079,281455,28979,28460,1195,29655,329
2021-10-16,San Mateo,081,765935,53361,52399,831,53230,569
2021-10-16,Santa Barbara,083,443738,43657,43175,1529,44704,521
2021-10-16,Santa Clara,085,1922200,144741,143282,1246,144528,1890
2021-10-16,Santa Cruz,087,273765,20062,19794,993,20787,218
2021-10-16,Shasta,089,179085,20457,19932,3428,23360,309
2021-10-16,Sierra,091,2930,170,160,18,178,0
2021-10-16,Siskiyou,093,43540,3286,3173,1233,4406,42
2021-10-16,Solano,095,438530,45324,44585,1221,45806,334
2021-10-16,Sonoma,097,501317,40543,40195,513,40708,390
2021-10-16,Stanislaus,099,539301,76170,75868,8619,84487,1142
2021-10-16,Sutter,101,95872,13570,13471,312,13783,169
2021-10-16,Tehama,103,63373,8113,7907,1376,9283,104
2021-10-16,Trinity,105,12862,822,679,209,888,11
2021-10-16,Tulare,107,460477,66258,64489,14118,78607,951
2021-10-16,Tuolumne,109,53932,6801,6666,87,6753,89
2021-10-16,Ventura,111,848112,96967,96181,4263,100444,1164
2021-10-16,Yolo,113,214977,19369,19078,1070,20148,247
2021-10-16,Yuba,115,75493,9839,9705,289,9994,82
2021-10-15,Alameda,001,1643700,117786,117027,2725,119752,1365
2021-10-15,Alpine,003,1148,100,102,0,102,0
2021-10-15,Amador,005,37829,5389,5310,58,5368,64
2021-10-15,Butte,007,227075,20167,19612,3629,23241,260
2021-10-15,Calaveras,009,45235,3848,3771,45,3816,80
2021-10-15,Colusa,011,21464,2473,2431,601,3032,18
2021-10-15,Contra Costa,013,1133247,97870,97107,2104,99211,982
2021-10-15,Del Norte,015,27424,3610,3516,52,3568,41
2021-10-15,El Dorado,017,186661,15627,15315,1652,16967,149
2021-10-15,Fresno,019,978130,134875,132433,12255,144688,2051
2021-10-15,Glenn,021,27897,3409,3331,981,4312,26
2021-10-15,Humboldt,023,135768,8744,8621,490,9111,104
2021-10-15,Imperial,025,180216,32725,32368,3121,35489,764
2021-10-15,Inyo,027,18085,2069,1932,41,1973,39
2021-10-15,Kern,029,883053,123458,121354,20521,141875,1590
2021-10-15,Kings,031,150075,31074,30418,1836,32254,314
2021-10-15,Lake,033,64148,6533,6378,136,6514,104
2021-10-15,Lassen,035,31185,6677,6559,327,6886,26
2021-10-15,Los Angeles,037,10098052,1422414,1409418,53141,1462559,26398
2021-10-15,Madera,039,155013,22181,21707,1948,23655,277
2021-10-15,Marin,041,260295,17305,17148,436,17584,243
2021-10-15,Mariposa,043,17540,1195,1096,41,1137,5
2021-10-15,Mendocino,045,87422,7242,7099,452,7551,82
2021-10-15,Merced,047,269075,40658,40265,1744,42009,577
2021-10-15,Modoc,049,8938,512,492,182,674,5
2021-10-15,Mono,051,14174,1656,1628,20,1648,3
2021-10-15,Monterey,053,433212,48230,47293,2772,50065,582
2021-10-15,Napa,055,140530,12800,12706,105,12811,100
2021-10-15,Nevada,057,99092,8866,8739,311,9050,90
2021-10-15,Orange,059,3164182,303139,300722,14676,315398,5509
2021-10-15,Placer,061,380077,35896,35343,3488,38831,412
2021-10-15,Plumas,063,18699,1631,1542,30,1572,6
2021-10-15,Riverside,065,2383286,357077,352435,16271,368706,4990
2021-10-15,Sacramento,067,1510023,154782,153264,4305,157569,2192
2021-10-15,San Benito,069,59416,7243,7210,161,7371,71
2021-10-15,San Bernardino,071,2135413,348216,345418,10911,356329,5566
2021-10-15,San Diego,073,3302833,365804,363109,21514,384623,4151
2021-10-15,San Francisco,075,870044,52069,51436,2257,53693,645
2021-10-15,San Joaquin,077,732212,97660,96507,5282,101789,1708
2021-10-15,San Luis Obispo,079,281455,28958,28460,1193,29653,329
2021-10-15,San Mateo,081,765935,53317,52399,830,53229,569
2021-10-15,Santa Barbara,083,443738,43619,43175,1529,44704,521
2021-10-15,Santa Clara,085,1922200,144618,143282,1238,144520,1890
2021-10-15,Santa Cruz,087,273765,20051,19794,993,20787,218
2021-10-15,Shasta,089,179085,20401,19932,3420,23352,309
2021-10-15,Sierra,091,2930,170,160,18,178,0
2021-10-15,Siskiyou,093,43540,3285,3173,1230,4403,42
2021-10-15,Solano,095,438530,45298,44585,1221,45806,334
2021-10-15,Sonoma,097,501317,40509,40195,512,40707,390
2021-10-15,Stanislaus,099,539301,76090,75868,8603,84471,1142
2021-10-15,Sutter,101,95872,13553,13471,310,13781,169
2021-10-15,Tehama,103,63373,8092,7907,1370,9277,104
2021-10-15,Trinity,105,12862,822,679,209,888,11
2021-10-15,Tulare,107,460477,66179,64489,14081,78570,951
2021-10-15,Tuolumne,109,53932,6778,6666,85,6751,89
2021-10-15,Ventura,111,848112,96925,96181,4260,100441,1164
2021-10-15,Yolo,113,214977,19354,19078,1066,20144,247
2021-10-15,Yuba,115,75493,9829,9705,288,9993,82
2021-10-14,Alameda,001,1643700,117675,117027,2720,119747,1365
2021-10-14,Alpine,003,1148,100,102,0,102,0
2021-10-14,Amador,005,37829,5378,5310,58,5368,64
2021-10-14,Butte,007,227075,20115,19612,3623,23235,260
2021-10-14,Calaveras,009,45235,3835,3771,44,3815,80
2021-10-14,Colusa,011,21464,2471,2431,599,3030,18
2021-10-14,Contra Costa,013,1133247,97735,97107,2096,99203,982
2021-10-14,Del Norte,015,27424,3604,3516,52,3568,41
2021-10-14,El Dorado,017,186661,15589,15315,1649,16964,149
2021-10-14,Fresno,019,978130,134580,132433,12225,144658,2051
2021-10-14,Glenn,021,27897,3404,3331,980,4311,26
2021-10-14,Humboldt,023,135768,8727,8621,487,9108,104
2021-10-14,Imperial,025,180216,32662,32368,3114,35482,764
2021-10-14,Inyo,027,18085,2050,1932,41,1973,39
2021-10-14,Kern,029,883053,123186,121354,20421,141775,1590
2021-10-14,Kings,031,150075,31009,30418,1828,32246,314
2021-10-14,Lake,033,64148,6512,6378,135,6513,104
2021-10-14,Lassen,035,31185,6671,6559,326,6885,26
2021-10-14,Los Angeles,037,10098052,1421428,1409418,53089,1462507,26398
2021-10-14,Madera,039,155013,22116,21707,1942,23649,277
2021-10-14,Marin,041,260295,17300,17148,434,17582,243
2021-10-14,Mariposa,043,17540,1182,1096,40,1136,5
2021-10-14,Mendocino,045,87422,7228,7099,450,7549,82
2021-10-14,Merced,047,269075,40570,40265,1730,41995,577
2021-10-14,Modoc,049,8938,512,492,182,674,5
2021-10-14,Mono,051,14174,1649,1628,20,1648,3
2021-10-14,Monterey,053,433212,48204,47293,2767,50060,582
2021-10-14,Napa,055,140530,12785,12706,105,12811,100
2021-10-14,Nevada,057,99092,8839,8739,309,9048,90
2021-10-14,Orange,059,3164182,302931,300722,14659,315381,5509
2021-10-14,Placer,061,380077,35829,35343,3474,38817,412
2021-10-14,Plumas,063,18699,1616,1542,30,1572,6
2021-10-14,Riverside,065,2383286,356680,352435,16260,368695,4990
2021-10-14,Sacramento,067,1510023,154530,153264,4283,157547,2192
2021-10-14,San Benito,069,59416,7232,7210,161,7371,71
2021-10-14,San Bernardino,071,2135413,347859,345418,10905,356323,5566
2021-10-14,San Diego,073,3302833,365365,363109,21487,384596,4151
2021-10-14,San Francisco,075,870044,52013,51436,2253,53689,645
2021-10-14,San Joaquin,077,732212,97531,96507,5273,101780,1708
2021-10-14,San Luis Obispo,079,281455,28914,28460,1189,29649,329
2021-10-14,San Mateo,081,765935,53269,52399,829,53228,569
2021-10-14,Santa Barbara,083,443738,43563,43175,1524,44699,521
2021-10-14,Santa Clara,085,1922200,144477,143282,1232,144514,1890
2021-10-14,Santa Cruz,087,273765,20028,19794,993,20787,218
2021-10-14,Shasta,089,179085,20344,19932,3408,23340,309
2021-10-14,Sierra,091,2930,169,160,18,178,0
2021-10-14,Siskiyou,093,43540,3282,3173,1222,4395,42
2021-10-14,Solano,095,438530,45248,44585,1213,45798,334
2021-10-14,Sonoma,097,501317,40458,40195,509,40704,390
2021-10-14,Stanislaus,099,539301,75944,75868,8590,84458,1142
2021-10-14,Sutter,101,95872,13533,13471,309,13780,169
2021-10-14,Tehama,103,63373,8061,7907,1363,9270,104
2021-10-14,Trinity,105,12862,821,679,208,887,11
2021-10-14,Tulare,107,460477,65995,64489,14033,78522,951
2021-10-14,Tuolumne,109,53932,6747,6666,84,6750,89
2021-10-14,Ventura,111,848112,96857,96181,4254,100435,1164
2021-10-14,Yolo,113,214977,19321,19078,1059,20137,247
2021-10-14,Yuba,115,75493,9815,9705,279,9984,82
2021-10-13,Alameda,001,1643700,117569,116914,2714,119628,1360
2021-10-13,Alpine,003,1148,100,102,0,102,0
2021-10-13,Amador,005,37829,5364,5305,58,5363,63
2021-10-13,Butte,007,227075,20040,19546,3618,23164,257
2021-10-13,Calaveras,009,45235,3814,3756,42,3798,79
2021-10-13,Colusa,011,21464,2464,2430,595,3025,18
2021-10-13,Contra Costa,013,1133247,97619,96975,2095,99070,969
2021-10-13,Del Norte,015,27424,3599,3512,52,3564,39
2021-10-13,El Dorado,017,186661,15565,15302,1644,16946,149
2021-10-13,Fresno,019,978130,134246,132055,12192,144247,2048
2021-10-13,Glenn,021,27897,3399,3327,976,4303,26
2021-10-13,Humboldt,023,135768,8716,8604,483,9087,102
2021-10-13,Imperial,025,180216,32602,32317,3111,35428,762
2021-10-13,Inyo,027,18085,2013,1907,41,1948,39
2021-10-13,Kern,029,883053,122942,120956,20326,141282,1586
2021-10-13,Kings,031,150075,30928,30246,1821,32067,312
2021-10-13,Lake,033,64148,6492,6371,135,6506,103
2021-10-13,Lassen,035,31185,6660,6535,320,6855,25
2021-10-13,Los Angeles,037,10098052,1420375,1408384,53032,1461416,26379
2021-10-13,Madera,039,155013,22063,21609,1928,23537,277
2021-10-13,Marin,041,260295,17276,17137,433,17570,243
2021-10-13,Mariposa,043,17540,1168,1090,40,1130,5
2021-10-13,Mendocino,045,87422,7212,7088,442,7530,82
2021-10-13,Merced,047,269075,40485,40164,1719,41883,577
2021-10-13,Modoc,049,8938,510,490,180,670,5
2021-10-13,Mono,051,14174,1649,1612,20,1632,3
2021-10-13,Monterey,053,433212,48185,47273,2760,50033,582
2021-10-13,Napa,055,140530,12774,12695,103,12798,100
2021-10-13,Nevada,057,99092,8817,8725,309,9034,90
2021-10-13,Orange,059,3164182,302723,300468,14643,315111,5503
2021-10-13,Placer,061,380077,35762,35254,3465,38719,412
2021-10-13,Plumas,063,18699,1602,1514,30,1544,6
2021-10-13,Riverside,065,2383286,356350,352044,16247,368291,4978
2021-10-13,Sacramento,067,1510023,154281,153141,4261,157402,2182
2021-10-13,San Benito,069,59416,7226,7196,160,7356,71
2021-10-13,San Bernardino,071,2135413,347534,344951,10888,355839,5562
2021-10-13,San Diego,073,3302833,364934,362564,21465,384029,4141
2021-10-13,San Francisco,075,870044,51971,51379,2249,53628,644
2021-10-13,San Joaquin,077,732212,97388,96343,5268,101611,1696
2021-10-13,San Luis Obispo,079,281455,28876,28397,1186,29583,330
2021-10-13,San Mateo,081,765935,53217,52352,825,53177,569
2021-10-13,Santa Barbara,083,443738,43511,43109,1524,44633,518
2021-10-13,Santa Clara,085,1922200,144339,143064,1231,144295,1886
2021-10-13,Santa Cruz,087,273765,20002,19763,992,20755,217
2021-10-13,Shasta,089,179085,20274,19802,3387,23189,307
2021-10-13,Sierra,091,2930,169,155,18,173,0
2021-10-13,Siskiyou,093,43540,3274,3173,1221,4394,42
2021-10-13,Solano,095,438530,45209,44558,1210,45768,334
2021-10-13,Sonoma,097,501317,40402,40122,509,40631,390
2021-10-13,Stanislaus,099,539301,75802,75698,8580,84278,1136
2021-10-13,Sutter,101,95872,13503,13458,307,13765,169
2021-10-13,Tehama,103,63373,8025,7849,1357,9206,103
2021-10-13,Trinity,105,12862,818,677,208,885,11
2021-10-13,Tulare,107,460477,65814,64297,13978,78275,945
2021-10-13,Tuolumne,109,53932,6733,6644,83,6727,89
2021-10-13,Ventura,111,848112,96783,96099,4248,100347,1162
2021-10-13,Yolo,113,214977,19293,19023,1057,20080,247
2021-10-13,Yuba,115,75493,9790,9690,265,9955,80
2021-10-12,Alameda,001,1643700,117467,116813,2710,119523,1357
2021-10-12,Alpine,003,1148,100,102,0,102,0
2021-10-12,Amador,005,37829,5353,5301,58,5359,63
2021-10-12,Butte,007,227075,19970,19506,3606,23112,256
2021-10-12,Calaveras,009,45235,3799,3750,42,3792,75
2021-10-12,Colusa,011,21464,2461,2428,593,3021,18
2021-10-12,Contra Costa,013,1133247,97506,96894,2086,98980,960
2021-10-12,Del Norte,015,27424,3593,3511,52,3563,39
2021-10-12,El Dorado,017,186661,15531,15287,1642,16929,148
2021-10-12,Fresno,019,978130,133884,131848,12161,144009,2042
2021-10-12,Glenn,021,27897,3385,3321,975,4296,26
2021-10-12,Humboldt,023,135768,8688,8587,477,9064,102
2021-10-12,Imperial,025,180216,32550,32267,3109,35376,762
2021-10-12,Inyo,027,18085,1981,1889,41,1930,39
2021-10-12,Kern,029,883053,122655,120826,20215,141041,1580
2021-10-12,Kings,031,150075,30854,30200,1810,32010,312
2021-10-12,Lake,033,64148,6477,6372,133,6505,97
2021-10-12,Lassen,035,31185,6650,6526,319,6845,25
2021-10-12,Los Angeles,037,10098052,1419311,1407462,52984,1460446,26362
2021-10-12,Madera,039,155013,21992,21574,1915,23489,277
2021-10-12,Marin,041,260295,17253,17126,433,17559,242
2021-10-12,Mariposa,043,17540,1154,1088,40,1128,5
2021-10-12,Mendocino,045,87422,7183,7077,439,7516,82
2021-10-12,Merced,047,269075,40406,40113,1713,41826,567
2021-10-12,Modoc,049,8938,505,485,179,664,5
2021-10-12,Mono,051,14174,1647,1608,20,1628,3
2021-10-12,Monterey,053,433212,48154,47254,2752,50006,582
2021-10-12,Napa,055,140530,12760,12671,103,12774,97
2021-10-12,Nevada,057,99092,8805,8720,308,9028,89
2021-10-12,Orange,059,3164182,302468,300256,14617,314873,5499
2021-10-12,Placer,061,380077,35699,35214,3457,38671,404
2021-10-12,Plumas,063,18699,1588,1488,29,1517,6
2021-10-12,Riverside,065,2383286,356024,351771,16233,368004,4973
2021-10-12,Sacramento,067,1510023,153976,152935,4236,157171,2170
2021-10-12,San Benito,069,59416,7212,7193,160,7353,71
2021-10-12,San Bernardino,071,2135413,347222,344788,10878,355666,5563
2021-10-12,San Diego,073,3302833,364421,362256,21436,383692,4137
2021-10-12,San Francisco,075,870044,51907,51301,2248,53549,643
2021-10-12,San Joaquin,077,732212,97251,96237,5263,101500,1690
2021-10-12,San Luis Obispo,079,281455,28829,28379,1185,29564,327
2021-10-12,San Mateo,081,765935,53166,52328,824,53152,569
2021-10-12,Santa Barbara,083,443738,43450,43076,1524,44600,515
2021-10-12,Santa Clara,085,1922200,144186,142954,1229,144183,1882
2021-10-12,Santa Cruz,087,273765,19977,19757,992,20749,218
2021-10-12,Shasta,089,179085,20200,19731,3366,23097,304
2021-10-12,Sierra,091,2930,169,153,18,171,0
2021-10-12,Siskiyou,093,43540,3263,3166,1215,4381,42
2021-10-12,Solano,095,438530,45167,44516,1204,45720,329
2021-10-12,Sonoma,097,501317,40361,40105,508,40613,390
2021-10-12,Stanislaus,099,539301,75650,75589,8567,84156,1126
2021-10-12,Sutter,101,95872,13480,13436,303,13739,168
2021-10-12,Tehama,103,63373,7993,7820,1353,9173,103
2021-10-12,Trinity,105,12862,815,676,208,884,11
2021-10-12,Tulare,107,460477,65629,64216,13921,78137,944
2021-10-12,Tuolumne,109,53932,6716,6637,82,6719,89
2021-10-12,Ventura,111,848112,96682,96022,4243,100265,1160
2021-10-12,Yolo,113,214977,19266,18987,1049,20036,247
2021-10-12,Yuba,115,75493,9775,9676,261,9937,70
2021-10-11,Alameda,001,1643700,117325,116759,2709,119468,1358
2021-10-11,Alpine,003,1148,100,102,0,102,0
2021-10-11,Amador,005,37829,5341,5286,58,5344,62
2021-10-11,Butte,007,227075,19911,19452,3601,23053,253
2021-10-11,Calaveras,009,45235,3778,3750,42,3792,75
2021-10-11,Colusa,011,21464,2457,2427,585,3012,18
2021-10-11,Contra Costa,013,1133247,97370,96832,2081,98913,960
2021-10-11,Del Norte,015,27424,3590,3510,48,3558,39
2021-10-11,El Dorado,017,186661,15502,15273,1638,16911,146
2021-10-11,Fresno,019,978130,133554,131703,12126,143829,2036
2021-10-11,Glenn,021,27897,3368,3308,972,4280,26
2021-10-11,Humboldt,023,135768,8663,8571,470,9041,101
2021-10-11,Imperial,025,180216,32500,32207,3103,35310,762
2021-10-11,Inyo,027,18085,1958,1862,40,1902,39
2021-10-11,Kern,029,883053,122419,120684,20119,140803,1575
2021-10-11,Kings,031,150075,30765,30180,1800,31980,309
2021-10-11,Lake,033,64148,6461,6361,129,6490,97
2021-10-11,Lassen,035,31185,6630,6499,316,6815,25
2021-10-11,Los Angeles,037,10098052,1418268,1406826,52933,1459759,26346
2021-10-11,Madera,039,155013,21934,21555,1898,23453,272
2021-10-11,Marin,041,260295,17235,17121,429,17550,242
2021-10-11,Mariposa,043,17540,1124,1083,39,1122,5
2021-10-11,Mendocino,045,87422,7167,7064,435,7499,82
2021-10-11,Merced,047,269075,40290,40064,1688,41752,566
2021-10-11,Modoc,049,8938,502,482,176,658,5
2021-10-11,Mono,051,14174,1637,1604,20,1624,3
2021-10-11,Monterey,053,433212,48125,47241,2745,49986,580
2021-10-11,Napa,055,140530,12737,12654,101,12755,96
2021-10-11,Nevada,057,99092,8785,8716,307,9023,90
2021-10-11,Orange,059,3164182,302238,299941,14587,314528,5499
2021-10-11,Placer,061,380077,35630,35173,3440,38613,404
2021-10-11,Plumas,063,18699,1570,1469,27,1496,6
2021-10-11,Riverside,065,2383286,355679,351444,16228,367672,4973
2021-10-11,Sacramento,067,1510023,153687,152681,4205,156886,2169
2021-10-11,San Benito,069,59416,7191,7184,158,7342,71
2021-10-11,San Bernardino,071,2135413,346835,344594,10870,355464,5549
2021-10-11,San Diego,073,3302833,363909,361712,21404,383116,4124
2021-10-11,San Francisco,075,870044,51836,51275,2245,53520,643
2021-10-11,San Joaquin,077,732212,97096,96152,5252,101404,1681
2021-10-11,San Luis Obispo,079,281455,28782,28355,1180,29535,327
2021-10-11,San Mateo,081,765935,53118,52298,823,53121,569
2021-10-11,Santa Barbara,083,443738,43403,43018,1523,44541,515
2021-10-11,Santa Clara,085,1922200,144024,142836,1225,144061,1882
2021-10-11,Santa Cruz,087,273765,19953,19745,991,20736,217
2021-10-11,Shasta,089,179085,20121,19662,3350,23012,295
2021-10-11,Sierra,091,2930,166,147,17,164,0
2021-10-11,Siskiyou,093,43540,3256,3159,1211,4370,42
2021-10-11,Solano,095,438530,45118,44474,1201,45675,329
2021-10-11,Sonoma,097,501317,40316,40067,508,40575,390
2021-10-11,Stanislaus,099,539301,75479,75478,8546,84024,1118
2021-10-11,Sutter,101,95872,13461,13427,301,13728,165
2021-10-11,Tehama,103,63373,7952,7795,1344,9139,102
2021-10-11,Trinity,105,12862,809,675,207,882,11
2021-10-11,Tulare,107,460477,65449,64094,13854,77948,942
2021-10-11,Tuolumne,109,53932,6678,6602,82,6684,89
2021-10-11,Ventura,111,848112,96585,95876,4236,100112,1160
2021-10-11,Yolo,113,214977,19220,18977,1046,20023,247
2021-10-11,Yuba,115,75493,9758,9657,249,9906,69
2021-10-10,Alameda,001,1643700,117206,116679,2705,119384,1358
2021-10-10,Alpine,003,1148,100,102,0,102,0
2021-10-10,Amador,005,37829,5327,5278,58,5336,62
2021-10-10,Butte,007,227075,19846,19430,3586,23016,253
2021-10-10,Calaveras,009,45235,3766,3747,42,3789,75
2021-10-10,Colusa,011,21464,2456,2425,584,3009,18
2021-10-10,Contra Costa,013,1133247,97271,96760,2075,98835,960
2021-10-10,Del Norte,015,27424,3586,3507,48,3555,39
2021-10-10,El Dorado,017,186661,15472,15250,1632,16882,146
2021-10-10,Fresno,019,978130,133224,131434,12095,143529,2035
2021-10-10,Glenn,021,27897,3363,3297,970,4267,26
2021-10-10,Humboldt,023,135768,8641,8554,466,9020,101
2021-10-10,Imperial,025,180216,32426,32167,3102,35269,762
2021-10-10,Inyo,027,18085,1937,1857,40,1897,39
2021-10-10,Kern,029,883053,122093,120552,20015,140567,1573
2021-10-10,Kings,031,150075,30676,30122,1790,31912,308
2021-10-10,Lake,033,64148,6445,6349,128,6477,97
2021-10-10,Lassen,035,31185,6610,6495,315,6810,26
2021-10-10,Los Angeles,037,10098052,1417083,1406034,52859,1458893,26338
2021-10-10,Madera,039,155013,21888,21486,1889,23375,272
2021-10-10,Marin,041,260295,17218,17112,429,17541,242
2021-10-10,Mariposa,043,17540,1121,1074,39,1113,5
2021-10-10,Mendocino,045,87422,7152,7060,427,7487,81
2021-10-10,Merced,047,269075,40205,40036,1669,41705,566
2021-10-10,Modoc,049,8938,502,482,176,658,5
2021-10-10,Mono,051,14174,1636,1596,20,1616,3
2021-10-10,Monterey,053,433212,48095,47228,2744,49972,580
2021-10-10,Napa,055,140530,12714,12641,101,12742,96
2021-10-10,Nevada,057,99092,8773,8689,307,8996,90
2021-10-10,Orange,059,3164182,301976,299787,14559,314346,5499
2021-10-10,Placer,061,380077,35537,35128,3428,38556,404
2021-10-10,Plumas,063,18699,1554,1468,25,1493,6
2021-10-10,Riverside,065,2383286,355305,351248,16209,367457,4973
2021-10-10,Sacramento,067,1510023,153420,152405,4188,156593,2178
2021-10-10,San Benito,069,59416,7186,7180,157,7337,71
2021-10-10,San Bernardino,071,2135413,346527,344423,10862,355285,5551
2021-10-10,San Diego,073,3302833,363393,361038,21357,382395,4113
2021-10-10,San Francisco,075,870044,51789,51216,2243,53459,643
2021-10-10,San Joaquin,077,732212,96925,96084,5237,101321,1681
2021-10-10,San Luis Obispo,079,281455,28738,28343,1180,29523,326
2021-10-10,San Mateo,081,765935,53076,52273,822,53095,569
2021-10-10,Santa Barbara,083,443738,43356,42987,1522,44509,515
2021-10-10,Santa Clara,085,1922200,143859,142768,1218,143986,1881
2021-10-10,Santa Cruz,087,273765,19933,19727,991,20718,217
2021-10-10,Shasta,089,179085,20033,19635,3341,22976,296
2021-10-10,Sierra,091,2930,164,147,17,164,0
2021-10-10,Siskiyou,093,43540,3242,3155,1204,4359,42
2021-10-10,Solano,095,438530,45062,44431,1201,45632,329
2021-10-10,Sonoma,097,501317,40264,40027,508,40535,390
2021-10-10,Stanislaus,099,539301,75302,75403,8532,83935,1118
2021-10-10,Sutter,101,95872,13437,13412,296,13708,165
2021-10-10,Tehama,103,63373,7914,7764,1335,9099,102
2021-10-10,Trinity,105,12862,808,669,206,875,11
2021-10-10,Tulare,107,460477,65277,63930,13804,77734,940
2021-10-10,Tuolumne,109,53932,6654,6580,81,6661,89
2021-10-10,Ventura,111,848112,96496,95829,4236,100065,1160
2021-10-10,Yolo,113,214977,19188,18952,1041,19993,247
2021-10-10,Yuba,115,75493,9742,9641,244,9885,69
2021-10-09,Alameda,001,1643700,117107,116253,2703,118956,1356
2021-10-09,Alpine,003,1148,99,102,0,102,0
2021-10-09,Amador,005,37829,5325,5237,57,5294,62
2021-10-09,Butte,007,227075,19815,19277,3582,22859,250
2021-10-09,Calaveras,009,45235,3762,3716,42,3758,75
2021-10-09,Colusa,011,21464,2452,2419,583,3002,18
2021-10-09,Contra Costa,013,1133247,97202,96378,2069,98447,958
2021-10-09,Del Norte,015,27424,3585,3495,48,3543,39
2021-10-09,El Dorado,017,186661,15454,15153,1629,16782,144
2021-10-09,Fresno,019,978130,133092,130508,12076,142584,2018
2021-10-09,Glenn,021,27897,3359,3277,968,4245,26
2021-10-09,Humboldt,023,135768,8627,8448,464,8912,97
2021-10-09,Imperial,025,180216,32392,31989,3100,35089,760
2021-10-09,Inyo,027,18085,1928,1808,40,1848,39
2021-10-09,Kern,029,883053,121952,119795,19988,139783,1559
2021-10-09,Kings,031,150075,30627,29894,1788,31682,308
2021-10-09,Lake,033,64148,6426,6283,127,6410,97
2021-10-09,Lassen,035,31185,6605,6442,314,6756,25
2021-10-09,Los Angeles,037,10098052,1416492,1402810,52820,1455630,26280
2021-10-09,Madera,039,155013,21855,21313,1875,23188,271
2021-10-09,Marin,041,260295,17213,17049,427,17476,242
2021-10-09,Mariposa,043,17540,1114,1042,38,1080,5
2021-10-09,Mendocino,045,87422,7145,7011,426,7437,82
2021-10-09,Merced,047,269075,40162,39784,1669,41453,565
2021-10-09,Modoc,049,8938,500,477,175,652,5
2021-10-09,Mono,051,14174,1633,1577,20,1597,3
2021-10-09,Monterey,053,433212,48083,47168,2741,49909,577
2021-10-09,Napa,055,140530,12710,12586,101,12687,96
2021-10-09,Nevada,057,99092,8762,8613,306,8919,90
2021-10-09,Orange,059,3164182,301795,299089,14540,313629,5457
2021-10-09,Placer,061,380077,35499,34877,3421,38298,393
2021-10-09,Plumas,063,18699,1543,1418,25,1443,6
2021-10-09,Riverside,065,2383286,355053,350082,16192,366274,4965
2021-10-09,Sacramento,067,1510023,153210,151566,4175,155741,2160
2021-10-09,San Benito,069,59416,7178,7123,157,7280,71
2021-10-09,San Bernardino,071,2135413,346341,343452,10858,354310,5556
2021-10-09,San Diego,073,3302833,363087,359909,21352,381261,4111
2021-10-09,San Francisco,075,870044,51741,50960,2236,53196,643
2021-10-09,San Joaquin,077,732212,96859,95606,5232,100838,1669
2021-10-09,San Luis Obispo,079,281455,28721,28197,1178,29375,324
2021-10-09,San Mateo,081,765935,53045,52121,821,52942,569
2021-10-09,Santa Barbara,083,443738,43329,42735,1522,44257,514
2021-10-09,Santa Clara,085,1922200,143735,142298,1212,143510,1873
2021-10-09,Santa Cruz,087,273765,19923,19635,990,20625,217
2021-10-09,Shasta,089,179085,19982,19437,3336,22773,290
2021-10-09,Sierra,091,2930,161,141,17,158,0
2021-10-09,Siskiyou,093,43540,3241,3124,1203,4327,42
2021-10-09,Solano,095,438530,45045,44265,1200,45465,329
2021-10-09,Sonoma,097,501317,40220,39848,507,40355,387
2021-10-09,Stanislaus,099,539301,75212,74899,8521,83420,1114
2021-10-09,Sutter,101,95872,13428,13314,294,13608,165
2021-10-09,Tehama,103,63373,7903,7670,1330,9000,99
2021-10-09,Trinity,105,12862,807,660,206,866,11
2021-10-09,Tulare,107,460477,65169,63398,13782,77180,932
2021-10-09,Tuolumne,109,53932,6635,6521,81,6602,89
2021-10-09,Ventura,111,848112,96442,95542,4233,99775,1158
2021-10-09,Yolo,113,214977,19166,18850,1038,19888,247
2021-10-09,Yuba,115,75493,9730,9551,242,9793,69
2021-10-08,Alameda,001,1643700,117026,116253,2699,118952,1356
2021-10-08,Alpine,003,1148,99,102,0,102,0
2021-10-08,Amador,005,37829,5312,5237,57,5294,62
2021-10-08,Butte,007,227075,19786,19277,3578,22855,250
2021-10-08,Calaveras,009,45235,3757,3716,42,3758,75
2021-10-08,Colusa,011,21464,2450,2419,583,3002,18
2021-10-08,Contra Costa,013,1133247,97158,96378,2064,98442,958
2021-10-08,Del Norte,015,27424,3584,3495,48,3543,39
2021-10-08,El Dorado,017,186661,15434,15153,1625,16778,144
2021-10-08,Fresno,019,978130,132896,130508,12055,142563,2018
2021-10-08,Glenn,021,27897,3351,3277,966,4243,26
2021-10-08,Humboldt,023,135768,8616,8448,461,8909,97
2021-10-08,Imperial,025,180216,32362,31989,3096,35085,760
2021-10-08,Inyo,027,18085,1910,1808,40,1848,39
2021-10-08,Kern,029,883053,121815,119795,19946,139741,1559
2021-10-08,Kings,031,150075,30533,29894,1787,31681,308
2021-10-08,Lake,033,64148,6418,6283,127,6410,97
2021-10-08,Lassen,035,31185,6591,6442,311,6753,25
2021-10-08,Los Angeles,037,10098052,1415831,1402810,52783,1455593,26280
2021-10-08,Madera,039,155013,21796,21313,1868,23181,271
2021-10-08,Marin,041,260295,17202,17049,426,17475,242
2021-10-08,Mariposa,043,17540,1107,1042,36,1078,5
2021-10-08,Mendocino,045,87422,7132,7011,426,7437,82
2021-10-08,Merced,047,269075,40130,39784,1666,41450,565
2021-10-08,Modoc,049,8938,498,477,175,652,5
2021-10-08,Mono,051,14174,1630,1577,20,1597,3
2021-10-08,Monterey,053,433212,48056,47168,2739,49907,577
2021-10-08,Napa,055,140530,12694,12586,101,12687,96
2021-10-08,Nevada,057,99092,8749,8613,306,8919,90
2021-10-08,Orange,059,3164182,301648,299089,14520,313609,5457
2021-10-08,Placer,061,380077,35461,34877,3414,38291,393
2021-10-08,Plumas,063,18699,1531,1418,25,1443,6
2021-10-08,Riverside,065,2383286,354784,350082,16181,366263,4965
2021-10-08,Sacramento,067,1510023,153045,151566,4161,155727,2160
2021-10-08,San Benito,069,59416,7174,7123,155,7278,71
2021-10-08,San Bernardino,071,2135413,346132,343452,10850,354302,5556
2021-10-08,San Diego,073,3302833,362761,359909,21333,381242,4111
2021-10-08,San Francisco,075,870044,51694,50960,2227,53187,643
2021-10-08,San Joaquin,077,732212,96791,95606,5226,100832,1669
2021-10-08,San Luis Obispo,079,281455,28694,28197,1177,29374,324
2021-10-08,San Mateo,081,765935,53017,52121,821,52942,569
2021-10-08,Santa Barbara,083,443738,43294,42735,1521,44256,514
2021-10-08,Santa Clara,085,1922200,143622,142298,1207,143505,1873
2021-10-08,Santa Cruz,087,273765,19908,19635,990,20625,217
2021-10-08,Shasta,089,179085,19940,19437,3330,22767,290
2021-10-08,Sierra,091,2930,159,141,15,156,0
2021-10-08,Siskiyou,093,43540,3233,3124,1202,4326,42
2021-10-08,Solano,095,438530,45006,44265,1199,45464,329
2021-10-08,Sonoma,097,501317,40184,39848,507,40355,387
2021-10-08,Stanislaus,099,539301,75143,74899,8512,83411,1114
2021-10-08,Sutter,101,95872,13414,13314,292,13606,165
2021-10-08,Tehama,103,63373,7886,7670,1328,8998,99
2021-10-08,Trinity,105,12862,806,660,206,866,11
2021-10-08,Tulare,107,460477,65051,63398,13750,77148,932
2021-10-08,Tuolumne,109,53932,6612,6521,81,6602,89
2021-10-08,Ventura,111,848112,96391,95542,4227,99769,1158
2021-10-08,Yolo,113,214977,19153,18850,1034,19884,247
2021-10-08,Yuba,115,75493,9710,9551,241,9792,69
2021-10-07,Alameda,001,1643700,116906,116253,2698,118951,1356
2021-10-07,Alpine,003,1148,99,102,0,102,0
2021-10-07,Amador,005,37829,5305,5237,57,5294,62
2021-10-07,Butte,007,227075,19737,19277,3567,22844,250
2021-10-07,Calaveras,009,45235,3745,3716,42,3758,75
2021-10-07,Colusa,011,21464,2447,2419,577,2996,18
2021-10-07,Contra Costa,013,1133247,97035,96378,2060,98438,958
2021-10-07,Del Norte,015,27424,3581,3495,48,3543,39
2021-10-07,El Dorado,017,186661,15397,15153,1621,16774,144
2021-10-07,Fresno,019,978130,132621,130508,12031,142539,2018
2021-10-07,Glenn,021,27897,3344,3277,964,4241,26
2021-10-07,Humboldt,023,135768,8590,8448,458,8906,97
2021-10-07,Imperial,025,180216,32291,31989,3083,35072,760
2021-10-07,Inyo,027,18085,1891,1808,40,1848,39
2021-10-07,Kern,029,883053,121584,119795,19880,139675,1559
2021-10-07,Kings,031,150075,30468,29894,1781,31675,308
2021-10-07,Lake,033,64148,6407,6283,127,6410,97
2021-10-07,Lassen,035,31185,6573,6442,309,6751,25
2021-10-07,Los Angeles,037,10098052,1414876,1402810,52739,1455549,26280
2021-10-07,Madera,039,155013,21723,21313,1854,23167,271
2021-10-07,Marin,041,260295,17184,17049,426,17475,242
2021-10-07,Mariposa,043,17540,1099,1042,36,1078,5
2021-10-07,Mendocino,045,87422,7122,7011,422,7433,82
2021-10-07,Merced,047,269075,40063,39784,1649,41433,565
2021-10-07,Modoc,049,8938,495,477,174,651,5
2021-10-07,Mono,051,14174,1622,1577,20,1597,3
2021-10-07,Monterey,053,433212,48031,47168,2730,49898,577
2021-10-07,Napa,055,140530,12679,12586,101,12687,96
2021-10-07,Nevada,057,99092,8721,8613,306,8919,90
2021-10-07,Orange,059,3164182,301422,299089,14506,313595,5457
2021-10-07,Placer,061,380077,35399,34877,3407,38284,393
2021-10-07,Plumas,063,18699,1514,1418,25,1443,6
2021-10-07,Riverside,065,2383286,354451,350082,16169,366251,4965
2021-10-07,Sacramento,067,1510023,152763,151566,4134,155700,2160
2021-10-07,San Benito,069,59416,7158,7123,153,7276,71
2021-10-07,San Bernardino,071,2135413,345859,343452,10842,354294,5556
2021-10-07,San Diego,073,3302833,362366,359909,21312,381221,4111
2021-10-07,San Francisco,075,870044,51623,50960,2224,53184,643
2021-10-07,San Joaquin,077,732212,96637,95606,5218,100824,1669
2021-10-07,San Luis Obispo,079,281455,28643,28197,1175,29372,324
2021-10-07,San Mateo,081,765935,52977,52121,820,52941,569
2021-10-07,Santa Barbara,083,443738,43226,42735,1515,44250,514
2021-10-07,Santa Clara,085,1922200,143473,142298,1201,143499,1873
2021-10-07,Santa Cruz,087,273765,19888,19635,989,20624,217
2021-10-07,Shasta,089,179085,19851,19437,3315,22752,290
2021-10-07,Sierra,091,2930,158,141,15,156,0
2021-10-07,Siskiyou,093,43540,3229,3124,1197,4321,42
2021-10-07,Solano,095,438530,44961,44265,1195,45460,329
2021-10-07,Sonoma,097,501317,40147,39848,505,40353,387
2021-10-07,Stanislaus,099,539301,74981,74899,8487,83386,1114
2021-10-07,Sutter,101,95872,13392,13314,289,13603,165
2021-10-07,Tehama,103,63373,7853,7670,1322,8992,99
2021-10-07,Trinity,105,12862,804,660,206,866,11
2021-10-07,Tulare,107,460477,64883,63398,13713,77111,932
2021-10-07,Tuolumne,109,53932,6590,6521,81,6602,89
2021-10-07,Ventura,111,848112,96318,95542,4224,99766,1158
2021-10-07,Yolo,113,214977,19120,18850,1029,19879,247
2021-10-07,Yuba,115,75493,9684,9551,234,9785,69
2021-10-06,Alameda,001,1643700,116768,116058,2692,118750,1353
2021-10-06,Alpine,003,1148,99,102,0,102,0
2021-10-06,Amador,005,37829,5302,5205,57,5262,62
2021-10-06,Butte,007,227075,19675,19208,3560,22768,247
2021-10-06,Calaveras,009,45235,3736,3669,42,3711,75
2021-10-06,Colusa,011,21464,2445,2414,570,2984,18
2021-10-06,Contra Costa,013,1133247,96910,96184,2056,98240,953
2021-10-06,Del Norte,015,27424,3578,3490,45,3535,39
2021-10-06,El Dorado,017,186661,15372,15078,1618,16696,140
2021-10-06,Fresno,019,978130,132331,130074,12006,142080,2008
2021-10-06,Glenn,021,27897,3335,3270,962,4232,26
2021-10-06,Humboldt,023,135768,8575,8416,452,8868,94
2021-10-06,Imperial,025,180216,32238,31930,3072,35002,760
2021-10-06,Inyo,027,18085,1876,1806,40,1846,39
2021-10-06,Kern,029,883053,121327,119491,19787,139278,1552
2021-10-06,Kings,031,150075,30402,29785,1773,31558,308
2021-10-06,Lake,033,64148,6393,6271,127,6398,97
2021-10-06,Lassen,035,31185,6557,6429,308,6737,25
2021-10-06,Los Angeles,037,10098052,1413917,1401675,52691,1454366,26252
2021-10-06,Madera,039,155013,21668,21230,1844,23074,269
2021-10-06,Marin,041,260295,17175,17042,423,17465,242
2021-10-06,Mariposa,043,17540,1092,1036,36,1072,5
2021-10-06,Mendocino,045,87422,7113,6986,420,7406,81
2021-10-06,Merced,047,269075,39988,39666,1637,41303,563
2021-10-06,Modoc,049,8938,495,477,172,649,5
2021-10-06,Mono,051,14174,1610,1568,20,1588,3
2021-10-06,Monterey,053,433212,47998,47136,2725,49861,577
2021-10-06,Napa,055,140530,12655,12552,100,12652,96
2021-10-06,Nevada,057,99092,8705,8582,305,8887,90
2021-10-06,Orange,059,3164182,301184,298785,14493,313278,5448
2021-10-06,Placer,061,380077,35348,34764,3401,38165,390
2021-10-06,Plumas,063,18699,1491,1383,25,1408,6
2021-10-06,Riverside,065,2383286,354095,349645,16148,365793,4953
2021-10-06,Sacramento,067,1510023,152510,151164,4103,155267,2141
2021-10-06,San Benito,069,59416,7143,7108,153,7261,69
2021-10-06,San Bernardino,071,2135413,345567,343022,10835,353857,5551
2021-10-06,San Diego,073,3302833,361874,359564,21284,380848,4104
2021-10-06,San Francisco,075,870044,51560,50894,2221,53115,641
2021-10-06,San Joaquin,077,732212,96503,95418,5206,100624,1658
2021-10-06,San Luis Obispo,079,281455,28593,28170,1169,29339,323
2021-10-06,San Mateo,081,765935,52927,52056,815,52871,569
2021-10-06,Santa Barbara,083,443738,43143,42687,1513,44200,513
2021-10-06,Santa Clara,085,1922200,143322,142124,1196,143320,1872
2021-10-06,Santa Cruz,087,273765,19859,19604,987,20591,217
2021-10-06,Shasta,089,179085,19776,19325,3302,22627,287
2021-10-06,Sierra,091,2930,156,138,15,153,0
2021-10-06,Siskiyou,093,43540,3219,3116,1190,4306,42
2021-10-06,Solano,095,438530,44927,44185,1194,45379,328
2021-10-06,Sonoma,097,501317,40097,39787,504,40291,383
2021-10-06,Stanislaus,099,539301,74839,74699,8474,83173,1114
2021-10-06,Sutter,101,95872,13371,13284,287,13571,164
2021-10-06,Tehama,103,63373,7817,7629,1315,8944,99
2021-10-06,Trinity,105,12862,801,656,206,862,11
2021-10-06,Tulare,107,460477,64704,63198,13655,76853,926
2021-10-06,Tuolumne,109,53932,6565,6486,81,6567,89
2021-10-06,Ventura,111,848112,96227,95449,4216,99665,1158
2021-10-06,Yolo,113,214977,19088,18815,1024,19839,247
2021-10-06,Yuba,115,75493,9660,9520,233,9753,69
2021-10-05,Alameda,001,1643700,116624,115968,2687,118655,1350
2021-10-05,Alpine,003,1148,99,102,0,102,0
2021-10-05,Amador,005,37829,5281,5194,56,5250,61
2021-10-05,Butte,007,227075,19626,19137,3547,22684,246
2021-10-05,Calaveras,009,45235,3720,3657,42,3699,73
2021-10-05,Colusa,011,21464,2438,2414,569,2983,18
2021-10-05,Contra Costa,013,1133247,96793,96108,2050,98158,941
2021-10-05,Del Norte,015,27424,3576,3485,44,3529,39
2021-10-05,El Dorado,017,186661,15333,15052,1615,16667,140
2021-10-05,Fresno,019,978130,131991,129957,11969,141926,1987
2021-10-05,Glenn,021,27897,3325,3270,958,4228,26
2021-10-05,Humboldt,023,135768,8544,8398,448,8846,94
2021-10-05,Imperial,025,180216,32191,31909,3067,34976,759
2021-10-05,Inyo,027,18085,1859,1800,40,1840,39
2021-10-05,Kern,029,883053,121062,119260,19685,138945,1540
2021-10-05,Kings,031,150075,30327,29749,1767,31516,301
2021-10-05,Lake,033,64148,6372,6264,126,6390,97
2021-10-05,Lassen,035,31185,6538,6417,306,6723,25
2021-10-05,Los Angeles,037,10098052,1412773,1400300,52638,1452938,26223
2021-10-05,Madera,039,155013,21610,21183,1831,23014,269
2021-10-05,Marin,041,260295,17163,17024,423,17447,242
2021-10-05,Mariposa,043,17540,1073,1033,33,1066,5
2021-10-05,Mendocino,045,87422,7097,6972,413,7385,79
2021-10-05,Merced,047,269075,39922,39608,1629,41237,562
2021-10-05,Modoc,049,8938,491,475,171,646,5
2021-10-05,Mono,051,14174,1602,1565,20,1585,3
2021-10-05,Monterey,053,433212,47981,47087,2715,49802,573
2021-10-05,Napa,055,140530,12631,12533,100,12633,96
2021-10-05,Nevada,057,99092,8675,8576,305,8881,90
2021-10-05,Orange,059,3164182,300907,298589,14461,313050,5441
2021-10-05,Placer,061,380077,35268,34728,3394,38122,382
2021-10-05,Plumas,063,18699,1466,1357,25,1382,6
2021-10-05,Riverside,065,2383286,353735,349365,16133,365498,4942
2021-10-05,Sacramento,067,1510023,152236,151111,4075,155186,2126
2021-10-05,San Benito,069,59416,7125,7103,151,7254,69
2021-10-05,San Bernardino,071,2135413,345239,342711,10828,353539,5557
2021-10-05,San Diego,073,3302833,361299,359194,21257,380451,4092
2021-10-05,San Francisco,075,870044,51463,50826,2218,53044,641
2021-10-05,San Joaquin,077,732212,96350,95276,5180,100456,1651
2021-10-05,San Luis Obispo,079,281455,28549,28113,1167,29280,324
2021-10-05,San Mateo,081,765935,52880,52008,815,52823,569
2021-10-05,Santa Barbara,083,443738,43065,42595,1509,44104,511
2021-10-05,Santa Clara,085,1922200,143162,141971,1189,143160,1873
2021-10-05,Santa Cruz,087,273765,19817,19582,987,20569,216
2021-10-05,Shasta,089,179085,19702,19285,3289,22574,286
2021-10-05,Sierra,091,2930,152,136,15,151,0
2021-10-05,Siskiyou,093,43540,3205,3107,1190,4297,42
2021-10-05,Solano,095,438530,44856,44149,1192,45341,325
2021-10-05,Sonoma,097,501317,40042,39756,499,40255,383
2021-10-05,Stanislaus,099,539301,74677,74599,8457,83056,1114
2021-10-05,Sutter,101,95872,13343,13270,286,13556,164
2021-10-05,Tehama,103,63373,7787,7607,1306,8913,98
2021-10-05,Trinity,105,12862,798,655,206,861,11
2021-10-05,Tulare,107,460477,64497,63093,13602,76695,920
2021-10-05,Tuolumne,109,53932,6550,6473,80,6553,89
2021-10-05,Ventura,111,848112,96121,95351,4215,99566,1155
2021-10-05,Yolo,113,214977,19052,18782,1018,19800,245
2021-10-05,Yuba,115,75493,9628,9504,230,9734,69
2021-10-04,Alameda,001,1643700,116462,115845,2684,118529,1347
2021-10-04,Alpine,003,1148,99,102,0,102,0
2021-10-04,Amador,005,37829,5271,5163,55,5218,61
2021-10-04,Butte,007,227075,19549,19081,3535,22616,245
2021-10-04,Calaveras,009,45235,3711,3641,42,3683,73
2021-10-04,Colusa,011,21464,2437,2414,567,2981,18
2021-10-04,Contra Costa,013,1133247,96652,95958,2045,98003,937
2021-10-04,Del Norte,015,27424,3574,3485,40,3525,39
2021-10-04,El Dorado,017,186661,15286,15031,1608,16639,138
2021-10-04,Fresno,019,978130,131681,129665,11939,141604,1978
2021-10-04,Glenn,021,27897,3318,3270,955,4225,26
2021-10-04,Humboldt,023,135768,8512,8355,440,8795,94
2021-10-04,Imperial,025,180216,32142,31866,3060,34926,757
2021-10-04,Inyo,027,18085,1847,1792,37,1829,39
2021-10-04,Kern,029,883053,120771,118984,19564,138548,1531
2021-10-04,Kings,031,150075,30234,29702,1764,31466,303
2021-10-04,Lake,033,64148,6359,6248,126,6374,97
2021-10-04,Lassen,035,31185,6521,6405,306,6711,25
2021-10-04,Los Angeles,037,10098052,1411656,1399604,52580,1452184,26186
2021-10-04,Madera,039,155013,21546,21126,1819,22945,266
2021-10-04,Marin,041,260295,17147,17008,422,17430,242
2021-10-04,Mariposa,043,17540,1061,1024,33,1057,5
2021-10-04,Mendocino,045,87422,7079,6947,410,7357,79
2021-10-04,Merced,047,269075,39806,39565,1613,41178,558
2021-10-04,Modoc,049,8938,488,473,171,644,5
2021-10-04,Mono,051,14174,1594,1561,20,1581,3
2021-10-04,Monterey,053,433212,47960,47058,2708,49766,571
2021-10-04,Napa,055,140530,12607,12506,100,12606,96
2021-10-04,Nevada,057,99092,8655,8563,305,8868,90
2021-10-04,Orange,059,3164182,300611,298165,14429,312594,5438
2021-10-04,Placer,061,380077,35186,34630,3366,37996,379
2021-10-04,Plumas,063,18699,1444,1329,25,1354,6
2021-10-04,Riverside,065,2383286,353355,348828,16123,364951,4923
2021-10-04,Sacramento,067,1510023,151912,150887,4048,154935,2115
2021-10-04,San Benito,069,59416,7112,7099,151,7250,69
2021-10-04,San Bernardino,071,2135413,344879,342418,10816,353234,5551
2021-10-04,San Diego,073,3302833,360733,358525,21226,379751,4090
2021-10-04,San Francisco,075,870044,51368,50798,2214,53012,638
2021-10-04,San Joaquin,077,732212,96153,95198,5160,100358,1649
2021-10-04,San Luis Obispo,079,281455,28504,28090,1161,29251,323
2021-10-04,San Mateo,081,765935,52820,51958,814,52772,569
2021-10-04,Santa Barbara,083,443738,42980,42585,1508,44093,511
2021-10-04,Santa Clara,085,1922200,143017,141840,1183,143023,1869
2021-10-04,Santa Cruz,087,273765,19788,19559,986,20545,216
2021-10-04,Shasta,089,179085,19595,19170,3275,22445,279
2021-10-04,Sierra,091,2930,145,136,14,150,0
2021-10-04,Siskiyou,093,43540,3196,3103,1175,4278,42
2021-10-04,Solano,095,438530,44797,44092,1188,45280,322
2021-10-04,Sonoma,097,501317,39976,39720,499,40219,381
2021-10-04,Stanislaus,099,539301,74525,74444,8438,82882,1106
2021-10-04,Sutter,101,95872,13314,13261,285,13546,164
2021-10-04,Tehama,103,63373,7746,7585,1300,8885,95
2021-10-04,Trinity,105,12862,797,649,205,854,11
2021-10-04,Tulare,107,460477,64309,62957,13533,76490,920
2021-10-04,Tuolumne,109,53932,6524,6442,80,6522,89
2021-10-04,Ventura,111,848112,96029,95170,4209,99379,1153
2021-10-04,Yolo,113,214977,19008,18761,1014,19775,242
2021-10-04,Yuba,115,75493,9589,9481,228,9709,68
2021-10-03,Alameda,001,1643700,116320,115751,2674,118425,1349
2021-10-03,Alpine,003,1148,99,102,0,102,0
2021-10-03,Amador,005,37829,5253,5160,53,5213,61
2021-10-03,Butte,007,227075,19476,19066,3518,22584,245
2021-10-03,Calaveras,009,45235,3694,3632,42,3674,73
2021-10-03,Colusa,011,21464,2436,2413,564,2977,18
2021-10-03,Contra Costa,013,1133247,96520,95890,2038,97928,937
2021-10-03,Del Norte,015,27424,3568,3483,39,3522,39
2021-10-03,El Dorado,017,186661,15227,15014,1601,16615,139
2021-10-03,Fresno,019,978130,131300,129365,11897,141262,1978
2021-10-03,Glenn,021,27897,3311,3266,947,4213,26
2021-10-03,Humboldt,023,135768,8467,8352,436,8788,94
2021-10-03,Imperial,025,180216,32075,31844,3052,34896,757
2021-10-03,Inyo,027,18085,1826,1788,37,1825,39
2021-10-03,Kern,029,883053,120466,118851,19442,138293,1535
2021-10-03,Kings,031,150075,30133,29623,1757,31380,300
2021-10-03,Lake,033,64148,6333,6239,126,6365,97
2021-10-03,Lassen,035,31185,6499,6400,304,6704,25
2021-10-03,Los Angeles,037,10098052,1410390,1398790,52525,1451315,26179
2021-10-03,Madera,039,155013,21474,21066,1809,22875,266
2021-10-03,Marin,041,260295,17124,16995,417,17412,242
2021-10-03,Mariposa,043,17540,1054,1011,33,1044,5
2021-10-03,Mendocino,045,87422,7059,6939,401,7340,79
2021-10-03,Merced,047,269075,39699,39516,1593,41109,558
2021-10-03,Modoc,049,8938,487,472,170,642,5
2021-10-03,Mono,051,14174,1590,1554,20,1574,3
2021-10-03,Monterey,053,433212,47935,47049,2697,49746,571
2021-10-03,Napa,055,140530,12579,12489,98,12587,96
2021-10-03,Nevada,057,99092,8620,8545,305,8850,90
2021-10-03,Orange,059,3164182,300329,298027,14409,312436,5447
2021-10-03,Placer,061,380077,35048,34596,3349,37945,379
2021-10-03,Plumas,063,18699,1416,1328,25,1353,6
2021-10-03,Riverside,065,2383286,352924,348593,16102,364695,4924
2021-10-03,Sacramento,067,1510023,151623,150664,4019,154683,2120
2021-10-03,San Benito,069,59416,7103,7095,151,7246,69
2021-10-03,San Bernardino,071,2135413,344465,342302,10809,353111,5555
2021-10-03,San Diego,073,3302833,360154,358153,21194,379347,4081
2021-10-03,San Francisco,075,870044,51280,50733,2211,52944,638
2021-10-03,San Joaquin,077,732212,95964,95133,5152,100285,1649
2021-10-03,San Luis Obispo,079,281455,28437,28065,1156,29221,325
2021-10-03,San Mateo,081,765935,52753,51923,813,52736,569
2021-10-03,Santa Barbara,083,443738,42884,42550,1500,44050,511
2021-10-03,Santa Clara,085,1922200,142847,141737,1175,142912,1869
2021-10-03,Santa Cruz,087,273765,19748,19548,984,20532,216
2021-10-03,Shasta,089,179085,19490,19132,3247,22379,279
2021-10-03,Sierra,091,2930,142,136,14,150,0
2021-10-03,Siskiyou,093,43540,3183,3096,1164,4260,42
2021-10-03,Solano,095,438530,44733,44051,1185,45236,322
2021-10-03,Sonoma,097,501317,39910,39679,499,40178,381
2021-10-03,Stanislaus,099,539301,74337,74366,8420,82786,1106
2021-10-03,Sutter,101,95872,13299,13248,281,13529,164
2021-10-03,Tehama,103,63373,7703,7564,1295,8859,94
2021-10-03,Trinity,105,12862,793,647,203,850,11
2021-10-03,Tulare,107,460477,64105,62860,13460,76320,924
2021-10-03,Tuolumne,109,53932,6495,6430,78,6508,89
2021-10-03,Ventura,111,848112,95924,95108,4206,99314,1153
2021-10-03,Yolo,113,214977,18979,18720,1006,19726,242
2021-10-03,Yuba,115,75493,9572,9462,227,9689,68
2021-10-02,Alameda,001,1643700,116212,115185,2670,117855,1343
2021-10-02,Alpine,003,1148,99,102,0,102,0
2021-10-02,Amador,005,37829,5244,5105,53,5158,61
2021-10-02,Butte,007,227075,19445,18911,3510,22421,243
2021-10-02,Calaveras,009,45235,3687,3585,42,3627,72
2021-10-02,Colusa,011,21464,2435,2403,562,2965,18
2021-10-02,Contra Costa,013,1133247,96449,95369,2034,97403,933
2021-10-02,Del Norte,015,27424,3563,3468,39,3507,39
2021-10-02,El Dorado,017,186661,15201,14887,1600,16487,136
2021-10-02,Fresno,019,978130,131129,128450,11884,140334,1964
2021-10-02,Glenn,021,27897,3306,3234,947,4181,26
2021-10-02,Humboldt,023,135768,8448,8244,436,8680,94
2021-10-02,Imperial,025,180216,32040,31674,3049,34723,757
2021-10-02,Inyo,027,18085,1817,1746,37,1783,39
2021-10-02,Kern,029,883053,120333,117962,19360,137322,1524
2021-10-02,Kings,031,150075,30084,29339,1753,31092,301
2021-10-02,Lake,033,64148,6324,6191,126,6317,97
2021-10-02,Lassen,035,31185,6494,6360,304,6664,25
2021-10-02,Los Angeles,037,10098052,1409783,1395070,52489,1447559,26126
2021-10-02,Madera,039,155013,21449,20931,1800,22731,266
2021-10-02,Marin,041,260295,17119,16936,414,17350,242
2021-10-02,Mariposa,043,17540,1052,967,33,1000,5
2021-10-02,Mendocino,045,87422,7049,6869,401,7270,78
2021-10-02,Merced,047,269075,39672,39196,1589,40785,552
2021-10-02,Modoc,049,8938,485,468,170,638,5
2021-10-02,Mono,051,14174,1588,1540,20,1560,3
2021-10-02,Monterey,053,433212,47880,46964,2696,49660,571
2021-10-02,Napa,055,140530,12568,12433,98,12531,96
2021-10-02,Nevada,057,99092,8609,8474,304,8778,87
2021-10-02,Orange,059,3164182,300164,297307,14389,311696,5435
2021-10-02,Placer,061,380077,34982,34377,3340,37717,381
2021-10-02,Plumas,063,18699,1405,1298,25,1323,6
2021-10-02,Riverside,065,2383286,352683,347227,16091,363318,4895
2021-10-02,Sacramento,067,1510023,151449,149897,4011,153908,2099
2021-10-02,San Benito,069,59416,7096,7055,151,7206,69
2021-10-02,San Bernardino,071,2135413,344282,341212,10757,351969,5540
2021-10-02,San Diego,073,3302833,359837,356454,21172,377626,4078
2021-10-02,San Francisco,075,870044,51231,50393,2206,52599,634
2021-10-02,San Joaquin,077,732212,95899,94599,5146,99745,1646
2021-10-02,San Luis Obispo,079,281455,28413,27915,1156,29071,323
2021-10-02,San Mateo,081,765935,52712,51767,809,52576,573
2021-10-02,Santa Barbara,083,443738,42844,42423,1500,43923,508
2021-10-02,Santa Clara,085,1922200,142733,141231,1171,142402,1862
2021-10-02,Santa Cruz,087,273765,19731,19461,983,20444,214
2021-10-02,Shasta,089,179085,19444,18912,3241,22153,270
2021-10-02,Sierra,091,2930,141,131,14,145,0
2021-10-02,Siskiyou,093,43540,3182,3053,1161,4214,42
2021-10-02,Solano,095,438530,44688,43800,1184,44984,321
2021-10-02,Sonoma,097,501317,39876,39497,498,39995,382
2021-10-02,Stanislaus,099,539301,74251,73859,8407,82266,1099
2021-10-02,Sutter,101,95872,13290,13160,280,13440,160
2021-10-02,Tehama,103,63373,7688,7453,1295,8748,93
2021-10-02,Trinity,105,12862,790,625,203,828,10
2021-10-02,Tulare,107,460477,64029,62247,13433,75680,908
2021-10-02,Tuolumne,109,53932,6481,6369,78,6447,89
2021-10-02,Ventura,111,848112,95852,94854,4201,99055,1148
2021-10-02,Yolo,113,214977,18954,18640,1002,19642,242
2021-10-02,Yuba,115,75493,9553,9370,226,9596,66
2021-10-01,Alameda,001,1643700,116136,115185,2663,117848,1343
2021-10-01,Alpine,003,1148,99,102,0,102,0
2021-10-01,Amador,005,37829,5224,5105,53,5158,61
2021-10-01,Butte,007,227075,19404,18911,3503,22414,243
2021-10-01,Calaveras,009,45235,3677,3585,42,3627,72
2021-10-01,Colusa,011,21464,2433,2403,562,2965,18
2021-10-01,Contra Costa,013,1133247,96352,95369,2030,97399,933
2021-10-01,Del Norte,015,27424,3560,3468,38,3506,39
2021-10-01,El Dorado,017,186661,15184,14887,1596,16483,136
2021-10-01,Fresno,019,978130,130941,128450,11874,140324,1964
2021-10-01,Glenn,021,27897,3304,3234,946,4180,26
2021-10-01,Humboldt,023,135768,8431,8244,436,8680,94
2021-10-01,Imperial,025,180216,32021,31674,3040,34714,757
2021-10-01,Inyo,027,18085,1808,1746,37,1783,39
2021-10-01,Kern,029,883053,120180,117962,19302,137264,1524
2021-10-01,Kings,031,150075,30050,29339,1747,31086,301
2021-10-01,Lake,033,64148,6314,6191,126,6317,97
2021-10-01,Lassen,035,31185,6483,6360,303,6663,25
2021-10-01,Los Angeles,037,10098052,1409021,1395070,52445,1447515,26126
2021-10-01,Madera,039,155013,21399,20931,1791,22722,266
2021-10-01,Marin,041,260295,17104,16936,413,17349,242
2021-10-01,Mariposa,043,17540,1045,967,33,1000,5
2021-10-01,Mendocino,045,87422,7037,6869,401,7270,78
2021-10-01,Merced,047,269075,39628,39196,1580,40776,552
2021-10-01,Modoc,049,8938,484,468,170,638,5
2021-10-01,Mono,051,14174,1585,1540,20,1560,3
2021-10-01,Monterey,053,433212,47859,46964,2693,49657,571
2021-10-01,Napa,055,140530,12558,12433,97,12530,96
2021-10-01,Nevada,057,99092,8595,8474,303,8777,87
2021-10-01,Orange,059,3164182,299980,297307,14369,311676,5435
2021-10-01,Placer,061,380077,34948,34377,3336,37713,381
2021-10-01,Plumas,063,18699,1396,1298,25,1323,6
2021-10-01,Riverside,065,2383286,352390,347227,16083,363310,4895
2021-10-01,Sacramento,067,1510023,151297,149897,4000,153897,2099
2021-10-01,San Benito,069,59416,7094,7055,149,7204,69
2021-10-01,San Bernardino,071,2135413,344081,341212,10754,351966,5540
2021-10-01,San Diego,073,3302833,359477,356454,21151,377605,4078
2021-10-01,San Francisco,075,870044,51190,50393,2204,52597,634
2021-10-01,San Joaquin,077,732212,95829,94599,5142,99741,1646
2021-10-01,San Luis Obispo,079,281455,28389,27915,1153,29068,323
2021-10-01,San Mateo,081,765935,52672,51767,806,52573,573
2021-10-01,Santa Barbara,083,443738,42808,42423,1500,43923,508
2021-10-01,Santa Clara,085,1922200,142640,141231,1166,142397,1862
2021-10-01,Santa Cruz,087,273765,19711,19461,982,20443,214
2021-10-01,Shasta,089,179085,19390,18912,3233,22145,270
2021-10-01,Sierra,091,2930,141,131,14,145,0
2021-10-01,Siskiyou,093,43540,3181,3053,1158,4211,42
2021-10-01,Solano,095,438530,44636,43800,1178,44978,321
2021-10-01,Sonoma,097,501317,39844,39497,497,39994,382
2021-10-01,Stanislaus,099,539301,74167,73859,8396,82255,1099
2021-10-01,Sutter,101,95872,13274,13160,278,13438,160
2021-10-01,Tehama,103,63373,7676,7453,1293,8746,93
2021-10-01,Trinity,105,12862,788,625,203,828,10
2021-10-01,Tulare,107,460477,63926,62247,13398,75645,908
2021-10-01,Tuolumne,109,53932,6464,6369,78,6447,89
2021-10-01,Ventura,111,848112,95785,94854,4196,99050,1148
2021-10-01,Yolo,113,214977,18930,18640,998,19638,242
2021-10-01,Yuba,115,75493,9531,9370,226,9596,66
2021-09-30,Alameda,001,1643700,115990,115185,2660,117845,1343
2021-09-30,Alpine,003,1148,99,102,0,102,0
2021-09-30,Amador,005,37829,5212,5105,53,5158,61
2021-09-30,Butte,007,227075,19355,18911,3494,22405,243
2021-09-30,Calaveras,009,45235,3663,3585,42,3627,72
2021-09-30,Colusa,011,21464,2430,2403,561,2964,18
2021-09-30,Contra Costa,013,1133247,96247,95369,2024,97393,933
2021-09-30,Del Norte,015,27424,3556,3468,35,3503,39
2021-09-30,El Dorado,017,186661,15158,14887,1588,16475,136
2021-09-30,Fresno,019,978130,130665,128450,11840,140290,1964
2021-09-30,Glenn,021,27897,3294,3234,944,4178,26
2021-09-30,Humboldt,023,135768,8399,8244,430,8674,94
2021-09-30,Imperial,025,180216,31969,31674,3038,34712,757
2021-09-30,Inyo,027,18085,1798,1746,37,1783,39
2021-09-30,Kern,029,883053,119936,117962,19220,137182,1524
2021-09-30,Kings,031,150075,29960,29339,1743,31082,301
2021-09-30,Lake,033,64148,6296,6191,126,6317,97
2021-09-30,Lassen,035,31185,6469,6360,303,6663,25
2021-09-30,Los Angeles,037,10098052,1407817,1395070,52385,1447455,26126
2021-09-30,Madera,039,155013,21316,20931,1776,22707,266
2021-09-30,Marin,041,260295,17084,16936,412,17348,242
2021-09-30,Mariposa,043,17540,1023,967,33,1000,5
2021-09-30,Mendocino,045,87422,7028,6869,392,7261,78
2021-09-30,Merced,047,269075,39532,39196,1576,40772,552
2021-09-30,Modoc,049,8938,484,468,169,637,5
2021-09-30,Mono,051,14174,1577,1540,20,1560,3
2021-09-30,Monterey,053,433212,47829,46964,2681,49645,571
2021-09-30,Napa,055,140530,12538,12433,97,12530,96
2021-09-30,Nevada,057,99092,8578,8474,302,8776,87
2021-09-30,Orange,059,3164182,299708,297307,14330,311637,5435
2021-09-30,Placer,061,380077,34894,34377,3316,37693,381
2021-09-30,Plumas,063,18699,1378,1298,25,1323,6
2021-09-30,Riverside,065,2383286,351957,347227,16062,363289,4895
2021-09-30,Sacramento,067,1510023,151036,149897,3974,153871,2099
2021-09-30,San Benito,069,59416,7088,7055,149,7204,69
2021-09-30,San Bernardino,071,2135413,343771,341212,10740,351952,5540
2021-09-30,San Diego,073,3302833,358996,356454,21125,377579,4078
2021-09-30,San Francisco,075,870044,51113,50393,2200,52593,634
2021-09-30,San Joaquin,077,732212,95699,94599,5134,99733,1646
2021-09-30,San Luis Obispo,079,281455,28341,27915,1149,29064,323
2021-09-30,San Mateo,081,765935,52623,51767,803,52570,573
2021-09-30,Santa Barbara,083,443738,42751,42423,1499,43922,508
2021-09-30,Santa Clara,085,1922200,142490,141231,1163,142394,1862
2021-09-30,Santa Cruz,087,273765,19671,19461,981,20442,214
2021-09-30,Shasta,089,179085,19328,18912,3218,22130,270
2021-09-30,Sierra,091,2930,140,131,14,145,0
2021-09-30,Siskiyou,093,43540,3173,3053,1153,4206,42
2021-09-30,Solano,095,438530,44582,43800,1175,44975,321
2021-09-30,Sonoma,097,501317,39795,39497,497,39994,382
2021-09-30,Stanislaus,099,539301,74007,73859,8377,82236,1099
2021-09-30,Sutter,101,95872,13253,13160,278,13438,160
2021-09-30,Tehama,103,63373,7639,7453,1281,8734,93
2021-09-30,Trinity,105,12862,784,625,203,828,10
2021-09-30,Tulare,107,460477,63750,62247,13340,75587,908
2021-09-30,Tuolumne,109,53932,6441,6369,78,6447,89
2021-09-30,Ventura,111,848112,95680,94854,4189,99043,1148
2021-09-30,Yolo,113,214977,18891,18640,995,19635,242
2021-09-30,Yuba,115,75493,9508,9370,225,9595,66
2021-09-29,Alameda,001,1643700,115846,114998,2657,117655,1339
2021-09-29,Alpine,003,1148,99,101,0,101,0
2021-09-29,Amador,005,37829,5190,5058,53,5111,61
2021-09-29,Butte,007,227075,19301,18835,3487,22322,242
2021-09-29,Calaveras,009,45235,3646,3553,41,3594,72
2021-09-29,Colusa,011,21464,2428,2401,561,2962,18
2021-09-29,Contra Costa,013,1133247,96133,95213,2016,97229,929
2021-09-29,Del Norte,015,27424,3550,3467,35,3502,39
2021-09-29,El Dorado,017,186661,15124,14834,1581,16415,136
2021-09-29,Fresno,019,978130,130365,128068,11819,139887,1957
2021-09-29,Glenn,021,27897,3289,3213,942,4155,26
2021-09-29,Humboldt,023,135768,8375,8203,429,8632,94
2021-09-29,Imperial,025,180216,31903,31600,3033,34633,757
2021-09-29,Inyo,027,18085,1788,1740,36,1776,39
2021-09-29,Kern,029,883053,119701,117605,19144,136749,1513
2021-09-29,Kings,031,150075,29878,29195,1728,30923,299
2021-09-29,Lake,033,64148,6276,6164,126,6290,97
2021-09-29,Lassen,035,31185,6455,6347,303,6650,25
2021-09-29,Los Angeles,037,10098052,1406604,1393617,52313,1445930,26098
2021-09-29,Madera,039,155013,21271,20818,1760,22578,266
2021-09-29,Marin,041,260295,17066,16921,410,17331,242
2021-09-29,Mariposa,043,17540,1008,963,33,996,5
2021-09-29,Mendocino,045,87422,7016,6821,384,7205,78
2021-09-29,Merced,047,269075,39438,39026,1565,40591,552
2021-09-29,Modoc,049,8938,482,468,169,637,5
2021-09-29,Mono,051,14174,1575,1527,20,1547,3
2021-09-29,Monterey,053,433212,47791,46917,2667,49584,571
2021-09-29,Napa,055,140530,12518,12416,93,12509,96
2021-09-29,Nevada,057,99092,8565,8434,302,8736,87
2021-09-29,Orange,059,3164182,299440,296936,14294,311230,5429
2021-09-29,Placer,061,380077,34830,34271,3293,37564,379
2021-09-29,Plumas,063,18699,1359,1289,25,1314,6
2021-09-29,Riverside,065,2383286,351523,346558,16049,362607,4886
2021-09-29,Sacramento,067,1510023,150785,149686,3964,153650,2099
2021-09-29,San Benito,069,59416,7077,7039,149,7188,69
2021-09-29,San Bernardino,071,2135413,343451,340672,10726,351398,5539
2021-09-29,San Diego,073,3302833,358509,355899,21095,376994,4066
2021-09-29,San Francisco,075,870044,51028,50286,2196,52482,629
2021-09-29,San Joaquin,077,732212,95541,94356,5112,99468,1645
2021-09-29,San Luis Obispo,079,281455,28295,27800,1143,28943,323
2021-09-29,San Mateo,081,765935,52563,51673,801,52474,573
2021-09-29,Santa Barbara,083,443738,42679,42328,1496,43824,507
2021-09-29,Santa Clara,085,1922200,142355,141036,1157,142193,1861
2021-09-29,Santa Cruz,087,273765,19653,19425,980,20405,214
2021-09-29,Shasta,089,179085,19262,18805,3206,22011,271
2021-09-29,Sierra,091,2930,136,130,14,144,0
2021-09-29,Siskiyou,093,43540,3160,3043,1146,4189,42
2021-09-29,Solano,095,438530,44526,43724,1168,44892,321
2021-09-29,Sonoma,097,501317,39734,39426,495,39921,370
2021-09-29,Stanislaus,099,539301,73876,73634,8366,82000,1096
2021-09-29,Sutter,101,95872,13226,13135,275,13410,155
2021-09-29,Tehama,103,63373,7609,7409,1266,8675,88
2021-09-29,Trinity,105,12862,780,616,203,819,10
2021-09-29,Tulare,107,460477,63576,62046,13281,75327,908
2021-09-29,Tuolumne,109,53932,6424,6336,78,6414,89
2021-09-29,Ventura,111,848112,95590,94753,4185,98938,1144
2021-09-29,Yolo,113,214977,18858,18587,990,19577,239
2021-09-29,Yuba,115,75493,9477,9351,221,9572,66
2021-09-28,Alameda,001,1643700,115688,114869,2651,117520,1333
2021-09-28,Alpine,003,1148,99,101,0,101,0
2021-09-28,Amador,005,37829,5168,5049,53,5102,61
2021-09-28,Butte,007,227075,19252,18764,3474,22238,241
2021-09-28,Calaveras,009,45235,3626,3530,41,3571,72
2021-09-28,Colusa,011,21464,2425,2399,559,2958,18
2021-09-28,Contra Costa,013,1133247,95992,95115,2011,97126,929
2021-09-28,Del Norte,015,27424,3547,3462,35,3497,39
2021-09-28,El Dorado,017,186661,15078,14793,1577,16370,133
2021-09-28,Fresno,019,978130,130020,127877,11785,139662,1948
2021-09-28,Glenn,021,27897,3284,3205,941,4146,26
2021-09-28,Humboldt,023,135768,8334,8159,426,8585,91
2021-09-28,Imperial,025,180216,31858,31543,3029,34572,757
2021-09-28,Inyo,027,18085,1774,1708,35,1743,39
2021-09-28,Kern,029,883053,119432,117420,19049,136469,1506
2021-09-28,Kings,031,150075,29776,29141,1720,30861,295
2021-09-28,Lake,033,64148,6261,6155,126,6281,95
2021-09-28,Lassen,035,31185,6449,6340,299,6639,25
2021-09-28,Los Angeles,037,10098052,1405310,1392445,52244,1444689,26068
2021-09-28,Madera,039,155013,21217,20764,1744,22508,266
2021-09-28,Marin,041,260295,17047,16887,408,17295,242
2021-09-28,Mariposa,043,17540,1003,952,33,985,5
2021-09-28,Mendocino,045,87422,6994,6804,382,7186,78
2021-09-28,Merced,047,269075,39352,38953,1552,40505,551
2021-09-28,Modoc,049,8938,481,467,169,636,5
2021-09-28,Mono,051,14174,1565,1527,20,1547,3
2021-09-28,Monterey,053,433212,47754,46859,2658,49517,571
2021-09-28,Napa,055,140530,12501,12388,92,12480,96
2021-09-28,Nevada,057,99092,8542,8409,301,8710,84
2021-09-28,Orange,059,3164182,299187,296596,14266,310862,5421
2021-09-28,Placer,061,380077,34765,34187,3275,37462,370
2021-09-28,Plumas,063,18699,1350,1276,25,1301,6
2021-09-28,Riverside,065,2383286,351064,346096,16028,362124,4874
2021-09-28,Sacramento,067,1510023,150495,149310,3942,153252,2086
2021-09-28,San Benito,069,59416,7060,7028,148,7176,69
2021-09-28,San Bernardino,071,2135413,343104,340342,10709,351051,5540
2021-09-28,San Diego,073,3302833,357962,355373,21063,376436,4054
2021-09-28,San Francisco,075,870044,50927,50234,2195,52429,627
2021-09-28,San Joaquin,077,732212,95387,94194,5099,99293,1639
2021-09-28,San Luis Obispo,079,281455,28261,27755,1138,28893,321
2021-09-28,San Mateo,081,765935,52518,51620,800,52420,571
2021-09-28,Santa Barbara,083,443738,42606,42226,1495,43721,506
2021-09-28,Santa Clara,085,1922200,142194,140886,1148,142034,1858
2021-09-28,Santa Cruz,087,273765,19612,19324,979,20303,214
2021-09-28,Shasta,089,179085,19201,18701,3192,21893,267
2021-09-28,Sierra,091,2930,135,130,13,143,0
2021-09-28,Siskiyou,093,43540,3148,3032,1143,4175,42
2021-09-28,Solano,095,438530,44453,43652,1165,44817,316
2021-09-28,Sonoma,097,501317,39687,39395,494,39889,370
2021-09-28,Stanislaus,099,539301,73705,73528,8354,81882,1094
2021-09-28,Sutter,101,95872,13207,13102,271,13373,155
2021-09-28,Tehama,103,63373,7591,7382,1251,8633,88
2021-09-28,Trinity,105,12862,777,613,203,816,10
2021-09-28,Tulare,107,460477,63416,61916,13222,75138,905
2021-09-28,Tuolumne,109,53932,6398,6308,78,6386,89
2021-09-28,Ventura,111,848112,95464,94632,4182,98814,1143
2021-09-28,Yolo,113,214977,18832,18564,987,19551,239
2021-09-28,Yuba,115,75493,9458,9323,220,9543,66
2021-09-27,Alameda,001,1643700,115494,114731,2642,117373,1327
2021-09-27,Alpine,003,1148,99,101,0,101,0
2021-09-27,Amador,005,37829,5154,5017,53,5070,59
2021-09-27,Butte,007,227075,19193,18687,3458,22145,239
2021-09-27,Calaveras,009,45235,3606,3514,40,3554,70
2021-09-27,Colusa,011,21464,2424,2393,558,2951,18
2021-09-27,Contra Costa,013,1133247,95861,94979,2002,96981,924
2021-09-27,Del Norte,015,27424,3545,3468,33,3501,37
2021-09-27,El Dorado,017,186661,15039,14764,1570,16334,132
2021-09-27,Fresno,019,978130,129699,127475,11751,139226,1942
2021-09-27,Glenn,021,27897,3271,3189,937,4126,26
2021-09-27,Humboldt,023,135768,8294,8118,426,8544,91
2021-09-27,Imperial,025,180216,31795,31491,3022,34513,756
2021-09-27,Inyo,027,18085,1762,1698,35,1733,39
2021-09-27,Kern,029,883053,119157,117064,18951,136015,1503
2021-09-27,Kings,031,150075,29678,28998,1708,30706,297
2021-09-27,Lake,033,64148,6241,6126,124,6250,95
2021-09-27,Lassen,035,31185,6434,6327,295,6622,25
2021-09-27,Los Angeles,037,10098052,1403977,1391538,52175,1443713,26040
2021-09-27,Madera,039,155013,21152,20691,1736,22427,262
2021-09-27,Marin,041,260295,17026,16861,407,17268,242
2021-09-27,Mariposa,043,17540,993,931,33,964,5
2021-09-27,Mendocino,045,87422,6968,6761,375,7136,74
2021-09-27,Merced,047,269075,39252,38840,1546,40386,548
2021-09-27,Modoc,049,8938,480,465,167,632,5
2021-09-27,Mono,051,14174,1553,1525,20,1545,3
2021-09-27,Monterey,053,433212,47711,46811,2646,49457,571
2021-09-27,Napa,055,140530,12477,12354,91,12445,95
2021-09-27,Nevada,057,99092,8518,8379,298,8677,84
2021-09-27,Orange,059,3164182,298882,296334,14236,310570,5409
2021-09-27,Placer,061,380077,34678,34087,3270,37357,370
2021-09-27,Plumas,063,18699,1340,1269,25,1294,6
2021-09-27,Riverside,065,2383286,350622,345529,16018,361547,4864
2021-09-27,Sacramento,067,1510023,150178,149096,3920,153016,2076
2021-09-27,San Benito,069,59416,7043,7017,148,7165,67
2021-09-27,San Bernardino,071,2135413,342691,339952,10684,350636,5544
2021-09-27,San Diego,073,3302833,357310,354755,21038,375793,4054
2021-09-27,San Francisco,075,870044,50843,50157,2191,52348,622
2021-09-27,San Joaquin,077,732212,95203,94085,5096,99181,1633
2021-09-27,San Luis Obispo,079,281455,28206,27674,1135,28809,320
2021-09-27,San Mateo,081,765935,52442,51552,800,52352,571
2021-09-27,Santa Barbara,083,443738,42539,42012,1491,43503,505
2021-09-27,Santa Clara,085,1922200,142013,140802,1138,141940,1853
2021-09-27,Santa Cruz,087,273765,19588,19292,978,20270,214
2021-09-27,Shasta,089,179085,19120,18599,3165,21764,267
2021-09-27,Sierra,091,2930,135,128,13,141,0
2021-09-27,Siskiyou,093,43540,3136,3015,1138,4153,42
2021-09-27,Solano,095,438530,44378,43582,1159,44741,314
2021-09-27,Sonoma,097,501317,39633,39347,494,39841,370
2021-09-27,Stanislaus,099,539301,73551,73370,8334,81704,1091
2021-09-27,Sutter,101,95872,13176,13082,268,13350,155
2021-09-27,Tehama,103,63373,7550,7345,1242,8587,88
2021-09-27,Trinity,105,12862,766,605,202,807,9
2021-09-27,Tulare,107,460477,63216,61708,13151,74859,904
2021-09-27,Tuolumne,109,53932,6377,6264,78,6342,89
2021-09-27,Ventura,111,848112,95339,94477,4178,98655,1138
2021-09-27,Yolo,113,214977,18799,18524,986,19510,239
2021-09-27,Yuba,115,75493,9421,9292,216,9508,64
2021-09-26,Alameda,001,1643700,115299,114601,2635,117236,1326
2021-09-26,Alpine,003,1148,99,101,0,101,0
2021-09-26,Amador,005,37829,5122,5001,52,5053,59
2021-09-26,Butte,007,227075,19118,18634,3441,22075,238
2021-09-26,Calaveras,009,45235,3584,3505,40,3545,70
2021-09-26,Colusa,011,21464,2419,2392,556,2948,18
2021-09-26,Contra Costa,013,1133247,95686,94877,1989,96866,924
2021-09-26,Del Norte,015,27424,3540,3466,32,3498,37
2021-09-26,El Dorado,017,186661,14997,14738,1562,16300,132
2021-09-26,Fresno,019,978130,129342,127235,11705,138940,1939
2021-09-26,Glenn,021,27897,3263,3182,933,4115,26
2021-09-26,Humboldt,023,135768,8259,8098,425,8523,91
2021-09-26,Imperial,025,180216,31734,31462,3021,34483,756
2021-09-26,Inyo,027,18085,1747,1685,35,1720,39
2021-09-26,Kern,029,883053,118819,116927,18841,135768,1502
2021-09-26,Kings,031,150075,29577,28930,1697,30627,293
2021-09-26,Lake,033,64148,6224,6113,124,6237,95
2021-09-26,Lassen,035,31185,6424,6319,290,6609,25
2021-09-26,Los Angeles,037,10098052,1402489,1390577,52104,1442681,26035
2021-09-26,Madera,039,155013,21077,20629,1717,22346,262
2021-09-26,Marin,041,260295,17003,16860,407,17267,242
2021-09-26,Mariposa,043,17540,987,929,33,962,5
2021-09-26,Mendocino,045,87422,6934,6744,360,7104,74
2021-09-26,Merced,047,269075,39091,38717,1538,40255,548
2021-09-26,Modoc,049,8938,480,465,166,631,5
2021-09-26,Mono,051,14174,1549,1516,20,1536,3
2021-09-26,Monterey,053,433212,47664,46792,2632,49424,571
2021-09-26,Napa,055,140530,12453,12340,90,12430,95
2021-09-26,Nevada,057,99092,8487,8356,293,8649,84
2021-09-26,Orange,059,3164182,298543,296085,14203,310288,5409
2021-09-26,Placer,061,380077,34584,34043,3260,37303,370
2021-09-26,Plumas,063,18699,1322,1268,25,1293,6
2021-09-26,Riverside,065,2383286,350090,345257,16004,361261,4864
2021-09-26,Sacramento,067,1510023,149772,148745,3901,152646,2071
2021-09-26,San Benito,069,59416,7026,7012,147,7159,67
2021-09-26,San Bernardino,071,2135413,342234,339771,10669,350440,5545
2021-09-26,San Diego,073,3302833,356688,354414,20997,375411,4051
2021-09-26,San Francisco,075,870044,50717,50092,2182,52274,622
2021-09-26,San Joaquin,077,732212,95000,93935,5082,99017,1633
2021-09-26,San Luis Obispo,079,281455,28132,27624,1130,28754,319
2021-09-26,San Mateo,081,765935,52373,51496,798,52294,571
2021-09-26,Santa Barbara,083,443738,42453,41946,1488,43434,505
2021-09-26,Santa Clara,085,1922200,141812,140667,1134,141801,1852
2021-09-26,Santa Cruz,087,273765,19563,19279,978,20257,214
2021-09-26,Shasta,089,179085,19011,18566,3142,21708,266
2021-09-26,Sierra,091,2930,135,128,13,141,0
2021-09-26,Siskiyou,093,43540,3122,2998,1128,4126,42
2021-09-26,Solano,095,438530,44311,43537,1158,44695,314
2021-09-26,Sonoma,097,501317,39574,39302,494,39796,370
2021-09-26,Stanislaus,099,539301,73351,73243,8306,81549,1091
2021-09-26,Sutter,101,95872,13139,13045,267,13312,155
2021-09-26,Tehama,103,63373,7493,7323,1231,8554,88
2021-09-26,Trinity,105,12862,763,591,202,793,9
2021-09-26,Tulare,107,460477,62995,61560,13074,74634,904
2021-09-26,Tuolumne,109,53932,6349,6236,76,6312,89
2021-09-26,Ventura,111,848112,95225,94391,4171,98562,1138
2021-09-26,Yolo,113,214977,18762,18496,978,19474,239
2021-09-26,Yuba,115,75493,9394,9275,216,9491,64
2021-09-25,Alameda,001,1643700,115220,114014,2632,116646,1324
2021-09-25,Alpine,003,1148,99,101,0,101,0
2021-09-25,Amador,005,37829,5108,4934,52,4986,59
2021-09-25,Butte,007,227075,19089,18396,3433,21829,236
2021-09-25,Calaveras,009,45235,3581,3461,40,3501,70
2021-09-25,Colusa,011,21464,2416,2387,554,2941,16
2021-09-25,Contra Costa,013,1133247,95615,94337,1985,96322,924
2021-09-25,Del Norte,015,27424,3539,3404,32,3436,35
2021-09-25,El Dorado,017,186661,14974,14641,1558,16199,130
2021-09-25,Fresno,019,978130,129197,126299,11689,137988,1927
2021-09-25,Glenn,021,27897,3258,3144,932,4076,25
2021-09-25,Humboldt,023,135768,8240,8014,423,8437,88
2021-09-25,Imperial,025,180216,31707,31280,3021,34301,755
2021-09-25,Inyo,027,18085,1739,1657,35,1692,39
2021-09-25,Kern,029,883053,118664,116021,18773,134794,1485
2021-09-25,Kings,031,150075,29526,28636,1694,30330,293
2021-09-25,Lake,033,64148,6219,6046,122,6168,92
2021-09-25,Lassen,035,31185,6412,6248,289,6537,25
2021-09-25,Los Angeles,037,10098052,1401776,1386417,52064,1438481,25964
2021-09-25,Madera,039,155013,21052,20432,1711,22143,262
2021-09-25,Marin,041,260295,16994,16802,405,17207,242
2021-09-25,Mariposa,043,17540,982,906,33,939,5
2021-09-25,Mendocino,045,87422,6915,6657,359,7016,74
2021-09-25,Merced,047,269075,39045,38393,1536,39929,546
2021-09-25,Modoc,049,8938,480,460,166,626,5
2021-09-25,Mono,051,14174,1546,1501,20,1521,3
2021-09-25,Monterey,053,433212,47634,46653,2630,49283,567
2021-09-25,Napa,055,140530,12433,12266,90,12356,95
2021-09-25,Nevada,057,99092,8470,8285,293,8578,84
2021-09-25,Orange,059,3164182,298370,294514,14185,308699,5374
2021-09-25,Placer,061,380077,34520,33764,3258,37022,367
2021-09-25,Plumas,063,18699,1318,1238,25,1263,6
2021-09-25,Riverside,065,2383286,349767,343463,15996,359459,4843
2021-09-25,Sacramento,067,1510023,149597,147728,3892,151620,2049
2021-09-25,San Benito,069,59416,7021,6965,147,7112,67
2021-09-25,San Bernardino,071,2135413,341997,338413,10655,349068,5540
2021-09-25,San Diego,073,3302833,356343,352017,20971,372988,4039
2021-09-25,San Francisco,075,870044,50673,49840,2181,52021,615
2021-09-25,San Joaquin,077,732212,94914,93273,5080,98353,1628
2021-09-25,San Luis Obispo,079,281455,28094,27447,1126,28573,318
2021-09-25,San Mateo,081,765935,52309,51266,796,52062,568
2021-09-25,Santa Barbara,083,443738,42395,41728,1488,43216,505
2021-09-25,Santa Clara,085,1922200,141706,140023,1132,141155,1844
2021-09-25,Santa Cruz,087,273765,19547,19200,976,20176,214
2021-09-25,Shasta,089,179085,18960,18256,3133,21389,262
2021-09-25,Sierra,091,2930,134,127,13,140,0
2021-09-25,Siskiyou,093,43540,3115,2956,1118,4074,41
2021-09-25,Solano,095,438530,44270,43331,1155,44486,312
2021-09-25,Sonoma,097,501317,39533,39112,494,39606,369
2021-09-25,Stanislaus,099,539301,73241,72628,8292,80920,1091
2021-09-25,Sutter,101,95872,13121,12976,264,13240,154
2021-09-25,Tehama,103,63373,7477,7200,1229,8429,86
2021-09-25,Trinity,105,12862,763,576,202,778,9
2021-09-25,Tulare,107,460477,62913,60909,13030,73939,898
2021-09-25,Tuolumne,109,53932,6337,6168,76,6244,89
2021-09-25,Ventura,111,848112,95158,94059,4167,98226,1129
2021-09-25,Yolo,113,214977,18740,18393,977,19370,239
2021-09-25,Yuba,115,75493,9374,9191,216,9407,61
2021-09-24,Alameda,001,1643700,115115,114014,2628,116642,1324
2021-09-24,Alpine,003,1148,99,101,0,101,0
2021-09-24,Amador,005,37829,5078,4934,52,4986,59
2021-09-24,Butte,007,227075,19037,18396,3423,21819,236
2021-09-24,Calaveras,009,45235,3574,3461,39,3500,70
2021-09-24,Colusa,011,21464,2413,2387,553,2940,16
2021-09-24,Contra Costa,013,1133247,95505,94337,1981,96318,924
2021-09-24,Del Norte,015,27424,3536,3404,32,3436,35
2021-09-24,El Dorado,017,186661,14956,14641,1555,16196,130
2021-09-24,Fresno,019,978130,128999,126299,11677,137976,1927
2021-09-24,Glenn,021,27897,3250,3144,932,4076,25
2021-09-24,Humboldt,023,135768,8221,8014,420,8434,88
2021-09-24,Imperial,025,180216,31669,31280,3019,34299,755
2021-09-24,Inyo,027,18085,1730,1657,35,1692,39
2021-09-24,Kern,029,883053,118528,116021,18707,134728,1485
2021-09-24,Kings,031,150075,29485,28636,1689,30325,293
2021-09-24,Lake,033,64148,6211,6046,122,6168,92
2021-09-24,Lassen,035,31185,6404,6248,288,6536,25
2021-09-24,Los Angeles,037,10098052,1400894,1386417,52022,1438439,25964
2021-09-24,Madera,039,155013,21021,20432,1702,22134,262
2021-09-24,Marin,041,260295,16980,16802,404,17206,242
2021-09-24,Mariposa,043,17540,970,906,33,939,5
2021-09-24,Mendocino,045,87422,6902,6657,359,7016,74
2021-09-24,Merced,047,269075,39001,38393,1536,39929,546
2021-09-24,Modoc,049,8938,480,460,165,625,5
2021-09-24,Mono,051,14174,1541,1501,20,1521,3
2021-09-24,Monterey,053,433212,47613,46653,2622,49275,567
2021-09-24,Napa,055,140530,12414,12266,90,12356,95
2021-09-24,Nevada,057,99092,8456,8285,290,8575,84
2021-09-24,Orange,059,3164182,298163,294514,14167,308681,5374
2021-09-24,Placer,061,380077,34465,33764,3246,37010,367
2021-09-24,Plumas,063,18699,1314,1238,25,1263,6
2021-09-24,Riverside,065,2383286,349433,343463,15987,359450,4843
2021-09-24,Sacramento,067,1510023,149412,147728,3888,151616,2049
2021-09-24,San Benito,069,59416,7015,6965,147,7112,67
2021-09-24,San Bernardino,071,2135413,341728,338413,10645,349058,5540
2021-09-24,San Diego,073,3302833,355992,352017,20956,372973,4039
2021-09-24,San Francisco,075,870044,50609,49840,2173,52013,615
2021-09-24,San Joaquin,077,732212,94800,93273,5078,98351,1628
2021-09-24,San Luis Obispo,079,281455,28063,27447,1121,28568,318
2021-09-24,San Mateo,081,765935,52249,51266,795,52061,568
2021-09-24,Santa Barbara,083,443738,42355,41728,1487,43215,505
2021-09-24,Santa Clara,085,1922200,141594,140023,1131,141154,1844
2021-09-24,Santa Cruz,087,273765,19524,19200,975,20175,214
2021-09-24,Shasta,089,179085,18906,18256,3119,21375,262
2021-09-24,Sierra,091,2930,133,127,13,140,0
2021-09-24,Siskiyou,093,43540,3106,2956,1112,4068,41
2021-09-24,Solano,095,438530,44233,43331,1153,44484,312
2021-09-24,Sonoma,097,501317,39500,39112,494,39606,369
2021-09-24,Stanislaus,099,539301,73125,72628,8277,80905,1091
2021-09-24,Sutter,101,95872,13102,12976,263,13239,154
2021-09-24,Tehama,103,63373,7465,7200,1224,8424,86
2021-09-24,Trinity,105,12862,760,576,202,778,9
2021-09-24,Tulare,107,460477,62822,60909,12988,73897,898
2021-09-24,Tuolumne,109,53932,6308,6168,76,6244,89
2021-09-24,Ventura,111,848112,95080,94059,4160,98219,1129
2021-09-24,Yolo,113,214977,18708,18393,974,19367,239
2021-09-24,Yuba,115,75493,9355,9191,216,9407,61
2021-09-23,Alameda,001,1643700,114958,114014,2622,116636,1324
2021-09-23,Alpine,003,1148,99,101,0,101,0
2021-09-23,Amador,005,37829,5065,4934,52,4986,59
2021-09-23,Butte,007,227075,18975,18396,3399,21795,236
2021-09-23,Calaveras,009,45235,3553,3461,39,3500,70
2021-09-23,Colusa,011,21464,2411,2387,550,2937,16
2021-09-23,Contra Costa,013,1133247,95364,94337,1974,96311,924
2021-09-23,Del Norte,015,27424,3527,3404,31,3435,35
2021-09-23,El Dorado,017,186661,14930,14641,1549,16190,130
2021-09-23,Fresno,019,978130,128702,126299,11658,137957,1927
2021-09-23,Glenn,021,27897,3236,3144,929,4073,25
2021-09-23,Humboldt,023,135768,8196,8014,418,8432,88
2021-09-23,Imperial,025,180216,31633,31280,3019,34299,755
2021-09-23,Inyo,027,18085,1716,1657,35,1692,39
2021-09-23,Kern,029,883053,118270,116021,18626,134647,1485
2021-09-23,Kings,031,150075,29381,28636,1680,30316,293
2021-09-23,Lake,033,64148,6201,6046,122,6168,92
2021-09-23,Lassen,035,31185,6395,6248,283,6531,25
2021-09-23,Los Angeles,037,10098052,1399698,1386417,51958,1438375,25964
2021-09-23,Madera,039,155013,20939,20432,1698,22130,262
2021-09-23,Marin,041,260295,16965,16802,401,17203,242
2021-09-23,Mariposa,043,17540,957,906,33,939,5
2021-09-23,Mendocino,045,87422,6880,6657,354,7011,74
2021-09-23,Merced,047,269075,38897,38393,1529,39922,546
2021-09-23,Modoc,049,8938,479,460,165,625,5
2021-09-23,Mono,051,14174,1538,1501,20,1521,3
2021-09-23,Monterey,053,433212,47564,46653,2610,49263,567
2021-09-23,Napa,055,140530,12397,12266,90,12356,95
2021-09-23,Nevada,057,99092,8429,8285,290,8575,84
2021-09-23,Orange,059,3164182,297866,294514,14143,308657,5374
2021-09-23,Placer,061,380077,34389,33764,3239,37003,367
2021-09-23,Plumas,063,18699,1297,1238,24,1262,6
2021-09-23,Riverside,065,2383286,348980,343463,15980,359443,4843
2021-09-23,Sacramento,067,1510023,149083,147728,3868,151596,2049
2021-09-23,San Benito,069,59416,7004,6965,147,7112,67
2021-09-23,San Bernardino,071,2135413,341363,338413,10630,349043,5540
2021-09-23,San Diego,073,3302833,355536,352017,20917,372934,4039
2021-09-23,San Francisco,075,870044,50536,49840,2171,52011,615
2021-09-23,San Joaquin,077,732212,94627,93273,5063,98336,1628
2021-09-23,San Luis Obispo,079,281455,28020,27447,1119,28566,318
2021-09-23,San Mateo,081,765935,52174,51266,794,52060,568
2021-09-23,Santa Barbara,083,443738,42277,41728,1484,43212,505
2021-09-23,Santa Clara,085,1922200,141443,140023,1124,141147,1844
2021-09-23,Santa Cruz,087,273765,19493,19200,975,20175,214
2021-09-23,Shasta,089,179085,18826,18256,3102,21358,262
2021-09-23,Sierra,091,2930,133,127,13,140,0
2021-09-23,Siskiyou,093,43540,3102,2956,1101,4057,41
2021-09-23,Solano,095,438530,44165,43331,1150,44481,312
2021-09-23,Sonoma,097,501317,39441,39112,491,39603,369
2021-09-23,Stanislaus,099,539301,72969,72628,8245,80873,1091
2021-09-23,Sutter,101,95872,13073,12976,263,13239,154
2021-09-23,Tehama,103,63373,7424,7200,1219,8419,86
2021-09-23,Trinity,105,12862,746,576,201,777,9
2021-09-23,Tulare,107,460477,62645,60909,12934,73843,898
2021-09-23,Tuolumne,109,53932,6283,6168,75,6243,89
2021-09-23,Ventura,111,848112,94976,94059,4153,98212,1129
2021-09-23,Yolo,113,214977,18677,18393,969,19362,239
2021-09-23,Yuba,115,75493,9327,9191,215,9406,61
2021-09-22,Alameda,001,1643700,114803,113862,2618,116480,1322
2021-09-22,Alpine,003,1148,99,100,0,100,0
2021-09-22,Amador,005,37829,5049,4915,52,4967,59
2021-09-22,Butte,007,227075,18914,18337,3383,21720,235
2021-09-22,Calaveras,009,45235,3537,3448,39,3487,70
2021-09-22,Colusa,011,21464,2406,2384,549,2933,16
2021-09-22,Contra Costa,013,1133247,95179,94209,1965,96174,924
2021-09-22,Del Norte,015,27424,3516,3386,30,3416,35
2021-09-22,El Dorado,017,186661,14894,14605,1542,16147,127
2021-09-22,Fresno,019,978130,128444,126006,11643,137649,1908
2021-09-22,Glenn,021,27897,3229,3138,928,4066,25
2021-09-22,Humboldt,023,135768,8174,7998,410,8408,80
2021-09-22,Imperial,025,180216,31581,31243,3012,34255,755
2021-09-22,Inyo,027,18085,1706,1651,35,1686,39
2021-09-22,Kern,029,883053,118029,115757,18504,134261,1477
2021-09-22,Kings,031,150075,29296,28589,1674,30263,292
2021-09-22,Lake,033,64148,6189,6035,122,6157,93
2021-09-22,Lassen,035,31185,6375,6209,279,6488,25
2021-09-22,Los Angeles,037,10098052,1398374,1384719,51903,1436622,25930
2021-09-22,Madera,039,155013,20882,20382,1688,22070,262
2021-09-22,Marin,041,260295,16954,16782,398,17180,242
2021-09-22,Mariposa,043,17540,951,901,33,934,5
2021-09-22,Mendocino,045,87422,6853,6624,348,6972,70
2021-09-22,Merced,047,269075,38764,38305,1527,39832,541
2021-09-22,Modoc,049,8938,476,458,165,623,5
2021-09-22,Mono,051,14174,1529,1496,19,1515,3
2021-09-22,Monterey,053,433212,47513,46615,2603,49218,566
2021-09-22,Napa,055,140530,12374,12248,89,12337,95
2021-09-22,Nevada,057,99092,8406,8273,287,8560,84
2021-09-22,Orange,059,3164182,297590,294214,14126,308340,5366
2021-09-22,Placer,061,380077,34301,33661,3226,36887,367
2021-09-22,Plumas,063,18699,1284,1230,24,1254,6
2021-09-22,Riverside,065,2383286,348445,342946,15955,358901,4830
2021-09-22,Sacramento,067,1510023,148770,147533,3837,151370,2043
2021-09-22,San Benito,069,59416,6993,6961,145,7106,67
2021-09-22,San Bernardino,071,2135413,340970,337938,10621,348559,5528
2021-09-22,San Diego,073,3302833,355085,351132,20893,372025,4027
2021-09-22,San Francisco,075,870044,50451,49734,2166,51900,610
2021-09-22,San Joaquin,077,732212,94396,93010,5038,98048,1626
2021-09-22,San Luis Obispo,079,281455,27972,27398,1115,28513,315
2021-09-22,San Mateo,081,765935,52101,51197,790,51987,568
2021-09-22,Santa Barbara,083,443738,42214,41678,1483,43161,504
2021-09-22,Santa Clara,085,1922200,141279,139803,1117,140920,1844
2021-09-22,Santa Cruz,087,273765,19455,19177,975,20152,214
2021-09-22,Shasta,089,179085,18736,18153,3091,21244,260
2021-09-22,Sierra,091,2930,133,127,13,140,0
2021-09-22,Siskiyou,093,43540,3085,2947,1091,4038,41
2021-09-22,Solano,095,438530,44100,43269,1149,44418,312
2021-09-22,Sonoma,097,501317,39388,39063,490,39553,369
2021-09-22,Stanislaus,099,539301,72804,72355,8226,80581,1091
2021-09-22,Sutter,101,95872,13053,12960,260,13220,153
2021-09-22,Tehama,103,63373,7397,7173,1216,8389,86
2021-09-22,Trinity,105,12862,745,572,201,773,9
2021-09-22,Tulare,107,460477,62436,60776,12864,73640,896
2021-09-22,Tuolumne,109,53932,6262,6155,74,6229,89
2021-09-22,Ventura,111,848112,94871,93978,4147,98125,1122
2021-09-22,Yolo,113,214977,18638,18342,962,19304,239
2021-09-22,Yuba,115,75493,9298,9169,210,9379,61
2021-09-21,Alameda,001,1643700,114649,113765,2618,116383,1321
2021-09-21,Alpine,003,1148,99,100,0,100,0
2021-09-21,Amador,005,37829,5027,4897,52,4949,59
2021-09-21,Butte,007,227075,18818,18229,3345,21574,232
2021-09-21,Calaveras,009,45235,3520,3437,39,3476,70
2021-09-21,Colusa,011,21464,2403,2378,548,2926,16
2021-09-21,Contra Costa,013,1133247,94985,94101,1951,96052,924
2021-09-21,Del Norte,015,27424,3504,3378,30,3408,34
2021-09-21,El Dorado,017,186661,14864,14578,1535,16113,127
2021-09-21,Fresno,019,978130,128093,125789,11616,137405,1892
2021-09-21,Glenn,021,27897,3222,3134,924,4058,25
2021-09-21,Humboldt,023,135768,8142,7955,405,8360,80
2021-09-21,Imperial,025,180216,31524,31185,3010,34195,755
2021-09-21,Inyo,027,18085,1696,1646,35,1681,39
2021-09-21,Kern,029,883053,117737,115534,18390,133924,1467
2021-09-21,Kings,031,150075,29208,28545,1666,30211,291
2021-09-21,Lake,033,64148,6166,6013,122,6135,90
2021-09-21,Lassen,035,31185,6357,6159,275,6434,25
2021-09-21,Los Angeles,037,10098052,1396918,1383277,51846,1435123,25893
2021-09-21,Madera,039,155013,20822,20317,1678,21995,262
2021-09-21,Marin,041,260295,16939,16748,397,17145,242
2021-09-21,Mariposa,043,17540,946,894,32,926,5
2021-09-21,Mendocino,045,87422,6815,6580,337,6917,68
2021-09-21,Merced,047,269075,38642,38225,1523,39748,539
2021-09-21,Modoc,049,8938,473,458,165,623,5
2021-09-21,Mono,051,14174,1527,1495,18,1513,3
2021-09-21,Monterey,053,433212,47445,46583,2591,49174,565
2021-09-21,Napa,055,140530,12353,12238,89,12327,95
2021-09-21,Nevada,057,99092,8379,8259,278,8537,84
2021-09-21,Orange,059,3164182,297259,293898,14096,307994,5357
2021-09-21,Placer,061,380077,34200,33609,3215,36824,365
2021-09-21,Plumas,063,18699,1277,1225,24,1249,5
2021-09-21,Riverside,065,2383286,347885,342460,15931,358391,4817
2021-09-21,Sacramento,067,1510023,148388,147378,3809,151187,2027
2021-09-21,San Benito,069,59416,6982,6950,144,7094,67
2021-09-21,San Bernardino,071,2135413,340533,337387,10604,347991,5520
2021-09-21,San Diego,073,3302833,354479,350265,20867,371132,4021
2021-09-21,San Francisco,075,870044,50355,49653,2162,51815,609
2021-09-21,San Joaquin,077,732212,94162,92762,5027,97789,1621
2021-09-21,San Luis Obispo,079,281455,27913,27318,1111,28429,314
2021-09-21,San Mateo,081,765935,52032,51136,790,51926,568
2021-09-21,Santa Barbara,083,443738,42145,41644,1479,43123,503
2021-09-21,Santa Clara,085,1922200,141062,139657,1113,140770,1843
2021-09-21,Santa Cruz,087,273765,19425,19140,974,20114,212
2021-09-21,Shasta,089,179085,18608,18027,3067,21094,258
2021-09-21,Sierra,091,2930,133,127,13,140,0
2021-09-21,Siskiyou,093,43540,3071,2927,1077,4004,36
2021-09-21,Solano,095,438530,44024,43220,1149,44369,311
2021-09-21,Sonoma,097,501317,39335,39042,490,39532,369
2021-09-21,Stanislaus,099,539301,72620,72211,8205,80416,1091
2021-09-21,Sutter,101,95872,13030,12930,257,13187,153
2021-09-21,Tehama,103,63373,7351,7151,1212,8363,85
2021-09-21,Trinity,105,12862,734,572,199,771,9
2021-09-21,Tulare,107,460477,62222,60607,12803,73410,896
2021-09-21,Tuolumne,109,53932,6230,6139,74,6213,89
2021-09-21,Ventura,111,848112,94766,93818,4139,97957,1120
2021-09-21,Yolo,113,214977,18602,18313,959,19272,239
2021-09-21,Yuba,115,75493,9270,9135,210,9345,61
2021-09-20,Alameda,001,1643700,114467,113637,2614,116251,1320
2021-09-20,Alpine,003,1148,99,100,0,100,0
2021-09-20,Amador,005,37829,5009,4883,51,4934,59
2021-09-20,Butte,007,227075,18736,18135,3329,21464,231
2021-09-20,Calaveras,009,45235,3498,3395,38,3433,66
2021-09-20,Colusa,011,21464,2401,2376,545,2921,16
2021-09-20,Contra Costa,013,1133247,94834,93919,1945,95864,924
2021-09-20,Del Norte,015,27424,3496,3374,29,3403,34
2021-09-20,El Dorado,017,186661,14831,14545,1523,16068,127
2021-09-20,Fresno,019,978130,127680,125287,11588,136875,1889
2021-09-20,Glenn,021,27897,3211,3112,921,4033,25
2021-09-20,Humboldt,023,135768,8106,7938,400,8338,80
2021-09-20,Imperial,025,180216,31441,31146,3009,34155,755
2021-09-20,Inyo,027,18085,1688,1641,34,1675,39
2021-09-20,Kern,029,883053,117398,115271,18258,133529,1459
2021-09-20,Kings,031,150075,29121,28471,1660,30131,285
2021-09-20,Lake,033,64148,6151,5984,121,6105,87
2021-09-20,Lassen,035,31185,6327,6132,275,6407,25
2021-09-20,Los Angeles,037,10098052,1395397,1382206,51766,1433972,25858
2021-09-20,Madera,039,155013,20769,20203,1671,21874,257
2021-09-20,Marin,041,260295,16914,16732,395,17127,242
2021-09-20,Mariposa,043,17540,935,887,32,919,5
2021-09-20,Mendocino,045,87422,6781,6568,331,6899,67
2021-09-20,Merced,047,269075,38531,38144,1512,39656,536
2021-09-20,Modoc,049,8938,472,457,163,620,5
2021-09-20,Mono,051,14174,1521,1480,18,1498,3
2021-09-20,Monterey,053,433212,47403,46506,2573,49079,565
2021-09-20,Napa,055,140530,12328,12209,88,12297,95
2021-09-20,Nevada,057,99092,8359,8228,276,8504,84
2021-09-20,Orange,059,3164182,296916,293642,14069,307711,5354
2021-09-20,Placer,061,380077,34110,33531,3200,36731,364
2021-09-20,Plumas,063,18699,1272,1211,24,1235,5
2021-09-20,Riverside,065,2383286,347385,341961,15918,357879,4802
2021-09-20,Sacramento,067,1510023,148015,147016,3775,150791,2016
2021-09-20,San Benito,069,59416,6973,6947,143,7090,67
2021-09-20,San Bernardino,071,2135413,340135,337059,10588,347647,5507
2021-09-20,San Diego,073,3302833,353807,349579,20830,370409,4009
2021-09-20,San Francisco,075,870044,50248,49559,2161,51720,605
2021-09-20,San Joaquin,077,732212,93918,92614,5014,97628,1615
2021-09-20,San Luis Obispo,079,281455,27837,27259,1103,28362,313
2021-09-20,San Mateo,081,765935,51945,51100,787,51887,567
2021-09-20,Santa Barbara,083,443738,42046,41589,1475,43064,500
2021-09-20,Santa Clara,085,1922200,140862,139578,1111,140689,1841
2021-09-20,Santa Cruz,087,273765,19393,19121,974,20095,211
2021-09-20,Shasta,089,179085,18509,17893,3036,20929,258
2021-09-20,Sierra,091,2930,131,126,13,139,0
2021-09-20,Siskiyou,093,43540,3049,2902,1064,3966,35
2021-09-20,Solano,095,438530,43956,43152,1141,44293,312
2021-09-20,Sonoma,097,501317,39289,38991,490,39481,369
2021-09-20,Stanislaus,099,539301,72421,72031,8186,80217,1091
2021-09-20,Sutter,101,95872,12994,12896,252,13148,153
2021-09-20,Tehama,103,63373,7319,7121,1200,8321,84
2021-09-20,Trinity,105,12862,728,568,198,766,7
2021-09-20,Tulare,107,460477,62020,60302,12748,73050,896
2021-09-20,Tuolumne,109,53932,6204,6113,74,6187,89
2021-09-20,Ventura,111,848112,94653,93700,4132,97832,1120
2021-09-20,Yolo,113,214977,18556,18287,957,19244,239
2021-09-20,Yuba,115,75493,9235,9107,208,9315,61
2021-09-19,Alameda,001,1643700,114253,113446,2609,116055,1320
2021-09-19,Alpine,003,1148,99,100,0,100,0
2021-09-19,Amador,005,37829,4969,4875,50,4925,59
2021-09-19,Butte,007,227075,18643,18063,3301,21364,230
2021-09-19,Calaveras,009,45235,3474,3390,35,3425,66
2021-09-19,Colusa,011,21464,2399,2375,543,2918,16
2021-09-19,Contra Costa,013,1133247,94648,93788,1935,95723,924
2021-09-19,Del Norte,015,27424,3470,3344,28,3372,34
2021-09-19,El Dorado,017,186661,14778,14512,1517,16029,127
2021-09-19,Fresno,019,978130,127274,124985,11543,136528,1888
2021-09-19,Glenn,021,27897,3202,3102,918,4020,25
2021-09-19,Humboldt,023,135768,8061,7914,398,8312,80
2021-09-19,Imperial,025,180216,31372,31122,3006,34128,755
2021-09-19,Inyo,027,18085,1679,1639,34,1673,39
2021-09-19,Kern,029,883053,117086,115074,18152,133226,1459
2021-09-19,Kings,031,150075,28994,28416,1651,30067,284
2021-09-19,Lake,033,64148,6120,5962,121,6083,87
2021-09-19,Lassen,035,31185,6307,6129,269,6398,25
2021-09-19,Los Angeles,037,10098052,1393421,1381200,51669,1432869,25852
2021-09-19,Madera,039,155013,20690,20161,1660,21821,257
2021-09-19,Marin,041,260295,16885,16711,393,17104,242
2021-09-19,Mariposa,043,17540,927,881,32,913,5
2021-09-19,Mendocino,045,87422,6736,6538,325,6863,67
2021-09-19,Merced,047,269075,38374,38068,1503,39571,535
2021-09-19,Modoc,049,8938,469,457,161,618,5
2021-09-19,Mono,051,14174,1516,1480,18,1498,3
2021-09-19,Monterey,053,433212,47348,46486,2570,49056,565
2021-09-19,Napa,055,140530,12307,12190,86,12276,95
2021-09-19,Nevada,057,99092,8331,8203,274,8477,84
2021-09-19,Orange,059,3164182,296548,293258,14047,307305,5354
2021-09-19,Placer,061,380077,33997,33406,3182,36588,364
2021-09-19,Plumas,063,18699,1264,1211,24,1235,5
2021-09-19,Riverside,065,2383286,346792,341566,15909,357475,4804
2021-09-19,Sacramento,067,1510023,147655,146603,3729,150332,2012
2021-09-19,San Benito,069,59416,6954,6942,143,7085,67
2021-09-19,San Bernardino,071,2135413,339645,336688,10577,347265,5506
2021-09-19,San Diego,073,3302833,353104,349225,20793,370018,4006
2021-09-19,San Francisco,075,870044,50140,49458,2152,51610,605
2021-09-19,San Joaquin,077,732212,93621,92467,5003,97470,1615
2021-09-19,San Luis Obispo,079,281455,27736,27208,1094,28302,313
2021-09-19,San Mateo,081,765935,51847,51028,786,51814,567
2021-09-19,Santa Barbara,083,443738,41940,41512,1475,42987,500
2021-09-19,Santa Clara,085,1922200,140675,139410,1106,140516,1841
2021-09-19,Santa Cruz,087,273765,19354,19096,974,20070,211
2021-09-19,Shasta,089,179085,18395,17813,3001,20814,258
2021-09-19,Sierra,091,2930,130,126,13,139,0
2021-09-19,Siskiyou,093,43540,3023,2882,1055,3937,35
2021-09-19,Solano,095,438530,43867,43056,1136,44192,312
2021-09-19,Sonoma,097,501317,39217,38956,486,39442,369
2021-09-19,Stanislaus,099,539301,72176,71830,8161,79991,1091
2021-09-19,Sutter,101,95872,12967,12868,245,13113,153
2021-09-19,Tehama,103,63373,7265,7081,1191,8272,84
2021-09-19,Trinity,105,12862,717,562,196,758,7
2021-09-19,Tulare,107,460477,61759,60160,12653,72813,896
2021-09-19,Tuolumne,109,53932,6163,6097,74,6171,89
2021-09-19,Ventura,111,848112,94491,93491,4123,97614,1120
2021-09-19,Yolo,113,214977,18507,18238,951,19189,239
2021-09-19,Yuba,115,75493,9209,9087,207,9294,61
2021-09-18,Alameda,001,1643700,114152,113300,2608,115908,1320
2021-09-18,Alpine,003,1148,99,100,0,100,0
2021-09-18,Amador,005,37829,4959,4850,50,4900,59
2021-09-18,Butte,007,227075,18605,17961,3286,21247,230
2021-09-18,Calaveras,009,45235,3469,3361,34,3395,66
2021-09-18,Colusa,011,21464,2399,2373,542,2915,16
2021-09-18,Contra Costa,013,1133247,94558,93656,1931,95587,924
2021-09-18,Del Norte,015,27424,3462,3326,26,3352,34
2021-09-18,El Dorado,017,186661,14755,14472,1514,15986,127
2021-09-18,Fresno,019,978130,127132,124771,11525,136296,1889
2021-09-18,Glenn,021,27897,3193,3086,915,4001,25
2021-09-18,Humboldt,023,135768,8047,7881,397,8278,80
2021-09-18,Imperial,025,180216,31348,31096,3005,34101,755
2021-09-18,Inyo,027,18085,1673,1636,34,1670,39
2021-09-18,Kern,029,883053,116931,114781,18088,132869,1459
2021-09-18,Kings,031,150075,28946,28330,1646,29976,285
2021-09-18,Lake,033,64148,6103,5936,121,6057,87
2021-09-18,Lassen,035,31185,6297,6121,267,6388,25
2021-09-18,Los Angeles,037,10098052,1392662,1379880,51618,1431498,25849
2021-09-18,Madera,039,155013,20646,20126,1650,21776,257
2021-09-18,Marin,041,260295,16868,16685,392,17077,242
2021-09-18,Mariposa,043,17540,924,871,32,903,5
2021-09-18,Mendocino,045,87422,6715,6523,325,6848,67
2021-09-18,Merced,047,269075,38337,37977,1497,39474,535
2021-09-18,Modoc,049,8938,469,457,160,617,5
2021-09-18,Mono,051,14174,1513,1480,18,1498,3
2021-09-18,Monterey,053,433212,47310,46466,2567,49033,565
2021-09-18,Napa,055,140530,12295,12168,86,12254,95
2021-09-18,Nevada,057,99092,8314,8183,274,8457,84
2021-09-18,Orange,059,3164182,296354,293005,14033,307038,5354
2021-09-18,Placer,061,380077,33925,33309,3179,36488,364
2021-09-18,Plumas,063,18699,1263,1204,24,1228,5
2021-09-18,Riverside,065,2383286,346408,341136,15894,357030,4802
2021-09-18,Sacramento,067,1510023,147473,146162,3720,149882,2016
2021-09-18,San Benito,069,59416,6950,6937,143,7080,67
2021-09-18,San Bernardino,071,2135413,339374,336380,10564,346944,5501
2021-09-18,San Diego,073,3302833,352713,348848,20780,369628,4006
2021-09-18,San Francisco,075,870044,50077,49359,2147,51506,605
2021-09-18,San Joaquin,077,732212,93511,92242,4991,97233,1615
2021-09-18,San Luis Obispo,079,281455,27699,27181,1091,28272,313
2021-09-18,San Mateo,081,765935,51796,50961,784,51745,567
2021-09-18,Santa Barbara,083,443738,41875,41465,1475,42940,500
2021-09-18,Santa Clara,085,1922200,140555,139233,1103,140336,1841
2021-09-18,Santa Cruz,087,273765,19334,19079,974,20053,211
2021-09-18,Shasta,089,179085,18332,17777,2985,20762,258
2021-09-18,Sierra,091,2930,129,125,13,138,0
2021-09-18,Siskiyou,093,43540,3020,2875,1049,3924,35
2021-09-18,Solano,095,438530,43827,42966,1133,44099,312
2021-09-18,Sonoma,097,501317,39182,38891,484,39375,369
2021-09-18,Stanislaus,099,539301,72031,71587,8137,79724,1091
2021-09-18,Sutter,101,95872,12953,12829,245,13074,153
2021-09-18,Tehama,103,63373,7251,7055,1184,8239,84
2021-09-18,Trinity,105,12862,715,561,196,757,7
2021-09-18,Tulare,107,460477,61683,60003,12601,72604,896
2021-09-18,Tuolumne,109,53932,6148,6069,74,6143,89
2021-09-18,Ventura,111,848112,94423,93424,4118,97542,1120
2021-09-18,Yolo,113,214977,18480,18213,946,19159,239
2021-09-18,Yuba,115,75493,9195,9061,206,9267,61
2021-09-17,Alameda,001,1643700,114026,113070,2606,115676,1320
2021-09-17,Alpine,003,1148,99,99,0,99,0
2021-09-17,Amador,005,37829,4943,4835,49,4884,58
2021-09-17,Butte,007,227075,18553,17870,3277,21147,230
2021-09-17,Calaveras,009,45235,3457,3338,33,3371,66
2021-09-17,Colusa,011,21464,2398,2369,537,2906,16
2021-09-17,Contra Costa,013,1133247,94456,93485,1928,95413,924
2021-09-17,Del Norte,015,27424,3457,3311,24,3335,34
2021-09-17,El Dorado,017,186661,14736,14421,1512,15933,127
2021-09-17,Fresno,019,978130,126913,124296,11509,135805,1882
2021-09-17,Glenn,021,27897,3176,3072,911,3983,25
2021-09-17,Humboldt,023,135768,8026,7850,397,8247,80
2021-09-17,Imperial,025,180216,31322,31031,3004,34035,755
2021-09-17,Inyo,027,18085,1665,1634,34,1668,39
2021-09-17,Kern,029,883053,116740,114303,17991,132294,1456
2021-09-17,Kings,031,150075,28881,28240,1644,29884,281
2021-09-17,Lake,033,64148,6090,5915,121,6036,87
2021-09-17,Lassen,035,31185,6282,6080,265,6345,25
2021-09-17,Los Angeles,037,10098052,1391684,1377905,51552,1429457,25820
2021-09-17,Madera,039,155013,20595,20040,1638,21678,257
2021-09-17,Marin,041,260295,16855,16658,390,17048,242
2021-09-17,Mariposa,043,17540,922,869,32,901,5
2021-09-17,Mendocino,045,87422,6696,6498,325,6823,67
2021-09-17,Merced,047,269075,38290,37803,1495,39298,533
2021-09-17,Modoc,049,8938,469,456,160,616,5
2021-09-17,Mono,051,14174,1509,1457,18,1475,3
2021-09-17,Monterey,053,433212,47287,46421,2566,48987,564
2021-09-17,Napa,055,140530,12274,12153,86,12239,95
2021-09-17,Nevada,057,99092,8299,8157,274,8431,84
2021-09-17,Orange,059,3164182,296135,292685,14015,306700,5346
2021-09-17,Placer,061,380077,33865,33188,3169,36357,362
2021-09-17,Plumas,063,18699,1254,1192,23,1215,5
2021-09-17,Riverside,065,2383286,346008,340445,15883,356328,4792
2021-09-17,Sacramento,067,1510023,147274,145985,3709,149694,1999
2021-09-17,San Benito,069,59416,6947,6929,143,7072,67
2021-09-17,San Bernardino,071,2135413,339016,335810,10557,346367,5488
2021-09-17,San Diego,073,3302833,352289,348098,20763,368861,4002
2021-09-17,San Francisco,075,870044,50025,49249,2142,51391,605
2021-09-17,San Joaquin,077,732212,93373,91977,4980,96957,1610
2021-09-17,San Luis Obispo,079,281455,27665,27102,1080,28182,311
2021-09-17,San Mateo,081,765935,51743,50854,783,51637,564
2021-09-17,Santa Barbara,083,443738,41812,41354,1474,42828,498
2021-09-17,Santa Clara,085,1922200,140406,138939,1101,140040,1838
2021-09-17,Santa Cruz,087,273765,19310,19039,974,20013,211
2021-09-17,Shasta,089,179085,18262,17617,2972,20589,254
2021-09-17,Sierra,091,2930,129,124,13,137,0
2021-09-17,Siskiyou,093,43540,3005,2852,1049,3901,35
2021-09-17,Solano,095,438530,43764,42898,1129,44027,312
2021-09-17,Sonoma,097,501317,39145,38808,483,39291,369
2021-09-17,Stanislaus,099,539301,71924,71408,8119,79527,1091
2021-09-17,Sutter,101,95872,12937,12799,242,13041,153
2021-09-17,Tehama,103,63373,7228,7020,1172,8192,84
2021-09-17,Trinity,105,12862,710,556,195,751,7
2021-09-17,Tulare,107,460477,61568,59689,12566,72255,895
2021-09-17,Tuolumne,109,53932,6129,6047,74,6121,89
2021-09-17,Ventura,111,848112,94311,93273,4116,97389,1116
2021-09-17,Yolo,113,214977,18449,18177,942,19119,239
2021-09-17,Yuba,115,75493,9168,9019,205,9224,61
2021-09-16,Alameda,001,1643700,113848,112770,2603,115373,1318
2021-09-16,Alpine,003,1148,99,99,0,99,0
2021-09-16,Amador,005,37829,4923,4819,49,4868,58
2021-09-16,Butte,007,227075,18478,17750,3261,21011,230
2021-09-16,Calaveras,009,45235,3426,3313,33,3346,66
2021-09-16,Colusa,011,21464,2396,2363,535,2898,16
2021-09-16,Contra Costa,013,1133247,94284,93213,1920,95133,917
2021-09-16,Del Norte,015,27424,3439,3285,24,3309,34
2021-09-16,El Dorado,017,186661,14695,14372,1504,15876,127
2021-09-16,Fresno,019,978130,126556,123853,11466,135319,1868
2021-09-16,Glenn,021,27897,3166,3068,909,3977,24
2021-09-16,Humboldt,023,135768,7992,7809,389,8198,80
2021-09-16,Imperial,025,180216,31279,30966,2996,33962,753
2021-09-16,Inyo,027,18085,1663,1623,34,1657,39
2021-09-16,Kern,029,883053,116469,113828,17923,131751,1448
2021-09-16,Kings,031,150075,28795,28114,1635,29749,280
2021-09-16,Lake,033,64148,6066,5890,118,6008,87
2021-09-16,Lassen,035,31185,6247,6028,260,6288,25
2021-09-16,Los Angeles,037,10098052,1390294,1376277,51487,1427764,25796
2021-09-16,Madera,039,155013,20517,19974,1632,21606,257
2021-09-16,Marin,041,260295,16828,16625,389,17014,242
2021-09-16,Mariposa,043,17540,916,849,32,881,6
2021-09-16,Mendocino,045,87422,6658,6445,314,6759,67
2021-09-16,Merced,047,269075,38183,37675,1492,39167,532
2021-09-16,Modoc,049,8938,467,455,160,615,5
2021-09-16,Mono,051,14174,1503,1449,18,1467,3
2021-09-16,Monterey,053,433212,47233,46342,2560,48902,562
2021-09-16,Napa,055,140530,12249,12115,82,12197,95
2021-09-16,Nevada,057,99092,8272,8121,273,8394,84
2021-09-16,Orange,059,3164182,295789,292183,13995,306178,5340
2021-09-16,Placer,061,380077,33769,33037,3149,36186,354
2021-09-16,Plumas,063,18699,1245,1178,23,1201,5
2021-09-16,Riverside,065,2383286,345477,339770,15869,355639,4786
2021-09-16,Sacramento,067,1510023,146918,145754,3677,149431,1996
2021-09-16,San Benito,069,59416,6935,6913,142,7055,67
2021-09-16,San Bernardino,071,2135413,338590,335129,10550,345679,5474
2021-09-16,San Diego,073,3302833,351675,347472,20724,368196,3994
2021-09-16,San Francisco,075,870044,49939,49133,2133,51266,605
2021-09-16,San Joaquin,077,732212,93135,91650,4936,96586,1608
2021-09-16,San Luis Obispo,079,281455,27592,27044,1076,28120,310
2021-09-16,San Mateo,081,765935,51666,50773,781,51554,564
2021-09-16,Santa Barbara,083,443738,41746,41272,1471,42743,497
2021-09-16,Santa Clara,085,1922200,140252,138685,1097,139782,1835
2021-09-16,Santa Cruz,087,273765,19283,19011,974,19985,211
2021-09-16,Shasta,089,179085,18137,17438,2938,20376,251
2021-09-16,Sierra,091,2930,129,123,13,136,0
2021-09-16,Siskiyou,093,43540,2985,2819,1042,3861,35
2021-09-16,Solano,095,438530,43692,42792,1120,43912,312
2021-09-16,Sonoma,097,501317,39082,38707,482,39189,369
2021-09-16,Stanislaus,099,539301,71691,71105,8102,79207,1091
2021-09-16,Sutter,101,95872,12893,12729,236,12965,152
2021-09-16,Tehama,103,63373,7188,6953,1161,8114,83
2021-09-16,Trinity,105,12862,707,547,194,741,7
2021-09-16,Tulare,107,460477,61346,59459,12491,71950,894
2021-09-16,Tuolumne,109,53932,6109,5999,73,6072,89
2021-09-16,Ventura,111,848112,94171,93087,4112,97199,1110
2021-09-16,Yolo,113,214977,18417,18135,940,19075,239
2021-09-16,Yuba,115,75493,9134,8981,202,9183,61
2021-09-15,Alameda,001,1643700,113682,112498,2596,115094,1317
2021-09-15,Alpine,003,1148,99,99,0,99,0
2021-09-15,Amador,005,37829,4915,4792,49,4841,58
2021-09-15,Butte,007,227075,18379,17664,3242,20906,228
2021-09-15,Calaveras,009,45235,3397,3293,31,3324,66
2021-09-15,Colusa,011,21464,2394,2352,532,2884,16
2021-09-15,Contra Costa,013,1133247,94104,92989,1908,94897,913
2021-09-15,Del Norte,015,27424,3426,3271,22,3293,34
2021-09-15,El Dorado,017,186661,14669,14309,1495,15804,127
2021-09-15,Fresno,019,978130,126177,123370,11408,134778,1867
2021-09-15,Glenn,021,27897,3154,3051,904,3955,20
2021-09-15,Humboldt,023,135768,7957,7754,384,8138,52
2021-09-15,Imperial,025,180216,31224,30891,2991,33882,753
2021-09-15,Inyo,027,18085,1659,1614,34,1648,39
2021-09-15,Kern,029,883053,116122,113546,17824,131370,1434
2021-09-15,Kings,031,150075,28716,27991,1626,29617,279
2021-09-15,Lake,033,64148,6034,5852,117,5969,85
2021-09-15,Lassen,035,31185,6187,6018,255,6273,25
2021-09-15,Los Angeles,037,10098052,1388793,1374307,51418,1425725,25767
2021-09-15,Madera,039,155013,20442,19880,1624,21504,257
2021-09-15,Marin,041,260295,16793,16592,384,16976,242
2021-09-15,Mariposa,043,17540,904,843,32,875,5
2021-09-15,Mendocino,045,87422,6628,6399,309,6708,66
2021-09-15,Merced,047,269075,38075,37508,1490,38998,529
2021-09-15,Modoc,049,8938,467,454,160,614,5
2021-09-15,Mono,051,14174,1497,1445,18,1463,3
2021-09-15,Monterey,053,433212,47163,46317,2548,48865,562
2021-09-15,Napa,055,140530,12228,12082,82,12164,95
2021-09-15,Nevada,057,99092,8250,8081,270,8351,84
2021-09-15,Orange,059,3164182,295465,291834,13976,305810,5328
2021-09-15,Placer,061,380077,33657,32860,3128,35988,352
2021-09-15,Plumas,063,18699,1240,1164,22,1186,5
2021-09-15,Riverside,065,2383286,344894,339077,15845,354922,4769
2021-09-15,Sacramento,067,1510023,146491,145202,3646,148848,1981
2021-09-15,San Benito,069,59416,6932,6902,142,7044,67
2021-09-15,San Bernardino,071,2135413,338126,334556,10536,345092,5470
2021-09-15,San Diego,073,3302833,351056,346933,20696,367629,3983
2021-09-15,San Francisco,075,870044,49828,48999,2128,51127,605
2021-09-15,San Joaquin,077,732212,92859,91322,4896,96218,1607
2021-09-15,San Luis Obispo,079,281455,27509,26943,1070,28013,306
2021-09-15,San Mateo,081,765935,51584,50691,778,51469,564
2021-09-15,Santa Barbara,083,443738,41643,41077,1466,42543,497
2021-09-15,Santa Clara,085,1922200,140078,138410,1092,139502,1833
2021-09-15,Santa Cruz,087,273765,19245,18984,972,19956,210
2021-09-15,Shasta,089,179085,18026,17317,2917,20234,250
2021-09-15,Sierra,091,2930,129,123,13,136,0
2021-09-15,Siskiyou,093,43540,2965,2804,1012,3816,35
2021-09-15,Solano,095,438530,43620,42682,1115,43797,312
2021-09-15,Sonoma,097,501317,39024,38629,481,39110,369
2021-09-15,Stanislaus,099,539301,71467,70852,8080,78932,1091
2021-09-15,Sutter,101,95872,12860,12699,231,12930,151
2021-09-15,Tehama,103,63373,7147,6894,1152,8046,79
2021-09-15,Trinity,105,12862,705,541,192,733,7
2021-09-15,Tulare,107,460477,61087,59149,12430,71579,890
2021-09-15,Tuolumne,109,53932,6083,5969,73,6042,89
2021-09-15,Ventura,111,848112,94028,92960,4105,97065,1109
2021-09-15,Yolo,113,214977,18383,18064,933,18997,239
2021-09-15,Yuba,115,75493,9100,8953,202,9155,61
2021-09-14,Alameda,001,1643700,113476,112329,2591,114920,1316
2021-09-14,Alpine,003,1148,99,98,0,98,0
2021-09-14,Amador,005,37829,4895,4790,49,4839,57
2021-09-14,Butte,007,227075,18244,17516,3219,20735,226
2021-09-14,Calaveras,009,45235,3377,3280,28,3308,66
2021-09-14,Colusa,011,21464,2390,2344,528,2872,16
2021-09-14,Contra Costa,013,1133247,93906,92822,1900,94722,908
2021-09-14,Del Norte,015,27424,3410,3252,21,3273,32
2021-09-14,El Dorado,017,186661,14616,14247,1487,15734,123
2021-09-14,Fresno,019,978130,125702,123151,11355,134506,1856
2021-09-14,Glenn,021,27897,3137,3045,900,3945,20
2021-09-14,Humboldt,023,135768,7923,7717,379,8096,52
2021-09-14,Imperial,025,180216,31175,30845,2988,33833,752
2021-09-14,Inyo,027,18085,1650,1605,33,1638,39
2021-09-14,Kern,029,883053,115739,113250,17698,130948,1428
2021-09-14,Kings,031,150075,28640,27955,1618,29573,278
2021-09-14,Lake,033,64148,6002,5845,117,5962,83
2021-09-14,Lassen,035,31185,6173,5977,250,6227,25
2021-09-14,Los Angeles,037,10098052,1386955,1372831,51336,1424167,25729
2021-09-14,Madera,039,155013,20360,19800,1613,21413,254
2021-09-14,Marin,041,260295,16765,16584,382,16966,242
2021-09-14,Mariposa,043,17540,893,834,31,865,5
2021-09-14,Mendocino,045,87422,6592,6372,297,6669,65
2021-09-14,Merced,047,269075,37925,37430,1486,38916,526
2021-09-14,Modoc,049,8938,466,453,160,613,5
2021-09-14,Mono,051,14174,1493,1440,18,1458,4
2021-09-14,Monterey,053,433212,47122,46224,2536,48760,558
2021-09-14,Napa,055,140530,12195,12070,81,12151,91
2021-09-14,Nevada,057,99092,8216,8056,270,8326,83
2021-09-14,Orange,059,3164182,295072,291423,13952,305375,5319
2021-09-14,Placer,061,380077,33525,32735,3108,35843,350
2021-09-14,Plumas,063,18699,1225,1148,22,1170,5
2021-09-14,Riverside,065,2383286,344253,338534,15814,354348,4748
2021-09-14,Sacramento,067,1510023,146106,145051,3598,148649,1977
2021-09-14,San Benito,069,59416,6922,6887,142,7029,64
2021-09-14,San Bernardino,071,2135413,337628,333968,10511,344479,5465
2021-09-14,San Diego,073,3302833,350396,346204,20645,366849,3966
2021-09-14,San Francisco,075,870044,49694,48998,2126,51124,603
2021-09-14,San Joaquin,077,732212,92620,91128,4886,96014,1596
2021-09-14,San Luis Obispo,079,281455,27436,26845,1065,27910,304
2021-09-14,San Mateo,081,765935,51486,50602,775,51377,564
2021-09-14,Santa Barbara,083,443738,41547,40783,1457,42240,495
2021-09-14,Santa Clara,085,1922200,139843,138321,1089,139410,1828
2021-09-14,Santa Cruz,087,273765,19205,18965,970,19935,210
2021-09-14,Shasta,089,179085,17895,17152,2896,20048,246
2021-09-14,Sierra,091,2930,129,123,13,136,0
2021-09-14,Siskiyou,093,43540,2941,2756,995,3751,35
2021-09-14,Solano,095,438530,43537,42599,1112,43711,307
2021-09-14,Sonoma,097,501317,38955,38595,477,39072,369
2021-09-14,Stanislaus,099,539301,71208,70697,8052,78749,1091
2021-09-14,Sutter,101,95872,12818,12670,224,12894,149
2021-09-14,Tehama,103,63373,7093,6859,1144,8003,80
2021-09-14,Trinity,105,12862,699,538,191,729,7
2021-09-14,Tulare,107,460477,60833,58961,12358,71319,888
2021-09-14,Tuolumne,109,53932,6062,5951,71,6022,89
2021-09-14,Ventura,111,848112,93843,92841,4088,96929,1107
2021-09-14,Yolo,113,214977,18339,18039,928,18967,239
2021-09-14,Yuba,115,75493,9064,8928,202,9130,61
2021-09-13,Alameda,001,1643700,113262,112159,2586,114745,1309
2021-09-13,Alpine,003,1148,98,98,0,98,0
2021-09-13,Amador,005,37829,4877,4761,49,4810,56
2021-09-13,Butte,007,227075,18119,17393,3191,20584,225
2021-09-13,Calaveras,009,45235,3351,3253,27,3280,65
2021-09-13,Colusa,011,21464,2381,2346,524,2870,16
2021-09-13,Contra Costa,013,1133247,93660,92658,1895,94553,908
2021-09-13,Del Norte,015,27424,3374,3232,21,3253,28
2021-09-13,El Dorado,017,186661,14555,14194,1479,15673,119
2021-09-13,Fresno,019,978130,125235,122650,11289,133939,1853
2021-09-13,Glenn,021,27897,3123,3026,894,3920,20
2021-09-13,Humboldt,023,135768,7891,7659,376,8035,52
2021-09-13,Imperial,025,180216,31122,30802,2985,33787,751
2021-09-13,Inyo,027,18085,1643,1602,33,1635,39
2021-09-13,Kern,029,883053,115356,112930,17576,130506,1424
2021-09-13,Kings,031,150075,28530,27858,1606,29464,275
2021-09-13,Lake,033,64148,5980,5809,117,5926,82
2021-09-13,Lassen,035,31185,6138,5953,249,6202,25
2021-09-13,Los Angeles,037,10098052,1385091,1371423,51268,1422691,25703
2021-09-13,Madera,039,155013,20290,19735,1598,21333,252
2021-09-13,Marin,041,260295,16729,16557,381,16938,242
2021-09-13,Mariposa,043,17540,879,825,31,856,5
2021-09-13,Mendocino,045,87422,6557,6323,288,6611,61
2021-09-13,Merced,047,269075,37775,37291,1481,38772,521
2021-09-13,Modoc,049,8938,465,451,160,611,5
2021-09-13,Mono,051,14174,1487,1435,18,1453,3
2021-09-13,Monterey,053,433212,47031,46188,2523,48711,558
2021-09-13,Napa,055,140530,12177,12039,81,12120,91
2021-09-13,Nevada,057,99092,8190,8021,268,8289,83
2021-09-13,Orange,059,3164182,294640,291128,13931,305059,5312
2021-09-13,Placer,061,380077,33360,32617,3091,35708,343
2021-09-13,Plumas,063,18699,1216,1142,22,1164,5
2021-09-13,Riverside,065,2383286,343608,337876,15796,353672,4731
2021-09-13,Sacramento,067,1510023,145619,144537,3564,148101,1956
2021-09-13,San Benito,069,59416,6907,6867,141,7008,64
2021-09-13,San Bernardino,071,2135413,337137,333613,10486,344099,5441
2021-09-13,San Diego,073,3302833,349609,345647,20593,366240,3961
2021-09-13,San Francisco,075,870044,49565,48914,2120,51034,603
2021-09-13,San Joaquin,077,732212,92335,90966,4868,95834,1581
2021-09-13,San Luis Obispo,079,281455,27339,26805,1062,27867,300
2021-09-13,San Mateo,081,765935,51394,50525,770,51295,564
2021-09-13,Santa Barbara,083,443738,41428,40661,1450,42111,494
2021-09-13,Santa Clara,085,1922200,139597,138152,1084,139236,1820
2021-09-13,Santa Cruz,087,273765,19165,18917,969,19886,210
2021-09-13,Shasta,089,179085,17765,17033,2855,19888,243
2021-09-13,Sierra,091,2930,129,123,13,136,0
2021-09-13,Siskiyou,093,43540,2926,2745,983,3728,35
2021-09-13,Solano,095,438530,43433,42501,1109,43610,306
2021-09-13,Sonoma,097,501317,38888,38513,474,38987,368
2021-09-13,Stanislaus,099,539301,70954,70477,8016,78493,1091
2021-09-13,Sutter,101,95872,12760,12624,220,12844,145
2021-09-13,Tehama,103,63373,7030,6803,1132,7935,79
2021-09-13,Trinity,105,12862,697,533,189,722,7
2021-09-13,Tulare,107,460477,60549,58768,12298,71066,887
2021-09-13,Tuolumne,109,53932,6031,5909,71,5980,89
2021-09-13,Ventura,111,848112,93681,92679,4080,96759,1107
2021-09-13,Yolo,113,214977,18294,17974,922,18896,239
2021-09-13,Yuba,115,75493,9019,8884,201,9085,61
2021-09-12,Alameda,001,1643700,112999,111961,2583,114544,1309
2021-09-12,Alpine,003,1148,98,98,0,98,0
2021-09-12,Amador,005,37829,4856,4752,49,4801,56
2021-09-12,Butte,007,227075,17973,17257,3145,20402,221
2021-09-12,Calaveras,009,45235,3320,3236,23,3259,65
2021-09-12,Colusa,011,21464,2378,2344,523,2867,16
2021-09-12,Contra Costa,013,1133247,93392,92498,1883,94381,908
2021-09-12,Del Norte,015,27424,3339,3200,21,3221,28
2021-09-12,El Dorado,017,186661,14482,14167,1463,15630,119
2021-09-12,Fresno,019,978130,124716,122407,11232,133639,1853
2021-09-12,Glenn,021,27897,3106,3016,889,3905,20
2021-09-12,Humboldt,023,135768,7821,7636,365,8001,52
2021-09-12,Imperial,025,180216,31059,30790,2980,33770,751
2021-09-12,Inyo,027,18085,1633,1596,31,1627,39
2021-09-12,Kern,029,883053,114944,112602,17417,130019,1424
2021-09-12,Kings,031,150075,28419,27764,1589,29353,274
2021-09-12,Lake,033,64148,5940,5781,115,5896,82
2021-09-12,Lassen,035,31185,6101,5943,239,6182,25
2021-09-12,Los Angeles,037,10098052,1383034,1365968,51193,1417161,25630
2021-09-12,Madera,039,155013,20203,19691,1585,21276,252
2021-09-12,Marin,041,260295,16706,16526,381,16907,242
2021-09-12,Mariposa,043,17540,868,811,29,840,5
2021-09-12,Mendocino,045,87422,6517,6283,279,6562,61
2021-09-12,Merced,047,269075,37603,37172,1470,38642,521
2021-09-12,Modoc,049,8938,465,451,159,610,5
2021-09-12,Mono,051,14174,1480,1431,18,1449,3
2021-09-12,Monterey,053,433212,46932,46167,2513,48680,558
2021-09-12,Napa,055,140530,12147,12011,81,12092,91
2021-09-12,Nevada,057,99092,8150,7987,267,8254,83
2021-09-12,Orange,059,3164182,294176,290718,13910,304628,5312
2021-09-12,Placer,061,380077,33211,32520,3067,35587,343
2021-09-12,Plumas,063,18699,1197,1138,22,1160,5
2021-09-12,Riverside,065,2383286,342924,337332,15762,353094,4731
2021-09-12,Sacramento,067,1510023,145113,144030,3524,147554,1959
2021-09-12,San Benito,069,59416,6888,6852,140,6992,64
2021-09-12,San Bernardino,071,2135413,336522,333049,10473,343522,5439
2021-09-12,San Diego,073,3302833,348799,345058,20517,365575,3942
2021-09-12,San Francisco,075,870044,49454,48819,2113,50932,603
2021-09-12,San Joaquin,077,732212,92006,90730,4860,95590,1581
2021-09-12,San Luis Obispo,079,281455,27220,26729,1049,27778,299
2021-09-12,San Mateo,081,765935,51284,50432,766,51198,564
2021-09-12,Santa Barbara,083,443738,41316,40600,1443,42043,494
2021-09-12,Santa Clara,085,1922200,139340,137899,1081,138980,1820
2021-09-12,Santa Cruz,087,273765,19132,18892,968,19860,210
2021-09-12,Shasta,089,179085,17600,16957,2797,19754,243
2021-09-12,Sierra,091,2930,129,123,13,136,0
2021-09-12,Siskiyou,093,43540,2898,2730,968,3698,35
2021-09-12,Solano,095,438530,43327,42409,1104,43513,306
2021-09-12,Sonoma,097,501317,38808,38456,472,38928,368
2021-09-12,Stanislaus,099,539301,70655,70184,7977,78161,1091
2021-09-12,Sutter,101,95872,12718,12589,214,12803,145
2021-09-12,Tehama,103,63373,6966,6732,1120,7852,79
2021-09-12,Trinity,105,12862,693,529,187,716,7
2021-09-12,Tulare,107,460477,60196,58582,12238,70820,887
2021-09-12,Tuolumne,109,53932,5998,5888,71,5959,89
2021-09-12,Ventura,111,848112,93554,92496,4074,96570,1107
2021-09-12,Yolo,113,214977,18228,17943,914,18857,239
2021-09-12,Yuba,115,75493,8984,8842,201,9043,61
2021-09-11,Alameda,001,1643700,112875,111715,2581,114296,1309
2021-09-11,Alpine,003,1148,98,98,0,98,0
2021-09-11,Amador,005,37829,4843,4728,48,4776,56
2021-09-11,Butte,007,227075,17891,17218,3118,20336,221
2021-09-11,Calaveras,009,45235,3312,3208,22,3230,65
2021-09-11,Colusa,011,21464,2377,2338,520,2858,16
2021-09-11,Contra Costa,013,1133247,93273,92269,1878,94147,908
2021-09-11,Del Norte,015,27424,3323,3184,21,3205,28
2021-09-11,El Dorado,017,186661,14463,14117,1457,15574,119
2021-09-11,Fresno,019,978130,124537,122224,11207,133431,1853
2021-09-11,Glenn,021,27897,3096,3007,886,3893,20
2021-09-11,Humboldt,023,135768,7799,7615,362,7977,52
2021-09-11,Imperial,025,180216,31034,30760,2976,33736,751
2021-09-11,Inyo,027,18085,1630,1590,31,1621,39
2021-09-11,Kern,029,883053,114694,112205,17301,129506,1424
2021-09-11,Kings,031,150075,28370,27631,1583,29214,275
2021-09-11,Lake,033,64148,5919,5761,115,5876,82
2021-09-11,Lassen,035,31185,6086,5930,235,6165,25
2021-09-11,Los Angeles,037,10098052,1382068,1365831,51128,1416959,25630
2021-09-11,Madera,039,155013,20150,19648,1580,21228,252
2021-09-11,Marin,041,260295,16678,16496,380,16876,242
2021-09-11,Mariposa,043,17540,863,799,29,828,5
2021-09-11,Mendocino,045,87422,6493,6257,279,6536,61
2021-09-11,Merced,047,269075,37549,37042,1467,38509,521
2021-09-11,Modoc,049,8938,465,449,159,608,5
2021-09-11,Mono,051,14174,1474,1431,18,1449,3
2021-09-11,Monterey,053,433212,46895,46140,2510,48650,558
2021-09-11,Napa,055,140530,12124,11991,81,12072,91
2021-09-11,Nevada,057,99092,8135,7967,267,8234,83
2021-09-11,Orange,059,3164182,293874,290429,13894,304323,5306
2021-09-11,Placer,061,380077,33128,32414,3056,35470,344
2021-09-11,Plumas,063,18699,1190,1112,22,1134,5
2021-09-11,Riverside,065,2383286,342486,336585,15748,352333,4731
2021-09-11,Sacramento,067,1510023,144812,143557,3512,147069,1955
2021-09-11,San Benito,069,59416,6875,6844,140,6984,64
2021-09-11,San Bernardino,071,2135413,336179,332512,10459,342971,5430
2021-09-11,San Diego,073,3302833,348315,344355,20493,364848,3942
2021-09-11,San Francisco,075,870044,49399,48660,2108,50768,603
2021-09-11,San Joaquin,077,732212,91863,90482,4853,95335,1581
2021-09-11,San Luis Obispo,079,281455,27174,26651,1048,27699,299
2021-09-11,San Mateo,081,765935,51212,50341,765,51106,564
2021-09-11,Santa Barbara,083,443738,41243,40451,1443,41894,494
2021-09-11,Santa Clara,085,1922200,139188,137659,1078,138737,1820
2021-09-11,Santa Cruz,087,273765,19103,18865,968,19833,210
2021-09-11,Shasta,089,179085,17506,16877,2777,19654,243
2021-09-11,Sierra,091,2930,129,123,13,136,0
2021-09-11,Siskiyou,093,43540,2881,2717,965,3682,35
2021-09-11,Solano,095,438530,43276,42344,1101,43445,306
2021-09-11,Sonoma,097,501317,38761,38399,470,38869,368
2021-09-11,Stanislaus,099,539301,70530,69974,7964,77938,1091
2021-09-11,Sutter,101,95872,12692,12538,211,12749,145
2021-09-11,Tehama,103,63373,6945,6703,1112,7815,79
2021-09-11,Trinity,105,12862,686,526,187,713,7
2021-09-11,Tulare,107,460477,60084,58321,12191,70512,889
2021-09-11,Tuolumne,109,53932,5979,5879,68,5947,89
2021-09-11,Ventura,111,848112,93472,92328,4069,96397,1107
2021-09-11,Yolo,113,214977,18204,17906,909,18815,239
2021-09-11,Yuba,115,75493,8959,8813,201,9014,61
2021-09-10,Alameda,001,1643700,112685,111386,2580,113966,1306
2021-09-10,Alpine,003,1148,97,97,0,97,0
2021-09-10,Amador,005,37829,4831,4706,48,4754,56
2021-09-10,Butte,007,227075,17816,17051,3100,20151,222
2021-09-10,Calaveras,009,45235,3304,3183,22,3205,65
2021-09-10,Colusa,011,21464,2373,2327,517,2844,16
2021-09-10,Contra Costa,013,1133247,93150,92024,1876,93900,908
2021-09-10,Del Norte,015,27424,3308,3128,20,3148,28
2021-09-10,El Dorado,017,186661,14433,14051,1453,15504,119
2021-09-10,Fresno,019,978130,124214,121659,11177,132836,1846
2021-09-10,Glenn,021,27897,3089,2977,885,3862,20
2021-09-10,Humboldt,023,135768,7767,7543,358,7901,52
2021-09-10,Imperial,025,180216,31011,30716,2974,33690,751
2021-09-10,Inyo,027,18085,1626,1590,31,1621,39
2021-09-10,Kern,029,883053,114440,111832,17185,129017,1419
2021-09-10,Kings,031,150075,28296,27473,1574,29047,274
2021-09-10,Lake,033,64148,5903,5713,113,5826,79
2021-09-10,Lassen,035,31185,6078,5914,232,6146,25
2021-09-10,Los Angeles,037,10098052,1380860,1365709,51061,1416770,25630
2021-09-10,Madera,039,155013,20104,19520,1573,21093,252
2021-09-10,Marin,041,260295,16658,16458,377,16835,242
2021-09-10,Mariposa,043,17540,858,795,29,824,5
2021-09-10,Mendocino,045,87422,6461,6184,278,6462,61
2021-09-10,Merced,047,269075,37497,36884,1466,38350,521
2021-09-10,Modoc,049,8938,465,448,159,607,5
2021-09-10,Mono,051,14174,1469,1422,18,1440,3
2021-09-10,Monterey,053,433212,46851,46084,2508,48592,557
2021-09-10,Napa,055,140530,12099,11948,81,12029,90
2021-09-10,Nevada,057,99092,8117,7932,266,8198,83
2021-09-10,Orange,059,3164182,293566,290022,13884,303906,5302
2021-09-10,Placer,061,380077,33026,32264,3043,35307,343
2021-09-10,Plumas,063,18699,1182,1111,22,1133,5
2021-09-10,Riverside,065,2383286,342013,335988,15741,351729,4720
2021-09-10,Sacramento,067,1510023,144469,143244,3504,146748,1950
2021-09-10,San Benito,069,59416,6871,6824,140,6964,64
2021-09-10,San Bernardino,071,2135413,335760,331894,10450,342344,5422
2021-09-10,San Diego,073,3302833,347768,343173,20456,363629,3941
2021-09-10,San Francisco,075,870044,49320,48518,2101,50619,602
2021-09-10,San Joaquin,077,732212,91683,90208,4847,95055,1573
2021-09-10,San Luis Obispo,079,281455,27141,26526,1046,27572,299
2021-09-10,San Mateo,081,765935,51145,50251,764,51015,564
2021-09-10,Santa Barbara,083,443738,41190,40321,1440,41761,492
2021-09-10,Santa Clara,085,1922200,139004,137337,1077,138414,1817
2021-09-10,Santa Cruz,087,273765,19084,18785,967,19752,210
2021-09-10,Shasta,089,179085,17412,16667,2749,19416,242
2021-09-10,Sierra,091,2930,129,117,13,130,0
2021-09-10,Siskiyou,093,43540,2869,2702,961,3663,35
2021-09-10,Solano,095,438530,43202,42230,1094,43324,305
2021-09-10,Sonoma,097,501317,38703,38271,469,38740,368
2021-09-10,Stanislaus,099,539301,70374,69617,7940,77557,1091
2021-09-10,Sutter,101,95872,12658,12468,211,12679,145
2021-09-10,Tehama,103,63373,6912,6652,1106,7758,77
2021-09-10,Trinity,105,12862,682,524,187,711,7
2021-09-10,Tulare,107,460477,59936,57930,12144,70074,883
2021-09-10,Tuolumne,109,53932,5960,5842,67,5909,89
2021-09-10,Ventura,111,848112,93375,92145,4065,96210,1104
2021-09-10,Yolo,113,214977,18179,17825,904,18729,239
2021-09-10,Yuba,115,75493,8940,8760,200,8960,62
2021-09-09,Alameda,001,1643700,112466,111014,2576,113590,1306
2021-09-09,Alpine,003,1148,97,94,0,94,0
2021-09-09,Amador,005,37829,4810,4698,47,4745,56
2021-09-09,Butte,007,227075,17669,16874,3072,19946,221
2021-09-09,Calaveras,009,45235,3270,3165,22,3187,65
2021-09-09,Colusa,011,21464,2366,2321,516,2837,16
2021-09-09,Contra Costa,013,1133247,92940,91687,1871,93558,904
2021-09-09,Del Norte,015,27424,3285,3102,20,3122,28
2021-09-09,El Dorado,017,186661,14376,13970,1443,15413,119
2021-09-09,Fresno,019,978130,123738,121040,11131,132171,1838
2021-09-09,Glenn,021,27897,3077,2947,881,3828,20
2021-09-09,Humboldt,023,135768,7717,7471,352,7823,52
2021-09-09,Imperial,025,180216,30973,30661,2971,33632,751
2021-09-09,Inyo,027,18085,1619,1586,31,1617,39
2021-09-09,Kern,029,883053,114093,111390,17028,128418,1414
2021-09-09,Kings,031,150075,28195,27282,1563,28845,273
2021-09-09,Lake,033,64148,5879,5638,111,5749,79
2021-09-09,Lassen,035,31185,6028,5860,226,6086,25
2021-09-09,Los Angeles,037,10098052,1378994,1363735,50987,1414722,25583
2021-09-09,Madera,039,155013,20031,19401,1560,20961,252
2021-09-09,Marin,041,260295,16635,16416,374,16790,242
2021-09-09,Mariposa,043,17540,845,779,28,807,5
2021-09-09,Mendocino,045,87422,6427,6089,269,6358,61
2021-09-09,Merced,047,269075,37343,36634,1453,38087,516
2021-09-09,Modoc,049,8938,465,448,159,607,5
2021-09-09,Mono,051,14174,1459,1420,18,1438,3
2021-09-09,Monterey,053,433212,46797,45991,2497,48488,556
2021-09-09,Napa,055,140530,12067,11878,81,11959,90
2021-09-09,Nevada,057,99092,8079,7855,266,8121,82
2021-09-09,Orange,059,3164182,293157,289109,13853,302962,5299
2021-09-09,Placer,061,380077,32908,32048,3028,35076,342
2021-09-09,Plumas,063,18699,1171,1098,22,1120,5
2021-09-09,Riverside,065,2383286,341374,334774,15723,350497,4701
2021-09-09,Sacramento,067,1510023,143989,142728,3458,146186,1929
2021-09-09,San Benito,069,59416,6861,6820,139,6959,64
2021-09-09,San Bernardino,071,2135413,335193,331040,10437,341477,5417
2021-09-09,San Diego,073,3302833,347054,342149,20399,362548,3929
2021-09-09,San Francisco,075,870044,49206,48404,2092,50496,597
2021-09-09,San Joaquin,077,732212,91410,89874,4829,94703,1570
2021-09-09,San Luis Obispo,079,281455,27059,26472,1043,27515,296
2021-09-09,San Mateo,081,765935,51023,50143,761,50904,561
2021-09-09,Santa Barbara,083,443738,41084,40180,1436,41616,490
2021-09-09,Santa Clara,085,1922200,138781,137017,1072,138089,1816
2021-09-09,Santa Cruz,087,273765,19038,18728,967,19695,210
2021-09-09,Shasta,089,179085,17266,16401,2707,19108,238
2021-09-09,Sierra,091,2930,129,115,13,128,0
2021-09-09,Siskiyou,093,43540,2846,2683,947,3630,35
2021-09-09,Solano,095,438530,43086,42081,1090,43171,303
2021-09-09,Sonoma,097,501317,38635,38171,468,38639,360
2021-09-09,Stanislaus,099,539301,70095,69178,7907,77085,1074
2021-09-09,Sutter,101,95872,12603,12396,209,12605,144
2021-09-09,Tehama,103,63373,6858,6554,1101,7655,75
2021-09-09,Trinity,105,12862,676,523,185,708,6
2021-09-09,Tulare,107,460477,59694,57564,12085,69649,879
2021-09-09,Tuolumne,109,53932,5932,5802,66,5868,89
2021-09-09,Ventura,111,848112,93230,91610,4056,95666,1098
2021-09-09,Yolo,113,214977,18121,17724,901,18625,239
2021-09-09,Yuba,115,75493,8895,8707,197,8904,55
2021-09-08,Alameda,001,1643700,112221,110781,2573,113354,1305
2021-09-08,Alpine,003,1148,97,94,0,94,0
2021-09-08,Amador,005,37829,4798,4693,47,4740,56
2021-09-08,Butte,007,227075,17535,16775,3054,19829,220
2021-09-08,Calaveras,009,45235,3252,3157,22,3179,63
2021-09-08,Colusa,011,21464,2364,2308,516,2824,16
2021-09-08,Contra Costa,013,1133247,92660,91471,1866,93337,900
2021-09-08,Del Norte,015,27424,3262,3085,20,3105,25
2021-09-08,El Dorado,017,186661,14296,13928,1422,15350,119
2021-09-08,Fresno,019,978130,123240,120644,11066,131710,1831
2021-09-08,Glenn,021,27897,3062,2942,872,3814,20
2021-09-08,Humboldt,023,135768,7673,7438,344,7782,52
2021-09-08,Imperial,025,180216,30940,30609,2958,33567,751
2021-09-08,Inyo,027,18085,1608,1580,31,1611,39
2021-09-08,Kern,029,883053,113695,110933,16888,127821,1409
2021-09-08,Kings,031,150075,28066,27235,1548,28783,267
2021-09-08,Lake,033,64148,5849,5618,109,5727,79
2021-09-08,Lassen,035,31185,6010,5848,219,6067,25
2021-09-08,Los Angeles,037,10098052,1376927,1362029,50898,1412927,25533
2021-09-08,Madera,039,155013,19971,19352,1546,20898,252
2021-09-08,Marin,041,260295,16607,16386,373,16759,242
2021-09-08,Mariposa,043,17540,833,777,27,804,5
2021-09-08,Mendocino,045,87422,6383,6069,260,6329,61
2021-09-08,Merced,047,269075,37182,36500,1441,37941,516
2021-09-08,Modoc,049,8938,465,448,159,607,5
2021-09-08,Mono,051,14174,1453,1418,18,1436,3
2021-09-08,Monterey,053,433212,46748,45959,2491,48450,554
2021-09-08,Napa,055,140530,12032,11842,79,11921,90
2021-09-08,Nevada,057,99092,8044,7843,265,8108,82
2021-09-08,Orange,059,3164182,292748,288511,13829,302340,5290
2021-09-08,Placer,061,380077,32771,31852,3011,34863,337
2021-09-08,Plumas,063,18699,1164,1072,22,1094,5
2021-09-08,Riverside,065,2383286,340615,334037,15698,349735,4683
2021-09-08,Sacramento,067,1510023,143510,142448,3409,145857,1921
2021-09-08,San Benito,069,59416,6843,6800,139,6939,64
2021-09-08,San Bernardino,071,2135413,334590,330279,10420,340699,5411
2021-09-08,San Diego,073,3302833,346138,341437,20348,361785,3926
2021-09-08,San Francisco,075,870044,49068,48263,2088,50351,589
2021-09-08,San Joaquin,077,732212,91130,89631,4805,94436,1561
2021-09-08,San Luis Obispo,079,281455,26965,26303,1038,27341,294
2021-09-08,San Mateo,081,765935,50918,50051,761,50812,561
2021-09-08,Santa Barbara,083,443738,40972,40000,1432,41432,490
2021-09-08,Santa Clara,085,1922200,138548,136836,1068,137904,1810
2021-09-08,Santa Cruz,087,273765,19001,18699,967,19666,210
2021-09-08,Shasta,089,179085,17111,16227,2660,18887,234
2021-09-08,Sierra,091,2930,129,113,13,126,0
2021-09-08,Siskiyou,093,43540,2813,2643,936,3579,35
2021-09-08,Solano,095,438530,42994,41971,1087,43058,302
2021-09-08,Sonoma,097,501317,38551,38075,467,38542,360
2021-09-08,Stanislaus,099,539301,69864,68945,7868,76813,1074
2021-09-08,Sutter,101,95872,12538,12349,206,12555,144
2021-09-08,Tehama,103,63373,6791,6520,1084,7604,75
2021-09-08,Trinity,105,12862,673,520,181,701,6
2021-09-08,Tulare,107,460477,59370,57425,12029,69454,876
2021-09-08,Tuolumne,109,53932,5900,5783,64,5847,89
2021-09-08,Ventura,111,848112,93078,91345,4038,95383,1096
2021-09-08,Yolo,113,214977,18040,17680,896,18576,239
2021-09-08,Yuba,115,75493,8853,8675,195,8870,55
2021-09-07,Alameda,001,1643700,111919,110550,2566,113116,1301
2021-09-07,Alpine,003,1148,96,94,0,94,0
2021-09-07,Amador,005,37829,4771,4679,47,4726,53
2021-09-07,Butte,007,227075,17379,16723,3017,19740,220
2021-09-07,Calaveras,009,45235,3211,3140,20,3160,63
2021-09-07,Colusa,011,21464,2354,2306,514,2820,16
2021-09-07,Contra Costa,013,1133247,92397,91167,1860,93027,891
2021-09-07,Del Norte,015,27424,3248,3081,20,3101,24
2021-09-07,El Dorado,017,186661,14224,13892,1407,15299,119
2021-09-07,Fresno,019,978130,122682,120268,10971,131239,1828
2021-09-07,Glenn,021,27897,3050,2937,866,3803,20
2021-09-07,Humboldt,023,135768,7613,7397,327,7724,52
2021-09-07,Imperial,025,180216,30900,30584,2950,33534,751
2021-09-07,Inyo,027,18085,1602,1579,30,1609,39
2021-09-07,Kern,029,883053,113263,110674,16727,127401,1408
2021-09-07,Kings,031,150075,27942,27169,1530,28699,267
2021-09-07,Lake,033,64148,5806,5597,101,5698,78
2021-09-07,Lassen,035,31185,5992,5842,213,6055,21
2021-09-07,Los Angeles,037,10098052,1374695,1360407,50806,1411213,25486
2021-09-07,Madera,039,155013,19884,19316,1538,20854,249
2021-09-07,Marin,041,260295,16568,16363,373,16736,242
2021-09-07,Mariposa,043,17540,817,771,27,798,5
2021-09-07,Mendocino,045,87422,6323,6036,250,6286,61
2021-09-07,Merced,047,269075,37008,36400,1435,37835,513
2021-09-07,Modoc,049,8938,463,449,159,608,5
2021-09-07,Mono,051,14174,1444,1416,18,1434,3
2021-09-07,Monterey,053,433212,46665,45911,2479,48390,543
2021-09-07,Napa,055,140530,11991,11814,79,11893,90
2021-09-07,Nevada,057,99092,8017,7829,265,8094,82
2021-09-07,Orange,059,3164182,292319,288225,13798,302023,5274
2021-09-07,Placer,061,380077,32618,31710,2983,34693,337
2021-09-07,Plumas,063,18699,1149,1071,22,1093,5
2021-09-07,Riverside,065,2383286,339828,333390,15679,349069,4666
2021-09-07,Sacramento,067,1510023,142971,142364,3363,145727,1905
2021-09-07,San Benito,069,59416,6825,6786,139,6925,64
2021-09-07,San Bernardino,071,2135413,333842,329962,10395,340357,5407
2021-09-07,San Diego,073,3302833,345141,340709,20282,360991,3922
2021-09-07,San Francisco,075,870044,48928,48175,2083,50258,589
2021-09-07,San Joaquin,077,732212,90795,89468,4791,94259,1548
2021-09-07,San Luis Obispo,079,281455,26847,26253,1029,27282,287
2021-09-07,San Mateo,081,765935,50823,49913,760,50673,561
2021-09-07,Santa Barbara,083,443738,40846,39957,1427,41384,489
2021-09-07,Santa Clara,085,1922200,138260,136631,1063,137694,1807
2021-09-07,Santa Cruz,087,273765,18952,18669,965,19634,210
2021-09-07,Shasta,089,179085,16955,16096,2607,18703,226
2021-09-07,Sierra,091,2930,129,111,13,124,0
2021-09-07,Siskiyou,093,43540,2787,2607,919,3526,34
2021-09-07,Solano,095,438530,42864,41862,1083,42945,300
2021-09-07,Sonoma,097,501317,38467,38013,465,38478,358
2021-09-07,Stanislaus,099,539301,69593,68831,7840,76671,1074
2021-09-07,Sutter,101,95872,12464,12310,200,12510,138
2021-09-07,Tehama,103,63373,6739,6482,1064,7546,74
2021-09-07,Trinity,105,12862,667,517,181,698,6
2021-09-07,Tulare,107,460477,59020,57228,11950,69178,874
2021-09-07,Tuolumne,109,53932,5863,5759,64,5823,88
2021-09-07,Ventura,111,848112,92867,91246,4028,95274,1093
2021-09-07,Yolo,113,214977,17971,17653,891,18544,235
2021-09-07,Yuba,115,75493,8810,8642,190,8832,55
2021-09-06,Alameda,001,1643700,111606,110357,2558,112915,1301
2021-09-06,Alpine,003,1148,94,94,0,94,0
2021-09-06,Amador,005,37829,4755,4648,46,4694,53
2021-09-06,Butte,007,227075,17187,16588,2974,19562,218
2021-09-06,Calaveras,009,45235,3189,3122,20,3142,63
2021-09-06,Colusa,011,21464,2347,2306,510,2816,16
2021-09-06,Contra Costa,013,1133247,92102,90971,1850,92821,891
2021-09-06,Del Norte,015,27424,3207,3037,19,3056,24
2021-09-06,El Dorado,017,186661,14155,13848,1391,15239,119
2021-09-06,Fresno,019,978130,122109,119738,10896,130634,1828
2021-09-06,Glenn,021,27897,3021,2912,858,3770,20
2021-09-06,Humboldt,023,135768,7537,7320,309,7629,52
2021-09-06,Imperial,025,180216,30837,30576,2944,33520,751
2021-09-06,Inyo,027,18085,1593,1578,18,1596,39
2021-09-06,Kern,029,883053,112751,110347,16539,126886,1408
2021-09-06,Kings,031,150075,27799,27094,1515,28609,264
2021-09-06,Lake,033,64148,5742,5548,94,5642,78
2021-09-06,Lassen,035,31185,5966,5822,203,6025,21
2021-09-06,Los Angeles,037,10098052,1372317,1359348,50690,1410038,25477
2021-09-06,Madera,039,155013,19781,19191,1515,20706,249
2021-09-06,Marin,041,260295,16528,16356,373,16729,242
2021-09-06,Mariposa,043,17540,805,764,27,791,5
2021-09-06,Mendocino,045,87422,6253,5984,237,6221,61
2021-09-06,Merced,047,269075,36794,36300,1421,37721,513
2021-09-06,Modoc,049,8938,460,449,159,608,5
2021-09-06,Mono,051,14174,1440,1416,18,1434,3
2021-09-06,Monterey,053,433212,46571,45833,2462,48295,541
2021-09-06,Napa,055,140530,11948,11792,78,11870,90
2021-09-06,Nevada,057,99092,7969,7748,263,8011,82
2021-09-06,Orange,059,3164182,291825,287948,13745,301693,5274
2021-09-06,Placer,061,380077,32441,31595,2945,34540,337
2021-09-06,Plumas,063,18699,1128,1068,19,1087,5
2021-09-06,Riverside,065,2383286,339013,333052,15659,348711,4666
2021-09-06,Sacramento,067,1510023,142330,141730,3295,145025,1905
2021-09-06,San Benito,069,59416,6802,6777,136,6913,64
2021-09-06,San Bernardino,071,2135413,332959,329693,10364,340057,5398
2021-09-06,San Diego,073,3302833,344142,340222,20185,360407,3922
2021-09-06,San Francisco,075,870044,48792,48120,2076,50196,589
2021-09-06,San Joaquin,077,732212,90449,89293,4765,94058,1548
2021-09-06,San Luis Obispo,079,281455,26718,26183,1025,27208,286
2021-09-06,San Mateo,081,765935,50693,49859,758,50617,561
2021-09-06,Santa Barbara,083,443738,40716,39876,1418,41294,489
2021-09-06,Santa Clara,085,1922200,137968,136458,1061,137519,1807
2021-09-06,Santa Cruz,087,273765,18903,18615,962,19577,210
2021-09-06,Shasta,089,179085,16774,15985,2553,18538,226
2021-09-06,Sierra,091,2930,129,109,13,122,0
2021-09-06,Siskiyou,093,43540,2743,2595,885,3480,34
2021-09-06,Solano,095,438530,42716,41774,1076,42850,300
2021-09-06,Sonoma,097,501317,38346,37929,464,38393,358
2021-09-06,Stanislaus,099,539301,69251,68596,7796,76392,1074
2021-09-06,Sutter,101,95872,12402,12238,191,12429,138
2021-09-06,Tehama,103,63373,6677,6413,1037,7450,74
2021-09-06,Trinity,105,12862,664,515,179,694,6
2021-09-06,Tulare,107,460477,58662,57068,11870,68938,874
2021-09-06,Tuolumne,109,53932,5827,5697,64,5761,88
2021-09-06,Ventura,111,848112,92690,91132,4016,95148,1093
2021-09-06,Yolo,113,214977,17886,17576,885,18461,235
2021-09-06,Yuba,115,75493,8760,8584,186,8770,55
2021-09-05,Alameda,001,1643700,111414,110173,2555,112728,1301
2021-09-05,Alpine,003,1148,94,94,0,94,0
2021-09-05,Amador,005,37829,4743,4642,46,4688,53
2021-09-05,Butte,007,227075,17097,16504,2946,19450,218
2021-09-05,Calaveras,009,45235,3183,3106,20,3126,63
2021-09-05,Colusa,011,21464,2339,2305,508,2813,16
2021-09-05,Contra Costa,013,1133247,91917,90862,1845,92707,891
2021-09-05,Del Norte,015,27424,3187,3023,19,3042,24
2021-09-05,El Dorado,017,186661,14126,13827,1377,15204,119
2021-09-05,Fresno,019,978130,121810,119384,10854,130238,1828
2021-09-05,Glenn,021,27897,3007,2899,856,3755,20
2021-09-05,Humboldt,023,135768,7504,7312,306,7618,52
2021-09-05,Imperial,025,180216,30808,30548,2942,33490,751
2021-09-05,Inyo,027,18085,1590,1572,18,1590,39
2021-09-05,Kern,029,883053,112451,110073,16380,126453,1408
2021-09-05,Kings,031,150075,27722,26989,1511,28500,264
2021-09-05,Lake,033,64148,5722,5525,94,5619,78
2021-09-05,Lassen,035,31185,5944,5820,199,6019,21
2021-09-05,Los Angeles,037,10098052,1371028,1357748,50619,1408367,25465
2021-09-05,Madera,039,155013,19740,19155,1504,20659,249
2021-09-05,Marin,041,260295,16509,16342,372,16714,242
2021-09-05,Mariposa,043,17540,801,761,27,788,5
2021-09-05,Mendocino,045,87422,6219,5965,237,6202,61
2021-09-05,Merced,047,269075,36719,36243,1419,37662,513
2021-09-05,Modoc,049,8938,460,447,159,606,5
2021-09-05,Mono,051,14174,1440,1416,18,1434,3
2021-09-05,Monterey,053,433212,46543,45795,2453,48248,540
2021-09-05,Napa,055,140530,11923,11770,78,11848,90
2021-09-05,Nevada,057,99092,7947,7722,262,7984,82
2021-09-05,Orange,059,3164182,291537,287614,13728,301342,5274
2021-09-05,Placer,061,380077,32313,31487,2931,34418,337
2021-09-05,Plumas,063,18699,1121,1067,19,1086,5
2021-09-05,Riverside,065,2383286,338558,332604,15647,348251,4654
2021-09-05,Sacramento,067,1510023,141892,141276,3277,144553,1905
2021-09-05,San Benito,069,59416,6801,6764,136,6900,64
2021-09-05,San Bernardino,071,2135413,332575,329062,10349,339411,5392
2021-09-05,San Diego,073,3302833,343590,339427,20144,359571,3914
2021-09-05,San Francisco,075,870044,48714,48035,2072,50107,589
2021-09-05,San Joaquin,077,732212,90283,89121,4748,93869,1548
2021-09-05,San Luis Obispo,079,281455,26669,26098,1024,27122,285
2021-09-05,San Mateo,081,765935,50625,49809,754,50563,561
2021-09-05,Santa Barbara,083,443738,40649,39762,1416,41178,489
2021-09-05,Santa Clara,085,1922200,137758,136146,1059,137205,1807
2021-09-05,Santa Cruz,087,273765,18883,18588,960,19548,210
2021-09-05,Shasta,089,179085,16691,15960,2527,18487,226
2021-09-05,Sierra,091,2930,128,109,13,122,0
2021-09-05,Siskiyou,093,43540,2726,2585,871,3456,34
2021-09-05,Solano,095,438530,42621,41687,1071,42758,300
2021-09-05,Sonoma,097,501317,38261,37881,463,38344,358
2021-09-05,Stanislaus,099,539301,69112,68434,7771,76205,1074
2021-09-05,Sutter,101,95872,12372,12179,185,12364,138
2021-09-05,Tehama,103,63373,6651,6400,1031,7431,74
2021-09-05,Trinity,105,12862,658,505,178,683,6
2021-09-05,Tulare,107,460477,58492,56915,11826,68741,874
2021-09-05,Tuolumne,109,53932,5815,5688,64,5752,88
2021-09-05,Ventura,111,848112,92554,91004,4012,95016,1093
2021-09-05,Yolo,113,214977,17849,17557,879,18436,235
2021-09-05,Yuba,115,75493,8733,8521,184,8705,55
2021-09-04,Alameda,001,1643700,111291,109944,2548,112492,1301
2021-09-04,Alpine,003,1148,94,94,0,94,0
2021-09-04,Amador,005,37829,4725,4637,45,4682,53
2021-09-04,Butte,007,227075,17039,16403,2931,19334,218
2021-09-04,Calaveras,009,45235,3171,3087,19,3106,63
2021-09-04,Colusa,011,21464,2337,2301,508,2809,16
2021-09-04,Contra Costa,013,1133247,91800,90623,1842,92465,891
2021-09-04,Del Norte,015,27424,3176,2984,19,3003,24
2021-09-04,El Dorado,017,186661,14100,13782,1368,15150,119
2021-09-04,Fresno,019,978130,121614,119033,10833,129866,1828
2021-09-04,Glenn,021,27897,2997,2878,850,3728,20
2021-09-04,Humboldt,023,135768,7473,7298,300,7598,52
2021-09-04,Imperial,025,180216,30785,30526,2940,33466,751
2021-09-04,Inyo,027,18085,1588,1571,18,1589,39
2021-09-04,Kern,029,883053,112208,109751,16249,126000,1408
2021-09-04,Kings,031,150075,27635,26896,1505,28401,263
2021-09-04,Lake,033,64148,5704,5507,94,5601,78
2021-09-04,Lassen,035,31185,5929,5814,191,6005,21
2021-09-04,Los Angeles,037,10098052,1370078,1355634,50560,1406194,25454
2021-09-04,Madera,039,155013,19707,19112,1497,20609,249
2021-09-04,Marin,041,260295,16493,16319,371,16690,242
2021-09-04,Mariposa,043,17540,796,759,27,786,5
2021-09-04,Mendocino,045,87422,6183,5933,237,6170,61
2021-09-04,Merced,047,269075,36675,36083,1414,37497,513
2021-09-04,Modoc,049,8938,460,447,159,606,5
2021-09-04,Mono,051,14174,1437,1417,18,1435,3
2021-09-04,Monterey,053,433212,46512,45756,2449,48205,540
2021-09-04,Napa,055,140530,11898,11760,76,11836,90
2021-09-04,Nevada,057,99092,7932,7691,261,7952,82
2021-09-04,Orange,059,3164182,291274,287244,13707,300951,5274
2021-09-04,Placer,061,380077,32209,31374,2914,34288,337
2021-09-04,Plumas,063,18699,1113,1067,19,1086,5
2021-09-04,Riverside,065,2383286,338088,331958,15635,347593,4654
2021-09-04,Sacramento,067,1510023,141599,140735,3269,144004,1896
2021-09-04,San Benito,069,59416,6792,6758,136,6894,64
2021-09-04,San Bernardino,071,2135413,332243,328425,10335,338760,5393
2021-09-04,San Diego,073,3302833,343155,338748,20122,358870,3914
2021-09-04,San Francisco,075,870044,48639,47937,2063,50000,589
2021-09-04,San Joaquin,077,732212,90167,88846,4740,93586,1548
2021-09-04,San Luis Obispo,079,281455,26637,26020,1024,27044,285
2021-09-04,San Mateo,081,765935,50571,49721,754,50475,560
2021-09-04,Santa Barbara,083,443738,40583,39667,1414,41081,489
2021-09-04,Santa Clara,085,1922200,137573,135845,1056,136901,1806
2021-09-04,Santa Cruz,087,273765,18865,18579,956,19535,210
2021-09-04,Shasta,089,179085,16614,15924,2501,18425,226
2021-09-04,Sierra,091,2930,126,108,13,121,0
2021-09-04,Siskiyou,093,43540,2700,2563,860,3423,34
2021-09-04,Solano,095,438530,42548,41614,1069,42683,300
2021-09-04,Sonoma,097,501317,38228,37809,463,38272,358
2021-09-04,Stanislaus,099,539301,68965,68210,7746,75956,1074
2021-09-04,Sutter,101,95872,12331,12137,184,12321,138
2021-09-04,Tehama,103,63373,6626,6367,1013,7380,74
2021-09-04,Trinity,105,12862,656,497,178,675,6
2021-09-04,Tulare,107,460477,58384,56719,11783,68502,874
2021-09-04,Tuolumne,109,53932,5797,5667,62,5729,88
2021-09-04,Ventura,111,848112,92419,90904,4009,94913,1090
2021-09-04,Yolo,113,214977,17813,17522,875,18397,235
2021-09-04,Yuba,115,75493,8704,8475,183,8658,55
2021-09-03,Alameda,001,1643700,111136,109636,2545,112181,1301
2021-09-03,Alpine,003,1148,94,94,0,94,0
2021-09-03,Amador,005,37829,4703,4614,45,4659,53
2021-09-03,Butte,007,227075,16949,16259,2905,19164,215
2021-09-03,Calaveras,009,45235,3161,3069,19,3088,63
2021-09-03,Colusa,011,21464,2332,2295,507,2802,16
2021-09-03,Contra Costa,013,1133247,91648,90299,1839,92138,886
2021-09-03,Del Norte,015,27424,3148,2943,18,2961,24
2021-09-03,El Dorado,017,186661,14067,13710,1363,15073,119
2021-09-03,Fresno,019,978130,121279,118508,10811,129319,1822
2021-09-03,Glenn,021,27897,2988,2867,843,3710,20
2021-09-03,Humboldt,023,135768,7448,7194,295,7489,52
2021-09-03,Imperial,025,180216,30762,30475,2935,33410,751
2021-09-03,Inyo,027,18085,1583,1567,18,1585,39
2021-09-03,Kern,029,883053,111992,109296,16138,125434,1407
2021-09-03,Kings,031,150075,27551,26753,1502,28255,263
2021-09-03,Lake,033,64148,5684,5479,92,5571,78
2021-09-03,Lassen,035,31185,5912,5789,186,5975,21
2021-09-03,Los Angeles,037,10098052,1368749,1351185,50494,1401679,25384
2021-09-03,Madera,039,155013,19622,19021,1491,20512,247
2021-09-03,Marin,041,260295,16471,16293,370,16663,242
2021-09-03,Mariposa,043,17540,789,753,25,778,5
2021-09-03,Mendocino,045,87422,6148,5891,237,6128,61
2021-09-03,Merced,047,269075,36621,35941,1405,37346,512
2021-09-03,Modoc,049,8938,460,445,159,604,5
2021-09-03,Mono,051,14174,1436,1410,18,1428,3
2021-09-03,Monterey,053,433212,46474,45707,2445,48152,540
2021-09-03,Napa,055,140530,11877,11733,76,11809,89
2021-09-03,Nevada,057,99092,7898,7632,261,7893,82
2021-09-03,Orange,059,3164182,290957,286818,13679,300497,5253
2021-09-03,Placer,061,380077,32102,31238,2890,34128,335
2021-09-03,Plumas,063,18699,1102,1057,19,1076,5
2021-09-03,Riverside,065,2383286,337556,331011,15619,346630,4653
2021-09-03,Sacramento,067,1510023,141230,139982,3250,143232,1886
2021-09-03,San Benito,069,59416,6786,6746,136,6882,64
2021-09-03,San Bernardino,071,2135413,331827,327599,10324,337923,5381
2021-09-03,San Diego,073,3302833,342536,337627,20089,357716,3911
2021-09-03,San Francisco,075,870044,48563,47822,2057,49879,589
2021-09-03,San Joaquin,077,732212,90014,88366,4732,93098,1540
2021-09-03,San Luis Obispo,079,281455,26561,25917,1022,26939,283
2021-09-03,San Mateo,081,765935,50476,49617,752,50369,560
2021-09-03,Santa Barbara,083,443738,40516,39507,1411,40918,489
2021-09-03,Santa Clara,085,1922200,137371,135522,1052,136574,1801
2021-09-03,Santa Cruz,087,273765,18840,18532,956,19488,210
2021-09-03,Shasta,089,179085,16539,15778,2477,18255,226
2021-09-03,Sierra,091,2930,124,105,13,118,0
2021-09-03,Siskiyou,093,43540,2688,2529,847,3376,34
2021-09-03,Solano,095,438530,42452,41457,1066,42523,300
2021-09-03,Sonoma,097,501317,38165,37699,463,38162,358
2021-09-03,Stanislaus,099,539301,68790,67887,7720,75607,1074
2021-09-03,Sutter,101,95872,12292,12073,183,12256,139
2021-09-03,Tehama,103,63373,6587,6334,1006,7340,72
2021-09-03,Trinity,105,12862,654,490,173,663,6
2021-09-03,Tulare,107,460477,58258,56401,11730,68131,872
2021-09-03,Tuolumne,109,53932,5755,5630,62,5692,88
2021-09-03,Ventura,111,848112,92285,90742,4005,94747,1088
2021-09-03,Yolo,113,214977,17790,17446,869,18315,235
2021-09-03,Yuba,115,75493,8673,8412,183,8595,55
2021-09-02,Alameda,001,1643700,110876,109377,2542,111919,1301
2021-09-02,Alpine,003,1148,93,92,0,92,0
2021-09-02,Amador,005,37829,4687,4606,45,4651,53
2021-09-02,Butte,007,227075,16822,16154,2887,19041,215
2021-09-02,Calaveras,009,45235,3148,3042,19,3061,62
2021-09-02,Colusa,011,21464,2328,2290,507,2797,16
2021-09-02,Contra Costa,013,1133247,91465,90038,1828,91866,886
2021-09-02,Del Norte,015,27424,3117,2891,18,2909,24
2021-09-02,El Dorado,017,186661,14008,13641,1338,14979,119
2021-09-02,Fresno,019,978130,120791,117974,10756,128730,1804
2021-09-02,Glenn,021,27897,2972,2855,837,3692,20
2021-09-02,Humboldt,023,135768,7401,7141,284,7425,52
2021-09-02,Imperial,025,180216,30718,30449,2930,33379,751
2021-09-02,Inyo,027,18085,1578,1564,17,1581,39
2021-09-02,Kern,029,883053,111580,108930,15994,124924,1404
2021-09-02,Kings,031,150075,27458,26638,1492,28130,263
2021-09-02,Lake,033,64148,5654,5432,88,5520,78
2021-09-02,Lassen,035,31185,5898,5747,179,5926,21
2021-09-02,Los Angeles,037,10098052,1366889,1351105,50400,1401505,25382
2021-09-02,Madera,039,155013,19531,18937,1472,20409,247
2021-09-02,Marin,041,260295,16458,16244,368,16612,242
2021-09-02,Mariposa,043,17540,782,745,22,767,5
2021-09-02,Mendocino,045,87422,6106,5848,234,6082,61
2021-09-02,Merced,047,269075,36458,35820,1398,37218,508
2021-09-02,Modoc,049,8938,460,437,159,596,5
2021-09-02,Mono,051,14174,1436,1409,18,1427,3
2021-09-02,Monterey,053,433212,46408,45648,2430,48078,539
2021-09-02,Napa,055,140530,11848,11684,76,11760,88
2021-09-02,Nevada,057,99092,7846,7575,260,7835,82
2021-09-02,Orange,059,3164182,290497,286326,13645,299971,5240
2021-09-02,Placer,061,380077,31965,31067,2861,33928,330
2021-09-02,Plumas,063,18699,1091,1045,18,1063,5
2021-09-02,Riverside,065,2383286,336841,330190,15595,345785,4644
2021-09-02,Sacramento,067,1510023,140647,139274,3211,142485,1882
2021-09-02,San Benito,069,59416,6781,6734,135,6869,64
2021-09-02,San Bernardino,071,2135413,331220,326940,10251,337191,5369
2021-09-02,San Diego,073,3302833,341578,336382,20036,356418,3909
2021-09-02,San Francisco,075,870044,48455,47674,2053,49727,587
2021-09-02,San Joaquin,077,732212,89730,88056,4708,92764,1540
2021-09-02,San Luis Obispo,079,281455,26476,25851,1017,26868,283
2021-09-02,San Mateo,081,765935,50375,49490,749,50239,558
2021-09-02,Santa Barbara,083,443738,40426,39386,1398,40784,486
2021-09-02,Santa Clara,085,1922200,137070,135216,1046,136262,1799
2021-09-02,Santa Cruz,087,273765,18806,18473,953,19426,210
2021-09-02,Shasta,089,179085,16401,15670,2448,18118,224
2021-09-02,Sierra,091,2930,124,105,13,118,0
2021-09-02,Siskiyou,093,43540,2667,2513,819,3332,34
2021-09-02,Solano,095,438530,42346,41293,1063,42356,294
2021-09-02,Sonoma,097,501317,38084,37558,463,38021,352
2021-09-02,Stanislaus,099,539301,68549,67576,7698,75274,1074
2021-09-02,Sutter,101,95872,12223,11995,179,12174,138
2021-09-02,Tehama,103,63373,6529,6265,987,7252,72
2021-09-02,Trinity,105,12862,650,484,171,655,6
2021-09-02,Tulare,107,460477,58028,56105,11678,67783,872
2021-09-02,Tuolumne,109,53932,5699,5578,62,5640,88
2021-09-02,Ventura,111,848112,92102,90610,4000,94610,1084
2021-09-02,Yolo,113,214977,17720,17357,858,18215,235
2021-09-02,Yuba,115,75493,8613,8363,183,8546,55
2021-09-01,Alameda,001,1643700,110609,109075,2537,111612,1299
2021-09-01,Alpine,003,1148,93,92,0,92,0
2021-09-01,Amador,005,37829,4671,4599,44,4643,53
2021-09-01,Butte,007,227075,16707,16046,2859,18905,215
2021-09-01,Calaveras,009,45235,3136,3023,19,3042,59
2021-09-01,Colusa,011,21464,2323,2281,506,2787,16
2021-09-01,Contra Costa,013,1133247,91230,89834,1821,91655,877
2021-09-01,Del Norte,015,27424,3084,2860,18,2878,24
2021-09-01,El Dorado,017,186661,13952,13577,1309,14886,119
2021-09-01,Fresno,019,978130,120300,117492,10686,128178,1800
2021-09-01,Glenn,021,27897,2947,2846,829,3675,20
2021-09-01,Humboldt,023,135768,7354,7090,277,7367,52
2021-09-01,Imperial,025,180216,30680,30393,2925,33318,750
2021-09-01,Inyo,027,18085,1574,1561,16,1577,39
2021-09-01,Kern,029,883053,111149,108449,15852,124301,1400
2021-09-01,Kings,031,150075,27345,26443,1481,27924,263
2021-09-01,Lake,033,64148,5613,5396,83,5479,77
2021-09-01,Lassen,035,31185,5876,5731,175,5906,21
2021-09-01,Los Angeles,037,10098052,1364624,1348589,50297,1398886,25341
2021-09-01,Madera,039,155013,19453,18852,1457,20309,247
2021-09-01,Marin,041,260295,16436,16224,363,16587,240
2021-09-01,Mariposa,043,17540,774,735,22,757,5
2021-09-01,Mendocino,045,87422,6063,5821,229,6050,59
2021-09-01,Merced,047,269075,36281,35686,1388,37074,500
2021-09-01,Modoc,049,8938,454,436,157,593,5
2021-09-01,Mono,051,14174,1436,1400,18,1418,3
2021-09-01,Monterey,053,433212,46328,45590,2415,48005,539
2021-09-01,Napa,055,140530,11815,11653,76,11729,88
2021-09-01,Nevada,057,99092,7793,7508,259,7767,82
2021-09-01,Orange,059,3164182,290023,285840,13607,299447,5233
2021-09-01,Placer,061,380077,31810,30902,2847,33749,330
2021-09-01,Plumas,063,18699,1083,1033,18,1051,5
2021-09-01,Riverside,065,2383286,336025,329388,15565,344953,4634
2021-09-01,Sacramento,067,1510023,140038,138499,3165,141664,1875
2021-09-01,San Benito,069,59416,6764,6716,135,6851,64
2021-09-01,San Bernardino,071,2135413,330570,326250,10222,336472,5364
2021-09-01,San Diego,073,3302833,340556,335302,19980,355282,3908
2021-09-01,San Francisco,075,870044,48346,47538,2046,49584,584
2021-09-01,San Joaquin,077,732212,89408,87640,4685,92325,1540
2021-09-01,San Luis Obispo,079,281455,26380,25691,1012,26703,283
2021-09-01,San Mateo,081,765935,50255,49394,743,50137,558
2021-09-01,Santa Barbara,083,443738,40309,39263,1382,40645,483
2021-09-01,Santa Clara,085,1922200,136802,134855,1039,135894,1796
2021-09-01,Santa Cruz,087,273765,18759,18453,951,19404,210
2021-09-01,Shasta,089,179085,16269,15552,2407,17959,221
2021-09-01,Sierra,091,2930,123,98,13,111,0
2021-09-01,Siskiyou,093,43540,2637,2482,799,3281,34
2021-09-01,Solano,095,438530,42195,41194,1057,42251,293
2021-09-01,Sonoma,097,501317,37990,37454,462,37916,352
2021-09-01,Stanislaus,099,539301,68264,67287,7667,74954,1075
2021-09-01,Sutter,101,95872,12159,11945,172,12117,136
2021-09-01,Tehama,103,63373,6495,6228,970,7198,72
2021-09-01,Trinity,105,12862,649,482,168,650,5
2021-09-01,Tulare,107,460477,57745,55768,11641,67409,870
2021-09-01,Tuolumne,109,53932,5660,5553,62,5615,88
2021-09-01,Ventura,111,848112,91887,90471,3984,94455,1089
2021-09-01,Yolo,113,214977,17664,17264,852,18116,235
2021-09-01,Yuba,115,75493,8551,8308,183,8491,55
2021-08-31,Alameda,001,1643700,110315,108837,2531,111368,1297
2021-08-31,Alpine,003,1148,91,92,0,92,0
2021-08-31,Amador,005,37829,4650,4555,44,4599,53
2021-08-31,Butte,007,227075,16564,15896,2817,18713,216
2021-08-31,Calaveras,009,45235,3096,3008,19,3027,59
2021-08-31,Colusa,011,21464,2321,2275,504,2779,16
2021-08-31,Contra Costa,013,1133247,90935,89546,1809,91355,871
2021-08-31,Del Norte,015,27424,3048,2830,18,2848,19
2021-08-31,El Dorado,017,186661,13881,13539,1291,14830,119
2021-08-31,Fresno,019,978130,119724,117155,10607,127762,1801
2021-08-31,Glenn,021,27897,2931,2829,819,3648,20
2021-08-31,Humboldt,023,135768,7279,7030,264,7294,52
2021-08-31,Imperial,025,180216,30643,30348,2917,33265,750
2021-08-31,Inyo,027,18085,1570,1550,16,1566,39
2021-08-31,Kern,029,883053,110647,108151,15673,123824,1393
2021-08-31,Kings,031,150075,27203,26405,1467,27872,260
2021-08-31,Lake,033,64148,5569,5359,80,5439,74
2021-08-31,Lassen,035,31185,5850,5702,172,5874,21
2021-08-31,Los Angeles,037,10098052,1362036,1346686,50218,1396904,25303
2021-08-31,Madera,039,155013,19363,18811,1439,20250,247
2021-08-31,Marin,041,260295,16407,16215,360,16575,240
2021-08-31,Mariposa,043,17540,766,732,22,754,5
2021-08-31,Mendocino,045,87422,6021,5777,227,6004,59
2021-08-31,Merced,047,269075,36111,35512,1383,36895,498
2021-08-31,Modoc,049,8938,453,436,157,593,5
2021-08-31,Mono,051,14174,1424,1398,18,1416,3
2021-08-31,Monterey,053,433212,46244,45550,2402,47952,539
2021-08-31,Napa,055,140530,11768,11618,76,11694,88
2021-08-31,Nevada,057,99092,7726,7460,259,7719,82
2021-08-31,Orange,059,3164182,289425,285310,13573,298883,5229
2021-08-31,Placer,061,380077,31620,30745,2809,33554,325
2021-08-31,Plumas,063,18699,1079,1018,17,1035,5
2021-08-31,Riverside,065,2383286,335051,328556,15532,344088,4627
2021-08-31,Sacramento,067,1510023,139353,137879,3133,141012,1863
2021-08-31,San Benito,069,59416,6752,6694,133,6827,64
2021-08-31,San Bernardino,071,2135413,329824,325446,10202,335648,5350
2021-08-31,San Diego,073,3302833,339303,334377,19922,354299,3888
2021-08-31,San Francisco,075,870044,48195,47440,2035,49475,581
2021-08-31,San Joaquin,077,732212,88963,87365,4670,92035,1540
2021-08-31,San Luis Obispo,079,281455,26257,25518,1008,26526,282
2021-08-31,San Mateo,081,765935,50143,49299,743,50042,556
2021-08-31,Santa Barbara,083,443738,40158,39091,1376,40467,481
2021-08-31,Santa Clara,085,1922200,136451,134637,1032,135669,1793
2021-08-31,Santa Cruz,087,273765,18721,18419,948,19367,210
2021-08-31,Shasta,089,179085,16117,15368,2380,17748,220
2021-08-31,Sierra,091,2930,120,95,13,108,0
2021-08-31,Siskiyou,093,43540,2617,2435,783,3218,33
2021-08-31,Solano,095,438530,42056,41067,1050,42117,289
2021-08-31,Sonoma,097,501317,37894,37379,460,37839,352
2021-08-31,Stanislaus,099,539301,67910,67004,7632,74636,1075
2021-08-31,Sutter,101,95872,12094,11901,168,12069,136
2021-08-31,Tehama,103,63373,6434,6169,939,7108,72
2021-08-31,Trinity,105,12862,643,480,168,648,3
2021-08-31,Tulare,107,460477,57411,55567,11570,67137,870
2021-08-31,Tuolumne,109,53932,5624,5516,62,5578,88
2021-08-31,Ventura,111,848112,91668,90292,3972,94264,1081
2021-08-31,Yolo,113,214977,17583,17205,843,18048,234
2021-08-31,Yuba,115,75493,8497,8253,183,8436,54
2021-08-30,Alameda,001,1643700,109991,107734,2520,110254,1296
2021-08-30,Alpine,003,1148,91,92,0,92,0
2021-08-30,Amador,005,37829,4639,4507,44,4551,53
2021-08-30,Butte,007,227075,16413,15719,2784,18503,214
2021-08-30,Calaveras,009,45235,3081,2975,19,2994,59
2021-08-30,Colusa,011,21464,2312,2271,501,2772,16
2021-08-30,Contra Costa,013,1133247,90676,87679,1799,89478,872
2021-08-30,Del Norte,015,27424,3006,2796,17,2813,11
2021-08-30,El Dorado,017,186661,13812,13217,1274,14491,119
2021-08-30,Fresno,019,978130,119152,115867,10535,126402,1790
2021-08-30,Glenn,021,27897,2920,2804,813,3617,20
2021-08-30,Humboldt,023,135768,7225,6930,258,7188,52
2021-08-30,Imperial,025,180216,30605,30311,2912,33223,750
2021-08-30,Inyo,027,18085,1565,1544,16,1560,39
2021-08-30,Kern,029,883053,110168,107615,15509,123124,1389
2021-08-30,Kings,031,150075,27087,26236,1452,27688,259
2021-08-30,Lake,033,64148,5534,5323,77,5400,74
2021-08-30,Lassen,035,31185,5828,5667,166,5833,21
2021-08-30,Los Angeles,037,10098052,1359575,1344949,50133,1395082,25269
2021-08-30,Madera,039,155013,19281,18622,1419,20041,247
2021-08-30,Marin,041,260295,16376,16160,360,16520,240
2021-08-30,Mariposa,043,17540,760,715,21,736,5
2021-08-30,Mendocino,045,87422,5987,5721,223,5944,55
2021-08-30,Merced,047,269075,35983,35335,1379,36714,497
2021-08-30,Modoc,049,8938,451,436,156,592,5
2021-08-30,Mono,051,14174,1423,1390,18,1408,3
2021-08-30,Monterey,053,433212,46182,45463,2385,47848,539
2021-08-30,Napa,055,140530,11719,11579,74,11653,87
2021-08-30,Nevada,057,99092,7667,7356,256,7612,82
2021-08-30,Orange,059,3164182,288844,284750,13524,298274,5223
2021-08-30,Placer,061,380077,31455,29825,2786,32611,319
2021-08-30,Plumas,063,18699,1062,998,17,1015,5
2021-08-30,Riverside,065,2383286,334154,327593,15501,343094,4623
2021-08-30,Sacramento,067,1510023,138695,134571,3087,137658,1847
2021-08-30,San Benito,069,59416,6743,6663,133,6796,64
2021-08-30,San Bernardino,071,2135413,329145,324870,10172,335042,5348
2021-08-30,San Diego,073,3302833,338032,333011,19842,352853,3885
2021-08-30,San Francisco,075,870044,48056,46966,2021,48987,581
2021-08-30,San Joaquin,077,732212,88632,86203,4649,90852,1528
2021-08-30,San Luis Obispo,079,281455,26132,25422,1001,26423,280
2021-08-30,San Mateo,081,765935,50017,48839,737,49576,554
2021-08-30,Santa Barbara,083,443738,40006,38998,1371,40369,481
2021-08-30,Santa Clara,085,1922200,136130,133281,1025,134306,1789
2021-08-30,Santa Cruz,087,273765,18667,18326,944,19270,210
2021-08-30,Shasta,089,179085,15988,15238,2339,17577,217
2021-08-30,Sierra,091,2930,118,91,13,104,0
2021-08-30,Siskiyou,093,43540,2604,2411,772,3183,33
2021-08-30,Solano,095,438530,41895,39986,1046,41032,290
2021-08-30,Sonoma,097,501317,37788,36764,460,37224,352
2021-08-30,Stanislaus,099,539301,67571,66173,7601,73774,1074
2021-08-30,Sutter,101,95872,12024,11791,161,11952,136
2021-08-30,Tehama,103,63373,6355,6085,915,7000,71
2021-08-30,Trinity,105,12862,632,468,165,633,3
2021-08-30,Tulare,107,460477,57099,55140,11494,66634,870
2021-08-30,Tuolumne,109,53932,5578,5492,62,5554,74
2021-08-30,Ventura,111,848112,91452,90149,3960,94109,1082
2021-08-30,Yolo,113,214977,17521,17071,839,17910,231
2021-08-30,Yuba,115,75493,8423,8129,182,8311,54
2021-08-29,Alameda,001,1643700,109648,107494,2509,110003,1296
2021-08-29,Alpine,003,1148,91,92,0,92,0
2021-08-29,Amador,005,37829,4625,4501,44,4545,53
2021-08-29,Butte,007,227075,16242,15602,2747,18349,214
2021-08-29,Calaveras,009,45235,3049,2970,19,2989,59
2021-08-29,Colusa,011,21464,2305,2260,495,2755,16
2021-08-29,Contra Costa,013,1133247,90379,87439,1794,89233,872
2021-08-29,Del Norte,015,27424,2963,2752,17,2769,11
2021-08-29,El Dorado,017,186661,13756,13166,1263,14429,119
2021-08-29,Fresno,019,978130,118555,115502,10465,125967,1790
2021-08-29,Glenn,021,27897,2902,2778,806,3584,20
2021-08-29,Humboldt,023,135768,7181,6922,243,7165,52
2021-08-29,Imperial,025,180216,30544,30293,2901,33194,750
2021-08-29,Inyo,027,18085,1555,1543,15,1558,39
2021-08-29,Kern,029,883053,109717,107324,15339,122663,1389
2021-08-29,Kings,031,150075,26934,26143,1437,27580,259
2021-08-29,Lake,033,64148,5494,5293,67,5360,74
2021-08-29,Lassen,035,31185,5805,5666,162,5828,21
2021-08-29,Los Angeles,037,10098052,1356815,1342541,50022,1392563,25263
2021-08-29,Madera,039,155013,19194,18594,1403,19997,247
2021-08-29,Marin,041,260295,16345,16134,358,16492,240
2021-08-29,Mariposa,043,17540,754,709,19,728,5
2021-08-29,Mendocino,045,87422,5929,5689,210,5899,55
2021-08-29,Merced,047,269075,35744,35250,1367,36617,497
2021-08-29,Modoc,049,8938,448,436,156,592,5
2021-08-29,Mono,051,14174,1416,1387,18,1405,3
2021-08-29,Monterey,053,433212,46076,45424,2361,47785,539
2021-08-29,Napa,055,140530,11688,11552,74,11626,87
2021-08-29,Nevada,057,99092,7610,7294,255,7549,82
2021-08-29,Orange,059,3164182,288215,284432,13481,297913,5223
2021-08-29,Placer,061,380077,31283,29674,2745,32419,319
2021-08-29,Plumas,063,18699,1051,996,17,1013,5
2021-08-29,Riverside,065,2383286,333297,326987,15480,342467,4623
2021-08-29,Sacramento,067,1510023,137942,133981,3038,137019,1843
2021-08-29,San Benito,069,59416,6718,6646,133,6779,64
2021-08-29,San Bernardino,071,2135413,328360,324266,10138,334404,5347
2021-08-29,San Diego,073,3302833,336926,332014,19746,351760,3880
2021-08-29,San Francisco,075,870044,47921,46885,2009,48894,581
2021-08-29,San Joaquin,077,732212,88185,85922,4628,90550,1528
2021-08-29,San Luis Obispo,079,281455,25934,25288,993,26281,280
2021-08-29,San Mateo,081,765935,49904,48737,732,49469,554
2021-08-29,Santa Barbara,083,443738,39840,38900,1367,40267,481
2021-08-29,Santa Clara,085,1922200,135777,132979,1019,133998,1789
2021-08-29,Santa Cruz,087,273765,18620,18285,942,19227,210
2021-08-29,Shasta,089,179085,15834,15198,2312,17510,217
2021-08-29,Sierra,091,2930,116,91,13,104,0
2021-08-29,Siskiyou,093,43540,2557,2407,752,3159,33
2021-08-29,Solano,095,438530,41741,39887,1039,40926,290
2021-08-29,Sonoma,097,501317,37652,36650,456,37106,352
2021-08-29,Stanislaus,099,539301,67226,65956,7565,73521,1074
2021-08-29,Sutter,101,95872,11965,11719,154,11873,136
2021-08-29,Tehama,103,63373,6284,6040,892,6932,71
2021-08-29,Trinity,105,12862,629,468,161,629,3
2021-08-29,Tulare,107,460477,56766,54974,11410,66384,870
2021-08-29,Tuolumne,109,53932,5553,5478,61,5539,74
2021-08-29,Ventura,111,848112,91194,90114,3951,94065,1082
2021-08-29,Yolo,113,214977,17421,17015,827,17842,231
2021-08-29,Yuba,115,75493,8359,8042,182,8224,54
2021-08-28,Alameda,001,1643700,109483,107007,2500,109507,1296
2021-08-28,Alpine,003,1148,91,92,0,92,0
2021-08-28,Amador,005,37829,4606,4484,43,4527,53
2021-08-28,Butte,007,227075,16183,15487,2720,18207,214
2021-08-28,Calaveras,009,45235,3039,2926,19,2945,59
2021-08-28,Colusa,011,21464,2301,2252,493,2745,16
2021-08-28,Contra Costa,013,1133247,90167,86938,1791,88729,872
2021-08-28,Del Norte,015,27424,2936,2734,16,2750,11
2021-08-28,El Dorado,017,186661,13716,13089,1257,14346,119
2021-08-28,Fresno,019,978130,118314,115079,10434,125513,1792
2021-08-28,Glenn,021,27897,2893,2773,799,3572,20
2021-08-28,Humboldt,023,135768,7146,6887,238,7125,52
2021-08-28,Imperial,025,180216,30517,30260,2898,33158,750
2021-08-28,Inyo,027,18085,1553,1539,15,1554,39
2021-08-28,Kern,029,883053,109479,107012,15197,122209,1389
2021-08-28,Kings,031,150075,26867,26059,1434,27493,257
2021-08-28,Lake,033,64148,5471,5267,63,5330,74
2021-08-28,Lassen,035,31185,5790,5665,161,5826,21
2021-08-28,Los Angeles,037,10098052,1355604,1337097,49949,1387046,25234
2021-08-28,Madera,039,155013,19143,18553,1389,19942,247
2021-08-28,Marin,041,260295,16330,16106,358,16464,240
2021-08-28,Mariposa,043,17540,752,704,19,723,5
2021-08-28,Mendocino,045,87422,5904,5658,210,5868,55
2021-08-28,Merced,047,269075,35692,35108,1364,36472,497
2021-08-28,Modoc,049,8938,448,436,155,591,5
2021-08-28,Mono,051,14174,1413,1385,18,1403,3
2021-08-28,Monterey,053,433212,46034,45394,2356,47750,539
2021-08-28,Napa,055,140530,11665,11512,73,11585,88
2021-08-28,Nevada,057,99092,7586,7238,253,7491,82
2021-08-28,Orange,059,3164182,287857,283953,13432,297385,5222
2021-08-28,Placer,061,380077,31174,29428,2732,32160,319
2021-08-28,Plumas,063,18699,1044,991,17,1008,5
2021-08-28,Riverside,065,2383286,332709,326222,15470,341692,4623
2021-08-28,Sacramento,067,1510023,137551,132985,3022,136007,1844
2021-08-28,San Benito,069,59416,6711,6636,133,6769,64
2021-08-28,San Bernardino,071,2135413,327912,323672,10130,333802,5348
2021-08-28,San Diego,073,3302833,336342,331330,19710,351040,3880
2021-08-28,San Francisco,075,870044,47849,46654,2002,48656,581
2021-08-28,San Joaquin,077,732212,88016,85481,4619,90100,1527
2021-08-28,San Luis Obispo,079,281455,25867,25138,988,26126,280
2021-08-28,San Mateo,081,765935,49830,48575,728,49303,554
2021-08-28,Santa Barbara,083,443738,39769,38780,1366,40146,481
2021-08-28,Santa Clara,085,1922200,135570,132488,1017,133505,1789
2021-08-28,Santa Cruz,087,273765,18602,18240,939,19179,210
2021-08-28,Shasta,089,179085,15731,15147,2293,17440,217
2021-08-28,Sierra,091,2930,112,91,13,104,0
2021-08-28,Siskiyou,093,43540,2549,2402,741,3143,33
2021-08-28,Solano,095,438530,41692,39610,1038,40648,290
2021-08-28,Sonoma,097,501317,37579,36466,454,36920,352
2021-08-28,Stanislaus,099,539301,67068,65670,7548,73218,1074
2021-08-28,Sutter,101,95872,11944,11669,153,11822,136
2021-08-28,Tehama,103,63373,6259,6004,879,6883,71
2021-08-28,Trinity,105,12862,625,463,160,623,3
2021-08-28,Tulare,107,460477,56636,54746,11368,66114,870
2021-08-28,Tuolumne,109,53932,5537,5469,61,5530,74
2021-08-28,Ventura,111,848112,91076,89934,3949,93883,1081
2021-08-28,Yolo,113,214977,17385,16907,820,17727,231
2021-08-28,Yuba,115,75493,8328,7985,181,8166,55
2021-08-27,Alameda,001,1643700,109272,106622,2498,109120,1296
2021-08-27,Alpine,003,1148,91,92,0,92,0
2021-08-27,Amador,005,37829,4590,4458,42,4500,53
2021-08-27,Butte,007,227075,16103,15277,2701,17978,214
2021-08-27,Calaveras,009,45235,3025,2903,19,2922,59
2021-08-27,Colusa,011,21464,2295,2240,491,2731,16
2021-08-27,Contra Costa,013,1133247,89969,86386,1788,88174,872
2021-08-27,Del Norte,015,27424,2904,2695,16,2711,11
2021-08-27,El Dorado,017,186661,13677,12968,1253,14221,119
2021-08-27,Fresno,019,978130,117880,114481,10411,124892,1774
2021-08-27,Glenn,021,27897,2875,2754,790,3544,20
2021-08-27,Humboldt,023,135768,7113,6782,235,7017,52
2021-08-27,Imperial,025,180216,30497,30201,2895,33096,750
2021-08-27,Inyo,027,18085,1552,1529,15,1544,39
2021-08-27,Kern,029,883053,109185,106570,15087,121657,1385
2021-08-27,Kings,031,150075,26788,25957,1432,27389,257
2021-08-27,Lake,033,64148,5446,5228,62,5290,74
2021-08-27,Lassen,035,31185,5774,5646,156,5802,21
2021-08-27,Los Angeles,037,10098052,1354074,1337006,49886,1386892,25230
2021-08-27,Madera,039,155013,19087,18476,1376,19852,247
2021-08-27,Marin,041,260295,16314,16055,356,16411,240
2021-08-27,Mariposa,043,17540,746,690,19,709,5
2021-08-27,Mendocino,045,87422,5873,5602,209,5811,55
2021-08-27,Merced,047,269075,35638,34906,1355,36261,495
2021-08-27,Modoc,049,8938,448,434,155,589,5
2021-08-27,Mono,051,14174,1408,1385,18,1403,3
2021-08-27,Monterey,053,433212,45985,45337,2348,47685,539
2021-08-27,Napa,055,140530,11631,11460,73,11533,87
2021-08-27,Nevada,057,99092,7546,7169,251,7420,82
2021-08-27,Orange,059,3164182,287496,283407,13393,296800,5206
2021-08-27,Placer,061,380077,31044,29157,2712,31869,320
2021-08-27,Plumas,063,18699,1038,984,17,1001,5
2021-08-27,Riverside,065,2383286,332191,325379,15455,340834,4622
2021-08-27,Sacramento,067,1510023,137116,131921,3009,134930,1838
2021-08-27,San Benito,069,59416,6705,6622,133,6755,64
2021-08-27,San Bernardino,071,2135413,327388,322893,10112,333005,5342
2021-08-27,San Diego,073,3302833,335562,330162,19656,349818,3877
2021-08-27,San Francisco,075,870044,47773,46456,1984,48440,581
2021-08-27,San Joaquin,077,732212,87833,84949,4600,89549,1524
2021-08-27,San Luis Obispo,079,281455,25818,24952,985,25937,280
2021-08-27,San Mateo,081,765935,49755,48424,724,49148,553
2021-08-27,Santa Barbara,083,443738,39677,38675,1364,40039,480
2021-08-27,Santa Clara,085,1922200,135340,132011,1014,133025,1783
2021-08-27,Santa Cruz,087,273765,18563,18163,935,19098,210
2021-08-27,Shasta,089,179085,15651,14996,2277,17273,217
2021-08-27,Sierra,091,2930,111,91,13,104,0
2021-08-27,Siskiyou,093,43540,2534,2358,727,3085,33
2021-08-27,Solano,095,438530,41578,39347,1034,40381,287
2021-08-27,Sonoma,097,501317,37507,36326,453,36779,342
2021-08-27,Stanislaus,099,539301,66858,65167,7510,72677,1061
2021-08-27,Sutter,101,95872,11898,11590,151,11741,135
2021-08-27,Tehama,103,63373,6227,5964,864,6828,71
2021-08-27,Trinity,105,12862,625,458,159,617,3
2021-08-27,Tulare,107,460477,56501,54443,11323,65766,870
2021-08-27,Tuolumne,109,53932,5505,5438,61,5499,74
2021-08-27,Ventura,111,848112,90947,89774,3945,93719,1076
2021-08-27,Yolo,113,214977,17342,16805,815,17620,231
2021-08-27,Yuba,115,75493,8271,7926,181,8107,54
2021-08-26,Alameda,001,1643700,108997,106146,2489,108635,1296
2021-08-26,Alpine,003,1148,91,92,0,92,0
2021-08-26,Amador,005,37829,4575,4442,41,4483,53
2021-08-26,Butte,007,227075,15968,15159,2665,17824,214
2021-08-26,Calaveras,009,45235,3014,2873,19,2892,59
2021-08-26,Colusa,011,21464,2288,2234,487,2721,16
2021-08-26,Contra Costa,013,1133247,89610,85808,1782,87590,866
2021-08-26,Del Norte,015,27424,2868,2625,16,2641,8
2021-08-26,El Dorado,017,186661,13608,12863,1239,14102,118
2021-08-26,Fresno,019,978130,117378,113854,10357,124211,1770
2021-08-26,Glenn,021,27897,2857,2740,781,3521,20
2021-08-26,Humboldt,023,135768,7055,6695,225,6920,53
2021-08-26,Imperial,025,180216,30448,30121,2887,33008,748
2021-08-26,Inyo,027,18085,1542,1521,14,1535,39
2021-08-26,Kern,029,883053,108757,106051,14944,120995,1380
2021-08-26,Kings,031,150075,26665,25838,1424,27262,260
2021-08-26,Lake,033,64148,5400,5196,59,5255,74
2021-08-26,Lassen,035,31185,5762,5626,154,5780,21
2021-08-26,Los Angeles,037,10098052,1351802,1334372,49791,1384163,25199
2021-08-26,Madera,039,155013,19017,18393,1363,19756,247
2021-08-26,Marin,041,260295,16285,15983,353,16336,240
2021-08-26,Mariposa,043,17540,736,677,19,696,5
2021-08-26,Mendocino,045,87422,5835,5533,204,5737,55
2021-08-26,Merced,047,269075,35471,34755,1334,36089,495
2021-08-26,Modoc,049,8938,448,433,155,588,5
2021-08-26,Mono,051,14174,1404,1385,18,1403,3
2021-08-26,Monterey,053,433212,45912,45265,2337,47602,539
2021-08-26,Napa,055,140530,11609,11394,72,11466,87
2021-08-26,Nevada,057,99092,7488,7086,248,7334,80
2021-08-26,Orange,059,3164182,287004,282814,13369,296183,5200
2021-08-26,Placer,061,380077,30875,28898,2686,31584,319
2021-08-26,Plumas,063,18699,1031,971,16,987,5
2021-08-26,Riverside,065,2383286,331400,324486,15434,339920,4615
2021-08-26,Sacramento,067,1510023,136583,130977,2968,133945,1827
2021-08-26,San Benito,069,59416,6695,6604,133,6737,64
2021-08-26,San Bernardino,071,2135413,326733,322100,10088,332188,5339
2021-08-26,San Diego,073,3302833,334535,328276,19590,347866,3869
2021-08-26,San Francisco,075,870044,47646,46288,1979,48267,581
2021-08-26,San Joaquin,077,732212,87455,84429,4578,89007,1513
2021-08-26,San Luis Obispo,079,281455,25668,24831,978,25809,278
2021-08-26,San Mateo,081,765935,49627,48263,722,48985,553
2021-08-26,Santa Barbara,083,443738,39593,38566,1363,39929,479
2021-08-26,Santa Clara,085,1922200,135015,131443,1010,132453,1782
2021-08-26,Santa Cruz,087,273765,18503,18072,933,19005,210
2021-08-26,Shasta,089,179085,15529,14891,2249,17140,217
2021-08-26,Sierra,091,2930,109,90,13,103,0
2021-08-26,Siskiyou,093,43540,2512,2342,714,3056,33
2021-08-26,Solano,095,438530,41429,39027,1026,40053,286
2021-08-26,Sonoma,097,501317,37418,36102,453,36555,337
2021-08-26,Stanislaus,099,539301,66559,64785,7469,72254,1061
2021-08-26,Sutter,101,95872,11838,11499,148,11647,135
2021-08-26,Tehama,103,63373,6169,5913,851,6764,68
2021-08-26,Trinity,105,12862,620,450,157,607,3
2021-08-26,Tulare,107,460477,56244,54157,11277,65434,870
2021-08-26,Tuolumne,109,53932,5485,5387,61,5448,74
2021-08-26,Ventura,111,848112,90761,89595,3936,93531,1080
2021-08-26,Yolo,113,214977,17278,16727,804,17531,231
2021-08-26,Yuba,115,75493,8198,7834,179,8013,54
2021-08-25,Alameda,001,1643700,108673,105636,2482,108118,1296
2021-08-25,Alpine,003,1148,91,92,0,92,0
2021-08-25,Amador,005,37829,4560,4415,41,4456,53
2021-08-25,Butte,007,227075,15861,15039,2623,17662,214
2021-08-25,Calaveras,009,45235,2995,2851,19,2870,59
2021-08-25,Colusa,011,21464,2281,2227,478,2705,16
2021-08-25,Contra Costa,013,1133247,89226,85322,1776,87098,863
2021-08-25,Del Norte,015,27424,2823,2573,16,2589,8
2021-08-25,El Dorado,017,186661,13549,12787,1223,14010,118
2021-08-25,Fresno,019,978130,116837,113384,10315,123699,1761
2021-08-25,Glenn,021,27897,2839,2728,766,3494,20
2021-08-25,Humboldt,023,135768,6986,6653,215,6868,52
2021-08-25,Imperial,025,180216,30411,30085,2881,32966,748
2021-08-25,Inyo,027,18085,1538,1518,14,1532,39
2021-08-25,Kern,029,883053,108326,105687,14788,120475,1379
2021-08-25,Kings,031,150075,26558,25676,1417,27093,258
2021-08-25,Lake,033,64148,5370,5163,56,5219,74
2021-08-25,Lassen,035,31185,5745,5583,153,5736,21
2021-08-25,Los Angeles,037,10098052,1349198,1331400,49693,1381093,25170
2021-08-25,Madera,039,155013,18953,18311,1340,19651,247
2021-08-25,Marin,041,260295,16263,15938,347,16285,240
2021-08-25,Mariposa,043,17540,730,676,19,695,5
2021-08-25,Mendocino,045,87422,5800,5486,198,5684,53
2021-08-25,Merced,047,269075,35339,34600,1321,35921,492
2021-08-25,Modoc,049,8938,448,433,155,588,5
2021-08-25,Mono,051,14174,1400,1382,18,1400,3
2021-08-25,Monterey,053,433212,45838,45196,2322,47518,539
2021-08-25,Napa,055,140530,11575,11348,71,11419,87
2021-08-25,Nevada,057,99092,7422,7000,247,7247,77
2021-08-25,Orange,059,3164182,286478,282061,13335,295396,5193
2021-08-25,Placer,061,380077,30699,28740,2654,31394,319
2021-08-25,Plumas,063,18699,1016,962,16,978,5
2021-08-25,Riverside,065,2383286,330556,323548,15412,338960,4610
2021-08-25,Sacramento,067,1510023,135903,130046,2929,132975,1827
2021-08-25,San Benito,069,59416,6674,6587,132,6719,64
2021-08-25,San Bernardino,071,2135413,326040,321228,10067,331295,5337
2021-08-25,San Diego,073,3302833,333267,327166,19505,346671,3859
2021-08-25,San Francisco,075,870044,47497,46107,1974,48081,578
2021-08-25,San Joaquin,077,732212,87070,84002,4562,88564,1510
2021-08-25,San Luis Obispo,079,281455,25476,24607,974,25581,276
2021-08-25,San Mateo,081,765935,49504,48153,719,48872,553
2021-08-25,Santa Barbara,083,443738,39464,38450,1363,39813,479
2021-08-25,Santa Clara,085,1922200,134647,130995,1007,132002,1783
2021-08-25,Santa Cruz,087,273765,18443,17987,930,18917,210
2021-08-25,Shasta,089,179085,15402,14752,2217,16969,217
2021-08-25,Sierra,091,2930,106,90,13,103,0
2021-08-25,Siskiyou,093,43540,2467,2322,695,3017,33
2021-08-25,Solano,095,438530,41258,38848,1014,39862,286
2021-08-25,Sonoma,097,501317,37294,35986,450,36436,336
2021-08-25,Stanislaus,099,539301,66278,64441,7437,71878,1061
2021-08-25,Sutter,101,95872,11770,11451,144,11595,134
2021-08-25,Tehama,103,63373,6110,5861,834,6695,68
2021-08-25,Trinity,105,12862,614,450,156,606,3
2021-08-25,Tulare,107,460477,55960,53877,11207,65084,866
2021-08-25,Tuolumne,109,53932,5459,5354,61,5415,74
2021-08-25,Ventura,111,848112,90577,89379,3922,93301,1068
2021-08-25,Yolo,113,214977,17213,16667,794,17461,231
2021-08-25,Yuba,115,75493,8132,7771,178,7949,54
2021-08-24,Alameda,001,1643700,108356,105319,2470,107789,1296
2021-08-24,Alpine,003,1148,91,92,0,92,0
2021-08-24,Amador,005,37829,4541,4380,41,4421,50
2021-08-24,Butte,007,227075,15706,14964,2589,17553,214
2021-08-24,Calaveras,009,45235,2956,2811,19,2830,59
2021-08-24,Colusa,011,21464,2273,2221,473,2694,16
2021-08-24,Contra Costa,013,1133247,88863,84963,1770,86733,857
2021-08-24,Del Norte,015,27424,2796,2543,16,2559,8
2021-08-24,El Dorado,017,186661,13472,12732,1207,13939,118
2021-08-24,Fresno,019,978130,116231,113024,10251,123275,1761
2021-08-24,Glenn,021,27897,2824,2717,759,3476,20
2021-08-24,Humboldt,023,135768,6923,6585,202,6787,52
2021-08-24,Imperial,025,180216,30350,30045,2875,32920,748
2021-08-24,Inyo,027,18085,1533,1512,14,1526,39
2021-08-24,Kern,029,883053,107862,105399,14620,120019,1375
2021-08-24,Kings,031,150075,26437,25629,1401,27030,258
2021-08-24,Lake,033,64148,5335,5135,56,5191,72
2021-08-24,Lassen,035,31185,5729,5576,151,5727,21
2021-08-24,Los Angeles,037,10098052,1346330,1328777,49584,1378361,25135
2021-08-24,Madera,039,155013,18877,18251,1323,19574,247
2021-08-24,Marin,041,260295,16227,15900,343,16243,240
2021-08-24,Mariposa,043,17540,723,670,19,689,5
2021-08-24,Mendocino,045,87422,5757,5416,191,5607,52
2021-08-24,Merced,047,269075,35171,34490,1310,35800,491
2021-08-24,Modoc,049,8938,448,432,155,587,5
2021-08-24,Mono,051,14174,1398,1382,18,1400,3
2021-08-24,Monterey,053,433212,45772,45126,2304,47430,539
2021-08-24,Napa,055,140530,11542,11299,70,11369,85
2021-08-24,Nevada,057,99092,7352,6981,245,7226,77
2021-08-24,Orange,059,3164182,285879,281461,13309,294770,5187
2021-08-24,Placer,061,380077,30496,28618,2615,31233,318
2021-08-24,Plumas,063,18699,1006,953,16,969,5
2021-08-24,Riverside,065,2383286,329683,322620,15381,338001,4605
2021-08-24,Sacramento,067,1510023,135219,129542,2881,132423,1812
2021-08-24,San Benito,069,59416,6661,6576,132,6708,64
2021-08-24,San Bernardino,071,2135413,325283,320300,10037,330337,5328
2021-08-24,San Diego,073,3302833,331824,325823,19396,345219,3851
2021-08-24,San Francisco,075,870044,47322,46010,1963,47973,574
2021-08-24,San Joaquin,077,732212,86630,83684,4524,88208,1508
2021-08-24,San Luis Obispo,079,281455,25299,24443,963,25406,274
2021-08-24,San Mateo,081,765935,49355,48050,717,48767,553
2021-08-24,Santa Barbara,083,443738,39333,38307,1362,39669,478
2021-08-24,Santa Clara,085,1922200,134223,130763,1003,131766,1779
2021-08-24,Santa Cruz,087,273765,18368,17928,924,18852,209
2021-08-24,Shasta,089,179085,15294,14664,2185,16849,217
2021-08-24,Sierra,091,2930,103,90,13,103,0
2021-08-24,Siskiyou,093,43540,2445,2294,680,2974,33
2021-08-24,Solano,095,438530,41049,38724,1002,39726,283
2021-08-24,Sonoma,097,501317,37166,35849,448,36297,336
2021-08-24,Stanislaus,099,539301,65949,64195,7383,71578,1058
2021-08-24,Sutter,101,95872,11703,11384,141,11525,134
2021-08-24,Tehama,103,63373,6064,5826,820,6646,67
2021-08-24,Trinity,105,12862,603,446,148,594,3
2021-08-24,Tulare,107,460477,55608,53702,11117,64819,856
2021-08-24,Tuolumne,109,53932,5428,5287,61,5348,74
2021-08-24,Ventura,111,848112,90393,89167,3911,93078,1068
2021-08-24,Yolo,113,214977,17136,16492,781,17273,231
2021-08-24,Yuba,115,75493,8049,7723,176,7899,54
2021-08-23,Alameda,001,1643700,107943,104922,2457,107379,1294
2021-08-23,Alpine,003,1148,91,91,0,91,0
2021-08-23,Amador,005,37829,4527,4369,41,4410,50
2021-08-23,Butte,007,227075,15561,14847,2551,17398,211
2021-08-23,Calaveras,009,45235,2929,2803,19,2822,59
2021-08-23,Colusa,011,21464,2269,2206,470,2676,16
2021-08-23,Contra Costa,013,1133247,88484,84651,1763,86414,857
2021-08-23,Del Norte,015,27424,2750,2499,16,2515,8
2021-08-23,El Dorado,017,186661,13369,12684,1185,13869,118
2021-08-23,Fresno,019,978130,115669,112445,10201,122646,1759
2021-08-23,Glenn,021,27897,2808,2696,749,3445,20
2021-08-23,Humboldt,023,135768,6850,6498,188,6686,52
2021-08-23,Imperial,025,180216,30299,30011,2872,32883,748
2021-08-23,Inyo,027,18085,1526,1509,14,1523,39
2021-08-23,Kern,029,883053,107407,104995,14465,119460,1375
2021-08-23,Kings,031,150075,26306,25465,1395,26860,257
2021-08-23,Lake,033,64148,5295,5099,54,5153,69
2021-08-23,Lassen,035,31185,5717,5562,151,5713,21
2021-08-23,Los Angeles,037,10098052,1343364,1326412,49453,1375865,25096
2021-08-23,Madera,039,155013,18791,18155,1308,19463,246
2021-08-23,Marin,041,260295,16179,15856,339,16195,240
2021-08-23,Mariposa,043,17540,712,645,19,664,5
2021-08-23,Mendocino,045,87422,5690,5374,184,5558,51
2021-08-23,Merced,047,269075,34989,34322,1305,35627,488
2021-08-23,Modoc,049,8938,445,431,154,585,6
2021-08-23,Mono,051,14174,1394,1384,18,1402,3
2021-08-23,Monterey,053,433212,45672,45047,2293,47340,538
2021-08-23,Napa,055,140530,11504,11257,70,11327,85
2021-08-23,Nevada,057,99092,7271,6930,243,7173,77
2021-08-23,Orange,059,3164182,285246,280891,13274,294165,5181
2021-08-23,Placer,061,380077,30296,28540,2577,31117,314
2021-08-23,Plumas,063,18699,998,934,16,950,5
2021-08-23,Riverside,065,2383286,328770,321650,15355,337005,4598
2021-08-23,Sacramento,067,1510023,134432,128969,2814,131783,1807
2021-08-23,San Benito,069,59416,6643,6562,130,6692,64
2021-08-23,San Bernardino,071,2135413,324479,319577,9998,329575,5324
2021-08-23,San Diego,073,3302833,330391,324536,19273,343809,3848
2021-08-23,San Francisco,075,870044,47167,45945,1954,47899,573
2021-08-23,San Joaquin,077,732212,86197,83466,4491,87957,1499
2021-08-23,San Luis Obispo,079,281455,25117,24317,961,25278,274
2021-08-23,San Mateo,081,765935,49217,47935,714,48649,553
2021-08-23,Santa Barbara,083,443738,39154,38181,1360,39541,478
2021-08-23,Santa Clara,085,1922200,133823,130489,999,131488,1778
2021-08-23,Santa Cruz,087,273765,18311,17871,922,18793,209
2021-08-23,Shasta,089,179085,15167,14537,2146,16683,216
2021-08-23,Sierra,091,2930,103,90,13,103,0
2021-08-23,Siskiyou,093,43540,2424,2274,659,2933,33
2021-08-23,Solano,095,438530,40896,38612,993,39605,283
2021-08-23,Sonoma,097,501317,37046,35769,447,36216,336
2021-08-23,Stanislaus,099,539301,65614,63922,7344,71266,1058
2021-08-23,Sutter,101,95872,11614,11314,133,11447,133
2021-08-23,Tehama,103,63373,6010,5805,802,6607,67
2021-08-23,Trinity,105,12862,600,435,145,580,3
2021-08-23,Tulare,107,460477,55301,53370,11045,64415,856
2021-08-23,Tuolumne,109,53932,5386,5240,61,5301,73
2021-08-23,Ventura,111,848112,90175,88960,3899,92859,1063
2021-08-23,Yolo,113,214977,17048,16445,766,17211,226
2021-08-23,Yuba,115,75493,7978,7653,174,7827,54
2021-08-22,Alameda,001,1643700,107495,104539,2429,106968,1294
2021-08-22,Alpine,003,1148,91,91,0,91,0
2021-08-22,Amador,005,37829,4497,4349,41,4390,50
2021-08-22,Butte,007,227075,15421,14791,2516,17307,211
2021-08-22,Calaveras,009,45235,2891,2771,19,2790,59
2021-08-22,Colusa,011,21464,2262,2201,464,2665,16
2021-08-22,Contra Costa,013,1133247,87943,84371,1750,86121,857
2021-08-22,Del Norte,015,27424,2690,2455,16,2471,8
2021-08-22,El Dorado,017,186661,13265,12629,1164,13793,118
2021-08-22,Fresno,019,978130,115070,112057,10132,122189,1759
2021-08-22,Glenn,021,27897,2780,2678,736,3414,20
2021-08-22,Humboldt,023,135768,6772,6483,170,6653,52
2021-08-22,Imperial,025,180216,30241,29993,2867,32860,748
2021-08-22,Inyo,027,18085,1520,1505,14,1519,39
2021-08-22,Kern,029,883053,106881,104691,14311,119002,1375
2021-08-22,Kings,031,150075,26148,25391,1378,26769,257
2021-08-22,Lake,033,64148,5250,5069,51,5120,69
2021-08-22,Lassen,035,31185,5685,5556,147,5703,21
2021-08-22,Los Angeles,037,10098052,1340055,1324151,49318,1373469,25089
2021-08-22,Madera,039,155013,18672,18120,1293,19413,246
2021-08-22,Marin,041,260295,16127,15822,331,16153,240
2021-08-22,Mariposa,043,17540,702,638,17,655,5
2021-08-22,Mendocino,045,87422,5631,5336,184,5520,51
2021-08-22,Merced,047,269075,34786,34234,1292,35526,488
2021-08-22,Modoc,049,8938,443,431,154,585,6
2021-08-22,Mono,051,14174,1392,1378,18,1396,3
2021-08-22,Monterey,053,433212,45573,45017,2279,47296,538
2021-08-22,Napa,055,140530,11459,11231,70,11301,85
2021-08-22,Nevada,057,99092,7197,6864,241,7105,77
2021-08-22,Orange,059,3164182,284552,280390,13230,293620,5181
2021-08-22,Placer,061,380077,30087,28395,2541,30936,314
2021-08-22,Plumas,063,18699,980,923,15,938,5
2021-08-22,Riverside,065,2383286,327749,320836,15307,336143,4594
2021-08-22,Sacramento,067,1510023,133656,128231,2774,131005,1802
2021-08-22,San Benito,069,59416,6627,6550,130,6680,64
2021-08-22,San Bernardino,071,2135413,323509,318839,9963,328802,5324
2021-08-22,San Diego,073,3302833,329070,323591,19167,342758,3848
2021-08-22,San Francisco,075,870044,47001,45831,1944,47775,573
2021-08-22,San Joaquin,077,732212,85737,83121,4456,87577,1498
2021-08-22,San Luis Obispo,079,281455,24911,24250,954,25204,274
2021-08-22,San Mateo,081,765935,49041,47821,709,48530,553
2021-08-22,Santa Barbara,083,443738,38973,38099,1352,39451,478
2021-08-22,Santa Clara,085,1922200,133406,130189,992,131181,1778
2021-08-22,Santa Cruz,087,273765,18253,17823,917,18740,209
2021-08-22,Shasta,089,179085,15030,14478,2110,16588,216
2021-08-22,Sierra,091,2930,103,87,13,100,0
2021-08-22,Siskiyou,093,43540,2395,2261,641,2902,33
2021-08-22,Solano,095,438530,40698,38489,980,39469,283
2021-08-22,Sonoma,097,501317,36890,35676,444,36120,336
2021-08-22,Stanislaus,099,539301,65261,63683,7254,70937,1058
2021-08-22,Sutter,101,95872,11532,11251,129,11380,133
2021-08-22,Tehama,103,63373,5964,5791,783,6574,67
2021-08-22,Trinity,105,12862,593,433,143,576,3
2021-08-22,Tulare,107,460477,54982,53220,10961,64181,856
2021-08-22,Tuolumne,109,53932,5344,5214,61,5275,73
2021-08-22,Ventura,111,848112,89966,88791,3882,92673,1063
2021-08-22,Yolo,113,214977,16945,16374,756,17130,226
2021-08-22,Yuba,115,75493,7905,7626,173,7799,54
2021-08-21,Alameda,001,1643700,107291,104281,2422,106703,1294
2021-08-21,Alpine,003,1148,91,91,0,91,0
2021-08-21,Amador,005,37829,4487,4338,39,4377,50
2021-08-21,Butte,007,227075,15353,14714,2496,17210,211
2021-08-21,Calaveras,009,45235,2875,2744,19,2763,59
2021-08-21,Colusa,011,21464,2256,2192,460,2652,16
2021-08-21,Contra Costa,013,1133247,87684,84136,1742,85878,857
2021-08-21,Del Norte,015,27424,2667,2409,16,2425,8
2021-08-21,El Dorado,017,186661,13221,12590,1160,13750,118
2021-08-21,Fresno,019,978130,114870,111765,10119,121884,1759
2021-08-21,Glenn,021,27897,2767,2654,728,3382,20
2021-08-21,Humboldt,023,135768,6734,6446,164,6610,52
2021-08-21,Imperial,025,180216,30198,29976,2864,32840,748
2021-08-21,Inyo,027,18085,1517,1500,14,1514,39
2021-08-21,Kern,029,883053,106626,104443,14187,118630,1375
2021-08-21,Kings,031,150075,26077,25313,1373,26686,257
2021-08-21,Lake,033,64148,5230,5055,49,5104,69
2021-08-21,Lassen,035,31185,5671,5553,147,5700,21
2021-08-21,Los Angeles,037,10098052,1338754,1321308,49224,1370532,25080
2021-08-21,Madera,039,155013,18634,18067,1287,19354,246
2021-08-21,Marin,041,260295,16093,15775,329,16104,240
2021-08-21,Mariposa,043,17540,692,634,17,651,5
2021-08-21,Mendocino,045,87422,5585,5307,183,5490,51
2021-08-21,Merced,047,269075,34681,34148,1287,35435,488
2021-08-21,Modoc,049,8938,443,430,154,584,6
2021-08-21,Mono,051,14174,1392,1378,18,1396,3
2021-08-21,Monterey,053,433212,45526,44969,2272,47241,538
2021-08-21,Napa,055,140530,11424,11211,70,11281,85
2021-08-21,Nevada,057,99092,7153,6810,239,7049,77
2021-08-21,Orange,059,3164182,284099,279855,13196,293051,5181
2021-08-21,Placer,061,380077,29949,28289,2516,30805,314
2021-08-21,Plumas,063,18699,976,916,14,930,5
2021-08-21,Riverside,065,2383286,327169,320086,15294,335380,4594
2021-08-21,Sacramento,067,1510023,133161,127751,2763,130514,1809
2021-08-21,San Benito,069,59416,6617,6542,129,6671,64
2021-08-21,San Bernardino,071,2135413,323060,318293,9942,328235,5324
2021-08-21,San Diego,073,3302833,328414,322620,19118,341738,3848
2021-08-21,San Francisco,075,870044,46899,45637,1937,47574,573
2021-08-21,San Joaquin,077,732212,85520,82825,4442,87267,1498
2021-08-21,San Luis Obispo,079,281455,24853,24169,954,25123,273
2021-08-21,San Mateo,081,765935,48946,47685,709,48394,553
2021-08-21,Santa Barbara,083,443738,38891,37951,1348,39299,478
2021-08-21,Santa Clara,085,1922200,133141,129911,988,130899,1778
2021-08-21,Santa Cruz,087,273765,18216,17763,912,18675,209
2021-08-21,Shasta,089,179085,14956,14417,2096,16513,217
2021-08-21,Sierra,091,2930,98,85,13,98,0
2021-08-21,Siskiyou,093,43540,2381,2246,630,2876,33
2021-08-21,Solano,095,438530,40587,38423,970,39393,281
2021-08-21,Sonoma,097,501317,36803,35582,443,36025,336
2021-08-21,Stanislaus,099,539301,65079,63512,7236,70748,1058
2021-08-21,Sutter,101,95872,11487,11204,127,11331,133
2021-08-21,Tehama,103,63373,5939,5757,776,6533,67
2021-08-21,Trinity,105,12862,588,431,141,572,3
2021-08-21,Tulare,107,460477,54839,53045,10917,63962,857
2021-08-21,Tuolumne,109,53932,5313,5193,61,5254,73
2021-08-21,Ventura,111,848112,89821,88558,3867,92425,1063
2021-08-21,Yolo,113,214977,16898,16322,750,17072,226
2021-08-21,Yuba,115,75493,7859,7580,172,7752,54
2021-08-20,Alameda,001,1643700,107052,103812,2414,106226,1294
2021-08-20,Alpine,003,1148,91,91,0,91,0
2021-08-20,Amador,005,37829,4461,4323,39,4362,50
2021-08-20,Butte,007,227075,15280,14617,2475,17092,211
2021-08-20,Calaveras,009,45235,2855,2717,19,2736,59
2021-08-20,Colusa,011,21464,2251,2178,458,2636,16
2021-08-20,Contra Costa,013,1133247,87409,83721,1735,85456,857
2021-08-20,Del Norte,015,27424,2635,2316,16,2332,8
2021-08-20,El Dorado,017,186661,13183,12495,1152,13647,118
2021-08-20,Fresno,019,978130,114514,111315,10085,121400,1759
2021-08-20,Glenn,021,27897,2760,2642,718,3360,20
2021-08-20,Humboldt,023,135768,6682,6349,159,6508,52
2021-08-20,Imperial,025,180216,30175,29934,2864,32798,747
2021-08-20,Inyo,027,18085,1511,1495,14,1509,39
2021-08-20,Kern,029,883053,106342,104048,14059,118107,1373
2021-08-20,Kings,031,150075,26011,25241,1371,26612,256
2021-08-20,Lake,033,64148,5215,5024,46,5070,69
2021-08-20,Lassen,035,31185,5651,5539,147,5686,21
2021-08-20,Los Angeles,037,10098052,1336873,1317541,49123,1366664,25049
2021-08-20,Madera,039,155013,18585,18018,1272,19290,246
2021-08-20,Marin,041,260295,16075,15727,325,16052,240
2021-08-20,Mariposa,043,17540,687,630,17,647,5
2021-08-20,Mendocino,045,87422,5539,5241,182,5423,51
2021-08-20,Merced,047,269075,34617,34035,1277,35312,486
2021-08-20,Modoc,049,8938,443,429,154,583,6
2021-08-20,Mono,051,14174,1391,1368,18,1386,3
2021-08-20,Monterey,053,433212,45488,44890,2265,47155,538
2021-08-20,Napa,055,140530,11392,11152,70,11222,83
2021-08-20,Nevada,057,99092,7111,6753,233,6986,77
2021-08-20,Orange,059,3164182,283654,279193,13175,292368,5179
2021-08-20,Placer,061,380077,29854,28156,2487,30643,313
2021-08-20,Plumas,063,18699,966,908,14,922,5
2021-08-20,Riverside,065,2383286,326473,319072,15263,334335,4594
2021-08-20,Sacramento,067,1510023,132685,127226,2746,129972,1797
2021-08-20,San Benito,069,59416,6603,6508,129,6637,64
2021-08-20,San Bernardino,071,2135413,322447,317372,9913,327285,5322
2021-08-20,San Diego,073,3302833,327505,321102,19048,340150,3846
2021-08-20,San Francisco,075,870044,46802,45432,1922,47354,573
2021-08-20,San Joaquin,077,732212,85290,82419,4424,86843,1496
2021-08-20,San Luis Obispo,079,281455,24775,23986,950,24936,273
2021-08-20,San Mateo,081,765935,48833,47561,706,48267,551
2021-08-20,Santa Barbara,083,443738,38806,37794,1343,39137,477
2021-08-20,Santa Clara,085,1922200,132858,129510,983,130493,1774
2021-08-20,Santa Cruz,087,273765,18176,17701,909,18610,209
2021-08-20,Shasta,089,179085,14876,14277,2077,16354,215
2021-08-20,Sierra,091,2930,97,83,13,96,0
2021-08-20,Siskiyou,093,43540,2365,2226,625,2851,33
2021-08-20,Solano,095,438530,40447,38214,959,39173,277
2021-08-20,Sonoma,097,501317,36735,35416,442,35858,336
2021-08-20,Stanislaus,099,539301,64890,63219,7212,70431,1047
2021-08-20,Sutter,101,95872,11431,11136,126,11262,133
2021-08-20,Tehama,103,63373,5923,5730,764,6494,66
2021-08-20,Trinity,105,12862,588,422,140,562,3
2021-08-20,Tulare,107,460477,54709,52855,10874,63729,856
2021-08-20,Tuolumne,109,53932,5289,5153,60,5213,73
2021-08-20,Ventura,111,848112,89653,88285,3864,92149,1061
2021-08-20,Yolo,113,214977,16844,16236,744,16980,225
2021-08-20,Yuba,115,75493,7818,7523,172,7695,54
2021-08-19,Alameda,001,1643700,106602,103276,2392,105668,1294
2021-08-19,Alpine,003,1148,91,91,0,91,0
2021-08-19,Amador,005,37829,4454,4317,39,4356,50
2021-08-19,Butte,007,227075,15146,14518,2446,16964,211
2021-08-19,Calaveras,009,45235,2833,2673,19,2692,59
2021-08-19,Colusa,011,21464,2242,2167,453,2620,16
2021-08-19,Contra Costa,013,1133247,86971,83296,1721,85017,852
2021-08-19,Del Norte,015,27424,2585,2257,16,2273,8
2021-08-19,El Dorado,017,186661,13097,12410,1133,13543,118
2021-08-19,Fresno,019,978130,114076,110947,10031,120978,1759
2021-08-19,Glenn,021,27897,2742,2629,711,3340,20
2021-08-19,Humboldt,023,135768,6620,6246,153,6399,52
2021-08-19,Imperial,025,180216,30129,29865,2859,32724,747
2021-08-19,Inyo,027,18085,1504,1494,14,1508,39
2021-08-19,Kern,029,883053,105946,103731,13918,117649,1371
2021-08-19,Kings,031,150075,25880,25128,1359,26487,256
2021-08-19,Lake,033,64148,5183,4991,42,5033,69
2021-08-19,Lassen,035,31185,5633,5520,146,5666,21
2021-08-19,Los Angeles,037,10098052,1333891,1314453,48980,1363433,25020
2021-08-19,Madera,039,155013,18523,17947,1257,19204,246
2021-08-19,Marin,041,260295,16042,15672,322,15994,240
2021-08-19,Mariposa,043,17540,672,618,17,635,5
2021-08-19,Mendocino,045,87422,5506,5167,179,5346,51
2021-08-19,Merced,047,269075,34482,33851,1264,35115,486
2021-08-19,Modoc,049,8938,443,427,154,581,6
2021-08-19,Mono,051,14174,1387,1349,18,1367,3
2021-08-19,Monterey,053,433212,45415,44821,2255,47076,538
2021-08-19,Napa,055,140530,11340,11104,70,11174,83
2021-08-19,Nevada,057,99092,7047,6695,231,6926,77
2021-08-19,Orange,059,3164182,283018,278562,13124,291686,5172
2021-08-19,Placer,061,380077,29674,27953,2469,30422,313
2021-08-19,Plumas,063,18699,953,896,14,910,5
2021-08-19,Riverside,065,2383286,325445,318056,15234,333290,4589
2021-08-19,Sacramento,067,1510023,131981,126720,2711,129431,1801
2021-08-19,San Benito,069,59416,6585,6493,128,6621,64
2021-08-19,San Bernardino,071,2135413,321624,316398,9890,326288,5318
2021-08-19,San Diego,073,3302833,326254,319582,18950,338532,3839
2021-08-19,San Francisco,075,870044,46639,45220,1909,47129,571
2021-08-19,San Joaquin,077,732212,84845,82047,4373,86420,1491
2021-08-19,San Luis Obispo,079,281455,24637,23878,943,24821,271
2021-08-19,San Mateo,081,765935,48701,47431,704,48135,551
2021-08-19,Santa Barbara,083,443738,38661,37693,1340,39033,477
2021-08-19,Santa Clara,085,1922200,132468,129133,976,130109,1774
2021-08-19,Santa Cruz,087,273765,18113,17644,902,18546,209
2021-08-19,Shasta,089,179085,14752,14200,2054,16254,214
2021-08-19,Sierra,091,2930,93,83,13,96,0
2021-08-19,Siskiyou,093,43540,2350,2218,613,2831,33
2021-08-19,Solano,095,438530,40289,38025,947,38972,273
2021-08-19,Sonoma,097,501317,36647,35233,441,35674,336
2021-08-19,Stanislaus,099,539301,64547,62928,7168,70096,1047
2021-08-19,Sutter,101,95872,11346,11057,125,11182,133
2021-08-19,Tehama,103,63373,5887,5683,737,6420,66
2021-08-19,Trinity,105,12862,584,414,138,552,3
2021-08-19,Tulare,107,460477,54477,52685,10810,63495,856
2021-08-19,Tuolumne,109,53932,5253,5112,59,5171,64
2021-08-19,Ventura,111,848112,89450,88073,3849,91922,1060
2021-08-19,Yolo,113,214977,16759,16153,736,16889,225
2021-08-19,Yuba,115,75493,7765,7458,171,7629,51
2021-08-18,Alameda,001,1643700,106188,102696,2370,105066,1294
2021-08-18,Alpine,003,1148,90,91,0,91,0
2021-08-18,Amador,005,37829,4438,4279,38,4317,50
2021-08-18,Butte,007,227075,15036,14426,2419,16845,208
2021-08-18,Calaveras,009,45235,2796,2643,18,2661,59
2021-08-18,Colusa,011,21464,2234,2160,449,2609,16
2021-08-18,Contra Costa,013,1133247,86471,82767,1715,84482,851
2021-08-18,Del Norte,015,27424,2528,2219,16,2235,8
2021-08-18,El Dorado,017,186661,13007,12306,1119,13425,118
2021-08-18,Fresno,019,978130,113622,110523,9968,120491,1759
2021-08-18,Glenn,021,27897,2710,2623,703,3326,20
2021-08-18,Humboldt,023,135768,6549,6195,148,6343,52
2021-08-18,Imperial,025,180216,30096,29821,2857,32678,746
2021-08-18,Inyo,027,18085,1501,1494,14,1508,39
2021-08-18,Kern,029,883053,105599,103440,13823,117263,1370
2021-08-18,Kings,031,150075,25771,24984,1351,26335,256
2021-08-18,Lake,033,64148,5142,4957,41,4998,69
2021-08-18,Lassen,035,31185,5614,5506,145,5651,21
2021-08-18,Los Angeles,037,10098052,1330739,1311477,48849,1360326,24984
2021-08-18,Madera,039,155013,18464,17871,1244,19115,246
2021-08-18,Marin,041,260295,16004,15610,319,15929,240
2021-08-18,Mariposa,043,17540,659,615,16,631,5
2021-08-18,Mendocino,045,87422,5455,5129,177,5306,51
2021-08-18,Merced,047,269075,34318,33708,1253,34961,484
2021-08-18,Modoc,049,8938,443,427,153,580,6
2021-08-18,Mono,051,14174,1384,1344,18,1362,3
2021-08-18,Monterey,053,433212,45331,44735,2238,46973,532
2021-08-18,Napa,055,140530,11301,11060,69,11129,83
2021-08-18,Nevada,057,99092,6981,6633,231,6864,76
2021-08-18,Orange,059,3164182,282381,277795,13069,290864,5168
2021-08-18,Placer,061,380077,29447,27741,2441,30182,312
2021-08-18,Plumas,063,18699,944,874,14,888,5
2021-08-18,Riverside,065,2383286,324446,317107,15200,332307,4585
2021-08-18,Sacramento,067,1510023,131221,125599,2679,128278,1781
2021-08-18,San Benito,069,59416,6574,6481,127,6608,64
2021-08-18,San Bernardino,071,2135413,320824,315477,9871,325348,5304
2021-08-18,San Diego,073,3302833,324914,318152,18884,337036,3834
2021-08-18,San Francisco,075,870044,46436,44957,1899,46856,568
2021-08-18,San Joaquin,077,732212,84393,81601,4342,85943,1491
2021-08-18,San Luis Obispo,079,281455,24487,23726,930,24656,270
2021-08-18,San Mateo,081,765935,48537,47255,703,47958,551
2021-08-18,Santa Barbara,083,443738,38530,37599,1334,38933,475
2021-08-18,Santa Clara,085,1922200,132104,128563,973,129536,1773
2021-08-18,Santa Cruz,087,273765,18058,17566,898,18464,209
2021-08-18,Shasta,089,179085,14653,14087,2035,16122,213
2021-08-18,Sierra,091,2930,92,83,13,96,0
2021-08-18,Siskiyou,093,43540,2321,2204,601,2805,33
2021-08-18,Solano,095,438530,40083,37812,932,38744,271
2021-08-18,Sonoma,097,501317,36503,35063,440,35503,333
2021-08-18,Stanislaus,099,539301,64216,62613,7124,69737,1047
2021-08-18,Sutter,101,95872,11274,11004,120,11124,130
2021-08-18,Tehama,103,63373,5852,5653,727,6380,66
2021-08-18,Trinity,105,12862,577,409,135,544,3
2021-08-18,Tulare,107,460477,54237,52486,10741,63227,856
2021-08-18,Tuolumne,109,53932,5217,5081,57,5138,64
2021-08-18,Ventura,111,848112,89218,87835,3839,91674,1055
2021-08-18,Yolo,113,214977,16676,16047,717,16764,225
2021-08-18,Yuba,115,75493,7700,7391,171,7562,51
2021-08-17,Alameda,001,1643700,105788,102379,2355,104734,1290
2021-08-17,Alpine,003,1148,90,91,0,91,0
2021-08-17,Amador,005,37829,4409,4266,38,4304,50
2021-08-17,Butte,007,227075,14929,14357,2385,16742,206
2021-08-17,Calaveras,009,45235,2762,2624,18,2642,59
2021-08-17,Colusa,011,21464,2225,2156,445,2601,16
2021-08-17,Contra Costa,013,1133247,86025,82482,1704,84186,848
2021-08-17,Del Norte,015,27424,2474,2188,16,2204,8
2021-08-17,El Dorado,017,186661,12920,12242,1106,13348,118
2021-08-17,Fresno,019,978130,113138,110263,9904,120167,1755
2021-08-17,Glenn,021,27897,2696,2608,694,3302,20
2021-08-17,Humboldt,023,135768,6469,6155,146,6301,52
2021-08-17,Imperial,025,180216,30045,29768,2853,32621,746
2021-08-17,Inyo,027,18085,1498,1492,14,1506,39
2021-08-17,Kern,029,883053,105205,103048,13699,116747,1367
2021-08-17,Kings,031,150075,25665,24930,1340,26270,254
2021-08-17,Lake,033,64148,5099,4930,35,4965,68
2021-08-17,Lassen,035,31185,5597,5499,143,5642,21
2021-08-17,Los Angeles,037,10098052,1327185,1307999,48719,1356718,24952
2021-08-17,Madera,039,155013,18390,17838,1226,19064,246
2021-08-17,Marin,041,260295,15948,15570,319,15889,240
2021-08-17,Mariposa,043,17540,651,609,15,624,5
2021-08-17,Mendocino,045,87422,5400,5097,177,5274,51
2021-08-17,Merced,047,269075,34168,33508,1243,34751,482
2021-08-17,Modoc,049,8938,440,424,151,575,6
2021-08-17,Mono,051,14174,1379,1341,18,1359,3
2021-08-17,Monterey,053,433212,45247,44672,2228,46900,528
2021-08-17,Napa,055,140530,11260,11007,68,11075,83
2021-08-17,Nevada,057,99092,6906,6605,229,6834,75
2021-08-17,Orange,059,3164182,281734,277121,13033,290154,5164
2021-08-17,Placer,061,380077,29232,27634,2412,30046,312
2021-08-17,Plumas,063,18699,932,860,14,874,5
2021-08-17,Riverside,065,2383286,323434,316051,15157,331208,4582
2021-08-17,Sacramento,067,1510023,130427,125151,2636,127787,1774
2021-08-17,San Benito,069,59416,6555,6470,127,6597,64
2021-08-17,San Bernardino,071,2135413,319886,314402,9831,324233,5302
2021-08-17,San Diego,073,3302833,323304,317058,18786,335844,3824
2021-08-17,San Francisco,075,870044,46236,44820,1893,46713,567
2021-08-17,San Joaquin,077,732212,83925,81300,4309,85609,1489
2021-08-17,San Luis Obispo,079,281455,24331,23556,927,24483,268
2021-08-17,San Mateo,081,765935,48382,47127,698,47825,551
2021-08-17,Santa Barbara,083,443738,38371,37478,1327,38805,475
2021-08-17,Santa Clara,085,1922200,131701,128354,966,129320,1773
2021-08-17,Santa Cruz,087,273765,17973,17528,897,18425,209
2021-08-17,Shasta,089,179085,14522,14012,2016,16028,214
2021-08-17,Sierra,091,2930,91,82,13,95,0
2021-08-17,Siskiyou,093,43540,2305,2183,588,2771,33
2021-08-17,Solano,095,438530,39854,37662,919,38581,269
2021-08-17,Sonoma,097,501317,36355,34943,436,35379,333
2021-08-17,Stanislaus,099,539301,63876,62385,7064,69449,1047
2021-08-17,Sutter,101,95872,11202,10973,120,11093,130
2021-08-17,Tehama,103,63373,5818,5612,705,6317,66
2021-08-17,Trinity,105,12862,572,406,132,538,3
2021-08-17,Tulare,107,460477,53969,52362,10676,63038,856
2021-08-17,Tuolumne,109,53932,5174,5042,56,5098,64
2021-08-17,Ventura,111,848112,88980,87601,3818,91419,1053
2021-08-17,Yolo,113,214977,16587,15975,703,16678,225
2021-08-17,Yuba,115,75493,7629,7355,171,7526,51
2021-08-16,Alameda,001,1643700,105285,102052,2346,104398,1287
2021-08-16,Alpine,003,1148,90,91,0,91,0
2021-08-16,Amador,005,37829,4399,4235,38,4273,50
2021-08-16,Butte,007,227075,14811,14283,2350,16633,206
2021-08-16,Calaveras,009,45235,2702,2609,17,2626,57
2021-08-16,Colusa,011,21464,2214,2147,441,2588,16
2021-08-16,Contra Costa,013,1133247,85483,82070,1694,83764,848
2021-08-16,Del Norte,015,27424,2397,2125,16,2141,8
2021-08-16,El Dorado,017,186661,12819,12139,1093,13232,118
2021-08-16,Fresno,019,978130,112640,109623,9852,119475,1753
2021-08-16,Glenn,021,27897,2677,2593,688,3281,20
2021-08-16,Humboldt,023,135768,6398,6064,125,6189,52
2021-08-16,Imperial,025,180216,30004,29737,2838,32575,746
2021-08-16,Inyo,027,18085,1495,1490,14,1504,39
2021-08-16,Kern,029,883053,104830,102690,13583,116273,1367
2021-08-16,Kings,031,150075,25562,24817,1330,26147,254
2021-08-16,Lake,033,64148,5072,4898,34,4932,68
2021-08-16,Lassen,035,31185,5581,5481,135,5616,21
2021-08-16,Los Angeles,037,10098052,1323803,1305330,48574,1353904,24923
2021-08-16,Madera,039,155013,18315,17756,1205,18961,246
2021-08-16,Marin,041,260295,15889,15497,318,15815,239
2021-08-16,Mariposa,043,17540,634,597,15,612,5
2021-08-16,Mendocino,045,87422,5344,5037,175,5212,49
2021-08-16,Merced,047,269075,33967,33364,1230,34594,481
2021-08-16,Modoc,049,8938,438,421,150,571,5
2021-08-16,Mono,051,14174,1374,1339,18,1357,3
2021-08-16,Monterey,053,433212,45168,44595,2216,46811,527
2021-08-16,Napa,055,140530,11231,10946,68,11014,83
2021-08-16,Nevada,057,99092,6851,6535,228,6763,74
2021-08-16,Orange,059,3164182,280940,275985,12986,288971,5161
2021-08-16,Placer,061,380077,29049,27384,2380,29764,306
2021-08-16,Plumas,063,18699,921,851,14,865,5
2021-08-16,Riverside,065,2383286,322343,314774,15120,329894,4582
2021-08-16,Sacramento,067,1510023,129617,124554,2593,127147,1762
2021-08-16,San Benito,069,59416,6531,6452,127,6579,64
2021-08-16,San Bernardino,071,2135413,318921,313617,9804,323421,5301
2021-08-16,San Diego,073,3302833,321706,315348,18646,333994,3824
2021-08-16,San Francisco,075,870044,46032,44681,1885,46566,567
2021-08-16,San Joaquin,077,732212,83422,81087,4282,85369,1488
2021-08-16,San Luis Obispo,079,281455,24181,23452,919,24371,265
2021-08-16,San Mateo,081,765935,48199,47024,691,47715,548
2021-08-16,Santa Barbara,083,443738,38200,37358,1322,38680,475
2021-08-16,Santa Clara,085,1922200,131237,127978,962,128940,1773
2021-08-16,Santa Cruz,087,273765,17909,17491,891,18382,209
2021-08-16,Shasta,089,179085,14433,13862,2000,15862,211
2021-08-16,Sierra,091,2930,88,82,13,95,0
2021-08-16,Siskiyou,093,43540,2288,2169,568,2737,33
2021-08-16,Solano,095,438530,39573,37436,906,38342,263
2021-08-16,Sonoma,097,501317,36187,34844,434,35278,333
2021-08-16,Stanislaus,099,539301,63537,62033,7012,69045,1039
2021-08-16,Sutter,101,95872,11133,10902,119,11021,130
2021-08-16,Tehama,103,63373,5755,5565,700,6265,66
2021-08-16,Trinity,105,12862,566,400,131,531,3
2021-08-16,Tulare,107,460477,53726,52162,10606,62768,856
2021-08-16,Tuolumne,109,53932,5135,4984,55,5039,64
2021-08-16,Ventura,111,848112,88735,86954,3800,90754,1052
2021-08-16,Yolo,113,214977,16486,15922,695,16617,225
2021-08-16,Yuba,115,75493,7545,7314,170,7484,51
2021-08-15,Alameda,001,1643700,104793,101660,2329,103989,1287
2021-08-15,Alpine,003,1148,90,91,0,91,0
2021-08-15,Amador,005,37829,4371,4231,38,4269,49
2021-08-15,Butte,007,227075,14687,14263,2327,16590,206
2021-08-15,Calaveras,009,45235,2660,2599,17,2616,57
2021-08-15,Colusa,011,21464,2202,2140,431,2571,16
2021-08-15,Contra Costa,013,1133247,85001,81781,1679,83460,848
2021-08-15,Del Norte,015,27424,2330,2060,16,2076,8
2021-08-15,El Dorado,017,186661,12684,12057,1076,13133,118
2021-08-15,Fresno,019,978130,112161,109382,9786,119168,1753
2021-08-15,Glenn,021,27897,2654,2592,676,3268,20
2021-08-15,Humboldt,023,135768,6324,6024,119,6143,52
2021-08-15,Imperial,025,180216,29938,29711,2834,32545,746
2021-08-15,Inyo,027,18085,1494,1489,14,1503,39
2021-08-15,Kern,029,883053,104386,102524,13470,115994,1367
2021-08-15,Kings,031,150075,25417,24736,1320,26056,254
2021-08-15,Lake,033,64148,5013,4886,33,4919,68
2021-08-15,Lassen,035,31185,5564,5482,134,5616,21
2021-08-15,Los Angeles,037,10098052,1320271,1302882,48402,1351284,24918
2021-08-15,Madera,039,155013,18227,17714,1189,18903,246
2021-08-15,Marin,041,260295,15830,15461,316,15777,239
2021-08-15,Mariposa,043,17540,627,591,14,605,5
2021-08-15,Mendocino,045,87422,5287,5022,169,5191,49
2021-08-15,Merced,047,269075,33723,33305,1219,34524,481
2021-08-15,Modoc,049,8938,436,421,150,571,5
2021-08-15,Mono,051,14174,1370,1334,18,1352,3
2021-08-15,Monterey,053,433212,45046,44567,2194,46761,527
2021-08-15,Napa,055,140530,11176,10919,68,10987,83
2021-08-15,Nevada,057,99092,6766,6486,228,6714,74
2021-08-15,Orange,059,3164182,280169,275447,12945,288392,5161
2021-08-15,Placer,061,380077,28827,27220,2332,29552,306
2021-08-15,Plumas,063,18699,909,850,14,864,5
2021-08-15,Riverside,065,2383286,321205,314133,15093,329226,4582
2021-08-15,Sacramento,067,1510023,128801,123924,2561,126485,1761
2021-08-15,San Benito,069,59416,6513,6446,126,6572,64
2021-08-15,San Bernardino,071,2135413,317848,313120,9774,322894,5301
2021-08-15,San Diego,073,3302833,320236,314247,18519,332766,3824
2021-08-15,San Francisco,075,870044,45809,44531,1868,46399,567
2021-08-15,San Joaquin,077,732212,82934,80832,4243,85075,1488
2021-08-15,San Luis Obispo,079,281455,23984,23404,909,24313,265
2021-08-15,San Mateo,081,765935,48011,46897,685,47582,548
2021-08-15,Santa Barbara,083,443738,38028,37276,1315,38591,475
2021-08-15,Santa Clara,085,1922200,130804,127715,956,128671,1773
2021-08-15,Santa Cruz,087,273765,17839,17440,884,18324,209
2021-08-15,Shasta,089,179085,14330,13835,1975,15810,211
2021-08-15,Sierra,091,2930,87,82,12,94,0
2021-08-15,Siskiyou,093,43540,2267,2169,554,2723,33
2021-08-15,Solano,095,438530,39317,37320,895,38215,263
2021-08-15,Sonoma,097,501317,35991,34706,426,35132,333
2021-08-15,Stanislaus,099,539301,63169,61795,6933,68728,1039
2021-08-15,Sutter,101,95872,11042,10863,119,10982,130
2021-08-15,Tehama,103,63373,5706,5550,694,6244,66
2021-08-15,Trinity,105,12862,562,400,130,530,3
2021-08-15,Tulare,107,460477,53470,52046,10546,62592,856
2021-08-15,Tuolumne,109,53932,5097,4934,53,4987,64
2021-08-15,Ventura,111,848112,88430,86797,3786,90583,1052
2021-08-15,Yolo,113,214977,16389,15873,685,16558,225
2021-08-15,Yuba,115,75493,7468,7265,169,7434,51
2021-08-14,Alameda,001,1643700,104577,101305,2325,103630,1287
2021-08-14,Alpine,003,1148,90,91,0,91,0
2021-08-14,Amador,005,37829,4353,4206,38,4244,49
2021-08-14,Butte,007,227075,14651,14192,2311,16503,206
2021-08-14,Calaveras,009,45235,2653,2579,17,2596,57
2021-08-14,Colusa,011,21464,2191,2134,427,2561,16
2021-08-14,Contra Costa,013,1133247,84752,81458,1671,83129,848
2021-08-14,Del Norte,015,27424,2303,2015,16,2031,8
2021-08-14,El Dorado,017,186661,12648,12019,1068,13087,118
2021-08-14,Fresno,019,978130,112000,109056,9756,118812,1753
2021-08-14,Glenn,021,27897,2643,2583,673,3256,20
2021-08-14,Humboldt,023,135768,6271,5998,115,6113,52
2021-08-14,Imperial,025,180216,29911,29671,2834,32505,746
2021-08-14,Inyo,027,18085,1492,1487,14,1501,39
2021-08-14,Kern,029,883053,104191,102306,13374,115680,1367
2021-08-14,Kings,031,150075,25319,24647,1311,25958,254
2021-08-14,Lake,033,64148,4996,4850,32,4882,68
2021-08-14,Lassen,035,31185,5557,5475,133,5608,21
2021-08-14,Los Angeles,037,10098052,1318498,1299346,48263,1347609,24911
2021-08-14,Madera,039,155013,18180,17691,1184,18875,246
2021-08-14,Marin,041,260295,15796,15441,316,15757,239
2021-08-14,Mariposa,043,17540,623,584,14,598,5
2021-08-14,Mendocino,045,87422,5251,4977,166,5143,49
2021-08-14,Merced,047,269075,33659,33234,1213,34447,481
2021-08-14,Modoc,049,8938,436,421,150,571,5
2021-08-14,Mono,051,14174,1365,1332,18,1350,3
2021-08-14,Monterey,053,433212,45001,44514,2191,46705,527
2021-08-14,Napa,055,140530,11146,10878,67,10945,83
2021-08-14,Nevada,057,99092,6731,6419,227,6646,74
2021-08-14,Orange,059,3164182,279735,274732,12917,287649,5161
2021-08-14,Placer,061,380077,28681,27115,2308,29423,306
2021-08-14,Plumas,063,18699,899,849,14,863,5
2021-08-14,Riverside,065,2383286,320489,313264,15072,328336,4582
2021-08-14,Sacramento,067,1510023,128307,123438,2543,125981,1758
2021-08-14,San Benito,069,59416,6500,6428,126,6554,64
2021-08-14,San Bernardino,071,2135413,317298,312142,9753,321895,5301
2021-08-14,San Diego,073,3302833,319565,313589,18451,332040,3824
2021-08-14,San Francisco,075,870044,45680,44353,1849,46202,567
2021-08-14,San Joaquin,077,732212,82718,80585,4228,84813,1488
2021-08-14,San Luis Obispo,079,281455,23923,23328,906,24234,265
2021-08-14,San Mateo,081,765935,47892,46792,681,47473,548
2021-08-14,Santa Barbara,083,443738,37934,37118,1312,38430,475
2021-08-14,Santa Clara,085,1922200,130525,127432,953,128385,1772
2021-08-14,Santa Cruz,087,273765,17800,17384,883,18267,209
2021-08-14,Shasta,089,179085,14255,13813,1954,15767,211
2021-08-14,Sierra,091,2930,86,81,12,93,0
2021-08-14,Siskiyou,093,43540,2257,2160,544,2704,33
2021-08-14,Solano,095,438530,39230,37237,883,38120,263
2021-08-14,Sonoma,097,501317,35868,34606,424,35030,333
2021-08-14,Stanislaus,099,539301,62995,61564,6888,68452,1039
2021-08-14,Sutter,101,95872,10997,10808,118,10926,130
2021-08-14,Tehama,103,63373,5682,5530,690,6220,66
2021-08-14,Trinity,105,12862,556,399,130,529,3
2021-08-14,Tulare,107,460477,53334,51951,10500,62451,856
2021-08-14,Tuolumne,109,53932,5062,4924,53,4977,64
2021-08-14,Ventura,111,848112,88274,86569,3766,90335,1052
2021-08-14,Yolo,113,214977,16344,15815,675,16490,225
2021-08-14,Yuba,115,75493,7419,7223,169,7392,51
2021-08-13,Alameda,001,1643700,104280,100930,2317,103247,1284
2021-08-13,Alpine,003,1148,90,91,0,91,0
2021-08-13,Amador,005,37829,4325,4169,38,4207,49
2021-08-13,Butte,007,227075,14581,14100,2295,16395,206
2021-08-13,Calaveras,009,45235,2647,2564,17,2581,57
2021-08-13,Colusa,011,21464,2184,2123,422,2545,16
2021-08-13,Contra Costa,013,1133247,84441,81046,1663,82709,848
2021-08-13,Del Norte,015,27424,2262,1973,16,1989,8
2021-08-13,El Dorado,017,186661,12608,11951,1056,13007,118
2021-08-13,Fresno,019,978130,111708,108638,9732,118370,1753
2021-08-13,Glenn,021,27897,2632,2574,669,3243,20
2021-08-13,Humboldt,023,135768,6224,5882,112,5994,52
2021-08-13,Imperial,025,180216,29884,29654,2833,32487,745
2021-08-13,Inyo,027,18085,1491,1484,14,1498,39
2021-08-13,Kern,029,883053,103982,102029,13265,115294,1364
2021-08-13,Kings,031,150075,25234,24531,1304,25835,253
2021-08-13,Lake,033,64148,4973,4811,31,4842,68
2021-08-13,Lassen,035,31185,5549,5455,132,5587,21
2021-08-13,Los Angeles,037,10098052,1316175,1295406,48126,1343532,24891
2021-08-13,Madera,039,155013,18131,17614,1175,18789,246
2021-08-13,Marin,041,260295,15765,15380,316,15696,239
2021-08-13,Mariposa,043,17540,617,577,14,591,5
2021-08-13,Mendocino,045,87422,5198,4924,164,5088,49
2021-08-13,Merced,047,269075,33612,33111,1207,34318,480
2021-08-13,Modoc,049,8938,435,421,149,570,5
2021-08-13,Mono,051,14174,1362,1331,18,1349,3
2021-08-13,Monterey,053,433212,44941,44450,2189,46639,527
2021-08-13,Napa,055,140530,11110,10830,67,10897,83
2021-08-13,Nevada,057,99092,6690,6356,226,6582,74
2021-08-13,Orange,059,3164182,279241,274004,12868,286872,5159
2021-08-13,Placer,061,380077,28581,26987,2281,29268,306
2021-08-13,Plumas,063,18699,885,842,14,856,5
2021-08-13,Riverside,065,2383286,319750,312408,15047,327455,4581
2021-08-13,Sacramento,067,1510023,127837,122868,2516,125384,1758
2021-08-13,San Benito,069,59416,6494,6422,124,6546,64
2021-08-13,San Bernardino,071,2135413,316629,311378,9734,321112,5301
2021-08-13,San Diego,073,3302833,318519,312293,18372,330665,3821
2021-08-13,San Francisco,075,870044,45544,44196,1826,46022,567
2021-08-13,San Joaquin,077,732212,82501,80232,4212,84444,1481
2021-08-13,San Luis Obispo,079,281455,23860,23226,903,24129,265
2021-08-13,San Mateo,081,765935,47773,46660,680,47340,548
2021-08-13,Santa Barbara,083,443738,37849,37023,1308,38331,474
2021-08-13,Santa Clara,085,1922200,130238,126958,947,127905,1769
2021-08-13,Santa Cruz,087,273765,17760,17332,876,18208,209
2021-08-13,Shasta,089,179085,14192,13698,1940,15638,211
2021-08-13,Sierra,091,2930,85,81,12,93,0
2021-08-13,Siskiyou,093,43540,2248,2147,540,2687,33
2021-08-13,Solano,095,438530,39096,37104,875,37979,264
2021-08-13,Sonoma,097,501317,35763,34464,424,34888,333
2021-08-13,Stanislaus,099,539301,62824,61294,6845,68139,1039
2021-08-13,Sutter,101,95872,10953,10751,117,10868,130
2021-08-13,Tehama,103,63373,5658,5496,688,6184,66
2021-08-13,Trinity,105,12862,552,392,130,522,3
2021-08-13,Tulare,107,460477,53230,51770,10426,62196,856
2021-08-13,Tuolumne,109,53932,5029,4899,52,4951,64
2021-08-13,Ventura,111,848112,88116,86368,3753,90121,1052
2021-08-13,Yolo,113,214977,16290,15761,665,16426,225
2021-08-13,Yuba,115,75493,7381,7184,169,7353,51
2021-08-12,Alameda,001,1643700,103788,100472,2304,102776,1284
2021-08-12,Alpine,003,1148,90,91,0,91,0
2021-08-12,Amador,005,37829,4295,4161,37,4198,49
2021-08-12,Butte,007,227075,14511,14006,2277,16283,206
2021-08-12,Calaveras,009,45235,2632,2531,17,2548,57
2021-08-12,Colusa,011,21464,2179,2111,421,2532,17
2021-08-12,Contra Costa,013,1133247,83959,80738,1648,82386,846
2021-08-12,Del Norte,015,27424,2190,1923,16,1939,8
2021-08-12,El Dorado,017,186661,12494,11880,1047,12927,118
2021-08-12,Fresno,019,978130,111286,108193,9664,117857,1753
2021-08-12,Glenn,021,27897,2624,2559,657,3216,20
2021-08-12,Humboldt,023,135768,6155,5845,108,5953,52
2021-08-12,Imperial,025,180216,29828,29585,2827,32412,745
2021-08-12,Inyo,027,18085,1489,1483,14,1497,39
2021-08-12,Kern,029,883053,103693,101698,13185,114883,1364
2021-08-12,Kings,031,150075,25134,24423,1295,25718,252
2021-08-12,Lake,033,64148,4947,4774,31,4805,68
2021-08-12,Lassen,035,31185,5527,5428,131,5559,21
2021-08-12,Los Angeles,037,10098052,1312987,1291875,47992,1339867,24874
2021-08-12,Madera,039,155013,18067,17564,1163,18727,246
2021-08-12,Marin,041,260295,15716,15277,313,15590,239
2021-08-12,Mariposa,043,17540,608,568,13,581,5
2021-08-12,Mendocino,045,87422,5168,4873,158,5031,49
2021-08-12,Merced,047,269075,33488,32960,1200,34160,480
2021-08-12,Modoc,049,8938,434,423,149,572,5
2021-08-12,Mono,051,14174,1357,1325,18,1343,3
2021-08-12,Monterey,053,433212,44865,44383,2172,46555,527
2021-08-12,Napa,055,140530,11061,10780,66,10846,83
2021-08-12,Nevada,057,99092,6629,6283,226,6509,74
2021-08-12,Orange,059,3164182,278563,273167,12810,285977,5158
2021-08-12,Placer,061,380077,28383,26856,2258,29114,306
2021-08-12,Plumas,063,18699,877,829,14,843,5
2021-08-12,Riverside,065,2383286,318741,311304,15014,326318,4575
2021-08-12,Sacramento,067,1510023,127066,122222,2486,124708,1758
2021-08-12,San Benito,069,59416,6477,6398,122,6520,64
2021-08-12,San Bernardino,071,2135413,315753,310420,9705,320125,5297
2021-08-12,San Diego,073,3302833,317149,310596,18283,328879,3821
2021-08-12,San Francisco,075,870044,45337,43774,1813,45587,564
2021-08-12,San Joaquin,077,732212,82105,79945,4189,84134,1479
2021-08-12,San Luis Obispo,079,281455,23760,23101,889,23990,264
2021-08-12,San Mateo,081,765935,47629,46435,677,47112,548
2021-08-12,Santa Barbara,083,443738,37712,36881,1300,38181,473
2021-08-12,Santa Clara,085,1922200,129789,126614,941,127555,1769
2021-08-12,Santa Cruz,087,273765,17696,17261,875,18136,209
2021-08-12,Shasta,089,179085,14106,13621,1913,15534,211
2021-08-12,Sierra,091,2930,85,81,12,93,0
2021-08-12,Siskiyou,093,43540,2241,2134,530,2664,33
2021-08-12,Solano,095,438530,38867,36980,866,37846,262
2021-08-12,Sonoma,097,501317,35615,34299,421,34720,333
2021-08-12,Stanislaus,099,539301,62560,61026,6786,67812,1039
2021-08-12,Sutter,101,95872,10892,10695,115,10810,130
2021-08-12,Tehama,103,63373,5628,5462,679,6141,66
2021-08-12,Trinity,105,12862,548,386,129,515,3
2021-08-12,Tulare,107,460477,53085,51632,10377,62009,856
2021-08-12,Tuolumne,109,53932,4982,4845,50,4895,64
2021-08-12,Ventura,111,848112,87878,86106,3729,89835,1052
2021-08-12,Yolo,113,214977,16218,15686,652,16338,224
2021-08-12,Yuba,115,75493,7333,7128,168,7296,51
2021-08-11,Alameda,001,1643700,103276,100040,2300,102340,1281
2021-08-11,Alpine,003,1148,90,91,0,91,0
2021-08-11,Amador,005,37829,4271,4127,37,4164,49
2021-08-11,Butte,007,227075,14410,13905,2252,16157,206
2021-08-11,Calaveras,009,45235,2610,2505,17,2522,57
2021-08-11,Colusa,011,21464,2169,2101,419,2520,16
2021-08-11,Contra Costa,013,1133247,83459,80275,1630,81905,843
2021-08-11,Del Norte,015,27424,2131,1893,16,1909,8
2021-08-11,El Dorado,017,186661,12383,11799,1035,12834,119
2021-08-11,Fresno,019,978130,110832,107773,9617,117390,1751
2021-08-11,Glenn,021,27897,2615,2547,647,3194,20
2021-08-11,Humboldt,023,135768,6108,5765,107,5872,52
2021-08-11,Imperial,025,180216,29785,29565,2823,32388,745
2021-08-11,Inyo,027,18085,1489,1483,14,1497,39
2021-08-11,Kern,029,883053,103379,101448,13075,114523,1363
2021-08-11,Kings,031,150075,25021,24304,1286,25590,250
2021-08-11,Lake,033,64148,4910,4713,30,4743,68
2021-08-11,Lassen,035,31185,5518,5408,129,5537,21
2021-08-11,Los Angeles,037,10098052,1309662,1288238,47805,1336043,24851
2021-08-11,Madera,039,155013,18017,17511,1152,18663,245
2021-08-11,Marin,041,260295,15667,15235,313,15548,239
2021-08-11,Mariposa,043,17540,598,554,12,566,5
2021-08-11,Mendocino,045,87422,5099,4796,149,4945,49
2021-08-11,Merced,047,269075,33355,32802,1196,33998,479
2021-08-11,Modoc,049,8938,434,421,149,570,5
2021-08-11,Mono,051,14174,1352,1320,18,1338,3
2021-08-11,Monterey,053,433212,44766,44314,2154,46468,527
2021-08-11,Napa,055,140530,11020,10732,66,10798,83
2021-08-11,Nevada,057,99092,6576,6172,223,6395,74
2021-08-11,Orange,059,3164182,277706,272212,12763,284975,5155
2021-08-11,Placer,061,380077,28171,26687,2232,28919,305
2021-08-11,Plumas,063,18699,868,824,14,838,5
2021-08-11,Riverside,065,2383286,317748,310265,14979,325244,4570
2021-08-11,Sacramento,067,1510023,126273,121603,2447,124050,1757
2021-08-11,San Benito,069,59416,6464,6381,122,6503,64
2021-08-11,San Bernardino,071,2135413,314860,309498,9684,319182,5296
2021-08-11,San Diego,073,3302833,315679,309406,18179,327585,3818
2021-08-11,San Francisco,075,870044,45112,43555,1805,45360,564
2021-08-11,San Joaquin,077,732212,81698,79641,4162,83803,1478
2021-08-11,San Luis Obispo,079,281455,23656,22920,882,23802,264
2021-08-11,San Mateo,081,765935,47461,46300,674,46974,548
2021-08-11,Santa Barbara,083,443738,37549,36699,1291,37990,472
2021-08-11,Santa Clara,085,1922200,129308,126301,933,127234,1769
2021-08-11,Santa Cruz,087,273765,17631,17191,872,18063,209
2021-08-11,Shasta,089,179085,14032,13546,1897,15443,211
2021-08-11,Sierra,091,2930,84,81,12,93,0
2021-08-11,Siskiyou,093,43540,2227,2124,523,2647,33
2021-08-11,Solano,095,438530,38632,36862,852,37714,262
2021-08-11,Sonoma,097,501317,35436,34188,416,34604,333
2021-08-11,Stanislaus,099,539301,62230,60767,6756,67523,1037
2021-08-11,Sutter,101,95872,10820,10628,115,10743,130
2021-08-11,Tehama,103,63373,5599,5410,662,6072,66
2021-08-11,Trinity,105,12862,546,385,129,514,3
2021-08-11,Tulare,107,460477,52917,51464,10332,61796,854
2021-08-11,Tuolumne,109,53932,4950,4794,50,4844,64
2021-08-11,Ventura,111,848112,87626,85863,3708,89571,1051
2021-08-11,Yolo,113,214977,16143,15593,636,16229,218
2021-08-11,Yuba,115,75493,7274,7063,167,7230,53
2021-08-10,Alameda,001,1643700,102800,99771,2292,102063,1281
2021-08-10,Alpine,003,1148,90,91,0,91,0
2021-08-10,Amador,005,37829,4255,4093,37,4130,49
2021-08-10,Butte,007,227075,14326,13853,2231,16084,205
2021-08-10,Calaveras,009,45235,2585,2491,15,2506,57
2021-08-10,Colusa,011,21464,2156,2088,410,2498,16
2021-08-10,Contra Costa,013,1133247,82915,80018,1620,81638,840
2021-08-10,Del Norte,015,27424,2087,1870,16,1886,8
2021-08-10,El Dorado,017,186661,12282,11734,1023,12757,117
2021-08-10,Fresno,019,978130,110376,107616,9561,117177,1747
2021-08-10,Glenn,021,27897,2602,2538,637,3175,20
2021-08-10,Humboldt,023,135768,6054,5718,104,5822,52
2021-08-10,Imperial,025,180216,29750,29522,2816,32338,745
2021-08-10,Inyo,027,18085,1489,1482,14,1496,39
2021-08-10,Kern,029,883053,103051,101254,12979,114233,1359
2021-08-10,Kings,031,150075,24895,24252,1270,25522,251
2021-08-10,Lake,033,64148,4869,4700,30,4730,67
2021-08-10,Lassen,035,31185,5500,5401,129,5530,21
2021-08-10,Los Angeles,037,10098052,1305910,1285140,47634,1332774,24821
2021-08-10,Madera,039,155013,17944,17481,1142,18623,245
2021-08-10,Marin,041,260295,15620,15194,313,15507,239
2021-08-10,Mariposa,043,17540,585,550,12,562,5
2021-08-10,Mendocino,045,87422,5054,4775,145,4920,49
2021-08-10,Merced,047,269075,33208,32721,1187,33908,477
2021-08-10,Modoc,049,8938,433,421,149,570,5
2021-08-10,Mono,051,14174,1347,1320,18,1338,3
2021-08-10,Monterey,053,433212,44704,44259,2139,46398,527
2021-08-10,Napa,055,140530,10964,10703,65,10768,83
2021-08-10,Nevada,057,99092,6511,6151,222,6373,73
2021-08-10,Orange,059,3164182,276827,271688,12715,284403,5155
2021-08-10,Placer,061,380077,27952,26561,2190,28751,305
2021-08-10,Plumas,063,18699,859,816,14,830,5
2021-08-10,Riverside,065,2383286,316633,309529,14953,324482,4564
2021-08-10,Sacramento,067,1510023,125420,121159,2417,123576,1755
2021-08-10,San Benito,069,59416,6450,6371,122,6493,64
2021-08-10,San Bernardino,071,2135413,313936,308672,9666,318338,5295
2021-08-10,San Diego,073,3302833,314038,308288,18087,326375,3815
2021-08-10,San Francisco,075,870044,44858,43389,1790,45179,564
2021-08-10,San Joaquin,077,732212,81300,79391,4144,83535,1478
2021-08-10,San Luis Obispo,079,281455,23530,22776,880,23656,264
2021-08-10,San Mateo,081,765935,47289,46184,672,46856,548
2021-08-10,Santa Barbara,083,443738,37384,36574,1284,37858,472
2021-08-10,Santa Clara,085,1922200,128845,126019,926,126945,1770
2021-08-10,Santa Cruz,087,273765,17548,17142,870,18012,209
2021-08-10,Shasta,089,179085,13954,13461,1873,15334,211
2021-08-10,Sierra,091,2930,84,76,12,88,0
2021-08-10,Siskiyou,093,43540,2218,2088,516,2604,33
2021-08-10,Solano,095,438530,38386,36767,841,37608,262
2021-08-10,Sonoma,097,501317,35291,34054,413,34467,333
2021-08-10,Stanislaus,099,539301,61885,60605,6719,67324,1037
2021-08-10,Sutter,101,95872,10755,10569,115,10684,130
2021-08-10,Tehama,103,63373,5570,5392,657,6049,66
2021-08-10,Trinity,105,12862,546,384,129,513,3
2021-08-10,Tulare,107,460477,52752,51390,10280,61670,854
2021-08-10,Tuolumne,109,53932,4921,4780,48,4828,64
2021-08-10,Ventura,111,848112,87336,85714,3687,89401,1051
2021-08-10,Yolo,113,214977,16056,15568,626,16194,218
2021-08-10,Yuba,115,75493,7225,7028,167,7195,50
2021-08-09,Alameda,001,1643700,102246,99496,2288,101784,1276
2021-08-09,Alpine,003,1148,90,91,0,91,0
2021-08-09,Amador,005,37829,4229,4078,37,4115,48
2021-08-09,Butte,007,227075,14227,13813,2203,16016,205
2021-08-09,Calaveras,009,45235,2560,2472,15,2487,57
2021-08-09,Colusa,011,21464,2146,2075,402,2477,16
2021-08-09,Contra Costa,013,1133247,82371,79740,1608,81348,840
2021-08-09,Del Norte,015,27424,2019,1848,16,1864,8
2021-08-09,El Dorado,017,186661,12175,11672,1009,12681,117
2021-08-09,Fresno,019,978130,109882,107310,9523,116833,1747
2021-08-09,Glenn,021,27897,2591,2532,625,3157,20
2021-08-09,Humboldt,023,135768,5963,5632,102,5734,52
2021-08-09,Imperial,025,180216,29705,29512,2812,32324,745
2021-08-09,Inyo,027,18085,1489,1481,14,1495,39
2021-08-09,Kern,029,883053,102739,101069,12893,113962,1359
2021-08-09,Kings,031,150075,24788,24155,1255,25410,250
2021-08-09,Lake,033,64148,4834,4670,28,4698,66
2021-08-09,Lassen,035,31185,5478,5393,128,5521,21
2021-08-09,Los Angeles,037,10098052,1301895,1282891,47428,1330319,24798
2021-08-09,Madera,039,155013,17885,17429,1122,18551,245
2021-08-09,Marin,041,260295,15567,15154,312,15466,239
2021-08-09,Mariposa,043,17540,572,545,12,557,5
2021-08-09,Mendocino,045,87422,5003,4732,137,4869,49
2021-08-09,Merced,047,269075,33062,32666,1180,33846,477
2021-08-09,Modoc,049,8938,433,419,149,568,5
2021-08-09,Mono,051,14174,1344,1337,18,1355,3
2021-08-09,Monterey,053,433212,44632,44190,2123,46313,527
2021-08-09,Napa,055,140530,10917,10679,65,10744,83
2021-08-09,Nevada,057,99092,6439,6088,221,6309,73
2021-08-09,Orange,059,3164182,275790,271036,12659,283695,5153
2021-08-09,Placer,061,380077,27729,26457,2159,28616,305
2021-08-09,Plumas,063,18699,842,803,14,817,5
2021-08-09,Riverside,065,2383286,315557,308678,14933,323611,4562
2021-08-09,Sacramento,067,1510023,124585,120812,2392,123204,1748
2021-08-09,San Benito,069,59416,6430,6359,120,6479,63
2021-08-09,San Bernardino,071,2135413,312950,308038,9644,317682,5295
2021-08-09,San Diego,073,3302833,312378,306855,17988,324843,3811
2021-08-09,San Francisco,075,870044,44612,43261,1772,45033,564
2021-08-09,San Joaquin,077,732212,80918,79198,4126,83324,1469
2021-08-09,San Luis Obispo,079,281455,23391,22695,871,23566,264
2021-08-09,San Mateo,081,765935,47117,46040,668,46708,548
2021-08-09,Santa Barbara,083,443738,37200,36474,1276,37750,470
2021-08-09,Santa Clara,085,1922200,128342,125791,917,126708,2187
2021-08-09,Santa Cruz,087,273765,17486,17082,870,17952,209
2021-08-09,Shasta,089,179085,13837,13397,1862,15259,210
2021-08-09,Sierra,091,2930,83,75,12,87,0
2021-08-09,Siskiyou,093,43540,2206,2047,500,2547,32
2021-08-09,Solano,095,438530,38110,36653,839,37492,262
2021-08-09,Sonoma,097,501317,35110,33933,411,34344,333
2021-08-09,Stanislaus,099,539301,61608,60410,6668,67078,1037
2021-08-09,Sutter,101,95872,10706,10525,112,10637,129
2021-08-09,Tehama,103,63373,5527,5373,655,6028,66
2021-08-09,Trinity,105,12862,544,378,127,505,3
2021-08-09,Tulare,107,460477,52591,51274,10215,61489,854
2021-08-09,Tuolumne,109,53932,4879,4745,48,4793,64
2021-08-09,Ventura,111,848112,87064,85514,3676,89190,1047
2021-08-09,Yolo,113,214977,15978,15521,605,16126,218
2021-08-09,Yuba,115,75493,7166,6994,167,7161,50
2021-08-08,Alameda,001,1643700,101694,99135,2282,101417,1276
2021-08-08,Alpine,003,1148,90,91,0,91,0
2021-08-08,Amador,005,37829,4195,4057,36,4093,48
2021-08-08,Butte,007,227075,14145,13791,2185,15976,205
2021-08-08,Calaveras,009,45235,2527,2462,15,2477,57
2021-08-08,Colusa,011,21464,2129,2070,395,2465,16
2021-08-08,Contra Costa,013,1133247,81847,79454,1601,81055,840
2021-08-08,Del Norte,015,27424,1973,1810,16,1826,8
2021-08-08,El Dorado,017,186661,12054,11631,998,12629,117
2021-08-08,Fresno,019,978130,109439,107078,9486,116564,1747
2021-08-08,Glenn,021,27897,2583,2527,618,3145,20
2021-08-08,Humboldt,023,135768,5874,5571,102,5673,52
2021-08-08,Imperial,025,180216,29681,29485,2802,32287,745
2021-08-08,Inyo,027,18085,1489,1481,14,1495,39
2021-08-08,Kern,029,883053,102419,100909,12781,113690,1359
2021-08-08,Kings,031,150075,24674,24095,1246,25341,250
2021-08-08,Lake,033,64148,4784,4636,27,4663,66
2021-08-08,Lassen,035,31185,5463,5391,127,5518,21
2021-08-08,Los Angeles,037,10098052,1297638,1279982,47243,1327225,24793
2021-08-08,Madera,039,155013,17806,17398,1105,18503,245
2021-08-08,Marin,041,260295,15514,15124,310,15434,239
2021-08-08,Mariposa,043,17540,568,538,12,550,5
2021-08-08,Mendocino,045,87422,4941,4702,124,4826,49
2021-08-08,Merced,047,269075,32915,32634,1171,33805,477
2021-08-08,Modoc,049,8938,432,419,148,567,5
2021-08-08,Mono,051,14174,1340,1336,18,1354,3
2021-08-08,Monterey,053,433212,44562,44171,2112,46283,527
2021-08-08,Napa,055,140530,10881,10668,65,10733,83
2021-08-08,Nevada,057,99092,6355,6009,219,6228,73
2021-08-08,Orange,059,3164182,274876,270532,12617,283149,5153
2021-08-08,Placer,061,380077,27520,26332,2118,28450,305
2021-08-08,Plumas,063,18699,833,803,14,817,5
2021-08-08,Riverside,065,2383286,314436,308042,14910,322952,4562
2021-08-08,Sacramento,067,1510023,123757,120109,2380,122489,1744
2021-08-08,San Benito,069,59416,6413,6350,119,6469,63
2021-08-08,San Bernardino,071,2135413,311804,307378,9614,316992,5295
2021-08-08,San Diego,073,3302833,311038,305983,17890,323873,3811
2021-08-08,San Francisco,075,870044,44352,43098,1749,44847,564
2021-08-08,San Joaquin,077,732212,80469,79002,4110,83112,1469
2021-08-08,San Luis Obispo,079,281455,23217,22668,863,23531,263
2021-08-08,San Mateo,081,765935,46927,45927,665,46592,548
2021-08-08,Santa Barbara,083,443738,37023,36417,1269,37686,470
2021-08-08,Santa Clara,085,1922200,127891,125553,912,126465,2187
2021-08-08,Santa Cruz,087,273765,17415,17035,865,17900,209
2021-08-08,Shasta,089,179085,13752,13381,1851,15232,210
2021-08-08,Sierra,091,2930,83,74,12,86,0
2021-08-08,Siskiyou,093,43540,2190,2041,495,2536,32
2021-08-08,Solano,095,438530,37858,36551,835,37386,262
2021-08-08,Sonoma,097,501317,34866,33805,410,34215,333
2021-08-08,Stanislaus,099,539301,61285,60269,6623,66892,1037
2021-08-08,Sutter,101,95872,10646,10481,111,10592,129
2021-08-08,Tehama,103,63373,5489,5359,652,6011,66
2021-08-08,Trinity,105,12862,539,378,127,505,3
2021-08-08,Tulare,107,460477,52412,51220,10155,61375,854
2021-08-08,Tuolumne,109,53932,4840,4731,48,4779,64
2021-08-08,Ventura,111,848112,86773,85382,3666,89048,1047
2021-08-08,Yolo,113,214977,15886,15477,598,16075,218
2021-08-08,Yuba,115,75493,7127,6967,167,7134,50
2021-08-07,Alameda,001,1643700,101446,98812,2276,101088,1276
2021-08-07,Alpine,003,1148,90,91,0,91,0
2021-08-07,Amador,005,37829,4178,4041,35,4076,48
2021-08-07,Butte,007,227075,14093,13714,2173,15887,205
2021-08-07,Calaveras,009,45235,2517,2446,15,2461,57
2021-08-07,Colusa,011,21464,2124,2067,386,2453,16
2021-08-07,Contra Costa,013,1133247,81551,79168,1598,80766,840
2021-08-07,Del Norte,015,27424,1941,1791,16,1807,8
2021-08-07,El Dorado,017,186661,12006,11575,991,12566,117
2021-08-07,Fresno,019,978130,109235,106861,9459,116320,1747
2021-08-07,Glenn,021,27897,2575,2515,617,3132,20
2021-08-07,Humboldt,023,135768,5824,5510,99,5609,52
2021-08-07,Imperial,025,180216,29662,29470,2802,32272,745
2021-08-07,Inyo,027,18085,1487,1476,14,1490,39
2021-08-07,Kern,029,883053,102261,100693,12726,113419,1359
2021-08-07,Kings,031,150075,24613,24048,1240,25288,250
2021-08-07,Lake,033,64148,4763,4613,27,4640,66
2021-08-07,Lassen,035,31185,5459,5386,127,5513,21
2021-08-07,Los Angeles,037,10098052,1295608,1276853,47094,1323947,24786
2021-08-07,Madera,039,155013,17771,17366,1100,18466,245
2021-08-07,Marin,041,260295,15480,15085,309,15394,239
2021-08-07,Mariposa,043,17540,565,530,12,542,5
2021-08-07,Mendocino,045,87422,4905,4690,122,4812,49
2021-08-07,Merced,047,269075,32851,32569,1168,33737,477
2021-08-07,Modoc,049,8938,432,419,148,567,5
2021-08-07,Mono,051,14174,1337,1329,18,1347,3
2021-08-07,Monterey,053,433212,44510,44124,2107,46231,527
2021-08-07,Napa,055,140530,10860,10658,64,10722,83
2021-08-07,Nevada,057,99092,6305,5967,217,6184,73
2021-08-07,Orange,059,3164182,274283,269900,12586,282486,5153
2021-08-07,Placer,061,380077,27331,26244,2110,28354,305
2021-08-07,Plumas,063,18699,828,801,14,815,5
2021-08-07,Riverside,065,2383286,313764,307326,14903,322229,4562
2021-08-07,Sacramento,067,1510023,123256,119636,2376,122012,1744
2021-08-07,San Benito,069,59416,6403,6332,119,6451,63
2021-08-07,San Bernardino,071,2135413,311216,306663,9597,316260,5295
2021-08-07,San Diego,073,3302833,310283,304974,17855,322829,3811
2021-08-07,San Francisco,075,870044,44181,42926,1731,44657,564
2021-08-07,San Joaquin,077,732212,80305,78769,4096,82865,1469
2021-08-07,San Luis Obispo,079,281455,23148,22579,862,23441,263
2021-08-07,San Mateo,081,765935,46799,45804,663,46467,548
2021-08-07,Santa Barbara,083,443738,36927,36303,1263,37566,470
2021-08-07,Santa Clara,085,1922200,127620,125196,907,126103,2188
2021-08-07,Santa Cruz,087,273765,17372,16994,863,17857,209
2021-08-07,Shasta,089,179085,13696,13361,1843,15204,210
2021-08-07,Sierra,091,2930,83,74,12,86,0
2021-08-07,Siskiyou,093,43540,2178,2039,493,2532,32
2021-08-07,Solano,095,438530,37742,36458,827,37285,262
2021-08-07,Sonoma,097,501317,34744,33716,410,34126,333
2021-08-07,Stanislaus,099,539301,61116,60093,6593,66686,1037
2021-08-07,Sutter,101,95872,10609,10447,111,10558,129
2021-08-07,Tehama,103,63373,5479,5343,647,5990,66
2021-08-07,Trinity,105,12862,535,377,126,503,3
2021-08-07,Tulare,107,460477,52325,51133,10117,61250,854
2021-08-07,Tuolumne,109,53932,4810,4721,48,4769,64
2021-08-07,Ventura,111,848112,86593,85232,3651,88883,1047
2021-08-07,Yolo,113,214977,15842,15423,591,16014,218
2021-08-07,Yuba,115,75493,7102,6937,165,7102,50
2021-08-06,Alameda,001,1643700,101117,98487,2270,100757,1275
2021-08-06,Alpine,003,1148,90,91,0,91,0
2021-08-06,Amador,005,37829,4157,4002,35,4037,48
2021-08-06,Butte,007,227075,14043,13626,2158,15784,205
2021-08-06,Calaveras,009,45235,2506,2419,15,2434,57
2021-08-06,Colusa,011,21464,2117,2045,380,2425,16
2021-08-06,Contra Costa,013,1133247,81256,78796,1592,80388,840
2021-08-06,Del Norte,015,27424,1914,1755,15,1770,8
2021-08-06,El Dorado,017,186661,11956,11498,979,12477,117
2021-08-06,Fresno,019,978130,108970,106542,9432,115974,1747
2021-08-06,Glenn,021,27897,2560,2504,614,3118,20
2021-08-06,Humboldt,023,135768,5773,5421,96,5517,52
2021-08-06,Imperial,025,180216,29651,29404,2798,32202,745
2021-08-06,Inyo,027,18085,1484,1471,14,1485,39
2021-08-06,Kern,029,883053,102084,100427,12641,113068,1359
2021-08-06,Kings,031,150075,24558,23974,1236,25210,250
2021-08-06,Lake,033,64148,4740,4557,27,4584,66
2021-08-06,Lassen,035,31185,5437,5368,127,5495,21
2021-08-06,Los Angeles,037,10098052,1293120,1273081,46942,1320023,24772
2021-08-06,Madera,039,155013,17732,17324,1091,18415,245
2021-08-06,Marin,041,260295,15447,15051,309,15360,239
2021-08-06,Mariposa,043,17540,556,511,12,523,5
2021-08-06,Mendocino,045,87422,4863,4649,121,4770,49
2021-08-06,Merced,047,269075,32791,32456,1165,33621,477
2021-08-06,Modoc,049,8938,432,419,148,567,5
2021-08-06,Mono,051,14174,1336,1328,18,1346,3
2021-08-06,Monterey,053,433212,44442,44058,2094,46152,527
2021-08-06,Napa,055,140530,10833,10620,64,10684,83
2021-08-06,Nevada,057,99092,6249,5874,217,6091,73
2021-08-06,Orange,059,3164182,273718,269077,12569,281646,5151
2021-08-06,Placer,061,380077,27208,26086,2088,28174,305
2021-08-06,Plumas,063,18699,819,795,14,809,5
2021-08-06,Riverside,065,2383286,313054,306304,14892,321196,4562
2021-08-06,Sacramento,067,1510023,122764,119169,2356,121525,1740
2021-08-06,San Benito,069,59416,6386,6315,119,6434,63
2021-08-06,San Bernardino,071,2135413,310517,305806,9588,315394,5286
2021-08-06,San Diego,073,3302833,309244,303691,17806,321497,3810
2021-08-06,San Francisco,075,870044,44024,42659,1713,44372,565
2021-08-06,San Joaquin,077,732212,80155,78405,4084,82489,1469
2021-08-06,San Luis Obispo,079,281455,23080,22472,857,23329,263
2021-08-06,San Mateo,081,765935,46646,45665,658,46323,548
2021-08-06,Santa Barbara,083,443738,36838,36208,1259,37467,470
2021-08-06,Santa Clara,085,1922200,127330,124767,901,125668,2185
2021-08-06,Santa Cruz,087,273765,17328,16924,859,17783,207
2021-08-06,Shasta,089,179085,13630,13284,1837,15121,210
2021-08-06,Sierra,091,2930,83,73,12,85,0
2021-08-06,Siskiyou,093,43540,2168,2030,489,2519,32
2021-08-06,Solano,095,438530,37632,36351,818,37169,262
2021-08-06,Sonoma,097,501317,34658,33594,409,34003,333
2021-08-06,Stanislaus,099,539301,60978,59854,6572,66426,1037
2021-08-06,Sutter,101,95872,10566,10391,111,10502,128
2021-08-06,Tehama,103,63373,5455,5325,645,5970,66
2021-08-06,Trinity,105,12862,534,371,125,496,3
2021-08-06,Tulare,107,460477,52224,51018,10070,61088,854
2021-08-06,Tuolumne,109,53932,4783,4674,48,4722,64
2021-08-06,Ventura,111,848112,86422,85046,3639,88685,1047
2021-08-06,Yolo,113,214977,15789,15299,586,15885,218
2021-08-06,Yuba,115,75493,7079,6904,165,7069,50
2021-08-05,Alameda,001,1643700,100632,98052,2265,100317,1275
2021-08-05,Alpine,003,1148,90,91,0,91,0
2021-08-05,Amador,005,37829,4137,3992,35,4027,48
2021-08-05,Butte,007,227075,13982,13564,2135,15699,206
2021-08-05,Calaveras,009,45235,2487,2397,15,2412,57
2021-08-05,Colusa,011,21464,2105,2036,376,2412,16
2021-08-05,Contra Costa,013,1133247,80829,78514,1585,80099,840
2021-08-05,Del Norte,015,27424,1887,1731,15,1746,8
2021-08-05,El Dorado,017,186661,11871,11408,969,12377,117
2021-08-05,Fresno,019,978130,108599,106219,9394,115613,1747
2021-08-05,Glenn,021,27897,2554,2494,611,3105,20
2021-08-05,Humboldt,023,135768,5699,5328,95,5423,52
2021-08-05,Imperial,025,180216,29620,29383,2794,32177,745
2021-08-05,Inyo,027,18085,1480,1468,14,1482,38
2021-08-05,Kern,029,883053,101862,100091,12556,112647,1358
2021-08-05,Kings,031,150075,24474,23906,1230,25136,249
2021-08-05,Lake,033,64148,4701,4490,25,4515,66
2021-08-05,Lassen,035,31185,5429,5344,127,5471,21
2021-08-05,Los Angeles,037,10098052,1289897,1269445,46808,1316253,24756
2021-08-05,Madera,039,155013,17691,17301,1083,18384,245
2021-08-05,Marin,041,260295,15403,15005,305,15310,239
2021-08-05,Mariposa,043,17540,545,504,11,515,5
2021-08-05,Mendocino,045,87422,4820,4597,112,4709,49
2021-08-05,Merced,047,269075,32724,32381,1154,33535,477
2021-08-05,Modoc,049,8938,431,418,148,566,5
2021-08-05,Mono,051,14174,1328,1309,18,1327,3
2021-08-05,Monterey,053,433212,44385,43992,2076,46068,527
2021-08-05,Napa,055,140530,10797,10591,62,10653,83
2021-08-05,Nevada,057,99092,6167,5778,214,5992,73
2021-08-05,Orange,059,3164182,272937,268329,12543,280872,5149
2021-08-05,Placer,061,380077,27008,25965,2061,28026,305
2021-08-05,Plumas,063,18699,810,787,14,801,5
2021-08-05,Riverside,065,2383286,312137,305415,14865,320280,4562
2021-08-05,Sacramento,067,1510023,122055,118590,2343,120933,1739
2021-08-05,San Benito,069,59416,6368,6305,119,6424,63
2021-08-05,San Bernardino,071,2135413,309681,304956,9567,314523,5284
2021-08-05,San Diego,073,3302833,307972,302220,17724,319944,3806
2021-08-05,San Francisco,075,870044,43813,42301,1704,44005,564
2021-08-05,San Joaquin,077,732212,79793,78151,4066,82217,1468
2021-08-05,San Luis Obispo,079,281455,22965,22362,851,23213,263
2021-08-05,San Mateo,081,765935,46473,45554,656,46210,548
2021-08-05,Santa Barbara,083,443738,36731,36112,1256,37368,470
2021-08-05,Santa Clara,085,1922200,126997,124490,901,125391,2185
2021-08-05,Santa Cruz,087,273765,17284,16867,856,17723,207
2021-08-05,Shasta,089,179085,13572,13217,1829,15046,210
2021-08-05,Sierra,091,2930,78,73,12,85,0
2021-08-05,Siskiyou,093,43540,2147,2024,479,2503,32
2021-08-05,Solano,095,438530,37451,36250,811,37061,262
2021-08-05,Sonoma,097,501317,34523,33455,408,33863,330
2021-08-05,Stanislaus,099,539301,60760,59692,6533,66225,1037
2021-08-05,Sutter,101,95872,10511,10349,111,10460,127
2021-08-05,Tehama,103,63373,5437,5305,642,5947,66
2021-08-05,Trinity,105,12862,528,367,125,492,3
2021-08-05,Tulare,107,460477,52107,50889,10015,60904,854
2021-08-05,Tuolumne,109,53932,4753,4619,48,4667,64
2021-08-05,Ventura,111,848112,86171,84837,3625,88462,1047
2021-08-05,Yolo,113,214977,15722,15250,576,15826,218
2021-08-05,Yuba,115,75493,7036,6872,163,7035,50
2021-08-04,Alameda,001,1643700,100129,97477,2254,99731,1274
2021-08-04,Alpine,003,1148,90,91,0,91,0
2021-08-04,Amador,005,37829,4107,3962,34,3996,48
2021-08-04,Butte,007,227075,13914,13509,2118,15627,205
2021-08-04,Calaveras,009,45235,2462,2374,15,2389,57
2021-08-04,Colusa,011,21464,2093,2025,370,2395,16
2021-08-04,Contra Costa,013,1133247,80313,77966,1580,79546,840
2021-08-04,Del Norte,015,27424,1864,1701,15,1716,8
2021-08-04,El Dorado,017,186661,11792,11319,958,12277,117
2021-08-04,Fresno,019,978130,108231,105899,9353,115252,1747
2021-08-04,Glenn,021,27897,2546,2487,609,3096,20
2021-08-04,Humboldt,023,135768,5623,5271,94,5365,52
2021-08-04,Imperial,025,180216,29572,29375,2792,32167,745
2021-08-04,Inyo,027,18085,1479,1465,14,1479,38
2021-08-04,Kern,029,883053,101612,99868,12471,112339,1358
2021-08-04,Kings,031,150075,24402,23840,1222,25062,250
2021-08-04,Lake,033,64148,4671,4423,20,4443,65
2021-08-04,Lassen,035,31185,5421,5340,127,5467,21
2021-08-04,Los Angeles,037,10098052,1286407,1265788,46646,1312434,24737
2021-08-04,Madera,039,155013,17656,17251,1076,18327,245
2021-08-04,Marin,041,260295,15356,14950,303,15253,239
2021-08-04,Mariposa,043,17540,530,497,11,508,5
2021-08-04,Mendocino,045,87422,4796,4560,108,4668,49
2021-08-04,Merced,047,269075,32586,32274,1149,33423,476
2021-08-04,Modoc,049,8938,431,416,148,564,5
2021-08-04,Mono,051,14174,1324,1307,18,1325,3
2021-08-04,Monterey,053,433212,44320,43926,2065,45991,526
2021-08-04,Napa,055,140530,10760,10544,62,10606,82
2021-08-04,Nevada,057,99092,6103,5702,213,5915,73
2021-08-04,Orange,059,3164182,272063,267199,12504,279703,5146
2021-08-04,Placer,061,380077,26791,25688,2041,27729,305
2021-08-04,Plumas,063,18699,804,784,14,798,5
2021-08-04,Riverside,065,2383286,311212,304272,14839,319111,4562
2021-08-04,Sacramento,067,1510023,121297,117882,2317,120199,1736
2021-08-04,San Benito,069,59416,6353,6300,119,6419,63
2021-08-04,San Bernardino,071,2135413,308826,304164,9548,313712,5285
2021-08-04,San Diego,073,3302833,306459,301100,17657,318757,3805
2021-08-04,San Francisco,075,870044,43558,41913,1691,43604,562
2021-08-04,San Joaquin,077,732212,79436,77846,4054,81900,1466
2021-08-04,San Luis Obispo,079,281455,22856,22245,845,23090,262
2021-08-04,San Mateo,081,765935,46301,45392,655,46047,548
2021-08-04,Santa Barbara,083,443738,36602,36013,1248,37261,470
2021-08-04,Santa Clara,085,1922200,126606,124127,894,125021,2183
2021-08-04,Santa Cruz,087,273765,17222,16820,849,17669,208
2021-08-04,Shasta,089,179085,13521,13134,1818,14952,211
2021-08-04,Sierra,091,2930,78,73,12,85,0
2021-08-04,Siskiyou,093,43540,2127,2010,474,2484,32
2021-08-04,Solano,095,438530,37251,36025,802,36827,262
2021-08-04,Sonoma,097,501317,34351,33311,406,33717,330
2021-08-04,Stanislaus,099,539301,60536,59396,6495,65891,1037
2021-08-04,Sutter,101,95872,10474,10294,111,10405,127
2021-08-04,Tehama,103,63373,5411,5281,637,5918,66
2021-08-04,Trinity,105,12862,526,362,122,484,3
2021-08-04,Tulare,107,460477,51997,50797,9971,60768,855
2021-08-04,Tuolumne,109,53932,4728,4584,48,4632,64
2021-08-04,Ventura,111,848112,85913,84406,3603,88009,1047
2021-08-04,Yolo,113,214977,15643,15189,562,15751,215
2021-08-04,Yuba,115,75493,6996,6827,161,6988,50
2021-08-03,Alameda,001,1643700,99682,97275,2249,99524,1270
2021-08-03,Alpine,003,1148,90,91,0,91,0
2021-08-03,Amador,005,37829,4071,3953,34,3987,48
2021-08-03,Butte,007,227075,13846,13468,2103,15571,205
2021-08-03,Calaveras,009,45235,2440,2356,15,2371,57
2021-08-03,Colusa,011,21464,2080,2023,364,2387,16
2021-08-03,Contra Costa,013,1133247,79831,77739,1573,79312,836
2021-08-03,Del Norte,015,27424,1832,1691,14,1705,8
2021-08-03,El Dorado,017,186661,11701,11255,948,12203,117
2021-08-03,Fresno,019,978130,107869,105732,9321,115053,1746
2021-08-03,Glenn,021,27897,2539,2481,603,3084,20
2021-08-03,Humboldt,023,135768,5558,5199,89,5288,52
2021-08-03,Imperial,025,180216,29550,29333,2785,32118,745
2021-08-03,Inyo,027,18085,1476,1459,14,1473,38
2021-08-03,Kern,029,883053,101350,99708,12392,112100,1358
2021-08-03,Kings,031,150075,24314,23780,1215,24995,249
2021-08-03,Lake,033,64148,4615,4408,16,4424,66
2021-08-03,Lassen,035,31185,5411,5341,127,5468,21
2021-08-03,Los Angeles,037,10098052,1282664,1262678,46468,1309146,24721
2021-08-03,Madera,039,155013,17615,17220,1061,18281,245
2021-08-03,Marin,041,260295,15307,14906,300,15206,243
2021-08-03,Mariposa,043,17540,519,495,11,506,5
2021-08-03,Mendocino,045,87422,4747,4546,107,4653,49
2021-08-03,Merced,047,269075,32503,32197,1147,33344,476
2021-08-03,Modoc,049,8938,431,416,148,564,5
2021-08-03,Mono,051,14174,1319,1303,18,1321,3
2021-08-03,Monterey,053,433212,44257,43872,2052,45924,525
2021-08-03,Napa,055,140530,10717,10527,61,10588,82
2021-08-03,Nevada,057,99092,6022,5685,212,5897,73
2021-08-03,Orange,059,3164182,271324,266649,12474,279123,5146
2021-08-03,Placer,061,380077,26590,25624,2017,27641,305
2021-08-03,Plumas,063,18699,797,779,14,793,5
2021-08-03,Riverside,065,2383286,310288,303499,14812,318311,4562
2021-08-03,Sacramento,067,1510023,120552,117591,2297,119888,1732
2021-08-03,San Benito,069,59416,6338,6284,118,6402,63
2021-08-03,San Bernardino,071,2135413,307906,303386,9528,312914,5265
2021-08-03,San Diego,073,3302833,305020,300189,17547,317736,3803
2021-08-03,San Francisco,075,870044,43276,41758,1671,43429,562
2021-08-03,San Joaquin,077,732212,79087,77615,4033,81648,1461
2021-08-03,San Luis Obispo,079,281455,22716,22166,838,23004,264
2021-08-03,San Mateo,081,765935,46109,45255,650,45905,548
2021-08-03,Santa Barbara,083,443738,36483,35912,1242,37154,469
2021-08-03,Santa Clara,085,1922200,126185,123914,888,124802,2183
2021-08-03,Santa Cruz,087,273765,17156,16778,846,17624,207
2021-08-03,Shasta,089,179085,13446,13091,1807,14898,211
2021-08-03,Sierra,091,2930,78,72,12,84,0
2021-08-03,Siskiyou,093,43540,2116,1998,469,2467,32
2021-08-03,Solano,095,438530,37031,35953,790,36743,261
2021-08-03,Sonoma,097,501317,34170,33243,405,33648,330
2021-08-03,Stanislaus,099,539301,60314,59282,6476,65758,1037
2021-08-03,Sutter,101,95872,10434,10263,110,10373,127
2021-08-03,Tehama,103,63373,5386,5269,632,5901,66
2021-08-03,Trinity,105,12862,523,361,119,480,3
2021-08-03,Tulare,107,460477,51902,50729,9925,60654,854
2021-08-03,Tuolumne,109,53932,4693,4563,48,4611,64
2021-08-03,Ventura,111,848112,85669,84270,3582,87852,1046
2021-08-03,Yolo,113,214977,15551,15149,547,15696,215
2021-08-03,Yuba,115,75493,6959,6781,159,6940,50
2021-08-02,Alameda,001,1643700,99125,96954,2244,99198,1270
2021-08-02,Alpine,003,1148,90,91,0,91,0
2021-08-02,Amador,005,37829,4051,3927,34,3961,48
2021-08-02,Butte,007,227075,13766,13442,2084,15526,205
2021-08-02,Calaveras,009,45235,2415,2347,15,2362,57
2021-08-02,Colusa,011,21464,2068,2019,361,2380,16
2021-08-02,Contra Costa,013,1133247,79322,77516,1559,79075,836
2021-08-02,Del Norte,015,27424,1802,1653,14,1667,8
2021-08-02,El Dorado,017,186661,11597,11226,934,12160,116
2021-08-02,Fresno,019,978130,107523,105471,9284,114755,1744
2021-08-02,Glenn,021,27897,2531,2477,600,3077,20
2021-08-02,Humboldt,023,135768,5475,5161,87,5248,52
2021-08-02,Imperial,025,180216,29517,29302,2782,32084,743
2021-08-02,Inyo,027,18085,1470,1455,14,1469,38
2021-08-02,Kern,029,883053,101095,99556,12299,111855,1357
2021-08-02,Kings,031,150075,24244,23722,1209,24931,249
2021-08-02,Lake,033,64148,4572,4375,16,4391,66
2021-08-02,Lassen,035,31185,5388,5338,125,5463,21
2021-08-02,Los Angeles,037,10098052,1278942,1260807,46260,1307067,24705
2021-08-02,Madera,039,155013,17571,17158,1048,18206,245
2021-08-02,Marin,041,260295,15264,14859,298,15157,239
2021-08-02,Mariposa,043,17540,510,490,11,501,5
2021-08-02,Mendocino,045,87422,4707,4512,104,4616,49
2021-08-02,Merced,047,269075,32405,32163,1140,33303,474
2021-08-02,Modoc,049,8938,431,415,148,563,5
2021-08-02,Mono,051,14174,1312,1296,18,1314,3
2021-08-02,Monterey,053,433212,44197,43842,2044,45886,525
2021-08-02,Napa,055,140530,10674,10490,58,10548,82
2021-08-02,Nevada,057,99092,5951,5611,211,5822,73
2021-08-02,Orange,059,3164182,270410,266050,12428,278478,5146
2021-08-02,Placer,061,380077,26443,25516,1983,27499,306
2021-08-02,Plumas,063,18699,790,762,14,776,5
2021-08-02,Riverside,065,2383286,309350,302756,14797,317553,4562
2021-08-02,Sacramento,067,1510023,119855,117183,2276,119459,1728
2021-08-02,San Benito,069,59416,6319,6276,117,6393,63
2021-08-02,San Bernardino,071,2135413,307030,303000,9496,312496,5253
2021-08-02,San Diego,073,3302833,303540,299021,17467,316488,3798
2021-08-02,San Francisco,075,870044,42990,41553,1647,43200,562
2021-08-02,San Joaquin,077,732212,78744,77447,4007,81454,1461
2021-08-02,San Luis Obispo,079,281455,22622,22093,831,22924,261
2021-08-02,San Mateo,081,765935,45932,45154,637,45791,548
2021-08-02,Santa Barbara,083,443738,36344,35851,1236,37087,469
2021-08-02,Santa Clara,085,1922200,125715,123655,880,124535,2183
2021-08-02,Santa Cruz,087,273765,17098,16746,842,17588,207
2021-08-02,Shasta,089,179085,13384,13049,1793,14842,212
2021-08-02,Sierra,091,2930,78,71,12,83,0
2021-08-02,Siskiyou,093,43540,2105,1992,455,2447,31
2021-08-02,Solano,095,438530,36783,35852,777,36629,260
2021-08-02,Sonoma,097,501317,33944,33132,400,33532,330
2021-08-02,Stanislaus,099,539301,60095,59160,6448,65608,1037
2021-08-02,Sutter,101,95872,10388,10220,110,10330,127
2021-08-02,Tehama,103,63373,5362,5260,628,5888,66
2021-08-02,Trinity,105,12862,518,359,118,477,3
2021-08-02,Tulare,107,460477,51801,50640,9852,60492,854
2021-08-02,Tuolumne,109,53932,4626,4524,48,4572,64
2021-08-02,Ventura,111,848112,85484,84143,3559,87702,1044
2021-08-02,Yolo,113,214977,15453,15072,529,15601,215
2021-08-02,Yuba,115,75493,6917,6743,156,6899,50
2021-08-01,Alameda,001,1643700,98593,96775,2238,99013,1270
2021-08-01,Alpine,003,1148,90,91,0,91,0
2021-08-01,Amador,005,37829,4013,3923,34,3957,48
2021-08-01,Butte,007,227075,13685,13406,2067,15473,205
2021-08-01,Calaveras,009,45235,2391,2341,15,2356,57
2021-08-01,Colusa,011,21464,2057,2014,359,2373,16
2021-08-01,Contra Costa,013,1133247,78887,77360,1551,78911,836
2021-08-01,Del Norte,015,27424,1770,1642,14,1656,8
2021-08-01,El Dorado,017,186661,11496,11189,923,12112,116
2021-08-01,Fresno,019,978130,107197,105339,9238,114577,1744
2021-08-01,Glenn,021,27897,2525,2476,597,3073,20
2021-08-01,Humboldt,023,135768,5398,5118,83,5201,52
2021-08-01,Imperial,025,180216,29482,29297,2777,32074,743
2021-08-01,Inyo,027,18085,1468,1454,14,1468,38
2021-08-01,Kern,029,883053,100817,99396,12225,111621,1357
2021-08-01,Kings,031,150075,24157,23700,1204,24904,249
2021-08-01,Lake,033,64148,4493,4356,16,4372,66
2021-08-01,Lassen,035,31185,5375,5336,123,5459,21
2021-08-01,Los Angeles,037,10098052,1275255,1258461,46035,1304496,24700
2021-08-01,Madera,039,155013,17514,17146,1043,18189,245
2021-08-01,Marin,041,260295,15187,14844,297,15141,239
2021-08-01,Mariposa,043,17540,503,482,11,493,5
2021-08-01,Mendocino,045,87422,4661,4476,100,4576,49
2021-08-01,Merced,047,269075,32314,32144,1134,33278,474
2021-08-01,Modoc,049,8938,429,413,148,561,5
2021-08-01,Mono,051,14174,1309,1294,18,1312,3
2021-08-01,Monterey,053,433212,44150,43808,2031,45839,525
2021-08-01,Napa,055,140530,10626,10473,56,10529,82
2021-08-01,Nevada,057,99092,5864,5561,210,5771,73
2021-08-01,Orange,059,3164182,269596,265467,12385,277852,5146
2021-08-01,Placer,061,380077,26228,25464,1953,27417,306
2021-08-01,Plumas,063,18699,784,761,14,775,5
2021-08-01,Riverside,065,2383286,308417,302256,14779,317035,4562
2021-08-01,Sacramento,067,1510023,119119,116923,2260,119183,1727
2021-08-01,San Benito,069,59416,6302,6271,117,6388,63
2021-08-01,San Bernardino,071,2135413,306094,302542,9486,312028,5248
2021-08-01,San Diego,073,3302833,302354,298002,17402,315404,3798
2021-08-01,San Francisco,075,870044,42652,41432,1634,43066,562
2021-08-01,San Joaquin,077,732212,78377,77338,3980,81318,1461
2021-08-01,San Luis Obispo,079,281455,22520,22083,826,22909,261
2021-08-01,San Mateo,081,765935,45750,45036,629,45665,548
2021-08-01,Santa Barbara,083,443738,36220,35809,1232,37041,469
2021-08-01,Santa Clara,085,1922200,125303,123511,872,124383,2183
2021-08-01,Santa Cruz,087,273765,17019,16709,835,17544,207
2021-08-01,Shasta,089,179085,13313,13036,1784,14820,212
2021-08-01,Sierra,091,2930,76,71,12,83,0
2021-08-01,Siskiyou,093,43540,2099,1989,449,2438,31
2021-08-01,Solano,095,438530,36548,35800,768,36568,260
2021-08-01,Sonoma,097,501317,33752,33076,397,33473,330
2021-08-01,Stanislaus,099,539301,59858,59078,6416,65494,1037
2021-08-01,Sutter,101,95872,10333,10198,107,10305,127
2021-08-01,Tehama,103,63373,5345,5252,624,5876,66
2021-08-01,Trinity,105,12862,515,359,117,476,3
2021-08-01,Tulare,107,460477,51644,50600,9791,60391,854
2021-08-01,Tuolumne,109,53932,4588,4489,48,4537,64
2021-08-01,Ventura,111,848112,85254,84040,3544,87584,1044
2021-08-01,Yolo,113,214977,15381,15042,520,15562,215
2021-08-01,Yuba,115,75493,6880,6721,155,6876,50
2021-07-31,Alameda,001,1643700,98261,95279,2233,97512,1265
2021-07-31,Alpine,003,1148,90,89,0,89,0
2021-07-31,Amador,005,37829,3993,3877,34,3911,48
2021-07-31,Butte,007,227075,13652,13235,2047,15282,205
2021-07-31,Calaveras,009,45235,2382,2294,15,2309,57
2021-07-31,Colusa,011,21464,2051,2006,357,2363,16
2021-07-31,Contra Costa,013,1133247,78608,75866,1549,77415,832
2021-07-31,Del Norte,015,27424,1744,1576,14,1590,8
2021-07-31,El Dorado,017,186661,11443,11017,917,11934,116
2021-07-31,Fresno,019,978130,107038,104639,9224,113863,1744
2021-07-31,Glenn,021,27897,2520,2465,592,3057,20
2021-07-31,Humboldt,023,135768,5343,4978,82,5060,52
2021-07-31,Imperial,025,180216,29465,29164,2774,31938,743
2021-07-31,Inyo,027,18085,1465,1442,14,1456,38
2021-07-31,Kern,029,883053,100652,98903,12166,111069,1357
2021-07-31,Kings,031,150075,24104,23548,1199,24747,248
2021-07-31,Lake,033,64148,4468,4238,16,4254,66
2021-07-31,Lassen,035,31185,5368,5320,123,5443,21
2021-07-31,Los Angeles,037,10098052,1273056,1248545,45889,1294434,24691
2021-07-31,Madera,039,155013,17481,17058,1037,18095,245
2021-07-31,Marin,041,260295,15143,14701,296,14997,239
2021-07-31,Mariposa,043,17540,494,470,11,481,5
2021-07-31,Mendocino,045,87422,4636,4400,97,4497,49
2021-07-31,Merced,047,269075,32266,31959,1129,33088,474
2021-07-31,Modoc,049,8938,429,413,148,561,5
2021-07-31,Mono,051,14174,1307,1287,18,1305,3
2021-07-31,Monterey,053,433212,44110,43720,2021,45741,525
2021-07-31,Napa,055,140530,10606,10401,55,10456,82
2021-07-31,Nevada,057,99092,5825,5373,209,5582,72
2021-07-31,Orange,059,3164182,269022,263446,12366,275812,5144
2021-07-31,Placer,061,380077,26095,25104,1946,27050,306
2021-07-31,Plumas,063,18699,781,743,14,757,5
2021-07-31,Riverside,065,2383286,307801,300315,14769,315084,4554
2021-07-31,Sacramento,067,1510023,118707,115259,2254,117513,1720
2021-07-31,San Benito,069,59416,6291,6251,117,6368,63
2021-07-31,San Bernardino,071,2135413,305521,300726,9483,310209,5240
2021-07-31,San Diego,073,3302833,301681,295054,17356,312410,3798
2021-07-31,San Francisco,075,870044,42424,40412,1614,42026,562
2021-07-31,San Joaquin,077,732212,78212,76575,3967,80542,1443
2021-07-31,San Luis Obispo,079,281455,22466,21922,824,22746,260
2021-07-31,San Mateo,081,765935,45593,44622,624,45246,548
2021-07-31,Santa Barbara,083,443738,36139,35531,1231,36762,467
2021-07-31,Santa Clara,085,1922200,125048,122614,870,123484,2099
2021-07-31,Santa Cruz,087,273765,16980,16576,834,17410,207
2021-07-31,Shasta,089,179085,13276,12918,1776,14694,212
2021-07-31,Sierra,091,2930,76,68,12,80,0
2021-07-31,Siskiyou,093,43540,2090,1976,443,2419,31
2021-07-31,Solano,095,438530,36447,35340,760,36100,263
2021-07-31,Sonoma,097,501317,33626,32601,397,32998,329
2021-07-31,Stanislaus,099,539301,59699,58586,6393,64979,1035
2021-07-31,Sutter,101,95872,10299,10068,106,10174,127
2021-07-31,Tehama,103,63373,5330,5216,621,5837,66
2021-07-31,Trinity,105,12862,514,354,116,470,3
2021-07-31,Tulare,107,460477,51555,50409,9738,60147,854
2021-07-31,Tuolumne,109,53932,4549,4362,48,4410,64
2021-07-31,Ventura,111,848112,85093,83509,3527,87036,1044
2021-07-31,Yolo,113,214977,15333,14863,509,15372,215
2021-07-31,Yuba,115,75493,6857,6615,151,6766,50
2021-07-30,Alameda,001,1643700,97927,95279,2229,97508,1265
2021-07-30,Alpine,003,1148,90,89,0,89,0
2021-07-30,Amador,005,37829,3970,3877,34,3911,48
2021-07-30,Butte,007,227075,13597,13235,2034,15269,205
2021-07-30,Calaveras,009,45235,2372,2294,15,2309,57
2021-07-30,Colusa,011,21464,2047,2006,355,2361,16
2021-07-30,Contra Costa,013,1133247,78364,75866,1545,77411,832
2021-07-30,Del Norte,015,27424,1726,1576,14,1590,8
2021-07-30,El Dorado,017,186661,11409,11017,911,11928,116
2021-07-30,Fresno,019,978130,106844,104639,9212,113851,1744
2021-07-30,Glenn,021,27897,2515,2465,591,3056,20
2021-07-30,Humboldt,023,135768,5280,4978,79,5057,52
2021-07-30,Imperial,025,180216,29451,29164,2771,31935,743
2021-07-30,Inyo,027,18085,1464,1442,14,1456,38
2021-07-30,Kern,029,883053,100528,98903,12119,111022,1357
2021-07-30,Kings,031,150075,24064,23548,1195,24743,248
2021-07-30,Lake,033,64148,4440,4238,16,4254,66
2021-07-30,Lassen,035,31185,5364,5320,123,5443,21
2021-07-30,Los Angeles,037,10098052,1270734,1248545,45739,1294284,24691
2021-07-30,Madera,039,155013,17439,17058,1034,18092,245
2021-07-30,Marin,041,260295,15109,14701,296,14997,239
2021-07-30,Mariposa,043,17540,490,470,11,481,5
2021-07-30,Mendocino,045,87422,4606,4400,96,4496,49
2021-07-30,Merced,047,269075,32225,31959,1125,33084,474
2021-07-30,Modoc,049,8938,427,413,148,561,5
2021-07-30,Mono,051,14174,1302,1287,18,1305,3
2021-07-30,Monterey,053,433212,44076,43720,2012,45732,525
2021-07-30,Napa,055,140530,10584,10401,54,10455,82
2021-07-30,Nevada,057,99092,5768,5373,209,5582,72
2021-07-30,Orange,059,3164182,268396,263446,12340,275786,5144
2021-07-30,Placer,061,380077,26006,25104,1928,27032,306
2021-07-30,Plumas,063,18699,776,743,14,757,5
2021-07-30,Riverside,065,2383286,307164,300315,14759,315074,4554
2021-07-30,Sacramento,067,1510023,118256,115259,2250,117509,1720
2021-07-30,San Benito,069,59416,6284,6251,117,6368,63
2021-07-30,San Bernardino,071,2135413,305008,300726,9476,310202,5240
2021-07-30,San Diego,073,3302833,300907,295054,17298,312352,3798
2021-07-30,San Francisco,075,870044,42211,40412,1599,42011,562
2021-07-30,San Joaquin,077,732212,78058,76575,3962,80537,1443
2021-07-30,San Luis Obispo,079,281455,22428,21922,820,22742,260
2021-07-30,San Mateo,081,765935,45468,44622,611,45233,548
2021-07-30,Santa Barbara,083,443738,36070,35531,1225,36756,467
2021-07-30,Santa Clara,085,1922200,124825,122614,868,123482,2099
2021-07-30,Santa Cruz,087,273765,16954,16576,832,17408,207
2021-07-30,Shasta,089,179085,13231,12918,1776,14694,212
2021-07-30,Sierra,091,2930,75,68,12,80,0
2021-07-30,Siskiyou,093,43540,2081,1976,442,2418,31
2021-07-30,Solano,095,438530,36356,35340,744,36084,263
2021-07-30,Sonoma,097,501317,33531,32601,397,32998,329
2021-07-30,Stanislaus,099,539301,59555,58586,6373,64959,1035
2021-07-30,Sutter,101,95872,10264,10068,106,10174,127
2021-07-30,Tehama,103,63373,5319,5216,621,5837,66
2021-07-30,Trinity,105,12862,514,354,116,470,3
2021-07-30,Tulare,107,460477,51512,50409,9703,60112,854
2021-07-30,Tuolumne,109,53932,4531,4362,48,4410,64
2021-07-30,Ventura,111,848112,84929,83509,3512,87021,1044
2021-07-30,Yolo,113,214977,15272,14863,505,15368,215
2021-07-30,Yuba,115,75493,6821,6615,150,6765,50
2021-07-29,Alameda,001,1643700,97509,95279,2223,97502,1265
2021-07-29,Alpine,003,1148,90,89,0,89,0
2021-07-29,Amador,005,37829,3951,3877,34,3911,48
2021-07-29,Butte,007,227075,13550,13235,2026,15261,205
2021-07-29,Calaveras,009,45235,2357,2294,15,2309,57
2021-07-29,Colusa,011,21464,2040,2006,355,2361,16
2021-07-29,Contra Costa,013,1133247,77925,75866,1541,77407,832
2021-07-29,Del Norte,015,27424,1702,1576,14,1590,8
2021-07-29,El Dorado,017,186661,11345,11017,899,11916,116
2021-07-29,Fresno,019,978130,106579,104639,9184,113823,1744
2021-07-29,Glenn,021,27897,2505,2465,590,3055,20
2021-07-29,Humboldt,023,135768,5220,4978,77,5055,52
2021-07-29,Imperial,025,180216,29406,29164,2769,31933,743
2021-07-29,Inyo,027,18085,1460,1442,14,1456,38
2021-07-29,Kern,029,883053,100321,98903,12041,110944,1357
2021-07-29,Kings,031,150075,24018,23548,1191,24739,248
2021-07-29,Lake,033,64148,4405,4238,16,4254,66
2021-07-29,Lassen,035,31185,5356,5320,120,5440,21
2021-07-29,Los Angeles,037,10098052,1267639,1248545,45557,1294102,24691
2021-07-29,Madera,039,155013,17392,17058,1030,18088,245
2021-07-29,Marin,041,260295,15066,14701,296,14997,239
2021-07-29,Mariposa,043,17540,486,470,11,481,5
2021-07-29,Mendocino,045,87422,4583,4400,94,4494,49
2021-07-29,Merced,047,269075,32170,31959,1125,33084,474
2021-07-29,Modoc,049,8938,427,413,148,561,5
2021-07-29,Mono,051,14174,1300,1287,18,1305,3
2021-07-29,Monterey,053,433212,44027,43720,2002,45722,525
2021-07-29,Napa,055,140530,10552,10401,52,10453,82
2021-07-29,Nevada,057,99092,5716,5373,208,5581,72
2021-07-29,Orange,059,3164182,267684,263446,12308,275754,5144
2021-07-29,Placer,061,380077,25883,25104,1913,27017,306
2021-07-29,Plumas,063,18699,768,743,14,757,5
2021-07-29,Riverside,065,2383286,306459,300315,14735,315050,4554
2021-07-29,Sacramento,067,1510023,117701,115259,2237,117496,1720
2021-07-29,San Benito,069,59416,6273,6251,117,6368,63
2021-07-29,San Bernardino,071,2135413,304371,300726,9466,310192,5240
2021-07-29,San Diego,073,3302833,299850,295054,17230,312284,3798
2021-07-29,San Francisco,075,870044,41963,40412,1578,41990,562
2021-07-29,San Joaquin,077,732212,77803,76575,3954,80529,1443
2021-07-29,San Luis Obispo,079,281455,22374,21922,818,22740,260
2021-07-29,San Mateo,081,765935,45341,44622,601,45223,548
2021-07-29,Santa Barbara,083,443738,35984,35531,1224,36755,467
2021-07-29,Santa Clara,085,1922200,124528,122614,865,123479,2099
2021-07-29,Santa Cruz,087,273765,16901,16576,830,17406,207
2021-07-29,Shasta,089,179085,13177,12918,1767,14685,212
2021-07-29,Sierra,091,2930,75,68,12,80,0
2021-07-29,Siskiyou,093,43540,2076,1976,440,2416,31
2021-07-29,Solano,095,438530,36196,35340,734,36074,263
2021-07-29,Sonoma,097,501317,33357,32601,395,32996,329
2021-07-29,Stanislaus,099,539301,59383,58586,6358,64944,1035
2021-07-29,Sutter,101,95872,10218,10068,105,10173,127
2021-07-29,Tehama,103,63373,5307,5216,615,5831,66
2021-07-29,Trinity,105,12862,512,354,115,469,3
2021-07-29,Tulare,107,460477,51422,50409,9663,60072,854
2021-07-29,Tuolumne,109,53932,4491,4362,47,4409,64
2021-07-29,Ventura,111,848112,84763,83509,3505,87014,1044
2021-07-29,Yolo,113,214977,15204,14863,491,15354,215
2021-07-29,Yuba,115,75493,6772,6615,147,6762,50
2021-07-28,Alameda,001,1643700,97042,94965,2216,97181,1262
2021-07-28,Alpine,003,1148,90,89,0,89,0
2021-07-28,Amador,005,37829,3937,3870,34,3904,48
2021-07-28,Butte,007,227075,13493,13184,2013,15197,205
2021-07-28,Calaveras,009,45235,2336,2289,15,2304,57
2021-07-28,Colusa,011,21464,2037,2001,354,2355,16
2021-07-28,Contra Costa,013,1133247,77438,75487,1533,77020,832
2021-07-28,Del Norte,015,27424,1669,1545,14,1559,8
2021-07-28,El Dorado,017,186661,11296,10967,890,11857,116
2021-07-28,Fresno,019,978130,106331,104458,9163,113621,1744
2021-07-28,Glenn,021,27897,2502,2464,587,3051,20
2021-07-28,Humboldt,023,135768,5169,4946,76,5022,52
2021-07-28,Imperial,025,180216,29359,29096,2769,31865,743
2021-07-28,Inyo,027,18085,1454,1439,13,1452,38
2021-07-28,Kern,029,883053,100165,98781,11995,110776,1352
2021-07-28,Kings,031,150075,23954,23503,1181,24684,248
2021-07-28,Lake,033,64148,4359,4191,15,4206,65
2021-07-28,Lassen,035,31185,5348,5318,120,5438,21
2021-07-28,Los Angeles,037,10098052,1264465,1245485,45371,1290856,24673
2021-07-28,Madera,039,155013,17351,17024,1024,18048,245
2021-07-28,Marin,041,260295,15011,14652,296,14948,239
2021-07-28,Mariposa,043,17540,479,469,11,480,5
2021-07-28,Mendocino,045,87422,4555,4377,94,4471,49
2021-07-28,Merced,047,269075,32114,31886,1121,33007,474
2021-07-28,Modoc,049,8938,425,413,148,561,5
2021-07-28,Mono,051,14174,1299,1286,18,1304,3
2021-07-28,Monterey,053,433212,43980,43668,1993,45661,524
2021-07-28,Napa,055,140530,10512,10376,50,10426,82
2021-07-28,Nevada,057,99092,5662,5320,208,5528,72
2021-07-28,Orange,059,3164182,266892,262735,12278,275013,5143
2021-07-28,Placer,061,380077,25736,24978,1897,26875,306
2021-07-28,Plumas,063,18699,763,754,14,768,5
2021-07-28,Riverside,065,2383286,305692,299611,14716,314327,4554
2021-07-28,Sacramento,067,1510023,117050,114665,2217,116882,1714
2021-07-28,San Benito,069,59416,6262,6236,117,6353,63
2021-07-28,San Bernardino,071,2135413,303749,300121,9454,309575,5236
2021-07-28,San Diego,073,3302833,298577,294176,17157,311333,3798
2021-07-28,San Francisco,075,870044,41660,40144,1552,41696,561
2021-07-28,San Joaquin,077,732212,77552,76312,3924,80236,1443
2021-07-28,San Luis Obispo,079,281455,22315,21865,817,22682,260
2021-07-28,San Mateo,081,765935,45191,44477,592,45069,547
2021-07-28,Santa Barbara,083,443738,35909,35431,1219,36650,467
2021-07-28,Santa Clara,085,1922200,124267,122345,863,123208,2099
2021-07-28,Santa Cruz,087,273765,16863,16551,829,17380,207
2021-07-28,Shasta,089,179085,13132,12882,1757,14639,212
2021-07-28,Sierra,091,2930,71,67,12,79,0
2021-07-28,Siskiyou,093,43540,2067,1971,437,2408,31
2021-07-28,Solano,095,438530,36022,35204,727,35931,262
2021-07-28,Sonoma,097,501317,33214,32434,392,32826,328
2021-07-28,Stanislaus,099,539301,59186,58427,6342,64769,1035
2021-07-28,Sutter,101,95872,10186,10033,104,10137,126
2021-07-28,Tehama,103,63373,5295,5209,612,5821,66
2021-07-28,Trinity,105,12862,511,352,115,467,3
2021-07-28,Tulare,107,460477,51334,50363,9616,59979,854
2021-07-28,Tuolumne,109,53932,4452,4313,47,4360,64
2021-07-28,Ventura,111,848112,84567,83360,3489,86849,1043
2021-07-28,Yolo,113,214977,15132,14801,482,15283,215
2021-07-28,Yuba,115,75493,6739,6591,146,6737,51
2021-07-27,Alameda,001,1643700,96638,94682,2207,96889,1256
2021-07-27,Alpine,003,1148,90,89,0,89,0
2021-07-27,Amador,005,37829,3921,3861,34,3895,48
2021-07-27,Butte,007,227075,13445,13127,2002,15129,205
2021-07-27,Calaveras,009,45235,2325,2280,15,2295,57
2021-07-27,Colusa,011,21464,2028,1999,353,2352,16
2021-07-27,Contra Costa,013,1133247,76953,75227,1529,76756,830
2021-07-27,Del Norte,015,27424,1649,1538,14,1552,8
2021-07-27,El Dorado,017,186661,11236,10941,880,11821,116
2021-07-27,Fresno,019,978130,106038,104288,9140,113428,1746
2021-07-27,Glenn,021,27897,2494,2460,585,3045,20
2021-07-27,Humboldt,023,135768,5115,4925,75,5000,52
2021-07-27,Imperial,025,180216,29314,29048,2768,31816,743
2021-07-27,Inyo,027,18085,1452,1430,13,1443,38
2021-07-27,Kern,029,883053,99995,98724,11939,110663,1352
2021-07-27,Kings,031,150075,23897,23463,1171,24634,248
2021-07-27,Lake,033,64148,4320,4157,15,4172,65
2021-07-27,Lassen,035,31185,5342,5315,120,5435,21
2021-07-27,Los Angeles,037,10098052,1261002,1243336,45162,1288498,24658
2021-07-27,Madera,039,155013,17298,16998,1018,18016,245
2021-07-27,Marin,041,260295,14963,14631,293,14924,239
2021-07-27,Mariposa,043,17540,476,468,11,479,5
2021-07-27,Mendocino,045,87422,4532,4371,94,4465,49
2021-07-27,Merced,047,269075,32047,31825,1118,32943,473
2021-07-27,Modoc,049,8938,424,413,148,561,5
2021-07-27,Mono,051,14174,1295,1288,18,1306,3
2021-07-27,Monterey,053,433212,43940,43646,1982,45628,523
2021-07-27,Napa,055,140530,10482,10354,50,10404,82
2021-07-27,Nevada,057,99092,5585,5305,206,5511,72
2021-07-27,Orange,059,3164182,266148,262193,12252,274445,5143
2021-07-27,Placer,061,380077,25577,24916,1871,26787,306
2021-07-27,Plumas,063,18699,760,752,14,766,5
2021-07-27,Riverside,065,2383286,304963,299160,14697,313857,4554
2021-07-27,Sacramento,067,1510023,116447,114413,2208,116621,1710
2021-07-27,San Benito,069,59416,6253,6229,117,6346,63
2021-07-27,San Bernardino,071,2135413,303062,299593,9432,309025,5236
2021-07-27,San Diego,073,3302833,297488,293408,17078,310486,3798
2021-07-27,San Francisco,075,870044,41304,39939,1534,41473,561
2021-07-27,San Joaquin,077,732212,77289,76166,3905,80071,1442
2021-07-27,San Luis Obispo,079,281455,22260,21803,808,22611,260
2021-07-27,San Mateo,081,765935,45040,44378,589,44967,547
2021-07-27,Santa Barbara,083,443738,35814,35355,1217,36572,467
2021-07-27,Santa Clara,085,1922200,123973,122154,861,123015,2099
2021-07-27,Santa Cruz,087,273765,16817,16523,828,17351,207
2021-07-27,Shasta,089,179085,13082,12846,1744,14590,212
2021-07-27,Sierra,091,2930,71,65,12,77,0
2021-07-27,Siskiyou,093,43540,2062,1964,434,2398,31
2021-07-27,Solano,095,438530,35890,35093,717,35810,261
2021-07-27,Sonoma,097,501317,33070,32367,390,32757,328
2021-07-27,Stanislaus,099,539301,59018,58333,6314,64647,1033
2021-07-27,Sutter,101,95872,10145,9998,104,10102,115
2021-07-27,Tehama,103,63373,5274,5192,610,5802,66
2021-07-27,Trinity,105,12862,510,351,115,466,3
2021-07-27,Tulare,107,460477,51268,50324,9585,59909,854
2021-07-27,Tuolumne,109,53932,4400,4282,47,4329,64
2021-07-27,Ventura,111,848112,84359,83189,3477,86666,1043
2021-07-27,Yolo,113,214977,15058,14759,476,15235,215
2021-07-27,Yuba,115,75493,6717,6564,144,6708,51
2021-07-26,Alameda,001,1643700,96193,94436,2203,96639,1259
2021-07-26,Alpine,003,1148,90,89,0,89,0
2021-07-26,Amador,005,37829,3911,3854,34,3888,48
2021-07-26,Butte,007,227075,13390,13082,1991,15073,203
2021-07-26,Calaveras,009,45235,2319,2276,15,2291,57
2021-07-26,Colusa,011,21464,2021,1996,351,2347,16
2021-07-26,Contra Costa,013,1133247,76456,74854,1522,76376,830
2021-07-26,Del Norte,015,27424,1628,1530,14,1544,8
2021-07-26,El Dorado,017,186661,11172,10899,877,11776,116
2021-07-26,Fresno,019,978130,105834,104143,9117,113260,1742
2021-07-26,Glenn,021,27897,2492,2461,584,3045,20
2021-07-26,Humboldt,023,135768,5076,4906,73,4979,52
2021-07-26,Imperial,025,180216,29274,29034,2768,31802,743
2021-07-26,Inyo,027,18085,1447,1429,13,1442,38
2021-07-26,Kern,029,883053,99829,98633,11874,110507,1351
2021-07-26,Kings,031,150075,23848,23426,1167,24593,247
2021-07-26,Lake,033,64148,4299,4133,15,4148,65
2021-07-26,Lassen,035,31185,5338,5314,120,5434,21
2021-07-26,Los Angeles,037,10098052,1257661,1241527,44991,1286518,24647
2021-07-26,Madera,039,155013,17270,16971,1011,17982,245
2021-07-26,Marin,041,260295,14906,14579,292,14871,239
2021-07-26,Mariposa,043,17540,475,467,11,478,5
2021-07-26,Mendocino,045,87422,4511,4354,94,4448,49
2021-07-26,Merced,047,269075,31956,31774,1114,32888,473
2021-07-26,Modoc,049,8938,424,413,148,561,5
2021-07-26,Mono,051,14174,1294,1286,18,1304,3
2021-07-26,Monterey,053,433212,43897,43595,1970,45565,521
2021-07-26,Napa,055,140530,10459,10332,50,10382,82
2021-07-26,Nevada,057,99092,5499,5280,206,5486,72
2021-07-26,Orange,059,3164182,265509,261803,12231,274034,5142
2021-07-26,Placer,061,380077,25441,24842,1850,26692,304
2021-07-26,Plumas,063,18699,756,750,14,764,5
2021-07-26,Riverside,065,2383286,304270,298626,14683,313309,4553
2021-07-26,Sacramento,067,1510023,115848,113986,2192,116178,1705
2021-07-26,San Benito,069,59416,6247,6222,117,6339,63
2021-07-26,San Bernardino,071,2135413,302447,299238,9420,308658,5237
2021-07-26,San Diego,073,3302833,296381,292688,16996,309684,3793
2021-07-26,San Francisco,075,870044,40943,39800,1508,41308,561
2021-07-26,San Joaquin,077,732212,77054,76033,3901,79934,1440
2021-07-26,San Luis Obispo,079,281455,22211,21752,805,22557,260
2021-07-26,San Mateo,081,765935,44892,44297,580,44877,547
2021-07-26,Santa Barbara,083,443738,35741,35311,1205,36516,467
2021-07-26,Santa Clara,085,1922200,123664,121978,852,122830,2099
2021-07-26,Santa Cruz,087,273765,16777,16493,825,17318,207
2021-07-26,Shasta,089,179085,13033,12819,1732,14551,211
2021-07-26,Sierra,091,2930,70,65,12,77,0
2021-07-26,Siskiyou,093,43540,2059,1962,432,2394,31
2021-07-26,Solano,095,438530,35735,34990,709,35699,259
2021-07-26,Sonoma,097,501317,32934,32283,388,32671,328
2021-07-26,Stanislaus,099,539301,58873,58219,6294,64513,1033
2021-07-26,Sutter,101,95872,10105,9963,101,10064,115
2021-07-26,Tehama,103,63373,5264,5183,606,5789,66
2021-07-26,Trinity,105,12862,510,351,114,465,3
2021-07-26,Tulare,107,460477,51202,50265,9554,59819,854
2021-07-26,Tuolumne,109,53932,4370,4271,47,4318,64
2021-07-26,Ventura,111,848112,84186,83072,3462,86534,1041
2021-07-26,Yolo,113,214977,14997,14727,464,15191,215
2021-07-26,Yuba,115,75493,6683,6538,142,6680,51
2021-07-25,Alameda,001,1643700,95700,94146,2197,96343,1259
2021-07-25,Alpine,003,1148,88,89,0,89,0
2021-07-25,Amador,005,37829,3896,3848,34,3882,48
2021-07-25,Butte,007,227075,13351,13074,1981,15055,203
2021-07-25,Calaveras,009,45235,2309,2275,15,2290,57
2021-07-25,Colusa,011,21464,2012,1996,347,2343,16
2021-07-25,Contra Costa,013,1133247,75971,74634,1508,76142,830
2021-07-25,Del Norte,015,27424,1607,1526,14,1540,8
2021-07-25,El Dorado,017,186661,11115,10878,873,11751,116
2021-07-25,Fresno,019,978130,105593,104019,9101,113120,1742
2021-07-25,Glenn,021,27897,2483,2461,582,3043,20
2021-07-25,Humboldt,023,135768,5017,4892,72,4964,52
2021-07-25,Imperial,025,180216,29238,29037,2768,31805,743
2021-07-25,Inyo,027,18085,1442,1427,13,1440,38
2021-07-25,Kern,029,883053,99657,98503,11803,110306,1351
2021-07-25,Kings,031,150075,23794,23396,1163,24559,247
2021-07-25,Lake,033,64148,4246,4109,14,4123,65
2021-07-25,Lassen,035,31185,5333,5314,120,5434,21
2021-07-25,Los Angeles,037,10098052,1254243,1239596,44795,1284391,24643
2021-07-25,Madera,039,155013,17233,16947,1004,17951,245
2021-07-25,Marin,041,260295,14856,14558,289,14847,239
2021-07-25,Mariposa,043,17540,472,465,11,476,5
2021-07-25,Mendocino,045,87422,4482,4335,92,4427,49
2021-07-25,Merced,047,269075,31883,31760,1112,32872,473
2021-07-25,Modoc,049,8938,424,413,148,561,5
2021-07-25,Mono,051,14174,1291,1286,18,1304,3
2021-07-25,Monterey,053,433212,43859,43590,1962,45552,521
2021-07-25,Napa,055,140530,10423,10316,49,10365,82
2021-07-25,Nevada,057,99092,5434,5256,203,5459,72
2021-07-25,Orange,059,3164182,264801,261351,12208,273559,5142
2021-07-25,Placer,061,380077,25319,24755,1829,26584,304
2021-07-25,Plumas,063,18699,754,750,14,764,5
2021-07-25,Riverside,065,2383286,303506,298181,14665,312846,4553
2021-07-25,Sacramento,067,1510023,115298,113611,2176,115787,1704
2021-07-25,San Benito,069,59416,6240,6217,117,6334,63
2021-07-25,San Bernardino,071,2135413,301787,298982,9414,308396,5237
2021-07-25,San Diego,073,3302833,295319,290626,16922,307548,3793
2021-07-25,San Francisco,075,870044,40593,39663,1482,41145,561
2021-07-25,San Joaquin,077,732212,76799,75926,3882,79808,1440
2021-07-25,San Luis Obispo,079,281455,22138,21741,802,22543,260
2021-07-25,San Mateo,081,765935,44729,44189,574,44763,547
2021-07-25,Santa Barbara,083,443738,35661,35261,1202,36463,467
2021-07-25,Santa Clara,085,1922200,123334,121800,847,122647,2099
2021-07-25,Santa Cruz,087,273765,16730,16474,824,17298,207
2021-07-25,Shasta,089,179085,12986,12815,1727,14542,211
2021-07-25,Sierra,091,2930,70,65,12,77,0
2021-07-25,Siskiyou,093,43540,2051,1963,429,2392,31
2021-07-25,Solano,095,438530,35543,34863,706,35569,259
2021-07-25,Sonoma,097,501317,32809,32202,385,32587,328
2021-07-25,Stanislaus,099,539301,58707,58154,6289,64443,1033
2021-07-25,Sutter,101,95872,10052,9937,99,10036,115
2021-07-25,Tehama,103,63373,5248,5181,605,5786,66
2021-07-25,Trinity,105,12862,508,351,112,463,3
2021-07-25,Tulare,107,460477,51127,50221,9516,59737,854
2021-07-25,Tuolumne,109,53932,4319,4267,47,4314,64
2021-07-25,Ventura,111,848112,83972,82986,3439,86425,1041
2021-07-25,Yolo,113,214977,14936,14693,450,15143,215
2021-07-25,Yuba,115,75493,6650,6519,142,6661,51
2021-07-24,Alameda,001,1643700,95420,93170,2193,95363,1259
2021-07-24,Alpine,003,1148,88,89,0,89,0
2021-07-24,Amador,005,37829,3887,3816,34,3850,48
2021-07-24,Butte,007,227075,13322,12982,1979,14961,203
2021-07-24,Calaveras,009,45235,2304,2267,15,2282,57
2021-07-24,Colusa,011,21464,2011,1992,345,2337,16
2021-07-24,Contra Costa,013,1133247,75743,73682,1505,75187,830
2021-07-24,Del Norte,015,27424,1596,1497,14,1511,8
2021-07-24,El Dorado,017,186661,11081,10773,870,11643,116
2021-07-24,Fresno,019,978130,105475,103637,9091,112728,1736
2021-07-24,Glenn,021,27897,2481,2457,582,3039,20
2021-07-24,Humboldt,023,135768,4982,4780,71,4851,52
2021-07-24,Imperial,025,180216,29218,28996,2768,31764,742
2021-07-24,Inyo,027,18085,1439,1424,13,1437,38
2021-07-24,Kern,029,883053,99579,98261,11781,110042,1350
2021-07-24,Kings,031,150075,23763,23304,1160,24464,246
2021-07-24,Lake,033,64148,4223,3963,14,3977,64
2021-07-24,Lassen,035,31185,5332,5311,120,5431,21
2021-07-24,Los Angeles,037,10098052,1252462,1232164,44665,1276829,24623
2021-07-24,Madera,039,155013,17209,16885,1002,17887,245
2021-07-24,Marin,041,260295,14817,14454,289,14743,238
2021-07-24,Mariposa,043,17540,472,453,11,464,5
2021-07-24,Mendocino,045,87422,4457,4293,92,4385,49
2021-07-24,Merced,047,269075,31861,31661,1111,32772,473
2021-07-24,Modoc,049,8938,424,413,148,561,5
2021-07-24,Mono,051,14174,1289,1284,18,1302,3
2021-07-24,Monterey,053,433212,43834,43525,1955,45480,521
2021-07-24,Napa,055,140530,10407,10230,49,10279,81
2021-07-24,Nevada,057,99092,5402,5183,203,5386,72
2021-07-24,Orange,059,3164182,264336,259973,12196,272169,5141
2021-07-24,Placer,061,380077,25236,24530,1824,26354,303
2021-07-24,Plumas,063,18699,753,737,14,751,4
2021-07-24,Riverside,065,2383286,303038,296912,14655,311567,4552
2021-07-24,Sacramento,067,1510023,114983,112438,2172,114610,1698
2021-07-24,San Benito,069,59416,6236,6200,116,6316,63
2021-07-24,San Bernardino,071,2135413,301396,297899,9405,307304,5236
2021-07-24,San Diego,073,3302833,294853,289368,16894,306262,3788
2021-07-24,San Francisco,075,870044,40419,38954,1466,40420,561
2021-07-24,San Joaquin,077,732212,76671,75461,3871,79332,1436
2021-07-24,San Luis Obispo,079,281455,22107,21616,800,22416,260
2021-07-24,San Mateo,081,765935,44612,43880,568,44448,542
2021-07-24,Santa Barbara,083,443738,35602,35071,1198,36269,465
2021-07-24,Santa Clara,085,1922200,123122,121092,846,121938,2099
2021-07-24,Santa Cruz,087,273765,16707,16416,824,17240,207
2021-07-24,Shasta,089,179085,12958,12759,1724,14483,211
2021-07-24,Sierra,091,2930,69,64,12,76,0
2021-07-24,Siskiyou,093,43540,2051,1951,429,2380,31
2021-07-24,Solano,095,438530,35451,34499,697,35196,259
2021-07-24,Sonoma,097,501317,32684,31928,383,32311,327
2021-07-24,Stanislaus,099,539301,58615,57879,6279,64158,1030
2021-07-24,Sutter,101,95872,10025,9890,99,9989,115
2021-07-24,Tehama,103,63373,5241,5166,603,5769,65
2021-07-24,Trinity,105,12862,508,345,112,457,3
2021-07-24,Tulare,107,460477,51084,50104,9499,59603,854
2021-07-24,Tuolumne,109,53932,4293,4216,47,4263,64
2021-07-24,Ventura,111,848112,83845,82687,3422,86109,1041
2021-07-24,Yolo,113,214977,14898,14557,447,15004,214
2021-07-24,Yuba,115,75493,6631,6449,142,6591,51
2021-07-23,Alameda,001,1643700,95167,93170,2188,95358,1259
2021-07-23,Alpine,003,1148,88,89,0,89,0
2021-07-23,Amador,005,37829,3880,3816,34,3850,48
2021-07-23,Butte,007,227075,13293,12982,1971,14953,203
2021-07-23,Calaveras,009,45235,2294,2267,15,2282,57
2021-07-23,Colusa,011,21464,2010,1992,345,2337,16
2021-07-23,Contra Costa,013,1133247,75483,73682,1495,75177,830
2021-07-23,Del Norte,015,27424,1588,1497,14,1511,8
2021-07-23,El Dorado,017,186661,11052,10773,866,11639,116
2021-07-23,Fresno,019,978130,105343,103637,9081,112718,1736
2021-07-23,Glenn,021,27897,2479,2457,579,3036,20
2021-07-23,Humboldt,023,135768,4960,4780,68,4848,52
2021-07-23,Imperial,025,180216,29206,28996,2768,31764,742
2021-07-23,Inyo,027,18085,1436,1424,13,1437,38
2021-07-23,Kern,029,883053,99497,98261,11755,110016,1350
2021-07-23,Kings,031,150075,23732,23304,1157,24461,246
2021-07-23,Lake,033,64148,4194,3963,14,3977,64
2021-07-23,Lassen,035,31185,5330,5311,120,5431,21
2021-07-23,Los Angeles,037,10098052,1250525,1232164,44556,1276720,24623
2021-07-23,Madera,039,155013,17179,16885,997,17882,245
2021-07-23,Marin,041,260295,14780,14454,287,14741,238
2021-07-23,Mariposa,043,17540,469,453,11,464,5
2021-07-23,Mendocino,045,87422,4444,4293,92,4385,49
2021-07-23,Merced,047,269075,31836,31661,1111,32772,473
2021-07-23,Modoc,049,8938,424,413,148,561,5
2021-07-23,Mono,051,14174,1288,1284,18,1302,3
2021-07-23,Monterey,053,433212,43808,43525,1955,45480,521
2021-07-23,Napa,055,140530,10386,10230,49,10279,81
2021-07-23,Nevada,057,99092,5358,5183,203,5386,72
2021-07-23,Orange,059,3164182,263886,259973,12173,272146,5141
2021-07-23,Placer,061,380077,25156,24530,1808,26338,303
2021-07-23,Plumas,063,18699,751,737,14,751,4
2021-07-23,Riverside,065,2383286,302572,296912,14643,311555,4552
2021-07-23,Sacramento,067,1510023,114629,112438,2170,114608,1698
2021-07-23,San Benito,069,59416,6230,6200,116,6316,63
2021-07-23,San Bernardino,071,2135413,301014,297899,9396,307295,5236
2021-07-23,San Diego,073,3302833,294246,289368,16846,306214,3788
2021-07-23,San Francisco,075,870044,40232,38954,1453,40407,561
2021-07-23,San Joaquin,077,732212,76567,75461,3856,79317,1436
2021-07-23,San Luis Obispo,079,281455,22068,21616,800,22416,260
2021-07-23,San Mateo,081,765935,44509,43880,563,44443,542
2021-07-23,Santa Barbara,083,443738,35537,35071,1197,36268,465
2021-07-23,Santa Clara,085,1922200,122903,121092,843,121935,2099
2021-07-23,Santa Cruz,087,273765,16682,16416,824,17240,207
2021-07-23,Shasta,089,179085,12931,12759,1721,14480,211
2021-07-23,Sierra,091,2930,69,64,12,76,0
2021-07-23,Siskiyou,093,43540,2049,1951,429,2380,31
2021-07-23,Solano,095,438530,35359,34499,693,35192,259
2021-07-23,Sonoma,097,501317,32589,31928,382,32310,327
2021-07-23,Stanislaus,099,539301,58539,57879,6270,64149,1030
2021-07-23,Sutter,101,95872,9996,9890,99,9989,115
2021-07-23,Tehama,103,63373,5232,5166,603,5769,65
2021-07-23,Trinity,105,12862,507,345,111,456,3
2021-07-23,Tulare,107,460477,51038,50104,9474,59578,854
2021-07-23,Tuolumne,109,53932,4271,4216,47,4263,64
2021-07-23,Ventura,111,848112,83683,82687,3404,86091,1041
2021-07-23,Yolo,113,214977,14861,14557,440,14997,214
2021-07-23,Yuba,115,75493,6605,6449,141,6590,51
2021-07-22,Alameda,001,1643700,94813,93170,2184,95354,1259
2021-07-22,Alpine,003,1148,88,89,0,89,0
2021-07-22,Amador,005,37829,3871,3816,34,3850,48
2021-07-22,Butte,007,227075,13259,12982,1962,14944,203
2021-07-22,Calaveras,009,45235,2284,2267,15,2282,57
2021-07-22,Colusa,011,21464,2008,1992,342,2334,16
2021-07-22,Contra Costa,013,1133247,75144,73682,1490,75172,830
2021-07-22,Del Norte,015,27424,1571,1497,14,1511,8
2021-07-22,El Dorado,017,186661,11017,10773,858,11631,116
2021-07-22,Fresno,019,978130,105214,103637,9071,112708,1736
2021-07-22,Glenn,021,27897,2475,2457,579,3036,20
2021-07-22,Humboldt,023,135768,4929,4780,66,4846,52
2021-07-22,Imperial,025,180216,29176,28996,2768,31764,742
2021-07-22,Inyo,027,18085,1434,1424,13,1437,38
2021-07-22,Kern,029,883053,99382,98261,11714,109975,1350
2021-07-22,Kings,031,150075,23693,23304,1155,24459,246
2021-07-22,Lake,033,64148,4143,3963,14,3977,64
2021-07-22,Lassen,035,31185,5327,5311,120,5431,21
2021-07-22,Los Angeles,037,10098052,1248096,1232164,44373,1276537,24623
2021-07-22,Madera,039,155013,17144,16885,995,17880,245
2021-07-22,Marin,041,260295,14739,14454,286,14740,238
2021-07-22,Mariposa,043,17540,462,453,11,464,5
2021-07-22,Mendocino,045,87422,4431,4293,91,4384,49
2021-07-22,Merced,047,269075,31794,31661,1109,32770,473
2021-07-22,Modoc,049,8938,424,413,148,561,5
2021-07-22,Mono,051,14174,1287,1284,18,1302,3
2021-07-22,Monterey,053,433212,43780,43525,1949,45474,521
2021-07-22,Napa,055,140530,10368,10230,49,10279,81
2021-07-22,Nevada,057,99092,5332,5183,202,5385,72
2021-07-22,Orange,059,3164182,263333,259973,12164,272137,5141
2021-07-22,Placer,061,380077,25062,24530,1797,26327,303
2021-07-22,Plumas,063,18699,750,737,14,751,4
2021-07-22,Riverside,065,2383286,302064,296912,14622,311534,4552
2021-07-22,Sacramento,067,1510023,114191,112438,2161,114599,1698
2021-07-22,San Benito,069,59416,6223,6200,116,6316,63
2021-07-22,San Bernardino,071,2135413,300612,297899,9380,307279,5236
2021-07-22,San Diego,073,3302833,293516,289368,16786,306154,3788
2021-07-22,San Francisco,075,870044,40019,38954,1441,40395,561
2021-07-22,San Joaquin,077,732212,76424,75461,3843,79304,1436
2021-07-22,San Luis Obispo,079,281455,22030,21616,796,22412,260
2021-07-22,San Mateo,081,765935,44397,43880,558,44438,542
2021-07-22,Santa Barbara,083,443738,35471,35071,1195,36266,465
2021-07-22,Santa Clara,085,1922200,122662,121092,840,121932,2099
2021-07-22,Santa Cruz,087,273765,16645,16416,823,17239,207
2021-07-22,Shasta,089,179085,12907,12759,1717,14476,211
2021-07-22,Sierra,091,2930,67,64,12,76,0
2021-07-22,Siskiyou,093,43540,2046,1951,429,2380,31
2021-07-22,Solano,095,438530,35213,34499,686,35185,259
2021-07-22,Sonoma,097,501317,32479,31928,380,32308,327
2021-07-22,Stanislaus,099,539301,58411,57879,6258,64137,1030
2021-07-22,Sutter,101,95872,9975,9890,99,9989,115
2021-07-22,Tehama,103,63373,5226,5166,603,5769,65
2021-07-22,Trinity,105,12862,507,345,111,456,3
2021-07-22,Tulare,107,460477,50995,50104,9446,59550,854
2021-07-22,Tuolumne,109,53932,4259,4216,47,4263,64
2021-07-22,Ventura,111,848112,83549,82687,3391,86078,1041
2021-07-22,Yolo,113,214977,14823,14557,439,14996,214
2021-07-22,Yuba,115,75493,6574,6449,138,6587,51
2021-07-21,Alameda,001,1643700,94492,92840,2181,95021,1256
2021-07-21,Alpine,003,1148,88,89,0,89,0
2021-07-21,Amador,005,37829,3858,3813,34,3847,48
2021-07-21,Butte,007,227075,13218,12939,1957,14896,203
2021-07-21,Calaveras,009,45235,2280,2257,15,2272,57
2021-07-21,Colusa,011,21464,2004,1988,341,2329,16
2021-07-21,Contra Costa,013,1133247,74880,73320,1481,74801,827
2021-07-21,Del Norte,015,27424,1561,1492,14,1506,8
2021-07-21,El Dorado,017,186661,10981,10742,854,11596,116
2021-07-21,Fresno,019,978130,105066,103504,9062,112566,1736
2021-07-21,Glenn,021,27897,2473,2455,578,3033,20
2021-07-21,Humboldt,023,135768,4897,4763,64,4827,52
2021-07-21,Imperial,025,180216,29164,28964,2765,31729,742
2021-07-21,Inyo,027,18085,1434,1423,13,1436,38
2021-07-21,Kern,029,883053,99264,98152,11673,109825,1350
2021-07-21,Kings,031,150075,23665,23270,1151,24421,246
2021-07-21,Lake,033,64148,4077,3896,14,3910,64
2021-07-21,Lassen,035,31185,5324,5310,120,5430,21
2021-07-21,Los Angeles,037,10098052,1245584,1229598,44236,1273834,24609
2021-07-21,Madera,039,155013,17120,16858,992,17850,245
2021-07-21,Marin,041,260295,14690,14427,286,14713,238
2021-07-21,Mariposa,043,17540,458,449,11,460,5
2021-07-21,Mendocino,045,87422,4413,4274,91,4365,49
2021-07-21,Merced,047,269075,31755,31607,1105,32712,473
2021-07-21,Modoc,049,8938,424,413,148,561,5
2021-07-21,Mono,051,14174,1284,1282,18,1300,3
2021-07-21,Monterey,053,433212,43750,43502,1945,45447,515
2021-07-21,Napa,055,140530,10342,10209,49,10258,81
2021-07-21,Nevada,057,99092,5297,5152,202,5354,72
2021-07-21,Orange,059,3164182,262780,259615,12133,271748,5139
2021-07-21,Placer,061,380077,24953,24441,1786,26227,303
2021-07-21,Plumas,063,18699,750,736,14,750,4
2021-07-21,Riverside,065,2383286,301551,296419,14605,311024,4552
2021-07-21,Sacramento,067,1510023,113769,112043,2150,114193,1696
2021-07-21,San Benito,069,59416,6213,6196,116,6312,63
2021-07-21,San Bernardino,071,2135413,300159,297519,9372,306891,5230
2021-07-21,San Diego,073,3302833,292666,288682,16723,305405,3787
2021-07-21,San Francisco,075,870044,39794,38699,1436,40135,559
2021-07-21,San Joaquin,077,732212,76235,75288,3831,79119,1434
2021-07-21,San Luis Obispo,079,281455,21993,21579,793,22372,260
2021-07-21,San Mateo,081,765935,44305,43755,554,44309,542
2021-07-21,Santa Barbara,083,443738,35412,34998,1179,36177,465
2021-07-21,Santa Clara,085,1922200,122452,120838,838,121676,2099
2021-07-21,Santa Cruz,087,273765,16611,16407,823,17230,207
2021-07-21,Shasta,089,179085,12874,12751,1714,14465,211
2021-07-21,Sierra,091,2930,67,64,12,76,0
2021-07-21,Siskiyou,093,43540,2044,1943,427,2370,31
2021-07-21,Solano,095,438530,35055,34374,681,35055,258
2021-07-21,Sonoma,097,501317,32363,31789,380,32169,327
2021-07-21,Stanislaus,099,539301,58309,57774,6248,64022,1028
2021-07-21,Sutter,101,95872,9951,9862,99,9961,113
2021-07-21,Tehama,103,63373,5222,5161,603,5764,65
2021-07-21,Trinity,105,12862,505,345,110,455,3
2021-07-21,Tulare,107,460477,50935,50066,9421,59487,854
2021-07-21,Tuolumne,109,53932,4222,4156,47,4203,64
2021-07-21,Ventura,111,848112,83427,82573,3379,85952,1041
2021-07-21,Yolo,113,214977,14781,14525,438,14963,213
2021-07-21,Yuba,115,75493,6546,6425,138,6563,52
2021-07-20,Alameda,001,1643700,94120,92625,2167,94792,1256
2021-07-20,Alpine,003,1148,88,89,0,89,0
2021-07-20,Amador,005,37829,3847,3807,34,3841,48
2021-07-20,Butte,007,227075,13181,12916,1952,14868,203
2021-07-20,Calaveras,009,45235,2277,2249,15,2264,57
2021-07-20,Colusa,011,21464,2004,1985,341,2326,16
2021-07-20,Contra Costa,013,1133247,74596,73143,1463,74606,825
2021-07-20,Del Norte,015,27424,1551,1490,14,1504,8
2021-07-20,El Dorado,017,186661,10941,10727,850,11577,116
2021-07-20,Fresno,019,978130,104931,103438,9043,112481,1736
2021-07-20,Glenn,021,27897,2473,2453,578,3031,20
2021-07-20,Humboldt,023,135768,4852,4735,62,4797,52
2021-07-20,Imperial,025,180216,29144,28933,2765,31698,742
2021-07-20,Inyo,027,18085,1430,1420,13,1433,36
2021-07-20,Kern,029,883053,99152,98082,11645,109727,1350
2021-07-20,Kings,031,150075,23624,23254,1147,24401,246
2021-07-20,Lake,033,64148,4052,3871,14,3885,64
2021-07-20,Lassen,035,31185,5324,5306,120,5426,21
2021-07-20,Los Angeles,037,10098052,1242789,1227404,44069,1271473,24603
2021-07-20,Madera,039,155013,17099,16856,988,17844,245
2021-07-20,Marin,041,260295,14654,14396,283,14679,234
2021-07-20,Mariposa,043,17540,456,448,11,459,5
2021-07-20,Mendocino,045,87422,4396,4259,91,4350,49
2021-07-20,Merced,047,269075,31716,31578,1098,32676,473
2021-07-20,Modoc,049,8938,424,413,148,561,5
2021-07-20,Mono,051,14174,1280,1281,18,1299,3
2021-07-20,Monterey,053,433212,43719,43481,1942,45423,515
2021-07-20,Napa,055,140530,10319,10191,49,10240,81
2021-07-20,Nevada,057,99092,5278,5148,201,5349,72
2021-07-20,Orange,059,3164182,262223,259303,12101,271404,5139
2021-07-20,Placer,061,380077,24861,24408,1763,26171,303
2021-07-20,Plumas,063,18699,748,736,14,750,4
2021-07-20,Riverside,065,2383286,301016,296118,14591,310709,4543
2021-07-20,Sacramento,067,1510023,113329,111796,2120,113916,1695
2021-07-20,San Benito,069,59416,6206,6196,116,6312,63
2021-07-20,San Bernardino,071,2135413,299749,297222,9347,306569,5231
2021-07-20,San Diego,073,3302833,291740,288209,16627,304836,3786
2021-07-20,San Francisco,075,870044,39536,38536,1425,39961,558
2021-07-20,San Joaquin,077,732212,76063,75198,3818,79016,1433
2021-07-20,San Luis Obispo,079,281455,21947,21556,792,22348,259
2021-07-20,San Mateo,081,765935,44186,43670,553,44223,542
2021-07-20,Santa Barbara,083,443738,35342,34935,1173,36108,462
2021-07-20,Santa Clara,085,1922200,122195,120704,835,121539,2098
2021-07-20,Santa Cruz,087,273765,16582,16399,823,17222,207
2021-07-20,Shasta,089,179085,12848,12734,1710,14444,211
2021-07-20,Sierra,091,2930,67,64,12,76,0
2021-07-20,Siskiyou,093,43540,2040,1931,426,2357,31
2021-07-20,Solano,095,438530,34920,34337,674,35011,258
2021-07-20,Sonoma,097,501317,32244,31763,379,32142,326
2021-07-20,Stanislaus,099,539301,58194,57706,6242,63948,1028
2021-07-20,Sutter,101,95872,9924,9854,96,9950,114
2021-07-20,Tehama,103,63373,5220,5153,603,5756,65
2021-07-20,Trinity,105,12862,503,344,109,453,3
2021-07-20,Tulare,107,460477,50893,50047,9404,59451,854
2021-07-20,Tuolumne,109,53932,4203,4156,47,4203,64
2021-07-20,Ventura,111,848112,83274,82504,3362,85866,1041
2021-07-20,Yolo,113,214977,14716,14495,435,14930,213
2021-07-20,Yuba,115,75493,6521,6393,135,6528,52
2021-07-19,Alameda,001,1643700,93745,92357,2151,94508,1256
2021-07-19,Alpine,003,1148,88,89,0,89,0
2021-07-19,Amador,005,37829,3843,3802,34,3836,48
2021-07-19,Butte,007,227075,13137,12901,1946,14847,202
2021-07-19,Calaveras,009,45235,2273,2245,15,2260,57
2021-07-19,Colusa,011,21464,2002,1981,340,2321,16
2021-07-19,Contra Costa,013,1133247,74284,72935,1443,74378,825
2021-07-19,Del Norte,015,27424,1538,1484,14,1498,8
2021-07-19,El Dorado,017,186661,10911,10703,842,11545,114
2021-07-19,Fresno,019,978130,104801,103350,9030,112380,1731
2021-07-19,Glenn,021,27897,2473,2452,577,3029,20
2021-07-19,Humboldt,023,135768,4822,4719,60,4779,52
2021-07-19,Imperial,025,180216,29117,28888,2764,31652,742
2021-07-19,Inyo,027,18085,1429,1417,13,1430,36
2021-07-19,Kern,029,883053,99038,97999,11611,109610,1349
2021-07-19,Kings,031,150075,23594,23221,1141,24362,246
2021-07-19,Lake,033,64148,4016,3848,14,3862,64
2021-07-19,Lassen,035,31185,5323,5305,120,5425,21
2021-07-19,Los Angeles,037,10098052,1240186,1225946,43878,1269824,24600
2021-07-19,Madera,039,155013,17076,16846,985,17831,244
2021-07-19,Marin,041,260295,14619,14369,280,14649,234
2021-07-19,Mariposa,043,17540,450,447,11,458,5
2021-07-19,Mendocino,045,87422,4378,4251,91,4342,49
2021-07-19,Merced,047,269075,31652,31565,1091,32656,472
2021-07-19,Modoc,049,8938,423,413,148,561,5
2021-07-19,Mono,051,14174,1278,1280,18,1298,3
2021-07-19,Monterey,053,433212,43695,43436,1941,45377,515
2021-07-19,Napa,055,140530,10294,10180,47,10227,81
2021-07-19,Nevada,057,99092,5250,5133,200,5333,72
2021-07-19,Orange,059,3164182,261700,258927,12069,270996,5138
2021-07-19,Placer,061,380077,24762,24359,1741,26100,303
2021-07-19,Plumas,063,18699,748,730,14,744,4
2021-07-19,Riverside,065,2383286,300526,295736,14553,310289,4543
2021-07-19,Sacramento,067,1510023,112965,111470,2096,113566,1696
2021-07-19,San Benito,069,59416,6203,6193,116,6309,63
2021-07-19,San Bernardino,071,2135413,299375,296929,9329,306258,5235
2021-07-19,San Diego,073,3302833,290840,287695,16522,304217,3786
2021-07-19,San Francisco,075,870044,39264,38463,1412,39875,560
2021-07-19,San Joaquin,077,732212,75898,75086,3812,78898,1431
2021-07-19,San Luis Obispo,079,281455,21902,21531,788,22319,259
2021-07-19,San Mateo,081,765935,44044,43563,544,44107,542
2021-07-19,Santa Barbara,083,443738,35270,34904,1171,36075,461
2021-07-19,Santa Clara,085,1922200,121937,120554,834,121388,2098
2021-07-19,Santa Cruz,087,273765,16566,16387,823,17210,207
2021-07-19,Shasta,089,179085,12830,12723,1708,14431,209
2021-07-19,Sierra,091,2930,66,64,12,76,0
2021-07-19,Siskiyou,093,43540,2035,1927,424,2351,31
2021-07-19,Solano,095,438530,34745,34262,663,34925,261
2021-07-19,Sonoma,097,501317,32123,31713,378,32091,325
2021-07-19,Stanislaus,099,539301,58093,57644,6232,63876,1027
2021-07-19,Sutter,101,95872,9908,9834,96,9930,114
2021-07-19,Tehama,103,63373,5214,5152,601,5753,65
2021-07-19,Trinity,105,12862,503,344,108,452,3
2021-07-19,Tulare,107,460477,50846,49994,9387,59381,855
2021-07-19,Tuolumne,109,53932,4193,4151,47,4198,64
2021-07-19,Ventura,111,848112,83178,82409,3340,85749,1041
2021-07-19,Yolo,113,214977,14684,14439,433,14872,213
2021-07-19,Yuba,115,75493,6497,6370,135,6505,52
2021-07-18,Alameda,001,1643700,93388,92162,2138,94300,1256
2021-07-18,Alpine,003,1148,88,89,0,89,0
2021-07-18,Amador,005,37829,3832,3799,34,3833,48
2021-07-18,Butte,007,227075,13094,12888,1941,14829,202
2021-07-18,Calaveras,009,45235,2270,2243,15,2258,57
2021-07-18,Colusa,011,21464,2002,1981,339,2320,16
2021-07-18,Contra Costa,013,1133247,73968,72849,1425,74274,825
2021-07-18,Del Norte,015,27424,1529,1482,14,1496,8
2021-07-18,El Dorado,017,186661,10873,10687,834,11521,114
2021-07-18,Fresno,019,978130,104647,103298,9012,112310,1731
2021-07-18,Glenn,021,27897,2472,2452,576,3028,20
2021-07-18,Humboldt,023,135768,4786,4714,60,4774,52
2021-07-18,Imperial,025,180216,29080,28877,2763,31640,742
2021-07-18,Inyo,027,18085,1425,1417,13,1430,36
2021-07-18,Kern,029,883053,98912,97963,11569,109532,1349
2021-07-18,Kings,031,150075,23573,23203,1137,24340,246
2021-07-18,Lake,033,64148,3980,3825,14,3839,64
2021-07-18,Lassen,035,31185,5323,5305,120,5425,21
2021-07-18,Los Angeles,037,10098052,1237496,1224691,43687,1268378,24598
2021-07-18,Madera,039,155013,17051,16838,981,17819,244
2021-07-18,Marin,041,260295,14583,14358,278,14636,234
2021-07-18,Mariposa,043,17540,449,447,11,458,5
2021-07-18,Mendocino,045,87422,4357,4246,91,4337,49
2021-07-18,Merced,047,269075,31621,31537,1089,32626,471
2021-07-18,Modoc,049,8938,423,413,148,561,5
2021-07-18,Mono,051,14174,1277,1280,18,1298,3
2021-07-18,Monterey,053,433212,43677,43422,1932,45354,515
2021-07-18,Napa,055,140530,10277,10174,44,10218,81
2021-07-18,Nevada,057,99092,5224,5124,200,5324,72
2021-07-18,Orange,059,3164182,261216,258724,12039,270763,5138
2021-07-18,Placer,061,380077,24695,24313,1714,26027,303
2021-07-18,Plumas,063,18699,748,730,14,744,4
2021-07-18,Riverside,065,2383286,300034,295522,14511,310033,4543
2021-07-18,Sacramento,067,1510023,112534,111255,2064,113319,1696
2021-07-18,San Benito,069,59416,6195,6191,116,6307,63
2021-07-18,San Bernardino,071,2135413,298901,296739,9314,306053,5233
2021-07-18,San Diego,073,3302833,290024,286287,16438,302725,3786
2021-07-18,San Francisco,075,870044,39029,38367,1401,39768,560
2021-07-18,San Joaquin,077,732212,75721,74997,3799,78796,1431
2021-07-18,San Luis Obispo,079,281455,21867,21527,785,22312,259
2021-07-18,San Mateo,081,765935,43931,43506,538,44044,542
2021-07-18,Santa Barbara,083,443738,35205,34880,1169,36049,461
2021-07-18,Santa Clara,085,1922200,121723,120438,827,121265,2098
2021-07-18,Santa Cruz,087,273765,16534,16372,822,17194,207
2021-07-18,Shasta,089,179085,12805,12714,1704,14418,209
2021-07-18,Sierra,091,2930,66,64,12,76,0
2021-07-18,Siskiyou,093,43540,2029,1927,419,2346,31
2021-07-18,Solano,095,438530,34617,34215,659,34874,261
2021-07-18,Sonoma,097,501317,32018,31675,377,32052,325
2021-07-18,Stanislaus,099,539301,57982,57600,6207,63807,1028
2021-07-18,Sutter,101,95872,9876,9826,96,9922,114
2021-07-18,Tehama,103,63373,5211,5150,600,5750,65
2021-07-18,Trinity,105,12862,503,344,108,452,3
2021-07-18,Tulare,107,460477,50793,49985,9364,59349,855
2021-07-18,Tuolumne,109,53932,4175,4149,47,4196,64
2021-07-18,Ventura,111,848112,83064,82361,3316,85677,1041
2021-07-18,Yolo,113,214977,14625,14425,427,14852,213
2021-07-18,Yuba,115,75493,6456,6357,135,6492,52
2021-07-17,Alameda,001,1643700,93171,91346,2126,93472,1255
2021-07-17,Alpine,003,1148,88,89,0,89,0
2021-07-17,Amador,005,37829,3823,3785,34,3819,48
2021-07-17,Butte,007,227075,13080,12824,1936,14760,202
2021-07-17,Calaveras,009,45235,2264,2237,15,2252,57
2021-07-17,Colusa,011,21464,1999,1976,339,2315,16
2021-07-17,Contra Costa,013,1133247,73786,72254,1412,73666,824
2021-07-17,Del Norte,015,27424,1521,1475,14,1489,8
2021-07-17,El Dorado,017,186661,10846,10622,830,11452,114
2021-07-17,Fresno,019,978130,104574,103055,8998,112053,1730
2021-07-17,Glenn,021,27897,2471,2451,576,3027,20
2021-07-17,Humboldt,023,135768,4773,4654,59,4713,52
2021-07-17,Imperial,025,180216,29064,28840,2763,31603,742
2021-07-17,Inyo,027,18085,1425,1416,13,1429,36
2021-07-17,Kern,029,883053,98855,97796,11532,109328,1348
2021-07-17,Kings,031,150075,23553,23163,1136,24299,246
2021-07-17,Lake,033,64148,3955,3760,14,3774,64
2021-07-17,Lassen,035,31185,5323,5302,120,5422,21
2021-07-17,Los Angeles,037,10098052,1235967,1219733,43544,1263277,24582
2021-07-17,Madera,039,155013,17043,16804,981,17785,240
2021-07-17,Marin,041,260295,14565,14297,276,14573,234
2021-07-17,Mariposa,043,17540,449,445,11,456,5
2021-07-17,Mendocino,045,87422,4345,4209,91,4300,49
2021-07-17,Merced,047,269075,31600,31451,1085,32536,471
2021-07-17,Modoc,049,8938,423,412,148,560,5
2021-07-17,Mono,051,14174,1275,1277,18,1295,3
2021-07-17,Monterey,053,433212,43654,43367,1927,45294,515
2021-07-17,Napa,055,140530,10261,10129,44,10173,81
2021-07-17,Nevada,057,99092,5209,5066,200,5266,72
2021-07-17,Orange,059,3164182,260909,257805,12000,269805,5136
2021-07-17,Placer,061,380077,24628,24169,1700,25869,303
2021-07-17,Plumas,063,18699,743,721,14,735,4
2021-07-17,Riverside,065,2383286,299727,294751,14479,309230,4542
2021-07-17,Sacramento,067,1510023,112299,110432,2042,112474,1694
2021-07-17,San Benito,069,59416,6189,6181,116,6297,63
2021-07-17,San Bernardino,071,2135413,298664,296048,9295,305343,5218
2021-07-17,San Diego,073,3302833,289617,285698,16370,302068,3786
2021-07-17,San Francisco,075,870044,38907,37978,1397,39375,560
2021-07-17,San Joaquin,077,732212,75634,74695,3793,78488,1430
2021-07-17,San Luis Obispo,079,281455,21840,21462,785,22247,258
2021-07-17,San Mateo,081,765935,43860,43324,537,43861,542
2021-07-17,Santa Barbara,083,443738,35164,34769,1166,35935,461
2021-07-17,Santa Clara,085,1922200,121551,119980,824,120804,2097
2021-07-17,Santa Cruz,087,273765,16527,16337,822,17159,207
2021-07-17,Shasta,089,179085,12790,12683,1699,14382,210
2021-07-17,Sierra,091,2930,66,62,12,74,0
2021-07-17,Siskiyou,093,43540,2024,1922,416,2338,29
2021-07-17,Solano,095,438530,34552,34015,651,34666,263
2021-07-17,Sonoma,097,501317,31950,31536,376,31912,322
2021-07-17,Stanislaus,099,539301,57905,57400,6193,63593,1028
2021-07-17,Sutter,101,95872,9866,9778,96,9874,114
2021-07-17,Tehama,103,63373,5208,5145,600,5745,64
2021-07-17,Trinity,105,12862,502,341,108,449,3
2021-07-17,Tulare,107,460477,50772,49937,9352,59289,854
2021-07-17,Tuolumne,109,53932,4165,4131,47,4178,64
2021-07-17,Ventura,111,848112,82995,82125,3305,85430,1041
2021-07-17,Yolo,113,214977,14593,14356,420,14776,213
2021-07-17,Yuba,115,75493,6445,6309,135,6444,52
2021-07-16,Alameda,001,1643700,92931,91346,2114,93460,1255
2021-07-16,Alpine,003,1148,88,89,0,89,0
2021-07-16,Amador,005,37829,3820,3785,34,3819,48
2021-07-16,Butte,007,227075,13055,12824,1933,14757,202
2021-07-16,Calaveras,009,45235,2263,2237,15,2252,57
2021-07-16,Colusa,011,21464,1997,1976,338,2314,16
2021-07-16,Contra Costa,013,1133247,73597,72254,1408,73662,824
2021-07-16,Del Norte,015,27424,1519,1475,14,1489,8
2021-07-16,El Dorado,017,186661,10827,10622,829,11451,114
2021-07-16,Fresno,019,978130,104522,103055,8978,112033,1730
2021-07-16,Glenn,021,27897,2471,2451,576,3027,20
2021-07-16,Humboldt,023,135768,4751,4654,59,4713,52
2021-07-16,Imperial,025,180216,29052,28840,2763,31603,742
2021-07-16,Inyo,027,18085,1423,1416,13,1429,36
2021-07-16,Kern,029,883053,98793,97796,11492,109288,1348
2021-07-16,Kings,031,150075,23528,23163,1134,24297,246
2021-07-16,Lake,033,64148,3928,3760,14,3774,64
2021-07-16,Lassen,035,31185,5322,5302,120,5422,21
2021-07-16,Los Angeles,037,10098052,1234464,1219733,43399,1263132,24582
2021-07-16,Madera,039,155013,17025,16804,981,17785,240
2021-07-16,Marin,041,260295,14541,14297,273,14570,234
2021-07-16,Mariposa,043,17540,449,445,11,456,5
2021-07-16,Mendocino,045,87422,4336,4209,90,4299,49
2021-07-16,Merced,047,269075,31578,31451,1083,32534,471
2021-07-16,Modoc,049,8938,423,412,148,560,5
2021-07-16,Mono,051,14174,1274,1277,18,1295,3
2021-07-16,Monterey,053,433212,43632,43367,1926,45293,515
2021-07-16,Napa,055,140530,10237,10129,43,10172,81
2021-07-16,Nevada,057,99092,5199,5066,200,5266,72
2021-07-16,Orange,059,3164182,260637,257805,11960,269765,5136
2021-07-16,Placer,061,380077,24575,24169,1695,25864,303
2021-07-16,Plumas,063,18699,742,721,14,735,4
2021-07-16,Riverside,065,2383286,299451,294751,14453,309204,4542
2021-07-16,Sacramento,067,1510023,112082,110432,2029,112461,1694
2021-07-16,San Benito,069,59416,6187,6181,116,6297,63
2021-07-16,San Bernardino,071,2135413,298385,296048,9278,305326,5218
2021-07-16,San Diego,073,3302833,289175,285698,16323,302021,3786
2021-07-16,San Francisco,075,870044,38790,37978,1392,39370,560
2021-07-16,San Joaquin,077,732212,75540,74695,3790,78485,1430
2021-07-16,San Luis Obispo,079,281455,21823,21462,785,22247,258
2021-07-16,San Mateo,081,765935,43807,43324,536,43860,542
2021-07-16,Santa Barbara,083,443738,35126,34769,1166,35935,461
2021-07-16,Santa Clara,085,1922200,121404,119980,816,120796,2097
2021-07-16,Santa Cruz,087,273765,16514,16337,822,17159,207
2021-07-16,Shasta,089,179085,12780,12683,1698,14381,210
2021-07-16,Sierra,091,2930,66,62,12,74,0
2021-07-16,Siskiyou,093,43540,2022,1922,414,2336,29
2021-07-16,Solano,095,438530,34485,34015,643,34658,263
2021-07-16,Sonoma,097,501317,31898,31536,373,31909,322
2021-07-16,Stanislaus,099,539301,57855,57400,6183,63583,1028
2021-07-16,Sutter,101,95872,9854,9778,96,9874,114
2021-07-16,Tehama,103,63373,5206,5145,600,5745,64
2021-07-16,Trinity,105,12862,502,341,107,448,3
2021-07-16,Tulare,107,460477,50748,49937,9342,59279,854
2021-07-16,Tuolumne,109,53932,4159,4131,47,4178,64
2021-07-16,Ventura,111,848112,82930,82125,3298,85423,1041
2021-07-16,Yolo,113,214977,14567,14356,416,14772,213
2021-07-16,Yuba,115,75493,6423,6309,134,6443,52
2021-07-15,Alameda,001,1643700,92634,91346,2104,93450,1255
2021-07-15,Alpine,003,1148,88,89,0,89,0
2021-07-15,Amador,005,37829,3817,3785,34,3819,48
2021-07-15,Butte,007,227075,13029,12824,1931,14755,202
2021-07-15,Calaveras,009,45235,2260,2237,15,2252,57
2021-07-15,Colusa,011,21464,1996,1976,337,2313,16
2021-07-15,Contra Costa,013,1133247,73384,72254,1401,73655,824
2021-07-15,Del Norte,015,27424,1516,1475,14,1489,8
2021-07-15,El Dorado,017,186661,10800,10622,827,11449,114
2021-07-15,Fresno,019,978130,104425,103055,8958,112013,1730
2021-07-15,Glenn,021,27897,2471,2451,576,3027,20
2021-07-15,Humboldt,023,135768,4733,4654,58,4712,52
2021-07-15,Imperial,025,180216,29029,28840,2763,31603,742
2021-07-15,Inyo,027,18085,1423,1416,13,1429,36
2021-07-15,Kern,029,883053,98723,97796,11464,109260,1348
2021-07-15,Kings,031,150075,23490,23163,1131,24294,246
2021-07-15,Lake,033,64148,3889,3760,14,3774,64
2021-07-15,Lassen,035,31185,5321,5302,120,5422,21
2021-07-15,Los Angeles,037,10098052,1232484,1219733,43240,1262973,24582
2021-07-15,Madera,039,155013,17003,16804,977,17781,240
2021-07-15,Marin,041,260295,14516,14297,273,14570,234
2021-07-15,Mariposa,043,17540,449,445,11,456,5
2021-07-15,Mendocino,045,87422,4328,4209,89,4298,49
2021-07-15,Merced,047,269075,31548,31451,1083,32534,471
2021-07-15,Modoc,049,8938,423,412,148,560,5
2021-07-15,Mono,051,14174,1274,1277,18,1295,3
2021-07-15,Monterey,053,433212,43603,43367,1923,45290,515
2021-07-15,Napa,055,140530,10212,10129,42,10171,81
2021-07-15,Nevada,057,99092,5182,5066,199,5265,72
2021-07-15,Orange,059,3164182,260286,257805,11929,269734,5136
2021-07-15,Placer,061,380077,24515,24169,1678,25847,303
2021-07-15,Plumas,063,18699,741,721,14,735,4
2021-07-15,Riverside,065,2383286,299129,294751,14438,309189,4542
2021-07-15,Sacramento,067,1510023,111778,110432,2012,112444,1694
2021-07-15,San Benito,069,59416,6185,6181,116,6297,63
2021-07-15,San Bernardino,071,2135413,298080,296048,9263,305311,5218
2021-07-15,San Diego,073,3302833,288537,285698,16245,301943,3786
2021-07-15,San Francisco,075,870044,38638,37978,1384,39362,560
2021-07-15,San Joaquin,077,732212,75423,74695,3785,78480,1430
2021-07-15,San Luis Obispo,079,281455,21791,21462,785,22247,258
2021-07-15,San Mateo,081,765935,43703,43324,531,43855,542
2021-07-15,Santa Barbara,083,443738,35070,34769,1165,35934,461
2021-07-15,Santa Clara,085,1922200,121282,119980,813,120793,2097
2021-07-15,Santa Cruz,087,273765,16501,16337,822,17159,207
2021-07-15,Shasta,089,179085,12772,12683,1694,14377,210
2021-07-15,Sierra,091,2930,66,62,12,74,0
2021-07-15,Siskiyou,093,43540,2021,1922,414,2336,29
2021-07-15,Solano,095,438530,34410,34015,637,34652,263
2021-07-15,Sonoma,097,501317,31837,31536,373,31909,322
2021-07-15,Stanislaus,099,539301,57786,57400,6170,63570,1028
2021-07-15,Sutter,101,95872,9834,9778,95,9873,114
2021-07-15,Tehama,103,63373,5200,5145,599,5744,64
2021-07-15,Trinity,105,12862,502,341,107,448,3
2021-07-15,Tulare,107,460477,50728,49937,9325,59262,854
2021-07-15,Tuolumne,109,53932,4147,4131,47,4178,64
2021-07-15,Ventura,111,848112,82854,82125,3293,85418,1041
2021-07-15,Yolo,113,214977,14540,14356,415,14771,213
2021-07-15,Yuba,115,75493,6408,6309,133,6442,52
2021-07-14,Alameda,001,1643700,92374,91092,2087,93179,1255
2021-07-14,Alpine,003,1148,88,89,0,89,0
2021-07-14,Amador,005,37829,3809,3784,34,3818,48
2021-07-14,Butte,007,227075,13002,12813,1924,14737,202
2021-07-14,Calaveras,009,45235,2253,2234,15,2249,57
2021-07-14,Colusa,011,21464,1993,1974,337,2311,16
2021-07-14,Contra Costa,013,1133247,73155,72091,1389,73480,823
2021-07-14,Del Norte,015,27424,1515,1472,14,1486,8
2021-07-14,El Dorado,017,186661,10774,10598,824,11422,114
2021-07-14,Fresno,019,978130,104345,102966,8947,111913,1728
2021-07-14,Glenn,021,27897,2471,2449,576,3025,20
2021-07-14,Humboldt,023,135768,4710,4644,56,4700,52
2021-07-14,Imperial,025,180216,29000,28822,2763,31585,742
2021-07-14,Inyo,027,18085,1422,1415,13,1428,36
2021-07-14,Kern,029,883053,98659,97736,11439,109175,1346
2021-07-14,Kings,031,150075,23477,23142,1131,24273,246
2021-07-14,Lake,033,64148,3856,3739,14,3753,63
2021-07-14,Lassen,035,31185,5320,5298,120,5418,21
2021-07-14,Los Angeles,037,10098052,1230467,1218265,43098,1261363,24578
2021-07-14,Madera,039,155013,16991,16786,975,17761,240
2021-07-14,Marin,041,260295,14482,14269,271,14540,233
2021-07-14,Mariposa,043,17540,447,445,11,456,5
2021-07-14,Mendocino,045,87422,4315,4193,89,4282,49
2021-07-14,Merced,047,269075,31511,31412,1079,32491,471
2021-07-14,Modoc,049,8938,423,412,148,560,4
2021-07-14,Mono,051,14174,1274,1278,18,1296,3
2021-07-14,Monterey,053,433212,43579,43347,1921,45268,504
2021-07-14,Napa,055,140530,10190,10121,42,10163,81
2021-07-14,Nevada,057,99092,5162,5058,199,5257,72
2021-07-14,Orange,059,3164182,259969,257558,11899,269457,5137
2021-07-14,Placer,061,380077,24462,24125,1666,25791,303
2021-07-14,Plumas,063,18699,734,719,14,733,4
2021-07-14,Riverside,065,2383286,298805,294511,14422,308933,4542
2021-07-14,Sacramento,067,1510023,111450,110193,1988,112181,1688
2021-07-14,San Benito,069,59416,6182,6177,116,6293,63
2021-07-14,San Bernardino,071,2135413,297780,295820,9248,305068,5193
2021-07-14,San Diego,073,3302833,287965,285269,16165,301434,3786
2021-07-14,San Francisco,075,870044,38499,37836,1378,39214,559
2021-07-14,San Joaquin,077,732212,75331,74599,3776,78375,1416
2021-07-14,San Luis Obispo,079,281455,21769,21444,783,22227,258
2021-07-14,San Mateo,081,765935,43604,43249,527,43776,542
2021-07-14,Santa Barbara,083,443738,35028,34719,1163,35882,461
2021-07-14,Santa Clara,085,1922200,121132,119844,810,120654,2098
2021-07-14,Santa Cruz,087,273765,16489,16326,822,17148,207
2021-07-14,Shasta,089,179085,12752,12669,1691,14360,209
2021-07-14,Sierra,091,2930,66,62,12,74,0
2021-07-14,Siskiyou,093,43540,2014,1922,411,2333,29
2021-07-14,Solano,095,438530,34337,33948,637,34585,268
2021-07-14,Sonoma,097,501317,31785,31470,373,31843,322
2021-07-14,Stanislaus,099,539301,57711,57340,6158,63498,1028
2021-07-14,Sutter,101,95872,9812,9766,95,9861,114
2021-07-14,Tehama,103,63373,5198,5142,599,5741,64
2021-07-14,Trinity,105,12862,502,341,107,448,3
2021-07-14,Tulare,107,460477,50711,49908,9311,59219,853
2021-07-14,Tuolumne,109,53932,4144,4128,46,4174,64
2021-07-14,Ventura,111,848112,82760,82041,3282,85323,1040
2021-07-14,Yolo,113,214977,14507,14332,412,14744,213
2021-07-14,Yuba,115,75493,6390,6294,133,6427,52
2021-07-13,Alameda,001,1643700,92109,90874,2077,92951,1255
2021-07-13,Alpine,003,1148,88,89,0,89,0
2021-07-13,Amador,005,37829,3802,3783,34,3817,48
2021-07-13,Butte,007,227075,12988,12802,1923,14725,202
2021-07-13,Calaveras,009,45235,2249,2230,15,2245,57
2021-07-13,Colusa,011,21464,1991,1972,333,2305,16
2021-07-13,Contra Costa,013,1133247,72930,71963,1380,73343,823
2021-07-13,Del Norte,015,27424,1511,1471,14,1485,8
2021-07-13,El Dorado,017,186661,10756,10581,821,11402,114
2021-07-13,Fresno,019,978130,104269,102909,8937,111846,1727
2021-07-13,Glenn,021,27897,2469,2448,576,3024,20
2021-07-13,Humboldt,023,135768,4695,4634,56,4690,51
2021-07-13,Imperial,025,180216,28989,28792,2763,31555,741
2021-07-13,Inyo,027,18085,1421,1415,13,1428,36
2021-07-13,Kern,029,883053,98570,97698,11400,109098,1346
2021-07-13,Kings,031,150075,23459,23132,1131,24263,246
2021-07-13,Lake,033,64148,3829,3719,13,3732,63
2021-07-13,Lassen,035,31185,5318,5292,120,5412,21
2021-07-13,Los Angeles,037,10098052,1228615,1217184,42930,1260114,24569
2021-07-13,Madera,039,155013,16981,16773,971,17744,240
2021-07-13,Marin,041,260295,14453,14254,270,14524,233
2021-07-13,Mariposa,043,17540,446,443,11,454,5
2021-07-13,Mendocino,045,87422,4308,4185,89,4274,49
2021-07-13,Merced,047,269075,31490,31379,1076,32455,471
2021-07-13,Modoc,049,8938,423,411,148,559,4
2021-07-13,Mono,051,14174,1273,1277,18,1295,3
2021-07-13,Monterey,053,433212,43561,43333,1917,45250,504
2021-07-13,Napa,055,140530,10169,10118,42,10160,81
2021-07-13,Nevada,057,99092,5137,5053,199,5252,72
2021-07-13,Orange,059,3164182,259639,257339,11870,269209,5136
2021-07-13,Placer,061,380077,24416,24091,1653,25744,303
2021-07-13,Plumas,063,18699,733,716,14,730,4
2021-07-13,Riverside,065,2383286,298482,294302,14395,308697,4541
2021-07-13,Sacramento,067,1510023,111140,109990,1965,111955,1687
2021-07-13,San Benito,069,59416,6180,6173,116,6289,63
2021-07-13,San Bernardino,071,2135413,297504,295596,9226,304822,5183
2021-07-13,San Diego,073,3302833,287417,284997,16086,301083,3785
2021-07-13,San Francisco,075,870044,38355,37725,1372,39097,559
2021-07-13,San Joaquin,077,732212,75215,74500,3773,78273,1417
2021-07-13,San Luis Obispo,079,281455,21743,21423,780,22203,258
2021-07-13,San Mateo,081,765935,43535,43180,526,43706,542
2021-07-13,Santa Barbara,083,443738,34979,34679,1160,35839,461
2021-07-13,Santa Clara,085,1922200,120979,119727,806,120533,2098
2021-07-13,Santa Cruz,087,273765,16480,16315,820,17135,207
2021-07-13,Shasta,089,179085,12739,12659,1684,14343,209
2021-07-13,Sierra,091,2930,66,62,12,74,0
2021-07-13,Siskiyou,093,43540,2013,1916,409,2325,29
2021-07-13,Solano,095,438530,34272,33918,631,34549,268
2021-07-13,Sonoma,097,501317,31726,31431,373,31804,322
2021-07-13,Stanislaus,099,539301,57641,57282,6143,63425,1028
2021-07-13,Sutter,101,95872,9794,9752,94,9846,114
2021-07-13,Tehama,103,63373,5191,5144,599,5743,64
2021-07-13,Trinity,105,12862,502,341,106,447,3
2021-07-13,Tulare,107,460477,50686,49891,9295,59186,853
2021-07-13,Tuolumne,109,53932,4136,4122,45,4167,64
2021-07-13,Ventura,111,848112,82675,81982,3257,85239,1040
2021-07-13,Yolo,113,214977,14479,14320,405,14725,213
2021-07-13,Yuba,115,75493,6373,6279,133,6412,52
2021-07-12,Alameda,001,1643700,91849,90720,2070,92790,1254
2021-07-12,Alpine,003,1148,88,89,0,89,0
2021-07-12,Amador,005,37829,3795,3781,34,3815,47
2021-07-12,Butte,007,227075,12968,12796,1921,14717,202
2021-07-12,Calaveras,009,45235,2247,2228,15,2243,57
2021-07-12,Colusa,011,21464,1987,1971,332,2303,16
2021-07-12,Contra Costa,013,1133247,72729,71833,1375,73208,823
2021-07-12,Del Norte,015,27424,1508,1469,14,1483,8
2021-07-12,El Dorado,017,186661,10728,10569,819,11388,114
2021-07-12,Fresno,019,978130,104175,102853,8924,111777,1728
2021-07-12,Glenn,021,27897,2469,2446,576,3022,20
2021-07-12,Humboldt,023,135768,4679,4621,56,4677,51
2021-07-12,Imperial,025,180216,28959,28789,2763,31552,741
2021-07-12,Inyo,027,18085,1421,1415,13,1428,36
2021-07-12,Kern,029,883053,98501,97660,11375,109035,1346
2021-07-12,Kings,031,150075,23439,23124,1129,24253,246
2021-07-12,Lake,033,64148,3808,3706,13,3719,63
2021-07-12,Lassen,035,31185,5317,5292,120,5412,21
2021-07-12,Los Angeles,037,10098052,1226823,1216230,42796,1259026,24559
2021-07-12,Madera,039,155013,16970,16772,971,17743,240
2021-07-12,Marin,041,260295,14428,14238,269,14507,233
2021-07-12,Mariposa,043,17540,446,442,11,453,5
2021-07-12,Mendocino,045,87422,4297,4175,89,4264,49
2021-07-12,Merced,047,269075,31459,31374,1075,32449,471
2021-07-12,Modoc,049,8938,422,411,148,559,4
2021-07-12,Mono,051,14174,1271,1275,18,1293,3
2021-07-12,Monterey,053,433212,43540,43315,1913,45228,504
2021-07-12,Napa,055,140530,10151,10104,41,10145,81
2021-07-12,Nevada,057,99092,5114,5046,199,5245,72
2021-07-12,Orange,059,3164182,259286,257171,11845,269016,5136
2021-07-12,Placer,061,380077,24365,24052,1647,25699,302
2021-07-12,Plumas,063,18699,733,716,14,730,4
2021-07-12,Riverside,065,2383286,298174,294108,14365,308473,4541
2021-07-12,Sacramento,067,1510023,110925,109849,1939,111788,1685
2021-07-12,San Benito,069,59416,6177,6166,116,6282,63
2021-07-12,San Bernardino,071,2135413,297233,295447,9212,304659,5171
2021-07-12,San Diego,073,3302833,286948,284648,16010,300658,3785
2021-07-12,San Francisco,075,870044,38208,37656,1369,39025,559
2021-07-12,San Joaquin,077,732212,75121,74424,3763,78187,1415
2021-07-12,San Luis Obispo,079,281455,21724,21408,779,22187,258
2021-07-12,San Mateo,081,765935,43442,43138,519,43657,542
2021-07-12,Santa Barbara,083,443738,34936,34664,1158,35822,461
2021-07-12,Santa Clara,085,1922200,120814,119634,803,120437,2098
2021-07-12,Santa Cruz,087,273765,16455,16310,819,17129,207
2021-07-12,Shasta,089,179085,12732,12648,1681,14329,208
2021-07-12,Sierra,091,2930,66,62,12,74,0
2021-07-12,Siskiyou,093,43540,2008,1916,404,2320,29
2021-07-12,Solano,095,438530,34182,33859,622,34481,268
2021-07-12,Sonoma,097,501317,31678,31377,372,31749,322
2021-07-12,Stanislaus,099,539301,57572,57243,6136,63379,1028
2021-07-12,Sutter,101,95872,9777,9736,93,9829,114
2021-07-12,Tehama,103,63373,5186,5138,598,5736,63
2021-07-12,Trinity,105,12862,498,340,104,444,3
2021-07-12,Tulare,107,460477,50658,49882,9282,59164,853
2021-07-12,Tuolumne,109,53932,4132,4116,45,4161,64
2021-07-12,Ventura,111,848112,82574,81919,3236,85155,1040
2021-07-12,Yolo,113,214977,14451,14303,401,14704,213
2021-07-12,Yuba,115,75493,6358,6266,133,6399,52
2021-07-11,Alameda,001,1643700,91518,90597,2057,92654,1254
2021-07-11,Alpine,003,1148,88,89,0,89,0
2021-07-11,Amador,005,37829,3793,3779,34,3813,47
2021-07-11,Butte,007,227075,12946,12794,1915,14709,202
2021-07-11,Calaveras,009,45235,2245,2226,14,2240,57
2021-07-11,Colusa,011,21464,1986,1971,331,2302,16
2021-07-11,Contra Costa,013,1133247,72519,71744,1368,73112,823
2021-07-11,Del Norte,015,27424,1504,1467,13,1480,8
2021-07-11,El Dorado,017,186661,10699,10554,817,11371,114
2021-07-11,Fresno,019,978130,104080,102813,8904,111717,1728
2021-07-11,Glenn,021,27897,2468,2446,576,3022,20
2021-07-11,Humboldt,023,135768,4666,4611,55,4666,51
2021-07-11,Imperial,025,180216,28941,28787,2762,31549,741
2021-07-11,Inyo,027,18085,1419,1415,13,1428,36
2021-07-11,Kern,029,883053,98428,97637,11359,108996,1346
2021-07-11,Kings,031,150075,23408,23116,1126,24242,246
2021-07-11,Lake,033,64148,3777,3699,13,3712,63
2021-07-11,Lassen,035,31185,5314,5291,120,5411,21
2021-07-11,Los Angeles,037,10098052,1225071,1215182,42638,1257820,24558
2021-07-11,Madera,039,155013,16951,16766,970,17736,240
2021-07-11,Marin,041,260295,14402,14231,269,14500,233
2021-07-11,Mariposa,043,17540,445,442,11,453,5
2021-07-11,Mendocino,045,87422,4277,4167,89,4256,49
2021-07-11,Merced,047,269075,31435,31366,1070,32436,471
2021-07-11,Modoc,049,8938,421,411,148,559,4
2021-07-11,Mono,051,14174,1271,1275,18,1293,3
2021-07-11,Monterey,053,433212,43521,43307,1909,45216,504
2021-07-11,Napa,055,140530,10147,10100,41,10141,81
2021-07-11,Nevada,057,99092,5103,5035,198,5233,72
2021-07-11,Orange,059,3164182,258973,257009,11816,268825,5136
2021-07-11,Placer,061,380077,24308,24017,1635,25652,302
2021-07-11,Plumas,063,18699,733,716,14,730,4
2021-07-11,Riverside,065,2383286,297910,293969,14347,308316,4541
2021-07-11,Sacramento,067,1510023,110646,109696,1929,111625,1685
2021-07-11,San Benito,069,59416,6172,6163,116,6279,63
2021-07-11,San Bernardino,071,2135413,296927,295342,9187,304529,5167
2021-07-11,San Diego,073,3302833,286534,283819,15924,299743,3784
2021-07-11,San Francisco,075,870044,38079,37596,1363,38959,559
2021-07-11,San Joaquin,077,732212,75004,74376,3746,78122,1415
2021-07-11,San Luis Obispo,079,281455,21691,21403,778,22181,258
2021-07-11,San Mateo,081,765935,43363,43107,512,43619,542
2021-07-11,Santa Barbara,083,443738,34889,34646,1158,35804,461
2021-07-11,Santa Clara,085,1922200,120660,119549,802,120351,2098
2021-07-11,Santa Cruz,087,273765,16439,16303,819,17122,207
2021-07-11,Shasta,089,179085,12715,12647,1679,14326,208
2021-07-11,Sierra,091,2930,66,62,12,74,0
2021-07-11,Siskiyou,093,43540,2004,1915,402,2317,29
2021-07-11,Solano,095,438530,34100,33837,618,34455,268
2021-07-11,Sonoma,097,501317,31596,31352,372,31724,322
2021-07-11,Stanislaus,099,539301,57507,57230,6125,63355,1028
2021-07-11,Sutter,101,95872,9763,9728,93,9821,114
2021-07-11,Tehama,103,63373,5183,5138,598,5736,63
2021-07-11,Trinity,105,12862,497,340,104,444,3
2021-07-11,Tulare,107,460477,50633,49877,9264,59141,853
2021-07-11,Tuolumne,109,53932,4126,4116,45,4161,64
2021-07-11,Ventura,111,848112,82501,81875,3216,85091,1040
2021-07-11,Yolo,113,214977,14426,14285,395,14680,213
2021-07-11,Yuba,115,75493,6347,6260,133,6393,52
2021-07-10,Alameda,001,1643700,91367,90090,2053,92143,1252
2021-07-10,Alpine,003,1148,88,89,0,89,0
2021-07-10,Amador,005,37829,3787,3773,34,3807,47
2021-07-10,Butte,007,227075,12935,12764,1912,14676,202
2021-07-10,Calaveras,009,45235,2244,2214,14,2228,57
2021-07-10,Colusa,011,21464,1984,1969,331,2300,16
2021-07-10,Contra Costa,013,1133247,72419,71376,1367,72743,821
2021-07-10,Del Norte,015,27424,1502,1451,13,1464,8
2021-07-10,El Dorado,017,186661,10683,10508,813,11321,114
2021-07-10,Fresno,019,978130,104047,102675,8897,111572,1730
2021-07-10,Glenn,021,27897,2465,2440,575,3015,20
2021-07-10,Humboldt,023,135768,4657,4574,55,4629,51
2021-07-10,Imperial,025,180216,28928,28729,2762,31491,741
2021-07-10,Inyo,027,18085,1418,1415,13,1428,36
2021-07-10,Kern,029,883053,98388,97538,11342,108880,1346
2021-07-10,Kings,031,150075,23401,23090,1125,24215,246
2021-07-10,Lake,033,64148,3760,3667,13,3680,63
2021-07-10,Lassen,035,31185,5314,5290,120,5410,21
2021-07-10,Los Angeles,037,10098052,1224049,1212043,42535,1254578,24542
2021-07-10,Madera,039,155013,16945,16744,967,17711,241
2021-07-10,Marin,041,260295,14388,14194,269,14463,233
2021-07-10,Mariposa,043,17540,445,442,11,453,5
2021-07-10,Mendocino,045,87422,4270,4153,88,4241,49
2021-07-10,Merced,047,269075,31422,31328,1070,32398,470
2021-07-10,Modoc,049,8938,421,410,148,558,4
2021-07-10,Mono,051,14174,1271,1275,18,1293,3
2021-07-10,Monterey,053,433212,43507,43251,1907,45158,499
2021-07-10,Napa,055,140530,10135,10077,41,10118,81
2021-07-10,Nevada,057,99092,5094,5000,198,5198,72
2021-07-10,Orange,059,3164182,258795,256438,11800,268238,5135
2021-07-10,Placer,061,380077,24279,23916,1625,25541,302
2021-07-10,Plumas,063,18699,732,717,14,731,4
2021-07-10,Riverside,065,2383286,297720,293474,14333,307807,4541
2021-07-10,Sacramento,067,1510023,110497,109091,1924,111015,1682
2021-07-10,San Benito,069,59416,6167,6141,116,6257,63
2021-07-10,San Bernardino,071,2135413,296739,294932,9175,304107,5117
2021-07-10,San Diego,073,3302833,286244,283577,15871,299448,3783
2021-07-10,San Francisco,075,870044,37996,37338,1360,38698,559
2021-07-10,San Joaquin,077,732212,74947,74150,3740,77890,1412
2021-07-10,San Luis Obispo,079,281455,21680,21375,777,22152,258
2021-07-10,San Mateo,081,765935,43311,42948,510,43458,542
2021-07-10,Santa Barbara,083,443738,34862,34595,1158,35753,460
2021-07-10,Santa Clara,085,1922200,120557,119330,799,120129,2094
2021-07-10,Santa Cruz,087,273765,16432,16286,819,17105,207
2021-07-10,Shasta,089,179085,12702,12623,1674,14297,206
2021-07-10,Sierra,091,2930,66,61,12,73,0
2021-07-10,Siskiyou,093,43540,2002,1909,399,2308,29
2021-07-10,Solano,095,438530,34058,33678,612,34290,268
2021-07-10,Sonoma,097,501317,31545,31231,372,31603,317
2021-07-10,Stanislaus,099,539301,57471,57104,6115,63219,1026
2021-07-10,Sutter,101,95872,9751,9692,93,9785,114
2021-07-10,Tehama,103,63373,5180,5131,598,5729,63
2021-07-10,Trinity,105,12862,497,341,104,445,3
2021-07-10,Tulare,107,460477,50623,49850,9258,59108,853
2021-07-10,Tuolumne,109,53932,4124,4114,45,4159,64
2021-07-10,Ventura,111,848112,82456,81713,3198,84911,1039
2021-07-10,Yolo,113,214977,14405,14250,392,14642,213
2021-07-10,Yuba,115,75493,6337,6238,133,6371,52
2021-07-09,Alameda,001,1643700,91207,90090,2048,92138,1252
2021-07-09,Alpine,003,1148,88,89,0,89,0
2021-07-09,Amador,005,37829,3786,3773,34,3807,47
2021-07-09,Butte,007,227075,12924,12764,1910,14674,202
2021-07-09,Calaveras,009,45235,2242,2214,14,2228,57
2021-07-09,Colusa,011,21464,1983,1969,331,2300,16
2021-07-09,Contra Costa,013,1133247,72294,71376,1365,72741,821
2021-07-09,Del Norte,015,27424,1497,1451,13,1464,8
2021-07-09,El Dorado,017,186661,10668,10508,812,11320,114
2021-07-09,Fresno,019,978130,103991,102675,8890,111565,1730
2021-07-09,Glenn,021,27897,2464,2440,573,3013,20
2021-07-09,Humboldt,023,135768,4638,4574,55,4629,51
2021-07-09,Imperial,025,180216,28920,28729,2761,31490,741
2021-07-09,Inyo,027,18085,1417,1415,13,1428,36
2021-07-09,Kern,029,883053,98350,97538,11330,108868,1346
2021-07-09,Kings,031,150075,23390,23090,1124,24214,246
2021-07-09,Lake,033,64148,3746,3667,13,3680,63
2021-07-09,Lassen,035,31185,5312,5290,119,5409,21
2021-07-09,Los Angeles,037,10098052,1223044,1212043,42463,1254506,24542
2021-07-09,Madera,039,155013,16935,16744,966,17710,241
2021-07-09,Marin,041,260295,14367,14194,268,14462,233
2021-07-09,Mariposa,043,17540,445,442,11,453,5
2021-07-09,Mendocino,045,87422,4263,4153,88,4241,49
2021-07-09,Merced,047,269075,31407,31328,1070,32398,470
2021-07-09,Modoc,049,8938,421,410,148,558,4
2021-07-09,Mono,051,14174,1271,1275,18,1293,3
2021-07-09,Monterey,053,433212,43498,43251,1907,45158,499
2021-07-09,Napa,055,140530,10128,10077,41,10118,81
2021-07-09,Nevada,057,99092,5085,5000,198,5198,72
2021-07-09,Orange,059,3164182,258590,256438,11786,268224,5135
2021-07-09,Placer,061,380077,24257,23916,1619,25535,302
2021-07-09,Plumas,063,18699,730,717,14,731,4
2021-07-09,Riverside,065,2383286,297534,293474,14320,307794,4541
2021-07-09,Sacramento,067,1510023,110343,109091,1915,111006,1682
2021-07-09,San Benito,069,59416,6165,6141,116,6257,63
2021-07-09,San Bernardino,071,2135413,296587,294932,9168,304100,5117
2021-07-09,San Diego,073,3302833,285955,283577,15823,299400,3783
2021-07-09,San Francisco,075,870044,37916,37338,1353,38691,559
2021-07-09,San Joaquin,077,732212,74873,74150,3733,77883,1412
2021-07-09,San Luis Obispo,079,281455,21668,21375,777,22152,258
2021-07-09,San Mateo,081,765935,43267,42948,506,43454,542
2021-07-09,Santa Barbara,083,443738,34841,34595,1157,35752,460
2021-07-09,Santa Clara,085,1922200,120447,119330,799,120129,2094
2021-07-09,Santa Cruz,087,273765,16429,16286,819,17105,207
2021-07-09,Shasta,089,179085,12696,12623,1669,14292,206
2021-07-09,Sierra,091,2930,66,61,12,73,0
2021-07-09,Siskiyou,093,43540,2000,1909,398,2307,29
2021-07-09,Solano,095,438530,34022,33678,608,34286,268
2021-07-09,Sonoma,097,501317,31509,31231,372,31603,317
2021-07-09,Stanislaus,099,539301,57442,57104,6113,63217,1026
2021-07-09,Sutter,101,95872,9742,9692,93,9785,114
2021-07-09,Tehama,103,63373,5178,5131,598,5729,63
2021-07-09,Trinity,105,12862,496,341,101,442,3
2021-07-09,Tulare,107,460477,50610,49850,9252,59102,853
2021-07-09,Tuolumne,109,53932,4120,4114,45,4159,64
2021-07-09,Ventura,111,848112,82401,81713,3189,84902,1039
2021-07-09,Yolo,113,214977,14390,14250,388,14638,213
2021-07-09,Yuba,115,75493,6324,6238,133,6371,52
2021-07-08,Alameda,001,1643700,91000,90090,2045,92135,1252
2021-07-08,Alpine,003,1148,88,89,0,89,0
2021-07-08,Amador,005,37829,3784,3773,34,3807,47
2021-07-08,Butte,007,227075,12911,12764,1907,14671,202
2021-07-08,Calaveras,009,45235,2239,2214,13,2227,57
2021-07-08,Colusa,011,21464,1983,1969,331,2300,16
2021-07-08,Contra Costa,013,1133247,72166,71376,1360,72736,821
2021-07-08,Del Norte,015,27424,1495,1451,13,1464,8
2021-07-08,El Dorado,017,186661,10651,10508,806,11314,114
2021-07-08,Fresno,019,978130,103929,102675,8879,111554,1730
2021-07-08,Glenn,021,27897,2464,2440,573,3013,20
2021-07-08,Humboldt,023,135768,4622,4574,54,4628,51
2021-07-08,Imperial,025,180216,28908,28729,2760,31489,741
2021-07-08,Inyo,027,18085,1417,1415,13,1428,36
2021-07-08,Kern,029,883053,98302,97538,11315,108853,1346
2021-07-08,Kings,031,150075,23381,23090,1124,24214,246
2021-07-08,Lake,033,64148,3732,3667,13,3680,63
2021-07-08,Lassen,035,31185,5309,5290,119,5409,21
2021-07-08,Los Angeles,037,10098052,1221830,1212043,42368,1254411,24542
2021-07-08,Madera,039,155013,16919,16744,966,17710,241
2021-07-08,Marin,041,260295,14353,14194,268,14462,233
2021-07-08,Mariposa,043,17540,444,442,11,453,5
2021-07-08,Mendocino,045,87422,4260,4153,88,4241,49
2021-07-08,Merced,047,269075,31393,31328,1068,32396,470
2021-07-08,Modoc,049,8938,421,410,148,558,4
2021-07-08,Mono,051,14174,1271,1275,18,1293,3
2021-07-08,Monterey,053,433212,43478,43251,1901,45152,499
2021-07-08,Napa,055,140530,10124,10077,41,10118,81
2021-07-08,Nevada,057,99092,5079,5000,198,5198,72
2021-07-08,Orange,059,3164182,258395,256438,11764,268202,5135
2021-07-08,Placer,061,380077,24218,23916,1611,25527,302
2021-07-08,Plumas,063,18699,729,717,14,731,4
2021-07-08,Riverside,065,2383286,297333,293474,14304,307778,4541
2021-07-08,Sacramento,067,1510023,110121,109091,1908,110999,1682
2021-07-08,San Benito,069,59416,6162,6141,116,6257,63
2021-07-08,San Bernardino,071,2135413,296412,294932,9159,304091,5117
2021-07-08,San Diego,073,3302833,285628,283577,15775,299352,3783
2021-07-08,San Francisco,075,870044,37836,37338,1349,38687,559
2021-07-08,San Joaquin,077,732212,74785,74150,3720,77870,1412
2021-07-08,San Luis Obispo,079,281455,21656,21375,774,22149,258
2021-07-08,San Mateo,081,765935,43216,42948,505,43453,542
2021-07-08,Santa Barbara,083,443738,34814,34595,1155,35750,460
2021-07-08,Santa Clara,085,1922200,120354,119330,798,120128,2094
2021-07-08,Santa Cruz,087,273765,16423,16286,819,17105,207
2021-07-08,Shasta,089,179085,12690,12623,1665,14288,206
2021-07-08,Sierra,091,2930,66,61,12,73,0
2021-07-08,Siskiyou,093,43540,1995,1909,395,2304,29
2021-07-08,Solano,095,438530,33967,33678,602,34280,268
2021-07-08,Sonoma,097,501317,31478,31231,371,31602,317
2021-07-08,Stanislaus,099,539301,57416,57104,6109,63213,1026
2021-07-08,Sutter,101,95872,9728,9692,91,9783,114
2021-07-08,Tehama,103,63373,5175,5131,597,5728,63
2021-07-08,Trinity,105,12862,496,341,101,442,3
2021-07-08,Tulare,107,460477,50592,49850,9244,59094,853
2021-07-08,Tuolumne,109,53932,4118,4114,45,4159,64
2021-07-08,Ventura,111,848112,82337,81713,3173,84886,1039
2021-07-08,Yolo,113,214977,14371,14250,386,14636,213
2021-07-08,Yuba,115,75493,6316,6238,133,6371,52
2021-07-07,Alameda,001,1643700,90815,89995,2039,92034,1253
2021-07-07,Alpine,003,1148,88,89,0,89,0
2021-07-07,Amador,005,37829,3779,3770,34,3804,47
2021-07-07,Butte,007,227075,12898,12750,1902,14652,202
2021-07-07,Calaveras,009,45235,2232,2212,13,2225,57
2021-07-07,Colusa,011,21464,1979,1969,331,2300,16
2021-07-07,Contra Costa,013,1133247,72019,71308,1358,72666,821
2021-07-07,Del Norte,015,27424,1490,1446,13,1459,8
2021-07-07,El Dorado,017,186661,10631,10494,804,11298,114
2021-07-07,Fresno,019,978130,103879,102639,8872,111511,1729
2021-07-07,Glenn,021,27897,2464,2441,573,3014,20
2021-07-07,Humboldt,023,135768,4608,4566,54,4620,51
2021-07-07,Imperial,025,180216,28901,28701,2760,31461,740
2021-07-07,Inyo,027,18085,1416,1415,13,1428,36
2021-07-07,Kern,029,883053,98258,97507,11300,108807,1348
2021-07-07,Kings,031,150075,23368,23085,1121,24206,245
2021-07-07,Lake,033,64148,3713,3660,13,3673,63
2021-07-07,Lassen,035,31185,5309,5286,119,5405,21
2021-07-07,Los Angeles,037,10098052,1220649,1211316,42264,1253580,24531
2021-07-07,Madera,039,155013,16908,16733,964,17697,241
2021-07-07,Marin,041,260295,14334,14183,267,14450,233
2021-07-07,Mariposa,043,17540,442,442,11,453,5
2021-07-07,Mendocino,045,87422,4251,4145,88,4233,49
2021-07-07,Merced,047,269075,31378,31317,1068,32385,470
2021-07-07,Modoc,049,8938,421,410,148,558,4
2021-07-07,Mono,051,14174,1270,1274,18,1292,3
2021-07-07,Monterey,053,433212,43454,43233,1899,45132,494
2021-07-07,Napa,055,140530,10113,10078,41,10119,81
2021-07-07,Nevada,057,99092,5072,4996,198,5194,72
2021-07-07,Orange,059,3164182,258169,256301,11742,268043,5132
2021-07-07,Placer,061,380077,24182,23901,1601,25502,302
2021-07-07,Plumas,063,18699,729,710,14,724,4
2021-07-07,Riverside,065,2383286,297119,293331,14294,307625,4538
2021-07-07,Sacramento,067,1510023,109931,108954,1900,110854,1682
2021-07-07,San Benito,069,59416,6157,6137,116,6253,63
2021-07-07,San Bernardino,071,2135413,296243,294787,9152,303939,5087
2021-07-07,San Diego,073,3302833,285308,283377,15735,299112,3782
2021-07-07,San Francisco,075,870044,37744,37284,1346,38630,558
2021-07-07,San Joaquin,077,732212,74709,74095,3705,77800,1410
2021-07-07,San Luis Obispo,079,281455,21647,21360,772,22132,258
2021-07-07,San Mateo,081,765935,43162,42908,502,43410,542
2021-07-07,Santa Barbara,083,443738,34788,34582,1155,35737,460
2021-07-07,Santa Clara,085,1922200,120256,119250,797,120047,2094
2021-07-07,Santa Cruz,087,273765,16414,16279,818,17097,207
2021-07-07,Shasta,089,179085,12682,12613,1662,14275,206
2021-07-07,Sierra,091,2930,66,60,12,72,0
2021-07-07,Siskiyou,093,43540,1989,1908,391,2299,29
2021-07-07,Solano,095,438530,33918,33659,595,34254,268
2021-07-07,Sonoma,097,501317,31432,31172,371,31543,316
2021-07-07,Stanislaus,099,539301,57384,57102,6104,63206,1028
2021-07-07,Sutter,101,95872,9718,9683,91,9774,114
2021-07-07,Tehama,103,63373,5174,5129,597,5726,63
2021-07-07,Trinity,105,12862,496,341,101,442,3
2021-07-07,Tulare,107,460477,50588,49835,9235,59070,853
2021-07-07,Tuolumne,109,53932,4114,4115,43,4158,64
2021-07-07,Ventura,111,848112,82293,81608,3159,84767,1036
2021-07-07,Yolo,113,214977,14360,14236,383,14619,213
2021-07-07,Yuba,115,75493,6300,6233,133,6366,51
2021-07-06,Alameda,001,1643700,90618,89918,2031,91949,1253
2021-07-06,Alpine,003,1148,88,89,0,89,0
2021-07-06,Amador,005,37829,3778,3768,33,3801,47
2021-07-06,Butte,007,227075,12885,12744,1899,14643,201
2021-07-06,Calaveras,009,45235,2232,2211,13,2224,55
2021-07-06,Colusa,011,21464,1978,1967,328,2295,16
2021-07-06,Contra Costa,013,1133247,71891,71262,1355,72617,820
2021-07-06,Del Norte,015,27424,1486,1445,13,1458,8
2021-07-06,El Dorado,017,186661,10613,10484,803,11287,113
2021-07-06,Fresno,019,978130,103827,102616,8860,111476,1727
2021-07-06,Glenn,021,27897,2463,2438,573,3011,20
2021-07-06,Humboldt,023,135768,4594,4565,53,4618,49
2021-07-06,Imperial,025,180216,28886,28693,2758,31451,739
2021-07-06,Inyo,027,18085,1416,1412,13,1425,36
2021-07-06,Kern,029,883053,98216,97491,11289,108780,1346
2021-07-06,Kings,031,150075,23360,23077,1120,24197,245
2021-07-06,Lake,033,64148,3703,3659,13,3672,63
2021-07-06,Lassen,035,31185,5308,5288,118,5406,21
2021-07-06,Los Angeles,037,10098052,1219429,1210965,42166,1253131,24525
2021-07-06,Madera,039,155013,16896,16730,964,17694,241
2021-07-06,Marin,041,260295,14320,14181,267,14448,233
2021-07-06,Mariposa,043,17540,442,442,11,453,5
2021-07-06,Mendocino,045,87422,4244,4143,88,4231,49
2021-07-06,Merced,047,269075,31361,31317,1067,32384,470
2021-07-06,Modoc,049,8938,421,411,148,559,4
2021-07-06,Mono,051,14174,1269,1274,18,1292,3
2021-07-06,Monterey,053,433212,43432,43224,1897,45121,494
2021-07-06,Napa,055,140530,10102,10081,41,10122,81
2021-07-06,Nevada,057,99092,5063,4988,198,5186,72
2021-07-06,Orange,059,3164182,257925,256227,11725,267952,5129
2021-07-06,Placer,061,380077,24141,23876,1595,25471,302
2021-07-06,Plumas,063,18699,728,708,14,722,4
2021-07-06,Riverside,065,2383286,296917,293227,14276,307503,4539
2021-07-06,Sacramento,067,1510023,109720,108850,1892,110742,1679
2021-07-06,San Benito,069,59416,6153,6137,116,6253,63
2021-07-06,San Bernardino,071,2135413,296064,294712,9139,303851,5056
2021-07-06,San Diego,073,3302833,284950,283278,15676,298954,3782
2021-07-06,San Francisco,075,870044,37627,37251,1345,38596,558
2021-07-06,San Joaquin,077,732212,74639,74019,3693,77712,1410
2021-07-06,San Luis Obispo,079,281455,21630,21354,770,22124,257
2021-07-06,San Mateo,081,765935,43087,42895,502,43397,541
2021-07-06,Santa Barbara,083,443738,34769,34572,1153,35725,460
2021-07-06,Santa Clara,085,1922200,120138,119194,794,119988,2095
2021-07-06,Santa Cruz,087,273765,16409,16274,817,17091,207
2021-07-06,Shasta,089,179085,12672,12606,1660,14266,205
2021-07-06,Sierra,091,2930,65,60,12,72,0
2021-07-06,Siskiyou,093,43540,1986,1905,387,2292,29
2021-07-06,Solano,095,438530,33867,33619,592,34211,268
2021-07-06,Sonoma,097,501317,31369,31130,370,31500,316
2021-07-06,Stanislaus,099,539301,57336,57120,6093,63213,1029
2021-07-06,Sutter,101,95872,9709,9674,90,9764,114
2021-07-06,Tehama,103,63373,5171,5126,596,5722,63
2021-07-06,Trinity,105,12862,496,341,101,442,3
2021-07-06,Tulare,107,460477,50573,49826,9224,59050,853
2021-07-06,Tuolumne,109,53932,4112,4113,43,4156,64
2021-07-06,Ventura,111,848112,82253,81534,3133,84667,1033
2021-07-06,Yolo,113,214977,14338,14227,380,14607,213
2021-07-06,Yuba,115,75493,6289,6231,133,6364,51
2021-07-05,Alameda,001,1643700,90440,89892,2026,91918,1253
2021-07-05,Alpine,003,1148,88,89,0,89,0
2021-07-05,Amador,005,37829,3776,3768,33,3801,47
2021-07-05,Butte,007,227075,12877,12740,1889,14629,201
2021-07-05,Calaveras,009,45235,2230,2211,13,2224,55
2021-07-05,Colusa,011,21464,1976,1966,327,2293,16
2021-07-05,Contra Costa,013,1133247,71763,71235,1355,72590,820
2021-07-05,Del Norte,015,27424,1482,1446,13,1459,8
2021-07-05,El Dorado,017,186661,10588,10481,803,11284,113
2021-07-05,Fresno,019,978130,103768,102592,8845,111437,1727
2021-07-05,Glenn,021,27897,2460,2438,572,3010,20
2021-07-05,Humboldt,023,135768,4580,4563,53,4616,49
2021-07-05,Imperial,025,180216,28867,28689,2758,31447,739
2021-07-05,Inyo,027,18085,1416,1412,13,1425,36
2021-07-05,Kern,029,883053,98168,97479,11268,108747,1346
2021-07-05,Kings,031,150075,23352,23065,1117,24182,245
2021-07-05,Lake,033,64148,3685,3645,13,3658,63
2021-07-05,Lassen,035,31185,5305,5288,117,5405,21
2021-07-05,Los Angeles,037,10098052,1218235,1210653,42065,1252718,24522
2021-07-05,Madera,039,155013,16885,16722,963,17685,241
2021-07-05,Marin,041,260295,14299,14178,267,14445,233
2021-07-05,Mariposa,043,17540,442,441,11,452,5
2021-07-05,Mendocino,045,87422,4239,4139,87,4226,49
2021-07-05,Merced,047,269075,31341,31312,1067,32379,470
2021-07-05,Modoc,049,8938,421,410,148,558,4
2021-07-05,Mono,051,14174,1269,1273,18,1291,3
2021-07-05,Monterey,053,433212,43412,43218,1892,45110,494
2021-07-05,Napa,055,140530,10096,10074,41,10115,81
2021-07-05,Nevada,057,99092,5045,4980,197,5177,72
2021-07-05,Orange,059,3164182,257724,256173,11707,267880,5129
2021-07-05,Placer,061,380077,24094,23867,1587,25454,302
2021-07-05,Plumas,063,18699,727,708,14,722,4
2021-07-05,Riverside,065,2383286,296726,293193,14264,307457,4539
2021-07-05,Sacramento,067,1510023,109538,108758,1883,110641,1679
2021-07-05,San Benito,069,59416,6146,6137,116,6253,63
2021-07-05,San Bernardino,071,2135413,295902,294647,9132,303779,5037
2021-07-05,San Diego,073,3302833,284587,282834,15632,298466,3782
2021-07-05,San Francisco,075,870044,37540,37237,1340,38577,558
2021-07-05,San Joaquin,077,732212,74569,73999,3688,77687,1410
2021-07-05,San Luis Obispo,079,281455,21617,21351,769,22120,257
2021-07-05,San Mateo,081,765935,43035,42876,499,43375,541
2021-07-05,Santa Barbara,083,443738,34749,34569,1153,35722,460
2021-07-05,Santa Clara,085,1922200,120032,119184,792,119976,2095
2021-07-05,Santa Cruz,087,273765,16400,16273,816,17089,208
2021-07-05,Shasta,089,179085,12663,12603,1658,14261,205
2021-07-05,Sierra,091,2930,65,60,12,72,0
2021-07-05,Siskiyou,093,43540,1984,1904,386,2290,29
2021-07-05,Solano,095,438530,33797,33612,586,34198,268
2021-07-05,Sonoma,097,501317,31316,31116,370,31486,316
2021-07-05,Stanislaus,099,539301,57306,57109,6082,63191,1029
2021-07-05,Sutter,101,95872,9697,9667,90,9757,114
2021-07-05,Tehama,103,63373,5170,5125,596,5721,63
2021-07-05,Trinity,105,12862,495,341,100,441,3
2021-07-05,Tulare,107,460477,50555,49818,9221,59039,853
2021-07-05,Tuolumne,109,53932,4108,4112,43,4155,64
2021-07-05,Ventura,111,848112,82202,81519,3114,84633,1033
2021-07-05,Yolo,113,214977,14318,14225,372,14597,213
2021-07-05,Yuba,115,75493,6281,6223,133,6356,51
2021-07-04,Alameda,001,1643700,90275,89683,2023,91706,1253
2021-07-04,Alpine,003,1148,88,89,0,89,0
2021-07-04,Amador,005,37829,3775,3758,33,3791,46
2021-07-04,Butte,007,227075,12867,12684,1889,14573,201
2021-07-04,Calaveras,009,45235,2226,2200,13,2213,55
2021-07-04,Colusa,011,21464,1976,1969,327,2296,15
2021-07-04,Contra Costa,013,1133247,71657,70941,1350,72291,818
2021-07-04,Del Norte,015,27424,1479,1439,13,1452,8
2021-07-04,El Dorado,017,186661,10579,10433,802,11235,113
2021-07-04,Fresno,019,978130,103722,102512,8828,111340,1727
2021-07-04,Glenn,021,27897,2458,2442,571,3013,20
2021-07-04,Humboldt,023,135768,4572,4530,53,4583,49
2021-07-04,Imperial,025,180216,28861,28661,2758,31419,739
2021-07-04,Inyo,027,18085,1416,1412,13,1425,35
2021-07-04,Kern,029,883053,98149,97421,11259,108680,1347
2021-07-04,Kings,031,150075,23344,23051,1117,24168,245
2021-07-04,Lake,033,64148,3675,3623,13,3636,62
2021-07-04,Lassen,035,31185,5304,5277,117,5394,20
2021-07-04,Los Angeles,037,10098052,1217375,1208705,41980,1250685,24506
2021-07-04,Madera,039,155013,16873,16696,961,17657,240
2021-07-04,Marin,041,260295,14284,14143,267,14410,233
2021-07-04,Mariposa,043,17540,442,441,11,452,5
2021-07-04,Mendocino,045,87422,4229,4122,87,4209,49
2021-07-04,Merced,047,269075,31330,31297,1067,32364,469
2021-07-04,Modoc,049,8938,421,410,148,558,4
2021-07-04,Mono,051,14174,1269,1275,18,1293,3
2021-07-04,Monterey,053,433212,43396,43212,1891,45103,492
2021-07-04,Napa,055,140530,10088,10045,40,10085,81
2021-07-04,Nevada,057,99092,5035,4966,197,5163,72
2021-07-04,Orange,059,3164182,257549,255823,11686,267509,5126
2021-07-04,Placer,061,380077,24057,23764,1580,25344,299
2021-07-04,Plumas,063,18699,727,707,14,721,4
2021-07-04,Riverside,065,2383286,296566,293260,14258,307518,4536
2021-07-04,Sacramento,067,1510023,109368,108257,1877,110134,1676
2021-07-04,San Benito,069,59416,6139,6108,116,6224,63
2021-07-04,San Bernardino,071,2135413,295734,294294,9125,303419,5003
2021-07-04,San Diego,073,3302833,284363,282692,15594,298286,3780
2021-07-04,San Francisco,075,870044,37481,37107,1334,38441,558
2021-07-04,San Joaquin,077,732212,74503,73841,3680,77521,1409
2021-07-04,San Luis Obispo,079,281455,21611,21330,768,22098,256
2021-07-04,San Mateo,081,765935,43001,42691,499,43190,541
2021-07-04,Santa Barbara,083,443738,34726,34526,1152,35678,456
2021-07-04,Santa Clara,085,1922200,119942,118966,791,119757,2090
2021-07-04,Santa Cruz,087,273765,16389,16254,816,17070,208
2021-07-04,Shasta,089,179085,12659,12582,1657,14239,204
2021-07-04,Sierra,091,2930,64,60,12,72,0
2021-07-04,Siskiyou,093,43540,1980,1899,385,2284,29
2021-07-04,Solano,095,438530,33756,33486,584,34070,268
2021-07-04,Sonoma,097,501317,31286,31000,369,31369,316
2021-07-04,Stanislaus,099,539301,57291,57018,6076,63094,1018
2021-07-04,Sutter,101,95872,9686,9644,90,9734,114
2021-07-04,Tehama,103,63373,5166,5124,596,5720,63
2021-07-04,Trinity,105,12862,494,341,100,441,3
2021-07-04,Tulare,107,460477,50545,49789,9218,59007,853
2021-07-04,Tuolumne,109,53932,4100,4113,43,4156,64
2021-07-04,Ventura,111,848112,82144,81425,3103,84528,1033
2021-07-04,Yolo,113,214977,14297,14188,369,14557,213
2021-07-04,Yuba,115,75493,6273,6197,133,6330,51
2021-07-03,Alameda,001,1643700,90187,89683,2015,91698,1253
2021-07-03,Alpine,003,1148,88,89,0,89,0
2021-07-03,Amador,005,37829,3775,3758,33,3791,46
2021-07-03,Butte,007,227075,12863,12684,1888,14572,201
2021-07-03,Calaveras,009,45235,2224,2200,13,2213,55
2021-07-03,Colusa,011,21464,1975,1969,327,2296,15
2021-07-03,Contra Costa,013,1133247,71598,70941,1347,72288,818
2021-07-03,Del Norte,015,27424,1476,1439,13,1452,8
2021-07-03,El Dorado,017,186661,10573,10433,800,11233,113
2021-07-03,Fresno,019,978130,103698,102512,8819,111331,1727
2021-07-03,Glenn,021,27897,2458,2442,571,3013,20
2021-07-03,Humboldt,023,135768,4567,4530,53,4583,49
2021-07-03,Imperial,025,180216,28851,28661,2758,31419,739
2021-07-03,Inyo,027,18085,1416,1412,13,1425,35
2021-07-03,Kern,029,883053,98129,97421,11251,108672,1347
2021-07-03,Kings,031,150075,23344,23051,1116,24167,245
2021-07-03,Lake,033,64148,3665,3623,13,3636,62
2021-07-03,Lassen,035,31185,5303,5277,117,5394,20
2021-07-03,Los Angeles,037,10098052,1216946,1208705,41949,1250654,24506
2021-07-03,Madera,039,155013,16864,16696,958,17654,240
2021-07-03,Marin,041,260295,14280,14143,267,14410,233
2021-07-03,Mariposa,043,17540,442,441,11,452,5
2021-07-03,Mendocino,045,87422,4228,4122,87,4209,49
2021-07-03,Merced,047,269075,31317,31297,1066,32363,469
2021-07-03,Modoc,049,8938,420,410,148,558,4
2021-07-03,Mono,051,14174,1268,1275,18,1293,3
2021-07-03,Monterey,053,433212,43384,43212,1888,45100,492
2021-07-03,Napa,055,140530,10083,10045,40,10085,81
2021-07-03,Nevada,057,99092,5021,4966,197,5163,72
2021-07-03,Orange,059,3164182,257465,255823,11679,267502,5126
2021-07-03,Placer,061,380077,24038,23764,1577,25341,299
2021-07-03,Plumas,063,18699,727,707,14,721,4
2021-07-03,Riverside,065,2383286,296474,293260,14254,307514,4536
2021-07-03,Sacramento,067,1510023,109294,108257,1874,110131,1676
2021-07-03,San Benito,069,59416,6132,6108,116,6224,63
2021-07-03,San Bernardino,071,2135413,295644,294294,9122,303416,5003
2021-07-03,San Diego,073,3302833,284232,282692,15575,298267,3780
2021-07-03,San Francisco,075,870044,37440,37107,1331,38438,558
2021-07-03,San Joaquin,077,732212,74467,73841,3675,77516,1409
2021-07-03,San Luis Obispo,079,281455,21599,21330,768,22098,256
2021-07-03,San Mateo,081,765935,42976,42691,498,43189,541
2021-07-03,Santa Barbara,083,443738,34717,34526,1151,35677,456
2021-07-03,Santa Clara,085,1922200,119895,118966,791,119757,2090
2021-07-03,Santa Cruz,087,273765,16382,16254,816,17070,208
2021-07-03,Shasta,089,179085,12655,12582,1655,14237,204
2021-07-03,Sierra,091,2930,64,60,12,72,0
2021-07-03,Siskiyou,093,43540,1979,1899,384,2283,29
2021-07-03,Solano,095,438530,33712,33486,584,34070,268
2021-07-03,Sonoma,097,501317,31252,31000,369,31369,316
2021-07-03,Stanislaus,099,539301,57280,57018,6068,63086,1018
2021-07-03,Sutter,101,95872,9676,9644,90,9734,114
2021-07-03,Tehama,103,63373,5164,5124,596,5720,63
2021-07-03,Trinity,105,12862,494,341,100,441,3
2021-07-03,Tulare,107,460477,50539,49789,9212,59001,853
2021-07-03,Tuolumne,109,53932,4099,4113,43,4156,64
2021-07-03,Ventura,111,848112,82114,81425,3095,84520,1033
2021-07-03,Yolo,113,214977,14287,14188,366,14554,213
2021-07-03,Yuba,115,75493,6267,6197,133,6330,51
2021-07-02,Alameda,001,1643700,90105,89683,2014,91697,1253
2021-07-02,Alpine,003,1148,88,89,0,89,0
2021-07-02,Amador,005,37829,3773,3758,33,3791,46
2021-07-02,Butte,007,227075,12856,12684,1888,14572,201
2021-07-02,Calaveras,009,45235,2222,2200,13,2213,55
2021-07-02,Colusa,011,21464,1974,1969,326,2295,15
2021-07-02,Contra Costa,013,1133247,71528,70941,1343,72284,818
2021-07-02,Del Norte,015,27424,1476,1439,13,1452,8
2021-07-02,El Dorado,017,186661,10565,10433,800,11233,113
2021-07-02,Fresno,019,978130,103669,102512,8813,111325,1727
2021-07-02,Glenn,021,27897,2457,2442,570,3012,20
2021-07-02,Humboldt,023,135768,4564,4530,52,4582,49
2021-07-02,Imperial,025,180216,28845,28661,2757,31418,739
2021-07-02,Inyo,027,18085,1416,1412,13,1425,35
2021-07-02,Kern,029,883053,98111,97421,11242,108663,1347
2021-07-02,Kings,031,150075,23334,23051,1116,24167,245
2021-07-02,Lake,033,64148,3659,3623,13,3636,62
2021-07-02,Lassen,035,31185,5303,5277,117,5394,20
2021-07-02,Los Angeles,037,10098052,1216470,1208705,41912,1250617,24506
2021-07-02,Madera,039,155013,16855,16696,957,17653,240
2021-07-02,Marin,041,260295,14276,14143,267,14410,233
2021-07-02,Mariposa,043,17540,442,441,11,452,5
2021-07-02,Mendocino,045,87422,4224,4122,86,4208,49
2021-07-02,Merced,047,269075,31308,31297,1066,32363,469
2021-07-02,Modoc,049,8938,420,410,148,558,4
2021-07-02,Mono,051,14174,1267,1275,18,1293,3
2021-07-02,Monterey,053,433212,43376,43212,1887,45099,492
2021-07-02,Napa,055,140530,10078,10045,40,10085,81
2021-07-02,Nevada,057,99092,5012,4966,197,5163,72
2021-07-02,Orange,059,3164182,257354,255823,11672,267495,5126
2021-07-02,Placer,061,380077,24021,23764,1570,25334,299
2021-07-02,Plumas,063,18699,727,707,14,721,4
2021-07-02,Riverside,065,2383286,296376,293260,14249,307509,4536
2021-07-02,Sacramento,067,1510023,109216,108257,1873,110130,1676
2021-07-02,San Benito,069,59416,6129,6108,116,6224,63
2021-07-02,San Bernardino,071,2135413,295557,294294,9120,303414,5003
2021-07-02,San Diego,073,3302833,284087,282692,15549,298241,3780
2021-07-02,San Francisco,075,870044,37391,37107,1329,38436,558
2021-07-02,San Joaquin,077,732212,74435,73841,3669,77510,1409
2021-07-02,San Luis Obispo,079,281455,21593,21330,767,22097,256
2021-07-02,San Mateo,081,765935,42940,42691,498,43189,541
2021-07-02,Santa Barbara,083,443738,34707,34526,1151,35677,456
2021-07-02,Santa Clara,085,1922200,119817,118966,791,119757,2090
2021-07-02,Santa Cruz,087,273765,16378,16254,816,17070,208
2021-07-02,Shasta,089,179085,12651,12582,1655,14237,204
2021-07-02,Sierra,091,2930,63,60,12,72,0
2021-07-02,Siskiyou,093,43540,1976,1899,383,2282,29
2021-07-02,Solano,095,438530,33687,33486,584,34070,268
2021-07-02,Sonoma,097,501317,31229,31000,369,31369,316
2021-07-02,Stanislaus,099,539301,57263,57018,6067,63085,1018
2021-07-02,Sutter,101,95872,9672,9644,90,9734,114
2021-07-02,Tehama,103,63373,5162,5124,594,5718,63
2021-07-02,Trinity,105,12862,494,341,100,441,3
2021-07-02,Tulare,107,460477,50529,49789,9204,58993,853
2021-07-02,Tuolumne,109,53932,4096,4113,43,4156,64
2021-07-02,Ventura,111,848112,82071,81425,3087,84512,1033
2021-07-02,Yolo,113,214977,14271,14188,364,14552,213
2021-07-02,Yuba,115,75493,6259,6197,133,6330,51
2021-07-01,Alameda,001,1643700,90005,89683,2012,91695,1253
2021-07-01,Alpine,003,1148,88,89,0,89,0
2021-07-01,Amador,005,37829,3772,3758,33,3791,46
2021-07-01,Butte,007,227075,12844,12684,1886,14570,201
2021-07-01,Calaveras,009,45235,2220,2200,13,2213,55
2021-07-01,Colusa,011,21464,1974,1969,324,2293,15
2021-07-01,Contra Costa,013,1133247,71456,70941,1343,72284,818
2021-07-01,Del Norte,015,27424,1475,1439,13,1452,8
2021-07-01,El Dorado,017,186661,10553,10433,800,11233,113
2021-07-01,Fresno,019,978130,103630,102512,8808,111320,1727
2021-07-01,Glenn,021,27897,2457,2442,570,3012,20
2021-07-01,Humboldt,023,135768,4562,4530,52,4582,49
2021-07-01,Imperial,025,180216,28828,28661,2757,31418,739
2021-07-01,Inyo,027,18085,1416,1412,13,1425,35
2021-07-01,Kern,029,883053,98085,97421,11232,108653,1347
2021-07-01,Kings,031,150075,23320,23051,1116,24167,245
2021-07-01,Lake,033,64148,3656,3623,13,3636,62
2021-07-01,Lassen,035,31185,5301,5277,117,5394,20
2021-07-01,Los Angeles,037,10098052,1215871,1208705,41857,1250562,24506
2021-07-01,Madera,039,155013,16846,16696,956,17652,240
2021-07-01,Marin,041,260295,14272,14143,267,14410,233
2021-07-01,Mariposa,043,17540,442,441,11,452,5
2021-07-01,Mendocino,045,87422,4220,4122,85,4207,49
2021-07-01,Merced,047,269075,31302,31297,1066,32363,469
2021-07-01,Modoc,049,8938,420,410,148,558,4
2021-07-01,Mono,051,14174,1266,1275,18,1293,3
2021-07-01,Monterey,053,433212,43368,43212,1883,45095,492
2021-07-01,Napa,055,140530,10071,10045,40,10085,81
2021-07-01,Nevada,057,99092,5007,4966,197,5163,72
2021-07-01,Orange,059,3164182,257233,255823,11653,267476,5126
2021-07-01,Placer,061,380077,24002,23764,1567,25331,299
2021-07-01,Plumas,063,18699,724,707,12,719,4
2021-07-01,Riverside,065,2383286,296267,293260,14241,307501,4536
2021-07-01,Sacramento,067,1510023,109090,108257,1866,110123,1676
2021-07-01,San Benito,069,59416,6125,6108,116,6224,63
2021-07-01,San Bernardino,071,2135413,295437,294294,9115,303409,5003
2021-07-01,San Diego,073,3302833,283909,282692,15512,298204,3780
2021-07-01,San Francisco,075,870044,37355,37107,1327,38434,558
2021-07-01,San Joaquin,077,732212,74384,73841,3665,77506,1409
2021-07-01,San Luis Obispo,079,281455,21578,21330,766,22096,256
2021-07-01,San Mateo,081,765935,42912,42691,497,43188,541
2021-07-01,Santa Barbara,083,443738,34694,34526,1151,35677,456
2021-07-01,Santa Clara,085,1922200,119768,118966,791,119757,2090
2021-07-01,Santa Cruz,087,273765,16373,16254,816,17070,208
2021-07-01,Shasta,089,179085,12643,12582,1654,14236,204
2021-07-01,Sierra,091,2930,63,60,12,72,0
2021-07-01,Siskiyou,093,43540,1976,1899,383,2282,29
2021-07-01,Solano,095,438530,33646,33486,583,34069,268
2021-07-01,Sonoma,097,501317,31185,31000,369,31369,316
2021-07-01,Stanislaus,099,539301,57245,57018,6063,63081,1018
2021-07-01,Sutter,101,95872,9663,9644,90,9734,114
2021-07-01,Tehama,103,63373,5162,5124,593,5717,63
2021-07-01,Trinity,105,12862,494,341,100,441,3
2021-07-01,Tulare,107,460477,50520,49789,9197,58986,853
2021-07-01,Tuolumne,109,53932,4089,4113,43,4156,64
2021-07-01,Ventura,111,848112,82040,81425,3076,84501,1033
2021-07-01,Yolo,113,214977,14255,14188,362,14550,213
2021-07-01,Yuba,115,75493,6252,6197,133,6330,51
2021-06-30,Alameda,001,1643700,89926,89597,2008,91605,1256
2021-06-30,Alpine,003,1148,88,89,0,89,0
2021-06-30,Amador,005,37829,3770,3756,33,3789,46
2021-06-30,Butte,007,227075,12837,12676,1877,14553,201
2021-06-30,Calaveras,009,45235,2214,2198,13,2211,55
2021-06-30,Colusa,011,21464,1972,1967,321,2288,15
2021-06-30,Contra Costa,013,1133247,71391,70869,1340,72209,818
2021-06-30,Del Norte,015,27424,1470,1435,13,1448,8
2021-06-30,El Dorado,017,186661,10533,10420,800,11220,113
2021-06-30,Fresno,019,978130,103593,102490,8805,111295,1727
2021-06-30,Glenn,021,27897,2455,2440,570,3010,20
2021-06-30,Humboldt,023,135768,4546,4522,50,4572,49
2021-06-30,Imperial,025,180216,28820,28651,2757,31408,739
2021-06-30,Inyo,027,18085,1416,1409,13,1422,35
2021-06-30,Kern,029,883053,98044,97267,11220,108487,1348
2021-06-30,Kings,031,150075,23315,23038,1115,24153,245
2021-06-30,Lake,033,64148,3643,3601,13,3614,56
2021-06-30,Lassen,035,31185,5296,5269,117,5386,20
2021-06-30,Los Angeles,037,10098052,1215199,1208246,41811,1250057,24499
2021-06-30,Madera,039,155013,16838,16688,954,17642,240
2021-06-30,Marin,041,260295,14263,14133,266,14399,232
2021-06-30,Mariposa,043,17540,441,441,11,452,5
2021-06-30,Mendocino,045,87422,4210,4115,85,4200,49
2021-06-30,Merced,047,269075,31292,31286,1066,32352,469
2021-06-30,Modoc,049,8938,420,410,148,558,4
2021-06-30,Mono,051,14174,1266,1275,18,1293,3
2021-06-30,Monterey,053,433212,43363,43209,1881,45090,492
2021-06-30,Napa,055,140530,10063,10039,40,10079,81
2021-06-30,Nevada,057,99092,4996,4958,197,5155,72
2021-06-30,Orange,059,3164182,257106,255764,11642,267406,5125
2021-06-30,Placer,061,380077,23978,23721,1564,25285,299
2021-06-30,Plumas,063,18699,724,705,12,717,4
2021-06-30,Riverside,065,2383286,296153,293280,14231,307511,4535
2021-06-30,Sacramento,067,1510023,108951,108137,1862,109999,1676
2021-06-30,San Benito,069,59416,6121,6105,116,6221,63
2021-06-30,San Bernardino,071,2135413,295277,294211,9110,303321,4975
2021-06-30,San Diego,073,3302833,283773,282583,15484,298067,3780
2021-06-30,San Francisco,075,870044,37306,37065,1322,38387,558
2021-06-30,San Joaquin,077,732212,74322,73777,3664,77441,1409
2021-06-30,San Luis Obispo,079,281455,21565,21326,765,22091,256
2021-06-30,San Mateo,081,765935,42875,42599,496,43095,537
2021-06-30,Santa Barbara,083,443738,34678,34521,1151,35672,456
2021-06-30,Santa Clara,085,1922200,119721,118930,788,119718,2090
2021-06-30,Santa Cruz,087,273765,16367,16250,816,17066,208
2021-06-30,Shasta,089,179085,12637,12564,1654,14218,204
2021-06-30,Sierra,091,2930,63,60,12,72,0
2021-06-30,Siskiyou,093,43540,1974,1900,380,2280,29
2021-06-30,Solano,095,438530,33607,33453,581,34034,268
2021-06-30,Sonoma,097,501317,31155,30947,369,31316,316
2021-06-30,Stanislaus,099,539301,57228,56997,6062,63059,1018
2021-06-30,Sutter,101,95872,9653,9638,90,9728,114
2021-06-30,Tehama,103,63373,5160,5124,593,5717,63
2021-06-30,Trinity,105,12862,494,341,100,441,3
2021-06-30,Tulare,107,460477,50509,49764,9186,58950,853
2021-06-30,Tuolumne,109,53932,4086,4112,43,4155,64
2021-06-30,Ventura,111,848112,81997,81392,3071,84463,1032
2021-06-30,Yolo,113,214977,14249,14178,359,14537,213
2021-06-30,Yuba,115,75493,6245,6191,133,6324,51
2021-06-29,Alameda,001,1643700,89819,89519,2006,91525,1257
2021-06-29,Alpine,003,1148,88,89,0,89,0
2021-06-29,Amador,005,37829,3766,3754,33,3787,46
2021-06-29,Butte,007,227075,12829,12669,1877,14546,201
2021-06-29,Calaveras,009,45235,2208,2198,13,2211,55
2021-06-29,Colusa,011,21464,1970,1967,321,2288,15
2021-06-29,Contra Costa,013,1133247,71317,70775,1339,72114,817
2021-06-29,Del Norte,015,27424,1469,1435,13,1448,8
2021-06-29,El Dorado,017,186661,10520,10403,796,11199,113
2021-06-29,Fresno,019,978130,103560,102464,8802,111266,1725
2021-06-29,Glenn,021,27897,2454,2439,570,3009,20
2021-06-29,Humboldt,023,135768,4542,4514,49,4563,49
2021-06-29,Imperial,025,180216,28811,28645,2756,31401,737
2021-06-29,Inyo,027,18085,1416,1408,13,1421,35
2021-06-29,Kern,029,883053,98023,97173,11214,108387,1347
2021-06-29,Kings,031,150075,23306,23035,1114,24149,245
2021-06-29,Lake,033,64148,3637,3594,13,3607,56
2021-06-29,Lassen,035,31185,5289,5268,117,5385,20
2021-06-29,Los Angeles,037,10098052,1214588,1207895,41781,1249676,24498
2021-06-29,Madera,039,155013,16834,16680,953,17633,240
2021-06-29,Marin,041,260295,14251,14127,266,14393,232
2021-06-29,Mariposa,043,17540,441,441,11,452,5
2021-06-29,Mendocino,045,87422,4206,4107,84,4191,49
2021-06-29,Merced,047,269075,31280,31277,1066,32343,469
2021-06-29,Modoc,049,8938,419,408,148,556,3
2021-06-29,Mono,051,14174,1266,1275,18,1293,3
2021-06-29,Monterey,053,433212,43353,43196,1879,45075,471
2021-06-29,Napa,055,140530,10057,10033,40,10073,81
2021-06-29,Nevada,057,99092,4989,4952,197,5149,72
2021-06-29,Orange,059,3164182,257006,255686,11627,267313,5124
2021-06-29,Placer,061,380077,23958,23693,1562,25255,299
2021-06-29,Plumas,063,18699,724,704,12,716,4
2021-06-29,Riverside,065,2383286,296054,292962,14224,307186,4524
2021-06-29,Sacramento,067,1510023,108799,108067,1859,109926,1677
2021-06-29,San Benito,069,59416,6110,6099,116,6215,63
2021-06-29,San Bernardino,071,2135413,295164,294118,9108,303226,4940
2021-06-29,San Diego,073,3302833,283617,282499,15457,297956,3780
2021-06-29,San Francisco,075,870044,37268,37041,1319,38360,558
2021-06-29,San Joaquin,077,732212,74274,73724,3661,77385,1409
2021-06-29,San Luis Obispo,079,281455,21555,21324,764,22088,256
2021-06-29,San Mateo,081,765935,42841,42540,496,43036,540
2021-06-29,Santa Barbara,083,443738,34668,34507,1150,35657,455
2021-06-29,Santa Clara,085,1922200,119667,118893,787,119680,2090
2021-06-29,Santa Cruz,087,273765,16361,16249,816,17065,208
2021-06-29,Shasta,089,179085,12625,12564,1653,14217,204
2021-06-29,Sierra,091,2930,63,59,12,71,0
2021-06-29,Siskiyou,093,43540,1971,1897,376,2273,29
2021-06-29,Solano,095,438530,33574,33440,579,34019,268
2021-06-29,Sonoma,097,501317,31113,30950,367,31317,316
2021-06-29,Stanislaus,099,539301,57207,56980,6055,63035,1018
2021-06-29,Sutter,101,95872,9642,9634,90,9724,114
2021-06-29,Tehama,103,63373,5160,5124,593,5717,63
2021-06-29,Trinity,105,12862,494,341,100,441,3
2021-06-29,Tulare,107,460477,50496,49751,9181,58932,852
2021-06-29,Tuolumne,109,53932,4084,4111,43,4154,64
2021-06-29,Ventura,111,848112,81959,81363,3065,84428,1032
2021-06-29,Yolo,113,214977,14237,14171,358,14529,213
2021-06-29,Yuba,115,75493,6235,6188,133,6321,51
2021-06-28,Alameda,001,1643700,89725,89638,2003,91641,1259
2021-06-28,Alpine,003,1148,88,89,0,89,0
2021-06-28,Amador,005,37829,3765,3753,33,3786,46
2021-06-28,Butte,007,227075,12820,12697,1875,14572,198
2021-06-28,Calaveras,009,45235,2205,2203,13,2216,55
2021-06-28,Colusa,011,21464,1968,1974,321,2295,15
2021-06-28,Contra Costa,013,1133247,71243,70807,1337,72144,816
2021-06-28,Del Norte,015,27424,1469,1436,13,1449,8
2021-06-28,El Dorado,017,186661,10510,10422,792,11214,115
2021-06-28,Fresno,019,978130,103529,103121,8800,111921,1727
2021-06-28,Glenn,021,27897,2454,2439,570,3009,20
2021-06-28,Humboldt,023,135768,4535,4520,48,4568,49
2021-06-28,Imperial,025,180216,28803,28981,2755,31736,741
2021-06-28,Inyo,027,18085,1413,1407,13,1420,35
2021-06-28,Kern,029,883053,98004,97252,11209,108461,1348
2021-06-28,Kings,031,150075,23300,23134,1114,24248,246
2021-06-28,Lake,033,64148,3629,3591,13,3604,56
2021-06-28,Lassen,035,31185,5287,5268,117,5385,20
2021-06-28,Los Angeles,037,10098052,1214069,1207714,41746,1249460,24496
2021-06-28,Madera,039,155013,16823,16683,952,17635,240
2021-06-28,Marin,041,260295,14236,14186,266,14452,232
2021-06-28,Mariposa,043,17540,441,440,11,451,5
2021-06-28,Mendocino,045,87422,4197,4102,83,4185,49
2021-06-28,Merced,047,269075,31268,31277,1066,32343,469
2021-06-28,Modoc,049,8938,419,411,147,558,3
2021-06-28,Mono,051,14174,1266,1276,18,1294,3
2021-06-28,Monterey,053,433212,43349,43202,1878,45080,462
2021-06-28,Napa,055,140530,10048,10050,39,10089,81
2021-06-28,Nevada,057,99092,4985,4951,197,5148,72
2021-06-28,Orange,059,3164182,256916,255755,11613,267368,5123
2021-06-28,Placer,061,380077,23938,23756,1558,25314,299
2021-06-28,Plumas,063,18699,722,704,12,716,4
2021-06-28,Riverside,065,2383286,295928,292647,14211,306858,4507
2021-06-28,Sacramento,067,1510023,108667,108342,1854,110196,1675
2021-06-28,San Benito,069,59416,6108,6101,116,6217,63
2021-06-28,San Bernardino,071,2135413,295063,294151,9103,303254,4928
2021-06-28,San Diego,073,3302833,283453,282417,15428,297845,3780
2021-06-28,San Francisco,075,870044,37232,37372,1317,38689,559
2021-06-28,San Joaquin,077,732212,74227,73973,3657,77630,1411
2021-06-28,San Luis Obispo,079,281455,21551,21340,763,22103,256
2021-06-28,San Mateo,081,765935,42807,42927,495,43422,540
2021-06-28,Santa Barbara,083,443738,34661,34534,1148,35682,455
2021-06-28,Santa Clara,085,1922200,119603,120377,786,121163,2103
2021-06-28,Santa Cruz,087,273765,16356,16245,816,17061,208
2021-06-28,Shasta,089,179085,12621,12642,1651,14293,203
2021-06-28,Sierra,091,2930,63,58,12,70,0
2021-06-28,Siskiyou,093,43540,1970,1896,376,2272,29
2021-06-28,Solano,095,438530,33538,33524,577,34101,267
2021-06-28,Sonoma,097,501317,31076,31137,366,31503,315
2021-06-28,Stanislaus,099,539301,57189,57047,6051,63098,1018
2021-06-28,Sutter,101,95872,9638,9682,90,9772,114
2021-06-28,Tehama,103,63373,5158,5122,593,5715,63
2021-06-28,Trinity,105,12862,494,341,100,441,3
2021-06-28,Tulare,107,460477,50486,49751,9177,58928,850
2021-06-28,Tuolumne,109,53932,4077,4121,43,4164,64
2021-06-28,Ventura,111,848112,81902,81393,3060,84453,1032
2021-06-28,Yolo,113,214977,14228,14199,355,14554,213
2021-06-28,Yuba,115,75493,6230,6207,133,6340,51
2021-06-27,Alameda,001,1643700,89638,89611,1999,91610,1259
2021-06-27,Alpine,003,1148,88,89,0,89,0
2021-06-27,Amador,005,37829,3764,3752,33,3785,46
2021-06-27,Butte,007,227075,12811,12696,1874,14570,198
2021-06-27,Calaveras,009,45235,2204,2203,13,2216,55
2021-06-27,Colusa,011,21464,1968,1974,321,2295,15
2021-06-27,Contra Costa,013,1133247,71157,70762,1333,72095,816
2021-06-27,Del Norte,015,27424,1466,1436,13,1449,8
2021-06-27,El Dorado,017,186661,10498,10418,789,11207,115
2021-06-27,Fresno,019,978130,103500,103110,8798,111908,1727
2021-06-27,Glenn,021,27897,2453,2439,569,3008,20
2021-06-27,Humboldt,023,135768,4523,4513,45,4558,49
2021-06-27,Imperial,025,180216,28789,28987,2755,31742,741
2021-06-27,Inyo,027,18085,1413,1407,13,1420,35
2021-06-27,Kern,029,883053,97978,97249,11202,108451,1348
2021-06-27,Kings,031,150075,23290,23132,1114,24246,246
2021-06-27,Lake,033,64148,3622,3581,13,3594,56
2021-06-27,Lassen,035,31185,5286,5265,117,5382,20
2021-06-27,Los Angeles,037,10098052,1213522,1207461,41706,1249167,24493
2021-06-27,Madera,039,155013,16815,16680,952,17632,240
2021-06-27,Marin,041,260295,14227,14182,266,14448,232
2021-06-27,Mariposa,043,17540,441,440,11,451,5
2021-06-27,Mendocino,045,87422,4190,4100,83,4183,49
2021-06-27,Merced,047,269075,31256,31266,1066,32332,469
2021-06-27,Modoc,049,8938,419,411,147,558,3
2021-06-27,Mono,051,14174,1266,1279,18,1297,3
2021-06-27,Monterey,053,433212,43336,43199,1878,45077,462
2021-06-27,Napa,055,140530,10042,10046,39,10085,81
2021-06-27,Nevada,057,99092,4979,4946,197,5143,72
2021-06-27,Orange,059,3164182,256802,255710,11602,267312,5123
2021-06-27,Placer,061,380077,23905,23731,1555,25286,299
2021-06-27,Plumas,063,18699,722,704,12,716,4
2021-06-27,Riverside,065,2383286,295826,292641,14204,306845,4507
2021-06-27,Sacramento,067,1510023,108532,108279,1850,110129,1675
2021-06-27,San Benito,069,59416,6102,6101,116,6217,63
2021-06-27,San Bernardino,071,2135413,294950,294115,9101,303216,4927
2021-06-27,San Diego,073,3302833,283313,282359,15402,297761,3780
2021-06-27,San Francisco,075,870044,37195,37360,1316,38676,559
2021-06-27,San Joaquin,077,732212,74191,73960,3655,77615,1411
2021-06-27,San Luis Obispo,079,281455,21544,21340,762,22102,256
2021-06-27,San Mateo,081,765935,42778,42925,492,43417,539
2021-06-27,Santa Barbara,083,443738,34647,34533,1146,35679,455
2021-06-27,Santa Clara,085,1922200,119552,120352,785,121137,2103
2021-06-27,Santa Cruz,087,273765,16347,16241,816,17057,208
2021-06-27,Shasta,089,179085,12615,12640,1650,14290,203
2021-06-27,Sierra,091,2930,63,58,12,70,0
2021-06-27,Siskiyou,093,43540,1968,1896,375,2271,29
2021-06-27,Solano,095,438530,33510,33516,577,34093,267
2021-06-27,Sonoma,097,501317,31038,31129,366,31495,315
2021-06-27,Stanislaus,099,539301,57149,57021,6048,63069,1018
2021-06-27,Sutter,101,95872,9632,9678,90,9768,114
2021-06-27,Tehama,103,63373,5154,5122,593,5715,63
2021-06-27,Trinity,105,12862,494,341,99,440,3
2021-06-27,Tulare,107,460477,50473,49749,9170,58919,850
2021-06-27,Tuolumne,109,53932,4075,4121,43,4164,64
2021-06-27,Ventura,111,848112,81868,81361,3051,84412,1032
2021-06-27,Yolo,113,214977,14213,14194,351,14545,213
2021-06-27,Yuba,115,75493,6224,6205,133,6338,51
2021-06-26,Alameda,001,1643700,89580,89560,1997,91557,1259
2021-06-26,Alpine,003,1148,88,89,0,89,0
2021-06-26,Amador,005,37829,3764,3748,33,3781,46
2021-06-26,Butte,007,227075,12807,12693,1871,14564,198
2021-06-26,Calaveras,009,45235,2202,2202,13,2215,55
2021-06-26,Colusa,011,21464,1968,1973,321,2294,15
2021-06-26,Contra Costa,013,1133247,71114,70712,1332,72044,816
2021-06-26,Del Norte,015,27424,1465,1432,13,1445,8
2021-06-26,El Dorado,017,186661,10490,10414,787,11201,115
2021-06-26,Fresno,019,978130,103480,103091,8796,111887,1727
2021-06-26,Glenn,021,27897,2451,2441,569,3010,20
2021-06-26,Humboldt,023,135768,4520,4509,45,4554,49
2021-06-26,Imperial,025,180216,28785,28970,2755,31725,741
2021-06-26,Inyo,027,18085,1413,1407,13,1420,35
2021-06-26,Kern,029,883053,97952,97239,11193,108432,1348
2021-06-26,Kings,031,150075,23286,23128,1113,24241,246
2021-06-26,Lake,033,64148,3611,3576,13,3589,56
2021-06-26,Lassen,035,31185,5283,5263,117,5380,20
2021-06-26,Los Angeles,037,10098052,1213214,1207198,41673,1248871,24490
2021-06-26,Madera,039,155013,16808,16679,951,17630,240
2021-06-26,Marin,041,260295,14218,14180,266,14446,232
2021-06-26,Mariposa,043,17540,441,440,11,451,5
2021-06-26,Mendocino,045,87422,4188,4096,83,4179,49
2021-06-26,Merced,047,269075,31250,31259,1065,32324,469
2021-06-26,Modoc,049,8938,419,411,147,558,3
2021-06-26,Mono,051,14174,1266,1279,18,1297,3
2021-06-26,Monterey,053,433212,43333,43192,1878,45070,462
2021-06-26,Napa,055,140530,10035,10043,39,10082,81
2021-06-26,Nevada,057,99092,4974,4939,197,5136,72
2021-06-26,Orange,059,3164182,256723,255640,11595,267235,5123
2021-06-26,Placer,061,380077,23891,23702,1553,25255,299
2021-06-26,Plumas,063,18699,722,704,12,716,4
2021-06-26,Riverside,065,2383286,295768,292480,14198,306678,4505
2021-06-26,Sacramento,067,1510023,108461,108179,1848,110027,1675
2021-06-26,San Benito,069,59416,6098,6100,116,6216,63
2021-06-26,San Bernardino,071,2135413,294855,294034,9096,303130,4928
2021-06-26,San Diego,073,3302833,283228,282263,15384,297647,3780
2021-06-26,San Francisco,075,870044,37163,37348,1315,38663,559
2021-06-26,San Joaquin,077,732212,74162,73928,3654,77582,1411
2021-06-26,San Luis Obispo,079,281455,21543,21330,761,22091,256
2021-06-26,San Mateo,081,765935,42758,42898,492,43390,539
2021-06-26,Santa Barbara,083,443738,34638,34525,1146,35671,455
2021-06-26,Santa Clara,085,1922200,119519,120321,785,121106,2103
2021-06-26,Santa Cruz,087,273765,16344,16239,816,17055,208
2021-06-26,Shasta,089,179085,12611,12635,1646,14281,203
2021-06-26,Sierra,091,2930,63,58,12,70,0
2021-06-26,Siskiyou,093,43540,1967,1896,374,2270,29
2021-06-26,Solano,095,438530,33492,33489,575,34064,267
2021-06-26,Sonoma,097,501317,31012,31088,366,31454,315
2021-06-26,Stanislaus,099,539301,57133,57006,6045,63051,1018
2021-06-26,Sutter,101,95872,9631,9669,90,9759,114
2021-06-26,Tehama,103,63373,5154,5119,593,5712,63
2021-06-26,Trinity,105,12862,494,341,99,440,3
2021-06-26,Tulare,107,460477,50467,49745,9170,58915,850
2021-06-26,Tuolumne,109,53932,4075,4121,43,4164,64
2021-06-26,Ventura,111,848112,81844,81352,3050,84402,1032
2021-06-26,Yolo,113,214977,14205,14184,351,14535,213
2021-06-26,Yuba,115,75493,6221,6200,133,6333,51
2021-06-25,Alameda,001,1643700,89513,89453,1995,91448,1271
2021-06-25,Alpine,003,1148,88,89,0,89,0
2021-06-25,Amador,005,37829,3763,3746,33,3779,46
2021-06-25,Butte,007,227075,12802,12682,1868,14550,198
2021-06-25,Calaveras,009,45235,2201,2201,13,2214,55
2021-06-25,Colusa,011,21464,1968,1972,321,2293,15
2021-06-25,Contra Costa,013,1133247,71078,70659,1332,71991,815
2021-06-25,Del Norte,015,27424,1465,1426,13,1439,8
2021-06-25,El Dorado,017,186661,10482,10406,784,11190,115
2021-06-25,Fresno,019,978130,103462,103073,8792,111865,1727
2021-06-25,Glenn,021,27897,2451,2441,569,3010,20
2021-06-25,Humboldt,023,135768,4514,4503,43,4546,49
2021-06-25,Imperial,025,180216,28782,28968,2755,31723,740
2021-06-25,Inyo,027,18085,1412,1406,13,1419,35
2021-06-25,Kern,029,883053,97933,97182,11189,108371,1347
2021-06-25,Kings,031,150075,23280,23118,1113,24231,246
2021-06-25,Lake,033,64148,3605,3571,13,3584,56
2021-06-25,Lassen,035,31185,5282,5259,117,5376,20
2021-06-25,Los Angeles,037,10098052,1212929,1206909,41656,1248565,24483
2021-06-25,Madera,039,155013,16805,16670,951,17621,240
2021-06-25,Marin,041,260295,14215,14179,266,14445,232
2021-06-25,Mariposa,043,17540,441,440,11,451,5
2021-06-25,Mendocino,045,87422,4185,4089,83,4172,49
2021-06-25,Merced,047,269075,31242,31256,1065,32321,467
2021-06-25,Modoc,049,8938,419,411,147,558,3
2021-06-25,Mono,051,14174,1266,1279,18,1297,3
2021-06-25,Monterey,053,433212,43328,43184,1877,45061,462
2021-06-25,Napa,055,140530,10030,10037,39,10076,81
2021-06-25,Nevada,057,99092,4971,4932,197,5129,72
2021-06-25,Orange,059,3164182,256652,255574,11593,267167,5119
2021-06-25,Placer,061,380077,23872,23672,1552,25224,299
2021-06-25,Plumas,063,18699,722,702,11,713,4
2021-06-25,Riverside,065,2383286,295700,291663,14191,305854,4490
2021-06-25,Sacramento,067,1510023,108389,108034,1845,109879,1673
2021-06-25,San Benito,069,59416,6094,6098,116,6214,63
2021-06-25,San Bernardino,071,2135413,294800,293941,9094,303035,4911
2021-06-25,San Diego,073,3302833,283168,282157,15371,297528,3779
2021-06-25,San Francisco,075,870044,37140,37338,1314,38652,559
2021-06-25,San Joaquin,077,732212,74129,73860,3652,77512,1410
2021-06-25,San Luis Obispo,079,281455,21540,21325,760,22085,256
2021-06-25,San Mateo,081,765935,42740,42849,492,43341,537
2021-06-25,Santa Barbara,083,443738,34629,34518,1145,35663,454
2021-06-25,Santa Clara,085,1922200,119499,120272,785,121057,2103
2021-06-25,Santa Cruz,087,273765,16341,16230,814,17044,208
2021-06-25,Shasta,089,179085,12601,12633,1645,14278,202
2021-06-25,Sierra,091,2930,63,58,12,70,0
2021-06-25,Siskiyou,093,43540,1966,1894,374,2268,29
2021-06-25,Solano,095,438530,33472,33449,575,34024,267
2021-06-25,Sonoma,097,501317,30989,31043,366,31409,314
2021-06-25,Stanislaus,099,539301,57117,56973,6038,63011,1018
2021-06-25,Sutter,101,95872,9624,9664,90,9754,114
2021-06-25,Tehama,103,63373,5153,5119,593,5712,63
2021-06-25,Trinity,105,12862,494,338,99,437,3
2021-06-25,Tulare,107,460477,50460,49731,9167,58898,850
2021-06-25,Tuolumne,109,53932,4074,4121,43,4164,64
2021-06-25,Ventura,111,848112,81815,81342,3044,84386,1032
2021-06-25,Yolo,113,214977,14199,14172,351,14523,213
2021-06-25,Yuba,115,75493,6217,6195,133,6328,51
2021-06-24,Alameda,001,1643700,89442,89358,1992,91350,1268
2021-06-24,Alpine,003,1148,88,89,0,89,0
2021-06-24,Amador,005,37829,3759,3745,33,3778,46
2021-06-24,Butte,007,227075,12796,12673,1866,14539,198
2021-06-24,Calaveras,009,45235,2198,2202,13,2215,55
2021-06-24,Colusa,011,21464,1967,1972,321,2293,15
2021-06-24,Contra Costa,013,1133247,71019,70590,1332,71922,813
2021-06-24,Del Norte,015,27424,1464,1421,13,1434,8
2021-06-24,El Dorado,017,186661,10475,10402,784,11186,115
2021-06-24,Fresno,019,978130,103442,103061,8790,111851,1727
2021-06-24,Glenn,021,27897,2450,2439,569,3008,20
2021-06-24,Humboldt,023,135768,4509,4493,43,4536,49
2021-06-24,Imperial,025,180216,28779,28981,2755,31736,740
2021-06-24,Inyo,027,18085,1411,1406,13,1419,35
2021-06-24,Kern,029,883053,97914,97129,11176,108305,1346
2021-06-24,Kings,031,150075,23276,23114,1111,24225,246
2021-06-24,Lake,033,64148,3599,3571,13,3584,56
2021-06-24,Lassen,035,31185,5281,5258,117,5375,20
2021-06-24,Los Angeles,037,10098052,1212605,1206590,41633,1248223,24480
2021-06-24,Madera,039,155013,16794,16662,950,17612,240
2021-06-24,Marin,041,260295,14211,14180,266,14446,232
2021-06-24,Mariposa,043,17540,441,440,11,451,5
2021-06-24,Mendocino,045,87422,4177,4085,83,4168,49
2021-06-24,Merced,047,269075,31232,31248,1064,32312,466
2021-06-24,Modoc,049,8938,419,411,147,558,3
2021-06-24,Mono,051,14174,1266,1276,18,1294,3
2021-06-24,Monterey,053,433212,43321,43180,1877,45057,451
2021-06-24,Napa,055,140530,10028,10036,39,10075,80
2021-06-24,Nevada,057,99092,4969,4927,197,5124,72
2021-06-24,Orange,059,3164182,256588,255520,11585,267105,5117
2021-06-24,Placer,061,380077,23847,23659,1550,25209,299
2021-06-24,Plumas,063,18699,721,702,11,713,4
2021-06-24,Riverside,065,2383286,295620,291067,14180,305247,4473
2021-06-24,Sacramento,067,1510023,108301,107965,1843,109808,1672
2021-06-24,San Benito,069,59416,6091,6098,116,6214,63
2021-06-24,San Bernardino,071,2135413,294730,293895,9089,302984,4898
2021-06-24,San Diego,073,3302833,283064,282053,15358,297411,3778
2021-06-24,San Francisco,075,870044,37118,37320,1312,38632,559
2021-06-24,San Joaquin,077,732212,74081,73814,3652,77466,1408
2021-06-24,San Luis Obispo,079,281455,21534,21326,760,22086,256
2021-06-24,San Mateo,081,765935,42714,42814,491,43305,542
2021-06-24,Santa Barbara,083,443738,34623,34512,1144,35656,454
2021-06-24,Santa Clara,085,1922200,119468,120274,784,121058,2103
2021-06-24,Santa Cruz,087,273765,16340,16227,814,17041,208
2021-06-24,Shasta,089,179085,12596,12629,1641,14270,202
2021-06-24,Sierra,091,2930,63,58,12,70,0
2021-06-24,Siskiyou,093,43540,1966,1892,374,2266,28
2021-06-24,Solano,095,438530,33449,33432,573,34005,267
2021-06-24,Sonoma,097,501317,30960,31020,366,31386,314
2021-06-24,Stanislaus,099,539301,57091,56946,6038,62984,1018
2021-06-24,Sutter,101,95872,9617,9660,90,9750,113
2021-06-24,Tehama,103,63373,5150,5115,593,5708,63
2021-06-24,Trinity,105,12862,493,338,99,437,3
2021-06-24,Tulare,107,460477,50449,49730,9165,58895,850
2021-06-24,Tuolumne,109,53932,4072,4120,43,4163,64
2021-06-24,Ventura,111,848112,81787,81332,3043,84375,1032
2021-06-24,Yolo,113,214977,14190,14169,348,14517,213
2021-06-24,Yuba,115,75493,6212,6195,133,6328,51
2021-06-23,Alameda,001,1643700,89370,89338,1991,91329,1266
2021-06-23,Alpine,003,1148,88,88,0,88,0
2021-06-23,Amador,005,37829,3757,3743,33,3776,46
2021-06-23,Butte,007,227075,12789,12666,1866,14532,198
2021-06-23,Calaveras,009,45235,2197,2199,13,2212,55
2021-06-23,Colusa,011,21464,1966,1972,321,2293,15
2021-06-23,Contra Costa,013,1133247,70954,70526,1331,71857,813
2021-06-23,Del Norte,015,27424,1460,1418,13,1431,8
2021-06-23,El Dorado,017,186661,10466,10395,781,11176,115
2021-06-23,Fresno,019,978130,103413,103020,8788,111808,1724
2021-06-23,Glenn,021,27897,2450,2437,568,3005,20
2021-06-23,Humboldt,023,135768,4500,4490,43,4533,48
2021-06-23,Imperial,025,180216,28772,28908,2755,31663,740
2021-06-23,Inyo,027,18085,1411,1406,13,1419,35
2021-06-23,Kern,029,883053,97886,97078,11163,108241,1345
2021-06-23,Kings,031,150075,23269,23105,1109,24214,245
2021-06-23,Lake,033,64148,3590,3566,13,3579,53
2021-06-23,Lassen,035,31185,5278,5257,117,5374,20
2021-06-23,Los Angeles,037,10098052,1212267,1206358,41623,1247981,24472
2021-06-23,Madera,039,155013,16787,16660,950,17610,240
2021-06-23,Marin,041,260295,14205,14177,266,14443,230
2021-06-23,Mariposa,043,17540,441,439,11,450,5
2021-06-23,Mendocino,045,87422,4173,4078,83,4161,49
2021-06-23,Merced,047,269075,31223,31260,1064,32324,465
2021-06-23,Modoc,049,8938,417,407,147,554,3
2021-06-23,Mono,051,14174,1266,1279,18,1297,3
2021-06-23,Monterey,053,433212,43312,43166,1877,45043,439
2021-06-23,Napa,055,140530,10019,10032,39,10071,80
2021-06-23,Nevada,057,99092,4966,4924,197,5121,72
2021-06-23,Orange,059,3164182,256522,255479,11577,267056,5116
2021-06-23,Placer,061,380077,23818,23630,1545,25175,299
2021-06-23,Plumas,063,18699,720,701,11,712,4
2021-06-23,Riverside,065,2383286,295537,290343,14178,304521,4462
2021-06-23,Sacramento,067,1510023,108209,107868,1838,109706,1671
2021-06-23,San Benito,069,59416,6087,6097,116,6213,63
2021-06-23,San Bernardino,071,2135413,294651,293816,9084,302900,4886
2021-06-23,San Diego,073,3302833,282964,281937,15337,297274,3777
2021-06-23,San Francisco,075,870044,37094,37304,1310,38614,559
2021-06-23,San Joaquin,077,732212,74042,73764,3650,77414,1405
2021-06-23,San Luis Obispo,079,281455,21530,21323,759,22082,257
2021-06-23,San Mateo,081,765935,42698,42756,491,43247,542
2021-06-23,Santa Barbara,083,443738,34613,34505,1144,35649,454
2021-06-23,Santa Clara,085,1922200,119439,120233,784,121017,2098
2021-06-23,Santa Cruz,087,273765,16336,16215,814,17029,209
2021-06-23,Shasta,089,179085,12589,12604,1639,14243,202
2021-06-23,Sierra,091,2930,63,57,12,69,0
2021-06-23,Siskiyou,093,43540,1964,1892,374,2266,28
2021-06-23,Solano,095,438530,33405,33408,573,33981,267
2021-06-23,Sonoma,097,501317,30920,30959,364,31323,314
2021-06-23,Stanislaus,099,539301,57061,56926,6037,62963,1017
2021-06-23,Sutter,101,95872,9611,9653,90,9743,113
2021-06-23,Tehama,103,63373,5150,5119,592,5711,63
2021-06-23,Trinity,105,12862,493,338,99,437,3
2021-06-23,Tulare,107,460477,50442,49711,9161,58872,850
2021-06-23,Tuolumne,109,53932,4069,4120,43,4163,64
2021-06-23,Ventura,111,848112,81764,81312,3040,84352,1032
2021-06-23,Yolo,113,214977,14180,14161,348,14509,212
2021-06-23,Yuba,115,75493,6209,6190,133,6323,51
2021-06-22,Alameda,001,1643700,89303,89308,1991,91299,1263
2021-06-22,Alpine,003,1148,88,88,0,88,0
2021-06-22,Amador,005,37829,3754,3743,33,3776,46
2021-06-22,Butte,007,227075,12785,12662,1863,14525,198
2021-06-22,Calaveras,009,45235,2196,2198,13,2211,55
2021-06-22,Colusa,011,21464,1965,1971,321,2292,15
2021-06-22,Contra Costa,013,1133247,70898,70480,1330,71810,813
2021-06-22,Del Norte,015,27424,1457,1417,13,1430,8
2021-06-22,El Dorado,017,186661,10461,10380,780,11160,113
2021-06-22,Fresno,019,978130,103394,102996,8784,111780,1724
2021-06-22,Glenn,021,27897,2449,2435,566,3001,19
2021-06-22,Humboldt,023,135768,4490,4483,43,4526,42
2021-06-22,Imperial,025,180216,28767,28880,2755,31635,740
2021-06-22,Inyo,027,18085,1411,1405,13,1418,35
2021-06-22,Kern,029,883053,97873,97013,11159,108172,1342
2021-06-22,Kings,031,150075,23261,23098,1108,24206,245
2021-06-22,Lake,033,64148,3588,3564,13,3577,45
2021-06-22,Lassen,035,31185,5273,5254,117,5371,20
2021-06-22,Los Angeles,037,10098052,1211953,1206146,41611,1247757,24461
2021-06-22,Madera,039,155013,16782,16652,950,17602,240
2021-06-22,Marin,041,260295,14203,14174,266,14440,230
2021-06-22,Mariposa,043,17540,441,439,11,450,5
2021-06-22,Mendocino,045,87422,4167,4072,83,4155,49
2021-06-22,Merced,047,269075,31212,31267,1064,32331,464
2021-06-22,Modoc,049,8938,415,405,146,551,3
2021-06-22,Mono,051,14174,1266,1277,18,1295,3
2021-06-22,Monterey,053,433212,43309,43162,1876,45038,427
2021-06-22,Napa,055,140530,10015,10029,39,10068,80
2021-06-22,Nevada,057,99092,4960,4923,197,5120,72
2021-06-22,Orange,059,3164182,256453,255452,11566,267018,5114
2021-06-22,Placer,061,380077,23796,23603,1545,25148,299
2021-06-22,Plumas,063,18699,720,697,11,708,4
2021-06-22,Riverside,065,2383286,295476,289839,14174,304013,4456
2021-06-22,Sacramento,067,1510023,108108,107801,1833,109634,1670
2021-06-22,San Benito,069,59416,6086,6098,116,6214,63
2021-06-22,San Bernardino,071,2135413,294576,293770,9078,302848,4873
2021-06-22,San Diego,073,3302833,282860,281867,15314,297181,3771
2021-06-22,San Francisco,075,870044,37080,37287,1310,38597,556
2021-06-22,San Joaquin,077,732212,74012,73723,3648,77371,1405
2021-06-22,San Luis Obispo,079,281455,21527,21321,758,22079,257
2021-06-22,San Mateo,081,765935,42684,42725,486,43211,542
2021-06-22,Santa Barbara,083,443738,34602,34500,1143,35643,454
2021-06-22,Santa Clara,085,1922200,119407,120194,784,120978,2095
2021-06-22,Santa Cruz,087,273765,16331,16218,814,17032,209
2021-06-22,Shasta,089,179085,12578,12616,1636,14252,202
2021-06-22,Sierra,091,2930,62,57,12,69,0
2021-06-22,Siskiyou,093,43540,1964,1892,374,2266,28
2021-06-22,Solano,095,438530,33387,33397,572,33969,267
2021-06-22,Sonoma,097,501317,30880,30933,364,31297,314
2021-06-22,Stanislaus,099,539301,57045,56915,6035,62950,1017
2021-06-22,Sutter,101,95872,9604,9649,90,9739,113
2021-06-22,Tehama,103,63373,5148,5118,591,5709,63
2021-06-22,Trinity,105,12862,491,337,99,436,3
2021-06-22,Tulare,107,460477,50433,49706,9156,58862,850
2021-06-22,Tuolumne,109,53932,4067,4119,43,4162,64
2021-06-22,Ventura,111,848112,81750,81300,3039,84339,1032
2021-06-22,Yolo,113,214977,14175,14157,346,14503,212
2021-06-22,Yuba,115,75493,6205,6181,133,6314,51
2021-06-21,Alameda,001,1643700,89246,89281,1990,91271,1262
2021-06-21,Alpine,003,1148,88,88,0,88,0
2021-06-21,Amador,005,37829,3748,3742,33,3775,46
2021-06-21,Butte,007,227075,12779,12668,1861,14529,195
2021-06-21,Calaveras,009,45235,2194,2194,13,2207,55
2021-06-21,Colusa,011,21464,1964,1970,320,2290,15
2021-06-21,Contra Costa,013,1133247,70827,70439,1328,71767,813
2021-06-21,Del Norte,015,27424,1453,1416,13,1429,8
2021-06-21,El Dorado,017,186661,10455,10375,779,11154,113
2021-06-21,Fresno,019,978130,103374,102971,8781,111752,1724
2021-06-21,Glenn,021,27897,2448,2433,566,2999,19
2021-06-21,Humboldt,023,135768,4481,4478,42,4520,42
2021-06-21,Imperial,025,180216,28763,28855,2755,31610,740
2021-06-21,Inyo,027,18085,1410,1405,13,1418,35
2021-06-21,Kern,029,883053,97844,96995,11150,108145,1342
2021-06-21,Kings,031,150075,23254,23091,1105,24196,245
2021-06-21,Lake,033,64148,3582,3563,13,3576,45
2021-06-21,Lassen,035,31185,5271,5233,117,5350,19
2021-06-21,Los Angeles,037,10098052,1211660,1205994,41589,1247583,24459
2021-06-21,Madera,039,155013,16773,16647,950,17597,240
2021-06-21,Marin,041,260295,14199,14173,266,14439,230
2021-06-21,Mariposa,043,17540,441,439,11,450,5
2021-06-21,Mendocino,045,87422,4164,4085,83,4168,49
2021-06-21,Merced,047,269075,31202,31264,1063,32327,465
2021-06-21,Modoc,049,8938,415,405,146,551,3
2021-06-21,Mono,051,14174,1266,1277,18,1295,3
2021-06-21,Monterey,053,433212,43306,43157,1876,45033,427
2021-06-21,Napa,055,140530,10010,10028,39,10067,80
2021-06-21,Nevada,057,99092,4956,4921,197,5118,72
2021-06-21,Orange,059,3164182,256380,255400,11559,266959,5113
2021-06-21,Placer,061,380077,23772,23577,1545,25122,298
2021-06-21,Plumas,063,18699,718,697,11,708,4
2021-06-21,Riverside,065,2383286,295400,289797,14169,303966,4456
2021-06-21,Sacramento,067,1510023,107997,107757,1832,109589,1669
2021-06-21,San Benito,069,59416,6082,6098,116,6214,63
2021-06-21,San Bernardino,071,2135413,294489,293736,9074,302810,4850
2021-06-21,San Diego,073,3302833,282755,281811,15294,297105,3771
2021-06-21,San Francisco,075,870044,37064,37275,1309,38584,556
2021-06-21,San Joaquin,077,732212,73971,73687,3647,77334,1405
2021-06-21,San Luis Obispo,079,281455,21518,21316,758,22074,257
2021-06-21,San Mateo,081,765935,42668,42685,485,43170,542
2021-06-21,Santa Barbara,083,443738,34597,34492,1143,35635,455
2021-06-21,Santa Clara,085,1922200,119374,120192,783,120975,2093
2021-06-21,Santa Cruz,087,273765,16329,16212,814,17026,208
2021-06-21,Shasta,089,179085,12565,12617,1633,14250,201
2021-06-21,Sierra,091,2930,62,57,12,69,0
2021-06-21,Siskiyou,093,43540,1964,1892,374,2266,27
2021-06-21,Solano,095,438530,33364,33383,571,33954,266
2021-06-21,Sonoma,097,501317,30857,30912,364,31276,314
2021-06-21,Stanislaus,099,539301,57015,56891,6030,62921,1017
2021-06-21,Sutter,101,95872,9601,9649,90,9739,113
2021-06-21,Tehama,103,63373,5148,5115,590,5705,63
2021-06-21,Trinity,105,12862,491,337,99,436,3
2021-06-21,Tulare,107,460477,50422,49689,9152,58841,849
2021-06-21,Tuolumne,109,53932,4063,4119,43,4162,63
2021-06-21,Ventura,111,848112,81722,81291,3035,84326,1031
2021-06-21,Yolo,113,214977,14169,14165,346,14511,212
2021-06-21,Yuba,115,75493,6204,6172,133,6305,51
2021-06-20,Alameda,001,1643700,89181,89255,1989,91244,1263
2021-06-20,Alpine,003,1148,88,88,0,88,0
2021-06-20,Amador,005,37829,3745,3740,33,3773,46
2021-06-20,Butte,007,227075,12772,12668,1860,14528,194
2021-06-20,Calaveras,009,45235,2193,2193,13,2206,55
2021-06-20,Colusa,011,21464,1964,1970,320,2290,15
2021-06-20,Contra Costa,013,1133247,70770,70401,1326,71727,813
2021-06-20,Del Norte,015,27424,1449,1416,13,1429,8
2021-06-20,El Dorado,017,186661,10441,10372,776,11148,113
2021-06-20,Fresno,019,978130,103333,102947,8777,111724,1724
2021-06-20,Glenn,021,27897,2448,2434,566,3000,19
2021-06-20,Humboldt,023,135768,4475,4472,42,4514,42
2021-06-20,Imperial,025,180216,28754,28855,2755,31610,740
2021-06-20,Inyo,027,18085,1409,1405,13,1418,35
2021-06-20,Kern,029,883053,97823,96985,11139,108124,1342
2021-06-20,Kings,031,150075,23249,23088,1103,24191,245
2021-06-20,Lake,033,64148,3580,3563,13,3576,45
2021-06-20,Lassen,035,31185,5268,5230,117,5347,19
2021-06-20,Los Angeles,037,10098052,1211357,1205874,41581,1247455,24456
2021-06-20,Madera,039,155013,16765,16638,948,17586,240
2021-06-20,Marin,041,260295,14196,14166,266,14432,230
2021-06-20,Mariposa,043,17540,439,439,11,450,5
2021-06-20,Mendocino,045,87422,4157,4080,83,4163,49
2021-06-20,Merced,047,269075,31189,31265,1063,32328,465
2021-06-20,Modoc,049,8938,415,405,146,551,3
2021-06-20,Mono,051,14174,1266,1275,18,1293,3
2021-06-20,Monterey,053,433212,43297,43156,1875,45031,427
2021-06-20,Napa,055,140530,10003,10026,38,10064,80
2021-06-20,Nevada,057,99092,4949,4919,197,5116,72
2021-06-20,Orange,059,3164182,256316,255377,11548,266925,5113
2021-06-20,Placer,061,380077,23738,23562,1541,25103,298
2021-06-20,Plumas,063,18699,717,697,11,708,4
2021-06-20,Riverside,065,2383286,295321,289770,14158,303928,4456
2021-06-20,Sacramento,067,1510023,107886,107700,1829,109529,1669
2021-06-20,San Benito,069,59416,6082,6098,116,6214,63
2021-06-20,San Bernardino,071,2135413,294388,293713,9070,302783,4845
2021-06-20,San Diego,073,3302833,282649,281750,15272,297022,3771
2021-06-20,San Francisco,075,870044,37041,37269,1309,38578,556
2021-06-20,San Joaquin,077,732212,73926,73676,3638,77314,1405
2021-06-20,San Luis Obispo,079,281455,21516,21313,758,22071,257
2021-06-20,San Mateo,081,765935,42639,42681,485,43166,542
2021-06-20,Santa Barbara,083,443738,34588,34487,1143,35630,455
2021-06-20,Santa Clara,085,1922200,119339,120163,783,120946,2093
2021-06-20,Santa Cruz,087,273765,16323,16210,814,17024,208
2021-06-20,Shasta,089,179085,12560,12617,1631,14248,201
2021-06-20,Sierra,091,2930,62,57,12,69,0
2021-06-20,Siskiyou,093,43540,1963,1891,374,2265,27
2021-06-20,Solano,095,438530,33342,33361,569,33930,266
2021-06-20,Sonoma,097,501317,30810,30884,361,31245,314
2021-06-20,Stanislaus,099,539301,56982,56868,6029,62897,1017
2021-06-20,Sutter,101,95872,9598,9645,90,9735,113
2021-06-20,Tehama,103,63373,5144,5115,590,5705,63
2021-06-20,Trinity,105,12862,491,337,99,436,3
2021-06-20,Tulare,107,460477,50413,49685,9150,58835,849
2021-06-20,Tuolumne,109,53932,4060,4117,43,4160,63
2021-06-20,Ventura,111,848112,81706,81282,3033,84315,1031
2021-06-20,Yolo,113,214977,14162,14160,346,14506,212
2021-06-20,Yuba,115,75493,6197,6167,133,6300,51
2021-06-19,Alameda,001,1643700,89146,89202,1989,91191,1263
2021-06-19,Alpine,003,1148,88,88,0,88,0
2021-06-19,Amador,005,37829,3743,3739,33,3772,46
2021-06-19,Butte,007,227075,12768,12659,1860,14519,194
2021-06-19,Calaveras,009,45235,2193,2192,13,2205,55
2021-06-19,Colusa,011,21464,1964,1969,320,2289,15
2021-06-19,Contra Costa,013,1133247,70739,70334,1325,71659,813
2021-06-19,Del Norte,015,27424,1448,1416,13,1429,8
2021-06-19,El Dorado,017,186661,10440,10363,775,11138,113
2021-06-19,Fresno,019,978130,103320,102922,8774,111696,1724
2021-06-19,Glenn,021,27897,2447,2434,565,2999,19
2021-06-19,Humboldt,023,135768,4464,4463,42,4505,42
2021-06-19,Imperial,025,180216,28753,28813,2755,31568,740
2021-06-19,Inyo,027,18085,1409,1405,13,1418,35
2021-06-19,Kern,029,883053,97807,96966,11135,108101,1342
2021-06-19,Kings,031,150075,23246,23086,1103,24189,245
2021-06-19,Lake,033,64148,3576,3563,13,3576,45
2021-06-19,Lassen,035,31185,5267,5225,117,5342,19
2021-06-19,Los Angeles,037,10098052,1211153,1205602,41565,1247167,24454
2021-06-19,Madera,039,155013,16763,16632,948,17580,240
2021-06-19,Marin,041,260295,14188,14152,266,14418,230
2021-06-19,Mariposa,043,17540,439,439,11,450,5
2021-06-19,Mendocino,045,87422,4151,4077,83,4160,49
2021-06-19,Merced,047,269075,31187,31256,1063,32319,465
2021-06-19,Modoc,049,8938,414,402,146,548,3
2021-06-19,Mono,051,14174,1266,1275,18,1293,3
2021-06-19,Monterey,053,433212,43291,43153,1875,45028,427
2021-06-19,Napa,055,140530,9999,10025,38,10063,80
2021-06-19,Nevada,057,99092,4944,4910,197,5107,72
2021-06-19,Orange,059,3164182,256269,255329,11545,266874,5112
2021-06-19,Placer,061,380077,23722,23537,1538,25075,298
2021-06-19,Plumas,063,18699,716,697,11,708,4
2021-06-19,Riverside,065,2383286,295275,289720,14158,303878,4456
2021-06-19,Sacramento,067,1510023,107840,107631,1826,109457,1669
2021-06-19,San Benito,069,59416,6081,6098,116,6214,63
2021-06-19,San Bernardino,071,2135413,294344,293673,9067,302740,4844
2021-06-19,San Diego,073,3302833,282589,281682,15258,296940,3771
2021-06-19,San Francisco,075,870044,37028,37256,1309,38565,556
2021-06-19,San Joaquin,077,732212,73910,73652,3634,77286,1405
2021-06-19,San Luis Obispo,079,281455,21514,21308,756,22064,257
2021-06-19,San Mateo,081,765935,42621,42646,483,43129,542
2021-06-19,Santa Barbara,083,443738,34586,34472,1143,35615,455
2021-06-19,Santa Clara,085,1922200,119316,120110,782,120892,2093
2021-06-19,Santa Cruz,087,273765,16318,16206,814,17020,208
2021-06-19,Shasta,089,179085,12558,12615,1630,14245,201
2021-06-19,Sierra,091,2930,62,57,12,69,0
2021-06-19,Siskiyou,093,43540,1963,1891,374,2265,27
2021-06-19,Solano,095,438530,33332,33341,568,33909,266
2021-06-19,Sonoma,097,501317,30769,30841,360,31201,314
2021-06-19,Stanislaus,099,539301,56963,56847,6026,62873,1017
2021-06-19,Sutter,101,95872,9595,9645,90,9735,113
2021-06-19,Tehama,103,63373,5143,5115,590,5705,63
2021-06-19,Trinity,105,12862,491,337,99,436,3
2021-06-19,Tulare,107,460477,50406,49681,9145,58826,849
2021-06-19,Tuolumne,109,53932,4060,4117,43,4160,63
2021-06-19,Ventura,111,848112,81693,81270,3032,84302,1031
2021-06-19,Yolo,113,214977,14158,14156,345,14501,212
2021-06-19,Yuba,115,75493,6196,6157,133,6290,51
2021-06-18,Alameda,001,1643700,89109,89123,1989,91112,1263
2021-06-18,Alpine,003,1148,88,88,0,88,0
2021-06-18,Amador,005,37829,3743,3739,33,3772,46
2021-06-18,Butte,007,227075,12765,12653,1857,14510,194
2021-06-18,Calaveras,009,45235,2193,2191,13,2204,55
2021-06-18,Colusa,011,21464,1963,1969,320,2289,15
2021-06-18,Contra Costa,013,1133247,70697,70271,1323,71594,813
2021-06-18,Del Norte,015,27424,1448,1415,13,1428,8
2021-06-18,El Dorado,017,186661,10437,10348,773,11121,113
2021-06-18,Fresno,019,978130,103304,102894,8772,111666,1722
2021-06-18,Glenn,021,27897,2446,2430,565,2995,19
2021-06-18,Humboldt,023,135768,4456,4450,42,4492,42
2021-06-18,Imperial,025,180216,28751,28809,2755,31564,740
2021-06-18,Inyo,027,18085,1409,1405,13,1418,35
2021-06-18,Kern,029,883053,97796,96948,11129,108077,1341
2021-06-18,Kings,031,150075,23241,23082,1103,24185,245
2021-06-18,Lake,033,64148,3572,3563,13,3576,45
2021-06-18,Lassen,035,31185,5266,5224,117,5341,19
2021-06-18,Los Angeles,037,10098052,1210994,1205472,41548,1247020,24451
2021-06-18,Madera,039,155013,16757,16625,948,17573,241
2021-06-18,Marin,041,260295,14185,14147,266,14413,230
2021-06-18,Mariposa,043,17540,439,439,11,450,5
2021-06-18,Mendocino,045,87422,4146,4068,83,4151,49
2021-06-18,Merced,047,269075,31185,31262,1063,32325,464
2021-06-18,Modoc,049,8938,414,402,146,548,3
2021-06-18,Mono,051,14174,1265,1275,17,1292,3
2021-06-18,Monterey,053,433212,43288,43148,1875,45023,427
2021-06-18,Napa,055,140530,9995,10021,38,10059,80
2021-06-18,Nevada,057,99092,4936,4903,197,5100,72
2021-06-18,Orange,059,3164182,256232,255274,11542,266816,5108
2021-06-18,Placer,061,380077,23714,23500,1535,25035,298
2021-06-18,Plumas,063,18699,716,697,11,708,4
2021-06-18,Riverside,065,2383286,295227,289676,14157,303833,4457
2021-06-18,Sacramento,067,1510023,107792,107570,1826,109396,1669
2021-06-18,San Benito,069,59416,6080,6097,116,6213,63
2021-06-18,San Bernardino,071,2135413,294299,293629,9063,302692,4826
2021-06-18,San Diego,073,3302833,282513,281608,15247,296855,3771
2021-06-18,San Francisco,075,870044,37019,37246,1309,38555,556
2021-06-18,San Joaquin,077,732212,73892,73623,3632,77255,1403
2021-06-18,San Luis Obispo,079,281455,21510,21301,755,22056,257
2021-06-18,San Mateo,081,765935,42610,42630,482,43112,542
2021-06-18,Santa Barbara,083,443738,34576,34469,1143,35612,455
2021-06-18,Santa Clara,085,1922200,119295,120081,780,120861,2093
2021-06-18,Santa Cruz,087,273765,16314,16202,814,17016,208
2021-06-18,Shasta,089,179085,12554,12607,1628,14235,201
2021-06-18,Sierra,091,2930,61,57,12,69,0
2021-06-18,Siskiyou,093,43540,1963,1890,374,2264,27
2021-06-18,Solano,095,438530,33318,33323,568,33891,266
2021-06-18,Sonoma,097,501317,30751,30816,359,31175,313
2021-06-18,Stanislaus,099,539301,56948,56803,6024,62827,1012
2021-06-18,Sutter,101,95872,9592,9643,90,9733,113
2021-06-18,Tehama,103,63373,5141,5114,590,5704,63
2021-06-18,Trinity,105,12862,491,337,98,435,3
2021-06-18,Tulare,107,460477,50404,49664,9138,58802,849
2021-06-18,Tuolumne,109,53932,4058,4116,43,4159,63
2021-06-18,Ventura,111,848112,81683,81256,3027,84283,1031
2021-06-18,Yolo,113,214977,14155,14148,343,14491,212
2021-06-18,Yuba,115,75493,6190,6150,133,6283,51
2021-06-17,Alameda,001,1643700,89062,89087,1989,91076,1262
2021-06-17,Alpine,003,1148,88,88,0,88,0
2021-06-17,Amador,005,37829,3741,3731,33,3764,46
2021-06-17,Butte,007,227075,12755,12644,1856,14500,194
2021-06-17,Calaveras,009,45235,2192,2189,13,2202,55
2021-06-17,Colusa,011,21464,1962,1969,320,2289,15
2021-06-17,Contra Costa,013,1133247,70658,70190,1319,71509,810
2021-06-17,Del Norte,015,27424,1446,1413,13,1426,8
2021-06-17,El Dorado,017,186661,10427,10341,773,11114,113
2021-06-17,Fresno,019,978130,103278,102867,8768,111635,1722
2021-06-17,Glenn,021,27897,2446,2430,565,2995,19
2021-06-17,Humboldt,023,135768,4447,4438,42,4480,42
2021-06-17,Imperial,025,180216,28743,28801,2755,31556,741
2021-06-17,Inyo,027,18085,1409,1405,13,1418,35
2021-06-17,Kern,029,883053,97781,96840,11123,107963,1340
2021-06-17,Kings,031,150075,23237,23078,1102,24180,245
2021-06-17,Lake,033,64148,3569,3563,9,3572,45
2021-06-17,Lassen,035,31185,5262,5223,117,5340,19
2021-06-17,Los Angeles,037,10098052,1210781,1205301,41519,1246820,24444
2021-06-17,Madera,039,155013,16752,16618,948,17566,241
2021-06-17,Marin,041,260295,14185,14141,266,14407,229
2021-06-17,Mariposa,043,17540,439,439,11,450,5
2021-06-17,Mendocino,045,87422,4139,4054,83,4137,49
2021-06-17,Merced,047,269075,31180,31262,1063,32325,464
2021-06-17,Modoc,049,8938,413,401,146,547,3
2021-06-17,Mono,051,14174,1264,1275,17,1292,3
2021-06-17,Monterey,053,433212,43280,43140,1875,45015,416
2021-06-17,Napa,055,140530,9995,10014,38,10052,80
2021-06-17,Nevada,057,99092,4932,4898,197,5095,72
2021-06-17,Orange,059,3164182,256186,255240,11531,266771,5109
2021-06-17,Placer,061,380077,23698,23461,1533,24994,298
2021-06-17,Plumas,063,18699,715,697,11,708,4
2021-06-17,Riverside,065,2383286,295173,289627,14155,303782,4458
2021-06-17,Sacramento,067,1510023,107728,107492,1824,109316,1666
2021-06-17,San Benito,069,59416,6080,6097,116,6213,63
2021-06-17,San Bernardino,071,2135413,294258,293560,9063,302623,4811
2021-06-17,San Diego,073,3302833,282437,281531,15233,296764,3771
2021-06-17,San Francisco,075,870044,37008,37243,1308,38551,556
2021-06-17,San Joaquin,077,732212,73869,73560,3627,77187,1403
2021-06-17,San Luis Obispo,079,281455,21508,21297,755,22052,257
2021-06-17,San Mateo,081,765935,42604,42615,482,43097,542
2021-06-17,Santa Barbara,083,443738,34570,34466,1143,35609,453
2021-06-17,Santa Clara,085,1922200,119270,120032,779,120811,2093
2021-06-17,Santa Cruz,087,273765,16310,16197,814,17011,208
2021-06-17,Shasta,089,179085,12546,12597,1628,14225,201
2021-06-17,Sierra,091,2930,61,56,12,68,0
2021-06-17,Siskiyou,093,43540,1962,1889,374,2263,27
2021-06-17,Solano,095,438530,33297,33296,567,33863,266
2021-06-17,Sonoma,097,501317,30721,30793,359,31152,323
2021-06-17,Stanislaus,099,539301,56917,56752,6019,62771,1012
2021-06-17,Sutter,101,95872,9589,9629,90,9719,113
2021-06-17,Tehama,103,63373,5140,5112,588,5700,63
2021-06-17,Trinity,105,12862,490,337,98,435,3
2021-06-17,Tulare,107,460477,50399,49649,9130,58779,849
2021-06-17,Tuolumne,109,53932,4057,4116,43,4159,63
2021-06-17,Ventura,111,848112,81674,81248,3024,84272,1030
2021-06-17,Yolo,113,214977,14147,14141,343,14484,212
2021-06-17,Yuba,115,75493,6181,6140,133,6273,51
2021-06-16,Alameda,001,1643700,89013,89045,1988,91033,1265
2021-06-16,Alpine,003,1148,88,88,0,88,0
2021-06-16,Amador,005,37829,3740,3730,33,3763,46
2021-06-16,Butte,007,227075,12753,12635,1854,14489,194
2021-06-16,Calaveras,009,45235,2190,2188,13,2201,55
2021-06-16,Colusa,011,21464,1962,1967,320,2287,15
2021-06-16,Contra Costa,013,1133247,70606,70136,1318,71454,810
2021-06-16,Del Norte,015,27424,1443,1413,13,1426,8
2021-06-16,El Dorado,017,186661,10421,10334,772,11106,113
2021-06-16,Fresno,019,978130,103248,102842,8764,111606,1722
2021-06-16,Glenn,021,27897,2446,2430,565,2995,19
2021-06-16,Humboldt,023,135768,4438,4427,41,4468,42
2021-06-16,Imperial,025,180216,28740,28796,2755,31551,741
2021-06-16,Inyo,027,18085,1408,1405,13,1418,35
2021-06-16,Kern,029,883053,97759,96789,11116,107905,1339
2021-06-16,Kings,031,150075,23236,23072,1101,24173,245
2021-06-16,Lake,033,64148,3569,3562,9,3571,45
2021-06-16,Lassen,035,31185,5259,5216,117,5333,19
2021-06-16,Los Angeles,037,10098052,1210556,1205102,41509,1246611,24439
2021-06-16,Madera,039,155013,16748,16603,948,17551,240
2021-06-16,Marin,041,260295,14183,14137,266,14403,229
2021-06-16,Mariposa,043,17540,439,437,11,448,5
2021-06-16,Mendocino,045,87422,4131,4041,83,4124,49
2021-06-16,Merced,047,269075,31172,31250,1063,32313,463
2021-06-16,Modoc,049,8938,412,383,145,528,3
2021-06-16,Mono,051,14174,1264,1275,17,1292,3
2021-06-16,Monterey,053,433212,43277,43122,1875,44997,416
2021-06-16,Napa,055,140530,9991,10011,38,10049,80
2021-06-16,Nevada,057,99092,4927,4894,197,5091,72
2021-06-16,Orange,059,3164182,256132,255188,11523,266711,5109
2021-06-16,Placer,061,380077,23688,23425,1529,24954,298
2021-06-16,Plumas,063,18699,715,697,11,708,4
2021-06-16,Riverside,065,2383286,295112,289539,14153,303692,4457
2021-06-16,Sacramento,067,1510023,107658,107422,1820,109242,1665
2021-06-16,San Benito,069,59416,6080,6090,116,6206,63
2021-06-16,San Bernardino,071,2135413,294209,293499,9061,302560,4797
2021-06-16,San Diego,073,3302833,282358,281423,15220,296643,3770
2021-06-16,San Francisco,075,870044,36995,37222,1306,38528,555
2021-06-16,San Joaquin,077,732212,73831,73530,3623,77153,1399
2021-06-16,San Luis Obispo,079,281455,21503,21294,755,22049,257
2021-06-16,San Mateo,081,765935,42588,42601,482,43083,542
2021-06-16,Santa Barbara,083,443738,34564,34459,1143,35602,460
2021-06-16,Santa Clara,085,1922200,119238,119982,779,120761,2087
2021-06-16,Santa Cruz,087,273765,16307,16187,814,17001,208
2021-06-16,Shasta,089,179085,12541,12592,1627,14219,200
2021-06-16,Sierra,091,2930,61,56,12,68,0
2021-06-16,Siskiyou,093,43540,1961,1886,374,2260,26
2021-06-16,Solano,095,438530,33269,33276,567,33843,266
2021-06-16,Sonoma,097,501317,30685,30741,359,31100,323
2021-06-16,Stanislaus,099,539301,56886,56738,6017,62755,984
2021-06-16,Sutter,101,95872,9585,9620,90,9710,113
2021-06-16,Tehama,103,63373,5138,5106,588,5694,63
2021-06-16,Trinity,105,12862,489,332,98,430,3
2021-06-16,Tulare,107,460477,50394,49578,9126,58704,849
2021-06-16,Tuolumne,109,53932,4057,4110,43,4153,63
2021-06-16,Ventura,111,848112,81660,81229,3022,84251,1029
2021-06-16,Yolo,113,214977,14138,14135,342,14477,212
2021-06-16,Yuba,115,75493,6171,6134,133,6267,51
2021-06-15,Alameda,001,1643700,88971,89008,1988,90996,1262
2021-06-15,Alpine,003,1148,88,88,0,88,0
2021-06-15,Amador,005,37829,3737,3723,33,3756,46
2021-06-15,Butte,007,227075,12745,12620,1853,14473,194
2021-06-15,Calaveras,009,45235,2189,2188,13,2201,55
2021-06-15,Colusa,011,21464,1962,1967,318,2285,15
2021-06-15,Contra Costa,013,1133247,70544,70101,1318,71419,810
2021-06-15,Del Norte,015,27424,1442,1411,13,1424,8
2021-06-15,El Dorado,017,186661,10412,10330,772,11102,113
2021-06-15,Fresno,019,978130,103216,102828,8763,111591,1722
2021-06-15,Glenn,021,27897,2445,2426,565,2991,19
2021-06-15,Humboldt,023,135768,4429,4414,40,4454,42
2021-06-15,Imperial,025,180216,28734,28789,2755,31544,741
2021-06-15,Inyo,027,18085,1408,1405,13,1418,35
2021-06-15,Kern,029,883053,97731,96782,11108,107890,1338
2021-06-15,Kings,031,150075,23230,23070,1099,24169,245
2021-06-15,Lake,033,64148,3568,3559,9,3568,45
2021-06-15,Lassen,035,31185,5258,5211,117,5328,19
2021-06-15,Los Angeles,037,10098052,1210323,1204926,41501,1246427,24435
2021-06-15,Madera,039,155013,16741,16600,947,17547,240
2021-06-15,Marin,041,260295,14175,14135,266,14401,229
2021-06-15,Mariposa,043,17540,439,437,11,448,5
2021-06-15,Mendocino,045,87422,4124,4034,83,4117,49
2021-06-15,Merced,047,269075,31166,31244,1063,32307,461
2021-06-15,Modoc,049,8938,411,383,145,528,3
2021-06-15,Mono,051,14174,1264,1275,17,1292,3
2021-06-15,Monterey,053,433212,43271,43118,1875,44993,416
2021-06-15,Napa,055,140530,9989,10010,38,10048,80
2021-06-15,Nevada,057,99092,4924,4888,197,5085,72
2021-06-15,Orange,059,3164182,256091,255127,11514,266641,5105
2021-06-15,Placer,061,380077,23666,23396,1528,24924,298
2021-06-15,Plumas,063,18699,714,697,11,708,4
2021-06-15,Riverside,065,2383286,295052,289508,14149,303657,4455
2021-06-15,Sacramento,067,1510023,107583,107370,1814,109184,1662
2021-06-15,San Benito,069,59416,6079,6089,116,6205,63
2021-06-15,San Bernardino,071,2135413,294159,293463,9055,302518,4790
2021-06-15,San Diego,073,3302833,282274,281375,15205,296580,3770
2021-06-15,San Francisco,075,870044,36986,37210,1305,38515,555
2021-06-15,San Joaquin,077,732212,73791,73494,3618,77112,1399
2021-06-15,San Luis Obispo,079,281455,21498,21293,754,22047,257
2021-06-15,San Mateo,081,765935,42575,42593,482,43075,543
2021-06-15,Santa Barbara,083,443738,34559,34451,1143,35594,460
2021-06-15,Santa Clara,085,1922200,119200,119963,779,120742,2086
2021-06-15,Santa Cruz,087,273765,16301,16180,813,16993,208
2021-06-15,Shasta,089,179085,12535,12583,1627,14210,201
2021-06-15,Sierra,091,2930,60,55,12,67,0
2021-06-15,Siskiyou,093,43540,1960,1887,374,2261,26
2021-06-15,Solano,095,438530,33250,33264,567,33831,266
2021-06-15,Sonoma,097,501317,30646,30707,358,31065,323
2021-06-15,Stanislaus,099,539301,56858,56724,6014,62738,979
2021-06-15,Sutter,101,95872,9576,9616,90,9706,113
2021-06-15,Tehama,103,63373,5136,5102,588,5690,63
2021-06-15,Trinity,105,12862,488,332,97,429,3
2021-06-15,Tulare,107,460477,50388,49561,9123,58684,848
2021-06-15,Tuolumne,109,53932,4057,4111,43,4154,63
2021-06-15,Ventura,111,848112,81649,81215,3019,84234,1029
2021-06-15,Yolo,113,214977,14134,14127,340,14467,212
2021-06-15,Yuba,115,75493,6160,6130,133,6263,51
2021-06-14,Alameda,001,1643700,88922,88966,1988,90954,1264
2021-06-14,Alpine,003,1148,88,88,0,88,0
2021-06-14,Amador,005,37829,3736,3722,33,3755,46
2021-06-14,Butte,007,227075,12734,12613,1849,14462,194
2021-06-14,Calaveras,009,45235,2188,2190,13,2203,55
2021-06-14,Colusa,011,21464,1961,1966,318,2284,15
2021-06-14,Contra Costa,013,1133247,70491,70069,1316,71385,810
2021-06-14,Del Norte,015,27424,1442,1411,13,1424,8
2021-06-14,El Dorado,017,186661,10403,10327,770,11097,113
2021-06-14,Fresno,019,978130,103194,102812,8761,111573,1719
2021-06-14,Glenn,021,27897,2445,2426,565,2991,19
2021-06-14,Humboldt,023,135768,4421,4407,39,4446,42
2021-06-14,Imperial,025,180216,28722,28836,2755,31591,741
2021-06-14,Inyo,027,18085,1407,1405,13,1418,35
2021-06-14,Kern,029,883053,97711,96760,11098,107858,1337
2021-06-14,Kings,031,150075,23227,23071,1098,24169,245
2021-06-14,Lake,033,64148,3567,3557,9,3566,45
2021-06-14,Lassen,035,31185,5255,5209,116,5325,19
2021-06-14,Los Angeles,037,10098052,1210085,1204748,41491,1246239,24434
2021-06-14,Madera,039,155013,16735,16597,946,17543,240
2021-06-14,Marin,041,260295,14173,14133,266,14399,229
2021-06-14,Mariposa,043,17540,438,437,11,448,5
2021-06-14,Mendocino,045,87422,4118,4028,83,4111,49
2021-06-14,Merced,047,269075,31157,31241,1062,32303,461
2021-06-14,Modoc,049,8938,402,382,143,525,3
2021-06-14,Mono,051,14174,1264,1275,17,1292,3
2021-06-14,Monterey,053,433212,43268,43110,1875,44985,415
2021-06-14,Napa,055,140530,9985,10000,38,10038,80
2021-06-14,Nevada,057,99092,4917,4885,197,5082,72
2021-06-14,Orange,059,3164182,256053,255069,11509,266578,5103
2021-06-14,Placer,061,380077,23641,23379,1527,24906,298
2021-06-14,Plumas,063,18699,714,696,11,707,4
2021-06-14,Riverside,065,2383286,294998,289476,14149,303625,4453
2021-06-14,Sacramento,067,1510023,107529,107334,1809,109143,1661
2021-06-14,San Benito,069,59416,6079,6087,116,6203,63
2021-06-14,San Bernardino,071,2135413,294102,293446,9051,302497,4790
2021-06-14,San Diego,073,3302833,282168,281314,15185,296499,3770
2021-06-14,San Francisco,075,870044,36973,37206,1305,38511,555
2021-06-14,San Joaquin,077,732212,73762,73453,3618,77071,1398
2021-06-14,San Luis Obispo,079,281455,21496,21302,754,22056,256
2021-06-14,San Mateo,081,765935,42562,42619,481,43100,543
2021-06-14,Santa Barbara,083,443738,34556,34449,1143,35592,460
2021-06-14,Santa Clara,085,1922200,119169,119957,778,120735,2085
2021-06-14,Santa Cruz,087,273765,16298,16175,813,16988,208
2021-06-14,Shasta,089,179085,12524,12561,1624,14185,201
2021-06-14,Sierra,091,2930,59,55,12,67,0
2021-06-14,Siskiyou,093,43540,1960,1886,374,2260,26
2021-06-14,Solano,095,438530,33233,33243,566,33809,266
2021-06-14,Sonoma,097,501317,30614,30679,357,31036,323
2021-06-14,Stanislaus,099,539301,56822,56689,6011,62700,975
2021-06-14,Sutter,101,95872,9573,9607,90,9697,112
2021-06-14,Tehama,103,63373,5134,5102,588,5690,63
2021-06-14,Trinity,105,12862,488,332,97,429,3
2021-06-14,Tulare,107,460477,50383,49538,9120,58658,848
2021-06-14,Tuolumne,109,53932,4054,4108,43,4151,63
2021-06-14,Ventura,111,848112,81639,81209,3019,84228,1028
2021-06-14,Yolo,113,214977,14126,14123,340,14463,212
2021-06-14,Yuba,115,75493,6153,6127,133,6260,50
2021-06-13,Alameda,001,1643700,88865,88947,1987,90934,1264
2021-06-13,Alpine,003,1148,87,88,0,88,0
2021-06-13,Amador,005,37829,3732,3721,33,3754,46
2021-06-13,Butte,007,227075,12723,12586,1846,14432,194
2021-06-13,Calaveras,009,45235,2188,2189,13,2202,55
2021-06-13,Colusa,011,21464,1961,1965,317,2282,15
2021-06-13,Contra Costa,013,1133247,70437,70040,1314,71354,810
2021-06-13,Del Norte,015,27424,1440,1412,13,1425,8
2021-06-13,El Dorado,017,186661,10394,10324,770,11094,113
2021-06-13,Fresno,019,978130,103164,102795,8756,111551,1719
2021-06-13,Glenn,021,27897,2444,2425,563,2988,19
2021-06-13,Humboldt,023,135768,4408,4401,39,4440,42
2021-06-13,Imperial,025,180216,28713,28800,2755,31555,741
2021-06-13,Inyo,027,18085,1407,1405,13,1418,35
2021-06-13,Kern,029,883053,97687,96743,11086,107829,1337
2021-06-13,Kings,031,150075,23222,23069,1097,24166,245
2021-06-13,Lake,033,64148,3567,3556,9,3565,45
2021-06-13,Lassen,035,31185,5250,5209,116,5325,19
2021-06-13,Los Angeles,037,10098052,1209821,1204614,41478,1246092,24433
2021-06-13,Madera,039,155013,16721,16590,946,17536,240
2021-06-13,Marin,041,260295,14167,14126,266,14392,229
2021-06-13,Mariposa,043,17540,438,434,11,445,5
2021-06-13,Mendocino,045,87422,4111,4026,83,4109,49
2021-06-13,Merced,047,269075,31151,31240,1061,32301,461
2021-06-13,Modoc,049,8938,400,382,141,523,3
2021-06-13,Mono,051,14174,1264,1275,17,1292,3
2021-06-13,Monterey,053,433212,43260,43108,1875,44983,415
2021-06-13,Napa,055,140530,9979,9995,38,10033,80
2021-06-13,Nevada,057,99092,4912,4883,197,5080,72
2021-06-13,Orange,059,3164182,255998,255043,11506,266549,5103
2021-06-13,Placer,061,380077,23615,23365,1525,24890,295
2021-06-13,Plumas,063,18699,713,696,11,707,4
2021-06-13,Riverside,065,2383286,294931,289447,14146,303593,4453
2021-06-13,Sacramento,067,1510023,107453,107289,1806,109095,1658
2021-06-13,San Benito,069,59416,6079,6086,116,6202,63
2021-06-13,San Bernardino,071,2135413,294051,293416,9046,302462,4788
2021-06-13,San Diego,073,3302833,282089,281268,15169,296437,3770
2021-06-13,San Francisco,075,870044,36961,37197,1305,38502,555
2021-06-13,San Joaquin,077,732212,73727,73438,3616,77054,1398
2021-06-13,San Luis Obispo,079,281455,21490,21298,753,22051,256
2021-06-13,San Mateo,081,765935,42549,42611,481,43092,542
2021-06-13,Santa Barbara,083,443738,34545,34449,1142,35591,460
2021-06-13,Santa Clara,085,1922200,119145,119946,778,120724,2085
2021-06-13,Santa Cruz,087,273765,16291,16172,813,16985,208
2021-06-13,Shasta,089,179085,12515,12560,1623,14183,201
2021-06-13,Sierra,091,2930,59,55,12,67,0
2021-06-13,Siskiyou,093,43540,1959,1885,374,2259,26
2021-06-13,Solano,095,438530,33212,33234,566,33800,266
2021-06-13,Sonoma,097,501317,30579,30663,355,31018,323
2021-06-13,Stanislaus,099,539301,56796,56671,6008,62679,975
2021-06-13,Sutter,101,95872,9566,9603,90,9693,112
2021-06-13,Tehama,103,63373,5132,5100,588,5688,63
2021-06-13,Trinity,105,12862,487,332,97,429,3
2021-06-13,Tulare,107,460477,50374,49537,9115,58652,848
2021-06-13,Tuolumne,109,53932,4052,4107,42,4149,63
2021-06-13,Ventura,111,848112,81625,81201,3019,84220,1028
2021-06-13,Yolo,113,214977,14117,14120,338,14458,212
2021-06-13,Yuba,115,75493,6146,6125,133,6258,50
2021-06-12,Alameda,001,1643700,88838,88901,1987,90888,1271
2021-06-12,Alpine,003,1148,87,88,0,88,0
2021-06-12,Amador,005,37829,3731,3721,33,3754,46
2021-06-12,Butte,007,227075,12719,12576,1846,14422,194
2021-06-12,Calaveras,009,45235,2188,2189,13,2202,55
2021-06-12,Colusa,011,21464,1961,1965,317,2282,15
2021-06-12,Contra Costa,013,1133247,70406,69989,1311,71300,810
2021-06-12,Del Norte,015,27424,1440,1412,13,1425,8
2021-06-12,El Dorado,017,186661,10389,10320,769,11089,113
2021-06-12,Fresno,019,978130,103154,102783,8755,111538,1720
2021-06-12,Glenn,021,27897,2442,2425,563,2988,19
2021-06-12,Humboldt,023,135768,4400,4396,39,4435,42
2021-06-12,Imperial,025,180216,28710,28799,2755,31554,741
2021-06-12,Inyo,027,18085,1407,1405,13,1418,35
2021-06-12,Kern,029,883053,97672,96731,11082,107813,1337
2021-06-12,Kings,031,150075,23220,23067,1097,24164,245
2021-06-12,Lake,033,64148,3566,3552,9,3561,45
2021-06-12,Lassen,035,31185,5250,5208,116,5324,19
2021-06-12,Los Angeles,037,10098052,1209681,1204439,41472,1245911,24434
2021-06-12,Madera,039,155013,16717,16586,946,17532,240
2021-06-12,Marin,041,260295,14164,14121,266,14387,229
2021-06-12,Mariposa,043,17540,438,434,11,445,5
2021-06-12,Mendocino,045,87422,4108,4024,83,4107,49
2021-06-12,Merced,047,269075,31148,31236,1061,32297,461
2021-06-12,Modoc,049,8938,399,382,141,523,3
2021-06-12,Mono,051,14174,1264,1275,17,1292,3
2021-06-12,Monterey,053,433212,43255,43103,1875,44978,415
2021-06-12,Napa,055,140530,9975,9986,38,10024,80
2021-06-12,Nevada,057,99092,4906,4878,197,5075,72
2021-06-12,Orange,059,3164182,255965,255004,11504,266508,5103
2021-06-12,Placer,061,380077,23596,23345,1525,24870,295
2021-06-12,Plumas,063,18699,713,696,11,707,4
2021-06-12,Riverside,065,2383286,294889,289413,14143,303556,4453
2021-06-12,Sacramento,067,1510023,107394,107199,1803,109002,1658
2021-06-12,San Benito,069,59416,6077,6083,116,6199,63
2021-06-12,San Bernardino,071,2135413,294016,293375,9044,302419,4788
2021-06-12,San Diego,073,3302833,282032,281203,15160,296363,3770
2021-06-12,San Francisco,075,870044,36951,37189,1305,38494,555
2021-06-12,San Joaquin,077,732212,73708,73413,3615,77028,1398
2021-06-12,San Luis Obispo,079,281455,21487,21293,753,22046,256
2021-06-12,San Mateo,081,765935,42543,42604,481,43085,542
2021-06-12,Santa Barbara,083,443738,34540,34450,1142,35592,460
2021-06-12,Santa Clara,085,1922200,119105,119894,778,120672,2085
2021-06-12,Santa Cruz,087,273765,16283,16170,813,16983,208
2021-06-12,Shasta,089,179085,12512,12556,1622,14178,201
2021-06-12,Sierra,091,2930,59,55,12,67,0
2021-06-12,Siskiyou,093,43540,1958,1884,374,2258,25
2021-06-12,Solano,095,438530,33203,33219,566,33785,266
2021-06-12,Sonoma,097,501317,30550,30647,355,31002,323
2021-06-12,Stanislaus,099,539301,56779,56649,6007,62656,974
2021-06-12,Sutter,101,95872,9562,9603,90,9693,112
2021-06-12,Tehama,103,63373,5132,5099,587,5686,63
2021-06-12,Trinity,105,12862,487,332,97,429,3
2021-06-12,Tulare,107,460477,50369,49533,9108,58641,848
2021-06-12,Tuolumne,109,53932,4051,4105,42,4147,63
2021-06-12,Ventura,111,848112,81613,81197,3019,84216,1028
2021-06-12,Yolo,113,214977,14114,14118,337,14455,212
2021-06-12,Yuba,115,75493,6141,6120,133,6253,50
2021-06-11,Alameda,001,1643700,88810,88844,1987,90831,1278
2021-06-11,Alpine,003,1148,87,88,0,88,0
2021-06-11,Amador,005,37829,3730,3710,33,3743,46
2021-06-11,Butte,007,227075,12715,12576,1844,14420,194
2021-06-11,Calaveras,009,45235,2188,2188,13,2201,55
2021-06-11,Colusa,011,21464,1960,1964,317,2281,15
2021-06-11,Contra Costa,013,1133247,70373,69940,1309,71249,808
2021-06-11,Del Norte,015,27424,1440,1409,13,1422,8
2021-06-11,El Dorado,017,186661,10386,10316,769,11085,113
2021-06-11,Fresno,019,978130,103135,102770,8754,111524,1720
2021-06-11,Glenn,021,27897,2442,2425,563,2988,19
2021-06-11,Humboldt,023,135768,4396,4389,39,4428,42
2021-06-11,Imperial,025,180216,28705,28793,2755,31548,741
2021-06-11,Inyo,027,18085,1407,1405,13,1418,35
2021-06-11,Kern,029,883053,97660,96718,11079,107797,1340
2021-06-11,Kings,031,150075,23216,23069,1096,24165,245
2021-06-11,Lake,033,64148,3565,3550,9,3559,45
2021-06-11,Lassen,035,31185,5249,5204,116,5320,18
2021-06-11,Los Angeles,037,10098052,1209533,1204259,41457,1245716,24434
2021-06-11,Madera,039,155013,16714,16582,946,17528,240
2021-06-11,Marin,041,260295,14161,14116,266,14382,229
2021-06-11,Mariposa,043,17540,438,434,11,445,5
2021-06-11,Mendocino,045,87422,4105,4022,83,4105,49
2021-06-11,Merced,047,269075,31143,31231,1061,32292,461
2021-06-11,Modoc,049,8938,399,382,140,522,3
2021-06-11,Mono,051,14174,1264,1274,17,1291,3
2021-06-11,Monterey,053,433212,43251,43097,1875,44972,415
2021-06-11,Napa,055,140530,9972,9977,38,10015,80
2021-06-11,Nevada,057,99092,4904,4873,197,5070,72
2021-06-11,Orange,059,3164182,255931,254975,11501,266476,5101
2021-06-11,Placer,061,380077,23591,23330,1525,24855,294
2021-06-11,Plumas,063,18699,713,696,11,707,4
2021-06-11,Riverside,065,2383286,294851,289376,14138,303514,4451
2021-06-11,Sacramento,067,1510023,107334,107119,1802,108921,1659
2021-06-11,San Benito,069,59416,6076,6082,116,6198,63
2021-06-11,San Bernardino,071,2135413,293980,293335,9040,302375,4788
2021-06-11,San Diego,073,3302833,281992,281144,15153,296297,3768
2021-06-11,San Francisco,075,870044,36946,37177,1305,38482,555
2021-06-11,San Joaquin,077,732212,73691,73347,3612,76959,1397
2021-06-11,San Luis Obispo,079,281455,21486,21288,753,22041,256
2021-06-11,San Mateo,081,765935,42529,42585,481,43066,542
2021-06-11,Santa Barbara,083,443738,34537,34438,1142,35580,460
2021-06-11,Santa Clara,085,1922200,119085,119860,778,120638,2083
2021-06-11,Santa Cruz,087,273765,16275,16164,813,16977,208
2021-06-11,Shasta,089,179085,12504,12550,1620,14170,201
2021-06-11,Sierra,091,2930,59,55,12,67,0
2021-06-11,Siskiyou,093,43540,1957,1882,374,2256,25
2021-06-11,Solano,095,438530,33183,33179,565,33744,266
2021-06-11,Sonoma,097,501317,30532,30624,355,30979,323
2021-06-11,Stanislaus,099,539301,56753,56617,6003,62620,974
2021-06-11,Sutter,101,95872,9559,9600,89,9689,112
2021-06-11,Tehama,103,63373,5131,5099,587,5686,63
2021-06-11,Trinity,105,12862,487,331,97,428,3
2021-06-11,Tulare,107,460477,50363,49516,9107,58623,848
2021-06-11,Tuolumne,109,53932,4048,4104,42,4146,63
2021-06-11,Ventura,111,848112,81603,81189,3019,84208,1026
2021-06-11,Yolo,113,214977,14107,14111,333,14444,212
2021-06-11,Yuba,115,75493,6137,6113,133,6246,50
2021-06-10,Alameda,001,1643700,88766,88806,1986,90792,1275
2021-06-10,Alpine,003,1148,87,88,0,88,0
2021-06-10,Amador,005,37829,3726,3709,33,3742,46
2021-06-10,Butte,007,227075,12698,12565,1844,14409,194
2021-06-10,Calaveras,009,45235,2187,2188,13,2201,55
2021-06-10,Colusa,011,21464,1958,1964,317,2281,15
2021-06-10,Contra Costa,013,1133247,70319,69876,1309,71185,807
2021-06-10,Del Norte,015,27424,1440,1405,13,1418,8
2021-06-10,El Dorado,017,186661,10379,10314,765,11079,113
2021-06-10,Fresno,019,978130,103109,102724,8753,111477,1717
2021-06-10,Glenn,021,27897,2442,2425,563,2988,19
2021-06-10,Humboldt,023,135768,4388,4384,39,4423,42
2021-06-10,Imperial,025,180216,28699,28779,2755,31534,739
2021-06-10,Inyo,027,18085,1407,1405,13,1418,35
2021-06-10,Kern,029,883053,97646,96706,11074,107780,1336
2021-06-10,Kings,031,150075,23215,23067,1096,24163,245
2021-06-10,Lake,033,64148,3560,3550,9,3559,45
2021-06-10,Lassen,035,31185,5247,5201,116,5317,18
2021-06-10,Los Angeles,037,10098052,1209366,1204110,41441,1245551,24440
2021-06-10,Madera,039,155013,16707,16581,945,17526,240
2021-06-10,Marin,041,260295,14158,14118,266,14384,229
2021-06-10,Mariposa,043,17540,436,434,11,445,5
2021-06-10,Mendocino,045,87422,4100,4016,83,4099,48
2021-06-10,Merced,047,269075,31135,31231,1058,32289,461
2021-06-10,Modoc,049,8938,398,381,140,521,3
2021-06-10,Mono,051,14174,1263,1274,17,1291,3
2021-06-10,Monterey,053,433212,43245,43090,1875,44965,415
2021-06-10,Napa,055,140530,9971,9974,38,10012,80
2021-06-10,Nevada,057,99092,4899,4866,197,5063,72
2021-06-10,Orange,059,3164182,255901,254950,11494,266444,5097
2021-06-10,Placer,061,380077,23578,23296,1525,24821,293
2021-06-10,Plumas,063,18699,713,696,11,707,4
2021-06-10,Riverside,065,2383286,294809,289335,14133,303468,4450
2021-06-10,Sacramento,067,1510023,107272,107049,1802,108851,1658
2021-06-10,San Benito,069,59416,6076,6079,116,6195,63
2021-06-10,San Bernardino,071,2135413,293939,293281,9037,302318,4782
2021-06-10,San Diego,073,3302833,281934,281052,15136,296188,3766
2021-06-10,San Francisco,075,870044,36936,37159,1303,38462,552
2021-06-10,San Joaquin,077,732212,73657,73276,3611,76887,1393
2021-06-10,San Luis Obispo,079,281455,21483,21280,753,22033,256
2021-06-10,San Mateo,081,765935,42522,42562,481,43043,666
2021-06-10,Santa Barbara,083,443738,34533,34434,1142,35576,460
2021-06-10,Santa Clara,085,1922200,119050,119832,777,120609,2075
2021-06-10,Santa Cruz,087,273765,16274,16159,813,16972,208
2021-06-10,Shasta,089,179085,12494,12536,1619,14155,201
2021-06-10,Sierra,091,2930,58,55,12,67,0
2021-06-10,Siskiyou,093,43540,1957,1881,374,2255,25
2021-06-10,Solano,095,438530,33166,33150,564,33714,265
2021-06-10,Sonoma,097,501317,30496,30571,353,30924,323
2021-06-10,Stanislaus,099,539301,56732,56588,5999,62587,974
2021-06-10,Sutter,101,95872,9552,9594,89,9683,112
2021-06-10,Tehama,103,63373,5131,5096,587,5683,63
2021-06-10,Trinity,105,12862,487,331,97,428,3
2021-06-10,Tulare,107,460477,50355,49503,9107,58610,848
2021-06-10,Tuolumne,109,53932,4048,4100,42,4142,63
2021-06-10,Ventura,111,848112,81592,81172,3018,84190,1026
2021-06-10,Yolo,113,214977,14104,14107,333,14440,212
2021-06-10,Yuba,115,75493,6133,6112,133,6245,50
2021-06-09,Alameda,001,1643700,88723,88762,1985,90747,1271
2021-06-09,Alpine,003,1148,87,88,0,88,0
2021-06-09,Amador,005,37829,3722,3706,33,3739,46
2021-06-09,Butte,007,227075,12692,12555,1842,14397,194
2021-06-09,Calaveras,009,45235,2185,2184,13,2197,55
2021-06-09,Colusa,011,21464,1958,1962,316,2278,15
2021-06-09,Contra Costa,013,1133247,70282,69829,1308,71137,803
2021-06-09,Del Norte,015,27424,1436,1403,13,1416,8
2021-06-09,El Dorado,017,186661,10376,10312,764,11076,113
2021-06-09,Fresno,019,978130,103089,102690,8749,111439,1717
2021-06-09,Glenn,021,27897,2441,2424,563,2987,19
2021-06-09,Humboldt,023,135768,4383,4379,38,4417,42
2021-06-09,Imperial,025,180216,28696,28754,2755,31509,739
2021-06-09,Inyo,027,18085,1407,1405,13,1418,35
2021-06-09,Kern,029,883053,97632,96697,11065,107762,1328
2021-06-09,Kings,031,150075,23213,23061,1096,24157,245
2021-06-09,Lake,033,64148,3557,3541,9,3550,45
2021-06-09,Lassen,035,31185,5246,5200,116,5316,18
2021-06-09,Los Angeles,037,10098052,1209180,1203955,41428,1245383,24432
2021-06-09,Madera,039,155013,16702,16580,945,17525,240
2021-06-09,Marin,041,260295,14153,14114,266,14380,229
2021-06-09,Mariposa,043,17540,436,434,11,445,5
2021-06-09,Mendocino,045,87422,4094,4008,83,4091,47
2021-06-09,Merced,047,269075,31131,31225,1058,32283,461
2021-06-09,Modoc,049,8938,396,377,139,516,3
2021-06-09,Mono,051,14174,1263,1274,17,1291,3
2021-06-09,Monterey,053,433212,43238,43082,1875,44957,415
2021-06-09,Napa,055,140530,9965,9971,38,10009,80
2021-06-09,Nevada,057,99092,4889,4863,196,5059,72
2021-06-09,Orange,059,3164182,255857,254893,11489,266382,5080
2021-06-09,Placer,061,380077,23559,23237,1525,24762,293
2021-06-09,Plumas,063,18699,712,697,11,708,4
2021-06-09,Riverside,065,2383286,294763,289299,14131,303430,4450
2021-06-09,Sacramento,067,1510023,107209,106971,1799,108770,1657
2021-06-09,San Benito,069,59416,6073,6078,116,6194,63
2021-06-09,San Bernardino,071,2135413,293897,293222,9037,302259,4782
2021-06-09,San Diego,073,3302833,281870,280941,15124,296065,3765
2021-06-09,San Francisco,075,870044,36923,37143,1302,38445,552
2021-06-09,San Joaquin,077,732212,73631,73232,3610,76842,1392
2021-06-09,San Luis Obispo,079,281455,21482,21259,753,22012,256
2021-06-09,San Mateo,081,765935,42506,42502,479,42981,666
2021-06-09,Santa Barbara,083,443738,34522,34422,1142,35564,460
2021-06-09,Santa Clara,085,1922200,119012,119793,776,120569,2068
2021-06-09,Santa Cruz,087,273765,16271,16155,813,16968,208
2021-06-09,Shasta,089,179085,12484,12521,1617,14138,201
2021-06-09,Sierra,091,2930,57,55,12,67,0
2021-06-09,Siskiyou,093,43540,1956,1871,374,2245,25
2021-06-09,Solano,095,438530,33150,33137,563,33700,264
2021-06-09,Sonoma,097,501317,30474,30540,353,30893,323
2021-06-09,Stanislaus,099,539301,56712,56560,5996,62556,974
2021-06-09,Sutter,101,95872,9543,9586,88,9674,111
2021-06-09,Tehama,103,63373,5130,5093,587,5680,63
2021-06-09,Trinity,105,12862,486,331,97,428,3
2021-06-09,Tulare,107,460477,50351,49496,9105,58601,847
2021-06-09,Tuolumne,109,53932,4045,4100,42,4142,63
2021-06-09,Ventura,111,848112,81582,81154,3017,84171,1026
2021-06-09,Yolo,113,214977,14102,14102,332,14434,212
2021-06-09,Yuba,115,75493,6129,6109,133,6242,50
2021-06-08,Alameda,001,1643700,88675,88731,1985,90716,1267
2021-06-08,Alpine,003,1148,87,88,0,88,0
2021-06-08,Amador,005,37829,3721,3704,33,3737,46
2021-06-08,Butte,007,227075,12686,12540,1840,14380,194
2021-06-08,Calaveras,009,45235,2184,2181,13,2194,55
2021-06-08,Colusa,011,21464,1958,1961,316,2277,15
2021-06-08,Contra Costa,013,1133247,70234,69762,1307,71069,803
2021-06-08,Del Norte,015,27424,1434,1402,13,1415,8
2021-06-08,El Dorado,017,186661,10371,10306,762,11068,113
2021-06-08,Fresno,019,978130,103064,102680,8747,111427,1717
2021-06-08,Glenn,021,27897,2440,2423,563,2986,19
2021-06-08,Humboldt,023,135768,4378,4363,38,4401,42
2021-06-08,Imperial,025,180216,28687,28752,2755,31507,738
2021-06-08,Inyo,027,18085,1407,1405,13,1418,35
2021-06-08,Kern,029,883053,97613,96671,11058,107729,1325
2021-06-08,Kings,031,150075,23212,23036,1096,24132,245
2021-06-08,Lake,033,64148,3556,3540,9,3549,45
2021-06-08,Lassen,035,31185,5246,5200,116,5316,18
2021-06-08,Los Angeles,037,10098052,1208982,1203794,41416,1245210,24426
2021-06-08,Madera,039,155013,16696,16579,944,17523,240
2021-06-08,Marin,041,260295,14151,14111,265,14376,229
2021-06-08,Mariposa,043,17540,436,434,11,445,5
2021-06-08,Mendocino,045,87422,4087,4002,83,4085,47
2021-06-08,Merced,047,269075,31123,31225,1058,32283,461
2021-06-08,Modoc,049,8938,390,377,138,515,3
2021-06-08,Mono,051,14174,1263,1274,17,1291,3
2021-06-08,Monterey,053,433212,43232,43078,1874,44952,415
2021-06-08,Napa,055,140530,9961,9962,38,10000,80
2021-06-08,Nevada,057,99092,4884,4861,196,5057,72
2021-06-08,Orange,059,3164182,255815,254852,11482,266334,5078
2021-06-08,Placer,061,380077,23541,23209,1521,24730,293
2021-06-08,Plumas,063,18699,712,692,11,703,4
2021-06-08,Riverside,065,2383286,294727,289268,14123,303391,4452
2021-06-08,Sacramento,067,1510023,107147,106901,1796,108697,1654
2021-06-08,San Benito,069,59416,6071,6076,116,6192,63
2021-06-08,San Bernardino,071,2135413,293848,293186,9033,302219,4778
2021-06-08,San Diego,073,3302833,281807,280879,15115,295994,3764
2021-06-08,San Francisco,075,870044,36908,37134,1301,38435,552
2021-06-08,San Joaquin,077,732212,73587,73186,3605,76791,1390
2021-06-08,San Luis Obispo,079,281455,21476,21251,752,22003,255
2021-06-08,San Mateo,081,765935,42493,42488,479,42967,663
2021-06-08,Santa Barbara,083,443738,34518,34418,1142,35560,459
2021-06-08,Santa Clara,085,1922200,118991,119770,775,120545,2068
2021-06-08,Santa Cruz,087,273765,16268,16160,813,16973,208
2021-06-08,Shasta,089,179085,12469,12498,1617,14115,201
2021-06-08,Sierra,091,2930,57,55,12,67,0
2021-06-08,Siskiyou,093,43540,1954,1870,372,2242,21
2021-06-08,Solano,095,438530,33129,33130,563,33693,259
2021-06-08,Sonoma,097,501317,30447,30523,351,30874,323
2021-06-08,Stanislaus,099,539301,56685,56548,5994,62542,973
2021-06-08,Sutter,101,95872,9540,9581,88,9669,111
2021-06-08,Tehama,103,63373,5127,5093,587,5680,63
2021-06-08,Trinity,105,12862,486,330,96,426,3
2021-06-08,Tulare,107,460477,50339,49485,9100,58585,847
2021-06-08,Tuolumne,109,53932,4042,4099,42,4141,63
2021-06-08,Ventura,111,848112,81566,81142,3016,84158,1026
2021-06-08,Yolo,113,214977,14097,14099,331,14430,212
2021-06-08,Yuba,115,75493,6127,6103,133,6236,50
2021-06-07,Alameda,001,1643700,88618,88688,1985,90673,1267
2021-06-07,Alpine,003,1148,87,88,0,88,0
2021-06-07,Amador,005,37829,3711,3697,33,3730,46
2021-06-07,Butte,007,227075,12679,12533,1839,14372,194
2021-06-07,Calaveras,009,45235,2183,2181,13,2194,55
2021-06-07,Colusa,011,21464,1957,1960,316,2276,15
2021-06-07,Contra Costa,013,1133247,70177,69718,1306,71024,817
2021-06-07,Del Norte,015,27424,1434,1401,13,1414,8
2021-06-07,El Dorado,017,186661,10366,10305,762,11067,113
2021-06-07,Fresno,019,978130,103033,102659,8739,111398,1717
2021-06-07,Glenn,021,27897,2440,2423,563,2986,19
2021-06-07,Humboldt,023,135768,4370,4354,38,4392,42
2021-06-07,Imperial,025,180216,28685,28754,2755,31509,738
2021-06-07,Inyo,027,18085,1407,1404,13,1417,35
2021-06-07,Kern,029,883053,97597,96645,11051,107696,1324
2021-06-07,Kings,031,150075,23208,23023,1096,24119,244
2021-06-07,Lake,033,64148,3554,3540,9,3549,45
2021-06-07,Lassen,035,31185,5241,5198,116,5314,18
2021-06-07,Los Angeles,037,10098052,1208758,1203664,41401,1245065,24413
2021-06-07,Madera,039,155013,16689,16572,944,17516,240
2021-06-07,Marin,041,260295,14147,14108,264,14372,229
2021-06-07,Mariposa,043,17540,436,434,11,445,5
2021-06-07,Mendocino,045,87422,4081,3998,83,4081,47
2021-06-07,Merced,047,269075,31111,31212,1057,32269,459
2021-06-07,Modoc,049,8938,389,375,135,510,3
2021-06-07,Mono,051,14174,1263,1275,17,1292,3
2021-06-07,Monterey,053,433212,43225,43077,1874,44951,415
2021-06-07,Napa,055,140530,9953,9962,38,10000,80
2021-06-07,Nevada,057,99092,4882,4860,196,5056,72
2021-06-07,Orange,059,3164182,255775,254808,11474,266282,5073
2021-06-07,Placer,061,380077,23522,23176,1519,24695,293
2021-06-07,Plumas,063,18699,712,692,11,703,4
2021-06-07,Riverside,065,2383286,294684,289232,14119,303351,4451
2021-06-07,Sacramento,067,1510023,107071,106841,1793,108634,1655
2021-06-07,San Benito,069,59416,6070,6074,116,6190,63
2021-06-07,San Bernardino,071,2135413,293810,293129,9032,302161,4775
2021-06-07,San Diego,073,3302833,281725,280808,15102,295910,3764
2021-06-07,San Francisco,075,870044,36892,37122,1301,38423,552
2021-06-07,San Joaquin,077,732212,73542,73130,3598,76728,1388
2021-06-07,San Luis Obispo,079,281455,21463,21252,752,22004,255
2021-06-07,San Mateo,081,765935,42477,42479,479,42958,664
2021-06-07,Santa Barbara,083,443738,34512,34407,1142,35549,459
2021-06-07,Santa Clara,085,1922200,118959,119743,775,120518,2066
2021-06-07,Santa Cruz,087,273765,16267,16159,813,16972,208
2021-06-07,Shasta,089,179085,12455,12483,1612,14095,200
2021-06-07,Sierra,091,2930,57,55,12,67,0
2021-06-07,Siskiyou,093,43540,1954,1869,372,2241,21
2021-06-07,Solano,095,438530,33107,33124,562,33686,258
2021-06-07,Sonoma,097,501317,30411,30504,350,30854,323
2021-06-07,Stanislaus,099,539301,56652,56521,5992,62513,972
2021-06-07,Sutter,101,95872,9536,9571,88,9659,111
2021-06-07,Tehama,103,63373,5123,5092,585,5677,63
2021-06-07,Trinity,105,12862,486,329,96,425,3
2021-06-07,Tulare,107,460477,50333,49471,9100,58571,847
2021-06-07,Tuolumne,109,53932,4041,4098,42,4140,63
2021-06-07,Ventura,111,848112,81549,81137,3014,84151,1025
2021-06-07,Yolo,113,214977,14092,14097,330,14427,211
2021-06-07,Yuba,115,75493,6125,6099,130,6229,49
2021-06-06,Alameda,001,1643700,88580,88636,1984,90620,1267
2021-06-06,Alpine,003,1148,87,88,0,88,0
2021-06-06,Amador,005,37829,3708,3696,33,3729,46
2021-06-06,Butte,007,227075,12668,12527,1838,14365,194
2021-06-06,Calaveras,009,45235,2182,2181,13,2194,55
2021-06-06,Colusa,011,21464,1955,1959,316,2275,15
2021-06-06,Contra Costa,013,1133247,70112,69659,1304,70963,817
2021-06-06,Del Norte,015,27424,1429,1401,13,1414,8
2021-06-06,El Dorado,017,186661,10359,10294,762,11056,113
2021-06-06,Fresno,019,978130,103000,102642,8736,111378,1717
2021-06-06,Glenn,021,27897,2439,2423,563,2986,19
2021-06-06,Humboldt,023,135768,4359,4353,38,4391,42
2021-06-06,Imperial,025,180216,28679,28762,2755,31517,738
2021-06-06,Inyo,027,18085,1406,1404,13,1417,35
2021-06-06,Kern,029,883053,97579,96623,11044,107667,1324
2021-06-06,Kings,031,150075,23202,23021,1096,24117,244
2021-06-06,Lake,033,64148,3554,3535,9,3544,45
2021-06-06,Lassen,035,31185,5239,5191,116,5307,18
2021-06-06,Los Angeles,037,10098052,1208556,1203539,41387,1244926,24410
2021-06-06,Madera,039,155013,16682,16567,944,17511,240
2021-06-06,Marin,041,260295,14141,14106,263,14369,229
2021-06-06,Mariposa,043,17540,435,435,11,446,5
2021-06-06,Mendocino,045,87422,4077,3993,83,4076,47
2021-06-06,Merced,047,269075,31105,31215,1056,32271,459
2021-06-06,Modoc,049,8938,389,375,134,509,3
2021-06-06,Mono,051,14174,1263,1275,17,1292,3
2021-06-06,Monterey,053,433212,43220,43078,1874,44952,415
2021-06-06,Napa,055,140530,9947,9963,38,10001,80
2021-06-06,Nevada,057,99092,4875,4854,195,5049,72
2021-06-06,Orange,059,3164182,255739,254782,11469,266251,5073
2021-06-06,Placer,061,380077,23497,23156,1516,24672,293
2021-06-06,Plumas,063,18699,712,692,11,703,4
2021-06-06,Riverside,065,2383286,294645,289201,14113,303314,4451
2021-06-06,Sacramento,067,1510023,106985,106749,1792,108541,1655
2021-06-06,San Benito,069,59416,6064,6074,116,6190,63
2021-06-06,San Bernardino,071,2135413,293754,293117,9023,302140,4773
2021-06-06,San Diego,073,3302833,281645,280743,15085,295828,3764
2021-06-06,San Francisco,075,870044,36879,37118,1299,38417,552
2021-06-06,San Joaquin,077,732212,73510,73105,3594,76699,1388
2021-06-06,San Luis Obispo,079,281455,21460,21246,752,21998,255
2021-06-06,San Mateo,081,765935,42460,42457,479,42936,664
2021-06-06,Santa Barbara,083,443738,34508,34403,1141,35544,459
2021-06-06,Santa Clara,085,1922200,118937,119711,775,120486,2066
2021-06-06,Santa Cruz,087,273765,16266,16158,813,16971,208
2021-06-06,Shasta,089,179085,12440,12478,1609,14087,200
2021-06-06,Sierra,091,2930,57,55,12,67,0
2021-06-06,Siskiyou,093,43540,1951,1869,372,2241,21
2021-06-06,Solano,095,438530,33080,33093,562,33655,258
2021-06-06,Sonoma,097,501317,30380,30478,349,30827,323
2021-06-06,Stanislaus,099,539301,56616,56486,5989,62475,972
2021-06-06,Sutter,101,95872,9529,9567,88,9655,111
2021-06-06,Tehama,103,63373,5113,5092,583,5675,63
2021-06-06,Trinity,105,12862,486,328,96,424,3
2021-06-06,Tulare,107,460477,50325,49466,9095,58561,847
2021-06-06,Tuolumne,109,53932,4039,4097,42,4139,63
2021-06-06,Ventura,111,848112,81538,81130,3011,84141,1025
2021-06-06,Yolo,113,214977,14084,14089,329,14418,210
2021-06-06,Yuba,115,75493,6117,6096,130,6226,49
2021-06-05,Alameda,001,1643700,88547,88612,1984,90596,1268
2021-06-05,Alpine,003,1148,87,88,0,88,0
2021-06-05,Amador,005,37829,3708,3694,33,3727,46
2021-06-05,Butte,007,227075,12662,12514,1837,14351,194
2021-06-05,Calaveras,009,45235,2182,2181,13,2194,55
2021-06-05,Colusa,011,21464,1955,1959,316,2275,15
2021-06-05,Contra Costa,013,1133247,70083,69601,1304,70905,817
2021-06-05,Del Norte,015,27424,1429,1400,13,1413,8
2021-06-05,El Dorado,017,186661,10357,10288,761,11049,113
2021-06-05,Fresno,019,978130,102991,102626,8736,111362,1717
2021-06-05,Glenn,021,27897,2438,2423,563,2986,19
2021-06-05,Humboldt,023,135768,4354,4346,38,4384,42
2021-06-05,Imperial,025,180216,28676,28764,2755,31519,738
2021-06-05,Inyo,027,18085,1406,1405,13,1418,35
2021-06-05,Kern,029,883053,97566,96597,11040,107637,1324
2021-06-05,Kings,031,150075,23199,23017,1096,24113,244
2021-06-05,Lake,033,64148,3551,3534,9,3543,45
2021-06-05,Lassen,035,31185,5238,5191,116,5307,18
2021-06-05,Los Angeles,037,10098052,1208428,1203338,41376,1244714,24411
2021-06-05,Madera,039,155013,16678,16563,944,17507,240
2021-06-05,Marin,041,260295,14139,14101,263,14364,229
2021-06-05,Mariposa,043,17540,435,435,11,446,5
2021-06-05,Mendocino,045,87422,4074,3989,83,4072,47
2021-06-05,Merced,047,269075,31103,31212,1055,32267,459
2021-06-05,Modoc,049,8938,389,375,133,508,3
2021-06-05,Mono,051,14174,1263,1274,17,1291,3
2021-06-05,Monterey,053,433212,43216,43071,1873,44944,415
2021-06-05,Napa,055,140530,9942,9960,38,9998,80
2021-06-05,Nevada,057,99092,4873,4849,195,5044,72
2021-06-05,Orange,059,3164182,255715,254752,11466,266218,5069
2021-06-05,Placer,061,380077,23481,23133,1516,24649,293
2021-06-05,Plumas,063,18699,712,692,11,703,4
2021-06-05,Riverside,065,2383286,294610,289157,14109,303266,4451
2021-06-05,Sacramento,067,1510023,106933,106688,1790,108478,1655
2021-06-05,San Benito,069,59416,6062,6074,116,6190,63
2021-06-05,San Bernardino,071,2135413,293721,293081,9021,302102,4772
2021-06-05,San Diego,073,3302833,281604,280676,15072,295748,3764
2021-06-05,San Francisco,075,870044,36870,37111,1299,38410,552
2021-06-05,San Joaquin,077,732212,73494,73078,3588,76666,1388
2021-06-05,San Luis Obispo,079,281455,21457,21236,752,21988,255
2021-06-05,San Mateo,081,765935,42450,42433,479,42912,664
2021-06-05,Santa Barbara,083,443738,34505,34399,1140,35539,459
2021-06-05,Santa Clara,085,1922200,118915,119676,773,120449,2066
2021-06-05,Santa Cruz,087,273765,16266,16154,813,16967,208
2021-06-05,Shasta,089,179085,12430,12472,1608,14080,200
2021-06-05,Sierra,091,2930,57,55,12,67,0
2021-06-05,Siskiyou,093,43540,1951,1867,372,2239,21
2021-06-05,Solano,095,438530,33065,33074,562,33636,257
2021-06-05,Sonoma,097,501317,30353,30450,347,30797,323
2021-06-05,Stanislaus,099,539301,56608,56463,5987,62450,973
2021-06-05,Sutter,101,95872,9526,9559,88,9647,111
2021-06-05,Tehama,103,63373,5112,5092,582,5674,63
2021-06-05,Trinity,105,12862,486,328,96,424,3
2021-06-05,Tulare,107,460477,50319,49463,9095,58558,847
2021-06-05,Tuolumne,109,53932,4037,4098,42,4140,63
2021-06-05,Ventura,111,848112,81529,81119,3009,84128,1025
2021-06-05,Yolo,113,214977,14082,14088,329,14417,210
2021-06-05,Yuba,115,75493,6116,6087,130,6217,49
2021-06-04,Alameda,001,1643700,88520,88585,1981,90566,1263
2021-06-04,Alpine,003,1148,87,88,0,88,0
2021-06-04,Amador,005,37829,3708,3690,33,3723,46
2021-06-04,Butte,007,227075,12651,12494,1834,14328,193
2021-06-04,Calaveras,009,45235,2182,2179,13,2192,55
2021-06-04,Colusa,011,21464,1955,1959,316,2275,15
2021-06-04,Contra Costa,013,1133247,70048,69540,1301,70841,816
2021-06-04,Del Norte,015,27424,1429,1398,13,1411,8
2021-06-04,El Dorado,017,186661,10353,10284,759,11043,112
2021-06-04,Fresno,019,978130,102975,102601,8736,111337,1712
2021-06-04,Glenn,021,27897,2438,2423,562,2985,19
2021-06-04,Humboldt,023,135768,4349,4327,38,4365,42
2021-06-04,Imperial,025,180216,28672,28753,2755,31508,738
2021-06-04,Inyo,027,18085,1406,1404,13,1417,35
2021-06-04,Kern,029,883053,97548,96573,11038,107611,1327
2021-06-04,Kings,031,150075,23198,23002,1096,24098,244
2021-06-04,Lake,033,64148,3549,3528,9,3537,45
2021-06-04,Lassen,035,31185,5238,5180,116,5296,18
2021-06-04,Los Angeles,037,10098052,1208304,1203106,41367,1244473,24400
2021-06-04,Madera,039,155013,16676,16557,944,17501,240
2021-06-04,Marin,041,260295,14138,14099,262,14361,229
2021-06-04,Mariposa,043,17540,435,435,11,446,5
2021-06-04,Mendocino,045,87422,4065,3983,83,4066,47
2021-06-04,Merced,047,269075,31098,31204,1054,32258,459
2021-06-04,Modoc,049,8938,387,375,133,508,3
2021-06-04,Mono,051,14174,1263,1275,17,1292,3
2021-06-04,Monterey,053,433212,43212,43068,1873,44941,415
2021-06-04,Napa,055,140530,9938,9958,38,9996,80
2021-06-04,Nevada,057,99092,4869,4844,195,5039,72
2021-06-04,Orange,059,3164182,255678,254730,11462,266192,5059
2021-06-04,Placer,061,380077,23465,23110,1515,24625,293
2021-06-04,Plumas,063,18699,712,691,11,702,4
2021-06-04,Riverside,065,2383286,294584,289098,14105,303203,4452
2021-06-04,Sacramento,067,1510023,106879,106616,1789,108405,1654
2021-06-04,San Benito,069,59416,6060,6073,116,6189,63
2021-06-04,San Bernardino,071,2135413,293697,293056,9019,302075,4768
2021-06-04,San Diego,073,3302833,281561,280556,15065,295621,3763
2021-06-04,San Francisco,075,870044,36865,37079,1298,38377,551
2021-06-04,San Joaquin,077,732212,73475,73039,3586,76625,1388
2021-06-04,San Luis Obispo,079,281455,21454,21234,751,21985,255
2021-06-04,San Mateo,081,765935,42438,42413,479,42892,478
2021-06-04,Santa Barbara,083,443738,34499,34402,1139,35541,459
2021-06-04,Santa Clara,085,1922200,118885,119619,773,120392,2065
2021-06-04,Santa Cruz,087,273765,16263,16150,813,16963,207
2021-06-04,Shasta,089,179085,12424,12458,1603,14061,200
2021-06-04,Sierra,091,2930,57,55,12,67,0
2021-06-04,Siskiyou,093,43540,1950,1865,372,2237,21
2021-06-04,Solano,095,438530,33054,33058,562,33620,256
2021-06-04,Sonoma,097,501317,30332,30411,347,30758,323
2021-06-04,Stanislaus,099,539301,56593,56442,5985,62427,973
2021-06-04,Sutter,101,95872,9521,9554,88,9642,111
2021-06-04,Tehama,103,63373,5107,5090,582,5672,63
2021-06-04,Trinity,105,12862,486,328,96,424,3
2021-06-04,Tulare,107,460477,50310,49452,9093,58545,847
2021-06-04,Tuolumne,109,53932,4036,4095,42,4137,63
2021-06-04,Ventura,111,848112,81522,81104,3007,84111,1023
2021-06-04,Yolo,113,214977,14080,14083,329,14412,210
2021-06-04,Yuba,115,75493,6113,6084,130,6214,49
2021-06-03,Alameda,001,1643700,88482,88555,1978,90533,1257
2021-06-03,Alpine,003,1148,87,88,0,88,0
2021-06-03,Amador,005,37829,3700,3688,33,3721,46
2021-06-03,Butte,007,227075,12647,12478,1833,14311,193
2021-06-03,Calaveras,009,45235,2182,2179,13,2192,55
2021-06-03,Colusa,011,21464,1955,1957,316,2273,15
2021-06-03,Contra Costa,013,1133247,69994,69500,1296,70796,816
2021-06-03,Del Norte,015,27424,1427,1397,13,1410,8
2021-06-03,El Dorado,017,186661,10347,10284,756,11040,112
2021-06-03,Fresno,019,978130,102958,102566,8736,111302,1709
2021-06-03,Glenn,021,27897,2438,2421,562,2983,19
2021-06-03,Humboldt,023,135768,4341,4314,38,4352,42
2021-06-03,Imperial,025,180216,28661,28737,2755,31492,738
2021-06-03,Inyo,027,18085,1406,1404,13,1417,35
2021-06-03,Kern,029,883053,97521,96507,11024,107531,1326
2021-06-03,Kings,031,150075,23194,22982,1096,24078,244
2021-06-03,Lake,033,64148,3547,3526,9,3535,45
2021-06-03,Lassen,035,31185,5229,5177,116,5293,12
2021-06-03,Los Angeles,037,10098052,1208128,1202923,41359,1244282,24386
2021-06-03,Madera,039,155013,16669,16554,944,17498,240
2021-06-03,Marin,041,260295,14133,14095,262,14357,230
2021-06-03,Mariposa,043,17540,435,435,11,446,5
2021-06-03,Mendocino,045,87422,4058,3978,83,4061,47
2021-06-03,Merced,047,269075,31095,31199,1054,32253,459
2021-06-03,Modoc,049,8938,386,376,132,508,3
2021-06-03,Mono,051,14174,1263,1275,17,1292,3
2021-06-03,Monterey,053,433212,43209,43063,1873,44936,415
2021-06-03,Napa,055,140530,9931,9957,38,9995,81
2021-06-03,Nevada,057,99092,4865,4837,195,5032,72
2021-06-03,Orange,059,3164182,255650,254676,11452,266128,5056
2021-06-03,Placer,061,380077,23456,23100,1514,24614,293
2021-06-03,Plumas,063,18699,712,691,11,702,4
2021-06-03,Riverside,065,2383286,294529,289035,14101,303136,4447
2021-06-03,Sacramento,067,1510023,106800,106526,1787,108313,1654
2021-06-03,San Benito,069,59416,6060,6073,116,6189,63
2021-06-03,San Bernardino,071,2135413,293666,293021,9019,302040,4762
2021-06-03,San Diego,073,3302833,281497,280430,15055,295485,3761
2021-06-03,San Francisco,075,870044,36859,37072,1298,38370,551
2021-06-03,San Joaquin,077,732212,73447,72989,3582,76571,1388
2021-06-03,San Luis Obispo,079,281455,21449,21224,751,21975,255
2021-06-03,San Mateo,081,765935,42425,42396,479,42875,467
2021-06-03,Santa Barbara,083,443738,34496,34391,1139,35530,459
2021-06-03,Santa Clara,085,1922200,118863,119592,771,120363,2058
2021-06-03,Santa Cruz,087,273765,16261,16144,813,16957,207
2021-06-03,Shasta,089,179085,12409,12441,1600,14041,199
2021-06-03,Sierra,091,2930,57,55,12,67,0
2021-06-03,Siskiyou,093,43540,1950,1862,371,2233,21
2021-06-03,Solano,095,438530,33040,33019,562,33581,256
2021-06-03,Sonoma,097,501317,30310,30383,346,30729,322
2021-06-03,Stanislaus,099,539301,56574,56401,5979,62380,973
2021-06-03,Sutter,101,95872,9512,9539,88,9627,111
2021-06-03,Tehama,103,63373,5107,5087,582,5669,63
2021-06-03,Trinity,105,12862,486,328,96,424,3
2021-06-03,Tulare,107,460477,50307,49442,9089,58531,848
2021-06-03,Tuolumne,109,53932,4034,4095,42,4137,63
2021-06-03,Ventura,111,848112,81510,81078,3005,84083,1023
2021-06-03,Yolo,113,214977,14076,14078,326,14404,210
2021-06-03,Yuba,115,75493,6106,6077,130,6207,49
2021-06-02,Alameda,001,1643700,88437,88525,1976,90501,1254
2021-06-02,Alpine,003,1148,87,88,0,88,0
2021-06-02,Amador,005,37829,3698,3687,33,3720,46
2021-06-02,Butte,007,227075,12627,12432,1830,14262,193
2021-06-02,Calaveras,009,45235,2179,2174,13,2187,55
2021-06-02,Colusa,011,21464,1954,1957,316,2273,15
2021-06-02,Contra Costa,013,1133247,69943,69455,1294,70749,814
2021-06-02,Del Norte,015,27424,1425,1395,13,1408,8
2021-06-02,El Dorado,017,186661,10343,10275,756,11031,110
2021-06-02,Fresno,019,978130,102934,102547,8733,111280,1707
2021-06-02,Glenn,021,27897,2438,2421,562,2983,19
2021-06-02,Humboldt,023,135768,4326,4302,38,4340,42
2021-06-02,Imperial,025,180216,28655,28737,2754,31491,738
2021-06-02,Inyo,027,18085,1405,1403,13,1416,35
2021-06-02,Kern,029,883053,97494,96481,11017,107498,1326
2021-06-02,Kings,031,150075,23192,22981,1095,24076,244
2021-06-02,Lake,033,64148,3542,3522,9,3531,45
2021-06-02,Lassen,035,31185,5228,5177,116,5293,6
2021-06-02,Los Angeles,037,10098052,1207924,1202760,41350,1244110,24375
2021-06-02,Madera,039,155013,16661,16550,944,17494,240
2021-06-02,Marin,041,260295,14131,14091,261,14352,229
2021-06-02,Mariposa,043,17540,435,434,11,445,5
2021-06-02,Mendocino,045,87422,4052,3970,83,4053,47
2021-06-02,Merced,047,269075,31082,31195,1053,32248,458
2021-06-02,Modoc,049,8938,385,375,131,506,3
2021-06-02,Mono,051,14174,1263,1275,17,1292,3
2021-06-02,Monterey,053,433212,43207,43056,1873,44929,380
2021-06-02,Napa,055,140530,9930,9953,38,9991,82
2021-06-02,Nevada,057,99092,4862,4833,195,5028,72
2021-06-02,Orange,059,3164182,255601,254637,11445,266082,5055
2021-06-02,Placer,061,380077,23435,23058,1512,24570,293
2021-06-02,Plumas,063,18699,712,690,11,701,4
2021-06-02,Riverside,065,2383286,294471,289012,14091,303103,4445
2021-06-02,Sacramento,067,1510023,106735,106435,1781,108216,1649
2021-06-02,San Benito,069,59416,6059,6073,116,6189,63
2021-06-02,San Bernardino,071,2135413,293618,293004,9014,302018,4760
2021-06-02,San Diego,073,3302833,281417,280347,15034,295381,3760
2021-06-02,San Francisco,075,870044,36839,37050,1297,38347,550
2021-06-02,San Joaquin,077,732212,73416,72893,3579,76472,1387
2021-06-02,San Luis Obispo,079,281455,21442,21214,750,21964,255
2021-06-02,San Mateo,081,765935,42415,42383,478,42861,464
2021-06-02,Santa Barbara,083,443738,34489,34381,1139,35520,456
2021-06-02,Santa Clara,085,1922200,118835,119553,770,120323,2058
2021-06-02,Santa Cruz,087,273765,16258,16144,813,16957,207
2021-06-02,Shasta,089,179085,12391,12426,1595,14021,199
2021-06-02,Sierra,091,2930,57,55,12,67,0
2021-06-02,Siskiyou,093,43540,1950,1861,369,2230,21
2021-06-02,Solano,095,438530,33028,33007,561,33568,256
2021-06-02,Sonoma,097,501317,30291,30359,341,30700,322
2021-06-02,Stanislaus,099,539301,56556,56377,5974,62351,973
2021-06-02,Sutter,101,95872,9509,9533,88,9621,111
2021-06-02,Tehama,103,63373,5104,5081,582,5663,63
2021-06-02,Trinity,105,12862,484,328,96,424,3
2021-06-02,Tulare,107,460477,50299,49434,9085,58519,846
2021-06-02,Tuolumne,109,53932,4033,4095,42,4137,63
2021-06-02,Ventura,111,848112,81485,81033,3005,84038,1020
2021-06-02,Yolo,113,214977,14073,14074,325,14399,210
2021-06-02,Yuba,115,75493,6100,6072,130,6202,48
2021-06-01,Alameda,001,1643700,88402,88472,1974,90446,1253
2021-06-01,Alpine,003,1148,87,88,0,88,0
2021-06-01,Amador,005,37829,3696,3687,33,3720,46
2021-06-01,Butte,007,227075,12613,12427,1829,14256,193
2021-06-01,Calaveras,009,45235,2177,2173,13,2186,55
2021-06-01,Colusa,011,21464,1953,1955,315,2270,15
2021-06-01,Contra Costa,013,1133247,69885,69404,1294,70698,813
2021-06-01,Del Norte,015,27424,1424,1394,13,1407,8
2021-06-01,El Dorado,017,186661,10337,10271,756,11027,110
2021-06-01,Fresno,019,978130,102910,102534,8730,111264,1706
2021-06-01,Glenn,021,27897,2438,2422,562,2984,18
2021-06-01,Humboldt,023,135768,4316,4299,38,4337,42
2021-06-01,Imperial,025,180216,28651,28722,2752,31474,736
2021-06-01,Inyo,027,18085,1405,1403,13,1416,35
2021-06-01,Kern,029,883053,97467,96477,11009,107486,1319
2021-06-01,Kings,031,150075,23188,22977,1095,24072,244
2021-06-01,Lake,033,64148,3541,3523,9,3532,45
2021-06-01,Lassen,035,31185,5221,5172,116,5288,6
2021-06-01,Los Angeles,037,10098052,1207689,1202673,41337,1244010,24367
2021-06-01,Madera,039,155013,16652,16549,943,17492,240
2021-06-01,Marin,041,260295,14129,14081,261,14342,229
2021-06-01,Mariposa,043,17540,435,431,11,442,5
2021-06-01,Mendocino,045,87422,4045,3966,83,4049,47
2021-06-01,Merced,047,269075,31072,31195,1053,32248,456
2021-06-01,Modoc,049,8938,383,375,131,506,3
2021-06-01,Mono,051,14174,1263,1275,17,1292,3
2021-06-01,Monterey,053,433212,43201,43051,1873,44924,379
2021-06-01,Napa,055,140530,9928,9949,38,9987,82
2021-06-01,Nevada,057,99092,4857,4825,194,5019,72
2021-06-01,Orange,059,3164182,255565,254603,11437,266040,5051
2021-06-01,Placer,061,380077,23405,23021,1510,24531,293
2021-06-01,Plumas,063,18699,711,690,11,701,4
2021-06-01,Riverside,065,2383286,294418,288996,14085,303081,4442
2021-06-01,Sacramento,067,1510023,106663,106330,1779,108109,1644
2021-06-01,San Benito,069,59416,6058,6073,115,6188,63
2021-06-01,San Bernardino,071,2135413,293593,292990,9013,302003,4758
2021-06-01,San Diego,073,3302833,281313,280305,15017,295322,3756
2021-06-01,San Francisco,075,870044,36823,37031,1297,38328,550
2021-06-01,San Joaquin,077,732212,73384,72858,3578,76436,1383
2021-06-01,San Luis Obispo,079,281455,21437,21217,750,21967,256
2021-06-01,San Mateo,081,765935,42399,42383,477,42860,462
2021-06-01,Santa Barbara,083,443738,34485,34374,1139,35513,456
2021-06-01,Santa Clara,085,1922200,118807,119528,770,120298,2057
2021-06-01,Santa Cruz,087,273765,16254,16143,812,16955,207
2021-06-01,Shasta,089,179085,12382,12409,1590,13999,199
2021-06-01,Sierra,091,2930,57,55,12,67,0
2021-06-01,Siskiyou,093,43540,1943,1860,368,2228,21
2021-06-01,Solano,095,438530,33003,32974,560,33534,256
2021-06-01,Sonoma,097,501317,30252,30324,340,30664,322
2021-06-01,Stanislaus,099,539301,56540,56348,5972,62320,973
2021-06-01,Sutter,101,95872,9502,9528,88,9616,111
2021-06-01,Tehama,103,63373,5102,5079,582,5661,63
2021-06-01,Trinity,105,12862,483,328,95,423,3
2021-06-01,Tulare,107,460477,50291,49419,9081,58500,845
2021-06-01,Tuolumne,109,53932,4033,4094,42,4136,63
2021-06-01,Ventura,111,848112,81469,81018,3004,84022,1021
2021-06-01,Yolo,113,214977,14067,14067,325,14392,210
2021-06-01,Yuba,115,75493,6096,6067,130,6197,48
2021-05-31,Alameda,001,1643700,88366,88458,1970,90428,1253
2021-05-31,Alpine,003,1148,87,88,0,88,0
2021-05-31,Amador,005,37829,3690,3687,33,3720,46
2021-05-31,Butte,007,227075,12600,12429,1829,14258,193
2021-05-31,Calaveras,009,45235,2176,2171,13,2184,55
2021-05-31,Colusa,011,21464,1953,1956,314,2270,15
2021-05-31,Contra Costa,013,1133247,69848,69390,1292,70682,813
2021-05-31,Del Norte,015,27424,1421,1394,13,1407,8
2021-05-31,El Dorado,017,186661,10331,10271,754,11025,110
2021-05-31,Fresno,019,978130,102873,102507,8730,111237,1706
2021-05-31,Glenn,021,27897,2437,2422,561,2983,18
2021-05-31,Humboldt,023,135768,4304,4295,38,4333,42
2021-05-31,Imperial,025,180216,28645,28732,2749,31481,736
2021-05-31,Inyo,027,18085,1404,1403,13,1416,35
2021-05-31,Kern,029,883053,97431,96457,11000,107457,1319
2021-05-31,Kings,031,150075,23184,22977,1095,24072,244
2021-05-31,Lake,033,64148,3536,3523,9,3532,45
2021-05-31,Lassen,035,31185,5219,5172,115,5287,6
2021-05-31,Los Angeles,037,10098052,1207444,1202567,41329,1243896,24364
2021-05-31,Madera,039,155013,16651,16543,942,17485,240
2021-05-31,Marin,041,260295,14127,14080,261,14341,229
2021-05-31,Mariposa,043,17540,435,430,11,441,5
2021-05-31,Mendocino,045,87422,4035,3961,83,4044,47
2021-05-31,Merced,047,269075,31067,31194,1053,32247,456
2021-05-31,Modoc,049,8938,382,374,131,505,3
2021-05-31,Mono,051,14174,1263,1275,17,1292,3
2021-05-31,Monterey,053,433212,43197,43051,1873,44924,379
2021-05-31,Napa,055,140530,9921,9948,38,9986,82
2021-05-31,Nevada,057,99092,4847,4823,193,5016,72
2021-05-31,Orange,059,3164182,255537,254572,11429,266001,5051
2021-05-31,Placer,061,380077,23378,23019,1506,24525,293
2021-05-31,Plumas,063,18699,710,690,11,701,4
2021-05-31,Riverside,065,2383286,294361,288970,14073,303043,4442
2021-05-31,Sacramento,067,1510023,106566,106278,1773,108051,1644
2021-05-31,San Benito,069,59416,6058,6072,115,6187,63
2021-05-31,San Bernardino,071,2135413,293545,292973,9012,301985,4758
2021-05-31,San Diego,073,3302833,281209,280254,15005,295259,3756
2021-05-31,San Francisco,075,870044,36808,37022,1296,38318,550
2021-05-31,San Joaquin,077,732212,73335,72856,3572,76428,1383
2021-05-31,San Luis Obispo,079,281455,21429,21215,750,21965,256
2021-05-31,San Mateo,081,765935,42383,42389,477,42866,442
2021-05-31,Santa Barbara,083,443738,34472,34369,1137,35506,456
2021-05-31,Santa Clara,085,1922200,118763,119515,770,120285,2057
2021-05-31,Santa Cruz,087,273765,16251,16139,812,16951,207
2021-05-31,Shasta,089,179085,12366,12408,1587,13995,199
2021-05-31,Sierra,091,2930,57,55,12,67,0
2021-05-31,Siskiyou,093,43540,1942,1856,367,2223,21
2021-05-31,Solano,095,438530,32953,32973,560,33533,256
2021-05-31,Sonoma,097,501317,30209,30314,340,30654,322
2021-05-31,Stanislaus,099,539301,56499,56335,5969,62304,973
2021-05-31,Sutter,101,95872,9483,9523,88,9611,111
2021-05-31,Tehama,103,63373,5099,5076,581,5657,63
2021-05-31,Trinity,105,12862,483,328,95,423,3
2021-05-31,Tulare,107,460477,50280,49404,9076,58480,845
2021-05-31,Tuolumne,109,53932,4031,4095,42,4137,63
2021-05-31,Ventura,111,848112,81454,81017,3001,84018,1021
2021-05-31,Yolo,113,214977,14063,14064,325,14389,210
2021-05-31,Yuba,115,75493,6090,6063,127,6190,48
2021-05-30,Alameda,001,1643700,88343,88429,1970,90399,1253
2021-05-30,Alpine,003,1148,87,88,0,88,0
2021-05-30,Amador,005,37829,3686,3685,33,3718,46
2021-05-30,Butte,007,227075,12590,12427,1827,14254,190
2021-05-30,Calaveras,009,45235,2172,2166,13,2179,55
2021-05-30,Colusa,011,21464,1953,1954,314,2268,15
2021-05-30,Contra Costa,013,1133247,69814,69381,1290,70671,813
2021-05-30,Del Norte,015,27424,1420,1393,13,1406,8
2021-05-30,El Dorado,017,186661,10328,10271,754,11025,110
2021-05-30,Fresno,019,978130,102856,102499,8726,111225,1706
2021-05-30,Glenn,021,27897,2437,2422,560,2982,18
2021-05-30,Humboldt,023,135768,4296,4291,38,4329,42
2021-05-30,Imperial,025,180216,28641,28732,2748,31480,736
2021-05-30,Inyo,027,18085,1404,1403,13,1416,35
2021-05-30,Kern,029,883053,97415,96443,10997,107440,1319
2021-05-30,Kings,031,150075,23183,22974,1094,24068,244
2021-05-30,Lake,033,64148,3536,3517,9,3526,45
2021-05-30,Lassen,035,31185,5217,5171,115,5286,6
2021-05-30,Los Angeles,037,10098052,1207332,1202425,41322,1243747,24360
2021-05-30,Madera,039,155013,16647,16538,942,17480,240
2021-05-30,Marin,041,260295,14123,14083,260,14343,229
2021-05-30,Mariposa,043,17540,435,430,11,441,5
2021-05-30,Mendocino,045,87422,4028,3955,83,4038,47
2021-05-30,Merced,047,269075,31063,31189,1052,32241,456
2021-05-30,Modoc,049,8938,382,374,131,505,3
2021-05-30,Mono,051,14174,1263,1275,17,1292,3
2021-05-30,Monterey,053,433212,43194,43049,1873,44922,379
2021-05-30,Napa,055,140530,9920,9948,38,9986,82
2021-05-30,Nevada,057,99092,4841,4818,193,5011,72
2021-05-30,Orange,059,3164182,255514,254559,11428,265987,5051
2021-05-30,Placer,061,380077,23372,23016,1506,24522,293
2021-05-30,Plumas,063,18699,708,690,11,701,4
2021-05-30,Riverside,065,2383286,294340,288961,14071,303032,4442
2021-05-30,Sacramento,067,1510023,106520,106252,1771,108023,1644
2021-05-30,San Benito,069,59416,6058,6072,115,6187,63
2021-05-30,San Bernardino,071,2135413,293519,292981,9011,301992,4758
2021-05-30,San Diego,073,3302833,281153,280209,15000,295209,3756
2021-05-30,San Francisco,075,870044,36789,37016,1296,38312,550
2021-05-30,San Joaquin,077,732212,73318,72853,3571,76424,1383
2021-05-30,San Luis Obispo,079,281455,21420,21211,749,21960,256
2021-05-30,San Mateo,081,765935,42375,42386,477,42863,439
2021-05-30,Santa Barbara,083,443738,34468,34369,1137,35506,456
2021-05-30,Santa Clara,085,1922200,118741,119510,766,120276,2057
2021-05-30,Santa Cruz,087,273765,16249,16140,812,16952,207
2021-05-30,Shasta,089,179085,12364,12408,1584,13992,199
2021-05-30,Sierra,091,2930,57,55,12,67,0
2021-05-30,Siskiyou,093,43540,1942,1856,367,2223,21
2021-05-30,Solano,095,438530,32942,32952,559,33511,256
2021-05-30,Sonoma,097,501317,30192,30310,339,30649,322
2021-05-30,Stanislaus,099,539301,56488,56323,5968,62291,973
2021-05-30,Sutter,101,95872,9482,9519,87,9606,111
2021-05-30,Tehama,103,63373,5099,5073,581,5654,63
2021-05-30,Trinity,105,12862,483,328,95,423,3
2021-05-30,Tulare,107,460477,50273,49397,9068,58465,845
2021-05-30,Tuolumne,109,53932,4031,4094,42,4136,63
2021-05-30,Ventura,111,848112,81450,81012,3000,84012,1021
2021-05-30,Yolo,113,214977,14058,14059,324,14383,210
2021-05-30,Yuba,115,75493,6083,6063,126,6189,48
2021-05-29,Alameda,001,1643700,88320,88433,1968,90401,1253
2021-05-29,Alpine,003,1148,87,88,0,88,0
2021-05-29,Amador,005,37829,3685,3683,33,3716,46
2021-05-29,Butte,007,227075,12584,12425,1827,14252,190
2021-05-29,Calaveras,009,45235,2171,2166,13,2179,55
2021-05-29,Colusa,011,21464,1950,1954,314,2268,15
2021-05-29,Contra Costa,013,1133247,69781,69351,1290,70641,813
2021-05-29,Del Norte,015,27424,1420,1391,13,1404,8
2021-05-29,El Dorado,017,186661,10327,10269,752,11021,110
2021-05-29,Fresno,019,978130,102844,102470,8723,111193,1706
2021-05-29,Glenn,021,27897,2437,2422,559,2981,18
2021-05-29,Humboldt,023,135768,4290,4283,38,4321,42
2021-05-29,Imperial,025,180216,28638,28729,2747,31476,736
2021-05-29,Inyo,027,18085,1404,1404,13,1417,35
2021-05-29,Kern,029,883053,97404,96424,10984,107408,1319
2021-05-29,Kings,031,150075,23182,22970,1093,24063,244
2021-05-29,Lake,033,64148,3536,3515,9,3524,45
2021-05-29,Lassen,035,31185,5217,5171,115,5286,6
2021-05-29,Los Angeles,037,10098052,1207208,1202264,41318,1243582,24359
2021-05-29,Madera,039,155013,16645,16535,942,17477,240
2021-05-29,Marin,041,260295,14119,14071,259,14330,229
2021-05-29,Mariposa,043,17540,434,428,11,439,5
2021-05-29,Mendocino,045,87422,4022,3952,83,4035,47
2021-05-29,Merced,047,269075,31051,31187,1052,32239,456
2021-05-29,Modoc,049,8938,382,374,131,505,3
2021-05-29,Mono,051,14174,1263,1275,17,1292,3
2021-05-29,Monterey,053,433212,43192,43042,1873,44915,379
2021-05-29,Napa,055,140530,9917,9948,38,9986,82
2021-05-29,Nevada,057,99092,4840,4816,193,5009,72
2021-05-29,Orange,059,3164182,255492,254537,11418,265955,5049
2021-05-29,Placer,061,380077,23357,23009,1505,24514,293
2021-05-29,Plumas,063,18699,708,689,11,700,4
2021-05-29,Riverside,065,2383286,294320,288908,14070,302978,4442
2021-05-29,Sacramento,067,1510023,106490,106218,1770,107988,1643
2021-05-29,San Benito,069,59416,6057,6072,115,6187,63
2021-05-29,San Bernardino,071,2135413,293487,292961,9010,301971,4757
2021-05-29,San Diego,073,3302833,281094,280151,14995,295146,3756
2021-05-29,San Francisco,075,870044,36780,37008,1296,38304,550
2021-05-29,San Joaquin,077,732212,73302,72827,3569,76396,1383
2021-05-29,San Luis Obispo,079,281455,21418,21201,749,21950,256
2021-05-29,San Mateo,081,765935,42367,42375,476,42851,439
2021-05-29,Santa Barbara,083,443738,34464,34367,1137,35504,456
2021-05-29,Santa Clara,085,1922200,118717,119498,765,120263,2056
2021-05-29,Santa Cruz,087,273765,16248,16137,812,16949,207
2021-05-29,Shasta,089,179085,12356,12401,1583,13984,199
2021-05-29,Sierra,091,2930,57,55,12,67,0
2021-05-29,Siskiyou,093,43540,1937,1856,367,2223,21
2021-05-29,Solano,095,438530,32933,32917,559,33476,256
2021-05-29,Sonoma,097,501317,30169,30298,338,30636,322
2021-05-29,Stanislaus,099,539301,56470,56305,5966,62271,974
2021-05-29,Sutter,101,95872,9478,9516,87,9603,111
2021-05-29,Tehama,103,63373,5098,5070,581,5651,63
2021-05-29,Trinity,105,12862,483,328,95,423,3
2021-05-29,Tulare,107,460477,50263,49392,9064,58456,845
2021-05-29,Tuolumne,109,53932,4031,4093,42,4135,63
2021-05-29,Ventura,111,848112,81442,81008,3000,84008,1021
2021-05-29,Yolo,113,214977,14057,14055,324,14379,210
2021-05-29,Yuba,115,75493,6083,6059,126,6185,48
2021-05-28,Alameda,001,1643700,88296,88391,1964,90355,1261
2021-05-28,Alpine,003,1148,87,88,0,88,0
2021-05-28,Amador,005,37829,3685,3680,33,3713,46
2021-05-28,Butte,007,227075,12581,12407,1826,14233,190
2021-05-28,Calaveras,009,45235,2170,2165,13,2178,55
2021-05-28,Colusa,011,21464,1950,1954,312,2266,15
2021-05-28,Contra Costa,013,1133247,69745,69290,1289,70579,813
2021-05-28,Del Norte,015,27424,1419,1390,13,1403,8
2021-05-28,El Dorado,017,186661,10324,10265,752,11017,110
2021-05-28,Fresno,019,978130,102829,102437,8723,111160,1705
2021-05-28,Glenn,021,27897,2437,2419,559,2978,18
2021-05-28,Humboldt,023,135768,4283,4265,38,4303,42
2021-05-28,Imperial,025,180216,28635,28722,2747,31469,736
2021-05-28,Inyo,027,18085,1404,1404,13,1417,35
2021-05-28,Kern,029,883053,97387,96396,10976,107372,1320
2021-05-28,Kings,031,150075,23180,22962,1093,24055,244
2021-05-28,Lake,033,64148,3534,3515,9,3524,45
2021-05-28,Lassen,035,31185,5217,5169,115,5284,6
2021-05-28,Los Angeles,037,10098052,1207097,1202103,41308,1243411,24357
2021-05-28,Madera,039,155013,16643,16530,942,17472,240
2021-05-28,Marin,041,260295,14118,14063,258,14321,229
2021-05-28,Mariposa,043,17540,434,428,11,439,5
2021-05-28,Mendocino,045,87422,4017,3947,83,4030,47
2021-05-28,Merced,047,269075,31048,31176,1052,32228,455
2021-05-28,Modoc,049,8938,382,374,131,505,3
2021-05-28,Mono,051,14174,1263,1274,17,1291,3
2021-05-28,Monterey,053,433212,43191,43036,1873,44909,379
2021-05-28,Napa,055,140530,9917,9941,38,9979,82
2021-05-28,Nevada,057,99092,4838,4813,193,5006,71
2021-05-28,Orange,059,3164182,255472,254494,11416,265910,5047
2021-05-28,Placer,061,380077,23347,22987,1503,24490,293
2021-05-28,Plumas,063,18699,706,688,11,699,4
2021-05-28,Riverside,065,2383286,294298,288872,14068,302940,4442
2021-05-28,Sacramento,067,1510023,106434,106131,1768,107899,1642
2021-05-28,San Benito,069,59416,6057,6074,115,6189,63
2021-05-28,San Bernardino,071,2135413,293464,292905,9010,301915,4757
2021-05-28,San Diego,073,3302833,281031,280043,14984,295027,3756
2021-05-28,San Francisco,075,870044,36774,36987,1296,38283,546
2021-05-28,San Joaquin,077,732212,73272,72793,3567,76360,1383
2021-05-28,San Luis Obispo,079,281455,21413,21190,747,21937,256
2021-05-28,San Mateo,081,765935,42361,42364,476,42840,439
2021-05-28,Santa Barbara,083,443738,34463,34371,1137,35508,455
2021-05-28,Santa Clara,085,1922200,118693,119462,765,120227,2056
2021-05-28,Santa Cruz,087,273765,16247,16129,812,16941,207
2021-05-28,Shasta,089,179085,12347,12383,1581,13964,198
2021-05-28,Sierra,091,2930,57,54,12,66,0
2021-05-28,Siskiyou,093,43540,1935,1850,367,2217,19
2021-05-28,Solano,095,438530,32918,32892,559,33451,256
2021-05-28,Sonoma,097,501317,30150,30270,338,30608,321
2021-05-28,Stanislaus,099,539301,56452,56278,5963,62241,974
2021-05-28,Sutter,101,95872,9474,9511,87,9598,111
2021-05-28,Tehama,103,63373,5092,5064,581,5645,63
2021-05-28,Trinity,105,12862,483,328,95,423,3
2021-05-28,Tulare,107,460477,50258,49375,9055,58430,846
2021-05-28,Tuolumne,109,53932,4031,4090,42,4132,63
2021-05-28,Ventura,111,848112,81431,80985,2999,83984,1021
2021-05-28,Yolo,113,214977,14054,14050,323,14373,210
2021-05-28,Yuba,115,75493,6081,6050,125,6175,48
2021-05-27,Alameda,001,1643700,88261,88342,1963,90305,1274
2021-05-27,Alpine,003,1148,87,88,0,88,0
2021-05-27,Amador,005,37829,3682,3680,33,3713,46
2021-05-27,Butte,007,227075,12576,12401,1825,14226,190
2021-05-27,Calaveras,009,45235,2169,2163,13,2176,55
2021-05-27,Colusa,011,21464,1947,1952,312,2264,15
2021-05-27,Contra Costa,013,1133247,69703,69245,1287,70532,813
2021-05-27,Del Norte,015,27424,1419,1388,13,1401,8
2021-05-27,El Dorado,017,186661,10323,10248,752,11000,112
2021-05-27,Fresno,019,978130,102813,102413,8720,111133,1704
2021-05-27,Glenn,021,27897,2437,2415,559,2974,18
2021-05-27,Humboldt,023,135768,4275,4260,38,4298,42
2021-05-27,Imperial,025,180216,28624,28728,2747,31475,736
2021-05-27,Inyo,027,18085,1404,1404,13,1417,35
2021-05-27,Kern,029,883053,97371,96364,10968,107332,1322
2021-05-27,Kings,031,150075,23177,22953,1093,24046,245
2021-05-27,Lake,033,64148,3529,3509,9,3518,45
2021-05-27,Lassen,035,31185,5216,5170,114,5284,6
2021-05-27,Los Angeles,037,10098052,1206932,1201927,41293,1243220,24348
2021-05-27,Madera,039,155013,16634,16527,942,17469,240
2021-05-27,Marin,041,260295,14114,14061,258,14319,229
2021-05-27,Mariposa,043,17540,432,427,11,438,5
2021-05-27,Mendocino,045,87422,4011,3945,83,4028,47
2021-05-27,Merced,047,269075,31036,31161,1052,32213,455
2021-05-27,Modoc,049,8938,381,374,131,505,3
2021-05-27,Mono,051,14174,1263,1276,17,1293,3
2021-05-27,Monterey,053,433212,43185,43032,1873,44905,379
2021-05-27,Napa,055,140530,9916,9934,38,9972,82
2021-05-27,Nevada,057,99092,4834,4807,191,4998,71
2021-05-27,Orange,059,3164182,255435,254438,11412,265850,5059
2021-05-27,Placer,061,380077,23338,22966,1503,24469,293
2021-05-27,Plumas,063,18699,706,687,11,698,4
2021-05-27,Riverside,065,2383286,294262,288835,14063,302898,4443
2021-05-27,Sacramento,067,1510023,106359,106015,1766,107781,1642
2021-05-27,San Benito,069,59416,6056,6074,115,6189,63
2021-05-27,San Bernardino,071,2135413,293428,292755,9008,301763,4756
2021-05-27,San Diego,073,3302833,280957,279960,14970,294930,3756
2021-05-27,San Francisco,075,870044,36768,36980,1293,38273,546
2021-05-27,San Joaquin,077,732212,73240,72714,3563,76277,1388
2021-05-27,San Luis Obispo,079,281455,21408,21171,747,21918,256
2021-05-27,San Mateo,081,765935,42352,42345,476,42821,436
2021-05-27,Santa Barbara,083,443738,34458,34355,1137,35492,456
2021-05-27,Santa Clara,085,1922200,118672,119452,765,120217,2053
2021-05-27,Santa Cruz,087,273765,16245,16134,812,16946,207
2021-05-27,Shasta,089,179085,12337,12380,1581,13961,202
2021-05-27,Sierra,091,2930,57,54,12,66,0
2021-05-27,Siskiyou,093,43540,1932,1846,367,2213,18
2021-05-27,Solano,095,438530,32877,32855,558,33413,257
2021-05-27,Sonoma,097,501317,30123,30253,334,30587,321
2021-05-27,Stanislaus,099,539301,56427,56207,5962,62169,974
2021-05-27,Sutter,101,95872,9470,9501,87,9588,111
2021-05-27,Tehama,103,63373,5089,5064,580,5644,63
2021-05-27,Trinity,105,12862,483,328,95,423,3
2021-05-27,Tulare,107,460477,50244,49366,9046,58412,840
2021-05-27,Tuolumne,109,53932,4030,4090,42,4132,66
2021-05-27,Ventura,111,848112,81418,80965,2996,83961,1023
2021-05-27,Yolo,113,214977,14051,14036,323,14359,213
2021-05-27,Yuba,115,75493,6076,6040,124,6164,48
2021-05-26,Alameda,001,1643700,88232,88297,1963,90260,1266
2021-05-26,Alpine,003,1148,87,88,0,88,0
2021-05-26,Amador,005,37829,3682,3679,33,3712,46
2021-05-26,Butte,007,227075,12567,12332,1824,14156,190
2021-05-26,Calaveras,009,45235,2168,2154,13,2167,55
2021-05-26,Colusa,011,21464,1946,1952,312,2264,15
2021-05-26,Contra Costa,013,1133247,69666,69210,1287,70497,812
2021-05-26,Del Norte,015,27424,1419,1386,12,1398,8
2021-05-26,El Dorado,017,186661,10319,10242,751,10993,112
2021-05-26,Fresno,019,978130,102780,102374,8715,111089,1702
2021-05-26,Glenn,021,27897,2436,2415,559,2974,18
2021-05-26,Humboldt,023,135768,4270,4246,38,4284,42
2021-05-26,Imperial,025,180216,28619,28712,2745,31457,734
2021-05-26,Inyo,027,18085,1404,1403,13,1416,36
2021-05-26,Kern,029,883053,97346,96343,10961,107304,1320
2021-05-26,Kings,031,150075,23173,22950,1092,24042,245
2021-05-26,Lake,033,64148,3528,3508,9,3517,45
2021-05-26,Lassen,035,31185,5215,5164,114,5278,6
2021-05-26,Los Angeles,037,10098052,1206765,1198100,41277,1239377,24221
2021-05-26,Madera,039,155013,16631,16520,942,17462,240
2021-05-26,Marin,041,260295,14111,14061,257,14318,227
2021-05-26,Mariposa,043,17540,432,427,11,438,5
2021-05-26,Mendocino,045,87422,4005,3938,83,4021,47
2021-05-26,Merced,047,269075,31027,31139,1052,32191,455
2021-05-26,Modoc,049,8938,381,371,130,501,3
2021-05-26,Mono,051,14174,1263,1274,17,1291,3
2021-05-26,Monterey,053,433212,43179,43018,1872,44890,379
2021-05-26,Napa,055,140530,9909,9932,36,9968,82
2021-05-26,Nevada,057,99092,4829,4803,191,4994,70
2021-05-26,Orange,059,3164182,255399,254368,11409,265777,5058
2021-05-26,Placer,061,380077,23314,22940,1503,24443,293
2021-05-26,Plumas,063,18699,705,685,11,696,4
2021-05-26,Riverside,065,2383286,294216,288782,14056,302838,4443
2021-05-26,Sacramento,067,1510023,106273,105919,1762,107681,1637
2021-05-26,San Benito,069,59416,6056,6074,115,6189,63
2021-05-26,San Bernardino,071,2135413,293393,292662,9007,301669,4755
2021-05-26,San Diego,073,3302833,280882,279859,14960,294819,3755
2021-05-26,San Francisco,075,870044,36756,36954,1293,38247,546
2021-05-26,San Joaquin,077,732212,73198,72681,3560,76241,1388
2021-05-26,San Luis Obispo,079,281455,21402,21163,747,21910,256
2021-05-26,San Mateo,081,765935,42344,42331,476,42807,436
2021-05-26,Santa Barbara,083,443738,34449,34348,1137,35485,459
2021-05-26,Santa Clara,085,1922200,118645,119421,764,120185,2031
2021-05-26,Santa Cruz,087,273765,16244,16139,812,16951,207
2021-05-26,Shasta,089,179085,12322,12357,1578,13935,202
2021-05-26,Sierra,091,2930,57,54,12,66,0
2021-05-26,Siskiyou,093,43540,1930,1847,365,2212,18
2021-05-26,Solano,095,438530,32841,32831,558,33389,257
2021-05-26,Sonoma,097,501317,30096,30230,334,30564,321
2021-05-26,Stanislaus,099,539301,56405,56193,5960,62153,974
2021-05-26,Sutter,101,95872,9465,9495,87,9582,112
2021-05-26,Tehama,103,63373,5088,5054,577,5631,63
2021-05-26,Trinity,105,12862,483,328,95,423,3
2021-05-26,Tulare,107,460477,50237,49352,9042,58394,839
2021-05-26,Tuolumne,109,53932,4026,4088,41,4129,66
2021-05-26,Ventura,111,848112,81395,80944,2994,83938,1023
2021-05-26,Yolo,113,214977,14048,14025,323,14348,213
2021-05-26,Yuba,115,75493,6071,6036,124,6160,49
2021-05-25,Alameda,001,1643700,88202,88237,1963,90200,1263
2021-05-25,Alpine,003,1148,87,88,0,88,0
2021-05-25,Amador,005,37829,3677,3676,33,3709,46
2021-05-25,Butte,007,227075,12556,12295,1823,14118,189
2021-05-25,Calaveras,009,45235,2166,2148,13,2161,55
2021-05-25,Colusa,011,21464,1945,1949,312,2261,15
2021-05-25,Contra Costa,013,1133247,69614,69167,1282,70449,809
2021-05-25,Del Norte,015,27424,1419,1385,12,1397,8
2021-05-25,El Dorado,017,186661,10312,10240,750,10990,112
2021-05-25,Fresno,019,978130,102759,102329,8713,111042,1701
2021-05-25,Glenn,021,27897,2435,2414,558,2972,17
2021-05-25,Humboldt,023,135768,4263,4231,36,4267,42
2021-05-25,Imperial,025,180216,28612,28586,2745,31331,735
2021-05-25,Inyo,027,18085,1404,1402,13,1415,36
2021-05-25,Kern,029,883053,97315,96319,10947,107266,1319
2021-05-25,Kings,031,150075,23166,22944,1092,24036,245
2021-05-25,Lake,033,64148,3527,3508,9,3517,44
2021-05-25,Lassen,035,31185,5211,5164,114,5278,6
2021-05-25,Los Angeles,037,10098052,1206583,1197940,41258,1239198,24212
2021-05-25,Madera,039,155013,16626,16519,941,17460,240
2021-05-25,Marin,041,260295,14105,14053,257,14310,227
2021-05-25,Mariposa,043,17540,431,427,11,438,5
2021-05-25,Mendocino,045,87422,4000,3928,83,4011,47
2021-05-25,Merced,047,269075,31006,31132,1052,32184,455
2021-05-25,Modoc,049,8938,380,367,130,497,3
2021-05-25,Mono,051,14174,1263,1274,17,1291,3
2021-05-25,Monterey,053,433212,43175,43012,1871,44883,379
2021-05-25,Napa,055,140530,9907,9926,36,9962,82
2021-05-25,Nevada,057,99092,4823,4795,191,4986,70
2021-05-25,Orange,059,3164182,255370,254321,11408,265729,5057
2021-05-25,Placer,061,380077,23303,22920,1501,24421,292
2021-05-25,Plumas,063,18699,705,684,11,695,4
2021-05-25,Riverside,065,2383286,294177,288725,14053,302778,4443
2021-05-25,Sacramento,067,1510023,106192,105828,1758,107586,1633
2021-05-25,San Benito,069,59416,6056,6073,115,6188,63
2021-05-25,San Bernardino,071,2135413,293333,292485,9005,301490,4755
2021-05-25,San Diego,073,3302833,280800,279786,14955,294741,3753
2021-05-25,San Francisco,075,870044,36733,36939,1293,38232,546
2021-05-25,San Joaquin,077,732212,73156,72628,3557,76185,1387
2021-05-25,San Luis Obispo,079,281455,21399,21153,747,21900,256
2021-05-25,San Mateo,081,765935,42334,42268,476,42744,435
2021-05-25,Santa Barbara,083,443738,34446,34337,1137,35474,459
2021-05-25,Santa Clara,085,1922200,118621,119393,763,120156,2032
2021-05-25,Santa Cruz,087,273765,16239,16141,812,16953,207
2021-05-25,Shasta,089,179085,12313,12328,1576,13904,202
2021-05-25,Sierra,091,2930,56,54,12,66,0
2021-05-25,Siskiyou,093,43540,1929,1845,364,2209,18
2021-05-25,Solano,095,438530,32822,32817,557,33374,256
2021-05-25,Sonoma,097,501317,30067,30207,333,30540,321
2021-05-25,Stanislaus,099,539301,56369,56168,5957,62125,974
2021-05-25,Sutter,101,95872,9461,9495,87,9582,112
2021-05-25,Tehama,103,63373,5086,5048,576,5624,63
2021-05-25,Trinity,105,12862,483,328,94,422,3
2021-05-25,Tulare,107,460477,50227,49326,9034,58360,838
2021-05-25,Tuolumne,109,53932,4026,4084,41,4125,66
2021-05-25,Ventura,111,848112,81377,80905,2994,83899,1022
2021-05-25,Yolo,113,214977,14040,14018,321,14339,213
2021-05-25,Yuba,115,75493,6064,6028,124,6152,49
2021-05-24,Alameda,001,1643700,88162,88182,1962,90144,1263
2021-05-24,Alpine,003,1148,87,88,0,88,0
2021-05-24,Amador,005,37829,3675,3675,33,3708,46
2021-05-24,Butte,007,227075,12543,12279,1820,14099,189
2021-05-24,Calaveras,009,45235,2164,2146,13,2159,54
2021-05-24,Colusa,011,21464,1945,1949,312,2261,15
2021-05-24,Contra Costa,013,1133247,69573,69107,1278,70385,809
2021-05-24,Del Norte,015,27424,1418,1384,12,1396,8
2021-05-24,El Dorado,017,186661,10302,10227,749,10976,112
2021-05-24,Fresno,019,978130,102717,102289,8712,111001,1698
2021-05-24,Glenn,021,27897,2435,2413,558,2971,17
2021-05-24,Humboldt,023,135768,4256,4225,36,4261,42
2021-05-24,Imperial,025,180216,28610,28575,2745,31320,735
2021-05-24,Inyo,027,18085,1404,1402,13,1415,36
2021-05-24,Kern,029,883053,97288,96296,10942,107238,1319
2021-05-24,Kings,031,150075,23162,22940,1092,24032,246
2021-05-24,Lake,033,64148,3525,3506,9,3515,43
2021-05-24,Lassen,035,31185,5207,5163,114,5277,6
2021-05-24,Los Angeles,037,10098052,1206408,1197782,41244,1239026,24201
2021-05-24,Madera,039,155013,16622,16513,940,17453,239
2021-05-24,Marin,041,260295,14103,14051,257,14308,227
2021-05-24,Mariposa,043,17540,430,427,11,438,5
2021-05-24,Mendocino,045,87422,3998,3919,83,4002,47
2021-05-24,Merced,047,269075,30996,31128,1051,32179,455
2021-05-24,Modoc,049,8938,380,366,129,495,3
2021-05-24,Mono,051,14174,1263,1270,17,1287,3
2021-05-24,Monterey,053,433212,43170,43005,1870,44875,379
2021-05-24,Napa,055,140530,9907,9924,36,9960,82
2021-05-24,Nevada,057,99092,4820,4790,191,4981,70
2021-05-24,Orange,059,3164182,255336,254287,11398,265685,5056
2021-05-24,Placer,061,380077,23284,22895,1500,24395,292
2021-05-24,Plumas,063,18699,704,683,11,694,4
2021-05-24,Riverside,065,2383286,294120,288669,14043,302712,4442
2021-05-24,Sacramento,067,1510023,106077,105716,1757,107473,1632
2021-05-24,San Benito,069,59416,6056,6072,115,6187,63
2021-05-24,San Bernardino,071,2135413,293293,292343,9004,301347,4747
2021-05-24,San Diego,073,3302833,280692,279715,14945,294660,3749
2021-05-24,San Francisco,075,870044,36713,36934,1291,38225,547
2021-05-24,San Joaquin,077,732212,73124,72586,3556,76142,1371
2021-05-24,San Luis Obispo,079,281455,21381,21146,746,21892,256
2021-05-24,San Mateo,081,765935,42324,42249,476,42725,433
2021-05-24,Santa Barbara,083,443738,34441,34322,1137,35459,459
2021-05-24,Santa Clara,085,1922200,118589,119358,763,120121,2030
2021-05-24,Santa Cruz,087,273765,16233,16135,812,16947,207
2021-05-24,Shasta,089,179085,12296,12315,1573,13888,201
2021-05-24,Sierra,091,2930,56,54,12,66,0
2021-05-24,Siskiyou,093,43540,1926,1840,364,2204,17
2021-05-24,Solano,095,438530,32797,32792,556,33348,254
2021-05-24,Sonoma,097,501317,30052,30187,333,30520,321
2021-05-24,Stanislaus,099,539301,56335,56128,5953,62081,974
2021-05-24,Sutter,101,95872,9455,9486,87,9573,113
2021-05-24,Tehama,103,63373,5083,5043,574,5617,63
2021-05-24,Trinity,105,12862,483,328,94,422,3
2021-05-24,Tulare,107,460477,50220,49318,9030,58348,838
2021-05-24,Tuolumne,109,53932,4026,4083,41,4124,65
2021-05-24,Ventura,111,848112,81364,80876,2992,83868,1022
2021-05-24,Yolo,113,214977,14023,14012,319,14331,213
2021-05-24,Yuba,115,75493,6055,6022,124,6146,49
2021-05-23,Alameda,001,1643700,88099,88157,1959,90116,1263
2021-05-23,Alpine,003,1148,87,88,0,88,0
2021-05-23,Amador,005,37829,3674,3673,33,3706,46
2021-05-23,Butte,007,227075,12529,12271,1819,14090,189
2021-05-23,Calaveras,009,45235,2156,2144,13,2157,54
2021-05-23,Colusa,011,21464,1945,1949,310,2259,15
2021-05-23,Contra Costa,013,1133247,69529,69075,1276,70351,809
2021-05-23,Del Norte,015,27424,1414,1383,12,1395,8
2021-05-23,El Dorado,017,186661,10296,10222,749,10971,112
2021-05-23,Fresno,019,978130,102672,102270,8707,110977,1698
2021-05-23,Glenn,021,27897,2433,2413,558,2971,17
2021-05-23,Humboldt,023,135768,4239,4216,36,4252,42
2021-05-23,Imperial,025,180216,28604,28569,2744,31313,735
2021-05-23,Inyo,027,18085,1404,1402,13,1415,36
2021-05-23,Kern,029,883053,97264,96282,10934,107216,1319
2021-05-23,Kings,031,150075,23149,22939,1090,24029,246
2021-05-23,Lake,033,64148,3522,3504,9,3513,43
2021-05-23,Lassen,035,31185,5203,5163,113,5276,6
2021-05-23,Los Angeles,037,10098052,1206219,1197633,41233,1238866,24197
2021-05-23,Madera,039,155013,16616,16504,940,17444,239
2021-05-23,Marin,041,260295,14094,14048,256,14304,227
2021-05-23,Mariposa,043,17540,430,427,11,438,5
2021-05-23,Mendocino,045,87422,3992,3913,82,3995,47
2021-05-23,Merced,047,269075,30987,31118,1051,32169,455
2021-05-23,Modoc,049,8938,376,366,129,495,3
2021-05-23,Mono,051,14174,1262,1270,17,1287,3
2021-05-23,Monterey,053,433212,43160,43003,1870,44873,379
2021-05-23,Napa,055,140530,9903,9923,36,9959,82
2021-05-23,Nevada,057,99092,4810,4790,191,4981,70
2021-05-23,Orange,059,3164182,255298,254277,11392,265669,5050
2021-05-23,Placer,061,380077,23264,22888,1500,24388,292
2021-05-23,Plumas,063,18699,703,683,11,694,4
2021-05-23,Riverside,065,2383286,294052,288641,14039,302680,4442
2021-05-23,Sacramento,067,1510023,105961,105663,1754,107417,1632
2021-05-23,San Benito,069,59416,6055,6072,115,6187,63
2021-05-23,San Bernardino,071,2135413,293242,292327,9003,301330,4747
2021-05-23,San Diego,073,3302833,280602,279690,14934,294624,3751
2021-05-23,San Francisco,075,870044,36702,36927,1290,38217,547
2021-05-23,San Joaquin,077,732212,73075,72571,3554,76125,1371
2021-05-23,San Luis Obispo,079,281455,21371,21141,745,21886,256
2021-05-23,San Mateo,081,765935,42307,42248,476,42724,433
2021-05-23,Santa Barbara,083,443738,34434,34319,1137,35456,459
2021-05-23,Santa Clara,085,1922200,118565,119333,763,120096,2030
2021-05-23,Santa Cruz,087,273765,16230,16130,812,16942,207
2021-05-23,Shasta,089,179085,12279,12313,1569,13882,201
2021-05-23,Sierra,091,2930,56,54,12,66,0
2021-05-23,Siskiyou,093,43540,1921,1826,357,2183,17
2021-05-23,Solano,095,438530,32779,32780,555,33335,254
2021-05-23,Sonoma,097,501317,30023,30168,332,30500,321
2021-05-23,Stanislaus,099,539301,56287,56104,5950,62054,974
2021-05-23,Sutter,101,95872,9446,9479,87,9566,113
2021-05-23,Tehama,103,63373,5076,5041,572,5613,63
2021-05-23,Trinity,105,12862,483,328,94,422,3
2021-05-23,Tulare,107,460477,50206,49310,9026,58336,838
2021-05-23,Tuolumne,109,53932,4023,4081,41,4122,65
2021-05-23,Ventura,111,848112,81334,80872,2991,83863,1022
2021-05-23,Yolo,113,214977,14011,14004,316,14320,213
2021-05-23,Yuba,115,75493,6050,6017,124,6141,49
2021-05-22,Alameda,001,1643700,88072,88101,1959,90060,1263
2021-05-22,Alpine,003,1148,87,88,0,88,0
2021-05-22,Amador,005,37829,3673,3672,33,3705,46
2021-05-22,Butte,007,227075,12517,12265,1818,14083,189
2021-05-22,Calaveras,009,45235,2152,2141,13,2154,54
2021-05-22,Colusa,011,21464,1941,1949,309,2258,15
2021-05-22,Contra Costa,013,1133247,69496,69004,1275,70279,809
2021-05-22,Del Norte,015,27424,1413,1381,12,1393,8
2021-05-22,El Dorado,017,186661,10291,10215,748,10963,112
2021-05-22,Fresno,019,978130,102658,102238,8705,110943,1698
2021-05-22,Glenn,021,27897,2433,2412,558,2970,17
2021-05-22,Humboldt,023,135768,4230,4194,35,4229,42
2021-05-22,Imperial,025,180216,28595,28574,2744,31318,735
2021-05-22,Inyo,027,18085,1404,1402,13,1415,36
2021-05-22,Kern,029,883053,97252,96260,10927,107187,1319
2021-05-22,Kings,031,150075,23149,22936,1090,24026,246
2021-05-22,Lake,033,64148,3519,3502,9,3511,43
2021-05-22,Lassen,035,31185,5203,5163,113,5276,6
2021-05-22,Los Angeles,037,10098052,1206108,1197454,41225,1238679,24192
2021-05-22,Madera,039,155013,16613,16503,940,17443,239
2021-05-22,Marin,041,260295,14091,14043,256,14299,227
2021-05-22,Mariposa,043,17540,430,427,11,438,5
2021-05-22,Mendocino,045,87422,3986,3908,82,3990,47
2021-05-22,Merced,047,269075,30977,31099,1051,32150,455
2021-05-22,Modoc,049,8938,376,366,129,495,3
2021-05-22,Mono,051,14174,1260,1270,17,1287,3
2021-05-22,Monterey,053,433212,43154,42998,1870,44868,379
2021-05-22,Napa,055,140530,9901,9918,36,9954,82
2021-05-22,Nevada,057,99092,4803,4787,190,4977,70
2021-05-22,Orange,059,3164182,255277,254238,11386,265624,5048
2021-05-22,Placer,061,380077,23250,22865,1499,24364,292
2021-05-22,Plumas,063,18699,702,683,11,694,4
2021-05-22,Riverside,065,2383286,294020,288580,14038,302618,4442
2021-05-22,Sacramento,067,1510023,105886,105551,1751,107302,1632
2021-05-22,San Benito,069,59416,6055,6071,115,6186,63
2021-05-22,San Bernardino,071,2135413,293217,292292,9003,301295,4747
2021-05-22,San Diego,073,3302833,280543,279614,14926,294540,3751
2021-05-22,San Francisco,075,870044,36692,36906,1288,38194,547
2021-05-22,San Joaquin,077,732212,73053,72528,3551,76079,1371
2021-05-22,San Luis Obispo,079,281455,21363,21134,744,21878,256
2021-05-22,San Mateo,081,765935,42297,42218,476,42694,433
2021-05-22,Santa Barbara,083,443738,34430,34313,1136,35449,459
2021-05-22,Santa Clara,085,1922200,118541,119292,763,120055,2030
2021-05-22,Santa Cruz,087,273765,16230,16125,812,16937,207
2021-05-22,Shasta,089,179085,12272,12307,1566,13873,201
2021-05-22,Sierra,091,2930,56,54,12,66,0
2021-05-22,Siskiyou,093,43540,1920,1824,356,2180,17
2021-05-22,Solano,095,438530,32766,32753,555,33308,254
2021-05-22,Sonoma,097,501317,30011,30154,332,30486,321
2021-05-22,Stanislaus,099,539301,56264,56069,5948,62017,974
2021-05-22,Sutter,101,95872,9441,9476,87,9563,113
2021-05-22,Tehama,103,63373,5075,5036,572,5608,63
2021-05-22,Trinity,105,12862,483,328,94,422,3
2021-05-22,Tulare,107,460477,50201,49299,9021,58320,838
2021-05-22,Tuolumne,109,53932,4023,4078,41,4119,65
2021-05-22,Ventura,111,848112,81330,80859,2991,83850,1022
2021-05-22,Yolo,113,214977,14009,13997,316,14313,213
2021-05-22,Yuba,115,75493,6047,6010,124,6134,49
2021-05-21,Alameda,001,1643700,88046,88041,1958,89999,1263
2021-05-21,Alpine,003,1148,87,88,0,88,0
2021-05-21,Amador,005,37829,3670,3672,33,3705,46
2021-05-21,Butte,007,227075,12511,12236,1816,14052,188
2021-05-21,Calaveras,009,45235,2150,2138,13,2151,54
2021-05-21,Colusa,011,21464,1941,1947,309,2256,15
2021-05-21,Contra Costa,013,1133247,69453,68965,1274,70239,810
2021-05-21,Del Norte,015,27424,1412,1376,12,1388,8
2021-05-21,El Dorado,017,186661,10287,10204,748,10952,112
2021-05-21,Fresno,019,978130,102630,102189,8703,110892,1698
2021-05-21,Glenn,021,27897,2432,2408,558,2966,17
2021-05-21,Humboldt,023,135768,4223,4175,35,4210,42
2021-05-21,Imperial,025,180216,28588,28572,2743,31315,732
2021-05-21,Inyo,027,18085,1404,1402,13,1415,36
2021-05-21,Kern,029,883053,97238,96233,10920,107153,1318
2021-05-21,Kings,031,150075,23149,22927,1090,24017,246
2021-05-21,Lake,033,64148,3517,3500,9,3509,43
2021-05-21,Lassen,035,31185,5202,5161,113,5274,6
2021-05-21,Los Angeles,037,10098052,1205996,1197263,41216,1238479,24180
2021-05-21,Madera,039,155013,16612,16500,939,17439,238
2021-05-21,Marin,041,260295,14086,14042,256,14298,227
2021-05-21,Mariposa,043,17540,429,427,11,438,5
2021-05-21,Mendocino,045,87422,3981,3897,82,3979,47
2021-05-21,Merced,047,269075,30969,31076,1051,32127,455
2021-05-21,Modoc,049,8938,376,365,129,494,3
2021-05-21,Mono,051,14174,1260,1269,17,1286,3
2021-05-21,Monterey,053,433212,43152,42995,1870,44865,379
2021-05-21,Napa,055,140530,9897,9913,36,9949,82
2021-05-21,Nevada,057,99092,4802,4779,190,4969,70
2021-05-21,Orange,059,3164182,255258,254171,11384,265555,5042
2021-05-21,Placer,061,380077,23241,22853,1499,24352,292
2021-05-21,Plumas,063,18699,702,683,10,693,4
2021-05-21,Riverside,065,2383286,293993,288499,14031,302530,4442
2021-05-21,Sacramento,067,1510023,105819,105476,1748,107224,1632
2021-05-21,San Benito,069,59416,6055,6068,115,6183,63
2021-05-21,San Bernardino,071,2135413,293185,292205,9000,301205,4744
2021-05-21,San Diego,073,3302833,280470,279554,14916,294470,3748
2021-05-21,San Francisco,075,870044,36687,36879,1288,38167,546
2021-05-21,San Joaquin,077,732212,73033,72467,3549,76016,1371
2021-05-21,San Luis Obispo,079,281455,21357,21128,741,21869,256
2021-05-21,San Mateo,081,765935,42284,42163,475,42638,432
2021-05-21,Santa Barbara,083,443738,34425,34302,1136,35438,459
2021-05-21,Santa Clara,085,1922200,118514,119247,763,120010,2029
2021-05-21,Santa Cruz,087,273765,16226,16120,812,16932,207
2021-05-21,Shasta,089,179085,12255,12289,1564,13853,201
2021-05-21,Sierra,091,2930,56,54,12,66,0
2021-05-21,Siskiyou,093,43540,1919,1815,356,2171,16
2021-05-21,Solano,095,438530,32751,32742,555,33297,254
2021-05-21,Sonoma,097,501317,29998,30126,332,30458,321
2021-05-21,Stanislaus,099,539301,56235,56036,5946,61982,975
2021-05-21,Sutter,101,95872,9439,9470,87,9557,113
2021-05-21,Tehama,103,63373,5069,5030,572,5602,63
2021-05-21,Trinity,105,12862,483,329,93,422,3
2021-05-21,Tulare,107,460477,50196,49271,9019,58290,838
2021-05-21,Tuolumne,109,53932,4021,4079,41,4120,65
2021-05-21,Ventura,111,848112,81322,80821,2988,83809,1021
2021-05-21,Yolo,113,214977,14003,13983,316,14299,213
2021-05-21,Yuba,115,75493,6041,6006,124,6130,49
2021-05-20,Alameda,001,1643700,88002,87975,1957,89932,1264
2021-05-20,Alpine,003,1148,87,88,0,88,0
2021-05-20,Amador,005,37829,3669,3671,33,3704,46
2021-05-20,Butte,007,227075,12504,12220,1813,14033,188
2021-05-20,Calaveras,009,45235,2146,2138,13,2151,54
2021-05-20,Colusa,011,21464,1940,1946,307,2253,15
2021-05-20,Contra Costa,013,1133247,69408,68913,1272,70185,809
2021-05-20,Del Norte,015,27424,1412,1373,12,1385,8
2021-05-20,El Dorado,017,186661,10277,10188,748,10936,112
2021-05-20,Fresno,019,978130,102608,102135,8701,110836,1696
2021-05-20,Glenn,021,27897,2429,2406,558,2964,17
2021-05-20,Humboldt,023,135768,4206,4162,34,4196,42
2021-05-20,Imperial,025,180216,28583,28551,2743,31294,732
2021-05-20,Inyo,027,18085,1404,1402,13,1415,36
2021-05-20,Kern,029,883053,97217,96204,10913,107117,1317
2021-05-20,Kings,031,150075,23147,22922,1090,24012,246
2021-05-20,Lake,033,64148,3514,3500,9,3509,43
2021-05-20,Lassen,035,31185,5200,5160,112,5272,6
2021-05-20,Los Angeles,037,10098052,1205840,1197073,41206,1238279,24168
2021-05-20,Madera,039,155013,16606,16499,937,17436,238
2021-05-20,Marin,041,260295,14082,14036,255,14291,227
2021-05-20,Mariposa,043,17540,429,426,11,437,5
2021-05-20,Mendocino,045,87422,3974,3897,82,3979,47
2021-05-20,Merced,047,269075,30956,31046,1050,32096,454
2021-05-20,Modoc,049,8938,376,365,129,494,3
2021-05-20,Mono,051,14174,1259,1269,17,1286,3
2021-05-20,Monterey,053,433212,43146,42984,1869,44853,379
2021-05-20,Napa,055,140530,9894,9913,36,9949,82
2021-05-20,Nevada,057,99092,4801,4775,190,4965,70
2021-05-20,Orange,059,3164182,255215,254127,11381,265508,5038
2021-05-20,Placer,061,380077,23228,22823,1498,24321,292
2021-05-20,Plumas,063,18699,700,682,10,692,4
2021-05-20,Riverside,065,2383286,293945,288453,14026,302479,4442
2021-05-20,Sacramento,067,1510023,105723,105414,1745,107159,1629
2021-05-20,San Benito,069,59416,6054,6067,115,6182,63
2021-05-20,San Bernardino,071,2135413,293139,292153,8999,301152,4728
2021-05-20,San Diego,073,3302833,280382,279490,14904,294394,3749
2021-05-20,San Francisco,075,870044,36678,36860,1288,38148,546
2021-05-20,San Joaquin,077,732212,72995,72388,3547,75935,1371
2021-05-20,San Luis Obispo,079,281455,21345,21095,739,21834,256
2021-05-20,San Mateo,081,765935,42270,42152,473,42625,432
2021-05-20,Santa Barbara,083,443738,34421,34293,1136,35429,459
2021-05-20,Santa Clara,085,1922200,118493,119222,763,119985,2029
2021-05-20,Santa Cruz,087,273765,16221,16119,812,16931,207
2021-05-20,Shasta,089,179085,12242,12266,1561,13827,200
2021-05-20,Sierra,091,2930,56,54,12,66,0
2021-05-20,Siskiyou,093,43540,1912,1811,355,2166,16
2021-05-20,Solano,095,438530,32736,32725,555,33280,253
2021-05-20,Sonoma,097,501317,29981,30107,331,30438,321
2021-05-20,Stanislaus,099,539301,56210,55979,5944,61923,970
2021-05-20,Sutter,101,95872,9435,9467,87,9554,113
2021-05-20,Tehama,103,63373,5067,5029,572,5601,63
2021-05-20,Trinity,105,12862,483,329,92,421,3
2021-05-20,Tulare,107,460477,50185,49217,9016,58233,837
2021-05-20,Tuolumne,109,53932,4020,4077,41,4118,65
2021-05-20,Ventura,111,848112,81311,80800,2988,83788,1019
2021-05-20,Yolo,113,214977,13998,13973,316,14289,211
2021-05-20,Yuba,115,75493,6032,6002,124,6126,49
2021-05-19,Alameda,001,1643700,87963,87889,1955,89844,1260
2021-05-19,Alpine,003,1148,87,88,0,88,0
2021-05-19,Amador,005,37829,3669,3669,33,3702,46
2021-05-19,Butte,007,227075,12494,12198,1813,14011,188
2021-05-19,Calaveras,009,45235,2142,2132,13,2145,54
2021-05-19,Colusa,011,21464,1940,1945,305,2250,15
2021-05-19,Contra Costa,013,1133247,69361,68836,1272,70108,808
2021-05-19,Del Norte,015,27424,1410,1371,12,1383,8
2021-05-19,El Dorado,017,186661,10272,10179,747,10926,112
2021-05-19,Fresno,019,978130,102578,102085,8698,110783,1693
2021-05-19,Glenn,021,27897,2429,2404,558,2962,17
2021-05-19,Humboldt,023,135768,4196,4143,34,4177,42
2021-05-19,Imperial,025,180216,28574,28550,2743,31293,732
2021-05-19,Inyo,027,18085,1404,1402,13,1415,36
2021-05-19,Kern,029,883053,97188,96173,10905,107078,1316
2021-05-19,Kings,031,150075,23141,22919,1090,24009,246
2021-05-19,Lake,033,64148,3514,3497,9,3506,43
2021-05-19,Lassen,035,31185,5199,5157,112,5269,6
2021-05-19,Los Angeles,037,10098052,1205644,1196856,41192,1238048,24143
2021-05-19,Madera,039,155013,16603,16496,937,17433,238
2021-05-19,Marin,041,260295,14078,14033,253,14286,227
2021-05-19,Mariposa,043,17540,429,425,11,436,5
2021-05-19,Mendocino,045,87422,3970,3886,82,3968,47
2021-05-19,Merced,047,269075,30940,31044,1050,32094,452
2021-05-19,Modoc,049,8938,376,364,126,490,3
2021-05-19,Mono,051,14174,1259,1266,17,1283,3
2021-05-19,Monterey,053,433212,43141,42973,1868,44841,379
2021-05-19,Napa,055,140530,9891,9906,36,9942,82
2021-05-19,Nevada,057,99092,4799,4769,190,4959,70
2021-05-19,Orange,059,3164182,255178,254087,11371,265458,5035
2021-05-19,Placer,061,380077,23209,22784,1493,24277,291
2021-05-19,Plumas,063,18699,700,682,10,692,4
2021-05-19,Riverside,065,2383286,293898,288398,14024,302422,4442
2021-05-19,Sacramento,067,1510023,105645,105225,1744,106969,1629
2021-05-19,San Benito,069,59416,6053,6064,115,6179,63
2021-05-19,San Bernardino,071,2135413,293095,292078,8996,301074,4725
2021-05-19,San Diego,073,3302833,280297,279345,14883,294228,3746
2021-05-19,San Francisco,075,870044,36665,36835,1287,38122,546
2021-05-19,San Joaquin,077,732212,72952,72338,3542,75880,1369
2021-05-19,San Luis Obispo,079,281455,21337,21085,738,21823,256
2021-05-19,San Mateo,081,765935,42263,42126,473,42599,429
2021-05-19,Santa Barbara,083,443738,34413,34292,1136,35428,459
2021-05-19,Santa Clara,085,1922200,118453,119176,762,119938,2015
2021-05-19,Santa Cruz,087,273765,16217,16121,811,16932,207
2021-05-19,Shasta,089,179085,12224,12233,1558,13791,200
2021-05-19,Sierra,091,2930,56,54,12,66,0
2021-05-19,Siskiyou,093,43540,1909,1803,354,2157,16
2021-05-19,Solano,095,438530,32709,32678,553,33231,253
2021-05-19,Sonoma,097,501317,29966,30080,331,30411,321
2021-05-19,Stanislaus,099,539301,56192,55912,5939,61851,967
2021-05-19,Sutter,101,95872,9428,9459,86,9545,113
2021-05-19,Tehama,103,63373,5058,5026,567,5593,63
2021-05-19,Trinity,105,12862,483,329,92,421,3
2021-05-19,Tulare,107,460477,50172,49163,9011,58174,837
2021-05-19,Tuolumne,109,53932,4020,4074,41,4115,64
2021-05-19,Ventura,111,848112,81296,80747,2987,83734,1019
2021-05-19,Yolo,113,214977,13991,13961,315,14276,211
2021-05-19,Yuba,115,75493,6028,5993,124,6117,49
2021-05-18,Alameda,001,1643700,87889,87816,1955,89771,1254
2021-05-18,Alpine,003,1148,87,88,0,88,0
2021-05-18,Amador,005,37829,3669,3669,33,3702,46
2021-05-18,Butte,007,227075,12481,12164,1810,13974,191
2021-05-18,Calaveras,009,45235,2138,2131,13,2144,54
2021-05-18,Colusa,011,21464,1940,1943,305,2248,14
2021-05-18,Contra Costa,013,1133247,69304,68750,1271,70021,808
2021-05-18,Del Norte,015,27424,1407,1371,12,1383,8
2021-05-18,El Dorado,017,186661,10261,10169,746,10915,112
2021-05-18,Fresno,019,978130,102542,102056,8695,110751,1690
2021-05-18,Glenn,021,27897,2423,2403,557,2960,17
2021-05-18,Humboldt,023,135768,4178,4132,34,4166,42
2021-05-18,Imperial,025,180216,28569,28538,2741,31279,730
2021-05-18,Inyo,027,18085,1404,1401,13,1414,36
2021-05-18,Kern,029,883053,97154,96128,10891,107019,1315
2021-05-18,Kings,031,150075,23135,22916,1090,24006,247
2021-05-18,Lake,033,64148,3512,3495,9,3504,43
2021-05-18,Lassen,035,31185,5198,5157,111,5268,6
2021-05-18,Los Angeles,037,10098052,1205464,1196668,41181,1237849,24133
2021-05-18,Madera,039,155013,16593,16491,936,17427,238
2021-05-18,Marin,041,260295,14075,14026,253,14279,227
2021-05-18,Mariposa,043,17540,429,424,11,435,5
2021-05-18,Mendocino,045,87422,3958,3877,81,3958,47
2021-05-18,Merced,047,269075,30921,31036,1050,32086,452
2021-05-18,Modoc,049,8938,375,364,125,489,3
2021-05-18,Mono,051,14174,1258,1265,17,1282,3
2021-05-18,Monterey,053,433212,43135,43001,1868,44869,379
2021-05-18,Napa,055,140530,9891,9905,36,9941,82
2021-05-18,Nevada,057,99092,4792,4762,190,4952,70
2021-05-18,Orange,059,3164182,255137,254041,11361,265402,5031
2021-05-18,Placer,061,380077,23176,22726,1489,24215,291
2021-05-18,Plumas,063,18699,700,682,10,692,4
2021-05-18,Riverside,065,2383286,293843,288354,14017,302371,4438
2021-05-18,Sacramento,067,1510023,105543,105083,1742,106825,1629
2021-05-18,San Benito,069,59416,6052,6065,115,6180,63
2021-05-18,San Bernardino,071,2135413,293037,292014,8991,301005,4722
2021-05-18,San Diego,073,3302833,280189,279254,14874,294128,3742
2021-05-18,San Francisco,075,870044,36645,36818,1287,38105,546
2021-05-18,San Joaquin,077,732212,72905,72282,3538,75820,1368
2021-05-18,San Luis Obispo,079,281455,21327,21080,736,21816,256
2021-05-18,San Mateo,081,765935,42251,42099,472,42571,428
2021-05-18,Santa Barbara,083,443738,34404,34278,1136,35414,459
2021-05-18,Santa Clara,085,1922200,118426,119171,762,119933,2014
2021-05-18,Santa Cruz,087,273765,16209,16137,811,16948,207
2021-05-18,Shasta,089,179085,12206,12197,1552,13749,200
2021-05-18,Sierra,091,2930,56,54,12,66,0
2021-05-18,Siskiyou,093,43540,1908,1799,354,2153,16
2021-05-18,Solano,095,438530,32684,32644,553,33197,253
2021-05-18,Sonoma,097,501317,29946,30054,330,30384,321
2021-05-18,Stanislaus,099,539301,56157,55860,5939,61799,959
2021-05-18,Sutter,101,95872,9420,9453,86,9539,113
2021-05-18,Tehama,103,63373,5052,5020,565,5585,63
2021-05-18,Trinity,105,12862,483,329,91,420,3
2021-05-18,Tulare,107,460477,50164,49142,9006,58148,836
2021-05-18,Tuolumne,109,53932,4018,4073,41,4114,64
2021-05-18,Ventura,111,848112,81280,80726,2984,83710,1017
2021-05-18,Yolo,113,214977,13984,13951,314,14265,211
2021-05-18,Yuba,115,75493,6024,5989,123,6112,49
2021-05-17,Alameda,001,1643700,87836,87766,1952,89718,1253
2021-05-17,Alpine,003,1148,87,88,0,88,0
2021-05-17,Amador,005,37829,3666,3668,33,3701,46
2021-05-17,Butte,007,227075,12473,12144,1810,13954,192
2021-05-17,Calaveras,009,45235,2138,2131,13,2144,53
2021-05-17,Colusa,011,21464,1940,1943,305,2248,14
2021-05-17,Contra Costa,013,1133247,69249,68720,1270,69990,805
2021-05-17,Del Norte,015,27424,1402,1369,12,1381,8
2021-05-17,El Dorado,017,186661,10244,10163,746,10909,112
2021-05-17,Fresno,019,978130,102498,102013,8687,110700,1690
2021-05-17,Glenn,021,27897,2423,2401,557,2958,17
2021-05-17,Humboldt,023,135768,4167,4112,34,4146,42
2021-05-17,Imperial,025,180216,28563,28533,2739,31272,729
2021-05-17,Inyo,027,18085,1404,1401,13,1414,36
2021-05-17,Kern,029,883053,97125,96095,10874,106969,1315
2021-05-17,Kings,031,150075,23132,22918,1090,24008,246
2021-05-17,Lake,033,64148,3507,3489,9,3498,43
2021-05-17,Lassen,035,31185,5195,5156,110,5266,6
2021-05-17,Los Angeles,037,10098052,1205285,1196556,41175,1237731,24123
2021-05-17,Madera,039,155013,16586,16486,936,17422,238
2021-05-17,Marin,041,260295,14069,14021,253,14274,227
2021-05-17,Mariposa,043,17540,428,423,11,434,5
2021-05-17,Mendocino,045,87422,3949,3868,81,3949,46
2021-05-17,Merced,047,269075,30906,31031,1050,32081,450
2021-05-17,Modoc,049,8938,374,362,125,487,3
2021-05-17,Mono,051,14174,1254,1265,17,1282,3
2021-05-17,Monterey,053,433212,43128,42995,1868,44863,379
2021-05-17,Napa,055,140530,9890,9894,36,9930,82
2021-05-17,Nevada,057,99092,4788,4761,189,4950,70
2021-05-17,Orange,059,3164182,255090,253993,11354,265347,5031
2021-05-17,Placer,061,380077,23153,22706,1482,24188,289
2021-05-17,Plumas,063,18699,700,682,10,692,4
2021-05-17,Riverside,065,2383286,293774,288304,14013,302317,4433
2021-05-17,Sacramento,067,1510023,105435,105035,1740,106775,1629
2021-05-17,San Benito,069,59416,6049,6067,115,6182,63
2021-05-17,San Bernardino,071,2135413,292987,291989,8983,300972,4724
2021-05-17,San Diego,073,3302833,280057,279146,14852,293998,3742
2021-05-17,San Francisco,075,870044,36633,36816,1285,38101,546
2021-05-17,San Joaquin,077,732212,72867,72234,3535,75769,1359
2021-05-17,San Luis Obispo,079,281455,21318,21079,734,21813,256
2021-05-17,San Mateo,081,765935,42223,42083,472,42555,428
2021-05-17,Santa Barbara,083,443738,34397,34275,1136,35411,459
2021-05-17,Santa Clara,085,1922200,118389,119116,760,119876,2015
2021-05-17,Santa Cruz,087,273765,16206,16151,811,16962,206
2021-05-17,Shasta,089,179085,12184,12163,1551,13714,200
2021-05-17,Sierra,091,2930,56,54,12,66,0
2021-05-17,Siskiyou,093,43540,1899,1795,351,2146,15
2021-05-17,Solano,095,438530,32666,32627,552,33179,253
2021-05-17,Sonoma,097,501317,29923,30043,329,30372,321
2021-05-17,Stanislaus,099,539301,56111,55839,5932,61771,951
2021-05-17,Sutter,101,95872,9413,9447,86,9533,113
2021-05-17,Tehama,103,63373,5048,5016,564,5580,63
2021-05-17,Trinity,105,12862,483,328,91,419,3
2021-05-17,Tulare,107,460477,50142,49107,9001,58108,836
2021-05-17,Tuolumne,109,53932,4018,4071,41,4112,64
2021-05-17,Ventura,111,848112,81260,80699,2984,83683,1017
2021-05-17,Yolo,113,214977,13977,13941,314,14255,211
2021-05-17,Yuba,115,75493,6016,5987,123,6110,49
2021-05-16,Alameda,001,1643700,87772,87743,1952,89695,1253
2021-05-16,Alpine,003,1148,87,88,0,88,0
2021-05-16,Amador,005,37829,3665,3667,33,3700,46
2021-05-16,Butte,007,227075,12459,12140,1809,13949,192
2021-05-16,Calaveras,009,45235,2136,2129,13,2142,53
2021-05-16,Colusa,011,21464,1938,1943,305,2248,14
2021-05-16,Contra Costa,013,1133247,69181,68694,1267,69961,805
2021-05-16,Del Norte,015,27424,1399,1365,12,1377,8
2021-05-16,El Dorado,017,186661,10228,10159,745,10904,112
2021-05-16,Fresno,019,978130,102454,101987,8681,110668,1690
2021-05-16,Glenn,021,27897,2423,2401,556,2957,17
2021-05-16,Humboldt,023,135768,4153,4104,34,4138,42
2021-05-16,Imperial,025,180216,28552,28516,2738,31254,729
2021-05-16,Inyo,027,18085,1404,1401,13,1414,36
2021-05-16,Kern,029,883053,97092,96083,10854,106937,1315
2021-05-16,Kings,031,150075,23128,22918,1087,24005,246
2021-05-16,Lake,033,64148,3504,3489,9,3498,43
2021-05-16,Lassen,035,31185,5194,5156,110,5266,6
2021-05-16,Los Angeles,037,10098052,1205061,1196397,41159,1237556,24120
2021-05-16,Madera,039,155013,16581,16483,933,17416,238
2021-05-16,Marin,041,260295,14066,14015,253,14268,227
2021-05-16,Mariposa,043,17540,428,423,11,434,5
2021-05-16,Mendocino,045,87422,3939,3863,81,3944,46
2021-05-16,Merced,047,269075,30885,31023,1048,32071,450
2021-05-16,Modoc,049,8938,374,362,125,487,3
2021-05-16,Mono,051,14174,1254,1265,17,1282,3
2021-05-16,Monterey,053,433212,43123,42991,1868,44859,379
2021-05-16,Napa,055,140530,9887,9891,36,9927,82
2021-05-16,Nevada,057,99092,4784,4755,189,4944,70
2021-05-16,Orange,059,3164182,255058,253962,11351,265313,5031
2021-05-16,Placer,061,380077,23121,22696,1476,24172,289
2021-05-16,Plumas,063,18699,699,682,10,692,4
2021-05-16,Riverside,065,2383286,293698,288259,14005,302264,4433
2021-05-16,Sacramento,067,1510023,105321,105013,1738,106751,1628
2021-05-16,San Benito,069,59416,6048,6067,114,6181,63
2021-05-16,San Bernardino,071,2135413,292915,291940,8981,300921,4724
2021-05-16,San Diego,073,3302833,279939,279099,14839,293938,3742
2021-05-16,San Francisco,075,870044,36610,36808,1284,38092,546
2021-05-16,San Joaquin,077,732212,72818,72218,3530,75748,1359
2021-05-16,San Luis Obispo,079,281455,21310,21072,732,21804,256
2021-05-16,San Mateo,081,765935,42212,42063,471,42534,428
2021-05-16,Santa Barbara,083,443738,34390,34270,1136,35406,459
2021-05-16,Santa Clara,085,1922200,118360,119098,759,119857,2015
2021-05-16,Santa Cruz,087,273765,16204,16143,811,16954,206
2021-05-16,Shasta,089,179085,12168,12156,1547,13703,200
2021-05-16,Sierra,091,2930,56,54,12,66,0
2021-05-16,Siskiyou,093,43540,1895,1790,350,2140,15
2021-05-16,Solano,095,438530,32633,32619,550,33169,253
2021-05-16,Sonoma,097,501317,29904,30033,329,30362,321
2021-05-16,Stanislaus,099,539301,56062,55814,5920,61734,951
2021-05-16,Sutter,101,95872,9406,9445,86,9531,113
2021-05-16,Tehama,103,63373,5044,5013,563,5576,63
2021-05-16,Trinity,105,12862,483,328,91,419,3
2021-05-16,Tulare,107,460477,50125,49091,8998,58089,837
2021-05-16,Tuolumne,109,53932,4014,4070,41,4111,64
2021-05-16,Ventura,111,848112,81229,80689,2984,83673,1017
2021-05-16,Yolo,113,214977,13962,13938,314,14252,211
2021-05-16,Yuba,115,75493,6013,5987,123,6110,49
2021-05-15,Alameda,001,1643700,87746,87677,1951,89628,1252
2021-05-15,Alpine,003,1148,87,88,0,88,0
2021-05-15,Amador,005,37829,3665,3666,33,3699,46
2021-05-15,Butte,007,227075,12452,12095,1808,13903,192
2021-05-15,Calaveras,009,45235,2135,2126,13,2139,53
2021-05-15,Colusa,011,21464,1938,1941,303,2244,14
2021-05-15,Contra Costa,013,1133247,69135,68658,1267,69925,805
2021-05-15,Del Norte,015,27424,1394,1359,12,1371,8
2021-05-15,El Dorado,017,186661,10216,10156,744,10900,112
2021-05-15,Fresno,019,978130,102417,101957,8678,110635,1690
2021-05-15,Glenn,021,27897,2423,2400,556,2956,17
2021-05-15,Humboldt,023,135768,4143,4080,34,4114,42
2021-05-15,Imperial,025,180216,28549,28504,2737,31241,729
2021-05-15,Inyo,027,18085,1404,1402,13,1415,36
2021-05-15,Kern,029,883053,97078,96061,10839,106900,1315
2021-05-15,Kings,031,150075,23127,22913,1087,24000,246
2021-05-15,Lake,033,64148,3503,3485,9,3494,43
2021-05-15,Lassen,035,31185,5191,5156,109,5265,6
2021-05-15,Los Angeles,037,10098052,1204937,1196255,41146,1237401,24115
2021-05-15,Madera,039,155013,16578,16482,933,17415,238
2021-05-15,Marin,041,260295,14062,14012,253,14265,227
2021-05-15,Mariposa,043,17540,428,423,11,434,5
2021-05-15,Mendocino,045,87422,3936,3861,81,3942,46
2021-05-15,Merced,047,269075,30864,31012,1048,32060,450
2021-05-15,Modoc,049,8938,374,362,125,487,3
2021-05-15,Mono,051,14174,1254,1265,17,1282,3
2021-05-15,Monterey,053,433212,43119,42982,1868,44850,379
2021-05-15,Napa,055,140530,9884,9887,36,9923,82
2021-05-15,Nevada,057,99092,4783,4755,189,4944,70
2021-05-15,Orange,059,3164182,255031,253919,11344,265263,5030
2021-05-15,Placer,061,380077,23100,22688,1476,24164,289
2021-05-15,Plumas,063,18699,699,681,10,691,4
2021-05-15,Riverside,065,2383286,293656,288203,14000,302203,4433
2021-05-15,Sacramento,067,1510023,105249,104929,1735,106664,1628
2021-05-15,San Benito,069,59416,6048,6066,114,6180,63
2021-05-15,San Bernardino,071,2135413,292873,291892,8979,300871,4724
2021-05-15,San Diego,073,3302833,279868,278991,14824,293815,3737
2021-05-15,San Francisco,075,870044,36594,36795,1282,38077,546
2021-05-15,San Joaquin,077,732212,72792,72197,3528,75725,1359
2021-05-15,San Luis Obispo,079,281455,21307,21061,731,21792,256
2021-05-15,San Mateo,081,765935,42196,42059,471,42530,428
2021-05-15,Santa Barbara,083,443738,34382,34259,1136,35395,459
2021-05-15,Santa Clara,085,1922200,118339,119060,759,119819,2016
2021-05-15,Santa Cruz,087,273765,16200,16137,811,16948,206
2021-05-15,Shasta,089,179085,12156,12152,1544,13696,200
2021-05-15,Sierra,091,2930,56,54,12,66,0
2021-05-15,Siskiyou,093,43540,1889,1788,348,2136,15
2021-05-15,Solano,095,438530,32624,32604,549,33153,253
2021-05-15,Sonoma,097,501317,29885,30020,329,30349,321
2021-05-15,Stanislaus,099,539301,56031,55795,5913,61708,952
2021-05-15,Sutter,101,95872,9404,9436,86,9522,113
2021-05-15,Tehama,103,63373,5040,5012,562,5574,63
2021-05-15,Trinity,105,12862,483,328,91,419,3
2021-05-15,Tulare,107,460477,50115,49080,8994,58074,837
2021-05-15,Tuolumne,109,53932,4012,4064,41,4105,63
2021-05-15,Ventura,111,848112,81218,80662,2984,83646,1017
2021-05-15,Yolo,113,214977,13955,13932,313,14245,211
2021-05-15,Yuba,115,75493,6010,5979,122,6101,49
2021-05-14,Alameda,001,1643700,87712,87621,1948,89569,1249
2021-05-14,Alpine,003,1148,87,88,0,88,0
2021-05-14,Amador,005,37829,3665,3665,33,3698,46
2021-05-14,Butte,007,227075,12443,12076,1805,13881,192
2021-05-14,Calaveras,009,45235,2131,2121,13,2134,53
2021-05-14,Colusa,011,21464,1937,1940,302,2242,14
2021-05-14,Contra Costa,013,1133247,69093,68589,1265,69854,806
2021-05-14,Del Norte,015,27424,1394,1355,12,1367,8
2021-05-14,El Dorado,017,186661,10209,10143,743,10886,113
2021-05-14,Fresno,019,978130,102388,101917,8672,110589,1688
2021-05-14,Glenn,021,27897,2422,2398,556,2954,17
2021-05-14,Humboldt,023,135768,4136,4050,34,4084,37
2021-05-14,Imperial,025,180216,28542,28485,2736,31221,728
2021-05-14,Inyo,027,18085,1404,1400,13,1413,36
2021-05-14,Kern,029,883053,97048,96033,10830,106863,1311
2021-05-14,Kings,031,150075,23126,22910,1087,23997,246
2021-05-14,Lake,033,64148,3499,3483,9,3492,43
2021-05-14,Lassen,035,31185,5191,5154,109,5263,6
2021-05-14,Los Angeles,037,10098052,1204803,1196038,41141,1237179,24101
2021-05-14,Madera,039,155013,16575,16474,933,17407,238
2021-05-14,Marin,041,260295,14058,14010,253,14263,227
2021-05-14,Mariposa,043,17540,428,422,11,433,5
2021-05-14,Mendocino,045,87422,3934,3855,81,3936,46
2021-05-14,Merced,047,269075,30854,31010,1048,32058,450
2021-05-14,Modoc,049,8938,374,362,125,487,3
2021-05-14,Mono,051,14174,1253,1265,17,1282,3
2021-05-14,Monterey,053,433212,43114,42973,1868,44841,380
2021-05-14,Napa,055,140530,9881,9883,36,9919,82
2021-05-14,Nevada,057,99092,4778,4745,189,4934,70
2021-05-14,Orange,059,3164182,254997,253855,11337,265192,5028
2021-05-14,Placer,061,380077,23081,22660,1470,24130,287
2021-05-14,Plumas,063,18699,698,680,10,690,4
2021-05-14,Riverside,065,2383286,293606,288140,13997,302137,4433
2021-05-14,Sacramento,067,1510023,105160,104828,1734,106562,1627
2021-05-14,San Benito,069,59416,6048,6064,114,6178,63
2021-05-14,San Bernardino,071,2135413,292825,291834,8979,300813,4721
2021-05-14,San Diego,073,3302833,279795,278853,14813,293666,3732
2021-05-14,San Francisco,075,870044,36585,36771,1278,38049,545
2021-05-14,San Joaquin,077,732212,72760,72160,3521,75681,1359
2021-05-14,San Luis Obispo,079,281455,21303,21051,731,21782,256
2021-05-14,San Mateo,081,765935,42186,42041,471,42512,428
2021-05-14,Santa Barbara,083,443738,34372,34243,1136,35379,456
2021-05-14,Santa Clara,085,1922200,118310,119006,759,119765,2014
2021-05-14,Santa Cruz,087,273765,16195,16130,811,16941,207
2021-05-14,Shasta,089,179085,12150,12130,1539,13669,200
2021-05-14,Sierra,091,2930,56,54,12,66,0
2021-05-14,Siskiyou,093,43540,1882,1779,347,2126,14
2021-05-14,Solano,095,438530,32604,32585,548,33133,252
2021-05-14,Sonoma,097,501317,29866,30007,329,30336,321
2021-05-14,Stanislaus,099,539301,55998,55752,5907,61659,950
2021-05-14,Sutter,101,95872,9395,9433,84,9517,113
2021-05-14,Tehama,103,63373,5033,5005,562,5567,63
2021-05-14,Trinity,105,12862,483,328,91,419,3
2021-05-14,Tulare,107,460477,50098,49060,8989,58049,836
2021-05-14,Tuolumne,109,53932,4012,4060,41,4101,63
2021-05-14,Ventura,111,848112,81204,80628,2984,83612,1014
2021-05-14,Yolo,113,214977,13950,13922,309,14231,210
2021-05-14,Yuba,115,75493,6006,5970,122,6092,47
2021-05-13,Alameda,001,1643700,87669,87557,1947,89504,1250
2021-05-13,Alpine,003,1148,87,88,0,88,0
2021-05-13,Amador,005,37829,3665,3662,33,3695,46
2021-05-13,Butte,007,227075,12428,12051,1804,13855,196
2021-05-13,Calaveras,009,45235,2131,2120,13,2133,53
2021-05-13,Colusa,011,21464,1936,1939,298,2237,14
2021-05-13,Contra Costa,013,1133247,69045,68522,1264,69786,806
2021-05-13,Del Norte,015,27424,1392,1354,12,1366,8
2021-05-13,El Dorado,017,186661,10206,10133,743,10876,112
2021-05-13,Fresno,019,978130,102359,101862,8671,110533,1687
2021-05-13,Glenn,021,27897,2421,2395,556,2951,17
2021-05-13,Humboldt,023,135768,4118,4027,34,4061,37
2021-05-13,Imperial,025,180216,28527,28468,2734,31202,729
2021-05-13,Inyo,027,18085,1404,1400,13,1413,36
2021-05-13,Kern,029,883053,97024,95996,10812,106808,1311
2021-05-13,Kings,031,150075,23125,22904,1087,23991,246
2021-05-13,Lake,033,64148,3498,3479,9,3488,43
2021-05-13,Lassen,035,31185,5191,5152,108,5260,6
2021-05-13,Los Angeles,037,10098052,1204614,1195504,41127,1236631,24083
2021-05-13,Madera,039,155013,16567,16467,933,17400,238
2021-05-13,Marin,041,260295,14053,14004,251,14255,227
2021-05-13,Mariposa,043,17540,428,422,11,433,5
2021-05-13,Mendocino,045,87422,3930,3846,81,3927,46
2021-05-13,Merced,047,269075,30847,30989,1047,32036,450
2021-05-13,Modoc,049,8938,374,362,125,487,3
2021-05-13,Mono,051,14174,1253,1265,17,1282,3
2021-05-13,Monterey,053,433212,43099,42966,1868,44834,380
2021-05-13,Napa,055,140530,9874,9877,36,9913,82
2021-05-13,Nevada,057,99092,4774,4743,188,4931,70
2021-05-13,Orange,059,3164182,254952,253778,11335,265113,5026
2021-05-13,Placer,061,380077,23054,22668,1463,24131,288
2021-05-13,Plumas,063,18699,698,680,10,690,4
2021-05-13,Riverside,065,2383286,293540,288067,13992,302059,4433
2021-05-13,Sacramento,067,1510023,105074,104711,1732,106443,1626
2021-05-13,San Benito,069,59416,6046,6062,114,6176,63
2021-05-13,San Bernardino,071,2135413,292759,291765,8979,300744,4722
2021-05-13,San Diego,073,3302833,279681,278592,14796,293388,3729
2021-05-13,San Francisco,075,870044,36561,36741,1276,38017,544
2021-05-13,San Joaquin,077,732212,72718,72096,3517,75613,1357
2021-05-13,San Luis Obispo,079,281455,21288,21043,730,21773,255
2021-05-13,San Mateo,081,765935,42169,42059,471,42530,426
2021-05-13,Santa Barbara,083,443738,34360,34242,1136,35378,456
2021-05-13,Santa Clara,085,1922200,118283,118952,759,119711,2013
2021-05-13,Santa Cruz,087,273765,16189,16129,811,16940,208
2021-05-13,Shasta,089,179085,12130,12111,1535,13646,200
2021-05-13,Sierra,091,2930,56,54,12,66,0
2021-05-13,Siskiyou,093,43540,1875,1769,344,2113,14
2021-05-13,Solano,095,438530,32591,32548,546,33094,252
2021-05-13,Sonoma,097,501317,29841,29991,329,30320,321
2021-05-13,Stanislaus,099,539301,55961,55678,5901,61579,949
2021-05-13,Sutter,101,95872,9390,9431,83,9514,112
2021-05-13,Tehama,103,63373,5028,4997,562,5559,63
2021-05-13,Trinity,105,12862,482,327,90,417,3
2021-05-13,Tulare,107,460477,50072,49032,8981,58013,837
2021-05-13,Tuolumne,109,53932,4011,4059,41,4100,63
2021-05-13,Ventura,111,848112,81174,80615,2983,83598,1012
2021-05-13,Yolo,113,214977,13941,13914,307,14221,210
2021-05-13,Yuba,115,75493,5997,5962,122,6084,47
2021-05-12,Alameda,001,1643700,87637,87482,1945,89427,1261
2021-05-12,Alpine,003,1148,87,88,0,88,0
2021-05-12,Amador,005,37829,3665,3658,33,3691,46
2021-05-12,Butte,007,227075,12418,12026,1804,13830,199
2021-05-12,Calaveras,009,45235,2128,2119,13,2132,53
2021-05-12,Colusa,011,21464,1934,1939,297,2236,14
2021-05-12,Contra Costa,013,1133247,68986,68462,1258,69720,805
2021-05-12,Del Norte,015,27424,1390,1352,12,1364,8
2021-05-12,El Dorado,017,186661,10196,10123,743,10866,112
2021-05-12,Fresno,019,978130,102310,101838,8660,110498,1688
2021-05-12,Glenn,021,27897,2418,2391,556,2947,17
2021-05-12,Humboldt,023,135768,4090,3982,34,4016,37
2021-05-12,Imperial,025,180216,28509,28443,2731,31174,726
2021-05-12,Inyo,027,18085,1404,1400,13,1413,36
2021-05-12,Kern,029,883053,96988,95955,10805,106760,1310
2021-05-12,Kings,031,150075,23123,22896,1087,23983,246
2021-05-12,Lake,033,64148,3496,3476,9,3485,43
2021-05-12,Lassen,035,31185,5189,5151,108,5259,6
2021-05-12,Los Angeles,037,10098052,1204431,1195318,41110,1236428,24067
2021-05-12,Madera,039,155013,16560,16462,932,17394,238
2021-05-12,Marin,041,260295,14048,13997,251,14248,227
2021-05-12,Mariposa,043,17540,428,422,11,433,5
2021-05-12,Mendocino,045,87422,3920,3836,81,3917,46
2021-05-12,Merced,047,269075,30831,30941,1047,31988,450
2021-05-12,Modoc,049,8938,373,362,125,487,3
2021-05-12,Mono,051,14174,1253,1265,17,1282,3
2021-05-12,Monterey,053,433212,43087,42950,1867,44817,380
2021-05-12,Napa,055,140530,9868,9870,36,9906,82
2021-05-12,Nevada,057,99092,4770,4738,188,4926,70
2021-05-12,Orange,059,3164182,254901,253587,11331,264918,5024
2021-05-12,Placer,061,380077,23036,22652,1456,24108,288
2021-05-12,Plumas,063,18699,698,681,10,691,4
2021-05-12,Riverside,065,2383286,293470,287830,13988,301818,4431
2021-05-12,Sacramento,067,1510023,104978,104592,1730,106322,1621
2021-05-12,San Benito,069,59416,6046,6062,114,6176,63
2021-05-12,San Bernardino,071,2135413,292710,291505,8974,300479,4715
2021-05-12,San Diego,073,3302833,279577,278402,14775,293177,3729
2021-05-12,San Francisco,075,870044,36541,36720,1275,37995,544
2021-05-12,San Joaquin,077,732212,72664,72043,3513,75556,1356
2021-05-12,San Luis Obispo,079,281455,21278,21021,730,21751,255
2021-05-12,San Mateo,081,765935,42160,42038,469,42507,426
2021-05-12,Santa Barbara,083,443738,34352,34218,1136,35354,456
2021-05-12,Santa Clara,085,1922200,118239,118897,759,119656,2005
2021-05-12,Santa Cruz,087,273765,16183,16123,811,16934,207
2021-05-12,Shasta,089,179085,12110,12092,1533,13625,200
2021-05-12,Sierra,091,2930,56,54,12,66,0
2021-05-12,Siskiyou,093,43540,1871,1760,343,2103,13
2021-05-12,Solano,095,438530,32567,32519,546,33065,252
2021-05-12,Sonoma,097,501317,29829,29976,329,30305,320
2021-05-12,Stanislaus,099,539301,55921,55632,5894,61526,919
2021-05-12,Sutter,101,95872,9387,9427,83,9510,112
2021-05-12,Tehama,103,63373,5023,4989,562,5551,62
2021-05-12,Trinity,105,12862,482,327,90,417,3
2021-05-12,Tulare,107,460477,50056,49001,8973,57974,838
2021-05-12,Tuolumne,109,53932,4010,4056,41,4097,63
2021-05-12,Ventura,111,848112,81155,80577,2983,83560,1010
2021-05-12,Yolo,113,214977,13933,13910,306,14216,210
2021-05-12,Yuba,115,75493,5994,5956,122,6078,47
2021-05-11,Alameda,001,1643700,87572,87413,1941,89354,1290
2021-05-11,Alpine,003,1148,87,88,0,88,0
2021-05-11,Amador,005,37829,3663,3657,33,3690,46
2021-05-11,Butte,007,227075,12403,12008,1801,13809,199
2021-05-11,Calaveras,009,45235,2128,2118,13,2131,52
2021-05-11,Colusa,011,21464,1933,1939,297,2236,14
2021-05-11,Contra Costa,013,1133247,68926,68406,1257,69663,806
2021-05-11,Del Norte,015,27424,1388,1347,12,1359,8
2021-05-11,El Dorado,017,186661,10190,10108,742,10850,112
2021-05-11,Fresno,019,978130,102264,101792,8655,110447,1686
2021-05-11,Glenn,021,27897,2417,2387,555,2942,17
2021-05-11,Humboldt,023,135768,4069,3964,33,3997,37
2021-05-11,Imperial,025,180216,28501,28413,2727,31140,722
2021-05-11,Inyo,027,18085,1403,1402,13,1415,36
2021-05-11,Kern,029,883053,96960,95938,10792,106730,1310
2021-05-11,Kings,031,150075,23115,22887,1087,23974,246
2021-05-11,Lake,033,64148,3496,3473,9,3482,43
2021-05-11,Lassen,035,31185,5187,5148,108,5256,6
2021-05-11,Los Angeles,037,10098052,1204190,1195100,41093,1236193,24048
2021-05-11,Madera,039,155013,16556,16459,931,17390,238
2021-05-11,Marin,041,260295,14041,13987,251,14238,227
2021-05-11,Mariposa,043,17540,428,421,11,432,5
2021-05-11,Mendocino,045,87422,3912,3821,81,3902,46
2021-05-11,Merced,047,269075,30822,30893,1047,31940,449
2021-05-11,Modoc,049,8938,373,362,124,486,3
2021-05-11,Mono,051,14174,1253,1265,17,1282,3
2021-05-11,Monterey,053,433212,43079,42934,1866,44800,380
2021-05-11,Napa,055,140530,9861,9870,36,9906,81
2021-05-11,Nevada,057,99092,4766,4737,188,4925,70
2021-05-11,Orange,059,3164182,254838,253545,11323,264868,5017
2021-05-11,Placer,061,380077,23014,22615,1452,24067,287
2021-05-11,Plumas,063,18699,696,679,10,689,4
2021-05-11,Riverside,065,2383286,293408,287757,13983,301740,4429
2021-05-11,Sacramento,067,1510023,104879,104496,1727,106223,1616
2021-05-11,San Benito,069,59416,6043,6058,114,6172,63
2021-05-11,San Bernardino,071,2135413,292650,291421,8972,300393,4707
2021-05-11,San Diego,073,3302833,279442,278308,14756,293064,3725
2021-05-11,San Francisco,075,870044,36521,36707,1275,37982,543
2021-05-11,San Joaquin,077,732212,72616,71999,3510,75509,1356
2021-05-11,San Luis Obispo,079,281455,21271,21008,728,21736,255
2021-05-11,San Mateo,081,765935,42141,41985,468,42453,425
2021-05-11,Santa Barbara,083,443738,34342,34207,1136,35343,456
2021-05-11,Santa Clara,085,1922200,118192,118857,758,119615,2005
2021-05-11,Santa Cruz,087,273765,16179,16113,811,16924,206
2021-05-11,Shasta,089,179085,12087,12050,1527,13577,200
2021-05-11,Sierra,091,2930,56,54,12,66,0
2021-05-11,Siskiyou,093,43540,1861,1756,341,2097,13
2021-05-11,Solano,095,438530,32549,32499,544,33043,250
2021-05-11,Sonoma,097,501317,29814,29966,329,30295,318
2021-05-11,Stanislaus,099,539301,55874,55589,5890,61479,909
2021-05-11,Sutter,101,95872,9380,9417,83,9500,112
2021-05-11,Tehama,103,63373,5019,4985,561,5546,62
2021-05-11,Trinity,105,12862,482,327,89,416,3
2021-05-11,Tulare,107,460477,50029,48974,8959,57933,837
2021-05-11,Tuolumne,109,53932,4009,4056,41,4097,63
2021-05-11,Ventura,111,848112,81131,80544,2980,83524,1008
2021-05-11,Yolo,113,214977,13920,13902,303,14205,210
2021-05-11,Yuba,115,75493,5985,5950,122,6072,46
2021-05-10,Alameda,001,1643700,87502,87366,1940,89306,1284
2021-05-10,Alpine,003,1148,87,88,0,88,0
2021-05-10,Amador,005,37829,3662,3657,33,3690,46
2021-05-10,Butte,007,227075,12387,11993,1797,13790,199
2021-05-10,Calaveras,009,45235,2121,2118,13,2131,52
2021-05-10,Colusa,011,21464,1933,1939,297,2236,14
2021-05-10,Contra Costa,013,1133247,68862,68357,1257,69614,806
2021-05-10,Del Norte,015,27424,1385,1339,12,1351,8
2021-05-10,El Dorado,017,186661,10176,10093,742,10835,113
2021-05-10,Fresno,019,978130,102232,101755,8648,110403,1682
2021-05-10,Glenn,021,27897,2416,2384,554,2938,17
2021-05-10,Humboldt,023,135768,4039,3961,33,3994,36
2021-05-10,Imperial,025,180216,28487,28397,2723,31120,722
2021-05-10,Inyo,027,18085,1403,1401,13,1414,36
2021-05-10,Kern,029,883053,96917,95920,10778,106698,1310
2021-05-10,Kings,031,150075,23104,22884,1086,23970,246
2021-05-10,Lake,033,64148,3488,3471,9,3480,43
2021-05-10,Lassen,035,31185,5183,5148,108,5256,5
2021-05-10,Los Angeles,037,10098052,1203923,1194976,41078,1236054,24030
2021-05-10,Madera,039,155013,16546,16450,931,17381,238
2021-05-10,Marin,041,260295,14038,13981,251,14232,228
2021-05-10,Mariposa,043,17540,427,420,11,431,5
2021-05-10,Mendocino,045,87422,3906,3818,81,3899,46
2021-05-10,Merced,047,269075,30812,30880,1047,31927,448
2021-05-10,Modoc,049,8938,373,361,124,485,3
2021-05-10,Mono,051,14174,1253,1265,17,1282,3
2021-05-10,Monterey,053,433212,43073,42927,1861,44788,380
2021-05-10,Napa,055,140530,9859,9860,36,9896,81
2021-05-10,Nevada,057,99092,4759,4735,188,4923,70
2021-05-10,Orange,059,3164182,254785,253484,11317,264801,5008
2021-05-10,Placer,061,380077,22992,22590,1449,24039,286
2021-05-10,Plumas,063,18699,695,679,10,689,4
2021-05-10,Riverside,065,2383286,293339,287689,13977,301666,4427
2021-05-10,Sacramento,067,1510023,104766,104378,1722,106100,1613
2021-05-10,San Benito,069,59416,6042,6058,114,6172,63
2021-05-10,San Bernardino,071,2135413,292598,291360,8971,300331,4707
2021-05-10,San Diego,073,3302833,279278,278183,14729,292912,3725
2021-05-10,San Francisco,075,870044,36502,36683,1275,37958,543
2021-05-10,San Joaquin,077,732212,72579,71954,3495,75449,1356
2021-05-10,San Luis Obispo,079,281455,21253,20993,727,21720,256
2021-05-10,San Mateo,081,765935,42124,41926,468,42394,424
2021-05-10,Santa Barbara,083,443738,34334,34201,1136,35337,456
2021-05-10,Santa Clara,085,1922200,118133,118822,758,119580,2003
2021-05-10,Santa Cruz,087,273765,16174,16114,811,16925,206
2021-05-10,Shasta,089,179085,12073,12036,1523,13559,200
2021-05-10,Sierra,091,2930,56,54,12,66,0
2021-05-10,Siskiyou,093,43540,1851,1752,339,2091,13
2021-05-10,Solano,095,438530,32529,32466,542,33008,250
2021-05-10,Sonoma,097,501317,29799,29955,328,30283,318
2021-05-10,Stanislaus,099,539301,55799,55541,5884,61425,898
2021-05-10,Sutter,101,95872,9374,9412,83,9495,111
2021-05-10,Tehama,103,63373,5015,4980,561,5541,62
2021-05-10,Trinity,105,12862,482,327,87,414,3
2021-05-10,Tulare,107,460477,50006,48956,8953,57909,837
2021-05-10,Tuolumne,109,53932,4005,4054,40,4094,63
2021-05-10,Ventura,111,848112,81115,80501,2978,83479,1008
2021-05-10,Yolo,113,214977,13908,13898,301,14199,209
2021-05-10,Yuba,115,75493,5983,5942,122,6064,46
2021-05-09,Alameda,001,1643700,87431,87292,1937,89229,1284
2021-05-09,Alpine,003,1148,87,88,0,88,0
2021-05-09,Amador,005,37829,3660,3655,33,3688,46
2021-05-09,Butte,007,227075,12369,11985,1793,13778,199
2021-05-09,Calaveras,009,45235,2120,2116,13,2129,52
2021-05-09,Colusa,011,21464,1932,1940,297,2237,14
2021-05-09,Contra Costa,013,1133247,68799,68302,1255,69557,806
2021-05-09,Del Norte,015,27424,1378,1338,12,1350,8
2021-05-09,El Dorado,017,186661,10162,10089,739,10828,113
2021-05-09,Fresno,019,978130,102194,101729,8639,110368,1682
2021-05-09,Glenn,021,27897,2409,2382,551,2933,17
2021-05-09,Humboldt,023,135768,4019,3950,33,3983,36
2021-05-09,Imperial,025,180216,28464,28388,2715,31103,722
2021-05-09,Inyo,027,18085,1403,1401,12,1413,36
2021-05-09,Kern,029,883053,96889,95903,10768,106671,1310
2021-05-09,Kings,031,150075,23095,22878,1086,23964,246
2021-05-09,Lake,033,64148,3484,3471,9,3480,43
2021-05-09,Lassen,035,31185,5181,5147,108,5255,5
2021-05-09,Los Angeles,037,10098052,1203662,1194820,41062,1235882,24026
2021-05-09,Madera,039,155013,16537,16444,925,17369,238
2021-05-09,Marin,041,260295,14027,13979,250,14229,228
2021-05-09,Mariposa,043,17540,424,420,11,431,5
2021-05-09,Mendocino,045,87422,3896,3814,81,3895,46
2021-05-09,Merced,047,269075,30789,30883,1047,31930,448
2021-05-09,Modoc,049,8938,373,360,124,484,3
2021-05-09,Mono,051,14174,1253,1264,17,1281,3
2021-05-09,Monterey,053,433212,43055,42918,1861,44779,380
2021-05-09,Napa,055,140530,9848,9857,36,9893,81
2021-05-09,Nevada,057,99092,4752,4727,188,4915,70
2021-05-09,Orange,059,3164182,254731,253451,11309,264760,5008
2021-05-09,Placer,061,380077,22966,22566,1446,24012,286
2021-05-09,Plumas,063,18699,694,679,10,689,4
2021-05-09,Riverside,065,2383286,293259,287644,13971,301615,4427
2021-05-09,Sacramento,067,1510023,104617,104309,1716,106025,1612
2021-05-09,San Benito,069,59416,6040,6056,114,6170,63
2021-05-09,San Bernardino,071,2135413,292515,291337,8965,300302,4707
2021-05-09,San Diego,073,3302833,279111,277950,14707,292657,3725
2021-05-09,San Francisco,075,870044,36476,36669,1273,37942,543
2021-05-09,San Joaquin,077,732212,72533,71927,3494,75421,1356
2021-05-09,San Luis Obispo,079,281455,21242,20999,727,21726,256
2021-05-09,San Mateo,081,765935,42095,41903,468,42371,424
2021-05-09,Santa Barbara,083,443738,34321,34196,1135,35331,456
2021-05-09,Santa Clara,085,1922200,118079,118798,757,119555,2003
2021-05-09,Santa Cruz,087,273765,16168,16094,811,16905,206
2021-05-09,Shasta,089,179085,12043,12034,1518,13552,200
2021-05-09,Sierra,091,2930,56,54,12,66,0
2021-05-09,Siskiyou,093,43540,1844,1741,336,2077,13
2021-05-09,Solano,095,438530,32490,32434,539,32973,250
2021-05-09,Sonoma,097,501317,29785,29953,327,30280,318
2021-05-09,Stanislaus,099,539301,55733,55511,5880,61391,898
2021-05-09,Sutter,101,95872,9368,9413,83,9496,111
2021-05-09,Tehama,103,63373,5010,4979,561,5540,62
2021-05-09,Trinity,105,12862,482,327,87,414,3
2021-05-09,Tulare,107,460477,49979,48948,8948,57896,837
2021-05-09,Tuolumne,109,53932,4003,4053,40,4093,63
2021-05-09,Ventura,111,848112,81100,80487,2977,83464,1008
2021-05-09,Yolo,113,214977,13898,13897,300,14197,209
2021-05-09,Yuba,115,75493,5977,5934,122,6056,46
2021-05-08,Alameda,001,1643700,87389,87213,1933,89146,1284
2021-05-08,Alpine,003,1148,87,88,0,88,0
2021-05-08,Amador,005,37829,3658,3652,33,3685,46
2021-05-08,Butte,007,227075,12357,11962,1792,13754,199
2021-05-08,Calaveras,009,45235,2119,2114,13,2127,52
2021-05-08,Colusa,011,21464,1932,1939,297,2236,14
2021-05-08,Contra Costa,013,1133247,68766,68223,1253,69476,803
2021-05-08,Del Norte,015,27424,1375,1335,12,1347,8
2021-05-08,El Dorado,017,186661,10148,10079,739,10818,113
2021-05-08,Fresno,019,978130,102158,101676,8634,110310,1682
2021-05-08,Glenn,021,27897,2407,2382,549,2931,17
2021-05-08,Humboldt,023,135768,4003,3939,33,3972,36
2021-05-08,Imperial,025,180216,28456,28373,2715,31088,721
2021-05-08,Inyo,027,18085,1403,1402,12,1414,36
2021-05-08,Kern,029,883053,96864,95880,10755,106635,1310
2021-05-08,Kings,031,150075,23092,22872,1085,23957,246
2021-05-08,Lake,033,64148,3483,3470,9,3479,43
2021-05-08,Lassen,035,31185,5180,5145,108,5253,5
2021-05-08,Los Angeles,037,10098052,1203510,1194584,41046,1235630,24022
2021-05-08,Madera,039,155013,16533,16442,925,17367,238
2021-05-08,Marin,041,260295,14024,13974,249,14223,228
2021-05-08,Mariposa,043,17540,424,420,11,431,5
2021-05-08,Mendocino,045,87422,3891,3810,80,3890,46
2021-05-08,Merced,047,269075,30780,30876,1047,31923,448
2021-05-08,Modoc,049,8938,373,360,123,483,3
2021-05-08,Mono,051,14174,1253,1262,17,1279,3
2021-05-08,Monterey,053,433212,43050,42914,1860,44774,380
2021-05-08,Napa,055,140530,9841,9853,36,9889,81
2021-05-08,Nevada,057,99092,4749,4716,188,4904,70
2021-05-08,Orange,059,3164182,254697,253412,11306,264718,5006
2021-05-08,Placer,061,380077,22948,22547,1444,23991,286
2021-05-08,Plumas,063,18699,693,679,10,689,4
2021-05-08,Riverside,065,2383286,293216,287574,13969,301543,4427
2021-05-08,Sacramento,067,1510023,104532,104208,1713,105921,1610
2021-05-08,San Benito,069,59416,6039,6048,114,6162,63
2021-05-08,San Bernardino,071,2135413,292472,291296,8965,300261,4707
2021-05-08,San Diego,073,3302833,279028,277760,14689,292449,3725
2021-05-08,San Francisco,075,870044,36453,36642,1273,37915,543
2021-05-08,San Joaquin,077,732212,72504,71869,3485,75354,1356
2021-05-08,San Luis Obispo,079,281455,21231,20992,727,21719,256
2021-05-08,San Mateo,081,765935,42084,41871,468,42339,424
2021-05-08,Santa Barbara,083,443738,34308,34185,1135,35320,456
2021-05-08,Santa Clara,085,1922200,118048,118751,757,119508,2003
2021-05-08,Santa Cruz,087,273765,16165,16089,811,16900,206
2021-05-08,Shasta,089,179085,12033,12030,1514,13544,200
2021-05-08,Sierra,091,2930,56,54,12,66,0
2021-05-08,Siskiyou,093,43540,1843,1741,332,2073,13
2021-05-08,Solano,095,438530,32466,32395,537,32932,249
2021-05-08,Sonoma,097,501317,29772,29942,327,30269,318
2021-05-08,Stanislaus,099,539301,55702,55467,5876,61343,898
2021-05-08,Sutter,101,95872,9365,9413,83,9496,111
2021-05-08,Tehama,103,63373,5008,4977,561,5538,62
2021-05-08,Trinity,105,12862,482,327,87,414,3
2021-05-08,Tulare,107,460477,49965,48929,8938,57867,837
2021-05-08,Tuolumne,109,53932,4002,4050,40,4090,63
2021-05-08,Ventura,111,848112,81089,80481,2974,83455,1008
2021-05-08,Yolo,113,214977,13895,13894,299,14193,209
2021-05-08,Yuba,115,75493,5969,5928,122,6050,46
2021-05-07,Alameda,001,1643700,87336,87128,1932,89060,1280
2021-05-07,Alpine,003,1148,87,88,0,88,0
2021-05-07,Amador,005,37829,3655,3651,33,3684,46
2021-05-07,Butte,007,227075,12336,11943,1789,13732,199
2021-05-07,Calaveras,009,45235,2117,2114,13,2127,52
2021-05-07,Colusa,011,21464,1932,1937,297,2234,14
2021-05-07,Contra Costa,013,1133247,68719,68156,1251,69407,804
2021-05-07,Del Norte,015,27424,1370,1329,12,1341,8
2021-05-07,El Dorado,017,186661,10135,10065,737,10802,112
2021-05-07,Fresno,019,978130,102125,101625,8633,110258,1684
2021-05-07,Glenn,021,27897,2404,2381,548,2929,17
2021-05-07,Humboldt,023,135768,3988,3919,33,3952,36
2021-05-07,Imperial,025,180216,28448,28352,2715,31067,721
2021-05-07,Inyo,027,18085,1403,1402,12,1414,36
2021-05-07,Kern,029,883053,96851,95839,10743,106582,1308
2021-05-07,Kings,031,150075,23091,22857,1084,23941,246
2021-05-07,Lake,033,64148,3481,3467,9,3476,43
2021-05-07,Lassen,035,31185,5179,5144,107,5251,5
2021-05-07,Los Angeles,037,10098052,1203331,1194294,41039,1235333,24008
2021-05-07,Madera,039,155013,16528,16439,924,17363,238
2021-05-07,Marin,041,260295,14020,13968,249,14217,228
2021-05-07,Mariposa,043,17540,423,419,11,430,5
2021-05-07,Mendocino,045,87422,3885,3805,80,3885,46
2021-05-07,Merced,047,269075,30777,30862,1047,31909,446
2021-05-07,Modoc,049,8938,373,360,123,483,3
2021-05-07,Mono,051,14174,1252,1261,17,1278,3
2021-05-07,Monterey,053,433212,43044,42909,1858,44767,380
2021-05-07,Napa,055,140530,9840,9849,36,9885,81
2021-05-07,Nevada,057,99092,4745,4704,188,4892,70
2021-05-07,Orange,059,3164182,254657,253338,11297,264635,5000
2021-05-07,Placer,061,380077,22928,22524,1442,23966,286
2021-05-07,Plumas,063,18699,693,678,10,688,4
2021-05-07,Riverside,065,2383286,293158,287479,13968,301447,4426
2021-05-07,Sacramento,067,1510023,104460,104068,1708,105776,1609
2021-05-07,San Benito,069,59416,6038,6048,114,6162,63
2021-05-07,San Bernardino,071,2135413,292430,291185,8960,300145,4697
2021-05-07,San Diego,073,3302833,278942,277534,14673,292207,3718
2021-05-07,San Francisco,075,870044,36440,36616,1272,37888,543
2021-05-07,San Joaquin,077,732212,72464,71804,3483,75287,1351
2021-05-07,San Luis Obispo,079,281455,21224,20979,727,21706,256
2021-05-07,San Mateo,081,765935,42069,41844,468,42312,424
2021-05-07,Santa Barbara,083,443738,34298,34166,1135,35301,453
2021-05-07,Santa Clara,085,1922200,118015,118691,756,119447,2002
2021-05-07,Santa Cruz,087,273765,16162,16074,811,16885,206
2021-05-07,Shasta,089,179085,12011,12005,1512,13517,200
2021-05-07,Sierra,091,2930,56,54,12,66,0
2021-05-07,Siskiyou,093,43540,1840,1723,332,2055,13
2021-05-07,Solano,095,438530,32438,32352,535,32887,249
2021-05-07,Sonoma,097,501317,29754,29925,325,30250,318
2021-05-07,Stanislaus,099,539301,55661,55407,5871,61278,896
2021-05-07,Sutter,101,95872,9365,9407,83,9490,111
2021-05-07,Tehama,103,63373,5001,4974,561,5535,57
2021-05-07,Trinity,105,12862,482,327,87,414,3
2021-05-07,Tulare,107,460477,49948,48913,8933,57846,837
2021-05-07,Tuolumne,109,53932,4000,4048,40,4088,63
2021-05-07,Ventura,111,848112,81065,80444,2974,83418,1008
2021-05-07,Yolo,113,214977,13889,13875,298,14173,209
2021-05-07,Yuba,115,75493,5959,5910,122,6032,46
2021-05-06,Alameda,001,1643700,87260,87028,1929,88957,1278
2021-05-06,Alpine,003,1148,87,88,0,88,0
2021-05-06,Amador,005,37829,3653,3650,33,3683,46
2021-05-06,Butte,007,227075,12316,11929,1784,13713,198
2021-05-06,Calaveras,009,45235,2116,2111,13,2124,52
2021-05-06,Colusa,011,21464,1932,1935,297,2232,14
2021-05-06,Contra Costa,013,1133247,68664,68076,1248,69324,802
2021-05-06,Del Norte,015,27424,1362,1324,12,1336,6
2021-05-06,El Dorado,017,186661,10128,10048,737,10785,112
2021-05-06,Fresno,019,978130,102081,101536,8629,110165,1680
2021-05-06,Glenn,021,27897,2403,2380,547,2927,17
2021-05-06,Humboldt,023,135768,3963,3898,33,3931,36
2021-05-06,Imperial,025,180216,28437,28311,2714,31025,720
2021-05-06,Inyo,027,18085,1403,1401,12,1413,36
2021-05-06,Kern,029,883053,96826,95801,10726,106527,1307
2021-05-06,Kings,031,150075,23084,22848,1083,23931,246
2021-05-06,Lake,033,64148,3480,3465,9,3474,43
2021-05-06,Lassen,035,31185,5178,5143,107,5250,1
2021-05-06,Los Angeles,037,10098052,1203089,1193954,41023,1234977,23991
2021-05-06,Madera,039,155013,16520,16430,924,17354,238
2021-05-06,Marin,041,260295,14016,13956,249,14205,228
2021-05-06,Mariposa,043,17540,422,419,11,430,5
2021-05-06,Mendocino,045,87422,3874,3802,80,3882,46
2021-05-06,Merced,047,269075,30762,30863,1046,31909,444
2021-05-06,Modoc,049,8938,373,360,123,483,3
2021-05-06,Mono,051,14174,1250,1261,17,1278,3
2021-05-06,Monterey,053,433212,43029,42899,1858,44757,379
2021-05-06,Napa,055,140530,9834,9843,36,9879,81
2021-05-06,Nevada,057,99092,4744,4687,188,4875,70
2021-05-06,Orange,059,3164182,254589,253286,11291,264577,4991
2021-05-06,Placer,061,380077,22906,22493,1442,23935,286
2021-05-06,Plumas,063,18699,693,678,10,688,4
2021-05-06,Riverside,065,2383286,293085,287399,13963,301362,4422
2021-05-06,Sacramento,067,1510023,104343,103956,1705,105661,1609
2021-05-06,San Benito,069,59416,6037,6045,114,6159,63
2021-05-06,San Bernardino,071,2135413,292360,291085,8959,300044,4683
2021-05-06,San Diego,073,3302833,278815,277324,14650,291974,3716
2021-05-06,San Francisco,075,870044,36425,36599,1272,37871,543
2021-05-06,San Joaquin,077,732212,72409,71729,3480,75209,1350
2021-05-06,San Luis Obispo,079,281455,21212,20965,725,21690,256
2021-05-06,San Mateo,081,765935,42050,41802,467,42269,424
2021-05-06,Santa Barbara,083,443738,34285,34152,1135,35287,453
2021-05-06,Santa Clara,085,1922200,117974,118591,756,119347,2001
2021-05-06,Santa Cruz,087,273765,16155,16050,811,16861,206
2021-05-06,Shasta,089,179085,11989,11983,1506,13489,199
2021-05-06,Sierra,091,2930,56,54,12,66,0
2021-05-06,Siskiyou,093,43540,1830,1711,331,2042,12
2021-05-06,Solano,095,438530,32412,32320,527,32847,249
2021-05-06,Sonoma,097,501317,29746,29911,325,30236,318
2021-05-06,Stanislaus,099,539301,55605,55323,5866,61189,834
2021-05-06,Sutter,101,95872,9359,9396,83,9479,111
2021-05-06,Tehama,103,63373,4996,4970,561,5531,53
2021-05-06,Trinity,105,12862,482,327,87,414,3
2021-05-06,Tulare,107,460477,49923,48890,8918,57808,836
2021-05-06,Tuolumne,109,53932,3996,4047,40,4087,63
2021-05-06,Ventura,111,848112,81034,80411,2971,83382,1005
2021-05-06,Yolo,113,214977,13882,13871,294,14165,209
2021-05-06,Yuba,115,75493,5947,5901,122,6023,46
2021-05-05,Alameda,001,1643700,87198,86950,1927,88877,1278
2021-05-05,Alpine,003,1148,87,88,0,88,0
2021-05-05,Amador,005,37829,3650,3650,33,3683,46
2021-05-05,Butte,007,227075,12298,11907,1781,13688,198
2021-05-05,Calaveras,009,45235,2112,2103,13,2116,52
2021-05-05,Colusa,011,21464,1931,1933,297,2230,14
2021-05-05,Contra Costa,013,1133247,68599,67997,1244,69241,803
2021-05-05,Del Norte,015,27424,1359,1317,12,1329,6
2021-05-05,El Dorado,017,186661,10117,10020,736,10756,111
2021-05-05,Fresno,019,978130,102032,101491,8620,110111,1680
2021-05-05,Glenn,021,27897,2400,2380,546,2926,17
2021-05-05,Humboldt,023,135768,3944,3886,32,3918,36
2021-05-05,Imperial,025,180216,28396,28295,2707,31002,720
2021-05-05,Inyo,027,18085,1402,1401,12,1413,36
2021-05-05,Kern,029,883053,96782,95753,10722,106475,1304
2021-05-05,Kings,031,150075,23078,22840,1082,23922,246
2021-05-05,Lake,033,64148,3477,3458,9,3467,43
2021-05-05,Lassen,035,31185,5178,5143,106,5249,1
2021-05-05,Los Angeles,037,10098052,1202818,1193608,41009,1234617,23977
2021-05-05,Madera,039,155013,16518,16423,924,17347,235
2021-05-05,Marin,041,260295,14008,13950,248,14198,228
2021-05-05,Mariposa,043,17540,422,418,11,429,5
2021-05-05,Mendocino,045,87422,3870,3799,80,3879,46
2021-05-05,Merced,047,269075,30741,30844,1046,31890,444
2021-05-05,Modoc,049,8938,372,361,122,483,3
2021-05-05,Mono,051,14174,1250,1260,17,1277,3
2021-05-05,Monterey,053,433212,43016,42870,1855,44725,379
2021-05-05,Napa,055,140530,9828,9833,36,9869,81
2021-05-05,Nevada,057,99092,4741,4666,188,4854,70
2021-05-05,Orange,059,3164182,254531,253237,11286,264523,4978
2021-05-05,Placer,061,380077,22874,22362,1438,23800,287
2021-05-05,Plumas,063,18699,693,677,10,687,4
2021-05-05,Riverside,065,2383286,292990,287353,13953,301306,4414
2021-05-05,Sacramento,067,1510023,104255,103476,1700,105176,1607
2021-05-05,San Benito,069,59416,6028,6046,114,6160,63
2021-05-05,San Bernardino,071,2135413,292285,291008,8955,299963,4677
2021-05-05,San Diego,073,3302833,278678,277098,14631,291729,3716
2021-05-05,San Francisco,075,870044,36411,36577,1271,37848,543
2021-05-05,San Joaquin,077,732212,72356,71638,3477,75115,1345
2021-05-05,San Luis Obispo,079,281455,21204,20958,725,21683,256
2021-05-05,San Mateo,081,765935,42021,41755,466,42221,415
2021-05-05,Santa Barbara,083,443738,34270,34139,1134,35273,453
2021-05-05,Santa Clara,085,1922200,117944,118482,752,119234,1992
2021-05-05,Santa Cruz,087,273765,16149,16013,811,16824,207
2021-05-05,Shasta,089,179085,11973,11939,1502,13441,200
2021-05-05,Sierra,091,2930,56,54,12,66,0
2021-05-05,Siskiyou,093,43540,1813,1706,323,2029,11
2021-05-05,Solano,095,438530,32377,32250,525,32775,249
2021-05-05,Sonoma,097,501317,29733,29879,325,30204,318
2021-05-05,Stanislaus,099,539301,55548,55231,5864,61095,807
2021-05-05,Sutter,101,95872,9353,9387,83,9470,111
2021-05-05,Tehama,103,63373,4992,4968,561,5529,53
2021-05-05,Trinity,105,12862,482,326,87,413,3
2021-05-05,Tulare,107,460477,49899,48875,8911,57786,835
2021-05-05,Tuolumne,109,53932,3993,4040,40,4080,63
2021-05-05,Ventura,111,848112,81006,80372,2967,83339,1005
2021-05-05,Yolo,113,214977,13878,13846,292,14138,209
2021-05-05,Yuba,115,75493,5937,5895,121,6016,44
2021-05-04,Alameda,001,1643700,87106,86894,1927,88821,1277
2021-05-04,Alpine,003,1148,87,88,0,88,0
2021-05-04,Amador,005,37829,3650,3650,33,3683,46
2021-05-04,Butte,007,227075,12274,11883,1780,13663,198
2021-05-04,Calaveras,009,45235,2107,2100,13,2113,52
2021-05-04,Colusa,011,21464,1930,1933,297,2230,14
2021-05-04,Contra Costa,013,1133247,68519,67931,1242,69173,799
2021-05-04,Del Norte,015,27424,1359,1314,12,1326,6
2021-05-04,El Dorado,017,186661,10106,10009,732,10741,110
2021-05-04,Fresno,019,978130,101977,101451,8613,110064,1677
2021-05-04,Glenn,021,27897,2397,2379,543,2922,17
2021-05-04,Humboldt,023,135768,3918,3877,32,3909,36
2021-05-04,Imperial,025,180216,28376,28276,2703,30979,720
2021-05-04,Inyo,027,18085,1402,1399,12,1411,36
2021-05-04,Kern,029,883053,96746,95720,10704,106424,1301
2021-05-04,Kings,031,150075,23064,22822,1079,23901,246
2021-05-04,Lake,033,64148,3476,3454,9,3463,43
2021-05-04,Lassen,035,31185,5177,5142,106,5248,1
2021-05-04,Los Angeles,037,10098052,1202529,1193453,40997,1234450,23957
2021-05-04,Madera,039,155013,16517,16418,924,17342,235
2021-05-04,Marin,041,260295,14000,13935,248,14183,228
2021-05-04,Mariposa,043,17540,422,418,11,429,5
2021-05-04,Mendocino,045,87422,3865,3794,80,3874,46
2021-05-04,Merced,047,269075,30724,30829,1046,31875,444
2021-05-04,Modoc,049,8938,371,360,121,481,3
2021-05-04,Mono,051,14174,1250,1260,17,1277,3
2021-05-04,Monterey,053,433212,43004,42845,1854,44699,380
2021-05-04,Napa,055,140530,9819,9824,36,9860,81
2021-05-04,Nevada,057,99092,4734,4656,188,4844,70
2021-05-04,Orange,059,3164182,254463,253177,11276,264453,4977
2021-05-04,Placer,061,380077,22845,22326,1435,23761,287
2021-05-04,Plumas,063,18699,692,675,10,685,4
2021-05-04,Riverside,065,2383286,292906,287285,13946,301231,4411
2021-05-04,Sacramento,067,1510023,104126,103383,1695,105078,1604
2021-05-04,San Benito,069,59416,6027,6039,114,6153,63
2021-05-04,San Bernardino,071,2135413,292208,290934,8948,299882,4668
2021-05-04,San Diego,073,3302833,278511,276879,14614,291493,3713
2021-05-04,San Francisco,075,870044,36393,36550,1271,37821,541
2021-05-04,San Joaquin,077,732212,72295,71582,3472,75054,1342
2021-05-04,San Luis Obispo,079,281455,21198,20923,723,21646,255
2021-05-04,San Mateo,081,765935,41995,41708,466,42174,415
2021-05-04,Santa Barbara,083,443738,34255,34131,1133,35264,453
2021-05-04,Santa Clara,085,1922200,117881,118431,751,119182,1988
2021-05-04,Santa Cruz,087,273765,16143,16005,811,16816,207
2021-05-04,Shasta,089,179085,11953,11923,1496,13419,198
2021-05-04,Sierra,091,2930,56,54,12,66,0
2021-05-04,Siskiyou,093,43540,1806,1694,321,2015,11
2021-05-04,Solano,095,438530,32336,32220,523,32743,249
2021-05-04,Sonoma,097,501317,29713,29867,324,30191,318
2021-05-04,Stanislaus,099,539301,55492,55165,5861,61026,807
2021-05-04,Sutter,101,95872,9348,9375,83,9458,111
2021-05-04,Tehama,103,63373,4989,4959,560,5519,53
2021-05-04,Trinity,105,12862,482,326,87,413,3
2021-05-04,Tulare,107,460477,49872,48857,8902,57759,835
2021-05-04,Tuolumne,109,53932,3991,4041,40,4081,61
2021-05-04,Ventura,111,848112,80977,80351,2965,83316,1005
2021-05-04,Yolo,113,214977,13865,13820,290,14110,208
2021-05-04,Yuba,115,75493,5931,5891,121,6012,44
2021-05-03,Alameda,001,1643700,87030,86845,1921,88766,1272
2021-05-03,Alpine,003,1148,87,88,0,88,0
2021-05-03,Amador,005,37829,3650,3651,33,3684,46
2021-05-03,Butte,007,227075,12264,11864,1777,13641,198
2021-05-03,Calaveras,009,45235,2105,2099,13,2112,50
2021-05-03,Colusa,011,21464,1929,1931,295,2226,14
2021-05-03,Contra Costa,013,1133247,68460,67895,1238,69133,799
2021-05-03,Del Norte,015,27424,1354,1306,11,1317,6
2021-05-03,El Dorado,017,186661,10088,9984,727,10711,110
2021-05-03,Fresno,019,978130,101921,101405,8602,110007,1678
2021-05-03,Glenn,021,27897,2397,2375,542,2917,17
2021-05-03,Humboldt,023,135768,3903,3865,32,3897,36
2021-05-03,Imperial,025,180216,28354,28280,2700,30980,720
2021-05-03,Inyo,027,18085,1401,1398,12,1410,36
2021-05-03,Kern,029,883053,96709,95693,10692,106385,1299
2021-05-03,Kings,031,150075,23055,22821,1079,23900,246
2021-05-03,Lake,033,64148,3474,3446,9,3455,43
2021-05-03,Lassen,035,31185,5176,5142,106,5248,1
2021-05-03,Los Angeles,037,10098052,1202260,1193261,40971,1234232,23942
2021-05-03,Madera,039,155013,16512,16414,923,17337,235
2021-05-03,Marin,041,260295,13994,13927,248,14175,228
2021-05-03,Mariposa,043,17540,422,418,11,429,5
2021-05-03,Mendocino,045,87422,3858,3792,80,3872,46
2021-05-03,Merced,047,269075,30713,30814,1044,31858,444
2021-05-03,Modoc,049,8938,371,360,121,481,3
2021-05-03,Mono,051,14174,1250,1259,17,1276,3
2021-05-03,Monterey,053,433212,42992,42837,1852,44689,380
2021-05-03,Napa,055,140530,9814,9815,36,9851,81
2021-05-03,Nevada,057,99092,4726,4650,188,4838,70
2021-05-03,Orange,059,3164182,254404,253107,11267,264374,4968
2021-05-03,Placer,061,380077,22814,22289,1429,23718,287
2021-05-03,Plumas,063,18699,691,675,10,685,4
2021-05-03,Riverside,065,2383286,292832,287233,13945,301178,4412
2021-05-03,Sacramento,067,1510023,103973,103303,1685,104988,1602
2021-05-03,San Benito,069,59416,6026,6038,114,6152,63
2021-05-03,San Bernardino,071,2135413,292140,290886,8945,299831,4659
2021-05-03,San Diego,073,3302833,278348,276693,14589,291282,3712
2021-05-03,San Francisco,075,870044,36367,36538,1271,37809,541
2021-05-03,San Joaquin,077,732212,72245,71504,3469,74973,1325
2021-05-03,San Luis Obispo,079,281455,21182,20915,720,21635,254
2021-05-03,San Mateo,081,765935,41972,41689,465,42154,413
2021-05-03,Santa Barbara,083,443738,34243,34119,1133,35252,453
2021-05-03,Santa Clara,085,1922200,117827,118373,750,119123,1988
2021-05-03,Santa Cruz,087,273765,16140,16000,811,16811,207
2021-05-03,Shasta,089,179085,11930,11890,1491,13381,197
2021-05-03,Sierra,091,2930,56,54,12,66,0
2021-05-03,Siskiyou,093,43540,1800,1683,315,1998,11
2021-05-03,Solano,095,438530,32295,32201,522,32723,249
2021-05-03,Sonoma,097,501317,29701,29855,321,30176,318
2021-05-03,Stanislaus,099,539301,55426,55116,5852,60968,774
2021-05-03,Sutter,101,95872,9336,9370,83,9453,111
2021-05-03,Tehama,103,63373,4981,4952,560,5512,53
2021-05-03,Trinity,105,12862,482,326,87,413,3
2021-05-03,Tulare,107,460477,49854,48844,8892,57736,835
2021-05-03,Tuolumne,109,53932,3990,4038,40,4078,61
2021-05-03,Ventura,111,848112,80955,80291,2965,83256,1005
2021-05-03,Yolo,113,214977,13852,13809,288,14097,208
2021-05-03,Yuba,115,75493,5926,5880,121,6001,44
2021-05-02,Alameda,001,1643700,86945,86784,1920,88704,1272
2021-05-02,Alpine,003,1148,87,88,0,88,0
2021-05-02,Amador,005,37829,3650,3650,33,3683,46
2021-05-02,Butte,007,227075,12240,11859,1774,13633,198
2021-05-02,Calaveras,009,45235,2101,2098,13,2111,50
2021-05-02,Colusa,011,21464,1928,1931,294,2225,14
2021-05-02,Contra Costa,013,1133247,68375,67843,1236,69079,800
2021-05-02,Del Norte,015,27424,1347,1305,11,1316,6
2021-05-02,El Dorado,017,186661,10073,9962,726,10688,110
2021-05-02,Fresno,019,978130,101849,101372,8591,109963,1678
2021-05-02,Glenn,021,27897,2396,2374,540,2914,17
2021-05-02,Humboldt,023,135768,3891,3858,31,3889,36
2021-05-02,Imperial,025,180216,28320,28275,2691,30966,721
2021-05-02,Inyo,027,18085,1399,1398,12,1410,36
2021-05-02,Kern,029,883053,96651,95668,10685,106353,1299
2021-05-02,Kings,031,150075,23037,22816,1078,23894,246
2021-05-02,Lake,033,64148,3472,3443,9,3452,43
2021-05-02,Lassen,035,31185,5175,5142,105,5247,1
2021-05-02,Los Angeles,037,10098052,1201908,1193056,40950,1234006,23943
2021-05-02,Madera,039,155013,16506,16410,923,17333,235
2021-05-02,Marin,041,260295,13984,13917,248,14165,228
2021-05-02,Mariposa,043,17540,422,419,11,430,5
2021-05-02,Mendocino,045,87422,3853,3787,80,3867,46
2021-05-02,Merced,047,269075,30693,30793,1040,31833,444
2021-05-02,Modoc,049,8938,370,360,121,481,3
2021-05-02,Mono,051,14174,1249,1259,17,1276,3
2021-05-02,Monterey,053,433212,42978,42837,1851,44688,380
2021-05-02,Napa,055,140530,9810,9805,36,9841,81
2021-05-02,Nevada,057,99092,4710,4635,188,4823,70
2021-05-02,Orange,059,3164182,254330,253025,11253,264278,4968
2021-05-02,Placer,061,380077,22785,22264,1426,23690,287
2021-05-02,Plumas,063,18699,691,675,10,685,4
2021-05-02,Riverside,065,2383286,292732,287197,13935,301132,4412
2021-05-02,Sacramento,067,1510023,103833,103153,1678,104831,1602
2021-05-02,San Benito,069,59416,6021,6037,114,6151,63
2021-05-02,San Bernardino,071,2135413,292041,290859,8943,299802,4655
2021-05-02,San Diego,073,3302833,278152,276521,14562,291083,3712
2021-05-02,San Francisco,075,870044,36341,36522,1271,37793,541
2021-05-02,San Joaquin,077,732212,72181,71447,3462,74909,1325
2021-05-02,San Luis Obispo,079,281455,21161,20910,719,21629,254
2021-05-02,San Mateo,081,765935,41956,41656,464,42120,412
2021-05-02,Santa Barbara,083,443738,34229,34106,1133,35239,453
2021-05-02,Santa Clara,085,1922200,117753,118321,750,119071,1988
2021-05-02,Santa Cruz,087,273765,16135,15995,810,16805,207
2021-05-02,Shasta,089,179085,11914,11885,1483,13368,197
2021-05-02,Sierra,091,2930,56,54,12,66,0
2021-05-02,Siskiyou,093,43540,1789,1661,314,1975,11
2021-05-02,Solano,095,438530,32256,32151,518,32669,249
2021-05-02,Sonoma,097,501317,29679,29842,321,30163,318
2021-05-02,Stanislaus,099,539301,55352,55057,5845,60902,774
2021-05-02,Sutter,101,95872,9330,9363,83,9446,111
2021-05-02,Tehama,103,63373,4976,4950,558,5508,53
2021-05-02,Trinity,105,12862,482,326,87,413,3
2021-05-02,Tulare,107,460477,49836,48834,8884,57718,835
2021-05-02,Tuolumne,109,53932,3987,4038,40,4078,61
2021-05-02,Ventura,111,848112,80917,80284,2964,83248,1005
2021-05-02,Yolo,113,214977,13840,13799,287,14086,208
2021-05-02,Yuba,115,75493,5916,5879,121,6000,44
2021-05-01,Alameda,001,1643700,86902,86704,1917,88621,1270
2021-05-01,Alpine,003,1148,87,88,0,88,0
2021-05-01,Amador,005,37829,3650,3650,33,3683,46
2021-05-01,Butte,007,227075,12226,11845,1769,13614,198
2021-05-01,Calaveras,009,45235,2099,2096,13,2109,50
2021-05-01,Colusa,011,21464,1927,1931,294,2225,14
2021-05-01,Contra Costa,013,1133247,68323,67779,1233,69012,800
2021-05-01,Del Norte,015,27424,1346,1292,11,1303,6
2021-05-01,El Dorado,017,186661,10059,9944,724,10668,110
2021-05-01,Fresno,019,978130,101804,101326,8585,109911,1678
2021-05-01,Glenn,021,27897,2393,2369,539,2908,17
2021-05-01,Humboldt,023,135768,3877,3845,31,3876,36
2021-05-01,Imperial,025,180216,28313,28262,2691,30953,721
2021-05-01,Inyo,027,18085,1399,1397,12,1409,36
2021-05-01,Kern,029,883053,96624,95645,10674,106319,1299
2021-05-01,Kings,031,150075,23034,22797,1077,23874,246
2021-05-01,Lake,033,64148,3470,3441,9,3450,43
2021-05-01,Lassen,035,31185,5173,5142,105,5247,1
2021-05-01,Los Angeles,037,10098052,1201739,1192781,40935,1233716,23946
2021-05-01,Madera,039,155013,16502,16408,923,17331,235
2021-05-01,Marin,041,260295,13977,13902,248,14150,228
2021-05-01,Mariposa,043,17540,422,418,11,429,5
2021-05-01,Mendocino,045,87422,3851,3782,80,3862,46
2021-05-01,Merced,047,269075,30676,30771,1039,31810,444
2021-05-01,Modoc,049,8938,370,361,121,482,3
2021-05-01,Mono,051,14174,1249,1258,17,1275,3
2021-05-01,Monterey,053,433212,42972,42828,1851,44679,379
2021-05-01,Napa,055,140530,9807,9800,36,9836,81
2021-05-01,Nevada,057,99092,4705,4625,188,4813,70
2021-05-01,Orange,059,3164182,254287,252969,11242,264211,4964
2021-05-01,Placer,061,380077,22759,22240,1424,23664,287
2021-05-01,Plumas,063,18699,690,675,10,685,4
2021-05-01,Riverside,065,2383286,292693,287129,13933,301062,4412
2021-05-01,Sacramento,067,1510023,103752,103043,1677,104720,1602
2021-05-01,San Benito,069,59416,6018,6030,114,6144,63
2021-05-01,San Bernardino,071,2135413,291998,290802,8941,299743,4652
2021-05-01,San Diego,073,3302833,278028,276367,14541,290908,3706
2021-05-01,San Francisco,075,870044,36326,36496,1271,37767,541
2021-05-01,San Joaquin,077,732212,72132,71389,3460,74849,1325
2021-05-01,San Luis Obispo,079,281455,21156,20896,719,21615,254
2021-05-01,San Mateo,081,765935,41927,41617,463,42080,411
2021-05-01,Santa Barbara,083,443738,34224,34085,1132,35217,453
2021-05-01,Santa Clara,085,1922200,117701,118265,748,119013,1988
2021-05-01,Santa Cruz,087,273765,16132,15984,810,16794,207
2021-05-01,Shasta,089,179085,11894,11878,1475,13353,197
2021-05-01,Sierra,091,2930,56,53,12,65,0
2021-05-01,Siskiyou,093,43540,1781,1653,313,1966,11
2021-05-01,Solano,095,438530,32226,32124,510,32634,249
2021-05-01,Sonoma,097,501317,29676,29835,321,30156,318
2021-05-01,Stanislaus,099,539301,55317,55005,5839,60844,774
2021-05-01,Sutter,101,95872,9327,9358,83,9441,110
2021-05-01,Tehama,103,63373,4975,4950,557,5507,53
2021-05-01,Trinity,105,12862,482,326,86,412,3
2021-05-01,Tulare,107,460477,49829,48818,8878,57696,835
2021-05-01,Tuolumne,109,53932,3981,4035,40,4075,61
2021-05-01,Ventura,111,848112,80899,80268,2964,83232,1005
2021-05-01,Yolo,113,214977,13833,13784,285,14069,208
2021-05-01,Yuba,115,75493,5914,5875,121,5996,44
2021-04-30,Alameda,001,1643700,86841,86602,1914,88516,1268
2021-04-30,Alpine,003,1148,87,88,0,88,0
2021-04-30,Amador,005,37829,3648,3650,33,3683,46
2021-04-30,Butte,007,227075,12207,11812,1765,13577,197
2021-04-30,Calaveras,009,45235,2098,2087,13,2100,50
2021-04-30,Colusa,011,21464,1927,1931,293,2224,14
2021-04-30,Contra Costa,013,1133247,68275,67684,1230,68914,800
2021-04-30,Del Norte,015,27424,1334,1276,11,1287,6
2021-04-30,El Dorado,017,186661,10045,9906,724,10630,110
2021-04-30,Fresno,019,978130,101758,101263,8581,109844,1670
2021-04-30,Glenn,021,27897,2392,2369,539,2908,17
2021-04-30,Humboldt,023,135768,3864,3834,31,3865,36
2021-04-30,Imperial,025,180216,28304,28244,2688,30932,721
2021-04-30,Inyo,027,18085,1399,1397,12,1409,36
2021-04-30,Kern,029,883053,96607,95605,10670,106275,1298
2021-04-30,Kings,031,150075,23031,22793,1076,23869,246
2021-04-30,Lake,033,64148,3466,3440,9,3449,43
2021-04-30,Lassen,035,31185,5172,5140,105,5245,1
2021-04-30,Los Angeles,037,10098052,1201528,1192393,40922,1233315,23919
2021-04-30,Madera,039,155013,16496,16395,923,17318,235
2021-04-30,Marin,041,260295,13969,13895,246,14141,228
2021-04-30,Mariposa,043,17540,422,417,11,428,5
2021-04-30,Mendocino,045,87422,3847,3777,80,3857,46
2021-04-30,Merced,047,269075,30663,30740,1038,31778,444
2021-04-30,Modoc,049,8938,369,360,121,481,3
2021-04-30,Mono,051,14174,1249,1258,17,1275,3
2021-04-30,Monterey,053,433212,42958,42810,1850,44660,379
2021-04-30,Napa,055,140530,9803,9792,36,9828,81
2021-04-30,Nevada,057,99092,4697,4608,188,4796,70
2021-04-30,Orange,059,3164182,254230,252883,11236,264119,4956
2021-04-30,Placer,061,380077,22740,22190,1420,23610,287
2021-04-30,Plumas,063,18699,690,677,10,687,4
2021-04-30,Riverside,065,2383286,292635,287030,13926,300956,4412
2021-04-30,Sacramento,067,1510023,103651,102864,1673,104537,1596
2021-04-30,San Benito,069,59416,6014,6024,113,6137,63
2021-04-30,San Bernardino,071,2135413,291938,290704,8940,299644,4640
2021-04-30,San Diego,073,3302833,277932,276157,14530,290687,3702
2021-04-30,San Francisco,075,870044,36315,36453,1270,37723,538
2021-04-30,San Joaquin,077,732212,72080,71311,3457,74768,1306
2021-04-30,San Luis Obispo,079,281455,21150,20884,719,21603,255
2021-04-30,San Mateo,081,765935,41913,41583,462,42045,380
2021-04-30,Santa Barbara,083,443738,34211,34061,1132,35193,451
2021-04-30,Santa Clara,085,1922200,117643,118170,744,118914,1988
2021-04-30,Santa Cruz,087,273765,16127,15975,810,16785,207
2021-04-30,Shasta,089,179085,11873,11848,1472,13320,197
2021-04-30,Sierra,091,2930,56,53,12,65,0
2021-04-30,Siskiyou,093,43540,1770,1628,310,1938,11
2021-04-30,Solano,095,438530,32194,32050,507,32557,249
2021-04-30,Sonoma,097,501317,29666,29816,319,30135,318
2021-04-30,Stanislaus,099,539301,55266,54938,5836,60774,774
2021-04-30,Sutter,101,95872,9325,9353,83,9436,110
2021-04-30,Tehama,103,63373,4972,4944,557,5501,53
2021-04-30,Trinity,105,12862,482,326,86,412,3
2021-04-30,Tulare,107,460477,49819,48797,8862,57659,836
2021-04-30,Tuolumne,109,53932,3980,4033,40,4073,61
2021-04-30,Ventura,111,848112,80859,80232,2959,83191,1004
2021-04-30,Yolo,113,214977,13821,13756,285,14041,208
2021-04-30,Yuba,115,75493,5906,5870,121,5991,44
2021-04-29,Alameda,001,1643700,86774,86490,1913,88403,1263
2021-04-29,Alpine,003,1148,87,88,0,88,0
2021-04-29,Amador,005,37829,3648,3649,33,3682,46
2021-04-29,Butte,007,227075,12192,11787,1763,13550,196
2021-04-29,Calaveras,009,45235,2095,2082,13,2095,50
2021-04-29,Colusa,011,21464,1927,1929,293,2222,14
2021-04-29,Contra Costa,013,1133247,68220,67606,1227,68833,795
2021-04-29,Del Norte,015,27424,1330,1271,11,1282,6
2021-04-29,El Dorado,017,186661,10025,9884,721,10605,107
2021-04-29,Fresno,019,978130,101704,101189,8570,109759,1667
2021-04-29,Glenn,021,27897,2389,2369,539,2908,17
2021-04-29,Humboldt,023,135768,3850,3815,31,3846,36
2021-04-29,Imperial,025,180216,28292,28235,2687,30922,720
2021-04-29,Inyo,027,18085,1399,1396,12,1408,36
2021-04-29,Kern,029,883053,96574,95547,10666,106213,1295
2021-04-29,Kings,031,150075,23021,22777,1071,23848,245
2021-04-29,Lake,033,64148,3458,3438,9,3447,43
2021-04-29,Lassen,035,31185,5172,5140,105,5245,1
2021-04-29,Los Angeles,037,10098052,1201249,1192068,40902,1232970,23899
2021-04-29,Madera,039,155013,16491,16383,922,17305,235
2021-04-29,Marin,041,260295,13965,13884,238,14122,228
2021-04-29,Mariposa,043,17540,421,416,11,427,5
2021-04-29,Mendocino,045,87422,3841,3774,80,3854,46
2021-04-29,Merced,047,269075,30644,30706,1037,31743,444
2021-04-29,Modoc,049,8938,369,360,121,481,3
2021-04-29,Mono,051,14174,1246,1259,17,1276,3
2021-04-29,Monterey,053,433212,42941,42797,1849,44646,379
2021-04-29,Napa,055,140530,9789,9789,36,9825,81
2021-04-29,Nevada,057,99092,4686,4590,188,4778,70
2021-04-29,Orange,059,3164182,254160,252823,11221,264044,4934
2021-04-29,Placer,061,380077,22715,22161,1418,23579,286
2021-04-29,Plumas,063,18699,689,676,10,686,4
2021-04-29,Riverside,065,2383286,292567,286947,13923,300870,4409
2021-04-29,Sacramento,067,1510023,103518,102686,1663,104349,1593
2021-04-29,San Benito,069,59416,6013,6023,113,6136,63
2021-04-29,San Bernardino,071,2135413,291866,290606,8935,299541,4609
2021-04-29,San Diego,073,3302833,277781,275961,14513,290474,3700
2021-04-29,San Francisco,075,870044,36290,36412,1270,37682,537
2021-04-29,San Joaquin,077,732212,72014,71225,3452,74677,1301
2021-04-29,San Luis Obispo,079,281455,21139,20876,719,21595,255
2021-04-29,San Mateo,081,765935,41885,41538,461,41999,358
2021-04-29,Santa Barbara,083,443738,34195,34039,1130,35169,448
2021-04-29,Santa Clara,085,1922200,117588,118082,741,118823,1984
2021-04-29,Santa Cruz,087,273765,16121,15961,810,16771,205
2021-04-29,Shasta,089,179085,11842,11836,1464,13300,193
2021-04-29,Sierra,091,2930,56,53,12,65,0
2021-04-29,Siskiyou,093,43540,1761,1615,307,1922,11
2021-04-29,Solano,095,438530,32153,32002,503,32505,248
2021-04-29,Sonoma,097,501317,29651,29785,316,30101,318
2021-04-29,Stanislaus,099,539301,55199,54836,5831,60667,774
2021-04-29,Sutter,101,95872,9318,9346,83,9429,110
2021-04-29,Tehama,103,63373,4964,4939,557,5496,53
2021-04-29,Trinity,105,12862,482,326,86,412,3
2021-04-29,Tulare,107,460477,49801,48785,8850,57635,832
2021-04-29,Tuolumne,109,53932,3979,4030,40,4070,58
2021-04-29,Ventura,111,848112,80825,80188,2957,83145,1002
2021-04-29,Yolo,113,214977,13801,13745,284,14029,205
2021-04-29,Yuba,115,75493,5896,5865,121,5986,44
2021-04-28,Alameda,001,1643700,86702,86390,1909,88299,1260
2021-04-28,Alpine,003,1148,87,88,0,88,0
2021-04-28,Amador,005,37829,3648,3646,33,3679,46
2021-04-28,Butte,007,227075,12172,11762,1758,13520,196
2021-04-28,Calaveras,009,45235,2091,2078,12,2090,50
2021-04-28,Colusa,011,21464,1924,1927,292,2219,14
2021-04-28,Contra Costa,013,1133247,68160,67539,1225,68764,795
2021-04-28,Del Norte,015,27424,1322,1267,11,1278,6
2021-04-28,El Dorado,017,186661,10000,9873,721,10594,107
2021-04-28,Fresno,019,978130,101657,101161,8560,109721,1666
2021-04-28,Glenn,021,27897,2386,2368,539,2907,17
2021-04-28,Humboldt,023,135768,3834,3796,31,3827,36
2021-04-28,Imperial,025,180216,28278,28177,2686,30863,720
2021-04-28,Inyo,027,18085,1399,1396,11,1407,36
2021-04-28,Kern,029,883053,96545,95494,10657,106151,1295
2021-04-28,Kings,031,150075,23009,22767,1069,23836,245
2021-04-28,Lake,033,64148,3455,3433,9,3442,43
2021-04-28,Lassen,035,31185,5172,5138,105,5243,1
2021-04-28,Los Angeles,037,10098052,1200950,1191729,40875,1232604,23858
2021-04-28,Madera,039,155013,16487,16372,922,17294,235
2021-04-28,Marin,041,260295,13954,13866,238,14104,227
2021-04-28,Mariposa,043,17540,418,415,11,426,5
2021-04-28,Mendocino,045,87422,3835,3770,78,3848,46
2021-04-28,Merced,047,269075,30626,30649,1037,31686,443
2021-04-28,Modoc,049,8938,369,360,121,481,3
2021-04-28,Mono,051,14174,1246,1258,17,1275,3
2021-04-28,Monterey,053,433212,42936,42776,1849,44625,379
2021-04-28,Napa,055,140530,9778,9777,36,9813,81
2021-04-28,Nevada,057,99092,4666,4570,188,4758,70
2021-04-28,Orange,059,3164182,254080,252747,11208,263955,4931
2021-04-28,Placer,061,380077,22688,22115,1417,23532,285
2021-04-28,Plumas,063,18699,689,676,10,686,4
2021-04-28,Riverside,065,2383286,292511,286868,13917,300785,4407
2021-04-28,Sacramento,067,1510023,103396,102613,1659,104272,1591
2021-04-28,San Benito,069,59416,6011,6021,113,6134,63
2021-04-28,San Bernardino,071,2135413,291787,290548,8925,299473,4582
2021-04-28,San Diego,073,3302833,277627,275821,14499,290320,3698
2021-04-28,San Francisco,075,870044,36260,36382,1269,37651,534
2021-04-28,San Joaquin,077,732212,71934,71171,3444,74615,1301
2021-04-28,San Luis Obispo,079,281455,21131,20851,719,21570,255
2021-04-28,San Mateo,081,765935,41860,41498,459,41957,358
2021-04-28,Santa Barbara,083,443738,34181,34003,1130,35133,448
2021-04-28,Santa Clara,085,1922200,117519,117997,739,118736,1969
2021-04-28,Santa Cruz,087,273765,16117,15943,809,16752,205
2021-04-28,Shasta,089,179085,11826,11815,1457,13272,192
2021-04-28,Sierra,091,2930,56,51,12,63,0
2021-04-28,Siskiyou,093,43540,1748,1603,304,1907,11
2021-04-28,Solano,095,438530,32121,31982,498,32480,248
2021-04-28,Sonoma,097,501317,29637,29773,312,30085,318
2021-04-28,Stanislaus,099,539301,55144,54745,5828,60573,774
2021-04-28,Sutter,101,95872,9313,9343,83,9426,110
2021-04-28,Tehama,103,63373,4959,4930,556,5486,53
2021-04-28,Trinity,105,12862,482,326,86,412,3
2021-04-28,Tulare,107,460477,49783,48754,8835,57589,832
2021-04-28,Tuolumne,109,53932,3976,4029,40,4069,58
2021-04-28,Ventura,111,848112,80790,80172,2955,83127,1000
2021-04-28,Yolo,113,214977,13787,13721,283,14004,205
2021-04-28,Yuba,115,75493,5890,5857,121,5978,44
2021-04-27,Alameda,001,1643700,86612,86301,1903,88204,1260
2021-04-27,Alpine,003,1148,87,88,0,88,0
2021-04-27,Amador,005,37829,3648,3645,33,3678,46
2021-04-27,Butte,007,227075,12147,11738,1752,13490,196
2021-04-27,Calaveras,009,45235,2089,2076,12,2088,50
2021-04-27,Colusa,011,21464,1923,1926,292,2218,14
2021-04-27,Contra Costa,013,1133247,68091,67470,1221,68691,791
2021-04-27,Del Norte,015,27424,1310,1266,11,1277,6
2021-04-27,El Dorado,017,186661,9971,9866,718,10584,106
2021-04-27,Fresno,019,978130,101592,101138,8550,109688,1663
2021-04-27,Glenn,021,27897,2386,2368,539,2907,17
2021-04-27,Humboldt,023,135768,3822,3780,31,3811,35
2021-04-27,Imperial,025,180216,28262,28149,2680,30829,720
2021-04-27,Inyo,027,18085,1399,1396,11,1407,36
2021-04-27,Kern,029,883053,96488,95466,10646,106112,1295
2021-04-27,Kings,031,150075,22994,22759,1067,23826,244
2021-04-27,Lake,033,64148,3454,3431,9,3440,43
2021-04-27,Lassen,035,31185,5172,5137,105,5242,1
2021-04-27,Los Angeles,037,10098052,1200625,1191504,40845,1232349,23825
2021-04-27,Madera,039,155013,16480,16365,922,17287,235
2021-04-27,Marin,041,260295,13932,13855,238,14093,227
2021-04-27,Mariposa,043,17540,417,413,11,424,5
2021-04-27,Mendocino,045,87422,3831,3765,78,3843,46
2021-04-27,Merced,047,269075,30585,30620,1037,31657,443
2021-04-27,Modoc,049,8938,368,360,121,481,3
2021-04-27,Mono,051,14174,1246,1257,17,1274,3
2021-04-27,Monterey,053,433212,42918,42752,1846,44598,379
2021-04-27,Napa,055,140530,9771,9774,34,9808,81
2021-04-27,Nevada,057,99092,4651,4557,188,4745,70
2021-04-27,Orange,059,3164182,254010,252667,11203,263870,4925
2021-04-27,Placer,061,380077,22659,22050,1413,23463,285
2021-04-27,Plumas,063,18699,688,675,10,685,4
2021-04-27,Riverside,065,2383286,292435,286820,13913,300733,4405
2021-04-27,Sacramento,067,1510023,103267,102595,1649,104244,1589
2021-04-27,San Benito,069,59416,6006,6016,113,6129,63
2021-04-27,San Bernardino,071,2135413,291719,290461,8920,299381,4575
2021-04-27,San Diego,073,3302833,277470,275685,14479,290164,3692
2021-04-27,San Francisco,075,870044,36232,36358,1268,37626,533
2021-04-27,San Joaquin,077,732212,71881,71104,3438,74542,1301
2021-04-27,San Luis Obispo,079,281455,21124,20841,719,21560,255
2021-04-27,San Mateo,081,765935,41825,41474,458,41932,358
2021-04-27,Santa Barbara,083,443738,34157,33973,1129,35102,448
2021-04-27,Santa Clara,085,1922200,117469,117945,738,118683,1969
2021-04-27,Santa Cruz,087,273765,16110,15905,808,16713,205
2021-04-27,Shasta,089,179085,11798,11802,1450,13252,192
2021-04-27,Sierra,091,2930,56,51,12,63,0
2021-04-27,Siskiyou,093,43540,1733,1597,303,1900,11
2021-04-27,Solano,095,438530,32073,31964,497,32461,248
2021-04-27,Sonoma,097,501317,29619,29761,311,30072,318
2021-04-27,Stanislaus,099,539301,55074,54695,5820,60515,752
2021-04-27,Sutter,101,95872,9308,9342,83,9425,110
2021-04-27,Tehama,103,63373,4956,4922,552,5474,53
2021-04-27,Trinity,105,12862,482,326,86,412,3
2021-04-27,Tulare,107,460477,49767,48744,8826,57570,832
2021-04-27,Tuolumne,109,53932,3973,4028,40,4068,58
2021-04-27,Ventura,111,848112,80761,80152,2953,83105,1000
2021-04-27,Yolo,113,214977,13774,13697,281,13978,205
2021-04-27,Yuba,115,75493,5890,5853,121,5974,44
2021-04-26,Alameda,001,1643700,86518,86230,1900,88130,1256
2021-04-26,Alpine,003,1148,87,88,0,88,0
2021-04-26,Amador,005,37829,3647,3645,33,3678,46
2021-04-26,Butte,007,227075,12123,11720,1748,13468,196
2021-04-26,Calaveras,009,45235,2083,2074,12,2086,50
2021-04-26,Colusa,011,21464,1923,1925,291,2216,14
2021-04-26,Contra Costa,013,1133247,68024,67392,1217,68609,789
2021-04-26,Del Norte,015,27424,1301,1263,11,1274,6
2021-04-26,El Dorado,017,186661,9950,9849,717,10566,106
2021-04-26,Fresno,019,978130,101537,101099,8537,109636,1662
2021-04-26,Glenn,021,27897,2384,2367,539,2906,17
2021-04-26,Humboldt,023,135768,3812,3764,30,3794,35
2021-04-26,Imperial,025,180216,28249,28148,2677,30825,720
2021-04-26,Inyo,027,18085,1398,1396,11,1407,36
2021-04-26,Kern,029,883053,96461,95429,10640,106069,1295
2021-04-26,Kings,031,150075,22991,22756,1064,23820,244
2021-04-26,Lake,033,64148,3449,3428,9,3437,43
2021-04-26,Lassen,035,31185,5172,5138,105,5243,1
2021-04-26,Los Angeles,037,10098052,1200295,1191253,40826,1232079,23802
2021-04-26,Madera,039,155013,16468,16353,921,17274,231
2021-04-26,Marin,041,260295,13917,13849,238,14087,227
2021-04-26,Mariposa,043,17540,416,410,11,421,5
2021-04-26,Mendocino,045,87422,3829,3757,77,3834,46
2021-04-26,Merced,047,269075,30568,30611,1034,31645,443
2021-04-26,Modoc,049,8938,368,360,121,481,3
2021-04-26,Mono,051,14174,1246,1258,17,1275,3
2021-04-26,Monterey,053,433212,42902,42740,1845,44585,379
2021-04-26,Napa,055,140530,9759,9769,34,9803,79
2021-04-26,Nevada,057,99092,4630,4548,188,4736,70
2021-04-26,Orange,059,3164182,253926,252592,11192,263784,4919
2021-04-26,Placer,061,380077,22631,22032,1408,23440,285
2021-04-26,Plumas,063,18699,688,670,10,680,4
2021-04-26,Riverside,065,2383286,292373,286724,13905,300629,4401
2021-04-26,Sacramento,067,1510023,103095,102459,1636,104095,1587
2021-04-26,San Benito,069,59416,6004,6013,113,6126,63
2021-04-26,San Bernardino,071,2135413,291668,290394,8919,299313,4572
2021-04-26,San Diego,073,3302833,277295,275541,14451,289992,3692
2021-04-26,San Francisco,075,870044,36204,36330,1267,37597,532
2021-04-26,San Joaquin,077,732212,71815,71050,3430,74480,1301
2021-04-26,San Luis Obispo,079,281455,21116,20830,718,21548,255
2021-04-26,San Mateo,081,765935,41795,41457,458,41915,357
2021-04-26,Santa Barbara,083,443738,34126,33948,1129,35077,448
2021-04-26,Santa Clara,085,1922200,117369,117874,735,118609,1968
2021-04-26,Santa Cruz,087,273765,16101,15877,808,16685,205
2021-04-26,Shasta,089,179085,11781,11787,1444,13231,192
2021-04-26,Sierra,091,2930,55,51,12,63,0
2021-04-26,Siskiyou,093,43540,1723,1592,300,1892,11
2021-04-26,Solano,095,438530,32028,31913,495,32408,247
2021-04-26,Sonoma,097,501317,29596,29755,309,30064,318
2021-04-26,Stanislaus,099,539301,54984,54638,5814,60452,744
2021-04-26,Sutter,101,95872,9303,9328,83,9411,110
2021-04-26,Tehama,103,63373,4951,4920,549,5469,53
2021-04-26,Trinity,105,12862,482,326,86,412,3
2021-04-26,Tulare,107,460477,49747,48735,8817,57552,831
2021-04-26,Tuolumne,109,53932,3972,4024,40,4064,58
2021-04-26,Ventura,111,848112,80736,80137,2950,83087,999
2021-04-26,Yolo,113,214977,13754,13684,278,13962,205
2021-04-26,Yuba,115,75493,5888,5851,121,5972,44
2021-04-25,Alameda,001,1643700,86417,86162,1893,88055,1256
2021-04-25,Alpine,003,1148,87,87,0,87,0
2021-04-25,Amador,005,37829,3646,3643,33,3676,46
2021-04-25,Butte,007,227075,12094,11709,1741,13450,196
2021-04-25,Calaveras,009,45235,2078,2072,11,2083,50
2021-04-25,Colusa,011,21464,1922,1924,291,2215,14
2021-04-25,Contra Costa,013,1133247,67931,67316,1216,68532,789
2021-04-25,Del Norte,015,27424,1295,1259,11,1270,6
2021-04-25,El Dorado,017,186661,9933,9837,715,10552,106
2021-04-25,Fresno,019,978130,101478,101061,8525,109586,1662
2021-04-25,Glenn,021,27897,2384,2366,539,2905,17
2021-04-25,Humboldt,023,135768,3799,3751,30,3781,35
2021-04-25,Imperial,025,180216,28223,28136,2674,30810,720
2021-04-25,Inyo,027,18085,1398,1396,11,1407,36
2021-04-25,Kern,029,883053,96395,95398,10627,106025,1295
2021-04-25,Kings,031,150075,22977,22755,1062,23817,244
2021-04-25,Lake,033,64148,3447,3427,9,3436,43
2021-04-25,Lassen,035,31185,5170,5138,105,5243,1
2021-04-25,Los Angeles,037,10098052,1199958,1190970,40806,1231776,23799
2021-04-25,Madera,039,155013,16456,16346,921,17267,231
2021-04-25,Marin,041,260295,13908,13852,238,14090,227
2021-04-25,Mariposa,043,17540,416,410,11,421,5
2021-04-25,Mendocino,045,87422,3822,3757,77,3834,46
2021-04-25,Merced,047,269075,30534,30586,1033,31619,443
2021-04-25,Modoc,049,8938,368,360,121,481,3
2021-04-25,Mono,051,14174,1246,1257,17,1274,3
2021-04-25,Monterey,053,433212,42889,42737,1843,44580,379
2021-04-25,Napa,055,140530,9754,9762,34,9796,79
2021-04-25,Nevada,057,99092,4618,4536,188,4724,70
2021-04-25,Orange,059,3164182,253850,252531,11185,263716,4919
2021-04-25,Placer,061,380077,22585,22011,1400,23411,285
2021-04-25,Plumas,063,18699,687,670,10,680,4
2021-04-25,Riverside,065,2383286,292279,286651,13899,300550,4401
2021-04-25,Sacramento,067,1510023,102927,102319,1626,103945,1587
2021-04-25,San Benito,069,59416,6002,6014,112,6126,63
2021-04-25,San Bernardino,071,2135413,291593,290357,8911,299268,4571
2021-04-25,San Diego,073,3302833,277082,275412,14418,289830,3692
2021-04-25,San Francisco,075,870044,36173,36310,1267,37577,532
2021-04-25,San Joaquin,077,732212,71720,70987,3420,74407,1301
2021-04-25,San Luis Obispo,079,281455,21097,20820,716,21536,255
2021-04-25,San Mateo,081,765935,41760,41465,457,41922,356
2021-04-25,Santa Barbara,083,443738,34100,33931,1129,35060,448
2021-04-25,Santa Clara,085,1922200,117290,117778,733,118511,1968
2021-04-25,Santa Cruz,087,273765,16095,15868,806,16674,205
2021-04-25,Shasta,089,179085,11758,11784,1439,13223,192
2021-04-25,Sierra,091,2930,55,51,12,63,0
2021-04-25,Siskiyou,093,43540,1712,1580,298,1878,11
2021-04-25,Solano,095,438530,31981,31864,487,32351,247
2021-04-25,Sonoma,097,501317,29578,29756,309,30065,318
2021-04-25,Stanislaus,099,539301,54888,54543,5806,60349,744
2021-04-25,Sutter,101,95872,9297,9326,83,9409,110
2021-04-25,Tehama,103,63373,4947,4916,547,5463,53
2021-04-25,Trinity,105,12862,482,326,86,412,3
2021-04-25,Tulare,107,460477,49731,48728,8803,57531,831
2021-04-25,Tuolumne,109,53932,3970,4022,40,4062,58
2021-04-25,Ventura,111,848112,80712,80110,2950,83060,999
2021-04-25,Yolo,113,214977,13729,13667,276,13943,205
2021-04-25,Yuba,115,75493,5885,5849,120,5969,44
2021-04-24,Alameda,001,1643700,86362,86016,1891,87907,1257
2021-04-24,Alpine,003,1148,87,86,0,86,0
2021-04-24,Amador,005,37829,3645,3640,33,3673,46
2021-04-24,Butte,007,227075,12078,11678,1739,13417,196
2021-04-24,Calaveras,009,45235,2074,2067,11,2078,50
2021-04-24,Colusa,011,21464,1921,1921,291,2212,14
2021-04-24,Contra Costa,013,1133247,67860,67222,1214,68436,789
2021-04-24,Del Norte,015,27424,1290,1255,11,1266,6
2021-04-24,El Dorado,017,186661,9922,9814,714,10528,106
2021-04-24,Fresno,019,978130,101447,100991,8519,109510,1662
2021-04-24,Glenn,021,27897,2384,2363,539,2902,17
2021-04-24,Humboldt,023,135768,3785,3722,30,3752,35
2021-04-24,Imperial,025,180216,28216,28124,2673,30797,720
2021-04-24,Inyo,027,18085,1397,1396,11,1407,36
2021-04-24,Kern,029,883053,96376,95365,10617,105982,1295
2021-04-24,Kings,031,150075,22974,22749,1062,23811,244
2021-04-24,Lake,033,64148,3446,3426,9,3435,43
2021-04-24,Lassen,035,31185,5169,5137,105,5242,1
2021-04-24,Los Angeles,037,10098052,1199728,1190603,40790,1231393,23802
2021-04-24,Madera,039,155013,16453,16338,921,17259,231
2021-04-24,Marin,041,260295,13900,13847,238,14085,227
2021-04-24,Mariposa,043,17540,416,409,11,420,5
2021-04-24,Mendocino,045,87422,3820,3754,75,3829,46
2021-04-24,Merced,047,269075,30514,30559,1033,31592,443
2021-04-24,Modoc,049,8938,368,360,121,481,3
2021-04-24,Mono,051,14174,1246,1256,17,1273,3
2021-04-24,Monterey,053,433212,42877,42727,1842,44569,379
2021-04-24,Napa,055,140530,9748,9756,34,9790,79
2021-04-24,Nevada,057,99092,4611,4522,188,4710,70
2021-04-24,Orange,059,3164182,253806,252441,11179,263620,4910
2021-04-24,Placer,061,380077,22572,21983,1399,23382,285
2021-04-24,Plumas,063,18699,686,670,10,680,4
2021-04-24,Riverside,065,2383286,292211,286552,13895,300447,4400
2021-04-24,Sacramento,067,1510023,102844,102179,1619,103798,1587
2021-04-24,San Benito,069,59416,6000,6007,112,6119,63
2021-04-24,San Bernardino,071,2135413,291544,290264,8910,299174,4568
2021-04-24,San Diego,073,3302833,276979,275252,14398,289650,3688
2021-04-24,San Francisco,075,870044,36144,36285,1263,37548,532
2021-04-24,San Joaquin,077,732212,71677,70911,3417,74328,1301
2021-04-24,San Luis Obispo,079,281455,21087,20797,715,21512,255
2021-04-24,San Mateo,081,765935,41747,41424,455,41879,355
2021-04-24,Santa Barbara,083,443738,34085,33911,1128,35039,448
2021-04-24,Santa Clara,085,1922200,117235,117674,731,118405,1968
2021-04-24,Santa Cruz,087,273765,16087,15840,806,16646,205
2021-04-24,Shasta,089,179085,11740,11770,1436,13206,192
2021-04-24,Sierra,091,2930,55,51,12,63,0
2021-04-24,Siskiyou,093,43540,1702,1574,297,1871,11
2021-04-24,Solano,095,438530,31958,31821,484,32305,247
2021-04-24,Sonoma,097,501317,29576,29739,309,30048,318
2021-04-24,Stanislaus,099,539301,54839,54455,5803,60258,744
2021-04-24,Sutter,101,95872,9294,9316,83,9399,110
2021-04-24,Tehama,103,63373,4942,4907,547,5454,53
2021-04-24,Trinity,105,12862,482,326,86,412,3
2021-04-24,Tulare,107,460477,49720,48705,8793,57498,830
2021-04-24,Tuolumne,109,53932,3966,4020,40,4060,58
2021-04-24,Ventura,111,848112,80699,80097,2948,83045,999
2021-04-24,Yolo,113,214977,13718,13653,276,13929,205
2021-04-24,Yuba,115,75493,5883,5837,120,5957,44
2021-04-23,Alameda,001,1643700,86288,85935,1888,87823,1256
2021-04-23,Alpine,003,1148,86,86,0,86,0
2021-04-23,Amador,005,37829,3644,3637,33,3670,46
2021-04-23,Butte,007,227075,12057,11672,1734,13406,196
2021-04-23,Calaveras,009,45235,2071,2064,11,2075,50
2021-04-23,Colusa,011,21464,1920,1921,291,2212,14
2021-04-23,Contra Costa,013,1133247,67806,67164,1212,68376,785
2021-04-23,Del Norte,015,27424,1289,1254,11,1265,6
2021-04-23,El Dorado,017,186661,9904,9788,711,10499,106
2021-04-23,Fresno,019,978130,101406,100928,8513,109441,1662
2021-04-23,Glenn,021,27897,2384,2361,538,2899,17
2021-04-23,Humboldt,023,135768,3775,3698,30,3728,35
2021-04-23,Imperial,025,180216,28201,28108,2672,30780,720
2021-04-23,Inyo,027,18085,1397,1395,11,1406,36
2021-04-23,Kern,029,883053,96351,95330,10611,105941,1295
2021-04-23,Kings,031,150075,22971,22735,1062,23797,244
2021-04-23,Lake,033,64148,3444,3425,9,3434,43
2021-04-23,Lassen,035,31185,5169,5141,105,5246,1
2021-04-23,Los Angeles,037,10098052,1199462,1190264,40765,1231029,23785
2021-04-23,Madera,039,155013,16444,16328,921,17249,231
2021-04-23,Marin,041,260295,13895,13838,238,14076,227
2021-04-23,Mariposa,043,17540,415,405,11,416,5
2021-04-23,Mendocino,045,87422,3818,3745,74,3819,46
2021-04-23,Merced,047,269075,30497,30530,1032,31562,443
2021-04-23,Modoc,049,8938,368,360,121,481,3
2021-04-23,Mono,051,14174,1244,1256,17,1273,3
2021-04-23,Monterey,053,433212,42871,42722,1842,44564,377
2021-04-23,Napa,055,140530,9743,9752,34,9786,79
2021-04-23,Nevada,057,99092,4602,4510,188,4698,70
2021-04-23,Orange,059,3164182,253762,252399,11172,263571,4904
2021-04-23,Placer,061,380077,22549,21959,1398,23357,282
2021-04-23,Plumas,063,18699,685,670,10,680,4
2021-04-23,Riverside,065,2383286,292152,286456,13890,300346,4399
2021-04-23,Sacramento,067,1510023,102757,102041,1616,103657,1586
2021-04-23,San Benito,069,59416,5998,6005,112,6117,63
2021-04-23,San Bernardino,071,2135413,291493,290189,8909,299098,4568
2021-04-23,San Diego,073,3302833,276840,275097,14375,289472,3684
2021-04-23,San Francisco,075,870044,36128,36252,1262,37514,532
2021-04-23,San Joaquin,077,732212,71621,70840,3414,74254,1295
2021-04-23,San Luis Obispo,079,281455,21078,20781,714,21495,255
2021-04-23,San Mateo,081,765935,41721,41386,455,41841,355
2021-04-23,Santa Barbara,083,443738,34075,33895,1126,35021,447
2021-04-23,Santa Clara,085,1922200,117173,117593,730,118323,1965
2021-04-23,Santa Cruz,087,273765,16080,15802,806,16608,205
2021-04-23,Shasta,089,179085,11733,11759,1435,13194,192
2021-04-23,Sierra,091,2930,55,51,12,63,0
2021-04-23,Siskiyou,093,43540,1690,1567,296,1863,11
2021-04-23,Solano,095,438530,31926,31784,480,32264,247
2021-04-23,Sonoma,097,501317,29562,29727,309,30036,318
2021-04-23,Stanislaus,099,539301,54777,54391,5795,60186,744
2021-04-23,Sutter,101,95872,9292,9312,83,9395,110
2021-04-23,Tehama,103,63373,4939,4906,547,5453,53
2021-04-23,Trinity,105,12862,482,326,86,412,3
2021-04-23,Tulare,107,460477,49703,48694,8785,57479,829
2021-04-23,Tuolumne,109,53932,3965,4020,40,4060,58
2021-04-23,Ventura,111,848112,80680,80095,2948,83043,996
2021-04-23,Yolo,113,214977,13707,13647,275,13922,205
2021-04-23,Yuba,115,75493,5880,5828,120,5948,44
2021-04-22,Alameda,001,1643700,86198,85829,1887,87716,1253
2021-04-22,Alpine,003,1148,86,86,0,86,0
2021-04-22,Amador,005,37829,3643,3633,33,3666,46
2021-04-22,Butte,007,227075,12043,11656,1731,13387,196
2021-04-22,Calaveras,009,45235,2069,2059,11,2070,50
2021-04-22,Colusa,011,21464,1918,1920,289,2209,14
2021-04-22,Contra Costa,013,1133247,67734,67029,1207,68236,782
2021-04-22,Del Norte,015,27424,1284,1252,11,1263,6
2021-04-22,El Dorado,017,186661,9892,9773,708,10481,106
2021-04-22,Fresno,019,978130,101361,100864,8502,109366,1657
2021-04-22,Glenn,021,27897,2383,2361,538,2899,17
2021-04-22,Humboldt,023,135768,3766,3680,30,3710,35
2021-04-22,Imperial,025,180216,28180,28096,2669,30765,720
2021-04-22,Inyo,027,18085,1396,1394,11,1405,36
2021-04-22,Kern,029,883053,96308,95292,10595,105887,1299
2021-04-22,Kings,031,150075,22961,22725,1062,23787,243
2021-04-22,Lake,033,64148,3442,3423,9,3432,43
2021-04-22,Lassen,035,31185,5169,5155,105,5260,1
2021-04-22,Los Angeles,037,10098052,1199141,1189878,40744,1230622,23762
2021-04-22,Madera,039,155013,16425,16316,921,17237,231
2021-04-22,Marin,041,260295,13887,13832,238,14070,227
2021-04-22,Mariposa,043,17540,414,403,11,414,5
2021-04-22,Mendocino,045,87422,3812,3729,74,3803,46
2021-04-22,Merced,047,269075,30462,30490,1031,31521,443
2021-04-22,Modoc,049,8938,368,360,121,481,3
2021-04-22,Mono,051,14174,1244,1254,17,1271,3
2021-04-22,Monterey,053,433212,42864,42708,1840,44548,377
2021-04-22,Napa,055,140530,9733,9734,34,9768,79
2021-04-22,Nevada,057,99092,4592,4504,186,4690,70
2021-04-22,Orange,059,3164182,253689,252307,11159,263466,4898
2021-04-22,Placer,061,380077,22518,21916,1394,23310,282
2021-04-22,Plumas,063,18699,684,670,10,680,4
2021-04-22,Riverside,065,2383286,292053,286362,13881,300243,4398
2021-04-22,Sacramento,067,1510023,102608,101870,1607,103477,1585
2021-04-22,San Benito,069,59416,5994,5998,112,6110,63
2021-04-22,San Bernardino,071,2135413,291423,290125,8900,299025,4571
2021-04-22,San Diego,073,3302833,276674,275913,14353,290266,3684
2021-04-22,San Francisco,075,870044,36105,36218,1259,37477,532
2021-04-22,San Joaquin,077,732212,71562,70751,3407,74158,1295
2021-04-22,San Luis Obispo,079,281455,21064,20761,714,21475,255
2021-04-22,San Mateo,081,765935,41695,41345,453,41798,355
2021-04-22,Santa Barbara,083,443738,34052,33870,1125,34995,446
2021-04-22,Santa Clara,085,1922200,117085,117457,726,118183,1954
2021-04-22,Santa Cruz,087,273765,16077,15737,805,16542,205
2021-04-22,Shasta,089,179085,11718,11738,1433,13171,192
2021-04-22,Sierra,091,2930,55,51,12,63,0
2021-04-22,Siskiyou,093,43540,1686,1564,295,1859,11
2021-04-22,Solano,095,438530,31880,31731,477,32208,247
2021-04-22,Sonoma,097,501317,29547,29705,305,30010,318
2021-04-22,Stanislaus,099,539301,54704,54313,5789,60102,744
2021-04-22,Sutter,101,95872,9288,9302,83,9385,110
2021-04-22,Tehama,103,63373,4933,4896,543,5439,53
2021-04-22,Trinity,105,12862,482,326,86,412,3
2021-04-22,Tulare,107,460477,49683,48669,8776,57445,828
2021-04-22,Tuolumne,109,53932,3961,4020,40,4060,58
2021-04-22,Ventura,111,848112,80654,80073,2946,83019,996
2021-04-22,Yolo,113,214977,13686,13616,275,13891,205
2021-04-22,Yuba,115,75493,5870,5825,120,5945,44
2021-04-21,Alameda,001,1643700,86119,85762,1885,87647,1249
2021-04-21,Alpine,003,1148,86,86,0,86,0
2021-04-21,Amador,005,37829,3640,3632,33,3665,46
2021-04-21,Butte,007,227075,12023,11643,1729,13372,196
2021-04-21,Calaveras,009,45235,2061,2057,11,2068,50
2021-04-21,Colusa,011,21464,1916,1920,288,2208,14
2021-04-21,Contra Costa,013,1133247,67668,66981,1206,68187,782
2021-04-21,Del Norte,015,27424,1280,1252,11,1263,6
2021-04-21,El Dorado,017,186661,9875,9760,705,10465,106
2021-04-21,Fresno,019,978130,101305,100838,8496,109334,1654
2021-04-21,Glenn,021,27897,2382,2361,538,2899,17
2021-04-21,Humboldt,023,135768,3747,3642,30,3672,35
2021-04-21,Imperial,025,180216,28168,28052,2668,30720,719
2021-04-21,Inyo,027,18085,1396,1392,11,1403,36
2021-04-21,Kern,029,883053,96262,95257,10585,105842,1297
2021-04-21,Kings,031,150075,22954,22713,1061,23774,243
2021-04-21,Lake,033,64148,3439,3421,9,3430,43
2021-04-21,Lassen,035,31185,5168,5156,105,5261,1
2021-04-21,Los Angeles,037,10098052,1198799,1189530,40725,1230255,23729
2021-04-21,Madera,039,155013,16420,16309,921,17230,231
2021-04-21,Marin,041,260295,13872,13822,238,14060,227
2021-04-21,Mariposa,043,17540,413,402,11,413,5
2021-04-21,Mendocino,045,87422,3810,3729,74,3803,46
2021-04-21,Merced,047,269075,30442,30471,1029,31500,442
2021-04-21,Modoc,049,8938,368,360,121,481,3
2021-04-21,Mono,051,14174,1244,1254,17,1271,3
2021-04-21,Monterey,053,433212,42849,42699,1838,44537,377
2021-04-21,Napa,055,140530,9727,9727,34,9761,79
2021-04-21,Nevada,057,99092,4578,4499,186,4685,70
2021-04-21,Orange,059,3164182,253613,252243,11146,263389,4889
2021-04-21,Placer,061,380077,22487,21896,1389,23285,282
2021-04-21,Plumas,063,18699,684,670,10,680,4
2021-04-21,Riverside,065,2383286,291959,286299,13874,300173,4388
2021-04-21,Sacramento,067,1510023,102479,101803,1601,103404,1579
2021-04-21,San Benito,069,59416,5991,5998,112,6110,63
2021-04-21,San Bernardino,071,2135413,291347,290049,8898,298947,4572
2021-04-21,San Diego,073,3302833,276465,275632,14315,289947,3681
2021-04-21,San Francisco,075,870044,36085,36194,1258,37452,529
2021-04-21,San Joaquin,077,732212,71507,70687,3397,74084,1295
2021-04-21,San Luis Obispo,079,281455,21049,20724,713,21437,255
2021-04-21,San Mateo,081,765935,41664,41318,452,41770,355
2021-04-21,Santa Barbara,083,443738,34033,33830,1124,34954,445
2021-04-21,Santa Clara,085,1922200,117007,117318,720,118038,1946
2021-04-21,Santa Cruz,087,273765,16068,15698,805,16503,204
2021-04-21,Shasta,089,179085,11699,11722,1431,13153,192
2021-04-21,Sierra,091,2930,55,51,12,63,0
2021-04-21,Siskiyou,093,43540,1679,1557,295,1852,11
2021-04-21,Solano,095,438530,31841,31712,476,32188,244
2021-04-21,Sonoma,097,501317,29535,29697,303,30000,318
2021-04-21,Stanislaus,099,539301,54643,54290,5783,60073,742
2021-04-21,Sutter,101,95872,9280,9297,83,9380,110
2021-04-21,Tehama,103,63373,4926,4893,542,5435,53
2021-04-21,Trinity,105,12862,482,326,86,412,3
2021-04-21,Tulare,107,460477,49668,48653,8763,57416,828
2021-04-21,Tuolumne,109,53932,3958,4019,40,4059,58
2021-04-21,Ventura,111,848112,80622,80039,2943,82982,996
2021-04-21,Yolo,113,214977,13666,13606,274,13880,200
2021-04-21,Yuba,115,75493,5863,5822,119,5941,44
2021-04-20,Alameda,001,1643700,86024,85652,1883,87535,1248
2021-04-20,Alpine,003,1148,85,85,0,85,0
2021-04-20,Amador,005,37829,3639,3631,33,3664,46
2021-04-20,Butte,007,227075,12004,11619,1727,13346,196
2021-04-20,Calaveras,009,45235,2060,2053,11,2064,50
2021-04-20,Colusa,011,21464,1916,1915,287,2202,14
2021-04-20,Contra Costa,013,1133247,67584,66889,1203,68092,782
2021-04-20,Del Norte,015,27424,1279,1250,11,1261,6
2021-04-20,El Dorado,017,186661,9847,9743,703,10446,106
2021-04-20,Fresno,019,978130,101247,100768,8486,109254,1650
2021-04-20,Glenn,021,27897,2380,2359,537,2896,17
2021-04-20,Humboldt,023,135768,3729,3612,30,3642,35
2021-04-20,Imperial,025,180216,28149,28024,2664,30688,719
2021-04-20,Inyo,027,18085,1396,1393,11,1404,36
2021-04-20,Kern,029,883053,96226,95223,10568,105791,1295
2021-04-20,Kings,031,150075,22948,22693,1058,23751,243
2021-04-20,Lake,033,64148,3437,3418,9,3427,43
2021-04-20,Lassen,035,31185,5168,5155,105,5260,1
2021-04-20,Los Angeles,037,10098052,1198452,1189256,40695,1229951,23694
2021-04-20,Madera,039,155013,16414,16301,921,17222,231
2021-04-20,Marin,041,260295,13858,13807,238,14045,227
2021-04-20,Mariposa,043,17540,412,402,11,413,5
2021-04-20,Mendocino,045,87422,3809,3726,74,3800,46
2021-04-20,Merced,047,269075,30415,30439,1028,31467,441
2021-04-20,Modoc,049,8938,368,359,121,480,3
2021-04-20,Mono,051,14174,1243,1254,17,1271,3
2021-04-20,Monterey,053,433212,42838,42663,1835,44498,363
2021-04-20,Napa,055,140530,9723,9711,34,9745,79
2021-04-20,Nevada,057,99092,4560,4485,186,4671,70
2021-04-20,Orange,059,3164182,253523,252134,11134,263268,4887
2021-04-20,Placer,061,380077,22453,21846,1385,23231,282
2021-04-20,Plumas,063,18699,683,670,10,680,4
2021-04-20,Riverside,065,2383286,291862,286194,13869,300063,4388
2021-04-20,Sacramento,067,1510023,102341,101629,1593,103222,1574
2021-04-20,San Benito,069,59416,5988,5988,112,6100,63
2021-04-20,San Bernardino,071,2135413,291267,289905,8896,298801,4569
2021-04-20,San Diego,073,3302833,276234,275369,14282,289651,3674
2021-04-20,San Francisco,075,870044,36066,36117,1257,37374,529
2021-04-20,San Joaquin,077,732212,71434,70590,3388,73978,1289
2021-04-20,San Luis Obispo,079,281455,21026,20691,705,21396,254
2021-04-20,San Mateo,081,765935,41633,41251,452,41703,355
2021-04-20,Santa Barbara,083,443738,34014,33803,1124,34927,445
2021-04-20,Santa Clara,085,1922200,116909,117228,716,117944,1944
2021-04-20,Santa Cruz,087,273765,16056,15647,805,16452,204
2021-04-20,Shasta,089,179085,11683,11677,1428,13105,189
2021-04-20,Sierra,091,2930,55,51,12,63,0
2021-04-20,Siskiyou,093,43540,1671,1551,294,1845,10
2021-04-20,Solano,095,438530,31786,31673,472,32145,243
2021-04-20,Sonoma,097,501317,29526,29676,301,29977,311
2021-04-20,Stanislaus,099,539301,54578,54236,5770,60006,735
2021-04-20,Sutter,101,95872,9276,9279,83,9362,109
2021-04-20,Tehama,103,63373,4921,4887,541,5428,52
2021-04-20,Trinity,105,12862,482,326,86,412,3
2021-04-20,Tulare,107,460477,49645,48650,8755,57405,831
2021-04-20,Tuolumne,109,53932,3958,4014,40,4054,58
2021-04-20,Ventura,111,848112,80594,80018,2941,82959,995
2021-04-20,Yolo,113,214977,13646,13581,273,13854,200
2021-04-20,Yuba,115,75493,5853,5814,119,5933,44
2021-04-19,Alameda,001,1643700,85905,85583,1880,87463,1247
2021-04-19,Alpine,003,1148,85,85,0,85,0
2021-04-19,Amador,005,37829,3638,3629,33,3662,46
2021-04-19,Butte,007,227075,11986,11601,1722,13323,196
2021-04-19,Calaveras,009,45235,2058,2050,11,2061,50
2021-04-19,Colusa,011,21464,1916,1913,286,2199,14
2021-04-19,Contra Costa,013,1133247,67506,66833,1201,68034,782
2021-04-19,Del Norte,015,27424,1277,1247,11,1258,6
2021-04-19,El Dorado,017,186661,9831,9726,698,10424,106
2021-04-19,Fresno,019,978130,101179,100702,8474,109176,1646
2021-04-19,Glenn,021,27897,2380,2358,536,2894,17
2021-04-19,Humboldt,023,135768,3709,3602,28,3630,35
2021-04-19,Imperial,025,180216,28128,27995,2664,30659,719
2021-04-19,Inyo,027,18085,1396,1392,11,1403,36
2021-04-19,Kern,029,883053,96196,95162,10553,105715,1290
2021-04-19,Kings,031,150075,22933,22688,1058,23746,243
2021-04-19,Lake,033,64148,3436,3416,9,3425,43
2021-04-19,Lassen,035,31185,5167,5156,105,5261,1
2021-04-19,Los Angeles,037,10098052,1198073,1188945,40670,1229615,23666
2021-04-19,Madera,039,155013,16403,16289,920,17209,231
2021-04-19,Marin,041,260295,13847,13804,237,14041,226
2021-04-19,Mariposa,043,17540,411,401,11,412,5
2021-04-19,Mendocino,045,87422,3807,3722,74,3796,46
2021-04-19,Merced,047,269075,30386,30422,1027,31449,441
2021-04-19,Modoc,049,8938,368,359,121,480,3
2021-04-19,Mono,051,14174,1242,1254,17,1271,3
2021-04-19,Monterey,053,433212,42825,42642,1830,44472,356
2021-04-19,Napa,055,140530,9715,9680,34,9714,79
2021-04-19,Nevada,057,99092,4544,4477,186,4663,70
2021-04-19,Orange,059,3164182,253405,252013,11119,263132,4883
2021-04-19,Placer,061,380077,22430,21814,1381,23195,282
2021-04-19,Plumas,063,18699,683,665,10,675,4
2021-04-19,Riverside,065,2383286,291767,286087,13859,299946,4371
2021-04-19,Sacramento,067,1510023,102205,101482,1583,103065,1572
2021-04-19,San Benito,069,59416,5980,5989,112,6101,63
2021-04-19,San Bernardino,071,2135413,291182,289738,8890,298628,4561
2021-04-19,San Diego,073,3302833,275986,275113,14249,289362,3674
2021-04-19,San Francisco,075,870044,36030,36094,1254,37348,529
2021-04-19,San Joaquin,077,732212,71354,70514,3381,73895,1289
2021-04-19,San Luis Obispo,079,281455,21000,20669,699,21368,254
2021-04-19,San Mateo,081,765935,41600,41226,451,41677,355
2021-04-19,Santa Barbara,083,443738,34000,33786,1124,34910,446
2021-04-19,Santa Clara,085,1922200,116798,117099,712,117811,1944
2021-04-19,Santa Cruz,087,273765,16044,15600,805,16405,204
2021-04-19,Shasta,089,179085,11668,11662,1420,13082,189
2021-04-19,Sierra,091,2930,55,51,12,63,0
2021-04-19,Siskiyou,093,43540,1661,1544,294,1838,10
2021-04-19,Solano,095,438530,31747,31643,467,32110,239
2021-04-19,Sonoma,097,501317,29507,29667,301,29968,311
2021-04-19,Stanislaus,099,539301,54502,54179,5766,59945,728
2021-04-19,Sutter,101,95872,9265,9269,83,9352,109
2021-04-19,Tehama,103,63373,4915,4878,541,5419,52
2021-04-19,Trinity,105,12862,482,326,85,411,3
2021-04-19,Tulare,107,460477,49629,48630,8742,57372,831
2021-04-19,Tuolumne,109,53932,3957,4010,40,4050,58
2021-04-19,Ventura,111,848112,80568,80000,2939,82939,996
2021-04-19,Yolo,113,214977,13634,13572,270,13842,200
2021-04-19,Yuba,115,75493,5846,5804,118,5922,44
2021-04-18,Alameda,001,1643700,85791,85481,1872,87353,1247
2021-04-18,Alpine,003,1148,85,85,0,85,0
2021-04-18,Amador,005,37829,3635,3627,33,3660,46
2021-04-18,Butte,007,227075,11968,11591,1717,13308,196
2021-04-18,Calaveras,009,45235,2052,2047,11,2058,50
2021-04-18,Colusa,011,21464,1912,1912,285,2197,14
2021-04-18,Contra Costa,013,1133247,67403,66750,1197,67947,782
2021-04-18,Del Norte,015,27424,1277,1240,11,1251,6
2021-04-18,El Dorado,017,186661,9808,9710,696,10406,106
2021-04-18,Fresno,019,978130,101121,100621,8468,109089,1646
2021-04-18,Glenn,021,27897,2375,2358,536,2894,17
2021-04-18,Humboldt,023,135768,3681,3590,28,3618,35
2021-04-18,Imperial,025,180216,28113,27991,2659,30650,719
2021-04-18,Inyo,027,18085,1395,1392,11,1403,36
2021-04-18,Kern,029,883053,96160,95129,10537,105666,1290
2021-04-18,Kings,031,150075,22924,22685,1058,23743,243
2021-04-18,Lake,033,64148,3435,3413,9,3422,43
2021-04-18,Lassen,035,31185,5164,5156,105,5261,1
2021-04-18,Los Angeles,037,10098052,1197612,1188620,40647,1229267,23648
2021-04-18,Madera,039,155013,16392,16277,919,17196,231
2021-04-18,Marin,041,260295,13840,13801,236,14037,226
2021-04-18,Mariposa,043,17540,410,400,10,410,5
2021-04-18,Mendocino,045,87422,3804,3722,74,3796,46
2021-04-18,Merced,047,269075,30349,30405,1025,31430,441
2021-04-18,Modoc,049,8938,368,359,121,480,3
2021-04-18,Mono,051,14174,1242,1254,17,1271,3
2021-04-18,Monterey,053,433212,42813,42638,1829,44467,356
2021-04-18,Napa,055,140530,9699,9674,34,9708,79
2021-04-18,Nevada,057,99092,4529,4464,186,4650,70
2021-04-18,Orange,059,3164182,253291,251940,11112,263052,4883
2021-04-18,Placer,061,380077,22387,21783,1375,23158,282
2021-04-18,Plumas,063,18699,682,665,10,675,4
2021-04-18,Riverside,065,2383286,291677,286043,13855,299898,4371
2021-04-18,Sacramento,067,1510023,102030,101354,1577,102931,1572
2021-04-18,San Benito,069,59416,5978,5989,112,6101,63
2021-04-18,San Bernardino,071,2135413,291089,289691,8881,298572,4556
2021-04-18,San Diego,073,3302833,275707,274961,14214,289175,3674
2021-04-18,San Francisco,075,870044,35993,36073,1250,37323,525
2021-04-18,San Joaquin,077,732212,71273,70466,3372,73838,1289
2021-04-18,San Luis Obispo,079,281455,20978,20656,693,21349,254
2021-04-18,San Mateo,081,765935,41571,41201,450,41651,352
2021-04-18,Santa Barbara,083,443738,33965,33769,1123,34892,446
2021-04-18,Santa Clara,085,1922200,116630,116996,706,117702,1944
2021-04-18,Santa Cruz,087,273765,16034,15580,804,16384,204
2021-04-18,Shasta,089,179085,11647,11658,1417,13075,189
2021-04-18,Sierra,091,2930,55,51,12,63,0
2021-04-18,Siskiyou,093,43540,1650,1538,293,1831,10
2021-04-18,Solano,095,438530,31697,31606,466,32072,239
2021-04-18,Sonoma,097,501317,29491,29660,299,29959,311
2021-04-18,Stanislaus,099,539301,54420,54132,5759,59891,728
2021-04-18,Sutter,101,95872,9251,9261,83,9344,109
2021-04-18,Tehama,103,63373,4906,4877,540,5417,52
2021-04-18,Trinity,105,12862,482,326,85,411,3
2021-04-18,Tulare,107,460477,49617,48618,8736,57354,829
2021-04-18,Tuolumne,109,53932,3956,4008,39,4047,58
2021-04-18,Ventura,111,848112,80537,79984,2935,82919,996
2021-04-18,Yolo,113,214977,13622,13562,268,13830,200
2021-04-18,Yuba,115,75493,5839,5804,118,5922,44
2021-04-17,Alameda,001,1643700,85716,85367,1870,87237,1247
2021-04-17,Alpine,003,1148,85,85,0,85,0
2021-04-17,Amador,005,37829,3633,3625,33,3658,46
2021-04-17,Butte,007,227075,11948,11573,1713,13286,196
2021-04-17,Calaveras,009,45235,2050,2045,11,2056,50
2021-04-17,Colusa,011,21464,1912,1912,285,2197,14
2021-04-17,Contra Costa,013,1133247,67355,66657,1189,67846,782
2021-04-17,Del Norte,015,27424,1277,1238,11,1249,6
2021-04-17,El Dorado,017,186661,9793,9692,693,10385,106
2021-04-17,Fresno,019,978130,101088,100562,8463,109025,1646
2021-04-17,Glenn,021,27897,2375,2357,536,2893,17
2021-04-17,Humboldt,023,135768,3657,3579,28,3607,35
2021-04-17,Imperial,025,180216,28102,27987,2659,30646,719
2021-04-17,Inyo,027,18085,1392,1392,11,1403,36
2021-04-17,Kern,029,883053,96142,95102,10533,105635,1290
2021-04-17,Kings,031,150075,22919,22678,1057,23735,243
2021-04-17,Lake,033,64148,3434,3409,9,3418,43
2021-04-17,Lassen,035,31185,5164,5154,105,5259,1
2021-04-17,Los Angeles,037,10098052,1197355,1188262,40615,1228877,23653
2021-04-17,Madera,039,155013,16388,16260,918,17178,231
2021-04-17,Marin,041,260295,13836,13797,236,14033,226
2021-04-17,Mariposa,043,17540,409,398,10,408,5
2021-04-17,Mendocino,045,87422,3801,3721,74,3795,46
2021-04-17,Merced,047,269075,30333,30392,1024,31416,441
2021-04-17,Modoc,049,8938,368,357,121,478,3
2021-04-17,Mono,051,14174,1242,1253,17,1270,3
2021-04-17,Monterey,053,433212,42804,42630,1827,44457,356
2021-04-17,Napa,055,140530,9695,9666,34,9700,79
2021-04-17,Nevada,057,99092,4521,4457,186,4643,70
2021-04-17,Orange,059,3164182,253222,251873,11100,262973,4878
2021-04-17,Placer,061,380077,22364,21736,1370,23106,282
2021-04-17,Plumas,063,18699,681,666,10,676,4
2021-04-17,Riverside,065,2383286,291608,285963,13847,299810,4371
2021-04-17,Sacramento,067,1510023,101920,101172,1566,102738,1572
2021-04-17,San Benito,069,59416,5972,5986,112,6098,63
2021-04-17,San Bernardino,071,2135413,291034,289624,8878,298502,4555
2021-04-17,San Diego,073,3302833,275560,274812,14180,288992,3674
2021-04-17,San Francisco,075,870044,35971,36032,1247,37279,523
2021-04-17,San Joaquin,077,732212,71233,70372,3362,73734,1288
2021-04-17,San Luis Obispo,079,281455,20965,20642,690,21332,254
2021-04-17,San Mateo,081,765935,41548,41157,450,41607,352
2021-04-17,Santa Barbara,083,443738,33934,33738,1121,34859,446
2021-04-17,Santa Clara,085,1922200,116538,116887,704,117591,1944
2021-04-17,Santa Cruz,087,273765,16028,15571,804,16375,204
2021-04-17,Shasta,089,179085,11632,11647,1416,13063,189
2021-04-17,Sierra,091,2930,55,51,12,63,0
2021-04-17,Siskiyou,093,43540,1645,1539,290,1829,10
2021-04-17,Solano,095,438530,31666,31541,463,32004,239
2021-04-17,Sonoma,097,501317,29484,29637,299,29936,311
2021-04-17,Stanislaus,099,539301,54383,54058,5754,59812,728
2021-04-17,Sutter,101,95872,9245,9252,83,9335,109
2021-04-17,Tehama,103,63373,4900,4875,539,5414,52
2021-04-17,Trinity,105,12862,482,326,85,411,3
2021-04-17,Tulare,107,460477,49605,48603,8732,57335,829
2021-04-17,Tuolumne,109,53932,3954,4005,39,4044,58
2021-04-17,Ventura,111,848112,80516,79964,2935,82899,996
2021-04-17,Yolo,113,214977,13612,13580,268,13848,200
2021-04-17,Yuba,115,75493,5834,5802,117,5919,44
2021-04-16,Alameda,001,1643700,85637,85243,1868,87111,1245
2021-04-16,Alpine,003,1148,85,85,0,85,0
2021-04-16,Amador,005,37829,3628,3621,33,3654,46
2021-04-16,Butte,007,227075,11936,11549,1711,13260,196
2021-04-16,Calaveras,009,45235,2048,2042,11,2053,50
2021-04-16,Colusa,011,21464,1910,1911,285,2196,14
2021-04-16,Contra Costa,013,1133247,67301,66569,1186,67755,782
2021-04-16,Del Norte,015,27424,1276,1237,11,1248,6
2021-04-16,El Dorado,017,186661,9773,9665,689,10354,106
2021-04-16,Fresno,019,978130,101038,100500,8457,108957,1643
2021-04-16,Glenn,021,27897,2375,2355,536,2891,17
2021-04-16,Humboldt,023,135768,3636,3570,27,3597,35
2021-04-16,Imperial,025,180216,28092,27962,2659,30621,719
2021-04-16,Inyo,027,18085,1392,1392,11,1403,36
2021-04-16,Kern,029,883053,96113,95066,10530,105596,1288
2021-04-16,Kings,031,150075,22915,22667,1056,23723,243
2021-04-16,Lake,033,64148,3428,3406,9,3415,43
2021-04-16,Lassen,035,31185,5163,5155,105,5260,1
2021-04-16,Los Angeles,037,10098052,1197054,1187818,40579,1228397,23627
2021-04-16,Madera,039,155013,16382,16250,917,17167,231
2021-04-16,Marin,041,260295,13833,13788,236,14024,226
2021-04-16,Mariposa,043,17540,408,396,9,405,5
2021-04-16,Mendocino,045,87422,3799,3719,74,3793,46
2021-04-16,Merced,047,269075,30318,30355,1024,31379,438
2021-04-16,Modoc,049,8938,368,355,121,476,3
2021-04-16,Mono,051,14174,1242,1253,17,1270,3
2021-04-16,Monterey,053,433212,42793,42620,1824,44444,351
2021-04-16,Napa,055,140530,9687,9653,34,9687,79
2021-04-16,Nevada,057,99092,4512,4443,186,4629,70
2021-04-16,Orange,059,3164182,253158,251770,11091,262861,4873
2021-04-16,Placer,061,380077,22337,21680,1365,23045,282
2021-04-16,Plumas,063,18699,680,665,10,675,4
2021-04-16,Riverside,065,2383286,291531,285818,13845,299663,4369
2021-04-16,Sacramento,067,1510023,101823,100993,1561,102554,1572
2021-04-16,San Benito,069,59416,5970,5982,112,6094,63
2021-04-16,San Bernardino,071,2135413,290987,289424,8877,298301,4550
2021-04-16,San Diego,073,3302833,275406,274567,14162,288729,3662
2021-04-16,San Francisco,075,870044,35946,35993,1243,37236,517
2021-04-16,San Joaquin,077,732212,71166,70280,3354,73634,1288
2021-04-16,San Luis Obispo,079,281455,20953,20623,689,21312,253
2021-04-16,San Mateo,081,765935,41519,41107,449,41556,352
2021-04-16,Santa Barbara,083,443738,33916,33703,1121,34824,446
2021-04-16,Santa Clara,085,1922200,116438,116693,701,117394,1941
2021-04-16,Santa Cruz,087,273765,16026,15539,804,16343,204
2021-04-16,Shasta,089,179085,11620,11623,1414,13037,189
2021-04-16,Sierra,091,2930,55,51,12,63,0
2021-04-16,Siskiyou,093,43540,1641,1530,288,1818,10
2021-04-16,Solano,095,438530,31627,31470,460,31930,239
2021-04-16,Sonoma,097,501317,29473,29617,299,29916,311
2021-04-16,Stanislaus,099,539301,54335,53983,5752,59735,728
2021-04-16,Sutter,101,95872,9239,9247,83,9330,109
2021-04-16,Tehama,103,63373,4899,4866,539,5405,52
2021-04-16,Trinity,105,12862,482,326,85,411,3
2021-04-16,Tulare,107,460477,49593,48583,8728,57311,830
2021-04-16,Tuolumne,109,53932,3951,4005,39,4044,58
2021-04-16,Ventura,111,848112,80491,79942,2930,82872,994
2021-04-16,Yolo,113,214977,13599,13559,266,13825,198
2021-04-16,Yuba,115,75493,5831,5795,116,5911,44
2021-04-15,Alameda,001,1643700,85530,85089,1866,86955,1246
2021-04-15,Alpine,003,1148,85,85,0,85,0
2021-04-15,Amador,005,37829,3627,3616,33,3649,46
2021-04-15,Butte,007,227075,11921,11529,1707,13236,196
2021-04-15,Calaveras,009,45235,2047,2039,11,2050,50
2021-04-15,Colusa,011,21464,1908,1909,284,2193,14
2021-04-15,Contra Costa,013,1133247,67228,66480,1182,67662,781
2021-04-15,Del Norte,015,27424,1269,1235,11,1246,6
2021-04-15,El Dorado,017,186661,9760,9639,687,10326,106
2021-04-15,Fresno,019,978130,100976,100431,8451,108882,1642
2021-04-15,Glenn,021,27897,2375,2354,536,2890,17
2021-04-15,Humboldt,023,135768,3615,3561,27,3588,35
2021-04-15,Imperial,025,180216,28064,27920,2656,30576,718
2021-04-15,Inyo,027,18085,1392,1393,11,1404,36
2021-04-15,Kern,029,883053,96080,94989,10516,105505,1289
2021-04-15,Kings,031,150075,22901,22648,1056,23704,242
2021-04-15,Lake,033,64148,3427,3399,9,3408,43
2021-04-15,Lassen,035,31185,5162,5152,105,5257,1
2021-04-15,Los Angeles,037,10098052,1196651,1187274,40543,1227817,23598
2021-04-15,Madera,039,155013,16367,16234,917,17151,231
2021-04-15,Marin,041,260295,13829,13783,235,14018,226
2021-04-15,Mariposa,043,17540,406,395,9,404,5
2021-04-15,Mendocino,045,87422,3798,3714,74,3788,46
2021-04-15,Merced,047,269075,30292,30325,1023,31348,437
2021-04-15,Modoc,049,8938,368,355,121,476,3
2021-04-15,Mono,051,14174,1241,1253,17,1270,3
2021-04-15,Monterey,053,433212,42783,42604,1822,44426,347
2021-04-15,Napa,055,140530,9679,9645,34,9679,79
2021-04-15,Nevada,057,99092,4500,4434,185,4619,70
2021-04-15,Orange,059,3164182,253063,251679,11078,262757,4857
2021-04-15,Placer,061,380077,22306,21614,1358,22972,281
2021-04-15,Plumas,063,18699,678,665,10,675,4
2021-04-15,Riverside,065,2383286,291427,285698,13838,299536,4363
2021-04-15,Sacramento,067,1510023,101693,100782,1547,102329,1570
2021-04-15,San Benito,069,59416,5967,5969,111,6080,63
2021-04-15,San Bernardino,071,2135413,290898,289288,8870,298158,4544
2021-04-15,San Diego,073,3302833,275159,274250,14103,288353,3653
2021-04-15,San Francisco,075,870044,35927,35947,1241,37188,510
2021-04-15,San Joaquin,077,732212,71085,70189,3346,73535,1288
2021-04-15,San Luis Obispo,079,281455,20937,20591,686,21277,253
2021-04-15,San Mateo,081,765935,41480,41050,448,41498,352
2021-04-15,Santa Barbara,083,443738,33898,33672,1117,34789,446
2021-04-15,Santa Clara,085,1922200,116332,116602,697,117299,1927
2021-04-15,Santa Cruz,087,273765,16016,15509,804,16313,203
2021-04-15,Shasta,089,179085,11606,11597,1410,13007,191
2021-04-15,Sierra,091,2930,55,51,12,63,0
2021-04-15,Siskiyou,093,43540,1635,1524,287,1811,10
2021-04-15,Solano,095,438530,31589,31394,459,31853,239
2021-04-15,Sonoma,097,501317,29459,29587,299,29886,311
2021-04-15,Stanislaus,099,539301,54281,53918,5743,59661,728
2021-04-15,Sutter,101,95872,9232,9237,83,9320,109
2021-04-15,Tehama,103,63373,4898,4854,538,5392,52
2021-04-15,Trinity,105,12862,482,326,85,411,3
2021-04-15,Tulare,107,460477,49572,48556,8728,57284,829
2021-04-15,Tuolumne,109,53932,3951,4003,39,4042,57
2021-04-15,Ventura,111,848112,80472,79917,2928,82845,989
2021-04-15,Yolo,113,214977,13580,13547,264,13811,198
2021-04-15,Yuba,115,75493,5828,5788,116,5904,44
2021-04-14,Alameda,001,1643700,85433,85009,1865,86874,1247
2021-04-14,Alpine,003,1148,85,85,0,85,0
2021-04-14,Amador,005,37829,3626,3613,33,3646,46
2021-04-14,Butte,007,227075,11908,11513,1706,13219,196
2021-04-14,Calaveras,009,45235,2046,2037,11,2048,50
2021-04-14,Colusa,011,21464,1908,1905,284,2189,14
2021-04-14,Contra Costa,013,1133247,67142,66400,1176,67576,781
2021-04-14,Del Norte,015,27424,1269,1228,11,1239,6
2021-04-14,El Dorado,017,186661,9745,9625,682,10307,106
2021-04-14,Fresno,019,978130,100919,100376,8438,108814,1640
2021-04-14,Glenn,021,27897,2375,2353,536,2889,17
2021-04-14,Humboldt,023,135768,3593,3551,26,3577,35
2021-04-14,Imperial,025,180216,28042,27907,2654,30561,718
2021-04-14,Inyo,027,18085,1392,1392,11,1403,36
2021-04-14,Kern,029,883053,96055,94947,10509,105456,1287
2021-04-14,Kings,031,150075,22892,22641,1054,23695,243
2021-04-14,Lake,033,64148,3422,3396,9,3405,43
2021-04-14,Lassen,035,31185,5161,5151,105,5256,1
2021-04-14,Los Angeles,037,10098052,1196252,1186821,40498,1227319,23579
2021-04-14,Madera,039,155013,16358,16218,917,17135,231
2021-04-14,Marin,041,260295,13827,13768,234,14002,226
2021-04-14,Mariposa,043,17540,405,394,9,403,5
2021-04-14,Mendocino,045,87422,3793,3711,74,3785,46
2021-04-14,Merced,047,269075,30276,30296,1021,31317,436
2021-04-14,Modoc,049,8938,368,355,121,476,3
2021-04-14,Mono,051,14174,1240,1252,17,1269,3
2021-04-14,Monterey,053,433212,42767,42595,1818,44413,347
2021-04-14,Napa,055,140530,9668,9643,34,9677,79
2021-04-14,Nevada,057,99092,4493,4421,185,4606,70
2021-04-14,Orange,059,3164182,252958,251568,11058,262626,4849
2021-04-14,Placer,061,380077,22273,21575,1357,22932,280
2021-04-14,Plumas,063,18699,678,665,10,675,4
2021-04-14,Riverside,065,2383286,291317,285583,13832,299415,4358
2021-04-14,Sacramento,067,1510023,101518,100645,1533,102178,1570
2021-04-14,San Benito,069,59416,5965,5960,111,6071,62
2021-04-14,San Bernardino,071,2135413,290829,289078,8867,297945,4523
2021-04-14,San Diego,073,3302833,274948,273969,14074,288043,3648
2021-04-14,San Francisco,075,870044,35889,35898,1240,37138,510
2021-04-14,San Joaquin,077,732212,71015,70095,3340,73435,1288
2021-04-14,San Luis Obispo,079,281455,20914,20561,676,21237,253
2021-04-14,San Mateo,081,765935,41440,40982,445,41427,352
2021-04-14,Santa Barbara,083,443738,33869,33650,1117,34767,445
2021-04-14,Santa Clara,085,1922200,116215,116488,694,117182,1922
2021-04-14,Santa Cruz,087,273765,16006,15481,804,16285,203
2021-04-14,Shasta,089,179085,11580,11581,1408,12989,190
2021-04-14,Sierra,091,2930,55,51,12,63,0
2021-04-14,Siskiyou,093,43540,1627,1518,286,1804,10
2021-04-14,Solano,095,438530,31536,31357,452,31809,239
2021-04-14,Sonoma,097,501317,29451,29572,297,29869,311
2021-04-14,Stanislaus,099,539301,54210,53836,5734,59570,727
2021-04-14,Sutter,101,95872,9224,9230,83,9313,106
2021-04-14,Tehama,103,63373,4892,4853,537,5390,52
2021-04-14,Trinity,105,12862,482,326,85,411,3
2021-04-14,Tulare,107,460477,49546,48527,8725,57252,827
2021-04-14,Tuolumne,109,53932,3950,3997,39,4036,57
2021-04-14,Ventura,111,848112,80436,79891,2926,82817,986
2021-04-14,Yolo,113,214977,13564,13530,262,13792,198
2021-04-14,Yuba,115,75493,5826,5778,116,5894,44
2021-04-13,Alameda,001,1643700,85327,84921,1862,86783,1239
2021-04-13,Alpine,003,1148,85,85,0,85,0
2021-04-13,Amador,005,37829,3623,3609,33,3642,46
2021-04-13,Butte,007,227075,11890,11497,1703,13200,196
2021-04-13,Calaveras,009,45235,2044,2035,11,2046,50
2021-04-13,Colusa,011,21464,1906,1905,282,2187,14
2021-04-13,Contra Costa,013,1133247,67054,66304,1176,67480,778
2021-04-13,Del Norte,015,27424,1264,1221,11,1232,6
2021-04-13,El Dorado,017,186661,9719,9609,679,10288,106
2021-04-13,Fresno,019,978130,100837,100357,8432,108789,1636
2021-04-13,Glenn,021,27897,2374,2351,536,2887,17
2021-04-13,Humboldt,023,135768,3576,3540,26,3566,35
2021-04-13,Imperial,025,180216,28023,27887,2646,30533,718
2021-04-13,Inyo,027,18085,1392,1391,11,1402,36
2021-04-13,Kern,029,883053,96011,94908,10497,105405,1285
2021-04-13,Kings,031,150075,22876,22636,1053,23689,243
2021-04-13,Lake,033,64148,3419,3390,9,3399,43
2021-04-13,Lassen,035,31185,5160,5147,105,5252,1
2021-04-13,Los Angeles,037,10098052,1195795,1186482,40457,1226939,23526
2021-04-13,Madera,039,155013,16348,16207,915,17122,231
2021-04-13,Marin,041,260295,13819,13760,233,13993,224
2021-04-13,Mariposa,043,17540,404,394,6,400,5
2021-04-13,Mendocino,045,87422,3787,3702,74,3776,46
2021-04-13,Merced,047,269075,30246,30276,1018,31294,435
2021-04-13,Modoc,049,8938,368,355,121,476,3
2021-04-13,Mono,051,14174,1240,1251,17,1268,3
2021-04-13,Monterey,053,433212,42756,42577,1818,44395,347
2021-04-13,Napa,055,140530,9658,9627,34,9661,79
2021-04-13,Nevada,057,99092,4481,4415,185,4600,69
2021-04-13,Orange,059,3164182,252863,251491,11040,262531,4836
2021-04-13,Placer,061,380077,22236,21534,1354,22888,280
2021-04-13,Plumas,063,18699,677,665,10,675,4
2021-04-13,Riverside,065,2383286,291198,285505,13826,299331,4348
2021-04-13,Sacramento,067,1510023,101343,100551,1528,102079,1569
2021-04-13,San Benito,069,59416,5962,5946,111,6057,62
2021-04-13,San Bernardino,071,2135413,290713,288929,8861,297790,4521
2021-04-13,San Diego,073,3302833,274694,273709,14039,287748,3623
2021-04-13,San Francisco,075,870044,35853,35869,1236,37105,506
2021-04-13,San Joaquin,077,732212,70907,70034,3332,73366,1288
2021-04-13,San Luis Obispo,079,281455,20887,20536,666,21202,253
2021-04-13,San Mateo,081,765935,41395,40955,445,41400,353
2021-04-13,Santa Barbara,083,443738,33846,33613,1114,34727,444
2021-04-13,Santa Clara,085,1922200,116086,116363,693,117056,1923
2021-04-13,Santa Cruz,087,273765,15999,15449,804,16253,203
2021-04-13,Shasta,089,179085,11560,11536,1405,12941,189
2021-04-13,Sierra,091,2930,55,51,12,63,0
2021-04-13,Siskiyou,093,43540,1619,1511,281,1792,10
2021-04-13,Solano,095,438530,31487,31335,448,31783,239
2021-04-13,Sonoma,097,501317,29443,29544,296,29840,311
2021-04-13,Stanislaus,099,539301,54138,53797,5725,59522,722
2021-04-13,Sutter,101,95872,9220,9226,83,9309,106
2021-04-13,Tehama,103,63373,4885,4850,534,5384,52
2021-04-13,Trinity,105,12862,482,326,85,411,3
2021-04-13,Tulare,107,460477,49533,48511,8722,57233,825
2021-04-13,Tuolumne,109,53932,3948,3995,39,4034,57
2021-04-13,Ventura,111,848112,80404,79854,2924,82778,986
2021-04-13,Yolo,113,214977,13552,13516,261,13777,198
2021-04-13,Yuba,115,75493,5817,5776,116,5892,44
2021-04-12,Alameda,001,1643700,85225,84817,1861,86678,1238
2021-04-12,Alpine,003,1148,85,85,0,85,0
2021-04-12,Amador,005,37829,3622,3607,33,3640,46
2021-04-12,Butte,007,227075,11875,11488,1699,13187,193
2021-04-12,Calaveras,009,45235,2040,2033,11,2044,50
2021-04-12,Colusa,011,21464,1904,1904,280,2184,14
2021-04-12,Contra Costa,013,1133247,66974,66176,1176,67352,777
2021-04-12,Del Norte,015,27424,1261,1216,11,1227,6
2021-04-12,El Dorado,017,186661,9702,9588,677,10265,106
2021-04-12,Fresno,019,978130,100776,100277,8409,108686,1633
2021-04-12,Glenn,021,27897,2373,2349,536,2885,17
2021-04-12,Humboldt,023,135768,3562,3533,25,3558,35
2021-04-12,Imperial,025,180216,27993,27851,2642,30493,717
2021-04-12,Inyo,027,18085,1392,1390,11,1401,36
2021-04-12,Kern,029,883053,95974,94861,10486,105347,1283
2021-04-12,Kings,031,150075,22868,22621,1052,23673,241
2021-04-12,Lake,033,64148,3415,3380,9,3389,43
2021-04-12,Lassen,035,31185,5159,5147,105,5252,1
2021-04-12,Los Angeles,037,10098052,1195289,1186145,40420,1226565,23505
2021-04-12,Madera,039,155013,16336,16174,913,17087,231
2021-04-12,Marin,041,260295,13806,13751,231,13982,224
2021-04-12,Mariposa,043,17540,403,394,6,400,5
2021-04-12,Mendocino,045,87422,3786,3699,74,3773,46
2021-04-12,Merced,047,269075,30215,30261,1015,31276,435
2021-04-12,Modoc,049,8938,366,352,121,473,3
2021-04-12,Mono,051,14174,1240,1251,17,1268,3
2021-04-12,Monterey,053,433212,42742,42555,1816,44371,346
2021-04-12,Napa,055,140530,9644,9603,34,9637,80
2021-04-12,Nevada,057,99092,4470,4408,185,4593,69
2021-04-12,Orange,059,3164182,252777,251350,11018,262368,4826
2021-04-12,Placer,061,380077,22185,21475,1351,22826,278
2021-04-12,Plumas,063,18699,675,666,10,676,4
2021-04-12,Riverside,065,2383286,291087,285361,13820,299181,4336
2021-04-12,Sacramento,067,1510023,101169,100394,1523,101917,1566
2021-04-12,San Benito,069,59416,5954,5942,110,6052,62
2021-04-12,San Bernardino,071,2135413,290606,288736,8849,297585,4493
2021-04-12,San Diego,073,3302833,274433,273431,14010,287441,3621
2021-04-12,San Francisco,075,870044,35819,35841,1235,37076,506
2021-04-12,San Joaquin,077,732212,70835,69968,3325,73293,1288
2021-04-12,San Luis Obispo,079,281455,20842,20515,653,21168,253
2021-04-12,San Mateo,081,765935,41353,40920,441,41361,353
2021-04-12,Santa Barbara,083,443738,33814,33606,1114,34720,444
2021-04-12,Santa Clara,085,1922200,115958,116252,691,116943,1923
2021-04-12,Santa Cruz,087,273765,15979,15406,804,16210,203
2021-04-12,Shasta,089,179085,11543,11509,1401,12910,189
2021-04-12,Sierra,091,2930,55,51,12,63,0
2021-04-12,Siskiyou,093,43540,1608,1511,278,1789,7
2021-04-12,Solano,095,438530,31445,31305,445,31750,238
2021-04-12,Sonoma,097,501317,29415,29500,296,29796,310
2021-04-12,Stanislaus,099,539301,54072,53722,5718,59440,707
2021-04-12,Sutter,101,95872,9209,9221,83,9304,106
2021-04-12,Tehama,103,63373,4876,4834,530,5364,52
2021-04-12,Trinity,105,12862,482,324,85,409,3
2021-04-12,Tulare,107,460477,49513,48495,8712,57207,824
2021-04-12,Tuolumne,109,53932,3944,3993,39,4032,57
2021-04-12,Ventura,111,848112,80371,79818,2922,82740,985
2021-04-12,Yolo,113,214977,13538,13510,260,13770,198
2021-04-12,Yuba,115,75493,5811,5773,116,5889,43
2021-04-11,Alameda,001,1643700,85088,84756,1855,86611,1238
2021-04-11,Alpine,003,1148,85,85,0,85,0
2021-04-11,Amador,005,37829,3620,3605,33,3638,46
2021-04-11,Butte,007,227075,11841,11487,1695,13182,193
2021-04-11,Calaveras,009,45235,2036,2036,11,2047,50
2021-04-11,Colusa,011,21464,1903,1904,279,2183,14
2021-04-11,Contra Costa,013,1133247,66865,66107,1174,67281,777
2021-04-11,Del Norte,015,27424,1255,1214,11,1225,6
2021-04-11,El Dorado,017,186661,9688,9575,674,10249,106
2021-04-11,Fresno,019,978130,100708,100230,8399,108629,1633
2021-04-11,Glenn,021,27897,2368,2348,536,2884,17
2021-04-11,Humboldt,023,135768,3552,3523,25,3548,35
2021-04-11,Imperial,025,180216,27969,27841,2640,30481,717
2021-04-11,Inyo,027,18085,1392,1390,11,1401,36
2021-04-11,Kern,029,883053,95913,94830,10478,105308,1283
2021-04-11,Kings,031,150075,22859,22618,1049,23667,241
2021-04-11,Lake,033,64148,3411,3377,9,3386,43
2021-04-11,Lassen,035,31185,5155,5147,105,5252,1
2021-04-11,Los Angeles,037,10098052,1194777,1185757,40378,1226135,23503
2021-04-11,Madera,039,155013,16317,16166,912,17078,231
2021-04-11,Marin,041,260295,13799,13741,230,13971,226
2021-04-11,Mariposa,043,17540,403,394,6,400,5
2021-04-11,Mendocino,045,87422,3784,3696,74,3770,46
2021-04-11,Merced,047,269075,30177,30249,1014,31263,435
2021-04-11,Modoc,049,8938,365,352,119,471,3
2021-04-11,Mono,051,14174,1239,1250,17,1267,3
2021-04-11,Monterey,053,433212,42736,42547,1809,44356,346
2021-04-11,Napa,055,140530,9633,9592,34,9626,80
2021-04-11,Nevada,057,99092,4456,4394,185,4579,69
2021-04-11,Orange,059,3164182,252650,251233,11007,262240,4826
2021-04-11,Placer,061,380077,22128,21458,1346,22804,278
2021-04-11,Plumas,063,18699,675,666,10,676,4
2021-04-11,Riverside,065,2383286,290953,285269,13810,299079,4336
2021-04-11,Sacramento,067,1510023,100999,100296,1511,101807,1566
2021-04-11,San Benito,069,59416,5946,5941,109,6050,62
2021-04-11,San Bernardino,071,2135413,290499,288686,8843,297529,4492
2021-04-11,San Diego,073,3302833,274135,273287,13951,287238,3621
2021-04-11,San Francisco,075,870044,35783,35815,1232,37047,498
2021-04-11,San Joaquin,077,732212,70749,69939,3314,73253,1288
2021-04-11,San Luis Obispo,079,281455,20816,20501,650,21151,253
2021-04-11,San Mateo,081,765935,41295,40901,440,41341,353
2021-04-11,Santa Barbara,083,443738,33779,33591,1113,34704,444
2021-04-11,Santa Clara,085,1922200,115822,116161,688,116849,1923
2021-04-11,Santa Cruz,087,273765,15967,15382,804,16186,203
2021-04-11,Shasta,089,179085,11499,11504,1400,12904,189
2021-04-11,Sierra,091,2930,55,51,12,63,0
2021-04-11,Siskiyou,093,43540,1601,1509,275,1784,7
2021-04-11,Solano,095,438530,31392,31268,441,31709,238
2021-04-11,Sonoma,097,501317,29389,29496,292,29788,310
2021-04-11,Stanislaus,099,539301,53989,53683,5709,59392,707
2021-04-11,Sutter,101,95872,9200,9222,83,9305,106
2021-04-11,Tehama,103,63373,4873,4832,528,5360,52
2021-04-11,Trinity,105,12862,482,324,85,409,3
2021-04-11,Tulare,107,460477,49499,48479,8705,57184,824
2021-04-11,Tuolumne,109,53932,3942,3993,39,4032,57
2021-04-11,Ventura,111,848112,80323,79800,2916,82716,985
2021-04-11,Yolo,113,214977,13518,13496,258,13754,198
2021-04-11,Yuba,115,75493,5801,5768,116,5884,43
2021-04-10,Alameda,001,1643700,85024,84626,1855,86481,1238
2021-04-10,Alpine,003,1148,85,85,0,85,0
2021-04-10,Amador,005,37829,3618,3603,33,3636,46
2021-04-10,Butte,007,227075,11830,11482,1694,13176,193
2021-04-10,Calaveras,009,45235,2034,2032,11,2043,50
2021-04-10,Colusa,011,21464,1903,1902,279,2181,14
2021-04-10,Contra Costa,013,1133247,66804,66001,1171,67172,778
2021-04-10,Del Norte,015,27424,1252,1212,11,1223,6
2021-04-10,El Dorado,017,186661,9676,9549,671,10220,106
2021-04-10,Fresno,019,978130,100675,100135,8392,108527,1633
2021-04-10,Glenn,021,27897,2368,2343,536,2879,17
2021-04-10,Humboldt,023,135768,3542,3508,25,3533,35
2021-04-10,Imperial,025,180216,27955,27816,2640,30456,717
2021-04-10,Inyo,027,18085,1392,1387,11,1398,36
2021-04-10,Kern,029,883053,95899,94802,10472,105274,1284
2021-04-10,Kings,031,150075,22855,22614,1047,23661,241
2021-04-10,Lake,033,64148,3406,3368,9,3377,43
2021-04-10,Lassen,035,31185,5155,5146,104,5250,1
2021-04-10,Los Angeles,037,10098052,1194502,1185246,40361,1225607,23493
2021-04-10,Madera,039,155013,16309,16143,911,17054,231
2021-04-10,Marin,041,260295,13794,13731,230,13961,226
2021-04-10,Mariposa,043,17540,400,393,6,399,5
2021-04-10,Mendocino,045,87422,3782,3696,74,3770,46
2021-04-10,Merced,047,269075,30157,30225,1013,31238,435
2021-04-10,Modoc,049,8938,365,352,119,471,3
2021-04-10,Mono,051,14174,1239,1249,17,1266,3
2021-04-10,Monterey,053,433212,42725,42527,1808,44335,346
2021-04-10,Napa,055,140530,9626,9569,34,9603,79
2021-04-10,Nevada,057,99092,4449,4379,185,4564,69
2021-04-10,Orange,059,3164182,252557,251139,11000,262139,4818
2021-04-10,Placer,061,380077,22097,21402,1340,22742,278
2021-04-10,Plumas,063,18699,675,666,10,676,4
2021-04-10,Riverside,065,2383286,290873,285082,13802,298884,4336
2021-04-10,Sacramento,067,1510023,100896,100048,1509,101557,1566
2021-04-10,San Benito,069,59416,5935,5932,108,6040,62
2021-04-10,San Bernardino,071,2135413,290434,288590,8836,297426,4489
2021-04-10,San Diego,073,3302833,273919,273058,13931,286989,3613
2021-04-10,San Francisco,075,870044,35753,35774,1229,37003,498
2021-04-10,San Joaquin,077,732212,70714,69852,3304,73156,1288
2021-04-10,San Luis Obispo,079,281455,20800,20461,649,21110,253
2021-04-10,San Mateo,081,765935,41262,40878,440,41318,350
2021-04-10,Santa Barbara,083,443738,33751,33541,1111,34652,444
2021-04-10,Santa Clara,085,1922200,115726,116015,687,116702,1923
2021-04-10,Santa Cruz,087,273765,15961,15360,804,16164,203
2021-04-10,Shasta,089,179085,11490,11492,1397,12889,189
2021-04-10,Sierra,091,2930,55,51,12,63,0
2021-04-10,Siskiyou,093,43540,1598,1512,275,1787,7
2021-04-10,Solano,095,438530,31358,31218,437,31655,238
2021-04-10,Sonoma,097,501317,29374,29469,292,29761,310
2021-04-10,Stanislaus,099,539301,53954,53596,5703,59299,707
2021-04-10,Sutter,101,95872,9198,9214,83,9297,106
2021-04-10,Tehama,103,63373,4871,4820,526,5346,52
2021-04-10,Trinity,105,12862,482,324,85,409,3
2021-04-10,Tulare,107,460477,49490,48470,8699,57169,824
2021-04-10,Tuolumne,109,53932,3939,3991,39,4030,57
2021-04-10,Ventura,111,848112,80295,79758,2914,82672,985
2021-04-10,Yolo,113,214977,13510,13494,257,13751,198
2021-04-10,Yuba,115,75493,5798,5757,115,5872,43
2021-04-09,Alameda,001,1643700,84957,84404,1847,86251,1237
2021-04-09,Alpine,003,1148,85,85,0,85,0
2021-04-09,Amador,005,37829,3617,3600,33,3633,46
2021-04-09,Butte,007,227075,11820,11454,1693,13147,193
2021-04-09,Calaveras,009,45235,2033,2028,11,2039,50
2021-04-09,Colusa,011,21464,1903,1898,279,2177,14
2021-04-09,Contra Costa,013,1133247,66711,65857,1165,67022,777
2021-04-09,Del Norte,015,27424,1251,1207,11,1218,6
2021-04-09,El Dorado,017,186661,9653,9528,667,10195,106
2021-04-09,Fresno,019,978130,100641,100027,8387,108414,1630
2021-04-09,Glenn,021,27897,2368,2337,536,2873,17
2021-04-09,Humboldt,023,135768,3533,3496,25,3521,35
2021-04-09,Imperial,025,180216,27940,27764,2638,30402,717
2021-04-09,Inyo,027,18085,1391,1386,11,1397,36
2021-04-09,Kern,029,883053,95861,94675,10470,105145,1282
2021-04-09,Kings,031,150075,22846,22595,1044,23639,242
2021-04-09,Lake,033,64148,3402,3362,9,3371,43
2021-04-09,Lassen,035,31185,5155,5140,104,5244,1
2021-04-09,Los Angeles,037,10098052,1194131,1184501,40333,1224834,23458
2021-04-09,Madera,039,155013,16306,16118,911,17029,231
2021-04-09,Marin,041,260295,13787,13721,230,13951,226
2021-04-09,Mariposa,043,17540,400,393,6,399,5
2021-04-09,Mendocino,045,87422,3780,3693,74,3767,46
2021-04-09,Merced,047,269075,30128,30179,1012,31191,435
2021-04-09,Modoc,049,8938,364,352,119,471,3
2021-04-09,Mono,051,14174,1239,1247,17,1264,3
2021-04-09,Monterey,053,433212,42716,42481,1804,44285,344
2021-04-09,Napa,055,140530,9607,9574,34,9608,80
2021-04-09,Nevada,057,99092,4441,4373,185,4558,69
2021-04-09,Orange,059,3164182,252483,250852,10995,261847,4813
2021-04-09,Placer,061,380077,22066,21327,1332,22659,278
2021-04-09,Plumas,063,18699,674,666,10,676,4
2021-04-09,Riverside,065,2383286,290790,284562,13796,298358,4325
2021-04-09,Sacramento,067,1510023,100741,99722,1503,101225,1564
2021-04-09,San Benito,069,59416,5930,5925,107,6032,62
2021-04-09,San Bernardino,071,2135413,290365,288000,8833,296833,4467
2021-04-09,San Diego,073,3302833,273721,272697,13889,286586,3600
2021-04-09,San Francisco,075,870044,35712,35716,1224,36940,497
2021-04-09,San Joaquin,077,732212,70650,69675,3292,72967,1281
2021-04-09,San Luis Obispo,079,281455,20785,20427,649,21076,252
2021-04-09,San Mateo,081,765935,41226,40800,439,41239,350
2021-04-09,Santa Barbara,083,443738,33728,33424,1108,34532,444
2021-04-09,Santa Clara,085,1922200,115642,115749,685,116434,1923
2021-04-09,Santa Cruz,087,273765,15956,15331,804,16135,203
2021-04-09,Shasta,089,179085,11480,11478,1394,12872,188
2021-04-09,Sierra,091,2930,55,51,12,63,0
2021-04-09,Siskiyou,093,43540,1595,1510,274,1784,7
2021-04-09,Solano,095,438530,31325,31166,432,31598,238
2021-04-09,Sonoma,097,501317,29361,29433,292,29725,310
2021-04-09,Stanislaus,099,539301,53899,53504,5694,59198,705
2021-04-09,Sutter,101,95872,9191,9201,83,9284,106
2021-04-09,Tehama,103,63373,4865,4806,526,5332,52
2021-04-09,Trinity,105,12862,481,324,85,409,3
2021-04-09,Tulare,107,460477,49486,48430,8693,57123,824
2021-04-09,Tuolumne,109,53932,3938,3986,39,4025,57
2021-04-09,Ventura,111,848112,80267,79698,2914,82612,987
2021-04-09,Yolo,113,214977,13498,13478,255,13733,198
2021-04-09,Yuba,115,75493,5791,5754,115,5869,43
2021-04-08,Alameda,001,1643700,84851,84213,1844,86057,1232
2021-04-08,Alpine,003,1148,85,85,0,85,0
2021-04-08,Amador,005,37829,3613,3595,33,3628,46
2021-04-08,Butte,007,227075,11809,11414,1692,13106,193
2021-04-08,Calaveras,009,45235,2031,2027,11,2038,50
2021-04-08,Colusa,011,21464,1902,1897,279,2176,14
2021-04-08,Contra Costa,013,1133247,66601,65706,1162,66868,775
2021-04-08,Del Norte,015,27424,1245,1201,11,1212,6
2021-04-08,El Dorado,017,186661,9637,9513,662,10175,106
2021-04-08,Fresno,019,978130,100578,99935,8380,108315,1627
2021-04-08,Glenn,021,27897,2367,2337,536,2873,17
2021-04-08,Humboldt,023,135768,3523,3486,25,3511,35
2021-04-08,Imperial,025,180216,27912,27744,2634,30378,713
2021-04-08,Inyo,027,18085,1390,1386,11,1397,36
2021-04-08,Kern,029,883053,95815,94493,10457,104950,1281
2021-04-08,Kings,031,150075,22839,22589,1042,23631,243
2021-04-08,Lake,033,64148,3395,3360,9,3369,43
2021-04-08,Lassen,035,31185,5154,5136,104,5240,1
2021-04-08,Los Angeles,037,10098052,1193634,1184443,40295,1224738,23416
2021-04-08,Madera,039,155013,16294,16103,911,17014,231
2021-04-08,Marin,041,260295,13780,13704,230,13934,226
2021-04-08,Mariposa,043,17540,399,393,6,399,5
2021-04-08,Mendocino,045,87422,3778,3690,74,3764,45
2021-04-08,Merced,047,269075,30106,30163,1012,31175,430
2021-04-08,Modoc,049,8938,364,352,119,471,3
2021-04-08,Mono,051,14174,1237,1247,17,1264,3
2021-04-08,Monterey,053,433212,42694,42437,1799,44236,342
2021-04-08,Napa,055,140530,9590,9569,34,9603,80
2021-04-08,Nevada,057,99092,4430,4367,185,4552,69
2021-04-08,Orange,059,3164182,252373,250529,10980,261509,4797
2021-04-08,Placer,061,380077,22024,21258,1323,22581,277
2021-04-08,Plumas,063,18699,674,665,10,675,4
2021-04-08,Riverside,065,2383286,290676,283853,13791,297644,4296
2021-04-08,Sacramento,067,1510023,100601,99319,1492,100811,1561
2021-04-08,San Benito,069,59416,5927,5914,105,6019,62
2021-04-08,San Bernardino,071,2135413,290268,287190,8830,296020,4445
2021-04-08,San Diego,073,3302833,273491,272495,13853,286348,3592
2021-04-08,San Francisco,075,870044,35689,35657,1223,36880,494
2021-04-08,San Joaquin,077,732212,70578,69479,3286,72765,1279
2021-04-08,San Luis Obispo,079,281455,20766,20402,647,21049,252
2021-04-08,San Mateo,081,765935,41186,40749,439,41188,350
2021-04-08,Santa Barbara,083,443738,33704,33309,1107,34416,444
2021-04-08,Santa Clara,085,1922200,115536,115487,684,116171,1905
2021-04-08,Santa Cruz,087,273765,15949,15296,804,16100,203
2021-04-08,Shasta,089,179085,11470,11466,1390,12856,186
2021-04-08,Sierra,091,2930,55,51,12,63,0
2021-04-08,Siskiyou,093,43540,1592,1511,274,1785,7
2021-04-08,Solano,095,438530,31276,31120,432,31552,238
2021-04-08,Sonoma,097,501317,29341,29410,291,29701,310
2021-04-08,Stanislaus,099,539301,53821,53401,5684,59085,706
2021-04-08,Sutter,101,95872,9187,9195,83,9278,106
2021-04-08,Tehama,103,63373,4861,4802,526,5328,52
2021-04-08,Trinity,105,12862,481,324,85,409,3
2021-04-08,Tulare,107,460477,49473,48409,8683,57092,821
2021-04-08,Tuolumne,109,53932,3938,3986,39,4025,57
2021-04-08,Ventura,111,848112,80230,79626,2910,82536,986
2021-04-08,Yolo,113,214977,13489,13468,254,13722,198
2021-04-08,Yuba,115,75493,5787,5743,115,5858,43
2021-04-07,Alameda,001,1643700,84767,84130,1842,85972,1224
2021-04-07,Alpine,003,1148,85,85,0,85,0
2021-04-07,Amador,005,37829,3610,3590,33,3623,46
2021-04-07,Butte,007,227075,11805,11405,1689,13094,193
2021-04-07,Calaveras,009,45235,2030,2022,11,2033,50
2021-04-07,Colusa,011,21464,1898,1894,278,2172,14
2021-04-07,Contra Costa,013,1133247,66515,65619,1161,66780,775
2021-04-07,Del Norte,015,27424,1243,1198,11,1209,6
2021-04-07,El Dorado,017,186661,9616,9500,656,10156,106
2021-04-07,Fresno,019,978130,100513,99865,8369,108234,1627
2021-04-07,Glenn,021,27897,2365,2337,535,2872,17
2021-04-07,Humboldt,023,135768,3510,3484,25,3509,35
2021-04-07,Imperial,025,180216,27888,27704,2628,30332,713
2021-04-07,Inyo,027,18085,1389,1386,11,1397,36
2021-04-07,Kern,029,883053,95779,94456,10442,104898,1275
2021-04-07,Kings,031,150075,22837,22589,1042,23631,243
2021-04-07,Lake,033,64148,3393,3358,9,3367,43
2021-04-07,Lassen,035,31185,5154,5137,104,5241,1
2021-04-07,Los Angeles,037,10098052,1193196,1183862,40274,1224136,23372
2021-04-07,Madera,039,155013,16275,16090,910,17000,231
2021-04-07,Marin,041,260295,13769,13688,228,13916,225
2021-04-07,Mariposa,043,17540,398,391,6,397,5
2021-04-07,Mendocino,045,87422,3777,3691,74,3765,45
2021-04-07,Merced,047,269075,30083,30132,1007,31139,430
2021-04-07,Modoc,049,8938,364,351,119,470,3
2021-04-07,Mono,051,14174,1237,1246,17,1263,3
2021-04-07,Monterey,053,433212,42676,42427,1798,44225,341
2021-04-07,Napa,055,140530,9576,9556,34,9590,80
2021-04-07,Nevada,057,99092,4424,4364,185,4549,69
2021-04-07,Orange,059,3164182,252249,250378,10958,261336,4778
2021-04-07,Placer,061,380077,21980,21227,1315,22542,276
2021-04-07,Plumas,063,18699,674,665,10,675,4
2021-04-07,Riverside,065,2383286,290556,283749,13781,297530,4285
2021-04-07,Sacramento,067,1510023,100433,99202,1486,100688,1544
2021-04-07,San Benito,069,59416,5922,5912,104,6016,62
2021-04-07,San Bernardino,071,2135413,290149,286978,8825,295803,4433
2021-04-07,San Diego,073,3302833,273265,272195,13824,286019,3588
2021-04-07,San Francisco,075,870044,35649,35618,1219,36837,493
2021-04-07,San Joaquin,077,732212,70508,69375,3281,72656,1278
2021-04-07,San Luis Obispo,079,281455,20740,20373,644,21017,252
2021-04-07,San Mateo,081,765935,41142,40693,439,41132,350
2021-04-07,Santa Barbara,083,443738,33678,33289,1104,34393,444
2021-04-07,Santa Clara,085,1922200,115404,115311,682,115993,1900
2021-04-07,Santa Cruz,087,273765,15938,15275,804,16079,203
2021-04-07,Shasta,089,179085,11458,11456,1385,12841,184
2021-04-07,Sierra,091,2930,55,51,12,63,0
2021-04-07,Siskiyou,093,43540,1586,1512,273,1785,7
2021-04-07,Solano,095,438530,31225,31097,431,31528,238
2021-04-07,Sonoma,097,501317,29323,29394,290,29684,310
2021-04-07,Stanislaus,099,539301,53753,53344,5674,59018,686
2021-04-07,Sutter,101,95872,9184,9188,83,9271,106
2021-04-07,Tehama,103,63373,4853,4802,524,5326,52
2021-04-07,Trinity,105,12862,481,322,85,407,3
2021-04-07,Tulare,107,460477,49458,48386,8673,57059,820
2021-04-07,Tuolumne,109,53932,3936,3982,39,4021,57
2021-04-07,Ventura,111,848112,80196,79595,2908,82503,986
2021-04-07,Yolo,113,214977,13474,13450,252,13702,198
2021-04-07,Yuba,115,75493,5783,5737,115,5852,43
2021-04-06,Alameda,001,1643700,84654,84091,1839,85930,1223
2021-04-06,Alpine,003,1148,85,85,0,85,0
2021-04-06,Amador,005,37829,3609,3587,33,3620,45
2021-04-06,Butte,007,227075,11790,11396,1687,13083,193
2021-04-06,Calaveras,009,45235,2026,2021,11,2032,50
2021-04-06,Colusa,011,21464,1896,1894,276,2170,14
2021-04-06,Contra Costa,013,1133247,66437,65575,1160,66735,774
2021-04-06,Del Norte,015,27424,1238,1197,11,1208,6
2021-04-06,El Dorado,017,186661,9586,9489,654,10143,106
2021-04-06,Fresno,019,978130,100449,99814,8363,108177,1626
2021-04-06,Glenn,021,27897,2364,2335,534,2869,17
2021-04-06,Humboldt,023,135768,3501,3477,25,3502,35
2021-04-06,Imperial,025,180216,27854,27661,2618,30279,713
2021-04-06,Inyo,027,18085,1389,1379,11,1390,36
2021-04-06,Kern,029,883053,95735,94422,10436,104858,1259
2021-04-06,Kings,031,150075,22831,22587,1042,23629,240
2021-04-06,Lake,033,64148,3390,3358,9,3367,43
2021-04-06,Lassen,035,31185,5152,5137,104,5241,1
2021-04-06,Los Angeles,037,10098052,1192683,1183499,40235,1223734,23323
2021-04-06,Madera,039,155013,16255,16085,905,16990,230
2021-04-06,Marin,041,260295,13760,13675,224,13899,224
2021-04-06,Mariposa,043,17540,398,390,6,396,5
2021-04-06,Mendocino,045,87422,3775,3686,74,3760,45
2021-04-06,Merced,047,269075,30054,30100,1002,31102,430
2021-04-06,Modoc,049,8938,363,351,119,470,3
2021-04-06,Mono,051,14174,1237,1246,17,1263,3
2021-04-06,Monterey,053,433212,42667,42412,1797,44209,341
2021-04-06,Napa,055,140530,9557,9509,34,9543,78
2021-04-06,Nevada,057,99092,4414,4356,183,4539,69
2021-04-06,Orange,059,3164182,252140,250304,10944,261248,4771
2021-04-06,Placer,061,380077,21932,21184,1313,22497,276
2021-04-06,Plumas,063,18699,674,665,10,675,4
2021-04-06,Riverside,065,2383286,290375,283622,13770,297392,4264
2021-04-06,Sacramento,067,1510023,100224,99110,1480,100590,1537
2021-04-06,San Benito,069,59416,5913,5907,104,6011,62
2021-04-06,San Bernardino,071,2135413,290036,286792,8815,295607,4428
2021-04-06,San Diego,073,3302833,273003,271867,13796,285663,3585
2021-04-06,San Francisco,075,870044,35606,35572,1219,36791,488
2021-04-06,San Joaquin,077,732212,70425,69316,3269,72585,1278
2021-04-06,San Luis Obispo,079,281455,20718,20350,641,20991,252
2021-04-06,San Mateo,081,765935,41094,40649,438,41087,350
2021-04-06,Santa Barbara,083,443738,33660,33257,1103,34360,443
2021-04-06,Santa Clara,085,1922200,115233,115184,681,115865,1900
2021-04-06,Santa Cruz,087,273765,15928,15252,804,16056,203
2021-04-06,Shasta,089,179085,11437,11443,1383,12826,184
2021-04-06,Sierra,091,2930,55,51,12,63,0
2021-04-06,Siskiyou,093,43540,1582,1510,272,1782,7
2021-04-06,Solano,095,438530,31178,31078,430,31508,237
2021-04-06,Sonoma,097,501317,29298,29386,288,29674,311
2021-04-06,Stanislaus,099,539301,53696,53304,5668,58972,686
2021-04-06,Sutter,101,95872,9174,9179,83,9262,106
2021-04-06,Tehama,103,63373,4844,4798,524,5322,52
2021-04-06,Trinity,105,12862,481,321,85,406,3
2021-04-06,Tulare,107,460477,49415,48372,8669,57041,819
2021-04-06,Tuolumne,109,53932,3936,3981,39,4020,57
2021-04-06,Ventura,111,848112,80159,79556,2906,82462,983
2021-04-06,Yolo,113,214977,13461,13443,251,13694,198
2021-04-06,Yuba,115,75493,5779,5733,114,5847,43
2021-04-05,Alameda,001,1643700,84538,84007,1835,85842,1219
2021-04-05,Alpine,003,1148,85,85,0,85,0
2021-04-05,Amador,005,37829,3606,3584,33,3617,45
2021-04-05,Butte,007,227075,11775,11384,1686,13070,193
2021-04-05,Calaveras,009,45235,2024,2019,11,2030,50
2021-04-05,Colusa,011,21464,1896,1894,275,2169,14
2021-04-05,Contra Costa,013,1133247,66371,65457,1158,66615,774
2021-04-05,Del Norte,015,27424,1236,1189,11,1200,6
2021-04-05,El Dorado,017,186661,9571,9463,654,10117,106
2021-04-05,Fresno,019,978130,100361,99755,8355,108110,1622
2021-04-05,Glenn,021,27897,2363,2335,534,2869,17
2021-04-05,Humboldt,023,135768,3492,3475,25,3500,35
2021-04-05,Imperial,025,180216,27822,27604,2613,30217,710
2021-04-05,Inyo,027,18085,1386,1377,11,1388,36
2021-04-05,Kern,029,883053,95680,94401,10411,104812,1249
2021-04-05,Kings,031,150075,22827,22580,1042,23622,239
2021-04-05,Lake,033,64148,3382,3359,9,3368,43
2021-04-05,Lassen,035,31185,5152,5138,103,5241,1
2021-04-05,Los Angeles,037,10098052,1192147,1183200,40185,1223385,23302
2021-04-05,Madera,039,155013,16241,16065,904,16969,230
2021-04-05,Marin,041,260295,13746,13666,220,13886,221
2021-04-05,Mariposa,043,17540,398,390,6,396,5
2021-04-05,Mendocino,045,87422,3773,3687,74,3761,45
2021-04-05,Merced,047,269075,30028,30068,1000,31068,427
2021-04-05,Modoc,049,8938,361,346,119,465,3
2021-04-05,Mono,051,14174,1237,1246,17,1263,3
2021-04-05,Monterey,053,433212,42654,42396,1793,44189,341
2021-04-05,Napa,055,140530,9534,9492,34,9526,78
2021-04-05,Nevada,057,99092,4403,4346,183,4529,69
2021-04-05,Orange,059,3164182,252025,250177,10920,261097,4759
2021-04-05,Placer,061,380077,21886,21133,1306,22439,276
2021-04-05,Plumas,063,18699,674,666,10,676,4
2021-04-05,Riverside,065,2383286,290238,283549,13758,297307,4237
2021-04-05,Sacramento,067,1510023,100062,98908,1472,100380,1533
2021-04-05,San Benito,069,59416,5907,5904,104,6008,61
2021-04-05,San Bernardino,071,2135413,289926,286597,8812,295409,4425
2021-04-05,San Diego,073,3302833,272754,271655,13755,285410,3583
2021-04-05,San Francisco,075,870044,35575,35538,1219,36757,488
2021-04-05,San Joaquin,077,732212,70336,69214,3260,72474,1268
2021-04-05,San Luis Obispo,079,281455,20681,20333,641,20974,252
2021-04-05,San Mateo,081,765935,41050,40609,437,41046,350
2021-04-05,Santa Barbara,083,443738,33625,33235,1103,34338,443
2021-04-05,Santa Clara,085,1922200,115066,115091,678,115769,1893
2021-04-05,Santa Cruz,087,273765,15921,15228,804,16032,201
2021-04-05,Shasta,089,179085,11416,11435,1380,12815,184
2021-04-05,Sierra,091,2930,55,50,12,62,0
2021-04-05,Siskiyou,093,43540,1579,1509,270,1779,7
2021-04-05,Solano,095,438530,31137,31026,428,31454,237
2021-04-05,Sonoma,097,501317,29266,29361,286,29647,311
2021-04-05,Stanislaus,099,539301,53616,53238,5665,58903,686
2021-04-05,Sutter,101,95872,9167,9169,83,9252,106
2021-04-05,Tehama,103,63373,4838,4794,524,5318,52
2021-04-05,Trinity,105,12862,480,321,85,406,3
2021-04-05,Tulare,107,460477,49403,48356,8662,57018,818
2021-04-05,Tuolumne,109,53932,3935,3980,39,4019,57
2021-04-05,Ventura,111,848112,80128,79549,2903,82452,983
2021-04-05,Yolo,113,214977,13447,13427,250,13677,198
2021-04-05,Yuba,115,75493,5774,5728,113,5841,43
2021-04-04,Alameda,001,1643700,84420,83951,1831,85782,1219
2021-04-04,Alpine,003,1148,85,85,0,85,0
2021-04-04,Amador,005,37829,3600,3582,33,3615,45
2021-04-04,Butte,007,227075,11760,11375,1685,13060,193
2021-04-04,Calaveras,009,45235,2020,2020,11,2031,50
2021-04-04,Colusa,011,21464,1895,1893,275,2168,14
2021-04-04,Contra Costa,013,1133247,66265,65408,1153,66561,774
2021-04-04,Del Norte,015,27424,1228,1186,11,1197,6
2021-04-04,El Dorado,017,186661,9552,9455,650,10105,106
2021-04-04,Fresno,019,978130,100287,99702,8342,108044,1622
2021-04-04,Glenn,021,27897,2360,2335,533,2868,17
2021-04-04,Humboldt,023,135768,3481,3472,25,3497,35
2021-04-04,Imperial,025,180216,27766,27588,2611,30199,710
2021-04-04,Inyo,027,18085,1382,1377,11,1388,36
2021-04-04,Kern,029,883053,95636,94388,10390,104778,1247
2021-04-04,Kings,031,150075,22825,22580,1041,23621,239
2021-04-04,Lake,033,64148,3376,3355,8,3363,43
2021-04-04,Lassen,035,31185,5150,5138,103,5241,1
2021-04-04,Los Angeles,037,10098052,1191602,1182872,40141,1223013,23301
2021-04-04,Madera,039,155013,16215,16052,900,16952,230
2021-04-04,Marin,041,260295,13733,13663,219,13882,221
2021-04-04,Mariposa,043,17540,398,390,6,396,5
2021-04-04,Mendocino,045,87422,3770,3684,74,3758,45
2021-04-04,Merced,047,269075,29985,30048,997,31045,427
2021-04-04,Modoc,049,8938,361,346,119,465,3
2021-04-04,Mono,051,14174,1236,1245,17,1262,3
2021-04-04,Monterey,053,433212,42637,42391,1792,44183,341
2021-04-04,Napa,055,140530,9522,9486,34,9520,78
2021-04-04,Nevada,057,99092,4391,4337,183,4520,69
2021-04-04,Orange,059,3164182,251891,250117,10904,261021,4759
2021-04-04,Placer,061,380077,21839,21104,1288,22392,276
2021-04-04,Plumas,063,18699,674,666,10,676,4
2021-04-04,Riverside,065,2383286,290112,283537,13754,297291,4237
2021-04-04,Sacramento,067,1510023,99863,98821,1463,100284,1531
2021-04-04,San Benito,069,59416,5897,5901,100,6001,61
2021-04-04,San Bernardino,071,2135413,289786,286561,8804,295365,4423
2021-04-04,San Diego,073,3302833,272442,271528,13714,285242,3583
2021-04-04,San Francisco,075,870044,35521,35525,1216,36741,488
2021-04-04,San Joaquin,077,732212,70235,69147,3248,72395,1268
2021-04-04,San Luis Obispo,079,281455,20649,20328,633,20961,252
2021-04-04,San Mateo,081,765935,41007,40587,434,41021,350
2021-04-04,Santa Barbara,083,443738,33589,33213,1103,34316,443
2021-04-04,Santa Clara,085,1922200,114900,114976,671,115647,1893
2021-04-04,Santa Cruz,087,273765,15912,15219,804,16023,201
2021-04-04,Shasta,089,179085,11390,11433,1379,12812,184
2021-04-04,Sierra,091,2930,55,50,12,62,0
2021-04-04,Siskiyou,093,43540,1576,1509,266,1775,7
2021-04-04,Solano,095,438530,31090,31002,426,31428,237
2021-04-04,Sonoma,097,501317,29234,29340,284,29624,311
2021-04-04,Stanislaus,099,539301,53523,53181,5657,58838,686
2021-04-04,Sutter,101,95872,9160,9164,83,9247,106
2021-04-04,Tehama,103,63373,4826,4792,523,5315,52
2021-04-04,Trinity,105,12862,478,321,85,406,3
2021-04-04,Tulare,107,460477,49389,48343,8654,56997,818
2021-04-04,Tuolumne,109,53932,3927,3980,39,4019,57
2021-04-04,Ventura,111,848112,80085,79526,2901,82427,983
2021-04-04,Yolo,113,214977,13426,13425,249,13674,198
2021-04-04,Yuba,115,75493,5767,5722,113,5835,43
2021-04-03,Alameda,001,1643700,84353,83861,1829,85690,1218
2021-04-03,Alpine,003,1148,85,85,0,85,0
2021-04-03,Amador,005,37829,3597,3577,33,3610,45
2021-04-03,Butte,007,227075,11756,11359,1681,13040,193
2021-04-03,Calaveras,009,45235,2018,2019,11,2030,50
2021-04-03,Colusa,011,21464,1895,1891,275,2166,14
2021-04-03,Contra Costa,013,1133247,66193,65338,1153,66491,774
2021-04-03,Del Norte,015,27424,1223,1183,11,1194,6
2021-04-03,El Dorado,017,186661,9543,9448,649,10097,106
2021-04-03,Fresno,019,978130,100230,99602,8336,107938,1622
2021-04-03,Glenn,021,27897,2359,2334,532,2866,17
2021-04-03,Humboldt,023,135768,3479,3467,25,3492,35
2021-04-03,Imperial,025,180216,27750,27572,2608,30180,710
2021-04-03,Inyo,027,18085,1381,1376,11,1387,36
2021-04-03,Kern,029,883053,95610,94369,10374,104743,1243
2021-04-03,Kings,031,150075,22823,22580,1041,23621,239
2021-04-03,Lake,033,64148,3375,3350,8,3358,43
2021-04-03,Lassen,035,31185,5149,5136,103,5239,1
2021-04-03,Los Angeles,037,10098052,1191298,1182402,40124,1222526,23301
2021-04-03,Madera,039,155013,16206,16051,898,16949,230
2021-04-03,Marin,041,260295,13725,13658,218,13876,221
2021-04-03,Mariposa,043,17540,398,390,5,395,5
2021-04-03,Mendocino,045,87422,3769,3684,74,3758,45
2021-04-03,Merced,047,269075,29970,30031,997,31028,427
2021-04-03,Modoc,049,8938,361,346,119,465,3
2021-04-03,Mono,051,14174,1236,1245,17,1262,3
2021-04-03,Monterey,053,433212,42624,42376,1790,44166,341
2021-04-03,Napa,055,140530,9513,9473,34,9507,78
2021-04-03,Nevada,057,99092,4387,4323,183,4506,69
2021-04-03,Orange,059,3164182,251811,249982,10886,260868,4755
2021-04-03,Placer,061,380077,21808,21060,1284,22344,276
2021-04-03,Plumas,063,18699,674,666,10,676,4
2021-04-03,Riverside,065,2383286,290034,283423,13751,297174,4237
2021-04-03,Sacramento,067,1510023,99755,98660,1457,100117,1531
2021-04-03,San Benito,069,59416,5894,5893,99,5992,61
2021-04-03,San Bernardino,071,2135413,289721,286473,8798,295271,4422
2021-04-03,San Diego,073,3302833,272273,271335,13697,285032,3571
2021-04-03,San Francisco,075,870044,35502,35488,1214,36702,489
2021-04-03,San Joaquin,077,732212,70194,69100,3232,72332,1268
2021-04-03,San Luis Obispo,079,281455,20630,20301,633,20934,252
2021-04-03,San Mateo,081,765935,40982,40560,434,40994,350
2021-04-03,Santa Barbara,083,443738,33563,33172,1102,34274,443
2021-04-03,Santa Clara,085,1922200,114792,114865,669,115534,1893
2021-04-03,Santa Cruz,087,273765,15905,15205,804,16009,201
2021-04-03,Shasta,089,179085,11382,11418,1379,12797,184
2021-04-03,Sierra,091,2930,55,50,12,62,0
2021-04-03,Siskiyou,093,43540,1575,1509,266,1775,7
2021-04-03,Solano,095,438530,31069,30970,423,31393,237
2021-04-03,Sonoma,097,501317,29218,29315,283,29598,311
2021-04-03,Stanislaus,099,539301,53488,53137,5651,58788,686
2021-04-03,Sutter,101,95872,9154,9158,83,9241,106
2021-04-03,Tehama,103,63373,4818,4788,523,5311,52
2021-04-03,Trinity,105,12862,478,321,85,406,3
2021-04-03,Tulare,107,460477,49379,48327,8650,56977,818
2021-04-03,Tuolumne,109,53932,3927,3980,39,4019,57
2021-04-03,Ventura,111,848112,80064,79489,2899,82388,983
2021-04-03,Yolo,113,214977,13420,13414,249,13663,198
2021-04-03,Yuba,115,75493,5761,5716,113,5829,43
2021-04-02,Alameda,001,1643700,84280,83776,1826,85602,1217
2021-04-02,Alpine,003,1148,85,85,0,85,0
2021-04-02,Amador,005,37829,3593,3573,32,3605,45
2021-04-02,Butte,007,227075,11748,11350,1681,13031,193
2021-04-02,Calaveras,009,45235,2016,2010,11,2021,50
2021-04-02,Colusa,011,21464,1895,1891,275,2166,14
2021-04-02,Contra Costa,013,1133247,66129,65299,1152,66451,774
2021-04-02,Del Norte,015,27424,1220,1174,11,1185,6
2021-04-02,El Dorado,017,186661,9530,9437,646,10083,106
2021-04-02,Fresno,019,978130,100176,99551,8325,107876,1620
2021-04-02,Glenn,021,27897,2359,2331,532,2863,17
2021-04-02,Humboldt,023,135768,3475,3465,25,3490,35
2021-04-02,Imperial,025,180216,27738,27553,2602,30155,710
2021-04-02,Inyo,027,18085,1381,1377,11,1388,36
2021-04-02,Kern,029,883053,95592,94348,10371,104719,1233
2021-04-02,Kings,031,150075,22823,22571,1038,23609,239
2021-04-02,Lake,033,64148,3373,3348,8,3356,43
2021-04-02,Lassen,035,31185,5149,5134,103,5237,1
2021-04-02,Los Angeles,037,10098052,1190988,1181682,40102,1221784,23264
2021-04-02,Madera,039,155013,16197,16036,897,16933,230
2021-04-02,Marin,041,260295,13717,13649,218,13867,221
2021-04-02,Mariposa,043,17540,396,390,5,395,5
2021-04-02,Mendocino,045,87422,3766,3682,74,3756,45
2021-04-02,Merced,047,269075,29945,29998,997,30995,426
2021-04-02,Modoc,049,8938,358,346,119,465,3
2021-04-02,Mono,051,14174,1236,1246,17,1263,3
2021-04-02,Monterey,053,433212,42614,42359,1787,44146,341
2021-04-02,Napa,055,140530,9498,9453,34,9487,78
2021-04-02,Nevada,057,99092,4383,4323,183,4506,69
2021-04-02,Orange,059,3164182,251715,249891,10874,260765,4748
2021-04-02,Placer,061,380077,21772,21035,1278,22313,275
2021-04-02,Plumas,063,18699,674,666,10,676,4
2021-04-02,Riverside,065,2383286,289948,283328,13742,297070,4213
2021-04-02,Sacramento,067,1510023,99648,98648,1450,100098,1527
2021-04-02,San Benito,069,59416,5892,5888,97,5985,61
2021-04-02,San Bernardino,071,2135413,289648,286308,8794,295102,4417
2021-04-02,San Diego,073,3302833,272086,271036,13671,284707,3568
2021-04-02,San Francisco,075,870044,35467,35451,1212,36663,488
2021-04-02,San Joaquin,077,732212,70129,68996,3217,72213,1268
2021-04-02,San Luis Obispo,079,281455,20613,20271,632,20903,252
2021-04-02,San Mateo,081,765935,40940,40514,434,40948,350
2021-04-02,Santa Barbara,083,443738,33535,33145,1102,34247,443
2021-04-02,Santa Clara,085,1922200,114681,114777,667,115444,1882
2021-04-02,Santa Cruz,087,273765,15897,15216,804,16020,202
2021-04-02,Shasta,089,179085,11377,11377,1371,12748,181
2021-04-02,Sierra,091,2930,55,50,12,62,0
2021-04-02,Siskiyou,093,43540,1575,1508,265,1773,7
2021-04-02,Solano,095,438530,31040,30951,420,31371,237
2021-04-02,Sonoma,097,501317,29197,29288,282,29570,311
2021-04-02,Stanislaus,099,539301,53443,53073,5645,58718,687
2021-04-02,Sutter,101,95872,9146,9131,83,9214,106
2021-04-02,Tehama,103,63373,4811,4775,522,5297,52
2021-04-02,Trinity,105,12862,478,320,85,405,3
2021-04-02,Tulare,107,460477,49373,48306,8644,56950,818
2021-04-02,Tuolumne,109,53932,3924,3980,39,4019,57
2021-04-02,Ventura,111,848112,80037,79434,2897,82331,982
2021-04-02,Yolo,113,214977,13410,13381,249,13630,197
2021-04-02,Yuba,115,75493,5757,5709,113,5822,44
2021-04-01,Alameda,001,1643700,84201,83574,1821,85395,1216
2021-04-01,Alpine,003,1148,85,85,0,85,0
2021-04-01,Amador,005,37829,3589,3558,32,3590,45
2021-04-01,Butte,007,227075,11730,11328,1679,13007,193
2021-04-01,Calaveras,009,45235,2013,2006,11,2017,50
2021-04-01,Colusa,011,21464,1892,1890,275,2165,14
2021-04-01,Contra Costa,013,1133247,66069,65176,1150,66326,771
2021-04-01,Del Norte,015,27424,1215,1138,11,1149,6
2021-04-01,El Dorado,017,186661,9521,9393,642,10035,106
2021-04-01,Fresno,019,978130,100123,99317,8317,107634,1616
2021-04-01,Glenn,021,27897,2359,2322,531,2853,17
2021-04-01,Humboldt,023,135768,3471,3464,25,3489,35
2021-04-01,Imperial,025,180216,27708,27520,2596,30116,710
2021-04-01,Inyo,027,18085,1380,1374,11,1385,36
2021-04-01,Kern,029,883053,95556,94244,10359,104603,1233
2021-04-01,Kings,031,150075,22816,22560,1037,23597,239
2021-04-01,Lake,033,64148,3368,3337,8,3345,43
2021-04-01,Lassen,035,31185,5148,5132,103,5235,1
2021-04-01,Los Angeles,037,10098052,1190496,1181101,40073,1221174,23220
2021-04-01,Madera,039,155013,16181,16023,897,16920,230
2021-04-01,Marin,041,260295,13707,13635,218,13853,221
2021-04-01,Mariposa,043,17540,394,389,5,394,5
2021-04-01,Mendocino,045,87422,3766,3680,74,3754,45
2021-04-01,Merced,047,269075,29912,29820,997,30817,425
2021-04-01,Modoc,049,8938,357,346,119,465,3
2021-04-01,Mono,051,14174,1236,1245,17,1262,3
2021-04-01,Monterey,053,433212,42606,42324,1785,44109,339
2021-04-01,Napa,055,140530,9486,9410,34,9444,78
2021-04-01,Nevada,057,99092,4373,4288,182,4470,68
2021-04-01,Orange,059,3164182,251595,249617,10857,260474,4742
2021-04-01,Placer,061,380077,21733,20909,1266,22175,274
2021-04-01,Plumas,063,18699,674,664,10,674,4
2021-04-01,Riverside,065,2383286,289843,283128,13739,296867,4193
2021-04-01,Sacramento,067,1510023,99504,97952,1436,99388,1521
2021-04-01,San Benito,069,59416,5884,5878,96,5974,61
2021-04-01,San Bernardino,071,2135413,289532,286086,8785,294871,4404
2021-04-01,San Diego,073,3302833,271863,270540,13641,284181,3555
2021-04-01,San Francisco,075,870044,35446,35386,1209,36595,488
2021-04-01,San Joaquin,077,732212,70047,68802,3209,72011,1262
2021-04-01,San Luis Obispo,079,281455,20584,20235,631,20866,252
2021-04-01,San Mateo,081,765935,40899,40454,434,40888,350
2021-04-01,Santa Barbara,083,443738,33488,33096,1097,34193,443
2021-04-01,Santa Clara,085,1922200,114568,114606,666,115272,1874
2021-04-01,Santa Cruz,087,273765,15882,15271,804,16075,202
2021-04-01,Shasta,089,179085,11362,11355,1366,12721,181
2021-04-01,Sierra,091,2930,55,50,12,62,0
2021-04-01,Siskiyou,093,43540,1573,1507,264,1771,7
2021-04-01,Solano,095,438530,31007,30850,417,31267,237
2021-04-01,Sonoma,097,501317,29166,29241,275,29516,311
2021-04-01,Stanislaus,099,539301,53380,52825,5639,58464,687
2021-04-01,Sutter,101,95872,9134,9105,83,9188,106
2021-04-01,Tehama,103,63373,4805,4764,519,5283,52
2021-04-01,Trinity,105,12862,478,319,85,404,3
2021-04-01,Tulare,107,460477,49350,48279,8634,56913,817
2021-04-01,Tuolumne,109,53932,3922,3978,39,4017,57
2021-04-01,Ventura,111,848112,80013,79369,2896,82265,977
2021-04-01,Yolo,113,214977,13397,13342,249,13591,197
2021-04-01,Yuba,115,75493,5752,5694,113,5807,44
2021-03-31,Alameda,001,1643700,84120,83475,1816,85291,1215
2021-03-31,Alpine,003,1148,85,85,0,85,0
2021-03-31,Amador,005,37829,3586,3556,32,3588,45
2021-03-31,Butte,007,227075,11720,11321,1676,12997,193
2021-03-31,Calaveras,009,45235,2011,2005,11,2016,50
2021-03-31,Colusa,011,21464,1892,1890,275,2165,14
2021-03-31,Contra Costa,013,1133247,65984,65109,1149,66258,769
2021-03-31,Del Norte,015,27424,1206,1129,11,1140,6
2021-03-31,El Dorado,017,186661,9504,9390,642,10032,106
2021-03-31,Fresno,019,978130,100030,99240,8300,107540,1616
2021-03-31,Glenn,021,27897,2355,2318,529,2847,17
2021-03-31,Humboldt,023,135768,3465,3460,25,3485,35
2021-03-31,Imperial,025,180216,27688,27506,2595,30101,710
2021-03-31,Inyo,027,18085,1377,1373,10,1383,35
2021-03-31,Kern,029,883053,95513,94205,10350,104555,1229
2021-03-31,Kings,031,150075,22813,22540,1037,23577,239
2021-03-31,Lake,033,64148,3364,3332,8,3340,43
2021-03-31,Lassen,035,31185,5144,5132,103,5235,1
2021-03-31,Los Angeles,037,10098052,1190027,1180538,40034,1220572,23171
2021-03-31,Madera,039,155013,16167,16015,896,16911,229
2021-03-31,Marin,041,260295,13696,13624,218,13842,221
2021-03-31,Mariposa,043,17540,394,389,5,394,5
2021-03-31,Mendocino,045,87422,3760,3675,74,3749,45
2021-03-31,Merced,047,269075,29883,29780,997,30777,423
2021-03-31,Modoc,049,8938,357,346,119,465,3
2021-03-31,Mono,051,14174,1236,1245,17,1262,3
2021-03-31,Monterey,053,433212,42589,42309,1783,44092,338
2021-03-31,Napa,055,140530,9468,9401,34,9435,78
2021-03-31,Nevada,057,99092,4367,4283,182,4465,68
2021-03-31,Orange,059,3164182,251484,249518,10842,260360,4731
2021-03-31,Placer,061,380077,21683,20885,1259,22144,271
2021-03-31,Plumas,063,18699,673,663,10,673,4
2021-03-31,Riverside,065,2383286,289741,283006,13729,296735,4171
2021-03-31,Sacramento,067,1510023,99329,97760,1429,99189,1519
2021-03-31,San Benito,069,59416,5874,5875,96,5971,61
2021-03-31,San Bernardino,071,2135413,289438,285916,8782,294698,4356
2021-03-31,San Diego,073,3302833,271631,270288,13606,283894,3555
2021-03-31,San Francisco,075,870044,35401,35347,1208,36555,474
2021-03-31,San Joaquin,077,732212,69958,68685,3193,71878,1259
2021-03-31,San Luis Obispo,079,281455,20562,20215,630,20845,251
2021-03-31,San Mateo,081,765935,40869,40423,434,40857,350
2021-03-31,Santa Barbara,083,443738,33456,33052,1095,34147,443
2021-03-31,Santa Clara,085,1922200,114441,114499,666,115165,1874
2021-03-31,Santa Cruz,087,273765,15869,15295,803,16098,201
2021-03-31,Shasta,089,179085,11350,11327,1358,12685,179
2021-03-31,Sierra,091,2930,55,50,12,62,0
2021-03-31,Siskiyou,093,43540,1572,1505,264,1769,7
2021-03-31,Solano,095,438530,30961,30824,416,31240,235
2021-03-31,Sonoma,097,501317,29139,29216,275,29491,311
2021-03-31,Stanislaus,099,539301,53312,52782,5627,58409,687
2021-03-31,Sutter,101,95872,9123,9111,83,9194,106
2021-03-31,Tehama,103,63373,4800,4762,517,5279,52
2021-03-31,Trinity,105,12862,478,319,85,404,3
2021-03-31,Tulare,107,460477,49330,48261,8618,56879,816
2021-03-31,Tuolumne,109,53932,3921,3976,39,4015,57
2021-03-31,Ventura,111,848112,79981,79326,2892,82218,969
2021-03-31,Yolo,113,214977,13380,13359,248,13607,197
2021-03-31,Yuba,115,75493,5745,5686,113,5799,44
2021-03-30,Alameda,001,1643700,84020,83395,1813,85208,1211
2021-03-30,Alpine,003,1148,85,85,0,85,0
2021-03-30,Amador,005,37829,3583,3551,32,3583,45
2021-03-30,Butte,007,227075,11708,11296,1673,12969,193
2021-03-30,Calaveras,009,45235,2007,1997,11,2008,50
2021-03-30,Colusa,011,21464,1891,1890,274,2164,14
2021-03-30,Contra Costa,013,1133247,65895,65041,1147,66188,767
2021-03-30,Del Norte,015,27424,1198,1118,10,1128,6
2021-03-30,El Dorado,017,186661,9485,9381,639,10020,105
2021-03-30,Fresno,019,978130,99965,99156,8287,107443,1609
2021-03-30,Glenn,021,27897,2355,2310,528,2838,17
2021-03-30,Humboldt,023,135768,3463,3461,25,3486,35
2021-03-30,Imperial,025,180216,27660,27471,2593,30064,706
2021-03-30,Inyo,027,18085,1377,1374,10,1384,35
2021-03-30,Kern,029,883053,95471,94151,10341,104492,1221
2021-03-30,Kings,031,150075,22809,22530,1035,23565,238
2021-03-30,Lake,033,64148,3358,3330,8,3338,43
2021-03-30,Lassen,035,31185,5144,5132,103,5235,1
2021-03-30,Los Angeles,037,10098052,1189531,1180044,40011,1220055,23136
2021-03-30,Madera,039,155013,16157,16003,892,16895,229
2021-03-30,Marin,041,260295,13687,13611,210,13821,221
2021-03-30,Mariposa,043,17540,394,388,5,393,5
2021-03-30,Mendocino,045,87422,3758,3670,74,3744,45
2021-03-30,Merced,047,269075,29846,29731,997,30728,423
2021-03-30,Modoc,049,8938,356,346,119,465,3
2021-03-30,Mono,051,14174,1235,1245,17,1262,3
2021-03-30,Monterey,053,433212,42563,42308,1781,44089,338
2021-03-30,Napa,055,140530,9453,9391,34,9425,78
2021-03-30,Nevada,057,99092,4355,4266,181,4447,68
2021-03-30,Orange,059,3164182,251355,249412,10815,260227,4727
2021-03-30,Placer,061,380077,21643,20866,1253,22119,271
2021-03-30,Plumas,063,18699,673,661,10,671,4
2021-03-30,Riverside,065,2383286,289616,282930,13720,296650,4154
2021-03-30,Sacramento,067,1510023,99192,97718,1425,99143,1516
2021-03-30,San Benito,069,59416,5868,5870,96,5966,61
2021-03-30,San Bernardino,071,2135413,289330,285758,8773,294531,4343
2021-03-30,San Diego,073,3302833,271392,269998,13568,283566,3555
2021-03-30,San Francisco,075,870044,35351,35325,1207,36532,474
2021-03-30,San Joaquin,077,732212,69870,68613,3183,71796,1232
2021-03-30,San Luis Obispo,079,281455,20542,20194,630,20824,251
2021-03-30,San Mateo,081,765935,40825,40377,434,40811,349
2021-03-30,Santa Barbara,083,443738,33431,33016,1095,34111,441
2021-03-30,Santa Clara,085,1922200,114319,114413,665,115078,1873
2021-03-30,Santa Cruz,087,273765,15863,15278,803,16081,201
2021-03-30,Shasta,089,179085,11342,11316,1357,12673,184
2021-03-30,Sierra,091,2930,55,50,12,62,0
2021-03-30,Siskiyou,093,43540,1571,1501,264,1765,7
2021-03-30,Solano,095,438530,30931,30802,415,31217,232
2021-03-30,Sonoma,097,501317,29107,29198,275,29473,311
2021-03-30,Stanislaus,099,539301,53234,52690,5619,58309,677
2021-03-30,Sutter,101,95872,9119,9107,82,9189,106
2021-03-30,Tehama,103,63373,4791,4748,516,5264,52
2021-03-30,Trinity,105,12862,478,316,85,401,3
2021-03-30,Tulare,107,460477,49315,48249,8609,56858,815
2021-03-30,Tuolumne,109,53932,3916,3972,39,4011,57
2021-03-30,Ventura,111,848112,79937,79282,2889,82171,958
2021-03-30,Yolo,113,214977,13367,13353,248,13601,195
2021-03-30,Yuba,115,75493,5734,5679,107,5786,42
2021-03-29,Alameda,001,1643700,83918,83338,1811,85149,1211
2021-03-29,Alpine,003,1148,85,85,0,85,0
2021-03-29,Amador,005,37829,3577,3549,32,3581,45
2021-03-29,Butte,007,227075,11699,11291,1670,12961,191
2021-03-29,Calaveras,009,45235,2005,1998,11,2009,50
2021-03-29,Colusa,011,21464,1891,1889,273,2162,14
2021-03-29,Contra Costa,013,1133247,65826,64971,1146,66117,767
2021-03-29,Del Norte,015,27424,1193,1116,9,1125,6
2021-03-29,El Dorado,017,186661,9465,9374,633,10007,105
2021-03-29,Fresno,019,978130,99882,99085,8272,107357,1606
2021-03-29,Glenn,021,27897,2348,2310,528,2838,17
2021-03-29,Humboldt,023,135768,3458,3459,25,3484,34
2021-03-29,Imperial,025,180216,27639,27442,2591,30033,704
2021-03-29,Inyo,027,18085,1377,1372,10,1382,35
2021-03-29,Kern,029,883053,95424,94098,10321,104419,1220
2021-03-29,Kings,031,150075,22797,22522,1034,23556,238
2021-03-29,Lake,033,64148,3355,3325,8,3333,43
2021-03-29,Lassen,035,31185,5144,5131,103,5234,1
2021-03-29,Los Angeles,037,10098052,1189034,1179736,39971,1219707,23108
2021-03-29,Madera,039,155013,16137,15987,890,16877,210
2021-03-29,Marin,041,260295,13675,13600,206,13806,220
2021-03-29,Mariposa,043,17540,393,388,5,393,5
2021-03-29,Mendocino,045,87422,3755,3667,74,3741,45
2021-03-29,Merced,047,269075,29822,29699,997,30696,422
2021-03-29,Modoc,049,8938,355,344,119,463,3
2021-03-29,Mono,051,14174,1234,1243,17,1260,3
2021-03-29,Monterey,053,433212,42547,42305,1776,44081,337
2021-03-29,Napa,055,140530,9437,9379,34,9413,78
2021-03-29,Nevada,057,99092,4348,4258,181,4439,68
2021-03-29,Orange,059,3164182,251243,249295,10803,260098,4713
2021-03-29,Placer,061,380077,21608,20827,1246,22073,267
2021-03-29,Plumas,063,18699,672,660,10,670,4
2021-03-29,Riverside,065,2383286,289513,282867,13719,296586,4133
2021-03-29,Sacramento,067,1510023,98998,97577,1417,98994,1514
2021-03-29,San Benito,069,59416,5861,5865,96,5961,61
2021-03-29,San Bernardino,071,2135413,289233,285615,8769,294384,4335
2021-03-29,San Diego,073,3302833,271126,269771,13542,283313,3547
2021-03-29,San Francisco,075,870044,35316,35291,1204,36495,474
2021-03-29,San Joaquin,077,732212,69784,68537,3170,71707,1211
2021-03-29,San Luis Obispo,079,281455,20507,20176,629,20805,250
2021-03-29,San Mateo,081,765935,40783,40357,433,40790,348
2021-03-29,Santa Barbara,083,443738,33397,32983,1094,34077,439
2021-03-29,Santa Clara,085,1922200,114211,114335,660,114995,1871
2021-03-29,Santa Cruz,087,273765,15852,15249,802,16051,201
2021-03-29,Shasta,089,179085,11324,11313,1355,12668,183
2021-03-29,Sierra,091,2930,55,50,12,62,0
2021-03-29,Siskiyou,093,43540,1569,1497,263,1760,6
2021-03-29,Solano,095,438530,30892,30762,413,31175,232
2021-03-29,Sonoma,097,501317,29084,29184,272,29456,310
2021-03-29,Stanislaus,099,539301,53151,52614,5611,58225,677
2021-03-29,Sutter,101,95872,9112,9105,82,9187,106
2021-03-29,Tehama,103,63373,4783,4742,515,5257,52
2021-03-29,Trinity,105,12862,478,314,85,399,3
2021-03-29,Tulare,107,460477,49287,48226,8598,56824,815
2021-03-29,Tuolumne,109,53932,3914,3969,39,4008,57
2021-03-29,Ventura,111,848112,79895,79252,2889,82141,956
2021-03-29,Yolo,113,214977,13348,13346,248,13594,195
2021-03-29,Yuba,115,75493,5727,5671,106,5777,42
2021-03-28,Alameda,001,1643700,83797,83239,1809,85048,1212
2021-03-28,Alpine,003,1148,85,85,0,85,0
2021-03-28,Amador,005,37829,3573,3541,32,3573,45
2021-03-28,Butte,007,227075,11686,11285,1668,12953,191
2021-03-28,Calaveras,009,45235,2003,1995,11,2006,50
2021-03-28,Colusa,011,21464,1890,1889,273,2162,14
2021-03-28,Contra Costa,013,1133247,65752,64878,1142,66020,767
2021-03-28,Del Norte,015,27424,1186,1107,7,1114,6
2021-03-28,El Dorado,017,186661,9450,9371,631,10002,105
2021-03-28,Fresno,019,978130,99800,99004,8260,107264,1606
2021-03-28,Glenn,021,27897,2344,2309,526,2835,17
2021-03-28,Humboldt,023,135768,3455,3452,24,3476,34
2021-03-28,Imperial,025,180216,27612,27426,2588,30014,704
2021-03-28,Inyo,027,18085,1376,1372,10,1382,35
2021-03-28,Kern,029,883053,95379,94084,10310,104394,1219
2021-03-28,Kings,031,150075,22792,22514,1031,23545,238
2021-03-28,Lake,033,64148,3350,3320,8,3328,43
2021-03-28,Lassen,035,31185,5144,5131,102,5233,1
2021-03-28,Los Angeles,037,10098052,1188482,1179316,39913,1219229,23101
2021-03-28,Madera,039,155013,16122,15973,889,16862,210
2021-03-28,Marin,041,260295,13662,13594,204,13798,221
2021-03-28,Mariposa,043,17540,393,388,5,393,5
2021-03-28,Mendocino,045,87422,3753,3666,74,3740,45
2021-03-28,Merced,047,269075,29765,29679,997,30676,422
2021-03-28,Modoc,049,8938,355,344,119,463,3
2021-03-28,Mono,051,14174,1233,1242,17,1259,3
2021-03-28,Monterey,053,433212,42524,42294,1772,44066,337
2021-03-28,Napa,055,140530,9423,9368,34,9402,78
2021-03-28,Nevada,057,99092,4334,4239,181,4420,68
2021-03-28,Orange,059,3164182,251088,249238,10793,260031,4713
2021-03-28,Placer,061,380077,21564,20796,1240,22036,267
2021-03-28,Plumas,063,18699,670,657,10,667,4
2021-03-28,Riverside,065,2383286,289399,282811,13710,296521,4132
2021-03-28,Sacramento,067,1510023,98824,97425,1411,98836,1514
2021-03-28,San Benito,069,59416,5856,5862,96,5958,61
2021-03-28,San Bernardino,071,2135413,289113,285570,8760,294330,4332
2021-03-28,San Diego,073,3302833,270850,269476,13513,282989,3547
2021-03-28,San Francisco,075,870044,35270,35286,1200,36486,474
2021-03-28,San Joaquin,077,732212,69659,68459,3151,71610,1211
2021-03-28,San Luis Obispo,079,281455,20472,20172,626,20798,250
2021-03-28,San Mateo,081,765935,40738,40305,433,40738,348
2021-03-28,Santa Barbara,083,443738,33355,32953,1093,34046,439
2021-03-28,Santa Clara,085,1922200,114111,114232,656,114888,1871
2021-03-28,Santa Cruz,087,273765,15837,15238,801,16039,201
2021-03-28,Shasta,089,179085,11298,11308,1344,12652,183
2021-03-28,Sierra,091,2930,55,50,12,62,0
2021-03-28,Siskiyou,093,43540,1569,1497,262,1759,6
2021-03-28,Solano,095,438530,30855,30719,411,31130,232
2021-03-28,Sonoma,097,501317,29048,29161,270,29431,310
2021-03-28,Stanislaus,099,539301,53063,52567,5596,58163,678
2021-03-28,Sutter,101,95872,9103,9094,82,9176,106
2021-03-28,Tehama,103,63373,4773,4740,513,5253,52
2021-03-28,Trinity,105,12862,476,314,84,398,3
2021-03-28,Tulare,107,460477,49258,48218,8592,56810,815
2021-03-28,Tuolumne,109,53932,3911,3969,38,4007,57
2021-03-28,Ventura,111,848112,79844,79222,2884,82106,956
2021-03-28,Yolo,113,214977,13331,13325,247,13572,194
2021-03-28,Yuba,115,75493,5723,5662,106,5768,42
2021-03-27,Alameda,001,1643700,83726,83169,1805,84974,1211
2021-03-27,Alpine,003,1148,85,85,0,85,0
2021-03-27,Amador,005,37829,3568,3538,32,3570,45
2021-03-27,Butte,007,227075,11679,11278,1667,12945,191
2021-03-27,Calaveras,009,45235,2000,1992,11,2003,50
2021-03-27,Colusa,011,21464,1890,1889,273,2162,14
2021-03-27,Contra Costa,013,1133247,65682,64804,1139,65943,767
2021-03-27,Del Norte,015,27424,1176,1104,7,1111,6
2021-03-27,El Dorado,017,186661,9436,9367,631,9998,105
2021-03-27,Fresno,019,978130,99747,98901,8254,107155,1606
2021-03-27,Glenn,021,27897,2343,2308,526,2834,17
2021-03-27,Humboldt,023,135768,3450,3442,24,3466,34
2021-03-27,Imperial,025,180216,27600,27406,2585,29991,704
2021-03-27,Inyo,027,18085,1374,1372,10,1382,35
2021-03-27,Kern,029,883053,95359,94041,10298,104339,1217
2021-03-27,Kings,031,150075,22789,22502,1031,23533,238
2021-03-27,Lake,033,64148,3348,3317,8,3325,43
2021-03-27,Lassen,035,31185,5144,5129,102,5231,1
2021-03-27,Los Angeles,037,10098052,1188167,1178831,39887,1218718,23103
2021-03-27,Madera,039,155013,16115,15968,887,16855,210
2021-03-27,Marin,041,260295,13657,13579,204,13783,222
2021-03-27,Mariposa,043,17540,393,386,5,391,5
2021-03-27,Mendocino,045,87422,3751,3666,74,3740,45
2021-03-27,Merced,047,269075,29732,29647,995,30642,422
2021-03-27,Modoc,049,8938,355,344,119,463,3
2021-03-27,Mono,051,14174,1231,1241,17,1258,3
2021-03-27,Monterey,053,433212,42514,42271,1772,44043,337
2021-03-27,Napa,055,140530,9411,9360,34,9394,78
2021-03-27,Nevada,057,99092,4324,4231,181,4412,68
2021-03-27,Orange,059,3164182,250995,249160,10777,259937,4698
2021-03-27,Placer,061,380077,21544,20717,1233,21950,267
2021-03-27,Plumas,063,18699,669,655,10,665,4
2021-03-27,Riverside,065,2383286,289337,282707,13702,296409,4132
2021-03-27,Sacramento,067,1510023,98734,97247,1409,98656,1513
2021-03-27,San Benito,069,59416,5854,5862,94,5956,61
2021-03-27,San Bernardino,071,2135413,289051,285480,8758,294238,4325
2021-03-27,San Diego,073,3302833,270679,269271,13491,282762,3540
2021-03-27,San Francisco,075,870044,35247,35244,1198,36442,474
2021-03-27,San Joaquin,077,732212,69599,68365,3143,71508,1211
2021-03-27,San Luis Obispo,079,281455,20461,20153,623,20776,250
2021-03-27,San Mateo,081,765935,40715,40264,433,40697,348
2021-03-27,Santa Barbara,083,443738,33332,32921,1093,34014,439
2021-03-27,Santa Clara,085,1922200,114015,114124,654,114778,1871
2021-03-27,Santa Cruz,087,273765,15831,15215,801,16016,201
2021-03-27,Shasta,089,179085,11287,11288,1342,12630,183
2021-03-27,Sierra,091,2930,55,50,12,62,0
2021-03-27,Siskiyou,093,43540,1569,1497,262,1759,6
2021-03-27,Solano,095,438530,30827,30669,410,31079,232
2021-03-27,Sonoma,097,501317,29033,29133,268,29401,310
2021-03-27,Stanislaus,099,539301,52998,52497,5588,58085,678
2021-03-27,Sutter,101,95872,9096,9093,82,9175,106
2021-03-27,Tehama,103,63373,4767,4738,511,5249,52
2021-03-27,Trinity,105,12862,476,313,84,397,3
2021-03-27,Tulare,107,460477,49242,48203,8584,56787,813
2021-03-27,Tuolumne,109,53932,3908,3968,38,4006,57
2021-03-27,Ventura,111,848112,79817,79184,2882,82066,956
2021-03-27,Yolo,113,214977,13326,13317,246,13563,194
2021-03-27,Yuba,115,75493,5721,5657,106,5763,42
2021-03-26,Alameda,001,1643700,83664,83043,1803,84846,1208
2021-03-26,Alpine,003,1148,85,85,0,85,0
2021-03-26,Amador,005,37829,3563,3532,32,3564,45
2021-03-26,Butte,007,227075,11668,11278,1667,12945,191
2021-03-26,Calaveras,009,45235,1997,1989,11,2000,50
2021-03-26,Colusa,011,21464,1890,1889,273,2162,14
2021-03-26,Contra Costa,013,1133247,65622,64699,1136,65835,761
2021-03-26,Del Norte,015,27424,1173,1101,7,1108,6
2021-03-26,El Dorado,017,186661,9431,9353,631,9984,105
2021-03-26,Fresno,019,978130,99685,98731,8244,106975,1601
2021-03-26,Glenn,021,27897,2343,2307,525,2832,17
2021-03-26,Humboldt,023,135768,3448,3431,24,3455,34
2021-03-26,Imperial,025,180216,27576,27374,2585,29959,701
2021-03-26,Inyo,027,18085,1373,1369,10,1379,35
2021-03-26,Kern,029,883053,95333,93949,10292,104241,1211
2021-03-26,Kings,031,150075,22781,22493,1029,23522,239
2021-03-26,Lake,033,64148,3347,3314,8,3322,43
2021-03-26,Lassen,035,31185,5143,5131,102,5233,1
2021-03-26,Los Angeles,037,10098052,1187829,1178213,39874,1218087,23080
2021-03-26,Madera,039,155013,16105,15952,887,16839,210
2021-03-26,Marin,041,260295,13651,13553,199,13752,221
2021-03-26,Mariposa,043,17540,393,386,5,391,5
2021-03-26,Mendocino,045,87422,3750,3664,74,3738,45
2021-03-26,Merced,047,269075,29709,29613,993,30606,419
2021-03-26,Modoc,049,8938,355,344,119,463,3
2021-03-26,Mono,051,14174,1230,1236,17,1253,3
2021-03-26,Monterey,053,433212,42501,42241,1768,44009,338
2021-03-26,Napa,055,140530,9401,9349,34,9383,78
2021-03-26,Nevada,057,99092,4304,4222,181,4403,83
2021-03-26,Orange,059,3164182,250932,248995,10763,259758,4671
2021-03-26,Placer,061,380077,21518,20679,1232,21911,259
2021-03-26,Plumas,063,18699,668,654,10,664,4
2021-03-26,Riverside,065,2383286,289259,282602,13696,296298,4109
2021-03-26,Sacramento,067,1510023,98634,97040,1404,98444,1509
2021-03-26,San Benito,069,59416,5851,5855,94,5949,61
2021-03-26,San Bernardino,071,2135413,288995,285313,8756,294069,4288
2021-03-26,San Diego,073,3302833,270501,269045,13465,282510,3525
2021-03-26,San Francisco,075,870044,35221,35186,1198,36384,472
2021-03-26,San Joaquin,077,732212,69536,68249,3139,71388,1202
2021-03-26,San Luis Obispo,079,281455,20448,20118,623,20741,250
2021-03-26,San Mateo,081,765935,40680,40199,433,40632,348
2021-03-26,Santa Barbara,083,443738,33302,32895,1092,33987,439
2021-03-26,Santa Clara,085,1922200,113917,113959,653,114612,1868
2021-03-26,Santa Cruz,087,273765,15816,15199,800,15999,201
2021-03-26,Shasta,089,179085,11278,11276,1336,12612,182
2021-03-26,Sierra,091,2930,55,50,12,62,0
2021-03-26,Siskiyou,093,43540,1569,1493,261,1754,6
2021-03-26,Solano,095,438530,30802,30640,410,31050,205
2021-03-26,Sonoma,097,501317,29017,29101,265,29366,310
2021-03-26,Stanislaus,099,539301,52930,52420,5584,58004,678
2021-03-26,Sutter,101,95872,9093,9082,82,9164,104
2021-03-26,Tehama,103,63373,4766,4722,510,5232,51
2021-03-26,Trinity,105,12862,476,311,84,395,3
2021-03-26,Tulare,107,460477,49227,48179,8576,56755,813
2021-03-26,Tuolumne,109,53932,3907,3965,38,4003,57
2021-03-26,Ventura,111,848112,79783,79122,2880,82002,953
2021-03-26,Yolo,113,214977,13319,13299,244,13543,194
2021-03-26,Yuba,115,75493,5711,5653,106,5759,42
2021-03-25,Alameda,001,1643700,83569,82945,1801,84746,1206
2021-03-25,Alpine,003,1148,85,84,0,84,0
2021-03-25,Amador,005,37829,3561,3530,32,3562,45
2021-03-25,Butte,007,227075,11658,11270,1667,12937,188
2021-03-25,Calaveras,009,45235,1996,1982,11,1993,50
2021-03-25,Colusa,011,21464,1890,1888,273,2161,14
2021-03-25,Contra Costa,013,1133247,65555,64606,1132,65738,757
2021-03-25,Del Norte,015,27424,1167,1095,7,1102,6
2021-03-25,El Dorado,017,186661,9421,9331,631,9962,105
2021-03-25,Fresno,019,978130,99567,98602,8231,106833,1593
2021-03-25,Glenn,021,27897,2342,2302,524,2826,17
2021-03-25,Humboldt,023,135768,3443,3423,24,3447,34
2021-03-25,Imperial,025,180216,27560,27352,2584,29936,699
2021-03-25,Inyo,027,18085,1373,1369,10,1379,35
2021-03-25,Kern,029,883053,95301,93857,10287,104144,1206
2021-03-25,Kings,031,150075,22771,22472,1029,23501,237
2021-03-25,Lake,033,64148,3342,3312,8,3320,43
2021-03-25,Lassen,035,31185,5143,5129,102,5231,1
2021-03-25,Los Angeles,037,10098052,1187392,1177490,39839,1217329,23051
2021-03-25,Madera,039,155013,16086,15937,885,16822,210
2021-03-25,Marin,041,260295,13641,13538,196,13734,219
2021-03-25,Mariposa,043,17540,393,386,5,391,5
2021-03-25,Mendocino,045,87422,3749,3664,74,3738,45
2021-03-25,Merced,047,269075,29675,29576,986,30562,416
2021-03-25,Modoc,049,8938,355,343,119,462,3
2021-03-25,Mono,051,14174,1230,1235,17,1252,3
2021-03-25,Monterey,053,433212,42480,42220,1763,43983,336
2021-03-25,Napa,055,140530,9382,9321,34,9355,78
2021-03-25,Nevada,057,99092,4286,4202,179,4381,84
2021-03-25,Orange,059,3164182,250816,248871,10743,259614,4655
2021-03-25,Placer,061,380077,21477,20639,1225,21864,252
2021-03-25,Plumas,063,18699,668,654,10,664,4
2021-03-25,Riverside,065,2383286,289162,282492,13685,296177,4078
2021-03-25,Sacramento,067,1510023,98489,96823,1401,98224,1505
2021-03-25,San Benito,069,59416,5848,5850,94,5944,61
2021-03-25,San Bernardino,071,2135413,288914,285134,8751,293885,4222
2021-03-25,San Diego,073,3302833,270273,268623,13434,282057,3520
2021-03-25,San Francisco,075,870044,35182,35154,1196,36350,468
2021-03-25,San Joaquin,077,732212,69439,68089,3100,71189,1196
2021-03-25,San Luis Obispo,079,281455,20430,20076,623,20699,250
2021-03-25,San Mateo,081,765935,40640,40147,433,40580,348
2021-03-25,Santa Barbara,083,443738,33275,32857,1092,33949,439
2021-03-25,Santa Clara,085,1922200,113813,113877,651,114528,1868
2021-03-25,Santa Cruz,087,273765,15795,15170,800,15970,201
2021-03-25,Shasta,089,179085,11261,11262,1333,12595,181
2021-03-25,Sierra,091,2930,55,50,12,62,0
2021-03-25,Siskiyou,093,43540,1567,1491,260,1751,6
2021-03-25,Solano,095,438530,30741,30583,408,30991,193
2021-03-25,Sonoma,097,501317,28983,29060,261,29321,310
2021-03-25,Stanislaus,099,539301,52863,52321,5577,57898,678
2021-03-25,Sutter,101,95872,9084,9069,82,9151,104
2021-03-25,Tehama,103,63373,4764,4719,509,5228,52
2021-03-25,Trinity,105,12862,476,310,84,394,3
2021-03-25,Tulare,107,460477,49200,48148,8563,56711,811
2021-03-25,Tuolumne,109,53932,3906,3962,38,4000,57
2021-03-25,Ventura,111,848112,79742,79045,2876,81921,952
2021-03-25,Yolo,113,214977,13313,13287,244,13531,194
2021-03-25,Yuba,115,75493,5705,5647,100,5747,42
2021-03-24,Alameda,001,1643700,83475,82871,1798,84669,1199
2021-03-24,Alpine,003,1148,85,84,0,84,0
2021-03-24,Amador,005,37829,3555,3529,32,3561,45
2021-03-24,Butte,007,227075,11648,11252,1663,12915,187
2021-03-24,Calaveras,009,45235,1993,1975,11,1986,50
2021-03-24,Colusa,011,21464,1890,1886,273,2159,14
2021-03-24,Contra Costa,013,1133247,65475,64539,1131,65670,755
2021-03-24,Del Norte,015,27424,1162,1087,7,1094,6
2021-03-24,El Dorado,017,186661,9415,9319,630,9949,105
2021-03-24,Fresno,019,978130,99477,98437,8216,106653,1585
2021-03-24,Glenn,021,27897,2341,2297,523,2820,17
2021-03-24,Humboldt,023,135768,3440,3414,24,3438,34
2021-03-24,Imperial,025,180216,27551,27325,2584,29909,699
2021-03-24,Inyo,027,18085,1373,1368,10,1378,35
2021-03-24,Kern,029,883053,95253,93800,10278,104078,1198
2021-03-24,Kings,031,150075,22756,22456,1027,23483,237
2021-03-24,Lake,033,64148,3338,3307,8,3315,43
2021-03-24,Lassen,035,31185,5141,5130,101,5231,1
2021-03-24,Los Angeles,037,10098052,1186909,1177015,39805,1216820,22993
2021-03-24,Madera,039,155013,16077,15918,884,16802,210
2021-03-24,Marin,041,260295,13627,13526,194,13720,219
2021-03-24,Mariposa,043,17540,393,384,5,389,5
2021-03-24,Mendocino,045,87422,3746,3660,74,3734,45
2021-03-24,Merced,047,269075,29634,29525,986,30511,415
2021-03-24,Modoc,049,8938,354,341,119,460,3
2021-03-24,Mono,051,14174,1229,1243,17,1260,3
2021-03-24,Monterey,053,433212,42458,42201,1760,43961,335
2021-03-24,Napa,055,140530,9362,9310,34,9344,78
2021-03-24,Nevada,057,99092,4271,4191,178,4369,85
2021-03-24,Orange,059,3164182,250702,248775,10725,259500,4638
2021-03-24,Placer,061,380077,21447,20606,1217,21823,250
2021-03-24,Plumas,063,18699,666,652,10,662,4
2021-03-24,Riverside,065,2383286,289078,282410,13682,296092,4058
2021-03-24,Sacramento,067,1510023,98314,96628,1389,98017,1500
2021-03-24,San Benito,069,59416,5847,5847,94,5941,61
2021-03-24,San Bernardino,071,2135413,288827,284983,8749,293732,4170
2021-03-24,San Diego,073,3302833,270059,268413,13406,281819,3509
2021-03-24,San Francisco,075,870044,35154,35103,1193,36296,462
2021-03-24,San Joaquin,077,732212,69368,67978,3088,71066,1196
2021-03-24,San Luis Obispo,079,281455,20400,20021,622,20643,250
2021-03-24,San Mateo,081,765935,40590,40083,433,40516,348
2021-03-24,Santa Barbara,083,443738,33247,32810,1092,33902,438
2021-03-24,Santa Clara,085,1922200,113697,113757,648,114405,1851
2021-03-24,Santa Cruz,087,273765,15781,15138,799,15937,202
2021-03-24,Shasta,089,179085,11242,11243,1331,12574,181
2021-03-24,Sierra,091,2930,55,50,12,62,0
2021-03-24,Siskiyou,093,43540,1565,1490,260,1750,6
2021-03-24,Solano,095,438530,30704,30552,407,30959,178
2021-03-24,Sonoma,097,501317,28963,29034,257,29291,310
2021-03-24,Stanislaus,099,539301,52787,52259,5568,57827,677
2021-03-24,Sutter,101,95872,9068,9049,82,9131,104
2021-03-24,Tehama,103,63373,4758,4719,508,5227,49
2021-03-24,Trinity,105,12862,475,310,84,394,3
2021-03-24,Tulare,107,460477,49189,48109,8550,56659,808
2021-03-24,Tuolumne,109,53932,3905,3961,38,3999,57
2021-03-24,Ventura,111,848112,79690,78993,2869,81862,944
2021-03-24,Yolo,113,214977,13301,13269,244,13513,194
2021-03-24,Yuba,115,75493,5699,5634,97,5731,42
2021-03-23,Alameda,001,1643700,83372,82799,1794,84593,1190
2021-03-23,Alpine,003,1148,85,84,0,84,0
2021-03-23,Amador,005,37829,3549,3524,32,3556,45
2021-03-23,Butte,007,227075,11636,11227,1662,12889,187
2021-03-23,Calaveras,009,45235,1991,1971,11,1982,50
2021-03-23,Colusa,011,21464,1888,1885,272,2157,14
2021-03-23,Contra Costa,013,1133247,65376,64491,1130,65621,750
2021-03-23,Del Norte,015,27424,1157,1082,7,1089,6
2021-03-23,El Dorado,017,186661,9405,9318,627,9945,105
2021-03-23,Fresno,019,978130,99363,98362,8190,106552,1575
2021-03-23,Glenn,021,27897,2336,2293,521,2814,17
2021-03-23,Humboldt,023,135768,3431,3405,24,3429,34
2021-03-23,Imperial,025,180216,27543,27320,2584,29904,699
2021-03-23,Inyo,027,18085,1371,1364,10,1374,35
2021-03-23,Kern,029,883053,95146,93728,10271,103999,1191
2021-03-23,Kings,031,150075,22745,22439,1025,23464,237
2021-03-23,Lake,033,64148,3336,3294,8,3302,43
2021-03-23,Lassen,035,31185,5141,5130,101,5231,1
2021-03-23,Los Angeles,037,10098052,1186389,1176572,39767,1216339,22904
2021-03-23,Madera,039,155013,16061,15908,883,16791,210
2021-03-23,Marin,041,260295,13604,13514,192,13706,221
2021-03-23,Mariposa,043,17540,392,384,5,389,5
2021-03-23,Mendocino,045,87422,3744,3652,74,3726,45
2021-03-23,Merced,047,269075,29601,29485,986,30471,415
2021-03-23,Modoc,049,8938,353,342,119,461,3
2021-03-23,Mono,051,14174,1228,1263,17,1280,3
2021-03-23,Monterey,053,433212,42447,42180,1758,43938,335
2021-03-23,Napa,055,140530,9337,9299,34,9333,78
2021-03-23,Nevada,057,99092,4252,4179,177,4356,89
2021-03-23,Orange,059,3164182,250575,248661,10707,259368,4626
2021-03-23,Placer,061,380077,21412,20567,1213,21780,248
2021-03-23,Plumas,063,18699,666,652,10,662,4
2021-03-23,Riverside,065,2383286,288978,282317,13675,295992,4035
2021-03-23,Sacramento,067,1510023,98122,96521,1383,97904,1496
2021-03-23,San Benito,069,59416,5842,5845,93,5938,61
2021-03-23,San Bernardino,071,2135413,288743,284875,8741,293616,4134
2021-03-23,San Diego,073,3302833,269814,268156,13374,281530,3498
2021-03-23,San Francisco,075,870044,35096,35071,1187,36258,462
2021-03-23,San Joaquin,077,732212,69272,67903,3070,70973,1182
2021-03-23,San Luis Obispo,079,281455,20360,20009,621,20630,250
2021-03-23,San Mateo,081,765935,40534,40032,432,40464,348
2021-03-23,Santa Barbara,083,443738,33209,32771,1091,33862,438
2021-03-23,Santa Clara,085,1922200,113581,113645,645,114290,1848
2021-03-23,Santa Cruz,087,273765,15766,15106,799,15905,201
2021-03-23,Shasta,089,179085,11229,11234,1330,12564,175
2021-03-23,Sierra,091,2930,55,50,12,62,0
2021-03-23,Siskiyou,093,43540,1560,1485,258,1743,6
2021-03-23,Solano,095,438530,30663,30524,406,30930,178
2021-03-23,Sonoma,097,501317,28926,29020,256,29276,310
2021-03-23,Stanislaus,099,539301,52688,52148,5560,57708,677
2021-03-23,Sutter,101,95872,9060,9039,82,9121,104
2021-03-23,Tehama,103,63373,4749,4707,507,5214,46
2021-03-23,Trinity,105,12862,475,310,84,394,3
2021-03-23,Tulare,107,460477,49162,48095,8534,56629,808
2021-03-23,Tuolumne,109,53932,3902,3957,38,3995,57
2021-03-23,Ventura,111,848112,79629,78930,2866,81796,932
2021-03-23,Yolo,113,214977,13290,13255,244,13499,194
2021-03-23,Yuba,115,75493,5694,5628,97,5725,42
2021-03-22,Alameda,001,1643700,83279,82748,1788,84536,1189
2021-03-22,Alpine,003,1148,84,83,0,83,0
2021-03-22,Amador,005,37829,3541,3522,32,3554,44
2021-03-22,Butte,007,227075,11627,11211,1660,12871,185
2021-03-22,Calaveras,009,45235,1987,1963,11,1974,49
2021-03-22,Colusa,011,21464,1886,1885,272,2157,13
2021-03-22,Contra Costa,013,1133247,65281,64432,1128,65560,740
2021-03-22,Del Norte,015,27424,1151,1082,7,1089,6
2021-03-22,El Dorado,017,186661,9389,9310,624,9934,105
2021-03-22,Fresno,019,978130,99265,98276,8177,106453,1556
2021-03-22,Glenn,021,27897,2328,2291,521,2812,17
2021-03-22,Humboldt,023,135768,3426,3403,24,3427,34
2021-03-22,Imperial,025,180216,27528,27302,2580,29882,699
2021-03-22,Inyo,027,18085,1368,1363,10,1373,35
2021-03-22,Kern,029,883053,95075,93675,10254,103929,1178
2021-03-22,Kings,031,150075,22732,22433,1020,23453,236
2021-03-22,Lake,033,64148,3335,3290,8,3298,43
2021-03-22,Lassen,035,31185,5139,5129,101,5230,1
2021-03-22,Los Angeles,037,10098052,1185870,1176205,39736,1215941,22843
2021-03-22,Madera,039,155013,16046,15904,883,16787,210
2021-03-22,Marin,041,260295,13595,13501,191,13692,221
2021-03-22,Mariposa,043,17540,391,381,5,386,5
2021-03-22,Mendocino,045,87422,3742,3653,74,3727,45
2021-03-22,Merced,047,269075,29558,29468,983,30451,413
2021-03-22,Modoc,049,8938,351,342,119,461,3
2021-03-22,Mono,051,14174,1223,1263,17,1280,3
2021-03-22,Monterey,053,433212,42431,42161,1756,43917,335
2021-03-22,Napa,055,140530,9326,9288,34,9322,77
2021-03-22,Nevada,057,99092,4242,4174,173,4347,89
2021-03-22,Orange,059,3164182,250424,248517,10673,259190,4599
2021-03-22,Placer,061,380077,21377,20543,1208,21751,242
2021-03-22,Plumas,063,18699,666,652,10,662,4
2021-03-22,Riverside,065,2383286,288878,282242,13664,295906,4009
2021-03-22,Sacramento,067,1510023,97944,96385,1374,97759,1493
2021-03-22,San Benito,069,59416,5839,5844,92,5936,61
2021-03-22,San Bernardino,071,2135413,288655,284771,8729,293500,4107
2021-03-22,San Diego,073,3302833,269602,267913,13354,281267,3494
2021-03-22,San Francisco,075,870044,35054,35040,1183,36223,462
2021-03-22,San Joaquin,077,732212,69180,67815,3052,70867,1182
2021-03-22,San Luis Obispo,079,281455,20336,20000,620,20620,250
2021-03-22,San Mateo,081,765935,40483,40024,431,40455,348
2021-03-22,Santa Barbara,083,443738,33165,32756,1089,33845,437
2021-03-22,Santa Clara,085,1922200,113461,113575,645,114220,1845
2021-03-22,Santa Cruz,087,273765,15754,15077,798,15875,201
2021-03-22,Shasta,089,179085,11215,11218,1329,12547,150
2021-03-22,Sierra,091,2930,55,50,12,62,0
2021-03-22,Siskiyou,093,43540,1559,1487,257,1744,5
2021-03-22,Solano,095,438530,30623,30490,402,30892,171
2021-03-22,Sonoma,097,501317,28897,29010,252,29262,310
2021-03-22,Stanislaus,099,539301,52604,52083,5555,57638,677
2021-03-22,Sutter,101,95872,9047,9024,82,9106,104
2021-03-22,Tehama,103,63373,4741,4704,507,5211,45
2021-03-22,Trinity,105,12862,475,310,84,394,3
2021-03-22,Tulare,107,460477,49147,48074,8514,56588,807
2021-03-22,Tuolumne,109,53932,3899,3954,38,3992,57
2021-03-22,Ventura,111,848112,79583,78890,2863,81753,927
2021-03-22,Yolo,113,214977,13278,13243,243,13486,190
2021-03-22,Yuba,115,75493,5683,5627,95,5722,42
2021-03-21,Alameda,001,1643700,83189,82684,1785,84469,1187
2021-03-21,Alpine,003,1148,84,83,0,83,0
2021-03-21,Amador,005,37829,3537,3519,32,3551,44
2021-03-21,Butte,007,227075,11611,11208,1655,12863,185
2021-03-21,Calaveras,009,45235,1981,1962,11,1973,49
2021-03-21,Colusa,011,21464,1886,1885,272,2157,13
2021-03-21,Contra Costa,013,1133247,65199,64382,1124,65506,740
2021-03-21,Del Norte,015,27424,1136,1076,7,1083,6
2021-03-21,El Dorado,017,186661,9379,9302,619,9921,105
2021-03-21,Fresno,019,978130,99151,98211,8153,106364,1556
2021-03-21,Glenn,021,27897,2325,2288,520,2808,17
2021-03-21,Humboldt,023,135768,3421,3402,24,3426,34
2021-03-21,Imperial,025,180216,27511,27267,2575,29842,699
2021-03-21,Inyo,027,18085,1368,1363,10,1373,35
2021-03-21,Kern,029,883053,95009,93649,10245,103894,1170
2021-03-21,Kings,031,150075,22715,22422,1020,23442,236
2021-03-21,Lake,033,64148,3331,3286,8,3294,43
2021-03-21,Lassen,035,31185,5139,5129,101,5230,1
2021-03-21,Los Angeles,037,10098052,1185334,1175684,39689,1215373,22834
2021-03-21,Madera,039,155013,16026,15895,881,16776,210
2021-03-21,Marin,041,260295,13579,13495,190,13685,220
2021-03-21,Mariposa,043,17540,391,381,5,386,5
2021-03-21,Mendocino,045,87422,3739,3651,74,3725,45
2021-03-21,Merced,047,269075,29498,29446,977,30423,413
2021-03-21,Modoc,049,8938,351,341,119,460,3
2021-03-21,Mono,051,14174,1218,1263,17,1280,3
2021-03-21,Monterey,053,433212,42406,42153,1753,43906,335
2021-03-21,Napa,055,140530,9306,9282,34,9316,77
2021-03-21,Nevada,057,99092,4229,4169,173,4342,89
2021-03-21,Orange,059,3164182,250291,248442,10646,259088,4598
2021-03-21,Placer,061,380077,21341,20520,1200,21720,242
2021-03-21,Plumas,063,18699,666,653,10,663,4
2021-03-21,Riverside,065,2383286,288771,282187,13653,295840,4009
2021-03-21,Sacramento,067,1510023,97750,96269,1367,97636,1489
2021-03-21,San Benito,069,59416,5833,5842,92,5934,61
2021-03-21,San Bernardino,071,2135413,288566,284732,8723,293455,4094
2021-03-21,San Diego,073,3302833,269342,267724,13328,281052,3494
2021-03-21,San Francisco,075,870044,35007,35012,1176,36188,460
2021-03-21,San Joaquin,077,732212,69058,67729,3034,70763,1182
2021-03-21,San Luis Obispo,079,281455,20304,19979,618,20597,250
2021-03-21,San Mateo,081,765935,40438,39988,430,40418,344
2021-03-21,Santa Barbara,083,443738,33126,32743,1088,33831,437
2021-03-21,Santa Clara,085,1922200,113332,113487,642,114129,1840
2021-03-21,Santa Cruz,087,273765,15747,15064,798,15862,199
2021-03-21,Shasta,089,179085,11195,11215,1328,12543,150
2021-03-21,Sierra,091,2930,55,50,12,62,0
2021-03-21,Siskiyou,093,43540,1559,1486,256,1742,5
2021-03-21,Solano,095,438530,30583,30474,399,30873,171
2021-03-21,Sonoma,097,501317,28868,28986,251,29237,310
2021-03-21,Stanislaus,099,539301,52514,52014,5553,57567,677
2021-03-21,Sutter,101,95872,9034,9021,82,9103,104
2021-03-21,Tehama,103,63373,4737,4701,507,5208,45
2021-03-21,Trinity,105,12862,473,310,84,394,3
2021-03-21,Tulare,107,460477,49131,48060,8502,56562,807
2021-03-21,Tuolumne,109,53932,3897,3953,38,3991,57
2021-03-21,Ventura,111,848112,79520,78863,2858,81721,927
2021-03-21,Yolo,113,214977,13256,13235,243,13478,190
2021-03-21,Yuba,115,75493,5673,5624,95,5719,42
2021-03-20,Alameda,001,1643700,83121,82614,1783,84397,1178
2021-03-20,Alpine,003,1148,84,83,0,83,0
2021-03-20,Amador,005,37829,3535,3518,32,3550,44
2021-03-20,Butte,007,227075,11605,11199,1653,12852,185
2021-03-20,Calaveras,009,45235,1977,1961,11,1972,49
2021-03-20,Colusa,011,21464,1886,1883,272,2155,12
2021-03-20,Contra Costa,013,1133247,65139,64313,1124,65437,713
2021-03-20,Del Norte,015,27424,1135,1075,7,1082,6
2021-03-20,El Dorado,017,186661,9373,9290,619,9909,105
2021-03-20,Fresno,019,978130,99091,98112,8146,106258,1532
2021-03-20,Glenn,021,27897,2324,2288,518,2806,17
2021-03-20,Humboldt,023,135768,3414,3399,24,3423,33
2021-03-20,Imperial,025,180216,27505,27239,2573,29812,695
2021-03-20,Inyo,027,18085,1368,1362,10,1372,35
2021-03-20,Kern,029,883053,94980,93606,10241,103847,1155
2021-03-20,Kings,031,150075,22710,22415,1019,23434,236
2021-03-20,Lake,033,64148,3327,3280,8,3288,43
2021-03-20,Lassen,035,31185,5139,5128,101,5229,1
2021-03-20,Los Angeles,037,10098052,1185032,1175290,39665,1214955,22810
2021-03-20,Madera,039,155013,16018,15891,880,16771,210
2021-03-20,Marin,041,260295,13567,13470,186,13656,220
2021-03-20,Mariposa,043,17540,390,381,5,386,5
2021-03-20,Mendocino,045,87422,3738,3639,74,3713,43
2021-03-20,Merced,047,269075,29467,29411,974,30385,412
2021-03-20,Modoc,049,8938,350,341,119,460,3
2021-03-20,Mono,051,14174,1218,1256,17,1273,3
2021-03-20,Monterey,053,433212,42397,42146,1752,43898,334
2021-03-20,Napa,055,140530,9298,9274,34,9308,77
2021-03-20,Nevada,057,99092,4218,4164,172,4336,89
2021-03-20,Orange,059,3164182,250210,248348,10635,258983,4522
2021-03-20,Placer,061,380077,21318,20505,1198,21703,242
2021-03-20,Plumas,063,18699,663,652,10,662,4
2021-03-20,Riverside,065,2383286,288696,282081,13649,295730,4000
2021-03-20,Sacramento,067,1510023,97639,96126,1364,97490,1488
2021-03-20,San Benito,069,59416,5829,5840,92,5932,61
2021-03-20,San Bernardino,071,2135413,288500,284690,8719,293409,3965
2021-03-20,San Diego,073,3302833,269171,267532,13321,280853,3493
2021-03-20,San Francisco,075,870044,34984,34968,1169,36137,453
2021-03-20,San Joaquin,077,732212,69017,67662,3027,70689,1161
2021-03-20,San Luis Obispo,079,281455,20288,19951,612,20563,250
2021-03-20,San Mateo,081,765935,40404,39958,429,40387,344
2021-03-20,Santa Barbara,083,443738,33101,32723,1087,33810,434
2021-03-20,Santa Clara,085,1922200,113240,113384,641,114025,1799
2021-03-20,Santa Cruz,087,273765,15731,15053,798,15851,199
2021-03-20,Shasta,089,179085,11189,11211,1328,12539,147
2021-03-20,Sierra,091,2930,55,50,12,62,0
2021-03-20,Siskiyou,093,43540,1559,1483,256,1739,5
2021-03-20,Solano,095,438530,30553,30439,399,30838,170
2021-03-20,Sonoma,097,501317,28853,28962,251,29213,309
2021-03-20,Stanislaus,099,539301,52458,51925,5546,57471,673
2021-03-20,Sutter,101,95872,9026,9014,82,9096,103
2021-03-20,Tehama,103,63373,4732,4696,505,5201,33
2021-03-20,Trinity,105,12862,472,310,84,394,3
2021-03-20,Tulare,107,460477,49116,48030,8485,56515,804
2021-03-20,Tuolumne,109,53932,3894,3950,38,3988,57
2021-03-20,Ventura,111,848112,79485,78818,2856,81674,922
2021-03-20,Yolo,113,214977,13252,13226,243,13469,190
2021-03-20,Yuba,115,75493,5670,5621,94,5715,42
2021-03-19,Alameda,001,1643700,83049,82499,1782,84281,1187
2021-03-19,Alpine,003,1148,83,82,0,82,0
2021-03-19,Amador,005,37829,3532,3515,32,3547,44
2021-03-19,Butte,007,227075,11597,11191,1650,12841,185
2021-03-19,Calaveras,009,45235,1976,1957,11,1968,49
2021-03-19,Colusa,011,21464,1885,1883,272,2155,12
2021-03-19,Contra Costa,013,1133247,65080,64195,1121,65316,737
2021-03-19,Del Norte,015,27424,1129,1071,5,1076,6
2021-03-19,El Dorado,017,186661,9364,9274,619,9893,105
2021-03-19,Fresno,019,978130,99007,97969,8132,106101,1527
2021-03-19,Glenn,021,27897,2324,2282,518,2800,17
2021-03-19,Humboldt,023,135768,3405,3388,24,3412,33
2021-03-19,Imperial,025,180216,27493,27218,2569,29787,695
2021-03-19,Inyo,027,18085,1366,1356,10,1366,35
2021-03-19,Kern,029,883053,94947,93534,10228,103762,1152
2021-03-19,Kings,031,150075,22701,22369,1016,23385,235
2021-03-19,Lake,033,64148,3321,3262,8,3270,43
2021-03-19,Lassen,035,31185,5139,5126,101,5227,1
2021-03-19,Los Angeles,037,10098052,1184693,1174818,39649,1214467,22752
2021-03-19,Madera,039,155013,16011,15877,879,16756,210
2021-03-19,Marin,041,260295,13555,13441,186,13627,220
2021-03-19,Mariposa,043,17540,389,380,5,385,5
2021-03-19,Mendocino,045,87422,3737,3639,74,3713,45
2021-03-19,Merced,047,269075,29440,29376,971,30347,412
2021-03-19,Modoc,049,8938,350,341,119,460,3
2021-03-19,Mono,051,14174,1216,1244,17,1261,3
2021-03-19,Monterey,053,433212,42388,42125,1750,43875,335
2021-03-19,Napa,055,140530,9286,9256,34,9290,77
2021-03-19,Nevada,057,99092,4207,4156,172,4328,88
2021-03-19,Orange,059,3164182,250110,248146,10625,258771,4501
2021-03-19,Placer,061,380077,21300,20451,1196,21647,242
2021-03-19,Plumas,063,18699,663,650,10,660,4
2021-03-19,Riverside,065,2383286,288613,281937,13644,295581,3989
2021-03-19,Sacramento,067,1510023,97536,95934,1361,97295,1486
2021-03-19,San Benito,069,59416,5829,5845,92,5937,61
2021-03-19,San Bernardino,071,2135413,288427,284501,8717,293218,4017
2021-03-19,San Diego,073,3302833,269036,267173,13311,280484,3491
2021-03-19,San Francisco,075,870044,34939,34936,1166,36102,461
2021-03-19,San Joaquin,077,732212,68947,67515,3013,70528,1180
2021-03-19,San Luis Obispo,079,281455,20268,19913,610,20523,249
2021-03-19,San Mateo,081,765935,40380,39893,429,40322,344
2021-03-19,Santa Barbara,083,443738,33071,32685,1086,33771,435
2021-03-19,Santa Clara,085,1922200,113165,113232,640,113872,1797
2021-03-19,Santa Cruz,087,273765,15724,15026,798,15824,199
2021-03-19,Shasta,089,179085,11182,11104,1326,12430,103
2021-03-19,Sierra,091,2930,54,49,12,61,0
2021-03-19,Siskiyou,093,43540,1559,1480,255,1735,5
2021-03-19,Solano,095,438530,30523,30395,397,30792,172
2021-03-19,Sonoma,097,501317,28832,28932,249,29181,292
2021-03-19,Stanislaus,099,539301,52400,51755,5543,57298,679
2021-03-19,Sutter,101,95872,9024,9005,82,9087,103
2021-03-19,Tehama,103,63373,4725,4685,505,5190,33
2021-03-19,Trinity,105,12862,472,310,84,394,3
2021-03-19,Tulare,107,460477,49093,47989,8462,56451,805
2021-03-19,Tuolumne,109,53932,3891,3946,38,3984,57
2021-03-19,Ventura,111,848112,79452,78753,2852,81605,920
2021-03-19,Yolo,113,214977,13244,13197,243,13440,189
2021-03-19,Yuba,115,75493,5667,5615,93,5708,42
2021-03-18,Alameda,001,1643700,82969,82419,1779,84198,1189
2021-03-18,Alpine,003,1148,83,82,0,82,0
2021-03-18,Amador,005,37829,3528,3513,32,3545,44
2021-03-18,Butte,007,227075,11586,11179,1648,12827,185
2021-03-18,Calaveras,009,45235,1974,1954,11,1965,49
2021-03-18,Colusa,011,21464,1885,1882,272,2154,12
2021-03-18,Contra Costa,013,1133247,65007,64103,1118,65221,739
2021-03-18,Del Norte,015,27424,1120,1059,5,1064,6
2021-03-18,El Dorado,017,186661,9351,9261,618,9879,105
2021-03-18,Fresno,019,978130,98910,97856,8117,105973,1527
2021-03-18,Glenn,021,27897,2320,2275,517,2792,17
2021-03-18,Humboldt,023,135768,3397,3381,24,3405,34
2021-03-18,Imperial,025,180216,27478,27190,2564,29754,695
2021-03-18,Inyo,027,18085,1363,1354,10,1364,35
2021-03-18,Kern,029,883053,94890,93458,10214,103672,1158
2021-03-18,Kings,031,150075,22694,22354,1015,23369,235
2021-03-18,Lake,033,64148,3318,3260,8,3268,43
2021-03-18,Lassen,035,31185,5138,5126,101,5227,1
2021-03-18,Los Angeles,037,10098052,1184260,1174205,39620,1213825,22689
2021-03-18,Madera,039,155013,15999,15860,876,16736,211
2021-03-18,Marin,041,260295,13537,13435,185,13620,219
2021-03-18,Mariposa,043,17540,387,380,5,385,5
2021-03-18,Mendocino,045,87422,3727,3630,74,3704,45
2021-03-18,Merced,047,269075,29405,29317,971,30288,410
2021-03-18,Modoc,049,8938,350,341,119,460,3
2021-03-18,Mono,051,14174,1212,1215,16,1231,3
2021-03-18,Monterey,053,433212,42376,42105,1750,43855,335
2021-03-18,Napa,055,140530,9277,9243,34,9277,77
2021-03-18,Nevada,057,99092,4200,4154,172,4326,74
2021-03-18,Orange,059,3164182,250007,248050,10612,258662,4514
2021-03-18,Placer,061,380077,21268,20421,1193,21614,243
2021-03-18,Plumas,063,18699,661,648,10,658,4
2021-03-18,Riverside,065,2383286,288532,281789,13637,295426,3957
2021-03-18,Sacramento,067,1510023,97388,95819,1357,97176,1481
2021-03-18,San Benito,069,59416,5827,5842,92,5934,61
2021-03-18,San Bernardino,071,2135413,288346,284294,8687,292981,4076
2021-03-18,San Diego,073,3302833,268883,266752,13301,280053,3478
2021-03-18,San Francisco,075,870044,34900,34904,1165,36069,461
2021-03-18,San Joaquin,077,732212,68847,67301,3001,70302,1169
2021-03-18,San Luis Obispo,079,281455,20239,19894,609,20503,249
2021-03-18,San Mateo,081,765935,40339,39874,429,40303,344
2021-03-18,Santa Barbara,083,443738,33030,32640,1086,33726,434
2021-03-18,Santa Clara,085,1922200,113048,113119,636,113755,1808
2021-03-18,Santa Cruz,087,273765,15714,14998,798,15796,198
2021-03-18,Shasta,089,179085,11168,11059,1324,12383,100
2021-03-18,Sierra,091,2930,54,49,12,61,0
2021-03-18,Siskiyou,093,43540,1556,1480,254,1734,5
2021-03-18,Solano,095,438530,30481,30352,394,30746,172
2021-03-18,Sonoma,097,501317,28811,28915,247,29162,292
2021-03-18,Stanislaus,099,539301,52328,51615,5539,57154,682
2021-03-18,Sutter,101,95872,9012,8999,82,9081,103
2021-03-18,Tehama,103,63373,4719,4683,504,5187,35
2021-03-18,Trinity,105,12862,472,310,84,394,3
2021-03-18,Tulare,107,460477,49074,47964,8447,56411,805
2021-03-18,Tuolumne,109,53932,3890,3942,38,3980,57
2021-03-18,Ventura,111,848112,79392,78697,2852,81549,918
2021-03-18,Yolo,113,214977,13231,13183,243,13426,191
2021-03-18,Yuba,115,75493,5663,5612,93,5705,42
2021-03-17,Alameda,001,1643700,82893,82353,1774,84127,1185
2021-03-17,Alpine,003,1148,83,82,0,82,0
2021-03-17,Amador,005,37829,3526,3511,32,3543,44
2021-03-17,Butte,007,227075,11577,11170,1646,12816,185
2021-03-17,Calaveras,009,45235,1971,1946,11,1957,49
2021-03-17,Colusa,011,21464,1884,1882,272,2154,12
2021-03-17,Contra Costa,013,1133247,64938,64026,1117,65143,737
2021-03-17,Del Norte,015,27424,1116,1053,5,1058,6
2021-03-17,El Dorado,017,186661,9341,9252,618,9870,105
2021-03-17,Fresno,019,978130,98799,97727,8099,105826,1507
2021-03-17,Glenn,021,27897,2313,2269,516,2785,17
2021-03-17,Humboldt,023,135768,3389,3365,24,3389,33
2021-03-17,Imperial,025,180216,27461,27168,2561,29729,691
2021-03-17,Inyo,027,18085,1361,1351,10,1361,35
2021-03-17,Kern,029,883053,94834,93392,10201,103593,1149
2021-03-17,Kings,031,150075,22678,22336,1014,23350,233
2021-03-17,Lake,033,64148,3311,3251,8,3259,43
2021-03-17,Lassen,035,31185,5137,5125,101,5226,1
2021-03-17,Los Angeles,037,10098052,1183807,1173416,39587,1213003,22602
2021-03-17,Madera,039,155013,15992,15835,876,16711,214
2021-03-17,Marin,041,260295,13520,13428,184,13612,218
2021-03-17,Mariposa,043,17540,387,379,5,384,5
2021-03-17,Mendocino,045,87422,3723,3625,74,3699,44
2021-03-17,Merced,047,269075,29377,29250,967,30217,408
2021-03-17,Modoc,049,8938,350,341,119,460,3
2021-03-17,Mono,051,14174,1210,1212,16,1228,3
2021-03-17,Monterey,053,433212,42358,42061,1747,43808,334
2021-03-17,Napa,055,140530,9262,9219,34,9253,76
2021-03-17,Nevada,057,99092,4190,4145,172,4317,74
2021-03-17,Orange,059,3164182,249888,247943,10584,258527,4502
2021-03-17,Placer,061,380077,21240,20369,1191,21560,243
2021-03-17,Plumas,063,18699,660,645,10,655,4
2021-03-17,Riverside,065,2383286,288417,281649,13629,295278,3925
2021-03-17,Sacramento,067,1510023,97260,95650,1352,97002,1477
2021-03-17,San Benito,069,59416,5824,5841,92,5933,61
2021-03-17,San Bernardino,071,2135413,288229,284170,8682,292852,4049
2021-03-17,San Diego,073,3302833,268672,266313,13283,279596,3470
2021-03-17,San Francisco,075,870044,34865,34873,1164,36037,457
2021-03-17,San Joaquin,077,732212,68762,67093,2985,70078,1164
2021-03-17,San Luis Obispo,079,281455,20216,19858,605,20463,249
2021-03-17,San Mateo,081,765935,40309,39838,428,40266,344
2021-03-17,Santa Barbara,083,443738,33008,32585,1085,33670,433
2021-03-17,Santa Clara,085,1922200,112955,112983,635,113618,1805
2021-03-17,Santa Cruz,087,273765,15706,14967,798,15765,199
2021-03-17,Shasta,089,179085,11163,11045,1321,12366,100
2021-03-17,Sierra,091,2930,54,49,12,61,0
2021-03-17,Siskiyou,093,43540,1555,1479,252,1731,5
2021-03-17,Solano,095,438530,30455,30320,392,30712,171
2021-03-17,Sonoma,097,501317,28787,28877,246,29123,292
2021-03-17,Stanislaus,099,539301,52253,51524,5532,57056,682
2021-03-17,Sutter,101,95872,9002,8982,82,9064,103
2021-03-17,Tehama,103,63373,4714,4670,504,5174,34
2021-03-17,Trinity,105,12862,472,308,84,392,3
2021-03-17,Tulare,107,460477,49054,47929,8437,56366,805
2021-03-17,Tuolumne,109,53932,3887,3938,38,3976,57
2021-03-17,Ventura,111,848112,79336,78648,2849,81497,916
2021-03-17,Yolo,113,214977,13214,13169,243,13412,190
2021-03-17,Yuba,115,75493,5660,5603,93,5696,42
2021-03-16,Alameda,001,1643700,82780,82259,1772,84031,1177
2021-03-16,Alpine,003,1148,83,82,0,82,0
2021-03-16,Amador,005,37829,3524,3510,32,3542,44
2021-03-16,Butte,007,227075,11565,11154,1645,12799,184
2021-03-16,Calaveras,009,45235,1966,1945,11,1956,49
2021-03-16,Colusa,011,21464,1883,1882,272,2154,12
2021-03-16,Contra Costa,013,1133247,64855,63951,1114,65065,736
2021-03-16,Del Norte,015,27424,1108,1048,5,1053,6
2021-03-16,El Dorado,017,186661,9326,9249,618,9867,105
2021-03-16,Fresno,019,978130,98661,97638,8078,105716,1498
2021-03-16,Glenn,021,27897,2305,2267,512,2779,17
2021-03-16,Humboldt,023,135768,3385,3351,24,3375,33
2021-03-16,Imperial,025,180216,27450,27143,2558,29701,689
2021-03-16,Inyo,027,18085,1360,1346,10,1356,35
2021-03-16,Kern,029,883053,94768,93340,10186,103526,1144
2021-03-16,Kings,031,150075,22642,22320,1013,23333,233
2021-03-16,Lake,033,64148,3303,3246,8,3254,43
2021-03-16,Lassen,035,31185,5136,5126,101,5227,1
2021-03-16,Los Angeles,037,10098052,1183274,1172676,39549,1212225,22527
2021-03-16,Madera,039,155013,15976,15822,874,16696,214
2021-03-16,Marin,041,260295,13502,13419,184,13603,218
2021-03-16,Mariposa,043,17540,384,379,5,384,5
2021-03-16,Mendocino,045,87422,3718,3623,74,3697,44
2021-03-16,Merced,047,269075,29324,29198,966,30164,407
2021-03-16,Modoc,049,8938,350,341,119,460,3
2021-03-16,Mono,051,14174,1209,1207,16,1223,3
2021-03-16,Monterey,053,433212,42339,42023,1747,43770,334
2021-03-16,Napa,055,140530,9252,9209,34,9243,75
2021-03-16,Nevada,057,99092,4181,4132,171,4303,67
2021-03-16,Orange,059,3164182,249749,247843,10565,258408,4479
2021-03-16,Placer,061,380077,21208,20339,1187,21526,240
2021-03-16,Plumas,063,18699,659,643,10,653,4
2021-03-16,Riverside,065,2383286,288303,281540,13616,295156,3893
2021-03-16,Sacramento,067,1510023,97117,95522,1348,96870,1466
2021-03-16,San Benito,069,59416,5819,5831,92,5923,61
2021-03-16,San Bernardino,071,2135413,288099,283980,8675,292655,4032
2021-03-16,San Diego,073,3302833,268440,265903,13270,279173,3462
2021-03-16,San Francisco,075,870044,34836,34833,1159,35992,456
2021-03-16,San Joaquin,077,732212,68660,66856,2972,69828,1163
2021-03-16,San Luis Obispo,079,281455,20186,19832,603,20435,248
2021-03-16,San Mateo,081,765935,40275,39806,426,40232,344
2021-03-16,Santa Barbara,083,443738,32976,32556,1084,33640,433
2021-03-16,Santa Clara,085,1922200,112837,112845,632,113477,1797
2021-03-16,Santa Cruz,087,273765,15700,14926,798,15724,199
2021-03-16,Shasta,089,179085,11147,11035,1318,12353,100
2021-03-16,Sierra,091,2930,53,49,12,61,0
2021-03-16,Siskiyou,093,43540,1552,1477,252,1729,5
2021-03-16,Solano,095,438530,30421,30298,390,30688,171
2021-03-16,Sonoma,097,501317,28754,28850,244,29094,291
2021-03-16,Stanislaus,099,539301,52173,51410,5525,56935,683
2021-03-16,Sutter,101,95872,8994,8970,82,9052,102
2021-03-16,Tehama,103,63373,4711,4660,503,5163,34
2021-03-16,Trinity,105,12862,472,308,83,391,3
2021-03-16,Tulare,107,460477,49006,47895,8429,56324,803
2021-03-16,Tuolumne,109,53932,3884,3938,38,3976,57
2021-03-16,Ventura,111,848112,79270,78671,2842,81513,916
2021-03-16,Yolo,113,214977,13199,13162,243,13405,190
2021-03-16,Yuba,115,75493,5657,5596,92,5688,42
2021-03-15,Alameda,001,1643700,82691,82159,1772,83931,1167
2021-03-15,Alpine,003,1148,83,82,0,82,0
2021-03-15,Amador,005,37829,3523,3506,32,3538,44
2021-03-15,Butte,007,227075,11552,11141,1641,12782,185
2021-03-15,Calaveras,009,45235,1965,1941,11,1952,49
2021-03-15,Colusa,011,21464,1883,1883,272,2155,12
2021-03-15,Contra Costa,013,1133247,64793,63847,1113,64960,732
2021-03-15,Del Norte,015,27424,1105,1048,5,1053,6
2021-03-15,El Dorado,017,186661,9320,9235,617,9852,103
2021-03-15,Fresno,019,978130,98534,97520,8063,105583,1496
2021-03-15,Glenn,021,27897,2300,2261,509,2770,15
2021-03-15,Humboldt,023,135768,3379,3337,24,3361,32
2021-03-15,Imperial,025,180216,27430,27122,2555,29677,684
2021-03-15,Inyo,027,18085,1360,1346,10,1356,35
2021-03-15,Kern,029,883053,94708,93266,10179,103445,1141
2021-03-15,Kings,031,150075,22625,22294,1007,23301,233
2021-03-15,Lake,033,64148,3291,3237,8,3245,43
2021-03-15,Lassen,035,31185,5136,5125,101,5226,1
2021-03-15,Los Angeles,037,10098052,1182702,1172445,39517,1211962,22477
2021-03-15,Madera,039,155013,15965,15806,872,16678,214
2021-03-15,Marin,041,260295,13496,13408,183,13591,218
2021-03-15,Mariposa,043,17540,384,376,5,381,5
2021-03-15,Mendocino,045,87422,3714,3615,74,3689,44
2021-03-15,Merced,047,269075,29286,29169,964,30133,407
2021-03-15,Modoc,049,8938,350,340,119,459,3
2021-03-15,Mono,051,14174,1208,1206,16,1222,3
2021-03-15,Monterey,053,433212,42311,42011,1744,43755,333
2021-03-15,Napa,055,140530,9241,9196,34,9230,75
2021-03-15,Nevada,057,99092,4176,4123,170,4293,66
2021-03-15,Orange,059,3164182,249636,247697,10545,258242,4481
2021-03-15,Placer,061,380077,21185,20308,1187,21495,238
2021-03-15,Plumas,063,18699,659,642,10,652,4
2021-03-15,Riverside,065,2383286,288151,281367,13606,294973,3856
2021-03-15,Sacramento,067,1510023,96964,95414,1342,96756,1463
2021-03-15,San Benito,069,59416,5816,5831,92,5923,61
2021-03-15,San Bernardino,071,2135413,288007,283815,8667,292482,4004
2021-03-15,San Diego,073,3302833,268191,265646,13254,278900,3452
2021-03-15,San Francisco,075,870044,34801,34820,1155,35975,456
2021-03-15,San Joaquin,077,732212,68556,66622,2959,69581,1140
2021-03-15,San Luis Obispo,079,281455,20155,19813,599,20412,247
2021-03-15,San Mateo,081,765935,40221,39765,426,40191,344
2021-03-15,Santa Barbara,083,443738,32953,32529,1081,33610,431
2021-03-15,Santa Clara,085,1922200,112736,112729,630,113359,1798
2021-03-15,Santa Cruz,087,273765,15694,14899,796,15695,200
2021-03-15,Shasta,089,179085,11131,11019,1313,12332,92
2021-03-15,Sierra,091,2930,53,49,12,61,0
2021-03-15,Siskiyou,093,43540,1552,1475,252,1727,5
2021-03-15,Solano,095,438530,30392,30258,389,30647,171
2021-03-15,Sonoma,097,501317,28736,28814,241,29055,285
2021-03-15,Stanislaus,099,539301,52095,51357,5518,56875,683
2021-03-15,Sutter,101,95872,8988,8962,82,9044,102
2021-03-15,Tehama,103,63373,4696,4650,502,5152,34
2021-03-15,Trinity,105,12862,472,308,83,391,3
2021-03-15,Tulare,107,460477,48976,47857,8414,56271,800
2021-03-15,Tuolumne,109,53932,3882,3937,37,3974,57
2021-03-15,Ventura,111,848112,79214,78626,2841,81467,910
2021-03-15,Yolo,113,214977,13180,13131,241,13372,190
2021-03-15,Yuba,115,75493,5652,5585,91,5676,42
2021-03-14,Alameda,001,1643700,82608,82116,1769,83885,1168
2021-03-14,Alpine,003,1148,83,82,0,82,0
2021-03-14,Amador,005,37829,3518,3504,32,3536,44
2021-03-14,Butte,007,227075,11539,11140,1637,12777,185
2021-03-14,Calaveras,009,45235,1961,1939,11,1950,49
2021-03-14,Colusa,011,21464,1883,1883,272,2155,12
2021-03-14,Contra Costa,013,1133247,64689,63808,1112,64920,731
2021-03-14,Del Norte,015,27424,1091,1048,5,1053,6
2021-03-14,El Dorado,017,186661,9310,9231,617,9848,103
2021-03-14,Fresno,019,978130,98426,97461,8045,105506,1496
2021-03-14,Glenn,021,27897,2295,2260,506,2766,15
2021-03-14,Humboldt,023,135768,3365,3335,24,3359,32
2021-03-14,Imperial,025,180216,27415,27122,2550,29672,685
2021-03-14,Inyo,027,18085,1356,1346,10,1356,35
2021-03-14,Kern,029,883053,94625,93252,10161,103413,1141
2021-03-14,Kings,031,150075,22606,22292,1005,23297,232
2021-03-14,Lake,033,64148,3286,3237,8,3245,43
2021-03-14,Lassen,035,31185,5134,5125,101,5226,1
2021-03-14,Los Angeles,037,10098052,1182131,1172100,39483,1211583,22476
2021-03-14,Madera,039,155013,15940,15804,872,16676,214
2021-03-14,Marin,041,260295,13480,13405,181,13586,218
2021-03-14,Mariposa,043,17540,382,376,5,381,5
2021-03-14,Mendocino,045,87422,3709,3613,74,3687,44
2021-03-14,Merced,047,269075,29218,29149,960,30109,407
2021-03-14,Modoc,049,8938,350,340,119,459,3
2021-03-14,Mono,051,14174,1202,1206,16,1222,3
2021-03-14,Monterey,053,433212,42287,42007,1741,43748,333
2021-03-14,Napa,055,140530,9223,9194,34,9228,75
2021-03-14,Nevada,057,99092,4170,4122,168,4290,66
2021-03-14,Orange,059,3164182,249502,247656,10525,258181,4460
2021-03-14,Placer,061,380077,21150,20288,1179,21467,238
2021-03-14,Plumas,063,18699,657,642,10,652,4
2021-03-14,Riverside,065,2383286,287993,281332,13598,294930,3845
2021-03-14,Sacramento,067,1510023,96786,95343,1337,96680,1462
2021-03-14,San Benito,069,59416,5807,5829,92,5921,61
2021-03-14,San Bernardino,071,2135413,287884,283791,8656,292447,3996
2021-03-14,San Diego,073,3302833,267956,265468,13241,278709,3452
2021-03-14,San Francisco,075,870044,34762,34810,1152,35962,455
2021-03-14,San Joaquin,077,732212,68428,66563,2942,69505,1140
2021-03-14,San Luis Obispo,079,281455,20127,19806,597,20403,247
2021-03-14,San Mateo,081,765935,40182,39744,426,40170,342
2021-03-14,Santa Barbara,083,443738,32909,32514,1079,33593,431
2021-03-14,Santa Clara,085,1922200,112608,112648,629,113277,1796
2021-03-14,Santa Cruz,087,273765,15677,14887,794,15681,200
2021-03-14,Shasta,089,179085,11115,11019,1306,12325,92
2021-03-14,Sierra,091,2930,53,49,12,61,0
2021-03-14,Siskiyou,093,43540,1549,1473,252,1725,5
2021-03-14,Solano,095,438530,30360,30230,384,30614,171
2021-03-14,Sonoma,097,501317,28701,28798,237,29035,284
2021-03-14,Stanislaus,099,539301,51975,51306,5510,56816,690
2021-03-14,Sutter,101,95872,8972,8958,82,9040,102
2021-03-14,Tehama,103,63373,4689,4650,501,5151,34
2021-03-14,Trinity,105,12862,471,308,82,390,3
2021-03-14,Tulare,107,460477,48943,47845,8393,56238,800
2021-03-14,Tuolumne,109,53932,3880,3937,37,3974,57
2021-03-14,Ventura,111,848112,79166,78611,2835,81446,910
2021-03-14,Yolo,113,214977,13157,13128,238,13366,189
2021-03-14,Yuba,115,75493,5642,5583,91,5674,42
2021-03-13,Alameda,001,1643700,82548,82010,1769,83779,1168
2021-03-13,Alpine,003,1148,83,82,0,82,0
2021-03-13,Amador,005,37829,3515,3504,32,3536,44
2021-03-13,Butte,007,227075,11530,11131,1636,12767,185
2021-03-13,Calaveras,009,45235,1960,1939,11,1950,49
2021-03-13,Colusa,011,21464,1883,1882,272,2154,12
2021-03-13,Contra Costa,013,1133247,64628,63689,1112,64801,731
2021-03-13,Del Norte,015,27424,1087,1041,5,1046,6
2021-03-13,El Dorado,017,186661,9302,9221,617,9838,103
2021-03-13,Fresno,019,978130,98367,97324,8025,105349,1495
2021-03-13,Glenn,021,27897,2294,2260,505,2765,15
2021-03-13,Humboldt,023,135768,3358,3325,24,3349,32
2021-03-13,Imperial,025,180216,27409,27099,2546,29645,677
2021-03-13,Inyo,027,18085,1355,1344,10,1354,35
2021-03-13,Kern,029,883053,94586,93197,10155,103352,1140
2021-03-13,Kings,031,150075,22590,22265,1004,23269,232
2021-03-13,Lake,033,64148,3279,3234,7,3241,43
2021-03-13,Lassen,035,31185,5134,5125,101,5226,1
2021-03-13,Los Angeles,037,10098052,1181814,1171505,39441,1210946,22451
2021-03-13,Madera,039,155013,15928,15780,872,16652,214
2021-03-13,Marin,041,260295,13474,13391,179,13570,218
2021-03-13,Mariposa,043,17540,381,376,5,381,5
2021-03-13,Mendocino,045,87422,3705,3611,74,3685,44
2021-03-13,Merced,047,269075,29187,29106,960,30066,406
2021-03-13,Modoc,049,8938,350,340,118,458,3
2021-03-13,Mono,051,14174,1202,1207,16,1223,3
2021-03-13,Monterey,053,433212,42277,41989,1739,43728,332
2021-03-13,Napa,055,140530,9217,9190,34,9224,75
2021-03-13,Nevada,057,99092,4163,4111,167,4278,66
2021-03-13,Orange,059,3164182,249421,247514,10509,258023,4423
2021-03-13,Placer,061,380077,21129,20238,1176,21414,239
2021-03-13,Plumas,063,18699,655,642,10,652,4
2021-03-13,Riverside,065,2383286,287901,281191,13590,294781,3848
2021-03-13,Sacramento,067,1510023,96700,95192,1335,96527,1461
2021-03-13,San Benito,069,59416,5804,5823,92,5915,61
2021-03-13,San Bernardino,071,2135413,287830,283727,8650,292377,3972
2021-03-13,San Diego,073,3302833,267801,265270,13227,278497,3444
2021-03-13,San Francisco,075,870044,34745,34784,1143,35927,455
2021-03-13,San Joaquin,077,732212,68372,66480,2920,69400,1141
2021-03-13,San Luis Obispo,079,281455,20109,19789,596,20385,247
2021-03-13,San Mateo,081,765935,40155,39689,425,40114,341
2021-03-13,Santa Barbara,083,443738,32884,32486,1078,33564,431
2021-03-13,Santa Clara,085,1922200,112523,112531,628,113159,1790
2021-03-13,Santa Cruz,087,273765,15670,14875,794,15669,199
2021-03-13,Shasta,089,179085,11107,11021,1303,12324,108
2021-03-13,Sierra,091,2930,52,49,12,61,0
2021-03-13,Siskiyou,093,43540,1547,1470,252,1722,5
2021-03-13,Solano,095,438530,30343,30198,384,30582,171
2021-03-13,Sonoma,097,501317,28681,28762,233,28995,285
2021-03-13,Stanislaus,099,539301,51924,51257,5505,56762,695
2021-03-13,Sutter,101,95872,8965,8948,82,9030,102
2021-03-13,Tehama,103,63373,4687,4647,501,5148,33
2021-03-13,Trinity,105,12862,471,306,82,388,3
2021-03-13,Tulare,107,460477,48917,47818,8385,56203,798
2021-03-13,Tuolumne,109,53932,3877,3937,37,3974,57
2021-03-13,Ventura,111,848112,79114,78693,2835,81528,906
2021-03-13,Yolo,113,214977,13148,13087,238,13325,189
2021-03-13,Yuba,115,75493,5641,5577,91,5668,42
2021-03-12,Alameda,001,1643700,82471,81898,1768,83666,1164
2021-03-12,Alpine,003,1148,83,82,0,82,0
2021-03-12,Amador,005,37829,3512,3503,32,3535,44
2021-03-12,Butte,007,227075,11520,11126,1634,12760,184
2021-03-12,Calaveras,009,45235,1960,1916,11,1927,49
2021-03-12,Colusa,011,21464,1883,1883,272,2155,12
2021-03-12,Contra Costa,013,1133247,64552,63583,1112,64695,728
2021-03-12,Del Norte,015,27424,1081,1033,5,1038,6
2021-03-12,El Dorado,017,186661,9293,9219,617,9836,103
2021-03-12,Fresno,019,978130,98270,97185,8014,105199,1489
2021-03-12,Glenn,021,27897,2293,2258,504,2762,15
2021-03-12,Humboldt,023,135768,3353,3315,24,3339,32
2021-03-12,Imperial,025,180216,27398,27071,2544,29615,677
2021-03-12,Inyo,027,18085,1353,1339,10,1349,35
2021-03-12,Kern,029,883053,94552,93142,10139,103281,1132
2021-03-12,Kings,031,150075,22571,22233,1004,23237,232
2021-03-12,Lake,033,64148,3273,3226,6,3232,43
2021-03-12,Lassen,035,31185,5134,5125,100,5225,1
2021-03-12,Los Angeles,037,10098052,1181415,1170860,39424,1210284,22409
2021-03-12,Madera,039,155013,15916,15761,869,16630,214
2021-03-12,Marin,041,260295,13467,13375,179,13554,218
2021-03-12,Mariposa,043,17540,379,376,5,381,5
2021-03-12,Mendocino,045,87422,3702,3605,74,3679,43
2021-03-12,Merced,047,269075,29156,29064,960,30024,403
2021-03-12,Modoc,049,8938,350,340,118,458,3
2021-03-12,Mono,051,14174,1201,1206,16,1222,3
2021-03-12,Monterey,053,433212,42263,41964,1734,43698,329
2021-03-12,Napa,055,140530,9208,9180,34,9214,75
2021-03-12,Nevada,057,99092,4153,4101,167,4268,66
2021-03-12,Orange,059,3164182,249329,247388,10498,257886,4401
2021-03-12,Placer,061,380077,21096,20210,1171,21381,239
2021-03-12,Plumas,063,18699,654,641,10,651,4
2021-03-12,Riverside,065,2383286,287802,281037,13582,294619,3854
2021-03-12,Sacramento,067,1510023,96576,95061,1328,96389,1460
2021-03-12,San Benito,069,59416,5801,5817,92,5909,61
2021-03-12,San Bernardino,071,2135413,287774,283558,8645,292203,3917
2021-03-12,San Diego,073,3302833,267638,264886,13219,278105,3434
2021-03-12,San Francisco,075,870044,34724,34758,1140,35898,452
2021-03-12,San Joaquin,077,732212,68301,66482,2911,69393,1144
2021-03-12,San Luis Obispo,079,281455,20096,19769,594,20363,247
2021-03-12,San Mateo,081,765935,40119,39638,423,40061,341
2021-03-12,Santa Barbara,083,443738,32861,32457,1075,33532,429
2021-03-12,Santa Clara,085,1922200,112428,112396,627,113023,1766
2021-03-12,Santa Cruz,087,273765,15658,14846,792,15638,195
2021-03-12,Shasta,089,179085,11098,11143,1301,12444,153
2021-03-12,Sierra,091,2930,52,49,12,61,0
2021-03-12,Siskiyou,093,43540,1547,1468,251,1719,5
2021-03-12,Solano,095,438530,30324,30180,383,30563,171
2021-03-12,Sonoma,097,501317,28654,28714,233,28947,285
2021-03-12,Stanislaus,099,539301,51865,51146,5498,56644,701
2021-03-12,Sutter,101,95872,8959,8940,82,9022,101
2021-03-12,Tehama,103,63373,4683,4638,500,5138,33
2021-03-12,Trinity,105,12862,470,306,81,387,3
2021-03-12,Tulare,107,460477,48892,47772,8379,56151,798
2021-03-12,Tuolumne,109,53932,3876,3936,37,3973,57
2021-03-12,Ventura,111,848112,79068,78698,2831,81529,899
2021-03-12,Yolo,113,214977,13138,13061,231,13292,189
2021-03-12,Yuba,115,75493,5634,5563,90,5653,42
2021-03-11,Alameda,001,1643700,82379,81809,1763,83572,1164
2021-03-11,Alpine,003,1148,83,78,0,78,0
2021-03-11,Amador,005,37829,3511,3498,32,3530,42
2021-03-11,Butte,007,227075,11509,11110,1632,12742,185
2021-03-11,Calaveras,009,45235,1957,1915,11,1926,49
2021-03-11,Colusa,011,21464,1883,1883,272,2155,12
2021-03-11,Contra Costa,013,1133247,64479,63469,1110,64579,728
2021-03-11,Del Norte,015,27424,1076,1027,5,1032,6
2021-03-11,El Dorado,017,186661,9279,9211,617,9828,101
2021-03-11,Fresno,019,978130,98154,97026,7985,105011,1481
2021-03-11,Glenn,021,27897,2290,2255,504,2759,15
2021-03-11,Humboldt,023,135768,3336,3302,24,3326,32
2021-03-11,Imperial,025,180216,27391,27045,2540,29585,675
2021-03-11,Inyo,027,18085,1348,1335,10,1345,35
2021-03-11,Kern,029,883053,94496,93052,10100,103152,1121
2021-03-11,Kings,031,150075,22556,22183,1001,23184,230
2021-03-11,Lake,033,64148,3269,3214,6,3220,42
2021-03-11,Lassen,035,31185,5133,5124,100,5224,1
2021-03-11,Los Angeles,037,10098052,1180882,1170111,39393,1209504,22316
2021-03-11,Madera,039,155013,15905,15725,867,16592,214
2021-03-11,Marin,041,260295,13455,13356,178,13534,217
2021-03-11,Mariposa,043,17540,379,376,5,381,5
2021-03-11,Mendocino,045,87422,3695,3604,74,3678,42
2021-03-11,Merced,047,269075,29108,29001,959,29960,401
2021-03-11,Modoc,049,8938,350,340,118,458,3
2021-03-11,Mono,051,14174,1200,1206,16,1222,3
2021-03-11,Monterey,053,433212,42240,41936,1728,43664,329
2021-03-11,Napa,055,140530,9195,9173,34,9207,75
2021-03-11,Nevada,057,99092,4141,4085,165,4250,66
2021-03-11,Orange,059,3164182,249191,247217,10480,257697,4373
2021-03-11,Placer,061,380077,21054,20178,1167,21345,239
2021-03-11,Plumas,063,18699,653,640,10,650,4
2021-03-11,Riverside,065,2383286,287632,280881,13569,294450,3842
2021-03-11,Sacramento,067,1510023,96435,94912,1325,96237,1455
2021-03-11,San Benito,069,59416,5798,5816,92,5908,61
2021-03-11,San Bernardino,071,2135413,287676,283312,8639,291951,3869
2021-03-11,San Diego,073,3302833,267473,264524,13203,277727,3422
2021-03-11,San Francisco,075,870044,34688,34722,1134,35856,452
2021-03-11,San Joaquin,077,732212,68189,66522,2903,69425,1157
2021-03-11,San Luis Obispo,079,281455,20071,19748,593,20341,247
2021-03-11,San Mateo,081,765935,40082,39590,422,40012,341
2021-03-11,Santa Barbara,083,443738,32833,32408,1070,33478,430
2021-03-11,Santa Clara,085,1922200,112299,112246,624,112870,1765
2021-03-11,Santa Cruz,087,273765,15646,14812,791,15603,193
2021-03-11,Shasta,089,179085,11088,11139,1296,12435,158
2021-03-11,Sierra,091,2930,52,48,12,60,0
2021-03-11,Siskiyou,093,43540,1544,1466,250,1716,5
2021-03-11,Solano,095,438530,30296,30138,382,30520,171
2021-03-11,Sonoma,097,501317,28625,28677,233,28910,285
2021-03-11,Stanislaus,099,539301,51780,51038,5490,56528,707
2021-03-11,Sutter,101,95872,8953,8933,82,9015,101
2021-03-11,Tehama,103,63373,4675,4632,500,5132,33
2021-03-11,Trinity,105,12862,469,304,80,384,3
2021-03-11,Tulare,107,460477,48855,47709,8368,56077,797
2021-03-11,Tuolumne,109,53932,3874,3934,37,3971,57
2021-03-11,Ventura,111,848112,79018,78697,2827,81524,889
2021-03-11,Yolo,113,214977,13120,13041,230,13271,190
2021-03-11,Yuba,115,75493,5630,5553,90,5643,42
2021-03-10,Alameda,001,1643700,82273,81701,1758,83459,1160
2021-03-10,Alpine,003,1148,82,78,0,78,0
2021-03-10,Amador,005,37829,3509,3496,32,3528,42
2021-03-10,Butte,007,227075,11499,11096,1632,12728,185
2021-03-10,Calaveras,009,45235,1951,1913,11,1924,48
2021-03-10,Colusa,011,21464,1883,1882,272,2154,12
2021-03-10,Contra Costa,013,1133247,64379,63372,1106,64478,725
2021-03-10,Del Norte,015,27424,1074,1020,5,1025,5
2021-03-10,El Dorado,017,186661,9266,9203,617,9820,100
2021-03-10,Fresno,019,978130,98047,96866,7969,104835,1471
2021-03-10,Glenn,021,27897,2287,2253,502,2755,15
2021-03-10,Humboldt,023,135768,3326,3296,23,3319,32
2021-03-10,Imperial,025,180216,27376,27051,2540,29591,675
2021-03-10,Inyo,027,18085,1348,1328,10,1338,35
2021-03-10,Kern,029,883053,94430,92965,10079,103044,1102
2021-03-10,Kings,031,150075,22537,22166,999,23165,226
2021-03-10,Lake,033,64148,3259,3207,6,3213,42
2021-03-10,Lassen,035,31185,5133,5120,100,5220,1
2021-03-10,Los Angeles,037,10098052,1180335,1169079,39366,1208445,22199
2021-03-10,Madera,039,155013,15884,15705,864,16569,212
2021-03-10,Marin,041,260295,13445,13348,177,13525,216
2021-03-10,Mariposa,043,17540,379,376,5,381,5
2021-03-10,Mendocino,045,87422,3690,3602,74,3676,42
2021-03-10,Merced,047,269075,29070,28927,956,29883,401
2021-03-10,Modoc,049,8938,349,338,118,456,3
2021-03-10,Mono,051,14174,1196,1204,16,1220,3
2021-03-10,Monterey,053,433212,42218,41920,1724,43644,329
2021-03-10,Napa,055,140530,9186,9165,34,9199,75
2021-03-10,Nevada,057,99092,4137,4074,165,4239,66
2021-03-10,Orange,059,3164182,249043,247075,10465,257540,4342
2021-03-10,Placer,061,380077,21020,20144,1161,21305,239
2021-03-10,Plumas,063,18699,652,639,10,649,4
2021-03-10,Riverside,065,2383286,287491,280708,13555,294263,3822
2021-03-10,Sacramento,067,1510023,96305,94796,1319,96115,1452
2021-03-10,San Benito,069,59416,5789,5811,92,5903,61
2021-03-10,San Bernardino,071,2135413,287583,283140,8633,291773,3841
2021-03-10,San Diego,073,3302833,267251,264094,13191,277285,3413
2021-03-10,San Francisco,075,870044,34653,34688,1126,35814,450
2021-03-10,San Joaquin,077,732212,68087,66483,2886,69369,1156
2021-03-10,San Luis Obispo,079,281455,20047,19710,589,20299,247
2021-03-10,San Mateo,081,765935,40058,39571,422,39993,338
2021-03-10,Santa Barbara,083,443738,32806,32356,1067,33423,429
2021-03-10,Santa Clara,085,1922200,112190,112103,620,112723,1759
2021-03-10,Santa Cruz,087,273765,15631,14790,790,15580,192
2021-03-10,Shasta,089,179085,11078,11125,1293,12418,155
2021-03-10,Sierra,091,2930,52,48,12,60,0
2021-03-10,Siskiyou,093,43540,1542,1458,250,1708,5
2021-03-10,Solano,095,438530,30266,30111,381,30492,170
2021-03-10,Sonoma,097,501317,28590,28638,232,28870,286
2021-03-10,Stanislaus,099,539301,51693,50968,5471,56439,706
2021-03-10,Sutter,101,95872,8942,8918,82,9000,101
2021-03-10,Tehama,103,63373,4664,4623,499,5122,33
2021-03-10,Trinity,105,12862,469,304,80,384,3
2021-03-10,Tulare,107,460477,48807,47659,8350,56009,793
2021-03-10,Tuolumne,109,53932,3873,3931,37,3968,57
2021-03-10,Ventura,111,848112,78941,78609,2825,81434,878
2021-03-10,Yolo,113,214977,13096,13021,230,13251,189
2021-03-10,Yuba,115,75493,5617,5545,89,5634,42
2021-03-09,Alameda,001,1643700,82188,81618,1758,83376,1151
2021-03-09,Alpine,003,1148,82,78,0,78,0
2021-03-09,Amador,005,37829,3507,3494,32,3526,42
2021-03-09,Butte,007,227075,11486,11092,1631,12723,185
2021-03-09,Calaveras,009,45235,1949,1913,11,1924,48
2021-03-09,Colusa,011,21464,1883,1880,272,2152,11
2021-03-09,Contra Costa,013,1133247,64288,63314,1104,64418,723
2021-03-09,Del Norte,015,27424,1066,1017,5,1022,5
2021-03-09,El Dorado,017,186661,9258,9198,617,9815,98
2021-03-09,Fresno,019,978130,97928,96744,7942,104686,1463
2021-03-09,Glenn,021,27897,2283,2251,500,2751,15
2021-03-09,Humboldt,023,135768,3314,3288,22,3310,32
2021-03-09,Imperial,025,180216,27366,27045,2536,29581,675
2021-03-09,Inyo,027,18085,1346,1324,10,1334,35
2021-03-09,Kern,029,883053,94351,92924,10061,102985,1088
2021-03-09,Kings,031,150075,22512,22143,997,23140,226
2021-03-09,Lake,033,64148,3253,3202,6,3208,42
2021-03-09,Lassen,035,31185,5133,5120,100,5220,1
2021-03-09,Los Angeles,037,10098052,1179737,1167967,39332,1207299,22080
2021-03-09,Madera,039,155013,15873,15701,862,16563,211
2021-03-09,Marin,041,260295,13427,13335,175,13510,214
2021-03-09,Mariposa,043,17540,379,376,5,381,5
2021-03-09,Mendocino,045,87422,3686,3595,74,3669,42
2021-03-09,Merced,047,269075,29010,28876,953,29829,399
2021-03-09,Modoc,049,8938,349,338,117,455,3
2021-03-09,Mono,051,14174,1195,1203,16,1219,3
2021-03-09,Monterey,053,433212,42199,41894,1716,43610,329
2021-03-09,Napa,055,140530,9172,9155,34,9189,75
2021-03-09,Nevada,057,99092,4129,4062,165,4227,66
2021-03-09,Orange,059,3164182,248901,246989,10445,257434,4310
2021-03-09,Placer,061,380077,20978,20122,1156,21278,239
2021-03-09,Plumas,063,18699,649,639,10,649,4
2021-03-09,Riverside,065,2383286,287356,280562,13551,294113,3821
2021-03-09,Sacramento,067,1510023,96138,94720,1313,96033,1442
2021-03-09,San Benito,069,59416,5785,5800,92,5892,61
2021-03-09,San Bernardino,071,2135413,287469,282971,8627,291598,3823
2021-03-09,San Diego,073,3302833,267019,263745,13170,276915,3405
2021-03-09,San Francisco,075,870044,34622,34654,1122,35776,450
2021-03-09,San Joaquin,077,732212,67959,66383,2876,69259,1150
2021-03-09,San Luis Obispo,079,281455,20030,19672,582,20254,245
2021-03-09,San Mateo,081,765935,40011,39535,420,39955,336
2021-03-09,Santa Barbara,083,443738,32765,32314,1065,33379,428
2021-03-09,Santa Clara,085,1922200,112079,111963,615,112578,1756
2021-03-09,Santa Cruz,087,273765,15609,14764,789,15553,188
2021-03-09,Shasta,089,179085,11071,11113,1288,12401,155
2021-03-09,Sierra,091,2930,52,48,12,60,0
2021-03-09,Siskiyou,093,43540,1538,1447,248,1695,5
2021-03-09,Solano,095,438530,30230,30090,379,30469,169
2021-03-09,Sonoma,097,501317,28540,28601,229,28830,284
2021-03-09,Stanislaus,099,539301,51595,50884,5462,56346,703
2021-03-09,Sutter,101,95872,8929,8914,82,8996,101
2021-03-09,Tehama,103,63373,4659,4620,499,5119,33
2021-03-09,Trinity,105,12862,469,304,80,384,3
2021-03-09,Tulare,107,460477,48780,47637,8329,55966,792
2021-03-09,Tuolumne,109,53932,3871,3929,37,3966,56
2021-03-09,Ventura,111,848112,78878,78526,2823,81349,863
2021-03-09,Yolo,113,214977,13084,13015,228,13243,189
2021-03-09,Yuba,115,75493,5610,5539,89,5628,42
2021-03-08,Alameda,001,1643700,82077,81543,1757,83300,1142
2021-03-08,Alpine,003,1148,82,78,0,78,0
2021-03-08,Amador,005,37829,3504,3490,32,3522,42
2021-03-08,Butte,007,227075,11473,11082,1630,12712,185
2021-03-08,Calaveras,009,45235,1945,1909,11,1920,48
2021-03-08,Colusa,011,21464,1883,1877,272,2149,11
2021-03-08,Contra Costa,013,1133247,64192,63240,1104,64344,719
2021-03-08,Del Norte,015,27424,1061,1012,5,1017,5
2021-03-08,El Dorado,017,186661,9255,9188,616,9804,97
2021-03-08,Fresno,019,978130,97830,96665,7921,104586,1442
2021-03-08,Glenn,021,27897,2282,2249,500,2749,15
2021-03-08,Humboldt,023,135768,3300,3278,22,3300,31
2021-03-08,Imperial,025,180216,27358,27033,2533,29566,663
2021-03-08,Inyo,027,18085,1344,1320,10,1330,35
2021-03-08,Kern,029,883053,94284,92857,10041,102898,1087
2021-03-08,Kings,031,150075,22491,22130,995,23125,226
2021-03-08,Lake,033,64148,3241,3195,6,3201,42
2021-03-08,Lassen,035,31185,5133,5119,100,5219,1
2021-03-08,Los Angeles,037,10098052,1179119,1163409,39300,1202709,21868
2021-03-08,Madera,039,155013,15863,15691,860,16551,211
2021-03-08,Marin,041,260295,13407,13328,173,13501,214
2021-03-08,Mariposa,043,17540,379,376,5,381,5
2021-03-08,Mendocino,045,87422,3684,3590,73,3663,42
2021-03-08,Merced,047,269075,28950,28841,952,29793,398
2021-03-08,Modoc,049,8938,349,338,117,455,3
2021-03-08,Mono,051,14174,1194,1200,16,1216,3
2021-03-08,Monterey,053,433212,42178,41863,1715,43578,328
2021-03-08,Napa,055,140530,9169,9146,34,9180,75
2021-03-08,Nevada,057,99092,4121,4059,165,4224,66
2021-03-08,Orange,059,3164182,248728,246900,10413,257313,4243
2021-03-08,Placer,061,380077,20943,20102,1145,21247,239
2021-03-08,Plumas,063,18699,648,635,10,645,4
2021-03-08,Riverside,065,2383286,287204,280463,13541,294004,3783
2021-03-08,Sacramento,067,1510023,95968,94654,1308,95962,1438
2021-03-08,San Benito,069,59416,5782,5797,92,5889,61
2021-03-08,San Bernardino,071,2135413,287359,282894,8620,291514,3811
2021-03-08,San Diego,073,3302833,266778,263272,13155,276427,3390
2021-03-08,San Francisco,075,870044,34596,34634,1118,35752,446
2021-03-08,San Joaquin,077,732212,67842,66307,2867,69174,1139
2021-03-08,San Luis Obispo,079,281455,19987,19656,579,20235,245
2021-03-08,San Mateo,081,765935,39962,39492,418,39910,335
2021-03-08,Santa Barbara,083,443738,32733,32293,1065,33358,427
2021-03-08,Santa Clara,085,1922200,111951,111882,613,112495,1756
2021-03-08,Santa Cruz,087,273765,15589,14729,789,15518,188
2021-03-08,Shasta,089,179085,11063,11088,1283,12371,155
2021-03-08,Sierra,091,2930,52,48,12,60,0
2021-03-08,Siskiyou,093,43540,1537,1440,248,1688,5
2021-03-08,Solano,095,438530,30190,30068,377,30445,169
2021-03-08,Sonoma,097,501317,28496,28571,228,28799,284
2021-03-08,Stanislaus,099,539301,51516,50825,5457,56282,690
2021-03-08,Sutter,101,95872,8926,8905,82,8987,100
2021-03-08,Tehama,103,63373,4655,4615,499,5114,33
2021-03-08,Trinity,105,12862,468,302,80,382,3
2021-03-08,Tulare,107,460477,48738,47587,8304,55891,791
2021-03-08,Tuolumne,109,53932,3870,3921,37,3958,56
2021-03-08,Ventura,111,848112,78805,78526,2815,81341,852
2021-03-08,Yolo,113,214977,13061,13000,227,13227,189
2021-03-08,Yuba,115,75493,5600,5530,89,5619,42
2021-03-07,Alameda,001,1643700,81957,81413,1756,83169,1145
2021-03-07,Alpine,003,1148,82,78,0,78,0
2021-03-07,Amador,005,37829,3501,3489,32,3521,42
2021-03-07,Butte,007,227075,11457,11075,1629,12704,185
2021-03-07,Calaveras,009,45235,1941,1906,11,1917,48
2021-03-07,Colusa,011,21464,1883,1876,272,2148,11
2021-03-07,Contra Costa,013,1133247,64093,63148,1102,64250,719
2021-03-07,Del Norte,015,27424,1056,1010,5,1015,5
2021-03-07,El Dorado,017,186661,9252,9184,615,9799,97
2021-03-07,Fresno,019,978130,97652,96549,7899,104448,1442
2021-03-07,Glenn,021,27897,2280,2244,500,2744,15
2021-03-07,Humboldt,023,135768,3290,3274,22,3296,31
2021-03-07,Imperial,025,180216,27349,27019,2531,29550,658
2021-03-07,Inyo,027,18085,1341,1320,10,1330,35
2021-03-07,Kern,029,883053,94197,92746,10011,102757,1086
2021-03-07,Kings,031,150075,22469,22103,995,23098,224
2021-03-07,Lake,033,64148,3235,3192,6,3198,42
2021-03-07,Lassen,035,31185,5132,5119,100,5219,1
2021-03-07,Los Angeles,037,10098052,1178393,1162749,39264,1202013,21857
2021-03-07,Madera,039,155013,15844,15675,860,16535,211
2021-03-07,Marin,041,260295,13399,13313,171,13484,214
2021-03-07,Mariposa,043,17540,378,376,5,381,5
2021-03-07,Mendocino,045,87422,3680,3581,73,3654,42
2021-03-07,Merced,047,269075,28876,28829,948,29777,399
2021-03-07,Modoc,049,8938,349,338,117,455,3
2021-03-07,Mono,051,14174,1192,1199,16,1215,3
2021-03-07,Monterey,053,433212,42157,41858,1712,43570,328
2021-03-07,Napa,055,140530,9159,9137,34,9171,75
2021-03-07,Nevada,057,99092,4107,4052,164,4216,66
2021-03-07,Orange,059,3164182,248536,246771,10385,257156,4218
2021-03-07,Placer,061,380077,20902,20070,1141,21211,239
2021-03-07,Plumas,063,18699,647,635,10,645,4
2021-03-07,Riverside,065,2383286,287055,280379,13532,293911,3779
2021-03-07,Sacramento,067,1510023,95791,94513,1301,95814,1437
2021-03-07,San Benito,069,59416,5775,5795,92,5887,61
2021-03-07,San Bernardino,071,2135413,287208,282860,8615,291475,3810
2021-03-07,San Diego,073,3302833,266497,262965,13131,276096,3390
2021-03-07,San Francisco,075,870044,34562,34594,1113,35707,445
2021-03-07,San Joaquin,077,732212,67706,66252,2853,69105,1139
2021-03-07,San Luis Obispo,079,281455,19950,19614,577,20191,245
2021-03-07,San Mateo,081,765935,39922,39436,415,39851,329
2021-03-07,Santa Barbara,083,443738,32686,32218,1064,33282,425
2021-03-07,Santa Clara,085,1922200,111806,111745,609,112354,1752
2021-03-07,Santa Cruz,087,273765,15567,14715,788,15503,189
2021-03-07,Shasta,089,179085,11050,11083,1275,12358,156
2021-03-07,Sierra,091,2930,51,48,12,60,0
2021-03-07,Siskiyou,093,43540,1536,1435,244,1679,5
2021-03-07,Solano,095,438530,30153,30027,377,30404,169
2021-03-07,Sonoma,097,501317,28447,28533,226,28759,284
2021-03-07,Stanislaus,099,539301,51384,50783,5441,56224,699
2021-03-07,Sutter,101,95872,8916,8900,82,8982,100
2021-03-07,Tehama,103,63373,4648,4614,498,5112,33
2021-03-07,Trinity,105,12862,468,302,80,382,3
2021-03-07,Tulare,107,460477,48679,47569,8273,55842,790
2021-03-07,Tuolumne,109,53932,3869,3922,36,3958,56
2021-03-07,Ventura,111,848112,78713,78487,2813,81300,851
2021-03-07,Yolo,113,214977,13042,12988,227,13215,189
2021-03-07,Yuba,115,75493,5595,5516,89,5605,42
2021-03-06,Alameda,001,1643700,81899,81310,1755,83065,1143
2021-03-06,Alpine,003,1148,82,78,0,78,0
2021-03-06,Amador,005,37829,3497,3487,32,3519,42
2021-03-06,Butte,007,227075,11452,11065,1628,12693,185
2021-03-06,Calaveras,009,45235,1937,1904,11,1915,48
2021-03-06,Colusa,011,21464,1881,1874,272,2146,11
2021-03-06,Contra Costa,013,1133247,64032,63040,1098,64138,719
2021-03-06,Del Norte,015,27424,1051,1000,5,1005,5
2021-03-06,El Dorado,017,186661,9248,9166,615,9781,97
2021-03-06,Fresno,019,978130,97557,96366,7888,104254,1440
2021-03-06,Glenn,021,27897,2280,2241,500,2741,15
2021-03-06,Humboldt,023,135768,3280,3260,22,3282,31
2021-03-06,Imperial,025,180216,27344,27009,2526,29535,658
2021-03-06,Inyo,027,18085,1338,1312,10,1322,35
2021-03-06,Kern,029,883053,94151,92684,9991,102675,1082
2021-03-06,Kings,031,150075,22454,22094,995,23089,224
2021-03-06,Lake,033,64148,3233,3189,6,3195,42
2021-03-06,Lassen,035,31185,5132,5119,100,5219,1
2021-03-06,Los Angeles,037,10098052,1177953,1161745,39236,1200981,21843
2021-03-06,Madera,039,155013,15835,15646,858,16504,211
2021-03-06,Marin,041,260295,13390,13289,171,13460,213
2021-03-06,Mariposa,043,17540,378,376,5,381,5
2021-03-06,Mendocino,045,87422,3678,3579,73,3652,42
2021-03-06,Merced,047,269075,28834,28771,948,29719,399
2021-03-06,Modoc,049,8938,348,338,117,455,3
2021-03-06,Mono,051,14174,1191,1198,16,1214,3
2021-03-06,Monterey,053,433212,42152,41838,1709,43547,327
2021-03-06,Napa,055,140530,9151,9129,34,9163,75
2021-03-06,Nevada,057,99092,4101,4044,164,4208,66
2021-03-06,Orange,059,3164182,248443,246634,10371,257005,4165
2021-03-06,Placer,061,380077,20879,20030,1139,21169,239
2021-03-06,Plumas,063,18699,647,634,10,644,4
2021-03-06,Riverside,065,2383286,286962,280225,13524,293749,3781
2021-03-06,Sacramento,067,1510023,95703,94332,1292,95624,1436
2021-03-06,San Benito,069,59416,5770,5793,92,5885,61
2021-03-06,San Bernardino,071,2135413,287124,282737,8613,291350,3791
2021-03-06,San Diego,073,3302833,266310,262778,13114,275892,3385
2021-03-06,San Francisco,075,870044,34531,34560,1109,35669,435
2021-03-06,San Joaquin,077,732212,67632,66162,2843,69005,1138
2021-03-06,San Luis Obispo,079,281455,19930,19592,575,20167,245
2021-03-06,San Mateo,081,765935,39897,39384,415,39799,329
2021-03-06,Santa Barbara,083,443738,32655,32176,1063,33239,424
2021-03-06,Santa Clara,085,1922200,111711,111570,606,112176,1749
2021-03-06,Santa Cruz,087,273765,15556,14701,788,15489,188
2021-03-06,Shasta,089,179085,11041,11076,1273,12349,158
2021-03-06,Sierra,091,2930,51,48,12,60,0
2021-03-06,Siskiyou,093,43540,1534,1432,244,1676,5
2021-03-06,Solano,095,438530,30124,30000,376,30376,169
2021-03-06,Sonoma,097,501317,28424,28484,224,28708,284
2021-03-06,Stanislaus,099,539301,51314,50691,5435,56126,711
2021-03-06,Sutter,101,95872,8910,8887,82,8969,100
2021-03-06,Tehama,103,63373,4646,4610,495,5105,33
2021-03-06,Trinity,105,12862,468,302,80,382,3
2021-03-06,Tulare,107,460477,48647,47515,8245,55760,789
2021-03-06,Tuolumne,109,53932,3867,3920,36,3956,56
2021-03-06,Ventura,111,848112,78657,78439,2812,81251,848
2021-03-06,Yolo,113,214977,13036,12951,226,13177,189
2021-03-06,Yuba,115,75493,5586,5504,89,5593,42
2021-03-05,Alameda,001,1643700,81812,81215,1754,82969,1141
2021-03-05,Alpine,003,1148,82,78,0,78,0
2021-03-05,Amador,005,37829,3496,3484,32,3516,42
2021-03-05,Butte,007,227075,11441,11050,1627,12677,185
2021-03-05,Calaveras,009,45235,1934,1902,11,1913,48
2021-03-05,Colusa,011,21464,1881,1874,272,2146,11
2021-03-05,Contra Costa,013,1133247,63952,62886,1095,63981,711
2021-03-05,Del Norte,015,27424,1047,995,5,1000,5
2021-03-05,El Dorado,017,186661,9243,9150,614,9764,97
2021-03-05,Fresno,019,978130,97449,96184,7869,104053,1432
2021-03-05,Glenn,021,27897,2277,2241,499,2740,15
2021-03-05,Humboldt,023,135768,3273,3234,22,3256,31
2021-03-05,Imperial,025,180216,27334,26970,2517,29487,651
2021-03-05,Inyo,027,18085,1334,1309,10,1319,35
2021-03-05,Kern,029,883053,94111,92601,9978,102579,1076
2021-03-05,Kings,031,150075,22436,22063,994,23057,224
2021-03-05,Lake,033,64148,3231,3185,6,3191,42
2021-03-05,Lassen,035,31185,5132,5117,98,5215,1
2021-03-05,Los Angeles,037,10098052,1177461,1160688,39207,1199895,21745
2021-03-05,Madera,039,155013,15825,15624,856,16480,211
2021-03-05,Marin,041,260295,13378,13275,170,13445,215
2021-03-05,Mariposa,043,17540,378,375,5,380,4
2021-03-05,Mendocino,045,87422,3675,3577,73,3650,42
2021-03-05,Merced,047,269075,28801,28734,947,29681,399
2021-03-05,Modoc,049,8938,348,337,117,454,3
2021-03-05,Mono,051,14174,1190,1197,16,1213,3
2021-03-05,Monterey,053,433212,42139,41802,1709,43511,325
2021-03-05,Napa,055,140530,9143,9109,34,9143,75
2021-03-05,Nevada,057,99092,4098,4033,164,4197,66
2021-03-05,Orange,059,3164182,248330,246489,10358,256847,4108
2021-03-05,Placer,061,380077,20853,19973,1135,21108,239
2021-03-05,Plumas,063,18699,647,635,10,645,4
2021-03-05,Riverside,065,2383286,286850,280075,13519,293594,3781
2021-03-05,Sacramento,067,1510023,95607,94182,1285,95467,1430
2021-03-05,San Benito,069,59416,5767,5790,92,5882,61
2021-03-05,San Bernardino,071,2135413,287031,282640,8609,291249,3774
2021-03-05,San Diego,073,3302833,266077,262357,13097,275454,3371
2021-03-05,San Francisco,075,870044,34491,34526,1105,35631,430
2021-03-05,San Joaquin,077,732212,67552,66041,2834,68875,1133
2021-03-05,San Luis Obispo,079,281455,19909,19557,573,20130,244
2021-03-05,San Mateo,081,765935,39865,39305,415,39720,326
2021-03-05,Santa Barbara,083,443738,32618,32139,1058,33197,424
2021-03-05,Santa Clara,085,1922200,111616,111384,606,111990,1745
2021-03-05,Santa Cruz,087,273765,15545,14694,788,15482,188
2021-03-05,Shasta,089,179085,11029,11062,1267,12329,148
2021-03-05,Sierra,091,2930,51,48,12,60,0
2021-03-05,Siskiyou,093,43540,1529,1429,243,1672,5
2021-03-05,Solano,095,438530,30107,29951,374,30325,168
2021-03-05,Sonoma,097,501317,28398,28417,224,28641,279
2021-03-05,Stanislaus,099,539301,51263,50606,5425,56031,721
2021-03-05,Sutter,101,95872,8903,8876,82,8958,100
2021-03-05,Tehama,103,63373,4637,4606,495,5101,33
2021-03-05,Trinity,105,12862,468,302,80,382,3
2021-03-05,Tulare,107,460477,48618,47469,8226,55695,789
2021-03-05,Tuolumne,109,53932,3865,3917,36,3953,56
2021-03-05,Ventura,111,848112,78590,78368,2811,81179,839
2021-03-05,Yolo,113,214977,13024,12920,225,13145,188
2021-03-05,Yuba,115,75493,5574,5496,89,5585,42
2021-03-04,Alameda,001,1643700,81703,81115,1754,82869,1136
2021-03-04,Alpine,003,1148,82,78,0,78,0
2021-03-04,Amador,005,37829,3495,3480,32,3512,42
2021-03-04,Butte,007,227075,11434,11033,1626,12659,185
2021-03-04,Calaveras,009,45235,1933,1896,11,1907,48
2021-03-04,Colusa,011,21464,1879,1873,267,2140,11
2021-03-04,Contra Costa,013,1133247,63852,62789,1093,63882,708
2021-03-04,Del Norte,015,27424,1039,989,5,994,5
2021-03-04,El Dorado,017,186661,9228,9133,614,9747,97
2021-03-04,Fresno,019,978130,97285,96023,7849,103872,1422
2021-03-04,Glenn,021,27897,2270,2236,498,2734,15
2021-03-04,Humboldt,023,135768,3259,3212,22,3234,31
2021-03-04,Imperial,025,180216,27321,26946,2514,29460,646
2021-03-04,Inyo,027,18085,1331,1300,10,1310,35
2021-03-04,Kern,029,883053,94022,92525,9959,102484,1070
2021-03-04,Kings,031,150075,22410,22025,991,23016,224
2021-03-04,Lake,033,64148,3223,3181,6,3187,42
2021-03-04,Lassen,035,31185,5132,5116,98,5214,1
2021-03-04,Los Angeles,037,10098052,1176851,1159405,39158,1198563,21610
2021-03-04,Madera,039,155013,15790,15596,853,16449,208
2021-03-04,Marin,041,260295,13362,13240,167,13407,215
2021-03-04,Mariposa,043,17540,378,376,5,381,4
2021-03-04,Mendocino,045,87422,3672,3569,73,3642,42
2021-03-04,Merced,047,269075,28750,28671,945,29616,396
2021-03-04,Modoc,049,8938,347,336,117,453,3
2021-03-04,Mono,051,14174,1190,1197,16,1213,3
2021-03-04,Monterey,053,433212,42119,41771,1707,43478,325
2021-03-04,Napa,055,140530,9135,9094,34,9128,74
2021-03-04,Nevada,057,99092,4088,4020,164,4184,66
2021-03-04,Orange,059,3164182,248173,246354,10341,256695,4096
2021-03-04,Placer,061,380077,20821,19900,1129,21029,239
2021-03-04,Plumas,063,18699,647,634,10,644,4
2021-03-04,Riverside,065,2383286,286720,279871,13506,293377,3766
2021-03-04,Sacramento,067,1510023,95472,93982,1282,95264,1426
2021-03-04,San Benito,069,59416,5767,5781,92,5873,61
2021-03-04,San Bernardino,071,2135413,286901,282407,8605,291012,3757
2021-03-04,San Diego,073,3302833,265816,261858,13053,274911,3359
2021-03-04,San Francisco,075,870044,34456,34480,1102,35582,426
2021-03-04,San Joaquin,077,732212,67458,65931,2824,68755,1129
2021-03-04,San Luis Obispo,079,281455,19872,19520,571,20091,243
2021-03-04,San Mateo,081,765935,39821,39225,414,39639,322
2021-03-04,Santa Barbara,083,443738,32581,32090,1057,33147,423
2021-03-04,Santa Clara,085,1922200,111482,111194,604,111798,1723
2021-03-04,Santa Cruz,087,273765,15526,14669,788,15457,186
2021-03-04,Shasta,089,179085,11026,11050,1258,12308,150
2021-03-04,Sierra,091,2930,51,48,12,60,0
2021-03-04,Siskiyou,093,43540,1522,1427,243,1670,5
2021-03-04,Solano,095,438530,30080,29905,373,30278,168
2021-03-04,Sonoma,097,501317,28343,28379,223,28602,279
2021-03-04,Stanislaus,099,539301,51176,50521,5417,55938,731
2021-03-04,Sutter,101,95872,8891,8849,82,8931,100
2021-03-04,Tehama,103,63373,4629,4604,495,5099,33
2021-03-04,Trinity,105,12862,468,302,80,382,3
2021-03-04,Tulare,107,460477,48573,47398,8201,55599,784
2021-03-04,Tuolumne,109,53932,3859,3916,36,3952,56
2021-03-04,Ventura,111,848112,78500,78184,2808,80992,831
2021-03-04,Yolo,113,214977,13004,12895,225,13120,189
2021-03-04,Yuba,115,75493,5562,5483,89,5572,41
2021-03-03,Alameda,001,1643700,81583,80972,1753,82725,1127
2021-03-03,Alpine,003,1148,82,77,0,77,0
2021-03-03,Amador,005,37829,3493,3478,31,3509,42
2021-03-03,Butte,007,227075,11426,11014,1625,12639,184
2021-03-03,Calaveras,009,45235,1932,1893,11,1904,48
2021-03-03,Colusa,011,21464,1878,1873,267,2140,11
2021-03-03,Contra Costa,013,1133247,63754,62668,1090,63758,708
2021-03-03,Del Norte,015,27424,1036,988,5,993,5
2021-03-03,El Dorado,017,186661,9218,9121,614,9735,97
2021-03-03,Fresno,019,978130,97141,95893,7831,103724,1415
2021-03-03,Glenn,021,27897,2270,2233,498,2731,15
2021-03-03,Humboldt,023,135768,3248,3196,22,3218,30
2021-03-03,Imperial,025,180216,27305,26939,2510,29449,640
2021-03-03,Inyo,027,18085,1323,1294,10,1304,35
2021-03-03,Kern,029,883053,93946,92434,9942,102376,1063
2021-03-03,Kings,031,150075,22394,22009,990,22999,223
2021-03-03,Lake,033,64148,3216,3175,6,3181,40
2021-03-03,Lassen,035,31185,5132,5115,98,5213,1
2021-03-03,Los Angeles,037,10098052,1176209,1157911,39119,1197030,21500
2021-03-03,Madera,039,155013,15771,15553,847,16400,203
2021-03-03,Marin,041,260295,13348,13216,167,13383,214
2021-03-03,Mariposa,043,17540,377,376,5,381,4
2021-03-03,Mendocino,045,87422,3664,3564,73,3637,42
2021-03-03,Merced,047,269075,28698,28625,945,29570,393
2021-03-03,Modoc,049,8938,347,333,116,449,3
2021-03-03,Mono,051,14174,1190,1191,16,1207,3
2021-03-03,Monterey,053,433212,42087,41731,1704,43435,325
2021-03-03,Napa,055,140530,9127,9090,34,9124,72
2021-03-03,Nevada,057,99092,4078,4009,164,4173,66
2021-03-03,Orange,059,3164182,248028,246120,10325,256445,4072
2021-03-03,Placer,061,380077,20795,19851,1126,20977,239
2021-03-03,Plumas,063,18699,646,631,10,641,4
2021-03-03,Riverside,065,2383286,286587,279626,13500,293126,3735
2021-03-03,Sacramento,067,1510023,95311,93819,1274,95093,1419
2021-03-03,San Benito,069,59416,5766,5774,92,5866,61
2021-03-03,San Bernardino,071,2135413,286760,282138,8599,290737,3664
2021-03-03,San Diego,073,3302833,265552,261350,13022,274372,3342
2021-03-03,San Francisco,075,870044,34424,34443,1099,35542,426
2021-03-03,San Joaquin,077,732212,67345,65855,2817,68672,1115
2021-03-03,San Luis Obispo,079,281455,19846,19479,568,20047,241
2021-03-03,San Mateo,081,765935,39775,39189,413,39602,319
2021-03-03,Santa Barbara,083,443738,32543,32027,1057,33084,421
2021-03-03,Santa Clara,085,1922200,111328,110991,602,111593,1720
2021-03-03,Santa Cruz,087,273765,15515,14645,788,15433,185
2021-03-03,Shasta,089,179085,11016,11023,1251,12274,150
2021-03-03,Sierra,091,2930,51,48,12,60,0
2021-03-03,Siskiyou,093,43540,1520,1424,243,1667,5
2021-03-03,Solano,095,438530,30044,29866,372,30238,167
2021-03-03,Sonoma,097,501317,28304,28307,222,28529,279
2021-03-03,Stanislaus,099,539301,51098,50438,5410,55848,730
2021-03-03,Sutter,101,95872,8883,8840,82,8922,99
2021-03-03,Tehama,103,63373,4627,4601,495,5096,32
2021-03-03,Trinity,105,12862,468,302,80,382,3
2021-03-03,Tulare,107,460477,48522,47348,8170,55518,778
2021-03-03,Tuolumne,109,53932,3857,3914,35,3949,56
2021-03-03,Ventura,111,848112,78416,78057,2803,80860,822
2021-03-03,Yolo,113,214977,12991,12890,225,13115,189
2021-03-03,Yuba,115,75493,5549,5479,89,5568,41
2021-03-02,Alameda,001,1643700,81462,80904,1751,82655,1116
2021-03-02,Alpine,003,1148,82,77,0,77,0
2021-03-02,Amador,005,37829,3491,3474,31,3505,42
2021-03-02,Butte,007,227075,11416,11007,1622,12629,182
2021-03-02,Calaveras,009,45235,1924,1890,11,1901,48
2021-03-02,Colusa,011,21464,1878,1872,266,2138,11
2021-03-02,Contra Costa,013,1133247,63643,62557,1086,63643,694
2021-03-02,Del Norte,015,27424,1029,983,5,988,5
2021-03-02,El Dorado,017,186661,9210,9116,614,9730,98
2021-03-02,Fresno,019,978130,96995,95785,7805,103590,1410
2021-03-02,Glenn,021,27897,2264,2232,497,2729,15
2021-03-02,Humboldt,023,135768,3229,3184,22,3206,30
2021-03-02,Imperial,025,180216,27295,26926,2508,29434,637
2021-03-02,Inyo,027,18085,1319,1292,10,1302,35
2021-03-02,Kern,029,883053,93840,92313,9915,102228,1046
2021-03-02,Kings,031,150075,22342,21999,987,22986,217
2021-03-02,Lake,033,64148,3210,3169,6,3175,40
2021-03-02,Lassen,035,31185,5127,5115,97,5212,1
2021-03-02,Los Angeles,037,10098052,1175574,1156826,39073,1195899,21395
2021-03-02,Madera,039,155013,15751,15523,844,16367,194
2021-03-02,Marin,041,260295,13325,13186,166,13352,214
2021-03-02,Mariposa,043,17540,377,376,5,381,4
2021-03-02,Mendocino,045,87422,3661,3562,72,3634,41
2021-03-02,Merced,047,269075,28641,28598,945,29543,389
2021-03-02,Modoc,049,8938,347,332,116,448,3
2021-03-02,Mono,051,14174,1189,1191,16,1207,3
2021-03-02,Monterey,053,433212,42060,41716,1704,43420,325
2021-03-02,Napa,055,140530,9116,9080,34,9114,71
2021-03-02,Nevada,057,99092,4069,3983,163,4146,66
2021-03-02,Orange,059,3164182,247883,246004,10307,256311,4037
2021-03-02,Placer,061,380077,20742,19828,1123,20951,239
2021-03-02,Plumas,063,18699,643,628,10,638,4
2021-03-02,Riverside,065,2383286,286414,279486,13492,292978,3721
2021-03-02,Sacramento,067,1510023,95144,93690,1273,94963,1411
2021-03-02,San Benito,069,59416,5759,5770,92,5862,60
2021-03-02,San Bernardino,071,2135413,286626,281919,8593,290512,3604
2021-03-02,San Diego,073,3302833,265308,260998,13000,273998,3317
2021-03-02,San Francisco,075,870044,34384,34387,1095,35482,424
2021-03-02,San Joaquin,077,732212,67237,65769,2799,68568,1111
2021-03-02,San Luis Obispo,079,281455,19814,19452,568,20020,241
2021-03-02,San Mateo,081,765935,39723,39148,412,39560,317
2021-03-02,Santa Barbara,083,443738,32494,31964,1053,33017,416
2021-03-02,Santa Clara,085,1922200,111149,110832,601,111433,1706
2021-03-02,Santa Cruz,087,273765,15501,14611,786,15397,185
2021-03-02,Shasta,089,179085,11002,11012,1240,12252,149
2021-03-02,Sierra,091,2930,51,48,12,60,0
2021-03-02,Siskiyou,093,43540,1516,1412,241,1653,5
2021-03-02,Solano,095,438530,30011,29827,370,30197,167
2021-03-02,Sonoma,097,501317,28249,28261,222,28483,279
2021-03-02,Stanislaus,099,539301,51011,50359,5398,55757,724
2021-03-02,Sutter,101,95872,8874,8832,82,8914,99
2021-03-02,Tehama,103,63373,4623,4597,494,5091,32
2021-03-02,Trinity,105,12862,468,301,80,381,3
2021-03-02,Tulare,107,460477,48459,47326,8150,55476,783
2021-03-02,Tuolumne,109,53932,3853,3908,35,3943,53
2021-03-02,Ventura,111,848112,78323,77952,2799,80751,780
2021-03-02,Yolo,113,214977,12975,12867,225,13092,189
2021-03-02,Yuba,115,75493,5541,5475,89,5564,41
2021-03-01,Alameda,001,1643700,81335,80805,1749,82554,1105
2021-03-01,Alpine,003,1148,80,77,0,77,0
2021-03-01,Amador,005,37829,3488,3469,31,3500,42
2021-03-01,Butte,007,227075,11401,10981,1617,12598,180
2021-03-01,Calaveras,009,45235,1919,1885,11,1896,46
2021-03-01,Colusa,011,21464,1877,1871,266,2137,11
2021-03-01,Contra Costa,013,1133247,63535,62458,1085,63543,694
2021-03-01,Del Norte,015,27424,1024,982,5,987,5
2021-03-01,El Dorado,017,186661,9186,9085,614,9699,98
2021-03-01,Fresno,019,978130,96857,95677,7782,103459,1405
2021-03-01,Glenn,021,27897,2259,2232,496,2728,15
2021-03-01,Humboldt,023,135768,3210,3179,22,3201,30
2021-03-01,Imperial,025,180216,27285,26913,2500,29413,636
2021-03-01,Inyo,027,18085,1316,1285,10,1295,35
2021-03-01,Kern,029,883053,93751,92219,9889,102108,1041
2021-03-01,Kings,031,150075,22325,21988,981,22969,217
2021-03-01,Lake,033,64148,3205,3164,6,3170,40
2021-03-01,Lassen,035,31185,5125,5111,97,5208,1
2021-03-01,Los Angeles,037,10098052,1174915,1155984,39031,1195015,21293
2021-03-01,Madera,039,155013,15722,15505,833,16338,194
2021-03-01,Marin,041,260295,13297,13161,165,13326,214
2021-03-01,Mariposa,043,17540,377,375,5,380,4
2021-03-01,Mendocino,045,87422,3654,3561,72,3633,41
2021-03-01,Merced,047,269075,28596,28575,941,29516,385
2021-03-01,Modoc,049,8938,344,331,115,446,3
2021-03-01,Mono,051,14174,1188,1192,16,1208,3
2021-03-01,Monterey,053,433212,42035,41697,1702,43399,324
2021-03-01,Napa,055,140530,9107,9056,34,9090,70
2021-03-01,Nevada,057,99092,4050,3979,163,4142,66
2021-03-01,Orange,059,3164182,247688,245852,10292,256144,3976
2021-03-01,Placer,061,380077,20703,19803,1120,20923,239
2021-03-01,Plumas,063,18699,643,628,10,638,4
2021-03-01,Riverside,065,2383286,286197,279323,13485,292808,3680
2021-03-01,Sacramento,067,1510023,94999,93546,1271,94817,1401
2021-03-01,San Benito,069,59416,5754,5772,92,5864,57
2021-03-01,San Bernardino,071,2135413,286482,281685,8589,290274,3603
2021-03-01,San Diego,073,3302833,264991,260622,12967,273589,3303
2021-03-01,San Francisco,075,870044,34340,34318,1087,35405,424
2021-03-01,San Joaquin,077,732212,67128,65699,2788,68487,1097
2021-03-01,San Luis Obispo,079,281455,19792,19429,566,19995,239
2021-03-01,San Mateo,081,765935,39671,39096,411,39507,314
2021-03-01,Santa Barbara,083,443738,32451,31909,1052,32961,413
2021-03-01,Santa Clara,085,1922200,110990,110684,598,111282,1704
2021-03-01,Santa Cruz,087,273765,15482,14575,785,15360,185
2021-03-01,Shasta,089,179085,10990,10990,1237,12227,149
2021-03-01,Sierra,091,2930,51,48,12,60,0
2021-03-01,Siskiyou,093,43540,1512,1408,239,1647,5
2021-03-01,Solano,095,438530,29968,29779,369,30148,166
2021-03-01,Sonoma,097,501317,28201,28222,220,28442,278
2021-03-01,Stanislaus,099,539301,50935,50293,5392,55685,722
2021-03-01,Sutter,101,95872,8863,8825,82,8907,99
2021-03-01,Tehama,103,63373,4617,4595,494,5089,32
2021-03-01,Trinity,105,12862,468,298,79,377,3
2021-03-01,Tulare,107,460477,48421,47275,8117,55392,781
2021-03-01,Tuolumne,109,53932,3850,3907,35,3942,53
2021-03-01,Ventura,111,848112,78242,77849,2797,80646,775
2021-03-01,Yolo,113,214977,12958,12854,223,13077,188
2021-03-01,Yuba,115,75493,5529,5466,89,5555,41
2021-02-28,Alameda,001,1643700,81214,80727,1747,82474,1105
2021-02-28,Alpine,003,1148,80,77,0,77,0
2021-02-28,Amador,005,37829,3483,3466,30,3496,42
2021-02-28,Butte,007,227075,11386,10970,1617,12587,180
2021-02-28,Calaveras,009,45235,1915,1881,11,1892,46
2021-02-28,Colusa,011,21464,1877,1871,265,2136,11
2021-02-28,Contra Costa,013,1133247,63408,62386,1080,63466,694
2021-02-28,Del Norte,015,27424,1022,981,5,986,5
2021-02-28,El Dorado,017,186661,9175,9082,614,9696,98
2021-02-28,Fresno,019,978130,96675,95548,7748,103296,1405
2021-02-28,Glenn,021,27897,2257,2230,494,2724,15
2021-02-28,Humboldt,023,135768,3187,3179,22,3201,30
2021-02-28,Imperial,025,180216,27259,26909,2496,29405,636
2021-02-28,Inyo,027,18085,1311,1282,10,1292,35
2021-02-28,Kern,029,883053,93636,92169,9868,102037,1012
2021-02-28,Kings,031,150075,22304,21967,980,22947,217
2021-02-28,Lake,033,64148,3200,3164,6,3170,40
2021-02-28,Lassen,035,31185,5124,5106,97,5203,1
2021-02-28,Los Angeles,037,10098052,1174128,1155141,38969,1194110,21261
2021-02-28,Madera,039,155013,15680,15496,830,16326,199
2021-02-28,Marin,041,260295,13274,13152,163,13315,214
2021-02-28,Mariposa,043,17540,377,374,5,379,4
2021-02-28,Mendocino,045,87422,3648,3558,72,3630,41
2021-02-28,Merced,047,269075,28533,28546,940,29486,384
2021-02-28,Modoc,049,8938,344,331,115,446,3
2021-02-28,Mono,051,14174,1185,1192,16,1208,3
2021-02-28,Monterey,053,433212,42003,41683,1700,43383,323
2021-02-28,Napa,055,140530,9088,9053,34,9087,70
2021-02-28,Nevada,057,99092,4037,3972,163,4135,66
2021-02-28,Orange,059,3164182,247490,245706,10285,255991,3970
2021-02-28,Placer,061,380077,20657,19775,1118,20893,239
2021-02-28,Plumas,063,18699,643,628,10,638,4
2021-02-28,Riverside,065,2383286,285964,279214,13474,292688,3661
2021-02-28,Sacramento,067,1510023,94815,93463,1266,94729,1398
2021-02-28,San Benito,069,59416,5743,5772,92,5864,57
2021-02-28,San Bernardino,071,2135413,286341,281620,8577,290197,3595
2021-02-28,San Diego,073,3302833,264694,260353,12933,273286,3303
2021-02-28,San Francisco,075,870044,34298,34291,1081,35372,417
2021-02-28,San Joaquin,077,732212,67020,65662,2779,68441,1097
2021-02-28,San Luis Obispo,079,281455,19756,19422,564,19986,237
2021-02-28,San Mateo,081,765935,39618,39059,410,39469,314
2021-02-28,Santa Barbara,083,443738,32399,31877,1052,32929,413
2021-02-28,Santa Clara,085,1922200,110791,110556,595,111151,1704
2021-02-28,Santa Cruz,087,273765,15453,14571,782,15353,185
2021-02-28,Shasta,089,179085,10969,10990,1233,12223,149
2021-02-28,Sierra,091,2930,51,48,12,60,0
2021-02-28,Siskiyou,093,43540,1504,1408,239,1647,5
2021-02-28,Solano,095,438530,29913,29758,363,30121,166
2021-02-28,Sonoma,097,501317,28138,28193,219,28412,279
2021-02-28,Stanislaus,099,539301,50845,50228,5379,55607,728
2021-02-28,Sutter,101,95872,8848,8825,82,8907,99
2021-02-28,Tehama,103,63373,4612,4590,494,5084,32
2021-02-28,Trinity,105,12862,468,298,79,377,3
2021-02-28,Tulare,107,460477,48359,47258,8086,55344,780
2021-02-28,Tuolumne,109,53932,3845,3905,35,3940,53
2021-02-28,Ventura,111,848112,78130,77749,2794,80543,775
2021-02-28,Yolo,113,214977,12935,12851,223,13074,188
2021-02-28,Yuba,115,75493,5519,5461,89,5550,41
2021-02-27,Alameda,001,1643700,81141,80565,1745,82310,1108
2021-02-27,Alpine,003,1148,80,77,0,77,0
2021-02-27,Amador,005,37829,3481,3463,30,3493,42
2021-02-27,Butte,007,227075,11374,10962,1617,12579,180
2021-02-27,Calaveras,009,45235,1910,1875,11,1886,46
2021-02-27,Colusa,011,21464,1876,1869,265,2134,11
2021-02-27,Contra Costa,013,1133247,63338,62248,1077,63325,693
2021-02-27,Del Norte,015,27424,1020,978,5,983,5
2021-02-27,El Dorado,017,186661,9171,9072,614,9686,98
2021-02-27,Fresno,019,978130,96598,95393,7737,103130,1400
2021-02-27,Glenn,021,27897,2256,2225,493,2718,15
2021-02-27,Humboldt,023,135768,3181,3167,22,3189,30
2021-02-27,Imperial,025,180216,27251,26903,2494,29397,633
2021-02-27,Inyo,027,18085,1308,1275,10,1285,35
2021-02-27,Kern,029,883053,93575,92053,9853,101906,996
2021-02-27,Kings,031,150075,22294,21955,977,22932,216
2021-02-27,Lake,033,64148,3197,3156,6,3162,40
2021-02-27,Lassen,035,31185,5124,5106,97,5203,1
2021-02-27,Los Angeles,037,10098052,1173630,1154275,38942,1193217,21158
2021-02-27,Madera,039,155013,15663,15467,829,16296,199
2021-02-27,Marin,041,260295,13250,13134,163,13297,214
2021-02-27,Mariposa,043,17540,377,374,5,379,4
2021-02-27,Mendocino,045,87422,3645,3555,72,3627,41
2021-02-27,Merced,047,269075,28491,28501,932,29433,384
2021-02-27,Modoc,049,8938,344,331,114,445,3
2021-02-27,Mono,051,14174,1183,1191,16,1207,3
2021-02-27,Monterey,053,433212,41994,41665,1699,43364,322
2021-02-27,Napa,055,140530,9077,9038,34,9072,71
2021-02-27,Nevada,057,99092,4031,3960,163,4123,66
2021-02-27,Orange,059,3164182,247363,245542,10274,255816,3960
2021-02-27,Placer,061,380077,20621,19726,1115,20841,239
2021-02-27,Plumas,063,18699,643,628,10,638,4
2021-02-27,Riverside,065,2383286,285854,279048,13464,292512,3663
2021-02-27,Sacramento,067,1510023,94732,93281,1256,94537,1396
2021-02-27,San Benito,069,59416,5742,5767,91,5858,57
2021-02-27,San Bernardino,071,2135413,286262,281471,8570,290041,3527
2021-02-27,San Diego,073,3302833,264504,260091,12895,272986,3284
2021-02-27,San Francisco,075,870044,34264,34260,1078,35338,413
2021-02-27,San Joaquin,077,732212,66974,65578,2777,68355,1100
2021-02-27,San Luis Obispo,079,281455,19735,19411,563,19974,237
2021-02-27,San Mateo,081,765935,39577,38998,409,39407,313
2021-02-27,Santa Barbara,083,443738,32365,31805,1051,32856,411
2021-02-27,Santa Clara,085,1922200,110643,110361,593,110954,1703
2021-02-27,Santa Cruz,087,273765,15444,14552,781,15333,185
2021-02-27,Shasta,089,179085,10963,10985,1229,12214,149
2021-02-27,Sierra,091,2930,51,48,12,60,0
2021-02-27,Siskiyou,093,43540,1502,1407,238,1645,5
2021-02-27,Solano,095,438530,29885,29718,362,30080,165
2021-02-27,Sonoma,097,501317,28094,28141,213,28354,281
2021-02-27,Stanislaus,099,539301,50790,50147,5369,55516,733
2021-02-27,Sutter,101,95872,8843,8820,82,8902,99
2021-02-27,Tehama,103,63373,4607,4584,493,5077,32
2021-02-27,Trinity,105,12862,468,298,79,377,3
2021-02-27,Tulare,107,460477,48322,47209,8060,55269,770
2021-02-27,Tuolumne,109,53932,3842,3899,35,3934,53
2021-02-27,Ventura,111,848112,78057,77623,2791,80414,771
2021-02-27,Yolo,113,214977,12923,12834,223,13057,188
2021-02-27,Yuba,115,75493,5516,5450,89,5539,39
2021-02-26,Alameda,001,1643700,81046,80387,1740,82127,1106
2021-02-26,Alpine,003,1148,80,77,0,77,0
2021-02-26,Amador,005,37829,3475,3457,30,3487,42
2021-02-26,Butte,007,227075,11364,10941,1617,12558,180
2021-02-26,Calaveras,009,45235,1908,1873,11,1884,46
2021-02-26,Colusa,011,21464,1876,1865,265,2130,11
2021-02-26,Contra Costa,013,1133247,63255,62114,1077,63191,685
2021-02-26,Del Norte,015,27424,1016,968,5,973,5
2021-02-26,El Dorado,017,186661,9166,9038,612,9650,98
2021-02-26,Fresno,019,978130,96496,95202,7729,102931,1391
2021-02-26,Glenn,021,27897,2253,2220,493,2713,15
2021-02-26,Humboldt,023,135768,3175,3152,22,3174,30
2021-02-26,Imperial,025,180216,27244,26888,2492,29380,631
2021-02-26,Inyo,027,18085,1306,1271,10,1281,34
2021-02-26,Kern,029,883053,93496,91884,9837,101721,997
2021-02-26,Kings,031,150075,22278,21917,974,22891,216
2021-02-26,Lake,033,64148,3192,3153,6,3159,40
2021-02-26,Lassen,035,31185,5124,5102,97,5199,1
2021-02-26,Los Angeles,037,10098052,1173051,1153131,38881,1192012,21070
2021-02-26,Madera,039,155013,15647,15436,827,16263,199
2021-02-26,Marin,041,260295,13237,13091,163,13254,214
2021-02-26,Mariposa,043,17540,377,375,5,380,4
2021-02-26,Mendocino,045,87422,3640,3549,72,3621,41
2021-02-26,Merced,047,269075,28457,28455,931,29386,382
2021-02-26,Modoc,049,8938,343,330,114,444,3
2021-02-26,Mono,051,14174,1181,1191,16,1207,3
2021-02-26,Monterey,053,433212,41968,41607,1698,43305,322
2021-02-26,Napa,055,140530,9071,9014,34,9048,70
2021-02-26,Nevada,057,99092,4020,3952,163,4115,66
2021-02-26,Orange,059,3164182,247224,245278,10264,255542,3918
2021-02-26,Placer,061,380077,20595,19712,1109,20821,239
2021-02-26,Plumas,063,18699,643,628,10,638,4
2021-02-26,Riverside,065,2383286,285710,278772,13458,292230,3653
2021-02-26,Sacramento,067,1510023,94609,93180,1253,94433,1390
2021-02-26,San Benito,069,59416,5741,5759,91,5850,57
2021-02-26,San Bernardino,071,2135413,286162,281132,8568,289700,3461
2021-02-26,San Diego,073,3302833,264276,259641,12874,272515,3271
2021-02-26,San Francisco,075,870044,34234,34213,1075,35288,413
2021-02-26,San Joaquin,077,732212,66893,65492,2771,68263,1070
2021-02-26,San Luis Obispo,079,281455,19719,19359,561,19920,234
2021-02-26,San Mateo,081,765935,39532,38922,409,39331,313
2021-02-26,Santa Barbara,083,443738,32321,31724,1050,32774,410
2021-02-26,Santa Clara,085,1922200,110511,110168,591,110759,1700
2021-02-26,Santa Cruz,087,273765,15432,14528,780,15308,185
2021-02-26,Shasta,089,179085,10956,10972,1220,12192,149
2021-02-26,Sierra,091,2930,51,47,12,59,0
2021-02-26,Siskiyou,093,43540,1502,1401,237,1638,5
2021-02-26,Solano,095,438530,29851,29651,361,30012,165
2021-02-26,Sonoma,097,501317,28065,28063,212,28275,280
2021-02-26,Stanislaus,099,539301,50734,50054,5361,55415,737
2021-02-26,Sutter,101,95872,8834,8806,82,8888,99
2021-02-26,Tehama,103,63373,4605,4581,493,5074,32
2021-02-26,Trinity,105,12862,467,298,79,377,3
2021-02-26,Tulare,107,460477,48287,47135,8029,55164,770
2021-02-26,Tuolumne,109,53932,3841,3896,35,3931,53
2021-02-26,Ventura,111,848112,77957,77534,2787,80321,765
2021-02-26,Yolo,113,214977,12916,12816,223,13039,188
2021-02-26,Yuba,115,75493,5511,5438,89,5527,39
2021-02-25,Alameda,001,1643700,80925,80181,1739,81920,1093
2021-02-25,Alpine,003,1148,80,77,0,77,0
2021-02-25,Amador,005,37829,3472,3448,30,3478,41
2021-02-25,Butte,007,227075,11343,10922,1612,12534,178
2021-02-25,Calaveras,009,45235,1900,1868,11,1879,46
2021-02-25,Colusa,011,21464,1873,1863,264,2127,11
2021-02-25,Contra Costa,013,1133247,63153,61910,1077,62987,686
2021-02-25,Del Norte,015,27424,1006,966,5,971,5
2021-02-25,El Dorado,017,186661,9150,9012,612,9624,98
2021-02-25,Fresno,019,978130,96352,95015,7707,102722,1377
2021-02-25,Glenn,021,27897,2250,2219,492,2711,15
2021-02-25,Humboldt,023,135768,3168,3129,22,3151,30
2021-02-25,Imperial,025,180216,27237,26855,2488,29343,628
2021-02-25,Inyo,027,18085,1300,1264,10,1274,33
2021-02-25,Kern,029,883053,93380,91735,9812,101547,992
2021-02-25,Kings,031,150075,22269,21900,971,22871,216
2021-02-25,Lake,033,64148,3183,3141,6,3147,40
2021-02-25,Lassen,035,31185,5123,5097,96,5193,1
2021-02-25,Los Angeles,037,10098052,1172305,1151846,38823,1190669,20931
2021-02-25,Madera,039,155013,15612,15414,823,16237,194
2021-02-25,Marin,041,260295,13214,13067,163,13230,214
2021-02-25,Mariposa,043,17540,377,375,5,380,4
2021-02-25,Mendocino,045,87422,3635,3542,72,3614,41
2021-02-25,Merced,047,269075,28408,28383,929,29312,382
2021-02-25,Modoc,049,8938,343,329,114,443,3
2021-02-25,Mono,051,14174,1180,1190,16,1206,3
2021-02-25,Monterey,053,433212,41943,41564,1693,43257,321
2021-02-25,Napa,055,140530,9045,8998,34,9032,70
2021-02-25,Nevada,057,99092,4003,3940,162,4102,66
2021-02-25,Orange,059,3164182,247051,245000,10254,255254,3882
2021-02-25,Placer,061,380077,20556,19661,1107,20768,239
2021-02-25,Plumas,063,18699,643,626,10,636,4
2021-02-25,Riverside,065,2383286,285522,278544,13437,291981,3646
2021-02-25,Sacramento,067,1510023,94451,92961,1241,94202,1386
2021-02-25,San Benito,069,59416,5736,5752,91,5843,58
2021-02-25,San Bernardino,071,2135413,286026,280946,8560,289506,3409
2021-02-25,San Diego,073,3302833,263982,258979,12844,271823,3260
2021-02-25,San Francisco,075,870044,34191,34138,1072,35210,408
2021-02-25,San Joaquin,077,732212,66809,65389,2759,68148,1047
2021-02-25,San Luis Obispo,079,281455,19698,19335,559,19894,234
2021-02-25,San Mateo,081,765935,39485,38872,409,39281,300
2021-02-25,Santa Barbara,083,443738,32244,31631,1049,32680,408
2021-02-25,Santa Clara,085,1922200,110346,109923,590,110513,1677
2021-02-25,Santa Cruz,087,273765,15413,14492,779,15271,185
2021-02-25,Shasta,089,179085,10944,10947,1215,12162,148
2021-02-25,Sierra,091,2930,51,47,12,59,0
2021-02-25,Siskiyou,093,43540,1497,1390,234,1624,4
2021-02-25,Solano,095,438530,29819,29616,361,29977,161
2021-02-25,Sonoma,097,501317,28011,28004,209,28213,278
2021-02-25,Stanislaus,099,539301,50643,49964,5351,55315,738
2021-02-25,Sutter,101,95872,8820,8789,81,8870,99
2021-02-25,Tehama,103,63373,4602,4578,491,5069,32
2021-02-25,Trinity,105,12862,467,297,79,376,3
2021-02-25,Tulare,107,460477,48237,47052,8003,55055,765
2021-02-25,Tuolumne,109,53932,3838,3894,35,3929,53
2021-02-25,Ventura,111,848112,77849,77395,2781,80176,751
2021-02-25,Yolo,113,214977,12899,12787,223,13010,188
2021-02-25,Yuba,115,75493,5504,5429,89,5518,39
2021-02-24,Alameda,001,1643700,80805,80070,1735,81805,1082
2021-02-24,Alpine,003,1148,79,77,0,77,0
2021-02-24,Amador,005,37829,3467,3444,30,3474,41
2021-02-24,Butte,007,227075,11330,10915,1608,12523,178
2021-02-24,Calaveras,009,45235,1896,1864,11,1875,31
2021-02-24,Colusa,011,21464,1871,1863,264,2127,11
2021-02-24,Contra Costa,013,1133247,63045,61776,1077,62853,663
2021-02-24,Del Norte,015,27424,1005,960,4,964,5
2021-02-24,El Dorado,017,186661,9137,8993,612,9605,98
2021-02-24,Fresno,019,978130,96204,94794,7691,102485,1369
2021-02-24,Glenn,021,27897,2249,2210,492,2702,14
2021-02-24,Humboldt,023,135768,3156,3123,22,3145,29
2021-02-24,Imperial,025,180216,27224,26843,2483,29326,596
2021-02-24,Inyo,027,18085,1295,1253,10,1263,32
2021-02-24,Kern,029,883053,93247,91525,9796,101321,992
2021-02-24,Kings,031,150075,22244,21871,969,22840,216
2021-02-24,Lake,033,64148,3176,3134,6,3140,40
2021-02-24,Lassen,035,31185,5119,5095,95,5190,1
2021-02-24,Los Angeles,037,10098052,1171540,1150322,38782,1189104,20817
2021-02-24,Madera,039,155013,15585,15390,823,16213,194
2021-02-24,Marin,041,260295,13191,13044,162,13206,214
2021-02-24,Mariposa,043,17540,377,374,5,379,4
2021-02-24,Mendocino,045,87422,3628,3540,72,3612,41
2021-02-24,Merced,047,269075,28370,28295,924,29219,383
2021-02-24,Modoc,049,8938,342,329,114,443,3
2021-02-24,Mono,051,14174,1178,1189,16,1205,3
2021-02-24,Monterey,053,433212,41918,41495,1691,43186,320
2021-02-24,Napa,055,140530,9028,8976,33,9009,70
2021-02-24,Nevada,057,99092,3993,3927,162,4089,66
2021-02-24,Orange,059,3164182,246833,244743,10241,254984,3835
2021-02-24,Placer,061,380077,20517,19648,1101,20749,239
2021-02-24,Plumas,063,18699,641,626,10,636,4
2021-02-24,Riverside,065,2383286,285294,278293,13428,291721,3603
2021-02-24,Sacramento,067,1510023,94297,92742,1236,93978,1375
2021-02-24,San Benito,069,59416,5735,5743,91,5834,57
2021-02-24,San Bernardino,071,2135413,285874,280583,8556,289139,3360
2021-02-24,San Diego,073,3302833,263686,258460,12828,271288,3230
2021-02-24,San Francisco,075,870044,34145,34061,1069,35130,406
2021-02-24,San Joaquin,077,732212,66699,65274,2757,68031,1019
2021-02-24,San Luis Obispo,079,281455,19675,19309,557,19866,233
2021-02-24,San Mateo,081,765935,39448,38763,409,39172,300
2021-02-24,Santa Barbara,083,443738,32192,31563,1046,32609,405
2021-02-24,Santa Clara,085,1922200,110198,109671,589,110260,1674
2021-02-24,Santa Cruz,087,273765,15392,14458,779,15237,185
2021-02-24,Shasta,089,179085,10931,10922,1212,12134,148
2021-02-24,Sierra,091,2930,51,47,12,59,0
2021-02-24,Siskiyou,093,43540,1490,1385,230,1615,4
2021-02-24,Solano,095,438530,29779,29577,359,29936,158
2021-02-24,Sonoma,097,501317,27947,27954,205,28159,278
2021-02-24,Stanislaus,099,539301,50572,49851,5343,55194,732
2021-02-24,Sutter,101,95872,8810,8778,81,8859,99
2021-02-24,Tehama,103,63373,4599,4566,491,5057,31
2021-02-24,Trinity,105,12862,467,294,78,372,3
2021-02-24,Tulare,107,460477,48181,46976,7975,54951,759
2021-02-24,Tuolumne,109,53932,3835,3887,35,3922,53
2021-02-24,Ventura,111,848112,77741,77238,2780,80018,718
2021-02-24,Yolo,113,214977,12886,12760,219,12979,188
2021-02-24,Yuba,115,75493,5493,5425,87,5512,39
2021-02-23,Alameda,001,1643700,80667,79948,1733,81681,1070
2021-02-23,Alpine,003,1148,78,77,0,77,0
2021-02-23,Amador,005,37829,3465,3440,30,3470,41
2021-02-23,Butte,007,227075,11314,10887,1605,12492,176
2021-02-23,Calaveras,009,45235,1895,1863,11,1874,21
2021-02-23,Colusa,011,21464,1868,1862,264,2126,11
2021-02-23,Contra Costa,013,1133247,62911,61613,1074,62687,661
2021-02-23,Del Norte,015,27424,1003,953,4,957,3
2021-02-23,El Dorado,017,186661,9124,8969,612,9581,96
2021-02-23,Fresno,019,978130,96043,94741,7677,102418,1356
2021-02-23,Glenn,021,27897,2247,2209,492,2701,14
2021-02-23,Humboldt,023,135768,3139,3108,22,3130,29
2021-02-23,Imperial,025,180216,27204,26816,2478,29294,591
2021-02-23,Inyo,027,18085,1291,1250,10,1260,32
2021-02-23,Kern,029,883053,93108,91390,9767,101157,982
2021-02-23,Kings,031,150075,22229,21839,965,22804,216
2021-02-23,Lake,033,64148,3168,3121,6,3127,40
2021-02-23,Lassen,035,31185,5116,5092,95,5187,1
2021-02-23,Los Angeles,037,10098052,1170666,1148965,38730,1187695,19887
2021-02-23,Madera,039,155013,15571,15352,817,16169,193
2021-02-23,Marin,041,260295,13171,13015,161,13176,214
2021-02-23,Mariposa,043,17540,377,374,5,379,4
2021-02-23,Mendocino,045,87422,3626,3540,71,3611,41
2021-02-23,Merced,047,269075,28290,28209,917,29126,381
2021-02-23,Modoc,049,8938,341,328,113,441,3
2021-02-23,Mono,051,14174,1178,1189,16,1205,3
2021-02-23,Monterey,053,433212,41879,41439,1686,43125,317
2021-02-23,Napa,055,140530,9016,8967,33,9000,70
2021-02-23,Nevada,057,99092,3985,3912,162,4074,66
2021-02-23,Orange,059,3164182,246635,244566,10222,254788,3843
2021-02-23,Placer,061,380077,20492,19608,1097,20705,238
2021-02-23,Plumas,063,18699,640,626,10,636,4
2021-02-23,Riverside,065,2383286,285057,278075,13413,291488,3599
2021-02-23,Sacramento,067,1510023,94140,92632,1230,93862,1370
2021-02-23,San Benito,069,59416,5729,5731,90,5821,57
2021-02-23,San Bernardino,071,2135413,285686,280279,8551,288830,3283
2021-02-23,San Diego,073,3302833,263309,257802,12798,270600,3218
2021-02-23,San Francisco,075,870044,34097,33994,1068,35062,405
2021-02-23,San Joaquin,077,732212,66599,65141,2750,67891,1004
2021-02-23,San Luis Obispo,079,281455,19646,19233,556,19789,230
2021-02-23,San Mateo,081,765935,39387,38662,409,39071,299
2021-02-23,Santa Barbara,083,443738,32137,31483,1044,32527,402
2021-02-23,Santa Clara,085,1922200,110001,109449,586,110035,1661
2021-02-23,Santa Cruz,087,273765,15363,14435,777,15212,178
2021-02-23,Shasta,089,179085,10919,10903,1208,12111,146
2021-02-23,Sierra,091,2930,51,47,12,59,0
2021-02-23,Siskiyou,093,43540,1485,1380,228,1608,4
2021-02-23,Solano,095,438530,29739,29545,356,29901,154
2021-02-23,Sonoma,097,501317,27904,27882,202,28084,278
2021-02-23,Stanislaus,099,539301,50494,49749,5327,55076,722
2021-02-23,Sutter,101,95872,8797,8766,81,8847,98
2021-02-23,Tehama,103,63373,4593,4556,490,5046,30
2021-02-23,Trinity,105,12862,467,292,77,369,3
2021-02-23,Tulare,107,460477,48103,46937,7941,54878,757
2021-02-23,Tuolumne,109,53932,3831,3864,35,3899,53
2021-02-23,Ventura,111,848112,77625,77093,2771,79864,689
2021-02-23,Yolo,113,214977,12857,12729,219,12948,188
2021-02-23,Yuba,115,75493,5480,5417,86,5503,38
2021-02-22,Alameda,001,1643700,80516,79796,1729,81525,1062
2021-02-22,Alpine,003,1148,78,77,0,77,0
2021-02-22,Amador,005,37829,3460,3438,30,3468,39
2021-02-22,Butte,007,227075,11301,10855,1600,12455,176
2021-02-22,Calaveras,009,45235,1893,1862,11,1873,21
2021-02-22,Colusa,011,21464,1868,1860,264,2124,11
2021-02-22,Contra Costa,013,1133247,62782,61478,1073,62551,661
2021-02-22,Del Norte,015,27424,1002,948,4,952,3
2021-02-22,El Dorado,017,186661,9107,8940,612,9552,96
2021-02-22,Fresno,019,978130,95881,94584,7660,102244,1351
2021-02-22,Glenn,021,27897,2242,2207,490,2697,14
2021-02-22,Humboldt,023,135768,3127,3095,22,3117,29
2021-02-22,Imperial,025,180216,27182,26778,2471,29249,590
2021-02-22,Inyo,027,18085,1286,1248,10,1258,32
2021-02-22,Kern,029,883053,92991,91201,9745,100946,982
2021-02-22,Kings,031,150075,22206,21801,962,22763,214
2021-02-22,Lake,033,64148,3162,3107,6,3113,40
2021-02-22,Lassen,035,31185,5116,5088,94,5182,1
2021-02-22,Los Angeles,037,10098052,1169794,1147541,38672,1186213,19730
2021-02-22,Madera,039,155013,15546,15325,813,16138,193
2021-02-22,Marin,041,260295,13146,12991,158,13149,213
2021-02-22,Mariposa,043,17540,376,374,5,379,4
2021-02-22,Mendocino,045,87422,3620,3535,71,3606,41
2021-02-22,Merced,047,269075,28227,28166,914,29080,379
2021-02-22,Modoc,049,8938,341,329,113,442,3
2021-02-22,Mono,051,14174,1174,1189,16,1205,3
2021-02-22,Monterey,053,433212,41834,41397,1680,43077,311
2021-02-22,Napa,055,140530,8989,8950,33,8983,69
2021-02-22,Nevada,057,99092,3976,3900,160,4060,66
2021-02-22,Orange,059,3164182,246399,244118,10204,254322,3843
2021-02-22,Placer,061,380077,20455,19587,1089,20676,238
2021-02-22,Plumas,063,18699,640,625,10,635,4
2021-02-22,Riverside,065,2383286,284794,277730,13405,291135,3567
2021-02-22,Sacramento,067,1510023,93973,92476,1219,93695,1359
2021-02-22,San Benito,069,59416,5727,5723,90,5813,57
2021-02-22,San Bernardino,071,2135413,285507,279984,8538,288522,3259
2021-02-22,San Diego,073,3302833,262899,257348,12765,270113,3189
2021-02-22,San Francisco,075,870044,34037,33947,1063,35010,405
2021-02-22,San Joaquin,077,732212,66503,65060,2737,67797,1001
2021-02-22,San Luis Obispo,079,281455,19609,19198,554,19752,229
2021-02-22,San Mateo,081,765935,39330,38542,406,38948,282
2021-02-22,Santa Barbara,083,443738,32071,31421,1041,32462,399
2021-02-22,Santa Clara,085,1922200,109792,109213,575,109788,1655
2021-02-22,Santa Cruz,087,273765,15337,14417,777,15194,176
2021-02-22,Shasta,089,179085,10904,10872,1203,12075,145
2021-02-22,Sierra,091,2930,51,47,12,59,0
2021-02-22,Siskiyou,093,43540,1479,1373,227,1600,4
2021-02-22,Solano,095,438530,29700,29508,355,29863,150
2021-02-22,Sonoma,097,501317,27859,27845,201,28046,278
2021-02-22,Stanislaus,099,539301,50392,49630,5309,54939,722
2021-02-22,Sutter,101,95872,8789,8698,81,8779,98
2021-02-22,Tehama,103,63373,4590,4550,489,5039,30
2021-02-22,Trinity,105,12862,467,287,76,363,3
2021-02-22,Tulare,107,460477,48041,46879,7909,54788,751
2021-02-22,Tuolumne,109,53932,3827,3856,35,3891,53
2021-02-22,Ventura,111,848112,77497,76947,2766,79713,677
2021-02-22,Yolo,113,214977,12830,12689,219,12908,183
2021-02-22,Yuba,115,75493,5477,5404,85,5489,38
2021-02-21,Alameda,001,1643700,80324,79649,1724,81373,1061
2021-02-21,Alpine,003,1148,78,77,0,77,0
2021-02-21,Amador,005,37829,3452,3435,30,3465,39
2021-02-21,Butte,007,227075,11283,10855,1598,12453,176
2021-02-21,Calaveras,009,45235,1892,1860,11,1871,21
2021-02-21,Colusa,011,21464,1867,1860,260,2120,11
2021-02-21,Contra Costa,013,1133247,62627,61364,1070,62434,661
2021-02-21,Del Norte,015,27424,996,942,4,946,3
2021-02-21,El Dorado,017,186661,9089,8927,611,9538,96
2021-02-21,Fresno,019,978130,95739,94374,7643,102017,1349
2021-02-21,Glenn,021,27897,2240,2201,488,2689,14
2021-02-21,Humboldt,023,135768,3115,3096,22,3118,29
2021-02-21,Imperial,025,180216,27168,26779,2469,29248,590
2021-02-21,Inyo,027,18085,1280,1232,10,1242,32
2021-02-21,Kern,029,883053,92866,91141,9707,100848,980
2021-02-21,Kings,031,150075,22170,21784,960,22744,213
2021-02-21,Lake,033,64148,3154,3100,6,3106,40
2021-02-21,Lassen,035,31185,5108,5077,94,5171,1
2021-02-21,Los Angeles,037,10098052,1168758,1146756,38624,1185380,19711
2021-02-21,Madera,039,155013,15513,15298,810,16108,192
2021-02-21,Marin,041,260295,13117,12968,158,13126,212
2021-02-21,Mariposa,043,17540,376,373,5,378,4
2021-02-21,Mendocino,045,87422,3615,3535,71,3606,41
2021-02-21,Merced,047,269075,28153,28106,898,29004,379
2021-02-21,Modoc,049,8938,338,329,113,442,3
2021-02-21,Mono,051,14174,1174,1189,16,1205,3
2021-02-21,Monterey,053,433212,41778,41373,1673,43046,309
2021-02-21,Napa,055,140530,8975,8929,33,8962,69
2021-02-21,Nevada,057,99092,3963,3895,160,4055,66
2021-02-21,Orange,059,3164182,246102,243985,10187,254172,3801
2021-02-21,Placer,061,380077,20419,19553,1085,20638,238
2021-02-21,Plumas,063,18699,640,625,10,635,4
2021-02-21,Riverside,065,2383286,284560,277555,13392,290947,3564
2021-02-21,Sacramento,067,1510023,93763,92288,1207,93495,1354
2021-02-21,San Benito,069,59416,5717,5716,87,5803,57
2021-02-21,San Bernardino,071,2135413,285283,279870,8524,288394,3247
2021-02-21,San Diego,073,3302833,262465,257027,12719,269746,3190
2021-02-21,San Francisco,075,870044,33973,33891,1059,34950,405
2021-02-21,San Joaquin,077,732212,66364,64997,2725,67722,1001
2021-02-21,San Luis Obispo,079,281455,19576,19178,552,19730,229
2021-02-21,San Mateo,081,765935,39268,38448,402,38850,282
2021-02-21,Santa Barbara,083,443738,32009,31374,1038,32412,399
2021-02-21,Santa Clara,085,1922200,109566,108992,566,109558,1654
2021-02-21,Santa Cruz,087,273765,15314,14401,776,15177,176
2021-02-21,Shasta,089,179085,10890,10867,1198,12065,145
2021-02-21,Sierra,091,2930,51,47,12,59,0
2021-02-21,Siskiyou,093,43540,1473,1371,227,1598,4
2021-02-21,Solano,095,438530,29645,29471,354,29825,150
2021-02-21,Sonoma,097,501317,27795,27793,194,27987,278
2021-02-21,Stanislaus,099,539301,50279,49527,5295,54822,726
2021-02-21,Sutter,101,95872,8772,8687,80,8767,97
2021-02-21,Tehama,103,63373,4581,4547,489,5036,30
2021-02-21,Trinity,105,12862,465,286,76,362,3
2021-02-21,Tulare,107,460477,47973,46830,7874,54704,749
2021-02-21,Tuolumne,109,53932,3813,3828,35,3863,53
2021-02-21,Ventura,111,848112,77348,76862,2752,79614,677
2021-02-21,Yolo,113,214977,12799,12670,219,12889,183
2021-02-21,Yuba,115,75493,5469,5396,84,5480,38
2021-02-20,Alameda,001,1643700,80233,79496,1719,81215,1055
2021-02-20,Alpine,003,1148,78,77,0,77,0
2021-02-20,Amador,005,37829,3450,3432,30,3462,39
2021-02-20,Butte,007,227075,11275,10838,1597,12435,176
2021-02-20,Calaveras,009,45235,1891,1858,11,1869,21
2021-02-20,Colusa,011,21464,1866,1858,260,2118,11
2021-02-20,Contra Costa,013,1133247,62543,61205,1068,62273,663
2021-02-20,Del Norte,015,27424,992,937,4,941,3
2021-02-20,El Dorado,017,186661,9079,8911,611,9522,96
2021-02-20,Fresno,019,978130,95655,94234,7623,101857,1341
2021-02-20,Glenn,021,27897,2236,2199,487,2686,14
2021-02-20,Humboldt,023,135768,3107,3073,22,3095,29
2021-02-20,Imperial,025,180216,27158,26771,2469,29240,590
2021-02-20,Inyo,027,18085,1276,1226,10,1236,32
2021-02-20,Kern,029,883053,92795,91025,9675,100700,968
2021-02-20,Kings,031,150075,22152,21773,959,22732,212
2021-02-20,Lake,033,64148,3147,3089,6,3095,40
2021-02-20,Lassen,035,31185,5106,5067,94,5161,1
2021-02-20,Los Angeles,037,10098052,1168190,1145594,38582,1184176,19630
2021-02-20,Madera,039,155013,15493,15274,809,16083,191
2021-02-20,Marin,041,260295,13096,12945,156,13101,211
2021-02-20,Mariposa,043,17540,376,372,5,377,4
2021-02-20,Mendocino,045,87422,3613,3533,71,3604,40
2021-02-20,Merced,047,269075,28110,28066,895,28961,379
2021-02-20,Modoc,049,8938,338,328,113,441,3
2021-02-20,Mono,051,14174,1173,1187,16,1203,3
2021-02-20,Monterey,053,433212,41756,41313,1671,42984,309
2021-02-20,Napa,055,140530,8966,8910,33,8943,69
2021-02-20,Nevada,057,99092,3953,3887,159,4046,66
2021-02-20,Orange,059,3164182,245933,243761,10173,253934,3755
2021-02-20,Placer,061,380077,20378,19509,1081,20590,236
2021-02-20,Plumas,063,18699,640,626,10,636,4
2021-02-20,Riverside,065,2383286,284406,277267,13383,290650,3559
2021-02-20,Sacramento,067,1510023,93640,92057,1205,93262,1352
2021-02-20,San Benito,069,59416,5706,5709,87,5796,57
2021-02-20,San Bernardino,071,2135413,285181,279608,8519,288127,3203
2021-02-20,San Diego,073,3302833,262223,256510,12690,269200,3188
2021-02-20,San Francisco,075,870044,33931,33820,1050,34870,399
2021-02-20,San Joaquin,077,732212,66294,64916,2720,67636,1001
2021-02-20,San Luis Obispo,079,281455,19552,19138,551,19689,229
2021-02-20,San Mateo,081,765935,39224,38371,401,38772,282
2021-02-20,Santa Barbara,083,443738,31975,31289,1037,32326,396
2021-02-20,Santa Clara,085,1922200,109388,108728,563,109291,1649
2021-02-20,Santa Cruz,087,273765,15303,14378,774,15152,176
2021-02-20,Shasta,089,179085,10876,10850,1193,12043,146
2021-02-20,Sierra,091,2930,51,47,12,59,0
2021-02-20,Siskiyou,093,43540,1470,1366,227,1593,4
2021-02-20,Solano,095,438530,29631,29440,352,29792,150
2021-02-20,Sonoma,097,501317,27766,27703,192,27895,278
2021-02-20,Stanislaus,099,539301,50228,49445,5281,54726,733
2021-02-20,Sutter,101,95872,8766,8681,80,8761,97
2021-02-20,Tehama,103,63373,4576,4545,489,5034,30
2021-02-20,Trinity,105,12862,464,285,75,360,3
2021-02-20,Tulare,107,460477,47937,46769,7852,54621,739
2021-02-20,Tuolumne,109,53932,3808,3823,35,3858,53
2021-02-20,Ventura,111,848112,77253,76757,2749,79506,671
2021-02-20,Yolo,113,214977,12785,12639,218,12857,183
2021-02-20,Yuba,115,75493,5466,5386,84,5470,38
2021-02-19,Alameda,001,1643700,80132,79318,1715,81033,1047
2021-02-19,Alpine,003,1148,78,77,0,77,0
2021-02-19,Amador,005,37829,3446,3427,30,3457,39
2021-02-19,Butte,007,227075,11261,10823,1590,12413,176
2021-02-19,Calaveras,009,45235,1890,1856,11,1867,21
2021-02-19,Colusa,011,21464,1866,1858,260,2118,11
2021-02-19,Contra Costa,013,1133247,62431,61017,1065,62082,651
2021-02-19,Del Norte,015,27424,987,932,4,936,2
2021-02-19,El Dorado,017,186661,9070,8882,610,9492,96
2021-02-19,Fresno,019,978130,95525,93973,7607,101580,1330
2021-02-19,Glenn,021,27897,2231,2199,486,2685,14
2021-02-19,Humboldt,023,135768,3095,3037,22,3059,29
2021-02-19,Imperial,025,180216,27152,26751,2466,29217,589
2021-02-19,Inyo,027,18085,1271,1212,10,1222,32
2021-02-19,Kern,029,883053,92726,90807,9634,100441,963
2021-02-19,Kings,031,150075,22138,21724,957,22681,211
2021-02-19,Lake,033,64148,3141,3078,6,3084,40
2021-02-19,Lassen,035,31185,5105,5057,94,5151,1
2021-02-19,Los Angeles,037,10098052,1167441,1143828,38542,1182370,19498
2021-02-19,Madera,039,155013,15476,15222,807,16029,188
2021-02-19,Marin,041,260295,13078,12919,155,13074,210
2021-02-19,Mariposa,043,17540,376,371,5,376,4
2021-02-19,Mendocino,045,87422,3611,3526,71,3597,39
2021-02-19,Merced,047,269075,28080,27985,892,28877,376
2021-02-19,Modoc,049,8938,338,328,113,441,3
2021-02-19,Mono,051,14174,1173,1186,16,1202,3
2021-02-19,Monterey,053,433212,41729,41209,1667,42876,309
2021-02-19,Napa,055,140530,8953,8899,33,8932,69
2021-02-19,Nevada,057,99092,3947,3863,159,4022,66
2021-02-19,Orange,059,3164182,245757,243397,10160,253557,3715
2021-02-19,Placer,061,380077,20356,19457,1081,20538,236
2021-02-19,Plumas,063,18699,638,624,10,634,4
2021-02-19,Riverside,065,2383286,284237,276941,13366,290307,3541
2021-02-19,Sacramento,067,1510023,93519,91815,1201,93016,1351
2021-02-19,San Benito,069,59416,5701,5699,87,5786,57
2021-02-19,San Bernardino,071,2135413,285045,279209,8514,287723,3117
2021-02-19,San Diego,073,3302833,261932,255799,12667,268466,3169
2021-02-19,San Francisco,075,870044,33883,33746,1044,34790,387
2021-02-19,San Joaquin,077,732212,66218,64774,2711,67485,988
2021-02-19,San Luis Obispo,079,281455,19521,19061,549,19610,230
2021-02-19,San Mateo,081,765935,39166,38256,399,38655,282
2021-02-19,Santa Barbara,083,443738,31911,31204,1036,32240,392
2021-02-19,Santa Clara,085,1922200,109176,108400,561,108961,1634
2021-02-19,Santa Cruz,087,273765,15288,14354,774,15128,176
2021-02-19,Shasta,089,179085,10865,10833,1190,12023,140
2021-02-19,Sierra,091,2930,51,47,12,59,0
2021-02-19,Siskiyou,093,43540,1466,1363,225,1588,4
2021-02-19,Solano,095,438530,29606,29383,351,29734,150
2021-02-19,Sonoma,097,501317,27719,27595,190,27785,280
2021-02-19,Stanislaus,099,539301,50167,49282,5265,54547,739
2021-02-19,Sutter,101,95872,8756,8665,80,8745,96
2021-02-19,Tehama,103,63373,4574,4535,489,5024,30
2021-02-19,Trinity,105,12862,462,282,73,355,3
2021-02-19,Tulare,107,460477,47892,46662,7827,54489,736
2021-02-19,Tuolumne,109,53932,3801,3817,35,3852,52
2021-02-19,Ventura,111,848112,77174,76582,2746,79328,667
2021-02-19,Yolo,113,214977,12769,12606,218,12824,183
2021-02-19,Yuba,115,75493,5456,5376,84,5460,38
2021-02-18,Alameda,001,1643700,79998,79111,1707,80818,1012
2021-02-18,Alpine,003,1148,78,77,0,77,0
2021-02-18,Amador,005,37829,3442,3417,29,3446,38
2021-02-18,Butte,007,227075,11243,10791,1588,12379,175
2021-02-18,Calaveras,009,45235,1885,1873,11,1884,21
2021-02-18,Colusa,011,21464,1864,1856,258,2114,11
2021-02-18,Contra Costa,013,1133247,62317,60868,1063,61931,640
2021-02-18,Del Norte,015,27424,982,929,4,933,2
2021-02-18,El Dorado,017,186661,9055,8850,609,9459,94
2021-02-18,Fresno,019,978130,95355,93734,7582,101316,1323
2021-02-18,Glenn,021,27897,2225,2195,486,2681,14
2021-02-18,Humboldt,023,135768,3083,3023,22,3045,29
2021-02-18,Imperial,025,180216,27126,26731,2459,29190,591
2021-02-18,Inyo,027,18085,1267,1213,9,1222,32
2021-02-18,Kern,029,883053,92572,90655,9604,100259,961
2021-02-18,Kings,031,150075,22114,21648,956,22604,211
2021-02-18,Lake,033,64148,3136,3066,6,3072,40
2021-02-18,Lassen,035,31185,5096,5052,94,5146,1
2021-02-18,Los Angeles,037,10098052,1166483,1141930,38478,1180408,19358
2021-02-18,Madera,039,155013,15454,15175,802,15977,188
2021-02-18,Marin,041,260295,13065,12895,154,13049,209
2021-02-18,Mariposa,043,17540,375,369,5,374,4
2021-02-18,Mendocino,045,87422,3608,3519,70,3589,39
2021-02-18,Merced,047,269075,28031,27870,886,28756,372
2021-02-18,Modoc,049,8938,336,327,112,439,3
2021-02-18,Mono,051,14174,1173,1182,16,1198,3
2021-02-18,Monterey,053,433212,41671,41091,1658,42749,307
2021-02-18,Napa,055,140530,8936,8877,33,8910,68
2021-02-18,Nevada,057,99092,3938,3836,158,3994,66
2021-02-18,Orange,059,3164182,245534,243098,10143,253241,3673
2021-02-18,Placer,061,380077,20329,19429,1080,20509,232
2021-02-18,Plumas,063,18699,638,624,10,634,4
2021-02-18,Riverside,065,2383286,283949,276595,13345,289940,3510
2021-02-18,Sacramento,067,1510023,93357,91476,1195,92671,1334
2021-02-18,San Benito,069,59416,5698,5697,86,5783,58
2021-02-18,San Bernardino,071,2135413,284835,278887,8500,287387,3066
2021-02-18,San Diego,073,3302833,261577,254987,12644,267631,3135
2021-02-18,San Francisco,075,870044,33825,33650,1041,34691,386
2021-02-18,San Joaquin,077,732212,66135,64634,2701,67335,982
2021-02-18,San Luis Obispo,079,281455,19479,18987,546,19533,230
2021-02-18,San Mateo,081,765935,39104,38185,395,38580,282
2021-02-18,Santa Barbara,083,443738,31833,31054,1029,32083,387
2021-02-18,Santa Clara,085,1922200,108951,108210,558,108768,1605
2021-02-18,Santa Cruz,087,273765,15262,14314,774,15088,176
2021-02-18,Shasta,089,179085,10847,10811,1187,11998,139
2021-02-18,Sierra,091,2930,50,47,12,59,0
2021-02-18,Siskiyou,093,43540,1461,1359,224,1583,4
2021-02-18,Solano,095,438530,29580,29349,350,29699,150
2021-02-18,Sonoma,097,501317,27652,27512,189,27701,281
2021-02-18,Stanislaus,099,539301,50067,49150,5248,54398,738
2021-02-18,Sutter,101,95872,8748,8654,80,8734,96
2021-02-18,Tehama,103,63373,4571,4528,489,5017,30
2021-02-18,Trinity,105,12862,461,282,73,355,3
2021-02-18,Tulare,107,460477,47829,46591,7787,54378,728
2021-02-18,Tuolumne,109,53932,3764,3811,35,3846,52
2021-02-18,Ventura,111,848112,77042,76442,2738,79180,659
2021-02-18,Yolo,113,214977,12743,12549,215,12764,183
2021-02-18,Yuba,115,75493,5439,5358,84,5442,38
2021-02-17,Alameda,001,1643700,79837,78895,1705,80600,1002
2021-02-17,Alpine,003,1148,78,77,0,77,0
2021-02-17,Amador,005,37829,3438,3415,29,3444,38
2021-02-17,Butte,007,227075,11225,10770,1584,12354,174
2021-02-17,Calaveras,009,45235,1885,1876,11,1887,21
2021-02-17,Colusa,011,21464,1861,1854,258,2112,10
2021-02-17,Contra Costa,013,1133247,62179,60723,1060,61783,635
2021-02-17,Del Norte,015,27424,975,920,4,924,2
2021-02-17,El Dorado,017,186661,9044,8847,609,9456,94
2021-02-17,Fresno,019,978130,95216,93555,7555,101110,1307
2021-02-17,Glenn,021,27897,2224,2189,485,2674,14
2021-02-17,Humboldt,023,135768,3068,3006,22,3028,29
2021-02-17,Imperial,025,180216,27112,26726,2455,29181,580
2021-02-17,Inyo,027,18085,1259,1197,9,1206,32
2021-02-17,Kern,029,883053,92454,90454,9559,100013,962
2021-02-17,Kings,031,150075,22076,21617,952,22569,211
2021-02-17,Lake,033,64148,3126,3057,2,3059,38
2021-02-17,Lassen,035,31185,5091,5052,93,5145,1
2021-02-17,Los Angeles,037,10098052,1165429,1139786,38414,1178200,19213
2021-02-17,Madera,039,155013,15429,15135,793,15928,177
2021-02-17,Marin,041,260295,13040,12881,154,13035,207
2021-02-17,Mariposa,043,17540,375,368,4,372,4
2021-02-17,Mendocino,045,87422,3606,3494,69,3563,39
2021-02-17,Merced,047,269075,27976,27824,877,28701,372
2021-02-17,Modoc,049,8938,336,327,112,439,3
2021-02-17,Mono,051,14174,1173,1180,16,1196,3
2021-02-17,Monterey,053,433212,41616,41014,1646,42660,304
2021-02-17,Napa,055,140530,8922,8865,33,8898,68
2021-02-17,Nevada,057,99092,3919,3822,155,3977,52
2021-02-17,Orange,059,3164182,245272,242716,10110,252826,3626
2021-02-17,Placer,061,380077,20295,19405,1076,20481,230
2021-02-17,Plumas,063,18699,637,623,10,633,4
2021-02-17,Riverside,065,2383286,283661,276289,13324,289613,3491
2021-02-17,Sacramento,067,1510023,93198,91309,1188,92497,1326
2021-02-17,San Benito,069,59416,5692,5661,86,5747,57
2021-02-17,San Bernardino,071,2135413,284631,278461,8481,286942,3020
2021-02-17,San Diego,073,3302833,261199,254177,12623,266800,3099
2021-02-17,San Francisco,075,870044,33749,33558,1036,34594,379
2021-02-17,San Joaquin,077,732212,66029,64556,2695,67251,979
2021-02-17,San Luis Obispo,079,281455,19434,18964,546,19510,230
2021-02-17,San Mateo,081,765935,39040,38124,394,38518,282
2021-02-17,Santa Barbara,083,443738,31765,30927,1028,31955,384
2021-02-17,Santa Clara,085,1922200,108719,107949,556,108505,1592
2021-02-17,Santa Cruz,087,273765,15229,14268,771,15039,174
2021-02-17,Shasta,089,179085,10827,10770,1186,11956,139
2021-02-17,Sierra,091,2930,50,47,12,59,0
2021-02-17,Siskiyou,093,43540,1455,1352,221,1573,4
2021-02-17,Solano,095,438530,29523,29288,350,29638,149
2021-02-17,Sonoma,097,501317,27580,27408,184,27592,281
2021-02-17,Stanislaus,099,539301,49954,49050,5232,54282,730
2021-02-17,Sutter,101,95872,8738,8681,80,8761,95
2021-02-17,Tehama,103,63373,4568,4511,489,5000,30
2021-02-17,Trinity,105,12862,461,277,71,348,3
2021-02-17,Tulare,107,460477,47764,46495,7761,54256,726
2021-02-17,Tuolumne,109,53932,3755,3806,35,3841,49
2021-02-17,Ventura,111,848112,76920,76234,2732,78966,646
2021-02-17,Yolo,113,214977,12724,12506,213,12719,182
2021-02-17,Yuba,115,75493,5430,5345,84,5429,38
2021-02-16,Alameda,001,1643700,79667,78756,1702,80458,997
2021-02-16,Alpine,003,1148,78,76,0,76,0
2021-02-16,Amador,005,37829,3431,3413,29,3442,39
2021-02-16,Butte,007,227075,11199,10748,1581,12329,164
2021-02-16,Calaveras,009,45235,1883,1872,11,1883,21
2021-02-16,Colusa,011,21464,1858,1852,256,2108,10
2021-02-16,Contra Costa,013,1133247,62028,60564,1055,61619,631
2021-02-16,Del Norte,015,27424,967,913,4,917,2
2021-02-16,El Dorado,017,186661,9034,8836,607,9443,94
2021-02-16,Fresno,019,978130,95051,93363,7525,100888,1293
2021-02-16,Glenn,021,27897,2220,2189,481,2670,14
2021-02-16,Humboldt,023,135768,3045,2994,21,3015,29
2021-02-16,Imperial,025,180216,27099,26711,2451,29162,580
2021-02-16,Inyo,027,18085,1251,1191,9,1200,32
2021-02-16,Kern,029,883053,92322,90267,9529,99796,959
2021-02-16,Kings,031,150075,22030,21583,948,22531,206
2021-02-16,Lake,033,64148,3119,3041,2,3043,38
2021-02-16,Lassen,035,31185,5079,5047,93,5140,1
2021-02-16,Los Angeles,037,10098052,1164175,1138262,38353,1176615,19044
2021-02-16,Madera,039,155013,15391,15120,788,15908,172
2021-02-16,Marin,041,260295,13012,12832,154,12986,205
2021-02-16,Mariposa,043,17540,375,367,4,371,4
2021-02-16,Mendocino,045,87422,3602,3489,69,3558,39
2021-02-16,Merced,047,269075,27895,27724,871,28595,368
2021-02-16,Modoc,049,8938,336,326,112,438,3
2021-02-16,Mono,051,14174,1173,1180,16,1196,3
2021-02-16,Monterey,053,433212,41540,40962,1637,42599,303
2021-02-16,Napa,055,140530,8909,8854,33,8887,66
2021-02-16,Nevada,057,99092,3906,3774,154,3928,47
2021-02-16,Orange,059,3164182,244950,242382,10094,252476,3612
2021-02-16,Placer,061,380077,20262,19367,1073,20440,230
2021-02-16,Plumas,063,18699,637,619,10,629,4
2021-02-16,Riverside,065,2383286,283357,275954,13301,289255,3471
2021-02-16,Sacramento,067,1510023,92944,91246,1182,92428,1305
2021-02-16,San Benito,069,59416,5684,5659,85,5744,56
2021-02-16,San Bernardino,071,2135413,284407,277947,8470,286417,2978
2021-02-16,San Diego,073,3302833,260734,253638,12584,266222,3042
2021-02-16,San Francisco,075,870044,33678,33491,1031,34522,373
2021-02-16,San Joaquin,077,732212,65899,64448,2692,67140,979
2021-02-16,San Luis Obispo,079,281455,19389,18925,543,19468,229
2021-02-16,San Mateo,081,765935,38981,38041,392,38433,277
2021-02-16,Santa Barbara,083,443738,31691,30865,1025,31890,378
2021-02-16,Santa Clara,085,1922200,108467,107754,553,108307,1591
2021-02-16,Santa Cruz,087,273765,15209,14256,770,15026,174
2021-02-16,Shasta,089,179085,10812,10736,1184,11920,139
2021-02-16,Sierra,091,2930,50,47,12,59,0
2021-02-16,Siskiyou,093,43540,1451,1351,221,1572,4
2021-02-16,Solano,095,438530,29485,29246,349,29595,148
2021-02-16,Sonoma,097,501317,27521,27380,178,27558,279
2021-02-16,Stanislaus,099,539301,49830,48927,5218,54145,716
2021-02-16,Sutter,101,95872,8715,8671,80,8751,95
2021-02-16,Tehama,103,63373,4559,4501,487,4988,30
2021-02-16,Trinity,105,12862,457,275,71,346,3
2021-02-16,Tulare,107,460477,47700,46444,7717,54161,716
2021-02-16,Tuolumne,109,53932,3753,3796,35,3831,49
2021-02-16,Ventura,111,848112,76778,76043,2728,78771,631
2021-02-16,Yolo,113,214977,12695,12457,213,12670,175
2021-02-16,Yuba,115,75493,5423,5332,83,5415,38
2021-02-15,Alameda,001,1643700,79471,78647,1691,80338,996
2021-02-15,Alpine,003,1148,78,76,0,76,0
2021-02-15,Amador,005,37829,3427,3409,29,3438,39
2021-02-15,Butte,007,227075,11181,10723,1577,12300,155
2021-02-15,Calaveras,009,45235,1879,1871,11,1882,21
2021-02-15,Colusa,011,21464,1858,1849,252,2101,10
2021-02-15,Contra Costa,013,1133247,61857,60444,1050,61494,631
2021-02-15,Del Norte,015,27424,963,913,4,917,2
2021-02-15,El Dorado,017,186661,9017,8816,607,9423,94
2021-02-15,Fresno,019,978130,94852,93231,7486,100717,1288
2021-02-15,Glenn,021,27897,2218,2185,480,2665,14
2021-02-15,Humboldt,023,135768,3038,2997,21,3018,29
2021-02-15,Imperial,025,180216,27079,26700,2448,29148,580
2021-02-15,Inyo,027,18085,1232,1184,9,1193,32
2021-02-15,Kern,029,883053,92178,90181,9497,99678,959
2021-02-15,Kings,031,150075,21985,21574,944,22518,205
2021-02-15,Lake,033,64148,3105,3030,1,3031,38
2021-02-15,Lassen,035,31185,5077,5047,92,5139,1
2021-02-15,Los Angeles,037,10098052,1162787,1137164,38290,1175454,18925
2021-02-15,Madera,039,155013,15360,15108,786,15894,106
2021-02-15,Marin,041,260295,12991,12810,151,12961,203
2021-02-15,Mariposa,043,17540,373,367,4,371,4
2021-02-15,Mendocino,045,87422,3590,3481,69,3550,39
2021-02-15,Merced,047,269075,27821,27656,863,28519,368
2021-02-15,Modoc,049,8938,336,326,112,438,3
2021-02-15,Mono,051,14174,1170,1178,16,1194,3
2021-02-15,Monterey,053,433212,41476,40911,1624,42535,302
2021-02-15,Napa,055,140530,8895,8837,33,8870,57
2021-02-15,Nevada,057,99092,3889,3767,153,3920,47
2021-02-15,Orange,059,3164182,244631,242176,10065,252241,3586
2021-02-15,Placer,061,380077,20236,19361,1072,20433,230
2021-02-15,Plumas,063,18699,637,620,10,630,4
2021-02-15,Riverside,065,2383286,283003,275771,13282,289053,3468
2021-02-15,Sacramento,067,1510023,92617,91091,1177,92268,1304
2021-02-15,San Benito,069,59416,5678,5649,85,5734,56
2021-02-15,San Bernardino,071,2135413,284156,277869,8462,286331,2945
2021-02-15,San Diego,073,3302833,260221,252940,12553,265493,3037
2021-02-15,San Francisco,075,870044,33605,33454,1025,34479,373
2021-02-15,San Joaquin,077,732212,65734,64382,2685,67067,979
2021-02-15,San Luis Obispo,079,281455,19336,18891,541,19432,227
2021-02-15,San Mateo,081,765935,38902,37969,389,38358,277
2021-02-15,Santa Barbara,083,443738,31588,30810,1022,31832,378
2021-02-15,Santa Clara,085,1922200,108237,107630,551,108181,1588
2021-02-15,Santa Cruz,087,273765,15177,14239,767,15006,175
2021-02-15,Shasta,089,179085,10792,10730,1179,11909,139
2021-02-15,Sierra,091,2930,50,47,12,59,0
2021-02-15,Siskiyou,093,43540,1443,1345,220,1565,4
2021-02-15,Solano,095,438530,29430,29225,349,29574,148
2021-02-15,Sonoma,097,501317,27437,27359,174,27533,276
2021-02-15,Stanislaus,099,539301,49703,48808,5205,54013,716
2021-02-15,Sutter,101,95872,8700,8652,80,8732,95
2021-02-15,Tehama,103,63373,4550,4492,486,4978,30
2021-02-15,Trinity,105,12862,456,274,71,345,3
2021-02-15,Tulare,107,460477,47629,46344,7678,54022,715
2021-02-15,Tuolumne,109,53932,3743,3794,35,3829,49
2021-02-15,Ventura,111,848112,76623,75889,2725,78614,629
2021-02-15,Yolo,113,214977,12660,12412,207,12619,175
2021-02-15,Yuba,115,75493,5406,5320,82,5402,38
2021-02-14,Alameda,001,1643700,79320,78442,1690,80132,995
2021-02-14,Alpine,003,1148,78,76,0,76,0
2021-02-14,Amador,005,37829,3422,3398,29,3427,39
2021-02-14,Butte,007,227075,11157,10717,1574,12291,155
2021-02-14,Calaveras,009,45235,1875,1866,11,1877,21
2021-02-14,Colusa,011,21464,1854,1845,249,2094,10
2021-02-14,Contra Costa,013,1133247,61707,60272,1047,61319,631
2021-02-14,Del Norte,015,27424,959,911,4,915,2
2021-02-14,El Dorado,017,186661,8986,8790,606,9396,94
2021-02-14,Fresno,019,978130,94681,93065,7463,100528,1287
2021-02-14,Glenn,021,27897,2215,2184,480,2664,14
2021-02-14,Humboldt,023,135768,3025,2992,21,3013,29
2021-02-14,Imperial,025,180216,27072,26696,2447,29143,580
2021-02-14,Inyo,027,18085,1226,1177,9,1186,32
2021-02-14,Kern,029,883053,92018,90038,9444,99482,959
2021-02-14,Kings,031,150075,21959,21538,942,22480,205
2021-02-14,Lake,033,64148,3094,3030,1,3031,38
2021-02-14,Lassen,035,31185,5073,5037,92,5129,1
2021-02-14,Los Angeles,037,10098052,1161443,1135450,38206,1173656,18898
2021-02-14,Madera,039,155013,15328,15089,782,15871,106
2021-02-14,Marin,041,260295,12967,12784,151,12935,201
2021-02-14,Mariposa,043,17540,373,365,4,369,4
2021-02-14,Mendocino,045,87422,3584,3475,69,3544,39
2021-02-14,Merced,047,269075,27739,27601,858,28459,368
2021-02-14,Modoc,049,8938,336,326,112,438,3
2021-02-14,Mono,051,14174,1169,1180,16,1196,3
2021-02-14,Monterey,053,433212,41425,40842,1619,42461,302
2021-02-14,Napa,055,140530,8875,8826,33,8859,57
2021-02-14,Nevada,057,99092,3873,3761,153,3914,47
2021-02-14,Orange,059,3164182,244317,241859,10046,251905,3564
2021-02-14,Placer,061,380077,20197,19313,1067,20380,230
2021-02-14,Plumas,063,18699,636,620,10,630,4
2021-02-14,Riverside,065,2383286,282671,275518,13263,288781,3471
2021-02-14,Sacramento,067,1510023,92410,90856,1173,92029,1304
2021-02-14,San Benito,069,59416,5669,5641,84,5725,56
2021-02-14,San Bernardino,071,2135413,283850,277664,8442,286106,2929
2021-02-14,San Diego,073,3302833,259729,252247,12506,264753,3037
2021-02-14,San Francisco,075,870044,33531,33374,1017,34391,372
2021-02-14,San Joaquin,077,732212,65636,64243,2671,66914,979
2021-02-14,San Luis Obispo,079,281455,19298,18868,538,19406,225
2021-02-14,San Mateo,081,765935,38817,37859,389,38248,277
2021-02-14,Santa Barbara,083,443738,31496,30744,1018,31762,377
2021-02-14,Santa Clara,085,1922200,108038,107412,547,107959,1582
2021-02-14,Santa Cruz,087,273765,15149,14225,762,14987,175
2021-02-14,Shasta,089,179085,10760,10720,1174,11894,139
2021-02-14,Sierra,091,2930,50,47,12,59,0
2021-02-14,Siskiyou,093,43540,1439,1340,220,1560,4
2021-02-14,Solano,095,438530,29388,29150,346,29496,148
2021-02-14,Sonoma,097,501317,27362,27266,172,27438,276
2021-02-14,Stanislaus,099,539301,49593,48672,5190,53862,716
2021-02-14,Sutter,101,95872,8677,8642,80,8722,95
2021-02-14,Tehama,103,63373,4544,4490,483,4973,30
2021-02-14,Trinity,105,12862,456,272,71,343,3
2021-02-14,Tulare,107,460477,47544,46263,7629,53892,715
2021-02-14,Tuolumne,109,53932,3742,3764,35,3799,49
2021-02-14,Ventura,111,848112,76454,75742,2714,78456,629
2021-02-14,Yolo,113,214977,12631,12399,206,12605,175
2021-02-14,Yuba,115,75493,5396,5314,82,5396,38
2021-02-13,Alameda,001,1643700,79198,78246,1687,79933,995
2021-02-13,Alpine,003,1148,78,76,0,76,0
2021-02-13,Amador,005,37829,3419,3387,29,3416,38
2021-02-13,Butte,007,227075,11141,10699,1572,12271,155
2021-02-13,Calaveras,009,45235,1872,1863,11,1874,21
2021-02-13,Colusa,011,21464,1854,1837,249,2086,10
2021-02-13,Contra Costa,013,1133247,61586,60100,1047,61147,629
2021-02-13,Del Norte,015,27424,957,908,4,912,2
2021-02-13,El Dorado,017,186661,8974,8758,605,9363,93
2021-02-13,Fresno,019,978130,94567,92807,7441,100248,1287
2021-02-13,Glenn,021,27897,2214,2182,478,2660,14
2021-02-13,Humboldt,023,135768,3012,2974,20,2994,29
2021-02-13,Imperial,025,180216,27065,26680,2445,29125,580
2021-02-13,Inyo,027,18085,1222,1168,9,1177,32
2021-02-13,Kern,029,883053,91929,89915,9418,99333,957
2021-02-13,Kings,031,150075,21944,21513,940,22453,205
2021-02-13,Lake,033,64148,3085,3025,1,3026,37
2021-02-13,Lassen,035,31185,5070,5028,92,5120,1
2021-02-13,Los Angeles,037,10098052,1160584,1133752,38158,1171910,18822
2021-02-13,Madera,039,155013,15319,15053,778,15831,106
2021-02-13,Marin,041,260295,12943,12757,151,12908,201
2021-02-13,Mariposa,043,17540,373,365,4,369,4
2021-02-13,Mendocino,045,87422,3574,3466,69,3535,38
2021-02-13,Merced,047,269075,27695,27541,855,28396,368
2021-02-13,Modoc,049,8938,336,325,112,437,3
2021-02-13,Mono,051,14174,1169,1176,16,1192,3
2021-02-13,Monterey,053,433212,41393,40731,1618,42349,301
2021-02-13,Napa,055,140530,8866,8809,33,8842,57
2021-02-13,Nevada,057,99092,3864,3742,152,3894,47
2021-02-13,Orange,059,3164182,244111,241545,10027,251572,3520
2021-02-13,Placer,061,380077,20177,19214,1067,20281,230
2021-02-13,Plumas,063,18699,636,616,10,626,4
2021-02-13,Riverside,065,2383286,282443,275276,13254,288530,3462
2021-02-13,Sacramento,067,1510023,92243,90401,1170,91571,1302
2021-02-13,San Benito,069,59416,5652,5633,84,5717,56
2021-02-13,San Bernardino,071,2135413,283697,277405,8430,285835,2899
2021-02-13,San Diego,073,3302833,259397,251679,12494,264173,3009
2021-02-13,San Francisco,075,870044,33481,33291,1007,34298,364
2021-02-13,San Joaquin,077,732212,65567,64105,2661,66766,977
2021-02-13,San Luis Obispo,079,281455,19270,18803,532,19335,225
2021-02-13,San Mateo,081,765935,38764,37745,389,38134,277
2021-02-13,Santa Barbara,083,443738,31444,30594,1016,31610,374
2021-02-13,Santa Clara,085,1922200,107849,107125,543,107668,1570
2021-02-13,Santa Cruz,087,273765,15122,14198,761,14959,173
2021-02-13,Shasta,089,179085,10747,10713,1169,11882,139
2021-02-13,Sierra,091,2930,50,47,12,59,0
2021-02-13,Siskiyou,093,43540,1436,1336,220,1556,4
2021-02-13,Solano,095,438530,29352,29084,346,29430,148
2021-02-13,Sonoma,097,501317,27314,27157,170,27327,276
2021-02-13,Stanislaus,099,539301,49522,48568,5184,53752,697
2021-02-13,Sutter,101,95872,8665,8626,80,8706,94
2021-02-13,Tehama,103,63373,4534,4484,482,4966,30
2021-02-13,Trinity,105,12862,455,272,70,342,3
2021-02-13,Tulare,107,460477,47493,46162,7598,53760,709
2021-02-13,Tuolumne,109,53932,3741,3752,35,3787,49
2021-02-13,Ventura,111,848112,76314,75481,2708,78189,618
2021-02-13,Yolo,113,214977,12618,12374,205,12579,175
2021-02-13,Yuba,115,75493,5388,5289,82,5371,38
2021-02-12,Alameda,001,1643700,79049,77958,1681,79639,974
2021-02-12,Alpine,003,1148,78,76,0,76,0
2021-02-12,Amador,005,37829,3415,3381,29,3410,38
2021-02-12,Butte,007,227075,11128,10655,1565,12220,155
2021-02-12,Calaveras,009,45235,1869,1860,11,1871,21
2021-02-12,Colusa,011,21464,1854,1836,249,2085,10
2021-02-12,Contra Costa,013,1133247,61435,59878,1043,60921,620
2021-02-12,Del Norte,015,27424,947,901,4,905,2
2021-02-12,El Dorado,017,186661,8958,8725,602,9327,92
2021-02-12,Fresno,019,978130,94413,92520,7421,99941,1273
2021-02-12,Glenn,021,27897,2211,2175,478,2653,14
2021-02-12,Humboldt,023,135768,3004,2961,20,2981,29
2021-02-12,Imperial,025,180216,27057,26646,2442,29088,585
2021-02-12,Inyo,027,18085,1216,1156,9,1165,32
2021-02-12,Kern,029,883053,91815,89532,9384,98916,949
2021-02-12,Kings,031,150075,21912,21462,935,22397,202
2021-02-12,Lake,033,64148,3080,3012,1,3013,36
2021-02-12,Lassen,035,31185,5068,5015,92,5107,1
2021-02-12,Los Angeles,037,10098052,1159378,1131185,38089,1169274,18637
2021-02-12,Madera,039,155013,15292,15022,775,15797,106
2021-02-12,Marin,041,260295,12917,12720,151,12871,200
2021-02-12,Mariposa,043,17540,372,365,4,369,4
2021-02-12,Mendocino,045,87422,3572,3447,69,3516,38
2021-02-12,Merced,047,269075,27644,27453,852,28305,367
2021-02-12,Modoc,049,8938,336,324,112,436,3
2021-02-12,Mono,051,14174,1168,1172,16,1188,3
2021-02-12,Monterey,053,433212,41345,40633,1609,42242,297
2021-02-12,Napa,055,140530,8854,8785,33,8818,55
2021-02-12,Nevada,057,99092,3859,3728,152,3880,47
2021-02-12,Orange,059,3164182,243872,241075,10012,251087,3505
2021-02-12,Placer,061,380077,20135,19174,1062,20236,230
2021-02-12,Plumas,063,18699,635,614,10,624,4
2021-02-12,Riverside,065,2383286,282164,274792,13237,288029,3438
2021-02-12,Sacramento,067,1510023,92041,90252,1169,91421,1295
2021-02-12,San Benito,069,59416,5636,5622,83,5705,56
2021-02-12,San Bernardino,071,2135413,283507,276890,8419,285309,2827
2021-02-12,San Diego,073,3302833,259009,250788,12468,263256,2979
2021-02-12,San Francisco,075,870044,33421,33179,1003,34182,359
2021-02-12,San Joaquin,077,732212,65471,63966,2653,66619,975
2021-02-12,San Luis Obispo,079,281455,19229,18687,531,19218,224
2021-02-12,San Mateo,081,765935,38692,37560,389,37949,254
2021-02-12,Santa Barbara,083,443738,31373,30454,1011,31465,372
2021-02-12,Santa Clara,085,1922200,107677,106759,540,107299,1543
2021-02-12,Santa Cruz,087,273765,15102,14147,761,14908,170
2021-02-12,Shasta,089,179085,10729,10693,1159,11852,142
2021-02-12,Sierra,091,2930,49,45,12,57,0
2021-02-12,Siskiyou,093,43540,1432,1324,217,1541,4
2021-02-12,Solano,095,438530,29320,28996,343,29339,147
2021-02-12,Sonoma,097,501317,27259,27064,166,27230,275
2021-02-12,Stanislaus,099,539301,49434,48418,5162,53580,697
2021-02-12,Sutter,101,95872,8652,8609,80,8689,93
2021-02-12,Tehama,103,63373,4527,4470,481,4951,27
2021-02-12,Trinity,105,12862,455,269,70,339,3
2021-02-12,Tulare,107,460477,47415,46016,7572,53588,710
2021-02-12,Tuolumne,109,53932,3738,3736,34,3770,49
2021-02-12,Ventura,111,848112,76144,75210,2702,77912,605
2021-02-12,Yolo,113,214977,12597,12340,205,12545,175
2021-02-12,Yuba,115,75493,5380,5274,82,5356,38
2021-02-11,Alameda,001,1643700,78821,77564,1676,79240,960
2021-02-11,Alpine,003,1148,77,76,0,76,0
2021-02-11,Amador,005,37829,3411,3368,29,3397,35
2021-02-11,Butte,007,227075,11105,10624,1564,12188,155
2021-02-11,Calaveras,009,45235,1866,1856,11,1867,21
2021-02-11,Colusa,011,21464,1849,1823,247,2070,10
2021-02-11,Contra Costa,013,1133247,61268,59633,1039,60672,605
2021-02-11,Del Norte,015,27424,942,894,4,898,2
2021-02-11,El Dorado,017,186661,8937,8698,602,9300,92
2021-02-11,Fresno,019,978130,94260,92168,7396,99564,1255
2021-02-11,Glenn,021,27897,2206,2166,477,2643,14
2021-02-11,Humboldt,023,135768,2991,2954,19,2973,29
2021-02-11,Imperial,025,180216,27033,26545,2440,28985,578
2021-02-11,Inyo,027,18085,1207,1144,9,1153,32
2021-02-11,Kern,029,883053,91624,89224,9341,98565,941
2021-02-11,Kings,031,150075,21882,21373,932,22305,202
2021-02-11,Lake,033,64148,3070,3002,1,3003,36
2021-02-11,Lassen,035,31185,5057,5004,89,5093,1
2021-02-11,Los Angeles,037,10098052,1157747,1128437,38020,1166457,18500
2021-02-11,Madera,039,155013,15271,14984,773,15757,106
2021-02-11,Marin,041,260295,12880,12682,151,12833,200
2021-02-11,Mariposa,043,17540,372,361,4,365,4
2021-02-11,Mendocino,045,87422,3565,3420,69,3489,38
2021-02-11,Merced,047,269075,27578,27325,848,28173,363
2021-02-11,Modoc,049,8938,335,317,112,429,3
2021-02-11,Mono,051,14174,1164,1173,16,1189,3
2021-02-11,Monterey,053,433212,41239,40469,1603,42072,295
2021-02-11,Napa,055,140530,8833,8777,33,8810,55
2021-02-11,Nevada,057,99092,3843,3720,152,3872,47
2021-02-11,Orange,059,3164182,243505,240590,9988,250578,3476
2021-02-11,Placer,061,380077,20095,19118,1061,20179,224
2021-02-11,Plumas,063,18699,634,592,10,602,4
2021-02-11,Riverside,065,2383286,281798,274313,13222,287535,3394
2021-02-11,Sacramento,067,1510023,91798,89988,1163,91151,1286
2021-02-11,San Benito,069,59416,5627,5609,83,5692,56
2021-02-11,San Bernardino,071,2135413,283209,276349,8405,284754,2774
2021-02-11,San Diego,073,3302833,258456,249971,12434,262405,2955
2021-02-11,San Francisco,075,870044,33337,33076,994,34070,356
2021-02-11,San Joaquin,077,732212,65303,63719,2643,66362,971
2021-02-11,San Luis Obispo,079,281455,19164,18615,527,19142,219
2021-02-11,San Mateo,081,765935,38601,37439,387,37826,253
2021-02-11,Santa Barbara,083,443738,31275,30375,1006,31381,370
2021-02-11,Santa Clara,085,1922200,107417,106392,534,106926,1507
2021-02-11,Santa Cruz,087,273765,15079,14088,756,14844,165
2021-02-11,Shasta,089,179085,10705,10672,1155,11827,140
2021-02-11,Sierra,091,2930,49,45,12,57,0
2021-02-11,Siskiyou,093,43540,1417,1320,217,1537,4
2021-02-11,Solano,095,438530,29267,28885,343,29228,138
2021-02-11,Sonoma,097,501317,27174,26971,163,27134,272
2021-02-11,Stanislaus,099,539301,49289,48205,5150,53355,697
2021-02-11,Sutter,101,95872,8638,8590,79,8669,93
2021-02-11,Tehama,103,63373,4521,4463,481,4944,26
2021-02-11,Trinity,105,12862,455,269,70,339,3
2021-02-11,Tulare,107,460477,47320,45897,7531,53428,706
2021-02-11,Tuolumne,109,53932,3701,3716,34,3750,48
2021-02-11,Ventura,111,848112,75942,74959,2693,77652,590
2021-02-11,Yolo,113,214977,12573,12303,203,12506,173
2021-02-11,Yuba,115,75493,5366,5261,81,5342,38
2021-02-10,Alameda,001,1643700,78618,77344,1675,79019,944
2021-02-10,Alpine,003,1148,77,76,0,76,0
2021-02-10,Amador,005,37829,3399,3348,29,3377,35
2021-02-10,Butte,007,227075,11077,10594,1563,12157,155
2021-02-10,Calaveras,009,45235,1864,1850,11,1861,21
2021-02-10,Colusa,011,21464,1842,1815,245,2060,10
2021-02-10,Contra Costa,013,1133247,61093,59488,1037,60525,590
2021-02-10,Del Norte,015,27424,936,888,4,892,2
2021-02-10,El Dorado,017,186661,8906,8682,598,9280,87
2021-02-10,Fresno,019,978130,94085,91876,7370,99246,1247
2021-02-10,Glenn,021,27897,2202,2160,475,2635,14
2021-02-10,Humboldt,023,135768,2983,2924,19,2943,29
2021-02-10,Imperial,025,180216,26995,26522,2437,28959,578
2021-02-10,Inyo,027,18085,1195,1138,9,1147,30
2021-02-10,Kern,029,883053,91418,88933,9287,98220,926
2021-02-10,Kings,031,150075,21839,21294,930,22224,197
2021-02-10,Lake,033,64148,3057,2975,1,2976,36
2021-02-10,Lassen,035,31185,5053,4993,89,5082,1
2021-02-10,Los Angeles,037,10098052,1156000,1125437,37891,1163328,18338
2021-02-10,Madera,039,155013,15232,14925,771,15696,105
2021-02-10,Marin,041,260295,12843,12651,151,12802,199
2021-02-10,Mariposa,043,17540,370,360,4,364,4
2021-02-10,Mendocino,045,87422,3550,3395,69,3464,38
2021-02-10,Merced,047,269075,27495,27246,837,28083,359
2021-02-10,Modoc,049,8938,334,315,110,425,3
2021-02-10,Mono,051,14174,1159,1170,16,1186,3
2021-02-10,Monterey,053,433212,41162,40366,1588,41954,288
2021-02-10,Napa,055,140530,8814,8769,33,8802,55
2021-02-10,Nevada,057,99092,3828,3693,150,3843,47
2021-02-10,Orange,059,3164182,243088,239974,9957,249931,3439
2021-02-10,Placer,061,380077,20056,19062,1056,20118,220
2021-02-10,Plumas,063,18699,631,589,10,599,2
2021-02-10,Riverside,065,2383286,281371,273721,13212,286933,3374
2021-02-10,Sacramento,067,1510023,91547,89653,1159,90812,1275
2021-02-10,San Benito,069,59416,5613,5591,83,5674,55
2021-02-10,San Bernardino,071,2135413,282854,275616,8389,284005,2696
2021-02-10,San Diego,073,3302833,257874,248858,12396,261254,2904
2021-02-10,San Francisco,075,870044,33254,32955,991,33946,351
2021-02-10,San Joaquin,077,732212,65161,63484,2629,66113,954
2021-02-10,San Luis Obispo,079,281455,19085,18549,525,19074,216
2021-02-10,San Mateo,081,765935,38511,37323,387,37710,245
2021-02-10,Santa Barbara,083,443738,31184,30216,1001,31217,359
2021-02-10,Santa Clara,085,1922200,107177,106048,531,106579,1489
2021-02-10,Santa Cruz,087,273765,15043,14007,754,14761,165
2021-02-10,Shasta,089,179085,10682,10645,1152,11797,142
2021-02-10,Sierra,091,2930,49,45,12,57,0
2021-02-10,Siskiyou,093,43540,1412,1314,216,1530,4
2021-02-10,Solano,095,438530,29192,28835,341,29176,137
2021-02-10,Sonoma,097,501317,27078,26881,161,27042,271
2021-02-10,Stanislaus,099,539301,49172,48016,5134,53150,696
2021-02-10,Sutter,101,95872,8621,8571,79,8650,93
2021-02-10,Tehama,103,63373,4513,4445,481,4926,23
2021-02-10,Trinity,105,12862,452,268,70,338,3
2021-02-10,Tulare,107,460477,47203,45782,7492,53274,696
2021-02-10,Tuolumne,109,53932,3693,3691,34,3725,48
2021-02-10,Ventura,111,848112,75714,74651,2676,77327,580
2021-02-10,Yolo,113,214977,12549,12276,202,12478,174
2021-02-10,Yuba,115,75493,5348,5241,81,5322,38
2021-02-09,Alameda,001,1643700,78354,77018,1671,78689,936
2021-02-09,Alpine,003,1148,77,76,0,76,0
2021-02-09,Amador,005,37829,3391,3347,29,3376,35
2021-02-09,Butte,007,227075,11051,10563,1560,12123,153
2021-02-09,Calaveras,009,45235,1860,1847,11,1858,21
2021-02-09,Colusa,011,21464,1833,1812,240,2052,10
2021-02-09,Contra Costa,013,1133247,60904,59307,1031,60338,583
2021-02-09,Del Norte,015,27424,930,886,4,890,2
2021-02-09,El Dorado,017,186661,8879,8663,596,9259,87
2021-02-09,Fresno,019,978130,93843,91730,7342,99072,1211
2021-02-09,Glenn,021,27897,2198,2156,475,2631,14
2021-02-09,Humboldt,023,135768,2975,2904,19,2923,29
2021-02-09,Imperial,025,180216,26964,26509,2434,28943,568
2021-02-09,Inyo,027,18085,1187,1137,9,1146,30
2021-02-09,Kern,029,883053,91166,88684,9241,97925,920
2021-02-09,Kings,031,150075,21797,21275,928,22203,196
2021-02-09,Lake,033,64148,3046,2955,1,2956,36
2021-02-09,Lassen,035,31185,5046,4983,89,5072,1
2021-02-09,Los Angeles,037,10098052,1154026,1122745,37807,1160552,18198
2021-02-09,Madera,039,155013,15212,14912,768,15680,105
2021-02-09,Marin,041,260295,12810,12623,150,12773,197
2021-02-09,Mariposa,043,17540,368,355,4,359,4
2021-02-09,Mendocino,045,87422,3532,3369,69,3438,38
2021-02-09,Merced,047,269075,27397,27166,832,27998,354
2021-02-09,Modoc,049,8938,333,316,110,426,3
2021-02-09,Mono,051,14174,1158,1167,16,1183,3
2021-02-09,Monterey,053,433212,41054,40279,1575,41854,285
2021-02-09,Napa,055,140530,8801,8749,33,8782,55
2021-02-09,Nevada,057,99092,3812,3687,150,3837,44
2021-02-09,Orange,059,3164182,242676,239169,9926,249095,3406
2021-02-09,Placer,061,380077,19991,19008,1049,20057,220
2021-02-09,Plumas,063,18699,631,584,10,594,2
2021-02-09,Riverside,065,2383286,280877,273465,13195,286660,3334
2021-02-09,Sacramento,067,1510023,91236,89378,1158,90536,1265
2021-02-09,San Benito,069,59416,5601,5566,82,5648,54
2021-02-09,San Bernardino,071,2135413,282480,274998,8376,283374,2613
2021-02-09,San Diego,073,3302833,257216,248048,12353,260401,2853
2021-02-09,San Francisco,075,870044,33175,32782,981,33763,349
2021-02-09,San Joaquin,077,732212,64986,63341,2624,65965,937
2021-02-09,San Luis Obispo,079,281455,19026,18489,524,19013,216
2021-02-09,San Mateo,081,765935,38380,37227,386,37613,235
2021-02-09,Santa Barbara,083,443738,31072,30118,995,31113,351
2021-02-09,Santa Clara,085,1922200,106871,105762,528,106290,1463
2021-02-09,Santa Cruz,087,273765,14992,13958,749,14707,162
2021-02-09,Shasta,089,179085,10654,10595,1150,11745,139
2021-02-09,Sierra,091,2930,49,44,12,56,0
2021-02-09,Siskiyou,093,43540,1404,1306,214,1520,4
2021-02-09,Solano,095,438530,29113,28769,338,29107,131
2021-02-09,Sonoma,097,501317,26988,26826,159,26985,267
2021-02-09,Stanislaus,099,539301,49012,47906,5118,53024,679
2021-02-09,Sutter,101,95872,8605,8541,79,8620,92
2021-02-09,Tehama,103,63373,4506,4416,480,4896,22
2021-02-09,Trinity,105,12862,452,266,70,336,3
2021-02-09,Tulare,107,460477,47069,45704,7438,53142,686
2021-02-09,Tuolumne,109,53932,3674,3673,34,3707,48
2021-02-09,Ventura,111,848112,75462,74333,2668,77001,567
2021-02-09,Yolo,113,214977,12507,12220,202,12422,174
2021-02-09,Yuba,115,75493,5339,5235,81,5316,35
2021-02-08,Alameda,001,1643700,78091,76735,1666,78401,924
2021-02-08,Alpine,003,1148,77,73,0,73,0
2021-02-08,Amador,005,37829,3384,3344,28,3372,33
2021-02-08,Butte,007,227075,11029,10524,1556,12080,152
2021-02-08,Calaveras,009,45235,1859,1840,11,1851,21
2021-02-08,Colusa,011,21464,1825,1802,236,2038,10
2021-02-08,Contra Costa,013,1133247,60694,59039,1029,60068,567
2021-02-08,Del Norte,015,27424,927,885,4,889,2
2021-02-08,El Dorado,017,186661,8848,8627,593,9220,86
2021-02-08,Fresno,019,978130,93630,91430,7316,98746,1207
2021-02-08,Glenn,021,27897,2194,2148,473,2621,14
2021-02-08,Humboldt,023,135768,2967,2902,19,2921,29
2021-02-08,Imperial,025,180216,26942,26526,2432,28958,567
2021-02-08,Inyo,027,18085,1174,1126,9,1135,30
2021-02-08,Kern,029,883053,90949,88380,9181,97561,920
2021-02-08,Kings,031,150075,21735,21232,925,22157,195
2021-02-08,Lake,033,64148,3027,2949,1,2950,36
2021-02-08,Lassen,035,31185,5033,4976,89,5065,1
2021-02-08,Los Angeles,037,10098052,1151930,1120179,37685,1157864,17977
2021-02-08,Madera,039,155013,15176,14887,761,15648,93
2021-02-08,Marin,041,260295,12780,12591,150,12741,194
2021-02-08,Mariposa,043,17540,368,355,4,359,4
2021-02-08,Mendocino,045,87422,3518,3355,69,3424,38
2021-02-08,Merced,047,269075,27314,27082,827,27909,346
2021-02-08,Modoc,049,8938,331,318,110,428,3
2021-02-08,Mono,051,14174,1158,1165,16,1181,3
2021-02-08,Monterey,053,433212,40934,40186,1556,41742,283
2021-02-08,Napa,055,140530,8786,8719,33,8752,55
2021-02-08,Nevada,057,99092,3800,3671,150,3821,44
2021-02-08,Orange,059,3164182,242209,238715,9903,248618,3361
2021-02-08,Placer,061,380077,19949,18944,1043,19987,211
2021-02-08,Plumas,063,18699,630,584,10,594,2
2021-02-08,Riverside,065,2383286,280309,272904,13169,286073,3301
2021-02-08,Sacramento,067,1510023,90950,89267,1155,90422,1247
2021-02-08,San Benito,069,59416,5596,5553,81,5634,52
2021-02-08,San Bernardino,071,2135413,282077,274661,8370,283031,2587
2021-02-08,San Diego,073,3302833,256473,247259,12312,259571,2821
2021-02-08,San Francisco,075,870044,33081,32679,973,33652,348
2021-02-08,San Joaquin,077,732212,64825,63148,2614,65762,929
2021-02-08,San Luis Obispo,079,281455,18969,18421,519,18940,214
2021-02-08,San Mateo,081,765935,38271,37084,386,37470,232
2021-02-08,Santa Barbara,083,443738,30957,29978,988,30966,340
2021-02-08,Santa Clara,085,1922200,106548,105413,520,105933,1456
2021-02-08,Santa Cruz,087,273765,14953,13921,743,14664,161
2021-02-08,Shasta,089,179085,10627,10574,1144,11718,137
2021-02-08,Sierra,091,2930,49,44,12,56,0
2021-02-08,Siskiyou,093,43540,1401,1303,214,1517,4
2021-02-08,Solano,095,438530,29047,28644,336,28980,130
2021-02-08,Sonoma,097,501317,26897,26760,158,26918,259
2021-02-08,Stanislaus,099,539301,48857,47704,5090,52794,679
2021-02-08,Sutter,101,95872,8586,8526,79,8605,92
2021-02-08,Tehama,103,63373,4496,4403,477,4880,22
2021-02-08,Trinity,105,12862,450,266,70,336,3
2021-02-08,Tulare,107,460477,46961,45617,7398,53015,673
2021-02-08,Tuolumne,109,53932,3666,3647,34,3681,48
2021-02-08,Ventura,111,848112,75205,74068,2662,76730,565
2021-02-08,Yolo,113,214977,12475,12169,201,12370,162
2021-02-08,Yuba,115,75493,5323,5215,81,5296,35
2021-02-07,Alameda,001,1643700,77789,76500,1658,78158,924
2021-02-07,Alpine,003,1148,74,72,0,72,0
2021-02-07,Amador,005,37829,3363,3343,28,3371,33
2021-02-07,Butte,007,227075,10997,10513,1548,12061,152
2021-02-07,Calaveras,009,45235,1855,1837,11,1848,21
2021-02-07,Colusa,011,21464,1814,1795,234,2029,10
2021-02-07,Contra Costa,013,1133247,60452,58836,1024,59860,566
2021-02-07,Del Norte,015,27424,923,881,4,885,2
2021-02-07,El Dorado,017,186661,8819,8596,591,9187,86
2021-02-07,Fresno,019,978130,93400,91184,7278,98462,1207
2021-02-07,Glenn,021,27897,2190,2141,468,2609,14
2021-02-07,Humboldt,023,135768,2946,2895,19,2914,28
2021-02-07,Imperial,025,180216,26915,26518,2427,28945,567
2021-02-07,Inyo,027,18085,1163,1124,9,1133,27
2021-02-07,Kern,029,883053,90702,88146,9123,97269,920
2021-02-07,Kings,031,150075,21674,21180,922,22102,192
2021-02-07,Lake,033,64148,3012,2940,1,2941,36
2021-02-07,Lassen,035,31185,5022,4973,89,5062,1
2021-02-07,Los Angeles,037,10098052,1149171,1117551,37557,1155108,17889
2021-02-07,Madera,039,155013,15142,14850,757,15607,93
2021-02-07,Marin,041,260295,12747,12571,148,12719,194
2021-02-07,Mariposa,043,17540,367,355,4,359,4
2021-02-07,Mendocino,045,87422,3501,3348,69,3417,38
2021-02-07,Merced,047,269075,27202,26977,815,27792,346
2021-02-07,Modoc,049,8938,331,317,106,423,3
2021-02-07,Mono,051,14174,1155,1165,16,1181,3
2021-02-07,Monterey,053,433212,40798,40113,1537,41650,283
2021-02-07,Napa,055,140530,8763,8701,33,8734,55
2021-02-07,Nevada,057,99092,3789,3643,150,3793,44
2021-02-07,Orange,059,3164182,241611,238155,9869,248024,3336
2021-02-07,Placer,061,380077,19902,18903,1030,19933,211
2021-02-07,Plumas,063,18699,630,584,10,594,2
2021-02-07,Riverside,065,2383286,279781,272301,13148,285449,3267
2021-02-07,Sacramento,067,1510023,90617,88919,1148,90067,1246
2021-02-07,San Benito,069,59416,5577,5548,80,5628,52
2021-02-07,San Bernardino,071,2135413,281483,274316,8345,282661,2587
2021-02-07,San Diego,073,3302833,255687,246561,12248,258809,2821
2021-02-07,San Francisco,075,870044,32961,32609,961,33570,348
2021-02-07,San Joaquin,077,732212,64551,63051,2599,65650,929
2021-02-07,San Luis Obispo,079,281455,18897,18349,512,18861,214
2021-02-07,San Mateo,081,765935,38137,36984,384,37368,232
2021-02-07,Santa Barbara,083,443738,30817,29815,977,30792,340
2021-02-07,Santa Clara,085,1922200,106209,105118,510,105628,1450
2021-02-07,Santa Cruz,087,273765,14899,13887,738,14625,161
2021-02-07,Shasta,089,179085,10607,10570,1136,11706,137
2021-02-07,Sierra,091,2930,49,43,12,55,0
2021-02-07,Siskiyou,093,43540,1394,1295,212,1507,4
2021-02-07,Solano,095,438530,28936,28567,335,28902,130
2021-02-07,Sonoma,097,501317,26790,26684,154,26838,257
2021-02-07,Stanislaus,099,539301,48667,47551,5058,52609,679
2021-02-07,Sutter,101,95872,8558,8515,79,8594,92
2021-02-07,Tehama,103,63373,4480,4396,476,4872,22
2021-02-07,Trinity,105,12862,447,264,68,332,3
2021-02-07,Tulare,107,460477,46839,45520,7320,52840,671
2021-02-07,Tuolumne,109,53932,3642,3619,33,3652,48
2021-02-07,Ventura,111,848112,74894,73759,2650,76409,561
2021-02-07,Yolo,113,214977,12430,12135,201,12336,162
2021-02-07,Yuba,115,75493,5308,5198,79,5277,35
2021-02-06,Alameda,001,1643700,77635,76170,1647,77817,922
2021-02-06,Alpine,003,1148,74,72,0,72,0
2021-02-06,Amador,005,37829,3357,3306,28,3334,33
2021-02-06,Butte,007,227075,10980,10480,1544,12024,150
2021-02-06,Calaveras,009,45235,1853,1832,11,1843,21
2021-02-06,Colusa,011,21464,1812,1791,233,2024,10
2021-02-06,Contra Costa,013,1133247,60305,58567,1018,59585,566
2021-02-06,Del Norte,015,27424,919,879,4,883,2
2021-02-06,El Dorado,017,186661,8812,8575,587,9162,86
2021-02-06,Fresno,019,978130,93287,90944,7257,98201,1207
2021-02-06,Glenn,021,27897,2188,2136,467,2603,14
2021-02-06,Humboldt,023,135768,2935,2880,19,2899,28
2021-02-06,Imperial,025,180216,26903,26514,2426,28940,567
2021-02-06,Inyo,027,18085,1160,1113,9,1122,27
2021-02-06,Kern,029,883053,90548,87919,9077,96996,912
2021-02-06,Kings,031,150075,21644,21156,922,22078,190
2021-02-06,Lake,033,64148,3007,2920,1,2921,34
2021-02-06,Lassen,035,31185,5018,4964,88,5052,1
2021-02-06,Los Angeles,037,10098052,1147815,1114718,37459,1152177,17793
2021-02-06,Madera,039,155013,15121,14807,755,15562,93
2021-02-06,Marin,041,260295,12727,12531,148,12679,194
2021-02-06,Mariposa,043,17540,366,355,3,358,4
2021-02-06,Mendocino,045,87422,3483,3316,68,3384,38
2021-02-06,Merced,047,269075,27116,26881,807,27688,346
2021-02-06,Modoc,049,8938,331,313,106,419,3
2021-02-06,Mono,051,14174,1154,1159,16,1175,3
2021-02-06,Monterey,053,433212,40740,39995,1529,41524,282
2021-02-06,Napa,055,140530,8750,8639,33,8672,55
2021-02-06,Nevada,057,99092,3777,3624,150,3774,43
2021-02-06,Orange,059,3164182,241248,237391,9835,247226,3293
2021-02-06,Placer,061,380077,19865,18836,1027,19863,211
2021-02-06,Plumas,063,18699,630,584,10,594,2
2021-02-06,Riverside,065,2383286,279412,271741,13129,284870,3243
2021-02-06,Sacramento,067,1510023,90400,88532,1138,89670,1237
2021-02-06,San Benito,069,59416,5559,5516,80,5596,52
2021-02-06,San Bernardino,071,2135413,281174,273718,8323,282041,2564
2021-02-06,San Diego,073,3302833,255191,245331,12213,257544,2812
2021-02-06,San Francisco,075,870044,32887,32437,951,33388,346
2021-02-06,San Joaquin,077,732212,64472,62840,2588,65428,906
2021-02-06,San Luis Obispo,079,281455,18855,18284,508,18792,214
2021-02-06,San Mateo,081,765935,38069,36824,381,37205,232
2021-02-06,Santa Barbara,083,443738,30741,29645,975,30620,337
2021-02-06,Santa Clara,085,1922200,105987,104639,505,105144,1439
2021-02-06,Santa Cruz,087,273765,14868,13845,734,14579,161
2021-02-06,Shasta,089,179085,10596,10561,1134,11695,137
2021-02-06,Sierra,091,2930,49,43,12,55,0
2021-02-06,Siskiyou,093,43540,1391,1289,211,1500,4
2021-02-06,Solano,095,438530,28900,28446,334,28780,129
2021-02-06,Sonoma,097,501317,26753,26564,152,26716,257
2021-02-06,Stanislaus,099,539301,48571,47325,5042,52367,679
2021-02-06,Sutter,101,95872,8550,8485,79,8564,92
2021-02-06,Tehama,103,63373,4470,4380,475,4855,22
2021-02-06,Trinity,105,12862,447,263,68,331,3
2021-02-06,Tulare,107,460477,46771,45349,7273,52622,664
2021-02-06,Tuolumne,109,53932,3635,3612,33,3645,48
2021-02-06,Ventura,111,848112,74714,73431,2644,76075,552
2021-02-06,Yolo,113,214977,12407,12061,201,12262,161
2021-02-06,Yuba,115,75493,5298,5177,78,5255,35
2021-02-05,Alameda,001,1643700,77407,75716,1645,77361,916
2021-02-05,Alpine,003,1148,74,72,0,72,0
2021-02-05,Amador,005,37829,3352,3299,27,3326,33
2021-02-05,Butte,007,227075,10961,10421,1537,11958,150
2021-02-05,Calaveras,009,45235,1849,1818,11,1829,21
2021-02-05,Colusa,011,21464,1808,1785,233,2018,10
2021-02-05,Contra Costa,013,1133247,60144,58195,1016,59211,560
2021-02-05,Del Norte,015,27424,918,874,4,878,2
2021-02-05,El Dorado,017,186661,8792,8527,585,9112,86
2021-02-05,Fresno,019,978130,93085,90513,7236,97749,1194
2021-02-05,Glenn,021,27897,2185,2122,462,2584,14
2021-02-05,Humboldt,023,135768,2925,2857,19,2876,28
2021-02-05,Imperial,025,180216,26884,26474,2425,28899,557
2021-02-05,Inyo,027,18085,1156,1104,9,1113,27
2021-02-05,Kern,029,883053,90379,87470,9010,96480,906
2021-02-05,Kings,031,150075,21606,21021,919,21940,190
2021-02-05,Lake,033,64148,2995,2906,1,2907,33
2021-02-05,Lassen,035,31185,5014,4936,88,5024,1
2021-02-05,Los Angeles,037,10098052,1145712,1110384,37328,1147712,17608
2021-02-05,Madera,039,155013,15087,14752,750,15502,95
2021-02-05,Marin,041,260295,12692,12479,148,12627,193
2021-02-05,Mariposa,043,17540,366,352,3,355,4
2021-02-05,Mendocino,045,87422,3469,3272,68,3340,38
2021-02-05,Merced,047,269075,27056,26760,806,27566,345
2021-02-05,Modoc,049,8938,331,312,106,418,3
2021-02-05,Mono,051,14174,1153,1157,16,1173,3
2021-02-05,Monterey,053,433212,40673,39840,1518,41358,281
2021-02-05,Napa,055,140530,8736,8598,33,8631,55
2021-02-05,Nevada,057,99092,3774,3607,150,3757,43
2021-02-05,Orange,059,3164182,240821,236335,9808,246143,3260
2021-02-05,Placer,061,380077,19829,18756,1025,19781,211
2021-02-05,Plumas,063,18699,628,578,10,588,2
2021-02-05,Riverside,065,2383286,278998,270666,13110,283776,3235
2021-02-05,Sacramento,067,1510023,90220,87992,1131,89123,1231
2021-02-05,San Benito,069,59416,5548,5502,80,5582,51
2021-02-05,San Bernardino,071,2135413,280828,272938,8305,281243,2495
2021-02-05,San Diego,073,3302833,254615,244066,12178,256244,2777
2021-02-05,San Francisco,075,870044,32797,32229,940,33169,337
2021-02-05,San Joaquin,077,732212,64323,62565,2580,65145,902
2021-02-05,San Luis Obispo,079,281455,18794,18152,504,18656,213
2021-02-05,San Mateo,081,765935,37986,36582,380,36962,227
2021-02-05,Santa Barbara,083,443738,30644,29455,962,30417,334
2021-02-05,Santa Clara,085,1922200,105739,104112,503,104615,1421
2021-02-05,Santa Cruz,087,273765,14847,13776,732,14508,161
2021-02-05,Shasta,089,179085,10580,10507,1127,11634,136
2021-02-05,Sierra,091,2930,49,42,12,54,0
2021-02-05,Siskiyou,093,43540,1384,1276,209,1485,4
2021-02-05,Solano,095,438530,28850,28283,334,28617,127
2021-02-05,Sonoma,097,501317,26684,26423,149,26572,252
2021-02-05,Stanislaus,099,539301,48426,47024,5024,52048,678
2021-02-05,Sutter,101,95872,8530,8443,79,8522,92
2021-02-05,Tehama,103,63373,4461,4355,474,4829,22
2021-02-05,Trinity,105,12862,446,260,68,328,3
2021-02-05,Tulare,107,460477,46695,45138,7224,52362,663
2021-02-05,Tuolumne,109,53932,3609,3595,33,3628,45
2021-02-05,Ventura,111,848112,74469,72953,2632,75585,546
2021-02-05,Yolo,113,214977,12388,12025,196,12221,162
2021-02-05,Yuba,115,75493,5281,5145,78,5223,35
2021-02-04,Alameda,001,1643700,77122,75422,1639,77061,899
2021-02-04,Alpine,003,1148,73,72,0,72,0
2021-02-04,Amador,005,37829,3349,3288,27,3315,33
2021-02-04,Butte,007,227075,10928,10386,1529,11915,147
2021-02-04,Calaveras,009,45235,1847,1808,11,1819,21
2021-02-04,Colusa,011,21464,1804,1777,231,2008,10
2021-02-04,Contra Costa,013,1133247,59957,57991,1012,59003,550
2021-02-04,Del Norte,015,27424,912,870,4,874,2
2021-02-04,El Dorado,017,186661,8766,8490,582,9072,86
2021-02-04,Fresno,019,978130,92870,90126,7209,97335,1114
2021-02-04,Glenn,021,27897,2180,2102,461,2563,14
2021-02-04,Humboldt,023,135768,2915,2827,19,2846,28
2021-02-04,Imperial,025,180216,26839,26411,2423,28834,556
2021-02-04,Inyo,027,18085,1144,1084,9,1093,27
2021-02-04,Kern,029,883053,90105,87156,8933,96089,898
2021-02-04,Kings,031,150075,21555,20918,912,21830,187
2021-02-04,Lake,033,64148,2983,2882,1,2883,34
2021-02-04,Lassen,035,31185,5011,4927,88,5015,1
2021-02-04,Los Angeles,037,10098052,1142912,1106323,37201,1143524,17396
2021-02-04,Madera,039,155013,15057,14706,747,15453,95
2021-02-04,Marin,041,260295,12656,12431,148,12579,192
2021-02-04,Mariposa,043,17540,366,348,3,351,4
2021-02-04,Mendocino,045,87422,3451,3240,66,3306,38
2021-02-04,Merced,047,269075,26962,26629,803,27432,345
2021-02-04,Modoc,049,8938,331,309,106,415,3
2021-02-04,Mono,051,14174,1151,1153,16,1169,3
2021-02-04,Monterey,053,433212,40562,39619,1501,41120,279
2021-02-04,Napa,055,140530,8707,8573,33,8606,55
2021-02-04,Nevada,057,99092,3754,3590,149,3739,37
2021-02-04,Orange,059,3164182,240178,235677,9766,245443,3238
2021-02-04,Placer,061,380077,19769,18711,1016,19727,210
2021-02-04,Plumas,063,18699,625,562,10,572,2
2021-02-04,Riverside,065,2383286,278235,269851,13071,282922,3230
2021-02-04,Sacramento,067,1510023,89919,87658,1121,88779,1222
2021-02-04,San Benito,069,59416,5534,5488,79,5567,51
2021-02-04,San Bernardino,071,2135413,280279,272223,8285,280508,2409
2021-02-04,San Diego,073,3302833,253827,242613,12112,254725,2738
2021-02-04,San Francisco,075,870044,32683,32116,931,33047,326
2021-02-04,San Joaquin,077,732212,64098,62374,2572,64946,883
2021-02-04,San Luis Obispo,079,281455,18727,18058,502,18560,211
2021-02-04,San Mateo,081,765935,37865,36437,377,36814,226
2021-02-04,Santa Barbara,083,443738,30509,29344,945,30289,322
2021-02-04,Santa Clara,085,1922200,105396,103781,500,104281,1404
2021-02-04,Santa Cruz,087,273765,14814,13713,724,14437,156
2021-02-04,Shasta,089,179085,10554,10466,1122,11588,131
2021-02-04,Sierra,091,2930,49,42,12,54,0
2021-02-04,Siskiyou,093,43540,1375,1273,209,1482,4
2021-02-04,Solano,095,438530,28747,28192,332,28524,120
2021-02-04,Sonoma,097,501317,26602,26276,145,26421,249
2021-02-04,Stanislaus,099,539301,48264,46822,5005,51827,678
2021-02-04,Sutter,101,95872,8510,8401,79,8480,92
2021-02-04,Tehama,103,63373,4444,4327,473,4800,21
2021-02-04,Trinity,105,12862,445,260,67,327,3
2021-02-04,Tulare,107,460477,46568,44983,7163,52146,656
2021-02-04,Tuolumne,109,53932,3569,3585,33,3618,45
2021-02-04,Ventura,111,848112,74137,72595,2619,75214,537
2021-02-04,Yolo,113,214977,12354,11982,195,12177,161
2021-02-04,Yuba,115,75493,5255,5135,78,5213,34
2021-02-03,Alameda,001,1643700,76798,74968,1635,76603,880
2021-02-03,Alpine,003,1148,73,72,0,72,0
2021-02-03,Amador,005,37829,3345,3281,27,3308,33
2021-02-03,Butte,007,227075,10896,10355,1522,11877,144
2021-02-03,Calaveras,009,45235,1832,1799,11,1810,21
2021-02-03,Colusa,011,21464,1799,1773,230,2003,10
2021-02-03,Contra Costa,013,1133247,59717,57762,1000,58762,537
2021-02-03,Del Norte,015,27424,907,869,4,873,2
2021-02-03,El Dorado,017,186661,8745,8428,581,9009,86
2021-02-03,Fresno,019,978130,92649,89748,7170,96918,1015
2021-02-03,Glenn,021,27897,2170,2098,460,2558,14
2021-02-03,Humboldt,023,135768,2905,2800,19,2819,27
2021-02-03,Imperial,025,180216,26803,26363,2417,28780,547
2021-02-03,Inyo,027,18085,1134,1071,9,1080,27
2021-02-03,Kern,029,883053,89862,86771,8892,95663,877
2021-02-03,Kings,031,150075,21494,20831,910,21741,172
2021-02-03,Lake,033,64148,2965,2869,1,2870,33
2021-02-03,Lassen,035,31185,4999,4910,88,4998,1
2021-02-03,Los Angeles,037,10098052,1139828,1101890,37078,1138968,17163
2021-02-03,Madera,039,155013,15017,14605,745,15350,94
2021-02-03,Marin,041,260295,12621,12406,148,12554,190
2021-02-03,Mariposa,043,17540,365,347,3,350,4
2021-02-03,Mendocino,045,87422,3425,3236,65,3301,38
2021-02-03,Merced,047,269075,26847,26520,798,27318,343
2021-02-03,Modoc,049,8938,330,308,106,414,3
2021-02-03,Mono,051,14174,1144,1146,16,1162,3
2021-02-03,Monterey,053,433212,40435,39500,1484,40984,279
2021-02-03,Napa,055,140530,8672,8534,33,8567,54
2021-02-03,Nevada,057,99092,3740,3572,149,3721,35
2021-02-03,Orange,059,3164182,239434,234738,9734,244472,3189
2021-02-03,Placer,061,380077,19714,18646,1014,19660,210
2021-02-03,Plumas,063,18699,625,559,10,569,2
2021-02-03,Riverside,065,2383286,277494,269019,13040,282059,3195
2021-02-03,Sacramento,067,1510023,89596,87415,1117,88532,1212
2021-02-03,San Benito,069,59416,5516,5463,76,5539,51
2021-02-03,San Bernardino,071,2135413,279793,271477,8262,279739,2308
2021-02-03,San Diego,073,3302833,252925,241015,12066,253081,2683
2021-02-03,San Francisco,075,870044,32553,31983,926,32909,325
2021-02-03,San Joaquin,077,732212,63870,61976,2562,64538,880
2021-02-03,San Luis Obispo,079,281455,18649,17922,499,18421,206
2021-02-03,San Mateo,081,765935,37727,36227,373,36600,225
2021-02-03,Santa Barbara,083,443738,30360,29121,935,30056,315
2021-02-03,Santa Clara,085,1922200,105080,103278,498,103776,1364
2021-02-03,Santa Cruz,087,273765,14759,13611,718,14329,154
2021-02-03,Shasta,089,179085,10511,10422,1117,11539,130
2021-02-03,Sierra,091,2930,49,42,12,54,0
2021-02-03,Siskiyou,093,43540,1364,1268,208,1476,4
2021-02-03,Solano,095,438530,28625,28057,332,28389,119
2021-02-03,Sonoma,097,501317,26518,26155,144,26299,248
2021-02-03,Stanislaus,099,539301,48088,46598,4986,51584,662
2021-02-03,Sutter,101,95872,8485,8379,79,8458,90
2021-02-03,Tehama,103,63373,4426,4309,470,4779,21
2021-02-03,Trinity,105,12862,445,260,66,326,3
2021-02-03,Tulare,107,460477,46397,44838,7107,51945,640
2021-02-03,Tuolumne,109,53932,3558,3568,33,3601,45
2021-02-03,Ventura,111,848112,73800,72124,2609,74733,526
2021-02-03,Yolo,113,214977,12329,11933,194,12127,161
2021-02-03,Yuba,115,75493,5237,5124,78,5202,34
2021-02-02,Alameda,001,1643700,76453,74642,1623,76265,869
2021-02-02,Alpine,003,1148,73,72,0,72,0
2021-02-02,Amador,005,37829,3314,3275,27,3302,33
2021-02-02,Butte,007,227075,10870,10307,1513,11820,141
2021-02-02,Calaveras,009,45235,1823,1786,11,1797,21
2021-02-02,Colusa,011,21464,1791,1769,225,1994,9
2021-02-02,Contra Costa,013,1133247,59438,57551,996,58547,536
2021-02-02,Del Norte,015,27424,901,868,4,872,2
2021-02-02,El Dorado,017,186661,8705,8405,581,8986,84
2021-02-02,Fresno,019,978130,92348,89542,7134,96676,1009
2021-02-02,Glenn,021,27897,2158,2090,457,2547,14
2021-02-02,Humboldt,023,135768,2893,2784,19,2803,25
2021-02-02,Imperial,025,180216,26750,26317,2411,28728,535
2021-02-02,Inyo,027,18085,1131,1074,9,1083,27
2021-02-02,Kern,029,883053,89559,86485,8816,95301,867
2021-02-02,Kings,031,150075,21416,20785,902,21687,172
2021-02-02,Lake,033,64148,2945,2857,1,2858,33
2021-02-02,Lassen,035,31185,4992,4908,88,4996,1
2021-02-02,Los Angeles,037,10098052,1136442,1097573,36916,1134489,16913
2021-02-02,Madera,039,155013,14966,14595,740,15335,94
2021-02-02,Marin,041,260295,12592,12367,148,12515,189
2021-02-02,Mariposa,043,17540,362,345,3,348,4
2021-02-02,Mendocino,045,87422,3392,3210,65,3275,38
2021-02-02,Merced,047,269075,26750,26427,792,27219,340
2021-02-02,Modoc,049,8938,325,306,106,412,3
2021-02-02,Mono,051,14174,1142,1147,16,1163,3
2021-02-02,Monterey,053,433212,40300,39371,1470,40841,278
2021-02-02,Napa,055,140530,8643,8505,33,8538,53
2021-02-02,Nevada,057,99092,3725,3548,149,3697,20
2021-02-02,Orange,059,3164182,238632,233783,9699,243482,3152
2021-02-02,Placer,061,380077,19656,18615,1010,19625,205
2021-02-02,Plumas,063,18699,625,560,10,570,2
2021-02-02,Riverside,065,2383286,276635,267901,13006,280907,3169
2021-02-02,Sacramento,067,1510023,89306,87107,1106,88213,1202
2021-02-02,San Benito,069,59416,5502,5444,75,5519,50
2021-02-02,San Bernardino,071,2135413,279114,270486,8232,278718,2244
2021-02-02,San Diego,073,3302833,251886,240047,11979,252026,2629
2021-02-02,San Francisco,075,870044,32399,31788,916,32704,324
2021-02-02,San Joaquin,077,732212,63649,61708,2549,64257,878
2021-02-02,San Luis Obispo,079,281455,18555,17811,497,18308,201
2021-02-02,San Mateo,081,765935,37563,36004,367,36371,225
2021-02-02,Santa Barbara,083,443738,30189,28951,928,29879,304
2021-02-02,Santa Clara,085,1922200,104615,102872,493,103365,1349
2021-02-02,Santa Cruz,087,273765,14700,13572,714,14286,150
2021-02-02,Shasta,089,179085,10485,10371,1107,11478,128
2021-02-02,Sierra,091,2930,49,42,12,54,0
2021-02-02,Siskiyou,093,43540,1357,1252,205,1457,4
2021-02-02,Solano,095,438530,28529,27963,328,28291,118
2021-02-02,Sonoma,097,501317,26402,26054,144,26198,247
2021-02-02,Stanislaus,099,539301,47869,46306,4954,51260,641
2021-02-02,Sutter,101,95872,8462,8340,79,8419,89
2021-02-02,Tehama,103,63373,4412,4289,469,4758,21
2021-02-02,Trinity,105,12862,445,260,66,326,3
2021-02-02,Tulare,107,460477,46241,44720,7041,51761,625
2021-02-02,Tuolumne,109,53932,3546,3548,33,3581,39
2021-02-02,Ventura,111,848112,73383,71557,2599,74156,514
2021-02-02,Yolo,113,214977,12284,11886,187,12073,158
2021-02-02,Yuba,115,75493,5219,5111,77,5188,34
2021-02-01,Alameda,001,1643700,76098,74374,1618,75992,858
2021-02-01,Alpine,003,1148,73,72,0,72,0
2021-02-01,Amador,005,37829,3303,3234,27,3261,32
2021-02-01,Butte,007,227075,10826,10263,1509,11772,141
2021-02-01,Calaveras,009,45235,1816,1785,11,1796,21
2021-02-01,Colusa,011,21464,1786,1763,216,1979,9
2021-02-01,Contra Costa,013,1133247,59195,57324,995,58319,531
2021-02-01,Del Norte,015,27424,897,865,4,869,2
2021-02-01,El Dorado,017,186661,8666,8337,581,8918,83
2021-02-01,Fresno,019,978130,92016,89272,7099,96371,994
2021-02-01,Glenn,021,27897,2142,2086,449,2535,14
2021-02-01,Humboldt,023,135768,2872,2773,18,2791,25
2021-02-01,Imperial,025,180216,26706,26224,2409,28633,530
2021-02-01,Inyo,027,18085,1121,1072,9,1081,27
2021-02-01,Kern,029,883053,89162,86170,8747,94917,862
2021-02-01,Kings,031,150075,21325,20746,894,21640,172
2021-02-01,Lake,033,64148,2929,2843,1,2844,33
2021-02-01,Lassen,035,31185,4972,4907,88,4995,1
2021-02-01,Los Angeles,037,10098052,1132616,1094341,36748,1131089,16695
2021-02-01,Madera,039,155013,14931,14572,737,15309,94
2021-02-01,Marin,041,260295,12553,12341,147,12488,188
2021-02-01,Mariposa,043,17540,360,344,3,347,4
2021-02-01,Mendocino,045,87422,3359,3192,65,3257,37
2021-02-01,Merced,047,269075,26626,26282,783,27065,337
2021-02-01,Modoc,049,8938,319,303,102,405,1
2021-02-01,Mono,051,14174,1139,1145,16,1161,3
2021-02-01,Monterey,053,433212,40116,39196,1448,40644,278
2021-02-01,Napa,055,140530,8611,8449,33,8482,52
2021-02-01,Nevada,057,99092,3708,3535,148,3683,20
2021-02-01,Orange,059,3164182,237719,233155,9653,242808,3100
2021-02-01,Placer,061,380077,19589,18574,1003,19577,204
2021-02-01,Plumas,063,18699,623,554,10,564,2
2021-02-01,Riverside,065,2383286,275697,267025,12969,279994,3092
2021-02-01,Sacramento,067,1510023,88905,86856,1095,87951,1193
2021-02-01,San Benito,069,59416,5484,5432,75,5507,48
2021-02-01,San Bernardino,071,2135413,278419,270012,8192,278204,2172
2021-02-01,San Diego,073,3302833,250661,239121,11903,251024,2619
2021-02-01,San Francisco,075,870044,32264,31703,904,32607,324
2021-02-01,San Joaquin,077,732212,63443,61542,2538,64080,877
2021-02-01,San Luis Obispo,079,281455,18435,17690,490,18180,199
2021-02-01,San Mateo,081,765935,37414,35843,367,36210,220
2021-02-01,Santa Barbara,083,443738,30020,28837,920,29757,297
2021-02-01,Santa Clara,085,1922200,104198,102462,492,102954,1343
2021-02-01,Santa Cruz,087,273765,14647,13524,712,14236,149
2021-02-01,Shasta,089,179085,10460,10329,1101,11430,112
2021-02-01,Sierra,091,2930,49,42,12,54,0
2021-02-01,Siskiyou,093,43540,1350,1238,202,1440,4
2021-02-01,Solano,095,438530,28424,27844,327,28171,117
2021-02-01,Sonoma,097,501317,26314,26011,143,26154,243
2021-02-01,Stanislaus,099,539301,47612,46112,4926,51038,642
2021-02-01,Sutter,101,95872,8423,8313,79,8392,89
2021-02-01,Tehama,103,63373,4386,4263,469,4732,21
2021-02-01,Trinity,105,12862,443,260,66,326,3
2021-02-01,Tulare,107,460477,46096,44569,6960,51529,618
2021-02-01,Tuolumne,109,53932,3538,3534,33,3567,39
2021-02-01,Ventura,111,848112,72978,71104,2582,73686,502
2021-02-01,Yolo,113,214977,12236,11824,179,12003,151
2021-02-01,Yuba,115,75493,5205,5084,76,5160,33
2021-01-31,Alameda,001,1643700,75669,73979,1610,75589,857
2021-01-31,Alpine,003,1148,73,72,0,72,0
2021-01-31,Amador,005,37829,3293,3212,25,3237,32
2021-01-31,Butte,007,227075,10781,10215,1499,11714,140
2021-01-31,Calaveras,009,45235,1796,1778,11,1789,21
2021-01-31,Colusa,011,21464,1780,1754,211,1965,9
2021-01-31,Contra Costa,013,1133247,58863,57079,995,58074,531
2021-01-31,Del Norte,015,27424,895,865,4,869,2
2021-01-31,El Dorado,017,186661,8629,8317,579,8896,83
2021-01-31,Fresno,019,978130,91704,88852,7045,95897,994
2021-01-31,Glenn,021,27897,2132,2083,448,2531,14
2021-01-31,Humboldt,023,135768,2856,2767,18,2785,25
2021-01-31,Imperial,025,180216,26634,26206,2400,28606,530
2021-01-31,Inyo,027,18085,1108,1072,9,1081,27
2021-01-31,Kern,029,883053,88666,85872,8661,94533,861
2021-01-31,Kings,031,150075,21241,20709,882,21591,172
2021-01-31,Lake,033,64148,2908,2826,1,2827,33
2021-01-31,Lassen,035,31185,4956,4900,88,4988,1
2021-01-31,Los Angeles,037,10098052,1127985,1090304,36546,1126850,16609
2021-01-31,Madera,039,155013,14877,14496,729,15225,94
2021-01-31,Marin,041,260295,12506,12297,143,12440,185
2021-01-31,Mariposa,043,17540,358,344,3,347,4
2021-01-31,Mendocino,045,87422,3336,3181,64,3245,37
2021-01-31,Merced,047,269075,26482,26222,778,27000,337
2021-01-31,Modoc,049,8938,316,304,100,404,1
2021-01-31,Mono,051,14174,1136,1146,16,1162,3
2021-01-31,Monterey,053,433212,39937,39035,1421,40456,278
2021-01-31,Napa,055,140530,8569,8404,33,8437,52
2021-01-31,Nevada,057,99092,3686,3518,146,3664,20
2021-01-31,Orange,059,3164182,236702,232347,9612,241959,3053
2021-01-31,Placer,061,380077,19512,18506,992,19498,204
2021-01-31,Plumas,063,18699,622,554,10,564,2
2021-01-31,Riverside,065,2383286,274680,266145,12922,279067,3074
2021-01-31,Sacramento,067,1510023,88463,86560,1081,87641,1186
2021-01-31,San Benito,069,59416,5462,5425,73,5498,48
2021-01-31,San Bernardino,071,2135413,277395,269533,8161,277694,2156
2021-01-31,San Diego,073,3302833,249348,238039,11789,249828,2619
2021-01-31,San Francisco,075,870044,32073,31563,893,32456,323
2021-01-31,San Joaquin,077,732212,63042,61379,2529,63908,877
2021-01-31,San Luis Obispo,079,281455,18301,17615,485,18100,199
2021-01-31,San Mateo,081,765935,37224,35659,364,36023,219
2021-01-31,Santa Barbara,083,443738,29776,28570,911,29481,297
2021-01-31,Santa Clara,085,1922200,103648,101986,483,102469,1330
2021-01-31,Santa Cruz,087,273765,14552,13469,698,14167,149
2021-01-31,Shasta,089,179085,10415,10313,1092,11405,112
2021-01-31,Sierra,091,2930,48,43,12,55,0
2021-01-31,Siskiyou,093,43540,1340,1238,202,1440,4
2021-01-31,Solano,095,438530,28294,27678,326,28004,118
2021-01-31,Sonoma,097,501317,26211,25925,142,26067,243
2021-01-31,Stanislaus,099,539301,47328,45971,4894,50865,642
2021-01-31,Sutter,101,95872,8378,8289,79,8368,89
2021-01-31,Tehama,103,63373,4364,4256,468,4724,21
2021-01-31,Trinity,105,12862,441,260,66,326,3
2021-01-31,Tulare,107,460477,45928,44440,6879,51319,618
2021-01-31,Tuolumne,109,53932,3500,3519,33,3552,39
2021-01-31,Ventura,111,848112,72383,70635,2569,73204,502
2021-01-31,Yolo,113,214977,12175,11771,173,11944,151
2021-01-31,Yuba,115,75493,5185,5071,76,5147,33
2021-01-30,Alameda,001,1643700,75464,73622,1605,75227,850
2021-01-30,Alpine,003,1148,73,72,0,72,0
2021-01-30,Amador,005,37829,3289,3181,25,3206,32
2021-01-30,Butte,007,227075,10747,10177,1490,11667,139
2021-01-30,Calaveras,009,45235,1783,1763,11,1774,21
2021-01-30,Colusa,011,21464,1778,1748,211,1959,9
2021-01-30,Contra Costa,013,1133247,58680,56763,991,57754,531
2021-01-30,Del Norte,015,27424,894,865,4,869,2
2021-01-30,El Dorado,017,186661,8609,8299,578,8877,83
2021-01-30,Fresno,019,978130,91524,88476,7025,95501,964
2021-01-30,Glenn,021,27897,2129,2074,446,2520,14
2021-01-30,Humboldt,023,135768,2845,2742,18,2760,24
2021-01-30,Imperial,025,180216,26610,26160,2398,28558,530
2021-01-30,Inyo,027,18085,1104,1068,9,1077,27
2021-01-30,Kern,029,883053,88465,85572,8595,94167,848
2021-01-30,Kings,031,150075,21170,20605,877,21482,169
2021-01-30,Lake,033,64148,2902,2809,1,2810,33
2021-01-30,Lassen,035,31185,4952,4890,88,4978,1
2021-01-30,Los Angeles,037,10098052,1125586,1084763,36404,1121167,16484
2021-01-30,Madera,039,155013,14835,14443,724,15167,94
2021-01-30,Marin,041,260295,12478,12225,142,12367,185
2021-01-30,Mariposa,043,17540,356,344,3,347,4
2021-01-30,Mendocino,045,87422,3322,3153,63,3216,36
2021-01-30,Merced,047,269075,26408,26078,776,26854,335
2021-01-30,Modoc,049,8938,316,303,100,403,1
2021-01-30,Mono,051,14174,1136,1143,16,1159,3
2021-01-30,Monterey,053,433212,39877,38847,1418,40265,277
2021-01-30,Napa,055,140530,8553,8342,33,8375,52
2021-01-30,Nevada,057,99092,3667,3499,146,3645,20
2021-01-30,Orange,059,3164182,236157,231358,9575,240933,3013
2021-01-30,Placer,061,380077,19459,18430,986,19416,205
2021-01-30,Plumas,063,18699,620,554,10,564,2
2021-01-30,Riverside,065,2383286,274083,265137,12891,278028,3061
2021-01-30,Sacramento,067,1510023,88271,86388,1076,87464,1184
2021-01-30,San Benito,069,59416,5444,5401,72,5473,48
2021-01-30,San Bernardino,071,2135413,276972,268660,8142,276802,2122
2021-01-30,San Diego,073,3302833,248583,236765,11744,248509,2603
2021-01-30,San Francisco,075,870044,31972,31427,890,32317,316
2021-01-30,San Joaquin,077,732212,62910,61120,2520,63640,864
2021-01-30,San Luis Obispo,079,281455,18221,17522,483,18005,198
2021-01-30,San Mateo,081,765935,37085,35451,363,35814,219
2021-01-30,Santa Barbara,083,443738,29634,28342,909,29251,296
2021-01-30,Santa Clara,085,1922200,103301,101471,480,101951,1307
2021-01-30,Santa Cruz,087,273765,14512,13383,697,14080,149
2021-01-30,Shasta,089,179085,10396,10283,1089,11372,112
2021-01-30,Sierra,091,2930,48,43,12,55,0
2021-01-30,Siskiyou,093,43540,1337,1236,201,1437,4
2021-01-30,Solano,095,438530,28211,27511,325,27836,118
2021-01-30,Sonoma,097,501317,26163,25810,139,25949,243
2021-01-30,Stanislaus,099,539301,47198,45697,4867,50564,642
2021-01-30,Sutter,101,95872,8362,8226,79,8305,87
2021-01-30,Tehama,103,63373,4351,4229,467,4696,21
2021-01-30,Trinity,105,12862,441,259,66,325,3
2021-01-30,Tulare,107,460477,45792,44203,6842,51045,615
2021-01-30,Tuolumne,109,53932,3496,3508,33,3541,36
2021-01-30,Ventura,111,848112,72070,69931,2555,72486,493
2021-01-30,Yolo,113,214977,12161,11698,172,11870,151
2021-01-30,Yuba,115,75493,5175,5042,75,5117,33
2021-01-29,Alameda,001,1643700,75197,73210,1598,74808,841
2021-01-29,Alpine,003,1148,73,72,0,72,0
2021-01-29,Amador,005,37829,3277,3134,24,3158,32
2021-01-29,Butte,007,227075,10715,10122,1480,11602,138
2021-01-29,Calaveras,009,45235,1772,1757,11,1768,21
2021-01-29,Colusa,011,21464,1774,1734,210,1944,8
2021-01-29,Contra Costa,013,1133247,58510,56318,989,57307,529
2021-01-29,Del Norte,015,27424,893,865,4,869,2
2021-01-29,El Dorado,017,186661,8592,8231,577,8808,83
2021-01-29,Fresno,019,978130,91309,87936,6987,94923,962
2021-01-29,Glenn,021,27897,2124,2061,445,2506,14
2021-01-29,Humboldt,023,135768,2832,2707,18,2725,24
2021-01-29,Imperial,025,180216,26595,26045,2395,28440,521
2021-01-29,Inyo,027,18085,1092,1048,9,1057,27
2021-01-29,Kern,029,883053,88238,85044,8543,93587,836
2021-01-29,Kings,031,150075,21131,20466,872,21338,169
2021-01-29,Lake,033,64148,2893,2792,1,2793,32
2021-01-29,Lassen,035,31185,4949,4874,88,4962,1
2021-01-29,Los Angeles,037,10098052,1122096,1078329,36251,1114580,16190
2021-01-29,Madera,039,155013,14784,14377,724,15101,94
2021-01-29,Marin,041,260295,12433,12145,141,12286,185
2021-01-29,Mariposa,043,17540,355,342,3,345,4
2021-01-29,Mendocino,045,87422,3313,3131,62,3193,36
2021-01-29,Merced,047,269075,26334,25865,771,26636,334
2021-01-29,Modoc,049,8938,315,297,100,397,1
2021-01-29,Mono,051,14174,1134,1139,16,1155,3
2021-01-29,Monterey,053,433212,39763,38539,1410,39949,277
2021-01-29,Napa,055,140530,8522,8276,33,8309,52
2021-01-29,Nevada,057,99092,3658,3487,145,3632,20
2021-01-29,Orange,059,3164182,235480,229917,9537,239454,2967
2021-01-29,Placer,061,380077,19406,18367,982,19349,203
2021-01-29,Plumas,063,18699,619,548,10,558,2
2021-01-29,Riverside,065,2383286,273281,263504,12858,276362,3008
2021-01-29,Sacramento,067,1510023,88017,86320,1072,87392,1169
2021-01-29,San Benito,069,59416,5436,5386,72,5458,48
2021-01-29,San Bernardino,071,2135413,276460,267490,8102,275592,2095
2021-01-29,San Diego,073,3302833,247641,234637,11666,246303,2571
2021-01-29,San Francisco,075,870044,31832,31294,882,32176,307
2021-01-29,San Joaquin,077,732212,62765,60899,2506,63405,858
2021-01-29,San Luis Obispo,079,281455,18161,17440,478,17918,193
2021-01-29,San Mateo,081,765935,36951,35223,360,35583,218
2021-01-29,Santa Barbara,083,443738,29500,28105,903,29008,291
2021-01-29,Santa Clara,085,1922200,102939,101010,478,101488,1273
2021-01-29,Santa Cruz,087,273765,14459,13311,694,14005,148
2021-01-29,Shasta,089,179085,10379,10220,1085,11305,112
2021-01-29,Sierra,091,2930,48,43,12,55,0
2021-01-29,Siskiyou,093,43540,1336,1227,201,1428,4
2021-01-29,Solano,095,438530,28128,27352,323,27675,116
2021-01-29,Sonoma,097,501317,26107,25710,138,25848,243
2021-01-29,Stanislaus,099,539301,47055,45466,4845,50311,642
2021-01-29,Sutter,101,95872,8343,8181,79,8260,87
2021-01-29,Tehama,103,63373,4339,4191,465,4656,20
2021-01-29,Trinity,105,12862,441,260,66,326,3
2021-01-29,Tulare,107,460477,45685,43925,6803,50728,606
2021-01-29,Tuolumne,109,53932,3486,3483,33,3516,36
2021-01-29,Ventura,111,848112,71646,69511,2541,72052,484
2021-01-29,Yolo,113,214977,12123,11612,171,11783,151
2021-01-29,Yuba,115,75493,5159,5018,75,5093,32
2021-01-28,Alameda,001,1643700,74773,72758,1590,74348,833
2021-01-28,Alpine,003,1148,73,72,0,72,0
2021-01-28,Amador,005,37829,3240,3124,24,3148,31
2021-01-28,Butte,007,227075,10674,10037,1470,11507,138
2021-01-28,Calaveras,009,45235,1759,1747,10,1757,21
2021-01-28,Colusa,011,21464,1767,1731,206,1937,8
2021-01-28,Contra Costa,013,1133247,58269,55999,979,56978,525
2021-01-28,Del Norte,015,27424,892,862,4,866,2
2021-01-28,El Dorado,017,186661,8577,8198,572,8770,79
2021-01-28,Fresno,019,978130,91021,87401,6938,94339,949
2021-01-28,Glenn,021,27897,2119,2043,438,2481,14
2021-01-28,Humboldt,023,135768,2815,2686,18,2704,24
2021-01-28,Imperial,025,180216,26551,25984,2388,28372,517
2021-01-28,Inyo,027,18085,1087,1039,9,1048,27
2021-01-28,Kern,029,883053,87909,84708,8459,93167,817
2021-01-28,Kings,031,150075,21071,20328,868,21196,167
2021-01-28,Lake,033,64148,2878,2772,1,2773,32
2021-01-28,Lassen,035,31185,4943,4865,88,4953,1
2021-01-28,Los Angeles,037,10098052,1118184,1072412,36063,1108475,15967
2021-01-28,Madera,039,155013,14728,14301,720,15021,94
2021-01-28,Marin,041,260295,12380,12079,140,12219,183
2021-01-28,Mariposa,043,17540,355,334,3,337,4
2021-01-28,Mendocino,045,87422,3296,3110,62,3172,36
2021-01-28,Merced,047,269075,26212,25620,759,26379,328
2021-01-28,Modoc,049,8938,314,297,100,397,0
2021-01-28,Mono,051,14174,1132,1131,16,1147,3
2021-01-28,Monterey,053,433212,39569,38312,1391,39703,274
2021-01-28,Napa,055,140530,8475,8233,33,8266,50
2021-01-28,Nevada,057,99092,3643,3452,144,3596,19
2021-01-28,Orange,059,3164182,234501,228636,9507,238143,2860
2021-01-28,Placer,061,380077,19346,18246,979,19225,198
2021-01-28,Plumas,063,18699,618,547,10,557,2
2021-01-28,Riverside,065,2383286,272500,262342,12810,275152,2981
2021-01-28,Sacramento,067,1510023,87654,85698,1061,86759,1149
2021-01-28,San Benito,069,59416,5418,5344,71,5415,47
2021-01-28,San Bernardino,071,2135413,275757,266456,8081,274537,2057
2021-01-28,San Diego,073,3302833,246488,232967,11577,244544,2534
2021-01-28,San Francisco,075,870044,31695,31193,866,32059,290
2021-01-28,San Joaquin,077,732212,62498,60627,2491,63118,854
2021-01-28,San Luis Obispo,079,281455,18061,17279,476,17755,189
2021-01-28,San Mateo,081,765935,36782,34931,344,35275,218
2021-01-28,Santa Barbara,083,443738,29276,27674,890,28564,284
2021-01-28,Santa Clara,085,1922200,102472,100470,476,100946,1219
2021-01-28,Santa Cruz,087,273765,14370,13188,688,13876,145
2021-01-28,Shasta,089,179085,10345,10176,1077,11253,110
2021-01-28,Sierra,091,2930,48,43,12,55,0
2021-01-28,Siskiyou,093,43540,1329,1218,199,1417,4
2021-01-28,Solano,095,438530,27968,27163,322,27485,114
2021-01-28,Sonoma,097,501317,26016,25564,138,25702,236
2021-01-28,Stanislaus,099,539301,46847,45162,4825,49987,640
2021-01-28,Sutter,101,95872,8296,8136,79,8215,85
2021-01-28,Tehama,103,63373,4316,4163,462,4625,20
2021-01-28,Trinity,105,12862,439,260,66,326,3
2021-01-28,Tulare,107,460477,45529,43742,6725,50467,595
2021-01-28,Tuolumne,109,53932,3472,3472,33,3505,32
2021-01-28,Ventura,111,848112,71133,68896,2524,71420,475
2021-01-28,Yolo,113,214977,12080,11500,166,11666,151
2021-01-28,Yuba,115,75493,5143,4994,74,5068,32
2021-01-27,Alameda,001,1643700,74356,72188,1582,73770,815
2021-01-27,Alpine,003,1148,73,72,0,72,0
2021-01-27,Amador,005,37829,3224,3116,24,3140,31
2021-01-27,Butte,007,227075,10635,9988,1457,11445,138
2021-01-27,Calaveras,009,45235,1750,1737,10,1747,21
2021-01-27,Colusa,011,21464,1761,1724,204,1928,8
2021-01-27,Contra Costa,013,1133247,57970,55578,976,56554,507
2021-01-27,Del Norte,015,27424,891,859,4,863,2
2021-01-27,El Dorado,017,186661,8551,8141,571,8712,76
2021-01-27,Fresno,019,978130,90730,86886,6896,93782,938
2021-01-27,Glenn,021,27897,2115,2042,437,2479,14
2021-01-27,Humboldt,023,135768,2793,2630,18,2648,24
2021-01-27,Imperial,025,180216,26497,25861,2373,28234,504
2021-01-27,Inyo,027,18085,1083,1023,9,1032,27
2021-01-27,Kern,029,883053,87599,84244,8389,92633,809
2021-01-27,Kings,031,150075,20965,20211,860,21071,167
2021-01-27,Lake,033,64148,2858,2750,1,2751,32
2021-01-27,Lassen,035,31185,4937,4851,88,4939,1
2021-01-27,Los Angeles,037,10098052,1113372,1066569,35854,1102423,15757
2021-01-27,Madera,039,155013,14687,14194,715,14909,86
2021-01-27,Marin,041,260295,12343,12028,139,12167,180
2021-01-27,Mariposa,043,17540,355,333,3,336,4
2021-01-27,Mendocino,045,87422,3276,3095,62,3157,36
2021-01-27,Merced,047,269075,26053,25439,748,26187,315
2021-01-27,Modoc,049,8938,314,297,97,394,0
2021-01-27,Mono,051,14174,1130,1131,16,1147,3
2021-01-27,Monterey,053,433212,39361,38139,1372,39511,268
2021-01-27,Napa,055,140530,8402,8187,33,8220,46
2021-01-27,Nevada,057,99092,3621,3431,144,3575,18
2021-01-27,Orange,059,3164182,233384,227110,9453,236563,2832
2021-01-27,Placer,061,380077,19276,18106,968,19074,198
2021-01-27,Plumas,063,18699,618,544,10,554,2
2021-01-27,Riverside,065,2383286,271303,260796,12758,273554,2931
2021-01-27,Sacramento,067,1510023,87294,85428,1050,86478,1142
2021-01-27,San Benito,069,59416,5403,5284,71,5355,47
2021-01-27,San Bernardino,071,2135413,274905,265153,8050,273203,2019
2021-01-27,San Diego,073,3302833,245159,231478,11472,242950,2465
2021-01-27,San Francisco,075,870044,31551,31082,859,31941,287
2021-01-27,San Joaquin,077,732212,62228,60131,2470,62601,853
2021-01-27,San Luis Obispo,079,281455,17953,17119,472,17591,188
2021-01-27,San Mateo,081,765935,36627,34619,341,34960,216
2021-01-27,Santa Barbara,083,443738,29099,27435,884,28319,282
2021-01-27,Santa Clara,085,1922200,102068,99732,472,100204,1184
2021-01-27,Santa Cruz,087,273765,14300,13111,685,13796,143
2021-01-27,Shasta,089,179085,10311,10106,1071,11177,105
2021-01-27,Sierra,091,2930,48,44,12,56,0
2021-01-27,Siskiyou,093,43540,1324,1214,196,1410,4
2021-01-27,Solano,095,438530,27791,26982,315,27297,112
2021-01-27,Sonoma,097,501317,25917,25361,134,25495,237
2021-01-27,Stanislaus,099,539301,46663,44874,4799,49673,624
2021-01-27,Sutter,101,95872,8253,8093,78,8171,83
2021-01-27,Tehama,103,63373,4296,4133,458,4591,20
2021-01-27,Trinity,105,12862,439,260,66,326,3
2021-01-27,Tulare,107,460477,45341,43462,6654,50116,583
2021-01-27,Tuolumne,109,53932,3462,3464,33,3497,32
2021-01-27,Ventura,111,848112,70660,68291,2499,70790,468
2021-01-27,Yolo,113,214977,12032,11427,162,11589,151
2021-01-27,Yuba,115,75493,5127,4968,74,5042,32
2021-01-26,Alameda,001,1643700,73984,71851,1565,73416,789
2021-01-26,Alpine,003,1148,73,72,0,72,0
2021-01-26,Amador,005,37829,3213,3113,24,3137,31
2021-01-26,Butte,007,227075,10593,9943,1451,11394,136
2021-01-26,Calaveras,009,45235,1740,1723,10,1733,21
2021-01-26,Colusa,011,21464,1754,1719,201,1920,8
2021-01-26,Contra Costa,013,1133247,57692,55337,968,56305,491
2021-01-26,Del Norte,015,27424,890,856,4,860,2
2021-01-26,El Dorado,017,186661,8525,8115,568,8683,71
2021-01-26,Fresno,019,978130,90372,86673,6852,93525,923
2021-01-26,Glenn,021,27897,2105,2034,432,2466,13
2021-01-26,Humboldt,023,135768,2772,2612,17,2629,24
2021-01-26,Imperial,025,180216,26424,25812,2360,28172,498
2021-01-26,Inyo,027,18085,1076,1018,9,1027,27
2021-01-26,Kern,029,883053,87176,83868,8312,92180,790
2021-01-26,Kings,031,150075,20907,20156,855,21011,159
2021-01-26,Lake,033,64148,2849,2748,1,2749,32
2021-01-26,Lassen,035,31185,4931,4844,88,4932,1
2021-01-26,Los Angeles,037,10098052,1108086,1060492,35651,1096143,15458
2021-01-26,Madera,039,155013,14630,14130,709,14839,86
2021-01-26,Marin,041,260295,12298,11993,137,12130,179
2021-01-26,Mariposa,043,17540,353,332,3,335,3
2021-01-26,Mendocino,045,87422,3250,3076,61,3137,36
2021-01-26,Merced,047,269075,25913,25359,740,26099,309
2021-01-26,Modoc,049,8938,307,291,96,387,0
2021-01-26,Mono,051,14174,1128,1120,16,1136,3
2021-01-26,Monterey,053,433212,39167,37963,1352,39315,255
2021-01-26,Napa,055,140530,8345,8145,33,8178,43
2021-01-26,Nevada,057,99092,3614,3410,143,3553,18
2021-01-26,Orange,059,3164182,232260,225987,9408,235395,2760
2021-01-26,Placer,061,380077,19200,18016,966,18982,193
2021-01-26,Plumas,063,18699,616,536,10,546,2
2021-01-26,Riverside,065,2383286,269936,259399,12695,272094,2898
2021-01-26,Sacramento,067,1510023,86936,85062,1043,86105,1127
2021-01-26,San Benito,069,59416,5389,5251,70,5321,45
2021-01-26,San Bernardino,071,2135413,273903,263736,8006,271742,1970
2021-01-26,San Diego,073,3302833,243664,230063,11370,241433,2421
2021-01-26,San Francisco,075,870044,31419,30874,840,31714,286
2021-01-26,San Joaquin,077,732212,61974,59889,2454,62343,847
2021-01-26,San Luis Obispo,079,281455,17872,17016,469,17485,186
2021-01-26,San Mateo,081,765935,36433,34441,330,34771,213
2021-01-26,Santa Barbara,083,443738,28924,27321,872,28193,273
2021-01-26,Santa Clara,085,1922200,101589,99215,469,99684,1171
2021-01-26,Santa Cruz,087,273765,14234,13045,679,13724,134
2021-01-26,Shasta,089,179085,10276,10036,1063,11099,103
2021-01-26,Sierra,091,2930,48,43,12,55,0
2021-01-26,Siskiyou,093,43540,1309,1208,194,1402,4
2021-01-26,Solano,095,438530,27635,26858,308,27166,110
2021-01-26,Sonoma,097,501317,25798,25273,132,25405,236
2021-01-26,Stanislaus,099,539301,46481,44703,4757,49460,599
2021-01-26,Sutter,101,95872,8210,8067,78,8145,83
2021-01-26,Tehama,103,63373,4263,4115,458,4573,20
2021-01-26,Trinity,105,12862,439,260,66,326,3
2021-01-26,Tulare,107,460477,45138,43394,6584,49978,579
2021-01-26,Tuolumne,109,53932,3452,3451,33,3484,30
2021-01-26,Ventura,111,848112,70127,67526,2473,69999,448
2021-01-26,Yolo,113,214977,11987,11361,159,11520,148
2021-01-26,Yuba,115,75493,5102,4944,72,5016,31
2021-01-25,Alameda,001,1643700,73556,71255,1555,72810,780
2021-01-25,Alpine,003,1148,73,72,0,72,0
2021-01-25,Amador,005,37829,3173,3074,24,3098,30
2021-01-25,Butte,007,227075,10526,9865,1443,11308,133
2021-01-25,Calaveras,009,45235,1725,1713,10,1723,21
2021-01-25,Colusa,011,21464,1742,1709,197,1906,8
2021-01-25,Contra Costa,013,1133247,57337,54989,961,55950,488
2021-01-25,Del Norte,015,27424,889,855,4,859,2
2021-01-25,El Dorado,017,186661,8500,8060,568,8628,66
2021-01-25,Fresno,019,978130,90001,86336,6820,93156,913
2021-01-25,Glenn,021,27897,2096,2028,432,2460,13
2021-01-25,Humboldt,023,135768,2738,2587,17,2604,24
2021-01-25,Imperial,025,180216,26375,25745,2352,28097,491
2021-01-25,Inyo,027,18085,1070,1015,9,1024,27
2021-01-25,Kern,029,883053,86790,83401,8226,91627,787
2021-01-25,Kings,031,150075,20787,20067,851,20918,159
2021-01-25,Lake,033,64148,2830,2729,1,2730,32
2021-01-25,Lassen,035,31185,4904,4835,88,4923,1
2021-01-25,Los Angeles,037,10098052,1102129,1055181,35423,1090604,15163
2021-01-25,Madera,039,155013,14576,14068,704,14772,86
2021-01-25,Marin,041,260295,12246,11923,133,12056,177
2021-01-25,Mariposa,043,17540,350,331,3,334,3
2021-01-25,Mendocino,045,87422,3239,3054,61,3115,35
2021-01-25,Merced,047,269075,25774,25181,731,25912,305
2021-01-25,Modoc,049,8938,306,288,92,380,0
2021-01-25,Mono,051,14174,1125,1114,15,1129,3
2021-01-25,Monterey,053,433212,38914,37726,1333,39059,255
2021-01-25,Napa,055,140530,8311,8057,32,8089,43
2021-01-25,Nevada,057,99092,3600,3365,143,3508,18
2021-01-25,Orange,059,3164182,231051,225105,9362,234467,2696
2021-01-25,Placer,061,380077,19112,17936,951,18887,193
2021-01-25,Plumas,063,18699,613,533,10,543,2
2021-01-25,Riverside,065,2383286,268197,258082,12639,270721,2789
2021-01-25,Sacramento,067,1510023,86494,84653,1035,85688,1118
2021-01-25,San Benito,069,59416,5354,5238,69,5307,43
2021-01-25,San Bernardino,071,2135413,272958,263174,7970,271144,1947
2021-01-25,San Diego,073,3302833,242051,228630,11298,239928,2375
2021-01-25,San Francisco,075,870044,31269,30734,817,31551,288
2021-01-25,San Joaquin,077,732212,61680,59291,2429,61720,838
2021-01-25,San Luis Obispo,079,281455,17738,16868,464,17332,179
2021-01-25,San Mateo,081,765935,36199,34187,324,34511,213
2021-01-25,Santa Barbara,083,443738,28689,27065,862,27927,269
2021-01-25,Santa Clara,085,1922200,101023,98647,461,99108,1143
2021-01-25,Santa Cruz,087,273765,14147,12973,674,13647,133
2021-01-25,Shasta,089,179085,10235,9991,1052,11043,103
2021-01-25,Sierra,091,2930,48,42,12,54,0
2021-01-25,Siskiyou,093,43540,1301,1205,191,1396,4
2021-01-25,Solano,095,438530,27467,26648,307,26955,109
2021-01-25,Sonoma,097,501317,25691,25160,130,25290,233
2021-01-25,Stanislaus,099,539301,46235,44293,4714,49007,599
2021-01-25,Sutter,101,95872,8167,8023,78,8101,83
2021-01-25,Tehama,103,63373,4236,4082,454,4536,20
2021-01-25,Trinity,105,12862,439,262,66,328,3
2021-01-25,Tulare,107,460477,44921,43124,6480,49604,578
2021-01-25,Tuolumne,109,53932,3443,3422,33,3455,29
2021-01-25,Ventura,111,848112,69493,66910,2456,69366,439
2021-01-25,Yolo,113,214977,11901,11276,158,11434,140
2021-01-25,Yuba,115,75493,5080,4900,70,4970,31
2021-01-24,Alameda,001,1643700,73051,70823,1544,72367,780
2021-01-24,Alpine,003,1148,73,72,0,72,0
2021-01-24,Amador,005,37829,3140,3054,24,3078,30
2021-01-24,Butte,007,227075,10442,9820,1426,11246,133
2021-01-24,Calaveras,009,45235,1712,1704,10,1714,21
2021-01-24,Colusa,011,21464,1731,1689,191,1880,8
2021-01-24,Contra Costa,013,1133247,56950,54694,948,55642,488
2021-01-24,Del Norte,015,27424,885,855,4,859,2
2021-01-24,El Dorado,017,186661,8465,8003,564,8567,66
2021-01-24,Fresno,019,978130,89563,85808,6781,92589,911
2021-01-24,Glenn,021,27897,2088,2026,431,2457,13
2021-01-24,Humboldt,023,135768,2699,2562,17,2579,24
2021-01-24,Imperial,025,180216,26280,25707,2329,28036,488
2021-01-24,Inyo,027,18085,1054,1007,9,1016,27
2021-01-24,Kern,029,883053,86354,83125,8118,91243,785
2021-01-24,Kings,031,150075,20659,19988,835,20823,159
2021-01-24,Lake,033,64148,2812,2724,0,2724,32
2021-01-24,Lassen,035,31185,4893,4828,85,4913,1
2021-01-24,Los Angeles,037,10098052,1095722,1048757,35112,1083869,15119
2021-01-24,Madera,039,155013,14486,14000,698,14698,86
2021-01-24,Marin,041,260295,12179,11872,131,12003,177
2021-01-24,Mariposa,043,17540,346,322,3,325,3
2021-01-24,Mendocino,045,87422,3218,3037,60,3097,33
2021-01-24,Merced,047,269075,25563,25047,721,25768,305
2021-01-24,Modoc,049,8938,306,285,92,377,0
2021-01-24,Mono,051,14174,1118,1113,15,1128,3
2021-01-24,Monterey,053,433212,38643,37527,1299,38826,254
2021-01-24,Napa,055,140530,8269,8005,32,8037,43
2021-01-24,Nevada,057,99092,3558,3349,141,3490,18
2021-01-24,Orange,059,3164182,229620,223853,9292,233145,2632
2021-01-24,Placer,061,380077,18999,17839,931,18770,193
2021-01-24,Plumas,063,18699,610,532,10,542,2
2021-01-24,Riverside,065,2383286,266555,256767,12562,269329,2761
2021-01-24,Sacramento,067,1510023,85940,84110,1027,85137,1112
2021-01-24,San Benito,069,59416,5312,5223,66,5289,43
2021-01-24,San Bernardino,071,2135413,271633,262370,7916,270286,1935
2021-01-24,San Diego,073,3302833,240357,227193,11167,238360,2375
2021-01-24,San Francisco,075,870044,31081,30559,795,31354,275
2021-01-24,San Joaquin,077,732212,61253,59021,2413,61434,838
2021-01-24,San Luis Obispo,079,281455,17614,16758,462,17220,179
2021-01-24,San Mateo,081,765935,35953,33956,319,34275,213
2021-01-24,Santa Barbara,083,443738,28373,26735,852,27587,269
2021-01-24,Santa Clara,085,1922200,100375,98103,456,98559,1109
2021-01-24,Santa Cruz,087,273765,14061,12905,666,13571,133
2021-01-24,Shasta,089,179085,10164,9978,1043,11021,103
2021-01-24,Sierra,091,2930,47,42,12,54,0
2021-01-24,Siskiyou,093,43540,1294,1195,191,1386,4
2021-01-24,Solano,095,438530,27279,26515,303,26818,109
2021-01-24,Sonoma,097,501317,25529,25045,129,25174,233
2021-01-24,Stanislaus,099,539301,45926,44031,4652,48683,599
2021-01-24,Sutter,101,95872,8103,7980,78,8058,83
2021-01-24,Tehama,103,63373,4196,4062,449,4511,20
2021-01-24,Trinity,105,12862,439,262,66,328,3
2021-01-24,Tulare,107,460477,44702,43006,6387,49393,577
2021-01-24,Tuolumne,109,53932,3432,3416,33,3449,29
2021-01-24,Ventura,111,848112,68782,66347,2432,68779,439
2021-01-24,Yolo,113,214977,11817,11210,154,11364,140
2021-01-24,Yuba,115,75493,5040,4875,69,4944,31
2021-01-23,Alameda,001,1643700,72803,70080,1537,71617,780
2021-01-23,Alpine,003,1148,73,72,0,72,0
2021-01-23,Amador,005,37829,3137,3049,24,3073,30
2021-01-23,Butte,007,227075,10413,9757,1423,11180,133
2021-01-23,Calaveras,009,45235,1709,1695,10,1705,21
2021-01-23,Colusa,011,21464,1727,1672,190,1862,8
2021-01-23,Contra Costa,013,1133247,56737,54162,941,55103,487
2021-01-23,Del Norte,015,27424,884,855,4,859,2
2021-01-23,El Dorado,017,186661,8449,7984,562,8546,66
2021-01-23,Fresno,019,978130,89377,85274,6752,92026,910
2021-01-23,Glenn,021,27897,2085,2015,427,2442,13
2021-01-23,Humboldt,023,135768,2680,2493,16,2509,23
2021-01-23,Imperial,025,180216,26246,25581,2319,27900,487
2021-01-23,Inyo,027,18085,1045,987,9,996,27
2021-01-23,Kern,029,883053,86110,82602,8050,90652,783
2021-01-23,Kings,031,150075,20615,19904,833,20737,159
2021-01-23,Lake,033,64148,2804,2673,0,2673,32
2021-01-23,Lassen,035,31185,4892,4816,82,4898,1
2021-01-23,Los Angeles,037,10098052,1092493,1040961,34951,1075912,15034
2021-01-23,Madera,039,155013,14450,13858,695,14553,86
2021-01-23,Marin,041,260295,12123,11796,129,11925,177
2021-01-23,Mariposa,043,17540,346,323,3,326,3
2021-01-23,Mendocino,045,87422,3204,2991,60,3051,32
2021-01-23,Merced,047,269075,25471,24787,706,25493,303
2021-01-23,Modoc,049,8938,306,285,92,377,0
2021-01-23,Mono,051,14174,1116,1111,15,1126,3
2021-01-23,Monterey,053,433212,38560,37165,1294,38459,253
2021-01-23,Napa,055,140530,8244,7893,32,7925,43
2021-01-23,Nevada,057,99092,3547,3332,140,3472,18
2021-01-23,Orange,059,3164182,228852,221722,9252,230974,2618
2021-01-23,Placer,061,380077,18948,17617,926,18543,193
2021-01-23,Plumas,063,18699,609,528,10,538,2
2021-01-23,Riverside,065,2383286,265655,253636,12510,266146,2733
2021-01-23,Sacramento,067,1510023,85711,83408,1024,84432,1108
2021-01-23,San Benito,069,59416,5288,5166,65,5231,43
2021-01-23,San Bernardino,071,2135413,271083,260381,7885,268266,1922
2021-01-23,San Diego,073,3302833,239296,225556,11095,236651,2344
2021-01-23,San Francisco,075,870044,30976,30308,766,31074,268
2021-01-23,San Joaquin,077,732212,61127,58164,2403,60567,836
2021-01-23,San Luis Obispo,079,281455,17550,16652,459,17111,176
2021-01-23,San Mateo,081,765935,35777,33696,308,34004,213
2021-01-23,Santa Barbara,083,443738,28188,26234,843,27077,264
2021-01-23,Santa Clara,085,1922200,100019,97189,455,97644,1086
2021-01-23,Santa Cruz,087,273765,14003,12771,663,13434,127
2021-01-23,Shasta,089,179085,10135,9951,1042,10993,103
2021-01-23,Sierra,091,2930,47,41,12,53,0
2021-01-23,Siskiyou,093,43540,1284,1190,190,1380,4
2021-01-23,Solano,095,438530,27186,26261,301,26562,107
2021-01-23,Sonoma,097,501317,25449,24790,129,24919,232
2021-01-23,Stanislaus,099,539301,45759,43723,4621,48344,599
2021-01-23,Sutter,101,95872,8085,7943,77,8020,80
2021-01-23,Tehama,103,63373,4177,4006,448,4454,20
2021-01-23,Trinity,105,12862,439,262,66,328,3
2021-01-23,Tulare,107,460477,44549,42661,6327,48988,575
2021-01-23,Tuolumne,109,53932,3425,3407,33,3440,29
2021-01-23,Ventura,111,848112,68332,65581,2409,67990,438
2021-01-23,Yolo,113,214977,11775,11087,150,11237,141
2021-01-23,Yuba,115,75493,5028,4831,68,4899,30
2021-01-22,Alameda,001,1643700,72482,69693,1531,71224,751
2021-01-22,Alpine,003,1148,73,71,0,71,0
2021-01-22,Amador,005,37829,3132,3042,24,3066,30
2021-01-22,Butte,007,227075,10369,9711,1410,11121,133
2021-01-22,Calaveras,009,45235,1700,1672,10,1682,21
2021-01-22,Colusa,011,21464,1725,1668,190,1858,7
2021-01-22,Contra Costa,013,1133247,56500,53887,935,54822,485
2021-01-22,Del Norte,015,27424,883,852,4,856,2
2021-01-22,El Dorado,017,186661,8415,7877,559,8436,64
2021-01-22,Fresno,019,978130,89036,84744,6724,91468,892
2021-01-22,Glenn,021,27897,2080,1985,421,2406,13
2021-01-22,Humboldt,023,135768,2656,2452,16,2468,23
2021-01-22,Imperial,025,180216,26211,25562,2304,27866,474
2021-01-22,Inyo,027,18085,1034,961,9,970,26
2021-01-22,Kern,029,883053,85813,82101,7974,90075,771
2021-01-22,Kings,031,150075,20539,19760,829,20589,159
2021-01-22,Lake,033,64148,2792,2681,0,2681,32
2021-01-22,Lassen,035,31185,4883,4765,81,4846,1
2021-01-22,Los Angeles,037,10098052,1088028,1031177,34760,1065937,14777
2021-01-22,Madera,039,155013,14390,13781,694,14475,86
2021-01-22,Marin,041,260295,12087,11769,127,11896,177
2021-01-22,Mariposa,043,17540,346,323,3,326,3
2021-01-22,Mendocino,045,87422,3179,2994,59,3053,32
2021-01-22,Merced,047,269075,25348,24616,698,25314,290
2021-01-22,Modoc,049,8938,306,285,92,377,0
2021-01-22,Mono,051,14174,1116,1108,15,1123,3
2021-01-22,Monterey,053,433212,38408,36909,1289,38198,253
2021-01-22,Napa,055,140530,8198,7828,32,7860,40
2021-01-22,Nevada,057,99092,3522,3296,139,3435,18
2021-01-22,Orange,059,3164182,227899,220384,9205,229589,2542
2021-01-22,Placer,061,380077,18891,17636,911,18547,193
2021-01-22,Plumas,063,18699,607,522,10,532,2
2021-01-22,Riverside,065,2383286,264510,252440,12442,264882,2710
2021-01-22,Sacramento,067,1510023,85381,82861,1016,83877,1094
2021-01-22,San Benito,069,59416,5262,5143,65,5208,43
2021-01-22,San Bernardino,071,2135413,270267,259121,7853,266974,1849
2021-01-22,San Diego,073,3302833,238056,222576,11030,233606,2301
2021-01-22,San Francisco,075,870044,30863,30027,749,30776,266
2021-01-22,San Joaquin,077,732212,60946,58485,2391,60876,812
2021-01-22,San Luis Obispo,079,281455,17461,16336,456,16792,172
2021-01-22,San Mateo,081,765935,35555,33401,305,33706,211
2021-01-22,Santa Barbara,083,443738,27987,25989,832,26821,256
2021-01-22,Santa Clara,085,1922200,99581,96435,452,96887,1062
2021-01-22,Santa Cruz,087,273765,13945,12687,659,13346,123
2021-01-22,Shasta,089,179085,10115,9866,1040,10906,103
2021-01-22,Sierra,091,2930,47,40,12,52,0
2021-01-22,Siskiyou,093,43540,1280,1182,188,1370,4
2021-01-22,Solano,095,438530,27096,26048,299,26347,107
2021-01-22,Sonoma,097,501317,25364,24659,129,24788,232
2021-01-22,Stanislaus,099,539301,45593,43489,4595,48084,599
2021-01-22,Sutter,101,95872,8060,7878,77,7955,80
2021-01-22,Tehama,103,63373,4161,3993,446,4439,19
2021-01-22,Trinity,105,12862,438,263,66,329,3
2021-01-22,Tulare,107,460477,44369,42307,6258,48565,573
2021-01-22,Tuolumne,109,53932,3397,3379,33,3412,29
2021-01-22,Ventura,111,848112,67826,64404,2391,66795,426
2021-01-22,Yolo,113,214977,11741,11014,143,11157,141
2021-01-22,Yuba,115,75493,5004,4789,66,4855,29
2021-01-21,Alameda,001,1643700,72046,69314,1514,70828,739
2021-01-21,Alpine,003,1148,73,71,0,71,0
2021-01-21,Amador,005,37829,3110,3038,24,3062,29
2021-01-21,Butte,007,227075,10305,9643,1404,11047,130
2021-01-21,Calaveras,009,45235,1691,1647,10,1657,21
2021-01-21,Colusa,011,21464,1718,1662,187,1849,7
2021-01-21,Contra Costa,013,1133247,56091,53595,921,54516,478
2021-01-21,Del Norte,015,27424,881,850,3,853,2
2021-01-21,El Dorado,017,186661,8366,7823,556,8379,58
2021-01-21,Fresno,019,978130,88632,84137,6684,90821,889
2021-01-21,Glenn,021,27897,2072,1964,416,2380,13
2021-01-21,Humboldt,023,135768,2633,2423,16,2439,23
2021-01-21,Imperial,025,180216,26121,25509,2290,27799,463
2021-01-21,Inyo,027,18085,1025,946,9,955,26
2021-01-21,Kern,029,883053,85401,81328,7859,89187,769
2021-01-21,Kings,031,150075,20468,19633,812,20445,158
2021-01-21,Lake,033,64148,2777,2669,0,2669,32
2021-01-21,Lassen,035,31185,4876,4763,81,4844,1
2021-01-21,Los Angeles,037,10098052,1081362,1023055,34442,1057497,14537
2021-01-21,Madera,039,155013,14322,13664,686,14350,86
2021-01-21,Marin,041,260295,12032,11732,125,11857,173
2021-01-21,Mariposa,043,17540,342,322,3,325,3
2021-01-21,Mendocino,045,87422,3156,2967,57,3024,32
2021-01-21,Merced,047,269075,25193,24426,691,25117,245
2021-01-21,Modoc,049,8938,303,284,91,375,0
2021-01-21,Mono,051,14174,1111,1104,15,1119,3
2021-01-21,Monterey,053,433212,38127,36149,1279,37428,253
2021-01-21,Napa,055,140530,8134,7774,32,7806,40
2021-01-21,Nevada,057,99092,3493,3274,138,3412,18
2021-01-21,Orange,059,3164182,226523,218867,9150,228017,2540
2021-01-21,Placer,061,380077,18812,17553,907,18460,190
2021-01-21,Plumas,063,18699,603,518,10,528,2
2021-01-21,Riverside,065,2383286,262788,251007,12364,263371,2676
2021-01-21,Sacramento,067,1510023,84902,82303,995,83298,1084
2021-01-21,San Benito,069,59416,5232,5100,60,5160,43
2021-01-21,San Bernardino,071,2135413,268926,257754,7788,265542,1832
2021-01-21,San Diego,073,3302833,236281,219729,10923,230652,2222
2021-01-21,San Francisco,075,870044,30686,29801,715,30516,266
2021-01-21,San Joaquin,077,732212,60636,58270,2371,60641,806
2021-01-21,San Luis Obispo,079,281455,17375,16153,448,16601,169
2021-01-21,San Mateo,081,765935,35309,33156,292,33448,210
2021-01-21,Santa Barbara,083,443738,27699,25654,819,26473,253
2021-01-21,Santa Clara,085,1922200,98957,96028,445,96473,1062
2021-01-21,Santa Cruz,087,273765,13861,12548,649,13197,119
2021-01-21,Shasta,089,179085,10072,9795,1025,10820,98
2021-01-21,Sierra,091,2930,47,40,12,52,0
2021-01-21,Siskiyou,093,43540,1277,1178,186,1364,4
2021-01-21,Solano,095,438530,26916,25885,295,26180,106
2021-01-21,Sonoma,097,501317,25224,24440,127,24567,230
2021-01-21,Stanislaus,099,539301,45295,43223,4551,47774,599
2021-01-21,Sutter,101,95872,8026,7822,77,7899,80
2021-01-21,Tehama,103,63373,4122,3938,446,4384,19
2021-01-21,Trinity,105,12862,438,261,66,327,3
2021-01-21,Tulare,107,460477,44158,42082,6182,48264,569
2021-01-21,Tuolumne,109,53932,3387,3365,32,3397,29
2021-01-21,Ventura,111,848112,67132,63995,2370,66365,420
2021-01-21,Yolo,113,214977,11650,10940,135,11075,141
2021-01-21,Yuba,115,75493,4972,4757,65,4822,29
2021-01-20,Alameda,001,1643700,71569,68785,1499,70284,702
2021-01-20,Alpine,003,1148,73,71,0,71,0
2021-01-20,Amador,005,37829,3079,3036,24,3060,29
2021-01-20,Butte,007,227075,10249,9582,1393,10975,130
2021-01-20,Calaveras,009,45235,1669,1637,9,1646,21
2021-01-20,Colusa,011,21464,1701,1630,182,1812,7
2021-01-20,Contra Costa,013,1133247,55634,53108,914,54022,461
2021-01-20,Del Norte,015,27424,880,848,3,851,2
2021-01-20,El Dorado,017,186661,8316,7785,553,8338,53
2021-01-20,Fresno,019,978130,88213,83591,6631,90222,872
2021-01-20,Glenn,021,27897,2053,1955,414,2369,13
2021-01-20,Humboldt,023,135768,2590,2390,16,2406,22
2021-01-20,Imperial,025,180216,26049,25380,2255,27635,461
2021-01-20,Inyo,027,18085,1015,901,9,910,26
2021-01-20,Kern,029,883053,84951,80701,7751,88452,754
2021-01-20,Kings,031,150075,20378,19522,804,20326,146
2021-01-20,Lake,033,64148,2756,2646,0,2646,31
2021-01-20,Lassen,035,31185,4868,4758,79,4837,1
2021-01-20,Los Angeles,037,10098052,1073862,1015608,34157,1049765,14299
2021-01-20,Madera,039,155013,14258,13585,681,14266,86
2021-01-20,Marin,041,260295,11978,11684,123,11807,171
2021-01-20,Mariposa,043,17540,340,322,3,325,3
2021-01-20,Mendocino,045,87422,3141,2957,57,3014,32
2021-01-20,Merced,047,269075,25020,24220,669,24889,243
2021-01-20,Modoc,049,8938,302,282,91,373,0
2021-01-20,Mono,051,14174,1104,1105,14,1119,3
2021-01-20,Monterey,053,433212,37815,35960,1259,37219,249
2021-01-20,Napa,055,140530,8065,7731,31,7762,40
2021-01-20,Nevada,057,99092,3461,3238,138,3376,18
2021-01-20,Orange,059,3164182,224988,216893,9088,225981,2500
2021-01-20,Placer,061,380077,18718,17455,889,18344,186
2021-01-20,Plumas,063,18699,601,512,10,522,2
2021-01-20,Riverside,065,2383286,260743,248686,12279,260965,2615
2021-01-20,Sacramento,067,1510023,84342,81687,985,82672,1072
2021-01-20,San Benito,069,59416,5201,5036,59,5095,35
2021-01-20,San Bernardino,071,2135413,267580,255921,7740,263661,1801
2021-01-20,San Diego,073,3302833,234426,218553,10819,229372,2174
2021-01-20,San Francisco,075,870044,30498,29665,695,30360,262
2021-01-20,San Joaquin,077,732212,60232,58025,2362,60387,783
2021-01-20,San Luis Obispo,079,281455,17194,15936,439,16375,164
2021-01-20,San Mateo,081,765935,35082,32929,291,33220,210
2021-01-20,Santa Barbara,083,443738,27382,25312,807,26119,248
2021-01-20,Santa Clara,085,1922200,98276,94995,443,95438,1040
2021-01-20,Santa Cruz,087,273765,13754,12460,636,13096,107
2021-01-20,Shasta,089,179085,10020,9697,1015,10712,98
2021-01-20,Sierra,091,2930,47,40,12,52,0
2021-01-20,Siskiyou,093,43540,1270,1163,185,1348,4
2021-01-20,Solano,095,438530,26723,25659,291,25950,106
2021-01-20,Sonoma,097,501317,25087,24262,125,24387,223
2021-01-20,Stanislaus,099,539301,45015,42955,4513,47468,585
2021-01-20,Sutter,101,95872,7975,7772,75,7847,80
2021-01-20,Tehama,103,63373,4096,3892,444,4336,19
2021-01-20,Trinity,105,12862,438,260,66,326,3
2021-01-20,Tulare,107,460477,43900,41799,6089,47888,559
2021-01-20,Tuolumne,109,53932,3373,3355,31,3386,29
2021-01-20,Ventura,111,848112,66172,63413,2341,65754,395
2021-01-20,Yolo,113,214977,11582,10852,132,10984,141
2021-01-20,Yuba,115,75493,4945,4729,65,4794,29
2021-01-19,Alameda,001,1643700,70927,68434,1490,69924,680
2021-01-19,Alpine,003,1148,73,71,0,71,0
2021-01-19,Amador,005,37829,3070,3024,24,3048,28
2021-01-19,Butte,007,227075,10186,9528,1378,10906,129
2021-01-19,Calaveras,009,45235,1654,1621,8,1629,21
2021-01-19,Colusa,011,21464,1679,1617,179,1796,7
2021-01-19,Contra Costa,013,1133247,55140,52730,903,53633,448
2021-01-19,Del Norte,015,27424,878,843,3,846,2
2021-01-19,El Dorado,017,186661,8255,7743,545,8288,47
2021-01-19,Fresno,019,978130,87691,83200,6579,89779,857
2021-01-19,Glenn,021,27897,2041,1948,409,2357,13
2021-01-19,Humboldt,023,135768,2566,2359,13,2372,22
2021-01-19,Imperial,025,180216,25968,25333,2239,27572,452
2021-01-19,Inyo,027,18085,1008,891,9,900,26
2021-01-19,Kern,029,883053,84362,80272,7643,87915,742
2021-01-19,Kings,031,150075,20239,19375,793,20168,143
2021-01-19,Lake,033,64148,2741,2625,0,2625,31
2021-01-19,Lassen,035,31185,4861,4753,79,4832,1
2021-01-19,Los Angeles,037,10098052,1065184,1010375,33887,1044262,14014
2021-01-19,Madera,039,155013,14142,13528,674,14202,86
2021-01-19,Marin,041,260295,11921,11654,119,11773,169
2021-01-19,Mariposa,043,17540,340,322,3,325,3
2021-01-19,Mendocino,045,87422,3124,2930,57,2987,32
2021-01-19,Merced,047,269075,24808,24108,660,24768,242
2021-01-19,Modoc,049,8938,301,281,91,372,0
2021-01-19,Mono,051,14174,1103,1106,14,1120,3
2021-01-19,Monterey,053,433212,37513,35840,1238,37078,248
2021-01-19,Napa,055,140530,8006,7672,31,7703,38
2021-01-19,Nevada,057,99092,3443,3216,136,3352,18
2021-01-19,Orange,059,3164182,223252,215244,9020,224264,2468
2021-01-19,Placer,061,380077,18621,17348,879,18227,182
2021-01-19,Plumas,063,18699,594,509,10,519,2
2021-01-19,Riverside,065,2383286,258657,246248,12200,258448,2585
2021-01-19,Sacramento,067,1510023,83805,81183,965,82148,1053
2021-01-19,San Benito,069,59416,5155,4988,58,5046,35
2021-01-19,San Bernardino,071,2135413,265853,253651,7684,261335,1777
2021-01-19,San Diego,073,3302833,232003,216833,10721,227554,2109
2021-01-19,San Francisco,075,870044,30279,29502,663,30165,261
2021-01-19,San Joaquin,077,732212,59849,57655,2350,60005,782
2021-01-19,San Luis Obispo,079,281455,16930,15855,436,16291,161
2021-01-19,San Mateo,081,765935,34797,32730,280,33010,208
2021-01-19,Santa Barbara,083,443738,26998,24991,791,25782,236
2021-01-19,Santa Clara,085,1922200,97505,94483,441,94924,1010
2021-01-19,Santa Cruz,087,273765,13637,12410,628,13038,106
2021-01-19,Shasta,089,179085,9984,9614,1005,10619,93
2021-01-19,Sierra,091,2930,47,40,10,50,0
2021-01-19,Siskiyou,093,43540,1262,1149,183,1332,4
2021-01-19,Solano,095,438530,26476,25520,290,25810,106
2021-01-19,Sonoma,097,501317,24907,24133,123,24256,223
2021-01-19,Stanislaus,099,539301,44666,42723,4468,47191,561
2021-01-19,Sutter,101,95872,7925,7709,69,7778,80
2021-01-19,Tehama,103,63373,4064,3876,442,4318,19
2021-01-19,Trinity,105,12862,437,260,66,326,3
2021-01-19,Tulare,107,460477,43622,41559,5994,47553,549
2021-01-19,Tuolumne,109,53932,3346,3328,31,3359,29
2021-01-19,Ventura,111,848112,65493,62656,2314,64970,383
2021-01-19,Yolo,113,214977,11495,10789,131,10920,134
2021-01-19,Yuba,115,75493,4912,4695,64,4759,29
2021-01-18,Alameda,001,1643700,70295,67938,1472,69410,680
2021-01-18,Alpine,003,1148,73,71,0,71,0
2021-01-18,Amador,005,37829,3056,3016,24,3040,28
2021-01-18,Butte,007,227075,10101,9474,1367,10841,129
2021-01-18,Calaveras,009,45235,1633,1617,7,1624,21
2021-01-18,Colusa,011,21464,1662,1608,178,1786,7
2021-01-18,Contra Costa,013,1133247,54623,52323,895,53218,448
2021-01-18,Del Norte,015,27424,877,840,3,843,2
2021-01-18,El Dorado,017,186661,8187,7707,543,8250,47
2021-01-18,Fresno,019,978130,87080,82485,6512,88997,857
2021-01-18,Glenn,021,27897,2024,1935,405,2340,13
2021-01-18,Humboldt,023,135768,2528,2343,13,2356,22
2021-01-18,Imperial,025,180216,25899,25317,2214,27531,452
2021-01-18,Inyo,027,18085,996,872,9,881,26
2021-01-18,Kern,029,883053,83725,79930,7552,87482,740
2021-01-18,Kings,031,150075,20069,19267,781,20048,141
2021-01-18,Lake,033,64148,2724,2591,0,2591,30
2021-01-18,Lassen,035,31185,4825,4749,78,4827,1
2021-01-18,Los Angeles,037,10098052,1055681,1002614,33599,1036213,13828
2021-01-18,Madera,039,155013,14029,13443,666,14109,85
2021-01-18,Marin,041,260295,11874,11607,117,11724,165
2021-01-18,Mariposa,043,17540,337,320,2,322,3
2021-01-18,Mendocino,045,87422,3101,2919,57,2976,31
2021-01-18,Merced,047,269075,24563,23927,644,24571,242
2021-01-18,Modoc,049,8938,298,281,88,369,0
2021-01-18,Mono,051,14174,1100,1101,14,1115,3
2021-01-18,Monterey,053,433212,37071,35549,1224,36773,247
2021-01-18,Napa,055,140530,7932,7601,31,7632,38
2021-01-18,Nevada,057,99092,3405,3199,135,3334,17
2021-01-18,Orange,059,3164182,221355,213866,8964,222830,2405
2021-01-18,Placer,061,380077,18505,17263,870,18133,182
2021-01-18,Plumas,063,18699,591,506,10,516,2
2021-01-18,Riverside,065,2383286,256345,244151,12107,256258,2568
2021-01-18,Sacramento,067,1510023,83135,80546,949,81495,1046
2021-01-18,San Benito,069,59416,5107,4963,56,5019,35
2021-01-18,San Bernardino,071,2135413,264100,252808,7627,260435,1775
2021-01-18,San Diego,073,3302833,229355,214335,10592,224927,2103
2021-01-18,San Francisco,075,870044,30073,29321,639,29960,259
2021-01-18,San Joaquin,077,732212,59332,57405,2328,59733,782
2021-01-18,San Luis Obispo,079,281455,16743,15742,426,16168,158
2021-01-18,San Mateo,081,765935,34484,32515,261,32776,208
2021-01-18,Santa Barbara,083,443738,26619,24638,777,25415,235
2021-01-18,Santa Clara,085,1922200,96621,93688,437,94125,992
2021-01-18,Santa Cruz,087,273765,13504,12298,615,12913,106
2021-01-18,Shasta,089,179085,9945,9600,995,10595,92
2021-01-18,Sierra,091,2930,46,40,10,50,0
2021-01-18,Siskiyou,093,43540,1250,1144,182,1326,4
2021-01-18,Solano,095,438530,26199,25344,286,25630,105
2021-01-18,Sonoma,097,501317,24639,24068,122,24190,223
2021-01-18,Stanislaus,099,539301,44309,42413,4412,46825,562
2021-01-18,Sutter,101,95872,7868,7680,67,7747,78
2021-01-18,Tehama,103,63373,4020,3854,435,4289,19
2021-01-18,Trinity,105,12862,437,260,66,326,3
2021-01-18,Tulare,107,460477,43333,41196,5885,47081,549
2021-01-18,Tuolumne,109,53932,3322,3318,30,3348,28
2021-01-18,Ventura,111,848112,65063,61859,2291,64150,379
2021-01-18,Yolo,113,214977,11366,10620,128,10748,134
2021-01-18,Yuba,115,75493,4885,4671,62,4733,29
2021-01-17,Alameda,001,1643700,69731,67375,1454,68829,676
2021-01-17,Alpine,003,1148,73,71,0,71,0
2021-01-17,Amador,005,37829,3049,3001,24,3025,28
2021-01-17,Butte,007,227075,10026,9411,1343,10754,129
2021-01-17,Calaveras,009,45235,1620,1608,7,1615,21
2021-01-17,Colusa,011,21464,1648,1588,174,1762,7
2021-01-17,Contra Costa,013,1133247,54131,51932,885,52817,447
2021-01-17,Del Norte,015,27424,877,838,3,841,2
2021-01-17,El Dorado,017,186661,8131,7659,532,8191,47
2021-01-17,Fresno,019,978130,86527,82039,6436,88475,857
2021-01-17,Glenn,021,27897,2013,1924,399,2323,9
2021-01-17,Humboldt,023,135768,2492,2322,11,2333,22
2021-01-17,Imperial,025,180216,25829,25253,2170,27423,451
2021-01-17,Inyo,027,18085,990,864,9,873,26
2021-01-17,Kern,029,883053,83175,79489,7465,86954,738
2021-01-17,Kings,031,150075,19933,19201,767,19968,131
2021-01-17,Lake,033,64148,2708,2572,0,2572,30
2021-01-17,Lassen,035,31185,4817,4740,77,4817,1
2021-01-17,Los Angeles,037,10098052,1049029,993028,33203,1026231,13741
2021-01-17,Madera,039,155013,13937,13328,661,13989,85
2021-01-17,Marin,041,260295,11821,11552,115,11667,164
2021-01-17,Mariposa,043,17540,337,319,2,321,3
2021-01-17,Mendocino,045,87422,3073,2912,56,2968,31
2021-01-17,Merced,047,269075,24351,23800,626,24426,242
2021-01-17,Modoc,049,8938,297,279,88,367,0
2021-01-17,Mono,051,14174,1093,1091,13,1104,3
2021-01-17,Monterey,053,433212,36827,35340,1198,36538,244
2021-01-17,Napa,055,140530,7876,7521,31,7552,38
2021-01-17,Nevada,057,99092,3380,3176,133,3309,17
2021-01-17,Orange,059,3164182,219355,212389,8889,221278,2359
2021-01-17,Placer,061,380077,18399,17194,855,18049,181
2021-01-17,Plumas,063,18699,589,505,9,514,2
2021-01-17,Riverside,065,2383286,254236,242206,11990,254196,2534
2021-01-17,Sacramento,067,1510023,82533,80154,937,81091,1045
2021-01-17,San Benito,069,59416,5069,4941,56,4997,35
2021-01-17,San Bernardino,071,2135413,261981,251487,7542,259029,1775
2021-01-17,San Diego,073,3302833,227161,211785,10485,222270,2103
2021-01-17,San Francisco,075,870044,29886,29139,601,29740,255
2021-01-17,San Joaquin,077,732212,58974,57094,2313,59407,780
2021-01-17,San Luis Obispo,079,281455,16621,15658,417,16075,157
2021-01-17,San Mateo,081,765935,34232,32186,238,32424,208
2021-01-17,Santa Barbara,083,443738,26159,24401,764,25165,235
2021-01-17,Santa Clara,085,1922200,95871,92752,434,93186,976
2021-01-17,Santa Cruz,087,273765,13392,12196,612,12808,106
2021-01-17,Shasta,089,179085,9887,9588,987,10575,92
2021-01-17,Sierra,091,2930,46,38,9,47,0
2021-01-17,Siskiyou,093,43540,1243,1136,179,1315,4
2021-01-17,Solano,095,438530,25970,25216,284,25500,105
2021-01-17,Sonoma,097,501317,24465,23871,122,23993,223
2021-01-17,Stanislaus,099,539301,43990,42221,4348,46569,562
2021-01-17,Sutter,101,95872,7805,7604,66,7670,77
2021-01-17,Tehama,103,63373,3989,3837,431,4268,18
2021-01-17,Trinity,105,12862,437,261,66,327,3
2021-01-17,Tulare,107,460477,43042,41016,5769,46785,549
2021-01-17,Tuolumne,109,53932,3305,3287,30,3317,27
2021-01-17,Ventura,111,848112,64215,61257,2243,63500,376
2021-01-17,Yolo,113,214977,11267,10519,126,10645,134
2021-01-17,Yuba,115,75493,4835,4640,59,4699,28
2021-01-16,Alameda,001,1643700,69409,66583,1441,68024,673
2021-01-16,Alpine,003,1148,73,71,0,71,0
2021-01-16,Amador,005,37829,3046,2986,24,3010,28
2021-01-16,Butte,007,227075,9994,9359,1323,10682,129
2021-01-16,Calaveras,009,45235,1607,1596,7,1603,21
2021-01-16,Colusa,011,21464,1636,1578,174,1752,7
2021-01-16,Contra Costa,013,1133247,53866,51363,878,52241,443
2021-01-16,Del Norte,015,27424,872,833,3,836,2
2021-01-16,El Dorado,017,186661,8109,7575,531,8106,47
2021-01-16,Fresno,019,978130,86253,81294,6382,87676,846
2021-01-16,Glenn,021,27897,2009,1894,396,2290,9
2021-01-16,Humboldt,023,135768,2472,2294,9,2303,22
2021-01-16,Imperial,025,180216,25794,25140,2163,27303,451
2021-01-16,Inyo,027,18085,986,845,9,854,25
2021-01-16,Kern,029,883053,82808,78865,7411,86276,733
2021-01-16,Kings,031,150075,19877,19072,764,19836,131
2021-01-16,Lake,033,64148,2697,2504,0,2504,30
2021-01-16,Lassen,035,31185,4805,4719,77,4796,1
2021-01-16,Los Angeles,037,10098052,1044945,982684,32965,1015649,13654
2021-01-16,Madera,039,155013,13870,13193,656,13849,85
2021-01-16,Marin,041,260295,11778,11482,115,11597,164
2021-01-16,Mariposa,043,17540,336,317,2,319,3
2021-01-16,Mendocino,045,87422,3059,2890,53,2943,31
2021-01-16,Merced,047,269075,24263,23478,612,24090,242
2021-01-16,Modoc,049,8938,297,278,88,366,0
2021-01-16,Mono,051,14174,1091,1079,13,1092,3
2021-01-16,Monterey,053,433212,36716,34972,1180,36152,243
2021-01-16,Napa,055,140530,7837,7356,31,7387,39
2021-01-16,Nevada,057,99092,3347,3144,133,3277,17
2021-01-16,Orange,059,3164182,218320,210111,8832,218943,2312
2021-01-16,Placer,061,380077,18335,16995,853,17848,177
2021-01-16,Plumas,063,18699,587,502,9,511,2
2021-01-16,Riverside,065,2383286,252879,239412,11874,251286,2506
2021-01-16,Sacramento,067,1510023,82159,79122,920,80042,1033
2021-01-16,San Benito,069,59416,5036,4875,56,4931,35
2021-01-16,San Bernardino,071,2135413,261185,249401,7475,256876,1755
2021-01-16,San Diego,073,3302833,225863,209895,10388,220283,2065
2021-01-16,San Francisco,075,870044,29758,28853,570,29423,244
2021-01-16,San Joaquin,077,732212,58726,56642,2281,58923,776
2021-01-16,San Luis Obispo,079,281455,16520,15466,415,15881,152
2021-01-16,San Mateo,081,765935,34068,31805,232,32037,208
2021-01-16,Santa Barbara,083,443738,25959,24088,760,24848,229
2021-01-16,Santa Clara,085,1922200,95403,91584,427,92011,954
2021-01-16,Santa Cruz,087,273765,13333,12026,610,12636,106
2021-01-16,Shasta,089,179085,9854,9547,983,10530,92
2021-01-16,Sierra,091,2930,45,38,9,47,0
2021-01-16,Siskiyou,093,43540,1238,1124,179,1303,4
2021-01-16,Solano,095,438530,25861,24732,280,25012,103
2021-01-16,Sonoma,097,501317,24374,23607,121,23728,223
2021-01-16,Stanislaus,099,539301,43802,41809,4297,46106,562
2021-01-16,Sutter,101,95872,7773,7560,66,7626,76
2021-01-16,Tehama,103,63373,3975,3783,431,4214,18
2021-01-16,Trinity,105,12862,437,261,66,327,3
2021-01-16,Tulare,107,460477,42863,40655,5696,46351,542
2021-01-16,Tuolumne,109,53932,3297,3269,30,3299,27
2021-01-16,Ventura,111,848112,63663,60368,2213,62581,369
2021-01-16,Yolo,113,214977,11218,10406,125,10531,134
2021-01-16,Yuba,115,75493,4804,4602,59,4661,27
2021-01-15,Alameda,001,1643700,68984,65416,1430,66846,672
2021-01-15,Alpine,003,1148,73,71,0,71,0
2021-01-15,Amador,005,37829,3039,2953,24,2977,28
2021-01-15,Butte,007,227075,9952,9233,1308,10541,129
2021-01-15,Calaveras,009,45235,1600,1538,7,1545,21
2021-01-15,Colusa,011,21464,1625,1541,169,1710,7
2021-01-15,Contra Costa,013,1133247,53536,50408,871,51279,428
2021-01-15,Del Norte,015,27424,868,828,2,830,2
2021-01-15,El Dorado,017,186661,8060,7439,522,7961,47
2021-01-15,Fresno,019,978130,85716,79950,6346,86296,832
2021-01-15,Glenn,021,27897,2005,1824,393,2217,9
2021-01-15,Humboldt,023,135768,2445,2218,8,2226,22
2021-01-15,Imperial,025,180216,25760,24944,2157,27101,446
2021-01-15,Inyo,027,18085,968,814,9,823,25
2021-01-15,Kern,029,883053,82392,77873,7346,85219,719
2021-01-15,Kings,031,150075,19768,18661,758,19419,131
2021-01-15,Lake,033,64148,2671,2434,0,2434,28
2021-01-15,Lassen,035,31185,4794,4693,75,4768,1
2021-01-15,Los Angeles,037,10098052,1037896,968979,32680,1001659,13404
2021-01-15,Madera,039,155013,13785,12883,653,13536,85
2021-01-15,Marin,041,260295,11727,11310,115,11425,160
2021-01-15,Mariposa,043,17540,334,307,2,309,3
2021-01-15,Mendocino,045,87422,3048,2835,53,2888,31
2021-01-15,Merced,047,269075,24150,23060,608,23668,239
2021-01-15,Modoc,049,8938,297,278,86,364,0
2021-01-15,Mono,051,14174,1088,1057,13,1070,3
2021-01-15,Monterey,053,433212,36499,34460,1121,35581,243
2021-01-15,Napa,055,140530,7775,7231,31,7262,38
2021-01-15,Nevada,057,99092,3334,3099,130,3229,17
2021-01-15,Orange,059,3164182,216969,207129,8780,215909,2254
2021-01-15,Placer,061,380077,18231,16712,844,17556,173
2021-01-15,Plumas,063,18699,584,499,9,508,2
2021-01-15,Riverside,065,2383286,251014,235235,11793,247028,2458
2021-01-15,Sacramento,067,1510023,81737,80279,912,81191,1023
2021-01-15,San Benito,069,59416,4997,4766,54,4820,35
2021-01-15,San Bernardino,071,2135413,260018,246182,7414,253596,1726
2021-01-15,San Diego,073,3302833,224114,206868,10323,217191,2037
2021-01-15,San Francisco,075,870044,29583,28574,550,29124,242
2021-01-15,San Joaquin,077,732212,58493,55885,2267,58152,748
2021-01-15,San Luis Obispo,079,281455,16387,15129,410,15539,148
2021-01-15,San Mateo,081,765935,33823,31291,228,31519,208
2021-01-15,Santa Barbara,083,443738,25676,23487,756,24243,226
2021-01-15,Santa Clara,085,1922200,94752,90103,422,90525,942
2021-01-15,Santa Cruz,087,273765,13224,11776,596,12372,105
2021-01-15,Shasta,089,179085,9815,9459,976,10435,91
2021-01-15,Sierra,091,2930,44,36,7,43,0
2021-01-15,Siskiyou,093,43540,1234,1119,179,1298,4
2021-01-15,Solano,095,438530,25711,24222,278,24500,103
2021-01-15,Sonoma,097,501317,24243,23204,120,23324,222
2021-01-15,Stanislaus,099,539301,43552,41178,4255,45433,562
2021-01-15,Sutter,101,95872,7726,7484,65,7549,75
2021-01-15,Tehama,103,63373,3953,3714,430,4144,17
2021-01-15,Trinity,105,12862,437,262,66,328,3
2021-01-15,Tulare,107,460477,42620,39951,5611,45562,535
2021-01-15,Tuolumne,109,53932,3281,3231,30,3261,27
2021-01-15,Ventura,111,848112,62919,59061,2180,61241,353
2021-01-15,Yolo,113,214977,11162,10240,124,10364,134
2021-01-15,Yuba,115,75493,4784,4549,59,4608,27
2021-01-14,Alameda,001,1643700,68355,64364,1414,65778,686
2021-01-14,Alpine,003,1148,73,71,0,71,0
2021-01-14,Amador,005,37829,3033,2940,24,2964,28
2021-01-14,Butte,007,227075,9864,9127,1286,10413,129
2021-01-14,Calaveras,009,45235,1583,1513,7,1520,21
2021-01-14,Colusa,011,21464,1610,1535,162,1697,7
2021-01-14,Contra Costa,013,1133247,52979,49545,857,50402,415
2021-01-14,Del Norte,015,27424,862,821,2,823,2
2021-01-14,El Dorado,017,186661,7986,7321,514,7835,45
2021-01-14,Fresno,019,978130,85083,79033,6266,85299,814
2021-01-14,Glenn,021,27897,1993,1798,388,2186,9
2021-01-14,Humboldt,023,135768,2402,2169,8,2177,22
2021-01-14,Imperial,025,180216,25651,24882,2122,27004,447
2021-01-14,Inyo,027,18085,961,790,9,799,25
2021-01-14,Kern,029,883053,81721,77070,7244,84314,705
2021-01-14,Kings,031,150075,19638,18405,754,19159,108
2021-01-14,Lake,033,64148,2628,2378,0,2378,27
2021-01-14,Lassen,035,31185,4784,4673,73,4746,1
2021-01-14,Los Angeles,037,10098052,1027876,954652,32305,986957,13147
2021-01-14,Madera,039,155013,13671,12742,642,13384,85
2021-01-14,Marin,041,260295,11653,11155,114,11269,159
2021-01-14,Mariposa,043,17540,331,302,2,304,3
2021-01-14,Mendocino,045,87422,3034,2801,51,2852,31
2021-01-14,Merced,047,269075,23923,22780,598,23378,239
2021-01-14,Modoc,049,8938,297,273,86,359,0
2021-01-14,Mono,051,14174,1080,1020,13,1033,3
2021-01-14,Monterey,053,433212,36078,34105,1099,35204,242
2021-01-14,Napa,055,140530,7690,7117,31,7148,38
2021-01-14,Nevada,057,99092,3307,3075,128,3203,17
2021-01-14,Orange,059,3164182,215039,204442,8694,213136,2162
2021-01-14,Placer,061,380077,18069,16488,837,17325,169
2021-01-14,Plumas,063,18699,576,496,9,505,2
2021-01-14,Riverside,065,2383286,248369,231684,11691,243375,2357
2021-01-14,Sacramento,067,1510023,81099,79137,888,80025,1007
2021-01-14,San Benito,069,59416,4961,4678,53,4731,35
2021-01-14,San Bernardino,071,2135413,258046,243379,7343,250722,1750
2021-01-14,San Diego,073,3302833,221720,204173,10203,214376,2005
2021-01-14,San Francisco,075,870044,29338,28200,502,28702,238
2021-01-14,San Joaquin,077,732212,57975,55058,2253,57311,739
2021-01-14,San Luis Obispo,079,281455,16225,14851,401,15252,146
2021-01-14,San Mateo,081,765935,33454,30694,219,30913,208
2021-01-14,Santa Barbara,083,443738,25255,23126,738,23864,219
2021-01-14,Santa Clara,085,1922200,93824,88505,415,88920,910
2021-01-14,Santa Cruz,087,273765,13077,11583,580,12163,109
2021-01-14,Shasta,089,179085,9766,9334,960,10294,90
2021-01-14,Sierra,091,2930,44,35,6,41,0
2021-01-14,Siskiyou,093,43540,1222,1108,176,1284,3
2021-01-14,Solano,095,438530,25452,23782,274,24056,103
2021-01-14,Sonoma,097,501317,24003,22910,120,23030,202
2021-01-14,Stanislaus,099,539301,43225,40597,4214,44811,574
2021-01-14,Sutter,101,95872,7667,7416,62,7478,74
2021-01-14,Tehama,103,63373,3925,3664,426,4090,17
2021-01-14,Trinity,105,12862,437,261,65,326,3
2021-01-14,Tulare,107,460477,42236,39565,5501,45066,533
2021-01-14,Tuolumne,109,53932,3260,3215,30,3245,28
2021-01-14,Ventura,111,848112,62047,57941,2143,60084,347
2021-01-14,Yolo,113,214977,11054,10097,118,10215,135
2021-01-14,Yuba,115,75493,4751,4496,59,4555,27
2021-01-13,Alameda,001,1643700,67601,63568,1398,64966,690
2021-01-13,Alpine,003,1148,73,71,0,71,0
2021-01-13,Amador,005,37829,3019,2914,24,2938,26
2021-01-13,Butte,007,227075,9782,9013,1271,10284,126
2021-01-13,Calaveras,009,45235,1561,1493,7,1500,21
2021-01-13,Colusa,011,21464,1598,1524,154,1678,7
2021-01-13,Contra Costa,013,1133247,52400,48877,845,49722,403
2021-01-13,Del Norte,015,27424,858,820,2,822,2
2021-01-13,El Dorado,017,186661,7893,7247,506,7753,43
2021-01-13,Fresno,019,978130,84364,78278,6224,84502,804
2021-01-13,Glenn,021,27897,1977,1792,379,2171,9
2021-01-13,Humboldt,023,135768,2369,2114,8,2122,22
2021-01-13,Imperial,025,180216,25527,24717,2089,26806,463
2021-01-13,Inyo,027,18085,949,785,9,794,25
2021-01-13,Kern,029,883053,81061,76049,7154,83203,704
2021-01-13,Kings,031,150075,19471,18121,732,18853,108
2021-01-13,Lake,033,64148,2585,2305,0,2305,27
2021-01-13,Lassen,035,31185,4777,4663,72,4735,1
2021-01-13,Los Angeles,037,10098052,1017086,937985,31899,969884,12873
2021-01-13,Madera,039,155013,13545,12570,637,13207,85
2021-01-13,Marin,041,260295,11597,11039,114,11153,161
2021-01-13,Mariposa,043,17540,329,304,2,306,3
2021-01-13,Mendocino,045,87422,3014,2790,51,2841,31
2021-01-13,Merced,047,269075,23684,22497,584,23081,241
2021-01-13,Modoc,049,8938,296,274,83,357,0
2021-01-13,Mono,051,14174,1076,1017,13,1030,3
2021-01-13,Monterey,053,433212,35654,33748,1075,34823,241
2021-01-13,Napa,055,140530,7576,7028,31,7059,36
2021-01-13,Nevada,057,99092,3282,3037,125,3162,17
2021-01-13,Orange,059,3164182,212950,201158,8624,209782,2172
2021-01-13,Placer,061,380077,17943,16272,823,17095,172
2021-01-13,Plumas,063,18699,574,490,9,499,2
2021-01-13,Riverside,065,2383286,245223,228192,11578,239770,2278
2021-01-13,Sacramento,067,1510023,80438,78268,881,79149,996
2021-01-13,San Benito,069,59416,4905,4583,52,4635,35
2021-01-13,San Bernardino,071,2135413,255670,240191,7270,247461,1759
2021-01-13,San Diego,073,3302833,219106,201578,10100,211678,1952
2021-01-13,San Francisco,075,870044,29099,27863,480,28343,238
2021-01-13,San Joaquin,077,732212,57353,54373,2224,56597,738
2021-01-13,San Luis Obispo,079,281455,16070,14625,390,15015,140
2021-01-13,San Mateo,081,765935,33115,30195,217,30412,207
2021-01-13,Santa Barbara,083,443738,24813,22714,722,23436,216
2021-01-13,Santa Clara,085,1922200,92845,87187,412,87599,911
2021-01-13,Santa Cruz,087,273765,12904,11423,566,11989,110
2021-01-13,Shasta,089,179085,9702,9180,946,10126,93
2021-01-13,Sierra,091,2930,44,33,6,39,0
2021-01-13,Siskiyou,093,43540,1216,1102,172,1274,3
2021-01-13,Solano,095,438530,25168,23503,271,23774,105
2021-01-13,Sonoma,097,501317,23753,22610,119,22729,206
2021-01-13,Stanislaus,099,539301,42833,40167,4161,44328,574
2021-01-13,Sutter,101,95872,7621,7350,61,7411,73
2021-01-13,Tehama,103,63373,3875,3589,421,4010,17
2021-01-13,Trinity,105,12862,437,260,65,325,3
2021-01-13,Tulare,107,460477,41830,39129,5399,44528,522
2021-01-13,Tuolumne,109,53932,3246,3196,30,3226,28
2021-01-13,Ventura,111,848112,61035,56453,2103,58556,338
2021-01-13,Yolo,113,214977,10954,9933,114,10047,135
2021-01-13,Yuba,115,75493,4708,4448,56,4504,27
2021-01-12,Alameda,001,1643700,66769,62642,1380,64022,677
2021-01-12,Alpine,003,1148,73,71,0,71,0
2021-01-12,Amador,005,37829,3002,2897,24,2921,26
2021-01-12,Butte,007,227075,9694,8883,1255,10138,124
2021-01-12,Calaveras,009,45235,1525,1475,7,1482,21
2021-01-12,Colusa,011,21464,1586,1510,150,1660,7
2021-01-12,Contra Costa,013,1133247,51759,48242,831,49073,399
2021-01-12,Del Norte,015,27424,853,816,2,818,2
2021-01-12,El Dorado,017,186661,7810,7156,495,7651,41
2021-01-12,Fresno,019,978130,83492,77651,6155,83806,796
2021-01-12,Glenn,021,27897,1952,1781,375,2156,9
2021-01-12,Humboldt,023,135768,2315,2077,7,2084,22
2021-01-12,Imperial,025,180216,25437,24566,2048,26614,457
2021-01-12,Inyo,027,18085,931,773,9,782,25
2021-01-12,Kern,029,883053,80356,75320,7058,82378,689
2021-01-12,Kings,031,150075,19259,18072,722,18794,108
2021-01-12,Lake,033,64148,2537,2260,0,2260,27
2021-01-12,Lassen,035,31185,4755,4659,70,4729,1
2021-01-12,Los Angeles,037,10098052,1005426,926295,31493,957788,12610
2021-01-12,Madera,039,155013,13405,12485,628,13113,85
2021-01-12,Marin,041,260295,11488,10960,114,11074,157
2021-01-12,Mariposa,043,17540,326,302,2,304,3
2021-01-12,Mendocino,045,87422,2994,2762,47,2809,31
2021-01-12,Merced,047,269075,23433,22172,562,22734,239
2021-01-12,Modoc,049,8938,294,274,83,357,0
2021-01-12,Mono,051,14174,1066,1008,13,1021,3
2021-01-12,Monterey,053,433212,35163,33381,1058,34439,240
2021-01-12,Napa,055,140530,7493,6936,31,6967,36
2021-01-12,Nevada,057,99092,3254,3014,123,3137,17
2021-01-12,Orange,059,3164182,210660,198260,8537,206797,2142
2021-01-12,Placer,061,380077,17773,16087,817,16904,163
2021-01-12,Plumas,063,18699,568,483,9,492,2
2021-01-12,Riverside,065,2383286,242091,225580,11438,237018,2266
2021-01-12,Sacramento,067,1510023,79710,77201,873,78074,985
2021-01-12,San Benito,069,59416,4836,4515,52,4567,35
2021-01-12,San Bernardino,071,2135413,253103,237008,7200,244208,1739
2021-01-12,San Diego,073,3302833,216192,198317,9983,208300,1898
2021-01-12,San Francisco,075,870044,28824,27531,447,27978,238
2021-01-12,San Joaquin,077,732212,56712,53630,2196,55826,725
2021-01-12,San Luis Obispo,079,281455,15825,14367,382,14749,132
2021-01-12,San Mateo,081,765935,32724,29747,205,29952,206
2021-01-12,Santa Barbara,083,443738,24391,22182,702,22884,209
2021-01-12,Santa Clara,085,1922200,91768,86075,404,86479,904
2021-01-12,Santa Cruz,087,273765,12689,11267,550,11817,110
2021-01-12,Shasta,089,179085,9629,9086,933,10019,84
2021-01-12,Sierra,091,2930,43,33,6,39,0
2021-01-12,Siskiyou,093,43540,1206,1091,165,1256,3
2021-01-12,Solano,095,438530,24865,23160,267,23427,102
2021-01-12,Sonoma,097,501317,23448,22403,119,22522,205
2021-01-12,Stanislaus,099,539301,42395,39615,4125,43740,571
2021-01-12,Sutter,101,95872,7558,7276,60,7336,73
2021-01-12,Tehama,103,63373,3837,3567,416,3983,17
2021-01-12,Trinity,105,12862,437,258,65,323,3
2021-01-12,Tulare,107,460477,41373,38797,5282,44079,509
2021-01-12,Tuolumne,109,53932,3213,3178,30,3208,28
2021-01-12,Ventura,111,848112,60063,55342,2070,57412,324
2021-01-12,Yolo,113,214977,10818,9857,104,9961,133
2021-01-12,Yuba,115,75493,4666,4389,56,4445,27
2021-01-11,Alameda,001,1643700,65905,61949,1362,63311,652
2021-01-11,Alpine,003,1148,73,70,0,70,0
2021-01-11,Amador,005,37829,2988,2867,24,2891,24
2021-01-11,Butte,007,227075,9581,8757,1237,9994,119
2021-01-11,Calaveras,009,45235,1506,1460,7,1467,21
2021-01-11,Colusa,011,21464,1569,1494,145,1639,7
2021-01-11,Contra Costa,013,1133247,51083,47728,821,48549,398
2021-01-11,Del Norte,015,27424,849,810,2,812,2
2021-01-11,El Dorado,017,186661,7716,6987,487,7474,36
2021-01-11,Fresno,019,978130,82612,76581,6078,82659,775
2021-01-11,Glenn,021,27897,1925,1763,369,2132,9
2021-01-11,Humboldt,023,135768,2276,2069,7,2076,22
2021-01-11,Imperial,025,180216,25322,24418,2012,26430,453
2021-01-11,Inyo,027,18085,913,763,9,772,25
2021-01-11,Kern,029,883053,79495,74489,6959,81448,682
2021-01-11,Kings,031,150075,18996,17909,714,18623,108
2021-01-11,Lake,033,64148,2485,2205,0,2205,26
2021-01-11,Lassen,035,31185,4732,4647,69,4716,1
2021-01-11,Los Angeles,037,10098052,992199,914434,31028,945462,12304
2021-01-11,Madera,039,155013,13271,12366,617,12983,85
2021-01-11,Marin,041,260295,11391,10814,111,10925,156
2021-01-11,Mariposa,043,17540,319,296,2,298,3
2021-01-11,Mendocino,045,87422,2966,2728,47,2775,31
2021-01-11,Merced,047,269075,23110,21884,547,22431,238
2021-01-11,Modoc,049,8938,293,271,82,353,0
2021-01-11,Mono,051,14174,1060,1006,13,1019,3
2021-01-11,Monterey,053,433212,34624,32858,995,33853,239
2021-01-11,Napa,055,140530,7391,6822,31,6853,36
2021-01-11,Nevada,057,99092,3226,2980,123,3103,17
2021-01-11,Orange,059,3164182,208074,196340,8436,204776,2113
2021-01-11,Placer,061,380077,17593,15919,807,16726,163
2021-01-11,Plumas,063,18699,564,477,9,486,2
2021-01-11,Riverside,065,2383286,238579,222907,11292,234199,2222
2021-01-11,Sacramento,067,1510023,78778,76009,857,76866,974
2021-01-11,San Benito,069,59416,4763,4482,45,4527,34
2021-01-11,San Bernardino,071,2135413,250304,235543,7099,242642,1739
2021-01-11,San Diego,073,3302833,212923,194793,9823,204616,1857
2021-01-11,San Francisco,075,870044,28548,27264,426,27690,238
2021-01-11,San Joaquin,077,732212,56099,53002,2166,55168,725
2021-01-11,San Luis Obispo,079,281455,15454,14213,374,14587,126
2021-01-11,San Mateo,081,765935,32280,29355,193,29548,206
2021-01-11,Santa Barbara,083,443738,23941,21740,690,22430,200
2021-01-11,Santa Clara,085,1922200,90560,84851,395,85246,877
2021-01-11,Santa Cruz,087,273765,12509,11093,526,11619,106
2021-01-11,Shasta,089,179085,9531,8977,920,9897,81
2021-01-11,Sierra,091,2930,41,33,6,39,0
2021-01-11,Siskiyou,093,43540,1197,1087,163,1250,3
2021-01-11,Solano,095,438530,24545,22893,261,23154,101
2021-01-11,Sonoma,097,501317,23202,22191,119,22310,205
2021-01-11,Stanislaus,099,539301,41903,39149,4075,43224,571
2021-01-11,Sutter,101,95872,7499,7204,59,7263,71
2021-01-11,Tehama,103,63373,3774,3524,394,3918,17
2021-01-11,Trinity,105,12862,437,256,65,321,2
2021-01-11,Tulare,107,460477,40958,38380,5203,43583,497
2021-01-11,Tuolumne,109,53932,3202,3165,30,3195,27
2021-01-11,Ventura,111,848112,58927,54202,2047,56249,320
2021-01-11,Yolo,113,214977,10610,9699,102,9801,129
2021-01-11,Yuba,115,75493,4628,4349,49,4398,27
2021-01-10,Alameda,001,1643700,64914,61111,1334,62445,650
2021-01-10,Alpine,003,1148,73,70,0,70,0
2021-01-10,Amador,005,37829,2964,2861,24,2885,24
2021-01-10,Butte,007,227075,9460,8665,1211,9876,119
2021-01-10,Calaveras,009,45235,1482,1449,7,1456,21
2021-01-10,Colusa,011,21464,1546,1478,143,1621,7
2021-01-10,Contra Costa,013,1133247,50301,47109,803,47912,398
2021-01-10,Del Norte,015,27424,846,809,2,811,2
2021-01-10,El Dorado,017,186661,7629,6904,468,7372,36
2021-01-10,Fresno,019,978130,81801,75621,5955,81576,775
2021-01-10,Glenn,021,27897,1906,1746,361,2107,9
2021-01-10,Humboldt,023,135768,2215,2049,7,2056,22
2021-01-10,Imperial,025,180216,25162,24233,1961,26194,453
2021-01-10,Inyo,027,18085,885,748,9,757,25
2021-01-10,Kern,029,883053,78663,73712,6826,80538,679
2021-01-10,Kings,031,150075,18777,17812,707,18519,108
2021-01-10,Lake,033,64148,2431,2174,0,2174,26
2021-01-10,Lassen,035,31185,4710,4642,69,4711,1
2021-01-10,Los Angeles,037,10098052,977590,901783,30403,932186,12170
2021-01-10,Madera,039,155013,13082,12179,602,12781,85
2021-01-10,Marin,041,260295,11270,10737,110,10847,155
2021-01-10,Mariposa,043,17540,319,291,2,293,3
2021-01-10,Mendocino,045,87422,2935,2706,43,2749,31
2021-01-10,Merced,047,269075,22838,21691,535,22226,238
2021-01-10,Modoc,049,8938,293,271,80,351,0
2021-01-10,Mono,051,14174,1042,965,13,978,3
2021-01-10,Monterey,053,433212,34184,32571,962,33533,237
2021-01-10,Napa,055,140530,7287,6687,29,6716,36
2021-01-10,Nevada,057,99092,3207,2959,119,3078,17
2021-01-10,Orange,059,3164182,205305,193766,8312,202078,2104
2021-01-10,Placer,061,380077,17404,15779,787,16566,163
2021-01-10,Plumas,063,18699,554,477,9,486,2
2021-01-10,Riverside,065,2383286,235211,219486,11102,230588,2216
2021-01-10,Sacramento,067,1510023,77816,75394,829,76223,965
2021-01-10,San Benito,069,59416,4661,4434,44,4478,34
2021-01-10,San Bernardino,071,2135413,246788,232171,6995,239166,1736
2021-01-10,San Diego,073,3302833,209256,191886,9656,201542,1857
2021-01-10,San Francisco,075,870044,28163,27054,395,27449,238
2021-01-10,San Joaquin,077,732212,55240,52535,2133,54668,725
2021-01-10,San Luis Obispo,079,281455,15125,13968,362,14330,122
2021-01-10,San Mateo,081,765935,31790,28972,179,29151,206
2021-01-10,Santa Barbara,083,443738,23382,21290,675,21965,200
2021-01-10,Santa Clara,085,1922200,89383,83779,386,84165,858
2021-01-10,Santa Cruz,087,273765,12296,10951,507,11458,106
2021-01-10,Shasta,089,179085,9419,8936,905,9841,81
2021-01-10,Sierra,091,2930,40,32,6,38,0
2021-01-10,Siskiyou,093,43540,1191,1075,160,1235,3
2021-01-10,Solano,095,438530,24142,22621,258,22879,101
2021-01-10,Sonoma,097,501317,22926,21925,118,22043,204
2021-01-10,Stanislaus,099,539301,41330,38809,3996,42805,571
2021-01-10,Sutter,101,95872,7438,7133,56,7189,71
2021-01-10,Tehama,103,63373,3701,3504,381,3885,17
2021-01-10,Trinity,105,12862,437,253,63,316,2
2021-01-10,Tulare,107,460477,40539,38012,5081,43093,497
2021-01-10,Tuolumne,109,53932,3168,3143,29,3172,27
2021-01-10,Ventura,111,848112,57658,53095,2003,55098,319
2021-01-10,Yolo,113,214977,10457,9610,101,9711,129
2021-01-10,Yuba,115,75493,4575,4300,46,4346,27
2021-01-09,Alameda,001,1643700,64367,60125,1318,61443,649
2021-01-09,Alpine,003,1148,73,70,0,70,0
2021-01-09,Amador,005,37829,2957,2809,24,2833,24
2021-01-09,Butte,007,227075,9381,8552,1187,9739,118
2021-01-09,Calaveras,009,45235,1472,1425,7,1432,21
2021-01-09,Colusa,011,21464,1539,1468,142,1610,7
2021-01-09,Contra Costa,013,1133247,49949,46406,788,47194,393
2021-01-09,Del Norte,015,27424,844,802,2,804,2
2021-01-09,El Dorado,017,186661,7597,6800,465,7265,36
2021-01-09,Fresno,019,978130,81392,74816,5915,80731,773
2021-01-09,Glenn,021,27897,1891,1707,358,2065,9
2021-01-09,Humboldt,023,135768,2197,2026,7,2033,22
2021-01-09,Imperial,025,180216,25094,24028,1947,25975,448
2021-01-09,Inyo,027,18085,875,734,9,743,25
2021-01-09,Kern,029,883053,78194,73015,6749,79764,677
2021-01-09,Kings,031,150075,18682,17679,703,18382,108
2021-01-09,Lake,033,64148,2396,2144,0,2144,26
2021-01-09,Lassen,035,31185,4698,4613,68,4681,1
2021-01-09,Los Angeles,037,10098052,972012,887949,29967,917916,12011
2021-01-09,Madera,039,155013,12991,12063,597,12660,85
2021-01-09,Marin,041,260295,11209,10634,109,10743,154
2021-01-09,Mariposa,043,17540,316,287,2,289,3
2021-01-09,Mendocino,045,87422,2917,2664,43,2707,31
2021-01-09,Merced,047,269075,22696,21357,526,21883,237
2021-01-09,Modoc,049,8938,293,271,79,350,0
2021-01-09,Mono,051,14174,1037,964,13,977,3
2021-01-09,Monterey,053,433212,34033,31948,952,32900,235
2021-01-09,Napa,055,140530,7217,6594,26,6620,36
2021-01-09,Nevada,057,99092,3185,2932,116,3048,17
2021-01-09,Orange,059,3164182,203795,191004,8219,199223,2034
2021-01-09,Placer,061,380077,17297,15609,785,16394,162
2021-01-09,Plumas,063,18699,552,477,9,486,2
2021-01-09,Riverside,065,2383286,233456,216076,10964,227040,2201
2021-01-09,Sacramento,067,1510023,77283,74482,824,75306,953
2021-01-09,San Benito,069,59416,4610,4335,44,4379,34
2021-01-09,San Bernardino,071,2135413,245590,228857,6927,235784,1714
2021-01-09,San Diego,073,3302833,207562,188598,9536,198134,1824
2021-01-09,San Francisco,075,870044,27991,26708,352,27060,235
2021-01-09,San Joaquin,077,732212,54890,51927,2114,54041,724
2021-01-09,San Luis Obispo,079,281455,15001,13647,351,13998,121
2021-01-09,San Mateo,081,765935,31491,28512,172,28684,205
2021-01-09,Santa Barbara,083,443738,23170,20971,670,21641,197
2021-01-09,Santa Clara,085,1922200,88543,82269,374,82643,808
2021-01-09,Santa Cruz,087,273765,12200,10717,501,11218,107
2021-01-09,Shasta,089,179085,9386,8893,901,9794,81
2021-01-09,Sierra,091,2930,38,32,6,38,0
2021-01-09,Siskiyou,093,43540,1187,1062,155,1217,3
2021-01-09,Solano,095,438530,23984,22226,256,22482,101
2021-01-09,Sonoma,097,501317,22804,21393,118,21511,202
2021-01-09,Stanislaus,099,539301,41039,38403,3961,42364,567
2021-01-09,Sutter,101,95872,7402,7072,55,7127,69
2021-01-09,Tehama,103,63373,3669,3451,371,3822,15
2021-01-09,Trinity,105,12862,437,252,63,315,2
2021-01-09,Tulare,107,460477,40285,37684,5015,42699,496
2021-01-09,Tuolumne,109,53932,3160,3117,28,3145,26
2021-01-09,Ventura,111,848112,56829,51988,1977,53965,306
2021-01-09,Yolo,113,214977,10384,9524,98,9622,129
2021-01-09,Yuba,115,75493,4545,4265,46,4311,27
2021-01-08,Alameda,001,1643700,63801,59172,1309,60481,646
2021-01-08,Alpine,003,1148,73,70,0,70,0
2021-01-08,Amador,005,37829,2950,2792,24,2816,24
2021-01-08,Butte,007,227075,9321,8430,1173,9603,115
2021-01-08,Calaveras,009,45235,1458,1385,7,1392,21
2021-01-08,Colusa,011,21464,1526,1448,141,1589,7
2021-01-08,Contra Costa,013,1133247,49420,45667,784,46451,381
2021-01-08,Del Norte,015,27424,842,795,2,797,2
2021-01-08,El Dorado,017,186661,7527,6690,453,7143,36
2021-01-08,Fresno,019,978130,80578,73689,5855,79544,771
2021-01-08,Glenn,021,27897,1876,1680,353,2033,9
2021-01-08,Humboldt,023,135768,2173,1988,7,1995,22
2021-01-08,Imperial,025,180216,25028,23751,1932,25683,446
2021-01-08,Inyo,027,18085,861,682,9,691,24
2021-01-08,Kern,029,883053,77631,71978,6675,78653,674
2021-01-08,Kings,031,150075,18554,17441,698,18139,108
2021-01-08,Lake,033,64148,2371,2098,0,2098,26
2021-01-08,Lassen,035,31185,4690,4598,66,4664,1
2021-01-08,Los Angeles,037,10098052,961210,871188,29540,900728,11796
2021-01-08,Madera,039,155013,12840,11846,588,12434,85
2021-01-08,Marin,041,260295,11115,10531,109,10640,153
2021-01-08,Mariposa,043,17540,315,273,2,275,3
2021-01-08,Mendocino,045,87422,2898,2634,40,2674,31
2021-01-08,Merced,047,269075,22501,20862,521,21383,236
2021-01-08,Modoc,049,8938,293,266,79,345,0
2021-01-08,Mono,051,14174,1027,951,13,964,3
2021-01-08,Monterey,053,433212,33781,31543,941,32484,224
2021-01-08,Napa,055,140530,7147,6544,26,6570,32
2021-01-08,Nevada,057,99092,3163,2888,116,3004,17
2021-01-08,Orange,059,3164182,201801,186608,8132,194740,1991
2021-01-08,Placer,061,380077,17166,15401,778,16179,161
2021-01-08,Plumas,063,18699,546,465,9,474,2
2021-01-08,Riverside,065,2383286,231052,212122,10834,222956,2184
2021-01-08,Sacramento,067,1510023,76710,73245,818,74063,939
2021-01-08,San Benito,069,59416,4573,4225,43,4268,33
2021-01-08,San Bernardino,071,2135413,243720,224267,6857,231124,1703
2021-01-08,San Diego,073,3302833,205024,185060,9442,194502,1771
2021-01-08,San Francisco,075,870044,27741,26378,329,26707,207
2021-01-08,San Joaquin,077,732212,54556,50990,2086,53076,710
2021-01-08,San Luis Obispo,079,281455,14868,13286,339,13625,119
2021-01-08,San Mateo,081,765935,31141,28072,169,28241,204
2021-01-08,Santa Barbara,083,443738,22884,20461,665,21126,189
2021-01-08,Santa Clara,085,1922200,87540,80561,371,80932,789
2021-01-08,Santa Cruz,087,273765,12059,10486,493,10979,106
2021-01-08,Shasta,089,179085,9336,8772,886,9658,81
2021-01-08,Sierra,091,2930,38,31,6,37,0
2021-01-08,Siskiyou,093,43540,1184,1027,154,1181,3
2021-01-08,Solano,095,438530,23813,21832,253,22085,100
2021-01-08,Sonoma,097,501317,22662,21178,118,21296,201
2021-01-08,Stanislaus,099,539301,40740,37858,3926,41784,566
2021-01-08,Sutter,101,95872,7352,6982,55,7037,68
2021-01-08,Tehama,103,63373,3646,3406,367,3773,15
2021-01-08,Trinity,105,12862,437,247,63,310,2
2021-01-08,Tulare,107,460477,40013,36946,4914,41860,491
2021-01-08,Tuolumne,109,53932,3152,3099,28,3127,19
2021-01-08,Ventura,111,848112,55963,50553,1953,52506,294
2021-01-08,Yolo,113,214977,10296,9391,94,9485,129
2021-01-08,Yuba,115,75493,4503,4195,45,4240,26
2021-01-07,Alameda,001,1643700,62945,57921,1282,59203,632
2021-01-07,Alpine,003,1148,71,70,0,70,0
2021-01-07,Amador,005,37829,2937,2740,23,2763,24
2021-01-07,Butte,007,227075,9224,8278,1152,9430,112
2021-01-07,Calaveras,009,45235,1441,1342,6,1348,21
2021-01-07,Colusa,011,21464,1514,1420,134,1554,7
2021-01-07,Contra Costa,013,1133247,48643,44756,768,45524,376
2021-01-07,Del Norte,015,27424,840,791,2,793,2
2021-01-07,El Dorado,017,186661,7426,6545,441,6986,36
2021-01-07,Fresno,019,978130,79622,72557,5755,78312,765
2021-01-07,Glenn,021,27897,1858,1639,343,1982,9
2021-01-07,Humboldt,023,135768,2146,1954,7,1961,22
2021-01-07,Imperial,025,180216,24838,23608,1881,25489,431
2021-01-07,Inyo,027,18085,848,656,9,665,20
2021-01-07,Kern,029,883053,76769,70953,6524,77477,660
2021-01-07,Kings,031,150075,18426,17238,689,17927,108
2021-01-07,Lake,033,64148,2317,2054,0,2054,26
2021-01-07,Lassen,035,31185,4685,4581,64,4645,1
2021-01-07,Los Angeles,037,10098052,946291,853187,29007,882194,11480
2021-01-07,Madera,039,155013,12683,11644,577,12221,76
2021-01-07,Marin,041,260295,11026,10364,107,10471,153
2021-01-07,Mariposa,043,17540,313,264,2,266,3
2021-01-07,Mendocino,045,87422,2843,2585,35,2620,30
2021-01-07,Merced,047,269075,22180,20510,505,21015,234
2021-01-07,Modoc,049,8938,293,265,79,344,0
2021-01-07,Mono,051,14174,1016,905,13,918,3
2021-01-07,Monterey,053,433212,33276,30903,918,31821,222
2021-01-07,Napa,055,140530,7037,6408,26,6434,32
2021-01-07,Nevada,057,99092,3129,2847,111,2958,17
2021-01-07,Orange,059,3164182,198959,181922,8034,189956,1974
2021-01-07,Placer,061,380077,16988,15155,749,15904,144
2021-01-07,Plumas,063,18699,544,454,9,463,2
2021-01-07,Riverside,065,2383286,227590,208177,10679,218856,2156
2021-01-07,Sacramento,067,1510023,75802,72342,797,73139,919
2021-01-07,San Benito,069,59416,4512,4112,39,4151,33
2021-01-07,San Bernardino,071,2135413,240265,219691,6775,226466,1666
2021-01-07,San Diego,073,3302833,201718,180510,9264,189774,1738
2021-01-07,San Francisco,075,870044,27412,25885,314,26199,202
2021-01-07,San Joaquin,077,732212,53875,50156,2055,52211,689
2021-01-07,San Luis Obispo,079,281455,14630,12810,326,13136,118
2021-01-07,San Mateo,081,765935,30632,27494,165,27659,201
2021-01-07,Santa Barbara,083,443738,22457,19931,654,20585,187
2021-01-07,Santa Clara,085,1922200,86370,78808,368,79176,775
2021-01-07,Santa Cruz,087,273765,11850,10228,485,10713,104
2021-01-07,Shasta,089,179085,9248,8612,878,9490,81
2021-01-07,Sierra,091,2930,38,31,6,37,0
2021-01-07,Siskiyou,093,43540,1179,1010,152,1162,3
2021-01-07,Solano,095,438530,23421,21384,249,21633,100
2021-01-07,Sonoma,097,501317,22401,20857,117,20974,200
2021-01-07,Stanislaus,099,539301,40323,37296,3873,41169,553
2021-01-07,Sutter,101,95872,7293,6890,54,6944,65
2021-01-07,Tehama,103,63373,3622,3330,359,3689,15
2021-01-07,Trinity,105,12862,437,247,63,310,2
2021-01-07,Tulare,107,460477,39612,36397,4782,41179,482
2021-01-07,Tuolumne,109,53932,3132,3068,27,3095,14
2021-01-07,Ventura,111,848112,54802,49083,1925,51008,288
2021-01-07,Yolo,113,214977,10156,9207,92,9299,128
2021-01-07,Yuba,115,75493,4461,4128,45,4173,25
2021-01-06,Alameda,001,1643700,62089,57081,1253,58334,616
2021-01-06,Alpine,003,1148,71,70,0,70,0
2021-01-06,Amador,005,37829,2916,2717,22,2739,24
2021-01-06,Butte,007,227075,9109,8147,1132,9279,110
2021-01-06,Calaveras,009,45235,1418,1321,6,1327,21
2021-01-06,Colusa,011,21464,1493,1385,129,1514,7
2021-01-06,Contra Costa,013,1133247,47850,44054,752,44806,358
2021-01-06,Del Norte,015,27424,834,780,2,782,2
2021-01-06,El Dorado,017,186661,7314,6397,428,6825,35
2021-01-06,Fresno,019,978130,78779,71404,5653,77057,752
2021-01-06,Glenn,021,27897,1832,1622,338,1960,9
2021-01-06,Humboldt,023,135768,2120,1912,7,1919,22
2021-01-06,Imperial,025,180216,24593,23400,1840,25240,431
2021-01-06,Inyo,027,18085,832,630,9,639,20
2021-01-06,Kern,029,883053,75826,69893,6393,76286,646
2021-01-06,Kings,031,150075,18228,17019,669,17688,108
2021-01-06,Lake,033,64148,2280,2033,0,2033,26
2021-01-06,Lassen,035,31185,4673,4560,60,4620,1
2021-01-06,Los Angeles,037,10098052,930339,835052,28314,863366,11285
2021-01-06,Madera,039,155013,12547,11407,571,11978,67
2021-01-06,Marin,041,260295,10898,10282,106,10388,153
2021-01-06,Mariposa,043,17540,310,259,2,261,3
2021-01-06,Mendocino,045,87422,2813,2561,35,2596,30
2021-01-06,Merced,047,269075,21844,20258,489,20747,232
2021-01-06,Modoc,049,8938,293,263,79,342,0
2021-01-06,Mono,051,14174,985,905,13,918,3
2021-01-06,Monterey,053,433212,32675,30387,886,31273,222
2021-01-06,Napa,055,140530,6907,6342,26,6368,32
2021-01-06,Nevada,057,99092,3109,2805,110,2915,15
2021-01-06,Orange,059,3164182,195510,177686,7892,185578,1935
2021-01-06,Placer,061,380077,16800,14940,731,15671,134
2021-01-06,Plumas,063,18699,536,445,9,454,2
2021-01-06,Riverside,065,2383286,223570,203714,10492,214206,2121
2021-01-06,Sacramento,067,1510023,74779,71572,780,72352,909
2021-01-06,San Benito,069,59416,4436,4031,38,4069,32
2021-01-06,San Bernardino,071,2135413,236558,215286,6667,221953,1634
2021-01-06,San Diego,073,3302833,198218,176660,9093,185753,1691
2021-01-06,San Francisco,075,870044,27043,25424,306,25730,199
2021-01-06,San Joaquin,077,732212,53121,49286,2014,51300,673
2021-01-06,San Luis Obispo,079,281455,14237,12305,319,12624,115
2021-01-06,San Mateo,081,765935,30207,27050,162,27212,200
2021-01-06,Santa Barbara,083,443738,21968,19453,645,20098,177
2021-01-06,Santa Clara,085,1922200,85005,77485,361,77846,746
2021-01-06,Santa Cruz,087,273765,11631,9954,467,10421,97
2021-01-06,Shasta,089,179085,9178,8482,871,9353,78
2021-01-06,Sierra,091,2930,37,31,6,37,0
2021-01-06,Siskiyou,093,43540,1167,998,148,1146,3
2021-01-06,Solano,095,438530,23038,21102,246,21348,99
2021-01-06,Sonoma,097,501317,22094,20558,117,20675,196
2021-01-06,Stanislaus,099,539301,39756,36751,3814,40565,553
2021-01-06,Sutter,101,95872,7212,6839,53,6892,59
2021-01-06,Tehama,103,63373,3594,3306,353,3659,15
2021-01-06,Trinity,105,12862,437,246,63,309,2
2021-01-06,Tulare,107,460477,39064,35882,4685,40567,465
2021-01-06,Tuolumne,109,53932,3112,3008,27,3035,14
2021-01-06,Ventura,111,848112,53559,47428,1901,49329,280
2021-01-06,Yolo,113,214977,9991,9083,89,9172,127
2021-01-06,Yuba,115,75493,4412,4097,45,4142,25
2021-01-05,Alameda,001,1643700,60975,56432,1219,57651,602
2021-01-05,Alpine,003,1148,71,70,0,70,0
2021-01-05,Amador,005,37829,2876,2695,22,2717,24
2021-01-05,Butte,007,227075,8968,8008,1104,9112,107
2021-01-05,Calaveras,009,45235,1372,1292,6,1298,21
2021-01-05,Colusa,011,21464,1469,1376,123,1499,7
2021-01-05,Contra Costa,013,1133247,46984,43442,740,44182,353
2021-01-05,Del Norte,015,27424,827,770,2,772,2
2021-01-05,El Dorado,017,186661,7196,6270,407,6677,32
2021-01-05,Fresno,019,978130,77557,70971,5558,76529,741
2021-01-05,Glenn,021,27897,1809,1608,322,1930,9
2021-01-05,Humboldt,023,135768,2084,1884,7,1891,22
2021-01-05,Imperial,025,180216,24420,23165,1797,24962,421
2021-01-05,Inyo,027,18085,818,627,9,636,20
2021-01-05,Kern,029,883053,74749,68257,6253,74510,624
2021-01-05,Kings,031,150075,18030,16860,646,17506,108
2021-01-05,Lake,033,64148,2233,2015,0,2015,25
2021-01-05,Lassen,035,31185,4658,4554,56,4610,1
2021-01-05,Los Angeles,037,10098052,911605,823783,27645,851428,11028
2021-01-05,Madera,039,155013,12371,11359,558,11917,67
2021-01-05,Marin,041,260295,10746,10214,105,10319,151
2021-01-05,Mariposa,043,17540,304,257,2,259,3
2021-01-05,Mendocino,045,87422,2777,2501,35,2536,30
2021-01-05,Merced,047,269075,21493,20051,477,20528,230
2021-01-05,Modoc,049,8938,293,254,79,333,0
2021-01-05,Mono,051,14174,979,896,13,909,3
2021-01-05,Monterey,053,433212,32125,30045,853,30898,213
2021-01-05,Napa,055,140530,6820,6264,26,6290,29
2021-01-05,Nevada,057,99092,3081,2781,108,2889,15
2021-01-05,Orange,059,3164182,191876,174869,7697,182566,1918
2021-01-05,Placer,061,380077,16577,14723,708,15431,133
2021-01-05,Plumas,063,18699,529,428,9,437,2
2021-01-05,Riverside,065,2383286,219445,200439,10317,210756,2069
2021-01-05,Sacramento,067,1510023,73851,70677,754,71431,888
2021-01-05,San Benito,069,59416,4335,3961,36,3997,28
2021-01-05,San Bernardino,071,2135413,232620,212522,6551,219073,1615
2021-01-05,San Diego,073,3302833,194078,172845,8879,181724,1654
2021-01-05,San Francisco,075,870044,26676,24989,288,25277,196
2021-01-05,San Joaquin,077,732212,52251,48969,1968,50937,663
2021-01-05,San Luis Obispo,079,281455,13838,12027,309,12336,106
2021-01-05,San Mateo,081,765935,29726,26486,160,26646,198
2021-01-05,Santa Barbara,083,443738,21522,19063,637,19700,172
2021-01-05,Santa Clara,085,1922200,83477,76355,348,76703,729
2021-01-05,Santa Cruz,087,273765,11358,9753,443,10196,93
2021-01-05,Shasta,089,179085,9071,8345,853,9198,73
2021-01-05,Sierra,091,2930,37,31,6,37,0
2021-01-05,Siskiyou,093,43540,1155,985,146,1131,3
2021-01-05,Solano,095,438530,22631,20860,241,21101,97
2021-01-05,Sonoma,097,501317,21735,20247,116,20363,194
2021-01-05,Stanislaus,099,539301,39212,36363,3763,40126,553
2021-01-05,Sutter,101,95872,7115,6769,52,6821,59
2021-01-05,Tehama,103,63373,3538,3255,348,3603,9
2021-01-05,Trinity,105,12862,437,246,63,309,2
2021-01-05,Tulare,107,460477,38450,35585,4540,40125,455
2021-01-05,Tuolumne,109,53932,3088,2996,22,3018,13
2021-01-05,Ventura,111,848112,52314,46456,1879,48335,264
2021-01-05,Yolo,113,214977,9816,8980,88,9068,127
2021-01-05,Yuba,115,75493,4353,4053,44,4097,21
2021-01-04,Alameda,001,1643700,59755,55899,1185,57084,583
2021-01-04,Alpine,003,1148,71,68,0,68,0
2021-01-04,Amador,005,37829,2836,2596,22,2618,24
2021-01-04,Butte,007,227075,8809,7893,1083,8976,105
2021-01-04,Calaveras,009,45235,1331,1276,5,1281,21
2021-01-04,Colusa,011,21464,1445,1368,109,1477,7
2021-01-04,Contra Costa,013,1133247,46126,43019,714,43733,353
2021-01-04,Del Norte,015,27424,817,770,2,772,2
2021-01-04,El Dorado,017,186661,7062,6152,391,6543,27
2021-01-04,Fresno,019,978130,76289,69871,5460,75331,726
2021-01-04,Glenn,021,27897,1776,1590,317,1907,9
2021-01-04,Humboldt,023,135768,2048,1845,7,1852,22
2021-01-04,Imperial,025,180216,24270,23035,1744,24779,420
2021-01-04,Inyo,027,18085,792,623,9,632,20
2021-01-04,Kern,029,883053,73665,67418,6057,73475,623
2021-01-04,Kings,031,150075,17753,16801,621,17422,108
2021-01-04,Lake,033,64148,2194,1984,0,1984,25
2021-01-04,Lassen,035,31185,4636,4550,55,4605,1
2021-01-04,Los Angeles,037,10098052,891484,813022,26780,839802,10790
2021-01-04,Madera,039,155013,12151,11204,536,11740,67
2021-01-04,Marin,041,260295,10609,10115,102,10217,151
2021-01-04,Mariposa,043,17540,298,253,2,255,3
2021-01-04,Mendocino,045,87422,2737,2460,31,2491,28
2021-01-04,Merced,047,269075,21079,19804,458,20262,230
2021-01-04,Modoc,049,8938,277,250,77,327,0
2021-01-04,Mono,051,14174,968,895,13,908,3
2021-01-04,Monterey,053,433212,31506,29659,831,30490,212
2021-01-04,Napa,055,140530,6679,6187,26,6213,29
2021-01-04,Nevada,057,99092,3043,2765,105,2870,15
2021-01-04,Orange,059,3164182,187985,172458,7570,180028,1918
2021-01-04,Placer,061,380077,16318,14622,695,15317,133
2021-01-04,Plumas,063,18699,519,419,9,428,1
2021-01-04,Riverside,065,2383286,214893,196809,10127,206936,2066
2021-01-04,Sacramento,067,1510023,72796,70164,744,70908,870
2021-01-04,San Benito,069,59416,4222,3914,36,3950,28
2021-01-04,San Bernardino,071,2135413,228363,210868,6401,217269,1615
2021-01-04,San Diego,073,3302833,189504,171031,8683,179714,1598
2021-01-04,San Francisco,075,870044,26288,24753,282,25035,191
2021-01-04,San Joaquin,077,732212,51350,48644,1926,50570,661
2021-01-04,San Luis Obispo,079,281455,13352,11945,301,12246,96
2021-01-04,San Mateo,081,765935,29162,26150,155,26305,198
2021-01-04,Santa Barbara,083,443738,20999,18735,606,19341,165
2021-01-04,Santa Clara,085,1922200,81720,75297,340,75637,727
2021-01-04,Santa Cruz,087,273765,11070,9680,426,10106,85
2021-01-04,Shasta,089,179085,8966,8224,836,9060,72
2021-01-04,Sierra,091,2930,36,30,6,36,0
2021-01-04,Siskiyou,093,43540,1138,980,143,1123,3
2021-01-04,Solano,095,438530,22131,20588,233,20821,97
2021-01-04,Sonoma,097,501317,21397,20210,115,20325,194
2021-01-04,Stanislaus,099,539301,38650,36141,3706,39847,553
2021-01-04,Sutter,101,95872,7019,6712,51,6763,56
2021-01-04,Tehama,103,63373,3469,3190,343,3533,9
2021-01-04,Trinity,105,12862,434,245,63,308,2
2021-01-04,Tulare,107,460477,37898,35060,4437,39497,455
2021-01-04,Tuolumne,109,53932,3063,2987,22,3009,13
2021-01-04,Ventura,111,848112,50811,45014,1859,46873,255
2021-01-04,Yolo,113,214977,9621,8834,82,8916,121
2021-01-04,Yuba,115,75493,4296,4023,44,4067,21
2021-01-03,Alameda,001,1643700,58498,55082,1157,56239,580
2021-01-03,Alpine,003,1148,69,68,0,68,0
2021-01-03,Amador,005,37829,2772,2565,22,2587,24
2021-01-03,Butte,007,227075,8615,7837,1037,8874,105
2021-01-03,Calaveras,009,45235,1294,1249,3,1252,21
2021-01-03,Colusa,011,21464,1415,1337,103,1440,7
2021-01-03,Contra Costa,013,1133247,45236,42432,689,43121,352
2021-01-03,Del Norte,015,27424,805,768,2,770,2
2021-01-03,El Dorado,017,186661,6934,6034,374,6408,27
2021-01-03,Fresno,019,978130,75140,69326,5342,74668,719
2021-01-03,Glenn,021,27897,1751,1581,311,1892,9
2021-01-03,Humboldt,023,135768,2011,1833,7,1840,21
2021-01-03,Imperial,025,180216,24023,22951,1667,24618,419
2021-01-03,Inyo,027,18085,774,615,9,624,20
2021-01-03,Kern,029,883053,72403,66895,5880,72775,609
2021-01-03,Kings,031,150075,17477,16593,591,17184,108
2021-01-03,Lake,033,64148,2141,1976,0,1976,24
2021-01-03,Lassen,035,31185,4603,4531,54,4585,1
2021-01-03,Los Angeles,037,10098052,869438,792168,25721,817889,10633
2021-01-03,Madera,039,155013,11928,11152,513,11665,67
2021-01-03,Marin,041,260295,10458,10034,97,10131,150
2021-01-03,Mariposa,043,17540,291,248,2,250,3
2021-01-03,Mendocino,045,87422,2697,2445,29,2474,24
2021-01-03,Merced,047,269075,20612,19600,431,20031,230
2021-01-03,Modoc,049,8938,273,245,76,321,0
2021-01-03,Mono,051,14174,943,893,13,906,3
2021-01-03,Monterey,053,433212,30913,29357,796,30153,191
2021-01-03,Napa,055,140530,6578,6094,26,6120,29
2021-01-03,Nevada,057,99092,2982,2742,102,2844,15
2021-01-03,Orange,059,3164182,183797,169881,7377,177258,1919
2021-01-03,Placer,061,380077,16069,14319,671,14990,133
2021-01-03,Plumas,063,18699,506,416,9,425,1
2021-01-03,Riverside,065,2383286,210015,195048,9878,204926,2005
2021-01-03,Sacramento,067,1510023,71588,68558,723,69281,859
2021-01-03,San Benito,069,59416,4125,3882,35,3917,28
2021-01-03,San Bernardino,071,2135413,223057,208294,6228,214522,1592
2021-01-03,San Diego,073,3302833,184244,168018,8454,176472,1592
2021-01-03,San Francisco,075,870044,25790,24588,264,24852,193
2021-01-03,San Joaquin,077,732212,50234,47899,1869,49768,661
2021-01-03,San Luis Obispo,079,281455,12883,11636,292,11928,95
2021-01-03,San Mateo,081,765935,28568,25770,148,25918,196
2021-01-03,Santa Barbara,083,443738,20266,18267,589,18856,164
2021-01-03,Santa Clara,085,1922200,80128,74534,334,74868,720
2021-01-03,Santa Cruz,087,273765,10766,9528,411,9939,84
2021-01-03,Shasta,089,179085,8840,8192,796,8988,72
2021-01-03,Sierra,091,2930,36,30,6,36,0
2021-01-03,Siskiyou,093,43540,1105,976,134,1110,3
2021-01-03,Solano,095,438530,21602,20105,227,20332,97
2021-01-03,Sonoma,097,501317,21010,19982,113,20095,193
2021-01-03,Stanislaus,099,539301,37943,35762,3621,39383,553
2021-01-03,Sutter,101,95872,6922,6664,50,6714,53
2021-01-03,Tehama,103,63373,3414,3176,336,3512,9
2021-01-03,Trinity,105,12862,429,243,61,304,2
2021-01-03,Tulare,107,460477,37336,34747,4289,39036,455
2021-01-03,Tuolumne,109,53932,3003,2978,19,2997,13
2021-01-03,Ventura,111,848112,48986,43748,1842,45590,254
2021-01-03,Yolo,113,214977,9464,8674,78,8752,121
2021-01-03,Yuba,115,75493,4244,3966,43,4009,20
2021-01-02,Alameda,001,1643700,57875,54518,1126,55644,581
2021-01-02,Alpine,003,1148,69,68,0,68,0
2021-01-02,Amador,005,37829,2753,2540,22,2562,24
2021-01-02,Butte,007,227075,8509,7750,1015,8765,105
2021-01-02,Calaveras,009,45235,1274,1230,3,1233,21
2021-01-02,Colusa,011,21464,1405,1332,102,1434,7
2021-01-02,Contra Costa,013,1133247,44698,41993,678,42671,352
2021-01-02,Del Norte,015,27424,803,764,2,766,2
2021-01-02,El Dorado,017,186661,6879,5959,370,6329,27
2021-01-02,Fresno,019,978130,74596,68740,5228,73968,717
2021-01-02,Glenn,021,27897,1734,1546,310,1856,9
2021-01-02,Humboldt,023,135768,1984,1815,7,1822,21
2021-01-02,Imperial,025,180216,23937,22867,1631,24498,420
2021-01-02,Inyo,027,18085,761,609,9,618,20
2021-01-02,Kern,029,883053,71683,66457,5768,72225,610
2021-01-02,Kings,031,150075,17383,16515,587,17102,108
2021-01-02,Lake,033,64148,2105,1925,0,1925,24
2021-01-02,Lassen,035,31185,4592,4457,53,4510,1
2021-01-02,Los Angeles,037,10098052,861078,791892,25029,816921,10633
2021-01-02,Madera,039,155013,11817,11039,501,11540,67
2021-01-02,Marin,041,260295,10411,9924,94,10018,151
2021-01-02,Mariposa,043,17540,284,243,2,245,3
2021-01-02,Mendocino,045,87422,2654,2428,28,2456,24
2021-01-02,Merced,047,269075,20470,19395,414,19809,230
2021-01-02,Modoc,049,8938,272,245,76,321,0
2021-01-02,Mono,051,14174,932,884,13,897,3
2021-01-02,Monterey,053,433212,30700,28991,784,29775,191
2021-01-02,Napa,055,140530,6519,5994,26,6020,29
2021-01-02,Nevada,057,99092,2953,2706,98,2804,15
2021-01-02,Orange,059,3164182,181585,168457,7228,175685,1918
2021-01-02,Placer,061,380077,15896,14182,662,14844,133
2021-01-02,Plumas,063,18699,503,413,9,422,1
2021-01-02,Riverside,065,2383286,207372,192069,9649,201718,2008
2021-01-02,Sacramento,067,1510023,70954,67810,706,68516,858
2021-01-02,San Benito,069,59416,4042,3829,35,3864,28
2021-01-02,San Bernardino,071,2135413,221402,206939,6104,213043,1597
2021-01-02,San Diego,073,3302833,181645,164498,8257,172755,1592
2021-01-02,San Francisco,075,870044,25530,24414,257,24671,194
2021-01-02,San Joaquin,077,732212,49854,47310,1840,49150,662
2021-01-02,San Luis Obispo,079,281455,12749,11467,286,11753,95
2021-01-02,San Mateo,081,765935,28232,25483,140,25623,196
2021-01-02,Santa Barbara,083,443738,19977,18135,586,18721,164
2021-01-02,Santa Clara,085,1922200,78943,73662,328,73990,720
2021-01-02,Santa Cruz,087,273765,10611,9340,402,9742,85
2021-01-02,Shasta,089,179085,8774,8154,785,8939,72
2021-01-02,Sierra,091,2930,36,28,6,34,0
2021-01-02,Siskiyou,093,43540,1094,949,132,1081,3
2021-01-02,Solano,095,438530,21402,19805,218,20023,97
2021-01-02,Sonoma,097,501317,20841,19761,113,19874,194
2021-01-02,Stanislaus,099,539301,37610,35431,3556,38987,553
2021-01-02,Sutter,101,95872,6870,6621,50,6671,53
2021-01-02,Tehama,103,63373,3386,3146,332,3478,9
2021-01-02,Trinity,105,12862,426,243,61,304,2
2021-01-02,Tulare,107,460477,37016,34479,4214,38693,455
2021-01-02,Tuolumne,109,53932,2989,2942,17,2959,13
2021-01-02,Ventura,111,848112,47831,43397,1807,45204,254
2021-01-02,Yolo,113,214977,9366,8571,76,8647,122
2021-01-02,Yuba,115,75493,4205,3930,42,3972,21
2021-01-01,Alameda,001,1643700,57224,53518,1112,54630,579
2021-01-01,Alpine,003,1148,69,68,0,68,0
2021-01-01,Amador,005,37829,2727,2513,20,2533,24
2021-01-01,Butte,007,227075,8407,7589,993,8582,105
2021-01-01,Calaveras,009,45235,1259,1186,3,1189,21
2021-01-01,Colusa,011,21464,1396,1314,100,1414,7
2021-01-01,Contra Costa,013,1133247,44219,41412,660,42072,351
2021-01-01,Del Norte,015,27424,796,758,2,760,2
2021-01-01,El Dorado,017,186661,6786,5832,362,6194,27
2021-01-01,Fresno,019,978130,73523,67484,5142,72626,717
2021-01-01,Glenn,021,27897,1717,1520,301,1821,9
2021-01-01,Humboldt,023,135768,1945,1783,7,1790,21
2021-01-01,Imperial,025,180216,23848,22715,1580,24295,418
2021-01-01,Inyo,027,18085,737,606,9,615,20
2021-01-01,Kern,029,883053,70857,65571,5661,71232,609
2021-01-01,Kings,031,150075,17200,16358,580,16938,108
2021-01-01,Lake,033,64148,2072,1888,0,1888,24
2021-01-01,Lassen,035,31185,4586,4377,53,4430,1
2021-01-01,Los Angeles,037,10098052,846873,775578,24342,799920,10515
2021-01-01,Madera,039,155013,11657,10752,492,11244,66
2021-01-01,Marin,041,260295,10304,9821,93,9914,148
2021-01-01,Mariposa,043,17540,276,236,2,238,3
2021-01-01,Mendocino,045,87422,2600,2400,28,2428,24
2021-01-01,Merced,047,269075,20286,19118,398,19516,229
2021-01-01,Modoc,049,8938,272,241,76,317,0
2021-01-01,Mono,051,14174,914,884,12,896,3
2021-01-01,Monterey,053,433212,30460,28465,775,29240,191
2021-01-01,Napa,055,140530,6433,5899,26,5925,28
2021-01-01,Nevada,057,99092,2929,2663,98,2761,15
2021-01-01,Orange,059,3164182,178786,165440,7084,172524,1893
2021-01-01,Placer,061,380077,15706,13987,647,14634,133
2021-01-01,Plumas,063,18699,498,412,9,421,1
2021-01-01,Riverside,065,2383286,204185,188674,9391,198065,1990
2021-01-01,Sacramento,067,1510023,70357,66956,689,67645,848
2021-01-01,San Benito,069,59416,4004,3773,35,3808,28
2021-01-01,San Bernardino,071,2135413,218580,203651,5971,209622,1590
2021-01-01,San Diego,073,3302833,178572,160071,8078,168149,1592
2021-01-01,San Francisco,075,870044,25255,24145,246,24391,187
2021-01-01,San Joaquin,077,732212,49561,46640,1794,48434,657
2021-01-01,San Luis Obispo,079,281455,12522,11160,278,11438,94
2021-01-01,San Mateo,081,765935,27784,25041,136,25177,194
2021-01-01,Santa Barbara,083,443738,19657,17759,576,18335,164
2021-01-01,Santa Clara,085,1922200,77667,71904,322,72226,680
2021-01-01,Santa Cruz,087,273765,10431,9146,392,9538,84
2021-01-01,Shasta,089,179085,8693,8102,768,8870,72
2021-01-01,Sierra,091,2930,36,26,6,32,0
2021-01-01,Siskiyou,093,43540,1080,944,127,1071,3
2021-01-01,Solano,095,438530,21187,19393,216,19609,97
2021-01-01,Sonoma,097,501317,20645,19513,113,19626,189
2021-01-01,Stanislaus,099,539301,37322,34978,3494,38472,553
2021-01-01,Sutter,101,95872,6813,6553,49,6602,52
2021-01-01,Tehama,103,63373,3328,3079,325,3404,9
2021-01-01,Trinity,105,12862,426,243,61,304,2
2021-01-01,Tulare,107,460477,36602,33994,4119,38113,454
2021-01-01,Tuolumne,109,53932,2973,2909,17,2926,13
2021-01-01,Ventura,111,848112,46338,42026,1780,43806,253
2021-01-01,Yolo,113,214977,9255,8461,73,8534,120
2021-01-01,Yuba,115,75493,4151,3845,41,3886,19
2020-12-31,Alameda,001,1643700,56672,52475,1081,53556,579
2020-12-31,Alpine,003,1148,69,66,0,66,0
2020-12-31,Amador,005,37829,2713,2493,20,2513,24
2020-12-31,Butte,007,227075,8332,7405,973,8378,105
2020-12-31,Calaveras,009,45235,1248,1161,3,1164,21
2020-12-31,Colusa,011,21464,1386,1301,97,1398,7
2020-12-31,Contra Costa,013,1133247,43830,40512,645,41157,336
2020-12-31,Del Norte,015,27424,795,748,2,750,2
2020-12-31,El Dorado,017,186661,6734,5662,353,6015,26
2020-12-31,Fresno,019,978130,73090,66442,5080,71522,711
2020-12-31,Glenn,021,27897,1689,1484,293,1777,9
2020-12-31,Humboldt,023,135768,1928,1713,7,1720,21
2020-12-31,Imperial,025,180216,23777,22494,1564,24058,417
2020-12-31,Inyo,027,18085,729,591,9,600,20
2020-12-31,Kern,029,883053,70385,64904,5570,70474,609
2020-12-31,Kings,031,150075,17125,16077,572,16649,108
2020-12-31,Lake,033,64148,2057,1848,0,1848,23
2020-12-31,Lassen,035,31185,4580,4340,52,4392,1
2020-12-31,Los Angeles,037,10098052,841533,755844,23883,779727,10320
2020-12-31,Madera,039,155013,11584,10609,484,11093,64
2020-12-31,Marin,041,260295,10261,9731,92,9823,148
2020-12-31,Mariposa,043,17540,274,217,2,219,3
2020-12-31,Mendocino,045,87422,2585,2367,24,2391,24
2020-12-31,Merced,047,269075,20196,18808,388,19196,226
2020-12-31,Modoc,049,8938,272,238,76,314,0
2020-12-31,Mono,051,14174,906,868,12,880,3
2020-12-31,Monterey,053,433212,30231,27720,763,28483,188
2020-12-31,Napa,055,140530,6370,5801,26,5827,28
2020-12-31,Nevada,057,99092,2906,2619,97,2716,15
2020-12-31,Orange,059,3164182,176898,161586,6951,168537,1866
2020-12-31,Placer,061,380077,15550,13708,644,14352,126
2020-12-31,Plumas,063,18699,494,401,8,409,1
2020-12-31,Riverside,065,2383286,202507,184193,9258,193451,1958
2020-12-31,Sacramento,067,1510023,69828,65817,679,66496,830
2020-12-31,San Benito,069,59416,3980,3673,35,3708,28
2020-12-31,San Bernardino,071,2135413,216935,199115,5903,205018,1586
2020-12-31,San Diego,073,3302833,176809,155593,7979,163572,1534
2020-12-31,San Francisco,075,870044,25024,23740,239,23979,183
2020-12-31,San Joaquin,077,732212,49242,45764,1756,47520,646
2020-12-31,San Luis Obispo,079,281455,12408,10846,278,11124,89
2020-12-31,San Mateo,081,765935,27454,24570,130,24700,192
2020-12-31,Santa Barbara,083,443738,19413,17434,569,18003,161
2020-12-31,Santa Clara,085,1922200,76853,70032,317,70349,665
2020-12-31,Santa Cruz,087,273765,10313,8909,380,9289,84
2020-12-31,Shasta,089,179085,8627,7996,758,8754,69
2020-12-31,Sierra,091,2930,36,26,6,32,0
2020-12-31,Siskiyou,093,43540,1064,940,124,1064,3
2020-12-31,Solano,095,438530,20956,18942,215,19157,97
2020-12-31,Sonoma,097,501317,20524,19129,112,19241,188
2020-12-31,Stanislaus,099,539301,37014,34398,3446,37844,552
2020-12-31,Sutter,101,95872,6782,6432,49,6481,51
2020-12-31,Tehama,103,63373,3292,3036,324,3360,9
2020-12-31,Trinity,105,12862,425,241,61,302,2
2020-12-31,Tulare,107,460477,36425,33412,4056,37468,446
2020-12-31,Tuolumne,109,53932,2964,2902,17,2919,12
2020-12-31,Ventura,111,848112,45827,40854,1763,42617,251
2020-12-31,Yolo,113,214977,9168,8295,72,8367,117
2020-12-31,Yuba,115,75493,4110,3799,40,3839,18
2020-12-30,Alameda,001,1643700,55889,50158,1028,51186,573
2020-12-30,Alpine,003,1148,69,66,0,66,0
2020-12-30,Amador,005,37829,2693,2418,19,2437,24
2020-12-30,Butte,007,227075,8170,7140,953,8093,103
2020-12-30,Calaveras,009,45235,1223,1135,3,1138,21
2020-12-30,Colusa,011,21464,1370,1289,91,1380,7
2020-12-30,Contra Costa,013,1133247,43245,39601,633,40234,337
2020-12-30,Del Norte,015,27424,790,726,2,728,2
2020-12-30,El Dorado,017,186661,6633,5595,343,5938,27
2020-12-30,Fresno,019,978130,72244,65566,4927,70493,711
2020-12-30,Glenn,021,27897,1658,1471,280,1751,9
2020-12-30,Humboldt,023,135768,1894,1654,7,1661,22
2020-12-30,Imperial,025,180216,23608,22098,1487,23585,412
2020-12-30,Inyo,027,18085,722,572,9,581,20
2020-12-30,Kern,029,883053,69657,63292,5426,68718,604
2020-12-30,Kings,031,150075,17006,15862,564,16426,108
2020-12-30,Lake,033,64148,2035,1731,0,1731,23
2020-12-30,Lassen,035,31185,4571,4300,52,4352,1
2020-12-30,Los Angeles,037,10098052,830614,741907,23199,765106,10046
2020-12-30,Madera,039,155013,11474,10249,473,10722,65
2020-12-30,Marin,041,260295,10171,9569,85,9654,148
2020-12-30,Mariposa,043,17540,270,214,2,216,3
2020-12-30,Mendocino,045,87422,2567,2291,21,2312,24
2020-12-30,Merced,047,269075,19906,18519,378,18897,225
2020-12-30,Modoc,049,8938,269,234,76,310,0
2020-12-30,Mono,051,14174,903,868,12,880,3
2020-12-30,Monterey,053,433212,29601,26977,741,27718,186
2020-12-30,Napa,055,140530,6264,5754,26,5780,28
2020-12-30,Nevada,057,99092,2871,2595,95,2690,15
2020-12-30,Orange,059,3164182,174239,153951,6761,160712,1863
2020-12-30,Placer,061,380077,15318,13540,632,14172,127
2020-12-30,Plumas,063,18699,489,397,8,405,1
2020-12-30,Riverside,065,2383286,199560,176402,9073,185475,1919
2020-12-30,Sacramento,067,1510023,68955,64119,662,64781,847
2020-12-30,San Benito,069,59416,3899,3464,31,3495,29
2020-12-30,San Bernardino,071,2135413,214372,192648,5817,198465,1591
2020-12-30,San Diego,073,3302833,173176,152510,7804,160314,1472
2020-12-30,San Francisco,075,870044,24731,23099,234,23333,182
2020-12-30,San Joaquin,077,732212,48548,44465,1713,46178,634
2020-12-30,San Luis Obispo,079,281455,12140,10542,270,10812,89
2020-12-30,San Mateo,081,765935,27025,24150,126,24276,190
2020-12-30,Santa Barbara,083,443738,19010,16895,547,17442,161
2020-12-30,Santa Clara,085,1922200,75609,67218,313,67531,661
2020-12-30,Santa Cruz,087,273765,10119,8787,371,9158,86
2020-12-30,Shasta,089,179085,8513,7818,744,8562,69
2020-12-30,Sierra,091,2930,36,25,6,31,0
2020-12-30,Siskiyou,093,43540,1057,913,115,1028,3
2020-12-30,Solano,095,438530,20564,18300,212,18512,96
2020-12-30,Sonoma,097,501317,20267,18947,112,19059,191
2020-12-30,Stanislaus,099,539301,36550,33730,3371,37101,526
2020-12-30,Sutter,101,95872,6721,6328,47,6375,51
2020-12-30,Tehama,103,63373,3248,2969,320,3289,9
2020-12-30,Trinity,105,12862,424,231,60,291,2
2020-12-30,Tulare,107,460477,35878,32413,3992,36405,430
2020-12-30,Tuolumne,109,53932,2954,2772,15,2787,12
2020-12-30,Ventura,111,848112,44539,39039,1739,40778,251
2020-12-30,Yolo,113,214977,9060,8067,70,8137,117
2020-12-30,Yuba,115,75493,4039,3612,40,3652,18
2020-12-29,Alameda,001,1643700,54822,50946,992,51938,552
2020-12-29,Alpine,003,1148,69,65,0,65,0
2020-12-29,Amador,005,37829,2641,2388,18,2406,23
2020-12-29,Butte,007,227075,7997,7178,929,8107,98
2020-12-29,Calaveras,009,45235,1179,1111,2,1113,21
2020-12-29,Colusa,011,21464,1349,1272,86,1358,7
2020-12-29,Contra Costa,013,1133247,42444,39225,602,39827,325
2020-12-29,Del Norte,015,27424,783,724,2,726,2
2020-12-29,El Dorado,017,186661,6504,5551,330,5881,22
2020-12-29,Fresno,019,978130,70868,65149,4772,69921,688
2020-12-29,Glenn,021,27897,1624,1454,273,1727,9
2020-12-29,Humboldt,023,135768,1846,1616,7,1623,19
2020-12-29,Imperial,025,180216,23395,22105,1402,23507,407
2020-12-29,Inyo,027,18085,705,571,9,580,19
2020-12-29,Kern,029,883053,68491,63096,5254,68350,589
2020-12-29,Kings,031,150075,16837,15777,552,16329,108
2020-12-29,Lake,033,64148,2004,1805,0,1805,22
2020-12-29,Lassen,035,31185,4556,4288,52,4340,1
2020-12-29,Los Angeles,037,10098052,810414,731907,22347,754254,9786
2020-12-29,Madera,039,155013,11160,10251,458,10709,64
2020-12-29,Marin,041,260295,10019,9595,82,9677,146
2020-12-29,Mariposa,043,17540,262,212,2,214,3
2020-12-29,Mendocino,045,87422,2524,2249,20,2269,24
2020-12-29,Merced,047,269075,19556,18464,362,18826,221
2020-12-29,Modoc,049,8938,266,232,76,308,0
2020-12-29,Mono,051,14174,894,868,12,880,3
2020-12-29,Monterey,053,433212,28952,26894,714,27608,185
2020-12-29,Napa,055,140530,6146,5663,26,5689,28
2020-12-29,Nevada,057,99092,2823,2550,94,2644,15
2020-12-29,Orange,059,3164182,170450,154411,6593,161004,1839
2020-12-29,Placer,061,380077,15105,13392,611,14003,126
2020-12-29,Plumas,063,18699,480,395,8,403,1
2020-12-29,Riverside,065,2383286,194960,177624,8820,186444,1904
2020-12-29,Sacramento,067,1510023,67904,65078,648,65726,820
2020-12-29,San Benito,069,59416,3780,3474,30,3504,25
2020-12-29,San Bernardino,071,2135413,209550,190476,5680,196156,1557
2020-12-29,San Diego,073,3302833,168953,150062,7573,157635,1435
2020-12-29,San Francisco,075,870044,24393,22996,226,23222,178
2020-12-29,San Joaquin,077,732212,47628,44699,1659,46358,622
2020-12-29,San Luis Obispo,079,281455,11844,10387,262,10649,80
2020-12-29,San Mateo,081,765935,26483,23773,114,23887,189
2020-12-29,Santa Barbara,083,443738,18541,16797,521,17318,155
2020-12-29,Santa Clara,085,1922200,74066,67581,310,67891,621
2020-12-29,Santa Cruz,087,273765,9848,8492,362,8854,84
2020-12-29,Shasta,089,179085,8409,7782,729,8511,65
2020-12-29,Sierra,091,2930,34,24,5,29,0
2020-12-29,Siskiyou,093,43540,1042,926,113,1039,3
2020-12-29,Solano,095,438530,20182,18412,207,18619,96
2020-12-29,Sonoma,097,501317,19933,18790,110,18900,187
2020-12-29,Stanislaus,099,539301,36074,33775,3301,37076,508
2020-12-29,Sutter,101,95872,6654,6302,47,6349,50
2020-12-29,Tehama,103,63373,3179,2962,308,3270,9
2020-12-29,Trinity,105,12862,423,241,60,301,2
2020-12-29,Tulare,107,460477,35218,32545,3860,36405,419
2020-12-29,Tuolumne,109,53932,2912,2797,15,2812,12
2020-12-29,Ventura,111,848112,43284,38669,1713,40382,235
2020-12-29,Yolo,113,214977,8931,8124,68,8192,111
2020-12-29,Yuba,115,75493,3957,3723,40,3763,18
2020-12-28,Alameda,001,1643700,53779,50405,972,51377,551
2020-12-28,Alpine,003,1148,68,65,0,65,0
2020-12-28,Amador,005,37829,2571,2255,18,2273,23
2020-12-28,Butte,007,227075,7830,7053,898,7951,86
2020-12-28,Calaveras,009,45235,1156,1102,2,1104,21
2020-12-28,Colusa,011,21464,1324,1255,74,1329,7
2020-12-28,Contra Costa,013,1133247,41506,38872,575,39447,324
2020-12-28,Del Norte,015,27424,773,718,2,720,2
2020-12-28,El Dorado,017,186661,6348,5441,318,5759,18
2020-12-28,Fresno,019,978130,69598,64274,4621,68895,679
2020-12-28,Glenn,021,27897,1590,1435,261,1696,9
2020-12-28,Humboldt,023,135768,1811,1579,7,1586,19
2020-12-28,Imperial,025,180216,23136,22003,1328,23331,405
2020-12-28,Inyo,027,18085,698,569,9,578,19
2020-12-28,Kern,029,883053,67423,62392,5050,67442,579
2020-12-28,Kings,031,150075,16620,15733,535,16268,108
2020-12-28,Lake,033,64148,1963,1785,0,1785,22
2020-12-28,Lassen,035,31185,4449,4284,51,4335,1
2020-12-28,Los Angeles,037,10098052,788058,720699,21547,742246,9544
2020-12-28,Madera,039,155013,10986,10123,435,10558,64
2020-12-28,Marin,041,260295,9911,9546,76,9622,145
2020-12-28,Mariposa,043,17540,238,211,2,213,3
2020-12-28,Mendocino,045,87422,2489,2214,20,2234,23
2020-12-28,Merced,047,269075,19236,18245,343,18588,213
2020-12-28,Modoc,049,8938,261,220,75,295,0
2020-12-28,Mono,051,14174,890,848,12,860,3
2020-12-28,Monterey,053,433212,28103,26529,703,27232,182
2020-12-28,Napa,055,140530,6037,5576,26,5602,26
2020-12-28,Nevada,057,99092,2775,2532,90,2622,15
2020-12-28,Orange,059,3164182,166346,152089,6416,158505,1839
2020-12-28,Placer,061,380077,14765,13234,584,13818,126
2020-12-28,Plumas,063,18699,476,391,8,399,0
2020-12-28,Riverside,065,2383286,190060,174029,8530,182559,1855
2020-12-28,Sacramento,067,1510023,66668,64322,624,64946,813
2020-12-28,San Benito,069,59416,3711,3429,29,3458,24
2020-12-28,San Bernardino,071,2135413,204459,188919,5563,194482,1552
2020-12-28,San Diego,073,3302833,164209,147528,7391,154919,1404
2020-12-28,San Francisco,075,870044,24031,22726,221,22947,178
2020-12-28,San Joaquin,077,732212,46694,44172,1627,45799,618
2020-12-28,San Luis Obispo,079,281455,11492,10260,258,10518,76
2020-12-28,San Mateo,081,765935,26009,23467,110,23577,189
2020-12-28,Santa Barbara,083,443738,18073,16579,509,17088,155
2020-12-28,Santa Clara,085,1922200,72580,66418,303,66721,619
2020-12-28,Santa Cruz,087,273765,9580,8310,352,8662,81
2020-12-28,Shasta,089,179085,8292,7688,716,8404,65
2020-12-28,Sierra,091,2930,32,24,4,28,0
2020-12-28,Siskiyou,093,43540,1026,915,108,1023,3
2020-12-28,Solano,095,438530,19611,18171,200,18371,96
2020-12-28,Sonoma,097,501317,19586,18667,108,18775,185
2020-12-28,Stanislaus,099,539301,35527,33473,3237,36710,507
2020-12-28,Sutter,101,95872,6574,6253,47,6300,49
2020-12-28,Tehama,103,63373,3126,2934,301,3235,9
2020-12-28,Trinity,105,12862,421,240,60,300,2
2020-12-28,Tulare,107,460477,34535,32010,3753,35763,404
2020-12-28,Tuolumne,109,53932,2895,2777,15,2792,12
2020-12-28,Ventura,111,848112,41615,37151,1666,38817,230
2020-12-28,Yolo,113,214977,8777,8031,67,8098,111
2020-12-28,Yuba,115,75493,3895,3679,39,3718,18
2020-12-27,Alameda,001,1643700,52536,49764,945,50709,551
2020-12-27,Alpine,003,1148,66,65,0,65,0
2020-12-27,Amador,005,37829,2450,2218,18,2236,23
2020-12-27,Butte,007,227075,7675,7016,859,7875,86
2020-12-27,Calaveras,009,45235,1110,1097,2,1099,21
2020-12-27,Colusa,011,21464,1299,1253,71,1324,7
2020-12-27,Contra Costa,013,1133247,40571,38428,547,38975,324
2020-12-27,Del Norte,015,27424,750,712,2,714,2
2020-12-27,El Dorado,017,186661,6134,5388,295,5683,18
2020-12-27,Fresno,019,978130,68350,63811,4415,68226,679
2020-12-27,Glenn,021,27897,1562,1434,247,1681,9
2020-12-27,Humboldt,023,135768,1767,1575,7,1582,17
2020-12-27,Imperial,025,180216,22837,21934,1216,23150,405
2020-12-27,Inyo,027,18085,676,565,8,573,18
2020-12-27,Kern,029,883053,66142,61914,4881,66795,568
2020-12-27,Kings,031,150075,16384,15593,501,16094,108
2020-12-27,Lake,033,64148,1908,1769,0,1769,22
2020-12-27,Lassen,035,31185,4372,4230,44,4274,1
2020-12-27,Los Angeles,037,10098052,766552,707260,20665,727925,9476
2020-12-27,Madera,039,155013,10728,10005,425,10430,64
2020-12-27,Marin,041,260295,9788,9477,71,9548,144
2020-12-27,Mariposa,043,17540,231,208,2,210,3
2020-12-27,Mendocino,045,87422,2442,2209,20,2229,23
2020-12-27,Merced,047,269075,18868,18075,327,18402,213
2020-12-27,Modoc,049,8938,252,221,71,292,0
2020-12-27,Mono,051,14174,878,849,12,861,3
2020-12-27,Monterey,053,433212,27543,26322,686,27008,181
2020-12-27,Napa,055,140530,5903,5496,26,5522,26
2020-12-27,Nevada,057,99092,2739,2519,90,2609,15
2020-12-27,Orange,059,3164182,161947,149276,6228,155504,1839
2020-12-27,Placer,061,380077,14470,13017,552,13569,126
2020-12-27,Plumas,063,18699,470,390,8,398,0
2020-12-27,Riverside,065,2383286,185145,171995,8224,180219,1836
2020-12-27,Sacramento,067,1510023,65461,63416,602,64018,811
2020-12-27,San Benito,069,59416,3626,3394,29,3423,24
2020-12-27,San Bernardino,071,2135413,199385,186776,5426,192202,1551
2020-12-27,San Diego,073,3302833,159802,145777,7204,152981,1402
2020-12-27,San Francisco,075,870044,23686,22514,212,22726,178
2020-12-27,San Joaquin,077,732212,45658,43529,1577,45106,618
2020-12-27,San Luis Obispo,079,281455,11084,10154,253,10407,76
2020-12-27,San Mateo,081,765935,25445,23136,106,23242,187
2020-12-27,Santa Barbara,083,443738,17544,16364,482,16846,155
2020-12-27,Santa Clara,085,1922200,70950,65288,298,65586,619
2020-12-27,Santa Cruz,087,273765,9315,8234,343,8577,81
2020-12-27,Shasta,089,179085,8165,7671,694,8365,65
2020-12-27,Sierra,091,2930,32,24,3,27,0
2020-12-27,Siskiyou,093,43540,1016,914,103,1017,3
2020-12-27,Solano,095,438530,19116,17840,194,18034,96
2020-12-27,Sonoma,097,501317,19295,18487,107,18594,185
2020-12-27,Stanislaus,099,539301,34909,33076,3141,36217,506
2020-12-27,Sutter,101,95872,6493,6218,45,6263,48
2020-12-27,Tehama,103,63373,3055,2922,285,3207,9
2020-12-27,Trinity,105,12862,414,240,58,298,2
2020-12-27,Tulare,107,460477,33938,31864,3635,35499,400
2020-12-27,Tuolumne,109,53932,2789,2750,13,2763,12
2020-12-27,Ventura,111,848112,40552,36661,1613,38274,230
2020-12-27,Yolo,113,214977,8588,7919,63,7982,111
2020-12-27,Yuba,115,75493,3830,3665,37,3702,18
2020-12-26,Alameda,001,1643700,51917,49084,932,50016,551
2020-12-26,Alpine,003,1148,66,65,0,65,0
2020-12-26,Amador,005,37829,2436,2189,18,2207,23
2020-12-26,Butte,007,227075,7580,6968,834,7802,86
2020-12-26,Calaveras,009,45235,1104,1084,2,1086,21
2020-12-26,Colusa,011,21464,1289,1240,71,1311,7
2020-12-26,Contra Costa,013,1133247,40104,38008,531,38539,324
2020-12-26,Del Norte,015,27424,744,709,2,711,2
2020-12-26,El Dorado,017,186661,6079,5279,291,5570,18
2020-12-26,Fresno,019,978130,67880,63080,4352,67432,679
2020-12-26,Glenn,021,27897,1541,1413,242,1655,9
2020-12-26,Humboldt,023,135768,1729,1545,7,1552,17
2020-12-26,Imperial,025,180216,22745,21734,1164,22898,405
2020-12-26,Inyo,027,18085,663,554,8,562,18
2020-12-26,Kern,029,883053,65472,61174,4732,65906,564
2020-12-26,Kings,031,150075,16266,15517,497,16014,108
2020-12-26,Lake,033,64148,1867,1710,0,1710,22
2020-12-26,Lassen,035,31185,4351,3981,44,4025,1
2020-12-26,Los Angeles,037,10098052,757991,694149,20161,714310,9424
2020-12-26,Madera,039,155013,10651,9908,413,10321,64
2020-12-26,Marin,041,260295,9753,9413,70,9483,143
2020-12-26,Mariposa,043,17540,230,206,2,208,3
2020-12-26,Mendocino,045,87422,2396,2194,20,2214,23
2020-12-26,Merced,047,269075,18709,17890,322,18212,213
2020-12-26,Modoc,049,8938,249,222,71,293,0
2020-12-26,Mono,051,14174,872,850,12,862,3
2020-12-26,Monterey,053,433212,27406,26010,677,26687,182
2020-12-26,Napa,055,140530,5845,5427,26,5453,26
2020-12-26,Nevada,057,99092,2711,2480,90,2570,15
2020-12-26,Orange,059,3164182,159740,147304,6136,153440,1838
2020-12-26,Placer,061,380077,14299,12816,537,13353,122
2020-12-26,Plumas,063,18699,467,381,8,389,0
2020-12-26,Riverside,065,2383286,182660,169360,8063,177423,1834
2020-12-26,Sacramento,067,1510023,64838,62435,592,63027,807
2020-12-26,San Benito,069,59416,3553,3330,29,3359,24
2020-12-26,San Bernardino,071,2135413,197707,185111,5344,190455,1551
2020-12-26,San Diego,073,3302833,157277,142644,7057,149701,1402
2020-12-26,San Francisco,075,870044,23448,22319,212,22531,177
2020-12-26,San Joaquin,077,732212,45272,42887,1528,44415,618
2020-12-26,San Luis Obispo,079,281455,10997,9945,248,10193,76
2020-12-26,San Mateo,081,765935,25107,22908,101,23009,187
2020-12-26,Santa Barbara,083,443738,17305,16159,476,16635,155
2020-12-26,Santa Clara,085,1922200,69876,64185,296,64481,618
2020-12-26,Santa Cruz,087,273765,9189,8113,334,8447,81
2020-12-26,Shasta,089,179085,8105,7641,681,8322,65
2020-12-26,Sierra,091,2930,32,24,3,27,0
2020-12-26,Siskiyou,093,43540,1009,909,99,1008,2
2020-12-26,Solano,095,438530,18871,17528,194,17722,96
2020-12-26,Sonoma,097,501317,19092,18261,105,18366,184
2020-12-26,Stanislaus,099,539301,34608,32678,3089,35767,505
2020-12-26,Sutter,101,95872,6434,6121,45,6166,48
2020-12-26,Tehama,103,63373,3026,2884,279,3163,9
2020-12-26,Trinity,105,12862,412,237,57,294,2
2020-12-26,Tulare,107,460477,33635,31665,3579,35244,398
2020-12-26,Tuolumne,109,53932,2778,2703,13,2716,12
2020-12-26,Ventura,111,848112,39587,36064,1582,37646,230
2020-12-26,Yolo,113,214977,8486,7785,60,7845,111
2020-12-26,Yuba,115,75493,3801,3599,37,3636,18
2020-12-25,Alameda,001,1643700,51346,48365,917,49282,542
2020-12-25,Alpine,003,1148,66,64,0,64,0
2020-12-25,Amador,005,37829,2393,2172,18,2190,23
2020-12-25,Butte,007,227075,7481,6873,815,7688,85
2020-12-25,Calaveras,009,45235,1101,1062,2,1064,21
2020-12-25,Colusa,011,21464,1277,1219,70,1289,7
2020-12-25,Contra Costa,013,1133247,39635,37480,506,37986,324
2020-12-25,Del Norte,015,27424,741,692,2,694,2
2020-12-25,El Dorado,017,186661,6014,5170,278,5448,16
2020-12-25,Fresno,019,978130,67016,62251,4270,66521,679
2020-12-25,Glenn,021,27897,1525,1390,235,1625,9
2020-12-25,Humboldt,023,135768,1689,1532,7,1539,16
2020-12-25,Imperial,025,180216,22650,21646,1153,22799,405
2020-12-25,Inyo,027,18085,653,546,8,554,18
2020-12-25,Kern,029,883053,64743,60417,4585,65002,562
2020-12-25,Kings,031,150075,16155,15460,493,15953,108
2020-12-25,Lake,033,64148,1847,1669,0,1669,20
2020-12-25,Lassen,035,31185,4336,3926,44,3970,1
2020-12-25,Los Angeles,037,10098052,744330,665600,19492,685092,9292
2020-12-25,Madera,039,155013,10483,9770,406,10176,64
2020-12-25,Marin,041,260295,9704,9375,67,9442,143
2020-12-25,Mariposa,043,17540,224,203,2,205,3
2020-12-25,Mendocino,045,87422,2353,2176,20,2196,23
2020-12-25,Merced,047,269075,18548,17726,314,18040,213
2020-12-25,Modoc,049,8938,248,221,71,292,0
2020-12-25,Mono,051,14174,870,843,12,855,3
2020-12-25,Monterey,053,433212,27129,25788,668,26456,182
2020-12-25,Napa,055,140530,5768,5351,26,5377,26
2020-12-25,Nevada,057,99092,2685,2458,88,2546,15
2020-12-25,Orange,059,3164182,157058,144542,5944,150486,1814
2020-12-25,Placer,061,380077,14113,12660,515,13175,122
2020-12-25,Plumas,063,18699,460,381,8,389,0
2020-12-25,Riverside,065,2383286,179375,166690,7747,174437,1825
2020-12-25,Sacramento,067,1510023,64144,61630,566,62196,796
2020-12-25,San Benito,069,59416,3512,3281,27,3308,24
2020-12-25,San Bernardino,071,2135413,195084,181812,5228,187040,1546
2020-12-25,San Diego,073,3302833,154797,139958,6879,146837,1402
2020-12-25,San Francisco,075,870044,23171,22130,207,22337,175
2020-12-25,San Joaquin,077,732212,44964,42089,1473,43562,614
2020-12-25,San Luis Obispo,079,281455,10814,9749,241,9990,76
2020-12-25,San Mateo,081,765935,24785,22568,99,22667,187
2020-12-25,Santa Barbara,083,443738,17081,15936,469,16405,155
2020-12-25,Santa Clara,085,1922200,68760,63173,287,63460,612
2020-12-25,Santa Cruz,087,273765,9046,8018,312,8330,81
2020-12-25,Shasta,089,179085,8031,7612,658,8270,65
2020-12-25,Sierra,091,2930,32,24,3,27,0
2020-12-25,Siskiyou,093,43540,1003,905,96,1001,2
2020-12-25,Solano,095,438530,18699,17280,192,17472,96
2020-12-25,Sonoma,097,501317,18917,18035,103,18138,184
2020-12-25,Stanislaus,099,539301,34308,32290,3038,35328,498
2020-12-25,Sutter,101,95872,6375,6051,44,6095,47
2020-12-25,Tehama,103,63373,2977,2839,266,3105,9
2020-12-25,Trinity,105,12862,408,236,57,293,2
2020-12-25,Tulare,107,460477,33244,31323,3515,34838,398
2020-12-25,Tuolumne,109,53932,2759,2674,13,2687,12
2020-12-25,Ventura,111,848112,38431,35514,1534,37048,230
2020-12-25,Yolo,113,214977,8390,7700,58,7758,111
2020-12-25,Yuba,115,75493,3765,3549,36,3585,17
2020-12-24,Alameda,001,1643700,50993,47527,897,48424,541
2020-12-24,Alpine,003,1148,66,64,0,64,0
2020-12-24,Amador,005,37829,2381,2145,18,2163,23
2020-12-24,Butte,007,227075,7442,6716,800,7516,84
2020-12-24,Calaveras,009,45235,1098,1032,2,1034,21
2020-12-24,Colusa,011,21464,1272,1188,68,1256,7
2020-12-24,Contra Costa,013,1133247,39394,36623,495,37118,311
2020-12-24,Del Norte,015,27424,741,678,2,680,2
2020-12-24,El Dorado,017,186661,5988,5042,270,5312,16
2020-12-24,Fresno,019,978130,66793,61435,4256,65691,663
2020-12-24,Glenn,021,27897,1514,1363,227,1590,9
2020-12-24,Humboldt,023,135768,1666,1516,7,1523,16
2020-12-24,Imperial,025,180216,22600,21545,1144,22689,402
2020-12-24,Inyo,027,18085,651,532,8,540,17
2020-12-24,Kern,029,883053,64456,59601,4572,64173,556
2020-12-24,Kings,031,150075,16115,15211,492,15703,108
2020-12-24,Lake,033,64148,1832,1629,0,1629,20
2020-12-24,Lassen,035,31185,4323,3894,44,3938,1
2020-12-24,Los Angeles,037,10098052,740153,664840,19236,684076,9288
2020-12-24,Madera,039,155013,10443,9547,399,9946,63
2020-12-24,Marin,041,260295,9670,9287,67,9354,143
2020-12-24,Mariposa,043,17540,220,197,2,199,3
2020-12-24,Mendocino,045,87422,2342,2150,20,2170,23
2020-12-24,Merced,047,269075,18478,17485,310,17795,212
2020-12-24,Modoc,049,8938,248,220,70,290,0
2020-12-24,Mono,051,14174,868,817,12,829,3
2020-12-24,Monterey,053,433212,27017,25131,661,25792,180
2020-12-24,Napa,055,140530,5713,5265,26,5291,26
2020-12-24,Nevada,057,99092,2661,2429,88,2517,15
2020-12-24,Orange,059,3164182,155576,141205,5892,147097,1775
2020-12-24,Placer,061,380077,14023,12457,508,12965,121
2020-12-24,Plumas,063,18699,457,376,8,384,0
2020-12-24,Riverside,065,2383286,178440,162435,7707,170142,1816
2020-12-24,Sacramento,067,1510023,63869,60596,564,61160,788
2020-12-24,San Benito,069,59416,3481,3183,27,3210,24
2020-12-24,San Bernardino,071,2135413,194028,176866,5194,182060,1533
2020-12-24,San Diego,073,3302833,153713,136952,6847,143799,1382
2020-12-24,San Francisco,075,870044,23003,21830,204,22034,175
2020-12-24,San Joaquin,077,732212,44799,41324,1455,42779,611
2020-12-24,San Luis Obispo,079,281455,10745,9504,239,9743,77
2020-12-24,San Mateo,081,765935,24590,22093,99,22192,186
2020-12-24,Santa Barbara,083,443738,16976,15644,461,16105,153
2020-12-24,Santa Clara,085,1922200,68149,61742,280,62022,591
2020-12-24,Santa Cruz,087,273765,8974,7856,300,8156,82
2020-12-24,Shasta,089,179085,7990,7540,641,8181,65
2020-12-24,Sierra,091,2930,29,23,1,24,0
2020-12-24,Siskiyou,093,43540,998,900,90,990,2
2020-12-24,Solano,095,438530,18558,16872,187,17059,96
2020-12-24,Sonoma,097,501317,18817,17710,103,17813,183
2020-12-24,Stanislaus,099,539301,34104,31848,3012,34860,498
2020-12-24,Sutter,101,95872,6334,5960,43,6003,47
2020-12-24,Tehama,103,63373,2959,2779,264,3043,9
2020-12-24,Trinity,105,12862,407,235,57,292,2
2020-12-24,Tulare,107,460477,33125,30827,3489,34316,390
2020-12-24,Tuolumne,109,53932,2751,2653,13,2666,12
2020-12-24,Ventura,111,848112,38151,34400,1527,35927,224
2020-12-24,Yolo,113,214977,8348,7566,56,7622,113
2020-12-24,Yuba,115,75493,3740,3483,36,3519,16
2020-12-23,Alameda,001,1643700,50414,46753,870,47623,537
2020-12-23,Alpine,003,1148,66,64,0,64,0
2020-12-23,Amador,005,37829,2312,2108,17,2125,23
2020-12-23,Butte,007,227075,7353,6588,774,7362,84
2020-12-23,Calaveras,009,45235,1090,1002,1,1003,21
2020-12-23,Colusa,011,21464,1261,1167,67,1234,7
2020-12-23,Contra Costa,013,1133247,38993,36190,481,36671,311
2020-12-23,Del Norte,015,27424,734,670,2,672,2
2020-12-23,El Dorado,017,186661,5913,4967,262,5229,14
2020-12-23,Fresno,019,978130,66183,60488,4191,64679,654
2020-12-23,Glenn,021,27897,1500,1349,223,1572,9
2020-12-23,Humboldt,023,135768,1641,1458,7,1465,16
2020-12-23,Imperial,025,180216,22505,21323,1115,22438,399
2020-12-23,Inyo,027,18085,639,517,8,525,17
2020-12-23,Kern,029,883053,63938,58656,4478,63134,549
2020-12-23,Kings,031,150075,16038,14923,489,15412,105
2020-12-23,Lake,033,64148,1819,1595,0,1595,20
2020-12-23,Lassen,035,31185,4313,3865,41,3906,1
2020-12-23,Los Angeles,037,10098052,731084,651958,18712,670670,9146
2020-12-23,Madera,039,155013,10284,9371,385,9756,63
2020-12-23,Marin,041,260295,9612,9199,64,9263,142
2020-12-23,Mariposa,043,17540,218,194,2,196,3
2020-12-23,Mendocino,045,87422,2330,2121,20,2141,23
2020-12-23,Merced,047,269075,18322,17250,302,17552,203
2020-12-23,Modoc,049,8938,244,197,69,266,0
2020-12-23,Mono,051,14174,865,814,12,826,3
2020-12-23,Monterey,053,433212,26717,24856,654,25510,176
2020-12-23,Napa,055,140530,5645,5172,26,5198,25
2020-12-23,Nevada,057,99092,2616,2406,87,2493,15
2020-12-23,Orange,059,3164182,153126,138050,5725,143775,1771
2020-12-23,Placer,061,380077,13813,12213,500,12713,111
2020-12-23,Plumas,063,18699,450,369,8,377,0
2020-12-23,Riverside,065,2383286,176169,158110,7550,165660,1790
2020-12-23,Sacramento,067,1510023,63219,59661,551,60212,779
2020-12-23,San Benito,069,59416,3427,3073,25,3098,24
2020-12-23,San Bernardino,071,2135413,191980,172888,5125,178013,1509
2020-12-23,San Diego,073,3302833,151287,134695,6710,141405,1350
2020-12-23,San Francisco,075,870044,22781,21498,201,21699,174
2020-12-23,San Joaquin,077,732212,44276,35664,1413,37077,602
2020-12-23,San Luis Obispo,079,281455,10603,9267,234,9501,74
2020-12-23,San Mateo,081,765935,24288,21780,97,21877,186
2020-12-23,Santa Barbara,083,443738,16768,15399,435,15834,152
2020-12-23,Santa Clara,085,1922200,67236,60455,275,60730,579
2020-12-23,Santa Cruz,087,273765,8814,7637,282,7919,75
2020-12-23,Shasta,089,179085,7918,7487,635,8122,66
2020-12-23,Sierra,091,2930,27,23,1,24,0
2020-12-23,Siskiyou,093,43540,977,891,89,980,2
2020-12-23,Solano,095,438530,18350,16626,183,16809,95
2020-12-23,Sonoma,097,501317,18613,17397,103,17500,182
2020-12-23,Stanislaus,099,539301,33750,31492,2959,34451,499
2020-12-23,Sutter,101,95872,6268,5871,43,5914,46
2020-12-23,Tehama,103,63373,2941,2737,257,2994,9
2020-12-23,Trinity,105,12862,407,234,56,290,2
2020-12-23,Tulare,107,460477,32831,30315,3450,33765,385
2020-12-23,Tuolumne,109,53932,2712,2540,13,2553,12
2020-12-23,Ventura,111,848112,37754,33377,1498,34875,216
2020-12-23,Yolo,113,214977,8270,7508,56,7564,112
2020-12-23,Yuba,115,75493,3687,3438,36,3474,14
2020-12-22,Alameda,001,1643700,49525,45751,839,46590,534
2020-12-22,Alpine,003,1148,66,64,0,64,0
2020-12-22,Amador,005,37829,2301,1839,17,1856,23
2020-12-22,Butte,007,227075,7225,6467,759,7226,85
2020-12-22,Calaveras,009,45235,1063,988,0,988,21
2020-12-22,Colusa,011,21464,1238,1150,64,1214,7
2020-12-22,Contra Costa,013,1133247,38368,35681,469,36150,301
2020-12-22,Del Norte,015,27424,727,666,2,668,2
2020-12-22,El Dorado,017,186661,5790,4885,250,5135,12
2020-12-22,Fresno,019,978130,65149,59640,4085,63725,640
2020-12-22,Glenn,021,27897,1477,1337,212,1549,9
2020-12-22,Humboldt,023,135768,1608,1440,7,1447,16
2020-12-22,Imperial,025,180216,22318,21128,1072,22200,398
2020-12-22,Inyo,027,18085,619,506,8,514,17
2020-12-22,Kern,029,883053,62985,57816,4341,62157,547
2020-12-22,Kings,031,150075,15896,14855,483,15338,102
2020-12-22,Lake,033,64148,1794,1569,0,1569,20
2020-12-22,Lassen,035,31185,4171,3848,39,3887,1
2020-12-22,Los Angeles,037,10098052,713815,635931,18043,653974,9013
2020-12-22,Madera,039,155013,10166,9187,369,9556,63
2020-12-22,Marin,041,260295,9548,9115,63,9178,142
2020-12-22,Mariposa,043,17540,215,194,2,196,3
2020-12-22,Mendocino,045,87422,2297,2092,20,2112,23
2020-12-22,Merced,047,269075,18076,17012,297,17309,201
2020-12-22,Modoc,049,8938,236,182,68,250,0
2020-12-22,Mono,051,14174,859,786,12,798,3
2020-12-22,Monterey,053,433212,26047,24152,633,24785,176
2020-12-22,Napa,055,140530,5556,5059,26,5085,23
2020-12-22,Nevada,057,99092,2588,2367,86,2453,14
2020-12-22,Orange,059,3164182,149788,134850,5552,140402,1774
2020-12-22,Placer,061,380077,13569,11943,480,12423,105
2020-12-22,Plumas,063,18699,444,360,8,368,0
2020-12-22,Riverside,065,2383286,172358,155059,7281,162340,1777
2020-12-22,Sacramento,067,1510023,62290,57966,532,58498,772
2020-12-22,San Benito,069,59416,3349,2998,25,3023,24
2020-12-22,San Bernardino,071,2135413,187388,169266,4977,174243,1500
2020-12-22,San Diego,073,3302833,147928,132097,6548,138645,1311
2020-12-22,San Francisco,075,870044,22511,21232,197,21429,174
2020-12-22,San Joaquin,077,732212,43515,39423,1364,40787,592
2020-12-22,San Luis Obispo,079,281455,10258,9174,229,9403,69
2020-12-22,San Mateo,081,765935,23962,21382,81,21463,186
2020-12-22,Santa Barbara,083,443738,16503,15189,425,15614,150
2020-12-22,Santa Clara,085,1922200,66064,59192,267,59459,569
2020-12-22,Santa Cruz,087,273765,8634,7471,256,7727,72
2020-12-22,Shasta,089,179085,7839,7371,618,7989,64
2020-12-22,Sierra,091,2930,27,23,0,23,0
2020-12-22,Siskiyou,093,43540,971,880,88,968,2
2020-12-22,Solano,095,438530,17947,16229,180,16409,95
2020-12-22,Sonoma,097,501317,18293,17216,103,17319,180
2020-12-22,Stanislaus,099,539301,33366,30914,2887,33801,499
2020-12-22,Sutter,101,95872,6209,5791,42,5833,46
2020-12-22,Tehama,103,63373,2891,2688,251,2939,9
2020-12-22,Trinity,105,12862,406,231,56,287,2
2020-12-22,Tulare,107,460477,32365,30025,3384,33409,377
2020-12-22,Tuolumne,109,53932,2661,2526,13,2539,12
2020-12-22,Ventura,111,848112,36989,32488,1455,33943,213
2020-12-22,Yolo,113,214977,8156,7388,55,7443,113
2020-12-22,Yuba,115,75493,3636,3379,36,3415,14
2020-12-21,Alameda,001,1643700,48627,44756,813,45569,518
2020-12-21,Alpine,003,1148,65,64,0,64,0
2020-12-21,Amador,005,37829,2224,1815,17,1832,23
2020-12-21,Butte,007,227075,7070,6335,735,7070,81
2020-12-21,Calaveras,009,45235,1033,963,0,963,21
2020-12-21,Colusa,011,21464,1211,1135,59,1194,7
2020-12-21,Contra Costa,013,1133247,37613,35207,432,35639,300
2020-12-21,Del Norte,015,27424,712,660,2,662,2
2020-12-21,El Dorado,017,186661,5644,4805,237,5042,10
2020-12-21,Fresno,019,978130,63999,58568,3942,62510,634
2020-12-21,Glenn,021,27897,1445,1323,204,1527,9
2020-12-21,Humboldt,023,135768,1585,1419,7,1426,16
2020-12-21,Imperial,025,180216,22049,20994,1029,22023,395
2020-12-21,Inyo,027,18085,598,482,8,490,17
2020-12-21,Kern,029,883053,62095,56836,4204,61040,541
2020-12-21,Kings,031,150075,15646,14760,468,15228,100
2020-12-21,Lake,033,64148,1739,1538,0,1538,20
2020-12-21,Lassen,035,31185,4011,3798,37,3835,1
2020-12-21,Los Angeles,037,10098052,694718,624129,17370,641499,8918
2020-12-21,Madera,039,155013,9972,9069,349,9418,63
2020-12-21,Marin,041,260295,9479,9035,63,9098,142
2020-12-21,Mariposa,043,17540,210,186,2,188,3
2020-12-21,Mendocino,045,87422,2266,2066,20,2086,23
2020-12-21,Merced,047,269075,17826,16710,281,16991,198
2020-12-21,Modoc,049,8938,222,181,67,248,0
2020-12-21,Mono,051,14174,847,781,12,793,3
2020-12-21,Monterey,053,433212,25516,23673,619,24292,174
2020-12-21,Napa,055,140530,5469,4952,26,4978,23
2020-12-21,Nevada,057,99092,2555,2337,86,2423,13
2020-12-21,Orange,059,3164182,146378,130444,5399,135843,1772
2020-12-21,Placer,061,380077,13337,11715,461,12176,105
2020-12-21,Plumas,063,18699,440,353,8,361,0
2020-12-21,Riverside,065,2383286,168131,151713,6956,158669,1743
2020-12-21,Sacramento,067,1510023,61270,57064,515,57579,759
2020-12-21,San Benito,069,59416,3281,2921,25,2946,22
2020-12-21,San Bernardino,071,2135413,182591,165086,4811,169897,1476
2020-12-21,San Diego,073,3302833,144477,129716,6384,136100,1284
2020-12-21,San Francisco,075,870044,22225,21086,195,21281,174
2020-12-21,San Joaquin,077,732212,42721,38811,1314,40125,586
2020-12-21,San Luis Obispo,079,281455,10069,9006,224,9230,64
2020-12-21,San Mateo,081,765935,23558,21035,78,21113,185
2020-12-21,Santa Barbara,083,443738,16228,14988,420,15408,149
2020-12-21,Santa Clara,085,1922200,64873,57699,255,57954,570
2020-12-21,Santa Cruz,087,273765,8423,7315,243,7558,69
2020-12-21,Shasta,089,179085,7774,7299,608,7907,64
2020-12-21,Sierra,091,2930,24,23,0,23,0
2020-12-21,Siskiyou,093,43540,964,878,87,965,2
2020-12-21,Solano,095,438530,17477,15878,175,16053,95
2020-12-21,Sonoma,097,501317,18020,17075,99,17174,176
2020-12-21,Stanislaus,099,539301,32909,30437,2812,33249,499
2020-12-21,Sutter,101,95872,6114,5708,42,5750,46
2020-12-21,Tehama,103,63373,2826,2656,242,2898,9
2020-12-21,Trinity,105,12862,404,226,54,280,2
2020-12-21,Tulare,107,460477,31870,29482,3295,32777,373
2020-12-21,Tuolumne,109,53932,2636,2423,11,2434,12
2020-12-21,Ventura,111,848112,35909,31759,1418,33177,212
2020-12-21,Yolo,113,214977,8011,7266,51,7317,109
2020-12-21,Yuba,115,75493,3577,3329,36,3365,14
2020-12-20,Alameda,001,1643700,47744,44004,791,44795,516
2020-12-20,Alpine,003,1148,65,64,0,64,0
2020-12-20,Amador,005,37829,2166,1771,17,1788,23
2020-12-20,Butte,007,227075,6924,6228,699,6927,81
2020-12-20,Calaveras,009,45235,1009,926,0,926,21
2020-12-20,Colusa,011,21464,1183,1121,53,1174,7
2020-12-20,Contra Costa,013,1133247,37026,34798,416,35214,301
2020-12-20,Del Norte,015,27424,690,652,2,654,2
2020-12-20,El Dorado,017,186661,5520,4697,228,4925,10
2020-12-20,Fresno,019,978130,63008,57616,3805,61421,634
2020-12-20,Glenn,021,27897,1436,1295,197,1492,9
2020-12-20,Humboldt,023,135768,1548,1386,6,1392,15
2020-12-20,Imperial,025,180216,21809,20882,925,21807,395
2020-12-20,Inyo,027,18085,583,476,8,484,17
2020-12-20,Kern,029,883053,60997,55983,4049,60032,540
2020-12-20,Kings,031,150075,15426,14629,452,15081,100
2020-12-20,Lake,033,64148,1693,1463,0,1463,20
2020-12-20,Lassen,035,31185,3957,3669,35,3704,1
2020-12-20,Los Angeles,037,10098052,676624,612975,16640,629615,8862
2020-12-20,Madera,039,155013,9762,8871,340,9211,63
2020-12-20,Marin,041,260295,9381,8948,60,9008,142
2020-12-20,Mariposa,043,17540,209,179,2,181,3
2020-12-20,Mendocino,045,87422,2241,2033,20,2053,23
2020-12-20,Merced,047,269075,17510,16435,274,16709,198
2020-12-20,Modoc,049,8938,222,181,65,246,0
2020-12-20,Mono,051,14174,829,774,12,786,3
2020-12-20,Monterey,053,433212,25033,23250,578,23828,173
2020-12-20,Napa,055,140530,5348,4865,24,4889,23
2020-12-20,Nevada,057,99092,2509,2289,80,2369,13
2020-12-20,Orange,059,3164182,142877,128780,5249,134029,1763
2020-12-20,Placer,061,380077,13112,11496,443,11939,105
2020-12-20,Plumas,063,18699,432,347,8,355,0
2020-12-20,Riverside,065,2383286,163925,148714,6664,155378,1742
2020-12-20,Sacramento,067,1510023,60270,56017,495,56512,755
2020-12-20,San Benito,069,59416,3209,2885,24,2909,21
2020-12-20,San Bernardino,071,2135413,177600,162810,4653,167463,1458
2020-12-20,San Diego,073,3302833,140759,126465,6214,132679,1280
2020-12-20,San Francisco,075,870044,21910,20937,192,21129,174
2020-12-20,San Joaquin,077,732212,41877,38268,1253,39521,587
2020-12-20,San Luis Obispo,079,281455,9777,8881,218,9099,63
2020-12-20,San Mateo,081,765935,23124,20764,74,20838,185
2020-12-20,Santa Barbara,083,443738,15906,14817,400,15217,148
2020-12-20,Santa Clara,085,1922200,63465,56860,249,57109,566
2020-12-20,Santa Cruz,087,273765,8215,7178,230,7408,69
2020-12-20,Shasta,089,179085,7660,7256,594,7850,64
2020-12-20,Sierra,091,2930,24,22,0,22,0
2020-12-20,Siskiyou,093,43540,954,870,86,956,2
2020-12-20,Solano,095,438530,17099,15533,164,15697,95
2020-12-20,Sonoma,097,501317,17744,16802,98,16900,175
2020-12-20,Stanislaus,099,539301,32382,29995,2710,32705,498
2020-12-20,Sutter,101,95872,6027,5601,42,5643,43
2020-12-20,Tehama,103,63373,2777,2602,223,2825,9
2020-12-20,Trinity,105,12862,396,221,53,274,2
2020-12-20,Tulare,107,460477,31351,29078,3200,32278,373
2020-12-20,Tuolumne,109,53932,2527,2152,10,2162,12
2020-12-20,Ventura,111,848112,35207,31335,1385,32720,210
2020-12-20,Yolo,113,214977,7859,7121,48,7169,109
2020-12-20,Yuba,115,75493,3530,3254,34,3288,12
2020-12-19,Alameda,001,1643700,47298,43109,784,43893,516
2020-12-19,Alpine,003,1148,65,64,0,64,0
2020-12-19,Amador,005,37829,2142,1754,17,1771,23
2020-12-19,Butte,007,227075,6824,6118,676,6794,81
2020-12-19,Calaveras,009,45235,992,900,0,900,21
2020-12-19,Colusa,011,21464,1175,1096,50,1146,7
2020-12-19,Contra Costa,013,1133247,36710,34321,402,34723,301
2020-12-19,Del Norte,015,27424,688,641,1,642,2
2020-12-19,El Dorado,017,186661,5453,4588,220,4808,10
2020-12-19,Fresno,019,978130,62683,55428,3737,59165,634
2020-12-19,Glenn,021,27897,1401,1286,196,1482,9
2020-12-19,Humboldt,023,135768,1531,1357,6,1363,15
2020-12-19,Imperial,025,180216,21716,20711,879,21590,395
2020-12-19,Inyo,027,18085,576,475,8,483,17
2020-12-19,Kern,029,883053,60512,55118,3942,59060,540
2020-12-19,Kings,031,150075,15347,14474,450,14924,100
2020-12-19,Lake,033,64148,1658,1438,0,1438,20
2020-12-19,Lassen,035,31185,3929,3595,35,3630,1
2020-12-19,Los Angeles,037,10098052,669512,599888,16111,615999,8804
2020-12-19,Madera,039,155013,9670,8717,328,9045,63
2020-12-19,Marin,041,260295,9341,8864,60,8924,142
2020-12-19,Mariposa,043,17540,207,177,2,179,3
2020-12-19,Mendocino,045,87422,2216,2008,20,2028,23
2020-12-19,Merced,047,269075,17371,16230,266,16496,198
2020-12-19,Modoc,049,8938,219,181,65,246,0
2020-12-19,Mono,051,14174,822,766,12,778,3
2020-12-19,Monterey,053,433212,24918,22799,573,23372,172
2020-12-19,Napa,055,140530,5286,4772,24,4796,23
2020-12-19,Nevada,057,99092,2487,2260,80,2340,13
2020-12-19,Orange,059,3164182,140954,125574,5099,130673,1733
2020-12-19,Placer,061,380077,12957,11246,437,11683,105
2020-12-19,Plumas,063,18699,429,343,8,351,0
2020-12-19,Riverside,065,2383286,161938,146703,6428,153131,1737
2020-12-19,Sacramento,067,1510023,59738,55169,481,55650,746
2020-12-19,San Benito,069,59416,3163,2820,23,2843,21
2020-12-19,San Bernardino,071,2135413,176026,159883,4546,164429,1433
2020-12-19,San Diego,073,3302833,138992,122972,6075,129047,1280
2020-12-19,San Francisco,075,870044,21759,20643,192,20835,174
2020-12-19,San Joaquin,077,732212,41475,37340,1203,38543,586
2020-12-19,San Luis Obispo,079,281455,9706,8788,215,9003,63
2020-12-19,San Mateo,081,765935,22915,20393,67,20460,182
2020-12-19,Santa Barbara,083,443738,15750,14667,394,15061,148
2020-12-19,Santa Clara,085,1922200,62650,55540,245,55785,558
2020-12-19,Santa Cruz,087,273765,8110,7054,225,7279,68
2020-12-19,Shasta,089,179085,7608,7221,582,7803,63
2020-12-19,Sierra,091,2930,24,23,0,23,0
2020-12-19,Siskiyou,093,43540,950,853,85,938,2
2020-12-19,Solano,095,438530,16933,15204,160,15364,95
2020-12-19,Sonoma,097,501317,17635,16553,98,16651,175
2020-12-19,Stanislaus,099,539301,32060,29555,2637,32192,498
2020-12-19,Sutter,101,95872,5970,5506,42,5548,41
2020-12-19,Tehama,103,63373,2728,2574,221,2795,9
2020-12-19,Trinity,105,12862,395,219,53,272,2
2020-12-19,Tulare,107,460477,31128,28734,3135,31869,375
2020-12-19,Tuolumne,109,53932,2514,2107,10,2117,12
2020-12-19,Ventura,111,848112,34926,30843,1355,32198,209
2020-12-19,Yolo,113,214977,7790,7025,47,7072,109
2020-12-19,Yuba,115,75493,3498,3168,34,3202,11
2020-12-18,Alameda,001,1643700,46760,42196,767,42963,515
2020-12-18,Alpine,003,1148,65,64,0,64,0
2020-12-18,Amador,005,37829,2125,1727,15,1742,20
2020-12-18,Butte,007,227075,6739,5891,650,6541,81
2020-12-18,Calaveras,009,45235,982,870,0,870,21
2020-12-18,Colusa,011,21464,1166,1068,50,1118,7
2020-12-18,Contra Costa,013,1133247,36425,33610,390,34000,300
2020-12-18,Del Norte,015,27424,683,627,0,627,2
2020-12-18,El Dorado,017,186661,5391,4494,211,4705,10
2020-12-18,Fresno,019,978130,61856,52643,3673,56316,613
2020-12-18,Glenn,021,27897,1384,1264,191,1455,9
2020-12-18,Humboldt,023,135768,1516,1331,6,1337,15
2020-12-18,Imperial,025,180216,21637,20430,832,21262,393
2020-12-18,Inyo,027,18085,556,454,8,462,17
2020-12-18,Kern,029,883053,59852,54220,3857,58077,533
2020-12-18,Kings,031,150075,15221,14284,444,14728,98
2020-12-18,Lake,033,64148,1646,1397,0,1397,20
2020-12-18,Lassen,035,31185,3921,3486,35,3521,1
2020-12-18,Los Angeles,037,10098052,657368,586413,15616,602029,8744
2020-12-18,Madera,039,155013,9568,8609,323,8932,63
2020-12-18,Marin,041,260295,9257,8799,60,8859,142
2020-12-18,Mariposa,043,17540,204,176,2,178,3
2020-12-18,Mendocino,045,87422,2198,1977,20,1997,24
2020-12-18,Merced,047,269075,17290,15956,263,16219,195
2020-12-18,Modoc,049,8938,219,179,65,244,0
2020-12-18,Mono,051,14174,814,731,12,743,3
2020-12-18,Monterey,053,433212,24624,22336,567,22903,165
2020-12-18,Napa,055,140530,5237,4688,24,4712,23
2020-12-18,Nevada,057,99092,2470,2220,79,2299,13
2020-12-18,Orange,059,3164182,138517,121681,4949,126630,1725
2020-12-18,Placer,061,380077,12786,10995,428,11423,104
2020-12-18,Plumas,063,18699,423,336,8,344,0
2020-12-18,Riverside,065,2383286,159098,142375,6159,148534,1733
2020-12-18,Sacramento,067,1510023,59112,53980,465,54445,736
2020-12-18,San Benito,069,59416,3114,2744,23,2767,21
2020-12-18,San Bernardino,071,2135413,173725,154272,4412,158684,1430
2020-12-18,San Diego,073,3302833,136814,120463,5936,126399,1253
2020-12-18,San Francisco,075,870044,21593,20315,186,20501,173
2020-12-18,San Joaquin,077,732212,41117,36484,1172,37656,559
2020-12-18,San Luis Obispo,079,281455,9608,8598,210,8808,62
2020-12-18,San Mateo,081,765935,22602,19971,63,20034,182
2020-12-18,Santa Barbara,083,443738,15609,14361,381,14742,148
2020-12-18,Santa Clara,085,1922200,61776,53992,236,54228,539
2020-12-18,Santa Cruz,087,273765,7994,6838,217,7055,68
2020-12-18,Shasta,089,179085,7570,7114,571,7685,62
2020-12-18,Sierra,091,2930,24,23,0,23,0
2020-12-18,Siskiyou,093,43540,948,840,85,925,2
2020-12-18,Solano,095,438530,16780,14667,156,14823,95
2020-12-18,Sonoma,097,501317,17516,16261,98,16359,173
2020-12-18,Stanislaus,099,539301,31787,28967,2601,31568,490
2020-12-18,Sutter,101,95872,5886,5399,42,5441,39
2020-12-18,Tehama,103,63373,2713,2523,211,2734,9
2020-12-18,Trinity,105,12862,394,215,53,268,2
2020-12-18,Tulare,107,460477,30850,28322,3056,31378,370
2020-12-18,Tuolumne,109,53932,2503,2067,10,2077,12
2020-12-18,Ventura,111,848112,34422,29907,1312,31219,209
2020-12-18,Yolo,113,214977,7722,6901,46,6947,109
2020-12-18,Yuba,115,75493,3440,3097,34,3131,11
2020-12-17,Alameda,001,1643700,45954,41548,734,42282,508
2020-12-17,Alpine,003,1148,65,64,0,64,0
2020-12-17,Amador,005,37829,2077,1703,13,1716,19
2020-12-17,Butte,007,227075,6613,5746,632,6378,78
2020-12-17,Calaveras,009,45235,959,848,0,848,21
2020-12-17,Colusa,011,21464,1155,1053,48,1101,7
2020-12-17,Contra Costa,013,1133247,35900,33006,356,33362,293
2020-12-17,Del Norte,015,27424,678,583,0,583,1
2020-12-17,El Dorado,017,186661,5245,4327,198,4525,9
2020-12-17,Fresno,019,978130,60995,49918,3547,53465,597
2020-12-17,Glenn,021,27897,1360,1244,184,1428,9
2020-12-17,Humboldt,023,135768,1483,1322,6,1328,14
2020-12-17,Imperial,025,180216,21474,20208,765,20973,391
2020-12-17,Inyo,027,18085,538,450,6,456,16
2020-12-17,Kern,029,883053,58895,53683,3722,57405,526
2020-12-17,Kings,031,150075,15118,14057,429,14486,98
2020-12-17,Lake,033,64148,1621,1374,0,1374,20
2020-12-17,Lassen,035,31185,3885,3417,35,3452,1
2020-12-17,Los Angeles,037,10098052,641705,571093,15068,586161,8657
2020-12-17,Madera,039,155013,9451,8465,319,8784,62
2020-12-17,Marin,041,260295,9193,8721,58,8779,142
2020-12-17,Mariposa,043,17540,200,172,2,174,3
2020-12-17,Mendocino,045,87422,2164,1942,20,1962,23
2020-12-17,Merced,047,269075,17028,15648,255,15903,192
2020-12-17,Modoc,049,8938,216,179,65,244,0
2020-12-17,Mono,051,14174,800,718,12,730,3
2020-12-17,Monterey,053,433212,24105,21951,552,22503,163
2020-12-17,Napa,055,140530,5125,4612,24,4636,23
2020-12-17,Nevada,057,99092,2429,2173,76,2249,13
2020-12-17,Orange,059,3164182,135143,118367,4814,123181,1725
2020-12-17,Placer,061,380077,12512,10756,414,11170,99
2020-12-17,Plumas,063,18699,414,324,8,332,0
2020-12-17,Riverside,065,2383286,155213,139325,5944,145269,1696
2020-12-17,Sacramento,067,1510023,58206,53189,443,53632,721
2020-12-17,San Benito,069,59416,3045,2645,22,2667,20
2020-12-17,San Bernardino,071,2135413,169783,149838,4296,154134,1425
2020-12-17,San Diego,073,3302833,134013,116852,5780,122632,1239
2020-12-17,San Francisco,075,870044,21306,19939,181,20120,170
2020-12-17,San Joaquin,077,732212,40390,35894,1136,37030,554
2020-12-17,San Luis Obispo,079,281455,9489,8365,208,8573,59
2020-12-17,San Mateo,081,765935,22232,19647,63,19710,181
2020-12-17,Santa Barbara,083,443738,15376,14207,374,14581,147
2020-12-17,Santa Clara,085,1922200,60606,52559,230,52789,527
2020-12-17,Santa Cruz,087,273765,7839,6687,204,6891,64
2020-12-17,Shasta,089,179085,7493,7000,552,7552,62
2020-12-17,Sierra,091,2930,23,23,0,23,0
2020-12-17,Siskiyou,093,43540,941,827,84,911,2
2020-12-17,Solano,095,438530,16474,14361,154,14515,96
2020-12-17,Sonoma,097,501317,17244,15993,97,16090,171
2020-12-17,Stanislaus,099,539301,31362,28582,2542,31124,489
2020-12-17,Sutter,101,95872,5788,5309,40,5349,39
2020-12-17,Tehama,103,63373,2664,2480,205,2685,9
2020-12-17,Trinity,105,12862,389,213,53,266,2
2020-12-17,Tulare,107,460477,30458,27852,2977,30829,358
2020-12-17,Tuolumne,109,53932,2212,1992,10,2002,11
2020-12-17,Ventura,111,848112,33812,29404,1275,30679,208
2020-12-17,Yolo,113,214977,7597,6800,45,6845,105
2020-12-17,Yuba,115,75493,3381,3035,32,3067,12
2020-12-16,Alameda,001,1643700,45101,40751,709,41460,497
2020-12-16,Alpine,003,1148,65,64,0,64,0
2020-12-16,Amador,005,37829,2030,1693,12,1705,19
2020-12-16,Butte,007,227075,6424,5659,604,6263,76
2020-12-16,Calaveras,009,45235,924,821,0,821,21
2020-12-16,Colusa,011,21464,1142,1038,45,1083,7
2020-12-16,Contra Costa,013,1133247,35342,32429,336,32765,293
2020-12-16,Del Norte,015,27424,676,575,0,575,1
2020-12-16,El Dorado,017,186661,5124,4237,189,4426,9
2020-12-16,Fresno,019,978130,60038,49173,3451,52624,584
2020-12-16,Glenn,021,27897,1342,1236,173,1409,9
2020-12-16,Humboldt,023,135768,1451,1308,5,1313,12
2020-12-16,Imperial,025,180216,21292,19980,699,20679,388
2020-12-16,Inyo,027,18085,525,444,6,450,16
2020-12-16,Kern,029,883053,58018,52896,3589,56485,522
2020-12-16,Kings,031,150075,14938,13734,412,14146,99
2020-12-16,Lake,033,64148,1581,1363,0,1363,20
2020-12-16,Lassen,035,31185,3852,3396,34,3430,1
2020-12-16,Los Angeles,037,10098052,625164,557907,14390,572297,8561
2020-12-16,Madera,039,155013,9326,8278,311,8589,62
2020-12-16,Marin,041,260295,9122,8641,58,8699,142
2020-12-16,Mariposa,043,17540,197,175,2,177,3
2020-12-16,Mendocino,045,87422,2129,1929,20,1949,23
2020-12-16,Merced,047,269075,16742,15443,251,15694,190
2020-12-16,Modoc,049,8938,213,178,65,243,0
2020-12-16,Mono,051,14174,781,702,12,714,3
2020-12-16,Monterey,053,433212,23546,21107,541,21648,163
2020-12-16,Napa,055,140530,5028,4544,24,4568,23
2020-12-16,Nevada,057,99092,2393,2149,74,2223,13
2020-12-16,Orange,059,3164182,131668,115260,4647,119907,1712
2020-12-16,Placer,061,380077,12275,10554,393,10947,96
2020-12-16,Plumas,063,18699,405,319,8,327,0
2020-12-16,Riverside,065,2383286,151089,135751,5695,141446,1664
2020-12-16,Sacramento,067,1510023,57233,52166,418,52584,715
2020-12-16,San Benito,069,59416,2954,2582,22,2604,20
2020-12-16,San Bernardino,071,2135413,165175,143565,4161,147726,1403
2020-12-16,San Diego,073,3302833,130909,114248,5626,119874,1217
2020-12-16,San Francisco,075,870044,21047,19624,181,19805,170
2020-12-16,San Joaquin,077,732212,39568,35010,1096,36106,547
2020-12-16,San Luis Obispo,079,281455,9294,8252,199,8451,58
2020-12-16,San Mateo,081,765935,21907,19292,59,19351,179
2020-12-16,Santa Barbara,083,443738,15125,13966,362,14328,144
2020-12-16,Santa Clara,085,1922200,59363,51502,227,51729,523
2020-12-16,Santa Cruz,087,273765,7655,6536,193,6729,63
2020-12-16,Shasta,089,179085,7420,6914,529,7443,62
2020-12-16,Sierra,091,2930,23,23,0,23,0
2020-12-16,Siskiyou,093,43540,933,818,84,902,2
2020-12-16,Solano,095,438530,16007,14157,150,14307,96
2020-12-16,Sonoma,097,501317,16988,15768,97,15865,170
2020-12-16,Stanislaus,099,539301,30861,28279,2469,30748,489
2020-12-16,Sutter,101,95872,5708,5223,40,5263,39
2020-12-16,Tehama,103,63373,2631,2441,180,2621,9
2020-12-16,Trinity,105,12862,383,212,53,265,2
2020-12-16,Tulare,107,460477,30034,27500,2877,30377,352
2020-12-16,Tuolumne,109,53932,2169,1941,10,1951,11
2020-12-16,Ventura,111,848112,33038,28566,1232,29798,203
2020-12-16,Yolo,113,214977,7469,6649,44,6693,103
2020-12-16,Yuba,115,75493,3295,2980,31,3011,11
2020-12-15,Alameda,001,1643700,44246,40026,687,40713,492
2020-12-15,Alpine,003,1148,65,64,0,64,0
2020-12-15,Amador,005,37829,1917,1669,10,1679,19
2020-12-15,Butte,007,227075,6285,5565,575,6140,75
2020-12-15,Calaveras,009,45235,892,799,0,799,21
2020-12-15,Colusa,011,21464,1129,1026,44,1070,7
2020-12-15,Contra Costa,013,1133247,34686,31423,322,31745,281
2020-12-15,Del Norte,015,27424,665,564,0,564,1
2020-12-15,El Dorado,017,186661,5016,4113,175,4288,9
2020-12-15,Fresno,019,978130,58665,47316,3317,50633,574
2020-12-15,Glenn,021,27897,1329,1207,157,1364,9
2020-12-15,Humboldt,023,135768,1431,1276,5,1281,12
2020-12-15,Imperial,025,180216,21072,19756,620,20376,380
2020-12-15,Inyo,027,18085,512,394,6,400,16
2020-12-15,Kern,029,883053,57007,52002,3483,55485,511
2020-12-15,Kings,031,150075,14774,13652,393,14045,97
2020-12-15,Lake,033,64148,1556,1341,0,1341,21
2020-12-15,Lassen,035,31185,3680,3378,33,3411,1
2020-12-15,Los Angeles,037,10098052,608776,536258,13750,550008,8429
2020-12-15,Madera,039,155013,9172,8118,304,8422,60
2020-12-15,Marin,041,260295,9014,8528,56,8584,141
2020-12-15,Mariposa,043,17540,193,171,2,173,3
2020-12-15,Mendocino,045,87422,2102,1883,20,1903,24
2020-12-15,Merced,047,269075,16444,15120,247,15367,190
2020-12-15,Modoc,049,8938,211,179,65,244,0
2020-12-15,Mono,051,14174,765,702,12,714,3
2020-12-15,Monterey,053,433212,22948,19905,480,20385,161
2020-12-15,Napa,055,140530,4925,4440,24,4464,23
2020-12-15,Nevada,057,99092,2360,2117,72,2189,11
2020-12-15,Orange,059,3164182,128019,112893,4494,117387,1689
2020-12-15,Placer,061,380077,12041,10301,371,10672,95
2020-12-15,Plumas,063,18699,400,313,8,321,0
2020-12-15,Riverside,065,2383286,147032,131822,5416,137238,1624
2020-12-15,Sacramento,067,1510023,56216,51076,405,51481,703
2020-12-15,San Benito,069,59416,2875,2520,21,2541,19
2020-12-15,San Bernardino,071,2135413,160717,137548,4010,141558,1351
2020-12-15,San Diego,073,3302833,127342,111441,5463,116904,1194
2020-12-15,San Francisco,075,870044,20737,19283,178,19461,171
2020-12-15,San Joaquin,077,732212,38642,33849,1060,34909,537
2020-12-15,San Luis Obispo,079,281455,9185,8074,196,8270,55
2020-12-15,San Mateo,081,765935,21498,18907,57,18964,178
2020-12-15,Santa Barbara,083,443738,14898,13782,354,14136,144
2020-12-15,Santa Clara,085,1922200,57927,50311,224,50535,505
2020-12-15,Santa Cruz,087,273765,7470,6361,179,6540,59
2020-12-15,Shasta,089,179085,7361,6794,504,7298,54
2020-12-15,Sierra,091,2930,23,23,0,23,0
2020-12-15,Siskiyou,093,43540,924,812,83,895,2
2020-12-15,Solano,095,438530,15657,13796,150,13946,95
2020-12-15,Sonoma,097,501317,16767,15406,97,15503,167
2020-12-15,Stanislaus,099,539301,30346,27823,2388,30211,485
2020-12-15,Sutter,101,95872,5610,5080,39,5119,36
2020-12-15,Tehama,103,63373,2593,2392,174,2566,9
2020-12-15,Trinity,105,12862,375,213,51,264,1
2020-12-15,Tulare,107,460477,29547,27026,2788,29814,342
2020-12-15,Tuolumne,109,53932,2139,1874,10,1884,8
2020-12-15,Ventura,111,848112,32416,27936,1185,29121,201
2020-12-15,Yolo,113,214977,7346,6531,42,6573,104
2020-12-15,Yuba,115,75493,3201,2891,30,2921,11
2020-12-14,Alameda,001,1643700,43348,39252,668,39920,487
2020-12-14,Alpine,003,1148,65,63,0,63,0
2020-12-14,Amador,005,37829,1845,1609,10,1619,19
2020-12-14,Butte,007,227075,6117,5202,558,5760,75
2020-12-14,Calaveras,009,45235,854,718,0,718,21
2020-12-14,Colusa,011,21464,1105,949,43,992,7
2020-12-14,Contra Costa,013,1133247,33988,30594,308,30902,281
2020-12-14,Del Norte,015,27424,659,560,0,560,1
2020-12-14,El Dorado,017,186661,4860,4018,159,4177,9
2020-12-14,Fresno,019,978130,57641,44726,3138,47864,560
2020-12-14,Glenn,021,27897,1303,1186,149,1335,9
2020-12-14,Humboldt,023,135768,1418,1256,5,1261,9
2020-12-14,Imperial,025,180216,20833,19608,542,20150,379
2020-12-14,Inyo,027,18085,498,382,6,388,16
2020-12-14,Kern,029,883053,55970,50538,3362,53900,510
2020-12-14,Kings,031,150075,14589,13491,366,13857,97
2020-12-14,Lake,033,64148,1508,1301,0,1301,21
2020-12-14,Lassen,035,31185,3582,2905,30,2935,1
2020-12-14,Los Angeles,037,10098052,591142,524668,13114,537782,8340
2020-12-14,Madera,039,155013,8905,8011,295,8306,60
2020-12-14,Marin,041,260295,8931,8475,55,8530,141
2020-12-14,Mariposa,043,17540,192,171,2,173,3
2020-12-14,Mendocino,045,87422,2081,1845,20,1865,24
2020-12-14,Merced,047,269075,16036,14572,233,14805,189
2020-12-14,Modoc,049,8938,205,180,63,243,0
2020-12-14,Mono,051,14174,757,685,12,697,3
2020-12-14,Monterey,053,433212,22426,19154,474,19628,155
2020-12-14,Napa,055,140530,4832,4289,24,4313,22
2020-12-14,Nevada,057,99092,2323,2070,69,2139,11
2020-12-14,Orange,059,3164182,124135,108602,4358,112960,1688
2020-12-14,Placer,061,380077,11760,9551,360,9911,95
2020-12-14,Plumas,063,18699,388,309,8,317,0
2020-12-14,Riverside,065,2383286,142903,123715,5154,128869,1588
2020-12-14,Sacramento,067,1510023,55108,50304,380,50684,691
2020-12-14,San Benito,069,59416,2809,2467,20,2487,19
2020-12-14,San Bernardino,071,2135413,156269,129151,3882,133033,1347
2020-12-14,San Diego,073,3302833,123606,109578,5278,114856,1162
2020-12-14,San Francisco,075,870044,20361,18904,176,19080,171
2020-12-14,San Joaquin,077,732212,37801,32522,1014,33536,534
2020-12-14,San Luis Obispo,079,281455,8939,7791,192,7983,52
2020-12-14,San Mateo,081,765935,21001,18361,54,18415,178
2020-12-14,Santa Barbara,083,443738,14625,13587,346,13933,144
2020-12-14,Santa Clara,085,1922200,56368,49180,212,49392,502
2020-12-14,Santa Cruz,087,273765,7284,6049,164,6213,54
2020-12-14,Shasta,089,179085,7272,6665,485,7150,54
2020-12-14,Sierra,091,2930,23,21,0,21,0
2020-12-14,Siskiyou,093,43540,901,764,77,841,2
2020-12-14,Solano,095,438530,15296,13352,149,13501,93
2020-12-14,Sonoma,097,501317,16461,14807,96,14903,167
2020-12-14,Stanislaus,099,539301,29813,27311,2339,29650,485
2020-12-14,Sutter,101,95872,5506,5001,32,5033,35
2020-12-14,Tehama,103,63373,2551,2344,171,2515,9
2020-12-14,Trinity,105,12862,371,205,49,254,1
2020-12-14,Tulare,107,460477,29072,25735,2699,28434,341
2020-12-14,Tuolumne,109,53932,2085,1647,10,1657,8
2020-12-14,Ventura,111,848112,31493,27436,1126,28562,202
2020-12-14,Yolo,113,214977,7185,6389,41,6430,95
2020-12-14,Yuba,115,75493,3139,2851,30,2881,11
2020-12-13,Alameda,001,1643700,42151,38064,643,38707,486
2020-12-13,Alpine,003,1148,65,63,0,63,0
2020-12-13,Amador,005,37829,1789,1457,9,1466,19
2020-12-13,Butte,007,227075,5968,5103,518,5621,75
2020-12-13,Calaveras,009,45235,820,710,0,710,21
2020-12-13,Colusa,011,21464,1089,945,40,985,7
2020-12-13,Contra Costa,013,1133247,33259,29667,302,29969,281
2020-12-13,Del Norte,015,27424,606,542,0,542,1
2020-12-13,El Dorado,017,186661,4759,3770,148,3918,9
2020-12-13,Fresno,019,978130,56534,44114,2979,47093,559
2020-12-13,Glenn,021,27897,1290,1171,138,1309,9
2020-12-13,Humboldt,023,135768,1395,1238,4,1242,9
2020-12-13,Imperial,025,180216,20543,19472,419,19891,379
2020-12-13,Inyo,027,18085,477,380,6,386,16
2020-12-13,Kern,029,883053,54939,49051,3205,52256,510
2020-12-13,Kings,031,150075,14309,13357,348,13705,97
2020-12-13,Lake,033,64148,1467,1271,0,1271,21
2020-12-13,Lassen,035,31185,3475,2867,25,2892,1
2020-12-13,Los Angeles,037,10098052,573520,517472,12417,529889,8294
2020-12-13,Madera,039,155013,8723,7909,282,8191,60
2020-12-13,Marin,041,260295,8811,8409,55,8464,141
2020-12-13,Mariposa,043,17540,188,167,2,169,3
2020-12-13,Mendocino,045,87422,2047,1793,20,1813,24
2020-12-13,Merced,047,269075,15685,14384,230,14614,189
2020-12-13,Modoc,049,8938,192,179,57,236,0
2020-12-13,Mono,051,14174,741,675,12,687,3
2020-12-13,Monterey,053,433212,22005,18913,460,19373,153
2020-12-13,Napa,055,140530,4726,4194,24,4218,22
2020-12-13,Nevada,057,99092,2276,2030,67,2097,11
2020-12-13,Orange,059,3164182,120203,104768,4185,108953,1688
2020-12-13,Placer,061,380077,11446,9405,342,9747,95
2020-12-13,Plumas,063,18699,382,291,8,299,0
2020-12-13,Riverside,065,2383286,138776,119691,4891,124582,1581
2020-12-13,Sacramento,067,1510023,53840,49480,351,49831,682
2020-12-13,San Benito,069,59416,2740,2408,19,2427,19
2020-12-13,San Bernardino,071,2135413,151369,126718,3721,130439,1333
2020-12-13,San Diego,073,3302833,120006,107372,5109,112481,1162
2020-12-13,San Francisco,075,870044,20016,18686,167,18853,167
2020-12-13,San Joaquin,077,732212,36997,32170,974,33144,534
2020-12-13,San Luis Obispo,079,281455,8748,7625,184,7809,52
2020-12-13,San Mateo,081,765935,20510,18090,48,18138,177
2020-12-13,Santa Barbara,083,443738,14356,13249,331,13580,144
2020-12-13,Santa Clara,085,1922200,54945,47920,203,48123,499
2020-12-13,Santa Cruz,087,273765,7035,5986,153,6139,54
2020-12-13,Shasta,089,179085,7198,6647,459,7106,54
2020-12-13,Sierra,091,2930,23,21,0,21,0
2020-12-13,Siskiyou,093,43540,889,762,72,834,2
2020-12-13,Solano,095,438530,14858,13276,146,13422,93
2020-12-13,Sonoma,097,501317,16147,14495,95,14590,167
2020-12-13,Stanislaus,099,539301,29248,26569,2277,28846,485
2020-12-13,Sutter,101,95872,5379,4798,28,4826,34
2020-12-13,Tehama,103,63373,2506,2325,156,2481,9
2020-12-13,Trinity,105,12862,365,204,49,253,1
2020-12-13,Tulare,107,460477,28582,25496,2614,28110,340
2020-12-13,Tuolumne,109,53932,2023,1611,10,1621,8
2020-12-13,Ventura,111,848112,30490,26588,1064,27652,202
2020-12-13,Yolo,113,214977,7002,6265,35,6300,95
2020-12-13,Yuba,115,75493,3074,2754,27,2781,11
2020-12-12,Alameda,001,1643700,41709,37027,623,37650,486
2020-12-12,Alpine,003,1148,65,63,0,63,0
2020-12-12,Amador,005,37829,1761,1236,8,1244,19
2020-12-12,Butte,007,227075,5895,4972,506,5478,73
2020-12-12,Calaveras,009,45235,810,708,0,708,21
2020-12-12,Colusa,011,21464,1069,945,39,984,7
2020-12-12,Contra Costa,013,1133247,32915,29506,293,29799,281
2020-12-12,Del Norte,015,27424,598,529,0,529,1
2020-12-12,El Dorado,017,186661,4684,3706,131,3837,9
2020-12-12,Fresno,019,978130,56183,43756,2919,46675,559
2020-12-12,Glenn,021,27897,1282,1143,134,1277,8
2020-12-12,Humboldt,023,135768,1376,1208,4,1212,9
2020-12-12,Imperial,025,180216,20457,18947,363,19310,379
2020-12-12,Inyo,027,18085,473,380,6,386,16
2020-12-12,Kern,029,883053,54419,48194,3115,51309,507
2020-12-12,Kings,031,150075,14220,13205,344,13549,96
2020-12-12,Lake,033,64148,1450,1232,0,1232,21
2020-12-12,Lassen,035,31185,3452,2866,22,2888,1
2020-12-12,Los Angeles,037,10098052,566714,504317,11915,516232,8269
2020-12-12,Madera,039,155013,8596,7765,279,8044,59
2020-12-12,Marin,041,260295,8757,8363,54,8417,141
2020-12-12,Mariposa,043,17540,187,164,2,166,3
2020-12-12,Mendocino,045,87422,2011,1771,20,1791,24
2020-12-12,Merced,047,269075,15594,14181,226,14407,188
2020-12-12,Modoc,049,8938,191,169,54,223,0
2020-12-12,Mono,051,14174,734,640,12,652,3
2020-12-12,Monterey,053,433212,21892,18596,431,19027,151
2020-12-12,Napa,055,140530,4681,4113,24,4137,22
2020-12-12,Nevada,057,99092,2258,1981,65,2046,10
2020-12-12,Orange,059,3164182,118315,100468,4037,104505,1674
2020-12-12,Placer,061,380077,11281,9390,337,9727,95
2020-12-12,Plumas,063,18699,376,291,8,299,0
2020-12-12,Riverside,065,2383286,136720,118335,4686,123021,1579
2020-12-12,Sacramento,067,1510023,53256,48319,338,48657,673
2020-12-12,San Benito,069,59416,2684,2355,19,2374,19
2020-12-12,San Bernardino,071,2135413,149735,125741,3618,129359,1321
2020-12-12,San Diego,073,3302833,118385,104958,5012,109970,1151
2020-12-12,San Francisco,075,870044,19826,18413,163,18576,167
2020-12-12,San Joaquin,077,732212,36672,32200,943,33143,534
2020-12-12,San Luis Obispo,079,281455,8649,7462,178,7640,50
2020-12-12,San Mateo,081,765935,20289,17574,47,17621,177
2020-12-12,Santa Barbara,083,443738,14204,13174,323,13497,144
2020-12-12,Santa Clara,085,1922200,53997,45892,200,46092,498
2020-12-12,Santa Cruz,087,273765,6937,5905,144,6049,54
2020-12-12,Shasta,089,179085,7165,6551,441,6992,54
2020-12-12,Sierra,091,2930,23,21,0,21,0
2020-12-12,Siskiyou,093,43540,887,762,69,831,2
2020-12-12,Solano,095,438530,14660,12748,139,12887,93
2020-12-12,Sonoma,097,501317,16026,14466,95,14561,166
2020-12-12,Stanislaus,099,539301,28947,26246,2226,28472,483
2020-12-12,Sutter,101,95872,5317,4717,28,4745,32
2020-12-12,Tehama,103,63373,2488,2252,150,2402,9
2020-12-12,Trinity,105,12862,363,204,47,251,1
2020-12-12,Tulare,107,460477,28323,25333,2556,27889,341
2020-12-12,Tuolumne,109,53932,1980,1536,10,1546,8
2020-12-12,Ventura,111,848112,30046,25955,1031,26986,202
2020-12-12,Yolo,113,214977,6920,6116,33,6149,95
2020-12-12,Yuba,115,75493,3047,2692,26,2718,10
2020-12-11,Alameda,001,1643700,41142,36281,611,36892,482
2020-12-11,Alpine,003,1148,65,63,0,63,0
2020-12-11,Amador,005,37829,1745,1213,8,1221,19
2020-12-11,Butte,007,227075,5822,4941,488,5429,73
2020-12-11,Calaveras,009,45235,794,697,0,697,21
2020-12-11,Colusa,011,21464,1059,923,37,960,7
2020-12-11,Contra Costa,013,1133247,32492,29036,289,29325,282
2020-12-11,Del Norte,015,27424,592,505,0,505,1
2020-12-11,El Dorado,017,186661,4603,3669,116,3785,9
2020-12-11,Fresno,019,978130,55171,43071,2853,45924,550
2020-12-11,Glenn,021,27897,1266,1135,129,1264,8
2020-12-11,Humboldt,023,135768,1358,1190,4,1194,9
2020-12-11,Imperial,025,180216,20368,18599,319,18918,377
2020-12-11,Inyo,027,18085,462,372,6,378,16
2020-12-11,Kern,029,883053,53741,47664,3051,50715,502
2020-12-11,Kings,031,150075,14076,13118,340,13458,94
2020-12-11,Lake,033,64148,1436,1205,0,1205,21
2020-12-11,Lassen,035,31185,3440,2790,21,2811,1
2020-12-11,Los Angeles,037,10098052,554906,493592,11505,505097,8198
2020-12-11,Madera,039,155013,8505,7648,269,7917,59
2020-12-11,Marin,041,260295,8663,8317,53,8370,141
2020-12-11,Mariposa,043,17540,186,164,2,166,3
2020-12-11,Mendocino,045,87422,1987,1769,20,1789,24
2020-12-11,Merced,047,269075,15474,14038,218,14256,186
2020-12-11,Modoc,049,8938,191,168,53,221,0
2020-12-11,Mono,051,14174,724,631,12,643,3
2020-12-11,Monterey,053,433212,21591,18421,426,18847,150
2020-12-11,Napa,055,140530,4626,4054,24,4078,22
2020-12-11,Nevada,057,99092,2241,1959,62,2021,10
2020-12-11,Orange,059,3164182,116002,98357,3935,102292,1656
2020-12-11,Placer,061,380077,11119,8904,321,9225,93
2020-12-11,Plumas,063,18699,368,286,8,294,0
2020-12-11,Riverside,065,2383286,133652,115329,4466,119795,1573
2020-12-11,Sacramento,067,1510023,52595,47468,330,47798,669
2020-12-11,San Benito,069,59416,2633,2319,19,2338,19
2020-12-11,San Bernardino,071,2135413,147046,123092,3501,126593,1313
2020-12-11,San Diego,073,3302833,116425,102468,4929,107397,1137
2020-12-11,San Francisco,075,870044,19596,18246,162,18408,165
2020-12-11,San Joaquin,077,732212,36327,32044,915,32959,534
2020-12-11,San Luis Obispo,079,281455,8488,7415,176,7591,49
2020-12-11,San Mateo,081,765935,20018,17240,36,17276,177
2020-12-11,Santa Barbara,083,443738,14061,12997,315,13312,144
2020-12-11,Santa Clara,085,1922200,52993,45101,191,45292,494
2020-12-11,Santa Cruz,087,273765,6824,5764,135,5899,50
2020-12-11,Shasta,089,179085,7120,6459,434,6893,54
2020-12-11,Sierra,091,2930,23,19,0,19,0
2020-12-11,Siskiyou,093,43540,880,753,66,819,2
2020-12-11,Solano,095,438530,14474,12554,135,12689,92
2020-12-11,Sonoma,097,501317,15859,14298,93,14391,166
2020-12-11,Stanislaus,099,539301,28678,25928,2182,28110,464
2020-12-11,Sutter,101,95872,5254,4600,27,4627,30
2020-12-11,Tehama,103,63373,2458,2232,146,2378,9
2020-12-11,Trinity,105,12862,360,204,47,251,1
2020-12-11,Tulare,107,460477,27964,24953,2508,27461,338
2020-12-11,Tuolumne,109,53932,1965,1510,10,1520,8
2020-12-11,Ventura,111,848112,29440,24999,1009,26008,202
2020-12-11,Yolo,113,214977,6814,6006,32,6038,95
2020-12-11,Yuba,115,75493,2987,2649,25,2674,10
2020-12-10,Alameda,001,1643700,40373,35686,589,36275,477
2020-12-10,Alpine,003,1148,65,63,0,63,0
2020-12-10,Amador,005,37829,1688,1191,8,1199,18
2020-12-10,Butte,007,227075,5707,4863,461,5324,72
2020-12-10,Calaveras,009,45235,776,684,0,684,21
2020-12-10,Colusa,011,21464,1036,909,34,943,7
2020-12-10,Contra Costa,013,1133247,31810,28413,283,28696,276
2020-12-10,Del Norte,015,27424,582,501,0,501,1
2020-12-10,El Dorado,017,186661,4485,3557,111,3668,9
2020-12-10,Fresno,019,978130,54193,42461,2711,45172,540
2020-12-10,Glenn,021,27897,1246,1126,120,1246,8
2020-12-10,Humboldt,023,135768,1338,1140,4,1144,9
2020-12-10,Imperial,025,180216,20154,18333,242,18575,370
2020-12-10,Inyo,027,18085,441,365,6,371,15
2020-12-10,Kern,029,883053,52759,47176,2884,50060,499
2020-12-10,Kings,031,150075,13918,12993,334,13327,92
2020-12-10,Lake,033,64148,1395,1167,0,1167,21
2020-12-10,Lassen,035,31185,3418,2764,17,2781,0
2020-12-10,Los Angeles,037,10098052,540932,480354,10972,491326,8149
2020-12-10,Madera,039,155013,8398,7445,254,7699,59
2020-12-10,Marin,041,260295,8610,8245,52,8297,140
2020-12-10,Mariposa,043,17540,185,160,2,162,3
2020-12-10,Mendocino,045,87422,1961,1748,17,1765,24
2020-12-10,Merced,047,269075,15228,13756,215,13971,186
2020-12-10,Modoc,049,8938,186,165,51,216,0
2020-12-10,Mono,051,14174,719,601,12,613,3
2020-12-10,Monterey,053,433212,21110,18266,416,18682,145
2020-12-10,Napa,055,140530,4540,3974,23,3997,22
2020-12-10,Nevada,057,99092,2205,1919,62,1981,10
2020-12-10,Orange,059,3164182,112904,95297,3773,99070,1651
2020-12-10,Placer,061,380077,10866,8906,303,9209,90
2020-12-10,Plumas,063,18699,357,281,8,289,0
2020-12-10,Riverside,065,2383286,129965,112794,4197,116991,1552
2020-12-10,Sacramento,067,1510023,51695,46471,308,46779,664
2020-12-10,San Benito,069,59416,2573,2268,18,2286,19
2020-12-10,San Bernardino,071,2135413,142811,120186,3327,123513,1306
2020-12-10,San Diego,073,3302833,113900,99601,4780,104381,1114
2020-12-10,San Francisco,075,870044,19284,17945,154,18099,164
2020-12-10,San Joaquin,077,732212,35691,31228,885,32113,534
2020-12-10,San Luis Obispo,079,281455,8325,7245,165,7410,49
2020-12-10,San Mateo,081,765935,19575,16701,26,16727,177
2020-12-10,Santa Barbara,083,443738,13882,12788,306,13094,143
2020-12-10,Santa Clara,085,1922200,51857,43939,176,44115,491
2020-12-10,Santa Cruz,087,273765,6657,5645,122,5767,48
2020-12-10,Shasta,089,179085,7053,6312,409,6721,53
2020-12-10,Sierra,091,2930,23,18,0,18,0
2020-12-10,Siskiyou,093,43540,870,712,65,777,2
2020-12-10,Solano,095,438530,14108,12017,129,12146,90
2020-12-10,Sonoma,097,501317,15604,14282,91,14373,167
2020-12-10,Stanislaus,099,539301,28215,25582,2113,27695,464
2020-12-10,Sutter,101,95872,5124,4528,25,4553,27
2020-12-10,Tehama,103,63373,2414,2190,138,2328,9
2020-12-10,Trinity,105,12862,356,202,45,247,1
2020-12-10,Tulare,107,460477,27507,24506,2442,26948,337
2020-12-10,Tuolumne,109,53932,1723,1451,10,1461,8
2020-12-10,Ventura,111,848112,28589,24075,965,25040,202
2020-12-10,Yolo,113,214977,6693,5896,31,5927,95
2020-12-10,Yuba,115,75493,2923,2604,24,2628,10
2020-12-09,Alameda,001,1643700,39535,35047,566,35613,470
2020-12-09,Alpine,003,1148,65,58,0,58,0
2020-12-09,Amador,005,37829,1645,1121,8,1129,19
2020-12-09,Butte,007,227075,5564,4733,441,5174,70
2020-12-09,Calaveras,009,45235,747,670,0,670,21
2020-12-09,Colusa,011,21464,1021,896,33,929,7
2020-12-09,Contra Costa,013,1133247,31106,28308,272,28580,273
2020-12-09,Del Norte,015,27424,569,481,0,481,2
2020-12-09,El Dorado,017,186661,4350,3449,103,3552,8
2020-12-09,Fresno,019,978130,53192,41954,2558,44512,533
2020-12-09,Glenn,021,27897,1232,1107,114,1221,8
2020-12-09,Humboldt,023,135768,1306,1086,4,1090,10
2020-12-09,Imperial,025,180216,19899,17757,206,17963,368
2020-12-09,Inyo,027,18085,428,356,6,362,15
2020-12-09,Kern,029,883053,51601,46379,2738,49117,494
2020-12-09,Kings,031,150075,13773,12716,326,13042,92
2020-12-09,Lake,033,64148,1367,1158,0,1158,20
2020-12-09,Lassen,035,31185,3349,2331,15,2346,0
2020-12-09,Los Angeles,037,10098052,527441,467971,10427,478398,8075
2020-12-09,Madera,039,155013,8285,7216,251,7467,59
2020-12-09,Marin,041,260295,8548,8182,51,8233,138
2020-12-09,Mariposa,043,17540,183,154,2,156,3
2020-12-09,Mendocino,045,87422,1935,1703,16,1719,24
2020-12-09,Merced,047,269075,14987,13588,208,13796,183
2020-12-09,Modoc,049,8938,181,146,42,188,0
2020-12-09,Mono,051,14174,707,601,12,613,3
2020-12-09,Monterey,053,433212,20709,17891,408,18299,143
2020-12-09,Napa,055,140530,4454,3858,22,3880,21
2020-12-09,Nevada,057,99092,2152,1864,62,1926,10
2020-12-09,Orange,059,3164182,109816,93763,3599,97362,1629
2020-12-09,Placer,061,380077,10605,8588,289,8877,85
2020-12-09,Plumas,063,18699,349,271,8,279,0
2020-12-09,Riverside,065,2383286,126268,110376,3990,114366,1543
2020-12-09,Sacramento,067,1510023,50632,45284,281,45565,659
2020-12-09,San Benito,069,59416,2500,2217,16,2233,19
2020-12-09,San Bernardino,071,2135413,138532,114516,3130,117646,1305
2020-12-09,San Diego,073,3302833,110920,97551,4641,102192,1103
2020-12-09,San Francisco,075,870044,18983,17628,153,17781,163
2020-12-09,San Joaquin,077,732212,34876,30539,860,31399,531
2020-12-09,San Luis Obispo,079,281455,8107,7105,157,7262,47
2020-12-09,San Mateo,081,765935,19126,16422,25,16447,175
2020-12-09,Santa Barbara,083,443738,13682,12630,296,12926,142
2020-12-09,Santa Clara,085,1922200,50700,42912,160,43072,489
2020-12-09,Santa Cruz,087,273765,6499,5527,107,5634,47
2020-12-09,Shasta,089,179085,6988,6105,395,6500,52
2020-12-09,Sierra,091,2930,23,18,0,18,0
2020-12-09,Siskiyou,093,43540,859,713,64,777,2
2020-12-09,Solano,095,438530,13760,11862,121,11983,90
2020-12-09,Sonoma,097,501317,15348,13994,88,14082,164
2020-12-09,Stanislaus,099,539301,27718,25157,2052,27209,463
2020-12-09,Sutter,101,95872,5006,4418,21,4439,24
2020-12-09,Tehama,103,63373,2378,2102,134,2236,9
2020-12-09,Trinity,105,12862,348,199,42,241,0
2020-12-09,Tulare,107,460477,26911,24124,2363,26487,334
2020-12-09,Tuolumne,109,53932,1690,1319,10,1329,8
2020-12-09,Ventura,111,848112,27726,23830,923,24753,201
2020-12-09,Yolo,113,214977,6568,5760,29,5789,95
2020-12-09,Yuba,115,75493,2855,2513,23,2536,10
2020-12-08,Alameda,001,1643700,38634,34373,550,34923,469
2020-12-08,Alpine,003,1148,64,53,0,53,0
2020-12-08,Amador,005,37829,1359,1043,8,1051,17
2020-12-08,Butte,007,227075,5406,4651,400,5051,70
2020-12-08,Calaveras,009,45235,723,657,0,657,21
2020-12-08,Colusa,011,21464,1005,875,32,907,6
2020-12-08,Contra Costa,013,1133247,30405,27926,255,28181,270
2020-12-08,Del Norte,015,27424,553,465,0,465,2
2020-12-08,El Dorado,017,186661,4226,3296,90,3386,8
2020-12-08,Fresno,019,978130,51928,41574,2403,43977,529
2020-12-08,Glenn,021,27897,1212,1094,106,1200,8
2020-12-08,Humboldt,023,135768,1280,1059,4,1063,10
2020-12-08,Imperial,025,180216,19384,17568,198,17766,363
2020-12-08,Inyo,027,18085,405,333,6,339,15
2020-12-08,Kern,029,883053,50307,45116,2582,47698,487
2020-12-08,Kings,031,150075,13619,12623,317,12940,90
2020-12-08,Lake,033,64148,1325,1127,0,1127,20
2020-12-08,Lassen,035,31185,3193,2165,15,2180,0
2020-12-08,Los Angeles,037,10098052,514741,459738,9952,469690,8004
2020-12-08,Madera,039,155013,8154,7082,238,7320,59
2020-12-08,Marin,041,260295,8468,8099,50,8149,137
2020-12-08,Mariposa,043,17540,179,150,2,152,2
2020-12-08,Mendocino,045,87422,1893,1666,16,1682,23
2020-12-08,Merced,047,269075,14676,13380,207,13587,181
2020-12-08,Modoc,049,8938,173,138,39,177,0
2020-12-08,Mono,051,14174,693,597,12,609,3
2020-12-08,Monterey,053,433212,20138,17752,401,18153,134
2020-12-08,Napa,055,140530,4367,3778,21,3799,22
2020-12-08,Nevada,057,99092,2098,1809,59,1868,11
2020-12-08,Orange,059,3164182,106596,91406,3433,94839,1629
2020-12-08,Placer,061,380077,10337,8224,284,8508,82
2020-12-08,Plumas,063,18699,339,258,8,266,0
2020-12-08,Riverside,065,2383286,122905,107620,3810,111430,1514
2020-12-08,Sacramento,067,1510023,49568,44635,266,44901,649
2020-12-08,San Benito,069,59416,2447,2180,16,2196,18
2020-12-08,San Bernardino,071,2135413,134187,110676,3004,113680,1301
2020-12-08,San Diego,073,3302833,107549,95447,4484,99931,1088
2020-12-08,San Francisco,075,870044,18673,17384,151,17535,162
2020-12-08,San Joaquin,077,732212,33981,30225,827,31052,530
2020-12-08,San Luis Obispo,079,281455,7978,6903,146,7049,45
2020-12-08,San Mateo,081,765935,18727,16305,25,16330,175
2020-12-08,Santa Barbara,083,443738,13498,12516,287,12803,141
2020-12-08,Santa Clara,085,1922200,49393,41309,151,41460,484
2020-12-08,Santa Cruz,087,273765,6320,5374,105,5479,45
2020-12-08,Shasta,089,179085,6878,5946,387,6333,50
2020-12-08,Sierra,091,2930,22,18,0,18,0
2020-12-08,Siskiyou,093,43540,845,704,62,766,2
2020-12-08,Solano,095,438530,13358,11669,119,11788,89
2020-12-08,Sonoma,097,501317,15089,13601,87,13688,164
2020-12-08,Stanislaus,099,539301,27230,24793,1987,26780,461
2020-12-08,Sutter,101,95872,4911,4342,20,4362,24
2020-12-08,Tehama,103,63373,2304,2057,126,2183,9
2020-12-08,Trinity,105,12862,339,198,41,239,0
2020-12-08,Tulare,107,460477,26308,23607,2302,25909,330
2020-12-08,Tuolumne,109,53932,1666,1264,10,1274,7
2020-12-08,Ventura,111,848112,27063,23665,880,24545,195
2020-12-08,Yolo,113,214977,6436,5560,29,5589,90
2020-12-08,Yuba,115,75493,2778,2477,23,2500,10
2020-12-07,Alameda,001,1643700,37769,33887,514,34401,466
2020-12-07,Alpine,003,1148,63,53,0,53,0
2020-12-07,Amador,005,37829,1284,993,7,1000,17
2020-12-07,Butte,007,227075,5270,4604,378,4982,67
2020-12-07,Calaveras,009,45235,692,606,0,606,21
2020-12-07,Colusa,011,21464,980,825,27,852,6
2020-12-07,Contra Costa,013,1133247,29789,27307,242,27549,270
2020-12-07,Del Norte,015,27424,541,424,0,424,2
2020-12-07,El Dorado,017,186661,4047,3275,83,3358,8
2020-12-07,Fresno,019,978130,50454,41098,2281,43379,526
2020-12-07,Glenn,021,27897,1193,1085,100,1185,8
2020-12-07,Humboldt,023,135768,1245,1023,4,1027,9
2020-12-07,Imperial,025,180216,18962,17234,188,17422,364
2020-12-07,Inyo,027,18085,390,333,6,339,15
2020-12-07,Kern,029,883053,49282,44409,2447,46856,486
2020-12-07,Kings,031,150075,13476,12412,307,12719,90
2020-12-07,Lake,033,64148,1298,1090,0,1090,20
2020-12-07,Lassen,035,31185,3096,2167,15,2182,0
2020-12-07,Los Angeles,037,10098052,501070,451052,9517,460569,7937
2020-12-07,Madera,039,155013,7889,6935,233,7168,59
2020-12-07,Marin,041,260295,8410,8049,49,8098,136
2020-12-07,Mariposa,043,17540,176,146,2,148,2
2020-12-07,Mendocino,045,87422,1857,1638,14,1652,23
2020-12-07,Merced,047,269075,14317,13250,197,13447,179
2020-12-07,Modoc,049,8938,166,128,36,164,0
2020-12-07,Mono,051,14174,680,590,12,602,3
2020-12-07,Monterey,053,433212,19657,17746,389,18135,132
2020-12-07,Napa,055,140530,4276,3684,21,3705,21
2020-12-07,Nevada,057,99092,2049,1777,58,1835,11
2020-12-07,Orange,059,3164182,103331,89793,3314,93107,1628
2020-12-07,Placer,061,380077,10011,7911,270,8181,82
2020-12-07,Plumas,063,18699,327,256,5,261,0
2020-12-07,Riverside,065,2383286,119707,102363,3627,105990,1491
2020-12-07,Sacramento,067,1510023,48473,43419,249,43668,638
2020-12-07,San Benito,069,59416,2396,2165,15,2180,18
2020-12-07,San Bernardino,071,2135413,130233,108161,2886,111047,1295
2020-12-07,San Diego,073,3302833,104760,94171,4303,98474,1062
2020-12-07,San Francisco,075,870044,18382,17220,144,17364,161
2020-12-07,San Joaquin,077,732212,33105,28188,800,28988,530
2020-12-07,San Luis Obispo,079,281455,7796,6782,139,6921,45
2020-12-07,San Mateo,081,765935,18288,16029,24,16053,175
2020-12-07,Santa Barbara,083,443738,13257,12362,277,12639,141
2020-12-07,Santa Clara,085,1922200,48008,40621,142,40763,484
2020-12-07,Santa Cruz,087,273765,6155,5152,99,5251,41
2020-12-07,Shasta,089,179085,6755,5742,372,6114,50
2020-12-07,Sierra,091,2930,20,18,0,18,0
2020-12-07,Siskiyou,093,43540,818,652,62,714,2
2020-12-07,Solano,095,438530,13019,11354,115,11469,89
2020-12-07,Sonoma,097,501317,14805,13376,87,13463,164
2020-12-07,Stanislaus,099,539301,26672,24479,1934,26413,454
2020-12-07,Sutter,101,95872,4770,4106,20,4126,24
2020-12-07,Tehama,103,63373,2253,2030,121,2151,9
2020-12-07,Trinity,105,12862,335,194,41,235,0
2020-12-07,Tulare,107,460477,25772,22760,2245,25005,328
2020-12-07,Tuolumne,109,53932,1581,1256,9,1265,7
2020-12-07,Ventura,111,848112,26476,23354,844,24198,191
2020-12-07,Yolo,113,214977,6274,5537,28,5565,90
2020-12-07,Yuba,115,75493,2710,2428,21,2449,10
2020-12-06,Alameda,001,1643700,36779,33477,494,33971,465
2020-12-06,Alpine,003,1148,59,53,0,53,0
2020-12-06,Amador,005,37829,1221,952,6,958,17
2020-12-06,Butte,007,227075,5117,4527,345,4872,67
2020-12-06,Calaveras,009,45235,672,606,0,606,21
2020-12-06,Colusa,011,21464,963,824,23,847,6
2020-12-06,Contra Costa,013,1133247,29183,26566,235,26801,270
2020-12-06,Del Norte,015,27424,486,414,0,414,2
2020-12-06,El Dorado,017,186661,3910,3086,78,3164,8
2020-12-06,Fresno,019,978130,49498,40869,2165,43034,526
2020-12-06,Glenn,021,27897,1183,1067,96,1163,8
2020-12-06,Humboldt,023,135768,1220,1004,4,1008,9
2020-12-06,Imperial,025,180216,18648,16922,179,17101,364
2020-12-06,Inyo,027,18085,377,333,6,339,15
2020-12-06,Kern,029,883053,48293,43899,2277,46176,486
2020-12-06,Kings,031,150075,13204,12056,290,12346,90
2020-12-06,Lake,033,64148,1261,1075,0,1075,20
2020-12-06,Lassen,035,31185,2991,2168,13,2181,0
2020-12-06,Los Angeles,037,10098052,487473,443230,9079,452309,7910
2020-12-06,Madera,039,155013,7718,6826,224,7050,59
2020-12-06,Marin,041,260295,8329,8013,47,8060,136
2020-12-06,Mariposa,043,17540,175,144,2,146,2
2020-12-06,Mendocino,045,87422,1817,1614,14,1628,23
2020-12-06,Merced,047,269075,13982,12928,188,13116,179
2020-12-06,Modoc,049,8938,153,125,29,154,0
2020-12-06,Mono,051,14174,658,586,10,596,3
2020-12-06,Monterey,053,433212,19038,17426,379,17805,130
2020-12-06,Napa,055,140530,4164,3644,21,3665,21
2020-12-06,Nevada,057,99092,1990,1710,55,1765,10
2020-12-06,Orange,059,3164182,100264,87737,3184,90921,1627
2020-12-06,Placer,061,380077,9729,7837,250,8087,82
2020-12-06,Plumas,063,18699,314,254,4,258,0
2020-12-06,Riverside,065,2383286,116613,100088,3403,103491,1482
2020-12-06,Sacramento,067,1510023,47234,42808,233,43041,638
2020-12-06,San Benito,069,59416,2359,2135,15,2150,18
2020-12-06,San Bernardino,071,2135413,126082,106927,2729,109656,1286
2020-12-06,San Diego,073,3302833,101727,92173,4149,96322,1062
2020-12-06,San Francisco,075,870044,18060,17107,137,17244,161
2020-12-06,San Joaquin,077,732212,32270,28188,771,28959,530
2020-12-06,San Luis Obispo,079,281455,7631,6723,134,6857,45
2020-12-06,San Mateo,081,765935,17784,15855,21,15876,175
2020-12-06,Santa Barbara,083,443738,13025,12252,268,12520,141
2020-12-06,Santa Clara,085,1922200,46634,39112,136,39248,482
2020-12-06,Santa Cruz,087,273765,5981,5069,93,5162,40
2020-12-06,Shasta,089,179085,6614,5743,351,6094,49
2020-12-06,Sierra,091,2930,20,17,0,17,0
2020-12-06,Siskiyou,093,43540,800,652,60,712,2
2020-12-06,Solano,095,438530,12733,11354,105,11459,88
2020-12-06,Sonoma,097,501317,14516,13238,86,13324,164
2020-12-06,Stanislaus,099,539301,26122,24036,1870,25906,454
2020-12-06,Sutter,101,95872,4654,4009,19,4028,21
2020-12-06,Tehama,103,63373,2194,1982,111,2093,9
2020-12-06,Trinity,105,12862,328,181,39,220,0
2020-12-06,Tulare,107,460477,25247,22756,2177,24933,327
2020-12-06,Tuolumne,109,53932,1485,1210,9,1219,7
2020-12-06,Ventura,111,848112,25935,23035,817,23852,191
2020-12-06,Yolo,113,214977,6113,5465,23,5488,90
2020-12-06,Yuba,115,75493,2666,2340,20,2360,10
2020-12-05,Alameda,001,1643700,36421,32781,483,33264,465
2020-12-05,Alpine,003,1148,58,53,0,53,0
2020-12-05,Amador,005,37829,1197,847,6,853,17
2020-12-05,Butte,007,227075,5049,4455,326,4781,66
2020-12-05,Calaveras,009,45235,660,606,0,606,21
2020-12-05,Colusa,011,21464,945,825,20,845,6
2020-12-05,Contra Costa,013,1133247,28892,26217,228,26445,270
2020-12-05,Del Norte,015,27424,480,408,0,408,2
2020-12-05,El Dorado,017,186661,3845,3061,73,3134,8
2020-12-05,Fresno,019,978130,49179,40568,2110,42678,525
2020-12-05,Glenn,021,27897,1170,1056,90,1146,8
2020-12-05,Humboldt,023,135768,1187,979,4,983,9
2020-12-05,Imperial,025,180216,18480,16544,178,16722,362
2020-12-05,Inyo,027,18085,372,332,6,338,15
2020-12-05,Kern,029,883053,47830,43332,2192,45524,484
2020-12-05,Kings,031,150075,13123,11898,287,12185,90
2020-12-05,Lake,033,64148,1234,1069,0,1069,20
2020-12-05,Lassen,035,31185,2800,2168,11,2179,0
2020-12-05,Los Angeles,037,10098052,481671,433120,8763,441883,7888
2020-12-05,Madera,039,155013,7625,6619,217,6836,59
2020-12-05,Marin,041,260295,8302,7961,47,8008,136
2020-12-05,Mariposa,043,17540,170,143,2,145,2
2020-12-05,Mendocino,045,87422,1778,1585,14,1599,23
2020-12-05,Merced,047,269075,13875,12747,177,12924,180
2020-12-05,Modoc,049,8938,153,118,28,146,0
2020-12-05,Mono,051,14174,653,554,10,564,3
2020-12-05,Monterey,053,433212,18892,17077,375,17452,127
2020-12-05,Napa,055,140530,4093,3565,21,3586,21
2020-12-05,Nevada,057,99092,1975,1642,53,1695,10
2020-12-05,Orange,059,3164182,98799,85735,3088,88823,1612
2020-12-05,Placer,061,380077,9609,7811,241,8052,78
2020-12-05,Plumas,063,18699,307,246,1,247,0
2020-12-05,Riverside,065,2383286,115001,98612,3226,101838,1477
2020-12-05,Sacramento,067,1510023,46569,41878,218,42096,625
2020-12-05,San Benito,069,59416,2315,2073,15,2088,18
2020-12-05,San Bernardino,071,2135413,124557,105382,2600,107982,1283
2020-12-05,San Diego,073,3302833,100375,90470,4068,94538,1055
2020-12-05,San Francisco,075,870044,17876,16786,133,16919,161
2020-12-05,San Joaquin,077,732212,32003,28105,738,28843,523
2020-12-05,San Luis Obispo,079,281455,7564,6623,131,6754,44
2020-12-05,San Mateo,081,765935,17527,15512,21,15533,175
2020-12-05,Santa Barbara,083,443738,12925,12107,262,12369,141
2020-12-05,Santa Clara,085,1922200,45892,38339,131,38470,474
2020-12-05,Santa Cruz,087,273765,5908,4997,91,5088,40
2020-12-05,Shasta,089,179085,6553,5653,340,5993,49
2020-12-05,Sierra,091,2930,20,17,0,17,0
2020-12-05,Siskiyou,093,43540,792,649,59,708,2
2020-12-05,Solano,095,438530,12564,11351,103,11454,87
2020-12-05,Sonoma,097,501317,14420,13137,86,13223,164
2020-12-05,Stanislaus,099,539301,25807,23662,1835,25497,454
2020-12-05,Sutter,101,95872,4589,3937,19,3956,20
2020-12-05,Tehama,103,63373,2178,1926,109,2035,9
2020-12-05,Trinity,105,12862,327,177,39,216,0
2020-12-05,Tulare,107,460477,25033,22660,2119,24779,324
2020-12-05,Tuolumne,109,53932,1428,1180,9,1189,7
2020-12-05,Ventura,111,848112,25564,22710,803,23513,191
2020-12-05,Yolo,113,214977,6036,5351,22,5373,90
2020-12-05,Yuba,115,75493,2629,2275,20,2295,10
2020-12-04,Alameda,001,1643700,35872,31871,470,32341,465
2020-12-04,Alpine,003,1148,58,53,0,53,0
2020-12-04,Amador,005,37829,1183,766,3,769,16
2020-12-04,Butte,007,227075,4977,4336,305,4641,65
2020-12-04,Calaveras,009,45235,655,585,0,585,21
2020-12-04,Colusa,011,21464,931,790,18,808,6
2020-12-04,Contra Costa,013,1133247,28548,25705,216,25921,264
2020-12-04,Del Norte,015,27424,469,401,0,401,2
2020-12-04,El Dorado,017,186661,3757,2933,70,3003,7
2020-12-04,Fresno,019,978130,48470,40108,2042,42150,522
2020-12-04,Glenn,021,27897,1164,1017,82,1099,8
2020-12-04,Humboldt,023,135768,1169,960,4,964,9
2020-12-04,Imperial,025,180216,18238,16484,178,16662,362
2020-12-04,Inyo,027,18085,364,324,6,330,15
2020-12-04,Kern,029,883053,47279,42497,2089,44586,485
2020-12-04,Kings,031,150075,13030,11767,281,12048,88
2020-12-04,Lake,033,64148,1206,1018,0,1018,20
2020-12-04,Lassen,035,31185,2793,2167,10,2177,0
2020-12-04,Los Angeles,037,10098052,473049,424164,8470,432634,7845
2020-12-04,Madera,039,155013,7534,6479,214,6693,58
2020-12-04,Marin,041,260295,8251,7896,44,7940,136
2020-12-04,Mariposa,043,17540,170,136,2,138,2
2020-12-04,Mendocino,045,87422,1759,1563,13,1576,23
2020-12-04,Merced,047,269075,13760,12474,169,12643,177
2020-12-04,Modoc,049,8938,153,115,28,143,0
2020-12-04,Mono,051,14174,648,549,10,559,3
2020-12-04,Monterey,053,433212,18680,16737,366,17103,127
2020-12-04,Napa,055,140530,4039,3432,21,3453,19
2020-12-04,Nevada,057,99092,1950,1560,50,1610,10
2020-12-04,Orange,059,3164182,96879,83738,3023,86761,1597
2020-12-04,Placer,061,380077,9485,7461,228,7689,76
2020-12-04,Plumas,063,18699,300,232,0,232,0
2020-12-04,Riverside,065,2383286,112804,95255,3069,98324,1475
2020-12-04,Sacramento,067,1510023,45805,41061,201,41262,618
2020-12-04,San Benito,069,59416,2282,2006,15,2021,17
2020-12-04,San Bernardino,071,2135413,122285,102418,2492,104910,1290
2020-12-04,San Diego,073,3302833,98891,88183,3981,92164,1047
2020-12-04,San Francisco,075,870044,17685,16499,133,16632,161
2020-12-04,San Joaquin,077,732212,31567,27806,701,28507,522
2020-12-04,San Luis Obispo,079,281455,7479,6473,128,6601,42
2020-12-04,San Mateo,081,765935,17239,15112,20,15132,173
2020-12-04,Santa Barbara,083,443738,12818,11947,255,12202,141
2020-12-04,Santa Clara,085,1922200,44970,37465,125,37590,468
2020-12-04,Santa Cruz,087,273765,5821,4985,89,5074,32
2020-12-04,Shasta,089,179085,6465,5439,330,5769,49
2020-12-04,Sierra,091,2930,19,17,0,17,0
2020-12-04,Siskiyou,093,43540,785,639,56,695,2
2020-12-04,Solano,095,438530,12418,11037,100,11137,87
2020-12-04,Sonoma,097,501317,14272,12962,85,13047,164
2020-12-04,Stanislaus,099,539301,25537,23206,1791,24997,448
2020-12-04,Sutter,101,95872,4517,3791,14,3805,20
2020-12-04,Tehama,103,63373,2138,1876,104,1980,9
2020-12-04,Trinity,105,12862,325,172,39,211,0
2020-12-04,Tulare,107,460477,24749,22273,2047,24320,322
2020-12-04,Tuolumne,109,53932,1397,1134,9,1143,7
2020-12-04,Ventura,111,848112,25187,22024,786,22810,189
2020-12-04,Yolo,113,214977,5962,5294,21,5315,87
2020-12-04,Yuba,115,75493,2586,2225,19,2244,10
2020-12-03,Alameda,001,1643700,35107,31184,451,31635,465
2020-12-03,Alpine,003,1148,57,53,0,53,0
2020-12-03,Amador,005,37829,1132,653,3,656,16
2020-12-03,Butte,007,227075,4881,4305,286,4591,65
2020-12-03,Calaveras,009,45235,635,572,0,572,21
2020-12-03,Colusa,011,21464,918,774,17,791,6
2020-12-03,Contra Costa,013,1133247,28046,25464,209,25673,265
2020-12-03,Del Norte,015,27424,465,388,0,388,2
2020-12-03,El Dorado,017,186661,3631,2740,68,2808,6
2020-12-03,Fresno,019,978130,47717,39680,1970,41650,516
2020-12-03,Glenn,021,27897,1146,997,74,1071,8
2020-12-03,Humboldt,023,135768,1139,923,4,927,9
2020-12-03,Imperial,025,180216,18033,16436,166,16602,359
2020-12-03,Inyo,027,18085,361,321,6,327,15
2020-12-03,Kern,029,883053,46433,42062,1988,44050,483
2020-12-03,Kings,031,150075,12931,11658,269,11927,87
2020-12-03,Lake,033,64148,1191,991,0,991,20
2020-12-03,Lassen,035,31185,2753,2128,9,2137,0
2020-12-03,Los Angeles,037,10098052,462954,415805,8107,423912,7787
2020-12-03,Madera,039,155013,7411,6398,209,6607,58
2020-12-03,Marin,041,260295,8191,7861,40,7901,136
2020-12-03,Mariposa,043,17540,166,132,2,134,2
2020-12-03,Mendocino,045,87422,1742,1547,10,1557,23
2020-12-03,Merced,047,269075,13515,12310,161,12471,177
2020-12-03,Modoc,049,8938,151,114,28,142,0
2020-12-03,Mono,051,14174,626,527,10,537,3
2020-12-03,Monterey,053,433212,18219,16218,356,16574,125
2020-12-03,Napa,055,140530,3925,3360,21,3381,19
2020-12-03,Nevada,057,99092,1872,1472,49,1521,10
2020-12-03,Orange,059,3164182,94346,82187,2954,85141,1591
2020-12-03,Placer,061,380077,9283,7270,212,7482,73
2020-12-03,Plumas,063,18699,285,223,0,223,0
2020-12-03,Riverside,065,2383286,110041,92489,2907,95396,1461
2020-12-03,Sacramento,067,1510023,44746,40280,188,40468,614
2020-12-03,San Benito,069,59416,2236,1967,15,1982,16
2020-12-03,San Bernardino,071,2135413,118958,100787,2408,103195,1283
2020-12-03,San Diego,073,3302833,97076,86144,3863,90007,1040
2020-12-03,San Francisco,075,870044,17463,16236,132,16368,161
2020-12-03,San Joaquin,077,732212,30845,27239,656,27895,522
2020-12-03,San Luis Obispo,079,281455,7311,6388,127,6515,42
2020-12-03,San Mateo,081,765935,16886,14909,20,14929,173
2020-12-03,Santa Barbara,083,443738,12689,11829,249,12078,141
2020-12-03,Santa Clara,085,1922200,43774,36621,119,36740,465
2020-12-03,Santa Cruz,087,273765,5677,4850,85,4935,28
2020-12-03,Shasta,089,179085,6356,5330,323,5653,48
2020-12-03,Sierra,091,2930,19,17,0,17,0
2020-12-03,Siskiyou,093,43540,770,629,53,682,2
2020-12-03,Solano,095,438530,12204,10857,97,10954,87
2020-12-03,Sonoma,097,501317,14029,12772,84,12856,164
2020-12-03,Stanislaus,099,539301,25126,22821,1743,24564,447
2020-12-03,Sutter,101,95872,4433,3727,14,3741,20
2020-12-03,Tehama,103,63373,2086,1832,97,1929,9
2020-12-03,Trinity,105,12862,322,166,39,205,0
2020-12-03,Tulare,107,460477,24350,21993,1954,23947,321
2020-12-03,Tuolumne,109,53932,1355,1105,9,1114,7
2020-12-03,Ventura,111,848112,24484,21555,773,22328,187
2020-12-03,Yolo,113,214977,5824,5069,21,5090,87
2020-12-03,Yuba,115,75493,2516,2182,18,2200,10
2020-12-02,Alameda,001,1643700,34480,30697,442,31139,463
2020-12-02,Alpine,003,1148,56,52,0,52,0
2020-12-02,Amador,005,37829,1060,585,3,588,16
2020-12-02,Butte,007,227075,4758,4243,276,4519,65
2020-12-02,Calaveras,009,45235,619,553,0,553,21
2020-12-02,Colusa,011,21464,902,756,16,772,6
2020-12-02,Contra Costa,013,1133247,27588,25147,197,25344,264
2020-12-02,Del Norte,015,27424,451,384,0,384,2
2020-12-02,El Dorado,017,186661,3530,2638,63,2701,5
2020-12-02,Fresno,019,978130,46961,39324,1871,41195,507
2020-12-02,Glenn,021,27897,1129,995,66,1061,7
2020-12-02,Humboldt,023,135768,1113,899,4,903,9
2020-12-02,Imperial,025,180216,17610,16360,159,16519,356
2020-12-02,Inyo,027,18085,354,314,6,320,15
2020-12-02,Kern,029,883053,45536,41660,1891,43551,479
2020-12-02,Kings,031,150075,12578,11531,255,11786,86
2020-12-02,Lake,033,64148,1160,971,0,971,20
2020-12-02,Lassen,035,31185,2694,2115,9,2124,0
2020-12-02,Los Angeles,037,10098052,452901,408289,7773,416062,7739
2020-12-02,Madera,039,155013,7287,6370,203,6573,57
2020-12-02,Marin,041,260295,8144,7819,38,7857,136
2020-12-02,Mariposa,043,17540,163,131,2,133,2
2020-12-02,Mendocino,045,87422,1709,1524,10,1534,23
2020-12-02,Merced,047,269075,13271,12168,153,12321,173
2020-12-02,Modoc,049,8938,148,113,28,141,0
2020-12-02,Mono,051,14174,617,520,10,530,3
2020-12-02,Monterey,053,433212,17739,16064,317,16381,121
2020-12-02,Napa,055,140530,3822,3298,20,3318,19
2020-12-02,Nevada,057,99092,1810,1430,48,1478,9
2020-12-02,Orange,059,3164182,92147,81046,2874,83920,1569
2020-12-02,Placer,061,380077,9049,6941,199,7140,73
2020-12-02,Plumas,063,18699,272,218,0,218,0
2020-12-02,Riverside,065,2383286,107324,90089,2727,92816,1451
2020-12-02,Sacramento,067,1510023,43706,39334,177,39511,597
2020-12-02,San Benito,069,59416,2171,1921,15,1936,16
2020-12-02,San Bernardino,071,2135413,115388,98567,2301,100868,1240
2020-12-02,San Diego,073,3302833,95160,84640,3748,88388,1035
2020-12-02,San Francisco,075,870044,17227,16058,130,16188,157
2020-12-02,San Joaquin,077,732212,30223,26740,632,27372,519
2020-12-02,San Luis Obispo,079,281455,7212,6324,125,6449,42
2020-12-02,San Mateo,081,765935,16523,14757,19,14776,170
2020-12-02,Santa Barbara,083,443738,12538,11705,237,11942,140
2020-12-02,Santa Clara,085,1922200,42659,35878,119,35997,458
2020-12-02,Santa Cruz,087,273765,5545,4766,82,4848,27
2020-12-02,Shasta,089,179085,6233,5188,306,5494,47
2020-12-02,Sierra,091,2930,19,17,0,17,0
2020-12-02,Siskiyou,093,43540,754,624,51,675,1
2020-12-02,Solano,095,438530,11958,10701,93,10794,87
2020-12-02,Sonoma,097,501317,13790,12635,83,12718,163
2020-12-02,Stanislaus,099,539301,24625,22615,1688,24303,448
2020-12-02,Sutter,101,95872,4274,3604,14,3618,18
2020-12-02,Tehama,103,63373,2041,1800,82,1882,9
2020-12-02,Trinity,105,12862,312,165,38,203,0
2020-12-02,Tulare,107,460477,23970,21789,1875,23664,321
2020-12-02,Tuolumne,109,53932,1314,1076,9,1085,7
2020-12-02,Ventura,111,848112,24073,21208,755,21963,186
2020-12-02,Yolo,113,214977,5713,5053,20,5073,87
2020-12-02,Yuba,115,75493,2439,2119,17,2136,10
2020-12-01,Alameda,001,1643700,33788,30252,430,30682,460
2020-12-01,Alpine,003,1148,56,41,0,41,0
2020-12-01,Amador,005,37829,913,575,2,577,16
2020-12-01,Butte,007,227075,4652,4177,262,4439,65
2020-12-01,Calaveras,009,45235,601,544,0,544,21
2020-12-01,Colusa,011,21464,885,747,16,763,6
2020-12-01,Contra Costa,013,1133247,27017,24788,189,24977,264
2020-12-01,Del Norte,015,27424,423,357,0,357,2
2020-12-01,El Dorado,017,186661,3385,2542,58,2600,4
2020-12-01,Fresno,019,978130,46059,39004,1794,40798,505
2020-12-01,Glenn,021,27897,1108,989,62,1051,7
2020-12-01,Humboldt,023,135768,1083,886,4,890,9
2020-12-01,Imperial,025,180216,17294,16278,156,16434,356
2020-12-01,Inyo,027,18085,347,304,6,310,15
2020-12-01,Kern,029,883053,44734,41345,1760,43105,478
2020-12-01,Kings,031,150075,12263,11415,241,11656,86
2020-12-01,Lake,033,64148,1141,969,0,969,19
2020-12-01,Lassen,035,31185,2528,2047,8,2055,0
2020-12-01,Los Angeles,037,10098052,442528,403266,7455,410721,7704
2020-12-01,Madera,039,155013,7170,6270,193,6463,57
2020-12-01,Marin,041,260295,8074,7787,37,7824,136
2020-12-01,Mariposa,043,17540,158,128,2,130,2
2020-12-01,Mendocino,045,87422,1675,1497,10,1507,23
2020-12-01,Merced,047,269075,13028,12032,144,12176,172
2020-12-01,Modoc,049,8938,143,113,24,137,0
2020-12-01,Mono,051,14174,604,520,10,530,3
2020-12-01,Monterey,053,433212,17232,15835,306,16141,121
2020-12-01,Napa,055,140530,3738,3124,19,3143,19
2020-12-01,Nevada,057,99092,1748,1411,47,1458,9
2020-12-01,Orange,059,3164182,90046,79468,2785,82253,1567
2020-12-01,Placer,061,380077,8725,6794,192,6986,72
2020-12-01,Plumas,063,18699,260,201,0,201,0
2020-12-01,Riverside,065,2383286,104515,88530,2565,91095,1448
2020-12-01,Sacramento,067,1510023,42657,38966,173,39139,589
2020-12-01,San Benito,069,59416,2116,1888,15,1903,15
2020-12-01,San Bernardino,071,2135413,111917,95854,2177,98031,1220
2020-12-01,San Diego,073,3302833,92903,83423,3638,87061,1019
2020-12-01,San Francisco,075,870044,16944,15797,126,15923,157
2020-12-01,San Joaquin,077,732212,29424,26432,611,27043,514
2020-12-01,San Luis Obispo,079,281455,7070,6264,120,6384,40
2020-12-01,San Mateo,081,765935,16198,14495,19,14514,170
2020-12-01,Santa Barbara,083,443738,12399,11611,227,11838,140
2020-12-01,Santa Clara,085,1922200,41404,35397,113,35510,452
2020-12-01,Santa Cruz,087,273765,5387,4638,74,4712,27
2020-12-01,Shasta,089,179085,6108,5077,286,5363,47
2020-12-01,Sierra,091,2930,19,17,0,17,0
2020-12-01,Siskiyou,093,43540,740,608,47,655,1
2020-12-01,Solano,095,438530,11698,10604,88,10692,87
2020-12-01,Sonoma,097,501317,13586,12491,80,12571,163
2020-12-01,Stanislaus,099,539301,24168,22351,1631,23982,447
2020-12-01,Sutter,101,95872,4132,3538,14,3552,17
2020-12-01,Tehama,103,63373,1975,1773,72,1845,9
2020-12-01,Trinity,105,12862,298,165,32,197,0
2020-12-01,Tulare,107,460477,23515,21645,1806,23451,319
2020-12-01,Tuolumne,109,53932,1278,1052,7,1059,7
2020-12-01,Ventura,111,848112,23460,20604,733,21337,186
2020-12-01,Yolo,113,214977,5573,4928,20,4948,86
2020-12-01,Yuba,115,75493,2373,2088,16,2104,10
2020-11-30,Alameda,001,1643700,32968,29972,413,30385,457
2020-11-30,Alpine,003,1148,54,41,0,41,0
2020-11-30,Amador,005,37829,872,559,2,561,16
2020-11-30,Butte,007,227075,4534,4148,246,4394,65
2020-11-30,Calaveras,009,45235,579,478,0,478,21
2020-11-30,Colusa,011,21464,858,737,12,749,6
2020-11-30,Contra Costa,013,1133247,26434,24365,185,24550,264
2020-11-30,Del Norte,015,27424,400,339,0,339,2
2020-11-30,El Dorado,017,186661,3211,2488,52,2540,4
2020-11-30,Fresno,019,978130,44949,38712,1680,40392,500
2020-11-30,Glenn,021,27897,1085,954,57,1011,5
2020-11-30,Humboldt,023,135768,1036,870,4,874,9
2020-11-30,Imperial,025,180216,17041,16212,135,16347,356
2020-11-30,Inyo,027,18085,342,304,5,309,15
2020-11-30,Kern,029,883053,43973,40941,1625,42566,473
2020-11-30,Kings,031,150075,12115,11346,226,11572,85
2020-11-30,Lake,033,64148,1109,939,0,939,18
2020-11-30,Lassen,035,31185,2436,1793,8,1801,0
2020-11-30,Los Angeles,037,10098052,431855,396202,7126,403328,7658
2020-11-30,Madera,039,155013,7004,6210,179,6389,57
2020-11-30,Marin,041,260295,8031,7764,36,7800,136
2020-11-30,Mariposa,043,17540,151,123,2,125,2
2020-11-30,Mendocino,045,87422,1647,1482,10,1492,23
2020-11-30,Merced,047,269075,12753,11913,133,12046,172
2020-11-30,Modoc,049,8938,133,113,24,137,0
2020-11-30,Mono,051,14174,582,519,10,529,3
2020-11-30,Monterey,053,433212,16802,15837,298,16135,119
2020-11-30,Napa,055,140530,3638,3091,19,3110,18
2020-11-30,Nevada,057,99092,1662,1347,44,1391,9
2020-11-30,Orange,059,3164182,87937,78711,2688,81399,1568
2020-11-30,Placer,061,380077,8429,6575,179,6754,72
2020-11-30,Plumas,063,18699,249,192,0,192,0
2020-11-30,Riverside,065,2383286,101521,87722,2418,90140,1446
2020-11-30,Sacramento,067,1510023,41577,37834,164,37998,586
2020-11-30,San Benito,069,59416,2069,1875,14,1889,15
2020-11-30,San Bernardino,071,2135413,108184,92704,2065,94769,1220
2020-11-30,San Diego,073,3302833,90540,82045,3511,85556,997
2020-11-30,San Francisco,075,870044,16645,15638,123,15761,157
2020-11-30,San Joaquin,077,732212,28716,25742,585,26327,509
2020-11-30,San Luis Obispo,079,281455,6936,6224,118,6342,36
2020-11-30,San Mateo,081,765935,15839,14276,19,14295,170
2020-11-30,Santa Barbara,083,443738,12221,11572,219,11791,140
2020-11-30,Santa Clara,085,1922200,40196,35019,112,35131,451
2020-11-30,Santa Cruz,087,273765,5249,4558,70,4628,26
2020-11-30,Shasta,089,179085,5963,4933,257,5190,44
2020-11-30,Sierra,091,2930,19,16,0,16,0
2020-11-30,Siskiyou,093,43540,731,605,43,648,1
2020-11-30,Solano,095,438530,11436,10392,83,10475,87
2020-11-30,Sonoma,097,501317,13341,12232,76,12308,163
2020-11-30,Stanislaus,099,539301,23705,22110,1587,23697,446
2020-11-30,Sutter,101,95872,3976,3430,13,3443,16
2020-11-30,Tehama,103,63373,1926,1724,65,1789,9
2020-11-30,Trinity,105,12862,292,162,32,194,0
2020-11-30,Tulare,107,460477,23129,20833,1712,22545,319
2020-11-30,Tuolumne,109,53932,1234,1027,7,1034,7
2020-11-30,Ventura,111,848112,22704,20308,717,21025,180
2020-11-30,Yolo,113,214977,5462,4894,20,4914,81
2020-11-30,Yuba,115,75493,2312,2028,14,2042,10
2020-11-29,Alameda,001,1643700,32181,29918,389,30307,457
2020-11-29,Alpine,003,1148,51,41,0,41,0
2020-11-29,Amador,005,37829,721,548,2,550,16
2020-11-29,Butte,007,227075,4432,4008,229,4237,65
2020-11-29,Calaveras,009,45235,548,478,0,478,21
2020-11-29,Colusa,011,21464,829,723,8,731,6
2020-11-29,Contra Costa,013,1133247,25931,24165,179,24344,264
2020-11-29,Del Norte,015,27424,394,339,0,339,2
2020-11-29,El Dorado,017,186661,3080,2447,50,2497,4
2020-11-29,Fresno,019,978130,43998,38568,1608,40176,500
2020-11-29,Glenn,021,27897,1062,951,55,1006,4
2020-11-29,Humboldt,023,135768,1007,856,4,860,9
2020-11-29,Imperial,025,180216,16811,16138,108,16246,356
2020-11-29,Inyo,027,18085,327,289,5,294,15
2020-11-29,Kern,029,883053,43210,40596,1477,42073,473
2020-11-29,Kings,031,150075,11964,11247,208,11455,85
2020-11-29,Lake,033,64148,1085,927,0,927,18
2020-11-29,Lassen,035,31185,2333,1793,8,1801,0
2020-11-29,Los Angeles,037,10098052,421445,391162,6829,397991,7642
2020-11-29,Madera,039,155013,6861,6184,173,6357,57
2020-11-29,Marin,041,260295,7965,7739,33,7772,135
2020-11-29,Mariposa,043,17540,147,123,2,125,2
2020-11-29,Mendocino,045,87422,1613,1473,10,1483,23
2020-11-29,Merced,047,269075,12514,11773,124,11897,172
2020-11-29,Modoc,049,8938,129,105,22,127,0
2020-11-29,Mono,051,14174,559,515,9,524,3
2020-11-29,Monterey,053,433212,16489,15621,291,15912,119
2020-11-29,Napa,055,140530,3533,3090,18,3108,18
2020-11-29,Nevada,057,99092,1582,1311,42,1353,9
2020-11-29,Orange,059,3164182,85918,78057,2641,80698,1567
2020-11-29,Placer,061,380077,8131,6535,167,6702,72
2020-11-29,Plumas,063,18699,244,191,0,191,0
2020-11-29,Riverside,065,2383286,99127,87383,2264,89647,1442
2020-11-29,Sacramento,067,1510023,40499,37415,155,37570,585
2020-11-29,San Benito,069,59416,2025,1860,14,1874,15
2020-11-29,San Bernardino,071,2135413,104838,92052,1949,94001,1223
2020-11-29,San Diego,073,3302833,88129,81086,3358,84444,997
2020-11-29,San Francisco,075,870044,16364,15571,116,15687,153
2020-11-29,San Joaquin,077,732212,27971,25740,579,26319,509
2020-11-29,San Luis Obispo,079,281455,6813,6145,118,6263,36
2020-11-29,San Mateo,081,765935,15507,14177,19,14196,169
2020-11-29,Santa Barbara,083,443738,12066,11520,215,11735,140
2020-11-29,Santa Clara,085,1922200,38990,34234,106,34340,451
2020-11-29,Santa Cruz,087,273765,5090,4490,68,4558,26
2020-11-29,Shasta,089,179085,5791,4935,229,5164,43
2020-11-29,Sierra,091,2930,19,16,0,16,0
2020-11-29,Siskiyou,093,43540,708,590,41,631,1
2020-11-29,Solano,095,438530,11204,10393,79,10472,87
2020-11-29,Sonoma,097,501317,13089,12052,72,12124,163
2020-11-29,Stanislaus,099,539301,23209,21701,1553,23254,446
2020-11-29,Sutter,101,95872,3861,3297,13,3310,16
2020-11-29,Tehama,103,63373,1875,1710,51,1761,9
2020-11-29,Trinity,105,12862,289,159,30,189,0
2020-11-29,Tulare,107,460477,22760,20793,1635,22428,319
2020-11-29,Tuolumne,109,53932,1197,988,7,995,7
2020-11-29,Ventura,111,848112,22020,19952,704,20656,179
2020-11-29,Yolo,113,214977,5324,4830,19,4849,80
2020-11-29,Yuba,115,75493,2256,1959,14,1973,10
2020-11-28,Alameda,001,1643700,31872,29368,384,29752,456
2020-11-28,Alpine,003,1148,51,41,0,41,0
2020-11-28,Amador,005,37829,644,536,2,538,16
2020-11-28,Butte,007,227075,4374,3894,225,4119,65
2020-11-28,Calaveras,009,45235,543,478,0,478,21
2020-11-28,Colusa,011,21464,820,711,6,717,6
2020-11-28,Contra Costa,013,1133247,25599,23798,175,23973,264
2020-11-28,Del Norte,015,27424,384,328,0,328,2
2020-11-28,El Dorado,017,186661,3012,2415,44,2459,4
2020-11-28,Fresno,019,978130,43651,38288,1569,39857,500
2020-11-28,Glenn,021,27897,1051,925,51,976,4
2020-11-28,Humboldt,023,135768,972,844,4,848,9
2020-11-28,Imperial,025,180216,16745,16019,106,16125,356
2020-11-28,Inyo,027,18085,319,289,5,294,15
2020-11-28,Kern,029,883053,42847,40255,1388,41643,473
2020-11-28,Kings,031,150075,11899,11070,201,11271,85
2020-11-28,Lake,033,64148,1070,920,0,920,18
2020-11-28,Lassen,035,31185,2266,1714,8,1722,0
2020-11-28,Los Angeles,037,10098052,416529,386194,6671,392865,7625
2020-11-28,Madera,039,155013,6759,6119,166,6285,57
2020-11-28,Marin,041,260295,7935,7696,29,7725,135
2020-11-28,Mariposa,043,17540,144,120,2,122,2
2020-11-28,Mendocino,045,87422,1582,1458,10,1468,22
2020-11-28,Merced,047,269075,12416,11688,118,11806,172
2020-11-28,Modoc,049,8938,126,103,22,125,0
2020-11-28,Mono,051,14174,553,505,9,514,3
2020-11-28,Monterey,053,433212,16323,15328,287,15615,118
2020-11-28,Napa,055,140530,3481,3033,18,3051,18
2020-11-28,Nevada,057,99092,1553,1272,40,1312,9
2020-11-28,Orange,059,3164182,84820,76882,2594,79476,1568
2020-11-28,Placer,061,380077,7970,6497,164,6661,70
2020-11-28,Plumas,063,18699,237,188,0,188,0
2020-11-28,Riverside,065,2383286,97718,86854,2161,89015,1440
2020-11-28,Sacramento,067,1510023,39921,36905,151,37056,580
2020-11-28,San Benito,069,59416,1979,1835,14,1849,15
2020-11-28,San Bernardino,071,2135413,103435,91183,1846,93029,1224
2020-11-28,San Diego,073,3302833,86875,80020,3274,83294,997
2020-11-28,San Francisco,075,870044,16188,15450,108,15558,153
2020-11-28,San Joaquin,077,732212,27770,25742,564,26306,509
2020-11-28,San Luis Obispo,079,281455,6743,6106,114,6220,36
2020-11-28,San Mateo,081,765935,15317,14040,19,14059,169
2020-11-28,Santa Barbara,083,443738,11964,11481,210,11691,140
2020-11-28,Santa Clara,085,1922200,38245,33701,104,33805,449
2020-11-28,Santa Cruz,087,273765,5013,4426,68,4494,26
2020-11-28,Shasta,089,179085,5714,4882,222,5104,43
2020-11-28,Sierra,091,2930,19,16,0,16,0
2020-11-28,Siskiyou,093,43540,698,558,38,596,1
2020-11-28,Solano,095,438530,11085,10252,77,10329,87
2020-11-28,Sonoma,097,501317,12985,12008,63,12071,162
2020-11-28,Stanislaus,099,539301,22970,21574,1518,23092,446
2020-11-28,Sutter,101,95872,3777,3244,13,3257,15
2020-11-28,Tehama,103,63373,1856,1678,46,1724,9
2020-11-28,Trinity,105,12862,286,157,28,185,0
2020-11-28,Tulare,107,460477,22563,20701,1593,22294,319
2020-11-28,Tuolumne,109,53932,1175,976,7,983,7
2020-11-28,Ventura,111,848112,21722,19510,694,20204,179
2020-11-28,Yolo,113,214977,5250,4739,17,4756,80
2020-11-28,Yuba,115,75493,2203,1912,14,1926,10
2020-11-27,Alameda,001,1643700,31432,29064,373,29437,450
2020-11-27,Alpine,003,1148,51,41,0,41,0
2020-11-27,Amador,005,37829,597,498,1,499,16
2020-11-27,Butte,007,227075,4333,3894,219,4113,65
2020-11-27,Calaveras,009,45235,534,478,0,478,21
2020-11-27,Colusa,011,21464,803,694,4,698,6
2020-11-27,Contra Costa,013,1133247,25339,23463,169,23632,264
2020-11-27,Del Norte,015,27424,378,307,0,307,2
2020-11-27,El Dorado,017,186661,2941,2238,41,2279,4
2020-11-27,Fresno,019,978130,43245,37994,1511,39505,500
2020-11-27,Glenn,021,27897,1038,891,46,937,4
2020-11-27,Humboldt,023,135768,953,795,3,798,9
2020-11-27,Imperial,025,180216,16677,15960,97,16057,356
2020-11-27,Inyo,027,18085,313,289,5,294,15
2020-11-27,Kern,029,883053,42424,39707,1318,41025,473
2020-11-27,Kings,031,150075,11813,10667,183,10850,85
2020-11-27,Lake,033,64148,1034,909,0,909,18
2020-11-27,Lassen,035,31185,2254,1714,8,1722,0
2020-11-27,Los Angeles,037,10098052,410019,382740,6517,389257,7606
2020-11-27,Madera,039,155013,6687,6050,160,6210,57
2020-11-27,Marin,041,260295,7892,7660,29,7689,135
2020-11-27,Mariposa,043,17540,142,118,2,120,2
2020-11-27,Mendocino,045,87422,1568,1387,9,1396,22
2020-11-27,Merced,047,269075,12310,11550,111,11661,172
2020-11-27,Modoc,049,8938,125,100,22,122,0
2020-11-27,Mono,051,14174,549,498,9,507,3
2020-11-27,Monterey,053,433212,16155,14753,287,15040,113
2020-11-27,Napa,055,140530,3441,2988,18,3006,18
2020-11-27,Nevada,057,99092,1523,1184,38,1222,9
2020-11-27,Orange,059,3164182,83531,75151,2555,77706,1568
2020-11-27,Placer,061,380077,7810,6283,154,6437,68
2020-11-27,Plumas,063,18699,234,188,0,188,0
2020-11-27,Riverside,065,2383286,96108,85769,2008,87777,1440
2020-11-27,Sacramento,067,1510023,39300,36579,147,36726,579
2020-11-27,San Benito,069,59416,1945,1805,13,1818,15
2020-11-27,San Bernardino,071,2135413,101919,90254,1764,92018,1224
2020-11-27,San Diego,073,3302833,85681,78161,3185,81346,996
2020-11-27,San Francisco,075,870044,16032,15377,106,15483,153
2020-11-27,San Joaquin,077,732212,27549,25741,544,26285,509
2020-11-27,San Luis Obispo,079,281455,6660,6039,111,6150,36
2020-11-27,San Mateo,081,765935,15115,13872,18,13890,169
2020-11-27,Santa Barbara,083,443738,11871,11340,207,11547,140
2020-11-27,Santa Clara,085,1922200,37569,32935,97,33032,449
2020-11-27,Santa Cruz,087,273765,4942,4358,66,4424,26
2020-11-27,Shasta,089,179085,5637,4710,209,4919,43
2020-11-27,Sierra,091,2930,18,16,0,16,0
2020-11-27,Siskiyou,093,43540,683,554,35,589,1
2020-11-27,Solano,095,438530,10966,10044,74,10118,87
2020-11-27,Sonoma,097,501317,12852,11924,61,11985,162
2020-11-27,Stanislaus,099,539301,22742,21185,1488,22673,446
2020-11-27,Sutter,101,95872,3709,3101,13,3114,15
2020-11-27,Tehama,103,63373,1828,1649,42,1691,9
2020-11-27,Trinity,105,12862,282,151,28,179,0
2020-11-27,Tulare,107,460477,22375,20634,1536,22170,319
2020-11-27,Tuolumne,109,53932,1143,881,7,888,7
2020-11-27,Ventura,111,848112,21398,19379,672,20051,179
2020-11-27,Yolo,113,214977,5200,4737,17,4754,79
2020-11-27,Yuba,115,75493,2174,1864,13,1877,10
2020-11-26,Alameda,001,1643700,31019,28797,355,29152,447
2020-11-26,Alpine,003,1148,51,41,0,41,0
2020-11-26,Amador,005,37829,589,488,1,489,16
2020-11-26,Butte,007,227075,4270,3894,213,4107,65
2020-11-26,Calaveras,009,45235,507,478,0,478,21
2020-11-26,Colusa,011,21464,789,694,4,698,6
2020-11-26,Contra Costa,013,1133247,25006,23468,163,23631,264
2020-11-26,Del Norte,015,27424,367,307,0,307,2
2020-11-26,El Dorado,017,186661,2860,2217,39,2256,4
2020-11-26,Fresno,019,978130,42839,37724,1466,39190,500
2020-11-26,Glenn,021,27897,1022,892,44,936,4
2020-11-26,Humboldt,023,135768,930,795,2,797,9
2020-11-26,Imperial,025,180216,16566,15722,93,15815,355
2020-11-26,Inyo,027,18085,312,289,5,294,15
2020-11-26,Kern,029,883053,41974,39123,1256,40379,471
2020-11-26,Kings,031,150075,11758,10475,171,10646,85
2020-11-26,Lake,033,64148,1021,890,0,890,18
2020-11-26,Lassen,035,31185,2239,1714,8,1722,0
2020-11-26,Los Angeles,037,10098052,404862,378340,6282,384622,7581
2020-11-26,Madera,039,155013,6612,6003,154,6157,57
2020-11-26,Marin,041,260295,7855,7610,29,7639,135
2020-11-26,Mariposa,043,17540,137,116,2,118,2
2020-11-26,Mendocino,045,87422,1554,1387,7,1394,22
2020-11-26,Merced,047,269075,12163,11440,109,11549,172
2020-11-26,Modoc,049,8938,123,100,22,122,0
2020-11-26,Mono,051,14174,541,485,9,494,2
2020-11-26,Monterey,053,433212,15919,14750,279,15029,113
2020-11-26,Napa,055,140530,3377,2988,18,3006,18
2020-11-26,Nevada,057,99092,1478,1184,38,1222,9
2020-11-26,Orange,059,3164182,82144,74264,2493,76757,1563
2020-11-26,Placer,061,380077,7648,6278,145,6423,68
2020-11-26,Plumas,063,18699,226,188,0,188,0
2020-11-26,Riverside,065,2383286,94504,85774,1884,87658,1440
2020-11-26,Sacramento,067,1510023,38658,35854,139,35993,580
2020-11-26,San Benito,069,59416,1918,1769,13,1782,15
2020-11-26,San Bernardino,071,2135413,100265,89727,1672,91399,1223
2020-11-26,San Diego,073,3302833,84071,76359,3081,79440,996
2020-11-26,San Francisco,075,870044,15897,15156,103,15259,153
2020-11-26,San Joaquin,077,732212,27292,25738,532,26270,509
2020-11-26,San Luis Obispo,079,281455,6567,5964,108,6072,36
2020-11-26,San Mateo,081,765935,14926,13715,17,13732,169
2020-11-26,Santa Barbara,083,443738,11790,11277,206,11483,139
2020-11-26,Santa Clara,085,1922200,36926,32411,89,32500,446
2020-11-26,Santa Cruz,087,273765,4811,4269,60,4329,26
2020-11-26,Shasta,089,179085,5554,4712,198,4910,43
2020-11-26,Sierra,091,2930,18,15,0,15,0
2020-11-26,Siskiyou,093,43540,673,526,34,560,1
2020-11-26,Solano,095,438530,10823,9941,72,10013,87
2020-11-26,Sonoma,097,501317,12704,11922,59,11981,162
2020-11-26,Stanislaus,099,539301,22510,21186,1447,22633,445
2020-11-26,Sutter,101,95872,3615,3101,12,3113,15
2020-11-26,Tehama,103,63373,1785,1612,39,1651,9
2020-11-26,Trinity,105,12862,278,139,28,167,0
2020-11-26,Tulare,107,460477,22136,20649,1472,22121,319
2020-11-26,Tuolumne,109,53932,1115,871,7,878,7
2020-11-26,Ventura,111,848112,20902,19058,658,19716,179
2020-11-26,Yolo,113,214977,5113,4566,17,4583,76
2020-11-26,Yuba,115,75493,2114,1865,11,1876,10
2020-11-25,Alameda,001,1643700,30804,28378,347,28725,447
2020-11-25,Alpine,003,1148,51,41,0,41,0
2020-11-25,Amador,005,37829,579,484,1,485,16
2020-11-25,Butte,007,227075,4239,3848,210,4058,64
2020-11-25,Calaveras,009,45235,504,475,0,475,21
2020-11-25,Colusa,011,21464,772,693,4,697,6
2020-11-25,Contra Costa,013,1133247,24851,23307,162,23469,263
2020-11-25,Del Norte,015,27424,366,304,0,304,2
2020-11-25,El Dorado,017,186661,2824,2154,39,2193,4
2020-11-25,Fresno,019,978130,42606,37349,1444,38793,494
2020-11-25,Glenn,021,27897,1005,891,42,933,4
2020-11-25,Humboldt,023,135768,922,777,2,779,9
2020-11-25,Imperial,025,180216,16495,15640,92,15732,355
2020-11-25,Inyo,027,18085,310,289,5,294,15
2020-11-25,Kern,029,883053,41818,38878,1237,40115,467
2020-11-25,Kings,031,150075,11723,10417,167,10584,85
2020-11-25,Lake,033,64148,1004,878,0,878,18
2020-11-25,Lassen,035,31185,2196,1701,8,1709,0
2020-11-25,Los Angeles,037,10098052,401831,373919,6180,380099,7545
2020-11-25,Madera,039,155013,6590,5989,151,6140,57
2020-11-25,Marin,041,260295,7828,7601,28,7629,135
2020-11-25,Mariposa,043,17540,136,114,2,116,2
2020-11-25,Mendocino,045,87422,1535,1373,7,1380,22
2020-11-25,Merced,047,269075,12105,11346,109,11455,172
2020-11-25,Modoc,049,8938,123,96,22,118,0
2020-11-25,Mono,051,14174,536,487,9,496,2
2020-11-25,Monterey,053,433212,15803,14695,277,14972,113
2020-11-25,Napa,055,140530,3344,2945,18,2963,17
2020-11-25,Nevada,057,99092,1460,1170,36,1206,9
2020-11-25,Orange,059,3164182,81389,73014,2473,75487,1551
2020-11-25,Placer,061,380077,7571,6221,144,6365,68
2020-11-25,Plumas,063,18699,221,183,0,183,0
2020-11-25,Riverside,065,2383286,93961,85077,1866,86943,1438
2020-11-25,Sacramento,067,1510023,38322,35687,136,35823,574
2020-11-25,San Benito,069,59416,1895,1764,13,1777,15
2020-11-25,San Bernardino,071,2135413,99425,88469,1643,90112,1225
2020-11-25,San Diego,073,3302833,83414,75307,3045,78352,988
2020-11-25,San Francisco,075,870044,15792,15053,101,15154,153
2020-11-25,San Joaquin,077,732212,27165,25556,520,26076,515
2020-11-25,San Luis Obispo,079,281455,6524,5913,107,6020,34
2020-11-25,San Mateo,081,765935,14811,13614,17,13631,170
2020-11-25,Santa Barbara,083,443738,11740,11183,206,11389,138
2020-11-25,Santa Clara,085,1922200,36480,32032,88,32120,442
2020-11-25,Santa Cruz,087,273765,4758,4202,59,4261,25
2020-11-25,Shasta,089,179085,5508,4588,191,4779,43
2020-11-25,Sierra,091,2930,18,15,0,15,0
2020-11-25,Siskiyou,093,43540,666,499,34,533,1
2020-11-25,Solano,095,438530,10718,9832,71,9903,87
2020-11-25,Sonoma,097,501317,12641,11775,58,11833,162
2020-11-25,Stanislaus,099,539301,22379,21022,1420,22442,445
2020-11-25,Sutter,101,95872,3571,3064,12,3076,14
2020-11-25,Tehama,103,63373,1773,1587,33,1620,9
2020-11-25,Trinity,105,12862,276,135,28,163,0
2020-11-25,Tulare,107,460477,22046,20528,1441,21969,318
2020-11-25,Tuolumne,109,53932,1098,842,7,849,7
2020-11-25,Ventura,111,848112,20807,18914,652,19566,179
2020-11-25,Yolo,113,214977,5077,4527,17,4544,76
2020-11-25,Yuba,115,75493,2088,1840,11,1851,10
2020-11-24,Alameda,001,1643700,30325,28030,336,28366,444
2020-11-24,Alpine,003,1148,51,41,0,41,0
2020-11-24,Amador,005,37829,554,470,1,471,16
2020-11-24,Butte,007,227075,4154,3798,202,4000,63
2020-11-24,Calaveras,009,45235,497,466,0,466,21
2020-11-24,Colusa,011,21464,754,682,4,686,6
2020-11-24,Contra Costa,013,1133247,24499,23072,156,23228,259
2020-11-24,Del Norte,015,27424,357,298,0,298,2
2020-11-24,El Dorado,017,186661,2719,2005,38,2043,4
2020-11-24,Fresno,019,978130,42204,37021,1368,38389,493
2020-11-24,Glenn,021,27897,987,883,38,921,4
2020-11-24,Humboldt,023,135768,903,774,2,776,9
2020-11-24,Imperial,025,180216,16392,15600,87,15687,355
2020-11-24,Inyo,027,18085,309,282,5,287,15
2020-11-24,Kern,029,883053,41344,38551,1159,39710,465
2020-11-24,Kings,031,150075,11456,10338,154,10492,85
2020-11-24,Lake,033,64148,988,872,0,872,18
2020-11-24,Lassen,035,31185,2173,1657,8,1665,0
2020-11-24,Los Angeles,037,10098052,395519,370008,5946,375954,7501
2020-11-24,Madera,039,155013,6506,5881,145,6026,57
2020-11-24,Marin,041,260295,7781,7591,28,7619,135
2020-11-24,Mariposa,043,17540,126,114,1,115,2
2020-11-24,Mendocino,045,87422,1513,1346,6,1352,22
2020-11-24,Merced,047,269075,11917,11268,103,11371,171
2020-11-24,Modoc,049,8938,119,91,22,113,0
2020-11-24,Mono,051,14174,532,483,9,492,2
2020-11-24,Monterey,053,433212,15541,14354,265,14619,113
2020-11-24,Napa,055,140530,3278,2904,18,2922,17
2020-11-24,Nevada,057,99092,1396,1156,34,1190,9
2020-11-24,Orange,059,3164182,79948,71975,2392,74367,1547
2020-11-24,Placer,061,380077,7390,6147,137,6284,67
2020-11-24,Plumas,063,18699,218,180,0,180,0
2020-11-24,Riverside,065,2383286,92202,83685,1737,85422,1420
2020-11-24,Sacramento,067,1510023,37641,35097,129,35226,568
2020-11-24,San Benito,069,59416,1864,1740,12,1752,15
2020-11-24,San Bernardino,071,2135413,97086,86645,1541,88186,1226
2020-11-24,San Diego,073,3302833,82004,74363,2974,77337,984
2020-11-24,San Francisco,075,870044,15597,14874,97,14971,153
2020-11-24,San Joaquin,077,732212,26850,25318,492,25810,517
2020-11-24,San Luis Obispo,079,281455,6461,5805,106,5911,34
2020-11-24,San Mateo,081,765935,14602,13558,16,13574,170
2020-11-24,Santa Barbara,083,443738,11634,11154,204,11358,138
2020-11-24,Santa Clara,085,1922200,35691,31564,84,31648,438
2020-11-24,Santa Cruz,087,273765,4644,4132,58,4190,25
2020-11-24,Shasta,089,179085,5408,4410,172,4582,43
2020-11-24,Sierra,091,2930,18,15,0,15,0
2020-11-24,Siskiyou,093,43540,648,473,31,504,1
2020-11-24,Solano,095,438530,10547,9716,70,9786,86
2020-11-24,Sonoma,097,501317,12461,11644,55,11699,162
2020-11-24,Stanislaus,099,539301,22137,20830,1377,22207,438
2020-11-24,Sutter,101,95872,3465,2974,12,2986,14
2020-11-24,Tehama,103,63373,1724,1565,28,1593,9
2020-11-24,Trinity,105,12862,269,129,27,156,0
2020-11-24,Tulare,107,460477,21797,20319,1377,21696,315
2020-11-24,Tuolumne,109,53932,1069,832,7,839,7
2020-11-24,Ventura,111,848112,20426,18637,642,19279,179
2020-11-24,Yolo,113,214977,4993,4420,17,4437,76
2020-11-24,Yuba,115,75493,2037,1804,9,1813,10
2020-11-23,Alameda,001,1643700,29912,27718,324,28042,444
2020-11-23,Alpine,003,1148,49,41,0,41,0
2020-11-23,Amador,005,37829,513,457,1,458,16
2020-11-23,Butte,007,227075,4090,3765,196,3961,61
2020-11-23,Calaveras,009,45235,480,434,0,434,21
2020-11-23,Colusa,011,21464,740,662,4,666,6
2020-11-23,Contra Costa,013,1133247,24227,22674,151,22825,260
2020-11-23,Del Norte,015,27424,335,296,0,296,2
2020-11-23,El Dorado,017,186661,2599,2005,37,2042,4
2020-11-23,Fresno,019,978130,41756,36688,1306,37994,488
2020-11-23,Glenn,021,27897,961,853,38,891,4
2020-11-23,Humboldt,023,135768,890,746,2,748,9
2020-11-23,Imperial,025,180216,16223,15104,82,15186,355
2020-11-23,Inyo,027,18085,301,279,5,284,15
2020-11-23,Kern,029,883053,40831,38245,1096,39341,463
2020-11-23,Kings,031,150075,11036,10204,147,10351,85
2020-11-23,Lake,033,64148,965,840,0,840,18
2020-11-23,Lassen,035,31185,2093,1271,7,1278,0
2020-11-23,Los Angeles,037,10098052,389417,366374,5698,372072,7447
2020-11-23,Madera,039,155013,6380,5787,141,5928,56
2020-11-23,Marin,041,260295,7739,7543,28,7571,135
2020-11-23,Mariposa,043,17540,125,97,1,98,2
2020-11-23,Mendocino,045,87422,1483,1330,6,1336,22
2020-11-23,Merced,047,269075,11729,11148,100,11248,169
2020-11-23,Modoc,049,8938,105,91,21,112,0
2020-11-23,Mono,051,14174,519,480,9,489,2
2020-11-23,Monterey,053,433212,15262,14265,259,14524,112
2020-11-23,Napa,055,140530,3212,2811,17,2828,17
2020-11-23,Nevada,057,99092,1307,1087,34,1121,9
2020-11-23,Orange,059,3164182,78544,71074,2346,73420,1546
2020-11-23,Placer,061,380077,7188,5999,136,6135,66
2020-11-23,Plumas,063,18699,214,172,0,172,0
2020-11-23,Riverside,065,2383286,90423,82175,1672,83847,1415
2020-11-23,Sacramento,067,1510023,37071,34141,122,34263,556
2020-11-23,San Benito,069,59416,1837,1729,11,1740,15
2020-11-23,San Bernardino,071,2135413,94978,84387,1477,85864,1224
2020-11-23,San Diego,073,3302833,80541,72817,2886,75703,968
2020-11-23,San Francisco,075,870044,15439,14646,95,14741,153
2020-11-23,San Joaquin,077,732212,26501,24622,488,25110,517
2020-11-23,San Luis Obispo,079,281455,6379,5772,104,5876,34
2020-11-23,San Mateo,081,765935,14412,13364,16,13380,170
2020-11-23,Santa Barbara,083,443738,11527,10944,200,11144,137
2020-11-23,Santa Clara,085,1922200,35040,31064,81,31145,435
2020-11-23,Santa Cruz,087,273765,4534,4003,54,4057,25
2020-11-23,Shasta,089,179085,5290,4100,160,4260,43
2020-11-23,Sierra,091,2930,17,15,0,15,0
2020-11-23,Siskiyou,093,43540,621,460,30,490,0
2020-11-23,Solano,095,438530,10390,9394,67,9461,86
2020-11-23,Sonoma,097,501317,12288,11507,51,11558,160
2020-11-23,Stanislaus,099,539301,21844,20487,1344,21831,436
2020-11-23,Sutter,101,95872,3328,2840,11,2851,14
2020-11-23,Tehama,103,63373,1674,1526,24,1550,9
2020-11-23,Trinity,105,12862,260,120,25,145,0
2020-11-23,Tulare,107,460477,21503,19818,1311,21129,315
2020-11-23,Tuolumne,109,53932,1029,774,7,781,7
2020-11-23,Ventura,111,848112,20051,18480,629,19109,179
2020-11-23,Yolo,113,214977,4912,4265,16,4281,75
2020-11-23,Yuba,115,75493,1970,1702,9,1711,10
2020-11-22,Alameda,001,1643700,29474,27472,313,27785,444
2020-11-22,Alpine,003,1148,46,41,0,41,0
2020-11-22,Amador,005,37829,501,450,1,451,16
2020-11-22,Butte,007,227075,4039,3712,189,3901,61
2020-11-22,Calaveras,009,45235,471,434,0,434,21
2020-11-22,Colusa,011,21464,722,642,3,645,6
2020-11-22,Contra Costa,013,1133247,23923,22407,146,22553,260
2020-11-22,Del Norte,015,27424,311,271,0,271,2
2020-11-22,El Dorado,017,186661,2489,1917,34,1951,4
2020-11-22,Fresno,019,978130,41274,36315,1251,37566,488
2020-11-22,Glenn,021,27897,939,832,34,866,4
2020-11-22,Humboldt,023,135768,874,729,2,731,9
2020-11-22,Imperial,025,180216,16017,15109,37,15146,355
2020-11-22,Inyo,027,18085,295,279,5,284,15
2020-11-22,Kern,029,883053,40252,37904,1062,38966,463
2020-11-22,Kings,031,150075,10937,10035,138,10173,85
2020-11-22,Lake,033,64148,943,834,0,834,18
2020-11-22,Lassen,035,31185,1928,1211,6,1217,0
2020-11-22,Los Angeles,037,10098052,383135,360341,5451,365792,7438
2020-11-22,Madera,039,155013,6300,5745,130,5875,56
2020-11-22,Marin,041,260295,7704,7506,27,7533,135
2020-11-22,Mariposa,043,17540,124,95,1,96,2
2020-11-22,Mendocino,045,87422,1459,1285,5,1290,22
2020-11-22,Merced,047,269075,11580,10939,100,11039,169
2020-11-22,Modoc,049,8938,104,87,19,106,0
2020-11-22,Mono,051,14174,504,481,9,490,2
2020-11-22,Monterey,053,433212,15021,13887,253,14140,111
2020-11-22,Napa,055,140530,3131,2778,17,2795,17
2020-11-22,Nevada,057,99092,1249,1052,34,1086,9
2020-11-22,Orange,059,3164182,77132,69913,2307,72220,1546
2020-11-22,Placer,061,380077,6961,5880,126,6006,66
2020-11-22,Plumas,063,18699,201,172,0,172,0
2020-11-22,Riverside,065,2383286,88828,81565,1611,83176,1409
2020-11-22,Sacramento,067,1510023,36339,33421,109,33530,555
2020-11-22,San Benito,069,59416,1808,1704,11,1715,15
2020-11-22,San Bernardino,071,2135413,92635,83505,1407,84912,1224
2020-11-22,San Diego,073,3302833,78804,71649,2811,74460,968
2020-11-22,San Francisco,075,870044,15268,14515,94,14609,153
2020-11-22,San Joaquin,077,732212,26201,24619,476,25095,517
2020-11-22,San Luis Obispo,079,281455,6271,5664,103,5767,34
2020-11-22,San Mateo,081,765935,14206,13228,16,13244,170
2020-11-22,Santa Barbara,083,443738,11392,10946,195,11141,137
2020-11-22,Santa Clara,085,1922200,34362,30633,79,30712,434
2020-11-22,Santa Cruz,087,273765,4452,3896,47,3943,25
2020-11-22,Shasta,089,179085,5134,4100,142,4242,43
2020-11-22,Sierra,091,2930,17,13,0,13,0
2020-11-22,Siskiyou,093,43540,590,411,30,441,0
2020-11-22,Solano,095,438530,10218,9363,63,9426,86
2020-11-22,Sonoma,097,501317,12130,11415,49,11464,159
2020-11-22,Stanislaus,099,539301,21517,20223,1314,21537,436
2020-11-22,Sutter,101,95872,3211,2677,11,2688,13
2020-11-22,Tehama,103,63373,1640,1457,19,1476,9
2020-11-22,Trinity,105,12862,254,114,25,139,0
2020-11-22,Tulare,107,460477,21250,19818,1241,21059,314
2020-11-22,Tuolumne,109,53932,1003,689,7,696,7
2020-11-22,Ventura,111,848112,19690,18105,615,18720,179
2020-11-22,Yolo,113,214977,4812,4206,16,4222,75
2020-11-22,Yuba,115,75493,1917,1672,9,1681,10
2020-11-21,Alameda,001,1643700,29287,27424,311,27735,444
2020-11-21,Alpine,003,1148,46,41,0,41,0
2020-11-21,Amador,005,37829,487,450,1,451,16
2020-11-21,Butte,007,227075,3991,3664,186,3850,61
2020-11-21,Calaveras,009,45235,463,434,0,434,21
2020-11-21,Colusa,011,21464,713,642,3,645,6
2020-11-21,Contra Costa,013,1133247,23770,22338,144,22482,260
2020-11-21,Del Norte,015,27424,306,271,0,271,2
2020-11-21,El Dorado,017,186661,2440,1900,33,1933,4
2020-11-21,Fresno,019,978130,41018,35973,1217,37190,482
2020-11-21,Glenn,021,27897,934,829,32,861,4
2020-11-21,Humboldt,023,135768,864,728,2,730,9
2020-11-21,Imperial,025,180216,15940,15053,37,15090,355
2020-11-21,Inyo,027,18085,293,283,5,288,15
2020-11-21,Kern,029,883053,39996,37403,1027,38430,463
2020-11-21,Kings,031,150075,10889,10019,134,10153,85
2020-11-21,Lake,033,64148,930,832,0,832,18
2020-11-21,Lassen,035,31185,1861,1211,6,1217,0
2020-11-21,Los Angeles,037,10098052,379954,357754,5308,363062,7428
2020-11-21,Madera,039,155013,6263,5706,130,5836,56
2020-11-21,Marin,041,260295,7681,7488,26,7514,134
2020-11-21,Mariposa,043,17540,124,92,1,93,2
2020-11-21,Mendocino,045,87422,1428,1282,5,1287,22
2020-11-21,Merced,047,269075,11519,10849,99,10948,169
2020-11-21,Modoc,049,8938,100,87,18,105,0
2020-11-21,Mono,051,14174,499,469,9,478,2
2020-11-21,Monterey,053,433212,14923,13886,248,14134,110
2020-11-21,Napa,055,140530,3097,2757,17,2774,17
2020-11-21,Nevada,057,99092,1237,1018,33,1051,9
2020-11-21,Orange,059,3164182,76331,69021,2277,71298,1543
2020-11-21,Placer,061,380077,6847,5778,123,5901,65
2020-11-21,Plumas,063,18699,196,172,0,172,0
2020-11-21,Riverside,065,2383286,88052,80676,1565,82241,1407
2020-11-21,Sacramento,067,1510023,35943,33133,101,33234,548
2020-11-21,San Benito,069,59416,1789,1691,11,1702,15
2020-11-21,San Bernardino,071,2135413,91759,83206,1331,84537,1222
2020-11-21,San Diego,073,3302833,78025,70711,2756,73467,966
2020-11-21,San Francisco,075,870044,15165,14445,93,14538,153
2020-11-21,San Joaquin,077,732212,26068,24620,461,25081,517
2020-11-21,San Luis Obispo,079,281455,6218,5618,100,5718,34
2020-11-21,San Mateo,081,765935,14105,13138,16,13154,170
2020-11-21,Santa Barbara,083,443738,11340,10922,192,11114,137
2020-11-21,Santa Clara,085,1922200,33978,30377,76,30453,433
2020-11-21,Santa Cruz,087,273765,4395,3898,47,3945,25
2020-11-21,Shasta,089,179085,5060,4095,139,4234,42
2020-11-21,Sierra,091,2930,17,13,0,13,0
2020-11-21,Siskiyou,093,43540,574,403,30,433,0
2020-11-21,Solano,095,438530,10128,9290,60,9350,86
2020-11-21,Sonoma,097,501317,12055,11394,47,11441,158
2020-11-21,Stanislaus,099,539301,21374,20111,1289,21400,435
2020-11-21,Sutter,101,95872,3151,2615,10,2625,13
2020-11-21,Tehama,103,63373,1620,1435,18,1453,9
2020-11-21,Trinity,105,12862,251,110,24,134,0
2020-11-21,Tulare,107,460477,21124,19752,1207,20959,313
2020-11-21,Tuolumne,109,53932,984,690,7,697,7
2020-11-21,Ventura,111,848112,19527,18040,605,18645,177
2020-11-21,Yolo,113,214977,4738,4147,15,4162,75
2020-11-21,Yuba,115,75493,1885,1643,9,1652,10
2020-11-20,Alameda,001,1643700,29073,27221,304,27525,444
2020-11-20,Alpine,003,1148,46,20,0,20,0
2020-11-20,Amador,005,37829,483,446,1,447,16
2020-11-20,Butte,007,227075,3959,3618,182,3800,60
2020-11-20,Calaveras,009,45235,453,424,0,424,21
2020-11-20,Colusa,011,21464,705,631,2,633,6
2020-11-20,Contra Costa,013,1133247,23584,22116,140,22256,260
2020-11-20,Del Norte,015,27424,302,264,0,264,2
2020-11-20,El Dorado,017,186661,2344,1868,31,1899,4
2020-11-20,Fresno,019,978130,40724,35635,1187,36822,480
2020-11-20,Glenn,021,27897,922,826,30,856,4
2020-11-20,Humboldt,023,135768,855,714,1,715,9
2020-11-20,Imperial,025,180216,15878,14864,33,14897,353
2020-11-20,Inyo,027,18085,291,262,5,267,15
2020-11-20,Kern,029,883053,39703,37143,1002,38145,462
2020-11-20,Kings,031,150075,10841,9903,133,10036,85
2020-11-20,Lake,033,64148,921,820,0,820,18
2020-11-20,Lassen,035,31185,1776,1212,5,1217,0
2020-11-20,Los Angeles,037,10098052,376065,353554,5146,358700,7398
2020-11-20,Madera,039,155013,6169,5635,129,5764,54
2020-11-20,Marin,041,260295,7657,7467,25,7492,134
2020-11-20,Mariposa,043,17540,116,89,1,90,2
2020-11-20,Mendocino,045,87422,1408,1269,5,1274,22
2020-11-20,Merced,047,269075,11433,10729,99,10828,167
2020-11-20,Modoc,049,8938,100,83,18,101,0
2020-11-20,Mono,051,14174,497,469,9,478,2
2020-11-20,Monterey,053,433212,14798,13738,239,13977,110
2020-11-20,Napa,055,140530,3067,2718,17,2735,17
2020-11-20,Nevada,057,99092,1219,990,32,1022,9
2020-11-20,Orange,059,3164182,75495,68212,2239,70451,1532
2020-11-20,Placer,061,380077,6712,5687,108,5795,66
2020-11-20,Plumas,063,18699,194,163,0,163,0
2020-11-20,Riverside,065,2383286,87041,79613,1502,81115,1405
2020-11-20,Sacramento,067,1510023,35567,32832,94,32926,549
2020-11-20,San Benito,069,59416,1777,1668,11,1679,15
2020-11-20,San Bernardino,071,2135413,90390,81203,1249,82452,1220
2020-11-20,San Diego,073,3302833,77027,69233,2674,71907,960
2020-11-20,San Francisco,075,870044,15062,14327,92,14419,153
2020-11-20,San Joaquin,077,732212,25914,24460,448,24908,515
2020-11-20,San Luis Obispo,079,281455,6162,5524,97,5621,34
2020-11-20,San Mateo,081,765935,13972,12980,15,12995,169
2020-11-20,Santa Barbara,083,443738,11284,10825,186,11011,136
2020-11-20,Santa Clara,085,1922200,33557,30002,71,30073,431
2020-11-20,Santa Cruz,087,273765,4329,3815,47,3862,25
2020-11-20,Shasta,089,179085,4987,3861,134,3995,42
2020-11-20,Sierra,091,2930,17,12,0,12,0
2020-11-20,Siskiyou,093,43540,560,387,29,416,0
2020-11-20,Solano,095,438530,10036,9216,58,9274,85
2020-11-20,Sonoma,097,501317,11971,11316,46,11362,158
2020-11-20,Stanislaus,099,539301,21219,19889,1263,21152,433
2020-11-20,Sutter,101,95872,3101,2580,10,2590,13
2020-11-20,Tehama,103,63373,1604,1410,15,1425,9
2020-11-20,Trinity,105,12862,250,102,24,126,0
2020-11-20,Tulare,107,460477,20991,19568,1168,20736,311
2020-11-20,Tuolumne,109,53932,945,662,7,669,7
2020-11-20,Ventura,111,848112,19359,17741,577,18318,175
2020-11-20,Yolo,113,214977,4660,4081,14,4095,74
2020-11-20,Yuba,115,75493,1857,1611,9,1620,10
2020-11-19,Alameda,001,1643700,28728,26971,296,27267,441
2020-11-19,Alpine,003,1148,43,20,0,20,0
2020-11-19,Amador,005,37829,479,436,1,437,16
2020-11-19,Butte,007,227075,3910,3576,175,3751,60
2020-11-19,Calaveras,009,45235,442,417,0,417,21
2020-11-19,Colusa,011,21464,687,621,2,623,6
2020-11-19,Contra Costa,013,1133247,23312,21886,137,22023,259
2020-11-19,Del Norte,015,27424,294,251,0,251,2
2020-11-19,El Dorado,017,186661,2270,1825,27,1852,4
2020-11-19,Fresno,019,978130,40275,35278,1130,36408,478
2020-11-19,Glenn,021,27897,900,806,29,835,4
2020-11-19,Humboldt,023,135768,835,693,1,694,9
2020-11-19,Imperial,025,180216,15669,14507,33,14540,349
2020-11-19,Inyo,027,18085,289,262,5,267,15
2020-11-19,Kern,029,883053,39283,36779,960,37739,459
2020-11-19,Kings,031,150075,10693,9763,125,9888,85
2020-11-19,Lake,033,64148,907,809,0,809,18
2020-11-19,Lassen,035,31185,1659,1201,3,1204,0
2020-11-19,Los Angeles,037,10098052,371039,349493,4979,354472,7365
2020-11-19,Madera,039,155013,6098,5540,121,5661,54
2020-11-19,Marin,041,260295,7626,7451,25,7476,134
2020-11-19,Mariposa,043,17540,109,88,0,88,2
2020-11-19,Mendocino,045,87422,1387,1237,5,1242,23
2020-11-19,Merced,047,269075,11292,10634,93,10727,167
2020-11-19,Modoc,049,8938,97,82,18,100,0
2020-11-19,Mono,051,14174,489,468,9,477,2
2020-11-19,Monterey,053,433212,14583,13369,227,13596,108
2020-11-19,Napa,055,140530,3013,2641,17,2658,17
2020-11-19,Nevada,057,99092,1178,945,31,976,9
2020-11-19,Orange,059,3164182,74232,66998,2194,69192,1530
2020-11-19,Placer,061,380077,6521,5612,107,5719,65
2020-11-19,Plumas,063,18699,189,158,0,158,0
2020-11-19,Riverside,065,2383286,85557,78535,1431,79966,1402
2020-11-19,Sacramento,067,1510023,35053,32367,92,32459,546
2020-11-19,San Benito,069,59416,1754,1643,11,1654,15
2020-11-19,San Bernardino,071,2135413,88494,79244,1169,80413,1215
2020-11-19,San Diego,073,3302833,75777,68142,2570,70712,952
2020-11-19,San Francisco,075,870044,14905,14178,86,14264,153
2020-11-19,San Joaquin,077,732212,25595,24270,437,24707,516
2020-11-19,San Luis Obispo,079,281455,6085,5410,93,5503,34
2020-11-19,San Mateo,081,765935,13834,12714,15,12729,169
2020-11-19,Santa Barbara,083,443738,11204,10741,183,10924,136
2020-11-19,Santa Clara,085,1922200,33000,29630,70,29700,424
2020-11-19,Santa Cruz,087,273765,4239,3679,45,3724,25
2020-11-19,Shasta,089,179085,4849,3685,124,3809,42
2020-11-19,Sierra,091,2930,17,11,0,11,0
2020-11-19,Siskiyou,093,43540,535,360,28,388,0
2020-11-19,Solano,095,438530,9899,9093,54,9147,84
2020-11-19,Sonoma,097,501317,11801,11205,44,11249,156
2020-11-19,Stanislaus,099,539301,20978,19736,1221,20957,433
2020-11-19,Sutter,101,95872,3002,2509,10,2519,13
2020-11-19,Tehama,103,63373,1570,1373,12,1385,9
2020-11-19,Trinity,105,12862,244,97,24,121,0
2020-11-19,Tulare,107,460477,20769,19384,1103,20487,304
2020-11-19,Tuolumne,109,53932,913,602,7,609,7
2020-11-19,Ventura,111,848112,19006,17300,564,17864,174
2020-11-19,Yolo,113,214977,4566,3973,14,3987,72
2020-11-19,Yuba,115,75493,1817,1568,9,1577,10
2020-11-18,Alameda,001,1643700,28464,26610,291,26901,440
2020-11-18,Alpine,003,1148,42,16,0,16,0
2020-11-18,Amador,005,37829,474,430,1,431,16
2020-11-18,Butte,007,227075,3857,3537,162,3699,59
2020-11-18,Calaveras,009,45235,437,409,0,409,21
2020-11-18,Colusa,011,21464,674,611,2,613,6
2020-11-18,Contra Costa,013,1133247,23047,21685,133,21818,258
2020-11-18,Del Norte,015,27424,281,240,0,240,2
2020-11-18,El Dorado,017,186661,2182,1799,26,1825,4
2020-11-18,Fresno,019,978130,39836,34997,1079,36076,474
2020-11-18,Glenn,021,27897,883,803,27,830,4
2020-11-18,Humboldt,023,135768,821,690,1,691,9
2020-11-18,Imperial,025,180216,15446,14428,33,14461,348
2020-11-18,Inyo,027,18085,287,262,5,267,15
2020-11-18,Kern,029,883053,38894,36537,910,37447,456
2020-11-18,Kings,031,150075,10545,9696,122,9818,85
2020-11-18,Lake,033,64148,894,802,0,802,18
2020-11-18,Lassen,035,31185,1559,1124,3,1127,0
2020-11-18,Los Angeles,037,10098052,366168,344675,4797,349472,7338
2020-11-18,Madera,039,155013,6011,5519,109,5628,54
2020-11-18,Marin,041,260295,7602,7435,25,7460,134
2020-11-18,Mariposa,043,17540,106,88,0,88,2
2020-11-18,Mendocino,045,87422,1367,1237,5,1242,23
2020-11-18,Merced,047,269075,11176,10536,92,10628,166
2020-11-18,Modoc,049,8938,94,77,18,95,0
2020-11-18,Mono,051,14174,484,468,9,477,2
2020-11-18,Monterey,053,433212,14388,13340,213,13553,108
2020-11-18,Napa,055,140530,2967,2607,17,2624,17
2020-11-18,Nevada,057,99092,1138,933,29,962,9
2020-11-18,Orange,059,3164182,73135,66381,2169,68550,1521
2020-11-18,Placer,061,380077,6343,5543,102,5645,64
2020-11-18,Plumas,063,18699,184,143,0,143,0
2020-11-18,Riverside,065,2383286,84093,77739,1328,79067,1387
2020-11-18,Sacramento,067,1510023,34428,31816,84,31900,541
2020-11-18,San Benito,069,59416,1729,1632,10,1642,15
2020-11-18,San Bernardino,071,2135413,86735,77400,1089,78489,1206
2020-11-18,San Diego,073,3302833,74483,67243,2510,69753,945
2020-11-18,San Francisco,075,870044,14761,14057,84,14141,153
2020-11-18,San Joaquin,077,732212,25332,24146,423,24569,517
2020-11-18,San Luis Obispo,079,281455,6009,5322,92,5414,34
2020-11-18,San Mateo,081,765935,13681,12631,14,12645,169
2020-11-18,Santa Barbara,083,443738,11125,10684,176,10860,136
2020-11-18,Santa Clara,085,1922200,32534,29285,65,29350,421
2020-11-18,Santa Cruz,087,273765,4149,3618,43,3661,25
2020-11-18,Shasta,089,179085,4715,3547,120,3667,42
2020-11-18,Sierra,091,2930,17,11,0,11,0
2020-11-18,Siskiyou,093,43540,503,351,27,378,0
2020-11-18,Solano,095,438530,9767,8994,52,9046,84
2020-11-18,Sonoma,097,501317,11694,11129,41,11170,155
2020-11-18,Stanislaus,099,539301,20736,19609,1196,20805,431
2020-11-18,Sutter,101,95872,2884,2442,10,2452,13
2020-11-18,Tehama,103,63373,1531,1338,12,1350,8
2020-11-18,Trinity,105,12862,230,95,23,118,0
2020-11-18,Tulare,107,460477,20559,19286,1052,20338,306
2020-11-18,Tuolumne,109,53932,878,590,7,597,7
2020-11-18,Ventura,111,848112,18681,17169,549,17718,173
2020-11-18,Yolo,113,214977,4492,3929,14,3943,71
2020-11-18,Yuba,115,75493,1763,1540,9,1549,10
2020-11-17,Alameda,001,1643700,28138,26425,281,26706,439
2020-11-17,Alpine,003,1148,40,12,0,12,0
2020-11-17,Amador,005,37829,463,423,1,424,16
2020-11-17,Butte,007,227075,3815,3500,152,3652,59
2020-11-17,Calaveras,009,45235,420,405,0,405,21
2020-11-17,Colusa,011,21464,663,606,1,607,6
2020-11-17,Contra Costa,013,1133247,22775,21557,128,21685,256
2020-11-17,Del Norte,015,27424,275,233,0,233,2
2020-11-17,El Dorado,017,186661,2123,1758,26,1784,4
2020-11-17,Fresno,019,978130,39238,34765,1020,35785,472
2020-11-17,Glenn,021,27897,872,795,26,821,4
2020-11-17,Humboldt,023,135768,799,685,1,686,9
2020-11-17,Imperial,025,180216,15209,14204,31,14235,346
2020-11-17,Inyo,027,18085,286,263,5,268,15
2020-11-17,Kern,029,883053,38445,36164,857,37021,455
2020-11-17,Kings,031,150075,10472,9653,115,9768,85
2020-11-17,Lake,033,64148,874,792,0,792,18
2020-11-17,Lassen,035,31185,1480,1124,3,1127,0
2020-11-17,Los Angeles,037,10098052,361221,340933,4637,345570,7302
2020-11-17,Madera,039,155013,5922,5485,102,5587,54
2020-11-17,Marin,041,260295,7570,7404,24,7428,134
2020-11-17,Mariposa,043,17540,103,87,0,87,2
2020-11-17,Mendocino,045,87422,1346,1216,5,1221,23
2020-11-17,Merced,047,269075,11032,10457,86,10543,162
2020-11-17,Modoc,049,8938,88,71,17,88,0
2020-11-17,Mono,051,14174,479,459,9,468,2
2020-11-17,Monterey,053,433212,14158,13220,203,13423,108
2020-11-17,Napa,055,140530,2913,2568,17,2585,17
2020-11-17,Nevada,057,99092,1097,918,28,946,9
2020-11-17,Orange,059,3164182,71984,65757,2142,67899,1519
2020-11-17,Placer,061,380077,6181,5435,96,5531,63
2020-11-17,Plumas,063,18699,176,142,0,142,0
2020-11-17,Riverside,065,2383286,82707,77079,1237,78316,1379
2020-11-17,Sacramento,067,1510023,33829,31341,80,31421,538
2020-11-17,San Benito,069,59416,1713,1611,4,1615,15
2020-11-17,San Bernardino,071,2135413,84922,76134,999,77133,1188
2020-11-17,San Diego,073,3302833,73230,66321,2454,68775,933
2020-11-17,San Francisco,075,870044,14595,13952,83,14035,153
2020-11-17,San Joaquin,077,732212,25059,23997,403,24400,516
2020-11-17,San Luis Obispo,079,281455,5913,5235,92,5327,34
2020-11-17,San Mateo,081,765935,13520,12491,13,12504,169
2020-11-17,Santa Barbara,083,443738,11040,10597,171,10768,136
2020-11-17,Santa Clara,085,1922200,31987,29013,64,29077,419
2020-11-17,Santa Cruz,087,273765,4063,3548,40,3588,25
2020-11-17,Shasta,089,179085,4557,3457,108,3565,40
2020-11-17,Sierra,091,2930,15,11,0,11,0
2020-11-17,Siskiyou,093,43540,455,333,26,359,0
2020-11-17,Solano,095,438530,9622,8905,51,8956,84
2020-11-17,Sonoma,097,501317,11560,11084,40,11124,155
2020-11-17,Stanislaus,099,539301,20512,19466,1168,20634,425
2020-11-17,Sutter,101,95872,2801,2370,9,2379,12
2020-11-17,Tehama,103,63373,1481,1290,12,1302,7
2020-11-17,Trinity,105,12862,213,83,23,106,0
2020-11-17,Tulare,107,460477,20328,19176,990,20166,305
2020-11-17,Tuolumne,109,53932,840,568,7,575,7
2020-11-17,Ventura,111,848112,18409,16797,531,17328,173
2020-11-17,Yolo,113,214977,4315,3887,13,3900,70
2020-11-17,Yuba,115,75493,1715,1519,9,1528,10
2020-11-16,Alameda,001,1643700,27791,26063,276,26339,436
2020-11-16,Alpine,003,1148,37,12,0,12,0
2020-11-16,Amador,005,37829,455,414,1,415,16
2020-11-16,Butte,007,227075,3776,3490,144,3634,58
2020-11-16,Calaveras,009,45235,412,402,0,402,21
2020-11-16,Colusa,011,21464,654,601,1,602,6
2020-11-16,Contra Costa,013,1133247,22507,21386,123,21509,256
2020-11-16,Del Norte,015,27424,268,225,0,225,2
2020-11-16,El Dorado,017,186661,2063,1694,24,1718,4
2020-11-16,Fresno,019,978130,38749,34593,967,35560,471
2020-11-16,Glenn,021,27897,860,786,25,811,4
2020-11-16,Humboldt,023,135768,783,660,1,661,9
2020-11-16,Imperial,025,180216,14961,14111,31,14142,346
2020-11-16,Inyo,027,18085,283,263,5,268,15
2020-11-16,Kern,029,883053,38051,36049,814,36863,455
2020-11-16,Kings,031,150075,10205,9569,111,9680,85
2020-11-16,Lake,033,64148,862,784,0,784,18
2020-11-16,Lassen,035,31185,1299,1124,3,1127,0
2020-11-16,Los Angeles,037,10098052,356469,338778,4466,343244,7277
2020-11-16,Madera,039,155013,5835,5433,96,5529,54
2020-11-16,Marin,041,260295,7541,7359,24,7383,134
2020-11-16,Mariposa,043,17540,100,86,0,86,2
2020-11-16,Mendocino,045,87422,1321,1209,5,1214,23
2020-11-16,Merced,047,269075,10894,10399,83,10482,162
2020-11-16,Modoc,049,8938,86,71,17,88,0
2020-11-16,Mono,051,14174,477,453,9,462,2
2020-11-16,Monterey,053,433212,13912,13089,193,13282,107
2020-11-16,Napa,055,140530,2837,2536,17,2553,17
2020-11-16,Nevada,057,99092,1054,889,26,915,9
2020-11-16,Orange,059,3164182,70887,65396,2128,67524,1519
2020-11-16,Placer,061,380077,6062,5387,87,5474,63
2020-11-16,Plumas,063,18699,169,127,0,127,0
2020-11-16,Riverside,065,2383286,81334,76449,1172,77621,1379
2020-11-16,Sacramento,067,1510023,33191,30954,73,31027,534
2020-11-16,San Benito,069,59416,1695,1603,3,1606,15
2020-11-16,San Bernardino,071,2135413,83095,74401,930,75331,1186
2020-11-16,San Diego,073,3302833,71919,65603,2382,67985,926
2020-11-16,San Francisco,075,870044,14436,13847,80,13927,153
2020-11-16,San Joaquin,077,732212,24772,23515,393,23908,513
2020-11-16,San Luis Obispo,079,281455,5810,5161,87,5248,34
2020-11-16,San Mateo,081,765935,13360,12398,13,12411,169
2020-11-16,Santa Barbara,083,443738,10975,10565,167,10732,135
2020-11-16,Santa Clara,085,1922200,31421,28673,63,28736,419
2020-11-16,Santa Cruz,087,273765,3990,3520,40,3560,25
2020-11-16,Shasta,089,179085,4409,3284,103,3387,37
2020-11-16,Sierra,091,2930,15,11,0,11,0
2020-11-16,Siskiyou,093,43540,428,294,26,320,0
2020-11-16,Solano,095,438530,9423,8827,51,8878,84
2020-11-16,Sonoma,097,501317,11469,10961,39,11000,155
2020-11-16,Stanislaus,099,539301,20276,19333,1141,20474,425
2020-11-16,Sutter,101,95872,2695,2322,9,2331,12
2020-11-16,Tehama,103,63373,1435,1261,8,1269,7
2020-11-16,Trinity,105,12862,201,67,23,90,0
2020-11-16,Tulare,107,460477,20149,18891,936,19827,305
2020-11-16,Tuolumne,109,53932,804,543,7,550,7
2020-11-16,Ventura,111,848112,18071,16691,523,17214,172
2020-11-16,Yolo,113,214977,4220,3858,13,3871,70
2020-11-16,Yuba,115,75493,1679,1500,8,1508,10
2020-11-15,Alameda,001,1643700,27473,25879,270,26149,436
2020-11-15,Alpine,003,1148,35,12,0,12,0
2020-11-15,Amador,005,37829,443,409,1,410,16
2020-11-15,Butte,007,227075,3722,3452,135,3587,58
2020-11-15,Calaveras,009,45235,398,386,0,386,21
2020-11-15,Colusa,011,21464,645,601,1,602,6
2020-11-15,Contra Costa,013,1133247,22207,21179,122,21301,256
2020-11-15,Del Norte,015,27424,253,224,0,224,2
2020-11-15,El Dorado,017,186661,2001,1683,22,1705,4
2020-11-15,Fresno,019,978130,38236,34297,929,35226,471
2020-11-15,Glenn,021,27897,848,783,24,807,4
2020-11-15,Humboldt,023,135768,754,653,1,654,9
2020-11-15,Imperial,025,180216,14724,13940,31,13971,346
2020-11-15,Inyo,027,18085,273,263,5,268,15
2020-11-15,Kern,029,883053,37645,35911,779,36690,455
2020-11-15,Kings,031,150075,10012,9533,107,9640,85
2020-11-15,Lake,033,64148,853,777,0,777,17
2020-11-15,Lassen,035,31185,1252,1124,3,1127,0
2020-11-15,Los Angeles,037,10098052,351424,336035,4296,340331,7271
2020-11-15,Madera,039,155013,5738,5391,90,5481,54
2020-11-15,Marin,041,260295,7515,7347,24,7371,133
2020-11-15,Mariposa,043,17540,97,86,0,86,2
2020-11-15,Mendocino,045,87422,1302,1197,5,1202,22
2020-11-15,Merced,047,269075,10761,10350,83,10433,162
2020-11-15,Modoc,049,8938,85,68,17,85,0
2020-11-15,Mono,051,14174,475,453,9,462,2
2020-11-15,Monterey,053,433212,13716,12999,180,13179,107
2020-11-15,Napa,055,140530,2778,2509,15,2524,17
2020-11-15,Nevada,057,99092,999,859,26,885,9
2020-11-15,Orange,059,3164182,69844,65008,2112,67120,1519
2020-11-15,Placer,061,380077,5907,5330,79,5409,63
2020-11-15,Plumas,063,18699,163,127,0,127,0
2020-11-15,Riverside,065,2383286,80011,75531,1113,76644,1374
2020-11-15,Sacramento,067,1510023,32565,30601,68,30669,534
2020-11-15,San Benito,069,59416,1670,1589,2,1591,15
2020-11-15,San Bernardino,071,2135413,80946,73769,855,74624,1185
2020-11-15,San Diego,073,3302833,70418,64770,2325,67095,926
2020-11-15,San Francisco,075,870044,14261,13757,79,13836,153
2020-11-15,San Joaquin,077,732212,24563,23516,377,23893,513
2020-11-15,San Luis Obispo,079,281455,5689,5120,85,5205,34
2020-11-15,San Mateo,081,765935,13183,12348,13,12361,169
2020-11-15,Santa Barbara,083,443738,10880,10516,165,10681,135
2020-11-15,Santa Clara,085,1922200,30967,28289,62,28351,418
2020-11-15,Santa Cruz,087,273765,3851,3439,39,3478,25
2020-11-15,Shasta,089,179085,4236,3290,94,3384,37
2020-11-15,Sierra,091,2930,15,11,0,11,0
2020-11-15,Siskiyou,093,43540,409,294,26,320,0
2020-11-15,Solano,095,438530,9262,8713,48,8761,84
2020-11-15,Sonoma,097,501317,11350,10833,38,10871,154
2020-11-15,Stanislaus,099,539301,20004,19228,1116,20344,425
2020-11-15,Sutter,101,95872,2605,2230,9,2239,12
2020-11-15,Tehama,103,63373,1384,1222,7,1229,7
2020-11-15,Trinity,105,12862,191,67,21,88,0
2020-11-15,Tulare,107,460477,19932,18891,883,19774,305
2020-11-15,Tuolumne,109,53932,762,486,7,493,7
2020-11-15,Ventura,111,848112,17797,16564,515,17079,172
2020-11-15,Yolo,113,214977,4117,3819,12,3831,67
2020-11-15,Yuba,115,75493,1638,1470,7,1477,10
2020-11-14,Alameda,001,1643700,27206,25714,268,25982,435
2020-11-14,Alpine,003,1148,35,12,0,12,0
2020-11-14,Amador,005,37829,434,404,0,404,16
2020-11-14,Butte,007,227075,3686,3434,121,3555,58
2020-11-14,Calaveras,009,45235,397,386,0,386,21
2020-11-14,Colusa,011,21464,633,601,1,602,6
2020-11-14,Contra Costa,013,1133247,22068,20975,115,21090,256
2020-11-14,Del Norte,015,27424,247,219,0,219,2
2020-11-14,El Dorado,017,186661,1957,1648,22,1670,4
2020-11-14,Fresno,019,978130,37986,33969,892,34861,471
2020-11-14,Glenn,021,27897,839,772,21,793,3
2020-11-14,Humboldt,023,135768,739,643,1,644,9
2020-11-14,Imperial,025,180216,14631,13932,30,13962,346
2020-11-14,Inyo,027,18085,272,263,5,268,15
2020-11-14,Kern,029,883053,37436,35626,760,36386,454
2020-11-14,Kings,031,150075,9977,9490,104,9594,85
2020-11-14,Lake,033,64148,844,773,0,773,17
2020-11-14,Lassen,035,31185,1238,833,3,836,0
2020-11-14,Los Angeles,037,10098052,348717,333021,4187,337208,7269
2020-11-14,Madera,039,155013,5708,5371,88,5459,54
2020-11-14,Marin,041,260295,7499,7325,24,7349,133
2020-11-14,Mariposa,043,17540,96,86,0,86,2
2020-11-14,Mendocino,045,87422,1286,1181,5,1186,22
2020-11-14,Merced,047,269075,10705,10286,81,10367,161
2020-11-14,Modoc,049,8938,84,64,16,80,0
2020-11-14,Mono,051,14174,475,453,9,462,2
2020-11-14,Monterey,053,433212,13620,12854,170,13024,105
2020-11-14,Napa,055,140530,2744,2473,15,2488,17
2020-11-14,Nevada,057,99092,983,835,26,861,9
2020-11-14,Orange,059,3164182,69223,64340,2101,66441,1517
2020-11-14,Placer,061,380077,5831,5215,73,5288,63
2020-11-14,Plumas,063,18699,158,128,0,128,0
2020-11-14,Riverside,065,2383286,79271,74910,1074,75984,1373
2020-11-14,Sacramento,067,1510023,32240,30298,68,30366,532
2020-11-14,San Benito,069,59416,1655,1573,2,1575,15
2020-11-14,San Bernardino,071,2135413,80012,72868,823,73691,1184
2020-11-14,San Diego,073,3302833,69653,63715,2273,65988,926
2020-11-14,San Francisco,075,870044,14173,13661,78,13739,153
2020-11-14,San Joaquin,077,732212,24471,23516,369,23885,511
2020-11-14,San Luis Obispo,079,281455,5626,5073,80,5153,34
2020-11-14,San Mateo,081,765935,13075,12293,13,12306,169
2020-11-14,Santa Barbara,083,443738,10826,10482,163,10645,135
2020-11-14,Santa Clara,085,1922200,30682,27962,60,28022,416
2020-11-14,Santa Cruz,087,273765,3796,3402,39,3441,25
2020-11-14,Shasta,089,179085,4155,3195,92,3287,37
2020-11-14,Sierra,091,2930,15,11,0,11,0
2020-11-14,Siskiyou,093,43540,396,292,26,318,0
2020-11-14,Solano,095,438530,9182,8655,47,8702,84
2020-11-14,Sonoma,097,501317,11297,10769,38,10807,154
2020-11-14,Stanislaus,099,539301,19861,19068,1094,20162,424
2020-11-14,Sutter,101,95872,2560,2182,9,2191,12
2020-11-14,Tehama,103,63373,1363,1206,6,1212,7
2020-11-14,Trinity,105,12862,186,67,21,88,0
2020-11-14,Tulare,107,460477,19837,18853,855,19708,305
2020-11-14,Tuolumne,109,53932,734,448,7,455,7
2020-11-14,Ventura,111,848112,17651,16297,504,16801,172
2020-11-14,Yolo,113,214977,4074,3765,10,3775,65
2020-11-14,Yuba,115,75493,1609,1453,7,1460,10
2020-11-13,Alameda,001,1643700,26990,25515,263,25778,434
2020-11-13,Alpine,003,1148,35,12,0,12,0
2020-11-13,Amador,005,37829,431,397,0,397,16
2020-11-13,Butte,007,227075,3662,3402,112,3514,58
2020-11-13,Calaveras,009,45235,393,378,0,378,21
2020-11-13,Colusa,011,21464,625,598,1,599,6
2020-11-13,Contra Costa,013,1133247,21895,20799,115,20914,256
2020-11-13,Del Norte,015,27424,244,208,0,208,2
2020-11-13,El Dorado,017,186661,1912,1611,21,1632,4
2020-11-13,Fresno,019,978130,37740,33693,878,34571,470
2020-11-13,Glenn,021,27897,825,755,17,772,3
2020-11-13,Humboldt,023,135768,724,638,1,639,9
2020-11-13,Imperial,025,180216,14561,13790,29,13819,341
2020-11-13,Inyo,027,18085,271,262,5,267,15
2020-11-13,Kern,029,883053,37234,35431,743,36174,453
2020-11-13,Kings,031,150075,9918,9428,103,9531,85
2020-11-13,Lake,033,64148,838,770,0,770,17
2020-11-13,Lassen,035,31185,1229,832,3,835,0
2020-11-13,Los Angeles,037,10098052,345589,329364,4082,333446,7248
2020-11-13,Madera,039,155013,5668,5340,87,5427,54
2020-11-13,Marin,041,260295,7486,7307,23,7330,133
2020-11-13,Mariposa,043,17540,94,86,0,86,2
2020-11-13,Mendocino,045,87422,1274,1173,5,1178,22
2020-11-13,Merced,047,269075,10649,10185,78,10263,159
2020-11-13,Modoc,049,8938,84,63,14,77,0
2020-11-13,Mono,051,14174,475,448,8,456,2
2020-11-13,Monterey,053,433212,13425,12681,158,12839,104
2020-11-13,Napa,055,140530,2705,2440,15,2455,17
2020-11-13,Nevada,057,99092,964,798,26,824,9
2020-11-13,Orange,059,3164182,68625,63804,2081,65885,1514
2020-11-13,Placer,061,380077,5726,5122,67,5189,63
2020-11-13,Plumas,063,18699,152,125,0,125,0
2020-11-13,Riverside,065,2383286,78533,74138,1045,75183,1372
2020-11-13,Sacramento,067,1510023,31922,29787,63,29850,524
2020-11-13,San Benito,069,59416,1643,1553,1,1554,15
2020-11-13,San Bernardino,071,2135413,78963,71895,802,72697,1184
2020-11-13,San Diego,073,3302833,68806,62978,2235,65213,921
2020-11-13,San Francisco,075,870044,14080,13516,76,13592,146
2020-11-13,San Joaquin,077,732212,24376,23314,363,23677,510
2020-11-13,San Luis Obispo,079,281455,5559,4960,77,5037,34
2020-11-13,San Mateo,081,765935,12982,12182,13,12195,169
2020-11-13,Santa Barbara,083,443738,10774,10405,161,10566,134
2020-11-13,Santa Clara,085,1922200,30354,27609,58,27667,415
2020-11-13,Santa Cruz,087,273765,3722,3343,39,3382,25
2020-11-13,Shasta,089,179085,4071,2983,88,3071,37
2020-11-13,Sierra,091,2930,15,11,0,11,0
2020-11-13,Siskiyou,093,43540,391,280,25,305,0
2020-11-13,Solano,095,438530,9091,8525,47,8572,84
2020-11-13,Sonoma,097,501317,11236,10685,36,10721,151
2020-11-13,Stanislaus,099,539301,19736,18936,1066,20002,422
2020-11-13,Sutter,101,95872,2514,2121,8,2129,12
2020-11-13,Tehama,103,63373,1336,1167,6,1173,7
2020-11-13,Trinity,105,12862,184,64,21,85,0
2020-11-13,Tulare,107,460477,19713,18714,814,19528,305
2020-11-13,Tuolumne,109,53932,701,427,7,434,7
2020-11-13,Ventura,111,848112,17505,16172,490,16662,171
2020-11-13,Yolo,113,214977,4023,3716,10,3726,65
2020-11-13,Yuba,115,75493,1582,1435,7,1442,10
2020-11-12,Alameda,001,1643700,26723,25345,263,25608,432
2020-11-12,Alpine,003,1148,34,12,0,12,0
2020-11-12,Amador,005,37829,430,392,0,392,16
2020-11-12,Butte,007,227075,3613,3347,109,3456,58
2020-11-12,Calaveras,009,45235,388,373,0,373,21
2020-11-12,Colusa,011,21464,620,591,1,592,6
2020-11-12,Contra Costa,013,1133247,21688,20619,113,20732,255
2020-11-12,Del Norte,015,27424,237,203,0,203,2
2020-11-12,El Dorado,017,186661,1866,1573,17,1590,4
2020-11-12,Fresno,019,978130,37391,33459,836,34295,468
2020-11-12,Glenn,021,27897,806,727,17,744,3
2020-11-12,Humboldt,023,135768,711,625,1,626,9
2020-11-12,Imperial,025,180216,14396,13619,29,13648,341
2020-11-12,Inyo,027,18085,270,255,5,260,15
2020-11-12,Kern,029,883053,36970,35207,728,35935,451
2020-11-12,Kings,031,150075,9851,9335,102,9437,85
2020-11-12,Lake,033,64148,829,764,0,764,17
2020-11-12,Lassen,035,31185,1160,832,2,834,0
2020-11-12,Los Angeles,037,10098052,341848,327001,3981,330982,7223
2020-11-12,Madera,039,155013,5633,5273,82,5355,54
2020-11-12,Marin,041,260295,7457,7268,23,7291,133
2020-11-12,Mariposa,043,17540,92,84,0,84,2
2020-11-12,Mendocino,045,87422,1255,1142,5,1147,22
2020-11-12,Merced,047,269075,10535,10107,75,10182,158
2020-11-12,Modoc,049,8938,84,63,14,77,0
2020-11-12,Mono,051,14174,474,442,8,450,2
2020-11-12,Monterey,053,433212,13304,12489,144,12633,100
2020-11-12,Napa,055,140530,2643,2398,15,2413,16
2020-11-12,Nevada,057,99092,942,780,25,805,9
2020-11-12,Orange,059,3164182,67880,63232,2062,65294,1514
2020-11-12,Placer,061,380077,5616,5044,58,5102,62
2020-11-12,Plumas,063,18699,148,121,0,121,0
2020-11-12,Riverside,065,2383286,77602,73381,1002,74383,1362
2020-11-12,Sacramento,067,1510023,31431,29459,55,29514,520
2020-11-12,San Benito,069,59416,1623,1525,1,1526,15
2020-11-12,San Bernardino,071,2135413,77597,70758,763,71521,1183
2020-11-12,San Diego,073,3302833,67826,62336,2184,64520,918
2020-11-12,San Francisco,075,870044,13981,13289,75,13364,146
2020-11-12,San Joaquin,077,732212,24183,23002,342,23344,509
2020-11-12,San Luis Obispo,079,281455,5495,4898,76,4974,33
2020-11-12,San Mateo,081,765935,12857,12086,12,12098,169
2020-11-12,Santa Barbara,083,443738,10712,10325,156,10481,134
2020-11-12,Santa Clara,085,1922200,29978,27261,57,27318,414
2020-11-12,Santa Cruz,087,273765,3639,3317,37,3354,25
2020-11-12,Shasta,089,179085,3934,2825,77,2902,37
2020-11-12,Sierra,091,2930,15,11,0,11,0
2020-11-12,Siskiyou,093,43540,374,275,20,295,0
2020-11-12,Solano,095,438530,8991,8417,46,8463,85
2020-11-12,Sonoma,097,501317,11134,10602,35,10637,151
2020-11-12,Stanislaus,099,539301,19567,18787,1037,19824,422
2020-11-12,Sutter,101,95872,2431,2075,7,2082,12
2020-11-12,Tehama,103,63373,1309,1117,6,1123,7
2020-11-12,Trinity,105,12862,176,62,20,82,0
2020-11-12,Tulare,107,460477,19601,18545,776,19321,305
2020-11-12,Tuolumne,109,53932,662,353,7,360,7
2020-11-12,Ventura,111,848112,17255,16013,484,16497,158
2020-11-12,Yolo,113,214977,3979,3646,10,3656,63
2020-11-12,Yuba,115,75493,1547,1410,7,1417,10
2020-11-11,Alameda,001,1643700,26479,25140,261,25401,429
2020-11-11,Alpine,003,1148,29,12,0,12,0
2020-11-11,Amador,005,37829,423,389,0,389,16
2020-11-11,Butte,007,227075,3587,3348,96,3444,58
2020-11-11,Calaveras,009,45235,378,373,0,373,21
2020-11-11,Colusa,011,21464,614,591,1,592,6
2020-11-11,Contra Costa,013,1133247,21470,20452,111,20563,255
2020-11-11,Del Norte,015,27424,230,203,0,203,2
2020-11-11,El Dorado,017,186661,1820,1564,16,1580,4
2020-11-11,Fresno,019,978130,37072,33287,801,34088,468
2020-11-11,Glenn,021,27897,790,722,16,738,3
2020-11-11,Humboldt,023,135768,697,623,1,624,9
2020-11-11,Imperial,025,180216,14226,13623,27,13650,340
2020-11-11,Inyo,027,18085,268,255,5,260,15
2020-11-11,Kern,029,883053,36695,35014,711,35725,449
2020-11-11,Kings,031,150075,9745,9263,99,9362,85
2020-11-11,Lake,033,64148,819,763,0,763,17
2020-11-11,Lassen,035,31185,1135,831,2,833,0
2020-11-11,Los Angeles,037,10098052,338483,324567,3898,328465,7220
2020-11-11,Madera,039,155013,5598,5248,80,5328,54
2020-11-11,Marin,041,260295,7434,7268,23,7291,133
2020-11-11,Mariposa,043,17540,92,84,0,84,2
2020-11-11,Mendocino,045,87422,1243,1142,5,1147,22
2020-11-11,Merced,047,269075,10464,10074,73,10147,157
2020-11-11,Modoc,049,8938,80,62,13,75,0
2020-11-11,Mono,051,14174,472,443,8,451,2
2020-11-11,Monterey,053,433212,13161,12417,140,12557,100
2020-11-11,Napa,055,140530,2594,2365,12,2377,15
2020-11-11,Nevada,057,99092,900,741,25,766,9
2020-11-11,Orange,059,3164182,67240,62929,2038,64967,1506
2020-11-11,Placer,061,380077,5532,4981,50,5031,60
2020-11-11,Plumas,063,18699,146,111,0,111,0
2020-11-11,Riverside,065,2383286,76699,72953,956,73909,1361
2020-11-11,Sacramento,067,1510023,30974,28968,53,29021,520
2020-11-11,San Benito,069,59416,1609,1512,1,1513,15
2020-11-11,San Bernardino,071,2135413,76310,70374,736,71110,1182
2020-11-11,San Diego,073,3302833,66891,61746,2123,63869,918
2020-11-11,San Francisco,075,870044,13874,13287,74,13361,146
2020-11-11,San Joaquin,077,732212,24023,23001,336,23337,509
2020-11-11,San Luis Obispo,079,281455,5420,4832,73,4905,33
2020-11-11,San Mateo,081,765935,12743,12008,12,12020,169
2020-11-11,Santa Barbara,083,443738,10646,10278,156,10434,134
2020-11-11,Santa Clara,085,1922200,29626,27075,56,27131,413
2020-11-11,Santa Cruz,087,273765,3571,3247,37,3284,25
2020-11-11,Shasta,089,179085,3810,2766,67,2833,36
2020-11-11,Sierra,091,2930,13,11,0,11,0
2020-11-11,Siskiyou,093,43540,343,261,17,278,0
2020-11-11,Solano,095,438530,8873,8353,44,8397,85
2020-11-11,Sonoma,097,501317,11060,10498,35,10533,150
2020-11-11,Stanislaus,099,539301,19430,18671,1007,19678,422
2020-11-11,Sutter,101,95872,2383,2049,6,2055,12
2020-11-11,Tehama,103,63373,1267,1105,5,1110,7
2020-11-11,Trinity,105,12862,165,62,20,82,0
2020-11-11,Tulare,107,460477,19470,18500,745,19245,305
2020-11-11,Tuolumne,109,53932,606,354,6,360,7
2020-11-11,Ventura,111,848112,17040,15801,471,16272,158
2020-11-11,Yolo,113,214977,3928,3606,10,3616,63
2020-11-11,Yuba,115,75493,1532,1400,7,1407,10
2020-11-10,Alameda,001,1643700,26249,25008,258,25266,424
2020-11-10,Alpine,003,1148,29,9,0,9,0
2020-11-10,Amador,005,37829,417,384,0,384,16
2020-11-10,Butte,007,227075,3551,3327,92,3419,58
2020-11-10,Calaveras,009,45235,373,367,0,367,21
2020-11-10,Colusa,011,21464,606,590,1,591,6
2020-11-10,Contra Costa,013,1133247,21263,20326,109,20435,255
2020-11-10,Del Norte,015,27424,224,196,0,196,2
2020-11-10,El Dorado,017,186661,1760,1551,16,1567,4
2020-11-10,Fresno,019,978130,36802,33024,763,33787,465
2020-11-10,Glenn,021,27897,782,719,12,731,3
2020-11-10,Humboldt,023,135768,680,610,1,611,9
2020-11-10,Imperial,025,180216,14096,13570,27,13597,338
2020-11-10,Inyo,027,18085,267,252,5,257,14
2020-11-10,Kern,029,883053,36419,34858,692,35550,448
2020-11-10,Kings,031,150075,9698,9236,92,9328,85
2020-11-10,Lake,033,64148,809,762,0,762,16
2020-11-10,Lassen,035,31185,1120,830,2,832,0
2020-11-10,Los Angeles,037,10098052,335232,322569,3784,326353,7205
2020-11-10,Madera,039,155013,5556,5229,74,5303,54
2020-11-10,Marin,041,260295,7415,7259,23,7282,133
2020-11-10,Mariposa,043,17540,90,84,0,84,2
2020-11-10,Mendocino,045,87422,1235,1137,5,1142,22
2020-11-10,Merced,047,269075,10402,9992,67,10059,157
2020-11-10,Modoc,049,8938,78,61,13,74,0
2020-11-10,Mono,051,14174,470,443,8,451,2
2020-11-10,Monterey,053,433212,13026,12335,132,12467,100
2020-11-10,Napa,055,140530,2556,2341,10,2351,15
2020-11-10,Nevada,057,99092,884,734,25,759,9
2020-11-10,Orange,059,3164182,66690,62597,2028,64625,1504
2020-11-10,Placer,061,380077,5452,4902,49,4951,60
2020-11-10,Plumas,063,18699,142,108,0,108,0
2020-11-10,Riverside,065,2383286,76057,72316,929,73245,1359
2020-11-10,Sacramento,067,1510023,30567,28677,50,28727,519
2020-11-10,San Benito,069,59416,1594,1508,1,1509,15
2020-11-10,San Bernardino,071,2135413,75140,69666,703,70369,1182
2020-11-10,San Diego,073,3302833,66000,61085,2086,63171,915
2020-11-10,San Francisco,075,870044,13757,13210,74,13284,146
2020-11-10,San Joaquin,077,732212,23858,22865,329,23194,508
2020-11-10,San Luis Obispo,079,281455,5357,4780,70,4850,33
2020-11-10,San Mateo,081,765935,12642,11939,12,11951,169
2020-11-10,Santa Barbara,083,443738,10579,10252,152,10404,134
2020-11-10,Santa Clara,085,1922200,29281,26917,55,26972,409
2020-11-10,Santa Cruz,087,273765,3508,3221,37,3258,25
2020-11-10,Shasta,089,179085,3667,2686,59,2745,36
2020-11-10,Sierra,091,2930,12,10,0,10,0
2020-11-10,Siskiyou,093,43540,326,263,16,279,0
2020-11-10,Solano,095,438530,8775,8299,44,8343,85
2020-11-10,Sonoma,097,501317,10973,10414,35,10449,150
2020-11-10,Stanislaus,099,539301,19296,18592,983,19575,420
2020-11-10,Sutter,101,95872,2288,2035,5,2040,12
2020-11-10,Tehama,103,63373,1243,1099,4,1103,7
2020-11-10,Trinity,105,12862,156,62,18,80,0
2020-11-10,Tulare,107,460477,19355,18430,721,19151,305
2020-11-10,Tuolumne,109,53932,557,353,6,359,7
2020-11-10,Ventura,111,848112,16857,15625,469,16094,158
2020-11-10,Yolo,113,214977,3867,3573,10,3583,63
2020-11-10,Yuba,115,75493,1509,1392,7,1399,10
2020-11-09,Alameda,001,1643700,26003,24899,254,25153,424
2020-11-09,Alpine,003,1148,27,6,0,6,0
2020-11-09,Amador,005,37829,408,380,0,380,16
2020-11-09,Butte,007,227075,3506,3301,83,3384,57
2020-11-09,Calaveras,009,45235,369,360,0,360,21
2020-11-09,Colusa,011,21464,600,583,1,584,6
2020-11-09,Contra Costa,013,1133247,21090,20193,107,20300,255
2020-11-09,Del Norte,015,27424,218,195,0,195,2
2020-11-09,El Dorado,017,186661,1719,1515,16,1531,4
2020-11-09,Fresno,019,978130,36491,32755,723,33478,465
2020-11-09,Glenn,021,27897,776,714,9,723,3
2020-11-09,Humboldt,023,135768,667,607,1,608,9
2020-11-09,Imperial,025,180216,13979,13508,26,13534,338
2020-11-09,Inyo,027,18085,267,252,5,257,14
2020-11-09,Kern,029,883053,36188,34764,656,35420,448
2020-11-09,Kings,031,150075,9628,9141,90,9231,84
2020-11-09,Lake,033,64148,800,755,0,755,16
2020-11-09,Lassen,035,31185,1024,799,2,801,0
2020-11-09,Los Angeles,037,10098052,332135,320370,3709,324079,7180
2020-11-09,Madera,039,155013,5510,5209,71,5280,54
2020-11-09,Marin,041,260295,7389,7237,22,7259,131
2020-11-09,Mariposa,043,17540,90,84,0,84,2
2020-11-09,Mendocino,045,87422,1223,1132,5,1137,22
2020-11-09,Merced,047,269075,10299,9922,64,9986,157
2020-11-09,Modoc,049,8938,74,54,12,66,0
2020-11-09,Mono,051,14174,467,352,8,360,2
2020-11-09,Monterey,053,433212,12879,12148,124,12272,98
2020-11-09,Napa,055,140530,2513,2309,10,2319,15
2020-11-09,Nevada,057,99092,847,729,24,753,9
2020-11-09,Orange,059,3164182,66049,62335,2015,64350,1501
2020-11-09,Placer,061,380077,5367,4843,37,4880,60
2020-11-09,Plumas,063,18699,135,102,0,102,0
2020-11-09,Riverside,065,2383286,75275,72059,895,72954,1346
2020-11-09,Sacramento,067,1510023,30095,28200,49,28249,516
2020-11-09,San Benito,069,59416,1585,1506,1,1507,15
2020-11-09,San Bernardino,071,2135413,74085,69015,661,69676,1182
2020-11-09,San Diego,073,3302833,65145,60572,2046,62618,908
2020-11-09,San Francisco,075,870044,13637,12984,71,13055,146
2020-11-09,San Joaquin,077,732212,23693,22512,324,22836,505
2020-11-09,San Luis Obispo,079,281455,5270,4746,68,4814,32
2020-11-09,San Mateo,081,765935,12535,11857,12,11869,169
2020-11-09,Santa Barbara,083,443738,10522,10214,146,10360,134
2020-11-09,Santa Clara,085,1922200,28886,26693,55,26748,409
2020-11-09,Santa Cruz,087,273765,3450,3194,37,3231,25
2020-11-09,Shasta,089,179085,3513,2581,50,2631,36
2020-11-09,Sierra,091,2930,10,10,0,10,0
2020-11-09,Siskiyou,093,43540,315,257,14,271,0
2020-11-09,Solano,095,438530,8659,8254,43,8297,85
2020-11-09,Sonoma,097,501317,10865,10310,35,10345,150
2020-11-09,Stanislaus,099,539301,19142,18482,966,19448,418
2020-11-09,Sutter,101,95872,2221,2010,4,2014,12
2020-11-09,Tehama,103,63373,1206,1071,3,1074,7
2020-11-09,Trinity,105,12862,149,46,18,64,0
2020-11-09,Tulare,107,460477,19235,18272,689,18961,304
2020-11-09,Tuolumne,109,53932,502,346,5,351,7
2020-11-09,Ventura,111,848112,16655,15568,466,16034,156
2020-11-09,Yolo,113,214977,3806,3522,10,3532,62
2020-11-09,Yuba,115,75493,1476,1380,7,1387,10
2020-11-08,Alameda,001,1643700,25773,24731,254,24985,424
2020-11-08,Alpine,003,1148,24,6,0,6,0
2020-11-08,Amador,005,37829,401,376,0,376,16
2020-11-08,Butte,007,227075,3468,3285,76,3361,57
2020-11-08,Calaveras,009,45235,367,360,0,360,21
2020-11-08,Colusa,011,21464,597,583,1,584,6
2020-11-08,Contra Costa,013,1133247,20920,20031,105,20136,254
2020-11-08,Del Norte,015,27424,210,195,0,195,2
2020-11-08,El Dorado,017,186661,1681,1502,16,1518,4
2020-11-08,Fresno,019,978130,36156,32619,685,33304,465
2020-11-08,Glenn,021,27897,770,707,8,715,3
2020-11-08,Humboldt,023,135768,651,605,1,606,9
2020-11-08,Imperial,025,180216,13863,13428,26,13454,338
2020-11-08,Inyo,027,18085,263,252,5,257,14
2020-11-08,Kern,029,883053,35969,34644,638,35282,448
2020-11-08,Kings,031,150075,9495,9026,87,9113,84
2020-11-08,Lake,033,64148,792,754,0,754,16
2020-11-08,Lassen,035,31185,876,799,2,801,0
2020-11-08,Los Angeles,037,10098052,329008,318960,3643,322603,7176
2020-11-08,Madera,039,155013,5441,5196,68,5264,54
2020-11-08,Marin,041,260295,7369,7227,22,7249,131
2020-11-08,Mariposa,043,17540,90,83,0,83,2
2020-11-08,Mendocino,045,87422,1214,1129,5,1134,22
2020-11-08,Merced,047,269075,10224,9885,62,9947,157
2020-11-08,Modoc,049,8938,70,54,12,66,0
2020-11-08,Mono,051,14174,461,352,8,360,2
2020-11-08,Monterey,053,433212,12734,12122,113,12235,98
2020-11-08,Napa,055,140530,2474,2274,10,2284,15
2020-11-08,Nevada,057,99092,831,715,24,739,9
2020-11-08,Orange,059,3164182,65460,62034,2001,64035,1501
2020-11-08,Placer,061,380077,5264,4800,32,4832,60
2020-11-08,Plumas,063,18699,130,102,0,102,0
2020-11-08,Riverside,065,2383286,74621,71442,853,72295,1345
2020-11-08,Sacramento,067,1510023,29535,28059,46,28105,515
2020-11-08,San Benito,069,59416,1570,1496,1,1497,15
2020-11-08,San Bernardino,071,2135413,72831,68412,622,69034,1182
2020-11-08,San Diego,073,3302833,64300,60199,2002,62201,908
2020-11-08,San Francisco,075,870044,13506,12985,66,13051,146
2020-11-08,San Joaquin,077,732212,23499,22514,320,22834,505
2020-11-08,San Luis Obispo,079,281455,5204,4698,63,4761,32
2020-11-08,San Mateo,081,765935,12417,11783,12,11795,169
2020-11-08,Santa Barbara,083,443738,10452,10180,144,10324,134
2020-11-08,Santa Clara,085,1922200,28512,26442,54,26496,410
2020-11-08,Santa Cruz,087,273765,3393,3134,37,3171,25
2020-11-08,Shasta,089,179085,3377,2582,44,2626,36
2020-11-08,Sierra,091,2930,10,7,0,7,0
2020-11-08,Siskiyou,093,43540,303,246,13,259,0
2020-11-08,Solano,095,438530,8538,8132,42,8174,85
2020-11-08,Sonoma,097,501317,10758,10229,35,10264,149
2020-11-08,Stanislaus,099,539301,18967,18413,945,19358,418
2020-11-08,Sutter,101,95872,2163,1980,4,1984,12
2020-11-08,Tehama,103,63373,1181,1054,3,1057,7
2020-11-08,Trinity,105,12862,146,46,17,63,0
2020-11-08,Tulare,107,460477,19093,18272,660,18932,304
2020-11-08,Tuolumne,109,53932,475,341,5,346,7
2020-11-08,Ventura,111,848112,16460,15504,458,15962,156
2020-11-08,Yolo,113,214977,3745,3492,10,3502,61
2020-11-08,Yuba,115,75493,1455,1369,7,1376,10
2020-11-07,Alameda,001,1643700,25663,24578,252,24830,424
2020-11-07,Alpine,003,1148,24,6,0,6,0
2020-11-07,Amador,005,37829,398,375,0,375,16
2020-11-07,Butte,007,227075,3456,3277,71,3348,57
2020-11-07,Calaveras,009,45235,365,360,0,360,21
2020-11-07,Colusa,011,21464,597,583,1,584,6
2020-11-07,Contra Costa,013,1133247,20819,19943,104,20047,254
2020-11-07,Del Norte,015,27424,206,194,0,194,2
2020-11-07,El Dorado,017,186661,1656,1495,15,1510,4
2020-11-07,Fresno,019,978130,36002,32497,662,33159,465
2020-11-07,Glenn,021,27897,762,707,8,715,3
2020-11-07,Humboldt,023,135768,640,590,1,591,9
2020-11-07,Imperial,025,180216,13805,13388,25,13413,338
2020-11-07,Inyo,027,18085,261,252,5,257,14
2020-11-07,Kern,029,883053,35814,34513,628,35141,448
2020-11-07,Kings,031,150075,9462,9005,81,9086,84
2020-11-07,Lake,033,64148,788,751,0,751,16
2020-11-07,Lassen,035,31185,860,799,2,801,0
2020-11-07,Los Angeles,037,10098052,327499,316756,3576,320332,7174
2020-11-07,Madera,039,155013,5419,5177,66,5243,54
2020-11-07,Marin,041,260295,7358,7215,22,7237,131
2020-11-07,Mariposa,043,17540,90,81,0,81,2
2020-11-07,Mendocino,045,87422,1203,1118,5,1123,22
2020-11-07,Merced,047,269075,10192,9855,58,9913,157
2020-11-07,Modoc,049,8938,70,51,12,63,0
2020-11-07,Mono,051,14174,458,352,8,360,2
2020-11-07,Monterey,053,433212,12664,12030,109,12139,98
2020-11-07,Napa,055,140530,2444,2260,9,2269,15
2020-11-07,Nevada,057,99092,814,710,24,734,9
2020-11-07,Orange,059,3164182,65173,62038,1995,64033,1505
2020-11-07,Placer,061,380077,5201,4745,32,4777,60
2020-11-07,Plumas,063,18699,127,94,0,94,0
2020-11-07,Riverside,065,2383286,74226,71153,826,71979,1345
2020-11-07,Sacramento,067,1510023,29285,27773,46,27819,515
2020-11-07,San Benito,069,59416,1558,1489,1,1490,15
2020-11-07,San Bernardino,071,2135413,72315,67935,611,68546,1182
2020-11-07,San Diego,073,3302833,63788,59682,1970,61652,909
2020-11-07,San Francisco,075,870044,13445,12980,65,13045,146
2020-11-07,San Joaquin,077,732212,23391,22517,314,22831,505
2020-11-07,San Luis Obispo,079,281455,5155,4668,60,4728,32
2020-11-07,San Mateo,081,765935,12354,11711,12,11723,169
2020-11-07,Santa Barbara,083,443738,10410,10157,142,10299,134
2020-11-07,Santa Clara,085,1922200,28308,26244,53,26297,410
2020-11-07,Santa Cruz,087,273765,3355,3130,37,3167,25
2020-11-07,Shasta,089,179085,3310,2547,42,2589,36
2020-11-07,Sierra,091,2930,10,7,0,7,0
2020-11-07,Siskiyou,093,43540,299,241,13,254,0
2020-11-07,Solano,095,438530,8486,8066,42,8108,85
2020-11-07,Sonoma,097,501317,10712,10200,35,10235,149
2020-11-07,Stanislaus,099,539301,18858,18386,928,19314,418
2020-11-07,Sutter,101,95872,2123,1973,4,1977,12
2020-11-07,Tehama,103,63373,1157,1043,3,1046,7
2020-11-07,Trinity,105,12862,146,42,16,58,0
2020-11-07,Tulare,107,460477,19037,18229,643,18872,304
2020-11-07,Tuolumne,109,53932,464,327,5,332,7
2020-11-07,Ventura,111,848112,16400,15364,453,15817,156
2020-11-07,Yolo,113,214977,3714,3486,10,3496,61
2020-11-07,Yuba,115,75493,1440,1349,7,1356,10
2020-11-06,Alameda,001,1643700,25531,24389,250,24639,420
2020-11-06,Alpine,003,1148,24,6,0,6,0
2020-11-06,Amador,005,37829,396,369,0,369,16
2020-11-06,Butte,007,227075,3431,3254,63,3317,57
2020-11-06,Calaveras,009,45235,364,359,0,359,21
2020-11-06,Colusa,011,21464,595,580,1,581,6
2020-11-06,Contra Costa,013,1133247,20670,19744,104,19848,252
2020-11-06,Del Norte,015,27424,203,194,0,194,2
2020-11-06,El Dorado,017,186661,1630,1475,15,1490,4
2020-11-06,Fresno,019,978130,35814,32278,646,32924,460
2020-11-06,Glenn,021,27897,756,707,7,714,3
2020-11-06,Humboldt,023,135768,637,587,1,588,9
2020-11-06,Imperial,025,180216,13752,13230,25,13255,338
2020-11-06,Inyo,027,18085,259,246,5,251,14
2020-11-06,Kern,029,883053,35650,34360,610,34970,443
2020-11-06,Kings,031,150075,9438,8883,79,8962,83
2020-11-06,Lake,033,64148,787,741,0,741,16
2020-11-06,Lassen,035,31185,852,794,2,796,0
2020-11-06,Los Angeles,037,10098052,325525,314356,3524,317880,7160
2020-11-06,Madera,039,155013,5403,5136,65,5201,54
2020-11-06,Marin,041,260295,7337,7184,22,7206,131
2020-11-06,Mariposa,043,17540,89,79,0,79,2
2020-11-06,Mendocino,045,87422,1198,1113,5,1118,22
2020-11-06,Merced,047,269075,10152,9778,55,9833,157
2020-11-06,Modoc,049,8938,70,48,12,60,0
2020-11-06,Mono,051,14174,452,308,8,316,1
2020-11-06,Monterey,053,433212,12547,11914,108,12022,96
2020-11-06,Napa,055,140530,2419,2189,9,2198,15
2020-11-06,Nevada,057,99092,801,692,23,715,9
2020-11-06,Orange,059,3164182,64870,61049,1985,63034,1494
2020-11-06,Placer,061,380077,5128,4680,32,4712,60
2020-11-06,Plumas,063,18699,122,90,0,90,0
2020-11-06,Riverside,065,2383286,73777,70409,785,71194,1341
2020-11-06,Sacramento,067,1510023,28993,27489,44,27533,514
2020-11-06,San Benito,069,59416,1549,1479,1,1480,15
2020-11-06,San Bernardino,071,2135413,71717,66740,590,67330,1179
2020-11-06,San Diego,073,3302833,63264,59143,1938,61081,907
2020-11-06,San Francisco,075,870044,13375,12825,64,12889,146
2020-11-06,San Joaquin,077,732212,23306,22424,304,22728,502
2020-11-06,San Luis Obispo,079,281455,5090,4531,54,4585,32
2020-11-06,San Mateo,081,765935,12279,11587,12,11599,168
2020-11-06,Santa Barbara,083,443738,10374,10118,137,10255,133
2020-11-06,Santa Clara,085,1922200,28066,25831,53,25884,402
2020-11-06,Santa Cruz,087,273765,3318,3063,37,3100,25
2020-11-06,Shasta,089,179085,3237,2475,41,2516,35
2020-11-06,Sierra,091,2930,9,7,0,7,0
2020-11-06,Siskiyou,093,43540,286,237,12,249,0
2020-11-06,Solano,095,438530,8421,7959,42,8001,85
2020-11-06,Sonoma,097,501317,10662,10142,35,10177,149
2020-11-06,Stanislaus,099,539301,18771,18250,919,19169,417
2020-11-06,Sutter,101,95872,2096,1937,2,1939,12
2020-11-06,Tehama,103,63373,1136,1024,3,1027,6
2020-11-06,Trinity,105,12862,143,41,16,57,0
2020-11-06,Tulare,107,460477,18973,18136,618,18754,300
2020-11-06,Tuolumne,109,53932,443,316,5,321,5
2020-11-06,Ventura,111,848112,16314,15222,450,15672,154
2020-11-06,Yolo,113,214977,3685,3420,10,3430,62
2020-11-06,Yuba,115,75493,1427,1335,7,1342,10
2020-11-05,Alameda,001,1643700,25355,24270,250,24520,420
2020-11-05,Alpine,003,1148,24,6,0,6,0
2020-11-05,Amador,005,37829,393,363,0,363,16
2020-11-05,Butte,007,227075,3408,3239,57,3296,57
2020-11-05,Calaveras,009,45235,357,333,0,333,19
2020-11-05,Colusa,011,21464,591,574,1,575,6
2020-11-05,Contra Costa,013,1133247,20488,19656,102,19758,252
2020-11-05,Del Norte,015,27424,201,192,0,192,2
2020-11-05,El Dorado,017,186661,1606,1466,15,1481,4
2020-11-05,Fresno,019,978130,35571,32056,622,32678,460
2020-11-05,Glenn,021,27897,736,702,7,709,3
2020-11-05,Humboldt,023,135768,627,581,1,582,9
2020-11-05,Imperial,025,180216,13660,13178,24,13202,337
2020-11-05,Inyo,027,18085,259,247,5,252,14
2020-11-05,Kern,029,883053,35449,34232,596,34828,443
2020-11-05,Kings,031,150075,9283,8846,76,8922,83
2020-11-05,Lake,033,64148,783,739,0,739,16
2020-11-05,Lassen,035,31185,821,782,2,784,0
2020-11-05,Los Angeles,037,10098052,323169,312381,3471,315852,7146
2020-11-05,Madera,039,155013,5364,5129,62,5191,54
2020-11-05,Marin,041,260295,7315,7171,22,7193,131
2020-11-05,Mariposa,043,17540,88,79,0,79,2
2020-11-05,Mendocino,045,87422,1186,1112,5,1117,22
2020-11-05,Merced,047,269075,10093,9753,50,9803,155
2020-11-05,Modoc,049,8938,69,47,11,58,0
2020-11-05,Mono,051,14174,450,307,8,315,1
2020-11-05,Monterey,053,433212,12437,11784,104,11888,96
2020-11-05,Napa,055,140530,2392,2158,9,2167,15
2020-11-05,Nevada,057,99092,779,687,22,709,9
2020-11-05,Orange,059,3164182,64423,60740,1975,62715,1484
2020-11-05,Placer,061,380077,5059,4627,27,4654,60
2020-11-05,Plumas,063,18699,114,90,0,90,0
2020-11-05,Riverside,065,2383286,73066,70094,727,70821,1338
2020-11-05,Sacramento,067,1510023,28613,27232,43,27275,512
2020-11-05,San Benito,069,59416,1534,1477,1,1478,15
2020-11-05,San Bernardino,071,2135413,70890,66407,577,66984,1174
2020-11-05,San Diego,073,3302833,62638,58659,1912,60571,904
2020-11-05,San Francisco,075,870044,13263,12726,63,12789,146
2020-11-05,San Joaquin,077,732212,23142,22318,300,22618,502
2020-11-05,San Luis Obispo,079,281455,5023,4459,52,4511,32
2020-11-05,San Mateo,081,765935,12185,11535,12,11547,168
2020-11-05,Santa Barbara,083,443738,10330,10080,134,10214,133
2020-11-05,Santa Clara,085,1922200,27799,25651,53,25704,402
2020-11-05,Santa Cruz,087,273765,3280,3023,37,3060,25
2020-11-05,Shasta,089,179085,3147,2401,40,2441,34
2020-11-05,Sierra,091,2930,9,6,0,6,0
2020-11-05,Siskiyou,093,43540,275,228,12,240,0
2020-11-05,Solano,095,438530,8338,7842,42,7884,85
2020-11-05,Sonoma,097,501317,10550,10064,34,10098,145
2020-11-05,Stanislaus,099,539301,18658,18194,906,19100,417
2020-11-05,Sutter,101,95872,2064,1925,2,1927,12
2020-11-05,Tehama,103,63373,1114,1015,2,1017,6
2020-11-05,Trinity,105,12862,127,41,15,56,0
2020-11-05,Tulare,107,460477,18884,18049,592,18641,301
2020-11-05,Tuolumne,109,53932,414,312,5,317,5
2020-11-05,Ventura,111,848112,16148,15113,439,15552,155
2020-11-05,Yolo,113,214977,3635,3391,10,3401,61
2020-11-05,Yuba,115,75493,1409,1322,7,1329,10
2020-11-04,Alameda,001,1643700,25178,24172,248,24420,418
2020-11-04,Alpine,003,1148,20,5,0,5,0
2020-11-04,Amador,005,37829,390,362,0,362,16
2020-11-04,Butte,007,227075,3382,3218,54,3272,57
2020-11-04,Calaveras,009,45235,354,290,0,290,19
2020-11-04,Colusa,011,21464,589,571,1,572,6
2020-11-04,Contra Costa,013,1133247,20321,19472,99,19571,251
2020-11-04,Del Norte,015,27424,197,188,0,188,2
2020-11-04,El Dorado,017,186661,1591,1448,12,1460,4
2020-11-04,Fresno,019,978130,35339,31952,594,32546,457
2020-11-04,Glenn,021,27897,732,701,6,707,3
2020-11-04,Humboldt,023,135768,618,571,1,572,9
2020-11-04,Imperial,025,180216,13562,13087,24,13111,335
2020-11-04,Inyo,027,18085,258,247,5,252,14
2020-11-04,Kern,029,883053,35294,34027,585,34612,439
2020-11-04,Kings,031,150075,9249,8817,74,8891,83
2020-11-04,Lake,033,64148,776,735,0,735,16
2020-11-04,Lassen,035,31185,816,781,2,783,0
2020-11-04,Los Angeles,037,10098052,320857,310456,3392,313848,7124
2020-11-04,Madera,039,155013,5344,5083,58,5141,54
2020-11-04,Marin,041,260295,7303,7157,22,7179,131
2020-11-04,Mariposa,043,17540,88,79,0,79,2
2020-11-04,Mendocino,045,87422,1168,1089,5,1094,22
2020-11-04,Merced,047,269075,10043,9717,48,9765,153
2020-11-04,Modoc,049,8938,59,47,11,58,0
2020-11-04,Mono,051,14174,447,237,7,244,1
2020-11-04,Monterey,053,433212,12233,11743,98,11841,96
2020-11-04,Napa,055,140530,2338,2133,9,2142,15
2020-11-04,Nevada,057,99092,760,675,22,697,9
2020-11-04,Orange,059,3164182,63989,60463,1952,62415,1483
2020-11-04,Placer,061,380077,4981,4526,24,4550,60
2020-11-04,Plumas,063,18699,112,88,0,88,0
2020-11-04,Riverside,065,2383286,72449,69562,668,70230,1335
2020-11-04,Sacramento,067,1510023,28263,27005,42,27047,510
2020-11-04,San Benito,069,59416,1519,1464,1,1465,15
2020-11-04,San Bernardino,071,2135413,70093,65891,554,66445,1169
2020-11-04,San Diego,073,3302833,61992,58126,1886,60012,904
2020-11-04,San Francisco,075,870044,13179,12649,60,12709,146
2020-11-04,San Joaquin,077,732212,23005,22197,287,22484,500
2020-11-04,San Luis Obispo,079,281455,4956,4389,50,4439,32
2020-11-04,San Mateo,081,765935,12091,11456,12,11468,168
2020-11-04,Santa Barbara,083,443738,10292,10026,133,10159,132
2020-11-04,Santa Clara,085,1922200,27536,25487,53,25540,393
2020-11-04,Santa Cruz,087,273765,3243,2997,37,3034,25
2020-11-04,Shasta,089,179085,3016,2321,35,2356,34
2020-11-04,Sierra,091,2930,9,6,0,6,0
2020-11-04,Siskiyou,093,43540,266,222,12,234,0
2020-11-04,Solano,095,438530,8239,7733,42,7775,85
2020-11-04,Sonoma,097,501317,10456,9965,34,9999,142
2020-11-04,Stanislaus,099,539301,18541,18114,891,19005,416
2020-11-04,Sutter,101,95872,2030,1916,2,1918,12
2020-11-04,Tehama,103,63373,1088,997,2,999,6
2020-11-04,Trinity,105,12862,123,37,15,52,0
2020-11-04,Tulare,107,460477,18774,17952,564,18516,298
2020-11-04,Tuolumne,109,53932,390,310,5,315,5
2020-11-04,Ventura,111,848112,16008,14936,436,15372,155
2020-11-04,Yolo,113,214977,3594,3361,10,3371,62
2020-11-04,Yuba,115,75493,1388,1312,7,1319,10
2020-11-03,Alameda,001,1643700,24994,24055,246,24301,418
2020-11-03,Alpine,003,1148,19,4,0,4,0
2020-11-03,Amador,005,37829,385,361,0,361,16
2020-11-03,Butte,007,227075,3358,3211,49,3260,57
2020-11-03,Calaveras,009,45235,350,287,0,287,19
2020-11-03,Colusa,011,21464,584,572,1,573,6
2020-11-03,Contra Costa,013,1133247,20166,19416,99,19515,250
2020-11-03,Del Norte,015,27424,196,187,0,187,2
2020-11-03,El Dorado,017,186661,1569,1445,11,1456,4
2020-11-03,Fresno,019,978130,35072,31856,571,32427,457
2020-11-03,Glenn,021,27897,726,698,6,704,3
2020-11-03,Humboldt,023,135768,612,570,1,571,8
2020-11-03,Imperial,025,180216,13473,13044,23,13067,335
2020-11-03,Inyo,027,18085,257,244,5,249,14
2020-11-03,Kern,029,883053,35103,33957,574,34531,439
2020-11-03,Kings,031,150075,9086,8783,69,8852,83
2020-11-03,Lake,033,64148,766,732,0,732,16
2020-11-03,Lassen,035,31185,807,782,2,784,0
2020-11-03,Los Angeles,037,10098052,318402,308812,3324,312136,7104
2020-11-03,Madera,039,155013,5307,5058,57,5115,54
2020-11-03,Marin,041,260295,7283,7147,21,7168,131
2020-11-03,Mariposa,043,17540,87,79,0,79,2
2020-11-03,Mendocino,045,87422,1153,1084,5,1089,22
2020-11-03,Merced,047,269075,9990,9713,47,9760,153
2020-11-03,Modoc,049,8938,57,47,9,56,0
2020-11-03,Mono,051,14174,443,210,7,217,1
2020-11-03,Monterey,053,433212,12164,11703,91,11794,94
2020-11-03,Napa,055,140530,2302,2130,9,2139,15
2020-11-03,Nevada,057,99092,740,670,21,691,9
2020-11-03,Orange,059,3164182,63559,60283,1940,62223,1477
2020-11-03,Placer,061,380077,4907,4514,24,4538,60
2020-11-03,Plumas,063,18699,109,86,0,86,0
2020-11-03,Riverside,065,2383286,71830,69300,643,69943,1325
2020-11-03,Sacramento,067,1510023,27883,26841,41,26882,510
2020-11-03,San Benito,069,59416,1509,1463,1,1464,15
2020-11-03,San Bernardino,071,2135413,69281,65320,546,65866,1159
2020-11-03,San Diego,073,3302833,61316,57722,1842,59564,901
2020-11-03,San Francisco,075,870044,13056,12585,60,12645,146
2020-11-03,San Joaquin,077,732212,22870,22109,281,22390,500
2020-11-03,San Luis Obispo,079,281455,4872,4371,48,4419,32
2020-11-03,San Mateo,081,765935,11996,11406,12,11418,162
2020-11-03,Santa Barbara,083,443738,10238,10008,128,10136,132
2020-11-03,Santa Clara,085,1922200,27264,25386,52,25438,393
2020-11-03,Santa Cruz,087,273765,3193,2980,36,3016,25
2020-11-03,Shasta,089,179085,2922,2288,28,2316,33
2020-11-03,Sierra,091,2930,7,6,0,6,0
2020-11-03,Siskiyou,093,43540,262,219,11,230,0
2020-11-03,Solano,095,438530,8156,7691,42,7733,85
2020-11-03,Sonoma,097,501317,10354,9906,34,9940,142
2020-11-03,Stanislaus,099,539301,18420,18080,880,18960,416
2020-11-03,Sutter,101,95872,1997,1914,2,1916,12
2020-11-03,Tehama,103,63373,1067,988,2,990,6
2020-11-03,Trinity,105,12862,116,36,14,50,0
2020-11-03,Tulare,107,460477,18668,17890,539,18429,297
2020-11-03,Tuolumne,109,53932,367,302,5,307,5
2020-11-03,Ventura,111,848112,15881,14816,429,15245,155
2020-11-03,Yolo,113,214977,3543,3343,10,3353,61
2020-11-03,Yuba,115,75493,1375,1295,7,1302,10
2020-11-02,Alameda,001,1643700,24798,23991,243,24234,419
2020-11-02,Alpine,003,1148,16,4,0,4,0
2020-11-02,Amador,005,37829,377,357,0,357,16
2020-11-02,Butte,007,227075,3338,3198,46,3244,57
2020-11-02,Calaveras,009,45235,350,282,0,282,18
2020-11-02,Colusa,011,21464,579,571,1,572,6
2020-11-02,Contra Costa,013,1133247,20013,19339,98,19437,250
2020-11-02,Del Norte,015,27424,193,175,0,175,2
2020-11-02,El Dorado,017,186661,1545,1405,11,1416,4
2020-11-02,Fresno,019,978130,34803,31738,554,32292,451
2020-11-02,Glenn,021,27897,720,692,5,697,3
2020-11-02,Humboldt,023,135768,603,569,1,570,8
2020-11-02,Imperial,025,180216,13393,13004,22,13026,334
2020-11-02,Inyo,027,18085,254,243,5,248,14
2020-11-02,Kern,029,883053,34945,33834,564,34398,437
2020-11-02,Kings,031,150075,9056,8654,66,8720,82
2020-11-02,Lake,033,64148,760,728,0,728,17
2020-11-02,Lassen,035,31185,799,782,2,784,0
2020-11-02,Los Angeles,037,10098052,316058,307620,3248,310868,7079
2020-11-02,Madera,039,155013,5276,5033,56,5089,54
2020-11-02,Marin,041,260295,7265,7132,20,7152,125
2020-11-02,Mariposa,043,17540,87,79,0,79,2
2020-11-02,Mendocino,045,87422,1139,1076,5,1081,21
2020-11-02,Merced,047,269075,9928,9664,41,9705,152
2020-11-02,Modoc,049,8938,54,45,5,50,0
2020-11-02,Mono,051,14174,441,211,7,218,1
2020-11-02,Monterey,053,433212,12057,11602,88,11690,93
2020-11-02,Napa,055,140530,2260,2081,9,2090,15
2020-11-02,Nevada,057,99092,724,656,21,677,9
2020-11-02,Orange,059,3164182,63154,59996,1924,61920,1474
2020-11-02,Placer,061,380077,4839,4461,22,4483,60
2020-11-02,Plumas,063,18699,101,86,0,86,0
2020-11-02,Riverside,065,2383286,71199,68833,602,69435,1321
2020-11-02,Sacramento,067,1510023,27541,26676,39,26715,508
2020-11-02,San Benito,069,59416,1497,1459,1,1460,15
2020-11-02,San Bernardino,071,2135413,68426,64629,535,65164,1157
2020-11-02,San Diego,073,3302833,60593,57429,1797,59226,891
2020-11-02,San Francisco,075,870044,12959,12436,59,12495,145
2020-11-02,San Joaquin,077,732212,22730,21919,273,22192,500
2020-11-02,San Luis Obispo,079,281455,4772,4303,45,4348,31
2020-11-02,San Mateo,081,765935,11887,11328,12,11340,161
2020-11-02,Santa Barbara,083,443738,10197,9985,123,10108,130
2020-11-02,Santa Clara,085,1922200,26974,25222,52,25274,387
2020-11-02,Santa Cruz,087,273765,3151,2943,36,2979,25
2020-11-02,Shasta,089,179085,2819,2174,24,2198,33
2020-11-02,Sierra,091,2930,7,6,0,6,0
2020-11-02,Siskiyou,093,43540,252,216,11,227,0
2020-11-02,Solano,095,438530,8038,7665,42,7707,84
2020-11-02,Sonoma,097,501317,10272,9796,33,9829,140
2020-11-02,Stanislaus,099,539301,18324,18005,871,18876,412
2020-11-02,Sutter,101,95872,1973,1895,2,1897,12
2020-11-02,Tehama,103,63373,1044,971,2,973,6
2020-11-02,Trinity,105,12862,110,30,14,44,0
2020-11-02,Tulare,107,460477,18575,17774,518,18292,299
2020-11-02,Tuolumne,109,53932,346,302,5,307,5
2020-11-02,Ventura,111,848112,15740,14767,415,15182,156
2020-11-02,Yolo,113,214977,3494,3318,10,3328,61
2020-11-02,Yuba,115,75493,1362,1280,7,1287,10
2020-11-01,Alameda,001,1643700,24635,23892,241,24133,419
2020-11-01,Alpine,003,1148,10,4,0,4,0
2020-11-01,Amador,005,37829,374,352,0,352,16
2020-11-01,Butte,007,227075,3315,3185,45,3230,57
2020-11-01,Calaveras,009,45235,349,282,0,282,18
2020-11-01,Colusa,011,21464,577,567,1,568,6
2020-11-01,Contra Costa,013,1133247,19839,19246,97,19343,250
2020-11-01,Del Norte,015,27424,189,175,0,175,2
2020-11-01,El Dorado,017,186661,1529,1394,11,1405,4
2020-11-01,Fresno,019,978130,34546,31613,534,32147,451
2020-11-01,Glenn,021,27897,711,688,3,691,3
2020-11-01,Humboldt,023,135768,595,568,1,569,8
2020-11-01,Imperial,025,180216,13302,12969,20,12989,334
2020-11-01,Inyo,027,18085,252,241,5,246,14
2020-11-01,Kern,029,883053,34764,33760,473,34233,437
2020-11-01,Kings,031,150075,9018,8641,65,8706,82
2020-11-01,Lake,033,64148,754,727,0,727,17
2020-11-01,Lassen,035,31185,799,782,2,784,0
2020-11-01,Los Angeles,037,10098052,313491,306217,3157,309374,7077
2020-11-01,Madera,039,155013,5228,5019,54,5073,54
2020-11-01,Marin,041,260295,7248,7124,20,7144,125
2020-11-01,Mariposa,043,17540,83,79,0,79,2
2020-11-01,Mendocino,045,87422,1126,1074,5,1079,21
2020-11-01,Merced,047,269075,9867,9626,41,9667,152
2020-11-01,Modoc,049,8938,53,45,5,50,0
2020-11-01,Mono,051,14174,412,211,6,217,1
2020-11-01,Monterey,053,433212,11950,11587,85,11672,93
2020-11-01,Napa,055,140530,2226,2067,9,2076,15
2020-11-01,Nevada,057,99092,708,646,20,666,9
2020-11-01,Orange,059,3164182,62752,59733,1898,61631,1475
2020-11-01,Placer,061,380077,4773,4422,21,4443,58
2020-11-01,Plumas,063,18699,96,86,0,86,0
2020-11-01,Riverside,065,2383286,70569,68493,566,69059,1319
2020-11-01,Sacramento,067,1510023,27220,26442,39,26481,508
2020-11-01,San Benito,069,59416,1482,1451,1,1452,15
2020-11-01,San Bernardino,071,2135413,67583,64339,514,64853,1157
2020-11-01,San Diego,073,3302833,59905,57122,1757,58879,891
2020-11-01,San Francisco,075,870044,12836,12436,54,12490,145
2020-11-01,San Joaquin,077,732212,22602,21919,267,22186,500
2020-11-01,San Luis Obispo,079,281455,4692,4303,44,4347,31
2020-11-01,San Mateo,081,765935,11806,11280,12,11292,160
2020-11-01,Santa Barbara,083,443738,10146,9969,107,10076,130
2020-11-01,Santa Clara,085,1922200,26695,25090,52,25142,386
2020-11-01,Santa Cruz,087,273765,3098,2921,36,2957,25
2020-11-01,Shasta,089,179085,2684,2172,23,2195,33
2020-11-01,Sierra,091,2930,7,6,0,6,0
2020-11-01,Siskiyou,093,43540,247,205,11,216,0
2020-11-01,Solano,095,438530,7948,7591,42,7633,84
2020-11-01,Sonoma,097,501317,10180,9688,33,9721,140
2020-11-01,Stanislaus,099,539301,18223,17961,851,18812,412
2020-11-01,Sutter,101,95872,1947,1888,1,1889,12
2020-11-01,Tehama,103,63373,1027,965,2,967,5
2020-11-01,Trinity,105,12862,108,30,13,43,0
2020-11-01,Tulare,107,460477,18463,17774,487,18261,299
2020-11-01,Tuolumne,109,53932,324,295,5,300,5
2020-11-01,Ventura,111,848112,15591,14686,384,15070,156
2020-11-01,Yolo,113,214977,3446,3303,10,3313,60
2020-11-01,Yuba,115,75493,1345,1273,7,1280,10
2020-10-31,Alameda,001,1643700,24519,23780,237,24017,416
2020-10-31,Alpine,003,1148,10,4,0,4,0
2020-10-31,Amador,005,37829,370,347,0,347,16
2020-10-31,Butte,007,227075,3302,3172,43,3215,57
2020-10-31,Calaveras,009,45235,349,280,0,280,18
2020-10-31,Colusa,011,21464,575,555,1,556,6
2020-10-31,Contra Costa,013,1133247,19734,19161,97,19258,249
2020-10-31,Del Norte,015,27424,188,175,0,175,2
2020-10-31,El Dorado,017,186661,1520,1390,11,1401,4
2020-10-31,Fresno,019,978130,34409,31558,531,32089,451
2020-10-31,Glenn,021,27897,709,678,3,681,3
2020-10-31,Humboldt,023,135768,592,561,1,562,8
2020-10-31,Imperial,025,180216,13260,12912,20,12932,334
2020-10-31,Inyo,027,18085,251,241,5,246,14
2020-10-31,Kern,029,883053,34661,33666,464,34130,437
2020-10-31,Kings,031,150075,8997,8612,64,8676,82
2020-10-31,Lake,033,64148,750,724,0,724,16
2020-10-31,Lassen,035,31185,794,782,2,784,0
2020-10-31,Los Angeles,037,10098052,312116,304704,3115,307819,7073
2020-10-31,Madera,039,155013,5210,5013,51,5064,54
2020-10-31,Marin,041,260295,7232,7112,20,7132,125
2020-10-31,Mariposa,043,17540,83,79,0,79,2
2020-10-31,Mendocino,045,87422,1118,1066,5,1071,21
2020-10-31,Merced,047,269075,9834,9597,40,9637,151
2020-10-31,Modoc,049,8938,52,34,4,38,0
2020-10-31,Mono,051,14174,263,194,5,199,1
2020-10-31,Monterey,053,433212,11882,11539,81,11620,93
2020-10-31,Napa,055,140530,2207,2040,9,2049,15
2020-10-31,Nevada,057,99092,690,644,20,664,9
2020-10-31,Orange,059,3164182,62494,59488,1880,61368,1473
2020-10-31,Placer,061,380077,4723,4374,20,4394,58
2020-10-31,Plumas,063,18699,95,85,0,85,0
2020-10-31,Riverside,065,2383286,70212,68178,543,68721,1319
2020-10-31,Sacramento,067,1510023,27021,26316,37,26353,507
2020-10-31,San Benito,069,59416,1475,1448,1,1449,15
2020-10-31,San Bernardino,071,2135413,67157,64016,504,64520,1157
2020-10-31,San Diego,073,3302833,59452,56769,1729,58498,891
2020-10-31,San Francisco,075,870044,12762,12438,53,12491,145
2020-10-31,San Joaquin,077,732212,22527,21918,258,22176,500
2020-10-31,San Luis Obispo,079,281455,4623,4285,41,4326,31
2020-10-31,San Mateo,081,765935,11754,11253,12,11265,160
2020-10-31,Santa Barbara,083,443738,10117,9957,99,10056,130
2020-10-31,Santa Clara,085,1922200,26526,24957,52,25009,379
2020-10-31,Santa Cruz,087,273765,3063,2895,35,2930,25
2020-10-31,Shasta,089,179085,2630,2122,22,2144,33
2020-10-31,Sierra,091,2930,7,6,0,6,0
2020-10-31,Siskiyou,093,43540,245,200,11,211,0
2020-10-31,Solano,095,438530,7884,7545,42,7587,84
2020-10-31,Sonoma,097,501317,10127,9648,33,9681,140
2020-10-31,Stanislaus,099,539301,18160,17920,835,18755,412
2020-10-31,Sutter,101,95872,1938,1876,1,1877,12
2020-10-31,Tehama,103,63373,1017,953,2,955,5
2020-10-31,Trinity,105,12862,105,30,13,43,0
2020-10-31,Tulare,107,460477,18414,17758,479,18237,299
2020-10-31,Tuolumne,109,53932,317,290,5,295,5
2020-10-31,Ventura,111,848112,15507,14635,366,15001,155
2020-10-31,Yolo,113,214977,3411,3290,10,3300,60
2020-10-31,Yuba,115,75493,1329,1260,6,1266,10
2020-10-30,Alameda,001,1643700,24440,23676,235,23911,401
2020-10-30,Alpine,003,1148,10,4,0,4,0
2020-10-30,Amador,005,37829,370,344,0,344,16
2020-10-30,Butte,007,227075,3297,3160,43,3203,57
2020-10-30,Calaveras,009,45235,348,279,0,279,18
2020-10-30,Colusa,011,21464,573,554,1,555,6
2020-10-30,Contra Costa,013,1133247,19662,19074,97,19171,249
2020-10-30,Del Norte,015,27424,187,175,0,175,2
2020-10-30,El Dorado,017,186661,1507,1386,11,1397,4
2020-10-30,Fresno,019,978130,34287,31409,522,31931,446
2020-10-30,Glenn,021,27897,703,674,2,676,3
2020-10-30,Humboldt,023,135768,591,561,1,562,7
2020-10-30,Imperial,025,180216,13219,12853,20,12873,334
2020-10-30,Inyo,027,18085,250,241,5,246,14
2020-10-30,Kern,029,883053,34568,33583,463,34046,437
2020-10-30,Kings,031,150075,8987,8564,62,8626,82
2020-10-30,Lake,033,64148,750,720,0,720,16
2020-10-30,Lassen,035,31185,788,777,2,779,0
2020-10-30,Los Angeles,037,10098052,310679,303425,3081,306506,7060
2020-10-30,Madera,039,155013,5198,4991,49,5040,54
2020-10-30,Marin,041,260295,7212,7097,20,7117,125
2020-10-30,Mariposa,043,17540,83,78,0,78,2
2020-10-30,Mendocino,045,87422,1116,1062,5,1067,21
2020-10-30,Merced,047,269075,9802,9539,40,9579,150
2020-10-30,Modoc,049,8938,51,34,3,37,0
2020-10-30,Mono,051,14174,262,193,5,198,1
2020-10-30,Monterey,053,433212,11819,11491,76,11567,92
2020-10-30,Napa,055,140530,2189,2028,9,2037,15
2020-10-30,Nevada,057,99092,684,634,20,654,9
2020-10-30,Orange,059,3164182,62253,59334,1868,61202,1469
2020-10-30,Placer,061,380077,4676,4335,20,4355,58
2020-10-30,Plumas,063,18699,92,80,0,80,0
2020-10-30,Riverside,065,2383286,69874,67752,523,68275,1317
2020-10-30,Sacramento,067,1510023,26873,26147,37,26184,505
2020-10-30,San Benito,069,59416,1469,1440,1,1441,15
2020-10-30,San Bernardino,071,2135413,66741,63512,501,64013,1156
2020-10-30,San Diego,073,3302833,59047,56387,1707,58094,888
2020-10-30,San Francisco,075,870044,12707,12384,53,12437,145
2020-10-30,San Joaquin,077,732212,22460,21849,252,22101,500
2020-10-30,San Luis Obispo,079,281455,4580,4256,41,4297,31
2020-10-30,San Mateo,081,765935,11695,11207,12,11219,159
2020-10-30,Santa Barbara,083,443738,10094,9937,99,10036,128
2020-10-30,Santa Clara,085,1922200,26377,24811,52,24863,378
2020-10-30,Santa Cruz,087,273765,3045,2874,35,2909,25
2020-10-30,Shasta,089,179085,2586,2048,21,2069,32
2020-10-30,Sierra,091,2930,7,6,0,6,0
2020-10-30,Siskiyou,093,43540,245,192,11,203,0
2020-10-30,Solano,095,438530,7823,7497,42,7539,84
2020-10-30,Sonoma,097,501317,10052,9602,33,9635,140
2020-10-30,Stanislaus,099,539301,18112,17861,819,18680,410
2020-10-30,Sutter,101,95872,1925,1860,1,1861,12
2020-10-30,Tehama,103,63373,1013,932,2,934,5
2020-10-30,Trinity,105,12862,105,29,13,42,0
2020-10-30,Tulare,107,460477,18370,17682,464,18146,299
2020-10-30,Tuolumne,109,53932,310,286,5,291,4
2020-10-30,Ventura,111,848112,15434,14578,354,14932,154
2020-10-30,Yolo,113,214977,3394,3263,10,3273,60
2020-10-30,Yuba,115,75493,1321,1256,6,1262,10
2020-10-29,Alameda,001,1643700,24277,23530,234,23764,401
2020-10-29,Alpine,003,1148,7,4,0,4,0
2020-10-29,Amador,005,37829,366,338,0,338,16
2020-10-29,Butte,007,227075,3279,3143,42,3185,57
2020-10-29,Calaveras,009,45235,346,278,0,278,13
2020-10-29,Colusa,011,21464,569,552,1,553,6
2020-10-29,Contra Costa,013,1133247,19564,18933,96,19029,249
2020-10-29,Del Norte,015,27424,185,174,0,174,2
2020-10-29,El Dorado,017,186661,1485,1370,11,1381,4
2020-10-29,Fresno,019,978130,34130,31321,515,31836,445
2020-10-29,Glenn,021,27897,701,673,2,675,3
2020-10-29,Humboldt,023,135768,586,559,1,560,7
2020-10-29,Imperial,025,180216,13175,12769,20,12789,334
2020-10-29,Inyo,027,18085,248,238,5,243,14
2020-10-29,Kern,029,883053,34467,33460,459,33919,437
2020-10-29,Kings,031,150075,8833,8502,61,8563,82
2020-10-29,Lake,033,64148,747,702,0,702,16
2020-10-29,Lassen,035,31185,787,772,2,774,0
2020-10-29,Los Angeles,037,10098052,309049,302246,3035,305281,7046
2020-10-29,Madera,039,155013,5168,4970,47,5017,53
2020-10-29,Marin,041,260295,7198,7083,20,7103,125
2020-10-29,Mariposa,043,17540,81,78,0,78,2
2020-10-29,Mendocino,045,87422,1110,1058,5,1063,21
2020-10-29,Merced,047,269075,9750,9496,40,9536,150
2020-10-29,Modoc,049,8938,49,31,3,34,0
2020-10-29,Mono,051,14174,255,176,5,181,1
2020-10-29,Monterey,053,433212,11738,11425,74,11499,92
2020-10-29,Napa,055,140530,2165,2009,9,2018,15
2020-10-29,Nevada,057,99092,677,632,20,652,9
2020-10-29,Orange,059,3164182,61985,59046,1848,60894,1464
2020-10-29,Placer,061,380077,4631,4270,18,4288,58
2020-10-29,Plumas,063,18699,90,69,0,69,0
2020-10-29,Riverside,065,2383286,69497,67268,493,67761,1304
2020-10-29,Sacramento,067,1510023,26660,25978,36,26014,507
2020-10-29,San Benito,069,59416,1464,1431,1,1432,15
2020-10-29,San Bernardino,071,2135413,66174,62968,491,63459,1150
2020-10-29,San Diego,073,3302833,58581,55916,1678,57594,885
2020-10-29,San Francisco,075,870044,12628,12312,53,12365,145
2020-10-29,San Joaquin,077,732212,22376,21736,240,21976,498
2020-10-29,San Luis Obispo,079,281455,4549,4223,40,4263,31
2020-10-29,San Mateo,081,765935,11650,11145,12,11157,157
2020-10-29,Santa Barbara,083,443738,10061,9902,97,9999,128
2020-10-29,Santa Clara,085,1922200,26226,24614,52,24666,377
2020-10-29,Santa Cruz,087,273765,3020,2850,35,2885,24
2020-10-29,Shasta,089,179085,2523,2008,21,2029,32
2020-10-29,Sierra,091,2930,6,6,0,6,0
2020-10-29,Siskiyou,093,43540,229,185,11,196,0
2020-10-29,Solano,095,438530,7761,7453,42,7495,78
2020-10-29,Sonoma,097,501317,9987,9533,33,9566,140
2020-10-29,Stanislaus,099,539301,18059,17790,798,18588,410
2020-10-29,Sutter,101,95872,1918,1852,1,1853,12
2020-10-29,Tehama,103,63373,995,925,2,927,5
2020-10-29,Trinity,105,12862,100,28,12,40,0
2020-10-29,Tulare,107,460477,18292,17627,445,18072,299
2020-10-29,Tuolumne,109,53932,305,279,5,284,4
2020-10-29,Ventura,111,848112,15343,14486,350,14836,154
2020-10-29,Yolo,113,214977,3365,3246,10,3256,60
2020-10-29,Yuba,115,75493,1310,1248,6,1254,10
2020-10-28,Alameda,001,1643700,24177,23468,233,23701,400
2020-10-28,Alpine,003,1148,6,4,0,4,0
2020-10-28,Amador,005,37829,363,337,0,337,16
2020-10-28,Butte,007,227075,3263,3134,39,3173,56
2020-10-28,Calaveras,009,45235,345,278,0,278,13
2020-10-28,Colusa,011,21464,566,551,1,552,6
2020-10-28,Contra Costa,013,1133247,19477,18828,95,18923,246
2020-10-28,Del Norte,015,27424,182,173,0,173,2
2020-10-28,El Dorado,017,186661,1473,1363,11,1374,4
2020-10-28,Fresno,019,978130,34009,31195,509,31704,444
2020-10-28,Glenn,021,27897,697,673,2,675,3
2020-10-28,Humboldt,023,135768,582,559,1,560,7
2020-10-28,Imperial,025,180216,13126,12730,20,12750,333
2020-10-28,Inyo,027,18085,248,238,5,243,14
2020-10-28,Kern,029,883053,34365,33424,440,33864,436
2020-10-28,Kings,031,150075,8811,8486,60,8546,82
2020-10-28,Lake,033,64148,744,700,0,700,15
2020-10-28,Lassen,035,31185,783,771,2,773,0
2020-10-28,Los Angeles,037,10098052,307590,300726,2993,303719,7031
2020-10-28,Madera,039,155013,5151,4954,46,5000,53
2020-10-28,Marin,041,260295,7187,7079,20,7099,126
2020-10-28,Mariposa,043,17540,81,78,0,78,2
2020-10-28,Mendocino,045,87422,1109,1037,5,1042,20
2020-10-28,Merced,047,269075,9724,9480,39,9519,150
2020-10-28,Modoc,049,8938,48,31,2,33,0
2020-10-28,Mono,051,14174,237,176,5,181,1
2020-10-28,Monterey,053,433212,11680,11330,72,11402,89
2020-10-28,Napa,055,140530,2139,1998,8,2006,15
2020-10-28,Nevada,057,99092,669,629,20,649,9
2020-10-28,Orange,059,3164182,61721,58801,1832,60633,1459
2020-10-28,Placer,061,380077,4575,4236,18,4254,57
2020-10-28,Plumas,063,18699,89,67,0,67,0
2020-10-28,Riverside,065,2383286,69099,67003,469,67472,1302
2020-10-28,Sacramento,067,1510023,26464,25838,35,25873,506
2020-10-28,San Benito,069,59416,1456,1429,1,1430,15
2020-10-28,San Bernardino,071,2135413,65715,62778,482,63260,1154
2020-10-28,San Diego,073,3302833,58198,55556,1649,57205,881
2020-10-28,San Francisco,075,870044,12570,12261,52,12313,145
2020-10-28,San Joaquin,077,732212,22292,21707,229,21936,498
2020-10-28,San Luis Obispo,079,281455,4505,4197,37,4234,31
2020-10-28,San Mateo,081,765935,11583,11101,12,11113,157
2020-10-28,Santa Barbara,083,443738,10037,9872,95,9967,127
2020-10-28,Santa Clara,085,1922200,26082,24503,52,24555,375
2020-10-28,Santa Cruz,087,273765,2989,2836,35,2871,24
2020-10-28,Shasta,089,179085,2443,1996,20,2016,31
2020-10-28,Sierra,091,2930,6,6,0,6,0
2020-10-28,Siskiyou,093,43540,226,182,10,192,0
2020-10-28,Solano,095,438530,7702,7362,42,7404,77
2020-10-28,Sonoma,097,501317,9897,9457,28,9485,140
2020-10-28,Stanislaus,099,539301,17994,17765,788,18553,409
2020-10-28,Sutter,101,95872,1909,1840,1,1841,12
2020-10-28,Tehama,103,63373,984,921,2,923,5
2020-10-28,Trinity,105,12862,93,28,11,39,0
2020-10-28,Tulare,107,460477,18235,17569,429,17998,297
2020-10-28,Tuolumne,109,53932,302,277,5,282,4
2020-10-28,Ventura,111,848112,15270,14409,341,14750,153
2020-10-28,Yolo,113,214977,3341,3230,10,3240,60
2020-10-28,Yuba,115,75493,1298,1245,6,1251,10
2020-10-27,Alameda,001,1643700,24063,23365,231,23596,400
2020-10-27,Alpine,003,1148,6,3,0,3,0
2020-10-27,Amador,005,37829,360,335,0,335,16
2020-10-27,Butte,007,227075,3247,3107,36,3143,56
2020-10-27,Calaveras,009,45235,343,277,0,277,13
2020-10-27,Colusa,011,21464,561,549,1,550,6
2020-10-27,Contra Costa,013,1133247,19371,18766,95,18861,246
2020-10-27,Del Norte,015,27424,179,173,0,173,2
2020-10-27,El Dorado,017,186661,1460,1351,11,1362,4
2020-10-27,Fresno,019,978130,33890,31096,504,31600,442
2020-10-27,Glenn,021,27897,695,667,1,668,3
2020-10-27,Humboldt,023,135768,579,559,1,560,7
2020-10-27,Imperial,025,180216,13077,12680,19,12699,333
2020-10-27,Inyo,027,18085,248,231,5,236,14
2020-10-27,Kern,029,883053,34248,33328,436,33764,436
2020-10-27,Kings,031,150075,8780,8411,60,8471,83
2020-10-27,Lake,033,64148,741,700,0,700,15
2020-10-27,Lassen,035,31185,781,764,2,766,0
2020-10-27,Los Angeles,037,10098052,306206,299438,2964,302402,7008
2020-10-27,Madera,039,155013,5121,4942,45,4987,53
2020-10-27,Marin,041,260295,7171,7070,20,7090,126
2020-10-27,Mariposa,043,17540,80,78,0,78,2
2020-10-27,Mendocino,045,87422,1103,1033,4,1037,20
2020-10-27,Merced,047,269075,9683,9449,39,9488,150
2020-10-27,Modoc,049,8938,46,31,2,33,0
2020-10-27,Mono,051,14174,223,169,5,174,1
2020-10-27,Monterey,053,433212,11624,11261,70,11331,88
2020-10-27,Napa,055,140530,2123,1979,8,1987,15
2020-10-27,Nevada,057,99092,663,622,20,642,8
2020-10-27,Orange,059,3164182,61449,58550,1816,60366,1448
2020-10-27,Placer,061,380077,4526,4197,16,4213,57
2020-10-27,Plumas,063,18699,86,63,0,63,0
2020-10-27,Riverside,065,2383286,68746,66699,424,67123,1299
2020-10-27,Sacramento,067,1510023,26277,25701,33,25734,501
2020-10-27,San Benito,069,59416,1451,1428,1,1429,15
2020-10-27,San Bernardino,071,2135413,65254,62357,469,62826,1154
2020-10-27,San Diego,073,3302833,57725,55226,1626,56852,877
2020-10-27,San Francisco,075,870044,12495,12218,51,12269,140
2020-10-27,San Joaquin,077,732212,22201,21637,220,21857,496
2020-10-27,San Luis Obispo,079,281455,4478,4148,33,4181,31
2020-10-27,San Mateo,081,765935,11535,11074,12,11086,156
2020-10-27,Santa Barbara,083,443738,10007,9874,94,9968,125
2020-10-27,Santa Clara,085,1922200,25940,24368,52,24420,367
2020-10-27,Santa Cruz,087,273765,2959,2815,34,2849,24
2020-10-27,Shasta,089,179085,2357,1962,20,1982,29
2020-10-27,Sierra,091,2930,6,6,0,6,0
2020-10-27,Siskiyou,093,43540,217,181,10,191,0
2020-10-27,Solano,095,438530,7633,7298,42,7340,77
2020-10-27,Sonoma,097,501317,9830,9389,28,9417,140
2020-10-27,Stanislaus,099,539301,17926,17720,781,18501,408
2020-10-27,Sutter,101,95872,1896,1832,1,1833,12
2020-10-27,Tehama,103,63373,970,913,2,915,5
2020-10-27,Trinity,105,12862,90,28,11,39,0
2020-10-27,Tulare,107,460477,18172,17520,406,17926,296
2020-10-27,Tuolumne,109,53932,298,275,5,280,4
2020-10-27,Ventura,111,848112,15187,14347,334,14681,153
2020-10-27,Yolo,113,214977,3327,3216,10,3226,58
2020-10-27,Yuba,115,75493,1285,1235,6,1241,10
2020-10-26,Alameda,001,1643700,23950,23284,230,23514,398
2020-10-26,Alpine,003,1148,4,3,0,3,0
2020-10-26,Amador,005,37829,356,331,0,331,16
2020-10-26,Butte,007,227075,3236,3095,34,3129,56
2020-10-26,Calaveras,009,45235,340,274,0,274,13
2020-10-26,Colusa,011,21464,559,548,1,549,6
2020-10-26,Contra Costa,013,1133247,19275,18718,94,18812,245
2020-10-26,Del Norte,015,27424,179,171,0,171,2
2020-10-26,El Dorado,017,186661,1446,1336,11,1347,4
2020-10-26,Fresno,019,978130,33777,30969,497,31466,441
2020-10-26,Glenn,021,27897,688,660,1,661,3
2020-10-26,Humboldt,023,135768,571,554,1,555,7
2020-10-26,Imperial,025,180216,13023,12654,16,12670,333
2020-10-26,Inyo,027,18085,248,226,5,231,14
2020-10-26,Kern,029,883053,34164,33233,431,33664,432
2020-10-26,Kings,031,150075,8759,8264,58,8322,82
2020-10-26,Lake,033,64148,739,697,0,697,15
2020-10-26,Lassen,035,31185,778,764,2,766,0
2020-10-26,Los Angeles,037,10098052,304777,297961,2923,300884,6979
2020-10-26,Madera,039,155013,5100,4922,44,4966,53
2020-10-26,Marin,041,260295,7165,7064,19,7083,104
2020-10-26,Mariposa,043,17540,80,77,0,77,2
2020-10-26,Mendocino,045,87422,1095,1026,4,1030,20
2020-10-26,Merced,047,269075,9636,9375,38,9413,150
2020-10-26,Modoc,049,8938,44,28,0,28,0
2020-10-26,Mono,051,14174,217,167,5,172,1
2020-10-26,Monterey,053,433212,11573,11207,66,11273,87
2020-10-26,Napa,055,140530,2091,1966,8,1974,14
2020-10-26,Nevada,057,99092,656,618,20,638,8
2020-10-26,Orange,059,3164182,61246,58377,1797,60174,1442
2020-10-26,Placer,061,380077,4484,4161,15,4176,57
2020-10-26,Plumas,063,18699,84,63,0,63,0
2020-10-26,Riverside,065,2383286,68294,66475,398,66873,1294
2020-10-26,Sacramento,067,1510023,26096,25555,31,25586,496
2020-10-26,San Benito,069,59416,1443,1424,1,1425,15
2020-10-26,San Bernardino,071,2135413,64783,61871,466,62337,1153
2020-10-26,San Diego,073,3302833,57332,54957,1588,56545,870
2020-10-26,San Francisco,075,870044,12435,12072,51,12123,138
2020-10-26,San Joaquin,077,732212,22118,21459,214,21673,495
2020-10-26,San Luis Obispo,079,281455,4452,4133,33,4166,31
2020-10-26,San Mateo,081,765935,11491,11037,12,11049,156
2020-10-26,Santa Barbara,083,443738,9984,9827,94,9921,122
2020-10-26,Santa Clara,085,1922200,25750,24258,51,24309,365
2020-10-26,Santa Cruz,087,273765,2933,2808,34,2842,24
2020-10-26,Shasta,089,179085,2303,1889,20,1909,29
2020-10-26,Sierra,091,2930,6,6,0,6,0
2020-10-26,Siskiyou,093,43540,209,179,10,189,0
2020-10-26,Solano,095,438530,7553,7271,42,7313,62
2020-10-26,Sonoma,097,501317,9752,9315,28,9343,140
2020-10-26,Stanislaus,099,539301,17876,17666,771,18437,400
2020-10-26,Sutter,101,95872,1888,1817,1,1818,12
2020-10-26,Tehama,103,63373,950,892,2,894,5
2020-10-26,Trinity,105,12862,89,26,11,37,0
2020-10-26,Tulare,107,460477,18095,17432,383,17815,296
2020-10-26,Tuolumne,109,53932,289,271,5,276,4
2020-10-26,Ventura,111,848112,15117,14330,331,14661,154
2020-10-26,Yolo,113,214977,3308,3206,10,3216,58
2020-10-26,Yuba,115,75493,1269,1226,6,1232,10
2020-10-25,Alameda,001,1643700,23844,23192,230,23422,398
2020-10-25,Alpine,003,1148,3,3,0,3,0
2020-10-25,Amador,005,37829,345,330,0,330,16
2020-10-25,Butte,007,227075,3217,3087,34,3121,56
2020-10-25,Calaveras,009,45235,339,274,0,274,13
2020-10-25,Colusa,011,21464,555,548,1,549,6
2020-10-25,Contra Costa,013,1133247,19173,18640,94,18734,245
2020-10-25,Del Norte,015,27424,175,171,0,171,2
2020-10-25,El Dorado,017,186661,1431,1328,11,1339,4
2020-10-25,Fresno,019,978130,33643,30858,484,31342,441
2020-10-25,Glenn,021,27897,685,652,1,653,3
2020-10-25,Humboldt,023,135768,568,554,1,555,7
2020-10-25,Imperial,025,180216,12974,12572,16,12588,333
2020-10-25,Inyo,027,18085,245,226,5,231,14
2020-10-25,Kern,029,883053,34057,33185,427,33612,432
2020-10-25,Kings,031,150075,8726,8246,56,8302,82
2020-10-25,Lake,033,64148,722,695,0,695,15
2020-10-25,Lassen,035,31185,776,764,2,766,0
2020-10-25,Los Angeles,037,10098052,303215,297110,2886,299996,6973
2020-10-25,Madera,039,155013,5070,4909,39,4948,53
2020-10-25,Marin,041,260295,7155,7052,19,7071,102
2020-10-25,Mariposa,043,17540,80,77,0,77,2
2020-10-25,Mendocino,045,87422,1088,1024,4,1028,20
2020-10-25,Merced,047,269075,9571,9352,36,9388,150
2020-10-25,Modoc,049,8938,39,28,0,28,0
2020-10-25,Mono,051,14174,209,167,5,172,1
2020-10-25,Monterey,053,433212,11490,11182,61,11243,87
2020-10-25,Napa,055,140530,2061,1962,8,1970,14
2020-10-25,Nevada,057,99092,648,616,20,636,8
2020-10-25,Orange,059,3164182,60958,58185,1788,59973,1443
2020-10-25,Placer,061,380077,4432,4140,15,4155,57
2020-10-25,Plumas,063,18699,84,63,0,63,0
2020-10-25,Riverside,065,2383286,67843,66192,382,66574,1289
2020-10-25,Sacramento,067,1510023,25881,25445,28,25473,496
2020-10-25,San Benito,069,59416,1436,1423,1,1424,15
2020-10-25,San Bernardino,071,2135413,64243,61551,454,62005,1153
2020-10-25,San Diego,073,3302833,56869,54599,1556,56155,870
2020-10-25,San Francisco,075,870044,12362,12072,51,12123,137
2020-10-25,San Joaquin,077,732212,22010,21459,206,21665,495
2020-10-25,San Luis Obispo,079,281455,4410,4126,31,4157,31
2020-10-25,San Mateo,081,765935,11446,10987,12,10999,156
2020-10-25,Santa Barbara,083,443738,9964,9814,94,9908,122
2020-10-25,Santa Clara,085,1922200,25562,24087,51,24138,365
2020-10-25,Santa Cruz,087,273765,2906,2789,34,2823,24
2020-10-25,Shasta,089,179085,2239,1889,20,1909,29
2020-10-25,Sierra,091,2930,6,6,0,6,0
2020-10-25,Siskiyou,093,43540,206,176,10,186,0
2020-10-25,Solano,095,438530,7475,7197,42,7239,60
2020-10-25,Sonoma,097,501317,9659,9235,27,9262,140
2020-10-25,Stanislaus,099,539301,17819,17641,761,18402,400
2020-10-25,Sutter,101,95872,1870,1811,1,1812,12
2020-10-25,Tehama,103,63373,933,880,2,882,5
2020-10-25,Trinity,105,12862,85,26,11,37,0
2020-10-25,Tulare,107,460477,18021,17431,373,17804,296
2020-10-25,Tuolumne,109,53932,284,271,5,276,4
2020-10-25,Ventura,111,848112,15024,14300,325,14625,154
2020-10-25,Yolo,113,214977,3287,3190,10,3200,58
2020-10-25,Yuba,115,75493,1261,1219,6,1225,10
2020-10-24,Alameda,001,1643700,23773,23099,227,23326,398
2020-10-24,Alpine,003,1148,3,3,0,3,0
2020-10-24,Amador,005,37829,344,328,0,328,16
2020-10-24,Butte,007,227075,3208,3078,34,3112,56
2020-10-24,Calaveras,009,45235,337,274,0,274,13
2020-10-24,Colusa,011,21464,550,548,1,549,6
2020-10-24,Contra Costa,013,1133247,19106,18567,94,18661,244
2020-10-24,Del Norte,015,27424,174,171,0,171,2
2020-10-24,El Dorado,017,186661,1415,1317,11,1328,4
2020-10-24,Fresno,019,978130,33582,30752,479,31231,441
2020-10-24,Glenn,021,27897,682,650,1,651,3
2020-10-24,Humboldt,023,135768,566,553,1,554,7
2020-10-24,Imperial,025,180216,12947,12469,16,12485,333
2020-10-24,Inyo,027,18085,245,226,5,231,14
2020-10-24,Kern,029,883053,33999,33105,422,33527,432
2020-10-24,Kings,031,150075,8716,8228,55,8283,82
2020-10-24,Lake,033,64148,717,696,0,696,15
2020-10-24,Lassen,035,31185,775,764,2,766,0
2020-10-24,Los Angeles,037,10098052,302396,296323,2864,299187,6969
2020-10-24,Madera,039,155013,5057,4898,38,4936,53
2020-10-24,Marin,041,260295,7146,7042,19,7061,102
2020-10-24,Mariposa,043,17540,80,77,0,77,2
2020-10-24,Mendocino,045,87422,1076,1022,4,1026,20
2020-10-24,Merced,047,269075,9547,9351,36,9387,150
2020-10-24,Modoc,049,8938,38,28,0,28,0
2020-10-24,Mono,051,14174,195,167,5,172,1
2020-10-24,Monterey,053,433212,11421,11153,60,11213,87
2020-10-24,Napa,055,140530,2044,1957,8,1965,14
2020-10-24,Nevada,057,99092,644,608,20,628,8
2020-10-24,Orange,059,3164182,60803,57928,1778,59706,1441
2020-10-24,Placer,061,380077,4401,4093,15,4108,57
2020-10-24,Plumas,063,18699,78,63,0,63,0
2020-10-24,Riverside,065,2383286,67635,65902,367,66269,1288
2020-10-24,Sacramento,067,1510023,25800,25372,28,25400,496
2020-10-24,San Benito,069,59416,1431,1417,1,1418,15
2020-10-24,San Bernardino,071,2135413,64003,61351,445,61796,1153
2020-10-24,San Diego,073,3302833,56592,54330,1543,55873,868
2020-10-24,San Francisco,075,870044,12304,12073,50,12123,137
2020-10-24,San Joaquin,077,732212,21957,21458,201,21659,495
2020-10-24,San Luis Obispo,079,281455,4387,4119,30,4149,31
2020-10-24,San Mateo,081,765935,11407,10942,12,10954,155
2020-10-24,Santa Barbara,083,443738,9947,9781,94,9875,122
2020-10-24,Santa Clara,085,1922200,25475,23978,51,24029,365
2020-10-24,Santa Cruz,087,273765,2887,2775,34,2809,24
2020-10-24,Shasta,089,179085,2194,1878,20,1898,29
2020-10-24,Sierra,091,2930,6,6,0,6,0
2020-10-24,Siskiyou,093,43540,205,174,10,184,0
2020-10-24,Solano,095,438530,7422,7189,42,7231,60
2020-10-24,Sonoma,097,501317,9625,9179,27,9206,140
2020-10-24,Stanislaus,099,539301,17776,17574,745,18319,400
2020-10-24,Sutter,101,95872,1861,1804,1,1805,12
2020-10-24,Tehama,103,63373,925,872,2,874,5
2020-10-24,Trinity,105,12862,85,25,11,36,0
2020-10-24,Tulare,107,460477,17998,17406,362,17768,295
2020-10-24,Tuolumne,109,53932,281,269,5,274,4
2020-10-24,Ventura,111,848112,14971,14240,324,14564,154
2020-10-24,Yolo,113,214977,3275,3164,10,3174,57
2020-10-24,Yuba,115,75493,1258,1210,6,1216,10
2020-10-23,Alameda,001,1643700,23701,23047,225,23272,393
2020-10-23,Alpine,003,1148,3,3,0,3,0
2020-10-23,Amador,005,37829,343,324,0,324,16
2020-10-23,Butte,007,227075,3199,3059,34,3093,55
2020-10-23,Calaveras,009,45235,336,273,0,273,13
2020-10-23,Colusa,011,21464,550,547,1,548,6
2020-10-23,Contra Costa,013,1133247,19036,18483,93,18576,244
2020-10-23,Del Norte,015,27424,174,171,0,171,2
2020-10-23,El Dorado,017,186661,1406,1310,11,1321,4
2020-10-23,Fresno,019,978130,33515,30590,476,31066,441
2020-10-23,Glenn,021,27897,679,644,1,645,3
2020-10-23,Humboldt,023,135768,564,553,1,554,7
2020-10-23,Imperial,025,180216,12916,12398,15,12413,333
2020-10-23,Inyo,027,18085,244,226,5,231,14
2020-10-23,Kern,029,883053,33931,33077,417,33494,431
2020-10-23,Kings,031,150075,8707,8218,55,8273,82
2020-10-23,Lake,033,64148,715,689,0,689,15
2020-10-23,Lassen,035,31185,774,764,2,766,0
2020-10-23,Los Angeles,037,10098052,301314,294287,2836,297123,6956
2020-10-23,Madera,039,155013,5052,4888,38,4926,53
2020-10-23,Marin,041,260295,7133,7029,19,7048,102
2020-10-23,Mariposa,043,17540,80,77,0,77,2
2020-10-23,Mendocino,045,87422,1073,1019,4,1023,20
2020-10-23,Merced,047,269075,9533,9327,36,9363,149
2020-10-23,Modoc,049,8938,38,28,0,28,0
2020-10-23,Mono,051,14174,194,159,5,164,1
2020-10-23,Monterey,053,433212,11374,11099,56,11155,86
2020-10-23,Napa,055,140530,2036,1942,8,1950,14
2020-10-23,Nevada,057,99092,641,604,20,624,8
2020-10-23,Orange,059,3164182,60633,57595,1763,59358,1430
2020-10-23,Placer,061,380077,4354,4073,15,4088,57
2020-10-23,Plumas,063,18699,75,63,0,63,0
2020-10-23,Riverside,065,2383286,67396,65512,359,65871,1279
2020-10-23,Sacramento,067,1510023,25695,25224,28,25252,496
2020-10-23,San Benito,069,59416,1429,1412,1,1413,15
2020-10-23,San Bernardino,071,2135413,63718,60854,431,61285,1150
2020-10-23,San Diego,073,3302833,56286,53944,1516,55460,867
2020-10-23,San Francisco,075,870044,12273,12015,50,12065,137
2020-10-23,San Joaquin,077,732212,21901,21361,195,21556,495
2020-10-23,San Luis Obispo,079,281455,4362,4102,30,4132,31
2020-10-23,San Mateo,081,765935,11358,10872,12,10884,155
2020-10-23,Santa Barbara,083,443738,9931,9751,94,9845,121
2020-10-23,Santa Clara,085,1922200,25373,23822,51,23873,364
2020-10-23,Santa Cruz,087,273765,2873,2757,34,2791,24
2020-10-23,Shasta,089,179085,2157,1846,19,1865,29
2020-10-23,Sierra,091,2930,6,6,0,6,0
2020-10-23,Siskiyou,093,43540,201,172,10,182,0
2020-10-23,Solano,095,438530,7391,7174,42,7216,59
2020-10-23,Sonoma,097,501317,9568,9112,27,9139,139
2020-10-23,Stanislaus,099,539301,17739,17496,738,18234,395
2020-10-23,Sutter,101,95872,1854,1797,1,1798,12
2020-10-23,Tehama,103,63373,916,862,2,864,5
2020-10-23,Trinity,105,12862,85,26,11,37,0
2020-10-23,Tulare,107,460477,17953,17334,350,17684,295
2020-10-23,Tuolumne,109,53932,279,254,5,259,4
2020-10-23,Ventura,111,848112,14942,14192,324,14516,155
2020-10-23,Yolo,113,214977,3263,3140,10,3150,57
2020-10-23,Yuba,115,75493,1254,1206,6,1212,10
2020-10-22,Alameda,001,1643700,23599,22915,225,23140,393
2020-10-22,Alpine,003,1148,3,3,0,3,0
2020-10-22,Amador,005,37829,339,317,0,317,16
2020-10-22,Butte,007,227075,3189,3046,32,3078,55
2020-10-22,Calaveras,009,45235,333,273,0,273,13
2020-10-22,Colusa,011,21464,550,547,1,548,6
2020-10-22,Contra Costa,013,1133247,18965,18393,93,18486,243
2020-10-22,Del Norte,015,27424,173,168,0,168,2
2020-10-22,El Dorado,017,186661,1396,1308,11,1319,4
2020-10-22,Fresno,019,978130,33405,30471,468,30939,438
2020-10-22,Glenn,021,27897,672,643,1,644,3
2020-10-22,Humboldt,023,135768,562,548,1,549,7
2020-10-22,Imperial,025,180216,12863,12311,15,12326,333
2020-10-22,Inyo,027,18085,241,220,5,225,14
2020-10-22,Kern,029,883053,33850,32991,414,33405,431
2020-10-22,Kings,031,150075,8456,8201,55,8256,82
2020-10-22,Lake,033,64148,711,678,0,678,15
2020-10-22,Lassen,035,31185,771,764,2,766,0
2020-10-22,Los Angeles,037,10098052,299938,291599,2777,294376,6935
2020-10-22,Madera,039,155013,5031,4847,38,4885,52
2020-10-22,Marin,041,260295,7126,7014,19,7033,102
2020-10-22,Mariposa,043,17540,80,77,0,77,2
2020-10-22,Mendocino,045,87422,1068,1016,4,1020,20
2020-10-22,Merced,047,269075,9505,9323,36,9359,149
2020-10-22,Modoc,049,8938,34,26,0,26,0
2020-10-22,Mono,051,14174,189,156,5,161,1
2020-10-22,Monterey,053,433212,11315,11059,53,11112,84
2020-10-22,Napa,055,140530,2021,1928,8,1936,14
2020-10-22,Nevada,057,99092,635,600,20,620,8
2020-10-22,Orange,059,3164182,60418,57418,1746,59164,1422
2020-10-22,Placer,061,380077,4305,4036,15,4051,57
2020-10-22,Plumas,063,18699,72,62,0,62,0
2020-10-22,Riverside,065,2383286,67061,65104,339,65443,1279
2020-10-22,Sacramento,067,1510023,25555,25054,28,25082,492
2020-10-22,San Benito,069,59416,1425,1403,1,1404,15
2020-10-22,San Bernardino,071,2135413,63316,60402,416,60818,1149
2020-10-22,San Diego,073,3302833,55899,53514,1497,55011,866
2020-10-22,San Francisco,075,870044,12215,11991,48,12039,137
2020-10-22,San Joaquin,077,732212,21828,21282,189,21471,495
2020-10-22,San Luis Obispo,079,281455,4346,4081,30,4111,31
2020-10-22,San Mateo,081,765935,11302,10796,12,10808,155
2020-10-22,Santa Barbara,083,443738,9897,9710,92,9802,120
2020-10-22,Santa Clara,085,1922200,25219,23621,51,23672,363
2020-10-22,Santa Cruz,087,273765,2855,2738,33,2771,24
2020-10-22,Shasta,089,179085,2111,1799,19,1818,29
2020-10-22,Sierra,091,2930,6,6,0,6,0
2020-10-22,Siskiyou,093,43540,201,169,10,179,0
2020-10-22,Solano,095,438530,7345,7116,42,7158,59
2020-10-22,Sonoma,097,501317,9502,9052,26,9078,139
2020-10-22,Stanislaus,099,539301,17685,17440,726,18166,395
2020-10-22,Sutter,101,95872,1840,1794,1,1795,12
2020-10-22,Tehama,103,63373,905,852,2,854,5
2020-10-22,Trinity,105,12862,84,26,11,37,0
2020-10-22,Tulare,107,460477,17887,17265,337,17602,293
2020-10-22,Tuolumne,109,53932,277,252,5,257,4
2020-10-22,Ventura,111,848112,14895,14124,322,14446,154
2020-10-22,Yolo,113,214977,3251,3116,10,3126,58
2020-10-22,Yuba,115,75493,1247,1199,5,1204,10
2020-10-21,Alameda,001,1643700,23511,22853,223,23076,392
2020-10-21,Alpine,003,1148,3,3,0,3,0
2020-10-21,Amador,005,37829,334,313,0,313,16
2020-10-21,Butte,007,227075,3177,3041,32,3073,55
2020-10-21,Calaveras,009,45235,332,272,0,272,13
2020-10-21,Colusa,011,21464,550,546,1,547,6
2020-10-21,Contra Costa,013,1133247,18891,18299,93,18392,243
2020-10-21,Del Norte,015,27424,173,169,0,169,2
2020-10-21,El Dorado,017,186661,1384,1305,10,1315,4
2020-10-21,Fresno,019,978130,33309,30328,463,30791,433
2020-10-21,Glenn,021,27897,667,640,1,641,3
2020-10-21,Humboldt,023,135768,561,548,1,549,7
2020-10-21,Imperial,025,180216,12806,12210,15,12225,331
2020-10-21,Inyo,027,18085,237,220,5,225,14
2020-10-21,Kern,029,883053,33775,32956,412,33368,430
2020-10-21,Kings,031,150075,8429,8186,55,8241,80
2020-10-21,Lake,033,64148,710,676,0,676,15
2020-10-21,Lassen,035,31185,770,764,2,766,0
2020-10-21,Los Angeles,037,10098052,298598,288096,2735,290831,6923
2020-10-21,Madera,039,155013,5006,4831,38,4869,52
2020-10-21,Marin,041,260295,7117,7002,19,7021,102
2020-10-21,Mariposa,043,17540,80,77,0,77,2
2020-10-21,Mendocino,045,87422,1066,1011,4,1015,21
2020-10-21,Merced,047,269075,9481,9319,34,9353,149
2020-10-21,Modoc,049,8938,33,26,0,26,0
2020-10-21,Mono,051,14174,187,156,5,161,1
2020-10-21,Monterey,053,433212,11277,11005,52,11057,83
2020-10-21,Napa,055,140530,2006,1918,8,1926,13
2020-10-21,Nevada,057,99092,629,597,20,617,8
2020-10-21,Orange,059,3164182,60206,57189,1737,58926,1409
2020-10-21,Placer,061,380077,4268,4007,15,4022,56
2020-10-21,Plumas,063,18699,69,58,0,58,0
2020-10-21,Riverside,065,2383286,66765,64778,315,65093,1278
2020-10-21,Sacramento,067,1510023,25362,24908,28,24936,490
2020-10-21,San Benito,069,59416,1424,1401,1,1402,14
2020-10-21,San Bernardino,071,2135413,62906,59948,409,60357,1141
2020-10-21,San Diego,073,3302833,55547,53279,1469,54748,863
2020-10-21,San Francisco,075,870044,12166,11976,47,12023,137
2020-10-21,San Joaquin,077,732212,21752,21201,183,21384,495
2020-10-21,San Luis Obispo,079,281455,4319,4055,28,4083,31
2020-10-21,San Mateo,081,765935,11253,10730,12,10742,155
2020-10-21,Santa Barbara,083,443738,9880,9681,91,9772,121
2020-10-21,Santa Clara,085,1922200,25093,23537,51,23588,361
2020-10-21,Santa Cruz,087,273765,2832,2729,33,2762,24
2020-10-21,Shasta,089,179085,2075,1777,19,1796,27
2020-10-21,Sierra,091,2930,6,6,0,6,0
2020-10-21,Siskiyou,093,43540,197,169,10,179,0
2020-10-21,Solano,095,438530,7299,7088,42,7130,59
2020-10-21,Sonoma,097,501317,9422,8987,26,9013,138
2020-10-21,Stanislaus,099,539301,17635,17419,718,18137,392
2020-10-21,Sutter,101,95872,1826,1786,1,1787,12
2020-10-21,Tehama,103,63373,889,824,2,826,5
2020-10-21,Trinity,105,12862,78,25,10,35,0
2020-10-21,Tulare,107,460477,17849,17204,323,17527,292
2020-10-21,Tuolumne,109,53932,276,251,5,256,4
2020-10-21,Ventura,111,848112,14832,14050,319,14369,153
2020-10-21,Yolo,113,214977,3232,3095,10,3105,58
2020-10-21,Yuba,115,75493,1238,1194,5,1199,10
2020-10-20,Alameda,001,1643700,23408,22750,219,22969,391
2020-10-20,Alpine,003,1148,3,3,0,3,0
2020-10-20,Amador,005,37829,333,313,0,313,16
2020-10-20,Butte,007,227075,3165,3027,32,3059,56
2020-10-20,Calaveras,009,45235,330,273,0,273,13
2020-10-20,Colusa,011,21464,547,546,1,547,6
2020-10-20,Contra Costa,013,1133247,18799,18246,93,18339,241
2020-10-20,Del Norte,015,27424,172,169,0,169,2
2020-10-20,El Dorado,017,186661,1378,1295,10,1305,4
2020-10-20,Fresno,019,978130,33206,30220,457,30677,431
2020-10-20,Glenn,021,27897,662,638,1,639,3
2020-10-20,Humboldt,023,135768,557,545,1,546,7
2020-10-20,Imperial,025,180216,12738,12114,15,12129,330
2020-10-20,Inyo,027,18085,237,218,5,223,14
2020-10-20,Kern,029,883053,33700,32889,399,33288,429
2020-10-20,Kings,031,150075,8411,8178,54,8232,80
2020-10-20,Lake,033,64148,708,675,0,675,15
2020-10-20,Lassen,035,31185,769,757,2,759,0
2020-10-20,Los Angeles,037,10098052,297105,287727,2685,290412,6891
2020-10-20,Madera,039,155013,4989,4823,38,4861,52
2020-10-20,Marin,041,260295,7102,6994,19,7013,101
2020-10-20,Mariposa,043,17540,79,77,0,77,2
2020-10-20,Mendocino,045,87422,1064,1004,4,1008,21
2020-10-20,Merced,047,269075,9459,9323,34,9357,149
2020-10-20,Modoc,049,8938,32,26,0,26,0
2020-10-20,Mono,051,14174,187,156,5,161,1
2020-10-20,Monterey,053,433212,11234,10942,49,10991,81
2020-10-20,Napa,055,140530,1987,1912,8,1920,13
2020-10-20,Nevada,057,99092,619,596,20,616,8
2020-10-20,Orange,059,3164182,59942,56914,1727,58641,1397
2020-10-20,Placer,061,380077,4230,3997,15,4012,56
2020-10-20,Plumas,063,18699,66,53,0,53,0
2020-10-20,Riverside,065,2383286,66386,64452,303,64755,1275
2020-10-20,Sacramento,067,1510023,25234,24767,27,24794,485
2020-10-20,San Benito,069,59416,1421,1398,1,1399,14
2020-10-20,San Bernardino,071,2135413,62522,59571,407,59978,1109
2020-10-20,San Diego,073,3302833,55211,53004,1449,54453,857
2020-10-20,San Francisco,075,870044,12119,12013,46,12059,126
2020-10-20,San Joaquin,077,732212,21673,21173,173,21346,490
2020-10-20,San Luis Obispo,079,281455,4301,4043,27,4070,31
2020-10-20,San Mateo,081,765935,11206,10659,12,10671,155
2020-10-20,Santa Barbara,083,443738,9851,9664,89,9753,121
2020-10-20,Santa Clara,085,1922200,24956,23406,51,23457,358
2020-10-20,Santa Cruz,087,273765,2809,2710,33,2743,23
2020-10-20,Shasta,089,179085,2052,1747,19,1766,20
2020-10-20,Sierra,091,2930,6,6,0,6,0
2020-10-20,Siskiyou,093,43540,189,168,10,178,0
2020-10-20,Solano,095,438530,7250,7044,42,7086,57
2020-10-20,Sonoma,097,501317,9359,8904,24,8928,135
2020-10-20,Stanislaus,099,539301,17581,17367,714,18081,393
2020-10-20,Sutter,101,95872,1817,1783,1,1784,12
2020-10-20,Tehama,103,63373,874,813,2,815,5
2020-10-20,Trinity,105,12862,77,25,10,35,0
2020-10-20,Tulare,107,460477,17782,17156,318,17474,289
2020-10-20,Tuolumne,109,53932,274,250,5,255,4
2020-10-20,Ventura,111,848112,14768,13980,317,14297,152
2020-10-20,Yolo,113,214977,3209,3083,10,3093,56
2020-10-20,Yuba,115,75493,1228,1191,5,1196,10
2020-10-19,Alameda,001,1643700,23298,22647,218,22865,392
2020-10-19,Alpine,003,1148,3,3,0,3,0
2020-10-19,Amador,005,37829,327,313,0,313,16
2020-10-19,Butte,007,227075,3154,3026,32,3058,55
2020-10-19,Calaveras,009,45235,329,268,0,268,13
2020-10-19,Colusa,011,21464,547,544,1,545,6
2020-10-19,Contra Costa,013,1133247,18701,18173,93,18266,239
2020-10-19,Del Norte,015,27424,169,167,0,167,2
2020-10-19,El Dorado,017,186661,1357,1287,10,1297,4
2020-10-19,Fresno,019,978130,33097,30152,451,30603,431
2020-10-19,Glenn,021,27897,657,635,0,635,3
2020-10-19,Humboldt,023,135768,557,543,1,544,7
2020-10-19,Imperial,025,180216,12684,12036,14,12050,330
2020-10-19,Inyo,027,18085,236,218,5,223,14
2020-10-19,Kern,029,883053,33624,32840,396,33236,428
2020-10-19,Kings,031,150075,8393,8173,54,8227,80
2020-10-19,Lake,033,64148,705,673,0,673,15
2020-10-19,Lassen,035,31185,768,757,2,759,0
2020-10-19,Los Angeles,037,10098052,295619,287119,2647,289766,6858
2020-10-19,Madera,039,155013,4974,4787,38,4825,52
2020-10-19,Marin,041,260295,7084,6981,19,7000,100
2020-10-19,Mariposa,043,17540,79,77,0,77,2
2020-10-19,Mendocino,045,87422,1059,1001,4,1005,21
2020-10-19,Merced,047,269075,9434,9305,30,9335,148
2020-10-19,Modoc,049,8938,31,26,0,26,0
2020-10-19,Mono,051,14174,182,156,5,161,1
2020-10-19,Monterey,053,433212,11173,10907,49,10956,80
2020-10-19,Napa,055,140530,1975,1892,8,1900,12
2020-10-19,Nevada,057,99092,616,590,20,610,8
2020-10-19,Orange,059,3164182,59659,56652,1712,58364,1396
2020-10-19,Placer,061,380077,4181,3962,15,3977,49
2020-10-19,Plumas,063,18699,64,52,0,52,0
2020-10-19,Riverside,065,2383286,65955,64016,287,64303,1272
2020-10-19,Sacramento,067,1510023,25095,24542,27,24569,483
2020-10-19,San Benito,069,59416,1414,1395,1,1396,14
2020-10-19,San Bernardino,071,2135413,62071,59265,395,59660,1100
2020-10-19,San Diego,073,3302833,54825,52739,1424,54163,853
2020-10-19,San Francisco,075,870044,12075,11879,46,11925,126
2020-10-19,San Joaquin,077,732212,21598,20930,165,21095,489
2020-10-19,San Luis Obispo,079,281455,4285,4016,27,4043,31
2020-10-19,San Mateo,081,765935,11160,10568,12,10580,154
2020-10-19,Santa Barbara,083,443738,9815,9632,89,9721,121
2020-10-19,Santa Clara,085,1922200,24806,23301,51,23352,352
2020-10-19,Santa Cruz,087,273765,2792,2705,33,2738,19
2020-10-19,Shasta,089,179085,2008,1709,18,1727,20
2020-10-19,Sierra,091,2930,6,6,0,6,0
2020-10-19,Siskiyou,093,43540,182,167,10,177,0
2020-10-19,Solano,095,438530,7209,7003,42,7045,57
2020-10-19,Sonoma,097,501317,9272,8830,24,8854,135
2020-10-19,Stanislaus,099,539301,17530,17342,704,18046,390
2020-10-19,Sutter,101,95872,1812,1773,1,1774,12
2020-10-19,Tehama,103,63373,871,793,2,795,5
2020-10-19,Trinity,105,12862,75,23,10,33,0
2020-10-19,Tulare,107,460477,17732,17047,311,17358,291
2020-10-19,Tuolumne,109,53932,272,247,5,252,4
2020-10-19,Ventura,111,848112,14702,13930,314,14244,152
2020-10-19,Yolo,113,214977,3196,3069,10,3079,56
2020-10-19,Yuba,115,75493,1221,1183,5,1188,10
2020-10-18,Alameda,001,1643700,23194,22546,217,22763,392
2020-10-18,Alpine,003,1148,3,3,0,3,0
2020-10-18,Amador,005,37829,316,313,0,313,16
2020-10-18,Butte,007,227075,3141,3019,32,3051,55
2020-10-18,Calaveras,009,45235,328,267,0,267,13
2020-10-18,Colusa,011,21464,545,544,1,545,6
2020-10-18,Contra Costa,013,1133247,18602,18120,93,18213,237
2020-10-18,Del Norte,015,27424,169,167,0,167,2
2020-10-18,El Dorado,017,186661,1348,1283,10,1293,4
2020-10-18,Fresno,019,978130,32968,30051,443,30494,430
2020-10-18,Glenn,021,27897,655,634,0,634,3
2020-10-18,Humboldt,023,135768,554,540,1,541,7
2020-10-18,Imperial,025,180216,12621,11987,13,12000,330
2020-10-18,Inyo,027,18085,233,215,5,220,14
2020-10-18,Kern,029,883053,33551,32799,389,33188,428
2020-10-18,Kings,031,150075,8378,8159,54,8213,80
2020-10-18,Lake,033,64148,698,670,0,670,15
2020-10-18,Lassen,035,31185,768,757,2,759,0
2020-10-18,Los Angeles,037,10098052,293911,286187,2604,288791,6857
2020-10-18,Madera,039,155013,4949,4770,37,4807,52
2020-10-18,Marin,041,260295,7063,6969,19,6988,99
2020-10-18,Mariposa,043,17540,79,77,0,77,2
2020-10-18,Mendocino,045,87422,1057,988,4,992,21
2020-10-18,Merced,047,269075,9399,9292,30,9322,148
2020-10-18,Modoc,049,8938,30,26,0,26,0
2020-10-18,Mono,051,14174,177,155,5,160,1
2020-10-18,Monterey,053,433212,11120,10872,49,10921,80
2020-10-18,Napa,055,140530,1962,1882,8,1890,12
2020-10-18,Nevada,057,99092,610,582,20,602,8
2020-10-18,Orange,059,3164182,59362,56394,1695,58089,1396
2020-10-18,Placer,061,380077,4133,3938,15,3953,49
2020-10-18,Plumas,063,18699,62,52,0,52,0
2020-10-18,Riverside,065,2383286,65642,63765,266,64031,1270
2020-10-18,Sacramento,067,1510023,24939,24425,27,24452,482
2020-10-18,San Benito,069,59416,1407,1395,1,1396,14
2020-10-18,San Bernardino,071,2135413,61572,58893,387,59280,1098
2020-10-18,San Diego,073,3302833,54436,52359,1403,53762,853
2020-10-18,San Francisco,075,870044,12036,11878,46,11924,126
2020-10-18,San Joaquin,077,732212,21515,20931,152,21083,489
2020-10-18,San Luis Obispo,079,281455,4254,4009,25,4034,31
2020-10-18,San Mateo,081,765935,11101,10503,12,10515,154
2020-10-18,Santa Barbara,083,443738,9776,9608,88,9696,121
2020-10-18,Santa Clara,085,1922200,24633,23169,51,23220,352
2020-10-18,Santa Cruz,087,273765,2778,2692,33,2725,19
2020-10-18,Shasta,089,179085,1983,1708,18,1726,20
2020-10-18,Sierra,091,2930,6,6,0,6,0
2020-10-18,Siskiyou,093,43540,182,167,10,177,0
2020-10-18,Solano,095,438530,7162,6962,42,7004,57
2020-10-18,Sonoma,097,501317,9195,8781,23,8804,134
2020-10-18,Stanislaus,099,539301,17473,17290,695,17985,390
2020-10-18,Sutter,101,95872,1803,1764,1,1765,12
2020-10-18,Tehama,103,63373,839,774,2,776,5
2020-10-18,Trinity,105,12862,75,20,10,30,0
2020-10-18,Tulare,107,460477,17638,17048,302,17350,290
2020-10-18,Tuolumne,109,53932,266,245,5,250,4
2020-10-18,Ventura,111,848112,14622,13901,313,14214,151
2020-10-18,Yolo,113,214977,3157,3059,10,3069,55
2020-10-18,Yuba,115,75493,1210,1176,5,1181,10
2020-10-17,Alameda,001,1643700,23148,22394,215,22609,398
2020-10-17,Alpine,003,1148,3,3,0,3,0
2020-10-17,Amador,005,37829,314,309,0,309,16
2020-10-17,Butte,007,227075,3133,3012,30,3042,55
2020-10-17,Calaveras,009,45235,328,267,0,267,13
2020-10-17,Colusa,011,21464,544,544,1,545,6
2020-10-17,Contra Costa,013,1133247,18549,18005,93,18098,237
2020-10-17,Del Norte,015,27424,169,167,0,167,2
2020-10-17,El Dorado,017,186661,1344,1277,10,1287,4
2020-10-17,Fresno,019,978130,32914,29911,441,30352,430
2020-10-17,Glenn,021,27897,652,633,0,633,3
2020-10-17,Humboldt,023,135768,551,535,1,536,7
2020-10-17,Imperial,025,180216,12593,11962,13,11975,330
2020-10-17,Inyo,027,18085,228,212,5,217,14
2020-10-17,Kern,029,883053,33500,32710,386,33096,428
2020-10-17,Kings,031,150075,8372,8151,53,8204,80
2020-10-17,Lake,033,64148,695,663,0,663,15
2020-10-17,Lassen,035,31185,768,757,2,759,0
2020-10-17,Los Angeles,037,10098052,293158,285858,2577,288435,6844
2020-10-17,Madera,039,155013,4943,4759,37,4796,53
2020-10-17,Marin,041,260295,7060,6958,19,6977,99
2020-10-17,Mariposa,043,17540,78,77,0,77,2
2020-10-17,Mendocino,045,87422,1050,977,4,981,21
2020-10-17,Merced,047,269075,9385,9275,30,9305,148
2020-10-17,Modoc,049,8938,30,26,0,26,0
2020-10-17,Mono,051,14174,176,155,5,160,1
2020-10-17,Monterey,053,433212,11080,10807,48,10855,80
2020-10-17,Napa,055,140530,1953,1866,8,1874,12
2020-10-17,Nevada,057,99092,609,580,20,600,8
2020-10-17,Orange,059,3164182,59220,56197,1688,57885,1396
2020-10-17,Placer,061,380077,4106,3898,15,3913,49
2020-10-17,Plumas,063,18699,62,52,0,52,0
2020-10-17,Riverside,065,2383286,65444,63171,256,63427,1270
2020-10-17,Sacramento,067,1510023,24855,24304,27,24331,482
2020-10-17,San Benito,069,59416,1403,1389,1,1390,14
2020-10-17,San Bernardino,071,2135413,61301,58415,380,58795,1097
2020-10-17,San Diego,073,3302833,54211,51986,1392,53378,853
2020-10-17,San Francisco,075,870044,12008,11877,45,11922,126
2020-10-17,San Joaquin,077,732212,21461,20932,146,21078,489
2020-10-17,San Luis Obispo,079,281455,4239,3979,25,4004,31
2020-10-17,San Mateo,081,765935,11073,10423,12,10435,153
2020-10-17,Santa Barbara,083,443738,9757,9588,86,9674,121
2020-10-17,Santa Clara,085,1922200,24544,22997,51,23048,349
2020-10-17,Santa Cruz,087,273765,2764,2680,33,2713,19
2020-10-17,Shasta,089,179085,1957,1679,18,1697,20
2020-10-17,Sierra,091,2930,6,6,0,6,0
2020-10-17,Siskiyou,093,43540,181,167,10,177,0
2020-10-17,Solano,095,438530,7136,6929,42,6971,57
2020-10-17,Sonoma,097,501317,9152,8725,23,8748,134
2020-10-17,Stanislaus,099,539301,17433,17232,686,17918,390
2020-10-17,Sutter,101,95872,1801,1762,1,1763,12
2020-10-17,Tehama,103,63373,823,764,2,766,5
2020-10-17,Trinity,105,12862,75,20,10,30,0
2020-10-17,Tulare,107,460477,17608,16995,293,17288,290
2020-10-17,Tuolumne,109,53932,266,241,5,246,4
2020-10-17,Ventura,111,848112,14577,13845,310,14155,151
2020-10-17,Yolo,113,214977,3142,3045,9,3054,55
2020-10-17,Yuba,115,75493,1205,1164,5,1169,10
2020-10-16,Alameda,001,1643700,23094,22315,215,22530,397
2020-10-16,Alpine,003,1148,3,3,0,3,0
2020-10-16,Amador,005,37829,314,309,0,309,16
2020-10-16,Butte,007,227075,3122,3004,30,3034,54
2020-10-16,Calaveras,009,45235,328,267,0,267,13
2020-10-16,Colusa,011,21464,543,544,1,545,6
2020-10-16,Contra Costa,013,1133247,18496,17956,93,18049,237
2020-10-16,Del Norte,015,27424,169,166,0,166,2
2020-10-16,El Dorado,017,186661,1338,1273,10,1283,4
2020-10-16,Fresno,019,978130,32839,29796,440,30236,427
2020-10-16,Glenn,021,27897,647,632,0,632,3
2020-10-16,Humboldt,023,135768,551,533,1,534,7
2020-10-16,Imperial,025,180216,12553,11885,13,11898,330
2020-10-16,Inyo,027,18085,224,212,5,217,14
2020-10-16,Kern,029,883053,33457,32660,384,33044,428
2020-10-16,Kings,031,150075,8363,8146,52,8198,80
2020-10-16,Lake,033,64148,693,644,0,644,14
2020-10-16,Lassen,035,31185,768,757,2,759,0
2020-10-16,Los Angeles,037,10098052,292096,284988,2556,287544,6835
2020-10-16,Madera,039,155013,4931,4736,36,4772,53
2020-10-16,Marin,041,260295,7050,6933,19,6952,99
2020-10-16,Mariposa,043,17540,78,76,0,76,2
2020-10-16,Mendocino,045,87422,1043,974,4,978,21
2020-10-16,Merced,047,269075,9368,9246,30,9276,148
2020-10-16,Modoc,049,8938,30,26,0,26,0
2020-10-16,Mono,051,14174,174,155,5,160,1
2020-10-16,Monterey,053,433212,11045,10727,48,10775,79
2020-10-16,Napa,055,140530,1944,1855,8,1863,12
2020-10-16,Nevada,057,99092,607,579,20,599,8
2020-10-16,Orange,059,3164182,59042,56091,1681,57772,1388
2020-10-16,Placer,061,380077,4086,3864,15,3879,49
2020-10-16,Plumas,063,18699,61,52,0,52,0
2020-10-16,Riverside,065,2383286,65218,62986,255,63241,1267
2020-10-16,Sacramento,067,1510023,24761,24144,27,24171,479
2020-10-16,San Benito,069,59416,1400,1388,1,1389,14
2020-10-16,San Bernardino,071,2135413,61032,58233,380,58613,1069
2020-10-16,San Diego,073,3302833,53969,51785,1378,53163,850
2020-10-16,San Francisco,075,870044,11986,11840,44,11884,126
2020-10-16,San Joaquin,077,732212,21416,20910,145,21055,489
2020-10-16,San Luis Obispo,079,281455,4223,3952,25,3977,32
2020-10-16,San Mateo,081,765935,11047,10405,12,10417,153
2020-10-16,Santa Barbara,083,443738,9738,9549,86,9635,119
2020-10-16,Santa Clara,085,1922200,24456,22920,51,22971,345
2020-10-16,Santa Cruz,087,273765,2751,2666,33,2699,20
2020-10-16,Shasta,089,179085,1935,1660,18,1678,20
2020-10-16,Sierra,091,2930,6,6,0,6,0
2020-10-16,Siskiyou,093,43540,179,167,10,177,0
2020-10-16,Solano,095,438530,7113,6879,42,6921,55
2020-10-16,Sonoma,097,501317,9096,8652,23,8675,133
2020-10-16,Stanislaus,099,539301,17399,17201,678,17879,366
2020-10-16,Sutter,101,95872,1793,1756,1,1757,12
2020-10-16,Tehama,103,63373,822,737,2,739,3
2020-10-16,Trinity,105,12862,75,20,10,30,0
2020-10-16,Tulare,107,460477,17576,16965,285,17250,290
2020-10-16,Tuolumne,109,53932,264,237,5,242,4
2020-10-16,Ventura,111,848112,14534,13805,305,14110,152
2020-10-16,Yolo,113,214977,3133,3030,9,3039,55
2020-10-16,Yuba,115,75493,1205,1155,5,1160,10
2020-10-15,Alameda,001,1643700,23026,22267,214,22481,390
2020-10-15,Alpine,003,1148,3,3,0,3,0
2020-10-15,Amador,005,37829,314,309,0,309,16
2020-10-15,Butte,007,227075,3110,3000,29,3029,54
2020-10-15,Calaveras,009,45235,327,267,0,267,13
2020-10-15,Colusa,011,21464,542,543,1,544,6
2020-10-15,Contra Costa,013,1133247,18429,17893,92,17985,237
2020-10-15,Del Norte,015,27424,169,164,0,164,2
2020-10-15,El Dorado,017,186661,1333,1265,10,1275,4
2020-10-15,Fresno,019,978130,32742,29727,437,30164,425
2020-10-15,Glenn,021,27897,642,632,0,632,3
2020-10-15,Humboldt,023,135768,547,531,1,532,7
2020-10-15,Imperial,025,180216,12512,11820,12,11832,330
2020-10-15,Inyo,027,18085,224,210,5,215,14
2020-10-15,Kern,029,883053,33376,32593,381,32974,427
2020-10-15,Kings,031,150075,8348,8134,52,8186,80
2020-10-15,Lake,033,64148,691,642,0,642,14
2020-10-15,Lassen,035,31185,767,752,2,754,0
2020-10-15,Los Angeles,037,10098052,290810,284019,2522,286541,6807
2020-10-15,Madera,039,155013,4919,4723,35,4758,50
2020-10-15,Marin,041,260295,7042,6912,19,6931,99
2020-10-15,Mariposa,043,17540,78,76,0,76,2
2020-10-15,Mendocino,045,87422,1037,963,4,967,21
2020-10-15,Merced,047,269075,9341,9213,30,9243,147
2020-10-15,Modoc,049,8938,30,26,0,26,0
2020-10-15,Mono,051,14174,174,155,5,160,1
2020-10-15,Monterey,053,433212,10978,10677,47,10724,79
2020-10-15,Napa,055,140530,1931,1842,8,1850,12
2020-10-15,Nevada,057,99092,603,575,20,595,8
2020-10-15,Orange,059,3164182,58826,55952,1669,57621,1379
2020-10-15,Placer,061,380077,4057,3848,15,3863,48
2020-10-15,Plumas,063,18699,58,52,0,52,0
2020-10-15,Riverside,065,2383286,64885,62819,252,63071,1266
2020-10-15,Sacramento,067,1510023,24645,24068,27,24095,474
2020-10-15,San Benito,069,59416,1397,1384,1,1385,14
2020-10-15,San Bernardino,071,2135413,60693,58068,377,58445,1067
2020-10-15,San Diego,073,3302833,53685,51472,1362,52834,847
2020-10-15,San Francisco,075,870044,11958,11808,41,11849,126
2020-10-15,San Joaquin,077,732212,21343,20880,139,21019,487
2020-10-15,San Luis Obispo,079,281455,4207,3934,25,3959,32
2020-10-15,San Mateo,081,765935,11007,10340,12,10352,152
2020-10-15,Santa Barbara,083,443738,9714,9526,85,9611,117
2020-10-15,Santa Clara,085,1922200,24341,22808,51,22859,343
2020-10-15,Santa Cruz,087,273765,2737,2656,33,2689,13
2020-10-15,Shasta,089,179085,1924,1635,18,1653,20
2020-10-15,Sierra,091,2930,6,6,0,6,0
2020-10-15,Siskiyou,093,43540,175,166,10,176,0
2020-10-15,Solano,095,438530,7074,6830,42,6872,55
2020-10-15,Sonoma,097,501317,9004,8571,23,8594,133
2020-10-15,Stanislaus,099,539301,17361,17151,664,17815,366
2020-10-15,Sutter,101,95872,1790,1752,1,1753,12
2020-10-15,Tehama,103,63373,795,726,2,728,3
2020-10-15,Trinity,105,12862,75,20,10,30,0
2020-10-15,Tulare,107,460477,17516,16918,270,17188,289
2020-10-15,Tuolumne,109,53932,262,236,5,241,4
2020-10-15,Ventura,111,848112,14478,13750,300,14050,152
2020-10-15,Yolo,113,214977,3113,3014,9,3023,55
2020-10-15,Yuba,115,75493,1198,1151,5,1156,10
2020-10-14,Alameda,001,1643700,22927,22227,213,22440,398
2020-10-14,Alpine,003,1148,3,3,0,3,0
2020-10-14,Amador,005,37829,312,308,0,308,16
2020-10-14,Butte,007,227075,3102,2995,29,3024,54
2020-10-14,Calaveras,009,45235,327,266,0,266,12
2020-10-14,Colusa,011,21464,542,543,1,544,6
2020-10-14,Contra Costa,013,1133247,18371,17820,90,17910,236
2020-10-14,Del Norte,015,27424,168,163,0,163,2
2020-10-14,El Dorado,017,186661,1327,1264,9,1273,4
2020-10-14,Fresno,019,978130,32627,29650,431,30081,424
2020-10-14,Glenn,021,27897,641,629,0,629,3
2020-10-14,Humboldt,023,135768,544,531,1,532,7
2020-10-14,Imperial,025,180216,12475,11765,10,11775,330
2020-10-14,Inyo,027,18085,223,209,4,213,14
2020-10-14,Kern,029,883053,33301,32528,379,32907,425
2020-10-14,Kings,031,150075,8330,8118,52,8170,80
2020-10-14,Lake,033,64148,690,642,0,642,14
2020-10-14,Lassen,035,31185,765,752,2,754,0
2020-10-14,Los Angeles,037,10098052,289497,282918,2478,285396,6786
2020-10-14,Madera,039,155013,4904,4713,34,4747,50
2020-10-14,Marin,041,260295,7036,6907,19,6926,99
2020-10-14,Mariposa,043,17540,77,76,0,76,2
2020-10-14,Mendocino,045,87422,1031,955,4,959,21
2020-10-14,Merced,047,269075,9316,9201,28,9229,147
2020-10-14,Modoc,049,8938,30,27,0,27,0
2020-10-14,Mono,051,14174,174,155,5,160,1
2020-10-14,Monterey,053,433212,10928,10616,47,10663,78
2020-10-14,Napa,055,140530,1914,1837,8,1845,12
2020-10-14,Nevada,057,99092,601,573,20,593,7
2020-10-14,Orange,059,3164182,58612,55756,1660,57416,1348
2020-10-14,Placer,061,380077,4034,3829,15,3844,48
2020-10-14,Plumas,063,18699,54,52,0,52,0
2020-10-14,Riverside,065,2383286,64602,62607,251,62858,1261
2020-10-14,Sacramento,067,1510023,24501,24013,27,24040,472
2020-10-14,San Benito,069,59416,1395,1381,0,1381,14
2020-10-14,San Bernardino,071,2135413,60366,57774,373,58147,1063
2020-10-14,San Diego,073,3302833,53366,51329,1338,52667,844
2020-10-14,San Francisco,075,870044,11926,11783,40,11823,123
2020-10-14,San Joaquin,077,732212,21264,20845,125,20970,487
2020-10-14,San Luis Obispo,079,281455,4184,3901,24,3925,32
2020-10-14,San Mateo,081,765935,10956,10309,12,10321,132
2020-10-14,Santa Barbara,083,443738,9680,9509,85,9594,117
2020-10-14,Santa Clara,085,1922200,24192,22735,51,22786,343
2020-10-14,Santa Cruz,087,273765,2727,2618,33,2651,13
2020-10-14,Shasta,089,179085,1886,1553,18,1571,20
2020-10-14,Sierra,091,2930,6,6,0,6,0
2020-10-14,Siskiyou,093,43540,175,166,10,176,0
2020-10-14,Solano,095,438530,7018,6786,42,6828,55
2020-10-14,Sonoma,097,501317,8951,8514,23,8537,133
2020-10-14,Stanislaus,099,539301,17316,17105,661,17766,365
2020-10-14,Sutter,101,95872,1781,1747,1,1748,12
2020-10-14,Tehama,103,63373,784,721,2,723,3
2020-10-14,Trinity,105,12862,74,20,10,30,0
2020-10-14,Tulare,107,460477,17454,16863,257,17120,287
2020-10-14,Tuolumne,109,53932,261,236,5,241,4
2020-10-14,Ventura,111,848112,14425,13697,296,13993,152
2020-10-14,Yolo,113,214977,3095,3007,8,3015,55
2020-10-14,Yuba,115,75493,1190,1147,5,1152,10
2020-10-13,Alameda,001,1643700,22822,22185,211,22396,389
2020-10-13,Alpine,003,1148,3,3,0,3,0
2020-10-13,Amador,005,37829,310,306,0,306,16
2020-10-13,Butte,007,227075,3093,2992,29,3021,54
2020-10-13,Calaveras,009,45235,323,262,0,262,12
2020-10-13,Colusa,011,21464,542,541,1,542,6
2020-10-13,Contra Costa,013,1133247,18313,17783,90,17873,234
2020-10-13,Del Norte,015,27424,168,163,0,163,2
2020-10-13,El Dorado,017,186661,1318,1262,9,1271,4
2020-10-13,Fresno,019,978130,32505,29579,427,30006,424
2020-10-13,Glenn,021,27897,640,629,0,629,3
2020-10-13,Humboldt,023,135768,542,523,1,524,7
2020-10-13,Imperial,025,180216,12440,11727,9,11736,327
2020-10-13,Inyo,027,18085,220,207,4,211,14
2020-10-13,Kern,029,883053,33226,32497,377,32874,419
2020-10-13,Kings,031,150075,8321,8111,52,8163,80
2020-10-13,Lake,033,64148,687,639,0,639,12
2020-10-13,Lassen,035,31185,763,752,2,754,0
2020-10-13,Los Angeles,037,10098052,288217,281716,2436,284152,6767
2020-10-13,Madera,039,155013,4886,4700,34,4734,50
2020-10-13,Marin,041,260295,7014,6900,18,6918,97
2020-10-13,Mariposa,043,17540,77,76,0,76,2
2020-10-13,Mendocino,045,87422,1022,950,4,954,21
2020-10-13,Merced,047,269075,9299,9181,28,9209,146
2020-10-13,Modoc,049,8938,29,28,0,28,0
2020-10-13,Mono,051,14174,174,155,4,159,1
2020-10-13,Monterey,053,433212,10867,10574,46,10620,78
2020-10-13,Napa,055,140530,1905,1825,8,1833,12
2020-10-13,Nevada,057,99092,594,572,20,592,7
2020-10-13,Orange,059,3164182,58399,55515,1647,57162,1326
2020-10-13,Placer,061,380077,3996,3825,15,3840,48
2020-10-13,Plumas,063,18699,52,51,0,51,0
2020-10-13,Riverside,065,2383286,64283,62279,249,62528,1254
2020-10-13,Sacramento,067,1510023,24424,23930,27,23957,466
2020-10-13,San Benito,069,59416,1387,1380,0,1380,14
2020-10-13,San Bernardino,071,2135413,60027,57411,371,57782,1061
2020-10-13,San Diego,073,3302833,53073,51026,1321,52347,840
2020-10-13,San Francisco,075,870044,11891,11659,40,11699,122
2020-10-13,San Joaquin,077,732212,21203,20822,121,20943,481
2020-10-13,San Luis Obispo,079,281455,4167,3892,23,3915,32
2020-10-13,San Mateo,081,765935,10913,10286,12,10298,130
2020-10-13,Santa Barbara,083,443738,9649,9489,85,9574,117
2020-10-13,Santa Clara,085,1922200,24065,22678,51,22729,343
2020-10-13,Santa Cruz,087,273765,2709,2603,33,2636,13
2020-10-13,Shasta,089,179085,1862,1606,18,1624,20
2020-10-13,Sierra,091,2930,6,6,0,6,0
2020-10-13,Siskiyou,093,43540,174,163,10,173,0
2020-10-13,Solano,095,438530,6983,6761,42,6803,55
2020-10-13,Sonoma,097,501317,8868,8456,23,8479,133
2020-10-13,Stanislaus,099,539301,17271,17082,656,17738,362
2020-10-13,Sutter,101,95872,1772,1748,1,1749,12
2020-10-13,Tehama,103,63373,776,717,2,719,3
2020-10-13,Trinity,105,12862,70,19,9,28,0
2020-10-13,Tulare,107,460477,17395,16822,249,17071,286
2020-10-13,Tuolumne,109,53932,259,235,5,240,4
2020-10-13,Ventura,111,848112,14370,13645,292,13937,151
2020-10-13,Yolo,113,214977,3087,2983,7,2990,55
2020-10-13,Yuba,115,75493,1185,1143,5,1148,10
2020-10-12,Alameda,001,1643700,22742,22126,210,22336,389
2020-10-12,Alpine,003,1148,3,3,0,3,0
2020-10-12,Amador,005,37829,309,305,0,305,16
2020-10-12,Butte,007,227075,3087,2975,29,3004,54
2020-10-12,Calaveras,009,45235,323,262,0,262,12
2020-10-12,Colusa,011,21464,542,541,1,542,6
2020-10-12,Contra Costa,013,1133247,18238,17728,90,17818,233
2020-10-12,Del Norte,015,27424,168,161,0,161,2
2020-10-12,El Dorado,017,186661,1315,1254,9,1263,4
2020-10-12,Fresno,019,978130,32372,29523,423,29946,421
2020-10-12,Glenn,021,27897,639,626,0,626,3
2020-10-12,Humboldt,023,135768,539,522,1,523,7
2020-10-12,Imperial,025,180216,12401,11689,9,11698,328
2020-10-12,Inyo,027,18085,217,201,4,205,14
2020-10-12,Kern,029,883053,33133,32425,374,32799,419
2020-10-12,Kings,031,150075,8315,8106,51,8157,80
2020-10-12,Lake,033,64148,681,633,0,633,12
2020-10-12,Lassen,035,31185,763,752,2,754,0
2020-10-12,Los Angeles,037,10098052,286997,280961,2409,283370,6747
2020-10-12,Madera,039,155013,4867,4689,34,4723,50
2020-10-12,Marin,041,260295,6997,6886,18,6904,97
2020-10-12,Mariposa,043,17540,77,76,0,76,2
2020-10-12,Mendocino,045,87422,1016,947,4,951,21
2020-10-12,Merced,047,269075,9278,9141,28,9169,146
2020-10-12,Modoc,049,8938,29,27,0,27,0
2020-10-12,Mono,051,14174,174,154,4,158,1
2020-10-12,Monterey,053,433212,10801,10473,46,10519,77
2020-10-12,Napa,055,140530,1897,1819,8,1827,11
2020-10-12,Nevada,057,99092,590,570,20,590,7
2020-10-12,Orange,059,3164182,58170,55373,1637,57010,1326
2020-10-12,Placer,061,380077,3964,3808,14,3822,48
2020-10-12,Plumas,063,18699,52,51,0,51,0
2020-10-12,Riverside,065,2383286,63972,62279,245,62524,1254
2020-10-12,Sacramento,067,1510023,24318,23807,27,23834,466
2020-10-12,San Benito,069,59416,1384,1376,0,1376,13
2020-10-12,San Bernardino,071,2135413,59652,57235,370,57605,1061
2020-10-12,San Diego,073,3302833,52783,50748,1294,52042,826
2020-10-12,San Francisco,075,870044,11859,11659,40,11699,122
2020-10-12,San Joaquin,077,732212,21140,20701,115,20816,480
2020-10-12,San Luis Obispo,079,281455,4139,3874,23,3897,32
2020-10-12,San Mateo,081,765935,10865,10262,12,10274,130
2020-10-12,Santa Barbara,083,443738,9611,9462,85,9547,117
2020-10-12,Santa Clara,085,1922200,23949,22578,51,22629,343
2020-10-12,Santa Cruz,087,273765,2692,2590,33,2623,13
2020-10-12,Shasta,089,179085,1837,1515,18,1533,20
2020-10-12,Sierra,091,2930,6,6,0,6,0
2020-10-12,Siskiyou,093,43540,173,162,10,172,0
2020-10-12,Solano,095,438530,6944,6742,42,6784,55
2020-10-12,Sonoma,097,501317,8797,8377,23,8400,133
2020-10-12,Stanislaus,099,539301,17222,17051,647,17698,361
2020-10-12,Sutter,101,95872,1764,1741,1,1742,12
2020-10-12,Tehama,103,63373,760,708,2,710,3
2020-10-12,Trinity,105,12862,69,19,9,28,0
2020-10-12,Tulare,107,460477,17343,16742,242,16984,286
2020-10-12,Tuolumne,109,53932,254,234,5,239,4
2020-10-12,Ventura,111,848112,14308,13617,288,13905,151
2020-10-12,Yolo,113,214977,3072,2964,7,2971,55
2020-10-12,Yuba,115,75493,1174,1141,5,1146,10
2020-10-11,Alameda,001,1643700,22652,22057,206,22263,392
2020-10-11,Alpine,003,1148,3,3,0,3,0
2020-10-11,Amador,005,37829,307,305,0,305,16
2020-10-11,Butte,007,227075,3079,2967,28,2995,54
2020-10-11,Calaveras,009,45235,321,262,0,262,12
2020-10-11,Colusa,011,21464,540,541,1,542,6
2020-10-11,Contra Costa,013,1133247,18154,17678,90,17768,233
2020-10-11,Del Norte,015,27424,166,161,0,161,2
2020-10-11,El Dorado,017,186661,1306,1242,9,1251,4
2020-10-11,Fresno,019,978130,32234,29419,415,29834,421
2020-10-11,Glenn,021,27897,637,625,0,625,3
2020-10-11,Humboldt,023,135768,538,521,1,522,7
2020-10-11,Imperial,025,180216,12341,11614,9,11623,328
2020-10-11,Inyo,027,18085,213,201,4,205,14
2020-10-11,Kern,029,883053,33046,32399,365,32764,418
2020-10-11,Kings,031,150075,8298,8094,50,8144,80
2020-10-11,Lake,033,64148,668,631,0,631,12
2020-10-11,Lassen,035,31185,762,752,2,754,0
2020-10-11,Los Angeles,037,10098052,285557,280190,2368,282558,6745
2020-10-11,Madera,039,155013,4839,4680,33,4713,50
2020-10-11,Marin,041,260295,6988,6870,18,6888,97
2020-10-11,Mariposa,043,17540,77,76,0,76,2
2020-10-11,Mendocino,045,87422,1009,944,4,948,21
2020-10-11,Merced,047,269075,9260,9124,28,9152,146
2020-10-11,Modoc,049,8938,29,27,0,27,0
2020-10-11,Mono,051,14174,174,154,4,158,1
2020-10-11,Monterey,053,433212,10750,10445,44,10489,77
2020-10-11,Napa,055,140530,1881,1811,8,1819,11
2020-10-11,Nevada,057,99092,588,569,20,589,7
2020-10-11,Orange,059,3164182,57940,55202,1631,56833,1326
2020-10-11,Placer,061,380077,3943,3787,14,3801,48
2020-10-11,Plumas,063,18699,52,51,0,51,0
2020-10-11,Riverside,065,2383286,63684,62112,241,62353,1254
2020-10-11,Sacramento,067,1510023,24176,23778,27,23805,466
2020-10-11,San Benito,069,59416,1383,1374,0,1374,13
2020-10-11,San Bernardino,071,2135413,59200,56997,368,57365,1061
2020-10-11,San Diego,073,3302833,52433,50553,1272,51825,826
2020-10-11,San Francisco,075,870044,11816,11659,40,11699,122
2020-10-11,San Joaquin,077,732212,21065,20700,105,20805,480
2020-10-11,San Luis Obispo,079,281455,4122,3874,22,3896,32
2020-10-11,San Mateo,081,765935,10833,10240,12,10252,130
2020-10-11,Santa Barbara,083,443738,9580,9440,84,9524,117
2020-10-11,Santa Clara,085,1922200,23807,22487,50,22537,336
2020-10-11,Santa Cruz,087,273765,2678,2578,33,2611,13
2020-10-11,Shasta,089,179085,1807,1515,17,1532,20
2020-10-11,Sierra,091,2930,6,6,0,6,0
2020-10-11,Siskiyou,093,43540,172,162,10,172,0
2020-10-11,Solano,095,438530,6890,6685,42,6727,53
2020-10-11,Sonoma,097,501317,8740,8319,23,8342,133
2020-10-11,Stanislaus,099,539301,17158,17007,631,17638,360
2020-10-11,Sutter,101,95872,1761,1742,1,1743,12
2020-10-11,Tehama,103,63373,736,702,2,704,3
2020-10-11,Trinity,105,12862,69,19,9,28,0
2020-10-11,Tulare,107,460477,17279,16741,234,16975,286
2020-10-11,Tuolumne,109,53932,249,234,5,239,4
2020-10-11,Ventura,111,848112,14247,13604,283,13887,151
2020-10-11,Yolo,113,214977,3042,2952,7,2959,55
2020-10-11,Yuba,115,75493,1162,1137,5,1142,10
2020-10-10,Alameda,001,1643700,22602,21979,205,22184,398
2020-10-10,Alpine,003,1148,3,3,0,3,0
2020-10-10,Amador,005,37829,306,304,0,304,16
2020-10-10,Butte,007,227075,3074,2962,27,2989,54
2020-10-10,Calaveras,009,45235,320,262,0,262,12
2020-10-10,Colusa,011,21464,540,541,1,542,6
2020-10-10,Contra Costa,013,1133247,18118,17566,89,17655,233
2020-10-10,Del Norte,015,27424,166,161,0,161,2
2020-10-10,El Dorado,017,186661,1304,1240,9,1249,4
2020-10-10,Fresno,019,978130,32170,29286,413,29699,421
2020-10-10,Glenn,021,27897,637,623,0,623,3
2020-10-10,Humboldt,023,135768,535,518,1,519,7
2020-10-10,Imperial,025,180216,12326,11591,9,11600,327
2020-10-10,Inyo,027,18085,210,201,4,205,14
2020-10-10,Kern,029,883053,33009,32338,365,32703,418
2020-10-10,Kings,031,150075,8294,8078,50,8128,80
2020-10-10,Lake,033,64148,667,630,0,630,11
2020-10-10,Lassen,035,31185,762,752,2,754,0
2020-10-10,Los Angeles,037,10098052,284837,279213,2334,281547,6743
2020-10-10,Madera,039,155013,4826,4662,33,4695,50
2020-10-10,Marin,041,260295,6979,6852,18,6870,97
2020-10-10,Mariposa,043,17540,77,76,0,76,2
2020-10-10,Mendocino,045,87422,1002,935,4,939,21
2020-10-10,Merced,047,269075,9254,9105,27,9132,146
2020-10-10,Modoc,049,8938,29,27,0,27,0
2020-10-10,Mono,051,14174,174,154,4,158,1
2020-10-10,Monterey,053,433212,10717,10410,44,10454,75
2020-10-10,Napa,055,140530,1874,1804,8,1812,11
2020-10-10,Nevada,057,99092,585,564,20,584,6
2020-10-10,Orange,059,3164182,57819,54965,1626,56591,1324
2020-10-10,Placer,061,380077,3926,3757,14,3771,48
2020-10-10,Plumas,063,18699,52,51,0,51,0
2020-10-10,Riverside,065,2383286,63481,61845,239,62084,1254
2020-10-10,Sacramento,067,1510023,24109,23689,27,23716,466
2020-10-10,San Benito,069,59416,1381,1370,0,1370,13
2020-10-10,San Bernardino,071,2135413,59037,56683,366,57049,1061
2020-10-10,San Diego,073,3302833,52203,50145,1254,51399,825
2020-10-10,San Francisco,075,870044,11795,11663,40,11703,122
2020-10-10,San Joaquin,077,732212,21037,20700,101,20801,481
2020-10-10,San Luis Obispo,079,281455,4102,3832,22,3854,32
2020-10-10,San Mateo,081,765935,10796,10218,12,10230,130
2020-10-10,Santa Barbara,083,443738,9569,9417,84,9501,116
2020-10-10,Santa Clara,085,1922200,23716,22354,50,22404,330
2020-10-10,Santa Cruz,087,273765,2664,2572,33,2605,13
2020-10-10,Shasta,089,179085,1790,1473,17,1490,20
2020-10-10,Sierra,091,2930,6,6,0,6,0
2020-10-10,Siskiyou,093,43540,172,161,10,171,0
2020-10-10,Solano,095,438530,6864,6655,42,6697,53
2020-10-10,Sonoma,097,501317,8720,8235,23,8258,133
2020-10-10,Stanislaus,099,539301,17123,16960,623,17583,360
2020-10-10,Sutter,101,95872,1758,1735,1,1736,12
2020-10-10,Tehama,103,63373,729,693,2,695,3
2020-10-10,Trinity,105,12862,69,19,9,28,0
2020-10-10,Tulare,107,460477,17244,16709,229,16938,286
2020-10-10,Tuolumne,109,53932,249,233,5,238,4
2020-10-10,Ventura,111,848112,14222,13520,283,13803,151
2020-10-10,Yolo,113,214977,3033,2939,7,2946,55
2020-10-10,Yuba,115,75493,1160,1134,5,1139,10
2020-10-09,Alameda,001,1643700,22554,21924,205,22129,399
2020-10-09,Alpine,003,1148,3,3,0,3,0
2020-10-09,Amador,005,37829,306,303,0,303,16
2020-10-09,Butte,007,227075,3071,2956,27,2983,51
2020-10-09,Calaveras,009,45235,318,262,0,262,11
2020-10-09,Colusa,011,21464,540,541,1,542,6
2020-10-09,Contra Costa,013,1133247,18068,17487,89,17576,229
2020-10-09,Del Norte,015,27424,165,161,0,161,2
2020-10-09,El Dorado,017,186661,1300,1234,9,1243,4
2020-10-09,Fresno,019,978130,32097,29208,411,29619,417
2020-10-09,Glenn,021,27897,632,617,0,617,3
2020-10-09,Humboldt,023,135768,533,516,1,517,7
2020-10-09,Imperial,025,180216,12299,11516,9,11525,330
2020-10-09,Inyo,027,18085,207,200,4,204,14
2020-10-09,Kern,029,883053,32966,32237,363,32600,417
2020-10-09,Kings,031,150075,8287,7993,48,8041,80
2020-10-09,Lake,033,64148,657,610,0,610,11
2020-10-09,Lassen,035,31185,762,751,2,753,0
2020-10-09,Los Angeles,037,10098052,283702,278039,2309,280348,6715
2020-10-09,Madera,039,155013,4816,4646,33,4679,50
2020-10-09,Marin,041,260295,6965,6838,18,6856,96
2020-10-09,Mariposa,043,17540,77,76,0,76,2
2020-10-09,Mendocino,045,87422,992,933,4,937,20
2020-10-09,Merced,047,269075,9240,9095,27,9122,145
2020-10-09,Modoc,049,8938,29,27,0,27,0
2020-10-09,Mono,051,14174,174,154,4,158,1
2020-10-09,Monterey,053,433212,10683,10369,44,10413,75
2020-10-09,Napa,055,140530,1864,1795,8,1803,11
2020-10-09,Nevada,057,99092,580,561,20,581,6
2020-10-09,Orange,059,3164182,57647,54746,1621,56367,1305
2020-10-09,Placer,061,380077,3912,3737,13,3750,48
2020-10-09,Plumas,063,18699,52,50,0,50,0
2020-10-09,Riverside,065,2383286,63245,61529,238,61767,1252
2020-10-09,Sacramento,067,1510023,24039,23606,27,23633,457
2020-10-09,San Benito,069,59416,1376,1367,0,1367,13
2020-10-09,San Bernardino,071,2135413,58797,56434,364,56798,1057
2020-10-09,San Diego,073,3302833,51927,49825,1243,51068,821
2020-10-09,San Francisco,075,870044,11765,11620,40,11660,120
2020-10-09,San Joaquin,077,732212,21007,20648,93,20741,481
2020-10-09,San Luis Obispo,079,281455,4083,3810,22,3832,32
2020-10-09,San Mateo,081,765935,10768,10140,12,10152,130
2020-10-09,Santa Barbara,083,443738,9541,9396,84,9480,116
2020-10-09,Santa Clara,085,1922200,23614,22251,49,22300,328
2020-10-09,Santa Cruz,087,273765,2655,2555,33,2588,13
2020-10-09,Shasta,089,179085,1764,1353,16,1369,20
2020-10-09,Sierra,091,2930,6,6,0,6,0
2020-10-09,Siskiyou,093,43540,170,156,10,166,0
2020-10-09,Solano,095,438530,6825,6614,42,6656,53
2020-10-09,Sonoma,097,501317,8666,8133,23,8156,133
2020-10-09,Stanislaus,099,539301,17099,16904,614,17518,362
2020-10-09,Sutter,101,95872,1754,1732,1,1733,12
2020-10-09,Tehama,103,63373,723,682,2,684,3
2020-10-09,Trinity,105,12862,69,25,9,34,0
2020-10-09,Tulare,107,460477,17204,16644,220,16864,286
2020-10-09,Tuolumne,109,53932,246,230,5,235,4
2020-10-09,Ventura,111,848112,14186,13469,280,13749,151
2020-10-09,Yolo,113,214977,3026,2928,7,2935,55
2020-10-09,Yuba,115,75493,1159,1129,5,1134,10
2020-10-08,Alameda,001,1643700,22473,21826,204,22030,395
2020-10-08,Alpine,003,1148,3,3,0,3,0
2020-10-08,Amador,005,37829,305,302,0,302,16
2020-10-08,Butte,007,227075,3061,2935,27,2962,51
2020-10-08,Calaveras,009,45235,317,262,0,262,11
2020-10-08,Colusa,011,21464,540,539,1,540,6
2020-10-08,Contra Costa,013,1133247,18008,17418,88,17506,228
2020-10-08,Del Norte,015,27424,165,151,0,151,2
2020-10-08,El Dorado,017,186661,1299,1230,9,1239,4
2020-10-08,Fresno,019,978130,31992,29111,411,29522,416
2020-10-08,Glenn,021,27897,629,616,0,616,3
2020-10-08,Humboldt,023,135768,529,515,1,516,7
2020-10-08,Imperial,025,180216,12260,11405,9,11414,330
2020-10-08,Inyo,027,18085,204,199,4,203,14
2020-10-08,Kern,029,883053,32908,32169,358,32527,411
2020-10-08,Kings,031,150075,8281,7968,48,8016,80
2020-10-08,Lake,033,64148,652,604,0,604,11
2020-10-08,Lassen,035,31185,757,751,2,753,0
2020-10-08,Los Angeles,037,10098052,282502,276763,2269,279032,6699
2020-10-08,Madera,039,155013,4797,4637,33,4670,50
2020-10-08,Marin,041,260295,6951,6810,18,6828,96
2020-10-08,Mariposa,043,17540,77,76,0,76,2
2020-10-08,Mendocino,045,87422,987,930,4,934,20
2020-10-08,Merced,047,269075,9220,9069,27,9096,144
2020-10-08,Modoc,049,8938,29,27,0,27,0
2020-10-08,Mono,051,14174,174,153,4,157,1
2020-10-08,Monterey,053,433212,10616,10343,44,10387,75
2020-10-08,Napa,055,140530,1849,1779,8,1787,11
2020-10-08,Nevada,057,99092,577,556,20,576,6
2020-10-08,Orange,059,3164182,57454,54523,1610,56133,1293
2020-10-08,Placer,061,380077,3894,3715,13,3728,48
2020-10-08,Plumas,063,18699,52,50,0,50,0
2020-10-08,Riverside,065,2383286,62976,61105,236,61341,1244
2020-10-08,Sacramento,067,1510023,23931,23482,27,23509,454
2020-10-08,San Benito,069,59416,1371,1367,0,1367,13
2020-10-08,San Bernardino,071,2135413,58432,56152,363,56515,1048
2020-10-08,San Diego,073,3302833,51647,49468,1211,50679,819
2020-10-08,San Francisco,075,870044,11727,11608,40,11648,115
2020-10-08,San Joaquin,077,732212,20955,20576,88,20664,478
2020-10-08,San Luis Obispo,079,281455,4067,3785,22,3807,32
2020-10-08,San Mateo,081,765935,10736,10044,12,10056,130
2020-10-08,Santa Barbara,083,443738,9513,9374,84,9458,116
2020-10-08,Santa Clara,085,1922200,23512,22095,49,22144,323
2020-10-08,Santa Cruz,087,273765,2643,2535,33,2568,13
2020-10-08,Shasta,089,179085,1730,1305,16,1321,20
2020-10-08,Sierra,091,2930,6,6,0,6,0
2020-10-08,Siskiyou,093,43540,170,156,10,166,0
2020-10-08,Solano,095,438530,6801,6556,42,6598,53
2020-10-08,Sonoma,097,501317,8600,8063,23,8086,132
2020-10-08,Stanislaus,099,539301,17053,16821,606,17427,360
2020-10-08,Sutter,101,95872,1754,1725,1,1726,12
2020-10-08,Tehama,103,63373,714,676,2,678,3
2020-10-08,Trinity,105,12862,68,25,9,34,0
2020-10-08,Tulare,107,460477,17143,16573,211,16784,283
2020-10-08,Tuolumne,109,53932,245,230,5,235,4
2020-10-08,Ventura,111,848112,14138,13399,278,13677,151
2020-10-08,Yolo,113,214977,3009,2914,7,2921,55
2020-10-08,Yuba,115,75493,1154,1126,5,1131,10
2020-10-07,Alameda,001,1643700,22396,21736,204,21940,395
2020-10-07,Alpine,003,1148,3,3,0,3,0
2020-10-07,Amador,005,37829,305,302,0,302,16
2020-10-07,Butte,007,227075,3049,2927,27,2954,47
2020-10-07,Calaveras,009,45235,315,262,0,262,11
2020-10-07,Colusa,011,21464,539,539,0,539,6
2020-10-07,Contra Costa,013,1133247,17938,17346,87,17433,225
2020-10-07,Del Norte,015,27424,164,149,0,149,2
2020-10-07,El Dorado,017,186661,1291,1219,9,1228,4
2020-10-07,Fresno,019,978130,31871,29069,406,29475,413
2020-10-07,Glenn,021,27897,629,615,0,615,3
2020-10-07,Humboldt,023,135768,526,512,1,513,7
2020-10-07,Imperial,025,180216,12223,11289,8,11297,330
2020-10-07,Inyo,027,18085,204,199,4,203,14
2020-10-07,Kern,029,883053,32835,32068,357,32425,410
2020-10-07,Kings,031,150075,8266,7948,48,7996,80
2020-10-07,Lake,033,64148,651,599,0,599,11
2020-10-07,Lassen,035,31185,757,751,2,753,0
2020-10-07,Los Angeles,037,10098052,281321,275559,2235,277794,6681
2020-10-07,Madera,039,155013,4777,4618,33,4651,50
2020-10-07,Marin,041,260295,6924,6790,18,6808,95
2020-10-07,Mariposa,043,17540,77,75,0,75,2
2020-10-07,Mendocino,045,87422,981,927,4,931,19
2020-10-07,Merced,047,269075,9183,9045,26,9071,144
2020-10-07,Modoc,049,8938,29,27,0,27,0
2020-10-07,Mono,051,14174,173,153,3,156,1
2020-10-07,Monterey,053,433212,10557,10272,44,10316,75
2020-10-07,Napa,055,140530,1836,1774,8,1782,11
2020-10-07,Nevada,057,99092,573,552,20,572,6
2020-10-07,Orange,059,3164182,57237,54332,1599,55931,1277
2020-10-07,Placer,061,380077,3878,3693,13,3706,48
2020-10-07,Plumas,063,18699,52,50,0,50,0
2020-10-07,Riverside,065,2383286,62629,60857,232,61089,1241
2020-10-07,Sacramento,067,1510023,23834,23380,27,23407,452
2020-10-07,San Benito,069,59416,1368,1363,0,1363,13
2020-10-07,San Bernardino,071,2135413,58083,55738,362,56100,1043
2020-10-07,San Diego,073,3302833,51331,49177,1187,50364,813
2020-10-07,San Francisco,075,870044,11692,11551,40,11591,115
2020-10-07,San Joaquin,077,732212,20903,20527,81,20608,478
2020-10-07,San Luis Obispo,079,281455,4037,3749,22,3771,32
2020-10-07,San Mateo,081,765935,10693,9980,12,9992,130
2020-10-07,Santa Barbara,083,443738,9487,9350,83,9433,116
2020-10-07,Santa Clara,085,1922200,23384,21993,49,22042,320
2020-10-07,Santa Cruz,087,273765,2631,2518,33,2551,14
2020-10-07,Shasta,089,179085,1687,1268,16,1284,20
2020-10-07,Sierra,091,2930,6,6,0,6,0
2020-10-07,Siskiyou,093,43540,168,154,10,164,0
2020-10-07,Solano,095,438530,6766,6526,42,6568,53
2020-10-07,Sonoma,097,501317,8525,7993,22,8015,130
2020-10-07,Stanislaus,099,539301,17018,16786,600,17386,357
2020-10-07,Sutter,101,95872,1751,1723,1,1724,12
2020-10-07,Tehama,103,63373,705,666,2,668,3
2020-10-07,Trinity,105,12862,64,25,8,33,0
2020-10-07,Tulare,107,460477,17100,16483,202,16685,282
2020-10-07,Tuolumne,109,53932,245,227,5,232,3
2020-10-07,Ventura,111,848112,14088,13333,272,13605,150
2020-10-07,Yolo,113,214977,2983,2904,7,2911,55
2020-10-07,Yuba,115,75493,1148,1120,5,1125,10
2020-10-06,Alameda,001,1643700,22305,21698,202,21900,385
2020-10-06,Alpine,003,1148,3,3,0,3,0
2020-10-06,Amador,005,37829,303,301,0,301,16
2020-10-06,Butte,007,227075,3042,2925,27,2952,47
2020-10-06,Calaveras,009,45235,315,261,0,261,11
2020-10-06,Colusa,011,21464,538,538,0,538,6
2020-10-06,Contra Costa,013,1133247,17859,17295,87,17382,219
2020-10-06,Del Norte,015,27424,164,144,0,144,2
2020-10-06,El Dorado,017,186661,1287,1211,9,1220,4
2020-10-06,Fresno,019,978130,31727,29022,403,29425,412
2020-10-06,Glenn,021,27897,626,604,0,604,3
2020-10-06,Humboldt,023,135768,523,508,1,509,7
2020-10-06,Imperial,025,180216,12185,11196,8,11204,327
2020-10-06,Inyo,027,18085,202,198,4,202,14
2020-10-06,Kern,029,883053,32758,32006,355,32361,407
2020-10-06,Kings,031,150075,8250,7943,48,7991,81
2020-10-06,Lake,033,64148,645,596,0,596,11
2020-10-06,Lassen,035,31185,757,743,2,745,0
2020-10-06,Los Angeles,037,10098052,280084,274115,2185,276300,6657
2020-10-06,Madera,039,155013,4765,4608,33,4641,50
2020-10-06,Marin,041,260295,6909,6766,18,6784,91
2020-10-06,Mariposa,043,17540,77,75,0,75,2
2020-10-06,Mendocino,045,87422,974,920,4,924,19
2020-10-06,Merced,047,269075,9147,9034,25,9059,143
2020-10-06,Modoc,049,8938,29,26,0,26,0
2020-10-06,Mono,051,14174,173,153,3,156,1
2020-10-06,Monterey,053,433212,10502,10235,42,10277,72
2020-10-06,Napa,055,140530,1830,1770,8,1778,11
2020-10-06,Nevada,057,99092,570,551,20,571,6
2020-10-06,Orange,059,3164182,57021,54203,1590,55793,1273
2020-10-06,Placer,061,380077,3856,3680,13,3693,48
2020-10-06,Plumas,063,18699,52,49,0,49,0
2020-10-06,Riverside,065,2383286,62364,60593,229,60822,1238
2020-10-06,Sacramento,067,1510023,23747,23322,27,23349,442
2020-10-06,San Benito,069,59416,1367,1358,0,1358,12
2020-10-06,San Bernardino,071,2135413,57768,55416,358,55774,1040
2020-10-06,San Diego,073,3302833,50994,48823,1170,49993,806
2020-10-06,San Francisco,075,870044,11666,11513,39,11552,115
2020-10-06,San Joaquin,077,732212,20863,20481,78,20559,477
2020-10-06,San Luis Obispo,079,281455,4003,3723,22,3745,32
2020-10-06,San Mateo,081,765935,10660,9934,12,9946,129
2020-10-06,Santa Barbara,083,443738,9458,9331,82,9413,116
2020-10-06,Santa Clara,085,1922200,23289,21914,49,21963,320
2020-10-06,Santa Cruz,087,273765,2609,2510,33,2543,12
2020-10-06,Shasta,089,179085,1647,1242,16,1258,18
2020-10-06,Sierra,091,2930,6,6,0,6,0
2020-10-06,Siskiyou,093,43540,168,154,10,164,0
2020-10-06,Solano,095,438530,6720,6506,42,6548,52
2020-10-06,Sonoma,097,501317,8432,7895,22,7917,130
2020-10-06,Stanislaus,099,539301,16973,16759,594,17353,354
2020-10-06,Sutter,101,95872,1749,1722,1,1723,12
2020-10-06,Tehama,103,63373,696,660,2,662,3
2020-10-06,Trinity,105,12862,64,25,8,33,0
2020-10-06,Tulare,107,460477,17058,16456,194,16650,280
2020-10-06,Tuolumne,109,53932,244,227,5,232,2
2020-10-06,Ventura,111,848112,14021,13242,267,13509,150
2020-10-06,Yolo,113,214977,2969,2899,7,2906,56
2020-10-06,Yuba,115,75493,1147,1114,5,1119,10
2020-10-05,Alameda,001,1643700,22217,21637,199,21836,383
2020-10-05,Alpine,003,1148,3,2,0,2,0
2020-10-05,Amador,005,37829,303,299,0,299,16
2020-10-05,Butte,007,227075,3032,2910,27,2937,46
2020-10-05,Calaveras,009,45235,315,259,0,259,11
2020-10-05,Colusa,011,21464,538,537,0,537,6
2020-10-05,Contra Costa,013,1133247,17782,17250,87,17337,216
2020-10-05,Del Norte,015,27424,161,142,0,142,2
2020-10-05,El Dorado,017,186661,1283,1202,8,1210,4
2020-10-05,Fresno,019,978130,31610,29136,403,29539,408
2020-10-05,Glenn,021,27897,624,603,0,603,3
2020-10-05,Humboldt,023,135768,522,506,1,507,6
2020-10-05,Imperial,025,180216,12145,11169,8,11177,327
2020-10-05,Inyo,027,18085,202,197,4,201,14
2020-10-05,Kern,029,883053,32679,31933,351,32284,404
2020-10-05,Kings,031,150075,8153,7932,48,7980,80
2020-10-05,Lake,033,64148,641,592,0,592,10
2020-10-05,Lassen,035,31185,756,743,2,745,0
2020-10-05,Los Angeles,037,10098052,278993,273200,2145,275345,6632
2020-10-05,Madera,039,155013,4757,4598,31,4629,50
2020-10-05,Marin,041,260295,6892,6751,18,6769,91
2020-10-05,Mariposa,043,17540,77,75,0,75,2
2020-10-05,Mendocino,045,87422,966,913,4,917,19
2020-10-05,Merced,047,269075,9128,9021,24,9045,143
2020-10-05,Modoc,049,8938,29,26,0,26,0
2020-10-05,Mono,051,14174,173,152,3,155,1
2020-10-05,Monterey,053,433212,10455,10187,42,10229,72
2020-10-05,Napa,055,140530,1819,1760,8,1768,11
2020-10-05,Nevada,057,99092,567,550,19,569,6
2020-10-05,Orange,059,3164182,56805,54103,1577,55680,1271
2020-10-05,Placer,061,380077,3830,3670,13,3683,46
2020-10-05,Plumas,063,18699,51,49,0,49,0
2020-10-05,Riverside,065,2383286,62044,60454,225,60679,1232
2020-10-05,Sacramento,067,1510023,23643,23207,27,23234,438
2020-10-05,San Benito,069,59416,1364,1356,0,1356,12
2020-10-05,San Bernardino,071,2135413,57460,55100,357,55457,1031
2020-10-05,San Diego,073,3302833,50658,48662,1146,49808,803
2020-10-05,San Francisco,075,870044,11627,11476,36,11512,110
2020-10-05,San Joaquin,077,732212,20793,20319,75,20394,476
2020-10-05,San Luis Obispo,079,281455,3976,3710,22,3732,32
2020-10-05,San Mateo,081,765935,10633,9896,12,9908,128
2020-10-05,Santa Barbara,083,443738,9436,9309,82,9391,116
2020-10-05,Santa Clara,085,1922200,23172,21861,49,21910,319
2020-10-05,Santa Cruz,087,273765,2597,2492,33,2525,9
2020-10-05,Shasta,089,179085,1615,1158,16,1174,18
2020-10-05,Sierra,091,2930,6,6,0,6,0
2020-10-05,Siskiyou,093,43540,168,153,10,163,0
2020-10-05,Solano,095,438530,6681,6475,42,6517,52
2020-10-05,Sonoma,097,501317,8340,7817,22,7839,130
2020-10-05,Stanislaus,099,539301,16937,16730,587,17317,351
2020-10-05,Sutter,101,95872,1741,1719,1,1720,12
2020-10-05,Tehama,103,63373,688,642,2,644,3
2020-10-05,Trinity,105,12862,62,22,8,30,0
2020-10-05,Tulare,107,460477,16999,16343,189,16532,278
2020-10-05,Tuolumne,109,53932,241,226,5,231,2
2020-10-05,Ventura,111,848112,13952,13224,247,13471,149
2020-10-05,Yolo,113,214977,2950,2889,7,2896,56
2020-10-05,Yuba,115,75493,1134,1108,5,1113,9
2020-10-04,Alameda,001,1643700,22121,21597,199,21796,383
2020-10-04,Alpine,003,1148,3,2,0,2,0
2020-10-04,Amador,005,37829,302,297,0,297,16
2020-10-04,Butte,007,227075,3018,2903,27,2930,46
2020-10-04,Calaveras,009,45235,315,259,0,259,11
2020-10-04,Colusa,011,21464,537,537,0,537,6
2020-10-04,Contra Costa,013,1133247,17717,17192,87,17279,214
2020-10-04,Del Norte,015,27424,157,142,0,142,2
2020-10-04,El Dorado,017,186661,1279,1196,8,1204,4
2020-10-04,Fresno,019,978130,31487,29065,403,29468,408
2020-10-04,Glenn,021,27897,622,601,0,601,3
2020-10-04,Humboldt,023,135768,521,506,1,507,6
2020-10-04,Imperial,025,180216,12106,11127,8,11135,327
2020-10-04,Inyo,027,18085,199,195,4,199,14
2020-10-04,Kern,029,883053,32605,31906,347,32253,404
2020-10-04,Kings,031,150075,8138,7919,48,7967,80
2020-10-04,Lake,033,64148,627,589,0,589,10
2020-10-04,Lassen,035,31185,756,743,2,745,0
2020-10-04,Los Angeles,037,10098052,277604,272822,2097,274919,6625
2020-10-04,Madera,039,155013,4741,4587,31,4618,50
2020-10-04,Marin,041,260295,6872,6741,18,6759,91
2020-10-04,Mariposa,043,17540,77,75,0,75,2
2020-10-04,Mendocino,045,87422,953,905,4,909,18
2020-10-04,Merced,047,269075,9103,9006,24,9030,140
2020-10-04,Modoc,049,8938,29,26,0,26,0
2020-10-04,Mono,051,14174,172,152,2,154,1
2020-10-04,Monterey,053,433212,10414,10141,41,10182,72
2020-10-04,Napa,055,140530,1807,1759,8,1767,11
2020-10-04,Nevada,057,99092,563,547,18,565,6
2020-10-04,Orange,059,3164182,56569,53966,1568,55534,1270
2020-10-04,Placer,061,380077,3809,3664,13,3677,46
2020-10-04,Plumas,063,18699,51,49,0,49,0
2020-10-04,Riverside,065,2383286,61758,60251,221,60472,1226
2020-10-04,Sacramento,067,1510023,23530,23162,27,23189,438
2020-10-04,San Benito,069,59416,1364,1355,0,1355,12
2020-10-04,San Bernardino,071,2135413,57012,55100,355,55455,1031
2020-10-04,San Diego,073,3302833,50291,48438,1121,49559,803
2020-10-04,San Francisco,075,870044,11595,11474,34,11508,110
2020-10-04,San Joaquin,077,732212,20716,20320,69,20389,476
2020-10-04,San Luis Obispo,079,281455,3951,3688,22,3710,31
2020-10-04,San Mateo,081,765935,10573,9858,12,9870,128
2020-10-04,Santa Barbara,083,443738,9410,9276,80,9356,116
2020-10-04,Santa Clara,085,1922200,23035,21780,49,21829,316
2020-10-04,Santa Cruz,087,273765,2581,2483,33,2516,9
2020-10-04,Shasta,089,179085,1517,1158,15,1173,18
2020-10-04,Sierra,091,2930,6,6,0,6,0
2020-10-04,Siskiyou,093,43540,168,153,10,163,0
2020-10-04,Solano,095,438530,6630,6445,42,6487,52
2020-10-04,Sonoma,097,501317,8252,7794,22,7816,129
2020-10-04,Stanislaus,099,539301,16887,16711,578,17289,351
2020-10-04,Sutter,101,95872,1738,1711,1,1712,11
2020-10-04,Tehama,103,63373,673,637,2,639,3
2020-10-04,Trinity,105,12862,61,21,8,29,0
2020-10-04,Tulare,107,460477,16922,16343,178,16521,278
2020-10-04,Tuolumne,109,53932,239,226,5,231,2
2020-10-04,Ventura,111,848112,13870,13197,230,13427,149
2020-10-04,Yolo,113,214977,2939,2875,7,2882,56
2020-10-04,Yuba,115,75493,1130,1103,5,1108,9
2020-10-03,Alameda,001,1643700,22075,21510,198,21708,386
2020-10-03,Alpine,003,1148,3,2,0,2,0
2020-10-03,Amador,005,37829,301,296,0,296,16
2020-10-03,Butte,007,227075,3012,2894,27,2921,46
2020-10-03,Calaveras,009,45235,315,259,0,259,11
2020-10-03,Colusa,011,21464,536,537,0,537,6
2020-10-03,Contra Costa,013,1133247,17667,17087,85,17172,213
2020-10-03,Del Norte,015,27424,153,142,0,142,2
2020-10-03,El Dorado,017,186661,1272,1188,8,1196,4
2020-10-03,Fresno,019,978130,31427,28975,402,29377,408
2020-10-03,Glenn,021,27897,620,601,0,601,3
2020-10-03,Humboldt,023,135768,520,504,1,505,6
2020-10-03,Imperial,025,180216,12083,11090,8,11098,327
2020-10-03,Inyo,027,18085,199,194,4,198,14
2020-10-03,Kern,029,883053,32555,31864,343,32207,403
2020-10-03,Kings,031,150075,8134,7887,48,7935,80
2020-10-03,Lake,033,64148,617,588,0,588,10
2020-10-03,Lassen,035,31185,756,743,2,745,0
2020-10-03,Los Angeles,037,10098052,276899,271869,2068,273937,6620
2020-10-03,Madera,039,155013,4724,4565,31,4596,50
2020-10-03,Marin,041,260295,6866,6728,18,6746,91
2020-10-03,Mariposa,043,17540,77,75,0,75,2
2020-10-03,Mendocino,045,87422,951,898,4,902,18
2020-10-03,Merced,047,269075,9090,8986,24,9010,139
2020-10-03,Modoc,049,8938,29,26,0,26,0
2020-10-03,Mono,051,14174,171,152,2,154,1
2020-10-03,Monterey,053,433212,10380,10092,38,10130,72
2020-10-03,Napa,055,140530,1803,1752,8,1760,11
2020-10-03,Nevada,057,99092,562,544,18,562,6
2020-10-03,Orange,059,3164182,56452,53573,1563,55136,1268
2020-10-03,Placer,061,380077,3798,3648,13,3661,47
2020-10-03,Plumas,063,18699,51,48,0,48,0
2020-10-03,Riverside,065,2383286,61606,59991,219,60210,1226
2020-10-03,Sacramento,067,1510023,23479,23076,27,23103,437
2020-10-03,San Benito,069,59416,1364,1351,0,1351,12
2020-10-03,San Bernardino,071,2135413,56839,55004,352,55356,1031
2020-10-03,San Diego,073,3302833,50060,48202,1104,49306,798
2020-10-03,San Francisco,075,870044,11570,11475,32,11507,110
2020-10-03,San Joaquin,077,732212,20690,20322,69,20391,476
2020-10-03,San Luis Obispo,079,281455,3927,3670,22,3692,31
2020-10-03,San Mateo,081,765935,10547,9822,11,9833,128
2020-10-03,Santa Barbara,083,443738,9397,9256,80,9336,116
2020-10-03,Santa Clara,085,1922200,22955,21672,49,21721,309
2020-10-03,Santa Cruz,087,273765,2573,2476,33,2509,9
2020-10-03,Shasta,089,179085,1489,1117,14,1131,18
2020-10-03,Sierra,091,2930,6,6,0,6,0
2020-10-03,Siskiyou,093,43540,168,152,10,162,0
2020-10-03,Solano,095,438530,6604,6419,42,6461,52
2020-10-03,Sonoma,097,501317,8209,7747,22,7769,129
2020-10-03,Stanislaus,099,539301,16854,16645,574,17219,351
2020-10-03,Sutter,101,95872,1734,1705,1,1706,11
2020-10-03,Tehama,103,63373,667,630,2,632,3
2020-10-03,Trinity,105,12862,61,15,8,23,0
2020-10-03,Tulare,107,460477,16878,16322,174,16496,278
2020-10-03,Tuolumne,109,53932,238,224,5,229,2
2020-10-03,Ventura,111,848112,13831,13150,226,13376,148
2020-10-03,Yolo,113,214977,2932,2863,7,2870,56
2020-10-03,Yuba,115,75493,1122,1097,5,1102,8
2020-10-02,Alameda,001,1643700,22020,21404,197,21601,382
2020-10-02,Alpine,003,1148,3,2,0,2,0
2020-10-02,Amador,005,37829,300,296,0,296,16
2020-10-02,Butte,007,227075,3002,2879,27,2906,46
2020-10-02,Calaveras,009,45235,314,259,0,259,11
2020-10-02,Colusa,011,21464,535,537,0,537,6
2020-10-02,Contra Costa,013,1133247,17624,17002,84,17086,213
2020-10-02,Del Norte,015,27424,152,141,0,141,2
2020-10-02,El Dorado,017,186661,1265,1168,8,1176,4
2020-10-02,Fresno,019,978130,31344,28855,402,29257,403
2020-10-02,Glenn,021,27897,615,594,0,594,3
2020-10-02,Humboldt,023,135768,519,503,1,504,6
2020-10-02,Imperial,025,180216,12061,11024,8,11032,327
2020-10-02,Inyo,027,18085,197,191,4,195,14
2020-10-02,Kern,029,883053,32503,31790,341,32131,399
2020-10-02,Kings,031,150075,8125,7716,48,7764,79
2020-10-02,Lake,033,64148,611,579,0,579,10
2020-10-02,Lassen,035,31185,756,742,2,744,0
2020-10-02,Los Angeles,037,10098052,275997,270935,2041,272976,6602
2020-10-02,Madera,039,155013,4715,4537,31,4568,49
2020-10-02,Marin,041,260295,6849,6717,18,6735,91
2020-10-02,Mariposa,043,17540,77,75,0,75,2
2020-10-02,Mendocino,045,87422,946,883,4,887,18
2020-10-02,Merced,047,269075,9080,8961,24,8985,139
2020-10-02,Modoc,049,8938,29,26,0,26,0
2020-10-02,Mono,051,14174,171,150,2,152,1
2020-10-02,Monterey,053,433212,10346,9997,38,10035,71
2020-10-02,Napa,055,140530,1797,1737,8,1745,11
2020-10-02,Nevada,057,99092,559,543,18,561,6
2020-10-02,Orange,059,3164182,56321,53299,1556,54855,1262
2020-10-02,Placer,061,380077,3778,3612,13,3625,46
2020-10-02,Plumas,063,18699,51,48,0,48,0
2020-10-02,Riverside,065,2383286,61385,59673,216,59889,1223
2020-10-02,Sacramento,067,1510023,23414,22818,27,22845,436
2020-10-02,San Benito,069,59416,1360,1347,0,1347,12
2020-10-02,San Bernardino,071,2135413,56652,54613,352,54965,1028
2020-10-02,San Diego,073,3302833,49808,47793,1088,48881,794
2020-10-02,San Francisco,075,870044,11547,11398,32,11430,110
2020-10-02,San Joaquin,077,732212,20656,20235,68,20303,474
2020-10-02,San Luis Obispo,079,281455,3904,3654,22,3676,31
2020-10-02,San Mateo,081,765935,10506,9745,11,9756,128
2020-10-02,Santa Barbara,083,443738,9374,9234,80,9314,116
2020-10-02,Santa Clara,085,1922200,22869,21545,48,21593,305
2020-10-02,Santa Cruz,087,273765,2556,2463,33,2496,9
2020-10-02,Shasta,089,179085,1454,1046,14,1060,18
2020-10-02,Sierra,091,2930,6,6,0,6,0
2020-10-02,Siskiyou,093,43540,168,151,10,161,0
2020-10-02,Solano,095,438530,6574,6385,42,6427,52
2020-10-02,Sonoma,097,501317,8152,7662,22,7684,125
2020-10-02,Stanislaus,099,539301,16813,16609,565,17174,349
2020-10-02,Sutter,101,95872,1733,1693,1,1694,11
2020-10-02,Tehama,103,63373,662,619,2,621,3
2020-10-02,Trinity,105,12862,61,15,8,23,0
2020-10-02,Tulare,107,460477,16837,16245,167,16412,278
2020-10-02,Tuolumne,109,53932,236,225,5,230,2
2020-10-02,Ventura,111,848112,13792,13120,221,13341,146
2020-10-02,Yolo,113,214977,2927,2845,7,2852,55
2020-10-02,Yuba,115,75493,1120,1090,5,1095,8
2020-10-01,Alameda,001,1643700,21959,21349,193,21542,383
2020-10-01,Alpine,003,1148,3,2,0,2,0
2020-10-01,Amador,005,37829,300,294,0,294,16
2020-10-01,Butte,007,227075,2994,2865,27,2892,45
2020-10-01,Calaveras,009,45235,314,257,0,257,11
2020-10-01,Colusa,011,21464,535,536,0,536,6
2020-10-01,Contra Costa,013,1133247,17561,16898,84,16982,211
2020-10-01,Del Norte,015,27424,147,140,0,140,2
2020-10-01,El Dorado,017,186661,1261,1162,7,1169,4
2020-10-01,Fresno,019,978130,31263,28796,400,29196,397
2020-10-01,Glenn,021,27897,611,593,0,593,3
2020-10-01,Humboldt,023,135768,519,499,1,500,6
2020-10-01,Imperial,025,180216,12018,10928,8,10936,325
2020-10-01,Inyo,027,18085,197,191,4,195,14
2020-10-01,Kern,029,883053,32440,31678,336,32014,399
2020-10-01,Kings,031,150075,8114,7688,45,7733,79
2020-10-01,Lake,033,64148,605,572,0,572,11
2020-10-01,Lassen,035,31185,753,742,2,744,0
2020-10-01,Los Angeles,037,10098052,274953,271513,2007,273520,6621
2020-10-01,Madera,039,155013,4692,4508,31,4539,48
2020-10-01,Marin,041,260295,6835,6710,18,6728,92
2020-10-01,Mariposa,043,17540,77,76,0,76,2
2020-10-01,Mendocino,045,87422,941,874,4,878,19
2020-10-01,Merced,047,269075,9052,8942,24,8966,138
2020-10-01,Modoc,049,8938,29,26,0,26,0
2020-10-01,Mono,051,14174,169,150,2,152,1
2020-10-01,Monterey,053,433212,10270,9958,38,9996,71
2020-10-01,Napa,055,140530,1789,1729,8,1737,11
2020-10-01,Nevada,057,99092,558,543,18,561,6
2020-10-01,Orange,059,3164182,56156,53088,1543,54631,1257
2020-10-01,Placer,061,380077,3751,3599,13,3612,45
2020-10-01,Plumas,063,18699,51,48,0,48,0
2020-10-01,Riverside,065,2383286,61133,59293,210,59503,1223
2020-10-01,Sacramento,067,1510023,23302,22714,26,22740,433
2020-10-01,San Benito,069,59416,1358,1346,0,1346,12
2020-10-01,San Bernardino,071,2135413,56358,54350,349,54699,1021
2020-10-01,San Diego,073,3302833,49526,47487,1068,48555,792
2020-10-01,San Francisco,075,870044,11516,11284,30,11314,110
2020-10-01,San Joaquin,077,732212,20609,20204,65,20269,471
2020-10-01,San Luis Obispo,079,281455,3877,3625,22,3647,31
2020-10-01,San Mateo,081,765935,10461,9681,11,9692,128
2020-10-01,Santa Barbara,083,443738,9334,9215,80,9295,118
2020-10-01,Santa Clara,085,1922200,22768,21398,48,21446,305
2020-10-01,Santa Cruz,087,273765,2541,2418,33,2451,10
2020-10-01,Shasta,089,179085,1403,991,14,1005,18
2020-10-01,Sierra,091,2930,6,6,0,6,0
2020-10-01,Siskiyou,093,43540,165,150,10,160,0
2020-10-01,Solano,095,438530,6536,6352,42,6394,52
2020-10-01,Sonoma,097,501317,8085,7569,22,7591,125
2020-10-01,Stanislaus,099,539301,16780,16555,559,17114,346
2020-10-01,Sutter,101,95872,1728,1684,1,1685,11
2020-10-01,Tehama,103,63373,652,606,2,608,3
2020-10-01,Trinity,105,12862,61,15,8,23,0
2020-10-01,Tulare,107,460477,16762,16182,164,16346,275
2020-10-01,Tuolumne,109,53932,236,223,5,228,2
2020-10-01,Ventura,111,848112,13740,13057,207,13264,146
2020-10-01,Yolo,113,214977,2909,2833,7,2840,55
2020-10-01,Yuba,115,75493,1116,1082,5,1087,8
2020-09-30,Alameda,001,1643700,21881,21271,190,21461,380
2020-09-30,Alpine,003,1148,3,2,0,2,0
2020-09-30,Amador,005,37829,300,294,0,294,16
2020-09-30,Butte,007,227075,2986,2858,27,2885,44
2020-09-30,Calaveras,009,45235,313,258,0,258,11
2020-09-30,Colusa,011,21464,534,534,0,534,6
2020-09-30,Contra Costa,013,1133247,17493,16819,84,16903,211
2020-09-30,Del Norte,015,27424,146,140,0,140,2
2020-09-30,El Dorado,017,186661,1249,1157,7,1164,4
2020-09-30,Fresno,019,978130,31173,28706,397,29103,395
2020-09-30,Glenn,021,27897,606,592,0,592,3
2020-09-30,Humboldt,023,135768,517,497,1,498,6
2020-09-30,Imperial,025,180216,11993,10868,8,10876,287
2020-09-30,Inyo,027,18085,196,189,4,193,14
2020-09-30,Kern,029,883053,32365,31601,335,31936,398
2020-09-30,Kings,031,150075,8085,7685,45,7730,79
2020-09-30,Lake,033,64148,599,567,0,567,10
2020-09-30,Lassen,035,31185,750,742,2,744,0
2020-09-30,Los Angeles,037,10098052,273728,270260,1974,272234,6568
2020-09-30,Madera,039,155013,4683,4477,31,4508,47
2020-09-30,Marin,041,260295,6811,6700,17,6717,91
2020-09-30,Mariposa,043,17540,77,76,0,76,2
2020-09-30,Mendocino,045,87422,935,867,4,871,17
2020-09-30,Merced,047,269075,9032,8926,24,8950,136
2020-09-30,Modoc,049,8938,29,26,0,26,0
2020-09-30,Mono,051,14174,169,150,2,152,1
2020-09-30,Monterey,053,433212,10220,9898,37,9935,70
2020-09-30,Napa,055,140530,1775,1728,8,1736,11
2020-09-30,Nevada,057,99092,556,540,18,558,6
2020-09-30,Orange,059,3164182,55965,52916,1526,54442,1251
2020-09-30,Placer,061,380077,3730,3585,13,3598,43
2020-09-30,Plumas,063,18699,51,48,0,48,0
2020-09-30,Riverside,065,2383286,60778,59074,206,59280,1220
2020-09-30,Sacramento,067,1510023,23198,22613,26,22639,429
2020-09-30,San Benito,069,59416,1355,1342,0,1342,12
2020-09-30,San Bernardino,071,2135413,56080,53988,348,54336,1018
2020-09-30,San Diego,073,3302833,49222,47182,1047,48229,783
2020-09-30,San Francisco,075,870044,11486,11247,30,11277,106
2020-09-30,San Joaquin,077,732212,20526,20150,63,20213,461
2020-09-30,San Luis Obispo,079,281455,3852,3597,22,3619,31
2020-09-30,San Mateo,081,765935,10419,9634,11,9645,128
2020-09-30,Santa Barbara,083,443738,9308,9186,80,9266,115
2020-09-30,Santa Clara,085,1922200,22663,21318,48,21366,302
2020-09-30,Santa Cruz,087,273765,2528,2405,33,2438,10
2020-09-30,Shasta,089,179085,1347,976,13,989,17
2020-09-30,Sierra,091,2930,6,6,0,6,0
2020-09-30,Siskiyou,093,43540,163,150,10,160,0
2020-09-30,Solano,095,438530,6494,6315,42,6357,51
2020-09-30,Sonoma,097,501317,7996,7494,22,7516,125
2020-09-30,Stanislaus,099,539301,16733,16531,553,17084,343
2020-09-30,Sutter,101,95872,1712,1680,1,1681,10
2020-09-30,Tehama,103,63373,646,594,2,596,3
2020-09-30,Trinity,105,12862,58,15,8,23,0
2020-09-30,Tulare,107,460477,16696,16117,157,16274,274
2020-09-30,Tuolumne,109,53932,234,224,5,229,2
2020-09-30,Ventura,111,848112,13705,12968,191,13159,145
2020-09-30,Yolo,113,214977,2896,2822,7,2829,55
2020-09-30,Yuba,115,75493,1113,1075,5,1080,8
2020-09-29,Alameda,001,1643700,21805,21241,186,21427,374
2020-09-29,Alpine,003,1148,3,2,0,2,0
2020-09-29,Amador,005,37829,298,294,0,294,16
2020-09-29,Butte,007,227075,2972,2848,27,2875,44
2020-09-29,Calaveras,009,45235,311,261,0,261,11
2020-09-29,Colusa,011,21464,534,534,0,534,6
2020-09-29,Contra Costa,013,1133247,17438,16716,82,16798,209
2020-09-29,Del Norte,015,27424,142,142,0,142,2
2020-09-29,El Dorado,017,186661,1240,1151,7,1158,4
2020-09-29,Fresno,019,978130,31078,28621,396,29017,394
2020-09-29,Glenn,021,27897,602,589,0,589,3
2020-09-29,Humboldt,023,135768,515,497,1,498,6
2020-09-29,Imperial,025,180216,11959,10811,8,10819,283
2020-09-29,Inyo,027,18085,195,188,4,192,14
2020-09-29,Kern,029,883053,32310,31534,334,31868,397
2020-09-29,Kings,031,150075,8029,7681,45,7726,78
2020-09-29,Lake,033,64148,597,566,0,566,11
2020-09-29,Lassen,035,31185,750,741,2,743,0
2020-09-29,Los Angeles,037,10098052,272512,269246,1946,271192,6545
2020-09-29,Madera,039,155013,4659,4453,31,4484,47
2020-09-29,Marin,041,260295,6790,6692,17,6709,91
2020-09-29,Mariposa,043,17540,77,74,0,74,2
2020-09-29,Mendocino,045,87422,925,854,4,858,17
2020-09-29,Merced,047,269075,9019,8892,22,8914,136
2020-09-29,Modoc,049,8938,29,26,0,26,0
2020-09-29,Mono,051,14174,169,149,2,151,1
2020-09-29,Monterey,053,433212,10165,9826,35,9861,70
2020-09-29,Napa,055,140530,1772,1727,8,1735,11
2020-09-29,Nevada,057,99092,551,539,18,557,6
2020-09-29,Orange,059,3164182,55779,52755,1515,54270,1231
2020-09-29,Placer,061,380077,3708,3570,13,3583,42
2020-09-29,Plumas,063,18699,51,48,0,48,0
2020-09-29,Riverside,065,2383286,60448,58863,199,59062,1208
2020-09-29,Sacramento,067,1510023,23077,22547,26,22573,425
2020-09-29,San Benito,069,59416,1350,1341,0,1341,12
2020-09-29,San Bernardino,071,2135413,55770,53753,347,54100,1012
2020-09-29,San Diego,073,3302833,48945,46987,1024,48011,781
2020-09-29,San Francisco,075,870044,11450,11142,30,11172,104
2020-09-29,San Joaquin,077,732212,20460,20094,61,20155,454
2020-09-29,San Luis Obispo,079,281455,3830,3581,22,3603,31
2020-09-29,San Mateo,081,765935,10372,9619,11,9630,127
2020-09-29,Santa Barbara,083,443738,9288,9149,79,9228,114
2020-09-29,Santa Clara,085,1922200,22527,21233,47,21280,302
2020-09-29,Santa Cruz,087,273765,2513,2383,32,2415,10
2020-09-29,Shasta,089,179085,1286,943,13,956,17
2020-09-29,Sierra,091,2930,6,6,0,6,0
2020-09-29,Siskiyou,093,43540,157,150,10,160,0
2020-09-29,Solano,095,438530,6460,6303,42,6345,51
2020-09-29,Sonoma,097,501317,7924,7426,22,7448,125
2020-09-29,Stanislaus,099,539301,16703,16505,547,17052,341
2020-09-29,Sutter,101,95872,1706,1677,1,1678,10
2020-09-29,Tehama,103,63373,628,585,2,587,2
2020-09-29,Trinity,105,12862,56,16,8,24,0
2020-09-29,Tulare,107,460477,16632,16055,150,16205,270
2020-09-29,Tuolumne,109,53932,234,224,5,229,2
2020-09-29,Ventura,111,848112,13648,12875,188,13063,145
2020-09-29,Yolo,113,214977,2883,2818,7,2825,55
2020-09-29,Yuba,115,75493,1111,1071,5,1076,8
2020-09-28,Alameda,001,1643700,21718,21133,186,21319,370
2020-09-28,Alpine,003,1148,3,2,0,2,0
2020-09-28,Amador,005,37829,296,294,0,294,16
2020-09-28,Butte,007,227075,2957,2837,27,2864,44
2020-09-28,Calaveras,009,45235,311,257,0,257,11
2020-09-28,Colusa,011,21464,533,531,0,531,6
2020-09-28,Contra Costa,013,1133247,17374,16653,82,16735,195
2020-09-28,Del Norte,015,27424,142,138,0,138,2
2020-09-28,El Dorado,017,186661,1233,1144,7,1151,4
2020-09-28,Fresno,019,978130,30997,28517,389,28906,389
2020-09-28,Glenn,021,27897,600,585,0,585,3
2020-09-28,Humboldt,023,135768,509,495,1,496,6
2020-09-28,Imperial,025,180216,11924,10777,8,10785,283
2020-09-28,Inyo,027,18085,194,188,4,192,14
2020-09-28,Kern,029,883053,32245,31481,329,31810,395
2020-09-28,Kings,031,150075,7888,7661,43,7704,78
2020-09-28,Lake,033,64148,593,559,0,559,10
2020-09-28,Lassen,035,31185,749,737,2,739,0
2020-09-28,Los Angeles,037,10098052,271406,268404,1916,270320,6508
2020-09-28,Madera,039,155013,4638,4438,31,4469,47
2020-09-28,Marin,041,260295,6774,6676,17,6693,91
2020-09-28,Mariposa,043,17540,77,74,0,74,2
2020-09-28,Mendocino,045,87422,910,850,4,854,17
2020-09-28,Merced,047,269075,8991,8869,22,8891,136
2020-09-28,Modoc,049,8938,29,26,0,26,0
2020-09-28,Mono,051,14174,169,148,2,150,1
2020-09-28,Monterey,053,433212,10100,9780,33,9813,69
2020-09-28,Napa,055,140530,1760,1705,8,1713,11
2020-09-28,Nevada,057,99092,543,538,18,556,6
2020-09-28,Orange,059,3164182,55573,52633,1506,54139,1196
2020-09-28,Placer,061,380077,3687,3572,13,3585,42
2020-09-28,Plumas,063,18699,50,48,0,48,0
2020-09-28,Riverside,065,2383286,60150,58570,190,58760,1198
2020-09-28,Sacramento,067,1510023,22930,22392,26,22418,423
2020-09-28,San Benito,069,59416,1347,1336,0,1336,11
2020-09-28,San Bernardino,071,2135413,55421,53501,347,53848,988
2020-09-28,San Diego,073,3302833,48627,46736,1004,47740,776
2020-09-28,San Francisco,075,870044,11416,11114,30,11144,100
2020-09-28,San Joaquin,077,732212,20412,19982,60,20042,448
2020-09-28,San Luis Obispo,079,281455,3809,3567,22,3589,31
2020-09-28,San Mateo,081,765935,10322,9582,11,9593,127
2020-09-28,Santa Barbara,083,443738,9270,9121,79,9200,114
2020-09-28,Santa Clara,085,1922200,22410,21180,47,21227,271
2020-09-28,Santa Cruz,087,273765,2503,2359,32,2391,9
2020-09-28,Shasta,089,179085,1232,883,10,893,17
2020-09-28,Sierra,091,2930,6,6,0,6,0
2020-09-28,Siskiyou,093,43540,157,149,10,159,0
2020-09-28,Solano,095,438530,6424,6254,42,6296,51
2020-09-28,Sonoma,097,501317,7848,7369,22,7391,125
2020-09-28,Stanislaus,099,539301,16664,16467,540,17007,336
2020-09-28,Sutter,101,95872,1699,1676,1,1677,10
2020-09-28,Tehama,103,63373,620,579,2,581,2
2020-09-28,Trinity,105,12862,56,16,8,24,0
2020-09-28,Tulare,107,460477,16579,15918,145,16063,270
2020-09-28,Tuolumne,109,53932,234,225,5,230,2
2020-09-28,Ventura,111,848112,13570,12812,181,12993,139
2020-09-28,Yolo,113,214977,2866,2809,7,2816,55
2020-09-28,Yuba,115,75493,1108,1062,5,1067,7
2020-09-27,Alameda,001,1643700,21637,21077,182,21259,370
2020-09-27,Alpine,003,1148,3,2,0,2,0
2020-09-27,Amador,005,37829,296,291,0,291,16
2020-09-27,Butte,007,227075,2945,2833,27,2860,44
2020-09-27,Calaveras,009,45235,310,257,0,257,11
2020-09-27,Colusa,011,21464,532,531,0,531,6
2020-09-27,Contra Costa,013,1133247,17272,16596,81,16677,195
2020-09-27,Del Norte,015,27424,142,138,0,138,2
2020-09-27,El Dorado,017,186661,1218,1130,7,1137,4
2020-09-27,Fresno,019,978130,30892,28441,389,28830,389
2020-09-27,Glenn,021,27897,596,576,0,576,3
2020-09-27,Humboldt,023,135768,507,492,1,493,6
2020-09-27,Imperial,025,180216,11890,10743,8,10751,283
2020-09-27,Inyo,027,18085,192,188,4,192,14
2020-09-27,Kern,029,883053,32126,31462,326,31788,395
2020-09-27,Kings,031,150075,7868,7641,43,7684,78
2020-09-27,Lake,033,64148,589,555,0,555,10
2020-09-27,Lassen,035,31185,749,737,2,739,0
2020-09-27,Los Angeles,037,10098052,270228,267754,1896,269650,6507
2020-09-27,Madera,039,155013,4609,4416,31,4447,47
2020-09-27,Marin,041,260295,6764,6663,17,6680,91
2020-09-27,Mariposa,043,17540,77,74,0,74,2
2020-09-27,Mendocino,045,87422,904,846,4,850,17
2020-09-27,Merced,047,269075,8957,8853,22,8875,136
2020-09-27,Modoc,049,8938,29,26,0,26,0
2020-09-27,Mono,051,14174,169,148,2,150,1
2020-09-27,Monterey,053,433212,10040,9724,32,9756,69
2020-09-27,Napa,055,140530,1755,1690,8,1698,11
2020-09-27,Nevada,057,99092,542,537,18,555,6
2020-09-27,Orange,059,3164182,55298,52458,1497,53955,1195
2020-09-27,Placer,061,380077,3674,3562,13,3575,42
2020-09-27,Plumas,063,18699,50,48,0,48,0
2020-09-27,Riverside,065,2383286,59854,58509,182,58691,1191
2020-09-27,Sacramento,067,1510023,22832,22356,26,22382,422
2020-09-27,San Benito,069,59416,1347,1331,0,1331,11
2020-09-27,San Bernardino,071,2135413,54985,53127,347,53474,988
2020-09-27,San Diego,073,3302833,48283,46612,987,47599,776
2020-09-27,San Francisco,075,870044,11364,11114,30,11144,100
2020-09-27,San Joaquin,077,732212,20352,19981,60,20041,448
2020-09-27,San Luis Obispo,079,281455,3789,3562,22,3584,31
2020-09-27,San Mateo,081,765935,10254,9566,11,9577,127
2020-09-27,Santa Barbara,083,443738,9249,9090,78,9168,114
2020-09-27,Santa Clara,085,1922200,22301,21091,47,21138,271
2020-09-27,Santa Cruz,087,273765,2481,2359,32,2391,9
2020-09-27,Shasta,089,179085,1189,883,9,892,17
2020-09-27,Sierra,091,2930,6,6,0,6,0
2020-09-27,Siskiyou,093,43540,156,149,10,159,0
2020-09-27,Solano,095,438530,6389,6211,41,6252,51
2020-09-27,Sonoma,097,501317,7767,7336,22,7358,124
2020-09-27,Stanislaus,099,539301,16613,16448,534,16982,336
2020-09-27,Sutter,101,95872,1692,1672,1,1673,10
2020-09-27,Tehama,103,63373,603,573,2,575,2
2020-09-27,Trinity,105,12862,56,16,8,24,0
2020-09-27,Tulare,107,460477,16501,15918,136,16054,270
2020-09-27,Tuolumne,109,53932,233,224,5,229,2
2020-09-27,Ventura,111,848112,13481,12775,172,12947,139
2020-09-27,Yolo,113,214977,2852,2796,7,2803,55
2020-09-27,Yuba,115,75493,1098,1059,5,1064,7
2020-09-26,Alameda,001,1643700,21579,21019,181,21200,370
2020-09-26,Alpine,003,1148,3,2,0,2,0
2020-09-26,Amador,005,37829,295,291,0,291,16
2020-09-26,Butte,007,227075,2937,2827,27,2854,44
2020-09-26,Calaveras,009,45235,310,257,0,257,11
2020-09-26,Colusa,011,21464,532,529,0,529,6
2020-09-26,Contra Costa,013,1133247,17229,16508,81,16589,194
2020-09-26,Del Norte,015,27424,142,138,0,138,2
2020-09-26,El Dorado,017,186661,1213,1127,7,1134,4
2020-09-26,Fresno,019,978130,30825,28336,389,28725,389
2020-09-26,Glenn,021,27897,596,576,0,576,3
2020-09-26,Humboldt,023,135768,507,491,1,492,6
2020-09-26,Imperial,025,180216,11873,10721,8,10729,283
2020-09-26,Inyo,027,18085,191,187,4,191,14
2020-09-26,Kern,029,883053,32075,31410,326,31736,394
2020-09-26,Kings,031,150075,7856,7537,43,7580,78
2020-09-26,Lake,033,64148,586,549,0,549,10
2020-09-26,Lassen,035,31185,749,737,2,739,0
2020-09-26,Los Angeles,037,10098052,269593,266931,1882,268813,6497
2020-09-26,Madera,039,155013,4593,4410,31,4441,47
2020-09-26,Marin,041,260295,6751,6641,17,6658,91
2020-09-26,Mariposa,043,17540,76,74,0,74,2
2020-09-26,Mendocino,045,87422,899,836,4,840,17
2020-09-26,Merced,047,269075,8945,8841,21,8862,136
2020-09-26,Modoc,049,8938,29,26,0,26,0
2020-09-26,Mono,051,14174,169,148,2,150,1
2020-09-26,Monterey,053,433212,10013,9651,32,9683,68
2020-09-26,Napa,055,140530,1753,1681,8,1689,11
2020-09-26,Nevada,057,99092,542,534,18,552,6
2020-09-26,Orange,059,3164182,55159,52203,1491,53694,1194
2020-09-26,Placer,061,380077,3661,3551,13,3564,42
2020-09-26,Plumas,063,18699,49,48,0,48,0
2020-09-26,Riverside,065,2383286,59719,58076,180,58256,1190
2020-09-26,Sacramento,067,1510023,22776,22269,26,22295,421
2020-09-26,San Benito,069,59416,1345,1325,0,1325,11
2020-09-26,San Bernardino,071,2135413,54852,53122,347,53469,988
2020-09-26,San Diego,073,3302833,48078,46333,973,47306,775
2020-09-26,San Francisco,075,870044,11336,11113,30,11143,100
2020-09-26,San Joaquin,077,732212,20317,19982,58,20040,449
2020-09-26,San Luis Obispo,079,281455,3773,3546,22,3568,31
2020-09-26,San Mateo,081,765935,10220,9509,11,9520,127
2020-09-26,Santa Barbara,083,443738,9238,9061,78,9139,114
2020-09-26,Santa Clara,085,1922200,22230,20967,46,21013,270
2020-09-26,Santa Cruz,087,273765,2473,2336,32,2368,9
2020-09-26,Shasta,089,179085,1139,856,8,864,17
2020-09-26,Sierra,091,2930,6,6,0,6,0
2020-09-26,Siskiyou,093,43540,155,149,10,159,0
2020-09-26,Solano,095,438530,6370,6209,41,6250,51
2020-09-26,Sonoma,097,501317,7742,7285,21,7306,124
2020-09-26,Stanislaus,099,539301,16588,16421,525,16946,336
2020-09-26,Sutter,101,95872,1687,1662,1,1663,10
2020-09-26,Tehama,103,63373,591,560,2,562,2
2020-09-26,Trinity,105,12862,54,16,8,24,0
2020-09-26,Tulare,107,460477,16475,15881,134,16015,270
2020-09-26,Tuolumne,109,53932,233,223,5,228,2
2020-09-26,Ventura,111,848112,13446,12729,171,12900,137
2020-09-26,Yolo,113,214977,2850,2789,7,2796,55
2020-09-26,Yuba,115,75493,1094,1056,5,1061,7
2020-09-25,Alameda,001,1643700,21525,20911,181,21092,367
2020-09-25,Alpine,003,1148,3,2,0,2,0
2020-09-25,Amador,005,37829,295,289,0,289,16
2020-09-25,Butte,007,227075,2932,2819,27,2846,43
2020-09-25,Calaveras,009,45235,310,257,0,257,11
2020-09-25,Colusa,011,21464,532,528,0,528,6
2020-09-25,Contra Costa,013,1133247,17170,16401,81,16482,194
2020-09-25,Del Norte,015,27424,142,138,0,138,2
2020-09-25,El Dorado,017,186661,1209,1104,7,1111,4
2020-09-25,Fresno,019,978130,30765,28199,388,28587,385
2020-09-25,Glenn,021,27897,594,570,0,570,3
2020-09-25,Humboldt,023,135768,506,489,1,490,5
2020-09-25,Imperial,025,180216,11855,10681,8,10689,283
2020-09-25,Inyo,027,18085,189,187,4,191,14
2020-09-25,Kern,029,883053,32022,31333,324,31657,393
2020-09-25,Kings,031,150075,7851,7450,43,7493,77
2020-09-25,Lake,033,64148,585,539,0,539,9
2020-09-25,Lassen,035,31185,749,737,2,739,0
2020-09-25,Los Angeles,037,10098052,268801,265713,1869,267582,6483
2020-09-25,Madera,039,155013,4574,4369,31,4400,48
2020-09-25,Marin,041,260295,6748,6622,17,6639,90
2020-09-25,Mariposa,043,17540,76,74,0,74,2
2020-09-25,Mendocino,045,87422,884,819,3,822,17
2020-09-25,Merced,047,269075,8929,8830,21,8851,135
2020-09-25,Modoc,049,8938,29,26,0,26,0
2020-09-25,Mono,051,14174,169,149,2,151,1
2020-09-25,Monterey,053,433212,9961,9581,32,9613,68
2020-09-25,Napa,055,140530,1751,1669,8,1677,11
2020-09-25,Nevada,057,99092,540,529,18,547,6
2020-09-25,Orange,059,3164182,55032,52031,1483,53514,1184
2020-09-25,Placer,061,380077,3650,3527,13,3540,41
2020-09-25,Plumas,063,18699,49,48,0,48,0
2020-09-25,Riverside,065,2383286,59543,57783,175,57958,1183
2020-09-25,Sacramento,067,1510023,22699,22132,26,22158,418
2020-09-25,San Benito,069,59416,1344,1318,0,1318,11
2020-09-25,San Bernardino,071,2135413,54698,52814,347,53161,987
2020-09-25,San Diego,073,3302833,47876,46003,957,46960,775
2020-09-25,San Francisco,075,870044,11302,11066,29,11095,100
2020-09-25,San Joaquin,077,732212,20265,19909,58,19967,449
2020-09-25,San Luis Obispo,079,281455,3761,3512,22,3534,31
2020-09-25,San Mateo,081,765935,10184,9447,11,9458,127
2020-09-25,Santa Barbara,083,443738,9214,9026,78,9104,114
2020-09-25,Santa Clara,085,1922200,22166,20812,45,20857,265
2020-09-25,Santa Cruz,087,273765,2461,2309,31,2340,9
2020-09-25,Shasta,089,179085,1105,806,8,814,16
2020-09-25,Sierra,091,2930,6,6,0,6,0
2020-09-25,Siskiyou,093,43540,155,149,10,159,0
2020-09-25,Solano,095,438530,6354,6179,41,6220,50
2020-09-25,Sonoma,097,501317,7702,7202,21,7223,124
2020-09-25,Stanislaus,099,539301,16570,16381,523,16904,326
2020-09-25,Sutter,101,95872,1684,1655,1,1656,10
2020-09-25,Tehama,103,63373,583,546,2,548,2
2020-09-25,Trinity,105,12862,54,15,8,23,0
2020-09-25,Tulare,107,460477,16435,15815,132,15947,267
2020-09-25,Tuolumne,109,53932,233,223,5,228,2
2020-09-25,Ventura,111,848112,13403,12664,168,12832,137
2020-09-25,Yolo,113,214977,2842,2784,7,2791,55
2020-09-25,Yuba,115,75493,1089,1049,5,1054,5
2020-09-24,Alameda,001,1643700,21450,20838,178,21016,364
2020-09-24,Alpine,003,1148,3,2,0,2,0
2020-09-24,Amador,005,37829,295,288,0,288,16
2020-09-24,Butte,007,227075,2921,2803,27,2830,43
2020-09-24,Calaveras,009,45235,310,258,0,258,11
2020-09-24,Colusa,011,21464,532,523,0,523,6
2020-09-24,Contra Costa,013,1133247,17088,16252,81,16333,192
2020-09-24,Del Norte,015,27424,138,137,0,137,2
2020-09-24,El Dorado,017,186661,1200,1093,7,1100,4
2020-09-24,Fresno,019,978130,30659,28106,384,28490,375
2020-09-24,Glenn,021,27897,590,567,0,567,3
2020-09-24,Humboldt,023,135768,503,482,1,483,5
2020-09-24,Imperial,025,180216,11831,10622,8,10630,283
2020-09-24,Inyo,027,18085,189,187,4,191,13
2020-09-24,Kern,029,883053,31959,31273,322,31595,388
2020-09-24,Kings,031,150075,7835,7428,43,7471,76
2020-09-24,Lake,033,64148,576,531,0,531,9
2020-09-24,Lassen,035,31185,748,737,2,739,0
2020-09-24,Los Angeles,037,10098052,267760,264374,1851,266225,6452
2020-09-24,Madera,039,155013,4555,4344,31,4375,48
2020-09-24,Marin,041,260295,6720,6588,17,6605,85
2020-09-24,Mariposa,043,17540,76,74,0,74,2
2020-09-24,Mendocino,045,87422,880,810,3,813,17
2020-09-24,Merced,047,269075,8900,8813,20,8833,135
2020-09-24,Modoc,049,8938,29,24,0,24,0
2020-09-24,Mono,051,14174,169,149,2,151,1
2020-09-24,Monterey,053,433212,9895,9544,30,9574,67
2020-09-24,Napa,055,140530,1739,1661,8,1669,11
2020-09-24,Nevada,057,99092,539,527,18,545,6
2020-09-24,Orange,059,3164182,54824,51749,1465,53214,1164
2020-09-24,Placer,061,380077,3635,3514,13,3527,41
2020-09-24,Plumas,063,18699,49,48,0,48,0
2020-09-24,Riverside,065,2383286,59277,57491,169,57660,1172
2020-09-24,Sacramento,067,1510023,22573,21985,25,22010,417
2020-09-24,San Benito,069,59416,1342,1308,0,1308,11
2020-09-24,San Bernardino,071,2135413,54361,52455,346,52801,988
2020-09-24,San Diego,073,3302833,47607,45598,942,46540,773
2020-09-24,San Francisco,075,870044,11255,10992,29,11021,99
2020-09-24,San Joaquin,077,732212,20227,19851,56,19907,444
2020-09-24,San Luis Obispo,079,281455,3745,3480,22,3502,31
2020-09-24,San Mateo,081,765935,10136,9376,11,9387,127
2020-09-24,Santa Barbara,083,443738,9161,8988,77,9065,114
2020-09-24,Santa Clara,085,1922200,22078,20689,45,20734,262
2020-09-24,Santa Cruz,087,273765,2441,2300,29,2329,9
2020-09-24,Shasta,089,179085,1068,773,5,778,14
2020-09-24,Sierra,091,2930,6,6,0,6,0
2020-09-24,Siskiyou,093,43540,155,149,10,159,0
2020-09-24,Solano,095,438530,6321,6137,41,6178,49
2020-09-24,Sonoma,097,501317,7621,7163,21,7184,122
2020-09-24,Stanislaus,099,539301,16533,16326,518,16844,326
2020-09-24,Sutter,101,95872,1681,1646,1,1647,10
2020-09-24,Tehama,103,63373,580,540,2,542,2
2020-09-24,Trinity,105,12862,54,15,8,23,0
2020-09-24,Tulare,107,460477,16370,15754,131,15885,267
2020-09-24,Tuolumne,109,53932,233,224,5,229,2
2020-09-24,Ventura,111,848112,13321,12617,167,12784,138
2020-09-24,Yolo,113,214977,2835,2776,7,2783,55
2020-09-24,Yuba,115,75493,1084,1042,5,1047,5
2020-09-23,Alameda,001,1643700,21382,20718,176,20894,361
2020-09-23,Alpine,003,1148,3,2,0,2,0
2020-09-23,Amador,005,37829,294,288,0,288,16
2020-09-23,Butte,007,227075,2913,2790,27,2817,43
2020-09-23,Calaveras,009,45235,309,258,0,258,11
2020-09-23,Colusa,011,21464,531,521,0,521,6
2020-09-23,Contra Costa,013,1133247,17026,16167,80,16247,192
2020-09-23,Del Norte,015,27424,136,137,0,137,2
2020-09-23,El Dorado,017,186661,1186,1088,7,1095,4
2020-09-23,Fresno,019,978130,30564,28019,382,28401,371
2020-09-23,Glenn,021,27897,583,561,0,561,3
2020-09-23,Humboldt,023,135768,499,477,1,478,5
2020-09-23,Imperial,025,180216,11805,10587,8,10595,284
2020-09-23,Inyo,027,18085,188,177,4,181,13
2020-09-23,Kern,029,883053,31915,31172,320,31492,387
2020-09-23,Kings,031,150075,7813,7406,43,7449,76
2020-09-23,Lake,033,64148,571,519,0,519,9
2020-09-23,Lassen,035,31185,748,736,2,738,0
2020-09-23,Los Angeles,037,10098052,266744,263318,1822,265140,6421
2020-09-23,Madera,039,155013,4540,4311,31,4342,48
2020-09-23,Marin,041,260295,6701,6567,17,6584,85
2020-09-23,Mariposa,043,17540,76,74,0,74,2
2020-09-23,Mendocino,045,87422,879,801,2,803,17
2020-09-23,Merced,047,269075,8879,8785,18,8803,134
2020-09-23,Modoc,049,8938,29,24,0,24,0
2020-09-23,Mono,051,14174,169,149,2,151,1
2020-09-23,Monterey,053,433212,9826,9452,29,9481,67
2020-09-23,Napa,055,140530,1730,1653,8,1661,11
2020-09-23,Nevada,057,99092,538,523,18,541,6
2020-09-23,Orange,059,3164182,54597,51658,1457,53115,1155
2020-09-23,Placer,061,380077,3623,3506,13,3519,41
2020-09-23,Plumas,063,18699,49,48,0,48,0
2020-09-23,Riverside,065,2383286,58971,57257,166,57423,1165
2020-09-23,Sacramento,067,1510023,22496,21821,25,21846,415
2020-09-23,San Benito,069,59416,1336,1305,0,1305,10
2020-09-23,San Bernardino,071,2135413,54067,52132,344,52476,973
2020-09-23,San Diego,073,3302833,47331,45427,923,46350,767
2020-09-23,San Francisco,075,870044,11206,10926,29,10955,95
2020-09-23,San Joaquin,077,732212,20173,19785,56,19841,439
2020-09-23,San Luis Obispo,079,281455,3727,3447,22,3469,31
2020-09-23,San Mateo,081,765935,10096,9351,11,9362,127
2020-09-23,Santa Barbara,083,443738,9132,8952,77,9029,112
2020-09-23,Santa Clara,085,1922200,21967,20575,42,20617,260
2020-09-23,Santa Cruz,087,273765,2422,2283,29,2312,9
2020-09-23,Shasta,089,179085,1029,756,4,760,14
2020-09-23,Sierra,091,2930,6,6,0,6,0
2020-09-23,Siskiyou,093,43540,155,149,10,159,0
2020-09-23,Solano,095,438530,6295,6123,41,6164,50
2020-09-23,Sonoma,097,501317,7545,7091,21,7112,122
2020-09-23,Stanislaus,099,539301,16503,16271,515,16786,317
2020-09-23,Sutter,101,95872,1677,1646,1,1647,10
2020-09-23,Tehama,103,63373,574,533,2,535,2
2020-09-23,Trinity,105,12862,53,15,8,23,0
2020-09-23,Tulare,107,460477,16305,15664,130,15794,266
2020-09-23,Tuolumne,109,53932,233,223,5,228,2
2020-09-23,Ventura,111,848112,13265,12591,164,12755,137
2020-09-23,Yolo,113,214977,2817,2766,7,2773,55
2020-09-23,Yuba,115,75493,1082,1038,5,1043,5
2020-09-22,Alameda,001,1643700,21302,20607,174,20781,355
2020-09-22,Alpine,003,1148,2,2,0,2,0
2020-09-22,Amador,005,37829,293,287,0,287,16
2020-09-22,Butte,007,227075,2908,2776,27,2803,43
2020-09-22,Calaveras,009,45235,309,258,0,258,11
2020-09-22,Colusa,011,21464,529,518,0,518,6
2020-09-22,Contra Costa,013,1133247,16936,16090,80,16170,190
2020-09-22,Del Norte,015,27424,136,137,0,137,2
2020-09-22,El Dorado,017,186661,1167,1076,7,1083,4
2020-09-22,Fresno,019,978130,30469,27944,379,28323,369
2020-09-22,Glenn,021,27897,580,560,0,560,3
2020-09-22,Humboldt,023,135768,498,476,1,477,5
2020-09-22,Imperial,025,180216,11776,10529,8,10537,284
2020-09-22,Inyo,027,18085,188,177,4,181,13
2020-09-22,Kern,029,883053,31847,31110,313,31423,383
2020-09-22,Kings,031,150075,7756,7395,42,7437,76
2020-09-22,Lake,033,64148,563,516,0,516,9
2020-09-22,Lassen,035,31185,747,736,2,738,0
2020-09-22,Los Angeles,037,10098052,265678,262117,1797,263914,6394
2020-09-22,Madera,039,155013,4524,4303,31,4334,47
2020-09-22,Marin,041,260295,6687,6561,17,6578,84
2020-09-22,Mariposa,043,17540,76,74,0,74,2
2020-09-22,Mendocino,045,87422,859,794,1,795,18
2020-09-22,Merced,047,269075,8849,8769,18,8787,132
2020-09-22,Modoc,049,8938,29,24,0,24,0
2020-09-22,Mono,051,14174,168,149,2,151,1
2020-09-22,Monterey,053,433212,9768,9393,28,9421,67
2020-09-22,Napa,055,140530,1713,1652,8,1660,11
2020-09-22,Nevada,057,99092,538,523,18,541,6
2020-09-22,Orange,059,3164182,54347,51528,1448,52976,1132
2020-09-22,Placer,061,380077,3611,3492,13,3505,40
2020-09-22,Plumas,063,18699,49,48,0,48,0
2020-09-22,Riverside,065,2383286,58487,57066,162,57228,1162
2020-09-22,Sacramento,067,1510023,22376,21745,25,21770,410
2020-09-22,San Benito,069,59416,1331,1305,0,1305,10
2020-09-22,San Bernardino,071,2135413,53792,51899,344,52243,971
2020-09-22,San Diego,073,3302833,47024,45149,904,46053,765
2020-09-22,San Francisco,075,870044,11162,10893,28,10921,95
2020-09-22,San Joaquin,077,732212,20126,19755,55,19810,426
2020-09-22,San Luis Obispo,079,281455,3705,3420,22,3442,31
2020-09-22,San Mateo,081,765935,10058,9291,11,9302,127
2020-09-22,Santa Barbara,083,443738,9102,8927,76,9003,111
2020-09-22,Santa Clara,085,1922200,21848,20514,42,20556,253
2020-09-22,Santa Cruz,087,273765,2399,2264,29,2293,8
2020-09-22,Shasta,089,179085,994,723,4,727,14
2020-09-22,Sierra,091,2930,6,6,0,6,0
2020-09-22,Siskiyou,093,43540,155,149,10,159,0
2020-09-22,Solano,095,438530,6264,6107,41,6148,48
2020-09-22,Sonoma,097,501317,7466,7068,20,7088,117
2020-09-22,Stanislaus,099,539301,16480,16231,508,16739,316
2020-09-22,Sutter,101,95872,1671,1638,1,1639,10
2020-09-22,Tehama,103,63373,566,529,2,531,2
2020-09-22,Trinity,105,12862,53,15,8,23,0
2020-09-22,Tulare,107,460477,16238,15616,126,15742,263
2020-09-22,Tuolumne,109,53932,232,224,5,229,1
2020-09-22,Ventura,111,848112,13213,12507,160,12667,136
2020-09-22,Yolo,113,214977,2810,2763,7,2770,54
2020-09-22,Yuba,115,75493,1073,1035,5,1040,5
2020-09-21,Alameda,001,1643700,21223,20501,173,20674,343
2020-09-21,Alpine,003,1148,2,2,0,2,0
2020-09-21,Amador,005,37829,291,286,0,286,16
2020-09-21,Butte,007,227075,2894,2769,27,2796,41
2020-09-21,Calaveras,009,45235,307,256,0,256,10
2020-09-21,Colusa,011,21464,528,517,0,517,6
2020-09-21,Contra Costa,013,1133247,16849,16008,80,16088,189
2020-09-21,Del Norte,015,27424,136,132,0,132,2
2020-09-21,El Dorado,017,186661,1158,1074,7,1081,4
2020-09-21,Fresno,019,978130,30367,27843,372,28215,362
2020-09-21,Glenn,021,27897,576,556,0,556,3
2020-09-21,Humboldt,023,135768,494,473,1,474,5
2020-09-21,Imperial,025,180216,11745,10521,8,10529,284
2020-09-21,Inyo,027,18085,187,177,4,181,12
2020-09-21,Kern,029,883053,31775,31031,311,31342,379
2020-09-21,Kings,031,150075,7643,7297,41,7338,76
2020-09-21,Lake,033,64148,558,508,0,508,8
2020-09-21,Lassen,035,31185,745,735,2,737,0
2020-09-21,Los Angeles,037,10098052,264592,261418,1752,263170,6360
2020-09-21,Madera,039,155013,4513,4275,30,4305,47
2020-09-21,Marin,041,260295,6676,6538,16,6554,84
2020-09-21,Mariposa,043,17540,75,74,0,74,2
2020-09-21,Mendocino,045,87422,844,778,0,778,18
2020-09-21,Merced,047,269075,8830,8749,16,8765,128
2020-09-21,Modoc,049,8938,29,22,0,22,0
2020-09-21,Mono,051,14174,168,147,2,149,1
2020-09-21,Monterey,053,433212,9704,9331,25,9356,66
2020-09-21,Napa,055,140530,1702,1641,8,1649,11
2020-09-21,Nevada,057,99092,536,515,18,533,6
2020-09-21,Orange,059,3164182,54125,51363,1441,52804,1110
2020-09-21,Placer,061,380077,3601,3473,13,3486,40
2020-09-21,Plumas,063,18699,49,47,0,47,0
2020-09-21,Riverside,065,2383286,58215,57001,155,57156,1153
2020-09-21,Sacramento,067,1510023,22195,21568,25,21593,404
2020-09-21,San Benito,069,59416,1329,1298,0,1298,10
2020-09-21,San Bernardino,071,2135413,53506,51654,344,51998,970
2020-09-21,San Diego,073,3302833,46740,44927,883,45810,760
2020-09-21,San Francisco,075,870044,11114,10743,28,10771,95
2020-09-21,San Joaquin,077,732212,20068,19579,55,19634,423
2020-09-21,San Luis Obispo,079,281455,3679,3406,22,3428,27
2020-09-21,San Mateo,081,765935,10006,9239,11,9250,127
2020-09-21,Santa Barbara,083,443738,9074,8911,76,8987,110
2020-09-21,Santa Clara,085,1922200,21747,20432,42,20474,252
2020-09-21,Santa Cruz,087,273765,2382,2257,27,2284,8
2020-09-21,Shasta,089,179085,944,696,4,700,14
2020-09-21,Sierra,091,2930,6,6,0,6,0
2020-09-21,Siskiyou,093,43540,155,146,10,156,0
2020-09-21,Solano,095,438530,6240,6019,41,6060,46
2020-09-21,Sonoma,097,501317,7390,7017,20,7037,117
2020-09-21,Stanislaus,099,539301,16450,16186,508,16694,310
2020-09-21,Sutter,101,95872,1664,1634,1,1635,10
2020-09-21,Tehama,103,63373,547,513,2,515,2
2020-09-21,Trinity,105,12862,53,15,8,23,0
2020-09-21,Tulare,107,460477,16164,15528,117,15645,260
2020-09-21,Tuolumne,109,53932,232,221,5,226,1
2020-09-21,Ventura,111,848112,13129,12477,154,12631,133
2020-09-21,Yolo,113,214977,2804,2752,7,2759,54
2020-09-21,Yuba,115,75493,1069,1033,5,1038,1
2020-09-20,Alameda,001,1643700,21123,20425,170,20595,343
2020-09-20,Alpine,003,1148,2,2,0,2,0
2020-09-20,Amador,005,37829,290,286,0,286,16
2020-09-20,Butte,007,227075,2882,2764,27,2791,39
2020-09-20,Calaveras,009,45235,303,256,0,256,10
2020-09-20,Colusa,011,21464,526,510,0,510,6
2020-09-20,Contra Costa,013,1133247,16715,15917,79,15996,189
2020-09-20,Del Norte,015,27424,134,132,0,132,2
2020-09-20,El Dorado,017,186661,1143,1073,7,1080,4
2020-09-20,Fresno,019,978130,30253,27769,367,28136,362
2020-09-20,Glenn,021,27897,572,550,0,550,3
2020-09-20,Humboldt,023,135768,494,472,1,473,5
2020-09-20,Imperial,025,180216,11718,10496,7,10503,284
2020-09-20,Inyo,027,18085,187,177,4,181,12
2020-09-20,Kern,029,883053,31692,30992,307,31299,379
2020-09-20,Kings,031,150075,7596,7159,40,7199,76
2020-09-20,Lake,033,64148,546,492,0,492,8
2020-09-20,Lassen,035,31185,745,735,2,737,0
2020-09-20,Los Angeles,037,10098052,263361,260770,1727,262497,6347
2020-09-20,Madera,039,155013,4493,4257,30,4287,47
2020-09-20,Marin,041,260295,6650,6533,16,6549,83
2020-09-20,Mariposa,043,17540,75,74,0,74,2
2020-09-20,Mendocino,045,87422,832,765,0,765,18
2020-09-20,Merced,047,269075,8803,8745,16,8761,128
2020-09-20,Modoc,049,8938,27,22,0,22,0
2020-09-20,Mono,051,14174,167,147,2,149,1
2020-09-20,Monterey,053,433212,9625,9312,25,9337,65
2020-09-20,Napa,055,140530,1693,1626,8,1634,11
2020-09-20,Nevada,057,99092,533,511,18,529,6
2020-09-20,Orange,059,3164182,53884,51233,1431,52664,1110
2020-09-20,Placer,061,380077,3586,3452,13,3465,40
2020-09-20,Plumas,063,18699,49,47,0,47,0
2020-09-20,Riverside,065,2383286,58014,56783,149,56932,1147
2020-09-20,Sacramento,067,1510023,22008,21394,24,21418,401
2020-09-20,San Benito,069,59416,1318,1291,0,1291,9
2020-09-20,San Bernardino,071,2135413,53187,51559,342,51901,970
2020-09-20,San Diego,073,3302833,46367,44579,854,45433,760
2020-09-20,San Francisco,075,870044,11060,10743,28,10771,95
2020-09-20,San Joaquin,077,732212,20003,19578,48,19626,423
2020-09-20,San Luis Obispo,079,281455,3652,3393,22,3415,27
2020-09-20,San Mateo,081,765935,9940,9198,11,9209,127
2020-09-20,Santa Barbara,083,443738,9038,8880,75,8955,110
2020-09-20,Santa Clara,085,1922200,21627,20330,41,20371,252
2020-09-20,Santa Cruz,087,273765,2362,2199,27,2226,8
2020-09-20,Shasta,089,179085,903,696,3,699,14
2020-09-20,Sierra,091,2930,6,6,0,6,0
2020-09-20,Siskiyou,093,43540,155,146,10,156,0
2020-09-20,Solano,095,438530,6196,6020,41,6061,46
2020-09-20,Sonoma,097,501317,7286,6954,20,6974,117
2020-09-20,Stanislaus,099,539301,16419,16159,501,16660,310
2020-09-20,Sutter,101,95872,1658,1624,1,1625,10
2020-09-20,Tehama,103,63373,534,509,2,511,2
2020-09-20,Trinity,105,12862,53,15,8,23,0
2020-09-20,Tulare,107,460477,16078,15528,111,15639,260
2020-09-20,Tuolumne,109,53932,232,221,5,226,1
2020-09-20,Ventura,111,848112,13063,12406,150,12556,133
2020-09-20,Yolo,113,214977,2796,2745,7,2752,54
2020-09-20,Yuba,115,75493,1062,1029,5,1034,1
2020-09-19,Alameda,001,1643700,21073,20349,167,20516,343
2020-09-19,Alpine,003,1148,2,2,0,2,0
2020-09-19,Amador,005,37829,290,285,0,285,16
2020-09-19,Butte,007,227075,2876,2748,27,2775,38
2020-09-19,Calaveras,009,45235,303,256,0,256,10
2020-09-19,Colusa,011,21464,526,507,0,507,6
2020-09-19,Contra Costa,013,1133247,16652,15783,79,15862,186
2020-09-19,Del Norte,015,27424,133,132,0,132,2
2020-09-19,El Dorado,017,186661,1137,1068,6,1074,4
2020-09-19,Fresno,019,978130,30180,27668,367,28035,362
2020-09-19,Glenn,021,27897,569,547,0,547,3
2020-09-19,Humboldt,023,135768,493,471,1,472,5
2020-09-19,Imperial,025,180216,11703,10496,7,10503,284
2020-09-19,Inyo,027,18085,187,177,4,181,12
2020-09-19,Kern,029,883053,31638,30886,304,31190,379
2020-09-19,Kings,031,150075,7590,7130,40,7170,76
2020-09-19,Lake,033,64148,546,465,0,465,8
2020-09-19,Lassen,035,31185,745,731,2,733,0
2020-09-19,Los Angeles,037,10098052,262735,259801,1713,261514,6325
2020-09-19,Madera,039,155013,4470,4237,30,4267,47
2020-09-19,Marin,041,260295,6643,6513,15,6528,81
2020-09-19,Mariposa,043,17540,75,74,0,74,2
2020-09-19,Mendocino,045,87422,829,750,0,750,18
2020-09-19,Merced,047,269075,8792,8717,15,8732,128
2020-09-19,Modoc,049,8938,27,22,0,22,0
2020-09-19,Mono,051,14174,167,147,2,149,1
2020-09-19,Monterey,053,433212,9583,9237,25,9262,65
2020-09-19,Napa,055,140530,1685,1614,8,1622,11
2020-09-19,Nevada,057,99092,531,505,18,523,6
2020-09-19,Orange,059,3164182,53756,50999,1424,52423,1105
2020-09-19,Placer,061,380077,3577,3412,13,3425,40
2020-09-19,Plumas,063,18699,49,47,0,47,0
2020-09-19,Riverside,065,2383286,57887,56562,148,56710,1147
2020-09-19,Sacramento,067,1510023,21954,21297,24,21321,396
2020-09-19,San Benito,069,59416,1314,1276,0,1276,9
2020-09-19,San Bernardino,071,2135413,53031,51353,339,51692,971
2020-09-19,San Diego,073,3302833,46139,44295,831,45126,773
2020-09-19,San Francisco,075,870044,11027,10741,28,10769,95
2020-09-19,San Joaquin,077,732212,19966,19580,48,19628,424
2020-09-19,San Luis Obispo,079,281455,3631,3369,22,3391,27
2020-09-19,San Mateo,081,765935,9909,9158,11,9169,127
2020-09-19,Santa Barbara,083,443738,9018,8862,75,8937,106
2020-09-19,Santa Clara,085,1922200,21538,20170,41,20211,251
2020-09-19,Santa Cruz,087,273765,2348,2198,26,2224,8
2020-09-19,Shasta,089,179085,876,687,3,690,14
2020-09-19,Sierra,091,2930,6,6,0,6,0
2020-09-19,Siskiyou,093,43540,155,146,10,156,0
2020-09-19,Solano,095,438530,6180,5998,41,6039,46
2020-09-19,Sonoma,097,501317,7253,6905,20,6925,117
2020-09-19,Stanislaus,099,539301,16379,16109,494,16603,313
2020-09-19,Sutter,101,95872,1657,1602,1,1603,10
2020-09-19,Tehama,103,63373,529,498,2,500,2
2020-09-19,Trinity,105,12862,53,15,8,23,0
2020-09-19,Tulare,107,460477,16029,15485,108,15593,260
2020-09-19,Tuolumne,109,53932,232,217,5,222,1
2020-09-19,Ventura,111,848112,13031,12328,150,12478,133
2020-09-19,Yolo,113,214977,2788,2739,7,2746,54
2020-09-19,Yuba,115,75493,1055,1023,5,1028,1
2020-09-18,Alameda,001,1643700,21008,20222,161,20383,341
2020-09-18,Alpine,003,1148,2,2,0,2,0
2020-09-18,Amador,005,37829,290,285,0,285,16
2020-09-18,Butte,007,227075,2874,2738,27,2765,37
2020-09-18,Calaveras,009,45235,303,255,0,255,9
2020-09-18,Colusa,011,21464,526,504,0,504,6
2020-09-18,Contra Costa,013,1133247,16567,15667,79,15746,185
2020-09-18,Del Norte,015,27424,133,131,0,131,2
2020-09-18,El Dorado,017,186661,1124,1063,6,1069,4
2020-09-18,Fresno,019,978130,30115,27560,367,27927,359
2020-09-18,Glenn,021,27897,566,541,0,541,3
2020-09-18,Humboldt,023,135768,490,470,1,471,5
2020-09-18,Imperial,025,180216,11688,10460,7,10467,283
2020-09-18,Inyo,027,18085,187,177,4,181,12
2020-09-18,Kern,029,883053,31580,30742,301,31043,373
2020-09-18,Kings,031,150075,7580,7062,40,7102,74
2020-09-18,Lake,033,64148,540,458,0,458,8
2020-09-18,Lassen,035,31185,744,731,2,733,0
2020-09-18,Los Angeles,037,10098052,261974,258488,1695,260183,6324
2020-09-18,Madera,039,155013,4458,4211,30,4241,45
2020-09-18,Marin,041,260295,6628,6475,15,6490,81
2020-09-18,Mariposa,043,17540,75,74,0,74,2
2020-09-18,Mendocino,045,87422,821,739,0,739,18
2020-09-18,Merced,047,269075,8780,8691,14,8705,127
2020-09-18,Modoc,049,8938,27,22,0,22,0
2020-09-18,Mono,051,14174,165,147,2,149,1
2020-09-18,Monterey,053,433212,9542,9183,25,9208,64
2020-09-18,Napa,055,140530,1679,1604,8,1612,11
2020-09-18,Nevada,057,99092,528,504,18,522,6
2020-09-18,Orange,059,3164182,53609,50733,1412,52145,1107
2020-09-18,Placer,061,380077,3566,3389,13,3402,40
2020-09-18,Plumas,063,18699,49,45,0,45,0
2020-09-18,Riverside,065,2383286,57765,56248,143,56391,1143
2020-09-18,Sacramento,067,1510023,21871,21105,24,21129,391
2020-09-18,San Benito,069,59416,1306,1257,0,1257,8
2020-09-18,San Bernardino,071,2135413,52886,51106,336,51442,970
2020-09-18,San Diego,073,3302833,45889,44009,826,44835,757
2020-09-18,San Francisco,075,870044,10989,10644,27,10671,95
2020-09-18,San Joaquin,077,732212,19922,19531,47,19578,423
2020-09-18,San Luis Obispo,079,281455,3607,3328,22,3350,27
2020-09-18,San Mateo,081,765935,9869,9062,11,9073,127
2020-09-18,Santa Barbara,083,443738,8997,8824,75,8899,107
2020-09-18,Santa Clara,085,1922200,21440,20058,41,20099,252
2020-09-18,Santa Cruz,087,273765,2327,2180,25,2205,8
2020-09-18,Shasta,089,179085,841,668,3,671,14
2020-09-18,Sierra,091,2930,6,6,0,6,0
2020-09-18,Siskiyou,093,43540,154,146,10,156,0
2020-09-18,Solano,095,438530,6164,5961,41,6002,46
2020-09-18,Sonoma,097,501317,7205,6856,20,6876,114
2020-09-18,Stanislaus,099,539301,16351,16042,488,16530,277
2020-09-18,Sutter,101,95872,1650,1586,1,1587,10
2020-09-18,Tehama,103,63373,529,490,2,492,2
2020-09-18,Trinity,105,12862,53,15,7,22,0
2020-09-18,Tulare,107,460477,15996,15435,104,15539,259
2020-09-18,Tuolumne,109,53932,231,216,5,221,1
2020-09-18,Ventura,111,848112,12970,12236,146,12382,133
2020-09-18,Yolo,113,214977,2782,2732,7,2739,54
2020-09-18,Yuba,115,75493,1051,1020,5,1025,1
2020-09-17,Alameda,001,1643700,20909,20146,161,20307,339
2020-09-17,Alpine,003,1148,2,2,0,2,0
2020-09-17,Amador,005,37829,288,284,0,284,16
2020-09-17,Butte,007,227075,2856,2720,27,2747,38
2020-09-17,Calaveras,009,45235,303,254,0,254,9
2020-09-17,Colusa,011,21464,524,499,0,499,6
2020-09-17,Contra Costa,013,1133247,16479,15576,79,15655,184
2020-09-17,Del Norte,015,27424,133,131,0,131,2
2020-09-17,El Dorado,017,186661,1115,1057,6,1063,4
2020-09-17,Fresno,019,978130,30006,27487,362,27849,355
2020-09-17,Glenn,021,27897,565,541,0,541,3
2020-09-17,Humboldt,023,135768,484,466,1,467,5
2020-09-17,Imperial,025,180216,11671,10436,7,10443,281
2020-09-17,Inyo,027,18085,187,176,4,180,12
2020-09-17,Kern,029,883053,31519,30627,294,30921,372
2020-09-17,Kings,031,150075,7509,7015,40,7055,72
2020-09-17,Lake,033,64148,530,433,0,433,8
2020-09-17,Lassen,035,31185,742,731,2,733,0
2020-09-17,Los Angeles,037,10098052,261031,257246,1680,258926,6318
2020-09-17,Madera,039,155013,4424,4152,30,4182,45
2020-09-17,Marin,041,260295,6607,6457,15,6472,81
2020-09-17,Mariposa,043,17540,75,74,0,74,2
2020-09-17,Mendocino,045,87422,810,737,0,737,18
2020-09-17,Merced,047,269075,8761,8671,14,8685,119
2020-09-17,Modoc,049,8938,27,22,0,22,0
2020-09-17,Mono,051,14174,165,147,2,149,1
2020-09-17,Monterey,053,433212,9480,9113,25,9138,62
2020-09-17,Napa,055,140530,1668,1592,8,1600,11
2020-09-17,Nevada,057,99092,526,494,18,512,6
2020-09-17,Orange,059,3164182,53428,50537,1400,51937,1098
2020-09-17,Placer,061,380077,3545,3368,13,3381,40
2020-09-17,Plumas,063,18699,49,45,0,45,0
2020-09-17,Riverside,065,2383286,57539,56007,142,56149,1134
2020-09-17,Sacramento,067,1510023,21636,20895,24,20919,385
2020-09-17,San Benito,069,59416,1304,1252,0,1252,8
2020-09-17,San Bernardino,071,2135413,52684,50770,336,51106,904
2020-09-17,San Diego,073,3302833,45609,43621,814,44435,754
2020-09-17,San Francisco,075,870044,10895,10564,27,10591,95
2020-09-17,San Joaquin,077,732212,19863,19439,47,19486,416
2020-09-17,San Luis Obispo,079,281455,3577,3299,22,3321,27
2020-09-17,San Mateo,081,765935,9827,8984,11,8995,127
2020-09-17,Santa Barbara,083,443738,8973,8779,75,8854,107
2020-09-17,Santa Clara,085,1922200,21323,19825,41,19866,254
2020-09-17,Santa Cruz,087,273765,2311,2155,25,2180,7
2020-09-17,Shasta,089,179085,802,660,3,663,12
2020-09-17,Sierra,091,2930,6,6,0,6,0
2020-09-17,Siskiyou,093,43540,154,146,10,156,0
2020-09-17,Solano,095,438530,6141,5915,41,5956,44
2020-09-17,Sonoma,097,501317,7141,6754,20,6774,114
2020-09-17,Stanislaus,099,539301,16318,15984,484,16468,277
2020-09-17,Sutter,101,95872,1645,1572,1,1573,10
2020-09-17,Tehama,103,63373,515,487,2,489,2
2020-09-17,Trinity,105,12862,53,15,7,22,0
2020-09-17,Tulare,107,460477,15943,15344,102,15446,258
2020-09-17,Tuolumne,109,53932,230,214,5,219,1
2020-09-17,Ventura,111,848112,12883,12167,142,12309,130
2020-09-17,Yolo,113,214977,2773,2724,7,2731,53
2020-09-17,Yuba,115,75493,1047,1015,5,1020,1
2020-09-16,Alameda,001,1643700,20811,20009,159,20168,333
2020-09-16,Alpine,003,1148,2,2,0,2,0
2020-09-16,Amador,005,37829,288,284,0,284,16
2020-09-16,Butte,007,227075,2846,2704,26,2730,38
2020-09-16,Calaveras,009,45235,303,254,0,254,9
2020-09-16,Colusa,011,21464,522,497,0,497,6
2020-09-16,Contra Costa,013,1133247,16393,15473,79,15552,183
2020-09-16,Del Norte,015,27424,133,131,0,131,2
2020-09-16,El Dorado,017,186661,1107,1049,6,1055,4
2020-09-16,Fresno,019,978130,29899,27381,360,27741,343
2020-09-16,Glenn,021,27897,563,539,0,539,3
2020-09-16,Humboldt,023,135768,483,455,1,456,4
2020-09-16,Imperial,025,180216,11648,10401,7,10408,277
2020-09-16,Inyo,027,18085,186,176,4,180,12
2020-09-16,Kern,029,883053,31459,30570,293,30863,371
2020-09-16,Kings,031,150075,7484,7002,37,7039,71
2020-09-16,Lake,033,64148,519,417,0,417,6
2020-09-16,Lassen,035,31185,741,730,2,732,0
2020-09-16,Los Angeles,037,10098052,260051,256101,1663,257764,6299
2020-09-16,Madera,039,155013,4401,4138,30,4168,45
2020-09-16,Marin,041,260295,6579,6430,15,6445,77
2020-09-16,Mariposa,043,17540,75,74,0,74,2
2020-09-16,Mendocino,045,87422,801,727,0,727,18
2020-09-16,Merced,047,269075,8740,8646,14,8660,118
2020-09-16,Modoc,049,8938,27,22,0,22,0
2020-09-16,Mono,051,14174,165,147,2,149,1
2020-09-16,Monterey,053,433212,9426,8997,25,9022,62
2020-09-16,Napa,055,140530,1654,1587,8,1595,11
2020-09-16,Nevada,057,99092,521,495,17,512,6
2020-09-16,Orange,059,3164182,53227,50414,1391,51805,1096
2020-09-16,Placer,061,380077,3527,3351,13,3364,39
2020-09-16,Plumas,063,18699,49,45,0,45,0
2020-09-16,Riverside,065,2383286,57345,55811,134,55945,1127
2020-09-16,Sacramento,067,1510023,21541,20610,24,20634,377
2020-09-16,San Benito,069,59416,1296,1244,0,1244,8
2020-09-16,San Bernardino,071,2135413,52459,50509,335,50844,907
2020-09-16,San Diego,073,3302833,45317,43447,793,44240,748
2020-09-16,San Francisco,075,870044,10848,10502,27,10529,90
2020-09-16,San Joaquin,077,732212,19809,19377,46,19423,409
2020-09-16,San Luis Obispo,079,281455,3546,3285,22,3307,28
2020-09-16,San Mateo,081,765935,9762,8944,11,8955,127
2020-09-16,Santa Barbara,083,443738,8940,8764,75,8839,107
2020-09-16,Santa Clara,085,1922200,21204,19684,41,19725,253
2020-09-16,Santa Cruz,087,273765,2270,2089,24,2113,7
2020-09-16,Shasta,089,179085,776,635,3,638,11
2020-09-16,Sierra,091,2930,6,6,0,6,0
2020-09-16,Siskiyou,093,43540,153,145,10,155,0
2020-09-16,Solano,095,438530,6112,5899,41,5940,44
2020-09-16,Sonoma,097,501317,7080,6731,20,6751,104
2020-09-16,Stanislaus,099,539301,16270,15897,476,16373,263
2020-09-16,Sutter,101,95872,1632,1567,1,1568,10
2020-09-16,Tehama,103,63373,507,485,2,487,2
2020-09-16,Trinity,105,12862,53,15,7,22,0
2020-09-16,Tulare,107,460477,15898,15314,95,15409,258
2020-09-16,Tuolumne,109,53932,229,210,5,215,1
2020-09-16,Ventura,111,848112,12812,12073,140,12213,130
2020-09-16,Yolo,113,214977,2766,2709,7,2716,53
2020-09-16,Yuba,115,75493,1045,1000,5,1005,1
2020-09-15,Alameda,001,1643700,20704,19931,156,20087,327
2020-09-15,Alpine,003,1148,2,2,0,2,0
2020-09-15,Amador,005,37829,287,282,0,282,16
2020-09-15,Butte,007,227075,2833,2695,24,2719,38
2020-09-15,Calaveras,009,45235,303,248,0,248,5
2020-09-15,Colusa,011,21464,516,497,0,497,6
2020-09-15,Contra Costa,013,1133247,16292,15423,78,15501,180
2020-09-15,Del Norte,015,27424,133,129,0,129,2
2020-09-15,El Dorado,017,186661,1102,1046,6,1052,4
2020-09-15,Fresno,019,978130,29792,27312,355,27667,343
2020-09-15,Glenn,021,27897,562,531,0,531,3
2020-09-15,Humboldt,023,135768,481,456,1,457,4
2020-09-15,Imperial,025,180216,11623,10376,7,10383,277
2020-09-15,Inyo,027,18085,186,176,4,180,12
2020-09-15,Kern,029,883053,31346,30429,290,30719,368
2020-09-15,Kings,031,150075,7326,6977,37,7014,70
2020-09-15,Lake,033,64148,505,416,0,416,4
2020-09-15,Lassen,035,31185,737,719,2,721,0
2020-09-15,Los Angeles,037,10098052,258942,255048,1641,256689,6269
2020-09-15,Madera,039,155013,4382,4122,30,4152,45
2020-09-15,Marin,041,260295,6548,6423,15,6438,77
2020-09-15,Mariposa,043,17540,75,74,0,74,2
2020-09-15,Mendocino,045,87422,783,724,0,724,18
2020-09-15,Merced,047,269075,8710,8633,14,8647,114
2020-09-15,Modoc,049,8938,26,21,0,21,0
2020-09-15,Mono,051,14174,165,147,2,149,1
2020-09-15,Monterey,053,433212,9377,8943,25,8968,62
2020-09-15,Napa,055,140530,1640,1580,8,1588,11
2020-09-15,Nevada,057,99092,516,494,17,511,6
2020-09-15,Orange,059,3164182,53045,50294,1376,51670,1088
2020-09-15,Placer,061,380077,3503,3331,13,3344,38
2020-09-15,Plumas,063,18699,49,44,0,44,0
2020-09-15,Riverside,065,2383286,57051,55569,124,55693,1118
2020-09-15,Sacramento,067,1510023,21398,20487,24,20511,372
2020-09-15,San Benito,069,59416,1289,1237,0,1237,7
2020-09-15,San Bernardino,071,2135413,52243,50333,334,50667,904
2020-09-15,San Diego,073,3302833,44998,43183,773,43956,742
2020-09-15,San Francisco,075,870044,10790,10414,27,10441,90
2020-09-15,San Joaquin,077,732212,19757,19313,46,19359,401
2020-09-15,San Luis Obispo,079,281455,3526,3262,22,3284,28
2020-09-15,San Mateo,081,765935,9692,8895,11,8906,127
2020-09-15,Santa Barbara,083,443738,8915,8724,74,8798,104
2020-09-15,Santa Clara,085,1922200,21070,19610,41,19651,252
2020-09-15,Santa Cruz,087,273765,2244,2079,23,2102,7
2020-09-15,Shasta,089,179085,764,627,3,630,11
2020-09-15,Sierra,091,2930,6,6,0,6,0
2020-09-15,Siskiyou,093,43540,153,143,10,153,0
2020-09-15,Solano,095,438530,6078,5878,41,5919,45
2020-09-15,Sonoma,097,501317,7041,6701,20,6721,104
2020-09-15,Stanislaus,099,539301,16222,15880,474,16354,260
2020-09-15,Sutter,101,95872,1621,1556,1,1557,10
2020-09-15,Tehama,103,63373,495,484,2,486,2
2020-09-15,Trinity,105,12862,53,15,7,22,0
2020-09-15,Tulare,107,460477,15822,15203,93,15296,254
2020-09-15,Tuolumne,109,53932,229,209,5,214,1
2020-09-15,Ventura,111,848112,12759,11932,139,12071,128
2020-09-15,Yolo,113,214977,2762,2708,7,2715,53
2020-09-15,Yuba,115,75493,1039,991,4,995,1
2020-09-14,Alameda,001,1643700,20577,19851,155,20006,306
2020-09-14,Alpine,003,1148,2,2,0,2,0
2020-09-14,Amador,005,37829,285,281,0,281,16
2020-09-14,Butte,007,227075,2816,2642,24,2666,37
2020-09-14,Calaveras,009,45235,303,244,0,244,3
2020-09-14,Colusa,011,21464,515,486,0,486,6
2020-09-14,Contra Costa,013,1133247,16168,15354,77,15431,174
2020-09-14,Del Norte,015,27424,130,116,0,116,2
2020-09-14,El Dorado,017,186661,1098,1039,6,1045,3
2020-09-14,Fresno,019,978130,29708,27232,352,27584,344
2020-09-14,Glenn,021,27897,554,521,0,521,3
2020-09-14,Humboldt,023,135768,478,437,1,438,4
2020-09-14,Imperial,025,180216,11603,10340,7,10347,273
2020-09-14,Inyo,027,18085,186,176,4,180,12
2020-09-14,Kern,029,883053,31258,30344,289,30633,368
2020-09-14,Kings,031,150075,7245,6950,37,6987,70
2020-09-14,Lake,033,64148,485,407,0,407,4
2020-09-14,Lassen,035,31185,737,719,2,721,0
2020-09-14,Los Angeles,037,10098052,257913,254622,1616,256238,6226
2020-09-14,Madera,039,155013,4368,4104,30,4134,45
2020-09-14,Marin,041,260295,6527,6409,15,6424,70
2020-09-14,Mariposa,043,17540,75,74,0,74,2
2020-09-14,Mendocino,045,87422,766,710,0,710,17
2020-09-14,Merced,047,269075,8691,8593,14,8607,112
2020-09-14,Modoc,049,8938,26,21,0,21,0
2020-09-14,Mono,051,14174,165,147,2,149,1
2020-09-14,Monterey,053,433212,9306,8845,24,8869,61
2020-09-14,Napa,055,140530,1623,1576,8,1584,11
2020-09-14,Nevada,057,99092,511,489,17,506,6
2020-09-14,Orange,059,3164182,52884,50149,1360,51509,1079
2020-09-14,Placer,061,380077,3482,3302,13,3315,38
2020-09-14,Plumas,063,18699,48,42,0,42,0
2020-09-14,Riverside,065,2383286,56832,55488,119,55607,1113
2020-09-14,Sacramento,067,1510023,21203,20377,23,20400,367
2020-09-14,San Benito,069,59416,1274,1233,0,1233,7
2020-09-14,San Bernardino,071,2135413,52018,50163,333,50496,895
2020-09-14,San Diego,073,3302833,44687,42889,753,43642,734
2020-09-14,San Francisco,075,870044,10723,10255,25,10280,90
2020-09-14,San Joaquin,077,732212,19683,19111,45,19156,397
2020-09-14,San Luis Obispo,079,281455,3501,3248,22,3270,25
2020-09-14,San Mateo,081,765935,9631,8847,11,8858,127
2020-09-14,Santa Barbara,083,443738,8889,8692,74,8766,104
2020-09-14,Santa Clara,085,1922200,20882,19545,41,19586,247
2020-09-14,Santa Cruz,087,273765,2223,2016,22,2038,7
2020-09-14,Shasta,089,179085,741,584,3,587,10
2020-09-14,Sierra,091,2930,6,6,0,6,0
2020-09-14,Siskiyou,093,43540,152,143,10,153,0
2020-09-14,Solano,095,438530,6043,5834,41,5875,44
2020-09-14,Sonoma,097,501317,6979,6630,20,6650,102
2020-09-14,Stanislaus,099,539301,16177,15812,471,16283,253
2020-09-14,Sutter,101,95872,1610,1549,1,1550,10
2020-09-14,Tehama,103,63373,493,475,2,477,1
2020-09-14,Trinity,105,12862,52,14,7,21,0
2020-09-14,Tulare,107,460477,15752,15096,87,15183,254
2020-09-14,Tuolumne,109,53932,228,208,5,213,1
2020-09-14,Ventura,111,848112,12657,11903,136,12039,125
2020-09-14,Yolo,113,214977,2751,2687,7,2694,53
2020-09-14,Yuba,115,75493,1031,977,4,981,1
2020-09-13,Alameda,001,1643700,20471,19815,152,19967,306
2020-09-13,Alpine,003,1148,2,2,0,2,0
2020-09-13,Amador,005,37829,282,279,0,279,16
2020-09-13,Butte,007,227075,2794,2640,24,2664,37
2020-09-13,Calaveras,009,45235,302,246,0,246,3
2020-09-13,Colusa,011,21464,511,486,0,486,6
2020-09-13,Contra Costa,013,1133247,16062,15284,77,15361,172
2020-09-13,Del Norte,015,27424,127,116,0,116,1
2020-09-13,El Dorado,017,186661,1093,1035,6,1041,2
2020-09-13,Fresno,019,978130,29600,27196,343,27539,345
2020-09-13,Glenn,021,27897,550,517,0,517,3
2020-09-13,Humboldt,023,135768,478,434,1,435,4
2020-09-13,Imperial,025,180216,11566,10304,6,10310,273
2020-09-13,Inyo,027,18085,186,176,4,180,12
2020-09-13,Kern,029,883053,31165,30277,282,30559,368
2020-09-13,Kings,031,150075,7226,6937,37,6974,70
2020-09-13,Lake,033,64148,466,397,0,397,4
2020-09-13,Lassen,035,31185,734,719,2,721,0
2020-09-13,Los Angeles,037,10098052,256762,253950,1600,255550,6203
2020-09-13,Madera,039,155013,4311,4090,30,4120,45
2020-09-13,Marin,041,260295,6506,6395,15,6410,70
2020-09-13,Mariposa,043,17540,75,74,0,74,2
2020-09-13,Mendocino,045,87422,759,707,0,707,17
2020-09-13,Merced,047,269075,8657,8575,14,8589,112
2020-09-13,Modoc,049,8938,26,21,0,21,0
2020-09-13,Mono,051,14174,165,147,2,149,1
2020-09-13,Monterey,053,433212,9224,8826,23,8849,61
2020-09-13,Napa,055,140530,1616,1563,8,1571,11
2020-09-13,Nevada,057,99092,503,486,17,503,6
2020-09-13,Orange,059,3164182,52668,50061,1353,51414,1075
2020-09-13,Placer,061,380077,3452,3291,13,3304,38
2020-09-13,Plumas,063,18699,48,42,0,42,0
2020-09-13,Riverside,065,2383286,56625,55235,108,55343,1108
2020-09-13,Sacramento,067,1510023,20857,20279,23,20302,367
2020-09-13,San Benito,069,59416,1266,1217,0,1217,7
2020-09-13,San Bernardino,071,2135413,51732,49968,331,50299,895
2020-09-13,San Diego,073,3302833,44361,42681,719,43400,734
2020-09-13,San Francisco,075,870044,10645,10254,25,10279,90
2020-09-13,San Joaquin,077,732212,19612,19110,44,19154,396
2020-09-13,San Luis Obispo,079,281455,3464,3240,22,3262,24
2020-09-13,San Mateo,081,765935,9570,8811,11,8822,127
2020-09-13,Santa Barbara,083,443738,8852,8690,74,8764,104
2020-09-13,Santa Clara,085,1922200,20743,19456,40,19496,245
2020-09-13,Santa Cruz,087,273765,2190,2016,20,2036,7
2020-09-13,Shasta,089,179085,729,583,3,586,10
2020-09-13,Sierra,091,2930,6,6,0,6,0
2020-09-13,Siskiyou,093,43540,152,143,9,152,0
2020-09-13,Solano,095,438530,5997,5810,41,5851,43
2020-09-13,Sonoma,097,501317,6914,6592,20,6612,95
2020-09-13,Stanislaus,099,539301,16114,15759,459,16218,253
2020-09-13,Sutter,101,95872,1598,1539,1,1540,10
2020-09-13,Tehama,103,63373,489,476,2,478,1
2020-09-13,Trinity,105,12862,52,14,7,21,0
2020-09-13,Tulare,107,460477,15681,15098,86,15184,254
2020-09-13,Tuolumne,109,53932,224,208,5,213,1
2020-09-13,Ventura,111,848112,12549,11855,135,11990,123
2020-09-13,Yolo,113,214977,2739,2675,7,2682,53
2020-09-13,Yuba,115,75493,1026,967,4,971,1
2020-09-12,Alameda,001,1643700,20412,19758,152,19910,307
2020-09-12,Alpine,003,1148,2,2,0,2,0
2020-09-12,Amador,005,37829,281,278,0,278,16
2020-09-12,Butte,007,227075,2787,2629,23,2652,37
2020-09-12,Calaveras,009,45235,300,246,0,246,3
2020-09-12,Colusa,011,21464,507,486,0,486,6
2020-09-12,Contra Costa,013,1133247,15985,15135,76,15211,174
2020-09-12,Del Norte,015,27424,126,116,0,116,1
2020-09-12,El Dorado,017,186661,1086,1034,6,1040,2
2020-09-12,Fresno,019,978130,29529,27076,343,27419,345
2020-09-12,Glenn,021,27897,549,517,0,517,3
2020-09-12,Humboldt,023,135768,477,430,1,431,4
2020-09-12,Imperial,025,180216,11554,10305,6,10311,273
2020-09-12,Inyo,027,18085,186,177,4,181,12
2020-09-12,Kern,029,883053,31099,30202,282,30484,368
2020-09-12,Kings,031,150075,7216,6895,37,6932,70
2020-09-12,Lake,033,64148,460,393,0,393,4
2020-09-12,Lassen,035,31185,734,719,2,721,0
2020-09-12,Los Angeles,037,10098052,256203,253156,1579,254735,6193
2020-09-12,Madera,039,155013,4300,4058,30,4088,43
2020-09-12,Marin,041,260295,6497,6393,15,6408,69
2020-09-12,Mariposa,043,17540,75,72,0,72,2
2020-09-12,Mendocino,045,87422,756,700,0,700,17
2020-09-12,Merced,047,269075,8648,8533,14,8547,112
2020-09-12,Modoc,049,8938,25,21,0,21,0
2020-09-12,Mono,051,14174,165,147,2,149,1
2020-09-12,Monterey,053,433212,9188,8743,23,8766,61
2020-09-12,Napa,055,140530,1613,1556,8,1564,11
2020-09-12,Nevada,057,99092,502,482,17,499,6
2020-09-12,Orange,059,3164182,52553,49895,1350,51245,1078
2020-09-12,Placer,061,380077,3435,3280,13,3293,38
2020-09-12,Plumas,063,18699,48,42,0,42,0
2020-09-12,Riverside,065,2383286,56496,55058,104,55162,1108
2020-09-12,Sacramento,067,1510023,20788,20184,23,20207,367
2020-09-12,San Benito,069,59416,1263,1208,0,1208,7
2020-09-12,San Bernardino,071,2135413,51641,49945,329,50274,896
2020-09-12,San Diego,073,3302833,44166,42416,710,43126,747
2020-09-12,San Francisco,075,870044,10600,10257,25,10282,90
2020-09-12,San Joaquin,077,732212,19584,19108,44,19152,396
2020-09-12,San Luis Obispo,079,281455,3437,3220,22,3242,24
2020-09-12,San Mateo,081,765935,9525,8759,11,8770,127
2020-09-12,Santa Barbara,083,443738,8838,8642,74,8716,104
2020-09-12,Santa Clara,085,1922200,20659,19330,40,19370,237
2020-09-12,Santa Cruz,087,273765,2178,2016,20,2036,7
2020-09-12,Shasta,089,179085,717,569,3,572,10
2020-09-12,Sierra,091,2930,6,6,0,6,0
2020-09-12,Siskiyou,093,43540,152,141,9,150,0
2020-09-12,Solano,095,438530,5973,5772,41,5813,43
2020-09-12,Sonoma,097,501317,6889,6531,20,6551,95
2020-09-12,Stanislaus,099,539301,16082,15675,456,16131,253
2020-09-12,Sutter,101,95872,1592,1529,1,1530,10
2020-09-12,Tehama,103,63373,486,471,2,473,1
2020-09-12,Trinity,105,12862,52,15,7,22,0
2020-09-12,Tulare,107,460477,15635,15018,85,15103,254
2020-09-12,Tuolumne,109,53932,224,208,5,213,1
2020-09-12,Ventura,111,848112,12498,11759,133,11892,123
2020-09-12,Yolo,113,214977,2732,2646,7,2653,53
2020-09-12,Yuba,115,75493,1022,963,4,967,1
2020-09-11,Alameda,001,1643700,20357,19625,151,19776,298
2020-09-11,Alpine,003,1148,2,2,0,2,0
2020-09-11,Amador,005,37829,281,277,0,277,16
2020-09-11,Butte,007,227075,2776,2605,23,2628,37
2020-09-11,Calaveras,009,45235,299,242,0,242,1
2020-09-11,Colusa,011,21464,506,484,0,484,6
2020-09-11,Contra Costa,013,1133247,15933,15001,73,15074,173
2020-09-11,Del Norte,015,27424,126,115,0,115,1
2020-09-11,El Dorado,017,186661,1083,1024,6,1030,2
2020-09-11,Fresno,019,978130,29451,26917,342,27259,344
2020-09-11,Glenn,021,27897,544,515,0,515,3
2020-09-11,Humboldt,023,135768,475,426,1,427,4
2020-09-11,Imperial,025,180216,11536,10286,6,10292,273
2020-09-11,Inyo,027,18085,186,176,4,180,12
2020-09-11,Kern,029,883053,31031,30059,281,30340,365
2020-09-11,Kings,031,150075,7199,6770,37,6807,70
2020-09-11,Lake,033,64148,453,382,0,382,4
2020-09-11,Lassen,035,31185,734,719,2,721,0
2020-09-11,Los Angeles,037,10098052,255522,252057,1568,253625,6172
2020-09-11,Madera,039,155013,4281,4018,30,4048,43
2020-09-11,Marin,041,260295,6494,6364,15,6379,69
2020-09-11,Mariposa,043,17540,75,72,0,72,2
2020-09-11,Mendocino,045,87422,745,700,0,700,17
2020-09-11,Merced,047,269075,8627,8489,14,8503,109
2020-09-11,Modoc,049,8938,25,21,0,21,0
2020-09-11,Mono,051,14174,165,145,2,147,1
2020-09-11,Monterey,053,433212,9140,8595,23,8618,61
2020-09-11,Napa,055,140530,1602,1543,8,1551,11
2020-09-11,Nevada,057,99092,495,483,17,500,6
2020-09-11,Orange,059,3164182,52424,49755,1338,51093,1068
2020-09-11,Placer,061,380077,3420,3254,13,3267,37
2020-09-11,Plumas,063,18699,48,42,0,42,0
2020-09-11,Riverside,065,2383286,56361,54717,101,54818,1099
2020-09-11,Sacramento,067,1510023,20703,20012,23,20035,358
2020-09-11,San Benito,069,59416,1253,1202,0,1202,7
2020-09-11,San Bernardino,071,2135413,51542,49682,329,50011,871
2020-09-11,San Diego,073,3302833,43946,41971,704,42675,730
2020-09-11,San Francisco,075,870044,10552,10133,24,10157,89
2020-09-11,San Joaquin,077,732212,19536,19019,44,19063,391
2020-09-11,San Luis Obispo,079,281455,3419,3190,22,3212,24
2020-09-11,San Mateo,081,765935,9483,8611,11,8622,127
2020-09-11,Santa Barbara,083,443738,8805,8592,73,8665,103
2020-09-11,Santa Clara,085,1922200,20570,19065,40,19105,234
2020-09-11,Santa Cruz,087,273765,2161,1997,20,2017,7
2020-09-11,Shasta,089,179085,707,568,3,571,10
2020-09-11,Sierra,091,2930,6,6,0,6,0
2020-09-11,Siskiyou,093,43540,151,139,9,148,0
2020-09-11,Solano,095,438530,5956,5742,41,5783,42
2020-09-11,Sonoma,097,501317,6844,6469,20,6489,91
2020-09-11,Stanislaus,099,539301,16044,15613,453,16066,253
2020-09-11,Sutter,101,95872,1582,1505,1,1506,11
2020-09-11,Tehama,103,63373,483,466,2,468,1
2020-09-11,Trinity,105,12862,52,16,7,23,0
2020-09-11,Tulare,107,460477,15604,14932,83,15015,251
2020-09-11,Tuolumne,109,53932,224,208,5,213,1
2020-09-11,Ventura,111,848112,12444,11700,131,11831,123
2020-09-11,Yolo,113,214977,2721,2632,7,2639,53
2020-09-11,Yuba,115,75493,1014,946,4,950,1
2020-09-10,Alameda,001,1643700,20283,19509,151,19660,292
2020-09-10,Alpine,003,1148,2,2,0,2,0
2020-09-10,Amador,005,37829,280,277,0,277,16
2020-09-10,Butte,007,227075,2759,2590,23,2613,37
2020-09-10,Calaveras,009,45235,299,244,0,244,1
2020-09-10,Colusa,011,21464,504,482,0,482,6
2020-09-10,Contra Costa,013,1133247,15863,14909,73,14982,172
2020-09-10,Del Norte,015,27424,125,112,0,112,1
2020-09-10,El Dorado,017,186661,1080,1020,6,1026,2
2020-09-10,Fresno,019,978130,29329,26783,342,27125,338
2020-09-10,Glenn,021,27897,534,511,0,511,3
2020-09-10,Humboldt,023,135768,464,422,1,423,4
2020-09-10,Imperial,025,180216,11520,10251,6,10257,270
2020-09-10,Inyo,027,18085,185,176,4,180,11
2020-09-10,Kern,029,883053,30949,29988,277,30265,363
2020-09-10,Kings,031,150075,7169,6739,37,6776,70
2020-09-10,Lake,033,64148,446,377,0,377,4
2020-09-10,Lassen,035,31185,733,716,2,718,0
2020-09-10,Los Angeles,037,10098052,254543,251003,1547,252550,6132
2020-09-10,Madera,039,155013,4263,3979,30,4009,43
2020-09-10,Marin,041,260295,6482,6344,15,6359,68
2020-09-10,Mariposa,043,17540,75,72,0,72,2
2020-09-10,Mendocino,045,87422,735,697,0,697,16
2020-09-10,Merced,047,269075,8581,8461,14,8475,109
2020-09-10,Modoc,049,8938,25,21,0,21,0
2020-09-10,Mono,051,14174,165,145,2,147,1
2020-09-10,Monterey,053,433212,9070,8570,23,8593,59
2020-09-10,Napa,055,140530,1596,1536,8,1544,11
2020-09-10,Nevada,057,99092,491,478,17,495,6
2020-09-10,Orange,059,3164182,52261,49617,1332,50949,1057
2020-09-10,Placer,061,380077,3400,3233,13,3246,37
2020-09-10,Plumas,063,18699,48,42,0,42,0
2020-09-10,Riverside,065,2383286,56042,54417,98,54515,1091
2020-09-10,Sacramento,067,1510023,20581,19618,22,19640,354
2020-09-10,San Benito,069,59416,1247,1201,0,1201,5
2020-09-10,San Bernardino,071,2135413,51354,49467,327,49794,867
2020-09-10,San Diego,073,3302833,43680,41610,677,42287,725
2020-09-10,San Francisco,075,870044,10475,10082,24,10106,89
2020-09-10,San Joaquin,077,732212,19483,18854,44,18898,389
2020-09-10,San Luis Obispo,079,281455,3405,3161,21,3182,24
2020-09-10,San Mateo,081,765935,9437,8529,11,8540,125
2020-09-10,Santa Barbara,083,443738,8760,8552,73,8625,100
2020-09-10,Santa Clara,085,1922200,20456,18870,40,18910,231
2020-09-10,Santa Cruz,087,273765,2146,1986,18,2004,7
2020-09-10,Shasta,089,179085,696,566,3,569,10
2020-09-10,Sierra,091,2930,6,6,0,6,0
2020-09-10,Siskiyou,093,43540,151,137,9,146,0
2020-09-10,Solano,095,438530,5916,5696,41,5737,42
2020-09-10,Sonoma,097,501317,6795,6424,20,6444,91
2020-09-10,Stanislaus,099,539301,15990,15509,448,15957,243
2020-09-10,Sutter,101,95872,1571,1494,1,1495,11
2020-09-10,Tehama,103,63373,476,466,2,468,1
2020-09-10,Trinity,105,12862,52,15,7,22,0
2020-09-10,Tulare,107,460477,15549,14860,80,14940,250
2020-09-10,Tuolumne,109,53932,223,205,5,210,1
2020-09-10,Ventura,111,848112,12350,11600,124,11724,122
2020-09-10,Yolo,113,214977,2716,2612,7,2619,53
2020-09-10,Yuba,115,75493,1008,941,4,945,1
2020-09-09,Alameda,001,1643700,20204,19399,150,19549,289
2020-09-09,Alpine,003,1148,2,2,0,2,0
2020-09-09,Amador,005,37829,279,276,0,276,16
2020-09-09,Butte,007,227075,2742,2561,23,2584,37
2020-09-09,Calaveras,009,45235,299,242,0,242,1
2020-09-09,Colusa,011,21464,499,479,0,479,6
2020-09-09,Contra Costa,013,1133247,15777,14816,73,14889,171
2020-09-09,Del Norte,015,27424,121,109,0,109,1
2020-09-09,El Dorado,017,186661,1077,1020,6,1026,2
2020-09-09,Fresno,019,978130,29226,26724,337,27061,329
2020-09-09,Glenn,021,27897,531,508,0,508,3
2020-09-09,Humboldt,023,135768,462,420,1,421,4
2020-09-09,Imperial,025,180216,11499,10233,6,10239,268
2020-09-09,Inyo,027,18085,184,173,4,177,2
2020-09-09,Kern,029,883053,30851,29925,274,30199,355
2020-09-09,Kings,031,150075,7151,6721,37,6758,72
2020-09-09,Lake,033,64148,438,371,0,371,4
2020-09-09,Lassen,035,31185,732,714,2,716,0
2020-09-09,Los Angeles,037,10098052,253668,249876,1529,251405,6091
2020-09-09,Madera,039,155013,4237,3926,30,3956,43
2020-09-09,Marin,041,260295,6463,6321,15,6336,68
2020-09-09,Mariposa,043,17540,74,72,0,72,2
2020-09-09,Mendocino,045,87422,727,695,0,695,16
2020-09-09,Merced,047,269075,8555,8441,14,8455,107
2020-09-09,Modoc,049,8938,24,20,0,20,0
2020-09-09,Mono,051,14174,165,145,2,147,1
2020-09-09,Monterey,053,433212,8998,8527,23,8550,59
2020-09-09,Napa,055,140530,1586,1531,8,1539,11
2020-09-09,Nevada,057,99092,487,476,17,493,6
2020-09-09,Orange,059,3164182,52082,49394,1324,50718,1054
2020-09-09,Placer,061,380077,3380,3222,13,3235,36
2020-09-09,Plumas,063,18699,46,42,0,42,0
2020-09-09,Riverside,065,2383286,55812,54320,95,54415,1081
2020-09-09,Sacramento,067,1510023,20475,19474,21,19495,347
2020-09-09,San Benito,069,59416,1243,1199,0,1199,5
2020-09-09,San Bernardino,071,2135413,51156,49264,326,49590,866
2020-09-09,San Diego,073,3302833,43391,41326,665,41991,721
2020-09-09,San Francisco,075,870044,10425,9996,23,10019,86
2020-09-09,San Joaquin,077,732212,19419,18799,43,18842,388
2020-09-09,San Luis Obispo,079,281455,3387,3131,21,3152,24
2020-09-09,San Mateo,081,765935,9376,8478,11,8489,125
2020-09-09,Santa Barbara,083,443738,8717,8528,73,8601,97
2020-09-09,Santa Clara,085,1922200,20324,18759,40,18799,228
2020-09-09,Santa Cruz,087,273765,2123,1967,18,1985,7
2020-09-09,Shasta,089,179085,684,562,3,565,10
2020-09-09,Sierra,091,2930,6,6,0,6,0
2020-09-09,Siskiyou,093,43540,149,137,9,146,0
2020-09-09,Solano,095,438530,5884,5680,41,5721,36
2020-09-09,Sonoma,097,501317,6729,6397,20,6417,92
2020-09-09,Stanislaus,099,539301,15951,15469,437,15906,243
2020-09-09,Sutter,101,95872,1563,1487,1,1488,11
2020-09-09,Tehama,103,63373,473,462,2,464,1
2020-09-09,Trinity,105,12862,52,14,7,21,0
2020-09-09,Tulare,107,460477,15500,14787,75,14862,249
2020-09-09,Tuolumne,109,53932,222,204,4,208,1
2020-09-09,Ventura,111,848112,12259,11497,121,11618,121
2020-09-09,Yolo,113,214977,2705,2604,7,2611,53
2020-09-09,Yuba,115,75493,1003,936,4,940,1
2020-09-08,Alameda,001,1643700,20096,19293,150,19443,288
2020-09-08,Alpine,003,1148,2,2,0,2,0
2020-09-08,Amador,005,37829,279,276,0,276,16
2020-09-08,Butte,007,227075,2724,2453,23,2476,36
2020-09-08,Calaveras,009,45235,297,233,0,233,1
2020-09-08,Colusa,011,21464,497,475,0,475,6
2020-09-08,Contra Costa,013,1133247,15649,14740,70,14810,171
2020-09-08,Del Norte,015,27424,121,109,0,109,2
2020-09-08,El Dorado,017,186661,1074,1011,5,1016,2
2020-09-08,Fresno,019,978130,29106,26640,333,26973,329
2020-09-08,Glenn,021,27897,527,492,0,492,3
2020-09-08,Humboldt,023,135768,460,420,1,421,4
2020-09-08,Imperial,025,180216,11483,10198,6,10204,267
2020-09-08,Inyo,027,18085,184,169,4,173,2
2020-09-08,Kern,029,883053,30765,29850,272,30122,351
2020-09-08,Kings,031,150075,7113,6658,37,6695,72
2020-09-08,Lake,033,64148,428,370,0,370,4
2020-09-08,Lassen,035,31185,732,710,2,712,0
2020-09-08,Los Angeles,037,10098052,252738,249217,1501,250718,6034
2020-09-08,Madera,039,155013,4213,3904,30,3934,43
2020-09-08,Marin,041,260295,6432,6313,15,6328,68
2020-09-08,Mariposa,043,17540,74,72,0,72,2
2020-09-08,Mendocino,045,87422,720,690,0,690,16
2020-09-08,Merced,047,269075,8532,8381,14,8395,104
2020-09-08,Modoc,049,8938,24,20,0,20,0
2020-09-08,Mono,051,14174,165,145,2,147,1
2020-09-08,Monterey,053,433212,8913,8491,23,8514,59
2020-09-08,Napa,055,140530,1582,1518,8,1526,11
2020-09-08,Nevada,057,99092,487,470,17,487,6
2020-09-08,Orange,059,3164182,51940,49214,1320,50534,1044
2020-09-08,Placer,061,380077,3366,3205,13,3218,36
2020-09-08,Plumas,063,18699,46,42,0,42,0
2020-09-08,Riverside,065,2383286,55598,54168,92,54260,1069
2020-09-08,Sacramento,067,1510023,20240,19411,20,19431,347
2020-09-08,San Benito,069,59416,1236,1188,0,1188,5
2020-09-08,San Bernardino,071,2135413,50968,49034,324,49358,856
2020-09-08,San Diego,073,3302833,43075,41079,653,41732,709
2020-09-08,San Francisco,075,870044,10352,9821,23,9844,86
2020-09-08,San Joaquin,077,732212,19341,18550,43,18593,388
2020-09-08,San Luis Obispo,079,281455,3372,3120,21,3141,23
2020-09-08,San Mateo,081,765935,9300,8460,11,8471,125
2020-09-08,Santa Barbara,083,443738,8683,8488,72,8560,96
2020-09-08,Santa Clara,085,1922200,20148,18645,40,18685,228
2020-09-08,Santa Cruz,087,273765,2095,1903,18,1921,7
2020-09-08,Shasta,089,179085,676,556,3,559,10
2020-09-08,Sierra,091,2930,6,6,0,6,0
2020-09-08,Siskiyou,093,43540,147,136,9,145,0
2020-09-08,Solano,095,438530,5847,5654,41,5695,36
2020-09-08,Sonoma,097,501317,6660,6356,20,6376,92
2020-09-08,Stanislaus,099,539301,15887,15415,425,15840,238
2020-09-08,Sutter,101,95872,1547,1473,1,1474,11
2020-09-08,Tehama,103,63373,469,458,2,460,1
2020-09-08,Trinity,105,12862,51,13,7,20,0
2020-09-08,Tulare,107,460477,15420,14635,74,14709,249
2020-09-08,Tuolumne,109,53932,221,197,4,201,1
2020-09-08,Ventura,111,848112,12190,11475,118,11593,118
2020-09-08,Yolo,113,214977,2695,2580,7,2587,53
2020-09-08,Yuba,115,75493,991,923,4,927,1
2020-09-07,Alameda,001,1643700,19974,19188,144,19332,281
2020-09-07,Alpine,003,1148,2,2,0,2,0
2020-09-07,Amador,005,37829,279,276,0,276,16
2020-09-07,Butte,007,227075,2691,2450,22,2472,30
2020-09-07,Calaveras,009,45235,287,234,0,234,1
2020-09-07,Colusa,011,21464,496,475,0,475,6
2020-09-07,Contra Costa,013,1133247,15536,14637,67,14704,172
2020-09-07,Del Norte,015,27424,121,109,0,109,2
2020-09-07,El Dorado,017,186661,1063,1011,5,1016,2
2020-09-07,Fresno,019,978130,29012,26565,330,26895,329
2020-09-07,Glenn,021,27897,522,488,0,488,3
2020-09-07,Humboldt,023,135768,451,416,1,417,4
2020-09-07,Imperial,025,180216,11452,10199,6,10205,267
2020-09-07,Inyo,027,18085,184,169,4,173,2
2020-09-07,Kern,029,883053,30644,29790,267,30057,348
2020-09-07,Kings,031,150075,6989,6630,37,6667,72
2020-09-07,Lake,033,64148,405,367,0,367,2
2020-09-07,Lassen,035,31185,732,709,2,711,0
2020-09-07,Los Angeles,037,10098052,251691,248804,1479,250283,6030
2020-09-07,Madera,039,155013,4182,3889,29,3918,43
2020-09-07,Marin,041,260295,6402,6296,15,6311,67
2020-09-07,Mariposa,043,17540,74,72,0,72,2
2020-09-07,Mendocino,045,87422,712,687,0,687,16
2020-09-07,Merced,047,269075,8485,8381,14,8395,104
2020-09-07,Modoc,049,8938,23,20,0,20,0
2020-09-07,Mono,051,14174,165,145,2,147,1
2020-09-07,Monterey,053,433212,8834,8463,23,8486,57
2020-09-07,Napa,055,140530,1570,1514,8,1522,11
2020-09-07,Nevada,057,99092,485,469,17,486,6
2020-09-07,Orange,059,3164182,51766,49132,1316,50448,1042
2020-09-07,Placer,061,380077,3336,3188,12,3200,36
2020-09-07,Plumas,063,18699,45,42,0,42,0
2020-09-07,Riverside,065,2383286,55323,54178,86,54264,1069
2020-09-07,Sacramento,067,1510023,19997,19292,19,19311,345
2020-09-07,San Benito,069,59416,1230,1180,0,1180,4
2020-09-07,San Bernardino,071,2135413,50740,49043,322,49365,821
2020-09-07,San Diego,073,3302833,42675,40868,626,41494,708
2020-09-07,San Francisco,075,870044,10301,9813,22,9835,85
2020-09-07,San Joaquin,077,732212,19260,18552,41,18593,386
2020-09-07,San Luis Obispo,079,281455,3335,3116,21,3137,23
2020-09-07,San Mateo,081,765935,9218,8409,11,8420,125
2020-09-07,Santa Barbara,083,443738,8639,8479,72,8551,95
2020-09-07,Santa Clara,085,1922200,19990,18596,39,18635,226
2020-09-07,Santa Cruz,087,273765,2067,1902,18,1920,7
2020-09-07,Shasta,089,179085,666,556,3,559,10
2020-09-07,Sierra,091,2930,6,6,0,6,0
2020-09-07,Siskiyou,093,43540,146,133,9,142,0
2020-09-07,Solano,095,438530,5782,5640,41,5681,36
2020-09-07,Sonoma,097,501317,6594,6268,20,6288,85
2020-09-07,Stanislaus,099,539301,15822,15343,413,15756,236
2020-09-07,Sutter,101,95872,1530,1468,1,1469,11
2020-09-07,Tehama,103,63373,466,453,2,455,1
2020-09-07,Trinity,105,12862,51,13,7,20,0
2020-09-07,Tulare,107,460477,15315,14637,72,14709,249
2020-09-07,Tuolumne,109,53932,220,196,4,200,1
2020-09-07,Ventura,111,848112,12095,11463,115,11578,118
2020-09-07,Yolo,113,214977,2678,2565,6,2571,53
2020-09-07,Yuba,115,75493,975,923,3,926,1
2020-09-06,Alameda,001,1643700,19916,19029,142,19171,281
2020-09-06,Alpine,003,1148,2,2,0,2,0
2020-09-06,Amador,005,37829,277,275,0,275,16
2020-09-06,Butte,007,227075,2682,2446,22,2468,30
2020-09-06,Calaveras,009,45235,287,235,0,235,1
2020-09-06,Colusa,011,21464,492,475,0,475,6
2020-09-06,Contra Costa,013,1133247,15456,14565,66,14631,171
2020-09-06,Del Norte,015,27424,121,109,0,109,2
2020-09-06,El Dorado,017,186661,1061,1008,5,1013,2
2020-09-06,Fresno,019,978130,28948,26471,328,26799,329
2020-09-06,Glenn,021,27897,516,474,0,474,3
2020-09-06,Humboldt,023,135768,448,404,1,405,4
2020-09-06,Imperial,025,180216,11435,10152,6,10158,267
2020-09-06,Inyo,027,18085,184,169,4,173,2
2020-09-06,Kern,029,883053,30588,29699,263,29962,348
2020-09-06,Kings,031,150075,6969,6561,36,6597,72
2020-09-06,Lake,033,64148,402,362,0,362,2
2020-09-06,Lassen,035,31185,732,709,2,711,0
2020-09-06,Los Angeles,037,10098052,251059,248316,1465,249781,6004
2020-09-06,Madera,039,155013,4138,3867,29,3896,42
2020-09-06,Marin,041,260295,6390,6276,15,6291,67
2020-09-06,Mariposa,043,17540,74,72,0,72,2
2020-09-06,Mendocino,045,87422,711,672,0,672,16
2020-09-06,Merced,047,269075,8465,8327,14,8341,104
2020-09-06,Modoc,049,8938,23,20,0,20,0
2020-09-06,Mono,051,14174,164,145,2,147,1
2020-09-06,Monterey,053,433212,8794,8403,22,8425,56
2020-09-06,Napa,055,140530,1566,1501,6,1507,11
2020-09-06,Nevada,057,99092,485,467,16,483,6
2020-09-06,Orange,059,3164182,51653,48931,1312,50243,1042
2020-09-06,Placer,061,380077,3319,3169,12,3181,36
2020-09-06,Plumas,063,18699,44,42,0,42,0
2020-09-06,Riverside,065,2383286,55207,53970,84,54054,1069
2020-09-06,Sacramento,067,1510023,19902,19128,19,19147,340
2020-09-06,San Benito,069,59416,1228,1178,0,1178,4
2020-09-06,San Bernardino,071,2135413,50632,48923,322,49245,823
2020-09-06,San Diego,073,3302833,42427,40652,620,41272,707
2020-09-06,San Francisco,075,870044,10227,9813,22,9835,85
2020-09-06,San Joaquin,077,732212,19211,18558,41,18599,386
2020-09-06,San Luis Obispo,079,281455,3324,3101,21,3122,23
2020-09-06,San Mateo,081,765935,9165,8387,11,8398,125
2020-09-06,Santa Barbara,083,443738,8610,8434,72,8506,95
2020-09-06,Santa Clara,085,1922200,19889,18495,39,18534,207
2020-09-06,Santa Cruz,087,273765,2060,1902,18,1920,7
2020-09-06,Shasta,089,179085,660,550,3,553,10
2020-09-06,Sierra,091,2930,6,6,0,6,0
2020-09-06,Siskiyou,093,43540,146,132,9,141,0
2020-09-06,Solano,095,438530,5756,5619,41,5660,37
2020-09-06,Sonoma,097,501317,6565,6212,20,6232,85
2020-09-06,Stanislaus,099,539301,15778,15288,409,15697,236
2020-09-06,Sutter,101,95872,1517,1451,1,1452,11
2020-09-06,Tehama,103,63373,465,455,2,457,1
2020-09-06,Trinity,105,12862,50,13,7,20,0
2020-09-06,Tulare,107,460477,15272,14636,71,14707,249
2020-09-06,Tuolumne,109,53932,217,194,4,198,1
2020-09-06,Ventura,111,848112,12050,11315,115,11430,118
2020-09-06,Yolo,113,214977,2664,2556,6,2562,53
2020-09-06,Yuba,115,75493,966,913,3,916,1
2020-09-05,Alameda,001,1643700,19871,18973,140,19113,279
2020-09-05,Alpine,003,1148,2,2,0,2,0
2020-09-05,Amador,005,37829,277,274,0,274,16
2020-09-05,Butte,007,227075,2666,2406,21,2427,30
2020-09-05,Calaveras,009,45235,287,237,0,237,1
2020-09-05,Colusa,011,21464,488,472,0,472,6
2020-09-05,Contra Costa,013,1133247,15379,14456,64,14520,173
2020-09-05,Del Norte,015,27424,121,109,0,109,2
2020-09-05,El Dorado,017,186661,1061,1007,5,1012,2
2020-09-05,Fresno,019,978130,28880,26325,328,26653,331
2020-09-05,Glenn,021,27897,515,474,0,474,3
2020-09-05,Humboldt,023,135768,446,402,1,403,4
2020-09-05,Imperial,025,180216,11418,10151,6,10157,268
2020-09-05,Inyo,027,18085,184,169,4,173,2
2020-09-05,Kern,029,883053,30528,29645,259,29904,347
2020-09-05,Kings,031,150075,6960,6518,36,6554,66
2020-09-05,Lake,033,64148,399,359,0,359,2
2020-09-05,Lassen,035,31185,732,709,2,711,0
2020-09-05,Los Angeles,037,10098052,250524,247572,1453,249025,6001
2020-09-05,Madera,039,155013,4097,3851,29,3880,42
2020-09-05,Marin,041,260295,6383,6259,15,6274,66
2020-09-05,Mariposa,043,17540,74,72,0,72,2
2020-09-05,Mendocino,045,87422,710,658,0,658,16
2020-09-05,Merced,047,269075,8433,8297,12,8309,104
2020-09-05,Modoc,049,8938,23,19,0,19,0
2020-09-05,Mono,051,14174,164,145,2,147,1
2020-09-05,Monterey,053,433212,8764,8301,22,8323,56
2020-09-05,Napa,055,140530,1560,1484,6,1490,11
2020-09-05,Nevada,057,99092,482,461,16,477,6
2020-09-05,Orange,059,3164182,51551,48726,1307,50033,1039
2020-09-05,Placer,061,380077,3308,3141,12,3153,35
2020-09-05,Plumas,063,18699,44,42,0,42,0
2020-09-05,Riverside,065,2383286,55101,53780,84,53864,1066
2020-09-05,Sacramento,067,1510023,19811,18955,19,18974,339
2020-09-05,San Benito,069,59416,1226,1153,0,1153,4
2020-09-05,San Bernardino,071,2135413,50556,48800,321,49121,825
2020-09-05,San Diego,073,3302833,42234,40344,608,40952,717
2020-09-05,San Francisco,075,870044,10194,9812,21,9833,85
2020-09-05,San Joaquin,077,732212,19182,18557,41,18598,386
2020-09-05,San Luis Obispo,079,281455,3314,3083,21,3104,23
2020-09-05,San Mateo,081,765935,9120,8352,11,8363,124
2020-09-05,Santa Barbara,083,443738,8594,8404,72,8476,96
2020-09-05,Santa Clara,085,1922200,19806,18311,39,18350,207
2020-09-05,Santa Cruz,087,273765,2052,1904,18,1922,7
2020-09-05,Shasta,089,179085,659,544,3,547,10
2020-09-05,Sierra,091,2930,6,6,0,6,0
2020-09-05,Siskiyou,093,43540,145,131,9,140,0
2020-09-05,Solano,095,438530,5744,5579,41,5620,37
2020-09-05,Sonoma,097,501317,6532,6149,20,6169,85
2020-09-05,Stanislaus,099,539301,15730,15198,405,15603,236
2020-09-05,Sutter,101,95872,1510,1445,1,1446,11
2020-09-05,Tehama,103,63373,464,447,2,449,1
2020-09-05,Trinity,105,12862,50,13,7,20,0
2020-09-05,Tulare,107,460477,15214,14576,69,14645,249
2020-09-05,Tuolumne,109,53932,217,194,4,198,1
2020-09-05,Ventura,111,848112,12007,11254,115,11369,118
2020-09-05,Yolo,113,214977,2654,2534,6,2540,53
2020-09-05,Yuba,115,75493,960,902,3,905,1
2020-09-04,Alameda,001,1643700,19803,18843,138,18981,276
2020-09-04,Alpine,003,1148,2,2,0,2,0
2020-09-04,Amador,005,37829,276,274,0,274,16
2020-09-04,Butte,007,227075,2643,2325,21,2346,28
2020-09-04,Calaveras,009,45235,285,237,0,237,1
2020-09-04,Colusa,011,21464,486,467,0,467,6
2020-09-04,Contra Costa,013,1133247,15299,14355,63,14418,164
2020-09-04,Del Norte,015,27424,121,109,0,109,2
2020-09-04,El Dorado,017,186661,1057,992,5,997,2
2020-09-04,Fresno,019,978130,28775,26147,327,26474,321
2020-09-04,Glenn,021,27897,507,463,0,463,3
2020-09-04,Humboldt,023,135768,441,390,1,391,4
2020-09-04,Imperial,025,180216,11409,10136,6,10142,267
2020-09-04,Inyo,027,18085,184,169,4,173,2
2020-09-04,Kern,029,883053,30460,29526,256,29782,345
2020-09-04,Kings,031,150075,6947,6259,36,6295,66
2020-09-04,Lake,033,64148,399,347,0,347,2
2020-09-04,Lassen,035,31185,732,708,2,710,0
2020-09-04,Los Angeles,037,10098052,249957,246396,1433,247829,5977
2020-09-04,Madera,039,155013,4084,3838,29,3867,42
2020-09-04,Marin,041,260295,6371,6251,15,6266,66
2020-09-04,Mariposa,043,17540,74,72,0,72,2
2020-09-04,Mendocino,045,87422,708,646,0,646,16
2020-09-04,Merced,047,269075,8413,8214,12,8226,104
2020-09-04,Modoc,049,8938,23,15,0,15,0
2020-09-04,Mono,051,14174,164,145,2,147,1
2020-09-04,Monterey,053,433212,8719,8208,22,8230,56
2020-09-04,Napa,055,140530,1551,1475,6,1481,11
2020-09-04,Nevada,057,99092,479,455,16,471,6
2020-09-04,Orange,059,3164182,51427,48488,1300,49788,1031
2020-09-04,Placer,061,380077,3296,3101,12,3113,35
2020-09-04,Plumas,063,18699,44,42,0,42,0
2020-09-04,Riverside,065,2383286,54988,53606,79,53685,1066
2020-09-04,Sacramento,067,1510023,19723,18765,19,18784,337
2020-09-04,San Benito,069,59416,1217,1137,0,1137,4
2020-09-04,San Bernardino,071,2135413,50463,48497,319,48816,800
2020-09-04,San Diego,073,3302833,42004,39901,599,40500,701
2020-09-04,San Francisco,075,870044,10154,9694,20,9714,85
2020-09-04,San Joaquin,077,732212,19128,18438,41,18479,376
2020-09-04,San Luis Obispo,079,281455,3299,3049,20,3069,21
2020-09-04,San Mateo,081,765935,9076,8275,11,8286,122
2020-09-04,Santa Barbara,083,443738,8564,8340,72,8412,96
2020-09-04,Santa Clara,085,1922200,19698,18074,39,18113,209
2020-09-04,Santa Cruz,087,273765,2035,1896,17,1913,7
2020-09-04,Shasta,089,179085,656,536,3,539,10
2020-09-04,Sierra,091,2930,6,6,0,6,0
2020-09-04,Siskiyou,093,43540,145,129,9,138,0
2020-09-04,Solano,095,438530,5731,5552,41,5593,37
2020-09-04,Sonoma,097,501317,6467,6050,20,6070,85
2020-09-04,Stanislaus,099,539301,15696,15074,396,15470,233
2020-09-04,Sutter,101,95872,1494,1425,1,1426,11
2020-09-04,Tehama,103,63373,460,442,2,444,1
2020-09-04,Trinity,105,12862,50,13,7,20,0
2020-09-04,Tulare,107,460477,15186,14501,65,14566,247
2020-09-04,Tuolumne,109,53932,217,193,4,197,1
2020-09-04,Ventura,111,848112,11965,11171,115,11286,114
2020-09-04,Yolo,113,214977,2640,2495,6,2501,53
2020-09-04,Yuba,115,75493,955,884,3,887,1
2020-09-03,Alameda,001,1643700,19700,18687,138,18825,275
2020-09-03,Alpine,003,1148,2,2,0,2,0
2020-09-03,Amador,005,37829,276,274,0,274,16
2020-09-03,Butte,007,227075,2599,2274,21,2295,27
2020-09-03,Calaveras,009,45235,284,238,0,238,1
2020-09-03,Colusa,011,21464,484,464,0,464,6
2020-09-03,Contra Costa,013,1133247,15192,14206,60,14266,159
2020-09-03,Del Norte,015,27424,118,109,0,109,2
2020-09-03,El Dorado,017,186661,1053,983,5,988,2
2020-09-03,Fresno,019,978130,28656,25978,322,26300,313
2020-09-03,Glenn,021,27897,503,460,0,460,3
2020-09-03,Humboldt,023,135768,436,390,1,391,4
2020-09-03,Imperial,025,180216,11388,10083,6,10089,255
2020-09-03,Inyo,027,18085,182,171,4,175,3
2020-09-03,Kern,029,883053,30368,29426,242,29668,340
2020-09-03,Kings,031,150075,6867,6200,36,6236,64
2020-09-03,Lake,033,64148,390,347,0,347,2
2020-09-03,Lassen,035,31185,732,707,2,709,0
2020-09-03,Los Angeles,037,10098052,249094,245026,1413,246439,5931
2020-09-03,Madera,039,155013,4065,3780,29,3809,43
2020-09-03,Marin,041,260295,6352,6175,15,6190,66
2020-09-03,Mariposa,043,17540,74,71,0,71,2
2020-09-03,Mendocino,045,87422,699,638,0,638,16
2020-09-03,Merced,047,269075,8371,8136,12,8148,105
2020-09-03,Modoc,049,8938,23,14,0,14,0
2020-09-03,Mono,051,14174,163,144,2,146,1
2020-09-03,Monterey,053,433212,8665,8128,22,8150,56
2020-09-03,Napa,055,140530,1544,1466,6,1472,10
2020-09-03,Nevada,057,99092,476,453,16,469,6
2020-09-03,Orange,059,3164182,51241,48226,1285,49511,1009
2020-09-03,Placer,061,380077,3278,3069,12,3081,34
2020-09-03,Plumas,063,18699,44,39,0,39,0
2020-09-03,Riverside,065,2383286,54808,53341,75,53416,1052
2020-09-03,Sacramento,067,1510023,19595,18553,18,18571,328
2020-09-03,San Benito,069,59416,1206,1121,0,1121,4
2020-09-03,San Bernardino,071,2135413,50297,48165,318,48483,800
2020-09-03,San Diego,073,3302833,41690,39448,583,40031,700
2020-09-03,San Francisco,075,870044,10088,9636,18,9654,84
2020-09-03,San Joaquin,077,732212,19051,18331,41,18372,371
2020-09-03,San Luis Obispo,079,281455,3282,3023,20,3043,21
2020-09-03,San Mateo,081,765935,9002,8211,11,8222,122
2020-09-03,Santa Barbara,083,443738,8517,8277,72,8349,96
2020-09-03,Santa Clara,085,1922200,19517,17879,39,17918,208
2020-09-03,Santa Cruz,087,273765,2020,1870,17,1887,7
2020-09-03,Shasta,089,179085,651,535,3,538,10
2020-09-03,Sierra,091,2930,6,6,0,6,0
2020-09-03,Siskiyou,093,43540,145,128,9,137,0
2020-09-03,Solano,095,438530,5711,5499,40,5539,36
2020-09-03,Sonoma,097,501317,6406,5997,20,6017,62
2020-09-03,Stanislaus,099,539301,15644,14985,392,15377,217
2020-09-03,Sutter,101,95872,1484,1412,1,1413,11
2020-09-03,Tehama,103,63373,456,436,2,438,1
2020-09-03,Trinity,105,12862,48,13,7,20,0
2020-09-03,Tulare,107,460477,15120,14408,64,14472,244
2020-09-03,Tuolumne,109,53932,217,193,4,197,1
2020-09-03,Ventura,111,848112,11847,11109,112,11221,112
2020-09-03,Yolo,113,214977,2624,2475,6,2481,53
2020-09-03,Yuba,115,75493,948,867,3,870,1
2020-09-02,Alameda,001,1643700,19582,18522,135,18657,260
2020-09-02,Alpine,003,1148,2,2,0,2,0
2020-09-02,Amador,005,37829,276,245,0,245,14
2020-09-02,Butte,007,227075,2553,2241,21,2262,27
2020-09-02,Calaveras,009,45235,283,235,0,235,1
2020-09-02,Colusa,011,21464,480,460,0,460,6
2020-09-02,Contra Costa,013,1133247,15103,14097,58,14155,159
2020-09-02,Del Norte,015,27424,117,109,0,109,2
2020-09-02,El Dorado,017,186661,1049,975,4,979,2
2020-09-02,Fresno,019,978130,28508,25785,319,26104,292
2020-09-02,Glenn,021,27897,498,457,0,457,3
2020-09-02,Humboldt,023,135768,433,381,1,382,4
2020-09-02,Imperial,025,180216,11372,9832,6,9838,255
2020-09-02,Inyo,027,18085,182,171,4,175,3
2020-09-02,Kern,029,883053,30276,29288,236,29524,335
2020-09-02,Kings,031,150075,6782,6142,36,6178,64
2020-09-02,Lake,033,64148,386,342,0,342,2
2020-09-02,Lassen,035,31185,730,706,2,708,0
2020-09-02,Los Angeles,037,10098052,248163,243999,1385,245384,5887
2020-09-02,Madera,039,155013,4045,3735,29,3764,41
2020-09-02,Marin,041,260295,6337,6131,15,6146,66
2020-09-02,Mariposa,043,17540,74,71,0,71,2
2020-09-02,Mendocino,045,87422,689,636,0,636,15
2020-09-02,Merced,047,269075,8340,8097,11,8108,103
2020-09-02,Modoc,049,8938,22,11,0,11,0
2020-09-02,Mono,051,14174,163,145,2,147,1
2020-09-02,Monterey,053,433212,8601,8070,22,8092,56
2020-09-02,Napa,055,140530,1532,1454,6,1460,10
2020-09-02,Nevada,057,99092,470,452,15,467,6
2020-09-02,Orange,059,3164182,51060,47871,1275,49146,994
2020-09-02,Placer,061,380077,3253,3047,11,3058,33
2020-09-02,Plumas,063,18699,44,39,0,39,0
2020-09-02,Riverside,065,2383286,54606,52923,72,52995,1032
2020-09-02,Sacramento,067,1510023,19362,18355,17,18372,316
2020-09-02,San Benito,069,59416,1193,1107,0,1107,4
2020-09-02,San Bernardino,071,2135413,50133,47766,315,48081,794
2020-09-02,San Diego,073,3302833,41370,39123,569,39692,695
2020-09-02,San Francisco,075,870044,10019,9587,18,9605,84
2020-09-02,San Joaquin,077,732212,18971,18194,40,18234,352
2020-09-02,San Luis Obispo,079,281455,3256,3002,19,3021,21
2020-09-02,San Mateo,081,765935,8945,8148,11,8159,122
2020-09-02,Santa Barbara,083,443738,8462,8206,71,8277,94
2020-09-02,Santa Clara,085,1922200,19363,17673,39,17712,206
2020-09-02,Santa Cruz,087,273765,1997,1850,17,1867,7
2020-09-02,Shasta,089,179085,650,531,3,534,10
2020-09-02,Sierra,091,2930,6,6,0,6,0
2020-09-02,Siskiyou,093,43540,144,127,9,136,0
2020-09-02,Solano,095,438530,5683,5463,40,5503,36
2020-09-02,Sonoma,097,501317,6344,5846,20,5866,62
2020-09-02,Stanislaus,099,539301,15574,14854,385,15239,220
2020-09-02,Sutter,101,95872,1469,1401,1,1402,10
2020-09-02,Tehama,103,63373,453,429,2,431,1
2020-09-02,Trinity,105,12862,48,13,7,20,0
2020-09-02,Tulare,107,460477,15053,14298,63,14361,244
2020-09-02,Tuolumne,109,53932,217,190,4,194,1
2020-09-02,Ventura,111,848112,11760,11031,111,11142,111
2020-09-02,Yolo,113,214977,2603,2449,6,2455,54
2020-09-02,Yuba,115,75493,941,856,3,859,1
2020-09-01,Alameda,001,1643700,19443,18382,132,18514,248
2020-09-01,Alpine,003,1148,2,2,0,2,0
2020-09-01,Amador,005,37829,275,244,0,244,13
2020-09-01,Butte,007,227075,2496,2146,21,2167,26
2020-09-01,Calaveras,009,45235,275,228,0,228,1
2020-09-01,Colusa,011,21464,476,454,0,454,6
2020-09-01,Contra Costa,013,1133247,15009,13998,56,14054,158
2020-09-01,Del Norte,015,27424,116,108,0,108,2
2020-09-01,El Dorado,017,186661,1041,972,4,976,2
2020-09-01,Fresno,019,978130,28361,25542,316,25858,290
2020-09-01,Glenn,021,27897,491,449,0,449,3
2020-09-01,Humboldt,023,135768,427,378,1,379,4
2020-09-01,Imperial,025,180216,11346,9782,6,9788,250
2020-09-01,Inyo,027,18085,182,171,4,175,3
2020-09-01,Kern,029,883053,30185,29162,231,29393,332
2020-09-01,Kings,031,150075,6751,6088,36,6124,62
2020-09-01,Lake,033,64148,383,341,0,341,2
2020-09-01,Lassen,035,31185,727,706,2,708,0
2020-09-01,Los Angeles,037,10098052,247071,242633,1362,243995,5832
2020-09-01,Madera,039,155013,4016,3703,28,3731,41
2020-09-01,Marin,041,260295,6322,6102,15,6117,67
2020-09-01,Mariposa,043,17540,73,72,0,72,2
2020-09-01,Mendocino,045,87422,674,626,0,626,15
2020-09-01,Merced,047,269075,8287,8046,10,8056,103
2020-09-01,Modoc,049,8938,20,10,0,10,0
2020-09-01,Mono,051,14174,163,145,2,147,1
2020-09-01,Monterey,053,433212,8495,7926,22,7948,56
2020-09-01,Napa,055,140530,1517,1446,6,1452,10
2020-09-01,Nevada,057,99092,464,450,15,465,6
2020-09-01,Orange,059,3164182,50896,47671,1256,48927,976
2020-09-01,Placer,061,380077,3231,3013,11,3024,33
2020-09-01,Plumas,063,18699,44,39,0,39,0
2020-09-01,Riverside,065,2383286,54388,52785,71,52856,1027
2020-09-01,Sacramento,067,1510023,19179,18217,16,18233,305
2020-09-01,San Benito,069,59416,1181,1089,0,1089,4
2020-09-01,San Bernardino,071,2135413,49926,47371,314,47685,786
2020-09-01,San Diego,073,3302833,41012,38873,531,39404,688
2020-09-01,San Francisco,075,870044,9950,9492,18,9510,83
2020-09-01,San Joaquin,077,732212,18889,17915,39,17954,341
2020-09-01,San Luis Obispo,079,281455,3230,2970,19,2989,21
2020-09-01,San Mateo,081,765935,8865,8132,11,8143,122
2020-09-01,Santa Barbara,083,443738,8412,8142,70,8212,93
2020-09-01,Santa Clara,085,1922200,19184,17319,39,17358,204
2020-09-01,Santa Cruz,087,273765,1973,1752,17,1769,7
2020-09-01,Shasta,089,179085,642,527,3,530,9
2020-09-01,Sierra,091,2930,6,6,0,6,0
2020-09-01,Siskiyou,093,43540,141,128,8,136,0
2020-09-01,Solano,095,438530,5657,5438,40,5478,34
2020-09-01,Sonoma,097,501317,6254,5733,20,5753,60
2020-09-01,Stanislaus,099,539301,15498,14784,375,15159,212
2020-09-01,Sutter,101,95872,1458,1389,1,1390,10
2020-09-01,Tehama,103,63373,449,422,2,424,1
2020-09-01,Trinity,105,12862,47,13,6,19,0
2020-09-01,Tulare,107,460477,14970,14156,63,14219,241
2020-09-01,Tuolumne,109,53932,211,183,4,187,1
2020-09-01,Ventura,111,848112,11682,10899,106,11005,108
2020-09-01,Yolo,113,214977,2586,2440,6,2446,51
2020-09-01,Yuba,115,75493,932,841,3,844,1
2020-08-31,Alameda,001,1643700,19298,18148,132,18280,248
2020-08-31,Alpine,003,1148,2,2,0,2,0
2020-08-31,Amador,005,37829,275,243,0,243,13
2020-08-31,Butte,007,227075,2432,2069,21,2090,26
2020-08-31,Calaveras,009,45235,270,212,0,212,1
2020-08-31,Colusa,011,21464,475,443,0,443,6
2020-08-31,Contra Costa,013,1133247,14882,13902,53,13955,153
2020-08-31,Del Norte,015,27424,116,108,0,108,2
2020-08-31,El Dorado,017,186661,1034,965,4,969,2
2020-08-31,Fresno,019,978130,28140,25185,310,25495,290
2020-08-31,Glenn,021,27897,479,437,0,437,3
2020-08-31,Humboldt,023,135768,425,374,1,375,4
2020-08-31,Imperial,025,180216,11315,9759,6,9765,250
2020-08-31,Inyo,027,18085,181,160,4,164,3
2020-08-31,Kern,029,883053,30087,29067,230,29297,318
2020-08-31,Kings,031,150075,6483,6037,36,6073,62
2020-08-31,Lake,033,64148,367,341,0,341,2
2020-08-31,Lassen,035,31185,724,706,2,708,0
2020-08-31,Los Angeles,037,10098052,245967,241793,1335,243128,5787
2020-08-31,Madera,039,155013,3993,3662,27,3689,35
2020-08-31,Marin,041,260295,6286,6074,15,6089,67
2020-08-31,Mariposa,043,17540,73,69,0,69,2
2020-08-31,Mendocino,045,87422,662,618,0,618,15
2020-08-31,Merced,047,269075,8225,7991,10,8001,79
2020-08-31,Modoc,049,8938,18,10,0,10,0
2020-08-31,Mono,051,14174,163,145,2,147,1
2020-08-31,Monterey,053,433212,8388,7839,22,7861,56
2020-08-31,Napa,055,140530,1509,1434,6,1440,10
2020-08-31,Nevada,057,99092,462,447,15,462,6
2020-08-31,Orange,059,3164182,50697,47392,1228,48620,965
2020-08-31,Placer,061,380077,3182,2989,11,3000,33
2020-08-31,Plumas,063,18699,43,39,0,39,0
2020-08-31,Riverside,065,2383286,54166,52508,69,52577,1020
2020-08-31,Sacramento,067,1510023,18942,17999,16,18015,303
2020-08-31,San Benito,069,59416,1165,1080,0,1080,4
2020-08-31,San Bernardino,071,2135413,49714,47370,313,47683,755
2020-08-31,San Diego,073,3302833,40645,38606,498,39104,682
2020-08-31,San Francisco,075,870044,9871,9293,15,9308,83
2020-08-31,San Joaquin,077,732212,18802,17807,38,17845,338
2020-08-31,San Luis Obispo,079,281455,3207,2951,18,2969,21
2020-08-31,San Mateo,081,765935,8795,8065,11,8076,122
2020-08-31,Santa Barbara,083,443738,8366,8124,70,8194,94
2020-08-31,Santa Clara,085,1922200,18995,17211,39,17250,202
2020-08-31,Santa Cruz,087,273765,1948,1742,17,1759,7
2020-08-31,Shasta,089,179085,637,528,3,531,9
2020-08-31,Sierra,091,2930,6,6,0,6,0
2020-08-31,Siskiyou,093,43540,140,127,8,135,0
2020-08-31,Solano,095,438530,5625,5302,39,5341,34
2020-08-31,Sonoma,097,501317,6179,5650,20,5670,60
2020-08-31,Stanislaus,099,539301,15423,14685,366,15051,213
2020-08-31,Sutter,101,95872,1443,1365,1,1366,10
2020-08-31,Tehama,103,63373,446,421,2,423,1
2020-08-31,Trinity,105,12862,47,13,6,19,0
2020-08-31,Tulare,107,460477,14883,13985,61,14046,237
2020-08-31,Tuolumne,109,53932,211,178,4,182,1
2020-08-31,Ventura,111,848112,11594,10866,105,10971,108
2020-08-31,Yolo,113,214977,2568,2423,5,2428,51
2020-08-31,Yuba,115,75493,918,830,3,833,1
2020-08-30,Alameda,001,1643700,19173,18099,130,18229,248
2020-08-30,Alpine,003,1148,2,2,0,2,0
2020-08-30,Amador,005,37829,274,240,0,240,13
2020-08-30,Butte,007,227075,2351,1988,21,2009,26
2020-08-30,Calaveras,009,45235,261,211,0,211,1
2020-08-30,Colusa,011,21464,474,440,0,440,6
2020-08-30,Contra Costa,013,1133247,14745,13780,53,13833,150
2020-08-30,Del Norte,015,27424,115,108,0,108,2
2020-08-30,El Dorado,017,186661,1024,962,4,966,2
2020-08-30,Fresno,019,978130,28014,24963,309,25272,291
2020-08-30,Glenn,021,27897,472,437,0,437,3
2020-08-30,Humboldt,023,135768,414,362,1,363,4
2020-08-30,Imperial,025,180216,11297,9703,6,9709,250
2020-08-30,Inyo,027,18085,181,160,4,164,3
2020-08-30,Kern,029,883053,29994,28987,230,29217,317
2020-08-30,Kings,031,150075,6437,6000,36,6036,62
2020-08-30,Lake,033,64148,362,334,0,334,2
2020-08-30,Lassen,035,31185,722,706,2,708,0
2020-08-30,Los Angeles,037,10098052,244830,240775,1303,242078,5772
2020-08-30,Madera,039,155013,3964,3626,27,3653,33
2020-08-30,Marin,041,260295,6256,6060,15,6075,66
2020-08-30,Mariposa,043,17540,73,69,0,69,2
2020-08-30,Mendocino,045,87422,656,611,0,611,13
2020-08-30,Merced,047,269075,8150,7960,10,7970,79
2020-08-30,Modoc,049,8938,13,10,0,10,0
2020-08-30,Mono,051,14174,163,145,2,147,1
2020-08-30,Monterey,053,433212,8304,7816,22,7838,54
2020-08-30,Napa,055,140530,1497,1423,6,1429,10
2020-08-30,Nevada,057,99092,459,445,15,460,6
2020-08-30,Orange,059,3164182,50501,47283,1214,48497,965
2020-08-30,Placer,061,380077,3149,2961,11,2972,32
2020-08-30,Plumas,063,18699,42,39,0,39,0
2020-08-30,Riverside,065,2383286,53987,52227,67,52294,1017
2020-08-30,Sacramento,067,1510023,18764,17751,16,17767,300
2020-08-30,San Benito,069,59416,1155,1071,0,1071,4
2020-08-30,San Bernardino,071,2135413,49457,47201,313,47514,755
2020-08-30,San Diego,073,3302833,40247,38302,477,38779,682
2020-08-30,San Francisco,075,870044,9774,9294,12,9306,83
2020-08-30,San Joaquin,077,732212,18685,17637,37,17674,338
2020-08-30,San Luis Obispo,079,281455,3182,2934,18,2952,21
2020-08-30,San Mateo,081,765935,8718,8013,10,8023,122
2020-08-30,Santa Barbara,083,443738,8306,8088,70,8158,93
2020-08-30,Santa Clara,085,1922200,18819,17045,39,17084,202
2020-08-30,Santa Cruz,087,273765,1922,1743,17,1760,7
2020-08-30,Shasta,089,179085,634,525,3,528,9
2020-08-30,Sierra,091,2930,6,6,0,6,0
2020-08-30,Siskiyou,093,43540,138,125,8,133,0
2020-08-30,Solano,095,438530,5581,5303,39,5342,34
2020-08-30,Sonoma,097,501317,6119,5590,20,5610,60
2020-08-30,Stanislaus,099,539301,15351,14580,357,14937,209
2020-08-30,Sutter,101,95872,1421,1351,1,1352,10
2020-08-30,Tehama,103,63373,437,419,2,421,1
2020-08-30,Trinity,105,12862,47,13,6,19,0
2020-08-30,Tulare,107,460477,14788,13985,60,14045,236
2020-08-30,Tuolumne,109,53932,207,178,4,182,1
2020-08-30,Ventura,111,848112,11481,10775,100,10875,108
2020-08-30,Yolo,113,214977,2540,2391,4,2395,51
2020-08-30,Yuba,115,75493,904,832,3,835,1
2020-08-29,Alameda,001,1643700,19106,17888,130,18018,250
2020-08-29,Alpine,003,1148,2,2,0,2,0
2020-08-29,Amador,005,37829,274,239,0,239,13
2020-08-29,Butte,007,227075,2320,1948,21,1969,26
2020-08-29,Calaveras,009,45235,257,211,0,211,1
2020-08-29,Colusa,011,21464,471,440,0,440,6
2020-08-29,Contra Costa,013,1133247,14672,13663,52,13715,159
2020-08-29,Del Norte,015,27424,115,108,0,108,1
2020-08-29,El Dorado,017,186661,1021,958,4,962,2
2020-08-29,Fresno,019,978130,27959,24821,309,25130,291
2020-08-29,Glenn,021,27897,466,437,0,437,3
2020-08-29,Humboldt,023,135768,411,363,1,364,4
2020-08-29,Imperial,025,180216,11282,9698,6,9704,250
2020-08-29,Inyo,027,18085,181,160,4,164,3
2020-08-29,Kern,029,883053,29953,28947,229,29176,317
2020-08-29,Kings,031,150075,6422,5906,36,5942,62
2020-08-29,Lake,033,64148,361,329,0,329,2
2020-08-29,Lassen,035,31185,722,706,2,708,0
2020-08-29,Los Angeles,037,10098052,244200,239815,1290,241105,5762
2020-08-29,Madera,039,155013,3955,3605,26,3631,33
2020-08-29,Marin,041,260295,6244,6007,15,6022,64
2020-08-29,Mariposa,043,17540,73,69,0,69,2
2020-08-29,Mendocino,045,87422,652,596,0,596,13
2020-08-29,Merced,047,269075,8120,7867,10,7877,79
2020-08-29,Modoc,049,8938,13,9,0,9,0
2020-08-29,Mono,051,14174,163,145,2,147,1
2020-08-29,Monterey,053,433212,8259,7680,22,7702,53
2020-08-29,Napa,055,140530,1494,1413,6,1419,10
2020-08-29,Nevada,057,99092,459,442,15,457,5
2020-08-29,Orange,059,3164182,50391,47007,1204,48211,960
2020-08-29,Placer,061,380077,3132,2935,11,2946,32
2020-08-29,Plumas,063,18699,41,39,0,39,0
2020-08-29,Riverside,065,2383286,53875,51918,65,51983,1016
2020-08-29,Sacramento,067,1510023,18692,17588,16,17604,291
2020-08-29,San Benito,069,59416,1146,1045,0,1045,4
2020-08-29,San Bernardino,071,2135413,49342,46849,313,47162,755
2020-08-29,San Diego,073,3302833,39981,38049,459,38508,694
2020-08-29,San Francisco,075,870044,9746,9291,11,9302,83
2020-08-29,San Joaquin,077,732212,18641,17493,37,17530,335
2020-08-29,San Luis Obispo,079,281455,3157,2917,18,2935,21
2020-08-29,San Mateo,081,765935,8676,7928,10,7938,122
2020-08-29,Santa Barbara,083,443738,8280,8052,69,8121,93
2020-08-29,Santa Clara,085,1922200,18722,16898,38,16936,202
2020-08-29,Santa Cruz,087,273765,1910,1746,17,1763,7
2020-08-29,Shasta,089,179085,626,522,3,525,9
2020-08-29,Sierra,091,2930,6,6,0,6,0
2020-08-29,Siskiyou,093,43540,138,121,8,129,0
2020-08-29,Solano,095,438530,5560,5303,39,5342,34
2020-08-29,Sonoma,097,501317,6084,5537,20,5557,60
2020-08-29,Stanislaus,099,539301,15302,14479,347,14826,208
2020-08-29,Sutter,101,95872,1416,1333,1,1334,9
2020-08-29,Tehama,103,63373,436,417,2,419,1
2020-08-29,Trinity,105,12862,46,11,6,17,0
2020-08-29,Tulare,107,460477,14750,13890,59,13949,236
2020-08-29,Tuolumne,109,53932,207,178,4,182,1
2020-08-29,Ventura,111,848112,11439,10705,100,10805,108
2020-08-29,Yolo,113,214977,2522,2357,4,2361,51
2020-08-29,Yuba,115,75493,895,822,3,825,1
2020-08-28,Alameda,001,1643700,19023,17729,129,17858,237
2020-08-28,Alpine,003,1148,2,2,0,2,0
2020-08-28,Amador,005,37829,274,234,0,234,13
2020-08-28,Butte,007,227075,2290,1886,21,1907,25
2020-08-28,Calaveras,009,45235,255,207,0,207,1
2020-08-28,Colusa,011,21464,470,441,0,441,6
2020-08-28,Contra Costa,013,1133247,14601,13522,51,13573,158
2020-08-28,Del Norte,015,27424,115,107,0,107,1
2020-08-28,El Dorado,017,186661,1015,949,4,953,2
2020-08-28,Fresno,019,978130,27825,24612,309,24921,282
2020-08-28,Glenn,021,27897,459,429,0,429,3
2020-08-28,Humboldt,023,135768,407,362,1,363,4
2020-08-28,Imperial,025,180216,11268,9656,6,9662,241
2020-08-28,Inyo,027,18085,180,160,4,164,2
2020-08-28,Kern,029,883053,29905,28744,229,28973,306
2020-08-28,Kings,031,150075,6415,5829,35,5864,62
2020-08-28,Lake,033,64148,356,320,0,320,2
2020-08-28,Lassen,035,31185,722,704,2,706,0
2020-08-28,Los Angeles,037,10098052,243389,238544,1265,239809,5740
2020-08-28,Madera,039,155013,3936,3552,26,3578,33
2020-08-28,Marin,041,260295,6222,5991,15,6006,63
2020-08-28,Mariposa,043,17540,73,67,0,67,2
2020-08-28,Mendocino,045,87422,647,588,0,588,11
2020-08-28,Merced,047,269075,8090,7803,10,7813,77
2020-08-28,Modoc,049,8938,13,6,0,6,0
2020-08-28,Mono,051,14174,163,145,2,147,1
2020-08-28,Monterey,053,433212,8202,7591,22,7613,53
2020-08-28,Napa,055,140530,1486,1403,5,1408,10
2020-08-28,Nevada,057,99092,458,438,15,453,5
2020-08-28,Orange,059,3164182,50291,46696,1189,47885,942
2020-08-28,Placer,061,380077,3121,2891,11,2902,32
2020-08-28,Plumas,063,18699,41,39,0,39,0
2020-08-28,Riverside,065,2383286,53744,51510,61,51571,1008
2020-08-28,Sacramento,067,1510023,18595,17119,16,17135,283
2020-08-28,San Benito,069,59416,1130,1016,0,1016,3
2020-08-28,San Bernardino,071,2135413,49223,46553,309,46862,754
2020-08-28,San Diego,073,3302833,39751,37786,444,38230,676
2020-08-28,San Francisco,075,870044,9694,9135,11,9146,83
2020-08-28,San Joaquin,077,732212,18588,17114,36,17150,314
2020-08-28,San Luis Obispo,079,281455,3140,2849,18,2867,20
2020-08-28,San Mateo,081,765935,8629,7783,9,7792,121
2020-08-28,Santa Barbara,083,443738,8248,8001,69,8070,92
2020-08-28,Santa Clara,085,1922200,18591,16696,38,16734,201
2020-08-28,Santa Cruz,087,273765,1898,1747,17,1764,7
2020-08-28,Shasta,089,179085,622,516,3,519,9
2020-08-28,Sierra,091,2930,6,6,0,6,0
2020-08-28,Siskiyou,093,43540,136,119,8,127,0
2020-08-28,Solano,095,438530,5541,5219,39,5258,34
2020-08-28,Sonoma,097,501317,6049,5425,19,5444,58
2020-08-28,Stanislaus,099,539301,15260,14176,343,14519,190
2020-08-28,Sutter,101,95872,1406,1308,1,1309,9
2020-08-28,Tehama,103,63373,431,410,2,412,1
2020-08-28,Trinity,105,12862,46,11,6,17,0
2020-08-28,Tulare,107,460477,14705,13776,59,13835,236
2020-08-28,Tuolumne,109,53932,207,176,4,180,1
2020-08-28,Ventura,111,848112,11403,10606,98,10704,103
2020-08-28,Yolo,113,214977,2513,2323,4,2327,51
2020-08-28,Yuba,115,75493,886,810,3,813,1
2020-08-27,Alameda,001,1643700,18878,17584,126,17710,234
2020-08-27,Alpine,003,1148,2,2,0,2,0
2020-08-27,Amador,005,37829,273,233,0,233,13
2020-08-27,Butte,007,227075,2224,1803,20,1823,25
2020-08-27,Calaveras,009,45235,249,204,0,204,1
2020-08-27,Colusa,011,21464,468,438,0,438,6
2020-08-27,Contra Costa,013,1133247,14500,13379,50,13429,158
2020-08-27,Del Norte,015,27424,115,107,0,107,1
2020-08-27,El Dorado,017,186661,1011,942,4,946,2
2020-08-27,Fresno,019,978130,27643,24367,304,24671,272
2020-08-27,Glenn,021,27897,451,429,0,429,3
2020-08-27,Humboldt,023,135768,399,358,1,359,4
2020-08-27,Imperial,025,180216,11241,9608,6,9614,235
2020-08-27,Inyo,027,18085,180,157,3,160,2
2020-08-27,Kern,029,883053,29833,28635,220,28855,294
2020-08-27,Kings,031,150075,6393,5759,35,5794,62
2020-08-27,Lake,033,64148,354,314,0,314,2
2020-08-27,Lassen,035,31185,722,703,2,705,0
2020-08-27,Los Angeles,037,10098052,242388,237103,1249,238352,5704
2020-08-27,Madera,039,155013,3910,3465,26,3491,33
2020-08-27,Marin,041,260295,6198,5929,15,5944,62
2020-08-27,Mariposa,043,17540,73,67,0,67,2
2020-08-27,Mendocino,045,87422,638,581,0,581,10
2020-08-27,Merced,047,269075,8046,7765,10,7775,75
2020-08-27,Modoc,049,8938,11,5,0,5,0
2020-08-27,Mono,051,14174,163,145,2,147,1
2020-08-27,Monterey,053,433212,8108,7501,22,7523,52
2020-08-27,Napa,055,140530,1480,1397,5,1402,10
2020-08-27,Nevada,057,99092,455,435,15,450,5
2020-08-27,Orange,059,3164182,50134,46449,1178,47627,935
2020-08-27,Placer,061,380077,3090,2869,11,2880,32
2020-08-27,Plumas,063,18699,40,39,0,39,0
2020-08-27,Riverside,065,2383286,53535,51306,58,51364,999
2020-08-27,Sacramento,067,1510023,18397,16875,16,16891,281
2020-08-27,San Benito,069,59416,1114,987,0,987,3
2020-08-27,San Bernardino,071,2135413,48998,46345,303,46648,751
2020-08-27,San Diego,073,3302833,39480,37501,424,37925,673
2020-08-27,San Francisco,075,870044,9628,9014,11,9025,83
2020-08-27,San Joaquin,077,732212,18508,16989,36,17025,314
2020-08-27,San Luis Obispo,079,281455,3115,2808,18,2826,20
2020-08-27,San Mateo,081,765935,8520,7728,9,7737,121
2020-08-27,Santa Barbara,083,443738,8210,7934,69,8003,92
2020-08-27,Santa Clara,085,1922200,18408,16495,38,16533,199
2020-08-27,Santa Cruz,087,273765,1881,1734,17,1751,7
2020-08-27,Shasta,089,179085,616,512,3,515,9
2020-08-27,Sierra,091,2930,6,6,0,6,0
2020-08-27,Siskiyou,093,43540,136,118,8,126,0
2020-08-27,Solano,095,438530,5503,5167,39,5206,34
2020-08-27,Sonoma,097,501317,5937,5357,19,5376,58
2020-08-27,Stanislaus,099,539301,15179,14080,340,14420,186
2020-08-27,Sutter,101,95872,1386,1296,1,1297,9
2020-08-27,Tehama,103,63373,427,398,2,400,1
2020-08-27,Trinity,105,12862,46,11,6,17,0
2020-08-27,Tulare,107,460477,14614,13666,58,13724,231
2020-08-27,Tuolumne,109,53932,202,174,4,178,1
2020-08-27,Ventura,111,848112,11340,10483,94,10577,102
2020-08-27,Yolo,113,214977,2489,2293,4,2297,51
2020-08-27,Yuba,115,75493,875,807,3,810,1
2020-08-26,Alameda,001,1643700,18716,17373,126,17499,233
2020-08-26,Alpine,003,1148,2,2,0,2,0
2020-08-26,Amador,005,37829,273,229,0,229,13
2020-08-26,Butte,007,227075,2156,1765,18,1783,25
2020-08-26,Calaveras,009,45235,242,201,0,201,1
2020-08-26,Colusa,011,21464,462,433,0,433,5
2020-08-26,Contra Costa,013,1133247,14363,13248,50,13298,157
2020-08-26,Del Norte,015,27424,114,86,0,86,1
2020-08-26,El Dorado,017,186661,1009,938,4,942,2
2020-08-26,Fresno,019,978130,27495,24071,302,24373,255
2020-08-26,Glenn,021,27897,449,429,0,429,3
2020-08-26,Humboldt,023,135768,387,357,1,358,4
2020-08-26,Imperial,025,180216,11219,9453,6,9459,227
2020-08-26,Inyo,027,18085,177,157,3,160,2
2020-08-26,Kern,029,883053,29694,28507,217,28724,286
2020-08-26,Kings,031,150075,6372,5720,35,5755,62
2020-08-26,Lake,033,64148,349,308,0,308,2
2020-08-26,Lassen,035,31185,722,702,2,704,0
2020-08-26,Los Angeles,037,10098052,241374,235499,1218,236717,5665
2020-08-26,Madera,039,155013,3881,3458,26,3484,32
2020-08-26,Marin,041,260295,6181,5887,15,5902,56
2020-08-26,Mariposa,043,17540,73,68,0,68,2
2020-08-26,Mendocino,045,87422,627,581,0,581,10
2020-08-26,Merced,047,269075,8013,7720,10,7730,74
2020-08-26,Modoc,049,8938,8,5,0,5,0
2020-08-26,Mono,051,14174,163,141,2,143,1
2020-08-26,Monterey,053,433212,8015,7439,22,7461,51
2020-08-26,Napa,055,140530,1467,1382,5,1387,10
2020-08-26,Nevada,057,99092,452,432,15,447,2
2020-08-26,Orange,059,3164182,49950,46157,1162,47319,905
2020-08-26,Placer,061,380077,3068,2846,9,2855,32
2020-08-26,Plumas,063,18699,39,39,0,39,0
2020-08-26,Riverside,065,2383286,53294,51138,58,51196,987
2020-08-26,Sacramento,067,1510023,18234,16708,16,16724,271
2020-08-26,San Benito,069,59416,1099,978,0,978,3
2020-08-26,San Bernardino,071,2135413,48790,45840,299,46139,743
2020-08-26,San Diego,073,3302833,39142,37224,397,37621,668
2020-08-26,San Francisco,075,870044,9553,8938,11,8949,81
2020-08-26,San Joaquin,077,732212,18419,16845,35,16880,309
2020-08-26,San Luis Obispo,079,281455,3087,2761,18,2779,20
2020-08-26,San Mateo,081,765935,8453,7655,9,7664,121
2020-08-26,Santa Barbara,083,443738,8176,7904,69,7973,90
2020-08-26,Santa Clara,085,1922200,18232,16283,38,16321,198
2020-08-26,Santa Cruz,087,273765,1870,1726,17,1743,7
2020-08-26,Shasta,089,179085,611,511,3,514,9
2020-08-26,Sierra,091,2930,6,6,0,6,0
2020-08-26,Siskiyou,093,43540,133,109,8,117,0
2020-08-26,Solano,095,438530,5479,5131,38,5169,34
2020-08-26,Sonoma,097,501317,5864,5283,19,5302,58
2020-08-26,Stanislaus,099,539301,15102,13964,334,14298,186
2020-08-26,Sutter,101,95872,1368,1275,1,1276,9
2020-08-26,Tehama,103,63373,424,396,2,398,1
2020-08-26,Trinity,105,12862,45,10,6,16,0
2020-08-26,Tulare,107,460477,14547,13568,58,13626,232
2020-08-26,Tuolumne,109,53932,201,172,4,176,1
2020-08-26,Ventura,111,848112,11268,10412,87,10499,100
2020-08-26,Yolo,113,214977,2467,2279,4,2283,49
2020-08-26,Yuba,115,75493,860,779,3,782,1
2020-08-25,Alameda,001,1643700,18559,17278,126,17404,232
2020-08-25,Alpine,003,1148,2,2,0,2,0
2020-08-25,Amador,005,37829,273,227,0,227,13
2020-08-25,Butte,007,227075,2089,1718,18,1736,24
2020-08-25,Calaveras,009,45235,240,196,0,196,1
2020-08-25,Colusa,011,21464,455,430,0,430,5
2020-08-25,Contra Costa,013,1133247,14225,13181,49,13230,156
2020-08-25,Del Norte,015,27424,113,83,0,83,1
2020-08-25,El Dorado,017,186661,1006,928,4,932,2
2020-08-25,Fresno,019,978130,27307,23932,301,24233,250
2020-08-25,Glenn,021,27897,446,429,0,429,3
2020-08-25,Humboldt,023,135768,382,342,1,343,4
2020-08-25,Imperial,025,180216,11191,9381,6,9387,217
2020-08-25,Inyo,027,18085,175,144,3,147,1
2020-08-25,Kern,029,883053,29557,28416,217,28633,285
2020-08-25,Kings,031,150075,6215,5702,35,5737,59
2020-08-25,Lake,033,64148,344,304,0,304,2
2020-08-25,Lassen,035,31185,721,692,2,694,0
2020-08-25,Los Angeles,037,10098052,240074,233961,1168,235129,5612
2020-08-25,Madera,039,155013,3866,3446,25,3471,32
2020-08-25,Marin,041,260295,6143,5860,15,5875,56
2020-08-25,Mariposa,043,17540,73,67,0,67,2
2020-08-25,Mendocino,045,87422,619,571,0,571,10
2020-08-25,Merced,047,269075,7946,7693,9,7702,69
2020-08-25,Modoc,049,8938,8,5,0,5,0
2020-08-25,Mono,051,14174,163,129,2,131,1
2020-08-25,Monterey,053,433212,7935,7333,22,7355,51
2020-08-25,Napa,055,140530,1460,1374,5,1379,10
2020-08-25,Nevada,057,99092,448,430,15,445,2
2020-08-25,Orange,059,3164182,49756,45737,1146,46883,902
2020-08-25,Placer,061,380077,3049,2829,6,2835,31
2020-08-25,Plumas,063,18699,39,39,0,39,0
2020-08-25,Riverside,065,2383286,53062,50889,58,50947,981
2020-08-25,Sacramento,067,1510023,18081,16601,16,16617,265
2020-08-25,San Benito,069,59416,1083,973,0,973,3
2020-08-25,San Bernardino,071,2135413,48555,45544,296,45840,727
2020-08-25,San Diego,073,3302833,38863,36996,375,37371,665
2020-08-25,San Francisco,075,870044,9475,8848,11,8859,81
2020-08-25,San Joaquin,077,732212,18292,16795,35,16830,306
2020-08-25,San Luis Obispo,079,281455,3028,2731,17,2748,20
2020-08-25,San Mateo,081,765935,8393,7636,9,7645,120
2020-08-25,Santa Barbara,083,443738,8124,7854,69,7923,90
2020-08-25,Santa Clara,085,1922200,18060,16199,38,16237,194
2020-08-25,Santa Cruz,087,273765,1851,1708,17,1725,7
2020-08-25,Shasta,089,179085,607,511,3,514,9
2020-08-25,Sierra,091,2930,6,6,0,6,0
2020-08-25,Siskiyou,093,43540,132,109,8,117,0
2020-08-25,Solano,095,438530,5418,5114,38,5152,34
2020-08-25,Sonoma,097,501317,5778,5148,19,5167,56
2020-08-25,Stanislaus,099,539301,14994,13886,323,14209,182
2020-08-25,Sutter,101,95872,1351,1259,1,1260,9
2020-08-25,Tehama,103,63373,421,394,2,396,1
2020-08-25,Trinity,105,12862,44,10,6,16,0
2020-08-25,Tulare,107,460477,14443,13514,57,13571,224
2020-08-25,Tuolumne,109,53932,199,172,4,176,1
2020-08-25,Ventura,111,848112,11183,10313,82,10395,99
2020-08-25,Yolo,113,214977,2454,2254,4,2258,50
2020-08-25,Yuba,115,75493,850,775,3,778,1
2020-08-24,Alameda,001,1643700,18364,16913,125,17038,231
2020-08-24,Alpine,003,1148,2,2,0,2,0
2020-08-24,Amador,005,37829,271,227,0,227,13
2020-08-24,Butte,007,227075,2005,1649,18,1667,23
2020-08-24,Calaveras,009,45235,232,187,0,187,1
2020-08-24,Colusa,011,21464,451,425,0,425,5
2020-08-24,Contra Costa,013,1133247,14109,12906,47,12953,153
2020-08-24,Del Norte,015,27424,113,80,0,80,1
2020-08-24,El Dorado,017,186661,998,908,4,912,2
2020-08-24,Fresno,019,978130,27119,23618,294,23912,235
2020-08-24,Glenn,021,27897,444,421,0,421,2
2020-08-24,Humboldt,023,135768,378,340,1,341,4
2020-08-24,Imperial,025,180216,11158,9323,6,9329,210
2020-08-24,Inyo,027,18085,171,144,3,147,2
2020-08-24,Kern,029,883053,29459,28157,211,28368,277
2020-08-24,Kings,031,150075,6127,5652,35,5687,60
2020-08-24,Lake,033,64148,329,302,0,302,2
2020-08-24,Lassen,035,31185,721,693,2,695,0
2020-08-24,Los Angeles,037,10098052,238713,233036,1149,234185,5562
2020-08-24,Madera,039,155013,3839,3418,25,3443,32
2020-08-24,Marin,041,260295,6080,5834,15,5849,56
2020-08-24,Mariposa,043,17540,71,66,0,66,2
2020-08-24,Mendocino,045,87422,604,550,0,550,10
2020-08-24,Merced,047,269075,7868,7605,9,7614,69
2020-08-24,Modoc,049,8938,8,5,0,5,0
2020-08-24,Mono,051,14174,163,129,2,131,1
2020-08-24,Monterey,053,433212,7826,7212,21,7233,50
2020-08-24,Napa,055,140530,1447,1358,5,1363,10
2020-08-24,Nevada,057,99092,443,423,15,438,2
2020-08-24,Orange,059,3164182,49563,45536,1136,46672,887
2020-08-24,Placer,061,380077,3003,2793,6,2799,31
2020-08-24,Plumas,063,18699,39,37,0,37,0
2020-08-24,Riverside,065,2383286,52784,50496,58,50554,975
2020-08-24,Sacramento,067,1510023,17884,16318,16,16334,249
2020-08-24,San Benito,069,59416,1062,961,0,961,3
2020-08-24,San Bernardino,071,2135413,48292,45199,294,45493,720
2020-08-24,San Diego,073,3302833,38575,36729,347,37076,660
2020-08-24,San Francisco,075,870044,9392,8621,10,8631,81
2020-08-24,San Joaquin,077,732212,18151,16565,34,16599,305
2020-08-24,San Luis Obispo,079,281455,3000,2705,17,2722,20
2020-08-24,San Mateo,081,765935,8326,7502,9,7511,120
2020-08-24,Santa Barbara,083,443738,8083,7784,69,7853,90
2020-08-24,Santa Clara,085,1922200,17856,16049,38,16087,192
2020-08-24,Santa Cruz,087,273765,1831,1627,16,1643,6
2020-08-24,Shasta,089,179085,605,505,3,508,9
2020-08-24,Sierra,091,2930,6,6,0,6,0
2020-08-24,Siskiyou,093,43540,128,107,8,115,0
2020-08-24,Solano,095,438530,5369,4979,36,5015,32
2020-08-24,Sonoma,097,501317,5676,5071,19,5090,56
2020-08-24,Stanislaus,099,539301,14896,13521,309,13830,171
2020-08-24,Sutter,101,95872,1332,1219,1,1220,9
2020-08-24,Tehama,103,63373,416,388,2,390,1
2020-08-24,Trinity,105,12862,44,10,6,16,0
2020-08-24,Tulare,107,460477,14336,13360,56,13416,223
2020-08-24,Tuolumne,109,53932,198,170,4,174,1
2020-08-24,Ventura,111,848112,11103,10261,78,10339,99
2020-08-24,Yolo,113,214977,2420,2239,4,2243,47
2020-08-24,Yuba,115,75493,833,750,3,753,1
2020-08-23,Alameda,001,1643700,18140,16786,124,16910,231
2020-08-23,Alpine,003,1148,2,2,0,2,0
2020-08-23,Amador,005,37829,268,227,0,227,13
2020-08-23,Butte,007,227075,1890,1637,18,1655,23
2020-08-23,Calaveras,009,45235,222,187,0,187,1
2020-08-23,Colusa,011,21464,444,424,0,424,5
2020-08-23,Contra Costa,013,1133247,13949,12642,47,12689,153
2020-08-23,Del Norte,015,27424,113,80,0,80,1
2020-08-23,El Dorado,017,186661,985,901,4,905,2
2020-08-23,Fresno,019,978130,26914,23414,290,23704,235
2020-08-23,Glenn,021,27897,437,421,0,421,2
2020-08-23,Humboldt,023,135768,376,341,1,342,4
2020-08-23,Imperial,025,180216,11129,9243,6,9249,210
2020-08-23,Inyo,027,18085,168,144,3,147,2
2020-08-23,Kern,029,883053,29310,28028,206,28234,277
2020-08-23,Kings,031,150075,6084,5628,35,5663,60
2020-08-23,Lake,033,64148,325,299,0,299,2
2020-08-23,Lassen,035,31185,720,693,2,695,0
2020-08-23,Los Angeles,037,10098052,237117,231833,1079,232912,5549
2020-08-23,Madera,039,155013,3807,3401,24,3425,32
2020-08-23,Marin,041,260295,6041,5807,14,5821,50
2020-08-23,Mariposa,043,17540,71,66,0,66,2
2020-08-23,Mendocino,045,87422,600,550,0,550,10
2020-08-23,Merced,047,269075,7799,7574,8,7582,69
2020-08-23,Modoc,049,8938,7,5,0,5,0
2020-08-23,Mono,051,14174,163,129,2,131,1
2020-08-23,Monterey,053,433212,7736,7173,21,7194,50
2020-08-23,Napa,055,140530,1435,1348,5,1353,10
2020-08-23,Nevada,057,99092,438,421,15,436,2
2020-08-23,Orange,059,3164182,49325,45267,1124,46391,887
2020-08-23,Placer,061,380077,2964,2772,6,2778,31
2020-08-23,Plumas,063,18699,39,37,0,37,0
2020-08-23,Riverside,065,2383286,52514,50293,56,50349,955
2020-08-23,Sacramento,067,1510023,17660,16084,15,16099,243
2020-08-23,San Benito,069,59416,1049,938,0,938,3
2020-08-23,San Bernardino,071,2135413,48024,45010,284,45294,719
2020-08-23,San Diego,073,3302833,38254,36542,320,36862,660
2020-08-23,San Francisco,075,870044,9297,8564,9,8573,80
2020-08-23,San Joaquin,077,732212,18018,16069,33,16102,305
2020-08-23,San Luis Obispo,079,281455,2958,2679,17,2696,20
2020-08-23,San Mateo,081,765935,8231,7450,9,7459,120
2020-08-23,Santa Barbara,083,443738,8015,7725,69,7794,90
2020-08-23,Santa Clara,085,1922200,17661,15912,36,15948,191
2020-08-23,Santa Cruz,087,273765,1805,1627,16,1643,6
2020-08-23,Shasta,089,179085,600,501,3,504,9
2020-08-23,Sierra,091,2930,6,6,0,6,0
2020-08-23,Siskiyou,093,43540,123,107,8,115,0
2020-08-23,Solano,095,438530,5311,4977,34,5011,32
2020-08-23,Sonoma,097,501317,5588,5018,19,5037,56
2020-08-23,Stanislaus,099,539301,14761,13483,286,13769,171
2020-08-23,Sutter,101,95872,1310,1203,1,1204,9
2020-08-23,Tehama,103,63373,406,381,2,383,1
2020-08-23,Trinity,105,12862,44,10,6,16,0
2020-08-23,Tulare,107,460477,14204,13303,53,13356,223
2020-08-23,Tuolumne,109,53932,195,164,4,168,1
2020-08-23,Ventura,111,848112,11002,10126,74,10200,99
2020-08-23,Yolo,113,214977,2392,2210,4,2214,47
2020-08-23,Yuba,115,75493,812,750,3,753,1
2020-08-22,Alameda,001,1643700,18046,16648,123,16771,231
2020-08-22,Alpine,003,1148,2,2,0,2,0
2020-08-22,Amador,005,37829,267,224,0,224,13
2020-08-22,Butte,007,227075,1839,1618,18,1636,22
2020-08-22,Calaveras,009,45235,218,187,0,187,1
2020-08-22,Colusa,011,21464,440,419,0,419,5
2020-08-22,Contra Costa,013,1133247,13862,12522,47,12569,153
2020-08-22,Del Norte,015,27424,112,80,0,80,1
2020-08-22,El Dorado,017,186661,983,900,4,904,2
2020-08-22,Fresno,019,978130,26817,23197,289,23486,235
2020-08-22,Glenn,021,27897,436,421,0,421,2
2020-08-22,Humboldt,023,135768,366,334,1,335,4
2020-08-22,Imperial,025,180216,11121,9244,6,9250,210
2020-08-22,Inyo,027,18085,168,144,3,147,1
2020-08-22,Kern,029,883053,29256,27807,206,28013,277
2020-08-22,Kings,031,150075,6075,5447,35,5482,60
2020-08-22,Lake,033,64148,323,291,0,291,2
2020-08-22,Lassen,035,31185,720,693,2,695,0
2020-08-22,Los Angeles,037,10098052,236457,230858,1061,231919,5540
2020-08-22,Madera,039,155013,3788,3330,24,3354,32
2020-08-22,Marin,041,260295,6029,5789,14,5803,49
2020-08-22,Mariposa,043,17540,71,66,0,66,2
2020-08-22,Mendocino,045,87422,597,529,0,529,10
2020-08-22,Merced,047,269075,7771,7493,8,7501,69
2020-08-22,Modoc,049,8938,7,5,0,5,0
2020-08-22,Mono,051,14174,163,129,2,131,1
2020-08-22,Monterey,053,433212,7688,7081,21,7102,50
2020-08-22,Napa,055,140530,1430,1328,5,1333,11
2020-08-22,Nevada,057,99092,438,411,15,426,2
2020-08-22,Orange,059,3164182,49184,45131,1118,46249,885
2020-08-22,Placer,061,380077,2950,2734,6,2740,30
2020-08-22,Plumas,063,18699,39,37,0,37,0
2020-08-22,Riverside,065,2383286,52366,49944,55,49999,953
2020-08-22,Sacramento,067,1510023,17548,15516,15,15531,239
2020-08-22,San Benito,069,59416,1033,912,0,912,3
2020-08-22,San Bernardino,071,2135413,47895,44803,280,45083,719
2020-08-22,San Diego,073,3302833,38072,36205,309,36514,673
2020-08-22,San Francisco,075,870044,9237,8568,9,8577,80
2020-08-22,San Joaquin,077,732212,17962,16068,33,16101,305
2020-08-22,San Luis Obispo,079,281455,2932,2660,17,2677,20
2020-08-22,San Mateo,081,765935,8184,7361,9,7370,120
2020-08-22,Santa Barbara,083,443738,7989,7685,69,7754,90
2020-08-22,Santa Clara,085,1922200,17553,15590,36,15626,190
2020-08-22,Santa Cruz,087,273765,1789,1628,15,1643,6
2020-08-22,Shasta,089,179085,598,493,3,496,9
2020-08-22,Sierra,091,2930,6,6,0,6,0
2020-08-22,Siskiyou,093,43540,123,106,8,114,0
2020-08-22,Solano,095,438530,5281,4944,33,4977,32
2020-08-22,Sonoma,097,501317,5542,4891,19,4910,57
2020-08-22,Stanislaus,099,539301,14711,13380,269,13649,170
2020-08-22,Sutter,101,95872,1303,1189,1,1190,8
2020-08-22,Tehama,103,63373,405,368,2,370,1
2020-08-22,Trinity,105,12862,44,8,6,14,0
2020-08-22,Tulare,107,460477,14137,13196,53,13249,222
2020-08-22,Tuolumne,109,53932,193,162,4,166,1
2020-08-22,Ventura,111,848112,10947,9959,72,10031,99
2020-08-22,Yolo,113,214977,2376,2188,4,2192,47
2020-08-22,Yuba,115,75493,800,738,3,741,1
2020-08-21,Alameda,001,1643700,17954,16413,123,16536,232
2020-08-21,Alpine,003,1148,2,2,0,2,0
2020-08-21,Amador,005,37829,266,223,0,223,11
2020-08-21,Butte,007,227075,1800,1582,18,1600,19
2020-08-21,Calaveras,009,45235,218,182,0,182,1
2020-08-21,Colusa,011,21464,438,418,0,418,5
2020-08-21,Contra Costa,013,1133247,13772,12333,46,12379,149
2020-08-21,Del Norte,015,27424,112,78,0,78,1
2020-08-21,El Dorado,017,186661,979,885,4,889,2
2020-08-21,Fresno,019,978130,26647,22840,288,23128,232
2020-08-21,Glenn,021,27897,432,418,0,418,2
2020-08-21,Humboldt,023,135768,363,331,1,332,4
2020-08-21,Imperial,025,180216,11105,9166,6,9172,204
2020-08-21,Inyo,027,18085,168,144,3,147,1
2020-08-21,Kern,029,883053,29197,27567,204,27771,269
2020-08-21,Kings,031,150075,6053,5391,35,5426,60
2020-08-21,Lake,033,64148,321,281,0,281,2
2020-08-21,Lassen,035,31185,720,693,2,695,0
2020-08-21,Los Angeles,037,10098052,235583,229235,1041,230276,5494
2020-08-21,Madera,039,155013,3758,3271,24,3295,31
2020-08-21,Marin,041,260295,6009,5762,14,5776,49
2020-08-21,Mariposa,043,17540,71,66,0,66,2
2020-08-21,Mendocino,045,87422,587,505,0,505,10
2020-08-21,Merced,047,269075,7742,7357,8,7365,69
2020-08-21,Modoc,049,8938,7,5,0,5,0
2020-08-21,Mono,051,14174,163,128,2,130,1
2020-08-21,Monterey,053,433212,7616,6974,21,6995,49
2020-08-21,Napa,055,140530,1421,1317,5,1322,10
2020-08-21,Nevada,057,99092,437,406,15,421,2
2020-08-21,Orange,059,3164182,49043,44625,1109,45734,875
2020-08-21,Placer,061,380077,2934,2698,6,2704,30
2020-08-21,Plumas,063,18699,39,36,0,36,0
2020-08-21,Riverside,065,2383286,52171,49409,55,49464,932
2020-08-21,Sacramento,067,1510023,17425,15247,15,15262,237
2020-08-21,San Benito,069,59416,1023,891,0,891,3
2020-08-21,San Bernardino,071,2135413,47775,44249,276,44525,668
2020-08-21,San Diego,073,3302833,37868,35914,292,36206,652
2020-08-21,San Francisco,075,870044,9187,8375,9,8384,80
2020-08-21,San Joaquin,077,732212,17879,15888,31,15919,301
2020-08-21,San Luis Obispo,079,281455,2909,2640,17,2657,19
2020-08-21,San Mateo,081,765935,8127,7253,9,7262,120
2020-08-21,Santa Barbara,083,443738,7948,7645,69,7714,86
2020-08-21,Santa Clara,085,1922200,17401,15399,36,15435,190
2020-08-21,Santa Cruz,087,273765,1777,1617,15,1632,6
2020-08-21,Shasta,089,179085,598,486,3,489,9
2020-08-21,Sierra,091,2930,6,6,0,6,0
2020-08-21,Siskiyou,093,43540,123,103,6,109,0
2020-08-21,Solano,095,438530,5258,4891,32,4923,32
2020-08-21,Sonoma,097,501317,5472,4816,19,4835,57
2020-08-21,Stanislaus,099,539301,14642,13282,254,13536,161
2020-08-21,Sutter,101,95872,1290,1173,1,1174,8
2020-08-21,Tehama,103,63373,403,357,2,359,1
2020-08-21,Trinity,105,12862,44,8,6,14,0
2020-08-21,Tulare,107,460477,14065,13002,52,13054,217
2020-08-21,Tuolumne,109,53932,185,161,4,165,1
2020-08-21,Ventura,111,848112,10882,9865,70,9935,98
2020-08-21,Yolo,113,214977,2361,2164,4,2168,46
2020-08-21,Yuba,115,75493,796,717,3,720,1
2020-08-20,Alameda,001,1643700,17795,16174,123,16297,229
2020-08-20,Alpine,003,1148,2,2,0,2,0
2020-08-20,Amador,005,37829,264,222,0,222,11
2020-08-20,Butte,007,227075,1749,1549,18,1567,18
2020-08-20,Calaveras,009,45235,215,179,0,179,1
2020-08-20,Colusa,011,21464,436,415,0,415,5
2020-08-20,Contra Costa,013,1133247,13644,12108,45,12153,144
2020-08-20,Del Norte,015,27424,112,78,0,78,1
2020-08-20,El Dorado,017,186661,975,881,4,885,2
2020-08-20,Fresno,019,978130,26465,22535,283,22818,228
2020-08-20,Glenn,021,27897,427,414,0,414,2
2020-08-20,Humboldt,023,135768,358,318,1,319,4
2020-08-20,Imperial,025,180216,11086,9086,6,9092,196
2020-08-20,Inyo,027,18085,167,144,3,147,1
2020-08-20,Kern,029,883053,29029,27337,193,27530,267
2020-08-20,Kings,031,150075,6013,5347,34,5381,59
2020-08-20,Lake,033,64148,316,280,0,280,2
2020-08-20,Lassen,035,31185,719,693,2,695,0
2020-08-20,Los Angeles,037,10098052,234353,227492,1022,228514,5445
2020-08-20,Madera,039,155013,3732,3197,24,3221,31
2020-08-20,Marin,041,260295,5991,5745,14,5759,47
2020-08-20,Mariposa,043,17540,71,67,0,67,2
2020-08-20,Mendocino,045,87422,577,497,0,497,10
2020-08-20,Merced,047,269075,7667,7173,8,7181,68
2020-08-20,Modoc,049,8938,7,5,0,5,0
2020-08-20,Mono,051,14174,163,128,2,130,1
2020-08-20,Monterey,053,433212,7545,6892,21,6913,47
2020-08-20,Napa,055,140530,1413,1306,5,1311,10
2020-08-20,Nevada,057,99092,436,401,15,416,2
2020-08-20,Orange,059,3164182,48816,44299,1098,45397,849
2020-08-20,Placer,061,380077,2918,2681,6,2687,30
2020-08-20,Plumas,063,18699,39,36,0,36,0
2020-08-20,Riverside,065,2383286,51952,48953,54,49007,927
2020-08-20,Sacramento,067,1510023,17183,14992,15,15007,231
2020-08-20,San Benito,069,59416,1010,866,0,866,3
2020-08-20,San Bernardino,071,2135413,47519,43627,272,43899,665
2020-08-20,San Diego,073,3302833,37648,35610,274,35884,644
2020-08-20,San Francisco,075,870044,9101,8262,9,8271,72
2020-08-20,San Joaquin,077,732212,17786,15778,31,15809,297
2020-08-20,San Luis Obispo,079,281455,2889,2590,17,2607,19
2020-08-20,San Mateo,081,765935,8062,7188,9,7197,120
2020-08-20,Santa Barbara,083,443738,7910,7571,69,7640,81
2020-08-20,Santa Clara,085,1922200,17228,15162,36,15198,190
2020-08-20,Santa Cruz,087,273765,1764,1581,15,1596,6
2020-08-20,Shasta,089,179085,597,478,3,481,9
2020-08-20,Sierra,091,2930,6,6,0,6,0
2020-08-20,Siskiyou,093,43540,122,102,1,103,0
2020-08-20,Solano,095,438530,5214,4843,32,4875,31
2020-08-20,Sonoma,097,501317,5400,4737,19,4756,54
2020-08-20,Stanislaus,099,539301,14546,13120,245,13365,161
2020-08-20,Sutter,101,95872,1266,1158,1,1159,8
2020-08-20,Tehama,103,63373,398,350,2,352,1
2020-08-20,Trinity,105,12862,44,8,6,14,0
2020-08-20,Tulare,107,460477,13957,12907,51,12958,217
2020-08-20,Tuolumne,109,53932,181,159,4,163,1
2020-08-20,Ventura,111,848112,10769,9744,69,9813,93
2020-08-20,Yolo,113,214977,2339,2150,4,2154,47
2020-08-20,Yuba,115,75493,779,709,3,712,1
2020-08-19,Alameda,001,1643700,17637,15874,122,15996,226
2020-08-19,Alpine,003,1148,2,2,0,2,0
2020-08-19,Amador,005,37829,263,219,0,219,9
2020-08-19,Butte,007,227075,1706,1517,18,1535,16
2020-08-19,Calaveras,009,45235,213,177,0,177,1
2020-08-19,Colusa,011,21464,435,415,0,415,5
2020-08-19,Contra Costa,013,1133247,13532,11895,43,11938,142
2020-08-19,Del Norte,015,27424,112,78,0,78,1
2020-08-19,El Dorado,017,186661,969,870,4,874,2
2020-08-19,Fresno,019,978130,26276,22167,274,22441,221
2020-08-19,Glenn,021,27897,425,414,0,414,2
2020-08-19,Humboldt,023,135768,355,316,1,317,4
2020-08-19,Imperial,025,180216,11058,9041,6,9047,192
2020-08-19,Inyo,027,18085,165,140,3,143,1
2020-08-19,Kern,029,883053,28912,27142,189,27331,263
2020-08-19,Kings,031,150075,5840,5301,32,5333,59
2020-08-19,Lake,033,64148,313,277,0,277,2
2020-08-19,Lassen,035,31185,711,693,2,695,0
2020-08-19,Los Angeles,037,10098052,233077,226006,982,226988,5399
2020-08-19,Madera,039,155013,3698,3158,22,3180,30
2020-08-19,Marin,041,260295,5967,5723,13,5736,46
2020-08-19,Mariposa,043,17540,71,64,0,64,2
2020-08-19,Mendocino,045,87422,560,495,0,495,8
2020-08-19,Merced,047,269075,7540,7082,5,7087,66
2020-08-19,Modoc,049,8938,7,5,0,5,0
2020-08-19,Mono,051,14174,163,128,2,130,1
2020-08-19,Monterey,053,433212,7445,6693,21,6714,45
2020-08-19,Napa,055,140530,1408,1293,5,1298,10
2020-08-19,Nevada,057,99092,429,398,15,413,2
2020-08-19,Orange,059,3164182,48611,43938,1095,45033,829
2020-08-19,Placer,061,380077,2896,2659,6,2665,28
2020-08-19,Plumas,063,18699,39,36,0,36,0
2020-08-19,Riverside,065,2383286,51703,48741,54,48795,922
2020-08-19,Sacramento,067,1510023,17003,14764,15,14779,229
2020-08-19,San Benito,069,59416,993,853,0,853,3
2020-08-19,San Bernardino,071,2135413,47221,43224,266,43490,661
2020-08-19,San Diego,073,3302833,37398,35378,259,35637,638
2020-08-19,San Francisco,075,870044,9036,8236,9,8245,72
2020-08-19,San Joaquin,077,732212,17660,15677,30,15707,296
2020-08-19,San Luis Obispo,079,281455,2849,2553,17,2570,19
2020-08-19,San Mateo,081,765935,7993,7146,9,7155,119
2020-08-19,Santa Barbara,083,443738,7861,7499,69,7568,80
2020-08-19,Santa Clara,085,1922200,17082,14994,36,15030,189
2020-08-19,Santa Cruz,087,273765,1738,1554,15,1569,6
2020-08-19,Shasta,089,179085,593,475,3,478,9
2020-08-19,Sierra,091,2930,6,6,0,6,0
2020-08-19,Siskiyou,093,43540,121,103,1,104,0
2020-08-19,Solano,095,438530,5173,4807,32,4839,31
2020-08-19,Sonoma,097,501317,5321,4614,19,4633,54
2020-08-19,Stanislaus,099,539301,14443,13084,223,13307,160
2020-08-19,Sutter,101,95872,1232,1146,1,1147,8
2020-08-19,Tehama,103,63373,392,342,2,344,1
2020-08-19,Trinity,105,12862,43,8,6,14,0
2020-08-19,Tulare,107,460477,13859,12756,51,12807,217
2020-08-19,Tuolumne,109,53932,178,159,4,163,1
2020-08-19,Ventura,111,848112,10677,9587,67,9654,91
2020-08-19,Yolo,113,214977,2317,2126,4,2130,47
2020-08-19,Yuba,115,75493,767,701,3,704,1
2020-08-18,Alameda,001,1643700,17460,15627,120,15747,223
2020-08-18,Alpine,003,1148,2,2,0,2,0
2020-08-18,Amador,005,37829,262,215,0,215,9
2020-08-18,Butte,007,227075,1673,1491,18,1509,16
2020-08-18,Calaveras,009,45235,210,174,0,174,1
2020-08-18,Colusa,011,21464,434,415,0,415,5
2020-08-18,Contra Costa,013,1133247,13412,11689,41,11730,141
2020-08-18,Del Norte,015,27424,111,78,0,78,0
2020-08-18,El Dorado,017,186661,964,866,4,870,2
2020-08-18,Fresno,019,978130,26055,21798,268,22066,212
2020-08-18,Glenn,021,27897,425,407,0,407,2
2020-08-18,Humboldt,023,135768,353,315,1,316,4
2020-08-18,Imperial,025,180216,11024,8968,6,8974,189
2020-08-18,Inyo,027,18085,164,140,3,143,1
2020-08-18,Kern,029,883053,28759,26978,185,27163,263
2020-08-18,Kings,031,150075,5805,5269,31,5300,58
2020-08-18,Lake,033,64148,310,274,0,274,2
2020-08-18,Lassen,035,31185,711,693,2,695,0
2020-08-18,Los Angeles,037,10098052,231816,224218,945,225163,5339
2020-08-18,Madera,039,155013,3670,3125,22,3147,28
2020-08-18,Marin,041,260295,5937,5708,13,5721,47
2020-08-18,Mariposa,043,17540,71,61,0,61,2
2020-08-18,Mendocino,045,87422,551,468,0,468,8
2020-08-18,Merced,047,269075,7492,6940,5,6945,66
2020-08-18,Modoc,049,8938,7,5,0,5,0
2020-08-18,Mono,051,14174,162,129,2,131,1
2020-08-18,Monterey,053,433212,7353,6691,20,6711,44
2020-08-18,Napa,055,140530,1405,1274,5,1279,10
2020-08-18,Nevada,057,99092,422,389,15,404,2
2020-08-18,Orange,059,3164182,48386,43659,1080,44739,809
2020-08-18,Placer,061,380077,2870,2644,5,2649,28
2020-08-18,Plumas,063,18699,39,34,0,34,0
2020-08-18,Riverside,065,2383286,51371,48447,54,48501,917
2020-08-18,Sacramento,067,1510023,16773,14610,14,14624,222
2020-08-18,San Benito,069,59416,973,836,0,836,3
2020-08-18,San Bernardino,071,2135413,46940,42827,260,43087,648
2020-08-18,San Diego,073,3302833,37105,35164,227,35391,633
2020-08-18,San Francisco,075,870044,8950,8016,9,8025,72
2020-08-18,San Joaquin,077,732212,17544,15509,29,15538,290
2020-08-18,San Luis Obispo,079,281455,2824,2535,16,2551,18
2020-08-18,San Mateo,081,765935,7932,7074,9,7083,119
2020-08-18,Santa Barbara,083,443738,7819,7472,69,7541,81
2020-08-18,Santa Clara,085,1922200,16910,14786,35,14821,184
2020-08-18,Santa Cruz,087,273765,1725,1509,15,1524,6
2020-08-18,Shasta,089,179085,589,468,3,471,9
2020-08-18,Sierra,091,2930,6,6,0,6,0
2020-08-18,Siskiyou,093,43540,120,103,1,104,0
2020-08-18,Solano,095,438530,5146,4700,32,4732,31
2020-08-18,Sonoma,097,501317,5252,4506,19,4525,48
2020-08-18,Stanislaus,099,539301,14345,12935,207,13142,149
2020-08-18,Sutter,101,95872,1213,1126,1,1127,8
2020-08-18,Tehama,103,63373,382,333,2,335,1
2020-08-18,Trinity,105,12862,41,8,6,14,0
2020-08-18,Tulare,107,460477,13728,12637,48,12685,212
2020-08-18,Tuolumne,109,53932,175,159,4,163,1
2020-08-18,Ventura,111,848112,10587,9536,62,9598,89
2020-08-18,Yolo,113,214977,2295,2102,4,2106,47
2020-08-18,Yuba,115,75493,759,679,3,682,1
2020-08-17,Alameda,001,1643700,17267,15454,119,15573,221
2020-08-17,Alpine,003,1148,2,2,0,2,0
2020-08-17,Amador,005,37829,262,215,0,215,9
2020-08-17,Butte,007,227075,1628,1463,18,1481,15
2020-08-17,Calaveras,009,45235,206,167,0,167,1
2020-08-17,Colusa,011,21464,431,408,0,408,5
2020-08-17,Contra Costa,013,1133247,13275,11442,41,11483,141
2020-08-17,Del Norte,015,27424,107,77,0,77,0
2020-08-17,El Dorado,017,186661,961,846,4,850,2
2020-08-17,Fresno,019,978130,25847,21316,261,21577,211
2020-08-17,Glenn,021,27897,424,402,0,402,2
2020-08-17,Humboldt,023,135768,349,302,1,303,4
2020-08-17,Imperial,025,180216,10983,8897,6,8903,188
2020-08-17,Inyo,027,18085,156,124,3,127,1
2020-08-17,Kern,029,883053,28612,26773,174,26947,249
2020-08-17,Kings,031,150075,5767,5249,31,5280,58
2020-08-17,Lake,033,64148,305,270,0,270,2
2020-08-17,Lassen,035,31185,711,666,2,668,0
2020-08-17,Los Angeles,037,10098052,230298,223418,898,224316,5282
2020-08-17,Madera,039,155013,3627,3050,21,3071,26
2020-08-17,Marin,041,260295,5914,5683,12,5695,46
2020-08-17,Mariposa,043,17540,71,61,0,61,2
2020-08-17,Mendocino,045,87422,533,454,0,454,8
2020-08-17,Merced,047,269075,7397,6814,5,6819,66
2020-08-17,Modoc,049,8938,7,5,0,5,0
2020-08-17,Mono,051,14174,162,126,2,128,1
2020-08-17,Monterey,053,433212,7253,6553,20,6573,44
2020-08-17,Napa,055,140530,1384,1255,5,1260,10
2020-08-17,Nevada,057,99092,417,383,15,398,2
2020-08-17,Orange,059,3164182,48176,43621,1067,44688,804
2020-08-17,Placer,061,380077,2845,2609,5,2614,28
2020-08-17,Plumas,063,18699,39,33,0,33,0
2020-08-17,Riverside,065,2383286,51038,48062,52,48114,916
2020-08-17,Sacramento,067,1510023,16553,14333,14,14347,219
2020-08-17,San Benito,069,59416,958,822,0,822,2
2020-08-17,San Bernardino,071,2135413,46596,42005,252,42257,604
2020-08-17,San Diego,073,3302833,36839,34962,213,35175,626
2020-08-17,San Francisco,075,870044,8879,7600,9,7609,72
2020-08-17,San Joaquin,077,732212,17382,15323,28,15351,280
2020-08-17,San Luis Obispo,079,281455,2791,2527,16,2543,18
2020-08-17,San Mateo,081,765935,7875,6987,8,6995,118
2020-08-17,Santa Barbara,083,443738,7777,7438,69,7507,80
2020-08-17,Santa Clara,085,1922200,16687,14546,35,14581,183
2020-08-17,Santa Cruz,087,273765,1709,1453,14,1467,6
2020-08-17,Shasta,089,179085,583,467,3,470,9
2020-08-17,Sierra,091,2930,6,6,0,6,0
2020-08-17,Siskiyou,093,43540,119,103,0,103,0
2020-08-17,Solano,095,438530,5089,4479,32,4511,31
2020-08-17,Sonoma,097,501317,5164,4402,17,4419,48
2020-08-17,Stanislaus,099,539301,14220,12745,200,12945,148
2020-08-17,Sutter,101,95872,1197,1071,1,1072,8
2020-08-17,Tehama,103,63373,372,324,2,326,1
2020-08-17,Trinity,105,12862,41,8,6,14,0
2020-08-17,Tulare,107,460477,13615,12487,47,12534,210
2020-08-17,Tuolumne,109,53932,172,157,4,161,1
2020-08-17,Ventura,111,848112,10464,9490,57,9547,89
2020-08-17,Yolo,113,214977,2268,2083,4,2087,47
2020-08-17,Yuba,115,75493,744,647,3,650,1
2020-08-16,Alameda,001,1643700,16976,15338,119,15457,221
2020-08-16,Alpine,003,1148,2,2,0,2,0
2020-08-16,Amador,005,37829,259,215,0,215,9
2020-08-16,Butte,007,227075,1590,1432,18,1450,15
2020-08-16,Calaveras,009,45235,199,167,0,167,1
2020-08-16,Colusa,011,21464,429,407,0,407,5
2020-08-16,Contra Costa,013,1133247,13089,11255,41,11296,140
2020-08-16,Del Norte,015,27424,103,77,0,77,0
2020-08-16,El Dorado,017,186661,949,843,4,847,2
2020-08-16,Fresno,019,978130,25626,21010,256,21266,211
2020-08-16,Glenn,021,27897,422,400,0,400,2
2020-08-16,Humboldt,023,135768,347,301,1,302,4
2020-08-16,Imperial,025,180216,10939,8883,6,8889,188
2020-08-16,Inyo,027,18085,149,125,2,127,1
2020-08-16,Kern,029,883053,28413,26520,166,26686,249
2020-08-16,Kings,031,150075,5736,5146,31,5177,58
2020-08-16,Lake,033,64148,301,269,0,269,2
2020-08-16,Lassen,035,31185,711,666,2,668,0
2020-08-16,Los Angeles,037,10098052,228725,222236,868,223104,5263
2020-08-16,Madera,039,155013,3582,3013,21,3034,26
2020-08-16,Marin,041,260295,5888,5664,12,5676,46
2020-08-16,Mariposa,043,17540,71,61,0,61,2
2020-08-16,Mendocino,045,87422,525,451,0,451,8
2020-08-16,Merced,047,269075,7315,6744,5,6749,66
2020-08-16,Modoc,049,8938,7,5,0,5,0
2020-08-16,Mono,051,14174,162,126,2,128,1
2020-08-16,Monterey,053,433212,7155,6516,19,6535,44
2020-08-16,Napa,055,140530,1366,1241,3,1244,10
2020-08-16,Nevada,057,99092,408,379,15,394,2
2020-08-16,Orange,059,3164182,47927,43303,1056,44359,803
2020-08-16,Placer,061,380077,2816,2583,4,2587,28
2020-08-16,Plumas,063,18699,39,33,0,33,0
2020-08-16,Riverside,065,2383286,50707,47669,51,47720,910
2020-08-16,Sacramento,067,1510023,16313,14210,14,14224,219
2020-08-16,San Benito,069,59416,929,815,0,815,2
2020-08-16,San Bernardino,071,2135413,46172,41724,244,41968,603
2020-08-16,San Diego,073,3302833,36575,34680,198,34878,626
2020-08-16,San Francisco,075,870044,8792,7602,9,7611,72
2020-08-16,San Joaquin,077,732212,17179,15288,28,15316,280
2020-08-16,San Luis Obispo,079,281455,2762,2494,16,2510,17
2020-08-16,San Mateo,081,765935,7801,6942,8,6950,118
2020-08-16,Santa Barbara,083,443738,7728,7368,69,7437,79
2020-08-16,Santa Clara,085,1922200,16489,14329,35,14364,183
2020-08-16,Santa Cruz,087,273765,1682,1449,13,1462,6
2020-08-16,Shasta,089,179085,576,465,3,468,9
2020-08-16,Sierra,091,2930,6,6,0,6,0
2020-08-16,Siskiyou,093,43540,118,102,0,102,0
2020-08-16,Solano,095,438530,5029,4479,32,4511,31
2020-08-16,Sonoma,097,501317,5060,4329,17,4346,46
2020-08-16,Stanislaus,099,539301,14062,12668,190,12858,148
2020-08-16,Sutter,101,95872,1179,1071,1,1072,8
2020-08-16,Tehama,103,63373,363,318,2,320,1
2020-08-16,Trinity,105,12862,38,8,6,14,0
2020-08-16,Tulare,107,460477,13483,12334,44,12378,211
2020-08-16,Tuolumne,109,53932,172,156,4,160,1
2020-08-16,Ventura,111,848112,10355,9408,52,9460,89
2020-08-16,Yolo,113,214977,2249,2057,4,2061,47
2020-08-16,Yuba,115,75493,735,647,2,649,1
2020-08-15,Alameda,001,1643700,16899,15165,119,15284,221
2020-08-15,Alpine,003,1148,2,2,0,2,0
2020-08-15,Amador,005,37829,259,210,0,210,9
2020-08-15,Butte,007,227075,1568,1409,18,1427,15
2020-08-15,Calaveras,009,45235,197,167,0,167,1
2020-08-15,Colusa,011,21464,428,401,0,401,5
2020-08-15,Contra Costa,013,1133247,12993,11106,41,11147,138
2020-08-15,Del Norte,015,27424,103,77,0,77,0
2020-08-15,El Dorado,017,186661,944,838,4,842,2
2020-08-15,Fresno,019,978130,25510,20603,254,20857,211
2020-08-15,Glenn,021,27897,422,398,0,398,2
2020-08-15,Humboldt,023,135768,346,301,1,302,4
2020-08-15,Imperial,025,180216,10919,8794,6,8800,188
2020-08-15,Inyo,027,18085,149,123,2,125,1
2020-08-15,Kern,029,883053,28325,26338,166,26504,249
2020-08-15,Kings,031,150075,5718,5039,31,5070,56
2020-08-15,Lake,033,64148,299,268,0,268,2
2020-08-15,Lassen,035,31185,711,666,2,668,0
2020-08-15,Los Angeles,037,10098052,227975,221043,858,221901,5252
2020-08-15,Madera,039,155013,3532,2950,21,2971,26
2020-08-15,Marin,041,260295,5881,5628,12,5640,46
2020-08-15,Mariposa,043,17540,71,61,0,61,2
2020-08-15,Mendocino,045,87422,521,444,0,444,8
2020-08-15,Merced,047,269075,7281,6656,5,6661,66
2020-08-15,Modoc,049,8938,7,5,0,5,0
2020-08-15,Mono,051,14174,162,126,2,128,1
2020-08-15,Monterey,053,433212,7110,6162,19,6181,44
2020-08-15,Napa,055,140530,1356,1232,3,1235,10
2020-08-15,Nevada,057,99092,408,376,15,391,2
2020-08-15,Orange,059,3164182,47814,42811,1045,43856,801
2020-08-15,Placer,061,380077,2795,2551,4,2555,27
2020-08-15,Plumas,063,18699,39,33,0,33,0
2020-08-15,Riverside,065,2383286,50556,46720,51,46771,910
2020-08-15,Sacramento,067,1510023,16203,14018,14,14032,219
2020-08-15,San Benito,069,59416,916,805,0,805,2
2020-08-15,San Bernardino,071,2135413,46020,41231,242,41473,602
2020-08-15,San Diego,073,3302833,36409,34346,184,34530,639
2020-08-15,San Francisco,075,870044,8729,7601,9,7610,69
2020-08-15,San Joaquin,077,732212,17106,15113,28,15141,280
2020-08-15,San Luis Obispo,079,281455,2745,2461,16,2477,17
2020-08-15,San Mateo,081,765935,7764,6860,8,6868,118
2020-08-15,Santa Barbara,083,443738,7700,7338,69,7407,79
2020-08-15,Santa Clara,085,1922200,16393,14105,35,14140,183
2020-08-15,Santa Cruz,087,273765,1661,1449,13,1462,6
2020-08-15,Shasta,089,179085,573,458,3,461,9
2020-08-15,Sierra,091,2930,6,6,0,6,0
2020-08-15,Siskiyou,093,43540,117,100,0,100,0
2020-08-15,Solano,095,438530,5007,4477,32,4509,31
2020-08-15,Sonoma,097,501317,5005,4134,17,4151,45
2020-08-15,Stanislaus,099,539301,13998,12541,189,12730,149
2020-08-15,Sutter,101,95872,1168,1046,1,1047,8
2020-08-15,Tehama,103,63373,362,312,2,314,1
2020-08-15,Trinity,105,12862,36,6,6,12,0
2020-08-15,Tulare,107,460477,13444,12262,44,12306,211
2020-08-15,Tuolumne,109,53932,172,155,4,159,1
2020-08-15,Ventura,111,848112,10296,9379,50,9429,89
2020-08-15,Yolo,113,214977,2237,2031,4,2035,46
2020-08-15,Yuba,115,75493,731,623,2,625,1
2020-08-14,Alameda,001,1643700,16759,14909,119,15028,221
2020-08-14,Alpine,003,1148,2,2,0,2,0
2020-08-14,Amador,005,37829,259,209,0,209,9
2020-08-14,Butte,007,227075,1559,1384,18,1402,15
2020-08-14,Calaveras,009,45235,193,165,0,165,1
2020-08-14,Colusa,011,21464,426,399,0,399,5
2020-08-14,Contra Costa,013,1133247,12881,10893,41,10934,137
2020-08-14,Del Norte,015,27424,103,76,0,76,0
2020-08-14,El Dorado,017,186661,936,827,4,831,2
2020-08-14,Fresno,019,978130,25376,19900,254,20154,208
2020-08-14,Glenn,021,27897,420,395,0,395,2
2020-08-14,Humboldt,023,135768,340,294,1,295,4
2020-08-14,Imperial,025,180216,10895,8756,6,8762,185
2020-08-14,Inyo,027,18085,148,115,2,117,1
2020-08-14,Kern,029,883053,28221,25893,165,26058,249
2020-08-14,Kings,031,150075,5704,4953,31,4984,56
2020-08-14,Lake,033,64148,290,267,0,267,2
2020-08-14,Lassen,035,31185,711,665,2,667,0
2020-08-14,Los Angeles,037,10098052,226805,219083,841,219924,5222
2020-08-14,Madera,039,155013,3502,2876,21,2897,26
2020-08-14,Marin,041,260295,5870,5601,12,5613,46
2020-08-14,Mariposa,043,17540,70,61,0,61,2
2020-08-14,Mendocino,045,87422,512,432,0,432,8
2020-08-14,Merced,047,269075,7251,6466,5,6471,67
2020-08-14,Modoc,049,8938,7,5,0,5,0
2020-08-14,Mono,051,14174,162,126,2,128,1
2020-08-14,Monterey,053,433212,7059,6121,19,6140,41
2020-08-14,Napa,055,140530,1346,1230,3,1233,10
2020-08-14,Nevada,057,99092,404,377,15,392,2
2020-08-14,Orange,059,3164182,47664,42399,1032,43431,798
2020-08-14,Placer,061,380077,2776,2546,4,2550,26
2020-08-14,Plumas,063,18699,38,33,0,33,0
2020-08-14,Riverside,065,2383286,50327,46456,51,46507,891
2020-08-14,Sacramento,067,1510023,16054,13645,14,13659,212
2020-08-14,San Benito,069,59416,899,783,0,783,2
2020-08-14,San Bernardino,071,2135413,45833,40442,239,40681,594
2020-08-14,San Diego,073,3302833,36215,34067,177,34244,622
2020-08-14,San Francisco,075,870044,8670,7467,9,7476,69
2020-08-14,San Joaquin,077,732212,17006,14925,28,14953,276
2020-08-14,San Luis Obispo,079,281455,2730,2422,16,2438,17
2020-08-14,San Mateo,081,765935,7705,6655,8,6663,118
2020-08-14,Santa Barbara,083,443738,7650,7302,69,7371,77
2020-08-14,Santa Clara,085,1922200,16227,13785,34,13819,183
2020-08-14,Santa Cruz,087,273765,1639,1418,12,1430,6
2020-08-14,Shasta,089,179085,568,446,3,449,9
2020-08-14,Sierra,091,2930,6,5,0,5,0
2020-08-14,Siskiyou,093,43540,117,98,0,98,0
2020-08-14,Solano,095,438530,4986,4421,32,4453,31
2020-08-14,Sonoma,097,501317,4946,4087,14,4101,45
2020-08-14,Stanislaus,099,539301,13920,12379,185,12564,140
2020-08-14,Sutter,101,95872,1160,1039,1,1040,8
2020-08-14,Tehama,103,63373,357,305,2,307,1
2020-08-14,Trinity,105,12862,36,6,6,12,0
2020-08-14,Tulare,107,460477,13367,12009,44,12053,211
2020-08-14,Tuolumne,109,53932,171,155,4,159,1
2020-08-14,Ventura,111,848112,10221,9313,50,9363,89
2020-08-14,Yolo,113,214977,2223,1991,4,1995,45
2020-08-14,Yuba,115,75493,715,606,2,608,1
2020-08-13,Alameda,001,1643700,16481,14385,119,14504,218
2020-08-13,Alpine,003,1148,2,2,0,2,0
2020-08-13,Amador,005,37829,259,198,0,198,8
2020-08-13,Butte,007,227075,1534,1345,18,1363,15
2020-08-13,Calaveras,009,45235,191,162,0,162,1
2020-08-13,Colusa,011,21464,426,395,0,395,5
2020-08-13,Contra Costa,013,1133247,12727,10545,40,10585,136
2020-08-13,Del Norte,015,27424,102,74,0,74,0
2020-08-13,El Dorado,017,186661,931,803,4,807,2
2020-08-13,Fresno,019,978130,25149,19157,248,19405,201
2020-08-13,Glenn,021,27897,416,392,0,392,1
2020-08-13,Humboldt,023,135768,332,281,1,282,4
2020-08-13,Imperial,025,180216,10864,8640,6,8646,170
2020-08-13,Inyo,027,18085,144,97,2,99,1
2020-08-13,Kern,029,883053,28054,25472,162,25634,242
2020-08-13,Kings,031,150075,5669,4824,31,4855,52
2020-08-13,Lake,033,64148,285,263,0,263,2
2020-08-13,Lassen,035,31185,711,652,2,654,0
2020-08-13,Los Angeles,037,10098052,225424,216497,820,217317,5179
2020-08-13,Madera,039,155013,3458,2675,20,2695,25
2020-08-13,Marin,041,260295,5854,5503,12,5515,44
2020-08-13,Mariposa,043,17540,69,61,0,61,2
2020-08-13,Mendocino,045,87422,507,401,0,401,8
2020-08-13,Merced,047,269075,7134,5945,5,5950,63
2020-08-13,Modoc,049,8938,7,5,0,5,0
2020-08-13,Mono,051,14174,162,124,2,126,1
2020-08-13,Monterey,053,433212,6976,5925,19,5944,38
2020-08-13,Napa,055,140530,1337,1179,3,1182,10
2020-08-13,Nevada,057,99092,400,362,15,377,1
2020-08-13,Orange,059,3164182,47425,42019,1020,43039,773
2020-08-13,Placer,061,380077,2753,2460,4,2464,26
2020-08-13,Plumas,063,18699,38,32,0,32,0
2020-08-13,Riverside,065,2383286,50031,45327,51,45378,885
2020-08-13,Sacramento,067,1510023,15851,13237,14,13251,197
2020-08-13,San Benito,069,59416,870,757,0,757,2
2020-08-13,San Bernardino,071,2135413,45438,39395,233,39628,591
2020-08-13,San Diego,073,3302833,35979,33661,159,33820,627
2020-08-13,San Francisco,075,870044,8576,7277,9,7286,69
2020-08-13,San Joaquin,077,732212,16851,14537,27,14564,261
2020-08-13,San Luis Obispo,079,281455,2708,2283,16,2299,16
2020-08-13,San Mateo,081,765935,7643,6503,8,6511,117
2020-08-13,Santa Barbara,083,443738,7605,7129,68,7197,74
2020-08-13,Santa Clara,085,1922200,16005,13257,34,13291,182
2020-08-13,Santa Cruz,087,273765,1614,1383,12,1395,6
2020-08-13,Shasta,089,179085,563,428,3,431,9
2020-08-13,Sierra,091,2930,6,5,0,5,0
2020-08-13,Siskiyou,093,43540,117,95,0,95,0
2020-08-13,Solano,095,438530,4949,4305,32,4337,31
2020-08-13,Sonoma,097,501317,4872,3902,14,3916,45
2020-08-13,Stanislaus,099,539301,13790,11953,169,12122,136
2020-08-13,Sutter,101,95872,1138,992,1,993,8
2020-08-13,Tehama,103,63373,348,302,2,304,1
2020-08-13,Trinity,105,12862,35,6,6,12,0
2020-08-13,Tulare,107,460477,13223,11692,41,11733,210
2020-08-13,Tuolumne,109,53932,170,152,4,156,1
2020-08-13,Ventura,111,848112,10132,9114,50,9164,90
2020-08-13,Yolo,113,214977,2196,1938,4,1942,44
2020-08-13,Yuba,115,75493,699,568,2,570,1
2020-08-12,Alameda,001,1643700,16267,14214,119,14333,215
2020-08-12,Alpine,003,1148,2,2,0,2,0
2020-08-12,Amador,005,37829,256,197,0,197,8
2020-08-12,Butte,007,227075,1506,1317,18,1335,15
2020-08-12,Calaveras,009,45235,188,157,0,157,1
2020-08-12,Colusa,011,21464,421,394,0,394,5
2020-08-12,Contra Costa,013,1133247,12582,10304,39,10343,134
2020-08-12,Del Norte,015,27424,101,74,0,74,0
2020-08-12,El Dorado,017,186661,913,794,4,798,2
2020-08-12,Fresno,019,978130,24919,18690,242,18932,194
2020-08-12,Glenn,021,27897,413,388,0,388,1
2020-08-12,Humboldt,023,135768,325,281,1,282,4
2020-08-12,Imperial,025,180216,10841,8566,6,8572,167
2020-08-12,Inyo,027,18085,127,97,2,99,1
2020-08-12,Kern,029,883053,27862,25191,160,25351,232
2020-08-12,Kings,031,150075,5630,4736,31,4767,50
2020-08-12,Lake,033,64148,283,253,0,253,2
2020-08-12,Lassen,035,31185,710,651,2,653,0
2020-08-12,Los Angeles,037,10098052,224023,214542,804,215346,5119
2020-08-12,Madera,039,155013,3424,2681,18,2699,23
2020-08-12,Marin,041,260295,5832,5423,12,5435,44
2020-08-12,Mariposa,043,17540,69,61,0,61,2
2020-08-12,Mendocino,045,87422,488,386,0,386,9
2020-08-12,Merced,047,269075,7072,5777,5,5782,66
2020-08-12,Modoc,049,8938,7,5,0,5,0
2020-08-12,Mono,051,14174,161,124,2,126,1
2020-08-12,Monterey,053,433212,6872,5919,19,5938,38
2020-08-12,Napa,055,140530,1327,1161,3,1164,10
2020-08-12,Nevada,057,99092,395,357,15,372,1
2020-08-12,Orange,059,3164182,47174,41576,996,42572,754
2020-08-12,Placer,061,380077,2721,2417,4,2421,25
2020-08-12,Plumas,063,18699,38,31,0,31,0
2020-08-12,Riverside,065,2383286,49683,44747,51,44798,867
2020-08-12,Sacramento,067,1510023,15639,12528,14,12542,189
2020-08-12,San Benito,069,59416,857,751,0,751,2
2020-08-12,San Bernardino,071,2135413,45095,38811,224,39035,589
2020-08-12,San Diego,073,3302833,35770,33395,139,33534,608
2020-08-12,San Francisco,075,870044,8493,7194,9,7203,66
2020-08-12,San Joaquin,077,732212,16705,14154,27,14181,253
2020-08-12,San Luis Obispo,079,281455,2683,2263,16,2279,15
2020-08-12,San Mateo,081,765935,7564,6427,8,6435,117
2020-08-12,Santa Barbara,083,443738,7545,7049,66,7115,74
2020-08-12,Santa Clara,085,1922200,15829,13002,34,13036,182
2020-08-12,Santa Cruz,087,273765,1585,1382,11,1393,6
2020-08-12,Shasta,089,179085,559,417,3,420,9
2020-08-12,Sierra,091,2930,5,4,0,4,0
2020-08-12,Siskiyou,093,43540,116,90,0,90,0
2020-08-12,Solano,095,438530,4904,4258,32,4290,31
2020-08-12,Sonoma,097,501317,4798,3847,14,3861,47
2020-08-12,Stanislaus,099,539301,13651,11682,161,11843,136
2020-08-12,Sutter,101,95872,1114,987,1,988,7
2020-08-12,Tehama,103,63373,338,289,2,291,1
2020-08-12,Trinity,105,12862,34,6,6,12,0
2020-08-12,Tulare,107,460477,13095,11460,41,11501,211
2020-08-12,Tuolumne,109,53932,169,150,4,154,1
2020-08-12,Ventura,111,848112,10045,9005,50,9055,87
2020-08-12,Yolo,113,214977,2172,1921,4,1925,44
2020-08-12,Yuba,115,75493,677,549,1,550,1
2020-08-11,Alameda,001,1643700,16006,13960,116,14076,204
2020-08-11,Alpine,003,1148,2,2,0,2,0
2020-08-11,Amador,005,37829,250,187,0,187,3
2020-08-11,Butte,007,227075,1479,1296,18,1314,15
2020-08-11,Calaveras,009,45235,186,161,0,161,1
2020-08-11,Colusa,011,21464,416,390,0,390,5
2020-08-11,Contra Costa,013,1133247,12393,10012,37,10049,131
2020-08-11,Del Norte,015,27424,100,73,0,73,0
2020-08-11,El Dorado,017,186661,906,786,4,790,2
2020-08-11,Fresno,019,978130,24597,18344,239,18583,187
2020-08-11,Glenn,021,27897,411,380,0,380,1
2020-08-11,Humboldt,023,135768,320,283,1,284,4
2020-08-11,Imperial,025,180216,10786,8518,6,8524,165
2020-08-11,Inyo,027,18085,122,97,2,99,1
2020-08-11,Kern,029,883053,27527,25042,158,25200,230
2020-08-11,Kings,031,150075,5439,4696,31,4727,50
2020-08-11,Lake,033,64148,280,243,0,243,2
2020-08-11,Lassen,035,31185,704,605,2,607,0
2020-08-11,Los Angeles,037,10098052,222522,212421,780,213201,5065
2020-08-11,Madera,039,155013,3370,2673,18,2691,22
2020-08-11,Marin,041,260295,5805,5287,11,5298,44
2020-08-11,Mariposa,043,17540,68,60,0,60,2
2020-08-11,Mendocino,045,87422,478,385,0,385,9
2020-08-11,Merced,047,269075,6977,5322,4,5326,65
2020-08-11,Modoc,049,8938,7,5,0,5,0
2020-08-11,Mono,051,14174,161,124,2,126,1
2020-08-11,Monterey,053,433212,6763,5624,19,5643,36
2020-08-11,Napa,055,140530,1316,1143,2,1145,11
2020-08-11,Nevada,057,99092,392,358,15,373,1
2020-08-11,Orange,059,3164182,46954,41205,974,42179,742
2020-08-11,Placer,061,380077,2689,2393,4,2397,24
2020-08-11,Plumas,063,18699,38,31,0,31,0
2020-08-11,Riverside,065,2383286,49326,44237,51,44288,836
2020-08-11,Sacramento,067,1510023,15348,12298,14,12312,182
2020-08-11,San Benito,069,59416,845,750,0,750,2
2020-08-11,San Bernardino,071,2135413,44755,38467,217,38684,584
2020-08-11,San Diego,073,3302833,35503,33159,120,33279,602
2020-08-11,San Francisco,075,870044,8397,6988,9,6997,66
2020-08-11,San Joaquin,077,732212,16527,13997,22,14019,251
2020-08-11,San Luis Obispo,079,281455,2626,2234,16,2250,15
2020-08-11,San Mateo,081,765935,7490,6339,8,6347,117
2020-08-11,Santa Barbara,083,443738,7496,6942,66,7008,70
2020-08-11,Santa Clara,085,1922200,15608,12920,34,12954,183
2020-08-11,Santa Cruz,087,273765,1562,1352,11,1363,4
2020-08-11,Shasta,089,179085,555,416,3,419,9
2020-08-11,Sierra,091,2930,5,4,0,4,0
2020-08-11,Siskiyou,093,43540,116,90,0,90,0
2020-08-11,Solano,095,438530,4856,4206,31,4237,31
2020-08-11,Sonoma,097,501317,4703,3752,14,3766,45
2020-08-11,Stanislaus,099,539301,13547,11592,149,11741,128
2020-08-11,Sutter,101,95872,1092,964,1,965,7
2020-08-11,Tehama,103,63373,334,289,2,291,1
2020-08-11,Trinity,105,12862,34,5,6,11,0
2020-08-11,Tulare,107,460477,12970,11392,40,11432,201
2020-08-11,Tuolumne,109,53932,164,146,4,150,1
2020-08-11,Ventura,111,848112,9977,8953,49,9002,88
2020-08-11,Yolo,113,214977,2150,1912,4,1916,44
2020-08-11,Yuba,115,75493,666,540,1,541,1
2020-08-10,Alameda,001,1643700,15766,13420,115,13535,203
2020-08-10,Alpine,003,1148,2,2,0,2,0
2020-08-10,Amador,005,37829,249,172,0,172,2
2020-08-10,Butte,007,227075,1455,1174,16,1190,15
2020-08-10,Calaveras,009,45235,175,121,0,121,1
2020-08-10,Colusa,011,21464,414,387,0,387,4
2020-08-10,Contra Costa,013,1133247,12240,9454,35,9489,130
2020-08-10,Del Norte,015,27424,98,69,0,69,0
2020-08-10,El Dorado,017,186661,894,771,4,775,2
2020-08-10,Fresno,019,978130,24316,17978,239,18217,183
2020-08-10,Glenn,021,27897,408,381,0,381,1
2020-08-10,Humboldt,023,135768,314,277,1,278,4
2020-08-10,Imperial,025,180216,10742,8465,6,8471,165
2020-08-10,Inyo,027,18085,122,97,2,99,1
2020-08-10,Kern,029,883053,27301,24499,157,24656,215
2020-08-10,Kings,031,150075,5333,4588,31,4619,50
2020-08-10,Lake,033,64148,273,239,0,239,2
2020-08-10,Lassen,035,31185,704,588,2,590,0
2020-08-10,Los Angeles,037,10098052,220945,211035,762,211797,5003
2020-08-10,Madera,039,155013,3337,2365,17,2382,22
2020-08-10,Marin,041,260295,5760,5242,10,5252,44
2020-08-10,Mariposa,043,17540,68,57,0,57,2
2020-08-10,Mendocino,045,87422,454,364,0,364,1
2020-08-10,Merced,047,269075,6896,4913,4,4917,51
2020-08-10,Modoc,049,8938,7,5,0,5,0
2020-08-10,Mono,051,14174,161,123,2,125,1
2020-08-10,Monterey,053,433212,6653,5358,19,5377,34
2020-08-10,Napa,055,140530,1298,1084,2,1086,8
2020-08-10,Nevada,057,99092,384,356,15,371,1
2020-08-10,Orange,059,3164182,46684,40445,956,41401,721
2020-08-10,Placer,061,380077,2650,2298,4,2302,21
2020-08-10,Plumas,063,18699,38,27,0,27,0
2020-08-10,Riverside,065,2383286,48941,43296,50,43346,830
2020-08-10,Sacramento,067,1510023,15037,12059,14,12073,168
2020-08-10,San Benito,069,59416,832,743,0,743,2
2020-08-10,San Bernardino,071,2135413,44378,37367,208,37575,579
2020-08-10,San Diego,073,3302833,35237,32977,104,33081,594
2020-08-10,San Francisco,075,870044,8307,6816,8,6824,66
2020-08-10,San Joaquin,077,732212,16345,13308,22,13330,240
2020-08-10,San Luis Obispo,079,281455,2527,2208,15,2223,15
2020-08-10,San Mateo,081,765935,7413,6222,8,6230,117
2020-08-10,Santa Barbara,083,443738,7441,6869,66,6935,66
2020-08-10,Santa Clara,085,1922200,15348,12615,33,12648,182
2020-08-10,Santa Cruz,087,273765,1542,1239,10,1249,4
2020-08-10,Shasta,089,179085,551,384,3,387,9
2020-08-10,Sierra,091,2930,5,3,0,3,0
2020-08-10,Siskiyou,093,43540,113,88,0,88,0
2020-08-10,Solano,095,438530,4796,4101,31,4132,31
2020-08-10,Sonoma,097,501317,4534,3640,10,3650,42
2020-08-10,Stanislaus,099,539301,13365,10855,132,10987,106
2020-08-10,Sutter,101,95872,1067,865,1,866,7
2020-08-10,Tehama,103,63373,327,282,2,284,1
2020-08-10,Trinity,105,12862,31,5,6,11,0
2020-08-10,Tulare,107,460477,12797,10750,38,10788,194
2020-08-10,Tuolumne,109,53932,164,143,3,146,1
2020-08-10,Ventura,111,848112,9893,8851,48,8899,85
2020-08-10,Yolo,113,214977,2127,1840,4,1844,45
2020-08-10,Yuba,115,75493,649,527,1,528,1
2020-08-09,Alameda,001,1643700,15485,13241,113,13354,203
2020-08-09,Alpine,003,1148,2,2,0,2,0
2020-08-09,Amador,005,37829,244,153,0,153,2
2020-08-09,Butte,007,227075,1411,1155,16,1171,15
2020-08-09,Calaveras,009,45235,170,122,0,122,1
2020-08-09,Colusa,011,21464,410,371,0,371,4
2020-08-09,Contra Costa,013,1133247,12013,9214,34,9248,130
2020-08-09,Del Norte,015,27424,98,69,0,69,0
2020-08-09,El Dorado,017,186661,886,748,4,752,2
2020-08-09,Fresno,019,978130,24007,17846,235,18081,183
2020-08-09,Glenn,021,27897,406,354,0,354,1
2020-08-09,Humboldt,023,135768,308,279,1,280,4
2020-08-09,Imperial,025,180216,10699,8310,5,8315,165
2020-08-09,Inyo,027,18085,117,86,1,87,1
2020-08-09,Kern,029,883053,27045,23680,157,23837,215
2020-08-09,Kings,031,150075,5290,4446,30,4476,50
2020-08-09,Lake,033,64148,266,225,0,225,2
2020-08-09,Lassen,035,31185,698,589,2,591,0
2020-08-09,Los Angeles,037,10098052,218883,208810,740,209550,4984
2020-08-09,Madera,039,155013,3278,2322,13,2335,22
2020-08-09,Marin,041,260295,5717,5204,10,5214,44
2020-08-09,Mariposa,043,17540,66,56,0,56,2
2020-08-09,Mendocino,045,87422,444,283,0,283,1
2020-08-09,Merced,047,269075,6799,4735,3,4738,51
2020-08-09,Modoc,049,8938,7,4,0,4,0
2020-08-09,Mono,051,14174,160,113,2,115,1
2020-08-09,Monterey,053,433212,6529,5199,19,5218,34
2020-08-09,Napa,055,140530,1279,1062,2,1064,8
2020-08-09,Nevada,057,99092,376,332,15,347,1
2020-08-09,Orange,059,3164182,46385,39244,941,40185,722
2020-08-09,Placer,061,380077,2621,2211,4,2215,20
2020-08-09,Plumas,063,18699,38,27,0,27,0
2020-08-09,Riverside,065,2383286,48596,41894,50,41944,828
2020-08-09,Sacramento,067,1510023,14757,11301,14,11315,167
2020-08-09,San Benito,069,59416,813,687,0,687,2
2020-08-09,San Bernardino,071,2135413,43899,36092,208,36300,579
2020-08-09,San Diego,073,3302833,34946,32749,93,32842,594
2020-08-09,San Francisco,075,870044,8192,6820,8,6828,66
2020-08-09,San Joaquin,077,732212,16141,12933,21,12954,240
2020-08-09,San Luis Obispo,079,281455,2491,2124,15,2139,15
2020-08-09,San Mateo,081,765935,7318,6094,8,6102,117
2020-08-09,Santa Barbara,083,443738,7353,6669,66,6735,66
2020-08-09,Santa Clara,085,1922200,15077,11878,33,11911,181
2020-08-09,Santa Cruz,087,273765,1518,1246,10,1256,4
2020-08-09,Shasta,089,179085,547,361,3,364,9
2020-08-09,Sierra,091,2930,5,3,0,3,0
2020-08-09,Siskiyou,093,43540,112,74,0,74,0
2020-08-09,Solano,095,438530,4743,3954,30,3984,31
2020-08-09,Sonoma,097,501317,4398,3531,8,3539,41
2020-08-09,Stanislaus,099,539301,13157,10264,119,10383,106
2020-08-09,Sutter,101,95872,1033,857,1,858,7
2020-08-09,Tehama,103,63373,319,265,2,267,1
2020-08-09,Trinity,105,12862,31,5,6,11,0
2020-08-09,Tulare,107,460477,12606,10630,35,10665,194
2020-08-09,Tuolumne,109,53932,161,143,3,146,1
2020-08-09,Ventura,111,848112,9745,8633,47,8680,85
2020-08-09,Yolo,113,214977,2096,1765,4,1769,44
2020-08-09,Yuba,115,75493,629,442,1,443,1
2020-08-08,Alameda,001,1643700,15375,13087,113,13200,204
2020-08-08,Alpine,003,1148,2,2,0,2,0
2020-08-08,Amador,005,37829,244,139,0,139,2
2020-08-08,Butte,007,227075,1393,1140,16,1156,15
2020-08-08,Calaveras,009,45235,169,122,0,122,1
2020-08-08,Colusa,011,21464,409,368,0,368,4
2020-08-08,Contra Costa,013,1133247,11904,9104,34,9138,129
2020-08-08,Del Norte,015,27424,97,69,0,69,0
2020-08-08,El Dorado,017,186661,879,734,4,738,2
2020-08-08,Fresno,019,978130,23870,17538,233,17771,183
2020-08-08,Glenn,021,27897,406,344,0,344,1
2020-08-08,Humboldt,023,135768,305,277,1,278,4
2020-08-08,Imperial,025,180216,10684,8213,5,8218,165
2020-08-08,Inyo,027,18085,113,86,1,87,1
2020-08-08,Kern,029,883053,26931,22803,157,22960,215
2020-08-08,Kings,031,150075,5276,4367,30,4397,49
2020-08-08,Lake,033,64148,264,221,0,221,2
2020-08-08,Lassen,035,31185,698,589,2,591,0
2020-08-08,Los Angeles,037,10098052,217998,206971,729,207700,4974
2020-08-08,Madera,039,155013,3247,2275,13,2288,22
2020-08-08,Marin,041,260295,5697,5118,10,5128,44
2020-08-08,Mariposa,043,17540,65,55,0,55,2
2020-08-08,Mendocino,045,87422,442,264,0,264,1
2020-08-08,Merced,047,269075,6759,4570,3,4573,51
2020-08-08,Modoc,049,8938,7,4,0,4,0
2020-08-08,Mono,051,14174,160,113,2,115,1
2020-08-08,Monterey,053,433212,6471,5101,19,5120,33
2020-08-08,Napa,055,140530,1271,1062,2,1064,8
2020-08-08,Nevada,057,99092,374,325,15,340,1
2020-08-08,Orange,059,3164182,46255,38688,932,39620,718
2020-08-08,Placer,061,380077,2604,2153,4,2157,20
2020-08-08,Plumas,063,18699,38,27,0,27,0
2020-08-08,Riverside,065,2383286,48392,41412,50,41462,823
2020-08-08,Sacramento,067,1510023,14628,11144,14,11158,166
2020-08-08,San Benito,069,59416,805,684,0,684,2
2020-08-08,San Bernardino,071,2135413,43704,35691,207,35898,531
2020-08-08,San Diego,073,3302833,34757,32332,84,32416,593
2020-08-08,San Francisco,075,870044,8126,6820,8,6828,66
2020-08-08,San Joaquin,077,732212,16060,12559,20,12579,240
2020-08-08,San Luis Obispo,079,281455,2468,2081,15,2096,15
2020-08-08,San Mateo,081,765935,7260,6021,8,6029,117
2020-08-08,Santa Barbara,083,443738,7315,6598,66,6664,66
2020-08-08,Santa Clara,085,1922200,14925,11615,33,11648,181
2020-08-08,Santa Cruz,087,273765,1504,1247,10,1257,4
2020-08-08,Shasta,089,179085,545,343,3,346,9
2020-08-08,Sierra,091,2930,5,3,0,3,0
2020-08-08,Siskiyou,093,43540,112,73,0,73,0
2020-08-08,Solano,095,438530,4722,3889,29,3918,31
2020-08-08,Sonoma,097,501317,4367,3399,8,3407,41
2020-08-08,Stanislaus,099,539301,13082,9963,114,10077,105
2020-08-08,Sutter,101,95872,1023,830,1,831,7
2020-08-08,Tehama,103,63373,318,251,2,253,1
2020-08-08,Trinity,105,12862,31,5,6,11,0
2020-08-08,Tulare,107,460477,12531,10505,35,10540,192
2020-08-08,Tuolumne,109,53932,161,143,3,146,1
2020-08-08,Ventura,111,848112,9690,8462,46,8508,85
2020-08-08,Yolo,113,214977,2083,1725,4,1729,44
2020-08-08,Yuba,115,75493,620,430,1,431,1
2020-08-07,Alameda,001,1643700,15265,12805,113,12918,204
2020-08-07,Alpine,003,1148,2,2,0,2,0
2020-08-07,Amador,005,37829,242,125,0,125,2
2020-08-07,Butte,007,227075,1375,1092,16,1108,13
2020-08-07,Calaveras,009,45235,169,119,0,119,1
2020-08-07,Colusa,011,21464,408,358,0,358,4
2020-08-07,Contra Costa,013,1133247,11756,8810,34,8844,126
2020-08-07,Del Norte,015,27424,97,69,0,69,0
2020-08-07,El Dorado,017,186661,874,724,4,728,2
2020-08-07,Fresno,019,978130,23710,17290,233,17523,171
2020-08-07,Glenn,021,27897,405,339,0,339,1
2020-08-07,Humboldt,023,135768,301,274,1,275,4
2020-08-07,Imperial,025,180216,10659,8085,5,8090,164
2020-08-07,Inyo,027,18085,112,81,1,82,1
2020-08-07,Kern,029,883053,26805,22143,154,22297,206
2020-08-07,Kings,031,150075,5259,4315,30,4345,48
2020-08-07,Lake,033,64148,262,215,0,215,1
2020-08-07,Lassen,035,31185,697,588,2,590,0
2020-08-07,Los Angeles,037,10098052,216531,204406,717,205123,4924
2020-08-07,Madera,039,155013,3215,2245,13,2258,20
2020-08-07,Marin,041,260295,5668,5094,10,5104,43
2020-08-07,Mariposa,043,17540,65,53,0,53,2
2020-08-07,Mendocino,045,87422,428,262,0,262,1
2020-08-07,Merced,047,269075,6716,4358,3,4361,30
2020-08-07,Modoc,049,8938,7,4,0,4,0
2020-08-07,Mono,051,14174,160,112,2,114,1
2020-08-07,Monterey,053,433212,6396,5041,19,5060,33
2020-08-07,Napa,055,140530,1266,1055,2,1057,8
2020-08-07,Nevada,057,99092,371,324,15,339,1
2020-08-07,Orange,059,3164182,46043,38459,915,39374,701
2020-08-07,Placer,061,380077,2586,2078,4,2082,20
2020-08-07,Plumas,063,18699,38,25,0,25,0
2020-08-07,Riverside,065,2383286,48128,40902,49,40951,810
2020-08-07,Sacramento,067,1510023,14483,10798,14,10812,160
2020-08-07,San Benito,069,59416,799,647,0,647,2
2020-08-07,San Bernardino,071,2135413,43457,35200,206,35406,524
2020-08-07,San Diego,073,3302833,34572,31781,81,31862,586
2020-08-07,San Francisco,075,870044,8048,6765,8,6773,66
2020-08-07,San Joaquin,077,732212,15975,12392,20,12412,223
2020-08-07,San Luis Obispo,079,281455,2437,2050,15,2065,14
2020-08-07,San Mateo,081,765935,7200,5948,8,5956,117
2020-08-07,Santa Barbara,083,443738,7264,6509,66,6575,66
2020-08-07,Santa Clara,085,1922200,14726,11409,33,11442,180
2020-08-07,Santa Cruz,087,273765,1486,1234,10,1244,5
2020-08-07,Shasta,089,179085,540,342,3,345,9
2020-08-07,Sierra,091,2930,5,3,0,3,0
2020-08-07,Siskiyou,093,43540,109,73,0,73,0
2020-08-07,Solano,095,438530,4690,3844,28,3872,31
2020-08-07,Sonoma,097,501317,4303,3329,8,3337,34
2020-08-07,Stanislaus,099,539301,12960,9665,104,9769,98
2020-08-07,Sutter,101,95872,1019,807,1,808,6
2020-08-07,Tehama,103,63373,314,246,2,248,1
2020-08-07,Trinity,105,12862,30,5,6,11,0
2020-08-07,Tulare,107,460477,12454,10292,35,10327,195
2020-08-07,Tuolumne,109,53932,160,136,3,139,1
2020-08-07,Ventura,111,848112,9630,8356,44,8400,84
2020-08-07,Yolo,113,214977,2056,1689,4,1693,37
2020-08-07,Yuba,115,75493,615,413,1,414,1
2020-08-06,Alameda,001,1643700,15043,12474,112,12586,200
2020-08-06,Alpine,003,1148,2,2,0,2,0
2020-08-06,Amador,005,37829,228,125,0,125,0
2020-08-06,Butte,007,227075,1356,1060,16,1076,13
2020-08-06,Calaveras,009,45235,166,117,0,117,1
2020-08-06,Colusa,011,21464,405,358,0,358,3
2020-08-06,Contra Costa,013,1133247,11562,8583,33,8616,124
2020-08-06,Del Norte,015,27424,97,69,0,69,0
2020-08-06,El Dorado,017,186661,863,703,4,707,1
2020-08-06,Fresno,019,978130,23412,17031,226,17257,161
2020-08-06,Glenn,021,27897,400,332,0,332,1
2020-08-06,Humboldt,023,135768,296,266,1,267,4
2020-08-06,Imperial,025,180216,10616,8064,5,8069,163
2020-08-06,Inyo,027,18085,104,83,1,84,1
2020-08-06,Kern,029,883053,26569,21843,153,21996,197
2020-08-06,Kings,031,150075,5197,4264,29,4293,47
2020-08-06,Lake,033,64148,259,209,0,209,1
2020-08-06,Lassen,035,31185,695,588,2,590,0
2020-08-06,Los Angeles,037,10098052,214459,201372,701,202073,4874
2020-08-06,Madera,039,155013,3167,2240,12,2252,19
2020-08-06,Marin,041,260295,5636,5058,10,5068,43
2020-08-06,Mariposa,043,17540,64,52,0,52,2
2020-08-06,Mendocino,045,87422,414,260,0,260,1
2020-08-06,Merced,047,269075,6614,4235,3,4238,30
2020-08-06,Modoc,049,8938,7,4,0,4,0
2020-08-06,Mono,051,14174,159,111,2,113,1
2020-08-06,Monterey,053,433212,6287,5001,18,5019,33
2020-08-06,Napa,055,140530,1252,1032,2,1034,8
2020-08-06,Nevada,057,99092,366,321,15,336,1
2020-08-06,Orange,059,3164182,45751,38399,910,39309,694
2020-08-06,Placer,061,380077,2560,2045,4,2049,20
2020-08-06,Plumas,063,18699,37,25,0,25,0
2020-08-06,Riverside,065,2383286,47734,40269,49,40318,781
2020-08-06,Sacramento,067,1510023,14254,10548,14,10562,153
2020-08-06,San Benito,069,59416,791,626,0,626,2
2020-08-06,San Bernardino,071,2135413,43052,34819,204,35023,516
2020-08-06,San Diego,073,3302833,34305,31129,74,31203,583
2020-08-06,San Francisco,075,870044,7955,6737,7,6744,60
2020-08-06,San Joaquin,077,732212,15815,12269,20,12289,203
2020-08-06,San Luis Obispo,079,281455,2413,2000,14,2014,13
2020-08-06,San Mateo,081,765935,7100,5885,8,5893,117
2020-08-06,Santa Barbara,083,443738,7204,6620,66,6686,65
2020-08-06,Santa Clara,085,1922200,14497,11280,33,11313,178
2020-08-06,Santa Cruz,087,273765,1465,1215,10,1225,4
2020-08-06,Shasta,089,179085,531,343,3,346,9
2020-08-06,Sierra,091,2930,5,3,0,3,0
2020-08-06,Siskiyou,093,43540,109,73,0,73,0
2020-08-06,Solano,095,438530,4646,3784,28,3812,29
2020-08-06,Sonoma,097,501317,4239,3259,8,3267,33
2020-08-06,Stanislaus,099,539301,12810,9566,88,9654,98
2020-08-06,Sutter,101,95872,988,797,1,798,6
2020-08-06,Tehama,103,63373,311,242,2,244,1
2020-08-06,Trinity,105,12862,27,5,6,11,0
2020-08-06,Tulare,107,460477,12294,10169,35,10204,195
2020-08-06,Tuolumne,109,53932,159,136,3,139,1
2020-08-06,Ventura,111,848112,9515,8245,41,8286,80
2020-08-06,Yolo,113,214977,2032,1662,4,1666,36
2020-08-06,Yuba,115,75493,606,407,0,407,1
2020-08-05,Alameda,001,1643700,14829,12140,112,12252,193
2020-08-05,Alpine,003,1148,2,2,0,2,0
2020-08-05,Amador,005,37829,218,123,0,123,0
2020-08-05,Butte,007,227075,1322,1038,15,1053,13
2020-08-05,Calaveras,009,45235,163,116,0,116,1
2020-08-05,Colusa,011,21464,401,354,0,354,3
2020-08-05,Contra Costa,013,1133247,11393,8362,33,8395,122
2020-08-05,Del Norte,015,27424,96,69,0,69,0
2020-08-05,El Dorado,017,186661,855,692,4,696,1
2020-08-05,Fresno,019,978130,23168,16625,221,16846,159
2020-08-05,Glenn,021,27897,397,330,0,330,1
2020-08-05,Humboldt,023,135768,294,249,1,250,4
2020-08-05,Imperial,025,180216,10581,8036,5,8041,163
2020-08-05,Inyo,027,18085,102,62,1,63,1
2020-08-05,Kern,029,883053,26381,21540,148,21688,194
2020-08-05,Kings,031,150075,5152,4192,27,4219,47
2020-08-05,Lake,033,64148,252,209,0,209,1
2020-08-05,Lassen,035,31185,648,557,2,559,0
2020-08-05,Los Angeles,037,10098052,212540,198355,681,199036,4832
2020-08-05,Madera,039,155013,3125,2172,12,2184,19
2020-08-05,Marin,041,260295,5604,5036,10,5046,43
2020-08-05,Mariposa,043,17540,64,52,0,52,2
2020-08-05,Mendocino,045,87422,402,248,0,248,1
2020-08-05,Merced,047,269075,6479,4119,3,4122,30
2020-08-05,Modoc,049,8938,7,3,0,3,0
2020-08-05,Mono,051,14174,159,104,2,106,1
2020-08-05,Monterey,053,433212,6172,4936,18,4954,32
2020-08-05,Napa,055,140530,1240,1020,2,1022,8
2020-08-05,Nevada,057,99092,357,327,15,342,2
2020-08-05,Orange,059,3164182,45442,37907,902,38809,663
2020-08-05,Placer,061,380077,2519,1989,4,1993,18
2020-08-05,Plumas,063,18699,36,25,0,25,0
2020-08-05,Riverside,065,2383286,47342,39454,47,39501,761
2020-08-05,Sacramento,067,1510023,14035,10261,13,10274,151
2020-08-05,San Benito,069,59416,782,613,0,613,2
2020-08-05,San Bernardino,071,2135413,42590,34442,199,34641,504
2020-08-05,San Diego,073,3302833,34081,30866,58,30924,578
2020-08-05,San Francisco,075,870044,7862,6701,7,6708,60
2020-08-05,San Joaquin,077,732212,15652,12148,20,12168,199
2020-08-05,San Luis Obispo,079,281455,2389,1928,14,1942,13
2020-08-05,San Mateo,081,765935,7004,5695,8,5703,116
2020-08-05,Santa Barbara,083,443738,7144,6597,66,6663,63
2020-08-05,Santa Clara,085,1922200,14263,11074,33,11107,176
2020-08-05,Santa Cruz,087,273765,1445,1192,8,1200,4
2020-08-05,Shasta,089,179085,525,338,3,341,9
2020-08-05,Sierra,091,2930,5,3,0,3,0
2020-08-05,Siskiyou,093,43540,105,72,0,72,0
2020-08-05,Solano,095,438530,4595,3750,27,3777,29
2020-08-05,Sonoma,097,501317,4156,3173,8,3181,33
2020-08-05,Stanislaus,099,539301,12651,9408,83,9491,97
2020-08-05,Sutter,101,95872,977,780,1,781,6
2020-08-05,Tehama,103,63373,308,231,2,233,1
2020-08-05,Trinity,105,12862,27,5,6,11,0
2020-08-05,Tulare,107,460477,12153,9924,35,9959,192
2020-08-05,Tuolumne,109,53932,159,137,3,140,0
2020-08-05,Ventura,111,848112,9399,8162,37,8199,75
2020-08-05,Yolo,113,214977,2004,1634,4,1638,36
2020-08-05,Yuba,115,75493,589,400,0,400,1
2020-08-04,Alameda,001,1643700,14612,11983,111,12094,192
2020-08-04,Alpine,003,1148,2,2,0,2,0
2020-08-04,Amador,005,37829,203,123,0,123,0
2020-08-04,Butte,007,227075,1298,1011,15,1026,10
2020-08-04,Calaveras,009,45235,159,116,0,116,1
2020-08-04,Colusa,011,21464,396,354,0,354,3
2020-08-04,Contra Costa,013,1133247,11226,8210,33,8243,122
2020-08-04,Del Norte,015,27424,94,69,0,69,0
2020-08-04,El Dorado,017,186661,845,668,4,672,1
2020-08-04,Fresno,019,978130,22883,16272,214,16486,154
2020-08-04,Glenn,021,27897,396,325,0,325,1
2020-08-04,Humboldt,023,135768,284,241,1,242,4
2020-08-04,Imperial,025,180216,10544,7974,5,7979,163
2020-08-04,Inyo,027,18085,88,59,1,60,1
2020-08-04,Kern,029,883053,26098,21403,148,21551,190
2020-08-04,Kings,031,150075,5087,4163,27,4190,47
2020-08-04,Lake,033,64148,252,206,0,206,1
2020-08-04,Lassen,035,31185,645,556,2,558,0
2020-08-04,Los Angeles,037,10098052,210602,196014,653,196667,4764
2020-08-04,Madera,039,155013,3082,2161,8,2169,19
2020-08-04,Marin,041,260295,5573,5020,9,5029,43
2020-08-04,Mariposa,043,17540,64,51,0,51,2
2020-08-04,Mendocino,045,87422,377,248,0,248,1
2020-08-04,Merced,047,269075,6365,4085,3,4088,30
2020-08-04,Modoc,049,8938,7,3,0,3,0
2020-08-04,Mono,051,14174,158,104,1,105,1
2020-08-04,Monterey,053,433212,6058,4892,18,4910,32
2020-08-04,Napa,055,140530,1227,994,0,994,8
2020-08-04,Nevada,057,99092,356,322,15,337,2
2020-08-04,Orange,059,3164182,45066,37844,895,38739,659
2020-08-04,Placer,061,380077,2482,1964,4,1968,17
2020-08-04,Plumas,063,18699,36,25,0,25,0
2020-08-04,Riverside,065,2383286,46957,38991,46,39037,743
2020-08-04,Sacramento,067,1510023,13817,10205,13,10218,146
2020-08-04,San Benito,069,59416,766,608,0,608,2
2020-08-04,San Bernardino,071,2135413,42040,34215,194,34409,495
2020-08-04,San Diego,073,3302833,33788,30518,46,30564,568
2020-08-04,San Francisco,075,870044,7774,6568,7,6575,60
2020-08-04,San Joaquin,077,732212,15523,12087,17,12104,189
2020-08-04,San Luis Obispo,079,281455,2359,1886,14,1900,13
2020-08-04,San Mateo,081,765935,6898,5690,8,5698,116
2020-08-04,Santa Barbara,083,443738,7084,6591,66,6657,61
2020-08-04,Santa Clara,085,1922200,13962,10986,32,11018,175
2020-08-04,Santa Cruz,087,273765,1426,1202,8,1210,4
2020-08-04,Shasta,089,179085,519,335,3,338,9
2020-08-04,Sierra,091,2930,5,1,0,1,0
2020-08-04,Siskiyou,093,43540,103,71,0,71,0
2020-08-04,Solano,095,438530,4524,3690,27,3717,29
2020-08-04,Sonoma,097,501317,4089,3108,8,3116,33
2020-08-04,Stanislaus,099,539301,12482,9359,75,9434,97
2020-08-04,Sutter,101,95872,963,761,1,762,6
2020-08-04,Tehama,103,63373,301,226,2,228,1
2020-08-04,Trinity,105,12862,27,5,6,11,0
2020-08-04,Tulare,107,460477,11973,9866,35,9901,192
2020-08-04,Tuolumne,109,53932,158,127,3,130,0
2020-08-04,Ventura,111,848112,9285,8134,35,8169,75
2020-08-04,Yolo,113,214977,1978,1626,4,1630,37
2020-08-04,Yuba,115,75493,574,398,0,398,1
2020-08-03,Alameda,001,1643700,14429,11817,107,11924,189
2020-08-03,Alpine,003,1148,2,2,0,2,0
2020-08-03,Amador,005,37829,199,119,0,119,0
2020-08-03,Butte,007,227075,1252,989,14,1003,9
2020-08-03,Calaveras,009,45235,156,117,0,117,1
2020-08-03,Colusa,011,21464,392,336,0,336,2
2020-08-03,Contra Costa,013,1133247,11029,8069,30,8099,120
2020-08-03,Del Norte,015,27424,90,68,0,68,0
2020-08-03,El Dorado,017,186661,834,645,4,649,1
2020-08-03,Fresno,019,978130,22589,15945,208,16153,151
2020-08-03,Glenn,021,27897,389,316,0,316,1
2020-08-03,Humboldt,023,135768,277,234,1,235,4
2020-08-03,Imperial,025,180216,10489,7953,5,7958,161
2020-08-03,Inyo,027,18085,85,57,1,58,1
2020-08-03,Kern,029,883053,25731,21285,141,21426,176
2020-08-03,Kings,031,150075,4975,4107,26,4133,47
2020-08-03,Lake,033,64148,245,201,0,201,1
2020-08-03,Lassen,035,31185,645,555,2,557,0
2020-08-03,Los Angeles,037,10098052,208567,194103,623,194726,4706
2020-08-03,Madera,039,155013,3033,2143,7,2150,18
2020-08-03,Marin,041,260295,5526,5001,9,5010,43
2020-08-03,Mariposa,043,17540,63,52,0,52,2
2020-08-03,Mendocino,045,87422,354,248,0,248,1
2020-08-03,Merced,047,269075,6243,4028,3,4031,29
2020-08-03,Modoc,049,8938,7,2,0,2,0
2020-08-03,Mono,051,14174,158,104,1,105,1
2020-08-03,Monterey,053,433212,5907,4806,15,4821,28
2020-08-03,Napa,055,140530,1213,973,0,973,8
2020-08-03,Nevada,057,99092,352,315,15,330,2
2020-08-03,Orange,059,3164182,44672,37705,885,38590,651
2020-08-03,Placer,061,380077,2426,1947,3,1950,16
2020-08-03,Plumas,063,18699,36,25,0,25,0
2020-08-03,Riverside,065,2383286,46489,38642,46,38688,740
2020-08-03,Sacramento,067,1510023,13622,10143,13,10156,142
2020-08-03,San Benito,069,59416,754,603,0,603,2
2020-08-03,San Bernardino,071,2135413,41515,33979,188,34167,444
2020-08-03,San Diego,073,3302833,33474,30228,36,30264,565
2020-08-03,San Francisco,075,870044,7680,6319,7,6326,60
2020-08-03,San Joaquin,077,732212,15327,12007,16,12023,189
2020-08-03,San Luis Obispo,079,281455,2317,1863,11,1874,14
2020-08-03,San Mateo,081,765935,6817,5661,8,5669,115
2020-08-03,Santa Barbara,083,443738,7040,6580,66,6646,59
2020-08-03,Santa Clara,085,1922200,13686,10747,32,10779,172
2020-08-03,Santa Cruz,087,273765,1406,1154,8,1162,4
2020-08-03,Shasta,089,179085,512,322,3,325,9
2020-08-03,Sierra,091,2930,5,1,0,1,0
2020-08-03,Siskiyou,093,43540,99,67,0,67,0
2020-08-03,Solano,095,438530,4455,3610,26,3636,29
2020-08-03,Sonoma,097,501317,3988,3079,7,3086,33
2020-08-03,Stanislaus,099,539301,12273,9308,67,9375,96
2020-08-03,Sutter,101,95872,939,713,1,714,6
2020-08-03,Tehama,103,63373,293,225,2,227,1
2020-08-03,Trinity,105,12862,27,5,6,11,0
2020-08-03,Tulare,107,460477,11789,9703,35,9738,188
2020-08-03,Tuolumne,109,53932,158,123,3,126,0
2020-08-03,Ventura,111,848112,9194,8084,32,8116,74
2020-08-03,Yolo,113,214977,1943,1598,3,1601,37
2020-08-03,Yuba,115,75493,550,393,0,393,1
2020-08-02,Alameda,001,1643700,14183,11696,95,11791,188
2020-08-02,Alpine,003,1148,2,2,0,2,0
2020-08-02,Amador,005,37829,194,117,0,117,0
2020-08-02,Butte,007,227075,1217,987,14,1001,9
2020-08-02,Calaveras,009,45235,153,116,0,116,1
2020-08-02,Colusa,011,21464,387,335,0,335,2
2020-08-02,Contra Costa,013,1133247,10790,7995,30,8025,118
2020-08-02,Del Norte,015,27424,89,68,0,68,0
2020-08-02,El Dorado,017,186661,824,643,4,647,1
2020-08-02,Fresno,019,978130,22314,15759,202,15961,151
2020-08-02,Glenn,021,27897,388,315,0,315,1
2020-08-02,Humboldt,023,135768,272,232,1,233,4
2020-08-02,Imperial,025,180216,10426,7919,5,7924,157
2020-08-02,Inyo,027,18085,84,45,1,46,1
2020-08-02,Kern,029,883053,25433,21162,139,21301,176
2020-08-02,Kings,031,150075,4913,3964,25,3989,47
2020-08-02,Lake,033,64148,240,201,0,201,1
2020-08-02,Lassen,035,31185,645,555,2,557,0
2020-08-02,Los Angeles,037,10098052,206479,192480,605,193085,4698
2020-08-02,Madera,039,155013,2967,2123,5,2128,18
2020-08-02,Marin,041,260295,5491,4985,9,4994,43
2020-08-02,Mariposa,043,17540,61,52,0,52,2
2020-08-02,Mendocino,045,87422,344,247,0,247,1
2020-08-02,Merced,047,269075,6101,4011,3,4014,29
2020-08-02,Modoc,049,8938,7,2,0,2,0
2020-08-02,Mono,051,14174,151,104,1,105,1
2020-08-02,Monterey,053,433212,5781,4698,15,4713,28
2020-08-02,Napa,055,140530,1198,956,0,956,8
2020-08-02,Nevada,057,99092,349,314,15,329,2
2020-08-02,Orange,059,3164182,44291,37266,874,38140,651
2020-08-02,Placer,061,380077,2387,1920,3,1923,15
2020-08-02,Plumas,063,18699,36,25,0,25,0
2020-08-02,Riverside,065,2383286,46056,38507,45,38552,735
2020-08-02,Sacramento,067,1510023,13343,10099,13,10112,142
2020-08-02,San Benito,069,59416,740,599,0,599,2
2020-08-02,San Bernardino,071,2135413,40913,33643,184,33827,443
2020-08-02,San Diego,073,3302833,33134,29885,27,29912,565
2020-08-02,San Francisco,075,870044,7562,6297,7,6304,60
2020-08-02,San Joaquin,077,732212,15041,11937,14,11951,189
2020-08-02,San Luis Obispo,079,281455,2254,1821,11,1832,14
2020-08-02,San Mateo,081,765935,6702,5618,8,5626,115
2020-08-02,Santa Barbara,083,443738,6950,6532,66,6598,59
2020-08-02,Santa Clara,085,1922200,13467,10577,32,10609,172
2020-08-02,Santa Cruz,087,273765,1386,1162,8,1170,4
2020-08-02,Shasta,089,179085,508,318,3,321,9
2020-08-02,Sierra,091,2930,4,1,0,1,0
2020-08-02,Siskiyou,093,43540,99,65,0,65,0
2020-08-02,Solano,095,438530,4397,3609,26,3635,29
2020-08-02,Sonoma,097,501317,3904,3005,7,3012,33
2020-08-02,Stanislaus,099,539301,12058,9277,62,9339,96
2020-08-02,Sutter,101,95872,904,714,1,715,6
2020-08-02,Tehama,103,63373,287,222,2,224,1
2020-08-02,Trinity,105,12862,27,5,6,11,0
2020-08-02,Tulare,107,460477,11580,9593,35,9628,188
2020-08-02,Tuolumne,109,53932,155,123,3,126,0
2020-08-02,Ventura,111,848112,9047,8014,32,8046,73
2020-08-02,Yolo,113,214977,1918,1588,3,1591,37
2020-08-02,Yuba,115,75493,530,393,0,393,1
2020-08-01,Alameda,001,1643700,14071,11590,95,11685,188
2020-08-01,Alpine,003,1148,2,2,0,2,0
2020-08-01,Amador,005,37829,190,109,0,109,0
2020-08-01,Butte,007,227075,1203,976,14,990,9
2020-08-01,Calaveras,009,45235,149,116,0,116,1
2020-08-01,Colusa,011,21464,386,327,0,327,2
2020-08-01,Contra Costa,013,1133247,10657,7867,29,7896,116
2020-08-01,Del Norte,015,27424,89,68,0,68,0
2020-08-01,El Dorado,017,186661,821,637,4,641,1
2020-08-01,Fresno,019,978130,22177,15448,202,15650,149
2020-08-01,Glenn,021,27897,387,311,0,311,1
2020-08-01,Humboldt,023,135768,271,232,1,233,4
2020-08-01,Imperial,025,180216,10390,7919,5,7924,156
2020-08-01,Inyo,027,18085,82,45,1,46,1
2020-08-01,Kern,029,883053,25275,20796,135,20931,176
2020-08-01,Kings,031,150075,4887,3948,25,3973,47
2020-08-01,Lake,033,64148,238,194,0,194,1
2020-08-01,Lassen,035,31185,644,555,2,557,0
2020-08-01,Los Angeles,037,10098052,205586,191023,578,191601,4674
2020-08-01,Madera,039,155013,2928,2103,5,2108,18
2020-08-01,Marin,041,260295,5476,4945,9,4954,43
2020-08-01,Mariposa,043,17540,61,50,0,50,2
2020-08-01,Mendocino,045,87422,337,243,0,243,1
2020-08-01,Merced,047,269075,6053,3972,3,3975,29
2020-08-01,Modoc,049,8938,7,2,0,2,0
2020-08-01,Mono,051,14174,150,104,1,105,1
2020-08-01,Monterey,053,433212,5714,4611,14,4625,28
2020-08-01,Napa,055,140530,1189,923,0,923,8
2020-08-01,Nevada,057,99092,345,305,15,320,2
2020-08-01,Orange,059,3164182,44064,36703,868,37571,648
2020-08-01,Placer,061,380077,2353,1891,3,1894,14
2020-08-01,Plumas,063,18699,35,25,0,25,0
2020-08-01,Riverside,065,2383286,45844,38216,43,38259,704
2020-08-01,Sacramento,067,1510023,13192,10044,13,10057,141
2020-08-01,San Benito,069,59416,729,579,0,579,2
2020-08-01,San Bernardino,071,2135413,40677,32947,183,33130,440
2020-08-01,San Diego,073,3302833,32917,29579,19,29598,565
2020-08-01,San Francisco,075,870044,7500,6296,7,6303,60
2020-08-01,San Joaquin,077,732212,14968,11807,13,11820,189
2020-08-01,San Luis Obispo,079,281455,2225,1798,11,1809,13
2020-08-01,San Mateo,081,765935,6648,5520,8,5528,115
2020-08-01,Santa Barbara,083,443738,6910,6465,66,6531,59
2020-08-01,Santa Clara,085,1922200,13316,10281,31,10312,171
2020-08-01,Santa Cruz,087,273765,1370,1164,8,1172,4
2020-08-01,Shasta,089,179085,503,312,3,315,9
2020-08-01,Sierra,091,2930,3,1,0,1,0
2020-08-01,Siskiyou,093,43540,99,64,0,64,0
2020-08-01,Solano,095,438530,4363,3591,25,3616,29
2020-08-01,Sonoma,097,501317,3858,2890,7,2897,29
2020-08-01,Stanislaus,099,539301,11940,9221,54,9275,96
2020-08-01,Sutter,101,95872,900,714,1,715,6
2020-08-01,Tehama,103,63373,284,220,2,222,1
2020-08-01,Trinity,105,12862,27,5,6,11,0
2020-08-01,Tulare,107,460477,11512,9520,35,9555,188
2020-08-01,Tuolumne,109,53932,155,123,3,126,0
2020-08-01,Ventura,111,848112,9001,7819,32,7851,73
2020-08-01,Yolo,113,214977,1908,1557,3,1560,37
2020-08-01,Yuba,115,75493,525,387,0,387,1
2020-07-31,Alameda,001,1643700,13941,11441,95,11536,187
2020-07-31,Alpine,003,1148,2,2,0,2,0
2020-07-31,Amador,005,37829,189,98,0,98,0
2020-07-31,Butte,007,227075,1180,925,14,939,7
2020-07-31,Calaveras,009,45235,149,112,0,112,1
2020-07-31,Colusa,011,21464,376,319,0,319,2
2020-07-31,Contra Costa,013,1133247,10509,7697,28,7725,113
2020-07-31,Del Norte,015,27424,88,68,0,68,0
2020-07-31,El Dorado,017,186661,810,616,4,620,1
2020-07-31,Fresno,019,978130,21957,15083,202,15285,133
2020-07-31,Glenn,021,27897,380,304,0,304,1
2020-07-31,Humboldt,023,135768,264,229,1,230,4
2020-07-31,Imperial,025,180216,10358,7886,5,7891,155
2020-07-31,Inyo,027,18085,72,45,1,46,1
2020-07-31,Kern,029,883053,25034,20061,131,20192,173
2020-07-31,Kings,031,150075,4859,3807,25,3832,45
2020-07-31,Lake,033,64148,237,191,0,191,1
2020-07-31,Lassen,035,31185,639,544,2,546,0
2020-07-31,Los Angeles,037,10098052,203986,188688,565,189253,4628
2020-07-31,Madera,039,155013,2881,2036,5,2041,19
2020-07-31,Marin,041,260295,5432,4885,6,4891,43
2020-07-31,Mariposa,043,17540,61,49,0,49,2
2020-07-31,Mendocino,045,87422,322,232,0,232,1
2020-07-31,Merced,047,269075,5970,3789,3,3792,30
2020-07-31,Modoc,049,8938,6,0,0,0,0
2020-07-31,Mono,051,14174,149,104,1,105,1
2020-07-31,Monterey,053,433212,5622,4493,14,4507,24
2020-07-31,Napa,055,140530,1177,897,0,897,7
2020-07-31,Nevada,057,99092,343,302,15,317,2
2020-07-31,Orange,059,3164182,43765,36196,852,37048,620
2020-07-31,Placer,061,380077,2328,1853,3,1856,14
2020-07-31,Plumas,063,18699,34,25,0,25,0
2020-07-31,Riverside,065,2383286,45454,37612,42,37654,694
2020-07-31,Sacramento,067,1510023,13014,9872,13,9885,132
2020-07-31,San Benito,069,59416,721,567,0,567,2
2020-07-31,San Bernardino,071,2135413,40347,32332,182,32514,434
2020-07-31,San Diego,073,3302833,32683,29050,11,29061,561
2020-07-31,San Francisco,075,870044,7401,6126,7,6133,60
2020-07-31,San Joaquin,077,732212,14828,11561,13,11574,177
2020-07-31,San Luis Obispo,079,281455,2156,1746,11,1757,12
2020-07-31,San Mateo,081,765935,6576,5416,8,5424,115
2020-07-31,Santa Barbara,083,443738,6843,6375,66,6441,58
2020-07-31,Santa Clara,085,1922200,13095,9863,31,9894,171
2020-07-31,Santa Cruz,087,273765,1347,1118,8,1126,4
2020-07-31,Shasta,089,179085,493,305,3,308,9
2020-07-31,Sierra,091,2930,3,1,0,1,0
2020-07-31,Siskiyou,093,43540,97,61,0,61,0
2020-07-31,Solano,095,438530,4316,3510,24,3534,29
2020-07-31,Sonoma,097,501317,3800,2745,7,2752,27
2020-07-31,Stanislaus,099,539301,11834,9061,49,9110,94
2020-07-31,Sutter,101,95872,895,714,1,715,6
2020-07-31,Tehama,103,63373,281,213,2,215,1
2020-07-31,Trinity,105,12862,27,5,6,11,0
2020-07-31,Tulare,107,460477,11391,9365,35,9400,184
2020-07-31,Tuolumne,109,53932,155,120,3,123,0
2020-07-31,Ventura,111,848112,8926,7521,32,7553,71
2020-07-31,Yolo,113,214977,1882,1522,3,1525,38
2020-07-31,Yuba,115,75493,516,369,0,369,1
2020-07-30,Alameda,001,1643700,13738,11303,55,11358,185
2020-07-30,Alpine,003,1148,2,2,0,2,0
2020-07-30,Amador,005,37829,171,97,0,97,0
2020-07-30,Butte,007,227075,1164,915,14,929,7
2020-07-30,Calaveras,009,45235,145,111,0,111,1
2020-07-30,Colusa,011,21464,373,315,0,315,2
2020-07-30,Contra Costa,013,1133247,10325,7615,27,7642,112
2020-07-30,Del Norte,015,27424,88,68,0,68,0
2020-07-30,El Dorado,017,186661,803,608,4,612,1
2020-07-30,Fresno,019,978130,21621,14793,196,14989,133
2020-07-30,Glenn,021,27897,373,297,0,297,1
2020-07-30,Humboldt,023,135768,262,228,1,229,4
2020-07-30,Imperial,025,180216,10299,7849,5,7854,151
2020-07-30,Inyo,027,18085,68,44,1,45,1
2020-07-30,Kern,029,883053,24741,19552,127,19679,171
2020-07-30,Kings,031,150075,4755,3785,25,3810,43
2020-07-30,Lake,033,64148,231,181,0,181,1
2020-07-30,Lassen,035,31185,636,544,2,546,0
2020-07-30,Los Angeles,037,10098052,201955,186177,534,186711,4564
2020-07-30,Madera,039,155013,2811,2007,5,2012,18
2020-07-30,Marin,041,260295,5390,4835,5,4840,39
2020-07-30,Mariposa,043,17540,61,49,0,49,1
2020-07-30,Mendocino,045,87422,315,232,0,232,1
2020-07-30,Merced,047,269075,5805,3695,3,3698,30
2020-07-30,Modoc,049,8938,6,0,0,0,0
2020-07-30,Mono,051,14174,148,104,1,105,1
2020-07-30,Monterey,053,433212,5510,4352,14,4366,24
2020-07-30,Napa,055,140530,1160,874,0,874,7
2020-07-30,Nevada,057,99092,338,292,15,307,2
2020-07-30,Orange,059,3164182,43350,36105,827,36932,607
2020-07-30,Placer,061,380077,2278,1821,3,1824,14
2020-07-30,Plumas,063,18699,33,25,0,25,0
2020-07-30,Riverside,065,2383286,44913,37308,42,37350,685
2020-07-30,Sacramento,067,1510023,12795,9704,13,9717,126
2020-07-30,San Benito,069,59416,708,558,0,558,2
2020-07-30,San Bernardino,071,2135413,39824,32010,182,32192,427
2020-07-30,San Diego,073,3302833,32336,28670,9,28679,558
2020-07-30,San Francisco,075,870044,7301,6107,7,6114,59
2020-07-30,San Joaquin,077,732212,14634,11435,13,11448,161
2020-07-30,San Luis Obispo,079,281455,2120,1703,11,1714,12
2020-07-30,San Mateo,081,765935,6481,5369,8,5377,115
2020-07-30,Santa Barbara,083,443738,6763,6273,66,6339,52
2020-07-30,Santa Clara,085,1922200,12860,9708,30,9738,170
2020-07-30,Santa Cruz,087,273765,1319,1087,8,1095,4
2020-07-30,Shasta,089,179085,489,306,3,309,8
2020-07-30,Sierra,091,2930,3,1,0,1,0
2020-07-30,Siskiyou,093,43540,96,60,0,60,0
2020-07-30,Solano,095,438530,4265,3463,24,3487,29
2020-07-30,Sonoma,097,501317,3729,2684,7,2691,25
2020-07-30,Stanislaus,099,539301,11621,8890,41,8931,94
2020-07-30,Sutter,101,95872,876,698,1,699,6
2020-07-30,Tehama,103,63373,278,208,2,210,1
2020-07-30,Trinity,105,12862,26,4,6,10,0
2020-07-30,Tulare,107,460477,11262,9167,35,9202,177
2020-07-30,Tuolumne,109,53932,154,119,3,122,0
2020-07-30,Ventura,111,848112,8814,7304,30,7334,69
2020-07-30,Yolo,113,214977,1862,1511,3,1514,37
2020-07-30,Yuba,115,75493,503,362,0,362,1
2020-07-29,Alameda,001,1643700,13518,11177,50,11227,180
2020-07-29,Alpine,003,1148,2,2,0,2,0
2020-07-29,Amador,005,37829,163,80,0,80,0
2020-07-29,Butte,007,227075,1138,889,12,901,7
2020-07-29,Calaveras,009,45235,139,107,0,107,1
2020-07-29,Colusa,011,21464,369,302,0,302,2
2020-07-29,Contra Costa,013,1133247,10121,7520,27,7547,108
2020-07-29,Del Norte,015,27424,88,68,0,68,0
2020-07-29,El Dorado,017,186661,793,588,4,592,1
2020-07-29,Fresno,019,978130,21329,14312,196,14508,125
2020-07-29,Glenn,021,27897,366,294,0,294,1
2020-07-29,Humboldt,023,135768,259,221,1,222,4
2020-07-29,Imperial,025,180216,10251,7825,5,7830,147
2020-07-29,Inyo,027,18085,63,44,1,45,1
2020-07-29,Kern,029,883053,24403,19073,124,19197,162
2020-07-29,Kings,031,150075,4707,3755,25,3780,43
2020-07-29,Lake,033,64148,229,179,0,179,1
2020-07-29,Lassen,035,31185,621,513,2,515,0
2020-07-29,Los Angeles,037,10098052,199926,183600,517,184117,4523
2020-07-29,Madera,039,155013,2757,1941,5,1946,18
2020-07-29,Marin,041,260295,5352,4747,5,4752,34
2020-07-29,Mariposa,043,17540,60,47,0,47,1
2020-07-29,Mendocino,045,87422,307,228,0,228,0
2020-07-29,Merced,047,269075,5665,3605,3,3608,25
2020-07-29,Modoc,049,8938,5,0,0,0,0
2020-07-29,Mono,051,14174,145,102,1,103,1
2020-07-29,Monterey,053,433212,5410,4252,14,4266,24
2020-07-29,Napa,055,140530,1132,866,0,866,7
2020-07-29,Nevada,057,99092,334,288,15,303,1
2020-07-29,Orange,059,3164182,42916,35339,816,36155,589
2020-07-29,Placer,061,380077,2246,1798,3,1801,14
2020-07-29,Plumas,063,18699,33,25,0,25,0
2020-07-29,Riverside,065,2383286,44321,36968,42,37010,678
2020-07-29,Sacramento,067,1510023,12549,9538,13,9551,122
2020-07-29,San Benito,069,59416,693,537,0,537,2
2020-07-29,San Bernardino,071,2135413,39335,31168,171,31339,417
2020-07-29,San Diego,073,3302833,32011,28289,8,28297,552
2020-07-29,San Francisco,075,870044,7207,6041,7,6048,56
2020-07-29,San Joaquin,077,732212,14386,11249,10,11259,154
2020-07-29,San Luis Obispo,079,281455,2099,1673,11,1684,11
2020-07-29,San Mateo,081,765935,6393,5305,8,5313,114
2020-07-29,Santa Barbara,083,443738,6696,6215,66,6281,31
2020-07-29,Santa Clara,085,1922200,12653,9567,30,9597,165
2020-07-29,Santa Cruz,087,273765,1295,1051,8,1059,4
2020-07-29,Shasta,089,179085,477,297,3,300,8
2020-07-29,Sierra,091,2930,2,1,0,1,0
2020-07-29,Siskiyou,093,43540,94,58,0,58,0
2020-07-29,Solano,095,438530,4211,3380,24,3404,29
2020-07-29,Sonoma,097,501317,3651,2598,7,2605,26
2020-07-29,Stanislaus,099,539301,11400,8745,35,8780,94
2020-07-29,Sutter,101,95872,848,678,1,679,6
2020-07-29,Tehama,103,63373,274,206,2,208,1
2020-07-29,Trinity,105,12862,26,4,6,10,0
2020-07-29,Tulare,107,460477,11091,9028,35,9063,156
2020-07-29,Tuolumne,109,53932,154,118,3,121,0
2020-07-29,Ventura,111,848112,8709,7161,30,7191,68
2020-07-29,Yolo,113,214977,1836,1488,3,1491,36
2020-07-29,Yuba,115,75493,487,350,0,350,1
2020-07-28,Alameda,001,1643700,13288,10875,49,10924,180
2020-07-28,Alpine,003,1148,2,2,0,2,0
2020-07-28,Amador,005,37829,153,77,0,77,0
2020-07-28,Butte,007,227075,1103,857,12,869,7
2020-07-28,Calaveras,009,45235,138,105,0,105,1
2020-07-28,Colusa,011,21464,363,290,0,290,2
2020-07-28,Contra Costa,013,1133247,9899,7426,27,7453,107
2020-07-28,Del Norte,015,27424,87,68,0,68,0
2020-07-28,El Dorado,017,186661,778,558,4,562,1
2020-07-28,Fresno,019,978130,20993,13933,190,14123,125
2020-07-28,Glenn,021,27897,364,289,0,289,1
2020-07-28,Humboldt,023,135768,258,218,1,219,4
2020-07-28,Imperial,025,180216,10215,7804,5,7809,145
2020-07-28,Inyo,027,18085,61,43,1,44,1
2020-07-28,Kern,029,883053,24040,18834,118,18952,155
2020-07-28,Kings,031,150075,4661,3721,25,3746,41
2020-07-28,Lake,033,64148,225,179,0,179,1
2020-07-28,Lassen,035,31185,615,508,2,510,0
2020-07-28,Los Angeles,037,10098052,197693,179107,495,179602,4435
2020-07-28,Madera,039,155013,2691,1889,5,1894,18
2020-07-28,Marin,041,260295,5283,4698,5,4703,23
2020-07-28,Mariposa,043,17540,58,45,0,45,1
2020-07-28,Mendocino,045,87422,296,222,0,222,0
2020-07-28,Merced,047,269075,5520,3446,3,3449,23
2020-07-28,Modoc,049,8938,4,0,0,0,0
2020-07-28,Mono,051,14174,144,102,1,103,1
2020-07-28,Monterey,053,433212,5290,4047,14,4061,22
2020-07-28,Napa,055,140530,1110,824,0,824,6
2020-07-28,Nevada,057,99092,329,278,15,293,1
2020-07-28,Orange,059,3164182,42458,34832,802,35634,582
2020-07-28,Placer,061,380077,2210,1759,3,1762,14
2020-07-28,Plumas,063,18699,33,22,0,22,0
2020-07-28,Riverside,065,2383286,43720,36458,42,36500,668
2020-07-28,Sacramento,067,1510023,12290,9429,12,9441,117
2020-07-28,San Benito,069,59416,683,503,0,503,2
2020-07-28,San Bernardino,071,2135413,38812,30493,167,30660,412
2020-07-28,San Diego,073,3302833,31661,28007,6,28013,547
2020-07-28,San Francisco,075,870044,7094,5888,7,5895,56
2020-07-28,San Joaquin,077,732212,14103,10958,7,10965,141
2020-07-28,San Luis Obispo,079,281455,2066,1636,11,1647,9
2020-07-28,San Mateo,081,765935,6320,5171,8,5179,114
2020-07-28,Santa Barbara,083,443738,6632,6110,64,6174,31
2020-07-28,Santa Clara,085,1922200,12419,9307,30,9337,165
2020-07-28,Santa Cruz,087,273765,1268,1018,8,1026,4
2020-07-28,Shasta,089,179085,465,275,3,278,8
2020-07-28,Sierra,091,2930,2,1,0,1,0
2020-07-28,Siskiyou,093,43540,90,57,0,57,0
2020-07-28,Solano,095,438530,4164,3292,23,3315,29
2020-07-28,Sonoma,097,501317,3577,2553,7,2560,20
2020-07-28,Stanislaus,099,539301,11178,8492,27,8519,92
2020-07-28,Sutter,101,95872,811,653,0,653,2
2020-07-28,Tehama,103,63373,269,199,2,201,1
2020-07-28,Trinity,105,12862,26,3,6,9,0
2020-07-28,Tulare,107,460477,10904,8787,35,8822,96
2020-07-28,Tuolumne,109,53932,153,116,3,119,0
2020-07-28,Ventura,111,848112,8583,7045,29,7074,68
2020-07-28,Yolo,113,214977,1808,1459,3,1462,36
2020-07-28,Yuba,115,75493,470,333,0,333,1
2020-07-27,Alameda,001,1643700,13061,10645,46,10691,176
2020-07-27,Alpine,003,1148,2,2,0,2,0
2020-07-27,Amador,005,37829,148,72,0,72,0
2020-07-27,Butte,007,227075,1076,843,12,855,7
2020-07-27,Calaveras,009,45235,134,103,0,103,1
2020-07-27,Colusa,011,21464,356,271,0,271,2
2020-07-27,Contra Costa,013,1133247,9677,7256,27,7283,104
2020-07-27,Del Norte,015,27424,86,67,0,67,0
2020-07-27,El Dorado,017,186661,766,548,4,552,1
2020-07-27,Fresno,019,978130,20645,13485,184,13669,117
2020-07-27,Glenn,021,27897,362,277,0,277,1
2020-07-27,Humboldt,023,135768,253,218,1,219,4
2020-07-27,Imperial,025,180216,10165,7789,5,7794,144
2020-07-27,Inyo,027,18085,61,43,1,44,1
2020-07-27,Kern,029,883053,23538,17994,112,18106,148
2020-07-27,Kings,031,150075,4412,3685,25,3710,39
2020-07-27,Lake,033,64148,221,176,0,176,1
2020-07-27,Lassen,035,31185,615,503,2,505,0
2020-07-27,Los Angeles,037,10098052,195265,176351,477,176828,4379
2020-07-27,Madera,039,155013,2626,1793,5,1798,17
2020-07-27,Marin,041,260295,5195,4669,5,4674,22
2020-07-27,Mariposa,043,17540,58,43,0,43,1
2020-07-27,Mendocino,045,87422,282,209,0,209,0
2020-07-27,Merced,047,269075,5380,3292,3,3295,23
2020-07-27,Modoc,049,8938,3,0,0,0,0
2020-07-27,Mono,051,14174,140,99,1,100,1
2020-07-27,Monterey,053,433212,5101,3960,14,3974,21
2020-07-27,Napa,055,140530,1095,769,0,769,6
2020-07-27,Nevada,057,99092,325,268,14,282,1
2020-07-27,Orange,059,3164182,42018,34649,786,35435,566
2020-07-27,Placer,061,380077,2160,1679,3,1682,12
2020-07-27,Plumas,063,18699,33,22,0,22,0
2020-07-27,Riverside,065,2383286,43041,35822,42,35864,667
2020-07-27,Sacramento,067,1510023,11997,9091,12,9103,114
2020-07-27,San Benito,069,59416,668,498,0,498,2
2020-07-27,San Bernardino,071,2135413,38220,29928,157,30085,401
2020-07-27,San Diego,073,3302833,31287,27509,5,27514,533
2020-07-27,San Francisco,075,870044,7007,5825,7,5832,55
2020-07-27,San Joaquin,077,732212,13814,10728,7,10735,129
2020-07-27,San Luis Obispo,079,281455,2021,1612,11,1623,9
2020-07-27,San Mateo,081,765935,6211,5108,8,5116,113
2020-07-27,Santa Barbara,083,443738,6553,6026,62,6088,30
2020-07-27,Santa Clara,085,1922200,12150,9157,29,9186,166
2020-07-27,Santa Cruz,087,273765,1244,984,8,992,4
2020-07-27,Shasta,089,179085,458,275,3,278,8
2020-07-27,Sierra,091,2930,2,1,0,1,0
2020-07-27,Siskiyou,093,43540,88,54,0,54,0
2020-07-27,Solano,095,438530,4097,3198,22,3220,29
2020-07-27,Sonoma,097,501317,3486,2504,7,2511,20
2020-07-27,Stanislaus,099,539301,10952,8288,19,8307,84
2020-07-27,Sutter,101,95872,785,620,0,620,2
2020-07-27,Tehama,103,63373,261,192,2,194,1
2020-07-27,Trinity,105,12862,26,3,6,9,0
2020-07-27,Tulare,107,460477,10686,8462,35,8497,172
2020-07-27,Tuolumne,109,53932,150,115,3,118,0
2020-07-27,Ventura,111,848112,8455,6998,28,7026,68
2020-07-27,Yolo,113,214977,1763,1439,3,1442,33
2020-07-27,Yuba,115,75493,450,328,0,328,1
2020-07-26,Alameda,001,1643700,12823,10489,45,10534,176
2020-07-26,Alpine,003,1148,2,2,0,2,0
2020-07-26,Amador,005,37829,142,67,0,67,0
2020-07-26,Butte,007,227075,1039,822,12,834,5
2020-07-26,Calaveras,009,45235,131,103,0,103,1
2020-07-26,Colusa,011,21464,347,270,0,270,2
2020-07-26,Contra Costa,013,1133247,9440,7095,27,7122,104
2020-07-26,Del Norte,015,27424,84,67,0,67,0
2020-07-26,El Dorado,017,186661,748,539,4,543,1
2020-07-26,Fresno,019,978130,20254,13209,176,13385,117
2020-07-26,Glenn,021,27897,354,265,0,265,1
2020-07-26,Humboldt,023,135768,247,214,1,215,4
2020-07-26,Imperial,025,180216,10093,7781,5,7786,144
2020-07-26,Inyo,027,18085,56,43,1,44,1
2020-07-26,Kern,029,883053,23013,17394,109,17503,148
2020-07-26,Kings,031,150075,4353,3591,25,3616,39
2020-07-26,Lake,033,64148,213,174,0,174,1
2020-07-26,Lassen,035,31185,574,503,2,505,0
2020-07-26,Los Angeles,037,10098052,192694,174322,459,174781,4364
2020-07-26,Madera,039,155013,2539,1744,5,1749,17
2020-07-26,Marin,041,260295,5149,4595,5,4600,22
2020-07-26,Mariposa,043,17540,56,43,0,43,1
2020-07-26,Mendocino,045,87422,273,206,0,206,0
2020-07-26,Merced,047,269075,5200,3251,2,3253,23
2020-07-26,Modoc,049,8938,3,0,0,0,0
2020-07-26,Mono,051,14174,136,82,1,83,1
2020-07-26,Monterey,053,433212,4935,3901,14,3915,21
2020-07-26,Napa,055,140530,1076,769,0,769,6
2020-07-26,Nevada,057,99092,322,261,14,275,1
2020-07-26,Orange,059,3164182,41493,34352,754,35106,564
2020-07-26,Placer,061,380077,2096,1628,3,1631,12
2020-07-26,Plumas,063,18699,33,22,0,22,0
2020-07-26,Riverside,065,2383286,42481,35636,42,35678,665
2020-07-26,Sacramento,067,1510023,11692,8972,12,8984,114
2020-07-26,San Benito,069,59416,656,495,0,495,2
2020-07-26,San Bernardino,071,2135413,37579,29545,148,29693,400
2020-07-26,San Diego,073,3302833,30891,26986,4,26990,533
2020-07-26,San Francisco,075,870044,6899,5823,7,5830,55
2020-07-26,San Joaquin,077,732212,13521,10637,7,10644,129
2020-07-26,San Luis Obispo,079,281455,1978,1565,11,1576,8
2020-07-26,San Mateo,081,765935,6106,5078,8,5086,113
2020-07-26,Santa Barbara,083,443738,6452,5939,62,6001,30
2020-07-26,Santa Clara,085,1922200,11921,8986,29,9015,166
2020-07-26,Santa Cruz,087,273765,1217,970,8,978,4
2020-07-26,Shasta,089,179085,451,265,3,268,8
2020-07-26,Sierra,091,2930,2,1,0,1,0
2020-07-26,Siskiyou,093,43540,86,54,0,54,0
2020-07-26,Solano,095,438530,4017,3197,20,3217,29
2020-07-26,Sonoma,097,501317,3397,2503,6,2509,20
2020-07-26,Stanislaus,099,539301,10691,8228,18,8246,84
2020-07-26,Sutter,101,95872,771,612,0,612,2
2020-07-26,Tehama,103,63373,254,175,2,177,1
2020-07-26,Trinity,105,12862,26,3,6,9,0
2020-07-26,Tulare,107,460477,10480,8392,35,8427,172
2020-07-26,Tuolumne,109,53932,145,113,3,116,0
2020-07-26,Ventura,111,848112,8248,6844,28,6872,67
2020-07-26,Yolo,113,214977,1732,1408,3,1411,33
2020-07-26,Yuba,115,75493,431,313,0,313,1
2020-07-25,Alameda,001,1643700,12726,10361,43,10404,176
2020-07-25,Alpine,003,1148,2,2,0,2,0
2020-07-25,Amador,005,37829,139,67,0,67,0
2020-07-25,Butte,007,227075,1030,810,12,822,5
2020-07-25,Calaveras,009,45235,127,103,0,103,1
2020-07-25,Colusa,011,21464,340,265,0,265,2
2020-07-25,Contra Costa,013,1133247,9295,6920,27,6947,104
2020-07-25,Del Norte,015,27424,84,67,0,67,0
2020-07-25,El Dorado,017,186661,737,528,4,532,1
2020-07-25,Fresno,019,978130,20067,12866,176,13042,117
2020-07-25,Glenn,021,27897,352,260,0,260,1
2020-07-25,Humboldt,023,135768,244,212,1,213,4
2020-07-25,Imperial,025,180216,10067,7727,5,7732,144
2020-07-25,Inyo,027,18085,55,43,1,44,1
2020-07-25,Kern,029,883053,22795,16910,108,17018,148
2020-07-25,Kings,031,150075,4336,3516,25,3541,39
2020-07-25,Lake,033,64148,211,173,0,173,1
2020-07-25,Lassen,035,31185,574,503,2,505,0
2020-07-25,Los Angeles,037,10098052,191563,172611,452,173063,4357
2020-07-25,Madera,039,155013,2507,1724,5,1729,17
2020-07-25,Marin,041,260295,5133,4562,5,4567,22
2020-07-25,Mariposa,043,17540,55,43,0,43,1
2020-07-25,Mendocino,045,87422,267,190,0,190,0
2020-07-25,Merced,047,269075,5121,3176,2,3178,23
2020-07-25,Modoc,049,8938,3,0,0,0,0
2020-07-25,Mono,051,14174,136,82,1,83,1
2020-07-25,Monterey,053,433212,4858,3805,14,3819,21
2020-07-25,Napa,055,140530,1063,746,0,746,6
2020-07-25,Nevada,057,99092,320,257,14,271,1
2020-07-25,Orange,059,3164182,41274,33978,733,34711,561
2020-07-25,Placer,061,380077,2080,1596,3,1599,12
2020-07-25,Plumas,063,18699,33,22,0,22,0
2020-07-25,Riverside,065,2383286,42212,34921,42,34963,655
2020-07-25,Sacramento,067,1510023,11546,8674,12,8686,113
2020-07-25,San Benito,069,59416,640,492,0,492,2
2020-07-25,San Bernardino,071,2135413,37301,29265,145,29410,394
2020-07-25,San Diego,073,3302833,30630,26703,3,26706,533
2020-07-25,San Francisco,075,870044,6841,5644,7,5651,55
2020-07-25,San Joaquin,077,732212,13395,10347,6,10353,129
2020-07-25,San Luis Obispo,079,281455,1958,1530,10,1540,8
2020-07-25,San Mateo,081,765935,6043,5023,8,5031,113
2020-07-25,Santa Barbara,083,443738,6417,5880,62,5942,30
2020-07-25,Santa Clara,085,1922200,11787,8767,29,8796,166
2020-07-25,Santa Cruz,087,273765,1200,939,8,947,4
2020-07-25,Shasta,089,179085,446,263,1,264,8
2020-07-25,Sierra,091,2930,2,1,0,1,0
2020-07-25,Siskiyou,093,43540,84,54,0,54,0
2020-07-25,Solano,095,438530,3977,3107,18,3125,29
2020-07-25,Sonoma,097,501317,3358,2412,6,2418,20
2020-07-25,Stanislaus,099,539301,10588,7994,15,8009,84
2020-07-25,Sutter,101,95872,752,603,0,603,2
2020-07-25,Tehama,103,63373,253,169,2,171,1
2020-07-25,Trinity,105,12862,26,3,6,9,0
2020-07-25,Tulare,107,460477,10380,8310,35,8345,172
2020-07-25,Tuolumne,109,53932,144,99,3,102,0
2020-07-25,Ventura,111,848112,8175,6662,28,6690,62
2020-07-25,Yolo,113,214977,1717,1357,3,1360,35
2020-07-25,Yuba,115,75493,425,312,0,312,1
2020-07-24,Alameda,001,1643700,12584,10216,40,10256,176
2020-07-24,Alpine,003,1148,2,2,0,2,0
2020-07-24,Amador,005,37829,137,66,0,66,0
2020-07-24,Butte,007,227075,1018,751,12,763,5
2020-07-24,Calaveras,009,45235,123,102,0,102,0
2020-07-24,Colusa,011,21464,337,255,0,255,2
2020-07-24,Contra Costa,013,1133247,9149,6814,27,6841,100
2020-07-24,Del Norte,015,27424,84,66,0,66,0
2020-07-24,El Dorado,017,186661,715,516,4,520,1
2020-07-24,Fresno,019,978130,19841,12564,176,12740,115
2020-07-24,Glenn,021,27897,349,251,0,251,1
2020-07-24,Humboldt,023,135768,241,210,1,211,4
2020-07-24,Imperial,025,180216,10045,7686,5,7691,141
2020-07-24,Inyo,027,18085,55,41,1,42,1
2020-07-24,Kern,029,883053,22554,16124,108,16232,143
2020-07-24,Kings,031,150075,4306,3471,25,3496,39
2020-07-24,Lake,033,64148,209,167,0,167,1
2020-07-24,Lassen,035,31185,574,503,2,505,0
2020-07-24,Los Angeles,037,10098052,189545,169078,441,169519,4302
2020-07-24,Madera,039,155013,2474,1679,5,1684,16
2020-07-24,Marin,041,260295,5106,4517,5,4522,22
2020-07-24,Mariposa,043,17540,55,41,0,41,1
2020-07-24,Mendocino,045,87422,260,188,0,188,0
2020-07-24,Merced,047,269075,5036,3100,2,3102,23
2020-07-24,Modoc,049,8938,3,0,0,0,0
2020-07-24,Mono,051,14174,135,82,1,83,1
2020-07-24,Monterey,053,433212,4786,3748,14,3762,21
2020-07-24,Napa,055,140530,1050,741,0,741,6
2020-07-24,Nevada,057,99092,317,255,14,269,1
2020-07-24,Orange,059,3164182,40987,33530,717,34247,557
2020-07-24,Placer,061,380077,2049,1551,3,1554,12
2020-07-24,Plumas,063,18699,33,22,0,22,0
2020-07-24,Riverside,065,2383286,41789,34513,41,34554,631
2020-07-24,Sacramento,067,1510023,11358,8570,12,8582,110
2020-07-24,San Benito,069,59416,633,485,0,485,2
2020-07-24,San Bernardino,071,2135413,36928,28990,140,29130,386
2020-07-24,San Diego,073,3302833,30330,26100,3,26103,524
2020-07-24,San Francisco,075,870044,6747,5611,7,5618,55
2020-07-24,San Joaquin,077,732212,13246,10190,6,10196,118
2020-07-24,San Luis Obispo,079,281455,1934,1476,10,1486,8
2020-07-24,San Mateo,081,765935,5980,4954,8,4962,112
2020-07-24,Santa Barbara,083,443738,6364,5776,60,5836,30
2020-07-24,Santa Clara,085,1922200,11622,8658,29,8687,165
2020-07-24,Santa Cruz,087,273765,1180,930,8,938,4
2020-07-24,Shasta,089,179085,438,262,1,263,8
2020-07-24,Sierra,091,2930,2,1,0,1,0
2020-07-24,Siskiyou,093,43540,84,53,0,53,0
2020-07-24,Solano,095,438530,3941,3062,15,3077,29
2020-07-24,Sonoma,097,501317,3306,2345,6,2351,20
2020-07-24,Stanislaus,099,539301,10416,7861,12,7873,82
2020-07-24,Sutter,101,95872,741,593,0,593,2
2020-07-24,Tehama,103,63373,245,170,2,172,1
2020-07-24,Trinity,105,12862,25,3,6,9,0
2020-07-24,Tulare,107,460477,10286,8167,33,8200,167
2020-07-24,Tuolumne,109,53932,138,99,3,102,0
2020-07-24,Ventura,111,848112,8090,6553,28,6581,60
2020-07-24,Yolo,113,214977,1703,1329,3,1332,35
2020-07-24,Yuba,115,75493,410,307,0,307,1
2020-07-23,Alameda,001,1643700,12343,9924,40,9964,171
2020-07-23,Alpine,003,1148,2,2,0,2,0
2020-07-23,Amador,005,37829,120,61,0,61,0
2020-07-23,Butte,007,227075,1003,726,11,737,5
2020-07-23,Calaveras,009,45235,116,102,0,102,0
2020-07-23,Colusa,011,21464,329,242,0,242,2
2020-07-23,Contra Costa,013,1133247,8949,6619,25,6644,98
2020-07-23,Del Norte,015,27424,84,66,0,66,0
2020-07-23,El Dorado,017,186661,704,491,4,495,1
2020-07-23,Fresno,019,978130,19485,12164,173,12337,112
2020-07-23,Glenn,021,27897,344,246,0,246,1
2020-07-23,Humboldt,023,135768,240,208,1,209,4
2020-07-23,Imperial,025,180216,9995,7604,5,7609,138
2020-07-23,Inyo,027,18085,53,38,1,39,1
2020-07-23,Kern,029,883053,22147,14491,104,14595,128
2020-07-23,Kings,031,150075,4194,3371,25,3396,39
2020-07-23,Lake,033,64148,200,160,0,160,1
2020-07-23,Lassen,035,31185,571,503,2,505,0
2020-07-23,Los Angeles,037,10098052,186996,167198,414,167612,4265
2020-07-23,Madera,039,155013,2408,1659,4,1663,13
2020-07-23,Marin,041,260295,5054,4423,5,4428,22
2020-07-23,Mariposa,043,17540,55,40,0,40,1
2020-07-23,Mendocino,045,87422,250,178,0,178,0
2020-07-23,Merced,047,269075,4879,2972,2,2974,22
2020-07-23,Modoc,049,8938,3,0,0,0,0
2020-07-23,Mono,051,14174,131,82,1,83,1
2020-07-23,Monterey,053,433212,4669,3655,14,3669,21
2020-07-23,Napa,055,140530,1026,713,0,713,5
2020-07-23,Nevada,057,99092,314,247,14,261,1
2020-07-23,Orange,059,3164182,40490,32863,687,33550,544
2020-07-23,Placer,061,380077,2005,1519,3,1522,12
2020-07-23,Plumas,063,18699,32,21,0,21,0
2020-07-23,Riverside,065,2383286,41184,33833,41,33874,630
2020-07-23,Sacramento,067,1510023,11125,8222,12,8234,108
2020-07-23,San Benito,069,59416,618,478,0,478,2
2020-07-23,San Bernardino,071,2135413,36408,28121,134,28255,369
2020-07-23,San Diego,073,3302833,29956,25109,3,25112,505
2020-07-23,San Francisco,075,870044,6646,5543,7,5550,55
2020-07-23,San Joaquin,077,732212,13027,9861,6,9867,111
2020-07-23,San Luis Obispo,079,281455,1905,1438,10,1448,7
2020-07-23,San Mateo,081,765935,5875,4895,8,4903,113
2020-07-23,Santa Barbara,083,443738,6291,5628,60,5688,30
2020-07-23,Santa Clara,085,1922200,11404,8458,29,8487,165
2020-07-23,Santa Cruz,087,273765,1144,887,8,895,3
2020-07-23,Shasta,089,179085,427,254,1,255,9
2020-07-23,Sierra,091,2930,2,1,0,1,0
2020-07-23,Siskiyou,093,43540,82,53,0,53,0
2020-07-23,Solano,095,438530,3877,2962,13,2975,29
2020-07-23,Sonoma,097,501317,3230,2289,6,2295,18
2020-07-23,Stanislaus,099,539301,10174,7603,12,7615,71
2020-07-23,Sutter,101,95872,708,570,0,570,2
2020-07-23,Tehama,103,63373,239,158,2,160,1
2020-07-23,Trinity,105,12862,24,3,6,9,0
2020-07-23,Tulare,107,460477,10097,7898,33,7931,168
2020-07-23,Tuolumne,109,53932,138,93,3,96,0
2020-07-23,Ventura,111,848112,7966,6303,28,6331,56
2020-07-23,Yolo,113,214977,1684,1279,3,1282,35
2020-07-23,Yuba,115,75493,390,297,0,297,1
2020-07-22,Alameda,001,1643700,12125,9678,39,9717,169
2020-07-22,Alpine,003,1148,2,2,0,2,0
2020-07-22,Amador,005,37829,118,58,0,58,0
2020-07-22,Butte,007,227075,967,694,11,705,5
2020-07-22,Calaveras,009,45235,116,98,0,98,0
2020-07-22,Colusa,011,21464,322,236,0,236,0
2020-07-22,Contra Costa,013,1133247,8723,6401,25,6426,98
2020-07-22,Del Norte,015,27424,84,66,0,66,0
2020-07-22,El Dorado,017,186661,691,466,4,470,1
2020-07-22,Fresno,019,978130,19122,11756,167,11923,110
2020-07-22,Glenn,021,27897,338,236,0,236,1
2020-07-22,Humboldt,023,135768,238,201,1,202,4
2020-07-22,Imperial,025,180216,9935,7533,5,7538,134
2020-07-22,Inyo,027,18085,49,38,1,39,1
2020-07-22,Kern,029,883053,21715,13513,96,13609,127
2020-07-22,Kings,031,150075,4138,3271,25,3296,38
2020-07-22,Lake,033,64148,197,160,0,160,1
2020-07-22,Lassen,035,31185,568,500,2,502,0
2020-07-22,Los Angeles,037,10098052,184344,165242,392,165634,4218
2020-07-22,Madera,039,155013,2333,1578,4,1582,10
2020-07-22,Marin,041,260295,4998,4373,5,4378,23
2020-07-22,Mariposa,043,17540,55,38,0,38,1
2020-07-22,Mendocino,045,87422,243,166,0,166,0
2020-07-22,Merced,047,269075,4753,2828,2,2830,15
2020-07-22,Modoc,049,8938,3,0,0,0,0
2020-07-22,Mono,051,14174,128,82,1,83,1
2020-07-22,Monterey,053,433212,4568,3533,14,3547,20
2020-07-22,Napa,055,140530,1004,687,0,687,5
2020-07-22,Nevada,057,99092,308,239,13,252,1
2020-07-22,Orange,059,3164182,39991,32047,678,32725,522
2020-07-22,Placer,061,380077,1949,1469,3,1472,12
2020-07-22,Plumas,063,18699,31,20,0,20,0
2020-07-22,Riverside,065,2383286,40548,33093,41,33134,612
2020-07-22,Sacramento,067,1510023,10863,8028,11,8039,106
2020-07-22,San Benito,069,59416,604,465,0,465,2
2020-07-22,San Bernardino,071,2135413,35886,26820,123,26943,348
2020-07-22,San Diego,073,3302833,29568,25109,2,25111,505
2020-07-22,San Francisco,075,870044,6542,5473,6,5479,53
2020-07-22,San Joaquin,077,732212,12751,9628,6,9634,102
2020-07-22,San Luis Obispo,079,281455,1859,1373,10,1383,7
2020-07-22,San Mateo,081,765935,5786,4796,8,4804,112
2020-07-22,Santa Barbara,083,443738,6207,5508,58,5566,29
2020-07-22,Santa Clara,085,1922200,11160,8266,29,8295,166
2020-07-22,Santa Cruz,087,273765,1120,866,8,874,3
2020-07-22,Shasta,089,179085,417,246,1,247,9
2020-07-22,Sierra,091,2930,1,1,0,1,0
2020-07-22,Siskiyou,093,43540,81,52,0,52,0
2020-07-22,Solano,095,438530,3816,2839,12,2851,29
2020-07-22,Sonoma,097,501317,3153,2255,6,2261,17
2020-07-22,Stanislaus,099,539301,10003,7401,12,7413,71
2020-07-22,Sutter,101,95872,684,551,0,551,2
2020-07-22,Tehama,103,63373,231,155,2,157,1
2020-07-22,Trinity,105,12862,23,3,6,9,0
2020-07-22,Tulare,107,460477,9864,7640,33,7673,167
2020-07-22,Tuolumne,109,53932,134,91,3,94,0
2020-07-22,Ventura,111,848112,7838,6223,26,6249,56
2020-07-22,Yolo,113,214977,1641,1233,3,1236,34
2020-07-22,Yuba,115,75493,375,288,0,288,1
2020-07-21,Alameda,001,1643700,11911,9390,39,9429,166
2020-07-21,Alpine,003,1148,2,2,0,2,0
2020-07-21,Amador,005,37829,113,55,0,55,0
2020-07-21,Butte,007,227075,922,659,10,669,5
2020-07-21,Calaveras,009,45235,110,96,0,96,0
2020-07-21,Colusa,011,21464,298,227,0,227,0
2020-07-21,Contra Costa,013,1133247,8481,6210,25,6235,98
2020-07-21,Del Norte,015,27424,84,66,0,66,0
2020-07-21,El Dorado,017,186661,683,440,4,444,1
2020-07-21,Fresno,019,978130,18722,11412,161,11573,107
2020-07-21,Glenn,021,27897,331,229,0,229,1
2020-07-21,Humboldt,023,135768,236,198,1,199,4
2020-07-21,Imperial,025,180216,9886,7458,5,7463,128
2020-07-21,Inyo,027,18085,48,38,1,39,1
2020-07-21,Kern,029,883053,21293,11998,90,12088,119
2020-07-21,Kings,031,150075,4073,3187,24,3211,38
2020-07-21,Lake,033,64148,197,157,0,157,1
2020-07-21,Lassen,035,31185,566,474,2,476,0
2020-07-21,Los Angeles,037,10098052,181354,162205,370,162575,4159
2020-07-21,Madera,039,155013,2268,1508,3,1511,10
2020-07-21,Marin,041,260295,4926,4318,5,4323,21
2020-07-21,Mariposa,043,17540,54,37,0,37,1
2020-07-21,Mendocino,045,87422,232,160,0,160,0
2020-07-21,Merced,047,269075,4574,2725,2,2727,15
2020-07-21,Modoc,049,8938,3,0,0,0,0
2020-07-21,Mono,051,14174,124,79,1,80,1
2020-07-21,Monterey,053,433212,4436,3404,13,3417,20
2020-07-21,Napa,055,140530,977,660,0,660,5
2020-07-21,Nevada,057,99092,306,228,11,239,1
2020-07-21,Orange,059,3164182,39494,31356,646,32002,515
2020-07-21,Placer,061,380077,1908,1413,3,1416,11
2020-07-21,Plumas,063,18699,31,19,0,19,0
2020-07-21,Riverside,065,2383286,39846,32231,41,32272,583
2020-07-21,Sacramento,067,1510023,10591,7789,10,7799,102
2020-07-21,San Benito,069,59416,593,444,0,444,2
2020-07-21,San Bernardino,071,2135413,35237,25323,116,25439,343
2020-07-21,San Diego,073,3302833,29119,24522,2,24524,487
2020-07-21,San Francisco,075,870044,6433,5377,6,5383,53
2020-07-21,San Joaquin,077,732212,12422,9150,6,9156,99
2020-07-21,San Luis Obispo,079,281455,1810,1338,10,1348,7
2020-07-21,San Mateo,081,765935,5694,4733,8,4741,111
2020-07-21,Santa Barbara,083,443738,6127,5422,57,5479,29
2020-07-21,Santa Clara,085,1922200,10897,7989,29,8018,164
2020-07-21,Santa Cruz,087,273765,1087,835,8,843,3
2020-07-21,Shasta,089,179085,409,241,1,242,9
2020-07-21,Sierra,091,2930,1,1,0,1,0
2020-07-21,Siskiyou,093,43540,81,48,0,48,0
2020-07-21,Solano,095,438530,3743,2727,12,2739,27
2020-07-21,Sonoma,097,501317,3096,2200,6,2206,17
2020-07-21,Stanislaus,099,539301,9740,6984,12,6996,69
2020-07-21,Sutter,101,95872,668,533,0,533,2
2020-07-21,Tehama,103,63373,221,150,2,152,1
2020-07-21,Trinity,105,12862,23,2,6,8,0
2020-07-21,Tulare,107,460477,9662,7447,33,7480,167
2020-07-21,Tuolumne,109,53932,132,75,3,78,0
2020-07-21,Ventura,111,848112,7706,6131,26,6157,55
2020-07-21,Yolo,113,214977,1587,1204,3,1207,34
2020-07-21,Yuba,115,75493,369,269,0,269,1
2020-07-20,Alameda,001,1643700,11656,9244,38,9282,162
2020-07-20,Alpine,003,1148,2,2,0,2,0
2020-07-20,Amador,005,37829,110,53,0,53,0
2020-07-20,Butte,007,227075,885,586,10,596,4
2020-07-20,Calaveras,009,45235,107,90,0,90,0
2020-07-20,Colusa,011,21464,287,217,0,217,0
2020-07-20,Contra Costa,013,1133247,8273,5823,25,5848,97
2020-07-20,Del Norte,015,27424,84,61,0,61,0
2020-07-20,El Dorado,017,186661,660,407,4,411,0
2020-07-20,Fresno,019,978130,18281,10891,160,11051,106
2020-07-20,Glenn,021,27897,323,225,0,225,1
2020-07-20,Humboldt,023,135768,229,194,1,195,4
2020-07-20,Imperial,025,180216,9846,7337,5,7342,124
2020-07-20,Inyo,027,18085,46,38,1,39,1
2020-07-20,Kern,029,883053,20783,10908,86,10994,118
2020-07-20,Kings,031,150075,4023,3093,24,3117,37
2020-07-20,Lake,033,64148,194,147,0,147,1
2020-07-20,Lassen,035,31185,564,474,2,476,0
2020-07-20,Los Angeles,037,10098052,178391,159202,343,159545,4108
2020-07-20,Madera,039,155013,2193,1433,3,1436,10
2020-07-20,Marin,041,260295,4844,4255,5,4260,21
2020-07-20,Mariposa,043,17540,53,36,0,36,1
2020-07-20,Mendocino,045,87422,219,153,0,153,0
2020-07-20,Merced,047,269075,4404,2584,2,2586,15
2020-07-20,Modoc,049,8938,3,0,0,0,0
2020-07-20,Mono,051,14174,118,78,1,79,1
2020-07-20,Monterey,053,433212,4330,3205,13,3218,19
2020-07-20,Napa,055,140530,942,632,0,632,5
2020-07-20,Nevada,057,99092,298,218,11,229,1
2020-07-20,Orange,059,3164182,38884,30337,616,30953,507
2020-07-20,Placer,061,380077,1857,1364,3,1367,11
2020-07-20,Plumas,063,18699,30,17,0,17,0
2020-07-20,Riverside,065,2383286,39015,31163,41,31204,581
2020-07-20,Sacramento,067,1510023,10263,7369,10,7379,99
2020-07-20,San Benito,069,59416,575,433,0,433,2
2020-07-20,San Bernardino,071,2135413,34426,24226,112,24338,338
2020-07-20,San Diego,073,3302833,28677,24137,2,24139,478
2020-07-20,San Francisco,075,870044,6312,5090,6,5096,53
2020-07-20,San Joaquin,077,732212,12066,8583,6,8589,97
2020-07-20,San Luis Obispo,079,281455,1768,1282,10,1292,6
2020-07-20,San Mateo,081,765935,5593,4609,8,4617,111
2020-07-20,Santa Barbara,083,443738,6017,5266,55,5321,29
2020-07-20,Santa Clara,085,1922200,10668,7711,28,7739,164
2020-07-20,Santa Cruz,087,273765,1055,758,8,766,3
2020-07-20,Shasta,089,179085,394,233,1,234,9
2020-07-20,Sierra,091,2930,1,1,0,1,0
2020-07-20,Siskiyou,093,43540,77,42,0,42,0
2020-07-20,Solano,095,438530,3660,2537,12,2549,26
2020-07-20,Sonoma,097,501317,2989,2148,6,2154,17
2020-07-20,Stanislaus,099,539301,9456,6835,12,6847,58
2020-07-20,Sutter,101,95872,635,507,0,507,2
2020-07-20,Tehama,103,63373,211,146,2,148,1
2020-07-20,Trinity,105,12862,23,2,6,8,0
2020-07-20,Tulare,107,460477,9428,6974,33,7007,166
2020-07-20,Tuolumne,109,53932,131,75,3,78,0
2020-07-20,Ventura,111,848112,7572,5912,26,5938,52
2020-07-20,Yolo,113,214977,1547,1155,3,1158,30
2020-07-20,Yuba,115,75493,349,258,0,258,1
2020-07-19,Alameda,001,1643700,11416,9227,32,9259,162
2020-07-19,Alpine,003,1148,2,2,0,2,0
2020-07-19,Amador,005,37829,103,51,0,51,0
2020-07-19,Butte,007,227075,860,555,10,565,4
2020-07-19,Calaveras,009,45235,105,89,0,89,0
2020-07-19,Colusa,011,21464,279,187,0,187,0
2020-07-19,Contra Costa,013,1133247,7982,5691,23,5714,95
2020-07-19,Del Norte,015,27424,83,61,0,61,0
2020-07-19,El Dorado,017,186661,642,385,4,389,0
2020-07-19,Fresno,019,978130,17757,10639,148,10787,106
2020-07-19,Glenn,021,27897,309,215,0,215,0
2020-07-19,Humboldt,023,135768,221,195,1,196,4
2020-07-19,Imperial,025,180216,9755,7280,5,7285,124
2020-07-19,Inyo,027,18085,42,38,1,39,1
2020-07-19,Kern,029,883053,20166,10094,79,10173,115
2020-07-19,Kings,031,150075,3937,3035,24,3059,37
2020-07-19,Lake,033,64148,189,144,0,144,1
2020-07-19,Lassen,035,31185,545,474,2,476,0
2020-07-19,Los Angeles,037,10098052,174943,156039,320,156359,4100
2020-07-19,Madera,039,155013,2116,1301,3,1304,10
2020-07-19,Marin,041,260295,4789,4172,5,4177,21
2020-07-19,Mariposa,043,17540,49,35,0,35,1
2020-07-19,Mendocino,045,87422,214,137,0,137,0
2020-07-19,Merced,047,269075,4197,2460,2,2462,15
2020-07-19,Modoc,049,8938,3,0,0,0,0
2020-07-19,Mono,051,14174,107,63,1,64,1
2020-07-19,Monterey,053,433212,4210,3079,13,3092,18
2020-07-19,Napa,055,140530,913,612,0,612,5
2020-07-19,Nevada,057,99092,292,210,11,221,1
2020-07-19,Orange,059,3164182,38320,29941,603,30544,505
2020-07-19,Placer,061,380077,1809,1246,3,1249,11
2020-07-19,Plumas,063,18699,30,17,0,17,0
2020-07-19,Riverside,065,2383286,38310,30340,41,30381,581
2020-07-19,Sacramento,067,1510023,9870,6985,10,6995,97
2020-07-19,San Benito,069,59416,559,412,0,412,2
2020-07-19,San Bernardino,071,2135413,33652,23928,100,24028,337
2020-07-19,San Diego,073,3302833,28176,23684,2,23686,478
2020-07-19,San Francisco,075,870044,6166,5094,6,5100,52
2020-07-19,San Joaquin,077,732212,11660,8308,6,8314,93
2020-07-19,San Luis Obispo,079,281455,1724,1262,9,1271,6
2020-07-19,San Mateo,081,765935,5489,4522,8,4530,110
2020-07-19,Santa Barbara,083,443738,5915,5145,52,5197,29
2020-07-19,Santa Clara,085,1922200,10424,7403,28,7431,164
2020-07-19,Santa Cruz,087,273765,1011,753,8,761,3
2020-07-19,Shasta,089,179085,381,218,1,219,9
2020-07-19,Sierra,091,2930,1,1,0,1,0
2020-07-19,Siskiyou,093,43540,75,42,0,42,0
2020-07-19,Solano,095,438530,3555,2551,12,2563,26
2020-07-19,Sonoma,097,501317,2889,2074,6,2080,17
2020-07-19,Stanislaus,099,539301,9160,6508,12,6520,58
2020-07-19,Sutter,101,95872,604,480,0,480,2
2020-07-19,Tehama,103,63373,207,138,2,140,1
2020-07-19,Trinity,105,12862,23,2,6,8,0
2020-07-19,Tulare,107,460477,9180,6856,33,6889,166
2020-07-19,Tuolumne,109,53932,126,75,3,78,0
2020-07-19,Ventura,111,848112,7382,5706,26,5732,52
2020-07-19,Yolo,113,214977,1507,1127,3,1130,30
2020-07-19,Yuba,115,75493,329,240,0,240,1
2020-07-18,Alameda,001,1643700,11279,9089,31,9120,162
2020-07-18,Alpine,003,1148,2,2,0,2,0
2020-07-18,Amador,005,37829,99,49,0,49,0
2020-07-18,Butte,007,227075,851,551,10,561,4
2020-07-18,Calaveras,009,45235,101,89,0,89,0
2020-07-18,Colusa,011,21464,274,182,0,182,0
2020-07-18,Contra Costa,013,1133247,7848,5617,23,5640,95
2020-07-18,Del Norte,015,27424,83,61,0,61,0
2020-07-18,El Dorado,017,186661,639,385,4,389,0
2020-07-18,Fresno,019,978130,17508,10381,146,10527,106
2020-07-18,Glenn,021,27897,303,212,0,212,0
2020-07-18,Humboldt,023,135768,218,189,1,190,4
2020-07-18,Imperial,025,180216,9724,7268,5,7273,124
2020-07-18,Inyo,027,18085,42,38,1,39,1
2020-07-18,Kern,029,883053,19863,9250,76,9326,114
2020-07-18,Kings,031,150075,3897,2996,23,3019,37
2020-07-18,Lake,033,64148,186,142,0,142,1
2020-07-18,Lassen,035,31185,544,474,2,476,0
2020-07-18,Los Angeles,037,10098052,173497,153265,310,153575,4088
2020-07-18,Madera,039,155013,2070,1260,3,1263,9
2020-07-18,Marin,041,260295,4760,4089,5,4094,21
2020-07-18,Mariposa,043,17540,49,35,0,35,1
2020-07-18,Mendocino,045,87422,208,137,0,137,0
2020-07-18,Merced,047,269075,4078,2424,2,2426,15
2020-07-18,Modoc,049,8938,3,0,0,0,0
2020-07-18,Mono,051,14174,105,54,1,55,1
2020-07-18,Monterey,053,433212,4142,3020,13,3033,17
2020-07-18,Napa,055,140530,902,609,0,609,5
2020-07-18,Nevada,057,99092,288,204,10,214,1
2020-07-18,Orange,059,3164182,38001,29603,582,30185,493
2020-07-18,Placer,061,380077,1786,1233,3,1236,11
2020-07-18,Plumas,063,18699,30,17,0,17,0
2020-07-18,Riverside,065,2383286,37956,30245,40,30285,581
2020-07-18,Sacramento,067,1510023,9625,6739,10,6749,95
2020-07-18,San Benito,069,59416,544,407,0,407,2
2020-07-18,San Bernardino,071,2135413,33192,23680,93,23773,336
2020-07-18,San Diego,073,3302833,27873,23116,2,23118,478
2020-07-18,San Francisco,075,870044,6064,5051,6,5057,52
2020-07-18,San Joaquin,077,732212,11447,8118,6,8124,93
2020-07-18,San Luis Obispo,079,281455,1689,1234,9,1243,6
2020-07-18,San Mateo,081,765935,5429,4488,8,4496,110
2020-07-18,Santa Barbara,083,443738,5855,5110,50,5160,29
2020-07-18,Santa Clara,085,1922200,10275,7255,27,7282,164
2020-07-18,Santa Cruz,087,273765,994,751,8,759,3
2020-07-18,Shasta,089,179085,372,216,1,217,9
2020-07-18,Sierra,091,2930,1,1,0,1,0
2020-07-18,Siskiyou,093,43540,71,42,0,42,0
2020-07-18,Solano,095,438530,3514,2503,12,2515,26
2020-07-18,Sonoma,097,501317,2838,2019,6,2025,15
2020-07-18,Stanislaus,099,539301,9025,6344,12,6356,58
2020-07-18,Sutter,101,95872,598,473,0,473,2
2020-07-18,Tehama,103,63373,202,136,2,138,1
2020-07-18,Trinity,105,12862,23,2,6,8,0
2020-07-18,Tulare,107,460477,9089,6810,32,6842,167
2020-07-18,Tuolumne,109,53932,123,75,3,78,0
2020-07-18,Ventura,111,848112,7300,5630,26,5656,52
2020-07-18,Yolo,113,214977,1479,1077,3,1080,30
2020-07-18,Yuba,115,75493,318,237,0,237,1
2020-07-17,Alameda,001,1643700,11139,8893,30,8923,160
2020-07-17,Alpine,003,1148,2,1,0,1,0
2020-07-17,Amador,005,37829,97,48,0,48,0
2020-07-17,Butte,007,227075,837,497,10,507,4
2020-07-17,Calaveras,009,45235,99,86,0,86,0
2020-07-17,Colusa,011,21464,272,146,0,146,0
2020-07-17,Contra Costa,013,1133247,7700,5483,23,5506,93
2020-07-17,Del Norte,015,27424,82,60,0,60,0
2020-07-17,El Dorado,017,186661,623,368,4,372,0
2020-07-17,Fresno,019,978130,17210,9954,146,10100,104
2020-07-17,Glenn,021,27897,296,203,0,203,0
2020-07-17,Humboldt,023,135768,217,185,1,186,4
2020-07-17,Imperial,025,180216,9702,7193,5,7198,120
2020-07-17,Inyo,027,18085,42,38,1,39,1
2020-07-17,Kern,029,883053,19543,8291,75,8366,113
2020-07-17,Kings,031,150075,3858,2978,23,3001,37
2020-07-17,Lake,033,64148,184,139,0,139,1
2020-07-17,Lassen,035,31185,525,391,2,393,0
2020-07-17,Los Angeles,037,10098052,171126,150481,298,150779,4052
2020-07-17,Madera,039,155013,2026,1214,3,1217,9
2020-07-17,Marin,041,260295,4723,3839,5,3844,21
2020-07-17,Mariposa,043,17540,47,35,0,35,1
2020-07-17,Mendocino,045,87422,200,126,0,126,0
2020-07-17,Merced,047,269075,4002,2328,2,2330,12
2020-07-17,Modoc,049,8938,2,0,0,0,0
2020-07-17,Mono,051,14174,100,54,1,55,1
2020-07-17,Monterey,053,433212,4013,2922,13,2935,18
2020-07-17,Napa,055,140530,888,598,0,598,5
2020-07-17,Nevada,057,99092,281,200,10,210,1
2020-07-17,Orange,059,3164182,37538,28962,549,29511,485
2020-07-17,Placer,061,380077,1757,1207,3,1210,11
2020-07-17,Plumas,063,18699,27,16,0,16,0
2020-07-17,Riverside,065,2383286,37357,29639,40,29679,580
2020-07-17,Sacramento,067,1510023,9381,6563,10,6573,95
2020-07-17,San Benito,069,59416,529,399,0,399,2
2020-07-17,San Bernardino,071,2135413,32672,23057,90,23147,322
2020-07-17,San Diego,073,3302833,27485,22491,2,22493,472
2020-07-17,San Francisco,075,870044,5970,4967,6,4973,52
2020-07-17,San Joaquin,077,732212,11203,7925,6,7931,86
2020-07-17,San Luis Obispo,079,281455,1652,1190,9,1199,6
2020-07-17,San Mateo,081,765935,5332,4407,8,4415,110
2020-07-17,Santa Barbara,083,443738,5783,5001,49,5050,29
2020-07-17,Santa Clara,085,1922200,10057,7080,27,7107,164
2020-07-17,Santa Cruz,087,273765,972,716,8,724,3
2020-07-17,Shasta,089,179085,360,213,1,214,8
2020-07-17,Sierra,091,2930,1,1,0,1,0
2020-07-17,Siskiyou,093,43540,70,40,0,40,0
2020-07-17,Solano,095,438530,3465,2452,12,2464,26
2020-07-17,Sonoma,097,501317,2789,1982,6,1988,15
2020-07-17,Stanislaus,099,539301,8851,6220,12,6232,56
2020-07-17,Sutter,101,95872,585,458,0,458,2
2020-07-17,Tehama,103,63373,198,128,2,130,1
2020-07-17,Trinity,105,12862,23,2,6,8,0
2020-07-17,Tulare,107,460477,8953,6671,32,6703,166
2020-07-17,Tuolumne,109,53932,122,73,3,76,0
2020-07-17,Ventura,111,848112,7216,5451,26,5477,51
2020-07-17,Yolo,113,214977,1455,1055,3,1058,30
2020-07-17,Yuba,115,75493,308,231,0,231,1
2020-07-16,Alameda,001,1643700,10905,8719,25,8744,153
2020-07-16,Alpine,003,1148,2,1,0,1,0
2020-07-16,Amador,005,37829,94,46,0,46,0
2020-07-16,Butte,007,227075,800,465,9,474,4
2020-07-16,Calaveras,009,45235,97,82,0,82,0
2020-07-16,Colusa,011,21464,263,140,0,140,0
2020-07-16,Contra Costa,013,1133247,7488,5338,17,5355,91
2020-07-16,Del Norte,015,27424,82,60,0,60,0
2020-07-16,El Dorado,017,186661,606,357,4,361,0
2020-07-16,Fresno,019,978130,16699,9481,137,9618,101
2020-07-16,Glenn,021,27897,287,190,0,190,0
2020-07-16,Humboldt,023,135768,215,184,1,185,4
2020-07-16,Imperial,025,180216,9608,7148,5,7153,113
2020-07-16,Inyo,027,18085,42,38,1,39,1
2020-07-16,Kern,029,883053,19021,7435,73,7508,112
2020-07-16,Kings,031,150075,3691,2937,23,2960,37
2020-07-16,Lake,033,64148,179,128,0,128,1
2020-07-16,Lassen,035,31185,524,355,2,357,0
2020-07-16,Los Angeles,037,10098052,167905,147759,273,148032,3994
2020-07-16,Madera,039,155013,1962,1192,3,1195,8
2020-07-16,Marin,041,260295,4651,3546,5,3551,21
2020-07-16,Mariposa,043,17540,45,34,0,34,1
2020-07-16,Mendocino,045,87422,195,121,0,121,0
2020-07-16,Merced,047,269075,3840,2228,2,2230,12
2020-07-16,Modoc,049,8938,1,0,0,0,0
2020-07-16,Mono,051,14174,97,53,1,54,1
2020-07-16,Monterey,053,433212,3908,2857,12,2869,18
2020-07-16,Napa,055,140530,859,581,0,581,5
2020-07-16,Nevada,057,99092,278,191,10,201,1
2020-07-16,Orange,059,3164182,36836,28525,513,29038,471
2020-07-16,Placer,061,380077,1709,1168,3,1171,11
2020-07-16,Plumas,063,18699,25,16,0,16,0
2020-07-16,Riverside,065,2383286,36612,28904,38,28942,577
2020-07-16,Sacramento,067,1510023,9068,6440,9,6449,91
2020-07-16,San Benito,069,59416,512,389,0,389,2
2020-07-16,San Bernardino,071,2135413,31811,22355,72,22427,321
2020-07-16,San Diego,073,3302833,26998,21857,2,21859,465
2020-07-16,San Francisco,075,870044,5829,4838,6,4844,52
2020-07-16,San Joaquin,077,732212,10840,7713,6,7719,82
2020-07-16,San Luis Obispo,079,281455,1608,1146,9,1155,6
2020-07-16,San Mateo,081,765935,5228,4336,8,4344,110
2020-07-16,Santa Barbara,083,443738,5688,4872,48,4920,28
2020-07-16,Santa Clara,085,1922200,9777,6990,25,7015,164
2020-07-16,Santa Cruz,087,273765,931,698,8,706,3
2020-07-16,Shasta,089,179085,345,208,1,209,7
2020-07-16,Sierra,091,2930,1,1,0,1,0
2020-07-16,Siskiyou,093,43540,67,39,0,39,0
2020-07-16,Solano,095,438530,3371,2372,12,2384,25
2020-07-16,Sonoma,097,501317,2699,1954,6,1960,14
2020-07-16,Stanislaus,099,539301,8568,6077,11,6088,56
2020-07-16,Sutter,101,95872,569,444,0,444,2
2020-07-16,Tehama,103,63373,188,126,2,128,1
2020-07-16,Trinity,105,12862,23,2,5,7,0
2020-07-16,Tulare,107,460477,8737,6467,31,6498,163
2020-07-16,Tuolumne,109,53932,117,71,3,74,0
2020-07-16,Ventura,111,848112,7054,5231,26,5257,50
2020-07-16,Yolo,113,214977,1413,1034,3,1037,29
2020-07-16,Yuba,115,75493,290,221,0,221,1
2020-07-15,Alameda,001,1643700,10700,8615,20,8635,153
2020-07-15,Alpine,003,1148,2,1,0,1,0
2020-07-15,Amador,005,37829,73,44,0,44,0
2020-07-15,Butte,007,227075,758,420,9,429,4
2020-07-15,Calaveras,009,45235,97,75,0,75,0
2020-07-15,Colusa,011,21464,258,135,0,135,0
2020-07-15,Contra Costa,013,1133247,7257,5246,17,5263,90
2020-07-15,Del Norte,015,27424,81,60,0,60,0
2020-07-15,El Dorado,017,186661,582,339,4,343,0
2020-07-15,Fresno,019,978130,16225,9124,130,9254,101
2020-07-15,Glenn,021,27897,278,184,0,184,0
2020-07-15,Humboldt,023,135768,213,181,1,182,4
2020-07-15,Imperial,025,180216,9541,7110,5,7115,110
2020-07-15,Inyo,027,18085,42,36,1,37,1
2020-07-15,Kern,029,883053,18401,7155,70,7225,108
2020-07-15,Kings,031,150075,3630,2906,23,2929,37
2020-07-15,Lake,033,64148,177,122,0,122,1
2020-07-15,Lassen,035,31185,520,319,2,321,0
2020-07-15,Los Angeles,037,10098052,164440,143343,258,143601,3946
2020-07-15,Madera,039,155013,1893,1147,3,1150,4
2020-07-15,Marin,041,260295,4596,3458,5,3463,21
2020-07-15,Mariposa,043,17540,45,34,0,34,1
2020-07-15,Mendocino,045,87422,192,119,0,119,0
2020-07-15,Merced,047,269075,3690,2156,2,2158,12
2020-07-15,Modoc,049,8938,1,0,0,0,0
2020-07-15,Mono,051,14174,95,52,1,53,1
2020-07-15,Monterey,053,433212,3796,2780,12,2792,18
2020-07-15,Napa,055,140530,833,573,0,573,5
2020-07-15,Nevada,057,99092,274,185,8,193,1
2020-07-15,Orange,059,3164182,36036,27718,479,28197,454
2020-07-15,Placer,061,380077,1651,1145,3,1148,11
2020-07-15,Plumas,063,18699,25,16,0,16,0
2020-07-15,Riverside,065,2383286,35830,28492,36,28528,568
2020-07-15,Sacramento,067,1510023,8687,6217,9,6226,91
2020-07-15,San Benito,069,59416,503,388,0,388,2
2020-07-15,San Bernardino,071,2135413,31023,21508,56,21564,317
2020-07-15,San Diego,073,3302833,26531,21448,2,21450,448
2020-07-15,San Francisco,075,870044,5715,4757,6,4763,50
2020-07-15,San Joaquin,077,732212,10408,7381,5,7386,75
2020-07-15,San Luis Obispo,079,281455,1565,1097,9,1106,6
2020-07-15,San Mateo,081,765935,5115,4258,8,4266,109
2020-07-15,Santa Barbara,083,443738,5574,4733,48,4781,28
2020-07-15,Santa Clara,085,1922200,9473,6900,25,6925,164
2020-07-15,Santa Cruz,087,273765,895,660,7,667,3
2020-07-15,Shasta,089,179085,336,193,1,194,7
2020-07-15,Sierra,091,2930,1,1,0,1,0
2020-07-15,Siskiyou,093,43540,66,38,0,38,0
2020-07-15,Solano,095,438530,3276,2343,12,2355,25
2020-07-15,Sonoma,097,501317,2601,1920,6,1926,14
2020-07-15,Stanislaus,099,539301,8271,5777,11,5788,56
2020-07-15,Sutter,101,95872,543,433,0,433,2
2020-07-15,Tehama,103,63373,180,126,2,128,1
2020-07-15,Trinity,105,12862,22,2,5,7,0
2020-07-15,Tulare,107,460477,8526,6320,30,6350,156
2020-07-15,Tuolumne,109,53932,110,68,3,71,0
2020-07-15,Ventura,111,848112,6877,5087,26,5113,50
2020-07-15,Yolo,113,214977,1380,1002,3,1005,27
2020-07-15,Yuba,115,75493,278,221,0,221,1
2020-07-14,Alameda,001,1643700,10359,8388,14,8402,151
2020-07-14,Alpine,003,1148,2,1,0,1,0
2020-07-14,Amador,005,37829,69,44,0,44,0
2020-07-14,Butte,007,227075,712,382,9,391,4
2020-07-14,Calaveras,009,45235,95,74,0,74,0
2020-07-14,Colusa,011,21464,248,128,0,128,0
2020-07-14,Contra Costa,013,1133247,7020,5110,15,5125,90
2020-07-14,Del Norte,015,27424,80,60,0,60,0
2020-07-14,El Dorado,017,186661,567,324,4,328,0
2020-07-14,Fresno,019,978130,15805,8941,125,9066,98
2020-07-14,Glenn,021,27897,268,177,0,177,0
2020-07-14,Humboldt,023,135768,210,175,1,176,4
2020-07-14,Imperial,025,180216,9413,7095,5,7100,109
2020-07-14,Inyo,027,18085,42,35,1,36,1
2020-07-14,Kern,029,883053,17642,6979,57,7036,107
2020-07-14,Kings,031,150075,3563,2867,22,2889,37
2020-07-14,Lake,033,64148,171,120,0,120,1
2020-07-14,Lassen,035,31185,503,263,2,265,0
2020-07-14,Los Angeles,037,10098052,161304,140632,229,140861,3900
2020-07-14,Madera,039,155013,1819,1118,3,1121,4
2020-07-14,Marin,041,260295,4482,3451,5,3456,21
2020-07-14,Mariposa,043,17540,41,32,0,32,1
2020-07-14,Mendocino,045,87422,184,110,0,110,0
2020-07-14,Merced,047,269075,3511,2084,2,2086,12
2020-07-14,Modoc,049,8938,1,0,0,0,0
2020-07-14,Mono,051,14174,85,48,1,49,1
2020-07-14,Monterey,053,433212,3683,2724,12,2736,18
2020-07-14,Napa,055,140530,777,557,0,557,4
2020-07-14,Nevada,057,99092,257,180,7,187,1
2020-07-14,Orange,059,3164182,35156,26915,431,27346,432
2020-07-14,Placer,061,380077,1593,1122,3,1125,11
2020-07-14,Plumas,063,18699,24,14,0,14,0
2020-07-14,Riverside,065,2383286,35073,27850,35,27885,547
2020-07-14,Sacramento,067,1510023,8333,5978,9,5987,87
2020-07-14,San Benito,069,59416,484,360,0,360,2
2020-07-14,San Bernardino,071,2135413,30172,20489,46,20535,316
2020-07-14,San Diego,073,3302833,25911,20887,2,20889,436
2020-07-14,San Francisco,075,870044,5564,4659,5,4664,50
2020-07-14,San Joaquin,077,732212,9980,7143,5,7148,75
2020-07-14,San Luis Obispo,079,281455,1527,1060,9,1069,5
2020-07-14,San Mateo,081,765935,5022,4173,8,4181,108
2020-07-14,Santa Barbara,083,443738,5450,4641,46,4687,28
2020-07-14,Santa Clara,085,1922200,9145,6686,22,6708,164
2020-07-14,Santa Cruz,087,273765,856,639,7,646,3
2020-07-14,Shasta,089,179085,327,190,1,191,7
2020-07-14,Sierra,091,2930,1,1,0,1,0
2020-07-14,Siskiyou,093,43540,65,38,0,38,0
2020-07-14,Solano,095,438530,3177,2266,10,2276,25
2020-07-14,Sonoma,097,501317,2508,1866,6,1872,14
2020-07-14,Stanislaus,099,539301,7897,5631,10,5641,53
2020-07-14,Sutter,101,95872,524,405,0,405,2
2020-07-14,Tehama,103,63373,168,123,2,125,1
2020-07-14,Trinity,105,12862,21,2,5,7,0
2020-07-14,Tulare,107,460477,8280,6199,30,6229,156
2020-07-14,Tuolumne,109,53932,105,68,3,71,0
2020-07-14,Ventura,111,848112,6716,4950,26,4976,50
2020-07-14,Yolo,113,214977,1332,966,3,969,27
2020-07-14,Yuba,115,75493,261,210,0,210,1
2020-07-13,Alameda,001,1643700,10050,8115,14,8129,148
2020-07-13,Alpine,003,1148,2,1,0,1,0
2020-07-13,Amador,005,37829,65,42,0,42,0
2020-07-13,Butte,007,227075,676,354,9,363,4
2020-07-13,Calaveras,009,45235,87,63,0,63,0
2020-07-13,Colusa,011,21464,242,116,0,116,0
2020-07-13,Contra Costa,013,1133247,6748,4882,13,4895,88
2020-07-13,Del Norte,015,27424,74,59,0,59,0
2020-07-13,El Dorado,017,186661,536,298,4,302,0
2020-07-13,Fresno,019,978130,15376,8666,120,8786,95
2020-07-13,Glenn,021,27897,261,168,0,168,0
2020-07-13,Humboldt,023,135768,205,174,1,175,4
2020-07-13,Imperial,025,180216,9328,7052,5,7057,109
2020-07-13,Inyo,027,18085,41,35,1,36,1
2020-07-13,Kern,029,883053,16957,6808,52,6860,107
2020-07-13,Kings,031,150075,3512,2824,22,2846,37
2020-07-13,Lake,033,64148,166,118,0,118,1
2020-07-13,Lassen,035,31185,498,237,2,239,0
2020-07-13,Los Angeles,037,10098052,158069,136368,215,136583,3829
2020-07-13,Madera,039,155013,1750,1059,3,1062,4
2020-07-13,Marin,041,260295,4378,3402,5,3407,21
2020-07-13,Mariposa,043,17540,40,31,0,31,1
2020-07-13,Mendocino,045,87422,180,87,0,87,0
2020-07-13,Merced,047,269075,3362,2007,2,2009,12
2020-07-13,Modoc,049,8938,1,0,0,0,0
2020-07-13,Mono,051,14174,81,47,0,47,1
2020-07-13,Monterey,053,433212,3560,2613,9,2622,18
2020-07-13,Napa,055,140530,741,534,0,534,4
2020-07-13,Nevada,057,99092,243,172,7,179,1
2020-07-13,Orange,059,3164182,34291,25978,399,26377,423
2020-07-13,Placer,061,380077,1548,1096,3,1099,11
2020-07-13,Plumas,063,18699,22,14,0,14,0
2020-07-13,Riverside,065,2383286,34148,27136,33,27169,545
2020-07-13,Sacramento,067,1510023,8036,5747,9,5756,85
2020-07-13,San Benito,069,59416,471,343,0,343,2
2020-07-13,San Bernardino,071,2135413,29295,19610,40,19650,313
2020-07-13,San Diego,073,3302833,25344,20348,2,20350,422
2020-07-13,San Francisco,075,870044,5437,4534,4,4538,50
2020-07-13,San Joaquin,077,732212,9565,6927,5,6932,71
2020-07-13,San Luis Obispo,079,281455,1496,989,9,998,5
2020-07-13,San Mateo,081,765935,4891,4057,8,4065,108
2020-07-13,Santa Barbara,083,443738,5336,4441,45,4486,28
2020-07-13,Santa Clara,085,1922200,8822,6488,21,6509,164
2020-07-13,Santa Cruz,087,273765,818,574,7,581,3
2020-07-13,Shasta,089,179085,316,185,1,186,6
2020-07-13,Sierra,091,2930,1,1,0,1,0
2020-07-13,Siskiyou,093,43540,61,37,0,37,0
2020-07-13,Solano,095,438530,3065,2046,10,2056,23
2020-07-13,Sonoma,097,501317,2397,1818,6,1824,14
2020-07-13,Stanislaus,099,539301,7594,5324,9,5333,53
2020-07-13,Sutter,101,95872,486,379,0,379,2
2020-07-13,Tehama,103,63373,155,112,2,114,1
2020-07-13,Trinity,105,12862,21,2,5,7,0
2020-07-13,Tulare,107,460477,8019,5930,28,5958,147
2020-07-13,Tuolumne,109,53932,97,56,3,59,0
2020-07-13,Ventura,111,848112,6526,4800,23,4823,50
2020-07-13,Yolo,113,214977,1286,941,3,944,27
2020-07-13,Yuba,115,75493,246,194,0,194,1
2020-07-12,Alameda,001,1643700,9779,8056,14,8070,148
2020-07-12,Alpine,003,1148,2,1,0,1,0
2020-07-12,Amador,005,37829,55,40,0,40,0
2020-07-12,Butte,007,227075,626,341,8,349,4
2020-07-12,Calaveras,009,45235,87,62,0,62,0
2020-07-12,Colusa,011,21464,208,116,0,116,0
2020-07-12,Contra Costa,013,1133247,6478,4708,11,4719,88
2020-07-12,Del Norte,015,27424,63,59,0,59,0
2020-07-12,El Dorado,017,186661,514,290,4,294,0
2020-07-12,Fresno,019,978130,14951,8407,115,8522,95
2020-07-12,Glenn,021,27897,248,166,0,166,0
2020-07-12,Humboldt,023,135768,201,174,1,175,4
2020-07-12,Imperial,025,180216,9211,6999,5,7004,109
2020-07-12,Inyo,027,18085,39,35,1,36,1
2020-07-12,Kern,029,883053,16214,6662,49,6711,105
2020-07-12,Kings,031,150075,3450,2779,22,2801,34
2020-07-12,Lake,033,64148,157,114,0,114,1
2020-07-12,Lassen,035,31185,491,237,2,239,0
2020-07-12,Los Angeles,037,10098052,154645,133830,186,134016,3816
2020-07-12,Madera,039,155013,1695,1025,3,1028,4
2020-07-12,Marin,041,260295,4301,3358,5,3363,21
2020-07-12,Mariposa,043,17540,39,31,0,31,1
2020-07-12,Mendocino,045,87422,161,88,0,88,0
2020-07-12,Merced,047,269075,3232,1908,2,1910,12
2020-07-12,Modoc,049,8938,1,0,0,0,0
2020-07-12,Mono,051,14174,71,45,0,45,1
2020-07-12,Monterey,053,433212,3445,2521,9,2530,18
2020-07-12,Napa,055,140530,709,519,0,519,4
2020-07-12,Nevada,057,99092,233,166,7,173,1
2020-07-12,Orange,059,3164182,33415,25399,390,25789,422
2020-07-12,Placer,061,380077,1491,1058,3,1061,11
2020-07-12,Plumas,063,18699,21,14,0,14,0
2020-07-12,Riverside,065,2383286,33390,26404,32,26436,542
2020-07-12,Sacramento,067,1510023,7724,5515,7,5522,85
2020-07-12,San Benito,069,59416,456,324,0,324,2
2020-07-12,San Bernardino,071,2135413,28383,19042,36,19078,312
2020-07-12,San Diego,073,3302833,24714,19929,2,19931,422
2020-07-12,San Francisco,075,870044,5287,4535,4,4539,50
2020-07-12,San Joaquin,077,732212,9203,6703,5,6708,71
2020-07-12,San Luis Obispo,079,281455,1449,972,8,980,5
2020-07-12,San Mateo,081,765935,4773,3988,8,3996,108
2020-07-12,Santa Barbara,083,443738,5206,4353,44,4397,28
2020-07-12,Santa Clara,085,1922200,8584,6252,20,6272,164
2020-07-12,Santa Cruz,087,273765,776,573,5,578,3
2020-07-12,Shasta,089,179085,310,173,1,174,6
2020-07-12,Sierra,091,2930,1,1,0,1,0
2020-07-12,Siskiyou,093,43540,59,36,0,36,0
2020-07-12,Solano,095,438530,2940,2037,10,2047,23
2020-07-12,Sonoma,097,501317,2303,1743,6,1749,13
2020-07-12,Stanislaus,099,539301,7290,5177,9,5186,53
2020-07-12,Sutter,101,95872,468,362,0,362,2
2020-07-12,Tehama,103,63373,148,111,2,113,1
2020-07-12,Trinity,105,12862,21,2,5,7,0
2020-07-12,Tulare,107,460477,7764,5864,27,5891,146
2020-07-12,Tuolumne,109,53932,89,52,3,55,0
2020-07-12,Ventura,111,848112,6310,4724,22,4746,50
2020-07-12,Yolo,113,214977,1245,889,3,892,27
2020-07-12,Yuba,115,75493,235,188,0,188,1
2020-07-11,Alameda,001,1643700,9677,7845,14,7859,148
2020-07-11,Alpine,003,1148,2,1,0,1,0
2020-07-11,Amador,005,37829,51,37,0,37,0
2020-07-11,Butte,007,227075,610,325,8,333,4
2020-07-11,Calaveras,009,45235,84,62,0,62,0
2020-07-11,Colusa,011,21464,203,110,0,110,0
2020-07-11,Contra Costa,013,1133247,6362,4650,11,4661,87
2020-07-11,Del Norte,015,27424,63,59,0,59,0
2020-07-11,El Dorado,017,186661,503,283,4,287,0
2020-07-11,Fresno,019,978130,14691,8086,113,8199,95
2020-07-11,Glenn,021,27897,240,161,0,161,0
2020-07-11,Humboldt,023,135768,200,174,1,175,4
2020-07-11,Imperial,025,180216,9172,6884,5,6889,109
2020-07-11,Inyo,027,18085,39,35,1,36,1
2020-07-11,Kern,029,883053,15857,6509,48,6557,103
2020-07-11,Kings,031,150075,3423,2753,22,2775,33
2020-07-11,Lake,033,64148,156,110,0,110,1
2020-07-11,Lassen,035,31185,490,237,2,239,0
2020-07-11,Los Angeles,037,10098052,152927,130479,176,130655,3802
2020-07-11,Madera,039,155013,1654,988,3,991,4
2020-07-11,Marin,041,260295,4273,3191,5,3196,21
2020-07-11,Mariposa,043,17540,39,31,0,31,1
2020-07-11,Mendocino,045,87422,157,88,0,88,0
2020-07-11,Merced,047,269075,3151,1851,2,1853,12
2020-07-11,Modoc,049,8938,1,0,0,0,0
2020-07-11,Mono,051,14174,68,45,0,45,1
2020-07-11,Monterey,053,433212,3356,2376,8,2384,18
2020-07-11,Napa,055,140530,697,509,0,509,4
2020-07-11,Nevada,057,99092,224,163,6,169,1
2020-07-11,Orange,059,3164182,33038,24430,376,24806,422
2020-07-11,Placer,061,380077,1456,1029,3,1032,11
2020-07-11,Plumas,063,18699,21,12,0,12,0
2020-07-11,Riverside,065,2383286,33000,25994,32,26026,538
2020-07-11,Sacramento,067,1510023,7550,5367,7,5374,84
2020-07-11,San Benito,069,59416,441,314,0,314,2
2020-07-11,San Bernardino,071,2135413,27946,18907,34,18941,310
2020-07-11,San Diego,073,3302833,24322,19371,2,19373,422
2020-07-11,San Francisco,075,870044,5191,4430,3,4433,50
2020-07-11,San Joaquin,077,732212,9025,6518,5,6523,72
2020-07-11,San Luis Obispo,079,281455,1401,930,8,938,4
2020-07-11,San Mateo,081,765935,4705,3956,8,3964,108
2020-07-11,Santa Barbara,083,443738,5137,4283,43,4326,28
2020-07-11,Santa Clara,085,1922200,8425,5959,20,5979,164
2020-07-11,Santa Cruz,087,273765,745,571,5,576,3
2020-07-11,Shasta,089,179085,303,168,1,169,6
2020-07-11,Sierra,091,2930,1,1,0,1,0
2020-07-11,Siskiyou,093,43540,59,36,0,36,0
2020-07-11,Solano,095,438530,2899,2034,10,2044,23
2020-07-11,Sonoma,097,501317,2265,1690,6,1696,13
2020-07-11,Stanislaus,099,539301,7149,4911,9,4920,51
2020-07-11,Sutter,101,95872,452,352,0,352,2
2020-07-11,Tehama,103,63373,146,111,2,113,1
2020-07-11,Trinity,105,12862,21,2,5,7,0
2020-07-11,Tulare,107,460477,7658,5780,27,5807,149
2020-07-11,Tuolumne,109,53932,87,50,3,53,0
2020-07-11,Ventura,111,848112,6214,4545,21,4566,49
2020-07-11,Yolo,113,214977,1216,833,3,836,27
2020-07-11,Yuba,115,75493,225,175,0,175,1
2020-07-10,Alameda,001,1643700,9520,7551,14,7565,147
2020-07-10,Alpine,003,1148,2,1,0,1,0
2020-07-10,Amador,005,37829,47,37,0,37,0
2020-07-10,Butte,007,227075,599,318,8,326,4
2020-07-10,Calaveras,009,45235,84,61,0,61,0
2020-07-10,Colusa,011,21464,197,103,0,103,0
2020-07-10,Contra Costa,013,1133247,6220,4482,11,4493,86
2020-07-10,Del Norte,015,27424,63,57,0,57,0
2020-07-10,El Dorado,017,186661,485,266,4,270,0
2020-07-10,Fresno,019,978130,14359,7760,110,7870,93
2020-07-10,Glenn,021,27897,235,157,0,157,0
2020-07-10,Humboldt,023,135768,199,168,1,169,4
2020-07-10,Imperial,025,180216,9127,6878,4,6882,98
2020-07-10,Inyo,027,18085,39,35,1,36,1
2020-07-10,Kern,029,883053,15424,6344,47,6391,102
2020-07-10,Kings,031,150075,3387,2707,22,2729,33
2020-07-10,Lake,033,64148,149,104,0,104,1
2020-07-10,Lassen,035,31185,489,235,2,237,0
2020-07-10,Los Angeles,037,10098052,150507,127503,170,127673,3750
2020-07-10,Madera,039,155013,1608,914,3,917,4
2020-07-10,Marin,041,260295,4210,3101,5,3106,21
2020-07-10,Mariposa,043,17540,38,31,0,31,1
2020-07-10,Mendocino,045,87422,149,88,0,88,0
2020-07-10,Merced,047,269075,3072,1802,2,1804,12
2020-07-10,Modoc,049,8938,1,0,0,0,0
2020-07-10,Mono,051,14174,67,45,0,45,1
2020-07-10,Monterey,053,433212,3278,2285,8,2293,18
2020-07-10,Napa,055,140530,686,496,0,496,4
2020-07-10,Nevada,057,99092,219,161,6,167,1
2020-07-10,Orange,059,3164182,32451,23692,373,24065,416
2020-07-10,Placer,061,380077,1414,1002,3,1005,11
2020-07-10,Plumas,063,18699,19,12,0,12,0
2020-07-10,Riverside,065,2383286,32482,25481,32,25513,533
2020-07-10,Sacramento,067,1510023,7295,5181,7,5188,81
2020-07-10,San Benito,069,59416,432,302,0,302,2
2020-07-10,San Bernardino,071,2135413,27422,18242,31,18273,308
2020-07-10,San Diego,073,3302833,23938,18862,2,18864,420
2020-07-10,San Francisco,075,870044,5100,4305,3,4308,50
2020-07-10,San Joaquin,077,732212,8792,6225,5,6230,67
2020-07-10,San Luis Obispo,079,281455,1363,891,8,899,4
2020-07-10,San Mateo,081,765935,4640,3844,8,3852,107
2020-07-10,Santa Barbara,083,443738,5040,4177,42,4219,28
2020-07-10,Santa Clara,085,1922200,8201,5819,20,5839,164
2020-07-10,Santa Cruz,087,273765,717,540,5,545,3
2020-07-10,Shasta,089,179085,299,158,1,159,6
2020-07-10,Sierra,091,2930,1,1,0,1,0
2020-07-10,Siskiyou,093,43540,59,31,0,31,0
2020-07-10,Solano,095,438530,2852,1950,10,1960,23
2020-07-10,Sonoma,097,501317,2218,1606,5,1611,13
2020-07-10,Stanislaus,099,539301,6979,4781,9,4790,46
2020-07-10,Sutter,101,95872,445,338,0,338,2
2020-07-10,Tehama,103,63373,145,107,2,109,1
2020-07-10,Trinity,105,12862,21,2,5,7,0
2020-07-10,Tulare,107,460477,7521,5677,27,5704,150
2020-07-10,Tuolumne,109,53932,86,49,3,52,0
2020-07-10,Ventura,111,848112,6100,4416,21,4437,48
2020-07-10,Yolo,113,214977,1192,794,3,797,27
2020-07-10,Yuba,115,75493,211,164,0,164,1
2020-07-09,Alameda,001,1643700,9284,7433,14,7447,146
2020-07-09,Alpine,003,1148,2,1,0,1,0
2020-07-09,Amador,005,37829,44,36,0,36,0
2020-07-09,Butte,007,227075,567,295,8,303,4
2020-07-09,Calaveras,009,45235,83,59,0,59,0
2020-07-09,Colusa,011,21464,189,97,0,97,0
2020-07-09,Contra Costa,013,1133247,5976,4388,11,4399,86
2020-07-09,Del Norte,015,27424,63,57,0,57,0
2020-07-09,El Dorado,017,186661,460,255,4,259,0
2020-07-09,Fresno,019,978130,13905,7385,107,7492,90
2020-07-09,Glenn,021,27897,225,150,0,150,0
2020-07-09,Humboldt,023,135768,196,166,1,167,4
2020-07-09,Imperial,025,180216,9030,6778,4,6782,87
2020-07-09,Inyo,027,18085,37,35,1,36,1
2020-07-09,Kern,029,883053,14779,6100,45,6145,95
2020-07-09,Kings,031,150075,3323,2686,21,2707,33
2020-07-09,Lake,033,64148,146,99,0,99,1
2020-07-09,Lassen,035,31185,433,221,2,223,0
2020-07-09,Los Angeles,037,10098052,147245,125062,147,125209,3698
2020-07-09,Madera,039,155013,1531,850,3,853,4
2020-07-09,Marin,041,260295,4058,2975,4,2979,20
2020-07-09,Mariposa,043,17540,38,32,0,32,1
2020-07-09,Mendocino,045,87422,145,88,0,88,0
2020-07-09,Merced,047,269075,2939,1728,2,1730,11
2020-07-09,Modoc,049,8938,1,0,0,0,0
2020-07-09,Mono,051,14174,63,45,0,45,1
2020-07-09,Monterey,053,433212,3153,2223,8,2231,17
2020-07-09,Napa,055,140530,669,468,0,468,4
2020-07-09,Nevada,057,99092,213,156,6,162,1
2020-07-09,Orange,059,3164182,31481,22960,355,23315,407
2020-07-09,Placer,061,380077,1372,982,3,985,11
2020-07-09,Plumas,063,18699,19,12,0,12,0
2020-07-09,Riverside,065,2383286,31589,24980,31,25011,529
2020-07-09,Sacramento,067,1510023,6968,4950,7,4957,81
2020-07-09,San Benito,069,59416,416,295,0,295,2
2020-07-09,San Bernardino,071,2135413,26550,17339,25,17364,307
2020-07-09,San Diego,073,3302833,23346,18404,2,18406,415
2020-07-09,San Francisco,075,870044,4968,4143,3,4146,50
2020-07-09,San Joaquin,077,732212,8434,6004,5,6009,66
2020-07-09,San Luis Obispo,079,281455,1323,869,8,877,3
2020-07-09,San Mateo,081,765935,4514,3792,8,3800,106
2020-07-09,Santa Barbara,083,443738,4908,4068,42,4110,28
2020-07-09,Santa Clara,085,1922200,7944,5638,19,5657,164
2020-07-09,Santa Cruz,087,273765,690,526,5,531,3
2020-07-09,Shasta,089,179085,293,155,1,156,5
2020-07-09,Sierra,091,2930,1,1,0,1,0
2020-07-09,Siskiyou,093,43540,55,31,0,31,0
2020-07-09,Solano,095,438530,2754,1892,10,1902,23
2020-07-09,Sonoma,097,501317,2132,1584,5,1589,13
2020-07-09,Stanislaus,099,539301,6664,4633,8,4641,46
2020-07-09,Sutter,101,95872,428,321,0,321,2
2020-07-09,Tehama,103,63373,140,102,2,104,1
2020-07-09,Trinity,105,12862,21,2,5,7,0
2020-07-09,Tulare,107,460477,7302,5501,26,5527,146
2020-07-09,Tuolumne,109,53932,85,47,3,50,0
2020-07-09,Ventura,111,848112,5932,4278,21,4299,47
2020-07-09,Yolo,113,214977,1144,764,3,767,27
2020-07-09,Yuba,115,75493,194,152,0,152,1
2020-07-08,Alameda,001,1643700,8992,7335,14,7349,142
2020-07-08,Alpine,003,1148,2,1,0,1,0
2020-07-08,Amador,005,37829,41,35,0,35,0
2020-07-08,Butte,007,227075,530,281,8,289,3
2020-07-08,Calaveras,009,45235,78,58,0,58,0
2020-07-08,Colusa,011,21464,176,90,0,90,0
2020-07-08,Contra Costa,013,1133247,5730,4268,9,4277,84
2020-07-08,Del Norte,015,27424,61,57,0,57,0
2020-07-08,El Dorado,017,186661,438,248,4,252,0
2020-07-08,Fresno,019,978130,13489,7102,99,7201,86
2020-07-08,Glenn,021,27897,214,146,0,146,0
2020-07-08,Humboldt,023,135768,193,162,1,163,4
2020-07-08,Imperial,025,180216,8943,6727,4,6731,76
2020-07-08,Inyo,027,18085,37,35,1,36,1
2020-07-08,Kern,029,883053,14201,5873,43,5916,91
2020-07-08,Kings,031,150075,3263,2629,18,2647,33
2020-07-08,Lake,033,64148,139,97,0,97,1
2020-07-08,Lassen,035,31185,337,221,2,223,0
2020-07-08,Los Angeles,037,10098052,144042,123462,120,123582,3650
2020-07-08,Madera,039,155013,1461,828,3,831,4
2020-07-08,Marin,041,260295,3959,2756,4,2760,17
2020-07-08,Mariposa,043,17540,38,31,0,31,1
2020-07-08,Mendocino,045,87422,132,84,0,84,0
2020-07-08,Merced,047,269075,2819,1578,2,1580,11
2020-07-08,Modoc,049,8938,1,0,0,0,0
2020-07-08,Mono,051,14174,60,45,0,45,1
2020-07-08,Monterey,053,433212,3035,2182,7,2189,17
2020-07-08,Napa,055,140530,647,468,0,468,4
2020-07-08,Nevada,057,99092,204,156,6,162,1
2020-07-08,Orange,059,3164182,30530,22088,350,22438,378
2020-07-08,Placer,061,380077,1325,948,3,951,11
2020-07-08,Plumas,063,18699,19,12,0,12,0
2020-07-08,Riverside,065,2383286,30625,24042,30,24072,508
2020-07-08,Sacramento,067,1510023,6679,4799,7,4806,80
2020-07-08,San Benito,069,59416,400,282,0,282,2
2020-07-08,San Bernardino,071,2135413,25696,16510,21,16531,296
2020-07-08,San Diego,073,3302833,22776,17844,2,17846,406
2020-07-08,San Francisco,075,870044,4879,4093,3,4096,50
2020-07-08,San Joaquin,077,732212,8091,5759,5,5764,61
2020-07-08,San Luis Obispo,079,281455,1271,825,8,833,2
2020-07-08,San Mateo,081,765935,4393,3733,8,3741,106
2020-07-08,Santa Barbara,083,443738,4789,3985,42,4027,28
2020-07-08,Santa Clara,085,1922200,7711,5510,19,5529,164
2020-07-08,Santa Cruz,087,273765,657,509,4,513,3
2020-07-08,Shasta,089,179085,284,148,1,149,6
2020-07-08,Sierra,091,2930,1,1,0,1,0
2020-07-08,Siskiyou,093,43540,55,31,0,31,0
2020-07-08,Solano,095,438530,2638,1821,10,1831,23
2020-07-08,Sonoma,097,501317,2056,1495,5,1500,9
2020-07-08,Stanislaus,099,539301,6364,4344,8,4352,46
2020-07-08,Sutter,101,95872,403,298,0,298,2
2020-07-08,Tehama,103,63373,134,100,2,102,1
2020-07-08,Trinity,105,12862,20,2,5,7,0
2020-07-08,Tulare,107,460477,7110,5307,21,5328,138
2020-07-08,Tuolumne,109,53932,81,42,3,45,0
2020-07-08,Ventura,111,848112,5767,4139,21,4160,47
2020-07-08,Yolo,113,214977,1100,727,3,730,26
2020-07-08,Yuba,115,75493,181,145,0,145,1
2020-07-07,Alameda,001,1643700,8671,7097,13,7110,141
2020-07-07,Alpine,003,1148,2,1,0,1,0
2020-07-07,Amador,005,37829,41,33,0,33,0
2020-07-07,Butte,007,227075,487,269,8,277,3
2020-07-07,Calaveras,009,45235,76,58,0,58,0
2020-07-07,Colusa,011,21464,143,84,0,84,0
2020-07-07,Contra Costa,013,1133247,5494,4131,8,4139,84
2020-07-07,Del Norte,015,27424,61,57,0,57,0
2020-07-07,El Dorado,017,186661,418,244,4,248,0
2020-07-07,Fresno,019,978130,13036,6738,99,6837,84
2020-07-07,Glenn,021,27897,205,145,0,145,0
2020-07-07,Humboldt,023,135768,190,150,1,151,4
2020-07-07,Imperial,025,180216,8844,6678,4,6682,51
2020-07-07,Inyo,027,18085,36,32,1,33,1
2020-07-07,Kern,029,883053,13502,5645,39,5684,88
2020-07-07,Kings,031,150075,3200,2623,16,2639,33
2020-07-07,Lake,033,64148,129,94,0,94,1
2020-07-07,Lassen,035,31185,266,219,2,221,0
2020-07-07,Los Angeles,037,10098052,140470,121026,113,121139,3588
2020-07-07,Madera,039,155013,1417,794,3,797,4
2020-07-07,Marin,041,260295,3870,2627,4,2631,17
2020-07-07,Mariposa,043,17540,38,31,0,31,1
2020-07-07,Mendocino,045,87422,124,82,0,82,0
2020-07-07,Merced,047,269075,2645,1531,2,1533,10
2020-07-07,Modoc,049,8938,1,0,0,0,0
2020-07-07,Mono,051,14174,59,42,0,42,1
2020-07-07,Monterey,053,433212,2892,2166,7,2173,17
2020-07-07,Napa,055,140530,628,459,0,459,4
2020-07-07,Nevada,057,99092,198,150,6,156,1
2020-07-07,Orange,059,3164182,29519,21741,336,22077,373
2020-07-07,Placer,061,380077,1284,930,3,933,11
2020-07-07,Plumas,063,18699,17,12,0,12,0
2020-07-07,Riverside,065,2383286,29609,23279,30,23309,499
2020-07-07,Sacramento,067,1510023,6337,4592,7,4599,76
2020-07-07,San Benito,069,59416,382,274,0,274,2
2020-07-07,San Bernardino,071,2135413,24827,16004,19,16023,277
2020-07-07,San Diego,073,3302833,22057,17580,2,17582,399
2020-07-07,San Francisco,075,870044,4786,4045,2,4047,50
2020-07-07,San Joaquin,077,732212,7749,5547,5,5552,59
2020-07-07,San Luis Obispo,079,281455,1210,795,8,803,2
2020-07-07,San Mateo,081,765935,4278,3691,8,3699,106
2020-07-07,Santa Barbara,083,443738,4661,3866,41,3907,27
2020-07-07,Santa Clara,085,1922200,7442,5438,19,5457,164
2020-07-07,Santa Cruz,087,273765,623,502,3,505,2
2020-07-07,Shasta,089,179085,271,144,1,145,6
2020-07-07,Sierra,091,2930,1,1,0,1,0
2020-07-07,Siskiyou,093,43540,54,30,0,30,0
2020-07-07,Solano,095,438530,2527,1776,9,1785,22
2020-07-07,Sonoma,097,501317,1985,1473,5,1478,8
2020-07-07,Stanislaus,099,539301,6025,4101,8,4109,46
2020-07-07,Sutter,101,95872,377,273,0,273,2
2020-07-07,Tehama,103,63373,125,95,2,97,1
2020-07-07,Trinity,105,12862,20,2,5,7,0
2020-07-07,Tulare,107,460477,6930,5189,19,5208,137
2020-07-07,Tuolumne,109,53932,75,40,3,43,0
2020-07-07,Ventura,111,848112,5598,3992,19,4011,46
2020-07-07,Yolo,113,214977,1032,706,3,709,26
2020-07-07,Yuba,115,75493,161,138,0,138,1
2020-07-06,Alameda,001,1643700,8433,6970,13,6983,141
2020-07-06,Alpine,003,1148,1,1,0,1,0
2020-07-06,Amador,005,37829,39,33,0,33,0
2020-07-06,Butte,007,227075,431,257,8,265,2
2020-07-06,Calaveras,009,45235,73,45,0,45,0
2020-07-06,Colusa,011,21464,134,80,0,80,0
2020-07-06,Contra Costa,013,1133247,5264,3901,7,3908,83
2020-07-06,Del Norte,015,27424,60,57,0,57,0
2020-07-06,El Dorado,017,186661,403,232,3,235,0
2020-07-06,Fresno,019,978130,12568,6364,93,6457,82
2020-07-06,Glenn,021,27897,197,129,0,129,0
2020-07-06,Humboldt,023,135768,188,148,1,149,3
2020-07-06,Imperial,025,180216,8725,6443,4,6447,47
2020-07-06,Inyo,027,18085,36,32,1,33,1
2020-07-06,Kern,029,883053,12696,5491,38,5529,82
2020-07-06,Kings,031,150075,3149,2583,11,2594,33
2020-07-06,Lake,033,64148,122,93,0,93,1
2020-07-06,Lassen,035,31185,264,219,2,221,0
2020-07-06,Los Angeles,037,10098052,136866,116707,99,116806,3541
2020-07-06,Madera,039,155013,1347,734,3,737,4
2020-07-06,Marin,041,260295,3630,2136,4,2140,17
2020-07-06,Mariposa,043,17540,36,31,0,31,1
2020-07-06,Mendocino,045,87422,107,72,0,72,0
2020-07-06,Merced,047,269075,2494,1396,2,1398,10
2020-07-06,Modoc,049,8938,1,0,0,0,0
2020-07-06,Mono,051,14174,58,40,0,40,1
2020-07-06,Monterey,053,433212,2803,2078,7,2085,15
2020-07-06,Napa,055,140530,610,454,0,454,4
2020-07-06,Nevada,057,99092,192,146,6,152,1
2020-07-06,Orange,059,3164182,28457,20167,298,20465,372
2020-07-06,Placer,061,380077,1222,904,3,907,11
2020-07-06,Plumas,063,18699,17,11,0,11,0
2020-07-06,Riverside,065,2383286,28554,22485,29,22514,477
2020-07-06,Sacramento,067,1510023,5986,4420,7,4427,71
2020-07-06,San Benito,069,59416,367,264,0,264,2
2020-07-06,San Bernardino,071,2135413,23974,15346,16,15362,272
2020-07-06,San Diego,073,3302833,21325,17002,2,17004,387
2020-07-06,San Francisco,075,870044,4665,3861,2,3863,50
2020-07-06,San Joaquin,077,732212,7379,5104,5,5109,57
2020-07-06,San Luis Obispo,079,281455,1152,751,8,759,2
2020-07-06,San Mateo,081,765935,4186,3650,7,3657,106
2020-07-06,Santa Barbara,083,443738,4524,3763,40,3803,27
2020-07-06,Santa Clara,085,1922200,7171,5369,19,5388,165
2020-07-06,Santa Cruz,087,273765,601,466,2,468,2
2020-07-06,Shasta,089,179085,261,143,1,144,6
2020-07-06,Sierra,091,2930,1,1,0,1,0
2020-07-06,Siskiyou,093,43540,50,30,0,30,0
2020-07-06,Solano,095,438530,2394,1668,9,1677,22
2020-07-06,Sonoma,097,501317,1921,1369,5,1374,8
2020-07-06,Stanislaus,099,539301,5623,3983,8,3991,46
2020-07-06,Sutter,101,95872,350,250,0,250,2
2020-07-06,Tehama,103,63373,122,95,2,97,1
2020-07-06,Trinity,105,12862,19,2,5,7,0
2020-07-06,Tulare,107,460477,6725,5039,17,5056,136
2020-07-06,Tuolumne,109,53932,72,30,3,33,0
2020-07-06,Ventura,111,848112,5405,3912,19,3931,44
2020-07-06,Yolo,113,214977,976,685,3,688,26
2020-07-06,Yuba,115,75493,147,124,0,124,1
2020-07-05,Alameda,001,1643700,8181,6861,13,6874,141
2020-07-05,Alpine,003,1148,1,1,0,1,0
2020-07-05,Amador,005,37829,37,31,0,31,0
2020-07-05,Butte,007,227075,396,248,8,256,2
2020-07-05,Calaveras,009,45235,69,45,0,45,0
2020-07-05,Colusa,011,21464,124,79,0,79,0
2020-07-05,Contra Costa,013,1133247,5024,3665,6,3671,80
2020-07-05,Del Norte,015,27424,60,57,0,57,0
2020-07-05,El Dorado,017,186661,385,227,3,230,0
2020-07-05,Fresno,019,978130,12002,6186,92,6278,82
2020-07-05,Glenn,021,27897,194,129,0,129,0
2020-07-05,Humboldt,023,135768,184,147,1,148,3
2020-07-05,Imperial,025,180216,8591,6441,4,6445,47
2020-07-05,Inyo,027,18085,35,32,1,33,1
2020-07-05,Kern,029,883053,11987,5351,38,5389,82
2020-07-05,Kings,031,150075,3066,2546,10,2556,31
2020-07-05,Lake,033,64148,122,92,0,92,1
2020-07-05,Lassen,035,31185,258,219,2,221,0
2020-07-05,Los Angeles,037,10098052,133640,115133,93,115226,3495
2020-07-05,Madera,039,155013,1269,564,3,567,4
2020-07-05,Marin,041,260295,3447,2080,4,2084,17
2020-07-05,Mariposa,043,17540,36,31,0,31,1
2020-07-05,Mendocino,045,87422,104,72,0,72,0
2020-07-05,Merced,047,269075,2349,1340,2,1342,10
2020-07-05,Modoc,049,8938,1,0,0,0,0
2020-07-05,Mono,051,14174,54,39,0,39,1
2020-07-05,Monterey,053,433212,2700,1994,7,2001,15
2020-07-05,Napa,055,140530,580,450,0,450,4
2020-07-05,Nevada,057,99092,186,141,6,147,1
2020-07-05,Orange,059,3164182,27516,19430,285,19715,372
2020-07-05,Placer,061,380077,1165,855,3,858,11
2020-07-05,Plumas,063,18699,16,11,0,11,0
2020-07-05,Riverside,065,2383286,27698,21511,29,21540,474
2020-07-05,Sacramento,067,1510023,5670,4265,6,4271,71
2020-07-05,San Benito,069,59416,348,258,0,258,2
2020-07-05,San Bernardino,071,2135413,23096,15026,16,15042,270
2020-07-05,San Diego,073,3302833,20634,16728,2,16730,387
2020-07-05,San Francisco,075,870044,4547,3861,2,3863,50
2020-07-05,San Joaquin,077,732212,7060,5015,5,5020,57
2020-07-05,San Luis Obispo,079,281455,1073,730,7,737,2
2020-07-05,San Mateo,081,765935,4076,3575,7,3582,106
2020-07-05,Santa Barbara,083,443738,4377,3671,37,3708,27
2020-07-05,Santa Clara,085,1922200,6878,5237,19,5256,162
2020-07-05,Santa Cruz,087,273765,583,467,0,467,2
2020-07-05,Shasta,089,179085,255,138,1,139,6
2020-07-05,Sierra,091,2930,1,1,0,1,0
2020-07-05,Siskiyou,093,43540,46,30,0,30,0
2020-07-05,Solano,095,438530,2274,1547,9,1556,22
2020-07-05,Sonoma,097,501317,1840,1369,5,1374,8
2020-07-05,Stanislaus,099,539301,5292,3777,7,3784,45
2020-07-05,Sutter,101,95872,322,241,0,241,2
2020-07-05,Tehama,103,63373,120,95,2,97,1
2020-07-05,Trinity,105,12862,19,2,5,7,0
2020-07-05,Tulare,107,460477,6466,4981,15,4996,135
2020-07-05,Tuolumne,109,53932,67,30,3,33,0
2020-07-05,Ventura,111,848112,5202,3866,19,3885,44
2020-07-05,Yolo,113,214977,936,644,3,647,26
2020-07-05,Yuba,115,75493,137,115,0,115,1
2020-07-04,Alameda,001,1643700,8069,6737,13,6750,141
2020-07-04,Alpine,003,1148,1,1,0,1,0
2020-07-04,Amador,005,37829,36,31,0,31,0
2020-07-04,Butte,007,227075,378,224,8,232,2
2020-07-04,Calaveras,009,45235,69,45,0,45,0
2020-07-04,Colusa,011,21464,123,76,0,76,0
2020-07-04,Contra Costa,013,1133247,4876,3583,6,3589,80
2020-07-04,Del Norte,015,27424,60,50,0,50,0
2020-07-04,El Dorado,017,186661,366,211,3,214,0
2020-07-04,Fresno,019,978130,11685,5999,90,6089,82
2020-07-04,Glenn,021,27897,187,128,0,128,0
2020-07-04,Humboldt,023,135768,177,144,1,145,3
2020-07-04,Imperial,025,180216,8542,6441,4,6445,47
2020-07-04,Inyo,027,18085,35,32,1,33,1
2020-07-04,Kern,029,883053,11683,5231,38,5269,81
2020-07-04,Kings,031,150075,3023,2509,10,2519,31
2020-07-04,Lake,033,64148,115,86,0,86,1
2020-07-04,Lassen,035,31185,258,219,2,221,0
2020-07-04,Los Angeles,037,10098052,131824,107256,82,107338,3462
2020-07-04,Madera,039,155013,1223,568,3,571,4
2020-07-04,Marin,041,260295,3418,1962,4,1966,17
2020-07-04,Mariposa,043,17540,36,28,0,28,1
2020-07-04,Mendocino,045,87422,104,72,0,72,0
2020-07-04,Merced,047,269075,2247,1252,2,1254,10
2020-07-04,Modoc,049,8938,1,0,0,0,0
2020-07-04,Mono,051,14174,54,37,0,37,1
2020-07-04,Monterey,053,433212,2620,1878,7,1885,15
2020-07-04,Napa,055,140530,571,426,0,426,4
2020-07-04,Nevada,057,99092,183,125,6,131,1
2020-07-04,Orange,059,3164182,27083,19247,272,19519,372
2020-07-04,Placer,061,380077,1130,796,3,799,11
2020-07-04,Plumas,063,18699,16,11,0,11,0
2020-07-04,Riverside,065,2383286,27331,21508,29,21537,474
2020-07-04,Sacramento,067,1510023,5499,4039,6,4045,71
2020-07-04,San Benito,069,59416,335,255,0,255,2
2020-07-04,San Bernardino,071,2135413,22671,14636,14,14650,270
2020-07-04,San Diego,073,3302833,20174,16166,2,16168,387
2020-07-04,San Francisco,075,870044,4455,3861,2,3863,50
2020-07-04,San Joaquin,077,732212,6848,4807,5,4812,57
2020-07-04,San Luis Obispo,079,281455,1033,699,7,706,2
2020-07-04,San Mateo,081,765935,4013,3532,7,3539,106
2020-07-04,Santa Barbara,083,443738,4302,3520,35,3555,27
2020-07-04,Santa Clara,085,1922200,6686,5045,18,5063,161
2020-07-04,Santa Cruz,087,273765,573,466,0,466,2
2020-07-04,Shasta,089,179085,252,135,1,136,6
2020-07-04,Sierra,091,2930,1,1,0,1,0
2020-07-04,Siskiyou,093,43540,39,30,0,30,0
2020-07-04,Solano,095,438530,2238,1548,9,1557,22
2020-07-04,Sonoma,097,501317,1814,1370,5,1375,8
2020-07-04,Stanislaus,099,539301,5134,3572,7,3579,44
2020-07-04,Sutter,101,95872,303,225,0,225,2
2020-07-04,Tehama,103,63373,117,92,2,94,1
2020-07-04,Trinity,105,12862,19,2,5,7,0
2020-07-04,Tulare,107,460477,6354,4802,14,4816,135
2020-07-04,Tuolumne,109,53932,63,30,3,33,0
2020-07-04,Ventura,111,848112,5078,3687,19,3706,44
2020-07-04,Yolo,113,214977,911,615,3,618,26
2020-07-04,Yuba,115,75493,130,102,0,102,1
2020-07-03,Alameda,001,1643700,7948,6486,13,6499,141
2020-07-03,Alpine,003,1148,1,1,0,1,0
2020-07-03,Amador,005,37829,36,25,0,25,0
2020-07-03,Butte,007,227075,366,212,8,220,2
2020-07-03,Calaveras,009,45235,69,44,0,44,0
2020-07-03,Colusa,011,21464,117,70,0,70,0
2020-07-03,Contra Costa,013,1133247,4742,3447,6,3453,78
2020-07-03,Del Norte,015,27424,60,50,0,50,0
2020-07-03,El Dorado,017,186661,354,201,3,204,0
2020-07-03,Fresno,019,978130,11380,5783,87,5870,81
2020-07-03,Glenn,021,27897,182,122,0,122,0
2020-07-03,Humboldt,023,135768,173,143,1,144,3
2020-07-03,Imperial,025,180216,8494,6345,4,6349,47
2020-07-03,Inyo,027,18085,35,32,1,33,1
2020-07-03,Kern,029,883053,11422,5213,38,5251,81
2020-07-03,Kings,031,150075,2987,2492,10,2502,31
2020-07-03,Lake,033,64148,108,83,0,83,0
2020-07-03,Lassen,035,31185,258,219,2,221,0
2020-07-03,Los Angeles,037,10098052,130309,107236,78,107314,3461
2020-07-03,Madera,039,155013,1178,565,3,568,4
2020-07-03,Marin,041,260295,3390,1776,4,1780,17
2020-07-03,Mariposa,043,17540,36,28,0,28,1
2020-07-03,Mendocino,045,87422,103,72,0,72,0
2020-07-03,Merced,047,269075,2181,1188,2,1190,10
2020-07-03,Modoc,049,8938,1,0,0,0,0
2020-07-03,Mono,051,14174,54,37,0,37,1
2020-07-03,Monterey,053,433212,2550,1804,7,1811,15
2020-07-03,Napa,055,140530,553,388,0,388,4
2020-07-03,Nevada,057,99092,182,125,6,131,1
2020-07-03,Orange,059,3164182,26692,18819,264,19083,366
2020-07-03,Placer,061,380077,1103,745,3,748,11
2020-07-03,Plumas,063,18699,16,11,0,11,0
2020-07-03,Riverside,065,2383286,27025,21171,29,21200,472
2020-07-03,Sacramento,067,1510023,5365,3711,6,3717,71
2020-07-03,San Benito,069,59416,328,243,0,243,2
2020-07-03,San Bernardino,071,2135413,22283,14040,14,14054,269
2020-07-03,San Diego,073,3302833,19719,15698,2,15700,387
2020-07-03,San Francisco,075,870044,4408,3781,2,3783,50
2020-07-03,San Joaquin,077,732212,6709,4416,4,4420,56
2020-07-03,San Luis Obispo,079,281455,998,676,7,683,2
2020-07-03,San Mateo,081,765935,3956,3439,7,3446,106
2020-07-03,Santa Barbara,083,443738,4215,3406,34,3440,27
2020-07-03,Santa Clara,085,1922200,6574,4820,18,4838,161
2020-07-03,Santa Cruz,087,273765,559,436,0,436,2
2020-07-03,Shasta,089,179085,244,113,1,114,6
2020-07-03,Sierra,091,2930,1,1,0,1,0
2020-07-03,Siskiyou,093,43540,36,30,0,30,0
2020-07-03,Solano,095,438530,2194,1496,8,1504,22
2020-07-03,Sonoma,097,501317,1766,1282,5,1287,8
2020-07-03,Stanislaus,099,539301,5010,3021,7,3028,43
2020-07-03,Sutter,101,95872,293,205,0,205,2
2020-07-03,Tehama,103,63373,115,89,2,91,1
2020-07-03,Trinity,105,12862,19,2,5,7,0
2020-07-03,Tulare,107,460477,6239,4656,14,4670,134
2020-07-03,Tuolumne,109,53932,61,27,3,30,0
2020-07-03,Ventura,111,848112,4982,3536,19,3555,44
2020-07-03,Yolo,113,214977,877,586,3,589,25
2020-07-03,Yuba,115,75493,125,96,0,96,1
2020-07-02,Alameda,001,1643700,7822,6386,13,6399,139
2020-07-02,Alpine,003,1148,1,1,0,1,0
2020-07-02,Amador,005,37829,35,23,0,23,0
2020-07-02,Butte,007,227075,349,199,8,207,2
2020-07-02,Calaveras,009,45235,65,42,0,42,0
2020-07-02,Colusa,011,21464,109,60,0,60,0
2020-07-02,Contra Costa,013,1133247,4558,3347,6,3353,77
2020-07-02,Del Norte,015,27424,59,50,0,50,0
2020-07-02,El Dorado,017,186661,343,193,3,196,0
2020-07-02,Fresno,019,978130,10920,5402,86,5488,78
2020-07-02,Glenn,021,27897,176,114,0,114,0
2020-07-02,Humboldt,023,135768,169,138,1,139,3
2020-07-02,Imperial,025,180216,8393,6236,4,6240,47
2020-07-02,Inyo,027,18085,35,29,1,30,1
2020-07-02,Kern,029,883053,10886,5036,36,5072,78
2020-07-02,Kings,031,150075,2936,2419,10,2429,31
2020-07-02,Lake,033,64148,104,81,0,81,0
2020-07-02,Lassen,035,31185,256,218,2,220,0
2020-07-02,Los Angeles,037,10098052,128290,107144,55,107199,3458
2020-07-02,Madera,039,155013,1110,548,3,551,4
2020-07-02,Marin,041,260295,3304,1706,4,1710,17
2020-07-02,Mariposa,043,17540,35,28,0,28,1
2020-07-02,Mendocino,045,87422,99,71,0,71,0
2020-07-02,Merced,047,269075,2084,1122,2,1124,10
2020-07-02,Modoc,049,8938,1,0,0,0,0
2020-07-02,Mono,051,14174,54,37,0,37,1
2020-07-02,Monterey,053,433212,2490,1796,7,1803,15
2020-07-02,Napa,055,140530,536,352,0,352,4
2020-07-02,Nevada,057,99092,176,118,5,123,1
2020-07-02,Orange,059,3164182,25928,17056,251,17307,360
2020-07-02,Placer,061,380077,1079,740,3,743,11
2020-07-02,Plumas,063,18699,15,8,0,8,0
2020-07-02,Riverside,065,2383286,26452,20253,29,20282,458
2020-07-02,Sacramento,067,1510023,5138,3587,6,3593,70
2020-07-02,San Benito,069,59416,320,236,0,236,2
2020-07-02,San Bernardino,071,2135413,21748,13185,14,13199,260
2020-07-02,San Diego,073,3302833,19254,15208,2,15210,377
2020-07-02,San Francisco,075,870044,4313,3676,2,3678,50
2020-07-02,San Joaquin,077,732212,6362,4243,4,4247,56
2020-07-02,San Luis Obispo,079,281455,953,659,7,666,2
2020-07-02,San Mateo,081,765935,3876,3390,7,3397,107
2020-07-02,Santa Barbara,083,443738,4115,3385,32,3417,27
2020-07-02,Santa Clara,085,1922200,6448,4722,18,4740,160
2020-07-02,Santa Cruz,087,273765,536,414,0,414,2
2020-07-02,Shasta,089,179085,241,110,1,111,5
2020-07-02,Sierra,091,2930,1,1,0,1,0
2020-07-02,Siskiyou,093,43540,36,30,0,30,0
2020-07-02,Solano,095,438530,2111,1429,8,1437,21
2020-07-02,Sonoma,097,501317,1708,1244,5,1249,6
2020-07-02,Stanislaus,099,539301,4838,2850,7,2857,41
2020-07-02,Sutter,101,95872,282,195,0,195,2
2020-07-02,Tehama,103,63373,113,86,2,88,1
2020-07-02,Trinity,105,12862,19,2,5,7,0
2020-07-02,Tulare,107,460477,6072,4559,13,4572,132
2020-07-02,Tuolumne,109,53932,58,23,2,25,0
2020-07-02,Ventura,111,848112,4826,3394,19,3413,42
2020-07-02,Yolo,113,214977,845,554,3,557,24
2020-07-02,Yuba,115,75493,115,93,0,93,1
2020-07-01,Alameda,001,1643700,7600,6125,13,6138,137
2020-07-01,Alpine,003,1148,1,1,0,1,0
2020-07-01,Amador,005,37829,34,22,0,22,0
2020-07-01,Butte,007,227075,324,185,8,193,2
2020-07-01,Calaveras,009,45235,63,37,0,37,0
2020-07-01,Colusa,011,21464,103,53,0,53,0
2020-07-01,Contra Costa,013,1133247,4346,3259,6,3265,76
2020-07-01,Del Norte,015,27424,59,50,0,50,0
2020-07-01,El Dorado,017,186661,316,183,3,186,0
2020-07-01,Fresno,019,978130,10486,5111,83,5194,76
2020-07-01,Glenn,021,27897,170,110,0,110,0
2020-07-01,Humboldt,023,135768,164,134,0,134,3
2020-07-01,Imperial,025,180216,8296,6150,4,6154,46
2020-07-01,Inyo,027,18085,34,30,1,31,1
2020-07-01,Kern,029,883053,10253,4853,34,4887,78
2020-07-01,Kings,031,150075,2868,2360,10,2370,30
2020-07-01,Lake,033,64148,103,75,0,75,0
2020-07-01,Lassen,035,31185,255,217,2,219,0
2020-07-01,Los Angeles,037,10098052,125086,105325,46,105371,3408
2020-07-01,Madera,039,155013,1069,519,3,522,4
2020-07-01,Marin,041,260295,3147,1636,4,1640,17
2020-07-01,Mariposa,043,17540,35,29,0,29,1
2020-07-01,Mendocino,045,87422,95,70,0,70,0
2020-07-01,Merced,047,269075,1986,1052,2,1054,10
2020-07-01,Modoc,049,8938,1,0,0,0,0
2020-07-01,Mono,051,14174,51,37,0,37,1
2020-07-01,Monterey,053,433212,2382,1703,6,1709,15
2020-07-01,Napa,055,140530,513,347,0,347,4
2020-07-01,Nevada,057,99092,166,115,5,120,1
2020-07-01,Orange,059,3164182,25043,15662,230,15892,343
2020-07-01,Placer,061,380077,1032,713,3,716,11
2020-07-01,Plumas,063,18699,13,8,0,8,0
2020-07-01,Riverside,065,2383286,25610,19537,28,19565,457
2020-07-01,Sacramento,067,1510023,4883,3425,6,3431,64
2020-07-01,San Benito,069,59416,311,219,0,219,2
2020-07-01,San Bernardino,071,2135413,20853,12712,11,12723,253
2020-07-01,San Diego,073,3302833,18686,14624,2,14626,372
2020-07-01,San Francisco,075,870044,4220,3626,2,3628,50
2020-07-01,San Joaquin,077,732212,6004,3990,4,3994,54
2020-07-01,San Luis Obispo,079,281455,926,613,7,620,1
2020-07-01,San Mateo,081,765935,3814,3326,7,3333,84
2020-07-01,Santa Barbara,083,443738,3995,3268,31,3299,27
2020-07-01,Santa Clara,085,1922200,6260,4547,17,4564,159
2020-07-01,Santa Cruz,087,273765,512,398,0,398,2
2020-07-01,Shasta,089,179085,236,104,1,105,5
2020-07-01,Sierra,091,2930,1,1,0,1,0
2020-07-01,Siskiyou,093,43540,36,28,0,28,0
2020-07-01,Solano,095,438530,2022,1350,8,1358,21
2020-07-01,Sonoma,097,501317,1613,1178,5,1183,6
2020-07-01,Stanislaus,099,539301,4559,2619,7,2626,41
2020-07-01,Sutter,101,95872,269,188,0,188,2
2020-07-01,Tehama,103,63373,106,80,2,82,1
2020-07-01,Trinity,105,12862,19,2,4,6,0
2020-07-01,Tulare,107,460477,5894,4359,13,4372,128
2020-07-01,Tuolumne,109,53932,55,17,2,19,0
2020-07-01,Ventura,111,848112,4684,3224,17,3241,41
2020-07-01,Yolo,113,214977,794,526,3,529,24
2020-07-01,Yuba,115,75493,110,57,0,57,1
2020-06-30,Alameda,001,1643700,7351,5959,11,5970,137
2020-06-30,Alpine,003,1148,1,1,0,1,0
2020-06-30,Amador,005,37829,34,21,0,21,0
2020-06-30,Butte,007,227075,307,163,8,171,2
2020-06-30,Calaveras,009,45235,58,31,0,31,0
2020-06-30,Colusa,011,21464,94,33,0,33,0
2020-06-30,Contra Costa,013,1133247,4139,3140,6,3146,75
2020-06-30,Del Norte,015,27424,59,48,0,48,0
2020-06-30,El Dorado,017,186661,303,175,3,178,0
2020-06-30,Fresno,019,978130,10039,4826,77,4903,75
2020-06-30,Glenn,021,27897,165,96,0,96,0
2020-06-30,Humboldt,023,135768,160,132,0,132,3
2020-06-30,Imperial,025,180216,8197,5968,4,5972,45
2020-06-30,Inyo,027,18085,34,30,1,31,1
2020-06-30,Kern,029,883053,9606,4721,31,4752,75
2020-06-30,Kings,031,150075,2819,2315,7,2322,30
2020-06-30,Lake,033,64148,95,56,0,56,0
2020-06-30,Lassen,035,31185,248,215,2,217,0
2020-06-30,Los Angeles,037,10098052,121503,103640,43,103683,3378
2020-06-30,Madera,039,155013,1012,475,3,478,4
2020-06-30,Marin,041,260295,3076,1614,4,1618,17
2020-06-30,Mariposa,043,17540,34,27,0,27,1
2020-06-30,Mendocino,045,87422,90,65,0,65,0
2020-06-30,Merced,047,269075,1849,970,2,972,10
2020-06-30,Modoc,049,8938,1,0,0,0,0
2020-06-30,Mono,051,14174,49,36,0,36,1
2020-06-30,Monterey,053,433212,2285,1657,6,1663,15
2020-06-30,Napa,055,140530,488,342,0,342,4
2020-06-30,Nevada,057,99092,158,113,5,118,1
2020-06-30,Orange,059,3164182,24112,14354,220,14574,335
2020-06-30,Placer,061,380077,1005,667,3,670,11
2020-06-30,Plumas,063,18699,12,8,0,8,0
2020-06-30,Riverside,065,2383286,24893,18656,27,18683,449
2020-06-30,Sacramento,067,1510023,4594,3246,6,3252,64
2020-06-30,San Benito,069,59416,300,200,0,200,2
2020-06-30,San Bernardino,071,2135413,19871,12375,10,12385,249
2020-06-30,San Diego,073,3302833,17981,14150,2,14152,365
2020-06-30,San Francisco,075,870044,4115,3555,1,3556,50
2020-06-30,San Joaquin,077,732212,5629,3744,4,3748,52
2020-06-30,San Luis Obispo,079,281455,888,583,7,590,1
2020-06-30,San Mateo,081,765935,3736,3268,7,3275,84
2020-06-30,Santa Barbara,083,443738,3879,3102,31,3133,25
2020-06-30,Santa Clara,085,1922200,6058,4346,17,4363,157
2020-06-30,Santa Cruz,087,273765,486,379,0,379,2
2020-06-30,Shasta,089,179085,220,100,1,101,5
2020-06-30,Sierra,091,2930,1,1,0,1,0
2020-06-30,Siskiyou,093,43540,35,26,0,26,0
2020-06-30,Solano,095,438530,1930,1256,8,1264,21
2020-06-30,Sonoma,097,501317,1549,1122,5,1127,6
2020-06-30,Stanislaus,099,539301,4261,2578,7,2585,41
2020-06-30,Sutter,101,95872,246,168,0,168,2
2020-06-30,Tehama,103,63373,104,75,2,77,1
2020-06-30,Trinity,105,12862,19,2,4,6,0
2020-06-30,Tulare,107,460477,5685,4207,13,4220,117
2020-06-30,Tuolumne,109,53932,51,16,2,18,0
2020-06-30,Ventura,111,848112,4550,3030,17,3047,40
2020-06-30,Yolo,113,214977,756,515,3,518,24
2020-06-30,Yuba,115,75493,106,55,0,55,1
2020-06-29,Alameda,001,1643700,7142,5766,11,5777,135
2020-06-29,Alpine,003,1148,1,1,0,1,0
2020-06-29,Amador,005,37829,31,20,0,20,0
2020-06-29,Butte,007,227075,286,157,8,165,2
2020-06-29,Calaveras,009,45235,56,30,0,30,0
2020-06-29,Colusa,011,21464,89,17,0,17,0
2020-06-29,Contra Costa,013,1133247,3976,2976,5,2981,75
2020-06-29,Del Norte,015,27424,59,47,0,47,0
2020-06-29,El Dorado,017,186661,289,163,1,164,0
2020-06-29,Fresno,019,978130,9691,4531,75,4606,74
2020-06-29,Glenn,021,27897,156,77,0,77,0
2020-06-29,Humboldt,023,135768,159,128,0,128,3
2020-06-29,Imperial,025,180216,8066,5512,4,5516,45
2020-06-29,Inyo,027,18085,33,29,0,29,1
2020-06-29,Kern,029,883053,8943,4613,29,4642,73
2020-06-29,Kings,031,150075,2754,2280,7,2287,20
2020-06-29,Lake,033,64148,88,53,0,53,0
2020-06-29,Lassen,035,31185,240,77,2,79,0
2020-06-29,Los Angeles,037,10098052,118465,100846,37,100883,3337
2020-06-29,Madera,039,155013,955,422,3,425,4
2020-06-29,Marin,041,260295,3000,1517,4,1521,17
2020-06-29,Mariposa,043,17540,32,25,0,25,1
2020-06-29,Mendocino,045,87422,87,63,0,63,0
2020-06-29,Merced,047,269075,1743,848,2,850,10
2020-06-29,Modoc,049,8938,1,0,0,0,0
2020-06-29,Mono,051,14174,47,35,0,35,1
2020-06-29,Monterey,053,433212,2213,1614,6,1620,14
2020-06-29,Napa,055,140530,466,317,0,317,4
2020-06-29,Nevada,057,99092,155,107,4,111,1
2020-06-29,Orange,059,3164182,23122,13682,204,13886,324
2020-06-29,Placer,061,380077,969,628,3,631,11
2020-06-29,Plumas,063,18699,12,6,0,6,0
2020-06-29,Riverside,065,2383286,23859,17683,27,17710,432
2020-06-29,Sacramento,067,1510023,4307,2985,6,2991,62
2020-06-29,San Benito,069,59416,285,193,0,193,2
2020-06-29,San Bernardino,071,2135413,18909,11643,10,11653,245
2020-06-29,San Diego,073,3302833,17403,13834,2,13836,361
2020-06-29,San Francisco,075,870044,4038,3389,1,3390,50
2020-06-29,San Joaquin,077,732212,5271,3202,4,3206,52
2020-06-29,San Luis Obispo,079,281455,854,544,7,551,1
2020-06-29,San Mateo,081,765935,3682,3170,7,3177,84
2020-06-29,Santa Barbara,083,443738,3770,2933,30,2963,25
2020-06-29,Santa Clara,085,1922200,5887,4231,17,4248,157
2020-06-29,Santa Cruz,087,273765,468,348,0,348,2
2020-06-29,Shasta,089,179085,212,94,1,95,5
2020-06-29,Sierra,091,2930,1,1,0,1,0
2020-06-29,Siskiyou,093,43540,35,25,0,25,0
2020-06-29,Solano,095,438530,1828,1077,8,1085,21
2020-06-29,Sonoma,097,501317,1477,1103,5,1108,5
2020-06-29,Stanislaus,099,539301,4055,2400,6,2406,36
2020-06-29,Sutter,101,95872,224,152,0,152,2
2020-06-29,Tehama,103,63373,100,63,2,65,1
2020-06-29,Trinity,105,12862,18,2,4,6,0
2020-06-29,Tulare,107,460477,5530,3906,12,3918,117
2020-06-29,Tuolumne,109,53932,47,16,2,18,0
2020-06-29,Ventura,111,848112,4403,2794,17,2811,40
2020-06-29,Yolo,113,214977,723,483,3,486,24
2020-06-29,Yuba,115,75493,93,55,0,55,1
2020-06-28,Alameda,001,1643700,6883,5698,11,5709,135
2020-06-28,Alpine,003,1148,1,1,0,1,0
2020-06-28,Amador,005,37829,29,20,0,20,0
2020-06-28,Butte,007,227075,266,150,8,158,2
2020-06-28,Calaveras,009,45235,51,30,0,30,0
2020-06-28,Colusa,011,21464,74,17,0,17,0
2020-06-28,Contra Costa,013,1133247,3786,2803,4,2807,73
2020-06-28,Del Norte,015,27424,58,47,0,47,0
2020-06-28,El Dorado,017,186661,277,162,1,163,0
2020-06-28,Fresno,019,978130,9328,4365,75,4440,74
2020-06-28,Glenn,021,27897,148,77,0,77,0
2020-06-28,Humboldt,023,135768,156,127,0,127,3
2020-06-28,Imperial,025,180216,7877,5513,4,5517,45
2020-06-28,Inyo,027,18085,33,29,0,29,1
2020-06-28,Kern,029,883053,8392,4541,27,4568,72
2020-06-28,Kings,031,150075,2694,2234,7,2241,18
2020-06-28,Lake,033,64148,84,53,0,53,0
2020-06-28,Lassen,035,31185,240,77,2,79,0
2020-06-28,Los Angeles,037,10098052,115263,98003,33,98036,3316
2020-06-28,Madera,039,155013,907,424,3,427,4
2020-06-28,Marin,041,260295,2654,1473,4,1477,17
2020-06-28,Mariposa,043,17540,32,24,0,24,1
2020-06-28,Mendocino,045,87422,85,63,0,63,0
2020-06-28,Merced,047,269075,1630,814,2,816,10
2020-06-28,Modoc,049,8938,1,0,0,0,0
2020-06-28,Mono,051,14174,47,35,0,35,1
2020-06-28,Monterey,053,433212,2131,1560,6,1566,13
2020-06-28,Napa,055,140530,432,307,0,307,4
2020-06-28,Nevada,057,99092,144,102,3,105,1
2020-06-28,Orange,059,3164182,22148,13213,186,13399,324
2020-06-28,Placer,061,380077,930,618,3,621,11
2020-06-28,Plumas,063,18699,11,6,0,6,0
2020-06-28,Riverside,065,2383286,23031,16848,26,16874,432
2020-06-28,Sacramento,067,1510023,4079,2803,6,2809,63
2020-06-28,San Benito,069,59416,274,190,0,190,2
2020-06-28,San Bernardino,071,2135413,18156,11344,9,11353,245
2020-06-28,San Diego,073,3302833,16858,13333,2,13335,361
2020-06-28,San Francisco,075,870044,3960,3388,1,3389,50
2020-06-28,San Joaquin,077,732212,4934,3201,4,3205,52
2020-06-28,San Luis Obispo,079,281455,815,531,6,537,1
2020-06-28,San Mateo,081,765935,3604,3124,6,3130,84
2020-06-28,Santa Barbara,083,443738,3625,2872,30,2902,25
2020-06-28,Santa Clara,085,1922200,5725,4131,17,4148,156
2020-06-28,Santa Cruz,087,273765,445,349,0,349,2
2020-06-28,Shasta,089,179085,199,89,0,89,5
2020-06-28,Sierra,091,2930,1,1,0,1,0
2020-06-28,Siskiyou,093,43540,35,25,0,25,0
2020-06-28,Solano,095,438530,1753,1077,8,1085,21
2020-06-28,Sonoma,097,501317,1423,1084,5,1089,5
2020-06-28,Stanislaus,099,539301,3849,2376,6,2382,36
2020-06-28,Sutter,101,95872,198,145,0,145,2
2020-06-28,Tehama,103,63373,93,63,2,65,1
2020-06-28,Trinity,105,12862,17,2,4,6,0
2020-06-28,Tulare,107,460477,5363,3812,12,3824,117
2020-06-28,Tuolumne,109,53932,42,14,2,16,0
2020-06-28,Ventura,111,848112,4245,2650,17,2667,40
2020-06-28,Yolo,113,214977,688,468,3,471,24
2020-06-28,Yuba,115,75493,89,39,0,39,1
2020-06-27,Alameda,001,1643700,6787,5581,11,5592,135
2020-06-27,Alpine,003,1148,1,1,0,1,0
2020-06-27,Amador,005,37829,27,20,0,20,0
2020-06-27,Butte,007,227075,258,137,8,145,2
2020-06-27,Calaveras,009,45235,49,30,0,30,0
2020-06-27,Colusa,011,21464,68,17,0,17,0
2020-06-27,Contra Costa,013,1133247,3691,2717,3,2720,72
2020-06-27,Del Norte,015,27424,58,47,0,47,0
2020-06-27,El Dorado,017,186661,271,159,1,160,0
2020-06-27,Fresno,019,978130,9082,4238,75,4313,74
2020-06-27,Glenn,021,27897,144,77,0,77,0
2020-06-27,Humboldt,023,135768,154,127,0,127,3
2020-06-27,Imperial,025,180216,7816,5513,4,5517,45
2020-06-27,Inyo,027,18085,33,29,0,29,1
2020-06-27,Kern,029,883053,8128,4411,26,4437,70
2020-06-27,Kings,031,150075,2668,2187,7,2194,18
2020-06-27,Lake,033,64148,81,42,0,42,0
2020-06-27,Lassen,035,31185,240,33,2,35,0
2020-06-27,Los Angeles,037,10098052,113521,95341,30,95371,3291
2020-06-27,Madera,039,155013,864,427,2,429,4
2020-06-27,Marin,041,260295,2609,1423,4,1427,17
2020-06-27,Mariposa,043,17540,31,22,0,22,1
2020-06-27,Mendocino,045,87422,85,63,0,63,0
2020-06-27,Merced,047,269075,1572,807,1,808,10
2020-06-27,Modoc,049,8938,1,0,0,0,0
2020-06-27,Mono,051,14174,46,35,0,35,1
2020-06-27,Monterey,053,433212,2067,1455,6,1461,12
2020-06-27,Napa,055,140530,422,282,0,282,3
2020-06-27,Nevada,057,99092,140,102,2,104,1
2020-06-27,Orange,059,3164182,21637,12951,181,13132,320
2020-06-27,Placer,061,380077,909,584,3,587,10
2020-06-27,Plumas,063,18699,11,6,0,6,0
2020-06-27,Riverside,065,2383286,22642,16209,26,16235,432
2020-06-27,Sacramento,067,1510023,3962,2685,6,2691,63
2020-06-27,San Benito,069,59416,267,182,0,182,2
2020-06-27,San Bernardino,071,2135413,17778,11238,9,11247,243
2020-06-27,San Diego,073,3302833,16493,12836,2,12838,360
2020-06-27,San Francisco,075,870044,3905,3332,1,3333,49
2020-06-27,San Joaquin,077,732212,4768,2995,4,2999,52
2020-06-27,San Luis Obispo,079,281455,792,505,6,511,1
2020-06-27,San Mateo,081,765935,3547,3083,6,3089,83
2020-06-27,Santa Barbara,083,443738,3553,2799,30,2829,25
2020-06-27,Santa Clara,085,1922200,5619,4006,17,4023,157
2020-06-27,Santa Cruz,087,273765,438,347,0,347,2
2020-06-27,Shasta,089,179085,193,87,0,87,5
2020-06-27,Sierra,091,2930,1,1,0,1,0
2020-06-27,Siskiyou,093,43540,35,25,0,25,0
2020-06-27,Solano,095,438530,1720,1076,8,1084,21
2020-06-27,Sonoma,097,501317,1391,1004,5,1009,5
2020-06-27,Stanislaus,099,539301,3749,2164,6,2170,36
2020-06-27,Sutter,101,95872,191,141,0,141,2
2020-06-27,Tehama,103,63373,90,63,2,65,1
2020-06-27,Trinity,105,12862,17,2,4,6,0
2020-06-27,Tulare,107,460477,5267,3810,12,3822,117
2020-06-27,Tuolumne,109,53932,41,13,2,15,0
2020-06-27,Ventura,111,848112,4145,2471,17,2488,40
2020-06-27,Yolo,113,214977,664,432,3,435,24
2020-06-27,Yuba,115,75493,81,39,0,39,1
2020-06-26,Alameda,001,1643700,6701,5502,10,5512,132
2020-06-26,Alpine,003,1148,1,1,0,1,0
2020-06-26,Amador,005,37829,26,20,0,20,0
2020-06-26,Butte,007,227075,243,135,8,143,2
2020-06-26,Calaveras,009,45235,47,30,0,30,0
2020-06-26,Colusa,011,21464,63,17,0,17,0
2020-06-26,Contra Costa,013,1133247,3579,2676,3,2679,72
2020-06-26,Del Norte,015,27424,57,47,0,47,0
2020-06-26,El Dorado,017,186661,263,159,1,160,0
2020-06-26,Fresno,019,978130,8856,4166,75,4241,74
2020-06-26,Glenn,021,27897,137,71,0,71,0
2020-06-26,Humboldt,023,135768,152,126,0,126,3
2020-06-26,Imperial,025,180216,7753,5400,4,5404,44
2020-06-26,Inyo,027,18085,32,29,0,29,1
2020-06-26,Kern,029,883053,7798,4366,26,4392,70
2020-06-26,Kings,031,150075,2636,2176,6,2182,18
2020-06-26,Lake,033,64148,80,42,0,42,0
2020-06-26,Lassen,035,31185,239,30,2,32,0
2020-06-26,Los Angeles,037,10098052,111356,93328,30,93358,3275
2020-06-26,Madera,039,155013,832,409,2,411,4
2020-06-26,Marin,041,260295,2572,1406,4,1410,17
2020-06-26,Mariposa,043,17540,30,21,0,21,1
2020-06-26,Mendocino,045,87422,82,63,0,63,0
2020-06-26,Merced,047,269075,1526,797,1,798,10
2020-06-26,Modoc,049,8938,1,0,0,0,0
2020-06-26,Mono,051,14174,45,35,0,35,1
2020-06-26,Monterey,053,433212,2015,1449,6,1455,12
2020-06-26,Napa,055,140530,412,277,0,277,3
2020-06-26,Nevada,057,99092,136,101,1,102,1
2020-06-26,Orange,059,3164182,20961,12659,178,12837,320
2020-06-26,Placer,061,380077,880,584,3,587,10
2020-06-26,Plumas,063,18699,11,6,0,6,0
2020-06-26,Riverside,065,2383286,22179,15858,26,15884,430
2020-06-26,Sacramento,067,1510023,3797,2687,6,2693,63
2020-06-26,San Benito,069,59416,263,176,0,176,2
2020-06-26,San Bernardino,071,2135413,17402,11111,9,11120,243
2020-06-26,San Diego,073,3302833,16128,12402,2,12404,358
2020-06-26,San Francisco,075,870044,3850,3330,1,3331,49
2020-06-26,San Joaquin,077,732212,4554,2943,4,2947,52
2020-06-26,San Luis Obispo,079,281455,777,498,6,504,1
2020-06-26,San Mateo,081,765935,3495,3055,6,3061,83
2020-06-26,Santa Barbara,083,443738,3463,2784,28,2812,25
2020-06-26,Santa Clara,085,1922200,5518,3968,17,3985,156
2020-06-26,Santa Cruz,087,273765,431,344,0,344,2
2020-06-26,Shasta,089,179085,186,86,0,86,5
2020-06-26,Sierra,091,2930,1,1,0,1,0
2020-06-26,Siskiyou,093,43540,34,24,0,24,0
2020-06-26,Solano,095,438530,1678,1068,8,1076,21
2020-06-26,Sonoma,097,501317,1360,977,5,982,5
2020-06-26,Stanislaus,099,539301,3636,2157,6,2163,36
2020-06-26,Sutter,101,95872,184,138,0,138,2
2020-06-26,Tehama,103,63373,87,63,2,65,1
2020-06-26,Trinity,105,12862,17,2,4,6,0
2020-06-26,Tulare,107,460477,5178,3720,12,3732,117
2020-06-26,Tuolumne,109,53932,39,10,2,12,0
2020-06-26,Ventura,111,848112,4059,2444,17,2461,40
2020-06-26,Yolo,113,214977,641,418,3,421,24
2020-06-26,Yuba,115,75493,75,38,0,38,1
2020-06-25,Alameda,001,1643700,6512,5398,10,5408,130
2020-06-25,Alpine,003,1148,1,1,0,1,0
2020-06-25,Amador,005,37829,25,18,0,18,0
2020-06-25,Butte,007,227075,238,127,8,135,1
2020-06-25,Calaveras,009,45235,42,26,0,26,0
2020-06-25,Colusa,011,21464,53,14,0,14,0
2020-06-25,Contra Costa,013,1133247,3394,2591,3,2594,71
2020-06-25,Del Norte,015,27424,55,47,0,47,0
2020-06-25,El Dorado,017,186661,255,150,1,151,0
2020-06-25,Fresno,019,978130,8543,3938,74,4012,71
2020-06-25,Glenn,021,27897,132,59,0,59,0
2020-06-25,Humboldt,023,135768,151,121,0,121,3
2020-06-25,Imperial,025,180216,7624,5192,4,5196,44
2020-06-25,Inyo,027,18085,29,27,0,27,1
2020-06-25,Kern,029,883053,7374,4236,23,4259,69
2020-06-25,Kings,031,150075,2584,2110,6,2116,17
2020-06-25,Lake,033,64148,79,42,0,42,0
2020-06-25,Lassen,035,31185,233,13,2,15,0
2020-06-25,Los Angeles,037,10098052,108590,91524,30,91554,3239
2020-06-25,Madera,039,155013,788,380,2,382,4
2020-06-25,Marin,041,260295,2470,1321,4,1325,17
2020-06-25,Mariposa,043,17540,29,20,0,20,1
2020-06-25,Mendocino,045,87422,79,61,0,61,0
2020-06-25,Merced,047,269075,1439,747,1,748,10
2020-06-25,Modoc,049,8938,1,0,0,0,0
2020-06-25,Mono,051,14174,44,35,0,35,1
2020-06-25,Monterey,053,433212,1927,1426,5,1431,12
2020-06-25,Napa,055,140530,394,260,0,260,3
2020-06-25,Nevada,057,99092,128,92,1,93,1
2020-06-25,Orange,059,3164182,20039,12221,176,12397,311
2020-06-25,Placer,061,380077,826,574,3,577,10
2020-06-25,Plumas,063,18699,10,6,0,6,0
2020-06-25,Riverside,065,2383286,21424,15224,26,15250,427
2020-06-25,Sacramento,067,1510023,3574,2519,6,2525,62
2020-06-25,San Benito,069,59416,255,174,0,174,2
2020-06-25,San Bernardino,071,2135413,16650,10590,9,10599,242
2020-06-25,San Diego,073,3302833,15589,11963,2,11965,352
2020-06-25,San Francisco,075,870044,3784,3252,1,3253,48
2020-06-25,San Joaquin,077,732212,4281,2803,4,2807,50
2020-06-25,San Luis Obispo,079,281455,745,473,6,479,1
2020-06-25,San Mateo,081,765935,3427,2996,6,3002,82
2020-06-25,Santa Barbara,083,443738,3358,2622,27,2649,25
2020-06-25,Santa Clara,085,1922200,5369,3871,17,3888,156
2020-06-25,Santa Cruz,087,273765,419,335,0,335,2
2020-06-25,Shasta,089,179085,176,84,0,84,5
2020-06-25,Sierra,091,2930,1,1,0,1,0
2020-06-25,Siskiyou,093,43540,33,24,0,24,0
2020-06-25,Solano,095,438530,1625,1034,8,1042,21
2020-06-25,Sonoma,097,501317,1311,953,4,957,5
2020-06-25,Stanislaus,099,539301,3424,2130,6,2136,36
2020-06-25,Sutter,101,95872,172,126,0,126,2
2020-06-25,Tehama,103,63373,83,59,2,61,1
2020-06-25,Trinity,105,12862,17,2,4,6,0
2020-06-25,Tulare,107,460477,5047,3656,12,3668,117
2020-06-25,Tuolumne,109,53932,38,10,1,11,0
2020-06-25,Ventura,111,848112,3877,2346,16,2362,40
2020-06-25,Yolo,113,214977,612,397,3,400,24
2020-06-25,Yuba,115,75493,64,38,0,38,1
2020-06-24,Alameda,001,1643700,6350,5242,10,5252,123
2020-06-24,Alpine,003,1148,1,1,0,1,0
2020-06-24,Amador,005,37829,23,16,0,16,0
2020-06-24,Butte,007,227075,222,119,7,126,1
2020-06-24,Calaveras,009,45235,40,26,0,26,0
2020-06-24,Colusa,011,21464,44,11,0,11,0
2020-06-24,Contra Costa,013,1133247,3239,2520,3,2523,66
2020-06-24,Del Norte,015,27424,49,47,0,47,0
2020-06-24,El Dorado,017,186661,239,149,1,150,0
2020-06-24,Fresno,019,978130,8212,3765,74,3839,71
2020-06-24,Glenn,021,27897,124,54,0,54,0
2020-06-24,Humboldt,023,135768,151,117,0,117,3
2020-06-24,Imperial,025,180216,7506,5138,4,5142,38
2020-06-24,Inyo,027,18085,29,28,0,28,1
2020-06-24,Kern,029,883053,6981,4155,21,4176,67
2020-06-24,Kings,031,150075,2520,2063,6,2069,16
2020-06-24,Lake,033,64148,66,40,0,40,0
2020-06-24,Lassen,035,31185,232,9,2,11,0
2020-06-24,Los Angeles,037,10098052,105826,89566,30,89596,3186
2020-06-24,Madera,039,155013,766,373,2,375,4
2020-06-24,Marin,041,260295,2242,1261,4,1265,17
2020-06-24,Mariposa,043,17540,28,19,0,19,1
2020-06-24,Mendocino,045,87422,79,60,0,60,0
2020-06-24,Merced,047,269075,1353,696,1,697,8
2020-06-24,Modoc,049,8938,1,0,0,0,0
2020-06-24,Mono,051,14174,42,35,0,35,1
2020-06-24,Monterey,053,433212,1850,1407,5,1412,12
2020-06-24,Napa,055,140530,377,258,0,258,3
2020-06-24,Nevada,057,99092,122,92,1,93,1
2020-06-24,Orange,059,3164182,19042,11804,158,11962,303
2020-06-24,Placer,061,380077,787,548,3,551,10
2020-06-24,Plumas,063,18699,10,6,0,6,0
2020-06-24,Riverside,065,2383286,20576,14946,26,14972,410
2020-06-24,Sacramento,067,1510023,3370,2446,5,2451,62
2020-06-24,San Benito,069,59416,251,171,0,171,2
2020-06-24,San Bernardino,071,2135413,15836,10211,9,10220,239
2020-06-24,San Diego,073,3302833,15086,11628,2,11630,347
2020-06-24,San Francisco,075,870044,3721,3216,1,3217,48
2020-06-24,San Joaquin,077,732212,4060,2680,4,2684,49
2020-06-24,San Luis Obispo,079,281455,714,461,5,466,1
2020-06-24,San Mateo,081,765935,3370,2964,6,2970,82
2020-06-24,Santa Barbara,083,443738,3239,2569,25,2594,22
2020-06-24,Santa Clara,085,1922200,5238,3812,17,3829,155
2020-06-24,Santa Cruz,087,273765,407,329,0,329,2
2020-06-24,Shasta,089,179085,168,83,0,83,5
2020-06-24,Sierra,091,2930,1,1,0,1,0
2020-06-24,Siskiyou,093,43540,32,24,0,24,0
2020-06-24,Solano,095,438530,1535,979,7,986,21
2020-06-24,Sonoma,097,501317,1262,933,4,937,4
2020-06-24,Stanislaus,099,539301,3245,2039,6,2045,36
2020-06-24,Sutter,101,95872,159,118,0,118,2
2020-06-24,Tehama,103,63373,81,55,2,57,1
2020-06-24,Trinity,105,12862,16,2,3,5,0
2020-06-24,Tulare,107,460477,4892,3541,10,3551,116
2020-06-24,Tuolumne,109,53932,33,9,1,10,0
2020-06-24,Ventura,111,848112,3536,2314,16,2330,42
2020-06-24,Yolo,113,214977,577,376,3,379,24
2020-06-24,Yuba,115,75493,58,37,0,37,1
2020-06-23,Alameda,001,1643700,6169,5159,10,5169,121
2020-06-23,Alpine,003,1148,1,1,0,1,0
2020-06-23,Amador,005,37829,22,13,0,13,0
2020-06-23,Butte,007,227075,204,111,7,118,1
2020-06-23,Calaveras,009,45235,40,26,0,26,0
2020-06-23,Colusa,011,21464,40,7,0,7,0
2020-06-23,Contra Costa,013,1133247,3113,2453,3,2456,60
2020-06-23,Del Norte,015,27424,48,46,0,46,0
2020-06-23,El Dorado,017,186661,230,142,1,143,0
2020-06-23,Fresno,019,978130,7560,3569,72,3641,67
2020-06-23,Glenn,021,27897,120,47,0,47,0
2020-06-23,Humboldt,023,135768,151,110,0,110,3
2020-06-23,Imperial,025,180216,7343,5025,4,5029,38
2020-06-23,Inyo,027,18085,29,26,0,26,1
2020-06-23,Kern,029,883053,6613,4087,18,4105,64
2020-06-23,Kings,031,150075,2455,1727,6,1733,16
2020-06-23,Lake,033,64148,60,40,0,40,0
2020-06-23,Lassen,035,31185,228,9,2,11,0
2020-06-23,Los Angeles,037,10098052,102881,88433,29,88462,3152
2020-06-23,Madera,039,155013,727,369,2,371,4
2020-06-23,Marin,041,260295,1974,1139,4,1143,17
2020-06-23,Mariposa,043,17540,26,18,0,18,1
2020-06-23,Mendocino,045,87422,78,61,0,61,0
2020-06-23,Merced,047,269075,1255,656,1,657,8
2020-06-23,Modoc,049,8938,1,0,0,0,0
2020-06-23,Mono,051,14174,42,35,0,35,1
2020-06-23,Monterey,053,433212,1780,1346,5,1351,12
2020-06-23,Napa,055,140530,362,230,0,230,3
2020-06-23,Nevada,057,99092,116,81,1,82,1
2020-06-23,Orange,059,3164182,18073,11071,155,11226,278
2020-06-23,Placer,061,380077,761,525,3,528,10
2020-06-23,Plumas,063,18699,9,6,0,6,0
2020-06-23,Riverside,065,2383286,19557,14469,26,14495,406
2020-06-23,Sacramento,067,1510023,3191,2374,5,2379,62
2020-06-23,San Benito,069,59416,237,167,0,167,2
2020-06-23,San Bernardino,071,2135413,15055,9771,9,9780,229
2020-06-23,San Diego,073,3302833,14566,11296,2,11298,341
2020-06-23,San Francisco,075,870044,3647,3177,1,3178,48
2020-06-23,San Joaquin,077,732212,3801,2502,4,2506,48
2020-06-23,San Luis Obispo,079,281455,683,445,5,450,1
2020-06-23,San Mateo,081,765935,3305,2907,6,2913,81
2020-06-23,Santa Barbara,083,443738,3144,2498,25,2523,22
2020-06-23,Santa Clara,085,1922200,5092,3700,17,3717,155
2020-06-23,Santa Cruz,087,273765,397,313,0,313,2
2020-06-23,Shasta,089,179085,159,81,0,81,5
2020-06-23,Sierra,091,2930,1,1,0,1,0
2020-06-23,Siskiyou,093,43540,30,24,0,24,0
2020-06-23,Solano,095,438530,1478,941,6,947,21
2020-06-23,Sonoma,097,501317,1209,912,4,916,4
2020-06-23,Stanislaus,099,539301,3069,1850,6,1856,35
2020-06-23,Sutter,101,95872,149,112,0,112,2
2020-06-23,Tehama,103,63373,79,50,2,52,1
2020-06-23,Trinity,105,12862,16,2,3,5,0
2020-06-23,Tulare,107,460477,4770,3456,10,3466,111
2020-06-23,Tuolumne,109,53932,28,9,0,9,0
2020-06-23,Ventura,111,848112,3376,2209,15,2224,40
2020-06-23,Yolo,113,214977,551,350,0,350,24
2020-06-23,Yuba,115,75493,55,35,0,35,1
2020-06-22,Alameda,001,1643700,6018,4944,10,4954,121
2020-06-22,Alpine,003,1148,1,1,0,1,0
2020-06-22,Amador,005,37829,19,12,0,12,0
2020-06-22,Butte,007,227075,185,104,7,111,1
2020-06-22,Calaveras,009,45235,38,20,0,20,0
2020-06-22,Colusa,011,21464,37,7,0,7,0
2020-06-22,Contra Costa,013,1133247,2971,2363,3,2366,60
2020-06-22,Del Norte,015,27424,48,46,0,46,0
2020-06-22,El Dorado,017,186661,221,137,1,138,0
2020-06-22,Fresno,019,978130,7028,3425,72,3497,67
2020-06-22,Glenn,021,27897,111,40,0,40,0
2020-06-22,Humboldt,023,135768,148,110,0,110,3
2020-06-22,Imperial,025,180216,7186,4700,4,4704,38
2020-06-22,Inyo,027,18085,29,26,0,26,1
2020-06-22,Kern,029,883053,6261,3982,16,3998,60
2020-06-22,Kings,031,150075,2406,1513,6,1519,13
2020-06-22,Lake,033,64148,54,37,0,37,0
2020-06-22,Lassen,035,31185,118,7,2,9,0
2020-06-22,Los Angeles,037,10098052,99983,85925,27,85952,3117
2020-06-22,Madera,039,155013,702,333,2,335,4
2020-06-22,Marin,041,260295,1717,1029,4,1033,17
2020-06-22,Mariposa,043,17540,25,18,0,18,1
2020-06-22,Mendocino,045,87422,73,48,0,48,0
2020-06-22,Merced,047,269075,1166,619,1,620,8
2020-06-22,Modoc,049,8938,1,0,0,0,0
2020-06-22,Mono,051,14174,42,34,0,34,1
2020-06-22,Monterey,053,433212,1719,1293,5,1298,12
2020-06-22,Napa,055,140530,338,222,0,222,3
2020-06-22,Nevada,057,99092,111,79,1,80,1
2020-06-22,Orange,059,3164182,17141,10711,152,10863,275
2020-06-22,Placer,061,380077,735,512,3,515,9
2020-06-22,Plumas,063,18699,7,6,0,6,0
2020-06-22,Riverside,065,2383286,18585,13948,26,13974,403
2020-06-22,Sacramento,067,1510023,2974,2243,5,2248,62
2020-06-22,San Benito,069,59416,228,164,0,164,2
2020-06-22,San Bernardino,071,2135413,14282,9133,9,9142,229
2020-06-22,San Diego,073,3302833,14074,11098,2,11100,338
2020-06-22,San Francisco,075,870044,3554,3000,1,3001,47
2020-06-22,San Joaquin,077,732212,3553,2332,4,2336,48
2020-06-22,San Luis Obispo,079,281455,650,422,5,427,1
2020-06-22,San Mateo,081,765935,3232,2813,5,2818,81
2020-06-22,Santa Barbara,083,443738,3052,2447,25,2472,21
2020-06-22,Santa Clara,085,1922200,4929,3580,17,3597,155
2020-06-22,Santa Cruz,087,273765,384,290,0,290,3
2020-06-22,Shasta,089,179085,156,77,0,77,5
2020-06-22,Sierra,091,2930,1,1,0,1,0
2020-06-22,Siskiyou,093,43540,30,23,0,23,0
2020-06-22,Solano,095,438530,1400,784,5,789,21
2020-06-22,Sonoma,097,501317,1165,860,2,862,4
2020-06-22,Stanislaus,099,539301,2884,1784,6,1790,35
2020-06-22,Sutter,101,95872,140,100,0,100,2
2020-06-22,Tehama,103,63373,75,38,2,40,1
2020-06-22,Trinity,105,12862,16,2,3,5,0
2020-06-22,Tulare,107,460477,4633,3185,10,3195,111
2020-06-22,Tuolumne,109,53932,19,8,0,8,0
2020-06-22,Ventura,111,848112,3227,2065,15,2080,39
2020-06-22,Yolo,113,214977,525,333,0,333,24
2020-06-22,Yuba,115,75493,50,36,0,36,1
2020-06-21,Alameda,001,1643700,5823,4835,10,4845,121
2020-06-21,Alpine,003,1148,1,1,0,1,0
2020-06-21,Amador,005,37829,14,12,0,12,0
2020-06-21,Butte,007,227075,171,97,7,104,1
2020-06-21,Calaveras,009,45235,38,20,0,20,0
2020-06-21,Colusa,011,21464,29,7,0,7,0
2020-06-21,Contra Costa,013,1133247,2845,2282,3,2285,60
2020-06-21,Del Norte,015,27424,47,46,0,46,0
2020-06-21,El Dorado,017,186661,212,132,1,133,0
2020-06-21,Fresno,019,978130,6458,3296,70,3366,67
2020-06-21,Glenn,021,27897,102,40,0,40,0
2020-06-21,Humboldt,023,135768,143,108,0,108,3
2020-06-21,Imperial,025,180216,7003,4701,4,4705,38
2020-06-21,Inyo,027,18085,27,26,0,26,1
2020-06-21,Kern,029,883053,5969,3918,14,3932,60
2020-06-21,Kings,031,150075,2342,1334,6,1340,11
2020-06-21,Lake,033,64148,49,36,0,36,0
2020-06-21,Lassen,035,31185,25,7,2,9,0
2020-06-21,Los Angeles,037,10098052,97093,83383,26,83409,3101
2020-06-21,Madera,039,155013,668,319,2,321,4
2020-06-21,Marin,041,260295,1560,907,4,911,17
2020-06-21,Mariposa,043,17540,22,18,0,18,1
2020-06-21,Mendocino,045,87422,70,48,0,48,0
2020-06-21,Merced,047,269075,1071,577,1,578,8
2020-06-21,Modoc,049,8938,1,0,0,0,0
2020-06-21,Mono,051,14174,42,34,0,34,1
2020-06-21,Monterey,053,433212,1646,1227,5,1232,12
2020-06-21,Napa,055,140530,323,218,0,218,3
2020-06-21,Nevada,057,99092,108,79,1,80,1
2020-06-21,Orange,059,3164182,16308,10563,148,10711,275
2020-06-21,Placer,061,380077,695,498,3,501,9
2020-06-21,Plumas,063,18699,7,6,0,6,0
2020-06-21,Riverside,065,2383286,17879,13528,25,13553,402
2020-06-21,Sacramento,067,1510023,2773,2156,4,2160,62
2020-06-21,San Benito,069,59416,214,151,0,151,2
2020-06-21,San Bernardino,071,2135413,13508,8925,8,8933,229
2020-06-21,San Diego,073,3302833,13528,10796,2,10798,338
2020-06-21,San Francisco,075,870044,3448,3000,1,3001,47
2020-06-21,San Joaquin,077,732212,3317,2188,4,2192,48
2020-06-21,San Luis Obispo,079,281455,624,418,5,423,1
2020-06-21,San Mateo,081,765935,3174,2781,5,2786,81
2020-06-21,Santa Barbara,083,443738,2945,2430,24,2454,21
2020-06-21,Santa Clara,085,1922200,4792,3514,17,3531,154
2020-06-21,Santa Cruz,087,273765,374,290,0,290,3
2020-06-21,Shasta,089,179085,146,75,0,75,5
2020-06-21,Sierra,091,2930,1,1,0,1,0
2020-06-21,Siskiyou,093,43540,30,23,0,23,0
2020-06-21,Solano,095,438530,1300,783,4,787,21
2020-06-21,Sonoma,097,501317,1115,836,2,838,4
2020-06-21,Stanislaus,099,539301,2698,1688,6,1694,35
2020-06-21,Sutter,101,95872,132,96,0,96,2
2020-06-21,Tehama,103,63373,64,35,2,37,1
2020-06-21,Trinity,105,12862,15,2,3,5,0
2020-06-21,Tulare,107,460477,4464,3173,10,3183,111
2020-06-21,Tuolumne,109,53932,17,8,0,8,0
2020-06-21,Ventura,111,848112,3049,2021,15,2036,39
2020-06-21,Yolo,113,214977,493,323,0,323,24
2020-06-21,Yuba,115,75493,46,35,0,35,1
2020-06-20,Alameda,001,1643700,5761,4758,10,4768,119
2020-06-20,Alpine,003,1148,1,1,0,1,0
2020-06-20,Amador,005,37829,14,12,0,12,0
2020-06-20,Butte,007,227075,164,94,7,101,1
2020-06-20,Calaveras,009,45235,38,20,0,20,0
2020-06-20,Colusa,011,21464,26,7,0,7,0
2020-06-20,Contra Costa,013,1133247,2786,2231,3,2234,54
2020-06-20,Del Norte,015,27424,47,46,0,46,0
2020-06-20,El Dorado,017,186661,207,130,1,131,0
2020-06-20,Fresno,019,978130,6332,3222,67,3289,67
2020-06-20,Glenn,021,27897,97,40,0,40,0
2020-06-20,Humboldt,023,135768,143,108,0,108,3
2020-06-20,Imperial,025,180216,6922,4616,4,4620,37
2020-06-20,Inyo,027,18085,27,26,0,26,1
2020-06-20,Kern,029,883053,5804,3836,14,3850,59
2020-06-20,Kings,031,150075,2318,1331,6,1337,9
2020-06-20,Lake,033,64148,49,37,0,37,0
2020-06-20,Lassen,035,31185,24,7,2,9,0
2020-06-20,Los Angeles,037,10098052,95522,81604,25,81629,3093
2020-06-20,Madera,039,155013,635,321,2,323,4
2020-06-20,Marin,041,260295,1540,879,4,883,17
2020-06-20,Mariposa,043,17540,22,18,0,18,1
2020-06-20,Mendocino,045,87422,69,48,0,48,0
2020-06-20,Merced,047,269075,1031,566,1,567,8
2020-06-20,Modoc,049,8938,1,0,0,0,0
2020-06-20,Mono,051,14174,42,34,0,34,1
2020-06-20,Monterey,053,433212,1610,1181,5,1186,12
2020-06-20,Napa,055,140530,314,212,0,212,3
2020-06-20,Nevada,057,99092,105,73,1,74,1
2020-06-20,Orange,059,3164182,15958,10284,144,10428,273
2020-06-20,Placer,061,380077,670,483,3,486,9
2020-06-20,Plumas,063,18699,6,6,0,6,0
2020-06-20,Riverside,065,2383286,17579,13021,25,13046,402
2020-06-20,Sacramento,067,1510023,2702,2069,4,2073,63
2020-06-20,San Benito,069,59416,210,139,0,139,2
2020-06-20,San Bernardino,071,2135413,13145,8718,8,8726,229
2020-06-20,San Diego,073,3302833,13205,10486,2,10488,338
2020-06-20,San Francisco,075,870044,3404,2999,1,3000,47
2020-06-20,San Joaquin,077,732212,3235,2046,4,2050,48
2020-06-20,San Luis Obispo,079,281455,610,405,5,410,1
2020-06-20,San Mateo,081,765935,3126,2755,5,2760,81
2020-06-20,Santa Barbara,083,443738,2888,2358,23,2381,21
2020-06-20,Santa Clara,085,1922200,4718,3435,17,3452,154
2020-06-20,Santa Cruz,087,273765,372,287,0,287,3
2020-06-20,Shasta,089,179085,140,66,0,66,5
2020-06-20,Sierra,091,2930,1,1,0,1,0
2020-06-20,Siskiyou,093,43540,29,22,0,22,0
2020-06-20,Solano,095,438530,1276,784,4,788,21
2020-06-20,Sonoma,097,501317,1079,806,2,808,4
2020-06-20,Stanislaus,099,539301,2590,1598,6,1604,35
2020-06-20,Sutter,101,95872,130,89,0,89,2
2020-06-20,Tehama,103,63373,62,35,2,37,1
2020-06-20,Trinity,105,12862,15,2,3,5,0
2020-06-20,Tulare,107,460477,4391,3172,10,3182,111
2020-06-20,Tuolumne,109,53932,14,8,0,8,0
2020-06-20,Ventura,111,848112,2983,1946,15,1961,37
2020-06-20,Yolo,113,214977,477,309,0,309,24
2020-06-20,Yuba,115,75493,44,34,0,34,1
2020-06-19,Alameda,001,1643700,5689,4646,10,4656,119
2020-06-19,Alpine,003,1148,1,1,0,1,0
2020-06-19,Amador,005,37829,14,12,0,12,0
2020-06-19,Butte,007,227075,159,91,7,98,1
2020-06-19,Calaveras,009,45235,37,20,0,20,0
2020-06-19,Colusa,011,21464,24,7,0,7,0
2020-06-19,Contra Costa,013,1133247,2706,2106,3,2109,54
2020-06-19,Del Norte,015,27424,47,46,0,46,0
2020-06-19,El Dorado,017,186661,198,124,1,125,0
2020-06-19,Fresno,019,978130,6170,3109,65,3174,61
2020-06-19,Glenn,021,27897,91,40,0,40,0
2020-06-19,Humboldt,023,135768,141,106,0,106,3
2020-06-19,Imperial,025,180216,6830,4504,4,4508,36
2020-06-19,Inyo,027,18085,27,26,0,26,1
2020-06-19,Kern,029,883053,5581,3742,13,3755,57
2020-06-19,Kings,031,150075,2297,1285,6,1291,9
2020-06-19,Lake,033,64148,46,36,0,36,0
2020-06-19,Lassen,035,31185,23,7,2,9,0
2020-06-19,Los Angeles,037,10098052,93535,79572,24,79596,3047
2020-06-19,Madera,039,155013,616,300,2,302,4
2020-06-19,Marin,041,260295,1511,829,4,833,17
2020-06-19,Mariposa,043,17540,21,18,0,18,1
2020-06-19,Mendocino,045,87422,68,48,0,48,0
2020-06-19,Merced,047,269075,986,529,1,530,8
2020-06-19,Modoc,049,8938,1,0,0,0,0
2020-06-19,Mono,051,14174,42,34,0,34,1
2020-06-19,Monterey,053,433212,1581,1159,5,1164,12
2020-06-19,Napa,055,140530,304,209,0,209,3
2020-06-19,Nevada,057,99092,102,71,1,72,1
2020-06-19,Orange,059,3164182,15425,9972,137,10109,260
2020-06-19,Placer,061,380077,652,464,3,467,9
2020-06-19,Plumas,063,18699,6,5,0,5,0
2020-06-19,Riverside,065,2383286,17174,12710,25,12735,398
2020-06-19,Sacramento,067,1510023,2619,1976,4,1980,64
2020-06-19,San Benito,069,59416,209,136,0,136,2
2020-06-19,San Bernardino,071,2135413,12740,8454,7,8461,226
2020-06-19,San Diego,073,3302833,12842,10352,2,10354,332
2020-06-19,San Francisco,075,870044,3349,2968,1,2969,47
2020-06-19,San Joaquin,077,732212,3112,1969,4,1973,48
2020-06-19,San Luis Obispo,079,281455,594,392,5,397,1
2020-06-19,San Mateo,081,765935,3087,2713,5,2718,81
2020-06-19,Santa Barbara,083,443738,2815,2284,21,2305,21
2020-06-19,Santa Clara,085,1922200,4644,3376,17,3393,154
2020-06-19,Santa Cruz,087,273765,362,283,0,283,3
2020-06-19,Shasta,089,179085,137,58,0,58,5
2020-06-19,Sierra,091,2930,1,1,0,1,0
2020-06-19,Siskiyou,093,43540,29,21,0,21,0
2020-06-19,Solano,095,438530,1238,755,4,759,21
2020-06-19,Sonoma,097,501317,1052,803,2,805,4
2020-06-19,Stanislaus,099,539301,2480,1549,6,1555,35
2020-06-19,Sutter,101,95872,129,89,0,89,2
2020-06-19,Tehama,103,63373,61,35,2,37,1
2020-06-19,Trinity,105,12862,15,2,3,5,0
2020-06-19,Tulare,107,460477,4321,3053,10,3063,107
2020-06-19,Tuolumne,109,53932,13,8,0,8,0
2020-06-19,Ventura,111,848112,2899,1865,15,1880,37
2020-06-19,Yolo,113,214977,458,303,0,303,24
2020-06-19,Yuba,115,75493,43,33,0,33,1
2020-06-18,Alameda,001,1643700,5559,4589,10,4599,118
2020-06-18,Alpine,003,1148,1,1,0,1,0
2020-06-18,Amador,005,37829,13,12,0,12,0
2020-06-18,Butte,007,227075,154,88,7,95,1
2020-06-18,Calaveras,009,45235,37,20,0,20,0
2020-06-18,Colusa,011,21464,20,7,0,7,0
2020-06-18,Contra Costa,013,1133247,2599,2072,3,2075,53
2020-06-18,Del Norte,015,27424,47,46,0,46,0
2020-06-18,El Dorado,017,186661,194,121,1,122,0
2020-06-18,Fresno,019,978130,5903,2947,64,3011,57
2020-06-18,Glenn,021,27897,82,35,0,35,0
2020-06-18,Humboldt,023,135768,140,106,0,106,3
2020-06-18,Imperial,025,180216,6680,4366,4,4370,36
2020-06-18,Inyo,027,18085,26,25,0,25,1
2020-06-18,Kern,029,883053,5363,3634,13,3647,57
2020-06-18,Kings,031,150075,2238,1141,6,1147,8
2020-06-18,Lake,033,64148,45,36,0,36,0
2020-06-18,Lassen,035,31185,22,5,2,7,0
2020-06-18,Los Angeles,037,10098052,91266,78244,24,78268,3009
2020-06-18,Madera,039,155013,581,288,2,290,4
2020-06-18,Marin,041,260295,1448,819,4,823,17
2020-06-18,Mariposa,043,17540,19,18,0,18,1
2020-06-18,Mendocino,045,87422,64,45,0,45,0
2020-06-18,Merced,047,269075,934,486,1,487,7
2020-06-18,Modoc,049,8938,1,0,0,0,0
2020-06-18,Mono,051,14174,42,34,0,34,1
2020-06-18,Monterey,053,433212,1513,1127,5,1132,12
2020-06-18,Napa,055,140530,289,205,0,205,3
2020-06-18,Nevada,057,99092,98,68,1,69,1
2020-06-18,Orange,059,3164182,14770,9597,118,9715,255
2020-06-18,Placer,061,380077,629,457,3,460,9
2020-06-18,Plumas,063,18699,6,5,0,5,0
2020-06-18,Riverside,065,2383286,16558,12410,25,12435,392
2020-06-18,Sacramento,067,1510023,2503,1938,4,1942,63
2020-06-18,San Benito,069,59416,203,134,0,134,2
2020-06-18,San Bernardino,071,2135413,12099,8141,7,8148,226
2020-06-18,San Diego,073,3302833,12420,10094,2,10096,331
2020-06-18,San Francisco,075,870044,3300,2951,1,2952,47
2020-06-18,San Joaquin,077,732212,2960,1908,4,1912,47
2020-06-18,San Luis Obispo,079,281455,574,378,5,383,1
2020-06-18,San Mateo,081,765935,3048,2674,5,2679,78
2020-06-18,Santa Barbara,083,443738,2741,2201,21,2222,19
2020-06-18,Santa Clara,085,1922200,4541,3338,17,3355,152
2020-06-18,Santa Cruz,087,273765,345,275,0,275,3
2020-06-18,Shasta,089,179085,126,51,0,51,4
2020-06-18,Sierra,091,2930,1,1,0,1,0
2020-06-18,Siskiyou,093,43540,29,18,0,18,0
2020-06-18,Solano,095,438530,1200,735,4,739,21
2020-06-18,Sonoma,097,501317,1010,789,2,791,4
2020-06-18,Stanislaus,099,539301,2346,1495,6,1501,35
2020-06-18,Sutter,101,95872,125,85,0,85,2
2020-06-18,Tehama,103,63373,56,31,2,33,1
2020-06-18,Trinity,105,12862,15,2,3,5,0
2020-06-18,Tulare,107,460477,4198,3005,10,3015,107
2020-06-18,Tuolumne,109,53932,12,8,0,8,0
2020-06-18,Ventura,111,848112,2773,1781,15,1796,37
2020-06-18,Yolo,113,214977,425,294,0,294,24
2020-06-18,Yuba,115,75493,42,32,0,32,1
2020-06-17,Alameda,001,1643700,5436,4485,10,4495,117
2020-06-17,Alpine,003,1148,1,1,0,1,0
2020-06-17,Amador,005,37829,12,10,0,10,0
2020-06-17,Butte,007,227075,145,81,7,88,1
2020-06-17,Calaveras,009,45235,37,20,0,20,0
2020-06-17,Colusa,011,21464,19,7,0,7,0
2020-06-17,Contra Costa,013,1133247,2502,2020,3,2023,45
2020-06-17,Del Norte,015,27424,47,45,0,45,0
2020-06-17,El Dorado,017,186661,187,116,1,117,0
2020-06-17,Fresno,019,978130,5677,2801,61,2862,56
2020-06-17,Glenn,021,27897,75,31,0,31,0
2020-06-17,Humboldt,023,135768,138,105,0,105,3
2020-06-17,Imperial,025,180216,6507,4108,4,4112,36
2020-06-17,Inyo,027,18085,25,25,0,25,1
2020-06-17,Kern,029,883053,5162,3547,13,3560,56
2020-06-17,Kings,031,150075,2208,1097,6,1103,7
2020-06-17,Lake,033,64148,44,32,0,32,0
2020-06-17,Lassen,035,31185,18,5,2,7,0
2020-06-17,Los Angeles,037,10098052,88956,77166,23,77189,2973
2020-06-17,Madera,039,155013,559,258,2,260,4
2020-06-17,Marin,041,260295,1256,771,3,774,17
2020-06-17,Mariposa,043,17540,18,18,0,18,1
2020-06-17,Mendocino,045,87422,62,42,0,42,0
2020-06-17,Merced,047,269075,862,460,1,461,7
2020-06-17,Modoc,049,8938,1,0,0,0,0
2020-06-17,Mono,051,14174,42,34,0,34,1
2020-06-17,Monterey,053,433212,1461,1077,5,1082,12
2020-06-17,Napa,055,140530,274,202,0,202,3
2020-06-17,Nevada,057,99092,94,57,1,58,1
2020-06-17,Orange,059,3164182,14164,9278,112,9390,230
2020-06-17,Placer,061,380077,609,427,3,430,9
2020-06-17,Plumas,063,18699,6,5,0,5,0
2020-06-17,Riverside,065,2383286,15922,11859,25,11884,370
2020-06-17,Sacramento,067,1510023,2396,1889,4,1893,63
2020-06-17,San Benito,069,59416,198,116,0,116,2
2020-06-17,San Bernardino,071,2135413,11550,7670,7,7677,225
2020-06-17,San Diego,073,3302833,12041,9856,2,9858,327
2020-06-17,San Francisco,075,870044,3261,2906,1,2907,46
2020-06-17,San Joaquin,077,732212,2787,1825,4,1829,46
2020-06-17,San Luis Obispo,079,281455,555,362,5,367,1
2020-06-17,San Mateo,081,765935,3001,2649,5,2654,78
2020-06-17,Santa Barbara,083,443738,2668,2147,19,2166,19
2020-06-17,Santa Clara,085,1922200,4448,3264,16,3280,148
2020-06-17,Santa Cruz,087,273765,339,265,0,265,2
2020-06-17,Shasta,089,179085,124,51,0,51,4
2020-06-17,Sierra,091,2930,1,1,0,1,0
2020-06-17,Siskiyou,093,43540,28,16,0,16,0
2020-06-17,Solano,095,438530,1150,722,4,726,21
2020-06-17,Sonoma,097,501317,985,748,2,750,4
2020-06-17,Stanislaus,099,539301,2223,1387,6,1393,35
2020-06-17,Sutter,101,95872,119,79,0,79,2
2020-06-17,Tehama,103,63373,41,24,2,26,1
2020-06-17,Trinity,105,12862,14,2,3,5,0
2020-06-17,Tulare,107,460477,4088,2882,10,2892,106
2020-06-17,Tuolumne,109,53932,12,7,0,7,0
2020-06-17,Ventura,111,848112,2673,1729,15,1744,37
2020-06-17,Yolo,113,214977,405,277,0,277,24
2020-06-17,Yuba,115,75493,41,30,0,30,1
2020-06-16,Alameda,001,1643700,5318,4428,10,4438,113
2020-06-16,Alpine,003,1148,1,1,0,1,0
2020-06-16,Amador,005,37829,12,10,0,10,0
2020-06-16,Butte,007,227075,141,79,7,86,1
2020-06-16,Calaveras,009,45235,34,19,0,19,0
2020-06-16,Colusa,011,21464,16,7,0,7,0
2020-06-16,Contra Costa,013,1133247,2411,1971,2,1973,45
2020-06-16,Del Norte,015,27424,47,45,0,45,0
2020-06-16,El Dorado,017,186661,181,115,1,116,0
2020-06-16,Fresno,019,978130,5439,2731,59,2790,50
2020-06-16,Glenn,021,27897,71,30,0,30,0
2020-06-16,Humboldt,023,135768,135,105,0,105,3
2020-06-16,Imperial,025,180216,6348,3939,4,3943,36
2020-06-16,Inyo,027,18085,25,24,0,24,1
2020-06-16,Kern,029,883053,4939,3496,13,3509,55
2020-06-16,Kings,031,150075,2162,1044,6,1050,6
2020-06-16,Lake,033,64148,44,31,0,31,0
2020-06-16,Lassen,035,31185,15,5,2,7,0
2020-06-16,Los Angeles,037,10098052,86632,75051,23,75074,2942
2020-06-16,Madera,039,155013,533,239,2,241,3
2020-06-16,Marin,041,260295,1203,725,3,728,17
2020-06-16,Mariposa,043,17540,18,17,0,17,1
2020-06-16,Mendocino,045,87422,61,35,0,35,0
2020-06-16,Merced,047,269075,814,436,1,437,7
2020-06-16,Modoc,049,8938,1,0,0,0,0
2020-06-16,Mono,051,14174,42,34,0,34,1
2020-06-16,Monterey,053,433212,1413,1019,5,1024,12
2020-06-16,Napa,055,140530,259,196,0,196,3
2020-06-16,Nevada,057,99092,91,53,1,54,1
2020-06-16,Orange,059,3164182,13580,9163,107,9270,223
2020-06-16,Placer,061,380077,577,392,3,395,9
2020-06-16,Plumas,063,18699,6,5,0,5,0
2020-06-16,Riverside,065,2383286,15247,11638,25,11663,364
2020-06-16,Sacramento,067,1510023,2286,1825,4,1829,60
2020-06-16,San Benito,069,59416,190,110,0,110,2
2020-06-16,San Bernardino,071,2135413,11006,7463,7,7470,225
2020-06-16,San Diego,073,3302833,11679,9732,1,9733,323
2020-06-16,San Francisco,075,870044,3210,2893,1,2894,46
2020-06-16,San Joaquin,077,732212,2634,1718,4,1722,47
2020-06-16,San Luis Obispo,079,281455,531,343,5,348,1
2020-06-16,San Mateo,081,765935,2947,2618,5,2623,77
2020-06-16,Santa Barbara,083,443738,2601,2090,19,2109,16
2020-06-16,Santa Clara,085,1922200,4337,3228,15,3243,148
2020-06-16,Santa Cruz,087,273765,323,257,0,257,2
2020-06-16,Shasta,089,179085,115,51,0,51,4
2020-06-16,Sierra,091,2930,1,1,0,1,0
2020-06-16,Siskiyou,093,43540,27,15,0,15,0
2020-06-16,Solano,095,438530,1060,694,4,698,19
2020-06-16,Sonoma,097,501317,953,739,2,741,4
2020-06-16,Stanislaus,099,539301,2070,1278,6,1284,36
2020-06-16,Sutter,101,95872,112,73,0,73,2
2020-06-16,Tehama,103,63373,37,24,2,26,1
2020-06-16,Trinity,105,12862,14,2,3,5,0
2020-06-16,Tulare,107,460477,3969,2802,10,2812,96
2020-06-16,Tuolumne,109,53932,12,7,0,7,0
2020-06-16,Ventura,111,848112,2573,1676,15,1691,37
2020-06-16,Yolo,113,214977,382,262,0,262,24
2020-06-16,Yuba,115,75493,39,29,0,29,1
2020-06-15,Alameda,001,1643700,5192,4323,10,4333,112
2020-06-15,Alpine,003,1148,1,1,0,1,0
2020-06-15,Amador,005,37829,12,10,0,10,0
2020-06-15,Butte,007,227075,133,78,7,85,1
2020-06-15,Calaveras,009,45235,34,18,0,18,0
2020-06-15,Colusa,011,21464,14,7,0,7,0
2020-06-15,Contra Costa,013,1133247,2334,1918,2,1920,43
2020-06-15,Del Norte,015,27424,47,45,0,45,0
2020-06-15,El Dorado,017,186661,171,114,1,115,0
2020-06-15,Fresno,019,978130,5227,2616,58,2674,48
2020-06-15,Glenn,021,27897,66,21,0,21,0
2020-06-15,Humboldt,023,135768,133,105,0,105,3
2020-06-15,Imperial,025,180216,6173,3726,4,3730,36
2020-06-15,Inyo,027,18085,25,23,0,23,1
2020-06-15,Kern,029,883053,4716,3417,13,3430,55
2020-06-15,Kings,031,150075,2085,1022,6,1028,6
2020-06-15,Lake,033,64148,44,31,0,31,0
2020-06-15,Lassen,035,31185,15,5,2,7,0
2020-06-15,Los Angeles,037,10098052,84445,73705,23,73728,2908
2020-06-15,Madera,039,155013,511,203,2,205,3
2020-06-15,Marin,041,260295,1036,708,3,711,17
2020-06-15,Mariposa,043,17540,18,17,0,17,1
2020-06-15,Mendocino,045,87422,52,33,0,33,0
2020-06-15,Merced,047,269075,768,414,1,415,7
2020-06-15,Modoc,049,8938,1,0,0,0,0
2020-06-15,Mono,051,14174,42,34,0,34,1
2020-06-15,Monterey,053,433212,1347,998,5,1003,12
2020-06-15,Napa,055,140530,251,187,0,187,3
2020-06-15,Nevada,057,99092,85,52,1,53,1
2020-06-15,Orange,059,3164182,13012,8944,99,9043,212
2020-06-15,Placer,061,380077,555,386,3,389,9
2020-06-15,Plumas,063,18699,6,4,0,4,0
2020-06-15,Riverside,065,2383286,14629,11376,24,11400,364
2020-06-15,Sacramento,067,1510023,2170,1791,4,1795,60
2020-06-15,San Benito,069,59416,184,108,0,108,2
2020-06-15,San Bernardino,071,2135413,10503,7189,7,7196,224
2020-06-15,San Diego,073,3302833,11339,9612,1,9613,320
2020-06-15,San Francisco,075,870044,3166,2833,1,2834,45
2020-06-15,San Joaquin,077,732212,2498,1667,4,1671,43
2020-06-15,San Luis Obispo,079,281455,516,332,5,337,1
2020-06-15,San Mateo,081,765935,2900,2591,5,2596,75
2020-06-15,Santa Barbara,083,443738,2533,2054,19,2073,16
2020-06-15,Santa Clara,085,1922200,4237,3204,15,3219,148
2020-06-15,Santa Cruz,087,273765,312,254,0,254,2
2020-06-15,Shasta,089,179085,109,50,0,50,4
2020-06-15,Sierra,091,2930,1,1,0,1,0
2020-06-15,Siskiyou,093,43540,26,14,0,14,0
2020-06-15,Solano,095,438530,1000,638,4,642,19
2020-06-15,Sonoma,097,501317,924,726,2,728,4
2020-06-15,Stanislaus,099,539301,1953,1253,6,1259,35
2020-06-15,Sutter,101,95872,102,71,0,71,2
2020-06-15,Tehama,103,63373,37,17,2,19,1
2020-06-15,Trinity,105,12862,13,2,3,5,0
2020-06-15,Tulare,107,460477,3855,2662,10,2672,96
2020-06-15,Tuolumne,109,53932,11,7,0,7,0
2020-06-15,Ventura,111,848112,2492,1656,15,1671,37
2020-06-15,Yolo,113,214977,362,255,0,255,24
2020-06-15,Yuba,115,75493,39,28,0,28,1
2020-06-14,Alameda,001,1643700,5046,4271,10,4281,112
2020-06-14,Alpine,003,1148,1,1,0,1,0
2020-06-14,Amador,005,37829,12,10,0,10,0
2020-06-14,Butte,007,227075,125,78,7,85,1
2020-06-14,Calaveras,009,45235,33,18,0,18,0
2020-06-14,Colusa,011,21464,13,7,0,7,0
2020-06-14,Contra Costa,013,1133247,2266,1893,2,1895,43
2020-06-14,Del Norte,015,27424,47,45,0,45,0
2020-06-14,El Dorado,017,186661,167,110,1,111,0
2020-06-14,Fresno,019,978130,5042,2585,57,2642,48
2020-06-14,Glenn,021,27897,51,21,0,21,0
2020-06-14,Humboldt,023,135768,129,105,0,105,3
2020-06-14,Imperial,025,180216,5942,3730,4,3734,36
2020-06-14,Inyo,027,18085,24,23,0,23,1
2020-06-14,Kern,029,883053,4505,3328,13,3341,55
2020-06-14,Kings,031,150075,2034,1022,5,1027,6
2020-06-14,Lake,033,64148,41,31,0,31,0
2020-06-14,Lassen,035,31185,15,5,2,7,0
2020-06-14,Los Angeles,037,10098052,82116,72932,22,72954,2887
2020-06-14,Madera,039,155013,492,203,2,205,3
2020-06-14,Marin,041,260295,871,689,2,691,17
2020-06-14,Mariposa,043,17540,18,16,0,16,1
2020-06-14,Mendocino,045,87422,49,33,0,33,0
2020-06-14,Merced,047,269075,717,403,1,404,7
2020-06-14,Modoc,049,8938,1,0,0,0,0
2020-06-14,Mono,051,14174,42,34,0,34,1
2020-06-14,Monterey,053,433212,1286,949,5,954,12
2020-06-14,Napa,055,140530,229,181,0,181,3
2020-06-14,Nevada,057,99092,81,52,1,53,1
2020-06-14,Orange,059,3164182,12585,8744,94,8838,211
2020-06-14,Placer,061,380077,529,369,3,372,9
2020-06-14,Plumas,063,18699,5,4,0,4,0
2020-06-14,Riverside,065,2383286,14186,11218,24,11242,364
2020-06-14,Sacramento,067,1510023,2083,1750,4,1754,60
2020-06-14,San Benito,069,59416,173,104,0,104,2
2020-06-14,San Bernardino,071,2135413,9963,7015,7,7022,224
2020-06-14,San Diego,073,3302833,10964,9442,1,9443,319
2020-06-14,San Francisco,075,870044,3126,2834,1,2835,45
2020-06-14,San Joaquin,077,732212,2347,1603,4,1607,43
2020-06-14,San Luis Obispo,079,281455,501,330,5,335,1
2020-06-14,San Mateo,081,765935,2842,2571,5,2576,75
2020-06-14,Santa Barbara,083,443738,2456,2049,19,2068,17
2020-06-14,Santa Clara,085,1922200,4142,3178,15,3193,148
2020-06-14,Santa Cruz,087,273765,298,254,0,254,2
2020-06-14,Shasta,089,179085,103,48,0,48,4
2020-06-14,Sierra,091,2930,1,1,0,1,0
2020-06-14,Siskiyou,093,43540,25,13,0,13,0
2020-06-14,Solano,095,438530,951,638,4,642,19
2020-06-14,Sonoma,097,501317,896,724,2,726,4
2020-06-14,Stanislaus,099,539301,1805,1159,6,1165,35
2020-06-14,Sutter,101,95872,97,63,0,63,2
2020-06-14,Tehama,103,63373,34,17,2,19,1
2020-06-14,Trinity,105,12862,13,2,3,5,0
2020-06-14,Tulare,107,460477,3721,2646,10,2656,96
2020-06-14,Tuolumne,109,53932,11,7,0,7,0
2020-06-14,Ventura,111,848112,2393,1610,14,1624,37
2020-06-14,Yolo,113,214977,346,254,0,254,24
2020-06-14,Yuba,115,75493,38,28,0,28,1
2020-06-13,Alameda,001,1643700,4983,4196,10,4206,112
2020-06-13,Alpine,003,1148,1,1,0,1,0
2020-06-13,Amador,005,37829,11,10,0,10,0
2020-06-13,Butte,007,227075,116,72,7,79,1
2020-06-13,Calaveras,009,45235,31,18,0,18,0
2020-06-13,Colusa,011,21464,12,7,0,7,0
2020-06-13,Contra Costa,013,1133247,2230,1868,2,1870,43
2020-06-13,Del Norte,015,27424,47,45,0,45,0
2020-06-13,El Dorado,017,186661,163,110,1,111,0
2020-06-13,Fresno,019,978130,4944,2499,57,2556,48
2020-06-13,Glenn,021,27897,49,21,0,21,0
2020-06-13,Humboldt,023,135768,128,104,0,104,3
2020-06-13,Imperial,025,180216,5869,3646,4,3650,36
2020-06-13,Inyo,027,18085,24,23,0,23,1
2020-06-13,Kern,029,883053,4396,3239,13,3252,55
2020-06-13,Kings,031,150075,2014,1023,5,1028,6
2020-06-13,Lake,033,64148,40,29,0,29,0
2020-06-13,Lassen,035,31185,15,5,2,7,0
2020-06-13,Los Angeles,037,10098052,81074,71938,22,71960,2874
2020-06-13,Madera,039,155013,488,203,2,205,3
2020-06-13,Marin,041,260295,840,677,2,679,17
2020-06-13,Mariposa,043,17540,18,16,0,16,1
2020-06-13,Mendocino,045,87422,49,33,0,33,0
2020-06-13,Merced,047,269075,699,376,1,377,7
2020-06-13,Modoc,049,8938,1,0,0,0,0
2020-06-13,Mono,051,14174,42,35,0,35,1
2020-06-13,Monterey,053,433212,1248,900,5,905,11
2020-06-13,Napa,055,140530,226,171,0,171,3
2020-06-13,Nevada,057,99092,79,52,1,53,1
2020-06-13,Orange,059,3164182,12341,8581,91,8672,211
2020-06-13,Placer,061,380077,512,346,3,349,9
2020-06-13,Plumas,063,18699,5,4,0,4,0
2020-06-13,Riverside,065,2383286,13907,10931,24,10955,364
2020-06-13,Sacramento,067,1510023,2028,1713,4,1717,60
2020-06-13,San Benito,069,59416,166,99,0,99,2
2020-06-13,San Bernardino,071,2135413,9740,6885,7,6892,224
2020-06-13,San Diego,073,3302833,10792,9316,1,9317,319
2020-06-13,San Francisco,075,870044,3106,2834,1,2835,44
2020-06-13,San Joaquin,077,732212,2266,1461,4,1465,43
2020-06-13,San Luis Obispo,079,281455,490,326,5,331,1
2020-06-13,San Mateo,081,765935,2819,2551,5,2556,75
2020-06-13,Santa Barbara,083,443738,2398,1999,19,2018,15
2020-06-13,Santa Clara,085,1922200,4099,3141,15,3156,148
2020-06-13,Santa Cruz,087,273765,292,254,0,254,2
2020-06-13,Shasta,089,179085,101,48,0,48,4
2020-06-13,Sierra,091,2930,1,1,0,1,0
2020-06-13,Siskiyou,093,43540,25,13,0,13,0
2020-06-13,Solano,095,438530,923,637,4,641,19
2020-06-13,Sonoma,097,501317,881,711,2,713,4
2020-06-13,Stanislaus,099,539301,1748,1122,6,1128,33
2020-06-13,Sutter,101,95872,96,62,0,62,2
2020-06-13,Tehama,103,63373,33,17,2,19,1
2020-06-13,Trinity,105,12862,13,2,3,5,0
2020-06-13,Tulare,107,460477,3689,2626,10,2636,96
2020-06-13,Tuolumne,109,53932,10,7,0,7,0
2020-06-13,Ventura,111,848112,2347,1567,14,1581,37
2020-06-13,Yolo,113,214977,326,251,0,251,24
2020-06-13,Yuba,115,75493,38,28,0,28,1
2020-06-12,Alameda,001,1643700,4910,4167,10,4177,109
2020-06-12,Alpine,003,1148,1,1,0,1,0
2020-06-12,Amador,005,37829,11,10,0,10,0
2020-06-12,Butte,007,227075,112,71,7,78,1
2020-06-12,Calaveras,009,45235,28,18,0,18,0
2020-06-12,Colusa,011,21464,12,7,0,7,0
2020-06-12,Contra Costa,013,1133247,2193,1827,2,1829,43
2020-06-12,Del Norte,015,27424,47,45,0,45,0
2020-06-12,El Dorado,017,186661,163,110,1,111,0
2020-06-12,Fresno,019,978130,4806,2428,57,2485,47
2020-06-12,Glenn,021,27897,46,21,0,21,0
2020-06-12,Humboldt,023,135768,126,105,0,105,3
2020-06-12,Imperial,025,180216,5785,3543,4,3547,36
2020-06-12,Inyo,027,18085,24,23,0,23,1
2020-06-12,Kern,029,883053,4279,3152,13,3165,54
2020-06-12,Kings,031,150075,2001,987,5,992,6
2020-06-12,Lake,033,64148,39,29,0,29,0
2020-06-12,Lassen,035,31185,15,5,2,7,0
2020-06-12,Los Angeles,037,10098052,79669,70385,22,70407,2814
2020-06-12,Madera,039,155013,463,187,2,189,3
2020-06-12,Marin,041,260295,837,649,2,651,17
2020-06-12,Mariposa,043,17540,18,16,0,16,1
2020-06-12,Mendocino,045,87422,49,33,0,33,0
2020-06-12,Merced,047,269075,665,372,1,373,7
2020-06-12,Modoc,049,8938,1,0,0,0,0
2020-06-12,Mono,051,14174,39,35,0,35,1
2020-06-12,Monterey,053,433212,1207,864,4,868,11
2020-06-12,Napa,055,140530,223,162,0,162,3
2020-06-12,Nevada,057,99092,73,52,1,53,1
2020-06-12,Orange,059,3164182,12035,8440,90,8530,203
2020-06-12,Placer,061,380077,495,333,3,336,9
2020-06-12,Plumas,063,18699,5,4,0,4,0
2020-06-12,Riverside,065,2383286,13570,10616,24,10640,364
2020-06-12,Sacramento,067,1510023,1973,1702,4,1706,60
2020-06-12,San Benito,069,59416,159,96,0,96,2
2020-06-12,San Bernardino,071,2135413,9472,6707,7,6714,223
2020-06-12,San Diego,073,3302833,10622,9132,1,9133,313
2020-06-12,San Francisco,075,870044,3072,2823,1,2824,44
2020-06-12,San Joaquin,077,732212,2186,1406,4,1410,43
2020-06-12,San Luis Obispo,079,281455,474,321,5,326,1
2020-06-12,San Mateo,081,765935,2784,2533,5,2538,75
2020-06-12,Santa Barbara,083,443738,2344,1969,19,1988,14
2020-06-12,Santa Clara,085,1922200,4055,3099,15,3114,149
2020-06-12,Santa Cruz,087,273765,284,251,0,251,2
2020-06-12,Shasta,089,179085,94,48,0,48,5
2020-06-12,Sierra,091,2930,1,1,0,1,0
2020-06-12,Siskiyou,093,43540,25,13,0,13,0
2020-06-12,Solano,095,438530,909,620,4,624,19
2020-06-12,Sonoma,097,501317,862,696,2,698,4
2020-06-12,Stanislaus,099,539301,1689,1092,6,1098,33
2020-06-12,Sutter,101,95872,95,56,0,56,2
2020-06-12,Tehama,103,63373,32,13,2,15,1
2020-06-12,Trinity,105,12862,13,2,3,5,0
2020-06-12,Tulare,107,460477,3635,2552,10,2562,95
2020-06-12,Tuolumne,109,53932,10,7,0,7,0
2020-06-12,Ventura,111,848112,2295,1534,14,1548,35
2020-06-12,Yolo,113,214977,314,243,0,243,24
2020-06-12,Yuba,115,75493,36,27,0,27,1
2020-06-11,Alameda,001,1643700,4780,4073,9,4082,108
2020-06-11,Alpine,003,1148,1,1,0,1,0
2020-06-11,Amador,005,37829,10,10,0,10,0
2020-06-11,Butte,007,227075,106,72,7,79,1
2020-06-11,Calaveras,009,45235,27,16,0,16,0
2020-06-11,Colusa,011,21464,12,7,0,7,0
2020-06-11,Contra Costa,013,1133247,2140,1797,2,1799,43
2020-06-11,Del Norte,015,27424,47,45,0,45,0
2020-06-11,El Dorado,017,186661,155,109,1,110,0
2020-06-11,Fresno,019,978130,4653,2338,57,2395,45
2020-06-11,Glenn,021,27897,42,21,0,21,0
2020-06-11,Humboldt,023,135768,122,113,0,113,3
2020-06-11,Imperial,025,180216,5629,3463,4,3467,36
2020-06-11,Inyo,027,18085,22,23,0,23,1
2020-06-11,Kern,029,883053,4127,3047,11,3058,54
2020-06-11,Kings,031,150075,1968,963,5,968,6
2020-06-11,Lake,033,64148,39,28,0,28,0
2020-06-11,Lassen,035,31185,15,5,2,7,0
2020-06-11,Los Angeles,037,10098052,78004,68807,21,68828,2800
2020-06-11,Madera,039,155013,445,178,2,180,3
2020-06-11,Marin,041,260295,789,637,2,639,17
2020-06-11,Mariposa,043,17540,18,16,0,16,1
2020-06-11,Mendocino,045,87422,40,35,0,35,0
2020-06-11,Merced,047,269075,625,370,1,371,7
2020-06-11,Modoc,049,8938,1,0,0,0,0
2020-06-11,Mono,051,14174,39,35,0,35,1
2020-06-11,Monterey,053,433212,1160,813,4,817,11
2020-06-11,Napa,055,140530,214,162,0,162,3
2020-06-11,Nevada,057,99092,67,50,1,51,1
2020-06-11,Orange,059,3164182,11727,8304,89,8393,188
2020-06-11,Placer,061,380077,476,321,3,324,9
2020-06-11,Plumas,063,18699,5,4,0,4,0
2020-06-11,Riverside,065,2383286,13217,10014,24,10038,361
2020-06-11,Sacramento,067,1510023,1925,1669,4,1673,60
2020-06-11,San Benito,069,59416,153,94,0,94,2
2020-06-11,San Bernardino,071,2135413,9175,6509,7,6516,221
2020-06-11,San Diego,073,3302833,10392,9000,0,9000,308
2020-06-11,San Francisco,075,870044,3043,2766,1,2767,44
2020-06-11,San Joaquin,077,732212,2074,1351,4,1355,43
2020-06-11,San Luis Obispo,079,281455,460,307,5,312,1
2020-06-11,San Mateo,081,765935,2746,2499,5,2504,74
2020-06-11,Santa Barbara,083,443738,2283,1895,19,1914,14
2020-06-11,Santa Clara,085,1922200,3988,3049,15,3064,149
2020-06-11,Santa Cruz,087,273765,280,247,0,247,2
2020-06-11,Shasta,089,179085,87,47,0,47,5
2020-06-11,Sierra,091,2930,1,1,0,1,0
2020-06-11,Siskiyou,093,43540,25,14,0,14,0
2020-06-11,Solano,095,438530,883,616,4,620,19
2020-06-11,Sonoma,097,501317,840,682,2,684,4
2020-06-11,Stanislaus,099,539301,1598,1062,6,1068,30
2020-06-11,Sutter,101,95872,92,56,0,56,2
2020-06-11,Tehama,103,63373,27,10,2,12,1
2020-06-11,Trinity,105,12862,11,2,3,5,0
2020-06-11,Tulare,107,460477,3536,2473,10,2483,95
2020-06-11,Tuolumne,109,53932,10,7,0,7,0
2020-06-11,Ventura,111,848112,2218,1491,13,1504,34
2020-06-11,Yolo,113,214977,306,230,0,230,24
2020-06-11,Yuba,115,75493,36,27,0,27,1
2020-06-10,Alameda,001,1643700,4680,4027,8,4035,107
2020-06-10,Alpine,003,1148,1,1,0,1,0
2020-06-10,Amador,005,37829,10,10,0,10,0
2020-06-10,Butte,007,227075,102,71,7,78,1
2020-06-10,Calaveras,009,45235,27,16,0,16,0
2020-06-10,Colusa,011,21464,11,7,0,7,0
2020-06-10,Contra Costa,013,1133247,2096,1778,2,1780,43
2020-06-10,Del Norte,015,27424,47,45,0,45,0
2020-06-10,El Dorado,017,186661,152,109,1,110,0
2020-06-10,Fresno,019,978130,4476,2324,57,2381,45
2020-06-10,Glenn,021,27897,39,21,0,21,0
2020-06-10,Humboldt,023,135768,118,112,0,112,3
2020-06-10,Imperial,025,180216,5481,3454,4,3458,36
2020-06-10,Inyo,027,18085,22,23,0,23,1
2020-06-10,Kern,029,883053,4002,3000,10,3010,54
2020-06-10,Kings,031,150075,1922,952,4,956,6
2020-06-10,Lake,033,64148,39,28,0,28,0
2020-06-10,Lassen,035,31185,15,5,2,7,0
2020-06-10,Los Angeles,037,10098052,76483,67018,21,67039,2752
2020-06-10,Madera,039,155013,431,176,1,177,3
2020-06-10,Marin,041,260295,757,633,2,635,17
2020-06-10,Mariposa,043,17540,17,16,0,16,1
2020-06-10,Mendocino,045,87422,39,35,0,35,0
2020-06-10,Merced,047,269075,592,370,1,371,7
2020-06-10,Modoc,049,8938,1,0,0,0,0
2020-06-10,Mono,051,14174,39,35,0,35,1
2020-06-10,Monterey,053,433212,1106,791,4,795,11
2020-06-10,Napa,055,140530,211,159,0,159,3
2020-06-10,Nevada,057,99092,65,50,1,51,1
2020-06-10,Orange,059,3164182,11451,8222,85,8307,184
2020-06-10,Placer,061,380077,451,309,3,312,9
2020-06-10,Plumas,063,18699,5,4,0,4,0
2020-06-10,Riverside,065,2383286,12894,9857,24,9881,361
2020-06-10,Sacramento,067,1510023,1886,1643,2,1645,59
2020-06-10,San Benito,069,59416,144,94,0,94,2
2020-06-10,San Bernardino,071,2135413,8882,6438,7,6445,219
2020-06-10,San Diego,073,3302833,10228,8839,0,8839,305
2020-06-10,San Francisco,075,870044,3018,2774,1,2775,44
2020-06-10,San Joaquin,077,732212,1945,1282,4,1286,41
2020-06-10,San Luis Obispo,079,281455,440,306,5,311,1
2020-06-10,San Mateo,081,765935,2706,2492,5,2497,74
2020-06-10,Santa Barbara,083,443738,2227,1878,19,1897,13
2020-06-10,Santa Clara,085,1922200,3937,3032,15,3047,149
2020-06-10,Santa Cruz,087,273765,276,242,0,242,2
2020-06-10,Shasta,089,179085,82,45,0,45,5
2020-06-10,Sierra,091,2930,1,1,0,1,0
2020-06-10,Siskiyou,093,43540,25,14,0,14,0
2020-06-10,Solano,095,438530,847,608,4,612,19
2020-06-10,Sonoma,097,501317,822,673,2,675,4
2020-06-10,Stanislaus,099,539301,1508,1030,6,1036,29
2020-06-10,Sutter,101,95872,91,56,0,56,2
2020-06-10,Tehama,103,63373,25,10,2,12,1
2020-06-10,Trinity,105,12862,11,2,3,5,0
2020-06-10,Tulare,107,460477,3443,2455,10,2465,95
2020-06-10,Tuolumne,109,53932,10,7,0,7,0
2020-06-10,Ventura,111,848112,2172,1446,12,1458,34
2020-06-10,Yolo,113,214977,298,226,0,226,24
2020-06-10,Yuba,115,75493,35,27,0,27,1
2020-06-09,Alameda,001,1643700,4570,3963,8,3971,103
2020-06-09,Alpine,003,1148,1,1,0,1,0
2020-06-09,Amador,005,37829,10,10,0,10,0
2020-06-09,Butte,007,227075,101,70,6,76,1
2020-06-09,Calaveras,009,45235,27,16,0,16,0
2020-06-09,Colusa,011,21464,10,7,0,7,0
2020-06-09,Contra Costa,013,1133247,2055,1744,2,1746,42
2020-06-09,Del Norte,015,27424,47,45,0,45,0
2020-06-09,El Dorado,017,186661,142,108,1,109,0
2020-06-09,Fresno,019,978130,4324,2278,57,2335,43
2020-06-09,Glenn,021,27897,38,19,0,19,0
2020-06-09,Humboldt,023,135768,116,113,0,113,2
2020-06-09,Imperial,025,180216,5329,3067,4,3071,36
2020-06-09,Inyo,027,18085,22,22,0,22,1
2020-06-09,Kern,029,883053,3874,2920,10,2930,51
2020-06-09,Kings,031,150075,1890,934,4,938,6
2020-06-09,Lake,033,64148,39,28,0,28,0
2020-06-09,Lassen,035,31185,15,5,2,7,0
2020-06-09,Los Angeles,037,10098052,74822,65827,21,65848,2692
2020-06-09,Madera,039,155013,416,172,1,173,3
2020-06-09,Marin,041,260295,721,616,2,618,17
2020-06-09,Mariposa,043,17540,17,16,0,16,1
2020-06-09,Mendocino,045,87422,35,35,0,35,0
2020-06-09,Merced,047,269075,563,349,1,350,7
2020-06-09,Modoc,049,8938,1,0,0,0,0
2020-06-09,Mono,051,14174,39,35,0,35,1
2020-06-09,Monterey,053,433212,1065,772,4,776,11
2020-06-09,Napa,055,140530,201,156,0,156,3
2020-06-09,Nevada,057,99092,57,50,1,51,1
2020-06-09,Orange,059,3164182,11210,7991,83,8074,174
2020-06-09,Placer,061,380077,438,301,3,304,9
2020-06-09,Plumas,063,18699,5,4,0,4,0
2020-06-09,Riverside,065,2383286,12516,9511,24,9535,354
2020-06-09,Sacramento,067,1510023,1832,1625,2,1627,59
2020-06-09,San Benito,069,59416,138,95,0,95,2
2020-06-09,San Bernardino,071,2135413,8558,6268,6,6274,217
2020-06-09,San Diego,073,3302833,10043,8731,0,8731,301
2020-06-09,San Francisco,075,870044,2993,2749,1,2750,44
2020-06-09,San Joaquin,077,732212,1839,1240,4,1244,41
2020-06-09,San Luis Obispo,079,281455,427,301,4,305,1
2020-06-09,San Mateo,081,765935,2675,2463,5,2468,74
2020-06-09,Santa Barbara,083,443738,2171,1854,19,1873,13
2020-06-09,Santa Clara,085,1922200,3869,3006,14,3020,147
2020-06-09,Santa Cruz,087,273765,270,237,0,237,2
2020-06-09,Shasta,089,179085,78,44,0,44,4
2020-06-09,Sierra,091,2930,1,1,0,1,0
2020-06-09,Siskiyou,093,43540,20,10,0,10,0
2020-06-09,Solano,095,438530,812,596,4,600,18
2020-06-09,Sonoma,097,501317,799,661,2,663,4
2020-06-09,Stanislaus,099,539301,1407,993,6,999,25
2020-06-09,Sutter,101,95872,88,56,0,56,2
2020-06-09,Tehama,103,63373,25,9,2,11,1
2020-06-09,Trinity,105,12862,10,2,3,5,0
2020-06-09,Tulare,107,460477,3377,2393,10,2403,91
2020-06-09,Tuolumne,109,53932,10,8,0,8,0
2020-06-09,Ventura,111,848112,2106,1407,12,1419,34
2020-06-09,Yolo,113,214977,287,226,0,226,24
2020-06-09,Yuba,115,75493,34,27,0,27,1
2020-06-08,Alameda,001,1643700,4489,3937,8,3945,103
2020-06-08,Alpine,003,1148,1,1,0,1,0
2020-06-08,Amador,005,37829,10,10,0,10,0
2020-06-08,Butte,007,227075,97,68,6,74,1
2020-06-08,Calaveras,009,45235,27,16,0,16,0
2020-06-08,Colusa,011,21464,9,7,0,7,0
2020-06-08,Contra Costa,013,1133247,2012,1714,2,1716,41
2020-06-08,Del Norte,015,27424,47,45,0,45,0
2020-06-08,El Dorado,017,186661,138,107,1,108,0
2020-06-08,Fresno,019,978130,4200,2194,56,2250,42
2020-06-08,Glenn,021,27897,36,17,0,17,0
2020-06-08,Humboldt,023,135768,116,112,0,112,2
2020-06-08,Imperial,025,180216,5177,3051,4,3055,21
2020-06-08,Inyo,027,18085,22,22,0,22,1
2020-06-08,Kern,029,883053,3743,2853,9,2862,49
2020-06-08,Kings,031,150075,1814,892,4,896,6
2020-06-08,Lake,033,64148,39,28,0,28,0
2020-06-08,Lassen,035,31185,15,4,2,6,0
2020-06-08,Los Angeles,037,10098052,73359,64634,21,64655,2640
2020-06-08,Madera,039,155013,386,154,1,155,3
2020-06-08,Marin,041,260295,680,596,2,598,17
2020-06-08,Mariposa,043,17540,16,16,0,16,1
2020-06-08,Mendocino,045,87422,33,32,0,32,0
2020-06-08,Merced,047,269075,529,331,1,332,7
2020-06-08,Modoc,049,8938,1,0,0,0,0
2020-06-08,Mono,051,14174,39,35,0,35,1
2020-06-08,Monterey,053,433212,1014,751,3,754,10
2020-06-08,Napa,055,140530,185,151,0,151,3
2020-06-08,Nevada,057,99092,56,50,1,51,1
2020-06-08,Orange,059,3164182,10959,7786,81,7867,160
2020-06-08,Placer,061,380077,421,290,3,293,9
2020-06-08,Plumas,063,18699,5,4,0,4,0
2020-06-08,Riverside,065,2383286,12147,9246,24,9270,347
2020-06-08,Sacramento,067,1510023,1782,1591,2,1593,59
2020-06-08,San Benito,069,59416,131,93,0,93,2
2020-06-08,San Bernardino,071,2135413,8239,6122,6,6128,214
2020-06-08,San Diego,073,3302833,9886,8621,0,8621,296
2020-06-08,San Francisco,075,870044,2966,2715,1,2716,43
2020-06-08,San Joaquin,077,732212,1732,1198,4,1202,40
2020-06-08,San Luis Obispo,079,281455,421,300,4,304,1
2020-06-08,San Mateo,081,765935,2644,2431,4,2435,74
2020-06-08,Santa Barbara,083,443738,2116,1824,17,1841,13
2020-06-08,Santa Clara,085,1922200,3823,2971,14,2985,146
2020-06-08,Santa Cruz,087,273765,269,234,0,234,2
2020-06-08,Shasta,089,179085,74,43,0,43,4
2020-06-08,Sierra,091,2930,1,1,0,1,0
2020-06-08,Siskiyou,093,43540,20,8,0,8,0
2020-06-08,Solano,095,438530,785,560,4,564,19
2020-06-08,Sonoma,097,501317,783,654,2,656,4
2020-06-08,Stanislaus,099,539301,1325,956,6,962,28
2020-06-08,Sutter,101,95872,81,55,0,55,2
2020-06-08,Tehama,103,63373,19,8,2,10,1
2020-06-08,Trinity,105,12862,10,2,3,5,0
2020-06-08,Tulare,107,460477,3294,2301,10,2311,91
2020-06-08,Tuolumne,109,53932,9,8,0,8,0
2020-06-08,Ventura,111,848112,2048,1382,12,1394,30
2020-06-08,Yolo,113,214977,276,228,0,228,24
2020-06-08,Yuba,115,75493,32,27,0,27,1
2020-06-07,Alameda,001,1643700,4376,3866,8,3874,102
2020-06-07,Alpine,003,1148,1,1,0,1,0
2020-06-07,Amador,005,37829,10,10,0,10,0
2020-06-07,Butte,007,227075,95,64,5,69,1
2020-06-07,Calaveras,009,45235,25,16,0,16,0
2020-06-07,Colusa,011,21464,9,7,0,7,0
2020-06-07,Contra Costa,013,1133247,1961,1653,1,1654,38
2020-06-07,Del Norte,015,27424,45,45,0,45,0
2020-06-07,El Dorado,017,186661,138,104,1,105,0
2020-06-07,Fresno,019,978130,4070,2144,56,2200,41
2020-06-07,Glenn,021,27897,29,16,0,16,0
2020-06-07,Humboldt,023,135768,116,112,0,112,2
2020-06-07,Imperial,025,180216,5026,3048,4,3052,19
2020-06-07,Inyo,027,18085,22,21,0,21,1
2020-06-07,Kern,029,883053,3612,2771,9,2780,46
2020-06-07,Kings,031,150075,1765,882,4,886,6
2020-06-07,Lake,033,64148,36,28,0,28,0
2020-06-07,Lassen,035,31185,14,4,2,6,0
2020-06-07,Los Angeles,037,10098052,71655,63750,21,63771,2629
2020-06-07,Madera,039,155013,369,149,1,150,3
2020-06-07,Marin,041,260295,666,584,2,586,17
2020-06-07,Mariposa,043,17540,16,16,0,16,1
2020-06-07,Mendocino,045,87422,33,32,0,32,0
2020-06-07,Merced,047,269075,496,318,1,319,7
2020-06-07,Modoc,049,8938,1,0,0,0,0
2020-06-07,Mono,051,14174,39,35,0,35,1
2020-06-07,Monterey,053,433212,968,732,3,735,10
2020-06-07,Napa,055,140530,177,142,0,142,3
2020-06-07,Nevada,057,99092,55,50,1,51,1
2020-06-07,Orange,059,3164182,10702,7643,79,7722,158
2020-06-07,Placer,061,380077,400,273,2,275,9
2020-06-07,Plumas,063,18699,5,4,0,4,0
2020-06-07,Riverside,065,2383286,11851,9105,24,9129,344
2020-06-07,Sacramento,067,1510023,1734,1568,2,1570,59
2020-06-07,San Benito,069,59416,128,92,0,92,2
2020-06-07,San Bernardino,071,2135413,7953,6033,6,6039,214
2020-06-07,San Diego,073,3302833,9707,8478,0,8478,296
2020-06-07,San Francisco,075,870044,2922,2674,0,2674,43
2020-06-07,San Joaquin,077,732212,1631,1126,4,1130,37
2020-06-07,San Luis Obispo,079,281455,411,296,4,300,1
2020-06-07,San Mateo,081,765935,2617,2399,4,2403,73
2020-06-07,Santa Barbara,083,443738,2061,1818,17,1835,13
2020-06-07,Santa Clara,085,1922200,3771,2947,14,2961,146
2020-06-07,Santa Cruz,087,273765,261,230,0,230,2
2020-06-07,Shasta,089,179085,73,41,0,41,4
2020-06-07,Sierra,091,2930,1,1,0,1,0
2020-06-07,Siskiyou,093,43540,20,8,0,8,0
2020-06-07,Solano,095,438530,762,560,4,564,19
2020-06-07,Sonoma,097,501317,752,639,2,641,4
2020-06-07,Stanislaus,099,539301,1245,905,5,910,28
2020-06-07,Sutter,101,95872,73,55,0,55,2
2020-06-07,Tehama,103,63373,16,8,2,10,1
2020-06-07,Trinity,105,12862,8,2,3,5,0
2020-06-07,Tulare,107,460477,3172,2219,10,2229,90
2020-06-07,Tuolumne,109,53932,9,4,0,4,0
2020-06-07,Ventura,111,848112,1982,1337,12,1349,30
2020-06-07,Yolo,113,214977,266,224,0,224,24
2020-06-07,Yuba,115,75493,32,27,0,27,1
2020-06-06,Alameda,001,1643700,4331,3801,8,3809,102
2020-06-06,Alpine,003,1148,1,1,0,1,0
2020-06-06,Amador,005,37829,10,10,0,10,0
2020-06-06,Butte,007,227075,94,63,5,68,1
2020-06-06,Calaveras,009,45235,23,16,0,16,0
2020-06-06,Colusa,011,21464,9,7,0,7,0
2020-06-06,Contra Costa,013,1133247,1940,1619,1,1620,37
2020-06-06,Del Norte,015,27424,45,45,0,45,0
2020-06-06,El Dorado,017,186661,133,104,1,105,0
2020-06-06,Fresno,019,978130,4015,2117,56,2173,41
2020-06-06,Glenn,021,27897,27,16,0,16,0
2020-06-06,Humboldt,023,135768,116,112,0,112,2
2020-06-06,Imperial,025,180216,4950,3047,4,3051,19
2020-06-06,Inyo,027,18085,22,21,0,21,1
2020-06-06,Kern,029,883053,3541,2695,9,2704,46
2020-06-06,Kings,031,150075,1746,882,4,886,6
2020-06-06,Lake,033,64148,36,28,0,28,0
2020-06-06,Lassen,035,31185,14,4,2,6,0
2020-06-06,Los Angeles,037,10098052,70906,62269,21,62290,2607
2020-06-06,Madera,039,155013,360,149,1,150,3
2020-06-06,Marin,041,260295,661,556,2,558,17
2020-06-06,Mariposa,043,17540,16,16,0,16,1
2020-06-06,Mendocino,045,87422,33,32,0,32,0
2020-06-06,Merced,047,269075,495,315,1,316,7
2020-06-06,Modoc,049,8938,1,0,0,0,0
2020-06-06,Mono,051,14174,39,35,0,35,1
2020-06-06,Monterey,053,433212,944,679,3,682,10
2020-06-06,Napa,055,140530,171,136,0,136,3
2020-06-06,Nevada,057,99092,54,50,1,51,1
2020-06-06,Orange,059,3164182,10543,7576,78,7654,157
2020-06-06,Placer,061,380077,388,270,2,272,9
2020-06-06,Plumas,063,18699,5,4,0,4,0
2020-06-06,Riverside,065,2383286,11673,8935,24,8959,345
2020-06-06,Sacramento,067,1510023,1711,1533,2,1535,59
2020-06-06,San Benito,069,59416,118,92,0,92,2
2020-06-06,San Bernardino,071,2135413,7805,5946,6,5952,214
2020-06-06,San Diego,073,3302833,9586,8347,0,8347,296
2020-06-06,San Francisco,075,870044,2907,2674,0,2674,43
2020-06-06,San Joaquin,077,732212,1591,1076,4,1080,37
2020-06-06,San Luis Obispo,079,281455,405,295,4,299,1
2020-06-06,San Mateo,081,765935,2602,2342,4,2346,72
2020-06-06,Santa Barbara,083,443738,2022,1815,17,1832,13
2020-06-06,Santa Clara,085,1922200,3730,2934,14,2948,144
2020-06-06,Santa Cruz,087,273765,259,226,0,226,2
2020-06-06,Shasta,089,179085,73,40,0,40,4
2020-06-06,Sierra,091,2930,1,1,0,1,0
2020-06-06,Siskiyou,093,43540,18,8,0,8,0
2020-06-06,Solano,095,438530,747,560,4,564,19
2020-06-06,Sonoma,097,501317,740,622,2,624,4
2020-06-06,Stanislaus,099,539301,1211,858,5,863,27
2020-06-06,Sutter,101,95872,73,51,0,51,2
2020-06-06,Tehama,103,63373,15,8,2,10,1
2020-06-06,Trinity,105,12862,8,2,2,4,0
2020-06-06,Tulare,107,460477,3139,2213,10,2223,90
2020-06-06,Tuolumne,109,53932,9,4,0,4,0
2020-06-06,Ventura,111,848112,1958,1303,12,1315,30
2020-06-06,Yolo,113,214977,264,223,0,223,24
2020-06-06,Yuba,115,75493,32,27,0,27,1
2020-06-05,Alameda,001,1643700,4280,3734,8,3742,102
2020-06-05,Alpine,003,1148,1,1,0,1,0
2020-06-05,Amador,005,37829,10,10,0,10,0
2020-06-05,Butte,007,227075,91,61,5,66,1
2020-06-05,Calaveras,009,45235,22,16,0,16,0
2020-06-05,Colusa,011,21464,9,7,0,7,0
2020-06-05,Contra Costa,013,1133247,1925,1575,1,1576,37
2020-06-05,Del Norte,015,27424,45,45,0,45,0
2020-06-05,El Dorado,017,186661,131,101,1,102,0
2020-06-05,Fresno,019,978130,3951,2051,55,2106,38
2020-06-05,Glenn,021,27897,25,16,0,16,0
2020-06-05,Humboldt,023,135768,115,111,0,111,2
2020-06-05,Imperial,025,180216,4844,2778,4,2782,19
2020-06-05,Inyo,027,18085,22,21,0,21,1
2020-06-05,Kern,029,883053,3452,2624,9,2633,46
2020-06-05,Kings,031,150075,1731,865,4,869,6
2020-06-05,Lake,033,64148,35,28,0,28,0
2020-06-05,Lassen,035,31185,13,4,2,6,0
2020-06-05,Los Angeles,037,10098052,69758,60955,21,60976,2553
2020-06-05,Madera,039,155013,338,144,1,145,3
2020-06-05,Marin,041,260295,652,546,2,548,17
2020-06-05,Mariposa,043,17540,16,16,0,16,1
2020-06-05,Mendocino,045,87422,33,32,0,32,0
2020-06-05,Merced,047,269075,493,309,1,310,7
2020-06-05,Modoc,049,8938,1,0,0,0,0
2020-06-05,Mono,051,14174,39,35,0,35,1
2020-06-05,Monterey,053,433212,912,649,3,652,10
2020-06-05,Napa,055,140530,168,123,0,123,3
2020-06-05,Nevada,057,99092,54,50,1,51,1
2020-06-05,Orange,059,3164182,10348,7391,76,7467,153
2020-06-05,Placer,061,380077,378,265,2,267,9
2020-06-05,Plumas,063,18699,5,4,0,4,0
2020-06-05,Riverside,065,2383286,11414,8700,24,8724,345
2020-06-05,Sacramento,067,1510023,1689,1514,2,1516,59
2020-06-05,San Benito,069,59416,116,92,0,92,2
2020-06-05,San Bernardino,071,2135413,7623,5869,5,5874,212
2020-06-05,San Diego,073,3302833,9471,8182,0,8182,294
2020-06-05,San Francisco,075,870044,2889,2675,0,2675,43
2020-06-05,San Joaquin,077,732212,1512,1046,4,1050,36
2020-06-05,San Luis Obispo,079,281455,398,293,4,297,1
2020-06-05,San Mateo,081,765935,2577,2331,4,2335,72
2020-06-05,Santa Barbara,083,443738,1991,1795,17,1812,13
2020-06-05,Santa Clara,085,1922200,3695,2902,14,2916,144
2020-06-05,Santa Cruz,087,273765,256,222,0,222,2
2020-06-05,Shasta,089,179085,72,40,0,40,4
2020-06-05,Sierra,091,2930,1,1,0,1,0
2020-06-05,Siskiyou,093,43540,16,8,0,8,0
2020-06-05,Solano,095,438530,740,558,4,562,19
2020-06-05,Sonoma,097,501317,719,618,2,620,4
2020-06-05,Stanislaus,099,539301,1178,842,5,847,27
2020-06-05,Sutter,101,95872,73,49,0,49,2
2020-06-05,Tehama,103,63373,15,7,2,9,1
2020-06-05,Trinity,105,12862,8,1,2,3,0
2020-06-05,Tulare,107,460477,3090,2180,10,2190,90
2020-06-05,Tuolumne,109,53932,9,4,0,4,0
2020-06-05,Ventura,111,848112,1925,1274,12,1286,30
2020-06-05,Yolo,113,214977,263,216,0,216,24
2020-06-05,Yuba,115,75493,32,27,0,27,1
2020-06-04,Alameda,001,1643700,4181,3643,8,3651,99
2020-06-04,Alpine,003,1148,1,1,0,1,0
2020-06-04,Amador,005,37829,10,10,0,10,0
2020-06-04,Butte,007,227075,87,57,4,61,1
2020-06-04,Calaveras,009,45235,22,15,0,15,0
2020-06-04,Colusa,011,21464,9,7,0,7,0
2020-06-04,Contra Costa,013,1133247,1867,1551,1,1552,37
2020-06-04,Del Norte,015,27424,45,45,0,45,0
2020-06-04,El Dorado,017,186661,129,101,1,102,0
2020-06-04,Fresno,019,978130,3845,2007,54,2061,35
2020-06-04,Glenn,021,27897,22,16,0,16,0
2020-06-04,Humboldt,023,135768,115,109,0,109,2
2020-06-04,Imperial,025,180216,4662,2631,4,2635,19
2020-06-04,Inyo,027,18085,22,20,0,20,1
2020-06-04,Kern,029,883053,3336,2530,9,2539,46
2020-06-04,Kings,031,150075,1661,842,4,846,6
2020-06-04,Lake,033,64148,34,27,0,27,0
2020-06-04,Lassen,035,31185,11,4,2,6,0
2020-06-04,Los Angeles,037,10098052,68290,59596,21,59617,2515
2020-06-04,Madera,039,155013,330,127,1,128,3
2020-06-04,Marin,041,260295,630,533,2,535,14
2020-06-04,Mariposa,043,17540,16,16,0,16,1
2020-06-04,Mendocino,045,87422,33,29,0,29,0
2020-06-04,Merced,047,269075,473,304,1,305,7
2020-06-04,Modoc,049,8938,1,0,0,0,0
2020-06-04,Mono,051,14174,39,35,0,35,1
2020-06-04,Monterey,053,433212,877,621,2,623,10
2020-06-04,Napa,055,140530,164,117,0,117,3
2020-06-04,Nevada,057,99092,53,49,1,50,1
2020-06-04,Orange,059,3164182,10096,7192,75,7267,148
2020-06-04,Placer,061,380077,362,256,2,258,9
2020-06-04,Plumas,063,18699,4,4,0,4,0
2020-06-04,Riverside,065,2383286,11136,8473,24,8497,341
2020-06-04,Sacramento,067,1510023,1661,1492,2,1494,58
2020-06-04,San Benito,069,59416,114,88,0,88,2
2020-06-04,San Bernardino,071,2135413,7354,5726,5,5731,207
2020-06-04,San Diego,073,3302833,9308,7942,0,7942,288
2020-06-04,San Francisco,075,870044,2856,2636,0,2636,43
2020-06-04,San Joaquin,077,732212,1450,1016,4,1020,36
2020-06-04,San Luis Obispo,079,281455,387,288,4,292,1
2020-06-04,San Mateo,081,765935,2550,2284,4,2288,72
2020-06-04,Santa Barbara,083,443738,1960,1750,16,1766,13
2020-06-04,Santa Clara,085,1922200,3661,2871,14,2885,144
2020-06-04,Santa Cruz,087,273765,250,218,0,218,2
2020-06-04,Shasta,089,179085,66,40,0,40,4
2020-06-04,Sierra,091,2930,1,1,0,1,0
2020-06-04,Siskiyou,093,43540,15,8,0,8,0
2020-06-04,Solano,095,438530,723,551,4,555,19
2020-06-04,Sonoma,097,501317,700,591,1,592,4
2020-06-04,Stanislaus,099,539301,1102,806,5,811,28
2020-06-04,Sutter,101,95872,68,46,0,46,2
2020-06-04,Tehama,103,63373,14,6,1,7,1
2020-06-04,Trinity,105,12862,8,1,2,3,0
2020-06-04,Tulare,107,460477,2973,2086,10,2096,90
2020-06-04,Tuolumne,109,53932,8,4,0,4,0
2020-06-04,Ventura,111,848112,1881,1236,11,1247,30
2020-06-04,Yolo,113,214977,258,216,0,216,24
2020-06-04,Yuba,115,75493,31,27,0,27,1
2020-06-03,Alameda,001,1643700,4122,3589,7,3596,99
2020-06-03,Alpine,003,1148,1,1,0,1,0
2020-06-03,Amador,005,37829,10,10,0,10,0
2020-06-03,Butte,007,227075,85,53,4,57,1
2020-06-03,Calaveras,009,45235,21,15,0,15,0
2020-06-03,Colusa,011,21464,9,7,0,7,0
2020-06-03,Contra Costa,013,1133247,1819,1511,1,1512,37
2020-06-03,Del Norte,015,27424,45,39,0,39,0
2020-06-03,El Dorado,017,186661,126,90,1,91,0
2020-06-03,Fresno,019,978130,3746,1943,54,1997,35
2020-06-03,Glenn,021,27897,22,16,0,16,0
2020-06-03,Humboldt,023,135768,115,103,0,103,2
2020-06-03,Imperial,025,180216,4489,2540,4,2544,19
2020-06-03,Inyo,027,18085,22,20,0,20,1
2020-06-03,Kern,029,883053,3240,2452,8,2460,44
2020-06-03,Kings,031,150075,1596,744,4,748,6
2020-06-03,Lake,033,64148,32,26,0,26,0
2020-06-03,Lassen,035,31185,11,4,2,6,0
2020-06-03,Los Angeles,037,10098052,66679,58166,21,58187,2472
2020-06-03,Madera,039,155013,322,117,1,118,3
2020-06-03,Marin,041,260295,612,527,2,529,14
2020-06-03,Mariposa,043,17540,16,16,0,16,1
2020-06-03,Mendocino,045,87422,32,29,0,29,0
2020-06-03,Merced,047,269075,459,299,1,300,7
2020-06-03,Modoc,049,8938,1,0,0,0,0
2020-06-03,Mono,051,14174,39,35,0,35,1
2020-06-03,Monterey,053,433212,849,592,2,594,10
2020-06-03,Napa,055,140530,163,116,0,116,3
2020-06-03,Nevada,057,99092,52,43,1,44,1
2020-06-03,Orange,059,3164182,9870,6939,73,7012,145
2020-06-03,Placer,061,380077,342,243,2,245,9
2020-06-03,Plumas,063,18699,4,4,0,4,0
2020-06-03,Riverside,065,2383286,10862,8208,24,8232,335
2020-06-03,Sacramento,067,1510023,1632,1457,2,1459,58
2020-06-03,San Benito,069,59416,108,88,0,88,2
2020-06-03,San Bernardino,071,2135413,7131,5565,5,5570,203
2020-06-03,San Diego,073,3302833,9160,7800,0,7800,283
2020-06-03,San Francisco,075,870044,2825,2608,0,2608,43
2020-06-03,San Joaquin,077,732212,1386,1004,4,1008,35
2020-06-03,San Luis Obispo,079,281455,382,279,4,283,1
2020-06-03,San Mateo,081,765935,2522,2243,4,2247,71
2020-06-03,Santa Barbara,083,443738,1926,1722,15,1737,12
2020-06-03,Santa Clara,085,1922200,3619,2836,14,2850,144
2020-06-03,Santa Cruz,087,273765,244,217,0,217,2
2020-06-03,Shasta,089,179085,63,40,0,40,4
2020-06-03,Sierra,091,2930,1,1,0,1,0
2020-06-03,Siskiyou,093,43540,14,8,0,8,0
2020-06-03,Solano,095,438530,698,543,2,545,18
2020-06-03,Sonoma,097,501317,688,578,1,579,4
2020-06-03,Stanislaus,099,539301,1062,780,5,785,27
2020-06-03,Sutter,101,95872,60,45,0,45,2
2020-06-03,Tehama,103,63373,14,6,1,7,1
2020-06-03,Trinity,105,12862,8,1,2,3,0
2020-06-03,Tulare,107,460477,2904,2041,10,2051,88
2020-06-03,Tuolumne,109,53932,6,4,0,4,0
2020-06-03,Ventura,111,848112,1814,1202,11,1213,30
2020-06-03,Yolo,113,214977,254,213,0,213,24
2020-06-03,Yuba,115,75493,31,27,0,27,1
2020-06-02,Alameda,001,1643700,4046,3517,7,3524,99
2020-06-02,Alpine,003,1148,1,1,0,1,0
2020-06-02,Amador,005,37829,10,10,0,10,0
2020-06-02,Butte,007,227075,81,51,3,54,1
2020-06-02,Calaveras,009,45235,21,15,0,15,0
2020-06-02,Colusa,011,21464,9,7,0,7,0
2020-06-02,Contra Costa,013,1133247,1787,1505,1,1506,37
2020-06-02,Del Norte,015,27424,45,39,0,39,0
2020-06-02,El Dorado,017,186661,125,88,1,89,0
2020-06-02,Fresno,019,978130,3633,1917,54,1971,34
2020-06-02,Glenn,021,27897,21,16,0,16,0
2020-06-02,Humboldt,023,135768,115,101,0,101,2
2020-06-02,Imperial,025,180216,4296,2459,4,2463,19
2020-06-02,Inyo,027,18085,20,20,0,20,1
2020-06-02,Kern,029,883053,3141,2406,6,2412,41
2020-06-02,Kings,031,150075,1568,720,4,724,5
2020-06-02,Lake,033,64148,32,25,0,25,0
2020-06-02,Lassen,035,31185,10,4,2,6,0
2020-06-02,Los Angeles,037,10098052,65273,57144,21,57165,2430
2020-06-02,Madera,039,155013,301,110,1,111,2
2020-06-02,Marin,041,260295,585,509,2,511,14
2020-06-02,Mariposa,043,17540,16,16,0,16,1
2020-06-02,Mendocino,045,87422,32,29,0,29,0
2020-06-02,Merced,047,269075,443,297,1,298,6
2020-06-02,Modoc,049,8938,1,0,0,0,0
2020-06-02,Mono,051,14174,39,35,0,35,1
2020-06-02,Monterey,053,433212,819,582,2,584,10
2020-06-02,Napa,055,140530,154,116,0,116,3
2020-06-02,Nevada,057,99092,51,41,1,42,1
2020-06-02,Orange,059,3164182,9669,6790,72,6862,142
2020-06-02,Placer,061,380077,328,226,2,228,9
2020-06-02,Plumas,063,18699,4,4,0,4,0
2020-06-02,Riverside,065,2383286,10566,8091,22,8113,330
2020-06-02,Sacramento,067,1510023,1603,1428,2,1430,58
2020-06-02,San Benito,069,59416,107,86,0,86,2
2020-06-02,San Bernardino,071,2135413,6924,5438,5,5443,202
2020-06-02,San Diego,073,3302833,9014,7676,0,7676,276
2020-06-02,San Francisco,075,870044,2790,2554,0,2554,43
2020-06-02,San Joaquin,077,732212,1320,985,4,989,35
2020-06-02,San Luis Obispo,079,281455,377,275,4,279,1
2020-06-02,San Mateo,081,765935,2487,2203,4,2207,71
2020-06-02,Santa Barbara,083,443738,1886,1703,15,1718,12
2020-06-02,Santa Clara,085,1922200,3569,2819,14,2833,144
2020-06-02,Santa Cruz,087,273765,239,215,0,215,2
2020-06-02,Shasta,089,179085,62,38,0,38,4
2020-06-02,Sierra,091,2930,1,1,0,1,0
2020-06-02,Siskiyou,093,43540,13,8,0,8,0
2020-06-02,Solano,095,438530,683,537,1,538,18
2020-06-02,Sonoma,097,501317,677,571,1,572,4
2020-06-02,Stanislaus,099,539301,1003,772,5,777,27
2020-06-02,Sutter,101,95872,57,43,0,43,2
2020-06-02,Tehama,103,63373,14,6,1,7,1
2020-06-02,Trinity,105,12862,8,1,2,3,0
2020-06-02,Tulare,107,460477,2824,2012,10,2022,86
2020-06-02,Tuolumne,109,53932,6,4,0,4,0
2020-06-02,Ventura,111,848112,1761,1178,11,1189,30
2020-06-02,Yolo,113,214977,252,213,0,213,24
2020-06-02,Yuba,115,75493,31,27,0,27,1
2020-06-01,Alameda,001,1643700,3980,3460,7,3467,98
2020-06-01,Alpine,003,1148,1,1,0,1,0
2020-06-01,Amador,005,37829,10,10,0,10,0
2020-06-01,Butte,007,227075,80,50,2,52,1
2020-06-01,Calaveras,009,45235,21,15,0,15,0
2020-06-01,Colusa,011,21464,9,7,0,7,0
2020-06-01,Contra Costa,013,1133247,1751,1486,1,1487,37
2020-06-01,Del Norte,015,27424,45,38,0,38,0
2020-06-01,El Dorado,017,186661,123,88,1,89,0
2020-06-01,Fresno,019,978130,3538,1854,52,1906,33
2020-06-01,Glenn,021,27897,21,16,0,16,0
2020-06-01,Humboldt,023,135768,115,98,0,98,2
2020-06-01,Imperial,025,180216,4074,2366,4,2370,14
2020-06-01,Inyo,027,18085,20,20,0,20,1
2020-06-01,Kern,029,883053,3058,2366,6,2372,38
2020-06-01,Kings,031,150075,1300,703,4,707,4
2020-06-01,Lake,033,64148,32,22,0,22,0
2020-06-01,Lassen,035,31185,10,4,2,6,0
2020-06-01,Los Angeles,037,10098052,63804,55899,21,55920,2367
2020-06-01,Madera,039,155013,289,103,1,104,2
2020-06-01,Marin,041,260295,544,495,2,497,14
2020-06-01,Mariposa,043,17540,16,16,0,16,1
2020-06-01,Mendocino,045,87422,32,28,0,28,0
2020-06-01,Merced,047,269075,424,289,1,290,6
2020-06-01,Modoc,049,8938,1,0,0,0,0
2020-06-01,Mono,051,14174,39,35,0,35,1
2020-06-01,Monterey,053,433212,795,554,2,556,10
2020-06-01,Napa,055,140530,151,114,0,114,3
2020-06-01,Nevada,057,99092,51,41,1,42,1
2020-06-01,Orange,059,3164182,9472,6640,71,6711,135
2020-06-01,Placer,061,380077,316,218,2,220,9
2020-06-01,Plumas,063,18699,4,4,0,4,0
2020-06-01,Riverside,065,2383286,10114,7921,21,7942,322
2020-06-01,Sacramento,067,1510023,1564,1415,2,1417,58
2020-06-01,San Benito,069,59416,104,86,0,86,2
2020-06-01,San Bernardino,071,2135413,6718,5310,5,5315,202
2020-06-01,San Diego,073,3302833,8834,7556,0,7556,269
2020-06-01,San Francisco,075,870044,2753,2546,0,2546,43
2020-06-01,San Joaquin,077,732212,1255,957,4,961,35
2020-06-01,San Luis Obispo,079,281455,373,275,4,279,1
2020-06-01,San Mateo,081,765935,2457,2190,4,2194,71
2020-06-01,Santa Barbara,083,443738,1852,1671,14,1685,10
2020-06-01,Santa Clara,085,1922200,3531,2797,13,2810,142
2020-06-01,Santa Cruz,087,273765,235,215,0,215,2
2020-06-01,Shasta,089,179085,62,38,0,38,4
2020-06-01,Sierra,091,2930,1,1,0,1,0
2020-06-01,Siskiyou,093,43540,13,7,0,7,0
2020-06-01,Solano,095,438530,659,529,1,530,17
2020-06-01,Sonoma,097,501317,661,565,1,566,4
2020-06-01,Stanislaus,099,539301,966,758,5,763,27
2020-06-01,Sutter,101,95872,52,43,0,43,2
2020-06-01,Tehama,103,63373,11,5,1,6,1
2020-06-01,Trinity,105,12862,7,1,2,3,0
2020-06-01,Tulare,107,460477,2709,1976,10,1986,84
2020-06-01,Tuolumne,109,53932,5,4,0,4,0
2020-06-01,Ventura,111,848112,1708,1163,11,1174,29
2020-06-01,Yolo,113,214977,249,212,0,212,24
2020-06-01,Yuba,115,75493,30,26,0,26,1
2020-05-31,Alameda,001,1643700,3875,3362,7,3369,98
2020-05-31,Alpine,003,1148,1,1,0,1,0
2020-05-31,Amador,005,37829,10,10,0,10,0
2020-05-31,Butte,007,227075,78,51,2,53,0
2020-05-31,Calaveras,009,45235,18,15,0,15,0
2020-05-31,Colusa,011,21464,9,5,0,5,0
2020-05-31,Contra Costa,013,1133247,1717,1458,1,1459,37
2020-05-31,Del Norte,015,27424,45,37,0,37,0
2020-05-31,El Dorado,017,186661,119,88,1,89,0
2020-05-31,Fresno,019,978130,3373,1780,46,1826,31
2020-05-31,Glenn,021,27897,20,16,0,16,0
2020-05-31,Humboldt,023,135768,113,98,0,98,2
2020-05-31,Imperial,025,180216,3807,2197,4,2201,14
2020-05-31,Inyo,027,18085,20,20,0,20,1
2020-05-31,Kern,029,883053,2923,2300,6,2306,38
2020-05-31,Kings,031,150075,1263,703,4,707,3
2020-05-31,Lake,033,64148,32,19,0,19,0
2020-05-31,Lassen,035,31185,10,4,2,6,0
2020-05-31,Los Angeles,037,10098052,62513,54925,21,54946,2344
2020-05-31,Madera,039,155013,271,101,1,102,2
2020-05-31,Marin,041,260295,534,486,2,488,14
2020-05-31,Mariposa,043,17540,16,16,0,16,1
2020-05-31,Mendocino,045,87422,32,24,0,24,0
2020-05-31,Merced,047,269075,397,288,0,288,6
2020-05-31,Modoc,049,8938,0,0,0,0,0
2020-05-31,Mono,051,14174,39,34,0,34,1
2020-05-31,Monterey,053,433212,721,545,2,547,10
2020-05-31,Napa,055,140530,149,114,0,114,3
2020-05-31,Nevada,057,99092,50,41,1,42,1
2020-05-31,Orange,059,3164182,9262,6532,70,6602,135
2020-05-31,Placer,061,380077,294,215,2,217,9
2020-05-31,Plumas,063,18699,4,4,0,4,0
2020-05-31,Riverside,065,2383286,9858,7704,21,7725,321
2020-05-31,Sacramento,067,1510023,1533,1398,2,1400,57
2020-05-31,San Benito,069,59416,98,85,0,85,2
2020-05-31,San Bernardino,071,2135413,6450,5185,5,5190,198
2020-05-31,San Diego,073,3302833,8640,7483,0,7483,269
2020-05-31,San Francisco,075,870044,2717,2501,0,2501,43
2020-05-31,San Joaquin,077,732212,1190,888,4,892,34
2020-05-31,San Luis Obispo,079,281455,363,271,4,275,1
2020-05-31,San Mateo,081,765935,2411,2169,4,2173,71
2020-05-31,Santa Barbara,083,443738,1801,1662,13,1675,9
2020-05-31,Santa Clara,085,1922200,3487,2785,13,2798,142
2020-05-31,Santa Cruz,087,273765,232,210,0,210,2
2020-05-31,Shasta,089,179085,60,38,0,38,4
2020-05-31,Sierra,091,2930,1,1,0,1,0
2020-05-31,Siskiyou,093,43540,12,7,0,7,0
2020-05-31,Solano,095,438530,633,512,1,513,6
2020-05-31,Sonoma,097,501317,641,555,1,556,4
2020-05-31,Stanislaus,099,539301,912,738,5,743,27
2020-05-31,Sutter,101,95872,50,42,0,42,2
2020-05-31,Tehama,103,63373,10,4,1,5,1
2020-05-31,Trinity,105,12862,7,1,2,3,0
2020-05-31,Tulare,107,460477,2636,1884,10,1894,82
2020-05-31,Tuolumne,109,53932,5,4,0,4,0
2020-05-31,Ventura,111,848112,1647,1151,11,1162,30
2020-05-31,Yolo,113,214977,243,211,0,211,24
2020-05-31,Yuba,115,75493,30,26,0,26,1
2020-05-30,Alameda,001,1643700,3849,3304,7,3311,96
2020-05-30,Alpine,003,1148,1,1,0,1,0
2020-05-30,Amador,005,37829,10,10,0,10,0
2020-05-30,Butte,007,227075,77,44,2,46,0
2020-05-30,Calaveras,009,45235,17,15,0,15,0
2020-05-30,Colusa,011,21464,8,5,0,5,0
2020-05-30,Contra Costa,013,1133247,1701,1429,1,1430,37
2020-05-30,Del Norte,015,27424,45,37,0,37,0
2020-05-30,El Dorado,017,186661,118,86,1,87,0
2020-05-30,Fresno,019,978130,3312,1744,45,1789,31
2020-05-30,Glenn,021,27897,19,16,0,16,0
2020-05-30,Humboldt,023,135768,112,98,0,98,2
2020-05-30,Imperial,025,180216,3717,2091,4,2095,14
2020-05-30,Inyo,027,18085,20,20,0,20,1
2020-05-30,Kern,029,883053,2854,2217,6,2223,38
2020-05-30,Kings,031,150075,1249,703,4,707,3
2020-05-30,Lake,033,64148,31,18,0,18,0
2020-05-30,Lassen,035,31185,10,4,2,6,0
2020-05-30,Los Angeles,037,10098052,61975,53627,21,53648,2319
2020-05-30,Madera,039,155013,266,101,1,102,2
2020-05-30,Marin,041,260295,534,462,2,464,14
2020-05-30,Mariposa,043,17540,16,16,0,16,1
2020-05-30,Mendocino,045,87422,32,24,0,24,0
2020-05-30,Merced,047,269075,396,285,0,285,6
2020-05-30,Modoc,049,8938,0,0,0,0,0
2020-05-30,Mono,051,14174,39,34,0,34,1
2020-05-30,Monterey,053,433212,705,520,2,522,10
2020-05-30,Napa,055,140530,147,113,0,113,3
2020-05-30,Nevada,057,99092,50,41,1,42,1
2020-05-30,Orange,059,3164182,9105,6354,70,6424,134
2020-05-30,Placer,061,380077,286,199,1,200,9
2020-05-30,Plumas,063,18699,4,4,0,4,0
2020-05-30,Riverside,065,2383286,9714,7492,21,7513,316
2020-05-30,Sacramento,067,1510023,1522,1384,2,1386,57
2020-05-30,San Benito,069,59416,97,85,0,85,2
2020-05-30,San Bernardino,071,2135413,6341,5122,5,5127,198
2020-05-30,San Diego,073,3302833,8547,7387,0,7387,269
2020-05-30,San Francisco,075,870044,2692,2496,0,2496,41
2020-05-30,San Joaquin,077,732212,1152,888,4,892,34
2020-05-30,San Luis Obispo,079,281455,358,270,4,274,1
2020-05-30,San Mateo,081,765935,2387,2129,4,2133,71
2020-05-30,Santa Barbara,083,443738,1782,1660,13,1673,9
2020-05-30,Santa Clara,085,1922200,3471,2741,13,2754,141
2020-05-30,Santa Cruz,087,273765,232,206,0,206,2
2020-05-30,Shasta,089,179085,60,36,0,36,4
2020-05-30,Sierra,091,2930,1,1,0,1,0
2020-05-30,Siskiyou,093,43540,11,7,0,7,0
2020-05-30,Solano,095,438530,626,512,1,513,6
2020-05-30,Sonoma,097,501317,631,551,1,552,4
2020-05-30,Stanislaus,099,539301,895,712,5,717,27
2020-05-30,Sutter,101,95872,49,40,0,40,2
2020-05-30,Tehama,103,63373,10,4,1,5,1
2020-05-30,Trinity,105,12862,7,1,2,3,0
2020-05-30,Tulare,107,460477,2599,1879,10,1889,81
2020-05-30,Tuolumne,109,53932,5,4,0,4,0
2020-05-30,Ventura,111,848112,1630,1116,11,1127,30
2020-05-30,Yolo,113,214977,239,210,0,210,24
2020-05-30,Yuba,115,75493,30,25,0,25,1
2020-05-29,Alameda,001,1643700,3814,3209,7,3216,96
2020-05-29,Alpine,003,1148,1,1,0,1,0
2020-05-29,Amador,005,37829,10,10,0,10,0
2020-05-29,Butte,007,227075,72,41,2,43,0
2020-05-29,Calaveras,009,45235,17,15,0,15,0
2020-05-29,Colusa,011,21464,8,5,0,5,0
2020-05-29,Contra Costa,013,1133247,1685,1411,1,1412,37
2020-05-29,Del Norte,015,27424,45,37,0,37,0
2020-05-29,El Dorado,017,186661,117,85,1,86,0
2020-05-29,Fresno,019,978130,3262,1687,45,1732,31
2020-05-29,Glenn,021,27897,19,14,0,14,0
2020-05-29,Humboldt,023,135768,111,98,0,98,2
2020-05-29,Imperial,025,180216,3599,1607,4,1611,14
2020-05-29,Inyo,027,18085,20,20,0,20,1
2020-05-29,Kern,029,883053,2796,2128,6,2134,36
2020-05-29,Kings,031,150075,1238,693,4,697,3
2020-05-29,Lake,033,64148,30,17,0,17,0
2020-05-29,Lassen,035,31185,10,0,2,2,0
2020-05-29,Los Angeles,037,10098052,61019,51578,21,51599,2273
2020-05-29,Madera,039,155013,251,98,1,99,2
2020-05-29,Marin,041,260295,526,448,2,450,14
2020-05-29,Mariposa,043,17540,16,16,0,16,1
2020-05-29,Mendocino,045,87422,30,25,0,25,0
2020-05-29,Merced,047,269075,391,285,0,285,7
2020-05-29,Modoc,049,8938,0,0,0,0,0
2020-05-29,Mono,051,14174,38,34,0,34,1
2020-05-29,Monterey,053,433212,675,479,2,481,10
2020-05-29,Napa,055,140530,144,113,0,113,3
2020-05-29,Nevada,057,99092,50,41,1,42,1
2020-05-29,Orange,059,3164182,8919,6176,67,6243,133
2020-05-29,Placer,061,380077,264,199,1,200,9
2020-05-29,Plumas,063,18699,4,4,0,4,0
2020-05-29,Riverside,065,2383286,9528,7376,21,7397,313
2020-05-29,Sacramento,067,1510023,1499,1360,2,1362,57
2020-05-29,San Benito,069,59416,97,84,0,84,2
2020-05-29,San Bernardino,071,2135413,6233,4983,5,4988,196
2020-05-29,San Diego,073,3302833,8424,7242,0,7242,266
2020-05-29,San Francisco,075,870044,2668,2453,0,2453,41
2020-05-29,San Joaquin,077,732212,1115,855,4,859,34
2020-05-29,San Luis Obispo,079,281455,354,270,4,274,1
2020-05-29,San Mateo,081,765935,2371,2103,4,2107,71
2020-05-29,Santa Barbara,083,443738,1755,1656,13,1669,9
2020-05-29,Santa Clara,085,1922200,3443,2707,13,2720,141
2020-05-29,Santa Cruz,087,273765,229,203,0,203,2
2020-05-29,Shasta,089,179085,60,36,0,36,4
2020-05-29,Sierra,091,2930,1,1,0,1,0
2020-05-29,Siskiyou,093,43540,11,7,0,7,0
2020-05-29,Solano,095,438530,618,498,1,499,6
2020-05-29,Sonoma,097,501317,620,537,1,538,4
2020-05-29,Stanislaus,099,539301,865,698,5,703,27
2020-05-29,Sutter,101,95872,47,40,0,40,2
2020-05-29,Tehama,103,63373,9,4,1,5,1
2020-05-29,Trinity,105,12862,7,1,2,3,0
2020-05-29,Tulare,107,460477,2561,1852,10,1862,80
2020-05-29,Tuolumne,109,53932,5,4,0,4,0
2020-05-29,Ventura,111,848112,1606,1093,11,1104,29
2020-05-29,Yolo,113,214977,235,211,0,211,24
2020-05-29,Yuba,115,75493,29,25,0,25,1
2020-05-28,Alameda,001,1643700,3714,3083,7,3090,94
2020-05-28,Alpine,003,1148,1,1,0,1,0
2020-05-28,Amador,005,37829,10,10,0,10,0
2020-05-28,Butte,007,227075,71,40,2,42,0
2020-05-28,Calaveras,009,45235,16,15,0,15,0
2020-05-28,Colusa,011,21464,8,5,0,5,0
2020-05-28,Contra Costa,013,1133247,1646,1392,1,1393,37
2020-05-28,Del Norte,015,27424,45,37,0,37,0
2020-05-28,El Dorado,017,186661,114,82,1,83,0
2020-05-28,Fresno,019,978130,3181,1653,44,1697,31
2020-05-28,Glenn,021,27897,18,14,0,14,0
2020-05-28,Humboldt,023,135768,110,97,0,97,2
2020-05-28,Imperial,025,180216,3404,1430,4,1434,14
2020-05-28,Inyo,027,18085,20,20,0,20,1
2020-05-28,Kern,029,883053,2718,2069,6,2075,36
2020-05-28,Kings,031,150075,901,626,4,630,3
2020-05-28,Lake,033,64148,29,17,0,17,0
2020-05-28,Lassen,035,31185,10,0,2,2,0
2020-05-28,Los Angeles,037,10098052,59438,49861,21,49882,2222
2020-05-28,Madera,039,155013,233,93,1,94,2
2020-05-28,Marin,041,260295,501,443,2,445,14
2020-05-28,Mariposa,043,17540,16,16,0,16,1
2020-05-28,Mendocino,045,87422,28,24,0,24,0
2020-05-28,Merced,047,269075,382,283,0,283,7
2020-05-28,Modoc,049,8938,0,0,0,0,0
2020-05-28,Mono,051,14174,38,34,0,34,1
2020-05-28,Monterey,053,433212,643,471,2,473,10
2020-05-28,Napa,055,140530,141,113,0,113,3
2020-05-28,Nevada,057,99092,45,41,1,42,1
2020-05-28,Orange,059,3164182,8723,6045,67,6112,130
2020-05-28,Placer,061,380077,257,196,1,197,9
2020-05-28,Plumas,063,18699,4,4,0,4,0
2020-05-28,Riverside,065,2383286,9124,7240,20,7260,304
2020-05-28,Sacramento,067,1510023,1479,1339,2,1341,57
2020-05-28,San Benito,069,59416,96,82,0,82,2
2020-05-28,San Bernardino,071,2135413,6068,4831,5,4836,191
2020-05-28,San Diego,073,3302833,8267,7102,0,7102,260
2020-05-28,San Francisco,075,870044,2634,2417,0,2417,40
2020-05-28,San Joaquin,077,732212,1080,840,4,844,34
2020-05-28,San Luis Obispo,079,281455,351,267,4,271,1
2020-05-28,San Mateo,081,765935,2344,2070,4,2074,71
2020-05-28,Santa Barbara,083,443738,1727,1642,12,1654,9
2020-05-28,Santa Clara,085,1922200,3403,2698,13,2711,140
2020-05-28,Santa Cruz,087,273765,228,201,0,201,2
2020-05-28,Shasta,089,179085,58,36,0,36,4
2020-05-28,Sierra,091,2930,1,1,0,1,0
2020-05-28,Siskiyou,093,43540,9,6,0,6,0
2020-05-28,Solano,095,438530,601,489,1,490,6
2020-05-28,Sonoma,097,501317,598,529,1,530,4
2020-05-28,Stanislaus,099,539301,824,684,5,689,27
2020-05-28,Sutter,101,95872,47,40,0,40,2
2020-05-28,Tehama,103,63373,9,4,1,5,1
2020-05-28,Trinity,105,12862,6,1,2,3,0
2020-05-28,Tulare,107,460477,2525,1832,10,1842,79
2020-05-28,Tuolumne,109,53932,5,4,0,4,0
2020-05-28,Ventura,111,848112,1573,1083,11,1094,29
2020-05-28,Yolo,113,214977,232,206,0,206,22
2020-05-28,Yuba,115,75493,28,24,0,24,1
2020-05-27,Alameda,001,1643700,3631,3037,7,3044,94
2020-05-27,Alpine,003,1148,1,1,0,1,0
2020-05-27,Amador,005,37829,10,10,0,10,0
2020-05-27,Butte,007,227075,68,40,1,41,0
2020-05-27,Calaveras,009,45235,15,15,0,15,0
2020-05-27,Colusa,011,21464,8,5,0,5,0
2020-05-27,Contra Costa,013,1133247,1606,1373,1,1374,37
2020-05-27,Del Norte,015,27424,45,34,0,34,0
2020-05-27,El Dorado,017,186661,113,82,1,83,0
2020-05-27,Fresno,019,978130,3093,1620,44,1664,27
2020-05-27,Glenn,021,27897,18,14,0,14,0
2020-05-27,Humboldt,023,135768,110,86,0,86,2
2020-05-27,Imperial,025,180216,3224,1369,4,1373,14
2020-05-27,Inyo,027,18085,20,20,0,20,1
2020-05-27,Kern,029,883053,2653,1999,6,2005,37
2020-05-27,Kings,031,150075,874,586,4,590,3
2020-05-27,Lake,033,64148,29,13,0,13,0
2020-05-27,Lassen,035,31185,10,0,2,2,0
2020-05-27,Los Angeles,037,10098052,58063,48711,21,48732,2177
2020-05-27,Madera,039,155013,224,91,1,92,2
2020-05-27,Marin,041,260295,472,439,2,441,14
2020-05-27,Mariposa,043,17540,16,16,0,16,1
2020-05-27,Mendocino,045,87422,27,21,0,21,0
2020-05-27,Merced,047,269075,378,278,0,278,7
2020-05-27,Modoc,049,8938,0,0,0,0,0
2020-05-27,Mono,051,14174,38,34,0,34,1
2020-05-27,Monterey,053,433212,603,443,2,445,8
2020-05-27,Napa,055,140530,136,112,0,112,3
2020-05-27,Nevada,057,99092,44,41,1,42,1
2020-05-27,Orange,059,3164182,8568,5849,67,5916,121
2020-05-27,Placer,061,380077,238,196,0,196,9
2020-05-27,Plumas,063,18699,4,4,0,4,0
2020-05-27,Riverside,065,2383286,8745,7156,20,7176,299
2020-05-27,Sacramento,067,1510023,1451,1318,2,1320,50
2020-05-27,San Benito,069,59416,93,74,0,74,2
2020-05-27,San Bernardino,071,2135413,5884,4708,5,4713,183
2020-05-27,San Diego,073,3302833,8116,6985,0,6985,255
2020-05-27,San Francisco,075,870044,2605,2394,0,2394,40
2020-05-27,San Joaquin,077,732212,1039,825,4,829,34
2020-05-27,San Luis Obispo,079,281455,346,266,4,270,1
2020-05-27,San Mateo,081,765935,2304,2045,4,2049,71
2020-05-27,Santa Barbara,083,443738,1712,1629,12,1641,9
2020-05-27,Santa Clara,085,1922200,3370,2680,13,2693,140
2020-05-27,Santa Cruz,087,273765,224,202,0,202,2
2020-05-27,Shasta,089,179085,55,36,0,36,4
2020-05-27,Sierra,091,2930,1,1,0,1,0
2020-05-27,Siskiyou,093,43540,9,6,0,6,0
2020-05-27,Solano,095,438530,581,477,1,478,5
2020-05-27,Sonoma,097,501317,584,521,1,522,4
2020-05-27,Stanislaus,099,539301,799,675,5,680,27
2020-05-27,Sutter,101,95872,46,40,0,40,2
2020-05-27,Tehama,103,63373,9,3,1,4,1
2020-05-27,Trinity,105,12862,6,1,2,3,0
2020-05-27,Tulare,107,460477,2473,1817,10,1827,77
2020-05-27,Tuolumne,109,53932,5,4,0,4,0
2020-05-27,Ventura,111,848112,1548,1065,11,1076,28
2020-05-27,Yolo,113,214977,231,204,0,204,22
2020-05-27,Yuba,115,75493,28,24,0,24,1
2020-05-26,Alameda,001,1643700,3536,2956,7,2963,92
2020-05-26,Alpine,003,1148,1,1,0,1,0
2020-05-26,Amador,005,37829,10,10,0,10,0
2020-05-26,Butte,007,227075,66,37,1,38,0
2020-05-26,Calaveras,009,45235,15,13,0,13,0
2020-05-26,Colusa,011,21464,8,4,0,4,0
2020-05-26,Contra Costa,013,1133247,1571,1352,1,1353,37
2020-05-26,Del Norte,015,27424,44,30,0,30,0
2020-05-26,El Dorado,017,186661,109,79,1,80,0
2020-05-26,Fresno,019,978130,3006,1496,44,1540,22
2020-05-26,Glenn,021,27897,16,12,0,12,0
2020-05-26,Humboldt,023,135768,108,81,0,81,2
2020-05-26,Imperial,025,180216,3009,1369,4,1373,14
2020-05-26,Inyo,027,18085,20,20,0,20,1
2020-05-26,Kern,029,883053,2575,1890,6,1896,31
2020-05-26,Kings,031,150075,806,449,3,452,2
2020-05-26,Lake,033,64148,27,12,0,12,0
2020-05-26,Lassen,035,31185,9,0,2,2,0
2020-05-26,Los Angeles,037,10098052,56596,47760,21,47781,2121
2020-05-26,Madera,039,155013,209,83,1,84,2
2020-05-26,Marin,041,260295,460,424,2,426,14
2020-05-26,Mariposa,043,17540,16,16,0,16,1
2020-05-26,Mendocino,045,87422,25,20,0,20,0
2020-05-26,Merced,047,269075,363,266,0,266,7
2020-05-26,Modoc,049,8938,0,1,0,1,0
2020-05-26,Mono,051,14174,37,34,0,34,1
2020-05-26,Monterey,053,433212,575,424,1,425,8
2020-05-26,Napa,055,140530,131,109,0,109,3
2020-05-26,Nevada,057,99092,43,41,1,42,1
2020-05-26,Orange,059,3164182,8298,5651,66,5717,115
2020-05-26,Placer,061,380077,233,188,0,188,9
2020-05-26,Plumas,063,18699,4,4,0,4,0
2020-05-26,Riverside,065,2383286,8298,6917,20,6937,284
2020-05-26,Sacramento,067,1510023,1425,1298,2,1300,50
2020-05-26,San Benito,069,59416,88,69,0,69,2
2020-05-26,San Bernardino,071,2135413,5716,4430,5,4435,175
2020-05-26,San Diego,073,3302833,7973,6884,0,6884,249
2020-05-26,San Francisco,075,870044,2572,2363,0,2363,40
2020-05-26,San Joaquin,077,732212,992,760,4,764,33
2020-05-26,San Luis Obispo,079,281455,344,260,4,264,1
2020-05-26,San Mateo,081,765935,2266,1967,3,1970,71
2020-05-26,Santa Barbara,083,443738,1695,1590,11,1601,9
2020-05-26,Santa Clara,085,1922200,3338,2659,13,2672,139
2020-05-26,Santa Cruz,087,273765,222,197,0,197,2
2020-05-26,Shasta,089,179085,55,36,0,36,4
2020-05-26,Sierra,091,2930,1,1,0,1,0
2020-05-26,Siskiyou,093,43540,8,6,0,6,0
2020-05-26,Solano,095,438530,563,470,1,471,5
2020-05-26,Sonoma,097,501317,576,509,0,509,4
2020-05-26,Stanislaus,099,539301,779,663,5,668,27
2020-05-26,Sutter,101,95872,45,39,0,39,2
2020-05-26,Tehama,103,63373,8,2,1,3,1
2020-05-26,Trinity,105,12862,6,1,2,3,0
2020-05-26,Tulare,107,460477,2417,1768,10,1778,76
2020-05-26,Tuolumne,109,53932,5,2,0,2,0
2020-05-26,Ventura,111,848112,1511,1033,8,1041,27
2020-05-26,Yolo,113,214977,225,198,0,198,22
2020-05-26,Yuba,115,75493,27,24,0,24,1
2020-05-25,Alameda,001,1643700,3442,2900,6,2906,92
2020-05-25,Alpine,003,1148,1,1,0,1,0
2020-05-25,Amador,005,37829,10,10,0,10,0
2020-05-25,Butte,007,227075,63,37,1,38,0
2020-05-25,Calaveras,009,45235,15,13,0,13,0
2020-05-25,Colusa,011,21464,7,4,0,4,0
2020-05-25,Contra Costa,013,1133247,1539,1348,1,1349,37
2020-05-25,Del Norte,015,27424,44,20,0,20,0
2020-05-25,El Dorado,017,186661,101,78,1,79,0
2020-05-25,Fresno,019,978130,2902,1496,42,1538,22
2020-05-25,Glenn,021,27897,16,12,0,12,0
2020-05-25,Humboldt,023,135768,107,81,0,81,2
2020-05-25,Imperial,025,180216,2798,1369,4,1373,14
2020-05-25,Inyo,027,18085,19,20,0,20,1
2020-05-25,Kern,029,883053,2504,1890,6,1896,31
2020-05-25,Kings,031,150075,776,447,3,450,2
2020-05-25,Lake,033,64148,25,13,0,13,0
2020-05-25,Lassen,035,31185,9,0,2,2,0
2020-05-25,Los Angeles,037,10098052,54785,45952,20,45972,2094
2020-05-25,Madera,039,155013,196,83,1,84,2
2020-05-25,Marin,041,260295,442,415,2,417,14
2020-05-25,Mariposa,043,17540,16,15,0,15,1
2020-05-25,Mendocino,045,87422,22,19,0,19,0
2020-05-25,Merced,047,269075,356,262,0,262,6
2020-05-25,Modoc,049,8938,0,1,0,1,0
2020-05-25,Mono,051,14174,37,34,0,34,1
2020-05-25,Monterey,053,433212,545,418,1,419,8
2020-05-25,Napa,055,140530,131,107,0,107,3
2020-05-25,Nevada,057,99092,43,41,1,42,1
2020-05-25,Orange,059,3164182,8076,5601,65,5666,115
2020-05-25,Placer,061,380077,229,186,0,186,9
2020-05-25,Plumas,063,18699,4,4,0,4,0
2020-05-25,Riverside,065,2383286,8067,6900,20,6920,284
2020-05-25,Sacramento,067,1510023,1405,1290,1,1291,50
2020-05-25,San Benito,069,59416,87,70,0,70,2
2020-05-25,San Bernardino,071,2135413,5526,4393,4,4397,175
2020-05-25,San Diego,073,3302833,7797,6799,0,6799,249
2020-05-25,San Francisco,075,870044,2535,2358,0,2358,40
2020-05-25,San Joaquin,077,732212,966,760,4,764,33
2020-05-25,San Luis Obispo,079,281455,341,260,4,264,1
2020-05-25,San Mateo,081,765935,2229,1938,3,1941,71
2020-05-25,Santa Barbara,083,443738,1685,1590,11,1601,9
2020-05-25,Santa Clara,085,1922200,3305,2647,13,2660,139
2020-05-25,Santa Cruz,087,273765,220,191,0,191,2
2020-05-25,Shasta,089,179085,54,36,0,36,4
2020-05-25,Sierra,091,2930,1,1,0,1,0
2020-05-25,Siskiyou,093,43540,8,6,0,6,0
2020-05-25,Solano,095,438530,549,437,1,438,5
2020-05-25,Sonoma,097,501317,564,496,0,496,4
2020-05-25,Stanislaus,099,539301,749,651,5,656,27
2020-05-25,Sutter,101,95872,45,38,0,38,2
2020-05-25,Tehama,103,63373,7,2,1,3,1
2020-05-25,Trinity,105,12862,6,1,2,3,0
2020-05-25,Tulare,107,460477,2353,1747,10,1757,76
2020-05-25,Tuolumne,109,53932,5,2,0,2,0
2020-05-25,Ventura,111,848112,1470,1020,8,1028,27
2020-05-25,Yolo,113,214977,223,197,0,197,22
2020-05-25,Yuba,115,75493,26,24,0,24,1
2020-05-24,Alameda,001,1643700,3369,2830,6,2836,92
2020-05-24,Alpine,003,1148,1,1,0,1,0
2020-05-24,Amador,005,37829,10,9,0,9,0
2020-05-24,Butte,007,227075,61,35,1,36,0
2020-05-24,Calaveras,009,45235,15,13,0,13,0
2020-05-24,Colusa,011,21464,7,4,0,4,0
2020-05-24,Contra Costa,013,1133247,1511,1325,1,1326,37
2020-05-24,Del Norte,015,27424,43,16,0,16,0
2020-05-24,El Dorado,017,186661,100,76,1,77,0
2020-05-24,Fresno,019,978130,2835,1455,41,1496,22
2020-05-24,Glenn,021,27897,15,12,0,12,0
2020-05-24,Humboldt,023,135768,107,81,0,81,2
2020-05-24,Imperial,025,180216,2672,1369,4,1373,14
2020-05-24,Inyo,027,18085,19,20,0,20,1
2020-05-24,Kern,029,883053,2431,1861,5,1866,31
2020-05-24,Kings,031,150075,765,446,3,449,2
2020-05-24,Lake,033,64148,24,12,0,12,0
2020-05-24,Lassen,035,31185,8,0,2,2,0
2020-05-24,Los Angeles,037,10098052,53770,44954,20,44974,2085
2020-05-24,Madera,039,155013,190,83,1,84,2
2020-05-24,Marin,041,260295,440,401,2,403,14
2020-05-24,Mariposa,043,17540,16,15,0,15,1
2020-05-24,Mendocino,045,87422,21,19,0,19,0
2020-05-24,Merced,047,269075,355,258,0,258,6
2020-05-24,Modoc,049,8938,0,0,0,0,0
2020-05-24,Mono,051,14174,37,34,0,34,1
2020-05-24,Monterey,053,433212,517,405,1,406,8
2020-05-24,Napa,055,140530,129,104,0,104,3
2020-05-24,Nevada,057,99092,43,41,1,42,1
2020-05-24,Orange,059,3164182,7922,5439,64,5503,113
2020-05-24,Placer,061,380077,221,184,0,184,9
2020-05-24,Plumas,063,18699,4,4,0,4,0
2020-05-24,Riverside,065,2383286,7926,6571,20,6591,284
2020-05-24,Sacramento,067,1510023,1389,1283,1,1284,50
2020-05-24,San Benito,069,59416,86,67,0,67,2
2020-05-24,San Bernardino,071,2135413,5418,4262,4,4266,175
2020-05-24,San Diego,073,3302833,7654,6703,0,6703,249
2020-05-24,San Francisco,075,870044,2512,2318,0,2318,40
2020-05-24,San Joaquin,077,732212,947,760,4,764,33
2020-05-24,San Luis Obispo,079,281455,339,257,4,261,1
2020-05-24,San Mateo,081,765935,2194,1925,3,1928,71
2020-05-24,Santa Barbara,083,443738,1673,1573,11,1584,9
2020-05-24,Santa Clara,085,1922200,3285,2623,13,2636,139
2020-05-24,Santa Cruz,087,273765,217,185,0,185,2
2020-05-24,Shasta,089,179085,53,36,0,36,4
2020-05-24,Sierra,091,2930,1,1,0,1,0
2020-05-24,Siskiyou,093,43540,7,6,0,6,0
2020-05-24,Solano,095,438530,541,436,0,436,5
2020-05-24,Sonoma,097,501317,553,485,0,485,4
2020-05-24,Stanislaus,099,539301,729,634,5,639,27
2020-05-24,Sutter,101,95872,45,38,0,38,2
2020-05-24,Tehama,103,63373,5,2,1,3,1
2020-05-24,Trinity,105,12862,6,1,2,3,0
2020-05-24,Tulare,107,460477,2307,1684,10,1694,74
2020-05-24,Tuolumne,109,53932,5,2,0,2,0
2020-05-24,Ventura,111,848112,1458,982,8,990,27
2020-05-24,Yolo,113,214977,221,192,0,192,22
2020-05-24,Yuba,115,75493,26,24,0,24,1
2020-05-23,Alameda,001,1643700,3328,2783,6,2789,91
2020-05-23,Alpine,003,1148,1,1,0,1,0
2020-05-23,Amador,005,37829,10,9,0,9,0
2020-05-23,Butte,007,227075,60,34,1,35,0
2020-05-23,Calaveras,009,45235,15,13,0,13,0
2020-05-23,Colusa,011,21464,7,4,0,4,0
2020-05-23,Contra Costa,013,1133247,1500,1302,1,1303,36
2020-05-23,Del Norte,015,27424,43,10,0,10,0
2020-05-23,El Dorado,017,186661,100,74,1,75,0
2020-05-23,Fresno,019,978130,2815,1447,41,1488,21
2020-05-23,Glenn,021,27897,15,12,0,12,0
2020-05-23,Humboldt,023,135768,105,80,0,80,2
2020-05-23,Imperial,025,180216,2584,1283,4,1287,14
2020-05-23,Inyo,027,18085,19,20,0,20,1
2020-05-23,Kern,029,883053,2388,1806,5,1811,31
2020-05-23,Kings,031,150075,761,444,3,447,2
2020-05-23,Lake,033,64148,23,10,0,10,0
2020-05-23,Lassen,035,31185,8,0,2,2,0
2020-05-23,Los Angeles,037,10098052,53228,44029,20,44049,2069
2020-05-23,Madera,039,155013,186,83,1,84,2
2020-05-23,Marin,041,260295,440,393,1,394,14
2020-05-23,Mariposa,043,17540,16,15,0,15,1
2020-05-23,Mendocino,045,87422,21,13,0,13,0
2020-05-23,Merced,047,269075,352,247,0,247,6
2020-05-23,Modoc,049,8938,0,0,0,0,0
2020-05-23,Mono,051,14174,36,34,0,34,1
2020-05-23,Monterey,053,433212,503,397,1,398,8
2020-05-23,Napa,055,140530,125,101,0,101,3
2020-05-23,Nevada,057,99092,43,41,1,42,1
2020-05-23,Orange,059,3164182,7763,5313,63,5376,113
2020-05-23,Placer,061,380077,215,184,0,184,9
2020-05-23,Plumas,063,18699,4,4,0,4,0
2020-05-23,Riverside,065,2383286,7835,6460,20,6480,284
2020-05-23,Sacramento,067,1510023,1373,1275,1,1276,50
2020-05-23,San Benito,069,59416,81,67,0,67,2
2020-05-23,San Bernardino,071,2135413,5324,4172,4,4176,175
2020-05-23,San Diego,073,3302833,7563,6561,0,6561,249
2020-05-23,San Francisco,075,870044,2493,2312,0,2312,40
2020-05-23,San Joaquin,077,732212,932,759,4,763,33
2020-05-23,San Luis Obispo,079,281455,335,256,4,260,1
2020-05-23,San Mateo,081,765935,2166,1862,3,1865,71
2020-05-23,Santa Barbara,083,443738,1665,1566,11,1577,9
2020-05-23,Santa Clara,085,1922200,3271,2593,12,2605,139
2020-05-23,Santa Cruz,087,273765,215,177,0,177,2
2020-05-23,Shasta,089,179085,53,35,0,35,4
2020-05-23,Sierra,091,2930,1,1,0,1,0
2020-05-23,Siskiyou,093,43540,7,6,0,6,0
2020-05-23,Solano,095,438530,536,435,0,435,5
2020-05-23,Sonoma,097,501317,539,462,0,462,4
2020-05-23,Stanislaus,099,539301,721,625,5,630,27
2020-05-23,Sutter,101,95872,44,38,0,38,2
2020-05-23,Tehama,103,63373,5,2,1,3,1
2020-05-23,Trinity,105,12862,6,1,2,3,0
2020-05-23,Tulare,107,460477,2286,1682,10,1692,73
2020-05-23,Tuolumne,109,53932,5,2,0,2,0
2020-05-23,Ventura,111,848112,1438,961,8,969,27
2020-05-23,Yolo,113,214977,220,188,0,188,22
2020-05-23,Yuba,115,75493,26,24,0,24,1
2020-05-22,Alameda,001,1643700,3274,2722,6,2728,91
2020-05-22,Alpine,003,1148,1,1,0,1,0
2020-05-22,Amador,005,37829,10,9,0,9,0
2020-05-22,Butte,007,227075,58,34,1,35,0
2020-05-22,Calaveras,009,45235,15,13,0,13,0
2020-05-22,Colusa,011,21464,7,4,0,4,0
2020-05-22,Contra Costa,013,1133247,1488,1272,1,1273,36
2020-05-22,Del Norte,015,27424,41,9,0,9,0
2020-05-22,El Dorado,017,186661,97,74,1,75,0
2020-05-22,Fresno,019,978130,2756,1399,40,1439,20
2020-05-22,Glenn,021,27897,15,12,0,12,0
2020-05-22,Humboldt,023,135768,105,80,0,80,2
2020-05-22,Imperial,025,180216,2483,1214,4,1218,14
2020-05-22,Inyo,027,18085,19,20,0,20,1
2020-05-22,Kern,029,883053,2339,1749,5,1754,28
2020-05-22,Kings,031,150075,758,428,3,431,2
2020-05-22,Lake,033,64148,22,10,0,10,0
2020-05-22,Lassen,035,31185,6,0,2,2,0
2020-05-22,Los Angeles,037,10098052,52434,43025,20,43045,2027
2020-05-22,Madera,039,155013,182,82,1,83,2
2020-05-22,Marin,041,260295,436,372,1,373,14
2020-05-22,Mariposa,043,17540,16,15,0,15,1
2020-05-22,Mendocino,045,87422,20,13,0,13,0
2020-05-22,Merced,047,269075,352,233,0,233,6
2020-05-22,Modoc,049,8938,0,0,0,0,0
2020-05-22,Mono,051,14174,36,34,0,34,1
2020-05-22,Monterey,053,433212,492,372,1,373,8
2020-05-22,Napa,055,140530,123,97,0,97,3
2020-05-22,Nevada,057,99092,42,41,1,42,1
2020-05-22,Orange,059,3164182,7566,5144,61,5205,113
2020-05-22,Placer,061,380077,215,181,0,181,9
2020-05-22,Plumas,063,18699,4,4,0,4,0
2020-05-22,Riverside,065,2383286,7720,6351,20,6371,283
2020-05-22,Sacramento,067,1510023,1357,1262,1,1263,50
2020-05-22,San Benito,069,59416,80,64,0,64,2
2020-05-22,San Bernardino,071,2135413,5249,4107,4,4111,173
2020-05-22,San Diego,073,3302833,7477,6436,0,6436,242
2020-05-22,San Francisco,075,870044,2475,2251,0,2251,40
2020-05-22,San Joaquin,077,732212,919,747,4,751,33
2020-05-22,San Luis Obispo,079,281455,334,254,4,258,1
2020-05-22,San Mateo,081,765935,2147,1847,3,1850,71
2020-05-22,Santa Barbara,083,443738,1655,1554,11,1565,9
2020-05-22,Santa Clara,085,1922200,3251,2537,12,2549,139
2020-05-22,Santa Cruz,087,273765,212,171,0,171,2
2020-05-22,Shasta,089,179085,53,34,0,34,4
2020-05-22,Sierra,091,2930,1,0,0,0,0
2020-05-22,Siskiyou,093,43540,7,6,0,6,0
2020-05-22,Solano,095,438530,533,431,0,431,4
2020-05-22,Sonoma,097,501317,535,444,0,444,4
2020-05-22,Stanislaus,099,539301,711,616,5,621,27
2020-05-22,Sutter,101,95872,44,38,0,38,2
2020-05-22,Tehama,103,63373,5,2,0,2,1
2020-05-22,Trinity,105,12862,6,1,2,3,0
2020-05-22,Tulare,107,460477,2256,1662,10,1672,73
2020-05-22,Tuolumne,109,53932,5,2,0,2,0
2020-05-22,Ventura,111,848112,1420,937,8,945,27
2020-05-22,Yolo,113,214977,218,187,0,187,22
2020-05-22,Yuba,115,75493,26,24,0,24,1
2020-05-21,Alameda,001,1643700,3208,2606,6,2612,89
2020-05-21,Alpine,003,1148,1,1,0,1,0
2020-05-21,Amador,005,37829,10,9,0,9,0
2020-05-21,Butte,007,227075,57,31,1,32,0
2020-05-21,Calaveras,009,45235,15,13,0,13,0
2020-05-21,Colusa,011,21464,7,4,0,4,0
2020-05-21,Contra Costa,013,1133247,1452,1243,1,1244,36
2020-05-21,Del Norte,015,27424,38,9,0,9,0
2020-05-21,El Dorado,017,186661,95,67,1,68,0
2020-05-21,Fresno,019,978130,2664,1362,39,1401,20
2020-05-21,Glenn,021,27897,14,12,0,12,0
2020-05-21,Humboldt,023,135768,104,79,0,79,0
2020-05-21,Imperial,025,180216,2322,1096,4,1100,14
2020-05-21,Inyo,027,18085,19,20,0,20,1
2020-05-21,Kern,029,883053,2263,1684,4,1688,27
2020-05-21,Kings,031,150075,737,417,2,419,2
2020-05-21,Lake,033,64148,17,10,0,10,0
2020-05-21,Lassen,035,31185,6,0,2,2,0
2020-05-21,Los Angeles,037,10098052,51397,42063,20,42083,1996
2020-05-21,Madera,039,155013,179,82,1,83,2
2020-05-21,Marin,041,260295,425,359,1,360,14
2020-05-21,Mariposa,043,17540,16,15,0,15,1
2020-05-21,Mendocino,045,87422,20,12,0,12,0
2020-05-21,Merced,047,269075,341,226,0,226,6
2020-05-21,Modoc,049,8938,0,0,0,0,0
2020-05-21,Mono,051,14174,36,33,0,33,1
2020-05-21,Monterey,053,433212,481,363,1,364,8
2020-05-21,Napa,055,140530,121,96,0,96,3
2020-05-21,Nevada,057,99092,42,41,1,42,1
2020-05-21,Orange,059,3164182,7363,4975,60,5035,106
2020-05-21,Placer,061,380077,208,176,0,176,8
2020-05-21,Plumas,063,18699,4,4,0,4,0
2020-05-21,Riverside,065,2383286,7534,6245,20,6265,279
2020-05-21,Sacramento,067,1510023,1344,1258,1,1259,56
2020-05-21,San Benito,069,59416,77,61,0,61,2
2020-05-21,San Bernardino,071,2135413,5102,3950,4,3954,167
2020-05-21,San Diego,073,3302833,7341,6317,0,6317,241
2020-05-21,San Francisco,075,870044,2451,2248,0,2248,37
2020-05-21,San Joaquin,077,732212,883,730,4,734,33
2020-05-21,San Luis Obispo,079,281455,334,251,3,254,1
2020-05-21,San Mateo,081,765935,2111,1791,3,1794,74
2020-05-21,Santa Barbara,083,443738,1640,1541,11,1552,10
2020-05-21,Santa Clara,085,1922200,3228,2520,12,2532,138
2020-05-21,Santa Cruz,087,273765,204,164,0,164,3
2020-05-21,Shasta,089,179085,51,34,0,34,4
2020-05-21,Sierra,091,2930,1,0,0,0,0
2020-05-21,Siskiyou,093,43540,7,6,0,6,0
2020-05-21,Solano,095,438530,524,424,0,424,4
2020-05-21,Sonoma,097,501317,517,427,0,427,4
2020-05-21,Stanislaus,099,539301,700,602,5,607,27
2020-05-21,Sutter,101,95872,43,38,0,38,2
2020-05-21,Tehama,103,63373,4,2,0,2,1
2020-05-21,Trinity,105,12862,5,1,2,3,0
2020-05-21,Tulare,107,460477,2206,1606,8,1614,73
2020-05-21,Tuolumne,109,53932,3,2,0,2,0
2020-05-21,Ventura,111,848112,1371,907,8,915,30
2020-05-21,Yolo,113,214977,215,185,0,185,22
2020-05-21,Yuba,115,75493,26,24,0,24,1
2020-05-20,Alameda,001,1643700,3135,2554,6,2560,89
2020-05-20,Alpine,003,1148,1,1,0,1,0
2020-05-20,Amador,005,37829,10,9,0,9,0
2020-05-20,Butte,007,227075,54,30,1,31,0
2020-05-20,Calaveras,009,45235,15,13,0,13,0
2020-05-20,Colusa,011,21464,7,3,0,3,0
2020-05-20,Contra Costa,013,1133247,1422,1223,1,1224,33
2020-05-20,Del Norte,015,27424,31,9,0,9,0
2020-05-20,El Dorado,017,186661,94,67,1,68,0
2020-05-20,Fresno,019,978130,2591,1329,38,1367,17
2020-05-20,Glenn,021,27897,13,12,0,12,0
2020-05-20,Humboldt,023,135768,101,73,0,73,0
2020-05-20,Imperial,025,180216,2209,1047,4,1051,14
2020-05-20,Inyo,027,18085,19,20,0,20,1
2020-05-20,Kern,029,883053,2200,1639,3,1642,27
2020-05-20,Kings,031,150075,593,403,2,405,2
2020-05-20,Lake,033,64148,17,9,0,9,0
2020-05-20,Lassen,035,31185,5,0,2,2,0
2020-05-20,Los Angeles,037,10098052,50402,40932,20,40952,1955
2020-05-20,Madera,039,155013,177,82,1,83,2
2020-05-20,Marin,041,260295,398,348,1,349,14
2020-05-20,Mariposa,043,17540,16,15,0,15,1
2020-05-20,Mendocino,045,87422,20,12,0,12,0
2020-05-20,Merced,047,269075,334,225,0,225,6
2020-05-20,Modoc,049,8938,0,0,0,0,0
2020-05-20,Mono,051,14174,36,33,0,33,1
2020-05-20,Monterey,053,433212,467,356,1,357,8
2020-05-20,Napa,055,140530,114,93,0,93,3
2020-05-20,Nevada,057,99092,42,41,1,42,1
2020-05-20,Orange,059,3164182,7155,4866,58,4924,96
2020-05-20,Placer,061,380077,206,176,0,176,8
2020-05-20,Plumas,063,18699,4,4,0,4,0
2020-05-20,Riverside,065,2383286,7391,6090,20,6110,265
2020-05-20,Sacramento,067,1510023,1334,1244,1,1245,56
2020-05-20,San Benito,069,59416,76,61,0,61,2
2020-05-20,San Bernardino,071,2135413,4974,3771,4,3775,161
2020-05-20,San Diego,073,3302833,7224,6142,0,6142,230
2020-05-20,San Francisco,075,870044,2428,2199,0,2199,37
2020-05-20,San Joaquin,077,732212,847,713,4,717,33
2020-05-20,San Luis Obispo,079,281455,327,249,3,252,1
2020-05-20,San Mateo,081,765935,2058,1739,3,1742,74
2020-05-20,Santa Barbara,083,443738,1621,1524,11,1535,10
2020-05-20,Santa Clara,085,1922200,3207,2508,11,2519,138
2020-05-20,Santa Cruz,087,273765,201,163,0,163,3
2020-05-20,Shasta,089,179085,51,34,0,34,4
2020-05-20,Sierra,091,2930,1,0,0,0,0
2020-05-20,Siskiyou,093,43540,7,6,0,6,0
2020-05-20,Solano,095,438530,519,418,0,418,4
2020-05-20,Sonoma,097,501317,508,411,0,411,4
2020-05-20,Stanislaus,099,539301,684,584,4,588,25
2020-05-20,Sutter,101,95872,43,38,0,38,2
2020-05-20,Tehama,103,63373,4,2,0,2,1
2020-05-20,Trinity,105,12862,4,1,1,2,0
2020-05-20,Tulare,107,460477,2165,1585,8,1593,71
2020-05-20,Tuolumne,109,53932,3,2,0,2,0
2020-05-20,Ventura,111,848112,1335,879,8,887,29
2020-05-20,Yolo,113,214977,212,184,0,184,22
2020-05-20,Yuba,115,75493,26,23,0,23,1
2020-05-19,Alameda,001,1643700,3058,2493,4,2497,88
2020-05-19,Alpine,003,1148,1,1,0,1,0
2020-05-19,Amador,005,37829,10,9,0,9,0
2020-05-19,Butte,007,227075,52,25,1,26,0
2020-05-19,Calaveras,009,45235,15,13,0,13,0
2020-05-19,Colusa,011,21464,5,3,0,3,0
2020-05-19,Contra Costa,013,1133247,1398,1205,1,1206,33
2020-05-19,Del Norte,015,27424,28,8,0,8,0
2020-05-19,El Dorado,017,186661,91,67,0,67,0
2020-05-19,Fresno,019,978130,2477,1288,37,1325,15
2020-05-19,Glenn,021,27897,13,12,0,12,0
2020-05-19,Humboldt,023,135768,101,72,0,72,0
2020-05-19,Imperial,025,180216,2047,1012,4,1016,14
2020-05-19,Inyo,027,18085,19,20,0,20,1
2020-05-19,Kern,029,883053,2102,1601,3,1604,26
2020-05-19,Kings,031,150075,582,393,2,395,2
2020-05-19,Lake,033,64148,14,11,0,11,0
2020-05-19,Lassen,035,31185,5,0,2,2,0
2020-05-19,Los Angeles,037,10098052,49198,39670,20,39690,1906
2020-05-19,Madera,039,155013,173,80,1,81,2
2020-05-19,Marin,041,260295,374,340,1,341,14
2020-05-19,Mariposa,043,17540,16,15,0,15,1
2020-05-19,Mendocino,045,87422,20,12,0,12,0
2020-05-19,Merced,047,269075,326,222,0,222,5
2020-05-19,Modoc,049,8938,0,0,0,0,0
2020-05-19,Mono,051,14174,36,33,0,33,1
2020-05-19,Monterey,053,433212,455,350,1,351,8
2020-05-19,Napa,055,140530,113,93,0,93,3
2020-05-19,Nevada,057,99092,42,41,1,42,1
2020-05-19,Orange,059,3164182,6961,4746,56,4802,90
2020-05-19,Placer,061,380077,204,177,0,177,8
2020-05-19,Plumas,063,18699,4,5,0,5,0
2020-05-19,Riverside,065,2383286,7231,5963,19,5982,265
2020-05-19,Sacramento,067,1510023,1320,1239,1,1240,57
2020-05-19,San Benito,069,59416,74,59,0,59,2
2020-05-19,San Bernardino,071,2135413,4824,3656,4,3660,158
2020-05-19,San Diego,073,3302833,7080,6028,0,6028,222
2020-05-19,San Francisco,075,870044,2394,2186,0,2186,37
2020-05-19,San Joaquin,077,732212,825,705,4,709,33
2020-05-19,San Luis Obispo,079,281455,327,245,3,248,1
2020-05-19,San Mateo,081,765935,2017,1704,3,1707,71
2020-05-19,Santa Barbara,083,443738,1607,1521,11,1532,10
2020-05-19,Santa Clara,085,1922200,3157,2480,11,2491,138
2020-05-19,Santa Cruz,087,273765,190,161,0,161,3
2020-05-19,Shasta,089,179085,51,34,0,34,4
2020-05-19,Sierra,091,2930,0,0,0,0,0
2020-05-19,Siskiyou,093,43540,7,6,0,6,0
2020-05-19,Solano,095,438530,505,415,0,415,4
2020-05-19,Sonoma,097,501317,497,389,0,389,4
2020-05-19,Stanislaus,099,539301,670,582,4,586,25
2020-05-19,Sutter,101,95872,43,38,0,38,2
2020-05-19,Tehama,103,63373,4,2,0,2,1
2020-05-19,Trinity,105,12862,3,1,0,1,0
2020-05-19,Tulare,107,460477,2117,1551,8,1559,68
2020-05-19,Tuolumne,109,53932,3,2,0,2,0
2020-05-19,Ventura,111,848112,1294,861,7,868,28
2020-05-19,Yolo,113,214977,210,183,0,183,22
2020-05-19,Yuba,115,75493,26,23,0,23,1
2020-05-18,Alameda,001,1643700,2985,2442,4,2446,84
2020-05-18,Alpine,003,1148,1,1,0,1,0
2020-05-18,Amador,005,37829,10,8,0,8,0
2020-05-18,Butte,007,227075,50,24,1,25,0
2020-05-18,Calaveras,009,45235,15,13,0,13,0
2020-05-18,Colusa,011,21464,5,3,0,3,0
2020-05-18,Contra Costa,013,1133247,1367,1173,1,1174,33
2020-05-18,Del Norte,015,27424,23,8,0,8,0
2020-05-18,El Dorado,017,186661,89,67,0,67,0
2020-05-18,Fresno,019,978130,2399,1244,36,1280,14
2020-05-18,Glenn,021,27897,13,11,0,11,0
2020-05-18,Humboldt,023,135768,101,70,0,70,0
2020-05-18,Imperial,025,180216,1894,767,4,771,14
2020-05-18,Inyo,027,18085,19,20,0,20,1
2020-05-18,Kern,029,883053,2053,1566,3,1569,26
2020-05-18,Kings,031,150075,551,381,2,383,2
2020-05-18,Lake,033,64148,13,9,0,9,0
2020-05-18,Lassen,035,31185,5,0,2,2,0
2020-05-18,Los Angeles,037,10098052,48172,38477,20,38497,1825
2020-05-18,Madera,039,155013,167,74,1,75,2
2020-05-18,Marin,041,260295,361,329,1,330,14
2020-05-18,Mariposa,043,17540,16,15,0,15,1
2020-05-18,Mendocino,045,87422,15,12,0,12,0
2020-05-18,Merced,047,269075,317,217,0,217,5
2020-05-18,Modoc,049,8938,0,0,0,0,0
2020-05-18,Mono,051,14174,36,33,0,33,1
2020-05-18,Monterey,053,433212,444,345,1,346,8
2020-05-18,Napa,055,140530,109,92,0,92,3
2020-05-18,Nevada,057,99092,42,41,1,42,1
2020-05-18,Orange,059,3164182,6772,4558,54,4612,88
2020-05-18,Placer,061,380077,202,176,0,176,8
2020-05-18,Plumas,063,18699,4,5,0,5,0
2020-05-18,Riverside,065,2383286,7031,5873,18,5891,253
2020-05-18,Sacramento,067,1510023,1314,1233,0,1233,57
2020-05-18,San Benito,069,59416,72,59,0,59,2
2020-05-18,San Bernardino,071,2135413,4677,3558,4,3562,156
2020-05-18,San Diego,073,3302833,6947,5948,0,5948,211
2020-05-18,San Francisco,075,870044,2371,2183,0,2183,36
2020-05-18,San Joaquin,077,732212,813,697,4,701,33
2020-05-18,San Luis Obispo,079,281455,323,243,3,246,1
2020-05-18,San Mateo,081,765935,1979,1701,3,1704,68
2020-05-18,Santa Barbara,083,443738,1596,1501,11,1512,10
2020-05-18,Santa Clara,085,1922200,3124,2468,11,2479,137
2020-05-18,Santa Cruz,087,273765,188,160,0,160,3
2020-05-18,Shasta,089,179085,50,34,0,34,4
2020-05-18,Sierra,091,2930,0,0,0,0,0
2020-05-18,Siskiyou,093,43540,7,6,0,6,0
2020-05-18,Solano,095,438530,495,398,0,398,4
2020-05-18,Sonoma,097,501317,479,387,0,387,4
2020-05-18,Stanislaus,099,539301,658,572,4,576,25
2020-05-18,Sutter,101,95872,43,38,0,38,2
2020-05-18,Tehama,103,63373,4,2,0,2,1
2020-05-18,Trinity,105,12862,3,1,0,1,0
2020-05-18,Tulare,107,460477,2073,1491,8,1499,63
2020-05-18,Tuolumne,109,53932,3,2,0,2,0
2020-05-18,Ventura,111,848112,1271,850,6,856,27
2020-05-18,Yolo,113,214977,205,183,0,183,22
2020-05-18,Yuba,115,75493,26,23,0,23,1
2020-05-17,Alameda,001,1643700,2890,2389,4,2393,83
2020-05-17,Alpine,003,1148,1,1,0,1,0
2020-05-17,Amador,005,37829,10,8,0,8,0
2020-05-17,Butte,007,227075,49,23,1,24,0
2020-05-17,Calaveras,009,45235,15,13,0,13,0
2020-05-17,Colusa,011,21464,3,3,0,3,0
2020-05-17,Contra Costa,013,1133247,1328,1155,1,1156,33
2020-05-17,Del Norte,015,27424,23,7,0,7,0
2020-05-17,El Dorado,017,186661,89,65,0,65,0
2020-05-17,Fresno,019,978130,2293,1213,33,1246,14
2020-05-17,Glenn,021,27897,13,9,0,9,0
2020-05-17,Humboldt,023,135768,94,70,0,70,0
2020-05-17,Imperial,025,180216,1746,715,4,719,14
2020-05-17,Inyo,027,18085,19,20,0,20,1
2020-05-17,Kern,029,883053,1975,1546,3,1549,26
2020-05-17,Kings,031,150075,504,356,2,358,2
2020-05-17,Lake,033,64148,13,7,0,7,0
2020-05-17,Lassen,035,31185,5,0,2,2,0
2020-05-17,Los Angeles,037,10098052,46931,37996,20,38016,1807
2020-05-17,Madera,039,155013,165,69,1,70,2
2020-05-17,Marin,041,260295,350,315,1,316,14
2020-05-17,Mariposa,043,17540,15,15,0,15,1
2020-05-17,Mendocino,045,87422,14,10,0,10,0
2020-05-17,Merced,047,269075,306,214,0,214,5
2020-05-17,Modoc,049,8938,0,0,0,0,0
2020-05-17,Mono,051,14174,36,32,0,32,1
2020-05-17,Monterey,053,433212,424,342,1,343,8
2020-05-17,Napa,055,140530,105,89,0,89,3
2020-05-17,Nevada,057,99092,42,41,1,42,1
2020-05-17,Orange,059,3164182,6593,4466,53,4519,88
2020-05-17,Placer,061,380077,197,175,0,175,8
2020-05-17,Plumas,063,18699,4,4,0,4,0
2020-05-17,Riverside,065,2383286,6858,5776,18,5794,245
2020-05-17,Sacramento,067,1510023,1303,1224,0,1224,56
2020-05-17,San Benito,069,59416,71,59,0,59,2
2020-05-17,San Bernardino,071,2135413,4527,3467,4,3471,155
2020-05-17,San Diego,073,3302833,6815,5838,0,5838,209
2020-05-17,San Francisco,075,870044,2344,2132,0,2132,36
2020-05-17,San Joaquin,077,732212,783,688,4,692,32
2020-05-17,San Luis Obispo,079,281455,321,242,3,245,1
2020-05-17,San Mateo,081,765935,1942,1680,3,1683,68
2020-05-17,Santa Barbara,083,443738,1576,1457,11,1468,10
2020-05-17,Santa Clara,085,1922200,3086,2453,11,2464,135
2020-05-17,Santa Cruz,087,273765,177,155,0,155,3
2020-05-17,Shasta,089,179085,49,34,0,34,4
2020-05-17,Sierra,091,2930,0,0,0,0,0
2020-05-17,Siskiyou,093,43540,7,6,0,6,0
2020-05-17,Solano,095,438530,483,392,0,392,4
2020-05-17,Sonoma,097,501317,458,376,0,376,4
2020-05-17,Stanislaus,099,539301,647,566,4,570,25
2020-05-17,Sutter,101,95872,42,38,0,38,2
2020-05-17,Tehama,103,63373,3,2,0,2,1
2020-05-17,Trinity,105,12862,2,1,0,1,0
2020-05-17,Tulare,107,460477,1997,1430,7,1437,63
2020-05-17,Tuolumne,109,53932,3,2,0,2,0
2020-05-17,Ventura,111,848112,1226,838,6,844,27
2020-05-17,Yolo,113,214977,203,182,0,182,22
2020-05-17,Yuba,115,75493,26,21,0,21,1
2020-05-16,Alameda,001,1643700,2840,2327,4,2331,83
2020-05-16,Alpine,003,1148,1,1,0,1,0
2020-05-16,Amador,005,37829,10,8,0,8,0
2020-05-16,Butte,007,227075,44,22,1,23,0
2020-05-16,Calaveras,009,45235,15,13,0,13,0
2020-05-16,Colusa,011,21464,3,3,0,3,0
2020-05-16,Contra Costa,013,1133247,1310,1136,1,1137,33
2020-05-16,Del Norte,015,27424,19,4,0,4,0
2020-05-16,El Dorado,017,186661,89,65,0,65,0
2020-05-16,Fresno,019,978130,2236,1177,33,1210,14
2020-05-16,Glenn,021,27897,13,9,0,9,0
2020-05-16,Humboldt,023,135768,92,69,0,69,0
2020-05-16,Imperial,025,180216,1682,712,4,716,14
2020-05-16,Inyo,027,18085,19,20,0,20,1
2020-05-16,Kern,029,883053,1939,1509,3,1512,26
2020-05-16,Kings,031,150075,494,356,2,358,2
2020-05-16,Lake,033,64148,13,7,0,7,0
2020-05-16,Lassen,035,31185,4,0,2,2,0
2020-05-16,Los Angeles,037,10098052,46354,37352,20,37372,1778
2020-05-16,Madera,039,155013,163,70,1,71,2
2020-05-16,Marin,041,260295,346,297,1,298,14
2020-05-16,Mariposa,043,17540,15,15,0,15,1
2020-05-16,Mendocino,045,87422,14,10,0,10,0
2020-05-16,Merced,047,269075,304,201,0,201,5
2020-05-16,Modoc,049,8938,0,0,0,0,0
2020-05-16,Mono,051,14174,36,32,0,32,1
2020-05-16,Monterey,053,433212,409,329,1,330,8
2020-05-16,Napa,055,140530,105,86,0,86,3
2020-05-16,Nevada,057,99092,42,41,1,42,1
2020-05-16,Orange,059,3164182,6517,4396,52,4448,87
2020-05-16,Placer,061,380077,195,174,0,174,8
2020-05-16,Plumas,063,18699,4,4,0,4,0
2020-05-16,Riverside,065,2383286,6773,5633,18,5651,243
2020-05-16,Sacramento,067,1510023,1296,1209,0,1209,55
2020-05-16,San Benito,069,59416,66,58,0,58,2
2020-05-16,San Bernardino,071,2135413,4455,3362,4,3366,155
2020-05-16,San Diego,073,3302833,6729,5664,0,5664,209
2020-05-16,San Francisco,075,870044,2321,2094,0,2094,36
2020-05-16,San Joaquin,077,732212,775,668,4,672,32
2020-05-16,San Luis Obispo,079,281455,320,240,3,243,1
2020-05-16,San Mateo,081,765935,1927,1652,3,1655,68
2020-05-16,Santa Barbara,083,443738,1565,1422,10,1432,10
2020-05-16,Santa Clara,085,1922200,3068,2420,11,2431,135
2020-05-16,Santa Cruz,087,273765,174,154,0,154,3
2020-05-16,Shasta,089,179085,49,33,0,33,4
2020-05-16,Sierra,091,2930,0,0,0,0,0
2020-05-16,Siskiyou,093,43540,7,6,0,6,0
2020-05-16,Solano,095,438530,478,392,0,392,4
2020-05-16,Sonoma,097,501317,445,356,0,356,4
2020-05-16,Stanislaus,099,539301,638,546,4,550,24
2020-05-16,Sutter,101,95872,42,35,0,35,2
2020-05-16,Tehama,103,63373,3,2,0,2,1
2020-05-16,Trinity,105,12862,2,1,0,1,0
2020-05-16,Tulare,107,460477,1979,1426,7,1433,63
2020-05-16,Tuolumne,109,53932,3,2,0,2,0
2020-05-16,Ventura,111,848112,1200,813,6,819,25
2020-05-16,Yolo,113,214977,202,181,0,181,22
2020-05-16,Yuba,115,75493,26,21,0,21,1
2020-05-15,Alameda,001,1643700,2806,2289,4,2293,83
2020-05-15,Alpine,003,1148,1,1,0,1,0
2020-05-15,Amador,005,37829,10,8,0,8,0
2020-05-15,Butte,007,227075,42,22,1,23,0
2020-05-15,Calaveras,009,45235,14,13,0,13,0
2020-05-15,Colusa,011,21464,3,3,0,3,0
2020-05-15,Contra Costa,013,1133247,1292,1106,1,1107,33
2020-05-15,Del Norte,015,27424,14,4,0,4,0
2020-05-15,El Dorado,017,186661,89,64,0,64,0
2020-05-15,Fresno,019,978130,2169,1126,33,1159,14
2020-05-15,Glenn,021,27897,13,9,0,9,0
2020-05-15,Humboldt,023,135768,91,60,0,60,0
2020-05-15,Imperial,025,180216,1598,680,0,680,14
2020-05-15,Inyo,027,18085,19,20,0,20,1
2020-05-15,Kern,029,883053,1883,1472,3,1475,25
2020-05-15,Kings,031,150075,491,347,2,349,2
2020-05-15,Lake,033,64148,13,7,0,7,0
2020-05-15,Lassen,035,31185,4,0,2,2,0
2020-05-15,Los Angeles,037,10098052,45567,36317,20,36337,1734
2020-05-15,Madera,039,155013,162,71,1,72,2
2020-05-15,Marin,041,260295,338,295,1,296,14
2020-05-15,Mariposa,043,17540,15,15,0,15,1
2020-05-15,Mendocino,045,87422,14,10,0,10,0
2020-05-15,Merced,047,269075,301,191,0,191,5
2020-05-15,Modoc,049,8938,0,0,0,0,0
2020-05-15,Mono,051,14174,36,31,0,31,1
2020-05-15,Monterey,053,433212,403,321,1,322,8
2020-05-15,Napa,055,140530,105,83,0,83,3
2020-05-15,Nevada,057,99092,42,41,1,42,1
2020-05-15,Orange,059,3164182,6344,4281,52,4333,87
2020-05-15,Placer,061,380077,193,174,0,174,8
2020-05-15,Plumas,063,18699,4,4,0,4,0
2020-05-15,Riverside,065,2383286,6659,5496,18,5514,233
2020-05-15,Sacramento,067,1510023,1286,1203,0,1203,55
2020-05-15,San Benito,069,59416,63,57,0,57,2
2020-05-15,San Bernardino,071,2135413,4377,3225,4,3229,153
2020-05-15,San Diego,073,3302833,6622,5525,0,5525,208
2020-05-15,San Francisco,075,870044,2305,2062,0,2062,36
2020-05-15,San Joaquin,077,732212,769,656,4,660,32
2020-05-15,San Luis Obispo,079,281455,318,237,3,240,1
2020-05-15,San Mateo,081,765935,1905,1612,3,1615,68
2020-05-15,Santa Barbara,083,443738,1556,1409,9,1418,10
2020-05-15,Santa Clara,085,1922200,3025,2395,10,2405,135
2020-05-15,Santa Cruz,087,273765,173,146,0,146,3
2020-05-15,Shasta,089,179085,48,33,0,33,4
2020-05-15,Sierra,091,2930,0,0,0,0,0
2020-05-15,Siskiyou,093,43540,6,5,0,5,0
2020-05-15,Solano,095,438530,474,388,0,388,4
2020-05-15,Sonoma,097,501317,437,349,0,349,4
2020-05-15,Stanislaus,099,539301,631,540,4,544,23
2020-05-15,Sutter,101,95872,41,35,0,35,2
2020-05-15,Tehama,103,63373,3,1,0,1,1
2020-05-15,Trinity,105,12862,2,1,0,1,0
2020-05-15,Tulare,107,460477,1951,1356,7,1363,61
2020-05-15,Tuolumne,109,53932,3,2,0,2,0
2020-05-15,Ventura,111,848112,1182,789,5,794,25
2020-05-15,Yolo,113,214977,201,182,0,182,22
2020-05-15,Yuba,115,75493,26,21,0,21,1
2020-05-14,Alameda,001,1643700,2713,2255,4,2259,80
2020-05-14,Alpine,003,1148,1,1,0,1,0
2020-05-14,Amador,005,37829,10,8,0,8,0
2020-05-14,Butte,007,227075,40,22,1,23,0
2020-05-14,Calaveras,009,45235,14,13,0,13,0
2020-05-14,Colusa,011,21464,3,3,0,3,0
2020-05-14,Contra Costa,013,1133247,1266,1090,1,1091,32
2020-05-14,Del Norte,015,27424,14,4,0,4,0
2020-05-14,El Dorado,017,186661,80,59,0,59,0
2020-05-14,Fresno,019,978130,2109,1038,29,1067,12
2020-05-14,Glenn,021,27897,12,8,0,8,0
2020-05-14,Humboldt,023,135768,89,59,0,59,0
2020-05-14,Imperial,025,180216,1481,652,0,652,13
2020-05-14,Inyo,027,18085,19,20,0,20,1
2020-05-14,Kern,029,883053,1841,1430,3,1433,21
2020-05-14,Kings,031,150075,475,342,2,344,1
2020-05-14,Lake,033,64148,13,7,0,7,0
2020-05-14,Lassen,035,31185,4,0,2,2,0
2020-05-14,Los Angeles,037,10098052,44392,35427,20,35447,1693
2020-05-14,Madera,039,155013,153,69,1,70,2
2020-05-14,Marin,041,260295,320,283,1,284,14
2020-05-14,Mariposa,043,17540,15,15,0,15,0
2020-05-14,Mendocino,045,87422,13,10,0,10,0
2020-05-14,Merced,047,269075,290,182,0,182,3
2020-05-14,Modoc,049,8938,0,0,0,0,0
2020-05-14,Mono,051,14174,36,31,0,31,1
2020-05-14,Monterey,053,433212,393,317,1,318,7
2020-05-14,Napa,055,140530,103,83,0,83,3
2020-05-14,Nevada,057,99092,41,41,1,42,1
2020-05-14,Orange,059,3164182,6169,4163,50,4213,83
2020-05-14,Placer,061,380077,193,172,0,172,8
2020-05-14,Plumas,063,18699,4,4,0,4,0
2020-05-14,Riverside,065,2383286,6475,5339,18,5357,224
2020-05-14,Sacramento,067,1510023,1274,1181,0,1181,55
2020-05-14,San Benito,069,59416,61,56,0,56,2
2020-05-14,San Bernardino,071,2135413,4198,3149,4,3153,149
2020-05-14,San Diego,073,3302833,6487,5393,0,5393,200
2020-05-14,San Francisco,075,870044,2272,2029,0,2029,36
2020-05-14,San Joaquin,077,732212,754,643,4,647,31
2020-05-14,San Luis Obispo,079,281455,315,236,3,239,1
2020-05-14,San Mateo,081,765935,1873,1588,3,1591,67
2020-05-14,Santa Barbara,083,443738,1544,1395,9,1404,11
2020-05-14,Santa Clara,085,1922200,3002,2380,10,2390,134
2020-05-14,Santa Cruz,087,273765,171,145,0,145,3
2020-05-14,Shasta,089,179085,48,33,0,33,4
2020-05-14,Sierra,091,2930,0,0,0,0,0
2020-05-14,Siskiyou,093,43540,6,5,0,5,0
2020-05-14,Solano,095,438530,465,372,0,372,4
2020-05-14,Sonoma,097,501317,420,333,0,333,4
2020-05-14,Stanislaus,099,539301,612,533,4,537,23
2020-05-14,Sutter,101,95872,41,34,0,34,2
2020-05-14,Tehama,103,63373,3,1,0,1,1
2020-05-14,Trinity,105,12862,2,1,0,1,0
2020-05-14,Tulare,107,460477,1912,1317,7,1324,55
2020-05-14,Tuolumne,109,53932,3,2,0,2,0
2020-05-14,Ventura,111,848112,1151,760,5,765,25
2020-05-14,Yolo,113,214977,201,180,0,180,22
2020-05-14,Yuba,115,75493,26,21,0,21,1
2020-05-13,Alameda,001,1643700,2655,2181,4,2185,78
2020-05-13,Alpine,003,1148,1,1,0,1,0
2020-05-13,Amador,005,37829,10,8,0,8,0
2020-05-13,Butte,007,227075,40,21,1,22,0
2020-05-13,Calaveras,009,45235,14,13,0,13,0
2020-05-13,Colusa,011,21464,3,3,0,3,0
2020-05-13,Contra Costa,013,1133247,1244,1082,1,1083,32
2020-05-13,Del Norte,015,27424,13,4,0,4,0
2020-05-13,El Dorado,017,186661,79,58,0,58,0
2020-05-13,Fresno,019,978130,2011,993,29,1022,10
2020-05-13,Glenn,021,27897,11,6,0,6,0
2020-05-13,Humboldt,023,135768,83,58,0,58,0
2020-05-13,Imperial,025,180216,1411,610,0,610,11
2020-05-13,Inyo,027,18085,19,20,0,20,1
2020-05-13,Kern,029,883053,1795,1390,3,1393,19
2020-05-13,Kings,031,150075,461,314,2,316,1
2020-05-13,Lake,033,64148,13,7,0,7,0
2020-05-13,Lassen,035,31185,4,0,2,2,0
2020-05-13,Los Angeles,037,10098052,43083,34574,20,34594,1643
2020-05-13,Madera,039,155013,144,69,1,70,2
2020-05-13,Marin,041,260295,307,278,1,279,14
2020-05-13,Mariposa,043,17540,15,15,0,15,0
2020-05-13,Mendocino,045,87422,13,10,0,10,0
2020-05-13,Merced,047,269075,287,176,0,176,3
2020-05-13,Modoc,049,8938,0,0,0,0,0
2020-05-13,Mono,051,14174,35,31,0,31,1
2020-05-13,Monterey,053,433212,383,309,1,310,6
2020-05-13,Napa,055,140530,103,81,0,81,3
2020-05-13,Nevada,057,99092,41,41,1,42,1
2020-05-13,Orange,059,3164182,5923,4025,48,4073,79
2020-05-13,Placer,061,380077,192,170,0,170,8
2020-05-13,Plumas,063,18699,4,4,0,4,0
2020-05-13,Riverside,065,2383286,6352,5204,18,5222,216
2020-05-13,Sacramento,067,1510023,1259,1173,0,1173,53
2020-05-13,San Benito,069,59416,61,55,0,55,2
2020-05-13,San Bernardino,071,2135413,3941,3064,3,3067,140
2020-05-13,San Diego,073,3302833,6351,5280,0,5280,194
2020-05-13,San Francisco,075,870044,2244,2004,0,2004,35
2020-05-13,San Joaquin,077,732212,733,639,3,642,31
2020-05-13,San Luis Obispo,079,281455,313,231,3,234,1
2020-05-13,San Mateo,081,765935,1841,1550,3,1553,66
2020-05-13,Santa Barbara,083,443738,1533,1382,9,1391,10
2020-05-13,Santa Clara,085,1922200,2982,2370,10,2380,132
2020-05-13,Santa Cruz,087,273765,167,142,0,142,2
2020-05-13,Shasta,089,179085,48,32,0,32,4
2020-05-13,Sierra,091,2930,0,0,0,0,0
2020-05-13,Siskiyou,093,43540,6,5,0,5,0
2020-05-13,Solano,095,438530,452,368,0,368,4
2020-05-13,Sonoma,097,501317,410,330,0,330,4
2020-05-13,Stanislaus,099,539301,603,521,4,525,15
2020-05-13,Sutter,101,95872,41,33,0,33,2
2020-05-13,Tehama,103,63373,3,1,0,1,1
2020-05-13,Trinity,105,12862,2,2,0,2,0
2020-05-13,Tulare,107,460477,1879,1283,7,1290,54
2020-05-13,Tuolumne,109,53932,3,2,0,2,0
2020-05-13,Ventura,111,848112,1120,742,5,747,25
2020-05-13,Yolo,113,214977,199,178,0,178,22
2020-05-13,Yuba,115,75493,24,19,0,19,1
2020-05-12,Alameda,001,1643700,2591,2146,4,2150,74
2020-05-12,Alpine,003,1148,1,1,0,1,0
2020-05-12,Amador,005,37829,10,8,0,8,0
2020-05-12,Butte,007,227075,38,20,1,21,0
2020-05-12,Calaveras,009,45235,13,13,0,13,0
2020-05-12,Colusa,011,21464,3,3,0,3,0
2020-05-12,Contra Costa,013,1133247,1213,1067,1,1068,32
2020-05-12,Del Norte,015,27424,10,3,0,3,0
2020-05-12,El Dorado,017,186661,76,56,0,56,0
2020-05-12,Fresno,019,978130,1927,978,27,1005,9
2020-05-12,Glenn,021,27897,10,6,0,6,0
2020-05-12,Humboldt,023,135768,80,58,0,58,0
2020-05-12,Imperial,025,180216,1280,602,0,602,9
2020-05-12,Inyo,027,18085,19,20,0,20,1
2020-05-12,Kern,029,883053,1754,1363,3,1366,18
2020-05-12,Kings,031,150075,440,302,2,304,1
2020-05-12,Lake,033,64148,13,7,0,7,0
2020-05-12,Lassen,035,31185,4,0,2,2,0
2020-05-12,Los Angeles,037,10098052,42085,33281,19,33300,1601
2020-05-12,Madera,039,155013,138,69,1,70,2
2020-05-12,Marin,041,260295,302,274,1,275,14
2020-05-12,Mariposa,043,17540,15,15,0,15,0
2020-05-12,Mendocino,045,87422,13,10,0,10,0
2020-05-12,Merced,047,269075,276,175,0,175,3
2020-05-12,Modoc,049,8938,0,0,0,0,0
2020-05-12,Mono,051,14174,35,31,0,31,1
2020-05-12,Monterey,053,433212,376,298,1,299,6
2020-05-12,Napa,055,140530,101,80,0,80,3
2020-05-12,Nevada,057,99092,41,41,1,42,1
2020-05-12,Orange,059,3164182,5740,3843,46,3889,78
2020-05-12,Placer,061,380077,191,170,0,170,8
2020-05-12,Plumas,063,18699,4,4,0,4,0
2020-05-12,Riverside,065,2383286,6229,5134,18,5152,210
2020-05-12,Sacramento,067,1510023,1239,1166,0,1166,52
2020-05-12,San Benito,069,59416,61,55,0,55,2
2020-05-12,San Bernardino,071,2135413,3789,2997,3,3000,131
2020-05-12,San Diego,073,3302833,6207,3,0,3,0
2020-05-12,San Francisco,075,870044,2209,1981,0,1981,35
2020-05-12,San Joaquin,077,732212,718,625,3,628,30
2020-05-12,San Luis Obispo,079,281455,310,226,3,229,1
2020-05-12,San Mateo,081,765935,1815,1533,3,1536,66
2020-05-12,Santa Barbara,083,443738,1502,1377,9,1386,10
2020-05-12,Santa Clara,085,1922200,2952,2362,10,2372,131
2020-05-12,Santa Cruz,087,273765,165,141,0,141,2
2020-05-12,Shasta,089,179085,47,33,0,33,4
2020-05-12,Sierra,091,2930,0,0,0,0,0
2020-05-12,Siskiyou,093,43540,6,5,0,5,0
2020-05-12,Solano,095,438530,444,361,0,361,4
2020-05-12,Sonoma,097,501317,387,308,0,308,4
2020-05-12,Stanislaus,099,539301,596,515,4,519,15
2020-05-12,Sutter,101,95872,41,33,0,33,2
2020-05-12,Tehama,103,63373,3,1,0,1,1
2020-05-12,Trinity,105,12862,2,1,0,1,0
2020-05-12,Tulare,107,460477,1847,1261,7,1268,52
2020-05-12,Tuolumne,109,53932,3,2,0,2,0
2020-05-12,Ventura,111,848112,1064,718,5,723,20
2020-05-12,Yolo,113,214977,198,176,0,176,22
2020-05-12,Yuba,115,75493,24,19,0,19,1
2020-05-11,Alameda,001,1643700,2541,2103,4,2107,71
2020-05-11,Alpine,003,1148,1,1,0,1,0
2020-05-11,Amador,005,37829,10,8,0,8,0
2020-05-11,Butte,007,227075,37,19,1,20,0
2020-05-11,Calaveras,009,45235,13,13,0,13,0
2020-05-11,Colusa,011,21464,3,3,0,3,0
2020-05-11,Contra Costa,013,1133247,1199,1052,1,1053,32
2020-05-11,Del Norte,015,27424,8,3,0,3,0
2020-05-11,El Dorado,017,186661,76,55,0,55,0
2020-05-11,Fresno,019,978130,1835,937,26,963,8
2020-05-11,Glenn,021,27897,10,6,0,6,0
2020-05-11,Humboldt,023,135768,77,56,0,56,0
2020-05-11,Imperial,025,180216,1174,562,0,562,9
2020-05-11,Inyo,027,18085,19,20,0,20,1
2020-05-11,Kern,029,883053,1702,1331,3,1334,17
2020-05-11,Kings,031,150075,417,289,1,290,1
2020-05-11,Lake,033,64148,12,7,0,7,0
2020-05-11,Lassen,035,31185,4,0,2,2,0
2020-05-11,Los Angeles,037,10098052,40906,32279,19,32298,1553
2020-05-11,Madera,039,155013,129,68,1,69,2
2020-05-11,Marin,041,260295,293,271,1,272,14
2020-05-11,Mariposa,043,17540,15,15,0,15,0
2020-05-11,Mendocino,045,87422,13,10,0,10,0
2020-05-11,Merced,047,269075,261,158,0,158,3
2020-05-11,Modoc,049,8938,0,0,0,0,0
2020-05-11,Mono,051,14174,35,30,0,30,1
2020-05-11,Monterey,053,433212,373,286,1,287,6
2020-05-11,Napa,055,140530,95,79,0,79,2
2020-05-11,Nevada,057,99092,41,41,1,42,1
2020-05-11,Orange,059,3164182,5526,3699,39,3738,77
2020-05-11,Placer,061,380077,191,170,0,170,8
2020-05-11,Plumas,063,18699,4,4,0,4,0
2020-05-11,Riverside,065,2383286,6071,5082,17,5099,203
2020-05-11,Sacramento,067,1510023,1224,1160,0,1160,52
2020-05-11,San Benito,069,59416,59,52,0,52,2
2020-05-11,San Bernardino,071,2135413,3678,2945,3,2948,124
2020-05-11,San Diego,073,3302833,6054,5067,0,5067,175
2020-05-11,San Francisco,075,870044,2162,1974,0,1974,35
2020-05-11,San Joaquin,077,732212,708,620,3,623,30
2020-05-11,San Luis Obispo,079,281455,308,224,3,227,1
2020-05-11,San Mateo,081,765935,1789,1499,2,1501,66
2020-05-11,Santa Barbara,083,443738,1491,1372,8,1380,10
2020-05-11,Santa Clara,085,1922200,2935,2340,10,2350,129
2020-05-11,Santa Cruz,087,273765,162,140,0,140,2
2020-05-11,Shasta,089,179085,47,31,0,31,4
2020-05-11,Sierra,091,2930,0,0,0,0,0
2020-05-11,Siskiyou,093,43540,6,5,0,5,0
2020-05-11,Solano,095,438530,439,354,0,354,4
2020-05-11,Sonoma,097,501317,377,303,0,303,3
2020-05-11,Stanislaus,099,539301,586,507,4,511,14
2020-05-11,Sutter,101,95872,40,32,0,32,2
2020-05-11,Tehama,103,63373,3,1,0,1,1
2020-05-11,Trinity,105,12862,2,1,0,1,0
2020-05-11,Tulare,107,460477,1798,1203,7,1210,49
2020-05-11,Tuolumne,109,53932,3,2,0,2,0
2020-05-11,Ventura,111,848112,1003,698,4,702,19
2020-05-11,Yolo,113,214977,198,174,0,174,20
2020-05-11,Yuba,115,75493,24,18,0,18,1
2020-05-10,Alameda,001,1643700,2464,2047,4,2051,71
2020-05-10,Alpine,003,1148,1,1,0,1,0
2020-05-10,Amador,005,37829,10,8,0,8,0
2020-05-10,Butte,007,227075,32,18,1,19,0
2020-05-10,Calaveras,009,45235,13,13,0,13,0
2020-05-10,Colusa,011,21464,3,3,0,3,0
2020-05-10,Contra Costa,013,1133247,1185,1046,0,1046,31
2020-05-10,Del Norte,015,27424,7,3,0,3,0
2020-05-10,El Dorado,017,186661,76,55,0,55,0
2020-05-10,Fresno,019,978130,1750,894,26,920,8
2020-05-10,Glenn,021,27897,10,6,0,6,0
2020-05-10,Humboldt,023,135768,73,56,0,56,0
2020-05-10,Imperial,025,180216,1079,509,0,509,7
2020-05-10,Inyo,027,18085,19,20,0,20,1
2020-05-10,Kern,029,883053,1651,1300,2,1302,16
2020-05-10,Kings,031,150075,404,266,1,267,1
2020-05-10,Lake,033,64148,12,7,0,7,0
2020-05-10,Lassen,035,31185,4,0,2,2,0
2020-05-10,Los Angeles,037,10098052,39646,31711,19,31730,1514
2020-05-10,Madera,039,155013,127,65,1,66,2
2020-05-10,Marin,041,260295,285,267,1,268,14
2020-05-10,Mariposa,043,17540,15,15,0,15,0
2020-05-10,Mendocino,045,87422,12,10,0,10,0
2020-05-10,Merced,047,269075,246,154,0,154,3
2020-05-10,Modoc,049,8938,0,0,0,0,0
2020-05-10,Mono,051,14174,35,27,0,27,1
2020-05-10,Monterey,053,433212,359,282,1,283,6
2020-05-10,Napa,055,140530,89,79,0,79,2
2020-05-10,Nevada,057,99092,41,41,1,42,1
2020-05-10,Orange,059,3164182,5383,3627,39,3666,76
2020-05-10,Placer,061,380077,190,168,0,168,8
2020-05-10,Plumas,063,18699,4,4,0,4,0
2020-05-10,Riverside,065,2383286,5949,4951,17,4968,193
2020-05-10,Sacramento,067,1510023,1208,1152,0,1152,52
2020-05-10,San Benito,069,59416,59,52,0,52,2
2020-05-10,San Bernardino,071,2135413,3580,2910,3,2913,121
2020-05-10,San Diego,073,3302833,5902,4928,0,4928,175
2020-05-10,San Francisco,075,870044,2144,1953,0,1953,35
2020-05-10,San Joaquin,077,732212,693,611,3,614,29
2020-05-10,San Luis Obispo,079,281455,305,218,3,221,1
2020-05-10,San Mateo,081,765935,1767,1463,2,1465,65
2020-05-10,Santa Barbara,083,443738,1480,1323,8,1331,10
2020-05-10,Santa Clara,085,1922200,2908,2331,10,2341,129
2020-05-10,Santa Cruz,087,273765,161,139,0,139,2
2020-05-10,Shasta,089,179085,47,31,0,31,4
2020-05-10,Sierra,091,2930,0,0,0,0,0
2020-05-10,Siskiyou,093,43540,5,5,0,5,0
2020-05-10,Solano,095,438530,429,322,0,322,4
2020-05-10,Sonoma,097,501317,367,290,0,290,3
2020-05-10,Stanislaus,099,539301,579,498,4,502,14
2020-05-10,Sutter,101,95872,37,31,0,31,2
2020-05-10,Tehama,103,63373,3,1,0,1,1
2020-05-10,Trinity,105,12862,2,1,0,1,0
2020-05-10,Tulare,107,460477,1727,1143,7,1150,47
2020-05-10,Tuolumne,109,53932,3,2,0,2,0
2020-05-10,Ventura,111,848112,945,690,2,692,19
2020-05-10,Yolo,113,214977,198,173,0,173,20
2020-05-10,Yuba,115,75493,23,17,0,17,1
2020-05-09,Alameda,001,1643700,2421,2011,4,2015,71
2020-05-09,Alpine,003,1148,1,1,0,1,0
2020-05-09,Amador,005,37829,9,8,0,8,0
2020-05-09,Butte,007,227075,31,18,1,19,0
2020-05-09,Calaveras,009,45235,13,13,0,13,0
2020-05-09,Colusa,011,21464,3,3,0,3,0
2020-05-09,Contra Costa,013,1133247,1171,1039,0,1039,31
2020-05-09,Del Norte,015,27424,7,3,0,3,0
2020-05-09,El Dorado,017,186661,73,54,0,54,0
2020-05-09,Fresno,019,978130,1712,861,25,886,8
2020-05-09,Glenn,021,27897,9,6,0,6,0
2020-05-09,Humboldt,023,135768,71,55,0,55,0
2020-05-09,Imperial,025,180216,1023,474,0,474,7
2020-05-09,Inyo,027,18085,19,20,0,20,1
2020-05-09,Kern,029,883053,1615,1262,1,1263,15
2020-05-09,Kings,031,150075,399,264,1,265,1
2020-05-09,Lake,033,64148,12,7,0,7,0
2020-05-09,Lassen,035,31185,4,0,2,2,0
2020-05-09,Los Angeles,037,10098052,39023,31268,19,31287,1499
2020-05-09,Madera,039,155013,126,61,1,62,2
2020-05-09,Marin,041,260295,284,261,1,262,14
2020-05-09,Mariposa,043,17540,15,15,0,15,0
2020-05-09,Mendocino,045,87422,12,10,0,10,0
2020-05-09,Merced,047,269075,242,153,0,153,3
2020-05-09,Modoc,049,8938,0,0,0,0,0
2020-05-09,Mono,051,14174,35,27,0,27,1
2020-05-09,Monterey,053,433212,352,273,0,273,6
2020-05-09,Napa,055,140530,88,78,0,78,2
2020-05-09,Nevada,057,99092,41,41,1,42,1
2020-05-09,Orange,059,3164182,5301,3506,38,3544,75
2020-05-09,Placer,061,380077,189,168,0,168,8
2020-05-09,Plumas,063,18699,4,4,0,4,0
2020-05-09,Riverside,065,2383286,5854,4871,17,4888,183
2020-05-09,Sacramento,067,1510023,1204,1150,0,1150,52
2020-05-09,San Benito,069,59416,58,52,0,52,2
2020-05-09,San Bernardino,071,2135413,3524,2825,3,2828,121
2020-05-09,San Diego,073,3302833,5790,4778,0,4778,175
2020-05-09,San Francisco,075,870044,2129,1944,0,1944,34
2020-05-09,San Joaquin,077,732212,684,605,3,608,28
2020-05-09,San Luis Obispo,079,281455,301,213,3,216,1
2020-05-09,San Mateo,081,765935,1748,1453,2,1455,65
2020-05-09,Santa Barbara,083,443738,1472,1245,8,1253,10
2020-05-09,Santa Clara,085,1922200,2894,2317,10,2327,128
2020-05-09,Santa Cruz,087,273765,160,138,0,138,2
2020-05-09,Shasta,089,179085,47,31,0,31,4
2020-05-09,Sierra,091,2930,0,0,0,0,0
2020-05-09,Siskiyou,093,43540,5,5,0,5,0
2020-05-09,Solano,095,438530,423,321,0,321,4
2020-05-09,Sonoma,097,501317,363,288,0,288,3
2020-05-09,Stanislaus,099,539301,571,491,4,495,12
2020-05-09,Sutter,101,95872,37,31,0,31,2
2020-05-09,Tehama,103,63373,2,1,0,1,1
2020-05-09,Trinity,105,12862,2,1,0,1,0
2020-05-09,Tulare,107,460477,1699,1083,7,1090,47
2020-05-09,Tuolumne,109,53932,3,2,0,2,0
2020-05-09,Ventura,111,848112,924,679,2,681,19
2020-05-09,Yolo,113,214977,198,172,0,172,18
2020-05-09,Yuba,115,75493,23,17,0,17,1
2020-05-08,Alameda,001,1643700,2378,1955,4,1959,70
2020-05-08,Alpine,003,1148,1,1,0,1,0
2020-05-08,Amador,005,37829,9,8,0,8,0
2020-05-08,Butte,007,227075,31,18,1,19,0
2020-05-08,Calaveras,009,45235,13,13,0,13,0
2020-05-08,Colusa,011,21464,3,3,0,3,0
2020-05-08,Contra Costa,013,1133247,1159,1024,0,1024,29
2020-05-08,Del Norte,015,27424,7,3,0,3,0
2020-05-08,El Dorado,017,186661,72,54,0,54,0
2020-05-08,Fresno,019,978130,1670,838,23,861,8
2020-05-08,Glenn,021,27897,8,6,0,6,0
2020-05-08,Humboldt,023,135768,68,54,0,54,0
2020-05-08,Imperial,025,180216,978,467,0,467,7
2020-05-08,Inyo,027,18085,19,20,0,20,1
2020-05-08,Kern,029,883053,1584,1214,1,1215,13
2020-05-08,Kings,031,150075,390,236,1,237,1
2020-05-08,Lake,033,64148,12,7,0,7,0
2020-05-08,Lassen,035,31185,4,0,2,2,0
2020-05-08,Los Angeles,037,10098052,38291,30357,19,30376,1447
2020-05-08,Madera,039,155013,123,57,1,58,2
2020-05-08,Marin,041,260295,284,257,1,258,14
2020-05-08,Mariposa,043,17540,15,15,0,15,0
2020-05-08,Mendocino,045,87422,12,10,0,10,0
2020-05-08,Merced,047,269075,241,151,0,151,3
2020-05-08,Modoc,049,8938,0,0,0,0,0
2020-05-08,Mono,051,14174,32,27,0,27,1
2020-05-08,Monterey,053,433212,344,265,0,265,6
2020-05-08,Napa,055,140530,87,78,0,78,2
2020-05-08,Nevada,057,99092,41,41,1,42,1
2020-05-08,Orange,059,3164182,5154,3395,38,3433,72
2020-05-08,Placer,061,380077,187,166,0,166,8
2020-05-08,Plumas,063,18699,4,4,0,4,0
2020-05-08,Riverside,065,2383286,5754,4672,16,4688,181
2020-05-08,Sacramento,067,1510023,1199,1145,0,1145,51
2020-05-08,San Benito,069,59416,58,51,0,51,2
2020-05-08,San Bernardino,071,2135413,3476,2631,3,2634,119
2020-05-08,San Diego,073,3302833,5683,4664,0,4664,169
2020-05-08,San Francisco,075,870044,2111,1890,0,1890,33
2020-05-08,San Joaquin,077,732212,677,595,3,598,28
2020-05-08,San Luis Obispo,079,281455,298,210,3,213,1
2020-05-08,San Mateo,081,765935,1663,1423,2,1425,62
2020-05-08,Santa Barbara,083,443738,1463,1054,6,1060,8
2020-05-08,Santa Clara,085,1922200,2871,2285,10,2295,128
2020-05-08,Santa Cruz,087,273765,156,137,0,137,2
2020-05-08,Shasta,089,179085,47,31,0,31,4
2020-05-08,Sierra,091,2930,0,0,0,0,0
2020-05-08,Siskiyou,093,43540,5,5,0,5,0
2020-05-08,Solano,095,438530,418,314,0,314,4
2020-05-08,Sonoma,097,501317,358,285,0,285,3
2020-05-08,Stanislaus,099,539301,557,487,4,491,12
2020-05-08,Sutter,101,95872,37,30,0,30,2
2020-05-08,Tehama,103,63373,2,1,0,1,1
2020-05-08,Trinity,105,12862,2,0,0,0,0
2020-05-08,Tulare,107,460477,1654,1050,6,1056,43
2020-05-08,Tuolumne,109,53932,3,2,0,2,0
2020-05-08,Ventura,111,848112,906,665,2,667,19
2020-05-08,Yolo,113,214977,197,172,0,172,18
2020-05-08,Yuba,115,75493,22,16,0,16,1
2020-05-07,Alameda,001,1643700,2318,1914,4,1918,68
2020-05-07,Alpine,003,1148,1,1,0,1,0
2020-05-07,Amador,005,37829,9,8,0,8,0
2020-05-07,Butte,007,227075,31,19,1,20,0
2020-05-07,Calaveras,009,45235,13,13,0,13,0
2020-05-07,Colusa,011,21464,3,3,0,3,0
2020-05-07,Contra Costa,013,1133247,1145,1005,0,1005,29
2020-05-07,Del Norte,015,27424,6,3,0,3,0
2020-05-07,El Dorado,017,186661,71,54,0,54,0
2020-05-07,Fresno,019,978130,1584,812,22,834,8
2020-05-07,Glenn,021,27897,8,5,0,5,0
2020-05-07,Humboldt,023,135768,67,54,0,54,0
2020-05-07,Imperial,025,180216,915,442,0,442,6
2020-05-07,Inyo,027,18085,19,20,0,20,1
2020-05-07,Kern,029,883053,1540,1176,1,1177,13
2020-05-07,Kings,031,150075,367,219,1,220,1
2020-05-07,Lake,033,64148,11,7,0,7,0
2020-05-07,Lassen,035,31185,4,0,2,2,0
2020-05-07,Los Angeles,037,10098052,37170,29544,19,29563,1399
2020-05-07,Madera,039,155013,119,54,1,55,2
2020-05-07,Marin,041,260295,277,252,1,253,14
2020-05-07,Mariposa,043,17540,15,15,0,15,0
2020-05-07,Mendocino,045,87422,12,10,0,10,0
2020-05-07,Merced,047,269075,233,146,0,146,3
2020-05-07,Modoc,049,8938,0,0,0,0,0
2020-05-07,Mono,051,14174,32,26,0,26,1
2020-05-07,Monterey,053,433212,336,249,0,249,6
2020-05-07,Napa,055,140530,87,78,0,78,2
2020-05-07,Nevada,057,99092,41,41,1,42,1
2020-05-07,Orange,059,3164182,4969,3283,37,3320,69
2020-05-07,Placer,061,380077,187,165,0,165,8
2020-05-07,Plumas,063,18699,4,4,0,4,0
2020-05-07,Riverside,065,2383286,5638,4608,16,4624,170
2020-05-07,Sacramento,067,1510023,1193,1139,0,1139,50
2020-05-07,San Benito,069,59416,58,50,0,50,2
2020-05-07,San Bernardino,071,2135413,3384,2522,3,2525,115
2020-05-07,San Diego,073,3302833,5526,4431,0,4431,165
2020-05-07,San Francisco,075,870044,2080,1852,0,1852,33
2020-05-07,San Joaquin,077,732212,664,583,3,586,28
2020-05-07,San Luis Obispo,079,281455,287,209,3,212,1
2020-05-07,San Mateo,081,765935,1641,1398,2,1400,58
2020-05-07,Santa Barbara,083,443738,1436,720,5,725,8
2020-05-07,Santa Clara,085,1922200,2833,2281,10,2291,127
2020-05-07,Santa Cruz,087,273765,153,136,0,136,2
2020-05-07,Shasta,089,179085,46,31,0,31,4
2020-05-07,Sierra,091,2930,0,0,0,0,0
2020-05-07,Siskiyou,093,43540,5,5,0,5,0
2020-05-07,Solano,095,438530,412,307,0,307,4
2020-05-07,Sonoma,097,501317,346,282,0,282,3
2020-05-07,Stanislaus,099,539301,548,466,4,470,10
2020-05-07,Sutter,101,95872,37,29,0,29,2
2020-05-07,Tehama,103,63373,2,1,0,1,1
2020-05-07,Trinity,105,12862,2,0,0,0,0
2020-05-07,Tulare,107,460477,1586,1001,6,1007,41
2020-05-07,Tuolumne,109,53932,3,2,0,2,0
2020-05-07,Ventura,111,848112,882,647,1,648,19
2020-05-07,Yolo,113,214977,196,172,0,172,18
2020-05-07,Yuba,115,75493,22,16,0,16,1
2020-05-06,Alameda,001,1643700,2280,1864,4,1868,67
2020-05-06,Alpine,003,1148,1,1,0,1,0
2020-05-06,Amador,005,37829,9,8,0,8,0
2020-05-06,Butte,007,227075,30,19,1,20,0
2020-05-06,Calaveras,009,45235,13,13,0,13,0
2020-05-06,Colusa,011,21464,3,3,0,3,0
2020-05-06,Contra Costa,013,1133247,1124,990,0,990,29
2020-05-06,Del Norte,015,27424,6,3,0,3,0
2020-05-06,El Dorado,017,186661,69,53,0,53,0
2020-05-06,Fresno,019,978130,1521,773,20,793,8
2020-05-06,Glenn,021,27897,8,3,0,3,0
2020-05-06,Humboldt,023,135768,66,54,0,54,0
2020-05-06,Imperial,025,180216,847,399,0,399,6
2020-05-06,Inyo,027,18085,19,20,0,20,1
2020-05-06,Kern,029,883053,1484,1112,1,1113,12
2020-05-06,Kings,031,150075,349,208,1,209,1
2020-05-06,Lake,033,64148,11,7,0,7,0
2020-05-06,Lassen,035,31185,4,0,2,2,0
2020-05-06,Los Angeles,037,10098052,36164,28687,19,28706,1347
2020-05-06,Madera,039,155013,117,55,1,56,2
2020-05-06,Marin,041,260295,270,244,1,245,14
2020-05-06,Mariposa,043,17540,15,14,0,14,0
2020-05-06,Mendocino,045,87422,12,10,0,10,0
2020-05-06,Merced,047,269075,226,140,0,140,3
2020-05-06,Modoc,049,8938,0,0,0,0,0
2020-05-06,Mono,051,14174,32,26,0,26,1
2020-05-06,Monterey,053,433212,328,246,0,246,6
2020-05-06,Napa,055,140530,86,78,0,78,2
2020-05-06,Nevada,057,99092,41,41,1,42,1
2020-05-06,Orange,059,3164182,4785,3156,36,3192,66
2020-05-06,Placer,061,380077,184,164,0,164,8
2020-05-06,Plumas,063,18699,4,4,0,4,0
2020-05-06,Riverside,065,2383286,5494,4535,16,4551,163
2020-05-06,Sacramento,067,1510023,1187,1135,0,1135,49
2020-05-06,San Benito,069,59416,57,50,0,50,2
2020-05-06,San Bernardino,071,2135413,3262,2426,2,2428,110
2020-05-06,San Diego,073,3302833,5393,4321,0,4321,158
2020-05-06,San Francisco,075,870044,2055,1804,0,1804,32
2020-05-06,San Joaquin,077,732212,651,581,3,584,28
2020-05-06,San Luis Obispo,079,281455,284,207,3,210,1
2020-05-06,San Mateo,081,765935,1610,1348,2,1350,57
2020-05-06,Santa Barbara,083,443738,1395,565,4,569,8
2020-05-06,Santa Clara,085,1922200,2816,2270,9,2279,127
2020-05-06,Santa Cruz,087,273765,149,135,0,135,2
2020-05-06,Shasta,089,179085,45,31,0,31,4
2020-05-06,Sierra,091,2930,0,0,0,0,0
2020-05-06,Siskiyou,093,43540,5,5,0,5,0
2020-05-06,Solano,095,438530,402,300,0,300,4
2020-05-06,Sonoma,097,501317,330,269,0,269,3
2020-05-06,Stanislaus,099,539301,532,434,4,438,9
2020-05-06,Sutter,101,95872,37,29,0,29,2
2020-05-06,Tehama,103,63373,2,1,0,1,1
2020-05-06,Trinity,105,12862,2,0,0,0,0
2020-05-06,Tulare,107,460477,1538,963,6,969,40
2020-05-06,Tuolumne,109,53932,3,2,0,2,0
2020-05-06,Ventura,111,848112,855,619,1,620,19
2020-05-06,Yolo,113,214977,195,172,0,172,18
2020-05-06,Yuba,115,75493,22,15,0,15,1
2020-05-05,Alameda,001,1643700,2237,1819,4,1823,67
2020-05-05,Alpine,003,1148,1,1,0,1,0
2020-05-05,Amador,005,37829,9,8,0,8,0
2020-05-05,Butte,007,227075,29,19,1,20,0
2020-05-05,Calaveras,009,45235,13,13,0,13,0
2020-05-05,Colusa,011,21464,3,3,0,3,0
2020-05-05,Contra Costa,013,1133247,1106,976,0,976,29
2020-05-05,Del Norte,015,27424,6,3,0,3,0
2020-05-05,El Dorado,017,186661,67,54,0,54,0
2020-05-05,Fresno,019,978130,1448,726,18,744,8
2020-05-05,Glenn,021,27897,8,3,0,3,0
2020-05-05,Humboldt,023,135768,63,54,0,54,0
2020-05-05,Imperial,025,180216,792,389,0,389,6
2020-05-05,Inyo,027,18085,19,20,0,20,1
2020-05-05,Kern,029,883053,1432,1084,1,1085,11
2020-05-05,Kings,031,150075,331,187,1,188,1
2020-05-05,Lake,033,64148,10,7,0,7,0
2020-05-05,Lassen,035,31185,4,0,2,2,0
2020-05-05,Los Angeles,037,10098052,35092,27867,19,27886,1289
2020-05-05,Madera,039,155013,113,53,1,54,2
2020-05-05,Marin,041,260295,264,244,1,245,14
2020-05-05,Mariposa,043,17540,15,14,0,14,0
2020-05-05,Mendocino,045,87422,12,10,0,10,0
2020-05-05,Merced,047,269075,221,141,0,141,3
2020-05-05,Modoc,049,8938,0,0,0,0,0
2020-05-05,Mono,051,14174,32,25,0,25,1
2020-05-05,Monterey,053,433212,314,240,0,240,6
2020-05-05,Napa,055,140530,86,74,0,74,2
2020-05-05,Nevada,057,99092,41,41,1,42,1
2020-05-05,Orange,059,3164182,4661,3041,36,3077,63
2020-05-05,Placer,061,380077,184,162,0,162,8
2020-05-05,Plumas,063,18699,4,4,0,4,0
2020-05-05,Riverside,065,2383286,5384,4309,16,4325,161
2020-05-05,Sacramento,067,1510023,1180,1125,0,1125,48
2020-05-05,San Benito,069,59416,56,50,0,50,2
2020-05-05,San Bernardino,071,2135413,3169,2345,2,2347,104
2020-05-05,San Diego,073,3302833,5250,4162,0,4162,150
2020-05-05,San Francisco,075,870044,2020,1779,0,1779,31
2020-05-05,San Joaquin,077,732212,642,577,3,580,26
2020-05-05,San Luis Obispo,079,281455,282,203,3,206,1
2020-05-05,San Mateo,081,765935,1578,1335,2,1337,56
2020-05-05,Santa Barbara,083,443738,1174,541,4,545,7
2020-05-05,Santa Clara,085,1922200,2770,2249,8,2257,124
2020-05-05,Santa Cruz,087,273765,146,134,0,134,2
2020-05-05,Shasta,089,179085,44,31,0,31,4
2020-05-05,Sierra,091,2930,0,0,0,0,0
2020-05-05,Siskiyou,093,43540,5,5,0,5,0
2020-05-05,Solano,095,438530,386,299,0,299,4
2020-05-05,Sonoma,097,501317,327,263,0,263,3
2020-05-05,Stanislaus,099,539301,520,430,4,434,9
2020-05-05,Sutter,101,95872,36,29,0,29,2
2020-05-05,Tehama,103,63373,2,1,0,1,1
2020-05-05,Trinity,105,12862,2,0,0,0,0
2020-05-05,Tulare,107,460477,1440,869,6,875,40
2020-05-05,Tuolumne,109,53932,3,2,0,2,0
2020-05-05,Ventura,111,848112,831,607,1,608,19
2020-05-05,Yolo,113,214977,193,171,0,171,18
2020-05-05,Yuba,115,75493,22,15,0,15,1
2020-05-04,Alameda,001,1643700,2178,1762,3,1765,65
2020-05-04,Alpine,003,1148,1,1,0,1,0
2020-05-04,Amador,005,37829,8,8,0,8,0
2020-05-04,Butte,007,227075,28,16,1,17,0
2020-05-04,Calaveras,009,45235,13,13,0,13,0
2020-05-04,Colusa,011,21464,3,3,0,3,0
2020-05-04,Contra Costa,013,1133247,1088,949,0,949,28
2020-05-04,Del Norte,015,27424,5,3,0,3,0
2020-05-04,El Dorado,017,186661,66,51,0,51,0
2020-05-04,Fresno,019,978130,1378,680,17,697,8
2020-05-04,Glenn,021,27897,8,4,0,4,0
2020-05-04,Humboldt,023,135768,61,54,0,54,0
2020-05-04,Imperial,025,180216,740,351,0,351,6
2020-05-04,Inyo,027,18085,19,20,0,20,1
2020-05-04,Kern,029,883053,1390,1047,1,1048,8
2020-05-04,Kings,031,150075,314,153,1,154,1
2020-05-04,Lake,033,64148,9,7,0,7,0
2020-05-04,Lassen,035,31185,3,0,2,2,0
2020-05-04,Los Angeles,037,10098052,33792,26243,17,26260,1235
2020-05-04,Madera,039,155013,110,52,1,53,2
2020-05-04,Marin,041,260295,259,244,1,245,13
2020-05-04,Mariposa,043,17540,15,13,0,13,0
2020-05-04,Mendocino,045,87422,12,10,0,10,0
2020-05-04,Merced,047,269075,221,138,0,138,3
2020-05-04,Modoc,049,8938,0,0,0,0,0
2020-05-04,Mono,051,14174,32,25,0,25,1
2020-05-04,Monterey,053,433212,303,237,0,237,6
2020-05-04,Napa,055,140530,86,72,0,72,2
2020-05-04,Nevada,057,99092,41,41,1,42,1
2020-05-04,Orange,059,3164182,4523,2931,33,2964,57
2020-05-04,Placer,061,380077,182,162,0,162,8
2020-05-04,Plumas,063,18699,4,4,0,4,0
2020-05-04,Riverside,065,2383286,5290,4221,16,4237,147
2020-05-04,Sacramento,067,1510023,1170,1119,0,1119,44
2020-05-04,San Benito,069,59416,54,49,0,49,2
2020-05-04,San Bernardino,071,2135413,3029,2184,2,2186,99
2020-05-04,San Diego,073,3302833,5109,4022,0,4022,144
2020-05-04,San Francisco,075,870044,1982,1760,0,1760,31
2020-05-04,San Joaquin,077,732212,628,574,3,577,26
2020-05-04,San Luis Obispo,079,281455,279,202,3,205,1
2020-05-04,San Mateo,081,765935,1553,1313,2,1315,53
2020-05-04,Santa Barbara,083,443738,927,524,4,528,7
2020-05-04,Santa Clara,085,1922200,2755,2238,8,2246,119
2020-05-04,Santa Cruz,087,273765,145,133,0,133,2
2020-05-04,Shasta,089,179085,42,31,0,31,4
2020-05-04,Sierra,091,2930,0,0,0,0,0
2020-05-04,Siskiyou,093,43540,5,5,0,5,0
2020-05-04,Solano,095,438530,372,293,0,293,4
2020-05-04,Sonoma,097,501317,313,256,0,256,4
2020-05-04,Stanislaus,099,539301,514,422,4,426,8
2020-05-04,Sutter,101,95872,33,28,0,28,2
2020-05-04,Tehama,103,63373,2,1,0,1,1
2020-05-04,Trinity,105,12862,1,0,0,0,0
2020-05-04,Tulare,107,460477,1361,760,6,766,40
2020-05-04,Tuolumne,109,53932,3,3,0,3,0
2020-05-04,Ventura,111,848112,810,590,1,591,19
2020-05-04,Yolo,113,214977,192,171,0,171,18
2020-05-04,Yuba,115,75493,19,16,0,16,1
2020-05-03,Alameda,001,1643700,2121,1731,3,1734,64
2020-05-03,Alpine,003,1148,1,1,0,1,0
2020-05-03,Amador,005,37829,8,8,0,8,0
2020-05-03,Butte,007,227075,28,17,1,18,0
2020-05-03,Calaveras,009,45235,13,13,0,13,0
2020-05-03,Colusa,011,21464,3,3,0,3,0
2020-05-03,Contra Costa,013,1133247,1072,945,0,945,28
2020-05-03,Del Norte,015,27424,5,3,0,3,0
2020-05-03,El Dorado,017,186661,64,49,0,49,0
2020-05-03,Fresno,019,978130,1286,646,15,661,8
2020-05-03,Glenn,021,27897,7,5,0,5,0
2020-05-03,Humboldt,023,135768,60,54,0,54,0
2020-05-03,Imperial,025,180216,684,351,0,351,6
2020-05-03,Inyo,027,18085,19,20,0,20,1
2020-05-03,Kern,029,883053,1335,1025,1,1026,8
2020-05-03,Kings,031,150075,294,137,1,138,1
2020-05-03,Lake,033,64148,9,7,0,7,0
2020-05-03,Lassen,035,31185,3,0,2,2,0
2020-05-03,Los Angeles,037,10098052,32807,25708,17,25725,1210
2020-05-03,Madera,039,155013,103,46,1,47,2
2020-05-03,Marin,041,260295,254,243,1,244,13
2020-05-03,Mariposa,043,17540,15,13,0,13,0
2020-05-03,Mendocino,045,87422,12,10,0,10,0
2020-05-03,Merced,047,269075,213,134,0,134,3
2020-05-03,Modoc,049,8938,0,0,0,0,0
2020-05-03,Mono,051,14174,32,25,0,25,1
2020-05-03,Monterey,053,433212,294,235,0,235,6
2020-05-03,Napa,055,140530,86,72,0,72,2
2020-05-03,Nevada,057,99092,41,41,1,42,1
2020-05-03,Orange,059,3164182,4349,2859,32,2891,55
2020-05-03,Placer,061,380077,182,161,0,161,8
2020-05-03,Plumas,063,18699,4,4,0,4,0
2020-05-03,Riverside,065,2383286,5185,4034,16,4050,139
2020-05-03,Sacramento,067,1510023,1161,1109,0,1109,43
2020-05-03,San Benito,069,59416,54,49,0,49,2
2020-05-03,San Bernardino,071,2135413,2968,2123,2,2125,99
2020-05-03,San Diego,073,3302833,4972,3929,0,3929,142
2020-05-03,San Francisco,075,870044,1953,1692,0,1692,30
2020-05-03,San Joaquin,077,732212,621,570,3,573,26
2020-05-03,San Luis Obispo,079,281455,276,200,3,203,1
2020-05-03,San Mateo,081,765935,1525,1277,2,1279,53
2020-05-03,Santa Barbara,083,443738,568,512,4,516,7
2020-05-03,Santa Clara,085,1922200,2718,2235,8,2243,116
2020-05-03,Santa Cruz,087,273765,145,133,0,133,2
2020-05-03,Shasta,089,179085,40,31,0,31,4
2020-05-03,Sierra,091,2930,0,0,0,0,0
2020-05-03,Siskiyou,093,43540,5,5,0,5,0
2020-05-03,Solano,095,438530,362,266,0,266,4
2020-05-03,Sonoma,097,501317,304,254,0,254,4
2020-05-03,Stanislaus,099,539301,486,411,4,415,8
2020-05-03,Sutter,101,95872,31,28,0,28,2
2020-05-03,Tehama,103,63373,2,1,0,1,1
2020-05-03,Trinity,105,12862,1,0,0,0,0
2020-05-03,Tulare,107,460477,1282,736,6,742,40
2020-05-03,Tuolumne,109,53932,3,3,0,3,0
2020-05-03,Ventura,111,848112,776,583,1,584,19
2020-05-03,Yolo,113,214977,191,171,0,171,18
2020-05-03,Yuba,115,75493,19,16,0,16,1
2020-05-02,Alameda,001,1643700,2084,1678,3,1681,63
2020-05-02,Alpine,003,1148,1,1,0,1,0
2020-05-02,Amador,005,37829,8,8,0,8,0
2020-05-02,Butte,007,227075,28,17,1,18,0
2020-05-02,Calaveras,009,45235,13,13,0,13,0
2020-05-02,Colusa,011,21464,3,3,0,3,0
2020-05-02,Contra Costa,013,1133247,1054,929,0,929,28
2020-05-02,Del Norte,015,27424,5,3,0,3,0
2020-05-02,El Dorado,017,186661,64,47,0,47,0
2020-05-02,Fresno,019,978130,1260,629,14,643,8
2020-05-02,Glenn,021,27897,7,5,0,5,0
2020-05-02,Humboldt,023,135768,60,54,0,54,0
2020-05-02,Imperial,025,180216,657,345,0,345,6
2020-05-02,Inyo,027,18085,19,20,0,20,1
2020-05-02,Kern,029,883053,1309,1007,1,1008,8
2020-05-02,Kings,031,150075,291,120,1,121,1
2020-05-02,Lake,033,64148,9,7,0,7,0
2020-05-02,Lassen,035,31185,3,0,2,2,0
2020-05-02,Los Angeles,037,10098052,32277,24955,17,24972,1192
2020-05-02,Madera,039,155013,103,46,1,47,2
2020-05-02,Marin,041,260295,253,243,1,244,13
2020-05-02,Mariposa,043,17540,15,13,0,13,0
2020-05-02,Mendocino,045,87422,12,10,0,10,0
2020-05-02,Merced,047,269075,210,131,0,131,3
2020-05-02,Modoc,049,8938,0,0,0,0,0
2020-05-02,Mono,051,14174,32,25,0,25,1
2020-05-02,Monterey,053,433212,288,225,0,225,5
2020-05-02,Napa,055,140530,86,71,0,71,2
2020-05-02,Nevada,057,99092,41,41,1,42,1
2020-05-02,Orange,059,3164182,4235,2774,32,2806,52
2020-05-02,Placer,061,380077,180,150,0,150,8
2020-05-02,Plumas,063,18699,4,4,0,4,0
2020-05-02,Riverside,065,2383286,5119,3997,16,4013,137
2020-05-02,Sacramento,067,1510023,1158,1097,0,1097,43
2020-05-02,San Benito,069,59416,54,49,0,49,2
2020-05-02,San Bernardino,071,2135413,2929,2124,2,2126,99
2020-05-02,San Diego,073,3302833,4870,3844,0,3844,138
2020-05-02,San Francisco,075,870044,1930,1632,0,1632,29
2020-05-02,San Joaquin,077,732212,613,559,3,562,25
2020-05-02,San Luis Obispo,079,281455,270,193,3,196,1
2020-05-02,San Mateo,081,765935,1509,1272,2,1274,52
2020-05-02,Santa Barbara,083,443738,560,506,4,510,7
2020-05-02,Santa Clara,085,1922200,2708,2203,8,2211,115
2020-05-02,Santa Cruz,087,273765,144,131,0,131,2
2020-05-02,Shasta,089,179085,40,31,0,31,4
2020-05-02,Sierra,091,2930,0,0,0,0,0
2020-05-02,Siskiyou,093,43540,5,5,0,5,0
2020-05-02,Solano,095,438530,355,267,0,267,4
2020-05-02,Sonoma,097,501317,301,250,0,250,3
2020-05-02,Stanislaus,099,539301,478,388,4,392,8
2020-05-02,Sutter,101,95872,31,28,0,28,2
2020-05-02,Tehama,103,63373,2,1,0,1,1
2020-05-02,Trinity,105,12862,1,0,0,0,0
2020-05-02,Tulare,107,460477,1239,711,6,717,35
2020-05-02,Tuolumne,109,53932,3,3,0,3,0
2020-05-02,Ventura,111,848112,762,564,1,565,19
2020-05-02,Yolo,113,214977,191,169,0,169,17
2020-05-02,Yuba,115,75493,19,16,0,16,1
2020-05-01,Alameda,001,1643700,2047,1630,3,1633,63
2020-05-01,Alpine,003,1148,1,1,0,1,0
2020-05-01,Amador,005,37829,8,8,0,8,0
2020-05-01,Butte,007,227075,28,17,1,18,0
2020-05-01,Calaveras,009,45235,13,13,0,13,0
2020-05-01,Colusa,011,21464,3,3,0,3,0
2020-05-01,Contra Costa,013,1133247,1040,915,0,915,28
2020-05-01,Del Norte,015,27424,5,3,0,3,0
2020-05-01,El Dorado,017,186661,64,47,0,47,0
2020-05-01,Fresno,019,978130,1229,617,14,631,7
2020-05-01,Glenn,021,27897,7,4,0,4,0
2020-05-01,Humboldt,023,135768,60,54,0,54,0
2020-05-01,Imperial,025,180216,620,337,0,337,6
2020-05-01,Inyo,027,18085,19,20,0,20,1
2020-05-01,Kern,029,883053,1282,972,1,973,8
2020-05-01,Kings,031,150075,274,112,1,113,1
2020-05-01,Lake,033,64148,9,6,0,6,0
2020-05-01,Lassen,035,31185,3,0,2,2,0
2020-05-01,Los Angeles,037,10098052,31520,24306,17,24323,1155
2020-05-01,Madera,039,155013,99,46,1,47,2
2020-05-01,Marin,041,260295,253,242,1,243,13
2020-05-01,Mariposa,043,17540,15,10,0,10,0
2020-05-01,Mendocino,045,87422,12,11,0,11,0
2020-05-01,Merced,047,269075,207,131,0,131,3
2020-05-01,Modoc,049,8938,0,0,0,0,0
2020-05-01,Mono,051,14174,32,25,0,25,1
2020-05-01,Monterey,053,433212,284,222,0,222,5
2020-05-01,Napa,055,140530,86,69,0,69,2
2020-05-01,Nevada,057,99092,41,41,1,42,1
2020-05-01,Orange,059,3164182,4158,2660,30,2690,51
2020-05-01,Placer,061,380077,179,149,0,149,8
2020-05-01,Plumas,063,18699,4,4,0,4,0
2020-05-01,Riverside,065,2383286,5055,3893,16,3909,132
2020-05-01,Sacramento,067,1510023,1153,1081,0,1081,43
2020-05-01,San Benito,069,59416,54,49,0,49,2
2020-05-01,San Bernardino,071,2135413,2874,2084,2,2086,98
2020-05-01,San Diego,073,3302833,4779,3713,0,3713,134
2020-05-01,San Francisco,075,870044,1886,1552,0,1552,29
2020-05-01,San Joaquin,077,732212,609,554,3,557,25
2020-05-01,San Luis Obispo,079,281455,267,186,3,189,1
2020-05-01,San Mateo,081,765935,1487,1222,2,1224,52
2020-05-01,Santa Barbara,083,443738,554,499,3,502,7
2020-05-01,Santa Clara,085,1922200,2696,2176,8,2184,112
2020-05-01,Santa Cruz,087,273765,144,127,0,127,2
2020-05-01,Shasta,089,179085,40,31,0,31,4
2020-05-01,Sierra,091,2930,0,0,0,0,0
2020-05-01,Siskiyou,093,43540,5,5,0,5,0
2020-05-01,Solano,095,438530,347,266,0,266,4
2020-05-01,Sonoma,097,501317,298,242,0,242,3
2020-05-01,Stanislaus,099,539301,473,384,4,388,8
2020-05-01,Sutter,101,95872,31,28,0,28,2
2020-05-01,Tehama,103,63373,2,1,0,1,1
2020-05-01,Trinity,105,12862,1,0,0,0,0
2020-05-01,Tulare,107,460477,1195,685,6,691,32
2020-05-01,Tuolumne,109,53932,3,3,0,3,0
2020-05-01,Ventura,111,848112,749,556,1,557,18
2020-05-01,Yolo,113,214977,191,165,0,165,18
2020-05-01,Yuba,115,75493,19,16,0,16,1
2020-04-30,Alameda,001,1643700,1987,1599,3,1602,60
2020-04-30,Alpine,003,1148,1,1,0,1,0
2020-04-30,Amador,005,37829,8,8,0,8,0
2020-04-30,Butte,007,227075,28,16,1,17,0
2020-04-30,Calaveras,009,45235,13,13,0,13,0
2020-04-30,Colusa,011,21464,3,3,0,3,0
2020-04-30,Contra Costa,013,1133247,1018,900,0,900,25
2020-04-30,Del Norte,015,27424,4,3,0,3,0
2020-04-30,El Dorado,017,186661,64,44,0,44,0
2020-04-30,Fresno,019,978130,1163,562,11,573,7
2020-04-30,Glenn,021,27897,7,4,0,4,0
2020-04-30,Humboldt,023,135768,60,54,0,54,0
2020-04-30,Imperial,025,180216,574,322,0,322,6
2020-04-30,Inyo,027,18085,19,20,0,20,1
2020-04-30,Kern,029,883053,1250,941,1,942,8
2020-04-30,Kings,031,150075,262,87,1,88,1
2020-04-30,Lake,033,64148,9,6,0,6,0
2020-04-30,Lassen,035,31185,3,0,2,2,0
2020-04-30,Los Angeles,037,10098052,30513,23284,17,23301,1099
2020-04-30,Madera,039,155013,88,46,1,47,2
2020-04-30,Marin,041,260295,253,240,1,241,13
2020-04-30,Mariposa,043,17540,15,3,0,3,0
2020-04-30,Mendocino,045,87422,12,11,0,11,0
2020-04-30,Merced,047,269075,200,122,0,122,3
2020-04-30,Modoc,049,8938,0,0,0,0,0
2020-04-30,Mono,051,14174,31,25,0,25,1
2020-04-30,Monterey,053,433212,274,213,0,213,5
2020-04-30,Napa,055,140530,84,69,0,69,2
2020-04-30,Nevada,057,99092,41,41,1,42,1
2020-04-30,Orange,059,3164182,3935,2591,27,2618,46
2020-04-30,Placer,061,380077,178,148,0,148,8
2020-04-30,Plumas,063,18699,4,4,0,4,0
2020-04-30,Riverside,065,2383286,4955,3820,15,3835,124
2020-04-30,Sacramento,067,1510023,1147,1071,0,1071,43
2020-04-30,San Benito,069,59416,54,48,0,48,2
2020-04-30,San Bernardino,071,2135413,2672,2020,2,2022,96
2020-04-30,San Diego,073,3302833,4608,3566,0,3566,124
2020-04-30,San Francisco,075,870044,1852,1518,0,1518,26
2020-04-30,San Joaquin,077,732212,601,548,3,551,25
2020-04-30,San Luis Obispo,079,281455,264,182,3,185,1
2020-04-30,San Mateo,081,765935,1457,1194,2,1196,52
2020-04-30,Santa Barbara,083,443738,542,490,3,493,7
2020-04-30,Santa Clara,085,1922200,2656,2172,8,2180,111
2020-04-30,Santa Cruz,087,273765,143,126,0,126,2
2020-04-30,Shasta,089,179085,39,31,0,31,4
2020-04-30,Sierra,091,2930,0,0,0,0,0
2020-04-30,Siskiyou,093,43540,5,5,0,5,0
2020-04-30,Solano,095,438530,337,262,0,262,4
2020-04-30,Sonoma,097,501317,289,233,0,233,3
2020-04-30,Stanislaus,099,539301,466,378,4,382,7
2020-04-30,Sutter,101,95872,31,28,0,28,2
2020-04-30,Tehama,103,63373,1,1,0,1,1
2020-04-30,Trinity,105,12862,1,0,0,0,0
2020-04-30,Tulare,107,460477,1129,637,6,643,31
2020-04-30,Tuolumne,109,53932,3,3,0,3,0
2020-04-30,Ventura,111,848112,721,547,1,548,18
2020-04-30,Yolo,113,214977,190,164,0,164,16
2020-04-30,Yuba,115,75493,19,15,0,15,1
2020-04-29,Alameda,001,1643700,1929,1564,2,1566,60
2020-04-29,Alpine,003,1148,1,1,0,1,0
2020-04-29,Amador,005,37829,8,8,0,8,0
2020-04-29,Butte,007,227075,28,16,1,17,0
2020-04-29,Calaveras,009,45235,13,13,0,13,0
2020-04-29,Colusa,011,21464,3,3,0,3,0
2020-04-29,Contra Costa,013,1133247,999,885,0,885,25
2020-04-29,Del Norte,015,27424,4,3,0,3,0
2020-04-29,El Dorado,017,186661,62,44,0,44,0
2020-04-29,Fresno,019,978130,1111,544,11,555,7
2020-04-29,Glenn,021,27897,7,4,0,4,0
2020-04-29,Humboldt,023,135768,60,53,0,53,0
2020-04-29,Imperial,025,180216,544,300,0,300,6
2020-04-29,Inyo,027,18085,19,20,0,20,1
2020-04-29,Kern,029,883053,1207,910,1,911,6
2020-04-29,Kings,031,150075,243,80,1,81,1
2020-04-29,Lake,033,64148,9,6,0,6,0
2020-04-29,Lassen,035,31185,3,0,2,2,0
2020-04-29,Los Angeles,037,10098052,29536,22560,16,22576,1043
2020-04-29,Madera,039,155013,86,45,1,46,2
2020-04-29,Marin,041,260295,250,234,1,235,13
2020-04-29,Mariposa,043,17540,15,1,0,1,0
2020-04-29,Mendocino,045,87422,12,11,0,11,0
2020-04-29,Merced,047,269075,193,116,0,116,3
2020-04-29,Modoc,049,8938,0,0,0,0,0
2020-04-29,Mono,051,14174,31,25,0,25,1
2020-04-29,Monterey,053,433212,266,204,0,204,5
2020-04-29,Napa,055,140530,82,68,0,68,2
2020-04-29,Nevada,057,99092,41,41,1,42,1
2020-04-29,Orange,059,3164182,3800,2421,26,2447,43
2020-04-29,Placer,061,380077,176,145,0,145,8
2020-04-29,Plumas,063,18699,4,4,0,4,0
2020-04-29,Riverside,065,2383286,4878,3700,15,3715,116
2020-04-29,Sacramento,067,1510023,1125,1055,0,1055,41
2020-04-29,San Benito,069,59416,54,48,0,48,2
2020-04-29,San Bernardino,071,2135413,2585,1975,1,1976,91
2020-04-29,San Diego,073,3302833,4466,3434,0,3434,120
2020-04-29,San Francisco,075,870044,1824,1489,0,1489,23
2020-04-29,San Joaquin,077,732212,593,540,3,543,25
2020-04-29,San Luis Obispo,079,281455,262,181,3,184,1
2020-04-29,San Mateo,081,765935,1431,1170,2,1172,50
2020-04-29,Santa Barbara,083,443738,529,477,3,480,7
2020-04-29,Santa Clara,085,1922200,2629,2147,8,2155,108
2020-04-29,Santa Cruz,087,273765,142,124,0,124,2
2020-04-29,Shasta,089,179085,38,31,0,31,4
2020-04-29,Sierra,091,2930,0,0,0,0,0
2020-04-29,Siskiyou,093,43540,5,5,0,5,0
2020-04-29,Solano,095,438530,313,252,0,252,3
2020-04-29,Sonoma,097,501317,281,230,0,230,2
2020-04-29,Stanislaus,099,539301,453,374,4,378,5
2020-04-29,Sutter,101,95872,31,28,0,28,2
2020-04-29,Tehama,103,63373,1,1,0,1,1
2020-04-29,Trinity,105,12862,1,0,0,0,0
2020-04-29,Tulare,107,460477,1056,615,5,620,30
2020-04-29,Tuolumne,109,53932,3,4,0,4,0
2020-04-29,Ventura,111,848112,697,530,1,531,18
2020-04-29,Yolo,113,214977,187,161,0,161,11
2020-04-29,Yuba,115,75493,19,15,0,15,1
2020-04-28,Alameda,001,1643700,1872,1525,2,1527,55
2020-04-28,Alpine,003,1148,1,1,0,1,0
2020-04-28,Amador,005,37829,8,8,0,8,0
2020-04-28,Butte,007,227075,28,16,1,17,0
2020-04-28,Calaveras,009,45235,13,13,0,13,0
2020-04-28,Colusa,011,21464,3,3,0,3,0
2020-04-28,Contra Costa,013,1133247,992,866,0,866,25
2020-04-28,Del Norte,015,27424,4,3,0,3,0
2020-04-28,El Dorado,017,186661,61,43,0,43,0
2020-04-28,Fresno,019,978130,1060,525,9,534,7
2020-04-28,Glenn,021,27897,5,4,0,4,0
2020-04-28,Humboldt,023,135768,59,53,0,53,0
2020-04-28,Imperial,025,180216,510,295,0,295,6
2020-04-28,Inyo,027,18085,19,20,0,20,1
2020-04-28,Kern,029,883053,1164,882,1,883,5
2020-04-28,Kings,031,150075,230,57,1,58,1
2020-04-28,Lake,033,64148,9,6,0,6,0
2020-04-28,Lassen,035,31185,3,0,2,2,0
2020-04-28,Los Angeles,037,10098052,28471,21029,16,21045,984
2020-04-28,Madera,039,155013,86,44,1,45,2
2020-04-28,Marin,041,260295,249,228,1,229,12
2020-04-28,Mariposa,043,17540,15,0,0,0,0
2020-04-28,Mendocino,045,87422,12,10,0,10,0
2020-04-28,Merced,047,269075,186,108,0,108,3
2020-04-28,Modoc,049,8938,0,0,0,0,0
2020-04-28,Mono,051,14174,31,25,0,25,1
2020-04-28,Monterey,053,433212,260,191,0,191,5
2020-04-28,Napa,055,140530,81,67,0,67,2
2020-04-28,Nevada,057,99092,41,41,1,42,1
2020-04-28,Orange,059,3164182,3637,2324,25,2349,42
2020-04-28,Placer,061,380077,166,143,0,143,8
2020-04-28,Plumas,063,18699,4,4,0,4,0
2020-04-28,Riverside,065,2383286,4783,3504,15,3519,113
2020-04-28,Sacramento,067,1510023,1110,1044,0,1044,41
2020-04-28,San Benito,069,59416,52,46,0,46,2
2020-04-28,San Bernardino,071,2135413,2508,1891,1,1892,89
2020-04-28,San Diego,073,3302833,4336,3316,0,3316,118
2020-04-28,San Francisco,075,870044,1789,1471,0,1471,23
2020-04-28,San Joaquin,077,732212,587,532,3,535,25
2020-04-28,San Luis Obispo,079,281455,255,172,3,175,1
2020-04-28,San Mateo,081,765935,1418,1129,2,1131,48
2020-04-28,Santa Barbara,083,443738,524,469,2,471,7
2020-04-28,Santa Clara,085,1922200,2595,2130,8,2138,106
2020-04-28,Santa Cruz,087,273765,142,123,0,123,2
2020-04-28,Shasta,089,179085,38,29,0,29,4
2020-04-28,Sierra,091,2930,0,0,0,0,0
2020-04-28,Siskiyou,093,43540,5,5,0,5,0
2020-04-28,Solano,095,438530,294,246,0,246,3
2020-04-28,Sonoma,097,501317,278,226,0,226,1
2020-04-28,Stanislaus,099,539301,437,330,4,334,5
2020-04-28,Sutter,101,95872,31,25,0,25,2
2020-04-28,Tehama,103,63373,1,1,0,1,1
2020-04-28,Trinity,105,12862,1,0,0,0,0
2020-04-28,Tulare,107,460477,960,579,5,584,30
2020-04-28,Tuolumne,109,53932,3,4,0,4,0
2020-04-28,Ventura,111,848112,677,517,1,518,17
2020-04-28,Yolo,113,214977,187,160,0,160,10
2020-04-28,Yuba,115,75493,19,15,0,15,1
2020-04-27,Alameda,001,1643700,1812,1494,2,1496,53
2020-04-27,Alpine,003,1148,1,1,0,1,0
2020-04-27,Amador,005,37829,8,8,0,8,0
2020-04-27,Butte,007,227075,27,16,1,17,0
2020-04-27,Calaveras,009,45235,13,13,0,13,0
2020-04-27,Colusa,011,21464,3,3,0,3,0
2020-04-27,Contra Costa,013,1133247,980,843,0,843,25
2020-04-27,Del Norte,015,27424,4,3,0,3,0
2020-04-27,El Dorado,017,186661,60,43,0,43,0
2020-04-27,Fresno,019,978130,957,504,8,512,7
2020-04-27,Glenn,021,27897,5,4,0,4,0
2020-04-27,Humboldt,023,135768,59,52,0,52,0
2020-04-27,Imperial,025,180216,480,290,0,290,6
2020-04-27,Inyo,027,18085,19,20,0,20,1
2020-04-27,Kern,029,883053,1125,865,1,866,4
2020-04-27,Kings,031,150075,207,48,1,49,1
2020-04-27,Lake,033,64148,8,6,0,6,0
2020-04-27,Lassen,035,31185,3,0,2,2,0
2020-04-27,Los Angeles,037,10098052,27453,20456,16,20472,931
2020-04-27,Madera,039,155013,84,42,1,43,2
2020-04-27,Marin,041,260295,244,227,1,228,12
2020-04-27,Mariposa,043,17540,14,0,0,0,0
2020-04-27,Mendocino,045,87422,12,10,0,10,0
2020-04-27,Merced,047,269075,183,108,0,108,3
2020-04-27,Modoc,049,8938,0,0,0,0,0
2020-04-27,Mono,051,14174,31,23,0,23,1
2020-04-27,Monterey,053,433212,253,185,0,185,4
2020-04-27,Napa,055,140530,77,64,0,64,2
2020-04-27,Nevada,057,99092,41,39,1,40,1
2020-04-27,Orange,059,3164182,3468,2198,25,2223,42
2020-04-27,Placer,061,380077,166,142,0,142,8
2020-04-27,Plumas,063,18699,4,4,0,4,0
2020-04-27,Riverside,065,2383286,4660,3381,15,3396,100
2020-04-27,Sacramento,067,1510023,1095,1035,0,1035,41
2020-04-27,San Benito,069,59416,50,45,0,45,2
2020-04-27,San Bernardino,071,2135413,2394,1742,1,1743,82
2020-04-27,San Diego,073,3302833,4210,3143,0,3143,113
2020-04-27,San Francisco,075,870044,1735,1453,0,1453,23
2020-04-27,San Joaquin,077,732212,581,522,3,525,25
2020-04-27,San Luis Obispo,079,281455,247,166,3,169,1
2020-04-27,San Mateo,081,765935,1396,1092,2,1094,46
2020-04-27,Santa Barbara,083,443738,516,466,2,468,7
2020-04-27,Santa Clara,085,1922200,2570,2104,7,2111,105
2020-04-27,Santa Cruz,087,273765,142,123,0,123,2
2020-04-27,Shasta,089,179085,38,29,0,29,4
2020-04-27,Sierra,091,2930,0,0,0,0,0
2020-04-27,Siskiyou,093,43540,5,5,0,5,0
2020-04-27,Solano,095,438530,294,222,0,222,3
2020-04-27,Sonoma,097,501317,269,220,0,220,1
2020-04-27,Stanislaus,099,539301,421,316,4,320,5
2020-04-27,Sutter,101,95872,29,26,0,26,2
2020-04-27,Tehama,103,63373,1,1,0,1,1
2020-04-27,Trinity,105,12862,1,0,0,0,0
2020-04-27,Tulare,107,460477,889,535,5,540,28
2020-04-27,Tuolumne,109,53932,3,3,0,3,0
2020-04-27,Ventura,111,848112,658,513,1,514,17
2020-04-27,Yolo,113,214977,184,160,0,160,9
2020-04-27,Yuba,115,75493,19,15,0,15,1
2020-04-26,Alameda,001,1643700,1751,1449,2,1451,52
2020-04-26,Alpine,003,1148,1,1,0,1,0
2020-04-26,Amador,005,37829,8,8,0,8,0
2020-04-26,Butte,007,227075,27,16,1,17,0
2020-04-26,Calaveras,009,45235,13,13,0,13,0
2020-04-26,Colusa,011,21464,3,3,0,3,0
2020-04-26,Contra Costa,013,1133247,964,830,0,830,25
2020-04-26,Del Norte,015,27424,3,3,0,3,0
2020-04-26,El Dorado,017,186661,58,41,0,41,0
2020-04-26,Fresno,019,978130,863,476,7,483,7
2020-04-26,Glenn,021,27897,5,4,0,4,0
2020-04-26,Humboldt,023,135768,59,53,0,53,0
2020-04-26,Imperial,025,180216,446,272,0,272,6
2020-04-26,Inyo,027,18085,19,20,0,20,1
2020-04-26,Kern,029,883053,1075,831,1,832,4
2020-04-26,Kings,031,150075,182,33,1,34,1
2020-04-26,Lake,033,64148,8,6,0,6,0
2020-04-26,Lassen,035,31185,3,0,2,2,0
2020-04-26,Los Angeles,037,10098052,26296,19570,16,19586,901
2020-04-26,Madera,039,155013,82,39,1,40,2
2020-04-26,Marin,041,260295,238,225,1,226,12
2020-04-26,Mariposa,043,17540,14,0,0,0,0
2020-04-26,Mendocino,045,87422,12,5,0,5,0
2020-04-26,Merced,047,269075,166,104,0,104,3
2020-04-26,Modoc,049,8938,0,0,0,0,0
2020-04-26,Mono,051,14174,31,23,0,23,1
2020-04-26,Monterey,053,433212,246,182,0,182,4
2020-04-26,Napa,055,140530,76,62,0,62,2
2020-04-26,Nevada,057,99092,41,37,1,38,1
2020-04-26,Orange,059,3164182,3303,2124,25,2149,40
2020-04-26,Placer,061,380077,165,141,0,141,8
2020-04-26,Plumas,063,18699,4,4,0,4,0
2020-04-26,Riverside,065,2383286,4517,3301,15,3316,95
2020-04-26,Sacramento,067,1510023,1086,1027,0,1027,41
2020-04-26,San Benito,069,59416,50,45,0,45,2
2020-04-26,San Bernardino,071,2135413,2298,1681,1,1682,82
2020-04-26,San Diego,073,3302833,4068,3045,0,3045,111
2020-04-26,San Francisco,075,870044,1696,1403,0,1403,23
2020-04-26,San Joaquin,077,732212,573,514,3,517,25
2020-04-26,San Luis Obispo,079,281455,244,165,3,168,1
2020-04-26,San Mateo,081,765935,1370,1070,2,1072,46
2020-04-26,Santa Barbara,083,443738,509,464,2,466,7
2020-04-26,Santa Clara,085,1922200,2547,2097,6,2103,102
2020-04-26,Santa Cruz,087,273765,142,116,0,116,2
2020-04-26,Shasta,089,179085,35,29,0,29,4
2020-04-26,Sierra,091,2930,0,0,0,0,0
2020-04-26,Siskiyou,093,43540,5,5,0,5,0
2020-04-26,Solano,095,438530,285,205,0,205,3
2020-04-26,Sonoma,097,501317,258,216,0,216,1
2020-04-26,Stanislaus,099,539301,406,294,4,298,4
2020-04-26,Sutter,101,95872,29,26,0,26,2
2020-04-26,Tehama,103,63373,1,1,0,1,1
2020-04-26,Trinity,105,12862,1,0,0,0,0
2020-04-26,Tulare,107,460477,830,497,5,502,28
2020-04-26,Tuolumne,109,53932,3,3,0,3,0
2020-04-26,Ventura,111,848112,640,509,1,510,17
2020-04-26,Yolo,113,214977,183,158,0,158,8
2020-04-26,Yuba,115,75493,18,15,0,15,1
2020-04-25,Alameda,001,1643700,1726,1396,2,1398,52
2020-04-25,Alpine,003,1148,1,1,0,1,0
2020-04-25,Amador,005,37829,8,8,0,8,0
2020-04-25,Butte,007,227075,26,16,1,17,0
2020-04-25,Calaveras,009,45235,13,12,0,12,0
2020-04-25,Colusa,011,21464,3,3,0,3,0
2020-04-25,Contra Costa,013,1133247,950,821,0,821,24
2020-04-25,Del Norte,015,27424,2,2,0,2,0
2020-04-25,El Dorado,017,186661,57,41,0,41,0
2020-04-25,Fresno,019,978130,831,459,6,465,7
2020-04-25,Glenn,021,27897,5,4,0,4,0
2020-04-25,Humboldt,023,135768,59,53,0,53,0
2020-04-25,Imperial,025,180216,429,232,0,232,6
2020-04-25,Inyo,027,18085,19,20,0,20,1
2020-04-25,Kern,029,883053,1044,802,1,803,4
2020-04-25,Kings,031,150075,170,33,1,34,1
2020-04-25,Lake,033,64148,6,6,0,6,0
2020-04-25,Lassen,035,31185,3,0,2,2,0
2020-04-25,Los Angeles,037,10098052,25662,19144,16,19160,881
2020-04-25,Madera,039,155013,79,39,1,40,2
2020-04-25,Marin,041,260295,238,215,1,216,12
2020-04-25,Mariposa,043,17540,14,0,0,0,0
2020-04-25,Mendocino,045,87422,11,5,0,5,0
2020-04-25,Merced,047,269075,166,103,0,103,3
2020-04-25,Modoc,049,8938,0,0,0,0,0
2020-04-25,Mono,051,14174,31,23,0,23,1
2020-04-25,Monterey,053,433212,244,173,0,173,4
2020-04-25,Napa,055,140530,76,60,0,60,2
2020-04-25,Nevada,057,99092,41,37,1,38,1
2020-04-25,Orange,059,3164182,3195,2047,25,2072,40
2020-04-25,Placer,061,380077,165,137,0,137,8
2020-04-25,Plumas,063,18699,4,4,0,4,0
2020-04-25,Riverside,065,2383286,4427,3037,15,3052,93
2020-04-25,Sacramento,067,1510023,1084,1015,0,1015,41
2020-04-25,San Benito,069,59416,50,45,0,45,2
2020-04-25,San Bernardino,071,2135413,2252,1675,1,1676,82
2020-04-25,San Diego,073,3302833,3967,2945,0,2945,111
2020-04-25,San Francisco,075,870044,1671,1341,0,1341,22
2020-04-25,San Joaquin,077,732212,566,497,3,500,24
2020-04-25,San Luis Obispo,079,281455,243,159,3,162,1
2020-04-25,San Mateo,081,765935,1352,1054,2,1056,46
2020-04-25,Santa Barbara,083,443738,502,457,2,459,7
2020-04-25,Santa Clara,085,1922200,2525,2045,5,2050,99
2020-04-25,Santa Cruz,087,273765,142,112,0,112,2
2020-04-25,Shasta,089,179085,35,29,0,29,4
2020-04-25,Sierra,091,2930,0,0,0,0,0
2020-04-25,Siskiyou,093,43540,5,5,0,5,0
2020-04-25,Solano,095,438530,281,203,0,203,3
2020-04-25,Sonoma,097,501317,254,199,0,199,1
2020-04-25,Stanislaus,099,539301,398,276,4,280,4
2020-04-25,Sutter,101,95872,29,24,0,24,2
2020-04-25,Tehama,103,63373,1,1,0,1,1
2020-04-25,Trinity,105,12862,0,0,0,0,0
2020-04-25,Tulare,107,460477,797,478,5,483,28
2020-04-25,Tuolumne,109,53932,3,2,0,2,0
2020-04-25,Ventura,111,848112,626,494,1,495,16
2020-04-25,Yolo,113,214977,183,157,0,157,8
2020-04-25,Yuba,115,75493,17,15,0,15,1
2020-04-24,Alameda,001,1643700,1695,1385,2,1387,50
2020-04-24,Alpine,003,1148,1,1,0,1,0
2020-04-24,Amador,005,37829,8,8,0,8,0
2020-04-24,Butte,007,227075,25,15,1,16,0
2020-04-24,Calaveras,009,45235,13,12,0,12,0
2020-04-24,Colusa,011,21464,3,3,0,3,0
2020-04-24,Contra Costa,013,1133247,941,806,0,806,23
2020-04-24,Del Norte,015,27424,2,2,0,2,0
2020-04-24,El Dorado,017,186661,56,41,0,41,0
2020-04-24,Fresno,019,978130,808,449,6,455,7
2020-04-24,Glenn,021,27897,5,4,0,4,0
2020-04-24,Humboldt,023,135768,59,53,0,53,0
2020-04-24,Imperial,025,180216,413,232,0,232,6
2020-04-24,Inyo,027,18085,19,20,0,20,0
2020-04-24,Kern,029,883053,1020,770,1,771,4
2020-04-24,Kings,031,150075,141,30,1,31,1
2020-04-24,Lake,033,64148,6,6,0,6,0
2020-04-24,Lassen,035,31185,3,0,2,2,0
2020-04-24,Los Angeles,037,10098052,24732,18553,16,18569,836
2020-04-24,Madera,039,155013,79,39,1,40,2
2020-04-24,Marin,041,260295,238,211,1,212,11
2020-04-24,Mariposa,043,17540,8,0,0,0,0
2020-04-24,Mendocino,045,87422,11,5,0,5,0
2020-04-24,Merced,047,269075,163,102,0,102,3
2020-04-24,Modoc,049,8938,0,0,0,0,0
2020-04-24,Mono,051,14174,30,23,0,23,1
2020-04-24,Monterey,053,433212,237,167,0,167,4
2020-04-24,Napa,055,140530,75,59,0,59,2
2020-04-24,Nevada,057,99092,41,36,1,37,1
2020-04-24,Orange,059,3164182,3088,1945,25,1970,39
2020-04-24,Placer,061,380077,163,137,0,137,8
2020-04-24,Plumas,063,18699,4,4,0,4,0
2020-04-24,Riverside,065,2383286,4346,3044,15,3059,87
2020-04-24,Sacramento,067,1510023,1078,1009,0,1009,41
2020-04-24,San Benito,069,59416,50,45,0,45,2
2020-04-24,San Bernardino,071,2135413,2217,1667,1,1668,80
2020-04-24,San Diego,073,3302833,3856,2828,0,2828,102
2020-04-24,San Francisco,075,870044,1613,1345,0,1345,22
2020-04-24,San Joaquin,077,732212,559,484,3,487,24
2020-04-24,San Luis Obispo,079,281455,240,151,3,154,1
2020-04-24,San Mateo,081,765935,1329,1004,2,1006,43
2020-04-24,Santa Barbara,083,443738,496,450,2,452,6
2020-04-24,Santa Clara,085,1922200,2483,2026,5,2031,98
2020-04-24,Santa Cruz,087,273765,138,111,0,111,2
2020-04-24,Shasta,089,179085,35,28,0,28,4
2020-04-24,Sierra,091,2930,0,0,0,0,0
2020-04-24,Siskiyou,093,43540,5,5,0,5,0
2020-04-24,Solano,095,438530,279,203,0,203,3
2020-04-24,Sonoma,097,501317,250,199,0,199,1
2020-04-24,Stanislaus,099,539301,395,273,4,277,4
2020-04-24,Sutter,101,95872,28,24,0,24,2
2020-04-24,Tehama,103,63373,1,1,0,1,1
2020-04-24,Trinity,105,12862,0,0,0,0,0
2020-04-24,Tulare,107,460477,769,459,5,464,27
2020-04-24,Tuolumne,109,53932,3,2,0,2,0
2020-04-24,Ventura,111,848112,616,489,1,490,16
2020-04-24,Yolo,113,214977,182,155,0,155,8
2020-04-24,Yuba,115,75493,16,15,0,15,1
2020-04-23,Alameda,001,1643700,1657,1336,2,1338,46
2020-04-23,Alpine,003,1148,1,1,0,1,0
2020-04-23,Amador,005,37829,8,8,0,8,0
2020-04-23,Butte,007,227075,25,15,1,16,0
2020-04-23,Calaveras,009,45235,13,12,0,12,0
2020-04-23,Colusa,011,21464,3,3,0,3,0
2020-04-23,Contra Costa,013,1133247,920,786,0,786,23
2020-04-23,Del Norte,015,27424,2,2,0,2,0
2020-04-23,El Dorado,017,186661,55,39,0,39,0
2020-04-23,Fresno,019,978130,770,426,6,432,7
2020-04-23,Glenn,021,27897,5,3,0,3,0
2020-04-23,Humboldt,023,135768,59,53,0,53,0
2020-04-23,Imperial,025,180216,392,181,0,181,4
2020-04-23,Inyo,027,18085,19,19,0,19,0
2020-04-23,Kern,029,883053,972,732,1,733,4
2020-04-23,Kings,031,150075,126,28,1,29,1
2020-04-23,Lake,033,64148,6,6,0,6,0
2020-04-23,Lassen,035,31185,3,0,2,2,0
2020-04-23,Los Angeles,037,10098052,23671,17548,15,17563,784
2020-04-23,Madera,039,155013,77,37,1,38,2
2020-04-23,Marin,041,260295,225,209,1,210,11
2020-04-23,Mariposa,043,17540,7,0,0,0,0
2020-04-23,Mendocino,045,87422,9,5,0,5,0
2020-04-23,Merced,047,269075,159,98,0,98,3
2020-04-23,Modoc,049,8938,0,0,0,0,0
2020-04-23,Mono,051,14174,30,23,0,23,1
2020-04-23,Monterey,053,433212,233,161,0,161,4
2020-04-23,Napa,055,140530,68,59,0,59,2
2020-04-23,Nevada,057,99092,41,36,1,37,1
2020-04-23,Orange,059,3164182,2910,1841,24,1865,37
2020-04-23,Placer,061,380077,160,136,0,136,8
2020-04-23,Plumas,063,18699,4,4,0,4,0
2020-04-23,Riverside,065,2383286,4232,2935,14,2949,78
2020-04-23,Sacramento,067,1510023,1066,978,0,978,41
2020-04-23,San Benito,069,59416,47,43,0,43,2
2020-04-23,San Bernardino,071,2135413,2152,1604,1,1605,79
2020-04-23,San Diego,073,3302833,3695,2645,0,2645,100
2020-04-23,San Francisco,075,870044,1588,1312,0,1312,21
2020-04-23,San Joaquin,077,732212,549,479,3,482,20
2020-04-23,San Luis Obispo,079,281455,236,146,3,149,1
2020-04-23,San Mateo,081,765935,1290,970,2,972,42
2020-04-23,Santa Barbara,083,443738,490,445,2,447,6
2020-04-23,Santa Clara,085,1922200,2448,1996,5,2001,95
2020-04-23,Santa Cruz,087,273765,137,110,0,110,2
2020-04-23,Shasta,089,179085,35,27,0,27,3
2020-04-23,Sierra,091,2930,0,0,0,0,0
2020-04-23,Siskiyou,093,43540,5,5,0,5,0
2020-04-23,Solano,095,438530,265,196,0,196,3
2020-04-23,Sonoma,097,501317,238,187,0,187,1
2020-04-23,Stanislaus,099,539301,391,254,4,258,4
2020-04-23,Sutter,101,95872,28,24,0,24,2
2020-04-23,Tehama,103,63373,1,1,0,1,1
2020-04-23,Trinity,105,12862,0,0,0,0,0
2020-04-23,Tulare,107,460477,740,440,5,445,25
2020-04-23,Tuolumne,109,53932,3,2,0,2,0
2020-04-23,Ventura,111,848112,602,479,1,480,16
2020-04-23,Yolo,113,214977,179,151,0,151,8
2020-04-23,Yuba,115,75493,16,15,0,15,1
2020-04-22,Alameda,001,1643700,1608,1275,2,1277,46
2020-04-22,Alpine,003,1148,1,1,0,1,0
2020-04-22,Amador,005,37829,8,7,0,7,0
2020-04-22,Butte,007,227075,24,15,1,16,0
2020-04-22,Calaveras,009,45235,13,12,0,12,0
2020-04-22,Colusa,011,21464,3,3,0,3,0
2020-04-22,Contra Costa,013,1133247,905,772,0,772,22
2020-04-22,Del Norte,015,27424,2,2,0,2,0
2020-04-22,El Dorado,017,186661,55,39,0,39,0
2020-04-22,Fresno,019,978130,730,388,6,394,7
2020-04-22,Glenn,021,27897,5,3,0,3,0
2020-04-22,Humboldt,023,135768,59,53,0,53,0
2020-04-22,Imperial,025,180216,381,170,0,170,3
2020-04-22,Inyo,027,18085,19,18,0,18,0
2020-04-22,Kern,029,883053,950,713,1,714,4
2020-04-22,Kings,031,150075,105,28,1,29,1
2020-04-22,Lake,033,64148,6,6,0,6,0
2020-04-22,Lassen,035,31185,3,0,2,2,0
2020-04-22,Los Angeles,037,10098052,22644,16400,15,16415,715
2020-04-22,Madera,039,155013,75,37,1,38,2
2020-04-22,Marin,041,260295,223,202,1,203,11
2020-04-22,Mariposa,043,17540,6,0,0,0,0
2020-04-22,Mendocino,045,87422,6,5,0,5,0
2020-04-22,Merced,047,269075,147,92,0,92,3
2020-04-22,Modoc,049,8938,0,0,0,0,0
2020-04-22,Mono,051,14174,29,23,0,23,1
2020-04-22,Monterey,053,433212,226,154,0,154,4
2020-04-22,Napa,055,140530,67,58,0,58,2
2020-04-22,Nevada,057,99092,41,36,1,37,1
2020-04-22,Orange,059,3164182,2816,1785,23,1808,36
2020-04-22,Placer,061,380077,158,133,0,133,8
2020-04-22,Plumas,063,18699,4,4,0,4,0
2020-04-22,Riverside,065,2383286,4128,2822,14,2836,76
2020-04-22,Sacramento,067,1510023,1061,959,0,959,36
2020-04-22,San Benito,069,59416,46,43,0,43,2
2020-04-22,San Bernardino,071,2135413,2089,1564,1,1565,74
2020-04-22,San Diego,073,3302833,3567,2493,0,2493,96
2020-04-22,San Francisco,075,870044,1551,1255,0,1255,21
2020-04-22,San Joaquin,077,732212,538,462,3,465,20
2020-04-22,San Luis Obispo,079,281455,227,142,3,145,1
2020-04-22,San Mateo,081,765935,1267,945,2,947,40
2020-04-22,Santa Barbara,083,443738,485,437,2,439,6
2020-04-22,Santa Clara,085,1922200,2432,1969,5,1974,95
2020-04-22,Santa Cruz,087,273765,133,106,0,106,2
2020-04-22,Shasta,089,179085,34,26,0,26,3
2020-04-22,Sierra,091,2930,0,0,0,0,0
2020-04-22,Siskiyou,093,43540,5,5,0,5,0
2020-04-22,Solano,095,438530,247,195,0,195,3
2020-04-22,Sonoma,097,501317,235,185,0,185,1
2020-04-22,Stanislaus,099,539301,334,247,4,251,4
2020-04-22,Sutter,101,95872,28,22,0,22,2
2020-04-22,Tehama,103,63373,1,1,0,1,1
2020-04-22,Trinity,105,12862,0,0,0,0,0
2020-04-22,Tulare,107,460477,706,425,5,430,23
2020-04-22,Tuolumne,109,53932,3,2,0,2,0
2020-04-22,Ventura,111,848112,591,465,1,466,15
2020-04-22,Yolo,113,214977,178,147,0,147,8
2020-04-22,Yuba,115,75493,16,15,0,15,1
2020-04-21,Alameda,001,1643700,1578,1234,2,1236,46
2020-04-21,Alpine,003,1148,1,1,0,1,0
2020-04-21,Amador,005,37829,8,7,0,7,0
2020-04-21,Butte,007,227075,23,15,1,16,0
2020-04-21,Calaveras,009,45235,12,12,0,12,0
2020-04-21,Colusa,011,21464,3,3,0,3,0
2020-04-21,Contra Costa,013,1133247,891,766,0,766,22
2020-04-21,Del Norte,015,27424,2,2,0,2,0
2020-04-21,El Dorado,017,186661,54,36,0,36,0
2020-04-21,Fresno,019,978130,696,372,6,378,7
2020-04-21,Glenn,021,27897,5,3,0,3,0
2020-04-21,Humboldt,023,135768,58,53,0,53,0
2020-04-21,Imperial,025,180216,361,165,0,165,2
2020-04-21,Inyo,027,18085,19,18,0,18,0
2020-04-21,Kern,029,883053,908,676,1,677,4
2020-04-21,Kings,031,150075,91,28,1,29,1
2020-04-21,Lake,033,64148,6,6,0,6,0
2020-04-21,Lassen,035,31185,3,0,2,2,0
2020-04-21,Los Angeles,037,10098052,21785,15096,15,15111,650
2020-04-21,Madera,039,155013,75,37,1,38,2
2020-04-21,Marin,041,260295,217,202,1,203,10
2020-04-21,Mariposa,043,17540,5,0,0,0,0
2020-04-21,Mendocino,045,87422,6,5,0,5,0
2020-04-21,Merced,047,269075,143,89,0,89,3
2020-04-21,Modoc,049,8938,0,0,0,0,0
2020-04-21,Mono,051,14174,29,23,0,23,1
2020-04-21,Monterey,053,433212,223,151,0,151,4
2020-04-21,Napa,055,140530,66,58,0,58,2
2020-04-21,Nevada,057,99092,41,36,1,37,1
2020-04-21,Orange,059,3164182,2693,1717,22,1739,36
2020-04-21,Placer,061,380077,156,133,0,133,8
2020-04-21,Plumas,063,18699,4,4,0,4,0
2020-04-21,Riverside,065,2383286,3996,2631,14,2645,68
2020-04-21,Sacramento,067,1510023,1051,941,0,941,33
2020-04-21,San Benito,069,59416,44,43,0,43,2
2020-04-21,San Bernardino,071,2135413,2029,1499,1,1500,71
2020-04-21,San Diego,073,3302833,3411,2436,0,2436,87
2020-04-21,San Francisco,075,870044,1521,1232,0,1232,20
2020-04-21,San Joaquin,077,732212,528,447,3,450,20
2020-04-21,San Luis Obispo,079,281455,219,134,3,137,1
2020-04-21,San Mateo,081,765935,1221,933,2,935,34
2020-04-21,Santa Barbara,083,443738,476,414,2,416,5
2020-04-21,Santa Clara,085,1922200,2382,1943,5,1948,91
2020-04-21,Santa Cruz,087,273765,131,104,0,104,2
2020-04-21,Shasta,089,179085,33,26,0,26,3
2020-04-21,Sierra,091,2930,0,0,0,0,0
2020-04-21,Siskiyou,093,43540,5,5,0,5,0
2020-04-21,Solano,095,438530,239,193,0,193,3
2020-04-21,Sonoma,097,501317,225,182,0,182,1
2020-04-21,Stanislaus,099,539301,315,235,4,239,4
2020-04-21,Sutter,101,95872,28,22,0,22,2
2020-04-21,Tehama,103,63373,1,1,0,1,1
2020-04-21,Trinity,105,12862,0,0,0,0,0
2020-04-21,Tulare,107,460477,669,410,5,415,23
2020-04-21,Tuolumne,109,53932,3,2,0,2,0
2020-04-21,Ventura,111,848112,579,455,1,456,14
2020-04-21,Yolo,113,214977,176,143,0,143,8
2020-04-21,Yuba,115,75493,16,15,0,15,1
2020-04-20,Alameda,001,1643700,1545,1181,2,1183,42
2020-04-20,Alpine,003,1148,1,1,0,1,0
2020-04-20,Amador,005,37829,8,7,0,7,0
2020-04-20,Butte,007,227075,23,15,1,16,0
2020-04-20,Calaveras,009,45235,12,12,0,12,0
2020-04-20,Colusa,011,21464,3,3,0,3,0
2020-04-20,Contra Costa,013,1133247,881,753,0,753,22
2020-04-20,Del Norte,015,27424,2,2,0,2,0
2020-04-20,El Dorado,017,186661,54,36,0,36,0
2020-04-20,Fresno,019,978130,678,356,6,362,7
2020-04-20,Glenn,021,27897,4,3,0,3,0
2020-04-20,Humboldt,023,135768,58,53,0,53,0
2020-04-20,Imperial,025,180216,342,149,0,149,2
2020-04-20,Inyo,027,18085,19,17,0,17,0
2020-04-20,Kern,029,883053,876,651,1,652,3
2020-04-20,Kings,031,150075,80,19,1,20,1
2020-04-20,Lake,033,64148,6,6,0,6,0
2020-04-20,Lassen,035,31185,3,0,2,2,0
2020-04-20,Los Angeles,037,10098052,20869,13787,15,13802,608
2020-04-20,Madera,039,155013,74,35,1,36,2
2020-04-20,Marin,041,260295,213,200,1,201,10
2020-04-20,Mariposa,043,17540,5,0,0,0,0
2020-04-20,Mendocino,045,87422,6,5,0,5,0
2020-04-20,Merced,047,269075,136,88,0,88,3
2020-04-20,Modoc,049,8938,0,0,0,0,0
2020-04-20,Mono,051,14174,29,23,0,23,1
2020-04-20,Monterey,053,433212,214,147,0,147,4
2020-04-20,Napa,055,140530,66,55,0,55,2
2020-04-20,Nevada,057,99092,41,34,1,35,1
2020-04-20,Orange,059,3164182,2609,1679,22,1701,33
2020-04-20,Placer,061,380077,155,132,0,132,8
2020-04-20,Plumas,063,18699,4,4,0,4,0
2020-04-20,Riverside,065,2383286,3871,2477,14,2491,61
2020-04-20,Sacramento,067,1510023,1041,924,0,924,32
2020-04-20,San Benito,069,59416,44,43,0,43,2
2020-04-20,San Bernardino,071,2135413,1942,1344,1,1345,63
2020-04-20,San Diego,073,3302833,3269,2327,0,2327,72
2020-04-20,San Francisco,075,870044,1489,1223,0,1223,19
2020-04-20,San Joaquin,077,732212,524,422,3,425,17
2020-04-20,San Luis Obispo,079,281455,205,132,3,135,1
2020-04-20,San Mateo,081,765935,1198,890,2,892,31
2020-04-20,Santa Barbara,083,443738,469,388,2,390,4
2020-04-20,Santa Clara,085,1922200,2351,1920,5,1925,84
2020-04-20,Santa Cruz,087,273765,129,102,0,102,2
2020-04-20,Shasta,089,179085,33,26,0,26,3
2020-04-20,Sierra,091,2930,0,0,0,0,0
2020-04-20,Siskiyou,093,43540,5,5,0,5,0
2020-04-20,Solano,095,438530,236,185,0,185,2
2020-04-20,Sonoma,097,501317,217,178,0,178,1
2020-04-20,Stanislaus,099,539301,301,228,4,232,3
2020-04-20,Sutter,101,95872,27,22,0,22,2
2020-04-20,Tehama,103,63373,1,1,0,1,1
2020-04-20,Trinity,105,12862,0,0,0,0,0
2020-04-20,Tulare,107,460477,659,401,5,406,20
2020-04-20,Tuolumne,109,53932,3,2,0,2,0
2020-04-20,Ventura,111,848112,565,426,1,427,13
2020-04-20,Yolo,113,214977,175,125,0,125,5
2020-04-20,Yuba,115,75493,16,15,0,15,1
2020-04-19,Alameda,001,1643700,1495,1134,2,1136,41
2020-04-19,Alpine,003,1148,1,1,0,1,0
2020-04-19,Amador,005,37829,7,7,0,7,0
2020-04-19,Butte,007,227075,22,15,1,16,0
2020-04-19,Calaveras,009,45235,12,12,0,12,0
2020-04-19,Colusa,011,21464,3,3,0,3,0
2020-04-19,Contra Costa,013,1133247,865,731,0,731,20
2020-04-19,Del Norte,015,27424,2,2,0,2,0
2020-04-19,El Dorado,017,186661,54,36,0,36,0
2020-04-19,Fresno,019,978130,642,326,6,332,7
2020-04-19,Glenn,021,27897,4,3,0,3,0
2020-04-19,Humboldt,023,135768,58,53,0,53,0
2020-04-19,Imperial,025,180216,316,144,0,144,2
2020-04-19,Inyo,027,18085,19,17,0,17,0
2020-04-19,Kern,029,883053,851,629,1,630,3
2020-04-19,Kings,031,150075,70,17,1,18,1
2020-04-19,Lake,033,64148,6,6,0,6,0
2020-04-19,Lassen,035,31185,3,0,2,2,0
2020-04-19,Los Angeles,037,10098052,19870,12299,15,12314,589
2020-04-19,Madera,039,155013,72,34,1,35,2
2020-04-19,Marin,041,260295,212,194,1,195,10
2020-04-19,Mariposa,043,17540,2,0,0,0,0
2020-04-19,Mendocino,045,87422,6,4,0,4,0
2020-04-19,Merced,047,269075,131,85,0,85,3
2020-04-19,Modoc,049,8938,0,0,0,0,0
2020-04-19,Mono,051,14174,29,23,0,23,1
2020-04-19,Monterey,053,433212,205,140,0,140,4
2020-04-19,Napa,055,140530,64,49,0,49,2
2020-04-19,Nevada,057,99092,40,34,1,35,1
2020-04-19,Orange,059,3164182,2512,1591,21,1612,32
2020-04-19,Placer,061,380077,154,131,0,131,8
2020-04-19,Plumas,063,18699,4,4,0,4,0
2020-04-19,Riverside,065,2383286,3728,2316,14,2330,56
2020-04-19,Sacramento,067,1510023,1014,912,0,912,32
2020-04-19,San Benito,069,59416,42,40,0,40,2
2020-04-19,San Bernardino,071,2135413,1879,1262,1,1263,58
2020-04-19,San Diego,073,3302833,3102,2270,0,2270,71
2020-04-19,San Francisco,075,870044,1456,1153,0,1153,19
2020-04-19,San Joaquin,077,732212,506,404,3,407,17
2020-04-19,San Luis Obispo,079,281455,200,132,3,135,1
2020-04-19,San Mateo,081,765935,1162,845,2,847,31
2020-04-19,Santa Barbara,083,443738,462,377,2,379,3
2020-04-19,Santa Clara,085,1922200,2306,1878,5,1883,81
2020-04-19,Santa Cruz,087,273765,126,98,0,98,2
2020-04-19,Shasta,089,179085,31,26,0,26,3
2020-04-19,Sierra,091,2930,0,0,0,0,0
2020-04-19,Siskiyou,093,43540,5,5,0,5,0
2020-04-19,Solano,095,438530,228,174,0,174,2
2020-04-19,Sonoma,097,501317,211,172,0,172,1
2020-04-19,Stanislaus,099,539301,293,221,4,225,3
2020-04-19,Sutter,101,95872,26,21,0,21,2
2020-04-19,Tehama,103,63373,1,1,0,1,1
2020-04-19,Trinity,105,12862,0,0,0,0,0
2020-04-19,Tulare,107,460477,613,391,5,396,17
2020-04-19,Tuolumne,109,53932,3,2,0,2,0
2020-04-19,Ventura,111,848112,557,418,1,419,13
2020-04-19,Yolo,113,214977,175,120,0,120,5
2020-04-19,Yuba,115,75493,16,15,0,15,1
2020-04-18,Alameda,001,1643700,1470,1085,2,1087,40
2020-04-18,Alpine,003,1148,1,1,0,1,0
2020-04-18,Amador,005,37829,7,7,0,7,0
2020-04-18,Butte,007,227075,21,15,1,16,0
2020-04-18,Calaveras,009,45235,12,12,0,12,0
2020-04-18,Colusa,011,21464,3,3,0,3,0
2020-04-18,Contra Costa,013,1133247,853,721,0,721,17
2020-04-18,Del Norte,015,27424,2,2,0,2,0
2020-04-18,El Dorado,017,186661,54,36,0,36,0
2020-04-18,Fresno,019,978130,622,319,6,325,7
2020-04-18,Glenn,021,27897,4,3,0,3,0
2020-04-18,Humboldt,023,135768,58,52,0,52,0
2020-04-18,Imperial,025,180216,307,137,0,137,2
2020-04-18,Inyo,027,18085,19,17,0,17,0
2020-04-18,Kern,029,883053,829,626,1,627,3
2020-04-18,Kings,031,150075,69,17,1,18,1
2020-04-18,Lake,033,64148,6,6,0,6,0
2020-04-18,Lassen,035,31185,3,0,2,2,0
2020-04-18,Los Angeles,037,10098052,19341,11984,15,11999,566
2020-04-18,Madera,039,155013,71,34,1,35,2
2020-04-18,Marin,041,260295,210,193,1,194,10
2020-04-18,Mariposa,043,17540,2,0,0,0,0
2020-04-18,Mendocino,045,87422,6,4,0,4,0
2020-04-18,Merced,047,269075,129,82,0,82,3
2020-04-18,Modoc,049,8938,0,0,0,0,0
2020-04-18,Mono,051,14174,29,22,0,22,1
2020-04-18,Monterey,053,433212,201,135,0,135,3
2020-04-18,Napa,055,140530,64,49,0,49,2
2020-04-18,Nevada,057,99092,39,34,1,35,1
2020-04-18,Orange,059,3164182,2448,1569,20,1589,32
2020-04-18,Placer,061,380077,152,130,0,130,8
2020-04-18,Plumas,063,18699,4,4,0,4,0
2020-04-18,Riverside,065,2383286,3653,2257,14,2271,56
2020-04-18,Sacramento,067,1510023,1002,901,0,901,32
2020-04-18,San Benito,069,59416,42,40,0,40,2
2020-04-18,San Bernardino,071,2135413,1834,1255,1,1256,58
2020-04-18,San Diego,073,3302833,3000,2215,0,2215,71
2020-04-18,San Francisco,075,870044,1417,1144,0,1144,19
2020-04-18,San Joaquin,077,732212,497,392,3,395,17
2020-04-18,San Luis Obispo,079,281455,196,129,3,132,1
2020-04-18,San Mateo,081,765935,1140,821,2,823,31
2020-04-18,Santa Barbara,083,443738,456,372,2,374,3
2020-04-18,Santa Clara,085,1922200,2273,1862,5,1867,79
2020-04-18,Santa Cruz,087,273765,124,96,0,96,2
2020-04-18,Shasta,089,179085,31,26,0,26,3
2020-04-18,Sierra,091,2930,0,0,0,0,0
2020-04-18,Siskiyou,093,43540,5,5,0,5,0
2020-04-18,Solano,095,438530,225,175,0,175,2
2020-04-18,Sonoma,097,501317,207,168,0,168,1
2020-04-18,Stanislaus,099,539301,285,216,4,220,3
2020-04-18,Sutter,101,95872,26,21,0,21,2
2020-04-18,Tehama,103,63373,1,1,0,1,1
2020-04-18,Trinity,105,12862,0,0,0,0,0
2020-04-18,Tulare,107,460477,602,385,5,390,17
2020-04-18,Tuolumne,109,53932,3,2,0,2,0
2020-04-18,Ventura,111,848112,549,416,1,417,13
2020-04-18,Yolo,113,214977,173,118,0,118,5
2020-04-18,Yuba,115,75493,16,14,0,14,1
2020-04-17,Alameda,001,1643700,1414,1043,1,1044,40
2020-04-17,Alpine,003,1148,1,1,0,1,0
2020-04-17,Amador,005,37829,7,7,0,7,0
2020-04-17,Butte,007,227075,21,15,1,16,0
2020-04-17,Calaveras,009,45235,12,11,0,11,0
2020-04-17,Colusa,011,21464,3,3,0,3,0
2020-04-17,Contra Costa,013,1133247,842,687,0,687,15
2020-04-17,Del Norte,015,27424,2,2,0,2,0
2020-04-17,El Dorado,017,186661,54,35,0,35,0
2020-04-17,Fresno,019,978130,600,315,6,321,7
2020-04-17,Glenn,021,27897,4,3,0,3,0
2020-04-17,Humboldt,023,135768,57,52,0,52,0
2020-04-17,Imperial,025,180216,298,135,0,135,2
2020-04-17,Inyo,027,18085,19,17,0,17,0
2020-04-17,Kern,029,883053,809,612,1,613,3
2020-04-17,Kings,031,150075,67,15,1,16,1
2020-04-17,Lake,033,64148,6,6,0,6,0
2020-04-17,Lassen,035,31185,3,0,2,2,0
2020-04-17,Los Angeles,037,10098052,18700,11354,15,11369,489
2020-04-17,Madera,039,155013,71,34,1,35,2
2020-04-17,Marin,041,260295,207,189,1,190,10
2020-04-17,Mariposa,043,17540,1,0,0,0,0
2020-04-17,Mendocino,045,87422,6,4,0,4,0
2020-04-17,Merced,047,269075,128,80,0,80,3
2020-04-17,Modoc,049,8938,0,0,0,0,0
2020-04-17,Mono,051,14174,29,22,0,22,1
2020-04-17,Monterey,053,433212,196,119,0,119,3
2020-04-17,Napa,055,140530,62,46,0,46,2
2020-04-17,Nevada,057,99092,38,34,1,35,1
2020-04-17,Orange,059,3164182,2397,1496,20,1516,31
2020-04-17,Placer,061,380077,152,130,0,130,8
2020-04-17,Plumas,063,18699,4,4,0,4,0
2020-04-17,Riverside,065,2383286,3526,2080,14,2094,50
2020-04-17,Sacramento,067,1510023,995,882,0,882,32
2020-04-17,San Benito,069,59416,42,38,0,38,2
2020-04-17,San Bernardino,071,2135413,1795,1229,1,1230,57
2020-04-17,San Diego,073,3302833,2910,2160,0,2160,70
2020-04-17,San Francisco,075,870044,1391,1090,0,1090,19
2020-04-17,San Joaquin,077,732212,486,356,3,359,17
2020-04-17,San Luis Obispo,079,281455,189,116,3,119,1
2020-04-17,San Mateo,081,765935,1124,768,2,770,31
2020-04-17,Santa Barbara,083,443738,451,349,2,351,3
2020-04-17,Santa Clara,085,1922200,2237,1834,5,1839,74
2020-04-17,Santa Cruz,087,273765,123,94,0,94,2
2020-04-17,Shasta,089,179085,31,26,0,26,3
2020-04-17,Sierra,091,2930,0,0,0,0,0
2020-04-17,Siskiyou,093,43540,5,5,0,5,0
2020-04-17,Solano,095,438530,224,173,0,173,2
2020-04-17,Sonoma,097,501317,204,167,0,167,1
2020-04-17,Stanislaus,099,539301,283,201,4,205,3
2020-04-17,Sutter,101,95872,26,20,0,20,2
2020-04-17,Tehama,103,63373,1,1,0,1,1
2020-04-17,Trinity,105,12862,0,0,0,0,0
2020-04-17,Tulare,107,460477,595,370,5,375,17
2020-04-17,Tuolumne,109,53932,3,2,0,2,0
2020-04-17,Ventura,111,848112,544,398,1,399,13
2020-04-17,Yolo,113,214977,172,117,0,117,5
2020-04-17,Yuba,115,75493,16,14,0,14,1
2020-04-16,Alameda,001,1643700,1380,981,1,982,39
2020-04-16,Alpine,003,1148,1,1,0,1,0
2020-04-16,Amador,005,37829,7,7,0,7,0
2020-04-16,Butte,007,227075,20,15,1,16,0
2020-04-16,Calaveras,009,45235,12,10,0,10,0
2020-04-16,Colusa,011,21464,3,3,0,3,0
2020-04-16,Contra Costa,013,1133247,828,675,0,675,14
2020-04-16,Del Norte,015,27424,2,2,0,2,0
2020-04-16,El Dorado,017,186661,53,34,0,34,0
2020-04-16,Fresno,019,978130,570,289,6,295,7
2020-04-16,Glenn,021,27897,4,3,0,3,0
2020-04-16,Humboldt,023,135768,57,47,0,47,0
2020-04-16,Imperial,025,180216,284,132,0,132,2
2020-04-16,Inyo,027,18085,17,17,0,17,0
2020-04-16,Kern,029,883053,782,587,1,588,3
2020-04-16,Kings,031,150075,63,12,1,13,1
2020-04-16,Lake,033,64148,6,6,0,6,0
2020-04-16,Lassen,035,31185,3,0,2,2,0
2020-04-16,Los Angeles,037,10098052,17809,10786,15,10801,447
2020-04-16,Madera,039,155013,69,34,1,35,2
2020-04-16,Marin,041,260295,203,170,1,171,10
2020-04-16,Mariposa,043,17540,1,1,0,1,0
2020-04-16,Mendocino,045,87422,6,4,0,4,0
2020-04-16,Merced,047,269075,122,76,0,76,3
2020-04-16,Modoc,049,8938,0,0,0,0,0
2020-04-16,Mono,051,14174,29,22,0,22,1
2020-04-16,Monterey,053,433212,193,116,0,116,3
2020-04-16,Napa,055,140530,59,44,0,44,2
2020-04-16,Nevada,057,99092,38,34,1,35,1
2020-04-16,Orange,059,3164182,2332,1439,19,1458,28
2020-04-16,Placer,061,380077,150,129,0,129,7
2020-04-16,Plumas,063,18699,4,4,0,4,0
2020-04-16,Riverside,065,2383286,3406,1913,14,1927,45
2020-04-16,Sacramento,067,1510023,987,865,0,865,32
2020-04-16,San Benito,069,59416,42,36,0,36,2
2020-04-16,San Bernardino,071,2135413,1714,1143,0,1143,54
2020-04-16,San Diego,073,3302833,2802,2089,0,2089,63
2020-04-16,San Francisco,075,870044,1347,1039,0,1039,16
2020-04-16,San Joaquin,077,732212,471,345,3,348,17
2020-04-16,San Luis Obispo,079,281455,185,113,3,116,1
2020-04-16,San Mateo,081,765935,1095,745,2,747,29
2020-04-16,Santa Barbara,083,443738,440,331,2,333,3
2020-04-16,Santa Clara,085,1922200,2200,1789,5,1794,70
2020-04-16,Santa Cruz,087,273765,121,90,0,90,2
2020-04-16,Shasta,089,179085,31,25,0,25,3
2020-04-16,Sierra,091,2930,0,0,0,0,0
2020-04-16,Siskiyou,093,43540,5,5,0,5,0
2020-04-16,Solano,095,438530,221,162,0,162,2
2020-04-16,Sonoma,097,501317,199,145,0,145,1
2020-04-16,Stanislaus,099,539301,280,185,4,189,3
2020-04-16,Sutter,101,95872,25,21,0,21,2
2020-04-16,Tehama,103,63373,1,1,0,1,1
2020-04-16,Trinity,105,12862,0,0,0,0,0
2020-04-16,Tulare,107,460477,578,305,5,310,16
2020-04-16,Tuolumne,109,53932,3,1,0,1,0
2020-04-16,Ventura,111,848112,532,384,1,385,13
2020-04-16,Yolo,113,214977,170,98,0,98,4
2020-04-16,Yuba,115,75493,15,14,0,14,1
2020-04-15,Alameda,001,1643700,1330,915,1,916,38
2020-04-15,Alpine,003,1148,1,1,0,1,0
2020-04-15,Amador,005,37829,7,7,0,7,0
2020-04-15,Butte,007,227075,20,14,1,15,0
2020-04-15,Calaveras,009,45235,11,9,0,9,0
2020-04-15,Colusa,011,21464,3,3,0,3,0
2020-04-15,Contra Costa,013,1133247,806,645,0,645,14
2020-04-15,Del Norte,015,27424,2,2,0,2,0
2020-04-15,El Dorado,017,186661,51,33,0,33,0
2020-04-15,Fresno,019,978130,544,264,6,270,7
2020-04-15,Glenn,021,27897,4,3,0,3,0
2020-04-15,Humboldt,023,135768,57,47,0,47,0
2020-04-15,Imperial,025,180216,257,115,0,115,2
2020-04-15,Inyo,027,18085,17,12,0,12,0
2020-04-15,Kern,029,883053,760,500,1,501,3
2020-04-15,Kings,031,150075,59,12,1,13,1
2020-04-15,Lake,033,64148,6,4,0,4,0
2020-04-15,Lassen,035,31185,3,0,2,2,0
2020-04-15,Los Angeles,037,10098052,16981,10416,14,10430,394
2020-04-15,Madera,039,155013,69,30,1,31,2
2020-04-15,Marin,041,260295,200,162,1,163,10
2020-04-15,Mariposa,043,17540,0,0,0,0,0
2020-04-15,Mendocino,045,87422,5,4,0,4,0
2020-04-15,Merced,047,269075,120,74,0,74,3
2020-04-15,Modoc,049,8938,0,0,0,0,0
2020-04-15,Mono,051,14174,29,22,0,22,1
2020-04-15,Monterey,053,433212,185,106,0,106,3
2020-04-15,Napa,055,140530,56,34,0,34,2
2020-04-15,Nevada,057,99092,37,34,1,35,1
2020-04-15,Orange,059,3164182,2229,1377,19,1396,24
2020-04-15,Placer,061,380077,149,123,0,123,6
2020-04-15,Plumas,063,18699,4,4,0,4,0
2020-04-15,Riverside,065,2383286,3211,1723,14,1737,42
2020-04-15,Sacramento,067,1510023,978,839,0,839,32
2020-04-15,San Benito,069,59416,42,34,0,34,2
2020-04-15,San Bernardino,071,2135413,1644,1063,0,1063,45
2020-04-15,San Diego,073,3302833,2714,2014,0,2014,60
2020-04-15,San Francisco,075,870044,1311,1006,0,1006,16
2020-04-15,San Joaquin,077,732212,463,329,3,332,17
2020-04-15,San Luis Obispo,079,281455,177,112,3,115,1
2020-04-15,San Mateo,081,765935,1046,707,2,709,28
2020-04-15,Santa Barbara,083,443738,424,317,2,319,2
2020-04-15,Santa Clara,085,1922200,2161,1692,5,1697,69
2020-04-15,Santa Cruz,087,273765,117,92,0,92,2
2020-04-15,Shasta,089,179085,31,25,0,25,3
2020-04-15,Sierra,091,2930,0,0,0,0,0
2020-04-15,Siskiyou,093,43540,5,5,0,5,0
2020-04-15,Solano,095,438530,216,153,0,153,2
2020-04-15,Sonoma,097,501317,197,140,0,140,1
2020-04-15,Stanislaus,099,539301,273,174,4,178,3
2020-04-15,Sutter,101,95872,25,19,0,19,2
2020-04-15,Tehama,103,63373,1,1,0,1,1
2020-04-15,Trinity,105,12862,0,0,0,0,0
2020-04-15,Tulare,107,460477,560,289,5,294,14
2020-04-15,Tuolumne,109,53932,3,1,0,1,0
2020-04-15,Ventura,111,848112,517,365,1,366,13
2020-04-15,Yolo,113,214977,163,93,0,93,3
2020-04-15,Yuba,115,75493,15,15,0,15,1
2020-04-14,Alameda,001,1643700,1285,843,1,844,30
2020-04-14,Alpine,003,1148,1,1,0,1,0
2020-04-14,Amador,005,37829,7,6,0,6,0
2020-04-14,Butte,007,227075,20,13,1,14,0
2020-04-14,Calaveras,009,45235,11,5,0,5,0
2020-04-14,Colusa,011,21464,3,3,0,3,0
2020-04-14,Contra Costa,013,1133247,794,617,0,617,12
2020-04-14,Del Norte,015,27424,2,2,0,2,0
2020-04-14,El Dorado,017,186661,51,30,0,30,0
2020-04-14,Fresno,019,978130,521,244,6,250,6
2020-04-14,Glenn,021,27897,4,3,0,3,0
2020-04-14,Humboldt,023,135768,57,44,0,44,0
2020-04-14,Imperial,025,180216,237,86,0,86,2
2020-04-14,Inyo,027,18085,17,12,0,12,0
2020-04-14,Kern,029,883053,736,453,1,454,3
2020-04-14,Kings,031,150075,58,12,1,13,1
2020-04-14,Lake,033,64148,6,3,0,3,0
2020-04-14,Lassen,035,31185,3,0,2,2,0
2020-04-14,Los Angeles,037,10098052,16085,9948,13,9961,357
2020-04-14,Madera,039,155013,68,29,1,30,2
2020-04-14,Marin,041,260295,196,147,1,148,9
2020-04-14,Mariposa,043,17540,0,0,0,0,0
2020-04-14,Mendocino,045,87422,5,4,0,4,0
2020-04-14,Merced,047,269075,113,61,0,61,3
2020-04-14,Modoc,049,8938,0,0,0,0,0
2020-04-14,Mono,051,14174,29,22,0,22,1
2020-04-14,Monterey,053,433212,180,98,0,98,3
2020-04-14,Napa,055,140530,56,33,0,33,2
2020-04-14,Nevada,057,99092,37,34,1,35,1
2020-04-14,Orange,059,3164182,2127,1362,19,1381,24
2020-04-14,Placer,061,380077,148,117,0,117,5
2020-04-14,Plumas,063,18699,4,3,0,3,0
2020-04-14,Riverside,065,2383286,3076,1467,14,1481,40
2020-04-14,Sacramento,067,1510023,969,737,0,737,29
2020-04-14,San Benito,069,59416,39,34,0,34,2
2020-04-14,San Bernardino,071,2135413,1589,933,0,933,37
2020-04-14,San Diego,073,3302833,2619,1932,0,1932,53
2020-04-14,San Francisco,075,870044,1257,968,0,968,14
2020-04-14,San Joaquin,077,732212,453,280,3,283,17
2020-04-14,San Luis Obispo,079,281455,174,109,3,112,1
2020-04-14,San Mateo,081,765935,1012,681,2,683,28
2020-04-14,Santa Barbara,083,443738,400,292,2,294,2
2020-04-14,Santa Clara,085,1922200,2128,1561,5,1566,63
2020-04-14,Santa Cruz,087,273765,109,84,0,84,2
2020-04-14,Shasta,089,179085,31,24,0,24,3
2020-04-14,Sierra,091,2930,0,0,0,0,0
2020-04-14,Siskiyou,093,43540,5,5,0,5,0
2020-04-14,Solano,095,438530,213,140,0,140,2
2020-04-14,Sonoma,097,501317,193,133,0,133,1
2020-04-14,Stanislaus,099,539301,260,136,4,140,3
2020-04-14,Sutter,101,95872,24,19,0,19,2
2020-04-14,Tehama,103,63373,1,1,0,1,1
2020-04-14,Trinity,105,12862,0,0,0,0,0
2020-04-14,Tulare,107,460477,536,228,5,233,12
2020-04-14,Tuolumne,109,53932,3,0,0,0,0
2020-04-14,Ventura,111,848112,504,328,1,329,11
2020-04-14,Yolo,113,214977,160,81,0,81,3
2020-04-14,Yuba,115,75493,14,14,0,14,1
2020-04-13,Alameda,001,1643700,1246,821,1,822,23
2020-04-13,Alpine,003,1148,1,1,0,1,0
2020-04-13,Amador,005,37829,7,6,0,6,0
2020-04-13,Butte,007,227075,19,13,1,14,0
2020-04-13,Calaveras,009,45235,10,5,0,5,0
2020-04-13,Colusa,011,21464,3,3,0,3,0
2020-04-13,Contra Costa,013,1133247,778,569,0,569,12
2020-04-13,Del Norte,015,27424,2,2,0,2,0
2020-04-13,El Dorado,017,186661,49,29,0,29,0
2020-04-13,Fresno,019,978130,499,205,5,210,4
2020-04-13,Glenn,021,27897,4,3,0,3,0
2020-04-13,Humboldt,023,135768,57,44,0,44,0
2020-04-13,Imperial,025,180216,219,82,0,82,2
2020-04-13,Inyo,027,18085,17,12,0,12,0
2020-04-13,Kern,029,883053,711,346,1,347,3
2020-04-13,Kings,031,150075,54,9,1,10,0
2020-04-13,Lake,033,64148,6,3,0,3,0
2020-04-13,Lassen,035,31185,3,0,2,2,0
2020-04-13,Los Angeles,037,10098052,15369,9367,13,9380,317
2020-04-13,Madera,039,155013,66,29,1,30,2
2020-04-13,Marin,041,260295,192,144,1,145,6
2020-04-13,Mariposa,043,17540,0,0,0,0,0
2020-04-13,Mendocino,045,87422,5,4,0,4,0
2020-04-13,Merced,047,269075,112,60,0,60,3
2020-04-13,Modoc,049,8938,0,0,0,0,0
2020-04-13,Mono,051,14174,29,21,0,21,1
2020-04-13,Monterey,053,433212,173,86,0,86,3
2020-04-13,Napa,055,140530,55,30,0,30,2
2020-04-13,Nevada,057,99092,37,24,1,25,1
2020-04-13,Orange,059,3164182,2054,1313,19,1332,21
2020-04-13,Placer,061,380077,147,116,0,116,5
2020-04-13,Plumas,063,18699,4,3,0,3,0
2020-04-13,Riverside,065,2383286,2935,1460,13,1473,35
2020-04-13,Sacramento,067,1510023,957,723,0,723,25
2020-04-13,San Benito,069,59416,38,33,0,33,2
2020-04-13,San Bernardino,071,2135413,1514,920,0,920,30
2020-04-13,San Diego,073,3302833,2536,1849,0,1849,47
2020-04-13,San Francisco,075,870044,1219,948,0,948,12
2020-04-13,San Joaquin,077,732212,438,255,3,258,16
2020-04-13,San Luis Obispo,079,281455,169,106,3,109,1
2020-04-13,San Mateo,081,765935,972,679,2,681,25
2020-04-13,Santa Barbara,083,443738,381,271,1,272,2
2020-04-13,Santa Clara,085,1922200,2082,1540,5,1545,58
2020-04-13,Santa Cruz,087,273765,103,82,0,82,1
2020-04-13,Shasta,089,179085,30,24,0,24,3
2020-04-13,Sierra,091,2930,0,0,0,0,0
2020-04-13,Siskiyou,093,43540,5,5,0,5,0
2020-04-13,Solano,095,438530,210,136,0,136,2
2020-04-13,Sonoma,097,501317,186,133,0,133,1
2020-04-13,Stanislaus,099,539301,254,130,4,134,1
2020-04-13,Sutter,101,95872,24,18,0,18,2
2020-04-13,Tehama,103,63373,1,1,0,1,0
2020-04-13,Trinity,105,12862,0,0,0,0,0
2020-04-13,Tulare,107,460477,500,185,5,190,11
2020-04-13,Tuolumne,109,53932,3,0,0,0,0
2020-04-13,Ventura,111,848112,483,309,0,309,9
2020-04-13,Yolo,113,214977,153,81,0,81,3
2020-04-13,Yuba,115,75493,14,13,0,13,1
2020-04-12,Alameda,001,1643700,1203,774,1,775,23
2020-04-12,Alpine,003,1148,1,1,0,1,0
2020-04-12,Amador,005,37829,7,6,0,6,0
2020-04-12,Butte,007,227075,19,13,1,14,0
2020-04-12,Calaveras,009,45235,10,5,0,5,0
2020-04-12,Colusa,011,21464,3,3,0,3,0
2020-04-12,Contra Costa,013,1133247,765,553,0,553,12
2020-04-12,Del Norte,015,27424,2,2,0,2,0
2020-04-12,El Dorado,017,186661,49,28,0,28,0
2020-04-12,Fresno,019,978130,470,205,5,210,4
2020-04-12,Glenn,021,27897,4,3,0,3,0
2020-04-12,Humboldt,023,135768,57,43,0,43,0
2020-04-12,Imperial,025,180216,196,78,0,78,2
2020-04-12,Inyo,027,18085,15,12,0,12,0
2020-04-12,Kern,029,883053,679,319,0,319,3
2020-04-12,Kings,031,150075,52,9,1,10,0
2020-04-12,Lake,033,64148,6,3,0,3,0
2020-04-12,Lassen,035,31185,3,0,2,2,0
2020-04-12,Los Angeles,037,10098052,14652,9133,13,9146,294
2020-04-12,Madera,039,155013,65,29,1,30,2
2020-04-12,Marin,041,260295,181,138,1,139,6
2020-04-12,Mariposa,043,17540,0,0,0,0,0
2020-04-12,Mendocino,045,87422,5,4,0,4,0
2020-04-12,Merced,047,269075,106,58,0,58,3
2020-04-12,Modoc,049,8938,0,0,0,0,0
2020-04-12,Mono,051,14174,29,20,0,20,1
2020-04-12,Monterey,053,433212,159,85,0,85,3
2020-04-12,Napa,055,140530,53,29,0,29,2
2020-04-12,Nevada,057,99092,37,24,1,25,1
2020-04-12,Orange,059,3164182,1994,1283,18,1301,21
2020-04-12,Placer,061,380077,146,114,0,114,4
2020-04-12,Plumas,063,18699,4,3,0,3,0
2020-04-12,Riverside,065,2383286,2753,1330,13,1343,34
2020-04-12,Sacramento,067,1510023,920,689,0,689,25
2020-04-12,San Benito,069,59416,36,33,0,33,2
2020-04-12,San Bernardino,071,2135413,1438,827,0,827,30
2020-04-12,San Diego,073,3302833,2446,1806,0,1806,45
2020-04-12,San Francisco,075,870044,1192,886,0,886,11
2020-04-12,San Joaquin,077,732212,420,246,3,249,15
2020-04-12,San Luis Obispo,079,281455,166,102,2,104,1
2020-04-12,San Mateo,081,765935,946,664,2,666,25
2020-04-12,Santa Barbara,083,443738,362,261,1,262,2
2020-04-12,Santa Clara,085,1922200,2054,1461,5,1466,53
2020-04-12,Santa Cruz,087,273765,102,80,0,80,1
2020-04-12,Shasta,089,179085,30,24,0,24,3
2020-04-12,Sierra,091,2930,0,0,0,0,0
2020-04-12,Siskiyou,093,43540,5,5,0,5,0
2020-04-12,Solano,095,438530,204,136,0,136,2
2020-04-12,Sonoma,097,501317,183,131,0,131,1
2020-04-12,Stanislaus,099,539301,246,117,4,121,1
2020-04-12,Sutter,101,95872,23,18,0,18,2
2020-04-12,Tehama,103,63373,1,1,0,1,0
2020-04-12,Trinity,105,12862,0,0,0,0,0
2020-04-12,Tulare,107,460477,488,166,5,171,11
2020-04-12,Tuolumne,109,53932,3,0,0,0,0
2020-04-12,Ventura,111,848112,473,306,0,306,9
2020-04-12,Yolo,113,214977,139,67,0,67,3
2020-04-12,Yuba,115,75493,14,13,0,13,1
2020-04-11,Alameda,001,1643700,1162,751,1,752,23
2020-04-11,Alpine,003,1148,1,1,0,1,0
2020-04-11,Amador,005,37829,7,6,0,6,0
2020-04-11,Butte,007,227075,19,13,1,14,0
2020-04-11,Calaveras,009,45235,10,5,0,5,0
2020-04-11,Colusa,011,21464,3,3,0,3,0
2020-04-11,Contra Costa,013,1133247,756,550,0,550,12
2020-04-11,Del Norte,015,27424,2,2,0,2,0
2020-04-11,El Dorado,017,186661,48,29,0,29,0
2020-04-11,Fresno,019,978130,460,201,5,206,4
2020-04-11,Glenn,021,27897,4,3,0,3,0
2020-04-11,Humboldt,023,135768,57,38,0,38,0
2020-04-11,Imperial,025,180216,186,78,0,78,2
2020-04-11,Inyo,027,18085,15,12,0,12,0
2020-04-11,Kern,029,883053,651,304,0,304,3
2020-04-11,Kings,031,150075,49,9,1,10,0
2020-04-11,Lake,033,64148,6,3,0,3,0
2020-04-11,Lassen,035,31185,3,0,2,2,0
2020-04-11,Los Angeles,037,10098052,14178,8823,13,8836,262
2020-04-11,Madera,039,155013,64,29,1,30,2
2020-04-11,Marin,041,260295,178,136,1,137,6
2020-04-11,Mariposa,043,17540,0,0,0,0,0
2020-04-11,Mendocino,045,87422,5,4,0,4,0
2020-04-11,Merced,047,269075,103,59,0,59,3
2020-04-11,Modoc,049,8938,0,0,0,0,0
2020-04-11,Mono,051,14174,29,20,0,20,1
2020-04-11,Monterey,053,433212,153,78,0,78,3
2020-04-11,Napa,055,140530,53,29,0,29,2
2020-04-11,Nevada,057,99092,37,24,1,25,1
2020-04-11,Orange,059,3164182,1932,1267,18,1285,21
2020-04-11,Placer,061,380077,146,113,0,113,4
2020-04-11,Plumas,063,18699,4,3,0,3,0
2020-04-11,Riverside,065,2383286,2674,1260,13,1273,33
2020-04-11,Sacramento,067,1510023,909,685,0,685,25
2020-04-11,San Benito,069,59416,36,33,0,33,2
2020-04-11,San Bernardino,071,2135413,1402,826,0,826,28
2020-04-11,San Diego,073,3302833,2380,1763,0,1763,45
2020-04-11,San Francisco,075,870044,1170,860,0,860,11
2020-04-11,San Joaquin,077,732212,415,244,3,247,15
2020-04-11,San Luis Obispo,079,281455,166,100,1,101,1
2020-04-11,San Mateo,081,765935,934,662,2,664,25
2020-04-11,Santa Barbara,083,443738,354,258,1,259,2
2020-04-11,Santa Clara,085,1922200,1995,1441,5,1446,51
2020-04-11,Santa Cruz,087,273765,102,79,0,79,1
2020-04-11,Shasta,089,179085,30,24,0,24,3
2020-04-11,Sierra,091,2930,0,0,0,0,0
2020-04-11,Siskiyou,093,43540,5,5,0,5,0
2020-04-11,Solano,095,438530,200,138,0,138,2
2020-04-11,Sonoma,097,501317,181,131,0,131,1
2020-04-11,Stanislaus,099,539301,238,119,3,122,1
2020-04-11,Sutter,101,95872,23,18,0,18,2
2020-04-11,Tehama,103,63373,1,1,0,1,0
2020-04-11,Trinity,105,12862,0,0,0,0,0
2020-04-11,Tulare,107,460477,466,168,5,173,10
2020-04-11,Tuolumne,109,53932,3,0,0,0,0
2020-04-11,Ventura,111,848112,463,304,0,304,9
2020-04-11,Yolo,113,214977,136,67,0,67,3
2020-04-11,Yuba,115,75493,14,13,0,13,1
2020-04-10,Alameda,001,1643700,1121,706,1,707,21
2020-04-10,Alpine,003,1148,1,1,0,1,0
2020-04-10,Amador,005,37829,7,5,0,5,0
2020-04-10,Butte,007,227075,19,13,1,14,0
2020-04-10,Calaveras,009,45235,10,5,0,5,0
2020-04-10,Colusa,011,21464,3,3,0,3,0
2020-04-10,Contra Costa,013,1133247,743,537,0,537,10
2020-04-10,Del Norte,015,27424,2,2,0,2,0
2020-04-10,El Dorado,017,186661,48,26,0,26,0
2020-04-10,Fresno,019,978130,453,186,4,190,3
2020-04-10,Glenn,021,27897,4,3,0,3,0
2020-04-10,Humboldt,023,135768,57,36,0,36,0
2020-04-10,Imperial,025,180216,179,70,0,70,2
2020-04-10,Inyo,027,18085,13,11,0,11,0
2020-04-10,Kern,029,883053,627,272,0,272,3
2020-04-10,Kings,031,150075,46,7,1,8,0
2020-04-10,Lake,033,64148,6,3,0,3,0
2020-04-10,Lassen,035,31185,3,0,2,2,0
2020-04-10,Los Angeles,037,10098052,13662,8384,12,8396,239
2020-04-10,Madera,039,155013,63,29,1,30,2
2020-04-10,Marin,041,260295,173,128,1,129,6
2020-04-10,Mariposa,043,17540,0,0,0,0,0
2020-04-10,Mendocino,045,87422,5,4,0,4,0
2020-04-10,Merced,047,269075,100,56,0,56,3
2020-04-10,Modoc,049,8938,0,0,0,0,0
2020-04-10,Mono,051,14174,29,20,0,20,1
2020-04-10,Monterey,053,433212,142,78,0,78,3
2020-04-10,Napa,055,140530,50,28,0,28,2
2020-04-10,Nevada,057,99092,37,23,1,24,1
2020-04-10,Orange,059,3164182,1885,1167,18,1185,21
2020-04-10,Placer,061,380077,145,112,0,112,4
2020-04-10,Plumas,063,18699,4,3,0,3,0
2020-04-10,Riverside,065,2383286,2608,1162,13,1175,30
2020-04-10,Sacramento,067,1510023,900,642,0,642,24
2020-04-10,San Benito,069,59416,36,32,0,32,2
2020-04-10,San Bernardino,071,2135413,1354,779,0,779,27
2020-04-10,San Diego,073,3302833,2320,1695,0,1695,44
2020-04-10,San Francisco,075,870044,1139,797,0,797,10
2020-04-10,San Joaquin,077,732212,403,234,3,237,14
2020-04-10,San Luis Obispo,079,281455,166,97,1,98,1
2020-04-10,San Mateo,081,765935,918,642,2,644,24
2020-04-10,Santa Barbara,083,443738,346,254,1,255,2
2020-04-10,Santa Clara,085,1922200,1943,1351,5,1356,50
2020-04-10,Santa Cruz,087,273765,101,75,0,75,1
2020-04-10,Shasta,089,179085,30,24,0,24,3
2020-04-10,Sierra,091,2930,0,0,0,0,0
2020-04-10,Siskiyou,093,43540,5,5,0,5,0
2020-04-10,Solano,095,438530,197,129,0,129,2
2020-04-10,Sonoma,097,501317,180,129,0,129,1
2020-04-10,Stanislaus,099,539301,231,101,3,104,0
2020-04-10,Sutter,101,95872,23,18,0,18,2
2020-04-10,Tehama,103,63373,1,1,0,1,0
2020-04-10,Trinity,105,12862,0,0,0,0,0
2020-04-10,Tulare,107,460477,424,163,5,168,10
2020-04-10,Tuolumne,109,53932,3,0,0,0,0
2020-04-10,Ventura,111,848112,454,290,0,290,9
2020-04-10,Yolo,113,214977,134,62,0,62,3
2020-04-10,Yuba,115,75493,14,13,0,13,1
2020-04-09,Alameda,001,1643700,1071,641,1,642,17
2020-04-09,Alpine,003,1148,1,1,0,1,0
2020-04-09,Amador,005,37829,7,2,0,2,0
2020-04-09,Butte,007,227075,19,12,1,13,0
2020-04-09,Calaveras,009,45235,10,5,0,5,0
2020-04-09,Colusa,011,21464,3,3,0,3,0
2020-04-09,Contra Costa,013,1133247,700,505,0,505,7
2020-04-09,Del Norte,015,27424,2,2,0,2,0
2020-04-09,El Dorado,017,186661,47,25,0,25,0
2020-04-09,Fresno,019,978130,428,165,4,169,3
2020-04-09,Glenn,021,27897,4,2,0,2,0
2020-04-09,Humboldt,023,135768,57,36,0,36,0
2020-04-09,Imperial,025,180216,158,67,0,67,2
2020-04-09,Inyo,027,18085,12,11,0,11,0
2020-04-09,Kern,029,883053,591,241,0,241,2
2020-04-09,Kings,031,150075,43,5,1,6,0
2020-04-09,Lake,033,64148,5,1,0,1,0
2020-04-09,Lassen,035,31185,3,0,2,2,0
2020-04-09,Los Angeles,037,10098052,13033,7919,12,7931,220
2020-04-09,Madera,039,155013,63,28,1,29,2
2020-04-09,Marin,041,260295,171,126,1,127,7
2020-04-09,Mariposa,043,17540,0,0,0,0,0
2020-04-09,Mendocino,045,87422,5,4,0,4,0
2020-04-09,Merced,047,269075,97,41,0,41,3
2020-04-09,Modoc,049,8938,0,0,0,0,0
2020-04-09,Mono,051,14174,29,19,0,19,1
2020-04-09,Monterey,053,433212,124,70,0,70,3
2020-04-09,Napa,055,140530,46,27,0,27,2
2020-04-09,Nevada,057,99092,36,23,1,24,1
2020-04-09,Orange,059,3164182,1811,1105,18,1123,19
2020-04-09,Placer,061,380077,144,107,0,107,4
2020-04-09,Plumas,063,18699,4,3,0,3,0
2020-04-09,Riverside,065,2383286,2465,1083,13,1096,29
2020-04-09,Sacramento,067,1510023,877,601,0,601,21
2020-04-09,San Benito,069,59416,36,32,0,32,2
2020-04-09,San Bernardino,071,2135413,1285,717,0,717,27
2020-04-09,San Diego,073,3302833,2224,1630,0,1630,40
2020-04-09,San Francisco,075,870044,1119,748,0,748,8
2020-04-09,San Joaquin,077,732212,382,223,3,226,14
2020-04-09,San Luis Obispo,079,281455,158,93,1,94,1
2020-04-09,San Mateo,081,765935,902,630,2,632,23
2020-04-09,Santa Barbara,083,443738,336,232,1,233,2
2020-04-09,Santa Clara,085,1922200,1873,1301,5,1306,49
2020-04-09,Santa Cruz,087,273765,101,73,0,73,1
2020-04-09,Shasta,089,179085,30,22,0,22,3
2020-04-09,Sierra,091,2930,0,0,0,0,0
2020-04-09,Siskiyou,093,43540,5,4,0,4,0
2020-04-09,Solano,095,438530,188,118,0,118,2
2020-04-09,Sonoma,097,501317,176,113,0,113,1
2020-04-09,Stanislaus,099,539301,219,93,3,96,0
2020-04-09,Sutter,101,95872,23,17,0,17,2
2020-04-09,Tehama,103,63373,1,1,0,1,0
2020-04-09,Trinity,105,12862,0,0,0,0,0
2020-04-09,Tulare,107,460477,395,147,5,152,9
2020-04-09,Tuolumne,109,53932,3,0,0,0,0
2020-04-09,Ventura,111,848112,435,273,0,273,9
2020-04-09,Yolo,113,214977,125,59,0,59,3
2020-04-09,Yuba,115,75493,14,13,0,13,0
2020-04-08,Alameda,001,1643700,1029,594,1,595,15
2020-04-08,Alpine,003,1148,1,1,0,1,0
2020-04-08,Amador,005,37829,7,2,0,2,0
2020-04-08,Butte,007,227075,18,11,1,12,0
2020-04-08,Calaveras,009,45235,10,5,0,5,0
2020-04-08,Colusa,011,21464,3,3,0,3,0
2020-04-08,Contra Costa,013,1133247,687,481,0,481,7
2020-04-08,Del Norte,015,27424,2,2,0,2,0
2020-04-08,El Dorado,017,186661,47,25,0,25,0
2020-04-08,Fresno,019,978130,408,151,4,155,3
2020-04-08,Glenn,021,27897,4,2,0,2,0
2020-04-08,Humboldt,023,135768,57,40,0,40,0
2020-04-08,Imperial,025,180216,147,59,0,59,2
2020-04-08,Inyo,027,18085,12,11,0,11,0
2020-04-08,Kern,029,883053,550,198,0,198,2
2020-04-08,Kings,031,150075,43,5,1,6,0
2020-04-08,Lake,033,64148,5,1,0,1,0
2020-04-08,Lassen,035,31185,3,0,2,2,0
2020-04-08,Los Angeles,037,10098052,12432,7505,12,7517,196
2020-04-08,Madera,039,155013,62,28,1,29,2
2020-04-08,Marin,041,260295,165,125,1,126,7
2020-04-08,Mariposa,043,17540,0,0,0,0,0
2020-04-08,Mendocino,045,87422,5,4,0,4,0
2020-04-08,Merced,047,269075,82,35,0,35,1
2020-04-08,Modoc,049,8938,0,0,0,0,0
2020-04-08,Mono,051,14174,29,19,0,19,1
2020-04-08,Monterey,053,433212,115,68,0,68,3
2020-04-08,Napa,055,140530,44,21,0,21,2
2020-04-08,Nevada,057,99092,36,21,1,22,1
2020-04-08,Orange,059,3164182,1748,1034,18,1052,19
2020-04-08,Placer,061,380077,144,102,0,102,4
2020-04-08,Plumas,063,18699,4,3,0,3,0
2020-04-08,Riverside,065,2383286,2308,974,13,987,28
2020-04-08,Sacramento,067,1510023,843,565,0,565,21
2020-04-08,San Benito,069,59416,36,31,0,31,2
2020-04-08,San Bernardino,071,2135413,1228,635,0,635,22
2020-04-08,San Diego,073,3302833,2150,1532,0,1532,36
2020-04-08,San Francisco,075,870044,1052,687,0,687,7
2020-04-08,San Joaquin,077,732212,365,211,3,214,12
2020-04-08,San Luis Obispo,079,281455,156,90,1,91,1
2020-04-08,San Mateo,081,765935,887,608,2,610,22
2020-04-08,Santa Barbara,083,443738,319,221,1,222,2
2020-04-08,Santa Clara,085,1922200,1828,1257,5,1262,47
2020-04-08,Santa Cruz,087,273765,100,69,0,69,1
2020-04-08,Shasta,089,179085,30,18,0,18,3
2020-04-08,Sierra,091,2930,0,0,0,0,0
2020-04-08,Siskiyou,093,43540,5,4,0,4,0
2020-04-08,Solano,095,438530,175,111,0,111,2
2020-04-08,Sonoma,097,501317,170,107,0,107,1
2020-04-08,Stanislaus,099,539301,203,86,3,89,0
2020-04-08,Sutter,101,95872,22,17,0,17,2
2020-04-08,Tehama,103,63373,1,1,0,1,0
2020-04-08,Trinity,105,12862,0,0,0,0,0
2020-04-08,Tulare,107,460477,364,145,5,150,6
2020-04-08,Tuolumne,109,53932,3,0,0,0,0
2020-04-08,Ventura,111,848112,426,263,0,263,7
2020-04-08,Yolo,113,214977,108,56,0,56,3
2020-04-08,Yuba,115,75493,14,10,0,10,0
2020-04-07,Alameda,001,1643700,994,560,1,561,14
2020-04-07,Alpine,003,1148,1,1,0,1,0
2020-04-07,Amador,005,37829,7,2,0,2,0
2020-04-07,Butte,007,227075,17,11,1,12,0
2020-04-07,Calaveras,009,45235,9,5,0,5,0
2020-04-07,Colusa,011,21464,3,2,0,2,0
2020-04-07,Contra Costa,013,1133247,667,471,0,471,7
2020-04-07,Del Norte,015,27424,2,2,0,2,0
2020-04-07,El Dorado,017,186661,46,22,0,22,0
2020-04-07,Fresno,019,978130,393,138,4,142,3
2020-04-07,Glenn,021,27897,4,2,0,2,0
2020-04-07,Humboldt,023,135768,56,40,0,40,0
2020-04-07,Imperial,025,180216,128,53,0,53,2
2020-04-07,Inyo,027,18085,12,11,0,11,0
2020-04-07,Kern,029,883053,507,134,0,134,2
2020-04-07,Kings,031,150075,40,5,1,6,0
2020-04-07,Lake,033,64148,4,1,0,1,0
2020-04-07,Lassen,035,31185,3,0,2,2,0
2020-04-07,Los Angeles,037,10098052,11782,6885,12,6897,170
2020-04-07,Madera,039,155013,60,28,0,28,2
2020-04-07,Marin,041,260295,163,122,1,123,7
2020-04-07,Mariposa,043,17540,0,0,0,0,0
2020-04-07,Mendocino,045,87422,5,4,0,4,0
2020-04-07,Merced,047,269075,67,27,0,27,1
2020-04-07,Modoc,049,8938,0,0,0,0,0
2020-04-07,Mono,051,14174,28,18,0,18,1
2020-04-07,Monterey,053,433212,107,63,0,63,2
2020-04-07,Napa,055,140530,42,18,0,18,2
2020-04-07,Nevada,057,99092,36,20,1,21,1
2020-04-07,Orange,059,3164182,1701,971,16,987,19
2020-04-07,Placer,061,380077,139,94,0,94,3
2020-04-07,Plumas,063,18699,4,3,0,3,0
2020-04-07,Riverside,065,2383286,2151,905,13,918,25
2020-04-07,Sacramento,067,1510023,813,513,0,513,18
2020-04-07,San Benito,069,59416,36,26,0,26,2
2020-04-07,San Bernardino,071,2135413,1161,554,0,554,19
2020-04-07,San Diego,073,3302833,2073,1456,0,1456,31
2020-04-07,San Francisco,075,870044,992,636,0,636,6
2020-04-07,San Joaquin,077,732212,347,198,3,201,12
2020-04-07,San Luis Obispo,079,281455,149,87,1,88,1
2020-04-07,San Mateo,081,765935,866,573,2,575,22
2020-04-07,Santa Barbara,083,443738,305,209,1,210,2
2020-04-07,Santa Clara,085,1922200,1759,1193,4,1197,46
2020-04-07,Santa Cruz,087,273765,100,67,0,67,1
2020-04-07,Shasta,089,179085,29,16,0,16,3
2020-04-07,Sierra,091,2930,0,0,0,0,0
2020-04-07,Siskiyou,093,43540,5,4,0,4,0
2020-04-07,Solano,095,438530,170,99,0,99,1
2020-04-07,Sonoma,097,501317,167,102,0,102,1
2020-04-07,Stanislaus,099,539301,186,83,3,86,0
2020-04-07,Sutter,101,95872,22,16,0,16,2
2020-04-07,Tehama,103,63373,1,1,0,1,0
2020-04-07,Trinity,105,12862,0,0,0,0,0
2020-04-07,Tulare,107,460477,335,144,5,149,5
2020-04-07,Tuolumne,109,53932,3,1,0,1,0
2020-04-07,Ventura,111,848112,409,247,0,247,6
2020-04-07,Yolo,113,214977,101,51,0,51,2
2020-04-07,Yuba,115,75493,14,10,0,10,0
2020-04-06,Alameda,001,1643700,964,527,1,528,13
2020-04-06,Alpine,003,1148,1,1,0,1,0
2020-04-06,Amador,005,37829,6,2,0,2,0
2020-04-06,Butte,007,227075,16,11,1,12,0
2020-04-06,Calaveras,009,45235,9,4,0,4,0
2020-04-06,Colusa,011,21464,3,1,0,1,0
2020-04-06,Contra Costa,013,1133247,642,447,0,447,7
2020-04-06,Del Norte,015,27424,2,2,0,2,0
2020-04-06,El Dorado,017,186661,44,23,0,23,0
2020-04-06,Fresno,019,978130,371,122,4,126,1
2020-04-06,Glenn,021,27897,4,2,0,2,0
2020-04-06,Humboldt,023,135768,55,37,0,37,0
2020-04-06,Imperial,025,180216,121,47,0,47,1
2020-04-06,Inyo,027,18085,11,11,0,11,0
2020-04-06,Kern,029,883053,470,117,0,117,2
2020-04-06,Kings,031,150075,40,3,1,4,0
2020-04-06,Lake,033,64148,4,1,0,1,0
2020-04-06,Lassen,035,31185,3,0,2,2,0
2020-04-06,Los Angeles,037,10098052,11048,6346,12,6358,145
2020-04-06,Madera,039,155013,58,29,0,29,2
2020-04-06,Marin,041,260295,160,119,1,120,7
2020-04-06,Mariposa,043,17540,0,0,0,0,0
2020-04-06,Mendocino,045,87422,5,4,0,4,0
2020-04-06,Merced,047,269075,60,25,0,25,1
2020-04-06,Modoc,049,8938,0,0,0,0,0
2020-04-06,Mono,051,14174,28,18,0,18,1
2020-04-06,Monterey,053,433212,102,62,0,62,2
2020-04-06,Napa,055,140530,42,18,0,18,2
2020-04-06,Nevada,057,99092,36,19,1,20,1
2020-04-06,Orange,059,3164182,1657,910,15,925,17
2020-04-06,Placer,061,380077,139,90,0,90,3
2020-04-06,Plumas,063,18699,4,2,0,2,0
2020-04-06,Riverside,065,2383286,2025,854,13,867,17
2020-04-06,Sacramento,067,1510023,783,448,0,448,15
2020-04-06,San Benito,069,59416,34,25,0,25,1
2020-04-06,San Bernardino,071,2135413,1102,550,0,550,13
2020-04-06,San Diego,073,3302833,1991,1406,0,1406,19
2020-04-06,San Francisco,075,870044,952,586,0,586,6
2020-04-06,San Joaquin,077,732212,332,191,3,194,10
2020-04-06,San Luis Obispo,079,281455,147,85,1,86,1
2020-04-06,San Mateo,081,765935,848,569,2,571,20
2020-04-06,Santa Barbara,083,443738,296,189,1,190,2
2020-04-06,Santa Clara,085,1922200,1706,1128,4,1132,43
2020-04-06,Santa Cruz,087,273765,98,65,0,65,1
2020-04-06,Shasta,089,179085,29,16,0,16,3
2020-04-06,Sierra,091,2930,0,0,0,0,0
2020-04-06,Siskiyou,093,43540,4,4,0,4,0
2020-04-06,Solano,095,438530,163,95,0,95,1
2020-04-06,Sonoma,097,501317,166,102,0,102,1
2020-04-06,Stanislaus,099,539301,170,72,3,75,0
2020-04-06,Sutter,101,95872,22,14,0,14,2
2020-04-06,Tehama,103,63373,1,1,0,1,0
2020-04-06,Trinity,105,12862,0,0,0,0,0
2020-04-06,Tulare,107,460477,319,126,5,131,5
2020-04-06,Tuolumne,109,53932,3,1,0,1,0
2020-04-06,Ventura,111,848112,391,234,0,234,6
2020-04-06,Yolo,113,214977,97,43,0,43,1
2020-04-06,Yuba,115,75493,14,8,0,8,0
2020-04-05,Alameda,001,1643700,922,475,1,476,12
2020-04-05,Alpine,003,1148,1,1,0,1,0
2020-04-05,Amador,005,37829,6,2,0,2,0
2020-04-05,Butte,007,227075,16,10,1,11,0
2020-04-05,Calaveras,009,45235,9,3,0,3,0
2020-04-05,Colusa,011,21464,3,1,0,1,0
2020-04-05,Contra Costa,013,1133247,625,415,0,415,6
2020-04-05,Del Norte,015,27424,2,1,0,1,0
2020-04-05,El Dorado,017,186661,42,19,0,19,0
2020-04-05,Fresno,019,978130,337,102,4,106,1
2020-04-05,Glenn,021,27897,4,2,0,2,0
2020-04-05,Humboldt,023,135768,55,29,0,29,0
2020-04-05,Imperial,025,180216,113,42,0,42,1
2020-04-05,Inyo,027,18085,11,10,0,10,0
2020-04-05,Kern,029,883053,415,109,0,109,2
2020-04-05,Kings,031,150075,39,4,1,5,0
2020-04-05,Lake,033,64148,4,0,0,0,0
2020-04-05,Lassen,035,31185,3,0,2,2,0
2020-04-05,Los Angeles,037,10098052,10477,5892,12,5904,130
2020-04-05,Madera,039,155013,57,27,0,27,2
2020-04-05,Marin,041,260295,160,113,1,114,6
2020-04-05,Mariposa,043,17540,0,0,0,0,0
2020-04-05,Mendocino,045,87422,5,4,0,4,0
2020-04-05,Merced,047,269075,53,16,0,16,0
2020-04-05,Modoc,049,8938,0,0,0,0,0
2020-04-05,Mono,051,14174,28,18,0,18,1
2020-04-05,Monterey,053,433212,95,61,0,61,2
2020-04-05,Napa,055,140530,40,15,0,15,2
2020-04-05,Nevada,057,99092,36,19,1,20,1
2020-04-05,Orange,059,3164182,1600,820,15,835,15
2020-04-05,Placer,061,380077,136,86,0,86,3
2020-04-05,Plumas,063,18699,3,2,0,2,0
2020-04-05,Riverside,065,2383286,1896,669,13,682,17
2020-04-05,Sacramento,067,1510023,752,393,0,393,11
2020-04-05,San Benito,069,59416,34,22,0,22,1
2020-04-05,San Bernardino,071,2135413,1029,375,0,375,13
2020-04-05,San Diego,073,3302833,1909,1328,0,1328,19
2020-04-05,San Francisco,075,870044,905,559,0,559,6
2020-04-05,San Joaquin,077,732212,317,179,3,182,10
2020-04-05,San Luis Obispo,079,281455,145,83,1,84,1
2020-04-05,San Mateo,081,765935,828,528,2,530,19
2020-04-05,Santa Barbara,083,443738,280,171,1,172,1
2020-04-05,Santa Clara,085,1922200,1659,1052,4,1056,42
2020-04-05,Santa Cruz,087,273765,98,59,0,59,1
2020-04-05,Shasta,089,179085,28,11,0,11,2
2020-04-05,Sierra,091,2930,0,0,0,0,0
2020-04-05,Siskiyou,093,43540,4,3,0,3,0
2020-04-05,Solano,095,438530,159,78,0,78,1
2020-04-05,Sonoma,097,501317,164,88,0,88,1
2020-04-05,Stanislaus,099,539301,156,51,3,54,0
2020-04-05,Sutter,101,95872,22,14,0,14,1
2020-04-05,Tehama,103,63373,1,1,0,1,0
2020-04-05,Trinity,105,12862,0,0,0,0,0
2020-04-05,Tulare,107,460477,282,81,5,86,4
2020-04-05,Tuolumne,109,53932,3,1,0,1,0
2020-04-05,Ventura,111,848112,377,196,0,196,6
2020-04-05,Yolo,113,214977,78,37,0,37,2
2020-04-05,Yuba,115,75493,14,7,0,7,0
2020-04-04,Alameda,001,1643700,899,468,1,469,12
2020-04-04,Alpine,003,1148,1,1,0,1,0
2020-04-04,Amador,005,37829,5,2,0,2,0
2020-04-04,Butte,007,227075,16,10,1,11,0
2020-04-04,Calaveras,009,45235,9,3,0,3,0
2020-04-04,Colusa,011,21464,3,1,0,1,0
2020-04-04,Contra Costa,013,1133247,617,382,0,382,5
2020-04-04,Del Norte,015,27424,2,1,0,1,0
2020-04-04,El Dorado,017,186661,42,19,0,19,0
2020-04-04,Fresno,019,978130,327,102,4,106,1
2020-04-04,Glenn,021,27897,4,2,0,2,0
2020-04-04,Humboldt,023,135768,55,29,0,29,0
2020-04-04,Imperial,025,180216,112,42,0,42,1
2020-04-04,Inyo,027,18085,11,10,0,10,0
2020-04-04,Kern,029,883053,385,103,0,103,2
2020-04-04,Kings,031,150075,39,3,1,4,0
2020-04-04,Lake,033,64148,4,0,0,0,0
2020-04-04,Lassen,035,31185,3,0,2,2,0
2020-04-04,Los Angeles,037,10098052,9857,5275,12,5287,117
2020-04-04,Madera,039,155013,55,27,0,27,2
2020-04-04,Marin,041,260295,158,111,0,111,6
2020-04-04,Mariposa,043,17540,0,0,0,0,0
2020-04-04,Mendocino,045,87422,5,4,0,4,0
2020-04-04,Merced,047,269075,49,11,0,11,0
2020-04-04,Modoc,049,8938,0,0,0,0,0
2020-04-04,Mono,051,14174,28,18,0,18,1
2020-04-04,Monterey,053,433212,91,61,0,61,2
2020-04-04,Napa,055,140530,40,15,0,15,2
2020-04-04,Nevada,057,99092,36,19,1,20,1
2020-04-04,Orange,059,3164182,1558,781,14,795,15
2020-04-04,Placer,061,380077,135,87,0,87,2
2020-04-04,Plumas,063,18699,3,2,0,2,0
2020-04-04,Riverside,065,2383286,1795,652,13,665,15
2020-04-04,Sacramento,067,1510023,734,393,0,393,11
2020-04-04,San Benito,069,59416,34,22,0,22,1
2020-04-04,San Bernardino,071,2135413,981,373,0,373,13
2020-04-04,San Diego,073,3302833,1861,1211,0,1211,18
2020-04-04,San Francisco,075,870044,867,537,0,537,6
2020-04-04,San Joaquin,077,732212,294,171,3,174,10
2020-04-04,San Luis Obispo,079,281455,145,82,1,83,0
2020-04-04,San Mateo,081,765935,816,520,2,522,17
2020-04-04,Santa Barbara,083,443738,271,167,1,168,1
2020-04-04,Santa Clara,085,1922200,1607,1045,4,1049,39
2020-04-04,Santa Cruz,087,273765,98,56,0,56,1
2020-04-04,Shasta,089,179085,27,11,0,11,2
2020-04-04,Sierra,091,2930,0,0,0,0,0
2020-04-04,Siskiyou,093,43540,4,3,0,3,0
2020-04-04,Solano,095,438530,154,79,0,79,1
2020-04-04,Sonoma,097,501317,161,88,0,88,1
2020-04-04,Stanislaus,099,539301,145,51,3,54,0
2020-04-04,Sutter,101,95872,22,14,0,14,1
2020-04-04,Tehama,103,63373,1,1,0,1,0
2020-04-04,Trinity,105,12862,0,0,0,0,0
2020-04-04,Tulare,107,460477,268,79,5,84,4
2020-04-04,Tuolumne,109,53932,3,1,0,1,0
2020-04-04,Ventura,111,848112,364,194,0,194,6
2020-04-04,Yolo,113,214977,76,40,0,40,2
2020-04-04,Yuba,115,75493,13,7,0,7,0
2020-04-03,Alameda,001,1643700,863,395,1,396,11
2020-04-03,Alpine,003,1148,1,1,0,1,0
2020-04-03,Amador,005,37829,5,2,0,2,0
2020-04-03,Butte,007,227075,16,8,1,9,0
2020-04-03,Calaveras,009,45235,9,3,0,3,0
2020-04-03,Colusa,011,21464,3,1,0,1,0
2020-04-03,Contra Costa,013,1133247,594,327,0,327,5
2020-04-03,Del Norte,015,27424,2,1,0,1,0
2020-04-03,El Dorado,017,186661,40,16,0,16,0
2020-04-03,Fresno,019,978130,315,98,4,102,1
2020-04-03,Glenn,021,27897,4,2,0,2,0
2020-04-03,Humboldt,023,135768,55,34,0,34,0
2020-04-03,Imperial,025,180216,103,35,0,35,0
2020-04-03,Inyo,027,18085,11,10,0,10,0
2020-04-03,Kern,029,883053,359,87,0,87,1
2020-04-03,Kings,031,150075,37,3,1,4,0
2020-04-03,Lake,033,64148,3,0,0,0,0
2020-04-03,Lassen,035,31185,3,0,2,2,0
2020-04-03,Los Angeles,037,10098052,9239,4566,12,4578,91
2020-04-03,Madera,039,155013,54,28,0,28,2
2020-04-03,Marin,041,260295,156,106,0,106,6
2020-04-03,Mariposa,043,17540,0,0,0,0,0
2020-04-03,Mendocino,045,87422,5,4,0,4,0
2020-04-03,Merced,047,269075,46,9,0,9,0
2020-04-03,Modoc,049,8938,0,0,0,0,0
2020-04-03,Mono,051,14174,28,18,0,18,1
2020-04-03,Monterey,053,433212,88,58,0,58,2
2020-04-03,Napa,055,140530,39,13,0,13,1
2020-04-03,Nevada,057,99092,36,19,1,20,1
2020-04-03,Orange,059,3164182,1519,713,14,727,13
2020-04-03,Placer,061,380077,131,76,0,76,2
2020-04-03,Plumas,063,18699,3,2,0,2,0
2020-04-03,Riverside,065,2383286,1715,540,13,553,14
2020-04-03,Sacramento,067,1510023,713,363,0,363,11
2020-04-03,San Benito,069,59416,34,22,0,22,1
2020-04-03,San Bernardino,071,2135413,936,356,0,356,11
2020-04-03,San Diego,073,3302833,1800,1114,0,1114,17
2020-04-03,San Francisco,075,870044,843,506,0,506,6
2020-04-03,San Joaquin,077,732212,282,162,3,165,10
2020-04-03,San Luis Obispo,079,281455,144,82,1,83,0
2020-04-03,San Mateo,081,765935,799,474,2,476,13
2020-04-03,Santa Barbara,083,443738,260,154,1,155,1
2020-04-03,Santa Clara,085,1922200,1571,983,4,987,39
2020-04-03,Santa Cruz,087,273765,98,52,0,52,1
2020-04-03,Shasta,089,179085,27,10,0,10,1
2020-04-03,Sierra,091,2930,0,0,0,0,0
2020-04-03,Siskiyou,093,43540,4,3,0,3,0
2020-04-03,Solano,095,438530,146,72,0,72,1
2020-04-03,Sonoma,097,501317,161,84,0,84,1
2020-04-03,Stanislaus,099,539301,139,48,3,51,0
2020-04-03,Sutter,101,95872,22,12,0,12,1
2020-04-03,Tehama,103,63373,1,1,0,1,0
2020-04-03,Trinity,105,12862,0,0,0,0,0
2020-04-03,Tulare,107,460477,254,73,5,78,3
2020-04-03,Tuolumne,109,53932,3,1,0,1,0
2020-04-03,Ventura,111,848112,354,186,0,186,6
2020-04-03,Yolo,113,214977,75,33,0,33,1
2020-04-03,Yuba,115,75493,13,6,0,6,0
2020-04-02,Alameda,001,1643700,812,345,1,346,10
2020-04-02,Alpine,003,1148,1,1,0,1,0
2020-04-02,Amador,005,37829,5,2,0,2,0
2020-04-02,Butte,007,227075,16,7,0,7,0
2020-04-02,Calaveras,009,45235,7,3,0,3,0
2020-04-02,Colusa,011,21464,3,1,0,1,0
2020-04-02,Contra Costa,013,1133247,564,297,0,297,3
2020-04-02,Del Norte,015,27424,2,0,0,0,0
2020-04-02,El Dorado,017,186661,38,16,0,16,0
2020-04-02,Fresno,019,978130,299,92,4,96,0
2020-04-02,Glenn,021,27897,3,2,0,2,0
2020-04-02,Humboldt,023,135768,51,23,0,23,0
2020-04-02,Imperial,025,180216,99,24,0,24,0
2020-04-02,Inyo,027,18085,10,8,0,8,0
2020-04-02,Kern,029,883053,332,74,0,74,0
2020-04-02,Kings,031,150075,37,3,1,4,0
2020-04-02,Lake,033,64148,3,0,0,0,0
2020-04-02,Lassen,035,31185,3,0,2,2,0
2020-04-02,Los Angeles,037,10098052,8404,4040,12,4052,79
2020-04-02,Madera,039,155013,52,25,0,25,1
2020-04-02,Marin,041,260295,150,102,0,102,1
2020-04-02,Mariposa,043,17540,0,0,0,0,0
2020-04-02,Mendocino,045,87422,5,4,0,4,0
2020-04-02,Merced,047,269075,41,9,0,9,0
2020-04-02,Modoc,049,8938,0,0,0,0,0
2020-04-02,Mono,051,14174,28,16,0,16,1
2020-04-02,Monterey,053,433212,86,50,0,50,2
2020-04-02,Napa,055,140530,39,13,0,13,0
2020-04-02,Nevada,057,99092,35,17,1,18,0
2020-04-02,Orange,059,3164182,1467,640,13,653,12
2020-04-02,Placer,061,380077,130,72,0,72,2
2020-04-02,Plumas,063,18699,3,1,0,1,0
2020-04-02,Riverside,065,2383286,1598,438,13,451,13
2020-04-02,Sacramento,067,1510023,695,322,0,322,9
2020-04-02,San Benito,069,59416,32,18,0,18,1
2020-04-02,San Bernardino,071,2135413,881,335,0,335,8
2020-04-02,San Diego,073,3302833,1733,968,0,968,16
2020-04-02,San Francisco,075,870044,817,473,0,473,6
2020-04-02,San Joaquin,077,732212,263,148,3,151,9
2020-04-02,San Luis Obispo,079,281455,139,79,1,80,0
2020-04-02,San Mateo,081,765935,778,423,2,425,13
2020-04-02,Santa Barbara,083,443738,249,125,1,126,1
2020-04-02,Santa Clara,085,1922200,1520,908,4,912,38
2020-04-02,Santa Cruz,087,273765,96,49,0,49,1
2020-04-02,Shasta,089,179085,26,7,0,7,1
2020-04-02,Sierra,091,2930,0,0,0,0,0
2020-04-02,Siskiyou,093,43540,4,3,0,3,0
2020-04-02,Solano,095,438530,136,65,0,65,0
2020-04-02,Sonoma,097,501317,157,76,0,76,1
2020-04-02,Stanislaus,099,539301,128,40,3,43,0
2020-04-02,Sutter,101,95872,21,10,0,10,1
2020-04-02,Tehama,103,63373,1,1,0,1,0
2020-04-02,Trinity,105,12862,0,0,0,0,0
2020-04-02,Tulare,107,460477,220,64,5,69,1
2020-04-02,Tuolumne,109,53932,3,1,0,1,0
2020-04-02,Ventura,111,848112,336,178,0,178,5
2020-04-02,Yolo,113,214977,73,29,0,29,1
2020-04-02,Yuba,115,75493,10,5,0,5,0
2020-04-01,Alameda,001,1643700,785,287,1,288,8
2020-04-01,Alpine,003,1148,1,1,0,1,0
2020-04-01,Amador,005,37829,5,1,0,1,0
2020-04-01,Butte,007,227075,16,6,0,6,0
2020-04-01,Calaveras,009,45235,6,3,0,3,0
2020-04-01,Colusa,011,21464,3,1,0,1,0
2020-04-01,Contra Costa,013,1133247,521,267,0,267,3
2020-04-01,Del Norte,015,27424,2,0,0,0,0
2020-04-01,El Dorado,017,186661,37,14,0,14,0
2020-04-01,Fresno,019,978130,277,75,3,78,0
2020-04-01,Glenn,021,27897,3,2,0,2,0
2020-04-01,Humboldt,023,135768,51,19,0,19,0
2020-04-01,Imperial,025,180216,93,25,0,25,0
2020-04-01,Inyo,027,18085,10,8,0,8,0
2020-04-01,Kern,029,883053,305,53,0,53,0
2020-04-01,Kings,031,150075,35,3,1,4,0
2020-04-01,Lake,033,64148,3,0,0,0,0
2020-04-01,Lassen,035,31185,3,0,2,2,0
2020-04-01,Los Angeles,037,10098052,7752,3502,12,3514,66
2020-04-01,Madera,039,155013,50,17,0,17,1
2020-04-01,Marin,041,260295,146,87,0,87,1
2020-04-01,Mariposa,043,17540,0,0,0,0,0
2020-04-01,Mendocino,045,87422,5,4,0,4,0
2020-04-01,Merced,047,269075,38,7,0,7,0
2020-04-01,Modoc,049,8938,0,0,0,0,0
2020-04-01,Mono,051,14174,28,12,0,12,1
2020-04-01,Monterey,053,433212,85,47,0,47,2
2020-04-01,Napa,055,140530,36,11,0,11,0
2020-04-01,Nevada,057,99092,35,15,1,16,0
2020-04-01,Orange,059,3164182,1415,579,13,592,11
2020-04-01,Placer,061,380077,128,52,0,52,2
2020-04-01,Plumas,063,18699,3,1,0,1,0
2020-04-01,Riverside,065,2383286,1430,306,12,318,11
2020-04-01,Sacramento,067,1510023,662,299,0,299,8
2020-04-01,San Benito,069,59416,29,14,0,14,1
2020-04-01,San Bernardino,071,2135413,832,245,0,245,5
2020-04-01,San Diego,073,3302833,1663,851,0,851,11
2020-04-01,San Francisco,075,870044,789,432,0,432,6
2020-04-01,San Joaquin,077,732212,251,132,3,135,8
2020-04-01,San Luis Obispo,079,281455,133,69,1,70,0
2020-04-01,San Mateo,081,765935,760,354,2,356,13
2020-04-01,Santa Barbara,083,443738,236,103,1,104,0
2020-04-01,Santa Clara,085,1922200,1478,805,4,809,33
2020-04-01,Santa Cruz,087,273765,91,44,0,44,1
2020-04-01,Shasta,089,179085,25,5,0,5,1
2020-04-01,Sierra,091,2930,0,0,0,0,0
2020-04-01,Siskiyou,093,43540,4,3,0,3,0
2020-04-01,Solano,095,438530,131,57,0,57,0
2020-04-01,Sonoma,097,501317,153,60,0,60,1
2020-04-01,Stanislaus,099,539301,117,29,3,32,0
2020-04-01,Sutter,101,95872,21,9,0,9,1
2020-04-01,Tehama,103,63373,1,0,0,0,0
2020-04-01,Trinity,105,12862,0,0,0,0,0
2020-04-01,Tulare,107,460477,182,43,5,48,1
2020-04-01,Tuolumne,109,53932,3,1,0,1,0
2020-04-01,Ventura,111,848112,323,154,0,154,5
2020-04-01,Yolo,113,214977,68,22,0,22,1
2020-04-01,Yuba,115,75493,9,5,0,5,0
2020-03-31,Alameda,001,1643700,718,269,1,270,7
2020-03-31,Alpine,003,1148,1,1,0,1,0
2020-03-31,Amador,005,37829,5,1,0,1,0
2020-03-31,Butte,007,227075,16,6,0,6,0
2020-03-31,Calaveras,009,45235,6,3,0,3,0
2020-03-31,Colusa,011,21464,3,1,0,1,0
2020-03-31,Contra Costa,013,1133247,496,246,0,246,3
2020-03-31,Del Norte,015,27424,1,0,0,0,0
2020-03-31,El Dorado,017,186661,33,14,0,14,0
2020-03-31,Fresno,019,978130,252,59,3,62,0
2020-03-31,Glenn,021,27897,3,2,0,2,0
2020-03-31,Humboldt,023,135768,51,18,0,18,0
2020-03-31,Imperial,025,180216,88,17,0,17,0
2020-03-31,Inyo,027,18085,10,8,0,8,0
2020-03-31,Kern,029,883053,281,47,0,47,0
2020-03-31,Kings,031,150075,33,2,1,3,0
2020-03-31,Lake,033,64148,1,0,0,0,0
2020-03-31,Lassen,035,31185,3,0,2,2,0
2020-03-31,Los Angeles,037,10098052,7088,3001,12,3013,53
2020-03-31,Madera,039,155013,49,17,0,17,1
2020-03-31,Marin,041,260295,137,85,0,85,1
2020-03-31,Mariposa,043,17540,0,0,0,0,0
2020-03-31,Mendocino,045,87422,5,4,0,4,0
2020-03-31,Merced,047,269075,33,6,0,6,0
2020-03-31,Modoc,049,8938,0,0,0,0,0
2020-03-31,Mono,051,14174,26,12,0,12,0
2020-03-31,Monterey,053,433212,83,43,0,43,2
2020-03-31,Napa,055,140530,35,9,0,9,0
2020-03-31,Nevada,057,99092,35,15,1,16,0
2020-03-31,Orange,059,3164182,1345,506,13,519,7
2020-03-31,Placer,061,380077,121,49,0,49,2
2020-03-31,Plumas,063,18699,1,0,0,0,0
2020-03-31,Riverside,065,2383286,1284,284,12,296,8
2020-03-31,Sacramento,067,1510023,610,271,0,271,8
2020-03-31,San Benito,069,59416,29,14,0,14,1
2020-03-31,San Bernardino,071,2135413,747,193,0,193,5
2020-03-31,San Diego,073,3302833,1581,736,0,736,9
2020-03-31,San Francisco,075,870044,754,404,0,404,5
2020-03-31,San Joaquin,077,732212,235,122,3,125,7
2020-03-31,San Luis Obispo,079,281455,129,67,1,68,0
2020-03-31,San Mateo,081,765935,741,297,2,299,12
2020-03-31,Santa Barbara,083,443738,221,89,1,90,0
2020-03-31,Santa Clara,085,1922200,1428,777,4,781,30
2020-03-31,Santa Cruz,087,273765,84,40,0,40,1
2020-03-31,Shasta,089,179085,22,5,0,5,1
2020-03-31,Sierra,091,2930,0,0,0,0,0
2020-03-31,Siskiyou,093,43540,4,3,0,3,0
2020-03-31,Solano,095,438530,117,56,0,56,0
2020-03-31,Sonoma,097,501317,148,58,0,58,1
2020-03-31,Stanislaus,099,539301,102,28,3,31,0
2020-03-31,Sutter,101,95872,21,8,0,8,0
2020-03-31,Tehama,103,63373,1,0,0,0,0
2020-03-31,Trinity,105,12862,0,0,0,0,0
2020-03-31,Tulare,107,460477,159,42,4,46,1
2020-03-31,Tuolumne,109,53932,3,1,0,1,0
2020-03-31,Ventura,111,848112,312,143,0,143,4
2020-03-31,Yolo,113,214977,61,21,0,21,1
2020-03-31,Yuba,115,75493,9,5,0,5,0
2020-03-30,Alameda,001,1643700,678,250,1,251,7
2020-03-30,Alpine,003,1148,1,1,0,1,0
2020-03-30,Amador,005,37829,5,1,0,1,0
2020-03-30,Butte,007,227075,14,5,0,5,0
2020-03-30,Calaveras,009,45235,6,3,0,3,0
2020-03-30,Colusa,011,21464,3,1,0,1,0
2020-03-30,Contra Costa,013,1133247,470,212,0,212,3
2020-03-30,Del Norte,015,27424,0,0,0,0,0
2020-03-30,El Dorado,017,186661,33,11,0,11,0
2020-03-30,Fresno,019,978130,227,46,3,49,0
2020-03-30,Glenn,021,27897,3,2,0,2,0
2020-03-30,Humboldt,023,135768,49,11,0,11,0
2020-03-30,Imperial,025,180216,85,9,0,9,0
2020-03-30,Inyo,027,18085,10,5,0,5,0
2020-03-30,Kern,029,883053,248,30,0,30,0
2020-03-30,Kings,031,150075,33,1,1,2,0
2020-03-30,Lake,033,64148,1,0,0,0,0
2020-03-30,Lassen,035,31185,3,0,1,1,0
2020-03-30,Los Angeles,037,10098052,6428,2467,12,2479,44
2020-03-30,Madera,039,155013,48,14,0,14,1
2020-03-30,Marin,041,260295,130,78,0,78,0
2020-03-30,Mariposa,043,17540,0,0,0,0,0
2020-03-30,Mendocino,045,87422,5,2,0,2,0
2020-03-30,Merced,047,269075,29,6,0,6,0
2020-03-30,Modoc,049,8938,0,0,0,0,0
2020-03-30,Mono,051,14174,26,11,0,11,0
2020-03-30,Monterey,053,433212,78,41,0,41,1
2020-03-30,Napa,055,140530,34,9,0,9,0
2020-03-30,Nevada,057,99092,34,14,1,15,0
2020-03-30,Orange,059,3164182,1280,418,13,431,5
2020-03-30,Placer,061,380077,118,44,0,44,2
2020-03-30,Plumas,063,18699,1,0,0,0,0
2020-03-30,Riverside,065,2383286,1203,204,12,216,7
2020-03-30,Sacramento,067,1510023,586,238,0,238,8
2020-03-30,San Benito,069,59416,29,11,0,11,1
2020-03-30,San Bernardino,071,2135413,703,145,0,145,4
2020-03-30,San Diego,073,3302833,1511,605,0,605,7
2020-03-30,San Francisco,075,870044,714,368,0,368,5
2020-03-30,San Joaquin,077,732212,228,112,3,115,5
2020-03-30,San Luis Obispo,079,281455,126,62,1,63,0
2020-03-30,San Mateo,081,765935,717,257,2,259,11
2020-03-30,Santa Barbara,083,443738,212,79,1,80,0
2020-03-30,Santa Clara,085,1922200,1397,745,3,748,31
2020-03-30,Santa Cruz,087,273765,81,36,0,36,1
2020-03-30,Shasta,089,179085,21,4,0,4,1
2020-03-30,Sierra,091,2930,0,0,0,0,0
2020-03-30,Siskiyou,093,43540,4,2,0,2,0
2020-03-30,Solano,095,438530,111,50,0,50,0
2020-03-30,Sonoma,097,501317,145,57,0,57,1
2020-03-30,Stanislaus,099,539301,95,28,3,31,0
2020-03-30,Sutter,101,95872,20,6,0,6,0
2020-03-30,Tehama,103,63373,1,0,0,0,0
2020-03-30,Trinity,105,12862,0,0,0,0,0
2020-03-30,Tulare,107,460477,147,40,3,43,1
2020-03-30,Tuolumne,109,53932,3,1,0,1,0
2020-03-30,Ventura,111,848112,301,118,0,118,2
2020-03-30,Yolo,113,214977,58,17,0,17,1
2020-03-30,Yuba,115,75493,8,5,0,5,0
2020-03-29,Alameda,001,1643700,644,207,1,208,6
2020-03-29,Alpine,003,1148,1,0,0,0,0
2020-03-29,Amador,005,37829,5,1,0,1,0
2020-03-29,Butte,007,227075,14,4,0,4,0
2020-03-29,Calaveras,009,45235,6,2,0,2,0
2020-03-29,Colusa,011,21464,3,1,0,1,0
2020-03-29,Contra Costa,013,1133247,440,187,0,187,3
2020-03-29,Del Norte,015,27424,0,0,0,0,0
2020-03-29,El Dorado,017,186661,32,9,0,9,0
2020-03-29,Fresno,019,978130,203,31,3,34,0
2020-03-29,Glenn,021,27897,2,1,0,1,0
2020-03-29,Humboldt,023,135768,46,9,0,9,0
2020-03-29,Imperial,025,180216,79,9,0,9,0
2020-03-29,Inyo,027,18085,9,0,0,0,0
2020-03-29,Kern,029,883053,230,20,0,20,0
2020-03-29,Kings,031,150075,30,1,1,2,0
2020-03-29,Lake,033,64148,0,0,0,0,0
2020-03-29,Lassen,035,31185,3,0,1,1,0
2020-03-29,Los Angeles,037,10098052,5781,2119,11,2130,37
2020-03-29,Madera,039,155013,43,11,0,11,1
2020-03-29,Marin,041,260295,125,60,0,60,0
2020-03-29,Mariposa,043,17540,0,0,0,0,0
2020-03-29,Mendocino,045,87422,5,2,0,2,0
2020-03-29,Merced,047,269075,28,4,0,4,0
2020-03-29,Modoc,049,8938,0,0,0,0,0
2020-03-29,Mono,051,14174,26,8,0,8,0
2020-03-29,Monterey,053,433212,73,36,0,36,1
2020-03-29,Napa,055,140530,32,5,0,5,0
2020-03-29,Nevada,057,99092,32,13,1,14,0
2020-03-29,Orange,059,3164182,1207,343,13,356,2
2020-03-29,Placer,061,380077,117,35,0,35,2
2020-03-29,Plumas,063,18699,1,0,0,0,0
2020-03-29,Riverside,065,2383286,1079,122,12,134,7
2020-03-29,Sacramento,067,1510023,546,217,0,217,7
2020-03-29,San Benito,069,59416,28,10,0,10,1
2020-03-29,San Bernardino,071,2135413,651,94,0,94,2
2020-03-29,San Diego,073,3302833,1439,521,0,521,7
2020-03-29,San Francisco,075,870044,670,333,0,333,5
2020-03-29,San Joaquin,077,732212,219,86,3,89,4
2020-03-29,San Luis Obispo,079,281455,119,55,0,55,0
2020-03-29,San Mateo,081,765935,692,234,2,236,12
2020-03-29,Santa Barbara,083,443738,204,52,1,53,0
2020-03-29,Santa Clara,085,1922200,1340,591,3,594,30
2020-03-29,Santa Cruz,087,273765,81,33,0,33,1
2020-03-29,Shasta,089,179085,20,4,0,4,1
2020-03-29,Sierra,091,2930,0,0,0,0,0
2020-03-29,Siskiyou,093,43540,4,2,0,2,0
2020-03-29,Solano,095,438530,103,48,0,48,0
2020-03-29,Sonoma,097,501317,143,35,0,35,1
2020-03-29,Stanislaus,099,539301,90,19,3,22,0
2020-03-29,Sutter,101,95872,17,6,0,6,0
2020-03-29,Tehama,103,63373,1,0,0,0,0
2020-03-29,Trinity,105,12862,0,0,0,0,0
2020-03-29,Tulare,107,460477,122,24,3,27,1
2020-03-29,Tuolumne,109,53932,2,1,0,1,0
2020-03-29,Ventura,111,848112,274,92,0,92,2
2020-03-29,Yolo,113,214977,53,13,0,13,1
2020-03-29,Yuba,115,75493,8,3,0,3,0
2020-03-28,Alameda,001,1643700,617,410,1,411,12
2020-03-28,Alpine,003,1148,1,0,0,0,0
2020-03-28,Amador,005,37829,5,2,0,2,0
2020-03-28,Butte,007,227075,14,8,0,8,0
2020-03-28,Calaveras,009,45235,6,4,0,4,0
2020-03-28,Colusa,011,21464,3,2,0,2,0
2020-03-28,Contra Costa,013,1133247,417,350,0,350,4
2020-03-28,Del Norte,015,27424,0,0,0,0,0
2020-03-28,El Dorado,017,186661,31,18,0,18,0
2020-03-28,Fresno,019,978130,193,62,3,65,0
2020-03-28,Glenn,021,27897,2,2,0,2,0
2020-03-28,Humboldt,023,135768,46,18,0,18,0
2020-03-28,Imperial,025,180216,74,18,0,18,0
2020-03-28,Inyo,027,18085,9,0,0,0,0
2020-03-28,Kern,029,883053,213,40,0,40,0
2020-03-28,Kings,031,150075,29,2,1,3,0
2020-03-28,Lake,033,64148,0,0,0,0,0
2020-03-28,Lassen,035,31185,3,0,1,1,0
2020-03-28,Los Angeles,037,10098052,5396,3600,10,3610,64
2020-03-28,Madera,039,155013,43,22,0,22,2
2020-03-28,Marin,041,260295,120,116,0,116,0
2020-03-28,Mariposa,043,17540,0,0,0,0,0
2020-03-28,Mendocino,045,87422,5,4,0,4,0
2020-03-28,Merced,047,269075,27,8,0,8,0
2020-03-28,Modoc,049,8938,0,0,0,0,0
2020-03-28,Mono,051,14174,24,12,0,12,0
2020-03-28,Monterey,053,433212,72,64,0,64,2
2020-03-28,Napa,055,140530,27,10,0,10,0
2020-03-28,Nevada,057,99092,32,22,1,23,0
2020-03-28,Orange,059,3164182,1171,656,13,669,4
2020-03-28,Placer,061,380077,112,70,0,70,2
2020-03-28,Plumas,063,18699,1,0,0,0,0
2020-03-28,Riverside,065,2383286,1011,242,12,254,14
2020-03-28,Sacramento,067,1510023,528,406,0,406,14
2020-03-28,San Benito,069,59416,28,20,0,20,2
2020-03-28,San Bernardino,071,2135413,603,162,0,162,4
2020-03-28,San Diego,073,3302833,1380,980,0,980,14
2020-03-28,San Francisco,075,870044,646,600,0,600,6
2020-03-28,San Joaquin,077,732212,212,166,3,169,8
2020-03-28,San Luis Obispo,079,281455,117,104,0,104,0
2020-03-28,San Mateo,081,765935,672,462,2,464,17
2020-03-28,Santa Barbara,083,443738,194,98,1,99,0
2020-03-28,Santa Clara,085,1922200,1321,1174,3,1177,54
2020-03-28,Santa Cruz,087,273765,80,62,0,62,0
2020-03-28,Shasta,089,179085,20,8,0,8,2
2020-03-28,Sierra,091,2930,0,0,0,0,0
2020-03-28,Siskiyou,093,43540,4,4,0,4,0
2020-03-28,Solano,095,438530,99,96,0,96,0
2020-03-28,Sonoma,097,501317,141,70,0,70,2
2020-03-28,Stanislaus,099,539301,85,34,3,37,0
2020-03-28,Sutter,101,95872,17,6,0,6,0
2020-03-28,Tehama,103,63373,1,0,0,0,0
2020-03-28,Trinity,105,12862,0,0,0,0,0
2020-03-28,Tulare,107,460477,114,46,3,49,0
2020-03-28,Tuolumne,109,53932,2,2,0,2,0
2020-03-28,Ventura,111,848112,270,178,0,178,4
2020-03-28,Yolo,113,214977,52,26,0,26,2
2020-03-28,Yuba,115,75493,8,6,0,6,0
2020-03-27,Alameda,001,1643700,598,185,1,186,4
2020-03-27,Alpine,003,1148,1,0,0,0,0
2020-03-27,Amador,005,37829,4,1,0,1,0
2020-03-27,Butte,007,227075,12,4,0,4,0
2020-03-27,Calaveras,009,45235,6,2,0,2,0
2020-03-27,Colusa,011,21464,3,0,0,0,0
2020-03-27,Contra Costa,013,1133247,396,161,0,161,2
2020-03-27,Del Norte,015,27424,0,0,0,0,0
2020-03-27,El Dorado,017,186661,29,9,0,9,0
2020-03-27,Fresno,019,978130,181,29,2,31,0
2020-03-27,Glenn,021,27897,2,0,0,0,0
2020-03-27,Humboldt,023,135768,42,9,0,9,0
2020-03-27,Imperial,025,180216,69,9,0,9,0
2020-03-27,Inyo,027,18085,9,0,0,0,0
2020-03-27,Kern,029,883053,200,20,0,20,0
2020-03-27,Kings,031,150075,28,0,1,1,0
2020-03-27,Lake,033,64148,0,0,0,0,0
2020-03-27,Lassen,035,31185,3,0,1,1,0
2020-03-27,Los Angeles,037,10098052,4986,1474,10,1484,26
2020-03-27,Madera,039,155013,41,10,0,10,1
2020-03-27,Marin,041,260295,115,58,0,58,0
2020-03-27,Mariposa,043,17540,0,0,0,0,0
2020-03-27,Mendocino,045,87422,5,2,0,2,0
2020-03-27,Merced,047,269075,26,3,0,3,0
2020-03-27,Modoc,049,8938,0,0,0,0,0
2020-03-27,Mono,051,14174,24,6,0,6,0
2020-03-27,Monterey,053,433212,69,26,0,26,1
2020-03-27,Napa,055,140530,27,5,0,5,0
2020-03-27,Nevada,057,99092,32,6,1,7,0
2020-03-27,Orange,059,3164182,1121,299,13,312,2
2020-03-27,Placer,061,380077,109,33,0,33,1
2020-03-27,Plumas,063,18699,0,0,0,0,0
2020-03-27,Riverside,065,2383286,955,121,12,133,7
2020-03-27,Sacramento,067,1510023,505,163,0,163,6
2020-03-27,San Benito,069,59416,27,9,0,9,1
2020-03-27,San Bernardino,071,2135413,513,77,0,77,2
2020-03-27,San Diego,073,3302833,1323,419,0,419,5
2020-03-27,San Francisco,075,870044,621,285,0,285,2
2020-03-27,San Joaquin,077,732212,201,73,3,76,3
2020-03-27,San Luis Obispo,079,281455,115,46,0,46,0
2020-03-27,San Mateo,081,765935,646,213,2,215,7
2020-03-27,Santa Barbara,083,443738,180,37,1,38,0
2020-03-27,Santa Clara,085,1922200,1283,557,3,560,25
2020-03-27,Santa Cruz,087,273765,79,31,0,31,0
2020-03-27,Shasta,089,179085,17,3,0,3,1
2020-03-27,Sierra,091,2930,0,0,0,0,0
2020-03-27,Siskiyou,093,43540,4,2,0,2,0
2020-03-27,Solano,095,438530,93,48,0,48,0
2020-03-27,Sonoma,097,501317,133,35,0,35,1
2020-03-27,Stanislaus,099,539301,83,16,3,19,0
2020-03-27,Sutter,101,95872,16,2,0,2,0
2020-03-27,Tehama,103,63373,1,0,0,0,0
2020-03-27,Trinity,105,12862,0,0,0,0,0
2020-03-27,Tulare,107,460477,106,15,3,18,0
2020-03-27,Tuolumne,109,53932,2,1,0,1,0
2020-03-27,Ventura,111,848112,261,80,0,80,2
2020-03-27,Yolo,113,214977,51,13,0,13,1
2020-03-27,Yuba,115,75493,7,3,0,3,0
2020-03-26,Alameda,001,1643700,558,172,1,173,4
2020-03-26,Alpine,003,1148,1,0,0,0,0
2020-03-26,Amador,005,37829,4,1,0,1,0
2020-03-26,Butte,007,227075,12,4,0,4,0
2020-03-26,Calaveras,009,45235,6,2,0,2,0
2020-03-26,Colusa,011,21464,3,0,0,0,0
2020-03-26,Contra Costa,013,1133247,385,147,0,147,2
2020-03-26,Del Norte,015,27424,0,0,0,0,0
2020-03-26,El Dorado,017,186661,27,7,0,7,0
2020-03-26,Fresno,019,978130,172,25,2,27,0
2020-03-26,Glenn,021,27897,2,0,0,0,0
2020-03-26,Humboldt,023,135768,38,8,0,8,0
2020-03-26,Imperial,025,180216,65,8,0,8,0
2020-03-26,Inyo,027,18085,8,0,0,0,0
2020-03-26,Kern,029,883053,184,20,0,20,0
2020-03-26,Kings,031,150075,28,0,1,1,0
2020-03-26,Lake,033,64148,0,0,0,0,0
2020-03-26,Lassen,035,31185,3,0,1,1,0
2020-03-26,Los Angeles,037,10098052,4578,1075,10,1085,19
2020-03-26,Madera,039,155013,39,8,0,8,0
2020-03-26,Marin,041,260295,106,56,0,56,0
2020-03-26,Mariposa,043,17540,0,0,0,0,0
2020-03-26,Mendocino,045,87422,4,1,0,1,0
2020-03-26,Merced,047,269075,23,1,0,1,0
2020-03-26,Modoc,049,8938,0,0,0,0,0
2020-03-26,Mono,051,14174,23,5,0,5,0
2020-03-26,Monterey,053,433212,66,25,0,25,1
2020-03-26,Napa,055,140530,26,5,0,5,0
2020-03-26,Nevada,057,99092,32,7,1,8,0
2020-03-26,Orange,059,3164182,1059,279,11,290,1
2020-03-26,Placer,061,380077,106,34,0,34,1
2020-03-26,Plumas,063,18699,0,0,0,0,0
2020-03-26,Riverside,065,2383286,884,118,12,130,7
2020-03-26,Sacramento,067,1510023,472,147,0,147,5
2020-03-26,San Benito,069,59416,27,8,0,8,1
2020-03-26,San Bernardino,071,2135413,447,57,0,57,1
2020-03-26,San Diego,073,3302833,1256,299,0,299,2
2020-03-26,San Francisco,075,870044,594,261,0,261,1
2020-03-26,San Joaquin,077,732212,190,69,3,72,3
2020-03-26,San Luis Obispo,079,281455,110,38,0,38,0
2020-03-26,San Mateo,081,765935,612,122,2,124,5
2020-03-26,Santa Barbara,083,443738,167,33,1,34,0
2020-03-26,Santa Clara,085,1922200,1238,487,2,489,20
2020-03-26,Santa Cruz,087,273765,75,30,0,30,0
2020-03-26,Shasta,089,179085,17,3,0,3,1
2020-03-26,Sierra,091,2930,0,0,0,0,0
2020-03-26,Siskiyou,093,43540,4,2,0,2,0
2020-03-26,Solano,095,438530,85,41,0,41,0
2020-03-26,Sonoma,097,501317,128,33,0,33,1
2020-03-26,Stanislaus,099,539301,81,15,3,18,0
2020-03-26,Sutter,101,95872,12,2,0,2,0
2020-03-26,Tehama,103,63373,1,0,0,0,0
2020-03-26,Trinity,105,12862,0,0,0,0,0
2020-03-26,Tulare,107,460477,97,15,3,18,0
2020-03-26,Tuolumne,109,53932,2,0,0,0,0
2020-03-26,Ventura,111,848112,245,70,0,70,1
2020-03-26,Yolo,113,214977,47,13,0,13,1
2020-03-26,Yuba,115,75493,7,3,0,3,0
2020-03-25,Alameda,001,1643700,537,134,1,135,3
2020-03-25,Alpine,003,1148,1,0,0,0,0
2020-03-25,Amador,005,37829,4,1,0,1,0
2020-03-25,Butte,007,227075,12,4,0,4,0
2020-03-25,Calaveras,009,45235,6,2,0,2,0
2020-03-25,Colusa,011,21464,2,0,0,0,0
2020-03-25,Contra Costa,013,1133247,371,131,0,131,1
2020-03-25,Del Norte,015,27424,0,0,0,0,0
2020-03-25,El Dorado,017,186661,27,5,0,5,0
2020-03-25,Fresno,019,978130,152,21,2,23,0
2020-03-25,Glenn,021,27897,2,0,0,0,0
2020-03-25,Humboldt,023,135768,35,3,0,3,0
2020-03-25,Imperial,025,180216,57,8,0,8,0
2020-03-25,Inyo,027,18085,5,0,0,0,0
2020-03-25,Kern,029,883053,164,13,0,13,0
2020-03-25,Kings,031,150075,26,0,1,1,0
2020-03-25,Lake,033,64148,0,0,0,0,0
2020-03-25,Lassen,035,31185,3,0,1,1,0
2020-03-25,Los Angeles,037,10098052,4180,725,10,735,10
2020-03-25,Madera,039,155013,37,6,0,6,0
2020-03-25,Marin,041,260295,100,47,0,47,0
2020-03-25,Mariposa,043,17540,0,0,0,0,0
2020-03-25,Mendocino,045,87422,3,1,0,1,0
2020-03-25,Merced,047,269075,19,0,0,0,0
2020-03-25,Modoc,049,8938,0,0,0,0,0
2020-03-25,Mono,051,14174,22,4,0,4,0
2020-03-25,Monterey,053,433212,63,23,0,23,1
2020-03-25,Napa,055,140530,26,5,0,5,0
2020-03-25,Nevada,057,99092,31,5,1,6,0
2020-03-25,Orange,059,3164182,1001,214,9,223,1
2020-03-25,Placer,061,380077,100,30,0,30,1
2020-03-25,Plumas,063,18699,0,1,0,1,0
2020-03-25,Riverside,065,2383286,813,87,12,99,5
2020-03-25,Sacramento,067,1510023,446,114,0,114,5
2020-03-25,San Benito,069,59416,26,4,0,4,1
2020-03-25,San Bernardino,071,2135413,408,46,0,46,1
2020-03-25,San Diego,073,3302833,1194,238,0,238,2
2020-03-25,San Francisco,075,870044,553,212,0,212,1
2020-03-25,San Joaquin,077,732212,177,64,3,67,2
2020-03-25,San Luis Obispo,079,281455,105,35,0,35,0
2020-03-25,San Mateo,081,765935,577,111,2,113,5
2020-03-25,Santa Barbara,083,443738,157,25,1,26,0
2020-03-25,Santa Clara,085,1922200,1194,452,2,454,20
2020-03-25,Santa Cruz,087,273765,72,26,0,26,0
2020-03-25,Shasta,089,179085,16,3,0,3,1
2020-03-25,Sierra,091,2930,0,0,0,0,0
2020-03-25,Siskiyou,093,43540,4,2,0,2,0
2020-03-25,Solano,095,438530,80,39,0,39,0
2020-03-25,Sonoma,097,501317,123,31,0,31,1
2020-03-25,Stanislaus,099,539301,74,14,3,17,0
2020-03-25,Sutter,101,95872,9,1,0,1,0
2020-03-25,Tehama,103,63373,1,0,0,0,0
2020-03-25,Trinity,105,12862,0,0,0,0,0
2020-03-25,Tulare,107,460477,87,11,3,14,0
2020-03-25,Tuolumne,109,53932,2,0,0,0,0
2020-03-25,Ventura,111,848112,229,53,0,53,1
2020-03-25,Yolo,113,214977,45,9,0,9,1
2020-03-25,Yuba,115,75493,7,2,0,2,0
2020-03-24,Alameda,001,1643700,504,96,1,97,2
2020-03-24,Alpine,003,1148,1,0,0,0,0
2020-03-24,Amador,005,37829,2,1,0,1,0
2020-03-24,Butte,007,227075,11,3,0,3,0
2020-03-24,Calaveras,009,45235,5,2,0,2,0
2020-03-24,Colusa,011,21464,2,0,0,0,0
2020-03-24,Contra Costa,013,1133247,358,108,0,108,1
2020-03-24,Del Norte,015,27424,0,0,0,0,0
2020-03-24,El Dorado,017,186661,27,3,0,3,0
2020-03-24,Fresno,019,978130,133,18,2,20,0
2020-03-24,Glenn,021,27897,2,0,0,0,0
2020-03-24,Humboldt,023,135768,33,2,0,2,0
2020-03-24,Imperial,025,180216,54,3,0,3,0
2020-03-24,Inyo,027,18085,5,0,0,0,0
2020-03-24,Kern,029,883053,144,5,0,5,0
2020-03-24,Kings,031,150075,25,0,1,1,0
2020-03-24,Lake,033,64148,0,0,0,0,0
2020-03-24,Lassen,035,31185,3,0,1,1,0
2020-03-24,Los Angeles,037,10098052,3727,633,10,643,7
2020-03-24,Madera,039,155013,36,6,0,6,0
2020-03-24,Marin,041,260295,89,44,0,44,0
2020-03-24,Mariposa,043,17540,0,0,0,0,0
2020-03-24,Mendocino,045,87422,3,1,0,1,0
2020-03-24,Merced,047,269075,17,0,0,0,0
2020-03-24,Modoc,049,8938,0,0,0,0,0
2020-03-24,Mono,051,14174,21,1,0,1,0
2020-03-24,Monterey,053,433212,59,23,0,23,1
2020-03-24,Napa,055,140530,23,2,0,2,0
2020-03-24,Nevada,057,99092,30,4,1,5,0
2020-03-24,Orange,059,3164182,939,166,9,175,0
2020-03-24,Placer,061,380077,93,22,0,22,1
2020-03-24,Plumas,063,18699,0,1,0,1,0
2020-03-24,Riverside,065,2383286,746,56,12,68,5
2020-03-24,Sacramento,067,1510023,426,93,0,93,4
2020-03-24,San Benito,069,59416,25,4,0,4,1
2020-03-24,San Bernardino,071,2135413,364,27,0,27,0
2020-03-24,San Diego,073,3302833,1127,231,0,231,2
2020-03-24,San Francisco,075,870044,521,181,0,181,1
2020-03-24,San Joaquin,077,732212,166,52,3,55,2
2020-03-24,San Luis Obispo,079,281455,102,32,0,32,0
2020-03-24,San Mateo,081,765935,536,100,2,102,2
2020-03-24,Santa Barbara,083,443738,151,20,1,21,0
2020-03-24,Santa Clara,085,1922200,1125,389,2,391,17
2020-03-24,Santa Cruz,087,273765,67,22,0,22,0
2020-03-24,Shasta,089,179085,15,3,0,3,0
2020-03-24,Sierra,091,2930,0,0,0,0,0
2020-03-24,Siskiyou,093,43540,4,2,0,2,0
2020-03-24,Solano,095,438530,78,34,0,34,0
2020-03-24,Sonoma,097,501317,116,27,0,27,1
2020-03-24,Stanislaus,099,539301,65,13,3,16,0
2020-03-24,Sutter,101,95872,9,0,0,0,0
2020-03-24,Tehama,103,63373,1,0,0,0,0
2020-03-24,Trinity,105,12862,0,0,0,0,0
2020-03-24,Tulare,107,460477,77,10,3,13,0
2020-03-24,Tuolumne,109,53932,2,0,0,0,0
2020-03-24,Ventura,111,848112,213,44,0,44,1
2020-03-24,Yolo,113,214977,41,8,0,8,0
2020-03-24,Yuba,115,75493,7,2,0,2,0
2020-03-23,Alameda,001,1643700,473,88,1,89,1
2020-03-23,Alpine,003,1148,1,0,0,0,0
2020-03-23,Amador,005,37829,2,1,0,1,0
2020-03-23,Butte,007,227075,11,2,0,2,0
2020-03-23,Calaveras,009,45235,5,2,0,2,0
2020-03-23,Colusa,011,21464,1,0,0,0,0
2020-03-23,Contra Costa,013,1133247,338,91,0,91,2
2020-03-23,Del Norte,015,27424,0,0,0,0,0
2020-03-23,El Dorado,017,186661,26,3,0,3,0
2020-03-23,Fresno,019,978130,123,10,2,12,0
2020-03-23,Glenn,021,27897,2,0,0,0,0
2020-03-23,Humboldt,023,135768,31,2,0,2,0
2020-03-23,Imperial,025,180216,50,2,0,2,0
2020-03-23,Inyo,027,18085,3,0,0,0,0
2020-03-23,Kern,029,883053,130,5,0,5,0
2020-03-23,Kings,031,150075,25,0,1,1,0
2020-03-23,Lake,033,64148,0,0,0,0,0
2020-03-23,Lassen,035,31185,3,0,1,1,0
2020-03-23,Los Angeles,037,10098052,3417,389,10,399,4
2020-03-23,Madera,039,155013,36,4,0,4,0
2020-03-23,Marin,041,260295,84,30,0,30,0
2020-03-23,Mariposa,043,17540,0,0,0,0,0
2020-03-23,Mendocino,045,87422,3,1,0,1,0
2020-03-23,Merced,047,269075,11,0,0,0,0
2020-03-23,Modoc,049,8938,0,0,0,0,0
2020-03-23,Mono,051,14174,19,1,0,1,0
2020-03-23,Monterey,053,433212,54,14,0,14,1
2020-03-23,Napa,055,140530,21,1,0,1,0
2020-03-23,Nevada,057,99092,27,2,1,3,0
2020-03-23,Orange,059,3164182,884,138,7,145,0
2020-03-23,Placer,061,380077,90,19,0,19,1
2020-03-23,Plumas,063,18699,0,0,0,0,0
2020-03-23,Riverside,065,2383286,703,39,12,51,5
2020-03-23,Sacramento,067,1510023,393,87,0,87,4
2020-03-23,San Benito,069,59416,24,4,0,4,1
2020-03-23,San Bernardino,071,2135413,334,17,0,17,0
2020-03-23,San Diego,073,3302833,1068,178,0,178,1
2020-03-23,San Francisco,075,870044,492,152,0,152,0
2020-03-23,San Joaquin,077,732212,154,37,3,40,2
2020-03-23,San Luis Obispo,079,281455,96,23,0,23,0
2020-03-23,San Mateo,081,765935,497,88,2,90,1
2020-03-23,Santa Barbara,083,443738,133,18,1,19,0
2020-03-23,Santa Clara,085,1922200,1076,336,2,338,13
2020-03-23,Santa Cruz,087,273765,65,21,0,21,0
2020-03-23,Shasta,089,179085,13,2,0,2,0
2020-03-23,Sierra,091,2930,0,0,0,0,0
2020-03-23,Siskiyou,093,43540,4,2,0,2,0
2020-03-23,Solano,095,438530,74,33,0,33,0
2020-03-23,Sonoma,097,501317,104,19,0,19,1
2020-03-23,Stanislaus,099,539301,57,10,3,13,0
2020-03-23,Sutter,101,95872,9,0,0,0,0
2020-03-23,Tehama,103,63373,1,0,0,0,0
2020-03-23,Trinity,105,12862,0,0,0,0,0
2020-03-23,Tulare,107,460477,68,9,3,12,0
2020-03-23,Tuolumne,109,53932,2,0,0,0,0
2020-03-23,Ventura,111,848112,196,30,0,30,0
2020-03-23,Yolo,113,214977,40,8,0,8,0
2020-03-23,Yuba,115,75493,7,2,0,2,0
2020-03-22,Alameda,001,1643700,434,72,1,73,1
2020-03-22,Alpine,003,1148,1,0,0,0,0
2020-03-22,Amador,005,37829,2,1,0,1,0
2020-03-22,Butte,007,227075,8,1,0,1,0
2020-03-22,Calaveras,009,45235,4,2,0,2,0
2020-03-22,Colusa,011,21464,1,0,0,0,0
2020-03-22,Contra Costa,013,1133247,311,79,0,79,1
2020-03-22,Del Norte,015,27424,0,0,0,0,0
2020-03-22,El Dorado,017,186661,24,1,0,1,0
2020-03-22,Fresno,019,978130,103,8,2,10,0
2020-03-22,Glenn,021,27897,2,0,0,0,0
2020-03-22,Humboldt,023,135768,28,1,0,1,0
2020-03-22,Imperial,025,180216,48,2,0,2,0
2020-03-22,Inyo,027,18085,1,0,0,0,0
2020-03-22,Kern,029,883053,114,3,0,3,0
2020-03-22,Kings,031,150075,22,0,1,1,0
2020-03-22,Lake,033,64148,0,0,0,0,0
2020-03-22,Lassen,035,31185,3,0,1,1,0
2020-03-22,Los Angeles,037,10098052,3091,384,10,394,3
2020-03-22,Madera,039,155013,33,4,0,4,0
2020-03-22,Marin,041,260295,74,30,0,30,0
2020-03-22,Mariposa,043,17540,0,0,0,0,0
2020-03-22,Mendocino,045,87422,3,1,0,1,0
2020-03-22,Merced,047,269075,7,0,0,0,0
2020-03-22,Modoc,049,8938,0,0,0,0,0
2020-03-22,Mono,051,14174,14,1,0,1,0
2020-03-22,Monterey,053,433212,51,14,0,14,1
2020-03-22,Napa,055,140530,17,1,0,1,0
2020-03-22,Nevada,057,99092,23,2,1,3,0
2020-03-22,Orange,059,3164182,811,102,4,106,0
2020-03-22,Placer,061,380077,88,18,0,18,1
2020-03-22,Plumas,063,18699,0,0,0,0,0
2020-03-22,Riverside,065,2383286,613,26,8,34,5
2020-03-22,Sacramento,067,1510023,361,82,0,82,4
2020-03-22,San Benito,069,59416,19,4,0,4,1
2020-03-22,San Bernardino,071,2135413,290,16,0,16,0
2020-03-22,San Diego,073,3302833,980,161,0,161,0
2020-03-22,San Francisco,075,870044,455,134,0,134,0
2020-03-22,San Joaquin,077,732212,140,30,3,33,2
2020-03-22,San Luis Obispo,079,281455,89,19,0,19,0
2020-03-22,San Mateo,081,765935,464,82,2,84,1
2020-03-22,Santa Barbara,083,443738,119,16,1,17,0
2020-03-22,Santa Clara,085,1922200,1012,284,2,286,13
2020-03-22,Santa Cruz,087,273765,64,19,0,19,0
2020-03-22,Shasta,089,179085,13,1,0,1,0
2020-03-22,Sierra,091,2930,0,0,0,0,0
2020-03-22,Siskiyou,093,43540,4,2,0,2,0
2020-03-22,Solano,095,438530,65,30,0,30,0
2020-03-22,Sonoma,097,501317,99,18,0,18,1
2020-03-22,Stanislaus,099,539301,51,8,3,11,0
2020-03-22,Sutter,101,95872,8,0,0,0,0
2020-03-22,Tehama,103,63373,0,0,0,0,0
2020-03-22,Trinity,105,12862,0,0,0,0,0
2020-03-22,Tulare,107,460477,62,5,3,8,0
2020-03-22,Tuolumne,109,53932,2,0,0,0,0
2020-03-22,Ventura,111,848112,174,26,0,26,0
2020-03-22,Yolo,113,214977,34,6,0,6,0
2020-03-22,Yuba,115,75493,7,2,0,2,0
2020-03-21,Alameda,001,1643700,410,62,1,63,0
2020-03-21,Alpine,003,1148,1,0,0,0,0
2020-03-21,Amador,005,37829,2,1,0,1,0
2020-03-21,Butte,007,227075,7,1,0,1,0
2020-03-21,Calaveras,009,45235,4,2,0,2,0
2020-03-21,Colusa,011,21464,1,0,0,0,0
2020-03-21,Contra Costa,013,1133247,300,62,0,62,1
2020-03-21,Del Norte,015,27424,0,0,0,0,0
2020-03-21,El Dorado,017,186661,21,1,0,1,0
2020-03-21,Fresno,019,978130,99,8,2,10,0
2020-03-21,Glenn,021,27897,2,0,0,0,0
2020-03-21,Humboldt,023,135768,25,1,0,1,0
2020-03-21,Imperial,025,180216,44,2,0,2,0
2020-03-21,Inyo,027,18085,1,0,0,0,0
2020-03-21,Kern,029,883053,108,3,0,3,0
2020-03-21,Kings,031,150075,22,0,1,1,0
2020-03-21,Lake,033,64148,0,0,0,0,0
2020-03-21,Lassen,035,31185,3,0,1,1,0
2020-03-21,Los Angeles,037,10098052,2818,322,10,332,2
2020-03-21,Madera,039,155013,33,4,0,4,0
2020-03-21,Marin,041,260295,69,30,0,30,0
2020-03-21,Mariposa,043,17540,0,0,0,0,0
2020-03-21,Mendocino,045,87422,3,1,0,1,0
2020-03-21,Merced,047,269075,6,0,0,0,0
2020-03-21,Modoc,049,8938,0,0,0,0,0
2020-03-21,Mono,051,14174,14,1,0,1,0
2020-03-21,Monterey,053,433212,48,8,0,8,1
2020-03-21,Napa,055,140530,17,0,0,0,0
2020-03-21,Nevada,057,99092,23,2,1,3,0
2020-03-21,Orange,059,3164182,762,85,4,89,0
2020-03-21,Placer,061,380077,78,11,0,11,1
2020-03-21,Plumas,063,18699,0,0,0,0,0
2020-03-21,Riverside,065,2383286,566,20,8,28,3
2020-03-21,Sacramento,067,1510023,334,66,0,66,3
2020-03-21,San Benito,069,59416,17,4,0,4,1
2020-03-21,San Bernardino,071,2135413,270,13,0,13,0
2020-03-21,San Diego,073,3302833,903,121,0,121,0
2020-03-21,San Francisco,075,870044,419,106,0,106,0
2020-03-21,San Joaquin,077,732212,131,26,3,29,2
2020-03-21,San Luis Obispo,079,281455,84,16,0,16,0
2020-03-21,San Mateo,081,765935,426,78,2,80,1
2020-03-21,Santa Barbara,083,443738,109,8,1,9,0
2020-03-21,Santa Clara,085,1922200,950,269,2,271,10
2020-03-21,Santa Cruz,087,273765,62,17,0,17,0
2020-03-21,Shasta,089,179085,12,1,0,1,0
2020-03-21,Sierra,091,2930,0,0,0,0,0
2020-03-21,Siskiyou,093,43540,4,0,0,0,0
2020-03-21,Solano,095,438530,63,30,0,30,0
2020-03-21,Sonoma,097,501317,98,15,0,15,1
2020-03-21,Stanislaus,099,539301,45,7,3,10,0
2020-03-21,Sutter,101,95872,7,0,0,0,0
2020-03-21,Tehama,103,63373,0,0,0,0,0
2020-03-21,Trinity,105,12862,0,0,0,0,0
2020-03-21,Tulare,107,460477,54,5,3,8,0
2020-03-21,Tuolumne,109,53932,2,0,0,0,0
2020-03-21,Ventura,111,848112,166,22,0,22,0
2020-03-21,Yolo,113,214977,34,6,0,6,0
2020-03-21,Yuba,115,75493,7,1,0,1,0
2020-03-20,Alameda,001,1643700,389,42,1,43,0
2020-03-20,Alpine,003,1148,1,0,0,0,0
2020-03-20,Amador,005,37829,1,0,0,0,0
2020-03-20,Butte,007,227075,7,0,0,0,0
2020-03-20,Calaveras,009,45235,4,2,0,2,0
2020-03-20,Colusa,011,21464,1,0,0,0,0
2020-03-20,Contra Costa,013,1133247,270,52,0,52,1
2020-03-20,Del Norte,015,27424,0,0,0,0,0
2020-03-20,El Dorado,017,186661,20,1,0,1,0
2020-03-20,Fresno,019,978130,96,7,2,9,0
2020-03-20,Glenn,021,27897,1,0,0,0,0
2020-03-20,Humboldt,023,135768,25,1,0,1,0
2020-03-20,Imperial,025,180216,43,2,0,2,0
2020-03-20,Inyo,027,18085,0,0,0,0,0
2020-03-20,Kern,029,883053,93,3,0,3,0
2020-03-20,Kings,031,150075,21,0,1,1,0
2020-03-20,Lake,033,64148,0,0,0,0,0
2020-03-20,Lassen,035,31185,3,0,1,1,0
2020-03-20,Los Angeles,037,10098052,2589,267,9,276,1
2020-03-20,Madera,039,155013,32,4,0,4,0
2020-03-20,Marin,041,260295,66,30,0,30,0
2020-03-20,Mariposa,043,17540,0,0,0,0,0
2020-03-20,Mendocino,045,87422,3,1,0,1,0
2020-03-20,Merced,047,269075,6,0,0,0,0
2020-03-20,Modoc,049,8938,0,0,0,0,0
2020-03-20,Mono,051,14174,14,0,0,0,0
2020-03-20,Monterey,053,433212,47,4,0,4,0
2020-03-20,Napa,055,140530,16,0,0,0,0
2020-03-20,Nevada,057,99092,20,2,1,3,0
2020-03-20,Orange,059,3164182,715,71,4,75,2
2020-03-20,Placer,061,380077,72,9,0,9,1
2020-03-20,Plumas,063,18699,0,0,0,0,0
2020-03-20,Riverside,065,2383286,507,19,8,27,3
2020-03-20,Sacramento,067,1510023,313,56,0,56,4
2020-03-20,San Benito,069,59416,17,4,0,4,1
2020-03-20,San Bernardino,071,2135413,243,9,0,9,0
2020-03-20,San Diego,073,3302833,851,98,0,98,0
2020-03-20,San Francisco,075,870044,387,87,0,87,0
2020-03-20,San Joaquin,077,732212,116,18,3,21,2
2020-03-20,San Luis Obispo,079,281455,80,11,0,11,0
2020-03-20,San Mateo,081,765935,396,71,2,73,1
2020-03-20,Santa Barbara,083,443738,97,7,1,8,0
2020-03-20,Santa Clara,085,1922200,914,246,2,248,8
2020-03-20,Santa Cruz,087,273765,60,13,0,13,0
2020-03-20,Shasta,089,179085,11,1,0,1,0
2020-03-20,Sierra,091,2930,0,0,0,0,0
2020-03-20,Siskiyou,093,43540,4,0,0,0,0
2020-03-20,Solano,095,438530,59,29,0,29,0
2020-03-20,Sonoma,097,501317,90,7,0,7,0
2020-03-20,Stanislaus,099,539301,39,7,3,10,0
2020-03-20,Sutter,101,95872,7,0,0,0,0
2020-03-20,Tehama,103,63373,0,0,0,0,0
2020-03-20,Trinity,105,12862,0,0,0,0,0
2020-03-20,Tulare,107,460477,50,4,3,7,0
2020-03-20,Tuolumne,109,53932,2,0,0,0,0
2020-03-20,Ventura,111,848112,156,18,0,18,0
2020-03-20,Yolo,113,214977,32,5,0,5,0
2020-03-20,Yuba,115,75493,6,0,0,0,0
2020-03-19,Alameda,001,1643700,353,36,1,37,0
2020-03-19,Alpine,003,1148,1,0,0,0,0
2020-03-19,Amador,005,37829,1,0,0,0,0
2020-03-19,Butte,007,227075,5,0,0,0,0
2020-03-19,Calaveras,009,45235,4,2,0,2,0
2020-03-19,Colusa,011,21464,0,0,0,0,0
2020-03-19,Contra Costa,013,1133247,254,46,0,46,0
2020-03-19,Del Norte,015,27424,0,0,0,0,0
2020-03-19,El Dorado,017,186661,18,0,0,0,0
2020-03-19,Fresno,019,978130,87,6,2,8,0
2020-03-19,Glenn,021,27897,1,0,0,0,0
2020-03-19,Humboldt,023,135768,23,1,0,1,0
2020-03-19,Imperial,025,180216,36,2,0,2,0
2020-03-19,Inyo,027,18085,0,0,0,0,0
2020-03-19,Kern,029,883053,81,3,0,3,0
2020-03-19,Kings,031,150075,17,0,1,1,0
2020-03-19,Lake,033,64148,0,0,0,0,0
2020-03-19,Lassen,035,31185,2,0,1,1,0
2020-03-19,Los Angeles,037,10098052,2300,233,9,242,0
2020-03-19,Madera,039,155013,31,3,0,3,0
2020-03-19,Marin,041,260295,63,19,0,19,0
2020-03-19,Mariposa,043,17540,0,0,0,0,0
2020-03-19,Mendocino,045,87422,2,1,0,1,0
2020-03-19,Merced,047,269075,5,0,0,0,0
2020-03-19,Modoc,049,8938,0,0,0,0,0
2020-03-19,Mono,051,14174,12,0,0,0,0
2020-03-19,Monterey,053,433212,39,3,0,3,0
2020-03-19,Napa,055,140530,14,0,0,0,0
2020-03-19,Nevada,057,99092,18,2,1,3,0
2020-03-19,Orange,059,3164182,634,59,4,63,0
2020-03-19,Placer,061,380077,64,8,0,8,1
2020-03-19,Plumas,063,18699,0,0,0,0,0
2020-03-19,Riverside,065,2383286,396,14,6,20,3
2020-03-19,Sacramento,067,1510023,280,52,0,52,3
2020-03-19,San Benito,069,59416,14,3,0,3,0
2020-03-19,San Bernardino,071,2135413,213,7,0,7,0
2020-03-19,San Diego,073,3302833,768,68,0,68,0
2020-03-19,San Francisco,075,870044,351,80,0,80,0
2020-03-19,San Joaquin,077,732212,102,15,3,18,2
2020-03-19,San Luis Obispo,079,281455,77,6,0,6,0
2020-03-19,San Mateo,081,765935,361,58,2,60,1
2020-03-19,Santa Barbara,083,443738,85,5,0,5,0
2020-03-19,Santa Clara,085,1922200,847,183,2,185,8
2020-03-19,Santa Cruz,087,273765,57,13,0,13,0
2020-03-19,Shasta,089,179085,10,1,0,1,0
2020-03-19,Sierra,091,2930,0,0,0,0,0
2020-03-19,Siskiyou,093,43540,3,0,0,0,0
2020-03-19,Solano,095,438530,55,26,0,26,0
2020-03-19,Sonoma,097,501317,87,8,0,8,0
2020-03-19,Stanislaus,099,539301,38,7,3,10,0
2020-03-19,Sutter,101,95872,7,0,0,0,0
2020-03-19,Tehama,103,63373,0,0,0,0,0
2020-03-19,Trinity,105,12862,0,0,0,0,0
2020-03-19,Tulare,107,460477,44,3,3,6,0
2020-03-19,Tuolumne,109,53932,2,0,0,0,0
2020-03-19,Ventura,111,848112,134,15,0,15,0
2020-03-19,Yolo,113,214977,28,5,0,5,0
2020-03-19,Yuba,115,75493,5,0,0,0,0
2020-03-18,Alameda,001,1643700,325,29,1,30,0
2020-03-18,Alpine,003,1148,1,0,0,0,0
2020-03-18,Amador,005,37829,1,0,0,0,0
2020-03-18,Butte,007,227075,4,0,0,0,0
2020-03-18,Calaveras,009,45235,4,2,0,2,0
2020-03-18,Colusa,011,21464,0,0,0,0,0
2020-03-18,Contra Costa,013,1133247,232,44,0,44,0
2020-03-18,Del Norte,015,27424,0,0,0,0,0
2020-03-18,El Dorado,017,186661,17,0,0,0,0
2020-03-18,Fresno,019,978130,78,3,1,4,0
2020-03-18,Glenn,021,27897,1,0,0,0,0
2020-03-18,Humboldt,023,135768,19,1,0,1,0
2020-03-18,Imperial,025,180216,30,2,0,2,0
2020-03-18,Inyo,027,18085,0,0,0,0,0
2020-03-18,Kern,029,883053,66,1,0,1,0
2020-03-18,Kings,031,150075,15,0,1,1,0
2020-03-18,Lake,033,64148,0,0,0,0,0
2020-03-18,Lassen,035,31185,1,0,1,1,0
2020-03-18,Los Angeles,037,10098052,2055,47,9,56,0
2020-03-18,Madera,039,155013,30,2,0,2,0
2020-03-18,Marin,041,260295,58,10,0,10,0
2020-03-18,Mariposa,043,17540,0,0,0,0,0
2020-03-18,Mendocino,045,87422,2,0,0,0,0
2020-03-18,Merced,047,269075,5,0,0,0,0
2020-03-18,Modoc,049,8938,0,0,0,0,0
2020-03-18,Mono,051,14174,11,0,0,0,0
2020-03-18,Monterey,053,433212,31,1,0,1,0
2020-03-18,Napa,055,140530,11,0,0,0,0
2020-03-18,Nevada,057,99092,16,2,1,3,0
2020-03-18,Orange,059,3164182,576,38,4,42,0
2020-03-18,Placer,061,380077,57,8,0,8,1
2020-03-18,Plumas,063,18699,0,0,0,0,0
2020-03-18,Riverside,065,2383286,333,11,5,16,2
2020-03-18,Sacramento,067,1510023,257,46,0,46,3
2020-03-18,San Benito,069,59416,13,3,0,3,0
2020-03-18,San Bernardino,071,2135413,191,3,0,3,0
2020-03-18,San Diego,073,3302833,683,40,0,40,0
2020-03-18,San Francisco,075,870044,332,65,0,65,0
2020-03-18,San Joaquin,077,732212,90,14,3,17,2
2020-03-18,San Luis Obispo,079,281455,70,5,0,5,0
2020-03-18,San Mateo,081,765935,340,57,2,59,1
2020-03-18,Santa Barbara,083,443738,77,2,0,2,0
2020-03-18,Santa Clara,085,1922200,796,151,2,153,6
2020-03-18,Santa Cruz,087,273765,55,11,0,11,0
2020-03-18,Shasta,089,179085,9,1,0,1,0
2020-03-18,Sierra,091,2930,0,0,0,0,0
2020-03-18,Siskiyou,093,43540,3,0,0,0,0
2020-03-18,Solano,095,438530,51,26,0,26,0
2020-03-18,Sonoma,097,501317,78,6,0,6,0
2020-03-18,Stanislaus,099,539301,34,5,2,7,0
2020-03-18,Sutter,101,95872,5,0,0,0,0
2020-03-18,Tehama,103,63373,0,0,0,0,0
2020-03-18,Trinity,105,12862,0,0,0,0,0
2020-03-18,Tulare,107,460477,34,3,3,6,0
2020-03-18,Tuolumne,109,53932,2,0,0,0,0
2020-03-18,Ventura,111,848112,115,11,0,11,0
2020-03-18,Yolo,113,214977,25,4,0,4,0
2020-03-18,Yuba,115,75493,4,0,0,0,0
2020-03-17,Alameda,001,1643700,293,19,0,19,0
2020-03-17,Alpine,003,1148,0,0,0,0,0
2020-03-17,Amador,005,37829,1,0,0,0,0
2020-03-17,Butte,007,227075,4,0,0,0,0
2020-03-17,Calaveras,009,45235,4,2,0,2,0
2020-03-17,Colusa,011,21464,0,0,0,0,0
2020-03-17,Contra Costa,013,1133247,210,37,0,37,0
2020-03-17,Del Norte,015,27424,0,0,0,0,0
2020-03-17,El Dorado,017,186661,16,0,0,0,0
2020-03-17,Fresno,019,978130,68,2,1,3,0
2020-03-17,Glenn,021,27897,1,0,0,0,0
2020-03-17,Humboldt,023,135768,17,1,0,1,0
2020-03-17,Imperial,025,180216,24,2,0,2,0
2020-03-17,Inyo,027,18085,0,0,0,0,0
2020-03-17,Kern,029,883053,52,0,0,0,0
2020-03-17,Kings,031,150075,12,0,1,1,0
2020-03-17,Lake,033,64148,0,0,0,0,0
2020-03-17,Lassen,035,31185,1,0,1,1,0
2020-03-17,Los Angeles,037,10098052,1850,41,9,50,0
2020-03-17,Madera,039,155013,22,2,0,2,0
2020-03-17,Marin,041,260295,51,4,0,4,0
2020-03-17,Mariposa,043,17540,0,0,0,0,0
2020-03-17,Mendocino,045,87422,2,0,0,0,0
2020-03-17,Merced,047,269075,5,0,0,0,0
2020-03-17,Modoc,049,8938,0,0,0,0,0
2020-03-17,Mono,051,14174,9,0,0,0,0
2020-03-17,Monterey,053,433212,29,0,0,0,0
2020-03-17,Napa,055,140530,8,0,0,0,0
2020-03-17,Nevada,057,99092,15,1,1,2,0
2020-03-17,Orange,059,3164182,498,24,3,27,0
2020-03-17,Placer,061,380077,47,7,0,7,1
2020-03-17,Plumas,063,18699,0,0,0,0,0
2020-03-17,Riverside,065,2383286,271,11,5,16,0
2020-03-17,Sacramento,067,1510023,237,36,0,36,1
2020-03-17,San Benito,069,59416,12,2,0,2,0
2020-03-17,San Bernardino,071,2135413,163,2,0,2,0
2020-03-17,San Diego,073,3302833,616,17,0,17,0
2020-03-17,San Francisco,075,870044,305,46,0,46,0
2020-03-17,San Joaquin,077,732212,84,11,3,14,0
2020-03-17,San Luis Obispo,079,281455,62,1,0,1,0
2020-03-17,San Mateo,081,765935,308,46,2,48,1
2020-03-17,Santa Barbara,083,443738,65,0,0,0,0
2020-03-17,Santa Clara,085,1922200,738,121,2,123,4
2020-03-17,Santa Cruz,087,273765,52,10,0,10,0
2020-03-17,Shasta,089,179085,5,1,0,1,0
2020-03-17,Sierra,091,2930,0,0,0,0,0
2020-03-17,Siskiyou,093,43540,3,0,0,0,0
2020-03-17,Solano,095,438530,48,27,0,27,0
2020-03-17,Sonoma,097,501317,70,4,0,4,0
2020-03-17,Stanislaus,099,539301,31,4,2,6,0
2020-03-17,Sutter,101,95872,5,0,0,0,0
2020-03-17,Tehama,103,63373,0,0,0,0,0
2020-03-17,Trinity,105,12862,0,0,0,0,0
2020-03-17,Tulare,107,460477,29,2,3,5,0
2020-03-17,Tuolumne,109,53932,2,0,0,0,0
2020-03-17,Ventura,111,848112,98,7,0,7,0
2020-03-17,Yolo,113,214977,21,2,0,2,0
2020-03-17,Yuba,115,75493,4,0,0,0,0
2020-03-16,Alameda,001,1643700,264,17,0,17,0
2020-03-16,Alpine,003,1148,0,0,0,0,0
2020-03-16,Amador,005,37829,1,0,0,0,0
2020-03-16,Butte,007,227075,3,0,0,0,0
2020-03-16,Calaveras,009,45235,4,2,0,2,0
2020-03-16,Colusa,011,21464,0,0,0,0,0
2020-03-16,Contra Costa,013,1133247,186,36,0,36,0
2020-03-16,Del Norte,015,27424,0,0,0,0,0
2020-03-16,El Dorado,017,186661,15,0,0,0,0
2020-03-16,Fresno,019,978130,53,2,1,3,0
2020-03-16,Glenn,021,27897,0,0,0,0,0
2020-03-16,Humboldt,023,135768,13,1,0,1,0
2020-03-16,Imperial,025,180216,19,2,0,2,0
2020-03-16,Inyo,027,18085,0,0,0,0,0
2020-03-16,Kern,029,883053,43,0,0,0,0
2020-03-16,Kings,031,150075,11,0,1,1,0
2020-03-16,Lake,033,64148,0,0,0,0,0
2020-03-16,Lassen,035,31185,1,0,0,0,0
2020-03-16,Los Angeles,037,10098052,1612,43,9,52,0
2020-03-16,Madera,039,155013,21,2,0,2,0
2020-03-16,Marin,041,260295,48,4,0,4,0
2020-03-16,Mariposa,043,17540,0,0,0,0,0
2020-03-16,Mendocino,045,87422,2,0,0,0,0
2020-03-16,Merced,047,269075,5,0,0,0,0
2020-03-16,Modoc,049,8938,0,0,0,0,0
2020-03-16,Mono,051,14174,7,0,0,0,0
2020-03-16,Monterey,053,433212,28,0,0,0,0
2020-03-16,Napa,055,140530,7,0,0,0,0
2020-03-16,Nevada,057,99092,11,1,1,2,0
2020-03-16,Orange,059,3164182,415,18,3,21,0
2020-03-16,Placer,061,380077,39,7,0,7,1
2020-03-16,Plumas,063,18699,0,0,0,0,0
2020-03-16,Riverside,065,2383286,235,10,5,15,0
2020-03-16,Sacramento,067,1510023,210,34,0,34,1
2020-03-16,San Benito,069,59416,8,2,0,2,0
2020-03-16,San Bernardino,071,2135413,143,1,0,1,0
2020-03-16,San Diego,073,3302833,525,17,0,17,0
2020-03-16,San Francisco,075,870044,267,40,0,40,0
2020-03-16,San Joaquin,077,732212,74,9,3,12,0
2020-03-16,San Luis Obispo,079,281455,55,1,0,1,0
2020-03-16,San Mateo,081,765935,269,42,2,44,1
2020-03-16,Santa Barbara,083,443738,55,0,0,0,0
2020-03-16,Santa Clara,085,1922200,658,115,1,116,2
2020-03-16,Santa Cruz,087,273765,45,9,0,9,0
2020-03-16,Shasta,089,179085,5,1,0,1,0
2020-03-16,Sierra,091,2930,0,0,0,0,0
2020-03-16,Siskiyou,093,43540,2,0,0,0,0
2020-03-16,Solano,095,438530,43,27,0,27,0
2020-03-16,Sonoma,097,501317,62,4,0,4,0
2020-03-16,Stanislaus,099,539301,27,2,2,4,0
2020-03-16,Sutter,101,95872,3,0,0,0,0
2020-03-16,Tehama,103,63373,0,0,0,0,0
2020-03-16,Trinity,105,12862,0,0,0,0,0
2020-03-16,Tulare,107,460477,25,2,3,5,0
2020-03-16,Tuolumne,109,53932,2,0,0,0,0
2020-03-16,Ventura,111,848112,88,7,0,7,0
2020-03-16,Yolo,113,214977,19,2,0,2,0
2020-03-16,Yuba,115,75493,3,0,0,0,0
2020-03-15,Alameda,001,1643700,216,17,0,17,0
2020-03-15,Alpine,003,1148,0,0,0,0,0
2020-03-15,Amador,005,37829,1,0,0,0,0
2020-03-15,Butte,007,227075,3,0,0,0,0
2020-03-15,Calaveras,009,45235,2,2,0,2,0
2020-03-15,Colusa,011,21464,0,0,0,0,0
2020-03-15,Contra Costa,013,1133247,161,34,0,34,0
2020-03-15,Del Norte,015,27424,0,0,0,0,0
2020-03-15,El Dorado,017,186661,14,0,0,0,0
2020-03-15,Fresno,019,978130,33,1,1,2,0
2020-03-15,Glenn,021,27897,0,0,0,0,0
2020-03-15,Humboldt,023,135768,11,1,0,1,0
2020-03-15,Imperial,025,180216,14,2,0,2,0
2020-03-15,Inyo,027,18085,0,0,0,0,0
2020-03-15,Kern,029,883053,37,0,0,0,0
2020-03-15,Kings,031,150075,11,0,1,1,0
2020-03-15,Lake,033,64148,0,0,0,0,0
2020-03-15,Lassen,035,31185,1,0,0,0,0
2020-03-15,Los Angeles,037,10098052,1365,41,9,50,0
2020-03-15,Madera,039,155013,20,2,0,2,0
2020-03-15,Marin,041,260295,41,3,0,3,0
2020-03-15,Mariposa,043,17540,0,0,0,0,0
2020-03-15,Mendocino,045,87422,2,0,0,0,0
2020-03-15,Merced,047,269075,3,0,0,0,0
2020-03-15,Modoc,049,8938,0,0,0,0,0
2020-03-15,Mono,051,14174,6,0,0,0,0
2020-03-15,Monterey,053,433212,21,0,0,0,0
2020-03-15,Napa,055,140530,7,0,0,0,0
2020-03-15,Nevada,057,99092,11,0,1,1,0
2020-03-15,Orange,059,3164182,347,16,1,17,0
2020-03-15,Placer,061,380077,33,7,0,7,1
2020-03-15,Plumas,063,18699,0,0,0,0,0
2020-03-15,Riverside,065,2383286,183,10,5,15,0
2020-03-15,Sacramento,067,1510023,174,30,0,30,1
2020-03-15,San Benito,069,59416,8,2,0,2,0
2020-03-15,San Bernardino,071,2135413,121,0,0,0,0
2020-03-15,San Diego,073,3302833,438,16,0,16,0
2020-03-15,San Francisco,075,870044,209,31,0,31,0
2020-03-15,San Joaquin,077,732212,63,6,3,9,0
2020-03-15,San Luis Obispo,079,281455,45,1,0,1,0
2020-03-15,San Mateo,081,765935,235,29,1,30,1
2020-03-15,Santa Barbara,083,443738,46,0,0,0,0
2020-03-15,Santa Clara,085,1922200,586,79,1,80,2
2020-03-15,Santa Cruz,087,273765,38,8,0,8,0
2020-03-15,Shasta,089,179085,5,1,0,1,0
2020-03-15,Sierra,091,2930,0,0,0,0,0
2020-03-15,Siskiyou,093,43540,2,0,0,0,0
2020-03-15,Solano,095,438530,42,26,0,26,0
2020-03-15,Sonoma,097,501317,53,4,0,4,0
2020-03-15,Stanislaus,099,539301,26,2,2,4,0
2020-03-15,Sutter,101,95872,2,0,0,0,0
2020-03-15,Tehama,103,63373,0,0,0,0,0
2020-03-15,Trinity,105,12862,0,0,0,0,0
2020-03-15,Tulare,107,460477,19,2,3,5,0
2020-03-15,Tuolumne,109,53932,1,0,0,0,0
2020-03-15,Ventura,111,848112,77,5,0,5,0
2020-03-15,Yolo,113,214977,15,2,0,2,0
2020-03-15,Yuba,115,75493,2,0,0,0,0
2020-03-14,Alameda,001,1643700,197,11,0,11,0
2020-03-14,Alpine,003,1148,0,0,0,0,0
2020-03-14,Amador,005,37829,1,0,0,0,0
2020-03-14,Butte,007,227075,2,0,0,0,0
2020-03-14,Calaveras,009,45235,2,2,0,2,0
2020-03-14,Colusa,011,21464,0,0,0,0,0
2020-03-14,Contra Costa,013,1133247,139,30,0,30,0
2020-03-14,Del Norte,015,27424,0,0,0,0,0
2020-03-14,El Dorado,017,186661,12,0,0,0,0
2020-03-14,Fresno,019,978130,25,1,1,2,0
2020-03-14,Glenn,021,27897,0,0,0,0,0
2020-03-14,Humboldt,023,135768,7,1,0,1,0
2020-03-14,Imperial,025,180216,10,2,0,2,0
2020-03-14,Inyo,027,18085,0,0,0,0,0
2020-03-14,Kern,029,883053,32,0,0,0,0
2020-03-14,Kings,031,150075,11,0,1,1,0
2020-03-14,Lake,033,64148,0,0,0,0,0
2020-03-14,Lassen,035,31185,1,0,0,0,0
2020-03-14,Los Angeles,037,10098052,1185,35,9,44,0
2020-03-14,Madera,039,155013,19,2,0,2,0
2020-03-14,Marin,041,260295,37,3,0,3,0
2020-03-14,Mariposa,043,17540,0,0,0,0,0
2020-03-14,Mendocino,045,87422,2,0,0,0,0
2020-03-14,Merced,047,269075,3,0,0,0,0
2020-03-14,Modoc,049,8938,0,0,0,0,0
2020-03-14,Mono,051,14174,5,0,0,0,0
2020-03-14,Monterey,053,433212,15,0,0,0,0
2020-03-14,Napa,055,140530,5,0,0,0,0
2020-03-14,Nevada,057,99092,8,0,1,1,0
2020-03-14,Orange,059,3164182,308,14,0,14,0
2020-03-14,Placer,061,380077,29,6,0,6,1
2020-03-14,Plumas,063,18699,0,0,0,0,0
2020-03-14,Riverside,065,2383286,163,10,5,15,0
2020-03-14,Sacramento,067,1510023,152,31,0,31,1
2020-03-14,San Benito,069,59416,8,2,0,2,0
2020-03-14,San Bernardino,071,2135413,102,0,0,0,0
2020-03-14,San Diego,073,3302833,363,10,0,10,0
2020-03-14,San Francisco,075,870044,188,29,0,29,0
2020-03-14,San Joaquin,077,732212,54,6,3,9,0
2020-03-14,San Luis Obispo,079,281455,40,0,0,0,0
2020-03-14,San Mateo,081,765935,212,27,1,28,0
2020-03-14,Santa Barbara,083,443738,37,0,0,0,0
2020-03-14,Santa Clara,085,1922200,530,62,1,63,2
2020-03-14,Santa Cruz,087,273765,33,8,0,8,0
2020-03-14,Shasta,089,179085,5,1,0,1,0
2020-03-14,Sierra,091,2930,0,0,0,0,0
2020-03-14,Siskiyou,093,43540,1,0,0,0,0
2020-03-14,Solano,095,438530,40,26,0,26,0
2020-03-14,Sonoma,097,501317,40,2,0,2,0
2020-03-14,Stanislaus,099,539301,22,2,2,4,0
2020-03-14,Sutter,101,95872,2,0,0,0,0
2020-03-14,Tehama,103,63373,0,0,0,0,0
2020-03-14,Trinity,105,12862,0,0,0,0,0
2020-03-14,Tulare,107,460477,17,2,2,4,0
2020-03-14,Tuolumne,109,53932,1,0,0,0,0
2020-03-14,Ventura,111,848112,68,5,0,5,0
2020-03-14,Yolo,113,214977,15,2,0,2,0
2020-03-14,Yuba,115,75493,1,0,0,0,0
2020-03-13,Alameda,001,1643700,178,12,0,12,0
2020-03-13,Alpine,003,1148,0,0,0,0,0
2020-03-13,Amador,005,37829,1,0,0,0,0
2020-03-13,Butte,007,227075,0,0,0,0,0
2020-03-13,Calaveras,009,45235,2,2,0,2,0
2020-03-13,Colusa,011,21464,0,0,0,0,0
2020-03-13,Contra Costa,013,1133247,125,22,0,22,0
2020-03-13,Del Norte,015,27424,0,0,0,0,0
2020-03-13,El Dorado,017,186661,11,0,0,0,0
2020-03-13,Fresno,019,978130,20,1,1,2,0
2020-03-13,Glenn,021,27897,0,0,0,0,0
2020-03-13,Humboldt,023,135768,7,1,0,1,0
2020-03-13,Imperial,025,180216,9,2,0,2,0
2020-03-13,Inyo,027,18085,0,0,0,0,0
2020-03-13,Kern,029,883053,27,0,0,0,0
2020-03-13,Kings,031,150075,10,0,1,1,0
2020-03-13,Lake,033,64148,0,0,0,0,0
2020-03-13,Lassen,035,31185,1,0,0,0,0
2020-03-13,Los Angeles,037,10098052,1030,30,7,37,0
2020-03-13,Madera,039,155013,18,1,0,1,0
2020-03-13,Marin,041,260295,34,3,0,3,0
2020-03-13,Mariposa,043,17540,0,0,0,0,0
2020-03-13,Mendocino,045,87422,2,0,0,0,0
2020-03-13,Merced,047,269075,2,0,0,0,0
2020-03-13,Modoc,049,8938,0,0,0,0,0
2020-03-13,Mono,051,14174,3,0,0,0,0
2020-03-13,Monterey,053,433212,10,0,0,0,0
2020-03-13,Napa,055,140530,3,0,0,0,0
2020-03-13,Nevada,057,99092,7,0,1,1,0
2020-03-13,Orange,059,3164182,268,10,0,10,0
2020-03-13,Placer,061,380077,27,6,0,6,1
2020-03-13,Plumas,063,18699,0,0,0,0,0
2020-03-13,Riverside,065,2383286,133,5,4,9,0
2020-03-13,Sacramento,067,1510023,130,18,0,18,1
2020-03-13,San Benito,069,59416,6,2,0,2,0
2020-03-13,San Bernardino,071,2135413,96,0,0,0,0
2020-03-13,San Diego,073,3302833,313,8,0,8,0
2020-03-13,San Francisco,075,870044,174,28,0,28,0
2020-03-13,San Joaquin,077,732212,50,6,3,9,0
2020-03-13,San Luis Obispo,079,281455,33,0,0,0,0
2020-03-13,San Mateo,081,765935,191,24,1,25,0
2020-03-13,Santa Barbara,083,443738,33,0,0,0,0
2020-03-13,Santa Clara,085,1922200,468,59,1,60,1
2020-03-13,Santa Cruz,087,273765,32,7,0,7,0
2020-03-13,Shasta,089,179085,3,1,0,1,0
2020-03-13,Sierra,091,2930,0,0,0,0,0
2020-03-13,Siskiyou,093,43540,0,0,0,0,0
2020-03-13,Solano,095,438530,39,26,0,26,0
2020-03-13,Sonoma,097,501317,39,2,0,2,0
2020-03-13,Stanislaus,099,539301,17,2,2,4,0
2020-03-13,Sutter,101,95872,2,0,0,0,0
2020-03-13,Tehama,103,63373,0,0,0,0,0
2020-03-13,Trinity,105,12862,0,0,0,0,0
2020-03-13,Tulare,107,460477,14,2,2,4,0
2020-03-13,Tuolumne,109,53932,1,0,0,0,0
2020-03-13,Ventura,111,848112,54,5,0,5,0
2020-03-13,Yolo,113,214977,14,1,0,1,0
2020-03-13,Yuba,115,75493,1,0,0,0,0
2020-03-12,Alameda,001,1643700,152,9,0,9,0
2020-03-12,Alpine,003,1148,0,0,0,0,0
2020-03-12,Amador,005,37829,1,0,0,0,0
2020-03-12,Butte,007,227075,0,0,0,0,0
2020-03-12,Calaveras,009,45235,2,2,0,2,0
2020-03-12,Colusa,011,21464,0,0,0,0,0
2020-03-12,Contra Costa,013,1133247,108,18,0,18,0
2020-03-12,Del Norte,015,27424,0,0,0,0,0
2020-03-12,El Dorado,017,186661,9,0,0,0,0
2020-03-12,Fresno,019,978130,12,1,1,2,0
2020-03-12,Glenn,021,27897,0,0,0,0,0
2020-03-12,Humboldt,023,135768,6,1,0,1,0
2020-03-12,Imperial,025,180216,8,2,0,2,0
2020-03-12,Inyo,027,18085,0,0,0,0,0
2020-03-12,Kern,029,883053,18,0,0,0,0
2020-03-12,Kings,031,150075,7,0,1,1,0
2020-03-12,Lake,033,64148,0,0,0,0,0
2020-03-12,Lassen,035,31185,1,0,0,0,0
2020-03-12,Los Angeles,037,10098052,867,30,7,37,0
2020-03-12,Madera,039,155013,15,1,0,1,0
2020-03-12,Marin,041,260295,24,1,0,1,0
2020-03-12,Mariposa,043,17540,0,0,0,0,0
2020-03-12,Mendocino,045,87422,2,0,0,0,0
2020-03-12,Merced,047,269075,2,0,0,0,0
2020-03-12,Modoc,049,8938,0,0,0,0,0
2020-03-12,Mono,051,14174,3,0,0,0,0
2020-03-12,Monterey,053,433212,8,0,0,0,0
2020-03-12,Napa,055,140530,3,0,0,0,0
2020-03-12,Nevada,057,99092,4,0,1,1,0
2020-03-12,Orange,059,3164182,231,7,0,7,0
2020-03-12,Placer,061,380077,23,6,0,6,1
2020-03-12,Plumas,063,18699,0,0,0,0,0
2020-03-12,Riverside,065,2383286,107,5,2,7,0
2020-03-12,Sacramento,067,1510023,106,17,0,17,1
2020-03-12,San Benito,069,59416,5,2,0,2,0
2020-03-12,San Bernardino,071,2135413,80,0,0,0,0
2020-03-12,San Diego,073,3302833,258,9,0,9,0
2020-03-12,San Francisco,075,870044,149,20,0,20,0
2020-03-12,San Joaquin,077,732212,44,3,3,6,1
2020-03-12,San Luis Obispo,079,281455,26,0,0,0,0
2020-03-12,San Mateo,081,765935,157,21,1,22,0
2020-03-12,Santa Barbara,083,443738,22,0,0,0,0
2020-03-12,Santa Clara,085,1922200,410,51,1,52,1
2020-03-12,Santa Cruz,087,273765,29,5,0,5,0
2020-03-12,Shasta,089,179085,2,1,0,1,0
2020-03-12,Sierra,091,2930,0,0,0,0,0
2020-03-12,Siskiyou,093,43540,0,0,0,0,0
2020-03-12,Solano,095,438530,34,26,0,26,0
2020-03-12,Sonoma,097,501317,34,2,0,2,0
2020-03-12,Stanislaus,099,539301,15,2,2,4,0
2020-03-12,Sutter,101,95872,0,0,0,0,0
2020-03-12,Tehama,103,63373,0,0,0,0,0
2020-03-12,Trinity,105,12862,0,0,0,0,0
2020-03-12,Tulare,107,460477,12,1,1,2,0
2020-03-12,Tuolumne,109,53932,1,0,0,0,0
2020-03-12,Ventura,111,848112,45,3,0,3,0
2020-03-12,Yolo,113,214977,13,1,0,1,0
2020-03-12,Yuba,115,75493,1,0,0,0,0
2020-03-11,Alameda,001,1643700,120,5,0,5,0
2020-03-11,Alpine,003,1148,0,0,0,0,0
2020-03-11,Amador,005,37829,1,0,0,0,0
2020-03-11,Butte,007,227075,0,0,0,0,0
2020-03-11,Calaveras,009,45235,2,2,0,2,0
2020-03-11,Colusa,011,21464,0,0,0,0,0
2020-03-11,Contra Costa,013,1133247,93,16,0,16,0
2020-03-11,Del Norte,015,27424,0,0,0,0,0
2020-03-11,El Dorado,017,186661,8,0,0,0,0
2020-03-11,Fresno,019,978130,9,1,1,2,0
2020-03-11,Glenn,021,27897,0,0,0,0,0
2020-03-11,Humboldt,023,135768,6,1,0,1,0
2020-03-11,Imperial,025,180216,6,0,0,0,0
2020-03-11,Inyo,027,18085,0,0,0,0,0
2020-03-11,Kern,029,883053,16,0,0,0,0
2020-03-11,Kings,031,150075,5,0,1,1,0
2020-03-11,Lake,033,64148,0,0,0,0,0
2020-03-11,Lassen,035,31185,1,0,0,0,0
2020-03-11,Los Angeles,037,10098052,699,21,7,28,0
2020-03-11,Madera,039,155013,12,1,0,1,0
2020-03-11,Marin,041,260295,17,1,0,1,0
2020-03-11,Mariposa,043,17540,0,0,0,0,0
2020-03-11,Mendocino,045,87422,1,0,0,0,0
2020-03-11,Merced,047,269075,2,0,0,0,0
2020-03-11,Modoc,049,8938,0,0,0,0,0
2020-03-11,Mono,051,14174,3,0,0,0,0
2020-03-11,Monterey,053,433212,7,0,0,0,0
2020-03-11,Napa,055,140530,2,0,0,0,0
2020-03-11,Nevada,057,99092,4,0,1,1,0
2020-03-11,Orange,059,3164182,202,6,0,6,0
2020-03-11,Placer,061,380077,18,6,0,6,1
2020-03-11,Plumas,063,18699,0,0,0,0,0
2020-03-11,Riverside,065,2383286,81,4,1,5,0
2020-03-11,Sacramento,067,1510023,88,9,0,9,1
2020-03-11,San Benito,069,59416,5,2,0,2,0
2020-03-11,San Bernardino,071,2135413,73,0,0,0,0
2020-03-11,San Diego,073,3302833,208,4,0,4,0
2020-03-11,San Francisco,075,870044,124,17,0,17,0
2020-03-11,San Joaquin,077,732212,33,1,3,4,0
2020-03-11,San Luis Obispo,079,281455,23,0,0,0,0
2020-03-11,San Mateo,081,765935,139,16,0,16,0
2020-03-11,Santa Barbara,083,443738,13,0,0,0,0
2020-03-11,Santa Clara,085,1922200,370,48,1,49,1
2020-03-11,Santa Cruz,087,273765,26,2,0,2,0
2020-03-11,Shasta,089,179085,2,1,0,1,0
2020-03-11,Sierra,091,2930,0,0,0,0,0
2020-03-11,Siskiyou,093,43540,0,0,0,0,0
2020-03-11,Solano,095,438530,29,26,0,26,0
2020-03-11,Sonoma,097,501317,30,2,0,2,0
2020-03-11,Stanislaus,099,539301,15,2,2,4,0
2020-03-11,Sutter,101,95872,0,0,0,0,0
2020-03-11,Tehama,103,63373,0,0,0,0,0
2020-03-11,Trinity,105,12862,0,0,0,0,0
2020-03-11,Tulare,107,460477,10,0,1,1,0
2020-03-11,Tuolumne,109,53932,1,0,0,0,0
2020-03-11,Ventura,111,848112,37,3,0,3,0
2020-03-11,Yolo,113,214977,9,1,0,1,0
2020-03-11,Yuba,115,75493,1,0,0,0,0
2020-03-10,Alameda,001,1643700,99,4,0,4,0
2020-03-10,Alpine,003,1148,0,0,0,0,0
2020-03-10,Amador,005,37829,1,0,0,0,0
2020-03-10,Butte,007,227075,0,0,0,0,0
2020-03-10,Calaveras,009,45235,2,2,0,2,0
2020-03-10,Colusa,011,21464,0,0,0,0,0
2020-03-10,Contra Costa,013,1133247,84,11,0,11,0
2020-03-10,Del Norte,015,27424,0,0,0,0,0
2020-03-10,El Dorado,017,186661,7,0,0,0,0
2020-03-10,Fresno,019,978130,7,1,1,2,0
2020-03-10,Glenn,021,27897,0,0,0,0,0
2020-03-10,Humboldt,023,135768,6,1,0,1,0
2020-03-10,Imperial,025,180216,5,0,0,0,0
2020-03-10,Inyo,027,18085,0,0,0,0,0
2020-03-10,Kern,029,883053,11,0,0,0,0
2020-03-10,Kings,031,150075,5,0,1,1,0
2020-03-10,Lake,033,64148,0,0,0,0,0
2020-03-10,Lassen,035,31185,1,0,0,0,0
2020-03-10,Los Angeles,037,10098052,563,20,7,27,0
2020-03-10,Madera,039,155013,7,1,0,1,0
2020-03-10,Marin,041,260295,16,1,0,1,0
2020-03-10,Mariposa,043,17540,0,0,0,0,0
2020-03-10,Mendocino,045,87422,0,0,0,0,0
2020-03-10,Merced,047,269075,2,0,0,0,0
2020-03-10,Modoc,049,8938,0,0,0,0,0
2020-03-10,Mono,051,14174,3,0,0,0,0
2020-03-10,Monterey,053,433212,5,0,0,0,0
2020-03-10,Napa,055,140530,2,0,0,0,0
2020-03-10,Nevada,057,99092,3,0,1,1,0
2020-03-10,Orange,059,3164182,182,5,0,5,1
2020-03-10,Placer,061,380077,14,7,0,7,1
2020-03-10,Plumas,063,18699,0,0,0,0,0
2020-03-10,Riverside,065,2383286,59,4,1,5,0
2020-03-10,Sacramento,067,1510023,79,8,0,8,0
2020-03-10,San Benito,069,59416,5,2,0,2,0
2020-03-10,San Bernardino,071,2135413,65,0,0,0,0
2020-03-10,San Diego,073,3302833,165,3,0,3,0
2020-03-10,San Francisco,075,870044,92,16,0,16,0
2020-03-10,San Joaquin,077,732212,30,1,3,4,0
2020-03-10,San Luis Obispo,079,281455,15,0,0,0,0
2020-03-10,San Mateo,081,765935,123,11,0,11,0
2020-03-10,Santa Barbara,083,443738,10,0,0,0,0
2020-03-10,Santa Clara,085,1922200,322,45,1,46,1
2020-03-10,Santa Cruz,087,273765,22,2,0,2,0
2020-03-10,Shasta,089,179085,2,1,0,1,0
2020-03-10,Sierra,091,2930,0,0,0,0,0
2020-03-10,Siskiyou,093,43540,0,0,0,0,0
2020-03-10,Solano,095,438530,27,26,0,26,0
2020-03-10,Sonoma,097,501317,27,2,0,2,0
2020-03-10,Stanislaus,099,539301,11,0,2,2,0
2020-03-10,Sutter,101,95872,0,0,0,0,0
2020-03-10,Tehama,103,63373,0,0,0,0,0
2020-03-10,Trinity,105,12862,0,0,0,0,0
2020-03-10,Tulare,107,460477,9,0,1,1,0
2020-03-10,Tuolumne,109,53932,1,0,0,0,0
2020-03-10,Ventura,111,848112,29,1,0,1,0
2020-03-10,Yolo,113,214977,6,2,0,2,0
2020-03-10,Yuba,115,75493,1,0,0,0,0
2020-03-09,Alameda,001,1643700,71,4,0,4,0
2020-03-09,Alpine,003,1148,0,0,0,0,0
2020-03-09,Amador,005,37829,0,0,0,0,0
2020-03-09,Butte,007,227075,0,0,0,0,0
2020-03-09,Calaveras,009,45235,2,0,0,0,0
2020-03-09,Colusa,011,21464,0,0,0,0,0
2020-03-09,Contra Costa,013,1133247,72,9,0,9,0
2020-03-09,Del Norte,015,27424,0,0,0,0,0
2020-03-09,El Dorado,017,186661,5,0,0,0,0
2020-03-09,Fresno,019,978130,7,1,1,2,0
2020-03-09,Glenn,021,27897,0,0,0,0,0
2020-03-09,Humboldt,023,135768,5,1,0,1,0
2020-03-09,Imperial,025,180216,5,0,0,0,0
2020-03-09,Inyo,027,18085,0,0,0,0,0
2020-03-09,Kern,029,883053,8,0,0,0,0
2020-03-09,Kings,031,150075,4,0,1,1,0
2020-03-09,Lake,033,64148,0,0,0,0,0
2020-03-09,Lassen,035,31185,1,0,0,0,0
2020-03-09,Los Angeles,037,10098052,460,17,6,23,0
2020-03-09,Madera,039,155013,7,1,0,1,0
2020-03-09,Marin,041,260295,15,1,0,1,0
2020-03-09,Mariposa,043,17540,0,0,0,0,0
2020-03-09,Mendocino,045,87422,0,0,0,0,0
2020-03-09,Merced,047,269075,2,0,0,0,0
2020-03-09,Modoc,049,8938,0,0,0,0,0
2020-03-09,Mono,051,14174,3,0,0,0,0
2020-03-09,Monterey,053,433212,3,0,0,0,0
2020-03-09,Napa,055,140530,2,0,0,0,0
2020-03-09,Nevada,057,99092,2,0,1,1,0
2020-03-09,Orange,059,3164182,154,4,0,4,0
2020-03-09,Placer,061,380077,12,7,0,7,1
2020-03-09,Plumas,063,18699,0,0,0,0,0
2020-03-09,Riverside,065,2383286,49,4,1,5,0
2020-03-09,Sacramento,067,1510023,75,8,0,8,0
2020-03-09,San Benito,069,59416,3,2,0,2,0
2020-03-09,San Bernardino,071,2135413,54,0,0,0,0
2020-03-09,San Diego,073,3302833,126,2,0,2,0
2020-03-09,San Francisco,075,870044,72,14,0,14,0
2020-03-09,San Joaquin,077,732212,21,0,3,3,0
2020-03-09,San Luis Obispo,079,281455,15,0,0,0,0
2020-03-09,San Mateo,081,765935,109,6,0,6,0
2020-03-09,Santa Barbara,083,443738,8,0,0,0,0
2020-03-09,Santa Clara,085,1922200,278,42,1,43,1
2020-03-09,Santa Cruz,087,273765,19,2,0,2,0
2020-03-09,Shasta,089,179085,2,1,0,1,0
2020-03-09,Sierra,091,2930,0,0,0,0,0
2020-03-09,Siskiyou,093,43540,0,0,0,0,0
2020-03-09,Solano,095,438530,25,26,0,26,0
2020-03-09,Sonoma,097,501317,22,2,0,2,0
2020-03-09,Stanislaus,099,539301,11,0,2,2,0
2020-03-09,Sutter,101,95872,0,0,0,0,0
2020-03-09,Tehama,103,63373,0,0,0,0,0
2020-03-09,Trinity,105,12862,0,0,0,0,0
2020-03-09,Tulare,107,460477,9,0,1,1,0
2020-03-09,Tuolumne,109,53932,1,0,0,0,0
2020-03-09,Ventura,111,848112,25,1,0,1,0
2020-03-09,Yolo,113,214977,5,2,0,2,0
2020-03-09,Yuba,115,75493,0,0,0,0,0
2020-03-08,Alameda,001,1643700,46,4,0,4,0
2020-03-08,Alpine,003,1148,0,0,0,0,0
2020-03-08,Amador,005,37829,0,0,0,0,0
2020-03-08,Butte,007,227075,0,0,0,0,0
2020-03-08,Calaveras,009,45235,2,0,0,0,0
2020-03-08,Colusa,011,21464,0,0,0,0,0
2020-03-08,Contra Costa,013,1133247,58,9,0,9,0
2020-03-08,Del Norte,015,27424,0,0,0,0,0
2020-03-08,El Dorado,017,186661,5,0,0,0,0
2020-03-08,Fresno,019,978130,5,1,1,2,0
2020-03-08,Glenn,021,27897,0,0,0,0,0
2020-03-08,Humboldt,023,135768,5,1,0,1,0
2020-03-08,Imperial,025,180216,5,0,0,0,0
2020-03-08,Inyo,027,18085,0,0,0,0,0
2020-03-08,Kern,029,883053,8,0,0,0,0
2020-03-08,Kings,031,150075,3,0,1,1,0
2020-03-08,Lake,033,64148,0,0,0,0,0
2020-03-08,Lassen,035,31185,0,0,0,0,0
2020-03-08,Los Angeles,037,10098052,367,14,6,20,0
2020-03-08,Madera,039,155013,7,1,0,1,0
2020-03-08,Marin,041,260295,13,1,0,1,0
2020-03-08,Mariposa,043,17540,0,0,0,0,0
2020-03-08,Mendocino,045,87422,0,0,0,0,0
2020-03-08,Merced,047,269075,2,0,0,0,0
2020-03-08,Modoc,049,8938,0,0,0,0,0
2020-03-08,Mono,051,14174,3,0,0,0,0
2020-03-08,Monterey,053,433212,3,0,0,0,0
2020-03-08,Napa,055,140530,2,0,0,0,0
2020-03-08,Nevada,057,99092,1,0,1,1,0
2020-03-08,Orange,059,3164182,129,4,0,4,0
2020-03-08,Placer,061,380077,11,7,0,7,1
2020-03-08,Plumas,063,18699,0,0,0,0,0
2020-03-08,Riverside,065,2383286,41,1,1,2,0
2020-03-08,Sacramento,067,1510023,65,5,0,5,0
2020-03-08,San Benito,069,59416,3,2,0,2,0
2020-03-08,San Bernardino,071,2135413,43,0,0,0,0
2020-03-08,San Diego,073,3302833,92,2,0,2,0
2020-03-08,San Francisco,075,870044,53,9,0,9,0
2020-03-08,San Joaquin,077,732212,18,0,3,3,0
2020-03-08,San Luis Obispo,079,281455,9,0,0,0,0
2020-03-08,San Mateo,081,765935,96,4,0,4,0
2020-03-08,Santa Barbara,083,443738,5,0,0,0,0
2020-03-08,Santa Clara,085,1922200,236,36,1,37,0
2020-03-08,Santa Cruz,087,273765,17,1,0,1,0
2020-03-08,Shasta,089,179085,2,0,0,0,0
2020-03-08,Sierra,091,2930,0,0,0,0,0
2020-03-08,Siskiyou,093,43540,0,0,0,0,0
2020-03-08,Solano,095,438530,24,26,0,26,0
2020-03-08,Sonoma,097,501317,17,2,0,2,0
2020-03-08,Stanislaus,099,539301,10,0,2,2,0
2020-03-08,Sutter,101,95872,0,0,0,0,0
2020-03-08,Tehama,103,63373,0,0,0,0,0
2020-03-08,Trinity,105,12862,0,0,0,0,0
2020-03-08,Tulare,107,460477,9,0,0,0,0
2020-03-08,Tuolumne,109,53932,1,0,0,0,0
2020-03-08,Ventura,111,848112,21,1,0,1,0
2020-03-08,Yolo,113,214977,2,2,0,2,0
2020-03-08,Yuba,115,75493,0,0,0,0,0
2020-03-07,Alameda,001,1643700,41,3,0,3,0
2020-03-07,Alpine,003,1148,0,0,0,0,0
2020-03-07,Amador,005,37829,0,0,0,0,0
2020-03-07,Butte,007,227075,0,0,0,0,0
2020-03-07,Calaveras,009,45235,2,0,0,0,0
2020-03-07,Colusa,011,21464,0,0,0,0,0
2020-03-07,Contra Costa,013,1133247,55,4,0,4,0
2020-03-07,Del Norte,015,27424,0,0,0,0,0
2020-03-07,El Dorado,017,186661,4,0,0,0,0
2020-03-07,Fresno,019,978130,4,1,1,2,0
2020-03-07,Glenn,021,27897,0,0,0,0,0
2020-03-07,Humboldt,023,135768,5,1,0,1,0
2020-03-07,Imperial,025,180216,4,0,0,0,0
2020-03-07,Inyo,027,18085,0,0,0,0,0
2020-03-07,Kern,029,883053,7,0,0,0,0
2020-03-07,Kings,031,150075,3,0,1,1,0
2020-03-07,Lake,033,64148,0,0,0,0,0
2020-03-07,Lassen,035,31185,0,0,0,0,0
2020-03-07,Los Angeles,037,10098052,317,14,6,20,0
2020-03-07,Madera,039,155013,6,1,0,1,0
2020-03-07,Marin,041,260295,11,0,0,0,0
2020-03-07,Mariposa,043,17540,0,0,0,0,0
2020-03-07,Mendocino,045,87422,0,0,0,0,0
2020-03-07,Merced,047,269075,2,0,0,0,0
2020-03-07,Modoc,049,8938,0,0,0,0,0
2020-03-07,Mono,051,14174,3,0,0,0,0
2020-03-07,Monterey,053,433212,3,0,0,0,0
2020-03-07,Napa,055,140530,1,0,0,0,0
2020-03-07,Nevada,057,99092,1,0,1,1,0
2020-03-07,Orange,059,3164182,121,4,0,4,0
2020-03-07,Placer,061,380077,11,6,0,6,1
2020-03-07,Plumas,063,18699,0,0,0,0,0
2020-03-07,Riverside,065,2383286,31,0,1,1,0
2020-03-07,Sacramento,067,1510023,52,4,0,4,0
2020-03-07,San Benito,069,59416,3,2,0,2,0
2020-03-07,San Bernardino,071,2135413,41,0,0,0,0
2020-03-07,San Diego,073,3302833,74,2,0,2,0
2020-03-07,San Francisco,075,870044,47,9,0,9,0
2020-03-07,San Joaquin,077,732212,16,0,3,3,0
2020-03-07,San Luis Obispo,079,281455,6,0,0,0,0
2020-03-07,San Mateo,081,765935,86,1,0,1,0
2020-03-07,Santa Barbara,083,443738,5,0,0,0,0
2020-03-07,Santa Clara,085,1922200,206,31,1,32,0
2020-03-07,Santa Cruz,087,273765,17,1,0,1,0
2020-03-07,Shasta,089,179085,2,0,0,0,0
2020-03-07,Sierra,091,2930,0,0,0,0,0
2020-03-07,Siskiyou,093,43540,0,0,0,0,0
2020-03-07,Solano,095,438530,23,25,0,25,0
2020-03-07,Sonoma,097,501317,13,2,0,2,0
2020-03-07,Stanislaus,099,539301,9,0,2,2,0
2020-03-07,Sutter,101,95872,0,0,0,0,0
2020-03-07,Tehama,103,63373,0,0,0,0,0
2020-03-07,Trinity,105,12862,0,0,0,0,0
2020-03-07,Tulare,107,460477,6,0,0,0,0
2020-03-07,Tuolumne,109,53932,1,0,0,0,0
2020-03-07,Ventura,111,848112,18,1,0,1,0
2020-03-07,Yolo,113,214977,2,2,0,2,0
2020-03-07,Yuba,115,75493,0,0,0,0,0
2020-03-06,Alameda,001,1643700,39,3,0,3,0
2020-03-06,Alpine,003,1148,0,0,0,0,0
2020-03-06,Amador,005,37829,0,0,0,0,0
2020-03-06,Butte,007,227075,0,0,0,0,0
2020-03-06,Calaveras,009,45235,2,0,0,0,0
2020-03-06,Colusa,011,21464,0,0,0,0,0
2020-03-06,Contra Costa,013,1133247,46,4,0,4,0
2020-03-06,Del Norte,015,27424,0,0,0,0,0
2020-03-06,El Dorado,017,186661,3,0,0,0,0
2020-03-06,Fresno,019,978130,3,0,1,1,0
2020-03-06,Glenn,021,27897,0,0,0,0,0
2020-03-06,Humboldt,023,135768,4,1,0,1,0
2020-03-06,Imperial,025,180216,3,0,0,0,0
2020-03-06,Inyo,027,18085,0,0,0,0,0
2020-03-06,Kern,029,883053,6,0,0,0,0
2020-03-06,Kings,031,150075,3,0,1,1,0
2020-03-06,Lake,033,64148,0,0,0,0,0
2020-03-06,Lassen,035,31185,0,0,0,0,0
2020-03-06,Los Angeles,037,10098052,274,13,6,19,0
2020-03-06,Madera,039,155013,5,0,0,0,0
2020-03-06,Marin,041,260295,10,0,0,0,0
2020-03-06,Mariposa,043,17540,0,0,0,0,0
2020-03-06,Mendocino,045,87422,0,0,0,0,0
2020-03-06,Merced,047,269075,2,0,0,0,0
2020-03-06,Modoc,049,8938,0,0,0,0,0
2020-03-06,Mono,051,14174,1,0,0,0,0
2020-03-06,Monterey,053,433212,3,0,0,0,0
2020-03-06,Napa,055,140530,1,0,0,0,0
2020-03-06,Nevada,057,99092,1,0,1,1,0
2020-03-06,Orange,059,3164182,95,4,0,4,0
2020-03-06,Placer,061,380077,10,5,0,5,1
2020-03-06,Plumas,063,18699,0,0,0,0,0
2020-03-06,Riverside,065,2383286,30,0,1,1,0
2020-03-06,Sacramento,067,1510023,43,2,0,2,0
2020-03-06,San Benito,069,59416,3,2,0,2,0
2020-03-06,San Bernardino,071,2135413,39,0,0,0,0
2020-03-06,San Diego,073,3302833,61,2,0,2,0
2020-03-06,San Francisco,075,870044,41,2,0,2,0
2020-03-06,San Joaquin,077,732212,13,0,3,3,0
2020-03-06,San Luis Obispo,079,281455,4,0,0,0,0
2020-03-06,San Mateo,081,765935,78,1,0,1,0
2020-03-06,Santa Barbara,083,443738,3,0,0,0,0
2020-03-06,Santa Clara,085,1922200,188,20,1,21,0
2020-03-06,Santa Cruz,087,273765,15,0,0,0,0
2020-03-06,Shasta,089,179085,2,0,0,0,0
2020-03-06,Sierra,091,2930,0,0,0,0,0
2020-03-06,Siskiyou,093,43540,0,0,0,0,0
2020-03-06,Solano,095,438530,22,25,0,25,0
2020-03-06,Sonoma,097,501317,13,2,0,2,0
2020-03-06,Stanislaus,099,539301,5,0,2,2,0
2020-03-06,Sutter,101,95872,0,0,0,0,0
2020-03-06,Tehama,103,63373,0,0,0,0,0
2020-03-06,Trinity,105,12862,0,0,0,0,0
2020-03-06,Tulare,107,460477,6,0,0,0,0
2020-03-06,Tuolumne,109,53932,1,0,0,0,0
2020-03-06,Ventura,111,848112,15,1,0,1,0
2020-03-06,Yolo,113,214977,2,1,0,1,0
2020-03-06,Yuba,115,75493,0,0,0,0,0
2020-03-05,Alameda,001,1643700,34,2,0,2,0
2020-03-05,Alpine,003,1148,0,0,0,0,0
2020-03-05,Amador,005,37829,0,0,0,0,0
2020-03-05,Butte,007,227075,0,0,0,0,0
2020-03-05,Calaveras,009,45235,2,0,0,0,0
2020-03-05,Colusa,011,21464,0,0,0,0,0
2020-03-05,Contra Costa,013,1133247,39,1,0,1,0
2020-03-05,Del Norte,015,27424,0,0,0,0,0
2020-03-05,El Dorado,017,186661,1,0,0,0,0
2020-03-05,Fresno,019,978130,3,0,1,1,0
2020-03-05,Glenn,021,27897,0,0,0,0,0
2020-03-05,Humboldt,023,135768,4,1,0,1,0
2020-03-05,Imperial,025,180216,2,0,0,0,0
2020-03-05,Inyo,027,18085,0,0,0,0,0
2020-03-05,Kern,029,883053,6,0,0,0,0
2020-03-05,Kings,031,150075,3,0,1,1,0
2020-03-05,Lake,033,64148,0,0,0,0,0
2020-03-05,Lassen,035,31185,0,0,0,0,0
2020-03-05,Los Angeles,037,10098052,227,11,6,17,0
2020-03-05,Madera,039,155013,5,0,0,0,0
2020-03-05,Marin,041,260295,10,0,0,0,0
2020-03-05,Mariposa,043,17540,0,0,0,0,0
2020-03-05,Mendocino,045,87422,0,0,0,0,0
2020-03-05,Merced,047,269075,2,0,0,0,0
2020-03-05,Modoc,049,8938,0,0,0,0,0
2020-03-05,Mono,051,14174,1,0,0,0,0
2020-03-05,Monterey,053,433212,3,0,0,0,0
2020-03-05,Napa,055,140530,1,0,0,0,0
2020-03-05,Nevada,057,99092,0,0,1,1,0
2020-03-05,Orange,059,3164182,80,3,0,3,0
2020-03-05,Placer,061,380077,10,2,0,2,1
2020-03-05,Plumas,063,18699,0,0,0,0,0
2020-03-05,Riverside,065,2383286,27,0,1,1,0
2020-03-05,Sacramento,067,1510023,37,2,0,2,0
2020-03-05,San Benito,069,59416,1,2,0,2,0
2020-03-05,San Bernardino,071,2135413,34,0,0,0,0
2020-03-05,San Diego,073,3302833,54,2,0,2,0
2020-03-05,San Francisco,075,870044,31,2,0,2,0
2020-03-05,San Joaquin,077,732212,10,0,3,3,0
2020-03-05,San Luis Obispo,079,281455,4,0,0,0,0
2020-03-05,San Mateo,081,765935,65,1,0,1,0
2020-03-05,Santa Barbara,083,443738,2,0,0,0,0
2020-03-05,Santa Clara,085,1922200,164,14,1,15,0
2020-03-05,Santa Cruz,087,273765,13,0,0,0,0
2020-03-05,Shasta,089,179085,2,0,0,0,0
2020-03-05,Sierra,091,2930,0,0,0,0,0
2020-03-05,Siskiyou,093,43540,0,0,0,0,0
2020-03-05,Solano,095,438530,22,24,0,24,0
2020-03-05,Sonoma,097,501317,12,2,0,2,0
2020-03-05,Stanislaus,099,539301,4,0,2,2,0
2020-03-05,Sutter,101,95872,0,0,0,0,0
2020-03-05,Tehama,103,63373,0,0,0,0,0
2020-03-05,Trinity,105,12862,0,0,0,0,0
2020-03-05,Tulare,107,460477,6,0,0,0,0
2020-03-05,Tuolumne,109,53932,1,0,0,0,0
2020-03-05,Ventura,111,848112,13,0,0,0,0
2020-03-05,Yolo,113,214977,2,0,0,0,0
2020-03-05,Yuba,115,75493,0,0,0,0,0
2020-03-04,Alameda,001,1643700,30,2,0,2,0
2020-03-04,Alpine,003,1148,0,0,0,0,0
2020-03-04,Amador,005,37829,0,0,0,0,0
2020-03-04,Butte,007,227075,0,0,0,0,0
2020-03-04,Calaveras,009,45235,0,0,0,0,0
2020-03-04,Colusa,011,21464,0,0,0,0,0
2020-03-04,Contra Costa,013,1133247,34,1,0,1,0
2020-03-04,Del Norte,015,27424,0,0,0,0,0
2020-03-04,El Dorado,017,186661,1,0,0,0,0
2020-03-04,Fresno,019,978130,3,0,1,1,0
2020-03-04,Glenn,021,27897,0,0,0,0,0
2020-03-04,Humboldt,023,135768,1,1,0,1,0
2020-03-04,Imperial,025,180216,2,0,0,0,0
2020-03-04,Inyo,027,18085,0,0,0,0,0
2020-03-04,Kern,029,883053,6,0,0,0,0
2020-03-04,Kings,031,150075,3,0,1,1,0
2020-03-04,Lake,033,64148,0,0,0,0,0
2020-03-04,Lassen,035,31185,0,0,0,0,0
2020-03-04,Los Angeles,037,10098052,191,7,6,13,0
2020-03-04,Madera,039,155013,5,0,0,0,0
2020-03-04,Marin,041,260295,10,0,0,0,0
2020-03-04,Mariposa,043,17540,0,0,0,0,0
2020-03-04,Mendocino,045,87422,0,0,0,0,0
2020-03-04,Merced,047,269075,2,0,0,0,0
2020-03-04,Modoc,049,8938,0,0,0,0,0
2020-03-04,Mono,051,14174,1,0,0,0,0
2020-03-04,Monterey,053,433212,3,0,0,0,0
2020-03-04,Napa,055,140530,1,0,0,0,0
2020-03-04,Nevada,057,99092,0,0,1,1,0
2020-03-04,Orange,059,3164182,77,3,0,3,0
2020-03-04,Placer,061,380077,9,2,0,2,1
2020-03-04,Plumas,063,18699,0,0,0,0,0
2020-03-04,Riverside,065,2383286,23,0,1,1,0
2020-03-04,Sacramento,067,1510023,32,1,0,1,0
2020-03-04,San Benito,069,59416,1,2,0,2,0
2020-03-04,San Bernardino,071,2135413,31,0,0,0,0
2020-03-04,San Diego,073,3302833,41,2,0,2,0
2020-03-04,San Francisco,075,870044,26,0,0,0,0
2020-03-04,San Joaquin,077,732212,9,0,3,3,0
2020-03-04,San Luis Obispo,079,281455,4,0,0,0,0
2020-03-04,San Mateo,081,765935,60,1,0,1,0
2020-03-04,Santa Barbara,083,443738,2,0,0,0,0
2020-03-04,Santa Clara,085,1922200,147,12,1,13,0
2020-03-04,Santa Cruz,087,273765,13,0,0,0,0
2020-03-04,Shasta,089,179085,2,0,0,0,0
2020-03-04,Sierra,091,2930,0,0,0,0,0
2020-03-04,Siskiyou,093,43540,0,0,0,0,0
2020-03-04,Solano,095,438530,21,24,0,24,0
2020-03-04,Sonoma,097,501317,11,2,0,2,0
2020-03-04,Stanislaus,099,539301,4,0,2,2,0
2020-03-04,Sutter,101,95872,0,0,0,0,0
2020-03-04,Tehama,103,63373,0,0,0,0,0
2020-03-04,Trinity,105,12862,0,0,0,0,0
2020-03-04,Tulare,107,460477,6,0,0,0,0
2020-03-04,Tuolumne,109,53932,0,0,0,0,0
2020-03-04,Ventura,111,848112,12,0,0,0,0
2020-03-04,Yolo,113,214977,2,0,0,0,0
2020-03-04,Yuba,115,75493,0,0,0,0,0
2020-03-03,Alameda,001,1643700,24,2,0,2,0
2020-03-03,Alpine,003,1148,0,0,0,0,0
2020-03-03,Amador,005,37829,0,0,0,0,0
2020-03-03,Butte,007,227075,0,0,0,0,0
2020-03-03,Calaveras,009,45235,0,0,0,0,0
2020-03-03,Colusa,011,21464,0,0,0,0,0
2020-03-03,Contra Costa,013,1133247,30,0,0,0,0
2020-03-03,Del Norte,015,27424,0,0,0,0,0
2020-03-03,El Dorado,017,186661,1,0,0,0,0
2020-03-03,Fresno,019,978130,2,0,1,1,0
2020-03-03,Glenn,021,27897,0,0,0,0,0
2020-03-03,Humboldt,023,135768,1,1,0,1,0
2020-03-03,Imperial,025,180216,2,0,0,0,0
2020-03-03,Inyo,027,18085,0,0,0,0,0
2020-03-03,Kern,029,883053,4,0,0,0,0
2020-03-03,Kings,031,150075,3,0,1,1,0
2020-03-03,Lake,033,64148,0,0,0,0,0
2020-03-03,Lassen,035,31185,0,0,0,0,0
2020-03-03,Los Angeles,037,10098052,172,5,6,11,0
2020-03-03,Madera,039,155013,4,0,0,0,0
2020-03-03,Marin,041,260295,6,0,0,0,0
2020-03-03,Mariposa,043,17540,0,0,0,0,0
2020-03-03,Mendocino,045,87422,0,0,0,0,0
2020-03-03,Merced,047,269075,2,0,0,0,0
2020-03-03,Modoc,049,8938,0,0,0,0,0
2020-03-03,Mono,051,14174,1,0,0,0,0
2020-03-03,Monterey,053,433212,2,0,0,0,0
2020-03-03,Napa,055,140530,1,0,0,0,0
2020-03-03,Nevada,057,99092,0,0,1,1,0
2020-03-03,Orange,059,3164182,69,1,0,1,0
2020-03-03,Placer,061,380077,8,2,0,2,0
2020-03-03,Plumas,063,18699,0,0,0,0,0
2020-03-03,Riverside,065,2383286,20,0,1,1,0
2020-03-03,Sacramento,067,1510023,31,1,0,1,0
2020-03-03,San Benito,069,59416,1,2,0,2,0
2020-03-03,San Bernardino,071,2135413,28,0,0,0,0
2020-03-03,San Diego,073,3302833,34,2,0,2,0
2020-03-03,San Francisco,075,870044,24,0,0,0,0
2020-03-03,San Joaquin,077,732212,8,0,3,3,0
2020-03-03,San Luis Obispo,079,281455,2,0,0,0,0
2020-03-03,San Mateo,081,765935,53,1,0,1,0
2020-03-03,Santa Barbara,083,443738,1,0,0,0,0
2020-03-03,Santa Clara,085,1922200,132,11,1,12,0
2020-03-03,Santa Cruz,087,273765,10,0,0,0,0
2020-03-03,Shasta,089,179085,2,0,0,0,0
2020-03-03,Sierra,091,2930,0,0,0,0,0
2020-03-03,Siskiyou,093,43540,0,0,0,0,0
2020-03-03,Solano,095,438530,20,24,0,24,0
2020-03-03,Sonoma,097,501317,11,1,0,1,0
2020-03-03,Stanislaus,099,539301,4,0,2,2,0
2020-03-03,Sutter,101,95872,0,0,0,0,0
2020-03-03,Tehama,103,63373,0,0,0,0,0
2020-03-03,Trinity,105,12862,0,0,0,0,0
2020-03-03,Tulare,107,460477,6,0,0,0,0
2020-03-03,Tuolumne,109,53932,0,0,0,0,0
2020-03-03,Ventura,111,848112,11,0,0,0,0
2020-03-03,Yolo,113,214977,1,0,0,0,0
2020-03-03,Yuba,115,75493,0,0,0,0,0
2020-03-02,Alameda,001,1643700,21,1,0,1,0
2020-03-02,Alpine,003,1148,0,0,0,0,0
2020-03-02,Amador,005,37829,0,0,0,0,0
2020-03-02,Butte,007,227075,0,0,0,0,0
2020-03-02,Calaveras,009,45235,0,0,0,0,0
2020-03-02,Colusa,011,21464,0,0,0,0,0
2020-03-02,Contra Costa,013,1133247,27,0,0,0,0
2020-03-02,Del Norte,015,27424,0,0,0,0,0
2020-03-02,El Dorado,017,186661,1,0,0,0,0
2020-03-02,Fresno,019,978130,2,0,1,1,0
2020-03-02,Glenn,021,27897,0,0,0,0,0
2020-03-02,Humboldt,023,135768,1,1,0,1,0
2020-03-02,Imperial,025,180216,2,0,0,0,0
2020-03-02,Inyo,027,18085,0,0,0,0,0
2020-03-02,Kern,029,883053,4,0,0,0,0
2020-03-02,Kings,031,150075,3,0,1,1,0
2020-03-02,Lake,033,64148,0,0,0,0,0
2020-03-02,Lassen,035,31185,0,0,0,0,0
2020-03-02,Los Angeles,037,10098052,157,1,6,7,0
2020-03-02,Madera,039,155013,4,0,0,0,0
2020-03-02,Marin,041,260295,6,0,0,0,0
2020-03-02,Mariposa,043,17540,0,0,0,0,0
2020-03-02,Mendocino,045,87422,0,0,0,0,0
2020-03-02,Merced,047,269075,1,0,0,0,0
2020-03-02,Modoc,049,8938,0,0,0,0,0
2020-03-02,Mono,051,14174,1,0,0,0,0
2020-03-02,Monterey,053,433212,2,0,0,0,0
2020-03-02,Napa,055,140530,1,0,0,0,0
2020-03-02,Nevada,057,99092,0,0,1,1,0
2020-03-02,Orange,059,3164182,64,1,0,1,0
2020-03-02,Placer,061,380077,8,1,0,1,0
2020-03-02,Plumas,063,18699,0,0,0,0,0
2020-03-02,Riverside,065,2383286,19,0,1,1,0
2020-03-02,Sacramento,067,1510023,25,1,0,1,0
2020-03-02,San Benito,069,59416,1,2,0,2,0
2020-03-02,San Bernardino,071,2135413,28,0,0,0,0
2020-03-02,San Diego,073,3302833,28,2,0,2,0
2020-03-02,San Francisco,075,870044,17,0,0,0,0
2020-03-02,San Joaquin,077,732212,7,0,3,3,0
2020-03-02,San Luis Obispo,079,281455,2,0,0,0,0
2020-03-02,San Mateo,081,765935,44,1,0,1,0
2020-03-02,Santa Barbara,083,443738,1,0,0,0,0
2020-03-02,Santa Clara,085,1922200,110,7,1,8,0
2020-03-02,Santa Cruz,087,273765,9,0,0,0,0
2020-03-02,Shasta,089,179085,2,0,0,0,0
2020-03-02,Sierra,091,2930,0,0,0,0,0
2020-03-02,Siskiyou,093,43540,0,0,0,0,0
2020-03-02,Solano,095,438530,19,24,0,24,0
2020-03-02,Sonoma,097,501317,10,1,0,1,0
2020-03-02,Stanislaus,099,539301,2,0,2,2,0
2020-03-02,Sutter,101,95872,0,0,0,0,0
2020-03-02,Tehama,103,63373,0,0,0,0,0
2020-03-02,Trinity,105,12862,0,0,0,0,0
2020-03-02,Tulare,107,460477,6,0,0,0,0
2020-03-02,Tuolumne,109,53932,0,0,0,0,0
2020-03-02,Ventura,111,848112,10,0,0,0,0
2020-03-02,Yolo,113,214977,1,0,0,0,0
2020-03-02,Yuba,115,75493,0,0,0,0,0
2020-03-01,Alameda,001,1643700,20,1,0,1,0
2020-03-01,Alpine,003,1148,0,0,0,0,0
2020-03-01,Amador,005,37829,0,0,0,0,0
2020-03-01,Butte,007,227075,0,0,0,0,0
2020-03-01,Calaveras,009,45235,0,0,0,0,0
2020-03-01,Colusa,011,21464,0,0,0,0,0
2020-03-01,Contra Costa,013,1133247,24,0,0,0,0
2020-03-01,Del Norte,015,27424,0,0,0,0,0
2020-03-01,El Dorado,017,186661,1,0,0,0,0
2020-03-01,Fresno,019,978130,1,0,1,1,0
2020-03-01,Glenn,021,27897,0,0,0,0,0
2020-03-01,Humboldt,023,135768,1,1,0,1,0
2020-03-01,Imperial,025,180216,2,0,0,0,0
2020-03-01,Inyo,027,18085,0,0,0,0,0
2020-03-01,Kern,029,883053,2,0,0,0,0
2020-03-01,Kings,031,150075,3,0,1,1,0
2020-03-01,Lake,033,64148,0,0,0,0,0
2020-03-01,Lassen,035,31185,0,0,0,0,0
2020-03-01,Los Angeles,037,10098052,138,1,6,7,0
2020-03-01,Madera,039,155013,2,0,0,0,0
2020-03-01,Marin,041,260295,5,0,0,0,0
2020-03-01,Mariposa,043,17540,0,0,0,0,0
2020-03-01,Mendocino,045,87422,0,0,0,0,0
2020-03-01,Merced,047,269075,1,0,0,0,0
2020-03-01,Modoc,049,8938,0,0,0,0,0
2020-03-01,Mono,051,14174,1,0,0,0,0
2020-03-01,Monterey,053,433212,1,0,0,0,0
2020-03-01,Napa,055,140530,1,0,0,0,0
2020-03-01,Nevada,057,99092,0,0,1,1,0
2020-03-01,Orange,059,3164182,61,1,0,1,0
2020-03-01,Placer,061,380077,8,0,0,0,0
2020-03-01,Plumas,063,18699,0,0,0,0,0
2020-03-01,Riverside,065,2383286,18,0,1,1,0
2020-03-01,Sacramento,067,1510023,21,1,0,1,0
2020-03-01,San Benito,069,59416,0,2,0,2,0
2020-03-01,San Bernardino,071,2135413,27,0,0,0,0
2020-03-01,San Diego,073,3302833,21,2,0,2,0
2020-03-01,San Francisco,075,870044,13,0,0,0,0
2020-03-01,San Joaquin,077,732212,7,0,3,3,0
2020-03-01,San Luis Obispo,079,281455,2,0,0,0,0
2020-03-01,San Mateo,081,765935,36,0,0,0,0
2020-03-01,Santa Barbara,083,443738,1,0,0,0,0
2020-03-01,Santa Clara,085,1922200,97,6,1,7,0
2020-03-01,Santa Cruz,087,273765,8,0,0,0,0
2020-03-01,Shasta,089,179085,2,0,0,0,0
2020-03-01,Sierra,091,2930,0,0,0,0,0
2020-03-01,Siskiyou,093,43540,0,0,0,0,0
2020-03-01,Solano,095,438530,19,24,0,24,0
2020-03-01,Sonoma,097,501317,9,0,0,0,0
2020-03-01,Stanislaus,099,539301,2,0,2,2,0
2020-03-01,Sutter,101,95872,0,0,0,0,0
2020-03-01,Tehama,103,63373,0,0,0,0,0
2020-03-01,Trinity,105,12862,0,0,0,0,0
2020-03-01,Tulare,107,460477,6,0,0,0,0
2020-03-01,Tuolumne,109,53932,0,0,0,0,0
2020-03-01,Ventura,111,848112,8,0,0,0,0
2020-03-01,Yolo,113,214977,1,0,0,0,0
2020-03-01,Yuba,115,75493,0,0,0,0,0
2020-02-29,Alameda,001,1643700,16,0,0,0,0
2020-02-29,Alpine,003,1148,0,0,0,0,0
2020-02-29,Amador,005,37829,0,0,0,0,0
2020-02-29,Butte,007,227075,0,0,0,0,0
2020-02-29,Calaveras,009,45235,0,0,0,0,0
2020-02-29,Colusa,011,21464,0,0,0,0,0
2020-02-29,Contra Costa,013,1133247,20,0,0,0,0
2020-02-29,Del Norte,015,27424,0,0,0,0,0
2020-02-29,El Dorado,017,186661,1,0,0,0,0
2020-02-29,Fresno,019,978130,1,0,0,0,0
2020-02-29,Glenn,021,27897,0,0,0,0,0
2020-02-29,Humboldt,023,135768,1,1,0,1,0
2020-02-29,Imperial,025,180216,1,0,0,0,0
2020-02-29,Inyo,027,18085,0,0,0,0,0
2020-02-29,Kern,029,883053,2,0,0,0,0
2020-02-29,Kings,031,150075,3,0,1,1,0
2020-02-29,Lake,033,64148,0,0,0,0,0
2020-02-29,Lassen,035,31185,0,0,0,0,0
2020-02-29,Los Angeles,037,10098052,110,1,6,7,0
2020-02-29,Madera,039,155013,2,0,0,0,0
2020-02-29,Marin,041,260295,4,0,0,0,0
2020-02-29,Mariposa,043,17540,0,0,0,0,0
2020-02-29,Mendocino,045,87422,0,0,0,0,0
2020-02-29,Merced,047,269075,1,0,0,0,0
2020-02-29,Modoc,049,8938,0,0,0,0,0
2020-02-29,Mono,051,14174,1,0,0,0,0
2020-02-29,Monterey,053,433212,1,0,0,0,0
2020-02-29,Napa,055,140530,1,0,0,0,0
2020-02-29,Nevada,057,99092,0,0,1,1,0
2020-02-29,Orange,059,3164182,56,1,0,1,0
2020-02-29,Placer,061,380077,7,0,0,0,0
2020-02-29,Plumas,063,18699,0,0,0,0,0
2020-02-29,Riverside,065,2383286,15,0,1,1,0
2020-02-29,Sacramento,067,1510023,16,1,0,1,0
2020-02-29,San Benito,069,59416,0,2,0,2,0
2020-02-29,San Bernardino,071,2135413,25,0,0,0,0
2020-02-29,San Diego,073,3302833,16,2,0,2,0
2020-02-29,San Francisco,075,870044,12,0,0,0,0
2020-02-29,San Joaquin,077,732212,6,0,3,3,0
2020-02-29,San Luis Obispo,079,281455,2,0,0,0,0
2020-02-29,San Mateo,081,765935,29,0,0,0,0
2020-02-29,Santa Barbara,083,443738,0,0,0,0,0
2020-02-29,Santa Clara,085,1922200,75,3,1,4,0
2020-02-29,Santa Cruz,087,273765,8,0,0,0,0
2020-02-29,Shasta,089,179085,2,0,0,0,0
2020-02-29,Sierra,091,2930,0,0,0,0,0
2020-02-29,Siskiyou,093,43540,0,0,0,0,0
2020-02-29,Solano,095,438530,18,23,0,23,0
2020-02-29,Sonoma,097,501317,6,0,0,0,0
2020-02-29,Stanislaus,099,539301,2,0,2,2,0
2020-02-29,Sutter,101,95872,0,0,0,0,0
2020-02-29,Tehama,103,63373,0,0,0,0,0
2020-02-29,Trinity,105,12862,0,0,0,0,0
2020-02-29,Tulare,107,460477,4,0,0,0,0
2020-02-29,Tuolumne,109,53932,0,0,0,0,0
2020-02-29,Ventura,111,848112,6,0,0,0,0
2020-02-29,Yolo,113,214977,1,0,0,0,0
2020-02-29,Yuba,115,75493,0,0,0,0,0
2020-02-28,Alameda,001,1643700,14,0,0,0,0
2020-02-28,Alpine,003,1148,0,0,0,0,0
2020-02-28,Amador,005,37829,0,0,0,0,0
2020-02-28,Butte,007,227075,0,0,0,0,0
2020-02-28,Calaveras,009,45235,0,0,0,0,0
2020-02-28,Colusa,011,21464,0,0,0,0,0
2020-02-28,Contra Costa,013,1133247,20,0,0,0,0
2020-02-28,Del Norte,015,27424,0,0,0,0,0
2020-02-28,El Dorado,017,186661,0,0,0,0,0
2020-02-28,Fresno,019,978130,1,0,0,0,0
2020-02-28,Glenn,021,27897,0,0,0,0,0
2020-02-28,Humboldt,023,135768,1,1,0,1,0
2020-02-28,Imperial,025,180216,1,0,0,0,0
2020-02-28,Inyo,027,18085,0,0,0,0,0
2020-02-28,Kern,029,883053,2,0,0,0,0
2020-02-28,Kings,031,150075,3,0,1,1,0
2020-02-28,Lake,033,64148,0,0,0,0,0
2020-02-28,Lassen,035,31185,0,0,0,0,0
2020-02-28,Los Angeles,037,10098052,102,1,6,7,0
2020-02-28,Madera,039,155013,2,0,0,0,0
2020-02-28,Marin,041,260295,2,0,0,0,0
2020-02-28,Mariposa,043,17540,0,0,0,0,0
2020-02-28,Mendocino,045,87422,0,0,0,0,0
2020-02-28,Merced,047,269075,1,0,0,0,0
2020-02-28,Modoc,049,8938,0,0,0,0,0
2020-02-28,Mono,051,14174,0,0,0,0,0
2020-02-28,Monterey,053,433212,1,0,0,0,0
2020-02-28,Napa,055,140530,1,0,0,0,0
2020-02-28,Nevada,057,99092,0,0,1,1,0
2020-02-28,Orange,059,3164182,54,1,0,1,0
2020-02-28,Placer,061,380077,7,0,0,0,0
2020-02-28,Plumas,063,18699,0,0,0,0,0
2020-02-28,Riverside,065,2383286,13,0,1,1,0
2020-02-28,Sacramento,067,1510023,10,1,0,1,0
2020-02-28,San Benito,069,59416,0,2,0,2,0
2020-02-28,San Bernardino,071,2135413,25,0,0,0,0
2020-02-28,San Diego,073,3302833,13,2,0,2,0
2020-02-28,San Francisco,075,870044,10,0,0,0,0
2020-02-28,San Joaquin,077,732212,6,0,3,3,0
2020-02-28,San Luis Obispo,079,281455,2,0,0,0,0
2020-02-28,San Mateo,081,765935,24,0,0,0,0
2020-02-28,Santa Barbara,083,443738,0,0,0,0,0
2020-02-28,Santa Clara,085,1922200,70,3,1,4,0
2020-02-28,Santa Cruz,087,273765,8,0,0,0,0
2020-02-28,Shasta,089,179085,2,0,0,0,0
2020-02-28,Sierra,091,2930,0,0,0,0,0
2020-02-28,Siskiyou,093,43540,0,0,0,0,0
2020-02-28,Solano,095,438530,17,23,0,23,0
2020-02-28,Sonoma,097,501317,6,0,0,0,0
2020-02-28,Stanislaus,099,539301,2,0,2,2,0
2020-02-28,Sutter,101,95872,0,0,0,0,0
2020-02-28,Tehama,103,63373,0,0,0,0,0
2020-02-28,Trinity,105,12862,0,0,0,0,0
2020-02-28,Tulare,107,460477,3,0,0,0,0
2020-02-28,Tuolumne,109,53932,0,0,0,0,0
2020-02-28,Ventura,111,848112,6,0,0,0,0
2020-02-28,Yolo,113,214977,1,0,0,0,0
2020-02-28,Yuba,115,75493,0,0,0,0,0
2020-02-27,Alameda,001,1643700,13,0,0,0,0
2020-02-27,Alpine,003,1148,0,0,0,0,0
2020-02-27,Amador,005,37829,0,0,0,0,0
2020-02-27,Butte,007,227075,0,0,0,0,0
2020-02-27,Calaveras,009,45235,0,0,0,0,0
2020-02-27,Colusa,011,21464,0,0,0,0,0
2020-02-27,Contra Costa,013,1133247,14,0,0,0,0
2020-02-27,Del Norte,015,27424,0,0,0,0,0
2020-02-27,El Dorado,017,186661,0,0,0,0,0
2020-02-27,Fresno,019,978130,1,0,0,0,0
2020-02-27,Glenn,021,27897,0,0,0,0,0
2020-02-27,Humboldt,023,135768,1,1,0,1,0
2020-02-27,Imperial,025,180216,1,0,0,0,0
2020-02-27,Inyo,027,18085,0,0,0,0,0
2020-02-27,Kern,029,883053,2,0,0,0,0
2020-02-27,Kings,031,150075,3,0,1,1,0
2020-02-27,Lake,033,64148,0,0,0,0,0
2020-02-27,Lassen,035,31185,0,0,0,0,0
2020-02-27,Los Angeles,037,10098052,94,1,6,7,0
2020-02-27,Madera,039,155013,2,0,0,0,0
2020-02-27,Marin,041,260295,1,0,0,0,0
2020-02-27,Mariposa,043,17540,0,0,0,0,0
2020-02-27,Mendocino,045,87422,0,0,0,0,0
2020-02-27,Merced,047,269075,1,0,0,0,0
2020-02-27,Modoc,049,8938,0,0,0,0,0
2020-02-27,Mono,051,14174,0,0,0,0,0
2020-02-27,Monterey,053,433212,1,0,0,0,0
2020-02-27,Napa,055,140530,1,0,0,0,0
2020-02-27,Nevada,057,99092,0,0,1,1,0
2020-02-27,Orange,059,3164182,48,1,0,1,0
2020-02-27,Placer,061,380077,6,0,0,0,0
2020-02-27,Plumas,063,18699,0,0,0,0,0
2020-02-27,Riverside,065,2383286,12,0,1,1,0
2020-02-27,Sacramento,067,1510023,10,1,0,1,0
2020-02-27,San Benito,069,59416,0,2,0,2,0
2020-02-27,San Bernardino,071,2135413,25,0,0,0,0
2020-02-27,San Diego,073,3302833,12,2,0,2,0
2020-02-27,San Francisco,075,870044,9,0,0,0,0
2020-02-27,San Joaquin,077,732212,5,0,3,3,0
2020-02-27,San Luis Obispo,079,281455,2,0,0,0,0
2020-02-27,San Mateo,081,765935,20,0,0,0,0
2020-02-27,Santa Barbara,083,443738,0,0,0,0,0
2020-02-27,Santa Clara,085,1922200,59,2,1,3,0
2020-02-27,Santa Cruz,087,273765,6,0,0,0,0
2020-02-27,Shasta,089,179085,0,0,0,0,0
2020-02-27,Sierra,091,2930,0,0,0,0,0
2020-02-27,Siskiyou,093,43540,0,0,0,0,0
2020-02-27,Solano,095,438530,17,23,0,23,0
2020-02-27,Sonoma,097,501317,5,0,0,0,0
2020-02-27,Stanislaus,099,539301,2,0,2,2,0
2020-02-27,Sutter,101,95872,0,0,0,0,0
2020-02-27,Tehama,103,63373,0,0,0,0,0
2020-02-27,Trinity,105,12862,0,0,0,0,0
2020-02-27,Tulare,107,460477,3,0,0,0,0
2020-02-27,Tuolumne,109,53932,0,0,0,0,0
2020-02-27,Ventura,111,848112,4,0,0,0,0
2020-02-27,Yolo,113,214977,1,0,0,0,0
2020-02-27,Yuba,115,75493,0,0,0,0,0
2020-02-26,Alameda,001,1643700,13,0,0,0,0
2020-02-26,Alpine,003,1148,0,0,0,0,0
2020-02-26,Amador,005,37829,0,0,0,0,0
2020-02-26,Butte,007,227075,0,0,0,0,0
2020-02-26,Calaveras,009,45235,0,0,0,0,0
2020-02-26,Colusa,011,21464,0,0,0,0,0
2020-02-26,Contra Costa,013,1133247,13,0,0,0,0
2020-02-26,Del Norte,015,27424,0,0,0,0,0
2020-02-26,El Dorado,017,186661,0,0,0,0,0
2020-02-26,Fresno,019,978130,1,0,0,0,0
2020-02-26,Glenn,021,27897,0,0,0,0,0
2020-02-26,Humboldt,023,135768,1,1,0,1,0
2020-02-26,Imperial,025,180216,1,0,0,0,0
2020-02-26,Inyo,027,18085,0,0,0,0,0
2020-02-26,Kern,029,883053,2,0,0,0,0
2020-02-26,Kings,031,150075,3,0,1,1,0
2020-02-26,Lake,033,64148,0,0,0,0,0
2020-02-26,Lassen,035,31185,0,0,0,0,0
2020-02-26,Los Angeles,037,10098052,88,1,6,7,0
2020-02-26,Madera,039,155013,2,0,0,0,0
2020-02-26,Marin,041,260295,1,0,0,0,0
2020-02-26,Mariposa,043,17540,0,0,0,0,0
2020-02-26,Mendocino,045,87422,0,0,0,0,0
2020-02-26,Merced,047,269075,1,0,0,0,0
2020-02-26,Modoc,049,8938,0,0,0,0,0
2020-02-26,Mono,051,14174,0,0,0,0,0
2020-02-26,Monterey,053,433212,1,0,0,0,0
2020-02-26,Napa,055,140530,0,0,0,0,0
2020-02-26,Nevada,057,99092,0,0,1,1,0
2020-02-26,Orange,059,3164182,47,1,0,1,0
2020-02-26,Placer,061,380077,5,0,0,0,0
2020-02-26,Plumas,063,18699,0,0,0,0,0
2020-02-26,Riverside,065,2383286,10,0,1,1,0
2020-02-26,Sacramento,067,1510023,10,1,0,1,0
2020-02-26,San Benito,069,59416,0,2,0,2,0
2020-02-26,San Bernardino,071,2135413,23,0,0,0,0
2020-02-26,San Diego,073,3302833,11,2,0,2,0
2020-02-26,San Francisco,075,870044,9,0,0,0,0
2020-02-26,San Joaquin,077,732212,5,0,3,3,0
2020-02-26,San Luis Obispo,079,281455,2,0,0,0,0
2020-02-26,San Mateo,081,765935,18,0,0,0,0
2020-02-26,Santa Barbara,083,443738,0,0,0,0,0
2020-02-26,Santa Clara,085,1922200,50,2,1,3,0
2020-02-26,Santa Cruz,087,273765,6,0,0,0,0
2020-02-26,Shasta,089,179085,0,0,0,0,0
2020-02-26,Sierra,091,2930,0,0,0,0,0
2020-02-26,Siskiyou,093,43540,0,0,0,0,0
2020-02-26,Solano,095,438530,17,23,0,23,0
2020-02-26,Sonoma,097,501317,5,0,0,0,0
2020-02-26,Stanislaus,099,539301,2,0,2,2,0
2020-02-26,Sutter,101,95872,0,0,0,0,0
2020-02-26,Tehama,103,63373,0,0,0,0,0
2020-02-26,Trinity,105,12862,0,0,0,0,0
2020-02-26,Tulare,107,460477,3,0,0,0,0
2020-02-26,Tuolumne,109,53932,0,0,0,0,0
2020-02-26,Ventura,111,848112,4,0,0,0,0
2020-02-26,Yolo,113,214977,1,0,0,0,0
2020-02-26,Yuba,115,75493,0,0,0,0,0
2020-02-25,Alameda,001,1643700,13,0,0,0,0
2020-02-25,Alpine,003,1148,0,0,0,0,0
2020-02-25,Amador,005,37829,0,0,0,0,0
2020-02-25,Butte,007,227075,0,0,0,0,0
2020-02-25,Calaveras,009,45235,0,0,0,0,0
2020-02-25,Colusa,011,21464,0,0,0,0,0
2020-02-25,Contra Costa,013,1133247,11,0,0,0,0
2020-02-25,Del Norte,015,27424,0,0,0,0,0
2020-02-25,El Dorado,017,186661,0,0,0,0,0
2020-02-25,Fresno,019,978130,1,0,0,0,0
2020-02-25,Glenn,021,27897,0,0,0,0,0
2020-02-25,Humboldt,023,135768,1,1,0,1,0
2020-02-25,Imperial,025,180216,1,0,0,0,0
2020-02-25,Inyo,027,18085,0,0,0,0,0
2020-02-25,Kern,029,883053,2,0,0,0,0
2020-02-25,Kings,031,150075,3,0,1,1,0
2020-02-25,Lake,033,64148,0,0,0,0,0
2020-02-25,Lassen,035,31185,0,0,0,0,0
2020-02-25,Los Angeles,037,10098052,76,1,6,7,0
2020-02-25,Madera,039,155013,2,0,0,0,0
2020-02-25,Marin,041,260295,1,0,0,0,0
2020-02-25,Mariposa,043,17540,0,0,0,0,0
2020-02-25,Mendocino,045,87422,0,0,0,0,0
2020-02-25,Merced,047,269075,0,0,0,0,0
2020-02-25,Modoc,049,8938,0,0,0,0,0
2020-02-25,Mono,051,14174,0,0,0,0,0
2020-02-25,Monterey,053,433212,1,0,0,0,0
2020-02-25,Napa,055,140530,0,0,0,0,0
2020-02-25,Nevada,057,99092,0,0,1,1,0
2020-02-25,Orange,059,3164182,46,1,0,1,0
2020-02-25,Placer,061,380077,5,0,0,0,0
2020-02-25,Plumas,063,18699,0,0,0,0,0
2020-02-25,Riverside,065,2383286,10,0,1,1,0
2020-02-25,Sacramento,067,1510023,8,1,0,1,0
2020-02-25,San Benito,069,59416,0,2,0,2,0
2020-02-25,San Bernardino,071,2135413,21,0,0,0,0
2020-02-25,San Diego,073,3302833,7,2,0,2,0
2020-02-25,San Francisco,075,870044,7,0,0,0,0
2020-02-25,San Joaquin,077,732212,5,0,2,2,0
2020-02-25,San Luis Obispo,079,281455,2,0,0,0,0
2020-02-25,San Mateo,081,765935,17,0,0,0,0
2020-02-25,Santa Barbara,083,443738,0,0,0,0,0
2020-02-25,Santa Clara,085,1922200,40,2,1,3,0
2020-02-25,Santa Cruz,087,273765,5,0,0,0,0
2020-02-25,Shasta,089,179085,0,0,0,0,0
2020-02-25,Sierra,091,2930,0,0,0,0,0
2020-02-25,Siskiyou,093,43540,0,0,0,0,0
2020-02-25,Solano,095,438530,16,21,0,21,0
2020-02-25,Sonoma,097,501317,5,0,0,0,0
2020-02-25,Stanislaus,099,539301,2,0,2,2,0
2020-02-25,Sutter,101,95872,0,0,0,0,0
2020-02-25,Tehama,103,63373,0,0,0,0,0
2020-02-25,Trinity,105,12862,0,0,0,0,0
2020-02-25,Tulare,107,460477,3,0,0,0,0
2020-02-25,Tuolumne,109,53932,0,0,0,0,0
2020-02-25,Ventura,111,848112,4,0,0,0,0
2020-02-25,Yolo,113,214977,1,0,0,0,0
2020-02-25,Yuba,115,75493,0,0,0,0,0
2020-02-24,Alameda,001,1643700,13,0,0,0,0
2020-02-24,Alpine,003,1148,0,0,0,0,0
2020-02-24,Amador,005,37829,0,0,0,0,0
2020-02-24,Butte,007,227075,0,0,0,0,0
2020-02-24,Calaveras,009,45235,0,0,0,0,0
2020-02-24,Colusa,011,21464,0,0,0,0,0
2020-02-24,Contra Costa,013,1133247,9,0,0,0,0
2020-02-24,Del Norte,015,27424,0,0,0,0,0
2020-02-24,El Dorado,017,186661,0,0,0,0,0
2020-02-24,Fresno,019,978130,1,0,0,0,0
2020-02-24,Glenn,021,27897,0,0,0,0,0
2020-02-24,Humboldt,023,135768,1,1,0,1,0
2020-02-24,Imperial,025,180216,1,0,0,0,0
2020-02-24,Inyo,027,18085,0,0,0,0,0
2020-02-24,Kern,029,883053,2,0,0,0,0
2020-02-24,Kings,031,150075,3,0,1,1,0
2020-02-24,Lake,033,64148,0,0,0,0,0
2020-02-24,Lassen,035,31185,0,0,0,0,0
2020-02-24,Los Angeles,037,10098052,71,1,6,7,0
2020-02-24,Madera,039,155013,1,0,0,0,0
2020-02-24,Marin,041,260295,1,0,0,0,0
2020-02-24,Mariposa,043,17540,0,0,0,0,0
2020-02-24,Mendocino,045,87422,0,0,0,0,0
2020-02-24,Merced,047,269075,0,0,0,0,0
2020-02-24,Modoc,049,8938,0,0,0,0,0
2020-02-24,Mono,051,14174,0,0,0,0,0
2020-02-24,Monterey,053,433212,1,0,0,0,0
2020-02-24,Napa,055,140530,0,0,0,0,0
2020-02-24,Nevada,057,99092,0,0,1,1,0
2020-02-24,Orange,059,3164182,44,1,0,1,0
2020-02-24,Placer,061,380077,3,0,0,0,0
2020-02-24,Plumas,063,18699,0,0,0,0,0
2020-02-24,Riverside,065,2383286,9,0,1,1,0
2020-02-24,Sacramento,067,1510023,7,1,0,1,0
2020-02-24,San Benito,069,59416,0,2,0,2,0
2020-02-24,San Bernardino,071,2135413,21,0,0,0,0
2020-02-24,San Diego,073,3302833,7,2,0,2,0
2020-02-24,San Francisco,075,870044,6,0,0,0,0
2020-02-24,San Joaquin,077,732212,5,0,1,1,0
2020-02-24,San Luis Obispo,079,281455,2,0,0,0,0
2020-02-24,San Mateo,081,765935,13,0,0,0,0
2020-02-24,Santa Barbara,083,443738,0,0,0,0,0
2020-02-24,Santa Clara,085,1922200,38,2,1,3,0
2020-02-24,Santa Cruz,087,273765,5,0,0,0,0
2020-02-24,Shasta,089,179085,0,0,0,0,0
2020-02-24,Sierra,091,2930,0,0,0,0,0
2020-02-24,Siskiyou,093,43540,0,0,0,0,0
2020-02-24,Solano,095,438530,13,15,0,15,0
2020-02-24,Sonoma,097,501317,5,0,0,0,0
2020-02-24,Stanislaus,099,539301,2,0,2,2,0
2020-02-24,Sutter,101,95872,0,0,0,0,0
2020-02-24,Tehama,103,63373,0,0,0,0,0
2020-02-24,Trinity,105,12862,0,0,0,0,0
2020-02-24,Tulare,107,460477,3,0,0,0,0
2020-02-24,Tuolumne,109,53932,0,0,0,0,0
2020-02-24,Ventura,111,848112,4,0,0,0,0
2020-02-24,Yolo,113,214977,1,0,0,0,0
2020-02-24,Yuba,115,75493,0,0,0,0,0
2020-02-23,Alameda,001,1643700,11,0,0,0,0
2020-02-23,Alpine,003,1148,0,0,0,0,0
2020-02-23,Amador,005,37829,0,0,0,0,0
2020-02-23,Butte,007,227075,0,0,0,0,0
2020-02-23,Calaveras,009,45235,0,0,0,0,0
2020-02-23,Colusa,011,21464,0,0,0,0,0
2020-02-23,Contra Costa,013,1133247,6,0,0,0,0
2020-02-23,Del Norte,015,27424,0,0,0,0,0
2020-02-23,El Dorado,017,186661,0,0,0,0,0
2020-02-23,Fresno,019,978130,1,0,0,0,0
2020-02-23,Glenn,021,27897,0,0,0,0,0
2020-02-23,Humboldt,023,135768,1,1,0,1,0
2020-02-23,Imperial,025,180216,1,0,0,0,0
2020-02-23,Inyo,027,18085,0,0,0,0,0
2020-02-23,Kern,029,883053,2,0,0,0,0
2020-02-23,Kings,031,150075,3,0,1,1,0
2020-02-23,Lake,033,64148,0,0,0,0,0
2020-02-23,Lassen,035,31185,0,0,0,0,0
2020-02-23,Los Angeles,037,10098052,63,1,6,7,0
2020-02-23,Madera,039,155013,1,0,0,0,0
2020-02-23,Marin,041,260295,1,0,0,0,0
2020-02-23,Mariposa,043,17540,0,0,0,0,0
2020-02-23,Mendocino,045,87422,0,0,0,0,0
2020-02-23,Merced,047,269075,0,0,0,0,0
2020-02-23,Modoc,049,8938,0,0,0,0,0
2020-02-23,Mono,051,14174,0,0,0,0,0
2020-02-23,Monterey,053,433212,1,0,0,0,0
2020-02-23,Napa,055,140530,0,0,0,0,0
2020-02-23,Nevada,057,99092,0,0,1,1,0
2020-02-23,Orange,059,3164182,44,1,0,1,0
2020-02-23,Placer,061,380077,3,0,0,0,0
2020-02-23,Plumas,063,18699,0,0,0,0,0
2020-02-23,Riverside,065,2383286,9,0,0,0,0
2020-02-23,Sacramento,067,1510023,6,1,0,1,0
2020-02-23,San Benito,069,59416,0,2,0,2,0
2020-02-23,San Bernardino,071,2135413,20,0,0,0,0
2020-02-23,San Diego,073,3302833,6,2,0,2,0
2020-02-23,San Francisco,075,870044,5,0,0,0,0
2020-02-23,San Joaquin,077,732212,4,0,1,1,0
2020-02-23,San Luis Obispo,079,281455,2,0,0,0,0
2020-02-23,San Mateo,081,765935,10,0,0,0,0
2020-02-23,Santa Barbara,083,443738,0,0,0,0,0
2020-02-23,Santa Clara,085,1922200,26,2,1,3,0
2020-02-23,Santa Cruz,087,273765,2,0,0,0,0
2020-02-23,Shasta,089,179085,0,0,0,0,0
2020-02-23,Sierra,091,2930,0,0,0,0,0
2020-02-23,Siskiyou,093,43540,0,0,0,0,0
2020-02-23,Solano,095,438530,11,15,0,15,0
2020-02-23,Sonoma,097,501317,5,0,0,0,0
2020-02-23,Stanislaus,099,539301,2,0,2,2,0
2020-02-23,Sutter,101,95872,0,0,0,0,0
2020-02-23,Tehama,103,63373,0,0,0,0,0
2020-02-23,Trinity,105,12862,0,0,0,0,0
2020-02-23,Tulare,107,460477,2,0,0,0,0
2020-02-23,Tuolumne,109,53932,0,0,0,0,0
2020-02-23,Ventura,111,848112,4,0,0,0,0
2020-02-23,Yolo,113,214977,1,0,0,0,0
2020-02-23,Yuba,115,75493,0,0,0,0,0
2020-02-22,Alameda,001,1643700,10,0,0,0,0
2020-02-22,Alpine,003,1148,0,0,0,0,0
2020-02-22,Amador,005,37829,0,0,0,0,0
2020-02-22,Butte,007,227075,0,0,0,0,0
2020-02-22,Calaveras,009,45235,0,0,0,0,0
2020-02-22,Colusa,011,21464,0,0,0,0,0
2020-02-22,Contra Costa,013,1133247,5,0,0,0,0
2020-02-22,Del Norte,015,27424,0,0,0,0,0
2020-02-22,El Dorado,017,186661,0,0,0,0,0
2020-02-22,Fresno,019,978130,1,0,0,0,0
2020-02-22,Glenn,021,27897,0,0,0,0,0
2020-02-22,Humboldt,023,135768,1,1,0,1,0
2020-02-22,Imperial,025,180216,0,0,0,0,0
2020-02-22,Inyo,027,18085,0,0,0,0,0
2020-02-22,Kern,029,883053,2,0,0,0,0
2020-02-22,Kings,031,150075,3,0,1,1,0
2020-02-22,Lake,033,64148,0,0,0,0,0
2020-02-22,Lassen,035,31185,0,0,0,0,0
2020-02-22,Los Angeles,037,10098052,61,1,6,7,0
2020-02-22,Madera,039,155013,0,0,0,0,0
2020-02-22,Marin,041,260295,1,0,0,0,0
2020-02-22,Mariposa,043,17540,0,0,0,0,0
2020-02-22,Mendocino,045,87422,0,0,0,0,0
2020-02-22,Merced,047,269075,0,0,0,0,0
2020-02-22,Modoc,049,8938,0,0,0,0,0
2020-02-22,Mono,051,14174,0,0,0,0,0
2020-02-22,Monterey,053,433212,1,0,0,0,0
2020-02-22,Napa,055,140530,0,0,0,0,0
2020-02-22,Nevada,057,99092,0,0,1,1,0
2020-02-22,Orange,059,3164182,43,1,0,1,0
2020-02-22,Placer,061,380077,3,0,0,0,0
2020-02-22,Plumas,063,18699,0,0,0,0,0
2020-02-22,Riverside,065,2383286,9,0,0,0,0
2020-02-22,Sacramento,067,1510023,6,1,0,1,0
2020-02-22,San Benito,069,59416,0,2,0,2,0
2020-02-22,San Bernardino,071,2135413,18,0,0,0,0
2020-02-22,San Diego,073,3302833,5,2,0,2,0
2020-02-22,San Francisco,075,870044,3,0,0,0,0
2020-02-22,San Joaquin,077,732212,4,0,1,1,0
2020-02-22,San Luis Obispo,079,281455,2,0,0,0,0
2020-02-22,San Mateo,081,765935,8,0,0,0,0
2020-02-22,Santa Barbara,083,443738,0,0,0,0,0
2020-02-22,Santa Clara,085,1922200,23,2,1,3,0
2020-02-22,Santa Cruz,087,273765,2,0,0,0,0
2020-02-22,Shasta,089,179085,0,0,0,0,0
2020-02-22,Sierra,091,2930,0,0,0,0,0
2020-02-22,Siskiyou,093,43540,0,0,0,0,0
2020-02-22,Solano,095,438530,11,11,0,11,0
2020-02-22,Sonoma,097,501317,4,0,0,0,0
2020-02-22,Stanislaus,099,539301,2,0,2,2,0
2020-02-22,Sutter,101,95872,0,0,0,0,0
2020-02-22,Tehama,103,63373,0,0,0,0,0
2020-02-22,Trinity,105,12862,0,0,0,0,0
2020-02-22,Tulare,107,460477,2,0,0,0,0
2020-02-22,Tuolumne,109,53932,0,0,0,0,0
2020-02-22,Ventura,111,848112,4,0,0,0,0
2020-02-22,Yolo,113,214977,0,0,0,0,0
2020-02-22,Yuba,115,75493,0,0,0,0,0
2020-02-21,Alameda,001,1643700,9,0,0,0,0
2020-02-21,Alpine,003,1148,0,0,0,0,0
2020-02-21,Amador,005,37829,0,0,0,0,0
2020-02-21,Butte,007,227075,0,0,0,0,0
2020-02-21,Calaveras,009,45235,0,0,0,0,0
2020-02-21,Colusa,011,21464,0,0,0,0,0
2020-02-21,Contra Costa,013,1133247,4,0,0,0,0
2020-02-21,Del Norte,015,27424,0,0,0,0,0
2020-02-21,El Dorado,017,186661,0,0,0,0,0
2020-02-21,Fresno,019,978130,1,0,0,0,0
2020-02-21,Glenn,021,27897,0,0,0,0,0
2020-02-21,Humboldt,023,135768,1,1,0,1,0
2020-02-21,Imperial,025,180216,0,0,0,0,0
2020-02-21,Inyo,027,18085,0,0,0,0,0
2020-02-21,Kern,029,883053,2,0,0,0,0
2020-02-21,Kings,031,150075,3,0,1,1,0
2020-02-21,Lake,033,64148,0,0,0,0,0
2020-02-21,Lassen,035,31185,0,0,0,0,0
2020-02-21,Los Angeles,037,10098052,57,1,6,7,0
2020-02-21,Madera,039,155013,0,0,0,0,0
2020-02-21,Marin,041,260295,1,0,0,0,0
2020-02-21,Mariposa,043,17540,0,0,0,0,0
2020-02-21,Mendocino,045,87422,0,0,0,0,0
2020-02-21,Merced,047,269075,0,0,0,0,0
2020-02-21,Modoc,049,8938,0,0,0,0,0
2020-02-21,Mono,051,14174,0,0,0,0,0
2020-02-21,Monterey,053,433212,1,0,0,0,0
2020-02-21,Napa,055,140530,0,0,0,0,0
2020-02-21,Nevada,057,99092,0,0,1,1,0
2020-02-21,Orange,059,3164182,41,1,0,1,0
2020-02-21,Placer,061,380077,2,0,0,0,0
2020-02-21,Plumas,063,18699,0,0,0,0,0
2020-02-21,Riverside,065,2383286,9,0,0,0,0
2020-02-21,Sacramento,067,1510023,5,1,0,1,0
2020-02-21,San Benito,069,59416,0,2,0,2,0
2020-02-21,San Bernardino,071,2135413,17,0,0,0,0
2020-02-21,San Diego,073,3302833,5,2,0,2,0
2020-02-21,San Francisco,075,870044,3,0,0,0,0
2020-02-21,San Joaquin,077,732212,2,0,1,1,0
2020-02-21,San Luis Obispo,079,281455,2,0,0,0,0
2020-02-21,San Mateo,081,765935,8,0,0,0,0
2020-02-21,Santa Barbara,083,443738,0,0,0,0,0
2020-02-21,Santa Clara,085,1922200,21,2,1,3,0
2020-02-21,Santa Cruz,087,273765,2,0,0,0,0
2020-02-21,Shasta,089,179085,0,0,0,0,0
2020-02-21,Sierra,091,2930,0,0,0,0,0
2020-02-21,Siskiyou,093,43540,0,0,0,0,0
2020-02-21,Solano,095,438530,10,11,0,11,0
2020-02-21,Sonoma,097,501317,3,0,0,0,0
2020-02-21,Stanislaus,099,539301,2,0,2,2,0
2020-02-21,Sutter,101,95872,0,0,0,0,0
2020-02-21,Tehama,103,63373,0,0,0,0,0
2020-02-21,Trinity,105,12862,0,0,0,0,0
2020-02-21,Tulare,107,460477,2,0,0,0,0
2020-02-21,Tuolumne,109,53932,0,0,0,0,0
2020-02-21,Ventura,111,848112,4,0,0,0,0
2020-02-21,Yolo,113,214977,0,0,0,0,0
2020-02-21,Yuba,115,75493,0,0,0,0,0
2020-02-20,Alameda,001,1643700,7,0,0,0,0
2020-02-20,Alpine,003,1148,0,0,0,0,0
2020-02-20,Amador,005,37829,0,0,0,0,0
2020-02-20,Butte,007,227075,0,0,0,0,0
2020-02-20,Calaveras,009,45235,0,0,0,0,0
2020-02-20,Colusa,011,21464,0,0,0,0,0
2020-02-20,Contra Costa,013,1133247,3,0,0,0,0
2020-02-20,Del Norte,015,27424,0,0,0,0,0
2020-02-20,El Dorado,017,186661,0,0,0,0,0
2020-02-20,Fresno,019,978130,1,0,0,0,0
2020-02-20,Glenn,021,27897,0,0,0,0,0
2020-02-20,Humboldt,023,135768,1,1,0,1,0
2020-02-20,Imperial,025,180216,0,0,0,0,0
2020-02-20,Inyo,027,18085,0,0,0,0,0
2020-02-20,Kern,029,883053,2,0,0,0,0
2020-02-20,Kings,031,150075,3,0,1,1,0
2020-02-20,Lake,033,64148,0,0,0,0,0
2020-02-20,Lassen,035,31185,0,0,0,0,0
2020-02-20,Los Angeles,037,10098052,56,1,5,6,0
2020-02-20,Madera,039,155013,0,0,0,0,0
2020-02-20,Marin,041,260295,0,0,0,0,0
2020-02-20,Mariposa,043,17540,0,0,0,0,0
2020-02-20,Mendocino,045,87422,0,0,0,0,0
2020-02-20,Merced,047,269075,0,0,0,0,0
2020-02-20,Modoc,049,8938,0,0,0,0,0
2020-02-20,Mono,051,14174,0,0,0,0,0
2020-02-20,Monterey,053,433212,1,0,0,0,0
2020-02-20,Napa,055,140530,0,0,0,0,0
2020-02-20,Nevada,057,99092,0,0,1,1,0
2020-02-20,Orange,059,3164182,41,1,0,1,0
2020-02-20,Placer,061,380077,2,0,0,0,0
2020-02-20,Plumas,063,18699,0,0,0,0,0
2020-02-20,Riverside,065,2383286,7,0,0,0,0
2020-02-20,Sacramento,067,1510023,2,1,0,1,0
2020-02-20,San Benito,069,59416,0,2,0,2,0
2020-02-20,San Bernardino,071,2135413,15,0,0,0,0
2020-02-20,San Diego,073,3302833,5,2,0,2,0
2020-02-20,San Francisco,075,870044,3,0,0,0,0
2020-02-20,San Joaquin,077,732212,2,0,1,1,0
2020-02-20,San Luis Obispo,079,281455,2,0,0,0,0
2020-02-20,San Mateo,081,765935,7,0,0,0,0
2020-02-20,Santa Barbara,083,443738,0,0,0,0,0
2020-02-20,Santa Clara,085,1922200,17,2,1,3,0
2020-02-20,Santa Cruz,087,273765,2,0,0,0,0
2020-02-20,Shasta,089,179085,0,0,0,0,0
2020-02-20,Sierra,091,2930,0,0,0,0,0
2020-02-20,Siskiyou,093,43540,0,0,0,0,0
2020-02-20,Solano,095,438530,8,7,0,7,0
2020-02-20,Sonoma,097,501317,2,0,0,0,0
2020-02-20,Stanislaus,099,539301,2,0,2,2,0
2020-02-20,Sutter,101,95872,0,0,0,0,0
2020-02-20,Tehama,103,63373,0,0,0,0,0
2020-02-20,Trinity,105,12862,0,0,0,0,0
2020-02-20,Tulare,107,460477,2,0,0,0,0
2020-02-20,Tuolumne,109,53932,0,0,0,0,0
2020-02-20,Ventura,111,848112,4,0,0,0,0
2020-02-20,Yolo,113,214977,0,0,0,0,0
2020-02-20,Yuba,115,75493,0,0,0,0,0
2020-02-19,Alameda,001,1643700,6,0,0,0,0
2020-02-19,Alpine,003,1148,0,0,0,0,0
2020-02-19,Amador,005,37829,0,0,0,0,0
2020-02-19,Butte,007,227075,0,0,0,0,0
2020-02-19,Calaveras,009,45235,0,0,0,0,0
2020-02-19,Colusa,011,21464,0,0,0,0,0
2020-02-19,Contra Costa,013,1133247,3,0,0,0,0
2020-02-19,Del Norte,015,27424,0,0,0,0,0
2020-02-19,El Dorado,017,186661,0,0,0,0,0
2020-02-19,Fresno,019,978130,1,0,0,0,0
2020-02-19,Glenn,021,27897,0,0,0,0,0
2020-02-19,Humboldt,023,135768,1,0,0,0,0
2020-02-19,Imperial,025,180216,0,0,0,0,0
2020-02-19,Inyo,027,18085,0,0,0,0,0
2020-02-19,Kern,029,883053,2,0,0,0,0
2020-02-19,Kings,031,150075,3,0,1,1,0
2020-02-19,Lake,033,64148,0,0,0,0,0
2020-02-19,Lassen,035,31185,0,0,0,0,0
2020-02-19,Los Angeles,037,10098052,53,1,5,6,0
2020-02-19,Madera,039,155013,0,0,0,0,0
2020-02-19,Marin,041,260295,0,0,0,0,0
2020-02-19,Mariposa,043,17540,0,0,0,0,0
2020-02-19,Mendocino,045,87422,0,0,0,0,0
2020-02-19,Merced,047,269075,0,0,0,0,0
2020-02-19,Modoc,049,8938,0,0,0,0,0
2020-02-19,Mono,051,14174,0,0,0,0,0
2020-02-19,Monterey,053,433212,1,0,0,0,0
2020-02-19,Napa,055,140530,0,0,0,0,0
2020-02-19,Nevada,057,99092,0,0,1,1,0
2020-02-19,Orange,059,3164182,40,1,0,1,0
2020-02-19,Placer,061,380077,2,0,0,0,0
2020-02-19,Plumas,063,18699,0,0,0,0,0
2020-02-19,Riverside,065,2383286,5,0,0,0,0
2020-02-19,Sacramento,067,1510023,2,0,0,0,0
2020-02-19,San Benito,069,59416,0,2,0,2,0
2020-02-19,San Bernardino,071,2135413,14,0,0,0,0
2020-02-19,San Diego,073,3302833,4,2,0,2,0
2020-02-19,San Francisco,075,870044,2,0,0,0,0
2020-02-19,San Joaquin,077,732212,2,0,1,1,0
2020-02-19,San Luis Obispo,079,281455,2,0,0,0,0
2020-02-19,San Mateo,081,765935,6,0,0,0,0
2020-02-19,Santa Barbara,083,443738,0,0,0,0,0
2020-02-19,Santa Clara,085,1922200,15,2,1,3,0
2020-02-19,Santa Cruz,087,273765,0,0,0,0,0
2020-02-19,Shasta,089,179085,0,0,0,0,0
2020-02-19,Sierra,091,2930,0,0,0,0,0
2020-02-19,Siskiyou,093,43540,0,0,0,0,0
2020-02-19,Solano,095,438530,5,7,0,7,0
2020-02-19,Sonoma,097,501317,2,0,0,0,0
2020-02-19,Stanislaus,099,539301,1,0,2,2,0
2020-02-19,Sutter,101,95872,0,0,0,0,0
2020-02-19,Tehama,103,63373,0,0,0,0,0
2020-02-19,Trinity,105,12862,0,0,0,0,0
2020-02-19,Tulare,107,460477,2,0,0,0,0
2020-02-19,Tuolumne,109,53932,0,0,0,0,0
2020-02-19,Ventura,111,848112,2,0,0,0,0
2020-02-19,Yolo,113,214977,0,0,0,0,0
2020-02-19,Yuba,115,75493,0,0,0,0,0
2020-02-18,Alameda,001,1643700,6,0,0,0,0
2020-02-18,Alpine,003,1148,0,0,0,0,0
2020-02-18,Amador,005,37829,0,0,0,0,0
2020-02-18,Butte,007,227075,0,0,0,0,0
2020-02-18,Calaveras,009,45235,0,0,0,0,0
2020-02-18,Colusa,011,21464,0,0,0,0,0
2020-02-18,Contra Costa,013,1133247,3,0,0,0,0
2020-02-18,Del Norte,015,27424,0,0,0,0,0
2020-02-18,El Dorado,017,186661,0,0,0,0,0
2020-02-18,Fresno,019,978130,0,0,0,0,0
2020-02-18,Glenn,021,27897,0,0,0,0,0
2020-02-18,Humboldt,023,135768,1,0,0,0,0
2020-02-18,Imperial,025,180216,0,0,0,0,0
2020-02-18,Inyo,027,18085,0,0,0,0,0
2020-02-18,Kern,029,883053,2,0,0,0,0
2020-02-18,Kings,031,150075,3,0,1,1,0
2020-02-18,Lake,033,64148,0,0,0,0,0
2020-02-18,Lassen,035,31185,0,0,0,0,0
2020-02-18,Los Angeles,037,10098052,50,1,4,5,0
2020-02-18,Madera,039,155013,0,0,0,0,0
2020-02-18,Marin,041,260295,0,0,0,0,0
2020-02-18,Mariposa,043,17540,0,0,0,0,0
2020-02-18,Mendocino,045,87422,0,0,0,0,0
2020-02-18,Merced,047,269075,0,0,0,0,0
2020-02-18,Modoc,049,8938,0,0,0,0,0
2020-02-18,Mono,051,14174,0,0,0,0,0
2020-02-18,Monterey,053,433212,1,0,0,0,0
2020-02-18,Napa,055,140530,0,0,0,0,0
2020-02-18,Nevada,057,99092,0,0,1,1,0
2020-02-18,Orange,059,3164182,39,1,0,1,0
2020-02-18,Placer,061,380077,0,0,0,0,0
2020-02-18,Plumas,063,18699,0,0,0,0,0
2020-02-18,Riverside,065,2383286,5,0,0,0,0
2020-02-18,Sacramento,067,1510023,2,0,0,0,0
2020-02-18,San Benito,069,59416,0,2,0,2,0
2020-02-18,San Bernardino,071,2135413,13,0,0,0,0
2020-02-18,San Diego,073,3302833,4,2,0,2,0
2020-02-18,San Francisco,075,870044,2,0,0,0,0
2020-02-18,San Joaquin,077,732212,1,0,1,1,0
2020-02-18,San Luis Obispo,079,281455,2,0,0,0,0
2020-02-18,San Mateo,081,765935,5,0,0,0,0
2020-02-18,Santa Barbara,083,443738,0,0,0,0,0
2020-02-18,Santa Clara,085,1922200,14,2,1,3,0
2020-02-18,Santa Cruz,087,273765,0,0,0,0,0
2020-02-18,Shasta,089,179085,0,0,0,0,0
2020-02-18,Sierra,091,2930,0,0,0,0,0
2020-02-18,Siskiyou,093,43540,0,0,0,0,0
2020-02-18,Solano,095,438530,5,7,0,7,0
2020-02-18,Sonoma,097,501317,1,0,0,0,0
2020-02-18,Stanislaus,099,539301,1,0,2,2,0
2020-02-18,Sutter,101,95872,0,0,0,0,0
2020-02-18,Tehama,103,63373,0,0,0,0,0
2020-02-18,Trinity,105,12862,0,0,0,0,0
2020-02-18,Tulare,107,460477,2,0,0,0,0
2020-02-18,Tuolumne,109,53932,0,0,0,0,0
2020-02-18,Ventura,111,848112,2,0,0,0,0
2020-02-18,Yolo,113,214977,0,0,0,0,0
2020-02-18,Yuba,115,75493,0,0,0,0,0
2020-02-17,Alameda,001,1643700,6,0,0,0,0
2020-02-17,Alpine,003,1148,0,0,0,0,0
2020-02-17,Amador,005,37829,0,0,0,0,0
2020-02-17,Butte,007,227075,0,0,0,0,0
2020-02-17,Calaveras,009,45235,0,0,0,0,0
2020-02-17,Colusa,011,21464,0,0,0,0,0
2020-02-17,Contra Costa,013,1133247,3,0,0,0,0
2020-02-17,Del Norte,015,27424,0,0,0,0,0
2020-02-17,El Dorado,017,186661,0,0,0,0,0
2020-02-17,Fresno,019,978130,0,0,0,0,0
2020-02-17,Glenn,021,27897,0,0,0,0,0
2020-02-17,Humboldt,023,135768,1,0,0,0,0
2020-02-17,Imperial,025,180216,0,0,0,0,0
2020-02-17,Inyo,027,18085,0,0,0,0,0
2020-02-17,Kern,029,883053,2,0,0,0,0
2020-02-17,Kings,031,150075,3,0,0,0,0
2020-02-17,Lake,033,64148,0,0,0,0,0
2020-02-17,Lassen,035,31185,0,0,0,0,0
2020-02-17,Los Angeles,037,10098052,47,1,4,5,0
2020-02-17,Madera,039,155013,0,0,0,0,0
2020-02-17,Marin,041,260295,0,0,0,0,0
2020-02-17,Mariposa,043,17540,0,0,0,0,0
2020-02-17,Mendocino,045,87422,0,0,0,0,0
2020-02-17,Merced,047,269075,0,0,0,0,0
2020-02-17,Modoc,049,8938,0,0,0,0,0
2020-02-17,Mono,051,14174,0,0,0,0,0
2020-02-17,Monterey,053,433212,1,0,0,0,0
2020-02-17,Napa,055,140530,0,0,0,0,0
2020-02-17,Nevada,057,99092,0,0,1,1,0
2020-02-17,Orange,059,3164182,39,1,0,1,0
2020-02-17,Placer,061,380077,0,0,0,0,0
2020-02-17,Plumas,063,18699,0,0,0,0,0
2020-02-17,Riverside,065,2383286,5,0,0,0,0
2020-02-17,Sacramento,067,1510023,2,0,0,0,0
2020-02-17,San Benito,069,59416,0,2,0,2,0
2020-02-17,San Bernardino,071,2135413,11,0,0,0,0
2020-02-17,San Diego,073,3302833,4,2,0,2,0
2020-02-17,San Francisco,075,870044,2,0,0,0,0
2020-02-17,San Joaquin,077,732212,1,0,1,1,0
2020-02-17,San Luis Obispo,079,281455,1,0,0,0,0
2020-02-17,San Mateo,081,765935,5,0,0,0,0
2020-02-17,Santa Barbara,083,443738,0,0,0,0,0
2020-02-17,Santa Clara,085,1922200,12,2,1,3,0
2020-02-17,Santa Cruz,087,273765,0,0,0,0,0
2020-02-17,Shasta,089,179085,0,0,0,0,0
2020-02-17,Sierra,091,2930,0,0,0,0,0
2020-02-17,Siskiyou,093,43540,0,0,0,0,0
2020-02-17,Solano,095,438530,3,5,0,5,0
2020-02-17,Sonoma,097,501317,1,0,0,0,0
2020-02-17,Stanislaus,099,539301,1,0,2,2,0
2020-02-17,Sutter,101,95872,0,0,0,0,0
2020-02-17,Tehama,103,63373,0,0,0,0,0
2020-02-17,Trinity,105,12862,0,0,0,0,0
2020-02-17,Tulare,107,460477,2,0,0,0,0
2020-02-17,Tuolumne,109,53932,0,0,0,0,0
2020-02-17,Ventura,111,848112,2,0,0,0,0
2020-02-17,Yolo,113,214977,0,0,0,0,0
2020-02-17,Yuba,115,75493,0,0,0,0,0
2020-02-16,Alameda,001,1643700,5,0,0,0,0
2020-02-16,Alpine,003,1148,0,0,0,0,0
2020-02-16,Amador,005,37829,0,0,0,0,0
2020-02-16,Butte,007,227075,0,0,0,0,0
2020-02-16,Calaveras,009,45235,0,0,0,0,0
2020-02-16,Colusa,011,21464,0,0,0,0,0
2020-02-16,Contra Costa,013,1133247,3,0,0,0,0
2020-02-16,Del Norte,015,27424,0,0,0,0,0
2020-02-16,El Dorado,017,186661,0,0,0,0,0
2020-02-16,Fresno,019,978130,0,0,0,0,0
2020-02-16,Glenn,021,27897,0,0,0,0,0
2020-02-16,Humboldt,023,135768,1,0,0,0,0
2020-02-16,Imperial,025,180216,0,0,0,0,0
2020-02-16,Inyo,027,18085,0,0,0,0,0
2020-02-16,Kern,029,883053,2,0,0,0,0
2020-02-16,Kings,031,150075,3,0,0,0,0
2020-02-16,Lake,033,64148,0,0,0,0,0
2020-02-16,Lassen,035,31185,0,0,0,0,0
2020-02-16,Los Angeles,037,10098052,41,1,4,5,0
2020-02-16,Madera,039,155013,0,0,0,0,0
2020-02-16,Marin,041,260295,0,0,0,0,0
2020-02-16,Mariposa,043,17540,0,0,0,0,0
2020-02-16,Mendocino,045,87422,0,0,0,0,0
2020-02-16,Merced,047,269075,0,0,0,0,0
2020-02-16,Modoc,049,8938,0,0,0,0,0
2020-02-16,Mono,051,14174,0,0,0,0,0
2020-02-16,Monterey,053,433212,1,0,0,0,0
2020-02-16,Napa,055,140530,0,0,0,0,0
2020-02-16,Nevada,057,99092,0,0,0,0,0
2020-02-16,Orange,059,3164182,38,1,0,1,0
2020-02-16,Placer,061,380077,0,0,0,0,0
2020-02-16,Plumas,063,18699,0,0,0,0,0
2020-02-16,Riverside,065,2383286,5,0,0,0,0
2020-02-16,Sacramento,067,1510023,2,0,0,0,0
2020-02-16,San Benito,069,59416,0,2,0,2,0
2020-02-16,San Bernardino,071,2135413,10,0,0,0,0
2020-02-16,San Diego,073,3302833,4,2,0,2,0
2020-02-16,San Francisco,075,870044,2,0,0,0,0
2020-02-16,San Joaquin,077,732212,1,0,1,1,0
2020-02-16,San Luis Obispo,079,281455,1,0,0,0,0
2020-02-16,San Mateo,081,765935,4,0,0,0,0
2020-02-16,Santa Barbara,083,443738,0,0,0,0,0
2020-02-16,Santa Clara,085,1922200,10,2,1,3,0
2020-02-16,Santa Cruz,087,273765,0,0,0,0,0
2020-02-16,Shasta,089,179085,0,0,0,0,0
2020-02-16,Sierra,091,2930,0,0,0,0,0
2020-02-16,Siskiyou,093,43540,0,0,0,0,0
2020-02-16,Solano,095,438530,1,0,0,0,0
2020-02-16,Sonoma,097,501317,1,0,0,0,0
2020-02-16,Stanislaus,099,539301,1,0,2,2,0
2020-02-16,Sutter,101,95872,0,0,0,0,0
2020-02-16,Tehama,103,63373,0,0,0,0,0
2020-02-16,Trinity,105,12862,0,0,0,0,0
2020-02-16,Tulare,107,460477,2,0,0,0,0
2020-02-16,Tuolumne,109,53932,0,0,0,0,0
2020-02-16,Ventura,111,848112,2,0,0,0,0
2020-02-16,Yolo,113,214977,0,0,0,0,0
2020-02-16,Yuba,115,75493,0,0,0,0,0
2020-02-15,Alameda,001,1643700,5,0,0,0,0
2020-02-15,Alpine,003,1148,0,0,0,0,0
2020-02-15,Amador,005,37829,0,0,0,0,0
2020-02-15,Butte,007,227075,0,0,0,0,0
2020-02-15,Calaveras,009,45235,0,0,0,0,0
2020-02-15,Colusa,011,21464,0,0,0,0,0
2020-02-15,Contra Costa,013,1133247,3,0,0,0,0
2020-02-15,Del Norte,015,27424,0,0,0,0,0
2020-02-15,El Dorado,017,186661,0,0,0,0,0
2020-02-15,Fresno,019,978130,0,0,0,0,0
2020-02-15,Glenn,021,27897,0,0,0,0,0
2020-02-15,Humboldt,023,135768,1,0,0,0,0
2020-02-15,Imperial,025,180216,0,0,0,0,0
2020-02-15,Inyo,027,18085,0,0,0,0,0
2020-02-15,Kern,029,883053,2,0,0,0,0
2020-02-15,Kings,031,150075,3,0,0,0,0
2020-02-15,Lake,033,64148,0,0,0,0,0
2020-02-15,Lassen,035,31185,0,0,0,0,0
2020-02-15,Los Angeles,037,10098052,38,1,4,5,0
2020-02-15,Madera,039,155013,0,0,0,0,0
2020-02-15,Marin,041,260295,0,0,0,0,0
2020-02-15,Mariposa,043,17540,0,0,0,0,0
2020-02-15,Mendocino,045,87422,0,0,0,0,0
2020-02-15,Merced,047,269075,0,0,0,0,0
2020-02-15,Modoc,049,8938,0,0,0,0,0
2020-02-15,Mono,051,14174,0,0,0,0,0
2020-02-15,Monterey,053,433212,1,0,0,0,0
2020-02-15,Napa,055,140530,0,0,0,0,0
2020-02-15,Nevada,057,99092,0,0,0,0,0
2020-02-15,Orange,059,3164182,37,1,0,1,0
2020-02-15,Placer,061,380077,0,0,0,0,0
2020-02-15,Plumas,063,18699,0,0,0,0,0
2020-02-15,Riverside,065,2383286,4,0,0,0,0
2020-02-15,Sacramento,067,1510023,2,0,0,0,0
2020-02-15,San Benito,069,59416,0,2,0,2,0
2020-02-15,San Bernardino,071,2135413,9,0,0,0,0
2020-02-15,San Diego,073,3302833,4,2,0,2,0
2020-02-15,San Francisco,075,870044,2,0,0,0,0
2020-02-15,San Joaquin,077,732212,1,0,1,1,0
2020-02-15,San Luis Obispo,079,281455,1,0,0,0,0
2020-02-15,San Mateo,081,765935,4,0,0,0,0
2020-02-15,Santa Barbara,083,443738,0,0,0,0,0
2020-02-15,Santa Clara,085,1922200,10,2,1,3,0
2020-02-15,Santa Cruz,087,273765,0,0,0,0,0
2020-02-15,Shasta,089,179085,0,0,0,0,0
2020-02-15,Sierra,091,2930,0,0,0,0,0
2020-02-15,Siskiyou,093,43540,0,0,0,0,0
2020-02-15,Solano,095,438530,1,0,0,0,0
2020-02-15,Sonoma,097,501317,0,0,0,0,0
2020-02-15,Stanislaus,099,539301,1,0,2,2,0
2020-02-15,Sutter,101,95872,0,0,0,0,0
2020-02-15,Tehama,103,63373,0,0,0,0,0
2020-02-15,Trinity,105,12862,0,0,0,0,0
2020-02-15,Tulare,107,460477,2,0,0,0,0
2020-02-15,Tuolumne,109,53932,0,0,0,0,0
2020-02-15,Ventura,111,848112,2,0,0,0,0
2020-02-15,Yolo,113,214977,0,0,0,0,0
2020-02-15,Yuba,115,75493,0,0,0,0,0
2020-02-14,Alameda,001,1643700,4,0,0,0,0
2020-02-14,Alpine,003,1148,0,0,0,0,0
2020-02-14,Amador,005,37829,0,0,0,0,0
2020-02-14,Butte,007,227075,0,0,0,0,0
2020-02-14,Calaveras,009,45235,0,0,0,0,0
2020-02-14,Colusa,011,21464,0,0,0,0,0
2020-02-14,Contra Costa,013,1133247,3,0,0,0,0
2020-02-14,Del Norte,015,27424,0,0,0,0,0
2020-02-14,El Dorado,017,186661,0,0,0,0,0
2020-02-14,Fresno,019,978130,0,0,0,0,0
2020-02-14,Glenn,021,27897,0,0,0,0,0
2020-02-14,Humboldt,023,135768,1,0,0,0,0
2020-02-14,Imperial,025,180216,0,0,0,0,0
2020-02-14,Inyo,027,18085,0,0,0,0,0
2020-02-14,Kern,029,883053,2,0,0,0,0
2020-02-14,Kings,031,150075,1,0,0,0,0
2020-02-14,Lake,033,64148,0,0,0,0,0
2020-02-14,Lassen,035,31185,0,0,0,0,0
2020-02-14,Los Angeles,037,10098052,33,1,4,5,0
2020-02-14,Madera,039,155013,0,0,0,0,0
2020-02-14,Marin,041,260295,0,0,0,0,0
2020-02-14,Mariposa,043,17540,0,0,0,0,0
2020-02-14,Mendocino,045,87422,0,0,0,0,0
2020-02-14,Merced,047,269075,0,0,0,0,0
2020-02-14,Modoc,049,8938,0,0,0,0,0
2020-02-14,Mono,051,14174,0,0,0,0,0
2020-02-14,Monterey,053,433212,1,0,0,0,0
2020-02-14,Napa,055,140530,0,0,0,0,0
2020-02-14,Nevada,057,99092,0,0,0,0,0
2020-02-14,Orange,059,3164182,37,1,0,1,0
2020-02-14,Placer,061,380077,0,0,0,0,0
2020-02-14,Plumas,063,18699,0,0,0,0,0
2020-02-14,Riverside,065,2383286,4,0,0,0,0
2020-02-14,Sacramento,067,1510023,1,0,0,0,0
2020-02-14,San Benito,069,59416,0,2,0,2,0
2020-02-14,San Bernardino,071,2135413,9,0,0,0,0
2020-02-14,San Diego,073,3302833,3,2,0,2,0
2020-02-14,San Francisco,075,870044,2,0,0,0,0
2020-02-14,San Joaquin,077,732212,1,0,1,1,0
2020-02-14,San Luis Obispo,079,281455,0,0,0,0,0
2020-02-14,San Mateo,081,765935,3,0,0,0,0
2020-02-14,Santa Barbara,083,443738,0,0,0,0,0
2020-02-14,Santa Clara,085,1922200,8,2,1,3,0
2020-02-14,Santa Cruz,087,273765,0,0,0,0,0
2020-02-14,Shasta,089,179085,0,0,0,0,0
2020-02-14,Sierra,091,2930,0,0,0,0,0
2020-02-14,Siskiyou,093,43540,0,0,0,0,0
2020-02-14,Solano,095,438530,1,0,0,0,0
2020-02-14,Sonoma,097,501317,0,0,0,0,0
2020-02-14,Stanislaus,099,539301,1,0,2,2,0
2020-02-14,Sutter,101,95872,0,0,0,0,0
2020-02-14,Tehama,103,63373,0,0,0,0,0
2020-02-14,Trinity,105,12862,0,0,0,0,0
2020-02-14,Tulare,107,460477,2,0,0,0,0
2020-02-14,Tuolumne,109,53932,0,0,0,0,0
2020-02-14,Ventura,111,848112,2,0,0,0,0
2020-02-14,Yolo,113,214977,0,0,0,0,0
2020-02-14,Yuba,115,75493,0,0,0,0,0
2020-02-13,Alameda,001,1643700,4,0,0,0,0
2020-02-13,Alpine,003,1148,0,0,0,0,0
2020-02-13,Amador,005,37829,0,0,0,0,0
2020-02-13,Butte,007,227075,0,0,0,0,0
2020-02-13,Calaveras,009,45235,0,0,0,0,0
2020-02-13,Colusa,011,21464,0,0,0,0,0
2020-02-13,Contra Costa,013,1133247,3,0,0,0,0
2020-02-13,Del Norte,015,27424,0,0,0,0,0
2020-02-13,El Dorado,017,186661,0,0,0,0,0
2020-02-13,Fresno,019,978130,0,0,0,0,0
2020-02-13,Glenn,021,27897,0,0,0,0,0
2020-02-13,Humboldt,023,135768,1,0,0,0,0
2020-02-13,Imperial,025,180216,0,0,0,0,0
2020-02-13,Inyo,027,18085,0,0,0,0,0
2020-02-13,Kern,029,883053,2,0,0,0,0
2020-02-13,Kings,031,150075,1,0,0,0,0
2020-02-13,Lake,033,64148,0,0,0,0,0
2020-02-13,Lassen,035,31185,0,0,0,0,0
2020-02-13,Los Angeles,037,10098052,30,1,3,4,0
2020-02-13,Madera,039,155013,0,0,0,0,0
2020-02-13,Marin,041,260295,0,0,0,0,0
2020-02-13,Mariposa,043,17540,0,0,0,0,0
2020-02-13,Mendocino,045,87422,0,0,0,0,0
2020-02-13,Merced,047,269075,0,0,0,0,0
2020-02-13,Modoc,049,8938,0,0,0,0,0
2020-02-13,Mono,051,14174,0,0,0,0,0
2020-02-13,Monterey,053,433212,1,0,0,0,0
2020-02-13,Napa,055,140530,0,0,0,0,0
2020-02-13,Nevada,057,99092,0,0,0,0,0
2020-02-13,Orange,059,3164182,36,1,0,1,0
2020-02-13,Placer,061,380077,0,0,0,0,0
2020-02-13,Plumas,063,18699,0,0,0,0,0
2020-02-13,Riverside,065,2383286,4,0,0,0,0
2020-02-13,Sacramento,067,1510023,1,0,0,0,0
2020-02-13,San Benito,069,59416,0,2,0,2,0
2020-02-13,San Bernardino,071,2135413,8,0,0,0,0
2020-02-13,San Diego,073,3302833,2,2,0,2,0
2020-02-13,San Francisco,075,870044,2,0,0,0,0
2020-02-13,San Joaquin,077,732212,1,0,1,1,0
2020-02-13,San Luis Obispo,079,281455,0,0,0,0,0
2020-02-13,San Mateo,081,765935,2,0,0,0,0
2020-02-13,Santa Barbara,083,443738,0,0,0,0,0
2020-02-13,Santa Clara,085,1922200,7,2,0,2,0
2020-02-13,Santa Cruz,087,273765,0,0,0,0,0
2020-02-13,Shasta,089,179085,0,0,0,0,0
2020-02-13,Sierra,091,2930,0,0,0,0,0
2020-02-13,Siskiyou,093,43540,0,0,0,0,0
2020-02-13,Solano,095,438530,0,0,0,0,0
2020-02-13,Sonoma,097,501317,0,0,0,0,0
2020-02-13,Stanislaus,099,539301,1,0,1,1,0
2020-02-13,Sutter,101,95872,0,0,0,0,0
2020-02-13,Tehama,103,63373,0,0,0,0,0
2020-02-13,Trinity,105,12862,0,0,0,0,0
2020-02-13,Tulare,107,460477,2,0,0,0,0
2020-02-13,Tuolumne,109,53932,0,0,0,0,0
2020-02-13,Ventura,111,848112,2,0,0,0,0
2020-02-13,Yolo,113,214977,0,0,0,0,0
2020-02-13,Yuba,115,75493,0,0,0,0,0
2020-02-12,Alameda,001,1643700,4,0,0,0,0
2020-02-12,Alpine,003,1148,0,0,0,0,0
2020-02-12,Amador,005,37829,0,0,0,0,0
2020-02-12,Butte,007,227075,0,0,0,0,0
2020-02-12,Calaveras,009,45235,0,0,0,0,0
2020-02-12,Colusa,011,21464,0,0,0,0,0
2020-02-12,Contra Costa,013,1133247,3,0,0,0,0
2020-02-12,Del Norte,015,27424,0,0,0,0,0
2020-02-12,El Dorado,017,186661,0,0,0,0,0
2020-02-12,Fresno,019,978130,0,0,0,0,0
2020-02-12,Glenn,021,27897,0,0,0,0,0
2020-02-12,Humboldt,023,135768,1,0,0,0,0
2020-02-12,Imperial,025,180216,0,0,0,0,0
2020-02-12,Inyo,027,18085,0,0,0,0,0
2020-02-12,Kern,029,883053,2,0,0,0,0
2020-02-12,Kings,031,150075,1,0,0,0,0
2020-02-12,Lake,033,64148,0,0,0,0,0
2020-02-12,Lassen,035,31185,0,0,0,0,0
2020-02-12,Los Angeles,037,10098052,29,1,3,4,0
2020-02-12,Madera,039,155013,0,0,0,0,0
2020-02-12,Marin,041,260295,0,0,0,0,0
2020-02-12,Mariposa,043,17540,0,0,0,0,0
2020-02-12,Mendocino,045,87422,0,0,0,0,0
2020-02-12,Merced,047,269075,0,0,0,0,0
2020-02-12,Modoc,049,8938,0,0,0,0,0
2020-02-12,Mono,051,14174,0,0,0,0,0
2020-02-12,Monterey,053,433212,1,0,0,0,0
2020-02-12,Napa,055,140530,0,0,0,0,0
2020-02-12,Nevada,057,99092,0,0,0,0,0
2020-02-12,Orange,059,3164182,36,1,0,1,0
2020-02-12,Placer,061,380077,0,0,0,0,0
2020-02-12,Plumas,063,18699,0,0,0,0,0
2020-02-12,Riverside,065,2383286,4,0,0,0,0
2020-02-12,Sacramento,067,1510023,1,0,0,0,0
2020-02-12,San Benito,069,59416,0,2,0,2,0
2020-02-12,San Bernardino,071,2135413,8,0,0,0,0
2020-02-12,San Diego,073,3302833,2,2,0,2,0
2020-02-12,San Francisco,075,870044,2,0,0,0,0
2020-02-12,San Joaquin,077,732212,1,0,1,1,0
2020-02-12,San Luis Obispo,079,281455,0,0,0,0,0
2020-02-12,San Mateo,081,765935,2,0,0,0,0
2020-02-12,Santa Barbara,083,443738,0,0,0,0,0
2020-02-12,Santa Clara,085,1922200,6,2,0,2,0
2020-02-12,Santa Cruz,087,273765,0,0,0,0,0
2020-02-12,Shasta,089,179085,0,0,0,0,0
2020-02-12,Sierra,091,2930,0,0,0,0,0
2020-02-12,Siskiyou,093,43540,0,0,0,0,0
2020-02-12,Solano,095,438530,0,0,0,0,0
2020-02-12,Sonoma,097,501317,0,0,0,0,0
2020-02-12,Stanislaus,099,539301,1,0,1,1,0
2020-02-12,Sutter,101,95872,0,0,0,0,0
2020-02-12,Tehama,103,63373,0,0,0,0,0
2020-02-12,Trinity,105,12862,0,0,0,0,0
2020-02-12,Tulare,107,460477,2,0,0,0,0
2020-02-12,Tuolumne,109,53932,0,0,0,0,0
2020-02-12,Ventura,111,848112,2,0,0,0,0
2020-02-12,Yolo,113,214977,0,0,0,0,0
2020-02-12,Yuba,115,75493,0,0,0,0,0
2020-02-11,Alameda,001,1643700,4,0,0,0,0
2020-02-11,Alpine,003,1148,0,0,0,0,0
2020-02-11,Amador,005,37829,0,0,0,0,0
2020-02-11,Butte,007,227075,0,0,0,0,0
2020-02-11,Calaveras,009,45235,0,0,0,0,0
2020-02-11,Colusa,011,21464,0,0,0,0,0
2020-02-11,Contra Costa,013,1133247,3,0,0,0,0
2020-02-11,Del Norte,015,27424,0,0,0,0,0
2020-02-11,El Dorado,017,186661,0,0,0,0,0
2020-02-11,Fresno,019,978130,0,0,0,0,0
2020-02-11,Glenn,021,27897,0,0,0,0,0
2020-02-11,Humboldt,023,135768,1,0,0,0,0
2020-02-11,Imperial,025,180216,0,0,0,0,0
2020-02-11,Inyo,027,18085,0,0,0,0,0
2020-02-11,Kern,029,883053,2,0,0,0,0
2020-02-11,Kings,031,150075,1,0,0,0,0
2020-02-11,Lake,033,64148,0,0,0,0,0
2020-02-11,Lassen,035,31185,0,0,0,0,0
2020-02-11,Los Angeles,037,10098052,29,1,3,4,0
2020-02-11,Madera,039,155013,0,0,0,0,0
2020-02-11,Marin,041,260295,0,0,0,0,0
2020-02-11,Mariposa,043,17540,0,0,0,0,0
2020-02-11,Mendocino,045,87422,0,0,0,0,0
2020-02-11,Merced,047,269075,0,0,0,0,0
2020-02-11,Modoc,049,8938,0,0,0,0,0
2020-02-11,Mono,051,14174,0,0,0,0,0
2020-02-11,Monterey,053,433212,1,0,0,0,0
2020-02-11,Napa,055,140530,0,0,0,0,0
2020-02-11,Nevada,057,99092,0,0,0,0,0
2020-02-11,Orange,059,3164182,35,1,0,1,0
2020-02-11,Placer,061,380077,0,0,0,0,0
2020-02-11,Plumas,063,18699,0,0,0,0,0
2020-02-11,Riverside,065,2383286,4,0,0,0,0
2020-02-11,Sacramento,067,1510023,1,0,0,0,0
2020-02-11,San Benito,069,59416,0,2,0,2,0
2020-02-11,San Bernardino,071,2135413,8,0,0,0,0
2020-02-11,San Diego,073,3302833,2,1,0,1,0
2020-02-11,San Francisco,075,870044,2,0,0,0,0
2020-02-11,San Joaquin,077,732212,0,0,1,1,0
2020-02-11,San Luis Obispo,079,281455,0,0,0,0,0
2020-02-11,San Mateo,081,765935,2,0,0,0,0
2020-02-11,Santa Barbara,083,443738,0,0,0,0,0
2020-02-11,Santa Clara,085,1922200,5,2,0,2,0
2020-02-11,Santa Cruz,087,273765,0,0,0,0,0
2020-02-11,Shasta,089,179085,0,0,0,0,0
2020-02-11,Sierra,091,2930,0,0,0,0,0
2020-02-11,Siskiyou,093,43540,0,0,0,0,0
2020-02-11,Solano,095,438530,0,0,0,0,0
2020-02-11,Sonoma,097,501317,0,0,0,0,0
2020-02-11,Stanislaus,099,539301,1,0,1,1,0
2020-02-11,Sutter,101,95872,0,0,0,0,0
2020-02-11,Tehama,103,63373,0,0,0,0,0
2020-02-11,Trinity,105,12862,0,0,0,0,0
2020-02-11,Tulare,107,460477,2,0,0,0,0
2020-02-11,Tuolumne,109,53932,0,0,0,0,0
2020-02-11,Ventura,111,848112,2,0,0,0,0
2020-02-11,Yolo,113,214977,0,0,0,0,0
2020-02-11,Yuba,115,75493,0,0,0,0,0
2020-02-10,Alameda,001,1643700,4,0,0,0,0
2020-02-10,Alpine,003,1148,0,0,0,0,0
2020-02-10,Amador,005,37829,0,0,0,0,0
2020-02-10,Butte,007,227075,0,0,0,0,0
2020-02-10,Calaveras,009,45235,0,0,0,0,0
2020-02-10,Colusa,011,21464,0,0,0,0,0
2020-02-10,Contra Costa,013,1133247,3,0,0,0,0
2020-02-10,Del Norte,015,27424,0,0,0,0,0
2020-02-10,El Dorado,017,186661,0,0,0,0,0
2020-02-10,Fresno,019,978130,0,0,0,0,0
2020-02-10,Glenn,021,27897,0,0,0,0,0
2020-02-10,Humboldt,023,135768,0,0,0,0,0
2020-02-10,Imperial,025,180216,0,0,0,0,0
2020-02-10,Inyo,027,18085,0,0,0,0,0
2020-02-10,Kern,029,883053,2,0,0,0,0
2020-02-10,Kings,031,150075,1,0,0,0,0
2020-02-10,Lake,033,64148,0,0,0,0,0
2020-02-10,Lassen,035,31185,0,0,0,0,0
2020-02-10,Los Angeles,037,10098052,27,1,3,4,0
2020-02-10,Madera,039,155013,0,0,0,0,0
2020-02-10,Marin,041,260295,0,0,0,0,0
2020-02-10,Mariposa,043,17540,0,0,0,0,0
2020-02-10,Mendocino,045,87422,0,0,0,0,0
2020-02-10,Merced,047,269075,0,0,0,0,0
2020-02-10,Modoc,049,8938,0,0,0,0,0
2020-02-10,Mono,051,14174,0,0,0,0,0
2020-02-10,Monterey,053,433212,1,0,0,0,0
2020-02-10,Napa,055,140530,0,0,0,0,0
2020-02-10,Nevada,057,99092,0,0,0,0,0
2020-02-10,Orange,059,3164182,35,1,0,1,0
2020-02-10,Placer,061,380077,0,0,0,0,0
2020-02-10,Plumas,063,18699,0,0,0,0,0
2020-02-10,Riverside,065,2383286,4,0,0,0,0
2020-02-10,Sacramento,067,1510023,1,0,0,0,0
2020-02-10,San Benito,069,59416,0,2,0,2,0
2020-02-10,San Bernardino,071,2135413,7,0,0,0,0
2020-02-10,San Diego,073,3302833,2,0,0,0,0
2020-02-10,San Francisco,075,870044,2,0,0,0,0
2020-02-10,San Joaquin,077,732212,0,0,1,1,0
2020-02-10,San Luis Obispo,079,281455,0,0,0,0,0
2020-02-10,San Mateo,081,765935,2,0,0,0,0
2020-02-10,Santa Barbara,083,443738,0,0,0,0,0
2020-02-10,Santa Clara,085,1922200,5,2,0,2,0
2020-02-10,Santa Cruz,087,273765,0,0,0,0,0
2020-02-10,Shasta,089,179085,0,0,0,0,0
2020-02-10,Sierra,091,2930,0,0,0,0,0
2020-02-10,Siskiyou,093,43540,0,0,0,0,0
2020-02-10,Solano,095,438530,0,0,0,0,0
2020-02-10,Sonoma,097,501317,0,0,0,0,0
2020-02-10,Stanislaus,099,539301,1,0,0,0,0
2020-02-10,Sutter,101,95872,0,0,0,0,0
2020-02-10,Tehama,103,63373,0,0,0,0,0
2020-02-10,Trinity,105,12862,0,0,0,0,0
2020-02-10,Tulare,107,460477,2,0,0,0,0
2020-02-10,Tuolumne,109,53932,0,0,0,0,0
2020-02-10,Ventura,111,848112,2,0,0,0,0
2020-02-10,Yolo,113,214977,0,0,0,0,0
2020-02-10,Yuba,115,75493,0,0,0,0,0
2020-02-09,Alameda,001,1643700,4,0,0,0,0
2020-02-09,Alpine,003,1148,0,0,0,0,0
2020-02-09,Amador,005,37829,0,0,0,0,0
2020-02-09,Butte,007,227075,0,0,0,0,0
2020-02-09,Calaveras,009,45235,0,0,0,0,0
2020-02-09,Colusa,011,21464,0,0,0,0,0
2020-02-09,Contra Costa,013,1133247,3,0,0,0,0
2020-02-09,Del Norte,015,27424,0,0,0,0,0
2020-02-09,El Dorado,017,186661,0,0,0,0,0
2020-02-09,Fresno,019,978130,0,0,0,0,0
2020-02-09,Glenn,021,27897,0,0,0,0,0
2020-02-09,Humboldt,023,135768,0,0,0,0,0
2020-02-09,Imperial,025,180216,0,0,0,0,0
2020-02-09,Inyo,027,18085,0,0,0,0,0
2020-02-09,Kern,029,883053,2,0,0,0,0
2020-02-09,Kings,031,150075,1,0,0,0,0
2020-02-09,Lake,033,64148,0,0,0,0,0
2020-02-09,Lassen,035,31185,0,0,0,0,0
2020-02-09,Los Angeles,037,10098052,26,1,3,4,0
2020-02-09,Madera,039,155013,0,0,0,0,0
2020-02-09,Marin,041,260295,0,0,0,0,0
2020-02-09,Mariposa,043,17540,0,0,0,0,0
2020-02-09,Mendocino,045,87422,0,0,0,0,0
2020-02-09,Merced,047,269075,0,0,0,0,0
2020-02-09,Modoc,049,8938,0,0,0,0,0
2020-02-09,Mono,051,14174,0,0,0,0,0
2020-02-09,Monterey,053,433212,1,0,0,0,0
2020-02-09,Napa,055,140530,0,0,0,0,0
2020-02-09,Nevada,057,99092,0,0,0,0,0
2020-02-09,Orange,059,3164182,35,1,0,1,0
2020-02-09,Placer,061,380077,0,0,0,0,0
2020-02-09,Plumas,063,18699,0,0,0,0,0
2020-02-09,Riverside,065,2383286,4,0,0,0,0
2020-02-09,Sacramento,067,1510023,0,0,0,0,0
2020-02-09,San Benito,069,59416,0,2,0,2,0
2020-02-09,San Bernardino,071,2135413,7,0,0,0,0
2020-02-09,San Diego,073,3302833,2,0,0,0,0
2020-02-09,San Francisco,075,870044,1,0,0,0,0
2020-02-09,San Joaquin,077,732212,0,0,1,1,0
2020-02-09,San Luis Obispo,079,281455,0,0,0,0,0
2020-02-09,San Mateo,081,765935,2,0,0,0,0
2020-02-09,Santa Barbara,083,443738,0,0,0,0,0
2020-02-09,Santa Clara,085,1922200,4,2,0,2,0
2020-02-09,Santa Cruz,087,273765,0,0,0,0,0
2020-02-09,Shasta,089,179085,0,0,0,0,0
2020-02-09,Sierra,091,2930,0,0,0,0,0
2020-02-09,Siskiyou,093,43540,0,0,0,0,0
2020-02-09,Solano,095,438530,0,0,0,0,0
2020-02-09,Sonoma,097,501317,0,0,0,0,0
2020-02-09,Stanislaus,099,539301,0,0,0,0,0
2020-02-09,Sutter,101,95872,0,0,0,0,0
2020-02-09,Tehama,103,63373,0,0,0,0,0
2020-02-09,Trinity,105,12862,0,0,0,0,0
2020-02-09,Tulare,107,460477,2,0,0,0,0
2020-02-09,Tuolumne,109,53932,0,0,0,0,0
2020-02-09,Ventura,111,848112,1,0,0,0,0
2020-02-09,Yolo,113,214977,0,0,0,0,0
2020-02-09,Yuba,115,75493,0,0,0,0,0
2020-02-08,Alameda,001,1643700,3,0,0,0,0
2020-02-08,Alpine,003,1148,0,0,0,0,0
2020-02-08,Amador,005,37829,0,0,0,0,0
2020-02-08,Butte,007,227075,0,0,0,0,0
2020-02-08,Calaveras,009,45235,0,0,0,0,0
2020-02-08,Colusa,011,21464,0,0,0,0,0
2020-02-08,Contra Costa,013,1133247,2,0,0,0,0
2020-02-08,Del Norte,015,27424,0,0,0,0,0
2020-02-08,El Dorado,017,186661,0,0,0,0,0
2020-02-08,Fresno,019,978130,0,0,0,0,0
2020-02-08,Glenn,021,27897,0,0,0,0,0
2020-02-08,Humboldt,023,135768,0,0,0,0,0
2020-02-08,Imperial,025,180216,0,0,0,0,0
2020-02-08,Inyo,027,18085,0,0,0,0,0
2020-02-08,Kern,029,883053,2,0,0,0,0
2020-02-08,Kings,031,150075,1,0,0,0,0
2020-02-08,Lake,033,64148,0,0,0,0,0
2020-02-08,Lassen,035,31185,0,0,0,0,0
2020-02-08,Los Angeles,037,10098052,23,1,1,2,0
2020-02-08,Madera,039,155013,0,0,0,0,0
2020-02-08,Marin,041,260295,0,0,0,0,0
2020-02-08,Mariposa,043,17540,0,0,0,0,0
2020-02-08,Mendocino,045,87422,0,0,0,0,0
2020-02-08,Merced,047,269075,0,0,0,0,0
2020-02-08,Modoc,049,8938,0,0,0,0,0
2020-02-08,Mono,051,14174,0,0,0,0,0
2020-02-08,Monterey,053,433212,1,0,0,0,0
2020-02-08,Napa,055,140530,0,0,0,0,0
2020-02-08,Nevada,057,99092,0,0,0,0,0
2020-02-08,Orange,059,3164182,35,1,0,1,0
2020-02-08,Placer,061,380077,0,0,0,0,0
2020-02-08,Plumas,063,18699,0,0,0,0,0
2020-02-08,Riverside,065,2383286,4,0,0,0,0
2020-02-08,Sacramento,067,1510023,0,0,0,0,0
2020-02-08,San Benito,069,59416,0,2,0,2,0
2020-02-08,San Bernardino,071,2135413,7,0,0,0,0
2020-02-08,San Diego,073,3302833,1,0,0,0,0
2020-02-08,San Francisco,075,870044,1,0,0,0,0
2020-02-08,San Joaquin,077,732212,0,0,1,1,0
2020-02-08,San Luis Obispo,079,281455,0,0,0,0,0
2020-02-08,San Mateo,081,765935,2,0,0,0,0
2020-02-08,Santa Barbara,083,443738,0,0,0,0,0
2020-02-08,Santa Clara,085,1922200,4,2,0,2,0
2020-02-08,Santa Cruz,087,273765,0,0,0,0,0
2020-02-08,Shasta,089,179085,0,0,0,0,0
2020-02-08,Sierra,091,2930,0,0,0,0,0
2020-02-08,Siskiyou,093,43540,0,0,0,0,0
2020-02-08,Solano,095,438530,0,0,0,0,0
2020-02-08,Sonoma,097,501317,0,0,0,0,0
2020-02-08,Stanislaus,099,539301,0,0,0,0,0
2020-02-08,Sutter,101,95872,0,0,0,0,0
2020-02-08,Tehama,103,63373,0,0,0,0,0
2020-02-08,Trinity,105,12862,0,0,0,0,0
2020-02-08,Tulare,107,460477,2,0,0,0,0
2020-02-08,Tuolumne,109,53932,0,0,0,0,0
2020-02-08,Ventura,111,848112,1,0,0,0,0
2020-02-08,Yolo,113,214977,0,0,0,0,0
2020-02-08,Yuba,115,75493,0,0,0,0,0
2020-02-07,Alameda,001,1643700,3,0,0,0,0
2020-02-07,Alpine,003,1148,0,0,0,0,0
2020-02-07,Amador,005,37829,0,0,0,0,0
2020-02-07,Butte,007,227075,0,0,0,0,0
2020-02-07,Calaveras,009,45235,0,0,0,0,0
2020-02-07,Colusa,011,21464,0,0,0,0,0
2020-02-07,Contra Costa,013,1133247,2,0,0,0,0
2020-02-07,Del Norte,015,27424,0,0,0,0,0
2020-02-07,El Dorado,017,186661,0,0,0,0,0
2020-02-07,Fresno,019,978130,0,0,0,0,0
2020-02-07,Glenn,021,27897,0,0,0,0,0
2020-02-07,Humboldt,023,135768,0,0,0,0,0
2020-02-07,Imperial,025,180216,0,0,0,0,0
2020-02-07,Inyo,027,18085,0,0,0,0,0
2020-02-07,Kern,029,883053,2,0,0,0,0
2020-02-07,Kings,031,150075,1,0,0,0,0
2020-02-07,Lake,033,64148,0,0,0,0,0
2020-02-07,Lassen,035,31185,0,0,0,0,0
2020-02-07,Los Angeles,037,10098052,22,1,0,1,0
2020-02-07,Madera,039,155013,0,0,0,0,0
2020-02-07,Marin,041,260295,0,0,0,0,0
2020-02-07,Mariposa,043,17540,0,0,0,0,0
2020-02-07,Mendocino,045,87422,0,0,0,0,0
2020-02-07,Merced,047,269075,0,0,0,0,0
2020-02-07,Modoc,049,8938,0,0,0,0,0
2020-02-07,Mono,051,14174,0,0,0,0,0
2020-02-07,Monterey,053,433212,1,0,0,0,0
2020-02-07,Napa,055,140530,0,0,0,0,0
2020-02-07,Nevada,057,99092,0,0,0,0,0
2020-02-07,Orange,059,3164182,33,1,0,1,0
2020-02-07,Placer,061,380077,0,0,0,0,0
2020-02-07,Plumas,063,18699,0,0,0,0,0
2020-02-07,Riverside,065,2383286,4,0,0,0,0
2020-02-07,Sacramento,067,1510023,0,0,0,0,0
2020-02-07,San Benito,069,59416,0,2,0,2,0
2020-02-07,San Bernardino,071,2135413,4,0,0,0,0
2020-02-07,San Diego,073,3302833,1,0,0,0,0
2020-02-07,San Francisco,075,870044,1,0,0,0,0
2020-02-07,San Joaquin,077,732212,0,0,1,1,0
2020-02-07,San Luis Obispo,079,281455,0,0,0,0,0
2020-02-07,San Mateo,081,765935,1,0,0,0,0
2020-02-07,Santa Barbara,083,443738,0,0,0,0,0
2020-02-07,Santa Clara,085,1922200,4,2,0,2,0
2020-02-07,Santa Cruz,087,273765,0,0,0,0,0
2020-02-07,Shasta,089,179085,0,0,0,0,0
2020-02-07,Sierra,091,2930,0,0,0,0,0
2020-02-07,Siskiyou,093,43540,0,0,0,0,0
2020-02-07,Solano,095,438530,0,0,0,0,0
2020-02-07,Sonoma,097,501317,0,0,0,0,0
2020-02-07,Stanislaus,099,539301,0,0,0,0,0
2020-02-07,Sutter,101,95872,0,0,0,0,0
2020-02-07,Tehama,103,63373,0,0,0,0,0
2020-02-07,Trinity,105,12862,0,0,0,0,0
2020-02-07,Tulare,107,460477,2,0,0,0,0
2020-02-07,Tuolumne,109,53932,0,0,0,0,0
2020-02-07,Ventura,111,848112,1,0,0,0,0
2020-02-07,Yolo,113,214977,0,0,0,0,0
2020-02-07,Yuba,115,75493,0,0,0,0,0
2020-02-06,Alameda,001,1643700,3,0,0,0,0
2020-02-06,Alpine,003,1148,0,0,0,0,0
2020-02-06,Amador,005,37829,0,0,0,0,0
2020-02-06,Butte,007,227075,0,0,0,0,0
2020-02-06,Calaveras,009,45235,0,0,0,0,0
2020-02-06,Colusa,011,21464,0,0,0,0,0
2020-02-06,Contra Costa,013,1133247,2,0,0,0,0
2020-02-06,Del Norte,015,27424,0,0,0,0,0
2020-02-06,El Dorado,017,186661,0,0,0,0,0
2020-02-06,Fresno,019,978130,0,0,0,0,0
2020-02-06,Glenn,021,27897,0,0,0,0,0
2020-02-06,Humboldt,023,135768,0,0,0,0,0
2020-02-06,Imperial,025,180216,0,0,0,0,0
2020-02-06,Inyo,027,18085,0,0,0,0,0
2020-02-06,Kern,029,883053,2,0,0,0,0
2020-02-06,Kings,031,150075,0,0,0,0,0
2020-02-06,Lake,033,64148,0,0,0,0,0
2020-02-06,Lassen,035,31185,0,0,0,0,0
2020-02-06,Los Angeles,037,10098052,21,1,0,1,0
2020-02-06,Madera,039,155013,0,0,0,0,0
2020-02-06,Marin,041,260295,0,0,0,0,0
2020-02-06,Mariposa,043,17540,0,0,0,0,0
2020-02-06,Mendocino,045,87422,0,0,0,0,0
2020-02-06,Merced,047,269075,0,0,0,0,0
2020-02-06,Modoc,049,8938,0,0,0,0,0
2020-02-06,Mono,051,14174,0,0,0,0,0
2020-02-06,Monterey,053,433212,1,0,0,0,0
2020-02-06,Napa,055,140530,0,0,0,0,0
2020-02-06,Nevada,057,99092,0,0,0,0,0
2020-02-06,Orange,059,3164182,3,1,0,1,0
2020-02-06,Placer,061,380077,0,0,0,0,0
2020-02-06,Plumas,063,18699,0,0,0,0,0
2020-02-06,Riverside,065,2383286,4,0,0,0,0
2020-02-06,Sacramento,067,1510023,0,0,0,0,0
2020-02-06,San Benito,069,59416,0,2,0,2,0
2020-02-06,San Bernardino,071,2135413,4,0,0,0,0
2020-02-06,San Diego,073,3302833,1,0,0,0,0
2020-02-06,San Francisco,075,870044,1,0,0,0,0
2020-02-06,San Joaquin,077,732212,0,0,1,1,0
2020-02-06,San Luis Obispo,079,281455,0,0,0,0,0
2020-02-06,San Mateo,081,765935,1,0,0,0,0
2020-02-06,Santa Barbara,083,443738,0,0,0,0,0
2020-02-06,Santa Clara,085,1922200,4,2,0,2,0
2020-02-06,Santa Cruz,087,273765,0,0,0,0,0
2020-02-06,Shasta,089,179085,0,0,0,0,0
2020-02-06,Sierra,091,2930,0,0,0,0,0
2020-02-06,Siskiyou,093,43540,0,0,0,0,0
2020-02-06,Solano,095,438530,0,0,0,0,0
2020-02-06,Sonoma,097,501317,0,0,0,0,0
2020-02-06,Stanislaus,099,539301,0,0,0,0,0
2020-02-06,Sutter,101,95872,0,0,0,0,0
2020-02-06,Tehama,103,63373,0,0,0,0,0
2020-02-06,Trinity,105,12862,0,0,0,0,0
2020-02-06,Tulare,107,460477,2,0,0,0,0
2020-02-06,Tuolumne,109,53932,0,0,0,0,0
2020-02-06,Ventura,111,848112,1,0,0,0,0
2020-02-06,Yolo,113,214977,0,0,0,0,0
2020-02-06,Yuba,115,75493,0,0,0,0,0
2020-02-05,Alameda,001,1643700,3,0,0,0,0
2020-02-05,Alpine,003,1148,0,0,0,0,0
2020-02-05,Amador,005,37829,0,0,0,0,0
2020-02-05,Butte,007,227075,0,0,0,0,0
2020-02-05,Calaveras,009,45235,0,0,0,0,0
2020-02-05,Colusa,011,21464,0,0,0,0,0
2020-02-05,Contra Costa,013,1133247,2,0,0,0,0
2020-02-05,Del Norte,015,27424,0,0,0,0,0
2020-02-05,El Dorado,017,186661,0,0,0,0,0
2020-02-05,Fresno,019,978130,0,0,0,0,0
2020-02-05,Glenn,021,27897,0,0,0,0,0
2020-02-05,Humboldt,023,135768,0,0,0,0,0
2020-02-05,Imperial,025,180216,0,0,0,0,0
2020-02-05,Inyo,027,18085,0,0,0,0,0
2020-02-05,Kern,029,883053,1,0,0,0,0
2020-02-05,Kings,031,150075,0,0,0,0,0
2020-02-05,Lake,033,64148,0,0,0,0,0
2020-02-05,Lassen,035,31185,0,0,0,0,0
2020-02-05,Los Angeles,037,10098052,21,1,0,1,0
2020-02-05,Madera,039,155013,0,0,0,0,0
2020-02-05,Marin,041,260295,0,0,0,0,0
2020-02-05,Mariposa,043,17540,0,0,0,0,0
2020-02-05,Mendocino,045,87422,0,0,0,0,0
2020-02-05,Merced,047,269075,0,0,0,0,0
2020-02-05,Modoc,049,8938,0,0,0,0,0
2020-02-05,Mono,051,14174,0,0,0,0,0
2020-02-05,Monterey,053,433212,1,0,0,0,0
2020-02-05,Napa,055,140530,0,0,0,0,0
2020-02-05,Nevada,057,99092,0,0,0,0,0
2020-02-05,Orange,059,3164182,1,1,0,1,0
2020-02-05,Placer,061,380077,0,0,0,0,0
2020-02-05,Plumas,063,18699,0,0,0,0,0
2020-02-05,Riverside,065,2383286,4,0,0,0,0
2020-02-05,Sacramento,067,1510023,0,0,0,0,0
2020-02-05,San Benito,069,59416,0,2,0,2,0
2020-02-05,San Bernardino,071,2135413,4,0,0,0,0
2020-02-05,San Diego,073,3302833,0,0,0,0,0
2020-02-05,San Francisco,075,870044,1,0,0,0,0
2020-02-05,San Joaquin,077,732212,0,0,1,1,0
2020-02-05,San Luis Obispo,079,281455,0,0,0,0,0
2020-02-05,San Mateo,081,765935,1,0,0,0,0
2020-02-05,Santa Barbara,083,443738,0,0,0,0,0
2020-02-05,Santa Clara,085,1922200,2,2,0,2,0
2020-02-05,Santa Cruz,087,273765,0,0,0,0,0
2020-02-05,Shasta,089,179085,0,0,0,0,0
2020-02-05,Sierra,091,2930,0,0,0,0,0
2020-02-05,Siskiyou,093,43540,0,0,0,0,0
2020-02-05,Solano,095,438530,0,0,0,0,0
2020-02-05,Sonoma,097,501317,0,0,0,0,0
2020-02-05,Stanislaus,099,539301,0,0,0,0,0
2020-02-05,Sutter,101,95872,0,0,0,0,0
2020-02-05,Tehama,103,63373,0,0,0,0,0
2020-02-05,Trinity,105,12862,0,0,0,0,0
2020-02-05,Tulare,107,460477,2,0,0,0,0
2020-02-05,Tuolumne,109,53932,0,0,0,0,0
2020-02-05,Ventura,111,848112,0,0,0,0,0
2020-02-05,Yolo,113,214977,0,0,0,0,0
2020-02-05,Yuba,115,75493,0,0,0,0,0
2020-02-04,Alameda,001,1643700,3,0,0,0,0
2020-02-04,Alpine,003,1148,0,0,0,0,0
2020-02-04,Amador,005,37829,0,0,0,0,0
2020-02-04,Butte,007,227075,0,0,0,0,0
2020-02-04,Calaveras,009,45235,0,0,0,0,0
2020-02-04,Colusa,011,21464,0,0,0,0,0
2020-02-04,Contra Costa,013,1133247,2,0,0,0,0
2020-02-04,Del Norte,015,27424,0,0,0,0,0
2020-02-04,El Dorado,017,186661,0,0,0,0,0
2020-02-04,Fresno,019,978130,0,0,0,0,0
2020-02-04,Glenn,021,27897,0,0,0,0,0
2020-02-04,Humboldt,023,135768,0,0,0,0,0
2020-02-04,Imperial,025,180216,0,0,0,0,0
2020-02-04,Inyo,027,18085,0,0,0,0,0
2020-02-04,Kern,029,883053,0,0,0,0,0
2020-02-04,Kings,031,150075,0,0,0,0,0
2020-02-04,Lake,033,64148,0,0,0,0,0
2020-02-04,Lassen,035,31185,0,0,0,0,0
2020-02-04,Los Angeles,037,10098052,21,1,0,1,0
2020-02-04,Madera,039,155013,0,0,0,0,0
2020-02-04,Marin,041,260295,0,0,0,0,0
2020-02-04,Mariposa,043,17540,0,0,0,0,0
2020-02-04,Mendocino,045,87422,0,0,0,0,0
2020-02-04,Merced,047,269075,0,0,0,0,0
2020-02-04,Modoc,049,8938,0,0,0,0,0
2020-02-04,Mono,051,14174,0,0,0,0,0
2020-02-04,Monterey,053,433212,1,0,0,0,0
2020-02-04,Napa,055,140530,0,0,0,0,0
2020-02-04,Nevada,057,99092,0,0,0,0,0
2020-02-04,Orange,059,3164182,1,1,0,1,0
2020-02-04,Placer,061,380077,0,0,0,0,0
2020-02-04,Plumas,063,18699,0,0,0,0,0
2020-02-04,Riverside,065,2383286,4,0,0,0,0
2020-02-04,Sacramento,067,1510023,0,0,0,0,0
2020-02-04,San Benito,069,59416,0,2,0,2,0
2020-02-04,San Bernardino,071,2135413,3,0,0,0,0
2020-02-04,San Diego,073,3302833,0,0,0,0,0
2020-02-04,San Francisco,075,870044,1,0,0,0,0
2020-02-04,San Joaquin,077,732212,0,0,1,1,0
2020-02-04,San Luis Obispo,079,281455,0,0,0,0,0
2020-02-04,San Mateo,081,765935,0,0,0,0,0
2020-02-04,Santa Barbara,083,443738,0,0,0,0,0
2020-02-04,Santa Clara,085,1922200,2,2,0,2,0
2020-02-04,Santa Cruz,087,273765,0,0,0,0,0
2020-02-04,Shasta,089,179085,0,0,0,0,0
2020-02-04,Sierra,091,2930,0,0,0,0,0
2020-02-04,Siskiyou,093,43540,0,0,0,0,0
2020-02-04,Solano,095,438530,0,0,0,0,0
2020-02-04,Sonoma,097,501317,0,0,0,0,0
2020-02-04,Stanislaus,099,539301,0,0,0,0,0
2020-02-04,Sutter,101,95872,0,0,0,0,0
2020-02-04,Tehama,103,63373,0,0,0,0,0
2020-02-04,Trinity,105,12862,0,0,0,0,0
2020-02-04,Tulare,107,460477,2,0,0,0,0
2020-02-04,Tuolumne,109,53932,0,0,0,0,0
2020-02-04,Ventura,111,848112,0,0,0,0,0
2020-02-04,Yolo,113,214977,0,0,0,0,0
2020-02-04,Yuba,115,75493,0,0,0,0,0
2020-02-03,Alameda,001,1643700,3,0,0,0,0
2020-02-03,Alpine,003,1148,0,0,0,0,0
2020-02-03,Amador,005,37829,0,0,0,0,0
2020-02-03,Butte,007,227075,0,0,0,0,0
2020-02-03,Calaveras,009,45235,0,0,0,0,0
2020-02-03,Colusa,011,21464,0,0,0,0,0
2020-02-03,Contra Costa,013,1133247,2,0,0,0,0
2020-02-03,Del Norte,015,27424,0,0,0,0,0
2020-02-03,El Dorado,017,186661,0,0,0,0,0
2020-02-03,Fresno,019,978130,0,0,0,0,0
2020-02-03,Glenn,021,27897,0,0,0,0,0
2020-02-03,Humboldt,023,135768,0,0,0,0,0
2020-02-03,Imperial,025,180216,0,0,0,0,0
2020-02-03,Inyo,027,18085,0,0,0,0,0
2020-02-03,Kern,029,883053,0,0,0,0,0
2020-02-03,Kings,031,150075,0,0,0,0,0
2020-02-03,Lake,033,64148,0,0,0,0,0
2020-02-03,Lassen,035,31185,0,0,0,0,0
2020-02-03,Los Angeles,037,10098052,21,1,0,1,0
2020-02-03,Madera,039,155013,0,0,0,0,0
2020-02-03,Marin,041,260295,0,0,0,0,0
2020-02-03,Mariposa,043,17540,0,0,0,0,0
2020-02-03,Mendocino,045,87422,0,0,0,0,0
2020-02-03,Merced,047,269075,0,0,0,0,0
2020-02-03,Modoc,049,8938,0,0,0,0,0
2020-02-03,Mono,051,14174,0,0,0,0,0
2020-02-03,Monterey,053,433212,1,0,0,0,0
2020-02-03,Napa,055,140530,0,0,0,0,0
2020-02-03,Nevada,057,99092,0,0,0,0,0
2020-02-03,Orange,059,3164182,1,1,0,1,0
2020-02-03,Placer,061,380077,0,0,0,0,0
2020-02-03,Plumas,063,18699,0,0,0,0,0
2020-02-03,Riverside,065,2383286,4,0,0,0,0
2020-02-03,Sacramento,067,1510023,0,0,0,0,0
2020-02-03,San Benito,069,59416,0,2,0,2,0
2020-02-03,San Bernardino,071,2135413,3,0,0,0,0
2020-02-03,San Diego,073,3302833,0,0,0,0,0
2020-02-03,San Francisco,075,870044,1,0,0,0,0
2020-02-03,San Joaquin,077,732212,0,0,1,1,0
2020-02-03,San Luis Obispo,079,281455,0,0,0,0,0
2020-02-03,San Mateo,081,765935,0,0,0,0,0
2020-02-03,Santa Barbara,083,443738,0,0,0,0,0
2020-02-03,Santa Clara,085,1922200,2,2,0,2,0
2020-02-03,Santa Cruz,087,273765,0,0,0,0,0
2020-02-03,Shasta,089,179085,0,0,0,0,0
2020-02-03,Sierra,091,2930,0,0,0,0,0
2020-02-03,Siskiyou,093,43540,0,0,0,0,0
2020-02-03,Solano,095,438530,0,0,0,0,0
2020-02-03,Sonoma,097,501317,0,0,0,0,0
2020-02-03,Stanislaus,099,539301,0,0,0,0,0
2020-02-03,Sutter,101,95872,0,0,0,0,0
2020-02-03,Tehama,103,63373,0,0,0,0,0
2020-02-03,Trinity,105,12862,0,0,0,0,0
2020-02-03,Tulare,107,460477,2,0,0,0,0
2020-02-03,Tuolumne,109,53932,0,0,0,0,0
2020-02-03,Ventura,111,848112,0,0,0,0,0
2020-02-03,Yolo,113,214977,0,0,0,0,0
2020-02-03,Yuba,115,75493,0,0,0,0,0
2020-02-02,Alameda,001,1643700,3,0,0,0,0
2020-02-02,Alpine,003,1148,0,0,0,0,0
2020-02-02,Amador,005,37829,0,0,0,0,0
2020-02-02,Butte,007,227075,0,0,0,0,0
2020-02-02,Calaveras,009,45235,0,0,0,0,0
2020-02-02,Colusa,011,21464,0,0,0,0,0
2020-02-02,Contra Costa,013,1133247,1,0,0,0,0
2020-02-02,Del Norte,015,27424,0,0,0,0,0
2020-02-02,El Dorado,017,186661,0,0,0,0,0
2020-02-02,Fresno,019,978130,0,0,0,0,0
2020-02-02,Glenn,021,27897,0,0,0,0,0
2020-02-02,Humboldt,023,135768,0,0,0,0,0
2020-02-02,Imperial,025,180216,0,0,0,0,0
2020-02-02,Inyo,027,18085,0,0,0,0,0
2020-02-02,Kern,029,883053,0,0,0,0,0
2020-02-02,Kings,031,150075,0,0,0,0,0
2020-02-02,Lake,033,64148,0,0,0,0,0
2020-02-02,Lassen,035,31185,0,0,0,0,0
2020-02-02,Los Angeles,037,10098052,17,1,0,1,0
2020-02-02,Madera,039,155013,0,0,0,0,0
2020-02-02,Marin,041,260295,0,0,0,0,0
2020-02-02,Mariposa,043,17540,0,0,0,0,0
2020-02-02,Mendocino,045,87422,0,0,0,0,0
2020-02-02,Merced,047,269075,0,0,0,0,0
2020-02-02,Modoc,049,8938,0,0,0,0,0
2020-02-02,Mono,051,14174,0,0,0,0,0
2020-02-02,Monterey,053,433212,1,0,0,0,0
2020-02-02,Napa,055,140530,0,0,0,0,0
2020-02-02,Nevada,057,99092,0,0,0,0,0
2020-02-02,Orange,059,3164182,1,1,0,1,0
2020-02-02,Placer,061,380077,0,0,0,0,0
2020-02-02,Plumas,063,18699,0,0,0,0,0
2020-02-02,Riverside,065,2383286,3,0,0,0,0
2020-02-02,Sacramento,067,1510023,0,0,0,0,0
2020-02-02,San Benito,069,59416,0,2,0,2,0
2020-02-02,San Bernardino,071,2135413,2,0,0,0,0
2020-02-02,San Diego,073,3302833,0,0,0,0,0
2020-02-02,San Francisco,075,870044,1,0,0,0,0
2020-02-02,San Joaquin,077,732212,0,0,1,1,0
2020-02-02,San Luis Obispo,079,281455,0,0,0,0,0
2020-02-02,San Mateo,081,765935,0,0,0,0,0
2020-02-02,Santa Barbara,083,443738,0,0,0,0,0
2020-02-02,Santa Clara,085,1922200,2,2,0,2,0
2020-02-02,Santa Cruz,087,273765,0,0,0,0,0
2020-02-02,Shasta,089,179085,0,0,0,0,0
2020-02-02,Sierra,091,2930,0,0,0,0,0
2020-02-02,Siskiyou,093,43540,0,0,0,0,0
2020-02-02,Solano,095,438530,0,0,0,0,0
2020-02-02,Sonoma,097,501317,0,0,0,0,0
2020-02-02,Stanislaus,099,539301,0,0,0,0,0
2020-02-02,Sutter,101,95872,0,0,0,0,0
2020-02-02,Tehama,103,63373,0,0,0,0,0
2020-02-02,Trinity,105,12862,0,0,0,0,0
2020-02-02,Tulare,107,460477,2,0,0,0,0
2020-02-02,Tuolumne,109,53932,0,0,0,0,0
2020-02-02,Ventura,111,848112,0,0,0,0,0
2020-02-02,Yolo,113,214977,0,0,0,0,0
2020-02-02,Yuba,115,75493,0,0,0,0,0
2020-02-01,Alameda,001,1643700,3,0,0,0,0
2020-02-01,Alpine,003,1148,0,0,0,0,0
2020-02-01,Amador,005,37829,0,0,0,0,0
2020-02-01,Butte,007,227075,0,0,0,0,0
2020-02-01,Calaveras,009,45235,0,0,0,0,0
2020-02-01,Colusa,011,21464,0,0,0,0,0
2020-02-01,Contra Costa,013,1133247,0,0,0,0,0
2020-02-01,Del Norte,015,27424,0,0,0,0,0
2020-02-01,El Dorado,017,186661,0,0,0,0,0
2020-02-01,Fresno,019,978130,0,0,0,0,0
2020-02-01,Glenn,021,27897,0,0,0,0,0
2020-02-01,Humboldt,023,135768,0,0,0,0,0
2020-02-01,Imperial,025,180216,0,0,0,0,0
2020-02-01,Inyo,027,18085,0,0,0,0,0
2020-02-01,Kern,029,883053,0,0,0,0,0
2020-02-01,Kings,031,150075,0,0,0,0,0
2020-02-01,Lake,033,64148,0,0,0,0,0
2020-02-01,Lassen,035,31185,0,0,0,0,0
2020-02-01,Los Angeles,037,10098052,13,1,0,1,0
2020-02-01,Madera,039,155013,0,0,0,0,0
2020-02-01,Marin,041,260295,0,0,0,0,0
2020-02-01,Mariposa,043,17540,0,0,0,0,0
2020-02-01,Mendocino,045,87422,0,0,0,0,0
2020-02-01,Merced,047,269075,0,0,0,0,0
2020-02-01,Modoc,049,8938,0,0,0,0,0
2020-02-01,Mono,051,14174,0,0,0,0,0
2020-02-01,Monterey,053,433212,0,0,0,0,0
2020-02-01,Napa,055,140530,0,0,0,0,0
2020-02-01,Nevada,057,99092,0,0,0,0,0
2020-02-01,Orange,059,3164182,1,1,0,1,0
2020-02-01,Placer,061,380077,0,0,0,0,0
2020-02-01,Plumas,063,18699,0,0,0,0,0
2020-02-01,Riverside,065,2383286,2,0,0,0,0
2020-02-01,Sacramento,067,1510023,0,0,0,0,0
2020-02-01,San Benito,069,59416,0,0,0,0,0
2020-02-01,San Bernardino,071,2135413,1,0,0,0,0
2020-02-01,San Diego,073,3302833,0,0,0,0,0
2020-02-01,San Francisco,075,870044,1,0,0,0,0
2020-02-01,San Joaquin,077,732212,0,0,1,1,0
2020-02-01,San Luis Obispo,079,281455,0,0,0,0,0
2020-02-01,San Mateo,081,765935,0,0,0,0,0
2020-02-01,Santa Barbara,083,443738,0,0,0,0,0
2020-02-01,Santa Clara,085,1922200,2,1,0,1,0
2020-02-01,Santa Cruz,087,273765,0,0,0,0,0
2020-02-01,Shasta,089,179085,0,0,0,0,0
2020-02-01,Sierra,091,2930,0,0,0,0,0
2020-02-01,Siskiyou,093,43540,0,0,0,0,0
2020-02-01,Solano,095,438530,0,0,0,0,0
2020-02-01,Sonoma,097,501317,0,0,0,0,0
2020-02-01,Stanislaus,099,539301,0,0,0,0,0
2020-02-01,Sutter,101,95872,0,0,0,0,0
2020-02-01,Tehama,103,63373,0,0,0,0,0
2020-02-01,Trinity,105,12862,0,0,0,0,0
2020-02-01,Tulare,107,460477,1,0,0,0,0
2020-02-01,Tuolumne,109,53932,0,0,0,0,0
2020-02-01,Ventura,111,848112,0,0,0,0,0
2020-02-01,Yolo,113,214977,0,0,0,0,0
2020-02-01,Yuba,115,75493,0,0,0,0,0
