date,county,fips,population,confirmed_cases,reported_cases,probable_cases,reported_and_probable_cases,reported_deaths
2023-05-16,Alameda,001,1643700,386285,386293,23129,409422,2156
2023-05-16,Alpine,002,1148,139,139,4,143,0
2023-05-16,Amador,005,37829,10692,10693,1016,11709,98
2023-05-16,Butte,007,227075,42069,42069,10525,52594,499
2023-05-16,Calaveras,009,45235,9091,9091,647,9738,143
2023-05-16,Colusa,011,21464,4031,4033,1392,5425,24
2023-05-16,Contra Costa,013,1133247,277365,277369,22673,300042,1596
2023-05-16,Del Norte,015,27424,7979,7980,494,8474,62
2023-05-16,El Dorado,017,186661,35031,35031,4607,39638,247
2023-05-16,Fresno,019,978130,297749,297758,35623,333381,3030
2023-05-16,Glenn,021,27897,5847,5847,2044,7891,58
2023-05-16,Humboldt,023,135768,23572,23575,5986,29561,171
2023-05-16,Imperial,025,180216,71663,71664,19742,91406,983
2023-05-16,Inyo,027,18085,4822,4822,1348,6170,63
2023-05-16,Kern,029,883053,232207,232213,74585,306798,2503
2023-05-16,Kings,031,150075,63296,63296,4536,67832,486
2023-05-16,Lake,033,64148,13789,13789,1283,15072,164
2023-05-16,Lassen,035,31185,10301,10301,1073,11374,67
2023-05-16,Los Angeles,037,10098052,3519780,3520044,224276,3744320,36064
2023-05-16,Madera,039,155013,46817,46819,8981,55800,378
2023-05-16,Marin,041,260295,41578,41582,5798,47380,260
2023-05-16,Mariposa,043,17540,3386,3386,360,3746,33
2023-05-16,Mendocino,045,87422,17033,17033,4860,21893,146
2023-05-16,Merced,047,269075,78125,78129,13019,91148,903
2023-05-16,Modoc,049,8938,985,985,393,1378,11
2023-05-16,Mono,051,14174,3344,3344,308,3652,8
2023-05-16,Monterey,053,433212,98884,98885,24959,123844,812
2023-05-16,Napa,055,140530,35014,35015,1541,36556,186
2023-05-16,Nevada,057,99092,20460,20465,2381,22846,139
2023-05-16,Orange,059,3164182,720400,720401,80412,800813,8153
2023-05-16,Placer,061,380077,82329,82329,10458,92787,685
2023-05-16,Plumas,063,18699,3866,3866,464,4330,15
2023-05-16,Riverside,065,2383286,740418,740478,42724,783202,6887
2023-05-16,Sacramento,067,1510023,376973,376977,39092,416069,3598
2023-05-16,San Benito,069,59416,17851,17853,1156,19009,120
2023-05-16,San Bernardino,071,2135413,715572,715637,35123,750760,8172
2023-05-16,San Diego,073,3302833,994709,994709,82540,1077249,5866
2023-05-16,San Francisco,075,870044,199940,199950,13721,213671,1214
2023-05-16,San Joaquin,077,732212,212392,212400,17212,229612,2453
2023-05-16,San Luis Obispo,079,281455,67038,67039,8380,75419,577
2023-05-16,San Mateo,081,765935,186219,186223,11336,197559,753
2023-05-16,Santa Barbara,083,443738,113287,113288,7907,121195,771
2023-05-16,Santa Clara,085,1922200,483409,483428,21911,505339,2801
2023-05-16,Santa Cruz,087,273765,69447,69447,4144,73591,276
2023-05-16,Shasta,089,179085,36728,36728,8449,45177,612
2023-05-16,Sierra,091,2930,313,313,61,374,5
2023-05-16,Siskiyou,093,43540,5531,5531,3497,9028,97
2023-05-16,Solano,095,438530,115428,115442,8886,124328,483
2023-05-16,Sonoma,097,501317,115225,115232,5863,121095,574
2023-05-16,Stanislaus,099,539301,146628,146648,23422,170070,1846
2023-05-16,Sutter,101,95872,26018,26023,2556,28579,241
2023-05-16,Tehama,103,63373,14579,14579,3474,18053,237
2023-05-16,Trinity,105,12862,1482,1482,512,1994,25
2023-05-16,Tulare,107,460477,129591,129591,41244,170835,1597
2023-05-16,Tuolumne,109,53932,17036,17037,1050,18087,212
2023-05-16,Ventura,111,848112,222568,222570,18343,240913,1704
2023-05-16,Yolo,113,214977,50627,50627,5075,55702,454
2023-05-16,Yuba,115,75493,20250,20254,1936,22190,136
2023-05-15,Alameda,001,1643700,386285,385841,23129,408970,2216
2023-05-15,Alpine,002,1148,139,139,4,143,0
2023-05-15,Amador,005,37829,10692,10689,1016,11705,98
2023-05-15,Butte,007,227075,42069,42001,10525,52526,498
2023-05-15,Calaveras,009,45235,9091,9087,647,9734,143
2023-05-15,Colusa,011,21464,4031,4030,1392,5422,24
2023-05-15,Contra Costa,013,1133247,277365,277107,22673,299780,1594
2023-05-15,Del Norte,015,27424,7979,7973,494,8467,61
2023-05-15,El Dorado,017,186661,35031,35003,4607,39610,247
2023-05-15,Fresno,019,978130,297749,297565,35623,333188,3023
2023-05-15,Glenn,021,27897,5847,5843,2044,7887,58
2023-05-15,Humboldt,023,135768,23572,23531,5986,29517,171
2023-05-15,Imperial,025,180216,71663,71546,19742,91288,982
2023-05-15,Inyo,027,18085,4822,4815,1348,6163,63
2023-05-15,Kern,029,883053,232207,232143,74585,306728,2502
2023-05-15,Kings,031,150075,63296,63267,4536,67803,486
2023-05-15,Lake,033,64148,13789,13775,1283,15058,164
2023-05-15,Lassen,035,31185,10301,10294,1073,11367,67
2023-05-15,Los Angeles,037,10098052,3519780,3518160,224276,3742436,36049
2023-05-15,Madera,039,155013,46817,46779,8981,55760,378
2023-05-15,Marin,041,260295,41578,49976,5798,55774,317
2023-05-15,Mariposa,043,17540,3386,3386,360,3746,33
2023-05-15,Mendocino,045,87422,17033,17029,4860,21889,145
2023-05-15,Merced,047,269075,78125,77958,13019,90977,903
2023-05-15,Modoc,049,8938,985,982,393,1375,11
2023-05-15,Mono,051,14174,3344,3344,308,3652,8
2023-05-15,Monterey,053,433212,98884,98844,24959,123803,811
2023-05-15,Napa,055,140530,35014,34988,1541,36529,185
2023-05-15,Nevada,057,99092,20460,20445,2381,22826,139
2023-05-15,Orange,059,3164182,720400,719913,80412,800325,8147
2023-05-15,Placer,061,380077,82329,82242,10458,92700,685
2023-05-15,Plumas,063,18699,3866,3866,464,4330,15
2023-05-15,Riverside,065,2383286,740418,740184,42724,782908,6888
2023-05-15,Sacramento,067,1510023,376973,376585,39092,415677,3596
2023-05-15,San Benito,069,59416,17851,17841,1156,18997,120
2023-05-15,San Bernardino,071,2135413,715572,715338,35123,750461,8172
2023-05-15,San Diego,073,3302833,994709,994170,82540,1076710,5857
2023-05-15,San Francisco,075,870044,199940,199745,13721,213466,1211
2023-05-15,San Joaquin,077,732212,212392,212225,17212,229437,2444
2023-05-15,San Luis Obispo,079,281455,67038,66995,8380,75375,575
2023-05-15,San Mateo,081,765935,186219,186054,11336,197390,753
2023-05-15,Santa Barbara,083,443738,113287,113213,7907,121120,770
2023-05-15,Santa Clara,085,1922200,483409,482953,21911,504864,2787
2023-05-15,Santa Cruz,087,273765,69447,69406,4144,73550,277
2023-05-15,Shasta,089,179085,36728,36714,8449,45163,612
2023-05-15,Sierra,091,2930,313,313,61,374,5
2023-05-15,Siskiyou,093,43540,5531,5522,3497,9019,96
2023-05-15,Solano,095,438530,115428,115381,8886,124267,484
2023-05-15,Sonoma,097,501317,115225,115134,5863,120997,568
2023-05-15,Stanislaus,099,539301,146628,146555,23422,169977,1846
2023-05-15,Sutter,101,95872,26018,25997,2556,28553,241
2023-05-15,Tehama,103,63373,14579,14566,3474,18040,237
2023-05-15,Trinity,105,12862,1482,1481,512,1993,25
2023-05-15,Tulare,107,460477,129591,129530,41244,170774,1596
2023-05-15,Tuolumne,109,53932,17036,17032,1050,18082,212
2023-05-15,Ventura,111,848112,222568,222455,18343,240798,1703
2023-05-15,Yolo,113,214977,50627,50598,5075,55673,453
2023-05-15,Yuba,115,75493,20250,20238,1936,22174,135
2023-05-14,Alameda,001,1643700,386239,385841,23129,408970,2216
2023-05-14,Alpine,002,1148,139,139,4,143,0
2023-05-14,Amador,005,37829,10691,10689,1016,11705,98
2023-05-14,Butte,007,227075,42065,42001,10525,52526,498
2023-05-14,Calaveras,009,45235,9091,9087,647,9734,143
2023-05-14,Colusa,011,21464,4031,4030,1392,5422,24
2023-05-14,Contra Costa,013,1133247,277327,277107,22673,299780,1594
2023-05-14,Del Norte,015,27424,7977,7973,494,8467,61
2023-05-14,El Dorado,017,186661,35028,35003,4607,39610,247
2023-05-14,Fresno,019,978130,297742,297565,35623,333188,3023
2023-05-14,Glenn,021,27897,5845,5843,2044,7887,58
2023-05-14,Humboldt,023,135768,23569,23531,5986,29517,171
2023-05-14,Imperial,025,180216,71647,71546,19742,91288,982
2023-05-14,Inyo,027,18085,4822,4815,1348,6163,63
2023-05-14,Kern,029,883053,232201,232143,74585,306728,2502
2023-05-14,Kings,031,150075,63293,63267,4536,67803,486
2023-05-14,Lake,033,64148,13788,13775,1283,15058,164
2023-05-14,Lassen,035,31185,10299,10294,1073,11367,67
2023-05-14,Los Angeles,037,10098052,3519767,3518160,224276,3742436,36049
2023-05-14,Madera,039,155013,46815,46779,8981,55760,378
2023-05-14,Marin,041,260295,41573,49976,5798,55774,317
2023-05-14,Mariposa,043,17540,3386,3386,360,3746,33
2023-05-14,Mendocino,045,87422,17033,17029,4860,21889,145
2023-05-14,Merced,047,269075,78124,77958,13019,90977,903
2023-05-14,Modoc,049,8938,985,982,393,1375,11
2023-05-14,Mono,051,14174,3344,3344,308,3652,8
2023-05-14,Monterey,053,433212,98878,98844,24959,123803,811
2023-05-14,Napa,055,140530,35008,34988,1541,36529,185
2023-05-14,Nevada,057,99092,20460,20445,2381,22826,139
2023-05-14,Orange,059,3164182,720363,719913,80412,800325,8147
2023-05-14,Placer,061,380077,82322,82242,10458,92700,685
2023-05-14,Plumas,063,18699,3866,3866,464,4330,15
2023-05-14,Riverside,065,2383286,740407,740184,42724,782908,6888
2023-05-14,Sacramento,067,1510023,376950,376585,39092,415677,3596
2023-05-14,San Benito,069,59416,17851,17841,1156,18997,120
2023-05-14,San Bernardino,071,2135413,715561,715338,35123,750461,8172
2023-05-14,San Diego,073,3302833,994683,994170,82540,1076710,5857
2023-05-14,San Francisco,075,870044,199921,199745,13721,213466,1211
2023-05-14,San Joaquin,077,732212,212380,212225,17212,229437,2444
2023-05-14,San Luis Obispo,079,281455,67034,66995,8380,75375,575
2023-05-14,San Mateo,081,765935,186205,186054,11336,197390,753
2023-05-14,Santa Barbara,083,443738,113281,113213,7907,121120,770
2023-05-14,Santa Clara,085,1922200,483365,482953,21911,504864,2787
2023-05-14,Santa Cruz,087,273765,69445,69406,4144,73550,277
2023-05-14,Shasta,089,179085,36728,36714,8449,45163,612
2023-05-14,Sierra,091,2930,313,313,61,374,5
2023-05-14,Siskiyou,093,43540,5531,5522,3497,9019,96
2023-05-14,Solano,095,438530,115416,115381,8886,124267,484
2023-05-14,Sonoma,097,501317,115214,115134,5863,120997,568
2023-05-14,Stanislaus,099,539301,146620,146555,23422,169977,1846
2023-05-14,Sutter,101,95872,26015,25997,2556,28553,241
2023-05-14,Tehama,103,63373,14579,14566,3474,18040,237
2023-05-14,Trinity,105,12862,1482,1481,512,1993,25
2023-05-14,Tulare,107,460477,129591,129530,41244,170774,1596
2023-05-14,Tuolumne,109,53932,17036,17032,1050,18082,212
2023-05-14,Ventura,111,848112,222559,222455,18343,240798,1703
2023-05-14,Yolo,113,214977,50625,50598,5075,55673,453
2023-05-14,Yuba,115,75493,20250,20238,1936,22174,135
2023-05-13,Alameda,001,1643700,386209,385841,23129,408970,2216
2023-05-13,Alpine,002,1148,139,139,4,143,0
2023-05-13,Amador,005,37829,10691,10689,1016,11705,98
2023-05-13,Butte,007,227075,42061,42001,10525,52526,498
2023-05-13,Calaveras,009,45235,9091,9087,647,9734,143
2023-05-13,Colusa,011,21464,4031,4030,1392,5422,24
2023-05-13,Contra Costa,013,1133247,277305,277107,22673,299780,1594
2023-05-13,Del Norte,015,27424,7976,7973,494,8467,61
2023-05-13,El Dorado,017,186661,35026,35003,4607,39610,247
2023-05-13,Fresno,019,978130,297731,297565,35623,333188,3023
2023-05-13,Glenn,021,27897,5844,5843,2044,7887,58
2023-05-13,Humboldt,023,135768,23568,23531,5986,29517,171
2023-05-13,Imperial,025,180216,71642,71546,19742,91288,982
2023-05-13,Inyo,027,18085,4822,4815,1348,6163,63
2023-05-13,Kern,029,883053,232200,232143,74585,306728,2502
2023-05-13,Kings,031,150075,63290,63267,4536,67803,486
2023-05-13,Lake,033,64148,13788,13775,1283,15058,164
2023-05-13,Lassen,035,31185,10299,10294,1073,11367,67
2023-05-13,Los Angeles,037,10098052,3519712,3518160,224276,3742436,36049
2023-05-13,Madera,039,155013,46815,46779,8981,55760,378
2023-05-13,Marin,041,260295,41567,49976,5798,55774,317
2023-05-13,Mariposa,043,17540,3386,3386,360,3746,33
2023-05-13,Mendocino,045,87422,17032,17029,4860,21889,145
2023-05-13,Merced,047,269075,78123,77958,13019,90977,903
2023-05-13,Modoc,049,8938,985,982,393,1375,11
2023-05-13,Mono,051,14174,3344,3344,308,3652,8
2023-05-13,Monterey,053,433212,98875,98844,24959,123803,811
2023-05-13,Napa,055,140530,35008,34988,1541,36529,185
2023-05-13,Nevada,057,99092,20459,20445,2381,22826,139
2023-05-13,Orange,059,3164182,720328,719913,80412,800325,8147
2023-05-13,Placer,061,380077,82312,82242,10458,92700,685
2023-05-13,Plumas,063,18699,3866,3866,464,4330,15
2023-05-13,Riverside,065,2383286,740396,740184,42724,782908,6888
2023-05-13,Sacramento,067,1510023,376921,376585,39092,415677,3596
2023-05-13,San Benito,069,59416,17850,17841,1156,18997,120
2023-05-13,San Bernardino,071,2135413,715543,715338,35123,750461,8172
2023-05-13,San Diego,073,3302833,994630,994170,82540,1076710,5857
2023-05-13,San Francisco,075,870044,199901,199745,13721,213466,1211
2023-05-13,San Joaquin,077,732212,212368,212225,17212,229437,2444
2023-05-13,San Luis Obispo,079,281455,67033,66995,8380,75375,575
2023-05-13,San Mateo,081,765935,186197,186054,11336,197390,753
2023-05-13,Santa Barbara,083,443738,113275,113213,7907,121120,770
2023-05-13,Santa Clara,085,1922200,483323,482953,21911,504864,2787
2023-05-13,Santa Cruz,087,273765,69443,69406,4144,73550,277
2023-05-13,Shasta,089,179085,36728,36714,8449,45163,612
2023-05-13,Sierra,091,2930,313,313,61,374,5
2023-05-13,Siskiyou,093,43540,5530,5522,3497,9019,96
2023-05-13,Solano,095,438530,115412,115381,8886,124267,484
2023-05-13,Sonoma,097,501317,115208,115134,5863,120997,568
2023-05-13,Stanislaus,099,539301,146614,146555,23422,169977,1846
2023-05-13,Sutter,101,95872,26012,25997,2556,28553,241
2023-05-13,Tehama,103,63373,14579,14566,3474,18040,237
2023-05-13,Trinity,105,12862,1482,1481,512,1993,25
2023-05-13,Tulare,107,460477,129591,129530,41244,170774,1596
2023-05-13,Tuolumne,109,53932,17035,17032,1050,18082,212
2023-05-13,Ventura,111,848112,222552,222455,18343,240798,1703
2023-05-13,Yolo,113,214977,50620,50598,5075,55673,453
2023-05-13,Yuba,115,75493,20249,20238,1936,22174,135
2023-05-12,Alameda,001,1643700,386177,385841,23129,408970,2216
2023-05-12,Alpine,002,1148,139,139,4,143,0
2023-05-12,Amador,005,37829,10691,10689,1016,11705,98
2023-05-12,Butte,007,227075,42059,42001,10525,52526,498
2023-05-12,Calaveras,009,45235,9091,9087,647,9734,143
2023-05-12,Colusa,011,21464,4031,4030,1392,5422,24
2023-05-12,Contra Costa,013,1133247,277280,277107,22673,299780,1594
2023-05-12,Del Norte,015,27424,7975,7973,494,8467,61
2023-05-12,El Dorado,017,186661,35024,35003,4607,39610,247
2023-05-12,Fresno,019,978130,297713,297565,35623,333188,3023
2023-05-12,Glenn,021,27897,5844,5843,2044,7887,58
2023-05-12,Humboldt,023,135768,23567,23531,5986,29517,171
2023-05-12,Imperial,025,180216,71640,71546,19742,91288,982
2023-05-12,Inyo,027,18085,4822,4815,1348,6163,63
2023-05-12,Kern,029,883053,232194,232143,74585,306728,2502
2023-05-12,Kings,031,150075,63289,63267,4536,67803,486
2023-05-12,Lake,033,64148,13788,13775,1283,15058,164
2023-05-12,Lassen,035,31185,10299,10294,1073,11367,67
2023-05-12,Los Angeles,037,10098052,3519628,3518160,224276,3742436,36049
2023-05-12,Madera,039,155013,46815,46779,8981,55760,378
2023-05-12,Marin,041,260295,41562,49976,5798,55774,317
2023-05-12,Mariposa,043,17540,3386,3386,360,3746,33
2023-05-12,Mendocino,045,87422,17029,17029,4860,21889,145
2023-05-12,Merced,047,269075,78119,77958,13019,90977,903
2023-05-12,Modoc,049,8938,985,982,393,1375,11
2023-05-12,Mono,051,14174,3344,3344,308,3652,8
2023-05-12,Monterey,053,433212,98875,98844,24959,123803,811
2023-05-12,Napa,055,140530,35008,34988,1541,36529,185
2023-05-12,Nevada,057,99092,20455,20445,2381,22826,139
2023-05-12,Orange,059,3164182,720295,719913,80412,800325,8147
2023-05-12,Placer,061,380077,82303,82242,10458,92700,685
2023-05-12,Plumas,063,18699,3866,3866,464,4330,15
2023-05-12,Riverside,065,2383286,740380,740184,42724,782908,6888
2023-05-12,Sacramento,067,1510023,376890,376585,39092,415677,3596
2023-05-12,San Benito,069,59416,17848,17841,1156,18997,120
2023-05-12,San Bernardino,071,2135413,715526,715338,35123,750461,8172
2023-05-12,San Diego,073,3302833,994575,994170,82540,1076710,5857
2023-05-12,San Francisco,075,870044,199884,199745,13721,213466,1211
2023-05-12,San Joaquin,077,732212,212354,212225,17212,229437,2444
2023-05-12,San Luis Obispo,079,281455,67028,66995,8380,75375,575
2023-05-12,San Mateo,081,765935,186174,186054,11336,197390,753
2023-05-12,Santa Barbara,083,443738,113262,113213,7907,121120,770
2023-05-12,Santa Clara,085,1922200,483272,482953,21911,504864,2787
2023-05-12,Santa Cruz,087,273765,69437,69406,4144,73550,277
2023-05-12,Shasta,089,179085,36726,36714,8449,45163,612
2023-05-12,Sierra,091,2930,313,313,61,374,5
2023-05-12,Siskiyou,093,43540,5529,5522,3497,9019,96
2023-05-12,Solano,095,438530,115409,115381,8886,124267,484
2023-05-12,Sonoma,097,501317,115202,115134,5863,120997,568
2023-05-12,Stanislaus,099,539301,146604,146555,23422,169977,1846
2023-05-12,Sutter,101,95872,26010,25997,2556,28553,241
2023-05-12,Tehama,103,63373,14578,14566,3474,18040,237
2023-05-12,Trinity,105,12862,1482,1481,512,1993,25
2023-05-12,Tulare,107,460477,129591,129530,41244,170774,1596
2023-05-12,Tuolumne,109,53932,17035,17032,1050,18082,212
2023-05-12,Ventura,111,848112,222540,222455,18343,240798,1703
2023-05-12,Yolo,113,214977,50618,50598,5075,55673,453
2023-05-12,Yuba,115,75493,20248,20238,1936,22174,135
2023-05-11,Alameda,001,1643700,386116,385841,23129,408970,2216
2023-05-11,Alpine,002,1148,139,139,4,143,0
2023-05-11,Amador,005,37829,10691,10689,1016,11705,98
2023-05-11,Butte,007,227075,42058,42001,10525,52526,498
2023-05-11,Calaveras,009,45235,9089,9087,647,9734,143
2023-05-11,Colusa,011,21464,4031,4030,1392,5422,24
2023-05-11,Contra Costa,013,1133247,277241,277107,22673,299780,1594
2023-05-11,Del Norte,015,27424,7975,7973,494,8467,61
2023-05-11,El Dorado,017,186661,35019,35003,4607,39610,247
2023-05-11,Fresno,019,978130,297690,297565,35623,333188,3023
2023-05-11,Glenn,021,27897,5844,5843,2044,7887,58
2023-05-11,Humboldt,023,135768,23565,23531,5986,29517,171
2023-05-11,Imperial,025,180216,71637,71546,19742,91288,982
2023-05-11,Inyo,027,18085,4821,4815,1348,6163,63
2023-05-11,Kern,029,883053,232185,232143,74585,306728,2502
2023-05-11,Kings,031,150075,63287,63267,4536,67803,486
2023-05-11,Lake,033,64148,13787,13775,1283,15058,164
2023-05-11,Lassen,035,31185,10298,10294,1073,11367,67
2023-05-11,Los Angeles,037,10098052,3519480,3518160,224276,3742436,36049
2023-05-11,Madera,039,155013,46811,46779,8981,55760,378
2023-05-11,Marin,041,260295,41552,49976,5798,55774,317
2023-05-11,Mariposa,043,17540,3386,3386,360,3746,33
2023-05-11,Mendocino,045,87422,17029,17029,4860,21889,145
2023-05-11,Merced,047,269075,78112,77958,13019,90977,903
2023-05-11,Modoc,049,8938,985,982,393,1375,11
2023-05-11,Mono,051,14174,3344,3344,308,3652,8
2023-05-11,Monterey,053,433212,98870,98844,24959,123803,811
2023-05-11,Napa,055,140530,35005,34988,1541,36529,185
2023-05-11,Nevada,057,99092,20449,20445,2381,22826,139
2023-05-11,Orange,059,3164182,720257,719913,80412,800325,8147
2023-05-11,Placer,061,380077,82289,82242,10458,92700,685
2023-05-11,Plumas,063,18699,3866,3866,464,4330,15
2023-05-11,Riverside,065,2383286,740343,740184,42724,782908,6888
2023-05-11,Sacramento,067,1510023,376824,376585,39092,415677,3596
2023-05-11,San Benito,069,59416,17847,17841,1156,18997,120
2023-05-11,San Bernardino,071,2135413,715500,715338,35123,750461,8172
2023-05-11,San Diego,073,3302833,994506,994170,82540,1076710,5857
2023-05-11,San Francisco,075,870044,199860,199745,13721,213466,1211
2023-05-11,San Joaquin,077,732212,212333,212225,17212,229437,2444
2023-05-11,San Luis Obispo,079,281455,67023,66995,8380,75375,575
2023-05-11,San Mateo,081,765935,186161,186054,11336,197390,753
2023-05-11,Santa Barbara,083,443738,113250,113213,7907,121120,770
2023-05-11,Santa Clara,085,1922200,483217,482953,21911,504864,2787
2023-05-11,Santa Cruz,087,273765,69427,69406,4144,73550,277
2023-05-11,Shasta,089,179085,36723,36714,8449,45163,612
2023-05-11,Sierra,091,2930,313,313,61,374,5
2023-05-11,Siskiyou,093,43540,5527,5522,3497,9019,96
2023-05-11,Solano,095,438530,115399,115381,8886,124267,484
2023-05-11,Sonoma,097,501317,115187,115134,5863,120997,568
2023-05-11,Stanislaus,099,539301,146593,146555,23422,169977,1846
2023-05-11,Sutter,101,95872,26006,25997,2556,28553,241
2023-05-11,Tehama,103,63373,14576,14566,3474,18040,237
2023-05-11,Trinity,105,12862,1481,1481,512,1993,25
2023-05-11,Tulare,107,460477,129589,129530,41244,170774,1596
2023-05-11,Tuolumne,109,53932,17034,17032,1050,18082,212
2023-05-11,Ventura,111,848112,222521,222455,18343,240798,1703
2023-05-11,Yolo,113,214977,50613,50598,5075,55673,453
2023-05-11,Yuba,115,75493,20245,20238,1936,22174,135
2023-05-10,Alameda,001,1643700,386053,385841,23129,408970,2216
2023-05-10,Alpine,002,1148,139,139,4,143,0
2023-05-10,Amador,005,37829,10691,10689,1016,11705,98
2023-05-10,Butte,007,227075,42041,42001,10525,52526,498
2023-05-10,Calaveras,009,45235,9087,9087,647,9734,143
2023-05-10,Colusa,011,21464,4030,4030,1392,5422,24
2023-05-10,Contra Costa,013,1133247,277195,277107,22673,299780,1594
2023-05-10,Del Norte,015,27424,7974,7973,494,8467,61
2023-05-10,El Dorado,017,186661,35017,35003,4607,39610,247
2023-05-10,Fresno,019,978130,297673,297565,35623,333188,3023
2023-05-10,Glenn,021,27897,5844,5843,2044,7887,58
2023-05-10,Humboldt,023,135768,23562,23531,5986,29517,171
2023-05-10,Imperial,025,180216,71622,71546,19742,91288,982
2023-05-10,Inyo,027,18085,4819,4815,1348,6163,63
2023-05-10,Kern,029,883053,232177,232143,74585,306728,2502
2023-05-10,Kings,031,150075,63282,63267,4536,67803,486
2023-05-10,Lake,033,64148,13783,13775,1283,15058,164
2023-05-10,Lassen,035,31185,10295,10294,1073,11367,67
2023-05-10,Los Angeles,037,10098052,3519276,3518160,224276,3742436,36049
2023-05-10,Madera,039,155013,46805,46779,8981,55760,378
2023-05-10,Marin,041,260295,41544,49976,5798,55774,317
2023-05-10,Mariposa,043,17540,3386,3386,360,3746,33
2023-05-10,Mendocino,045,87422,17029,17029,4860,21889,145
2023-05-10,Merced,047,269075,78108,77958,13019,90977,903
2023-05-10,Modoc,049,8938,985,982,393,1375,11
2023-05-10,Mono,051,14174,3344,3344,308,3652,8
2023-05-10,Monterey,053,433212,98861,98844,24959,123803,811
2023-05-10,Napa,055,140530,35001,34988,1541,36529,185
2023-05-10,Nevada,057,99092,20449,20445,2381,22826,139
2023-05-10,Orange,059,3164182,720182,719913,80412,800325,8147
2023-05-10,Placer,061,380077,82279,82242,10458,92700,685
2023-05-10,Plumas,063,18699,3864,3866,464,4330,15
2023-05-10,Riverside,065,2383286,740304,740184,42724,782908,6888
2023-05-10,Sacramento,067,1510023,376767,376585,39092,415677,3596
2023-05-10,San Benito,069,59416,17847,17841,1156,18997,120
2023-05-10,San Bernardino,071,2135413,715441,715338,35123,750461,8172
2023-05-10,San Diego,073,3302833,994428,994170,82540,1076710,5857
2023-05-10,San Francisco,075,870044,199832,199745,13721,213466,1211
2023-05-10,San Joaquin,077,732212,212306,212225,17212,229437,2444
2023-05-10,San Luis Obispo,079,281455,67019,66995,8380,75375,575
2023-05-10,San Mateo,081,765935,186136,186054,11336,197390,753
2023-05-10,Santa Barbara,083,443738,113242,113213,7907,121120,770
2023-05-10,Santa Clara,085,1922200,483157,482953,21911,504864,2787
2023-05-10,Santa Cruz,087,273765,69423,69406,4144,73550,277
2023-05-10,Shasta,089,179085,36719,36714,8449,45163,612
2023-05-10,Sierra,091,2930,313,313,61,374,5
2023-05-10,Siskiyou,093,43540,5525,5522,3497,9019,96
2023-05-10,Solano,095,438530,115388,115381,8886,124267,484
2023-05-10,Sonoma,097,501317,115169,115134,5863,120997,568
2023-05-10,Stanislaus,099,539301,146579,146555,23422,169977,1846
2023-05-10,Sutter,101,95872,26002,25997,2556,28553,241
2023-05-10,Tehama,103,63373,14576,14566,3474,18040,237
2023-05-10,Trinity,105,12862,1481,1481,512,1993,25
2023-05-10,Tulare,107,460477,129580,129530,41244,170774,1596
2023-05-10,Tuolumne,109,53932,17034,17032,1050,18082,212
2023-05-10,Ventura,111,848112,222507,222455,18343,240798,1703
2023-05-10,Yolo,113,214977,50610,50598,5075,55673,453
2023-05-10,Yuba,115,75493,20243,20238,1936,22174,135
2023-05-09,Alameda,001,1643700,385990,385841,23129,408970,2216
2023-05-09,Alpine,002,1148,139,139,4,143,0
2023-05-09,Amador,005,37829,10690,10689,1016,11705,98
2023-05-09,Butte,007,227075,42021,42001,10525,52526,498
2023-05-09,Calaveras,009,45235,9086,9087,647,9734,143
2023-05-09,Colusa,011,21464,4030,4030,1392,5422,24
2023-05-09,Contra Costa,013,1133247,277153,277107,22673,299780,1594
2023-05-09,Del Norte,015,27424,7974,7973,494,8467,61
2023-05-09,El Dorado,017,186661,35010,35003,4607,39610,247
2023-05-09,Fresno,019,978130,297648,297565,35623,333188,3023
2023-05-09,Glenn,021,27897,5844,5843,2044,7887,58
2023-05-09,Humboldt,023,135768,23562,23531,5986,29517,171
2023-05-09,Imperial,025,180216,71613,71546,19742,91288,982
2023-05-09,Inyo,027,18085,4817,4815,1348,6163,63
2023-05-09,Kern,029,883053,232165,232143,74585,306728,2502
2023-05-09,Kings,031,150075,63276,63267,4536,67803,486
2023-05-09,Lake,033,64148,13779,13775,1283,15058,164
2023-05-09,Lassen,035,31185,10295,10294,1073,11367,67
2023-05-09,Los Angeles,037,10098052,3519054,3518160,224276,3742436,36049
2023-05-09,Madera,039,155013,46802,46779,8981,55760,378
2023-05-09,Marin,041,260295,41534,49976,5798,55774,317
2023-05-09,Mariposa,043,17540,3386,3386,360,3746,33
2023-05-09,Mendocino,045,87422,17029,17029,4860,21889,145
2023-05-09,Merced,047,269075,78107,77958,13019,90977,903
2023-05-09,Modoc,049,8938,985,982,393,1375,11
2023-05-09,Mono,051,14174,3344,3344,308,3652,8
2023-05-09,Monterey,053,433212,98858,98844,24959,123803,811
2023-05-09,Napa,055,140530,34998,34988,1541,36529,185
2023-05-09,Nevada,057,99092,20447,20445,2381,22826,139
2023-05-09,Orange,059,3164182,720110,719913,80412,800325,8147
2023-05-09,Placer,061,380077,82271,82242,10458,92700,685
2023-05-09,Plumas,063,18699,3864,3866,464,4330,15
2023-05-09,Riverside,065,2383286,740251,740184,42724,782908,6888
2023-05-09,Sacramento,067,1510023,376704,376585,39092,415677,3596
2023-05-09,San Benito,069,59416,17844,17841,1156,18997,120
2023-05-09,San Bernardino,071,2135413,715401,715338,35123,750461,8172
2023-05-09,San Diego,073,3302833,994339,994170,82540,1076710,5857
2023-05-09,San Francisco,075,870044,199808,199745,13721,213466,1211
2023-05-09,San Joaquin,077,732212,212283,212225,17212,229437,2444
2023-05-09,San Luis Obispo,079,281455,67012,66995,8380,75375,575
2023-05-09,San Mateo,081,765935,186106,186054,11336,197390,753
2023-05-09,Santa Barbara,083,443738,113231,113213,7907,121120,770
2023-05-09,Santa Clara,085,1922200,483085,482953,21911,504864,2787
2023-05-09,Santa Cruz,087,273765,69417,69406,4144,73550,277
2023-05-09,Shasta,089,179085,36719,36714,8449,45163,612
2023-05-09,Sierra,091,2930,313,313,61,374,5
2023-05-09,Siskiyou,093,43540,5524,5522,3497,9019,96
2023-05-09,Solano,095,438530,115374,115381,8886,124267,484
2023-05-09,Sonoma,097,501317,115159,115134,5863,120997,568
2023-05-09,Stanislaus,099,539301,146555,146555,23422,169977,1846
2023-05-09,Sutter,101,95872,26000,25997,2556,28553,241
2023-05-09,Tehama,103,63373,14574,14566,3474,18040,237
2023-05-09,Trinity,105,12862,1481,1481,512,1993,25
2023-05-09,Tulare,107,460477,129576,129530,41244,170774,1596
2023-05-09,Tuolumne,109,53932,17033,17032,1050,18082,212
2023-05-09,Ventura,111,848112,222493,222455,18343,240798,1703
2023-05-09,Yolo,113,214977,50606,50598,5075,55673,453
2023-05-09,Yuba,115,75493,20239,20238,1936,22174,135
2023-05-08,Alameda,001,1643700,385925,385365,23129,408494,2224
2023-05-08,Alpine,002,1148,139,139,4,143,0
2023-05-08,Amador,005,37829,10690,10680,1016,11696,98
2023-05-08,Butte,007,227075,42016,41972,10525,52497,498
2023-05-08,Calaveras,009,45235,9086,9081,647,9728,143
2023-05-08,Colusa,011,21464,4028,4028,1392,5420,24
2023-05-08,Contra Costa,013,1133247,277118,276867,22673,299540,1588
2023-05-08,Del Norte,015,27424,7973,7968,494,8462,61
2023-05-08,El Dorado,017,186661,35007,34967,4607,39574,247
2023-05-08,Fresno,019,978130,297613,297346,35623,332969,3022
2023-05-08,Glenn,021,27897,5842,5835,2044,7879,58
2023-05-08,Humboldt,023,135768,23561,23518,5986,29504,171
2023-05-08,Imperial,025,180216,71596,71459,19742,91201,981
2023-05-08,Inyo,027,18085,4815,4815,1348,6163,63
2023-05-08,Kern,029,883053,232154,232054,74585,306639,2502
2023-05-08,Kings,031,150075,63269,63233,4536,67769,486
2023-05-08,Lake,033,64148,13778,13767,1283,15050,163
2023-05-08,Lassen,035,31185,10295,10288,1073,11361,67
2023-05-08,Los Angeles,037,10098052,3518809,3516317,224276,3740593,36003
2023-05-08,Madera,039,155013,46798,46744,8981,55725,378
2023-05-08,Marin,041,260295,41520,49924,5798,55722,317
2023-05-08,Mariposa,043,17540,3386,3384,360,3744,33
2023-05-08,Mendocino,045,87422,17029,17021,4860,21881,145
2023-05-08,Merced,047,269075,78097,77788,13019,90807,903
2023-05-08,Modoc,049,8938,982,972,393,1365,11
2023-05-08,Mono,051,14174,3344,3344,308,3652,8
2023-05-08,Monterey,053,433212,98856,98803,24959,123762,811
2023-05-08,Napa,055,140530,34987,34948,1541,36489,184
2023-05-08,Nevada,057,99092,20446,20419,2381,22800,139
2023-05-08,Orange,059,3164182,720035,719429,80412,799841,8119
2023-05-08,Placer,061,380077,82264,82130,10458,92588,683
2023-05-08,Plumas,063,18699,3864,3860,464,4324,15
2023-05-08,Riverside,065,2383286,740200,739914,42724,782638,6885
2023-05-08,Sacramento,067,1510023,376644,376202,39092,415294,3595
2023-05-08,San Benito,069,59416,17840,17832,1156,18988,119
2023-05-08,San Bernardino,071,2135413,715347,715079,35123,750202,8172
2023-05-08,San Diego,073,3302833,994254,993597,82540,1076137,5852
2023-05-08,San Francisco,075,870044,199786,199522,13721,213243,1206
2023-05-08,San Joaquin,077,732212,212259,212044,17212,229256,2443
2023-05-08,San Luis Obispo,079,281455,67007,66955,8380,75335,574
2023-05-08,San Mateo,081,765935,186081,185833,11336,197169,753
2023-05-08,Santa Barbara,083,443738,113222,113136,7907,121043,769
2023-05-08,Santa Clara,085,1922200,483017,482479,21911,504390,2785
2023-05-08,Santa Cruz,087,273765,69413,69339,4144,73483,276
2023-05-08,Shasta,089,179085,36717,36690,8449,45139,612
2023-05-08,Sierra,091,2930,313,313,61,374,5
2023-05-08,Siskiyou,093,43540,5523,5515,3497,9012,96
2023-05-08,Solano,095,438530,115362,115315,8886,124201,483
2023-05-08,Sonoma,097,501317,115139,115042,5863,120905,568
2023-05-08,Stanislaus,099,539301,146537,146465,23422,169887,1846
2023-05-08,Sutter,101,95872,25997,25986,2556,28542,241
2023-05-08,Tehama,103,63373,14571,14551,3474,18025,237
2023-05-08,Trinity,105,12862,1481,1481,512,1993,25
2023-05-08,Tulare,107,460477,129571,129413,41244,170657,1596
2023-05-08,Tuolumne,109,53932,17033,17015,1050,18065,212
2023-05-08,Ventura,111,848112,222478,222353,18343,240696,1703
2023-05-08,Yolo,113,214977,50597,50554,5075,55629,452
2023-05-08,Yuba,115,75493,20237,20225,1936,22161,135
2023-05-07,Alameda,001,1643700,385843,385365,23124,408489,2224
2023-05-07,Alpine,002,1148,139,139,4,143,0
2023-05-07,Amador,005,37829,10689,10680,1016,11696,98
2023-05-07,Butte,007,227075,42009,41972,10523,52495,498
2023-05-07,Calaveras,009,45235,9085,9081,647,9728,143
2023-05-07,Colusa,011,21464,4028,4028,1392,5420,24
2023-05-07,Contra Costa,013,1133247,277073,276867,22671,299538,1588
2023-05-07,Del Norte,015,27424,7973,7968,494,8462,61
2023-05-07,El Dorado,017,186661,35000,34967,4606,39573,247
2023-05-07,Fresno,019,978130,297575,297346,35614,332960,3022
2023-05-07,Glenn,021,27897,5842,5835,2044,7879,58
2023-05-07,Humboldt,023,135768,23558,23518,5986,29504,171
2023-05-07,Imperial,025,180216,71574,71459,19734,91193,981
2023-05-07,Inyo,027,18085,4815,4815,1348,6163,63
2023-05-07,Kern,029,883053,232140,232054,74579,306633,2502
2023-05-07,Kings,031,150075,63264,63233,4536,67769,486
2023-05-07,Lake,033,64148,13774,13767,1283,15050,163
2023-05-07,Lassen,035,31185,10295,10288,1073,11361,67
2023-05-07,Los Angeles,037,10098052,3518494,3516317,224274,3740591,36003
2023-05-07,Madera,039,155013,46795,46744,8980,55724,378
2023-05-07,Marin,041,260295,41514,49924,5798,55722,317
2023-05-07,Mariposa,043,17540,3386,3384,360,3744,33
2023-05-07,Mendocino,045,87422,17029,17021,4857,21878,145
2023-05-07,Merced,047,269075,78092,77788,13018,90806,903
2023-05-07,Modoc,049,8938,982,972,393,1365,11
2023-05-07,Mono,051,14174,3344,3344,308,3652,8
2023-05-07,Monterey,053,433212,98847,98803,24945,123748,811
2023-05-07,Napa,055,140530,34983,34948,1541,36489,184
2023-05-07,Nevada,057,99092,20444,20419,2381,22800,139
2023-05-07,Orange,059,3164182,719944,719429,80386,799815,8119
2023-05-07,Placer,061,380077,82246,82130,10457,92587,683
2023-05-07,Plumas,063,18699,3864,3860,464,4324,15
2023-05-07,Riverside,065,2383286,740154,739914,42716,782630,6885
2023-05-07,Sacramento,067,1510023,376579,376202,39084,415286,3595
2023-05-07,San Benito,069,59416,17837,17832,1156,18988,119
2023-05-07,San Bernardino,071,2135413,715299,715079,35123,750202,8172
2023-05-07,San Diego,073,3302833,994172,993597,82531,1076128,5852
2023-05-07,San Francisco,075,870044,199743,199522,13720,213242,1206
2023-05-07,San Joaquin,077,732212,212233,212044,17211,229255,2443
2023-05-07,San Luis Obispo,079,281455,66996,66955,8380,75335,574
2023-05-07,San Mateo,081,765935,186058,185833,11335,197168,753
2023-05-07,Santa Barbara,083,443738,113209,113136,7904,121040,769
2023-05-07,Santa Clara,085,1922200,482938,482479,21900,504379,2785
2023-05-07,Santa Cruz,087,273765,69403,69339,4144,73483,276
2023-05-07,Shasta,089,179085,36713,36690,8449,45139,612
2023-05-07,Sierra,091,2930,313,313,61,374,5
2023-05-07,Siskiyou,093,43540,5523,5515,3496,9011,96
2023-05-07,Solano,095,438530,115343,115315,8884,124199,483
2023-05-07,Sonoma,097,501317,115124,115042,5863,120905,568
2023-05-07,Stanislaus,099,539301,146523,146465,23413,169878,1846
2023-05-07,Sutter,101,95872,25994,25986,2556,28542,241
2023-05-07,Tehama,103,63373,14566,14551,3474,18025,237
2023-05-07,Trinity,105,12862,1481,1481,512,1993,25
2023-05-07,Tulare,107,460477,129560,129413,41236,170649,1596
2023-05-07,Tuolumne,109,53932,17030,17015,1045,18060,212
2023-05-07,Ventura,111,848112,222452,222353,18342,240695,1703
2023-05-07,Yolo,113,214977,50595,50554,5074,55628,452
2023-05-07,Yuba,115,75493,20236,20225,1936,22161,135
2023-05-06,Alameda,001,1643700,385803,385365,23122,408487,2224
2023-05-06,Alpine,002,1148,139,139,4,143,0
2023-05-06,Amador,005,37829,10689,10680,1016,11696,98
2023-05-06,Butte,007,227075,42007,41972,10521,52493,498
2023-05-06,Calaveras,009,45235,9085,9081,647,9728,143
2023-05-06,Colusa,011,21464,4028,4028,1392,5420,24
2023-05-06,Contra Costa,013,1133247,277048,276867,22667,299534,1588
2023-05-06,Del Norte,015,27424,7972,7968,494,8462,61
2023-05-06,El Dorado,017,186661,34997,34967,4606,39573,247
2023-05-06,Fresno,019,978130,297553,297346,35614,332960,3022
2023-05-06,Glenn,021,27897,5842,5835,2044,7879,58
2023-05-06,Humboldt,023,135768,23556,23518,5986,29504,171
2023-05-06,Imperial,025,180216,71569,71459,19733,91192,981
2023-05-06,Inyo,027,18085,4815,4815,1348,6163,63
2023-05-06,Kern,029,883053,232131,232054,74574,306628,2502
2023-05-06,Kings,031,150075,63259,63233,4536,67769,486
2023-05-06,Lake,033,64148,13773,13767,1283,15050,163
2023-05-06,Lassen,035,31185,10294,10288,1073,11361,67
2023-05-06,Los Angeles,037,10098052,3518313,3516317,224254,3740571,36003
2023-05-06,Madera,039,155013,46793,46744,8980,55724,378
2023-05-06,Marin,041,260295,41510,49924,5794,55718,317
2023-05-06,Mariposa,043,17540,3386,3384,360,3744,33
2023-05-06,Mendocino,045,87422,17028,17021,4857,21878,145
2023-05-06,Merced,047,269075,78089,77788,13018,90806,903
2023-05-06,Modoc,049,8938,982,972,393,1365,11
2023-05-06,Mono,051,14174,3344,3344,308,3652,8
2023-05-06,Monterey,053,433212,98842,98803,24941,123744,811
2023-05-06,Napa,055,140530,34978,34948,1541,36489,184
2023-05-06,Nevada,057,99092,20438,20419,2381,22800,139
2023-05-06,Orange,059,3164182,719903,719429,80358,799787,8119
2023-05-06,Placer,061,380077,82225,82130,10457,92587,683
2023-05-06,Plumas,063,18699,3864,3860,464,4324,15
2023-05-06,Riverside,065,2383286,740133,739914,42708,782622,6885
2023-05-06,Sacramento,067,1510023,376538,376202,39079,415281,3595
2023-05-06,San Benito,069,59416,17834,17832,1156,18988,119
2023-05-06,San Bernardino,071,2135413,715256,715079,35122,750201,8172
2023-05-06,San Diego,073,3302833,994113,993597,82524,1076121,5852
2023-05-06,San Francisco,075,870044,199723,199522,13718,213240,1206
2023-05-06,San Joaquin,077,732212,212216,212044,17210,229254,2443
2023-05-06,San Luis Obispo,079,281455,66992,66955,8380,75335,574
2023-05-06,San Mateo,081,765935,186039,185833,11334,197167,753
2023-05-06,Santa Barbara,083,443738,113198,113136,7903,121039,769
2023-05-06,Santa Clara,085,1922200,482887,482479,21894,504373,2785
2023-05-06,Santa Cruz,087,273765,69398,69339,4141,73480,276
2023-05-06,Shasta,089,179085,36712,36690,8449,45139,612
2023-05-06,Sierra,091,2930,313,313,61,374,5
2023-05-06,Siskiyou,093,43540,5521,5515,3496,9011,96
2023-05-06,Solano,095,438530,115334,115315,8883,124198,483
2023-05-06,Sonoma,097,501317,115119,115042,5862,120904,568
2023-05-06,Stanislaus,099,539301,146518,146465,23413,169878,1846
2023-05-06,Sutter,101,95872,25994,25986,2556,28542,241
2023-05-06,Tehama,103,63373,14565,14551,3474,18025,237
2023-05-06,Trinity,105,12862,1481,1481,512,1993,25
2023-05-06,Tulare,107,460477,129556,129413,41235,170648,1596
2023-05-06,Tuolumne,109,53932,17030,17015,1045,18060,212
2023-05-06,Ventura,111,848112,222446,222353,18342,240695,1703
2023-05-06,Yolo,113,214977,50593,50554,5074,55628,452
2023-05-06,Yuba,115,75493,20235,20225,1933,22158,135
2023-05-05,Alameda,001,1643700,385739,385365,23119,408484,2224
2023-05-05,Alpine,002,1148,139,139,4,143,0
2023-05-05,Amador,005,37829,10688,10680,1016,11696,98
2023-05-05,Butte,007,227075,42006,41972,10519,52491,498
2023-05-05,Calaveras,009,45235,9084,9081,647,9728,143
2023-05-05,Colusa,011,21464,4028,4028,1392,5420,24
2023-05-05,Contra Costa,013,1133247,277018,276867,22667,299534,1588
2023-05-05,Del Norte,015,27424,7972,7968,494,8462,61
2023-05-05,El Dorado,017,186661,34995,34967,4606,39573,247
2023-05-05,Fresno,019,978130,297533,297346,35613,332959,3022
2023-05-05,Glenn,021,27897,5841,5835,2044,7879,58
2023-05-05,Humboldt,023,135768,23556,23518,5986,29504,171
2023-05-05,Imperial,025,180216,71564,71459,19731,91190,981
2023-05-05,Inyo,027,18085,4814,4815,1345,6160,63
2023-05-05,Kern,029,883053,232126,232054,74571,306625,2502
2023-05-05,Kings,031,150075,63256,63233,4536,67769,486
2023-05-05,Lake,033,64148,13773,13767,1283,15050,163
2023-05-05,Lassen,035,31185,10294,10288,1073,11361,67
2023-05-05,Los Angeles,037,10098052,3518161,3516317,224234,3740551,36003
2023-05-05,Madera,039,155013,46788,46744,8980,55724,378
2023-05-05,Marin,041,260295,41504,49924,5793,55717,317
2023-05-05,Mariposa,043,17540,3386,3384,360,3744,33
2023-05-05,Mendocino,045,87422,17027,17021,4857,21878,145
2023-05-05,Merced,047,269075,78086,77788,13018,90806,903
2023-05-05,Modoc,049,8938,982,972,393,1365,11
2023-05-05,Mono,051,14174,3344,3344,308,3652,8
2023-05-05,Monterey,053,433212,98839,98803,24934,123737,811
2023-05-05,Napa,055,140530,34976,34948,1541,36489,184
2023-05-05,Nevada,057,99092,20438,20419,2381,22800,139
2023-05-05,Orange,059,3164182,719847,719429,80345,799774,8119
2023-05-05,Placer,061,380077,82218,82130,10457,92587,683
2023-05-05,Plumas,063,18699,3863,3860,464,4324,15
2023-05-05,Riverside,065,2383286,740113,739914,42695,782609,6885
2023-05-05,Sacramento,067,1510023,376514,376202,39078,415280,3595
2023-05-05,San Benito,069,59416,17834,17832,1156,18988,119
2023-05-05,San Bernardino,071,2135413,715236,715079,35119,750198,8172
2023-05-05,San Diego,073,3302833,994051,993597,82520,1076117,5852
2023-05-05,San Francisco,075,870044,199705,199522,13710,213232,1206
2023-05-05,San Joaquin,077,732212,212194,212044,17210,229254,2443
2023-05-05,San Luis Obispo,079,281455,66989,66955,8379,75334,574
2023-05-05,San Mateo,081,765935,186021,185833,11333,197166,753
2023-05-05,Santa Barbara,083,443738,113190,113136,7903,121039,769
2023-05-05,Santa Clara,085,1922200,482840,482479,21884,504363,2785
2023-05-05,Santa Cruz,087,273765,69391,69339,4140,73479,276
2023-05-05,Shasta,089,179085,36710,36690,8447,45137,612
2023-05-05,Sierra,091,2930,313,313,61,374,5
2023-05-05,Siskiyou,093,43540,5520,5515,3496,9011,96
2023-05-05,Solano,095,438530,115333,115315,8883,124198,483
2023-05-05,Sonoma,097,501317,115112,115042,5862,120904,568
2023-05-05,Stanislaus,099,539301,146512,146465,23411,169876,1846
2023-05-05,Sutter,101,95872,25993,25986,2556,28542,241
2023-05-05,Tehama,103,63373,14565,14551,3474,18025,237
2023-05-05,Trinity,105,12862,1481,1481,512,1993,25
2023-05-05,Tulare,107,460477,129548,129413,41234,170647,1596
2023-05-05,Tuolumne,109,53932,17030,17015,1045,18060,212
2023-05-05,Ventura,111,848112,222436,222353,18338,240691,1703
2023-05-05,Yolo,113,214977,50589,50554,5074,55628,452
2023-05-05,Yuba,115,75493,20235,20225,1933,22158,135
2023-05-04,Alameda,001,1643700,385691,385365,23117,408482,2224
2023-05-04,Alpine,002,1148,139,139,4,143,0
2023-05-04,Amador,005,37829,10687,10680,1016,11696,98
2023-05-04,Butte,007,227075,42003,41972,10517,52489,498
2023-05-04,Calaveras,009,45235,9084,9081,647,9728,143
2023-05-04,Colusa,011,21464,4028,4028,1392,5420,24
2023-05-04,Contra Costa,013,1133247,276990,276867,22666,299533,1588
2023-05-04,Del Norte,015,27424,7971,7968,494,8462,61
2023-05-04,El Dorado,017,186661,34991,34967,4604,39571,247
2023-05-04,Fresno,019,978130,297507,297346,35608,332954,3022
2023-05-04,Glenn,021,27897,5841,5835,2044,7879,58
2023-05-04,Humboldt,023,135768,23554,23518,5986,29504,171
2023-05-04,Imperial,025,180216,71558,71459,19724,91183,981
2023-05-04,Inyo,027,18085,4814,4815,1343,6158,63
2023-05-04,Kern,029,883053,232116,232054,74566,306620,2502
2023-05-04,Kings,031,150075,63253,63233,4536,67769,486
2023-05-04,Lake,033,64148,13772,13767,1283,15050,163
2023-05-04,Lassen,035,31185,10294,10288,1072,11360,67
2023-05-04,Los Angeles,037,10098052,3517927,3516317,224197,3740514,36003
2023-05-04,Madera,039,155013,46785,46744,8979,55723,378
2023-05-04,Marin,041,260295,41499,49924,5792,55716,317
2023-05-04,Mariposa,043,17540,3386,3384,360,3744,33
2023-05-04,Mendocino,045,87422,17026,17021,4854,21875,145
2023-05-04,Merced,047,269075,78081,77788,13018,90806,903
2023-05-04,Modoc,049,8938,979,972,392,1364,11
2023-05-04,Mono,051,14174,3344,3344,308,3652,8
2023-05-04,Monterey,053,433212,98832,98803,24921,123724,811
2023-05-04,Napa,055,140530,34966,34948,1541,36489,184
2023-05-04,Nevada,057,99092,20435,20419,2381,22800,139
2023-05-04,Orange,059,3164182,719781,719429,80321,799750,8119
2023-05-04,Placer,061,380077,82195,82130,10455,92585,683
2023-05-04,Plumas,063,18699,3861,3860,464,4324,15
2023-05-04,Riverside,065,2383286,740084,739914,42687,782601,6885
2023-05-04,Sacramento,067,1510023,376466,376202,39064,415266,3595
2023-05-04,San Benito,069,59416,17833,17832,1156,18988,119
2023-05-04,San Bernardino,071,2135413,715202,715079,35116,750195,8172
2023-05-04,San Diego,073,3302833,993979,993597,82508,1076105,5852
2023-05-04,San Francisco,075,870044,199682,199522,13700,213222,1206
2023-05-04,San Joaquin,077,732212,212168,212044,17210,229254,2443
2023-05-04,San Luis Obispo,079,281455,66982,66955,8379,75334,574
2023-05-04,San Mateo,081,765935,185997,185833,11331,197164,753
2023-05-04,Santa Barbara,083,443738,113179,113136,7895,121031,769
2023-05-04,Santa Clara,085,1922200,482763,482479,21878,504357,2785
2023-05-04,Santa Cruz,087,273765,69382,69339,4138,73477,276
2023-05-04,Shasta,089,179085,36709,36690,8447,45137,612
2023-05-04,Sierra,091,2930,313,313,61,374,5
2023-05-04,Siskiyou,093,43540,5519,5515,3496,9011,96
2023-05-04,Solano,095,438530,115322,115315,8882,124197,483
2023-05-04,Sonoma,097,501317,115097,115042,5862,120904,568
2023-05-04,Stanislaus,099,539301,146499,146465,23400,169865,1846
2023-05-04,Sutter,101,95872,25992,25986,2556,28542,241
2023-05-04,Tehama,103,63373,14560,14551,3474,18025,237
2023-05-04,Trinity,105,12862,1481,1481,512,1993,25
2023-05-04,Tulare,107,460477,129541,129413,41228,170641,1596
2023-05-04,Tuolumne,109,53932,17029,17015,1045,18060,212
2023-05-04,Ventura,111,848112,222423,222353,18335,240688,1703
2023-05-04,Yolo,113,214977,50581,50554,5073,55627,452
2023-05-04,Yuba,115,75493,20234,20225,1933,22158,135
2023-05-03,Alameda,001,1643700,385630,385365,23111,408476,2224
2023-05-03,Alpine,002,1148,139,139,4,143,0
2023-05-03,Amador,005,37829,10687,10680,1016,11696,98
2023-05-03,Butte,007,227075,42002,41972,10515,52487,498
2023-05-03,Calaveras,009,45235,9083,9081,647,9728,143
2023-05-03,Colusa,011,21464,4028,4028,1392,5420,24
2023-05-03,Contra Costa,013,1133247,276957,276867,22659,299526,1588
2023-05-03,Del Norte,015,27424,7971,7968,494,8462,61
2023-05-03,El Dorado,017,186661,34986,34967,4604,39571,247
2023-05-03,Fresno,019,978130,297486,297346,35603,332949,3022
2023-05-03,Glenn,021,27897,5841,5835,2043,7878,58
2023-05-03,Humboldt,023,135768,23553,23518,5985,29503,171
2023-05-03,Imperial,025,180216,71543,71459,19708,91167,981
2023-05-03,Inyo,027,18085,4813,4815,1341,6156,63
2023-05-03,Kern,029,883053,232092,232054,74563,306617,2502
2023-05-03,Kings,031,150075,63251,63233,4535,67768,486
2023-05-03,Lake,033,64148,13772,13767,1283,15050,163
2023-05-03,Lassen,035,31185,10294,10288,1072,11360,67
2023-05-03,Los Angeles,037,10098052,3517663,3516317,224160,3740477,36003
2023-05-03,Madera,039,155013,46781,46744,8977,55721,378
2023-05-03,Marin,041,260295,41490,49924,5792,55716,317
2023-05-03,Mariposa,043,17540,3386,3384,360,3744,33
2023-05-03,Mendocino,045,87422,17024,17021,4854,21875,145
2023-05-03,Merced,047,269075,78081,77788,13018,90806,903
2023-05-03,Modoc,049,8938,978,972,391,1363,11
2023-05-03,Mono,051,14174,3344,3344,308,3652,8
2023-05-03,Monterey,053,433212,98826,98803,24913,123716,811
2023-05-03,Napa,055,140530,34962,34948,1541,36489,184
2023-05-03,Nevada,057,99092,20433,20419,2381,22800,139
2023-05-03,Orange,059,3164182,719720,719429,80295,799724,8119
2023-05-03,Placer,061,380077,82187,82130,10455,92585,683
2023-05-03,Plumas,063,18699,3861,3860,464,4324,15
2023-05-03,Riverside,065,2383286,740040,739914,42678,782592,6885
2023-05-03,Sacramento,067,1510023,376428,376202,39052,415254,3595
2023-05-03,San Benito,069,59416,17833,17832,1155,18987,119
2023-05-03,San Bernardino,071,2135413,715159,715079,35113,750192,8172
2023-05-03,San Diego,073,3302833,993912,993597,82495,1076092,5852
2023-05-03,San Francisco,075,870044,199651,199522,13697,213219,1206
2023-05-03,San Joaquin,077,732212,212143,212044,17210,229254,2443
2023-05-03,San Luis Obispo,079,281455,66980,66955,8378,75333,574
2023-05-03,San Mateo,081,765935,185965,185833,11329,197162,753
2023-05-03,Santa Barbara,083,443738,113167,113136,7891,121027,769
2023-05-03,Santa Clara,085,1922200,482701,482479,21871,504350,2785
2023-05-03,Santa Cruz,087,273765,69366,69339,4137,73476,276
2023-05-03,Shasta,089,179085,36707,36690,8445,45135,612
2023-05-03,Sierra,091,2930,313,313,61,374,5
2023-05-03,Siskiyou,093,43540,5518,5515,3495,9010,96
2023-05-03,Solano,095,438530,115310,115315,8876,124191,483
2023-05-03,Sonoma,097,501317,115083,115042,5862,120904,568
2023-05-03,Stanislaus,099,539301,146482,146465,23400,169865,1846
2023-05-03,Sutter,101,95872,25990,25986,2556,28542,241
2023-05-03,Tehama,103,63373,14559,14551,3474,18025,237
2023-05-03,Trinity,105,12862,1481,1481,512,1993,25
2023-05-03,Tulare,107,460477,129532,129413,41225,170638,1596
2023-05-03,Tuolumne,109,53932,17028,17015,1045,18060,212
2023-05-03,Ventura,111,848112,222412,222353,18332,240685,1703
2023-05-03,Yolo,113,214977,50576,50554,5072,55626,452
2023-05-03,Yuba,115,75493,20233,20225,1933,22158,135
2023-05-02,Alameda,001,1643700,385568,385365,23104,408469,2224
2023-05-02,Alpine,002,1148,139,139,4,143,0
2023-05-02,Amador,005,37829,10687,10680,1016,11696,98
2023-05-02,Butte,007,227075,41998,41972,10514,52486,498
2023-05-02,Calaveras,009,45235,9083,9081,647,9728,143
2023-05-02,Colusa,011,21464,4027,4028,1391,5419,24
2023-05-02,Contra Costa,013,1133247,276925,276867,22656,299523,1588
2023-05-02,Del Norte,015,27424,7967,7968,494,8462,61
2023-05-02,El Dorado,017,186661,34984,34967,4604,39571,247
2023-05-02,Fresno,019,978130,297453,297346,35598,332944,3022
2023-05-02,Glenn,021,27897,5840,5835,2042,7877,58
2023-05-02,Humboldt,023,135768,23552,23518,5985,29503,171
2023-05-02,Imperial,025,180216,71533,71459,19699,91158,981
2023-05-02,Inyo,027,18085,4813,4815,1335,6150,63
2023-05-02,Kern,029,883053,232074,232054,74551,306605,2502
2023-05-02,Kings,031,150075,63244,63233,4533,67766,486
2023-05-02,Lake,033,64148,13770,13767,1283,15050,163
2023-05-02,Lassen,035,31185,10291,10288,1072,11360,67
2023-05-02,Los Angeles,037,10098052,3517406,3516317,224116,3740433,36003
2023-05-02,Madera,039,155013,46774,46744,8974,55718,378
2023-05-02,Marin,041,260295,41478,49924,5792,55716,317
2023-05-02,Mariposa,043,17540,3386,3384,360,3744,33
2023-05-02,Mendocino,045,87422,17024,17021,4854,21875,145
2023-05-02,Merced,047,269075,78074,77788,13018,90806,903
2023-05-02,Modoc,049,8938,977,972,391,1363,11
2023-05-02,Mono,051,14174,3344,3344,308,3652,8
2023-05-02,Monterey,053,433212,98818,98803,24906,123709,811
2023-05-02,Napa,055,140530,34951,34948,1541,36489,184
2023-05-02,Nevada,057,99092,20430,20419,2380,22799,139
2023-05-02,Orange,059,3164182,719636,719429,80277,799706,8119
2023-05-02,Placer,061,380077,82170,82130,10453,92583,683
2023-05-02,Plumas,063,18699,3860,3860,464,4324,15
2023-05-02,Riverside,065,2383286,739990,739914,42666,782580,6885
2023-05-02,Sacramento,067,1510023,376366,376202,39041,415243,3595
2023-05-02,San Benito,069,59416,17831,17832,1155,18987,119
2023-05-02,San Bernardino,071,2135413,715123,715079,35106,750185,8172
2023-05-02,San Diego,073,3302833,993834,993597,82482,1076079,5852
2023-05-02,San Francisco,075,870044,199615,199522,13693,213215,1206
2023-05-02,San Joaquin,077,732212,212105,212044,17210,229254,2443
2023-05-02,San Luis Obispo,079,281455,66974,66955,8375,75330,574
2023-05-02,San Mateo,081,765935,185932,185833,11328,197161,753
2023-05-02,Santa Barbara,083,443738,113155,113136,7889,121025,769
2023-05-02,Santa Clara,085,1922200,482639,482479,21864,504343,2785
2023-05-02,Santa Cruz,087,273765,69357,69339,4135,73474,276
2023-05-02,Shasta,089,179085,36705,36690,8444,45134,612
2023-05-02,Sierra,091,2930,313,313,61,374,5
2023-05-02,Siskiyou,093,43540,5518,5515,3493,9008,96
2023-05-02,Solano,095,438530,115291,115315,8873,124188,483
2023-05-02,Sonoma,097,501317,115067,115042,5861,120903,568
2023-05-02,Stanislaus,099,539301,146475,146465,23395,169860,1846
2023-05-02,Sutter,101,95872,25987,25986,2556,28542,241
2023-05-02,Tehama,103,63373,14557,14551,3474,18025,237
2023-05-02,Trinity,105,12862,1481,1481,512,1993,25
2023-05-02,Tulare,107,460477,129528,129413,41223,170636,1596
2023-05-02,Tuolumne,109,53932,17025,17015,1043,18058,212
2023-05-02,Ventura,111,848112,222404,222353,18331,240684,1703
2023-05-02,Yolo,113,214977,50574,50554,5069,55623,452
2023-05-02,Yuba,115,75493,20229,20225,1928,22153,135
2023-05-01,Alameda,001,1643700,385492,384819,23099,407918,2222
2023-05-01,Alpine,002,1148,139,139,4,143,0
2023-05-01,Amador,005,37829,10684,10672,1016,11688,98
2023-05-01,Butte,007,227075,41989,41951,10510,52461,498
2023-05-01,Calaveras,009,45235,9080,9080,647,9727,143
2023-05-01,Colusa,011,21464,4026,4024,1391,5415,24
2023-05-01,Contra Costa,013,1133247,276889,276518,22647,299165,1586
2023-05-01,Del Norte,015,27424,7967,7965,493,8458,61
2023-05-01,El Dorado,017,186661,34977,34925,4604,39529,247
2023-05-01,Fresno,019,978130,297420,297018,35597,332615,3021
2023-05-01,Glenn,021,27897,5837,5832,2042,7874,58
2023-05-01,Humboldt,023,135768,23549,23509,5985,29494,171
2023-05-01,Imperial,025,180216,71514,71364,19688,91052,981
2023-05-01,Inyo,027,18085,4813,4805,1335,6140,63
2023-05-01,Kern,029,883053,232064,231969,74535,306504,2502
2023-05-01,Kings,031,150075,63235,63193,4532,67725,486
2023-05-01,Lake,033,64148,13768,13752,1283,15035,163
2023-05-01,Lassen,035,31185,10288,10285,1072,11357,67
2023-05-01,Los Angeles,037,10098052,3517072,3514234,224072,3738306,35955
2023-05-01,Madera,039,155013,46769,46688,8971,55659,378
2023-05-01,Marin,041,260295,41469,49861,5788,55649,317
2023-05-01,Mariposa,043,17540,3386,3382,360,3742,33
2023-05-01,Mendocino,045,87422,17022,17013,4854,21867,145
2023-05-01,Merced,047,269075,78064,77640,13018,90658,903
2023-05-01,Modoc,049,8938,972,967,391,1358,11
2023-05-01,Mono,051,14174,3344,3343,308,3651,8
2023-05-01,Monterey,053,433212,98812,98734,24894,123628,811
2023-05-01,Napa,055,140530,34942,34733,1541,36274,183
2023-05-01,Nevada,057,99092,20426,20385,2380,22765,139
2023-05-01,Orange,059,3164182,719580,717549,80259,797808,8104
2023-05-01,Placer,061,380077,82151,82030,10452,92482,683
2023-05-01,Plumas,063,18699,3858,3854,464,4318,15
2023-05-01,Riverside,065,2383286,739947,739609,42656,782265,6885
2023-05-01,Sacramento,067,1510023,376308,375675,39025,414700,3584
2023-05-01,San Benito,069,59416,17831,17817,1155,18972,119
2023-05-01,San Bernardino,071,2135413,715087,714655,35095,749750,8172
2023-05-01,San Diego,073,3302833,993717,992990,82473,1075463,5848
2023-05-01,San Francisco,075,870044,199580,199293,13691,212984,1202
2023-05-01,San Joaquin,077,732212,212084,211882,17207,229089,2439
2023-05-01,San Luis Obispo,079,281455,66965,66918,8375,75293,574
2023-05-01,San Mateo,081,765935,185885,185613,11324,196937,753
2023-05-01,Santa Barbara,083,443738,113143,113056,7884,120940,767
2023-05-01,Santa Clara,085,1922200,482564,481936,21856,503792,2771
2023-05-01,Santa Cruz,087,273765,69349,69294,4133,73427,276
2023-05-01,Shasta,089,179085,36702,36674,8442,45116,607
2023-05-01,Sierra,091,2930,313,313,61,374,5
2023-05-01,Siskiyou,093,43540,5516,5504,3493,8997,96
2023-05-01,Solano,095,438530,115279,115250,8867,124117,483
2023-05-01,Sonoma,097,501317,115053,114928,5860,120788,568
2023-05-01,Stanislaus,099,539301,146466,146364,23389,169753,1846
2023-05-01,Sutter,101,95872,25986,25974,2556,28530,241
2023-05-01,Tehama,103,63373,14557,14541,3473,18014,237
2023-05-01,Trinity,105,12862,1481,1479,512,1991,25
2023-05-01,Tulare,107,460477,129518,129337,41217,170554,1595
2023-05-01,Tuolumne,109,53932,17023,17005,1039,18044,212
2023-05-01,Ventura,111,848112,222380,222225,18329,240554,1701
2023-05-01,Yolo,113,214977,50566,50506,5069,55575,452
2023-05-01,Yuba,115,75493,20226,20206,1927,22133,135
2023-04-30,Alameda,001,1643700,385412,384819,23090,407909,2222
2023-04-30,Alpine,002,1148,139,139,4,143,0
2023-04-30,Amador,005,37829,10683,10672,1015,11687,98
2023-04-30,Butte,007,227075,41987,41951,10504,52455,498
2023-04-30,Calaveras,009,45235,9080,9080,647,9727,143
2023-04-30,Colusa,011,21464,4026,4024,1391,5415,24
2023-04-30,Contra Costa,013,1133247,276839,276518,22638,299156,1586
2023-04-30,Del Norte,015,27424,7967,7965,493,8458,61
2023-04-30,El Dorado,017,186661,34972,34925,4603,39528,247
2023-04-30,Fresno,019,978130,297383,297018,35585,332603,3021
2023-04-30,Glenn,021,27897,5835,5832,2042,7874,58
2023-04-30,Humboldt,023,135768,23545,23509,5985,29494,171
2023-04-30,Imperial,025,180216,71494,71364,19666,91030,981
2023-04-30,Inyo,027,18085,4813,4805,1334,6139,63
2023-04-30,Kern,029,883053,232048,231969,74526,306495,2502
2023-04-30,Kings,031,150075,63234,63193,4531,67724,486
2023-04-30,Lake,033,64148,13767,13752,1283,15035,163
2023-04-30,Lassen,035,31185,10287,10285,1072,11357,67
2023-04-30,Los Angeles,037,10098052,3516715,3514234,224003,3738237,35955
2023-04-30,Madera,039,155013,46761,46688,8971,55659,378
2023-04-30,Marin,041,260295,41457,49861,5785,55646,317
2023-04-30,Mariposa,043,17540,3386,3382,360,3742,33
2023-04-30,Mendocino,045,87422,17022,17013,4854,21867,145
2023-04-30,Merced,047,269075,78056,77640,13018,90658,903
2023-04-30,Modoc,049,8938,972,967,388,1355,11
2023-04-30,Mono,051,14174,3344,3343,307,3650,8
2023-04-30,Monterey,053,433212,98806,98734,24877,123611,811
2023-04-30,Napa,055,140530,34939,34733,1541,36274,183
2023-04-30,Nevada,057,99092,20421,20385,2380,22765,139
2023-04-30,Orange,059,3164182,719521,717549,80237,797786,8104
2023-04-30,Placer,061,380077,82136,82030,10452,92482,683
2023-04-30,Plumas,063,18699,3858,3854,464,4318,15
2023-04-30,Riverside,065,2383286,739901,739609,42637,782246,6885
2023-04-30,Sacramento,067,1510023,376228,375675,39004,414679,3584
2023-04-30,San Benito,069,59416,17829,17817,1154,18971,119
2023-04-30,San Bernardino,071,2135413,715015,714655,35087,749742,8172
2023-04-30,San Diego,073,3302833,993628,992990,82460,1075450,5848
2023-04-30,San Francisco,075,870044,199541,199293,13682,212975,1202
2023-04-30,San Joaquin,077,732212,212061,211882,17191,229073,2439
2023-04-30,San Luis Obispo,079,281455,66959,66918,8372,75290,574
2023-04-30,San Mateo,081,765935,185844,185613,11322,196935,753
2023-04-30,Santa Barbara,083,443738,113135,113056,7882,120938,767
2023-04-30,Santa Clara,085,1922200,482473,481936,21844,503780,2771
2023-04-30,Santa Cruz,087,273765,69340,69294,4132,73426,276
2023-04-30,Shasta,089,179085,36702,36674,8440,45114,607
2023-04-30,Sierra,091,2930,313,313,61,374,5
2023-04-30,Siskiyou,093,43540,5515,5504,3492,8996,96
2023-04-30,Solano,095,438530,115267,115250,8867,124117,483
2023-04-30,Sonoma,097,501317,115035,114928,5860,120788,568
2023-04-30,Stanislaus,099,539301,146449,146364,23384,169748,1846
2023-04-30,Sutter,101,95872,25982,25974,2555,28529,241
2023-04-30,Tehama,103,63373,14554,14541,3471,18012,237
2023-04-30,Trinity,105,12862,1481,1479,512,1991,25
2023-04-30,Tulare,107,460477,129506,129337,41213,170550,1595
2023-04-30,Tuolumne,109,53932,17016,17005,1019,18024,212
2023-04-30,Ventura,111,848112,222365,222225,18327,240552,1701
2023-04-30,Yolo,113,214977,50561,50506,5068,55574,452
2023-04-30,Yuba,115,75493,20224,20206,1921,22127,135
2023-04-29,Alameda,001,1643700,385373,384819,23086,407905,2222
2023-04-29,Alpine,002,1148,139,139,4,143,0
2023-04-29,Amador,005,37829,10683,10672,1015,11687,98
2023-04-29,Butte,007,227075,41985,41951,10497,52448,498
2023-04-29,Calaveras,009,45235,9080,9080,647,9727,143
2023-04-29,Colusa,011,21464,4026,4024,1390,5414,24
2023-04-29,Contra Costa,013,1133247,276800,276518,22637,299155,1586
2023-04-29,Del Norte,015,27424,7967,7965,493,8458,61
2023-04-29,El Dorado,017,186661,34967,34925,4603,39528,247
2023-04-29,Fresno,019,978130,297356,297018,35584,332602,3021
2023-04-29,Glenn,021,27897,5835,5832,2042,7874,58
2023-04-29,Humboldt,023,135768,23544,23509,5984,29493,171
2023-04-29,Imperial,025,180216,71492,71364,19665,91029,981
2023-04-29,Inyo,027,18085,4811,4805,1334,6139,63
2023-04-29,Kern,029,883053,232042,231969,74519,306488,2502
2023-04-29,Kings,031,150075,63229,63193,4531,67724,486
2023-04-29,Lake,033,64148,13766,13752,1283,15035,163
2023-04-29,Lassen,035,31185,10287,10285,1072,11357,67
2023-04-29,Los Angeles,037,10098052,3516558,3514234,223976,3738210,35955
2023-04-29,Madera,039,155013,46758,46688,8971,55659,378
2023-04-29,Marin,041,260295,41454,49861,5784,55645,317
2023-04-29,Mariposa,043,17540,3386,3382,360,3742,33
2023-04-29,Mendocino,045,87422,17020,17013,4854,21867,145
2023-04-29,Merced,047,269075,78056,77640,13017,90657,903
2023-04-29,Modoc,049,8938,972,967,388,1355,11
2023-04-29,Mono,051,14174,3344,3343,307,3650,8
2023-04-29,Monterey,053,433212,98798,98734,24869,123603,811
2023-04-29,Napa,055,140530,34938,34733,1541,36274,183
2023-04-29,Nevada,057,99092,20416,20385,2380,22765,139
2023-04-29,Orange,059,3164182,719478,717549,80216,797765,8104
2023-04-29,Placer,061,380077,82125,82030,10451,92481,683
2023-04-29,Plumas,063,18699,3857,3854,464,4318,15
2023-04-29,Riverside,065,2383286,739870,739609,42622,782231,6885
2023-04-29,Sacramento,067,1510023,376172,375675,38995,414670,3584
2023-04-29,San Benito,069,59416,17827,17817,1154,18971,119
2023-04-29,San Bernardino,071,2135413,714984,714655,35084,749739,8172
2023-04-29,San Diego,073,3302833,993588,992990,82456,1075446,5848
2023-04-29,San Francisco,075,870044,199520,199293,13681,212974,1202
2023-04-29,San Joaquin,077,732212,212052,211882,17189,229071,2439
2023-04-29,San Luis Obispo,079,281455,66954,66918,8371,75289,574
2023-04-29,San Mateo,081,765935,185831,185613,11320,196933,753
2023-04-29,Santa Barbara,083,443738,113129,113056,7879,120935,767
2023-04-29,Santa Clara,085,1922200,482410,481936,21836,503772,2771
2023-04-29,Santa Cruz,087,273765,69336,69294,4132,73426,276
2023-04-29,Shasta,089,179085,36700,36674,8440,45114,607
2023-04-29,Sierra,091,2930,313,313,61,374,5
2023-04-29,Siskiyou,093,43540,5513,5504,3492,8996,96
2023-04-29,Solano,095,438530,115255,115250,8867,124117,483
2023-04-29,Sonoma,097,501317,115030,114928,5860,120788,568
2023-04-29,Stanislaus,099,539301,146442,146364,23382,169746,1846
2023-04-29,Sutter,101,95872,25982,25974,2555,28529,241
2023-04-29,Tehama,103,63373,14554,14541,3470,18011,237
2023-04-29,Trinity,105,12862,1481,1479,512,1991,25
2023-04-29,Tulare,107,460477,129500,129337,41206,170543,1595
2023-04-29,Tuolumne,109,53932,17014,17005,1017,18022,212
2023-04-29,Ventura,111,848112,222348,222225,18325,240550,1701
2023-04-29,Yolo,113,214977,50559,50506,5068,55574,452
2023-04-29,Yuba,115,75493,20221,20206,1921,22127,135
2023-04-28,Alameda,001,1643700,385328,384819,23080,407899,2222
2023-04-28,Alpine,002,1148,139,139,4,143,0
2023-04-28,Amador,005,37829,10683,10672,1015,11687,98
2023-04-28,Butte,007,227075,41984,41951,10489,52440,498
2023-04-28,Calaveras,009,45235,9080,9080,647,9727,143
2023-04-28,Colusa,011,21464,4025,4024,1390,5414,24
2023-04-28,Contra Costa,013,1133247,276761,276518,22636,299154,1586
2023-04-28,Del Norte,015,27424,7967,7965,493,8458,61
2023-04-28,El Dorado,017,186661,34965,34925,4600,39525,247
2023-04-28,Fresno,019,978130,297330,297018,35581,332599,3021
2023-04-28,Glenn,021,27897,5835,5832,2042,7874,58
2023-04-28,Humboldt,023,135768,23542,23509,5984,29493,171
2023-04-28,Imperial,025,180216,71481,71364,19662,91026,981
2023-04-28,Inyo,027,18085,4808,4805,1334,6139,63
2023-04-28,Kern,029,883053,232036,231969,74510,306479,2502
2023-04-28,Kings,031,150075,63228,63193,4531,67724,486
2023-04-28,Lake,033,64148,13762,13752,1283,15035,163
2023-04-28,Lassen,035,31185,10287,10285,1072,11357,67
2023-04-28,Los Angeles,037,10098052,3516372,3514234,223947,3738181,35955
2023-04-28,Madera,039,155013,46754,46688,8970,55658,378
2023-04-28,Marin,041,260295,41450,49861,5783,55644,317
2023-04-28,Mariposa,043,17540,3386,3382,360,3742,33
2023-04-28,Mendocino,045,87422,17019,17013,4854,21867,145
2023-04-28,Merced,047,269075,78050,77640,13017,90657,903
2023-04-28,Modoc,049,8938,972,967,388,1355,11
2023-04-28,Mono,051,14174,3344,3343,307,3650,8
2023-04-28,Monterey,053,433212,98791,98734,24863,123597,811
2023-04-28,Napa,055,140530,34936,34733,1541,36274,183
2023-04-28,Nevada,057,99092,20411,20385,2379,22764,139
2023-04-28,Orange,059,3164182,719446,717549,80194,797743,8104
2023-04-28,Placer,061,380077,82112,82030,10451,92481,683
2023-04-28,Plumas,063,18699,3857,3854,464,4318,15
2023-04-28,Riverside,065,2383286,739839,739609,42606,782215,6885
2023-04-28,Sacramento,067,1510023,376125,375675,38987,414662,3584
2023-04-28,San Benito,069,59416,17827,17817,1153,18970,119
2023-04-28,San Bernardino,071,2135413,714957,714655,35082,749737,8172
2023-04-28,San Diego,073,3302833,993544,992990,82452,1075442,5848
2023-04-28,San Francisco,075,870044,199496,199293,13676,212969,1202
2023-04-28,San Joaquin,077,732212,212038,211882,17189,229071,2439
2023-04-28,San Luis Obispo,079,281455,66952,66918,8367,75285,574
2023-04-28,San Mateo,081,765935,185806,185613,11316,196929,753
2023-04-28,Santa Barbara,083,443738,113123,113056,7877,120933,767
2023-04-28,Santa Clara,085,1922200,482358,481936,21831,503767,2771
2023-04-28,Santa Cruz,087,273765,69327,69294,4132,73426,276
2023-04-28,Shasta,089,179085,36699,36674,8440,45114,607
2023-04-28,Sierra,091,2930,313,313,61,374,5
2023-04-28,Siskiyou,093,43540,5513,5504,3492,8996,96
2023-04-28,Solano,095,438530,115246,115250,8864,124114,483
2023-04-28,Sonoma,097,501317,115016,114928,5860,120788,568
2023-04-28,Stanislaus,099,539301,146434,146364,23381,169745,1846
2023-04-28,Sutter,101,95872,25980,25974,2555,28529,241
2023-04-28,Tehama,103,63373,14553,14541,3470,18011,237
2023-04-28,Trinity,105,12862,1481,1479,512,1991,25
2023-04-28,Tulare,107,460477,129490,129337,41202,170539,1595
2023-04-28,Tuolumne,109,53932,17013,17005,1017,18022,212
2023-04-28,Ventura,111,848112,222334,222225,18324,240549,1701
2023-04-28,Yolo,113,214977,50554,50506,5066,55572,452
2023-04-28,Yuba,115,75493,20221,20206,1921,22127,135
2023-04-27,Alameda,001,1643700,385260,384819,23070,407889,2222
2023-04-27,Alpine,002,1148,139,139,4,143,0
2023-04-27,Amador,005,37829,10682,10672,1015,11687,98
2023-04-27,Butte,007,227075,41979,41951,10481,52432,498
2023-04-27,Calaveras,009,45235,9080,9080,647,9727,143
2023-04-27,Colusa,011,21464,4024,4024,1390,5414,24
2023-04-27,Contra Costa,013,1133247,276700,276518,22631,299149,1586
2023-04-27,Del Norte,015,27424,7966,7965,493,8458,61
2023-04-27,El Dorado,017,186661,34956,34925,4600,39525,247
2023-04-27,Fresno,019,978130,297298,297018,35580,332598,3021
2023-04-27,Glenn,021,27897,5835,5832,2042,7874,58
2023-04-27,Humboldt,023,135768,23540,23509,5983,29492,171
2023-04-27,Imperial,025,180216,71468,71364,19652,91016,981
2023-04-27,Inyo,027,18085,4808,4805,1334,6139,63
2023-04-27,Kern,029,883053,232026,231969,74504,306473,2502
2023-04-27,Kings,031,150075,63221,63193,4530,67723,486
2023-04-27,Lake,033,64148,13762,13752,1283,15035,163
2023-04-27,Lassen,035,31185,10287,10285,1072,11357,67
2023-04-27,Los Angeles,037,10098052,3516133,3514234,223892,3738126,35955
2023-04-27,Madera,039,155013,46747,46688,8967,55655,378
2023-04-27,Marin,041,260295,41440,49861,5783,55644,317
2023-04-27,Mariposa,043,17540,3386,3382,360,3742,33
2023-04-27,Mendocino,045,87422,17016,17013,4853,21866,145
2023-04-27,Merced,047,269075,78044,77640,13016,90656,903
2023-04-27,Modoc,049,8938,972,967,388,1355,11
2023-04-27,Mono,051,14174,3344,3343,307,3650,8
2023-04-27,Monterey,053,433212,98783,98734,24846,123580,811
2023-04-27,Napa,055,140530,34929,34733,1541,36274,183
2023-04-27,Nevada,057,99092,20408,20385,2377,22762,139
2023-04-27,Orange,059,3164182,719381,717549,80173,797722,8104
2023-04-27,Placer,061,380077,82101,82030,10449,92479,683
2023-04-27,Plumas,063,18699,3853,3854,464,4318,15
2023-04-27,Riverside,065,2383286,739801,739609,42597,782206,6885
2023-04-27,Sacramento,067,1510023,376056,375675,38964,414639,3584
2023-04-27,San Benito,069,59416,17825,17817,1153,18970,119
2023-04-27,San Bernardino,071,2135413,714912,714655,35074,749729,8172
2023-04-27,San Diego,073,3302833,993454,992990,82445,1075435,5848
2023-04-27,San Francisco,075,870044,199457,199293,13662,212955,1202
2023-04-27,San Joaquin,077,732212,212014,211882,17186,229068,2439
2023-04-27,San Luis Obispo,079,281455,66947,66918,8362,75280,574
2023-04-27,San Mateo,081,765935,185785,185613,11312,196925,753
2023-04-27,Santa Barbara,083,443738,113114,113056,7877,120933,767
2023-04-27,Santa Clara,085,1922200,482284,481936,21819,503755,2771
2023-04-27,Santa Cruz,087,273765,69323,69294,4127,73421,276
2023-04-27,Shasta,089,179085,36698,36674,8437,45111,607
2023-04-27,Sierra,091,2930,313,313,61,374,5
2023-04-27,Siskiyou,093,43540,5511,5504,3489,8993,96
2023-04-27,Solano,095,438530,115234,115250,8859,124109,483
2023-04-27,Sonoma,097,501317,115004,114928,5860,120788,568
2023-04-27,Stanislaus,099,539301,146422,146364,23377,169741,1846
2023-04-27,Sutter,101,95872,25978,25974,2555,28529,241
2023-04-27,Tehama,103,63373,14552,14541,3470,18011,237
2023-04-27,Trinity,105,12862,1481,1479,512,1991,25
2023-04-27,Tulare,107,460477,129481,129337,41196,170533,1595
2023-04-27,Tuolumne,109,53932,17012,17005,1017,18022,212
2023-04-27,Ventura,111,848112,222320,222225,18323,240548,1701
2023-04-27,Yolo,113,214977,50548,50506,5065,55571,452
2023-04-27,Yuba,115,75493,20220,20206,1919,22125,135
2023-04-26,Alameda,001,1643700,385193,384819,23061,407880,2222
2023-04-26,Alpine,002,1148,139,139,4,143,0
2023-04-26,Amador,005,37829,10682,10672,1015,11687,98
2023-04-26,Butte,007,227075,41975,41951,10476,52427,498
2023-04-26,Calaveras,009,45235,9080,9080,647,9727,143
2023-04-26,Colusa,011,21464,4023,4024,1390,5414,24
2023-04-26,Contra Costa,013,1133247,276660,276518,22626,299144,1586
2023-04-26,Del Norte,015,27424,7966,7965,493,8458,61
2023-04-26,El Dorado,017,186661,34948,34925,4598,39523,247
2023-04-26,Fresno,019,978130,297237,297018,35577,332595,3021
2023-04-26,Glenn,021,27897,5834,5832,2041,7873,58
2023-04-26,Humboldt,023,135768,23540,23509,5983,29492,171
2023-04-26,Imperial,025,180216,71447,71364,19639,91003,981
2023-04-26,Inyo,027,18085,4806,4805,1334,6139,63
2023-04-26,Kern,029,883053,232014,231969,74491,306460,2502
2023-04-26,Kings,031,150075,63217,63193,4529,67722,486
2023-04-26,Lake,033,64148,13761,13752,1283,15035,163
2023-04-26,Lassen,035,31185,10287,10285,1072,11357,67
2023-04-26,Los Angeles,037,10098052,3515832,3514234,223829,3738063,35955
2023-04-26,Madera,039,155013,46737,46688,8966,55654,378
2023-04-26,Marin,041,260295,41432,49861,5781,55642,317
2023-04-26,Mariposa,043,17540,3386,3382,360,3742,33
2023-04-26,Mendocino,045,87422,17015,17013,4850,21863,145
2023-04-26,Merced,047,269075,78033,77640,13016,90656,903
2023-04-26,Modoc,049,8938,972,967,387,1354,11
2023-04-26,Mono,051,14174,3343,3343,307,3650,8
2023-04-26,Monterey,053,433212,98781,98734,24837,123571,811
2023-04-26,Napa,055,140530,34921,34733,1541,36274,183
2023-04-26,Nevada,057,99092,20406,20385,2377,22762,139
2023-04-26,Orange,059,3164182,719319,717549,80153,797702,8104
2023-04-26,Placer,061,380077,82089,82030,10448,92478,683
2023-04-26,Plumas,063,18699,3853,3854,464,4318,15
2023-04-26,Riverside,065,2383286,739754,739609,42576,782185,6885
2023-04-26,Sacramento,067,1510023,375993,375675,38944,414619,3584
2023-04-26,San Benito,069,59416,17823,17817,1153,18970,119
2023-04-26,San Bernardino,071,2135413,714867,714655,35069,749724,8172
2023-04-26,San Diego,073,3302833,993383,992990,82429,1075419,5848
2023-04-26,San Francisco,075,870044,199418,199293,13657,212950,1202
2023-04-26,San Joaquin,077,732212,211986,211882,17184,229066,2439
2023-04-26,San Luis Obispo,079,281455,66940,66918,8362,75280,574
2023-04-26,San Mateo,081,765935,185761,185613,11308,196921,753
2023-04-26,Santa Barbara,083,443738,113097,113056,7875,120931,767
2023-04-26,Santa Clara,085,1922200,482194,481936,21806,503742,2771
2023-04-26,Santa Cruz,087,273765,69316,69294,4123,73417,276
2023-04-26,Shasta,089,179085,36698,36674,8435,45109,607
2023-04-26,Sierra,091,2930,313,313,61,374,5
2023-04-26,Siskiyou,093,43540,5510,5504,3488,8992,96
2023-04-26,Solano,095,438530,115225,115250,8855,124105,483
2023-04-26,Sonoma,097,501317,114987,114928,5860,120788,568
2023-04-26,Stanislaus,099,539301,146412,146364,23373,169737,1846
2023-04-26,Sutter,101,95872,25978,25974,2555,28529,241
2023-04-26,Tehama,103,63373,14550,14541,3470,18011,237
2023-04-26,Trinity,105,12862,1479,1479,512,1991,25
2023-04-26,Tulare,107,460477,129466,129337,41191,170528,1595
2023-04-26,Tuolumne,109,53932,17010,17005,1017,18022,212
2023-04-26,Ventura,111,848112,222306,222225,18319,240544,1701
2023-04-26,Yolo,113,214977,50541,50506,5064,55570,452
2023-04-26,Yuba,115,75493,20217,20206,1919,22125,135
2023-04-25,Alameda,001,1643700,385127,384819,23055,407874,2222
2023-04-25,Alpine,002,1148,139,139,4,143,0
2023-04-25,Amador,005,37829,10681,10672,1015,11687,98
2023-04-25,Butte,007,227075,41972,41951,10474,52425,498
2023-04-25,Calaveras,009,45235,9079,9080,647,9727,143
2023-04-25,Colusa,011,21464,4023,4024,1389,5413,24
2023-04-25,Contra Costa,013,1133247,276596,276518,22620,299138,1586
2023-04-25,Del Norte,015,27424,7966,7965,493,8458,61
2023-04-25,El Dorado,017,186661,34944,34925,4597,39522,247
2023-04-25,Fresno,019,978130,297193,297018,35565,332583,3021
2023-04-25,Glenn,021,27897,5832,5832,2040,7872,58
2023-04-25,Humboldt,023,135768,23537,23509,5982,29491,171
2023-04-25,Imperial,025,180216,71429,71364,19629,90993,981
2023-04-25,Inyo,027,18085,4806,4805,1334,6139,63
2023-04-25,Kern,029,883053,231998,231969,74482,306451,2502
2023-04-25,Kings,031,150075,63213,63193,4529,67722,486
2023-04-25,Lake,033,64148,13761,13752,1282,15034,163
2023-04-25,Lassen,035,31185,10287,10285,1072,11357,67
2023-04-25,Los Angeles,037,10098052,3515498,3514234,223758,3737992,35955
2023-04-25,Madera,039,155013,46728,46688,8965,55653,378
2023-04-25,Marin,041,260295,41417,49861,5779,55640,317
2023-04-25,Mariposa,043,17540,3386,3382,360,3742,33
2023-04-25,Mendocino,045,87422,17014,17013,4850,21863,145
2023-04-25,Merced,047,269075,78024,77640,13016,90656,903
2023-04-25,Modoc,049,8938,972,967,386,1353,11
2023-04-25,Mono,051,14174,3343,3343,307,3650,8
2023-04-25,Monterey,053,433212,98772,98734,24821,123555,811
2023-04-25,Napa,055,140530,34917,34733,1541,36274,183
2023-04-25,Nevada,057,99092,20401,20385,2376,22761,139
2023-04-25,Orange,059,3164182,719243,717549,80127,797676,8104
2023-04-25,Placer,061,380077,82069,82030,10448,92478,683
2023-04-25,Plumas,063,18699,3853,3854,464,4318,15
2023-04-25,Riverside,065,2383286,739711,739609,42558,782167,6885
2023-04-25,Sacramento,067,1510023,375893,375675,38927,414602,3584
2023-04-25,San Benito,069,59416,17821,17817,1153,18970,119
2023-04-25,San Bernardino,071,2135413,714792,714655,35061,749716,8172
2023-04-25,San Diego,073,3302833,993277,992990,82413,1075403,5848
2023-04-25,San Francisco,075,870044,199382,199293,13654,212947,1202
2023-04-25,San Joaquin,077,732212,211969,211882,17180,229062,2439
2023-04-25,San Luis Obispo,079,281455,66933,66918,8351,75269,574
2023-04-25,San Mateo,081,765935,185719,185613,11304,196917,753
2023-04-25,Santa Barbara,083,443738,113079,113056,7874,120930,767
2023-04-25,Santa Clara,085,1922200,482093,481936,21789,503725,2771
2023-04-25,Santa Cruz,087,273765,69310,69294,4122,73416,276
2023-04-25,Shasta,089,179085,36696,36674,8434,45108,607
2023-04-25,Sierra,091,2930,313,313,61,374,5
2023-04-25,Siskiyou,093,43540,5508,5504,3483,8987,96
2023-04-25,Solano,095,438530,115210,115250,8851,124101,483
2023-04-25,Sonoma,097,501317,114970,114928,5860,120788,568
2023-04-25,Stanislaus,099,539301,146397,146364,23369,169733,1846
2023-04-25,Sutter,101,95872,25972,25974,2555,28529,241
2023-04-25,Tehama,103,63373,14549,14541,3468,18009,237
2023-04-25,Trinity,105,12862,1479,1479,512,1991,25
2023-04-25,Tulare,107,460477,129460,129337,41188,170525,1595
2023-04-25,Tuolumne,109,53932,17009,17005,1017,18022,212
2023-04-25,Ventura,111,848112,222287,222225,18317,240542,1701
2023-04-25,Yolo,113,214977,50529,50506,5064,55570,452
2023-04-25,Yuba,115,75493,20212,20206,1918,22124,135
2023-04-24,Alameda,001,1643700,385043,384270,23042,407312,2221
2023-04-24,Alpine,002,1148,139,139,4,143,0
2023-04-24,Amador,005,37829,10677,10660,1015,11675,98
2023-04-24,Butte,007,227075,41965,41925,10463,52388,497
2023-04-24,Calaveras,009,45235,9079,9070,647,9717,143
2023-04-24,Colusa,011,21464,4022,4023,1389,5412,23
2023-04-24,Contra Costa,013,1133247,276543,276104,22616,298720,1579
2023-04-24,Del Norte,015,27424,7966,7962,493,8455,61
2023-04-24,El Dorado,017,186661,34937,34888,4596,39484,247
2023-04-24,Fresno,019,978130,297159,296764,35555,332319,3018
2023-04-24,Glenn,021,27897,5831,5829,2040,7869,58
2023-04-24,Humboldt,023,135768,23536,23502,5981,29483,171
2023-04-24,Imperial,025,180216,71415,71209,19621,90830,981
2023-04-24,Inyo,027,18085,4806,4800,1331,6131,63
2023-04-24,Kern,029,883053,231980,231881,74470,306351,2500
2023-04-24,Kings,031,150075,63207,63167,4528,67695,486
2023-04-24,Lake,033,64148,13759,13741,1282,15023,163
2023-04-24,Lassen,035,31185,10285,10285,1072,11357,67
2023-04-24,Los Angeles,037,10098052,3515165,3511889,223669,3735558,35903
2023-04-24,Madera,039,155013,46720,46657,8964,55621,378
2023-04-24,Marin,041,260295,41402,49790,5778,55568,317
2023-04-24,Mariposa,043,17540,3386,3377,360,3737,33
2023-04-24,Mendocino,045,87422,17012,17002,4850,21852,145
2023-04-24,Merced,047,269075,78020,77500,13016,90516,903
2023-04-24,Modoc,049,8938,969,965,385,1350,11
2023-04-24,Mono,051,14174,3343,3341,307,3648,8
2023-04-24,Monterey,053,433212,98758,98671,24808,123479,811
2023-04-24,Napa,055,140530,34911,34705,1541,36246,180
2023-04-24,Nevada,057,99092,20399,20360,2372,22732,139
2023-04-24,Orange,059,3164182,719156,716944,80100,797044,8095
2023-04-24,Placer,061,380077,82055,81922,10446,92368,683
2023-04-24,Plumas,063,18699,3853,3851,464,4315,15
2023-04-24,Riverside,065,2383286,739671,739279,42535,781814,6883
2023-04-24,Sacramento,067,1510023,375799,375139,38919,414058,3577
2023-04-24,San Benito,069,59416,17819,17810,1152,18962,118
2023-04-24,San Bernardino,071,2135413,714729,714210,35051,749261,8173
2023-04-24,San Diego,073,3302833,993147,992283,82400,1074683,5844
2023-04-24,San Francisco,075,870044,199336,198973,13649,212622,1197
2023-04-24,San Joaquin,077,732212,211937,211734,17178,228912,2431
2023-04-24,San Luis Obispo,079,281455,66928,66877,8347,75224,570
2023-04-24,San Mateo,081,765935,185686,185403,11302,196705,753
2023-04-24,Santa Barbara,083,443738,113071,112956,7871,120827,767
2023-04-24,Santa Clara,085,1922200,482012,481393,21772,503165,2770
2023-04-24,Santa Cruz,087,273765,69302,69223,4120,73343,276
2023-04-24,Shasta,089,179085,36695,36661,8431,45092,607
2023-04-24,Sierra,091,2930,313,313,61,374,5
2023-04-24,Siskiyou,093,43540,5507,5496,3481,8977,96
2023-04-24,Solano,095,438530,115195,115122,8849,123971,483
2023-04-24,Sonoma,097,501317,114951,114755,5860,120615,568
2023-04-24,Stanislaus,099,539301,146375,146249,23364,169613,1846
2023-04-24,Sutter,101,95872,25971,25947,2555,28502,241
2023-04-24,Tehama,103,63373,14547,14538,3464,18002,234
2023-04-24,Trinity,105,12862,1479,1478,512,1990,25
2023-04-24,Tulare,107,460477,129449,129257,41178,170435,1595
2023-04-24,Tuolumne,109,53932,17008,17002,1017,18019,212
2023-04-24,Ventura,111,848112,222271,222098,18315,240413,1701
2023-04-24,Yolo,113,214977,50522,50465,5060,55525,451
2023-04-24,Yuba,115,75493,20207,20189,1917,22106,135
2023-04-23,Alameda,001,1643700,384940,384270,23033,407303,2221
2023-04-23,Alpine,002,1148,139,139,4,143,0
2023-04-23,Amador,005,37829,10676,10660,1015,11675,98
2023-04-23,Butte,007,227075,41962,41925,10451,52376,497
2023-04-23,Calaveras,009,45235,9077,9070,647,9717,143
2023-04-23,Colusa,011,21464,4022,4023,1389,5412,23
2023-04-23,Contra Costa,013,1133247,276477,276104,22613,298717,1579
2023-04-23,Del Norte,015,27424,7964,7962,493,8455,61
2023-04-23,El Dorado,017,186661,34931,34888,4596,39484,247
2023-04-23,Fresno,019,978130,297111,296764,35538,332302,3018
2023-04-23,Glenn,021,27897,5831,5829,2039,7868,58
2023-04-23,Humboldt,023,135768,23534,23502,5981,29483,171
2023-04-23,Imperial,025,180216,71391,71209,19610,90819,981
2023-04-23,Inyo,027,18085,4805,4800,1331,6131,63
2023-04-23,Kern,029,883053,231967,231881,74462,306343,2500
2023-04-23,Kings,031,150075,63198,63167,4527,67694,486
2023-04-23,Lake,033,64148,13756,13741,1282,15023,163
2023-04-23,Lassen,035,31185,10285,10285,1072,11357,67
2023-04-23,Los Angeles,037,10098052,3514802,3511889,223599,3735488,35903
2023-04-23,Madera,039,155013,46708,46657,8962,55619,378
2023-04-23,Marin,041,260295,41392,49790,5774,55564,317
2023-04-23,Mariposa,043,17540,3384,3377,360,3737,33
2023-04-23,Mendocino,045,87422,17011,17002,4849,21851,145
2023-04-23,Merced,047,269075,78011,77500,13015,90515,903
2023-04-23,Modoc,049,8938,967,965,384,1349,11
2023-04-23,Mono,051,14174,3342,3341,307,3648,8
2023-04-23,Monterey,053,433212,98742,98671,24782,123453,811
2023-04-23,Napa,055,140530,34906,34705,1541,36246,180
2023-04-23,Nevada,057,99092,20391,20360,2369,22729,139
2023-04-23,Orange,059,3164182,719093,716944,80071,797015,8095
2023-04-23,Placer,061,380077,82038,81922,10445,92367,683
2023-04-23,Plumas,063,18699,3850,3851,464,4315,15
2023-04-23,Riverside,065,2383286,739618,739279,42498,781777,6883
2023-04-23,Sacramento,067,1510023,375699,375139,38896,414035,3577
2023-04-23,San Benito,069,59416,17814,17810,1151,18961,118
2023-04-23,San Bernardino,071,2135413,714658,714210,35039,749249,8173
2023-04-23,San Diego,073,3302833,992999,992283,82373,1074656,5844
2023-04-23,San Francisco,075,870044,199276,198973,13647,212620,1197
2023-04-23,San Joaquin,077,732212,211907,211734,17166,228900,2431
2023-04-23,San Luis Obispo,079,281455,66919,66877,8324,75201,570
2023-04-23,San Mateo,081,765935,185647,185403,11296,196699,753
2023-04-23,Santa Barbara,083,443738,113059,112956,7869,120825,767
2023-04-23,Santa Clara,085,1922200,481908,481393,21758,503151,2770
2023-04-23,Santa Cruz,087,273765,69294,69223,4117,73340,276
2023-04-23,Shasta,089,179085,36692,36661,8429,45090,607
2023-04-23,Sierra,091,2930,313,313,61,374,5
2023-04-23,Siskiyou,093,43540,5505,5496,3473,8969,96
2023-04-23,Solano,095,438530,115167,115122,8841,123963,483
2023-04-23,Sonoma,097,501317,114927,114755,5859,120614,568
2023-04-23,Stanislaus,099,539301,146354,146249,23359,169608,1846
2023-04-23,Sutter,101,95872,25970,25947,2555,28502,241
2023-04-23,Tehama,103,63373,14545,14538,3461,17999,234
2023-04-23,Trinity,105,12862,1479,1478,512,1990,25
2023-04-23,Tulare,107,460477,129430,129257,41162,170419,1595
2023-04-23,Tuolumne,109,53932,17006,17002,1017,18019,212
2023-04-23,Ventura,111,848112,222239,222098,18314,240412,1701
2023-04-23,Yolo,113,214977,50514,50465,5058,55523,451
2023-04-23,Yuba,115,75493,20203,20189,1916,22105,135
2023-04-22,Alameda,001,1643700,384887,384270,23027,407297,2221
2023-04-22,Alpine,002,1148,139,139,4,143,0
2023-04-22,Amador,005,37829,10674,10660,1015,11675,98
2023-04-22,Butte,007,227075,41956,41925,10446,52371,497
2023-04-22,Calaveras,009,45235,9077,9070,647,9717,143
2023-04-22,Colusa,011,21464,4022,4023,1388,5411,23
2023-04-22,Contra Costa,013,1133247,276433,276104,22612,298716,1579
2023-04-22,Del Norte,015,27424,7964,7962,493,8455,61
2023-04-22,El Dorado,017,186661,34925,34888,4596,39484,247
2023-04-22,Fresno,019,978130,297079,296764,35534,332298,3018
2023-04-22,Glenn,021,27897,5831,5829,2038,7867,58
2023-04-22,Humboldt,023,135768,23534,23502,5981,29483,171
2023-04-22,Imperial,025,180216,71383,71209,19607,90816,981
2023-04-22,Inyo,027,18085,4805,4800,1331,6131,63
2023-04-22,Kern,029,883053,231960,231881,74450,306331,2500
2023-04-22,Kings,031,150075,63195,63167,4527,67694,486
2023-04-22,Lake,033,64148,13755,13741,1282,15023,163
2023-04-22,Lassen,035,31185,10285,10285,1072,11357,67
2023-04-22,Los Angeles,037,10098052,3514617,3511889,223551,3735440,35903
2023-04-22,Madera,039,155013,46706,46657,8962,55619,378
2023-04-22,Marin,041,260295,41387,49790,5774,55564,317
2023-04-22,Mariposa,043,17540,3384,3377,360,3737,33
2023-04-22,Mendocino,045,87422,17010,17002,4849,21851,145
2023-04-22,Merced,047,269075,78005,77500,13015,90515,903
2023-04-22,Modoc,049,8938,967,965,384,1349,11
2023-04-22,Mono,051,14174,3342,3341,307,3648,8
2023-04-22,Monterey,053,433212,98730,98671,24765,123436,811
2023-04-22,Napa,055,140530,34904,34705,1541,36246,180
2023-04-22,Nevada,057,99092,20383,20360,2369,22729,139
2023-04-22,Orange,059,3164182,719044,716944,80053,796997,8095
2023-04-22,Placer,061,380077,82020,81922,10443,92365,683
2023-04-22,Plumas,063,18699,3850,3851,464,4315,15
2023-04-22,Riverside,065,2383286,739595,739279,42490,781769,6883
2023-04-22,Sacramento,067,1510023,375655,375139,38892,414031,3577
2023-04-22,San Benito,069,59416,17812,17810,1151,18961,118
2023-04-22,San Bernardino,071,2135413,714627,714210,35034,749244,8173
2023-04-22,San Diego,073,3302833,992934,992283,82364,1074647,5844
2023-04-22,San Francisco,075,870044,199243,198973,13646,212619,1197
2023-04-22,San Joaquin,077,732212,211893,211734,17164,228898,2431
2023-04-22,San Luis Obispo,079,281455,66913,66877,8304,75181,570
2023-04-22,San Mateo,081,765935,185629,185403,11295,196698,753
2023-04-22,Santa Barbara,083,443738,113046,112956,7867,120823,767
2023-04-22,Santa Clara,085,1922200,481842,481393,21748,503141,2770
2023-04-22,Santa Cruz,087,273765,69287,69223,4116,73339,276
2023-04-22,Shasta,089,179085,36690,36661,8429,45090,607
2023-04-22,Sierra,091,2930,313,313,61,374,5
2023-04-22,Siskiyou,093,43540,5504,5496,3461,8957,96
2023-04-22,Solano,095,438530,115151,115122,8839,123961,483
2023-04-22,Sonoma,097,501317,114918,114755,5859,120614,568
2023-04-22,Stanislaus,099,539301,146343,146249,23357,169606,1846
2023-04-22,Sutter,101,95872,25969,25947,2554,28501,241
2023-04-22,Tehama,103,63373,14545,14538,3461,17999,234
2023-04-22,Trinity,105,12862,1479,1478,512,1990,25
2023-04-22,Tulare,107,460477,129423,129257,41157,170414,1595
2023-04-22,Tuolumne,109,53932,17006,17002,1017,18019,212
2023-04-22,Ventura,111,848112,222221,222098,18313,240411,1701
2023-04-22,Yolo,113,214977,50511,50465,5057,55522,451
2023-04-22,Yuba,115,75493,20200,20189,1916,22105,135
2023-04-21,Alameda,001,1643700,384830,384270,23018,407288,2221
2023-04-21,Alpine,002,1148,139,139,4,143,0
2023-04-21,Amador,005,37829,10674,10660,1015,11675,98
2023-04-21,Butte,007,227075,41951,41925,10440,52365,497
2023-04-21,Calaveras,009,45235,9077,9070,647,9717,143
2023-04-21,Colusa,011,21464,4022,4023,1388,5411,23
2023-04-21,Contra Costa,013,1133247,276408,276104,22611,298715,1579
2023-04-21,Del Norte,015,27424,7962,7962,493,8455,61
2023-04-21,El Dorado,017,186661,34925,34888,4596,39484,247
2023-04-21,Fresno,019,978130,297052,296764,35527,332291,3018
2023-04-21,Glenn,021,27897,5831,5829,2038,7867,58
2023-04-21,Humboldt,023,135768,23531,23502,5981,29483,171
2023-04-21,Imperial,025,180216,71376,71209,19603,90812,981
2023-04-21,Inyo,027,18085,4805,4800,1331,6131,63
2023-04-21,Kern,029,883053,231951,231881,74444,306325,2500
2023-04-21,Kings,031,150075,63192,63167,4526,67693,486
2023-04-21,Lake,033,64148,13753,13741,1282,15023,163
2023-04-21,Lassen,035,31185,10285,10285,1071,11356,67
2023-04-21,Los Angeles,037,10098052,3514422,3511889,223512,3735401,35903
2023-04-21,Madera,039,155013,46704,46657,8962,55619,378
2023-04-21,Marin,041,260295,41375,49790,5774,55564,317
2023-04-21,Mariposa,043,17540,3384,3377,360,3737,33
2023-04-21,Mendocino,045,87422,17007,17002,4848,21850,145
2023-04-21,Merced,047,269075,78001,77500,13015,90515,903
2023-04-21,Modoc,049,8938,967,965,384,1349,11
2023-04-21,Mono,051,14174,3342,3341,307,3648,8
2023-04-21,Monterey,053,433212,98723,98671,24755,123426,811
2023-04-21,Napa,055,140530,34901,34705,1541,36246,180
2023-04-21,Nevada,057,99092,20380,20360,2369,22729,139
2023-04-21,Orange,059,3164182,718994,716944,80030,796974,8095
2023-04-21,Placer,061,380077,82009,81922,10441,92363,683
2023-04-21,Plumas,063,18699,3850,3851,464,4315,15
2023-04-21,Riverside,065,2383286,739566,739279,42471,781750,6883
2023-04-21,Sacramento,067,1510023,375604,375139,38891,414030,3577
2023-04-21,San Benito,069,59416,17812,17810,1151,18961,118
2023-04-21,San Bernardino,071,2135413,714587,714210,35027,749237,8173
2023-04-21,San Diego,073,3302833,992862,992283,82361,1074644,5844
2023-04-21,San Francisco,075,870044,199221,198973,13646,212619,1197
2023-04-21,San Joaquin,077,732212,211866,211734,17160,228894,2431
2023-04-21,San Luis Obispo,079,281455,66909,66877,8298,75175,570
2023-04-21,San Mateo,081,765935,185604,185403,11294,196697,753
2023-04-21,Santa Barbara,083,443738,113035,112956,7867,120823,767
2023-04-21,Santa Clara,085,1922200,481783,481393,21743,503136,2770
2023-04-21,Santa Cruz,087,273765,69284,69223,4114,73337,276
2023-04-21,Shasta,089,179085,36689,36661,8429,45090,607
2023-04-21,Sierra,091,2930,313,313,61,374,5
2023-04-21,Siskiyou,093,43540,5503,5496,3461,8957,96
2023-04-21,Solano,095,438530,115148,115122,8839,123961,483
2023-04-21,Sonoma,097,501317,114897,114755,5859,120614,568
2023-04-21,Stanislaus,099,539301,146325,146249,23356,169605,1846
2023-04-21,Sutter,101,95872,25968,25947,2554,28501,241
2023-04-21,Tehama,103,63373,14544,14538,3461,17999,234
2023-04-21,Trinity,105,12862,1479,1478,512,1990,25
2023-04-21,Tulare,107,460477,129414,129257,41148,170405,1595
2023-04-21,Tuolumne,109,53932,17006,17002,1017,18019,212
2023-04-21,Ventura,111,848112,222209,222098,18310,240408,1701
2023-04-21,Yolo,113,214977,50502,50465,5055,55520,451
2023-04-21,Yuba,115,75493,20198,20189,1916,22105,135
2023-04-20,Alameda,001,1643700,384749,384270,23008,407278,2221
2023-04-20,Alpine,002,1148,139,139,4,143,0
2023-04-20,Amador,005,37829,10672,10660,1015,11675,98
2023-04-20,Butte,007,227075,41949,41925,10435,52360,497
2023-04-20,Calaveras,009,45235,9075,9070,647,9717,143
2023-04-20,Colusa,011,21464,4022,4023,1388,5411,23
2023-04-20,Contra Costa,013,1133247,276360,276104,22607,298711,1579
2023-04-20,Del Norte,015,27424,7962,7962,493,8455,61
2023-04-20,El Dorado,017,186661,34921,34888,4595,39483,247
2023-04-20,Fresno,019,978130,297024,296764,35514,332278,3018
2023-04-20,Glenn,021,27897,5831,5829,2038,7867,58
2023-04-20,Humboldt,023,135768,23531,23502,5981,29483,171
2023-04-20,Imperial,025,180216,71356,71209,19588,90797,981
2023-04-20,Inyo,027,18085,4804,4800,1329,6129,63
2023-04-20,Kern,029,883053,231934,231881,74440,306321,2500
2023-04-20,Kings,031,150075,63188,63167,4526,67693,486
2023-04-20,Lake,033,64148,13751,13741,1282,15023,163
2023-04-20,Lassen,035,31185,10285,10285,1071,11356,67
2023-04-20,Los Angeles,037,10098052,3514167,3511889,223461,3735350,35903
2023-04-20,Madera,039,155013,46698,46657,8961,55618,378
2023-04-20,Marin,041,260295,41369,49790,5773,55563,317
2023-04-20,Mariposa,043,17540,3384,3377,360,3737,33
2023-04-20,Mendocino,045,87422,17006,17002,4848,21850,145
2023-04-20,Merced,047,269075,77992,77500,13014,90514,903
2023-04-20,Modoc,049,8938,967,965,384,1349,11
2023-04-20,Mono,051,14174,3342,3341,307,3648,8
2023-04-20,Monterey,053,433212,98715,98671,24744,123415,811
2023-04-20,Napa,055,140530,34898,34705,1541,36246,180
2023-04-20,Nevada,057,99092,20377,20360,2369,22729,139
2023-04-20,Orange,059,3164182,718911,716944,80012,796956,8095
2023-04-20,Placer,061,380077,81993,81922,10439,92361,683
2023-04-20,Plumas,063,18699,3850,3851,464,4315,15
2023-04-20,Riverside,065,2383286,739527,739279,42450,781729,6883
2023-04-20,Sacramento,067,1510023,375523,375139,38882,414021,3577
2023-04-20,San Benito,069,59416,17810,17810,1151,18961,118
2023-04-20,San Bernardino,071,2135413,714532,714210,35019,749229,8173
2023-04-20,San Diego,073,3302833,992780,992283,82350,1074633,5844
2023-04-20,San Francisco,075,870044,199177,198973,13642,212615,1197
2023-04-20,San Joaquin,077,732212,211849,211734,17156,228890,2431
2023-04-20,San Luis Obispo,079,281455,66905,66877,8288,75165,570
2023-04-20,San Mateo,081,765935,185583,185403,11293,196696,753
2023-04-20,Santa Barbara,083,443738,113026,112956,7866,120822,767
2023-04-20,Santa Clara,085,1922200,481719,481393,21735,503128,2770
2023-04-20,Santa Cruz,087,273765,69278,69223,4110,73333,276
2023-04-20,Shasta,089,179085,36686,36661,8428,45089,607
2023-04-20,Sierra,091,2930,313,313,61,374,5
2023-04-20,Siskiyou,093,43540,5502,5496,3460,8956,96
2023-04-20,Solano,095,438530,115121,115122,8836,123958,483
2023-04-20,Sonoma,097,501317,114874,114755,5858,120613,568
2023-04-20,Stanislaus,099,539301,146311,146249,23354,169603,1846
2023-04-20,Sutter,101,95872,25963,25947,2554,28501,241
2023-04-20,Tehama,103,63373,14542,14538,3459,17997,234
2023-04-20,Trinity,105,12862,1479,1478,512,1990,25
2023-04-20,Tulare,107,460477,129405,129257,41137,170394,1595
2023-04-20,Tuolumne,109,53932,17005,17002,1017,18019,212
2023-04-20,Ventura,111,848112,222195,222098,18309,240407,1701
2023-04-20,Yolo,113,214977,50496,50465,5054,55519,451
2023-04-20,Yuba,115,75493,20197,20189,1915,22104,135
2023-04-19,Alameda,001,1643700,384663,384270,22998,407268,2221
2023-04-19,Alpine,002,1148,139,139,4,143,0
2023-04-19,Amador,005,37829,10667,10660,1015,11675,98
2023-04-19,Butte,007,227075,41945,41925,10429,52354,497
2023-04-19,Calaveras,009,45235,9074,9070,647,9717,143
2023-04-19,Colusa,011,21464,4022,4023,1388,5411,23
2023-04-19,Contra Costa,013,1133247,276303,276104,22602,298706,1579
2023-04-19,Del Norte,015,27424,7961,7962,493,8455,61
2023-04-19,El Dorado,017,186661,34915,34888,4594,39482,247
2023-04-19,Fresno,019,978130,296996,296764,35502,332266,3018
2023-04-19,Glenn,021,27897,5829,5829,2037,7866,58
2023-04-19,Humboldt,023,135768,23531,23502,5980,29482,171
2023-04-19,Imperial,025,180216,71336,71209,19572,90781,981
2023-04-19,Inyo,027,18085,4803,4800,1329,6129,63
2023-04-19,Kern,029,883053,231924,231881,74428,306309,2500
2023-04-19,Kings,031,150075,63182,63167,4522,67689,486
2023-04-19,Lake,033,64148,13748,13741,1282,15023,163
2023-04-19,Lassen,035,31185,10285,10285,1070,11355,67
2023-04-19,Los Angeles,037,10098052,3513857,3511889,223410,3735299,35903
2023-04-19,Madera,039,155013,46694,46657,8961,55618,378
2023-04-19,Marin,041,260295,41362,49790,5772,55562,317
2023-04-19,Mariposa,043,17540,3384,3377,360,3737,33
2023-04-19,Mendocino,045,87422,17005,17002,4848,21850,145
2023-04-19,Merced,047,269075,77983,77500,13012,90512,903
2023-04-19,Modoc,049,8938,965,965,384,1349,11
2023-04-19,Mono,051,14174,3342,3341,307,3648,8
2023-04-19,Monterey,053,433212,98708,98671,24723,123394,811
2023-04-19,Napa,055,140530,34893,34705,1541,36246,180
2023-04-19,Nevada,057,99092,20373,20360,2366,22726,139
2023-04-19,Orange,059,3164182,718826,716944,79986,796930,8095
2023-04-19,Placer,061,380077,81983,81922,10439,92361,683
2023-04-19,Plumas,063,18699,3850,3851,464,4315,15
2023-04-19,Riverside,065,2383286,739487,739279,42443,781722,6883
2023-04-19,Sacramento,067,1510023,375449,375139,38875,414014,3577
2023-04-19,San Benito,069,59416,17809,17810,1151,18961,118
2023-04-19,San Bernardino,071,2135413,714492,714210,35014,749224,8173
2023-04-19,San Diego,073,3302833,992674,992283,82336,1074619,5844
2023-04-19,San Francisco,075,870044,199137,198973,13638,212611,1197
2023-04-19,San Joaquin,077,732212,211821,211734,17155,228889,2431
2023-04-19,San Luis Obispo,079,281455,66902,66877,8286,75163,570
2023-04-19,San Mateo,081,765935,185556,185403,11293,196696,753
2023-04-19,Santa Barbara,083,443738,113008,112956,7865,120821,767
2023-04-19,Santa Clara,085,1922200,481650,481393,21732,503125,2770
2023-04-19,Santa Cruz,087,273765,69271,69223,4105,73328,276
2023-04-19,Shasta,089,179085,36684,36661,8423,45084,607
2023-04-19,Sierra,091,2930,313,313,61,374,5
2023-04-19,Siskiyou,093,43540,5502,5496,3456,8952,96
2023-04-19,Solano,095,438530,115094,115122,8831,123953,483
2023-04-19,Sonoma,097,501317,114845,114755,5856,120611,568
2023-04-19,Stanislaus,099,539301,146303,146249,23347,169596,1846
2023-04-19,Sutter,101,95872,25961,25947,2552,28499,241
2023-04-19,Tehama,103,63373,14542,14538,3456,17994,234
2023-04-19,Trinity,105,12862,1478,1478,512,1990,25
2023-04-19,Tulare,107,460477,129395,129257,41135,170392,1595
2023-04-19,Tuolumne,109,53932,17004,17002,1017,18019,212
2023-04-19,Ventura,111,848112,222178,222098,18305,240403,1701
2023-04-19,Yolo,113,214977,50492,50465,5054,55519,451
2023-04-19,Yuba,115,75493,20194,20189,1915,22104,135
2023-04-18,Alameda,001,1643700,384578,384270,22992,407262,2221
2023-04-18,Alpine,002,1148,139,139,4,143,0
2023-04-18,Amador,005,37829,10665,10660,1014,11674,98
2023-04-18,Butte,007,227075,41940,41925,10424,52349,497
2023-04-18,Calaveras,009,45235,9073,9070,647,9717,143
2023-04-18,Colusa,011,21464,4022,4023,1388,5411,23
2023-04-18,Contra Costa,013,1133247,276247,276104,22597,298701,1579
2023-04-18,Del Norte,015,27424,7961,7962,493,8455,61
2023-04-18,El Dorado,017,186661,34906,34888,4591,39479,247
2023-04-18,Fresno,019,978130,296959,296764,35498,332262,3018
2023-04-18,Glenn,021,27897,5829,5829,2037,7866,58
2023-04-18,Humboldt,023,135768,23529,23502,5979,29481,171
2023-04-18,Imperial,025,180216,71317,71209,19566,90775,981
2023-04-18,Inyo,027,18085,4803,4800,1329,6129,63
2023-04-18,Kern,029,883053,231914,231881,74411,306292,2500
2023-04-18,Kings,031,150075,63180,63167,4521,67688,486
2023-04-18,Lake,033,64148,13747,13741,1282,15023,163
2023-04-18,Lassen,035,31185,10285,10285,1070,11355,67
2023-04-18,Los Angeles,037,10098052,3513581,3511889,223350,3735239,35903
2023-04-18,Madera,039,155013,46690,46657,8959,55616,378
2023-04-18,Marin,041,260295,41348,49790,5771,55561,317
2023-04-18,Mariposa,043,17540,3382,3377,360,3737,33
2023-04-18,Mendocino,045,87422,17003,17002,4847,21849,145
2023-04-18,Merced,047,269075,77976,77500,13012,90512,903
2023-04-18,Modoc,049,8938,965,965,384,1349,11
2023-04-18,Mono,051,14174,3341,3341,307,3648,8
2023-04-18,Monterey,053,433212,98703,98671,24712,123383,811
2023-04-18,Napa,055,140530,34890,34705,1541,36246,180
2023-04-18,Nevada,057,99092,20367,20360,2362,22722,139
2023-04-18,Orange,059,3164182,718746,716944,79955,796899,8095
2023-04-18,Placer,061,380077,81969,81922,10435,92357,683
2023-04-18,Plumas,063,18699,3850,3851,463,4314,15
2023-04-18,Riverside,065,2383286,739424,739279,42424,781703,6883
2023-04-18,Sacramento,067,1510023,375373,375139,38861,414000,3577
2023-04-18,San Benito,069,59416,17809,17810,1151,18961,118
2023-04-18,San Bernardino,071,2135413,714423,714210,35005,749215,8173
2023-04-18,San Diego,073,3302833,992567,992283,82323,1074606,5844
2023-04-18,San Francisco,075,870044,199082,198973,13634,212607,1197
2023-04-18,San Joaquin,077,732212,211800,211734,17153,228887,2431
2023-04-18,San Luis Obispo,079,281455,66896,66877,8280,75157,570
2023-04-18,San Mateo,081,765935,185530,185403,11290,196693,753
2023-04-18,Santa Barbara,083,443738,112994,112956,7864,120820,767
2023-04-18,Santa Clara,085,1922200,481578,481393,21725,503118,2770
2023-04-18,Santa Cruz,087,273765,69260,69223,4105,73328,276
2023-04-18,Shasta,089,179085,36681,36661,8415,45076,607
2023-04-18,Sierra,091,2930,313,313,61,374,5
2023-04-18,Siskiyou,093,43540,5500,5496,3451,8947,96
2023-04-18,Solano,095,438530,115075,115122,8829,123951,483
2023-04-18,Sonoma,097,501317,114817,114755,5856,120611,568
2023-04-18,Stanislaus,099,539301,146283,146249,23345,169594,1846
2023-04-18,Sutter,101,95872,25954,25947,2552,28499,241
2023-04-18,Tehama,103,63373,14542,14538,3455,17993,234
2023-04-18,Trinity,105,12862,1478,1478,512,1990,25
2023-04-18,Tulare,107,460477,129381,129257,41122,170379,1595
2023-04-18,Tuolumne,109,53932,17003,17002,1017,18019,212
2023-04-18,Ventura,111,848112,222158,222098,18303,240401,1701
2023-04-18,Yolo,113,214977,50489,50465,5049,55514,451
2023-04-18,Yuba,115,75493,20193,20189,1913,22102,135
2023-04-17,Alameda,001,1643700,384489,383667,22984,406651,2216
2023-04-17,Alpine,002,1148,139,139,4,143,0
2023-04-17,Amador,005,37829,10663,10646,1013,11659,98
2023-04-17,Butte,007,227075,41936,41872,10417,52289,496
2023-04-17,Calaveras,009,45235,9073,9060,647,9707,143
2023-04-17,Colusa,011,21464,4022,4022,1388,5410,23
2023-04-17,Contra Costa,013,1133247,276195,275697,22594,298291,1575
2023-04-17,Del Norte,015,27424,7961,7961,493,8454,61
2023-04-17,El Dorado,017,186661,34898,34843,4589,39432,247
2023-04-17,Fresno,019,978130,296921,296446,35483,331929,3015
2023-04-17,Glenn,021,27897,5828,5818,2036,7854,58
2023-04-17,Humboldt,023,135768,23527,23494,5979,29473,170
2023-04-17,Imperial,025,180216,71296,71009,19552,90561,981
2023-04-17,Inyo,027,18085,4801,4797,1329,6126,63
2023-04-17,Kern,029,883053,231895,231738,74403,306141,2499
2023-04-17,Kings,031,150075,63175,63122,4520,67642,486
2023-04-17,Lake,033,64148,13745,13728,1282,15010,163
2023-04-17,Lassen,035,31185,10285,10283,1070,11353,67
2023-04-17,Los Angeles,037,10098052,3513247,3509407,223262,3732669,35863
2023-04-17,Madera,039,155013,46687,46586,8958,55544,378
2023-04-17,Marin,041,260295,41338,49704,5770,55474,317
2023-04-17,Mariposa,043,17540,3381,3377,360,3737,33
2023-04-17,Mendocino,045,87422,17003,16980,4846,21826,145
2023-04-17,Merced,047,269075,77971,77340,13012,90352,903
2023-04-17,Modoc,049,8938,965,964,383,1347,11
2023-04-17,Mono,051,14174,3341,3340,307,3647,8
2023-04-17,Monterey,053,433212,98694,98631,24695,123326,811
2023-04-17,Napa,055,140530,34886,34673,1541,36214,179
2023-04-17,Nevada,057,99092,20363,20325,2361,22686,139
2023-04-17,Orange,059,3164182,718658,716354,79929,796283,8078
2023-04-17,Placer,061,380077,81950,81833,10431,92264,683
2023-04-17,Plumas,063,18699,3849,3844,463,4307,15
2023-04-17,Riverside,065,2383286,739354,738856,42407,781263,6880
2023-04-17,Sacramento,067,1510023,375310,374601,38853,413454,3568
2023-04-17,San Benito,069,59416,17808,17794,1151,18945,118
2023-04-17,San Bernardino,071,2135413,714350,713760,34994,748754,8172
2023-04-17,San Diego,073,3302833,992444,991465,82303,1073768,5841
2023-04-17,San Francisco,075,870044,199013,198667,13627,212294,1196
2023-04-17,San Joaquin,077,732212,211784,211565,17144,228709,2431
2023-04-17,San Luis Obispo,079,281455,66888,66812,8275,75087,570
2023-04-17,San Mateo,081,765935,185489,185171,11287,196458,753
2023-04-17,Santa Barbara,083,443738,112979,112834,7863,120697,767
2023-04-17,Santa Clara,085,1922200,481486,480775,21715,502490,2761
2023-04-17,Santa Cruz,087,273765,69245,69126,4104,73230,276
2023-04-17,Shasta,089,179085,36677,36604,8414,45018,607
2023-04-17,Sierra,091,2930,313,313,61,374,5
2023-04-17,Siskiyou,093,43540,5500,5491,3451,8942,96
2023-04-17,Solano,095,438530,115056,114965,8825,123790,483
2023-04-17,Sonoma,097,501317,114793,114595,5856,120451,564
2023-04-17,Stanislaus,099,539301,146267,146122,23337,169459,1846
2023-04-17,Sutter,101,95872,25947,25929,2552,28481,241
2023-04-17,Tehama,103,63373,14541,14520,3455,17975,234
2023-04-17,Trinity,105,12862,1478,1477,512,1989,25
2023-04-17,Tulare,107,460477,129373,129148,41111,170259,1588
2023-04-17,Tuolumne,109,53932,17003,16994,1017,18011,212
2023-04-17,Ventura,111,848112,222132,221970,18300,240270,1693
2023-04-17,Yolo,113,214977,50484,50397,5048,55445,448
2023-04-17,Yuba,115,75493,20190,20170,1911,22081,135
2023-04-16,Alameda,001,1643700,384389,383667,22974,406641,2216
2023-04-16,Alpine,002,1148,139,139,4,143,0
2023-04-16,Amador,005,37829,10661,10646,1013,11659,98
2023-04-16,Butte,007,227075,41928,41872,10414,52286,496
2023-04-16,Calaveras,009,45235,9071,9060,647,9707,143
2023-04-16,Colusa,011,21464,4021,4022,1388,5410,23
2023-04-16,Contra Costa,013,1133247,276105,275697,22590,298287,1575
2023-04-16,Del Norte,015,27424,7961,7961,493,8454,61
2023-04-16,El Dorado,017,186661,34887,34843,4587,39430,247
2023-04-16,Fresno,019,978130,296886,296446,35476,331922,3015
2023-04-16,Glenn,021,27897,5828,5818,2034,7852,58
2023-04-16,Humboldt,023,135768,23527,23494,5979,29473,170
2023-04-16,Imperial,025,180216,71253,71009,19531,90540,981
2023-04-16,Inyo,027,18085,4801,4797,1328,6125,63
2023-04-16,Kern,029,883053,231876,231738,74384,306122,2499
2023-04-16,Kings,031,150075,63174,63122,4520,67642,486
2023-04-16,Lake,033,64148,13744,13728,1282,15010,163
2023-04-16,Lassen,035,31185,10284,10283,1070,11353,67
2023-04-16,Los Angeles,037,10098052,3512888,3509407,223179,3732586,35863
2023-04-16,Madera,039,155013,46680,46586,8955,55541,378
2023-04-16,Marin,041,260295,41327,49704,5769,55473,317
2023-04-16,Mariposa,043,17540,3380,3377,360,3737,33
2023-04-16,Mendocino,045,87422,17001,16980,4844,21824,145
2023-04-16,Merced,047,269075,77953,77340,13011,90351,903
2023-04-16,Modoc,049,8938,965,964,382,1346,11
2023-04-16,Mono,051,14174,3341,3340,307,3647,8
2023-04-16,Monterey,053,433212,98684,98631,24680,123311,811
2023-04-16,Napa,055,140530,34879,34673,1541,36214,179
2023-04-16,Nevada,057,99092,20363,20325,2360,22685,139
2023-04-16,Orange,059,3164182,718583,716354,79899,796253,8078
2023-04-16,Placer,061,380077,81929,81833,10431,92264,683
2023-04-16,Plumas,063,18699,3848,3844,463,4307,15
2023-04-16,Riverside,065,2383286,739304,738856,42392,781248,6880
2023-04-16,Sacramento,067,1510023,375228,374601,38832,413433,3568
2023-04-16,San Benito,069,59416,17805,17794,1151,18945,118
2023-04-16,San Bernardino,071,2135413,714251,713760,34988,748748,8172
2023-04-16,San Diego,073,3302833,992276,991465,82281,1073746,5841
2023-04-16,San Francisco,075,870044,198971,198667,13613,212280,1196
2023-04-16,San Joaquin,077,732212,211750,211565,17141,228706,2431
2023-04-16,San Luis Obispo,079,281455,66881,66812,8269,75081,570
2023-04-16,San Mateo,081,765935,185457,185171,11284,196455,753
2023-04-16,Santa Barbara,083,443738,112951,112834,7860,120694,767
2023-04-16,Santa Clara,085,1922200,481390,480775,21706,502481,2761
2023-04-16,Santa Cruz,087,273765,69229,69126,4103,73229,276
2023-04-16,Shasta,089,179085,36673,36604,8413,45017,607
2023-04-16,Sierra,091,2930,313,313,61,374,5
2023-04-16,Siskiyou,093,43540,5499,5491,3451,8942,96
2023-04-16,Solano,095,438530,115024,114965,8820,123785,483
2023-04-16,Sonoma,097,501317,114749,114595,5855,120450,564
2023-04-16,Stanislaus,099,539301,146250,146122,23330,169452,1846
2023-04-16,Sutter,101,95872,25943,25929,2551,28480,241
2023-04-16,Tehama,103,63373,14538,14520,3452,17972,234
2023-04-16,Trinity,105,12862,1477,1477,512,1989,25
2023-04-16,Tulare,107,460477,129357,129148,41101,170249,1588
2023-04-16,Tuolumne,109,53932,17002,16994,1017,18011,212
2023-04-16,Ventura,111,848112,222110,221970,18298,240268,1693
2023-04-16,Yolo,113,214977,50475,50397,5046,55443,448
2023-04-16,Yuba,115,75493,20186,20170,1911,22081,135
2023-04-15,Alameda,001,1643700,384319,383667,22970,406637,2216
2023-04-15,Alpine,002,1148,139,139,4,143,0
2023-04-15,Amador,005,37829,10659,10646,1013,11659,98
2023-04-15,Butte,007,227075,41924,41872,10411,52283,496
2023-04-15,Calaveras,009,45235,9070,9060,647,9707,143
2023-04-15,Colusa,011,21464,4021,4022,1388,5410,23
2023-04-15,Contra Costa,013,1133247,276081,275697,22589,298286,1575
2023-04-15,Del Norte,015,27424,7961,7961,493,8454,61
2023-04-15,El Dorado,017,186661,34885,34843,4587,39430,247
2023-04-15,Fresno,019,978130,296862,296446,35469,331915,3015
2023-04-15,Glenn,021,27897,5827,5818,2034,7852,58
2023-04-15,Humboldt,023,135768,23527,23494,5979,29473,170
2023-04-15,Imperial,025,180216,71241,71009,19529,90538,981
2023-04-15,Inyo,027,18085,4800,4797,1328,6125,63
2023-04-15,Kern,029,883053,231864,231738,74371,306109,2499
2023-04-15,Kings,031,150075,63169,63122,4519,67641,486
2023-04-15,Lake,033,64148,13742,13728,1282,15010,163
2023-04-15,Lassen,035,31185,10284,10283,1070,11353,67
2023-04-15,Los Angeles,037,10098052,3512701,3509407,223145,3732552,35863
2023-04-15,Madera,039,155013,46675,46586,8955,55541,378
2023-04-15,Marin,041,260295,41320,49704,5767,55471,317
2023-04-15,Mariposa,043,17540,3380,3377,360,3737,33
2023-04-15,Mendocino,045,87422,16997,16980,4844,21824,145
2023-04-15,Merced,047,269075,77950,77340,13011,90351,903
2023-04-15,Modoc,049,8938,965,964,381,1345,11
2023-04-15,Mono,051,14174,3341,3340,307,3647,8
2023-04-15,Monterey,053,433212,98680,98631,24664,123295,811
2023-04-15,Napa,055,140530,34877,34673,1541,36214,179
2023-04-15,Nevada,057,99092,20362,20325,2357,22682,139
2023-04-15,Orange,059,3164182,718540,716354,79879,796233,8078
2023-04-15,Placer,061,380077,81918,81833,10431,92264,683
2023-04-15,Plumas,063,18699,3848,3844,463,4307,15
2023-04-15,Riverside,065,2383286,739260,738856,42382,781238,6880
2023-04-15,Sacramento,067,1510023,375182,374601,38828,413429,3568
2023-04-15,San Benito,069,59416,17803,17794,1151,18945,118
2023-04-15,San Bernardino,071,2135413,714211,713760,34982,748742,8172
2023-04-15,San Diego,073,3302833,992210,991465,82273,1073738,5841
2023-04-15,San Francisco,075,870044,198944,198667,13609,212276,1196
2023-04-15,San Joaquin,077,732212,211734,211565,17140,228705,2431
2023-04-15,San Luis Obispo,079,281455,66878,66812,8265,75077,570
2023-04-15,San Mateo,081,765935,185443,185171,11283,196454,753
2023-04-15,Santa Barbara,083,443738,112942,112834,7856,120690,767
2023-04-15,Santa Clara,085,1922200,481326,480775,21702,502477,2761
2023-04-15,Santa Cruz,087,273765,69220,69126,4103,73229,276
2023-04-15,Shasta,089,179085,36672,36604,8412,45016,607
2023-04-15,Sierra,091,2930,313,313,61,374,5
2023-04-15,Siskiyou,093,43540,5498,5491,3448,8939,96
2023-04-15,Solano,095,438530,115018,114965,8819,123784,483
2023-04-15,Sonoma,097,501317,114732,114595,5854,120449,564
2023-04-15,Stanislaus,099,539301,146238,146122,23326,169448,1846
2023-04-15,Sutter,101,95872,25942,25929,2551,28480,241
2023-04-15,Tehama,103,63373,14538,14520,3452,17972,234
2023-04-15,Trinity,105,12862,1477,1477,512,1989,25
2023-04-15,Tulare,107,460477,129351,129148,41096,170244,1588
2023-04-15,Tuolumne,109,53932,17002,16994,1017,18011,212
2023-04-15,Ventura,111,848112,222103,221970,18294,240264,1693
2023-04-15,Yolo,113,214977,50469,50397,5044,55441,448
2023-04-15,Yuba,115,75493,20186,20170,1910,22080,135
2023-04-14,Alameda,001,1643700,384268,383667,22969,406636,2216
2023-04-14,Alpine,002,1148,139,139,4,143,0
2023-04-14,Amador,005,37829,10659,10646,1012,11658,98
2023-04-14,Butte,007,227075,41922,41872,10410,52282,496
2023-04-14,Calaveras,009,45235,9070,9060,647,9707,143
2023-04-14,Colusa,011,21464,4020,4022,1388,5410,23
2023-04-14,Contra Costa,013,1133247,276041,275697,22589,298286,1575
2023-04-14,Del Norte,015,27424,7961,7961,493,8454,61
2023-04-14,El Dorado,017,186661,34882,34843,4586,39429,247
2023-04-14,Fresno,019,978130,296839,296446,35462,331908,3015
2023-04-14,Glenn,021,27897,5826,5818,2034,7852,58
2023-04-14,Humboldt,023,135768,23527,23494,5978,29472,170
2023-04-14,Imperial,025,180216,71228,71009,19528,90537,981
2023-04-14,Inyo,027,18085,4799,4797,1328,6125,63
2023-04-14,Kern,029,883053,231855,231738,74363,306101,2499
2023-04-14,Kings,031,150075,63161,63122,4519,67641,486
2023-04-14,Lake,033,64148,13742,13728,1282,15010,163
2023-04-14,Lassen,035,31185,10284,10283,1070,11353,67
2023-04-14,Los Angeles,037,10098052,3512488,3509407,223097,3732504,35863
2023-04-14,Madera,039,155013,46668,46586,8955,55541,378
2023-04-14,Marin,041,260295,41313,49704,5766,55470,317
2023-04-14,Mariposa,043,17540,3380,3377,360,3737,33
2023-04-14,Mendocino,045,87422,16993,16980,4844,21824,145
2023-04-14,Merced,047,269075,77944,77340,13011,90351,903
2023-04-14,Modoc,049,8938,965,964,381,1345,11
2023-04-14,Mono,051,14174,3341,3340,307,3647,8
2023-04-14,Monterey,053,433212,98674,98631,24656,123287,811
2023-04-14,Napa,055,140530,34876,34673,1541,36214,179
2023-04-14,Nevada,057,99092,20362,20325,2357,22682,139
2023-04-14,Orange,059,3164182,718479,716354,79862,796216,8078
2023-04-14,Placer,061,380077,81904,81833,10428,92261,683
2023-04-14,Plumas,063,18699,3848,3844,463,4307,15
2023-04-14,Riverside,065,2383286,739220,738856,42376,781232,6880
2023-04-14,Sacramento,067,1510023,375134,374601,38822,413423,3568
2023-04-14,San Benito,069,59416,17800,17794,1150,18944,118
2023-04-14,San Bernardino,071,2135413,714160,713760,34972,748732,8172
2023-04-14,San Diego,073,3302833,992129,991465,82270,1073735,5841
2023-04-14,San Francisco,075,870044,198917,198667,13605,212272,1196
2023-04-14,San Joaquin,077,732212,211705,211565,17140,228705,2431
2023-04-14,San Luis Obispo,079,281455,66868,66812,8265,75077,570
2023-04-14,San Mateo,081,765935,185426,185171,11282,196453,753
2023-04-14,Santa Barbara,083,443738,112923,112834,7856,120690,767
2023-04-14,Santa Clara,085,1922200,481252,480775,21700,502475,2761
2023-04-14,Santa Cruz,087,273765,69211,69126,4101,73227,276
2023-04-14,Shasta,089,179085,36669,36604,8411,45015,607
2023-04-14,Sierra,091,2930,313,313,61,374,5
2023-04-14,Siskiyou,093,43540,5498,5491,3448,8939,96
2023-04-14,Solano,095,438530,115004,114965,8817,123782,483
2023-04-14,Sonoma,097,501317,114722,114595,5850,120445,564
2023-04-14,Stanislaus,099,539301,146224,146122,23326,169448,1846
2023-04-14,Sutter,101,95872,25940,25929,2551,28480,241
2023-04-14,Tehama,103,63373,14536,14520,3452,17972,234
2023-04-14,Trinity,105,12862,1477,1477,512,1989,25
2023-04-14,Tulare,107,460477,129338,129148,41092,170240,1588
2023-04-14,Tuolumne,109,53932,17002,16994,1017,18011,212
2023-04-14,Ventura,111,848112,222091,221970,18288,240258,1693
2023-04-14,Yolo,113,214977,50461,50397,5043,55440,448
2023-04-14,Yuba,115,75493,20184,20170,1910,22080,135
2023-04-13,Alameda,001,1643700,384191,383667,22957,406624,2216
2023-04-13,Alpine,002,1148,139,139,4,143,0
2023-04-13,Amador,005,37829,10655,10646,1011,11657,98
2023-04-13,Butte,007,227075,41918,41872,10406,52278,496
2023-04-13,Calaveras,009,45235,9069,9060,647,9707,143
2023-04-13,Colusa,011,21464,4020,4022,1388,5410,23
2023-04-13,Contra Costa,013,1133247,275986,275697,22585,298282,1575
2023-04-13,Del Norte,015,27424,7961,7961,491,8452,61
2023-04-13,El Dorado,017,186661,34874,34843,4585,39428,247
2023-04-13,Fresno,019,978130,296807,296446,35452,331898,3015
2023-04-13,Glenn,021,27897,5825,5818,2032,7850,58
2023-04-13,Humboldt,023,135768,23527,23494,5977,29471,170
2023-04-13,Imperial,025,180216,71206,71009,19515,90524,981
2023-04-13,Inyo,027,18085,4798,4797,1328,6125,63
2023-04-13,Kern,029,883053,231839,231738,74348,306086,2499
2023-04-13,Kings,031,150075,63157,63122,4518,67640,486
2023-04-13,Lake,033,64148,13741,13728,1282,15010,163
2023-04-13,Lassen,035,31185,10284,10283,1070,11353,67
2023-04-13,Los Angeles,037,10098052,3512193,3509407,223028,3732435,35863
2023-04-13,Madera,039,155013,46658,46586,8954,55540,378
2023-04-13,Marin,041,260295,41305,49704,5766,55470,317
2023-04-13,Mariposa,043,17540,3380,3377,360,3737,33
2023-04-13,Mendocino,045,87422,16993,16980,4844,21824,145
2023-04-13,Merced,047,269075,77935,77340,13011,90351,903
2023-04-13,Modoc,049,8938,965,964,381,1345,11
2023-04-13,Mono,051,14174,3341,3340,307,3647,8
2023-04-13,Monterey,053,433212,98666,98631,24640,123271,811
2023-04-13,Napa,055,140530,34874,34673,1541,36214,179
2023-04-13,Nevada,057,99092,20354,20325,2354,22679,139
2023-04-13,Orange,059,3164182,718403,716354,79835,796189,8078
2023-04-13,Placer,061,380077,81890,81833,10427,92260,683
2023-04-13,Plumas,063,18699,3847,3844,463,4307,15
2023-04-13,Riverside,065,2383286,739165,738856,42368,781224,6880
2023-04-13,Sacramento,067,1510023,375056,374601,38814,413415,3568
2023-04-13,San Benito,069,59416,17797,17794,1148,18942,118
2023-04-13,San Bernardino,071,2135413,714113,713760,34967,748727,8172
2023-04-13,San Diego,073,3302833,992019,991465,82254,1073719,5841
2023-04-13,San Francisco,075,870044,198873,198667,13590,212257,1196
2023-04-13,San Joaquin,077,732212,211682,211565,17136,228701,2431
2023-04-13,San Luis Obispo,079,281455,66857,66812,8264,75076,570
2023-04-13,San Mateo,081,765935,185396,185171,11280,196451,753
2023-04-13,Santa Barbara,083,443738,112913,112834,7855,120689,767
2023-04-13,Santa Clara,085,1922200,481172,480775,21689,502464,2761
2023-04-13,Santa Cruz,087,273765,69203,69126,4097,73223,276
2023-04-13,Shasta,089,179085,36669,36604,8409,45013,607
2023-04-13,Sierra,091,2930,313,313,61,374,5
2023-04-13,Siskiyou,093,43540,5498,5491,3448,8939,96
2023-04-13,Solano,095,438530,114977,114965,8815,123780,483
2023-04-13,Sonoma,097,501317,114703,114595,5850,120445,564
2023-04-13,Stanislaus,099,539301,146216,146122,23320,169442,1846
2023-04-13,Sutter,101,95872,25937,25929,2550,28479,241
2023-04-13,Tehama,103,63373,14536,14520,3452,17972,234
2023-04-13,Trinity,105,12862,1477,1477,511,1988,25
2023-04-13,Tulare,107,460477,129320,129148,41081,170229,1588
2023-04-13,Tuolumne,109,53932,17000,16994,1017,18011,212
2023-04-13,Ventura,111,848112,222075,221970,18287,240257,1693
2023-04-13,Yolo,113,214977,50458,50397,5043,55440,448
2023-04-13,Yuba,115,75493,20183,20170,1909,22079,135
2023-04-12,Alameda,001,1643700,384099,383667,22951,406618,2216
2023-04-12,Alpine,002,1148,139,139,4,143,0
2023-04-12,Amador,005,37829,10653,10646,1011,11657,98
2023-04-12,Butte,007,227075,41913,41872,10400,52272,496
2023-04-12,Calaveras,009,45235,9067,9060,647,9707,143
2023-04-12,Colusa,011,21464,4020,4022,1388,5410,23
2023-04-12,Contra Costa,013,1133247,275917,275697,22581,298278,1575
2023-04-12,Del Norte,015,27424,7961,7961,491,8452,61
2023-04-12,El Dorado,017,186661,34869,34843,4585,39428,247
2023-04-12,Fresno,019,978130,296761,296446,35447,331893,3015
2023-04-12,Glenn,021,27897,5824,5818,2032,7850,58
2023-04-12,Humboldt,023,135768,23523,23494,5976,29470,170
2023-04-12,Imperial,025,180216,71181,71009,19501,90510,981
2023-04-12,Inyo,027,18085,4798,4797,1328,6125,63
2023-04-12,Kern,029,883053,231820,231738,74343,306081,2499
2023-04-12,Kings,031,150075,63152,63122,4518,67640,486
2023-04-12,Lake,033,64148,13734,13728,1282,15010,163
2023-04-12,Lassen,035,31185,10284,10283,1070,11353,67
2023-04-12,Los Angeles,037,10098052,3511825,3509407,222951,3732358,35863
2023-04-12,Madera,039,155013,46649,46586,8950,55536,378
2023-04-12,Marin,041,260295,41293,49704,5764,55468,317
2023-04-12,Mariposa,043,17540,3379,3377,360,3737,33
2023-04-12,Mendocino,045,87422,16988,16980,4844,21824,145
2023-04-12,Merced,047,269075,77929,77340,13011,90351,903
2023-04-12,Modoc,049,8938,965,964,381,1345,11
2023-04-12,Mono,051,14174,3340,3340,307,3647,8
2023-04-12,Monterey,053,433212,98660,98631,24630,123261,811
2023-04-12,Napa,055,140530,34866,34673,1541,36214,179
2023-04-12,Nevada,057,99092,20346,20325,2353,22678,139
2023-04-12,Orange,059,3164182,718310,716354,79808,796162,8078
2023-04-12,Placer,061,380077,81878,81833,10423,92256,683
2023-04-12,Plumas,063,18699,3846,3844,462,4306,15
2023-04-12,Riverside,065,2383286,739115,738856,42348,781204,6880
2023-04-12,Sacramento,067,1510023,374997,374601,38808,413409,3568
2023-04-12,San Benito,069,59416,17796,17794,1147,18941,118
2023-04-12,San Bernardino,071,2135413,714053,713760,34962,748722,8172
2023-04-12,San Diego,073,3302833,991899,991465,82233,1073698,5841
2023-04-12,San Francisco,075,870044,198819,198667,13589,212256,1196
2023-04-12,San Joaquin,077,732212,211644,211565,17134,228699,2431
2023-04-12,San Luis Obispo,079,281455,66849,66812,8263,75075,570
2023-04-12,San Mateo,081,765935,185366,185171,11278,196449,753
2023-04-12,Santa Barbara,083,443738,112898,112834,7854,120688,767
2023-04-12,Santa Clara,085,1922200,481090,480775,21684,502459,2761
2023-04-12,Santa Cruz,087,273765,69187,69126,4094,73220,276
2023-04-12,Shasta,089,179085,36664,36604,8407,45011,607
2023-04-12,Sierra,091,2930,313,313,61,374,5
2023-04-12,Siskiyou,093,43540,5494,5491,3448,8939,96
2023-04-12,Solano,095,438530,114946,114965,8809,123774,483
2023-04-12,Sonoma,097,501317,114684,114595,5850,120445,564
2023-04-12,Stanislaus,099,539301,146199,146122,23320,169442,1846
2023-04-12,Sutter,101,95872,25932,25929,2550,28479,241
2023-04-12,Tehama,103,63373,14536,14520,3451,17971,234
2023-04-12,Trinity,105,12862,1477,1477,510,1987,25
2023-04-12,Tulare,107,460477,129307,129148,41076,170224,1588
2023-04-12,Tuolumne,109,53932,16998,16994,1017,18011,212
2023-04-12,Ventura,111,848112,222054,221970,18284,240254,1693
2023-04-12,Yolo,113,214977,50448,50397,5041,55438,448
2023-04-12,Yuba,115,75493,20183,20170,1909,22079,135
2023-04-11,Alameda,001,1643700,384008,383667,22941,406608,2216
2023-04-11,Alpine,002,1148,139,139,4,143,0
2023-04-11,Amador,005,37829,10651,10646,1011,11657,98
2023-04-11,Butte,007,227075,41906,41872,10396,52268,496
2023-04-11,Calaveras,009,45235,9065,9060,647,9707,143
2023-04-11,Colusa,011,21464,4020,4022,1388,5410,23
2023-04-11,Contra Costa,013,1133247,275866,275697,22568,298265,1575
2023-04-11,Del Norte,015,27424,7961,7961,491,8452,61
2023-04-11,El Dorado,017,186661,34861,34843,4584,39427,247
2023-04-11,Fresno,019,978130,296723,296446,35433,331879,3015
2023-04-11,Glenn,021,27897,5823,5818,2032,7850,58
2023-04-11,Humboldt,023,135768,23521,23494,5975,29469,170
2023-04-11,Imperial,025,180216,71152,71009,19492,90501,981
2023-04-11,Inyo,027,18085,4797,4797,1328,6125,63
2023-04-11,Kern,029,883053,231797,231738,74323,306061,2499
2023-04-11,Kings,031,150075,63140,63122,4517,67639,486
2023-04-11,Lake,033,64148,13733,13728,1282,15010,163
2023-04-11,Lassen,035,31185,10283,10283,1070,11353,67
2023-04-11,Los Angeles,037,10098052,3511449,3509407,222854,3732261,35863
2023-04-11,Madera,039,155013,46641,46586,8948,55534,378
2023-04-11,Marin,041,260295,41284,49704,5764,55468,317
2023-04-11,Mariposa,043,17540,3379,3377,360,3737,33
2023-04-11,Mendocino,045,87422,16986,16980,4844,21824,145
2023-04-11,Merced,047,269075,77918,77340,13010,90350,903
2023-04-11,Modoc,049,8938,964,964,378,1342,11
2023-04-11,Mono,051,14174,3340,3340,307,3647,8
2023-04-11,Monterey,053,433212,98656,98631,24620,123251,811
2023-04-11,Napa,055,140530,34860,34673,1538,36211,179
2023-04-11,Nevada,057,99092,20343,20325,2349,22674,139
2023-04-11,Orange,059,3164182,718237,716354,79772,796126,8078
2023-04-11,Placer,061,380077,81864,81833,10422,92255,683
2023-04-11,Plumas,063,18699,3845,3844,462,4306,15
2023-04-11,Riverside,065,2383286,739052,738856,42335,781191,6880
2023-04-11,Sacramento,067,1510023,374902,374601,38799,413400,3568
2023-04-11,San Benito,069,59416,17794,17794,1147,18941,118
2023-04-11,San Bernardino,071,2135413,713964,713760,34954,748714,8172
2023-04-11,San Diego,073,3302833,991764,991465,82204,1073669,5841
2023-04-11,San Francisco,075,870044,198758,198667,13581,212248,1196
2023-04-11,San Joaquin,077,732212,211625,211565,17131,228696,2431
2023-04-11,San Luis Obispo,079,281455,66841,66812,8259,75071,570
2023-04-11,San Mateo,081,765935,185333,185171,11276,196447,753
2023-04-11,Santa Barbara,083,443738,112877,112834,7853,120687,767
2023-04-11,Santa Clara,085,1922200,481018,480775,21681,502456,2761
2023-04-11,Santa Cruz,087,273765,69169,69126,4090,73216,276
2023-04-11,Shasta,089,179085,36655,36604,8406,45010,607
2023-04-11,Sierra,091,2930,313,313,61,374,5
2023-04-11,Siskiyou,093,43540,5494,5491,3448,8939,96
2023-04-11,Solano,095,438530,114912,114965,8809,123774,483
2023-04-11,Sonoma,097,501317,114661,114595,5849,120444,564
2023-04-11,Stanislaus,099,539301,146176,146122,23313,169435,1846
2023-04-11,Sutter,101,95872,25931,25929,2550,28479,241
2023-04-11,Tehama,103,63373,14532,14520,3451,17971,234
2023-04-11,Trinity,105,12862,1477,1477,509,1986,25
2023-04-11,Tulare,107,460477,129290,129148,41068,170216,1588
2023-04-11,Tuolumne,109,53932,16998,16994,1017,18011,212
2023-04-11,Ventura,111,848112,222034,221970,18281,240251,1693
2023-04-11,Yolo,113,214977,50442,50397,5039,55436,448
2023-04-11,Yuba,115,75493,20179,20170,1909,22079,135
2023-04-10,Alameda,001,1643700,383921,383136,22936,406072,2208
2023-04-10,Alpine,002,1148,139,139,4,143,0
2023-04-10,Amador,005,37829,10650,10634,1011,11645,98
2023-04-10,Butte,007,227075,41900,41858,10395,52253,495
2023-04-10,Calaveras,009,45235,9065,9054,647,9701,142
2023-04-10,Colusa,011,21464,4020,4019,1388,5407,23
2023-04-10,Contra Costa,013,1133247,275794,275299,22561,297860,1575
2023-04-10,Del Norte,015,27424,7960,7957,491,8448,61
2023-04-10,El Dorado,017,186661,34855,34797,4584,39381,247
2023-04-10,Fresno,019,978130,296682,296202,35424,331626,3011
2023-04-10,Glenn,021,27897,5821,5812,2032,7844,58
2023-04-10,Humboldt,023,135768,23520,23474,5975,29449,170
2023-04-10,Imperial,025,180216,71119,70866,19476,90342,980
2023-04-10,Inyo,027,18085,4797,4793,1328,6121,63
2023-04-10,Kern,029,883053,231767,231582,74309,305891,2497
2023-04-10,Kings,031,150075,63133,63081,4515,67596,485
2023-04-10,Lake,033,64148,13731,13715,1282,14997,163
2023-04-10,Lassen,035,31185,10282,10283,1070,11353,67
2023-04-10,Los Angeles,037,10098052,3511053,3506920,222754,3729674,35807
2023-04-10,Madera,039,155013,46631,46522,8947,55469,378
2023-04-10,Marin,041,260295,41272,49613,5764,55377,317
2023-04-10,Mariposa,043,17540,3379,3371,360,3731,33
2023-04-10,Mendocino,045,87422,16981,16968,4841,21809,145
2023-04-10,Merced,047,269075,77908,77206,13009,90215,903
2023-04-10,Modoc,049,8938,964,963,378,1341,11
2023-04-10,Mono,051,14174,3340,3339,307,3646,8
2023-04-10,Monterey,053,433212,98649,98582,24614,123196,808
2023-04-10,Napa,055,140530,34852,34643,1538,36181,178
2023-04-10,Nevada,057,99092,20341,20263,2349,22612,138
2023-04-10,Orange,059,3164182,718134,715777,79733,795510,8059
2023-04-10,Placer,061,380077,81855,81723,10421,92144,683
2023-04-10,Plumas,063,18699,3845,3841,462,4303,15
2023-04-10,Riverside,065,2383286,738979,738372,42317,780689,6872
2023-04-10,Sacramento,067,1510023,374817,374138,38790,412928,3568
2023-04-10,San Benito,069,59416,17793,17773,1146,18919,118
2023-04-10,San Bernardino,071,2135413,713895,713295,34944,748239,8171
2023-04-10,San Diego,073,3302833,991608,990568,82150,1072718,5835
2023-04-10,San Francisco,075,870044,198711,198391,13571,211962,1194
2023-04-10,San Joaquin,077,732212,211608,211366,17126,228492,2431
2023-04-10,San Luis Obispo,079,281455,66829,66754,8257,75011,569
2023-04-10,San Mateo,081,765935,185297,184958,11274,196232,752
2023-04-10,Santa Barbara,083,443738,112856,112734,7852,120586,767
2023-04-10,Santa Clara,085,1922200,480928,480146,21678,501824,2758
2023-04-10,Santa Cruz,087,273765,69152,69021,4077,73098,277
2023-04-10,Shasta,089,179085,36651,36581,8404,44985,607
2023-04-10,Sierra,091,2930,313,313,61,374,5
2023-04-10,Siskiyou,093,43540,5493,5485,3448,8933,96
2023-04-10,Solano,095,438530,114891,114837,8804,123641,482
2023-04-10,Sonoma,097,501317,114631,114483,5847,120330,565
2023-04-10,Stanislaus,099,539301,146154,145995,23312,169307,1846
2023-04-10,Sutter,101,95872,25930,25899,2550,28449,241
2023-04-10,Tehama,103,63373,14530,14512,3451,17963,234
2023-04-10,Trinity,105,12862,1477,1476,508,1984,25
2023-04-10,Tulare,107,460477,129274,129070,41057,170127,1588
2023-04-10,Tuolumne,109,53932,16997,16987,1017,18004,212
2023-04-10,Ventura,111,848112,222013,221832,18273,240105,1690
2023-04-10,Yolo,113,214977,50434,50343,5039,55382,448
2023-04-10,Yuba,115,75493,20175,20147,1909,22056,135
2023-04-09,Alameda,001,1643700,383814,383136,22923,406059,2208
2023-04-09,Alpine,002,1148,139,139,4,143,0
2023-04-09,Amador,005,37829,10644,10634,996,11630,98
2023-04-09,Butte,007,227075,41895,41858,10387,52245,495
2023-04-09,Calaveras,009,45235,9063,9054,647,9701,142
2023-04-09,Colusa,011,21464,4020,4019,1388,5407,23
2023-04-09,Contra Costa,013,1133247,275709,275299,22558,297857,1575
2023-04-09,Del Norte,015,27424,7960,7957,491,8448,61
2023-04-09,El Dorado,017,186661,34843,34797,4582,39379,247
2023-04-09,Fresno,019,978130,296633,296202,35415,331617,3011
2023-04-09,Glenn,021,27897,5821,5812,2032,7844,58
2023-04-09,Humboldt,023,135768,23518,23474,5975,29449,170
2023-04-09,Imperial,025,180216,71084,70866,19454,90320,980
2023-04-09,Inyo,027,18085,4797,4793,1328,6121,63
2023-04-09,Kern,029,883053,231727,231582,74291,305873,2497
2023-04-09,Kings,031,150075,63118,63081,4514,67595,485
2023-04-09,Lake,033,64148,13727,13715,1282,14997,163
2023-04-09,Lassen,035,31185,10282,10283,1070,11353,67
2023-04-09,Los Angeles,037,10098052,3510485,3506920,222632,3729552,35807
2023-04-09,Madera,039,155013,46610,46522,8942,55464,378
2023-04-09,Marin,041,260295,41256,49613,5763,55376,317
2023-04-09,Mariposa,043,17540,3378,3371,360,3731,33
2023-04-09,Mendocino,045,87422,16978,16968,4838,21806,145
2023-04-09,Merced,047,269075,77901,77206,13008,90214,903
2023-04-09,Modoc,049,8938,964,963,378,1341,11
2023-04-09,Mono,051,14174,3340,3339,307,3646,8
2023-04-09,Monterey,053,433212,98641,98582,24599,123181,808
2023-04-09,Napa,055,140530,34842,34643,1538,36181,178
2023-04-09,Nevada,057,99092,20334,20263,2349,22612,138
2023-04-09,Orange,059,3164182,718057,715777,79698,795475,8059
2023-04-09,Placer,061,380077,81836,81723,10418,92141,683
2023-04-09,Plumas,063,18699,3844,3841,461,4302,15
2023-04-09,Riverside,065,2383286,738904,738372,42298,780670,6872
2023-04-09,Sacramento,067,1510023,374733,374138,38772,412910,3568
2023-04-09,San Benito,069,59416,17792,17773,1146,18919,118
2023-04-09,San Bernardino,071,2135413,713790,713295,34932,748227,8171
2023-04-09,San Diego,073,3302833,991431,990568,82116,1072684,5835
2023-04-09,San Francisco,075,870044,198648,198391,13569,211960,1194
2023-04-09,San Joaquin,077,732212,211592,211366,17122,228488,2431
2023-04-09,San Luis Obispo,079,281455,66818,66754,8251,75005,569
2023-04-09,San Mateo,081,765935,185258,184958,11270,196228,752
2023-04-09,Santa Barbara,083,443738,112834,112734,7852,120586,767
2023-04-09,Santa Clara,085,1922200,480804,480146,21669,501815,2758
2023-04-09,Santa Cruz,087,273765,69130,69021,4069,73090,277
2023-04-09,Shasta,089,179085,36643,36581,8403,44984,607
2023-04-09,Sierra,091,2930,313,313,61,374,5
2023-04-09,Siskiyou,093,43540,5493,5485,3448,8933,96
2023-04-09,Solano,095,438530,114859,114837,8800,123637,482
2023-04-09,Sonoma,097,501317,114602,114483,5847,120330,565
2023-04-09,Stanislaus,099,539301,146133,145995,23306,169301,1846
2023-04-09,Sutter,101,95872,25925,25899,2550,28449,241
2023-04-09,Tehama,103,63373,14527,14512,3450,17962,234
2023-04-09,Trinity,105,12862,1477,1476,507,1983,25
2023-04-09,Tulare,107,460477,129250,129070,41046,170116,1588
2023-04-09,Tuolumne,109,53932,16996,16987,1017,18004,212
2023-04-09,Ventura,111,848112,221995,221832,18269,240101,1690
2023-04-09,Yolo,113,214977,50415,50343,5038,55381,448
2023-04-09,Yuba,115,75493,20171,20147,1908,22055,135
2023-04-08,Alameda,001,1643700,383764,383136,22920,406056,2208
2023-04-08,Alpine,002,1148,139,139,4,143,0
2023-04-08,Amador,005,37829,10644,10634,993,11627,98
2023-04-08,Butte,007,227075,41891,41858,10385,52243,495
2023-04-08,Calaveras,009,45235,9059,9054,647,9701,142
2023-04-08,Colusa,011,21464,4020,4019,1388,5407,23
2023-04-08,Contra Costa,013,1133247,275670,275299,22555,297854,1575
2023-04-08,Del Norte,015,27424,7960,7957,491,8448,61
2023-04-08,El Dorado,017,186661,34841,34797,4582,39379,247
2023-04-08,Fresno,019,978130,296608,296202,35411,331613,3011
2023-04-08,Glenn,021,27897,5820,5812,2032,7844,58
2023-04-08,Humboldt,023,135768,23517,23474,5975,29449,170
2023-04-08,Imperial,025,180216,71068,70866,19452,90318,980
2023-04-08,Inyo,027,18085,4797,4793,1328,6121,63
2023-04-08,Kern,029,883053,231708,231582,74280,305862,2497
2023-04-08,Kings,031,150075,63117,63081,4514,67595,485
2023-04-08,Lake,033,64148,13726,13715,1282,14997,163
2023-04-08,Lassen,035,31185,10282,10283,1070,11353,67
2023-04-08,Los Angeles,037,10098052,3510303,3506920,222586,3729506,35807
2023-04-08,Madera,039,155013,46606,46522,8941,55463,378
2023-04-08,Marin,041,260295,41252,49613,5762,55375,317
2023-04-08,Mariposa,043,17540,3377,3371,360,3731,33
2023-04-08,Mendocino,045,87422,16976,16968,4837,21805,145
2023-04-08,Merced,047,269075,77896,77206,13007,90213,903
2023-04-08,Modoc,049,8938,964,963,378,1341,11
2023-04-08,Mono,051,14174,3340,3339,307,3646,8
2023-04-08,Monterey,053,433212,98635,98582,24594,123176,808
2023-04-08,Napa,055,140530,34837,34643,1538,36181,178
2023-04-08,Nevada,057,99092,20332,20263,2349,22612,138
2023-04-08,Orange,059,3164182,718002,715777,79672,795449,8059
2023-04-08,Placer,061,380077,81825,81723,10416,92139,683
2023-04-08,Plumas,063,18699,3844,3841,461,4302,15
2023-04-08,Riverside,065,2383286,738866,738372,42282,780654,6872
2023-04-08,Sacramento,067,1510023,374702,374138,38770,412908,3568
2023-04-08,San Benito,069,59416,17788,17773,1145,18918,118
2023-04-08,San Bernardino,071,2135413,713740,713295,34930,748225,8171
2023-04-08,San Diego,073,3302833,991335,990568,82113,1072681,5835
2023-04-08,San Francisco,075,870044,198621,198391,13567,211958,1194
2023-04-08,San Joaquin,077,732212,211570,211366,17120,228486,2431
2023-04-08,San Luis Obispo,079,281455,66812,66754,8249,75003,569
2023-04-08,San Mateo,081,765935,185230,184958,11270,196228,752
2023-04-08,Santa Barbara,083,443738,112823,112734,7851,120585,767
2023-04-08,Santa Clara,085,1922200,480747,480146,21660,501806,2758
2023-04-08,Santa Cruz,087,273765,69126,69021,4067,73088,277
2023-04-08,Shasta,089,179085,36643,36581,8403,44984,607
2023-04-08,Sierra,091,2930,313,313,61,374,5
2023-04-08,Siskiyou,093,43540,5493,5485,3448,8933,96
2023-04-08,Solano,095,438530,114855,114837,8797,123634,482
2023-04-08,Sonoma,097,501317,114586,114483,5847,120330,565
2023-04-08,Stanislaus,099,539301,146115,145995,23304,169299,1846
2023-04-08,Sutter,101,95872,25923,25899,2550,28449,241
2023-04-08,Tehama,103,63373,14527,14512,3449,17961,234
2023-04-08,Trinity,105,12862,1476,1476,507,1983,25
2023-04-08,Tulare,107,460477,129236,129070,41042,170112,1588
2023-04-08,Tuolumne,109,53932,16995,16987,1017,18004,212
2023-04-08,Ventura,111,848112,221975,221832,18263,240095,1690
2023-04-08,Yolo,113,214977,50412,50343,5036,55379,448
2023-04-08,Yuba,115,75493,20170,20147,1908,22055,135
2023-04-07,Alameda,001,1643700,383713,383136,22916,406052,2208
2023-04-07,Alpine,002,1148,139,139,4,143,0
2023-04-07,Amador,005,37829,10644,10634,989,11623,98
2023-04-07,Butte,007,227075,41890,41858,10382,52240,495
2023-04-07,Calaveras,009,45235,9058,9054,647,9701,142
2023-04-07,Colusa,011,21464,4020,4019,1388,5407,23
2023-04-07,Contra Costa,013,1133247,275627,275299,22555,297854,1575
2023-04-07,Del Norte,015,27424,7960,7957,491,8448,61
2023-04-07,El Dorado,017,186661,34835,34797,4582,39379,247
2023-04-07,Fresno,019,978130,296566,296202,35407,331609,3011
2023-04-07,Glenn,021,27897,5820,5812,2032,7844,58
2023-04-07,Humboldt,023,135768,23516,23474,5975,29449,170
2023-04-07,Imperial,025,180216,71054,70866,19449,90315,980
2023-04-07,Inyo,027,18085,4797,4793,1328,6121,63
2023-04-07,Kern,029,883053,231696,231582,74261,305843,2497
2023-04-07,Kings,031,150075,63117,63081,4514,67595,485
2023-04-07,Lake,033,64148,13726,13715,1282,14997,163
2023-04-07,Lassen,035,31185,10282,10283,1070,11353,67
2023-04-07,Los Angeles,037,10098052,3510043,3506920,222535,3729455,35807
2023-04-07,Madera,039,155013,46601,46522,8941,55463,378
2023-04-07,Marin,041,260295,41241,49613,5762,55375,317
2023-04-07,Mariposa,043,17540,3377,3371,360,3731,33
2023-04-07,Mendocino,045,87422,16974,16968,4837,21805,145
2023-04-07,Merced,047,269075,77890,77206,13007,90213,903
2023-04-07,Modoc,049,8938,964,963,378,1341,11
2023-04-07,Mono,051,14174,3340,3339,307,3646,8
2023-04-07,Monterey,053,433212,98629,98582,24585,123167,808
2023-04-07,Napa,055,140530,34834,34643,1529,36172,178
2023-04-07,Nevada,057,99092,20328,20263,2349,22612,138
2023-04-07,Orange,059,3164182,717928,715777,79648,795425,8059
2023-04-07,Placer,061,380077,81816,81723,10414,92137,683
2023-04-07,Plumas,063,18699,3844,3841,461,4302,15
2023-04-07,Riverside,065,2383286,738827,738372,42267,780639,6872
2023-04-07,Sacramento,067,1510023,374652,374138,38767,412905,3568
2023-04-07,San Benito,069,59416,17786,17773,1145,18918,118
2023-04-07,San Bernardino,071,2135413,713690,713295,34925,748220,8171
2023-04-07,San Diego,073,3302833,991250,990568,82110,1072678,5835
2023-04-07,San Francisco,075,870044,198586,198391,13562,211953,1194
2023-04-07,San Joaquin,077,732212,211547,211366,17119,228485,2431
2023-04-07,San Luis Obispo,079,281455,66809,66754,8244,74998,569
2023-04-07,San Mateo,081,765935,185200,184958,11269,196227,752
2023-04-07,Santa Barbara,083,443738,112816,112734,7850,120584,767
2023-04-07,Santa Clara,085,1922200,480688,480146,21657,501803,2758
2023-04-07,Santa Cruz,087,273765,69118,69021,4067,73088,277
2023-04-07,Shasta,089,179085,36641,36581,8402,44983,607
2023-04-07,Sierra,091,2930,313,313,61,374,5
2023-04-07,Siskiyou,093,43540,5489,5485,3448,8933,96
2023-04-07,Solano,095,438530,114842,114837,8793,123630,482
2023-04-07,Sonoma,097,501317,114572,114483,5847,120330,565
2023-04-07,Stanislaus,099,539301,146100,145995,23302,169297,1846
2023-04-07,Sutter,101,95872,25917,25899,2550,28449,241
2023-04-07,Tehama,103,63373,14527,14512,3449,17961,234
2023-04-07,Trinity,105,12862,1476,1476,507,1983,25
2023-04-07,Tulare,107,460477,129230,129070,41033,170103,1588
2023-04-07,Tuolumne,109,53932,16995,16987,1017,18004,212
2023-04-07,Ventura,111,848112,221952,221832,18260,240092,1690
2023-04-07,Yolo,113,214977,50407,50343,5034,55377,448
2023-04-07,Yuba,115,75493,20166,20147,1908,22055,135
2023-04-06,Alameda,001,1643700,383640,383136,22910,406046,2208
2023-04-06,Alpine,002,1148,139,139,4,143,0
2023-04-06,Amador,005,37829,10643,10634,986,11620,98
2023-04-06,Butte,007,227075,41888,41858,10376,52234,495
2023-04-06,Calaveras,009,45235,9057,9054,647,9701,142
2023-04-06,Colusa,011,21464,4020,4019,1388,5407,23
2023-04-06,Contra Costa,013,1133247,275573,275299,22550,297849,1575
2023-04-06,Del Norte,015,27424,7959,7957,491,8448,61
2023-04-06,El Dorado,017,186661,34829,34797,4581,39378,247
2023-04-06,Fresno,019,978130,296534,296202,35402,331604,3011
2023-04-06,Glenn,021,27897,5820,5812,2032,7844,58
2023-04-06,Humboldt,023,135768,23514,23474,5975,29449,170
2023-04-06,Imperial,025,180216,71039,70866,19444,90310,980
2023-04-06,Inyo,027,18085,4796,4793,1328,6121,63
2023-04-06,Kern,029,883053,231675,231582,74241,305823,2497
2023-04-06,Kings,031,150075,63109,63081,4514,67595,485
2023-04-06,Lake,033,64148,13722,13715,1282,14997,163
2023-04-06,Lassen,035,31185,10282,10283,1070,11353,67
2023-04-06,Los Angeles,037,10098052,3509699,3506920,222453,3729373,35807
2023-04-06,Madera,039,155013,46589,46522,8941,55463,378
2023-04-06,Marin,041,260295,41231,49613,5761,55374,317
2023-04-06,Mariposa,043,17540,3377,3371,360,3731,33
2023-04-06,Mendocino,045,87422,16972,16968,4837,21805,145
2023-04-06,Merced,047,269075,77884,77206,13006,90212,903
2023-04-06,Modoc,049,8938,964,963,378,1341,11
2023-04-06,Mono,051,14174,3340,3339,307,3646,8
2023-04-06,Monterey,053,433212,98621,98582,24579,123161,808
2023-04-06,Napa,055,140530,34831,34643,1529,36172,178
2023-04-06,Nevada,057,99092,20322,20263,2349,22612,138
2023-04-06,Orange,059,3164182,717870,715777,79623,795400,8059
2023-04-06,Placer,061,380077,81808,81723,10412,92135,683
2023-04-06,Plumas,063,18699,3843,3841,461,4302,15
2023-04-06,Riverside,065,2383286,738771,738372,42258,780630,6872
2023-04-06,Sacramento,067,1510023,374587,374138,38761,412899,3568
2023-04-06,San Benito,069,59416,17784,17773,1145,18918,118
2023-04-06,San Bernardino,071,2135413,713629,713295,34917,748212,8171
2023-04-06,San Diego,073,3302833,991125,990568,82084,1072652,5835
2023-04-06,San Francisco,075,870044,198554,198391,13559,211950,1194
2023-04-06,San Joaquin,077,732212,211523,211366,17115,228481,2431
2023-04-06,San Luis Obispo,079,281455,66796,66754,8241,74995,569
2023-04-06,San Mateo,081,765935,185164,184958,11269,196227,752
2023-04-06,Santa Barbara,083,443738,112802,112734,7850,120584,767
2023-04-06,Santa Clara,085,1922200,480597,480146,21648,501794,2758
2023-04-06,Santa Cruz,087,273765,69106,69021,4062,73083,277
2023-04-06,Shasta,089,179085,36637,36581,8400,44981,607
2023-04-06,Sierra,091,2930,313,313,61,374,5
2023-04-06,Siskiyou,093,43540,5489,5485,3448,8933,96
2023-04-06,Solano,095,438530,114823,114837,8790,123627,482
2023-04-06,Sonoma,097,501317,114554,114483,5846,120329,565
2023-04-06,Stanislaus,099,539301,146086,145995,23295,169290,1846
2023-04-06,Sutter,101,95872,25914,25899,2549,28448,241
2023-04-06,Tehama,103,63373,14525,14512,3449,17961,234
2023-04-06,Trinity,105,12862,1476,1476,507,1983,25
2023-04-06,Tulare,107,460477,129219,129070,41029,170099,1588
2023-04-06,Tuolumne,109,53932,16995,16987,1017,18004,212
2023-04-06,Ventura,111,848112,221931,221832,18257,240089,1690
2023-04-06,Yolo,113,214977,50397,50343,5028,55371,448
2023-04-06,Yuba,115,75493,20163,20147,1908,22055,135
2023-04-05,Alameda,001,1643700,383546,383136,22906,406042,2208
2023-04-05,Alpine,002,1148,139,139,4,143,0
2023-04-05,Amador,005,37829,10642,10634,983,11617,98
2023-04-05,Butte,007,227075,41886,41858,10371,52229,495
2023-04-05,Calaveras,009,45235,9056,9054,647,9701,142
2023-04-05,Colusa,011,21464,4020,4019,1388,5407,23
2023-04-05,Contra Costa,013,1133247,275508,275299,22544,297843,1575
2023-04-05,Del Norte,015,27424,7959,7957,488,8445,61
2023-04-05,El Dorado,017,186661,34823,34797,4580,39377,247
2023-04-05,Fresno,019,978130,296498,296202,35395,331597,3011
2023-04-05,Glenn,021,27897,5819,5812,2031,7843,58
2023-04-05,Humboldt,023,135768,23512,23474,5975,29449,170
2023-04-05,Imperial,025,180216,71015,70866,19425,90291,980
2023-04-05,Inyo,027,18085,4795,4793,1328,6121,63
2023-04-05,Kern,029,883053,231657,231582,74230,305812,2497
2023-04-05,Kings,031,150075,63102,63081,4514,67595,485
2023-04-05,Lake,033,64148,13721,13715,1282,14997,163
2023-04-05,Lassen,035,31185,10282,10283,1069,11352,67
2023-04-05,Los Angeles,037,10098052,3509343,3506920,222380,3729300,35807
2023-04-05,Madera,039,155013,46565,46522,8940,55462,378
2023-04-05,Marin,041,260295,41208,49613,5760,55373,317
2023-04-05,Mariposa,043,17540,3377,3371,360,3731,33
2023-04-05,Mendocino,045,87422,16972,16968,4837,21805,145
2023-04-05,Merced,047,269075,77876,77206,13001,90207,903
2023-04-05,Modoc,049,8938,964,963,378,1341,11
2023-04-05,Mono,051,14174,3340,3339,306,3645,8
2023-04-05,Monterey,053,433212,98614,98582,24567,123149,808
2023-04-05,Napa,055,140530,34828,34643,1529,36172,178
2023-04-05,Nevada,057,99092,20309,20263,2348,22611,138
2023-04-05,Orange,059,3164182,717775,715777,79587,795364,8059
2023-04-05,Placer,061,380077,81796,81723,10409,92132,683
2023-04-05,Plumas,063,18699,3841,3841,461,4302,15
2023-04-05,Riverside,065,2383286,738715,738372,42245,780617,6872
2023-04-05,Sacramento,067,1510023,374512,374138,38758,412896,3568
2023-04-05,San Benito,069,59416,17778,17773,1145,18918,118
2023-04-05,San Bernardino,071,2135413,713568,713295,34908,748203,8171
2023-04-05,San Diego,073,3302833,991018,990568,82064,1072632,5835
2023-04-05,San Francisco,075,870044,198515,198391,13556,211947,1194
2023-04-05,San Joaquin,077,732212,211491,211366,17109,228475,2431
2023-04-05,San Luis Obispo,079,281455,66787,66754,8239,74993,569
2023-04-05,San Mateo,081,765935,185128,184958,11267,196225,752
2023-04-05,Santa Barbara,083,443738,112797,112734,7845,120579,767
2023-04-05,Santa Clara,085,1922200,480516,480146,21639,501785,2758
2023-04-05,Santa Cruz,087,273765,69091,69021,4055,73076,277
2023-04-05,Shasta,089,179085,36635,36581,8396,44977,607
2023-04-05,Sierra,091,2930,313,313,61,374,5
2023-04-05,Siskiyou,093,43540,5489,5485,3448,8933,96
2023-04-05,Solano,095,438530,114805,114837,8788,123625,482
2023-04-05,Sonoma,097,501317,114540,114483,5844,120327,565
2023-04-05,Stanislaus,099,539301,146065,145995,23291,169286,1846
2023-04-05,Sutter,101,95872,25909,25899,2549,28448,241
2023-04-05,Tehama,103,63373,14524,14512,3449,17961,234
2023-04-05,Trinity,105,12862,1476,1476,507,1983,25
2023-04-05,Tulare,107,460477,129212,129070,41023,170093,1588
2023-04-05,Tuolumne,109,53932,16993,16987,1017,18004,212
2023-04-05,Ventura,111,848112,221909,221832,18255,240087,1690
2023-04-05,Yolo,113,214977,50390,50343,5024,55367,448
2023-04-05,Yuba,115,75493,20160,20147,1907,22054,135
2023-04-04,Alameda,001,1643700,383457,383136,22899,406035,2208
2023-04-04,Alpine,002,1148,139,139,4,143,0
2023-04-04,Amador,005,37829,10641,10634,981,11615,98
2023-04-04,Butte,007,227075,41884,41858,10368,52226,495
2023-04-04,Calaveras,009,45235,9055,9054,647,9701,142
2023-04-04,Colusa,011,21464,4020,4019,1387,5406,23
2023-04-04,Contra Costa,013,1133247,275453,275299,22540,297839,1575
2023-04-04,Del Norte,015,27424,7959,7957,488,8445,61
2023-04-04,El Dorado,017,186661,34818,34797,4579,39376,247
2023-04-04,Fresno,019,978130,296450,296202,35380,331582,3011
2023-04-04,Glenn,021,27897,5819,5812,2031,7843,58
2023-04-04,Humboldt,023,135768,23507,23474,5974,29448,170
2023-04-04,Imperial,025,180216,70995,70866,19410,90276,980
2023-04-04,Inyo,027,18085,4793,4793,1328,6121,63
2023-04-04,Kern,029,883053,231632,231582,74211,305793,2497
2023-04-04,Kings,031,150075,63094,63081,4514,67595,485
2023-04-04,Lake,033,64148,13720,13715,1282,14997,163
2023-04-04,Lassen,035,31185,10282,10283,1069,11352,67
2023-04-04,Los Angeles,037,10098052,3508987,3506920,222295,3729215,35807
2023-04-04,Madera,039,155013,46551,46522,8939,55461,378
2023-04-04,Marin,041,260295,41191,49613,5755,55368,317
2023-04-04,Mariposa,043,17540,3376,3371,360,3731,33
2023-04-04,Mendocino,045,87422,16969,16968,4837,21805,145
2023-04-04,Merced,047,269075,77872,77206,12998,90204,903
2023-04-04,Modoc,049,8938,964,963,378,1341,11
2023-04-04,Mono,051,14174,3339,3339,306,3645,8
2023-04-04,Monterey,053,433212,98605,98582,24559,123141,808
2023-04-04,Napa,055,140530,34826,34643,1529,36172,178
2023-04-04,Nevada,057,99092,20304,20263,2348,22611,138
2023-04-04,Orange,059,3164182,717702,715777,79564,795341,8059
2023-04-04,Placer,061,380077,81781,81723,10408,92131,683
2023-04-04,Plumas,063,18699,3841,3841,461,4302,15
2023-04-04,Riverside,065,2383286,738652,738372,42227,780599,6872
2023-04-04,Sacramento,067,1510023,374428,374138,38755,412893,3568
2023-04-04,San Benito,069,59416,17776,17773,1145,18918,118
2023-04-04,San Bernardino,071,2135413,713485,713295,34903,748198,8171
2023-04-04,San Diego,073,3302833,990895,990568,82043,1072611,5835
2023-04-04,San Francisco,075,870044,198468,198391,13555,211946,1194
2023-04-04,San Joaquin,077,732212,211459,211366,17107,228473,2431
2023-04-04,San Luis Obispo,079,281455,66776,66754,8228,74982,569
2023-04-04,San Mateo,081,765935,185104,184958,11264,196222,752
2023-04-04,Santa Barbara,083,443738,112785,112734,7842,120576,767
2023-04-04,Santa Clara,085,1922200,480421,480146,21627,501773,2758
2023-04-04,Santa Cruz,087,273765,69068,69021,4052,73073,277
2023-04-04,Shasta,089,179085,36631,36581,8393,44974,607
2023-04-04,Sierra,091,2930,313,313,61,374,5
2023-04-04,Siskiyou,093,43540,5487,5485,3448,8933,96
2023-04-04,Solano,095,438530,114786,114837,8783,123620,482
2023-04-04,Sonoma,097,501317,114523,114483,5843,120326,565
2023-04-04,Stanislaus,099,539301,146051,145995,23290,169285,1846
2023-04-04,Sutter,101,95872,25904,25899,2549,28448,241
2023-04-04,Tehama,103,63373,14523,14512,3448,17960,234
2023-04-04,Trinity,105,12862,1475,1476,507,1983,25
2023-04-04,Tulare,107,460477,129202,129070,41018,170088,1588
2023-04-04,Tuolumne,109,53932,16992,16987,1017,18004,212
2023-04-04,Ventura,111,848112,221888,221832,18254,240086,1690
2023-04-04,Yolo,113,214977,50386,50343,5022,55365,448
2023-04-04,Yuba,115,75493,20157,20147,1907,22054,135
2023-04-03,Alameda,001,1643700,383382,382538,22894,405432,2205
2023-04-03,Alpine,002,1148,139,139,4,143,0
2023-04-03,Amador,005,37829,10639,10622,979,11601,98
2023-04-03,Butte,007,227075,41881,41836,10363,52199,495
2023-04-03,Calaveras,009,45235,9054,9045,647,9692,142
2023-04-03,Colusa,011,21464,4019,4011,1387,5398,23
2023-04-03,Contra Costa,013,1133247,275378,274856,22537,297393,1571
2023-04-03,Del Norte,015,27424,7958,7951,488,8439,61
2023-04-03,El Dorado,017,186661,34815,34741,4579,39320,247
2023-04-03,Fresno,019,978130,296412,295921,35374,331295,3010
2023-04-03,Glenn,021,27897,5819,5808,2030,7838,58
2023-04-03,Humboldt,023,135768,23504,23454,5970,29424,170
2023-04-03,Imperial,025,180216,70970,70690,19396,90086,980
2023-04-03,Inyo,027,18085,4792,4791,1327,6118,63
2023-04-03,Kern,029,883053,231612,231420,74195,305615,2495
2023-04-03,Kings,031,150075,63089,63048,4513,67561,485
2023-04-03,Lake,033,64148,13717,13699,1282,14981,163
2023-04-03,Lassen,035,31185,10282,10279,1069,11348,67
2023-04-03,Los Angeles,037,10098052,3508621,3504618,222216,3726834,35758
2023-04-03,Madera,039,155013,46546,46486,8939,55425,378
2023-04-03,Marin,041,260295,41173,49518,5751,55269,317
2023-04-03,Mariposa,043,17540,3375,3367,360,3727,33
2023-04-03,Mendocino,045,87422,16967,16953,4837,21790,145
2023-04-03,Merced,047,269075,77858,77065,12995,90060,903
2023-04-03,Modoc,049,8938,963,959,378,1337,11
2023-04-03,Mono,051,14174,3339,3337,306,3643,8
2023-04-03,Monterey,053,433212,98596,98510,24554,123064,807
2023-04-03,Napa,055,140530,34819,34601,1529,36130,178
2023-04-03,Nevada,057,99092,20298,20238,2347,22585,138
2023-04-03,Orange,059,3164182,717623,715130,79526,794656,8050
2023-04-03,Placer,061,380077,81752,81619,10406,92025,683
2023-04-03,Plumas,063,18699,3841,3840,461,4301,15
2023-04-03,Riverside,065,2383286,738578,737911,42198,780109,6869
2023-04-03,Sacramento,067,1510023,374368,373629,38744,412373,3558
2023-04-03,San Benito,069,59416,17771,17746,1145,18891,118
2023-04-03,San Bernardino,071,2135413,713410,712881,34899,747780,8172
2023-04-03,San Diego,073,3302833,990762,989787,82016,1071803,5829
2023-04-03,San Francisco,075,870044,198414,198058,13549,211607,1189
2023-04-03,San Joaquin,077,732212,211426,211137,17105,228242,2428
2023-04-03,San Luis Obispo,079,281455,66769,66716,8224,74940,569
2023-04-03,San Mateo,081,765935,185072,184685,11263,195948,751
2023-04-03,Santa Barbara,083,443738,112757,112631,7835,120466,767
2023-04-03,Santa Clara,085,1922200,480305,479518,21611,501129,2744
2023-04-03,Santa Cruz,087,273765,69049,68891,4051,72942,276
2023-04-03,Shasta,089,179085,36626,36571,8390,44961,607
2023-04-03,Sierra,091,2930,313,313,61,374,5
2023-04-03,Siskiyou,093,43540,5486,5482,3448,8930,96
2023-04-03,Solano,095,438530,114754,114684,8782,123466,482
2023-04-03,Sonoma,097,501317,114503,114338,5842,120180,563
2023-04-03,Stanislaus,099,539301,146028,145876,23271,169147,1846
2023-04-03,Sutter,101,95872,25900,25864,2549,28413,241
2023-04-03,Tehama,103,63373,14522,14504,3445,17949,234
2023-04-03,Trinity,105,12862,1475,1476,507,1983,25
2023-04-03,Tulare,107,460477,129183,128972,41014,169986,1588
2023-04-03,Tuolumne,109,53932,16992,16982,1017,17999,212
2023-04-03,Ventura,111,848112,221873,221691,18254,239945,1684
2023-04-03,Yolo,113,214977,50372,50291,5018,55309,448
2023-04-03,Yuba,115,75493,20152,20125,1907,22032,135
2023-04-02,Alameda,001,1643700,383269,382538,22886,405424,2205
2023-04-02,Alpine,002,1148,139,139,4,143,0
2023-04-02,Amador,005,37829,10636,10622,978,11600,98
2023-04-02,Butte,007,227075,41877,41836,10362,52198,495
2023-04-02,Calaveras,009,45235,9053,9045,647,9692,142
2023-04-02,Colusa,011,21464,4018,4011,1387,5398,23
2023-04-02,Contra Costa,013,1133247,275307,274856,22535,297391,1571
2023-04-02,Del Norte,015,27424,7957,7951,488,8439,61
2023-04-02,El Dorado,017,186661,34800,34741,4578,39319,247
2023-04-02,Fresno,019,978130,296367,295921,35366,331287,3010
2023-04-02,Glenn,021,27897,5816,5808,2028,7836,58
2023-04-02,Humboldt,023,135768,23500,23454,5969,29423,170
2023-04-02,Imperial,025,180216,70937,70690,19367,90057,980
2023-04-02,Inyo,027,18085,4791,4791,1326,6117,63
2023-04-02,Kern,029,883053,231579,231420,74175,305595,2495
2023-04-02,Kings,031,150075,63081,63048,4512,67560,485
2023-04-02,Lake,033,64148,13714,13699,1282,14981,163
2023-04-02,Lassen,035,31185,10282,10279,1068,11347,67
2023-04-02,Los Angeles,037,10098052,3508198,3504618,222133,3726751,35758
2023-04-02,Madera,039,155013,46540,46486,8939,55425,378
2023-04-02,Marin,041,260295,41153,49518,5749,55267,317
2023-04-02,Mariposa,043,17540,3375,3367,360,3727,33
2023-04-02,Mendocino,045,87422,16966,16953,4837,21790,145
2023-04-02,Merced,047,269075,77848,77065,12992,90057,903
2023-04-02,Modoc,049,8938,963,959,378,1337,11
2023-04-02,Mono,051,14174,3339,3337,305,3642,8
2023-04-02,Monterey,053,433212,98591,98510,24544,123054,807
2023-04-02,Napa,055,140530,34815,34601,1529,36130,178
2023-04-02,Nevada,057,99092,20285,20238,2346,22584,138
2023-04-02,Orange,059,3164182,717501,715130,79493,794623,8050
2023-04-02,Placer,061,380077,81740,81619,10402,92021,683
2023-04-02,Plumas,063,18699,3841,3840,461,4301,15
2023-04-02,Riverside,065,2383286,738487,737911,42171,780082,6869
2023-04-02,Sacramento,067,1510023,374274,373629,38737,412366,3558
2023-04-02,San Benito,069,59416,17768,17746,1145,18891,118
2023-04-02,San Bernardino,071,2135413,713307,712881,34889,747770,8172
2023-04-02,San Diego,073,3302833,990612,989787,81984,1071771,5829
2023-04-02,San Francisco,075,870044,198366,198058,13542,211600,1189
2023-04-02,San Joaquin,077,732212,211390,211137,17101,228238,2428
2023-04-02,San Luis Obispo,079,281455,66760,66716,8222,74938,569
2023-04-02,San Mateo,081,765935,185031,184685,11262,195947,751
2023-04-02,Santa Barbara,083,443738,112740,112631,7827,120458,767
2023-04-02,Santa Clara,085,1922200,480171,479518,21603,501121,2744
2023-04-02,Santa Cruz,087,273765,69026,68891,4047,72938,276
2023-04-02,Shasta,089,179085,36620,36571,8385,44956,607
2023-04-02,Sierra,091,2930,313,313,61,374,5
2023-04-02,Siskiyou,093,43540,5484,5482,3448,8930,96
2023-04-02,Solano,095,438530,114740,114684,8780,123464,482
2023-04-02,Sonoma,097,501317,114477,114338,5839,120177,563
2023-04-02,Stanislaus,099,539301,146005,145876,23270,169146,1846
2023-04-02,Sutter,101,95872,25891,25864,2549,28413,241
2023-04-02,Tehama,103,63373,14522,14504,3445,17949,234
2023-04-02,Trinity,105,12862,1475,1476,507,1983,25
2023-04-02,Tulare,107,460477,129173,128972,41003,169975,1588
2023-04-02,Tuolumne,109,53932,16992,16982,1014,17996,212
2023-04-02,Ventura,111,848112,221847,221691,18253,239944,1684
2023-04-02,Yolo,113,214977,50357,50291,5015,55306,448
2023-04-02,Yuba,115,75493,20147,20125,1905,22030,135
2023-04-01,Alameda,001,1643700,383215,382538,22883,405421,2205
2023-04-01,Alpine,002,1148,139,139,4,143,0
2023-04-01,Amador,005,37829,10635,10622,977,11599,98
2023-04-01,Butte,007,227075,41875,41836,10360,52196,495
2023-04-01,Calaveras,009,45235,9052,9045,647,9692,142
2023-04-01,Colusa,011,21464,4018,4011,1387,5398,23
2023-04-01,Contra Costa,013,1133247,275270,274856,22532,297388,1571
2023-04-01,Del Norte,015,27424,7957,7951,487,8438,61
2023-04-01,El Dorado,017,186661,34791,34741,4578,39319,247
2023-04-01,Fresno,019,978130,296339,295921,35363,331284,3010
2023-04-01,Glenn,021,27897,5816,5808,2027,7835,58
2023-04-01,Humboldt,023,135768,23500,23454,5969,29423,170
2023-04-01,Imperial,025,180216,70926,70690,19363,90053,980
2023-04-01,Inyo,027,18085,4791,4791,1326,6117,63
2023-04-01,Kern,029,883053,231564,231420,74162,305582,2495
2023-04-01,Kings,031,150075,63078,63048,4512,67560,485
2023-04-01,Lake,033,64148,13714,13699,1282,14981,163
2023-04-01,Lassen,035,31185,10282,10279,1068,11347,67
2023-04-01,Los Angeles,037,10098052,3507992,3504618,222088,3726706,35758
2023-04-01,Madera,039,155013,46537,46486,8938,55424,378
2023-04-01,Marin,041,260295,41147,49518,5745,55263,317
2023-04-01,Mariposa,043,17540,3375,3367,360,3727,33
2023-04-01,Mendocino,045,87422,16962,16953,4837,21790,145
2023-04-01,Merced,047,269075,77841,77065,12992,90057,903
2023-04-01,Modoc,049,8938,963,959,378,1337,11
2023-04-01,Mono,051,14174,3339,3337,305,3642,8
2023-04-01,Monterey,053,433212,98587,98510,24540,123050,807
2023-04-01,Napa,055,140530,34815,34601,1529,36130,178
2023-04-01,Nevada,057,99092,20282,20238,2346,22584,138
2023-04-01,Orange,059,3164182,717438,715130,79479,794609,8050
2023-04-01,Placer,061,380077,81723,81619,10402,92021,683
2023-04-01,Plumas,063,18699,3840,3840,461,4301,15
2023-04-01,Riverside,065,2383286,738439,737911,42157,780068,6869
2023-04-01,Sacramento,067,1510023,374228,373629,38731,412360,3558
2023-04-01,San Benito,069,59416,17761,17746,1145,18891,118
2023-04-01,San Bernardino,071,2135413,713256,712881,34884,747765,8172
2023-04-01,San Diego,073,3302833,990531,989787,81961,1071748,5829
2023-04-01,San Francisco,075,870044,198334,198058,13538,211596,1189
2023-04-01,San Joaquin,077,732212,211364,211137,17099,228236,2428
2023-04-01,San Luis Obispo,079,281455,66752,66716,8217,74933,569
2023-04-01,San Mateo,081,765935,185000,184685,11260,195945,751
2023-04-01,Santa Barbara,083,443738,112726,112631,7821,120452,767
2023-04-01,Santa Clara,085,1922200,480108,479518,21597,501115,2744
2023-04-01,Santa Cruz,087,273765,69017,68891,4047,72938,276
2023-04-01,Shasta,089,179085,36620,36571,8385,44956,607
2023-04-01,Sierra,091,2930,313,313,61,374,5
2023-04-01,Siskiyou,093,43540,5484,5482,3448,8930,96
2023-04-01,Solano,095,438530,114732,114684,8777,123461,482
2023-04-01,Sonoma,097,501317,114468,114338,5836,120174,563
2023-04-01,Stanislaus,099,539301,145988,145876,23268,169144,1846
2023-04-01,Sutter,101,95872,25887,25864,2549,28413,241
2023-04-01,Tehama,103,63373,14521,14504,3443,17947,234
2023-04-01,Trinity,105,12862,1475,1476,507,1983,25
2023-04-01,Tulare,107,460477,129164,128972,41000,169972,1588
2023-04-01,Tuolumne,109,53932,16991,16982,1014,17996,212
2023-04-01,Ventura,111,848112,221834,221691,18253,239944,1684
2023-04-01,Yolo,113,214977,50349,50291,5012,55303,448
2023-04-01,Yuba,115,75493,20146,20125,1904,22029,135
2023-03-31,Alameda,001,1643700,383149,382538,22879,405417,2205
2023-03-31,Alpine,002,1148,139,139,4,143,0
2023-03-31,Amador,005,37829,10633,10622,974,11596,98
2023-03-31,Butte,007,227075,41874,41836,10360,52196,495
2023-03-31,Calaveras,009,45235,9051,9045,647,9692,142
2023-03-31,Colusa,011,21464,4017,4011,1387,5398,23
2023-03-31,Contra Costa,013,1133247,275216,274856,22530,297386,1571
2023-03-31,Del Norte,015,27424,7957,7951,487,8438,61
2023-03-31,El Dorado,017,186661,34782,34741,4577,39318,247
2023-03-31,Fresno,019,978130,296309,295921,35356,331277,3010
2023-03-31,Glenn,021,27897,5816,5808,2027,7835,58
2023-03-31,Humboldt,023,135768,23496,23454,5969,29423,170
2023-03-31,Imperial,025,180216,70915,70690,19356,90046,980
2023-03-31,Inyo,027,18085,4791,4791,1326,6117,63
2023-03-31,Kern,029,883053,231548,231420,74138,305558,2495
2023-03-31,Kings,031,150075,63075,63048,4512,67560,485
2023-03-31,Lake,033,64148,13710,13699,1282,14981,163
2023-03-31,Lassen,035,31185,10282,10279,1068,11347,67
2023-03-31,Los Angeles,037,10098052,3507733,3504618,222034,3726652,35758
2023-03-31,Madera,039,155013,46532,46486,8938,55424,378
2023-03-31,Marin,041,260295,41131,49518,5743,55261,317
2023-03-31,Mariposa,043,17540,3375,3367,360,3727,33
2023-03-31,Mendocino,045,87422,16961,16953,4837,21790,145
2023-03-31,Merced,047,269075,77837,77065,12992,90057,903
2023-03-31,Modoc,049,8938,963,959,378,1337,11
2023-03-31,Mono,051,14174,3339,3337,305,3642,8
2023-03-31,Monterey,053,433212,98579,98510,24531,123041,807
2023-03-31,Napa,055,140530,34811,34601,1529,36130,178
2023-03-31,Nevada,057,99092,20269,20238,2346,22584,138
2023-03-31,Orange,059,3164182,717377,715130,79457,794587,8050
2023-03-31,Placer,061,380077,81707,81619,10402,92021,683
2023-03-31,Plumas,063,18699,3840,3840,461,4301,15
2023-03-31,Riverside,065,2383286,738396,737911,42142,780053,6869
2023-03-31,Sacramento,067,1510023,374175,373629,38728,412357,3558
2023-03-31,San Benito,069,59416,17759,17746,1145,18891,118
2023-03-31,San Bernardino,071,2135413,713207,712881,34873,747754,8172
2023-03-31,San Diego,073,3302833,990461,989787,81951,1071738,5829
2023-03-31,San Francisco,075,870044,198287,198058,13533,211591,1189
2023-03-31,San Joaquin,077,732212,211344,211137,17094,228231,2428
2023-03-31,San Luis Obispo,079,281455,66745,66716,8215,74931,569
2023-03-31,San Mateo,081,765935,184972,184685,11260,195945,751
2023-03-31,Santa Barbara,083,443738,112715,112631,7820,120451,767
2023-03-31,Santa Clara,085,1922200,480035,479518,21588,501106,2744
2023-03-31,Santa Cruz,087,273765,69003,68891,4043,72934,276
2023-03-31,Shasta,089,179085,36620,36571,8384,44955,607
2023-03-31,Sierra,091,2930,313,313,61,374,5
2023-03-31,Siskiyou,093,43540,5484,5482,3448,8930,96
2023-03-31,Solano,095,438530,114719,114684,8775,123459,482
2023-03-31,Sonoma,097,501317,114458,114338,5835,120173,563
2023-03-31,Stanislaus,099,539301,145974,145876,23266,169142,1846
2023-03-31,Sutter,101,95872,25883,25864,2549,28413,241
2023-03-31,Tehama,103,63373,14518,14504,3440,17944,234
2023-03-31,Trinity,105,12862,1475,1476,507,1983,25
2023-03-31,Tulare,107,460477,129157,128972,40995,169967,1588
2023-03-31,Tuolumne,109,53932,16991,16982,1014,17996,212
2023-03-31,Ventura,111,848112,221808,221691,18248,239939,1684
2023-03-31,Yolo,113,214977,50346,50291,5011,55302,448
2023-03-31,Yuba,115,75493,20144,20125,1903,22028,135
2023-03-30,Alameda,001,1643700,383055,382538,22870,405408,2205
2023-03-30,Alpine,002,1148,139,139,4,143,0
2023-03-30,Amador,005,37829,10631,10622,973,11595,98
2023-03-30,Butte,007,227075,41873,41836,10355,52191,495
2023-03-30,Calaveras,009,45235,9051,9045,647,9692,142
2023-03-30,Colusa,011,21464,4014,4011,1387,5398,23
2023-03-30,Contra Costa,013,1133247,275162,274856,22528,297384,1571
2023-03-30,Del Norte,015,27424,7957,7951,487,8438,61
2023-03-30,El Dorado,017,186661,34775,34741,4577,39318,247
2023-03-30,Fresno,019,978130,296270,295921,35350,331271,3010
2023-03-30,Glenn,021,27897,5815,5808,2027,7835,58
2023-03-30,Humboldt,023,135768,23493,23454,5969,29423,170
2023-03-30,Imperial,025,180216,70891,70690,19350,90040,980
2023-03-30,Inyo,027,18085,4791,4791,1326,6117,63
2023-03-30,Kern,029,883053,231536,231420,74122,305542,2495
2023-03-30,Kings,031,150075,63072,63048,4512,67560,485
2023-03-30,Lake,033,64148,13707,13699,1282,14981,163
2023-03-30,Lassen,035,31185,10282,10279,1068,11347,67
2023-03-30,Los Angeles,037,10098052,3507408,3504618,221952,3726570,35758
2023-03-30,Madera,039,155013,46528,46486,8937,55423,378
2023-03-30,Marin,041,260295,41109,49518,5741,55259,317
2023-03-30,Mariposa,043,17540,3371,3367,359,3726,33
2023-03-30,Mendocino,045,87422,16960,16953,4837,21790,145
2023-03-30,Merced,047,269075,77822,77065,12992,90057,903
2023-03-30,Modoc,049,8938,962,959,378,1337,11
2023-03-30,Mono,051,14174,3339,3337,305,3642,8
2023-03-30,Monterey,053,433212,98569,98510,24522,123032,807
2023-03-30,Napa,055,140530,34803,34601,1529,36130,178
2023-03-30,Nevada,057,99092,20257,20238,2346,22584,138
2023-03-30,Orange,059,3164182,717255,715130,79429,794559,8050
2023-03-30,Placer,061,380077,81687,81619,10400,92019,683
2023-03-30,Plumas,063,18699,3839,3840,461,4301,15
2023-03-30,Riverside,065,2383286,738345,737911,42130,780041,6869
2023-03-30,Sacramento,067,1510023,374085,373629,38718,412347,3558
2023-03-30,San Benito,069,59416,17756,17746,1145,18891,118
2023-03-30,San Bernardino,071,2135413,713149,712881,34867,747748,8172
2023-03-30,San Diego,073,3302833,990355,989787,81943,1071730,5829
2023-03-30,San Francisco,075,870044,198256,198058,13530,211588,1189
2023-03-30,San Joaquin,077,732212,211310,211137,17093,228230,2428
2023-03-30,San Luis Obispo,079,281455,66741,66716,8215,74931,569
2023-03-30,San Mateo,081,765935,184942,184685,11259,195944,751
2023-03-30,Santa Barbara,083,443738,112705,112631,7818,120449,767
2023-03-30,Santa Clara,085,1922200,479952,479518,21581,501099,2744
2023-03-30,Santa Cruz,087,273765,68983,68891,4041,72932,276
2023-03-30,Shasta,089,179085,36617,36571,8382,44953,607
2023-03-30,Sierra,091,2930,313,313,61,374,5
2023-03-30,Siskiyou,093,43540,5484,5482,3447,8929,96
2023-03-30,Solano,095,438530,114697,114684,8773,123457,482
2023-03-30,Sonoma,097,501317,114438,114338,5834,120172,563
2023-03-30,Stanislaus,099,539301,145957,145876,23266,169142,1846
2023-03-30,Sutter,101,95872,25877,25864,2549,28413,241
2023-03-30,Tehama,103,63373,14517,14504,3440,17944,234
2023-03-30,Trinity,105,12862,1475,1476,507,1983,25
2023-03-30,Tulare,107,460477,129143,128972,40988,169960,1588
2023-03-30,Tuolumne,109,53932,16989,16982,1014,17996,212
2023-03-30,Ventura,111,848112,221785,221691,18248,239939,1684
2023-03-30,Yolo,113,214977,50340,50291,5010,55301,448
2023-03-30,Yuba,115,75493,20141,20125,1903,22028,135
2023-03-29,Alameda,001,1643700,382963,382538,22863,405401,2205
2023-03-29,Alpine,002,1148,139,139,4,143,0
2023-03-29,Amador,005,37829,10627,10622,973,11595,98
2023-03-29,Butte,007,227075,41868,41836,10349,52185,495
2023-03-29,Calaveras,009,45235,9051,9045,647,9692,142
2023-03-29,Colusa,011,21464,4014,4011,1386,5397,23
2023-03-29,Contra Costa,013,1133247,275094,274856,22526,297382,1571
2023-03-29,Del Norte,015,27424,7954,7951,487,8438,61
2023-03-29,El Dorado,017,186661,34766,34741,4577,39318,247
2023-03-29,Fresno,019,978130,296221,295921,35340,331261,3010
2023-03-29,Glenn,021,27897,5815,5808,2027,7835,58
2023-03-29,Humboldt,023,135768,23492,23454,5968,29422,170
2023-03-29,Imperial,025,180216,70864,70690,19333,90023,980
2023-03-29,Inyo,027,18085,4791,4791,1325,6116,63
2023-03-29,Kern,029,883053,231513,231420,74103,305523,2495
2023-03-29,Kings,031,150075,63071,63048,4512,67560,485
2023-03-29,Lake,033,64148,13705,13699,1282,14981,163
2023-03-29,Lassen,035,31185,10282,10279,1068,11347,67
2023-03-29,Los Angeles,037,10098052,3507029,3504618,221875,3726493,35758
2023-03-29,Madera,039,155013,46517,46486,8937,55423,378
2023-03-29,Marin,041,260295,41089,49518,5739,55257,317
2023-03-29,Mariposa,043,17540,3371,3367,359,3726,33
2023-03-29,Mendocino,045,87422,16956,16953,4837,21790,145
2023-03-29,Merced,047,269075,77807,77065,12989,90054,903
2023-03-29,Modoc,049,8938,960,959,378,1337,11
2023-03-29,Mono,051,14174,3337,3337,303,3640,8
2023-03-29,Monterey,053,433212,98562,98510,24513,123023,807
2023-03-29,Napa,055,140530,34797,34601,1529,36130,178
2023-03-29,Nevada,057,99092,20248,20238,2345,22583,138
2023-03-29,Orange,059,3164182,717165,715130,79398,794528,8050
2023-03-29,Placer,061,380077,81676,81619,10398,92017,683
2023-03-29,Plumas,063,18699,3839,3840,461,4301,15
2023-03-29,Riverside,065,2383286,738278,737911,42113,780024,6869
2023-03-29,Sacramento,067,1510023,374008,373629,38711,412340,3558
2023-03-29,San Benito,069,59416,17749,17746,1145,18891,118
2023-03-29,San Bernardino,071,2135413,713085,712881,34859,747740,8172
2023-03-29,San Diego,073,3302833,990252,989787,81914,1071701,5829
2023-03-29,San Francisco,075,870044,198186,198058,13520,211578,1189
2023-03-29,San Joaquin,077,732212,211276,211137,17091,228228,2428
2023-03-29,San Luis Obispo,079,281455,66733,66716,8201,74917,569
2023-03-29,San Mateo,081,765935,184896,184685,11258,195943,751
2023-03-29,Santa Barbara,083,443738,112690,112631,7816,120447,767
2023-03-29,Santa Clara,085,1922200,479858,479518,21577,501095,2744
2023-03-29,Santa Cruz,087,273765,68960,68891,4039,72930,276
2023-03-29,Shasta,089,179085,36611,36571,8382,44953,607
2023-03-29,Sierra,091,2930,313,313,61,374,5
2023-03-29,Siskiyou,093,43540,5484,5482,3447,8929,96
2023-03-29,Solano,095,438530,114676,114684,8766,123450,482
2023-03-29,Sonoma,097,501317,114413,114338,5834,120172,563
2023-03-29,Stanislaus,099,539301,145937,145876,23262,169138,1846
2023-03-29,Sutter,101,95872,25874,25864,2549,28413,241
2023-03-29,Tehama,103,63373,14514,14504,3440,17944,234
2023-03-29,Trinity,105,12862,1475,1476,507,1983,25
2023-03-29,Tulare,107,460477,129125,128972,40983,169955,1588
2023-03-29,Tuolumne,109,53932,16989,16982,1014,17996,212
2023-03-29,Ventura,111,848112,221766,221691,18246,239937,1684
2023-03-29,Yolo,113,214977,50334,50291,5007,55298,448
2023-03-29,Yuba,115,75493,20140,20125,1903,22028,135
2023-03-28,Alameda,001,1643700,382885,382538,22854,405392,2205
2023-03-28,Alpine,002,1148,139,139,4,143,0
2023-03-28,Amador,005,37829,10626,10622,973,11595,98
2023-03-28,Butte,007,227075,41863,41836,10349,52185,495
2023-03-28,Calaveras,009,45235,9050,9045,647,9692,142
2023-03-28,Colusa,011,21464,4011,4011,1386,5397,23
2023-03-28,Contra Costa,013,1133247,275038,274856,22522,297378,1571
2023-03-28,Del Norte,015,27424,7953,7951,487,8438,61
2023-03-28,El Dorado,017,186661,34755,34741,4576,39317,247
2023-03-28,Fresno,019,978130,296177,295921,35333,331254,3010
2023-03-28,Glenn,021,27897,5814,5808,2024,7832,58
2023-03-28,Humboldt,023,135768,23488,23454,5963,29417,170
2023-03-28,Imperial,025,180216,70812,70690,19319,90009,980
2023-03-28,Inyo,027,18085,4790,4791,1325,6116,63
2023-03-28,Kern,029,883053,231485,231420,74081,305501,2495
2023-03-28,Kings,031,150075,63062,63048,4511,67559,485
2023-03-28,Lake,033,64148,13702,13699,1282,14981,163
2023-03-28,Lassen,035,31185,10280,10279,1068,11347,67
2023-03-28,Los Angeles,037,10098052,3506644,3504618,221785,3726403,35758
2023-03-28,Madera,039,155013,46514,46486,8935,55421,378
2023-03-28,Marin,041,260295,41083,49518,5737,55255,317
2023-03-28,Mariposa,043,17540,3370,3367,359,3726,33
2023-03-28,Mendocino,045,87422,16954,16953,4837,21790,145
2023-03-28,Merced,047,269075,77793,77065,12987,90052,903
2023-03-28,Modoc,049,8938,959,959,377,1336,11
2023-03-28,Mono,051,14174,3337,3337,303,3640,8
2023-03-28,Monterey,053,433212,98554,98510,24503,123013,807
2023-03-28,Napa,055,140530,34791,34601,1529,36130,178
2023-03-28,Nevada,057,99092,20245,20238,2345,22583,138
2023-03-28,Orange,059,3164182,717058,715130,79367,794497,8050
2023-03-28,Placer,061,380077,81660,81619,10396,92015,683
2023-03-28,Plumas,063,18699,3839,3840,461,4301,15
2023-03-28,Riverside,065,2383286,738189,737911,42092,780003,6869
2023-03-28,Sacramento,067,1510023,373916,373629,38707,412336,3558
2023-03-28,San Benito,069,59416,17747,17746,1145,18891,118
2023-03-28,San Bernardino,071,2135413,713014,712881,34854,747735,8172
2023-03-28,San Diego,073,3302833,990126,989787,81885,1071672,5829
2023-03-28,San Francisco,075,870044,198141,198058,13515,211573,1189
2023-03-28,San Joaquin,077,732212,211246,211137,17086,228223,2428
2023-03-28,San Luis Obispo,079,281455,66731,66716,8201,74917,569
2023-03-28,San Mateo,081,765935,184858,184685,11256,195941,751
2023-03-28,Santa Barbara,083,443738,112671,112631,7809,120440,767
2023-03-28,Santa Clara,085,1922200,479754,479518,21573,501091,2744
2023-03-28,Santa Cruz,087,273765,68941,68891,4035,72926,276
2023-03-28,Shasta,089,179085,36609,36571,8380,44951,607
2023-03-28,Sierra,091,2930,313,313,61,374,5
2023-03-28,Siskiyou,093,43540,5484,5482,3447,8929,96
2023-03-28,Solano,095,438530,114654,114684,8764,123448,482
2023-03-28,Sonoma,097,501317,114389,114338,5834,120172,563
2023-03-28,Stanislaus,099,539301,145924,145876,23252,169128,1846
2023-03-28,Sutter,101,95872,25873,25864,2548,28412,241
2023-03-28,Tehama,103,63373,14513,14504,3439,17943,234
2023-03-28,Trinity,105,12862,1475,1476,507,1983,25
2023-03-28,Tulare,107,460477,129106,128972,40975,169947,1588
2023-03-28,Tuolumne,109,53932,16989,16982,1014,17996,212
2023-03-28,Ventura,111,848112,221751,221691,18242,239933,1684
2023-03-28,Yolo,113,214977,50327,50291,5004,55295,448
2023-03-28,Yuba,115,75493,20137,20125,1902,22027,135
2023-03-27,Alameda,001,1643700,382808,381150,22844,403994,2203
2023-03-27,Alpine,002,1148,139,139,4,143,0
2023-03-27,Amador,005,37829,10623,10609,973,11582,98
2023-03-27,Butte,007,227075,41859,41792,10346,52138,492
2023-03-27,Calaveras,009,45235,9049,9036,645,9681,142
2023-03-27,Colusa,011,21464,4010,4005,1386,5391,23
2023-03-27,Contra Costa,013,1133247,274986,274422,22519,296941,1569
2023-03-27,Del Norte,015,27424,7953,7951,487,8438,61
2023-03-27,El Dorado,017,186661,34750,34701,4576,39277,246
2023-03-27,Fresno,019,978130,296136,295584,35317,330901,3010
2023-03-27,Glenn,021,27897,5813,5806,2024,7830,58
2023-03-27,Humboldt,023,135768,23484,23440,5963,29403,170
2023-03-27,Imperial,025,180216,70780,70547,19305,89852,980
2023-03-27,Inyo,027,18085,4790,4774,1325,6099,63
2023-03-27,Kern,029,883053,231456,230695,74062,304757,2492
2023-03-27,Kings,031,150075,63054,63014,4511,67525,485
2023-03-27,Lake,033,64148,13701,13686,1282,14968,162
2023-03-27,Lassen,035,31185,10279,10272,1068,11340,67
2023-03-27,Los Angeles,037,10098052,3506201,3501151,221681,3722832,35698
2023-03-27,Madera,039,155013,46508,46443,8929,55372,378
2023-03-27,Marin,041,260295,41068,49435,5736,55171,317
2023-03-27,Mariposa,043,17540,3369,3366,359,3725,33
2023-03-27,Mendocino,045,87422,16953,16935,4836,21771,144
2023-03-27,Merced,047,269075,77784,76912,12987,89899,903
2023-03-27,Modoc,049,8938,959,959,377,1336,11
2023-03-27,Mono,051,14174,3337,3336,303,3639,8
2023-03-27,Monterey,053,433212,98537,98451,24494,122945,806
2023-03-27,Napa,055,140530,34779,34556,1528,36084,174
2023-03-27,Nevada,057,99092,20242,20217,2345,22562,138
2023-03-27,Orange,059,3164182,716964,712690,79339,792029,8003
2023-03-27,Placer,061,380077,81650,81483,10395,91878,683
2023-03-27,Plumas,063,18699,3839,3840,461,4301,15
2023-03-27,Riverside,065,2383286,738123,736530,42077,778607,6869
2023-03-27,Sacramento,067,1510023,373849,372735,38695,411430,3548
2023-03-27,San Benito,069,59416,17747,17709,1145,18854,118
2023-03-27,San Bernardino,071,2135413,712945,711341,34841,746182,8171
2023-03-27,San Diego,073,3302833,989989,988863,81846,1070709,5820
2023-03-27,San Francisco,075,870044,198082,197525,13510,211035,1181
2023-03-27,San Joaquin,077,732212,211210,210894,17082,227976,2426
2023-03-27,San Luis Obispo,079,281455,66724,66669,8201,74870,568
2023-03-27,San Mateo,081,765935,184816,183983,11254,195237,751
2023-03-27,Santa Barbara,083,443738,112662,112545,7801,120346,765
2023-03-27,Santa Clara,085,1922200,479649,477584,21566,499150,2740
2023-03-27,Santa Cruz,087,273765,68922,68746,4030,72776,276
2023-03-27,Shasta,089,179085,36605,36537,8376,44913,607
2023-03-27,Sierra,091,2930,313,313,61,374,5
2023-03-27,Siskiyou,093,43540,5484,5481,3447,8928,96
2023-03-27,Solano,095,438530,114630,114503,8758,123261,482
2023-03-27,Sonoma,097,501317,114364,114180,5832,120012,559
2023-03-27,Stanislaus,099,539301,145912,145700,23250,168950,1845
2023-03-27,Sutter,101,95872,25867,25830,2547,28377,241
2023-03-27,Tehama,103,63373,14512,14496,3437,17933,234
2023-03-27,Trinity,105,12862,1475,1476,507,1983,25
2023-03-27,Tulare,107,460477,129088,128856,40966,169822,1583
2023-03-27,Tuolumne,109,53932,16986,16971,1014,17985,211
2023-03-27,Ventura,111,848112,221729,221498,18238,239736,1683
2023-03-27,Yolo,113,214977,50320,50227,5001,55228,448
2023-03-27,Yuba,115,75493,20129,20112,1901,22013,135
2023-03-26,Alameda,001,1643700,382702,381150,22835,403985,2203
2023-03-26,Alpine,002,1148,139,139,4,143,0
2023-03-26,Amador,005,37829,10620,10609,973,11582,98
2023-03-26,Butte,007,227075,41857,41792,10342,52134,492
2023-03-26,Calaveras,009,45235,9044,9036,645,9681,142
2023-03-26,Colusa,011,21464,4010,4005,1386,5391,23
2023-03-26,Contra Costa,013,1133247,274923,274422,22509,296931,1569
2023-03-26,Del Norte,015,27424,7952,7951,487,8438,61
2023-03-26,El Dorado,017,186661,34737,34701,4575,39276,246
2023-03-26,Fresno,019,978130,296103,295584,35303,330887,3010
2023-03-26,Glenn,021,27897,5812,5806,2024,7830,58
2023-03-26,Humboldt,023,135768,23481,23440,5960,29400,170
2023-03-26,Imperial,025,180216,70750,70547,19288,89835,980
2023-03-26,Inyo,027,18085,4790,4774,1324,6098,63
2023-03-26,Kern,029,883053,231427,230695,74033,304728,2492
2023-03-26,Kings,031,150075,63047,63014,4510,67524,485
2023-03-26,Lake,033,64148,13699,13686,1282,14968,162
2023-03-26,Lassen,035,31185,10278,10272,1068,11340,67
2023-03-26,Los Angeles,037,10098052,3505808,3501151,221583,3722734,35698
2023-03-26,Madera,039,155013,46504,46443,8927,55370,378
2023-03-26,Marin,041,260295,41063,49435,5734,55169,317
2023-03-26,Mariposa,043,17540,3369,3366,359,3725,33
2023-03-26,Mendocino,045,87422,16949,16935,4836,21771,144
2023-03-26,Merced,047,269075,77774,76912,12983,89895,903
2023-03-26,Modoc,049,8938,959,959,377,1336,11
2023-03-26,Mono,051,14174,3337,3336,303,3639,8
2023-03-26,Monterey,053,433212,98526,98451,24481,122932,806
2023-03-26,Napa,055,140530,34770,34556,1527,36083,174
2023-03-26,Nevada,057,99092,20237,20217,2345,22562,138
2023-03-26,Orange,059,3164182,716859,712690,79306,791996,8003
2023-03-26,Placer,061,380077,81635,81483,10394,91877,683
2023-03-26,Plumas,063,18699,3839,3840,461,4301,15
2023-03-26,Riverside,065,2383286,738038,736530,42045,778575,6869
2023-03-26,Sacramento,067,1510023,373770,372735,38681,411416,3548
2023-03-26,San Benito,069,59416,17740,17709,1145,18854,118
2023-03-26,San Bernardino,071,2135413,712856,711341,34836,746177,8171
2023-03-26,San Diego,073,3302833,989834,988863,81808,1070671,5820
2023-03-26,San Francisco,075,870044,198022,197525,13496,211021,1181
2023-03-26,San Joaquin,077,732212,211162,210894,17076,227970,2426
2023-03-26,San Luis Obispo,079,281455,66719,66669,8197,74866,568
2023-03-26,San Mateo,081,765935,184759,183983,11250,195233,751
2023-03-26,Santa Barbara,083,443738,112641,112545,7797,120342,765
2023-03-26,Santa Clara,085,1922200,479525,477584,21553,499137,2740
2023-03-26,Santa Cruz,087,273765,68896,68746,4025,72771,276
2023-03-26,Shasta,089,179085,36604,36537,8372,44909,607
2023-03-26,Sierra,091,2930,313,313,61,374,5
2023-03-26,Siskiyou,093,43540,5484,5481,3447,8928,96
2023-03-26,Solano,095,438530,114593,114503,8754,123257,482
2023-03-26,Sonoma,097,501317,114340,114180,5832,120012,559
2023-03-26,Stanislaus,099,539301,145879,145700,23243,168943,1845
2023-03-26,Sutter,101,95872,25856,25830,2547,28377,241
2023-03-26,Tehama,103,63373,14511,14496,3436,17932,234
2023-03-26,Trinity,105,12862,1475,1476,507,1983,25
2023-03-26,Tulare,107,460477,129070,128856,40948,169804,1583
2023-03-26,Tuolumne,109,53932,16985,16971,1014,17985,211
2023-03-26,Ventura,111,848112,221703,221498,18238,239736,1683
2023-03-26,Yolo,113,214977,50317,50227,5000,55227,448
2023-03-26,Yuba,115,75493,20128,20112,1901,22013,135
2023-03-25,Alameda,001,1643700,382651,381150,22829,403979,2203
2023-03-25,Alpine,002,1148,139,139,4,143,0
2023-03-25,Amador,005,37829,10620,10609,973,11582,98
2023-03-25,Butte,007,227075,41852,41792,10339,52131,492
2023-03-25,Calaveras,009,45235,9044,9036,645,9681,142
2023-03-25,Colusa,011,21464,4009,4005,1386,5391,23
2023-03-25,Contra Costa,013,1133247,274887,274422,22508,296930,1569
2023-03-25,Del Norte,015,27424,7951,7951,487,8438,61
2023-03-25,El Dorado,017,186661,34734,34701,4574,39275,246
2023-03-25,Fresno,019,978130,296080,295584,35298,330882,3010
2023-03-25,Glenn,021,27897,5811,5806,2024,7830,58
2023-03-25,Humboldt,023,135768,23481,23440,5960,29400,170
2023-03-25,Imperial,025,180216,70741,70547,19288,89835,980
2023-03-25,Inyo,027,18085,4788,4774,1324,6098,63
2023-03-25,Kern,029,883053,231411,230695,74026,304721,2492
2023-03-25,Kings,031,150075,63043,63014,4510,67524,485
2023-03-25,Lake,033,64148,13699,13686,1282,14968,162
2023-03-25,Lassen,035,31185,10278,10272,1068,11340,67
2023-03-25,Los Angeles,037,10098052,3505564,3501151,221534,3722685,35698
2023-03-25,Madera,039,155013,46499,46443,8927,55370,378
2023-03-25,Marin,041,260295,41058,49435,5732,55167,317
2023-03-25,Mariposa,043,17540,3369,3366,359,3725,33
2023-03-25,Mendocino,045,87422,16946,16935,4836,21771,144
2023-03-25,Merced,047,269075,77761,76912,12983,89895,903
2023-03-25,Modoc,049,8938,959,959,377,1336,11
2023-03-25,Mono,051,14174,3336,3336,303,3639,8
2023-03-25,Monterey,053,433212,98519,98451,24475,122926,806
2023-03-25,Napa,055,140530,34769,34556,1526,36082,174
2023-03-25,Nevada,057,99092,20235,20217,2344,22561,138
2023-03-25,Orange,059,3164182,716794,712690,79280,791970,8003
2023-03-25,Placer,061,380077,81624,81483,10393,91876,683
2023-03-25,Plumas,063,18699,3838,3840,461,4301,15
2023-03-25,Riverside,065,2383286,737985,736530,42029,778559,6869
2023-03-25,Sacramento,067,1510023,373731,372735,38679,411414,3548
2023-03-25,San Benito,069,59416,17738,17709,1145,18854,118
2023-03-25,San Bernardino,071,2135413,712816,711341,34830,746171,8171
2023-03-25,San Diego,073,3302833,989770,988863,81797,1070660,5820
2023-03-25,San Francisco,075,870044,197980,197525,13492,211017,1181
2023-03-25,San Joaquin,077,732212,211138,210894,17071,227965,2426
2023-03-25,San Luis Obispo,079,281455,66710,66669,8196,74865,568
2023-03-25,San Mateo,081,765935,184733,183983,11247,195230,751
2023-03-25,Santa Barbara,083,443738,112628,112545,7792,120337,765
2023-03-25,Santa Clara,085,1922200,479455,477584,21550,499134,2740
2023-03-25,Santa Cruz,087,273765,68888,68746,4025,72771,276
2023-03-25,Shasta,089,179085,36602,36537,8369,44906,607
2023-03-25,Sierra,091,2930,313,313,61,374,5
2023-03-25,Siskiyou,093,43540,5484,5481,3447,8928,96
2023-03-25,Solano,095,438530,114582,114503,8751,123254,482
2023-03-25,Sonoma,097,501317,114323,114180,5832,120012,559
2023-03-25,Stanislaus,099,539301,145865,145700,23240,168940,1845
2023-03-25,Sutter,101,95872,25855,25830,2547,28377,241
2023-03-25,Tehama,103,63373,14511,14496,3436,17932,234
2023-03-25,Trinity,105,12862,1475,1476,507,1983,25
2023-03-25,Tulare,107,460477,129054,128856,40940,169796,1583
2023-03-25,Tuolumne,109,53932,16985,16971,1014,17985,211
2023-03-25,Ventura,111,848112,221687,221498,18236,239734,1683
2023-03-25,Yolo,113,214977,50310,50227,4999,55226,448
2023-03-25,Yuba,115,75493,20127,20112,1901,22013,135
2023-03-24,Alameda,001,1643700,382594,381150,22824,403974,2203
2023-03-24,Alpine,002,1148,139,139,4,143,0
2023-03-24,Amador,005,37829,10619,10609,973,11582,98
2023-03-24,Butte,007,227075,41849,41792,10336,52128,492
2023-03-24,Calaveras,009,45235,9041,9036,645,9681,142
2023-03-24,Colusa,011,21464,4009,4005,1386,5391,23
2023-03-24,Contra Costa,013,1133247,274855,274422,22505,296927,1569
2023-03-24,Del Norte,015,27424,7950,7951,486,8437,61
2023-03-24,El Dorado,017,186661,34732,34701,4574,39275,246
2023-03-24,Fresno,019,978130,296042,295584,35293,330877,3010
2023-03-24,Glenn,021,27897,5810,5806,2024,7830,58
2023-03-24,Humboldt,023,135768,23479,23440,5958,29398,170
2023-03-24,Imperial,025,180216,70730,70547,19284,89831,980
2023-03-24,Inyo,027,18085,4788,4774,1323,6097,63
2023-03-24,Kern,029,883053,231388,230695,74015,304710,2492
2023-03-24,Kings,031,150075,63040,63014,4509,67523,485
2023-03-24,Lake,033,64148,13699,13686,1282,14968,162
2023-03-24,Lassen,035,31185,10278,10272,1068,11340,67
2023-03-24,Los Angeles,037,10098052,3505348,3501151,221479,3722630,35698
2023-03-24,Madera,039,155013,46493,46443,8927,55370,378
2023-03-24,Marin,041,260295,41050,49435,5732,55167,317
2023-03-24,Mariposa,043,17540,3369,3366,359,3725,33
2023-03-24,Mendocino,045,87422,16944,16935,4836,21771,144
2023-03-24,Merced,047,269075,77751,76912,12983,89895,903
2023-03-24,Modoc,049,8938,959,959,377,1336,11
2023-03-24,Mono,051,14174,3336,3336,303,3639,8
2023-03-24,Monterey,053,433212,98515,98451,24470,122921,806
2023-03-24,Napa,055,140530,34766,34556,1525,36081,174
2023-03-24,Nevada,057,99092,20233,20217,2344,22561,138
2023-03-24,Orange,059,3164182,716729,712690,79266,791956,8003
2023-03-24,Placer,061,380077,81611,81483,10393,91876,683
2023-03-24,Plumas,063,18699,3838,3840,461,4301,15
2023-03-24,Riverside,065,2383286,737939,736530,42017,778547,6869
2023-03-24,Sacramento,067,1510023,373690,372735,38677,411412,3548
2023-03-24,San Benito,069,59416,17737,17709,1144,18853,118
2023-03-24,San Bernardino,071,2135413,712773,711341,34827,746168,8171
2023-03-24,San Diego,073,3302833,989691,988863,81784,1070647,5820
2023-03-24,San Francisco,075,870044,197938,197525,13483,211008,1181
2023-03-24,San Joaquin,077,732212,211112,210894,17071,227965,2426
2023-03-24,San Luis Obispo,079,281455,66708,66669,8196,74865,568
2023-03-24,San Mateo,081,765935,184698,183983,11243,195226,751
2023-03-24,Santa Barbara,083,443738,112615,112545,7788,120333,765
2023-03-24,Santa Clara,085,1922200,479394,477584,21544,499128,2740
2023-03-24,Santa Cruz,087,273765,68880,68746,4025,72771,276
2023-03-24,Shasta,089,179085,36602,36537,8369,44906,607
2023-03-24,Sierra,091,2930,313,313,61,374,5
2023-03-24,Siskiyou,093,43540,5484,5481,3447,8928,96
2023-03-24,Solano,095,438530,114573,114503,8749,123252,482
2023-03-24,Sonoma,097,501317,114306,114180,5832,120012,559
2023-03-24,Stanislaus,099,539301,145852,145700,23237,168937,1845
2023-03-24,Sutter,101,95872,25850,25830,2547,28377,241
2023-03-24,Tehama,103,63373,14510,14496,3436,17932,234
2023-03-24,Trinity,105,12862,1475,1476,507,1983,25
2023-03-24,Tulare,107,460477,129044,128856,40932,169788,1583
2023-03-24,Tuolumne,109,53932,16985,16971,1014,17985,211
2023-03-24,Ventura,111,848112,221676,221498,18233,239731,1683
2023-03-24,Yolo,113,214977,50297,50227,4997,55224,448
2023-03-24,Yuba,115,75493,20124,20112,1901,22013,135
2023-03-23,Alameda,001,1643700,382509,381150,22813,403963,2203
2023-03-23,Alpine,002,1148,139,139,4,143,0
2023-03-23,Amador,005,37829,10617,10609,973,11582,98
2023-03-23,Butte,007,227075,41841,41792,10334,52126,492
2023-03-23,Calaveras,009,45235,9040,9036,645,9681,142
2023-03-23,Colusa,011,21464,4009,4005,1385,5390,23
2023-03-23,Contra Costa,013,1133247,274786,274422,22500,296922,1569
2023-03-23,Del Norte,015,27424,7950,7951,486,8437,61
2023-03-23,El Dorado,017,186661,34730,34701,4574,39275,246
2023-03-23,Fresno,019,978130,296012,295584,35283,330867,3010
2023-03-23,Glenn,021,27897,5809,5806,2024,7830,58
2023-03-23,Humboldt,023,135768,23478,23440,5954,29394,170
2023-03-23,Imperial,025,180216,70711,70547,19270,89817,980
2023-03-23,Inyo,027,18085,4787,4774,1323,6097,63
2023-03-23,Kern,029,883053,231369,230695,73987,304682,2492
2023-03-23,Kings,031,150075,63034,63014,4508,67522,485
2023-03-23,Lake,033,64148,13699,13686,1282,14968,162
2023-03-23,Lassen,035,31185,10277,10272,1067,11339,67
2023-03-23,Los Angeles,037,10098052,3504995,3501151,221405,3722556,35698
2023-03-23,Madera,039,155013,46492,46443,8926,55369,378
2023-03-23,Marin,041,260295,41035,49435,5729,55164,317
2023-03-23,Mariposa,043,17540,3369,3366,359,3725,33
2023-03-23,Mendocino,045,87422,16943,16935,4836,21771,144
2023-03-23,Merced,047,269075,77742,76912,12981,89893,903
2023-03-23,Modoc,049,8938,959,959,375,1334,11
2023-03-23,Mono,051,14174,3336,3336,303,3639,8
2023-03-23,Monterey,053,433212,98510,98451,24462,122913,806
2023-03-23,Napa,055,140530,34756,34556,1525,36081,174
2023-03-23,Nevada,057,99092,20232,20217,2344,22561,138
2023-03-23,Orange,059,3164182,716637,712690,79236,791926,8003
2023-03-23,Placer,061,380077,81592,81483,10389,91872,683
2023-03-23,Plumas,063,18699,3838,3840,461,4301,15
2023-03-23,Riverside,065,2383286,737867,736530,41999,778529,6869
2023-03-23,Sacramento,067,1510023,373616,372735,38666,411401,3548
2023-03-23,San Benito,069,59416,17735,17709,1144,18853,118
2023-03-23,San Bernardino,071,2135413,712725,711341,34814,746155,8171
2023-03-23,San Diego,073,3302833,989551,988863,81769,1070632,5820
2023-03-23,San Francisco,075,870044,197887,197525,13477,211002,1181
2023-03-23,San Joaquin,077,732212,211075,210894,17064,227958,2426
2023-03-23,San Luis Obispo,079,281455,66705,66669,8192,74861,568
2023-03-23,San Mateo,081,765935,184656,183983,11239,195222,751
2023-03-23,Santa Barbara,083,443738,112604,112545,7788,120333,765
2023-03-23,Santa Clara,085,1922200,479292,477584,21533,499117,2740
2023-03-23,Santa Cruz,087,273765,68859,68746,4023,72769,276
2023-03-23,Shasta,089,179085,36600,36537,8369,44906,607
2023-03-23,Sierra,091,2930,313,313,61,374,5
2023-03-23,Siskiyou,093,43540,5484,5481,3447,8928,96
2023-03-23,Solano,095,438530,114540,114503,8745,123248,482
2023-03-23,Sonoma,097,501317,114286,114180,5831,120011,559
2023-03-23,Stanislaus,099,539301,145830,145700,23235,168935,1845
2023-03-23,Sutter,101,95872,25848,25830,2547,28377,241
2023-03-23,Tehama,103,63373,14508,14496,3435,17931,234
2023-03-23,Trinity,105,12862,1475,1476,507,1983,25
2023-03-23,Tulare,107,460477,129035,128856,40920,169776,1583
2023-03-23,Tuolumne,109,53932,16981,16971,1014,17985,211
2023-03-23,Ventura,111,848112,221655,221498,18228,239726,1683
2023-03-23,Yolo,113,214977,50286,50227,4995,55222,448
2023-03-23,Yuba,115,75493,20124,20112,1901,22013,135
2023-03-22,Alameda,001,1643700,382407,381150,22799,403949,2203
2023-03-22,Alpine,002,1148,139,139,4,143,0
2023-03-22,Amador,005,37829,10617,10609,973,11582,98
2023-03-22,Butte,007,227075,41836,41792,10328,52120,492
2023-03-22,Calaveras,009,45235,9039,9036,645,9681,142
2023-03-22,Colusa,011,21464,4009,4005,1385,5390,23
2023-03-22,Contra Costa,013,1133247,274731,274422,22497,296919,1569
2023-03-22,Del Norte,015,27424,7948,7951,485,8436,61
2023-03-22,El Dorado,017,186661,34727,34701,4572,39273,246
2023-03-22,Fresno,019,978130,295972,295584,35273,330857,3010
2023-03-22,Glenn,021,27897,5808,5806,2024,7830,58
2023-03-22,Humboldt,023,135768,23475,23440,5951,29391,170
2023-03-22,Imperial,025,180216,70691,70547,19259,89806,980
2023-03-22,Inyo,027,18085,4787,4774,1322,6096,63
2023-03-22,Kern,029,883053,231334,230695,73969,304664,2492
2023-03-22,Kings,031,150075,63029,63014,4507,67521,485
2023-03-22,Lake,033,64148,13694,13686,1282,14968,162
2023-03-22,Lassen,035,31185,10276,10272,1067,11339,67
2023-03-22,Los Angeles,037,10098052,3504594,3501151,221323,3722474,35698
2023-03-22,Madera,039,155013,46487,46443,8924,55367,378
2023-03-22,Marin,041,260295,41026,49435,5727,55162,317
2023-03-22,Mariposa,043,17540,3369,3366,359,3725,33
2023-03-22,Mendocino,045,87422,16941,16935,4836,21771,144
2023-03-22,Merced,047,269075,77727,76912,12978,89890,903
2023-03-22,Modoc,049,8938,959,959,375,1334,11
2023-03-22,Mono,051,14174,3336,3336,303,3639,8
2023-03-22,Monterey,053,433212,98503,98451,24450,122901,806
2023-03-22,Napa,055,140530,34752,34556,1523,36079,174
2023-03-22,Nevada,057,99092,20229,20217,2344,22561,138
2023-03-22,Orange,059,3164182,716541,712690,79203,791893,8003
2023-03-22,Placer,061,380077,81577,81483,10388,91871,683
2023-03-22,Plumas,063,18699,3838,3840,461,4301,15
2023-03-22,Riverside,065,2383286,737780,736530,41980,778510,6869
2023-03-22,Sacramento,067,1510023,373555,372735,38661,411396,3548
2023-03-22,San Benito,069,59416,17730,17709,1144,18853,118
2023-03-22,San Bernardino,071,2135413,712656,711341,34808,746149,8171
2023-03-22,San Diego,073,3302833,989393,988863,81744,1070607,5820
2023-03-22,San Francisco,075,870044,197817,197525,13473,210998,1181
2023-03-22,San Joaquin,077,732212,211037,210894,17063,227957,2426
2023-03-22,San Luis Obispo,079,281455,66696,66669,8192,74861,568
2023-03-22,San Mateo,081,765935,184629,183983,11237,195220,751
2023-03-22,Santa Barbara,083,443738,112598,112545,7777,120322,765
2023-03-22,Santa Clara,085,1922200,479172,477584,21527,499111,2740
2023-03-22,Santa Cruz,087,273765,68838,68746,4019,72765,276
2023-03-22,Shasta,089,179085,36599,36537,8368,44905,607
2023-03-22,Sierra,091,2930,313,313,61,374,5
2023-03-22,Siskiyou,093,43540,5484,5481,3447,8928,96
2023-03-22,Solano,095,438530,114517,114503,8739,123242,482
2023-03-22,Sonoma,097,501317,114267,114180,5831,120011,559
2023-03-22,Stanislaus,099,539301,145811,145700,23233,168933,1845
2023-03-22,Sutter,101,95872,25842,25830,2546,28376,241
2023-03-22,Tehama,103,63373,14508,14496,3435,17931,234
2023-03-22,Trinity,105,12862,1475,1476,507,1983,25
2023-03-22,Tulare,107,460477,129014,128856,40909,169765,1583
2023-03-22,Tuolumne,109,53932,16980,16971,1014,17985,211
2023-03-22,Ventura,111,848112,221632,221498,18226,239724,1683
2023-03-22,Yolo,113,214977,50282,50227,4995,55222,448
2023-03-22,Yuba,115,75493,20121,20112,1897,22009,135
2023-03-21,Alameda,001,1643700,382306,381150,22779,403929,2203
2023-03-21,Alpine,002,1148,139,139,4,143,0
2023-03-21,Amador,005,37829,10615,10609,973,11582,98
2023-03-21,Butte,007,227075,41834,41792,10325,52117,492
2023-03-21,Calaveras,009,45235,9038,9036,645,9681,142
2023-03-21,Colusa,011,21464,4008,4005,1384,5389,23
2023-03-21,Contra Costa,013,1133247,274662,274422,22492,296914,1569
2023-03-21,Del Norte,015,27424,7947,7951,485,8436,61
2023-03-21,El Dorado,017,186661,34719,34701,4572,39273,246
2023-03-21,Fresno,019,978130,295938,295584,35262,330846,3010
2023-03-21,Glenn,021,27897,5807,5806,2024,7830,58
2023-03-21,Humboldt,023,135768,23475,23440,5949,29389,170
2023-03-21,Imperial,025,180216,70659,70547,19247,89794,980
2023-03-21,Inyo,027,18085,4784,4774,1322,6096,63
2023-03-21,Kern,029,883053,231297,230695,73940,304635,2492
2023-03-21,Kings,031,150075,63023,63014,4506,67520,485
2023-03-21,Lake,033,64148,13691,13686,1282,14968,162
2023-03-21,Lassen,035,31185,10273,10272,1067,11339,67
2023-03-21,Los Angeles,037,10098052,3504220,3501151,221230,3722381,35698
2023-03-21,Madera,039,155013,46481,46443,8924,55367,378
2023-03-21,Marin,041,260295,41011,49435,5725,55160,317
2023-03-21,Mariposa,043,17540,3369,3366,359,3725,33
2023-03-21,Mendocino,045,87422,16939,16935,4836,21771,144
2023-03-21,Merced,047,269075,77713,76912,12976,89888,903
2023-03-21,Modoc,049,8938,959,959,375,1334,11
2023-03-21,Mono,051,14174,3336,3336,303,3639,8
2023-03-21,Monterey,053,433212,98494,98451,24442,122893,806
2023-03-21,Napa,055,140530,34746,34556,1523,36079,174
2023-03-21,Nevada,057,99092,20227,20217,2341,22558,138
2023-03-21,Orange,059,3164182,716433,712690,79180,791870,8003
2023-03-21,Placer,061,380077,81561,81483,10386,91869,683
2023-03-21,Plumas,063,18699,3838,3840,461,4301,15
2023-03-21,Riverside,065,2383286,737680,736530,41957,778487,6869
2023-03-21,Sacramento,067,1510023,373480,372735,38650,411385,3548
2023-03-21,San Benito,069,59416,17726,17709,1144,18853,118
2023-03-21,San Bernardino,071,2135413,712605,711341,34798,746139,8171
2023-03-21,San Diego,073,3302833,989246,988863,81710,1070573,5820
2023-03-21,San Francisco,075,870044,197766,197525,13468,210993,1181
2023-03-21,San Joaquin,077,732212,210998,210894,17055,227949,2426
2023-03-21,San Luis Obispo,079,281455,66694,66669,8189,74858,568
2023-03-21,San Mateo,081,765935,184585,183983,11233,195216,751
2023-03-21,Santa Barbara,083,443738,112583,112545,7773,120318,765
2023-03-21,Santa Clara,085,1922200,479081,477584,21522,499106,2740
2023-03-21,Santa Cruz,087,273765,68821,68746,4019,72765,276
2023-03-21,Shasta,089,179085,36593,36537,8365,44902,607
2023-03-21,Sierra,091,2930,313,313,61,374,5
2023-03-21,Siskiyou,093,43540,5484,5481,3447,8928,96
2023-03-21,Solano,095,438530,114484,114503,8738,123241,482
2023-03-21,Sonoma,097,501317,114240,114180,5831,120011,559
2023-03-21,Stanislaus,099,539301,145797,145700,23231,168931,1845
2023-03-21,Sutter,101,95872,25835,25830,2546,28376,241
2023-03-21,Tehama,103,63373,14507,14496,3435,17931,234
2023-03-21,Trinity,105,12862,1475,1476,506,1982,25
2023-03-21,Tulare,107,460477,129000,128856,40894,169750,1583
2023-03-21,Tuolumne,109,53932,16979,16971,1014,17985,211
2023-03-21,Ventura,111,848112,221611,221498,18221,239719,1683
2023-03-21,Yolo,113,214977,50274,50227,4990,55217,448
2023-03-21,Yuba,115,75493,20117,20112,1897,22009,135
2023-03-20,Alameda,001,1643700,382214,380370,22759,403129,2193
2023-03-20,Alpine,002,1148,139,139,4,143,0
2023-03-20,Amador,005,37829,10613,10601,973,11574,99
2023-03-20,Butte,007,227075,41829,41747,10323,52070,491
2023-03-20,Calaveras,009,45235,9037,9027,645,9672,140
2023-03-20,Colusa,011,21464,4006,4003,1384,5387,22
2023-03-20,Contra Costa,013,1133247,274590,273918,22488,296406,1564
2023-03-20,Del Norte,015,27424,7947,7944,485,8429,60
2023-03-20,El Dorado,017,186661,34715,34661,4571,39232,245
2023-03-20,Fresno,019,978130,295887,295109,35253,330362,3003
2023-03-20,Glenn,021,27897,5807,5798,2022,7820,58
2023-03-20,Humboldt,023,135768,23471,23401,5947,29348,170
2023-03-20,Imperial,025,180216,70630,70339,19235,89574,978
2023-03-20,Inyo,027,18085,4780,4769,1322,6091,63
2023-03-20,Kern,029,883053,231270,230440,73899,304339,2485
2023-03-20,Kings,031,150075,63016,62966,4506,67472,481
2023-03-20,Lake,033,64148,13688,13672,1282,14954,160
2023-03-20,Lassen,035,31185,10272,10264,1067,11331,66
2023-03-20,Los Angeles,037,10098052,3503768,3497355,221143,3718498,35618
2023-03-20,Madera,039,155013,46474,46384,8923,55307,378
2023-03-20,Marin,041,260295,40991,49333,5722,55055,317
2023-03-20,Mariposa,043,17540,3369,3364,359,3723,33
2023-03-20,Mendocino,045,87422,16938,16927,4836,21763,144
2023-03-20,Merced,047,269075,77693,76802,12974,89776,903
2023-03-20,Modoc,049,8938,959,958,375,1333,11
2023-03-20,Mono,051,14174,3336,3332,303,3635,8
2023-03-20,Monterey,053,433212,98486,98385,24425,122810,804
2023-03-20,Napa,055,140530,34737,34526,1523,36049,170
2023-03-20,Nevada,057,99092,20218,20193,2341,22534,138
2023-03-20,Orange,059,3164182,716332,711799,79147,790946,7982
2023-03-20,Placer,061,380077,81547,81348,10382,91730,682
2023-03-20,Plumas,063,18699,3838,3835,461,4296,15
2023-03-20,Riverside,065,2383286,737579,735836,41932,777768,6854
2023-03-20,Sacramento,067,1510023,373406,372164,38640,410804,3535
2023-03-20,San Benito,069,59416,17722,17674,1144,18818,118
2023-03-20,San Bernardino,071,2135413,712521,710710,34791,745501,8170
2023-03-20,San Diego,073,3302833,989106,987731,81679,1069410,5810
2023-03-20,San Francisco,075,870044,197713,197071,13463,210534,1180
2023-03-20,San Joaquin,077,732212,210965,210560,17053,227613,2422
2023-03-20,San Luis Obispo,079,281455,66685,66604,8188,74792,564
2023-03-20,San Mateo,081,765935,184546,183649,11230,194879,751
2023-03-20,Santa Barbara,083,443738,112574,112433,7773,120206,764
2023-03-20,Santa Clara,085,1922200,478950,476757,21513,498270,2732
2023-03-20,Santa Cruz,087,273765,68794,68613,4016,72629,276
2023-03-20,Shasta,089,179085,36589,36511,8362,44873,607
2023-03-20,Sierra,091,2930,313,311,61,372,5
2023-03-20,Siskiyou,093,43540,5483,5477,3447,8924,96
2023-03-20,Solano,095,438530,114462,114323,8735,123058,482
2023-03-20,Sonoma,097,501317,114211,113981,5831,119812,559
2023-03-20,Stanislaus,099,539301,145761,145514,23226,168740,1845
2023-03-20,Sutter,101,95872,25830,25794,2545,28339,243
2023-03-20,Tehama,103,63373,14507,14477,3435,17912,234
2023-03-20,Trinity,105,12862,1475,1476,506,1982,25
2023-03-20,Tulare,107,460477,128986,128711,40888,169599,1581
2023-03-20,Tuolumne,109,53932,16978,16944,1014,17958,203
2023-03-20,Ventura,111,848112,221584,221293,18217,239510,1681
2023-03-20,Yolo,113,214977,50259,50166,4990,55156,446
2023-03-20,Yuba,115,75493,20116,20085,1896,21981,135
2023-03-19,Alameda,001,1643700,382087,380370,22735,403105,2193
2023-03-19,Alpine,002,1148,139,139,4,143,0
2023-03-19,Amador,005,37829,10607,10601,973,11574,99
2023-03-19,Butte,007,227075,41822,41747,10319,52066,491
2023-03-19,Calaveras,009,45235,9034,9027,645,9672,140
2023-03-19,Colusa,011,21464,4005,4003,1382,5385,22
2023-03-19,Contra Costa,013,1133247,274516,273918,22485,296403,1564
2023-03-19,Del Norte,015,27424,7947,7944,485,8429,60
2023-03-19,El Dorado,017,186661,34703,34661,4571,39232,245
2023-03-19,Fresno,019,978130,295832,295109,35240,330349,3003
2023-03-19,Glenn,021,27897,5807,5798,2022,7820,58
2023-03-19,Humboldt,023,135768,23470,23401,5944,29345,170
2023-03-19,Imperial,025,180216,70596,70339,19202,89541,978
2023-03-19,Inyo,027,18085,4775,4769,1317,6086,63
2023-03-19,Kern,029,883053,231239,230440,73871,304311,2485
2023-03-19,Kings,031,150075,63016,62966,4504,67470,481
2023-03-19,Lake,033,64148,13687,13672,1282,14954,160
2023-03-19,Lassen,035,31185,10272,10264,1067,11331,66
2023-03-19,Los Angeles,037,10098052,3503247,3497355,221038,3718393,35618
2023-03-19,Madera,039,155013,46465,46384,8922,55306,378
2023-03-19,Marin,041,260295,40982,49333,5720,55053,317
2023-03-19,Mariposa,043,17540,3368,3364,359,3723,33
2023-03-19,Mendocino,045,87422,16934,16927,4836,21763,144
2023-03-19,Merced,047,269075,77666,76802,12972,89774,903
2023-03-19,Modoc,049,8938,958,958,375,1333,11
2023-03-19,Mono,051,14174,3336,3332,303,3635,8
2023-03-19,Monterey,053,433212,98481,98385,24412,122797,804
2023-03-19,Napa,055,140530,34732,34526,1523,36049,170
2023-03-19,Nevada,057,99092,20215,20193,2341,22534,138
2023-03-19,Orange,059,3164182,716213,711799,79105,790904,7982
2023-03-19,Placer,061,380077,81524,81348,10378,91726,682
2023-03-19,Plumas,063,18699,3838,3835,461,4296,15
2023-03-19,Riverside,065,2383286,737472,735836,41906,777742,6854
2023-03-19,Sacramento,067,1510023,373330,372164,38619,410783,3535
2023-03-19,San Benito,069,59416,17701,17674,1142,18816,118
2023-03-19,San Bernardino,071,2135413,712430,710710,34767,745477,8170
2023-03-19,San Diego,073,3302833,988920,987731,81635,1069366,5810
2023-03-19,San Francisco,075,870044,197630,197071,13455,210526,1180
2023-03-19,San Joaquin,077,732212,210912,210560,17050,227610,2422
2023-03-19,San Luis Obispo,079,281455,66674,66604,8185,74789,564
2023-03-19,San Mateo,081,765935,184491,183649,11226,194875,751
2023-03-19,Santa Barbara,083,443738,112557,112433,7766,120199,764
2023-03-19,Santa Clara,085,1922200,478841,476757,21500,498257,2732
2023-03-19,Santa Cruz,087,273765,68763,68613,4012,72625,276
2023-03-19,Shasta,089,179085,36588,36511,8361,44872,607
2023-03-19,Sierra,091,2930,313,311,61,372,5
2023-03-19,Siskiyou,093,43540,5482,5477,3447,8924,96
2023-03-19,Solano,095,438530,114421,114323,8731,123054,482
2023-03-19,Sonoma,097,501317,114180,113981,5829,119810,559
2023-03-19,Stanislaus,099,539301,145731,145514,23218,168732,1845
2023-03-19,Sutter,101,95872,25823,25794,2545,28339,243
2023-03-19,Tehama,103,63373,14506,14477,3434,17911,234
2023-03-19,Trinity,105,12862,1475,1476,506,1982,25
2023-03-19,Tulare,107,460477,128967,128711,40875,169586,1581
2023-03-19,Tuolumne,109,53932,16977,16944,1014,17958,203
2023-03-19,Ventura,111,848112,221561,221293,18216,239509,1681
2023-03-19,Yolo,113,214977,50251,50166,4985,55151,446
2023-03-19,Yuba,115,75493,20113,20085,1895,21980,135
2023-03-18,Alameda,001,1643700,382019,380370,22720,403090,2193
2023-03-18,Alpine,002,1148,139,139,4,143,0
2023-03-18,Amador,005,37829,10605,10601,973,11574,99
2023-03-18,Butte,007,227075,41818,41747,10315,52062,491
2023-03-18,Calaveras,009,45235,9033,9027,645,9672,140
2023-03-18,Colusa,011,21464,4004,4003,1382,5385,22
2023-03-18,Contra Costa,013,1133247,274470,273918,22481,296399,1564
2023-03-18,Del Norte,015,27424,7947,7944,484,8428,60
2023-03-18,El Dorado,017,186661,34700,34661,4570,39231,245
2023-03-18,Fresno,019,978130,295789,295109,35236,330345,3003
2023-03-18,Glenn,021,27897,5806,5798,2022,7820,58
2023-03-18,Humboldt,023,135768,23469,23401,5944,29345,170
2023-03-18,Imperial,025,180216,70585,70339,19201,89540,978
2023-03-18,Inyo,027,18085,4775,4769,1317,6086,63
2023-03-18,Kern,029,883053,231224,230440,73848,304288,2485
2023-03-18,Kings,031,150075,63013,62966,4504,67470,481
2023-03-18,Lake,033,64148,13687,13672,1282,14954,160
2023-03-18,Lassen,035,31185,10272,10264,1067,11331,66
2023-03-18,Los Angeles,037,10098052,3503008,3497355,220980,3718335,35618
2023-03-18,Madera,039,155013,46459,46384,8921,55305,378
2023-03-18,Marin,041,260295,40974,49333,5719,55052,317
2023-03-18,Mariposa,043,17540,3368,3364,359,3723,33
2023-03-18,Mendocino,045,87422,16934,16927,4836,21763,144
2023-03-18,Merced,047,269075,77658,76802,12972,89774,903
2023-03-18,Modoc,049,8938,958,958,375,1333,11
2023-03-18,Mono,051,14174,3336,3332,303,3635,8
2023-03-18,Monterey,053,433212,98477,98385,24396,122781,804
2023-03-18,Napa,055,140530,34729,34526,1523,36049,170
2023-03-18,Nevada,057,99092,20214,20193,2339,22532,138
2023-03-18,Orange,059,3164182,716124,711799,79094,790893,7982
2023-03-18,Placer,061,380077,81518,81348,10377,91725,682
2023-03-18,Plumas,063,18699,3838,3835,461,4296,15
2023-03-18,Riverside,065,2383286,737422,735836,41891,777727,6854
2023-03-18,Sacramento,067,1510023,373283,372164,38616,410780,3535
2023-03-18,San Benito,069,59416,17697,17674,1142,18816,118
2023-03-18,San Bernardino,071,2135413,712385,710710,34765,745475,8170
2023-03-18,San Diego,073,3302833,988822,987731,81628,1069359,5810
2023-03-18,San Francisco,075,870044,197590,197071,13451,210522,1180
2023-03-18,San Joaquin,077,732212,210904,210560,17049,227609,2422
2023-03-18,San Luis Obispo,079,281455,66669,66604,8185,74789,564
2023-03-18,San Mateo,081,765935,184459,183649,11224,194873,751
2023-03-18,Santa Barbara,083,443738,112545,112433,7766,120199,764
2023-03-18,Santa Clara,085,1922200,478753,476757,21496,498253,2732
2023-03-18,Santa Cruz,087,273765,68753,68613,4012,72625,276
2023-03-18,Shasta,089,179085,36585,36511,8360,44871,607
2023-03-18,Sierra,091,2930,313,311,61,372,5
2023-03-18,Siskiyou,093,43540,5482,5477,3447,8924,96
2023-03-18,Solano,095,438530,114403,114323,8728,123051,482
2023-03-18,Sonoma,097,501317,114166,113981,5829,119810,559
2023-03-18,Stanislaus,099,539301,145710,145514,23214,168728,1845
2023-03-18,Sutter,101,95872,25817,25794,2545,28339,243
2023-03-18,Tehama,103,63373,14506,14477,3433,17910,234
2023-03-18,Trinity,105,12862,1475,1476,506,1982,25
2023-03-18,Tulare,107,460477,128958,128711,40868,169579,1581
2023-03-18,Tuolumne,109,53932,16974,16944,1014,17958,203
2023-03-18,Ventura,111,848112,221535,221293,18215,239508,1681
2023-03-18,Yolo,113,214977,50246,50166,4984,55150,446
2023-03-18,Yuba,115,75493,20111,20085,1895,21980,135
2023-03-17,Alameda,001,1643700,381945,380370,22713,403083,2193
2023-03-17,Alpine,002,1148,139,139,4,143,0
2023-03-17,Amador,005,37829,10602,10601,973,11574,99
2023-03-17,Butte,007,227075,41813,41747,10314,52061,491
2023-03-17,Calaveras,009,45235,9032,9027,645,9672,140
2023-03-17,Colusa,011,21464,4003,4003,1381,5384,22
2023-03-17,Contra Costa,013,1133247,274421,273918,22481,296399,1564
2023-03-17,Del Norte,015,27424,7947,7944,484,8428,60
2023-03-17,El Dorado,017,186661,34698,34661,4570,39231,245
2023-03-17,Fresno,019,978130,295742,295109,35231,330340,3003
2023-03-17,Glenn,021,27897,5805,5798,2021,7819,58
2023-03-17,Humboldt,023,135768,23466,23401,5944,29345,170
2023-03-17,Imperial,025,180216,70576,70339,19198,89537,978
2023-03-17,Inyo,027,18085,4774,4769,1316,6085,63
2023-03-17,Kern,029,883053,231207,230440,73833,304273,2485
2023-03-17,Kings,031,150075,63010,62966,4504,67470,481
2023-03-17,Lake,033,64148,13687,13672,1282,14954,160
2023-03-17,Lassen,035,31185,10272,10264,1067,11331,66
2023-03-17,Los Angeles,037,10098052,3502666,3497355,220924,3718279,35618
2023-03-17,Madera,039,155013,46453,46384,8919,55303,378
2023-03-17,Marin,041,260295,40967,49333,5716,55049,317
2023-03-17,Mariposa,043,17540,3368,3364,359,3723,33
2023-03-17,Mendocino,045,87422,16931,16927,4836,21763,144
2023-03-17,Merced,047,269075,77651,76802,12972,89774,903
2023-03-17,Modoc,049,8938,958,958,375,1333,11
2023-03-17,Mono,051,14174,3335,3332,303,3635,8
2023-03-17,Monterey,053,433212,98467,98385,24391,122776,804
2023-03-17,Napa,055,140530,34724,34526,1523,36049,170
2023-03-17,Nevada,057,99092,20213,20193,2338,22531,138
2023-03-17,Orange,059,3164182,716059,711799,79070,790869,7982
2023-03-17,Placer,061,380077,81502,81348,10376,91724,682
2023-03-17,Plumas,063,18699,3838,3835,461,4296,15
2023-03-17,Riverside,065,2383286,737357,735836,41880,777716,6854
2023-03-17,Sacramento,067,1510023,373231,372164,38614,410778,3535
2023-03-17,San Benito,069,59416,17696,17674,1142,18816,118
2023-03-17,San Bernardino,071,2135413,712334,710710,34760,745470,8170
2023-03-17,San Diego,073,3302833,988725,987731,81614,1069345,5810
2023-03-17,San Francisco,075,870044,197547,197071,13449,210520,1180
2023-03-17,San Joaquin,077,732212,210884,210560,17045,227605,2422
2023-03-17,San Luis Obispo,079,281455,66665,66604,8183,74787,564
2023-03-17,San Mateo,081,765935,184435,183649,11222,194871,751
2023-03-17,Santa Barbara,083,443738,112528,112433,7766,120199,764
2023-03-17,Santa Clara,085,1922200,478655,476757,21493,498250,2732
2023-03-17,Santa Cruz,087,273765,68744,68613,4010,72623,276
2023-03-17,Shasta,089,179085,36583,36511,8359,44870,607
2023-03-17,Sierra,091,2930,312,311,61,372,5
2023-03-17,Siskiyou,093,43540,5482,5477,3447,8924,96
2023-03-17,Solano,095,438530,114396,114323,8728,123051,482
2023-03-17,Sonoma,097,501317,114149,113981,5829,119810,559
2023-03-17,Stanislaus,099,539301,145685,145514,23210,168724,1845
2023-03-17,Sutter,101,95872,25814,25794,2545,28339,243
2023-03-17,Tehama,103,63373,14501,14477,3433,17910,234
2023-03-17,Trinity,105,12862,1475,1476,506,1982,25
2023-03-17,Tulare,107,460477,128945,128711,40863,169574,1581
2023-03-17,Tuolumne,109,53932,16972,16944,1014,17958,203
2023-03-17,Ventura,111,848112,221514,221293,18210,239503,1681
2023-03-17,Yolo,113,214977,50237,50166,4979,55145,446
2023-03-17,Yuba,115,75493,20110,20085,1895,21980,135
2023-03-16,Alameda,001,1643700,381823,380370,22698,403068,2193
2023-03-16,Alpine,002,1148,139,139,4,143,0
2023-03-16,Amador,005,37829,10601,10601,973,11574,99
2023-03-16,Butte,007,227075,41806,41747,10311,52058,491
2023-03-16,Calaveras,009,45235,9031,9027,645,9672,140
2023-03-16,Colusa,011,21464,4003,4003,1381,5384,22
2023-03-16,Contra Costa,013,1133247,274379,273918,22477,296395,1564
2023-03-16,Del Norte,015,27424,7947,7944,483,8427,60
2023-03-16,El Dorado,017,186661,34694,34661,4570,39231,245
2023-03-16,Fresno,019,978130,295693,295109,35225,330334,3003
2023-03-16,Glenn,021,27897,5804,5798,2020,7818,58
2023-03-16,Humboldt,023,135768,23461,23401,5944,29345,170
2023-03-16,Imperial,025,180216,70556,70339,19188,89527,978
2023-03-16,Inyo,027,18085,4772,4769,1316,6085,63
2023-03-16,Kern,029,883053,231177,230440,73814,304254,2485
2023-03-16,Kings,031,150075,63008,62966,4502,67468,481
2023-03-16,Lake,033,64148,13685,13672,1282,14954,160
2023-03-16,Lassen,035,31185,10272,10264,1067,11331,66
2023-03-16,Los Angeles,037,10098052,3502182,3497355,220824,3718179,35618
2023-03-16,Madera,039,155013,46448,46384,8917,55301,378
2023-03-16,Marin,041,260295,40948,49333,5716,55049,317
2023-03-16,Mariposa,043,17540,3367,3364,359,3723,33
2023-03-16,Mendocino,045,87422,16931,16927,4835,21762,144
2023-03-16,Merced,047,269075,77636,76802,12970,89772,903
2023-03-16,Modoc,049,8938,958,958,375,1333,11
2023-03-16,Mono,051,14174,3334,3332,303,3635,8
2023-03-16,Monterey,053,433212,98457,98385,24379,122764,804
2023-03-16,Napa,055,140530,34716,34526,1523,36049,170
2023-03-16,Nevada,057,99092,20210,20193,2337,22530,138
2023-03-16,Orange,059,3164182,715951,711799,79028,790827,7982
2023-03-16,Placer,061,380077,81475,81348,10373,91721,682
2023-03-16,Plumas,063,18699,3838,3835,461,4296,15
2023-03-16,Riverside,065,2383286,737284,735836,41863,777699,6854
2023-03-16,Sacramento,067,1510023,373159,372164,38601,410765,3535
2023-03-16,San Benito,069,59416,17696,17674,1142,18816,118
2023-03-16,San Bernardino,071,2135413,712248,710710,34751,745461,8170
2023-03-16,San Diego,073,3302833,988568,987731,81588,1069319,5810
2023-03-16,San Francisco,075,870044,197504,197071,13442,210513,1180
2023-03-16,San Joaquin,077,732212,210840,210560,17041,227601,2422
2023-03-16,San Luis Obispo,079,281455,66660,66604,8180,74784,564
2023-03-16,San Mateo,081,765935,184394,183649,11218,194867,751
2023-03-16,Santa Barbara,083,443738,112512,112433,7762,120195,764
2023-03-16,Santa Clara,085,1922200,478537,476757,21484,498241,2732
2023-03-16,Santa Cruz,087,273765,68727,68613,4005,72618,276
2023-03-16,Shasta,089,179085,36580,36511,8355,44866,607
2023-03-16,Sierra,091,2930,312,311,61,372,5
2023-03-16,Siskiyou,093,43540,5481,5477,3447,8924,96
2023-03-16,Solano,095,438530,114367,114323,8724,123047,482
2023-03-16,Sonoma,097,501317,114106,113981,5826,119807,559
2023-03-16,Stanislaus,099,539301,145658,145514,23207,168721,1845
2023-03-16,Sutter,101,95872,25806,25794,2545,28339,243
2023-03-16,Tehama,103,63373,14499,14477,3432,17909,234
2023-03-16,Trinity,105,12862,1475,1476,506,1982,25
2023-03-16,Tulare,107,460477,128912,128711,40853,169564,1581
2023-03-16,Tuolumne,109,53932,16971,16944,1014,17958,203
2023-03-16,Ventura,111,848112,221489,221293,18204,239497,1681
2023-03-16,Yolo,113,214977,50231,50166,4971,55137,446
2023-03-16,Yuba,115,75493,20107,20085,1893,21978,135
2023-03-15,Alameda,001,1643700,381704,380370,22674,403044,2193
2023-03-15,Alpine,002,1148,139,139,4,143,0
2023-03-15,Amador,005,37829,10599,10601,973,11574,99
2023-03-15,Butte,007,227075,41801,41747,10308,52055,491
2023-03-15,Calaveras,009,45235,9030,9027,645,9672,140
2023-03-15,Colusa,011,21464,4003,4003,1381,5384,22
2023-03-15,Contra Costa,013,1133247,274306,273918,22472,296390,1564
2023-03-15,Del Norte,015,27424,7947,7944,483,8427,60
2023-03-15,El Dorado,017,186661,34690,34661,4570,39231,245
2023-03-15,Fresno,019,978130,295638,295109,35213,330322,3003
2023-03-15,Glenn,021,27897,5803,5798,2020,7818,58
2023-03-15,Humboldt,023,135768,23458,23401,5942,29343,170
2023-03-15,Imperial,025,180216,70532,70339,19171,89510,978
2023-03-15,Inyo,027,18085,4772,4769,1316,6085,63
2023-03-15,Kern,029,883053,231144,230440,73790,304230,2485
2023-03-15,Kings,031,150075,62999,62966,4501,67467,481
2023-03-15,Lake,033,64148,13682,13672,1282,14954,160
2023-03-15,Lassen,035,31185,10270,10264,1067,11331,66
2023-03-15,Los Angeles,037,10098052,3501573,3497355,220743,3718098,35618
2023-03-15,Madera,039,155013,46443,46384,8917,55301,378
2023-03-15,Marin,041,260295,40934,49333,5714,55047,317
2023-03-15,Mariposa,043,17540,3367,3364,359,3723,33
2023-03-15,Mendocino,045,87422,16931,16927,4835,21762,144
2023-03-15,Merced,047,269075,77622,76802,12969,89771,903
2023-03-15,Modoc,049,8938,958,958,375,1333,11
2023-03-15,Mono,051,14174,3332,3332,303,3635,8
2023-03-15,Monterey,053,433212,98446,98385,24359,122744,804
2023-03-15,Napa,055,140530,34714,34526,1523,36049,170
2023-03-15,Nevada,057,99092,20208,20193,2337,22530,138
2023-03-15,Orange,059,3164182,715825,711799,78994,790793,7982
2023-03-15,Placer,061,380077,81462,81348,10372,91720,682
2023-03-15,Plumas,063,18699,3838,3835,461,4296,15
2023-03-15,Riverside,065,2383286,737208,735836,41843,777679,6854
2023-03-15,Sacramento,067,1510023,373098,372164,38594,410758,3535
2023-03-15,San Benito,069,59416,17692,17674,1142,18816,118
2023-03-15,San Bernardino,071,2135413,712165,710710,34747,745457,8170
2023-03-15,San Diego,073,3302833,988400,987731,81542,1069273,5810
2023-03-15,San Francisco,075,870044,197434,197071,13438,210509,1180
2023-03-15,San Joaquin,077,732212,210779,210560,17040,227600,2422
2023-03-15,San Luis Obispo,079,281455,66656,66604,8178,74782,564
2023-03-15,San Mateo,081,765935,184349,183649,11214,194863,751
2023-03-15,Santa Barbara,083,443738,112503,112433,7761,120194,764
2023-03-15,Santa Clara,085,1922200,478433,476757,21473,498230,2732
2023-03-15,Santa Cruz,087,273765,68707,68613,4000,72613,276
2023-03-15,Shasta,089,179085,36579,36511,8355,44866,607
2023-03-15,Sierra,091,2930,312,311,61,372,5
2023-03-15,Siskiyou,093,43540,5481,5477,3445,8922,96
2023-03-15,Solano,095,438530,114334,114323,8722,123045,482
2023-03-15,Sonoma,097,501317,114081,113981,5824,119805,559
2023-03-15,Stanislaus,099,539301,145618,145514,23205,168719,1845
2023-03-15,Sutter,101,95872,25799,25794,2545,28339,243
2023-03-15,Tehama,103,63373,14499,14477,3432,17909,234
2023-03-15,Trinity,105,12862,1475,1476,506,1982,25
2023-03-15,Tulare,107,460477,128904,128711,40846,169557,1581
2023-03-15,Tuolumne,109,53932,16966,16944,1014,17958,203
2023-03-15,Ventura,111,848112,221460,221293,18200,239493,1681
2023-03-15,Yolo,113,214977,50223,50166,4970,55136,446
2023-03-15,Yuba,115,75493,20103,20085,1893,21978,135
2023-03-14,Alameda,001,1643700,381586,380370,22662,403032,2193
2023-03-14,Alpine,002,1148,139,139,4,143,0
2023-03-14,Amador,005,37829,10598,10601,973,11574,99
2023-03-14,Butte,007,227075,41792,41747,10306,52053,491
2023-03-14,Calaveras,009,45235,9028,9027,645,9672,140
2023-03-14,Colusa,011,21464,4003,4003,1381,5384,22
2023-03-14,Contra Costa,013,1133247,274231,273918,22471,296389,1564
2023-03-14,Del Norte,015,27424,7946,7944,481,8425,60
2023-03-14,El Dorado,017,186661,34681,34661,4570,39231,245
2023-03-14,Fresno,019,978130,295579,295109,35198,330307,3003
2023-03-14,Glenn,021,27897,5803,5798,2020,7818,58
2023-03-14,Humboldt,023,135768,23452,23401,5941,29342,170
2023-03-14,Imperial,025,180216,70509,70339,19155,89494,978
2023-03-14,Inyo,027,18085,4770,4769,1315,6084,63
2023-03-14,Kern,029,883053,231107,230440,73760,304200,2485
2023-03-14,Kings,031,150075,62990,62966,4501,67467,481
2023-03-14,Lake,033,64148,13680,13672,1282,14954,160
2023-03-14,Lassen,035,31185,10268,10264,1066,11330,66
2023-03-14,Los Angeles,037,10098052,3501060,3497355,220651,3718006,35618
2023-03-14,Madera,039,155013,46430,46384,8917,55301,378
2023-03-14,Marin,041,260295,40918,49333,5714,55047,317
2023-03-14,Mariposa,043,17540,3367,3364,359,3723,33
2023-03-14,Mendocino,045,87422,16930,16927,4835,21762,144
2023-03-14,Merced,047,269075,77602,76802,12962,89764,903
2023-03-14,Modoc,049,8938,958,958,375,1333,11
2023-03-14,Mono,051,14174,3332,3332,303,3635,8
2023-03-14,Monterey,053,433212,98438,98385,24340,122725,804
2023-03-14,Napa,055,140530,34710,34526,1522,36048,170
2023-03-14,Nevada,057,99092,20204,20193,2337,22530,138
2023-03-14,Orange,059,3164182,715699,711799,78958,790757,7982
2023-03-14,Placer,061,380077,81435,81348,10372,91720,682
2023-03-14,Plumas,063,18699,3836,3835,461,4296,15
2023-03-14,Riverside,065,2383286,737108,735836,41823,777659,6854
2023-03-14,Sacramento,067,1510023,373011,372164,38580,410744,3535
2023-03-14,San Benito,069,59416,17685,17674,1142,18816,118
2023-03-14,San Bernardino,071,2135413,712092,710710,34736,745446,8170
2023-03-14,San Diego,073,3302833,988206,987731,81501,1069232,5810
2023-03-14,San Francisco,075,870044,197382,197071,13433,210504,1180
2023-03-14,San Joaquin,077,732212,210735,210560,17040,227600,2422
2023-03-14,San Luis Obispo,079,281455,66645,66604,8177,74781,564
2023-03-14,San Mateo,081,765935,184304,183649,11210,194859,751
2023-03-14,Santa Barbara,083,443738,112477,112433,7760,120193,764
2023-03-14,Santa Clara,085,1922200,478316,476757,21462,498219,2732
2023-03-14,Santa Cruz,087,273765,68691,68613,3999,72612,276
2023-03-14,Shasta,089,179085,36574,36511,8352,44863,607
2023-03-14,Sierra,091,2930,312,311,61,372,5
2023-03-14,Siskiyou,093,43540,5480,5477,3445,8922,96
2023-03-14,Solano,095,438530,114299,114323,8721,123044,482
2023-03-14,Sonoma,097,501317,114062,113981,5824,119805,559
2023-03-14,Stanislaus,099,539301,145592,145514,23199,168713,1845
2023-03-14,Sutter,101,95872,25797,25794,2545,28339,243
2023-03-14,Tehama,103,63373,14493,14477,3430,17907,234
2023-03-14,Trinity,105,12862,1475,1476,506,1982,25
2023-03-14,Tulare,107,460477,128883,128711,40839,169550,1581
2023-03-14,Tuolumne,109,53932,16965,16944,1014,17958,203
2023-03-14,Ventura,111,848112,221431,221293,18193,239486,1681
2023-03-14,Yolo,113,214977,50209,50166,4968,55134,446
2023-03-14,Yuba,115,75493,20099,20085,1893,21978,135
2023-03-13,Alameda,001,1643700,381449,379541,22646,402187,2192
2023-03-13,Alpine,002,1148,139,139,4,143,0
2023-03-13,Amador,005,37829,10598,10582,973,11555,99
2023-03-13,Butte,007,227075,41785,41706,10300,52006,487
2023-03-13,Calaveras,009,45235,9028,9009,645,9654,140
2023-03-13,Colusa,011,21464,4002,3995,1380,5375,22
2023-03-13,Contra Costa,013,1133247,274157,273314,22467,295781,1559
2023-03-13,Del Norte,015,27424,7945,7937,481,8418,60
2023-03-13,El Dorado,017,186661,34669,34622,4570,39192,245
2023-03-13,Fresno,019,978130,295516,294640,35177,329817,3001
2023-03-13,Glenn,021,27897,5803,5791,2020,7811,58
2023-03-13,Humboldt,023,135768,23450,23392,5938,29330,170
2023-03-13,Imperial,025,180216,70472,70108,19131,89239,978
2023-03-13,Inyo,027,18085,4770,4768,1315,6083,63
2023-03-13,Kern,029,883053,231066,230141,73724,303865,2481
2023-03-13,Kings,031,150075,62976,62890,4500,67390,481
2023-03-13,Lake,033,64148,13676,13661,1282,14943,157
2023-03-13,Lassen,035,31185,10268,10255,1065,11320,66
2023-03-13,Los Angeles,037,10098052,3500559,3492824,220548,3713372,35545
2023-03-13,Madera,039,155013,46420,46322,8916,55238,378
2023-03-13,Marin,041,260295,40903,49217,5713,54930,317
2023-03-13,Mariposa,043,17540,3367,3360,359,3719,33
2023-03-13,Mendocino,045,87422,16927,16909,4835,21744,143
2023-03-13,Merced,047,269075,77589,76684,12961,89645,903
2023-03-13,Modoc,049,8938,958,956,375,1331,11
2023-03-13,Mono,051,14174,3332,3331,302,3633,8
2023-03-13,Monterey,053,433212,98427,98282,24326,122608,804
2023-03-13,Napa,055,140530,34707,34458,1522,35980,170
2023-03-13,Nevada,057,99092,20201,20173,2337,22510,133
2023-03-13,Orange,059,3164182,715589,710847,78920,789767,7966
2023-03-13,Placer,061,380077,81423,81163,10370,91533,682
2023-03-13,Plumas,063,18699,3836,3830,461,4291,15
2023-03-13,Riverside,065,2383286,736988,734898,41804,776702,6853
2023-03-13,Sacramento,067,1510023,372917,371378,38571,409949,3530
2023-03-13,San Benito,069,59416,17681,17658,1142,18800,117
2023-03-13,San Bernardino,071,2135413,712001,709951,34728,744679,8170
2023-03-13,San Diego,073,3302833,987986,986445,81464,1067909,5799
2023-03-13,San Francisco,075,870044,197295,196540,13429,209969,1178
2023-03-13,San Joaquin,077,732212,210691,210181,17034,227215,2421
2023-03-13,San Luis Obispo,079,281455,66637,66519,8171,74690,561
2023-03-13,San Mateo,081,765935,184237,183227,11200,194427,751
2023-03-13,Santa Barbara,083,443738,112463,112255,7759,120014,763
2023-03-13,Santa Clara,085,1922200,478157,475754,21450,497204,2727
2023-03-13,Santa Cruz,087,273765,68673,68493,3996,72489,276
2023-03-13,Shasta,089,179085,36571,36485,8351,44836,607
2023-03-13,Sierra,091,2930,312,311,61,372,5
2023-03-13,Siskiyou,093,43540,5479,5467,3444,8911,96
2023-03-13,Solano,095,438530,114277,114105,8717,122822,482
2023-03-13,Sonoma,097,501317,114027,113762,5824,119586,556
2023-03-13,Stanislaus,099,539301,145561,145296,23194,168490,1845
2023-03-13,Sutter,101,95872,25792,25768,2545,28313,241
2023-03-13,Tehama,103,63373,14493,14471,3429,17900,234
2023-03-13,Trinity,105,12862,1475,1476,506,1982,24
2023-03-13,Tulare,107,460477,128867,128533,40827,169360,1578
2023-03-13,Tuolumne,109,53932,16964,16918,1014,17932,203
2023-03-13,Ventura,111,848112,221408,221062,18190,239252,1678
2023-03-13,Yolo,113,214977,50205,50100,4962,55062,443
2023-03-13,Yuba,115,75493,20098,20055,1893,21948,135
2023-03-12,Alameda,001,1643700,381290,379541,22630,402171,2192
2023-03-12,Alpine,002,1148,139,139,4,143,0
2023-03-12,Amador,005,37829,10597,10582,973,11555,99
2023-03-12,Butte,007,227075,41783,41706,10298,52004,487
2023-03-12,Calaveras,009,45235,9027,9009,644,9653,140
2023-03-12,Colusa,011,21464,4002,3995,1379,5374,22
2023-03-12,Contra Costa,013,1133247,274070,273314,22460,295774,1559
2023-03-12,Del Norte,015,27424,7944,7937,477,8414,60
2023-03-12,El Dorado,017,186661,34665,34622,4569,39191,245
2023-03-12,Fresno,019,978130,295446,294640,35167,329807,3001
2023-03-12,Glenn,021,27897,5803,5791,2019,7810,58
2023-03-12,Humboldt,023,135768,23442,23392,5935,29327,170
2023-03-12,Imperial,025,180216,70445,70108,19100,89208,978
2023-03-12,Inyo,027,18085,4770,4768,1314,6082,63
2023-03-12,Kern,029,883053,231006,230141,73675,303816,2481
2023-03-12,Kings,031,150075,62968,62890,4500,67390,481
2023-03-12,Lake,033,64148,13675,13661,1282,14943,157
2023-03-12,Lassen,035,31185,10266,10255,1065,11320,66
2023-03-12,Los Angeles,037,10098052,3499825,3492824,220441,3713265,35545
2023-03-12,Madera,039,155013,46408,46322,8914,55236,378
2023-03-12,Marin,041,260295,40886,49217,5710,54927,317
2023-03-12,Mariposa,043,17540,3366,3360,359,3719,33
2023-03-12,Mendocino,045,87422,16925,16909,4835,21744,143
2023-03-12,Merced,047,269075,77572,76684,12959,89643,903
2023-03-12,Modoc,049,8938,958,956,375,1331,11
2023-03-12,Mono,051,14174,3332,3331,302,3633,8
2023-03-12,Monterey,053,433212,98415,98282,24302,122584,804
2023-03-12,Napa,055,140530,34699,34458,1522,35980,170
2023-03-12,Nevada,057,99092,20197,20173,2337,22510,133
2023-03-12,Orange,059,3164182,715424,710847,78864,789711,7966
2023-03-12,Placer,061,380077,81393,81163,10367,91530,682
2023-03-12,Plumas,063,18699,3836,3830,461,4291,15
2023-03-12,Riverside,065,2383286,736804,734898,41780,776678,6853
2023-03-12,Sacramento,067,1510023,372773,371378,38546,409924,3530
2023-03-12,San Benito,069,59416,17678,17658,1140,18798,117
2023-03-12,San Bernardino,071,2135413,711840,709951,34721,744672,8170
2023-03-12,San Diego,073,3302833,987765,986445,81428,1067873,5799
2023-03-12,San Francisco,075,870044,197189,196540,13422,209962,1178
2023-03-12,San Joaquin,077,732212,210618,210181,17021,227202,2421
2023-03-12,San Luis Obispo,079,281455,66626,66519,8168,74687,561
2023-03-12,San Mateo,081,765935,184173,183227,11191,194418,751
2023-03-12,Santa Barbara,083,443738,112441,112255,7757,120012,763
2023-03-12,Santa Clara,085,1922200,477976,475754,21431,497185,2727
2023-03-12,Santa Cruz,087,273765,68644,68493,3992,72485,276
2023-03-12,Shasta,089,179085,36570,36485,8349,44834,607
2023-03-12,Sierra,091,2930,312,311,61,372,5
2023-03-12,Siskiyou,093,43540,5475,5467,3444,8911,96
2023-03-12,Solano,095,438530,114218,114105,8709,122814,482
2023-03-12,Sonoma,097,501317,113993,113762,5815,119577,556
2023-03-12,Stanislaus,099,539301,145542,145296,23181,168477,1845
2023-03-12,Sutter,101,95872,25787,25768,2545,28313,241
2023-03-12,Tehama,103,63373,14490,14471,3429,17900,234
2023-03-12,Trinity,105,12862,1475,1476,506,1982,24
2023-03-12,Tulare,107,460477,128837,128533,40805,169338,1578
2023-03-12,Tuolumne,109,53932,16961,16918,1014,17932,203
2023-03-12,Ventura,111,848112,221382,221062,18182,239244,1678
2023-03-12,Yolo,113,214977,50192,50100,4956,55056,443
2023-03-12,Yuba,115,75493,20090,20055,1891,21946,135
2023-03-11,Alameda,001,1643700,381218,379541,22619,402160,2192
2023-03-11,Alpine,002,1148,139,139,4,143,0
2023-03-11,Amador,005,37829,10597,10582,973,11555,99
2023-03-11,Butte,007,227075,41782,41706,10297,52003,487
2023-03-11,Calaveras,009,45235,9026,9009,644,9653,140
2023-03-11,Colusa,011,21464,4001,3995,1379,5374,22
2023-03-11,Contra Costa,013,1133247,274013,273314,22457,295771,1559
2023-03-11,Del Norte,015,27424,7944,7937,477,8414,60
2023-03-11,El Dorado,017,186661,34658,34622,4569,39191,245
2023-03-11,Fresno,019,978130,295412,294640,35161,329801,3001
2023-03-11,Glenn,021,27897,5802,5791,2019,7810,58
2023-03-11,Humboldt,023,135768,23441,23392,5934,29326,170
2023-03-11,Imperial,025,180216,70429,70108,19099,89207,978
2023-03-11,Inyo,027,18085,4770,4768,1314,6082,63
2023-03-11,Kern,029,883053,230969,230141,73647,303788,2481
2023-03-11,Kings,031,150075,62961,62890,4500,67390,481
2023-03-11,Lake,033,64148,13674,13661,1282,14943,157
2023-03-11,Lassen,035,31185,10266,10255,1065,11320,66
2023-03-11,Los Angeles,037,10098052,3499483,3492824,220387,3713211,35545
2023-03-11,Madera,039,155013,46403,46322,8914,55236,378
2023-03-11,Marin,041,260295,40876,49217,5710,54927,317
2023-03-11,Mariposa,043,17540,3365,3360,359,3719,33
2023-03-11,Mendocino,045,87422,16924,16909,4835,21744,143
2023-03-11,Merced,047,269075,77560,76684,12958,89642,903
2023-03-11,Modoc,049,8938,958,956,375,1331,11
2023-03-11,Mono,051,14174,3332,3331,302,3633,8
2023-03-11,Monterey,053,433212,98408,98282,24285,122567,804
2023-03-11,Napa,055,140530,34695,34458,1522,35980,170
2023-03-11,Nevada,057,99092,20197,20173,2337,22510,133
2023-03-11,Orange,059,3164182,715335,710847,78832,789679,7966
2023-03-11,Placer,061,380077,81379,81163,10365,91528,682
2023-03-11,Plumas,063,18699,3836,3830,461,4291,15
2023-03-11,Riverside,065,2383286,736728,734898,41760,776658,6853
2023-03-11,Sacramento,067,1510023,372715,371378,38534,409912,3530
2023-03-11,San Benito,069,59416,17678,17658,1139,18797,117
2023-03-11,San Bernardino,071,2135413,711788,709951,34716,744667,8170
2023-03-11,San Diego,073,3302833,987631,986445,81404,1067849,5799
2023-03-11,San Francisco,075,870044,197147,196540,13418,209958,1178
2023-03-11,San Joaquin,077,732212,210580,210181,17014,227195,2421
2023-03-11,San Luis Obispo,079,281455,66614,66519,8164,74683,561
2023-03-11,San Mateo,081,765935,184135,183227,11191,194418,751
2023-03-11,Santa Barbara,083,443738,112420,112255,7757,120012,763
2023-03-11,Santa Clara,085,1922200,477878,475754,21422,497176,2727
2023-03-11,Santa Cruz,087,273765,68626,68493,3990,72483,276
2023-03-11,Shasta,089,179085,36567,36485,8349,44834,607
2023-03-11,Sierra,091,2930,312,311,61,372,5
2023-03-11,Siskiyou,093,43540,5473,5467,3444,8911,96
2023-03-11,Solano,095,438530,114206,114105,8708,122813,482
2023-03-11,Sonoma,097,501317,113969,113762,5814,119576,556
2023-03-11,Stanislaus,099,539301,145524,145296,23179,168475,1845
2023-03-11,Sutter,101,95872,25785,25768,2544,28312,241
2023-03-11,Tehama,103,63373,14487,14471,3427,17898,234
2023-03-11,Trinity,105,12862,1475,1476,506,1982,24
2023-03-11,Tulare,107,460477,128823,128533,40797,169330,1578
2023-03-11,Tuolumne,109,53932,16960,16918,1014,17932,203
2023-03-11,Ventura,111,848112,221358,221062,18180,239242,1678
2023-03-11,Yolo,113,214977,50190,50100,4953,55053,443
2023-03-11,Yuba,115,75493,20086,20055,1890,21945,135
2023-03-10,Alameda,001,1643700,381117,379541,22612,402153,2192
2023-03-10,Alpine,002,1148,139,139,4,143,0
2023-03-10,Amador,005,37829,10596,10582,973,11555,99
2023-03-10,Butte,007,227075,41777,41706,10292,51998,487
2023-03-10,Calaveras,009,45235,9025,9009,644,9653,140
2023-03-10,Colusa,011,21464,4001,3995,1379,5374,22
2023-03-10,Contra Costa,013,1133247,273959,273314,22451,295765,1559
2023-03-10,Del Norte,015,27424,7943,7937,477,8414,60
2023-03-10,El Dorado,017,186661,34652,34622,4569,39191,245
2023-03-10,Fresno,019,978130,295362,294640,35153,329793,3001
2023-03-10,Glenn,021,27897,5800,5791,2019,7810,58
2023-03-10,Humboldt,023,135768,23438,23392,5933,29325,170
2023-03-10,Imperial,025,180216,70405,70108,19095,89203,978
2023-03-10,Inyo,027,18085,4770,4768,1313,6081,63
2023-03-10,Kern,029,883053,230945,230141,73623,303764,2481
2023-03-10,Kings,031,150075,62953,62890,4499,67389,481
2023-03-10,Lake,033,64148,13674,13661,1282,14943,157
2023-03-10,Lassen,035,31185,10264,10255,1065,11320,66
2023-03-10,Los Angeles,037,10098052,3499086,3492824,220332,3713156,35545
2023-03-10,Madera,039,155013,46399,46322,8913,55235,378
2023-03-10,Marin,041,260295,40866,49217,5710,54927,317
2023-03-10,Mariposa,043,17540,3365,3360,359,3719,33
2023-03-10,Mendocino,045,87422,16921,16909,4835,21744,143
2023-03-10,Merced,047,269075,77552,76684,12958,89642,903
2023-03-10,Modoc,049,8938,958,956,375,1331,11
2023-03-10,Mono,051,14174,3332,3331,302,3633,8
2023-03-10,Monterey,053,433212,98397,98282,24262,122544,804
2023-03-10,Napa,055,140530,34689,34458,1522,35980,170
2023-03-10,Nevada,057,99092,20195,20173,2337,22510,133
2023-03-10,Orange,059,3164182,715250,710847,78801,789648,7966
2023-03-10,Placer,061,380077,81359,81163,10364,91527,682
2023-03-10,Plumas,063,18699,3836,3830,460,4290,15
2023-03-10,Riverside,065,2383286,736643,734898,41748,776646,6853
2023-03-10,Sacramento,067,1510023,372652,371378,38525,409903,3530
2023-03-10,San Benito,069,59416,17678,17658,1139,18797,117
2023-03-10,San Bernardino,071,2135413,711716,709951,34711,744662,8170
2023-03-10,San Diego,073,3302833,987496,986445,81379,1067824,5799
2023-03-10,San Francisco,075,870044,197100,196540,13416,209956,1178
2023-03-10,San Joaquin,077,732212,210544,210181,17010,227191,2421
2023-03-10,San Luis Obispo,079,281455,66603,66519,8164,74683,561
2023-03-10,San Mateo,081,765935,184097,183227,11191,194418,751
2023-03-10,Santa Barbara,083,443738,112405,112255,7757,120012,763
2023-03-10,Santa Clara,085,1922200,477785,475754,21411,497165,2727
2023-03-10,Santa Cruz,087,273765,68612,68493,3990,72483,276
2023-03-10,Shasta,089,179085,36564,36485,8349,44834,607
2023-03-10,Sierra,091,2930,312,311,61,372,5
2023-03-10,Siskiyou,093,43540,5472,5467,3444,8911,96
2023-03-10,Solano,095,438530,114186,114105,8703,122808,482
2023-03-10,Sonoma,097,501317,113958,113762,5813,119575,556
2023-03-10,Stanislaus,099,539301,145504,145296,23178,168474,1845
2023-03-10,Sutter,101,95872,25782,25768,2544,28312,241
2023-03-10,Tehama,103,63373,14486,14471,3426,17897,234
2023-03-10,Trinity,105,12862,1475,1476,506,1982,24
2023-03-10,Tulare,107,460477,128807,128533,40782,169315,1578
2023-03-10,Tuolumne,109,53932,16960,16918,1014,17932,203
2023-03-10,Ventura,111,848112,221338,221062,18178,239240,1678
2023-03-10,Yolo,113,214977,50182,50100,4953,55053,443
2023-03-10,Yuba,115,75493,20080,20055,1889,21944,135
2023-03-09,Alameda,001,1643700,381007,379541,22597,402138,2192
2023-03-09,Alpine,002,1148,139,139,4,143,0
2023-03-09,Amador,005,37829,10591,10582,973,11555,99
2023-03-09,Butte,007,227075,41774,41706,10290,51996,487
2023-03-09,Calaveras,009,45235,9022,9009,644,9653,140
2023-03-09,Colusa,011,21464,4000,3995,1377,5372,22
2023-03-09,Contra Costa,013,1133247,273865,273314,22441,295755,1559
2023-03-09,Del Norte,015,27424,7940,7937,476,8413,60
2023-03-09,El Dorado,017,186661,34642,34622,4568,39190,245
2023-03-09,Fresno,019,978130,295313,294640,35136,329776,3001
2023-03-09,Glenn,021,27897,5796,5791,2018,7809,58
2023-03-09,Humboldt,023,135768,23434,23392,5933,29325,170
2023-03-09,Imperial,025,180216,70372,70108,19079,89187,978
2023-03-09,Inyo,027,18085,4770,4768,1313,6081,63
2023-03-09,Kern,029,883053,230870,230141,73598,303739,2481
2023-03-09,Kings,031,150075,62949,62890,4497,67387,481
2023-03-09,Lake,033,64148,13670,13661,1282,14943,157
2023-03-09,Lassen,035,31185,10264,10255,1065,11320,66
2023-03-09,Los Angeles,037,10098052,3498554,3492824,220239,3713063,35545
2023-03-09,Madera,039,155013,46394,46322,8911,55233,378
2023-03-09,Marin,041,260295,40847,49217,5710,54927,317
2023-03-09,Mariposa,043,17540,3364,3360,359,3719,33
2023-03-09,Mendocino,045,87422,16917,16909,4835,21744,143
2023-03-09,Merced,047,269075,77538,76684,12953,89637,903
2023-03-09,Modoc,049,8938,958,956,375,1331,11
2023-03-09,Mono,051,14174,3332,3331,302,3633,8
2023-03-09,Monterey,053,433212,98386,98282,24249,122531,804
2023-03-09,Napa,055,140530,34676,34458,1522,35980,170
2023-03-09,Nevada,057,99092,20193,20173,2336,22509,133
2023-03-09,Orange,059,3164182,715125,710847,78754,789601,7966
2023-03-09,Placer,061,380077,81343,81163,10362,91525,682
2023-03-09,Plumas,063,18699,3833,3830,460,4290,15
2023-03-09,Riverside,065,2383286,736533,734898,41723,776621,6853
2023-03-09,Sacramento,067,1510023,372557,371378,38508,409886,3530
2023-03-09,San Benito,069,59416,17676,17658,1139,18797,117
2023-03-09,San Bernardino,071,2135413,711622,709951,34701,744652,8170
2023-03-09,San Diego,073,3302833,987308,986445,81350,1067795,5799
2023-03-09,San Francisco,075,870044,197008,196540,13411,209951,1178
2023-03-09,San Joaquin,077,732212,210487,210181,17008,227189,2421
2023-03-09,San Luis Obispo,079,281455,66594,66519,8163,74682,561
2023-03-09,San Mateo,081,765935,184047,183227,11187,194414,751
2023-03-09,Santa Barbara,083,443738,112389,112255,7752,120007,763
2023-03-09,Santa Clara,085,1922200,477644,475754,21402,497156,2727
2023-03-09,Santa Cruz,087,273765,68601,68493,3989,72482,276
2023-03-09,Shasta,089,179085,36559,36485,8348,44833,607
2023-03-09,Sierra,091,2930,312,311,61,372,5
2023-03-09,Siskiyou,093,43540,5471,5467,3444,8911,96
2023-03-09,Solano,095,438530,114153,114105,8702,122807,482
2023-03-09,Sonoma,097,501317,113927,113762,5813,119575,556
2023-03-09,Stanislaus,099,539301,145467,145296,23173,168469,1845
2023-03-09,Sutter,101,95872,25779,25768,2543,28311,241
2023-03-09,Tehama,103,63373,14483,14471,3422,17893,234
2023-03-09,Trinity,105,12862,1475,1476,506,1982,24
2023-03-09,Tulare,107,460477,128787,128533,40764,169297,1578
2023-03-09,Tuolumne,109,53932,16957,16918,1014,17932,203
2023-03-09,Ventura,111,848112,221307,221062,18175,239237,1678
2023-03-09,Yolo,113,214977,50171,50100,4948,55048,443
2023-03-09,Yuba,115,75493,20079,20055,1888,21943,135
2023-03-08,Alameda,001,1643700,380870,379541,22583,402124,2192
2023-03-08,Alpine,002,1148,139,139,4,143,0
2023-03-08,Amador,005,37829,10588,10582,973,11555,99
2023-03-08,Butte,007,227075,41767,41706,10287,51993,487
2023-03-08,Calaveras,009,45235,9021,9009,644,9653,140
2023-03-08,Colusa,011,21464,3999,3995,1376,5371,22
2023-03-08,Contra Costa,013,1133247,273765,273314,22437,295751,1559
2023-03-08,Del Norte,015,27424,7939,7937,476,8413,60
2023-03-08,El Dorado,017,186661,34636,34622,4564,39186,245
2023-03-08,Fresno,019,978130,295255,294640,35121,329761,3001
2023-03-08,Glenn,021,27897,5794,5791,2018,7809,58
2023-03-08,Humboldt,023,135768,23426,23392,5932,29324,170
2023-03-08,Imperial,025,180216,70338,70108,19069,89177,978
2023-03-08,Inyo,027,18085,4770,4768,1313,6081,63
2023-03-08,Kern,029,883053,230822,230141,73566,303707,2481
2023-03-08,Kings,031,150075,62941,62890,4496,67386,481
2023-03-08,Lake,033,64148,13670,13661,1282,14943,157
2023-03-08,Lassen,035,31185,10263,10255,1065,11320,66
2023-03-08,Los Angeles,037,10098052,3497911,3492824,220144,3712968,35545
2023-03-08,Madera,039,155013,46387,46322,8909,55231,378
2023-03-08,Marin,041,260295,40829,49217,5709,54926,317
2023-03-08,Mariposa,043,17540,3363,3360,359,3719,33
2023-03-08,Mendocino,045,87422,16915,16909,4834,21743,143
2023-03-08,Merced,047,269075,77521,76684,12950,89634,903
2023-03-08,Modoc,049,8938,958,956,375,1331,11
2023-03-08,Mono,051,14174,3331,3331,302,3633,8
2023-03-08,Monterey,053,433212,98377,98282,24231,122513,804
2023-03-08,Napa,055,140530,34669,34458,1522,35980,170
2023-03-08,Nevada,057,99092,20191,20173,2335,22508,133
2023-03-08,Orange,059,3164182,714967,710847,78709,789556,7966
2023-03-08,Placer,061,380077,81307,81163,10360,91523,682
2023-03-08,Plumas,063,18699,3833,3830,460,4290,15
2023-03-08,Riverside,065,2383286,736399,734898,41691,776589,6853
2023-03-08,Sacramento,067,1510023,372435,371378,38499,409877,3530
2023-03-08,San Benito,069,59416,17674,17658,1139,18797,117
2023-03-08,San Bernardino,071,2135413,711531,709951,34694,744645,8170
2023-03-08,San Diego,073,3302833,987122,986445,81307,1067752,5799
2023-03-08,San Francisco,075,870044,196935,196540,13411,209951,1178
2023-03-08,San Joaquin,077,732212,210435,210181,17004,227185,2421
2023-03-08,San Luis Obispo,079,281455,66578,66519,8163,74682,561
2023-03-08,San Mateo,081,765935,183987,183227,11183,194410,751
2023-03-08,Santa Barbara,083,443738,112362,112255,7745,120000,763
2023-03-08,Santa Clara,085,1922200,477458,475754,21396,497150,2727
2023-03-08,Santa Cruz,087,273765,68585,68493,3984,72477,276
2023-03-08,Shasta,089,179085,36551,36485,8344,44829,607
2023-03-08,Sierra,091,2930,312,311,61,372,5
2023-03-08,Siskiyou,093,43540,5470,5467,3444,8911,96
2023-03-08,Solano,095,438530,114124,114105,8696,122801,482
2023-03-08,Sonoma,097,501317,113898,113762,5808,119570,556
2023-03-08,Stanislaus,099,539301,145434,145296,23171,168467,1845
2023-03-08,Sutter,101,95872,25775,25768,2543,28311,241
2023-03-08,Tehama,103,63373,14478,14471,3421,17892,234
2023-03-08,Trinity,105,12862,1475,1476,506,1982,24
2023-03-08,Tulare,107,460477,128767,128533,40734,169267,1578
2023-03-08,Tuolumne,109,53932,16957,16918,1014,17932,203
2023-03-08,Ventura,111,848112,221270,221062,18172,239234,1678
2023-03-08,Yolo,113,214977,50157,50100,4945,55045,443
2023-03-08,Yuba,115,75493,20075,20055,1884,21939,135
2023-03-07,Alameda,001,1643700,380727,379541,22559,402100,2192
2023-03-07,Alpine,002,1148,139,139,4,143,0
2023-03-07,Amador,005,37829,10587,10582,973,11555,99
2023-03-07,Butte,007,227075,41759,41706,10282,51988,487
2023-03-07,Calaveras,009,45235,9021,9009,644,9653,140
2023-03-07,Colusa,011,21464,3999,3995,1375,5370,22
2023-03-07,Contra Costa,013,1133247,273664,273314,22436,295750,1559
2023-03-07,Del Norte,015,27424,7937,7937,476,8413,60
2023-03-07,El Dorado,017,186661,34631,34622,4563,39185,245
2023-03-07,Fresno,019,978130,295201,294640,35106,329746,3001
2023-03-07,Glenn,021,27897,5794,5791,2018,7809,58
2023-03-07,Humboldt,023,135768,23424,23392,5931,29323,170
2023-03-07,Imperial,025,180216,70296,70108,19055,89163,978
2023-03-07,Inyo,027,18085,4770,4768,1311,6079,63
2023-03-07,Kern,029,883053,230779,230141,73527,303668,2481
2023-03-07,Kings,031,150075,62930,62890,4492,67382,481
2023-03-07,Lake,033,64148,13669,13661,1282,14943,157
2023-03-07,Lassen,035,31185,10263,10255,1065,11320,66
2023-03-07,Los Angeles,037,10098052,3497275,3492824,220037,3712861,35545
2023-03-07,Madera,039,155013,46378,46322,8908,55230,378
2023-03-07,Marin,041,260295,40819,49217,5708,54925,317
2023-03-07,Mariposa,043,17540,3363,3360,359,3719,33
2023-03-07,Mendocino,045,87422,16913,16909,4834,21743,143
2023-03-07,Merced,047,269075,77505,76684,12948,89632,903
2023-03-07,Modoc,049,8938,958,956,375,1331,11
2023-03-07,Mono,051,14174,3331,3331,302,3633,8
2023-03-07,Monterey,053,433212,98364,98282,24218,122500,804
2023-03-07,Napa,055,140530,34659,34458,1522,35980,170
2023-03-07,Nevada,057,99092,20185,20173,2331,22504,133
2023-03-07,Orange,059,3164182,714813,710847,78645,789492,7966
2023-03-07,Placer,061,380077,81281,81163,10357,91520,682
2023-03-07,Plumas,063,18699,3831,3830,460,4290,15
2023-03-07,Riverside,065,2383286,736243,734898,41667,776565,6853
2023-03-07,Sacramento,067,1510023,372323,371378,38471,409849,3530
2023-03-07,San Benito,069,59416,17671,17658,1138,18796,117
2023-03-07,San Bernardino,071,2135413,711417,709951,34683,744634,8170
2023-03-07,San Diego,073,3302833,986904,986445,81279,1067724,5799
2023-03-07,San Francisco,075,870044,196848,196540,13403,209943,1178
2023-03-07,San Joaquin,077,732212,210385,210181,16997,227178,2421
2023-03-07,San Luis Obispo,079,281455,66568,66519,8160,74679,561
2023-03-07,San Mateo,081,765935,183924,183227,11176,194403,751
2023-03-07,Santa Barbara,083,443738,112336,112255,7744,119999,763
2023-03-07,Santa Clara,085,1922200,477285,475754,21377,497131,2727
2023-03-07,Santa Cruz,087,273765,68578,68493,3980,72473,276
2023-03-07,Shasta,089,179085,36550,36485,8341,44826,607
2023-03-07,Sierra,091,2930,312,311,61,372,5
2023-03-07,Siskiyou,093,43540,5469,5467,3444,8911,96
2023-03-07,Solano,095,438530,114091,114105,8688,122793,482
2023-03-07,Sonoma,097,501317,113870,113762,5807,119569,556
2023-03-07,Stanislaus,099,539301,145408,145296,23164,168460,1845
2023-03-07,Sutter,101,95872,25766,25768,2543,28311,241
2023-03-07,Tehama,103,63373,14478,14471,3420,17891,234
2023-03-07,Trinity,105,12862,1475,1476,506,1982,24
2023-03-07,Tulare,107,460477,128737,128533,40725,169258,1578
2023-03-07,Tuolumne,109,53932,16955,16918,1014,17932,203
2023-03-07,Ventura,111,848112,221227,221062,18168,239230,1678
2023-03-07,Yolo,113,214977,50143,50100,4943,55043,443
2023-03-07,Yuba,115,75493,20070,20055,1884,21939,135
2023-03-06,Alameda,001,1643700,380588,378544,22546,401090,2184
2023-03-06,Alpine,002,1148,139,139,4,143,0
2023-03-06,Amador,005,37829,10584,10569,973,11542,99
2023-03-06,Butte,007,227075,41747,41655,10279,51934,487
2023-03-06,Calaveras,009,45235,9014,8993,644,9637,140
2023-03-06,Colusa,011,21464,3998,3984,1375,5359,22
2023-03-06,Contra Costa,013,1133247,273572,272604,22424,295028,1556
2023-03-06,Del Norte,015,27424,7937,7930,476,8406,60
2023-03-06,El Dorado,017,186661,34622,34553,4563,39116,244
2023-03-06,Fresno,019,978130,295131,294108,35087,329195,2994
2023-03-06,Glenn,021,27897,5793,5788,2017,7805,58
2023-03-06,Humboldt,023,135768,23422,23359,5931,29290,169
2023-03-06,Imperial,025,180216,70257,69938,19040,88978,975
2023-03-06,Inyo,027,18085,4770,4763,1311,6074,63
2023-03-06,Kern,029,883053,230731,229772,73479,303251,2476
2023-03-06,Kings,031,150075,62916,62825,4492,67317,481
2023-03-06,Lake,033,64148,13665,13639,1282,14921,155
2023-03-06,Lassen,035,31185,10262,10250,1065,11315,66
2023-03-06,Los Angeles,037,10098052,3496685,3487619,219904,3707523,35453
2023-03-06,Madera,039,155013,46370,46225,8905,55130,378
2023-03-06,Marin,041,260295,40804,49072,5705,54777,317
2023-03-06,Mariposa,043,17540,3362,3360,359,3719,33
2023-03-06,Mendocino,045,87422,16910,16880,4834,21714,143
2023-03-06,Merced,047,269075,77487,76442,12944,89386,903
2023-03-06,Modoc,049,8938,957,955,374,1329,11
2023-03-06,Mono,051,14174,3331,3326,302,3628,8
2023-03-06,Monterey,053,433212,98355,98109,24192,122301,800
2023-03-06,Napa,055,140530,34652,34402,1522,35924,170
2023-03-06,Nevada,057,99092,20183,20146,2330,22476,133
2023-03-06,Orange,059,3164182,714676,709802,78586,788388,7943
2023-03-06,Placer,061,380077,81255,80996,10352,91348,682
2023-03-06,Plumas,063,18699,3831,3830,460,4290,15
2023-03-06,Riverside,065,2383286,736081,734008,41636,775644,6842
2023-03-06,Sacramento,067,1510023,372207,370439,38446,408885,3534
2023-03-06,San Benito,069,59416,17668,17637,1138,18775,116
2023-03-06,San Bernardino,071,2135413,711293,709085,34670,743755,8170
2023-03-06,San Diego,073,3302833,986670,985023,81240,1066263,5785
2023-03-06,San Francisco,075,870044,196745,195947,13393,209340,1174
2023-03-06,San Joaquin,077,732212,210320,209753,16991,226744,2420
2023-03-06,San Luis Obispo,079,281455,66559,66407,8158,74565,561
2023-03-06,San Mateo,081,765935,183866,182769,11172,193941,750
2023-03-06,Santa Barbara,083,443738,112313,112122,7744,119866,761
2023-03-06,Santa Clara,085,1922200,477116,474566,21356,495922,2715
2023-03-06,Santa Cruz,087,273765,68564,68315,3978,72293,276
2023-03-06,Shasta,089,179085,36544,36444,8337,44781,607
2023-03-06,Sierra,091,2930,312,311,61,372,5
2023-03-06,Siskiyou,093,43540,5469,5462,3444,8906,95
2023-03-06,Solano,095,438530,114048,113771,8685,122456,482
2023-03-06,Sonoma,097,501317,113832,113535,5807,119342,554
2023-03-06,Stanislaus,099,539301,145366,145047,23152,168199,1845
2023-03-06,Sutter,101,95872,25765,25728,2543,28271,238
2023-03-06,Tehama,103,63373,14476,14454,3418,17872,222
2023-03-06,Trinity,105,12862,1475,1474,506,1980,24
2023-03-06,Tulare,107,460477,128703,128286,40707,168993,1577
2023-03-06,Tuolumne,109,53932,16946,16875,1014,17889,203
2023-03-06,Ventura,111,848112,221178,220793,18167,238960,1673
2023-03-06,Yolo,113,214977,50133,50031,4940,54971,443
2023-03-06,Yuba,115,75493,20064,20015,1883,21898,134
2023-03-05,Alameda,001,1643700,380432,378544,22529,401073,2184
2023-03-05,Alpine,002,1148,139,139,4,143,0
2023-03-05,Amador,005,37829,10578,10569,973,11542,99
2023-03-05,Butte,007,227075,41742,41655,10277,51932,487
2023-03-05,Calaveras,009,45235,9010,8993,644,9637,140
2023-03-05,Colusa,011,21464,3994,3984,1372,5356,22
2023-03-05,Contra Costa,013,1133247,273452,272604,22419,295023,1556
2023-03-05,Del Norte,015,27424,7937,7930,475,8405,60
2023-03-05,El Dorado,017,186661,34609,34553,4562,39115,244
2023-03-05,Fresno,019,978130,295055,294108,35067,329175,2994
2023-03-05,Glenn,021,27897,5791,5788,2017,7805,58
2023-03-05,Humboldt,023,135768,23415,23359,5930,29289,169
2023-03-05,Imperial,025,180216,70214,69938,19021,88959,975
2023-03-05,Inyo,027,18085,4769,4763,1311,6074,63
2023-03-05,Kern,029,883053,230683,229772,73431,303203,2476
2023-03-05,Kings,031,150075,62899,62825,4491,67316,481
2023-03-05,Lake,033,64148,13663,13639,1282,14921,155
2023-03-05,Lassen,035,31185,10261,10250,1065,11315,66
2023-03-05,Los Angeles,037,10098052,3495921,3487619,219760,3707379,35453
2023-03-05,Madera,039,155013,46361,46225,8904,55129,378
2023-03-05,Marin,041,260295,40778,49072,5704,54776,317
2023-03-05,Mariposa,043,17540,3362,3360,359,3719,33
2023-03-05,Mendocino,045,87422,16908,16880,4834,21714,143
2023-03-05,Merced,047,269075,77463,76442,12937,89379,903
2023-03-05,Modoc,049,8938,957,955,374,1329,11
2023-03-05,Mono,051,14174,3330,3326,302,3628,8
2023-03-05,Monterey,053,433212,98328,98109,24171,122280,800
2023-03-05,Napa,055,140530,34641,34402,1522,35924,170
2023-03-05,Nevada,057,99092,20179,20146,2327,22473,133
2023-03-05,Orange,059,3164182,714507,709802,78527,788329,7943
2023-03-05,Placer,061,380077,81223,80996,10347,91343,682
2023-03-05,Plumas,063,18699,3831,3830,460,4290,15
2023-03-05,Riverside,065,2383286,735930,734008,41611,775619,6842
2023-03-05,Sacramento,067,1510023,372049,370439,38419,408858,3534
2023-03-05,San Benito,069,59416,17667,17637,1138,18775,116
2023-03-05,San Bernardino,071,2135413,711175,709085,34654,743739,8170
2023-03-05,San Diego,073,3302833,986407,985023,81197,1066220,5785
2023-03-05,San Francisco,075,870044,196646,195947,13384,209331,1174
2023-03-05,San Joaquin,077,732212,210239,209753,16983,226736,2420
2023-03-05,San Luis Obispo,079,281455,66535,66407,8157,74564,561
2023-03-05,San Mateo,081,765935,183790,182769,11168,193937,750
2023-03-05,Santa Barbara,083,443738,112282,112122,7737,119859,761
2023-03-05,Santa Clara,085,1922200,476927,474566,21330,495896,2715
2023-03-05,Santa Cruz,087,273765,68528,68315,3977,72292,276
2023-03-05,Shasta,089,179085,36538,36444,8334,44778,607
2023-03-05,Sierra,091,2930,312,311,61,372,5
2023-03-05,Siskiyou,093,43540,5468,5462,3444,8906,95
2023-03-05,Solano,095,438530,113994,113771,8677,122448,482
2023-03-05,Sonoma,097,501317,113801,113535,5806,119341,554
2023-03-05,Stanislaus,099,539301,145324,145047,23140,168187,1845
2023-03-05,Sutter,101,95872,25763,25728,2543,28271,238
2023-03-05,Tehama,103,63373,14476,14454,3417,17871,222
2023-03-05,Trinity,105,12862,1475,1474,506,1980,24
2023-03-05,Tulare,107,460477,128667,128286,40694,168980,1577
2023-03-05,Tuolumne,109,53932,16945,16875,1013,17888,203
2023-03-05,Ventura,111,848112,221137,220793,18164,238957,1673
2023-03-05,Yolo,113,214977,50123,50031,4937,54968,443
2023-03-05,Yuba,115,75493,20060,20015,1883,21898,134
2023-03-04,Alameda,001,1643700,380348,378544,22519,401063,2184
2023-03-04,Alpine,002,1148,139,139,4,143,0
2023-03-04,Amador,005,37829,10577,10569,973,11542,99
2023-03-04,Butte,007,227075,41738,41655,10274,51929,487
2023-03-04,Calaveras,009,45235,9008,8993,644,9637,140
2023-03-04,Colusa,011,21464,3992,3984,1372,5356,22
2023-03-04,Contra Costa,013,1133247,273382,272604,22418,295022,1556
2023-03-04,Del Norte,015,27424,7937,7930,475,8405,60
2023-03-04,El Dorado,017,186661,34608,34553,4562,39115,244
2023-03-04,Fresno,019,978130,295027,294108,35062,329170,2994
2023-03-04,Glenn,021,27897,5791,5788,2017,7805,58
2023-03-04,Humboldt,023,135768,23414,23359,5930,29289,169
2023-03-04,Imperial,025,180216,70201,69938,19019,88957,975
2023-03-04,Inyo,027,18085,4769,4763,1311,6074,63
2023-03-04,Kern,029,883053,230664,229772,73397,303169,2476
2023-03-04,Kings,031,150075,62893,62825,4491,67316,481
2023-03-04,Lake,033,64148,13663,13639,1282,14921,155
2023-03-04,Lassen,035,31185,10261,10250,1065,11315,66
2023-03-04,Los Angeles,037,10098052,3495522,3487619,219672,3707291,35453
2023-03-04,Madera,039,155013,46357,46225,8903,55128,378
2023-03-04,Marin,041,260295,40760,49072,5704,54776,317
2023-03-04,Mariposa,043,17540,3362,3360,359,3719,33
2023-03-04,Mendocino,045,87422,16905,16880,4834,21714,143
2023-03-04,Merced,047,269075,77457,76442,12937,89379,903
2023-03-04,Modoc,049,8938,956,955,374,1329,11
2023-03-04,Mono,051,14174,3330,3326,302,3628,8
2023-03-04,Monterey,053,433212,98319,98109,24160,122269,800
2023-03-04,Napa,055,140530,34637,34402,1522,35924,170
2023-03-04,Nevada,057,99092,20179,20146,2326,22472,133
2023-03-04,Orange,059,3164182,714421,709802,78480,788282,7943
2023-03-04,Placer,061,380077,81204,80996,10343,91339,682
2023-03-04,Plumas,063,18699,3831,3830,460,4290,15
2023-03-04,Riverside,065,2383286,735846,734008,41591,775599,6842
2023-03-04,Sacramento,067,1510023,371957,370439,38398,408837,3534
2023-03-04,San Benito,069,59416,17667,17637,1138,18775,116
2023-03-04,San Bernardino,071,2135413,711092,709085,34649,743734,8170
2023-03-04,San Diego,073,3302833,986295,985023,81179,1066202,5785
2023-03-04,San Francisco,075,870044,196584,195947,13382,209329,1174
2023-03-04,San Joaquin,077,732212,210197,209753,16977,226730,2420
2023-03-04,San Luis Obispo,079,281455,66527,66407,8155,74562,561
2023-03-04,San Mateo,081,765935,183749,182769,11167,193936,750
2023-03-04,Santa Barbara,083,443738,112271,112122,7737,119859,761
2023-03-04,Santa Clara,085,1922200,476832,474566,21313,495879,2715
2023-03-04,Santa Cruz,087,273765,68523,68315,3976,72291,276
2023-03-04,Shasta,089,179085,36538,36444,8333,44777,607
2023-03-04,Sierra,091,2930,312,311,61,372,5
2023-03-04,Siskiyou,093,43540,5468,5462,3444,8906,95
2023-03-04,Solano,095,438530,113968,113771,8671,122442,482
2023-03-04,Sonoma,097,501317,113783,113535,5806,119341,554
2023-03-04,Stanislaus,099,539301,145297,145047,23135,168182,1845
2023-03-04,Sutter,101,95872,25761,25728,2543,28271,238
2023-03-04,Tehama,103,63373,14474,14454,3417,17871,222
2023-03-04,Trinity,105,12862,1475,1474,506,1980,24
2023-03-04,Tulare,107,460477,128646,128286,40676,168962,1577
2023-03-04,Tuolumne,109,53932,16940,16875,1013,17888,203
2023-03-04,Ventura,111,848112,221118,220793,18160,238953,1673
2023-03-04,Yolo,113,214977,50117,50031,4933,54964,443
2023-03-04,Yuba,115,75493,20059,20015,1881,21896,134
2023-03-03,Alameda,001,1643700,380255,378544,22505,401049,2184
2023-03-03,Alpine,002,1148,139,139,4,143,0
2023-03-03,Amador,005,37829,10577,10569,973,11542,99
2023-03-03,Butte,007,227075,41733,41655,10270,51925,487
2023-03-03,Calaveras,009,45235,9008,8993,644,9637,140
2023-03-03,Colusa,011,21464,3989,3984,1372,5356,22
2023-03-03,Contra Costa,013,1133247,273318,272604,22417,295021,1556
2023-03-03,Del Norte,015,27424,7936,7930,475,8405,60
2023-03-03,El Dorado,017,186661,34604,34553,4562,39115,244
2023-03-03,Fresno,019,978130,294983,294108,35053,329161,2994
2023-03-03,Glenn,021,27897,5791,5788,2017,7805,58
2023-03-03,Humboldt,023,135768,23412,23359,5930,29289,169
2023-03-03,Imperial,025,180216,70183,69938,19016,88954,975
2023-03-03,Inyo,027,18085,4769,4763,1311,6074,63
2023-03-03,Kern,029,883053,230627,229772,73368,303140,2476
2023-03-03,Kings,031,150075,62888,62825,4489,67314,481
2023-03-03,Lake,033,64148,13662,13639,1282,14921,155
2023-03-03,Lassen,035,31185,10260,10250,1065,11315,66
2023-03-03,Los Angeles,037,10098052,3495081,3487619,219605,3707224,35453
2023-03-03,Madera,039,155013,46347,46225,8903,55128,378
2023-03-03,Marin,041,260295,40746,49072,5702,54774,317
2023-03-03,Mariposa,043,17540,3362,3360,359,3719,33
2023-03-03,Mendocino,045,87422,16901,16880,4834,21714,143
2023-03-03,Merced,047,269075,77442,76442,12937,89379,903
2023-03-03,Modoc,049,8938,956,955,374,1329,11
2023-03-03,Mono,051,14174,3330,3326,302,3628,8
2023-03-03,Monterey,053,433212,98295,98109,24136,122245,800
2023-03-03,Napa,055,140530,34634,34402,1522,35924,170
2023-03-03,Nevada,057,99092,20178,20146,2326,22472,133
2023-03-03,Orange,059,3164182,714322,709802,78444,788246,7943
2023-03-03,Placer,061,380077,81183,80996,10342,91338,682
2023-03-03,Plumas,063,18699,3831,3830,460,4290,15
2023-03-03,Riverside,065,2383286,735748,734008,41571,775579,6842
2023-03-03,Sacramento,067,1510023,371889,370439,38385,408824,3534
2023-03-03,San Benito,069,59416,17666,17637,1138,18775,116
2023-03-03,San Bernardino,071,2135413,711005,709085,34646,743731,8170
2023-03-03,San Diego,073,3302833,986180,985023,81162,1066185,5785
2023-03-03,San Francisco,075,870044,196529,195947,13378,209325,1174
2023-03-03,San Joaquin,077,732212,210166,209753,16971,226724,2420
2023-03-03,San Luis Obispo,079,281455,66518,66407,8153,74560,561
2023-03-03,San Mateo,081,765935,183707,182769,11166,193935,750
2023-03-03,Santa Barbara,083,443738,112251,112122,7737,119859,761
2023-03-03,Santa Clara,085,1922200,476722,474566,21298,495864,2715
2023-03-03,Santa Cruz,087,273765,68506,68315,3976,72291,276
2023-03-03,Shasta,089,179085,36535,36444,8332,44776,607
2023-03-03,Sierra,091,2930,312,311,61,372,5
2023-03-03,Siskiyou,093,43540,5468,5462,3444,8906,95
2023-03-03,Solano,095,438530,113950,113771,8670,122441,482
2023-03-03,Sonoma,097,501317,113758,113535,5806,119341,554
2023-03-03,Stanislaus,099,539301,145269,145047,23134,168181,1845
2023-03-03,Sutter,101,95872,25757,25728,2543,28271,238
2023-03-03,Tehama,103,63373,14474,14454,3416,17870,222
2023-03-03,Trinity,105,12862,1475,1474,506,1980,24
2023-03-03,Tulare,107,460477,128621,128286,40666,168952,1577
2023-03-03,Tuolumne,109,53932,16938,16875,1013,17888,203
2023-03-03,Ventura,111,848112,221093,220793,18158,238951,1673
2023-03-03,Yolo,113,214977,50113,50031,4932,54963,443
2023-03-03,Yuba,115,75493,20054,20015,1881,21896,134
2023-03-02,Alameda,001,1643700,380116,378544,22486,401030,2184
2023-03-02,Alpine,002,1148,139,139,4,143,0
2023-03-02,Amador,005,37829,10576,10569,973,11542,99
2023-03-02,Butte,007,227075,41728,41655,10268,51923,487
2023-03-02,Calaveras,009,45235,9002,8993,644,9637,140
2023-03-02,Colusa,011,21464,3989,3984,1366,5350,22
2023-03-02,Contra Costa,013,1133247,273189,272604,22416,295020,1556
2023-03-02,Del Norte,015,27424,7936,7930,475,8405,60
2023-03-02,El Dorado,017,186661,34596,34553,4562,39115,244
2023-03-02,Fresno,019,978130,294928,294108,35041,329149,2994
2023-03-02,Glenn,021,27897,5791,5788,2017,7805,58
2023-03-02,Humboldt,023,135768,23409,23359,5930,29289,169
2023-03-02,Imperial,025,180216,70163,69938,19010,88948,975
2023-03-02,Inyo,027,18085,4769,4763,1311,6074,63
2023-03-02,Kern,029,883053,230581,229772,73326,303098,2476
2023-03-02,Kings,031,150075,62874,62825,4487,67312,481
2023-03-02,Lake,033,64148,13658,13639,1282,14921,155
2023-03-02,Lassen,035,31185,10259,10250,1065,11315,66
2023-03-02,Los Angeles,037,10098052,3494478,3487619,219505,3707124,35453
2023-03-02,Madera,039,155013,46332,46225,8903,55128,378
2023-03-02,Marin,041,260295,40730,49072,5701,54773,317
2023-03-02,Mariposa,043,17540,3362,3360,359,3719,33
2023-03-02,Mendocino,045,87422,16897,16880,4834,21714,143
2023-03-02,Merced,047,269075,77405,76442,12931,89373,903
2023-03-02,Modoc,049,8938,956,955,374,1329,11
2023-03-02,Mono,051,14174,3329,3326,302,3628,8
2023-03-02,Monterey,053,433212,98280,98109,24115,122224,800
2023-03-02,Napa,055,140530,34623,34402,1522,35924,170
2023-03-02,Nevada,057,99092,20173,20146,2326,22472,133
2023-03-02,Orange,059,3164182,714192,709802,78390,788192,7943
2023-03-02,Placer,061,380077,81162,80996,10340,91336,682
2023-03-02,Plumas,063,18699,3831,3830,460,4290,15
2023-03-02,Riverside,065,2383286,735615,734008,41552,775560,6842
2023-03-02,Sacramento,067,1510023,371778,370439,38360,408799,3534
2023-03-02,San Benito,069,59416,17664,17637,1138,18775,116
2023-03-02,San Bernardino,071,2135413,710900,709085,34639,743724,8170
2023-03-02,San Diego,073,3302833,985960,985023,81129,1066152,5785
2023-03-02,San Francisco,075,870044,196430,195947,13367,209314,1174
2023-03-02,San Joaquin,077,732212,210120,209753,16963,226716,2420
2023-03-02,San Luis Obispo,079,281455,66510,66407,8151,74558,561
2023-03-02,San Mateo,081,765935,183645,182769,11160,193929,750
2023-03-02,Santa Barbara,083,443738,112235,112122,7733,119855,761
2023-03-02,Santa Clara,085,1922200,476572,474566,21281,495847,2715
2023-03-02,Santa Cruz,087,273765,68496,68315,3973,72288,276
2023-03-02,Shasta,089,179085,36530,36444,8329,44773,607
2023-03-02,Sierra,091,2930,312,311,61,372,5
2023-03-02,Siskiyou,093,43540,5466,5462,3444,8906,95
2023-03-02,Solano,095,438530,113905,113771,8669,122440,482
2023-03-02,Sonoma,097,501317,113719,113535,5805,119340,554
2023-03-02,Stanislaus,099,539301,145238,145047,23132,168179,1845
2023-03-02,Sutter,101,95872,25752,25728,2542,28270,238
2023-03-02,Tehama,103,63373,14471,14454,3414,17868,222
2023-03-02,Trinity,105,12862,1475,1474,505,1979,24
2023-03-02,Tulare,107,460477,128592,128286,40648,168934,1577
2023-03-02,Tuolumne,109,53932,16935,16875,1013,17888,203
2023-03-02,Ventura,111,848112,221058,220793,18150,238943,1673
2023-03-02,Yolo,113,214977,50102,50031,4926,54957,443
2023-03-02,Yuba,115,75493,20049,20015,1881,21896,134
2023-03-01,Alameda,001,1643700,379986,378544,22475,401019,2184
2023-03-01,Alpine,002,1148,139,139,4,143,0
2023-03-01,Amador,005,37829,10574,10569,973,11542,99
2023-03-01,Butte,007,227075,41723,41655,10266,51921,487
2023-03-01,Calaveras,009,45235,9000,8993,644,9637,140
2023-03-01,Colusa,011,21464,3988,3984,1361,5345,22
2023-03-01,Contra Costa,013,1133247,273107,272604,22409,295013,1556
2023-03-01,Del Norte,015,27424,7936,7930,475,8405,60
2023-03-01,El Dorado,017,186661,34584,34553,4559,39112,244
2023-03-01,Fresno,019,978130,294872,294108,35036,329144,2994
2023-03-01,Glenn,021,27897,5790,5788,2016,7804,58
2023-03-01,Humboldt,023,135768,23407,23359,5929,29288,169
2023-03-01,Imperial,025,180216,70141,69938,18998,88936,975
2023-03-01,Inyo,027,18085,4768,4763,1311,6074,63
2023-03-01,Kern,029,883053,230532,229772,73305,303077,2476
2023-03-01,Kings,031,150075,62866,62825,4487,67312,481
2023-03-01,Lake,033,64148,13653,13639,1282,14921,155
2023-03-01,Lassen,035,31185,10258,10250,1065,11315,66
2023-03-01,Los Angeles,037,10098052,3493685,3487619,219383,3707002,35453
2023-03-01,Madera,039,155013,46313,46225,8901,55126,378
2023-03-01,Marin,041,260295,40708,49072,5701,54773,317
2023-03-01,Mariposa,043,17540,3362,3360,359,3719,33
2023-03-01,Mendocino,045,87422,16893,16880,4834,21714,143
2023-03-01,Merced,047,269075,77387,76442,12930,89372,903
2023-03-01,Modoc,049,8938,956,955,374,1329,11
2023-03-01,Mono,051,14174,3326,3326,302,3628,8
2023-03-01,Monterey,053,433212,98253,98109,24095,122204,800
2023-03-01,Napa,055,140530,34617,34402,1522,35924,170
2023-03-01,Nevada,057,99092,20166,20146,2322,22468,133
2023-03-01,Orange,059,3164182,714040,709802,78337,788139,7943
2023-03-01,Placer,061,380077,81125,80996,10339,91335,682
2023-03-01,Plumas,063,18699,3830,3830,460,4290,15
2023-03-01,Riverside,065,2383286,735473,734008,41532,775540,6842
2023-03-01,Sacramento,067,1510023,371667,370439,38347,408786,3534
2023-03-01,San Benito,069,59416,17662,17637,1138,18775,116
2023-03-01,San Bernardino,071,2135413,710801,709085,34636,743721,8170
2023-03-01,San Diego,073,3302833,985746,985023,81099,1066122,5785
2023-03-01,San Francisco,075,870044,196349,195947,13362,209309,1174
2023-03-01,San Joaquin,077,732212,210044,209753,16957,226710,2420
2023-03-01,San Luis Obispo,079,281455,66497,66407,8150,74557,561
2023-03-01,San Mateo,081,765935,183577,182769,11158,193927,750
2023-03-01,Santa Barbara,083,443738,112214,112122,7733,119855,761
2023-03-01,Santa Clara,085,1922200,476419,474566,21260,495826,2715
2023-03-01,Santa Cruz,087,273765,68471,68315,3968,72283,276
2023-03-01,Shasta,089,179085,36528,36444,8328,44772,607
2023-03-01,Sierra,091,2930,312,311,61,372,5
2023-03-01,Siskiyou,093,43540,5464,5462,3444,8906,95
2023-03-01,Solano,095,438530,113868,113771,8666,122437,482
2023-03-01,Sonoma,097,501317,113691,113535,5802,119337,554
2023-03-01,Stanislaus,099,539301,145200,145047,23122,168169,1845
2023-03-01,Sutter,101,95872,25749,25728,2542,28270,238
2023-03-01,Tehama,103,63373,14466,14454,3412,17866,222
2023-03-01,Trinity,105,12862,1475,1474,505,1979,24
2023-03-01,Tulare,107,460477,128567,128286,40631,168917,1577
2023-03-01,Tuolumne,109,53932,16933,16875,1012,17887,203
2023-03-01,Ventura,111,848112,221012,220793,18145,238938,1673
2023-03-01,Yolo,113,214977,50096,50031,4923,54954,443
2023-03-01,Yuba,115,75493,20046,20015,1881,21896,134
2023-02-28,Alameda,001,1643700,379811,378544,22439,400983,2184
2023-02-28,Alpine,002,1148,139,139,4,143,0
2023-02-28,Amador,005,37829,10571,10569,972,11541,99
2023-02-28,Butte,007,227075,41718,41655,10261,51916,487
2023-02-28,Calaveras,009,45235,8997,8993,643,9636,140
2023-02-28,Colusa,011,21464,3986,3984,1360,5344,22
2023-02-28,Contra Costa,013,1133247,272974,272604,22405,295009,1556
2023-02-28,Del Norte,015,27424,7933,7930,475,8405,60
2023-02-28,El Dorado,017,186661,34577,34553,4556,39109,244
2023-02-28,Fresno,019,978130,294806,294108,35024,329132,2994
2023-02-28,Glenn,021,27897,5790,5788,2014,7802,58
2023-02-28,Humboldt,023,135768,23400,23359,5927,29286,169
2023-02-28,Imperial,025,180216,70120,69938,18983,88921,975
2023-02-28,Inyo,027,18085,4768,4763,1310,6073,63
2023-02-28,Kern,029,883053,230496,229772,73268,303040,2476
2023-02-28,Kings,031,150075,62858,62825,4486,67311,481
2023-02-28,Lake,033,64148,13648,13639,1282,14921,155
2023-02-28,Lassen,035,31185,10258,10250,1065,11315,66
2023-02-28,Los Angeles,037,10098052,3492976,3487619,219242,3706861,35453
2023-02-28,Madera,039,155013,46297,46225,8900,55125,378
2023-02-28,Marin,041,260295,40692,49072,5700,54772,317
2023-02-28,Mariposa,043,17540,3362,3360,359,3719,33
2023-02-28,Mendocino,045,87422,16888,16880,4834,21714,143
2023-02-28,Merced,047,269075,77367,76442,12928,89370,903
2023-02-28,Modoc,049,8938,956,955,374,1329,11
2023-02-28,Mono,051,14174,3326,3326,302,3628,8
2023-02-28,Monterey,053,433212,98230,98109,24071,122180,800
2023-02-28,Napa,055,140530,34606,34402,1521,35923,170
2023-02-28,Nevada,057,99092,20166,20146,2322,22468,133
2023-02-28,Orange,059,3164182,713878,709802,78304,788106,7943
2023-02-28,Placer,061,380077,81102,80996,10337,91333,682
2023-02-28,Plumas,063,18699,3830,3830,460,4290,15
2023-02-28,Riverside,065,2383286,735344,734008,41507,775515,6842
2023-02-28,Sacramento,067,1510023,371499,370439,38320,408759,3534
2023-02-28,San Benito,069,59416,17657,17637,1136,18773,116
2023-02-28,San Bernardino,071,2135413,710666,709085,34626,743711,8170
2023-02-28,San Diego,073,3302833,985529,985023,81067,1066090,5785
2023-02-28,San Francisco,075,870044,196250,195947,13356,209303,1174
2023-02-28,San Joaquin,077,732212,209994,209753,16953,226706,2420
2023-02-28,San Luis Obispo,079,281455,66483,66407,8145,74552,561
2023-02-28,San Mateo,081,765935,183515,182769,11152,193921,750
2023-02-28,Santa Barbara,083,443738,112185,112122,7731,119853,761
2023-02-28,Santa Clara,085,1922200,476224,474566,21244,495810,2715
2023-02-28,Santa Cruz,087,273765,68443,68315,3966,72281,276
2023-02-28,Shasta,089,179085,36525,36444,8324,44768,607
2023-02-28,Sierra,091,2930,312,311,61,372,5
2023-02-28,Siskiyou,093,43540,5464,5462,3444,8906,95
2023-02-28,Solano,095,438530,113830,113771,8662,122433,482
2023-02-28,Sonoma,097,501317,113662,113535,5801,119336,554
2023-02-28,Stanislaus,099,539301,145160,145047,23112,168159,1845
2023-02-28,Sutter,101,95872,25740,25728,2542,28270,238
2023-02-28,Tehama,103,63373,14466,14454,3410,17864,222
2023-02-28,Trinity,105,12862,1475,1474,505,1979,24
2023-02-28,Tulare,107,460477,128528,128286,40621,168907,1577
2023-02-28,Tuolumne,109,53932,16921,16875,1012,17887,203
2023-02-28,Ventura,111,848112,220977,220793,18139,238932,1673
2023-02-28,Yolo,113,214977,50085,50031,4921,54952,443
2023-02-28,Yuba,115,75493,20040,20015,1880,21895,134
2023-02-27,Alameda,001,1643700,379661,377332,22416,399748,2174
2023-02-27,Alpine,002,1148,139,139,4,143,0
2023-02-27,Amador,005,37829,10571,10541,972,11513,99
2023-02-27,Butte,007,227075,41710,41596,10260,51856,487
2023-02-27,Calaveras,009,45235,8995,8974,643,9617,140
2023-02-27,Colusa,011,21464,3985,3971,1358,5329,22
2023-02-27,Contra Costa,013,1133247,272875,271445,22390,293835,1552
2023-02-27,Del Norte,015,27424,7931,7920,475,8395,60
2023-02-27,El Dorado,017,186661,34570,34500,4555,39055,244
2023-02-27,Fresno,019,978130,294740,293597,35012,328609,2991
2023-02-27,Glenn,021,27897,5789,5782,2014,7796,58
2023-02-27,Humboldt,023,135768,23399,23339,5927,29266,169
2023-02-27,Imperial,025,180216,70088,69789,18971,88760,974
2023-02-27,Inyo,027,18085,4766,4758,1309,6067,63
2023-02-27,Kern,029,883053,230403,229379,73223,302602,2476
2023-02-27,Kings,031,150075,62851,62766,4483,67249,478
2023-02-27,Lake,033,64148,13646,13620,1282,14902,155
2023-02-27,Lassen,035,31185,10258,10248,1065,11313,67
2023-02-27,Los Angeles,037,10098052,3492085,3481382,219075,3700457,35366
2023-02-27,Madera,039,155013,46288,46164,8899,55063,378
2023-02-27,Marin,041,260295,40664,48920,5699,54619,317
2023-02-27,Mariposa,043,17540,3362,3352,359,3711,33
2023-02-27,Mendocino,045,87422,16884,16853,4834,21687,144
2023-02-27,Merced,047,269075,77340,76318,12923,89241,903
2023-02-27,Modoc,049,8938,956,954,374,1328,11
2023-02-27,Mono,051,14174,3326,3321,302,3623,8
2023-02-27,Monterey,053,433212,98210,97918,24039,121957,797
2023-02-27,Napa,055,140530,34600,34318,1521,35839,165
2023-02-27,Nevada,057,99092,20165,20125,2322,22447,133
2023-02-27,Orange,059,3164182,713682,708420,78256,786676,7914
2023-02-27,Placer,061,380077,81083,80815,10336,91151,682
2023-02-27,Plumas,063,18699,3830,3825,460,4285,15
2023-02-27,Riverside,065,2383286,735200,733001,41473,774474,6837
2023-02-27,Sacramento,067,1510023,371347,369563,38286,407849,3514
2023-02-27,San Benito,069,59416,17652,17599,1136,18735,116
2023-02-27,San Bernardino,071,2135413,710548,708208,34612,742820,8170
2023-02-27,San Diego,073,3302833,985260,983163,81026,1064189,5768
2023-02-27,San Francisco,075,870044,196146,195263,13352,208615,1168
2023-02-27,San Joaquin,077,732212,209940,209376,16940,226316,2417
2023-02-27,San Luis Obispo,079,281455,66467,66318,8141,74459,561
2023-02-27,San Mateo,081,765935,183441,182302,11149,193451,749
2023-02-27,Santa Barbara,083,443738,112164,111918,7730,119648,761
2023-02-27,Santa Clara,085,1922200,476035,473306,21222,494528,2699
2023-02-27,Santa Cruz,087,273765,68431,68187,3962,72149,276
2023-02-27,Shasta,089,179085,36520,36417,8324,44741,605
2023-02-27,Sierra,091,2930,312,311,61,372,5
2023-02-27,Siskiyou,093,43540,5463,5448,3443,8891,95
2023-02-27,Solano,095,438530,113793,113469,8659,122128,481
2023-02-27,Sonoma,097,501317,113624,113286,5800,119086,552
2023-02-27,Stanislaus,099,539301,145107,144793,23100,167893,1843
2023-02-27,Sutter,101,95872,25730,25688,2541,28229,238
2023-02-27,Tehama,103,63373,14464,14441,3410,17851,222
2023-02-27,Trinity,105,12862,1473,1472,505,1977,24
2023-02-27,Tulare,107,460477,128494,128042,40586,168628,1567
2023-02-27,Tuolumne,109,53932,16909,16833,1012,17845,203
2023-02-27,Ventura,111,848112,220926,220499,18134,238633,1665
2023-02-27,Yolo,113,214977,50069,49933,4920,54853,442
2023-02-27,Yuba,115,75493,20026,19981,1880,21861,134
2023-02-26,Alameda,001,1643700,379472,377332,22389,399721,2174
2023-02-26,Alpine,002,1148,139,139,4,143,0
2023-02-26,Amador,005,37829,10567,10541,972,11513,99
2023-02-26,Butte,007,227075,41703,41596,10258,51854,487
2023-02-26,Calaveras,009,45235,8993,8974,643,9617,140
2023-02-26,Colusa,011,21464,3984,3971,1348,5319,22
2023-02-26,Contra Costa,013,1133247,272771,271445,22378,293823,1552
2023-02-26,Del Norte,015,27424,7930,7920,475,8395,60
2023-02-26,El Dorado,017,186661,34558,34500,4551,39051,244
2023-02-26,Fresno,019,978130,294673,293597,34983,328580,2991
2023-02-26,Glenn,021,27897,5788,5782,2014,7796,58
2023-02-26,Humboldt,023,135768,23394,23339,5924,29263,169
2023-02-26,Imperial,025,180216,70056,69789,18959,88748,974
2023-02-26,Inyo,027,18085,4766,4758,1309,6067,63
2023-02-26,Kern,029,883053,230335,229379,73174,302553,2476
2023-02-26,Kings,031,150075,62839,62766,4479,67245,478
2023-02-26,Lake,033,64148,13643,13620,1282,14902,155
2023-02-26,Lassen,035,31185,10257,10248,1064,11312,67
2023-02-26,Los Angeles,037,10098052,3491172,3481382,218894,3700276,35366
2023-02-26,Madera,039,155013,46277,46164,8896,55060,378
2023-02-26,Marin,041,260295,40650,48920,5697,54617,317
2023-02-26,Mariposa,043,17540,3362,3352,359,3711,33
2023-02-26,Mendocino,045,87422,16883,16853,4831,21684,144
2023-02-26,Merced,047,269075,77318,76318,12915,89233,903
2023-02-26,Modoc,049,8938,956,954,374,1328,11
2023-02-26,Mono,051,14174,3326,3321,302,3623,8
2023-02-26,Monterey,053,433212,98191,97918,24010,121928,797
2023-02-26,Napa,055,140530,34587,34318,1520,35838,165
2023-02-26,Nevada,057,99092,20163,20125,2321,22446,133
2023-02-26,Orange,059,3164182,713509,708420,78183,786603,7914
2023-02-26,Placer,061,380077,81061,80815,10335,91150,682
2023-02-26,Plumas,063,18699,3830,3825,460,4285,15
2023-02-26,Riverside,065,2383286,735041,733001,41430,774431,6837
2023-02-26,Sacramento,067,1510023,371181,369563,38244,407807,3514
2023-02-26,San Benito,069,59416,17649,17599,1135,18734,116
2023-02-26,San Bernardino,071,2135413,710392,708208,34598,742806,8170
2023-02-26,San Diego,073,3302833,984953,983163,80977,1064140,5768
2023-02-26,San Francisco,075,870044,196049,195263,13348,208611,1168
2023-02-26,San Joaquin,077,732212,209845,209376,16924,226300,2417
2023-02-26,San Luis Obispo,079,281455,66445,66318,8132,74450,561
2023-02-26,San Mateo,081,765935,183357,182302,11144,193446,749
2023-02-26,Santa Barbara,083,443738,112139,111918,7727,119645,761
2023-02-26,Santa Clara,085,1922200,475818,473306,21212,494518,2699
2023-02-26,Santa Cruz,087,273765,68410,68187,3960,72147,276
2023-02-26,Shasta,089,179085,36514,36417,8320,44737,605
2023-02-26,Sierra,091,2930,312,311,61,372,5
2023-02-26,Siskiyou,093,43540,5463,5448,3443,8891,95
2023-02-26,Solano,095,438530,113737,113469,8652,122121,481
2023-02-26,Sonoma,097,501317,113591,113286,5796,119082,552
2023-02-26,Stanislaus,099,539301,145063,144793,23080,167873,1843
2023-02-26,Sutter,101,95872,25721,25688,2540,28228,238
2023-02-26,Tehama,103,63373,14462,14441,3409,17850,222
2023-02-26,Trinity,105,12862,1473,1472,505,1977,24
2023-02-26,Tulare,107,460477,128458,128042,40563,168605,1567
2023-02-26,Tuolumne,109,53932,16907,16833,1008,17841,203
2023-02-26,Ventura,111,848112,220889,220499,18128,238627,1665
2023-02-26,Yolo,113,214977,50046,49933,4915,54848,442
2023-02-26,Yuba,115,75493,20018,19981,1877,21858,134
2023-02-25,Alameda,001,1643700,379361,377332,22379,399711,2174
2023-02-25,Alpine,002,1148,139,139,4,143,0
2023-02-25,Amador,005,37829,10565,10541,972,11513,99
2023-02-25,Butte,007,227075,41701,41596,10255,51851,487
2023-02-25,Calaveras,009,45235,8992,8974,643,9617,140
2023-02-25,Colusa,011,21464,3980,3971,1347,5318,22
2023-02-25,Contra Costa,013,1133247,272693,271445,22374,293819,1552
2023-02-25,Del Norte,015,27424,7928,7920,473,8393,60
2023-02-25,El Dorado,017,186661,34552,34500,4550,39050,244
2023-02-25,Fresno,019,978130,294633,293597,34974,328571,2991
2023-02-25,Glenn,021,27897,5788,5782,2014,7796,58
2023-02-25,Humboldt,023,135768,23393,23339,5924,29263,169
2023-02-25,Imperial,025,180216,70036,69789,18957,88746,974
2023-02-25,Inyo,027,18085,4766,4758,1307,6065,63
2023-02-25,Kern,029,883053,230298,229379,73146,302525,2476
2023-02-25,Kings,031,150075,62833,62766,4477,67243,478
2023-02-25,Lake,033,64148,13643,13620,1282,14902,155
2023-02-25,Lassen,035,31185,10257,10248,1064,11312,67
2023-02-25,Los Angeles,037,10098052,3490684,3481382,218799,3700181,35366
2023-02-25,Madera,039,155013,46272,46164,8896,55060,378
2023-02-25,Marin,041,260295,40638,48920,5696,54616,317
2023-02-25,Mariposa,043,17540,3361,3352,359,3711,33
2023-02-25,Mendocino,045,87422,16880,16853,4831,21684,144
2023-02-25,Merced,047,269075,77303,76318,12906,89224,903
2023-02-25,Modoc,049,8938,956,954,374,1328,11
2023-02-25,Mono,051,14174,3325,3321,302,3623,8
2023-02-25,Monterey,053,433212,98170,97918,23994,121912,797
2023-02-25,Napa,055,140530,34581,34318,1519,35837,165
2023-02-25,Nevada,057,99092,20162,20125,2320,22445,133
2023-02-25,Orange,059,3164182,713403,708420,78138,786558,7914
2023-02-25,Placer,061,380077,81039,80815,10335,91150,682
2023-02-25,Plumas,063,18699,3830,3825,460,4285,15
2023-02-25,Riverside,065,2383286,734966,733001,41405,774406,6837
2023-02-25,Sacramento,067,1510023,371112,369563,38238,407801,3514
2023-02-25,San Benito,069,59416,17647,17599,1135,18734,116
2023-02-25,San Bernardino,071,2135413,710321,708208,34586,742794,8170
2023-02-25,San Diego,073,3302833,984800,983163,80959,1064122,5768
2023-02-25,San Francisco,075,870044,195996,195263,13346,208609,1168
2023-02-25,San Joaquin,077,732212,209800,209376,16914,226290,2417
2023-02-25,San Luis Obispo,079,281455,66438,66318,8129,74447,561
2023-02-25,San Mateo,081,765935,183317,182302,11140,193442,749
2023-02-25,Santa Barbara,083,443738,112119,111918,7725,119643,761
2023-02-25,Santa Clara,085,1922200,475655,473306,21203,494509,2699
2023-02-25,Santa Cruz,087,273765,68396,68187,3955,72142,276
2023-02-25,Shasta,089,179085,36510,36417,8317,44734,605
2023-02-25,Sierra,091,2930,312,311,61,372,5
2023-02-25,Siskiyou,093,43540,5463,5448,3443,8891,95
2023-02-25,Solano,095,438530,113715,113469,8649,122118,481
2023-02-25,Sonoma,097,501317,113569,113286,5796,119082,552
2023-02-25,Stanislaus,099,539301,145040,144793,23078,167871,1843
2023-02-25,Sutter,101,95872,25718,25688,2540,28228,238
2023-02-25,Tehama,103,63373,14461,14441,3408,17849,222
2023-02-25,Trinity,105,12862,1473,1472,505,1977,24
2023-02-25,Tulare,107,460477,128435,128042,40551,168593,1567
2023-02-25,Tuolumne,109,53932,16900,16833,1006,17839,203
2023-02-25,Ventura,111,848112,220865,220499,18125,238624,1665
2023-02-25,Yolo,113,214977,50038,49933,4914,54847,442
2023-02-25,Yuba,115,75493,20015,19981,1876,21857,134
2023-02-24,Alameda,001,1643700,379260,377332,22353,399685,2174
2023-02-24,Alpine,002,1148,139,139,4,143,0
2023-02-24,Amador,005,37829,10563,10541,971,11512,99
2023-02-24,Butte,007,227075,41696,41596,10252,51848,487
2023-02-24,Calaveras,009,45235,8989,8974,643,9617,140
2023-02-24,Colusa,011,21464,3980,3971,1347,5318,22
2023-02-24,Contra Costa,013,1133247,272618,271445,22371,293816,1552
2023-02-24,Del Norte,015,27424,7928,7920,473,8393,60
2023-02-24,El Dorado,017,186661,34546,34500,4547,39047,244
2023-02-24,Fresno,019,978130,294587,293597,34969,328566,2991
2023-02-24,Glenn,021,27897,5788,5782,2014,7796,58
2023-02-24,Humboldt,023,135768,23390,23339,5924,29263,169
2023-02-24,Imperial,025,180216,70027,69789,18949,88738,974
2023-02-24,Inyo,027,18085,4766,4758,1307,6065,63
2023-02-24,Kern,029,883053,230268,229379,73117,302496,2476
2023-02-24,Kings,031,150075,62827,62766,4477,67243,478
2023-02-24,Lake,033,64148,13641,13620,1282,14902,155
2023-02-24,Lassen,035,31185,10257,10248,1064,11312,67
2023-02-24,Los Angeles,037,10098052,3490236,3481382,218682,3700064,35366
2023-02-24,Madera,039,155013,46269,46164,8896,55060,378
2023-02-24,Marin,041,260295,40607,48920,5693,54613,317
2023-02-24,Mariposa,043,17540,3361,3352,359,3711,33
2023-02-24,Mendocino,045,87422,16878,16853,4831,21684,144
2023-02-24,Merced,047,269075,77286,76318,12903,89221,903
2023-02-24,Modoc,049,8938,956,954,374,1328,11
2023-02-24,Mono,051,14174,3325,3321,302,3623,8
2023-02-24,Monterey,053,433212,98146,97918,23971,121889,797
2023-02-24,Napa,055,140530,34572,34318,1519,35837,165
2023-02-24,Nevada,057,99092,20159,20125,2320,22445,133
2023-02-24,Orange,059,3164182,713297,708420,78099,786519,7914
2023-02-24,Placer,061,380077,81015,80815,10335,91150,682
2023-02-24,Plumas,063,18699,3829,3825,460,4285,15
2023-02-24,Riverside,065,2383286,734888,733001,41390,774391,6837
2023-02-24,Sacramento,067,1510023,371033,369563,38230,407793,3514
2023-02-24,San Benito,069,59416,17645,17599,1135,18734,116
2023-02-24,San Bernardino,071,2135413,710241,708208,34579,742787,8170
2023-02-24,San Diego,073,3302833,984645,983163,80930,1064093,5768
2023-02-24,San Francisco,075,870044,195927,195263,13342,208605,1168
2023-02-24,San Joaquin,077,732212,209763,209376,16907,226283,2417
2023-02-24,San Luis Obispo,079,281455,66431,66318,8128,74446,561
2023-02-24,San Mateo,081,765935,183264,182302,11135,193437,749
2023-02-24,Santa Barbara,083,443738,112105,111918,7724,119642,761
2023-02-24,Santa Clara,085,1922200,475537,473306,21193,494499,2699
2023-02-24,Santa Cruz,087,273765,68375,68187,3954,72141,276
2023-02-24,Shasta,089,179085,36508,36417,8315,44732,605
2023-02-24,Sierra,091,2930,312,311,61,372,5
2023-02-24,Siskiyou,093,43540,5459,5448,3443,8891,95
2023-02-24,Solano,095,438530,113698,113469,8648,122117,481
2023-02-24,Sonoma,097,501317,113548,113286,5791,119077,552
2023-02-24,Stanislaus,099,539301,145015,144793,23075,167868,1843
2023-02-24,Sutter,101,95872,25714,25688,2540,28228,238
2023-02-24,Tehama,103,63373,14458,14441,3407,17848,222
2023-02-24,Trinity,105,12862,1473,1472,505,1977,24
2023-02-24,Tulare,107,460477,128412,128042,40535,168577,1567
2023-02-24,Tuolumne,109,53932,16897,16833,1006,17839,203
2023-02-24,Ventura,111,848112,220838,220499,18124,238623,1665
2023-02-24,Yolo,113,214977,50034,49933,4912,54845,442
2023-02-24,Yuba,115,75493,20012,19981,1874,21855,134
2023-02-23,Alameda,001,1643700,379101,377332,22341,399673,2174
2023-02-23,Alpine,002,1148,139,139,4,143,0
2023-02-23,Amador,005,37829,10561,10541,971,11512,99
2023-02-23,Butte,007,227075,41683,41596,10251,51847,487
2023-02-23,Calaveras,009,45235,8988,8974,642,9616,140
2023-02-23,Colusa,011,21464,3978,3971,1347,5318,22
2023-02-23,Contra Costa,013,1133247,272517,271445,22363,293808,1552
2023-02-23,Del Norte,015,27424,7928,7920,470,8390,60
2023-02-23,El Dorado,017,186661,34533,34500,4547,39047,244
2023-02-23,Fresno,019,978130,294526,293597,34962,328559,2991
2023-02-23,Glenn,021,27897,5788,5782,2014,7796,58
2023-02-23,Humboldt,023,135768,23387,23339,5923,29262,169
2023-02-23,Imperial,025,180216,70000,69789,18944,88733,974
2023-02-23,Inyo,027,18085,4766,4758,1307,6065,63
2023-02-23,Kern,029,883053,230223,229379,73076,302455,2476
2023-02-23,Kings,031,150075,62822,62766,4476,67242,478
2023-02-23,Lake,033,64148,13641,13620,1282,14902,155
2023-02-23,Lassen,035,31185,10257,10248,1064,11312,67
2023-02-23,Los Angeles,037,10098052,3489578,3481382,218546,3699928,35366
2023-02-23,Madera,039,155013,46264,46164,8890,55054,378
2023-02-23,Marin,041,260295,40588,48920,5692,54612,317
2023-02-23,Mariposa,043,17540,3359,3352,359,3711,33
2023-02-23,Mendocino,045,87422,16874,16853,4831,21684,144
2023-02-23,Merced,047,269075,77271,76318,12902,89220,903
2023-02-23,Modoc,049,8938,956,954,373,1327,11
2023-02-23,Mono,051,14174,3324,3321,302,3623,8
2023-02-23,Monterey,053,433212,98126,97918,23933,121851,797
2023-02-23,Napa,055,140530,34558,34318,1518,35836,165
2023-02-23,Nevada,057,99092,20155,20125,2320,22445,133
2023-02-23,Orange,059,3164182,713140,708420,78045,786465,7914
2023-02-23,Placer,061,380077,80989,80815,10333,91148,682
2023-02-23,Plumas,063,18699,3829,3825,459,4284,15
2023-02-23,Riverside,065,2383286,734787,733001,41375,774376,6837
2023-02-23,Sacramento,067,1510023,370887,369563,38204,407767,3514
2023-02-23,San Benito,069,59416,17640,17599,1134,18733,116
2023-02-23,San Bernardino,071,2135413,710108,708208,34563,742771,8170
2023-02-23,San Diego,073,3302833,984389,983163,80867,1064030,5768
2023-02-23,San Francisco,075,870044,195816,195263,13323,208586,1168
2023-02-23,San Joaquin,077,732212,209712,209376,16902,226278,2417
2023-02-23,San Luis Obispo,079,281455,66424,66318,8126,74444,561
2023-02-23,San Mateo,081,765935,183201,182302,11134,193436,749
2023-02-23,Santa Barbara,083,443738,112090,111918,7721,119639,761
2023-02-23,Santa Clara,085,1922200,475362,473306,21188,494494,2699
2023-02-23,Santa Cruz,087,273765,68353,68187,3951,72138,276
2023-02-23,Shasta,089,179085,36503,36417,8313,44730,605
2023-02-23,Sierra,091,2930,312,311,61,372,5
2023-02-23,Siskiyou,093,43540,5459,5448,3443,8891,95
2023-02-23,Solano,095,438530,113645,113469,8638,122107,481
2023-02-23,Sonoma,097,501317,113511,113286,5789,119075,552
2023-02-23,Stanislaus,099,539301,144982,144793,23071,167864,1843
2023-02-23,Sutter,101,95872,25711,25688,2539,28227,238
2023-02-23,Tehama,103,63373,14457,14441,3407,17848,222
2023-02-23,Trinity,105,12862,1473,1472,505,1977,24
2023-02-23,Tulare,107,460477,128388,128042,40513,168555,1567
2023-02-23,Tuolumne,109,53932,16882,16833,1005,17838,203
2023-02-23,Ventura,111,848112,220809,220499,18122,238621,1665
2023-02-23,Yolo,113,214977,50020,49933,4906,54839,442
2023-02-23,Yuba,115,75493,20004,19981,1872,21853,134
2023-02-22,Alameda,001,1643700,378950,377332,22325,399657,2174
2023-02-22,Alpine,002,1148,139,139,4,143,0
2023-02-22,Amador,005,37829,10560,10541,970,11511,99
2023-02-22,Butte,007,227075,41674,41596,10247,51843,487
2023-02-22,Calaveras,009,45235,8986,8974,642,9616,140
2023-02-22,Colusa,011,21464,3976,3971,1347,5318,22
2023-02-22,Contra Costa,013,1133247,272395,271445,22349,293794,1552
2023-02-22,Del Norte,015,27424,7926,7920,468,8388,60
2023-02-22,El Dorado,017,186661,34525,34500,4547,39047,244
2023-02-22,Fresno,019,978130,294451,293597,34942,328539,2991
2023-02-22,Glenn,021,27897,5788,5782,2014,7796,58
2023-02-22,Humboldt,023,135768,23382,23339,5921,29260,169
2023-02-22,Imperial,025,180216,69975,69789,18930,88719,974
2023-02-22,Inyo,027,18085,4765,4758,1304,6062,63
2023-02-22,Kern,029,883053,230163,229379,73031,302410,2476
2023-02-22,Kings,031,150075,62816,62766,4475,67241,478
2023-02-22,Lake,033,64148,13634,13620,1280,14900,155
2023-02-22,Lassen,035,31185,10257,10248,1064,11312,67
2023-02-22,Los Angeles,037,10098052,3488727,3481382,218356,3699738,35366
2023-02-22,Madera,039,155013,46254,46164,8889,55053,378
2023-02-22,Marin,041,260295,40567,48920,5691,54611,317
2023-02-22,Mariposa,043,17540,3359,3352,359,3711,33
2023-02-22,Mendocino,045,87422,16872,16853,4830,21683,144
2023-02-22,Merced,047,269075,77256,76318,12901,89219,903
2023-02-22,Modoc,049,8938,956,954,373,1327,11
2023-02-22,Mono,051,14174,3324,3321,302,3623,8
2023-02-22,Monterey,053,433212,98095,97918,23898,121816,797
2023-02-22,Napa,055,140530,34551,34318,1518,35836,165
2023-02-22,Nevada,057,99092,20154,20125,2319,22444,133
2023-02-22,Orange,059,3164182,712956,708420,77987,786407,7914
2023-02-22,Placer,061,380077,80969,80815,10331,91146,682
2023-02-22,Plumas,063,18699,3829,3825,459,4284,15
2023-02-22,Riverside,065,2383286,734615,733001,41356,774357,6837
2023-02-22,Sacramento,067,1510023,370736,369563,38176,407739,3514
2023-02-22,San Benito,069,59416,17636,17599,1133,18732,116
2023-02-22,San Bernardino,071,2135413,709990,708208,34546,742754,8170
2023-02-22,San Diego,073,3302833,984091,983163,80805,1063968,5768
2023-02-22,San Francisco,075,870044,195709,195263,13317,208580,1168
2023-02-22,San Joaquin,077,732212,209653,209376,16894,226270,2417
2023-02-22,San Luis Obispo,079,281455,66416,66318,8120,74438,561
2023-02-22,San Mateo,081,765935,183133,182302,11128,193430,749
2023-02-22,Santa Barbara,083,443738,112062,111918,7718,119636,761
2023-02-22,Santa Clara,085,1922200,475158,473306,21180,494486,2699
2023-02-22,Santa Cruz,087,273765,68338,68187,3944,72131,276
2023-02-22,Shasta,089,179085,36496,36417,8308,44725,605
2023-02-22,Sierra,091,2930,312,311,61,372,5
2023-02-22,Siskiyou,093,43540,5456,5448,3443,8891,95
2023-02-22,Solano,095,438530,113602,113469,8629,122098,481
2023-02-22,Sonoma,097,501317,113484,113286,5788,119074,552
2023-02-22,Stanislaus,099,539301,144947,144793,23057,167850,1843
2023-02-22,Sutter,101,95872,25696,25688,2539,28227,238
2023-02-22,Tehama,103,63373,14452,14441,3405,17846,222
2023-02-22,Trinity,105,12862,1473,1472,505,1977,24
2023-02-22,Tulare,107,460477,128353,128042,40482,168524,1567
2023-02-22,Tuolumne,109,53932,16878,16833,1000,17833,203
2023-02-22,Ventura,111,848112,220768,220499,18119,238618,1665
2023-02-22,Yolo,113,214977,50007,49933,4906,54839,442
2023-02-22,Yuba,115,75493,19999,19981,1871,21852,134
2023-02-21,Alameda,001,1643700,378772,377332,22317,399649,2174
2023-02-21,Alpine,002,1148,139,139,4,143,0
2023-02-21,Amador,005,37829,10557,10541,969,11510,99
2023-02-21,Butte,007,227075,41662,41596,10245,51841,487
2023-02-21,Calaveras,009,45235,8985,8974,642,9616,140
2023-02-21,Colusa,011,21464,3975,3971,1347,5318,22
2023-02-21,Contra Costa,013,1133247,272278,271445,22338,293783,1552
2023-02-21,Del Norte,015,27424,7925,7920,467,8387,60
2023-02-21,El Dorado,017,186661,34517,34500,4543,39043,244
2023-02-21,Fresno,019,978130,294375,293597,34924,328521,2991
2023-02-21,Glenn,021,27897,5786,5782,2014,7796,58
2023-02-21,Humboldt,023,135768,23374,23339,5919,29258,169
2023-02-21,Imperial,025,180216,69942,69789,18916,88705,974
2023-02-21,Inyo,027,18085,4765,4758,1304,6062,63
2023-02-21,Kern,029,883053,230072,229379,72989,302368,2476
2023-02-21,Kings,031,150075,62805,62766,4474,67240,478
2023-02-21,Lake,033,64148,13628,13620,1279,14899,155
2023-02-21,Lassen,035,31185,10255,10248,1062,11310,67
2023-02-21,Los Angeles,037,10098052,3487803,3481382,218134,3699516,35366
2023-02-21,Madera,039,155013,46247,46164,8886,55050,378
2023-02-21,Marin,041,260295,40539,48920,5688,54608,317
2023-02-21,Mariposa,043,17540,3358,3352,359,3711,33
2023-02-21,Mendocino,045,87422,16867,16853,4830,21683,144
2023-02-21,Merced,047,269075,77236,76318,12897,89215,903
2023-02-21,Modoc,049,8938,955,954,371,1325,11
2023-02-21,Mono,051,14174,3323,3321,302,3623,8
2023-02-21,Monterey,053,433212,98064,97918,23870,121788,797
2023-02-21,Napa,055,140530,34538,34318,1518,35836,165
2023-02-21,Nevada,057,99092,20145,20125,2318,22443,133
2023-02-21,Orange,059,3164182,712723,708420,77930,786350,7914
2023-02-21,Placer,061,380077,80929,80815,10330,91145,682
2023-02-21,Plumas,063,18699,3829,3825,459,4284,15
2023-02-21,Riverside,065,2383286,734447,733001,41325,774326,6837
2023-02-21,Sacramento,067,1510023,370580,369563,38150,407713,3514
2023-02-21,San Benito,069,59416,17632,17599,1133,18732,116
2023-02-21,San Bernardino,071,2135413,709858,708208,34535,742743,8170
2023-02-21,San Diego,073,3302833,983822,983163,80752,1063915,5768
2023-02-21,San Francisco,075,870044,195615,195263,13308,208571,1168
2023-02-21,San Joaquin,077,732212,209599,209376,16887,226263,2417
2023-02-21,San Luis Obispo,079,281455,66396,66318,8115,74433,561
2023-02-21,San Mateo,081,765935,183047,182302,11119,193421,749
2023-02-21,Santa Barbara,083,443738,112033,111918,7714,119632,761
2023-02-21,Santa Clara,085,1922200,474966,473306,21169,494475,2699
2023-02-21,Santa Cruz,087,273765,68322,68187,3941,72128,276
2023-02-21,Shasta,089,179085,36488,36417,8306,44723,605
2023-02-21,Sierra,091,2930,312,311,61,372,5
2023-02-21,Siskiyou,093,43540,5453,5448,3442,8890,95
2023-02-21,Solano,095,438530,113570,113469,8626,122095,481
2023-02-21,Sonoma,097,501317,113448,113286,5787,119073,552
2023-02-21,Stanislaus,099,539301,144915,144793,23048,167841,1843
2023-02-21,Sutter,101,95872,25691,25688,2539,28227,238
2023-02-21,Tehama,103,63373,14452,14441,3404,17845,222
2023-02-21,Trinity,105,12862,1473,1472,505,1977,24
2023-02-21,Tulare,107,460477,128319,128042,40460,168502,1567
2023-02-21,Tuolumne,109,53932,16871,16833,1000,17833,203
2023-02-21,Ventura,111,848112,220721,220499,18112,238611,1665
2023-02-21,Yolo,113,214977,49996,49933,4902,54835,442
2023-02-21,Yuba,115,75493,19994,19981,1871,21852,134
2023-02-20,Alameda,001,1643700,378534,376312,22296,398608,2174
2023-02-20,Alpine,002,1148,139,139,4,143,0
2023-02-20,Amador,005,37829,10552,10524,967,11491,99
2023-02-20,Butte,007,227075,41653,41548,10238,51786,484
2023-02-20,Calaveras,009,45235,8980,8960,642,9602,140
2023-02-20,Colusa,011,21464,3973,3960,1346,5306,22
2023-02-20,Contra Costa,013,1133247,272153,270737,22328,293065,1542
2023-02-20,Del Norte,015,27424,7924,7892,466,8358,59
2023-02-20,El Dorado,017,186661,34509,34430,4541,38971,243
2023-02-20,Fresno,019,978130,294272,293104,34900,328004,2983
2023-02-20,Glenn,021,27897,5785,5773,2014,7787,58
2023-02-20,Humboldt,023,135768,23370,23276,5919,29195,169
2023-02-20,Imperial,025,180216,69913,69669,18904,88573,974
2023-02-20,Inyo,027,18085,4762,4752,1303,6055,63
2023-02-20,Kern,029,883053,230003,228953,72922,301875,2474
2023-02-20,Kings,031,150075,62790,62684,4471,67155,473
2023-02-20,Lake,033,64148,13625,13595,1278,14873,155
2023-02-20,Lassen,035,31185,10255,10246,1062,11308,66
2023-02-20,Los Angeles,037,10098052,3486725,3475808,217869,3693677,35250
2023-02-20,Madera,039,155013,46226,46098,8883,54981,377
2023-02-20,Marin,041,260295,40519,48759,5685,54444,317
2023-02-20,Mariposa,043,17540,3355,3342,359,3701,32
2023-02-20,Mendocino,045,87422,16863,16830,4827,21657,143
2023-02-20,Merced,047,269075,77216,76157,12893,89050,903
2023-02-20,Modoc,049,8938,955,953,371,1324,11
2023-02-20,Mono,051,14174,3321,3319,302,3621,8
2023-02-20,Monterey,053,433212,98028,97704,23829,121533,796
2023-02-20,Napa,055,140530,34521,34245,1518,35763,165
2023-02-20,Nevada,057,99092,20140,20088,2318,22406,132
2023-02-20,Orange,059,3164182,712474,707080,77862,784942,7892
2023-02-20,Placer,061,380077,80904,80615,10326,90941,682
2023-02-20,Plumas,063,18699,3827,3819,459,4278,14
2023-02-20,Riverside,065,2383286,734285,731962,41309,773271,6827
2023-02-20,Sacramento,067,1510023,370419,368833,38108,406941,3507
2023-02-20,San Benito,069,59416,17623,17566,1133,18699,115
2023-02-20,San Bernardino,071,2135413,709680,707191,34519,741710,8171
2023-02-20,San Diego,073,3302833,983449,981249,80674,1061923,5759
2023-02-20,San Francisco,075,870044,195492,194654,13302,207956,1164
2023-02-20,San Joaquin,077,732212,209523,208935,16883,225818,2415
2023-02-20,San Luis Obispo,079,281455,66384,66209,8113,74322,559
2023-02-20,San Mateo,081,765935,182961,181782,11112,192894,749
2023-02-20,Santa Barbara,083,443738,111988,111692,7708,119400,760
2023-02-20,Santa Clara,085,1922200,474703,472011,21157,493168,2688
2023-02-20,Santa Cruz,087,273765,68271,68030,3928,71958,278
2023-02-20,Shasta,089,179085,36483,36385,8305,44690,606
2023-02-20,Sierra,091,2930,312,311,61,372,5
2023-02-20,Siskiyou,093,43540,5452,5433,3442,8875,95
2023-02-20,Solano,095,438530,113496,113211,8618,121829,481
2023-02-20,Sonoma,097,501317,113409,113031,5780,118811,548
2023-02-20,Stanislaus,099,539301,144863,144597,23031,167628,1842
2023-02-20,Sutter,101,95872,25684,25633,2539,28172,238
2023-02-20,Tehama,103,63373,14450,14421,3404,17825,222
2023-02-20,Trinity,105,12862,1473,1470,505,1975,24
2023-02-20,Tulare,107,460477,128279,127791,40443,168234,1567
2023-02-20,Tuolumne,109,53932,16869,16802,999,17801,203
2023-02-20,Ventura,111,848112,220651,220185,18099,238284,1664
2023-02-20,Yolo,113,214977,49977,49841,4900,54741,439
2023-02-20,Yuba,115,75493,19990,19958,1871,21829,134
2023-02-19,Alameda,001,1643700,378377,376312,22288,398600,2174
2023-02-19,Alpine,002,1148,139,139,4,143,0
2023-02-19,Amador,005,37829,10550,10524,966,11490,99
2023-02-19,Butte,007,227075,41652,41548,10232,51780,484
2023-02-19,Calaveras,009,45235,8979,8960,642,9602,140
2023-02-19,Colusa,011,21464,3968,3960,1346,5306,22
2023-02-19,Contra Costa,013,1133247,272068,270737,22323,293060,1542
2023-02-19,Del Norte,015,27424,7924,7892,466,8358,59
2023-02-19,El Dorado,017,186661,34505,34430,4539,38969,243
2023-02-19,Fresno,019,978130,294207,293104,34886,327990,2983
2023-02-19,Glenn,021,27897,5785,5773,2014,7787,58
2023-02-19,Humboldt,023,135768,23365,23276,5917,29193,169
2023-02-19,Imperial,025,180216,69892,69669,18887,88556,974
2023-02-19,Inyo,027,18085,4762,4752,1303,6055,63
2023-02-19,Kern,029,883053,229954,228953,72856,301809,2474
2023-02-19,Kings,031,150075,62775,62684,4469,67153,473
2023-02-19,Lake,033,64148,13622,13595,1278,14873,155
2023-02-19,Lassen,035,31185,10255,10246,1062,11308,66
2023-02-19,Los Angeles,037,10098052,3485773,3475808,217656,3693464,35250
2023-02-19,Madera,039,155013,46216,46098,8881,54979,377
2023-02-19,Marin,041,260295,40504,48759,5683,54442,317
2023-02-19,Mariposa,043,17540,3355,3342,359,3701,32
2023-02-19,Mendocino,045,87422,16853,16830,4826,21656,143
2023-02-19,Merced,047,269075,77198,76157,12891,89048,903
2023-02-19,Modoc,049,8938,955,953,371,1324,11
2023-02-19,Mono,051,14174,3321,3319,302,3621,8
2023-02-19,Monterey,053,433212,97996,97704,23808,121512,796
2023-02-19,Napa,055,140530,34506,34245,1518,35763,165
2023-02-19,Nevada,057,99092,20137,20088,2317,22405,132
2023-02-19,Orange,059,3164182,712233,707080,77793,784873,7892
2023-02-19,Placer,061,380077,80886,80615,10323,90938,682
2023-02-19,Plumas,063,18699,3826,3819,459,4278,14
2023-02-19,Riverside,065,2383286,734130,731962,41274,773236,6827
2023-02-19,Sacramento,067,1510023,370312,368833,38100,406933,3507
2023-02-19,San Benito,069,59416,17623,17566,1133,18699,115
2023-02-19,San Bernardino,071,2135413,709536,707191,34509,741700,8171
2023-02-19,San Diego,073,3302833,983176,981249,80611,1061860,5759
2023-02-19,San Francisco,075,870044,195410,194654,13289,207943,1164
2023-02-19,San Joaquin,077,732212,209478,208935,16878,225813,2415
2023-02-19,San Luis Obispo,079,281455,66374,66209,8109,74318,559
2023-02-19,San Mateo,081,765935,182903,181782,11107,192889,749
2023-02-19,Santa Barbara,083,443738,111956,111692,7705,119397,760
2023-02-19,Santa Clara,085,1922200,474580,472011,21148,493159,2688
2023-02-19,Santa Cruz,087,273765,68247,68030,3924,71954,278
2023-02-19,Shasta,089,179085,36481,36385,8303,44688,606
2023-02-19,Sierra,091,2930,311,311,61,372,5
2023-02-19,Siskiyou,093,43540,5450,5433,3441,8874,95
2023-02-19,Solano,095,438530,113477,113211,8613,121824,481
2023-02-19,Sonoma,097,501317,113355,113031,5779,118810,548
2023-02-19,Stanislaus,099,539301,144812,144597,23029,167626,1842
2023-02-19,Sutter,101,95872,25678,25633,2539,28172,238
2023-02-19,Tehama,103,63373,14448,14421,3404,17825,222
2023-02-19,Trinity,105,12862,1473,1470,505,1975,24
2023-02-19,Tulare,107,460477,128230,127791,40427,168218,1567
2023-02-19,Tuolumne,109,53932,16861,16802,990,17792,203
2023-02-19,Ventura,111,848112,220610,220185,18081,238266,1664
2023-02-19,Yolo,113,214977,49958,49841,4897,54738,439
2023-02-19,Yuba,115,75493,19987,19958,1870,21828,134
2023-02-18,Alameda,001,1643700,378273,376312,22281,398593,2174
2023-02-18,Alpine,002,1148,139,139,4,143,0
2023-02-18,Amador,005,37829,10549,10524,965,11489,99
2023-02-18,Butte,007,227075,41650,41548,10229,51777,484
2023-02-18,Calaveras,009,45235,8977,8960,642,9602,140
2023-02-18,Colusa,011,21464,3967,3960,1346,5306,22
2023-02-18,Contra Costa,013,1133247,271993,270737,22319,293056,1542
2023-02-18,Del Norte,015,27424,7924,7892,466,8358,59
2023-02-18,El Dorado,017,186661,34501,34430,4539,38969,243
2023-02-18,Fresno,019,978130,294153,293104,34882,327986,2983
2023-02-18,Glenn,021,27897,5785,5773,2013,7786,58
2023-02-18,Humboldt,023,135768,23363,23276,5916,29192,169
2023-02-18,Imperial,025,180216,69877,69669,18887,88556,974
2023-02-18,Inyo,027,18085,4762,4752,1303,6055,63
2023-02-18,Kern,029,883053,229909,228953,72817,301770,2474
2023-02-18,Kings,031,150075,62770,62684,4469,67153,473
2023-02-18,Lake,033,64148,13622,13595,1278,14873,155
2023-02-18,Lassen,035,31185,10255,10246,1062,11308,66
2023-02-18,Los Angeles,037,10098052,3485208,3475808,217521,3693329,35250
2023-02-18,Madera,039,155013,46209,46098,8880,54978,377
2023-02-18,Marin,041,260295,40485,48759,5681,54440,317
2023-02-18,Mariposa,043,17540,3353,3342,359,3701,32
2023-02-18,Mendocino,045,87422,16853,16830,4826,21656,143
2023-02-18,Merced,047,269075,77190,76157,12888,89045,903
2023-02-18,Modoc,049,8938,955,953,371,1324,11
2023-02-18,Mono,051,14174,3321,3319,302,3621,8
2023-02-18,Monterey,053,433212,97978,97704,23784,121488,796
2023-02-18,Napa,055,140530,34500,34245,1518,35763,165
2023-02-18,Nevada,057,99092,20132,20088,2316,22404,132
2023-02-18,Orange,059,3164182,712089,707080,77745,784825,7892
2023-02-18,Placer,061,380077,80863,80615,10318,90933,682
2023-02-18,Plumas,063,18699,3825,3819,459,4278,14
2023-02-18,Riverside,065,2383286,734035,731962,41250,773212,6827
2023-02-18,Sacramento,067,1510023,370234,368833,38091,406924,3507
2023-02-18,San Benito,069,59416,17620,17566,1131,18697,115
2023-02-18,San Bernardino,071,2135413,709433,707191,34500,741691,8171
2023-02-18,San Diego,073,3302833,983023,981249,80579,1061828,5759
2023-02-18,San Francisco,075,870044,195338,194654,13287,207941,1164
2023-02-18,San Joaquin,077,732212,209435,208935,16874,225809,2415
2023-02-18,San Luis Obispo,079,281455,66364,66209,8107,74316,559
2023-02-18,San Mateo,081,765935,182847,181782,11101,192883,749
2023-02-18,Santa Barbara,083,443738,111940,111692,7703,119395,760
2023-02-18,Santa Clara,085,1922200,474437,472011,21143,493154,2688
2023-02-18,Santa Cruz,087,273765,68230,68030,3921,71951,278
2023-02-18,Shasta,089,179085,36479,36385,8302,44687,606
2023-02-18,Sierra,091,2930,311,311,61,372,5
2023-02-18,Siskiyou,093,43540,5447,5433,3441,8874,95
2023-02-18,Solano,095,438530,113454,113211,8610,121821,481
2023-02-18,Sonoma,097,501317,113331,113031,5778,118809,548
2023-02-18,Stanislaus,099,539301,144785,144597,23028,167625,1842
2023-02-18,Sutter,101,95872,25673,25633,2539,28172,238
2023-02-18,Tehama,103,63373,14447,14421,3404,17825,222
2023-02-18,Trinity,105,12862,1473,1470,505,1975,24
2023-02-18,Tulare,107,460477,128206,127791,40412,168203,1567
2023-02-18,Tuolumne,109,53932,16852,16802,990,17792,203
2023-02-18,Ventura,111,848112,220576,220185,18078,238263,1664
2023-02-18,Yolo,113,214977,49949,49841,4896,54737,439
2023-02-18,Yuba,115,75493,19985,19958,1870,21828,134
2023-02-17,Alameda,001,1643700,378150,376312,22273,398585,2174
2023-02-17,Alpine,002,1148,139,139,4,143,0
2023-02-17,Amador,005,37829,10544,10524,965,11489,99
2023-02-17,Butte,007,227075,41648,41548,10226,51774,484
2023-02-17,Calaveras,009,45235,8976,8960,642,9602,140
2023-02-17,Colusa,011,21464,3967,3960,1346,5306,22
2023-02-17,Contra Costa,013,1133247,271912,270737,22314,293051,1542
2023-02-17,Del Norte,015,27424,7922,7892,466,8358,59
2023-02-17,El Dorado,017,186661,34494,34430,4538,38968,243
2023-02-17,Fresno,019,978130,294104,293104,34877,327981,2983
2023-02-17,Glenn,021,27897,5784,5773,2013,7786,58
2023-02-17,Humboldt,023,135768,23360,23276,5915,29191,169
2023-02-17,Imperial,025,180216,69867,69669,18880,88549,974
2023-02-17,Inyo,027,18085,4761,4752,1303,6055,63
2023-02-17,Kern,029,883053,229864,228953,72777,301730,2474
2023-02-17,Kings,031,150075,62765,62684,4469,67153,473
2023-02-17,Lake,033,64148,13618,13595,1278,14873,155
2023-02-17,Lassen,035,31185,10255,10246,1062,11308,66
2023-02-17,Los Angeles,037,10098052,3484639,3475808,217379,3693187,35250
2023-02-17,Madera,039,155013,46200,46098,8880,54978,377
2023-02-17,Marin,041,260295,40457,48759,5681,54440,317
2023-02-17,Mariposa,043,17540,3353,3342,359,3701,32
2023-02-17,Mendocino,045,87422,16853,16830,4826,21656,143
2023-02-17,Merced,047,269075,77175,76157,12883,89040,903
2023-02-17,Modoc,049,8938,955,953,371,1324,11
2023-02-17,Mono,051,14174,3321,3319,302,3621,8
2023-02-17,Monterey,053,433212,97966,97704,23771,121475,796
2023-02-17,Napa,055,140530,34496,34245,1517,35762,165
2023-02-17,Nevada,057,99092,20128,20088,2316,22404,132
2023-02-17,Orange,059,3164182,711968,707080,77700,784780,7892
2023-02-17,Placer,061,380077,80851,80615,10316,90931,682
2023-02-17,Plumas,063,18699,3824,3819,459,4278,14
2023-02-17,Riverside,065,2383286,733953,731962,41228,773190,6827
2023-02-17,Sacramento,067,1510023,370157,368833,38087,406920,3507
2023-02-17,San Benito,069,59416,17620,17566,1131,18697,115
2023-02-17,San Bernardino,071,2135413,709344,707191,34489,741680,8171
2023-02-17,San Diego,073,3302833,982843,981249,80560,1061809,5759
2023-02-17,San Francisco,075,870044,195265,194654,13279,207933,1164
2023-02-17,San Joaquin,077,732212,209383,208935,16864,225799,2415
2023-02-17,San Luis Obispo,079,281455,66350,66209,8106,74315,559
2023-02-17,San Mateo,081,765935,182799,181782,11101,192883,749
2023-02-17,Santa Barbara,083,443738,111922,111692,7703,119395,760
2023-02-17,Santa Clara,085,1922200,474293,472011,21139,493150,2688
2023-02-17,Santa Cruz,087,273765,68210,68030,3917,71947,278
2023-02-17,Shasta,089,179085,36478,36385,8301,44686,606
2023-02-17,Sierra,091,2930,311,311,61,372,5
2023-02-17,Siskiyou,093,43540,5446,5433,3441,8874,95
2023-02-17,Solano,095,438530,113441,113211,8602,121813,481
2023-02-17,Sonoma,097,501317,113304,113031,5777,118808,548
2023-02-17,Stanislaus,099,539301,144764,144597,23023,167620,1842
2023-02-17,Sutter,101,95872,25670,25633,2539,28172,238
2023-02-17,Tehama,103,63373,14447,14421,3404,17825,222
2023-02-17,Trinity,105,12862,1473,1470,505,1975,24
2023-02-17,Tulare,107,460477,128189,127791,40392,168183,1567
2023-02-17,Tuolumne,109,53932,16849,16802,989,17791,203
2023-02-17,Ventura,111,848112,220547,220185,18071,238256,1664
2023-02-17,Yolo,113,214977,49939,49841,4893,54734,439
2023-02-17,Yuba,115,75493,19982,19958,1870,21828,134
2023-02-16,Alameda,001,1643700,377980,376312,22260,398572,2174
2023-02-16,Alpine,002,1148,139,139,4,143,0
2023-02-16,Amador,005,37829,10541,10524,965,11489,99
2023-02-16,Butte,007,227075,41639,41548,10220,51768,484
2023-02-16,Calaveras,009,45235,8971,8960,642,9602,140
2023-02-16,Colusa,011,21464,3964,3960,1345,5305,22
2023-02-16,Contra Costa,013,1133247,271813,270737,22310,293047,1542
2023-02-16,Del Norte,015,27424,7920,7892,466,8358,59
2023-02-16,El Dorado,017,186661,34485,34430,4538,38968,243
2023-02-16,Fresno,019,978130,294042,293104,34860,327964,2983
2023-02-16,Glenn,021,27897,5782,5773,2013,7786,58
2023-02-16,Humboldt,023,135768,23354,23276,5914,29190,169
2023-02-16,Imperial,025,180216,69848,69669,18872,88541,974
2023-02-16,Inyo,027,18085,4761,4752,1302,6054,63
2023-02-16,Kern,029,883053,229820,228953,72731,301684,2474
2023-02-16,Kings,031,150075,62753,62684,4468,67152,473
2023-02-16,Lake,033,64148,13617,13595,1278,14873,155
2023-02-16,Lassen,035,31185,10255,10246,1062,11308,66
2023-02-16,Los Angeles,037,10098052,3483830,3475808,217177,3692985,35250
2023-02-16,Madera,039,155013,46193,46098,8873,54971,377
2023-02-16,Marin,041,260295,40436,48759,5679,54438,317
2023-02-16,Mariposa,043,17540,3351,3342,359,3701,32
2023-02-16,Mendocino,045,87422,16847,16830,4825,21655,143
2023-02-16,Merced,047,269075,77158,76157,12877,89034,903
2023-02-16,Modoc,049,8938,954,953,370,1323,11
2023-02-16,Mono,051,14174,3321,3319,302,3621,8
2023-02-16,Monterey,053,433212,97948,97704,23739,121443,796
2023-02-16,Napa,055,140530,34485,34245,1517,35762,165
2023-02-16,Nevada,057,99092,20123,20088,2312,22400,132
2023-02-16,Orange,059,3164182,711798,707080,77633,784713,7892
2023-02-16,Placer,061,380077,80824,80615,10312,90927,682
2023-02-16,Plumas,063,18699,3822,3819,459,4278,14
2023-02-16,Riverside,065,2383286,733810,731962,41211,773173,6827
2023-02-16,Sacramento,067,1510023,370028,368833,38049,406882,3507
2023-02-16,San Benito,069,59416,17613,17566,1130,18696,115
2023-02-16,San Bernardino,071,2135413,709204,707191,34474,741665,8171
2023-02-16,San Diego,073,3302833,982591,981249,80499,1061748,5759
2023-02-16,San Francisco,075,870044,195171,194654,13271,207925,1164
2023-02-16,San Joaquin,077,732212,209326,208935,16858,225793,2415
2023-02-16,San Luis Obispo,079,281455,66330,66209,8104,74313,559
2023-02-16,San Mateo,081,765935,182724,181782,11097,192879,749
2023-02-16,Santa Barbara,083,443738,111892,111692,7701,119393,760
2023-02-16,Santa Clara,085,1922200,474091,472011,21132,493143,2688
2023-02-16,Santa Cruz,087,273765,68190,68030,3910,71940,278
2023-02-16,Shasta,089,179085,36476,36385,8301,44686,606
2023-02-16,Sierra,091,2930,311,311,61,372,5
2023-02-16,Siskiyou,093,43540,5443,5433,3441,8874,95
2023-02-16,Solano,095,438530,113403,113211,8598,121809,481
2023-02-16,Sonoma,097,501317,113264,113031,5774,118805,548
2023-02-16,Stanislaus,099,539301,144725,144597,23015,167612,1842
2023-02-16,Sutter,101,95872,25666,25633,2539,28172,238
2023-02-16,Tehama,103,63373,14444,14421,3402,17823,222
2023-02-16,Trinity,105,12862,1473,1470,505,1975,24
2023-02-16,Tulare,107,460477,128165,127791,40360,168151,1567
2023-02-16,Tuolumne,109,53932,16846,16802,989,17791,203
2023-02-16,Ventura,111,848112,220511,220185,18067,238252,1664
2023-02-16,Yolo,113,214977,49930,49841,4886,54727,439
2023-02-16,Yuba,115,75493,19978,19958,1870,21828,134
2023-02-15,Alameda,001,1643700,377834,376312,22242,398554,2174
2023-02-15,Alpine,002,1148,139,139,4,143,0
2023-02-15,Amador,005,37829,10535,10524,965,11489,99
2023-02-15,Butte,007,227075,41631,41548,10215,51763,484
2023-02-15,Calaveras,009,45235,8966,8960,642,9602,140
2023-02-15,Colusa,011,21464,3964,3960,1345,5305,22
2023-02-15,Contra Costa,013,1133247,271720,270737,22304,293041,1542
2023-02-15,Del Norte,015,27424,7918,7892,466,8358,59
2023-02-15,El Dorado,017,186661,34478,34430,4537,38967,243
2023-02-15,Fresno,019,978130,293965,293104,34837,327941,2983
2023-02-15,Glenn,021,27897,5782,5773,2013,7786,58
2023-02-15,Humboldt,023,135768,23348,23276,5912,29188,169
2023-02-15,Imperial,025,180216,69826,69669,18861,88530,974
2023-02-15,Inyo,027,18085,4760,4752,1302,6054,63
2023-02-15,Kern,029,883053,229718,228953,72677,301630,2474
2023-02-15,Kings,031,150075,62743,62684,4468,67152,473
2023-02-15,Lake,033,64148,13612,13595,1278,14873,155
2023-02-15,Lassen,035,31185,10254,10246,1062,11308,66
2023-02-15,Los Angeles,037,10098052,3482949,3475808,216980,3692788,35250
2023-02-15,Madera,039,155013,46189,46098,8869,54967,377
2023-02-15,Marin,041,260295,40409,48759,5679,54438,317
2023-02-15,Mariposa,043,17540,3351,3342,359,3701,32
2023-02-15,Mendocino,045,87422,16845,16830,4825,21655,143
2023-02-15,Merced,047,269075,77138,76157,12872,89029,903
2023-02-15,Modoc,049,8938,954,953,370,1323,11
2023-02-15,Mono,051,14174,3319,3319,302,3621,8
2023-02-15,Monterey,053,433212,97924,97704,23703,121407,796
2023-02-15,Napa,055,140530,34477,34245,1517,35762,165
2023-02-15,Nevada,057,99092,20122,20088,2311,22399,132
2023-02-15,Orange,059,3164182,711565,707080,77560,784640,7892
2023-02-15,Placer,061,380077,80800,80615,10309,90924,682
2023-02-15,Plumas,063,18699,3820,3819,459,4278,14
2023-02-15,Riverside,065,2383286,733646,731962,41180,773142,6827
2023-02-15,Sacramento,067,1510023,369915,368833,38021,406854,3507
2023-02-15,San Benito,069,59416,17605,17566,1130,18696,115
2023-02-15,San Bernardino,071,2135413,709083,707191,34456,741647,8171
2023-02-15,San Diego,073,3302833,982318,981249,80432,1061681,5759
2023-02-15,San Francisco,075,870044,195078,194654,13267,207921,1164
2023-02-15,San Joaquin,077,732212,209253,208935,16854,225789,2415
2023-02-15,San Luis Obispo,079,281455,66323,66209,8100,74309,559
2023-02-15,San Mateo,081,765935,182653,181782,11096,192878,749
2023-02-15,Santa Barbara,083,443738,111854,111692,7696,119388,760
2023-02-15,Santa Clara,085,1922200,473899,472011,21122,493133,2688
2023-02-15,Santa Cruz,087,273765,68175,68030,3906,71936,278
2023-02-15,Shasta,089,179085,36471,36385,8298,44683,606
2023-02-15,Sierra,091,2930,311,311,61,372,5
2023-02-15,Siskiyou,093,43540,5443,5433,3440,8873,95
2023-02-15,Solano,095,438530,113370,113211,8594,121805,481
2023-02-15,Sonoma,097,501317,113224,113031,5770,118801,548
2023-02-15,Stanislaus,099,539301,144687,144597,23006,167603,1842
2023-02-15,Sutter,101,95872,25661,25633,2539,28172,238
2023-02-15,Tehama,103,63373,14442,14421,3402,17823,222
2023-02-15,Trinity,105,12862,1473,1470,505,1975,24
2023-02-15,Tulare,107,460477,128128,127791,40343,168134,1567
2023-02-15,Tuolumne,109,53932,16843,16802,987,17789,203
2023-02-15,Ventura,111,848112,220460,220185,18059,238244,1664
2023-02-15,Yolo,113,214977,49918,49841,4881,54722,439
2023-02-15,Yuba,115,75493,19974,19958,1870,21828,134
2023-02-14,Alameda,001,1643700,377696,376312,22227,398539,2174
2023-02-14,Alpine,002,1148,139,139,4,143,0
2023-02-14,Amador,005,37829,10533,10524,965,11489,99
2023-02-14,Butte,007,227075,41620,41548,10213,51761,484
2023-02-14,Calaveras,009,45235,8964,8960,639,9599,140
2023-02-14,Colusa,011,21464,3961,3960,1345,5305,22
2023-02-14,Contra Costa,013,1133247,271596,270737,22296,293033,1542
2023-02-14,Del Norte,015,27424,7915,7892,466,8358,59
2023-02-14,El Dorado,017,186661,34470,34430,4535,38965,243
2023-02-14,Fresno,019,978130,293894,293104,34817,327921,2983
2023-02-14,Glenn,021,27897,5780,5773,2011,7784,58
2023-02-14,Humboldt,023,135768,23342,23276,5907,29183,169
2023-02-14,Imperial,025,180216,69802,69669,18845,88514,974
2023-02-14,Inyo,027,18085,4759,4752,1302,6054,63
2023-02-14,Kern,029,883053,229668,228953,72607,301560,2474
2023-02-14,Kings,031,150075,62733,62684,4466,67150,473
2023-02-14,Lake,033,64148,13611,13595,1278,14873,155
2023-02-14,Lassen,035,31185,10254,10246,1062,11308,66
2023-02-14,Los Angeles,037,10098052,3482009,3475808,216794,3692602,35250
2023-02-14,Madera,039,155013,46177,46098,8863,54961,377
2023-02-14,Marin,041,260295,40382,48759,5678,54437,317
2023-02-14,Mariposa,043,17540,3351,3342,359,3701,32
2023-02-14,Mendocino,045,87422,16842,16830,4825,21655,143
2023-02-14,Merced,047,269075,77121,76157,12867,89024,903
2023-02-14,Modoc,049,8938,954,953,369,1322,11
2023-02-14,Mono,051,14174,3319,3319,302,3621,8
2023-02-14,Monterey,053,433212,97893,97704,23675,121379,796
2023-02-14,Napa,055,140530,34466,34245,1515,35760,165
2023-02-14,Nevada,057,99092,20116,20088,2310,22398,132
2023-02-14,Orange,059,3164182,711358,707080,77478,784558,7892
2023-02-14,Placer,061,380077,80770,80615,10307,90922,682
2023-02-14,Plumas,063,18699,3819,3819,459,4278,14
2023-02-14,Riverside,065,2383286,733459,731962,41142,773104,6827
2023-02-14,Sacramento,067,1510023,369813,368833,38007,406840,3507
2023-02-14,San Benito,069,59416,17603,17566,1130,18696,115
2023-02-14,San Bernardino,071,2135413,708909,707191,34435,741626,8171
2023-02-14,San Diego,073,3302833,981999,981249,80362,1061611,5759
2023-02-14,San Francisco,075,870044,194994,194654,13257,207911,1164
2023-02-14,San Joaquin,077,732212,209179,208935,16845,225780,2415
2023-02-14,San Luis Obispo,079,281455,66311,66209,8098,74307,559
2023-02-14,San Mateo,081,765935,182570,181782,11088,192870,749
2023-02-14,Santa Barbara,083,443738,111821,111692,7692,119384,760
2023-02-14,Santa Clara,085,1922200,473697,472011,21108,493119,2688
2023-02-14,Santa Cruz,087,273765,68157,68030,3904,71934,278
2023-02-14,Shasta,089,179085,36470,36385,8297,44682,606
2023-02-14,Sierra,091,2930,311,311,61,372,5
2023-02-14,Siskiyou,093,43540,5441,5433,3439,8872,95
2023-02-14,Solano,095,438530,113315,113211,8592,121803,481
2023-02-14,Sonoma,097,501317,113179,113031,5764,118795,548
2023-02-14,Stanislaus,099,539301,144647,144597,22994,167591,1842
2023-02-14,Sutter,101,95872,25653,25633,2539,28172,238
2023-02-14,Tehama,103,63373,14438,14421,3402,17823,222
2023-02-14,Trinity,105,12862,1473,1470,505,1975,24
2023-02-14,Tulare,107,460477,128092,127791,40308,168099,1567
2023-02-14,Tuolumne,109,53932,16842,16802,987,17789,203
2023-02-14,Ventura,111,848112,220418,220185,18051,238236,1664
2023-02-14,Yolo,113,214977,49904,49841,4870,54711,439
2023-02-14,Yuba,115,75493,19968,19958,1868,21826,134
2023-02-13,Alameda,001,1643700,377513,375137,22186,397323,2162
2023-02-13,Alpine,002,1148,139,139,4,143,0
2023-02-13,Amador,005,37829,10527,10499,965,11464,99
2023-02-13,Butte,007,227075,41610,41466,10209,51675,486
2023-02-13,Calaveras,009,45235,8963,8942,639,9581,140
2023-02-13,Colusa,011,21464,3961,3949,1343,5292,22
2023-02-13,Contra Costa,013,1133247,271487,270063,22290,292353,1523
2023-02-13,Del Norte,015,27424,7913,7792,466,8258,58
2023-02-13,El Dorado,017,186661,34458,34358,4534,38892,243
2023-02-13,Fresno,019,978130,293817,292431,34799,327230,2979
2023-02-13,Glenn,021,27897,5780,5762,2007,7769,58
2023-02-13,Humboldt,023,135768,23336,23129,5905,29034,169
2023-02-13,Imperial,025,180216,69791,69511,18836,88347,974
2023-02-13,Inyo,027,18085,4756,4744,1302,6046,63
2023-02-13,Kern,029,883053,229603,228620,72559,301179,2470
2023-02-13,Kings,031,150075,62713,62582,4465,67047,471
2023-02-13,Lake,033,64148,13606,13570,1278,14848,151
2023-02-13,Lassen,035,31185,10254,10239,1062,11301,66
2023-02-13,Los Angeles,037,10098052,3481070,3469761,216585,3686346,35132
2023-02-13,Madera,039,155013,46165,46029,8856,54885,377
2023-02-13,Marin,041,260295,40366,48605,5671,54276,317
2023-02-13,Mariposa,043,17540,3349,3331,359,3690,32
2023-02-13,Mendocino,045,87422,16838,16793,4821,21614,142
2023-02-13,Merced,047,269075,77094,75938,12866,88804,903
2023-02-13,Modoc,049,8938,954,952,369,1321,11
2023-02-13,Mono,051,14174,3319,3318,302,3620,8
2023-02-13,Monterey,053,433212,97871,97486,23632,121118,794
2023-02-13,Napa,055,140530,34443,34145,1515,35660,165
2023-02-13,Nevada,057,99092,20112,20045,2308,22353,132
2023-02-13,Orange,059,3164182,711127,705665,77402,783067,7880
2023-02-13,Placer,061,380077,80742,80453,10305,90758,680
2023-02-13,Plumas,063,18699,3819,3817,459,4276,14
2023-02-13,Riverside,065,2383286,733295,730745,41101,771846,6813
2023-02-13,Sacramento,067,1510023,369688,368005,37977,405982,3503
2023-02-13,San Benito,069,59416,17595,17519,1125,18644,115
2023-02-13,San Bernardino,071,2135413,708776,706058,34420,740478,8170
2023-02-13,San Diego,073,3302833,981685,979002,80320,1059322,5745
2023-02-13,San Francisco,075,870044,194901,194077,13251,207328,1154
2023-02-13,San Joaquin,077,732212,209109,208426,16832,225258,2396
2023-02-13,San Luis Obispo,079,281455,66288,66055,8098,74153,552
2023-02-13,San Mateo,081,765935,182494,181227,11082,192309,749
2023-02-13,Santa Barbara,083,443738,111782,111455,7687,119142,759
2023-02-13,Santa Clara,085,1922200,473489,470539,21091,491630,2681
2023-02-13,Santa Cruz,087,273765,68135,67794,3898,71692,276
2023-02-13,Shasta,089,179085,36465,36352,8292,44644,605
2023-02-13,Sierra,091,2930,311,311,61,372,5
2023-02-13,Siskiyou,093,43540,5438,5420,3439,8859,95
2023-02-13,Solano,095,438530,113267,112930,8587,121517,482
2023-02-13,Sonoma,097,501317,113145,112766,5753,118519,549
2023-02-13,Stanislaus,099,539301,144599,144307,22974,167281,1838
2023-02-13,Sutter,101,95872,25646,25583,2538,28121,238
2023-02-13,Tehama,103,63373,14437,14396,3402,17798,222
2023-02-13,Trinity,105,12862,1473,1469,504,1973,24
2023-02-13,Tulare,107,460477,128064,127513,40286,167799,1567
2023-02-13,Tuolumne,109,53932,16837,16757,984,17741,203
2023-02-13,Ventura,111,848112,220368,219808,18045,237853,1662
2023-02-13,Yolo,113,214977,49890,49749,4867,54616,436
2023-02-13,Yuba,115,75493,19965,19930,1868,21798,134
2023-02-12,Alameda,001,1643700,377321,375137,22167,397304,2162
2023-02-12,Alpine,002,1148,139,139,4,143,0
2023-02-12,Amador,005,37829,10525,10499,964,11463,99
2023-02-12,Butte,007,227075,41599,41466,10201,51667,486
2023-02-12,Calaveras,009,45235,8962,8942,638,9580,140
2023-02-12,Colusa,011,21464,3961,3949,1343,5292,22
2023-02-12,Contra Costa,013,1133247,271373,270063,22279,292342,1523
2023-02-12,Del Norte,015,27424,7910,7792,466,8258,58
2023-02-12,El Dorado,017,186661,34444,34358,4534,38892,243
2023-02-12,Fresno,019,978130,293729,292431,34792,327223,2979
2023-02-12,Glenn,021,27897,5779,5762,2007,7769,58
2023-02-12,Humboldt,023,135768,23329,23129,5904,29033,169
2023-02-12,Imperial,025,180216,69764,69511,18818,88329,974
2023-02-12,Inyo,027,18085,4756,4744,1298,6042,63
2023-02-12,Kern,029,883053,229538,228620,72510,301130,2470
2023-02-12,Kings,031,150075,62701,62582,4464,67046,471
2023-02-12,Lake,033,64148,13601,13570,1278,14848,151
2023-02-12,Lassen,035,31185,10254,10239,1062,11301,66
2023-02-12,Los Angeles,037,10098052,3480025,3469761,216362,3686123,35132
2023-02-12,Madera,039,155013,46159,46029,8843,54872,377
2023-02-12,Marin,041,260295,40346,48605,5669,54274,317
2023-02-12,Mariposa,043,17540,3349,3331,359,3690,32
2023-02-12,Mendocino,045,87422,16833,16793,4820,21613,142
2023-02-12,Merced,047,269075,77060,75938,12859,88797,903
2023-02-12,Modoc,049,8938,954,952,369,1321,11
2023-02-12,Mono,051,14174,3319,3318,301,3619,8
2023-02-12,Monterey,053,433212,97829,97486,23607,121093,794
2023-02-12,Napa,055,140530,34429,34145,1515,35660,165
2023-02-12,Nevada,057,99092,20109,20045,2303,22348,132
2023-02-12,Orange,059,3164182,710898,705665,77302,782967,7880
2023-02-12,Placer,061,380077,80719,80453,10303,90756,680
2023-02-12,Plumas,063,18699,3818,3817,459,4276,14
2023-02-12,Riverside,065,2383286,733083,730745,41072,771817,6813
2023-02-12,Sacramento,067,1510023,369556,368005,37956,405961,3503
2023-02-12,San Benito,069,59416,17592,17519,1125,18644,115
2023-02-12,San Bernardino,071,2135413,708573,706058,34402,740460,8170
2023-02-12,San Diego,073,3302833,981285,979002,80259,1059261,5745
2023-02-12,San Francisco,075,870044,194787,194077,13235,207312,1154
2023-02-12,San Joaquin,077,732212,209021,208426,16819,225245,2396
2023-02-12,San Luis Obispo,079,281455,66259,66055,8098,74153,552
2023-02-12,San Mateo,081,765935,182385,181227,11074,192301,749
2023-02-12,Santa Barbara,083,443738,111753,111455,7682,119137,759
2023-02-12,Santa Clara,085,1922200,473247,470539,21079,491618,2681
2023-02-12,Santa Cruz,087,273765,68112,67794,3895,71689,276
2023-02-12,Shasta,089,179085,36460,36352,8289,44641,605
2023-02-12,Sierra,091,2930,311,311,61,372,5
2023-02-12,Siskiyou,093,43540,5438,5420,3437,8857,95
2023-02-12,Solano,095,438530,113225,112930,8580,121510,482
2023-02-12,Sonoma,097,501317,113088,112766,5750,118516,549
2023-02-12,Stanislaus,099,539301,144557,144307,22954,167261,1838
2023-02-12,Sutter,101,95872,25637,25583,2538,28121,238
2023-02-12,Tehama,103,63373,14435,14396,3401,17797,222
2023-02-12,Trinity,105,12862,1473,1469,504,1973,24
2023-02-12,Tulare,107,460477,128026,127513,40266,167779,1567
2023-02-12,Tuolumne,109,53932,16832,16757,984,17741,203
2023-02-12,Ventura,111,848112,220326,219808,18035,237843,1662
2023-02-12,Yolo,113,214977,49880,49749,4863,54612,436
2023-02-12,Yuba,115,75493,19958,19930,1866,21796,134
2023-02-11,Alameda,001,1643700,377204,375137,22159,397296,2162
2023-02-11,Alpine,002,1148,139,139,4,143,0
2023-02-11,Amador,005,37829,10523,10499,964,11463,99
2023-02-11,Butte,007,227075,41594,41466,10193,51659,486
2023-02-11,Calaveras,009,45235,8959,8942,638,9580,140
2023-02-11,Colusa,011,21464,3961,3949,1343,5292,22
2023-02-11,Contra Costa,013,1133247,271297,270063,22276,292339,1523
2023-02-11,Del Norte,015,27424,7910,7792,466,8258,58
2023-02-11,El Dorado,017,186661,34438,34358,4533,38891,243
2023-02-11,Fresno,019,978130,293688,292431,34785,327216,2979
2023-02-11,Glenn,021,27897,5777,5762,2007,7769,58
2023-02-11,Humboldt,023,135768,23323,23129,5903,29032,169
2023-02-11,Imperial,025,180216,69757,69511,18817,88328,974
2023-02-11,Inyo,027,18085,4756,4744,1297,6041,63
2023-02-11,Kern,029,883053,229510,228620,72478,301098,2470
2023-02-11,Kings,031,150075,62699,62582,4463,67045,471
2023-02-11,Lake,033,64148,13599,13570,1278,14848,151
2023-02-11,Lassen,035,31185,10253,10239,1062,11301,66
2023-02-11,Los Angeles,037,10098052,3479398,3469761,216246,3686007,35132
2023-02-11,Madera,039,155013,46158,46029,8843,54872,377
2023-02-11,Marin,041,260295,40329,48605,5667,54272,317
2023-02-11,Mariposa,043,17540,3349,3331,359,3690,32
2023-02-11,Mendocino,045,87422,16832,16793,4820,21613,142
2023-02-11,Merced,047,269075,77051,75938,12852,88790,903
2023-02-11,Modoc,049,8938,954,952,369,1321,11
2023-02-11,Mono,051,14174,3319,3318,301,3619,8
2023-02-11,Monterey,053,433212,97801,97486,23590,121076,794
2023-02-11,Napa,055,140530,34424,34145,1515,35660,165
2023-02-11,Nevada,057,99092,20103,20045,2299,22344,132
2023-02-11,Orange,059,3164182,710763,705665,77247,782912,7880
2023-02-11,Placer,061,380077,80695,80453,10303,90756,680
2023-02-11,Plumas,063,18699,3818,3817,459,4276,14
2023-02-11,Riverside,065,2383286,732979,730745,41048,771793,6813
2023-02-11,Sacramento,067,1510023,369485,368005,37948,405953,3503
2023-02-11,San Benito,069,59416,17587,17519,1125,18644,115
2023-02-11,San Bernardino,071,2135413,708481,706058,34389,740447,8170
2023-02-11,San Diego,073,3302833,981131,979002,80245,1059247,5745
2023-02-11,San Francisco,075,870044,194718,194077,13234,207311,1154
2023-02-11,San Joaquin,077,732212,208987,208426,16813,225239,2396
2023-02-11,San Luis Obispo,079,281455,66247,66055,8098,74153,552
2023-02-11,San Mateo,081,765935,182336,181227,11070,192297,749
2023-02-11,Santa Barbara,083,443738,111728,111455,7681,119136,759
2023-02-11,Santa Clara,085,1922200,473120,470539,21071,491610,2681
2023-02-11,Santa Cruz,087,273765,68095,67794,3895,71689,276
2023-02-11,Shasta,089,179085,36457,36352,8287,44639,605
2023-02-11,Sierra,091,2930,311,311,61,372,5
2023-02-11,Siskiyou,093,43540,5436,5420,3437,8857,95
2023-02-11,Solano,095,438530,113211,112930,8579,121509,482
2023-02-11,Sonoma,097,501317,113062,112766,5747,118513,549
2023-02-11,Stanislaus,099,539301,144524,144307,22953,167260,1838
2023-02-11,Sutter,101,95872,25629,25583,2538,28121,238
2023-02-11,Tehama,103,63373,14434,14396,3401,17797,222
2023-02-11,Trinity,105,12862,1472,1469,504,1973,24
2023-02-11,Tulare,107,460477,128003,127513,40256,167769,1567
2023-02-11,Tuolumne,109,53932,16823,16757,984,17741,203
2023-02-11,Ventura,111,848112,220303,219808,18033,237841,1662
2023-02-11,Yolo,113,214977,49872,49749,4861,54610,436
2023-02-11,Yuba,115,75493,19957,19930,1865,21795,134
2023-02-10,Alameda,001,1643700,377121,375137,22144,397281,2162
2023-02-10,Alpine,002,1148,139,139,4,143,0
2023-02-10,Amador,005,37829,10522,10499,964,11463,99
2023-02-10,Butte,007,227075,41588,41466,10192,51658,486
2023-02-10,Calaveras,009,45235,8957,8942,638,9580,140
2023-02-10,Colusa,011,21464,3958,3949,1343,5292,22
2023-02-10,Contra Costa,013,1133247,271228,270063,22269,292332,1523
2023-02-10,Del Norte,015,27424,7907,7792,466,8258,58
2023-02-10,El Dorado,017,186661,34433,34358,4533,38891,243
2023-02-10,Fresno,019,978130,293638,292431,34781,327212,2979
2023-02-10,Glenn,021,27897,5774,5762,2005,7767,58
2023-02-10,Humboldt,023,135768,23322,23129,5902,29031,169
2023-02-10,Imperial,025,180216,69742,69511,18817,88328,974
2023-02-10,Inyo,027,18085,4756,4744,1297,6041,63
2023-02-10,Kern,029,883053,229475,228620,72446,301066,2470
2023-02-10,Kings,031,150075,62695,62582,4462,67044,471
2023-02-10,Lake,033,64148,13597,13570,1278,14848,151
2023-02-10,Lassen,035,31185,10252,10239,1062,11301,66
2023-02-10,Los Angeles,037,10098052,3478771,3469761,216105,3685866,35132
2023-02-10,Madera,039,155013,46153,46029,8842,54871,377
2023-02-10,Marin,041,260295,40310,48605,5666,54271,317
2023-02-10,Mariposa,043,17540,3349,3331,359,3690,32
2023-02-10,Mendocino,045,87422,16830,16793,4820,21613,142
2023-02-10,Merced,047,269075,77025,75938,12849,88787,903
2023-02-10,Modoc,049,8938,954,952,369,1321,11
2023-02-10,Mono,051,14174,3319,3318,301,3619,8
2023-02-10,Monterey,053,433212,97781,97486,23571,121057,794
2023-02-10,Napa,055,140530,34417,34145,1515,35660,165
2023-02-10,Nevada,057,99092,20097,20045,2298,22343,132
2023-02-10,Orange,059,3164182,710621,705665,77192,782857,7880
2023-02-10,Placer,061,380077,80685,80453,10302,90755,680
2023-02-10,Plumas,063,18699,3817,3817,459,4276,14
2023-02-10,Riverside,065,2383286,732857,730745,41026,771771,6813
2023-02-10,Sacramento,067,1510023,369393,368005,37944,405949,3503
2023-02-10,San Benito,069,59416,17584,17519,1125,18644,115
2023-02-10,San Bernardino,071,2135413,708359,706058,34382,740440,8170
2023-02-10,San Diego,073,3302833,980951,979002,80230,1059232,5745
2023-02-10,San Francisco,075,870044,194660,194077,13225,207302,1154
2023-02-10,San Joaquin,077,732212,208938,208426,16797,225223,2396
2023-02-10,San Luis Obispo,079,281455,66234,66055,8096,74151,552
2023-02-10,San Mateo,081,765935,182270,181227,11065,192292,749
2023-02-10,Santa Barbara,083,443738,111705,111455,7680,119135,759
2023-02-10,Santa Clara,085,1922200,472995,470539,21064,491603,2681
2023-02-10,Santa Cruz,087,273765,68062,67794,3895,71689,276
2023-02-10,Shasta,089,179085,36453,36352,8287,44639,605
2023-02-10,Sierra,091,2930,311,311,61,372,5
2023-02-10,Siskiyou,093,43540,5434,5420,3437,8857,95
2023-02-10,Solano,095,438530,113189,112930,8579,121509,482
2023-02-10,Sonoma,097,501317,113048,112766,5746,118512,549
2023-02-10,Stanislaus,099,539301,144507,144307,22948,167255,1838
2023-02-10,Sutter,101,95872,25621,25583,2538,28121,238
2023-02-10,Tehama,103,63373,14432,14396,3400,17796,222
2023-02-10,Trinity,105,12862,1472,1469,504,1973,24
2023-02-10,Tulare,107,460477,127976,127513,40247,167760,1567
2023-02-10,Tuolumne,109,53932,16820,16757,983,17740,203
2023-02-10,Ventura,111,848112,220271,219808,18028,237836,1662
2023-02-10,Yolo,113,214977,49867,49749,4855,54604,436
2023-02-10,Yuba,115,75493,19955,19930,1864,21794,134
2023-02-09,Alameda,001,1643700,376947,375137,22132,397269,2162
2023-02-09,Alpine,002,1148,139,139,4,143,0
2023-02-09,Amador,005,37829,10517,10499,964,11463,99
2023-02-09,Butte,007,227075,41576,41466,10183,51649,486
2023-02-09,Calaveras,009,45235,8956,8942,638,9580,140
2023-02-09,Colusa,011,21464,3958,3949,1343,5292,22
2023-02-09,Contra Costa,013,1133247,271127,270063,22262,292325,1523
2023-02-09,Del Norte,015,27424,7904,7792,466,8258,58
2023-02-09,El Dorado,017,186661,34428,34358,4532,38890,243
2023-02-09,Fresno,019,978130,293581,292431,34768,327199,2979
2023-02-09,Glenn,021,27897,5772,5762,2003,7765,58
2023-02-09,Humboldt,023,135768,23317,23129,5899,29028,169
2023-02-09,Imperial,025,180216,69726,69511,18810,88321,974
2023-02-09,Inyo,027,18085,4755,4744,1295,6039,63
2023-02-09,Kern,029,883053,229418,228620,72396,301016,2470
2023-02-09,Kings,031,150075,62674,62582,4461,67043,471
2023-02-09,Lake,033,64148,13595,13570,1278,14848,151
2023-02-09,Lassen,035,31185,10251,10239,1062,11301,66
2023-02-09,Los Angeles,037,10098052,3477953,3469761,215902,3685663,35132
2023-02-09,Madera,039,155013,46137,46029,8833,54862,377
2023-02-09,Marin,041,260295,40289,48605,5666,54271,317
2023-02-09,Mariposa,043,17540,3349,3331,359,3690,32
2023-02-09,Mendocino,045,87422,16825,16793,4820,21613,142
2023-02-09,Merced,047,269075,77007,75938,12846,88784,903
2023-02-09,Modoc,049,8938,954,952,369,1321,11
2023-02-09,Mono,051,14174,3318,3318,301,3619,8
2023-02-09,Monterey,053,433212,97747,97486,23531,121017,794
2023-02-09,Napa,055,140530,34399,34145,1514,35659,165
2023-02-09,Nevada,057,99092,20091,20045,2296,22341,132
2023-02-09,Orange,059,3164182,710413,705665,77125,782790,7880
2023-02-09,Placer,061,380077,80668,80453,10300,90753,680
2023-02-09,Plumas,063,18699,3816,3817,459,4276,14
2023-02-09,Riverside,065,2383286,732708,730745,40997,771742,6813
2023-02-09,Sacramento,067,1510023,369264,368005,37920,405925,3503
2023-02-09,San Benito,069,59416,17573,17519,1125,18644,115
2023-02-09,San Bernardino,071,2135413,708226,706058,34362,740420,8170
2023-02-09,San Diego,073,3302833,980678,979002,80184,1059186,5745
2023-02-09,San Francisco,075,870044,194562,194077,13212,207289,1154
2023-02-09,San Joaquin,077,732212,208873,208426,16784,225210,2396
2023-02-09,San Luis Obispo,079,281455,66219,66055,8093,74148,552
2023-02-09,San Mateo,081,765935,182193,181227,11059,192286,749
2023-02-09,Santa Barbara,083,443738,111679,111455,7671,119126,759
2023-02-09,Santa Clara,085,1922200,472770,470539,21048,491587,2681
2023-02-09,Santa Cruz,087,273765,68001,67794,3890,71684,276
2023-02-09,Shasta,089,179085,36450,36352,8283,44635,605
2023-02-09,Sierra,091,2930,311,311,61,372,5
2023-02-09,Siskiyou,093,43540,5433,5420,3437,8857,95
2023-02-09,Solano,095,438530,113151,112930,8577,121507,482
2023-02-09,Sonoma,097,501317,113023,112766,5744,118510,549
2023-02-09,Stanislaus,099,539301,144467,144307,22934,167241,1838
2023-02-09,Sutter,101,95872,25617,25583,2538,28121,238
2023-02-09,Tehama,103,63373,14429,14396,3400,17796,222
2023-02-09,Trinity,105,12862,1472,1469,504,1973,24
2023-02-09,Tulare,107,460477,127931,127513,40220,167733,1567
2023-02-09,Tuolumne,109,53932,16816,16757,983,17740,203
2023-02-09,Ventura,111,848112,220229,219808,18018,237826,1662
2023-02-09,Yolo,113,214977,49852,49749,4848,54597,436
2023-02-09,Yuba,115,75493,19951,19930,1863,21793,134
2023-02-08,Alameda,001,1643700,376774,375137,22120,397257,2162
2023-02-08,Alpine,002,1148,139,139,4,143,0
2023-02-08,Amador,005,37829,10512,10499,964,11463,99
2023-02-08,Butte,007,227075,41563,41466,10172,51638,486
2023-02-08,Calaveras,009,45235,8954,8942,638,9580,140
2023-02-08,Colusa,011,21464,3957,3949,1343,5292,22
2023-02-08,Contra Costa,013,1133247,271018,270063,22254,292317,1523
2023-02-08,Del Norte,015,27424,7901,7792,466,8258,58
2023-02-08,El Dorado,017,186661,34419,34358,4531,38889,243
2023-02-08,Fresno,019,978130,293502,292431,34744,327175,2979
2023-02-08,Glenn,021,27897,5771,5762,2002,7764,58
2023-02-08,Humboldt,023,135768,23311,23129,5896,29025,169
2023-02-08,Imperial,025,180216,69708,69511,18808,88319,974
2023-02-08,Inyo,027,18085,4755,4744,1293,6037,63
2023-02-08,Kern,029,883053,229377,228620,72343,300963,2470
2023-02-08,Kings,031,150075,62654,62582,4458,67040,471
2023-02-08,Lake,033,64148,13595,13570,1277,14847,151
2023-02-08,Lassen,035,31185,10250,10239,1062,11301,66
2023-02-08,Los Angeles,037,10098052,3477099,3469761,215695,3685456,35132
2023-02-08,Madera,039,155013,46129,46029,8832,54861,377
2023-02-08,Marin,041,260295,40264,48605,5664,54269,317
2023-02-08,Mariposa,043,17540,3347,3331,359,3690,32
2023-02-08,Mendocino,045,87422,16823,16793,4820,21613,142
2023-02-08,Merced,047,269075,76982,75938,12838,88776,903
2023-02-08,Modoc,049,8938,954,952,369,1321,11
2023-02-08,Mono,051,14174,3318,3318,300,3618,8
2023-02-08,Monterey,053,433212,97716,97486,23494,120980,794
2023-02-08,Napa,055,140530,34380,34145,1514,35659,165
2023-02-08,Nevada,057,99092,20085,20045,2294,22339,132
2023-02-08,Orange,059,3164182,710216,705665,77056,782721,7880
2023-02-08,Placer,061,380077,80632,80453,10298,90751,680
2023-02-08,Plumas,063,18699,3816,3817,459,4276,14
2023-02-08,Riverside,065,2383286,732540,730745,40974,771719,6813
2023-02-08,Sacramento,067,1510023,369154,368005,37897,405902,3503
2023-02-08,San Benito,069,59416,17569,17519,1123,18642,115
2023-02-08,San Bernardino,071,2135413,708084,706058,34346,740404,8170
2023-02-08,San Diego,073,3302833,980370,979002,80132,1059134,5745
2023-02-08,San Francisco,075,870044,194470,194077,13208,207285,1154
2023-02-08,San Joaquin,077,732212,208786,208426,16776,225202,2396
2023-02-08,San Luis Obispo,079,281455,66196,66055,8088,74143,552
2023-02-08,San Mateo,081,765935,182122,181227,11053,192280,749
2023-02-08,Santa Barbara,083,443738,111652,111455,7666,119121,759
2023-02-08,Santa Clara,085,1922200,472576,470539,21035,491574,2681
2023-02-08,Santa Cruz,087,273765,67975,67794,3886,71680,276
2023-02-08,Shasta,089,179085,36447,36352,8279,44631,605
2023-02-08,Sierra,091,2930,311,311,61,372,5
2023-02-08,Siskiyou,093,43540,5433,5420,3437,8857,95
2023-02-08,Solano,095,438530,113101,112930,8573,121503,482
2023-02-08,Sonoma,097,501317,112989,112766,5743,118509,549
2023-02-08,Stanislaus,099,539301,144422,144307,22920,167227,1838
2023-02-08,Sutter,101,95872,25609,25583,2537,28120,238
2023-02-08,Tehama,103,63373,14428,14396,3399,17795,222
2023-02-08,Trinity,105,12862,1472,1469,504,1973,24
2023-02-08,Tulare,107,460477,127889,127513,40199,167712,1567
2023-02-08,Tuolumne,109,53932,16808,16757,983,17740,203
2023-02-08,Ventura,111,848112,220167,219808,18011,237819,1662
2023-02-08,Yolo,113,214977,49848,49749,4842,54591,436
2023-02-08,Yuba,115,75493,19942,19930,1862,21792,134
2023-02-07,Alameda,001,1643700,376599,375137,22109,397246,2162
2023-02-07,Alpine,002,1148,139,139,4,143,0
2023-02-07,Amador,005,37829,10510,10499,964,11463,99
2023-02-07,Butte,007,227075,41546,41466,10163,51629,486
2023-02-07,Calaveras,009,45235,8953,8942,638,9580,140
2023-02-07,Colusa,011,21464,3954,3949,1343,5292,22
2023-02-07,Contra Costa,013,1133247,270896,270063,22243,292306,1523
2023-02-07,Del Norte,015,27424,7897,7792,466,8258,58
2023-02-07,El Dorado,017,186661,34407,34358,4528,38886,243
2023-02-07,Fresno,019,978130,293427,292431,34725,327156,2979
2023-02-07,Glenn,021,27897,5770,5762,2000,7762,58
2023-02-07,Humboldt,023,135768,23306,23129,5893,29022,169
2023-02-07,Imperial,025,180216,69678,69511,18803,88314,974
2023-02-07,Inyo,027,18085,4754,4744,1290,6034,63
2023-02-07,Kern,029,883053,229325,228620,72273,300893,2470
2023-02-07,Kings,031,150075,62642,62582,4455,67037,471
2023-02-07,Lake,033,64148,13591,13570,1277,14847,151
2023-02-07,Lassen,035,31185,10249,10239,1062,11301,66
2023-02-07,Los Angeles,037,10098052,3476110,3469761,215481,3685242,35132
2023-02-07,Madera,039,155013,46117,46029,8823,54852,377
2023-02-07,Marin,041,260295,40245,48605,5663,54268,317
2023-02-07,Mariposa,043,17540,3346,3331,359,3690,32
2023-02-07,Mendocino,045,87422,16818,16793,4820,21613,142
2023-02-07,Merced,047,269075,76955,75938,12832,88770,903
2023-02-07,Modoc,049,8938,954,952,369,1321,11
2023-02-07,Mono,051,14174,3318,3318,300,3618,8
2023-02-07,Monterey,053,433212,97689,97486,23458,120944,794
2023-02-07,Napa,055,140530,34369,34145,1514,35659,165
2023-02-07,Nevada,057,99092,20077,20045,2292,22337,132
2023-02-07,Orange,059,3164182,709967,705665,76990,782655,7880
2023-02-07,Placer,061,380077,80601,80453,10296,90749,680
2023-02-07,Plumas,063,18699,3816,3817,459,4276,14
2023-02-07,Riverside,065,2383286,732371,730745,40937,771682,6813
2023-02-07,Sacramento,067,1510023,369002,368005,37874,405879,3503
2023-02-07,San Benito,069,59416,17562,17519,1122,18641,115
2023-02-07,San Bernardino,071,2135413,707912,706058,34320,740378,8170
2023-02-07,San Diego,073,3302833,980061,979002,80084,1059086,5745
2023-02-07,San Francisco,075,870044,194382,194077,13208,207285,1154
2023-02-07,San Joaquin,077,732212,208722,208426,16760,225186,2396
2023-02-07,San Luis Obispo,079,281455,66176,66055,8086,74141,552
2023-02-07,San Mateo,081,765935,182060,181227,11051,192278,749
2023-02-07,Santa Barbara,083,443738,111627,111455,7659,119114,759
2023-02-07,Santa Clara,085,1922200,472329,470539,21021,491560,2681
2023-02-07,Santa Cruz,087,273765,67947,67794,3882,71676,276
2023-02-07,Shasta,089,179085,36437,36352,8273,44625,605
2023-02-07,Sierra,091,2930,311,311,61,372,5
2023-02-07,Siskiyou,093,43540,5431,5420,3437,8857,95
2023-02-07,Solano,095,438530,113060,112930,8569,121499,482
2023-02-07,Sonoma,097,501317,112947,112766,5736,118502,549
2023-02-07,Stanislaus,099,539301,144373,144307,22907,167214,1838
2023-02-07,Sutter,101,95872,25605,25583,2537,28120,238
2023-02-07,Tehama,103,63373,14424,14396,3398,17794,222
2023-02-07,Trinity,105,12862,1472,1469,504,1973,24
2023-02-07,Tulare,107,460477,127849,127513,40175,167688,1567
2023-02-07,Tuolumne,109,53932,16803,16757,983,17740,203
2023-02-07,Ventura,111,848112,220117,219808,17999,237807,1662
2023-02-07,Yolo,113,214977,49835,49749,4842,54591,436
2023-02-07,Yuba,115,75493,19941,19930,1859,21789,134
2023-02-06,Alameda,001,1643700,376392,374080,22084,396164,2153
2023-02-06,Alpine,002,1148,139,139,4,143,0
2023-02-06,Amador,005,37829,10508,10469,964,11433,98
2023-02-06,Butte,007,227075,41523,41393,10157,51550,486
2023-02-06,Calaveras,009,45235,8949,8925,638,9563,140
2023-02-06,Colusa,011,21464,3953,3942,1343,5285,22
2023-02-06,Contra Costa,013,1133247,270787,269280,22232,291512,1522
2023-02-06,Del Norte,015,27424,7894,7749,466,8215,58
2023-02-06,El Dorado,017,186661,34393,34310,4527,38837,240
2023-02-06,Fresno,019,978130,293346,291147,34707,325854,2969
2023-02-06,Glenn,021,27897,5769,5754,1999,7753,58
2023-02-06,Humboldt,023,135768,23299,23081,5885,28966,169
2023-02-06,Imperial,025,180216,69649,69391,18787,88178,974
2023-02-06,Inyo,027,18085,4751,4733,1290,6023,63
2023-02-06,Kern,029,883053,229276,228236,72215,300451,2470
2023-02-06,Kings,031,150075,62625,62444,4453,66897,470
2023-02-06,Lake,033,64148,13586,13542,1276,14818,151
2023-02-06,Lassen,035,31185,10249,10232,1062,11294,66
2023-02-06,Los Angeles,037,10098052,3475155,3463362,215287,3678649,35040
2023-02-06,Madera,039,155013,46105,45956,8821,54777,377
2023-02-06,Marin,041,260295,40223,48478,5663,54141,317
2023-02-06,Mariposa,043,17540,3346,3330,359,3689,32
2023-02-06,Mendocino,045,87422,16810,16755,4820,21575,142
2023-02-06,Merced,047,269075,76927,75741,12820,88561,903
2023-02-06,Modoc,049,8938,954,951,369,1320,11
2023-02-06,Mono,051,14174,3318,3313,300,3613,8
2023-02-06,Monterey,053,433212,97647,97259,23416,120675,790
2023-02-06,Napa,055,140530,34351,34034,1513,35547,165
2023-02-06,Nevada,057,99092,20075,20012,2288,22300,132
2023-02-06,Orange,059,3164182,709732,704157,76903,781060,7806
2023-02-06,Placer,061,380077,80581,80269,10294,90563,679
2023-02-06,Plumas,063,18699,3816,3814,459,4273,14
2023-02-06,Riverside,065,2383286,732201,729601,40892,770493,6789
2023-02-06,Sacramento,067,1510023,368878,367271,37841,405112,3487
2023-02-06,San Benito,069,59416,17552,17469,1121,18590,115
2023-02-06,San Bernardino,071,2135413,707756,704949,34298,739247,8170
2023-02-06,San Diego,073,3302833,979661,976987,80021,1057008,5728
2023-02-06,San Francisco,075,870044,194308,193361,13195,206556,1152
2023-02-06,San Joaquin,077,732212,208653,208068,16755,224823,2395
2023-02-06,San Luis Obispo,079,281455,66155,65882,8084,73966,549
2023-02-06,San Mateo,081,765935,181972,180691,11045,191736,749
2023-02-06,Santa Barbara,083,443738,111594,111213,7649,118862,758
2023-02-06,Santa Clara,085,1922200,472119,469329,21001,490330,2672
2023-02-06,Santa Cruz,087,273765,67929,67589,3881,71470,277
2023-02-06,Shasta,089,179085,36432,36324,8269,44593,605
2023-02-06,Sierra,091,2930,311,311,61,372,5
2023-02-06,Siskiyou,093,43540,5427,5407,3436,8843,95
2023-02-06,Solano,095,438530,113007,112466,8561,121027,482
2023-02-06,Sonoma,097,501317,112913,112508,5728,118236,544
2023-02-06,Stanislaus,099,539301,144331,143982,22894,166876,1827
2023-02-06,Sutter,101,95872,25600,25528,2537,28065,237
2023-02-06,Tehama,103,63373,14421,14379,3394,17773,222
2023-02-06,Trinity,105,12862,1472,1468,504,1972,24
2023-02-06,Tulare,107,460477,127816,127199,40150,167349,1562
2023-02-06,Tuolumne,109,53932,16799,16709,983,17692,203
2023-02-06,Ventura,111,848112,220052,219465,17983,237448,1659
2023-02-06,Yolo,113,214977,49815,49661,4839,54500,436
2023-02-06,Yuba,115,75493,19934,19907,1859,21766,134
2023-02-05,Alameda,001,1643700,376162,374080,22068,396148,2153
2023-02-05,Alpine,002,1148,139,139,4,143,0
2023-02-05,Amador,005,37829,10507,10469,964,11433,98
2023-02-05,Butte,007,227075,41501,41393,10149,51542,486
2023-02-05,Calaveras,009,45235,8947,8925,638,9563,140
2023-02-05,Colusa,011,21464,3950,3942,1342,5284,22
2023-02-05,Contra Costa,013,1133247,270644,269280,22223,291503,1522
2023-02-05,Del Norte,015,27424,7873,7749,464,8213,58
2023-02-05,El Dorado,017,186661,34382,34310,4524,38834,240
2023-02-05,Fresno,019,978130,293236,291147,34679,325826,2969
2023-02-05,Glenn,021,27897,5768,5754,1999,7753,58
2023-02-05,Humboldt,023,135768,23291,23081,5876,28957,169
2023-02-05,Imperial,025,180216,69626,69391,18768,88159,974
2023-02-05,Inyo,027,18085,4749,4733,1287,6020,63
2023-02-05,Kern,029,883053,229219,228236,72139,300375,2470
2023-02-05,Kings,031,150075,62600,62444,4452,66896,470
2023-02-05,Lake,033,64148,13577,13542,1276,14818,151
2023-02-05,Lassen,035,31185,10247,10232,1062,11294,66
2023-02-05,Los Angeles,037,10098052,3474019,3463362,215061,3678423,35040
2023-02-05,Madera,039,155013,46096,45956,8815,54771,377
2023-02-05,Marin,041,260295,40196,48478,5663,54141,317
2023-02-05,Mariposa,043,17540,3346,3330,359,3689,32
2023-02-05,Mendocino,045,87422,16805,16755,4817,21572,142
2023-02-05,Merced,047,269075,76898,75741,12811,88552,903
2023-02-05,Modoc,049,8938,953,951,369,1320,11
2023-02-05,Mono,051,14174,3318,3313,300,3613,8
2023-02-05,Monterey,053,433212,97612,97259,23372,120631,790
2023-02-05,Napa,055,140530,34323,34034,1512,35546,165
2023-02-05,Nevada,057,99092,20068,20012,2284,22296,132
2023-02-05,Orange,059,3164182,709493,704157,76824,780981,7806
2023-02-05,Placer,061,380077,80553,80269,10293,90562,679
2023-02-05,Plumas,063,18699,3816,3814,459,4273,14
2023-02-05,Riverside,065,2383286,731991,729601,40859,770460,6789
2023-02-05,Sacramento,067,1510023,368716,367271,37811,405082,3487
2023-02-05,San Benito,069,59416,17543,17469,1120,18589,115
2023-02-05,San Bernardino,071,2135413,707549,704949,34276,739225,8170
2023-02-05,San Diego,073,3302833,979273,976987,79943,1056930,5728
2023-02-05,San Francisco,075,870044,194201,193361,13183,206544,1152
2023-02-05,San Joaquin,077,732212,208550,208068,16745,224813,2395
2023-02-05,San Luis Obispo,079,281455,66122,65882,8078,73960,549
2023-02-05,San Mateo,081,765935,181874,180691,11037,191728,749
2023-02-05,Santa Barbara,083,443738,111553,111213,7644,118857,758
2023-02-05,Santa Clara,085,1922200,471866,469329,20974,490303,2672
2023-02-05,Santa Cruz,087,273765,67885,67589,3872,71461,277
2023-02-05,Shasta,089,179085,36431,36324,8267,44591,605
2023-02-05,Sierra,091,2930,311,311,61,372,5
2023-02-05,Siskiyou,093,43540,5426,5407,3435,8842,95
2023-02-05,Solano,095,438530,112931,112466,8556,121022,482
2023-02-05,Sonoma,097,501317,112870,112508,5725,118233,544
2023-02-05,Stanislaus,099,539301,144279,143982,22862,166844,1827
2023-02-05,Sutter,101,95872,25586,25528,2537,28065,237
2023-02-05,Tehama,103,63373,14417,14379,3393,17772,222
2023-02-05,Trinity,105,12862,1472,1468,504,1972,24
2023-02-05,Tulare,107,460477,127759,127199,40118,167317,1562
2023-02-05,Tuolumne,109,53932,16794,16709,983,17692,203
2023-02-05,Ventura,111,848112,219989,219465,17968,237433,1659
2023-02-05,Yolo,113,214977,49794,49661,4837,54498,436
2023-02-05,Yuba,115,75493,19926,19907,1856,21763,134
2023-02-04,Alameda,001,1643700,376043,374080,22060,396140,2153
2023-02-04,Alpine,002,1148,139,139,4,143,0
2023-02-04,Amador,005,37829,10500,10469,964,11433,98
2023-02-04,Butte,007,227075,41492,41393,10142,51535,486
2023-02-04,Calaveras,009,45235,8946,8925,638,9563,140
2023-02-04,Colusa,011,21464,3950,3942,1341,5283,22
2023-02-04,Contra Costa,013,1133247,270572,269280,22222,291502,1522
2023-02-04,Del Norte,015,27424,7872,7749,463,8212,58
2023-02-04,El Dorado,017,186661,34376,34310,4524,38834,240
2023-02-04,Fresno,019,978130,293184,291147,34676,325823,2969
2023-02-04,Glenn,021,27897,5766,5754,1999,7753,58
2023-02-04,Humboldt,023,135768,23288,23081,5876,28957,169
2023-02-04,Imperial,025,180216,69614,69391,18768,88159,974
2023-02-04,Inyo,027,18085,4749,4733,1287,6020,63
2023-02-04,Kern,029,883053,229187,228236,72106,300342,2470
2023-02-04,Kings,031,150075,62592,62444,4452,66896,470
2023-02-04,Lake,033,64148,13574,13542,1276,14818,151
2023-02-04,Lassen,035,31185,10247,10232,1062,11294,66
2023-02-04,Los Angeles,037,10098052,3473404,3463362,214939,3678301,35040
2023-02-04,Madera,039,155013,46090,45956,8815,54771,377
2023-02-04,Marin,041,260295,40182,48478,5661,54139,317
2023-02-04,Mariposa,043,17540,3346,3330,359,3689,32
2023-02-04,Mendocino,045,87422,16805,16755,4817,21572,142
2023-02-04,Merced,047,269075,76878,75741,12811,88552,903
2023-02-04,Modoc,049,8938,953,951,369,1320,11
2023-02-04,Mono,051,14174,3318,3313,300,3613,8
2023-02-04,Monterey,053,433212,97590,97259,23349,120608,790
2023-02-04,Napa,055,140530,34313,34034,1512,35546,165
2023-02-04,Nevada,057,99092,20065,20012,2284,22296,132
2023-02-04,Orange,059,3164182,709373,704157,76786,780943,7806
2023-02-04,Placer,061,380077,80535,80269,10292,90561,679
2023-02-04,Plumas,063,18699,3815,3814,458,4272,14
2023-02-04,Riverside,065,2383286,731870,729601,40845,770446,6789
2023-02-04,Sacramento,067,1510023,368647,367271,37808,405079,3487
2023-02-04,San Benito,069,59416,17536,17469,1120,18589,115
2023-02-04,San Bernardino,071,2135413,707413,704949,34264,739213,8170
2023-02-04,San Diego,073,3302833,979110,976987,79915,1056902,5728
2023-02-04,San Francisco,075,870044,194142,193361,13178,206539,1152
2023-02-04,San Joaquin,077,732212,208503,208068,16733,224801,2395
2023-02-04,San Luis Obispo,079,281455,66117,65882,8072,73954,549
2023-02-04,San Mateo,081,765935,181809,180691,11034,191725,749
2023-02-04,Santa Barbara,083,443738,111528,111213,7641,118854,758
2023-02-04,Santa Clara,085,1922200,471745,469329,20964,490293,2672
2023-02-04,Santa Cruz,087,273765,67870,67589,3871,71460,277
2023-02-04,Shasta,089,179085,36429,36324,8264,44588,605
2023-02-04,Sierra,091,2930,311,311,61,372,5
2023-02-04,Siskiyou,093,43540,5424,5407,3435,8842,95
2023-02-04,Solano,095,438530,112908,112466,8551,121017,482
2023-02-04,Sonoma,097,501317,112842,112508,5725,118233,544
2023-02-04,Stanislaus,099,539301,144250,143982,22852,166834,1827
2023-02-04,Sutter,101,95872,25582,25528,2537,28065,237
2023-02-04,Tehama,103,63373,14415,14379,3392,17771,222
2023-02-04,Trinity,105,12862,1472,1468,504,1972,24
2023-02-04,Tulare,107,460477,127737,127199,40104,167303,1562
2023-02-04,Tuolumne,109,53932,16782,16709,982,17691,203
2023-02-04,Ventura,111,848112,219950,219465,17961,237426,1659
2023-02-04,Yolo,113,214977,49787,49661,4833,54494,436
2023-02-04,Yuba,115,75493,19923,19907,1855,21762,134
2023-02-03,Alameda,001,1643700,375940,374080,22050,396130,2153
2023-02-03,Alpine,002,1148,139,139,4,143,0
2023-02-03,Amador,005,37829,10499,10469,964,11433,98
2023-02-03,Butte,007,227075,41486,41393,10137,51530,486
2023-02-03,Calaveras,009,45235,8945,8925,638,9563,140
2023-02-03,Colusa,011,21464,3950,3942,1341,5283,22
2023-02-03,Contra Costa,013,1133247,270506,269280,22219,291499,1522
2023-02-03,Del Norte,015,27424,7872,7749,463,8212,58
2023-02-03,El Dorado,017,186661,34372,34310,4523,38833,240
2023-02-03,Fresno,019,978130,293125,291147,34674,325821,2969
2023-02-03,Glenn,021,27897,5766,5754,1999,7753,58
2023-02-03,Humboldt,023,135768,23283,23081,5875,28956,169
2023-02-03,Imperial,025,180216,69598,69391,18763,88154,974
2023-02-03,Inyo,027,18085,4748,4733,1285,6018,63
2023-02-03,Kern,029,883053,229156,228236,72063,300299,2470
2023-02-03,Kings,031,150075,62583,62444,4452,66896,470
2023-02-03,Lake,033,64148,13571,13542,1276,14818,151
2023-02-03,Lassen,035,31185,10246,10232,1062,11294,66
2023-02-03,Los Angeles,037,10098052,3472838,3463362,214803,3678165,35040
2023-02-03,Madera,039,155013,46082,45956,8815,54771,377
2023-02-03,Marin,041,260295,40167,48478,5660,54138,317
2023-02-03,Mariposa,043,17540,3346,3330,359,3689,32
2023-02-03,Mendocino,045,87422,16799,16755,4817,21572,142
2023-02-03,Merced,047,269075,76860,75741,12811,88552,903
2023-02-03,Modoc,049,8938,953,951,369,1320,11
2023-02-03,Mono,051,14174,3318,3313,300,3613,8
2023-02-03,Monterey,053,433212,97559,97259,23331,120590,790
2023-02-03,Napa,055,140530,34300,34034,1512,35546,165
2023-02-03,Nevada,057,99092,20062,20012,2283,22295,132
2023-02-03,Orange,059,3164182,709214,704157,76752,780909,7806
2023-02-03,Placer,061,380077,80512,80269,10289,90558,679
2023-02-03,Plumas,063,18699,3815,3814,458,4272,14
2023-02-03,Riverside,065,2383286,731745,729601,40833,770434,6789
2023-02-03,Sacramento,067,1510023,368570,367271,37801,405072,3487
2023-02-03,San Benito,069,59416,17529,17469,1120,18589,115
2023-02-03,San Bernardino,071,2135413,707298,704949,34245,739194,8170
2023-02-03,San Diego,073,3302833,978929,976987,79890,1056877,5728
2023-02-03,San Francisco,075,870044,194101,193361,13170,206531,1152
2023-02-03,San Joaquin,077,732212,208459,208068,16728,224796,2395
2023-02-03,San Luis Obispo,079,281455,66109,65882,8072,73954,549
2023-02-03,San Mateo,081,765935,181746,180691,11031,191722,749
2023-02-03,Santa Barbara,083,443738,111506,111213,7641,118854,758
2023-02-03,Santa Clara,085,1922200,471618,469329,20959,490288,2672
2023-02-03,Santa Cruz,087,273765,67836,67589,3866,71455,277
2023-02-03,Shasta,089,179085,36426,36324,8263,44587,605
2023-02-03,Sierra,091,2930,311,311,61,372,5
2023-02-03,Siskiyou,093,43540,5423,5407,3435,8842,95
2023-02-03,Solano,095,438530,112891,112466,8551,121017,482
2023-02-03,Sonoma,097,501317,112813,112508,5722,118230,544
2023-02-03,Stanislaus,099,539301,144209,143982,22849,166831,1827
2023-02-03,Sutter,101,95872,25577,25528,2536,28064,237
2023-02-03,Tehama,103,63373,14414,14379,3391,17770,222
2023-02-03,Trinity,105,12862,1472,1468,504,1972,24
2023-02-03,Tulare,107,460477,127711,127199,40090,167289,1562
2023-02-03,Tuolumne,109,53932,16775,16709,982,17691,203
2023-02-03,Ventura,111,848112,219917,219465,17954,237419,1659
2023-02-03,Yolo,113,214977,49778,49661,4832,54493,436
2023-02-03,Yuba,115,75493,19920,19907,1855,21762,134
2023-02-02,Alameda,001,1643700,375761,374080,22036,396116,2153
2023-02-02,Alpine,002,1148,139,139,4,143,0
2023-02-02,Amador,005,37829,10494,10469,962,11431,98
2023-02-02,Butte,007,227075,41476,41393,10129,51522,486
2023-02-02,Calaveras,009,45235,8945,8925,638,9563,140
2023-02-02,Colusa,011,21464,3949,3942,1341,5283,22
2023-02-02,Contra Costa,013,1133247,270400,269280,22212,291492,1522
2023-02-02,Del Norte,015,27424,7865,7749,462,8211,58
2023-02-02,El Dorado,017,186661,34359,34310,4521,38831,240
2023-02-02,Fresno,019,978130,293061,291147,34657,325804,2969
2023-02-02,Glenn,021,27897,5764,5754,1999,7753,58
2023-02-02,Humboldt,023,135768,23268,23081,5867,28948,169
2023-02-02,Imperial,025,180216,69582,69391,18756,88147,974
2023-02-02,Inyo,027,18085,4747,4733,1282,6015,63
2023-02-02,Kern,029,883053,229106,228236,72009,300245,2470
2023-02-02,Kings,031,150075,62561,62444,4449,66893,470
2023-02-02,Lake,033,64148,13568,13542,1275,14817,151
2023-02-02,Lassen,035,31185,10243,10232,1062,11294,66
2023-02-02,Los Angeles,037,10098052,3472048,3463362,214644,3678006,35040
2023-02-02,Madera,039,155013,46071,45956,8814,54770,377
2023-02-02,Marin,041,260295,40143,48478,5656,54134,317
2023-02-02,Mariposa,043,17540,3345,3330,359,3689,32
2023-02-02,Mendocino,045,87422,16795,16755,4814,21569,142
2023-02-02,Merced,047,269075,76839,75741,12804,88545,903
2023-02-02,Modoc,049,8938,953,951,369,1320,11
2023-02-02,Mono,051,14174,3317,3313,300,3613,8
2023-02-02,Monterey,053,433212,97519,97259,23291,120550,790
2023-02-02,Napa,055,140530,34291,34034,1512,35546,165
2023-02-02,Nevada,057,99092,20055,20012,2282,22294,132
2023-02-02,Orange,059,3164182,709025,704157,76693,780850,7806
2023-02-02,Placer,061,380077,80490,80269,10288,90557,679
2023-02-02,Plumas,063,18699,3815,3814,458,4272,14
2023-02-02,Riverside,065,2383286,731620,729601,40809,770410,6789
2023-02-02,Sacramento,067,1510023,368463,367271,37783,405054,3487
2023-02-02,San Benito,069,59416,17522,17469,1117,18586,115
2023-02-02,San Bernardino,071,2135413,707155,704949,34231,739180,8170
2023-02-02,San Diego,073,3302833,978687,976987,79846,1056833,5728
2023-02-02,San Francisco,075,870044,194006,193361,13151,206512,1152
2023-02-02,San Joaquin,077,732212,208399,208068,16723,224791,2395
2023-02-02,San Luis Obispo,079,281455,66074,65882,8066,73948,549
2023-02-02,San Mateo,081,765935,181686,180691,11020,191711,749
2023-02-02,Santa Barbara,083,443738,111466,111213,7630,118843,758
2023-02-02,Santa Clara,085,1922200,471430,469329,20945,490274,2672
2023-02-02,Santa Cruz,087,273765,67810,67589,3862,71451,277
2023-02-02,Shasta,089,179085,36424,36324,8263,44587,605
2023-02-02,Sierra,091,2930,311,311,61,372,5
2023-02-02,Siskiyou,093,43540,5421,5407,3434,8841,95
2023-02-02,Solano,095,438530,112848,112466,8544,121010,482
2023-02-02,Sonoma,097,501317,112775,112508,5719,118227,544
2023-02-02,Stanislaus,099,539301,144175,143982,22830,166812,1827
2023-02-02,Sutter,101,95872,25566,25528,2535,28063,237
2023-02-02,Tehama,103,63373,14412,14379,3391,17770,222
2023-02-02,Trinity,105,12862,1472,1468,504,1972,24
2023-02-02,Tulare,107,460477,127670,127199,40076,167275,1562
2023-02-02,Tuolumne,109,53932,16772,16709,982,17691,203
2023-02-02,Ventura,111,848112,219881,219465,17945,237410,1659
2023-02-02,Yolo,113,214977,49768,49661,4827,54488,436
2023-02-02,Yuba,115,75493,19919,19907,1854,21761,134
2023-02-01,Alameda,001,1643700,375594,374080,22030,396110,2153
2023-02-01,Alpine,002,1148,139,139,4,143,0
2023-02-01,Amador,005,37829,10491,10469,962,11431,98
2023-02-01,Butte,007,227075,41468,41393,10121,51514,486
2023-02-01,Calaveras,009,45235,8939,8925,638,9563,140
2023-02-01,Colusa,011,21464,3949,3942,1340,5282,22
2023-02-01,Contra Costa,013,1133247,270309,269280,22202,291482,1522
2023-02-01,Del Norte,015,27424,7858,7749,460,8209,58
2023-02-01,El Dorado,017,186661,34352,34310,4520,38830,240
2023-02-01,Fresno,019,978130,292991,291147,34637,325784,2969
2023-02-01,Glenn,021,27897,5762,5754,1998,7752,58
2023-02-01,Humboldt,023,135768,23261,23081,5860,28941,169
2023-02-01,Imperial,025,180216,69566,69391,18742,88133,974
2023-02-01,Inyo,027,18085,4746,4733,1278,6011,63
2023-02-01,Kern,029,883053,229043,228236,71937,300173,2470
2023-02-01,Kings,031,150075,62545,62444,4448,66892,470
2023-02-01,Lake,033,64148,13566,13542,1274,14816,151
2023-02-01,Lassen,035,31185,10243,10232,1061,11293,66
2023-02-01,Los Angeles,037,10098052,3471200,3463362,214463,3677825,35040
2023-02-01,Madera,039,155013,46066,45956,8812,54768,377
2023-02-01,Marin,041,260295,40123,48478,5652,54130,317
2023-02-01,Mariposa,043,17540,3345,3330,359,3689,32
2023-02-01,Mendocino,045,87422,16790,16755,4813,21568,142
2023-02-01,Merced,047,269075,76814,75741,12796,88537,903
2023-02-01,Modoc,049,8938,953,951,369,1320,11
2023-02-01,Mono,051,14174,3317,3313,300,3613,8
2023-02-01,Monterey,053,433212,97487,97259,23240,120499,790
2023-02-01,Napa,055,140530,34277,34034,1510,35544,165
2023-02-01,Nevada,057,99092,20051,20012,2282,22294,132
2023-02-01,Orange,059,3164182,708819,704157,76630,780787,7806
2023-02-01,Placer,061,380077,80473,80269,10286,90555,679
2023-02-01,Plumas,063,18699,3815,3814,458,4272,14
2023-02-01,Riverside,065,2383286,731435,729601,40782,770383,6789
2023-02-01,Sacramento,067,1510023,368359,367271,37762,405033,3487
2023-02-01,San Benito,069,59416,17514,17469,1116,18585,115
2023-02-01,San Bernardino,071,2135413,707028,704949,34209,739158,8170
2023-02-01,San Diego,073,3302833,978439,976987,79785,1056772,5728
2023-02-01,San Francisco,075,870044,193922,193361,13146,206507,1152
2023-02-01,San Joaquin,077,732212,208330,208068,16717,224785,2395
2023-02-01,San Luis Obispo,079,281455,66052,65882,8062,73944,549
2023-02-01,San Mateo,081,765935,181590,180691,11011,191702,749
2023-02-01,Santa Barbara,083,443738,111430,111213,7621,118834,758
2023-02-01,Santa Clara,085,1922200,471236,469329,20934,490263,2672
2023-02-01,Santa Cruz,087,273765,67745,67589,3860,71449,277
2023-02-01,Shasta,089,179085,36417,36324,8261,44585,605
2023-02-01,Sierra,091,2930,311,311,61,372,5
2023-02-01,Siskiyou,093,43540,5420,5407,3434,8841,95
2023-02-01,Solano,095,438530,112802,112466,8539,121005,482
2023-02-01,Sonoma,097,501317,112724,112508,5716,118224,544
2023-02-01,Stanislaus,099,539301,144138,143982,22822,166804,1827
2023-02-01,Sutter,101,95872,25562,25528,2535,28063,237
2023-02-01,Tehama,103,63373,14409,14379,3390,17769,222
2023-02-01,Trinity,105,12862,1471,1468,504,1972,24
2023-02-01,Tulare,107,460477,127628,127199,40056,167255,1562
2023-02-01,Tuolumne,109,53932,16769,16709,982,17691,203
2023-02-01,Ventura,111,848112,219830,219465,17933,237398,1659
2023-02-01,Yolo,113,214977,49755,49661,4825,54486,436
2023-02-01,Yuba,115,75493,19916,19907,1850,21757,134
2023-01-31,Alameda,001,1643700,375438,374080,22017,396097,2153
2023-01-31,Alpine,002,1148,139,139,4,143,0
2023-01-31,Amador,005,37829,10488,10469,961,11430,98
2023-01-31,Butte,007,227075,41448,41393,10115,51508,486
2023-01-31,Calaveras,009,45235,8938,8925,638,9563,140
2023-01-31,Colusa,011,21464,3948,3942,1340,5282,22
2023-01-31,Contra Costa,013,1133247,270180,269280,22192,291472,1522
2023-01-31,Del Norte,015,27424,7846,7749,457,8206,58
2023-01-31,El Dorado,017,186661,34344,34310,4516,38826,240
2023-01-31,Fresno,019,978130,292908,291147,34617,325764,2969
2023-01-31,Glenn,021,27897,5760,5754,1997,7751,58
2023-01-31,Humboldt,023,135768,23251,23081,5857,28938,169
2023-01-31,Imperial,025,180216,69540,69391,18735,88126,974
2023-01-31,Inyo,027,18085,4744,4733,1274,6007,63
2023-01-31,Kern,029,883053,229005,228236,71859,300095,2470
2023-01-31,Kings,031,150075,62522,62444,4445,66889,470
2023-01-31,Lake,033,64148,13563,13542,1273,14815,151
2023-01-31,Lassen,035,31185,10243,10232,1061,11293,66
2023-01-31,Los Angeles,037,10098052,3470302,3463362,214260,3677622,35040
2023-01-31,Madera,039,155013,46058,45956,8809,54765,377
2023-01-31,Marin,041,260295,40104,48478,5650,54128,317
2023-01-31,Mariposa,043,17540,3343,3330,359,3689,32
2023-01-31,Mendocino,045,87422,16786,16755,4813,21568,142
2023-01-31,Merced,047,269075,76786,75741,12794,88535,903
2023-01-31,Modoc,049,8938,953,951,368,1319,11
2023-01-31,Mono,051,14174,3316,3313,300,3613,8
2023-01-31,Monterey,053,433212,97448,97259,23196,120455,790
2023-01-31,Napa,055,140530,34257,34034,1510,35544,165
2023-01-31,Nevada,057,99092,20047,20012,2279,22291,132
2023-01-31,Orange,059,3164182,708626,704157,76554,780711,7806
2023-01-31,Placer,061,380077,80447,80269,10283,90552,679
2023-01-31,Plumas,063,18699,3814,3814,458,4272,14
2023-01-31,Riverside,065,2383286,731267,729601,40745,770346,6789
2023-01-31,Sacramento,067,1510023,368260,367271,37740,405011,3487
2023-01-31,San Benito,069,59416,17508,17469,1116,18585,115
2023-01-31,San Bernardino,071,2135413,706830,704949,34186,739135,8170
2023-01-31,San Diego,073,3302833,978130,976987,79722,1056709,5728
2023-01-31,San Francisco,075,870044,193820,193361,13143,206504,1152
2023-01-31,San Joaquin,077,732212,208268,208068,16713,224781,2395
2023-01-31,San Luis Obispo,079,281455,66023,65882,8060,73942,549
2023-01-31,San Mateo,081,765935,181523,180691,11008,191699,749
2023-01-31,Santa Barbara,083,443738,111388,111213,7611,118824,758
2023-01-31,Santa Clara,085,1922200,471029,469329,20912,490241,2672
2023-01-31,Santa Cruz,087,273765,67714,67589,3858,71447,277
2023-01-31,Shasta,089,179085,36414,36324,8258,44582,605
2023-01-31,Sierra,091,2930,311,311,61,372,5
2023-01-31,Siskiyou,093,43540,5419,5407,3433,8840,95
2023-01-31,Solano,095,438530,112761,112466,8533,120999,482
2023-01-31,Sonoma,097,501317,112685,112508,5713,118221,544
2023-01-31,Stanislaus,099,539301,144094,143982,22812,166794,1827
2023-01-31,Sutter,101,95872,25553,25528,2535,28063,237
2023-01-31,Tehama,103,63373,14408,14379,3388,17767,222
2023-01-31,Trinity,105,12862,1471,1468,503,1971,24
2023-01-31,Tulare,107,460477,127580,127199,40030,167229,1562
2023-01-31,Tuolumne,109,53932,16758,16709,982,17691,203
2023-01-31,Ventura,111,848112,219775,219465,17930,237395,1659
2023-01-31,Yolo,113,214977,49744,49661,4822,54483,436
2023-01-31,Yuba,115,75493,19913,19907,1850,21757,134
2023-01-30,Alameda,001,1643700,375283,373183,21993,395176,2138
2023-01-30,Alpine,002,1148,139,139,4,143,0
2023-01-30,Amador,005,37829,10479,10443,961,11404,98
2023-01-30,Butte,007,227075,41439,41340,10111,51451,486
2023-01-30,Calaveras,009,45235,8935,8906,636,9542,140
2023-01-30,Colusa,011,21464,3947,3936,1340,5276,22
2023-01-30,Contra Costa,013,1133247,270072,268472,22187,290659,1521
2023-01-30,Del Norte,015,27424,7836,7725,454,8179,57
2023-01-30,El Dorado,017,186661,34334,34271,4512,38783,238
2023-01-30,Fresno,019,978130,292832,290101,34591,324692,2962
2023-01-30,Glenn,021,27897,5759,5752,1997,7749,58
2023-01-30,Humboldt,023,135768,23243,23039,5855,28894,167
2023-01-30,Imperial,025,180216,69525,69274,18721,87995,973
2023-01-30,Inyo,027,18085,4742,4722,1272,5994,63
2023-01-30,Kern,029,883053,228951,227749,71789,299538,2467
2023-01-30,Kings,031,150075,62498,62312,4438,66750,471
2023-01-30,Lake,033,64148,13561,13502,1272,14774,149
2023-01-30,Lassen,035,31185,10243,10225,1061,11286,67
2023-01-30,Los Angeles,037,10098052,3469248,3457684,214054,3671738,34926
2023-01-30,Madera,039,155013,46050,45883,8808,54691,377
2023-01-30,Marin,041,260295,40079,48374,5648,54022,317
2023-01-30,Mariposa,043,17540,3343,3305,359,3664,32
2023-01-30,Mendocino,045,87422,16779,16728,4812,21540,139
2023-01-30,Merced,047,269075,76761,75565,12788,88353,897
2023-01-30,Modoc,049,8938,952,951,368,1319,11
2023-01-30,Mono,051,14174,3314,3311,300,3611,8
2023-01-30,Monterey,053,433212,97420,97118,23164,120282,789
2023-01-30,Napa,055,140530,34241,33957,1508,35465,164
2023-01-30,Nevada,057,99092,20043,19981,2277,22258,132
2023-01-30,Orange,059,3164182,708416,702777,76488,779265,7781
2023-01-30,Placer,061,380077,80417,80107,10279,90386,679
2023-01-30,Plumas,063,18699,3814,3811,458,4269,13
2023-01-30,Riverside,065,2383286,731073,728514,40714,769228,6788
2023-01-30,Sacramento,067,1510023,368146,366562,37725,404287,3472
2023-01-30,San Benito,069,59416,17502,17434,1112,18546,115
2023-01-30,San Bernardino,071,2135413,706675,703892,34158,738050,8163
2023-01-30,San Diego,073,3302833,977788,974936,79647,1054583,5716
2023-01-30,San Francisco,075,870044,193735,192738,13129,205867,1152
2023-01-30,San Joaquin,077,732212,208218,207738,16707,224445,2391
2023-01-30,San Luis Obispo,079,281455,66005,65721,8054,73775,549
2023-01-30,San Mateo,081,765935,181442,180043,11004,191047,749
2023-01-30,Santa Barbara,083,443738,111355,110976,7605,118581,755
2023-01-30,Santa Clara,085,1922200,470818,467820,20907,488727,2655
2023-01-30,Santa Cruz,087,273765,67697,67454,3854,71308,276
2023-01-30,Shasta,089,179085,36408,36311,8254,44565,605
2023-01-30,Sierra,091,2930,311,311,61,372,5
2023-01-30,Siskiyou,093,43540,5416,5406,3431,8837,95
2023-01-30,Solano,095,438530,112719,112210,8527,120737,482
2023-01-30,Sonoma,097,501317,112645,112332,5711,118043,541
2023-01-30,Stanislaus,099,539301,144054,143769,22809,166578,1816
2023-01-30,Sutter,101,95872,25550,25478,2535,28013,237
2023-01-30,Tehama,103,63373,14404,14356,3388,17744,222
2023-01-30,Trinity,105,12862,1471,1459,503,1962,23
2023-01-30,Tulare,107,460477,127544,126918,39997,166915,1559
2023-01-30,Tuolumne,109,53932,16751,16639,981,17620,203
2023-01-30,Ventura,111,848112,219726,219015,17919,236934,1650
2023-01-30,Yolo,113,214977,49736,49563,4816,54379,435
2023-01-30,Yuba,115,75493,19912,19871,1849,21720,134
2023-01-29,Alameda,001,1643700,375131,373183,21979,395162,2138
2023-01-29,Alpine,002,1148,139,139,4,143,0
2023-01-29,Amador,005,37829,10475,10443,961,11404,98
2023-01-29,Butte,007,227075,41429,41340,10104,51444,486
2023-01-29,Calaveras,009,45235,8932,8906,636,9542,140
2023-01-29,Colusa,011,21464,3944,3936,1339,5275,22
2023-01-29,Contra Costa,013,1133247,269947,268472,22179,290651,1521
2023-01-29,Del Norte,015,27424,7826,7725,454,8179,57
2023-01-29,El Dorado,017,186661,34324,34271,4510,38781,238
2023-01-29,Fresno,019,978130,292757,290101,34566,324667,2962
2023-01-29,Glenn,021,27897,5759,5752,1997,7749,58
2023-01-29,Humboldt,023,135768,23238,23039,5845,28884,167
2023-01-29,Imperial,025,180216,69503,69274,18705,87979,973
2023-01-29,Inyo,027,18085,4739,4722,1272,5994,63
2023-01-29,Kern,029,883053,228894,227749,71730,299479,2467
2023-01-29,Kings,031,150075,62471,62312,4425,66737,471
2023-01-29,Lake,033,64148,13556,13502,1271,14773,149
2023-01-29,Lassen,035,31185,10243,10225,1061,11286,67
2023-01-29,Los Angeles,037,10098052,3468110,3457684,213863,3671547,34926
2023-01-29,Madera,039,155013,46043,45883,8806,54689,377
2023-01-29,Marin,041,260295,40060,48374,5646,54020,317
2023-01-29,Mariposa,043,17540,3342,3305,359,3664,32
2023-01-29,Mendocino,045,87422,16773,16728,4803,21531,139
2023-01-29,Merced,047,269075,76734,75565,12778,88343,897
2023-01-29,Modoc,049,8938,952,951,368,1319,11
2023-01-29,Mono,051,14174,3313,3311,300,3611,8
2023-01-29,Monterey,053,433212,97395,97118,23117,120235,789
2023-01-29,Napa,055,140530,34223,33957,1508,35465,164
2023-01-29,Nevada,057,99092,20039,19981,2275,22256,132
2023-01-29,Orange,059,3164182,708187,702777,76408,779185,7781
2023-01-29,Placer,061,380077,80388,80107,10274,90381,679
2023-01-29,Plumas,063,18699,3814,3811,458,4269,13
2023-01-29,Riverside,065,2383286,730862,728514,40672,769186,6788
2023-01-29,Sacramento,067,1510023,368032,366562,37693,404255,3472
2023-01-29,San Benito,069,59416,17495,17434,1112,18546,115
2023-01-29,San Bernardino,071,2135413,706501,703892,34134,738026,8163
2023-01-29,San Diego,073,3302833,977439,974936,79587,1054523,5716
2023-01-29,San Francisco,075,870044,193644,192738,13121,205859,1152
2023-01-29,San Joaquin,077,732212,208154,207738,16700,224438,2391
2023-01-29,San Luis Obispo,079,281455,65974,65721,8053,73774,549
2023-01-29,San Mateo,081,765935,181365,180043,11001,191044,749
2023-01-29,Santa Barbara,083,443738,111317,110976,7597,118573,755
2023-01-29,Santa Clara,085,1922200,470612,467820,20893,488713,2655
2023-01-29,Santa Cruz,087,273765,67667,67454,3852,71306,276
2023-01-29,Shasta,089,179085,36406,36311,8253,44564,605
2023-01-29,Sierra,091,2930,311,311,61,372,5
2023-01-29,Siskiyou,093,43540,5413,5406,3427,8833,95
2023-01-29,Solano,095,438530,112671,112210,8524,120734,482
2023-01-29,Sonoma,097,501317,112625,112332,5706,118038,541
2023-01-29,Stanislaus,099,539301,144013,143769,22795,166564,1816
2023-01-29,Sutter,101,95872,25540,25478,2532,28010,237
2023-01-29,Tehama,103,63373,14403,14356,3387,17743,222
2023-01-29,Trinity,105,12862,1464,1459,503,1962,23
2023-01-29,Tulare,107,460477,127494,126918,39955,166873,1559
2023-01-29,Tuolumne,109,53932,16748,16639,981,17620,203
2023-01-29,Ventura,111,848112,219663,219015,17907,236922,1650
2023-01-29,Yolo,113,214977,49717,49563,4814,54377,435
2023-01-29,Yuba,115,75493,19908,19871,1847,21718,134
2023-01-28,Alameda,001,1643700,375051,373183,21968,395151,2138
2023-01-28,Alpine,002,1148,139,139,4,143,0
2023-01-28,Amador,005,37829,10474,10443,961,11404,98
2023-01-28,Butte,007,227075,41422,41340,10099,51439,486
2023-01-28,Calaveras,009,45235,8929,8906,636,9542,140
2023-01-28,Colusa,011,21464,3944,3936,1339,5275,22
2023-01-28,Contra Costa,013,1133247,269881,268472,22176,290648,1521
2023-01-28,Del Norte,015,27424,7825,7725,454,8179,57
2023-01-28,El Dorado,017,186661,34318,34271,4510,38781,238
2023-01-28,Fresno,019,978130,292715,290101,34559,324660,2962
2023-01-28,Glenn,021,27897,5758,5752,1997,7749,58
2023-01-28,Humboldt,023,135768,23237,23039,5843,28882,167
2023-01-28,Imperial,025,180216,69492,69274,18703,87977,973
2023-01-28,Inyo,027,18085,4739,4722,1271,5993,63
2023-01-28,Kern,029,883053,228868,227749,71695,299444,2467
2023-01-28,Kings,031,150075,62458,62312,4425,66737,471
2023-01-28,Lake,033,64148,13554,13502,1270,14772,149
2023-01-28,Lassen,035,31185,10243,10225,1061,11286,67
2023-01-28,Los Angeles,037,10098052,3467499,3457684,213765,3671449,34926
2023-01-28,Madera,039,155013,46036,45883,8805,54688,377
2023-01-28,Marin,041,260295,40051,48374,5645,54019,317
2023-01-28,Mariposa,043,17540,3342,3305,359,3664,32
2023-01-28,Mendocino,045,87422,16771,16728,4802,21530,139
2023-01-28,Merced,047,269075,76720,75565,12778,88343,897
2023-01-28,Modoc,049,8938,952,951,368,1319,11
2023-01-28,Mono,051,14174,3313,3311,300,3611,8
2023-01-28,Monterey,053,433212,97371,97118,23101,120219,789
2023-01-28,Napa,055,140530,34220,33957,1508,35465,164
2023-01-28,Nevada,057,99092,20037,19981,2269,22250,132
2023-01-28,Orange,059,3164182,708084,702777,76348,779125,7781
2023-01-28,Placer,061,380077,80364,80107,10273,90380,679
2023-01-28,Plumas,063,18699,3814,3811,458,4269,13
2023-01-28,Riverside,065,2383286,730742,728514,40648,769162,6788
2023-01-28,Sacramento,067,1510023,367972,366562,37684,404246,3472
2023-01-28,San Benito,069,59416,17492,17434,1111,18545,115
2023-01-28,San Bernardino,071,2135413,706410,703892,34125,738017,8163
2023-01-28,San Diego,073,3302833,977313,974936,79567,1054503,5716
2023-01-28,San Francisco,075,870044,193592,192738,13120,205858,1152
2023-01-28,San Joaquin,077,732212,208122,207738,16697,224435,2391
2023-01-28,San Luis Obispo,079,281455,65963,65721,8052,73773,549
2023-01-28,San Mateo,081,765935,181327,180043,10995,191038,749
2023-01-28,Santa Barbara,083,443738,111292,110976,7591,118567,755
2023-01-28,Santa Clara,085,1922200,470482,467820,20889,488709,2655
2023-01-28,Santa Cruz,087,273765,67657,67454,3851,71305,276
2023-01-28,Shasta,089,179085,36405,36311,8252,44563,605
2023-01-28,Sierra,091,2930,311,311,61,372,5
2023-01-28,Siskiyou,093,43540,5412,5406,3427,8833,95
2023-01-28,Solano,095,438530,112649,112210,8522,120732,482
2023-01-28,Sonoma,097,501317,112605,112332,5705,118037,541
2023-01-28,Stanislaus,099,539301,143988,143769,22791,166560,1816
2023-01-28,Sutter,101,95872,25537,25478,2532,28010,237
2023-01-28,Tehama,103,63373,14402,14356,3387,17743,222
2023-01-28,Trinity,105,12862,1464,1459,503,1962,23
2023-01-28,Tulare,107,460477,127472,126918,39937,166855,1559
2023-01-28,Tuolumne,109,53932,16744,16639,981,17620,203
2023-01-28,Ventura,111,848112,219623,219015,17900,236915,1650
2023-01-28,Yolo,113,214977,49711,49563,4811,54374,435
2023-01-28,Yuba,115,75493,19905,19871,1847,21718,134
2023-01-27,Alameda,001,1643700,374962,373183,21961,395144,2138
2023-01-27,Alpine,002,1148,139,139,4,143,0
2023-01-27,Amador,005,37829,10473,10443,961,11404,98
2023-01-27,Butte,007,227075,41418,41340,10097,51437,486
2023-01-27,Calaveras,009,45235,8927,8906,636,9542,140
2023-01-27,Colusa,011,21464,3944,3936,1339,5275,22
2023-01-27,Contra Costa,013,1133247,269815,268472,22173,290645,1521
2023-01-27,Del Norte,015,27424,7824,7725,453,8178,57
2023-01-27,El Dorado,017,186661,34308,34271,4509,38780,238
2023-01-27,Fresno,019,978130,292675,290101,34554,324655,2962
2023-01-27,Glenn,021,27897,5758,5752,1997,7749,58
2023-01-27,Humboldt,023,135768,23231,23039,5839,28878,167
2023-01-27,Imperial,025,180216,69487,69274,18703,87977,973
2023-01-27,Inyo,027,18085,4739,4722,1270,5992,63
2023-01-27,Kern,029,883053,228842,227749,71673,299422,2467
2023-01-27,Kings,031,150075,62448,62312,4425,66737,471
2023-01-27,Lake,033,64148,13553,13502,1270,14772,149
2023-01-27,Lassen,035,31185,10243,10225,1061,11286,67
2023-01-27,Los Angeles,037,10098052,3466921,3457684,213636,3671320,34926
2023-01-27,Madera,039,155013,46030,45883,8804,54687,377
2023-01-27,Marin,041,260295,40035,48374,5644,54018,317
2023-01-27,Mariposa,043,17540,3342,3305,359,3664,32
2023-01-27,Mendocino,045,87422,16769,16728,4802,21530,139
2023-01-27,Merced,047,269075,76700,75565,12777,88342,897
2023-01-27,Modoc,049,8938,952,951,368,1319,11
2023-01-27,Mono,051,14174,3313,3311,300,3611,8
2023-01-27,Monterey,053,433212,97342,97118,23084,120202,789
2023-01-27,Napa,055,140530,34210,33957,1508,35465,164
2023-01-27,Nevada,057,99092,20032,19981,2265,22246,132
2023-01-27,Orange,059,3164182,707970,702777,76310,779087,7781
2023-01-27,Placer,061,380077,80355,80107,10271,90378,679
2023-01-27,Plumas,063,18699,3813,3811,458,4269,13
2023-01-27,Riverside,065,2383286,730636,728514,40629,769143,6788
2023-01-27,Sacramento,067,1510023,367899,366562,37680,404242,3472
2023-01-27,San Benito,069,59416,17490,17434,1111,18545,115
2023-01-27,San Bernardino,071,2135413,706306,703892,34115,738007,8163
2023-01-27,San Diego,073,3302833,977135,974936,79542,1054478,5716
2023-01-27,San Francisco,075,870044,193545,192738,13112,205850,1152
2023-01-27,San Joaquin,077,732212,208096,207738,16692,224430,2391
2023-01-27,San Luis Obispo,079,281455,65949,65721,8047,73768,549
2023-01-27,San Mateo,081,765935,181295,180043,10992,191035,749
2023-01-27,Santa Barbara,083,443738,111273,110976,7590,118566,755
2023-01-27,Santa Clara,085,1922200,470349,467820,20885,488705,2655
2023-01-27,Santa Cruz,087,273765,67625,67454,3847,71301,276
2023-01-27,Shasta,089,179085,36404,36311,8251,44562,605
2023-01-27,Sierra,091,2930,311,311,61,372,5
2023-01-27,Siskiyou,093,43540,5412,5406,3427,8833,95
2023-01-27,Solano,095,438530,112621,112210,8522,120732,482
2023-01-27,Sonoma,097,501317,112587,112332,5702,118034,541
2023-01-27,Stanislaus,099,539301,143965,143769,22790,166559,1816
2023-01-27,Sutter,101,95872,25531,25478,2532,28010,237
2023-01-27,Tehama,103,63373,14401,14356,3385,17741,222
2023-01-27,Trinity,105,12862,1464,1459,503,1962,23
2023-01-27,Tulare,107,460477,127445,126918,39918,166836,1559
2023-01-27,Tuolumne,109,53932,16736,16639,981,17620,203
2023-01-27,Ventura,111,848112,219590,219015,17898,236913,1650
2023-01-27,Yolo,113,214977,49702,49563,4808,54371,435
2023-01-27,Yuba,115,75493,19899,19871,1846,21717,134
2023-01-26,Alameda,001,1643700,374808,373183,21950,395133,2138
2023-01-26,Alpine,002,1148,139,139,4,143,0
2023-01-26,Amador,005,37829,10472,10443,961,11404,98
2023-01-26,Butte,007,227075,41410,41340,10092,51432,486
2023-01-26,Calaveras,009,45235,8925,8906,636,9542,140
2023-01-26,Colusa,011,21464,3943,3936,1339,5275,22
2023-01-26,Contra Costa,013,1133247,269718,268472,22165,290637,1521
2023-01-26,Del Norte,015,27424,7820,7725,449,8174,57
2023-01-26,El Dorado,017,186661,34301,34271,4509,38780,238
2023-01-26,Fresno,019,978130,292605,290101,34532,324633,2962
2023-01-26,Glenn,021,27897,5758,5752,1996,7748,58
2023-01-26,Humboldt,023,135768,23227,23039,5833,28872,167
2023-01-26,Imperial,025,180216,69474,69274,18697,87971,973
2023-01-26,Inyo,027,18085,4736,4722,1269,5991,63
2023-01-26,Kern,029,883053,228802,227749,71634,299383,2467
2023-01-26,Kings,031,150075,62426,62312,4420,66732,471
2023-01-26,Lake,033,64148,13550,13502,1270,14772,149
2023-01-26,Lassen,035,31185,10242,10225,1061,11286,67
2023-01-26,Los Angeles,037,10098052,3466075,3457684,213462,3671146,34926
2023-01-26,Madera,039,155013,46026,45883,8803,54686,377
2023-01-26,Marin,041,260295,40025,48374,5643,54017,317
2023-01-26,Mariposa,043,17540,3342,3305,359,3664,32
2023-01-26,Mendocino,045,87422,16765,16728,4798,21526,139
2023-01-26,Merced,047,269075,76676,75565,12774,88339,897
2023-01-26,Modoc,049,8938,952,951,368,1319,11
2023-01-26,Mono,051,14174,3313,3311,300,3611,8
2023-01-26,Monterey,053,433212,97319,97118,23054,120172,789
2023-01-26,Napa,055,140530,34199,33957,1508,35465,164
2023-01-26,Nevada,057,99092,20031,19981,2256,22237,132
2023-01-26,Orange,059,3164182,707811,702777,76260,779037,7781
2023-01-26,Placer,061,380077,80325,80107,10265,90372,679
2023-01-26,Plumas,063,18699,3813,3811,458,4269,13
2023-01-26,Riverside,065,2383286,730501,728514,40602,769116,6788
2023-01-26,Sacramento,067,1510023,367799,366562,37659,404221,3472
2023-01-26,San Benito,069,59416,17489,17434,1111,18545,115
2023-01-26,San Bernardino,071,2135413,706159,703892,34088,737980,8163
2023-01-26,San Diego,073,3302833,976864,974936,79503,1054439,5716
2023-01-26,San Francisco,075,870044,193467,192738,13107,205845,1152
2023-01-26,San Joaquin,077,732212,208049,207738,16689,224427,2391
2023-01-26,San Luis Obispo,079,281455,65930,65721,8044,73765,549
2023-01-26,San Mateo,081,765935,181222,180043,10988,191031,749
2023-01-26,Santa Barbara,083,443738,111241,110976,7585,118561,755
2023-01-26,Santa Clara,085,1922200,470167,467820,20877,488697,2655
2023-01-26,Santa Cruz,087,273765,67614,67454,3841,71295,276
2023-01-26,Shasta,089,179085,36400,36311,8249,44560,605
2023-01-26,Sierra,091,2930,311,311,61,372,5
2023-01-26,Siskiyou,093,43540,5412,5406,3425,8831,95
2023-01-26,Solano,095,438530,112589,112210,8518,120728,482
2023-01-26,Sonoma,097,501317,112546,112332,5699,118031,541
2023-01-26,Stanislaus,099,539301,143931,143769,22784,166553,1816
2023-01-26,Sutter,101,95872,25528,25478,2532,28010,237
2023-01-26,Tehama,103,63373,14401,14356,3384,17740,222
2023-01-26,Trinity,105,12862,1464,1459,503,1962,23
2023-01-26,Tulare,107,460477,127412,126918,39886,166804,1559
2023-01-26,Tuolumne,109,53932,16725,16639,981,17620,203
2023-01-26,Ventura,111,848112,219550,219015,17888,236903,1650
2023-01-26,Yolo,113,214977,49687,49563,4806,54369,435
2023-01-26,Yuba,115,75493,19897,19871,1843,21714,134
2023-01-25,Alameda,001,1643700,374673,373183,21941,395124,2138
2023-01-25,Alpine,002,1148,139,139,4,143,0
2023-01-25,Amador,005,37829,10467,10443,960,11403,98
2023-01-25,Butte,007,227075,41400,41340,10086,51426,486
2023-01-25,Calaveras,009,45235,8925,8906,636,9542,140
2023-01-25,Colusa,011,21464,3943,3936,1339,5275,22
2023-01-25,Contra Costa,013,1133247,269611,268472,22160,290632,1521
2023-01-25,Del Norte,015,27424,7815,7725,449,8174,57
2023-01-25,El Dorado,017,186661,34293,34271,4508,38779,238
2023-01-25,Fresno,019,978130,292536,290101,34514,324615,2962
2023-01-25,Glenn,021,27897,5758,5752,1996,7748,58
2023-01-25,Humboldt,023,135768,23223,23039,5831,28870,167
2023-01-25,Imperial,025,180216,69459,69274,18693,87967,973
2023-01-25,Inyo,027,18085,4735,4722,1267,5989,63
2023-01-25,Kern,029,883053,228753,227749,71589,299338,2467
2023-01-25,Kings,031,150075,62408,62312,4409,66721,471
2023-01-25,Lake,033,64148,13547,13502,1270,14772,149
2023-01-25,Lassen,035,31185,10242,10225,1061,11286,67
2023-01-25,Los Angeles,037,10098052,3465300,3457684,213306,3670990,34926
2023-01-25,Madera,039,155013,46019,45883,8802,54685,377
2023-01-25,Marin,041,260295,40008,48374,5642,54016,317
2023-01-25,Mariposa,043,17540,3342,3305,359,3664,32
2023-01-25,Mendocino,045,87422,16761,16728,4795,21523,139
2023-01-25,Merced,047,269075,76662,75565,12769,88334,897
2023-01-25,Modoc,049,8938,952,951,368,1319,11
2023-01-25,Mono,051,14174,3313,3311,300,3611,8
2023-01-25,Monterey,053,433212,97303,97118,23031,120149,789
2023-01-25,Napa,055,140530,34187,33957,1508,35465,164
2023-01-25,Nevada,057,99092,20027,19981,2256,22237,132
2023-01-25,Orange,059,3164182,707612,702777,76186,778963,7781
2023-01-25,Placer,061,380077,80299,80107,10263,90370,679
2023-01-25,Plumas,063,18699,3813,3811,458,4269,13
2023-01-25,Riverside,065,2383286,730345,728514,40573,769087,6788
2023-01-25,Sacramento,067,1510023,367711,366562,37643,404205,3472
2023-01-25,San Benito,069,59416,17480,17434,1111,18545,115
2023-01-25,San Bernardino,071,2135413,706049,703892,34079,737971,8163
2023-01-25,San Diego,073,3302833,976571,974936,79458,1054394,5716
2023-01-25,San Francisco,075,870044,193406,192738,13104,205842,1152
2023-01-25,San Joaquin,077,732212,208006,207738,16679,224417,2391
2023-01-25,San Luis Obispo,079,281455,65911,65721,8040,73761,549
2023-01-25,San Mateo,081,765935,181144,180043,10985,191028,749
2023-01-25,Santa Barbara,083,443738,111212,110976,7575,118551,755
2023-01-25,Santa Clara,085,1922200,469996,467820,20873,488693,2655
2023-01-25,Santa Cruz,087,273765,67599,67454,3838,71292,276
2023-01-25,Shasta,089,179085,36399,36311,8247,44558,605
2023-01-25,Sierra,091,2930,311,311,61,372,5
2023-01-25,Siskiyou,093,43540,5412,5406,3425,8831,95
2023-01-25,Solano,095,438530,112556,112210,8513,120723,482
2023-01-25,Sonoma,097,501317,112528,112332,5696,118028,541
2023-01-25,Stanislaus,099,539301,143897,143769,22777,166546,1816
2023-01-25,Sutter,101,95872,25524,25478,2532,28010,237
2023-01-25,Tehama,103,63373,14401,14356,3384,17740,222
2023-01-25,Trinity,105,12862,1464,1459,503,1962,23
2023-01-25,Tulare,107,460477,127374,126918,39862,166780,1559
2023-01-25,Tuolumne,109,53932,16720,16639,981,17620,203
2023-01-25,Ventura,111,848112,219497,219015,17882,236897,1650
2023-01-25,Yolo,113,214977,49677,49563,4805,54368,435
2023-01-25,Yuba,115,75493,19894,19871,1841,21712,134
2023-01-24,Alameda,001,1643700,374559,373183,21937,395120,2138
2023-01-24,Alpine,002,1148,139,139,4,143,0
2023-01-24,Amador,005,37829,10460,10443,960,11403,98
2023-01-24,Butte,007,227075,41393,41340,10083,51423,486
2023-01-24,Calaveras,009,45235,8921,8906,636,9542,140
2023-01-24,Colusa,011,21464,3941,3936,1339,5275,22
2023-01-24,Contra Costa,013,1133247,269501,268472,22142,290614,1521
2023-01-24,Del Norte,015,27424,7809,7725,449,8174,57
2023-01-24,El Dorado,017,186661,34286,34271,4508,38779,238
2023-01-24,Fresno,019,978130,292463,290101,34499,324600,2962
2023-01-24,Glenn,021,27897,5757,5752,1996,7748,58
2023-01-24,Humboldt,023,135768,23217,23039,5830,28869,167
2023-01-24,Imperial,025,180216,69447,69274,18687,87961,973
2023-01-24,Inyo,027,18085,4733,4722,1265,5987,63
2023-01-24,Kern,029,883053,228711,227749,71553,299302,2467
2023-01-24,Kings,031,150075,62393,62312,4399,66711,471
2023-01-24,Lake,033,64148,13542,13502,1269,14771,149
2023-01-24,Lassen,035,31185,10240,10225,1060,11285,67
2023-01-24,Los Angeles,037,10098052,3464429,3457684,213142,3670826,34926
2023-01-24,Madera,039,155013,46010,45883,8801,54684,377
2023-01-24,Marin,041,260295,39990,48374,5641,54015,317
2023-01-24,Mariposa,043,17540,3341,3305,359,3664,32
2023-01-24,Mendocino,045,87422,16756,16728,4795,21523,139
2023-01-24,Merced,047,269075,76643,75565,12766,88331,897
2023-01-24,Modoc,049,8938,952,951,367,1318,11
2023-01-24,Mono,051,14174,3313,3311,300,3611,8
2023-01-24,Monterey,053,433212,97283,97118,23007,120125,789
2023-01-24,Napa,055,140530,34176,33957,1508,35465,164
2023-01-24,Nevada,057,99092,20022,19981,2253,22234,132
2023-01-24,Orange,059,3164182,707416,702777,76124,778901,7781
2023-01-24,Placer,061,380077,80266,80107,10261,90368,679
2023-01-24,Plumas,063,18699,3813,3811,458,4269,13
2023-01-24,Riverside,065,2383286,730170,728514,40546,769060,6788
2023-01-24,Sacramento,067,1510023,367592,366562,37624,404186,3472
2023-01-24,San Benito,069,59416,17478,17434,1110,18544,115
2023-01-24,San Bernardino,071,2135413,705900,703892,34057,737949,8163
2023-01-24,San Diego,073,3302833,976257,974936,79410,1054346,5716
2023-01-24,San Francisco,075,870044,193330,192738,13095,205833,1152
2023-01-24,San Joaquin,077,732212,207961,207738,16644,224382,2391
2023-01-24,San Luis Obispo,079,281455,65888,65721,8032,73753,549
2023-01-24,San Mateo,081,765935,181084,180043,10979,191022,749
2023-01-24,Santa Barbara,083,443738,111169,110976,7564,118540,755
2023-01-24,Santa Clara,085,1922200,469821,467820,20859,488679,2655
2023-01-24,Santa Cruz,087,273765,67575,67454,3833,71287,276
2023-01-24,Shasta,089,179085,36397,36311,8246,44557,605
2023-01-24,Sierra,091,2930,311,311,61,372,5
2023-01-24,Siskiyou,093,43540,5412,5406,3424,8830,95
2023-01-24,Solano,095,438530,112521,112210,8508,120718,482
2023-01-24,Sonoma,097,501317,112508,112332,5694,118026,541
2023-01-24,Stanislaus,099,539301,143859,143769,22764,166533,1816
2023-01-24,Sutter,101,95872,25517,25478,2532,28010,237
2023-01-24,Tehama,103,63373,14399,14356,3381,17737,222
2023-01-24,Trinity,105,12862,1464,1459,503,1962,23
2023-01-24,Tulare,107,460477,127318,126918,39834,166752,1559
2023-01-24,Tuolumne,109,53932,16715,16639,981,17620,203
2023-01-24,Ventura,111,848112,219433,219015,17876,236891,1650
2023-01-24,Yolo,113,214977,49663,49563,4803,54366,435
2023-01-24,Yuba,115,75493,19884,19871,1841,21712,134
2023-01-23,Alameda,001,1643700,374435,372424,21923,394347,2125
2023-01-23,Alpine,002,1148,139,139,4,143,0
2023-01-23,Amador,005,37829,10455,10401,960,11361,97
2023-01-23,Butte,007,227075,41382,41293,10081,51374,481
2023-01-23,Calaveras,009,45235,8919,8893,636,9529,139
2023-01-23,Colusa,011,21464,3940,3925,1339,5264,22
2023-01-23,Contra Costa,013,1133247,269407,267942,22134,290076,1518
2023-01-23,Del Norte,015,27424,7805,7708,448,8156,57
2023-01-23,El Dorado,017,186661,34273,34211,4507,38718,237
2023-01-23,Fresno,019,978130,292384,288834,34479,323313,2952
2023-01-23,Glenn,021,27897,5757,5749,1994,7743,58
2023-01-23,Humboldt,023,135768,23214,23013,5826,28839,167
2023-01-23,Imperial,025,180216,69421,69148,18679,87827,969
2023-01-23,Inyo,027,18085,4732,4717,1263,5980,62
2023-01-23,Kern,029,883053,228657,227433,71496,298929,2461
2023-01-23,Kings,031,150075,62362,62192,4398,66590,470
2023-01-23,Lake,033,64148,13535,13471,1269,14740,149
2023-01-23,Lassen,035,31185,10239,10219,1060,11279,66
2023-01-23,Los Angeles,037,10098052,3463454,3451542,212999,3664541,34790
2023-01-23,Madera,039,155013,46002,45839,8799,54638,377
2023-01-23,Marin,041,260295,39977,48236,5637,53873,317
2023-01-23,Mariposa,043,17540,3338,3290,359,3649,32
2023-01-23,Mendocino,045,87422,16755,16706,4790,21496,139
2023-01-23,Merced,047,269075,76624,75414,12762,88176,883
2023-01-23,Modoc,049,8938,952,950,367,1317,11
2023-01-23,Mono,051,14174,3312,3304,298,3602,8
2023-01-23,Monterey,053,433212,97265,96993,22971,119964,784
2023-01-23,Napa,055,140530,34169,33873,1508,35381,164
2023-01-23,Nevada,057,99092,20014,19957,2252,22209,132
2023-01-23,Orange,059,3164182,707212,701534,76068,777602,7754
2023-01-23,Placer,061,380077,80247,79943,10261,90204,671
2023-01-23,Plumas,063,18699,3811,3805,458,4263,13
2023-01-23,Riverside,065,2383286,730002,727487,40507,767994,6788
2023-01-23,Sacramento,067,1510023,367479,365898,37601,403499,3454
2023-01-23,San Benito,069,59416,17472,17407,1109,18516,115
2023-01-23,San Bernardino,071,2135413,705744,702778,34041,736819,8155
2023-01-23,San Diego,073,3302833,975928,973112,79369,1052481,5703
2023-01-23,San Francisco,075,870044,193262,192280,13089,205369,1147
2023-01-23,San Joaquin,077,732212,207913,207428,16637,224065,2388
2023-01-23,San Luis Obispo,079,281455,65865,65596,8030,73626,545
2023-01-23,San Mateo,081,765935,181010,179715,10979,190694,749
2023-01-23,Santa Barbara,083,443738,111128,110772,7557,118329,752
2023-01-23,Santa Clara,085,1922200,469640,467082,20850,487932,2633
2023-01-23,Santa Cruz,087,273765,67564,67312,3828,71140,277
2023-01-23,Shasta,089,179085,36390,36230,8243,44473,603
2023-01-23,Sierra,091,2930,311,311,61,372,5
2023-01-23,Siskiyou,093,43540,5410,5400,3423,8823,95
2023-01-23,Solano,095,438530,112483,111971,8507,120478,482
2023-01-23,Sonoma,097,501317,112488,112137,5692,117829,541
2023-01-23,Stanislaus,099,539301,143824,143576,22758,166334,1813
2023-01-23,Sutter,101,95872,25514,25442,2532,27974,237
2023-01-23,Tehama,103,63373,14396,14342,3380,17722,222
2023-01-23,Trinity,105,12862,1464,1452,503,1955,23
2023-01-23,Tulare,107,460477,127284,126692,39804,166496,1554
2023-01-23,Tuolumne,109,53932,16706,16613,981,17594,205
2023-01-23,Ventura,111,848112,219363,218678,17866,236544,1640
2023-01-23,Yolo,113,214977,49649,49481,4798,54279,436
2023-01-23,Yuba,115,75493,19880,19840,1838,21678,133
2023-01-22,Alameda,001,1643700,374308,372424,21915,394339,2125
2023-01-22,Alpine,002,1148,139,139,4,143,0
2023-01-22,Amador,005,37829,10454,10401,960,11361,97
2023-01-22,Butte,007,227075,41373,41293,10078,51371,481
2023-01-22,Calaveras,009,45235,8916,8893,636,9529,139
2023-01-22,Colusa,011,21464,3939,3925,1339,5264,22
2023-01-22,Contra Costa,013,1133247,269326,267942,22120,290062,1518
2023-01-22,Del Norte,015,27424,7801,7708,448,8156,57
2023-01-22,El Dorado,017,186661,34269,34211,4507,38718,237
2023-01-22,Fresno,019,978130,292293,288834,34459,323293,2952
2023-01-22,Glenn,021,27897,5755,5749,1994,7743,58
2023-01-22,Humboldt,023,135768,23210,23013,5817,28830,167
2023-01-22,Imperial,025,180216,69403,69148,18673,87821,969
2023-01-22,Inyo,027,18085,4731,4717,1262,5979,62
2023-01-22,Kern,029,883053,228607,227433,71437,298870,2461
2023-01-22,Kings,031,150075,62334,62192,4395,66587,470
2023-01-22,Lake,033,64148,13529,13471,1268,14739,149
2023-01-22,Lassen,035,31185,10238,10219,1060,11279,66
2023-01-22,Los Angeles,037,10098052,3462470,3451542,212818,3664360,34790
2023-01-22,Madera,039,155013,45991,45839,8797,54636,377
2023-01-22,Marin,041,260295,39964,48236,5635,53871,317
2023-01-22,Mariposa,043,17540,3338,3290,359,3649,32
2023-01-22,Mendocino,045,87422,16748,16706,4789,21495,139
2023-01-22,Merced,047,269075,76592,75414,12753,88167,883
2023-01-22,Modoc,049,8938,952,950,367,1317,11
2023-01-22,Mono,051,14174,3311,3304,298,3602,8
2023-01-22,Monterey,053,433212,97242,96993,22941,119934,784
2023-01-22,Napa,055,140530,34158,33873,1508,35381,164
2023-01-22,Nevada,057,99092,20011,19957,2249,22206,132
2023-01-22,Orange,059,3164182,707026,701534,76007,777541,7754
2023-01-22,Placer,061,380077,80226,79943,10260,90203,671
2023-01-22,Plumas,063,18699,3811,3805,458,4263,13
2023-01-22,Riverside,065,2383286,729824,727487,40470,767957,6788
2023-01-22,Sacramento,067,1510023,367359,365898,37581,403479,3454
2023-01-22,San Benito,069,59416,17466,17407,1109,18516,115
2023-01-22,San Bernardino,071,2135413,705562,702778,34006,736784,8155
2023-01-22,San Diego,073,3302833,975573,973112,79295,1052407,5703
2023-01-22,San Francisco,075,870044,193192,192280,13078,205358,1147
2023-01-22,San Joaquin,077,732212,207871,207428,16626,224054,2388
2023-01-22,San Luis Obispo,079,281455,65844,65596,8024,73620,545
2023-01-22,San Mateo,081,765935,180934,179715,10972,190687,749
2023-01-22,Santa Barbara,083,443738,111085,110772,7546,118318,752
2023-01-22,Santa Clara,085,1922200,469488,467082,20835,487917,2633
2023-01-22,Santa Cruz,087,273765,67537,67312,3822,71134,277
2023-01-22,Shasta,089,179085,36387,36230,8238,44468,603
2023-01-22,Sierra,091,2930,311,311,61,372,5
2023-01-22,Siskiyou,093,43540,5409,5400,3423,8823,95
2023-01-22,Solano,095,438530,112440,111971,8503,120474,482
2023-01-22,Sonoma,097,501317,112455,112137,5689,117826,541
2023-01-22,Stanislaus,099,539301,143795,143576,22752,166328,1813
2023-01-22,Sutter,101,95872,25510,25442,2530,27972,237
2023-01-22,Tehama,103,63373,14392,14342,3377,17719,222
2023-01-22,Trinity,105,12862,1462,1452,503,1955,23
2023-01-22,Tulare,107,460477,127247,126692,39769,166461,1554
2023-01-22,Tuolumne,109,53932,16701,16613,981,17594,205
2023-01-22,Ventura,111,848112,219305,218678,17854,236532,1640
2023-01-22,Yolo,113,214977,49634,49481,4797,54278,436
2023-01-22,Yuba,115,75493,19875,19840,1838,21678,133
2023-01-21,Alameda,001,1643700,374230,372424,21912,394336,2125
2023-01-21,Alpine,002,1148,139,139,4,143,0
2023-01-21,Amador,005,37829,10453,10401,960,11361,97
2023-01-21,Butte,007,227075,41371,41293,10075,51368,481
2023-01-21,Calaveras,009,45235,8914,8893,636,9529,139
2023-01-21,Colusa,011,21464,3938,3925,1338,5263,22
2023-01-21,Contra Costa,013,1133247,269275,267942,22120,290062,1518
2023-01-21,Del Norte,015,27424,7798,7708,448,8156,57
2023-01-21,El Dorado,017,186661,34260,34211,4506,38717,237
2023-01-21,Fresno,019,978130,292255,288834,34455,323289,2952
2023-01-21,Glenn,021,27897,5755,5749,1994,7743,58
2023-01-21,Humboldt,023,135768,23208,23013,5816,28829,167
2023-01-21,Imperial,025,180216,69397,69148,18672,87820,969
2023-01-21,Inyo,027,18085,4731,4717,1262,5979,62
2023-01-21,Kern,029,883053,228569,227433,71416,298849,2461
2023-01-21,Kings,031,150075,62326,62192,4395,66587,470
2023-01-21,Lake,033,64148,13526,13471,1268,14739,149
2023-01-21,Lassen,035,31185,10238,10219,1060,11279,66
2023-01-21,Los Angeles,037,10098052,3461910,3451542,212730,3664272,34790
2023-01-21,Madera,039,155013,45985,45839,8797,54636,377
2023-01-21,Marin,041,260295,39946,48236,5633,53869,317
2023-01-21,Mariposa,043,17540,3337,3290,359,3649,32
2023-01-21,Mendocino,045,87422,16747,16706,4788,21494,139
2023-01-21,Merced,047,269075,76586,75414,12752,88166,883
2023-01-21,Modoc,049,8938,952,950,367,1317,11
2023-01-21,Mono,051,14174,3311,3304,298,3602,8
2023-01-21,Monterey,053,433212,97234,96993,22920,119913,784
2023-01-21,Napa,055,140530,34151,33873,1508,35381,164
2023-01-21,Nevada,057,99092,20010,19957,2248,22205,132
2023-01-21,Orange,059,3164182,706927,701534,75948,777482,7754
2023-01-21,Placer,061,380077,80208,79943,10260,90203,671
2023-01-21,Plumas,063,18699,3811,3805,458,4263,13
2023-01-21,Riverside,065,2383286,729740,727487,40453,767940,6788
2023-01-21,Sacramento,067,1510023,367299,365898,37575,403473,3454
2023-01-21,San Benito,069,59416,17462,17407,1107,18514,115
2023-01-21,San Bernardino,071,2135413,705467,702778,33991,736769,8155
2023-01-21,San Diego,073,3302833,975416,973112,79270,1052382,5703
2023-01-21,San Francisco,075,870044,193147,192280,13073,205353,1147
2023-01-21,San Joaquin,077,732212,207844,207428,16620,224048,2388
2023-01-21,San Luis Obispo,079,281455,65841,65596,8022,73618,545
2023-01-21,San Mateo,081,765935,180902,179715,10971,190686,749
2023-01-21,Santa Barbara,083,443738,111065,110772,7544,118316,752
2023-01-21,Santa Clara,085,1922200,469378,467082,20833,487915,2633
2023-01-21,Santa Cruz,087,273765,67530,67312,3822,71134,277
2023-01-21,Shasta,089,179085,36383,36230,8238,44468,603
2023-01-21,Sierra,091,2930,311,311,61,372,5
2023-01-21,Siskiyou,093,43540,5409,5400,3422,8822,95
2023-01-21,Solano,095,438530,112430,111971,8502,120473,482
2023-01-21,Sonoma,097,501317,112429,112137,5689,117826,541
2023-01-21,Stanislaus,099,539301,143783,143576,22751,166327,1813
2023-01-21,Sutter,101,95872,25506,25442,2530,27972,237
2023-01-21,Tehama,103,63373,14390,14342,3376,17718,222
2023-01-21,Trinity,105,12862,1462,1452,503,1955,23
2023-01-21,Tulare,107,460477,127227,126692,39759,166451,1554
2023-01-21,Tuolumne,109,53932,16696,16613,981,17594,205
2023-01-21,Ventura,111,848112,219266,218678,17850,236528,1640
2023-01-21,Yolo,113,214977,49627,49481,4797,54278,436
2023-01-21,Yuba,115,75493,19874,19840,1838,21678,133
2023-01-20,Alameda,001,1643700,374171,372424,21909,394333,2125
2023-01-20,Alpine,002,1148,139,139,4,143,0
2023-01-20,Amador,005,37829,10452,10401,959,11360,97
2023-01-20,Butte,007,227075,41370,41293,10074,51367,481
2023-01-20,Calaveras,009,45235,8913,8893,636,9529,139
2023-01-20,Colusa,011,21464,3938,3925,1337,5262,22
2023-01-20,Contra Costa,013,1133247,269224,267942,22118,290060,1518
2023-01-20,Del Norte,015,27424,7798,7708,447,8155,57
2023-01-20,El Dorado,017,186661,34254,34211,4505,38716,237
2023-01-20,Fresno,019,978130,292203,288834,34449,323283,2952
2023-01-20,Glenn,021,27897,5755,5749,1993,7742,58
2023-01-20,Humboldt,023,135768,23205,23013,5811,28824,167
2023-01-20,Imperial,025,180216,69391,69148,18670,87818,969
2023-01-20,Inyo,027,18085,4730,4717,1262,5979,62
2023-01-20,Kern,029,883053,228538,227433,71392,298825,2461
2023-01-20,Kings,031,150075,62314,62192,4395,66587,470
2023-01-20,Lake,033,64148,13526,13471,1268,14739,149
2023-01-20,Lassen,035,31185,10238,10219,1060,11279,66
2023-01-20,Los Angeles,037,10098052,3461396,3451542,212642,3664184,34790
2023-01-20,Madera,039,155013,45979,45839,8797,54636,377
2023-01-20,Marin,041,260295,39936,48236,5633,53869,317
2023-01-20,Mariposa,043,17540,3335,3290,359,3649,32
2023-01-20,Mendocino,045,87422,16745,16706,4788,21494,139
2023-01-20,Merced,047,269075,76577,75414,12750,88164,883
2023-01-20,Modoc,049,8938,952,950,367,1317,11
2023-01-20,Mono,051,14174,3311,3304,298,3602,8
2023-01-20,Monterey,053,433212,97221,96993,22901,119894,784
2023-01-20,Napa,055,140530,34144,33873,1508,35381,164
2023-01-20,Nevada,057,99092,20007,19957,2248,22205,132
2023-01-20,Orange,059,3164182,706803,701534,75914,777448,7754
2023-01-20,Placer,061,380077,80197,79943,10260,90203,671
2023-01-20,Plumas,063,18699,3810,3805,458,4263,13
2023-01-20,Riverside,065,2383286,729632,727487,40434,767921,6788
2023-01-20,Sacramento,067,1510023,367252,365898,37572,403470,3454
2023-01-20,San Benito,069,59416,17461,17407,1107,18514,115
2023-01-20,San Bernardino,071,2135413,705364,702778,33981,736759,8155
2023-01-20,San Diego,073,3302833,975225,973112,79246,1052358,5703
2023-01-20,San Francisco,075,870044,193105,192280,13061,205341,1147
2023-01-20,San Joaquin,077,732212,207826,207428,16616,224044,2388
2023-01-20,San Luis Obispo,079,281455,65834,65596,8019,73615,545
2023-01-20,San Mateo,081,765935,180876,179715,10970,190685,749
2023-01-20,Santa Barbara,083,443738,111048,110772,7542,118314,752
2023-01-20,Santa Clara,085,1922200,469269,467082,20827,487909,2633
2023-01-20,Santa Cruz,087,273765,67509,67312,3822,71134,277
2023-01-20,Shasta,089,179085,36382,36230,8235,44465,603
2023-01-20,Sierra,091,2930,311,311,61,372,5
2023-01-20,Siskiyou,093,43540,5408,5400,3422,8822,95
2023-01-20,Solano,095,438530,112412,111971,8499,120470,482
2023-01-20,Sonoma,097,501317,112414,112137,5689,117826,541
2023-01-20,Stanislaus,099,539301,143760,143576,22749,166325,1813
2023-01-20,Sutter,101,95872,25503,25442,2530,27972,237
2023-01-20,Tehama,103,63373,14388,14342,3375,17717,222
2023-01-20,Trinity,105,12862,1462,1452,503,1955,23
2023-01-20,Tulare,107,460477,127204,126692,39745,166437,1554
2023-01-20,Tuolumne,109,53932,16689,16613,981,17594,205
2023-01-20,Ventura,111,848112,219231,218678,17846,236524,1640
2023-01-20,Yolo,113,214977,49615,49481,4796,54277,436
2023-01-20,Yuba,115,75493,19872,19840,1838,21678,133
2023-01-19,Alameda,001,1643700,374066,372424,21901,394325,2125
2023-01-19,Alpine,002,1148,139,139,4,143,0
2023-01-19,Amador,005,37829,10450,10401,959,11360,97
2023-01-19,Butte,007,227075,41364,41293,10068,51361,481
2023-01-19,Calaveras,009,45235,8913,8893,636,9529,139
2023-01-19,Colusa,011,21464,3936,3925,1337,5262,22
2023-01-19,Contra Costa,013,1133247,269156,267942,22111,290053,1518
2023-01-19,Del Norte,015,27424,7794,7708,447,8155,57
2023-01-19,El Dorado,017,186661,34250,34211,4503,38714,237
2023-01-19,Fresno,019,978130,292137,288834,34443,323277,2952
2023-01-19,Glenn,021,27897,5755,5749,1993,7742,58
2023-01-19,Humboldt,023,135768,23198,23013,5792,28805,167
2023-01-19,Imperial,025,180216,69380,69148,18669,87817,969
2023-01-19,Inyo,027,18085,4728,4717,1262,5979,62
2023-01-19,Kern,029,883053,228488,227433,71332,298765,2461
2023-01-19,Kings,031,150075,62298,62192,4392,66584,470
2023-01-19,Lake,033,64148,13524,13471,1268,14739,149
2023-01-19,Lassen,035,31185,10238,10219,1060,11279,66
2023-01-19,Los Angeles,037,10098052,3460627,3451542,212531,3664073,34790
2023-01-19,Madera,039,155013,45969,45839,8795,54634,377
2023-01-19,Marin,041,260295,39918,48236,5633,53869,317
2023-01-19,Mariposa,043,17540,3334,3290,359,3649,32
2023-01-19,Mendocino,045,87422,16743,16706,4787,21493,139
2023-01-19,Merced,047,269075,76559,75414,12747,88161,883
2023-01-19,Modoc,049,8938,951,950,366,1316,11
2023-01-19,Mono,051,14174,3311,3304,297,3601,8
2023-01-19,Monterey,053,433212,97206,96993,22884,119877,784
2023-01-19,Napa,055,140530,34136,33873,1508,35381,164
2023-01-19,Nevada,057,99092,20006,19957,2248,22205,132
2023-01-19,Orange,059,3164182,706635,701534,75854,777388,7754
2023-01-19,Placer,061,380077,80175,79943,10259,90202,671
2023-01-19,Plumas,063,18699,3810,3805,458,4263,13
2023-01-19,Riverside,065,2383286,729487,727487,40401,767888,6788
2023-01-19,Sacramento,067,1510023,367160,365898,37558,403456,3454
2023-01-19,San Benito,069,59416,17458,17407,1106,18513,115
2023-01-19,San Bernardino,071,2135413,705233,702778,33964,736742,8155
2023-01-19,San Diego,073,3302833,974979,973112,79189,1052301,5703
2023-01-19,San Francisco,075,870044,193030,192280,13053,205333,1147
2023-01-19,San Joaquin,077,732212,207790,207428,16607,224035,2388
2023-01-19,San Luis Obispo,079,281455,65818,65596,8014,73610,545
2023-01-19,San Mateo,081,765935,180825,179715,10968,190683,749
2023-01-19,Santa Barbara,083,443738,111023,110772,7541,118313,752
2023-01-19,Santa Clara,085,1922200,469145,467082,20819,487901,2633
2023-01-19,Santa Cruz,087,273765,67495,67312,3822,71134,277
2023-01-19,Shasta,089,179085,36380,36230,8234,44464,603
2023-01-19,Sierra,091,2930,311,311,61,372,5
2023-01-19,Siskiyou,093,43540,5406,5400,3422,8822,95
2023-01-19,Solano,095,438530,112372,111971,8496,120467,482
2023-01-19,Sonoma,097,501317,112390,112137,5689,117826,541
2023-01-19,Stanislaus,099,539301,143733,143576,22713,166289,1813
2023-01-19,Sutter,101,95872,25500,25442,2530,27972,237
2023-01-19,Tehama,103,63373,14386,14342,3375,17717,222
2023-01-19,Trinity,105,12862,1462,1452,503,1955,23
2023-01-19,Tulare,107,460477,127171,126692,39722,166414,1554
2023-01-19,Tuolumne,109,53932,16684,16613,981,17594,205
2023-01-19,Ventura,111,848112,219178,218678,17832,236510,1640
2023-01-19,Yolo,113,214977,49607,49481,4795,54276,436
2023-01-19,Yuba,115,75493,19869,19840,1837,21677,133
2023-01-18,Alameda,001,1643700,373946,372424,21891,394315,2125
2023-01-18,Alpine,002,1148,139,139,4,143,0
2023-01-18,Amador,005,37829,10436,10401,959,11360,97
2023-01-18,Butte,007,227075,41356,41293,10061,51354,481
2023-01-18,Calaveras,009,45235,8909,8893,636,9529,139
2023-01-18,Colusa,011,21464,3932,3925,1337,5262,22
2023-01-18,Contra Costa,013,1133247,269069,267942,22107,290049,1518
2023-01-18,Del Norte,015,27424,7789,7708,440,8148,57
2023-01-18,El Dorado,017,186661,34245,34211,4503,38714,237
2023-01-18,Fresno,019,978130,292085,288834,34431,323265,2952
2023-01-18,Glenn,021,27897,5754,5749,1993,7742,58
2023-01-18,Humboldt,023,135768,23195,23013,5786,28799,167
2023-01-18,Imperial,025,180216,69364,69148,18667,87815,969
2023-01-18,Inyo,027,18085,4728,4717,1259,5976,62
2023-01-18,Kern,029,883053,228435,227433,71292,298725,2461
2023-01-18,Kings,031,150075,62283,62192,4391,66583,470
2023-01-18,Lake,033,64148,13521,13471,1268,14739,149
2023-01-18,Lassen,035,31185,10238,10219,1059,11278,66
2023-01-18,Los Angeles,037,10098052,3459816,3451542,212375,3663917,34790
2023-01-18,Madera,039,155013,45961,45839,8795,54634,377
2023-01-18,Marin,041,260295,39901,48236,5632,53868,317
2023-01-18,Mariposa,043,17540,3333,3290,359,3649,32
2023-01-18,Mendocino,045,87422,16740,16706,4782,21488,139
2023-01-18,Merced,047,269075,76539,75414,12747,88161,883
2023-01-18,Modoc,049,8938,951,950,366,1316,11
2023-01-18,Mono,051,14174,3311,3304,297,3601,8
2023-01-18,Monterey,053,433212,97186,96993,22868,119861,784
2023-01-18,Napa,055,140530,34121,33873,1507,35380,164
2023-01-18,Nevada,057,99092,20002,19957,2247,22204,132
2023-01-18,Orange,059,3164182,706448,701534,75804,777338,7754
2023-01-18,Placer,061,380077,80151,79943,10257,90200,671
2023-01-18,Plumas,063,18699,3809,3805,458,4263,13
2023-01-18,Riverside,065,2383286,729345,727487,40385,767872,6788
2023-01-18,Sacramento,067,1510023,367095,365898,37540,403438,3454
2023-01-18,San Benito,069,59416,17454,17407,1106,18513,115
2023-01-18,San Bernardino,071,2135413,705122,702778,33949,736727,8155
2023-01-18,San Diego,073,3302833,974664,973112,79135,1052247,5703
2023-01-18,San Francisco,075,870044,192963,192280,13051,205331,1147
2023-01-18,San Joaquin,077,732212,207750,207428,16603,224031,2388
2023-01-18,San Luis Obispo,079,281455,65801,65596,8006,73602,545
2023-01-18,San Mateo,081,765935,180771,179715,10966,190681,749
2023-01-18,Santa Barbara,083,443738,110992,110772,7528,118300,752
2023-01-18,Santa Clara,085,1922200,468987,467082,20812,487894,2633
2023-01-18,Santa Cruz,087,273765,67485,67312,3819,71131,277
2023-01-18,Shasta,089,179085,36375,36230,8232,44462,603
2023-01-18,Sierra,091,2930,311,311,61,372,5
2023-01-18,Siskiyou,093,43540,5405,5400,3422,8822,95
2023-01-18,Solano,095,438530,112337,111971,8496,120467,482
2023-01-18,Sonoma,097,501317,112363,112137,5685,117822,541
2023-01-18,Stanislaus,099,539301,143703,143576,22711,166287,1813
2023-01-18,Sutter,101,95872,25489,25442,2528,27970,237
2023-01-18,Tehama,103,63373,14385,14342,3372,17714,222
2023-01-18,Trinity,105,12862,1461,1452,503,1955,23
2023-01-18,Tulare,107,460477,127143,126692,39694,166386,1554
2023-01-18,Tuolumne,109,53932,16679,16613,981,17594,205
2023-01-18,Ventura,111,848112,219114,218678,17821,236499,1640
2023-01-18,Yolo,113,214977,49595,49481,4794,54275,436
2023-01-18,Yuba,115,75493,19861,19840,1837,21677,133
2023-01-17,Alameda,001,1643700,373834,372424,21882,394306,2125
2023-01-17,Alpine,002,1148,139,139,4,143,0
2023-01-17,Amador,005,37829,10429,10401,959,11360,97
2023-01-17,Butte,007,227075,41352,41293,10058,51351,481
2023-01-17,Calaveras,009,45235,8907,8893,636,9529,139
2023-01-17,Colusa,011,21464,3931,3925,1337,5262,22
2023-01-17,Contra Costa,013,1133247,268977,267942,22099,290041,1518
2023-01-17,Del Norte,015,27424,7784,7708,440,8148,57
2023-01-17,El Dorado,017,186661,34240,34211,4501,38712,237
2023-01-17,Fresno,019,978130,292020,288834,34421,323255,2952
2023-01-17,Glenn,021,27897,5754,5749,1993,7742,58
2023-01-17,Humboldt,023,135768,23188,23013,5783,28796,167
2023-01-17,Imperial,025,180216,69345,69148,18665,87813,969
2023-01-17,Inyo,027,18085,4727,4717,1252,5969,62
2023-01-17,Kern,029,883053,228391,227433,71247,298680,2461
2023-01-17,Kings,031,150075,62266,62192,4388,66580,470
2023-01-17,Lake,033,64148,13517,13471,1268,14739,149
2023-01-17,Lassen,035,31185,10236,10219,1059,11278,66
2023-01-17,Los Angeles,037,10098052,3458947,3451542,212212,3663754,34790
2023-01-17,Madera,039,155013,45958,45839,8794,54633,377
2023-01-17,Marin,041,260295,39885,48236,5630,53866,317
2023-01-17,Mariposa,043,17540,3333,3290,359,3649,32
2023-01-17,Mendocino,045,87422,16738,16706,4773,21479,139
2023-01-17,Merced,047,269075,76523,75414,12741,88155,883
2023-01-17,Modoc,049,8938,951,950,366,1316,11
2023-01-17,Mono,051,14174,3308,3304,297,3601,8
2023-01-17,Monterey,053,433212,97175,96993,22859,119852,784
2023-01-17,Napa,055,140530,34107,33873,1507,35380,164
2023-01-17,Nevada,057,99092,20000,19957,2247,22204,132
2023-01-17,Orange,059,3164182,706252,701534,75731,777265,7754
2023-01-17,Placer,061,380077,80134,79943,10256,90199,671
2023-01-17,Plumas,063,18699,3806,3805,458,4263,13
2023-01-17,Riverside,065,2383286,729182,727487,40361,767848,6788
2023-01-17,Sacramento,067,1510023,366981,365898,37528,403426,3454
2023-01-17,San Benito,069,59416,17451,17407,1105,18512,115
2023-01-17,San Bernardino,071,2135413,704934,702778,33915,736693,8155
2023-01-17,San Diego,073,3302833,974327,973112,79082,1052194,5703
2023-01-17,San Francisco,075,870044,192893,192280,13047,205327,1147
2023-01-17,San Joaquin,077,732212,207710,207428,16600,224028,2388
2023-01-17,San Luis Obispo,079,281455,65784,65596,8004,73600,545
2023-01-17,San Mateo,081,765935,180714,179715,10966,190681,749
2023-01-17,Santa Barbara,083,443738,110951,110772,7524,118296,752
2023-01-17,Santa Clara,085,1922200,468828,467082,20791,487873,2633
2023-01-17,Santa Cruz,087,273765,67467,67312,3817,71129,277
2023-01-17,Shasta,089,179085,36371,36230,8231,44461,603
2023-01-17,Sierra,091,2930,311,311,61,372,5
2023-01-17,Siskiyou,093,43540,5405,5400,3422,8822,95
2023-01-17,Solano,095,438530,112290,111971,8492,120463,482
2023-01-17,Sonoma,097,501317,112322,112137,5684,117821,541
2023-01-17,Stanislaus,099,539301,143677,143576,22708,166284,1813
2023-01-17,Sutter,101,95872,25479,25442,2528,27970,237
2023-01-17,Tehama,103,63373,14384,14342,3372,17714,222
2023-01-17,Trinity,105,12862,1460,1452,502,1954,23
2023-01-17,Tulare,107,460477,127097,126692,39674,166366,1554
2023-01-17,Tuolumne,109,53932,16675,16613,981,17594,205
2023-01-17,Ventura,111,848112,219060,218678,17810,236488,1640
2023-01-17,Yolo,113,214977,49582,49481,4790,54271,436
2023-01-17,Yuba,115,75493,19855,19840,1836,21676,133
2023-01-16,Alameda,001,1643700,373692,371533,21868,393401,2112
2023-01-16,Alpine,002,1148,139,139,4,143,0
2023-01-16,Amador,005,37829,10421,10384,959,11343,96
2023-01-16,Butte,007,227075,41338,41228,10054,51282,478
2023-01-16,Calaveras,009,45235,8904,8878,636,9514,138
2023-01-16,Colusa,011,21464,3930,3919,1335,5254,22
2023-01-16,Contra Costa,013,1133247,268892,267212,22090,289302,1505
2023-01-16,Del Norte,015,27424,7783,7700,439,8139,57
2023-01-16,El Dorado,017,186661,34233,34153,4499,38652,236
2023-01-16,Fresno,019,978130,291935,287748,34412,322160,2940
2023-01-16,Glenn,021,27897,5753,5747,1993,7740,58
2023-01-16,Humboldt,023,135768,23180,22986,5777,28763,166
2023-01-16,Imperial,025,180216,69336,69018,18656,87674,964
2023-01-16,Inyo,027,18085,4726,4709,1252,5961,62
2023-01-16,Kern,029,883053,228344,226971,71191,298162,2457
2023-01-16,Kings,031,150075,62255,62044,4384,66428,469
2023-01-16,Lake,033,64148,13507,13448,1268,14716,149
2023-01-16,Lassen,035,31185,10234,10212,1057,11269,66
2023-01-16,Los Angeles,037,10098052,3457846,3443850,212003,3655853,34651
2023-01-16,Madera,039,155013,45951,45761,8790,54551,377
2023-01-16,Marin,041,260295,39869,48130,5625,53755,317
2023-01-16,Mariposa,043,17540,3331,3285,359,3644,32
2023-01-16,Mendocino,045,87422,16734,16682,4771,21453,137
2023-01-16,Merced,047,269075,76498,75253,12739,87992,883
2023-01-16,Modoc,049,8938,951,946,366,1312,11
2023-01-16,Mono,051,14174,3307,3299,297,3596,8
2023-01-16,Monterey,053,433212,97158,96874,22849,119723,781
2023-01-16,Napa,055,140530,34092,33808,1507,35315,165
2023-01-16,Nevada,057,99092,19994,19927,2246,22173,132
2023-01-16,Orange,059,3164182,706039,699881,75666,775547,7723
2023-01-16,Placer,061,380077,80108,79766,10252,90018,671
2023-01-16,Plumas,063,18699,3806,3804,457,4261,13
2023-01-16,Riverside,065,2383286,728989,725898,40324,766222,6761
2023-01-16,Sacramento,067,1510023,366881,365352,37500,402852,3434
2023-01-16,San Benito,069,59416,17445,17378,1105,18483,115
2023-01-16,San Bernardino,071,2135413,704714,701674,33897,735571,8146
2023-01-16,San Diego,073,3302833,973897,970800,79026,1049826,5681
2023-01-16,San Francisco,075,870044,192813,191765,13043,204808,1123
2023-01-16,San Joaquin,077,732212,207669,207038,16595,223633,2378
2023-01-16,San Luis Obispo,079,281455,65755,65502,7998,73500,539
2023-01-16,San Mateo,081,765935,180658,179319,10962,190281,749
2023-01-16,Santa Barbara,083,443738,110919,110537,7515,118052,750
2023-01-16,Santa Clara,085,1922200,468622,465994,20779,486773,2601
2023-01-16,Santa Cruz,087,273765,67442,67144,3814,70958,276
2023-01-16,Shasta,089,179085,36368,36179,8229,44408,604
2023-01-16,Sierra,091,2930,311,311,61,372,5
2023-01-16,Siskiyou,093,43540,5404,5384,3422,8806,95
2023-01-16,Solano,095,438530,112255,111700,8490,120190,479
2023-01-16,Sonoma,097,501317,112289,111955,5682,117637,542
2023-01-16,Stanislaus,099,539301,143643,143318,22703,166021,1800
2023-01-16,Sutter,101,95872,25473,25392,2528,27920,237
2023-01-16,Tehama,103,63373,14381,14320,3372,17692,221
2023-01-16,Trinity,105,12862,1460,1448,502,1950,23
2023-01-16,Tulare,107,460477,127063,126451,39649,166100,1552
2023-01-16,Tuolumne,109,53932,16670,16552,981,17533,209
2023-01-16,Ventura,111,848112,218995,218234,17798,236032,1632
2023-01-16,Yolo,113,214977,49564,49393,4781,54174,433
2023-01-16,Yuba,115,75493,19850,19804,1833,21637,132
2023-01-15,Alameda,001,1643700,373575,371533,21865,393398,2112
2023-01-15,Alpine,002,1148,139,139,4,143,0
2023-01-15,Amador,005,37829,10419,10384,959,11343,96
2023-01-15,Butte,007,227075,41332,41228,10051,51279,478
2023-01-15,Calaveras,009,45235,8904,8878,636,9514,138
2023-01-15,Colusa,011,21464,3929,3919,1335,5254,22
2023-01-15,Contra Costa,013,1133247,268821,267212,22088,289300,1505
2023-01-15,Del Norte,015,27424,7781,7700,438,8138,57
2023-01-15,El Dorado,017,186661,34223,34153,4499,38652,236
2023-01-15,Fresno,019,978130,291878,287748,34394,322142,2940
2023-01-15,Glenn,021,27897,5752,5747,1993,7740,58
2023-01-15,Humboldt,023,135768,23177,22986,5774,28760,166
2023-01-15,Imperial,025,180216,69322,69018,18644,87662,964
2023-01-15,Inyo,027,18085,4725,4709,1248,5957,62
2023-01-15,Kern,029,883053,228277,226971,71146,298117,2457
2023-01-15,Kings,031,150075,62240,62044,4384,66428,469
2023-01-15,Lake,033,64148,13505,13448,1268,14716,149
2023-01-15,Lassen,035,31185,10233,10212,1057,11269,66
2023-01-15,Los Angeles,037,10098052,3457059,3443850,211826,3655676,34651
2023-01-15,Madera,039,155013,45943,45761,8790,54551,377
2023-01-15,Marin,041,260295,39842,48130,5622,53752,317
2023-01-15,Mariposa,043,17540,3330,3285,359,3644,32
2023-01-15,Mendocino,045,87422,16731,16682,4771,21453,137
2023-01-15,Merced,047,269075,76481,75253,12738,87991,883
2023-01-15,Modoc,049,8938,950,946,366,1312,11
2023-01-15,Mono,051,14174,3306,3299,297,3596,8
2023-01-15,Monterey,053,433212,97142,96874,22838,119712,781
2023-01-15,Napa,055,140530,34084,33808,1507,35315,165
2023-01-15,Nevada,057,99092,19988,19927,2244,22171,132
2023-01-15,Orange,059,3164182,705819,699881,75591,775472,7723
2023-01-15,Placer,061,380077,80086,79766,10251,90017,671
2023-01-15,Plumas,063,18699,3805,3804,457,4261,13
2023-01-15,Riverside,065,2383286,728816,725898,40303,766201,6761
2023-01-15,Sacramento,067,1510023,366807,365352,37491,402843,3434
2023-01-15,San Benito,069,59416,17442,17378,1105,18483,115
2023-01-15,San Bernardino,071,2135413,704573,701674,33882,735556,8146
2023-01-15,San Diego,073,3302833,973649,970800,78985,1049785,5681
2023-01-15,San Francisco,075,870044,192745,191765,13037,204802,1123
2023-01-15,San Joaquin,077,732212,207622,207038,16591,223629,2378
2023-01-15,San Luis Obispo,079,281455,65739,65502,7996,73498,539
2023-01-15,San Mateo,081,765935,180611,179319,10958,190277,749
2023-01-15,Santa Barbara,083,443738,110882,110537,7513,118050,750
2023-01-15,Santa Clara,085,1922200,468509,465994,20774,486768,2601
2023-01-15,Santa Cruz,087,273765,67412,67144,3813,70957,276
2023-01-15,Shasta,089,179085,36364,36179,8228,44407,604
2023-01-15,Sierra,091,2930,311,311,61,372,5
2023-01-15,Siskiyou,093,43540,5403,5384,3422,8806,95
2023-01-15,Solano,095,438530,112228,111700,8487,120187,479
2023-01-15,Sonoma,097,501317,112256,111955,5682,117637,542
2023-01-15,Stanislaus,099,539301,143611,143318,22703,166021,1800
2023-01-15,Sutter,101,95872,25466,25392,2528,27920,237
2023-01-15,Tehama,103,63373,14381,14320,3371,17691,221
2023-01-15,Trinity,105,12862,1460,1448,502,1950,23
2023-01-15,Tulare,107,460477,127005,126451,39627,166078,1552
2023-01-15,Tuolumne,109,53932,16665,16552,981,17533,209
2023-01-15,Ventura,111,848112,218947,218234,17788,236022,1632
2023-01-15,Yolo,113,214977,49553,49393,4781,54174,433
2023-01-15,Yuba,115,75493,19847,19804,1833,21637,132
2023-01-14,Alameda,001,1643700,373489,371533,21860,393393,2112
2023-01-14,Alpine,002,1148,139,139,4,143,0
2023-01-14,Amador,005,37829,10415,10384,959,11343,96
2023-01-14,Butte,007,227075,41329,41228,10047,51275,478
2023-01-14,Calaveras,009,45235,8902,8878,635,9513,138
2023-01-14,Colusa,011,21464,3928,3919,1335,5254,22
2023-01-14,Contra Costa,013,1133247,268758,267212,22085,289297,1505
2023-01-14,Del Norte,015,27424,7780,7700,438,8138,57
2023-01-14,El Dorado,017,186661,34216,34153,4498,38651,236
2023-01-14,Fresno,019,978130,291836,287748,34388,322136,2940
2023-01-14,Glenn,021,27897,5752,5747,1993,7740,58
2023-01-14,Humboldt,023,135768,23175,22986,5771,28757,166
2023-01-14,Imperial,025,180216,69307,69018,18644,87662,964
2023-01-14,Inyo,027,18085,4723,4709,1248,5957,62
2023-01-14,Kern,029,883053,228241,226971,71114,298085,2457
2023-01-14,Kings,031,150075,62231,62044,4383,66427,469
2023-01-14,Lake,033,64148,13503,13448,1268,14716,149
2023-01-14,Lassen,035,31185,10233,10212,1057,11269,66
2023-01-14,Los Angeles,037,10098052,3456466,3443850,211729,3655579,34651
2023-01-14,Madera,039,155013,45940,45761,8789,54550,377
2023-01-14,Marin,041,260295,39830,48130,5621,53751,317
2023-01-14,Mariposa,043,17540,3329,3285,359,3644,32
2023-01-14,Mendocino,045,87422,16727,16682,4771,21453,137
2023-01-14,Merced,047,269075,76467,75253,12738,87991,883
2023-01-14,Modoc,049,8938,950,946,365,1311,11
2023-01-14,Mono,051,14174,3305,3299,297,3596,8
2023-01-14,Monterey,053,433212,97132,96874,22834,119708,781
2023-01-14,Napa,055,140530,34078,33808,1507,35315,165
2023-01-14,Nevada,057,99092,19988,19927,2242,22169,132
2023-01-14,Orange,059,3164182,705687,699881,75552,775433,7723
2023-01-14,Placer,061,380077,80075,79766,10250,90016,671
2023-01-14,Plumas,063,18699,3805,3804,457,4261,13
2023-01-14,Riverside,065,2383286,728712,725898,40285,766183,6761
2023-01-14,Sacramento,067,1510023,366755,365352,37485,402837,3434
2023-01-14,San Benito,069,59416,17437,17378,1105,18483,115
2023-01-14,San Bernardino,071,2135413,704480,701674,33869,735543,8146
2023-01-14,San Diego,073,3302833,973455,970800,78967,1049767,5681
2023-01-14,San Francisco,075,870044,192704,191765,13036,204801,1123
2023-01-14,San Joaquin,077,732212,207598,207038,16590,223628,2378
2023-01-14,San Luis Obispo,079,281455,65733,65502,7992,73494,539
2023-01-14,San Mateo,081,765935,180580,179319,10955,190274,749
2023-01-14,Santa Barbara,083,443738,110855,110537,7510,118047,750
2023-01-14,Santa Clara,085,1922200,468421,465994,20765,486759,2601
2023-01-14,Santa Cruz,087,273765,67405,67144,3809,70953,276
2023-01-14,Shasta,089,179085,36360,36179,8228,44407,604
2023-01-14,Sierra,091,2930,311,311,61,372,5
2023-01-14,Siskiyou,093,43540,5403,5384,3422,8806,95
2023-01-14,Solano,095,438530,112219,111700,8484,120184,479
2023-01-14,Sonoma,097,501317,112244,111955,5682,117637,542
2023-01-14,Stanislaus,099,539301,143589,143318,22700,166018,1800
2023-01-14,Sutter,101,95872,25463,25392,2528,27920,237
2023-01-14,Tehama,103,63373,14376,14320,3371,17691,221
2023-01-14,Trinity,105,12862,1460,1448,502,1950,23
2023-01-14,Tulare,107,460477,126984,126451,39619,166070,1552
2023-01-14,Tuolumne,109,53932,16662,16552,979,17531,209
2023-01-14,Ventura,111,848112,218908,218234,17782,236016,1632
2023-01-14,Yolo,113,214977,49539,49393,4779,54172,433
2023-01-14,Yuba,115,75493,19845,19804,1832,21636,132
2023-01-13,Alameda,001,1643700,373397,371533,21852,393385,2112
2023-01-13,Alpine,002,1148,139,139,4,143,0
2023-01-13,Amador,005,37829,10413,10384,959,11343,96
2023-01-13,Butte,007,227075,41325,41228,10042,51270,478
2023-01-13,Calaveras,009,45235,8901,8878,635,9513,138
2023-01-13,Colusa,011,21464,3927,3919,1335,5254,22
2023-01-13,Contra Costa,013,1133247,268693,267212,22083,289295,1505
2023-01-13,Del Norte,015,27424,7779,7700,438,8138,57
2023-01-13,El Dorado,017,186661,34211,34153,4498,38651,236
2023-01-13,Fresno,019,978130,291792,287748,34381,322129,2940
2023-01-13,Glenn,021,27897,5752,5747,1993,7740,58
2023-01-13,Humboldt,023,135768,23174,22986,5765,28751,166
2023-01-13,Imperial,025,180216,69297,69018,18640,87658,964
2023-01-13,Inyo,027,18085,4722,4709,1246,5955,62
2023-01-13,Kern,029,883053,228208,226971,71083,298054,2457
2023-01-13,Kings,031,150075,62218,62044,4383,66427,469
2023-01-13,Lake,033,64148,13503,13448,1268,14716,149
2023-01-13,Lassen,035,31185,10233,10212,1057,11269,66
2023-01-13,Los Angeles,037,10098052,3455893,3443850,211629,3655479,34651
2023-01-13,Madera,039,155013,45932,45761,8789,54550,377
2023-01-13,Marin,041,260295,39817,48130,5618,53748,317
2023-01-13,Mariposa,043,17540,3327,3285,359,3644,32
2023-01-13,Mendocino,045,87422,16724,16682,4771,21453,137
2023-01-13,Merced,047,269075,76459,75253,12738,87991,883
2023-01-13,Modoc,049,8938,950,946,365,1311,11
2023-01-13,Mono,051,14174,3304,3299,297,3596,8
2023-01-13,Monterey,053,433212,97113,96874,22828,119702,781
2023-01-13,Napa,055,140530,34067,33808,1506,35314,165
2023-01-13,Nevada,057,99092,19985,19927,2241,22168,132
2023-01-13,Orange,059,3164182,705567,699881,75508,775389,7723
2023-01-13,Placer,061,380077,80057,79766,10250,90016,671
2023-01-13,Plumas,063,18699,3804,3804,457,4261,13
2023-01-13,Riverside,065,2383286,728609,725898,40270,766168,6761
2023-01-13,Sacramento,067,1510023,366693,365352,37480,402832,3434
2023-01-13,San Benito,069,59416,17436,17378,1104,18482,115
2023-01-13,San Bernardino,071,2135413,704387,701674,33860,735534,8146
2023-01-13,San Diego,073,3302833,973264,970800,78937,1049737,5681
2023-01-13,San Francisco,075,870044,192661,191765,13034,204799,1123
2023-01-13,San Joaquin,077,732212,207563,207038,16589,223627,2378
2023-01-13,San Luis Obispo,079,281455,65718,65502,7992,73494,539
2023-01-13,San Mateo,081,765935,180523,179319,10950,190269,749
2023-01-13,Santa Barbara,083,443738,110838,110537,7509,118046,750
2023-01-13,Santa Clara,085,1922200,468310,465994,20762,486756,2601
2023-01-13,Santa Cruz,087,273765,67386,67144,3809,70953,276
2023-01-13,Shasta,089,179085,36359,36179,8227,44406,604
2023-01-13,Sierra,091,2930,311,311,61,372,5
2023-01-13,Siskiyou,093,43540,5401,5384,3422,8806,95
2023-01-13,Solano,095,438530,112192,111700,8478,120178,479
2023-01-13,Sonoma,097,501317,112223,111955,5682,117637,542
2023-01-13,Stanislaus,099,539301,143567,143318,22697,166015,1800
2023-01-13,Sutter,101,95872,25461,25392,2528,27920,237
2023-01-13,Tehama,103,63373,14376,14320,3370,17690,221
2023-01-13,Trinity,105,12862,1459,1448,502,1950,23
2023-01-13,Tulare,107,460477,126954,126451,39604,166055,1552
2023-01-13,Tuolumne,109,53932,16651,16552,979,17531,209
2023-01-13,Ventura,111,848112,218868,218234,17777,236011,1632
2023-01-13,Yolo,113,214977,49528,49393,4777,54170,433
2023-01-13,Yuba,115,75493,19843,19804,1832,21636,132
2023-01-12,Alameda,001,1643700,373263,371533,21841,393374,2112
2023-01-12,Alpine,002,1148,139,139,4,143,0
2023-01-12,Amador,005,37829,10410,10384,959,11343,96
2023-01-12,Butte,007,227075,41316,41228,10040,51268,478
2023-01-12,Calaveras,009,45235,8899,8878,635,9513,138
2023-01-12,Colusa,011,21464,3926,3919,1335,5254,22
2023-01-12,Contra Costa,013,1133247,268597,267212,22078,289290,1505
2023-01-12,Del Norte,015,27424,7777,7700,438,8138,57
2023-01-12,El Dorado,017,186661,34202,34153,4495,38648,236
2023-01-12,Fresno,019,978130,291733,287748,34368,322116,2940
2023-01-12,Glenn,021,27897,5752,5747,1993,7740,58
2023-01-12,Humboldt,023,135768,23166,22986,5764,28750,166
2023-01-12,Imperial,025,180216,69280,69018,18635,87653,964
2023-01-12,Inyo,027,18085,4720,4709,1244,5953,62
2023-01-12,Kern,029,883053,228132,226971,71044,298015,2457
2023-01-12,Kings,031,150075,62201,62044,4380,66424,469
2023-01-12,Lake,033,64148,13500,13448,1267,14715,149
2023-01-12,Lassen,035,31185,10232,10212,1057,11269,66
2023-01-12,Los Angeles,037,10098052,3454997,3443850,211485,3655335,34651
2023-01-12,Madera,039,155013,45916,45761,8789,54550,377
2023-01-12,Marin,041,260295,39798,48130,5614,53744,317
2023-01-12,Mariposa,043,17540,3325,3285,358,3643,32
2023-01-12,Mendocino,045,87422,16721,16682,4771,21453,137
2023-01-12,Merced,047,269075,76438,75253,12735,87988,883
2023-01-12,Modoc,049,8938,950,946,365,1311,11
2023-01-12,Mono,051,14174,3303,3299,297,3596,8
2023-01-12,Monterey,053,433212,97101,96874,22810,119684,781
2023-01-12,Napa,055,140530,34058,33808,1506,35314,165
2023-01-12,Nevada,057,99092,19982,19927,2240,22167,132
2023-01-12,Orange,059,3164182,705336,699881,75451,775332,7723
2023-01-12,Placer,061,380077,80023,79766,10249,90015,671
2023-01-12,Plumas,063,18699,3804,3804,457,4261,13
2023-01-12,Riverside,065,2383286,728424,725898,40233,766131,6761
2023-01-12,Sacramento,067,1510023,366617,365352,37460,402812,3434
2023-01-12,San Benito,069,59416,17434,17378,1104,18482,115
2023-01-12,San Bernardino,071,2135413,704237,701674,33841,735515,8146
2023-01-12,San Diego,073,3302833,972972,970800,78893,1049693,5681
2023-01-12,San Francisco,075,870044,192588,191765,13025,204790,1123
2023-01-12,San Joaquin,077,732212,207511,207038,16584,223622,2378
2023-01-12,San Luis Obispo,079,281455,65701,65502,7978,73480,539
2023-01-12,San Mateo,081,765935,180465,179319,10948,190267,749
2023-01-12,Santa Barbara,083,443738,110791,110537,7508,118045,750
2023-01-12,Santa Clara,085,1922200,468144,465994,20756,486750,2601
2023-01-12,Santa Cruz,087,273765,67356,67144,3808,70952,276
2023-01-12,Shasta,089,179085,36349,36179,8221,44400,604
2023-01-12,Sierra,091,2930,311,311,61,372,5
2023-01-12,Siskiyou,093,43540,5401,5384,3422,8806,95
2023-01-12,Solano,095,438530,112156,111700,8472,120172,479
2023-01-12,Sonoma,097,501317,112197,111955,5680,117635,542
2023-01-12,Stanislaus,099,539301,143547,143318,22644,165962,1800
2023-01-12,Sutter,101,95872,25454,25392,2528,27920,237
2023-01-12,Tehama,103,63373,14375,14320,3370,17690,221
2023-01-12,Trinity,105,12862,1459,1448,500,1948,23
2023-01-12,Tulare,107,460477,126929,126451,39590,166041,1552
2023-01-12,Tuolumne,109,53932,16645,16552,976,17528,209
2023-01-12,Ventura,111,848112,218806,218234,17767,236001,1632
2023-01-12,Yolo,113,214977,49518,49393,4776,54169,433
2023-01-12,Yuba,115,75493,19837,19804,1832,21636,132
2023-01-11,Alameda,001,1643700,373118,371533,21832,393365,2112
2023-01-11,Alpine,002,1148,139,139,4,143,0
2023-01-11,Amador,005,37829,10406,10384,959,11343,96
2023-01-11,Butte,007,227075,41304,41228,10039,51267,478
2023-01-11,Calaveras,009,45235,8898,8878,634,9512,138
2023-01-11,Colusa,011,21464,3925,3919,1334,5253,22
2023-01-11,Contra Costa,013,1133247,268492,267212,22069,289281,1505
2023-01-11,Del Norte,015,27424,7776,7700,438,8138,57
2023-01-11,El Dorado,017,186661,34187,34153,4495,38648,236
2023-01-11,Fresno,019,978130,291661,287748,34350,322098,2940
2023-01-11,Glenn,021,27897,5752,5747,1993,7740,58
2023-01-11,Humboldt,023,135768,23155,22986,5762,28748,166
2023-01-11,Imperial,025,180216,69252,69018,18626,87644,964
2023-01-11,Inyo,027,18085,4718,4709,1242,5951,62
2023-01-11,Kern,029,883053,228059,226971,70985,297956,2457
2023-01-11,Kings,031,150075,62174,62044,4380,66424,469
2023-01-11,Lake,033,64148,13492,13448,1267,14715,149
2023-01-11,Lassen,035,31185,10232,10212,1057,11269,66
2023-01-11,Los Angeles,037,10098052,3454000,3443850,211292,3655142,34651
2023-01-11,Madera,039,155013,45906,45761,8787,54548,377
2023-01-11,Marin,041,260295,39782,48130,5612,53742,317
2023-01-11,Mariposa,043,17540,3323,3285,358,3643,32
2023-01-11,Mendocino,045,87422,16717,16682,4769,21451,137
2023-01-11,Merced,047,269075,76423,75253,12732,87985,883
2023-01-11,Modoc,049,8938,949,946,365,1311,11
2023-01-11,Mono,051,14174,3303,3299,297,3596,8
2023-01-11,Monterey,053,433212,97083,96874,22797,119671,781
2023-01-11,Napa,055,140530,34048,33808,1506,35314,165
2023-01-11,Nevada,057,99092,19978,19927,2239,22166,132
2023-01-11,Orange,059,3164182,705083,699881,75382,775263,7723
2023-01-11,Placer,061,380077,79999,79766,10245,90011,671
2023-01-11,Plumas,063,18699,3804,3804,457,4261,13
2023-01-11,Riverside,065,2383286,728228,725898,40206,766104,6761
2023-01-11,Sacramento,067,1510023,366527,365352,37443,402795,3434
2023-01-11,San Benito,069,59416,17426,17378,1102,18480,115
2023-01-11,San Bernardino,071,2135413,704098,701674,33808,735482,8146
2023-01-11,San Diego,073,3302833,972643,970800,78844,1049644,5681
2023-01-11,San Francisco,075,870044,192533,191765,13018,204783,1123
2023-01-11,San Joaquin,077,732212,207447,207038,16580,223618,2378
2023-01-11,San Luis Obispo,079,281455,65690,65502,7971,73473,539
2023-01-11,San Mateo,081,765935,180410,179319,10945,190264,749
2023-01-11,Santa Barbara,083,443738,110752,110537,7503,118040,750
2023-01-11,Santa Clara,085,1922200,467959,465994,20750,486744,2601
2023-01-11,Santa Cruz,087,273765,67336,67144,3804,70948,276
2023-01-11,Shasta,089,179085,36343,36179,8221,44400,604
2023-01-11,Sierra,091,2930,311,311,61,372,5
2023-01-11,Siskiyou,093,43540,5400,5384,3422,8806,95
2023-01-11,Solano,095,438530,112127,111700,8467,120167,479
2023-01-11,Sonoma,097,501317,112163,111955,5677,117632,542
2023-01-11,Stanislaus,099,539301,143526,143318,22600,165918,1800
2023-01-11,Sutter,101,95872,25447,25392,2527,27919,237
2023-01-11,Tehama,103,63373,14372,14320,3368,17688,221
2023-01-11,Trinity,105,12862,1459,1448,500,1948,23
2023-01-11,Tulare,107,460477,126901,126451,39570,166021,1552
2023-01-11,Tuolumne,109,53932,16637,16552,974,17526,209
2023-01-11,Ventura,111,848112,218745,218234,17756,235990,1632
2023-01-11,Yolo,113,214977,49507,49393,4773,54166,433
2023-01-11,Yuba,115,75493,19832,19804,1829,21633,132
2023-01-10,Alameda,001,1643700,372998,371533,21820,393353,2112
2023-01-10,Alpine,002,1148,139,139,4,143,0
2023-01-10,Amador,005,37829,10406,10384,959,11343,96
2023-01-10,Butte,007,227075,41290,41228,10034,51262,478
2023-01-10,Calaveras,009,45235,8897,8878,634,9512,138
2023-01-10,Colusa,011,21464,3925,3919,1333,5252,22
2023-01-10,Contra Costa,013,1133247,268392,267212,22054,289266,1505
2023-01-10,Del Norte,015,27424,7773,7700,437,8137,57
2023-01-10,El Dorado,017,186661,34177,34153,4493,38646,236
2023-01-10,Fresno,019,978130,291580,287748,34335,322083,2940
2023-01-10,Glenn,021,27897,5751,5747,1993,7740,58
2023-01-10,Humboldt,023,135768,23152,22986,5758,28744,166
2023-01-10,Imperial,025,180216,69231,69018,18615,87633,964
2023-01-10,Inyo,027,18085,4717,4709,1242,5951,62
2023-01-10,Kern,029,883053,228001,226971,70928,297899,2457
2023-01-10,Kings,031,150075,62152,62044,4379,66423,469
2023-01-10,Lake,033,64148,13487,13448,1267,14715,149
2023-01-10,Lassen,035,31185,10229,10212,1057,11269,66
2023-01-10,Los Angeles,037,10098052,3452815,3443850,211108,3654958,34651
2023-01-10,Madera,039,155013,45897,45761,8784,54545,377
2023-01-10,Marin,041,260295,39763,48130,5610,53740,317
2023-01-10,Mariposa,043,17540,3320,3285,358,3643,32
2023-01-10,Mendocino,045,87422,16713,16682,4767,21449,137
2023-01-10,Merced,047,269075,76402,75253,12726,87979,883
2023-01-10,Modoc,049,8938,949,946,365,1311,11
2023-01-10,Mono,051,14174,3303,3299,296,3595,8
2023-01-10,Monterey,053,433212,97067,96874,22773,119647,781
2023-01-10,Napa,055,140530,34036,33808,1506,35314,165
2023-01-10,Nevada,057,99092,19973,19927,2238,22165,132
2023-01-10,Orange,059,3164182,704843,699881,75317,775198,7723
2023-01-10,Placer,061,380077,79971,79766,10242,90008,671
2023-01-10,Plumas,063,18699,3804,3804,457,4261,13
2023-01-10,Riverside,065,2383286,727993,725898,40176,766074,6761
2023-01-10,Sacramento,067,1510023,366425,365352,37420,402772,3434
2023-01-10,San Benito,069,59416,17421,17378,1102,18480,115
2023-01-10,San Bernardino,071,2135413,703902,701674,33786,735460,8146
2023-01-10,San Diego,073,3302833,972270,970800,78779,1049579,5681
2023-01-10,San Francisco,075,870044,192460,191765,13013,204778,1123
2023-01-10,San Joaquin,077,732212,207375,207038,16576,223614,2378
2023-01-10,San Luis Obispo,079,281455,65664,65502,7959,73461,539
2023-01-10,San Mateo,081,765935,180337,179319,10941,190260,749
2023-01-10,Santa Barbara,083,443738,110706,110537,7493,118030,750
2023-01-10,Santa Clara,085,1922200,467727,465994,20736,486730,2601
2023-01-10,Santa Cruz,087,273765,67308,67144,3797,70941,276
2023-01-10,Shasta,089,179085,36331,36179,8220,44399,604
2023-01-10,Sierra,091,2930,311,311,61,372,5
2023-01-10,Siskiyou,093,43540,5399,5384,3422,8806,95
2023-01-10,Solano,095,438530,112085,111700,8463,120163,479
2023-01-10,Sonoma,097,501317,112129,111955,5675,117630,542
2023-01-10,Stanislaus,099,539301,143482,143318,22596,165914,1800
2023-01-10,Sutter,101,95872,25436,25392,2527,27919,237
2023-01-10,Tehama,103,63373,14367,14320,3367,17687,221
2023-01-10,Trinity,105,12862,1457,1448,500,1948,23
2023-01-10,Tulare,107,460477,126851,126451,39549,166000,1552
2023-01-10,Tuolumne,109,53932,16632,16552,974,17526,209
2023-01-10,Ventura,111,848112,218662,218234,17742,235976,1632
2023-01-10,Yolo,113,214977,49501,49393,4771,54164,433
2023-01-10,Yuba,115,75493,19823,19804,1828,21632,132
2023-01-09,Alameda,001,1643700,372824,369872,21803,391675,2098
2023-01-09,Alpine,002,1148,139,138,4,142,0
2023-01-09,Amador,005,37829,10401,10340,959,11299,96
2023-01-09,Butte,007,227075,41279,41102,10029,51131,478
2023-01-09,Calaveras,009,45235,8894,8852,634,9486,137
2023-01-09,Colusa,011,21464,3923,3911,1333,5244,22
2023-01-09,Contra Costa,013,1133247,268277,265846,22044,287890,1501
2023-01-09,Del Norte,015,27424,7773,7680,437,8117,57
2023-01-09,El Dorado,017,186661,34172,34009,4492,38501,236
2023-01-09,Fresno,019,978130,291472,286556,34317,320873,2924
2023-01-09,Glenn,021,27897,5750,5732,1993,7725,58
2023-01-09,Humboldt,023,135768,23145,22878,5750,28628,164
2023-01-09,Imperial,025,180216,69209,68809,18605,87414,964
2023-01-09,Inyo,027,18085,4715,4687,1239,5926,62
2023-01-09,Kern,029,883053,227958,226454,70882,297336,2450
2023-01-09,Kings,031,150075,62129,61886,4377,66263,466
2023-01-09,Lake,033,64148,13484,13363,1267,14630,149
2023-01-09,Lassen,035,31185,10228,10189,1056,11245,66
2023-01-09,Los Angeles,037,10098052,3451726,3434193,210918,3645111,34492
2023-01-09,Madera,039,155013,45884,45608,8774,54382,377
2023-01-09,Marin,041,260295,39744,47893,5605,53498,317
2023-01-09,Mariposa,043,17540,3320,3223,358,3581,32
2023-01-09,Mendocino,045,87422,16709,16582,4765,21347,137
2023-01-09,Merced,047,269075,76378,74969,12724,87693,883
2023-01-09,Modoc,049,8938,949,940,365,1305,11
2023-01-09,Mono,051,14174,3301,3284,296,3580,8
2023-01-09,Monterey,053,433212,97046,96607,22753,119360,778
2023-01-09,Napa,055,140530,34029,33666,1503,35169,164
2023-01-09,Nevada,057,99092,19969,19845,2238,22083,132
2023-01-09,Orange,059,3164182,704565,697391,75217,772608,7683
2023-01-09,Placer,061,380077,79945,79461,10238,89699,672
2023-01-09,Plumas,063,18699,3804,3798,456,4254,13
2023-01-09,Riverside,065,2383286,727770,723578,40145,763723,6748
2023-01-09,Sacramento,067,1510023,366309,364212,37408,401620,3422
2023-01-09,San Benito,069,59416,17417,17293,1102,18395,115
2023-01-09,San Bernardino,071,2135413,703721,699531,33765,733296,8143
2023-01-09,San Diego,073,3302833,971832,967383,78713,1046096,5662
2023-01-09,San Francisco,075,870044,192374,190940,13005,203945,1114
2023-01-09,San Joaquin,077,732212,207313,206280,16565,222845,2369
2023-01-09,San Luis Obispo,079,281455,65647,65166,7952,73118,539
2023-01-09,San Mateo,081,765935,180257,178472,10937,189409,749
2023-01-09,Santa Barbara,083,443738,110677,110007,7492,117499,748
2023-01-09,Santa Clara,085,1922200,467520,463958,20719,484677,2601
2023-01-09,Santa Cruz,087,273765,67271,66937,3794,70731,276
2023-01-09,Shasta,089,179085,36327,36083,8218,44301,602
2023-01-09,Sierra,091,2930,311,310,61,371,5
2023-01-09,Siskiyou,093,43540,5398,5373,3421,8794,95
2023-01-09,Solano,095,438530,112033,111243,8456,119699,478
2023-01-09,Sonoma,097,501317,112100,111530,5672,117202,537
2023-01-09,Stanislaus,099,539301,143437,142918,22589,165507,1801
2023-01-09,Sutter,101,95872,25426,25308,2527,27835,235
2023-01-09,Tehama,103,63373,14365,14258,3364,17622,221
2023-01-09,Trinity,105,12862,1457,1448,498,1946,24
2023-01-09,Tulare,107,460477,126800,125773,39528,165301,1546
2023-01-09,Tuolumne,109,53932,16626,16425,973,17398,211
2023-01-09,Ventura,111,848112,218582,217286,17731,235017,1610
2023-01-09,Yolo,113,214977,49489,49138,4770,53908,428
2023-01-09,Yuba,115,75493,19812,19743,1828,21571,132
2023-01-08,Alameda,001,1643700,372608,369872,21782,391654,2098
2023-01-08,Alpine,002,1148,139,138,4,142,0
2023-01-08,Amador,005,37829,10395,10340,958,11298,96
2023-01-08,Butte,007,227075,41265,41102,10023,51125,478
2023-01-08,Calaveras,009,45235,8889,8852,634,9486,137
2023-01-08,Colusa,011,21464,3923,3911,1331,5242,22
2023-01-08,Contra Costa,013,1133247,268143,265846,22031,287877,1501
2023-01-08,Del Norte,015,27424,7770,7680,437,8117,57
2023-01-08,El Dorado,017,186661,34164,34009,4492,38501,236
2023-01-08,Fresno,019,978130,291361,286556,34304,320860,2924
2023-01-08,Glenn,021,27897,5749,5732,1993,7725,58
2023-01-08,Humboldt,023,135768,23137,22878,5741,28619,164
2023-01-08,Imperial,025,180216,69185,68809,18596,87405,964
2023-01-08,Inyo,027,18085,4713,4687,1238,5925,62
2023-01-08,Kern,029,883053,227873,226454,70816,297270,2450
2023-01-08,Kings,031,150075,62105,61886,4375,66261,466
2023-01-08,Lake,033,64148,13478,13363,1267,14630,149
2023-01-08,Lassen,035,31185,10226,10189,1055,11244,66
2023-01-08,Los Angeles,037,10098052,3450333,3434193,210667,3644860,34492
2023-01-08,Madera,039,155013,45864,45608,8769,54377,377
2023-01-08,Marin,041,260295,39722,47893,5600,53493,317
2023-01-08,Mariposa,043,17540,3320,3223,358,3581,32
2023-01-08,Mendocino,045,87422,16698,16582,4763,21345,137
2023-01-08,Merced,047,269075,76347,74969,12717,87686,883
2023-01-08,Modoc,049,8938,949,940,364,1304,11
2023-01-08,Mono,051,14174,3298,3284,296,3580,8
2023-01-08,Monterey,053,433212,97022,96607,22722,119329,778
2023-01-08,Napa,055,140530,34005,33666,1502,35168,164
2023-01-08,Nevada,057,99092,19960,19845,2235,22080,132
2023-01-08,Orange,059,3164182,704241,697391,75104,772495,7683
2023-01-08,Placer,061,380077,79904,79461,10234,89695,672
2023-01-08,Plumas,063,18699,3804,3798,456,4254,13
2023-01-08,Riverside,065,2383286,727496,723578,40089,763667,6748
2023-01-08,Sacramento,067,1510023,366166,364212,37379,401591,3422
2023-01-08,San Benito,069,59416,17412,17293,1102,18395,115
2023-01-08,San Bernardino,071,2135413,703472,699531,33734,733265,8143
2023-01-08,San Diego,073,3302833,971285,967383,78615,1045998,5662
2023-01-08,San Francisco,075,870044,192248,190940,12993,203933,1114
2023-01-08,San Joaquin,077,732212,207230,206280,16557,222837,2369
2023-01-08,San Luis Obispo,079,281455,65630,65166,7943,73109,539
2023-01-08,San Mateo,081,765935,180160,178472,10932,189404,749
2023-01-08,Santa Barbara,083,443738,110646,110007,7484,117491,748
2023-01-08,Santa Clara,085,1922200,467224,463958,20701,484659,2601
2023-01-08,Santa Cruz,087,273765,67252,66937,3792,70729,276
2023-01-08,Shasta,089,179085,36320,36083,8214,44297,602
2023-01-08,Sierra,091,2930,311,310,61,371,5
2023-01-08,Siskiyou,093,43540,5394,5373,3421,8794,95
2023-01-08,Solano,095,438530,111953,111243,8452,119695,478
2023-01-08,Sonoma,097,501317,112048,111530,5669,117199,537
2023-01-08,Stanislaus,099,539301,143396,142918,22580,165498,1801
2023-01-08,Sutter,101,95872,25416,25308,2527,27835,235
2023-01-08,Tehama,103,63373,14362,14258,3361,17619,221
2023-01-08,Trinity,105,12862,1457,1448,498,1946,24
2023-01-08,Tulare,107,460477,126751,125773,39506,165279,1546
2023-01-08,Tuolumne,109,53932,16619,16425,972,17397,211
2023-01-08,Ventura,111,848112,218491,217286,17714,235000,1610
2023-01-08,Yolo,113,214977,49468,49138,4765,53903,428
2023-01-08,Yuba,115,75493,19809,19743,1828,21571,132
2023-01-07,Alameda,001,1643700,372508,369872,21767,391639,2098
2023-01-07,Alpine,002,1148,139,138,4,142,0
2023-01-07,Amador,005,37829,10394,10340,958,11298,96
2023-01-07,Butte,007,227075,41259,41102,10019,51121,478
2023-01-07,Calaveras,009,45235,8888,8852,633,9485,137
2023-01-07,Colusa,011,21464,3922,3911,1331,5242,22
2023-01-07,Contra Costa,013,1133247,268060,265846,22027,287873,1501
2023-01-07,Del Norte,015,27424,7768,7680,437,8117,57
2023-01-07,El Dorado,017,186661,34156,34009,4490,38499,236
2023-01-07,Fresno,019,978130,291304,286556,34299,320855,2924
2023-01-07,Glenn,021,27897,5748,5732,1991,7723,58
2023-01-07,Humboldt,023,135768,23132,22878,5735,28613,164
2023-01-07,Imperial,025,180216,69170,68809,18596,87405,964
2023-01-07,Inyo,027,18085,4713,4687,1238,5925,62
2023-01-07,Kern,029,883053,227828,226454,70760,297214,2450
2023-01-07,Kings,031,150075,62088,61886,4373,66259,466
2023-01-07,Lake,033,64148,13476,13363,1267,14630,149
2023-01-07,Lassen,035,31185,10224,10189,1055,11244,66
2023-01-07,Los Angeles,037,10098052,3449467,3434193,210532,3644725,34492
2023-01-07,Madera,039,155013,45855,45608,8769,54377,377
2023-01-07,Marin,041,260295,39707,47893,5600,53493,317
2023-01-07,Mariposa,043,17540,3319,3223,358,3581,32
2023-01-07,Mendocino,045,87422,16692,16582,4762,21344,137
2023-01-07,Merced,047,269075,76332,74969,12717,87686,883
2023-01-07,Modoc,049,8938,949,940,364,1304,11
2023-01-07,Mono,051,14174,3298,3284,296,3580,8
2023-01-07,Monterey,053,433212,97004,96607,22716,119323,778
2023-01-07,Napa,055,140530,34002,33666,1501,35167,164
2023-01-07,Nevada,057,99092,19959,19845,2234,22079,132
2023-01-07,Orange,059,3164182,704044,697391,75029,772420,7683
2023-01-07,Placer,061,380077,79876,79461,10232,89693,672
2023-01-07,Plumas,063,18699,3804,3798,456,4254,13
2023-01-07,Riverside,065,2383286,727346,723578,40069,763647,6748
2023-01-07,Sacramento,067,1510023,366096,364212,37372,401584,3422
2023-01-07,San Benito,069,59416,17408,17293,1102,18395,115
2023-01-07,San Bernardino,071,2135413,703300,699531,33718,733249,8143
2023-01-07,San Diego,073,3302833,971012,967383,78598,1045981,5662
2023-01-07,San Francisco,075,870044,192183,190940,12986,203926,1114
2023-01-07,San Joaquin,077,732212,207180,206280,16548,222828,2369
2023-01-07,San Luis Obispo,079,281455,65621,65166,7937,73103,539
2023-01-07,San Mateo,081,765935,180117,178472,10923,189395,749
2023-01-07,Santa Barbara,083,443738,110607,110007,7473,117480,748
2023-01-07,Santa Clara,085,1922200,467075,463958,20691,484649,2601
2023-01-07,Santa Cruz,087,273765,67240,66937,3789,70726,276
2023-01-07,Shasta,089,179085,36313,36083,8213,44296,602
2023-01-07,Sierra,091,2930,311,310,61,371,5
2023-01-07,Siskiyou,093,43540,5391,5373,3421,8794,95
2023-01-07,Solano,095,438530,111927,111243,8450,119693,478
2023-01-07,Sonoma,097,501317,112040,111530,5669,117199,537
2023-01-07,Stanislaus,099,539301,143363,142918,22573,165491,1801
2023-01-07,Sutter,101,95872,25410,25308,2526,27834,235
2023-01-07,Tehama,103,63373,14360,14258,3359,17617,221
2023-01-07,Trinity,105,12862,1457,1448,498,1946,24
2023-01-07,Tulare,107,460477,126730,125773,39494,165267,1546
2023-01-07,Tuolumne,109,53932,16611,16425,972,17397,211
2023-01-07,Ventura,111,848112,218442,217286,17692,234978,1610
2023-01-07,Yolo,113,214977,49458,49138,4763,53901,428
2023-01-07,Yuba,115,75493,19802,19743,1828,21571,132
2023-01-06,Alameda,001,1643700,372385,369872,21758,391630,2098
2023-01-06,Alpine,002,1148,139,138,4,142,0
2023-01-06,Amador,005,37829,10391,10340,957,11297,96
2023-01-06,Butte,007,227075,41250,41102,10015,51117,478
2023-01-06,Calaveras,009,45235,8888,8852,633,9485,137
2023-01-06,Colusa,011,21464,3921,3911,1330,5241,22
2023-01-06,Contra Costa,013,1133247,267972,265846,22022,287868,1501
2023-01-06,Del Norte,015,27424,7767,7680,437,8117,57
2023-01-06,El Dorado,017,186661,34146,34009,4489,38498,236
2023-01-06,Fresno,019,978130,291221,286556,34285,320841,2924
2023-01-06,Glenn,021,27897,5746,5732,1991,7723,58
2023-01-06,Humboldt,023,135768,23127,22878,5732,28610,164
2023-01-06,Imperial,025,180216,69159,68809,18594,87403,964
2023-01-06,Inyo,027,18085,4712,4687,1236,5923,62
2023-01-06,Kern,029,883053,227790,226454,70702,297156,2450
2023-01-06,Kings,031,150075,62071,61886,4373,66259,466
2023-01-06,Lake,033,64148,13473,13363,1267,14630,149
2023-01-06,Lassen,035,31185,10221,10189,1055,11244,66
2023-01-06,Los Angeles,037,10098052,3448482,3434193,210353,3644546,34492
2023-01-06,Madera,039,155013,45847,45608,8764,54372,377
2023-01-06,Marin,041,260295,39692,47893,5598,53491,317
2023-01-06,Mariposa,043,17540,3319,3223,357,3580,32
2023-01-06,Mendocino,045,87422,16688,16582,4762,21344,137
2023-01-06,Merced,047,269075,76313,74969,12715,87684,883
2023-01-06,Modoc,049,8938,949,940,364,1304,11
2023-01-06,Mono,051,14174,3298,3284,295,3579,8
2023-01-06,Monterey,053,433212,96989,96607,22695,119302,778
2023-01-06,Napa,055,140530,33990,33666,1498,35164,164
2023-01-06,Nevada,057,99092,19957,19845,2233,22078,132
2023-01-06,Orange,059,3164182,703781,697391,74946,772337,7683
2023-01-06,Placer,061,380077,79850,79461,10231,89692,672
2023-01-06,Plumas,063,18699,3804,3798,456,4254,13
2023-01-06,Riverside,065,2383286,727161,723578,40040,763618,6748
2023-01-06,Sacramento,067,1510023,366000,364212,37368,401580,3422
2023-01-06,San Benito,069,59416,17400,17293,1098,18391,115
2023-01-06,San Bernardino,071,2135413,703118,699531,33703,733234,8143
2023-01-06,San Diego,073,3302833,970690,967383,78567,1045950,5662
2023-01-06,San Francisco,075,870044,192110,190940,12981,203921,1114
2023-01-06,San Joaquin,077,732212,207118,206280,16543,222823,2369
2023-01-06,San Luis Obispo,079,281455,65607,65166,7932,73098,539
2023-01-06,San Mateo,081,765935,180066,178472,10917,189389,749
2023-01-06,Santa Barbara,083,443738,110560,110007,7470,117477,748
2023-01-06,Santa Clara,085,1922200,466897,463958,20679,484637,2601
2023-01-06,Santa Cruz,087,273765,67225,66937,3784,70721,276
2023-01-06,Shasta,089,179085,36308,36083,8211,44294,602
2023-01-06,Sierra,091,2930,311,310,61,371,5
2023-01-06,Siskiyou,093,43540,5389,5373,3421,8794,95
2023-01-06,Solano,095,438530,111886,111243,8447,119690,478
2023-01-06,Sonoma,097,501317,112015,111530,5665,117195,537
2023-01-06,Stanislaus,099,539301,143340,142918,22570,165488,1801
2023-01-06,Sutter,101,95872,25407,25308,2526,27834,235
2023-01-06,Tehama,103,63373,14357,14258,3358,17616,221
2023-01-06,Trinity,105,12862,1457,1448,495,1943,24
2023-01-06,Tulare,107,460477,126707,125773,39477,165250,1546
2023-01-06,Tuolumne,109,53932,16600,16425,972,17397,211
2023-01-06,Ventura,111,848112,218377,217286,17685,234971,1610
2023-01-06,Yolo,113,214977,49447,49138,4761,53899,428
2023-01-06,Yuba,115,75493,19794,19743,1828,21571,132
2023-01-05,Alameda,001,1643700,372163,369872,21743,391615,2098
2023-01-05,Alpine,002,1148,139,138,4,142,0
2023-01-05,Amador,005,37829,10390,10340,957,11297,96
2023-01-05,Butte,007,227075,41239,41102,10008,51110,478
2023-01-05,Calaveras,009,45235,8887,8852,633,9485,137
2023-01-05,Colusa,011,21464,3918,3911,1330,5241,22
2023-01-05,Contra Costa,013,1133247,267814,265846,22018,287864,1501
2023-01-05,Del Norte,015,27424,7765,7680,437,8117,57
2023-01-05,El Dorado,017,186661,34130,34009,4489,38498,236
2023-01-05,Fresno,019,978130,291114,286556,34270,320826,2924
2023-01-05,Glenn,021,27897,5745,5732,1990,7722,58
2023-01-05,Humboldt,023,135768,23115,22878,5725,28603,164
2023-01-05,Imperial,025,180216,69131,68809,18581,87390,964
2023-01-05,Inyo,027,18085,4712,4687,1235,5922,62
2023-01-05,Kern,029,883053,227689,226454,70628,297082,2450
2023-01-05,Kings,031,150075,62048,61886,4373,66259,466
2023-01-05,Lake,033,64148,13464,13363,1265,14628,149
2023-01-05,Lassen,035,31185,10219,10189,1050,11239,66
2023-01-05,Los Angeles,037,10098052,3447034,3434193,210098,3644291,34492
2023-01-05,Madera,039,155013,45834,45608,8752,54360,377
2023-01-05,Marin,041,260295,39674,47893,5594,53487,317
2023-01-05,Mariposa,043,17540,3316,3223,357,3580,32
2023-01-05,Mendocino,045,87422,16682,16582,4762,21344,137
2023-01-05,Merced,047,269075,76284,74969,12702,87671,883
2023-01-05,Modoc,049,8938,949,940,364,1304,11
2023-01-05,Mono,051,14174,3294,3284,295,3579,8
2023-01-05,Monterey,053,433212,96961,96607,22662,119269,778
2023-01-05,Napa,055,140530,33975,33666,1495,35161,164
2023-01-05,Nevada,057,99092,19950,19845,2233,22078,132
2023-01-05,Orange,059,3164182,703420,697391,74830,772221,7683
2023-01-05,Placer,061,380077,79810,79461,10229,89690,672
2023-01-05,Plumas,063,18699,3801,3798,456,4254,13
2023-01-05,Riverside,065,2383286,726893,723578,39995,763573,6748
2023-01-05,Sacramento,067,1510023,365830,364212,37351,401563,3422
2023-01-05,San Benito,069,59416,17393,17293,1097,18390,115
2023-01-05,San Bernardino,071,2135413,702889,699531,33687,733218,8143
2023-01-05,San Diego,073,3302833,970237,967383,78479,1045862,5662
2023-01-05,San Francisco,075,870044,191966,190940,12964,203904,1114
2023-01-05,San Joaquin,077,732212,207032,206280,16537,222817,2369
2023-01-05,San Luis Obispo,079,281455,65583,65166,7920,73086,539
2023-01-05,San Mateo,081,765935,179960,178472,10907,189379,749
2023-01-05,Santa Barbara,083,443738,110502,110007,7460,117467,748
2023-01-05,Santa Clara,085,1922200,466577,463958,20663,484621,2601
2023-01-05,Santa Cruz,087,273765,67199,66937,3783,70720,276
2023-01-05,Shasta,089,179085,36299,36083,8206,44289,602
2023-01-05,Sierra,091,2930,311,310,61,371,5
2023-01-05,Siskiyou,093,43540,5386,5373,3421,8794,95
2023-01-05,Solano,095,438530,111824,111243,8440,119683,478
2023-01-05,Sonoma,097,501317,111958,111530,5661,117191,537
2023-01-05,Stanislaus,099,539301,143291,142918,22558,165476,1801
2023-01-05,Sutter,101,95872,25394,25308,2526,27834,235
2023-01-05,Tehama,103,63373,14352,14258,3354,17612,221
2023-01-05,Trinity,105,12862,1456,1448,494,1942,24
2023-01-05,Tulare,107,460477,126664,125773,39450,165223,1546
2023-01-05,Tuolumne,109,53932,16583,16425,972,17397,211
2023-01-05,Ventura,111,848112,218273,217286,17666,234952,1610
2023-01-05,Yolo,113,214977,49434,49138,4758,53896,428
2023-01-05,Yuba,115,75493,19788,19743,1827,21570,132
2023-01-04,Alameda,001,1643700,371932,369872,21719,391591,2098
2023-01-04,Alpine,002,1148,139,138,4,142,0
2023-01-04,Amador,005,37829,10384,10340,956,11296,96
2023-01-04,Butte,007,227075,41226,41102,9994,51096,478
2023-01-04,Calaveras,009,45235,8885,8852,632,9484,137
2023-01-04,Colusa,011,21464,3916,3911,1328,5239,22
2023-01-04,Contra Costa,013,1133247,267645,265846,22001,287847,1501
2023-01-04,Del Norte,015,27424,7763,7680,437,8117,57
2023-01-04,El Dorado,017,186661,34121,34009,4489,38498,236
2023-01-04,Fresno,019,978130,290991,286556,34254,320810,2924
2023-01-04,Glenn,021,27897,5745,5732,1987,7719,58
2023-01-04,Humboldt,023,135768,23111,22878,5722,28600,164
2023-01-04,Imperial,025,180216,69116,68809,18564,87373,964
2023-01-04,Inyo,027,18085,4708,4687,1232,5919,62
2023-01-04,Kern,029,883053,227587,226454,70542,296996,2450
2023-01-04,Kings,031,150075,62026,61886,4373,66259,466
2023-01-04,Lake,033,64148,13461,13363,1264,14627,149
2023-01-04,Lassen,035,31185,10215,10189,1048,11237,66
2023-01-04,Los Angeles,037,10098052,3445512,3434193,209852,3644045,34492
2023-01-04,Madera,039,155013,45821,45608,8748,54356,377
2023-01-04,Marin,041,260295,39649,47893,5591,53484,317
2023-01-04,Mariposa,043,17540,3316,3223,357,3580,32
2023-01-04,Mendocino,045,87422,16678,16582,4756,21338,137
2023-01-04,Merced,047,269075,76261,74969,12699,87668,883
2023-01-04,Modoc,049,8938,947,940,364,1304,11
2023-01-04,Mono,051,14174,3293,3284,295,3579,8
2023-01-04,Monterey,053,433212,96924,96607,22635,119242,778
2023-01-04,Napa,055,140530,33948,33666,1495,35161,164
2023-01-04,Nevada,057,99092,19942,19845,2231,22076,132
2023-01-04,Orange,059,3164182,703071,697391,74721,772112,7683
2023-01-04,Placer,061,380077,79776,79461,10226,89687,672
2023-01-04,Plumas,063,18699,3801,3798,456,4254,13
2023-01-04,Riverside,065,2383286,726611,723578,39942,763520,6748
2023-01-04,Sacramento,067,1510023,365704,364212,37313,401525,3422
2023-01-04,San Benito,069,59416,17383,17293,1097,18390,115
2023-01-04,San Bernardino,071,2135413,702664,699531,33658,733189,8143
2023-01-04,San Diego,073,3302833,969678,967383,78386,1045769,5662
2023-01-04,San Francisco,075,870044,191868,190940,12957,203897,1114
2023-01-04,San Joaquin,077,732212,206933,206280,16529,222809,2369
2023-01-04,San Luis Obispo,079,281455,65556,65166,7905,73071,539
2023-01-04,San Mateo,081,765935,179877,178472,10902,189374,749
2023-01-04,Santa Barbara,083,443738,110450,110007,7453,117460,748
2023-01-04,Santa Clara,085,1922200,466283,463958,20641,484599,2601
2023-01-04,Santa Cruz,087,273765,67173,66937,3781,70718,276
2023-01-04,Shasta,089,179085,36282,36083,8206,44289,602
2023-01-04,Sierra,091,2930,311,310,61,371,5
2023-01-04,Siskiyou,093,43540,5384,5373,3421,8794,95
2023-01-04,Solano,095,438530,111769,111243,8434,119677,478
2023-01-04,Sonoma,097,501317,111922,111530,5657,117187,537
2023-01-04,Stanislaus,099,539301,143254,142918,22548,165466,1801
2023-01-04,Sutter,101,95872,25384,25308,2525,27833,235
2023-01-04,Tehama,103,63373,14349,14258,3353,17611,221
2023-01-04,Trinity,105,12862,1455,1448,494,1942,24
2023-01-04,Tulare,107,460477,126610,125773,39418,165191,1546
2023-01-04,Tuolumne,109,53932,16572,16425,972,17397,211
2023-01-04,Ventura,111,848112,218180,217286,17646,234932,1610
2023-01-04,Yolo,113,214977,49421,49138,4758,53896,428
2023-01-04,Yuba,115,75493,19782,19743,1825,21568,132
2023-01-03,Alameda,001,1643700,371683,369872,21694,391566,2098
2023-01-03,Alpine,002,1148,139,138,4,142,0
2023-01-03,Amador,005,37829,10376,10340,956,11296,96
2023-01-03,Butte,007,227075,41214,41102,9990,51092,478
2023-01-03,Calaveras,009,45235,8880,8852,631,9483,137
2023-01-03,Colusa,011,21464,3916,3911,1328,5239,22
2023-01-03,Contra Costa,013,1133247,267458,265846,21990,287836,1501
2023-01-03,Del Norte,015,27424,7760,7680,435,8115,57
2023-01-03,El Dorado,017,186661,34103,34009,4487,38496,236
2023-01-03,Fresno,019,978130,290844,286556,34231,320787,2924
2023-01-03,Glenn,021,27897,5744,5732,1984,7716,58
2023-01-03,Humboldt,023,135768,23101,22878,5719,28597,164
2023-01-03,Imperial,025,180216,69087,68809,18547,87356,964
2023-01-03,Inyo,027,18085,4707,4687,1231,5918,62
2023-01-03,Kern,029,883053,227464,226454,70426,296880,2450
2023-01-03,Kings,031,150075,61990,61886,4373,66259,466
2023-01-03,Lake,033,64148,13452,13363,1264,14627,149
2023-01-03,Lassen,035,31185,10212,10189,1046,11235,66
2023-01-03,Los Angeles,037,10098052,3443757,3434193,209530,3643723,34492
2023-01-03,Madera,039,155013,45807,45608,8741,54349,377
2023-01-03,Marin,041,260295,39635,47893,5586,53479,317
2023-01-03,Mariposa,043,17540,3315,3223,357,3580,32
2023-01-03,Mendocino,045,87422,16675,16582,4755,21337,137
2023-01-03,Merced,047,269075,76225,74969,12693,87662,883
2023-01-03,Modoc,049,8938,945,940,364,1304,11
2023-01-03,Mono,051,14174,3292,3284,295,3579,8
2023-01-03,Monterey,053,433212,96894,96607,22612,119219,778
2023-01-03,Napa,055,140530,33921,33666,1493,35159,164
2023-01-03,Nevada,057,99092,19933,19845,2231,22076,132
2023-01-03,Orange,059,3164182,702636,697391,74577,771968,7683
2023-01-03,Placer,061,380077,79725,79461,10218,89679,672
2023-01-03,Plumas,063,18699,3801,3798,456,4254,13
2023-01-03,Riverside,065,2383286,726239,723578,39881,763459,6748
2023-01-03,Sacramento,067,1510023,365503,364212,37290,401502,3422
2023-01-03,San Benito,069,59416,17376,17293,1096,18389,115
2023-01-03,San Bernardino,071,2135413,702347,699531,33624,733155,8143
2023-01-03,San Diego,073,3302833,969007,967383,78282,1045665,5662
2023-01-03,San Francisco,075,870044,191766,190940,12954,203894,1114
2023-01-03,San Joaquin,077,732212,206839,206280,16513,222793,2369
2023-01-03,San Luis Obispo,079,281455,65521,65166,7885,73051,539
2023-01-03,San Mateo,081,765935,179799,178472,10898,189370,749
2023-01-03,Santa Barbara,083,443738,110385,110007,7440,117447,748
2023-01-03,Santa Clara,085,1922200,466015,463958,20619,484577,2601
2023-01-03,Santa Cruz,087,273765,67150,66937,3776,70713,276
2023-01-03,Shasta,089,179085,36275,36083,8206,44289,602
2023-01-03,Sierra,091,2930,311,310,61,371,5
2023-01-03,Siskiyou,093,43540,5382,5373,3421,8794,95
2023-01-03,Solano,095,438530,111713,111243,8424,119667,478
2023-01-03,Sonoma,097,501317,111878,111530,5657,117187,537
2023-01-03,Stanislaus,099,539301,143199,142918,22543,165461,1801
2023-01-03,Sutter,101,95872,25377,25308,2524,27832,235
2023-01-03,Tehama,103,63373,14341,14258,3352,17610,221
2023-01-03,Trinity,105,12862,1455,1448,492,1940,24
2023-01-03,Tulare,107,460477,126552,125773,39378,165151,1546
2023-01-03,Tuolumne,109,53932,16557,16425,972,17397,211
2023-01-03,Ventura,111,848112,218062,217286,17607,234893,1610
2023-01-03,Yolo,113,214977,49406,49138,4755,53893,428
2023-01-03,Yuba,115,75493,19778,19743,1823,21566,132
2023-01-02,Alameda,001,1643700,371329,367954,21656,389610,2094
2023-01-02,Alpine,002,1148,139,138,4,142,0
2023-01-02,Amador,005,37829,10373,10313,956,11269,96
2023-01-02,Butte,007,227075,41191,41018,9988,51006,474
2023-01-02,Calaveras,009,45235,8875,8818,631,9449,135
2023-01-02,Colusa,011,21464,3915,3906,1328,5234,22
2023-01-02,Contra Costa,013,1133247,267222,264448,21980,286428,1502
2023-01-02,Del Norte,015,27424,7756,7645,433,8078,56
2023-01-02,El Dorado,017,186661,34085,33865,4484,38349,236
2023-01-02,Fresno,019,978130,290666,285444,34202,319646,2918
2023-01-02,Glenn,021,27897,5742,5719,1982,7701,58
2023-01-02,Humboldt,023,135768,23088,22835,5705,28540,163
2023-01-02,Imperial,025,180216,69048,68622,18508,87130,963
2023-01-02,Inyo,027,18085,4705,4670,1228,5898,62
2023-01-02,Kern,029,883053,227338,225659,70284,295943,2450
2023-01-02,Kings,031,150075,61946,61692,4371,66063,466
2023-01-02,Lake,033,64148,13440,13312,1262,14574,149
2023-01-02,Lassen,035,31185,10209,10172,1044,11216,66
2023-01-02,Los Angeles,037,10098052,3441558,3420383,209113,3629496,34360
2023-01-02,Madera,039,155013,45784,45448,8732,54180,377
2023-01-02,Marin,041,260295,39599,47686,5583,53269,317
2023-01-02,Mariposa,043,17540,3311,3211,357,3568,32
2023-01-02,Mendocino,045,87422,16669,16508,4747,21255,137
2023-01-02,Merced,047,269075,76193,74732,12686,87418,883
2023-01-02,Modoc,049,8938,941,931,364,1295,11
2023-01-02,Mono,051,14174,3289,3274,294,3568,8
2023-01-02,Monterey,053,433212,96876,96380,22588,118968,776
2023-01-02,Napa,055,140530,33897,33534,1492,35026,163
2023-01-02,Nevada,057,99092,19927,19774,2230,22004,132
2023-01-02,Orange,059,3164182,702093,694080,74386,768466,7656
2023-01-02,Placer,061,380077,79685,79154,10212,89366,672
2023-01-02,Plumas,063,18699,3799,3787,456,4243,13
2023-01-02,Riverside,065,2383286,725768,720437,39809,760246,6738
2023-01-02,Sacramento,067,1510023,365286,362664,37263,399927,3414
2023-01-02,San Benito,069,59416,17366,17211,1093,18304,108
2023-01-02,San Bernardino,071,2135413,701963,696472,33561,730033,8142
2023-01-02,San Diego,073,3302833,968238,962601,78162,1040763,5641
2023-01-02,San Francisco,075,870044,191583,190012,12949,202961,1104
2023-01-02,San Joaquin,077,732212,206723,205467,16502,221969,2363
2023-01-02,San Luis Obispo,079,281455,65461,64966,7857,72823,536
2023-01-02,San Mateo,081,765935,179643,177703,10890,188593,749
2023-01-02,Santa Barbara,083,443738,110310,109576,7422,116998,747
2023-01-02,Santa Clara,085,1922200,465542,461535,20586,482121,2587
2023-01-02,Santa Cruz,087,273765,67119,66735,3767,70502,276
2023-01-02,Shasta,089,179085,36267,35950,8198,44148,602
2023-01-02,Sierra,091,2930,311,309,61,370,5
2023-01-02,Siskiyou,093,43540,5378,5355,3420,8775,95
2023-01-02,Solano,095,438530,111632,110589,8415,119004,475
2023-01-02,Sonoma,097,501317,111818,111095,5653,116748,536
2023-01-02,Stanislaus,099,539301,143134,142392,22530,164922,1795
2023-01-02,Sutter,101,95872,25364,25207,2523,27730,235
2023-01-02,Tehama,103,63373,14337,14187,3352,17539,219
2023-01-02,Trinity,105,12862,1454,1442,487,1929,23
2023-01-02,Tulare,107,460477,126466,125303,39330,164633,1546
2023-01-02,Tuolumne,109,53932,16552,16340,972,17312,211
2023-01-02,Ventura,111,848112,217920,216327,17558,233885,1605
2023-01-02,Yolo,113,214977,49381,48970,4753,53723,426
2023-01-02,Yuba,115,75493,19764,19654,1822,21476,132
2023-01-01,Alameda,001,1643700,371119,367954,21634,389588,2094
2023-01-01,Alpine,002,1148,139,138,4,142,0
2023-01-01,Amador,005,37829,10371,10313,955,11268,96
2023-01-01,Butte,007,227075,41179,41018,9978,50996,474
2023-01-01,Calaveras,009,45235,8873,8818,630,9448,135
2023-01-01,Colusa,011,21464,3914,3906,1328,5234,22
2023-01-01,Contra Costa,013,1133247,267037,264448,21972,286420,1502
2023-01-01,Del Norte,015,27424,7754,7645,433,8078,56
2023-01-01,El Dorado,017,186661,34060,33865,4483,38348,236
2023-01-01,Fresno,019,978130,290531,285444,34181,319625,2918
2023-01-01,Glenn,021,27897,5739,5719,1973,7692,58
2023-01-01,Humboldt,023,135768,23078,22835,5699,28534,163
2023-01-01,Imperial,025,180216,69030,68622,18498,87120,963
2023-01-01,Inyo,027,18085,4703,4670,1224,5894,62
2023-01-01,Kern,029,883053,227267,225659,70187,295846,2450
2023-01-01,Kings,031,150075,61920,61692,4369,66061,466
2023-01-01,Lake,033,64148,13431,13312,1262,14574,149
2023-01-01,Lassen,035,31185,10208,10172,1043,11215,66
2023-01-01,Los Angeles,037,10098052,3439703,3420383,208810,3629193,34360
2023-01-01,Madera,039,155013,45772,45448,8729,54177,377
2023-01-01,Marin,041,260295,39571,47686,5581,53267,317
2023-01-01,Mariposa,043,17540,3309,3211,356,3567,32
2023-01-01,Mendocino,045,87422,16661,16508,4746,21254,137
2023-01-01,Merced,047,269075,76161,74732,12679,87411,883
2023-01-01,Modoc,049,8938,941,931,364,1295,11
2023-01-01,Mono,051,14174,3288,3274,293,3567,8
2023-01-01,Monterey,053,433212,96848,96380,22570,118950,776
2023-01-01,Napa,055,140530,33886,33534,1491,35025,163
2023-01-01,Nevada,057,99092,19922,19774,2229,22003,132
2023-01-01,Orange,059,3164182,701671,694080,74187,768267,7656
2023-01-01,Placer,061,380077,79655,79154,10205,89359,672
2023-01-01,Plumas,063,18699,3797,3787,456,4243,13
2023-01-01,Riverside,065,2383286,725356,720437,39747,760184,6738
2023-01-01,Sacramento,067,1510023,365118,362664,37237,399901,3414
2023-01-01,San Benito,069,59416,17362,17211,1092,18303,108
2023-01-01,San Bernardino,071,2135413,701638,696472,33525,729997,8142
2023-01-01,San Diego,073,3302833,967730,962601,78077,1040678,5641
2023-01-01,San Francisco,075,870044,191466,190012,12936,202948,1104
2023-01-01,San Joaquin,077,732212,206646,205467,16495,221962,2363
2023-01-01,San Luis Obispo,079,281455,65440,64966,7844,72810,536
2023-01-01,San Mateo,081,765935,179551,177703,10884,188587,749
2023-01-01,Santa Barbara,083,443738,110238,109576,7420,116996,747
2023-01-01,Santa Clara,085,1922200,465234,461535,20562,482097,2587
2023-01-01,Santa Cruz,087,273765,67105,66735,3764,70499,276
2023-01-01,Shasta,089,179085,36258,35950,8193,44143,602
2023-01-01,Sierra,091,2930,311,309,61,370,5
2023-01-01,Siskiyou,093,43540,5376,5355,3420,8775,95
2023-01-01,Solano,095,438530,111562,110589,8405,118994,475
2023-01-01,Sonoma,097,501317,111773,111095,5650,116745,536
2023-01-01,Stanislaus,099,539301,143077,142392,22523,164915,1795
2023-01-01,Sutter,101,95872,25355,25207,2523,27730,235
2023-01-01,Tehama,103,63373,14331,14187,3351,17538,219
2023-01-01,Trinity,105,12862,1454,1442,487,1929,23
2023-01-01,Tulare,107,460477,126412,125303,39289,164592,1546
2023-01-01,Tuolumne,109,53932,16549,16340,972,17312,211
2023-01-01,Ventura,111,848112,217817,216327,17532,233859,1605
2023-01-01,Yolo,113,214977,49367,48970,4751,53721,426
2023-01-01,Yuba,115,75493,19755,19654,1821,21475,132
2022-12-31,Alameda,001,1643700,370981,367954,21621,389575,2094
2022-12-31,Alpine,002,1148,139,138,4,142,0
2022-12-31,Amador,005,37829,10369,10313,955,11268,96
2022-12-31,Butte,007,227075,41170,41018,9974,50992,474
2022-12-31,Calaveras,009,45235,8871,8818,630,9448,135
2022-12-31,Colusa,011,21464,3913,3906,1327,5233,22
2022-12-31,Contra Costa,013,1133247,266929,264448,21969,286417,1502
2022-12-31,Del Norte,015,27424,7752,7645,433,8078,56
2022-12-31,El Dorado,017,186661,34047,33865,4481,38346,236
2022-12-31,Fresno,019,978130,290470,285444,34178,319622,2918
2022-12-31,Glenn,021,27897,5738,5719,1970,7689,58
2022-12-31,Humboldt,023,135768,23074,22835,5695,28530,163
2022-12-31,Imperial,025,180216,69022,68622,18497,87119,963
2022-12-31,Inyo,027,18085,4701,4670,1224,5894,62
2022-12-31,Kern,029,883053,227212,225659,70154,295813,2450
2022-12-31,Kings,031,150075,61914,61692,4369,66061,466
2022-12-31,Lake,033,64148,13427,13312,1262,14574,149
2022-12-31,Lassen,035,31185,10207,10172,1043,11215,66
2022-12-31,Los Angeles,037,10098052,3438855,3420383,208596,3628979,34360
2022-12-31,Madera,039,155013,45762,45448,8728,54176,377
2022-12-31,Marin,041,260295,39555,47686,5581,53267,317
2022-12-31,Mariposa,043,17540,3308,3211,356,3567,32
2022-12-31,Mendocino,045,87422,16659,16508,4745,21253,137
2022-12-31,Merced,047,269075,76152,74732,12677,87409,883
2022-12-31,Modoc,049,8938,941,931,364,1295,11
2022-12-31,Mono,051,14174,3288,3274,293,3567,8
2022-12-31,Monterey,053,433212,96823,96380,22559,118939,776
2022-12-31,Napa,055,140530,33882,33534,1491,35025,163
2022-12-31,Nevada,057,99092,19917,19774,2227,22001,132
2022-12-31,Orange,059,3164182,701473,694080,74099,768179,7656
2022-12-31,Placer,061,380077,79625,79154,10199,89353,672
2022-12-31,Plumas,063,18699,3796,3787,456,4243,13
2022-12-31,Riverside,065,2383286,725178,720437,39706,760143,6738
2022-12-31,Sacramento,067,1510023,365038,362664,37224,399888,3414
2022-12-31,San Benito,069,59416,17359,17211,1092,18303,108
2022-12-31,San Bernardino,071,2135413,701485,696472,33500,729972,8142
2022-12-31,San Diego,073,3302833,967541,962601,78046,1040647,5641
2022-12-31,San Francisco,075,870044,191399,190012,12931,202943,1104
2022-12-31,San Joaquin,077,732212,206595,205467,16490,221957,2363
2022-12-31,San Luis Obispo,079,281455,65429,64966,7842,72808,536
2022-12-31,San Mateo,081,765935,179501,177703,10879,188582,749
2022-12-31,Santa Barbara,083,443738,110205,109576,7414,116990,747
2022-12-31,Santa Clara,085,1922200,465083,461535,20542,482077,2587
2022-12-31,Santa Cruz,087,273765,67097,66735,3761,70496,276
2022-12-31,Shasta,089,179085,36256,35950,8192,44142,602
2022-12-31,Sierra,091,2930,311,309,61,370,5
2022-12-31,Siskiyou,093,43540,5375,5355,3420,8775,95
2022-12-31,Solano,095,438530,111535,110589,8400,118989,475
2022-12-31,Sonoma,097,501317,111736,111095,5647,116742,536
2022-12-31,Stanislaus,099,539301,143041,142392,22520,164912,1795
2022-12-31,Sutter,101,95872,25349,25207,2523,27730,235
2022-12-31,Tehama,103,63373,14326,14187,3351,17538,219
2022-12-31,Trinity,105,12862,1454,1442,487,1929,23
2022-12-31,Tulare,107,460477,126379,125303,39265,164568,1546
2022-12-31,Tuolumne,109,53932,16540,16340,972,17312,211
2022-12-31,Ventura,111,848112,217740,216327,17518,233845,1605
2022-12-31,Yolo,113,214977,49360,48970,4749,53719,426
2022-12-31,Yuba,115,75493,19754,19654,1821,21475,132
2022-12-30,Alameda,001,1643700,370814,367954,21611,389565,2094
2022-12-30,Alpine,002,1148,139,138,4,142,0
2022-12-30,Amador,005,37829,10369,10313,955,11268,96
2022-12-30,Butte,007,227075,41166,41018,9970,50988,474
2022-12-30,Calaveras,009,45235,8867,8818,630,9448,135
2022-12-30,Colusa,011,21464,3913,3906,1326,5232,22
2022-12-30,Contra Costa,013,1133247,266817,264448,21957,286405,1502
2022-12-30,Del Norte,015,27424,7746,7645,433,8078,56
2022-12-30,El Dorado,017,186661,34039,33865,4479,38344,236
2022-12-30,Fresno,019,978130,290371,285444,34167,319611,2918
2022-12-30,Glenn,021,27897,5738,5719,1969,7688,58
2022-12-30,Humboldt,023,135768,23069,22835,5692,28527,163
2022-12-30,Imperial,025,180216,69009,68622,18495,87117,963
2022-12-30,Inyo,027,18085,4698,4670,1222,5892,62
2022-12-30,Kern,029,883053,227142,225659,70076,295735,2450
2022-12-30,Kings,031,150075,61905,61692,4369,66061,466
2022-12-30,Lake,033,64148,13422,13312,1262,14574,149
2022-12-30,Lassen,035,31185,10206,10172,1042,11214,66
2022-12-30,Los Angeles,037,10098052,3437724,3420383,208363,3628746,34360
2022-12-30,Madera,039,155013,45755,45448,8727,54175,377
2022-12-30,Marin,041,260295,39532,47686,5576,53262,317
2022-12-30,Mariposa,043,17540,3306,3211,356,3567,32
2022-12-30,Mendocino,045,87422,16653,16508,4744,21252,137
2022-12-30,Merced,047,269075,76136,74732,12675,87407,883
2022-12-30,Modoc,049,8938,941,931,364,1295,11
2022-12-30,Mono,051,14174,3288,3274,293,3567,8
2022-12-30,Monterey,053,433212,96801,96380,22546,118926,776
2022-12-30,Napa,055,140530,33872,33534,1491,35025,163
2022-12-30,Nevada,057,99092,19911,19774,2226,22000,132
2022-12-30,Orange,059,3164182,701159,694080,73981,768061,7656
2022-12-30,Placer,061,380077,79598,79154,10187,89341,672
2022-12-30,Plumas,063,18699,3796,3787,456,4243,13
2022-12-30,Riverside,065,2383286,724892,720437,39661,760098,6738
2022-12-30,Sacramento,067,1510023,364923,362664,37211,399875,3414
2022-12-30,San Benito,069,59416,17355,17211,1092,18303,108
2022-12-30,San Bernardino,071,2135413,701225,696472,33478,729950,8142
2022-12-30,San Diego,073,3302833,967143,962601,77986,1040587,5641
2022-12-30,San Francisco,075,870044,191334,190012,12923,202935,1104
2022-12-30,San Joaquin,077,732212,206525,205467,16482,221949,2363
2022-12-30,San Luis Obispo,079,281455,65418,64966,7837,72803,536
2022-12-30,San Mateo,081,765935,179458,177703,10873,188576,749
2022-12-30,Santa Barbara,083,443738,110173,109576,7410,116986,747
2022-12-30,Santa Clara,085,1922200,464899,461535,20523,482058,2587
2022-12-30,Santa Cruz,087,273765,67078,66735,3759,70494,276
2022-12-30,Shasta,089,179085,36250,35950,8192,44142,602
2022-12-30,Sierra,091,2930,311,309,61,370,5
2022-12-30,Siskiyou,093,43540,5374,5355,3419,8774,95
2022-12-30,Solano,095,438530,111490,110589,8395,118984,475
2022-12-30,Sonoma,097,501317,111687,111095,5644,116739,536
2022-12-30,Stanislaus,099,539301,143002,142392,22516,164908,1795
2022-12-30,Sutter,101,95872,25339,25207,2523,27730,235
2022-12-30,Tehama,103,63373,14321,14187,3351,17538,219
2022-12-30,Trinity,105,12862,1454,1442,487,1929,23
2022-12-30,Tulare,107,460477,126354,125303,39236,164539,1546
2022-12-30,Tuolumne,109,53932,16529,16340,972,17312,211
2022-12-30,Ventura,111,848112,217680,216327,17497,233824,1605
2022-12-30,Yolo,113,214977,49342,48970,4747,53717,426
2022-12-30,Yuba,115,75493,19738,19654,1821,21475,132
2022-12-29,Alameda,001,1643700,370537,367954,21577,389531,2094
2022-12-29,Alpine,002,1148,139,138,3,141,0
2022-12-29,Amador,005,37829,10363,10313,955,11268,96
2022-12-29,Butte,007,227075,41153,41018,9957,50975,474
2022-12-29,Calaveras,009,45235,8863,8818,629,9447,135
2022-12-29,Colusa,011,21464,3913,3906,1326,5232,22
2022-12-29,Contra Costa,013,1133247,266648,264448,21949,286397,1502
2022-12-29,Del Norte,015,27424,7741,7645,433,8078,56
2022-12-29,El Dorado,017,186661,34023,33865,4475,38340,236
2022-12-29,Fresno,019,978130,290229,285444,34136,319580,2918
2022-12-29,Glenn,021,27897,5735,5719,1968,7687,58
2022-12-29,Humboldt,023,135768,23064,22835,5682,28517,163
2022-12-29,Imperial,025,180216,68987,68622,18479,87101,963
2022-12-29,Inyo,027,18085,4695,4670,1220,5890,62
2022-12-29,Kern,029,883053,226987,225659,69959,295618,2450
2022-12-29,Kings,031,150075,61879,61692,4369,66061,466
2022-12-29,Lake,033,64148,13416,13312,1262,14574,149
2022-12-29,Lassen,035,31185,10203,10172,1041,11213,66
2022-12-29,Los Angeles,037,10098052,3435744,3420383,207980,3628363,34360
2022-12-29,Madera,039,155013,45733,45448,8711,54159,377
2022-12-29,Marin,041,260295,39499,47686,5569,53255,317
2022-12-29,Mariposa,043,17540,3305,3211,356,3567,32
2022-12-29,Mendocino,045,87422,16645,16508,4744,21252,137
2022-12-29,Merced,047,269075,76113,74732,12670,87402,883
2022-12-29,Modoc,049,8938,941,931,364,1295,11
2022-12-29,Mono,051,14174,3287,3274,292,3566,8
2022-12-29,Monterey,053,433212,96764,96380,22527,118907,776
2022-12-29,Napa,055,140530,33851,33534,1490,35024,163
2022-12-29,Nevada,057,99092,19904,19774,2224,21998,132
2022-12-29,Orange,059,3164182,700676,694080,73808,767888,7656
2022-12-29,Placer,061,380077,79553,79154,10183,89337,672
2022-12-29,Plumas,063,18699,3796,3787,456,4243,13
2022-12-29,Riverside,065,2383286,724455,720437,39586,760023,6738
2022-12-29,Sacramento,067,1510023,364658,362664,37186,399850,3414
2022-12-29,San Benito,069,59416,17348,17211,1090,18301,108
2022-12-29,San Bernardino,071,2135413,700817,696472,33441,729913,8142
2022-12-29,San Diego,073,3302833,966431,962601,77871,1040472,5641
2022-12-29,San Francisco,075,870044,191183,190012,12909,202921,1104
2022-12-29,San Joaquin,077,732212,206404,205467,16461,221928,2363
2022-12-29,San Luis Obispo,079,281455,65384,64966,7817,72783,536
2022-12-29,San Mateo,081,765935,179369,177703,10866,188569,749
2022-12-29,Santa Barbara,083,443738,110099,109576,7403,116979,747
2022-12-29,Santa Clara,085,1922200,464475,461535,20503,482038,2587
2022-12-29,Santa Cruz,087,273765,67058,66735,3751,70486,276
2022-12-29,Shasta,089,179085,36231,35950,8185,44135,602
2022-12-29,Sierra,091,2930,311,309,61,370,5
2022-12-29,Siskiyou,093,43540,5373,5355,3415,8770,95
2022-12-29,Solano,095,438530,111390,110589,8383,118972,475
2022-12-29,Sonoma,097,501317,111627,111095,5635,116730,536
2022-12-29,Stanislaus,099,539301,142931,142392,22497,164889,1795
2022-12-29,Sutter,101,95872,25326,25207,2520,27727,235
2022-12-29,Tehama,103,63373,14316,14187,3349,17536,219
2022-12-29,Trinity,105,12862,1454,1442,487,1929,23
2022-12-29,Tulare,107,460477,126277,125303,39203,164506,1546
2022-12-29,Tuolumne,109,53932,16516,16340,972,17312,211
2022-12-29,Ventura,111,848112,217555,216327,17458,233785,1605
2022-12-29,Yolo,113,214977,49318,48970,4742,53712,426
2022-12-29,Yuba,115,75493,19724,19654,1819,21473,132
2022-12-28,Alameda,001,1643700,370191,367954,21554,389508,2094
2022-12-28,Alpine,002,1148,139,138,3,141,0
2022-12-28,Amador,005,37829,10354,10313,955,11268,96
2022-12-28,Butte,007,227075,41142,41018,9951,50969,474
2022-12-28,Calaveras,009,45235,8856,8818,629,9447,135
2022-12-28,Colusa,011,21464,3911,3906,1325,5231,22
2022-12-28,Contra Costa,013,1133247,266414,264448,21922,286370,1502
2022-12-28,Del Norte,015,27424,7738,7645,433,8078,56
2022-12-28,El Dorado,017,186661,34001,33865,4474,38339,236
2022-12-28,Fresno,019,978130,290067,285444,34111,319555,2918
2022-12-28,Glenn,021,27897,5733,5719,1966,7685,58
2022-12-28,Humboldt,023,135768,23061,22835,5670,28505,163
2022-12-28,Imperial,025,180216,68949,68622,18443,87065,963
2022-12-28,Inyo,027,18085,4694,4670,1219,5889,62
2022-12-28,Kern,029,883053,226816,225659,69821,295480,2450
2022-12-28,Kings,031,150075,61834,61692,4366,66058,466
2022-12-28,Lake,033,64148,13409,13312,1261,14573,149
2022-12-28,Lassen,035,31185,10203,10172,1041,11213,66
2022-12-28,Los Angeles,037,10098052,3433542,3420383,207513,3627896,34360
2022-12-28,Madera,039,155013,45694,45448,8709,54157,377
2022-12-28,Marin,041,260295,39471,47686,5565,53251,317
2022-12-28,Mariposa,043,17540,3303,3211,356,3567,32
2022-12-28,Mendocino,045,87422,16637,16508,4737,21245,137
2022-12-28,Merced,047,269075,76078,74732,12663,87395,883
2022-12-28,Modoc,049,8938,939,931,363,1294,11
2022-12-28,Mono,051,14174,3285,3274,292,3566,8
2022-12-28,Monterey,053,433212,96742,96380,22503,118883,776
2022-12-28,Napa,055,140530,33820,33534,1489,35023,163
2022-12-28,Nevada,057,99092,19895,19774,2223,21997,132
2022-12-28,Orange,059,3164182,700128,694080,73608,767688,7656
2022-12-28,Placer,061,380077,79498,79154,10169,89323,672
2022-12-28,Plumas,063,18699,3791,3787,456,4243,13
2022-12-28,Riverside,065,2383286,723924,720437,39514,759951,6738
2022-12-28,Sacramento,067,1510023,364416,362664,37160,399824,3414
2022-12-28,San Benito,069,59416,17332,17211,1086,18297,108
2022-12-28,San Bernardino,071,2135413,700305,696472,33386,729858,8142
2022-12-28,San Diego,073,3302833,965609,962601,77752,1040353,5641
2022-12-28,San Francisco,075,870044,191046,190012,12903,202915,1104
2022-12-28,San Joaquin,077,732212,206256,205467,16438,221905,2363
2022-12-28,San Luis Obispo,079,281455,65341,64966,7808,72774,536
2022-12-28,San Mateo,081,765935,179240,177703,10855,188558,749
2022-12-28,Santa Barbara,083,443738,110032,109576,7386,116962,747
2022-12-28,Santa Clara,085,1922200,464095,461535,20490,482025,2587
2022-12-28,Santa Cruz,087,273765,67027,66735,3747,70482,276
2022-12-28,Shasta,089,179085,36211,35950,8176,44126,602
2022-12-28,Sierra,091,2930,311,309,61,370,5
2022-12-28,Siskiyou,093,43540,5371,5355,3414,8769,95
2022-12-28,Solano,095,438530,111260,110589,8378,118967,475
2022-12-28,Sonoma,097,501317,111562,111095,5627,116722,536
2022-12-28,Stanislaus,099,539301,142856,142392,22491,164883,1795
2022-12-28,Sutter,101,95872,25304,25207,2520,27727,235
2022-12-28,Tehama,103,63373,14305,14187,3348,17535,219
2022-12-28,Trinity,105,12862,1454,1442,487,1929,23
2022-12-28,Tulare,107,460477,126191,125303,39152,164455,1546
2022-12-28,Tuolumne,109,53932,16508,16340,972,17312,211
2022-12-28,Ventura,111,848112,217404,216327,17417,233744,1605
2022-12-28,Yolo,113,214977,49296,48970,4739,53709,426
2022-12-28,Yuba,115,75493,19711,19654,1815,21469,132
2022-12-27,Alameda,001,1643700,369839,367954,21530,389484,2094
2022-12-27,Alpine,002,1148,139,138,3,141,0
2022-12-27,Amador,005,37829,10344,10313,955,11268,96
2022-12-27,Butte,007,227075,41120,41018,9942,50960,474
2022-12-27,Calaveras,009,45235,8849,8818,629,9447,135
2022-12-27,Colusa,011,21464,3910,3906,1325,5231,22
2022-12-27,Contra Costa,013,1133247,266138,264448,21904,286352,1502
2022-12-27,Del Norte,015,27424,7729,7645,430,8075,56
2022-12-27,El Dorado,017,186661,33968,33865,4471,38336,236
2022-12-27,Fresno,019,978130,289836,285444,34072,319516,2918
2022-12-27,Glenn,021,27897,5731,5719,1965,7684,58
2022-12-27,Humboldt,023,135768,23053,22835,5650,28485,163
2022-12-27,Imperial,025,180216,68899,68622,18426,87048,963
2022-12-27,Inyo,027,18085,4692,4670,1208,5878,62
2022-12-27,Kern,029,883053,226628,225659,69681,295340,2450
2022-12-27,Kings,031,150075,61795,61692,4366,66058,466
2022-12-27,Lake,033,64148,13397,13312,1261,14573,149
2022-12-27,Lassen,035,31185,10199,10172,1038,11210,66
2022-12-27,Los Angeles,037,10098052,3430978,3420383,206982,3627365,34360
2022-12-27,Madera,039,155013,45674,45448,8700,54148,377
2022-12-27,Marin,041,260295,39425,47686,5561,53247,317
2022-12-27,Mariposa,043,17540,3300,3211,356,3567,32
2022-12-27,Mendocino,045,87422,16624,16508,4732,21240,137
2022-12-27,Merced,047,269075,76032,74732,12650,87382,883
2022-12-27,Modoc,049,8938,935,931,363,1294,11
2022-12-27,Mono,051,14174,3283,3274,291,3565,8
2022-12-27,Monterey,053,433212,96699,96380,22477,118857,776
2022-12-27,Napa,055,140530,33797,33534,1488,35022,163
2022-12-27,Nevada,057,99092,19887,19774,2219,21993,132
2022-12-27,Orange,059,3164182,699497,694080,73413,767493,7656
2022-12-27,Placer,061,380077,79437,79154,10159,89313,672
2022-12-27,Plumas,063,18699,3789,3787,456,4243,13
2022-12-27,Riverside,065,2383286,723344,720437,39444,759881,6738
2022-12-27,Sacramento,067,1510023,364111,362664,37124,399788,3414
2022-12-27,San Benito,069,59416,17325,17211,1086,18297,108
2022-12-27,San Bernardino,071,2135413,699740,696472,33312,729784,8142
2022-12-27,San Diego,073,3302833,964679,962601,77615,1040216,5641
2022-12-27,San Francisco,075,870044,190908,190012,12893,202905,1104
2022-12-27,San Joaquin,077,732212,206127,205467,16409,221876,2363
2022-12-27,San Luis Obispo,079,281455,65301,64966,7786,72752,536
2022-12-27,San Mateo,081,765935,179086,177703,10843,188546,749
2022-12-27,Santa Barbara,083,443738,109961,109576,7369,116945,747
2022-12-27,Santa Clara,085,1922200,463633,461535,20465,482000,2587
2022-12-27,Santa Cruz,087,273765,66990,66735,3740,70475,276
2022-12-27,Shasta,089,179085,36190,35950,8165,44115,602
2022-12-27,Sierra,091,2930,310,309,61,370,5
2022-12-27,Siskiyou,093,43540,5368,5355,3413,8768,95
2022-12-27,Solano,095,438530,111126,110589,8370,118959,475
2022-12-27,Sonoma,097,501317,111489,111095,5608,116703,536
2022-12-27,Stanislaus,099,539301,142751,142392,22474,164866,1795
2022-12-27,Sutter,101,95872,25286,25207,2517,27724,235
2022-12-27,Tehama,103,63373,14289,14187,3347,17534,219
2022-12-27,Trinity,105,12862,1451,1442,487,1929,23
2022-12-27,Tulare,107,460477,126101,125303,39108,164411,1546
2022-12-27,Tuolumne,109,53932,16496,16340,972,17312,211
2022-12-27,Ventura,111,848112,217244,216327,17378,233705,1605
2022-12-27,Yolo,113,214977,49271,48970,4736,53706,426
2022-12-27,Yuba,115,75493,19700,19654,1814,21468,132
2022-12-26,Alameda,001,1643700,369473,366018,21498,387516,2088
2022-12-26,Alpine,002,1148,139,138,3,141,0
2022-12-26,Amador,005,37829,10339,10269,955,11224,96
2022-12-26,Butte,007,227075,41092,40923,9916,50839,473
2022-12-26,Calaveras,009,45235,8842,8794,628,9422,135
2022-12-26,Colusa,011,21464,3910,3891,1325,5216,22
2022-12-26,Contra Costa,013,1133247,265837,262951,21880,284831,1492
2022-12-26,Del Norte,015,27424,7724,7612,430,8042,56
2022-12-26,El Dorado,017,186661,33938,33729,4467,38196,236
2022-12-26,Fresno,019,978130,289600,284361,34018,318379,2907
2022-12-26,Glenn,021,27897,5730,5702,1964,7666,58
2022-12-26,Humboldt,023,135768,23040,22760,5629,28389,161
2022-12-26,Imperial,025,180216,68843,68403,18365,86768,963
2022-12-26,Inyo,027,18085,4689,4655,1205,5860,60
2022-12-26,Kern,029,883053,226446,224945,69538,294483,2446
2022-12-26,Kings,031,150075,61759,61461,4363,65824,467
2022-12-26,Lake,033,64148,13393,13254,1257,14511,149
2022-12-26,Lassen,035,31185,10196,10151,1036,11187,66
2022-12-26,Los Angeles,037,10098052,3428159,3399852,206367,3606219,34170
2022-12-26,Madera,039,155013,45631,45290,8693,53983,377
2022-12-26,Marin,041,260295,39374,47457,5554,53011,315
2022-12-26,Mariposa,043,17540,3296,3201,356,3557,32
2022-12-26,Mendocino,045,87422,16610,16435,4716,21151,137
2022-12-26,Merced,047,269075,76000,74498,12638,87136,880
2022-12-26,Modoc,049,8938,932,927,363,1290,11
2022-12-26,Mono,051,14174,3279,3264,291,3555,8
2022-12-26,Monterey,053,433212,96660,96192,22460,118652,776
2022-12-26,Napa,055,140530,33773,33370,1488,34858,163
2022-12-26,Nevada,057,99092,19873,19696,2210,21906,132
2022-12-26,Orange,059,3164182,698801,690845,73174,764019,7628
2022-12-26,Placer,061,380077,79381,78813,10153,88966,669
2022-12-26,Plumas,063,18699,3787,3778,456,4234,13
2022-12-26,Riverside,065,2383286,722646,717576,39341,756917,6738
2022-12-26,Sacramento,067,1510023,363767,361095,37089,398184,3407
2022-12-26,San Benito,069,59416,17308,17109,1082,18191,108
2022-12-26,San Bernardino,071,2135413,699091,693567,33230,726797,8136
2022-12-26,San Diego,073,3302833,963605,957866,77437,1035303,5626
2022-12-26,San Francisco,075,870044,190697,188947,12886,201833,1095
2022-12-26,San Joaquin,077,732212,205968,204712,16379,221091,2353
2022-12-26,San Luis Obispo,079,281455,65251,64748,7758,72506,536
2022-12-26,San Mateo,081,765935,178900,176920,10831,187751,748
2022-12-26,Santa Barbara,083,443738,109877,109074,7360,116434,744
2022-12-26,Santa Clara,085,1922200,463096,459089,20446,479535,2579
2022-12-26,Santa Cruz,087,273765,66948,66560,3736,70296,277
2022-12-26,Shasta,089,179085,36167,35856,8155,44011,601
2022-12-26,Sierra,091,2930,310,308,61,369,5
2022-12-26,Siskiyou,093,43540,5363,5334,3411,8745,95
2022-12-26,Solano,095,438530,110993,109900,8361,118261,474
2022-12-26,Sonoma,097,501317,111392,110643,5597,116240,536
2022-12-26,Stanislaus,099,539301,142658,141956,22456,164412,1795
2022-12-26,Sutter,101,95872,25267,25088,2511,27599,235
2022-12-26,Tehama,103,63373,14283,14127,3340,17467,218
2022-12-26,Trinity,105,12862,1450,1438,487,1925,23
2022-12-26,Tulare,107,460477,125993,124848,39049,163897,1546
2022-12-26,Tuolumne,109,53932,16486,16261,970,17231,209
2022-12-26,Ventura,111,848112,217018,215497,17334,232831,1604
2022-12-26,Yolo,113,214977,49246,48842,4731,53573,422
2022-12-26,Yuba,115,75493,19684,19553,1810,21363,132
2022-12-25,Alameda,001,1643700,369181,366018,21475,387493,2088
2022-12-25,Alpine,002,1148,139,138,3,141,0
2022-12-25,Amador,005,37829,10333,10269,955,11224,96
2022-12-25,Butte,007,227075,41078,40923,9902,50825,473
2022-12-25,Calaveras,009,45235,8838,8794,627,9421,135
2022-12-25,Colusa,011,21464,3909,3891,1324,5215,22
2022-12-25,Contra Costa,013,1133247,265586,262951,21874,284825,1492
2022-12-25,Del Norte,015,27424,7719,7612,430,8042,56
2022-12-25,El Dorado,017,186661,33922,33729,4466,38195,236
2022-12-25,Fresno,019,978130,289458,284361,33999,318360,2907
2022-12-25,Glenn,021,27897,5730,5702,1962,7664,58
2022-12-25,Humboldt,023,135768,23030,22760,5620,28380,161
2022-12-25,Imperial,025,180216,68808,68403,18344,86747,963
2022-12-25,Inyo,027,18085,4687,4655,1203,5858,60
2022-12-25,Kern,029,883053,226350,224945,69381,294326,2446
2022-12-25,Kings,031,150075,61718,61461,4362,65823,467
2022-12-25,Lake,033,64148,13390,13254,1257,14511,149
2022-12-25,Lassen,035,31185,10194,10151,1034,11185,66
2022-12-25,Los Angeles,037,10098052,3425837,3399852,205896,3605748,34170
2022-12-25,Madera,039,155013,45614,45290,8692,53982,377
2022-12-25,Marin,041,260295,39342,47457,5551,53008,315
2022-12-25,Mariposa,043,17540,3296,3201,356,3557,32
2022-12-25,Mendocino,045,87422,16596,16435,4714,21149,137
2022-12-25,Merced,047,269075,75959,74498,12631,87129,880
2022-12-25,Modoc,049,8938,931,927,363,1290,11
2022-12-25,Mono,051,14174,3274,3264,291,3555,8
2022-12-25,Monterey,053,433212,96628,96192,22446,118638,776
2022-12-25,Napa,055,140530,33755,33370,1485,34855,163
2022-12-25,Nevada,057,99092,19864,19696,2206,21902,132
2022-12-25,Orange,059,3164182,698230,690845,72921,763766,7628
2022-12-25,Placer,061,380077,79346,78813,10147,88960,669
2022-12-25,Plumas,063,18699,3787,3778,456,4234,13
2022-12-25,Riverside,065,2383286,722129,717576,39260,756836,6738
2022-12-25,Sacramento,067,1510023,363579,361095,37065,398160,3407
2022-12-25,San Benito,069,59416,17298,17109,1082,18191,108
2022-12-25,San Bernardino,071,2135413,698597,693567,33178,726745,8136
2022-12-25,San Diego,073,3302833,962956,957866,77338,1035204,5626
2022-12-25,San Francisco,075,870044,190528,188947,12882,201829,1095
2022-12-25,San Joaquin,077,732212,205857,204712,16366,221078,2353
2022-12-25,San Luis Obispo,079,281455,65225,64748,7747,72495,536
2022-12-25,San Mateo,081,765935,178778,176920,10824,187744,748
2022-12-25,Santa Barbara,083,443738,109816,109074,7358,116432,744
2022-12-25,Santa Clara,085,1922200,462724,459089,20419,479508,2579
2022-12-25,Santa Cruz,087,273765,66887,66560,3732,70292,277
2022-12-25,Shasta,089,179085,36154,35856,8150,44006,601
2022-12-25,Sierra,091,2930,310,308,61,369,5
2022-12-25,Siskiyou,093,43540,5362,5334,3411,8745,95
2022-12-25,Solano,095,438530,110900,109900,8354,118254,474
2022-12-25,Sonoma,097,501317,111330,110643,5596,116239,536
2022-12-25,Stanislaus,099,539301,142590,141956,22448,164404,1795
2022-12-25,Sutter,101,95872,25252,25088,2509,27597,235
2022-12-25,Tehama,103,63373,14276,14127,3339,17466,218
2022-12-25,Trinity,105,12862,1450,1438,487,1925,23
2022-12-25,Tulare,107,460477,125907,124848,39001,163849,1546
2022-12-25,Tuolumne,109,53932,16464,16261,970,17231,209
2022-12-25,Ventura,111,848112,216877,215497,17300,232797,1604
2022-12-25,Yolo,113,214977,49226,48842,4729,53571,422
2022-12-25,Yuba,115,75493,19667,19553,1810,21363,132
2022-12-24,Alameda,001,1643700,369040,366018,21463,387481,2088
2022-12-24,Alpine,002,1148,139,138,3,141,0
2022-12-24,Amador,005,37829,10331,10269,955,11224,96
2022-12-24,Butte,007,227075,41070,40923,9894,50817,473
2022-12-24,Calaveras,009,45235,8837,8794,626,9420,135
2022-12-24,Colusa,011,21464,3909,3891,1324,5215,22
2022-12-24,Contra Costa,013,1133247,265499,262951,21871,284822,1492
2022-12-24,Del Norte,015,27424,7716,7612,430,8042,56
2022-12-24,El Dorado,017,186661,33907,33729,4465,38194,236
2022-12-24,Fresno,019,978130,289379,284361,33997,318358,2907
2022-12-24,Glenn,021,27897,5730,5702,1962,7664,58
2022-12-24,Humboldt,023,135768,23021,22760,5614,28374,161
2022-12-24,Imperial,025,180216,68794,68403,18337,86740,963
2022-12-24,Inyo,027,18085,4686,4655,1203,5858,60
2022-12-24,Kern,029,883053,226306,224945,69366,294311,2446
2022-12-24,Kings,031,150075,61712,61461,4361,65822,467
2022-12-24,Lake,033,64148,13380,13254,1256,14510,149
2022-12-24,Lassen,035,31185,10192,10151,1034,11185,66
2022-12-24,Los Angeles,037,10098052,3425073,3399852,205708,3605560,34170
2022-12-24,Madera,039,155013,45594,45290,8692,53982,377
2022-12-24,Marin,041,260295,39325,47457,5548,53005,315
2022-12-24,Mariposa,043,17540,3294,3201,356,3557,32
2022-12-24,Mendocino,045,87422,16592,16435,4714,21149,137
2022-12-24,Merced,047,269075,75948,74498,12626,87124,880
2022-12-24,Modoc,049,8938,931,927,363,1290,11
2022-12-24,Mono,051,14174,3272,3264,291,3555,8
2022-12-24,Monterey,053,433212,96604,96192,22435,118627,776
2022-12-24,Napa,055,140530,33740,33370,1485,34855,163
2022-12-24,Nevada,057,99092,19857,19696,2205,21901,132
2022-12-24,Orange,059,3164182,698057,690845,72894,763739,7628
2022-12-24,Placer,061,380077,79318,78813,10146,88959,669
2022-12-24,Plumas,063,18699,3786,3778,454,4232,13
2022-12-24,Riverside,065,2383286,721947,717576,39225,756801,6738
2022-12-24,Sacramento,067,1510023,363506,361095,37057,398152,3407
2022-12-24,San Benito,069,59416,17294,17109,1082,18191,108
2022-12-24,San Bernardino,071,2135413,698414,693567,33152,726719,8136
2022-12-24,San Diego,073,3302833,962728,957866,77291,1035157,5626
2022-12-24,San Francisco,075,870044,190464,188947,12880,201827,1095
2022-12-24,San Joaquin,077,732212,205800,204712,16361,221073,2353
2022-12-24,San Luis Obispo,079,281455,65212,64748,7740,72488,536
2022-12-24,San Mateo,081,765935,178711,176920,10822,187742,748
2022-12-24,Santa Barbara,083,443738,109778,109074,7353,116427,744
2022-12-24,Santa Clara,085,1922200,462563,459089,20406,479495,2579
2022-12-24,Santa Cruz,087,273765,66869,66560,3732,70292,277
2022-12-24,Shasta,089,179085,36148,35856,8147,44003,601
2022-12-24,Sierra,091,2930,310,308,61,369,5
2022-12-24,Siskiyou,093,43540,5359,5334,3411,8745,95
2022-12-24,Solano,095,438530,110873,109900,8351,118251,474
2022-12-24,Sonoma,097,501317,111297,110643,5594,116237,536
2022-12-24,Stanislaus,099,539301,142541,141956,22443,164399,1795
2022-12-24,Sutter,101,95872,25243,25088,2509,27597,235
2022-12-24,Tehama,103,63373,14267,14127,3338,17465,218
2022-12-24,Trinity,105,12862,1450,1438,487,1925,23
2022-12-24,Tulare,107,460477,125866,124848,38976,163824,1546
2022-12-24,Tuolumne,109,53932,16456,16261,969,17230,209
2022-12-24,Ventura,111,848112,216807,215497,17285,232782,1604
2022-12-24,Yolo,113,214977,49214,48842,4727,53569,422
2022-12-24,Yuba,115,75493,19659,19553,1810,21363,132
2022-12-23,Alameda,001,1643700,368866,366018,21442,387460,2088
2022-12-23,Alpine,002,1148,139,138,3,141,0
2022-12-23,Amador,005,37829,10326,10269,955,11224,96
2022-12-23,Butte,007,227075,41062,40923,9878,50801,473
2022-12-23,Calaveras,009,45235,8836,8794,625,9419,135
2022-12-23,Colusa,011,21464,3907,3891,1322,5213,22
2022-12-23,Contra Costa,013,1133247,265368,262951,21862,284813,1492
2022-12-23,Del Norte,015,27424,7711,7612,430,8042,56
2022-12-23,El Dorado,017,186661,33887,33729,4464,38193,236
2022-12-23,Fresno,019,978130,289270,284361,33976,318337,2907
2022-12-23,Glenn,021,27897,5727,5702,1961,7663,58
2022-12-23,Humboldt,023,135768,23016,22760,5611,28371,161
2022-12-23,Imperial,025,180216,68767,68403,18331,86734,963
2022-12-23,Inyo,027,18085,4683,4655,1201,5856,60
2022-12-23,Kern,029,883053,226258,224945,69301,294246,2446
2022-12-23,Kings,031,150075,61695,61461,4360,65821,467
2022-12-23,Lake,033,64148,13373,13254,1256,14510,149
2022-12-23,Lassen,035,31185,10190,10151,1034,11185,66
2022-12-23,Los Angeles,037,10098052,3423881,3399852,205388,3605240,34170
2022-12-23,Madera,039,155013,45577,45290,8691,53981,377
2022-12-23,Marin,041,260295,39303,47457,5547,53004,315
2022-12-23,Mariposa,043,17540,3294,3201,356,3557,32
2022-12-23,Mendocino,045,87422,16587,16435,4712,21147,137
2022-12-23,Merced,047,269075,75936,74498,12621,87119,880
2022-12-23,Modoc,049,8938,931,927,363,1290,11
2022-12-23,Mono,051,14174,3272,3264,290,3554,8
2022-12-23,Monterey,053,433212,96577,96192,22417,118609,776
2022-12-23,Napa,055,140530,33721,33370,1484,34854,163
2022-12-23,Nevada,057,99092,19853,19696,2199,21895,132
2022-12-23,Orange,059,3164182,697789,690845,72727,763572,7628
2022-12-23,Placer,061,380077,79294,78813,10140,88953,669
2022-12-23,Plumas,063,18699,3785,3778,454,4232,13
2022-12-23,Riverside,065,2383286,721661,717576,39179,756755,6738
2022-12-23,Sacramento,067,1510023,363390,361095,37052,398147,3407
2022-12-23,San Benito,069,59416,17282,17109,1080,18189,108
2022-12-23,San Bernardino,071,2135413,698142,693567,33120,726687,8136
2022-12-23,San Diego,073,3302833,962295,957866,77250,1035116,5626
2022-12-23,San Francisco,075,870044,190360,188947,12872,201819,1095
2022-12-23,San Joaquin,077,732212,205742,204712,16358,221070,2353
2022-12-23,San Luis Obispo,079,281455,65194,64748,7736,72484,536
2022-12-23,San Mateo,081,765935,178644,176920,10813,187733,748
2022-12-23,Santa Barbara,083,443738,109739,109074,7348,116422,744
2022-12-23,Santa Clara,085,1922200,462376,459089,20389,479478,2579
2022-12-23,Santa Cruz,087,273765,66850,66560,3728,70288,277
2022-12-23,Shasta,089,179085,36141,35856,8145,44001,601
2022-12-23,Sierra,091,2930,310,308,61,369,5
2022-12-23,Siskiyou,093,43540,5358,5334,3411,8745,95
2022-12-23,Solano,095,438530,110816,109900,8343,118243,474
2022-12-23,Sonoma,097,501317,111248,110643,5593,116236,536
2022-12-23,Stanislaus,099,539301,142501,141956,22442,164398,1795
2022-12-23,Sutter,101,95872,25230,25088,2509,27597,235
2022-12-23,Tehama,103,63373,14264,14127,3338,17465,218
2022-12-23,Trinity,105,12862,1449,1438,487,1925,23
2022-12-23,Tulare,107,460477,125830,124848,38950,163798,1546
2022-12-23,Tuolumne,109,53932,16448,16261,968,17229,209
2022-12-23,Ventura,111,848112,216712,215497,17263,232760,1604
2022-12-23,Yolo,113,214977,49203,48842,4726,53568,422
2022-12-23,Yuba,115,75493,19651,19553,1809,21362,132
2022-12-22,Alameda,001,1643700,368527,366018,21414,387432,2088
2022-12-22,Alpine,002,1148,139,138,3,141,0
2022-12-22,Amador,005,37829,10320,10269,955,11224,96
2022-12-22,Butte,007,227075,41052,40923,9865,50788,473
2022-12-22,Calaveras,009,45235,8836,8794,625,9419,135
2022-12-22,Colusa,011,21464,3902,3891,1322,5213,22
2022-12-22,Contra Costa,013,1133247,265117,262951,21853,284804,1492
2022-12-22,Del Norte,015,27424,7704,7612,429,8041,56
2022-12-22,El Dorado,017,186661,33865,33729,4464,38193,236
2022-12-22,Fresno,019,978130,289107,284361,33940,318301,2907
2022-12-22,Glenn,021,27897,5725,5702,1961,7663,58
2022-12-22,Humboldt,023,135768,23005,22760,5603,28363,161
2022-12-22,Imperial,025,180216,68732,68403,18319,86722,963
2022-12-22,Inyo,027,18085,4683,4655,1200,5855,60
2022-12-22,Kern,029,883053,226163,224945,69205,294150,2446
2022-12-22,Kings,031,150075,61681,61461,4360,65821,467
2022-12-22,Lake,033,64148,13367,13254,1256,14510,149
2022-12-22,Lassen,035,31185,10187,10151,1033,11184,66
2022-12-22,Los Angeles,037,10098052,3421857,3399852,204941,3604793,34170
2022-12-22,Madera,039,155013,45544,45290,8683,53973,377
2022-12-22,Marin,041,260295,39273,47457,5545,53002,315
2022-12-22,Mariposa,043,17540,3292,3201,356,3557,32
2022-12-22,Mendocino,045,87422,16577,16435,4711,21146,137
2022-12-22,Merced,047,269075,75898,74498,12617,87115,880
2022-12-22,Modoc,049,8938,929,927,363,1290,11
2022-12-22,Mono,051,14174,3272,3264,290,3554,8
2022-12-22,Monterey,053,433212,96554,96192,22399,118591,776
2022-12-22,Napa,055,140530,33703,33370,1484,34854,163
2022-12-22,Nevada,057,99092,19842,19696,2195,21891,132
2022-12-22,Orange,059,3164182,697304,690845,72539,763384,7628
2022-12-22,Placer,061,380077,79248,78813,10135,88948,669
2022-12-22,Plumas,063,18699,3783,3778,454,4232,13
2022-12-22,Riverside,065,2383286,721246,717576,39109,756685,6738
2022-12-22,Sacramento,067,1510023,363144,361095,37035,398130,3407
2022-12-22,San Benito,069,59416,17265,17109,1074,18183,108
2022-12-22,San Bernardino,071,2135413,697712,693567,33062,726629,8136
2022-12-22,San Diego,073,3302833,961572,957866,77106,1034972,5626
2022-12-22,San Francisco,075,870044,190216,188947,12854,201801,1095
2022-12-22,San Joaquin,077,732212,205633,204712,16346,221058,2353
2022-12-22,San Luis Obispo,079,281455,65152,64748,7713,72461,536
2022-12-22,San Mateo,081,765935,178528,176920,10805,187725,748
2022-12-22,Santa Barbara,083,443738,109661,109074,7332,116406,744
2022-12-22,Santa Clara,085,1922200,461991,459089,20369,479458,2579
2022-12-22,Santa Cruz,087,273765,66824,66560,3720,70280,277
2022-12-22,Shasta,089,179085,36129,35856,8140,43996,601
2022-12-22,Sierra,091,2930,310,308,61,369,5
2022-12-22,Siskiyou,093,43540,5353,5334,3410,8744,95
2022-12-22,Solano,095,438530,110730,109900,8333,118233,474
2022-12-22,Sonoma,097,501317,111176,110643,5589,116232,536
2022-12-22,Stanislaus,099,539301,142435,141956,22431,164387,1795
2022-12-22,Sutter,101,95872,25208,25088,2507,27595,235
2022-12-22,Tehama,103,63373,14259,14127,3338,17465,218
2022-12-22,Trinity,105,12862,1448,1438,486,1924,23
2022-12-22,Tulare,107,460477,125769,124848,38911,163759,1546
2022-12-22,Tuolumne,109,53932,16438,16261,968,17229,209
2022-12-22,Ventura,111,848112,216606,215497,17229,232726,1604
2022-12-22,Yolo,113,214977,49189,48842,4722,53564,422
2022-12-22,Yuba,115,75493,19637,19553,1807,21360,132
2022-12-21,Alameda,001,1643700,368194,366018,21387,387405,2088
2022-12-21,Alpine,002,1148,139,138,3,141,0
2022-12-21,Amador,005,37829,10317,10269,955,11224,96
2022-12-21,Butte,007,227075,41033,40923,9851,50774,473
2022-12-21,Calaveras,009,45235,8829,8794,620,9414,135
2022-12-21,Colusa,011,21464,3899,3891,1322,5213,22
2022-12-21,Contra Costa,013,1133247,264884,262951,21829,284780,1492
2022-12-21,Del Norte,015,27424,7699,7612,419,8031,56
2022-12-21,El Dorado,017,186661,33839,33729,4460,38189,236
2022-12-21,Fresno,019,978130,288911,284361,33913,318274,2907
2022-12-21,Glenn,021,27897,5724,5702,1960,7662,58
2022-12-21,Humboldt,023,135768,22992,22760,5587,28347,161
2022-12-21,Imperial,025,180216,68692,68403,18293,86696,963
2022-12-21,Inyo,027,18085,4682,4655,1199,5854,60
2022-12-21,Kern,029,883053,226032,224945,69096,294041,2446
2022-12-21,Kings,031,150075,61640,61461,4358,65819,467
2022-12-21,Lake,033,64148,13361,13254,1256,14510,149
2022-12-21,Lassen,035,31185,10181,10151,1033,11184,66
2022-12-21,Los Angeles,037,10098052,3419632,3399852,204475,3604327,34170
2022-12-21,Madera,039,155013,45533,45290,8681,53971,377
2022-12-21,Marin,041,260295,39228,47457,5535,52992,315
2022-12-21,Mariposa,043,17540,3284,3201,355,3556,32
2022-12-21,Mendocino,045,87422,16565,16435,4702,21137,137
2022-12-21,Merced,047,269075,75860,74498,12611,87109,880
2022-12-21,Modoc,049,8938,929,927,363,1290,11
2022-12-21,Mono,051,14174,3272,3264,290,3554,8
2022-12-21,Monterey,053,433212,96520,96192,22383,118575,776
2022-12-21,Napa,055,140530,33684,33370,1481,34851,163
2022-12-21,Nevada,057,99092,19832,19696,2193,21889,132
2022-12-21,Orange,059,3164182,696760,690845,72326,763171,7628
2022-12-21,Placer,061,380077,79192,78813,10121,88934,669
2022-12-21,Plumas,063,18699,3780,3778,454,4232,13
2022-12-21,Riverside,065,2383286,720736,717576,39022,756598,6738
2022-12-21,Sacramento,067,1510023,362911,361095,36997,398092,3407
2022-12-21,San Benito,069,59416,17247,17109,1067,18176,108
2022-12-21,San Bernardino,071,2135413,697221,693567,33000,726567,8136
2022-12-21,San Diego,073,3302833,960755,957866,76971,1034837,5626
2022-12-21,San Francisco,075,870044,190067,188947,12844,201791,1095
2022-12-21,San Joaquin,077,732212,205490,204712,16324,221036,2353
2022-12-21,San Luis Obispo,079,281455,65117,64748,7699,72447,536
2022-12-21,San Mateo,081,765935,178378,176920,10798,187718,748
2022-12-21,Santa Barbara,083,443738,109580,109074,7319,116393,744
2022-12-21,Santa Clara,085,1922200,461590,459089,20335,479424,2579
2022-12-21,Santa Cruz,087,273765,66779,66560,3719,70279,277
2022-12-21,Shasta,089,179085,36103,35856,8130,43986,601
2022-12-21,Sierra,091,2930,310,308,61,369,5
2022-12-21,Siskiyou,093,43540,5351,5334,3410,8744,95
2022-12-21,Solano,095,438530,110605,109900,8324,118224,474
2022-12-21,Sonoma,097,501317,111109,110643,5576,116219,536
2022-12-21,Stanislaus,099,539301,142362,141956,22418,164374,1795
2022-12-21,Sutter,101,95872,25191,25088,2507,27595,235
2022-12-21,Tehama,103,63373,14256,14127,3335,17462,218
2022-12-21,Trinity,105,12862,1448,1438,481,1919,23
2022-12-21,Tulare,107,460477,125704,124848,38856,163704,1546
2022-12-21,Tuolumne,109,53932,16416,16261,968,17229,209
2022-12-21,Ventura,111,848112,216470,215497,17195,232692,1604
2022-12-21,Yolo,113,214977,49162,48842,4718,53560,422
2022-12-21,Yuba,115,75493,19615,19553,1806,21359,132
2022-12-20,Alameda,001,1643700,367858,366018,21353,387371,2088
2022-12-20,Alpine,002,1148,139,138,2,140,0
2022-12-20,Amador,005,37829,10311,10269,955,11224,96
2022-12-20,Butte,007,227075,41017,40923,9833,50756,473
2022-12-20,Calaveras,009,45235,8821,8794,620,9414,135
2022-12-20,Colusa,011,21464,3898,3891,1321,5212,22
2022-12-20,Contra Costa,013,1133247,264649,262951,21813,284764,1492
2022-12-20,Del Norte,015,27424,7695,7612,418,8030,56
2022-12-20,El Dorado,017,186661,33816,33729,4456,38185,236
2022-12-20,Fresno,019,978130,288697,284361,33876,318237,2907
2022-12-20,Glenn,021,27897,5722,5702,1959,7661,58
2022-12-20,Humboldt,023,135768,22974,22760,5568,28328,161
2022-12-20,Imperial,025,180216,68662,68403,18266,86669,963
2022-12-20,Inyo,027,18085,4678,4655,1198,5853,60
2022-12-20,Kern,029,883053,225879,224945,68980,293925,2446
2022-12-20,Kings,031,150075,61594,61461,4356,65817,467
2022-12-20,Lake,033,64148,13346,13254,1244,14498,149
2022-12-20,Lassen,035,31185,10175,10151,1032,11183,66
2022-12-20,Los Angeles,037,10098052,3417260,3399852,203980,3603832,34170
2022-12-20,Madera,039,155013,45500,45290,8672,53962,377
2022-12-20,Marin,041,260295,39191,47457,5531,52988,315
2022-12-20,Mariposa,043,17540,3281,3201,355,3556,32
2022-12-20,Mendocino,045,87422,16551,16435,4696,21131,137
2022-12-20,Merced,047,269075,75820,74498,12598,87096,880
2022-12-20,Modoc,049,8938,928,927,363,1290,11
2022-12-20,Mono,051,14174,3270,3264,286,3550,8
2022-12-20,Monterey,053,433212,96490,96192,22360,118552,776
2022-12-20,Napa,055,140530,33659,33370,1480,34850,163
2022-12-20,Nevada,057,99092,19814,19696,2182,21878,132
2022-12-20,Orange,059,3164182,696156,690845,72113,762958,7628
2022-12-20,Placer,061,380077,79138,78813,10112,88925,669
2022-12-20,Plumas,063,18699,3779,3778,453,4231,13
2022-12-20,Riverside,065,2383286,720235,717576,38941,756517,6738
2022-12-20,Sacramento,067,1510023,362665,361095,36966,398061,3407
2022-12-20,San Benito,069,59416,17223,17109,1065,18174,108
2022-12-20,San Bernardino,071,2135413,696699,693567,32955,726522,8136
2022-12-20,San Diego,073,3302833,959957,957866,76854,1034720,5626
2022-12-20,San Francisco,075,870044,189851,188947,12835,201782,1095
2022-12-20,San Joaquin,077,732212,205351,204712,16301,221013,2353
2022-12-20,San Luis Obispo,079,281455,65076,64748,7689,72437,536
2022-12-20,San Mateo,081,765935,178240,176920,10786,187706,748
2022-12-20,Santa Barbara,083,443738,109485,109074,7308,116382,744
2022-12-20,Santa Clara,085,1922200,461179,459089,20303,479392,2579
2022-12-20,Santa Cruz,087,273765,66757,66560,3714,70274,277
2022-12-20,Shasta,089,179085,36084,35856,8127,43983,601
2022-12-20,Sierra,091,2930,310,308,61,369,5
2022-12-20,Siskiyou,093,43540,5347,5334,3408,8742,95
2022-12-20,Solano,095,438530,110486,109900,8319,118219,474
2022-12-20,Sonoma,097,501317,111024,110643,5566,116209,536
2022-12-20,Stanislaus,099,539301,142292,141956,22406,164362,1795
2022-12-20,Sutter,101,95872,25166,25088,2506,27594,235
2022-12-20,Tehama,103,63373,14247,14127,3331,17458,218
2022-12-20,Trinity,105,12862,1448,1438,477,1915,23
2022-12-20,Tulare,107,460477,125633,124848,38829,163677,1546
2022-12-20,Tuolumne,109,53932,16401,16261,964,17225,209
2022-12-20,Ventura,111,848112,216313,215497,17144,232641,1604
2022-12-20,Yolo,113,214977,49136,48842,4708,53550,422
2022-12-20,Yuba,115,75493,19597,19553,1805,21358,132
2022-12-19,Alameda,001,1643700,367504,363758,21307,385065,2082
2022-12-19,Alpine,002,1148,139,139,2,141,0
2022-12-19,Amador,005,37829,10296,10236,955,11191,96
2022-12-19,Butte,007,227075,40997,40800,9817,50617,471
2022-12-19,Calaveras,009,45235,8818,8758,620,9378,135
2022-12-19,Colusa,011,21464,3896,3882,1321,5203,22
2022-12-19,Contra Costa,013,1133247,264383,261280,21793,283073,1491
2022-12-19,Del Norte,015,27424,7691,7586,417,8003,56
2022-12-19,El Dorado,017,186661,33786,33598,4452,38050,235
2022-12-19,Fresno,019,978130,288511,283068,33839,316907,2905
2022-12-19,Glenn,021,27897,5718,5690,1958,7648,58
2022-12-19,Humboldt,023,135768,22958,22679,5561,28240,161
2022-12-19,Imperial,025,180216,68609,68094,18233,86327,963
2022-12-19,Inyo,027,18085,4676,4649,1195,5844,60
2022-12-19,Kern,029,883053,225744,223971,68862,292833,2444
2022-12-19,Kings,031,150075,61559,61254,4354,65608,466
2022-12-19,Lake,033,64148,13335,13201,1242,14443,149
2022-12-19,Lassen,035,31185,10169,10142,1032,11174,66
2022-12-19,Los Angeles,037,10098052,3414655,3390335,203445,3593780,34114
2022-12-19,Madera,039,155013,45465,45131,8658,53789,377
2022-12-19,Marin,041,260295,39160,47184,5528,52712,315
2022-12-19,Mariposa,043,17540,3274,3202,355,3557,32
2022-12-19,Mendocino,045,87422,16535,16396,4694,21090,136
2022-12-19,Merced,047,269075,75788,74307,12595,86902,880
2022-12-19,Modoc,049,8938,928,918,362,1280,11
2022-12-19,Mono,051,14174,3269,3251,283,3534,8
2022-12-19,Monterey,053,433212,96469,95970,22321,118291,776
2022-12-19,Napa,055,140530,33631,33212,1475,34687,162
2022-12-19,Nevada,057,99092,19807,19663,2175,21838,132
2022-12-19,Orange,059,3164182,695515,687587,71910,759497,7596
2022-12-19,Placer,061,380077,79090,78475,10109,88584,666
2022-12-19,Plumas,063,18699,3777,3769,452,4221,13
2022-12-19,Riverside,065,2383286,719713,714426,38857,753283,6694
2022-12-19,Sacramento,067,1510023,362375,359420,36924,396344,3395
2022-12-19,San Benito,069,59416,17202,17018,1060,18078,108
2022-12-19,San Bernardino,071,2135413,696134,690423,32897,723320,8136
2022-12-19,San Diego,073,3302833,958998,953029,76736,1029765,5608
2022-12-19,San Francisco,075,870044,189667,187665,12825,200490,1087
2022-12-19,San Joaquin,077,732212,205218,203845,16278,220123,2353
2022-12-19,San Luis Obispo,079,281455,65039,64540,7677,72217,533
2022-12-19,San Mateo,081,765935,178056,175963,10779,186742,748
2022-12-19,Santa Barbara,083,443738,109392,108635,7297,115932,743
2022-12-19,Santa Clara,085,1922200,460756,456121,20270,476391,2566
2022-12-19,Santa Cruz,087,273765,66727,66157,3707,69864,275
2022-12-19,Shasta,089,179085,36067,35797,8115,43912,599
2022-12-19,Sierra,091,2930,310,309,61,370,5
2022-12-19,Siskiyou,093,43540,5346,5325,3408,8733,94
2022-12-19,Solano,095,438530,110345,109297,8313,117610,472
2022-12-19,Sonoma,097,501317,110937,110159,5557,115716,533
2022-12-19,Stanislaus,099,539301,142207,141472,22391,163863,1796
2022-12-19,Sutter,101,95872,25139,25020,2504,27524,235
2022-12-19,Tehama,103,63373,14236,14104,3328,17432,218
2022-12-19,Trinity,105,12862,1447,1434,475,1909,23
2022-12-19,Tulare,107,460477,125550,124442,38792,163234,1546
2022-12-19,Tuolumne,109,53932,16393,16161,963,17124,209
2022-12-19,Ventura,111,848112,216130,214659,17110,231769,1597
2022-12-19,Yolo,113,214977,49105,48765,4703,53468,416
2022-12-19,Yuba,115,75493,19585,19482,1802,21284,132
2022-12-18,Alameda,001,1643700,367088,363758,21259,385017,2082
2022-12-18,Alpine,002,1148,139,139,2,141,0
2022-12-18,Amador,005,37829,10290,10236,955,11191,96
2022-12-18,Butte,007,227075,40979,40800,9797,50597,471
2022-12-18,Calaveras,009,45235,8813,8758,615,9373,135
2022-12-18,Colusa,011,21464,3895,3882,1321,5203,22
2022-12-18,Contra Costa,013,1133247,264063,261280,21768,283048,1491
2022-12-18,Del Norte,015,27424,7682,7586,416,8002,56
2022-12-18,El Dorado,017,186661,33760,33598,4446,38044,235
2022-12-18,Fresno,019,978130,288300,283068,33784,316852,2905
2022-12-18,Glenn,021,27897,5716,5690,1956,7646,58
2022-12-18,Humboldt,023,135768,22942,22679,5537,28216,161
2022-12-18,Imperial,025,180216,68557,68094,18185,86279,963
2022-12-18,Inyo,027,18085,4673,4649,1193,5842,60
2022-12-18,Kern,029,883053,225574,223971,68753,292724,2444
2022-12-18,Kings,031,150075,61510,61254,4350,65604,466
2022-12-18,Lake,033,64148,13319,13201,1242,14443,149
2022-12-18,Lassen,035,31185,10167,10142,1032,11174,66
2022-12-18,Los Angeles,037,10098052,3411859,3390335,202934,3593269,34114
2022-12-18,Madera,039,155013,45433,45131,8642,53773,377
2022-12-18,Marin,041,260295,39116,47184,5515,52699,315
2022-12-18,Mariposa,043,17540,3272,3202,355,3557,32
2022-12-18,Mendocino,045,87422,16519,16396,4686,21082,136
2022-12-18,Merced,047,269075,75744,74307,12579,86886,880
2022-12-18,Modoc,049,8938,928,918,360,1278,11
2022-12-18,Mono,051,14174,3264,3251,283,3534,8
2022-12-18,Monterey,053,433212,96423,95970,22294,118264,776
2022-12-18,Napa,055,140530,33579,33212,1472,34684,162
2022-12-18,Nevada,057,99092,19789,19663,2170,21833,132
2022-12-18,Orange,059,3164182,694915,687587,71679,759266,7596
2022-12-18,Placer,061,380077,79024,78475,10099,88574,666
2022-12-18,Plumas,063,18699,3775,3769,452,4221,13
2022-12-18,Riverside,065,2383286,719135,714426,38736,753162,6694
2022-12-18,Sacramento,067,1510023,362055,359420,36865,396285,3395
2022-12-18,San Benito,069,59416,17188,17018,1060,18078,108
2022-12-18,San Bernardino,071,2135413,695531,690423,32831,723254,8136
2022-12-18,San Diego,073,3302833,958104,953029,76637,1029666,5608
2022-12-18,San Francisco,075,870044,189404,187665,12814,200479,1087
2022-12-18,San Joaquin,077,732212,205054,203845,16258,220103,2353
2022-12-18,San Luis Obispo,079,281455,64991,64540,7648,72188,533
2022-12-18,San Mateo,081,765935,177868,175963,10764,186727,748
2022-12-18,Santa Barbara,083,443738,109292,108635,7285,115920,743
2022-12-18,Santa Clara,085,1922200,460231,456121,20234,476355,2566
2022-12-18,Santa Cruz,087,273765,66692,66157,3705,69862,275
2022-12-18,Shasta,089,179085,36056,35797,8106,43903,599
2022-12-18,Sierra,091,2930,310,309,61,370,5
2022-12-18,Siskiyou,093,43540,5341,5325,3405,8730,94
2022-12-18,Solano,095,438530,110202,109297,8305,117602,472
2022-12-18,Sonoma,097,501317,110857,110159,5550,115709,533
2022-12-18,Stanislaus,099,539301,142116,141472,22367,163839,1796
2022-12-18,Sutter,101,95872,25127,25020,2503,27523,235
2022-12-18,Tehama,103,63373,14225,14104,3325,17429,218
2022-12-18,Trinity,105,12862,1447,1434,474,1908,23
2022-12-18,Tulare,107,460477,125438,124442,38732,163174,1546
2022-12-18,Tuolumne,109,53932,16380,16161,963,17124,209
2022-12-18,Ventura,111,848112,215948,214659,17069,231728,1597
2022-12-18,Yolo,113,214977,49078,48765,4696,53461,416
2022-12-18,Yuba,115,75493,19562,19482,1797,21279,132
2022-12-17,Alameda,001,1643700,366867,363758,21244,385002,2082
2022-12-17,Alpine,002,1148,139,139,2,141,0
2022-12-17,Amador,005,37829,10283,10236,954,11190,96
2022-12-17,Butte,007,227075,40962,40800,9786,50586,471
2022-12-17,Calaveras,009,45235,8809,8758,611,9369,135
2022-12-17,Colusa,011,21464,3895,3882,1321,5203,22
2022-12-17,Contra Costa,013,1133247,263875,261280,21756,283036,1491
2022-12-17,Del Norte,015,27424,7679,7586,416,8002,56
2022-12-17,El Dorado,017,186661,33746,33598,4446,38044,235
2022-12-17,Fresno,019,978130,288200,283068,33755,316823,2905
2022-12-17,Glenn,021,27897,5714,5690,1956,7646,58
2022-12-17,Humboldt,023,135768,22925,22679,5530,28209,161
2022-12-17,Imperial,025,180216,68542,68094,18181,86275,963
2022-12-17,Inyo,027,18085,4673,4649,1192,5841,60
2022-12-17,Kern,029,883053,225519,223971,68689,292660,2444
2022-12-17,Kings,031,150075,61497,61254,4349,65603,466
2022-12-17,Lake,033,64148,13314,13201,1241,14442,149
2022-12-17,Lassen,035,31185,10167,10142,1032,11174,66
2022-12-17,Los Angeles,037,10098052,3410555,3390335,202673,3593008,34114
2022-12-17,Madera,039,155013,45413,45131,8637,53768,377
2022-12-17,Marin,041,260295,39097,47184,5510,52694,315
2022-12-17,Mariposa,043,17540,3272,3202,355,3557,32
2022-12-17,Mendocino,045,87422,16516,16396,4682,21078,136
2022-12-17,Merced,047,269075,75725,74307,12570,86877,880
2022-12-17,Modoc,049,8938,928,918,360,1278,11
2022-12-17,Mono,051,14174,3263,3251,283,3534,8
2022-12-17,Monterey,053,433212,96396,95970,22283,118253,776
2022-12-17,Napa,055,140530,33569,33212,1471,34683,162
2022-12-17,Nevada,057,99092,19778,19663,2170,21833,132
2022-12-17,Orange,059,3164182,694612,687587,71531,759118,7596
2022-12-17,Placer,061,380077,78981,78475,10098,88573,666
2022-12-17,Plumas,063,18699,3775,3769,452,4221,13
2022-12-17,Riverside,065,2383286,718771,714426,38672,753098,6694
2022-12-17,Sacramento,067,1510023,361934,359420,36851,396271,3395
2022-12-17,San Benito,069,59416,17179,17018,1058,18076,108
2022-12-17,San Bernardino,071,2135413,695225,690423,32806,723229,8136
2022-12-17,San Diego,073,3302833,957695,953029,76598,1029627,5608
2022-12-17,San Francisco,075,870044,189294,187665,12808,200473,1087
2022-12-17,San Joaquin,077,732212,204985,203845,16246,220091,2353
2022-12-17,San Luis Obispo,079,281455,64973,64540,7640,72180,533
2022-12-17,San Mateo,081,765935,177773,175963,10754,186717,748
2022-12-17,Santa Barbara,083,443738,109248,108635,7271,115906,743
2022-12-17,Santa Clara,085,1922200,459990,456121,20210,476331,2566
2022-12-17,Santa Cruz,087,273765,66676,66157,3703,69860,275
2022-12-17,Shasta,089,179085,36046,35797,8106,43903,599
2022-12-17,Sierra,091,2930,310,309,61,370,5
2022-12-17,Siskiyou,093,43540,5341,5325,3405,8730,94
2022-12-17,Solano,095,438530,110164,109297,8301,117598,472
2022-12-17,Sonoma,097,501317,110801,110159,5541,115700,533
2022-12-17,Stanislaus,099,539301,142066,141472,22359,163831,1796
2022-12-17,Sutter,101,95872,25120,25020,2502,27522,235
2022-12-17,Tehama,103,63373,14221,14104,3322,17426,218
2022-12-17,Trinity,105,12862,1447,1434,473,1907,23
2022-12-17,Tulare,107,460477,125384,124442,38700,163142,1546
2022-12-17,Tuolumne,109,53932,16373,16161,962,17123,209
2022-12-17,Ventura,111,848112,215852,214659,17040,231699,1597
2022-12-17,Yolo,113,214977,49055,48765,4691,53456,416
2022-12-17,Yuba,115,75493,19555,19482,1797,21279,132
2022-12-16,Alameda,001,1643700,366629,363758,21221,384979,2082
2022-12-16,Alpine,002,1148,139,139,2,141,0
2022-12-16,Amador,005,37829,10277,10236,954,11190,96
2022-12-16,Butte,007,227075,40954,40800,9777,50577,471
2022-12-16,Calaveras,009,45235,8805,8758,610,9368,135
2022-12-16,Colusa,011,21464,3894,3882,1321,5203,22
2022-12-16,Contra Costa,013,1133247,263687,261280,21741,283021,1491
2022-12-16,Del Norte,015,27424,7675,7586,416,8002,56
2022-12-16,El Dorado,017,186661,33724,33598,4446,38044,235
2022-12-16,Fresno,019,978130,288065,283068,33731,316799,2905
2022-12-16,Glenn,021,27897,5713,5690,1954,7644,58
2022-12-16,Humboldt,023,135768,22913,22679,5524,28203,161
2022-12-16,Imperial,025,180216,68534,68094,18170,86264,963
2022-12-16,Inyo,027,18085,4671,4649,1188,5837,60
2022-12-16,Kern,029,883053,225425,223971,68626,292597,2444
2022-12-16,Kings,031,150075,61474,61254,4348,65602,466
2022-12-16,Lake,033,64148,13304,13201,1240,14441,149
2022-12-16,Lassen,035,31185,10164,10142,1032,11174,66
2022-12-16,Los Angeles,037,10098052,3409087,3390335,202356,3592691,34114
2022-12-16,Madera,039,155013,45392,45131,8633,53764,377
2022-12-16,Marin,041,260295,39057,47184,5509,52693,315
2022-12-16,Mariposa,043,17540,3268,3202,355,3557,32
2022-12-16,Mendocino,045,87422,16501,16396,4682,21078,136
2022-12-16,Merced,047,269075,75706,74307,12563,86870,880
2022-12-16,Modoc,049,8938,928,918,360,1278,11
2022-12-16,Mono,051,14174,3260,3251,283,3534,8
2022-12-16,Monterey,053,433212,96373,95970,22273,118243,776
2022-12-16,Napa,055,140530,33545,33212,1471,34683,162
2022-12-16,Nevada,057,99092,19775,19663,2167,21830,132
2022-12-16,Orange,059,3164182,694296,687587,71376,758963,7596
2022-12-16,Placer,061,380077,78945,78475,10094,88569,666
2022-12-16,Plumas,063,18699,3774,3769,452,4221,13
2022-12-16,Riverside,065,2383286,718438,714426,38619,753045,6694
2022-12-16,Sacramento,067,1510023,361772,359420,36834,396254,3395
2022-12-16,San Benito,069,59416,17167,17018,1057,18075,108
2022-12-16,San Bernardino,071,2135413,694916,690423,32767,723190,8136
2022-12-16,San Diego,073,3302833,957238,953029,76551,1029580,5608
2022-12-16,San Francisco,075,870044,189177,187665,12789,200454,1087
2022-12-16,San Joaquin,077,732212,204903,203845,16231,220076,2353
2022-12-16,San Luis Obispo,079,281455,64961,64540,7636,72176,533
2022-12-16,San Mateo,081,765935,177685,175963,10745,186708,748
2022-12-16,Santa Barbara,083,443738,109201,108635,7270,115905,743
2022-12-16,Santa Clara,085,1922200,459710,456121,20188,476309,2566
2022-12-16,Santa Cruz,087,273765,66650,66157,3700,69857,275
2022-12-16,Shasta,089,179085,36039,35797,8102,43899,599
2022-12-16,Sierra,091,2930,310,309,61,370,5
2022-12-16,Siskiyou,093,43540,5339,5325,3405,8730,94
2022-12-16,Solano,095,438530,110098,109297,8294,117591,472
2022-12-16,Sonoma,097,501317,110741,110159,5537,115696,533
2022-12-16,Stanislaus,099,539301,142025,141472,22358,163830,1796
2022-12-16,Sutter,101,95872,25106,25020,2502,27522,235
2022-12-16,Tehama,103,63373,14212,14104,3321,17425,218
2022-12-16,Trinity,105,12862,1447,1434,473,1907,23
2022-12-16,Tulare,107,460477,125332,124442,38665,163107,1546
2022-12-16,Tuolumne,109,53932,16360,16161,962,17123,209
2022-12-16,Ventura,111,848112,215767,214659,17021,231680,1597
2022-12-16,Yolo,113,214977,49035,48765,4689,53454,416
2022-12-16,Yuba,115,75493,19548,19482,1797,21279,132
2022-12-15,Alameda,001,1643700,366297,363758,21174,384932,2082
2022-12-15,Alpine,002,1148,139,139,2,141,0
2022-12-15,Amador,005,37829,10268,10236,954,11190,96
2022-12-15,Butte,007,227075,40935,40800,9758,50558,471
2022-12-15,Calaveras,009,45235,8802,8758,608,9366,135
2022-12-15,Colusa,011,21464,3892,3882,1321,5203,22
2022-12-15,Contra Costa,013,1133247,263438,261280,21725,283005,1491
2022-12-15,Del Norte,015,27424,7669,7586,416,8002,56
2022-12-15,El Dorado,017,186661,33703,33598,4440,38038,235
2022-12-15,Fresno,019,978130,287910,283068,33684,316752,2905
2022-12-15,Glenn,021,27897,5710,5690,1952,7642,58
2022-12-15,Humboldt,023,135768,22902,22679,5517,28196,161
2022-12-15,Imperial,025,180216,68499,68094,18141,86235,963
2022-12-15,Inyo,027,18085,4670,4649,1186,5835,60
2022-12-15,Kern,029,883053,225277,223971,68515,292486,2444
2022-12-15,Kings,031,150075,61454,61254,4343,65597,466
2022-12-15,Lake,033,64148,13297,13201,1240,14441,149
2022-12-15,Lassen,035,31185,10162,10142,1030,11172,66
2022-12-15,Los Angeles,037,10098052,3407066,3390335,201979,3592314,34114
2022-12-15,Madera,039,155013,45369,45131,8620,53751,377
2022-12-15,Marin,041,260295,39012,47184,5509,52693,315
2022-12-15,Mariposa,043,17540,3265,3202,354,3556,32
2022-12-15,Mendocino,045,87422,16492,16396,4680,21076,136
2022-12-15,Merced,047,269075,75673,74307,12562,86869,880
2022-12-15,Modoc,049,8938,928,918,360,1278,11
2022-12-15,Mono,051,14174,3259,3251,281,3532,8
2022-12-15,Monterey,053,433212,96342,95970,22248,118218,776
2022-12-15,Napa,055,140530,33517,33212,1469,34681,162
2022-12-15,Nevada,057,99092,19769,19663,2156,21819,132
2022-12-15,Orange,059,3164182,693840,687587,71235,758822,7596
2022-12-15,Placer,061,380077,78893,78475,10082,88557,666
2022-12-15,Plumas,063,18699,3773,3769,452,4221,13
2022-12-15,Riverside,065,2383286,718003,714426,38549,752975,6694
2022-12-15,Sacramento,067,1510023,361495,359420,36803,396223,3395
2022-12-15,San Benito,069,59416,17157,17018,1056,18074,108
2022-12-15,San Bernardino,071,2135413,694505,690423,32720,723143,8136
2022-12-15,San Diego,073,3302833,956552,953029,76448,1029477,5608
2022-12-15,San Francisco,075,870044,188987,187665,12775,200440,1087
2022-12-15,San Joaquin,077,732212,204777,203845,16205,220050,2353
2022-12-15,San Luis Obispo,079,281455,64916,64540,7617,72157,533
2022-12-15,San Mateo,081,765935,177548,175963,10734,186697,748
2022-12-15,Santa Barbara,083,443738,109141,108635,7263,115898,743
2022-12-15,Santa Clara,085,1922200,459298,456121,20171,476292,2566
2022-12-15,Santa Cruz,087,273765,66623,66157,3693,69850,275
2022-12-15,Shasta,089,179085,36021,35797,8092,43889,599
2022-12-15,Sierra,091,2930,310,309,61,370,5
2022-12-15,Siskiyou,093,43540,5337,5325,3403,8728,94
2022-12-15,Solano,095,438530,110011,109297,8287,117584,472
2022-12-15,Sonoma,097,501317,110690,110159,5527,115686,533
2022-12-15,Stanislaus,099,539301,141958,141472,22352,163824,1796
2022-12-15,Sutter,101,95872,25097,25020,2502,27522,235
2022-12-15,Tehama,103,63373,14202,14104,3318,17422,218
2022-12-15,Trinity,105,12862,1447,1434,472,1906,23
2022-12-15,Tulare,107,460477,125283,124442,38613,163055,1546
2022-12-15,Tuolumne,109,53932,16349,16161,960,17121,209
2022-12-15,Ventura,111,848112,215624,214659,16997,231656,1597
2022-12-15,Yolo,113,214977,49007,48765,4687,53452,416
2022-12-15,Yuba,115,75493,19537,19482,1796,21278,132
2022-12-14,Alameda,001,1643700,365961,363758,21132,384890,2082
2022-12-14,Alpine,002,1148,139,139,2,141,0
2022-12-14,Amador,005,37829,10266,10236,953,11189,96
2022-12-14,Butte,007,227075,40921,40800,9738,50538,471
2022-12-14,Calaveras,009,45235,8796,8758,608,9366,135
2022-12-14,Colusa,011,21464,3888,3882,1321,5203,22
2022-12-14,Contra Costa,013,1133247,263226,261280,21700,282980,1491
2022-12-14,Del Norte,015,27424,7664,7586,414,8000,56
2022-12-14,El Dorado,017,186661,33685,33598,4438,38036,235
2022-12-14,Fresno,019,978130,287724,283068,33645,316713,2905
2022-12-14,Glenn,021,27897,5707,5690,1952,7642,58
2022-12-14,Humboldt,023,135768,22882,22679,5510,28189,161
2022-12-14,Imperial,025,180216,68449,68094,18099,86193,963
2022-12-14,Inyo,027,18085,4668,4649,1181,5830,60
2022-12-14,Kern,029,883053,225102,223971,68422,292393,2444
2022-12-14,Kings,031,150075,61418,61254,4340,65594,466
2022-12-14,Lake,033,64148,13286,13201,1238,14439,149
2022-12-14,Lassen,035,31185,10161,10142,1030,11172,66
2022-12-14,Los Angeles,037,10098052,3404698,3390335,201510,3591845,34114
2022-12-14,Madera,039,155013,45341,45131,8614,53745,377
2022-12-14,Marin,041,260295,38973,47184,5506,52690,315
2022-12-14,Mariposa,043,17540,3261,3202,354,3556,32
2022-12-14,Mendocino,045,87422,16486,16396,4679,21075,136
2022-12-14,Merced,047,269075,75634,74307,12545,86852,880
2022-12-14,Modoc,049,8938,928,918,360,1278,11
2022-12-14,Mono,051,14174,3259,3251,280,3531,8
2022-12-14,Monterey,053,433212,96315,95970,22212,118182,776
2022-12-14,Napa,055,140530,33499,33212,1468,34680,162
2022-12-14,Nevada,057,99092,19759,19663,2153,21816,132
2022-12-14,Orange,059,3164182,693340,687587,71077,758664,7596
2022-12-14,Placer,061,380077,78830,78475,10074,88549,666
2022-12-14,Plumas,063,18699,3773,3769,451,4220,13
2022-12-14,Riverside,065,2383286,717578,714426,38477,752903,6694
2022-12-14,Sacramento,067,1510023,361241,359420,36768,396188,3395
2022-12-14,San Benito,069,59416,17145,17018,1055,18073,108
2022-12-14,San Bernardino,071,2135413,694023,690423,32667,723090,8136
2022-12-14,San Diego,073,3302833,955784,953029,76331,1029360,5608
2022-12-14,San Francisco,075,870044,188834,187665,12771,200436,1087
2022-12-14,San Joaquin,077,732212,204629,203845,16188,220033,2353
2022-12-14,San Luis Obispo,079,281455,64881,64540,7593,72133,533
2022-12-14,San Mateo,081,765935,177397,175963,10724,186687,748
2022-12-14,Santa Barbara,083,443738,109060,108635,7254,115889,743
2022-12-14,Santa Clara,085,1922200,458904,456121,20149,476270,2566
2022-12-14,Santa Cruz,087,273765,66591,66157,3690,69847,275
2022-12-14,Shasta,089,179085,35992,35797,8083,43880,599
2022-12-14,Sierra,091,2930,310,309,61,370,5
2022-12-14,Siskiyou,093,43540,5336,5325,3402,8727,94
2022-12-14,Solano,095,438530,109923,109297,8276,117573,472
2022-12-14,Sonoma,097,501317,110630,110159,5517,115676,533
2022-12-14,Stanislaus,099,539301,141878,141472,22330,163802,1796
2022-12-14,Sutter,101,95872,25089,25020,2502,27522,235
2022-12-14,Tehama,103,63373,14190,14104,3315,17419,218
2022-12-14,Trinity,105,12862,1447,1434,467,1901,23
2022-12-14,Tulare,107,460477,125218,124442,38562,163004,1546
2022-12-14,Tuolumne,109,53932,16331,16161,959,17120,209
2022-12-14,Ventura,111,848112,215470,214659,16978,231637,1597
2022-12-14,Yolo,113,214977,48981,48765,4676,53441,416
2022-12-14,Yuba,115,75493,19524,19482,1795,21277,132
2022-12-13,Alameda,001,1643700,365568,363758,21088,384846,2082
2022-12-13,Alpine,002,1148,139,139,2,141,0
2022-12-13,Amador,005,37829,10262,10236,953,11189,96
2022-12-13,Butte,007,227075,40891,40800,9725,50525,471
2022-12-13,Calaveras,009,45235,8793,8758,608,9366,135
2022-12-13,Colusa,011,21464,3885,3882,1321,5203,22
2022-12-13,Contra Costa,013,1133247,262955,261280,21678,282958,1491
2022-12-13,Del Norte,015,27424,7659,7586,414,8000,56
2022-12-13,El Dorado,017,186661,33651,33598,4434,38032,235
2022-12-13,Fresno,019,978130,287548,283068,33614,316682,2905
2022-12-13,Glenn,021,27897,5705,5690,1951,7641,58
2022-12-13,Humboldt,023,135768,22856,22679,5504,28183,161
2022-12-13,Imperial,025,180216,68405,68094,18050,86144,963
2022-12-13,Inyo,027,18085,4666,4649,1177,5826,60
2022-12-13,Kern,029,883053,224972,223971,68302,292273,2444
2022-12-13,Kings,031,150075,61377,61254,4333,65587,466
2022-12-13,Lake,033,64148,13273,13201,1238,14439,149
2022-12-13,Lassen,035,31185,10161,10142,1030,11172,66
2022-12-13,Los Angeles,037,10098052,3402131,3390335,201067,3591402,34114
2022-12-13,Madera,039,155013,45311,45131,8600,53731,377
2022-12-13,Marin,041,260295,38933,47184,5503,52687,315
2022-12-13,Mariposa,043,17540,3256,3202,354,3556,32
2022-12-13,Mendocino,045,87422,16481,16396,4670,21066,136
2022-12-13,Merced,047,269075,75583,74307,12539,86846,880
2022-12-13,Modoc,049,8938,926,918,358,1276,11
2022-12-13,Mono,051,14174,3258,3251,280,3531,8
2022-12-13,Monterey,053,433212,96270,95970,22189,118159,776
2022-12-13,Napa,055,140530,33481,33212,1468,34680,162
2022-12-13,Nevada,057,99092,19751,19663,2139,21802,132
2022-12-13,Orange,059,3164182,692794,687587,70943,758530,7596
2022-12-13,Placer,061,380077,78757,78475,10064,88539,666
2022-12-13,Plumas,063,18699,3770,3769,451,4220,13
2022-12-13,Riverside,065,2383286,717058,714426,38414,752840,6694
2022-12-13,Sacramento,067,1510023,360931,359420,36726,396146,3395
2022-12-13,San Benito,069,59416,17127,17018,1053,18071,108
2022-12-13,San Bernardino,071,2135413,693502,690423,32629,723052,8136
2022-12-13,San Diego,073,3302833,955023,953029,76222,1029251,5608
2022-12-13,San Francisco,075,870044,188639,187665,12765,200430,1087
2022-12-13,San Joaquin,077,732212,204476,203845,16154,219999,2353
2022-12-13,San Luis Obispo,079,281455,64831,64540,7578,72118,533
2022-12-13,San Mateo,081,765935,177263,175963,10716,186679,748
2022-12-13,Santa Barbara,083,443738,108980,108635,7246,115881,743
2022-12-13,Santa Clara,085,1922200,458457,456121,20123,476244,2566
2022-12-13,Santa Cruz,087,273765,66555,66157,3685,69842,275
2022-12-13,Shasta,089,179085,35976,35797,8071,43868,599
2022-12-13,Sierra,091,2930,310,309,61,370,5
2022-12-13,Siskiyou,093,43540,5336,5325,3399,8724,94
2022-12-13,Solano,095,438530,109822,109297,8271,117568,472
2022-12-13,Sonoma,097,501317,110567,110159,5510,115669,533
2022-12-13,Stanislaus,099,539301,141810,141472,22309,163781,1796
2022-12-13,Sutter,101,95872,25074,25020,2501,27521,235
2022-12-13,Tehama,103,63373,14177,14104,3311,17415,218
2022-12-13,Trinity,105,12862,1447,1434,464,1898,23
2022-12-13,Tulare,107,460477,125159,124442,38510,162952,1546
2022-12-13,Tuolumne,109,53932,16319,16161,959,17120,209
2022-12-13,Ventura,111,848112,215335,214659,16943,231602,1597
2022-12-13,Yolo,113,214977,48958,48765,4669,53434,416
2022-12-13,Yuba,115,75493,19516,19482,1793,21275,132
2022-12-12,Alameda,001,1643700,365155,360943,21044,381987,2081
2022-12-12,Alpine,002,1148,139,139,2,141,0
2022-12-12,Amador,005,37829,10254,10196,951,11147,96
2022-12-12,Butte,007,227075,40869,40598,9714,50312,470
2022-12-12,Calaveras,009,45235,8789,8727,606,9333,135
2022-12-12,Colusa,011,21464,3884,3869,1321,5190,22
2022-12-12,Contra Costa,013,1133247,262669,259434,21650,281084,1487
2022-12-12,Del Norte,015,27424,7652,7563,413,7976,56
2022-12-12,El Dorado,017,186661,33626,33447,4430,37877,235
2022-12-12,Fresno,019,978130,287331,281598,33562,315160,2899
2022-12-12,Glenn,021,27897,5697,5668,1951,7619,58
2022-12-12,Humboldt,023,135768,22840,22566,5497,28063,161
2022-12-12,Imperial,025,180216,68347,67632,18007,85639,962
2022-12-12,Inyo,027,18085,4664,4627,1170,5797,60
2022-12-12,Kern,029,883053,224804,222985,68189,291174,2437
2022-12-12,Kings,031,150075,61330,60965,4330,65295,464
2022-12-12,Lake,033,64148,13265,13140,1237,14377,149
2022-12-12,Lassen,035,31185,10161,10128,1029,11157,66
2022-12-12,Los Angeles,037,10098052,3399351,3370904,200626,3571530,34009
2022-12-12,Madera,039,155013,45279,44902,8593,53495,379
2022-12-12,Marin,041,260295,38892,46842,5497,52339,315
2022-12-12,Mariposa,043,17540,3249,3190,354,3544,32
2022-12-12,Mendocino,045,87422,16469,16350,4668,21018,136
2022-12-12,Merced,047,269075,75526,73999,12524,86523,877
2022-12-12,Modoc,049,8938,920,908,354,1262,11
2022-12-12,Mono,051,14174,3258,3238,280,3518,8
2022-12-12,Monterey,053,433212,96237,95709,22161,117870,776
2022-12-12,Napa,055,140530,33450,33043,1467,34510,164
2022-12-12,Nevada,057,99092,19735,19565,2134,21699,132
2022-12-12,Orange,059,3164182,692209,684112,70788,754900,7576
2022-12-12,Placer,061,380077,78726,78117,10052,88169,665
2022-12-12,Plumas,063,18699,3770,3762,451,4213,13
2022-12-12,Riverside,065,2383286,716548,710833,38328,749161,6697
2022-12-12,Sacramento,067,1510023,360636,357413,36676,394089,3382
2022-12-12,San Benito,069,59416,17097,16829,1049,17878,108
2022-12-12,San Bernardino,071,2135413,692919,686731,32579,719310,8135
2022-12-12,San Diego,073,3302833,954144,948180,76100,1024280,5584
2022-12-12,San Francisco,075,870044,188439,186203,12757,198960,1081
2022-12-12,San Joaquin,077,732212,204367,202515,16126,218641,2354
2022-12-12,San Luis Obispo,079,281455,64797,64350,7562,71912,533
2022-12-12,San Mateo,081,765935,177098,174791,10710,185501,749
2022-12-12,Santa Barbara,083,443738,108922,108151,7237,115388,739
2022-12-12,Santa Clara,085,1922200,457919,448654,20093,468747,2565
2022-12-12,Santa Cruz,087,273765,66467,65656,3681,69337,275
2022-12-12,Shasta,089,179085,35958,35666,8060,43726,598
2022-12-12,Sierra,091,2930,310,308,61,369,5
2022-12-12,Siskiyou,093,43540,5331,5442,3396,8838,95
2022-12-12,Solano,095,438530,109706,108649,8260,116909,473
2022-12-12,Sonoma,097,501317,110459,109622,5501,115123,531
2022-12-12,Stanislaus,099,539301,141733,140827,22298,163125,1785
2022-12-12,Sutter,101,95872,25058,24906,2501,27407,234
2022-12-12,Tehama,103,63373,14168,14004,3305,17309,218
2022-12-12,Trinity,105,12862,1445,1431,463,1894,23
2022-12-12,Tulare,107,460477,125083,123976,38458,162434,1546
2022-12-12,Tuolumne,109,53932,16305,16054,959,17013,208
2022-12-12,Ventura,111,848112,215193,213720,16920,230640,1598
2022-12-12,Yolo,113,214977,48933,48547,4654,53201,416
2022-12-12,Yuba,115,75493,19504,19399,1788,21187,132
2022-12-11,Alameda,001,1643700,364719,360943,20996,381939,2081
2022-12-11,Alpine,002,1148,139,139,2,141,0
2022-12-11,Amador,005,37829,10252,10196,950,11146,96
2022-12-11,Butte,007,227075,40842,40598,9708,50306,470
2022-12-11,Calaveras,009,45235,8779,8727,603,9330,135
2022-12-11,Colusa,011,21464,3883,3869,1320,5189,22
2022-12-11,Contra Costa,013,1133247,262316,259434,21613,281047,1487
2022-12-11,Del Norte,015,27424,7644,7563,412,7975,56
2022-12-11,El Dorado,017,186661,33603,33447,4427,37874,235
2022-12-11,Fresno,019,978130,287082,281598,33502,315100,2899
2022-12-11,Glenn,021,27897,5695,5668,1946,7614,58
2022-12-11,Humboldt,023,135768,22826,22566,5482,28048,161
2022-12-11,Imperial,025,180216,68272,67632,17913,85545,962
2022-12-11,Inyo,027,18085,4663,4627,1164,5791,60
2022-12-11,Kern,029,883053,224588,222985,68069,291054,2437
2022-12-11,Kings,031,150075,61297,60965,4324,65289,464
2022-12-11,Lake,033,64148,13258,13140,1237,14377,149
2022-12-11,Lassen,035,31185,10158,10128,1027,11155,66
2022-12-11,Los Angeles,037,10098052,3396133,3370904,200066,3570970,34009
2022-12-11,Madera,039,155013,45237,44902,8583,53485,379
2022-12-11,Marin,041,260295,38830,46842,5493,52335,315
2022-12-11,Mariposa,043,17540,3248,3190,353,3543,32
2022-12-11,Mendocino,045,87422,16458,16350,4659,21009,136
2022-12-11,Merced,047,269075,75461,73999,12497,86496,877
2022-12-11,Modoc,049,8938,920,908,354,1262,11
2022-12-11,Mono,051,14174,3257,3238,279,3517,8
2022-12-11,Monterey,053,433212,96175,95709,22136,117845,776
2022-12-11,Napa,055,140530,33411,33043,1462,34505,164
2022-12-11,Nevada,057,99092,19719,19565,2126,21691,132
2022-12-11,Orange,059,3164182,691551,684112,70589,754701,7576
2022-12-11,Placer,061,380077,78670,78117,10039,88156,665
2022-12-11,Plumas,063,18699,3768,3762,451,4213,13
2022-12-11,Riverside,065,2383286,715985,710833,38206,749039,6697
2022-12-11,Sacramento,067,1510023,360296,357413,36609,394022,3382
2022-12-11,San Benito,069,59416,17087,16829,1049,17878,108
2022-12-11,San Bernardino,071,2135413,692268,686731,32528,719259,8135
2022-12-11,San Diego,073,3302833,953263,948180,75926,1024106,5584
2022-12-11,San Francisco,075,870044,188165,186203,12735,198938,1081
2022-12-11,San Joaquin,077,732212,204175,202515,16090,218605,2354
2022-12-11,San Luis Obispo,079,281455,64739,64350,7541,71891,533
2022-12-11,San Mateo,081,765935,176895,174791,10702,185493,749
2022-12-11,Santa Barbara,083,443738,108811,108151,7211,115362,739
2022-12-11,Santa Clara,085,1922200,457295,448654,20046,468700,2565
2022-12-11,Santa Cruz,087,273765,66349,65656,3678,69334,275
2022-12-11,Shasta,089,179085,35941,35666,8039,43705,598
2022-12-11,Sierra,091,2930,310,308,61,369,5
2022-12-11,Siskiyou,093,43540,5327,5442,3393,8835,95
2022-12-11,Solano,095,438530,109576,108649,8254,116903,473
2022-12-11,Sonoma,097,501317,110330,109622,5491,115113,531
2022-12-11,Stanislaus,099,539301,141624,140827,22276,163103,1785
2022-12-11,Sutter,101,95872,25041,24906,2500,27406,234
2022-12-11,Tehama,103,63373,14154,14004,3297,17301,218
2022-12-11,Trinity,105,12862,1444,1431,462,1893,23
2022-12-11,Tulare,107,460477,124982,123976,38410,162386,1546
2022-12-11,Tuolumne,109,53932,16289,16054,958,17012,208
2022-12-11,Ventura,111,848112,215029,213720,16879,230599,1598
2022-12-11,Yolo,113,214977,48908,48547,4644,53191,416
2022-12-11,Yuba,115,75493,19486,19399,1784,21183,132
2022-12-10,Alameda,001,1643700,364472,360943,20963,381906,2081
2022-12-10,Alpine,002,1148,139,139,2,141,0
2022-12-10,Amador,005,37829,10248,10196,950,11146,96
2022-12-10,Butte,007,227075,40828,40598,9700,50298,470
2022-12-10,Calaveras,009,45235,8774,8727,601,9328,135
2022-12-10,Colusa,011,21464,3882,3869,1320,5189,22
2022-12-10,Contra Costa,013,1133247,262141,259434,21603,281037,1487
2022-12-10,Del Norte,015,27424,7639,7563,412,7975,56
2022-12-10,El Dorado,017,186661,33588,33447,4427,37874,235
2022-12-10,Fresno,019,978130,286971,281598,33489,315087,2899
2022-12-10,Glenn,021,27897,5694,5668,1945,7613,58
2022-12-10,Humboldt,023,135768,22808,22566,5474,28040,161
2022-12-10,Imperial,025,180216,68252,67632,17906,85538,962
2022-12-10,Inyo,027,18085,4659,4627,1160,5787,60
2022-12-10,Kern,029,883053,224495,222985,67996,290981,2437
2022-12-10,Kings,031,150075,61286,60965,4324,65289,464
2022-12-10,Lake,033,64148,13253,13140,1237,14377,149
2022-12-10,Lassen,035,31185,10157,10128,1027,11155,66
2022-12-10,Los Angeles,037,10098052,3394669,3370904,199800,3570704,34009
2022-12-10,Madera,039,155013,45224,44902,8580,53482,379
2022-12-10,Marin,041,260295,38799,46842,5489,52331,315
2022-12-10,Mariposa,043,17540,3248,3190,353,3543,32
2022-12-10,Mendocino,045,87422,16453,16350,4658,21008,136
2022-12-10,Merced,047,269075,75436,73999,12490,86489,877
2022-12-10,Modoc,049,8938,920,908,354,1262,11
2022-12-10,Mono,051,14174,3256,3238,279,3517,8
2022-12-10,Monterey,053,433212,96143,95709,22122,117831,776
2022-12-10,Napa,055,140530,33398,33043,1462,34505,164
2022-12-10,Nevada,057,99092,19713,19565,2124,21689,132
2022-12-10,Orange,059,3164182,691262,684112,70478,754590,7576
2022-12-10,Placer,061,380077,78628,78117,10034,88151,665
2022-12-10,Plumas,063,18699,3766,3762,451,4213,13
2022-12-10,Riverside,065,2383286,715663,710833,38153,748986,6697
2022-12-10,Sacramento,067,1510023,360151,357413,36594,394007,3382
2022-12-10,San Benito,069,59416,17069,16829,1047,17876,108
2022-12-10,San Bernardino,071,2135413,691944,686731,32501,719232,8135
2022-12-10,San Diego,073,3302833,952898,948180,75876,1024056,5584
2022-12-10,San Francisco,075,870044,188015,186203,12731,198934,1081
2022-12-10,San Joaquin,077,732212,204090,202515,16070,218585,2354
2022-12-10,San Luis Obispo,079,281455,64719,64350,7535,71885,533
2022-12-10,San Mateo,081,765935,176784,174791,10695,185486,749
2022-12-10,Santa Barbara,083,443738,108761,108151,7201,115352,739
2022-12-10,Santa Clara,085,1922200,456994,448654,20031,468685,2565
2022-12-10,Santa Cruz,087,273765,66315,65656,3674,69330,275
2022-12-10,Shasta,089,179085,35931,35666,8036,43702,598
2022-12-10,Sierra,091,2930,310,308,61,369,5
2022-12-10,Siskiyou,093,43540,5326,5442,3393,8835,95
2022-12-10,Solano,095,438530,109551,108649,8248,116897,473
2022-12-10,Sonoma,097,501317,110289,109622,5491,115113,531
2022-12-10,Stanislaus,099,539301,141568,140827,22262,163089,1785
2022-12-10,Sutter,101,95872,25031,24906,2500,27406,234
2022-12-10,Tehama,103,63373,14149,14004,3296,17300,218
2022-12-10,Trinity,105,12862,1443,1431,462,1893,23
2022-12-10,Tulare,107,460477,124935,123976,38383,162359,1546
2022-12-10,Tuolumne,109,53932,16250,16054,957,17011,208
2022-12-10,Ventura,111,848112,214947,213720,16859,230579,1598
2022-12-10,Yolo,113,214977,48885,48547,4634,53181,416
2022-12-10,Yuba,115,75493,19479,19399,1779,21178,132
2022-12-09,Alameda,001,1643700,364192,360943,20935,381878,2081
2022-12-09,Alpine,002,1148,139,139,2,141,0
2022-12-09,Amador,005,37829,10244,10196,949,11145,96
2022-12-09,Butte,007,227075,40813,40598,9690,50288,470
2022-12-09,Calaveras,009,45235,8769,8727,599,9326,135
2022-12-09,Colusa,011,21464,3878,3869,1320,5189,22
2022-12-09,Contra Costa,013,1133247,261989,259434,21591,281025,1487
2022-12-09,Del Norte,015,27424,7635,7563,412,7975,56
2022-12-09,El Dorado,017,186661,33574,33447,4425,37872,235
2022-12-09,Fresno,019,978130,286827,281598,33437,315035,2899
2022-12-09,Glenn,021,27897,5693,5668,1944,7612,58
2022-12-09,Humboldt,023,135768,22799,22566,5470,28036,161
2022-12-09,Imperial,025,180216,68218,67632,17901,85533,962
2022-12-09,Inyo,027,18085,4658,4627,1158,5785,60
2022-12-09,Kern,029,883053,224399,222985,67933,290918,2437
2022-12-09,Kings,031,150075,61262,60965,4324,65289,464
2022-12-09,Lake,033,64148,13248,13140,1237,14377,149
2022-12-09,Lassen,035,31185,10156,10128,1027,11155,66
2022-12-09,Los Angeles,037,10098052,3392954,3370904,199479,3570383,34009
2022-12-09,Madera,039,155013,45202,44902,8572,53474,379
2022-12-09,Marin,041,260295,38777,46842,5483,52325,315
2022-12-09,Mariposa,043,17540,3247,3190,353,3543,32
2022-12-09,Mendocino,045,87422,16446,16350,4658,21008,136
2022-12-09,Merced,047,269075,75396,73999,12484,86483,877
2022-12-09,Modoc,049,8938,920,908,354,1262,11
2022-12-09,Mono,051,14174,3255,3238,279,3517,8
2022-12-09,Monterey,053,433212,96117,95709,22116,117825,776
2022-12-09,Napa,055,140530,33385,33043,1461,34504,164
2022-12-09,Nevada,057,99092,19706,19565,2121,21686,132
2022-12-09,Orange,059,3164182,690911,684112,70358,754470,7576
2022-12-09,Placer,061,380077,78603,78117,10030,88147,665
2022-12-09,Plumas,063,18699,3765,3762,451,4213,13
2022-12-09,Riverside,065,2383286,715347,710833,38095,748928,6697
2022-12-09,Sacramento,067,1510023,359942,357413,36584,393997,3382
2022-12-09,San Benito,069,59416,17060,16829,1046,17875,108
2022-12-09,San Bernardino,071,2135413,691617,686731,32464,719195,8135
2022-12-09,San Diego,073,3302833,952459,948180,75822,1024002,5584
2022-12-09,San Francisco,075,870044,187899,186203,12717,198920,1081
2022-12-09,San Joaquin,077,732212,204002,202515,16059,218574,2354
2022-12-09,San Luis Obispo,079,281455,64704,64350,7532,71882,533
2022-12-09,San Mateo,081,765935,176668,174791,10688,185479,749
2022-12-09,Santa Barbara,083,443738,108717,108151,7199,115350,739
2022-12-09,Santa Clara,085,1922200,456669,448654,20001,468655,2565
2022-12-09,Santa Cruz,087,273765,66243,65656,3674,69330,275
2022-12-09,Shasta,089,179085,35922,35666,8030,43696,598
2022-12-09,Sierra,091,2930,310,308,61,369,5
2022-12-09,Siskiyou,093,43540,5325,5442,3392,8834,95
2022-12-09,Solano,095,438530,109486,108649,8240,116889,473
2022-12-09,Sonoma,097,501317,110234,109622,5488,115110,531
2022-12-09,Stanislaus,099,539301,141494,140827,22250,163077,1785
2022-12-09,Sutter,101,95872,25021,24906,2500,27406,234
2022-12-09,Tehama,103,63373,14142,14004,3295,17299,218
2022-12-09,Trinity,105,12862,1443,1431,462,1893,23
2022-12-09,Tulare,107,460477,124891,123976,38347,162323,1546
2022-12-09,Tuolumne,109,53932,16234,16054,957,17011,208
2022-12-09,Ventura,111,848112,214860,213720,16840,230560,1598
2022-12-09,Yolo,113,214977,48871,48547,4624,53171,416
2022-12-09,Yuba,115,75493,19472,19399,1778,21177,132
2022-12-08,Alameda,001,1643700,363775,360943,20882,381825,2081
2022-12-08,Alpine,002,1148,139,139,2,141,0
2022-12-08,Amador,005,37829,10238,10196,949,11145,96
2022-12-08,Butte,007,227075,40786,40598,9671,50269,470
2022-12-08,Calaveras,009,45235,8765,8727,598,9325,135
2022-12-08,Colusa,011,21464,3874,3869,1320,5189,22
2022-12-08,Contra Costa,013,1133247,261753,259434,21574,281008,1487
2022-12-08,Del Norte,015,27424,7632,7563,412,7975,56
2022-12-08,El Dorado,017,186661,33549,33447,4424,37871,235
2022-12-08,Fresno,019,978130,286618,281598,33387,314985,2899
2022-12-08,Glenn,021,27897,5687,5668,1941,7609,58
2022-12-08,Humboldt,023,135768,22784,22566,5462,28028,161
2022-12-08,Imperial,025,180216,68144,67632,17864,85496,962
2022-12-08,Inyo,027,18085,4652,4627,1157,5784,60
2022-12-08,Kern,029,883053,224279,222985,67859,290844,2437
2022-12-08,Kings,031,150075,61223,60965,4323,65288,464
2022-12-08,Lake,033,64148,13234,13140,1237,14377,149
2022-12-08,Lassen,035,31185,10154,10128,1027,11155,66
2022-12-08,Los Angeles,037,10098052,3390436,3370904,199059,3569963,34009
2022-12-08,Madera,039,155013,45181,44902,8569,53471,379
2022-12-08,Marin,041,260295,38725,46842,5474,52316,315
2022-12-08,Mariposa,043,17540,3240,3190,353,3543,32
2022-12-08,Mendocino,045,87422,16440,16350,4657,21007,136
2022-12-08,Merced,047,269075,75369,73999,12472,86471,877
2022-12-08,Modoc,049,8938,920,908,354,1262,11
2022-12-08,Mono,051,14174,3254,3238,279,3517,8
2022-12-08,Monterey,053,433212,96089,95709,22088,117797,776
2022-12-08,Napa,055,140530,33353,33043,1460,34503,164
2022-12-08,Nevada,057,99092,19687,19565,2119,21684,132
2022-12-08,Orange,059,3164182,690439,684112,70213,754325,7576
2022-12-08,Placer,061,380077,78551,78117,10024,88141,665
2022-12-08,Plumas,063,18699,3765,3762,451,4213,13
2022-12-08,Riverside,065,2383286,714869,710833,38021,748854,6697
2022-12-08,Sacramento,067,1510023,359639,357413,36522,393935,3382
2022-12-08,San Benito,069,59416,17051,16829,1046,17875,108
2022-12-08,San Bernardino,071,2135413,691068,686731,32417,719148,8135
2022-12-08,San Diego,073,3302833,951815,948180,75704,1023884,5584
2022-12-08,San Francisco,075,870044,187692,186203,12694,198897,1081
2022-12-08,San Joaquin,077,732212,203869,202515,16037,218552,2354
2022-12-08,San Luis Obispo,079,281455,64672,64350,7517,71867,533
2022-12-08,San Mateo,081,765935,176506,174791,10682,185473,749
2022-12-08,Santa Barbara,083,443738,108645,108151,7196,115347,739
2022-12-08,Santa Clara,085,1922200,456170,448654,19970,468624,2565
2022-12-08,Santa Cruz,087,273765,66215,65656,3671,69327,275
2022-12-08,Shasta,089,179085,35906,35666,8026,43692,598
2022-12-08,Sierra,091,2930,310,308,61,369,5
2022-12-08,Siskiyou,093,43540,5322,5442,3391,8833,95
2022-12-08,Solano,095,438530,109380,108649,8235,116884,473
2022-12-08,Sonoma,097,501317,110154,109622,5484,115106,531
2022-12-08,Stanislaus,099,539301,141412,140827,22225,163052,1785
2022-12-08,Sutter,101,95872,24998,24906,2497,27403,234
2022-12-08,Tehama,103,63373,14130,14004,3292,17296,218
2022-12-08,Trinity,105,12862,1442,1431,460,1891,23
2022-12-08,Tulare,107,460477,124849,123976,38296,162272,1546
2022-12-08,Tuolumne,109,53932,16211,16054,957,17011,208
2022-12-08,Ventura,111,848112,214736,213720,16804,230524,1598
2022-12-08,Yolo,113,214977,48829,48547,4621,53168,416
2022-12-08,Yuba,115,75493,19461,19399,1775,21174,132
2022-12-07,Alameda,001,1643700,363386,360943,20831,381774,2081
2022-12-07,Alpine,002,1148,139,139,2,141,0
2022-12-07,Amador,005,37829,10235,10196,949,11145,96
2022-12-07,Butte,007,227075,40754,40598,9656,50254,470
2022-12-07,Calaveras,009,45235,8760,8727,597,9324,135
2022-12-07,Colusa,011,21464,3874,3869,1320,5189,22
2022-12-07,Contra Costa,013,1133247,261518,259434,21542,280976,1487
2022-12-07,Del Norte,015,27424,7630,7563,412,7975,56
2022-12-07,El Dorado,017,186661,33523,33447,4420,37867,235
2022-12-07,Fresno,019,978130,286355,281598,33339,314937,2899
2022-12-07,Glenn,021,27897,5686,5668,1941,7609,58
2022-12-07,Humboldt,023,135768,22768,22566,5447,28013,161
2022-12-07,Imperial,025,180216,68074,67632,17793,85425,962
2022-12-07,Inyo,027,18085,4648,4627,1132,5759,60
2022-12-07,Kern,029,883053,224152,222985,67754,290739,2437
2022-12-07,Kings,031,150075,61180,60965,4319,65284,464
2022-12-07,Lake,033,64148,13226,13140,1237,14377,149
2022-12-07,Lassen,035,31185,10153,10128,1027,11155,66
2022-12-07,Los Angeles,037,10098052,3387746,3370904,198547,3569451,34009
2022-12-07,Madera,039,155013,45135,44902,8565,53467,379
2022-12-07,Marin,041,260295,38682,46842,5468,52310,315
2022-12-07,Mariposa,043,17540,3237,3190,353,3543,32
2022-12-07,Mendocino,045,87422,16436,16350,4652,21002,136
2022-12-07,Merced,047,269075,75319,73999,12439,86438,877
2022-12-07,Modoc,049,8938,919,908,354,1262,11
2022-12-07,Mono,051,14174,3252,3238,279,3517,8
2022-12-07,Monterey,053,433212,96050,95709,22060,117769,776
2022-12-07,Napa,055,140530,33334,33043,1456,34499,164
2022-12-07,Nevada,057,99092,19670,19565,2110,21675,132
2022-12-07,Orange,059,3164182,689916,684112,70044,754156,7576
2022-12-07,Placer,061,380077,78505,78117,10019,88136,665
2022-12-07,Plumas,063,18699,3764,3762,451,4213,13
2022-12-07,Riverside,065,2383286,714315,710833,37947,748780,6697
2022-12-07,Sacramento,067,1510023,359388,357413,36472,393885,3382
2022-12-07,San Benito,069,59416,17028,16829,1042,17871,108
2022-12-07,San Bernardino,071,2135413,690535,686731,32347,719078,8135
2022-12-07,San Diego,073,3302833,951003,948180,75587,1023767,5584
2022-12-07,San Francisco,075,870044,187488,186203,12683,198886,1081
2022-12-07,San Joaquin,077,732212,203707,202515,16007,218522,2354
2022-12-07,San Luis Obispo,079,281455,64646,64350,7497,71847,533
2022-12-07,San Mateo,081,765935,176343,174791,10675,185466,749
2022-12-07,Santa Barbara,083,443738,108563,108151,7188,115339,739
2022-12-07,Santa Clara,085,1922200,455722,448654,19938,468592,2565
2022-12-07,Santa Cruz,087,273765,66121,65656,3661,69317,275
2022-12-07,Shasta,089,179085,35886,35666,8015,43681,598
2022-12-07,Sierra,091,2930,310,308,61,369,5
2022-12-07,Siskiyou,093,43540,5320,5442,3391,8833,95
2022-12-07,Solano,095,438530,109283,108649,8228,116877,473
2022-12-07,Sonoma,097,501317,110083,109622,5482,115104,531
2022-12-07,Stanislaus,099,539301,141350,140827,22203,163030,1785
2022-12-07,Sutter,101,95872,24983,24906,2497,27403,234
2022-12-07,Tehama,103,63373,14121,14004,3289,17293,218
2022-12-07,Trinity,105,12862,1442,1431,459,1890,23
2022-12-07,Tulare,107,460477,124793,123976,38261,162237,1546
2022-12-07,Tuolumne,109,53932,16200,16054,957,17011,208
2022-12-07,Ventura,111,848112,214612,213720,16779,230499,1598
2022-12-07,Yolo,113,214977,48798,48547,4619,53166,416
2022-12-07,Yuba,115,75493,19455,19399,1773,21172,132
2022-12-06,Alameda,001,1643700,362918,360943,20798,381741,2081
2022-12-06,Alpine,002,1148,139,139,2,141,0
2022-12-06,Amador,005,37829,10227,10196,948,11144,96
2022-12-06,Butte,007,227075,40725,40598,9645,50243,470
2022-12-06,Calaveras,009,45235,8754,8727,595,9322,135
2022-12-06,Colusa,011,21464,3873,3869,1320,5189,22
2022-12-06,Contra Costa,013,1133247,261204,259434,21511,280945,1487
2022-12-06,Del Norte,015,27424,7626,7563,412,7975,56
2022-12-06,El Dorado,017,186661,33497,33447,4418,37865,235
2022-12-06,Fresno,019,978130,286129,281598,33284,314882,2899
2022-12-06,Glenn,021,27897,5683,5668,1936,7604,58
2022-12-06,Humboldt,023,135768,22746,22566,5437,28003,161
2022-12-06,Imperial,025,180216,67995,67632,17727,85359,962
2022-12-06,Inyo,027,18085,4645,4627,1128,5755,60
2022-12-06,Kern,029,883053,224047,222985,67641,290626,2437
2022-12-06,Kings,031,150075,61138,60965,4314,65279,464
2022-12-06,Lake,033,64148,13219,13140,1237,14377,149
2022-12-06,Lassen,035,31185,10151,10128,1026,11154,66
2022-12-06,Los Angeles,037,10098052,3384870,3370904,197974,3568878,34009
2022-12-06,Madera,039,155013,45111,44902,8537,53439,379
2022-12-06,Marin,041,260295,38635,46842,5463,52305,315
2022-12-06,Mariposa,043,17540,3237,3190,353,3543,32
2022-12-06,Mendocino,045,87422,16428,16350,4650,21000,136
2022-12-06,Merced,047,269075,75262,73999,12417,86416,877
2022-12-06,Modoc,049,8938,916,908,353,1261,11
2022-12-06,Mono,051,14174,3251,3238,279,3517,8
2022-12-06,Monterey,053,433212,96017,95709,22033,117742,776
2022-12-06,Napa,055,140530,33311,33043,1455,34498,164
2022-12-06,Nevada,057,99092,19655,19565,2101,21666,132
2022-12-06,Orange,059,3164182,689364,684112,69863,753975,7576
2022-12-06,Placer,061,380077,78443,78117,10007,88124,665
2022-12-06,Plumas,063,18699,3764,3762,451,4213,13
2022-12-06,Riverside,065,2383286,713809,710833,37838,748671,6697
2022-12-06,Sacramento,067,1510023,359124,357413,36440,393853,3382
2022-12-06,San Benito,069,59416,17009,16829,1038,17867,108
2022-12-06,San Bernardino,071,2135413,689961,686731,32291,719022,8135
2022-12-06,San Diego,073,3302833,950169,948180,75443,1023623,5584
2022-12-06,San Francisco,075,870044,187261,186203,12674,198877,1081
2022-12-06,San Joaquin,077,732212,203541,202515,15984,218499,2354
2022-12-06,San Luis Obispo,079,281455,64609,64350,7467,71817,533
2022-12-06,San Mateo,081,765935,176146,174791,10656,185447,749
2022-12-06,Santa Barbara,083,443738,108494,108151,7171,115322,739
2022-12-06,Santa Clara,085,1922200,455215,448654,19892,468546,2565
2022-12-06,Santa Cruz,087,273765,66014,65656,3659,69315,275
2022-12-06,Shasta,089,179085,35869,35666,8004,43670,598
2022-12-06,Sierra,091,2930,308,308,61,369,5
2022-12-06,Siskiyou,093,43540,5317,5442,3388,8830,95
2022-12-06,Solano,095,438530,109171,108649,8214,116863,473
2022-12-06,Sonoma,097,501317,109996,109622,5479,115101,531
2022-12-06,Stanislaus,099,539301,141253,140827,22172,162999,1785
2022-12-06,Sutter,101,95872,24968,24906,2494,27400,234
2022-12-06,Tehama,103,63373,14104,14004,3280,17284,218
2022-12-06,Trinity,105,12862,1442,1431,458,1889,23
2022-12-06,Tulare,107,460477,124732,123976,38209,162185,1546
2022-12-06,Tuolumne,109,53932,16191,16054,956,17010,208
2022-12-06,Ventura,111,848112,214445,213720,16745,230465,1598
2022-12-06,Yolo,113,214977,48757,48547,4612,53159,416
2022-12-06,Yuba,115,75493,19441,19399,1772,21171,132
2022-12-05,Alameda,001,1643700,362464,357689,20760,378449,2063
2022-12-05,Alpine,002,1148,139,139,2,141,0
2022-12-05,Amador,005,37829,10222,10150,948,11098,96
2022-12-05,Butte,007,227075,40687,40335,9630,49965,465
2022-12-05,Calaveras,009,45235,8748,8676,594,9270,135
2022-12-05,Colusa,011,21464,3872,3849,1320,5169,22
2022-12-05,Contra Costa,013,1133247,260932,257263,21491,278754,1485
2022-12-05,Del Norte,015,27424,7618,7519,411,7930,56
2022-12-05,El Dorado,017,186661,33480,33200,4414,37614,235
2022-12-05,Fresno,019,978130,285846,279787,33224,313011,2898
2022-12-05,Glenn,021,27897,5680,5647,1936,7583,58
2022-12-05,Humboldt,023,135768,22730,22436,5429,27865,160
2022-12-05,Imperial,025,180216,67892,67001,17659,84660,960
2022-12-05,Inyo,027,18085,4642,4590,1127,5717,60
2022-12-05,Kern,029,883053,223848,222087,67545,289632,2431
2022-12-05,Kings,031,150075,61074,60636,4306,64942,464
2022-12-05,Lake,033,64148,13209,13078,1237,14315,149
2022-12-05,Lassen,035,31185,10146,10110,1026,11136,65
2022-12-05,Los Angeles,037,10098052,3381760,3346956,197402,3544358,33937
2022-12-05,Madera,039,155013,45067,44650,8534,53184,377
2022-12-05,Marin,041,260295,38577,46509,5453,51962,314
2022-12-05,Mariposa,043,17540,3231,3175,353,3528,32
2022-12-05,Mendocino,045,87422,16416,16294,4644,20938,136
2022-12-05,Merced,047,269075,75208,73547,12397,85944,876
2022-12-05,Modoc,049,8938,915,895,353,1248,11
2022-12-05,Mono,051,14174,3249,3237,279,3516,8
2022-12-05,Monterey,053,433212,95972,95364,22012,117376,775
2022-12-05,Napa,055,140530,33288,32859,1452,34311,161
2022-12-05,Nevada,057,99092,19645,19398,2098,21496,132
2022-12-05,Orange,059,3164182,688713,679165,69648,748813,7567
2022-12-05,Placer,061,380077,78394,77618,9999,87617,665
2022-12-05,Plumas,063,18699,3763,3738,450,4188,13
2022-12-05,Riverside,065,2383286,713208,706396,37734,744130,6693
2022-12-05,Sacramento,067,1510023,358812,354844,36384,391228,3377
2022-12-05,San Benito,069,59416,16972,16555,1034,17589,108
2022-12-05,San Bernardino,071,2135413,689317,681872,32233,714105,8133
2022-12-05,San Diego,073,3302833,949295,942451,75301,1017752,5569
2022-12-05,San Francisco,075,870044,187011,184552,12661,197213,1078
2022-12-05,San Joaquin,077,732212,203365,201175,15958,217133,2347
2022-12-05,San Luis Obispo,079,281455,64566,64105,7453,71558,531
2022-12-05,San Mateo,081,765935,175927,173283,10647,183930,748
2022-12-05,Santa Barbara,083,443738,108410,107527,7156,114683,738
2022-12-05,Santa Clara,085,1922200,454659,444150,19846,463996,2560
2022-12-05,Santa Cruz,087,273765,65889,65044,3653,68697,275
2022-12-05,Shasta,089,179085,35851,35519,7994,43513,598
2022-12-05,Sierra,091,2930,308,308,61,369,5
2022-12-05,Siskiyou,093,43540,5316,5406,3386,8792,95
2022-12-05,Solano,095,438530,109071,107925,8198,116123,470
2022-12-05,Sonoma,097,501317,109902,109040,5473,114513,530
2022-12-05,Stanislaus,099,539301,141140,140127,22155,162282,1785
2022-12-05,Sutter,101,95872,24944,24800,2491,27291,234
2022-12-05,Tehama,103,63373,14088,13904,3276,17180,216
2022-12-05,Trinity,105,12862,1442,1428,457,1885,22
2022-12-05,Tulare,107,460477,124640,123368,38154,161522,1546
2022-12-05,Tuolumne,109,53932,16172,15945,955,16900,207
2022-12-05,Ventura,111,848112,214278,212363,16716,229079,1591
2022-12-05,Yolo,113,214977,48723,48329,4608,52937,409
2022-12-05,Yuba,115,75493,19429,19307,1772,21079,132
2022-12-04,Alameda,001,1643700,361905,357689,20704,378393,2063
2022-12-04,Alpine,002,1148,139,139,2,141,0
2022-12-04,Amador,005,37829,10218,10150,948,11098,96
2022-12-04,Butte,007,227075,40625,40335,9613,49948,465
2022-12-04,Calaveras,009,45235,8737,8676,592,9268,135
2022-12-04,Colusa,011,21464,3870,3849,1320,5169,22
2022-12-04,Contra Costa,013,1133247,260569,257263,21452,278715,1485
2022-12-04,Del Norte,015,27424,7612,7519,411,7930,56
2022-12-04,El Dorado,017,186661,33458,33200,4405,37605,235
2022-12-04,Fresno,019,978130,285542,279787,33155,312942,2898
2022-12-04,Glenn,021,27897,5675,5647,1933,7580,58
2022-12-04,Humboldt,023,135768,22699,22436,5419,27855,160
2022-12-04,Imperial,025,180216,67809,67001,17552,84553,960
2022-12-04,Inyo,027,18085,4640,4590,1125,5715,60
2022-12-04,Kern,029,883053,223705,222087,67416,289503,2431
2022-12-04,Kings,031,150075,61017,60636,4291,64927,464
2022-12-04,Lake,033,64148,13195,13078,1236,14314,149
2022-12-04,Lassen,035,31185,10143,10110,1024,11134,65
2022-12-04,Los Angeles,037,10098052,3377908,3346956,196720,3543676,33937
2022-12-04,Madera,039,155013,45039,44650,8524,53174,377
2022-12-04,Marin,041,260295,38510,46509,5444,51953,314
2022-12-04,Mariposa,043,17540,3228,3175,353,3528,32
2022-12-04,Mendocino,045,87422,16408,16294,4640,20934,136
2022-12-04,Merced,047,269075,75154,73547,12358,85905,876
2022-12-04,Modoc,049,8938,913,895,353,1248,11
2022-12-04,Mono,051,14174,3248,3237,279,3516,8
2022-12-04,Monterey,053,433212,95930,95364,21987,117351,775
2022-12-04,Napa,055,140530,33264,32859,1444,34303,161
2022-12-04,Nevada,057,99092,19620,19398,2086,21484,132
2022-12-04,Orange,059,3164182,688017,679165,69383,748548,7567
2022-12-04,Placer,061,380077,78321,77618,9986,87604,665
2022-12-04,Plumas,063,18699,3760,3738,448,4186,13
2022-12-04,Riverside,065,2383286,712509,706396,37614,744010,6693
2022-12-04,Sacramento,067,1510023,358455,354844,36315,391159,3377
2022-12-04,San Benito,069,59416,16956,16555,1034,17589,108
2022-12-04,San Bernardino,071,2135413,688512,681872,32174,714046,8133
2022-12-04,San Diego,073,3302833,948233,942451,75134,1017585,5569
2022-12-04,San Francisco,075,870044,186712,184552,12625,197177,1078
2022-12-04,San Joaquin,077,732212,203178,201175,15919,217094,2347
2022-12-04,San Luis Obispo,079,281455,64524,64105,7439,71544,531
2022-12-04,San Mateo,081,765935,175719,173283,10634,183917,748
2022-12-04,Santa Barbara,083,443738,108311,107527,7147,114674,738
2022-12-04,Santa Clara,085,1922200,454011,444150,19792,463942,2560
2022-12-04,Santa Cruz,087,273765,65825,65044,3642,68686,275
2022-12-04,Shasta,089,179085,35831,35519,7970,43489,598
2022-12-04,Sierra,091,2930,308,308,61,369,5
2022-12-04,Siskiyou,093,43540,5311,5406,3385,8791,95
2022-12-04,Solano,095,438530,108925,107925,8193,116118,470
2022-12-04,Sonoma,097,501317,109801,109040,5466,114506,530
2022-12-04,Stanislaus,099,539301,141021,140127,22132,162259,1785
2022-12-04,Sutter,101,95872,24924,24800,2480,27280,234
2022-12-04,Tehama,103,63373,14073,13904,3275,17179,216
2022-12-04,Trinity,105,12862,1442,1428,457,1885,22
2022-12-04,Tulare,107,460477,124528,123368,38088,161456,1546
2022-12-04,Tuolumne,109,53932,16149,15945,954,16899,207
2022-12-04,Ventura,111,848112,214108,212363,16673,229036,1591
2022-12-04,Yolo,113,214977,48675,48329,4599,52928,409
2022-12-04,Yuba,115,75493,19419,19307,1770,21077,132
2022-12-03,Alameda,001,1643700,361647,357689,20675,378364,2063
2022-12-03,Alpine,002,1148,139,139,2,141,0
2022-12-03,Amador,005,37829,10211,10150,948,11098,96
2022-12-03,Butte,007,227075,40609,40335,9604,49939,465
2022-12-03,Calaveras,009,45235,8734,8676,592,9268,135
2022-12-03,Colusa,011,21464,3868,3849,1320,5169,22
2022-12-03,Contra Costa,013,1133247,260390,257263,21435,278698,1485
2022-12-03,Del Norte,015,27424,7608,7519,410,7929,56
2022-12-03,El Dorado,017,186661,33442,33200,4403,37603,235
2022-12-03,Fresno,019,978130,285416,279787,33133,312920,2898
2022-12-03,Glenn,021,27897,5673,5647,1933,7580,58
2022-12-03,Humboldt,023,135768,22673,22436,5408,27844,160
2022-12-03,Imperial,025,180216,67772,67001,17531,84532,960
2022-12-03,Inyo,027,18085,4639,4590,1124,5714,60
2022-12-03,Kern,029,883053,223651,222087,67339,289426,2431
2022-12-03,Kings,031,150075,60997,60636,4289,64925,464
2022-12-03,Lake,033,64148,13190,13078,1235,14313,149
2022-12-03,Lassen,035,31185,10141,10110,1024,11134,65
2022-12-03,Los Angeles,037,10098052,3376008,3346956,196360,3543316,33937
2022-12-03,Madera,039,155013,45019,44650,8521,53171,377
2022-12-03,Marin,041,260295,38469,46509,5439,51948,314
2022-12-03,Mariposa,043,17540,3226,3175,353,3528,32
2022-12-03,Mendocino,045,87422,16402,16294,4639,20933,136
2022-12-03,Merced,047,269075,75114,73547,12346,85893,876
2022-12-03,Modoc,049,8938,911,895,352,1247,11
2022-12-03,Mono,051,14174,3246,3237,279,3516,8
2022-12-03,Monterey,053,433212,95909,95364,21970,117334,775
2022-12-03,Napa,055,140530,33256,32859,1444,34303,161
2022-12-03,Nevada,057,99092,19613,19398,2084,21482,132
2022-12-03,Orange,059,3164182,687655,679165,69231,748396,7567
2022-12-03,Placer,061,380077,78271,77618,9985,87603,665
2022-12-03,Plumas,063,18699,3758,3738,447,4185,13
2022-12-03,Riverside,065,2383286,712109,706396,37561,743957,6693
2022-12-03,Sacramento,067,1510023,358274,354844,36295,391139,3377
2022-12-03,San Benito,069,59416,16935,16555,1031,17586,108
2022-12-03,San Bernardino,071,2135413,688140,681872,32132,714004,8133
2022-12-03,San Diego,073,3302833,947732,942451,75072,1017523,5569
2022-12-03,San Francisco,075,870044,186569,184552,12620,197172,1078
2022-12-03,San Joaquin,077,732212,203066,201175,15896,217071,2347
2022-12-03,San Luis Obispo,079,281455,64511,64105,7434,71539,531
2022-12-03,San Mateo,081,765935,175592,173283,10627,183910,748
2022-12-03,Santa Barbara,083,443738,108271,107527,7141,114668,738
2022-12-03,Santa Clara,085,1922200,453652,444150,19760,463910,2560
2022-12-03,Santa Cruz,087,273765,65783,65044,3631,68675,275
2022-12-03,Shasta,089,179085,35821,35519,7967,43486,598
2022-12-03,Sierra,091,2930,308,308,61,369,5
2022-12-03,Siskiyou,093,43540,5310,5406,3385,8791,95
2022-12-03,Solano,095,438530,108896,107925,8184,116109,470
2022-12-03,Sonoma,097,501317,109752,109040,5464,114504,530
2022-12-03,Stanislaus,099,539301,140955,140127,22116,162243,1785
2022-12-03,Sutter,101,95872,24908,24800,2480,27280,234
2022-12-03,Tehama,103,63373,14069,13904,3272,17176,216
2022-12-03,Trinity,105,12862,1442,1428,457,1885,22
2022-12-03,Tulare,107,460477,124466,123368,38053,161421,1546
2022-12-03,Tuolumne,109,53932,16133,15945,951,16896,207
2022-12-03,Ventura,111,848112,214013,212363,16652,229015,1591
2022-12-03,Yolo,113,214977,48649,48329,4592,52921,409
2022-12-03,Yuba,115,75493,19414,19307,1769,21076,132
2022-12-02,Alameda,001,1643700,361369,357689,20649,378338,2063
2022-12-02,Alpine,002,1148,139,139,2,141,0
2022-12-02,Amador,005,37829,10205,10150,948,11098,96
2022-12-02,Butte,007,227075,40594,40335,9590,49925,465
2022-12-02,Calaveras,009,45235,8731,8676,592,9268,135
2022-12-02,Colusa,011,21464,3868,3849,1320,5169,22
2022-12-02,Contra Costa,013,1133247,260228,257263,21428,278691,1485
2022-12-02,Del Norte,015,27424,7604,7519,410,7929,56
2022-12-02,El Dorado,017,186661,33425,33200,4403,37603,235
2022-12-02,Fresno,019,978130,285254,279787,33103,312890,2898
2022-12-02,Glenn,021,27897,5672,5647,1932,7579,58
2022-12-02,Humboldt,023,135768,22659,22436,5404,27840,160
2022-12-02,Imperial,025,180216,67729,67001,17513,84514,960
2022-12-02,Inyo,027,18085,4636,4590,1122,5712,60
2022-12-02,Kern,029,883053,223558,222087,67290,289377,2431
2022-12-02,Kings,031,150075,60979,60636,4287,64923,464
2022-12-02,Lake,033,64148,13184,13078,1234,14312,149
2022-12-02,Lassen,035,31185,10140,10110,1023,11133,65
2022-12-02,Los Angeles,037,10098052,3373952,3346956,195942,3542898,33937
2022-12-02,Madera,039,155013,44995,44650,8520,53170,377
2022-12-02,Marin,041,260295,38432,46509,5436,51945,314
2022-12-02,Mariposa,043,17540,3224,3175,352,3527,32
2022-12-02,Mendocino,045,87422,16397,16294,4639,20933,136
2022-12-02,Merced,047,269075,75081,73547,12340,85887,876
2022-12-02,Modoc,049,8938,910,895,351,1246,11
2022-12-02,Mono,051,14174,3246,3237,278,3515,8
2022-12-02,Monterey,053,433212,95877,95364,21952,117316,775
2022-12-02,Napa,055,140530,33242,32859,1440,34299,161
2022-12-02,Nevada,057,99092,19607,19398,2079,21477,132
2022-12-02,Orange,059,3164182,687260,679165,69069,748234,7567
2022-12-02,Placer,061,380077,78243,77618,9978,87596,665
2022-12-02,Plumas,063,18699,3758,3738,447,4185,13
2022-12-02,Riverside,065,2383286,711655,706396,37505,743901,6693
2022-12-02,Sacramento,067,1510023,358048,354844,36264,391108,3377
2022-12-02,San Benito,069,59416,16912,16555,1028,17583,108
2022-12-02,San Bernardino,071,2135413,687759,681872,32106,713978,8133
2022-12-02,San Diego,073,3302833,947225,942451,74995,1017446,5569
2022-12-02,San Francisco,075,870044,186444,184552,12607,197159,1078
2022-12-02,San Joaquin,077,732212,202968,201175,15876,217051,2347
2022-12-02,San Luis Obispo,079,281455,64490,64105,7424,71529,531
2022-12-02,San Mateo,081,765935,175463,173283,10620,183903,748
2022-12-02,Santa Barbara,083,443738,108216,107527,7139,114666,738
2022-12-02,Santa Clara,085,1922200,453327,444150,19741,463891,2560
2022-12-02,Santa Cruz,087,273765,65728,65044,3627,68671,275
2022-12-02,Shasta,089,179085,35804,35519,7965,43484,598
2022-12-02,Sierra,091,2930,308,308,61,369,5
2022-12-02,Siskiyou,093,43540,5308,5406,3385,8791,95
2022-12-02,Solano,095,438530,108825,107925,8177,116102,470
2022-12-02,Sonoma,097,501317,109701,109040,5457,114497,530
2022-12-02,Stanislaus,099,539301,140892,140127,22109,162236,1785
2022-12-02,Sutter,101,95872,24899,24800,2480,27280,234
2022-12-02,Tehama,103,63373,14064,13904,3268,17172,216
2022-12-02,Trinity,105,12862,1442,1428,456,1884,22
2022-12-02,Tulare,107,460477,124420,123368,38000,161368,1546
2022-12-02,Tuolumne,109,53932,16121,15945,949,16894,207
2022-12-02,Ventura,111,848112,213909,212363,16626,228989,1591
2022-12-02,Yolo,113,214977,48637,48329,4591,52920,409
2022-12-02,Yuba,115,75493,19403,19307,1769,21076,132
2022-12-01,Alameda,001,1643700,360953,357689,20603,378292,2063
2022-12-01,Alpine,002,1148,139,139,2,141,0
2022-12-01,Amador,005,37829,10199,10150,948,11098,96
2022-12-01,Butte,007,227075,40566,40335,9575,49910,465
2022-12-01,Calaveras,009,45235,8724,8676,589,9265,135
2022-12-01,Colusa,011,21464,3868,3849,1316,5165,22
2022-12-01,Contra Costa,013,1133247,259985,257263,21407,278670,1485
2022-12-01,Del Norte,015,27424,7602,7519,410,7929,56
2022-12-01,El Dorado,017,186661,33397,33200,4396,37596,235
2022-12-01,Fresno,019,978130,285070,279787,33048,312835,2898
2022-12-01,Glenn,021,27897,5664,5647,1929,7576,58
2022-12-01,Humboldt,023,135768,22642,22436,5399,27835,160
2022-12-01,Imperial,025,180216,67656,67001,17413,84414,960
2022-12-01,Inyo,027,18085,4630,4590,1118,5708,60
2022-12-01,Kern,029,883053,223412,222087,67202,289289,2431
2022-12-01,Kings,031,150075,60940,60636,4284,64920,464
2022-12-01,Lake,033,64148,13178,13078,1234,14312,149
2022-12-01,Lassen,035,31185,10138,10110,1023,11133,65
2022-12-01,Los Angeles,037,10098052,3371061,3346956,195410,3542366,33937
2022-12-01,Madera,039,155013,44962,44650,8507,53157,377
2022-12-01,Marin,041,260295,38391,46509,5423,51932,314
2022-12-01,Mariposa,043,17540,3220,3175,352,3527,32
2022-12-01,Mendocino,045,87422,16392,16294,4639,20933,136
2022-12-01,Merced,047,269075,75034,73547,12325,85872,876
2022-12-01,Modoc,049,8938,907,895,350,1245,11
2022-12-01,Mono,051,14174,3243,3237,277,3514,8
2022-12-01,Monterey,053,433212,95841,95364,21938,117302,775
2022-12-01,Napa,055,140530,33213,32859,1439,34298,161
2022-12-01,Nevada,057,99092,19590,19398,2076,21474,132
2022-12-01,Orange,059,3164182,686653,679165,68879,748044,7567
2022-12-01,Placer,061,380077,78185,77618,9969,87587,665
2022-12-01,Plumas,063,18699,3751,3738,447,4185,13
2022-12-01,Riverside,065,2383286,711113,706396,37415,743811,6693
2022-12-01,Sacramento,067,1510023,357734,354844,36209,391053,3377
2022-12-01,San Benito,069,59416,16881,16555,1025,17580,108
2022-12-01,San Bernardino,071,2135413,687182,681872,32039,713911,8133
2022-12-01,San Diego,073,3302833,946418,942451,74844,1017295,5569
2022-12-01,San Francisco,075,870044,186233,184552,12579,197131,1078
2022-12-01,San Joaquin,077,732212,202815,201175,15849,217024,2347
2022-12-01,San Luis Obispo,079,281455,64468,64105,7410,71515,531
2022-12-01,San Mateo,081,765935,175295,173283,10614,183897,748
2022-12-01,Santa Barbara,083,443738,108150,107527,7132,114659,738
2022-12-01,Santa Clara,085,1922200,452817,444150,19711,463861,2560
2022-12-01,Santa Cruz,087,273765,65660,65044,3620,68664,275
2022-12-01,Shasta,089,179085,35785,35519,7957,43476,598
2022-12-01,Sierra,091,2930,308,308,61,369,5
2022-12-01,Siskiyou,093,43540,5306,5406,3384,8790,95
2022-12-01,Solano,095,438530,108744,107925,8172,116097,470
2022-12-01,Sonoma,097,501317,109632,109040,5444,114484,530
2022-12-01,Stanislaus,099,539301,140808,140127,22096,162223,1785
2022-12-01,Sutter,101,95872,24889,24800,2479,27279,234
2022-12-01,Tehama,103,63373,14047,13904,3263,17167,216
2022-12-01,Trinity,105,12862,1442,1428,455,1883,22
2022-12-01,Tulare,107,460477,124358,123368,37944,161312,1546
2022-12-01,Tuolumne,109,53932,16106,15945,949,16894,207
2022-12-01,Ventura,111,848112,213762,212363,16595,228958,1591
2022-12-01,Yolo,113,214977,48603,48329,4586,52915,409
2022-12-01,Yuba,115,75493,19384,19307,1769,21076,132
2022-11-30,Alameda,001,1643700,360519,357689,20568,378257,2063
2022-11-30,Alpine,002,1148,139,139,2,141,0
2022-11-30,Amador,005,37829,10193,10150,948,11098,96
2022-11-30,Butte,007,227075,40530,40335,9549,49884,465
2022-11-30,Calaveras,009,45235,8719,8676,588,9264,135
2022-11-30,Colusa,011,21464,3865,3849,1315,5164,22
2022-11-30,Contra Costa,013,1133247,259726,257263,21385,278648,1485
2022-11-30,Del Norte,015,27424,7597,7519,409,7928,56
2022-11-30,El Dorado,017,186661,33371,33200,4393,37593,235
2022-11-30,Fresno,019,978130,284804,279787,32999,312786,2898
2022-11-30,Glenn,021,27897,5662,5647,1923,7570,58
2022-11-30,Humboldt,023,135768,22627,22436,5388,27824,160
2022-11-30,Imperial,025,180216,67543,67001,17322,84323,960
2022-11-30,Inyo,027,18085,4629,4590,1115,5705,60
2022-11-30,Kern,029,883053,223310,222087,67125,289212,2431
2022-11-30,Kings,031,150075,60882,60636,4273,64909,464
2022-11-30,Lake,033,64148,13166,13078,1234,14312,149
2022-11-30,Lassen,035,31185,10136,10110,1023,11133,65
2022-11-30,Los Angeles,037,10098052,3367583,3346956,194812,3541768,33937
2022-11-30,Madera,039,155013,44935,44650,8502,53152,377
2022-11-30,Marin,041,260295,38352,46509,5417,51926,314
2022-11-30,Mariposa,043,17540,3216,3175,351,3526,32
2022-11-30,Mendocino,045,87422,16385,16294,4634,20928,136
2022-11-30,Merced,047,269075,74972,73547,12302,85849,876
2022-11-30,Modoc,049,8938,907,895,349,1244,11
2022-11-30,Mono,051,14174,3241,3237,277,3514,8
2022-11-30,Monterey,053,433212,95793,95364,21919,117283,775
2022-11-30,Napa,055,140530,33181,32859,1439,34298,161
2022-11-30,Nevada,057,99092,19578,19398,2071,21469,132
2022-11-30,Orange,059,3164182,686008,679165,68665,747830,7567
2022-11-30,Placer,061,380077,78117,77618,9961,87579,665
2022-11-30,Plumas,063,18699,3749,3738,447,4185,13
2022-11-30,Riverside,065,2383286,710442,706396,37318,743714,6693
2022-11-30,Sacramento,067,1510023,357443,354844,36176,391020,3377
2022-11-30,San Benito,069,59416,16842,16555,1023,17578,108
2022-11-30,San Bernardino,071,2135413,686551,681872,31977,713849,8133
2022-11-30,San Diego,073,3302833,945569,942451,74707,1017158,5569
2022-11-30,San Francisco,075,870044,186004,184552,12563,197115,1078
2022-11-30,San Joaquin,077,732212,202635,201175,15797,216972,2347
2022-11-30,San Luis Obispo,079,281455,64433,64105,7394,71499,531
2022-11-30,San Mateo,081,765935,175105,173283,10602,183885,748
2022-11-30,Santa Barbara,083,443738,108071,107527,7116,114643,738
2022-11-30,Santa Clara,085,1922200,452291,444150,19677,463827,2560
2022-11-30,Santa Cruz,087,273765,65596,65044,3614,68658,275
2022-11-30,Shasta,089,179085,35767,35519,7948,43467,598
2022-11-30,Sierra,091,2930,308,308,61,369,5
2022-11-30,Siskiyou,093,43540,5303,5406,3383,8789,95
2022-11-30,Solano,095,438530,108654,107925,8165,116090,470
2022-11-30,Sonoma,097,501317,109560,109040,5438,114478,530
2022-11-30,Stanislaus,099,539301,140701,140127,22080,162207,1785
2022-11-30,Sutter,101,95872,24871,24800,2476,27276,234
2022-11-30,Tehama,103,63373,14028,13904,3258,17162,216
2022-11-30,Trinity,105,12862,1441,1428,454,1882,22
2022-11-30,Tulare,107,460477,124276,123368,37885,161253,1546
2022-11-30,Tuolumne,109,53932,16090,15945,947,16892,207
2022-11-30,Ventura,111,848112,213570,212363,16551,228914,1591
2022-11-30,Yolo,113,214977,48576,48329,4580,52909,409
2022-11-30,Yuba,115,75493,19372,19307,1769,21076,132
2022-11-29,Alameda,001,1643700,360086,357689,20509,378198,2063
2022-11-29,Alpine,002,1148,139,139,1,140,0
2022-11-29,Amador,005,37829,10189,10150,948,11098,96
2022-11-29,Butte,007,227075,40487,40335,9530,49865,465
2022-11-29,Calaveras,009,45235,8712,8676,588,9264,135
2022-11-29,Colusa,011,21464,3864,3849,1311,5160,22
2022-11-29,Contra Costa,013,1133247,259457,257263,21365,278628,1485
2022-11-29,Del Norte,015,27424,7588,7519,409,7928,56
2022-11-29,El Dorado,017,186661,33330,33200,4390,37590,235
2022-11-29,Fresno,019,978130,284573,279787,32938,312725,2898
2022-11-29,Glenn,021,27897,5660,5647,1922,7569,58
2022-11-29,Humboldt,023,135768,22609,22436,5371,27807,160
2022-11-29,Imperial,025,180216,67449,67001,17234,84235,960
2022-11-29,Inyo,027,18085,4623,4590,1110,5700,60
2022-11-29,Kern,029,883053,223189,222087,67020,289107,2431
2022-11-29,Kings,031,150075,60843,60636,4270,64906,464
2022-11-29,Lake,033,64148,13158,13078,1234,14312,149
2022-11-29,Lassen,035,31185,10133,10110,1022,11132,65
2022-11-29,Los Angeles,037,10098052,3363608,3346956,194175,3541131,33937
2022-11-29,Madera,039,155013,44893,44650,8477,53127,377
2022-11-29,Marin,041,260295,38306,46509,5413,51922,314
2022-11-29,Mariposa,043,17540,3214,3175,350,3525,32
2022-11-29,Mendocino,045,87422,16376,16294,4630,20924,136
2022-11-29,Merced,047,269075,74918,73547,12275,85822,876
2022-11-29,Modoc,049,8938,905,895,349,1244,11
2022-11-29,Mono,051,14174,3240,3237,277,3514,8
2022-11-29,Monterey,053,433212,95751,95364,21888,117252,775
2022-11-29,Napa,055,140530,33156,32859,1439,34298,161
2022-11-29,Nevada,057,99092,19557,19398,2065,21463,132
2022-11-29,Orange,059,3164182,685220,679165,68444,747609,7567
2022-11-29,Placer,061,380077,78046,77618,9951,87569,665
2022-11-29,Plumas,063,18699,3743,3738,446,4184,13
2022-11-29,Riverside,065,2383286,709831,706396,37217,743613,6693
2022-11-29,Sacramento,067,1510023,357053,354844,36130,390974,3377
2022-11-29,San Benito,069,59416,16800,16555,1019,17574,108
2022-11-29,San Bernardino,071,2135413,685900,681872,31915,713787,8133
2022-11-29,San Diego,073,3302833,944663,942451,74531,1016982,5569
2022-11-29,San Francisco,075,870044,185774,184552,12546,197098,1078
2022-11-29,San Joaquin,077,732212,202434,201175,15758,216933,2347
2022-11-29,San Luis Obispo,079,281455,64393,64105,7384,71489,531
2022-11-29,San Mateo,081,765935,174910,173283,10599,183882,748
2022-11-29,Santa Barbara,083,443738,107987,107527,7106,114633,738
2022-11-29,Santa Clara,085,1922200,451731,444150,19640,463790,2560
2022-11-29,Santa Cruz,087,273765,65512,65044,3610,68654,275
2022-11-29,Shasta,089,179085,35747,35519,7933,43452,598
2022-11-29,Sierra,091,2930,308,308,61,369,5
2022-11-29,Siskiyou,093,43540,5299,5406,3382,8788,95
2022-11-29,Solano,095,438530,108545,107925,8158,116083,470
2022-11-29,Sonoma,097,501317,109480,109040,5428,114468,530
2022-11-29,Stanislaus,099,539301,140615,140127,22055,162182,1785
2022-11-29,Sutter,101,95872,24863,24800,2475,27275,234
2022-11-29,Tehama,103,63373,14013,13904,3249,17153,216
2022-11-29,Trinity,105,12862,1439,1428,454,1882,22
2022-11-29,Tulare,107,460477,124189,123368,37843,161211,1546
2022-11-29,Tuolumne,109,53932,16075,15945,945,16890,207
2022-11-29,Ventura,111,848112,213386,212363,16510,228873,1591
2022-11-29,Yolo,113,214977,48541,48329,4569,52898,409
2022-11-29,Yuba,115,75493,19361,19307,1768,21075,132
2022-11-28,Alameda,001,1643700,359629,356253,20476,376729,2059
2022-11-28,Alpine,002,1148,139,138,1,139,0
2022-11-28,Amador,005,37829,10181,10132,948,11080,95
2022-11-28,Butte,007,227075,40448,40206,9507,49713,465
2022-11-28,Calaveras,009,45235,8703,8651,588,9239,135
2022-11-28,Colusa,011,21464,3859,3840,1310,5150,22
2022-11-28,Contra Costa,013,1133247,259152,256191,21327,277518,1483
2022-11-28,Del Norte,015,27424,7579,7502,408,7910,56
2022-11-28,El Dorado,017,186661,33298,33057,4386,37443,233
2022-11-28,Fresno,019,978130,284297,278793,32873,311666,2893
2022-11-28,Glenn,021,27897,5656,5625,1921,7546,58
2022-11-28,Humboldt,023,135768,22589,22351,5351,27702,160
2022-11-28,Imperial,025,180216,67305,66747,17140,83887,960
2022-11-28,Inyo,027,18085,4616,4557,1105,5662,60
2022-11-28,Kern,029,883053,223029,221639,66923,288562,2430
2022-11-28,Kings,031,150075,60780,60457,4258,64715,463
2022-11-28,Lake,033,64148,13145,13042,1231,14273,149
2022-11-28,Lassen,035,31185,10132,10091,1020,11111,65
2022-11-28,Los Angeles,037,10098052,3359277,3332327,193561,3525888,33882
2022-11-28,Madera,039,155013,44862,44503,8467,52970,377
2022-11-28,Marin,041,260295,38264,46293,5405,51698,314
2022-11-28,Mariposa,043,17540,3212,3156,349,3505,32
2022-11-28,Mendocino,045,87422,16369,16255,4617,20872,136
2022-11-28,Merced,047,269075,74856,73259,12251,85510,876
2022-11-28,Modoc,049,8938,903,895,346,1241,11
2022-11-28,Mono,051,14174,3240,3233,275,3508,8
2022-11-28,Monterey,053,433212,95700,95169,21846,117015,775
2022-11-28,Napa,055,140530,33127,32736,1437,34173,161
2022-11-28,Nevada,057,99092,19530,19310,2061,21371,132
2022-11-28,Orange,059,3164182,684358,676959,68187,745146,7565
2022-11-28,Placer,061,380077,77998,77331,9942,87273,665
2022-11-28,Plumas,063,18699,3741,3737,446,4183,13
2022-11-28,Riverside,065,2383286,709161,704180,37124,741304,6692
2022-11-28,Sacramento,067,1510023,356655,353538,36082,389620,3374
2022-11-28,San Benito,069,59416,16754,16474,1007,17481,108
2022-11-28,San Bernardino,071,2135413,685191,679620,31837,711457,8133
2022-11-28,San Diego,073,3302833,943609,938583,74395,1012978,5562
2022-11-28,San Francisco,075,870044,185518,183671,12531,196202,1076
2022-11-28,San Joaquin,077,732212,202243,200474,15715,216189,2344
2022-11-28,San Luis Obispo,079,281455,64360,63962,7375,71337,530
2022-11-28,San Mateo,081,765935,174668,172573,10590,183163,748
2022-11-28,Santa Barbara,083,443738,107889,107184,7093,114277,735
2022-11-28,Santa Clara,085,1922200,451129,442182,19596,461778,2558
2022-11-28,Santa Cruz,087,273765,65418,64814,3606,68420,275
2022-11-28,Shasta,089,179085,35719,35452,7920,43372,596
2022-11-28,Sierra,091,2930,308,308,61,369,5
2022-11-28,Siskiyou,093,43540,5294,5385,3381,8766,95
2022-11-28,Solano,095,438530,108427,107446,8147,115593,469
2022-11-28,Sonoma,097,501317,109393,108690,5419,114109,530
2022-11-28,Stanislaus,099,539301,140500,139741,22018,161759,1785
2022-11-28,Sutter,101,95872,24848,24730,2475,27205,234
2022-11-28,Tehama,103,63373,13995,13857,3248,17105,216
2022-11-28,Trinity,105,12862,1439,1425,454,1879,21
2022-11-28,Tulare,107,460477,124114,123029,37789,160818,1545
2022-11-28,Tuolumne,109,53932,16065,15885,941,16826,206
2022-11-28,Ventura,111,848112,213176,211680,16461,228141,1591
2022-11-28,Yolo,113,214977,48507,48228,4554,52782,408
2022-11-28,Yuba,115,75493,19347,19233,1768,21001,132
2022-11-27,Alameda,001,1643700,359031,356253,20406,376659,2059
2022-11-27,Alpine,002,1148,139,138,1,139,0
2022-11-27,Amador,005,37829,10176,10132,947,11079,95
2022-11-27,Butte,007,227075,40403,40206,9487,49693,465
2022-11-27,Calaveras,009,45235,8697,8651,587,9238,135
2022-11-27,Colusa,011,21464,3856,3840,1308,5148,22
2022-11-27,Contra Costa,013,1133247,258791,256191,21278,277469,1483
2022-11-27,Del Norte,015,27424,7566,7502,405,7907,56
2022-11-27,El Dorado,017,186661,33256,33057,4380,37437,233
2022-11-27,Fresno,019,978130,283955,278793,32806,311599,2893
2022-11-27,Glenn,021,27897,5655,5625,1919,7544,58
2022-11-27,Humboldt,023,135768,22564,22351,5330,27681,160
2022-11-27,Imperial,025,180216,67214,66747,17070,83817,960
2022-11-27,Inyo,027,18085,4608,4557,1102,5659,60
2022-11-27,Kern,029,883053,222869,221639,66781,288420,2430
2022-11-27,Kings,031,150075,60706,60457,4246,64703,463
2022-11-27,Lake,033,64148,13131,13042,1229,14271,149
2022-11-27,Lassen,035,31185,10125,10091,1020,11111,65
2022-11-27,Los Angeles,037,10098052,3354132,3332327,192850,3525177,33882
2022-11-27,Madera,039,155013,44813,44503,8449,52952,377
2022-11-27,Marin,041,260295,38205,46293,5391,51684,314
2022-11-27,Mariposa,043,17540,3208,3156,349,3505,32
2022-11-27,Mendocino,045,87422,16355,16255,4605,20860,136
2022-11-27,Merced,047,269075,74743,73259,12225,85484,876
2022-11-27,Modoc,049,8938,901,895,346,1241,11
2022-11-27,Mono,051,14174,3240,3233,274,3507,8
2022-11-27,Monterey,053,433212,95638,95169,21815,116984,775
2022-11-27,Napa,055,140530,33091,32736,1435,34171,161
2022-11-27,Nevada,057,99092,19499,19310,2050,21360,132
2022-11-27,Orange,059,3164182,683498,676959,67905,744864,7565
2022-11-27,Placer,061,380077,77902,77331,9925,87256,665
2022-11-27,Plumas,063,18699,3739,3737,445,4182,13
2022-11-27,Riverside,065,2383286,708302,704180,36994,741174,6692
2022-11-27,Sacramento,067,1510023,356194,353538,36001,389539,3374
2022-11-27,San Benito,069,59416,16712,16474,1004,17478,108
2022-11-27,San Bernardino,071,2135413,684263,679620,31749,711369,8133
2022-11-27,San Diego,073,3302833,942362,938583,74206,1012789,5562
2022-11-27,San Francisco,075,870044,185208,183671,12503,196174,1076
2022-11-27,San Joaquin,077,732212,201975,200474,15640,216114,2344
2022-11-27,San Luis Obispo,079,281455,64287,63962,7354,71316,530
2022-11-27,San Mateo,081,765935,174348,172573,10575,183148,748
2022-11-27,Santa Barbara,083,443738,107781,107184,7067,114251,735
2022-11-27,Santa Clara,085,1922200,450439,442182,19557,461739,2558
2022-11-27,Santa Cruz,087,273765,65270,64814,3600,68414,275
2022-11-27,Shasta,089,179085,35698,35452,7905,43357,596
2022-11-27,Sierra,091,2930,308,308,61,369,5
2022-11-27,Siskiyou,093,43540,5289,5385,3379,8764,95
2022-11-27,Solano,095,438530,108285,107446,8131,115577,469
2022-11-27,Sonoma,097,501317,109285,108690,5417,114107,530
2022-11-27,Stanislaus,099,539301,140388,139741,21993,161734,1785
2022-11-27,Sutter,101,95872,24828,24730,2474,27204,234
2022-11-27,Tehama,103,63373,13974,13857,3230,17087,216
2022-11-27,Trinity,105,12862,1438,1425,454,1879,21
2022-11-27,Tulare,107,460477,123962,123029,37711,160740,1545
2022-11-27,Tuolumne,109,53932,16058,15885,939,16824,206
2022-11-27,Ventura,111,848112,212937,211680,16413,228093,1591
2022-11-27,Yolo,113,214977,48469,48228,4547,52775,408
2022-11-27,Yuba,115,75493,19327,19233,1765,20998,132
2022-11-26,Alameda,001,1643700,358752,356253,20380,376633,2059
2022-11-26,Alpine,002,1148,139,138,1,139,0
2022-11-26,Amador,005,37829,10171,10132,946,11078,95
2022-11-26,Butte,007,227075,40379,40206,9475,49681,465
2022-11-26,Calaveras,009,45235,8694,8651,587,9238,135
2022-11-26,Colusa,011,21464,3853,3840,1307,5147,22
2022-11-26,Contra Costa,013,1133247,258566,256191,21266,277457,1483
2022-11-26,Del Norte,015,27424,7556,7502,404,7906,56
2022-11-26,El Dorado,017,186661,33235,33057,4380,37437,233
2022-11-26,Fresno,019,978130,283786,278793,32777,311570,2893
2022-11-26,Glenn,021,27897,5651,5625,1913,7538,58
2022-11-26,Humboldt,023,135768,22550,22351,5322,27673,160
2022-11-26,Imperial,025,180216,67172,66747,17054,83801,960
2022-11-26,Inyo,027,18085,4601,4557,1100,5657,60
2022-11-26,Kern,029,883053,222782,221639,66714,288353,2430
2022-11-26,Kings,031,150075,60678,60457,4245,64702,463
2022-11-26,Lake,033,64148,13123,13042,1228,14270,149
2022-11-26,Lassen,035,31185,10124,10091,1020,11111,65
2022-11-26,Los Angeles,037,10098052,3351624,3332327,192468,3524795,33882
2022-11-26,Madera,039,155013,44792,44503,8440,52943,377
2022-11-26,Marin,041,260295,38165,46293,5385,51678,314
2022-11-26,Mariposa,043,17540,3208,3156,349,3505,32
2022-11-26,Mendocino,045,87422,16349,16255,4605,20860,136
2022-11-26,Merced,047,269075,74703,73259,12217,85476,876
2022-11-26,Modoc,049,8938,901,895,346,1241,11
2022-11-26,Mono,051,14174,3239,3233,273,3506,8
2022-11-26,Monterey,053,433212,95597,95169,21797,116966,775
2022-11-26,Napa,055,140530,33079,32736,1435,34171,161
2022-11-26,Nevada,057,99092,19492,19310,2043,21353,132
2022-11-26,Orange,059,3164182,683065,676959,67765,744724,7565
2022-11-26,Placer,061,380077,77843,77331,9917,87248,665
2022-11-26,Plumas,063,18699,3739,3737,445,4182,13
2022-11-26,Riverside,065,2383286,707847,704180,36929,741109,6692
2022-11-26,Sacramento,067,1510023,355992,353538,35966,389504,3374
2022-11-26,San Benito,069,59416,16690,16474,1004,17478,108
2022-11-26,San Bernardino,071,2135413,683852,679620,31708,711328,8133
2022-11-26,San Diego,073,3302833,941914,938583,74112,1012695,5562
2022-11-26,San Francisco,075,870044,185050,183671,12497,196168,1076
2022-11-26,San Joaquin,077,732212,201845,200474,15606,216080,2344
2022-11-26,San Luis Obispo,079,281455,64270,63962,7351,71313,530
2022-11-26,San Mateo,081,765935,174197,172573,10571,183144,748
2022-11-26,Santa Barbara,083,443738,107692,107184,7058,114242,735
2022-11-26,Santa Clara,085,1922200,449936,442182,19528,461710,2558
2022-11-26,Santa Cruz,087,273765,65222,64814,3597,68411,275
2022-11-26,Shasta,089,179085,35684,35452,7900,43352,596
2022-11-26,Sierra,091,2930,308,308,61,369,5
2022-11-26,Siskiyou,093,43540,5282,5385,3379,8764,95
2022-11-26,Solano,095,438530,108236,107446,8124,115570,469
2022-11-26,Sonoma,097,501317,109234,108690,5413,114103,530
2022-11-26,Stanislaus,099,539301,140321,139741,21975,161716,1785
2022-11-26,Sutter,101,95872,24822,24730,2473,27203,234
2022-11-26,Tehama,103,63373,13968,13857,3223,17080,216
2022-11-26,Trinity,105,12862,1438,1425,454,1879,21
2022-11-26,Tulare,107,460477,123913,123029,37653,160682,1545
2022-11-26,Tuolumne,109,53932,16046,15885,938,16823,206
2022-11-26,Ventura,111,848112,212797,211680,16390,228070,1591
2022-11-26,Yolo,113,214977,48449,48228,4542,52770,408
2022-11-26,Yuba,115,75493,19320,19233,1765,20998,132
2022-11-25,Alameda,001,1643700,358476,356253,20352,376605,2059
2022-11-25,Alpine,002,1148,139,138,1,139,0
2022-11-25,Amador,005,37829,10164,10132,945,11077,95
2022-11-25,Butte,007,227075,40362,40206,9461,49667,465
2022-11-25,Calaveras,009,45235,8691,8651,587,9238,135
2022-11-25,Colusa,011,21464,3851,3840,1307,5147,22
2022-11-25,Contra Costa,013,1133247,258398,256191,21252,277443,1483
2022-11-25,Del Norte,015,27424,7555,7502,404,7906,56
2022-11-25,El Dorado,017,186661,33209,33057,4374,37431,233
2022-11-25,Fresno,019,978130,283615,278793,32745,311538,2893
2022-11-25,Glenn,021,27897,5650,5625,1911,7536,58
2022-11-25,Humboldt,023,135768,22537,22351,5319,27670,160
2022-11-25,Imperial,025,180216,67135,66747,17022,83769,960
2022-11-25,Inyo,027,18085,4597,4557,1094,5651,60
2022-11-25,Kern,029,883053,222715,221639,66661,288300,2430
2022-11-25,Kings,031,150075,60655,60457,4245,64702,463
2022-11-25,Lake,033,64148,13121,13042,1228,14270,149
2022-11-25,Lassen,035,31185,10124,10091,1019,11110,65
2022-11-25,Los Angeles,037,10098052,3349299,3332327,192046,3524373,33882
2022-11-25,Madera,039,155013,44766,44503,8432,52935,377
2022-11-25,Marin,041,260295,38124,46293,5383,51676,314
2022-11-25,Mariposa,043,17540,3205,3156,348,3504,32
2022-11-25,Mendocino,045,87422,16341,16255,4602,20857,136
2022-11-25,Merced,047,269075,74668,73259,12212,85471,876
2022-11-25,Modoc,049,8938,900,895,346,1241,11
2022-11-25,Mono,051,14174,3239,3233,273,3506,8
2022-11-25,Monterey,053,433212,95549,95169,21771,116940,775
2022-11-25,Napa,055,140530,33066,32736,1435,34171,161
2022-11-25,Nevada,057,99092,19477,19310,2039,21349,132
2022-11-25,Orange,059,3164182,682654,676959,67650,744609,7565
2022-11-25,Placer,061,380077,77802,77331,9911,87242,665
2022-11-25,Plumas,063,18699,3739,3737,445,4182,13
2022-11-25,Riverside,065,2383286,707460,704180,36853,741033,6692
2022-11-25,Sacramento,067,1510023,355774,353538,35935,389473,3374
2022-11-25,San Benito,069,59416,16664,16474,1004,17478,108
2022-11-25,San Bernardino,071,2135413,683437,679620,31676,711296,8133
2022-11-25,San Diego,073,3302833,941421,938583,74047,1012630,5562
2022-11-25,San Francisco,075,870044,184903,183671,12469,196140,1076
2022-11-25,San Joaquin,077,732212,201731,200474,15587,216061,2344
2022-11-25,San Luis Obispo,079,281455,64255,63962,7343,71305,530
2022-11-25,San Mateo,081,765935,174013,172573,10565,183138,748
2022-11-25,Santa Barbara,083,443738,107629,107184,7056,114240,735
2022-11-25,Santa Clara,085,1922200,449507,442182,19504,461686,2558
2022-11-25,Santa Cruz,087,273765,65185,64814,3595,68409,275
2022-11-25,Shasta,089,179085,35677,35452,7895,43347,596
2022-11-25,Sierra,091,2930,308,308,61,369,5
2022-11-25,Siskiyou,093,43540,5279,5385,3379,8764,95
2022-11-25,Solano,095,438530,108155,107446,8116,115562,469
2022-11-25,Sonoma,097,501317,109180,108690,5413,114103,530
2022-11-25,Stanislaus,099,539301,140247,139741,21964,161705,1785
2022-11-25,Sutter,101,95872,24811,24730,2473,27203,234
2022-11-25,Tehama,103,63373,13959,13857,3218,17075,216
2022-11-25,Trinity,105,12862,1438,1425,454,1879,21
2022-11-25,Tulare,107,460477,123854,123029,37616,160645,1545
2022-11-25,Tuolumne,109,53932,16036,15885,937,16822,206
2022-11-25,Ventura,111,848112,212666,211680,16365,228045,1591
2022-11-25,Yolo,113,214977,48430,48228,4535,52763,408
2022-11-25,Yuba,115,75493,19309,19233,1764,20997,132
2022-11-24,Alameda,001,1643700,358164,356253,20327,376580,2059
2022-11-24,Alpine,002,1148,139,138,1,139,0
2022-11-24,Amador,005,37829,10161,10132,945,11077,95
2022-11-24,Butte,007,227075,40323,40206,9446,49652,465
2022-11-24,Calaveras,009,45235,8684,8651,587,9238,135
2022-11-24,Colusa,011,21464,3848,3840,1307,5147,22
2022-11-24,Contra Costa,013,1133247,258217,256191,21241,277432,1483
2022-11-24,Del Norte,015,27424,7554,7502,404,7906,56
2022-11-24,El Dorado,017,186661,33177,33057,4372,37429,233
2022-11-24,Fresno,019,978130,283427,278793,32696,311489,2893
2022-11-24,Glenn,021,27897,5646,5625,1909,7534,58
2022-11-24,Humboldt,023,135768,22523,22351,5314,27665,160
2022-11-24,Imperial,025,180216,67073,66747,17011,83758,960
2022-11-24,Inyo,027,18085,4593,4557,1093,5650,60
2022-11-24,Kern,029,883053,222641,221639,66590,288229,2430
2022-11-24,Kings,031,150075,60621,60457,4240,64697,463
2022-11-24,Lake,033,64148,13114,13042,1228,14270,149
2022-11-24,Lassen,035,31185,10120,10091,1019,11110,65
2022-11-24,Los Angeles,037,10098052,3346690,3332327,191574,3523901,33882
2022-11-24,Madera,039,155013,44744,44503,8424,52927,377
2022-11-24,Marin,041,260295,38079,46293,5382,51675,314
2022-11-24,Mariposa,043,17540,3201,3156,348,3504,32
2022-11-24,Mendocino,045,87422,16335,16255,4599,20854,136
2022-11-24,Merced,047,269075,74609,73259,12207,85466,876
2022-11-24,Modoc,049,8938,900,895,346,1241,11
2022-11-24,Mono,051,14174,3237,3233,273,3506,8
2022-11-24,Monterey,053,433212,95509,95169,21757,116926,775
2022-11-24,Napa,055,140530,33047,32736,1435,34171,161
2022-11-24,Nevada,057,99092,19462,19310,2035,21345,132
2022-11-24,Orange,059,3164182,682208,676959,67487,744446,7565
2022-11-24,Placer,061,380077,77761,77331,9900,87231,665
2022-11-24,Plumas,063,18699,3738,3737,445,4182,13
2022-11-24,Riverside,065,2383286,706984,704180,36771,740951,6692
2022-11-24,Sacramento,067,1510023,355515,353538,35915,389453,3374
2022-11-24,San Benito,069,59416,16654,16474,1003,17477,108
2022-11-24,San Bernardino,071,2135413,682944,679620,31627,711247,8133
2022-11-24,San Diego,073,3302833,940830,938583,73958,1012541,5562
2022-11-24,San Francisco,075,870044,184743,183671,12453,196124,1076
2022-11-24,San Joaquin,077,732212,201574,200474,15554,216028,2344
2022-11-24,San Luis Obispo,079,281455,64235,63962,7338,71300,530
2022-11-24,San Mateo,081,765935,173875,172573,10561,183134,748
2022-11-24,Santa Barbara,083,443738,107584,107184,7054,114238,735
2022-11-24,Santa Clara,085,1922200,449169,442182,19493,461675,2558
2022-11-24,Santa Cruz,087,273765,65155,64814,3594,68408,275
2022-11-24,Shasta,089,179085,35664,35452,7889,43341,596
2022-11-24,Sierra,091,2930,308,308,61,369,5
2022-11-24,Siskiyou,093,43540,5279,5385,3379,8764,95
2022-11-24,Solano,095,438530,108036,107446,8113,115559,469
2022-11-24,Sonoma,097,501317,109118,108690,5411,114101,530
2022-11-24,Stanislaus,099,539301,140166,139741,21952,161693,1785
2022-11-24,Sutter,101,95872,24799,24730,2473,27203,234
2022-11-24,Tehama,103,63373,13948,13857,3215,17072,216
2022-11-24,Trinity,105,12862,1438,1425,453,1878,21
2022-11-24,Tulare,107,460477,123799,123029,37583,160612,1545
2022-11-24,Tuolumne,109,53932,16022,15885,935,16820,206
2022-11-24,Ventura,111,848112,212523,211680,16328,228008,1591
2022-11-24,Yolo,113,214977,48410,48228,4532,52760,408
2022-11-24,Yuba,115,75493,19292,19233,1764,20997,132
2022-11-23,Alameda,001,1643700,358009,356253,20315,376568,2059
2022-11-23,Alpine,002,1148,139,138,1,139,0
2022-11-23,Amador,005,37829,10158,10132,945,11077,95
2022-11-23,Butte,007,227075,40306,40206,9435,49641,465
2022-11-23,Calaveras,009,45235,8678,8651,587,9238,135
2022-11-23,Colusa,011,21464,3848,3840,1307,5147,22
2022-11-23,Contra Costa,013,1133247,258103,256191,21237,277428,1483
2022-11-23,Del Norte,015,27424,7553,7502,404,7906,56
2022-11-23,El Dorado,017,186661,33167,33057,4371,37428,233
2022-11-23,Fresno,019,978130,283338,278793,32673,311466,2893
2022-11-23,Glenn,021,27897,5645,5625,1908,7533,58
2022-11-23,Humboldt,023,135768,22516,22351,5312,27663,160
2022-11-23,Imperial,025,180216,67031,66747,17005,83752,960
2022-11-23,Inyo,027,18085,4592,4557,1092,5649,60
2022-11-23,Kern,029,883053,222599,221639,66577,288216,2430
2022-11-23,Kings,031,150075,60609,60457,4239,64696,463
2022-11-23,Lake,033,64148,13108,13042,1228,14270,149
2022-11-23,Lassen,035,31185,10116,10091,1019,11110,65
2022-11-23,Los Angeles,037,10098052,3345631,3332327,191351,3523678,33882
2022-11-23,Madera,039,155013,44743,44503,8421,52924,377
2022-11-23,Marin,041,260295,38054,46293,5380,51673,314
2022-11-23,Mariposa,043,17540,3201,3156,348,3504,32
2022-11-23,Mendocino,045,87422,16334,16255,4596,20851,136
2022-11-23,Merced,047,269075,74588,73259,12203,85462,876
2022-11-23,Modoc,049,8938,900,895,346,1241,11
2022-11-23,Mono,051,14174,3237,3233,273,3506,8
2022-11-23,Monterey,053,433212,95488,95169,21749,116918,775
2022-11-23,Napa,055,140530,33036,32736,1435,34171,161
2022-11-23,Nevada,057,99092,19455,19310,2034,21344,132
2022-11-23,Orange,059,3164182,682073,676959,67410,744369,7565
2022-11-23,Placer,061,380077,77723,77331,9896,87227,665
2022-11-23,Plumas,063,18699,3737,3737,445,4182,13
2022-11-23,Riverside,065,2383286,706799,704180,36743,740923,6692
2022-11-23,Sacramento,067,1510023,355395,353538,35898,389436,3374
2022-11-23,San Benito,069,59416,16651,16474,1003,17477,108
2022-11-23,San Bernardino,071,2135413,682747,679620,31609,711229,8133
2022-11-23,San Diego,073,3302833,940620,938583,73919,1012502,5562
2022-11-23,San Francisco,075,870044,184668,183671,12450,196121,1076
2022-11-23,San Joaquin,077,732212,201507,200474,15534,216008,2344
2022-11-23,San Luis Obispo,079,281455,64229,63962,7338,71300,530
2022-11-23,San Mateo,081,765935,173818,172573,10560,183133,748
2022-11-23,Santa Barbara,083,443738,107550,107184,7052,114236,735
2022-11-23,Santa Clara,085,1922200,448992,442182,19478,461660,2558
2022-11-23,Santa Cruz,087,273765,65137,64814,3594,68408,275
2022-11-23,Shasta,089,179085,35658,35452,7887,43339,596
2022-11-23,Sierra,091,2930,308,308,61,369,5
2022-11-23,Siskiyou,093,43540,5276,5385,3379,8764,95
2022-11-23,Solano,095,438530,108021,107446,8111,115557,469
2022-11-23,Sonoma,097,501317,109088,108690,5411,114101,530
2022-11-23,Stanislaus,099,539301,140126,139741,21948,161689,1785
2022-11-23,Sutter,101,95872,24795,24730,2473,27203,234
2022-11-23,Tehama,103,63373,13943,13857,3214,17071,216
2022-11-23,Trinity,105,12862,1438,1425,453,1878,21
2022-11-23,Tulare,107,460477,123750,123029,37563,160592,1545
2022-11-23,Tuolumne,109,53932,16009,15885,935,16820,206
2022-11-23,Ventura,111,848112,212456,211680,16320,228000,1591
2022-11-23,Yolo,113,214977,48392,48228,4529,52757,408
2022-11-23,Yuba,115,75493,19285,19233,1763,20996,132
2022-11-22,Alameda,001,1643700,357639,356253,20273,376526,2059
2022-11-22,Alpine,002,1148,139,138,1,139,0
2022-11-22,Amador,005,37829,10154,10132,945,11077,95
2022-11-22,Butte,007,227075,40278,40206,9426,49632,465
2022-11-22,Calaveras,009,45235,8676,8651,586,9237,135
2022-11-22,Colusa,011,21464,3847,3840,1307,5147,22
2022-11-22,Contra Costa,013,1133247,257861,256191,21216,277407,1483
2022-11-22,Del Norte,015,27424,7548,7502,404,7906,56
2022-11-22,El Dorado,017,186661,33140,33057,4366,37423,233
2022-11-22,Fresno,019,978130,283147,278793,32630,311423,2893
2022-11-22,Glenn,021,27897,5642,5625,1903,7528,58
2022-11-22,Humboldt,023,135768,22491,22351,5301,27652,160
2022-11-22,Imperial,025,180216,66979,66747,16910,83657,960
2022-11-22,Inyo,027,18085,4588,4557,1090,5647,60
2022-11-22,Kern,029,883053,222530,221639,66523,288162,2430
2022-11-22,Kings,031,150075,60567,60457,4237,64694,463
2022-11-22,Lake,033,64148,13105,13042,1226,14268,149
2022-11-22,Lassen,035,31185,10109,10091,1018,11109,65
2022-11-22,Los Angeles,037,10098052,3342926,3332327,190879,3523206,33882
2022-11-22,Madera,039,155013,44718,44503,8410,52913,377
2022-11-22,Marin,041,260295,38012,46293,5378,51671,314
2022-11-22,Mariposa,043,17540,3196,3156,348,3504,32
2022-11-22,Mendocino,045,87422,16328,16255,4592,20847,136
2022-11-22,Merced,047,269075,74548,73259,12196,85455,876
2022-11-22,Modoc,049,8938,900,895,343,1238,11
2022-11-22,Mono,051,14174,3236,3233,273,3506,8
2022-11-22,Monterey,053,433212,95456,95169,21728,116897,775
2022-11-22,Napa,055,140530,33008,32736,1432,34168,161
2022-11-22,Nevada,057,99092,19434,19310,2023,21333,132
2022-11-22,Orange,059,3164182,681649,676959,67250,744209,7565
2022-11-22,Placer,061,380077,77663,77331,9888,87219,665
2022-11-22,Plumas,063,18699,3735,3737,445,4182,13
2022-11-22,Riverside,065,2383286,706372,704180,36665,740845,6692
2022-11-22,Sacramento,067,1510023,355145,353538,35872,389410,3374
2022-11-22,San Benito,069,59416,16635,16474,1001,17475,108
2022-11-22,San Bernardino,071,2135413,682336,679620,31577,711197,8133
2022-11-22,San Diego,073,3302833,940109,938583,73817,1012400,5562
2022-11-22,San Francisco,075,870044,184521,183671,12437,196108,1076
2022-11-22,San Joaquin,077,732212,201378,200474,15503,215977,2344
2022-11-22,San Luis Obispo,079,281455,64208,63962,7325,71287,530
2022-11-22,San Mateo,081,765935,173678,172573,10552,183125,748
2022-11-22,Santa Barbara,083,443738,107498,107184,7038,114222,735
2022-11-22,Santa Clara,085,1922200,448599,442182,19452,461634,2558
2022-11-22,Santa Cruz,087,273765,65092,64814,3590,68404,275
2022-11-22,Shasta,089,179085,35640,35452,7881,43333,596
2022-11-22,Sierra,091,2930,308,308,61,369,5
2022-11-22,Siskiyou,093,43540,5272,5385,3379,8764,95
2022-11-22,Solano,095,438530,107936,107446,8108,115554,469
2022-11-22,Sonoma,097,501317,109021,108690,5402,114092,530
2022-11-22,Stanislaus,099,539301,140054,139741,21936,161677,1785
2022-11-22,Sutter,101,95872,24781,24730,2472,27202,234
2022-11-22,Tehama,103,63373,13933,13857,3213,17070,216
2022-11-22,Trinity,105,12862,1437,1425,452,1877,21
2022-11-22,Tulare,107,460477,123675,123029,37519,160548,1545
2022-11-22,Tuolumne,109,53932,15998,15885,934,16819,206
2022-11-22,Ventura,111,848112,212351,211680,16299,227979,1591
2022-11-22,Yolo,113,214977,48367,48228,4521,52749,408
2022-11-22,Yuba,115,75493,19275,19233,1763,20996,132
2022-11-21,Alameda,001,1643700,357355,354457,20247,374704,2054
2022-11-21,Alpine,002,1148,139,136,1,137,0
2022-11-21,Amador,005,37829,10149,10108,944,11052,95
2022-11-21,Butte,007,227075,40244,40058,9418,49476,461
2022-11-21,Calaveras,009,45235,8671,8612,585,9197,135
2022-11-21,Colusa,011,21464,3845,3828,1307,5135,22
2022-11-21,Contra Costa,013,1133247,257681,254944,21204,276148,1479
2022-11-21,Del Norte,015,27424,7546,7492,404,7896,56
2022-11-21,El Dorado,017,186661,33113,32903,4360,37263,233
2022-11-21,Fresno,019,978130,282975,277735,32581,310316,2888
2022-11-21,Glenn,021,27897,5639,5591,1900,7491,50
2022-11-21,Humboldt,023,135768,22471,22254,5290,27544,160
2022-11-21,Imperial,025,180216,66926,66473,16852,83325,960
2022-11-21,Inyo,027,18085,4582,4530,1086,5616,60
2022-11-21,Kern,029,883053,222430,221145,66471,287616,2430
2022-11-21,Kings,031,150075,60534,60156,4235,64391,462
2022-11-21,Lake,033,64148,13096,12978,1225,14203,149
2022-11-21,Lassen,035,31185,10105,10043,1017,11060,65
2022-11-21,Los Angeles,037,10098052,3340306,3320411,190390,3510801,33830
2022-11-21,Madera,039,155013,44700,44373,8408,52781,375
2022-11-21,Marin,041,260295,37966,46115,5377,51492,314
2022-11-21,Mariposa,043,17540,3189,3138,348,3486,32
2022-11-21,Mendocino,045,87422,16320,16205,4591,20796,136
2022-11-21,Merced,047,269075,74507,73022,12194,85216,875
2022-11-21,Modoc,049,8938,898,889,342,1231,11
2022-11-21,Mono,051,14174,3236,3226,272,3498,8
2022-11-21,Monterey,053,433212,95417,94949,21697,116646,773
2022-11-21,Napa,055,140530,32987,32610,1431,34041,161
2022-11-21,Nevada,057,99092,19412,19238,2016,21254,132
2022-11-21,Orange,059,3164182,681168,674980,67060,742040,7553
2022-11-21,Placer,061,380077,77607,76976,9881,86857,662
2022-11-21,Plumas,063,18699,3735,3729,445,4174,13
2022-11-21,Riverside,065,2383286,705924,702343,36585,738928,6686
2022-11-21,Sacramento,067,1510023,354839,352117,35828,387945,3362
2022-11-21,San Benito,069,59416,16623,16410,1000,17410,108
2022-11-21,San Bernardino,071,2135413,681823,677641,31526,709167,8131
2022-11-21,San Diego,073,3302833,939511,935811,73691,1009502,5557
2022-11-21,San Francisco,075,870044,184347,182855,12429,195284,1074
2022-11-21,San Joaquin,077,732212,201249,199682,15469,215151,2341
2022-11-21,San Luis Obispo,079,281455,64181,63812,7318,71130,530
2022-11-21,San Mateo,081,765935,173551,171862,10547,182409,748
2022-11-21,Santa Barbara,083,443738,107423,106885,7035,113920,733
2022-11-21,Santa Clara,085,1922200,448188,440104,19433,459537,2541
2022-11-21,Santa Cruz,087,273765,65047,64515,3582,68097,276
2022-11-21,Shasta,089,179085,35620,35346,7873,43219,595
2022-11-21,Sierra,091,2930,308,308,60,368,5
2022-11-21,Siskiyou,093,43540,5267,5364,3379,8743,95
2022-11-21,Solano,095,438530,107835,106903,8101,115004,469
2022-11-21,Sonoma,097,501317,108939,108386,5398,113784,527
2022-11-21,Stanislaus,099,539301,139977,139293,21921,161214,1785
2022-11-21,Sutter,101,95872,24765,24642,2472,27114,234
2022-11-21,Tehama,103,63373,13925,13784,3210,16994,216
2022-11-21,Trinity,105,12862,1436,1422,449,1871,20
2022-11-21,Tulare,107,460477,123602,122707,37481,160188,1545
2022-11-21,Tuolumne,109,53932,15993,15805,934,16739,209
2022-11-21,Ventura,111,848112,212210,210938,16270,227208,1586
2022-11-21,Yolo,113,214977,48338,48092,4516,52608,355
2022-11-21,Yuba,115,75493,19255,19157,1762,20919,132
2022-11-20,Alameda,001,1643700,357004,354457,20212,374669,2054
2022-11-20,Alpine,002,1148,139,136,1,137,0
2022-11-20,Amador,005,37829,10146,10108,943,11051,95
2022-11-20,Butte,007,227075,40213,40058,9400,49458,461
2022-11-20,Calaveras,009,45235,8663,8612,585,9197,135
2022-11-20,Colusa,011,21464,3843,3828,1307,5135,22
2022-11-20,Contra Costa,013,1133247,257468,254944,21186,276130,1479
2022-11-20,Del Norte,015,27424,7539,7492,404,7896,56
2022-11-20,El Dorado,017,186661,33061,32903,4356,37259,233
2022-11-20,Fresno,019,978130,282763,277735,32529,310264,2888
2022-11-20,Glenn,021,27897,5634,5591,1899,7490,50
2022-11-20,Humboldt,023,135768,22446,22254,5287,27541,160
2022-11-20,Imperial,025,180216,66860,66473,16803,83276,960
2022-11-20,Inyo,027,18085,4575,4530,1085,5615,60
2022-11-20,Kern,029,883053,222321,221145,66418,287563,2430
2022-11-20,Kings,031,150075,60485,60156,4234,64390,462
2022-11-20,Lake,033,64148,13085,12978,1220,14198,149
2022-11-20,Lassen,035,31185,10104,10043,1015,11058,65
2022-11-20,Los Angeles,037,10098052,3337413,3320411,189899,3510310,33830
2022-11-20,Madera,039,155013,44682,44373,8403,52776,375
2022-11-20,Marin,041,260295,37937,46115,5373,51488,314
2022-11-20,Mariposa,043,17540,3185,3138,348,3486,32
2022-11-20,Mendocino,045,87422,16315,16205,4588,20793,136
2022-11-20,Merced,047,269075,74429,73022,12187,85209,875
2022-11-20,Modoc,049,8938,894,889,342,1231,11
2022-11-20,Mono,051,14174,3234,3226,272,3498,8
2022-11-20,Monterey,053,433212,95377,94949,21669,116618,773
2022-11-20,Napa,055,140530,32964,32610,1428,34038,161
2022-11-20,Nevada,057,99092,19382,19238,2008,21246,132
2022-11-20,Orange,059,3164182,680694,674980,66901,741881,7553
2022-11-20,Placer,061,380077,77546,76976,9878,86854,662
2022-11-20,Plumas,063,18699,3734,3729,445,4174,13
2022-11-20,Riverside,065,2383286,705502,702343,36507,738850,6686
2022-11-20,Sacramento,067,1510023,354545,352117,35800,387917,3362
2022-11-20,San Benito,069,59416,16604,16410,999,17409,108
2022-11-20,San Bernardino,071,2135413,681288,677641,31481,709122,8131
2022-11-20,San Diego,073,3302833,938832,935811,73574,1009385,5557
2022-11-20,San Francisco,075,870044,184137,182855,12408,195263,1074
2022-11-20,San Joaquin,077,732212,201123,199682,15447,215129,2341
2022-11-20,San Luis Obispo,079,281455,64148,63812,7314,71126,530
2022-11-20,San Mateo,081,765935,173399,171862,10535,182397,748
2022-11-20,Santa Barbara,083,443738,107359,106885,7024,113909,733
2022-11-20,Santa Clara,085,1922200,447784,440104,19411,459515,2541
2022-11-20,Santa Cruz,087,273765,64977,64515,3578,68093,276
2022-11-20,Shasta,089,179085,35601,35346,7861,43207,595
2022-11-20,Sierra,091,2930,308,308,60,368,5
2022-11-20,Siskiyou,093,43540,5265,5364,3378,8742,95
2022-11-20,Solano,095,438530,107724,106903,8092,114995,469
2022-11-20,Sonoma,097,501317,108878,108386,5396,113782,527
2022-11-20,Stanislaus,099,539301,139886,139293,21900,161193,1785
2022-11-20,Sutter,101,95872,24748,24642,2471,27113,234
2022-11-20,Tehama,103,63373,13914,13784,3210,16994,216
2022-11-20,Trinity,105,12862,1436,1422,446,1868,20
2022-11-20,Tulare,107,460477,123532,122707,37437,160144,1545
2022-11-20,Tuolumne,109,53932,15981,15805,933,16738,209
2022-11-20,Ventura,111,848112,212079,210938,16246,227184,1586
2022-11-20,Yolo,113,214977,48312,48092,4507,52599,355
2022-11-20,Yuba,115,75493,19250,19157,1762,20919,132
2022-11-19,Alameda,001,1643700,356820,354457,20198,374655,2054
2022-11-19,Alpine,002,1148,139,136,1,137,0
2022-11-19,Amador,005,37829,10143,10108,943,11051,95
2022-11-19,Butte,007,227075,40201,40058,9390,49448,461
2022-11-19,Calaveras,009,45235,8660,8612,583,9195,135
2022-11-19,Colusa,011,21464,3841,3828,1307,5135,22
2022-11-19,Contra Costa,013,1133247,257369,254944,21183,276127,1479
2022-11-19,Del Norte,015,27424,7538,7492,404,7896,56
2022-11-19,El Dorado,017,186661,33037,32903,4355,37258,233
2022-11-19,Fresno,019,978130,282657,277735,32508,310243,2888
2022-11-19,Glenn,021,27897,5634,5591,1899,7490,50
2022-11-19,Humboldt,023,135768,22431,22254,5281,27535,160
2022-11-19,Imperial,025,180216,66838,66473,16795,83268,960
2022-11-19,Inyo,027,18085,4573,4530,1081,5611,60
2022-11-19,Kern,029,883053,222283,221145,66396,287541,2430
2022-11-19,Kings,031,150075,60463,60156,4232,64388,462
2022-11-19,Lake,033,64148,13081,12978,1220,14198,149
2022-11-19,Lassen,035,31185,10103,10043,1015,11058,65
2022-11-19,Los Angeles,037,10098052,3335901,3320411,189646,3510057,33830
2022-11-19,Madera,039,155013,44667,44373,8402,52775,375
2022-11-19,Marin,041,260295,37914,46115,5373,51488,314
2022-11-19,Mariposa,043,17540,3185,3138,348,3486,32
2022-11-19,Mendocino,045,87422,16312,16205,4583,20788,136
2022-11-19,Merced,047,269075,74405,73022,12183,85205,875
2022-11-19,Modoc,049,8938,894,889,342,1231,11
2022-11-19,Mono,051,14174,3234,3226,272,3498,8
2022-11-19,Monterey,053,433212,95351,94949,21656,116605,773
2022-11-19,Napa,055,140530,32953,32610,1426,34036,161
2022-11-19,Nevada,057,99092,19372,19238,2005,21243,132
2022-11-19,Orange,059,3164182,680466,674980,66826,741806,7553
2022-11-19,Placer,061,380077,77495,76976,9873,86849,662
2022-11-19,Plumas,063,18699,3734,3729,445,4174,13
2022-11-19,Riverside,065,2383286,705264,702343,36459,738802,6686
2022-11-19,Sacramento,067,1510023,354423,352117,35790,387907,3362
2022-11-19,San Benito,069,59416,16591,16410,999,17409,108
2022-11-19,San Bernardino,071,2135413,681023,677641,31458,709099,8131
2022-11-19,San Diego,073,3302833,938594,935811,73533,1009344,5557
2022-11-19,San Francisco,075,870044,184041,182855,12404,195259,1074
2022-11-19,San Joaquin,077,732212,201032,199682,15419,215101,2341
2022-11-19,San Luis Obispo,079,281455,64133,63812,7310,71122,530
2022-11-19,San Mateo,081,765935,173316,171862,10531,182393,748
2022-11-19,Santa Barbara,083,443738,107322,106885,7019,113904,733
2022-11-19,Santa Clara,085,1922200,447563,440104,19399,459503,2541
2022-11-19,Santa Cruz,087,273765,64959,64515,3576,68091,276
2022-11-19,Shasta,089,179085,35592,35346,7854,43200,595
2022-11-19,Sierra,091,2930,308,308,60,368,5
2022-11-19,Siskiyou,093,43540,5258,5364,3378,8742,95
2022-11-19,Solano,095,438530,107693,106903,8087,114990,469
2022-11-19,Sonoma,097,501317,108854,108386,5395,113781,527
2022-11-19,Stanislaus,099,539301,139825,139293,21899,161192,1785
2022-11-19,Sutter,101,95872,24739,24642,2471,27113,234
2022-11-19,Tehama,103,63373,13907,13784,3209,16993,216
2022-11-19,Trinity,105,12862,1436,1422,446,1868,20
2022-11-19,Tulare,107,460477,123495,122707,37414,160121,1545
2022-11-19,Tuolumne,109,53932,15964,15805,932,16737,209
2022-11-19,Ventura,111,848112,211999,210938,16231,227169,1586
2022-11-19,Yolo,113,214977,48295,48092,4505,52597,355
2022-11-19,Yuba,115,75493,19244,19157,1762,20919,132
2022-11-18,Alameda,001,1643700,356624,354457,20181,374638,2054
2022-11-18,Alpine,002,1148,139,136,1,137,0
2022-11-18,Amador,005,37829,10137,10108,943,11051,95
2022-11-18,Butte,007,227075,40189,40058,9383,49441,461
2022-11-18,Calaveras,009,45235,8655,8612,583,9195,135
2022-11-18,Colusa,011,21464,3839,3828,1307,5135,22
2022-11-18,Contra Costa,013,1133247,257249,254944,21176,276120,1479
2022-11-18,Del Norte,015,27424,7536,7492,404,7896,56
2022-11-18,El Dorado,017,186661,33026,32903,4354,37257,233
2022-11-18,Fresno,019,978130,282543,277735,32488,310223,2888
2022-11-18,Glenn,021,27897,5633,5591,1899,7490,50
2022-11-18,Humboldt,023,135768,22417,22254,5277,27531,160
2022-11-18,Imperial,025,180216,66821,66473,16784,83257,960
2022-11-18,Inyo,027,18085,4571,4530,1076,5606,60
2022-11-18,Kern,029,883053,222249,221145,66347,287492,2430
2022-11-18,Kings,031,150075,60444,60156,4230,64386,462
2022-11-18,Lake,033,64148,13077,12978,1220,14198,149
2022-11-18,Lassen,035,31185,10103,10043,1015,11058,65
2022-11-18,Los Angeles,037,10098052,3334499,3320411,189382,3509793,33830
2022-11-18,Madera,039,155013,44645,44373,8396,52769,375
2022-11-18,Marin,041,260295,37893,46115,5369,51484,314
2022-11-18,Mariposa,043,17540,3178,3138,348,3486,32
2022-11-18,Mendocino,045,87422,16309,16205,4582,20787,136
2022-11-18,Merced,047,269075,74386,73022,12179,85201,875
2022-11-18,Modoc,049,8938,894,889,341,1230,11
2022-11-18,Mono,051,14174,3234,3226,271,3497,8
2022-11-18,Monterey,053,433212,95325,94949,21643,116592,773
2022-11-18,Napa,055,140530,32942,32610,1426,34036,161
2022-11-18,Nevada,057,99092,19365,19238,1996,21234,132
2022-11-18,Orange,059,3164182,680245,674980,66737,741717,7553
2022-11-18,Placer,061,380077,77459,76976,9867,86843,662
2022-11-18,Plumas,063,18699,3733,3729,444,4173,13
2022-11-18,Riverside,065,2383286,705042,702343,36418,738761,6686
2022-11-18,Sacramento,067,1510023,354261,352117,35774,387891,3362
2022-11-18,San Benito,069,59416,16588,16410,999,17409,108
2022-11-18,San Bernardino,071,2135413,680796,677641,31440,709081,8131
2022-11-18,San Diego,073,3302833,938266,935811,73481,1009292,5557
2022-11-18,San Francisco,075,870044,183936,182855,12383,195238,1074
2022-11-18,San Joaquin,077,732212,200956,199682,15405,215087,2341
2022-11-18,San Luis Obispo,079,281455,64117,63812,7307,71119,530
2022-11-18,San Mateo,081,765935,173256,171862,10523,182385,748
2022-11-18,Santa Barbara,083,443738,107294,106885,7015,113900,733
2022-11-18,Santa Clara,085,1922200,447327,440104,19385,459489,2541
2022-11-18,Santa Cruz,087,273765,64936,64515,3573,68088,276
2022-11-18,Shasta,089,179085,35583,35346,7850,43196,595
2022-11-18,Sierra,091,2930,308,308,60,368,5
2022-11-18,Siskiyou,093,43540,5256,5364,3378,8742,95
2022-11-18,Solano,095,438530,107636,106903,8085,114988,469
2022-11-18,Sonoma,097,501317,108816,108386,5393,113779,527
2022-11-18,Stanislaus,099,539301,139776,139293,21893,161186,1785
2022-11-18,Sutter,101,95872,24732,24642,2471,27113,234
2022-11-18,Tehama,103,63373,13903,13784,3208,16992,216
2022-11-18,Trinity,105,12862,1436,1422,445,1867,20
2022-11-18,Tulare,107,460477,123451,122707,37381,160088,1545
2022-11-18,Tuolumne,109,53932,15951,15805,932,16737,209
2022-11-18,Ventura,111,848112,211921,210938,16210,227148,1586
2022-11-18,Yolo,113,214977,48279,48092,4500,52592,355
2022-11-18,Yuba,115,75493,19233,19157,1762,20919,132
2022-11-17,Alameda,001,1643700,356361,354457,20152,374609,2054
2022-11-17,Alpine,002,1148,138,136,1,137,0
2022-11-17,Amador,005,37829,10134,10108,943,11051,95
2022-11-17,Butte,007,227075,40166,40058,9372,49430,461
2022-11-17,Calaveras,009,45235,8650,8612,581,9193,135
2022-11-17,Colusa,011,21464,3839,3828,1307,5135,22
2022-11-17,Contra Costa,013,1133247,257095,254944,21167,276111,1479
2022-11-17,Del Norte,015,27424,7531,7492,404,7896,56
2022-11-17,El Dorado,017,186661,32996,32903,4354,37257,233
2022-11-17,Fresno,019,978130,282379,277735,32462,310197,2888
2022-11-17,Glenn,021,27897,5627,5591,1895,7486,50
2022-11-17,Humboldt,023,135768,22404,22254,5273,27527,160
2022-11-17,Imperial,025,180216,66770,66473,16745,83218,960
2022-11-17,Inyo,027,18085,4564,4530,1074,5604,60
2022-11-17,Kern,029,883053,222170,221145,66309,287454,2430
2022-11-17,Kings,031,150075,60409,60156,4224,64380,462
2022-11-17,Lake,033,64148,13071,12978,1220,14198,149
2022-11-17,Lassen,035,31185,10096,10043,1012,11055,65
2022-11-17,Los Angeles,037,10098052,3332554,3320411,189082,3509493,33830
2022-11-17,Madera,039,155013,44589,44373,8392,52765,375
2022-11-17,Marin,041,260295,37866,46115,5366,51481,314
2022-11-17,Mariposa,043,17540,3173,3138,348,3486,32
2022-11-17,Mendocino,045,87422,16303,16205,4582,20787,136
2022-11-17,Merced,047,269075,74347,73022,12176,85198,875
2022-11-17,Modoc,049,8938,892,889,341,1230,11
2022-11-17,Mono,051,14174,3233,3226,271,3497,8
2022-11-17,Monterey,053,433212,95296,94949,21618,116567,773
2022-11-17,Napa,055,140530,32918,32610,1425,34035,161
2022-11-17,Nevada,057,99092,19353,19238,1992,21230,132
2022-11-17,Orange,059,3164182,679914,674980,66622,741602,7553
2022-11-17,Placer,061,380077,77413,76976,9861,86837,662
2022-11-17,Plumas,063,18699,3729,3729,444,4173,13
2022-11-17,Riverside,065,2383286,704735,702343,36375,738718,6686
2022-11-17,Sacramento,067,1510023,354037,352117,35745,387862,3362
2022-11-17,San Benito,069,59416,16580,16410,997,17407,108
2022-11-17,San Bernardino,071,2135413,680478,677641,31409,709050,8131
2022-11-17,San Diego,073,3302833,937860,935811,73429,1009240,5557
2022-11-17,San Francisco,075,870044,183805,182855,12365,195220,1074
2022-11-17,San Joaquin,077,732212,200836,199682,15365,215047,2341
2022-11-17,San Luis Obispo,079,281455,64096,63812,7304,71116,530
2022-11-17,San Mateo,081,765935,173155,171862,10522,182384,748
2022-11-17,Santa Barbara,083,443738,107254,106885,7012,113897,733
2022-11-17,Santa Clara,085,1922200,446981,440104,19363,459467,2541
2022-11-17,Santa Cruz,087,273765,64899,64515,3571,68086,276
2022-11-17,Shasta,089,179085,35571,35346,7841,43187,595
2022-11-17,Sierra,091,2930,308,308,60,368,5
2022-11-17,Siskiyou,093,43540,5253,5364,3378,8742,95
2022-11-17,Solano,095,438530,107570,106903,8081,114984,469
2022-11-17,Sonoma,097,501317,108764,108386,5392,113778,527
2022-11-17,Stanislaus,099,539301,139716,139293,21880,161173,1785
2022-11-17,Sutter,101,95872,24721,24642,2471,27113,234
2022-11-17,Tehama,103,63373,13889,13784,3206,16990,216
2022-11-17,Trinity,105,12862,1434,1422,442,1864,20
2022-11-17,Tulare,107,460477,123384,122707,37348,160055,1545
2022-11-17,Tuolumne,109,53932,15935,15805,932,16737,209
2022-11-17,Ventura,111,848112,211820,210938,16189,227127,1586
2022-11-17,Yolo,113,214977,48268,48092,4495,52587,355
2022-11-17,Yuba,115,75493,19218,19157,1760,20917,132
2022-11-16,Alameda,001,1643700,356127,354457,20130,374587,2054
2022-11-16,Alpine,002,1148,138,136,1,137,0
2022-11-16,Amador,005,37829,10127,10108,943,11051,95
2022-11-16,Butte,007,227075,40143,40058,9356,49414,461
2022-11-16,Calaveras,009,45235,8643,8612,580,9192,135
2022-11-16,Colusa,011,21464,3837,3828,1306,5134,22
2022-11-16,Contra Costa,013,1133247,256961,254944,21147,276091,1479
2022-11-16,Del Norte,015,27424,7531,7492,404,7896,56
2022-11-16,El Dorado,017,186661,32973,32903,4353,37256,233
2022-11-16,Fresno,019,978130,282222,277735,32435,310170,2888
2022-11-16,Glenn,021,27897,5624,5591,1894,7485,50
2022-11-16,Humboldt,023,135768,22384,22254,5267,27521,160
2022-11-16,Imperial,025,180216,66731,66473,16682,83155,960
2022-11-16,Inyo,027,18085,4559,4530,1067,5597,60
2022-11-16,Kern,029,883053,222087,221145,66261,287406,2430
2022-11-16,Kings,031,150075,60350,60156,4220,64376,462
2022-11-16,Lake,033,64148,13056,12978,1220,14198,149
2022-11-16,Lassen,035,31185,10092,10043,1010,11053,65
2022-11-16,Los Angeles,037,10098052,3330731,3320411,188750,3509161,33830
2022-11-16,Madera,039,155013,44569,44373,8386,52759,375
2022-11-16,Marin,041,260295,37840,46115,5361,51476,314
2022-11-16,Mariposa,043,17540,3173,3138,348,3486,32
2022-11-16,Mendocino,045,87422,16297,16205,4581,20786,136
2022-11-16,Merced,047,269075,74296,73022,12170,85192,875
2022-11-16,Modoc,049,8938,891,889,341,1230,11
2022-11-16,Mono,051,14174,3233,3226,271,3497,8
2022-11-16,Monterey,053,433212,95258,94949,21594,116543,773
2022-11-16,Napa,055,140530,32887,32610,1422,34032,161
2022-11-16,Nevada,057,99092,19342,19238,1989,21227,132
2022-11-16,Orange,059,3164182,679582,674980,66503,741483,7553
2022-11-16,Placer,061,380077,77354,76976,9859,86835,662
2022-11-16,Plumas,063,18699,3729,3729,444,4173,13
2022-11-16,Riverside,065,2383286,704413,702343,36313,738656,6686
2022-11-16,Sacramento,067,1510023,353789,352117,35713,387830,3362
2022-11-16,San Benito,069,59416,16571,16410,995,17405,108
2022-11-16,San Bernardino,071,2135413,680106,677641,31392,709033,8131
2022-11-16,San Diego,073,3302833,937393,935811,73373,1009184,5557
2022-11-16,San Francisco,075,870044,183671,182855,12355,195210,1074
2022-11-16,San Joaquin,077,732212,200715,199682,15353,215035,2341
2022-11-16,San Luis Obispo,079,281455,64073,63812,7299,71111,530
2022-11-16,San Mateo,081,765935,173046,171862,10519,182381,748
2022-11-16,Santa Barbara,083,443738,107204,106885,7002,113887,733
2022-11-16,Santa Clara,085,1922200,446639,440104,19350,459454,2541
2022-11-16,Santa Cruz,087,273765,64857,64515,3569,68084,276
2022-11-16,Shasta,089,179085,35560,35346,7834,43180,595
2022-11-16,Sierra,091,2930,308,308,60,368,5
2022-11-16,Siskiyou,093,43540,5250,5364,3377,8741,95
2022-11-16,Solano,095,438530,107501,106903,8075,114978,469
2022-11-16,Sonoma,097,501317,108713,108386,5390,113776,527
2022-11-16,Stanislaus,099,539301,139655,139293,21868,161161,1785
2022-11-16,Sutter,101,95872,24706,24642,2471,27113,234
2022-11-16,Tehama,103,63373,13878,13784,3192,16976,216
2022-11-16,Trinity,105,12862,1433,1422,441,1863,20
2022-11-16,Tulare,107,460477,123325,122707,37310,160017,1545
2022-11-16,Tuolumne,109,53932,15920,15805,932,16737,209
2022-11-16,Ventura,111,848112,211704,210938,16167,227105,1586
2022-11-16,Yolo,113,214977,48245,48092,4488,52580,355
2022-11-16,Yuba,115,75493,19204,19157,1760,20917,132
2022-11-15,Alameda,001,1643700,355890,354457,20120,374577,2054
2022-11-15,Alpine,002,1148,138,136,1,137,0
2022-11-15,Amador,005,37829,10121,10108,943,11051,95
2022-11-15,Butte,007,227075,40126,40058,9349,49407,461
2022-11-15,Calaveras,009,45235,8637,8612,580,9192,135
2022-11-15,Colusa,011,21464,3836,3828,1306,5134,22
2022-11-15,Contra Costa,013,1133247,256804,254944,21125,276069,1479
2022-11-15,Del Norte,015,27424,7529,7492,404,7896,56
2022-11-15,El Dorado,017,186661,32948,32903,4348,37251,233
2022-11-15,Fresno,019,978130,282052,277735,32399,310134,2888
2022-11-15,Glenn,021,27897,5620,5591,1893,7484,50
2022-11-15,Humboldt,023,135768,22366,22254,5261,27515,160
2022-11-15,Imperial,025,180216,66694,66473,16646,83119,960
2022-11-15,Inyo,027,18085,4555,4530,1063,5593,60
2022-11-15,Kern,029,883053,221998,221145,65893,287038,2430
2022-11-15,Kings,031,150075,60313,60156,4217,64373,462
2022-11-15,Lake,033,64148,13048,12978,1220,14198,149
2022-11-15,Lassen,035,31185,10085,10043,1009,11052,65
2022-11-15,Los Angeles,037,10098052,3328847,3320411,188476,3508887,33830
2022-11-15,Madera,039,155013,44549,44373,8383,52756,375
2022-11-15,Marin,041,260295,37817,46115,5358,51473,314
2022-11-15,Mariposa,043,17540,3170,3138,348,3486,32
2022-11-15,Mendocino,045,87422,16291,16205,4577,20782,136
2022-11-15,Merced,047,269075,74266,73022,12162,85184,875
2022-11-15,Modoc,049,8938,890,889,341,1230,11
2022-11-15,Mono,051,14174,3233,3226,271,3497,8
2022-11-15,Monterey,053,433212,95226,94949,21561,116510,773
2022-11-15,Napa,055,140530,32863,32610,1421,34031,161
2022-11-15,Nevada,057,99092,19329,19238,1983,21221,132
2022-11-15,Orange,059,3164182,679227,674980,66380,741360,7553
2022-11-15,Placer,061,380077,77306,76976,9851,86827,662
2022-11-15,Plumas,063,18699,3728,3729,444,4173,13
2022-11-15,Riverside,065,2383286,704088,702343,36264,738607,6686
2022-11-15,Sacramento,067,1510023,353538,352117,35681,387798,3362
2022-11-15,San Benito,069,59416,16568,16410,995,17405,108
2022-11-15,San Bernardino,071,2135413,679828,677641,31365,709006,8131
2022-11-15,San Diego,073,3302833,936925,935811,73319,1009130,5557
2022-11-15,San Francisco,075,870044,183539,182855,12343,195198,1074
2022-11-15,San Joaquin,077,732212,200598,199682,15337,215019,2341
2022-11-15,San Luis Obispo,079,281455,64040,63812,7294,71106,530
2022-11-15,San Mateo,081,765935,172934,171862,10515,182377,748
2022-11-15,Santa Barbara,083,443738,107161,106885,6997,113882,733
2022-11-15,Santa Clara,085,1922200,446316,440104,19338,459442,2541
2022-11-15,Santa Cruz,087,273765,64817,64515,3564,68079,276
2022-11-15,Shasta,089,179085,35546,35346,7819,43165,595
2022-11-15,Sierra,091,2930,308,308,60,368,5
2022-11-15,Siskiyou,093,43540,5246,5364,3377,8741,95
2022-11-15,Solano,095,438530,107415,106903,8068,114971,469
2022-11-15,Sonoma,097,501317,108671,108386,5384,113770,527
2022-11-15,Stanislaus,099,539301,139588,139293,21842,161135,1785
2022-11-15,Sutter,101,95872,24696,24642,2470,27112,234
2022-11-15,Tehama,103,63373,13864,13784,3187,16971,216
2022-11-15,Trinity,105,12862,1432,1422,441,1863,20
2022-11-15,Tulare,107,460477,123254,122707,37267,159974,1545
2022-11-15,Tuolumne,109,53932,15914,15805,932,16737,209
2022-11-15,Ventura,111,848112,211592,210938,16155,227093,1586
2022-11-15,Yolo,113,214977,48221,48092,4481,52573,355
2022-11-15,Yuba,115,75493,19194,19157,1758,20915,132
2022-11-14,Alameda,001,1643700,355611,352725,20089,372814,2050
2022-11-14,Alpine,002,1148,138,136,1,137,0
2022-11-14,Amador,005,37829,10121,10080,943,11023,95
2022-11-14,Butte,007,227075,40101,39935,9342,49277,461
2022-11-14,Calaveras,009,45235,8631,8590,580,9170,135
2022-11-14,Colusa,011,21464,3836,3822,1305,5127,22
2022-11-14,Contra Costa,013,1133247,256652,253870,21117,274987,1469
2022-11-14,Del Norte,015,27424,7528,7472,404,7876,56
2022-11-14,El Dorado,017,186661,32927,32713,4348,37061,232
2022-11-14,Fresno,019,978130,281905,276921,32369,309290,2887
2022-11-14,Glenn,021,27897,5618,5570,1892,7462,48
2022-11-14,Humboldt,023,135768,22344,22176,5251,27427,160
2022-11-14,Imperial,025,180216,66646,66182,16606,82788,960
2022-11-14,Inyo,027,18085,4553,4520,1058,5578,60
2022-11-14,Kern,029,883053,221924,220676,65838,286514,2430
2022-11-14,Kings,031,150075,60239,59955,4211,64166,461
2022-11-14,Lake,033,64148,13041,12931,1216,14147,149
2022-11-14,Lassen,035,31185,10071,10019,1008,11027,65
2022-11-14,Los Angeles,037,10098052,3327070,3311644,188149,3499793,33784
2022-11-14,Madera,039,155013,44532,44281,8380,52661,375
2022-11-14,Marin,041,260295,37787,45924,5356,51280,314
2022-11-14,Mariposa,043,17540,3170,3124,348,3472,32
2022-11-14,Mendocino,045,87422,16281,16164,4573,20737,136
2022-11-14,Merced,047,269075,74238,72817,12154,84971,870
2022-11-14,Modoc,049,8938,890,887,334,1221,11
2022-11-14,Mono,051,14174,3233,3218,271,3489,8
2022-11-14,Monterey,053,433212,95190,94708,21527,116235,772
2022-11-14,Napa,055,140530,32841,32510,1419,33929,162
2022-11-14,Nevada,057,99092,19320,19171,1978,21149,132
2022-11-14,Orange,059,3164182,678928,673328,66266,739594,7546
2022-11-14,Placer,061,380077,77245,76490,9844,86334,662
2022-11-14,Plumas,063,18699,3728,3723,444,4167,13
2022-11-14,Riverside,065,2383286,703743,700602,36210,736812,6660
2022-11-14,Sacramento,067,1510023,353286,350522,35646,386168,3358
2022-11-14,San Benito,069,59416,16559,16350,994,17344,108
2022-11-14,San Bernardino,071,2135413,679432,676086,31324,707410,8126
2022-11-14,San Diego,073,3302833,936337,933599,73261,1006860,5538
2022-11-14,San Francisco,075,870044,183389,181964,12335,194299,1072
2022-11-14,San Joaquin,077,732212,200482,199089,15323,214412,2340
2022-11-14,San Luis Obispo,079,281455,64011,63683,7291,70974,525
2022-11-14,San Mateo,081,765935,172792,171191,10508,181699,748
2022-11-14,Santa Barbara,083,443738,107102,106642,6996,113638,733
2022-11-14,Santa Clara,085,1922200,445978,438278,19316,457594,2535
2022-11-14,Santa Cruz,087,273765,64761,64221,3558,67779,274
2022-11-14,Shasta,089,179085,35522,35246,7806,43052,594
2022-11-14,Sierra,091,2930,308,309,60,369,5
2022-11-14,Siskiyou,093,43540,5243,5337,3376,8713,94
2022-11-14,Solano,095,438530,107345,106391,8062,114453,468
2022-11-14,Sonoma,097,501317,108612,108080,5378,113458,525
2022-11-14,Stanislaus,099,539301,139532,138963,21833,160796,1785
2022-11-14,Sutter,101,95872,24674,24537,2470,27007,235
2022-11-14,Tehama,103,63373,13851,13745,3184,16929,216
2022-11-14,Trinity,105,12862,1431,1414,439,1853,20
2022-11-14,Tulare,107,460477,123171,122447,37238,159685,1544
2022-11-14,Tuolumne,109,53932,15896,15727,932,16659,201
2022-11-14,Ventura,111,848112,211482,210439,16137,226576,1585
2022-11-14,Yolo,113,214977,48206,47953,4478,52431,354
2022-11-14,Yuba,115,75493,19185,19098,1758,20856,132
2022-11-13,Alameda,001,1643700,355287,352725,20066,372791,2050
2022-11-13,Alpine,002,1148,137,136,1,137,0
2022-11-13,Amador,005,37829,10118,10080,942,11022,95
2022-11-13,Butte,007,227075,40072,39935,9334,49269,461
2022-11-13,Calaveras,009,45235,8628,8590,577,9167,135
2022-11-13,Colusa,011,21464,3834,3822,1303,5125,22
2022-11-13,Contra Costa,013,1133247,256456,253870,21101,274971,1469
2022-11-13,Del Norte,015,27424,7524,7472,404,7876,56
2022-11-13,El Dorado,017,186661,32903,32713,4345,37058,232
2022-11-13,Fresno,019,978130,281722,276921,32338,309259,2887
2022-11-13,Glenn,021,27897,5610,5570,1892,7462,48
2022-11-13,Humboldt,023,135768,22326,22176,5243,27419,160
2022-11-13,Imperial,025,180216,66583,66182,16557,82739,960
2022-11-13,Inyo,027,18085,4548,4520,1057,5577,60
2022-11-13,Kern,029,883053,221808,220676,65758,286434,2430
2022-11-13,Kings,031,150075,60198,59955,4194,64149,461
2022-11-13,Lake,033,64148,13020,12931,1215,14146,149
2022-11-13,Lassen,035,31185,10055,10019,1008,11027,65
2022-11-13,Los Angeles,037,10098052,3325112,3311644,187849,3499493,33784
2022-11-13,Madera,039,155013,44515,44281,8367,52648,375
2022-11-13,Marin,041,260295,37754,45924,5355,51279,314
2022-11-13,Mariposa,043,17540,3167,3124,348,3472,32
2022-11-13,Mendocino,045,87422,16271,16164,4562,20726,136
2022-11-13,Merced,047,269075,74198,72817,12145,84962,870
2022-11-13,Modoc,049,8938,890,887,331,1218,11
2022-11-13,Mono,051,14174,3233,3218,271,3489,8
2022-11-13,Monterey,053,433212,95145,94708,21493,116201,772
2022-11-13,Napa,055,140530,32823,32510,1418,33928,162
2022-11-13,Nevada,057,99092,19298,19171,1965,21136,132
2022-11-13,Orange,059,3164182,678573,673328,66135,739463,7546
2022-11-13,Placer,061,380077,77177,76490,9841,86331,662
2022-11-13,Plumas,063,18699,3727,3723,444,4167,13
2022-11-13,Riverside,065,2383286,703352,700602,36149,736751,6660
2022-11-13,Sacramento,067,1510023,353031,350522,35598,386120,3358
2022-11-13,San Benito,069,59416,16550,16350,993,17343,108
2022-11-13,San Bernardino,071,2135413,679032,676086,31292,707378,8126
2022-11-13,San Diego,073,3302833,935760,933599,73197,1006796,5538
2022-11-13,San Francisco,075,870044,183247,181964,12324,194288,1072
2022-11-13,San Joaquin,077,732212,200335,199089,15307,214396,2340
2022-11-13,San Luis Obispo,079,281455,63990,63683,7290,70973,525
2022-11-13,San Mateo,081,765935,172661,171191,10504,181695,748
2022-11-13,Santa Barbara,083,443738,107040,106642,6985,113627,733
2022-11-13,Santa Clara,085,1922200,445601,438278,19298,457576,2535
2022-11-13,Santa Cruz,087,273765,64697,64221,3555,67776,274
2022-11-13,Shasta,089,179085,35498,35246,7797,43043,594
2022-11-13,Sierra,091,2930,308,309,60,369,5
2022-11-13,Siskiyou,093,43540,5236,5337,3374,8711,94
2022-11-13,Solano,095,438530,107248,106391,8059,114450,468
2022-11-13,Sonoma,097,501317,108557,108080,5374,113454,525
2022-11-13,Stanislaus,099,539301,139470,138963,21824,160787,1785
2022-11-13,Sutter,101,95872,24661,24537,2468,27005,235
2022-11-13,Tehama,103,63373,13834,13745,3180,16925,216
2022-11-13,Trinity,105,12862,1430,1414,437,1851,20
2022-11-13,Tulare,107,460477,123103,122447,37197,159644,1544
2022-11-13,Tuolumne,109,53932,15884,15727,932,16659,201
2022-11-13,Ventura,111,848112,211367,210439,16123,226562,1585
2022-11-13,Yolo,113,214977,48180,47953,4475,52428,354
2022-11-13,Yuba,115,75493,19171,19098,1756,20854,132
2022-11-12,Alameda,001,1643700,355134,352725,20049,372774,2050
2022-11-12,Alpine,002,1148,137,136,1,137,0
2022-11-12,Amador,005,37829,10117,10080,942,11022,95
2022-11-12,Butte,007,227075,40060,39935,9324,49259,461
2022-11-12,Calaveras,009,45235,8622,8590,576,9166,135
2022-11-12,Colusa,011,21464,3833,3822,1302,5124,22
2022-11-12,Contra Costa,013,1133247,256329,253870,21098,274968,1469
2022-11-12,Del Norte,015,27424,7523,7472,404,7876,56
2022-11-12,El Dorado,017,186661,32886,32713,4343,37056,232
2022-11-12,Fresno,019,978130,281655,276921,32327,309248,2887
2022-11-12,Glenn,021,27897,5606,5570,1892,7462,48
2022-11-12,Humboldt,023,135768,22315,22176,5236,27412,160
2022-11-12,Imperial,025,180216,66570,66182,16545,82727,960
2022-11-12,Inyo,027,18085,4546,4520,1057,5577,60
2022-11-12,Kern,029,883053,221767,220676,65733,286409,2430
2022-11-12,Kings,031,150075,60166,59955,4189,64144,461
2022-11-12,Lake,033,64148,13015,12931,1215,14146,149
2022-11-12,Lassen,035,31185,10050,10019,1008,11027,65
2022-11-12,Los Angeles,037,10098052,3324133,3311644,187681,3499325,33784
2022-11-12,Madera,039,155013,44505,44281,8367,52648,375
2022-11-12,Marin,041,260295,37737,45924,5354,51278,314
2022-11-12,Mariposa,043,17540,3166,3124,348,3472,32
2022-11-12,Mendocino,045,87422,16267,16164,4562,20726,136
2022-11-12,Merced,047,269075,74180,72817,12143,84960,870
2022-11-12,Modoc,049,8938,890,887,331,1218,11
2022-11-12,Mono,051,14174,3232,3218,271,3489,8
2022-11-12,Monterey,053,433212,95117,94708,21469,116177,772
2022-11-12,Napa,055,140530,32811,32510,1418,33928,162
2022-11-12,Nevada,057,99092,19289,19171,1964,21135,132
2022-11-12,Orange,059,3164182,678410,673328,66060,739388,7546
2022-11-12,Placer,061,380077,77130,76490,9839,86329,662
2022-11-12,Plumas,063,18699,3727,3723,444,4167,13
2022-11-12,Riverside,065,2383286,703171,700602,36112,736714,6660
2022-11-12,Sacramento,067,1510023,352916,350522,35587,386109,3358
2022-11-12,San Benito,069,59416,16546,16350,993,17343,108
2022-11-12,San Bernardino,071,2135413,678812,676086,31276,707362,8126
2022-11-12,San Diego,073,3302833,935520,933599,73163,1006762,5538
2022-11-12,San Francisco,075,870044,183180,181964,12316,194280,1072
2022-11-12,San Joaquin,077,732212,200276,199089,15299,214388,2340
2022-11-12,San Luis Obispo,079,281455,63976,63683,7287,70970,525
2022-11-12,San Mateo,081,765935,172595,171191,10496,181687,748
2022-11-12,Santa Barbara,083,443738,107019,106642,6982,113624,733
2022-11-12,Santa Clara,085,1922200,445396,438278,19287,457565,2535
2022-11-12,Santa Cruz,087,273765,64684,64221,3552,67773,274
2022-11-12,Shasta,089,179085,35485,35246,7793,43039,594
2022-11-12,Sierra,091,2930,308,309,60,369,5
2022-11-12,Siskiyou,093,43540,5231,5337,3373,8710,94
2022-11-12,Solano,095,438530,107215,106391,8053,114444,468
2022-11-12,Sonoma,097,501317,108535,108080,5370,113450,525
2022-11-12,Stanislaus,099,539301,139430,138963,21821,160784,1785
2022-11-12,Sutter,101,95872,24651,24537,2468,27005,235
2022-11-12,Tehama,103,63373,13828,13745,3173,16918,216
2022-11-12,Trinity,105,12862,1429,1414,436,1850,20
2022-11-12,Tulare,107,460477,123066,122447,37180,159627,1544
2022-11-12,Tuolumne,109,53932,15873,15727,932,16659,201
2022-11-12,Ventura,111,848112,211292,210439,16112,226551,1585
2022-11-12,Yolo,113,214977,48155,47953,4472,52425,354
2022-11-12,Yuba,115,75493,19164,19098,1754,20852,132
2022-11-11,Alameda,001,1643700,354987,352725,20038,372763,2050
2022-11-11,Alpine,002,1148,137,136,1,137,0
2022-11-11,Amador,005,37829,10109,10080,942,11022,95
2022-11-11,Butte,007,227075,40052,39935,9317,49252,461
2022-11-11,Calaveras,009,45235,8619,8590,576,9166,135
2022-11-11,Colusa,011,21464,3828,3822,1301,5123,22
2022-11-11,Contra Costa,013,1133247,256223,253870,21093,274963,1469
2022-11-11,Del Norte,015,27424,7518,7472,404,7876,56
2022-11-11,El Dorado,017,186661,32872,32713,4340,37053,232
2022-11-11,Fresno,019,978130,281577,276921,32314,309235,2887
2022-11-11,Glenn,021,27897,5604,5570,1892,7462,48
2022-11-11,Humboldt,023,135768,22302,22176,5233,27409,160
2022-11-11,Imperial,025,180216,66554,66182,16532,82714,960
2022-11-11,Inyo,027,18085,4545,4520,1054,5574,60
2022-11-11,Kern,029,883053,221722,220676,65692,286368,2430
2022-11-11,Kings,031,150075,60150,59955,4184,64139,461
2022-11-11,Lake,033,64148,13012,12931,1215,14146,149
2022-11-11,Lassen,035,31185,10048,10019,1008,11027,65
2022-11-11,Los Angeles,037,10098052,3323182,3311644,187506,3499150,33784
2022-11-11,Madera,039,155013,44488,44281,8361,52642,375
2022-11-11,Marin,041,260295,37711,45924,5353,51277,314
2022-11-11,Mariposa,043,17540,3164,3124,348,3472,32
2022-11-11,Mendocino,045,87422,16263,16164,4562,20726,136
2022-11-11,Merced,047,269075,74160,72817,12139,84956,870
2022-11-11,Modoc,049,8938,889,887,331,1218,11
2022-11-11,Mono,051,14174,3231,3218,271,3489,8
2022-11-11,Monterey,053,433212,95102,94708,21452,116160,772
2022-11-11,Napa,055,140530,32801,32510,1417,33927,162
2022-11-11,Nevada,057,99092,19281,19171,1964,21135,132
2022-11-11,Orange,059,3164182,678245,673328,65995,739323,7546
2022-11-11,Placer,061,380077,77104,76490,9837,86327,662
2022-11-11,Plumas,063,18699,3727,3723,444,4167,13
2022-11-11,Riverside,065,2383286,703006,700602,36088,736690,6660
2022-11-11,Sacramento,067,1510023,352792,350522,35579,386101,3358
2022-11-11,San Benito,069,59416,16543,16350,993,17343,108
2022-11-11,San Bernardino,071,2135413,678620,676086,31263,707349,8126
2022-11-11,San Diego,073,3302833,935241,933599,73139,1006738,5538
2022-11-11,San Francisco,075,870044,183106,181964,12304,194268,1072
2022-11-11,San Joaquin,077,732212,200209,199089,15290,214379,2340
2022-11-11,San Luis Obispo,079,281455,63967,63683,7286,70969,525
2022-11-11,San Mateo,081,765935,172523,171191,10495,181686,748
2022-11-11,Santa Barbara,083,443738,107008,106642,6980,113622,733
2022-11-11,Santa Clara,085,1922200,445222,438278,19282,457560,2535
2022-11-11,Santa Cruz,087,273765,64654,64221,3552,67773,274
2022-11-11,Shasta,089,179085,35475,35246,7789,43035,594
2022-11-11,Sierra,091,2930,308,309,60,369,5
2022-11-11,Siskiyou,093,43540,5229,5337,3373,8710,94
2022-11-11,Solano,095,438530,107187,106391,8050,114441,468
2022-11-11,Sonoma,097,501317,108501,108080,5368,113448,525
2022-11-11,Stanislaus,099,539301,139390,138963,21814,160777,1785
2022-11-11,Sutter,101,95872,24643,24537,2468,27005,235
2022-11-11,Tehama,103,63373,13820,13745,3171,16916,216
2022-11-11,Trinity,105,12862,1426,1414,436,1850,20
2022-11-11,Tulare,107,460477,123035,122447,37158,159605,1544
2022-11-11,Tuolumne,109,53932,15863,15727,932,16659,201
2022-11-11,Ventura,111,848112,211227,210439,16097,226536,1585
2022-11-11,Yolo,113,214977,48143,47953,4471,52424,354
2022-11-11,Yuba,115,75493,19157,19098,1754,20852,132
2022-11-10,Alameda,001,1643700,354791,352725,20028,372753,2050
2022-11-10,Alpine,002,1148,137,136,1,137,0
2022-11-10,Amador,005,37829,10109,10080,942,11022,95
2022-11-10,Butte,007,227075,40038,39935,9313,49248,461
2022-11-10,Calaveras,009,45235,8616,8590,574,9164,135
2022-11-10,Colusa,011,21464,3828,3822,1299,5121,22
2022-11-10,Contra Costa,013,1133247,256100,253870,21088,274958,1469
2022-11-10,Del Norte,015,27424,7517,7472,404,7876,56
2022-11-10,El Dorado,017,186661,32849,32713,4339,37052,232
2022-11-10,Fresno,019,978130,281464,276921,32302,309223,2887
2022-11-10,Glenn,021,27897,5602,5570,1892,7462,48
2022-11-10,Humboldt,023,135768,22296,22176,5229,27405,160
2022-11-10,Imperial,025,180216,66525,66182,16499,82681,960
2022-11-10,Inyo,027,18085,4544,4520,1052,5572,60
2022-11-10,Kern,029,883053,221668,220676,65641,286317,2430
2022-11-10,Kings,031,150075,60131,59955,4183,64138,461
2022-11-10,Lake,033,64148,13010,12931,1214,14145,149
2022-11-10,Lassen,035,31185,10045,10019,1008,11027,65
2022-11-10,Los Angeles,037,10098052,3321908,3311644,187331,3498975,33784
2022-11-10,Madera,039,155013,44474,44281,8355,52636,375
2022-11-10,Marin,041,260295,37689,45924,5353,51277,314
2022-11-10,Mariposa,043,17540,3164,3124,348,3472,32
2022-11-10,Mendocino,045,87422,16256,16164,4561,20725,136
2022-11-10,Merced,047,269075,74145,72817,12137,84954,870
2022-11-10,Modoc,049,8938,888,887,331,1218,11
2022-11-10,Mono,051,14174,3230,3218,271,3489,8
2022-11-10,Monterey,053,433212,95078,94708,21423,116131,772
2022-11-10,Napa,055,140530,32788,32510,1416,33926,162
2022-11-10,Nevada,057,99092,19271,19171,1962,21133,132
2022-11-10,Orange,059,3164182,678039,673328,65932,739260,7546
2022-11-10,Placer,061,380077,77060,76490,9834,86324,662
2022-11-10,Plumas,063,18699,3727,3723,444,4167,13
2022-11-10,Riverside,065,2383286,702829,700602,36050,736652,6660
2022-11-10,Sacramento,067,1510023,352622,350522,35566,386088,3358
2022-11-10,San Benito,069,59416,16542,16350,993,17343,108
2022-11-10,San Bernardino,071,2135413,678395,676086,31246,707332,8126
2022-11-10,San Diego,073,3302833,934981,933599,73104,1006703,5538
2022-11-10,San Francisco,075,870044,183000,181964,12295,194259,1072
2022-11-10,San Joaquin,077,732212,200131,199089,15280,214369,2340
2022-11-10,San Luis Obispo,079,281455,63952,63683,7284,70967,525
2022-11-10,San Mateo,081,765935,172433,171191,10493,181684,748
2022-11-10,Santa Barbara,083,443738,106990,106642,6974,113616,733
2022-11-10,Santa Clara,085,1922200,444974,438278,19266,457544,2535
2022-11-10,Santa Cruz,087,273765,64624,64221,3547,67768,274
2022-11-10,Shasta,089,179085,35463,35246,7785,43031,594
2022-11-10,Sierra,091,2930,308,309,60,369,5
2022-11-10,Siskiyou,093,43540,5226,5337,3372,8709,94
2022-11-10,Solano,095,438530,107125,106391,8047,114438,468
2022-11-10,Sonoma,097,501317,108468,108080,5367,113447,525
2022-11-10,Stanislaus,099,539301,139345,138963,21812,160775,1785
2022-11-10,Sutter,101,95872,24629,24537,2468,27005,235
2022-11-10,Tehama,103,63373,13819,13745,3168,16913,216
2022-11-10,Trinity,105,12862,1426,1414,436,1850,20
2022-11-10,Tulare,107,460477,122978,122447,37117,159564,1544
2022-11-10,Tuolumne,109,53932,15854,15727,931,16658,201
2022-11-10,Ventura,111,848112,211132,210439,16083,226522,1585
2022-11-10,Yolo,113,214977,48128,47953,4470,52423,354
2022-11-10,Yuba,115,75493,19152,19098,1753,20851,132
2022-11-09,Alameda,001,1643700,354556,352725,20009,372734,2050
2022-11-09,Alpine,002,1148,137,136,1,137,0
2022-11-09,Amador,005,37829,10107,10080,942,11022,95
2022-11-09,Butte,007,227075,40015,39935,9303,49238,461
2022-11-09,Calaveras,009,45235,8610,8590,572,9162,135
2022-11-09,Colusa,011,21464,3827,3822,1296,5118,22
2022-11-09,Contra Costa,013,1133247,255963,253870,21078,274948,1469
2022-11-09,Del Norte,015,27424,7516,7472,404,7876,56
2022-11-09,El Dorado,017,186661,32824,32713,4338,37051,232
2022-11-09,Fresno,019,978130,281355,276921,32290,309211,2887
2022-11-09,Glenn,021,27897,5601,5570,1892,7462,48
2022-11-09,Humboldt,023,135768,22284,22176,5224,27400,160
2022-11-09,Imperial,025,180216,66487,66182,16451,82633,960
2022-11-09,Inyo,027,18085,4543,4520,1048,5568,60
2022-11-09,Kern,029,883053,221597,220676,65582,286258,2430
2022-11-09,Kings,031,150075,60085,59955,4178,64133,461
2022-11-09,Lake,033,64148,13005,12931,1210,14141,149
2022-11-09,Lassen,035,31185,10042,10019,1008,11027,65
2022-11-09,Los Angeles,037,10098052,3320437,3311644,187140,3498784,33784
2022-11-09,Madera,039,155013,44461,44281,8352,52633,375
2022-11-09,Marin,041,260295,37668,45924,5349,51273,314
2022-11-09,Mariposa,043,17540,3162,3124,348,3472,32
2022-11-09,Mendocino,045,87422,16253,16164,4558,20722,136
2022-11-09,Merced,047,269075,74117,72817,12133,84950,870
2022-11-09,Modoc,049,8938,888,887,331,1218,11
2022-11-09,Mono,051,14174,3229,3218,270,3488,8
2022-11-09,Monterey,053,433212,95047,94708,21402,116110,772
2022-11-09,Napa,055,140530,32769,32510,1415,33925,162
2022-11-09,Nevada,057,99092,19267,19171,1956,21127,132
2022-11-09,Orange,059,3164182,677796,673328,65828,739156,7546
2022-11-09,Placer,061,380077,77014,76490,9829,86319,662
2022-11-09,Plumas,063,18699,3724,3723,444,4167,13
2022-11-09,Riverside,065,2383286,702589,700602,36026,736628,6660
2022-11-09,Sacramento,067,1510023,352451,350522,35529,386051,3358
2022-11-09,San Benito,069,59416,16534,16350,992,17342,108
2022-11-09,San Bernardino,071,2135413,678137,676086,31231,707317,8126
2022-11-09,San Diego,073,3302833,934660,933599,73046,1006645,5538
2022-11-09,San Francisco,075,870044,182901,181964,12290,194254,1072
2022-11-09,San Joaquin,077,732212,200044,199089,15268,214357,2340
2022-11-09,San Luis Obispo,079,281455,63931,63683,7281,70964,525
2022-11-09,San Mateo,081,765935,172324,171191,10492,181683,748
2022-11-09,Santa Barbara,083,443738,106967,106642,6971,113613,733
2022-11-09,Santa Clara,085,1922200,444732,438278,19255,457533,2535
2022-11-09,Santa Cruz,087,273765,64593,64221,3545,67766,274
2022-11-09,Shasta,089,179085,35452,35246,7776,43022,594
2022-11-09,Sierra,091,2930,308,309,60,369,5
2022-11-09,Siskiyou,093,43540,5225,5337,3371,8708,94
2022-11-09,Solano,095,438530,107066,106391,8041,114432,468
2022-11-09,Sonoma,097,501317,108420,108080,5362,113442,525
2022-11-09,Stanislaus,099,539301,139304,138963,21797,160760,1785
2022-11-09,Sutter,101,95872,24614,24537,2467,27004,235
2022-11-09,Tehama,103,63373,13812,13745,3165,16910,216
2022-11-09,Trinity,105,12862,1422,1414,434,1848,20
2022-11-09,Tulare,107,460477,122941,122447,37090,159537,1544
2022-11-09,Tuolumne,109,53932,15840,15727,931,16658,201
2022-11-09,Ventura,111,848112,211058,210439,16061,226500,1585
2022-11-09,Yolo,113,214977,48106,47953,4468,52421,354
2022-11-09,Yuba,115,75493,19143,19098,1747,20845,132
2022-11-08,Alameda,001,1643700,354345,352725,19982,372707,2050
2022-11-08,Alpine,002,1148,137,136,1,137,0
2022-11-08,Amador,005,37829,10105,10080,942,11022,95
2022-11-08,Butte,007,227075,39997,39935,9295,49230,461
2022-11-08,Calaveras,009,45235,8607,8590,572,9162,135
2022-11-08,Colusa,011,21464,3826,3822,1296,5118,22
2022-11-08,Contra Costa,013,1133247,255829,253870,21061,274931,1469
2022-11-08,Del Norte,015,27424,7512,7472,401,7873,56
2022-11-08,El Dorado,017,186661,32800,32713,4336,37049,232
2022-11-08,Fresno,019,978130,281254,276921,32273,309194,2887
2022-11-08,Glenn,021,27897,5600,5570,1892,7462,48
2022-11-08,Humboldt,023,135768,22276,22176,5217,27393,160
2022-11-08,Imperial,025,180216,66433,66182,16393,82575,960
2022-11-08,Inyo,027,18085,4543,4520,1045,5565,60
2022-11-08,Kern,029,883053,221515,220676,65528,286204,2430
2022-11-08,Kings,031,150075,60060,59955,4176,64131,461
2022-11-08,Lake,033,64148,12995,12931,1209,14140,149
2022-11-08,Lassen,035,31185,10040,10019,1007,11026,65
2022-11-08,Los Angeles,037,10098052,3319008,3311644,186931,3498575,33784
2022-11-08,Madera,039,155013,44445,44281,8348,52629,375
2022-11-08,Marin,041,260295,37639,45924,5342,51266,314
2022-11-08,Mariposa,043,17540,3157,3124,348,3472,32
2022-11-08,Mendocino,045,87422,16245,16164,4558,20722,136
2022-11-08,Merced,047,269075,74087,72817,12128,84945,870
2022-11-08,Modoc,049,8938,887,887,331,1218,11
2022-11-08,Mono,051,14174,3225,3218,268,3486,8
2022-11-08,Monterey,053,433212,95018,94708,21393,116101,772
2022-11-08,Napa,055,140530,32756,32510,1415,33925,162
2022-11-08,Nevada,057,99092,19261,19171,1953,21124,132
2022-11-08,Orange,059,3164182,677545,673328,65743,739071,7546
2022-11-08,Placer,061,380077,76968,76490,9823,86313,662
2022-11-08,Plumas,063,18699,3724,3723,444,4167,13
2022-11-08,Riverside,065,2383286,702346,700602,35990,736592,6660
2022-11-08,Sacramento,067,1510023,352255,350522,35491,386013,3358
2022-11-08,San Benito,069,59416,16525,16350,991,17341,108
2022-11-08,San Bernardino,071,2135413,677895,676086,31192,707278,8126
2022-11-08,San Diego,073,3302833,934248,933599,73007,1006606,5538
2022-11-08,San Francisco,075,870044,182780,181964,12277,194241,1072
2022-11-08,San Joaquin,077,732212,199956,199089,15258,214347,2340
2022-11-08,San Luis Obispo,079,281455,63912,63683,7278,70961,525
2022-11-08,San Mateo,081,765935,172225,171191,10491,181682,748
2022-11-08,Santa Barbara,083,443738,106931,106642,6968,113610,733
2022-11-08,Santa Clara,085,1922200,444460,438278,19242,457520,2535
2022-11-08,Santa Cruz,087,273765,64561,64221,3543,67764,274
2022-11-08,Shasta,089,179085,35429,35246,7760,43006,594
2022-11-08,Sierra,091,2930,308,309,60,369,5
2022-11-08,Siskiyou,093,43540,5224,5337,3367,8704,94
2022-11-08,Solano,095,438530,106990,106391,8034,114425,468
2022-11-08,Sonoma,097,501317,108380,108080,5361,113441,525
2022-11-08,Stanislaus,099,539301,139242,138963,21794,160757,1785
2022-11-08,Sutter,101,95872,24597,24537,2467,27004,235
2022-11-08,Tehama,103,63373,13807,13745,3164,16909,216
2022-11-08,Trinity,105,12862,1420,1414,433,1847,20
2022-11-08,Tulare,107,460477,122889,122447,37058,159505,1544
2022-11-08,Tuolumne,109,53932,15830,15727,931,16658,201
2022-11-08,Ventura,111,848112,210992,210439,16052,226491,1585
2022-11-08,Yolo,113,214977,48086,47953,4462,52415,354
2022-11-08,Yuba,115,75493,19133,19098,1745,20843,132
2022-11-07,Alameda,001,1643700,354102,351524,19962,371486,2044
2022-11-07,Alpine,002,1148,136,136,1,137,0
2022-11-07,Amador,005,37829,10101,10055,941,10996,95
2022-11-07,Butte,007,227075,39981,39852,9287,49139,462
2022-11-07,Calaveras,009,45235,8601,8576,572,9148,135
2022-11-07,Colusa,011,21464,3825,3820,1296,5116,22
2022-11-07,Contra Costa,013,1133247,255684,253122,21045,274167,1463
2022-11-07,Del Norte,015,27424,7508,7469,401,7870,56
2022-11-07,El Dorado,017,186661,32784,32622,4335,36957,231
2022-11-07,Fresno,019,978130,281133,276454,32249,308703,2885
2022-11-07,Glenn,021,27897,5598,5557,1890,7447,48
2022-11-07,Humboldt,023,135768,22260,22115,5204,27319,160
2022-11-07,Imperial,025,180216,66395,66024,16356,82380,960
2022-11-07,Inyo,027,18085,4542,4506,1043,5549,60
2022-11-07,Kern,029,883053,221454,220216,65461,285677,2426
2022-11-07,Kings,031,150075,60038,59856,4169,64025,459
2022-11-07,Lake,033,64148,12987,12898,1209,14107,148
2022-11-07,Lassen,035,31185,10036,10007,1007,11014,65
2022-11-07,Los Angeles,037,10098052,3317635,3304428,186679,3491107,33733
2022-11-07,Madera,039,155013,44437,44229,8341,52570,375
2022-11-07,Marin,041,260295,37612,45806,5342,51148,314
2022-11-07,Mariposa,043,17540,3152,3116,348,3464,32
2022-11-07,Mendocino,045,87422,16242,16130,4555,20685,137
2022-11-07,Merced,047,269075,74052,72727,12122,84849,870
2022-11-07,Modoc,049,8938,887,885,331,1216,11
2022-11-07,Mono,051,14174,3223,3216,268,3484,7
2022-11-07,Monterey,053,433212,94990,94541,21375,115916,770
2022-11-07,Napa,055,140530,32736,32484,1415,33899,161
2022-11-07,Nevada,057,99092,19255,19129,1952,21081,132
2022-11-07,Orange,059,3164182,677309,672253,65661,737914,7520
2022-11-07,Placer,061,380077,76925,76321,9817,86138,662
2022-11-07,Plumas,063,18699,3724,3720,444,4164,13
2022-11-07,Riverside,065,2383286,702081,699360,35957,735317,6660
2022-11-07,Sacramento,067,1510023,352072,349696,35458,385154,3350
2022-11-07,San Benito,069,59416,16517,16324,990,17314,108
2022-11-07,San Bernardino,071,2135413,677616,674939,31169,706108,8123
2022-11-07,San Diego,073,3302833,933881,931531,72963,1004494,5532
2022-11-07,San Francisco,075,870044,182672,180989,12264,193253,1067
2022-11-07,San Joaquin,077,732212,199873,198717,15244,213961,2336
2022-11-07,San Luis Obispo,079,281455,63891,63599,7276,70875,525
2022-11-07,San Mateo,081,765935,172130,170464,10489,180953,741
2022-11-07,Santa Barbara,083,443738,106910,106478,6964,113442,732
2022-11-07,Santa Clara,085,1922200,444205,436967,19226,456193,2533
2022-11-07,Santa Cruz,087,273765,64512,64070,3542,67612,274
2022-11-07,Shasta,089,179085,35415,35178,7745,42923,594
2022-11-07,Sierra,091,2930,308,308,60,368,5
2022-11-07,Siskiyou,093,43540,5216,5326,3365,8691,94
2022-11-07,Solano,095,438530,106907,106106,8027,114133,468
2022-11-07,Sonoma,097,501317,108342,107907,5360,113267,524
2022-11-07,Stanislaus,099,539301,139204,138715,21778,160493,1785
2022-11-07,Sutter,101,95872,24579,24470,2467,26937,233
2022-11-07,Tehama,103,63373,13802,13707,3159,16866,216
2022-11-07,Trinity,105,12862,1420,1413,433,1846,20
2022-11-07,Tulare,107,460477,122860,122246,37028,159274,1544
2022-11-07,Tuolumne,109,53932,15819,15672,931,16603,196
2022-11-07,Ventura,111,848112,210910,210085,16038,226123,1584
2022-11-07,Yolo,113,214977,48054,47786,4459,52245,353
2022-11-07,Yuba,115,75493,19125,19059,1743,20802,132
2022-11-06,Alameda,001,1643700,353865,351524,19942,371466,2044
2022-11-06,Alpine,002,1148,136,136,1,137,0
2022-11-06,Amador,005,37829,10096,10055,940,10995,95
2022-11-06,Butte,007,227075,39949,39852,9282,49134,462
2022-11-06,Calaveras,009,45235,8597,8576,572,9148,135
2022-11-06,Colusa,011,21464,3825,3820,1296,5116,22
2022-11-06,Contra Costa,013,1133247,255527,253122,21035,274157,1463
2022-11-06,Del Norte,015,27424,7501,7469,401,7870,56
2022-11-06,El Dorado,017,186661,32770,32622,4331,36953,231
2022-11-06,Fresno,019,978130,281000,276454,32226,308680,2885
2022-11-06,Glenn,021,27897,5581,5557,1883,7440,48
2022-11-06,Humboldt,023,135768,22247,22115,5195,27310,160
2022-11-06,Imperial,025,180216,66345,66024,16318,82342,960
2022-11-06,Inyo,027,18085,4540,4506,1041,5547,60
2022-11-06,Kern,029,883053,221348,220216,65404,285620,2426
2022-11-06,Kings,031,150075,59994,59856,4159,64015,459
2022-11-06,Lake,033,64148,12974,12898,1205,14103,148
2022-11-06,Lassen,035,31185,10035,10007,1006,11013,65
2022-11-06,Los Angeles,037,10098052,3315992,3304428,186437,3490865,33733
2022-11-06,Madera,039,155013,44426,44229,8334,52563,375
2022-11-06,Marin,041,260295,37581,45806,5339,51145,314
2022-11-06,Mariposa,043,17540,3151,3116,348,3464,32
2022-11-06,Mendocino,045,87422,16235,16130,4552,20682,137
2022-11-06,Merced,047,269075,74024,72727,12111,84838,870
2022-11-06,Modoc,049,8938,887,885,331,1216,11
2022-11-06,Mono,051,14174,3223,3216,266,3482,7
2022-11-06,Monterey,053,433212,94940,94541,21353,115894,770
2022-11-06,Napa,055,140530,32714,32484,1415,33899,161
2022-11-06,Nevada,057,99092,19240,19129,1938,21067,132
2022-11-06,Orange,059,3164182,677036,672253,65598,737851,7520
2022-11-06,Placer,061,380077,76873,76321,9813,86134,662
2022-11-06,Plumas,063,18699,3724,3720,444,4164,13
2022-11-06,Riverside,065,2383286,701770,699360,35920,735280,6660
2022-11-06,Sacramento,067,1510023,351846,349696,35419,385115,3350
2022-11-06,San Benito,069,59416,16509,16324,990,17314,108
2022-11-06,San Bernardino,071,2135413,677315,674939,31138,706077,8123
2022-11-06,San Diego,073,3302833,933373,931531,72903,1004434,5532
2022-11-06,San Francisco,075,870044,182536,180989,12251,193240,1067
2022-11-06,San Joaquin,077,732212,199785,198717,15233,213950,2336
2022-11-06,San Luis Obispo,079,281455,63872,63599,7273,70872,525
2022-11-06,San Mateo,081,765935,172026,170464,10484,180948,741
2022-11-06,Santa Barbara,083,443738,106854,106478,6954,113432,732
2022-11-06,Santa Clara,085,1922200,443911,436967,19205,456172,2533
2022-11-06,Santa Cruz,087,273765,64441,64070,3538,67608,274
2022-11-06,Shasta,089,179085,35393,35178,7725,42903,594
2022-11-06,Sierra,091,2930,308,308,60,368,5
2022-11-06,Siskiyou,093,43540,5216,5326,3364,8690,94
2022-11-06,Solano,095,438530,106809,106106,8021,114127,468
2022-11-06,Sonoma,097,501317,108278,107907,5358,113265,524
2022-11-06,Stanislaus,099,539301,139150,138715,21767,160482,1785
2022-11-06,Sutter,101,95872,24559,24470,2466,26936,233
2022-11-06,Tehama,103,63373,13796,13707,3144,16851,216
2022-11-06,Trinity,105,12862,1420,1413,433,1846,20
2022-11-06,Tulare,107,460477,122824,122246,36992,159238,1544
2022-11-06,Tuolumne,109,53932,15808,15672,931,16603,196
2022-11-06,Ventura,111,848112,210823,210085,16016,226101,1584
2022-11-06,Yolo,113,214977,48039,47786,4448,52234,353
2022-11-06,Yuba,115,75493,19117,19059,1742,20801,132
2022-11-05,Alameda,001,1643700,353714,351524,19932,371456,2044
2022-11-05,Alpine,002,1148,136,136,1,137,0
2022-11-05,Amador,005,37829,10094,10055,940,10995,95
2022-11-05,Butte,007,227075,39940,39852,9279,49131,462
2022-11-05,Calaveras,009,45235,8596,8576,572,9148,135
2022-11-05,Colusa,011,21464,3823,3820,1296,5116,22
2022-11-05,Contra Costa,013,1133247,255418,253122,21032,274154,1463
2022-11-05,Del Norte,015,27424,7501,7469,401,7870,56
2022-11-05,El Dorado,017,186661,32753,32622,4327,36949,231
2022-11-05,Fresno,019,978130,280944,276454,32215,308669,2885
2022-11-05,Glenn,021,27897,5579,5557,1882,7439,48
2022-11-05,Humboldt,023,135768,22237,22115,5193,27308,160
2022-11-05,Imperial,025,180216,66321,66024,16305,82329,960
2022-11-05,Inyo,027,18085,4539,4506,1041,5547,60
2022-11-05,Kern,029,883053,221298,220216,65380,285596,2426
2022-11-05,Kings,031,150075,59978,59856,4156,64012,459
2022-11-05,Lake,033,64148,12969,12898,1205,14103,148
2022-11-05,Lassen,035,31185,10035,10007,1006,11013,65
2022-11-05,Los Angeles,037,10098052,3315131,3304428,186296,3490724,33733
2022-11-05,Madera,039,155013,44420,44229,8332,52561,375
2022-11-05,Marin,041,260295,37564,45806,5339,51145,314
2022-11-05,Mariposa,043,17540,3150,3116,348,3464,32
2022-11-05,Mendocino,045,87422,16233,16130,4551,20681,137
2022-11-05,Merced,047,269075,74010,72727,12109,84836,870
2022-11-05,Modoc,049,8938,887,885,331,1216,11
2022-11-05,Mono,051,14174,3223,3216,265,3481,7
2022-11-05,Monterey,053,433212,94915,94541,21343,115884,770
2022-11-05,Napa,055,140530,32710,32484,1414,33898,161
2022-11-05,Nevada,057,99092,19235,19129,1934,21063,132
2022-11-05,Orange,059,3164182,676893,672253,65557,737810,7520
2022-11-05,Placer,061,380077,76832,76321,9809,86130,662
2022-11-05,Plumas,063,18699,3724,3720,443,4163,13
2022-11-05,Riverside,065,2383286,701587,699360,35897,735257,6660
2022-11-05,Sacramento,067,1510023,351724,349696,35405,385101,3350
2022-11-05,San Benito,069,59416,16501,16324,990,17314,108
2022-11-05,San Bernardino,071,2135413,677166,674939,31128,706067,8123
2022-11-05,San Diego,073,3302833,933178,931531,72886,1004417,5532
2022-11-05,San Francisco,075,870044,182455,180989,12246,193235,1067
2022-11-05,San Joaquin,077,732212,199732,198717,15226,213943,2336
2022-11-05,San Luis Obispo,079,281455,63863,63599,7273,70872,525
2022-11-05,San Mateo,081,765935,171965,170464,10482,180946,741
2022-11-05,Santa Barbara,083,443738,106833,106478,6952,113430,732
2022-11-05,Santa Clara,085,1922200,443710,436967,19194,456161,2533
2022-11-05,Santa Cruz,087,273765,64412,64070,3537,67607,274
2022-11-05,Shasta,089,179085,35384,35178,7716,42894,594
2022-11-05,Sierra,091,2930,308,308,60,368,5
2022-11-05,Siskiyou,093,43540,5215,5326,3362,8688,94
2022-11-05,Solano,095,438530,106780,106106,8019,114125,468
2022-11-05,Sonoma,097,501317,108258,107907,5353,113260,524
2022-11-05,Stanislaus,099,539301,139109,138715,21762,160477,1785
2022-11-05,Sutter,101,95872,24549,24470,2466,26936,233
2022-11-05,Tehama,103,63373,13792,13707,3142,16849,216
2022-11-05,Trinity,105,12862,1420,1413,433,1846,20
2022-11-05,Tulare,107,460477,122807,122246,36969,159215,1544
2022-11-05,Tuolumne,109,53932,15800,15672,931,16603,196
2022-11-05,Ventura,111,848112,210772,210085,16007,226092,1584
2022-11-05,Yolo,113,214977,48026,47786,4443,52229,353
2022-11-05,Yuba,115,75493,19112,19059,1741,20800,132
2022-11-04,Alameda,001,1643700,353562,351524,19918,371442,2044
2022-11-04,Alpine,002,1148,136,136,1,137,0
2022-11-04,Amador,005,37829,10091,10055,940,10995,95
2022-11-04,Butte,007,227075,39931,39852,9274,49126,462
2022-11-04,Calaveras,009,45235,8595,8576,572,9148,135
2022-11-04,Colusa,011,21464,3823,3820,1296,5116,22
2022-11-04,Contra Costa,013,1133247,255322,253122,21028,274150,1463
2022-11-04,Del Norte,015,27424,7501,7469,401,7870,56
2022-11-04,El Dorado,017,186661,32744,32622,4327,36949,231
2022-11-04,Fresno,019,978130,280889,276454,32206,308660,2885
2022-11-04,Glenn,021,27897,5578,5557,1881,7438,48
2022-11-04,Humboldt,023,135768,22229,22115,5191,27306,160
2022-11-04,Imperial,025,180216,66308,66024,16298,82322,960
2022-11-04,Inyo,027,18085,4536,4506,1040,5546,60
2022-11-04,Kern,029,883053,221255,220216,65347,285563,2426
2022-11-04,Kings,031,150075,59963,59856,4151,64007,459
2022-11-04,Lake,033,64148,12962,12898,1205,14103,148
2022-11-04,Lassen,035,31185,10034,10007,1006,11013,65
2022-11-04,Los Angeles,037,10098052,3314305,3304428,186150,3490578,33733
2022-11-04,Madera,039,155013,44413,44229,8331,52560,375
2022-11-04,Marin,041,260295,37548,45806,5338,51144,314
2022-11-04,Mariposa,043,17540,3148,3116,348,3464,32
2022-11-04,Mendocino,045,87422,16229,16130,4549,20679,137
2022-11-04,Merced,047,269075,74002,72727,12108,84835,870
2022-11-04,Modoc,049,8938,887,885,330,1215,11
2022-11-04,Mono,051,14174,3221,3216,265,3481,7
2022-11-04,Monterey,053,433212,94888,94541,21331,115872,770
2022-11-04,Napa,055,140530,32705,32484,1413,33897,161
2022-11-04,Nevada,057,99092,19229,19129,1925,21054,132
2022-11-04,Orange,059,3164182,676784,672253,65515,737768,7520
2022-11-04,Placer,061,380077,76813,76321,9808,86129,662
2022-11-04,Plumas,063,18699,3723,3720,442,4162,13
2022-11-04,Riverside,065,2383286,701412,699360,35866,735226,6660
2022-11-04,Sacramento,067,1510023,351613,349696,35392,385088,3350
2022-11-04,San Benito,069,59416,16497,16324,990,17314,108
2022-11-04,San Bernardino,071,2135413,677012,674939,31123,706062,8123
2022-11-04,San Diego,073,3302833,932973,931531,72874,1004405,5532
2022-11-04,San Francisco,075,870044,182387,180989,12240,193229,1067
2022-11-04,San Joaquin,077,732212,199680,198717,15221,213938,2336
2022-11-04,San Luis Obispo,079,281455,63851,63599,7271,70870,525
2022-11-04,San Mateo,081,765935,171893,170464,10479,180943,741
2022-11-04,Santa Barbara,083,443738,106812,106478,6950,113428,732
2022-11-04,Santa Clara,085,1922200,443508,436967,19188,456155,2533
2022-11-04,Santa Cruz,087,273765,64385,64070,3537,67607,274
2022-11-04,Shasta,089,179085,35378,35178,7707,42885,594
2022-11-04,Sierra,091,2930,308,308,60,368,5
2022-11-04,Siskiyou,093,43540,5211,5326,3362,8688,94
2022-11-04,Solano,095,438530,106724,106106,8016,114122,468
2022-11-04,Sonoma,097,501317,108234,107907,5352,113259,524
2022-11-04,Stanislaus,099,539301,139081,138715,21760,160475,1785
2022-11-04,Sutter,101,95872,24541,24470,2466,26936,233
2022-11-04,Tehama,103,63373,13787,13707,3131,16838,216
2022-11-04,Trinity,105,12862,1419,1413,433,1846,20
2022-11-04,Tulare,107,460477,122789,122246,36947,159193,1544
2022-11-04,Tuolumne,109,53932,15788,15672,931,16603,196
2022-11-04,Ventura,111,848112,210719,210085,15998,226083,1584
2022-11-04,Yolo,113,214977,48007,47786,4442,52228,353
2022-11-04,Yuba,115,75493,19109,19059,1741,20800,132
2022-11-03,Alameda,001,1643700,353374,351524,19893,371417,2044
2022-11-03,Alpine,002,1148,136,136,1,137,0
2022-11-03,Amador,005,37829,10086,10055,938,10993,95
2022-11-03,Butte,007,227075,39914,39852,9265,49117,462
2022-11-03,Calaveras,009,45235,8594,8576,572,9148,135
2022-11-03,Colusa,011,21464,3823,3820,1296,5116,22
2022-11-03,Contra Costa,013,1133247,255189,253122,21020,274142,1463
2022-11-03,Del Norte,015,27424,7501,7469,400,7869,56
2022-11-03,El Dorado,017,186661,32728,32622,4327,36949,231
2022-11-03,Fresno,019,978130,280813,276454,32187,308641,2885
2022-11-03,Glenn,021,27897,5575,5557,1880,7437,48
2022-11-03,Humboldt,023,135768,22213,22115,5183,27298,160
2022-11-03,Imperial,025,180216,66283,66024,16260,82284,960
2022-11-03,Inyo,027,18085,4534,4506,1039,5545,60
2022-11-03,Kern,029,883053,221204,220216,65299,285515,2426
2022-11-03,Kings,031,150075,59946,59856,4146,64002,459
2022-11-03,Lake,033,64148,12959,12898,1204,14102,148
2022-11-03,Lassen,035,31185,10031,10007,1005,11012,65
2022-11-03,Los Angeles,037,10098052,3313210,3304428,185948,3490376,33733
2022-11-03,Madera,039,155013,44401,44229,8329,52558,375
2022-11-03,Marin,041,260295,37521,45806,5338,51144,314
2022-11-03,Mariposa,043,17540,3145,3116,348,3464,32
2022-11-03,Mendocino,045,87422,16218,16130,4548,20678,137
2022-11-03,Merced,047,269075,73973,72727,12104,84831,870
2022-11-03,Modoc,049,8938,887,885,330,1215,11
2022-11-03,Mono,051,14174,3220,3216,265,3481,7
2022-11-03,Monterey,053,433212,94862,94541,21316,115857,770
2022-11-03,Napa,055,140530,32695,32484,1411,33895,161
2022-11-03,Nevada,057,99092,19219,19129,1923,21052,132
2022-11-03,Orange,059,3164182,676611,672253,65471,737724,7520
2022-11-03,Placer,061,380077,76778,76321,9804,86125,662
2022-11-03,Plumas,063,18699,3723,3720,442,4162,13
2022-11-03,Riverside,065,2383286,701202,699360,35832,735192,6660
2022-11-03,Sacramento,067,1510023,351443,349696,35364,385060,3350
2022-11-03,San Benito,069,59416,16493,16324,990,17314,108
2022-11-03,San Bernardino,071,2135413,676806,674939,31111,706050,8123
2022-11-03,San Diego,073,3302833,932718,931531,72845,1004376,5532
2022-11-03,San Francisco,075,870044,182280,180989,12235,193224,1067
2022-11-03,San Joaquin,077,732212,199618,198717,15206,213923,2336
2022-11-03,San Luis Obispo,079,281455,63833,63599,7269,70868,525
2022-11-03,San Mateo,081,765935,171794,170464,10478,180942,741
2022-11-03,Santa Barbara,083,443738,106788,106478,6946,113424,732
2022-11-03,Santa Clara,085,1922200,443263,436967,19175,456142,2533
2022-11-03,Santa Cruz,087,273765,64336,64070,3535,67605,274
2022-11-03,Shasta,089,179085,35363,35178,7693,42871,594
2022-11-03,Sierra,091,2930,308,308,60,368,5
2022-11-03,Siskiyou,093,43540,5208,5326,3360,8686,94
2022-11-03,Solano,095,438530,106679,106106,8009,114115,468
2022-11-03,Sonoma,097,501317,108204,107907,5352,113259,524
2022-11-03,Stanislaus,099,539301,139035,138715,21749,160464,1785
2022-11-03,Sutter,101,95872,24533,24470,2465,26935,233
2022-11-03,Tehama,103,63373,13779,13707,3127,16834,216
2022-11-03,Trinity,105,12862,1419,1413,432,1845,20
2022-11-03,Tulare,107,460477,122767,122246,36925,159171,1544
2022-11-03,Tuolumne,109,53932,15781,15672,930,16602,196
2022-11-03,Ventura,111,848112,210662,210085,15987,226072,1584
2022-11-03,Yolo,113,214977,47989,47786,4440,52226,353
2022-11-03,Yuba,115,75493,19102,19059,1741,20800,132
2022-11-02,Alameda,001,1643700,353185,351524,19872,371396,2044
2022-11-02,Alpine,002,1148,136,136,1,137,0
2022-11-02,Amador,005,37829,10076,10055,936,10991,95
2022-11-02,Butte,007,227075,39896,39852,9258,49110,462
2022-11-02,Calaveras,009,45235,8589,8576,572,9148,135
2022-11-02,Colusa,011,21464,3823,3820,1295,5115,22
2022-11-02,Contra Costa,013,1133247,255063,253122,21003,274125,1463
2022-11-02,Del Norte,015,27424,7501,7469,400,7869,56
2022-11-02,El Dorado,017,186661,32713,32622,4324,36946,231
2022-11-02,Fresno,019,978130,280725,276454,32170,308624,2885
2022-11-02,Glenn,021,27897,5571,5557,1878,7435,48
2022-11-02,Humboldt,023,135768,22201,22115,5181,27296,160
2022-11-02,Imperial,025,180216,66249,66024,16242,82266,960
2022-11-02,Inyo,027,18085,4531,4506,1039,5545,60
2022-11-02,Kern,029,883053,221157,220216,65255,285471,2426
2022-11-02,Kings,031,150075,59933,59856,4139,63995,459
2022-11-02,Lake,033,64148,12955,12898,1197,14095,148
2022-11-02,Lassen,035,31185,10029,10007,1004,11011,65
2022-11-02,Los Angeles,037,10098052,3312002,3304428,185757,3490185,33733
2022-11-02,Madera,039,155013,44385,44229,8326,52555,375
2022-11-02,Marin,041,260295,37504,45806,5336,51142,314
2022-11-02,Mariposa,043,17540,3144,3116,348,3464,32
2022-11-02,Mendocino,045,87422,16216,16130,4547,20677,137
2022-11-02,Merced,047,269075,73950,72727,12099,84826,870
2022-11-02,Modoc,049,8938,887,885,328,1213,11
2022-11-02,Mono,051,14174,3220,3216,265,3481,7
2022-11-02,Monterey,053,433212,94836,94541,21307,115848,770
2022-11-02,Napa,055,140530,32685,32484,1411,33895,161
2022-11-02,Nevada,057,99092,19212,19129,1918,21047,132
2022-11-02,Orange,059,3164182,676416,672253,65396,737649,7520
2022-11-02,Placer,061,380077,76741,76321,9797,86118,662
2022-11-02,Plumas,063,18699,3723,3720,442,4162,13
2022-11-02,Riverside,065,2383286,701028,699360,35811,735171,6660
2022-11-02,Sacramento,067,1510023,351266,349696,35332,385028,3350
2022-11-02,San Benito,069,59416,16487,16324,990,17314,108
2022-11-02,San Bernardino,071,2135413,676601,674939,31095,706034,8123
2022-11-02,San Diego,073,3302833,932385,931531,72811,1004342,5532
2022-11-02,San Francisco,075,870044,182175,180989,12231,193220,1067
2022-11-02,San Joaquin,077,732212,199541,198717,15194,213911,2336
2022-11-02,San Luis Obispo,079,281455,63809,63599,7262,70861,525
2022-11-02,San Mateo,081,765935,171729,170464,10472,180936,741
2022-11-02,Santa Barbara,083,443738,106757,106478,6940,113418,732
2022-11-02,Santa Clara,085,1922200,443045,436967,19166,456133,2533
2022-11-02,Santa Cruz,087,273765,64302,64070,3534,67604,274
2022-11-02,Shasta,089,179085,35352,35178,7679,42857,594
2022-11-02,Sierra,091,2930,308,308,60,368,5
2022-11-02,Siskiyou,093,43540,5207,5326,3353,8679,94
2022-11-02,Solano,095,438530,106626,106106,8003,114109,468
2022-11-02,Sonoma,097,501317,108168,107907,5350,113257,524
2022-11-02,Stanislaus,099,539301,139000,138715,21745,160460,1785
2022-11-02,Sutter,101,95872,24515,24470,2465,26935,233
2022-11-02,Tehama,103,63373,13773,13707,3122,16829,216
2022-11-02,Trinity,105,12862,1419,1413,429,1842,20
2022-11-02,Tulare,107,460477,122744,122246,36909,159155,1544
2022-11-02,Tuolumne,109,53932,15777,15672,930,16602,196
2022-11-02,Ventura,111,848112,210609,210085,15977,226062,1584
2022-11-02,Yolo,113,214977,47969,47786,4438,52224,353
2022-11-02,Yuba,115,75493,19093,19059,1741,20800,132
2022-11-01,Alameda,001,1643700,352983,351524,19856,371380,2044
2022-11-01,Alpine,002,1148,136,136,1,137,0
2022-11-01,Amador,005,37829,10070,10055,935,10990,95
2022-11-01,Butte,007,227075,39881,39852,9250,49102,462
2022-11-01,Calaveras,009,45235,8587,8576,572,9148,135
2022-11-01,Colusa,011,21464,3823,3820,1294,5114,22
2022-11-01,Contra Costa,013,1133247,254950,253122,20994,274116,1463
2022-11-01,Del Norte,015,27424,7501,7469,400,7869,56
2022-11-01,El Dorado,017,186661,32693,32622,4322,36944,231
2022-11-01,Fresno,019,978130,280644,276454,32157,308611,2885
2022-11-01,Glenn,021,27897,5570,5557,1876,7433,48
2022-11-01,Humboldt,023,135768,22187,22115,5175,27290,160
2022-11-01,Imperial,025,180216,66220,66024,16234,82258,960
2022-11-01,Inyo,027,18085,4528,4506,1038,5544,60
2022-11-01,Kern,029,883053,221078,220216,65202,285418,2426
2022-11-01,Kings,031,150075,59913,59856,4136,63992,459
2022-11-01,Lake,033,64148,12951,12898,1194,14092,148
2022-11-01,Lassen,035,31185,10027,10007,1003,11010,65
2022-11-01,Los Angeles,037,10098052,3310759,3304428,185540,3489968,33733
2022-11-01,Madera,039,155013,44372,44229,8316,52545,375
2022-11-01,Marin,041,260295,37484,45806,5334,51140,314
2022-11-01,Mariposa,043,17540,3141,3116,348,3464,32
2022-11-01,Mendocino,045,87422,16213,16130,4541,20671,137
2022-11-01,Merced,047,269075,73928,72727,12091,84818,870
2022-11-01,Modoc,049,8938,886,885,327,1212,11
2022-11-01,Mono,051,14174,3220,3216,264,3480,7
2022-11-01,Monterey,053,433212,94806,94541,21296,115837,770
2022-11-01,Napa,055,140530,32673,32484,1410,33894,161
2022-11-01,Nevada,057,99092,19198,19129,1915,21044,132
2022-11-01,Orange,059,3164182,676213,672253,65307,737560,7520
2022-11-01,Placer,061,380077,76713,76321,9788,86109,662
2022-11-01,Plumas,063,18699,3720,3720,442,4162,13
2022-11-01,Riverside,065,2383286,700802,699360,35783,735143,6660
2022-11-01,Sacramento,067,1510023,351104,349696,35308,385004,3350
2022-11-01,San Benito,069,59416,16480,16324,989,17313,108
2022-11-01,San Bernardino,071,2135413,676401,674939,31083,706022,8123
2022-11-01,San Diego,073,3302833,932057,931531,72780,1004311,5532
2022-11-01,San Francisco,075,870044,182066,180989,12221,193210,1067
2022-11-01,San Joaquin,077,732212,199467,198717,15189,213906,2336
2022-11-01,San Luis Obispo,079,281455,63785,63599,7260,70859,525
2022-11-01,San Mateo,081,765935,171650,170464,10470,180934,741
2022-11-01,Santa Barbara,083,443738,106723,106478,6934,113412,732
2022-11-01,Santa Clara,085,1922200,442799,436967,19156,456123,2533
2022-11-01,Santa Cruz,087,273765,64271,64070,3533,67603,274
2022-11-01,Shasta,089,179085,35341,35178,7662,42840,594
2022-11-01,Sierra,091,2930,308,308,60,368,5
2022-11-01,Siskiyou,093,43540,5205,5326,3351,8677,94
2022-11-01,Solano,095,438530,106579,106106,7999,114105,468
2022-11-01,Sonoma,097,501317,108132,107907,5346,113253,524
2022-11-01,Stanislaus,099,539301,138955,138715,21734,160449,1785
2022-11-01,Sutter,101,95872,24508,24470,2465,26935,233
2022-11-01,Tehama,103,63373,13765,13707,3117,16824,216
2022-11-01,Trinity,105,12862,1419,1413,429,1842,20
2022-11-01,Tulare,107,460477,122717,122246,36889,159135,1544
2022-11-01,Tuolumne,109,53932,15771,15672,930,16602,196
2022-11-01,Ventura,111,848112,210538,210085,15963,226048,1584
2022-11-01,Yolo,113,214977,47950,47786,4437,52223,353
2022-11-01,Yuba,115,75493,19086,19059,1741,20800,132
2022-10-31,Alameda,001,1643700,352759,350419,19831,370250,2040
2022-10-31,Alpine,002,1148,136,136,1,137,0
2022-10-31,Amador,005,37829,10069,10038,935,10973,94
2022-10-31,Butte,007,227075,39863,39707,9241,48948,457
2022-10-31,Calaveras,009,45235,8585,8561,572,9133,134
2022-10-31,Colusa,011,21464,3823,3813,1292,5105,22
2022-10-31,Contra Costa,013,1133247,254804,252398,20980,273378,1458
2022-10-31,Del Norte,015,27424,7498,7455,400,7855,56
2022-10-31,El Dorado,017,186661,32676,32513,4318,36831,231
2022-10-31,Fresno,019,978130,280534,275924,32139,308063,2885
2022-10-31,Glenn,021,27897,5569,5553,1875,7428,48
2022-10-31,Humboldt,023,135768,22175,22065,5171,27236,160
2022-10-31,Imperial,025,180216,66185,65903,16219,82122,959
2022-10-31,Inyo,027,18085,4523,4500,1038,5538,60
2022-10-31,Kern,029,883053,220976,219943,65152,285095,2425
2022-10-31,Kings,031,150075,59890,59742,4132,63874,459
2022-10-31,Lake,033,64148,12936,12868,1193,14061,148
2022-10-31,Lassen,035,31185,10026,9989,1003,10992,65
2022-10-31,Los Angeles,037,10098052,3309522,3298549,185313,3483862,33679
2022-10-31,Madera,039,155013,44359,44172,8316,52488,375
2022-10-31,Marin,041,260295,37460,45649,5331,50980,314
2022-10-31,Mariposa,043,17540,3138,3107,348,3455,31
2022-10-31,Mendocino,045,87422,16205,16104,4539,20643,153
2022-10-31,Merced,047,269075,73910,72606,12084,84690,870
2022-10-31,Modoc,049,8938,885,884,327,1211,11
2022-10-31,Mono,051,14174,3220,3215,263,3478,7
2022-10-31,Monterey,053,433212,94771,94425,21274,115699,769
2022-10-31,Napa,055,140530,32659,32448,1409,33857,160
2022-10-31,Nevada,057,99092,19195,19094,1915,21009,132
2022-10-31,Orange,059,3164182,676023,671141,65234,736375,7502
2022-10-31,Placer,061,380077,76694,76178,9782,85960,662
2022-10-31,Plumas,063,18699,3719,3705,442,4147,13
2022-10-31,Riverside,065,2383286,700573,698387,35755,734142,6659
2022-10-31,Sacramento,067,1510023,350950,348942,35283,384225,3346
2022-10-31,San Benito,069,59416,16474,16284,989,17273,108
2022-10-31,San Bernardino,071,2135413,676153,673959,31060,705019,8120
2022-10-31,San Diego,073,3302833,931724,929768,72749,1002517,5524
2022-10-31,San Francisco,075,870044,181956,180409,12217,192626,1066
2022-10-31,San Joaquin,077,732212,199390,198376,15175,213551,2335
2022-10-31,San Luis Obispo,079,281455,63760,63519,7252,70771,525
2022-10-31,San Mateo,081,765935,171548,169941,10468,180409,741
2022-10-31,Santa Barbara,083,443738,106685,106291,6931,113222,729
2022-10-31,Santa Clara,085,1922200,442530,435788,19145,454933,2528
2022-10-31,Santa Cruz,087,273765,64230,63885,3530,67415,274
2022-10-31,Shasta,089,179085,35318,35117,7655,42772,595
2022-10-31,Sierra,091,2930,308,308,60,368,5
2022-10-31,Siskiyou,093,43540,5201,5307,3349,8656,94
2022-10-31,Solano,095,438530,106523,105796,7994,113790,467
2022-10-31,Sonoma,097,501317,108092,107692,5342,113034,524
2022-10-31,Stanislaus,099,539301,138904,138423,21721,160144,1785
2022-10-31,Sutter,101,95872,24493,24425,2465,26890,233
2022-10-31,Tehama,103,63373,13755,13681,3116,16797,210
2022-10-31,Trinity,105,12862,1418,1398,429,1827,20
2022-10-31,Tulare,107,460477,122700,122140,36866,159006,1541
2022-10-31,Tuolumne,109,53932,15736,15658,928,16586,196
2022-10-31,Ventura,111,848112,210462,209746,15951,225697,1582
2022-10-31,Yolo,113,214977,47881,47703,4434,52137,349
2022-10-31,Yuba,115,75493,19078,19009,1741,20750,133
2022-10-30,Alameda,001,1643700,352541,350419,19804,370223,2040
2022-10-30,Alpine,002,1148,136,136,1,137,0
2022-10-30,Amador,005,37829,10065,10038,934,10972,94
2022-10-30,Butte,007,227075,39842,39707,9230,48937,457
2022-10-30,Calaveras,009,45235,8583,8561,572,9133,134
2022-10-30,Colusa,011,21464,3822,3813,1292,5105,22
2022-10-30,Contra Costa,013,1133247,254646,252398,20971,273369,1458
2022-10-30,Del Norte,015,27424,7495,7455,400,7855,56
2022-10-30,El Dorado,017,186661,32667,32513,4314,36827,231
2022-10-30,Fresno,019,978130,280446,275924,32123,308047,2885
2022-10-30,Glenn,021,27897,5561,5553,1875,7428,48
2022-10-30,Humboldt,023,135768,22169,22065,5164,27229,160
2022-10-30,Imperial,025,180216,66161,65903,16194,82097,959
2022-10-30,Inyo,027,18085,4523,4500,1037,5537,60
2022-10-30,Kern,029,883053,220903,219943,65102,285045,2425
2022-10-30,Kings,031,150075,59880,59742,4131,63873,459
2022-10-30,Lake,033,64148,12928,12868,1193,14061,148
2022-10-30,Lassen,035,31185,10021,9989,1003,10992,65
2022-10-30,Los Angeles,037,10098052,3308254,3298549,185075,3483624,33679
2022-10-30,Madera,039,155013,44350,44172,8310,52482,375
2022-10-30,Marin,041,260295,37441,45649,5330,50979,314
2022-10-30,Mariposa,043,17540,3138,3107,348,3455,31
2022-10-30,Mendocino,045,87422,16202,16104,4538,20642,153
2022-10-30,Merced,047,269075,73877,72606,12079,84685,870
2022-10-30,Modoc,049,8938,885,884,327,1211,11
2022-10-30,Mono,051,14174,3219,3215,263,3478,7
2022-10-30,Monterey,053,433212,94741,94425,21263,115688,769
2022-10-30,Napa,055,140530,32644,32448,1407,33855,160
2022-10-30,Nevada,057,99092,19188,19094,1910,21004,132
2022-10-30,Orange,059,3164182,675789,671141,65160,736301,7502
2022-10-30,Placer,061,380077,76674,76178,9779,85957,662
2022-10-30,Plumas,063,18699,3718,3705,442,4147,13
2022-10-30,Riverside,065,2383286,700349,698387,35726,734113,6659
2022-10-30,Sacramento,067,1510023,350815,348942,35247,384189,3346
2022-10-30,San Benito,069,59416,16468,16284,989,17273,108
2022-10-30,San Bernardino,071,2135413,675952,673959,31041,705000,8120
2022-10-30,San Diego,073,3302833,931367,929768,72690,1002458,5524
2022-10-30,San Francisco,075,870044,181829,180409,12207,192616,1066
2022-10-30,San Joaquin,077,732212,199321,198376,15152,213528,2335
2022-10-30,San Luis Obispo,079,281455,63747,63519,7248,70767,525
2022-10-30,San Mateo,081,765935,171454,169941,10465,180406,741
2022-10-30,Santa Barbara,083,443738,106659,106291,6926,113217,729
2022-10-30,Santa Clara,085,1922200,442293,435788,19139,454927,2528
2022-10-30,Santa Cruz,087,273765,64176,63885,3527,67412,274
2022-10-30,Shasta,089,179085,35304,35117,7650,42767,595
2022-10-30,Sierra,091,2930,308,308,60,368,5
2022-10-30,Siskiyou,093,43540,5199,5307,3348,8655,94
2022-10-30,Solano,095,438530,106463,105796,7991,113787,467
2022-10-30,Sonoma,097,501317,108055,107692,5338,113030,524
2022-10-30,Stanislaus,099,539301,138862,138423,21714,160137,1785
2022-10-30,Sutter,101,95872,24483,24425,2465,26890,233
2022-10-30,Tehama,103,63373,13746,13681,3112,16793,210
2022-10-30,Trinity,105,12862,1418,1398,428,1826,20
2022-10-30,Tulare,107,460477,122668,122140,36845,158985,1541
2022-10-30,Tuolumne,109,53932,15730,15658,927,16585,196
2022-10-30,Ventura,111,848112,210391,209746,15937,225683,1582
2022-10-30,Yolo,113,214977,47857,47703,4426,52129,349
2022-10-30,Yuba,115,75493,19070,19009,1739,20748,133
2022-10-29,Alameda,001,1643700,352424,350419,19797,370216,2040
2022-10-29,Alpine,002,1148,136,136,1,137,0
2022-10-29,Amador,005,37829,10063,10038,934,10972,94
2022-10-29,Butte,007,227075,39835,39707,9226,48933,457
2022-10-29,Calaveras,009,45235,8577,8561,572,9133,134
2022-10-29,Colusa,011,21464,3821,3813,1292,5105,22
2022-10-29,Contra Costa,013,1133247,254556,252398,20966,273364,1458
2022-10-29,Del Norte,015,27424,7495,7455,400,7855,56
2022-10-29,El Dorado,017,186661,32660,32513,4312,36825,231
2022-10-29,Fresno,019,978130,280396,275924,32114,308038,2885
2022-10-29,Glenn,021,27897,5560,5553,1875,7428,48
2022-10-29,Humboldt,023,135768,22163,22065,5163,27228,160
2022-10-29,Imperial,025,180216,66150,65903,16178,82081,959
2022-10-29,Inyo,027,18085,4523,4500,1036,5536,60
2022-10-29,Kern,029,883053,220869,219943,65077,285020,2425
2022-10-29,Kings,031,150075,59872,59742,4131,63873,459
2022-10-29,Lake,033,64148,12924,12868,1193,14061,148
2022-10-29,Lassen,035,31185,10021,9989,1003,10992,65
2022-10-29,Los Angeles,037,10098052,3307621,3298549,184962,3483511,33679
2022-10-29,Madera,039,155013,44345,44172,8310,52482,375
2022-10-29,Marin,041,260295,37422,45649,5329,50978,314
2022-10-29,Mariposa,043,17540,3138,3107,348,3455,31
2022-10-29,Mendocino,045,87422,16201,16104,4538,20642,153
2022-10-29,Merced,047,269075,73863,72606,12078,84684,870
2022-10-29,Modoc,049,8938,885,884,327,1211,11
2022-10-29,Mono,051,14174,3219,3215,263,3478,7
2022-10-29,Monterey,053,433212,94728,94425,21256,115681,769
2022-10-29,Napa,055,140530,32634,32448,1407,33855,160
2022-10-29,Nevada,057,99092,19182,19094,1909,21003,132
2022-10-29,Orange,059,3164182,675688,671141,65127,736268,7502
2022-10-29,Placer,061,380077,76658,76178,9777,85955,662
2022-10-29,Plumas,063,18699,3718,3705,442,4147,13
2022-10-29,Riverside,065,2383286,700232,698387,35707,734094,6659
2022-10-29,Sacramento,067,1510023,350745,348942,35232,384174,3346
2022-10-29,San Benito,069,59416,16464,16284,989,17273,108
2022-10-29,San Bernardino,071,2135413,675843,673959,31031,704990,8120
2022-10-29,San Diego,073,3302833,931211,929768,72678,1002446,5524
2022-10-29,San Francisco,075,870044,181760,180409,12205,192614,1066
2022-10-29,San Joaquin,077,732212,199287,198376,15143,213519,2335
2022-10-29,San Luis Obispo,079,281455,63744,63519,7246,70765,525
2022-10-29,San Mateo,081,765935,171399,169941,10464,180405,741
2022-10-29,Santa Barbara,083,443738,106640,106291,6923,113214,729
2022-10-29,Santa Clara,085,1922200,442153,435788,19132,454920,2528
2022-10-29,Santa Cruz,087,273765,64162,63885,3525,67410,274
2022-10-29,Shasta,089,179085,35297,35117,7647,42764,595
2022-10-29,Sierra,091,2930,308,308,60,368,5
2022-10-29,Siskiyou,093,43540,5198,5307,3346,8653,94
2022-10-29,Solano,095,438530,106430,105796,7987,113783,467
2022-10-29,Sonoma,097,501317,108037,107692,5336,113028,524
2022-10-29,Stanislaus,099,539301,138826,138423,21708,160131,1785
2022-10-29,Sutter,101,95872,24477,24425,2465,26890,233
2022-10-29,Tehama,103,63373,13743,13681,3108,16789,210
2022-10-29,Trinity,105,12862,1413,1398,426,1824,20
2022-10-29,Tulare,107,460477,122648,122140,36830,158970,1541
2022-10-29,Tuolumne,109,53932,15724,15658,927,16585,196
2022-10-29,Ventura,111,848112,210349,209746,15923,225669,1582
2022-10-29,Yolo,113,214977,47843,47703,4424,52127,349
2022-10-29,Yuba,115,75493,19066,19009,1739,20748,133
2022-10-28,Alameda,001,1643700,352332,350419,19792,370211,2040
2022-10-28,Alpine,002,1148,136,136,1,137,0
2022-10-28,Amador,005,37829,10057,10038,933,10971,94
2022-10-28,Butte,007,227075,39829,39707,9223,48930,457
2022-10-28,Calaveras,009,45235,8577,8561,572,9133,134
2022-10-28,Colusa,011,21464,3821,3813,1292,5105,22
2022-10-28,Contra Costa,013,1133247,254472,252398,20962,273360,1458
2022-10-28,Del Norte,015,27424,7494,7455,400,7855,56
2022-10-28,El Dorado,017,186661,32650,32513,4310,36823,231
2022-10-28,Fresno,019,978130,280347,275924,32107,308031,2885
2022-10-28,Glenn,021,27897,5559,5553,1873,7426,48
2022-10-28,Humboldt,023,135768,22158,22065,5162,27227,160
2022-10-28,Imperial,025,180216,66135,65903,16170,82073,959
2022-10-28,Inyo,027,18085,4520,4500,1036,5536,60
2022-10-28,Kern,029,883053,220841,219943,65068,285011,2425
2022-10-28,Kings,031,150075,59870,59742,4131,63873,459
2022-10-28,Lake,033,64148,12922,12868,1193,14061,148
2022-10-28,Lassen,035,31185,10021,9989,1003,10992,65
2022-10-28,Los Angeles,037,10098052,3306985,3298549,184837,3483386,33679
2022-10-28,Madera,039,155013,44337,44172,8307,52479,375
2022-10-28,Marin,041,260295,37410,45649,5329,50978,314
2022-10-28,Mariposa,043,17540,3135,3107,348,3455,31
2022-10-28,Mendocino,045,87422,16198,16104,4535,20639,153
2022-10-28,Merced,047,269075,73851,72606,12076,84682,870
2022-10-28,Modoc,049,8938,885,884,327,1211,11
2022-10-28,Mono,051,14174,3219,3215,263,3478,7
2022-10-28,Monterey,053,433212,94714,94425,21247,115672,769
2022-10-28,Napa,055,140530,32626,32448,1407,33855,160
2022-10-28,Nevada,057,99092,19178,19094,1908,21002,132
2022-10-28,Orange,059,3164182,675576,671141,65071,736212,7502
2022-10-28,Placer,061,380077,76645,76178,9775,85953,662
2022-10-28,Plumas,063,18699,3718,3705,442,4147,13
2022-10-28,Riverside,065,2383286,700114,698387,35694,734081,6659
2022-10-28,Sacramento,067,1510023,350644,348942,35225,384167,3346
2022-10-28,San Benito,069,59416,16460,16284,989,17273,108
2022-10-28,San Bernardino,071,2135413,675728,673959,31024,704983,8120
2022-10-28,San Diego,073,3302833,931027,929768,72664,1002432,5524
2022-10-28,San Francisco,075,870044,181702,180409,12200,192609,1066
2022-10-28,San Joaquin,077,732212,199258,198376,15139,213515,2335
2022-10-28,San Luis Obispo,079,281455,63739,63519,7245,70764,525
2022-10-28,San Mateo,081,765935,171342,169941,10461,180402,741
2022-10-28,Santa Barbara,083,443738,106626,106291,6923,113214,729
2022-10-28,Santa Clara,085,1922200,442002,435788,19126,454914,2528
2022-10-28,Santa Cruz,087,273765,64147,63885,3523,67408,274
2022-10-28,Shasta,089,179085,35291,35117,7642,42759,595
2022-10-28,Sierra,091,2930,308,308,60,368,5
2022-10-28,Siskiyou,093,43540,5194,5307,3344,8651,94
2022-10-28,Solano,095,438530,106403,105796,7986,113782,467
2022-10-28,Sonoma,097,501317,108016,107692,5336,113028,524
2022-10-28,Stanislaus,099,539301,138796,138423,21706,160129,1785
2022-10-28,Sutter,101,95872,24468,24425,2464,26889,233
2022-10-28,Tehama,103,63373,13740,13681,3107,16788,210
2022-10-28,Trinity,105,12862,1410,1398,425,1823,20
2022-10-28,Tulare,107,460477,122625,122140,36820,158960,1541
2022-10-28,Tuolumne,109,53932,15722,15658,927,16585,196
2022-10-28,Ventura,111,848112,210309,209746,15916,225662,1582
2022-10-28,Yolo,113,214977,47832,47703,4424,52127,349
2022-10-28,Yuba,115,75493,19060,19009,1738,20747,133
2022-10-27,Alameda,001,1643700,352190,350419,19781,370200,2040
2022-10-27,Alpine,002,1148,136,136,1,137,0
2022-10-27,Amador,005,37829,10056,10038,933,10971,94
2022-10-27,Butte,007,227075,39822,39707,9219,48926,457
2022-10-27,Calaveras,009,45235,8575,8561,571,9132,134
2022-10-27,Colusa,011,21464,3818,3813,1292,5105,22
2022-10-27,Contra Costa,013,1133247,254374,252398,20955,273353,1458
2022-10-27,Del Norte,015,27424,7489,7455,400,7855,56
2022-10-27,El Dorado,017,186661,32632,32513,4310,36823,231
2022-10-27,Fresno,019,978130,280281,275924,32102,308026,2885
2022-10-27,Glenn,021,27897,5556,5553,1873,7426,48
2022-10-27,Humboldt,023,135768,22149,22065,5162,27227,160
2022-10-27,Imperial,025,180216,66122,65903,16158,82061,959
2022-10-27,Inyo,027,18085,4518,4500,1036,5536,60
2022-10-27,Kern,029,883053,220778,219943,65036,284979,2425
2022-10-27,Kings,031,150075,59811,59742,4130,63872,459
2022-10-27,Lake,033,64148,12916,12868,1192,14060,148
2022-10-27,Lassen,035,31185,10019,9989,1002,10991,65
2022-10-27,Los Angeles,037,10098052,3306117,3298549,184687,3483236,33679
2022-10-27,Madera,039,155013,44327,44172,8304,52476,375
2022-10-27,Marin,041,260295,37392,45649,5329,50978,314
2022-10-27,Mariposa,043,17540,3134,3107,348,3455,31
2022-10-27,Mendocino,045,87422,16195,16104,4534,20638,153
2022-10-27,Merced,047,269075,73842,72606,12071,84677,870
2022-10-27,Modoc,049,8938,885,884,327,1211,11
2022-10-27,Mono,051,14174,3219,3215,263,3478,7
2022-10-27,Monterey,053,433212,94693,94425,21231,115656,769
2022-10-27,Napa,055,140530,32620,32448,1405,33853,160
2022-10-27,Nevada,057,99092,19172,19094,1905,20999,132
2022-10-27,Orange,059,3164182,675395,671141,65030,736171,7502
2022-10-27,Placer,061,380077,76632,76178,9770,85948,662
2022-10-27,Plumas,063,18699,3718,3705,442,4147,13
2022-10-27,Riverside,065,2383286,699980,698387,35672,734059,6659
2022-10-27,Sacramento,067,1510023,350508,348942,35209,384151,3346
2022-10-27,San Benito,069,59416,16459,16284,989,17273,108
2022-10-27,San Bernardino,071,2135413,675593,673959,31015,704974,8120
2022-10-27,San Diego,073,3302833,930782,929768,72634,1002402,5524
2022-10-27,San Francisco,075,870044,181612,180409,12190,192599,1066
2022-10-27,San Joaquin,077,732212,199225,198376,15130,213506,2335
2022-10-27,San Luis Obispo,079,281455,63726,63519,7243,70762,525
2022-10-27,San Mateo,081,765935,171252,169941,10459,180400,741
2022-10-27,Santa Barbara,083,443738,106596,106291,6922,113213,729
2022-10-27,Santa Clara,085,1922200,441827,435788,19117,454905,2528
2022-10-27,Santa Cruz,087,273765,64126,63885,3520,67405,274
2022-10-27,Shasta,089,179085,35281,35117,7635,42752,595
2022-10-27,Sierra,091,2930,308,308,60,368,5
2022-10-27,Siskiyou,093,43540,5190,5307,3343,8650,94
2022-10-27,Solano,095,438530,106364,105796,7984,113780,467
2022-10-27,Sonoma,097,501317,107986,107692,5336,113028,524
2022-10-27,Stanislaus,099,539301,138757,138423,21702,160125,1785
2022-10-27,Sutter,101,95872,24460,24425,2463,26888,233
2022-10-27,Tehama,103,63373,13739,13681,3107,16788,210
2022-10-27,Trinity,105,12862,1407,1398,422,1820,20
2022-10-27,Tulare,107,460477,122609,122140,36798,158938,1541
2022-10-27,Tuolumne,109,53932,15719,15658,927,16585,196
2022-10-27,Ventura,111,848112,210249,209746,15909,225655,1582
2022-10-27,Yolo,113,214977,47830,47703,4422,52125,349
2022-10-27,Yuba,115,75493,19055,19009,1737,20746,133
2022-10-26,Alameda,001,1643700,352017,350419,19767,370186,2040
2022-10-26,Alpine,002,1148,136,136,1,137,0
2022-10-26,Amador,005,37829,10055,10038,933,10971,94
2022-10-26,Butte,007,227075,39811,39707,9211,48918,457
2022-10-26,Calaveras,009,45235,8574,8561,570,9131,134
2022-10-26,Colusa,011,21464,3815,3813,1292,5105,22
2022-10-26,Contra Costa,013,1133247,254283,252398,20950,273348,1458
2022-10-26,Del Norte,015,27424,7488,7455,400,7855,56
2022-10-26,El Dorado,017,186661,32610,32513,4309,36822,231
2022-10-26,Fresno,019,978130,280228,275924,32082,308006,2885
2022-10-26,Glenn,021,27897,5556,5553,1872,7425,48
2022-10-26,Humboldt,023,135768,22144,22065,5155,27220,160
2022-10-26,Imperial,025,180216,66102,65903,16147,82050,959
2022-10-26,Inyo,027,18085,4517,4500,1034,5534,60
2022-10-26,Kern,029,883053,220738,219943,65008,284951,2425
2022-10-26,Kings,031,150075,59806,59742,4130,63872,459
2022-10-26,Lake,033,64148,12914,12868,1192,14060,148
2022-10-26,Lassen,035,31185,10014,9989,1001,10990,65
2022-10-26,Los Angeles,037,10098052,3305189,3298549,184543,3483092,33679
2022-10-26,Madera,039,155013,44319,44172,8302,52474,375
2022-10-26,Marin,041,260295,37379,45649,5327,50976,314
2022-10-26,Mariposa,043,17540,3133,3107,348,3455,31
2022-10-26,Mendocino,045,87422,16193,16104,4532,20636,153
2022-10-26,Merced,047,269075,73826,72606,12067,84673,870
2022-10-26,Modoc,049,8938,885,884,327,1211,11
2022-10-26,Mono,051,14174,3219,3215,263,3478,7
2022-10-26,Monterey,053,433212,94668,94425,21221,115646,769
2022-10-26,Napa,055,140530,32612,32448,1405,33853,160
2022-10-26,Nevada,057,99092,19169,19094,1897,20991,132
2022-10-26,Orange,059,3164182,675205,671141,64971,736112,7502
2022-10-26,Placer,061,380077,76610,76178,9764,85942,662
2022-10-26,Plumas,063,18699,3716,3705,442,4147,13
2022-10-26,Riverside,065,2383286,699834,698387,35648,734035,6659
2022-10-26,Sacramento,067,1510023,350429,348942,35193,384135,3346
2022-10-26,San Benito,069,59416,16454,16284,989,17273,108
2022-10-26,San Bernardino,071,2135413,675424,673959,31006,704965,8120
2022-10-26,San Diego,073,3302833,930495,929768,72591,1002359,5524
2022-10-26,San Francisco,075,870044,181533,180409,12186,192595,1066
2022-10-26,San Joaquin,077,732212,199173,198376,15118,213494,2335
2022-10-26,San Luis Obispo,079,281455,63711,63519,7241,70760,525
2022-10-26,San Mateo,081,765935,171161,169941,10456,180397,741
2022-10-26,Santa Barbara,083,443738,106562,106291,6917,113208,729
2022-10-26,Santa Clara,085,1922200,441647,435788,19100,454888,2528
2022-10-26,Santa Cruz,087,273765,64100,63885,3519,67404,274
2022-10-26,Shasta,089,179085,35273,35117,7630,42747,595
2022-10-26,Sierra,091,2930,308,308,60,368,5
2022-10-26,Siskiyou,093,43540,5188,5307,3342,8649,94
2022-10-26,Solano,095,438530,106307,105796,7983,113779,467
2022-10-26,Sonoma,097,501317,107960,107692,5331,113023,524
2022-10-26,Stanislaus,099,539301,138725,138423,21698,160121,1785
2022-10-26,Sutter,101,95872,24450,24425,2463,26888,233
2022-10-26,Tehama,103,63373,13734,13681,3107,16788,210
2022-10-26,Trinity,105,12862,1401,1398,420,1818,20
2022-10-26,Tulare,107,460477,122593,122140,36781,158921,1541
2022-10-26,Tuolumne,109,53932,15713,15658,927,16585,196
2022-10-26,Ventura,111,848112,210186,209746,15902,225648,1582
2022-10-26,Yolo,113,214977,47821,47703,4418,52121,349
2022-10-26,Yuba,115,75493,19048,19009,1737,20746,133
2022-10-25,Alameda,001,1643700,351862,350419,19752,370171,2040
2022-10-25,Alpine,002,1148,136,136,1,137,0
2022-10-25,Amador,005,37829,10053,10038,933,10971,94
2022-10-25,Butte,007,227075,39795,39707,9211,48918,457
2022-10-25,Calaveras,009,45235,8572,8561,570,9131,134
2022-10-25,Colusa,011,21464,3814,3813,1292,5105,22
2022-10-25,Contra Costa,013,1133247,254177,252398,20942,273340,1458
2022-10-25,Del Norte,015,27424,7487,7455,400,7855,56
2022-10-25,El Dorado,017,186661,32589,32513,4307,36820,231
2022-10-25,Fresno,019,978130,280171,275924,32068,307992,2885
2022-10-25,Glenn,021,27897,5554,5553,1872,7425,48
2022-10-25,Humboldt,023,135768,22137,22065,5152,27217,160
2022-10-25,Imperial,025,180216,66080,65903,16140,82043,959
2022-10-25,Inyo,027,18085,4517,4500,1033,5533,60
2022-10-25,Kern,029,883053,220687,219943,64965,284908,2425
2022-10-25,Kings,031,150075,59790,59742,4129,63871,459
2022-10-25,Lake,033,64148,12911,12868,1192,14060,148
2022-10-25,Lassen,035,31185,10007,9989,1001,10990,65
2022-10-25,Los Angeles,037,10098052,3304296,3298549,184399,3482948,33679
2022-10-25,Madera,039,155013,44310,44172,8298,52470,375
2022-10-25,Marin,041,260295,37352,45649,5325,50974,314
2022-10-25,Mariposa,043,17540,3132,3107,348,3455,31
2022-10-25,Mendocino,045,87422,16186,16104,4531,20635,153
2022-10-25,Merced,047,269075,73809,72606,12064,84670,870
2022-10-25,Modoc,049,8938,885,884,326,1210,11
2022-10-25,Mono,051,14174,3219,3215,262,3477,7
2022-10-25,Monterey,053,433212,94643,94425,21209,115634,769
2022-10-25,Napa,055,140530,32609,32448,1404,33852,160
2022-10-25,Nevada,057,99092,19165,19094,1894,20988,132
2022-10-25,Orange,059,3164182,675018,671141,64911,736052,7502
2022-10-25,Placer,061,380077,76574,76178,9761,85939,662
2022-10-25,Plumas,063,18699,3715,3705,442,4147,13
2022-10-25,Riverside,065,2383286,699664,698387,35635,734022,6659
2022-10-25,Sacramento,067,1510023,350317,348942,35156,384098,3346
2022-10-25,San Benito,069,59416,16447,16284,987,17271,108
2022-10-25,San Bernardino,071,2135413,675280,673959,30997,704956,8120
2022-10-25,San Diego,073,3302833,930226,929768,72534,1002302,5524
2022-10-25,San Francisco,075,870044,181443,180409,12176,192585,1066
2022-10-25,San Joaquin,077,732212,199114,198376,15111,213487,2335
2022-10-25,San Luis Obispo,079,281455,63691,63519,7238,70757,525
2022-10-25,San Mateo,081,765935,171089,169941,10455,180396,741
2022-10-25,Santa Barbara,083,443738,106527,106291,6911,113202,729
2022-10-25,Santa Clara,085,1922200,441453,435788,19091,454879,2528
2022-10-25,Santa Cruz,087,273765,64065,63885,3515,67400,274
2022-10-25,Shasta,089,179085,35267,35117,7624,42741,595
2022-10-25,Sierra,091,2930,308,308,60,368,5
2022-10-25,Siskiyou,093,43540,5186,5307,3338,8645,94
2022-10-25,Solano,095,438530,106261,105796,7977,113773,467
2022-10-25,Sonoma,097,501317,107917,107692,5330,113022,524
2022-10-25,Stanislaus,099,539301,138696,138423,21688,160111,1785
2022-10-25,Sutter,101,95872,24443,24425,2463,26888,233
2022-10-25,Tehama,103,63373,13731,13681,3106,16787,210
2022-10-25,Trinity,105,12862,1401,1398,416,1814,20
2022-10-25,Tulare,107,460477,122568,122140,36764,158904,1541
2022-10-25,Tuolumne,109,53932,15712,15658,927,16585,196
2022-10-25,Ventura,111,848112,210134,209746,15892,225638,1582
2022-10-25,Yolo,113,214977,47810,47703,4409,52112,349
2022-10-25,Yuba,115,75493,19041,19009,1737,20746,133
2022-10-24,Alameda,001,1643700,351700,349337,19743,369080,2031
2022-10-24,Alpine,002,1148,136,136,1,137,0
2022-10-24,Amador,005,37829,10051,10025,932,10957,94
2022-10-24,Butte,007,227075,39781,39607,9208,48815,456
2022-10-24,Calaveras,009,45235,8572,8541,569,9110,135
2022-10-24,Colusa,011,21464,3812,3807,1292,5099,22
2022-10-24,Contra Costa,013,1133247,254058,251722,20935,272657,1444
2022-10-24,Del Norte,015,27424,7482,7450,400,7850,56
2022-10-24,El Dorado,017,186661,32576,32443,4306,36749,232
2022-10-24,Fresno,019,978130,280107,275502,32047,307549,2893
2022-10-24,Glenn,021,27897,5553,5543,1872,7415,48
2022-10-24,Humboldt,023,135768,22131,21979,5145,27124,160
2022-10-24,Imperial,025,180216,66059,65801,16131,81932,961
2022-10-24,Inyo,027,18085,4516,4497,1030,5527,60
2022-10-24,Kern,029,883053,220635,219679,64932,284611,2424
2022-10-24,Kings,031,150075,59772,59632,4129,63761,460
2022-10-24,Lake,033,64148,12906,12847,1192,14039,148
2022-10-24,Lassen,035,31185,10007,9977,1001,10978,65
2022-10-24,Los Angeles,037,10098052,3303294,3289814,184229,3474043,33533
2022-10-24,Madera,039,155013,44305,44121,8297,52418,375
2022-10-24,Marin,041,260295,37323,45521,5325,50846,314
2022-10-24,Mariposa,043,17540,3130,3096,346,3442,31
2022-10-24,Mendocino,045,87422,16182,16059,4528,20587,136
2022-10-24,Merced,047,269075,73796,72442,12061,84503,869
2022-10-24,Modoc,049,8938,884,883,326,1209,11
2022-10-24,Mono,051,14174,3219,3212,261,3473,7
2022-10-24,Monterey,053,433212,94621,94275,21194,115469,768
2022-10-24,Napa,055,140530,32605,32395,1404,33799,160
2022-10-24,Nevada,057,99092,19157,19056,1884,20940,132
2022-10-24,Orange,059,3164182,674834,669923,64867,734790,7536
2022-10-24,Placer,061,380077,76543,76022,9758,85780,662
2022-10-24,Plumas,063,18699,3714,3691,441,4132,13
2022-10-24,Riverside,065,2383286,699524,697500,35614,733114,6569
2022-10-24,Sacramento,067,1510023,350196,348260,35129,383389,3337
2022-10-24,San Benito,069,59416,16441,16251,986,17237,107
2022-10-24,San Bernardino,071,2135413,675105,673189,30986,704175,8152
2022-10-24,San Diego,073,3302833,929952,928182,72481,1000663,5517
2022-10-24,San Francisco,075,870044,181336,179967,12173,192140,1056
2022-10-24,San Joaquin,077,732212,199058,198041,15089,213130,2336
2022-10-24,San Luis Obispo,079,281455,63679,63410,7237,70647,525
2022-10-24,San Mateo,081,765935,171027,169484,10452,179936,732
2022-10-24,Santa Barbara,083,443738,106504,106125,6910,113035,726
2022-10-24,Santa Clara,085,1922200,441242,434684,19082,453766,2523
2022-10-24,Santa Cruz,087,273765,64042,63592,3513,67105,275
2022-10-24,Shasta,089,179085,35252,35031,7613,42644,595
2022-10-24,Sierra,091,2930,308,305,60,365,5
2022-10-24,Siskiyou,093,43540,5184,5298,3338,8636,94
2022-10-24,Solano,095,438530,106213,105561,7976,113537,466
2022-10-24,Sonoma,097,501317,107886,107436,5330,112766,527
2022-10-24,Stanislaus,099,539301,138669,138223,21685,159908,1785
2022-10-24,Sutter,101,95872,24438,24393,2463,26856,233
2022-10-24,Tehama,103,63373,13729,13647,3105,16752,209
2022-10-24,Trinity,105,12862,1400,1396,415,1811,20
2022-10-24,Tulare,107,460477,122547,122035,36747,158782,1540
2022-10-24,Tuolumne,109,53932,15709,15626,927,16553,196
2022-10-24,Ventura,111,848112,210084,209427,15887,225314,1571
2022-10-24,Yolo,113,214977,47799,47611,4407,52018,346
2022-10-24,Yuba,115,75493,19032,18969,1737,20706,130
2022-10-23,Alameda,001,1643700,351503,349337,19726,369063,2031
2022-10-23,Alpine,002,1148,136,136,1,137,0
2022-10-23,Amador,005,37829,10050,10025,932,10957,94
2022-10-23,Butte,007,227075,39769,39607,9206,48813,456
2022-10-23,Calaveras,009,45235,8567,8541,569,9110,135
2022-10-23,Colusa,011,21464,3812,3807,1290,5097,22
2022-10-23,Contra Costa,013,1133247,253949,251722,20923,272645,1444
2022-10-23,Del Norte,015,27424,7481,7450,400,7850,56
2022-10-23,El Dorado,017,186661,32563,32443,4304,36747,232
2022-10-23,Fresno,019,978130,280043,275502,32033,307535,2893
2022-10-23,Glenn,021,27897,5551,5543,1870,7413,48
2022-10-23,Humboldt,023,135768,22123,21979,5138,27117,160
2022-10-23,Imperial,025,180216,66046,65801,16113,81914,961
2022-10-23,Inyo,027,18085,4514,4497,1030,5527,60
2022-10-23,Kern,029,883053,220582,219679,64862,284541,2424
2022-10-23,Kings,031,150075,59753,59632,4126,63758,460
2022-10-23,Lake,033,64148,12905,12847,1192,14039,148
2022-10-23,Lassen,035,31185,10004,9977,1000,10977,65
2022-10-23,Los Angeles,037,10098052,3302329,3289814,184039,3473853,33533
2022-10-23,Madera,039,155013,44293,44121,8295,52416,375
2022-10-23,Marin,041,260295,37308,45521,5323,50844,314
2022-10-23,Mariposa,043,17540,3127,3096,345,3441,31
2022-10-23,Mendocino,045,87422,16175,16059,4527,20586,136
2022-10-23,Merced,047,269075,73788,72442,12057,84499,869
2022-10-23,Modoc,049,8938,884,883,326,1209,11
2022-10-23,Mono,051,14174,3219,3212,260,3472,7
2022-10-23,Monterey,053,433212,94601,94275,21179,115454,768
2022-10-23,Napa,055,140530,32587,32395,1404,33799,160
2022-10-23,Nevada,057,99092,19145,19056,1882,20938,132
2022-10-23,Orange,059,3164182,674604,669923,64799,734722,7536
2022-10-23,Placer,061,380077,76513,76022,9754,85776,662
2022-10-23,Plumas,063,18699,3713,3691,440,4131,13
2022-10-23,Riverside,065,2383286,699342,697500,35597,733097,6569
2022-10-23,Sacramento,067,1510023,350046,348260,35104,383364,3337
2022-10-23,San Benito,069,59416,16434,16251,985,17236,107
2022-10-23,San Bernardino,071,2135413,674966,673189,30970,704159,8152
2022-10-23,San Diego,073,3302833,929601,928182,72438,1000620,5517
2022-10-23,San Francisco,075,870044,181228,179967,12165,192132,1056
2022-10-23,San Joaquin,077,732212,198997,198041,15077,213118,2336
2022-10-23,San Luis Obispo,079,281455,63665,63410,7229,70639,525
2022-10-23,San Mateo,081,765935,170938,169484,10449,179933,732
2022-10-23,Santa Barbara,083,443738,106464,106125,6907,113032,726
2022-10-23,Santa Clara,085,1922200,441016,434684,19061,453745,2523
2022-10-23,Santa Cruz,087,273765,63988,63592,3510,67102,275
2022-10-23,Shasta,089,179085,35239,35031,7602,42633,595
2022-10-23,Sierra,091,2930,308,305,60,365,5
2022-10-23,Siskiyou,093,43540,5182,5298,3335,8633,94
2022-10-23,Solano,095,438530,106162,105561,7972,113533,466
2022-10-23,Sonoma,097,501317,107828,107436,5326,112762,527
2022-10-23,Stanislaus,099,539301,138627,138223,21681,159904,1785
2022-10-23,Sutter,101,95872,24432,24393,2463,26856,233
2022-10-23,Tehama,103,63373,13723,13647,3105,16752,209
2022-10-23,Trinity,105,12862,1400,1396,412,1808,20
2022-10-23,Tulare,107,460477,122517,122035,36723,158758,1540
2022-10-23,Tuolumne,109,53932,15706,15626,926,16552,196
2022-10-23,Ventura,111,848112,210033,209427,15874,225301,1571
2022-10-23,Yolo,113,214977,47780,47611,4396,52007,346
2022-10-23,Yuba,115,75493,19026,18969,1736,20705,130
2022-10-22,Alameda,001,1643700,351393,349337,19722,369059,2031
2022-10-22,Alpine,002,1148,136,136,1,137,0
2022-10-22,Amador,005,37829,10048,10025,932,10957,94
2022-10-22,Butte,007,227075,39763,39607,9201,48808,456
2022-10-22,Calaveras,009,45235,8564,8541,569,9110,135
2022-10-22,Colusa,011,21464,3812,3807,1289,5096,22
2022-10-22,Contra Costa,013,1133247,253882,251722,20916,272638,1444
2022-10-22,Del Norte,015,27424,7480,7450,400,7850,56
2022-10-22,El Dorado,017,186661,32556,32443,4303,36746,232
2022-10-22,Fresno,019,978130,280004,275502,32029,307531,2893
2022-10-22,Glenn,021,27897,5550,5543,1870,7413,48
2022-10-22,Humboldt,023,135768,22118,21979,5136,27115,160
2022-10-22,Imperial,025,180216,66032,65801,16106,81907,961
2022-10-22,Inyo,027,18085,4513,4497,1028,5525,60
2022-10-22,Kern,029,883053,220562,219679,64832,284511,2424
2022-10-22,Kings,031,150075,59744,59632,4125,63757,460
2022-10-22,Lake,033,64148,12903,12847,1191,14038,148
2022-10-22,Lassen,035,31185,10004,9977,999,10976,65
2022-10-22,Los Angeles,037,10098052,3301807,3289814,183953,3473767,33533
2022-10-22,Madera,039,155013,44285,44121,8294,52415,375
2022-10-22,Marin,041,260295,37288,45521,5319,50840,314
2022-10-22,Mariposa,043,17540,3127,3096,345,3441,31
2022-10-22,Mendocino,045,87422,16174,16059,4527,20586,136
2022-10-22,Merced,047,269075,73778,72442,12057,84499,869
2022-10-22,Modoc,049,8938,884,883,326,1209,11
2022-10-22,Mono,051,14174,3218,3212,260,3472,7
2022-10-22,Monterey,053,433212,94589,94275,21170,115445,768
2022-10-22,Napa,055,140530,32583,32395,1404,33799,160
2022-10-22,Nevada,057,99092,19141,19056,1882,20938,132
2022-10-22,Orange,059,3164182,674508,669923,64758,734681,7536
2022-10-22,Placer,061,380077,76493,76022,9749,85771,662
2022-10-22,Plumas,063,18699,3713,3691,440,4131,13
2022-10-22,Riverside,065,2383286,699247,697500,35579,733079,6569
2022-10-22,Sacramento,067,1510023,349966,348260,35096,383356,3337
2022-10-22,San Benito,069,59416,16426,16251,985,17236,107
2022-10-22,San Bernardino,071,2135413,674884,673189,30966,704155,8152
2022-10-22,San Diego,073,3302833,929470,928182,72415,1000597,5517
2022-10-22,San Francisco,075,870044,181175,179967,12163,192130,1056
2022-10-22,San Joaquin,077,732212,198973,198041,15070,213111,2336
2022-10-22,San Luis Obispo,079,281455,63661,63410,7228,70638,525
2022-10-22,San Mateo,081,765935,170881,169484,10446,179930,732
2022-10-22,Santa Barbara,083,443738,106451,106125,6904,113029,726
2022-10-22,Santa Clara,085,1922200,440878,434684,19055,453739,2523
2022-10-22,Santa Cruz,087,273765,63975,63592,3510,67102,275
2022-10-22,Shasta,089,179085,35234,35031,7598,42629,595
2022-10-22,Sierra,091,2930,308,305,60,365,5
2022-10-22,Siskiyou,093,43540,5178,5298,3335,8633,94
2022-10-22,Solano,095,438530,106141,105561,7972,113533,466
2022-10-22,Sonoma,097,501317,107815,107436,5325,112761,527
2022-10-22,Stanislaus,099,539301,138609,138223,21678,159901,1785
2022-10-22,Sutter,101,95872,24430,24393,2463,26856,233
2022-10-22,Tehama,103,63373,13719,13647,3103,16750,209
2022-10-22,Trinity,105,12862,1400,1396,412,1808,20
2022-10-22,Tulare,107,460477,122506,122035,36712,158747,1540
2022-10-22,Tuolumne,109,53932,15704,15626,926,16552,196
2022-10-22,Ventura,111,848112,210007,209427,15869,225296,1571
2022-10-22,Yolo,113,214977,47770,47611,4396,52007,346
2022-10-22,Yuba,115,75493,19019,18969,1735,20704,130
2022-10-21,Alameda,001,1643700,351311,349337,19716,369053,2031
2022-10-21,Alpine,002,1148,136,136,1,137,0
2022-10-21,Amador,005,37829,10047,10025,932,10957,94
2022-10-21,Butte,007,227075,39751,39607,9196,48803,456
2022-10-21,Calaveras,009,45235,8564,8541,569,9110,135
2022-10-21,Colusa,011,21464,3811,3807,1289,5096,22
2022-10-21,Contra Costa,013,1133247,253813,251722,20907,272629,1444
2022-10-21,Del Norte,015,27424,7480,7450,400,7850,56
2022-10-21,El Dorado,017,186661,32546,32443,4301,36744,232
2022-10-21,Fresno,019,978130,279968,275502,32024,307526,2893
2022-10-21,Glenn,021,27897,5550,5543,1869,7412,48
2022-10-21,Humboldt,023,135768,22110,21979,5133,27112,160
2022-10-21,Imperial,025,180216,66027,65801,16100,81901,961
2022-10-21,Inyo,027,18085,4513,4497,1028,5525,60
2022-10-21,Kern,029,883053,220541,219679,64812,284491,2424
2022-10-21,Kings,031,150075,59738,59632,4125,63757,460
2022-10-21,Lake,033,64148,12902,12847,1191,14038,148
2022-10-21,Lassen,035,31185,10002,9977,999,10976,65
2022-10-21,Los Angeles,037,10098052,3301244,3289814,183831,3473645,33533
2022-10-21,Madera,039,155013,44278,44121,8291,52412,375
2022-10-21,Marin,041,260295,37268,45521,5317,50838,314
2022-10-21,Mariposa,043,17540,3126,3096,345,3441,31
2022-10-21,Mendocino,045,87422,16167,16059,4527,20586,136
2022-10-21,Merced,047,269075,73772,72442,12056,84498,869
2022-10-21,Modoc,049,8938,884,883,326,1209,11
2022-10-21,Mono,051,14174,3218,3212,260,3472,7
2022-10-21,Monterey,053,433212,94572,94275,21168,115443,768
2022-10-21,Napa,055,140530,32581,32395,1404,33799,160
2022-10-21,Nevada,057,99092,19137,19056,1881,20937,132
2022-10-21,Orange,059,3164182,674386,669923,64720,734643,7536
2022-10-21,Placer,061,380077,76472,76022,9744,85766,662
2022-10-21,Plumas,063,18699,3712,3691,440,4131,13
2022-10-21,Riverside,065,2383286,699156,697500,35567,733067,6569
2022-10-21,Sacramento,067,1510023,349893,348260,35089,383349,3337
2022-10-21,San Benito,069,59416,16424,16251,984,17235,107
2022-10-21,San Bernardino,071,2135413,674805,673189,30960,704149,8152
2022-10-21,San Diego,073,3302833,929320,928182,72393,1000575,5517
2022-10-21,San Francisco,075,870044,181136,179967,12159,192126,1056
2022-10-21,San Joaquin,077,732212,198944,198041,15066,213107,2336
2022-10-21,San Luis Obispo,079,281455,63653,63410,7228,70638,525
2022-10-21,San Mateo,081,765935,170835,169484,10444,179928,732
2022-10-21,Santa Barbara,083,443738,106437,106125,6904,113029,726
2022-10-21,Santa Clara,085,1922200,440745,434684,19047,453731,2523
2022-10-21,Santa Cruz,087,273765,63960,63592,3510,67102,275
2022-10-21,Shasta,089,179085,35227,35031,7591,42622,595
2022-10-21,Sierra,091,2930,308,305,60,365,5
2022-10-21,Siskiyou,093,43540,5178,5298,3335,8633,94
2022-10-21,Solano,095,438530,106118,105561,7971,113532,466
2022-10-21,Sonoma,097,501317,107791,107436,5323,112759,527
2022-10-21,Stanislaus,099,539301,138594,138223,21676,159899,1785
2022-10-21,Sutter,101,95872,24423,24393,2463,26856,233
2022-10-21,Tehama,103,63373,13715,13647,3103,16750,209
2022-10-21,Trinity,105,12862,1400,1396,411,1807,20
2022-10-21,Tulare,107,460477,122499,122035,36706,158741,1540
2022-10-21,Tuolumne,109,53932,15698,15626,926,16552,196
2022-10-21,Ventura,111,848112,209977,209427,15866,225293,1571
2022-10-21,Yolo,113,214977,47760,47611,4395,52006,346
2022-10-21,Yuba,115,75493,19009,18969,1735,20704,130
2022-10-20,Alameda,001,1643700,351166,349337,19713,369050,2031
2022-10-20,Alpine,002,1148,136,136,1,137,0
2022-10-20,Amador,005,37829,10042,10025,932,10957,94
2022-10-20,Butte,007,227075,39744,39607,9194,48801,456
2022-10-20,Calaveras,009,45235,8563,8541,568,9109,135
2022-10-20,Colusa,011,21464,3811,3807,1288,5095,22
2022-10-20,Contra Costa,013,1133247,253711,251722,20903,272625,1444
2022-10-20,Del Norte,015,27424,7480,7450,399,7849,56
2022-10-20,El Dorado,017,186661,32530,32443,4299,36742,232
2022-10-20,Fresno,019,978130,279916,275502,32016,307518,2893
2022-10-20,Glenn,021,27897,5550,5543,1869,7412,48
2022-10-20,Humboldt,023,135768,22104,21979,5127,27106,160
2022-10-20,Imperial,025,180216,66018,65801,16089,81890,961
2022-10-20,Inyo,027,18085,4508,4497,1025,5522,60
2022-10-20,Kern,029,883053,220503,219679,64767,284446,2424
2022-10-20,Kings,031,150075,59723,59632,4123,63755,460
2022-10-20,Lake,033,64148,12898,12847,1191,14038,148
2022-10-20,Lassen,035,31185,9999,9977,999,10976,65
2022-10-20,Los Angeles,037,10098052,3300495,3289814,183703,3473517,33533
2022-10-20,Madera,039,155013,44266,44121,8291,52412,375
2022-10-20,Marin,041,260295,37251,45521,5316,50837,314
2022-10-20,Mariposa,043,17540,3125,3096,344,3440,31
2022-10-20,Mendocino,045,87422,16162,16059,4526,20585,136
2022-10-20,Merced,047,269075,73763,72442,12056,84498,869
2022-10-20,Modoc,049,8938,883,883,325,1208,11
2022-10-20,Mono,051,14174,3218,3212,260,3472,7
2022-10-20,Monterey,053,433212,94556,94275,21155,115430,768
2022-10-20,Napa,055,140530,32575,32395,1404,33799,160
2022-10-20,Nevada,057,99092,19135,19056,1875,20931,132
2022-10-20,Orange,059,3164182,674250,669923,64668,734591,7536
2022-10-20,Placer,061,380077,76441,76022,9740,85762,662
2022-10-20,Plumas,063,18699,3711,3691,440,4131,13
2022-10-20,Riverside,065,2383286,699027,697500,35549,733049,6569
2022-10-20,Sacramento,067,1510023,349753,348260,35071,383331,3337
2022-10-20,San Benito,069,59416,16421,16251,983,17234,107
2022-10-20,San Bernardino,071,2135413,674692,673189,30946,704135,8152
2022-10-20,San Diego,073,3302833,929125,928182,72352,1000534,5517
2022-10-20,San Francisco,075,870044,181074,179967,12153,192120,1056
2022-10-20,San Joaquin,077,732212,198911,198041,15058,213099,2336
2022-10-20,San Luis Obispo,079,281455,63643,63410,7223,70633,525
2022-10-20,San Mateo,081,765935,170764,169484,10442,179926,732
2022-10-20,Santa Barbara,083,443738,106415,106125,6902,113027,726
2022-10-20,Santa Clara,085,1922200,440590,434684,19037,453721,2523
2022-10-20,Santa Cruz,087,273765,63922,63592,3509,67101,275
2022-10-20,Shasta,089,179085,35215,35031,7576,42607,595
2022-10-20,Sierra,091,2930,308,305,60,365,5
2022-10-20,Siskiyou,093,43540,5176,5298,3335,8633,94
2022-10-20,Solano,095,438530,106082,105561,7968,113529,466
2022-10-20,Sonoma,097,501317,107758,107436,5323,112759,527
2022-10-20,Stanislaus,099,539301,138557,138223,21673,159896,1785
2022-10-20,Sutter,101,95872,24419,24393,2463,26856,233
2022-10-20,Tehama,103,63373,13709,13647,3099,16746,209
2022-10-20,Trinity,105,12862,1400,1396,411,1807,20
2022-10-20,Tulare,107,460477,122484,122035,36700,158735,1540
2022-10-20,Tuolumne,109,53932,15692,15626,926,16552,196
2022-10-20,Ventura,111,848112,209938,209427,15857,225284,1571
2022-10-20,Yolo,113,214977,47750,47611,4391,52002,346
2022-10-20,Yuba,115,75493,19003,18969,1735,20704,130
2022-10-19,Alameda,001,1643700,351026,349337,19704,369041,2031
2022-10-19,Alpine,002,1148,136,136,1,137,0
2022-10-19,Amador,005,37829,10040,10025,931,10956,94
2022-10-19,Butte,007,227075,39737,39607,9191,48798,456
2022-10-19,Calaveras,009,45235,8561,8541,568,9109,135
2022-10-19,Colusa,011,21464,3810,3807,1288,5095,22
2022-10-19,Contra Costa,013,1133247,253628,251722,20887,272609,1444
2022-10-19,Del Norte,015,27424,7480,7450,399,7849,56
2022-10-19,El Dorado,017,186661,32515,32443,4297,36740,232
2022-10-19,Fresno,019,978130,279851,275502,32003,307505,2893
2022-10-19,Glenn,021,27897,5547,5543,1869,7412,48
2022-10-19,Humboldt,023,135768,22088,21979,5117,27096,160
2022-10-19,Imperial,025,180216,66002,65801,16078,81879,961
2022-10-19,Inyo,027,18085,4508,4497,1023,5520,60
2022-10-19,Kern,029,883053,220453,219679,64726,284405,2424
2022-10-19,Kings,031,150075,59710,59632,4123,63755,460
2022-10-19,Lake,033,64148,12893,12847,1190,14037,148
2022-10-19,Lassen,035,31185,9996,9977,998,10975,65
2022-10-19,Los Angeles,037,10098052,3299665,3289814,183565,3473379,33533
2022-10-19,Madera,039,155013,44258,44121,8290,52411,375
2022-10-19,Marin,041,260295,37229,45521,5315,50836,314
2022-10-19,Mariposa,043,17540,3122,3096,344,3440,31
2022-10-19,Mendocino,045,87422,16157,16059,4524,20583,136
2022-10-19,Merced,047,269075,73745,72442,12053,84495,869
2022-10-19,Modoc,049,8938,883,883,325,1208,11
2022-10-19,Mono,051,14174,3217,3212,259,3471,7
2022-10-19,Monterey,053,433212,94542,94275,21148,115423,768
2022-10-19,Napa,055,140530,32568,32395,1403,33798,160
2022-10-19,Nevada,057,99092,19130,19056,1872,20928,132
2022-10-19,Orange,059,3164182,674032,669923,64617,734540,7536
2022-10-19,Placer,061,380077,76413,76022,9736,85758,662
2022-10-19,Plumas,063,18699,3708,3691,440,4131,13
2022-10-19,Riverside,065,2383286,698902,697500,35529,733029,6569
2022-10-19,Sacramento,067,1510023,349645,348260,35057,383317,3337
2022-10-19,San Benito,069,59416,16417,16251,983,17234,107
2022-10-19,San Bernardino,071,2135413,674555,673189,30941,704130,8152
2022-10-19,San Diego,073,3302833,928868,928182,72306,1000488,5517
2022-10-19,San Francisco,075,870044,180994,179967,12147,192114,1056
2022-10-19,San Joaquin,077,732212,198868,198041,15048,213089,2336
2022-10-19,San Luis Obispo,079,281455,63629,63410,7222,70632,525
2022-10-19,San Mateo,081,765935,170696,169484,10436,179920,732
2022-10-19,Santa Barbara,083,443738,106386,106125,6900,113025,726
2022-10-19,Santa Clara,085,1922200,440430,434684,19028,453712,2523
2022-10-19,Santa Cruz,087,273765,63873,63592,3508,67100,275
2022-10-19,Shasta,089,179085,35205,35031,7562,42593,595
2022-10-19,Sierra,091,2930,308,305,60,365,5
2022-10-19,Siskiyou,093,43540,5175,5298,3332,8630,94
2022-10-19,Solano,095,438530,106050,105561,7966,113527,466
2022-10-19,Sonoma,097,501317,107727,107436,5320,112756,527
2022-10-19,Stanislaus,099,539301,138524,138223,21670,159893,1785
2022-10-19,Sutter,101,95872,24416,24393,2463,26856,233
2022-10-19,Tehama,103,63373,13704,13647,3097,16744,209
2022-10-19,Trinity,105,12862,1399,1396,411,1807,20
2022-10-19,Tulare,107,460477,122473,122035,36680,158715,1540
2022-10-19,Tuolumne,109,53932,15688,15626,926,16552,196
2022-10-19,Ventura,111,848112,209895,209427,15844,225271,1571
2022-10-19,Yolo,113,214977,47740,47611,4383,51994,346
2022-10-19,Yuba,115,75493,18994,18969,1734,20703,130
2022-10-18,Alameda,001,1643700,350897,349337,19691,369028,2031
2022-10-18,Alpine,002,1148,136,136,1,137,0
2022-10-18,Amador,005,37829,10037,10025,929,10954,94
2022-10-18,Butte,007,227075,39728,39607,9191,48798,456
2022-10-18,Calaveras,009,45235,8556,8541,567,9108,135
2022-10-18,Colusa,011,21464,3809,3807,1286,5093,22
2022-10-18,Contra Costa,013,1133247,253540,251722,20883,272605,1444
2022-10-18,Del Norte,015,27424,7476,7450,399,7849,56
2022-10-18,El Dorado,017,186661,32498,32443,4292,36735,232
2022-10-18,Fresno,019,978130,279794,275502,31990,307492,2893
2022-10-18,Glenn,021,27897,5547,5543,1869,7412,48
2022-10-18,Humboldt,023,135768,22075,21979,5114,27093,160
2022-10-18,Imperial,025,180216,65981,65801,16062,81863,961
2022-10-18,Inyo,027,18085,4508,4497,1020,5517,60
2022-10-18,Kern,029,883053,220402,219679,64689,284368,2424
2022-10-18,Kings,031,150075,59695,59632,4121,63753,460
2022-10-18,Lake,033,64148,12887,12847,1190,14037,148
2022-10-18,Lassen,035,31185,9993,9977,998,10975,65
2022-10-18,Los Angeles,037,10098052,3298855,3289814,183431,3473245,33533
2022-10-18,Madera,039,155013,44249,44121,8288,52409,375
2022-10-18,Marin,041,260295,37203,45521,5313,50834,314
2022-10-18,Mariposa,043,17540,3120,3096,344,3440,31
2022-10-18,Mendocino,045,87422,16146,16059,4524,20583,136
2022-10-18,Merced,047,269075,73726,72442,12046,84488,869
2022-10-18,Modoc,049,8938,883,883,325,1208,11
2022-10-18,Mono,051,14174,3216,3212,259,3471,7
2022-10-18,Monterey,053,433212,94514,94275,21140,115415,768
2022-10-18,Napa,055,140530,32563,32395,1403,33798,160
2022-10-18,Nevada,057,99092,19124,19056,1872,20928,132
2022-10-18,Orange,059,3164182,673849,669923,64538,734461,7536
2022-10-18,Placer,061,380077,76382,76022,9733,85755,662
2022-10-18,Plumas,063,18699,3707,3691,440,4131,13
2022-10-18,Riverside,065,2383286,698751,697500,35513,733013,6569
2022-10-18,Sacramento,067,1510023,349519,348260,35039,383299,3337
2022-10-18,San Benito,069,59416,16412,16251,980,17231,107
2022-10-18,San Bernardino,071,2135413,674441,673189,30925,704114,8152
2022-10-18,San Diego,073,3302833,928570,928182,72258,1000440,5517
2022-10-18,San Francisco,075,870044,180910,179967,12145,192112,1056
2022-10-18,San Joaquin,077,732212,198832,198041,15035,213076,2336
2022-10-18,San Luis Obispo,079,281455,63605,63410,7220,70630,525
2022-10-18,San Mateo,081,765935,170619,169484,10432,179916,732
2022-10-18,Santa Barbara,083,443738,106360,106125,6897,113022,726
2022-10-18,Santa Clara,085,1922200,440253,434684,19010,453694,2523
2022-10-18,Santa Cruz,087,273765,63851,63592,3505,67097,275
2022-10-18,Shasta,089,179085,35198,35031,7558,42589,595
2022-10-18,Sierra,091,2930,308,305,60,365,5
2022-10-18,Siskiyou,093,43540,5175,5298,3330,8628,94
2022-10-18,Solano,095,438530,106012,105561,7961,113522,466
2022-10-18,Sonoma,097,501317,107684,107436,5313,112749,527
2022-10-18,Stanislaus,099,539301,138500,138223,21663,159886,1785
2022-10-18,Sutter,101,95872,24411,24393,2463,26856,233
2022-10-18,Tehama,103,63373,13697,13647,3094,16741,209
2022-10-18,Trinity,105,12862,1399,1396,408,1804,20
2022-10-18,Tulare,107,460477,122454,122035,36662,158697,1540
2022-10-18,Tuolumne,109,53932,15683,15626,926,16552,196
2022-10-18,Ventura,111,848112,209833,209427,15833,225260,1571
2022-10-18,Yolo,113,214977,47731,47611,4380,51991,346
2022-10-18,Yuba,115,75493,18987,18969,1734,20703,130
2022-10-17,Alameda,001,1643700,350745,348487,19686,368173,2027
2022-10-17,Alpine,002,1148,136,135,1,136,0
2022-10-17,Amador,005,37829,10033,10013,929,10942,93
2022-10-17,Butte,007,227075,39713,39567,9189,48756,456
2022-10-17,Calaveras,009,45235,8552,8523,567,9090,133
2022-10-17,Colusa,011,21464,3809,3805,1286,5091,22
2022-10-17,Contra Costa,013,1133247,253432,250897,20876,271773,1440
2022-10-17,Del Norte,015,27424,7476,7440,399,7839,56
2022-10-17,El Dorado,017,186661,32485,32373,4290,36663,231
2022-10-17,Fresno,019,978130,279727,275035,31967,307002,2873
2022-10-17,Glenn,021,27897,5544,5532,1869,7401,48
2022-10-17,Humboldt,023,135768,22062,21914,5102,27016,159
2022-10-17,Imperial,025,180216,65963,65691,16036,81727,958
2022-10-17,Inyo,027,18085,4508,4492,1019,5511,60
2022-10-17,Kern,029,883053,220356,219487,64652,284139,2420
2022-10-17,Kings,031,150075,59684,59560,4120,63680,459
2022-10-17,Lake,033,64148,12884,12815,1189,14004,146
2022-10-17,Lassen,035,31185,9991,9970,998,10968,65
2022-10-17,Los Angeles,037,10098052,3297956,3285385,183282,3468667,33525
2022-10-17,Madera,039,155013,44244,44078,8287,52365,375
2022-10-17,Marin,041,260295,37185,45378,5310,50688,315
2022-10-17,Mariposa,043,17540,3118,3091,344,3435,31
2022-10-17,Mendocino,045,87422,16140,16023,4523,20546,136
2022-10-17,Merced,047,269075,73708,72326,12045,84371,868
2022-10-17,Modoc,049,8938,883,882,325,1207,11
2022-10-17,Mono,051,14174,3216,3206,259,3465,7
2022-10-17,Monterey,053,433212,94490,94183,21134,115317,768
2022-10-17,Napa,055,140530,32554,32326,1402,33728,161
2022-10-17,Nevada,057,99092,19119,19023,1869,20892,132
2022-10-17,Orange,059,3164182,673674,668814,64476,733290,7473
2022-10-17,Placer,061,380077,76351,75902,9721,85623,660
2022-10-17,Plumas,063,18699,3702,3682,438,4120,13
2022-10-17,Riverside,065,2383286,698591,696402,35491,731893,6561
2022-10-17,Sacramento,067,1510023,349380,347495,35026,382521,3324
2022-10-17,San Benito,069,59416,16400,16223,979,17202,107
2022-10-17,San Bernardino,071,2135413,674300,672221,30909,703130,8148
2022-10-17,San Diego,073,3302833,928268,926574,72209,998783,5507
2022-10-17,San Francisco,075,870044,180825,179482,12143,191625,1048
2022-10-17,San Joaquin,077,732212,198785,197672,15028,212700,2322
2022-10-17,San Luis Obispo,079,281455,63590,63321,7219,70540,524
2022-10-17,San Mateo,081,765935,170555,168944,10432,179376,732
2022-10-17,Santa Barbara,083,443738,106340,105931,6894,112825,726
2022-10-17,Santa Clara,085,1922200,440031,433458,19000,452458,2513
2022-10-17,Santa Cruz,087,273765,63802,63316,3504,66820,273
2022-10-17,Shasta,089,179085,35176,34971,7552,42523,595
2022-10-17,Sierra,091,2930,306,305,60,365,5
2022-10-17,Siskiyou,093,43540,5172,5287,3327,8614,92
2022-10-17,Solano,095,438530,105974,105287,7958,113245,465
2022-10-17,Sonoma,097,501317,107644,107199,5309,112508,520
2022-10-17,Stanislaus,099,539301,138470,137994,21655,159649,1782
2022-10-17,Sutter,101,95872,24410,24357,2463,26820,233
2022-10-17,Tehama,103,63373,13693,13624,3093,16717,209
2022-10-17,Trinity,105,12862,1399,1396,408,1804,20
2022-10-17,Tulare,107,460477,122436,121902,36649,158551,1538
2022-10-17,Tuolumne,109,53932,15676,15586,925,16511,196
2022-10-17,Ventura,111,848112,209790,209051,15827,224878,1571
2022-10-17,Yolo,113,214977,47708,47498,4374,51872,343
2022-10-17,Yuba,115,75493,18981,18934,1734,20668,129
2022-10-16,Alameda,001,1643700,350577,348487,19669,368156,2027
2022-10-16,Alpine,002,1148,136,135,1,136,0
2022-10-16,Amador,005,37829,10031,10013,929,10942,93
2022-10-16,Butte,007,227075,39693,39567,9183,48750,456
2022-10-16,Calaveras,009,45235,8551,8523,566,9089,133
2022-10-16,Colusa,011,21464,3808,3805,1286,5091,22
2022-10-16,Contra Costa,013,1133247,253306,250897,20874,271771,1440
2022-10-16,Del Norte,015,27424,7475,7440,399,7839,56
2022-10-16,El Dorado,017,186661,32470,32373,4286,36659,231
2022-10-16,Fresno,019,978130,279639,275035,31949,306984,2873
2022-10-16,Glenn,021,27897,5543,5532,1869,7401,48
2022-10-16,Humboldt,023,135768,22043,21914,5088,27002,159
2022-10-16,Imperial,025,180216,65930,65691,16020,81711,958
2022-10-16,Inyo,027,18085,4507,4492,1016,5508,60
2022-10-16,Kern,029,883053,220307,219487,64607,284094,2420
2022-10-16,Kings,031,150075,59673,59560,4119,63679,459
2022-10-16,Lake,033,64148,12880,12815,1189,14004,146
2022-10-16,Lassen,035,31185,9990,9970,998,10968,65
2022-10-16,Los Angeles,037,10098052,3297035,3285385,183128,3468513,33525
2022-10-16,Madera,039,155013,44230,44078,8285,52363,375
2022-10-16,Marin,041,260295,37163,45378,5309,50687,315
2022-10-16,Mariposa,043,17540,3117,3091,344,3435,31
2022-10-16,Mendocino,045,87422,16131,16023,4521,20544,136
2022-10-16,Merced,047,269075,73688,72326,12044,84370,868
2022-10-16,Modoc,049,8938,883,882,325,1207,11
2022-10-16,Mono,051,14174,3215,3206,259,3465,7
2022-10-16,Monterey,053,433212,94462,94183,21123,115306,768
2022-10-16,Napa,055,140530,32545,32326,1402,33728,161
2022-10-16,Nevada,057,99092,19115,19023,1867,20890,132
2022-10-16,Orange,059,3164182,673468,668814,64426,733240,7473
2022-10-16,Placer,061,380077,76326,75902,9716,85618,660
2022-10-16,Plumas,063,18699,3698,3682,438,4120,13
2022-10-16,Riverside,065,2383286,698418,696402,35463,731865,6561
2022-10-16,Sacramento,067,1510023,349197,347495,35001,382496,3324
2022-10-16,San Benito,069,59416,16396,16223,978,17201,107
2022-10-16,San Bernardino,071,2135413,674135,672221,30904,703125,8148
2022-10-16,San Diego,073,3302833,927948,926574,72159,998733,5507
2022-10-16,San Francisco,075,870044,180714,179482,12134,191616,1048
2022-10-16,San Joaquin,077,732212,198709,197672,15021,212693,2322
2022-10-16,San Luis Obispo,079,281455,63565,63321,7216,70537,524
2022-10-16,San Mateo,081,765935,170451,168944,10431,179375,732
2022-10-16,Santa Barbara,083,443738,106311,105931,6892,112823,726
2022-10-16,Santa Clara,085,1922200,439829,433458,18990,452448,2513
2022-10-16,Santa Cruz,087,273765,63716,63316,3500,66816,273
2022-10-16,Shasta,089,179085,35160,34971,7543,42514,595
2022-10-16,Sierra,091,2930,306,305,60,365,5
2022-10-16,Siskiyou,093,43540,5169,5287,3327,8614,92
2022-10-16,Solano,095,438530,105927,105287,7957,113244,465
2022-10-16,Sonoma,097,501317,107592,107199,5303,112502,520
2022-10-16,Stanislaus,099,539301,138440,137994,21654,159648,1782
2022-10-16,Sutter,101,95872,24404,24357,2459,26816,233
2022-10-16,Tehama,103,63373,13688,13624,3092,16716,209
2022-10-16,Trinity,105,12862,1399,1396,408,1804,20
2022-10-16,Tulare,107,460477,122411,121902,36636,158538,1538
2022-10-16,Tuolumne,109,53932,15674,15586,925,16511,196
2022-10-16,Ventura,111,848112,209720,209051,15820,224871,1571
2022-10-16,Yolo,113,214977,47692,47498,4363,51861,343
2022-10-16,Yuba,115,75493,18976,18934,1734,20668,129
2022-10-15,Alameda,001,1643700,350473,348487,19661,368148,2027
2022-10-15,Alpine,002,1148,136,135,1,136,0
2022-10-15,Amador,005,37829,10029,10013,929,10942,93
2022-10-15,Butte,007,227075,39690,39567,9179,48746,456
2022-10-15,Calaveras,009,45235,8548,8523,566,9089,133
2022-10-15,Colusa,011,21464,3808,3805,1286,5091,22
2022-10-15,Contra Costa,013,1133247,253234,250897,20872,271769,1440
2022-10-15,Del Norte,015,27424,7475,7440,399,7839,56
2022-10-15,El Dorado,017,186661,32460,32373,4286,36659,231
2022-10-15,Fresno,019,978130,279612,275035,31947,306982,2873
2022-10-15,Glenn,021,27897,5542,5532,1869,7401,48
2022-10-15,Humboldt,023,135768,22035,21914,5080,26994,159
2022-10-15,Imperial,025,180216,65923,65691,16015,81706,958
2022-10-15,Inyo,027,18085,4507,4492,1016,5508,60
2022-10-15,Kern,029,883053,220281,219487,64572,284059,2420
2022-10-15,Kings,031,150075,59659,59560,4119,63679,459
2022-10-15,Lake,033,64148,12880,12815,1189,14004,146
2022-10-15,Lassen,035,31185,9989,9970,998,10968,65
2022-10-15,Los Angeles,037,10098052,3296557,3285385,183041,3468426,33525
2022-10-15,Madera,039,155013,44227,44078,8285,52363,375
2022-10-15,Marin,041,260295,37146,45378,5307,50685,315
2022-10-15,Mariposa,043,17540,3117,3091,344,3435,31
2022-10-15,Mendocino,045,87422,16124,16023,4521,20544,136
2022-10-15,Merced,047,269075,73675,72326,12043,84369,868
2022-10-15,Modoc,049,8938,883,882,324,1206,11
2022-10-15,Mono,051,14174,3214,3206,259,3465,7
2022-10-15,Monterey,053,433212,94444,94183,21113,115296,768
2022-10-15,Napa,055,140530,32542,32326,1402,33728,161
2022-10-15,Nevada,057,99092,19111,19023,1865,20888,132
2022-10-15,Orange,059,3164182,673356,668814,64392,733206,7473
2022-10-15,Placer,061,380077,76312,75902,9715,85617,660
2022-10-15,Plumas,063,18699,3697,3682,438,4120,13
2022-10-15,Riverside,065,2383286,698329,696402,35447,731849,6561
2022-10-15,Sacramento,067,1510023,349110,347495,34995,382490,3324
2022-10-15,San Benito,069,59416,16392,16223,977,17200,107
2022-10-15,San Bernardino,071,2135413,674067,672221,30898,703119,8148
2022-10-15,San Diego,073,3302833,927831,926574,72146,998720,5507
2022-10-15,San Francisco,075,870044,180662,179482,12133,191615,1048
2022-10-15,San Joaquin,077,732212,198672,197672,15019,212691,2322
2022-10-15,San Luis Obispo,079,281455,63557,63321,7213,70534,524
2022-10-15,San Mateo,081,765935,170394,168944,10430,179374,732
2022-10-15,Santa Barbara,083,443738,106285,105931,6890,112821,726
2022-10-15,Santa Clara,085,1922200,439719,433458,18986,452444,2513
2022-10-15,Santa Cruz,087,273765,63689,63316,3495,66811,273
2022-10-15,Shasta,089,179085,35153,34971,7541,42512,595
2022-10-15,Sierra,091,2930,306,305,60,365,5
2022-10-15,Siskiyou,093,43540,5168,5287,3325,8612,92
2022-10-15,Solano,095,438530,105910,105287,7951,113238,465
2022-10-15,Sonoma,097,501317,107565,107199,5303,112502,520
2022-10-15,Stanislaus,099,539301,138422,137994,21653,159647,1782
2022-10-15,Sutter,101,95872,24401,24357,2459,26816,233
2022-10-15,Tehama,103,63373,13686,13624,3092,16716,209
2022-10-15,Trinity,105,12862,1399,1396,408,1804,20
2022-10-15,Tulare,107,460477,122399,121902,36624,158526,1538
2022-10-15,Tuolumne,109,53932,15668,15586,925,16511,196
2022-10-15,Ventura,111,848112,209689,209051,15814,224865,1571
2022-10-15,Yolo,113,214977,47683,47498,4361,51859,343
2022-10-15,Yuba,115,75493,18974,18934,1733,20667,129
2022-10-14,Alameda,001,1643700,350392,348487,19652,368139,2027
2022-10-14,Alpine,002,1148,136,135,1,136,0
2022-10-14,Amador,005,37829,10029,10013,929,10942,93
2022-10-14,Butte,007,227075,39682,39567,9175,48742,456
2022-10-14,Calaveras,009,45235,8544,8523,566,9089,133
2022-10-14,Colusa,011,21464,3807,3805,1286,5091,22
2022-10-14,Contra Costa,013,1133247,253172,250897,20869,271766,1440
2022-10-14,Del Norte,015,27424,7475,7440,399,7839,56
2022-10-14,El Dorado,017,186661,32453,32373,4284,36657,231
2022-10-14,Fresno,019,978130,279578,275035,31943,306978,2873
2022-10-14,Glenn,021,27897,5541,5532,1867,7399,48
2022-10-14,Humboldt,023,135768,22033,21914,5076,26990,159
2022-10-14,Imperial,025,180216,65912,65691,16009,81700,958
2022-10-14,Inyo,027,18085,4507,4492,1014,5506,60
2022-10-14,Kern,029,883053,220261,219487,64548,284035,2420
2022-10-14,Kings,031,150075,59652,59560,4119,63679,459
2022-10-14,Lake,033,64148,12878,12815,1189,14004,146
2022-10-14,Lassen,035,31185,9989,9970,998,10968,65
2022-10-14,Los Angeles,037,10098052,3296053,3285385,182945,3468330,33525
2022-10-14,Madera,039,155013,44222,44078,8279,52357,375
2022-10-14,Marin,041,260295,37135,45378,5306,50684,315
2022-10-14,Mariposa,043,17540,3117,3091,344,3435,31
2022-10-14,Mendocino,045,87422,16118,16023,4520,20543,136
2022-10-14,Merced,047,269075,73662,72326,12042,84368,868
2022-10-14,Modoc,049,8938,883,882,324,1206,11
2022-10-14,Mono,051,14174,3214,3206,259,3465,7
2022-10-14,Monterey,053,433212,94424,94183,21109,115292,768
2022-10-14,Napa,055,140530,32534,32326,1402,33728,161
2022-10-14,Nevada,057,99092,19104,19023,1863,20886,132
2022-10-14,Orange,059,3164182,673245,668814,64362,733176,7473
2022-10-14,Placer,061,380077,76295,75902,9711,85613,660
2022-10-14,Plumas,063,18699,3696,3682,438,4120,13
2022-10-14,Riverside,065,2383286,698233,696402,35438,731840,6561
2022-10-14,Sacramento,067,1510023,349034,347495,34992,382487,3324
2022-10-14,San Benito,069,59416,16388,16223,977,17200,107
2022-10-14,San Bernardino,071,2135413,673984,672221,30891,703112,8148
2022-10-14,San Diego,073,3302833,927619,926574,72124,998698,5507
2022-10-14,San Francisco,075,870044,180613,179482,12129,191611,1048
2022-10-14,San Joaquin,077,732212,198639,197672,15015,212687,2322
2022-10-14,San Luis Obispo,079,281455,63547,63321,7211,70532,524
2022-10-14,San Mateo,081,765935,170344,168944,10430,179374,732
2022-10-14,Santa Barbara,083,443738,106270,105931,6890,112821,726
2022-10-14,Santa Clara,085,1922200,439582,433458,18978,452436,2513
2022-10-14,Santa Cruz,087,273765,63657,63316,3494,66810,273
2022-10-14,Shasta,089,179085,35148,34971,7541,42512,595
2022-10-14,Sierra,091,2930,306,305,60,365,5
2022-10-14,Siskiyou,093,43540,5167,5287,3325,8612,92
2022-10-14,Solano,095,438530,105878,105287,7948,113235,465
2022-10-14,Sonoma,097,501317,107545,107199,5302,112501,520
2022-10-14,Stanislaus,099,539301,138399,137994,21648,159642,1782
2022-10-14,Sutter,101,95872,24394,24357,2459,26816,233
2022-10-14,Tehama,103,63373,13682,13624,3091,16715,209
2022-10-14,Trinity,105,12862,1399,1396,408,1804,20
2022-10-14,Tulare,107,460477,122382,121902,36619,158521,1538
2022-10-14,Tuolumne,109,53932,15664,15586,925,16511,196
2022-10-14,Ventura,111,848112,209639,209051,15813,224864,1571
2022-10-14,Yolo,113,214977,47674,47498,4356,51854,343
2022-10-14,Yuba,115,75493,18968,18934,1733,20667,129
2022-10-13,Alameda,001,1643700,350248,348487,19642,368129,2027
2022-10-13,Alpine,002,1148,136,135,1,136,0
2022-10-13,Amador,005,37829,10027,10013,929,10942,93
2022-10-13,Butte,007,227075,39672,39567,9170,48737,456
2022-10-13,Calaveras,009,45235,8542,8523,566,9089,133
2022-10-13,Colusa,011,21464,3807,3805,1286,5091,22
2022-10-13,Contra Costa,013,1133247,253087,250897,20860,271757,1440
2022-10-13,Del Norte,015,27424,7473,7440,399,7839,56
2022-10-13,El Dorado,017,186661,32440,32373,4281,36654,231
2022-10-13,Fresno,019,978130,279535,275035,31935,306970,2873
2022-10-13,Glenn,021,27897,5541,5532,1867,7399,48
2022-10-13,Humboldt,023,135768,22022,21914,5069,26983,159
2022-10-13,Imperial,025,180216,65898,65691,15997,81688,958
2022-10-13,Inyo,027,18085,4506,4492,1014,5506,60
2022-10-13,Kern,029,883053,220228,219487,64511,283998,2420
2022-10-13,Kings,031,150075,59642,59560,4119,63679,459
2022-10-13,Lake,033,64148,12875,12815,1188,14003,146
2022-10-13,Lassen,035,31185,9988,9970,998,10968,65
2022-10-13,Los Angeles,037,10098052,3295319,3285385,182815,3468200,33525
2022-10-13,Madera,039,155013,44214,44078,8276,52354,375
2022-10-13,Marin,041,260295,37106,45378,5302,50680,315
2022-10-13,Mariposa,043,17540,3116,3091,344,3435,31
2022-10-13,Mendocino,045,87422,16112,16023,4520,20543,136
2022-10-13,Merced,047,269075,73646,72326,12038,84364,868
2022-10-13,Modoc,049,8938,883,882,324,1206,11
2022-10-13,Mono,051,14174,3213,3206,258,3464,7
2022-10-13,Monterey,053,433212,94410,94183,21098,115281,768
2022-10-13,Napa,055,140530,32520,32326,1400,33726,161
2022-10-13,Nevada,057,99092,19093,19023,1861,20884,132
2022-10-13,Orange,059,3164182,673088,668814,64315,733129,7473
2022-10-13,Placer,061,380077,76278,75902,9707,85609,660
2022-10-13,Plumas,063,18699,3694,3682,438,4120,13
2022-10-13,Riverside,065,2383286,698107,696402,35424,731826,6561
2022-10-13,Sacramento,067,1510023,348904,347495,34977,382472,3324
2022-10-13,San Benito,069,59416,16387,16223,977,17200,107
2022-10-13,San Bernardino,071,2135413,673885,672221,30885,703106,8148
2022-10-13,San Diego,073,3302833,927414,926574,72100,998674,5507
2022-10-13,San Francisco,075,870044,180521,179482,12126,191608,1048
2022-10-13,San Joaquin,077,732212,198596,197672,15008,212680,2322
2022-10-13,San Luis Obispo,079,281455,63539,63321,7201,70522,524
2022-10-13,San Mateo,081,765935,170250,168944,10430,179374,732
2022-10-13,Santa Barbara,083,443738,106248,105931,6886,112817,726
2022-10-13,Santa Clara,085,1922200,439435,433458,18976,452434,2513
2022-10-13,Santa Cruz,087,273765,63632,63316,3492,66808,273
2022-10-13,Shasta,089,179085,35136,34971,7536,42507,595
2022-10-13,Sierra,091,2930,306,305,60,365,5
2022-10-13,Siskiyou,093,43540,5164,5287,3322,8609,92
2022-10-13,Solano,095,438530,105840,105287,7942,113229,465
2022-10-13,Sonoma,097,501317,107508,107199,5302,112501,520
2022-10-13,Stanislaus,099,539301,138368,137994,21648,159642,1782
2022-10-13,Sutter,101,95872,24389,24357,2459,26816,233
2022-10-13,Tehama,103,63373,13679,13624,3090,16714,209
2022-10-13,Trinity,105,12862,1399,1396,407,1803,20
2022-10-13,Tulare,107,460477,122367,121902,36606,158508,1538
2022-10-13,Tuolumne,109,53932,15657,15586,925,16511,196
2022-10-13,Ventura,111,848112,209591,209051,15807,224858,1571
2022-10-13,Yolo,113,214977,47656,47498,4350,51848,343
2022-10-13,Yuba,115,75493,18962,18934,1733,20667,129
2022-10-12,Alameda,001,1643700,350121,348487,19627,368114,2027
2022-10-12,Alpine,002,1148,135,135,1,136,0
2022-10-12,Amador,005,37829,10025,10013,929,10942,93
2022-10-12,Butte,007,227075,39663,39567,9169,48736,456
2022-10-12,Calaveras,009,45235,8537,8523,566,9089,133
2022-10-12,Colusa,011,21464,3807,3805,1286,5091,22
2022-10-12,Contra Costa,013,1133247,252992,250897,20850,271747,1440
2022-10-12,Del Norte,015,27424,7473,7440,399,7839,56
2022-10-12,El Dorado,017,186661,32430,32373,4280,36653,231
2022-10-12,Fresno,019,978130,279490,275035,31926,306961,2873
2022-10-12,Glenn,021,27897,5540,5532,1867,7399,48
2022-10-12,Humboldt,023,135768,22017,21914,5065,26979,159
2022-10-12,Imperial,025,180216,65877,65691,15988,81679,958
2022-10-12,Inyo,027,18085,4505,4492,1013,5505,60
2022-10-12,Kern,029,883053,220188,219487,64477,283964,2420
2022-10-12,Kings,031,150075,59637,59560,4116,63676,459
2022-10-12,Lake,033,64148,12867,12815,1188,14003,146
2022-10-12,Lassen,035,31185,9985,9970,998,10968,65
2022-10-12,Los Angeles,037,10098052,3294568,3285385,182673,3468058,33525
2022-10-12,Madera,039,155013,44204,44078,8274,52352,375
2022-10-12,Marin,041,260295,37088,45378,5299,50677,315
2022-10-12,Mariposa,043,17540,3115,3091,344,3435,31
2022-10-12,Mendocino,045,87422,16110,16023,4518,20541,136
2022-10-12,Merced,047,269075,73623,72326,12034,84360,868
2022-10-12,Modoc,049,8938,883,882,324,1206,11
2022-10-12,Mono,051,14174,3212,3206,257,3463,7
2022-10-12,Monterey,053,433212,94392,94183,21088,115271,768
2022-10-12,Napa,055,140530,32509,32326,1400,33726,161
2022-10-12,Nevada,057,99092,19085,19023,1860,20883,132
2022-10-12,Orange,059,3164182,672915,668814,64295,733109,7473
2022-10-12,Placer,061,380077,76258,75902,9703,85605,660
2022-10-12,Plumas,063,18699,3692,3682,437,4119,13
2022-10-12,Riverside,065,2383286,697982,696402,35403,731805,6561
2022-10-12,Sacramento,067,1510023,348796,347495,34957,382452,3324
2022-10-12,San Benito,069,59416,16382,16223,975,17198,107
2022-10-12,San Bernardino,071,2135413,673755,672221,30875,703096,8148
2022-10-12,San Diego,073,3302833,927160,926574,72065,998639,5507
2022-10-12,San Francisco,075,870044,180441,179482,12125,191607,1048
2022-10-12,San Joaquin,077,732212,198539,197672,15003,212675,2322
2022-10-12,San Luis Obispo,079,281455,63526,63321,7197,70518,524
2022-10-12,San Mateo,081,765935,170169,168944,10428,179372,732
2022-10-12,Santa Barbara,083,443738,106232,105931,6885,112816,726
2022-10-12,Santa Clara,085,1922200,439248,433458,18970,452428,2513
2022-10-12,Santa Cruz,087,273765,63595,63316,3492,66808,273
2022-10-12,Shasta,089,179085,35122,34971,7529,42500,595
2022-10-12,Sierra,091,2930,306,305,60,365,5
2022-10-12,Siskiyou,093,43540,5164,5287,3319,8606,92
2022-10-12,Solano,095,438530,105797,105287,7939,113226,465
2022-10-12,Sonoma,097,501317,107477,107199,5301,112500,520
2022-10-12,Stanislaus,099,539301,138322,137994,21643,159637,1782
2022-10-12,Sutter,101,95872,24383,24357,2459,26816,233
2022-10-12,Tehama,103,63373,13677,13624,3089,16713,209
2022-10-12,Trinity,105,12862,1399,1396,405,1801,20
2022-10-12,Tulare,107,460477,122343,121902,36585,158487,1538
2022-10-12,Tuolumne,109,53932,15653,15586,925,16511,196
2022-10-12,Ventura,111,848112,209539,209051,15805,224856,1571
2022-10-12,Yolo,113,214977,47636,47498,4346,51844,343
2022-10-12,Yuba,115,75493,18955,18934,1731,20665,129
2022-10-11,Alameda,001,1643700,349953,348487,19620,368107,2027
2022-10-11,Alpine,002,1148,135,135,1,136,0
2022-10-11,Amador,005,37829,10021,10013,929,10942,93
2022-10-11,Butte,007,227075,39648,39567,9169,48736,456
2022-10-11,Calaveras,009,45235,8533,8523,565,9088,133
2022-10-11,Colusa,011,21464,3806,3805,1286,5091,22
2022-10-11,Contra Costa,013,1133247,252877,250897,20845,271742,1440
2022-10-11,Del Norte,015,27424,7468,7440,399,7839,56
2022-10-11,El Dorado,017,186661,32411,32373,4280,36653,231
2022-10-11,Fresno,019,978130,279435,275035,31913,306948,2873
2022-10-11,Glenn,021,27897,5539,5532,1866,7398,48
2022-10-11,Humboldt,023,135768,22011,21914,5055,26969,159
2022-10-11,Imperial,025,180216,65864,65691,15970,81661,958
2022-10-11,Inyo,027,18085,4503,4492,1012,5504,60
2022-10-11,Kern,029,883053,220161,219487,64452,283939,2420
2022-10-11,Kings,031,150075,59623,59560,4111,63671,459
2022-10-11,Lake,033,64148,12863,12815,1186,14001,146
2022-10-11,Lassen,035,31185,9984,9970,998,10968,65
2022-10-11,Los Angeles,037,10098052,3293744,3285385,182547,3467932,33525
2022-10-11,Madera,039,155013,44197,44078,8273,52351,375
2022-10-11,Marin,041,260295,37071,45378,5295,50673,315
2022-10-11,Mariposa,043,17540,3114,3091,344,3435,31
2022-10-11,Mendocino,045,87422,16105,16023,4516,20539,136
2022-10-11,Merced,047,269075,73597,72326,12033,84359,868
2022-10-11,Modoc,049,8938,882,882,324,1206,11
2022-10-11,Mono,051,14174,3212,3206,256,3462,7
2022-10-11,Monterey,053,433212,94382,94183,21080,115263,768
2022-10-11,Napa,055,140530,32505,32326,1399,33725,161
2022-10-11,Nevada,057,99092,19074,19023,1858,20881,132
2022-10-11,Orange,059,3164182,672732,668814,64285,733099,7473
2022-10-11,Placer,061,380077,76228,75902,9701,85603,660
2022-10-11,Plumas,063,18699,3692,3682,436,4118,13
2022-10-11,Riverside,065,2383286,697848,696402,35393,731795,6561
2022-10-11,Sacramento,067,1510023,348633,347495,34937,382432,3324
2022-10-11,San Benito,069,59416,16376,16223,974,17197,107
2022-10-11,San Bernardino,071,2135413,673619,672221,30866,703087,8148
2022-10-11,San Diego,073,3302833,926881,926574,72028,998602,5507
2022-10-11,San Francisco,075,870044,180347,179482,12124,191606,1048
2022-10-11,San Joaquin,077,732212,198493,197672,14998,212670,2322
2022-10-11,San Luis Obispo,079,281455,63504,63321,7185,70506,524
2022-10-11,San Mateo,081,765935,170090,168944,10426,179370,732
2022-10-11,Santa Barbara,083,443738,106203,105931,6883,112814,726
2022-10-11,Santa Clara,085,1922200,439072,433458,18962,452420,2513
2022-10-11,Santa Cruz,087,273765,63553,63316,3490,66806,273
2022-10-11,Shasta,089,179085,35110,34971,7519,42490,595
2022-10-11,Sierra,091,2930,306,305,60,365,5
2022-10-11,Siskiyou,093,43540,5163,5287,3317,8604,92
2022-10-11,Solano,095,438530,105755,105287,7937,113224,465
2022-10-11,Sonoma,097,501317,107434,107199,5297,112496,520
2022-10-11,Stanislaus,099,539301,138290,137994,21639,159633,1782
2022-10-11,Sutter,101,95872,24379,24357,2459,26816,233
2022-10-11,Tehama,103,63373,13676,13624,3086,16710,209
2022-10-11,Trinity,105,12862,1399,1396,404,1800,20
2022-10-11,Tulare,107,460477,122318,121902,36573,158475,1538
2022-10-11,Tuolumne,109,53932,15647,15586,925,16511,196
2022-10-11,Ventura,111,848112,209486,209051,15800,224851,1571
2022-10-11,Yolo,113,214977,47629,47498,4340,51838,343
2022-10-11,Yuba,115,75493,18943,18934,1731,20665,129
2022-10-10,Alameda,001,1643700,349800,347497,19611,367108,2023
2022-10-10,Alpine,002,1148,135,135,1,136,0
2022-10-10,Amador,005,37829,10018,9999,929,10928,93
2022-10-10,Butte,007,227075,39637,39453,9167,48620,454
2022-10-10,Calaveras,009,45235,8533,8511,564,9075,133
2022-10-10,Colusa,011,21464,3805,3794,1286,5080,22
2022-10-10,Contra Costa,013,1133247,252757,250136,20831,270967,1430
2022-10-10,Del Norte,015,27424,7465,7433,398,7831,56
2022-10-10,El Dorado,017,186661,32396,32320,4278,36598,231
2022-10-10,Fresno,019,978130,279377,274628,31902,306530,2865
2022-10-10,Glenn,021,27897,5538,5510,1866,7376,48
2022-10-10,Humboldt,023,135768,21992,21831,5051,26882,159
2022-10-10,Imperial,025,180216,65846,65532,15953,81485,958
2022-10-10,Inyo,027,18085,4502,4489,1010,5499,59
2022-10-10,Kern,029,883053,220118,219191,64414,283605,2418
2022-10-10,Kings,031,150075,59614,59489,4109,63598,458
2022-10-10,Lake,033,64148,12859,12795,1186,13981,147
2022-10-10,Lassen,035,31185,9984,9967,997,10964,65
2022-10-10,Los Angeles,037,10098052,3292868,3278961,182397,3461358,33467
2022-10-10,Madera,039,155013,44185,44029,8269,52298,374
2022-10-10,Marin,041,260295,37053,45190,5291,50481,313
2022-10-10,Mariposa,043,17540,3112,3088,344,3432,31
2022-10-10,Mendocino,045,87422,16092,15992,4513,20505,136
2022-10-10,Merced,047,269075,73579,72236,12027,84263,865
2022-10-10,Modoc,049,8938,882,876,324,1200,11
2022-10-10,Mono,051,14174,3210,3205,256,3461,7
2022-10-10,Monterey,053,433212,94365,94111,21077,115188,766
2022-10-10,Napa,055,140530,32494,32258,1399,33657,160
2022-10-10,Nevada,057,99092,19070,18989,1857,20846,132
2022-10-10,Orange,059,3164182,672537,667297,64236,731533,7452
2022-10-10,Placer,061,380077,76202,75768,9696,85464,660
2022-10-10,Plumas,063,18699,3691,3669,435,4104,13
2022-10-10,Riverside,065,2383286,697693,695315,35381,730696,6567
2022-10-10,Sacramento,067,1510023,348509,346748,34900,381648,3310
2022-10-10,San Benito,069,59416,16372,16188,974,17162,106
2022-10-10,San Bernardino,071,2135413,673465,670906,30856,701762,8116
2022-10-10,San Diego,073,3302833,926619,924672,71988,996660,5498
2022-10-10,San Francisco,075,870044,180257,178943,12120,191063,1045
2022-10-10,San Joaquin,077,732212,198433,197390,14993,212383,2319
2022-10-10,San Luis Obispo,079,281455,63481,63219,7180,70399,524
2022-10-10,San Mateo,081,765935,170003,168413,10423,178836,737
2022-10-10,Santa Barbara,083,443738,106158,105695,6882,112577,725
2022-10-10,Santa Clara,085,1922200,438861,432327,18949,451276,2506
2022-10-10,Santa Cruz,087,273765,63518,63099,3489,66588,273
2022-10-10,Shasta,089,179085,35094,34904,7513,42417,593
2022-10-10,Sierra,091,2930,306,305,60,365,5
2022-10-10,Siskiyou,093,43540,5160,5272,3316,8588,92
2022-10-10,Solano,095,438530,105708,105042,7932,112974,465
2022-10-10,Sonoma,097,501317,107398,106940,5293,112233,520
2022-10-10,Stanislaus,099,539301,138248,137838,21635,159473,1781
2022-10-10,Sutter,101,95872,24370,24326,2459,26785,232
2022-10-10,Tehama,103,63373,13672,13603,3086,16689,210
2022-10-10,Trinity,105,12862,1399,1394,400,1794,20
2022-10-10,Tulare,107,460477,122300,121787,36555,158342,1531
2022-10-10,Tuolumne,109,53932,15641,15558,925,16483,196
2022-10-10,Ventura,111,848112,209414,208632,15793,224425,1567
2022-10-10,Yolo,113,214977,47606,47422,4339,51761,341
2022-10-10,Yuba,115,75493,18937,18914,1731,20645,129
2022-10-09,Alameda,001,1643700,349641,347497,19593,367090,2023
2022-10-09,Alpine,002,1148,135,135,1,136,0
2022-10-09,Amador,005,37829,10016,9999,929,10928,93
2022-10-09,Butte,007,227075,39629,39453,9166,48619,454
2022-10-09,Calaveras,009,45235,8530,8511,564,9075,133
2022-10-09,Colusa,011,21464,3805,3794,1286,5080,22
2022-10-09,Contra Costa,013,1133247,252645,250136,20818,270954,1430
2022-10-09,Del Norte,015,27424,7464,7433,398,7831,56
2022-10-09,El Dorado,017,186661,32384,32320,4278,36598,231
2022-10-09,Fresno,019,978130,279287,274628,31891,306519,2865
2022-10-09,Glenn,021,27897,5535,5510,1865,7375,48
2022-10-09,Humboldt,023,135768,21979,21831,5045,26876,159
2022-10-09,Imperial,025,180216,65814,65532,15933,81465,958
2022-10-09,Inyo,027,18085,4502,4489,1008,5497,59
2022-10-09,Kern,029,883053,220081,219191,64350,283541,2418
2022-10-09,Kings,031,150075,59597,59489,4108,63597,458
2022-10-09,Lake,033,64148,12852,12795,1186,13981,147
2022-10-09,Lassen,035,31185,9984,9967,997,10964,65
2022-10-09,Los Angeles,037,10098052,3291880,3278961,182232,3461193,33467
2022-10-09,Madera,039,155013,44175,44029,8267,52296,374
2022-10-09,Marin,041,260295,37020,45190,5285,50475,313
2022-10-09,Mariposa,043,17540,3110,3088,344,3432,31
2022-10-09,Mendocino,045,87422,16086,15992,4513,20505,136
2022-10-09,Merced,047,269075,73561,72236,12022,84258,865
2022-10-09,Modoc,049,8938,882,876,324,1200,11
2022-10-09,Mono,051,14174,3210,3205,256,3461,7
2022-10-09,Monterey,053,433212,94349,94111,21067,115178,766
2022-10-09,Napa,055,140530,32480,32258,1398,33656,160
2022-10-09,Nevada,057,99092,19063,18989,1855,20844,132
2022-10-09,Orange,059,3164182,672309,667297,64166,731463,7452
2022-10-09,Placer,061,380077,76184,75768,9693,85461,660
2022-10-09,Plumas,063,18699,3689,3669,435,4104,13
2022-10-09,Riverside,065,2383286,697495,695315,35370,730685,6567
2022-10-09,Sacramento,067,1510023,348347,346748,34880,381628,3310
2022-10-09,San Benito,069,59416,16370,16188,974,17162,106
2022-10-09,San Bernardino,071,2135413,673309,670906,30847,701753,8116
2022-10-09,San Diego,073,3302833,926338,924672,71954,996626,5498
2022-10-09,San Francisco,075,870044,180160,178943,12117,191060,1045
2022-10-09,San Joaquin,077,732212,198354,197390,14988,212378,2319
2022-10-09,San Luis Obispo,079,281455,63474,63219,7173,70392,524
2022-10-09,San Mateo,081,765935,169891,168413,10420,178833,737
2022-10-09,Santa Barbara,083,443738,106124,105695,6878,112573,725
2022-10-09,Santa Clara,085,1922200,438644,432327,18937,451264,2506
2022-10-09,Santa Cruz,087,273765,63453,63099,3487,66586,273
2022-10-09,Shasta,089,179085,35070,34904,7506,42410,593
2022-10-09,Sierra,091,2930,306,305,60,365,5
2022-10-09,Siskiyou,093,43540,5160,5272,3315,8587,92
2022-10-09,Solano,095,438530,105653,105042,7930,112972,465
2022-10-09,Sonoma,097,501317,107352,106940,5292,112232,520
2022-10-09,Stanislaus,099,539301,138222,137838,21627,159465,1781
2022-10-09,Sutter,101,95872,24359,24326,2458,26784,232
2022-10-09,Tehama,103,63373,13670,13603,3086,16689,210
2022-10-09,Trinity,105,12862,1399,1394,400,1794,20
2022-10-09,Tulare,107,460477,122277,121787,36535,158322,1531
2022-10-09,Tuolumne,109,53932,15634,15558,925,16483,196
2022-10-09,Ventura,111,848112,209365,208632,15788,224420,1567
2022-10-09,Yolo,113,214977,47583,47422,4336,51758,341
2022-10-09,Yuba,115,75493,18934,18914,1731,20645,129
2022-10-08,Alameda,001,1643700,349552,347497,19586,367083,2023
2022-10-08,Alpine,002,1148,135,135,1,136,0
2022-10-08,Amador,005,37829,10015,9999,928,10927,93
2022-10-08,Butte,007,227075,39624,39453,9160,48613,454
2022-10-08,Calaveras,009,45235,8528,8511,564,9075,133
2022-10-08,Colusa,011,21464,3805,3794,1286,5080,22
2022-10-08,Contra Costa,013,1133247,252565,250136,20815,270951,1430
2022-10-08,Del Norte,015,27424,7464,7433,398,7831,56
2022-10-08,El Dorado,017,186661,32375,32320,4277,36597,231
2022-10-08,Fresno,019,978130,279257,274628,31888,306516,2865
2022-10-08,Glenn,021,27897,5534,5510,1865,7375,48
2022-10-08,Humboldt,023,135768,21968,21831,5039,26870,159
2022-10-08,Imperial,025,180216,65789,65532,15927,81459,958
2022-10-08,Inyo,027,18085,4502,4489,1006,5495,59
2022-10-08,Kern,029,883053,220046,219191,64329,283520,2418
2022-10-08,Kings,031,150075,59593,59489,4108,63597,458
2022-10-08,Lake,033,64148,12849,12795,1186,13981,147
2022-10-08,Lassen,035,31185,9984,9967,997,10964,65
2022-10-08,Los Angeles,037,10098052,3291319,3278961,182143,3461104,33467
2022-10-08,Madera,039,155013,44170,44029,8267,52296,374
2022-10-08,Marin,041,260295,37000,45190,5279,50469,313
2022-10-08,Mariposa,043,17540,3110,3088,344,3432,31
2022-10-08,Mendocino,045,87422,16085,15992,4510,20502,136
2022-10-08,Merced,047,269075,73551,72236,12021,84257,865
2022-10-08,Modoc,049,8938,880,876,324,1200,11
2022-10-08,Mono,051,14174,3210,3205,256,3461,7
2022-10-08,Monterey,053,433212,94339,94111,21065,115176,766
2022-10-08,Napa,055,140530,32473,32258,1398,33656,160
2022-10-08,Nevada,057,99092,19061,18989,1854,20843,132
2022-10-08,Orange,059,3164182,672191,667297,64123,731420,7452
2022-10-08,Placer,061,380077,76155,75768,9690,85458,660
2022-10-08,Plumas,063,18699,3688,3669,435,4104,13
2022-10-08,Riverside,065,2383286,697396,695315,35358,730673,6567
2022-10-08,Sacramento,067,1510023,348287,346748,34877,381625,3310
2022-10-08,San Benito,069,59416,16367,16188,974,17162,106
2022-10-08,San Bernardino,071,2135413,673230,670906,30841,701747,8116
2022-10-08,San Diego,073,3302833,926205,924672,71939,996611,5498
2022-10-08,San Francisco,075,870044,180111,178943,12113,191056,1045
2022-10-08,San Joaquin,077,732212,198319,197390,14983,212373,2319
2022-10-08,San Luis Obispo,079,281455,63468,63219,7172,70391,524
2022-10-08,San Mateo,081,765935,169840,168413,10417,178830,737
2022-10-08,Santa Barbara,083,443738,106100,105695,6876,112571,725
2022-10-08,Santa Clara,085,1922200,438521,432327,18933,451260,2506
2022-10-08,Santa Cruz,087,273765,63431,63099,3487,66586,273
2022-10-08,Shasta,089,179085,35064,34904,7501,42405,593
2022-10-08,Sierra,091,2930,306,305,60,365,5
2022-10-08,Siskiyou,093,43540,5160,5272,3314,8586,92
2022-10-08,Solano,095,438530,105632,105042,7924,112966,465
2022-10-08,Sonoma,097,501317,107321,106940,5292,112232,520
2022-10-08,Stanislaus,099,539301,138205,137838,21624,159462,1781
2022-10-08,Sutter,101,95872,24356,24326,2458,26784,232
2022-10-08,Tehama,103,63373,13669,13603,3085,16688,210
2022-10-08,Trinity,105,12862,1399,1394,400,1794,20
2022-10-08,Tulare,107,460477,122253,121787,36529,158316,1531
2022-10-08,Tuolumne,109,53932,15629,15558,925,16483,196
2022-10-08,Ventura,111,848112,209331,208632,15784,224416,1567
2022-10-08,Yolo,113,214977,47573,47422,4335,51757,341
2022-10-08,Yuba,115,75493,18931,18914,1731,20645,129
2022-10-07,Alameda,001,1643700,349435,347497,19584,367081,2023
2022-10-07,Alpine,002,1148,135,135,1,136,0
2022-10-07,Amador,005,37829,10013,9999,928,10927,93
2022-10-07,Butte,007,227075,39623,39453,9158,48611,454
2022-10-07,Calaveras,009,45235,8527,8511,564,9075,133
2022-10-07,Colusa,011,21464,3805,3794,1285,5079,22
2022-10-07,Contra Costa,013,1133247,252483,250136,20814,270950,1430
2022-10-07,Del Norte,015,27424,7464,7433,397,7830,56
2022-10-07,El Dorado,017,186661,32366,32320,4275,36595,231
2022-10-07,Fresno,019,978130,279227,274628,31885,306513,2865
2022-10-07,Glenn,021,27897,5533,5510,1864,7374,48
2022-10-07,Humboldt,023,135768,21961,21831,5032,26863,159
2022-10-07,Imperial,025,180216,65777,65532,15922,81454,958
2022-10-07,Inyo,027,18085,4500,4489,1004,5493,59
2022-10-07,Kern,029,883053,220015,219191,64302,283493,2418
2022-10-07,Kings,031,150075,59585,59489,4108,63597,458
2022-10-07,Lake,033,64148,12845,12795,1186,13981,147
2022-10-07,Lassen,035,31185,9984,9967,997,10964,65
2022-10-07,Los Angeles,037,10098052,3290709,3278961,182040,3461001,33467
2022-10-07,Madera,039,155013,44166,44029,8265,52294,374
2022-10-07,Marin,041,260295,36981,45190,5277,50467,313
2022-10-07,Mariposa,043,17540,3107,3088,344,3432,31
2022-10-07,Mendocino,045,87422,16081,15992,4509,20501,136
2022-10-07,Merced,047,269075,73544,72236,12019,84255,865
2022-10-07,Modoc,049,8938,880,876,324,1200,11
2022-10-07,Mono,051,14174,3209,3205,256,3461,7
2022-10-07,Monterey,053,433212,94324,94111,21061,115172,766
2022-10-07,Napa,055,140530,32465,32258,1398,33656,160
2022-10-07,Nevada,057,99092,19059,18989,1850,20839,132
2022-10-07,Orange,059,3164182,672068,667297,64089,731386,7452
2022-10-07,Placer,061,380077,76136,75768,9686,85454,660
2022-10-07,Plumas,063,18699,3685,3669,435,4104,13
2022-10-07,Riverside,065,2383286,697304,695315,35346,730661,6567
2022-10-07,Sacramento,067,1510023,348196,346748,34871,381619,3310
2022-10-07,San Benito,069,59416,16365,16188,974,17162,106
2022-10-07,San Bernardino,071,2135413,673144,670906,30837,701743,8116
2022-10-07,San Diego,073,3302833,926034,924672,71921,996593,5498
2022-10-07,San Francisco,075,870044,180047,178943,12109,191052,1045
2022-10-07,San Joaquin,077,732212,198283,197390,14982,212372,2319
2022-10-07,San Luis Obispo,079,281455,63456,63219,7171,70390,524
2022-10-07,San Mateo,081,765935,169769,168413,10417,178830,737
2022-10-07,Santa Barbara,083,443738,106075,105695,6875,112570,725
2022-10-07,Santa Clara,085,1922200,438387,432327,18928,451255,2506
2022-10-07,Santa Cruz,087,273765,63399,63099,3486,66585,273
2022-10-07,Shasta,089,179085,35058,34904,7498,42402,593
2022-10-07,Sierra,091,2930,306,305,60,365,5
2022-10-07,Siskiyou,093,43540,5159,5272,3313,8585,92
2022-10-07,Solano,095,438530,105603,105042,7920,112962,465
2022-10-07,Sonoma,097,501317,107294,106940,5291,112231,520
2022-10-07,Stanislaus,099,539301,138187,137838,21623,159461,1781
2022-10-07,Sutter,101,95872,24349,24326,2458,26784,232
2022-10-07,Tehama,103,63373,13669,13603,3083,16686,210
2022-10-07,Trinity,105,12862,1398,1394,400,1794,20
2022-10-07,Tulare,107,460477,122236,121787,36516,158303,1531
2022-10-07,Tuolumne,109,53932,15625,15558,925,16483,196
2022-10-07,Ventura,111,848112,209288,208632,15780,224412,1567
2022-10-07,Yolo,113,214977,47566,47422,4331,51753,341
2022-10-07,Yuba,115,75493,18931,18914,1731,20645,129
2022-10-06,Alameda,001,1643700,349297,347497,19573,367070,2023
2022-10-06,Alpine,002,1148,135,135,1,136,0
2022-10-06,Amador,005,37829,10011,9999,928,10927,93
2022-10-06,Butte,007,227075,39614,39453,9153,48606,454
2022-10-06,Calaveras,009,45235,8525,8511,563,9074,133
2022-10-06,Colusa,011,21464,3805,3794,1285,5079,22
2022-10-06,Contra Costa,013,1133247,252390,250136,20810,270946,1430
2022-10-06,Del Norte,015,27424,7462,7433,397,7830,56
2022-10-06,El Dorado,017,186661,32356,32320,4273,36593,231
2022-10-06,Fresno,019,978130,279177,274628,31879,306507,2865
2022-10-06,Glenn,021,27897,5532,5510,1863,7373,48
2022-10-06,Humboldt,023,135768,21949,21831,5024,26855,159
2022-10-06,Imperial,025,180216,65753,65532,15914,81446,958
2022-10-06,Inyo,027,18085,4500,4489,1003,5492,59
2022-10-06,Kern,029,883053,219983,219191,64276,283467,2418
2022-10-06,Kings,031,150075,59571,59489,4106,63595,458
2022-10-06,Lake,033,64148,12844,12795,1186,13981,147
2022-10-06,Lassen,035,31185,9984,9967,997,10964,65
2022-10-06,Los Angeles,037,10098052,3289863,3278961,181893,3460854,33467
2022-10-06,Madera,039,155013,44157,44029,8265,52294,374
2022-10-06,Marin,041,260295,36963,45190,5275,50465,313
2022-10-06,Mariposa,043,17540,3107,3088,344,3432,31
2022-10-06,Mendocino,045,87422,16079,15992,4508,20500,136
2022-10-06,Merced,047,269075,73532,72236,12018,84254,865
2022-10-06,Modoc,049,8938,879,876,324,1200,11
2022-10-06,Mono,051,14174,3209,3205,256,3461,7
2022-10-06,Monterey,053,433212,94315,94111,21052,115163,766
2022-10-06,Napa,055,140530,32458,32258,1398,33656,160
2022-10-06,Nevada,057,99092,19053,18989,1849,20838,132
2022-10-06,Orange,059,3164182,671868,667297,64039,731336,7452
2022-10-06,Placer,061,380077,76111,75768,9684,85452,660
2022-10-06,Plumas,063,18699,3683,3669,435,4104,13
2022-10-06,Riverside,065,2383286,697171,695315,35337,730652,6567
2022-10-06,Sacramento,067,1510023,348079,346748,34856,381604,3310
2022-10-06,San Benito,069,59416,16362,16188,973,17161,106
2022-10-06,San Bernardino,071,2135413,673006,670906,30827,701733,8116
2022-10-06,San Diego,073,3302833,925786,924672,71873,996545,5498
2022-10-06,San Francisco,075,870044,179967,178943,12107,191050,1045
2022-10-06,San Joaquin,077,732212,198233,197390,14975,212365,2319
2022-10-06,San Luis Obispo,079,281455,63438,63219,7167,70386,524
2022-10-06,San Mateo,081,765935,169700,168413,10415,178828,737
2022-10-06,Santa Barbara,083,443738,106050,105695,6873,112568,725
2022-10-06,Santa Clara,085,1922200,438221,432327,18922,451249,2506
2022-10-06,Santa Cruz,087,273765,63360,63099,3483,66582,273
2022-10-06,Shasta,089,179085,35047,34904,7492,42396,593
2022-10-06,Sierra,091,2930,306,305,60,365,5
2022-10-06,Siskiyou,093,43540,5157,5272,3313,8585,92
2022-10-06,Solano,095,438530,105572,105042,7916,112958,465
2022-10-06,Sonoma,097,501317,107269,106940,5290,112230,520
2022-10-06,Stanislaus,099,539301,138156,137838,21616,159454,1781
2022-10-06,Sutter,101,95872,24339,24326,2458,26784,232
2022-10-06,Tehama,103,63373,13663,13603,3082,16685,210
2022-10-06,Trinity,105,12862,1398,1394,398,1792,20
2022-10-06,Tulare,107,460477,122219,121787,36511,158298,1531
2022-10-06,Tuolumne,109,53932,15622,15558,924,16482,196
2022-10-06,Ventura,111,848112,209225,208632,15770,224402,1567
2022-10-06,Yolo,113,214977,47553,47422,4329,51751,341
2022-10-06,Yuba,115,75493,18930,18914,1731,20645,129
2022-10-05,Alameda,001,1643700,349133,347497,19564,367061,2023
2022-10-05,Alpine,002,1148,135,135,1,136,0
2022-10-05,Amador,005,37829,10009,9999,928,10927,93
2022-10-05,Butte,007,227075,39607,39453,9150,48603,454
2022-10-05,Calaveras,009,45235,8523,8511,563,9074,133
2022-10-05,Colusa,011,21464,3804,3794,1285,5079,22
2022-10-05,Contra Costa,013,1133247,252295,250136,20799,270935,1430
2022-10-05,Del Norte,015,27424,7459,7433,397,7830,56
2022-10-05,El Dorado,017,186661,32340,32320,4273,36593,231
2022-10-05,Fresno,019,978130,279105,274628,31873,306501,2865
2022-10-05,Glenn,021,27897,5532,5510,1862,7372,48
2022-10-05,Humboldt,023,135768,21935,21831,5019,26850,159
2022-10-05,Imperial,025,180216,65729,65532,15900,81432,958
2022-10-05,Inyo,027,18085,4500,4489,1000,5489,59
2022-10-05,Kern,029,883053,219935,219191,64233,283424,2418
2022-10-05,Kings,031,150075,59562,59489,4105,63594,458
2022-10-05,Lake,033,64148,12842,12795,1185,13980,147
2022-10-05,Lassen,035,31185,9984,9967,996,10963,65
2022-10-05,Los Angeles,037,10098052,3289029,3278961,181745,3460706,33467
2022-10-05,Madera,039,155013,44149,44029,8262,52291,374
2022-10-05,Marin,041,260295,36939,45190,5271,50461,313
2022-10-05,Mariposa,043,17540,3106,3088,344,3432,31
2022-10-05,Mendocino,045,87422,16077,15992,4503,20495,136
2022-10-05,Merced,047,269075,73520,72236,12015,84251,865
2022-10-05,Modoc,049,8938,879,876,324,1200,11
2022-10-05,Mono,051,14174,3209,3205,256,3461,7
2022-10-05,Monterey,053,433212,94301,94111,21047,115158,766
2022-10-05,Napa,055,140530,32449,32258,1398,33656,160
2022-10-05,Nevada,057,99092,19045,18989,1849,20838,132
2022-10-05,Orange,059,3164182,671682,667297,63988,731285,7452
2022-10-05,Placer,061,380077,76087,75768,9681,85449,660
2022-10-05,Plumas,063,18699,3680,3669,434,4103,13
2022-10-05,Riverside,065,2383286,697027,695315,35319,730634,6567
2022-10-05,Sacramento,067,1510023,347981,346748,34844,381592,3310
2022-10-05,San Benito,069,59416,16359,16188,973,17161,106
2022-10-05,San Bernardino,071,2135413,672840,670906,30819,701725,8116
2022-10-05,San Diego,073,3302833,925561,924672,71848,996520,5498
2022-10-05,San Francisco,075,870044,179867,178943,12101,191044,1045
2022-10-05,San Joaquin,077,732212,198188,197390,14965,212355,2319
2022-10-05,San Luis Obispo,079,281455,63433,63219,7162,70381,524
2022-10-05,San Mateo,081,765935,169620,168413,10415,178828,737
2022-10-05,Santa Barbara,083,443738,106022,105695,6870,112565,725
2022-10-05,Santa Clara,085,1922200,438038,432327,18917,451244,2506
2022-10-05,Santa Cruz,087,273765,63328,63099,3483,66582,273
2022-10-05,Shasta,089,179085,35040,34904,7485,42389,593
2022-10-05,Sierra,091,2930,306,305,60,365,5
2022-10-05,Siskiyou,093,43540,5152,5272,3311,8583,92
2022-10-05,Solano,095,438530,105536,105042,7912,112954,465
2022-10-05,Sonoma,097,501317,107234,106940,5290,112230,520
2022-10-05,Stanislaus,099,539301,138127,137838,21608,159446,1781
2022-10-05,Sutter,101,95872,24335,24326,2458,26784,232
2022-10-05,Tehama,103,63373,13659,13603,3081,16684,210
2022-10-05,Trinity,105,12862,1398,1394,398,1792,20
2022-10-05,Tulare,107,460477,122201,121787,36489,158276,1531
2022-10-05,Tuolumne,109,53932,15616,15558,924,16482,196
2022-10-05,Ventura,111,848112,209165,208632,15768,224400,1567
2022-10-05,Yolo,113,214977,47537,47422,4327,51749,341
2022-10-05,Yuba,115,75493,18925,18914,1728,20642,129
2022-10-04,Alameda,001,1643700,348987,347497,19552,367049,2023
2022-10-04,Alpine,002,1148,135,135,1,136,0
2022-10-04,Amador,005,37829,10007,9999,928,10927,93
2022-10-04,Butte,007,227075,39595,39453,9148,48601,454
2022-10-04,Calaveras,009,45235,8522,8511,561,9072,133
2022-10-04,Colusa,011,21464,3804,3794,1285,5079,22
2022-10-04,Contra Costa,013,1133247,252210,250136,20792,270928,1430
2022-10-04,Del Norte,015,27424,7457,7433,397,7830,56
2022-10-04,El Dorado,017,186661,32335,32320,4272,36592,231
2022-10-04,Fresno,019,978130,279044,274628,31867,306495,2865
2022-10-04,Glenn,021,27897,5531,5510,1862,7372,48
2022-10-04,Humboldt,023,135768,21922,21831,5018,26849,159
2022-10-04,Imperial,025,180216,65694,65532,15885,81417,958
2022-10-04,Inyo,027,18085,4499,4489,998,5487,59
2022-10-04,Kern,029,883053,219876,219191,64192,283383,2418
2022-10-04,Kings,031,150075,59547,59489,4104,63593,458
2022-10-04,Lake,033,64148,12837,12795,1185,13980,147
2022-10-04,Lassen,035,31185,9983,9967,995,10962,65
2022-10-04,Los Angeles,037,10098052,3288132,3278961,181582,3460543,33467
2022-10-04,Madera,039,155013,44135,44029,8260,52289,374
2022-10-04,Marin,041,260295,36908,45190,5271,50461,313
2022-10-04,Mariposa,043,17540,3106,3088,344,3432,31
2022-10-04,Mendocino,045,87422,16073,15992,4497,20489,136
2022-10-04,Merced,047,269075,73500,72236,12013,84249,865
2022-10-04,Modoc,049,8938,879,876,324,1200,11
2022-10-04,Mono,051,14174,3209,3205,255,3460,7
2022-10-04,Monterey,053,433212,94288,94111,21042,115153,766
2022-10-04,Napa,055,140530,32445,32258,1398,33656,160
2022-10-04,Nevada,057,99092,19042,18989,1849,20838,132
2022-10-04,Orange,059,3164182,671466,667297,63912,731209,7452
2022-10-04,Placer,061,380077,76054,75768,9677,85445,660
2022-10-04,Plumas,063,18699,3674,3669,433,4102,13
2022-10-04,Riverside,065,2383286,696868,695315,35304,730619,6567
2022-10-04,Sacramento,067,1510023,347856,346748,34820,381568,3310
2022-10-04,San Benito,069,59416,16346,16188,972,17160,106
2022-10-04,San Bernardino,071,2135413,672689,670906,30811,701717,8116
2022-10-04,San Diego,073,3302833,925228,924672,71797,996469,5498
2022-10-04,San Francisco,075,870044,179775,178943,12098,191041,1045
2022-10-04,San Joaquin,077,732212,198143,197390,14958,212348,2319
2022-10-04,San Luis Obispo,079,281455,63416,63219,7153,70372,524
2022-10-04,San Mateo,081,765935,169530,168413,10414,178827,737
2022-10-04,Santa Barbara,083,443738,105991,105695,6868,112563,725
2022-10-04,Santa Clara,085,1922200,437844,432327,18911,451238,2506
2022-10-04,Santa Cruz,087,273765,63292,63099,3481,66580,273
2022-10-04,Shasta,089,179085,35026,34904,7480,42384,593
2022-10-04,Sierra,091,2930,306,305,60,365,5
2022-10-04,Siskiyou,093,43540,5151,5272,3311,8583,92
2022-10-04,Solano,095,438530,105488,105042,7910,112952,465
2022-10-04,Sonoma,097,501317,107199,106940,5287,112227,520
2022-10-04,Stanislaus,099,539301,138100,137838,21606,159444,1781
2022-10-04,Sutter,101,95872,24325,24326,2457,26783,232
2022-10-04,Tehama,103,63373,13656,13603,3079,16682,210
2022-10-04,Trinity,105,12862,1398,1394,398,1792,20
2022-10-04,Tulare,107,460477,122177,121787,36479,158266,1531
2022-10-04,Tuolumne,109,53932,15615,15558,924,16482,196
2022-10-04,Ventura,111,848112,209096,208632,15764,224396,1567
2022-10-04,Yolo,113,214977,47520,47422,4324,51746,341
2022-10-04,Yuba,115,75493,18920,18914,1726,20640,129
2022-10-03,Alameda,001,1643700,348798,346369,19545,365914,2020
2022-10-03,Alpine,002,1148,135,134,1,135,0
2022-10-03,Amador,005,37829,10005,9987,928,10915,90
2022-10-03,Butte,007,227075,39580,39378,9144,48522,454
2022-10-03,Calaveras,009,45235,8521,8497,561,9058,133
2022-10-03,Colusa,011,21464,3804,3782,1284,5066,22
2022-10-03,Contra Costa,013,1133247,252095,249273,20787,270060,1426
2022-10-03,Del Norte,015,27424,7456,7421,397,7818,56
2022-10-03,El Dorado,017,186661,32327,32238,4270,36508,231
2022-10-03,Fresno,019,978130,278985,274028,31854,305882,2859
2022-10-03,Glenn,021,27897,5531,5509,1862,7371,48
2022-10-03,Humboldt,023,135768,21907,21744,5016,26760,157
2022-10-03,Imperial,025,180216,65675,65425,15870,81295,958
2022-10-03,Inyo,027,18085,4498,4483,995,5478,59
2022-10-03,Kern,029,883053,219817,218846,64141,282987,2417
2022-10-03,Kings,031,150075,59529,59394,4101,63495,459
2022-10-03,Lake,033,64148,12833,12761,1185,13946,147
2022-10-03,Lassen,035,31185,9981,9962,994,10956,65
2022-10-03,Los Angeles,037,10098052,3287102,3271661,181422,3453083,33336
2022-10-03,Madera,039,155013,44127,43953,8257,52210,374
2022-10-03,Marin,041,260295,36879,45002,5270,50272,310
2022-10-03,Mariposa,043,17540,3105,3079,343,3422,31
2022-10-03,Mendocino,045,87422,16066,15950,4491,20441,136
2022-10-03,Merced,047,269075,73486,72117,12010,84127,863
2022-10-03,Modoc,049,8938,877,873,324,1197,11
2022-10-03,Mono,051,14174,3209,3201,255,3456,7
2022-10-03,Monterey,053,433212,94273,93991,21027,115018,766
2022-10-03,Napa,055,140530,32430,32171,1398,33569,160
2022-10-03,Nevada,057,99092,19035,18923,1847,20770,132
2022-10-03,Orange,059,3164182,671241,665825,63845,729670,7435
2022-10-03,Placer,061,380077,76033,75573,9672,85245,661
2022-10-03,Plumas,063,18699,3673,3645,433,4078,13
2022-10-03,Riverside,065,2383286,696696,694250,35287,729537,6543
2022-10-03,Sacramento,067,1510023,347712,345905,34804,380709,3294
2022-10-03,San Benito,069,59416,16339,16152,972,17124,106
2022-10-03,San Bernardino,071,2135413,672509,668798,30794,699592,8106
2022-10-03,San Diego,073,3302833,924909,922323,71753,994076,5491
2022-10-03,San Francisco,075,870044,179663,178486,12092,190578,1043
2022-10-03,San Joaquin,077,732212,198079,197009,14953,211962,2319
2022-10-03,San Luis Obispo,079,281455,63400,63060,7147,70207,524
2022-10-03,San Mateo,081,765935,169447,167790,10413,178203,736
2022-10-03,Santa Barbara,083,443738,105950,105437,6866,112303,722
2022-10-03,Santa Clara,085,1922200,437621,430899,18899,449798,2494
2022-10-03,Santa Cruz,087,273765,63245,62866,3480,66346,273
2022-10-03,Shasta,089,179085,35019,34849,7475,42324,592
2022-10-03,Sierra,091,2930,306,304,60,364,5
2022-10-03,Siskiyou,093,43540,5151,5261,3308,8569,91
2022-10-03,Solano,095,438530,105430,104704,7908,112612,464
2022-10-03,Sonoma,097,501317,107157,106624,5281,111905,519
2022-10-03,Stanislaus,099,539301,138066,137589,21602,159191,1780
2022-10-03,Sutter,101,95872,24323,24265,2457,26722,232
2022-10-03,Tehama,103,63373,13653,13564,3079,16643,210
2022-10-03,Trinity,105,12862,1398,1392,397,1789,20
2022-10-03,Tulare,107,460477,122156,121589,36460,158049,1531
2022-10-03,Tuolumne,109,53932,15612,15516,924,16440,196
2022-10-03,Ventura,111,848112,209025,208124,15749,223873,1565
2022-10-03,Yolo,113,214977,47503,47279,4319,51598,341
2022-10-03,Yuba,115,75493,18917,18881,1721,20602,132
2022-10-02,Alameda,001,1643700,348589,346369,19531,365900,2020
2022-10-02,Alpine,002,1148,135,134,1,135,0
2022-10-02,Amador,005,37829,10005,9987,928,10915,90
2022-10-02,Butte,007,227075,39568,39378,9142,48520,454
2022-10-02,Calaveras,009,45235,8517,8497,560,9057,133
2022-10-02,Colusa,011,21464,3802,3782,1284,5066,22
2022-10-02,Contra Costa,013,1133247,251981,249273,20775,270048,1426
2022-10-02,Del Norte,015,27424,7453,7421,397,7818,56
2022-10-02,El Dorado,017,186661,32316,32238,4269,36507,231
2022-10-02,Fresno,019,978130,278909,274028,31841,305869,2859
2022-10-02,Glenn,021,27897,5528,5509,1862,7371,48
2022-10-02,Humboldt,023,135768,21890,21744,5007,26751,157
2022-10-02,Imperial,025,180216,65641,65425,15847,81272,958
2022-10-02,Inyo,027,18085,4498,4483,993,5476,59
2022-10-02,Kern,029,883053,219766,218846,64088,282934,2417
2022-10-02,Kings,031,150075,59514,59394,4100,63494,459
2022-10-02,Lake,033,64148,12827,12761,1185,13946,147
2022-10-02,Lassen,035,31185,9980,9962,992,10954,65
2022-10-02,Los Angeles,037,10098052,3285955,3271661,181264,3452925,33336
2022-10-02,Madera,039,155013,44119,43953,8254,52207,374
2022-10-02,Marin,041,260295,36846,45002,5265,50267,310
2022-10-02,Mariposa,043,17540,3105,3079,343,3422,31
2022-10-02,Mendocino,045,87422,16057,15950,4488,20438,136
2022-10-02,Merced,047,269075,73458,72117,12006,84123,863
2022-10-02,Modoc,049,8938,877,873,324,1197,11
2022-10-02,Mono,051,14174,3209,3201,255,3456,7
2022-10-02,Monterey,053,433212,94257,93991,21015,115006,766
2022-10-02,Napa,055,140530,32419,32171,1396,33567,160
2022-10-02,Nevada,057,99092,19029,18923,1847,20770,132
2022-10-02,Orange,059,3164182,670971,665825,63764,729589,7435
2022-10-02,Placer,061,380077,76005,75573,9669,85242,661
2022-10-02,Plumas,063,18699,3669,3645,432,4077,13
2022-10-02,Riverside,065,2383286,696504,694250,35268,729518,6543
2022-10-02,Sacramento,067,1510023,347531,345905,34773,380678,3294
2022-10-02,San Benito,069,59416,16334,16152,972,17124,106
2022-10-02,San Bernardino,071,2135413,672271,668798,30768,699566,8106
2022-10-02,San Diego,073,3302833,924539,922323,71704,994027,5491
2022-10-02,San Francisco,075,870044,179535,178486,12086,190572,1043
2022-10-02,San Joaquin,077,732212,198002,197009,14949,211958,2319
2022-10-02,San Luis Obispo,079,281455,63363,63060,7138,70198,524
2022-10-02,San Mateo,081,765935,169325,167790,10410,178200,736
2022-10-02,Santa Barbara,083,443738,105902,105437,6859,112296,722
2022-10-02,Santa Clara,085,1922200,437396,430899,18885,449784,2494
2022-10-02,Santa Cruz,087,273765,63205,62866,3473,66339,273
2022-10-02,Shasta,089,179085,35004,34849,7472,42321,592
2022-10-02,Sierra,091,2930,306,304,60,364,5
2022-10-02,Siskiyou,093,43540,5151,5261,3307,8568,91
2022-10-02,Solano,095,438530,105367,104704,7901,112605,464
2022-10-02,Sonoma,097,501317,107107,106624,5278,111902,519
2022-10-02,Stanislaus,099,539301,138032,137589,21598,159187,1780
2022-10-02,Sutter,101,95872,24313,24265,2457,26722,232
2022-10-02,Tehama,103,63373,13648,13564,3073,16637,210
2022-10-02,Trinity,105,12862,1398,1392,397,1789,20
2022-10-02,Tulare,107,460477,122130,121589,36441,158030,1531
2022-10-02,Tuolumne,109,53932,15607,15516,924,16440,196
2022-10-02,Ventura,111,848112,208943,208124,15730,223854,1565
2022-10-02,Yolo,113,214977,47491,47279,4314,51593,341
2022-10-02,Yuba,115,75493,18911,18881,1719,20600,132
2022-10-01,Alameda,001,1643700,348470,346369,19530,365899,2020
2022-10-01,Alpine,002,1148,135,134,1,135,0
2022-10-01,Amador,005,37829,10003,9987,928,10915,90
2022-10-01,Butte,007,227075,39557,39378,9135,48513,454
2022-10-01,Calaveras,009,45235,8517,8497,559,9056,133
2022-10-01,Colusa,011,21464,3802,3782,1282,5064,22
2022-10-01,Contra Costa,013,1133247,251907,249273,20772,270045,1426
2022-10-01,Del Norte,015,27424,7451,7421,397,7818,56
2022-10-01,El Dorado,017,186661,32309,32238,4269,36507,231
2022-10-01,Fresno,019,978130,278878,274028,31839,305867,2859
2022-10-01,Glenn,021,27897,5527,5509,1862,7371,48
2022-10-01,Humboldt,023,135768,21887,21744,5006,26750,157
2022-10-01,Imperial,025,180216,65624,65425,15837,81262,958
2022-10-01,Inyo,027,18085,4498,4483,993,5476,59
2022-10-01,Kern,029,883053,219748,218846,64058,282904,2417
2022-10-01,Kings,031,150075,59505,59394,4100,63494,459
2022-10-01,Lake,033,64148,12824,12761,1185,13946,147
2022-10-01,Lassen,035,31185,9978,9962,992,10954,65
2022-10-01,Los Angeles,037,10098052,3285327,3271661,181151,3452812,33336
2022-10-01,Madera,039,155013,44115,43953,8254,52207,374
2022-10-01,Marin,041,260295,36823,45002,5265,50267,310
2022-10-01,Mariposa,043,17540,3105,3079,343,3422,31
2022-10-01,Mendocino,045,87422,16050,15950,4484,20434,136
2022-10-01,Merced,047,269075,73448,72117,12004,84121,863
2022-10-01,Modoc,049,8938,877,873,324,1197,11
2022-10-01,Mono,051,14174,3209,3201,255,3456,7
2022-10-01,Monterey,053,433212,94244,93991,21008,114999,766
2022-10-01,Napa,055,140530,32414,32171,1396,33567,160
2022-10-01,Nevada,057,99092,19026,18923,1846,20769,132
2022-10-01,Orange,059,3164182,670824,665825,63718,729543,7435
2022-10-01,Placer,061,380077,75978,75573,9667,85240,661
2022-10-01,Plumas,063,18699,3668,3645,432,4077,13
2022-10-01,Riverside,065,2383286,696381,694250,35255,729505,6543
2022-10-01,Sacramento,067,1510023,347456,345905,34767,380672,3294
2022-10-01,San Benito,069,59416,16326,16152,969,17121,106
2022-10-01,San Bernardino,071,2135413,672167,668798,30758,699556,8106
2022-10-01,San Diego,073,3302833,924421,922323,71674,993997,5491
2022-10-01,San Francisco,075,870044,179477,178486,12080,190566,1043
2022-10-01,San Joaquin,077,732212,197971,197009,14943,211952,2319
2022-10-01,San Luis Obispo,079,281455,63353,63060,7135,70195,524
2022-10-01,San Mateo,081,765935,169280,167790,10408,178198,736
2022-10-01,Santa Barbara,083,443738,105872,105437,6857,112294,722
2022-10-01,Santa Clara,085,1922200,437223,430899,18883,449782,2494
2022-10-01,Santa Cruz,087,273765,63191,62866,3467,66333,273
2022-10-01,Shasta,089,179085,34998,34849,7468,42317,592
2022-10-01,Sierra,091,2930,306,304,60,364,5
2022-10-01,Siskiyou,093,43540,5149,5261,3305,8566,91
2022-10-01,Solano,095,438530,105359,104704,7899,112603,464
2022-10-01,Sonoma,097,501317,107081,106624,5276,111900,519
2022-10-01,Stanislaus,099,539301,138009,137589,21597,159186,1780
2022-10-01,Sutter,101,95872,24308,24265,2457,26722,232
2022-10-01,Tehama,103,63373,13646,13564,3072,16636,210
2022-10-01,Trinity,105,12862,1398,1392,397,1789,20
2022-10-01,Tulare,107,460477,122122,121589,36429,158018,1531
2022-10-01,Tuolumne,109,53932,15605,15516,924,16440,196
2022-10-01,Ventura,111,848112,208895,208124,15723,223847,1565
2022-10-01,Yolo,113,214977,47481,47279,4312,51591,341
2022-10-01,Yuba,115,75493,18904,18881,1718,20599,132
2022-09-30,Alameda,001,1643700,348351,346369,19524,365893,2020
2022-09-30,Alpine,002,1148,135,134,1,135,0
2022-09-30,Amador,005,37829,10001,9987,928,10915,90
2022-09-30,Butte,007,227075,39546,39378,9133,48511,454
2022-09-30,Calaveras,009,45235,8514,8497,559,9056,133
2022-09-30,Colusa,011,21464,3801,3782,1281,5063,22
2022-09-30,Contra Costa,013,1133247,251812,249273,20770,270043,1426
2022-09-30,Del Norte,015,27424,7450,7421,397,7818,56
2022-09-30,El Dorado,017,186661,32300,32238,4265,36503,231
2022-09-30,Fresno,019,978130,278835,274028,31831,305859,2859
2022-09-30,Glenn,021,27897,5526,5509,1862,7371,48
2022-09-30,Humboldt,023,135768,21874,21744,5003,26747,157
2022-09-30,Imperial,025,180216,65614,65425,15829,81254,958
2022-09-30,Inyo,027,18085,4497,4483,991,5474,59
2022-09-30,Kern,029,883053,219727,218846,64026,282872,2417
2022-09-30,Kings,031,150075,59499,59394,4100,63494,459
2022-09-30,Lake,033,64148,12821,12761,1185,13946,147
2022-09-30,Lassen,035,31185,9978,9962,992,10954,65
2022-09-30,Los Angeles,037,10098052,3284582,3271661,181035,3452696,33336
2022-09-30,Madera,039,155013,44109,43953,8253,52206,374
2022-09-30,Marin,041,260295,36799,45002,5264,50266,310
2022-09-30,Mariposa,043,17540,3104,3079,343,3422,31
2022-09-30,Mendocino,045,87422,16042,15950,4480,20430,136
2022-09-30,Merced,047,269075,73436,72117,12004,84121,863
2022-09-30,Modoc,049,8938,877,873,324,1197,11
2022-09-30,Mono,051,14174,3209,3201,255,3456,7
2022-09-30,Monterey,053,433212,94225,93991,21002,114993,766
2022-09-30,Napa,055,140530,32403,32171,1396,33567,160
2022-09-30,Nevada,057,99092,19020,18923,1846,20769,132
2022-09-30,Orange,059,3164182,670686,665825,63680,729505,7435
2022-09-30,Placer,061,380077,75960,75573,9661,85234,661
2022-09-30,Plumas,063,18699,3667,3645,432,4077,13
2022-09-30,Riverside,065,2383286,696268,694250,35244,729494,6543
2022-09-30,Sacramento,067,1510023,347370,345905,34761,380666,3294
2022-09-30,San Benito,069,59416,16323,16152,969,17121,106
2022-09-30,San Bernardino,071,2135413,672040,668798,30750,699548,8106
2022-09-30,San Diego,073,3302833,924204,922323,71645,993968,5491
2022-09-30,San Francisco,075,870044,179412,178486,12074,190560,1043
2022-09-30,San Joaquin,077,732212,197936,197009,14940,211949,2319
2022-09-30,San Luis Obispo,079,281455,63348,63060,7132,70192,524
2022-09-30,San Mateo,081,765935,169214,167790,10405,178195,736
2022-09-30,Santa Barbara,083,443738,105847,105437,6857,112294,722
2022-09-30,Santa Clara,085,1922200,437036,430899,18875,449774,2494
2022-09-30,Santa Cruz,087,273765,63169,62866,3465,66331,273
2022-09-30,Shasta,089,179085,34995,34849,7464,42313,592
2022-09-30,Sierra,091,2930,306,304,60,364,5
2022-09-30,Siskiyou,093,43540,5148,5261,3305,8566,91
2022-09-30,Solano,095,438530,105329,104704,7896,112600,464
2022-09-30,Sonoma,097,501317,107047,106624,5274,111898,519
2022-09-30,Stanislaus,099,539301,137989,137589,21595,159184,1780
2022-09-30,Sutter,101,95872,24306,24265,2457,26722,232
2022-09-30,Tehama,103,63373,13644,13564,3072,16636,210
2022-09-30,Trinity,105,12862,1397,1392,397,1789,20
2022-09-30,Tulare,107,460477,122101,121589,36416,158005,1531
2022-09-30,Tuolumne,109,53932,15602,15516,924,16440,196
2022-09-30,Ventura,111,848112,208843,208124,15718,223842,1565
2022-09-30,Yolo,113,214977,47470,47279,4312,51591,341
2022-09-30,Yuba,115,75493,18899,18881,1718,20599,132
2022-09-29,Alameda,001,1643700,348184,346369,19510,365879,2020
2022-09-29,Alpine,002,1148,135,134,1,135,0
2022-09-29,Amador,005,37829,9998,9987,927,10914,90
2022-09-29,Butte,007,227075,39540,39378,9128,48506,454
2022-09-29,Calaveras,009,45235,8509,8497,558,9055,133
2022-09-29,Colusa,011,21464,3800,3782,1281,5063,22
2022-09-29,Contra Costa,013,1133247,251711,249273,20760,270033,1426
2022-09-29,Del Norte,015,27424,7447,7421,397,7818,56
2022-09-29,El Dorado,017,186661,32289,32238,4260,36498,231
2022-09-29,Fresno,019,978130,278741,274028,31821,305849,2859
2022-09-29,Glenn,021,27897,5526,5509,1862,7371,48
2022-09-29,Humboldt,023,135768,21862,21744,5001,26745,157
2022-09-29,Imperial,025,180216,65594,65425,15817,81242,958
2022-09-29,Inyo,027,18085,4497,4483,989,5472,59
2022-09-29,Kern,029,883053,219693,218846,63986,282832,2417
2022-09-29,Kings,031,150075,59492,59394,4099,63493,459
2022-09-29,Lake,033,64148,12817,12761,1185,13946,147
2022-09-29,Lassen,035,31185,9977,9962,992,10954,65
2022-09-29,Los Angeles,037,10098052,3283591,3271661,180923,3452584,33336
2022-09-29,Madera,039,155013,44099,43953,8250,52203,374
2022-09-29,Marin,041,260295,36774,45002,5260,50262,310
2022-09-29,Mariposa,043,17540,3102,3079,343,3422,31
2022-09-29,Mendocino,045,87422,16038,15950,4480,20430,136
2022-09-29,Merced,047,269075,73421,72117,12003,84120,863
2022-09-29,Modoc,049,8938,877,873,324,1197,11
2022-09-29,Mono,051,14174,3208,3201,255,3456,7
2022-09-29,Monterey,053,433212,94214,93991,20995,114986,766
2022-09-29,Napa,055,140530,32391,32171,1396,33567,160
2022-09-29,Nevada,057,99092,19010,18923,1843,20766,132
2022-09-29,Orange,059,3164182,670453,665825,63630,729455,7435
2022-09-29,Placer,061,380077,75936,75573,9652,85225,661
2022-09-29,Plumas,063,18699,3666,3645,431,4076,13
2022-09-29,Riverside,065,2383286,696117,694250,35232,729482,6543
2022-09-29,Sacramento,067,1510023,347230,345905,34742,380647,3294
2022-09-29,San Benito,069,59416,16318,16152,968,17120,106
2022-09-29,San Bernardino,071,2135413,671890,668798,30739,699537,8106
2022-09-29,San Diego,073,3302833,923958,922323,71614,993937,5491
2022-09-29,San Francisco,075,870044,179323,178486,12064,190550,1043
2022-09-29,San Joaquin,077,732212,197891,197009,14931,211940,2319
2022-09-29,San Luis Obispo,079,281455,63328,63060,7126,70186,524
2022-09-29,San Mateo,081,765935,169131,167790,10403,178193,736
2022-09-29,Santa Barbara,083,443738,105813,105437,6854,112291,722
2022-09-29,Santa Clara,085,1922200,436837,430899,18867,449766,2494
2022-09-29,Santa Cruz,087,273765,63125,62866,3459,66325,273
2022-09-29,Shasta,089,179085,34988,34849,7458,42307,592
2022-09-29,Sierra,091,2930,306,304,60,364,5
2022-09-29,Siskiyou,093,43540,5145,5261,3304,8565,91
2022-09-29,Solano,095,438530,105294,104704,7891,112595,464
2022-09-29,Sonoma,097,501317,106988,106624,5272,111896,519
2022-09-29,Stanislaus,099,539301,137957,137589,21594,159183,1780
2022-09-29,Sutter,101,95872,24303,24265,2457,26722,232
2022-09-29,Tehama,103,63373,13642,13564,3071,16635,210
2022-09-29,Trinity,105,12862,1397,1392,394,1786,20
2022-09-29,Tulare,107,460477,122085,121589,36395,157984,1531
2022-09-29,Tuolumne,109,53932,15598,15516,924,16440,196
2022-09-29,Ventura,111,848112,208783,208124,15709,223833,1565
2022-09-29,Yolo,113,214977,47456,47279,4310,51589,341
2022-09-29,Yuba,115,75493,18897,18881,1718,20599,132
2022-09-28,Alameda,001,1643700,348020,346369,19495,365864,2020
2022-09-28,Alpine,002,1148,134,134,1,135,0
2022-09-28,Amador,005,37829,9996,9987,927,10914,90
2022-09-28,Butte,007,227075,39533,39378,9120,48498,454
2022-09-28,Calaveras,009,45235,8507,8497,558,9055,133
2022-09-28,Colusa,011,21464,3800,3782,1281,5063,22
2022-09-28,Contra Costa,013,1133247,251601,249273,20747,270020,1426
2022-09-28,Del Norte,015,27424,7445,7421,397,7818,56
2022-09-28,El Dorado,017,186661,32282,32238,4258,36496,231
2022-09-28,Fresno,019,978130,278660,274028,31804,305832,2859
2022-09-28,Glenn,021,27897,5525,5509,1862,7371,48
2022-09-28,Humboldt,023,135768,21852,21744,4998,26742,157
2022-09-28,Imperial,025,180216,65578,65425,15810,81235,958
2022-09-28,Inyo,027,18085,4495,4483,989,5472,59
2022-09-28,Kern,029,883053,219640,218846,63937,282783,2417
2022-09-28,Kings,031,150075,59470,59394,4095,63489,459
2022-09-28,Lake,033,64148,12808,12761,1185,13946,147
2022-09-28,Lassen,035,31185,9976,9962,992,10954,65
2022-09-28,Los Angeles,037,10098052,3282470,3271661,180817,3452478,33336
2022-09-28,Madera,039,155013,44093,43953,8249,52202,374
2022-09-28,Marin,041,260295,36747,45002,5259,50261,310
2022-09-28,Mariposa,043,17540,3102,3079,343,3422,31
2022-09-28,Mendocino,045,87422,16035,15950,4476,20426,136
2022-09-28,Merced,047,269075,73409,72117,11997,84114,863
2022-09-28,Modoc,049,8938,877,873,323,1196,11
2022-09-28,Mono,051,14174,3208,3201,255,3456,7
2022-09-28,Monterey,053,433212,94200,93991,20987,114978,766
2022-09-28,Napa,055,140530,32376,32171,1394,33565,160
2022-09-28,Nevada,057,99092,19002,18923,1830,20753,132
2022-09-28,Orange,059,3164182,670219,665825,63572,729397,7435
2022-09-28,Placer,061,380077,75902,75573,9649,85222,661
2022-09-28,Plumas,063,18699,3664,3645,431,4076,13
2022-09-28,Riverside,065,2383286,695952,694250,35215,729465,6543
2022-09-28,Sacramento,067,1510023,347101,345905,34719,380624,3294
2022-09-28,San Benito,069,59416,16313,16152,965,17117,106
2022-09-28,San Bernardino,071,2135413,671719,668798,30724,699522,8106
2022-09-28,San Diego,073,3302833,923640,922323,71583,993906,5491
2022-09-28,San Francisco,075,870044,179222,178486,12061,190547,1043
2022-09-28,San Joaquin,077,732212,197851,197009,14928,211937,2319
2022-09-28,San Luis Obispo,079,281455,63311,63060,7118,70178,524
2022-09-28,San Mateo,081,765935,169052,167790,10399,178189,736
2022-09-28,Santa Barbara,083,443738,105779,105437,6849,112286,722
2022-09-28,Santa Clara,085,1922200,436669,430899,18858,449757,2494
2022-09-28,Santa Cruz,087,273765,63088,62866,3458,66324,273
2022-09-28,Shasta,089,179085,34983,34849,7453,42302,592
2022-09-28,Sierra,091,2930,306,304,60,364,5
2022-09-28,Siskiyou,093,43540,5143,5261,3303,8564,91
2022-09-28,Solano,095,438530,105265,104704,7889,112593,464
2022-09-28,Sonoma,097,501317,106953,106624,5266,111890,519
2022-09-28,Stanislaus,099,539301,137924,137589,21590,159179,1780
2022-09-28,Sutter,101,95872,24289,24265,2456,26721,232
2022-09-28,Tehama,103,63373,13638,13564,3071,16635,210
2022-09-28,Trinity,105,12862,1397,1392,392,1784,20
2022-09-28,Tulare,107,460477,122058,121589,36386,157975,1531
2022-09-28,Tuolumne,109,53932,15594,15516,924,16440,196
2022-09-28,Ventura,111,848112,208718,208124,15706,223830,1565
2022-09-28,Yolo,113,214977,47433,47279,4307,51586,341
2022-09-28,Yuba,115,75493,18892,18881,1715,20596,132
2022-09-27,Alameda,001,1643700,347846,346369,19482,365851,2020
2022-09-27,Alpine,002,1148,134,134,1,135,0
2022-09-27,Amador,005,37829,9992,9987,925,10912,90
2022-09-27,Butte,007,227075,39525,39378,9115,48493,454
2022-09-27,Calaveras,009,45235,8505,8497,558,9055,133
2022-09-27,Colusa,011,21464,3800,3782,1281,5063,22
2022-09-27,Contra Costa,013,1133247,251490,249273,20738,270011,1426
2022-09-27,Del Norte,015,27424,7445,7421,397,7818,56
2022-09-27,El Dorado,017,186661,32265,32238,4256,36494,231
2022-09-27,Fresno,019,978130,278596,274028,31794,305822,2859
2022-09-27,Glenn,021,27897,5524,5509,1862,7371,48
2022-09-27,Humboldt,023,135768,21841,21744,4993,26737,157
2022-09-27,Imperial,025,180216,65555,65425,15805,81230,958
2022-09-27,Inyo,027,18085,4493,4483,987,5470,59
2022-09-27,Kern,029,883053,219582,218846,63909,282755,2417
2022-09-27,Kings,031,150075,59454,59394,4095,63489,459
2022-09-27,Lake,033,64148,12804,12761,1184,13945,147
2022-09-27,Lassen,035,31185,9974,9962,992,10954,65
2022-09-27,Los Angeles,037,10098052,3281271,3271661,180658,3452319,33336
2022-09-27,Madera,039,155013,44081,43953,8248,52201,374
2022-09-27,Marin,041,260295,36719,45002,5255,50257,310
2022-09-27,Mariposa,043,17540,3101,3079,343,3422,31
2022-09-27,Mendocino,045,87422,16026,15950,4470,20420,136
2022-09-27,Merced,047,269075,73390,72117,11991,84108,863
2022-09-27,Modoc,049,8938,877,873,323,1196,11
2022-09-27,Mono,051,14174,3207,3201,255,3456,7
2022-09-27,Monterey,053,433212,94179,93991,20971,114962,766
2022-09-27,Napa,055,140530,32359,32171,1394,33565,160
2022-09-27,Nevada,057,99092,18993,18923,1829,20752,132
2022-09-27,Orange,059,3164182,669934,665825,63511,729336,7435
2022-09-27,Placer,061,380077,75861,75573,9644,85217,661
2022-09-27,Plumas,063,18699,3661,3645,431,4076,13
2022-09-27,Riverside,065,2383286,695755,694250,35192,729442,6543
2022-09-27,Sacramento,067,1510023,346952,345905,34691,380596,3294
2022-09-27,San Benito,069,59416,16312,16152,965,17117,106
2022-09-27,San Bernardino,071,2135413,671467,668798,30710,699508,8106
2022-09-27,San Diego,073,3302833,923245,922323,71547,993870,5491
2022-09-27,San Francisco,075,870044,179110,178486,12059,190545,1043
2022-09-27,San Joaquin,077,732212,197799,197009,14921,211930,2319
2022-09-27,San Luis Obispo,079,281455,63282,63060,7117,70177,524
2022-09-27,San Mateo,081,765935,168980,167790,10397,178187,736
2022-09-27,Santa Barbara,083,443738,105736,105437,6843,112280,722
2022-09-27,Santa Clara,085,1922200,436440,430899,18844,449743,2494
2022-09-27,Santa Cruz,087,273765,63057,62866,3453,66319,273
2022-09-27,Shasta,089,179085,34971,34849,7445,42294,592
2022-09-27,Sierra,091,2930,304,304,60,364,5
2022-09-27,Siskiyou,093,43540,5141,5261,3303,8564,91
2022-09-27,Solano,095,438530,105222,104704,7887,112591,464
2022-09-27,Sonoma,097,501317,106903,106624,5263,111887,519
2022-09-27,Stanislaus,099,539301,137896,137589,21589,159178,1780
2022-09-27,Sutter,101,95872,24275,24265,2456,26721,232
2022-09-27,Tehama,103,63373,13636,13564,3070,16634,210
2022-09-27,Trinity,105,12862,1397,1392,389,1781,20
2022-09-27,Tulare,107,460477,122032,121589,36369,157958,1531
2022-09-27,Tuolumne,109,53932,15588,15516,924,16440,196
2022-09-27,Ventura,111,848112,208638,208124,15696,223820,1565
2022-09-27,Yolo,113,214977,47405,47279,4306,51585,341
2022-09-27,Yuba,115,75493,18888,18881,1714,20595,132
2022-09-26,Alameda,001,1643700,347653,345351,19476,364827,2012
2022-09-26,Alpine,002,1148,134,134,1,135,0
2022-09-26,Amador,005,37829,9991,9954,924,10878,90
2022-09-26,Butte,007,227075,39513,39282,9112,48394,453
2022-09-26,Calaveras,009,45235,8502,8475,555,9030,133
2022-09-26,Colusa,011,21464,3797,3775,1279,5054,22
2022-09-26,Contra Costa,013,1133247,251355,248053,20724,268777,1424
2022-09-26,Del Norte,015,27424,7444,7403,397,7800,57
2022-09-26,El Dorado,017,186661,32247,32159,4253,36412,231
2022-09-26,Fresno,019,978130,278523,273381,31778,305159,2850
2022-09-26,Glenn,021,27897,5524,5494,1862,7356,48
2022-09-26,Humboldt,023,135768,21829,21641,4988,26629,156
2022-09-26,Imperial,025,180216,65534,65297,15790,81087,957
2022-09-26,Inyo,027,18085,4493,4481,986,5467,59
2022-09-26,Kern,029,883053,219522,218413,63881,282294,2408
2022-09-26,Kings,031,150075,59442,59288,4093,63381,456
2022-09-26,Lake,033,64148,12798,12731,1184,13915,146
2022-09-26,Lassen,035,31185,9974,9947,991,10938,65
2022-09-26,Los Angeles,037,10098052,3280082,3263510,180486,3443996,33258
2022-09-26,Madera,039,155013,44062,43910,8245,52155,374
2022-09-26,Marin,041,260295,36688,44823,5250,50073,310
2022-09-26,Mariposa,043,17540,3100,3074,343,3417,31
2022-09-26,Mendocino,045,87422,16016,15911,4470,20381,136
2022-09-26,Merced,047,269075,73377,71875,11987,83862,862
2022-09-26,Modoc,049,8938,875,872,323,1195,11
2022-09-26,Mono,051,14174,3205,3198,255,3453,7
2022-09-26,Monterey,053,433212,94162,93829,20950,114779,766
2022-09-26,Napa,055,140530,32341,32094,1393,33487,160
2022-09-26,Nevada,057,99092,18984,18861,1827,20688,132
2022-09-26,Orange,059,3164182,669662,664263,63448,727711,7425
2022-09-26,Placer,061,380077,75825,75381,9636,85017,660
2022-09-26,Plumas,063,18699,3661,3632,431,4063,13
2022-09-26,Riverside,065,2383286,695550,693038,35178,728216,6610
2022-09-26,Sacramento,067,1510023,346788,344748,34664,379412,3282
2022-09-26,San Benito,069,59416,16305,16114,965,17079,106
2022-09-26,San Bernardino,071,2135413,671266,667124,30700,697824,8097
2022-09-26,San Diego,073,3302833,922823,920118,71518,991636,5487
2022-09-26,San Francisco,075,870044,179008,176887,12058,188945,1031
2022-09-26,San Joaquin,077,732212,197732,196573,14911,211484,2306
2022-09-26,San Luis Obispo,079,281455,63250,62950,7113,70063,522
2022-09-26,San Mateo,081,765935,168887,167123,10395,177518,736
2022-09-26,Santa Barbara,083,443738,105696,105185,6838,112023,720
2022-09-26,Santa Clara,085,1922200,436185,429334,18827,448161,2486
2022-09-26,Santa Cruz,087,273765,63018,62704,3451,66155,274
2022-09-26,Shasta,089,179085,34962,34762,7436,42198,592
2022-09-26,Sierra,091,2930,304,303,60,363,5
2022-09-26,Siskiyou,093,43540,5141,5243,3301,8544,90
2022-09-26,Solano,095,438530,105179,104383,7881,112264,463
2022-09-26,Sonoma,097,501317,106835,106322,5259,111581,519
2022-09-26,Stanislaus,099,539301,137866,137340,21583,158923,1752
2022-09-26,Sutter,101,95872,24266,24198,2456,26654,232
2022-09-26,Tehama,103,63373,13633,13528,3070,16598,210
2022-09-26,Trinity,105,12862,1397,1390,388,1778,20
2022-09-26,Tulare,107,460477,121992,121446,36348,157794,1530
2022-09-26,Tuolumne,109,53932,15586,15469,923,16392,196
2022-09-26,Ventura,111,848112,208546,207684,15688,223372,1566
2022-09-26,Yolo,113,214977,47380,47147,4300,51447,335
2022-09-26,Yuba,115,75493,18882,18834,1712,20546,129
2022-09-25,Alameda,001,1643700,347430,345351,19459,364810,2012
2022-09-25,Alpine,002,1148,134,134,1,135,0
2022-09-25,Amador,005,37829,9987,9954,922,10876,90
2022-09-25,Butte,007,227075,39491,39282,9105,48387,453
2022-09-25,Calaveras,009,45235,8498,8475,550,9025,133
2022-09-25,Colusa,011,21464,3795,3775,1273,5048,22
2022-09-25,Contra Costa,013,1133247,251203,248053,20705,268758,1424
2022-09-25,Del Norte,015,27424,7439,7403,397,7800,57
2022-09-25,El Dorado,017,186661,32233,32159,4250,36409,231
2022-09-25,Fresno,019,978130,278416,273381,31752,305133,2850
2022-09-25,Glenn,021,27897,5524,5494,1862,7356,48
2022-09-25,Humboldt,023,135768,21819,21641,4984,26625,156
2022-09-25,Imperial,025,180216,65514,65297,15777,81074,957
2022-09-25,Inyo,027,18085,4490,4481,985,5466,59
2022-09-25,Kern,029,883053,219458,218413,63808,282221,2408
2022-09-25,Kings,031,150075,59423,59288,4092,63380,456
2022-09-25,Lake,033,64148,12793,12731,1182,13913,146
2022-09-25,Lassen,035,31185,9973,9947,991,10938,65
2022-09-25,Los Angeles,037,10098052,3278613,3263510,180294,3443804,33258
2022-09-25,Madera,039,155013,44048,43910,8240,52150,374
2022-09-25,Marin,041,260295,36647,44823,5250,50073,310
2022-09-25,Mariposa,043,17540,3100,3074,343,3417,31
2022-09-25,Mendocino,045,87422,16006,15911,4463,20374,136
2022-09-25,Merced,047,269075,73353,71875,11980,83855,862
2022-09-25,Modoc,049,8938,875,872,323,1195,11
2022-09-25,Mono,051,14174,3205,3198,253,3451,7
2022-09-25,Monterey,053,433212,94138,93829,20939,114768,766
2022-09-25,Napa,055,140530,32323,32094,1392,33486,160
2022-09-25,Nevada,057,99092,18971,18861,1827,20688,132
2022-09-25,Orange,059,3164182,669351,664263,63383,727646,7425
2022-09-25,Placer,061,380077,75779,75381,9623,85004,660
2022-09-25,Plumas,063,18699,3655,3632,431,4063,13
2022-09-25,Riverside,065,2383286,695328,693038,35161,728199,6610
2022-09-25,Sacramento,067,1510023,346628,344748,34629,379377,3282
2022-09-25,San Benito,069,59416,16293,16114,965,17079,106
2022-09-25,San Bernardino,071,2135413,671024,667124,30679,697803,8097
2022-09-25,San Diego,073,3302833,922373,920118,71478,991596,5487
2022-09-25,San Francisco,075,870044,178880,176887,12054,188941,1031
2022-09-25,San Joaquin,077,732212,197645,196573,14894,211467,2306
2022-09-25,San Luis Obispo,079,281455,63216,62950,7105,70055,522
2022-09-25,San Mateo,081,765935,168755,167123,10389,177512,736
2022-09-25,Santa Barbara,083,443738,105642,105185,6837,112022,720
2022-09-25,Santa Clara,085,1922200,435936,429334,18812,448146,2486
2022-09-25,Santa Cruz,087,273765,62969,62704,3443,66147,274
2022-09-25,Shasta,089,179085,34949,34762,7427,42189,592
2022-09-25,Sierra,091,2930,304,303,60,363,5
2022-09-25,Siskiyou,093,43540,5139,5243,3300,8543,90
2022-09-25,Solano,095,438530,105113,104383,7877,112260,463
2022-09-25,Sonoma,097,501317,106778,106322,5256,111578,519
2022-09-25,Stanislaus,099,539301,137814,137340,21580,158920,1752
2022-09-25,Sutter,101,95872,24250,24198,2456,26654,232
2022-09-25,Tehama,103,63373,13625,13528,3070,16598,210
2022-09-25,Trinity,105,12862,1397,1390,388,1778,20
2022-09-25,Tulare,107,460477,121961,121446,36326,157772,1530
2022-09-25,Tuolumne,109,53932,15580,15469,922,16391,196
2022-09-25,Ventura,111,848112,208442,207684,15676,223360,1566
2022-09-25,Yolo,113,214977,47353,47147,4295,51442,335
2022-09-25,Yuba,115,75493,18878,18834,1711,20545,129
2022-09-24,Alameda,001,1643700,347316,345351,19454,364805,2012
2022-09-24,Alpine,002,1148,134,134,1,135,0
2022-09-24,Amador,005,37829,9985,9954,921,10875,90
2022-09-24,Butte,007,227075,39484,39282,9103,48385,453
2022-09-24,Calaveras,009,45235,8495,8475,550,9025,133
2022-09-24,Colusa,011,21464,3794,3775,1272,5047,22
2022-09-24,Contra Costa,013,1133247,251116,248053,20701,268754,1424
2022-09-24,Del Norte,015,27424,7436,7403,397,7800,57
2022-09-24,El Dorado,017,186661,32221,32159,4246,36405,231
2022-09-24,Fresno,019,978130,278377,273381,31746,305127,2850
2022-09-24,Glenn,021,27897,5523,5494,1862,7356,48
2022-09-24,Humboldt,023,135768,21806,21641,4983,26624,156
2022-09-24,Imperial,025,180216,65499,65297,15771,81068,957
2022-09-24,Inyo,027,18085,4490,4481,985,5466,59
2022-09-24,Kern,029,883053,219426,218413,63771,282184,2408
2022-09-24,Kings,031,150075,59411,59288,4092,63380,456
2022-09-24,Lake,033,64148,12791,12731,1181,13912,146
2022-09-24,Lassen,035,31185,9972,9947,991,10938,65
2022-09-24,Los Angeles,037,10098052,3277886,3263510,180150,3443660,33258
2022-09-24,Madera,039,155013,44045,43910,8237,52147,374
2022-09-24,Marin,041,260295,36632,44823,5250,50073,310
2022-09-24,Mariposa,043,17540,3098,3074,343,3417,31
2022-09-24,Mendocino,045,87422,16002,15911,4462,20373,136
2022-09-24,Merced,047,269075,73340,71875,11980,83855,862
2022-09-24,Modoc,049,8938,875,872,322,1194,11
2022-09-24,Mono,051,14174,3205,3198,253,3451,7
2022-09-24,Monterey,053,433212,94128,93829,20934,114763,766
2022-09-24,Napa,055,140530,32313,32094,1392,33486,160
2022-09-24,Nevada,057,99092,18966,18861,1824,20685,132
2022-09-24,Orange,059,3164182,669175,664263,63325,727588,7425
2022-09-24,Placer,061,380077,75755,75381,9617,84998,660
2022-09-24,Plumas,063,18699,3652,3632,431,4063,13
2022-09-24,Riverside,065,2383286,695200,693038,35152,728190,6610
2022-09-24,Sacramento,067,1510023,346554,344748,34621,379369,3282
2022-09-24,San Benito,069,59416,16285,16114,965,17079,106
2022-09-24,San Bernardino,071,2135413,670906,667124,30672,697796,8097
2022-09-24,San Diego,073,3302833,922166,920118,71464,991582,5487
2022-09-24,San Francisco,075,870044,178802,176887,12048,188935,1031
2022-09-24,San Joaquin,077,732212,197619,196573,14887,211460,2306
2022-09-24,San Luis Obispo,079,281455,63204,62950,7104,70054,522
2022-09-24,San Mateo,081,765935,168676,167123,10385,177508,736
2022-09-24,Santa Barbara,083,443738,105618,105185,6837,112022,720
2022-09-24,Santa Clara,085,1922200,435774,429334,18802,448136,2486
2022-09-24,Santa Cruz,087,273765,62952,62704,3440,66144,274
2022-09-24,Shasta,089,179085,34943,34762,7425,42187,592
2022-09-24,Sierra,091,2930,304,303,60,363,5
2022-09-24,Siskiyou,093,43540,5136,5243,3300,8543,90
2022-09-24,Solano,095,438530,105094,104383,7876,112259,463
2022-09-24,Sonoma,097,501317,106750,106322,5253,111575,519
2022-09-24,Stanislaus,099,539301,137787,137340,21574,158914,1752
2022-09-24,Sutter,101,95872,24243,24198,2456,26654,232
2022-09-24,Tehama,103,63373,13620,13528,3069,16597,210
2022-09-24,Trinity,105,12862,1397,1390,388,1778,20
2022-09-24,Tulare,107,460477,121942,121446,36309,157755,1530
2022-09-24,Tuolumne,109,53932,15572,15469,922,16391,196
2022-09-24,Ventura,111,848112,208395,207684,15669,223353,1566
2022-09-24,Yolo,113,214977,47338,47147,4293,51440,335
2022-09-24,Yuba,115,75493,18873,18834,1710,20544,129
2022-09-23,Alameda,001,1643700,347174,345351,19445,364796,2012
2022-09-23,Alpine,002,1148,134,134,1,135,0
2022-09-23,Amador,005,37829,9981,9954,921,10875,90
2022-09-23,Butte,007,227075,39476,39282,9100,48382,453
2022-09-23,Calaveras,009,45235,8494,8475,550,9025,133
2022-09-23,Colusa,011,21464,3794,3775,1272,5047,22
2022-09-23,Contra Costa,013,1133247,251034,248053,20697,268750,1424
2022-09-23,Del Norte,015,27424,7433,7403,397,7800,57
2022-09-23,El Dorado,017,186661,32207,32159,4244,36403,231
2022-09-23,Fresno,019,978130,278330,273381,31737,305118,2850
2022-09-23,Glenn,021,27897,5521,5494,1861,7355,48
2022-09-23,Humboldt,023,135768,21789,21641,4976,26617,156
2022-09-23,Imperial,025,180216,65489,65297,15764,81061,957
2022-09-23,Inyo,027,18085,4490,4481,981,5462,59
2022-09-23,Kern,029,883053,219385,218413,63747,282160,2408
2022-09-23,Kings,031,150075,59403,59288,4092,63380,456
2022-09-23,Lake,033,64148,12791,12731,1181,13912,146
2022-09-23,Lassen,035,31185,9970,9947,991,10938,65
2022-09-23,Los Angeles,037,10098052,3277118,3263510,180069,3443579,33258
2022-09-23,Madera,039,155013,44035,43910,8237,52147,374
2022-09-23,Marin,041,260295,36609,44823,5248,50071,310
2022-09-23,Mariposa,043,17540,3097,3074,343,3417,31
2022-09-23,Mendocino,045,87422,16000,15911,4462,20373,136
2022-09-23,Merced,047,269075,73329,71875,11979,83854,862
2022-09-23,Modoc,049,8938,875,872,322,1194,11
2022-09-23,Mono,051,14174,3205,3198,253,3451,7
2022-09-23,Monterey,053,433212,94120,93829,20924,114753,766
2022-09-23,Napa,055,140530,32304,32094,1392,33486,160
2022-09-23,Nevada,057,99092,18962,18861,1823,20684,132
2022-09-23,Orange,059,3164182,668998,664263,63294,727557,7425
2022-09-23,Placer,061,380077,75733,75381,9611,84992,660
2022-09-23,Plumas,063,18699,3649,3632,431,4063,13
2022-09-23,Riverside,065,2383286,695067,693038,35142,728180,6610
2022-09-23,Sacramento,067,1510023,346480,344748,34617,379365,3282
2022-09-23,San Benito,069,59416,16285,16114,965,17079,106
2022-09-23,San Bernardino,071,2135413,670773,667124,30665,697789,8097
2022-09-23,San Diego,073,3302833,921921,920118,71431,991549,5487
2022-09-23,San Francisco,075,870044,178726,176887,12043,188930,1031
2022-09-23,San Joaquin,077,732212,197581,196573,14876,211449,2306
2022-09-23,San Luis Obispo,079,281455,63194,62950,7103,70053,522
2022-09-23,San Mateo,081,765935,168600,167123,10383,177506,736
2022-09-23,Santa Barbara,083,443738,105591,105185,6836,112021,720
2022-09-23,Santa Clara,085,1922200,435604,429334,18792,448126,2486
2022-09-23,Santa Cruz,087,273765,62936,62704,3438,66142,274
2022-09-23,Shasta,089,179085,34938,34762,7420,42182,592
2022-09-23,Sierra,091,2930,304,303,60,363,5
2022-09-23,Siskiyou,093,43540,5134,5243,3300,8543,90
2022-09-23,Solano,095,438530,105065,104383,7873,112256,463
2022-09-23,Sonoma,097,501317,106723,106322,5252,111574,519
2022-09-23,Stanislaus,099,539301,137762,137340,21570,158910,1752
2022-09-23,Sutter,101,95872,24235,24198,2456,26654,232
2022-09-23,Tehama,103,63373,13616,13528,3067,16595,210
2022-09-23,Trinity,105,12862,1396,1390,388,1778,20
2022-09-23,Tulare,107,460477,121922,121446,36290,157736,1530
2022-09-23,Tuolumne,109,53932,15566,15469,922,16391,196
2022-09-23,Ventura,111,848112,208333,207684,15663,223347,1566
2022-09-23,Yolo,113,214977,47320,47147,4293,51440,335
2022-09-23,Yuba,115,75493,18871,18834,1710,20544,129
2022-09-22,Alameda,001,1643700,347002,345351,19442,364793,2012
2022-09-22,Alpine,002,1148,134,134,1,135,0
2022-09-22,Amador,005,37829,9977,9954,921,10875,90
2022-09-22,Butte,007,227075,39464,39282,9096,48378,453
2022-09-22,Calaveras,009,45235,8492,8475,544,9019,133
2022-09-22,Colusa,011,21464,3792,3775,1272,5047,22
2022-09-22,Contra Costa,013,1133247,250917,248053,20683,268736,1424
2022-09-22,Del Norte,015,27424,7432,7403,397,7800,57
2022-09-22,El Dorado,017,186661,32196,32159,4241,36400,231
2022-09-22,Fresno,019,978130,278246,273381,31721,305102,2850
2022-09-22,Glenn,021,27897,5520,5494,1861,7355,48
2022-09-22,Humboldt,023,135768,21775,21641,4974,26615,156
2022-09-22,Imperial,025,180216,65476,65297,15751,81048,957
2022-09-22,Inyo,027,18085,4490,4481,979,5460,59
2022-09-22,Kern,029,883053,219338,218413,63699,282112,2408
2022-09-22,Kings,031,150075,59388,59288,4092,63380,456
2022-09-22,Lake,033,64148,12788,12731,1181,13912,146
2022-09-22,Lassen,035,31185,9969,9947,991,10938,65
2022-09-22,Los Angeles,037,10098052,3276074,3263510,179920,3443430,33258
2022-09-22,Madera,039,155013,44028,43910,8237,52147,374
2022-09-22,Marin,041,260295,36594,44823,5246,50069,310
2022-09-22,Mariposa,043,17540,3096,3074,343,3417,31
2022-09-22,Mendocino,045,87422,15995,15911,4462,20373,136
2022-09-22,Merced,047,269075,73308,71875,11977,83852,862
2022-09-22,Modoc,049,8938,875,872,322,1194,11
2022-09-22,Mono,051,14174,3204,3198,252,3450,7
2022-09-22,Monterey,053,433212,94101,93829,20915,114744,766
2022-09-22,Napa,055,140530,32286,32094,1391,33485,160
2022-09-22,Nevada,057,99092,18956,18861,1822,20683,132
2022-09-22,Orange,059,3164182,668768,664263,63245,727508,7425
2022-09-22,Placer,061,380077,75701,75381,9605,84986,660
2022-09-22,Plumas,063,18699,3646,3632,431,4063,13
2022-09-22,Riverside,065,2383286,694886,693038,35134,728172,6610
2022-09-22,Sacramento,067,1510023,346319,344748,34598,379346,3282
2022-09-22,San Benito,069,59416,16285,16114,964,17078,106
2022-09-22,San Bernardino,071,2135413,670623,667124,30651,697775,8097
2022-09-22,San Diego,073,3302833,921558,920118,71391,991509,5487
2022-09-22,San Francisco,075,870044,178620,176887,12037,188924,1031
2022-09-22,San Joaquin,077,732212,197533,196573,14867,211440,2306
2022-09-22,San Luis Obispo,079,281455,63176,62950,7101,70051,522
2022-09-22,San Mateo,081,765935,168531,167123,10381,177504,736
2022-09-22,Santa Barbara,083,443738,105561,105185,6833,112018,720
2022-09-22,Santa Clara,085,1922200,435421,429334,18782,448116,2486
2022-09-22,Santa Cruz,087,273765,62892,62704,3427,66131,274
2022-09-22,Shasta,089,179085,34923,34762,7414,42176,592
2022-09-22,Sierra,091,2930,304,303,60,363,5
2022-09-22,Siskiyou,093,43540,5133,5243,3299,8542,90
2022-09-22,Solano,095,438530,105005,104383,7868,112251,463
2022-09-22,Sonoma,097,501317,106687,106322,5251,111573,519
2022-09-22,Stanislaus,099,539301,137729,137340,21567,158907,1752
2022-09-22,Sutter,101,95872,24224,24198,2456,26654,232
2022-09-22,Tehama,103,63373,13610,13528,3065,16593,210
2022-09-22,Trinity,105,12862,1394,1390,388,1778,20
2022-09-22,Tulare,107,460477,121904,121446,36274,157720,1530
2022-09-22,Tuolumne,109,53932,15559,15469,921,16390,196
2022-09-22,Ventura,111,848112,208247,207684,15656,223340,1566
2022-09-22,Yolo,113,214977,47306,47147,4287,51434,335
2022-09-22,Yuba,115,75493,18863,18834,1707,20541,129
2022-09-21,Alameda,001,1643700,346832,345351,19431,364782,2012
2022-09-21,Alpine,002,1148,134,134,1,135,0
2022-09-21,Amador,005,37829,9976,9954,921,10875,90
2022-09-21,Butte,007,227075,39451,39282,9087,48369,453
2022-09-21,Calaveras,009,45235,8489,8475,543,9018,133
2022-09-21,Colusa,011,21464,3792,3775,1272,5047,22
2022-09-21,Contra Costa,013,1133247,250799,248053,20674,268727,1424
2022-09-21,Del Norte,015,27424,7430,7403,397,7800,57
2022-09-21,El Dorado,017,186661,32184,32159,4238,36397,231
2022-09-21,Fresno,019,978130,278169,273381,31709,305090,2850
2022-09-21,Glenn,021,27897,5519,5494,1860,7354,48
2022-09-21,Humboldt,023,135768,21758,21641,4972,26613,156
2022-09-21,Imperial,025,180216,65460,65297,15741,81038,957
2022-09-21,Inyo,027,18085,4490,4481,976,5457,59
2022-09-21,Kern,029,883053,219284,218413,63653,282066,2408
2022-09-21,Kings,031,150075,59372,59288,4092,63380,456
2022-09-21,Lake,033,64148,12781,12731,1180,13911,146
2022-09-21,Lassen,035,31185,9969,9947,991,10938,65
2022-09-21,Los Angeles,037,10098052,3274906,3263510,179754,3443264,33258
2022-09-21,Madera,039,155013,44013,43910,8237,52147,374
2022-09-21,Marin,041,260295,36570,44823,5246,50069,310
2022-09-21,Mariposa,043,17540,3096,3074,343,3417,31
2022-09-21,Mendocino,045,87422,15987,15911,4461,20372,136
2022-09-21,Merced,047,269075,73291,71875,11977,83852,862
2022-09-21,Modoc,049,8938,875,872,322,1194,11
2022-09-21,Mono,051,14174,3204,3198,252,3450,7
2022-09-21,Monterey,053,433212,94080,93829,20907,114736,766
2022-09-21,Napa,055,140530,32278,32094,1391,33485,160
2022-09-21,Nevada,057,99092,18946,18861,1822,20683,132
2022-09-21,Orange,059,3164182,668503,664263,63197,727460,7425
2022-09-21,Placer,061,380077,75667,75381,9601,84982,660
2022-09-21,Plumas,063,18699,3644,3632,431,4063,13
2022-09-21,Riverside,065,2383286,694701,693038,35115,728153,6610
2022-09-21,Sacramento,067,1510023,346162,344748,34582,379330,3282
2022-09-21,San Benito,069,59416,16272,16114,962,17076,106
2022-09-21,San Bernardino,071,2135413,670468,667124,30645,697769,8097
2022-09-21,San Diego,073,3302833,921179,920118,71344,991462,5487
2022-09-21,San Francisco,075,870044,178523,176887,12028,188915,1031
2022-09-21,San Joaquin,077,732212,197478,196573,14861,211434,2306
2022-09-21,San Luis Obispo,079,281455,63158,62950,7094,70044,522
2022-09-21,San Mateo,081,765935,168455,167123,10380,177503,736
2022-09-21,Santa Barbara,083,443738,105515,105185,6831,112016,720
2022-09-21,Santa Clara,085,1922200,435229,429334,18775,448109,2486
2022-09-21,Santa Cruz,087,273765,62845,62704,3423,66127,274
2022-09-21,Shasta,089,179085,34915,34762,7409,42171,592
2022-09-21,Sierra,091,2930,303,303,60,363,5
2022-09-21,Siskiyou,093,43540,5130,5243,3298,8541,90
2022-09-21,Solano,095,438530,104961,104383,7865,112248,463
2022-09-21,Sonoma,097,501317,106653,106322,5245,111567,519
2022-09-21,Stanislaus,099,539301,137695,137340,21557,158897,1752
2022-09-21,Sutter,101,95872,24215,24198,2456,26654,232
2022-09-21,Tehama,103,63373,13604,13528,3065,16593,210
2022-09-21,Trinity,105,12862,1394,1390,388,1778,20
2022-09-21,Tulare,107,460477,121875,121446,36257,157703,1530
2022-09-21,Tuolumne,109,53932,15554,15469,918,16387,196
2022-09-21,Ventura,111,848112,208171,207684,15649,223333,1566
2022-09-21,Yolo,113,214977,47286,47147,4281,51428,335
2022-09-21,Yuba,115,75493,18855,18834,1707,20541,129
2022-09-20,Alameda,001,1643700,346674,345351,19420,364771,2012
2022-09-20,Alpine,002,1148,134,134,1,135,0
2022-09-20,Amador,005,37829,9968,9954,921,10875,90
2022-09-20,Butte,007,227075,39436,39282,9077,48359,453
2022-09-20,Calaveras,009,45235,8487,8475,543,9018,133
2022-09-20,Colusa,011,21464,3792,3775,1272,5047,22
2022-09-20,Contra Costa,013,1133247,250673,248053,20661,268714,1424
2022-09-20,Del Norte,015,27424,7425,7403,397,7800,57
2022-09-20,El Dorado,017,186661,32170,32159,4234,36393,231
2022-09-20,Fresno,019,978130,278093,273381,31696,305077,2850
2022-09-20,Glenn,021,27897,5518,5494,1859,7353,48
2022-09-20,Humboldt,023,135768,21745,21641,4969,26610,156
2022-09-20,Imperial,025,180216,65438,65297,15730,81027,957
2022-09-20,Inyo,027,18085,4489,4481,973,5454,59
2022-09-20,Kern,029,883053,219228,218413,63611,282024,2408
2022-09-20,Kings,031,150075,59349,59288,4091,63379,456
2022-09-20,Lake,033,64148,12778,12731,1180,13911,146
2022-09-20,Lassen,035,31185,9966,9947,991,10938,65
2022-09-20,Los Angeles,037,10098052,3273743,3263510,179609,3443119,33258
2022-09-20,Madera,039,155013,44004,43910,8232,52142,374
2022-09-20,Marin,041,260295,36545,44823,5241,50064,310
2022-09-20,Mariposa,043,17540,3096,3074,343,3417,31
2022-09-20,Mendocino,045,87422,15982,15911,4459,20370,136
2022-09-20,Merced,047,269075,73265,71875,11975,83850,862
2022-09-20,Modoc,049,8938,875,872,322,1194,11
2022-09-20,Mono,051,14174,3204,3198,252,3450,7
2022-09-20,Monterey,053,433212,94061,93829,20898,114727,766
2022-09-20,Napa,055,140530,32269,32094,1390,33484,160
2022-09-20,Nevada,057,99092,18941,18861,1822,20683,132
2022-09-20,Orange,059,3164182,668215,664263,63151,727414,7425
2022-09-20,Placer,061,380077,75638,75381,9596,84977,660
2022-09-20,Plumas,063,18699,3642,3632,431,4063,13
2022-09-20,Riverside,065,2383286,694498,693038,35087,728125,6610
2022-09-20,Sacramento,067,1510023,346006,344748,34559,379307,3282
2022-09-20,San Benito,069,59416,16265,16114,962,17076,106
2022-09-20,San Bernardino,071,2135413,670252,667124,30633,697757,8097
2022-09-20,San Diego,073,3302833,920768,920118,71288,991406,5487
2022-09-20,San Francisco,075,870044,178422,176887,12022,188909,1031
2022-09-20,San Joaquin,077,732212,197416,196573,14856,211429,2306
2022-09-20,San Luis Obispo,079,281455,63141,62950,7086,70036,522
2022-09-20,San Mateo,081,765935,168371,167123,10376,177499,736
2022-09-20,Santa Barbara,083,443738,105479,105185,6826,112011,720
2022-09-20,Santa Clara,085,1922200,435021,429334,18764,448098,2486
2022-09-20,Santa Cruz,087,273765,62823,62704,3418,66122,274
2022-09-20,Shasta,089,179085,34904,34762,7405,42167,592
2022-09-20,Sierra,091,2930,303,303,60,363,5
2022-09-20,Siskiyou,093,43540,5126,5243,3298,8541,90
2022-09-20,Solano,095,438530,104915,104383,7858,112241,463
2022-09-20,Sonoma,097,501317,106600,106322,5244,111566,519
2022-09-20,Stanislaus,099,539301,137651,137340,21552,158892,1752
2022-09-20,Sutter,101,95872,24211,24198,2456,26654,232
2022-09-20,Tehama,103,63373,13602,13528,3065,16593,210
2022-09-20,Trinity,105,12862,1394,1390,388,1778,20
2022-09-20,Tulare,107,460477,121853,121446,36235,157681,1530
2022-09-20,Tuolumne,109,53932,15548,15469,917,16386,196
2022-09-20,Ventura,111,848112,208088,207684,15644,223328,1566
2022-09-20,Yolo,113,214977,47265,47147,4277,51424,335
2022-09-20,Yuba,115,75493,18851,18834,1707,20541,129
2022-09-19,Alameda,001,1643700,346499,344045,19406,363451,2007
2022-09-19,Alpine,002,1148,134,134,1,135,0
2022-09-19,Amador,005,37829,9964,9908,921,10829,90
2022-09-19,Butte,007,227075,39423,39155,9069,48224,453
2022-09-19,Calaveras,009,45235,8482,8455,542,8997,133
2022-09-19,Colusa,011,21464,3790,3765,1272,5037,22
2022-09-19,Contra Costa,013,1133247,250578,247095,20638,267733,1423
2022-09-19,Del Norte,015,27424,7422,7381,397,7778,56
2022-09-19,El Dorado,017,186661,32161,32088,4230,36318,231
2022-09-19,Fresno,019,978130,278006,272774,31688,304462,2839
2022-09-19,Glenn,021,27897,5517,5481,1858,7339,48
2022-09-19,Humboldt,023,135768,21732,21561,4964,26525,155
2022-09-19,Imperial,025,180216,65419,65099,15716,80815,956
2022-09-19,Inyo,027,18085,4488,4472,971,5443,59
2022-09-19,Kern,029,883053,219165,217694,63552,281246,2405
2022-09-19,Kings,031,150075,59335,59122,4091,63213,456
2022-09-19,Lake,033,64148,12772,12696,1180,13876,144
2022-09-19,Lassen,035,31185,9961,9938,991,10929,65
2022-09-19,Los Angeles,037,10098052,3272360,3253906,179427,3433333,33160
2022-09-19,Madera,039,155013,43978,43782,8227,52009,373
2022-09-19,Marin,041,260295,36515,44702,5237,49939,309
2022-09-19,Mariposa,043,17540,3096,3064,343,3407,31
2022-09-19,Mendocino,045,87422,15975,15872,4457,20329,136
2022-09-19,Merced,047,269075,73250,71732,11968,83700,862
2022-09-19,Modoc,049,8938,875,872,322,1194,11
2022-09-19,Mono,051,14174,3204,3191,252,3443,7
2022-09-19,Monterey,053,433212,94027,93692,20885,114577,762
2022-09-19,Napa,055,140530,32254,31979,1389,33368,160
2022-09-19,Nevada,057,99092,18935,18824,1820,20644,132
2022-09-19,Orange,059,3164182,667922,662784,63097,725881,7398
2022-09-19,Placer,061,380077,75616,75159,9594,84753,660
2022-09-19,Plumas,063,18699,3640,3609,431,4040,13
2022-09-19,Riverside,065,2383286,694261,691630,35074,726704,6608
2022-09-19,Sacramento,067,1510023,345856,343926,34540,378466,3267
2022-09-19,San Benito,069,59416,16255,16057,962,17019,106
2022-09-19,San Bernardino,071,2135413,670025,664360,30618,694978,8074
2022-09-19,San Diego,073,3302833,920340,917229,71201,988430,5479
2022-09-19,San Francisco,075,870044,178330,176724,12014,188738,1025
2022-09-19,San Joaquin,077,732212,197323,196128,14849,210977,2304
2022-09-19,San Luis Obispo,079,281455,63119,62716,7080,69796,520
2022-09-19,San Mateo,081,765935,168270,166572,10370,176942,735
2022-09-19,Santa Barbara,083,443738,105437,104912,6821,111733,718
2022-09-19,Santa Clara,085,1922200,434784,428065,18752,446817,2473
2022-09-19,Santa Cruz,087,273765,62793,62480,3412,65892,274
2022-09-19,Shasta,089,179085,34885,34648,7398,42046,591
2022-09-19,Sierra,091,2930,303,303,60,363,5
2022-09-19,Siskiyou,093,43540,5123,5226,3296,8522,90
2022-09-19,Solano,095,438530,104870,104085,7855,111940,462
2022-09-19,Sonoma,097,501317,106543,106028,5244,111272,518
2022-09-19,Stanislaus,099,539301,137605,136981,21541,158522,1727
2022-09-19,Sutter,101,95872,24197,24119,2456,26575,232
2022-09-19,Tehama,103,63373,13597,13503,3064,16567,210
2022-09-19,Trinity,105,12862,1394,1385,388,1773,20
2022-09-19,Tulare,107,460477,121824,121230,36216,157446,1531
2022-09-19,Tuolumne,109,53932,15542,15411,917,16328,196
2022-09-19,Ventura,111,848112,207989,207049,15641,222690,1563
2022-09-19,Yolo,113,214977,47250,47085,4275,51360,334
2022-09-19,Yuba,115,75493,18841,18764,1700,20464,129
2022-09-18,Alameda,001,1643700,346291,344045,19393,363438,2007
2022-09-18,Alpine,002,1148,134,134,1,135,0
2022-09-18,Amador,005,37829,9958,9908,921,10829,90
2022-09-18,Butte,007,227075,39405,39155,9058,48213,453
2022-09-18,Calaveras,009,45235,8476,8455,539,8994,133
2022-09-18,Colusa,011,21464,3789,3765,1272,5037,22
2022-09-18,Contra Costa,013,1133247,250427,247095,20626,267721,1423
2022-09-18,Del Norte,015,27424,7416,7381,397,7778,56
2022-09-18,El Dorado,017,186661,32147,32088,4227,36315,231
2022-09-18,Fresno,019,978130,277908,272774,31663,304437,2839
2022-09-18,Glenn,021,27897,5512,5481,1858,7339,48
2022-09-18,Humboldt,023,135768,21718,21561,4956,26517,155
2022-09-18,Imperial,025,180216,65400,65099,15694,80793,956
2022-09-18,Inyo,027,18085,4486,4472,970,5442,59
2022-09-18,Kern,029,883053,219090,217694,63479,281173,2405
2022-09-18,Kings,031,150075,59317,59122,4087,63209,456
2022-09-18,Lake,033,64148,12766,12696,1177,13873,144
2022-09-18,Lassen,035,31185,9957,9938,991,10929,65
2022-09-18,Los Angeles,037,10098052,3270810,3253906,179260,3433166,33160
2022-09-18,Madera,039,155013,43954,43782,8224,52006,373
2022-09-18,Marin,041,260295,36492,44702,5233,49935,309
2022-09-18,Mariposa,043,17540,3095,3064,343,3407,31
2022-09-18,Mendocino,045,87422,15971,15872,4452,20324,136
2022-09-18,Merced,047,269075,73222,71732,11961,83693,862
2022-09-18,Modoc,049,8938,874,872,322,1194,11
2022-09-18,Mono,051,14174,3204,3191,251,3442,7
2022-09-18,Monterey,053,433212,93998,93692,20869,114561,762
2022-09-18,Napa,055,140530,32237,31979,1389,33368,160
2022-09-18,Nevada,057,99092,18922,18824,1819,20643,132
2022-09-18,Orange,059,3164182,667626,662784,63016,725800,7398
2022-09-18,Placer,061,380077,75579,75159,9585,84744,660
2022-09-18,Plumas,063,18699,3634,3609,431,4040,13
2022-09-18,Riverside,065,2383286,694023,691630,35047,726677,6608
2022-09-18,Sacramento,067,1510023,345668,343926,34510,378436,3267
2022-09-18,San Benito,069,59416,16249,16057,959,17016,106
2022-09-18,San Bernardino,071,2135413,669780,664360,30602,694962,8074
2022-09-18,San Diego,073,3302833,919861,917229,71150,988379,5479
2022-09-18,San Francisco,075,870044,178188,176724,12010,188734,1025
2022-09-18,San Joaquin,077,732212,197243,196128,14843,210971,2304
2022-09-18,San Luis Obispo,079,281455,63099,62716,7071,69787,520
2022-09-18,San Mateo,081,765935,168161,166572,10365,176937,735
2022-09-18,Santa Barbara,083,443738,105391,104912,6817,111729,718
2022-09-18,Santa Clara,085,1922200,434534,428065,18732,446797,2473
2022-09-18,Santa Cruz,087,273765,62763,62480,3407,65887,274
2022-09-18,Shasta,089,179085,34866,34648,7385,42033,591
2022-09-18,Sierra,091,2930,303,303,60,363,5
2022-09-18,Siskiyou,093,43540,5120,5226,3294,8520,90
2022-09-18,Solano,095,438530,104815,104085,7844,111929,462
2022-09-18,Sonoma,097,501317,106487,106028,5241,111269,518
2022-09-18,Stanislaus,099,539301,137552,136981,21529,158510,1727
2022-09-18,Sutter,101,95872,24184,24119,2456,26575,232
2022-09-18,Tehama,103,63373,13587,13503,3062,16565,210
2022-09-18,Trinity,105,12862,1394,1385,384,1769,20
2022-09-18,Tulare,107,460477,121774,121230,36186,157416,1531
2022-09-18,Tuolumne,109,53932,15532,15411,916,16327,196
2022-09-18,Ventura,111,848112,207878,207049,15628,222677,1563
2022-09-18,Yolo,113,214977,47237,47085,4272,51357,334
2022-09-18,Yuba,115,75493,18831,18764,1700,20464,129
2022-09-17,Alameda,001,1643700,346168,344045,19390,363435,2007
2022-09-17,Alpine,002,1148,134,134,1,135,0
2022-09-17,Amador,005,37829,9956,9908,921,10829,90
2022-09-17,Butte,007,227075,39394,39155,9053,48208,453
2022-09-17,Calaveras,009,45235,8472,8455,537,8992,133
2022-09-17,Colusa,011,21464,3785,3765,1272,5037,22
2022-09-17,Contra Costa,013,1133247,250342,247095,20623,267718,1423
2022-09-17,Del Norte,015,27424,7414,7381,397,7778,56
2022-09-17,El Dorado,017,186661,32141,32088,4227,36315,231
2022-09-17,Fresno,019,978130,277862,272774,31653,304427,2839
2022-09-17,Glenn,021,27897,5508,5481,1856,7337,48
2022-09-17,Humboldt,023,135768,21710,21561,4950,26511,155
2022-09-17,Imperial,025,180216,65379,65099,15686,80785,956
2022-09-17,Inyo,027,18085,4486,4472,968,5440,59
2022-09-17,Kern,029,883053,219053,217694,63436,281130,2405
2022-09-17,Kings,031,150075,59306,59122,4085,63207,456
2022-09-17,Lake,033,64148,12765,12696,1177,13873,144
2022-09-17,Lassen,035,31185,9957,9938,991,10929,65
2022-09-17,Los Angeles,037,10098052,3269977,3253906,179116,3433022,33160
2022-09-17,Madera,039,155013,43947,43782,8224,52006,373
2022-09-17,Marin,041,260295,36476,44702,5229,49931,309
2022-09-17,Mariposa,043,17540,3094,3064,343,3407,31
2022-09-17,Mendocino,045,87422,15969,15872,4452,20324,136
2022-09-17,Merced,047,269075,73208,71732,11957,83689,862
2022-09-17,Modoc,049,8938,874,872,322,1194,11
2022-09-17,Mono,051,14174,3204,3191,251,3442,7
2022-09-17,Monterey,053,433212,93985,93692,20860,114552,762
2022-09-17,Napa,055,140530,32230,31979,1389,33368,160
2022-09-17,Nevada,057,99092,18913,18824,1817,20641,132
2022-09-17,Orange,059,3164182,667437,662784,62979,725763,7398
2022-09-17,Placer,061,380077,75544,75159,9579,84738,660
2022-09-17,Plumas,063,18699,3632,3609,431,4040,13
2022-09-17,Riverside,065,2383286,693876,691630,35032,726662,6608
2022-09-17,Sacramento,067,1510023,345588,343926,34491,378417,3267
2022-09-17,San Benito,069,59416,16244,16057,958,17015,106
2022-09-17,San Bernardino,071,2135413,669646,664360,30592,694952,8074
2022-09-17,San Diego,073,3302833,919683,917229,71129,988358,5479
2022-09-17,San Francisco,075,870044,178126,176724,12006,188730,1025
2022-09-17,San Joaquin,077,732212,197218,196128,14840,210968,2304
2022-09-17,San Luis Obispo,079,281455,63088,62716,7071,69787,520
2022-09-17,San Mateo,081,765935,168094,166572,10358,176930,735
2022-09-17,Santa Barbara,083,443738,105361,104912,6816,111728,718
2022-09-17,Santa Clara,085,1922200,434387,428065,18727,446792,2473
2022-09-17,Santa Cruz,087,273765,62755,62480,3407,65887,274
2022-09-17,Shasta,089,179085,34855,34648,7380,42028,591
2022-09-17,Sierra,091,2930,303,303,60,363,5
2022-09-17,Siskiyou,093,43540,5119,5226,3293,8519,90
2022-09-17,Solano,095,438530,104804,104085,7841,111926,462
2022-09-17,Sonoma,097,501317,106451,106028,5240,111268,518
2022-09-17,Stanislaus,099,539301,137527,136981,21523,158504,1727
2022-09-17,Sutter,101,95872,24178,24119,2456,26575,232
2022-09-17,Tehama,103,63373,13585,13503,3061,16564,210
2022-09-17,Trinity,105,12862,1394,1385,384,1769,20
2022-09-17,Tulare,107,460477,121756,121230,36174,157404,1531
2022-09-17,Tuolumne,109,53932,15526,15411,916,16327,196
2022-09-17,Ventura,111,848112,207832,207049,15619,222668,1563
2022-09-17,Yolo,113,214977,47227,47085,4267,51352,334
2022-09-17,Yuba,115,75493,18828,18764,1700,20464,129
2022-09-16,Alameda,001,1643700,346033,344045,19377,363422,2007
2022-09-16,Alpine,002,1148,134,134,1,135,0
2022-09-16,Amador,005,37829,9954,9908,921,10829,90
2022-09-16,Butte,007,227075,39378,39155,9050,48205,453
2022-09-16,Calaveras,009,45235,8469,8455,537,8992,133
2022-09-16,Colusa,011,21464,3784,3765,1272,5037,22
2022-09-16,Contra Costa,013,1133247,250257,247095,20616,267711,1423
2022-09-16,Del Norte,015,27424,7413,7381,397,7778,56
2022-09-16,El Dorado,017,186661,32134,32088,4225,36313,231
2022-09-16,Fresno,019,978130,277822,272774,31644,304418,2839
2022-09-16,Glenn,021,27897,5508,5481,1856,7337,48
2022-09-16,Humboldt,023,135768,21700,21561,4950,26511,155
2022-09-16,Imperial,025,180216,65366,65099,15681,80780,956
2022-09-16,Inyo,027,18085,4486,4472,966,5438,59
2022-09-16,Kern,029,883053,219011,217694,63414,281108,2405
2022-09-16,Kings,031,150075,59291,59122,4085,63207,456
2022-09-16,Lake,033,64148,12761,12696,1177,13873,144
2022-09-16,Lassen,035,31185,9956,9938,990,10928,65
2022-09-16,Los Angeles,037,10098052,3269078,3253906,179017,3432923,33160
2022-09-16,Madera,039,155013,43933,43782,8224,52006,373
2022-09-16,Marin,041,260295,36454,44702,5226,49928,309
2022-09-16,Mariposa,043,17540,3093,3064,343,3407,31
2022-09-16,Mendocino,045,87422,15964,15872,4451,20323,136
2022-09-16,Merced,047,269075,73193,71732,11955,83687,862
2022-09-16,Modoc,049,8938,874,872,322,1194,11
2022-09-16,Mono,051,14174,3204,3191,251,3442,7
2022-09-16,Monterey,053,433212,93968,93692,20857,114549,762
2022-09-16,Napa,055,140530,32220,31979,1388,33367,160
2022-09-16,Nevada,057,99092,18908,18824,1817,20641,132
2022-09-16,Orange,059,3164182,667267,662784,62926,725710,7398
2022-09-16,Placer,061,380077,75526,75159,9574,84733,660
2022-09-16,Plumas,063,18699,3630,3609,431,4040,13
2022-09-16,Riverside,065,2383286,693757,691630,35014,726644,6608
2022-09-16,Sacramento,067,1510023,345492,343926,34484,378410,3267
2022-09-16,San Benito,069,59416,16237,16057,958,17015,106
2022-09-16,San Bernardino,071,2135413,669496,664360,30583,694943,8074
2022-09-16,San Diego,073,3302833,919403,917229,71102,988331,5479
2022-09-16,San Francisco,075,870044,178067,176724,12000,188724,1025
2022-09-16,San Joaquin,077,732212,197181,196128,14836,210964,2304
2022-09-16,San Luis Obispo,079,281455,63072,62716,7070,69786,520
2022-09-16,San Mateo,081,765935,168023,166572,10355,176927,735
2022-09-16,Santa Barbara,083,443738,105335,104912,6814,111726,718
2022-09-16,Santa Clara,085,1922200,434245,428065,18720,446785,2473
2022-09-16,Santa Cruz,087,273765,62734,62480,3407,65887,274
2022-09-16,Shasta,089,179085,34848,34648,7376,42024,591
2022-09-16,Sierra,091,2930,303,303,60,363,5
2022-09-16,Siskiyou,093,43540,5117,5226,3293,8519,90
2022-09-16,Solano,095,438530,104780,104085,7838,111923,462
2022-09-16,Sonoma,097,501317,106421,106028,5240,111268,518
2022-09-16,Stanislaus,099,539301,137490,136981,21520,158501,1727
2022-09-16,Sutter,101,95872,24165,24119,2456,26575,232
2022-09-16,Tehama,103,63373,13583,13503,3060,16563,210
2022-09-16,Trinity,105,12862,1394,1385,384,1769,20
2022-09-16,Tulare,107,460477,121730,121230,36156,157386,1531
2022-09-16,Tuolumne,109,53932,15515,15411,916,16327,196
2022-09-16,Ventura,111,848112,207763,207049,15608,222657,1563
2022-09-16,Yolo,113,214977,47216,47085,4262,51347,334
2022-09-16,Yuba,115,75493,18819,18764,1700,20464,129
2022-09-15,Alameda,001,1643700,345855,344045,19365,363410,2007
2022-09-15,Alpine,002,1148,134,134,1,135,0
2022-09-15,Amador,005,37829,9950,9908,921,10829,90
2022-09-15,Butte,007,227075,39368,39155,9045,48200,453
2022-09-15,Calaveras,009,45235,8467,8455,534,8989,133
2022-09-15,Colusa,011,21464,3783,3765,1272,5037,22
2022-09-15,Contra Costa,013,1133247,250124,247095,20598,267693,1423
2022-09-15,Del Norte,015,27424,7410,7381,397,7778,56
2022-09-15,El Dorado,017,186661,32125,32088,4223,36311,231
2022-09-15,Fresno,019,978130,277718,272774,31634,304408,2839
2022-09-15,Glenn,021,27897,5508,5481,1855,7336,48
2022-09-15,Humboldt,023,135768,21683,21561,4942,26503,155
2022-09-15,Imperial,025,180216,65342,65099,15666,80765,956
2022-09-15,Inyo,027,18085,4486,4472,963,5435,59
2022-09-15,Kern,029,883053,218952,217694,63360,281054,2405
2022-09-15,Kings,031,150075,59273,59122,4085,63207,456
2022-09-15,Lake,033,64148,12758,12696,1176,13872,144
2022-09-15,Lassen,035,31185,9955,9938,990,10928,65
2022-09-15,Los Angeles,037,10098052,3267915,3253906,178858,3432764,33160
2022-09-15,Madera,039,155013,43922,43782,8221,52003,373
2022-09-15,Marin,041,260295,36436,44702,5223,49925,309
2022-09-15,Mariposa,043,17540,3092,3064,342,3406,31
2022-09-15,Mendocino,045,87422,15953,15872,4449,20321,136
2022-09-15,Merced,047,269075,73171,71732,11951,83683,862
2022-09-15,Modoc,049,8938,874,872,321,1193,11
2022-09-15,Mono,051,14174,3204,3191,249,3440,7
2022-09-15,Monterey,053,433212,93947,93692,20847,114539,762
2022-09-15,Napa,055,140530,32207,31979,1388,33367,160
2022-09-15,Nevada,057,99092,18900,18824,1814,20638,132
2022-09-15,Orange,059,3164182,667030,662784,62853,725637,7398
2022-09-15,Placer,061,380077,75489,75159,9569,84728,660
2022-09-15,Plumas,063,18699,3630,3609,431,4040,13
2022-09-15,Riverside,065,2383286,693582,691630,34998,726628,6608
2022-09-15,Sacramento,067,1510023,345333,343926,34457,378383,3267
2022-09-15,San Benito,069,59416,16231,16057,958,17015,106
2022-09-15,San Bernardino,071,2135413,669299,664360,30569,694929,8074
2022-09-15,San Diego,073,3302833,919044,917229,71062,988291,5479
2022-09-15,San Francisco,075,870044,177959,176724,11993,188717,1025
2022-09-15,San Joaquin,077,732212,197113,196128,14823,210951,2304
2022-09-15,San Luis Obispo,079,281455,63048,62716,7067,69783,520
2022-09-15,San Mateo,081,765935,167928,166572,10347,176919,735
2022-09-15,Santa Barbara,083,443738,105295,104912,6808,111720,718
2022-09-15,Santa Clara,085,1922200,434030,428065,18706,446771,2473
2022-09-15,Santa Cruz,087,273765,62712,62480,3403,65883,274
2022-09-15,Shasta,089,179085,34841,34648,7368,42016,591
2022-09-15,Sierra,091,2930,303,303,60,363,5
2022-09-15,Siskiyou,093,43540,5113,5226,3290,8516,90
2022-09-15,Solano,095,438530,104738,104085,7832,111917,462
2022-09-15,Sonoma,097,501317,106383,106028,5238,111266,518
2022-09-15,Stanislaus,099,539301,137447,136981,21516,158497,1727
2022-09-15,Sutter,101,95872,24157,24119,2456,26575,232
2022-09-15,Tehama,103,63373,13578,13503,3058,16561,210
2022-09-15,Trinity,105,12862,1393,1385,383,1768,20
2022-09-15,Tulare,107,460477,121702,121230,36136,157366,1531
2022-09-15,Tuolumne,109,53932,15506,15411,916,16327,196
2022-09-15,Ventura,111,848112,207668,207049,15594,222643,1563
2022-09-15,Yolo,113,214977,47203,47085,4260,51345,334
2022-09-15,Yuba,115,75493,18811,18764,1698,20462,129
2022-09-14,Alameda,001,1643700,345672,344045,19353,363398,2007
2022-09-14,Alpine,002,1148,134,134,1,135,0
2022-09-14,Amador,005,37829,9944,9908,921,10829,90
2022-09-14,Butte,007,227075,39349,39155,9038,48193,453
2022-09-14,Calaveras,009,45235,8461,8455,532,8987,133
2022-09-14,Colusa,011,21464,3780,3765,1272,5037,22
2022-09-14,Contra Costa,013,1133247,250014,247095,20584,267679,1423
2022-09-14,Del Norte,015,27424,7407,7381,397,7778,56
2022-09-14,El Dorado,017,186661,32113,32088,4217,36305,231
2022-09-14,Fresno,019,978130,277623,272774,31619,304393,2839
2022-09-14,Glenn,021,27897,5508,5481,1852,7333,48
2022-09-14,Humboldt,023,135768,21661,21561,4939,26500,155
2022-09-14,Imperial,025,180216,65316,65099,15649,80748,956
2022-09-14,Inyo,027,18085,4484,4472,961,5433,59
2022-09-14,Kern,029,883053,218890,217694,63304,280998,2405
2022-09-14,Kings,031,150075,59251,59122,4081,63203,456
2022-09-14,Lake,033,64148,12750,12696,1175,13871,144
2022-09-14,Lassen,035,31185,9955,9938,988,10926,65
2022-09-14,Los Angeles,037,10098052,3266660,3253906,178715,3432621,33160
2022-09-14,Madera,039,155013,43892,43782,8216,51998,373
2022-09-14,Marin,041,260295,36414,44702,5215,49917,309
2022-09-14,Mariposa,043,17540,3091,3064,342,3406,31
2022-09-14,Mendocino,045,87422,15948,15872,4448,20320,136
2022-09-14,Merced,047,269075,73143,71732,11941,83673,862
2022-09-14,Modoc,049,8938,873,872,320,1192,11
2022-09-14,Mono,051,14174,3204,3191,248,3439,7
2022-09-14,Monterey,053,433212,93928,93692,20839,114531,762
2022-09-14,Napa,055,140530,32193,31979,1384,33363,160
2022-09-14,Nevada,057,99092,18889,18824,1812,20636,132
2022-09-14,Orange,059,3164182,666730,662784,62804,725588,7398
2022-09-14,Placer,061,380077,75458,75159,9566,84725,660
2022-09-14,Plumas,063,18699,3624,3609,431,4040,13
2022-09-14,Riverside,065,2383286,693345,691630,34971,726601,6608
2022-09-14,Sacramento,067,1510023,345173,343926,34417,378343,3267
2022-09-14,San Benito,069,59416,16223,16057,958,17015,106
2022-09-14,San Bernardino,071,2135413,669102,664360,30554,694914,8074
2022-09-14,San Diego,073,3302833,918664,917229,71014,988243,5479
2022-09-14,San Francisco,075,870044,177860,176724,11986,188710,1025
2022-09-14,San Joaquin,077,732212,197043,196128,14811,210939,2304
2022-09-14,San Luis Obispo,079,281455,63024,62716,7062,69778,520
2022-09-14,San Mateo,081,765935,167846,166572,10343,176915,735
2022-09-14,Santa Barbara,083,443738,105260,104912,6806,111718,718
2022-09-14,Santa Clara,085,1922200,433829,428065,18697,446762,2473
2022-09-14,Santa Cruz,087,273765,62698,62480,3401,65881,274
2022-09-14,Shasta,089,179085,34829,34648,7358,42006,591
2022-09-14,Sierra,091,2930,303,303,60,363,5
2022-09-14,Siskiyou,093,43540,5109,5226,3289,8515,90
2022-09-14,Solano,095,438530,104705,104085,7827,111912,462
2022-09-14,Sonoma,097,501317,106331,106028,5234,111262,518
2022-09-14,Stanislaus,099,539301,137380,136981,21506,158487,1727
2022-09-14,Sutter,101,95872,24144,24119,2456,26575,232
2022-09-14,Tehama,103,63373,13577,13503,3055,16558,210
2022-09-14,Trinity,105,12862,1393,1385,379,1764,20
2022-09-14,Tulare,107,460477,121677,121230,36113,157343,1531
2022-09-14,Tuolumne,109,53932,15498,15411,916,16327,196
2022-09-14,Ventura,111,848112,207579,207049,15584,222633,1563
2022-09-14,Yolo,113,214977,47194,47085,4254,51339,334
2022-09-14,Yuba,115,75493,18804,18764,1697,20461,129
2022-09-13,Alameda,001,1643700,345476,344045,19342,363387,2007
2022-09-13,Alpine,002,1148,134,134,1,135,0
2022-09-13,Amador,005,37829,9939,9908,921,10829,90
2022-09-13,Butte,007,227075,39321,39155,9032,48187,453
2022-09-13,Calaveras,009,45235,8458,8455,530,8985,133
2022-09-13,Colusa,011,21464,3778,3765,1272,5037,22
2022-09-13,Contra Costa,013,1133247,249882,247095,20574,267669,1423
2022-09-13,Del Norte,015,27424,7403,7381,397,7778,56
2022-09-13,El Dorado,017,186661,32099,32088,4213,36301,231
2022-09-13,Fresno,019,978130,277529,272774,31601,304375,2839
2022-09-13,Glenn,021,27897,5507,5481,1850,7331,48
2022-09-13,Humboldt,023,135768,21643,21561,4930,26491,155
2022-09-13,Imperial,025,180216,65293,65099,15639,80738,956
2022-09-13,Inyo,027,18085,4482,4472,958,5430,59
2022-09-13,Kern,029,883053,218797,217694,63220,280914,2405
2022-09-13,Kings,031,150075,59215,59122,4079,63201,456
2022-09-13,Lake,033,64148,12744,12696,1175,13871,144
2022-09-13,Lassen,035,31185,9955,9938,985,10923,65
2022-09-13,Los Angeles,037,10098052,3265336,3253906,178566,3432472,33160
2022-09-13,Madera,039,155013,43881,43782,8208,51990,373
2022-09-13,Marin,041,260295,36398,44702,5211,49913,309
2022-09-13,Mariposa,043,17540,3089,3064,342,3406,31
2022-09-13,Mendocino,045,87422,15943,15872,4444,20316,136
2022-09-13,Merced,047,269075,73120,71732,11938,83670,862
2022-09-13,Modoc,049,8938,873,872,320,1192,11
2022-09-13,Mono,051,14174,3204,3191,248,3439,7
2022-09-13,Monterey,053,433212,93899,93692,20827,114519,762
2022-09-13,Napa,055,140530,32173,31979,1384,33363,160
2022-09-13,Nevada,057,99092,18878,18824,1810,20634,132
2022-09-13,Orange,059,3164182,666434,662784,62737,725521,7398
2022-09-13,Placer,061,380077,75424,75159,9562,84721,660
2022-09-13,Plumas,063,18699,3621,3609,431,4040,13
2022-09-13,Riverside,065,2383286,693121,691630,34947,726577,6608
2022-09-13,Sacramento,067,1510023,344988,343926,34383,378309,3267
2022-09-13,San Benito,069,59416,16214,16057,958,17015,106
2022-09-13,San Bernardino,071,2135413,668853,664360,30537,694897,8074
2022-09-13,San Diego,073,3302833,918261,917229,70975,988204,5479
2022-09-13,San Francisco,075,870044,177753,176724,11980,188704,1025
2022-09-13,San Joaquin,077,732212,196959,196128,14802,210930,2304
2022-09-13,San Luis Obispo,079,281455,62994,62716,7054,69770,520
2022-09-13,San Mateo,081,765935,167760,166572,10341,176913,735
2022-09-13,Santa Barbara,083,443738,105205,104912,6799,111711,718
2022-09-13,Santa Clara,085,1922200,433593,428065,18687,446752,2473
2022-09-13,Santa Cruz,087,273765,62673,62480,3399,65879,274
2022-09-13,Shasta,089,179085,34804,34648,7354,42002,591
2022-09-13,Sierra,091,2930,303,303,60,363,5
2022-09-13,Siskiyou,093,43540,5105,5226,3288,8514,90
2022-09-13,Solano,095,438530,104649,104085,7818,111903,462
2022-09-13,Sonoma,097,501317,106275,106028,5232,111260,518
2022-09-13,Stanislaus,099,539301,137330,136981,21500,158481,1727
2022-09-13,Sutter,101,95872,24133,24119,2455,26574,232
2022-09-13,Tehama,103,63373,13568,13503,3054,16557,210
2022-09-13,Trinity,105,12862,1392,1385,379,1764,20
2022-09-13,Tulare,107,460477,121647,121230,36084,157314,1531
2022-09-13,Tuolumne,109,53932,15492,15411,916,16327,196
2022-09-13,Ventura,111,848112,207483,207049,15568,222617,1563
2022-09-13,Yolo,113,214977,47182,47085,4249,51334,334
2022-09-13,Yuba,115,75493,18795,18764,1696,20460,129
2022-09-12,Alameda,001,1643700,345249,343017,19325,362342,2006
2022-09-12,Alpine,002,1148,134,134,1,135,0
2022-09-12,Amador,005,37829,9931,9890,920,10810,89
2022-09-12,Butte,007,227075,39302,39049,9023,48072,453
2022-09-12,Calaveras,009,45235,8454,8444,530,8974,133
2022-09-12,Colusa,011,21464,3777,3755,1271,5026,22
2022-09-12,Contra Costa,013,1133247,249752,246174,20557,266731,1415
2022-09-12,Del Norte,015,27424,7400,7354,397,7751,56
2022-09-12,El Dorado,017,186661,32082,32027,4207,36234,229
2022-09-12,Fresno,019,978130,277402,272161,31581,303742,2835
2022-09-12,Glenn,021,27897,5503,5473,1850,7323,48
2022-09-12,Humboldt,023,135768,21627,21494,4919,26413,155
2022-09-12,Imperial,025,180216,65269,64926,15621,80547,956
2022-09-12,Inyo,027,18085,4480,4465,956,5421,59
2022-09-12,Kern,029,883053,218720,217203,63150,280353,2404
2022-09-12,Kings,031,150075,59198,58980,4075,63055,455
2022-09-12,Lake,033,64148,12735,12663,1172,13835,144
2022-09-12,Lassen,035,31185,9954,9931,985,10916,64
2022-09-12,Los Angeles,037,10098052,3263807,3246402,178381,3424783,33094
2022-09-12,Madera,039,155013,43869,43599,8198,51797,373
2022-09-12,Marin,041,260295,36378,44584,5207,49791,305
2022-09-12,Mariposa,043,17540,3084,3058,342,3400,31
2022-09-12,Mendocino,045,87422,15932,15853,4436,20289,135
2022-09-12,Merced,047,269075,73080,71563,11925,83488,856
2022-09-12,Modoc,049,8938,873,872,318,1190,11
2022-09-12,Mono,051,14174,3200,3188,248,3436,7
2022-09-12,Monterey,053,433212,93865,93513,20804,114317,762
2022-09-12,Napa,055,140530,32151,31910,1384,33294,158
2022-09-12,Nevada,057,99092,18869,18784,1809,20593,132
2022-09-12,Orange,059,3164182,666117,661329,62667,723996,7371
2022-09-12,Placer,061,380077,75393,74994,9557,84551,657
2022-09-12,Plumas,063,18699,3618,3594,430,4024,13
2022-09-12,Riverside,065,2383286,692833,690018,34925,724943,6596
2022-09-12,Sacramento,067,1510023,344814,343048,34352,377400,3254
2022-09-12,San Benito,069,59416,16201,16000,958,16958,103
2022-09-12,San Bernardino,071,2135413,668539,662248,30520,692768,8057
2022-09-12,San Diego,073,3302833,917777,915648,70926,986574,5474
2022-09-12,San Francisco,075,870044,177635,176512,11973,188485,1022
2022-09-12,San Joaquin,077,732212,196863,195697,14789,210486,2303
2022-09-12,San Luis Obispo,079,281455,62964,62569,7049,69618,519
2022-09-12,San Mateo,081,765935,167663,166165,10332,176497,735
2022-09-12,Santa Barbara,083,443738,105168,104627,6795,111422,717
2022-09-12,Santa Clara,085,1922200,433334,426854,18675,445529,2478
2022-09-12,Santa Cruz,087,273765,62645,62255,3398,65653,274
2022-09-12,Shasta,089,179085,34783,34531,7348,41879,591
2022-09-12,Sierra,091,2930,303,303,60,363,5
2022-09-12,Siskiyou,093,43540,5102,5197,3285,8482,90
2022-09-12,Solano,095,438530,104596,103841,7809,111650,461
2022-09-12,Sonoma,097,501317,106226,105778,5225,111003,521
2022-09-12,Stanislaus,099,539301,137272,136674,21495,158169,1726
2022-09-12,Sutter,101,95872,24122,24037,2453,26490,228
2022-09-12,Tehama,103,63373,13562,13471,3053,16524,210
2022-09-12,Trinity,105,12862,1391,1383,378,1761,20
2022-09-12,Tulare,107,460477,121590,120972,36053,157025,1529
2022-09-12,Tuolumne,109,53932,15483,15362,916,16278,196
2022-09-12,Ventura,111,848112,207373,206442,15553,221995,1558
2022-09-12,Yolo,113,214977,47167,46989,4247,51236,334
2022-09-12,Yuba,115,75493,18781,18709,1691,20400,129
2022-09-11,Alameda,001,1643700,344978,343017,19302,362319,2006
2022-09-11,Alpine,002,1148,134,134,1,135,0
2022-09-11,Amador,005,37829,9924,9890,917,10807,89
2022-09-11,Butte,007,227075,39267,39049,9016,48065,453
2022-09-11,Calaveras,009,45235,8451,8444,529,8973,133
2022-09-11,Colusa,011,21464,3775,3755,1269,5024,22
2022-09-11,Contra Costa,013,1133247,249585,246174,20529,266703,1415
2022-09-11,Del Norte,015,27424,7395,7354,396,7750,56
2022-09-11,El Dorado,017,186661,32066,32027,4199,36226,229
2022-09-11,Fresno,019,978130,277291,272161,31559,303720,2835
2022-09-11,Glenn,021,27897,5500,5473,1850,7323,48
2022-09-11,Humboldt,023,135768,21608,21494,4906,26400,155
2022-09-11,Imperial,025,180216,65226,64926,15593,80519,956
2022-09-11,Inyo,027,18085,4479,4465,947,5412,59
2022-09-11,Kern,029,883053,218614,217203,63049,280252,2404
2022-09-11,Kings,031,150075,59161,58980,4072,63052,455
2022-09-11,Lake,033,64148,12721,12663,1169,13832,144
2022-09-11,Lassen,035,31185,9948,9931,985,10916,64
2022-09-11,Los Angeles,037,10098052,3262060,3246402,178142,3424544,33094
2022-09-11,Madera,039,155013,43837,43599,8191,51790,373
2022-09-11,Marin,041,260295,36351,44584,5205,49789,305
2022-09-11,Mariposa,043,17540,3081,3058,342,3400,31
2022-09-11,Mendocino,045,87422,15922,15853,4430,20283,135
2022-09-11,Merced,047,269075,73043,71563,11914,83477,856
2022-09-11,Modoc,049,8938,873,872,317,1189,11
2022-09-11,Mono,051,14174,3197,3188,248,3436,7
2022-09-11,Monterey,053,433212,93835,93513,20786,114299,762
2022-09-11,Napa,055,140530,32130,31910,1383,33293,158
2022-09-11,Nevada,057,99092,18859,18784,1805,20589,132
2022-09-11,Orange,059,3164182,665810,661329,62599,723928,7371
2022-09-11,Placer,061,380077,75359,74994,9551,84545,657
2022-09-11,Plumas,063,18699,3612,3594,430,4024,13
2022-09-11,Riverside,065,2383286,692548,690018,34896,724914,6596
2022-09-11,Sacramento,067,1510023,344608,343048,34290,377338,3254
2022-09-11,San Benito,069,59416,16192,16000,954,16954,103
2022-09-11,San Bernardino,071,2135413,668213,662248,30503,692751,8057
2022-09-11,San Diego,073,3302833,917235,915648,70863,986511,5474
2022-09-11,San Francisco,075,870044,177481,176512,11959,188471,1022
2022-09-11,San Joaquin,077,732212,196759,195697,14768,210465,2303
2022-09-11,San Luis Obispo,079,281455,62932,62569,7035,69604,519
2022-09-11,San Mateo,081,765935,167549,166165,10327,176492,735
2022-09-11,Santa Barbara,083,443738,105127,104627,6792,111419,717
2022-09-11,Santa Clara,085,1922200,433038,426854,18663,445517,2478
2022-09-11,Santa Cruz,087,273765,62609,62255,3394,65649,274
2022-09-11,Shasta,089,179085,34752,34531,7340,41871,591
2022-09-11,Sierra,091,2930,303,303,60,363,5
2022-09-11,Siskiyou,093,43540,5100,5197,3279,8476,90
2022-09-11,Solano,095,438530,104515,103841,7803,111644,461
2022-09-11,Sonoma,097,501317,106159,105778,5219,110997,521
2022-09-11,Stanislaus,099,539301,137205,136674,21479,158153,1726
2022-09-11,Sutter,101,95872,24100,24037,2452,26489,228
2022-09-11,Tehama,103,63373,13548,13471,3050,16521,210
2022-09-11,Trinity,105,12862,1391,1383,378,1761,20
2022-09-11,Tulare,107,460477,121537,120972,36021,156993,1529
2022-09-11,Tuolumne,109,53932,15474,15362,916,16278,196
2022-09-11,Ventura,111,848112,207232,206442,15529,221971,1558
2022-09-11,Yolo,113,214977,47139,46989,4244,51233,334
2022-09-11,Yuba,115,75493,18772,18709,1688,20397,129
2022-09-10,Alameda,001,1643700,344833,343017,19299,362316,2006
2022-09-10,Alpine,002,1148,134,134,1,135,0
2022-09-10,Amador,005,37829,9921,9890,916,10806,89
2022-09-10,Butte,007,227075,39250,39049,9015,48064,453
2022-09-10,Calaveras,009,45235,8449,8444,529,8973,133
2022-09-10,Colusa,011,21464,3774,3755,1269,5024,22
2022-09-10,Contra Costa,013,1133247,249475,246174,20519,266693,1415
2022-09-10,Del Norte,015,27424,7392,7354,396,7750,56
2022-09-10,El Dorado,017,186661,32058,32027,4198,36225,229
2022-09-10,Fresno,019,978130,277206,272161,31548,303709,2835
2022-09-10,Glenn,021,27897,5497,5473,1849,7322,48
2022-09-10,Humboldt,023,135768,21599,21494,4902,26396,155
2022-09-10,Imperial,025,180216,65204,64926,15582,80508,956
2022-09-10,Inyo,027,18085,4479,4465,947,5412,59
2022-09-10,Kern,029,883053,218560,217203,63009,280212,2404
2022-09-10,Kings,031,150075,59151,58980,4072,63052,455
2022-09-10,Lake,033,64148,12718,12663,1169,13832,144
2022-09-10,Lassen,035,31185,9947,9931,985,10916,64
2022-09-10,Los Angeles,037,10098052,3261118,3246402,178001,3424403,33094
2022-09-10,Madera,039,155013,43820,43599,8188,51787,373
2022-09-10,Marin,041,260295,36326,44584,5200,49784,305
2022-09-10,Mariposa,043,17540,3081,3058,341,3399,31
2022-09-10,Mendocino,045,87422,15919,15853,4428,20281,135
2022-09-10,Merced,047,269075,73029,71563,11911,83474,856
2022-09-10,Modoc,049,8938,873,872,316,1188,11
2022-09-10,Mono,051,14174,3196,3188,248,3436,7
2022-09-10,Monterey,053,433212,93814,93513,20782,114295,762
2022-09-10,Napa,055,140530,32122,31910,1383,33293,158
2022-09-10,Nevada,057,99092,18855,18784,1805,20589,132
2022-09-10,Orange,059,3164182,665625,661329,62563,723892,7371
2022-09-10,Placer,061,380077,75330,74994,9549,84543,657
2022-09-10,Plumas,063,18699,3608,3594,430,4024,13
2022-09-10,Riverside,065,2383286,692364,690018,34885,724903,6596
2022-09-10,Sacramento,067,1510023,344508,343048,34284,377332,3254
2022-09-10,San Benito,069,59416,16185,16000,954,16954,103
2022-09-10,San Bernardino,071,2135413,668051,662248,30488,692736,8057
2022-09-10,San Diego,073,3302833,917007,915648,70839,986487,5474
2022-09-10,San Francisco,075,870044,177423,176512,11956,188468,1022
2022-09-10,San Joaquin,077,732212,196707,195697,14760,210457,2303
2022-09-10,San Luis Obispo,079,281455,62919,62569,7033,69602,519
2022-09-10,San Mateo,081,765935,167473,166165,10319,176484,735
2022-09-10,Santa Barbara,083,443738,105106,104627,6790,111417,717
2022-09-10,Santa Clara,085,1922200,432810,426854,18654,445508,2478
2022-09-10,Santa Cruz,087,273765,62598,62255,3392,65647,274
2022-09-10,Shasta,089,179085,34741,34531,7337,41868,591
2022-09-10,Sierra,091,2930,303,303,60,363,5
2022-09-10,Siskiyou,093,43540,5100,5197,3279,8476,90
2022-09-10,Solano,095,438530,104490,103841,7800,111641,461
2022-09-10,Sonoma,097,501317,106137,105778,5219,110997,521
2022-09-10,Stanislaus,099,539301,137165,136674,21473,158147,1726
2022-09-10,Sutter,101,95872,24085,24037,2452,26489,228
2022-09-10,Tehama,103,63373,13547,13471,3050,16521,210
2022-09-10,Trinity,105,12862,1391,1383,378,1761,20
2022-09-10,Tulare,107,460477,121511,120972,36008,156980,1529
2022-09-10,Tuolumne,109,53932,15468,15362,916,16278,196
2022-09-10,Ventura,111,848112,207163,206442,15515,221957,1558
2022-09-10,Yolo,113,214977,47129,46989,4241,51230,334
2022-09-10,Yuba,115,75493,18764,18709,1687,20396,129
2022-09-09,Alameda,001,1643700,344651,343017,19292,362309,2006
2022-09-09,Alpine,002,1148,134,134,1,135,0
2022-09-09,Amador,005,37829,9916,9890,916,10806,89
2022-09-09,Butte,007,227075,39237,39049,9010,48059,453
2022-09-09,Calaveras,009,45235,8447,8444,529,8973,133
2022-09-09,Colusa,011,21464,3772,3755,1268,5023,22
2022-09-09,Contra Costa,013,1133247,249398,246174,20508,266682,1415
2022-09-09,Del Norte,015,27424,7391,7354,396,7750,56
2022-09-09,El Dorado,017,186661,32050,32027,4196,36223,229
2022-09-09,Fresno,019,978130,277136,272161,31537,303698,2835
2022-09-09,Glenn,021,27897,5495,5473,1849,7322,48
2022-09-09,Humboldt,023,135768,21592,21494,4897,26391,155
2022-09-09,Imperial,025,180216,65179,64926,15574,80500,956
2022-09-09,Inyo,027,18085,4477,4465,939,5404,59
2022-09-09,Kern,029,883053,218497,217203,62965,280168,2404
2022-09-09,Kings,031,150075,59132,58980,4072,63052,455
2022-09-09,Lake,033,64148,12715,12663,1168,13831,144
2022-09-09,Lassen,035,31185,9947,9931,985,10916,64
2022-09-09,Los Angeles,037,10098052,3260076,3246402,177861,3424263,33094
2022-09-09,Madera,039,155013,43802,43599,8186,51785,373
2022-09-09,Marin,041,260295,36313,44584,5199,49783,305
2022-09-09,Mariposa,043,17540,3080,3058,341,3399,31
2022-09-09,Mendocino,045,87422,15913,15853,4424,20277,135
2022-09-09,Merced,047,269075,73008,71563,11909,83472,856
2022-09-09,Modoc,049,8938,873,872,316,1188,11
2022-09-09,Mono,051,14174,3196,3188,248,3436,7
2022-09-09,Monterey,053,433212,93799,93513,20773,114286,762
2022-09-09,Napa,055,140530,32110,31910,1383,33293,158
2022-09-09,Nevada,057,99092,18848,18784,1805,20589,132
2022-09-09,Orange,059,3164182,665435,661329,62520,723849,7371
2022-09-09,Placer,061,380077,75308,74994,9546,84540,657
2022-09-09,Plumas,063,18699,3606,3594,430,4024,13
2022-09-09,Riverside,065,2383286,692176,690018,34871,724889,6596
2022-09-09,Sacramento,067,1510023,344368,343048,34275,377323,3254
2022-09-09,San Benito,069,59416,16172,16000,954,16954,103
2022-09-09,San Bernardino,071,2135413,667873,662248,30480,692728,8057
2022-09-09,San Diego,073,3302833,916745,915648,70814,986462,5474
2022-09-09,San Francisco,075,870044,177350,176512,11948,188460,1022
2022-09-09,San Joaquin,077,732212,196651,195697,14745,210442,2303
2022-09-09,San Luis Obispo,079,281455,62913,62569,7030,69599,519
2022-09-09,San Mateo,081,765935,167417,166165,10317,176482,735
2022-09-09,Santa Barbara,083,443738,105069,104627,6787,111414,717
2022-09-09,Santa Clara,085,1922200,432614,426854,18645,445499,2478
2022-09-09,Santa Cruz,087,273765,62577,62255,3390,65645,274
2022-09-09,Shasta,089,179085,34725,34531,7331,41862,591
2022-09-09,Sierra,091,2930,303,303,60,363,5
2022-09-09,Siskiyou,093,43540,5093,5197,3279,8476,90
2022-09-09,Solano,095,438530,104456,103841,7795,111636,461
2022-09-09,Sonoma,097,501317,106109,105778,5219,110997,521
2022-09-09,Stanislaus,099,539301,137137,136674,21466,158140,1726
2022-09-09,Sutter,101,95872,24078,24037,2451,26488,228
2022-09-09,Tehama,103,63373,13542,13471,3050,16521,210
2022-09-09,Trinity,105,12862,1390,1383,378,1761,20
2022-09-09,Tulare,107,460477,121471,120972,35990,156962,1529
2022-09-09,Tuolumne,109,53932,15467,15362,916,16278,196
2022-09-09,Ventura,111,848112,207093,206442,15501,221943,1558
2022-09-09,Yolo,113,214977,47114,46989,4241,51230,334
2022-09-09,Yuba,115,75493,18755,18709,1687,20396,129
2022-09-08,Alameda,001,1643700,344420,343017,19283,362300,2006
2022-09-08,Alpine,002,1148,134,134,1,135,0
2022-09-08,Amador,005,37829,9909,9890,916,10806,89
2022-09-08,Butte,007,227075,39214,39049,9000,48049,453
2022-09-08,Calaveras,009,45235,8447,8444,528,8972,133
2022-09-08,Colusa,011,21464,3772,3755,1268,5023,22
2022-09-08,Contra Costa,013,1133247,249269,246174,20490,266664,1415
2022-09-08,Del Norte,015,27424,7381,7354,396,7750,56
2022-09-08,El Dorado,017,186661,32033,32027,4194,36221,229
2022-09-08,Fresno,019,978130,277020,272161,31515,303676,2835
2022-09-08,Glenn,021,27897,5495,5473,1849,7322,48
2022-09-08,Humboldt,023,135768,21566,21494,4893,26387,155
2022-09-08,Imperial,025,180216,65147,64926,15554,80480,956
2022-09-08,Inyo,027,18085,4475,4465,937,5402,59
2022-09-08,Kern,029,883053,218406,217203,62875,280078,2404
2022-09-08,Kings,031,150075,59103,58980,4070,63050,455
2022-09-08,Lake,033,64148,12706,12663,1168,13831,144
2022-09-08,Lassen,035,31185,9946,9931,985,10916,64
2022-09-08,Los Angeles,037,10098052,3258609,3246402,177668,3424070,33094
2022-09-08,Madera,039,155013,43772,43599,8180,51779,373
2022-09-08,Marin,041,260295,36287,44584,5195,49779,305
2022-09-08,Mariposa,043,17540,3077,3058,341,3399,31
2022-09-08,Mendocino,045,87422,15906,15853,4424,20277,135
2022-09-08,Merced,047,269075,72979,71563,11896,83459,856
2022-09-08,Modoc,049,8938,873,872,316,1188,11
2022-09-08,Mono,051,14174,3196,3188,247,3435,7
2022-09-08,Monterey,053,433212,93767,93513,20752,114265,762
2022-09-08,Napa,055,140530,32096,31910,1383,33293,158
2022-09-08,Nevada,057,99092,18838,18784,1804,20588,132
2022-09-08,Orange,059,3164182,665145,661329,62456,723785,7371
2022-09-08,Placer,061,380077,75276,74994,9542,84536,657
2022-09-08,Plumas,063,18699,3603,3594,430,4024,13
2022-09-08,Riverside,065,2383286,691898,690018,34848,724866,6596
2022-09-08,Sacramento,067,1510023,344192,343048,34252,377300,3254
2022-09-08,San Benito,069,59416,16160,16000,954,16954,103
2022-09-08,San Bernardino,071,2135413,667572,662248,30470,692718,8057
2022-09-08,San Diego,073,3302833,916368,915648,70761,986409,5474
2022-09-08,San Francisco,075,870044,177225,176512,11940,188452,1022
2022-09-08,San Joaquin,077,732212,196566,195697,14728,210425,2303
2022-09-08,San Luis Obispo,079,281455,62895,62569,7024,69593,519
2022-09-08,San Mateo,081,765935,167327,166165,10313,176478,735
2022-09-08,Santa Barbara,083,443738,105027,104627,6782,111409,717
2022-09-08,Santa Clara,085,1922200,432343,426854,18635,445489,2478
2022-09-08,Santa Cruz,087,273765,62546,62255,3387,65642,274
2022-09-08,Shasta,089,179085,34703,34531,7322,41853,591
2022-09-08,Sierra,091,2930,303,303,60,363,5
2022-09-08,Siskiyou,093,43540,5088,5197,3278,8475,90
2022-09-08,Solano,095,438530,104401,103841,7783,111624,461
2022-09-08,Sonoma,097,501317,106026,105778,5213,110991,521
2022-09-08,Stanislaus,099,539301,137071,136674,21451,158125,1726
2022-09-08,Sutter,101,95872,24066,24037,2451,26488,228
2022-09-08,Tehama,103,63373,13534,13471,3047,16518,210
2022-09-08,Trinity,105,12862,1390,1383,378,1761,20
2022-09-08,Tulare,107,460477,121425,120972,35961,156933,1529
2022-09-08,Tuolumne,109,53932,15460,15362,915,16277,196
2022-09-08,Ventura,111,848112,206975,206442,15477,221919,1558
2022-09-08,Yolo,113,214977,47093,46989,4233,51222,334
2022-09-08,Yuba,115,75493,18745,18709,1683,20392,129
2022-09-07,Alameda,001,1643700,344171,342480,19276,361756,1999
2022-09-07,Alpine,002,1148,134,133,1,134,0
2022-09-07,Amador,005,37829,9906,9877,916,10793,89
2022-09-07,Butte,007,227075,39184,38969,8988,47957,453
2022-09-07,Calaveras,009,45235,8445,8437,526,8963,133
2022-09-07,Colusa,011,21464,3769,3748,1268,5016,22
2022-09-07,Contra Costa,013,1133247,249128,245708,20474,266182,1415
2022-09-07,Del Norte,015,27424,7379,7346,396,7742,56
2022-09-07,El Dorado,017,186661,32020,31979,4193,36172,229
2022-09-07,Fresno,019,978130,276859,271753,31488,303241,2835
2022-09-07,Glenn,021,27897,5493,5468,1848,7316,48
2022-09-07,Humboldt,023,135768,21548,21459,4890,26349,155
2022-09-07,Imperial,025,180216,65114,64755,15532,80287,956
2022-09-07,Inyo,027,18085,4470,4456,930,5386,59
2022-09-07,Kern,029,883053,218306,216932,62782,279714,2404
2022-09-07,Kings,031,150075,59068,58922,4066,62988,455
2022-09-07,Lake,033,64148,12697,12647,1167,13814,143
2022-09-07,Lassen,035,31185,9946,9918,984,10902,64
2022-09-07,Los Angeles,037,10098052,3257002,3242352,177473,3419825,32971
2022-09-07,Madera,039,155013,43725,43533,8180,51713,373
2022-09-07,Marin,041,260295,36264,44489,5193,49682,305
2022-09-07,Mariposa,043,17540,3075,3046,341,3387,31
2022-09-07,Mendocino,045,87422,15901,15813,4418,20231,135
2022-09-07,Merced,047,269075,72944,71448,11884,83332,856
2022-09-07,Modoc,049,8938,873,868,316,1184,11
2022-09-07,Mono,051,14174,3195,3184,247,3431,7
2022-09-07,Monterey,053,433212,93738,93430,20733,114163,762
2022-09-07,Napa,055,140530,32076,31854,1383,33237,156
2022-09-07,Nevada,057,99092,18825,18761,1802,20563,132
2022-09-07,Orange,059,3164182,664827,660580,62384,722964,7362
2022-09-07,Placer,061,380077,75248,74884,9533,84417,658
2022-09-07,Plumas,063,18699,3601,3588,429,4017,13
2022-09-07,Riverside,065,2383286,691561,688794,34821,723615,6591
2022-09-07,Sacramento,067,1510023,344027,342602,34218,376820,3248
2022-09-07,San Benito,069,59416,16147,15933,953,16886,103
2022-09-07,San Bernardino,071,2135413,667311,660303,30454,690757,8023
2022-09-07,San Diego,073,3302833,915875,914552,70716,985268,5468
2022-09-07,San Francisco,075,870044,177122,176386,11930,188316,1018
2022-09-07,San Joaquin,077,732212,196452,195359,14716,210075,2303
2022-09-07,San Luis Obispo,079,281455,62874,62548,7021,69569,517
2022-09-07,San Mateo,081,765935,167221,165893,10307,176200,736
2022-09-07,Santa Barbara,083,443738,104983,104452,6777,111229,717
2022-09-07,Santa Clara,085,1922200,432051,426178,18624,444802,2472
2022-09-07,Santa Cruz,087,273765,62513,62187,3384,65571,274
2022-09-07,Shasta,089,179085,34681,34484,7305,41789,591
2022-09-07,Sierra,091,2930,303,303,60,363,5
2022-09-07,Siskiyou,093,43540,5083,5190,3277,8467,89
2022-09-07,Solano,095,438530,104343,103665,7776,111441,463
2022-09-07,Sonoma,097,501317,105962,105389,5210,110599,517
2022-09-07,Stanislaus,099,539301,136993,136477,21441,157918,1726
2022-09-07,Sutter,101,95872,24052,23984,2451,26435,228
2022-09-07,Tehama,103,63373,13531,13453,3043,16496,210
2022-09-07,Trinity,105,12862,1390,1382,378,1760,20
2022-09-07,Tulare,107,460477,121374,120846,35931,156777,1529
2022-09-07,Tuolumne,109,53932,15453,15327,915,16242,196
2022-09-07,Ventura,111,848112,206854,206121,15460,221581,1557
2022-09-07,Yolo,113,214977,47065,46966,4227,51193,334
2022-09-07,Yuba,115,75493,18732,18665,1682,20347,129
2022-09-06,Alameda,001,1643700,343905,342480,19264,361744,1999
2022-09-06,Alpine,002,1148,133,133,1,134,0
2022-09-06,Amador,005,37829,9903,9877,916,10793,89
2022-09-06,Butte,007,227075,39153,38969,8977,47946,453
2022-09-06,Calaveras,009,45235,8443,8437,524,8961,133
2022-09-06,Colusa,011,21464,3767,3748,1268,5016,22
2022-09-06,Contra Costa,013,1133247,248960,245708,20447,266155,1415
2022-09-06,Del Norte,015,27424,7371,7346,396,7742,56
2022-09-06,El Dorado,017,186661,32002,31979,4187,36166,229
2022-09-06,Fresno,019,978130,276729,271753,31455,303208,2835
2022-09-06,Glenn,021,27897,5491,5468,1846,7314,48
2022-09-06,Humboldt,023,135768,21530,21459,4885,26344,155
2022-09-06,Imperial,025,180216,65064,64755,15504,80259,956
2022-09-06,Inyo,027,18085,4467,4456,924,5380,59
2022-09-06,Kern,029,883053,218210,216932,62682,279614,2404
2022-09-06,Kings,031,150075,59027,58922,4061,62983,455
2022-09-06,Lake,033,64148,12694,12647,1151,13798,143
2022-09-06,Lassen,035,31185,9943,9918,982,10900,64
2022-09-06,Los Angeles,037,10098052,3255214,3242352,177263,3419615,32971
2022-09-06,Madera,039,155013,43683,43533,8175,51708,373
2022-09-06,Marin,041,260295,36233,44489,5189,49678,305
2022-09-06,Mariposa,043,17540,3073,3046,341,3387,31
2022-09-06,Mendocino,045,87422,15895,15813,4411,20224,135
2022-09-06,Merced,047,269075,72906,71448,11867,83315,856
2022-09-06,Modoc,049,8938,872,868,316,1184,11
2022-09-06,Mono,051,14174,3195,3184,246,3430,7
2022-09-06,Monterey,053,433212,93704,93430,20716,114146,762
2022-09-06,Napa,055,140530,32060,31854,1383,33237,156
2022-09-06,Nevada,057,99092,18815,18761,1798,20559,132
2022-09-06,Orange,059,3164182,664444,660580,62314,722894,7362
2022-09-06,Placer,061,380077,75204,74884,9531,84415,658
2022-09-06,Plumas,063,18699,3597,3588,429,4017,13
2022-09-06,Riverside,065,2383286,691083,688794,34790,723584,6591
2022-09-06,Sacramento,067,1510023,343808,342602,34179,376781,3248
2022-09-06,San Benito,069,59416,16131,15933,953,16886,103
2022-09-06,San Bernardino,071,2135413,667030,660303,30439,690742,8023
2022-09-06,San Diego,073,3302833,915368,914552,70661,985213,5468
2022-09-06,San Francisco,075,870044,176983,176386,11918,188304,1018
2022-09-06,San Joaquin,077,732212,196359,195359,14703,210062,2303
2022-09-06,San Luis Obispo,079,281455,62832,62548,7019,69567,517
2022-09-06,San Mateo,081,765935,167112,165893,10299,176192,736
2022-09-06,Santa Barbara,083,443738,104926,104452,6772,111224,717
2022-09-06,Santa Clara,085,1922200,431784,426178,18613,444791,2472
2022-09-06,Santa Cruz,087,273765,62432,62187,3384,65571,274
2022-09-06,Shasta,089,179085,34633,34484,7282,41766,591
2022-09-06,Sierra,091,2930,303,303,60,363,5
2022-09-06,Siskiyou,093,43540,5081,5190,3273,8463,89
2022-09-06,Solano,095,438530,104277,103665,7764,111429,463
2022-09-06,Sonoma,097,501317,105899,105389,5207,110596,517
2022-09-06,Stanislaus,099,539301,136922,136477,21427,157904,1726
2022-09-06,Sutter,101,95872,24027,23984,2451,26435,228
2022-09-06,Tehama,103,63373,13522,13453,3040,16493,210
2022-09-06,Trinity,105,12862,1389,1382,378,1760,20
2022-09-06,Tulare,107,460477,121320,120846,35894,156740,1529
2022-09-06,Tuolumne,109,53932,15441,15327,915,16242,196
2022-09-06,Ventura,111,848112,206708,206121,15443,221564,1557
2022-09-06,Yolo,113,214977,47049,46966,4216,51182,334
2022-09-06,Yuba,115,75493,18710,18665,1681,20346,129
2022-09-05,Alameda,001,1643700,343609,342480,19256,361736,1999
2022-09-05,Alpine,002,1148,133,133,1,134,0
2022-09-05,Amador,005,37829,9899,9877,916,10793,89
2022-09-05,Butte,007,227075,39106,38969,8964,47933,453
2022-09-05,Calaveras,009,45235,8440,8437,523,8960,133
2022-09-05,Colusa,011,21464,3760,3748,1265,5013,22
2022-09-05,Contra Costa,013,1133247,248773,245708,20428,266136,1415
2022-09-05,Del Norte,015,27424,7366,7346,394,7740,56
2022-09-05,El Dorado,017,186661,31978,31979,4181,36160,229
2022-09-05,Fresno,019,978130,276495,271753,31386,303139,2835
2022-09-05,Glenn,021,27897,5488,5468,1842,7310,48
2022-09-05,Humboldt,023,135768,21514,21459,4879,26338,155
2022-09-05,Imperial,025,180216,65010,64755,15460,80215,956
2022-09-05,Inyo,027,18085,4465,4456,922,5378,59
2022-09-05,Kern,029,883053,218074,216932,62553,279485,2404
2022-09-05,Kings,031,150075,58969,58922,4058,62980,455
2022-09-05,Lake,033,64148,12687,12647,1149,13796,143
2022-09-05,Lassen,035,31185,9934,9918,981,10899,64
2022-09-05,Los Angeles,037,10098052,3252782,3242352,177001,3419353,32971
2022-09-05,Madera,039,155013,43627,43533,8153,51686,373
2022-09-05,Marin,041,260295,36204,44489,5189,49678,305
2022-09-05,Mariposa,043,17540,3068,3046,341,3387,31
2022-09-05,Mendocino,045,87422,15874,15813,4400,20213,135
2022-09-05,Merced,047,269075,72843,71448,11836,83284,856
2022-09-05,Modoc,049,8938,871,868,315,1183,11
2022-09-05,Mono,051,14174,3193,3184,243,3427,7
2022-09-05,Monterey,053,433212,93636,93430,20696,114126,762
2022-09-05,Napa,055,140530,32031,31854,1380,33234,156
2022-09-05,Nevada,057,99092,18808,18761,1793,20554,132
2022-09-05,Orange,059,3164182,663946,660580,62217,722797,7362
2022-09-05,Placer,061,380077,75153,74884,9526,84410,658
2022-09-05,Plumas,063,18699,3596,3588,429,4017,13
2022-09-05,Riverside,065,2383286,690569,688794,34739,723533,6591
2022-09-05,Sacramento,067,1510023,343513,342602,34117,376719,3248
2022-09-05,San Benito,069,59416,16105,15933,950,16883,103
2022-09-05,San Bernardino,071,2135413,666587,660303,30409,690712,8023
2022-09-05,San Diego,073,3302833,914743,914552,70566,985118,5468
2022-09-05,San Francisco,075,870044,176820,176386,11911,188297,1018
2022-09-05,San Joaquin,077,732212,196219,195359,14688,210047,2303
2022-09-05,San Luis Obispo,079,281455,62777,62548,7002,69550,517
2022-09-05,San Mateo,081,765935,166992,165893,10291,176184,736
2022-09-05,Santa Barbara,083,443738,104839,104452,6767,111219,717
2022-09-05,Santa Clara,085,1922200,431411,426178,18597,444775,2472
2022-09-05,Santa Cruz,087,273765,62373,62187,3380,65567,274
2022-09-05,Shasta,089,179085,34601,34484,7269,41753,591
2022-09-05,Sierra,091,2930,303,303,60,363,5
2022-09-05,Siskiyou,093,43540,5075,5190,3273,8463,89
2022-09-05,Solano,095,438530,104181,103665,7746,111411,463
2022-09-05,Sonoma,097,501317,105826,105389,5200,110589,517
2022-09-05,Stanislaus,099,539301,136825,136477,21409,157886,1726
2022-09-05,Sutter,101,95872,24003,23984,2449,26433,228
2022-09-05,Tehama,103,63373,13514,13453,3039,16492,210
2022-09-05,Trinity,105,12862,1389,1382,377,1759,20
2022-09-05,Tulare,107,460477,121219,120846,35835,156681,1529
2022-09-05,Tuolumne,109,53932,15422,15327,914,16241,196
2022-09-05,Ventura,111,848112,206531,206121,15407,221528,1557
2022-09-05,Yolo,113,214977,47024,46966,4208,51174,334
2022-09-05,Yuba,115,75493,18688,18665,1679,20344,129
2022-09-04,Alameda,001,1643700,343460,341621,19249,360870,1998
2022-09-04,Alpine,002,1148,133,133,1,134,0
2022-09-04,Amador,005,37829,9895,9855,915,10770,89
2022-09-04,Butte,007,227075,39084,38851,8957,47808,453
2022-09-04,Calaveras,009,45235,8438,8422,522,8944,133
2022-09-04,Colusa,011,21464,3759,3742,1262,5004,22
2022-09-04,Contra Costa,013,1133247,248667,245022,20422,265444,1410
2022-09-04,Del Norte,015,27424,7364,7340,393,7733,56
2022-09-04,El Dorado,017,186661,31961,31929,4178,36107,229
2022-09-04,Fresno,019,978130,276390,271062,31371,302433,2835
2022-09-04,Glenn,021,27897,5487,5462,1842,7304,48
2022-09-04,Humboldt,023,135768,21504,21390,4875,26265,154
2022-09-04,Imperial,025,180216,64983,64678,15447,80125,956
2022-09-04,Inyo,027,18085,4463,4449,919,5368,59
2022-09-04,Kern,029,883053,217989,216471,62457,278928,2404
2022-09-04,Kings,031,150075,58955,58753,4058,62811,455
2022-09-04,Lake,033,64148,12680,12608,1148,13756,143
2022-09-04,Lassen,035,31185,9931,9908,981,10889,64
2022-09-04,Los Angeles,037,10098052,3251832,3235242,176885,3412127,32927
2022-09-04,Madera,039,155013,43613,43403,8146,51549,373
2022-09-04,Marin,041,260295,36177,44394,5185,49579,305
2022-09-04,Mariposa,043,17540,3067,3036,341,3377,31
2022-09-04,Mendocino,045,87422,15870,15781,4399,20180,134
2022-09-04,Merced,047,269075,72819,71280,11831,83111,856
2022-09-04,Modoc,049,8938,871,868,315,1183,11
2022-09-04,Mono,051,14174,3193,3183,243,3426,7
2022-09-04,Monterey,053,433212,93602,93246,20674,113920,761
2022-09-04,Napa,055,140530,32022,31799,1380,33179,156
2022-09-04,Nevada,057,99092,18798,18705,1792,20497,132
2022-09-04,Orange,059,3164182,663759,659290,62168,721458,7347
2022-09-04,Placer,061,380077,75118,74754,9524,84278,657
2022-09-04,Plumas,063,18699,3594,3587,429,4016,13
2022-09-04,Riverside,065,2383286,690373,687184,34723,721907,6581
2022-09-04,Sacramento,067,1510023,343408,341766,34101,375867,3243
2022-09-04,San Benito,069,59416,16100,15900,949,16849,103
2022-09-04,San Bernardino,071,2135413,666434,658354,30396,688750,8006
2022-09-04,San Diego,073,3302833,914504,912824,70547,983371,5464
2022-09-04,San Francisco,075,870044,176741,176131,11906,188037,1015
2022-09-04,San Joaquin,077,732212,196095,194904,14670,209574,2301
2022-09-04,San Luis Obispo,079,281455,62767,62455,6998,69453,517
2022-09-04,San Mateo,081,765935,166929,165520,10288,175808,738
2022-09-04,Santa Barbara,083,443738,104788,104161,6762,110923,716
2022-09-04,Santa Clara,085,1922200,431206,425040,18590,443630,2473
2022-09-04,Santa Cruz,087,273765,62354,61989,3379,65368,273
2022-09-04,Shasta,089,179085,34594,34422,7262,41684,591
2022-09-04,Sierra,091,2930,303,303,60,363,5
2022-09-04,Siskiyou,093,43540,5072,5168,3270,8438,89
2022-09-04,Solano,095,438530,104163,103457,7742,111199,461
2022-09-04,Sonoma,097,501317,105800,105162,5195,110357,517
2022-09-04,Stanislaus,099,539301,136765,136168,21400,157568,1726
2022-09-04,Sutter,101,95872,23988,23927,2449,26376,228
2022-09-04,Tehama,103,63373,13506,13406,3036,16442,210
2022-09-04,Trinity,105,12862,1389,1377,376,1753,20
2022-09-04,Tulare,107,460477,121174,120592,35800,156392,1527
2022-09-04,Tuolumne,109,53932,15408,15294,913,16207,196
2022-09-04,Ventura,111,848112,206440,205627,15398,221025,1558
2022-09-04,Yolo,113,214977,47014,46882,4202,51084,334
2022-09-04,Yuba,115,75493,18684,18615,1679,20294,129
2022-09-03,Alameda,001,1643700,343332,341621,19245,360866,1998
2022-09-03,Alpine,002,1148,133,133,1,134,0
2022-09-03,Amador,005,37829,9890,9855,914,10769,89
2022-09-03,Butte,007,227075,39067,38851,8949,47800,453
2022-09-03,Calaveras,009,45235,8437,8422,522,8944,133
2022-09-03,Colusa,011,21464,3759,3742,1261,5003,22
2022-09-03,Contra Costa,013,1133247,248556,245022,20417,265439,1410
2022-09-03,Del Norte,015,27424,7364,7340,393,7733,56
2022-09-03,El Dorado,017,186661,31953,31929,4176,36105,229
2022-09-03,Fresno,019,978130,276310,271062,31355,302417,2835
2022-09-03,Glenn,021,27897,5486,5462,1842,7304,48
2022-09-03,Humboldt,023,135768,21496,21390,4875,26265,154
2022-09-03,Imperial,025,180216,64964,64678,15437,80115,956
2022-09-03,Inyo,027,18085,4462,4449,917,5366,59
2022-09-03,Kern,029,883053,217919,216471,62391,278862,2404
2022-09-03,Kings,031,150075,58942,58753,4058,62811,455
2022-09-03,Lake,033,64148,12674,12608,1148,13756,143
2022-09-03,Lassen,035,31185,9931,9908,981,10889,64
2022-09-03,Los Angeles,037,10098052,3250880,3235242,176753,3411995,32927
2022-09-03,Madera,039,155013,43594,43403,8145,51548,373
2022-09-03,Marin,041,260295,36163,44394,5183,49577,305
2022-09-03,Mariposa,043,17540,3066,3036,340,3376,31
2022-09-03,Mendocino,045,87422,15858,15781,4396,20177,134
2022-09-03,Merced,047,269075,72793,71280,11828,83108,856
2022-09-03,Modoc,049,8938,871,868,315,1183,11
2022-09-03,Mono,051,14174,3193,3183,242,3425,7
2022-09-03,Monterey,053,433212,93586,93246,20663,113909,761
2022-09-03,Napa,055,140530,32016,31799,1380,33179,156
2022-09-03,Nevada,057,99092,18792,18705,1792,20497,132
2022-09-03,Orange,059,3164182,663556,659290,62112,721402,7347
2022-09-03,Placer,061,380077,75086,74754,9522,84276,657
2022-09-03,Plumas,063,18699,3592,3587,429,4016,13
2022-09-03,Riverside,065,2383286,690165,687184,34700,721884,6581
2022-09-03,Sacramento,067,1510023,343285,341766,34092,375858,3243
2022-09-03,San Benito,069,59416,16094,15900,948,16848,103
2022-09-03,San Bernardino,071,2135413,666243,658354,30373,688727,8006
2022-09-03,San Diego,073,3302833,914258,912824,70527,983351,5464
2022-09-03,San Francisco,075,870044,176686,176131,11902,188033,1015
2022-09-03,San Joaquin,077,732212,196039,194904,14661,209565,2301
2022-09-03,San Luis Obispo,079,281455,62757,62455,6995,69450,517
2022-09-03,San Mateo,081,765935,166863,165520,10282,175802,738
2022-09-03,Santa Barbara,083,443738,104742,104161,6758,110919,716
2022-09-03,Santa Clara,085,1922200,431018,425040,18587,443627,2473
2022-09-03,Santa Cruz,087,273765,62335,61989,3378,65367,273
2022-09-03,Shasta,089,179085,34581,34422,7259,41681,591
2022-09-03,Sierra,091,2930,303,303,60,363,5
2022-09-03,Siskiyou,093,43540,5069,5168,3270,8438,89
2022-09-03,Solano,095,438530,104149,103457,7737,111194,461
2022-09-03,Sonoma,097,501317,105777,105162,5195,110357,517
2022-09-03,Stanislaus,099,539301,136722,136168,21395,157563,1726
2022-09-03,Sutter,101,95872,23978,23927,2448,26375,228
2022-09-03,Tehama,103,63373,13501,13406,3035,16441,210
2022-09-03,Trinity,105,12862,1389,1377,376,1753,20
2022-09-03,Tulare,107,460477,121142,120592,35762,156354,1527
2022-09-03,Tuolumne,109,53932,15403,15294,913,16207,196
2022-09-03,Ventura,111,848112,206359,205627,15386,221013,1558
2022-09-03,Yolo,113,214977,47004,46882,4200,51082,334
2022-09-03,Yuba,115,75493,18675,18615,1678,20293,129
2022-09-02,Alameda,001,1643700,343196,341621,19240,360861,1998
2022-09-02,Alpine,002,1148,133,133,1,134,0
2022-09-02,Amador,005,37829,9888,9855,914,10769,89
2022-09-02,Butte,007,227075,39055,38851,8937,47788,453
2022-09-02,Calaveras,009,45235,8432,8422,522,8944,133
2022-09-02,Colusa,011,21464,3758,3742,1261,5003,22
2022-09-02,Contra Costa,013,1133247,248460,245022,20406,265428,1410
2022-09-02,Del Norte,015,27424,7363,7340,392,7732,56
2022-09-02,El Dorado,017,186661,31941,31929,4175,36104,229
2022-09-02,Fresno,019,978130,276195,271062,31332,302394,2835
2022-09-02,Glenn,021,27897,5482,5462,1842,7304,48
2022-09-02,Humboldt,023,135768,21487,21390,4872,26262,154
2022-09-02,Imperial,025,180216,64943,64678,15424,80102,956
2022-09-02,Inyo,027,18085,4459,4449,916,5365,59
2022-09-02,Kern,029,883053,217836,216471,62324,278795,2404
2022-09-02,Kings,031,150075,58930,58753,4055,62808,455
2022-09-02,Lake,033,64148,12670,12608,1147,13755,143
2022-09-02,Lassen,035,31185,9930,9908,981,10889,64
2022-09-02,Los Angeles,037,10098052,3249822,3235242,176594,3411836,32927
2022-09-02,Madera,039,155013,43580,43403,8141,51544,373
2022-09-02,Marin,041,260295,36144,44394,5173,49567,305
2022-09-02,Mariposa,043,17540,3062,3036,339,3375,31
2022-09-02,Mendocino,045,87422,15856,15781,4395,20176,134
2022-09-02,Merced,047,269075,72767,71280,11824,83104,856
2022-09-02,Modoc,049,8938,871,868,315,1183,11
2022-09-02,Mono,051,14174,3193,3183,242,3425,7
2022-09-02,Monterey,053,433212,93559,93246,20646,113892,761
2022-09-02,Napa,055,140530,32003,31799,1380,33179,156
2022-09-02,Nevada,057,99092,18787,18705,1790,20495,132
2022-09-02,Orange,059,3164182,663357,659290,62051,721341,7347
2022-09-02,Placer,061,380077,75069,74754,9516,84270,657
2022-09-02,Plumas,063,18699,3591,3587,429,4016,13
2022-09-02,Riverside,065,2383286,689915,687184,34687,721871,6581
2022-09-02,Sacramento,067,1510023,343134,341766,34085,375851,3243
2022-09-02,San Benito,069,59416,16087,15900,948,16848,103
2022-09-02,San Bernardino,071,2135413,666060,658354,30360,688714,8006
2022-09-02,San Diego,073,3302833,913985,912824,70500,983324,5464
2022-09-02,San Francisco,075,870044,176619,176131,11886,188017,1015
2022-09-02,San Joaquin,077,732212,195934,194904,14643,209547,2301
2022-09-02,San Luis Obispo,079,281455,62741,62455,6994,69449,517
2022-09-02,San Mateo,081,765935,166779,165520,10279,175799,738
2022-09-02,Santa Barbara,083,443738,104694,104161,6756,110917,716
2022-09-02,Santa Clara,085,1922200,430814,425040,18575,443615,2473
2022-09-02,Santa Cruz,087,273765,62312,61989,3376,65365,273
2022-09-02,Shasta,089,179085,34575,34422,7256,41678,591
2022-09-02,Sierra,091,2930,303,303,60,363,5
2022-09-02,Siskiyou,093,43540,5066,5168,3270,8438,89
2022-09-02,Solano,095,438530,104115,103457,7732,111189,461
2022-09-02,Sonoma,097,501317,105741,105162,5193,110355,517
2022-09-02,Stanislaus,099,539301,136676,136168,21389,157557,1726
2022-09-02,Sutter,101,95872,23967,23927,2448,26375,228
2022-09-02,Tehama,103,63373,13499,13406,3033,16439,210
2022-09-02,Trinity,105,12862,1388,1377,376,1753,20
2022-09-02,Tulare,107,460477,121098,120592,35739,156331,1527
2022-09-02,Tuolumne,109,53932,15401,15294,912,16206,196
2022-09-02,Ventura,111,848112,206268,205627,15373,221000,1558
2022-09-02,Yolo,113,214977,46993,46882,4196,51078,334
2022-09-02,Yuba,115,75493,18667,18615,1675,20290,129
2022-09-01,Alameda,001,1643700,342956,341621,19229,360850,1998
2022-09-01,Alpine,002,1148,133,133,1,134,0
2022-09-01,Amador,005,37829,9884,9855,914,10769,89
2022-09-01,Butte,007,227075,39026,38851,8923,47774,453
2022-09-01,Calaveras,009,45235,8426,8422,521,8943,133
2022-09-01,Colusa,011,21464,3754,3742,1261,5003,22
2022-09-01,Contra Costa,013,1133247,248309,245022,20384,265406,1410
2022-09-01,Del Norte,015,27424,7362,7340,390,7730,56
2022-09-01,El Dorado,017,186661,31932,31929,4174,36103,229
2022-09-01,Fresno,019,978130,276020,271062,31271,302333,2835
2022-09-01,Glenn,021,27897,5480,5462,1842,7304,48
2022-09-01,Humboldt,023,135768,21474,21390,4865,26255,154
2022-09-01,Imperial,025,180216,64896,64678,15402,80080,956
2022-09-01,Inyo,027,18085,4457,4449,915,5364,59
2022-09-01,Kern,029,883053,217758,216471,62209,278680,2404
2022-09-01,Kings,031,150075,58902,58753,4053,62806,455
2022-09-01,Lake,033,64148,12660,12608,1145,13753,143
2022-09-01,Lassen,035,31185,9930,9908,979,10887,64
2022-09-01,Los Angeles,037,10098052,3248235,3235242,176375,3411617,32927
2022-09-01,Madera,039,155013,43543,43403,8138,51541,373
2022-09-01,Marin,041,260295,36111,44394,5165,49559,305
2022-09-01,Mariposa,043,17540,3061,3036,339,3375,31
2022-09-01,Mendocino,045,87422,15851,15781,4393,20174,134
2022-09-01,Merced,047,269075,72733,71280,11809,83089,856
2022-09-01,Modoc,049,8938,871,868,314,1182,11
2022-09-01,Mono,051,14174,3193,3183,241,3424,7
2022-09-01,Monterey,053,433212,93519,93246,20625,113871,761
2022-09-01,Napa,055,140530,31984,31799,1380,33179,156
2022-09-01,Nevada,057,99092,18778,18705,1790,20495,132
2022-09-01,Orange,059,3164182,663028,659290,61974,721264,7347
2022-09-01,Placer,061,380077,75032,74754,9509,84263,657
2022-09-01,Plumas,063,18699,3590,3587,429,4016,13
2022-09-01,Riverside,065,2383286,689572,687184,34649,721833,6581
2022-09-01,Sacramento,067,1510023,342932,341766,34045,375811,3243
2022-09-01,San Benito,069,59416,16079,15900,947,16847,103
2022-09-01,San Bernardino,071,2135413,665726,658354,30329,688683,8006
2022-09-01,San Diego,073,3302833,913565,912824,70451,983275,5464
2022-09-01,San Francisco,075,870044,176481,176131,11875,188006,1015
2022-09-01,San Joaquin,077,732212,195843,194904,14623,209527,2301
2022-09-01,San Luis Obispo,079,281455,62703,62455,6987,69442,517
2022-09-01,San Mateo,081,765935,166682,165520,10270,175790,738
2022-09-01,Santa Barbara,083,443738,104632,104161,6748,110909,716
2022-09-01,Santa Clara,085,1922200,430518,425040,18567,443607,2473
2022-09-01,Santa Cruz,087,273765,62259,61989,3371,65360,273
2022-09-01,Shasta,089,179085,34555,34422,7251,41673,591
2022-09-01,Sierra,091,2930,303,303,60,363,5
2022-09-01,Siskiyou,093,43540,5065,5168,3269,8437,89
2022-09-01,Solano,095,438530,104045,103457,7728,111185,461
2022-09-01,Sonoma,097,501317,105672,105162,5186,110348,517
2022-09-01,Stanislaus,099,539301,136593,136168,21374,157542,1726
2022-09-01,Sutter,101,95872,23948,23927,2446,26373,228
2022-09-01,Tehama,103,63373,13493,13406,3030,16436,210
2022-09-01,Trinity,105,12862,1387,1377,373,1750,20
2022-09-01,Tulare,107,460477,121044,120592,35695,156287,1527
2022-09-01,Tuolumne,109,53932,15393,15294,912,16206,196
2022-09-01,Ventura,111,848112,206122,205627,15356,220983,1558
2022-09-01,Yolo,113,214977,46964,46882,4189,51071,334
2022-09-01,Yuba,115,75493,18653,18615,1675,20290,129
2022-08-31,Alameda,001,1643700,342722,340789,19216,360005,1986
2022-08-31,Alpine,002,1148,133,133,1,134,0
2022-08-31,Amador,005,37829,9880,9829,912,10741,89
2022-08-31,Butte,007,227075,38990,38720,8907,47627,452
2022-08-31,Calaveras,009,45235,8422,8404,520,8924,133
2022-08-31,Colusa,011,21464,3753,3744,1261,5005,22
2022-08-31,Contra Costa,013,1133247,248150,244168,20358,264526,1409
2022-08-31,Del Norte,015,27424,7359,7333,390,7723,56
2022-08-31,El Dorado,017,186661,31923,31864,4170,36034,226
2022-08-31,Fresno,019,978130,275835,270456,31138,301594,2829
2022-08-31,Glenn,021,27897,5479,5448,1841,7289,48
2022-08-31,Humboldt,023,135768,21448,21325,4860,26185,154
2022-08-31,Imperial,025,180216,64866,64562,15380,79942,953
2022-08-31,Inyo,027,18085,4455,4444,913,5357,59
2022-08-31,Kern,029,883053,217642,216037,62073,278110,2404
2022-08-31,Kings,031,150075,58866,58629,4048,62677,455
2022-08-31,Lake,033,64148,12649,12563,1145,13708,142
2022-08-31,Lassen,035,31185,9925,9889,978,10867,64
2022-08-31,Los Angeles,037,10098052,3246412,3228552,176140,3404692,32877
2022-08-31,Madera,039,155013,43511,43269,8124,51393,372
2022-08-31,Marin,041,260295,36080,44330,5159,49489,305
2022-08-31,Mariposa,043,17540,3060,3025,339,3364,31
2022-08-31,Mendocino,045,87422,15843,15733,4389,20122,134
2022-08-31,Merced,047,269075,72701,71089,11787,82876,852
2022-08-31,Modoc,049,8938,869,865,314,1179,11
2022-08-31,Mono,051,14174,3192,3181,241,3422,7
2022-08-31,Monterey,053,433212,93475,93046,20603,113649,762
2022-08-31,Napa,055,140530,31967,31725,1379,33104,156
2022-08-31,Nevada,057,99092,18761,18649,1789,20438,132
2022-08-31,Orange,059,3164182,662609,658076,61892,719968,7340
2022-08-31,Placer,061,380077,74990,74612,9503,84115,657
2022-08-31,Plumas,063,18699,3589,3581,429,4010,13
2022-08-31,Riverside,065,2383286,689157,685704,34612,720316,6581
2022-08-31,Sacramento,067,1510023,342718,340949,34001,374950,3230
2022-08-31,San Benito,069,59416,16067,15860,945,16805,103
2022-08-31,San Bernardino,071,2135413,665283,656343,30293,686636,8014
2022-08-31,San Diego,073,3302833,913097,910878,70393,981271,5459
2022-08-31,San Francisco,075,870044,176366,175752,11866,187618,1001
2022-08-31,San Joaquin,077,732212,195684,194437,14604,209041,2298
2022-08-31,San Luis Obispo,079,281455,62673,62312,6975,69287,515
2022-08-31,San Mateo,081,765935,166575,165161,10263,175424,738
2022-08-31,Santa Barbara,083,443738,104545,103894,6739,110633,717
2022-08-31,Santa Clara,085,1922200,430210,424011,18550,442561,2467
2022-08-31,Santa Cruz,087,273765,62210,61812,3368,65180,272
2022-08-31,Shasta,089,179085,34539,34355,7244,41599,590
2022-08-31,Sierra,091,2930,303,302,60,362,5
2022-08-31,Siskiyou,093,43540,5057,5152,3268,8420,89
2022-08-31,Solano,095,438530,103982,103173,7723,110896,461
2022-08-31,Sonoma,097,501317,105600,104964,5176,110140,527
2022-08-31,Stanislaus,099,539301,136503,135801,21352,157153,1722
2022-08-31,Sutter,101,95872,23931,23856,2445,26301,228
2022-08-31,Tehama,103,63373,13480,13370,3025,16395,210
2022-08-31,Trinity,105,12862,1387,1373,373,1746,20
2022-08-31,Tulare,107,460477,120967,120346,35650,155996,1527
2022-08-31,Tuolumne,109,53932,15384,15250,910,16160,196
2022-08-31,Ventura,111,848112,205977,205157,15339,220496,1557
2022-08-31,Yolo,113,214977,46930,46807,4177,50984,334
2022-08-31,Yuba,115,75493,18630,18558,1672,20230,129
2022-08-30,Alameda,001,1643700,342476,340789,19198,359987,1986
2022-08-30,Alpine,002,1148,133,133,1,134,0
2022-08-30,Amador,005,37829,9869,9829,912,10741,89
2022-08-30,Butte,007,227075,38955,38720,8892,47612,452
2022-08-30,Calaveras,009,45235,8419,8404,518,8922,133
2022-08-30,Colusa,011,21464,3752,3744,1259,5003,22
2022-08-30,Contra Costa,013,1133247,247994,244168,20340,264508,1409
2022-08-30,Del Norte,015,27424,7358,7333,390,7723,56
2022-08-30,El Dorado,017,186661,31904,31864,4167,36031,226
2022-08-30,Fresno,019,978130,275635,270456,31039,301495,2829
2022-08-30,Glenn,021,27897,5479,5448,1840,7288,48
2022-08-30,Humboldt,023,135768,21427,21325,4856,26181,154
2022-08-30,Imperial,025,180216,64819,64562,15345,79907,953
2022-08-30,Inyo,027,18085,4454,4444,910,5354,59
2022-08-30,Kern,029,883053,217506,216037,61927,277964,2404
2022-08-30,Kings,031,150075,58810,58629,4044,62673,455
2022-08-30,Lake,033,64148,12639,12563,1143,13706,142
2022-08-30,Lassen,035,31185,9921,9889,978,10867,64
2022-08-30,Los Angeles,037,10098052,3244314,3228552,175875,3404427,32877
2022-08-30,Madera,039,155013,43460,43269,8108,51377,372
2022-08-30,Marin,041,260295,36047,44330,5155,49485,305
2022-08-30,Mariposa,043,17540,3056,3025,339,3364,31
2022-08-30,Mendocino,045,87422,15832,15733,4379,20112,134
2022-08-30,Merced,047,269075,72652,71089,11764,82853,852
2022-08-30,Modoc,049,8938,869,865,314,1179,11
2022-08-30,Mono,051,14174,3190,3181,241,3422,7
2022-08-30,Monterey,053,433212,93429,93046,20587,113633,762
2022-08-30,Napa,055,140530,31949,31725,1378,33103,156
2022-08-30,Nevada,057,99092,18743,18649,1769,20418,132
2022-08-30,Orange,059,3164182,662146,658076,61784,719860,7340
2022-08-30,Placer,061,380077,74953,74612,9495,84107,657
2022-08-30,Plumas,063,18699,3588,3581,429,4010,13
2022-08-30,Riverside,065,2383286,688709,685704,34574,720278,6581
2022-08-30,Sacramento,067,1510023,342518,340949,33959,374908,3230
2022-08-30,San Benito,069,59416,16053,15860,942,16802,103
2022-08-30,San Bernardino,071,2135413,664805,656343,30260,686603,8014
2022-08-30,San Diego,073,3302833,912569,910878,70298,981176,5459
2022-08-30,San Francisco,075,870044,176244,175752,11857,187609,1001
2022-08-30,San Joaquin,077,732212,195532,194437,14570,209007,2298
2022-08-30,San Luis Obispo,079,281455,62634,62312,6961,69273,515
2022-08-30,San Mateo,081,765935,166468,165161,10254,175415,738
2022-08-30,Santa Barbara,083,443738,104449,103894,6729,110623,717
2022-08-30,Santa Clara,085,1922200,429880,424011,18538,442549,2467
2022-08-30,Santa Cruz,087,273765,62158,61812,3362,65174,272
2022-08-30,Shasta,089,179085,34515,34355,7239,41594,590
2022-08-30,Sierra,091,2930,303,302,60,362,5
2022-08-30,Siskiyou,093,43540,5049,5152,3266,8418,89
2022-08-30,Solano,095,438530,103894,103173,7716,110889,461
2022-08-30,Sonoma,097,501317,105538,104964,5169,110133,527
2022-08-30,Stanislaus,099,539301,136397,135801,21338,157139,1722
2022-08-30,Sutter,101,95872,23913,23856,2445,26301,228
2022-08-30,Tehama,103,63373,13473,13370,3018,16388,210
2022-08-30,Trinity,105,12862,1386,1373,372,1745,20
2022-08-30,Tulare,107,460477,120882,120346,35597,155943,1527
2022-08-30,Tuolumne,109,53932,15369,15250,910,16160,196
2022-08-30,Ventura,111,848112,205815,205157,15301,220458,1557
2022-08-30,Yolo,113,214977,46910,46807,4169,50976,334
2022-08-30,Yuba,115,75493,18618,18558,1670,20228,129
2022-08-29,Alameda,001,1643700,342140,340789,19174,359963,1986
2022-08-29,Alpine,002,1148,133,133,1,134,0
2022-08-29,Amador,005,37829,9855,9829,911,10740,89
2022-08-29,Butte,007,227075,38913,38720,8876,47596,452
2022-08-29,Calaveras,009,45235,8418,8404,516,8920,133
2022-08-29,Colusa,011,21464,3752,3744,1259,5003,22
2022-08-29,Contra Costa,013,1133247,247819,244168,20316,264484,1409
2022-08-29,Del Norte,015,27424,7357,7333,390,7723,56
2022-08-29,El Dorado,017,186661,31887,31864,4163,36027,226
2022-08-29,Fresno,019,978130,275408,270456,31000,301456,2829
2022-08-29,Glenn,021,27897,5477,5448,1837,7285,48
2022-08-29,Humboldt,023,135768,21404,21325,4849,26174,154
2022-08-29,Imperial,025,180216,64775,64562,15306,79868,953
2022-08-29,Inyo,027,18085,4453,4444,906,5350,59
2022-08-29,Kern,029,883053,217335,216037,61785,277822,2404
2022-08-29,Kings,031,150075,58740,58629,4040,62669,455
2022-08-29,Lake,033,64148,12625,12563,1142,13705,142
2022-08-29,Lassen,035,31185,9915,9889,978,10867,64
2022-08-29,Los Angeles,037,10098052,3242076,3228552,175600,3404152,32877
2022-08-29,Madera,039,155013,43421,43269,8088,51357,372
2022-08-29,Marin,041,260295,36013,44330,5149,49479,305
2022-08-29,Mariposa,043,17540,3052,3025,338,3363,31
2022-08-29,Mendocino,045,87422,15817,15733,4368,20101,134
2022-08-29,Merced,047,269075,72592,71089,11735,82824,852
2022-08-29,Modoc,049,8938,868,865,313,1178,11
2022-08-29,Mono,051,14174,3189,3181,241,3422,7
2022-08-29,Monterey,053,433212,93391,93046,20557,113603,762
2022-08-29,Napa,055,140530,31929,31725,1378,33103,156
2022-08-29,Nevada,057,99092,18727,18649,1767,20416,132
2022-08-29,Orange,059,3164182,661687,658076,61707,719783,7340
2022-08-29,Placer,061,380077,74915,74612,9483,84095,657
2022-08-29,Plumas,063,18699,3587,3581,429,4010,13
2022-08-29,Riverside,065,2383286,688136,685704,34520,720224,6581
2022-08-29,Sacramento,067,1510023,342240,340949,33902,374851,3230
2022-08-29,San Benito,069,59416,16040,15860,940,16800,103
2022-08-29,San Bernardino,071,2135413,664219,656343,30222,686565,8014
2022-08-29,San Diego,073,3302833,911941,910878,70231,981109,5459
2022-08-29,San Francisco,075,870044,176139,175752,11846,187598,1001
2022-08-29,San Joaquin,077,732212,195388,194437,14540,208977,2298
2022-08-29,San Luis Obispo,079,281455,62601,62312,6948,69260,515
2022-08-29,San Mateo,081,765935,166360,165161,10246,175407,738
2022-08-29,Santa Barbara,083,443738,104354,103894,6718,110612,717
2022-08-29,Santa Clara,085,1922200,429481,424011,18514,442525,2467
2022-08-29,Santa Cruz,087,273765,62091,61812,3355,65167,272
2022-08-29,Shasta,089,179085,34496,34355,7226,41581,590
2022-08-29,Sierra,091,2930,303,302,60,362,5
2022-08-29,Siskiyou,093,43540,5045,5152,3265,8417,89
2022-08-29,Solano,095,438530,103813,103173,7705,110878,461
2022-08-29,Sonoma,097,501317,105458,104964,5163,110127,527
2022-08-29,Stanislaus,099,539301,136277,135801,21303,157104,1722
2022-08-29,Sutter,101,95872,23885,23856,2442,26298,228
2022-08-29,Tehama,103,63373,13464,13370,3017,16387,210
2022-08-29,Trinity,105,12862,1385,1373,372,1745,20
2022-08-29,Tulare,107,460477,120789,120346,35529,155875,1527
2022-08-29,Tuolumne,109,53932,15354,15250,910,16160,196
2022-08-29,Ventura,111,848112,205667,205157,15278,220435,1557
2022-08-29,Yolo,113,214977,46884,46807,4159,50966,334
2022-08-29,Yuba,115,75493,18600,18558,1665,20223,129
2022-08-28,Alameda,001,1643700,341806,339618,19152,358770,1978
2022-08-28,Alpine,002,1148,133,133,1,134,0
2022-08-28,Amador,005,37829,9848,9802,909,10711,89
2022-08-28,Butte,007,227075,38862,38606,8865,47471,452
2022-08-28,Calaveras,009,45235,8410,8368,515,8883,133
2022-08-28,Colusa,011,21464,3749,3736,1255,4991,22
2022-08-28,Contra Costa,013,1133247,247596,243331,20297,263628,1404
2022-08-28,Del Norte,015,27424,7351,7316,389,7705,55
2022-08-28,El Dorado,017,186661,31856,31760,4155,35915,226
2022-08-28,Fresno,019,978130,275160,269680,30944,300624,2829
2022-08-28,Glenn,021,27897,5474,5434,1835,7269,49
2022-08-28,Humboldt,023,135768,21379,21264,4835,26099,154
2022-08-28,Imperial,025,180216,64722,64391,15257,79648,953
2022-08-28,Inyo,027,18085,4452,4443,903,5346,59
2022-08-28,Kern,029,883053,217195,215612,61599,277211,2399
2022-08-28,Kings,031,150075,58683,58443,4029,62472,455
2022-08-28,Lake,033,64148,12613,12524,1138,13662,142
2022-08-28,Lassen,035,31185,9903,9871,978,10849,64
2022-08-28,Los Angeles,037,10098052,3239374,3219328,175246,3394574,32833
2022-08-28,Madera,039,155013,43371,43105,8054,51159,372
2022-08-28,Marin,041,260295,35981,44192,5140,49332,305
2022-08-28,Mariposa,043,17540,3046,3018,337,3355,31
2022-08-28,Mendocino,045,87422,15803,15698,4364,20062,134
2022-08-28,Merced,047,269075,72517,70906,11685,82591,851
2022-08-28,Modoc,049,8938,868,865,313,1178,11
2022-08-28,Mono,051,14174,3188,3181,241,3422,7
2022-08-28,Monterey,053,433212,93325,92844,20528,113372,760
2022-08-28,Napa,055,140530,31899,31668,1377,33045,156
2022-08-28,Nevada,057,99092,18704,18592,1766,20358,132
2022-08-28,Orange,059,3164182,661198,656440,61606,718046,7326
2022-08-28,Placer,061,380077,74869,74391,9471,83862,657
2022-08-28,Plumas,063,18699,3585,3571,429,4000,13
2022-08-28,Riverside,065,2383286,687498,683511,34455,717966,6580
2022-08-28,Sacramento,067,1510023,341912,339846,33830,373676,3222
2022-08-28,San Benito,069,59416,16027,15805,937,16742,103
2022-08-28,San Bernardino,071,2135413,663610,653843,30167,684010,8017
2022-08-28,San Diego,073,3302833,911182,908809,70123,978932,5456
2022-08-28,San Francisco,075,870044,175987,175204,11834,187038,1000
2022-08-28,San Joaquin,077,732212,195153,193880,14510,208390,2296
2022-08-28,San Luis Obispo,079,281455,62552,62105,6929,69034,515
2022-08-28,San Mateo,081,765935,166205,164675,10235,174910,738
2022-08-28,Santa Barbara,083,443738,104220,103496,6699,110195,717
2022-08-28,Santa Clara,085,1922200,429067,422650,18493,441143,2459
2022-08-28,Santa Cruz,087,273765,61990,61594,3341,64935,273
2022-08-28,Shasta,089,179085,34459,34283,7213,41496,590
2022-08-28,Sierra,091,2930,302,300,60,360,5
2022-08-28,Siskiyou,093,43540,5039,5140,3263,8403,89
2022-08-28,Solano,095,438530,103717,102855,7697,110552,460
2022-08-28,Sonoma,097,501317,105375,104646,5152,109798,557
2022-08-28,Stanislaus,099,539301,136124,135310,21276,156586,1722
2022-08-28,Sutter,101,95872,23856,23759,2439,26198,228
2022-08-28,Tehama,103,63373,13444,13340,3015,16355,210
2022-08-28,Trinity,105,12862,1385,1370,370,1740,20
2022-08-28,Tulare,107,460477,120675,119942,35422,155364,1527
2022-08-28,Tuolumne,109,53932,15348,15193,905,16098,196
2022-08-28,Ventura,111,848112,205468,204567,15210,219777,1553
2022-08-28,Yolo,113,214977,46832,46744,4148,50892,334
2022-08-28,Yuba,115,75493,18581,18482,1659,20141,129
2022-08-27,Alameda,001,1643700,341609,339618,19146,358764,1978
2022-08-27,Alpine,002,1148,133,133,1,134,0
2022-08-27,Amador,005,37829,9842,9802,908,10710,89
2022-08-27,Butte,007,227075,38834,38606,8852,47458,452
2022-08-27,Calaveras,009,45235,8405,8368,515,8883,133
2022-08-27,Colusa,011,21464,3747,3736,1250,4986,22
2022-08-27,Contra Costa,013,1133247,247455,243331,20288,263619,1404
2022-08-27,Del Norte,015,27424,7349,7316,389,7705,55
2022-08-27,El Dorado,017,186661,31844,31760,4151,35911,226
2022-08-27,Fresno,019,978130,275037,269680,30928,300608,2829
2022-08-27,Glenn,021,27897,5472,5434,1835,7269,49
2022-08-27,Humboldt,023,135768,21363,21264,4827,26091,154
2022-08-27,Imperial,025,180216,64700,64391,15247,79638,953
2022-08-27,Inyo,027,18085,4451,4443,903,5346,59
2022-08-27,Kern,029,883053,217109,215612,61486,277098,2399
2022-08-27,Kings,031,150075,58653,58443,4026,62469,455
2022-08-27,Lake,033,64148,12608,12524,1134,13658,142
2022-08-27,Lassen,035,31185,9899,9871,978,10849,64
2022-08-27,Los Angeles,037,10098052,3238046,3219328,175034,3394362,32833
2022-08-27,Madera,039,155013,43336,43105,8050,51155,372
2022-08-27,Marin,041,260295,35960,44192,5131,49323,305
2022-08-27,Mariposa,043,17540,3045,3018,336,3354,31
2022-08-27,Mendocino,045,87422,15797,15698,4362,20060,134
2022-08-27,Merced,047,269075,72473,70906,11677,82583,851
2022-08-27,Modoc,049,8938,868,865,313,1178,11
2022-08-27,Mono,051,14174,3187,3181,241,3422,7
2022-08-27,Monterey,053,433212,93293,92844,20513,113357,760
2022-08-27,Napa,055,140530,31884,31668,1375,33043,156
2022-08-27,Nevada,057,99092,18693,18592,1764,20356,132
2022-08-27,Orange,059,3164182,660921,656440,61507,717947,7326
2022-08-27,Placer,061,380077,74832,74391,9467,83858,657
2022-08-27,Plumas,063,18699,3584,3571,429,4000,13
2022-08-27,Riverside,065,2383286,687163,683511,34429,717940,6580
2022-08-27,Sacramento,067,1510023,341774,339846,33816,373662,3222
2022-08-27,San Benito,069,59416,16011,15805,933,16738,103
2022-08-27,San Bernardino,071,2135413,663289,653843,30138,683981,8017
2022-08-27,San Diego,073,3302833,910844,908809,70082,978891,5456
2022-08-27,San Francisco,075,870044,175914,175204,11828,187032,1000
2022-08-27,San Joaquin,077,732212,195094,193880,14489,208369,2296
2022-08-27,San Luis Obispo,079,281455,62537,62105,6922,69027,515
2022-08-27,San Mateo,081,765935,166108,164675,10234,174909,738
2022-08-27,Santa Barbara,083,443738,104157,103496,6688,110184,717
2022-08-27,Santa Clara,085,1922200,428849,422650,18483,441133,2459
2022-08-27,Santa Cruz,087,273765,61977,61594,3340,64934,273
2022-08-27,Shasta,089,179085,34448,34283,7208,41491,590
2022-08-27,Sierra,091,2930,302,300,60,360,5
2022-08-27,Siskiyou,093,43540,5037,5140,3263,8403,89
2022-08-27,Solano,095,438530,103680,102855,7689,110544,460
2022-08-27,Sonoma,097,501317,105333,104646,5149,109795,557
2022-08-27,Stanislaus,099,539301,136045,135310,21255,156565,1722
2022-08-27,Sutter,101,95872,23841,23759,2439,26198,228
2022-08-27,Tehama,103,63373,13438,13340,3014,16354,210
2022-08-27,Trinity,105,12862,1384,1370,368,1738,20
2022-08-27,Tulare,107,460477,120615,119942,35373,155315,1527
2022-08-27,Tuolumne,109,53932,15341,15193,904,16097,196
2022-08-27,Ventura,111,848112,205383,204567,15197,219764,1553
2022-08-27,Yolo,113,214977,46812,46744,4144,50888,334
2022-08-27,Yuba,115,75493,18569,18482,1658,20140,129
2022-08-26,Alameda,001,1643700,341435,339618,19143,358761,1978
2022-08-26,Alpine,002,1148,133,133,1,134,0
2022-08-26,Amador,005,37829,9839,9802,906,10708,89
2022-08-26,Butte,007,227075,38820,38606,8840,47446,452
2022-08-26,Calaveras,009,45235,8400,8368,515,8883,133
2022-08-26,Colusa,011,21464,3746,3736,1250,4986,22
2022-08-26,Contra Costa,013,1133247,247298,243331,20281,263612,1404
2022-08-26,Del Norte,015,27424,7347,7316,389,7705,55
2022-08-26,El Dorado,017,186661,31824,31760,4150,35910,226
2022-08-26,Fresno,019,978130,274881,269680,30891,300571,2829
2022-08-26,Glenn,021,27897,5469,5434,1833,7267,49
2022-08-26,Humboldt,023,135768,21356,21264,4825,26089,154
2022-08-26,Imperial,025,180216,64677,64391,15234,79625,953
2022-08-26,Inyo,027,18085,4450,4443,896,5339,59
2022-08-26,Kern,029,883053,217017,215612,61385,276997,2399
2022-08-26,Kings,031,150075,58639,58443,4024,62467,455
2022-08-26,Lake,033,64148,12600,12524,1133,13657,142
2022-08-26,Lassen,035,31185,9897,9871,978,10849,64
2022-08-26,Los Angeles,037,10098052,3236633,3219328,174821,3394149,32833
2022-08-26,Madera,039,155013,43306,43105,8044,51149,372
2022-08-26,Marin,041,260295,35928,44192,5129,49321,305
2022-08-26,Mariposa,043,17540,3040,3018,332,3350,31
2022-08-26,Mendocino,045,87422,15791,15698,4360,20058,134
2022-08-26,Merced,047,269075,72433,70906,11668,82574,851
2022-08-26,Modoc,049,8938,867,865,313,1178,11
2022-08-26,Mono,051,14174,3187,3181,241,3422,7
2022-08-26,Monterey,053,433212,93252,92844,20498,113342,760
2022-08-26,Napa,055,140530,31870,31668,1375,33043,156
2022-08-26,Nevada,057,99092,18681,18592,1762,20354,132
2022-08-26,Orange,059,3164182,660655,656440,61446,717886,7326
2022-08-26,Placer,061,380077,74798,74391,9456,83847,657
2022-08-26,Plumas,063,18699,3583,3571,429,4000,13
2022-08-26,Riverside,065,2383286,686808,683511,34397,717908,6580
2022-08-26,Sacramento,067,1510023,341585,339846,33798,373644,3222
2022-08-26,San Benito,069,59416,16000,15805,933,16738,103
2022-08-26,San Bernardino,071,2135413,662959,653843,30117,683960,8017
2022-08-26,San Diego,073,3302833,910422,908809,70059,978868,5456
2022-08-26,San Francisco,075,870044,175830,175204,11823,187027,1000
2022-08-26,San Joaquin,077,732212,195020,193880,14472,208352,2296
2022-08-26,San Luis Obispo,079,281455,62515,62105,6918,69023,515
2022-08-26,San Mateo,081,765935,166014,164675,10229,174904,738
2022-08-26,Santa Barbara,083,443738,104105,103496,6682,110178,717
2022-08-26,Santa Clara,085,1922200,428628,422650,18473,441123,2459
2022-08-26,Santa Cruz,087,273765,61930,61594,3336,64930,273
2022-08-26,Shasta,089,179085,34436,34283,7204,41487,590
2022-08-26,Sierra,091,2930,302,300,60,360,5
2022-08-26,Siskiyou,093,43540,5034,5140,3263,8403,89
2022-08-26,Solano,095,438530,103622,102855,7678,110533,460
2022-08-26,Sonoma,097,501317,105288,104646,5149,109795,557
2022-08-26,Stanislaus,099,539301,135968,135310,21246,156556,1722
2022-08-26,Sutter,101,95872,23822,23759,2438,26197,228
2022-08-26,Tehama,103,63373,13427,13340,3012,16352,210
2022-08-26,Trinity,105,12862,1384,1370,368,1738,20
2022-08-26,Tulare,107,460477,120553,119942,35325,155267,1527
2022-08-26,Tuolumne,109,53932,15329,15193,904,16097,196
2022-08-26,Ventura,111,848112,205303,204567,15182,219749,1553
2022-08-26,Yolo,113,214977,46800,46744,4140,50884,334
2022-08-26,Yuba,115,75493,18556,18482,1658,20140,129
2022-08-25,Alameda,001,1643700,341140,339618,19116,358734,1978
2022-08-25,Alpine,002,1148,133,133,1,134,0
2022-08-25,Amador,005,37829,9832,9802,906,10708,89
2022-08-25,Butte,007,227075,38796,38606,8831,47437,452
2022-08-25,Calaveras,009,45235,8394,8368,515,8883,133
2022-08-25,Colusa,011,21464,3746,3736,1248,4984,22
2022-08-25,Contra Costa,013,1133247,247094,243331,20260,263591,1404
2022-08-25,Del Norte,015,27424,7338,7316,389,7705,55
2022-08-25,El Dorado,017,186661,31803,31760,4145,35905,226
2022-08-25,Fresno,019,978130,274680,269680,30840,300520,2829
2022-08-25,Glenn,021,27897,5464,5434,1832,7266,49
2022-08-25,Humboldt,023,135768,21335,21264,4815,26079,154
2022-08-25,Imperial,025,180216,64635,64391,15206,79597,953
2022-08-25,Inyo,027,18085,4450,4443,889,5332,59
2022-08-25,Kern,029,883053,216872,215612,61278,276890,2399
2022-08-25,Kings,031,150075,58583,58443,4016,62459,455
2022-08-25,Lake,033,64148,12586,12524,1131,13655,142
2022-08-25,Lassen,035,31185,9896,9871,977,10848,64
2022-08-25,Los Angeles,037,10098052,3234473,3219328,174528,3393856,32833
2022-08-25,Madera,039,155013,43259,43105,8030,51135,372
2022-08-25,Marin,041,260295,35900,44192,5121,49313,305
2022-08-25,Mariposa,043,17540,3038,3018,332,3350,31
2022-08-25,Mendocino,045,87422,15782,15698,4359,20057,134
2022-08-25,Merced,047,269075,72386,70906,11636,82542,851
2022-08-25,Modoc,049,8938,867,865,313,1178,11
2022-08-25,Mono,051,14174,3187,3181,241,3422,7
2022-08-25,Monterey,053,433212,93200,92844,20477,113321,760
2022-08-25,Napa,055,140530,31852,31668,1375,33043,156
2022-08-25,Nevada,057,99092,18659,18592,1757,20349,132
2022-08-25,Orange,059,3164182,660227,656440,61361,717801,7326
2022-08-25,Placer,061,380077,74748,74391,9449,83840,657
2022-08-25,Plumas,063,18699,3581,3571,429,4000,13
2022-08-25,Riverside,065,2383286,686284,683511,34350,717861,6580
2022-08-25,Sacramento,067,1510023,341307,339846,33753,373599,3222
2022-08-25,San Benito,069,59416,15987,15805,932,16737,103
2022-08-25,San Bernardino,071,2135413,662423,653843,30086,683929,8017
2022-08-25,San Diego,073,3302833,909876,908809,69980,978789,5456
2022-08-25,San Francisco,075,870044,175717,175204,11818,187022,1000
2022-08-25,San Joaquin,077,732212,194873,193880,14447,208327,2296
2022-08-25,San Luis Obispo,079,281455,62415,62105,6908,69013,515
2022-08-25,San Mateo,081,765935,165883,164675,10222,174897,738
2022-08-25,Santa Barbara,083,443738,104010,103496,6667,110163,717
2022-08-25,Santa Clara,085,1922200,428307,422650,18455,441105,2459
2022-08-25,Santa Cruz,087,273765,61870,61594,3332,64926,273
2022-08-25,Shasta,089,179085,34417,34283,7192,41475,590
2022-08-25,Sierra,091,2930,302,300,60,360,5
2022-08-25,Siskiyou,093,43540,5029,5140,3258,8398,89
2022-08-25,Solano,095,438530,103536,102855,7668,110523,460
2022-08-25,Sonoma,097,501317,105212,104646,5142,109788,557
2022-08-25,Stanislaus,099,539301,135842,135310,21223,156533,1722
2022-08-25,Sutter,101,95872,23799,23759,2436,26195,228
2022-08-25,Tehama,103,63373,13419,13340,3005,16345,210
2022-08-25,Trinity,105,12862,1384,1370,367,1737,20
2022-08-25,Tulare,107,460477,120457,119942,35255,155197,1527
2022-08-25,Tuolumne,109,53932,15311,15193,903,16096,196
2022-08-25,Ventura,111,848112,205149,204567,15133,219700,1553
2022-08-25,Yolo,113,214977,46773,46744,4131,50875,334
2022-08-25,Yuba,115,75493,18537,18482,1655,20137,129
2022-08-24,Alameda,001,1643700,340827,338591,19092,357683,1976
2022-08-24,Alpine,002,1148,133,131,1,132,0
2022-08-24,Amador,005,37829,9825,9786,903,10689,89
2022-08-24,Butte,007,227075,38758,38458,8815,47273,449
2022-08-24,Calaveras,009,45235,8379,8334,514,8848,132
2022-08-24,Colusa,011,21464,3746,3722,1245,4967,22
2022-08-24,Contra Costa,013,1133247,246906,242633,20234,262867,1399
2022-08-24,Del Norte,015,27424,7334,7308,387,7695,55
2022-08-24,El Dorado,017,186661,31788,31682,4140,35822,225
2022-08-24,Fresno,019,978130,274484,269025,30783,299808,2822
2022-08-24,Glenn,021,27897,5462,5423,1832,7255,48
2022-08-24,Humboldt,023,135768,21314,21195,4804,25999,153
2022-08-24,Imperial,025,180216,64598,64271,15189,79460,951
2022-08-24,Inyo,027,18085,4449,4440,888,5328,59
2022-08-24,Kern,029,883053,216721,215225,61155,276380,2399
2022-08-24,Kings,031,150075,58529,58324,4012,62336,454
2022-08-24,Lake,033,64148,12576,12476,1130,13606,142
2022-08-24,Lassen,035,31185,9893,9867,974,10841,64
2022-08-24,Los Angeles,037,10098052,3232110,3211321,174217,3385538,32783
2022-08-24,Madera,039,155013,43218,42984,8005,50989,372
2022-08-24,Marin,041,260295,35863,44082,5113,49195,305
2022-08-24,Mariposa,043,17540,3038,3010,332,3342,31
2022-08-24,Mendocino,045,87422,15770,15623,4349,19972,134
2022-08-24,Merced,047,269075,72336,70665,11603,82268,849
2022-08-24,Modoc,049,8938,867,864,312,1176,11
2022-08-24,Mono,051,14174,3187,3181,241,3422,7
2022-08-24,Monterey,053,433212,93139,92590,20437,113027,760
2022-08-24,Napa,055,140530,31842,31602,1373,32975,156
2022-08-24,Nevada,057,99092,18643,18565,1754,20319,132
2022-08-24,Orange,059,3164182,659767,654893,61269,716162,7312
2022-08-24,Placer,061,380077,74687,74226,9444,83670,657
2022-08-24,Plumas,063,18699,3577,3555,429,3984,13
2022-08-24,Riverside,065,2383286,685745,681805,34297,716102,6573
2022-08-24,Sacramento,067,1510023,341028,339009,33706,372715,3208
2022-08-24,San Benito,069,59416,15965,15745,929,16674,103
2022-08-24,San Bernardino,071,2135413,661906,651496,30048,681544,8018
2022-08-24,San Diego,073,3302833,909312,906885,69911,976796,5453
2022-08-24,San Francisco,075,870044,175574,174731,11813,186544,974
2022-08-24,San Joaquin,077,732212,194717,193370,14421,207791,2288
2022-08-24,San Luis Obispo,079,281455,62376,61962,6895,68857,515
2022-08-24,San Mateo,081,765935,165764,164307,10216,174523,738
2022-08-24,Santa Barbara,083,443738,103933,103237,6651,109888,716
2022-08-24,Santa Clara,085,1922200,427950,421483,18443,439926,2454
2022-08-24,Santa Cruz,087,273765,61843,61387,3326,64713,270
2022-08-24,Shasta,089,179085,34403,34180,7178,41358,589
2022-08-24,Sierra,091,2930,302,301,60,361,5
2022-08-24,Siskiyou,093,43540,5025,5133,3257,8390,88
2022-08-24,Solano,095,438530,103449,102631,7657,110288,459
2022-08-24,Sonoma,097,501317,105135,104444,5141,109585,520
2022-08-24,Stanislaus,099,539301,135713,134894,21197,156091,1720
2022-08-24,Sutter,101,95872,23767,23673,2435,26108,228
2022-08-24,Tehama,103,63373,13414,13312,3001,16313,209
2022-08-24,Trinity,105,12862,1383,1369,367,1736,20
2022-08-24,Tulare,107,460477,120349,119644,35155,154799,1525
2022-08-24,Tuolumne,109,53932,15301,15140,903,16043,196
2022-08-24,Ventura,111,848112,204983,204064,15093,219157,1551
2022-08-24,Yolo,113,214977,46743,46665,4122,50787,333
2022-08-24,Yuba,115,75493,18513,18425,1649,20074,129
2022-08-23,Alameda,001,1643700,340506,338591,19067,357658,1976
2022-08-23,Alpine,002,1148,133,131,1,132,0
2022-08-23,Amador,005,37829,9814,9786,902,10688,89
2022-08-23,Butte,007,227075,38726,38458,8795,47253,449
2022-08-23,Calaveras,009,45235,8370,8334,510,8844,132
2022-08-23,Colusa,011,21464,3743,3722,1241,4963,22
2022-08-23,Contra Costa,013,1133247,246707,242633,20204,262837,1399
2022-08-23,Del Norte,015,27424,7330,7308,387,7695,55
2022-08-23,El Dorado,017,186661,31768,31682,4137,35819,225
2022-08-23,Fresno,019,978130,274230,269025,30720,299745,2822
2022-08-23,Glenn,021,27897,5456,5423,1831,7254,48
2022-08-23,Humboldt,023,135768,21301,21195,4792,25987,153
2022-08-23,Imperial,025,180216,64555,64271,15170,79441,951
2022-08-23,Inyo,027,18085,4447,4440,881,5321,59
2022-08-23,Kern,029,883053,216586,215225,60984,276209,2399
2022-08-23,Kings,031,150075,58478,58324,4007,62331,454
2022-08-23,Lake,033,64148,12556,12476,1129,13605,142
2022-08-23,Lassen,035,31185,9889,9867,974,10841,64
2022-08-23,Los Angeles,037,10098052,3229441,3211321,173895,3385216,32783
2022-08-23,Madera,039,155013,43173,42984,7981,50965,372
2022-08-23,Marin,041,260295,35831,44082,5110,49192,305
2022-08-23,Mariposa,043,17540,3034,3010,328,3338,31
2022-08-23,Mendocino,045,87422,15752,15623,4341,19964,134
2022-08-23,Merced,047,269075,72275,70665,11550,82215,849
2022-08-23,Modoc,049,8938,867,864,312,1176,11
2022-08-23,Mono,051,14174,3187,3181,241,3422,7
2022-08-23,Monterey,053,433212,93071,92590,20393,112983,760
2022-08-23,Napa,055,140530,31824,31602,1373,32975,156
2022-08-23,Nevada,057,99092,18629,18565,1746,20311,132
2022-08-23,Orange,059,3164182,659231,654893,61160,716053,7312
2022-08-23,Placer,061,380077,74622,74226,9430,83656,657
2022-08-23,Plumas,063,18699,3571,3555,429,3984,13
2022-08-23,Riverside,065,2383286,685129,681805,34232,716037,6573
2022-08-23,Sacramento,067,1510023,340700,339009,33655,372664,3208
2022-08-23,San Benito,069,59416,15942,15745,925,16670,103
2022-08-23,San Bernardino,071,2135413,661282,651496,29998,681494,8018
2022-08-23,San Diego,073,3302833,908695,906885,69834,976719,5453
2022-08-23,San Francisco,075,870044,175418,174731,11803,186534,974
2022-08-23,San Joaquin,077,732212,194562,193370,14378,207748,2288
2022-08-23,San Luis Obispo,079,281455,62328,61962,6884,68846,515
2022-08-23,San Mateo,081,765935,165635,164307,10213,174520,738
2022-08-23,Santa Barbara,083,443738,103838,103237,6636,109873,716
2022-08-23,Santa Clara,085,1922200,427561,421483,18431,439914,2454
2022-08-23,Santa Cruz,087,273765,61790,61387,3323,64710,270
2022-08-23,Shasta,089,179085,34380,34180,7172,41352,589
2022-08-23,Sierra,091,2930,302,301,60,361,5
2022-08-23,Siskiyou,093,43540,5025,5133,3255,8388,88
2022-08-23,Solano,095,438530,103354,102631,7651,110282,459
2022-08-23,Sonoma,097,501317,105054,104444,5130,109574,520
2022-08-23,Stanislaus,099,539301,135593,134894,21153,156047,1720
2022-08-23,Sutter,101,95872,23748,23673,2430,26103,228
2022-08-23,Tehama,103,63373,13403,13312,2999,16311,209
2022-08-23,Trinity,105,12862,1381,1369,367,1736,20
2022-08-23,Tulare,107,460477,120237,119644,35053,154697,1525
2022-08-23,Tuolumne,109,53932,15286,15140,902,16042,196
2022-08-23,Ventura,111,848112,204808,204064,15057,219121,1551
2022-08-23,Yolo,113,214977,46717,46665,4120,50785,333
2022-08-23,Yuba,115,75493,18492,18425,1645,20070,129
2022-08-22,Alameda,001,1643700,340135,338591,19041,357632,1976
2022-08-22,Alpine,002,1148,133,131,1,132,0
2022-08-22,Amador,005,37829,9809,9786,901,10687,89
2022-08-22,Butte,007,227075,38677,38458,8778,47236,449
2022-08-22,Calaveras,009,45235,8359,8334,508,8842,132
2022-08-22,Colusa,011,21464,3741,3722,1237,4959,22
2022-08-22,Contra Costa,013,1133247,246459,242633,20166,262799,1399
2022-08-22,Del Norte,015,27424,7329,7308,387,7695,55
2022-08-22,El Dorado,017,186661,31744,31682,4133,35815,225
2022-08-22,Fresno,019,978130,273989,269025,30635,299660,2822
2022-08-22,Glenn,021,27897,5455,5423,1829,7252,48
2022-08-22,Humboldt,023,135768,21280,21195,4777,25972,153
2022-08-22,Imperial,025,180216,64481,64271,15129,79400,951
2022-08-22,Inyo,027,18085,4445,4440,881,5321,59
2022-08-22,Kern,029,883053,216429,215225,60792,276017,2399
2022-08-22,Kings,031,150075,58426,58324,3999,62323,454
2022-08-22,Lake,033,64148,12532,12476,1126,13602,142
2022-08-22,Lassen,035,31185,9887,9867,974,10841,64
2022-08-22,Los Angeles,037,10098052,3226505,3211321,173550,3384871,32783
2022-08-22,Madera,039,155013,43119,42984,7956,50940,372
2022-08-22,Marin,041,260295,35798,44082,5102,49184,305
2022-08-22,Mariposa,043,17540,3027,3010,327,3337,31
2022-08-22,Mendocino,045,87422,15730,15623,4324,19947,134
2022-08-22,Merced,047,269075,72199,70665,11508,82173,849
2022-08-22,Modoc,049,8938,867,864,312,1176,11
2022-08-22,Mono,051,14174,3187,3181,241,3422,7
2022-08-22,Monterey,053,433212,92996,92590,20343,112933,760
2022-08-22,Napa,055,140530,31798,31602,1370,32972,156
2022-08-22,Nevada,057,99092,18611,18565,1740,20305,132
2022-08-22,Orange,059,3164182,658623,654893,61042,715935,7312
2022-08-22,Placer,061,380077,74545,74226,9423,83649,657
2022-08-22,Plumas,063,18699,3570,3555,429,3984,13
2022-08-22,Riverside,065,2383286,684459,681805,34167,715972,6573
2022-08-22,Sacramento,067,1510023,340359,339009,33571,372580,3208
2022-08-22,San Benito,069,59416,15920,15745,924,16669,103
2022-08-22,San Bernardino,071,2135413,660538,651496,29936,681432,8018
2022-08-22,San Diego,073,3302833,908009,906885,69713,976598,5453
2022-08-22,San Francisco,075,870044,175267,174731,11789,186520,974
2022-08-22,San Joaquin,077,732212,194383,193370,14338,207708,2288
2022-08-22,San Luis Obispo,079,281455,62275,61962,6871,68833,515
2022-08-22,San Mateo,081,765935,165488,164307,10202,174509,738
2022-08-22,Santa Barbara,083,443738,103716,103237,6618,109855,716
2022-08-22,Santa Clara,085,1922200,427124,421483,18409,439892,2454
2022-08-22,Santa Cruz,087,273765,61707,61387,3319,64706,270
2022-08-22,Shasta,089,179085,34363,34180,7162,41342,589
2022-08-22,Sierra,091,2930,302,301,60,361,5
2022-08-22,Siskiyou,093,43540,5021,5133,3253,8386,88
2022-08-22,Solano,095,438530,103264,102631,7638,110269,459
2022-08-22,Sonoma,097,501317,104971,104444,5117,109561,520
2022-08-22,Stanislaus,099,539301,135427,134894,21117,156011,1720
2022-08-22,Sutter,101,95872,23713,23673,2430,26103,228
2022-08-22,Tehama,103,63373,13397,13312,2996,16308,209
2022-08-22,Trinity,105,12862,1376,1369,365,1734,20
2022-08-22,Tulare,107,460477,120107,119644,34952,154596,1525
2022-08-22,Tuolumne,109,53932,15263,15140,902,16042,196
2022-08-22,Ventura,111,848112,204646,204064,14983,219047,1551
2022-08-22,Yolo,113,214977,46679,46665,4110,50775,333
2022-08-22,Yuba,115,75493,18465,18425,1641,20066,129
2022-08-21,Alameda,001,1643700,339703,337238,19013,356251,1970
2022-08-21,Alpine,002,1148,132,131,1,132,0
2022-08-21,Amador,005,37829,9802,9761,896,10657,89
2022-08-21,Butte,007,227075,38631,38316,8760,47076,449
2022-08-21,Calaveras,009,45235,8346,8313,506,8819,132
2022-08-21,Colusa,011,21464,3735,3718,1231,4949,22
2022-08-21,Contra Costa,013,1133247,246170,241665,20135,261800,1399
2022-08-21,Del Norte,015,27424,7322,7290,386,7676,55
2022-08-21,El Dorado,017,186661,31711,31600,4128,35728,225
2022-08-21,Fresno,019,978130,273713,268147,30545,298692,2822
2022-08-21,Glenn,021,27897,5451,5413,1828,7241,48
2022-08-21,Humboldt,023,135768,21256,21104,4759,25863,153
2022-08-21,Imperial,025,180216,64420,64092,15089,79181,951
2022-08-21,Inyo,027,18085,4445,4435,877,5312,59
2022-08-21,Kern,029,883053,216235,214656,60597,275253,2389
2022-08-21,Kings,031,150075,58355,58109,3988,62097,454
2022-08-21,Lake,033,64148,12508,12426,1124,13550,142
2022-08-21,Lassen,035,31185,9880,9843,974,10817,64
2022-08-21,Los Angeles,037,10098052,3223241,3200023,173150,3373173,32746
2022-08-21,Madera,039,155013,43069,42822,7918,50740,372
2022-08-21,Marin,041,260295,35749,43966,5083,49049,305
2022-08-21,Mariposa,043,17540,3025,3003,327,3330,31
2022-08-21,Mendocino,045,87422,15700,15578,4301,19879,134
2022-08-21,Merced,047,269075,72107,70449,11434,81883,846
2022-08-21,Modoc,049,8938,866,862,312,1174,11
2022-08-21,Mono,051,14174,3187,3177,239,3416,7
2022-08-21,Monterey,053,433212,92892,92287,20288,112575,760
2022-08-21,Napa,055,140530,31776,31534,1369,32903,156
2022-08-21,Nevada,057,99092,18599,18497,1736,20233,132
2022-08-21,Orange,059,3164182,657947,652703,60911,713614,7280
2022-08-21,Placer,061,380077,74483,74027,9419,83446,657
2022-08-21,Plumas,063,18699,3563,3550,429,3979,13
2022-08-21,Riverside,065,2383286,683618,679298,34088,713386,6574
2022-08-21,Sacramento,067,1510023,339989,337745,33500,371245,3208
2022-08-21,San Benito,069,59416,15897,15698,921,16619,103
2022-08-21,San Bernardino,071,2135413,659672,648583,29881,678464,8014
2022-08-21,San Diego,073,3302833,907154,904015,69632,973647,5448
2022-08-21,San Francisco,075,870044,175064,174151,11772,185923,973
2022-08-21,San Joaquin,077,732212,194136,192738,14298,207036,2288
2022-08-21,San Luis Obispo,079,281455,62223,61764,6846,68610,516
2022-08-21,San Mateo,081,765935,165328,163705,10197,173902,738
2022-08-21,Santa Barbara,083,443738,103586,102795,6593,109388,713
2022-08-21,Santa Clara,085,1922200,426582,419723,18381,438104,2437
2022-08-21,Santa Cruz,087,273765,61592,61098,3314,64412,269
2022-08-21,Shasta,089,179085,34323,34105,7147,41252,588
2022-08-21,Sierra,091,2930,302,298,60,358,4
2022-08-21,Siskiyou,093,43540,5020,5119,3246,8365,88
2022-08-21,Solano,095,438530,103179,102355,7627,109982,457
2022-08-21,Sonoma,097,501317,104864,104090,5104,109194,511
2022-08-21,Stanislaus,099,539301,135260,134407,21047,155454,1719
2022-08-21,Sutter,101,95872,23680,23587,2423,26010,228
2022-08-21,Tehama,103,63373,13385,13289,2992,16281,209
2022-08-21,Trinity,105,12862,1374,1366,364,1730,20
2022-08-21,Tulare,107,460477,119978,119251,34801,154052,1521
2022-08-21,Tuolumne,109,53932,15246,15085,900,15985,196
2022-08-21,Ventura,111,848112,204412,203318,14914,218232,1547
2022-08-21,Yolo,113,214977,46639,46567,4105,50672,333
2022-08-21,Yuba,115,75493,18442,18363,1634,19997,129
2022-08-20,Alameda,001,1643700,339486,337238,18998,356236,1970
2022-08-20,Alpine,002,1148,132,131,1,132,0
2022-08-20,Amador,005,37829,9799,9761,896,10657,89
2022-08-20,Butte,007,227075,38602,38316,8756,47072,449
2022-08-20,Calaveras,009,45235,8343,8313,505,8818,132
2022-08-20,Colusa,011,21464,3731,3718,1225,4943,22
2022-08-20,Contra Costa,013,1133247,246029,241665,20126,261791,1399
2022-08-20,Del Norte,015,27424,7321,7290,386,7676,55
2022-08-20,El Dorado,017,186661,31691,31600,4126,35726,225
2022-08-20,Fresno,019,978130,273567,268147,30521,298668,2822
2022-08-20,Glenn,021,27897,5448,5413,1828,7241,48
2022-08-20,Humboldt,023,135768,21237,21104,4747,25851,153
2022-08-20,Imperial,025,180216,64383,64092,15070,79162,951
2022-08-20,Inyo,027,18085,4445,4435,877,5312,59
2022-08-20,Kern,029,883053,216142,214656,60470,275126,2389
2022-08-20,Kings,031,150075,58328,58109,3983,62092,454
2022-08-20,Lake,033,64148,12498,12426,1120,13546,142
2022-08-20,Lassen,035,31185,9877,9843,974,10817,64
2022-08-20,Los Angeles,037,10098052,3221650,3200023,172927,3372950,32746
2022-08-20,Madera,039,155013,43045,42822,7912,50734,372
2022-08-20,Marin,041,260295,35731,43966,5081,49047,305
2022-08-20,Mariposa,043,17540,3025,3003,327,3330,31
2022-08-20,Mendocino,045,87422,15684,15578,4300,19878,134
2022-08-20,Merced,047,269075,72083,70449,11426,81875,846
2022-08-20,Modoc,049,8938,866,862,312,1174,11
2022-08-20,Mono,051,14174,3187,3177,237,3414,7
2022-08-20,Monterey,053,433212,92846,92287,20260,112547,760
2022-08-20,Napa,055,140530,31768,31534,1369,32903,156
2022-08-20,Nevada,057,99092,18596,18497,1734,20231,132
2022-08-20,Orange,059,3164182,657615,652703,60830,713533,7280
2022-08-20,Placer,061,380077,74434,74027,9415,83442,657
2022-08-20,Plumas,063,18699,3563,3550,429,3979,13
2022-08-20,Riverside,065,2383286,683189,679298,34061,713359,6574
2022-08-20,Sacramento,067,1510023,339824,337745,33477,371222,3208
2022-08-20,San Benito,069,59416,15878,15698,918,16616,103
2022-08-20,San Bernardino,071,2135413,659235,648583,29852,678435,8014
2022-08-20,San Diego,073,3302833,906773,904015,69606,973621,5448
2022-08-20,San Francisco,075,870044,174940,174151,11771,185922,973
2022-08-20,San Joaquin,077,732212,194036,192738,14271,207009,2288
2022-08-20,San Luis Obispo,079,281455,62205,61764,6838,68602,516
2022-08-20,San Mateo,081,765935,165227,163705,10194,173899,738
2022-08-20,Santa Barbara,083,443738,103515,102795,6586,109381,713
2022-08-20,Santa Clara,085,1922200,426306,419723,18369,438092,2437
2022-08-20,Santa Cruz,087,273765,61562,61098,3310,64408,269
2022-08-20,Shasta,089,179085,34297,34105,7145,41250,588
2022-08-20,Sierra,091,2930,302,298,60,358,4
2022-08-20,Siskiyou,093,43540,5015,5119,3245,8364,88
2022-08-20,Solano,095,438530,103133,102355,7619,109974,457
2022-08-20,Sonoma,097,501317,104810,104090,5101,109191,511
2022-08-20,Stanislaus,099,539301,135168,134407,21032,155439,1719
2022-08-20,Sutter,101,95872,23652,23587,2423,26010,228
2022-08-20,Tehama,103,63373,13377,13289,2992,16281,209
2022-08-20,Trinity,105,12862,1374,1366,364,1730,20
2022-08-20,Tulare,107,460477,119897,119251,34752,154003,1521
2022-08-20,Tuolumne,109,53932,15237,15085,898,15983,196
2022-08-20,Ventura,111,848112,204303,203318,14898,218216,1547
2022-08-20,Yolo,113,214977,46611,46567,4097,50664,333
2022-08-20,Yuba,115,75493,18435,18363,1633,19996,129
2022-08-19,Alameda,001,1643700,339271,337238,18974,356212,1970
2022-08-19,Alpine,002,1148,132,131,1,132,0
2022-08-19,Amador,005,37829,9798,9761,896,10657,89
2022-08-19,Butte,007,227075,38581,38316,8745,47061,449
2022-08-19,Calaveras,009,45235,8338,8313,505,8818,132
2022-08-19,Colusa,011,21464,3730,3718,1224,4942,22
2022-08-19,Contra Costa,013,1133247,245887,241665,20115,261780,1399
2022-08-19,Del Norte,015,27424,7316,7290,386,7676,55
2022-08-19,El Dorado,017,186661,31679,31600,4122,35722,225
2022-08-19,Fresno,019,978130,273403,268147,30497,298644,2822
2022-08-19,Glenn,021,27897,5447,5413,1828,7241,48
2022-08-19,Humboldt,023,135768,21227,21104,4737,25841,153
2022-08-19,Imperial,025,180216,64355,64092,15055,79147,951
2022-08-19,Inyo,027,18085,4445,4435,873,5308,59
2022-08-19,Kern,029,883053,216049,214656,60373,275029,2389
2022-08-19,Kings,031,150075,58286,58109,3976,62085,454
2022-08-19,Lake,033,64148,12485,12426,1118,13544,142
2022-08-19,Lassen,035,31185,9874,9843,974,10817,64
2022-08-19,Los Angeles,037,10098052,3219820,3200023,172710,3372733,32746
2022-08-19,Madera,039,155013,43023,42822,7908,50730,372
2022-08-19,Marin,041,260295,35696,43966,5075,49041,305
2022-08-19,Mariposa,043,17540,3023,3003,327,3330,31
2022-08-19,Mendocino,045,87422,15671,15578,4292,19870,134
2022-08-19,Merced,047,269075,72043,70449,11421,81870,846
2022-08-19,Modoc,049,8938,866,862,312,1174,11
2022-08-19,Mono,051,14174,3187,3177,237,3414,7
2022-08-19,Monterey,053,433212,92793,92287,20230,112517,760
2022-08-19,Napa,055,140530,31750,31534,1367,32901,156
2022-08-19,Nevada,057,99092,18591,18497,1733,20230,132
2022-08-19,Orange,059,3164182,657239,652703,60746,713449,7280
2022-08-19,Placer,061,380077,74398,74027,9407,83434,657
2022-08-19,Plumas,063,18699,3562,3550,429,3979,13
2022-08-19,Riverside,065,2383286,682769,679298,34031,713329,6574
2022-08-19,Sacramento,067,1510023,339634,337745,33450,371195,3208
2022-08-19,San Benito,069,59416,15875,15698,916,16614,103
2022-08-19,San Bernardino,071,2135413,658773,648583,29841,678424,8014
2022-08-19,San Diego,073,3302833,906275,904015,69555,973570,5448
2022-08-19,San Francisco,075,870044,174802,174151,11754,185905,973
2022-08-19,San Joaquin,077,732212,193933,192738,14248,206986,2288
2022-08-19,San Luis Obispo,079,281455,62190,61764,6836,68600,516
2022-08-19,San Mateo,081,765935,165109,163705,10189,173894,738
2022-08-19,Santa Barbara,083,443738,103435,102795,6582,109377,713
2022-08-19,Santa Clara,085,1922200,425989,419723,18355,438078,2437
2022-08-19,Santa Cruz,087,273765,61499,61098,3305,64403,269
2022-08-19,Shasta,089,179085,34280,34105,7145,41250,588
2022-08-19,Sierra,091,2930,302,298,60,358,4
2022-08-19,Siskiyou,093,43540,5008,5119,3245,8364,88
2022-08-19,Solano,095,438530,103073,102355,7612,109967,457
2022-08-19,Sonoma,097,501317,104750,104090,5098,109188,511
2022-08-19,Stanislaus,099,539301,135085,134407,21015,155422,1719
2022-08-19,Sutter,101,95872,23635,23587,2422,26009,228
2022-08-19,Tehama,103,63373,13367,13289,2986,16275,209
2022-08-19,Trinity,105,12862,1373,1366,364,1730,20
2022-08-19,Tulare,107,460477,119810,119251,34700,153951,1521
2022-08-19,Tuolumne,109,53932,15230,15085,897,15982,196
2022-08-19,Ventura,111,848112,204176,203318,14878,218196,1547
2022-08-19,Yolo,113,214977,46588,46567,4094,50661,333
2022-08-19,Yuba,115,75493,18420,18363,1633,19996,129
2022-08-18,Alameda,001,1643700,338972,337238,18945,356183,1970
2022-08-18,Alpine,002,1148,131,131,1,132,0
2022-08-18,Amador,005,37829,9793,9761,895,10656,89
2022-08-18,Butte,007,227075,38551,38316,8731,47047,449
2022-08-18,Calaveras,009,45235,8333,8313,505,8818,132
2022-08-18,Colusa,011,21464,3730,3718,1220,4938,22
2022-08-18,Contra Costa,013,1133247,245674,241665,20086,261751,1399
2022-08-18,Del Norte,015,27424,7311,7290,385,7675,55
2022-08-18,El Dorado,017,186661,31664,31600,4119,35719,225
2022-08-18,Fresno,019,978130,273179,268147,30440,298587,2822
2022-08-18,Glenn,021,27897,5442,5413,1827,7240,48
2022-08-18,Humboldt,023,135768,21202,21104,4710,25814,153
2022-08-18,Imperial,025,180216,64330,64092,15014,79106,951
2022-08-18,Inyo,027,18085,4444,4435,868,5303,59
2022-08-18,Kern,029,883053,215900,214656,60238,274894,2389
2022-08-18,Kings,031,150075,58241,58109,3965,62074,454
2022-08-18,Lake,033,64148,12471,12426,1117,13543,142
2022-08-18,Lassen,035,31185,9873,9843,973,10816,64
2022-08-18,Los Angeles,037,10098052,3217323,3200023,172428,3372451,32746
2022-08-18,Madera,039,155013,42982,42822,7890,50712,372
2022-08-18,Marin,041,260295,35664,43966,5064,49030,305
2022-08-18,Mariposa,043,17540,3021,3003,327,3330,31
2022-08-18,Mendocino,045,87422,15657,15578,4291,19869,134
2022-08-18,Merced,047,269075,71961,70449,11390,81839,846
2022-08-18,Modoc,049,8938,866,862,312,1174,11
2022-08-18,Mono,051,14174,3185,3177,236,3413,7
2022-08-18,Monterey,053,433212,92705,92287,20194,112481,760
2022-08-18,Napa,055,140530,31730,31534,1367,32901,156
2022-08-18,Nevada,057,99092,18574,18497,1729,20226,132
2022-08-18,Orange,059,3164182,656750,652703,60639,713342,7280
2022-08-18,Placer,061,380077,74342,74027,9403,83430,657
2022-08-18,Plumas,063,18699,3558,3550,429,3979,13
2022-08-18,Riverside,065,2383286,682182,679298,33986,713284,6574
2022-08-18,Sacramento,067,1510023,339337,337745,33391,371136,3208
2022-08-18,San Benito,069,59416,15863,15698,913,16611,103
2022-08-18,San Bernardino,071,2135413,658086,648583,29799,678382,8014
2022-08-18,San Diego,073,3302833,905630,904015,69479,973494,5448
2022-08-18,San Francisco,075,870044,174650,174151,11730,185881,973
2022-08-18,San Joaquin,077,732212,193762,192738,14220,206958,2288
2022-08-18,San Luis Obispo,079,281455,62146,61764,6823,68587,516
2022-08-18,San Mateo,081,765935,164928,163705,10182,173887,738
2022-08-18,Santa Barbara,083,443738,103326,102795,6573,109368,713
2022-08-18,Santa Clara,085,1922200,425546,419723,18324,438047,2437
2022-08-18,Santa Cruz,087,273765,61428,61098,3299,64397,269
2022-08-18,Shasta,089,179085,34259,34105,7141,41246,588
2022-08-18,Sierra,091,2930,301,298,60,358,4
2022-08-18,Siskiyou,093,43540,5006,5119,3243,8362,88
2022-08-18,Solano,095,438530,103001,102355,7601,109956,457
2022-08-18,Sonoma,097,501317,104662,104090,5089,109179,511
2022-08-18,Stanislaus,099,539301,134957,134407,20980,155387,1719
2022-08-18,Sutter,101,95872,23614,23587,2421,26008,228
2022-08-18,Tehama,103,63373,13360,13289,2982,16271,209
2022-08-18,Trinity,105,12862,1372,1366,361,1727,20
2022-08-18,Tulare,107,460477,119712,119251,34606,153857,1521
2022-08-18,Tuolumne,109,53932,15187,15085,894,15979,196
2022-08-18,Ventura,111,848112,203998,203318,14841,218159,1547
2022-08-18,Yolo,113,214977,46563,46567,4086,50653,333
2022-08-18,Yuba,115,75493,18400,18363,1630,19993,129
2022-08-17,Alameda,001,1643700,338632,336198,18910,355108,1948
2022-08-17,Alpine,002,1148,131,131,1,132,0
2022-08-17,Amador,005,37829,9785,9728,895,10623,89
2022-08-17,Butte,007,227075,38512,38203,8719,46922,447
2022-08-17,Calaveras,009,45235,8326,8295,502,8797,131
2022-08-17,Colusa,011,21464,3729,3716,1218,4934,22
2022-08-17,Contra Costa,013,1133247,245447,240894,20051,260945,1394
2022-08-17,Del Norte,015,27424,7307,7274,385,7659,55
2022-08-17,El Dorado,017,186661,31646,31523,4115,35638,225
2022-08-17,Fresno,019,978130,272949,267367,30376,297743,2818
2022-08-17,Glenn,021,27897,5441,5403,1825,7228,48
2022-08-17,Humboldt,023,135768,21178,21029,4696,25725,153
2022-08-17,Imperial,025,180216,64287,63972,14983,78955,950
2022-08-17,Inyo,027,18085,4442,4421,865,5286,58
2022-08-17,Kern,029,883053,215767,214040,60105,274145,2389
2022-08-17,Kings,031,150075,58177,57948,3963,61911,454
2022-08-17,Lake,033,64148,12461,12383,1116,13499,142
2022-08-17,Lassen,035,31185,9864,9813,973,10786,64
2022-08-17,Los Angeles,037,10098052,3214518,3190808,172105,3362913,32701
2022-08-17,Madera,039,155013,42932,42677,7853,50530,372
2022-08-17,Marin,041,260295,35631,43852,5060,48912,305
2022-08-17,Mariposa,043,17540,3017,2998,326,3324,31
2022-08-17,Mendocino,045,87422,15647,15504,4285,19789,132
2022-08-17,Merced,047,269075,71902,70232,11347,81579,843
2022-08-17,Modoc,049,8938,865,857,312,1169,11
2022-08-17,Mono,051,14174,3185,3175,236,3411,7
2022-08-17,Monterey,053,433212,92641,91984,20139,112123,759
2022-08-17,Napa,055,140530,31714,31454,1366,32820,155
2022-08-17,Nevada,057,99092,18557,18443,1727,20170,132
2022-08-17,Orange,059,3164182,656126,650827,60523,711350,7266
2022-08-17,Placer,061,380077,74291,73852,9397,83249,655
2022-08-17,Plumas,063,18699,3556,3544,428,3972,13
2022-08-17,Riverside,065,2383286,681537,677437,33929,711366,6562
2022-08-17,Sacramento,067,1510023,339009,336667,33347,370014,3194
2022-08-17,San Benito,069,59416,15847,15655,912,16567,103
2022-08-17,San Bernardino,071,2135413,657434,646584,29748,676332,7999
2022-08-17,San Diego,073,3302833,904885,901794,69411,971205,5442
2022-08-17,San Francisco,075,870044,174514,173590,11718,185308,971
2022-08-17,San Joaquin,077,732212,193612,192078,14183,206261,2283
2022-08-17,San Luis Obispo,079,281455,62092,61604,6811,68415,514
2022-08-17,San Mateo,081,765935,164828,163218,10176,173394,738
2022-08-17,Santa Barbara,083,443738,103209,102430,6558,108988,712
2022-08-17,Santa Clara,085,1922200,425072,418231,18317,436548,2424
2022-08-17,Santa Cruz,087,273765,61338,60880,3294,64174,269
2022-08-17,Shasta,089,179085,34241,33984,7132,41116,587
2022-08-17,Sierra,091,2930,301,297,60,357,4
2022-08-17,Siskiyou,093,43540,5003,5102,3240,8342,88
2022-08-17,Solano,095,438530,102916,102115,7595,109710,459
2022-08-17,Sonoma,097,501317,104559,103844,5083,108927,504
2022-08-17,Stanislaus,099,539301,134811,133989,20943,154932,1715
2022-08-17,Sutter,101,95872,23580,23489,2415,25904,228
2022-08-17,Tehama,103,63373,13357,13259,2977,16236,209
2022-08-17,Trinity,105,12862,1372,1362,359,1721,20
2022-08-17,Tulare,107,460477,119603,118997,34500,153497,1521
2022-08-17,Tuolumne,109,53932,15179,15044,892,15936,196
2022-08-17,Ventura,111,848112,203817,202609,14786,217395,1546
2022-08-17,Yolo,113,214977,46531,46414,4081,50495,331
2022-08-17,Yuba,115,75493,18380,18305,1627,19932,129
2022-08-16,Alameda,001,1643700,338257,336198,18894,355092,1948
2022-08-16,Alpine,002,1148,131,131,1,132,0
2022-08-16,Amador,005,37829,9772,9728,890,10618,89
2022-08-16,Butte,007,227075,38478,38203,8706,46909,447
2022-08-16,Calaveras,009,45235,8318,8295,502,8797,131
2022-08-16,Colusa,011,21464,3728,3716,1216,4932,22
2022-08-16,Contra Costa,013,1133247,245211,240894,20011,260905,1394
2022-08-16,Del Norte,015,27424,7302,7274,385,7659,55
2022-08-16,El Dorado,017,186661,31625,31523,4109,35632,225
2022-08-16,Fresno,019,978130,272701,267367,30328,297695,2818
2022-08-16,Glenn,021,27897,5440,5403,1822,7225,48
2022-08-16,Humboldt,023,135768,21151,21029,4669,25698,153
2022-08-16,Imperial,025,180216,64236,63972,14945,78917,950
2022-08-16,Inyo,027,18085,4438,4421,861,5282,58
2022-08-16,Kern,029,883053,215624,214040,59959,273999,2389
2022-08-16,Kings,031,150075,58131,57948,3960,61908,454
2022-08-16,Lake,033,64148,12445,12383,1112,13495,142
2022-08-16,Lassen,035,31185,9851,9813,972,10785,64
2022-08-16,Los Angeles,037,10098052,3211433,3190808,171759,3362567,32701
2022-08-16,Madera,039,155013,42874,42677,7831,50508,372
2022-08-16,Marin,041,260295,35593,43852,5055,48907,305
2022-08-16,Mariposa,043,17540,3015,2998,326,3324,31
2022-08-16,Mendocino,045,87422,15628,15504,4272,19776,132
2022-08-16,Merced,047,269075,71823,70232,11304,81536,843
2022-08-16,Modoc,049,8938,865,857,312,1169,11
2022-08-16,Mono,051,14174,3185,3175,235,3410,7
2022-08-16,Monterey,053,433212,92560,91984,20070,112054,759
2022-08-16,Napa,055,140530,31695,31454,1365,32819,155
2022-08-16,Nevada,057,99092,18541,18443,1724,20167,132
2022-08-16,Orange,059,3164182,655433,650827,60396,711223,7266
2022-08-16,Placer,061,380077,74221,73852,9389,83241,655
2022-08-16,Plumas,063,18699,3554,3544,428,3972,13
2022-08-16,Riverside,065,2383286,680837,677437,33884,711321,6562
2022-08-16,Sacramento,067,1510023,338673,336667,33312,369979,3194
2022-08-16,San Benito,069,59416,15834,15655,909,16564,103
2022-08-16,San Bernardino,071,2135413,656692,646584,29682,676266,7999
2022-08-16,San Diego,073,3302833,904068,901794,69317,971111,5442
2022-08-16,San Francisco,075,870044,174351,173590,11713,185303,971
2022-08-16,San Joaquin,077,732212,193396,192078,14152,206230,2283
2022-08-16,San Luis Obispo,079,281455,62054,61604,6804,68408,514
2022-08-16,San Mateo,081,765935,164664,163218,10165,173383,738
2022-08-16,Santa Barbara,083,443738,103078,102430,6538,108968,712
2022-08-16,Santa Clara,085,1922200,424581,418231,18298,436529,2424
2022-08-16,Santa Cruz,087,273765,61285,60880,3289,64169,269
2022-08-16,Shasta,089,179085,34214,33984,7123,41107,587
2022-08-16,Sierra,091,2930,300,297,60,357,4
2022-08-16,Siskiyou,093,43540,4999,5102,3235,8337,88
2022-08-16,Solano,095,438530,102843,102115,7577,109692,459
2022-08-16,Sonoma,097,501317,104456,103844,5075,108919,504
2022-08-16,Stanislaus,099,539301,134674,133989,20883,154872,1715
2022-08-16,Sutter,101,95872,23556,23489,2409,25898,228
2022-08-16,Tehama,103,63373,13351,13259,2973,16232,209
2022-08-16,Trinity,105,12862,1369,1362,359,1721,20
2022-08-16,Tulare,107,460477,119513,118997,34383,153380,1521
2022-08-16,Tuolumne,109,53932,15165,15044,892,15936,196
2022-08-16,Ventura,111,848112,203581,202609,14737,217346,1546
2022-08-16,Yolo,113,214977,46513,46414,4076,50490,331
2022-08-16,Yuba,115,75493,18361,18305,1621,19926,129
2022-08-15,Alameda,001,1643700,337870,336198,18861,355059,1948
2022-08-15,Alpine,002,1148,131,131,1,132,0
2022-08-15,Amador,005,37829,9760,9728,890,10618,89
2022-08-15,Butte,007,227075,38455,38203,8688,46891,447
2022-08-15,Calaveras,009,45235,8316,8295,501,8796,131
2022-08-15,Colusa,011,21464,3725,3716,1215,4931,22
2022-08-15,Contra Costa,013,1133247,244928,240894,19979,260873,1394
2022-08-15,Del Norte,015,27424,7297,7274,384,7658,55
2022-08-15,El Dorado,017,186661,31592,31523,4106,35629,225
2022-08-15,Fresno,019,978130,272392,267367,30262,297629,2818
2022-08-15,Glenn,021,27897,5432,5403,1821,7224,48
2022-08-15,Humboldt,023,135768,21129,21029,4648,25677,153
2022-08-15,Imperial,025,180216,64190,63972,14909,78881,950
2022-08-15,Inyo,027,18085,4437,4421,859,5280,58
2022-08-15,Kern,029,883053,215430,214040,59817,273857,2389
2022-08-15,Kings,031,150075,58057,57948,3951,61899,454
2022-08-15,Lake,033,64148,12428,12383,1111,13494,142
2022-08-15,Lassen,035,31185,9850,9813,972,10785,64
2022-08-15,Los Angeles,037,10098052,3208010,3190808,171414,3362222,32701
2022-08-15,Madera,039,155013,42819,42677,7792,50469,372
2022-08-15,Marin,041,260295,35548,43852,5049,48901,305
2022-08-15,Mariposa,043,17540,3013,2998,325,3323,31
2022-08-15,Mendocino,045,87422,15609,15504,4267,19771,132
2022-08-15,Merced,047,269075,71752,70232,11256,81488,843
2022-08-15,Modoc,049,8938,861,857,312,1169,11
2022-08-15,Mono,051,14174,3183,3175,235,3410,7
2022-08-15,Monterey,053,433212,92448,91984,20004,111988,759
2022-08-15,Napa,055,140530,31671,31454,1365,32819,155
2022-08-15,Nevada,057,99092,18527,18443,1723,20166,132
2022-08-15,Orange,059,3164182,654697,650827,60271,711098,7266
2022-08-15,Placer,061,380077,74161,73852,9380,83232,655
2022-08-15,Plumas,063,18699,3550,3544,428,3972,13
2022-08-15,Riverside,065,2383286,680038,677437,33827,711264,6562
2022-08-15,Sacramento,067,1510023,338270,336667,33272,369939,3194
2022-08-15,San Benito,069,59416,15818,15655,907,16562,103
2022-08-15,San Bernardino,071,2135413,655842,646584,29617,676201,7999
2022-08-15,San Diego,073,3302833,903226,901794,69207,971001,5442
2022-08-15,San Francisco,075,870044,174170,173590,11708,185298,971
2022-08-15,San Joaquin,077,732212,193188,192078,14114,206192,2283
2022-08-15,San Luis Obispo,079,281455,62016,61604,6786,68390,514
2022-08-15,San Mateo,081,765935,164460,163218,10159,173377,738
2022-08-15,Santa Barbara,083,443738,102980,102430,6517,108947,712
2022-08-15,Santa Clara,085,1922200,424045,418231,18274,436505,2424
2022-08-15,Santa Cruz,087,273765,61205,60880,3284,64164,269
2022-08-15,Shasta,089,179085,34189,33984,7113,41097,587
2022-08-15,Sierra,091,2930,300,297,60,357,4
2022-08-15,Siskiyou,093,43540,4996,5102,3231,8333,88
2022-08-15,Solano,095,438530,102730,102115,7562,109677,459
2022-08-15,Sonoma,097,501317,104366,103844,5068,108912,504
2022-08-15,Stanislaus,099,539301,134533,133989,20849,154838,1715
2022-08-15,Sutter,101,95872,23524,23489,2407,25896,228
2022-08-15,Tehama,103,63373,13343,13259,2966,16225,209
2022-08-15,Trinity,105,12862,1366,1362,357,1719,20
2022-08-15,Tulare,107,460477,119376,118997,34273,153270,1521
2022-08-15,Tuolumne,109,53932,15157,15044,892,15936,196
2022-08-15,Ventura,111,848112,203327,202609,14676,217285,1546
2022-08-15,Yolo,113,214977,46479,46414,4073,50487,331
2022-08-15,Yuba,115,75493,18338,18305,1616,19921,129
2022-08-14,Alameda,001,1643700,337403,334944,18840,353784,1948
2022-08-14,Alpine,002,1148,131,131,1,132,0
2022-08-14,Amador,005,37829,9751,9705,888,10593,89
2022-08-14,Butte,007,227075,38404,38062,8672,46734,447
2022-08-14,Calaveras,009,45235,8307,8271,500,8771,131
2022-08-14,Colusa,011,21464,3725,3704,1212,4916,22
2022-08-14,Contra Costa,013,1133247,244655,239735,19930,259665,1393
2022-08-14,Del Norte,015,27424,7287,7245,383,7628,54
2022-08-14,El Dorado,017,186661,31561,31430,4101,35531,225
2022-08-14,Fresno,019,978130,272091,266211,30207,296418,2816
2022-08-14,Glenn,021,27897,5429,5393,1820,7213,48
2022-08-14,Humboldt,023,135768,21100,20954,4634,25588,153
2022-08-14,Imperial,025,180216,64123,63766,14869,78635,950
2022-08-14,Inyo,027,18085,4430,4418,855,5273,58
2022-08-14,Kern,029,883053,215241,213071,59639,272710,2380
2022-08-14,Kings,031,150075,58001,57748,3944,61692,454
2022-08-14,Lake,033,64148,12409,12324,1108,13432,142
2022-08-14,Lassen,035,31185,9830,9795,971,10766,64
2022-08-14,Los Angeles,037,10098052,3204431,3177769,171015,3348784,32657
2022-08-14,Madera,039,155013,42757,42517,7749,50266,372
2022-08-14,Marin,041,260295,35501,43662,5044,48706,305
2022-08-14,Mariposa,043,17540,3011,2986,324,3310,31
2022-08-14,Mendocino,045,87422,15589,15456,4261,19717,132
2022-08-14,Merced,047,269075,71639,69974,11197,81171,842
2022-08-14,Modoc,049,8938,860,856,312,1168,11
2022-08-14,Mono,051,14174,3181,3170,235,3405,7
2022-08-14,Monterey,053,433212,92323,91612,19930,111542,759
2022-08-14,Napa,055,140530,31634,31312,1364,32676,156
2022-08-14,Nevada,057,99092,18507,18398,1720,20118,132
2022-08-14,Orange,059,3164182,653952,648171,60122,708293,7248
2022-08-14,Placer,061,380077,74097,73588,9367,82955,656
2022-08-14,Plumas,063,18699,3548,3539,428,3967,13
2022-08-14,Riverside,065,2383286,679219,674362,33747,708109,6561
2022-08-14,Sacramento,067,1510023,337789,335292,33217,368509,3190
2022-08-14,San Benito,069,59416,15796,15578,898,16476,103
2022-08-14,San Bernardino,071,2135413,654965,643895,29552,673447,7983
2022-08-14,San Diego,073,3302833,902331,898646,69095,967741,5437
2022-08-14,San Francisco,075,870044,173956,172876,11696,184572,955
2022-08-14,San Joaquin,077,732212,192891,191272,14054,205326,2283
2022-08-14,San Luis Obispo,079,281455,61954,61403,6759,68162,512
2022-08-14,San Mateo,081,765935,164251,162531,10146,172677,738
2022-08-14,Santa Barbara,083,443738,102841,101942,6491,108433,712
2022-08-14,Santa Clara,085,1922200,423462,416369,18240,434609,2422
2022-08-14,Santa Cruz,087,273765,61099,60594,3277,63871,273
2022-08-14,Shasta,089,179085,34144,33895,7099,40994,584
2022-08-14,Sierra,091,2930,300,296,60,356,4
2022-08-14,Siskiyou,093,43540,4990,5086,3229,8315,88
2022-08-14,Solano,095,438530,102590,101761,7553,109314,458
2022-08-14,Sonoma,097,501317,104258,103496,5055,108551,504
2022-08-14,Stanislaus,099,539301,134349,133490,20795,154285,1702
2022-08-14,Sutter,101,95872,23482,23386,2403,25789,228
2022-08-14,Tehama,103,63373,13336,13213,2965,16178,209
2022-08-14,Trinity,105,12862,1365,1356,357,1713,20
2022-08-14,Tulare,107,460477,119220,118563,34158,152721,1520
2022-08-14,Tuolumne,109,53932,15137,14964,891,15855,196
2022-08-14,Ventura,111,848112,203060,201765,14636,216401,1541
2022-08-14,Yolo,113,214977,46432,46225,4067,50292,331
2022-08-14,Yuba,115,75493,18316,18232,1613,19845,129
2022-08-13,Alameda,001,1643700,337148,334944,18825,353769,1948
2022-08-13,Alpine,002,1148,131,131,1,132,0
2022-08-13,Amador,005,37829,9747,9705,888,10593,89
2022-08-13,Butte,007,227075,38380,38062,8661,46723,447
2022-08-13,Calaveras,009,45235,8303,8271,499,8770,131
2022-08-13,Colusa,011,21464,3722,3704,1212,4916,22
2022-08-13,Contra Costa,013,1133247,244486,239735,19907,259642,1393
2022-08-13,Del Norte,015,27424,7285,7245,383,7628,54
2022-08-13,El Dorado,017,186661,31548,31430,4100,35530,225
2022-08-13,Fresno,019,978130,271951,266211,30178,296389,2816
2022-08-13,Glenn,021,27897,5429,5393,1818,7211,48
2022-08-13,Humboldt,023,135768,21083,20954,4625,25579,153
2022-08-13,Imperial,025,180216,64081,63766,14852,78618,950
2022-08-13,Inyo,027,18085,4428,4418,854,5272,58
2022-08-13,Kern,029,883053,215146,213071,59558,272629,2380
2022-08-13,Kings,031,150075,57976,57748,3944,61692,454
2022-08-13,Lake,033,64148,12398,12324,1108,13432,142
2022-08-13,Lassen,035,31185,9824,9795,970,10765,64
2022-08-13,Los Angeles,037,10098052,3202568,3177769,170749,3348518,32657
2022-08-13,Madera,039,155013,42741,42517,7742,50259,372
2022-08-13,Marin,041,260295,35481,43662,5041,48703,305
2022-08-13,Mariposa,043,17540,3010,2986,324,3310,31
2022-08-13,Mendocino,045,87422,15577,15456,4258,19714,132
2022-08-13,Merced,047,269075,71600,69974,11191,81165,842
2022-08-13,Modoc,049,8938,860,856,312,1168,11
2022-08-13,Mono,051,14174,3181,3170,234,3404,7
2022-08-13,Monterey,053,433212,92259,91612,19894,111506,759
2022-08-13,Napa,055,140530,31620,31312,1363,32675,156
2022-08-13,Nevada,057,99092,18496,18398,1718,20116,132
2022-08-13,Orange,059,3164182,653543,648171,60046,708217,7248
2022-08-13,Placer,061,380077,74049,73588,9361,82949,656
2022-08-13,Plumas,063,18699,3546,3539,428,3967,13
2022-08-13,Riverside,065,2383286,678779,674362,33718,708080,6561
2022-08-13,Sacramento,067,1510023,337596,335292,33207,368499,3190
2022-08-13,San Benito,069,59416,15788,15578,893,16471,103
2022-08-13,San Bernardino,071,2135413,654485,643895,29530,673425,7983
2022-08-13,San Diego,073,3302833,901881,898646,69052,967698,5437
2022-08-13,San Francisco,075,870044,173839,172876,11690,184566,955
2022-08-13,San Joaquin,077,732212,192767,191272,14032,205304,2283
2022-08-13,San Luis Obispo,079,281455,61935,61403,6754,68157,512
2022-08-13,San Mateo,081,765935,164139,162531,10134,172665,738
2022-08-13,Santa Barbara,083,443738,102761,101942,6478,108420,712
2022-08-13,Santa Clara,085,1922200,423132,416369,18222,434591,2422
2022-08-13,Santa Cruz,087,273765,61061,60594,3272,63866,273
2022-08-13,Shasta,089,179085,34106,33895,7095,40990,584
2022-08-13,Sierra,091,2930,300,296,60,356,4
2022-08-13,Siskiyou,093,43540,4989,5086,3226,8312,88
2022-08-13,Solano,095,438530,102550,101761,7544,109305,458
2022-08-13,Sonoma,097,501317,104202,103496,5055,108551,504
2022-08-13,Stanislaus,099,539301,134247,133490,20771,154261,1702
2022-08-13,Sutter,101,95872,23468,23386,2403,25789,228
2022-08-13,Tehama,103,63373,13331,13213,2964,16177,209
2022-08-13,Trinity,105,12862,1364,1356,357,1713,20
2022-08-13,Tulare,107,460477,119147,118563,34102,152665,1520
2022-08-13,Tuolumne,109,53932,15122,14964,887,15851,196
2022-08-13,Ventura,111,848112,202896,201765,14622,216387,1541
2022-08-13,Yolo,113,214977,46403,46225,4065,50290,331
2022-08-13,Yuba,115,75493,18307,18232,1611,19843,129
2022-08-12,Alameda,001,1643700,336896,334944,18812,353756,1948
2022-08-12,Alpine,002,1148,131,131,1,132,0
2022-08-12,Amador,005,37829,9737,9705,885,10590,89
2022-08-12,Butte,007,227075,38360,38062,8652,46714,447
2022-08-12,Calaveras,009,45235,8295,8271,496,8767,131
2022-08-12,Colusa,011,21464,3719,3704,1212,4916,22
2022-08-12,Contra Costa,013,1133247,244317,239735,19890,259625,1393
2022-08-12,Del Norte,015,27424,7281,7245,383,7628,54
2022-08-12,El Dorado,017,186661,31530,31430,4096,35526,225
2022-08-12,Fresno,019,978130,271741,266211,30153,296364,2816
2022-08-12,Glenn,021,27897,5429,5393,1818,7211,48
2022-08-12,Humboldt,023,135768,21061,20954,4617,25571,153
2022-08-12,Imperial,025,180216,64054,63766,14837,78603,950
2022-08-12,Inyo,027,18085,4427,4418,852,5270,58
2022-08-12,Kern,029,883053,215043,213071,59471,272542,2380
2022-08-12,Kings,031,150075,57956,57748,3943,61691,454
2022-08-12,Lake,033,64148,12394,12324,1105,13429,142
2022-08-12,Lassen,035,31185,9822,9795,970,10765,64
2022-08-12,Los Angeles,037,10098052,3200469,3177769,170500,3348269,32657
2022-08-12,Madera,039,155013,42712,42517,7736,50253,372
2022-08-12,Marin,041,260295,35450,43662,5034,48696,305
2022-08-12,Mariposa,043,17540,3010,2986,324,3310,31
2022-08-12,Mendocino,045,87422,15565,15456,4251,19707,132
2022-08-12,Merced,047,269075,71567,69974,11184,81158,842
2022-08-12,Modoc,049,8938,860,856,312,1168,11
2022-08-12,Mono,051,14174,3181,3170,234,3404,7
2022-08-12,Monterey,053,433212,92201,91612,19861,111473,759
2022-08-12,Napa,055,140530,31599,31312,1362,32674,156
2022-08-12,Nevada,057,99092,18492,18398,1716,20114,132
2022-08-12,Orange,059,3164182,653117,648171,59955,708126,7248
2022-08-12,Placer,061,380077,73998,73588,9351,82939,656
2022-08-12,Plumas,063,18699,3544,3539,428,3967,13
2022-08-12,Riverside,065,2383286,678352,674362,33689,708051,6561
2022-08-12,Sacramento,067,1510023,337379,335292,33188,368480,3190
2022-08-12,San Benito,069,59416,15771,15578,892,16470,103
2022-08-12,San Bernardino,071,2135413,654072,643895,29514,673409,7983
2022-08-12,San Diego,073,3302833,901349,898646,68978,967624,5437
2022-08-12,San Francisco,075,870044,173711,172876,11682,184558,955
2022-08-12,San Joaquin,077,732212,192642,191272,14013,205285,2283
2022-08-12,San Luis Obispo,079,281455,61912,61403,6748,68151,512
2022-08-12,San Mateo,081,765935,164006,162531,10131,172662,738
2022-08-12,Santa Barbara,083,443738,102679,101942,6473,108415,712
2022-08-12,Santa Clara,085,1922200,422785,416369,18204,434573,2422
2022-08-12,Santa Cruz,087,273765,61008,60594,3270,63864,273
2022-08-12,Shasta,089,179085,34092,33895,7087,40982,584
2022-08-12,Sierra,091,2930,298,296,59,355,4
2022-08-12,Siskiyou,093,43540,4987,5086,3226,8312,88
2022-08-12,Solano,095,438530,102478,101761,7532,109293,458
2022-08-12,Sonoma,097,501317,104144,103496,5054,108550,504
2022-08-12,Stanislaus,099,539301,134160,133490,20760,154250,1702
2022-08-12,Sutter,101,95872,23453,23386,2403,25789,228
2022-08-12,Tehama,103,63373,13324,13213,2963,16176,209
2022-08-12,Trinity,105,12862,1361,1356,356,1712,20
2022-08-12,Tulare,107,460477,119084,118563,34046,152609,1520
2022-08-12,Tuolumne,109,53932,15114,14964,887,15851,196
2022-08-12,Ventura,111,848112,202750,201765,14605,216370,1541
2022-08-12,Yolo,113,214977,46381,46225,4060,50285,331
2022-08-12,Yuba,115,75493,18296,18232,1610,19842,129
2022-08-11,Alameda,001,1643700,336569,334944,18785,353729,1948
2022-08-11,Alpine,002,1148,131,131,1,132,0
2022-08-11,Amador,005,37829,9734,9705,882,10587,89
2022-08-11,Butte,007,227075,38322,38062,8640,46702,447
2022-08-11,Calaveras,009,45235,8288,8271,495,8766,131
2022-08-11,Colusa,011,21464,3716,3704,1211,4915,22
2022-08-11,Contra Costa,013,1133247,244055,239735,19859,259594,1393
2022-08-11,Del Norte,015,27424,7274,7245,382,7627,54
2022-08-11,El Dorado,017,186661,31499,31430,4089,35519,225
2022-08-11,Fresno,019,978130,271491,266211,30107,296318,2816
2022-08-11,Glenn,021,27897,5427,5393,1817,7210,48
2022-08-11,Humboldt,023,135768,21031,20954,4608,25562,153
2022-08-11,Imperial,025,180216,64007,63766,14791,78557,950
2022-08-11,Inyo,027,18085,4425,4418,847,5265,58
2022-08-11,Kern,029,883053,214850,213071,59324,272395,2380
2022-08-11,Kings,031,150075,57898,57748,3936,61684,454
2022-08-11,Lake,033,64148,12384,12324,1104,13428,142
2022-08-11,Lassen,035,31185,9817,9795,970,10765,64
2022-08-11,Los Angeles,037,10098052,3197451,3177769,170120,3347889,32657
2022-08-11,Madera,039,155013,42665,42517,7711,50228,372
2022-08-11,Marin,041,260295,35411,43662,5027,48689,305
2022-08-11,Mariposa,043,17540,3008,2986,323,3309,31
2022-08-11,Mendocino,045,87422,15553,15456,4249,19705,132
2022-08-11,Merced,047,269075,71507,69974,11149,81123,842
2022-08-11,Modoc,049,8938,859,856,312,1168,11
2022-08-11,Mono,051,14174,3181,3170,234,3404,7
2022-08-11,Monterey,053,433212,92100,91612,19807,111419,759
2022-08-11,Napa,055,140530,31560,31312,1361,32673,156
2022-08-11,Nevada,057,99092,18472,18398,1714,20112,132
2022-08-11,Orange,059,3164182,652459,648171,59808,707979,7248
2022-08-11,Placer,061,380077,73932,73588,9340,82928,656
2022-08-11,Plumas,063,18699,3543,3539,428,3967,13
2022-08-11,Riverside,065,2383286,677734,674362,33649,708011,6561
2022-08-11,Sacramento,067,1510023,337066,335292,33154,368446,3190
2022-08-11,San Benito,069,59416,15755,15578,891,16469,103
2022-08-11,San Bernardino,071,2135413,653312,643895,29472,673367,7983
2022-08-11,San Diego,073,3302833,900571,898646,68853,967499,5437
2022-08-11,San Francisco,075,870044,173552,172876,11665,184541,955
2022-08-11,San Joaquin,077,732212,192451,191272,13981,205253,2283
2022-08-11,San Luis Obispo,079,281455,61860,61403,6724,68127,512
2022-08-11,San Mateo,081,765935,163840,162531,10122,172653,738
2022-08-11,Santa Barbara,083,443738,102568,101942,6453,108395,712
2022-08-11,Santa Clara,085,1922200,422340,416369,18185,434554,2422
2022-08-11,Santa Cruz,087,273765,60943,60594,3266,63860,273
2022-08-11,Shasta,089,179085,34071,33895,7075,40970,584
2022-08-11,Sierra,091,2930,297,296,59,355,4
2022-08-11,Siskiyou,093,43540,4985,5086,3222,8308,88
2022-08-11,Solano,095,438530,102410,101761,7518,109279,458
2022-08-11,Sonoma,097,501317,104046,103496,5048,108544,504
2022-08-11,Stanislaus,099,539301,134002,133490,20718,154208,1702
2022-08-11,Sutter,101,95872,23423,23386,2403,25789,228
2022-08-11,Tehama,103,63373,13315,13213,2963,16176,209
2022-08-11,Trinity,105,12862,1361,1356,355,1711,20
2022-08-11,Tulare,107,460477,118983,118563,33959,152522,1520
2022-08-11,Tuolumne,109,53932,15106,14964,885,15849,196
2022-08-11,Ventura,111,848112,202545,201765,14571,216336,1541
2022-08-11,Yolo,113,214977,46347,46225,4056,50281,331
2022-08-11,Yuba,115,75493,18273,18232,1607,19839,129
2022-08-10,Alameda,001,1643700,336167,333587,18759,352346,1944
2022-08-10,Alpine,002,1148,131,131,1,132,0
2022-08-10,Amador,005,37829,9729,9677,879,10556,88
2022-08-10,Butte,007,227075,38286,37892,8632,46524,446
2022-08-10,Calaveras,009,45235,8282,8251,492,8743,130
2022-08-10,Colusa,011,21464,3712,3700,1211,4911,22
2022-08-10,Contra Costa,013,1133247,243801,238658,19822,258480,1382
2022-08-10,Del Norte,015,27424,7269,7220,382,7602,54
2022-08-10,El Dorado,017,186661,31472,31354,4076,35430,225
2022-08-10,Fresno,019,978130,271218,265300,30047,295347,2815
2022-08-10,Glenn,021,27897,5425,5387,1814,7201,48
2022-08-10,Humboldt,023,135768,21016,20843,4591,25434,153
2022-08-10,Imperial,025,180216,63949,63532,14749,78281,949
2022-08-10,Inyo,027,18085,4425,4416,846,5262,57
2022-08-10,Kern,029,883053,214660,212602,59176,271778,2380
2022-08-10,Kings,031,150075,57851,57569,3934,61503,453
2022-08-10,Lake,033,64148,12370,12281,1104,13385,142
2022-08-10,Lassen,035,31185,9810,9682,970,10652,64
2022-08-10,Los Angeles,037,10098052,3194230,3168105,169752,3337857,32609
2022-08-10,Madera,039,155013,42626,42350,7697,50047,372
2022-08-10,Marin,041,260295,35365,43532,5024,48556,302
2022-08-10,Mariposa,043,17540,3007,2980,323,3303,31
2022-08-10,Mendocino,045,87422,15538,15394,4248,19642,132
2022-08-10,Merced,047,269075,71434,69740,11125,80865,839
2022-08-10,Modoc,049,8938,858,855,311,1166,11
2022-08-10,Mono,051,14174,3179,3165,234,3399,7
2022-08-10,Monterey,053,433212,91998,91307,19742,111049,758
2022-08-10,Napa,055,140530,31522,31223,1360,32583,153
2022-08-10,Nevada,057,99092,18458,18354,1712,20066,132
2022-08-10,Orange,059,3164182,651728,646005,59683,705688,7235
2022-08-10,Placer,061,380077,73876,73348,9332,82680,650
2022-08-10,Plumas,063,18699,3541,3525,428,3953,13
2022-08-10,Riverside,065,2383286,677001,672334,33599,705933,6555
2022-08-10,Sacramento,067,1510023,336737,334382,33121,367503,3177
2022-08-10,San Benito,069,59416,15725,15507,885,16392,101
2022-08-10,San Bernardino,071,2135413,652657,641936,29426,671362,7977
2022-08-10,San Diego,073,3302833,899719,895482,68737,964219,5429
2022-08-10,San Francisco,075,870044,173385,172265,11647,183912,945
2022-08-10,San Joaquin,077,732212,192224,190596,13936,204532,2281
2022-08-10,San Luis Obispo,079,281455,61815,61207,6709,67916,510
2022-08-10,San Mateo,081,765935,163640,161882,10116,171998,738
2022-08-10,Santa Barbara,083,443738,102441,101558,6435,107993,711
2022-08-10,Santa Clara,085,1922200,421803,414659,18163,432822,2398
2022-08-10,Santa Cruz,087,273765,60862,60360,3264,63624,269
2022-08-10,Shasta,089,179085,34048,33816,7068,40884,584
2022-08-10,Sierra,091,2930,297,295,59,354,4
2022-08-10,Siskiyou,093,43540,4982,5074,3216,8290,87
2022-08-10,Solano,095,438530,102317,101393,7514,108907,457
2022-08-10,Sonoma,097,501317,103951,103168,5042,108210,501
2022-08-10,Stanislaus,099,539301,133861,133071,20686,153757,1702
2022-08-10,Sutter,101,95872,23394,23279,2402,25681,228
2022-08-10,Tehama,103,63373,13307,13187,2963,16150,209
2022-08-10,Trinity,105,12862,1360,1350,355,1705,20
2022-08-10,Tulare,107,460477,118896,118239,33879,152118,1520
2022-08-10,Tuolumne,109,53932,15071,14922,883,15805,196
2022-08-10,Ventura,111,848112,202316,201179,14538,215717,1539
2022-08-10,Yolo,113,214977,46311,46069,4051,50120,330
2022-08-10,Yuba,115,75493,18253,18179,1603,19782,129
2022-08-09,Alameda,001,1643700,335739,333587,18721,352308,1944
2022-08-09,Alpine,002,1148,131,131,1,132,0
2022-08-09,Amador,005,37829,9719,9677,878,10555,88
2022-08-09,Butte,007,227075,38247,37892,8621,46513,446
2022-08-09,Calaveras,009,45235,8275,8251,492,8743,130
2022-08-09,Colusa,011,21464,3709,3700,1210,4910,22
2022-08-09,Contra Costa,013,1133247,243524,238658,19777,258435,1382
2022-08-09,Del Norte,015,27424,7252,7220,381,7601,54
2022-08-09,El Dorado,017,186661,31443,31354,4070,35424,225
2022-08-09,Fresno,019,978130,270887,265300,30011,295311,2815
2022-08-09,Glenn,021,27897,5423,5387,1814,7201,48
2022-08-09,Humboldt,023,135768,20990,20843,4582,25425,153
2022-08-09,Imperial,025,180216,63885,63532,14693,78225,949
2022-08-09,Inyo,027,18085,4424,4416,842,5258,57
2022-08-09,Kern,029,883053,214457,212602,59032,271634,2380
2022-08-09,Kings,031,150075,57785,57569,3931,61500,453
2022-08-09,Lake,033,64148,12346,12281,1103,13384,142
2022-08-09,Lassen,035,31185,9804,9682,970,10652,64
2022-08-09,Los Angeles,037,10098052,3190717,3168105,169367,3337472,32609
2022-08-09,Madera,039,155013,42572,42350,7686,50036,372
2022-08-09,Marin,041,260295,35310,43532,5020,48552,302
2022-08-09,Mariposa,043,17540,3003,2980,322,3302,31
2022-08-09,Mendocino,045,87422,15519,15394,4239,19633,132
2022-08-09,Merced,047,269075,71369,69740,11095,80835,839
2022-08-09,Modoc,049,8938,858,855,310,1165,11
2022-08-09,Mono,051,14174,3179,3165,233,3398,7
2022-08-09,Monterey,053,433212,91886,91307,19675,110982,758
2022-08-09,Napa,055,140530,31494,31223,1358,32581,153
2022-08-09,Nevada,057,99092,18446,18354,1710,20064,132
2022-08-09,Orange,059,3164182,650886,646005,59525,705530,7235
2022-08-09,Placer,061,380077,73810,73348,9325,82673,650
2022-08-09,Plumas,063,18699,3536,3525,428,3953,13
2022-08-09,Riverside,065,2383286,676247,672334,33544,705878,6555
2022-08-09,Sacramento,067,1510023,336316,334382,33088,367470,3177
2022-08-09,San Benito,069,59416,15706,15507,881,16388,101
2022-08-09,San Bernardino,071,2135413,651952,641936,29370,671306,7977
2022-08-09,San Diego,073,3302833,898816,895482,68608,964090,5429
2022-08-09,San Francisco,075,870044,173126,172265,11628,183893,945
2022-08-09,San Joaquin,077,732212,192010,190596,13894,204490,2281
2022-08-09,San Luis Obispo,079,281455,61757,61207,6686,67893,510
2022-08-09,San Mateo,081,765935,163441,161882,10101,171983,738
2022-08-09,Santa Barbara,083,443738,102283,101558,6406,107964,711
2022-08-09,Santa Clara,085,1922200,421268,414659,18141,432800,2398
2022-08-09,Santa Cruz,087,273765,60788,60360,3255,63615,269
2022-08-09,Shasta,089,179085,34026,33816,7065,40881,584
2022-08-09,Sierra,091,2930,297,295,59,354,4
2022-08-09,Siskiyou,093,43540,4980,5074,3212,8286,87
2022-08-09,Solano,095,438530,102213,101393,7503,108896,457
2022-08-09,Sonoma,097,501317,103846,103168,5036,108204,501
2022-08-09,Stanislaus,099,539301,133717,133071,20655,153726,1702
2022-08-09,Sutter,101,95872,23363,23279,2401,25680,228
2022-08-09,Tehama,103,63373,13293,13187,2954,16141,209
2022-08-09,Trinity,105,12862,1358,1350,354,1704,20
2022-08-09,Tulare,107,460477,118781,118239,33796,152035,1520
2022-08-09,Tuolumne,109,53932,15055,14922,883,15805,196
2022-08-09,Ventura,111,848112,202080,201179,14505,215684,1539
2022-08-09,Yolo,113,214977,46269,46069,4039,50108,330
2022-08-09,Yuba,115,75493,18234,18179,1593,19772,129
2022-08-08,Alameda,001,1643700,335275,333587,18678,352265,1944
2022-08-08,Alpine,002,1148,131,131,1,132,0
2022-08-08,Amador,005,37829,9713,9677,877,10554,88
2022-08-08,Butte,007,227075,38193,37892,8608,46500,446
2022-08-08,Calaveras,009,45235,8270,8251,489,8740,130
2022-08-08,Colusa,011,21464,3709,3700,1209,4909,22
2022-08-08,Contra Costa,013,1133247,243150,238658,19730,258388,1382
2022-08-08,Del Norte,015,27424,7244,7220,381,7601,54
2022-08-08,El Dorado,017,186661,31414,31354,4063,35417,225
2022-08-08,Fresno,019,978130,270521,265300,29958,295258,2815
2022-08-08,Glenn,021,27897,5417,5387,1813,7200,48
2022-08-08,Humboldt,023,135768,20950,20843,4567,25410,153
2022-08-08,Imperial,025,180216,63825,63532,14625,78157,949
2022-08-08,Inyo,027,18085,4423,4416,841,5257,57
2022-08-08,Kern,029,883053,214192,212602,58876,271478,2380
2022-08-08,Kings,031,150075,57725,57569,3922,61491,453
2022-08-08,Lake,033,64148,12324,12281,1100,13381,142
2022-08-08,Lassen,035,31185,9791,9682,967,10649,64
2022-08-08,Los Angeles,037,10098052,3187055,3168105,168934,3337039,32609
2022-08-08,Madera,039,155013,42514,42350,7663,50013,372
2022-08-08,Marin,041,260295,35253,43532,5009,48541,302
2022-08-08,Mariposa,043,17540,2998,2980,319,3299,31
2022-08-08,Mendocino,045,87422,15505,15394,4229,19623,132
2022-08-08,Merced,047,269075,71299,69740,11066,80806,839
2022-08-08,Modoc,049,8938,857,855,310,1165,11
2022-08-08,Mono,051,14174,3179,3165,233,3398,7
2022-08-08,Monterey,053,433212,91786,91307,19597,110904,758
2022-08-08,Napa,055,140530,31459,31223,1357,32580,153
2022-08-08,Nevada,057,99092,18429,18354,1703,20057,132
2022-08-08,Orange,059,3164182,650013,646005,59364,705369,7235
2022-08-08,Placer,061,380077,73750,73348,9315,82663,650
2022-08-08,Plumas,063,18699,3533,3525,427,3952,13
2022-08-08,Riverside,065,2383286,675438,672334,33493,705827,6555
2022-08-08,Sacramento,067,1510023,335911,334382,33049,367431,3177
2022-08-08,San Benito,069,59416,15678,15507,878,16385,101
2022-08-08,San Bernardino,071,2135413,651104,641936,29314,671250,7977
2022-08-08,San Diego,073,3302833,897724,895482,68476,963958,5429
2022-08-08,San Francisco,075,870044,172903,172265,11611,183876,945
2022-08-08,San Joaquin,077,732212,191745,190596,13852,204448,2281
2022-08-08,San Luis Obispo,079,281455,61691,61207,6664,67871,510
2022-08-08,San Mateo,081,765935,163224,161882,10093,171975,738
2022-08-08,Santa Barbara,083,443738,102149,101558,6390,107948,711
2022-08-08,Santa Clara,085,1922200,420646,414659,18117,432776,2398
2022-08-08,Santa Cruz,087,273765,60712,60360,3252,63612,269
2022-08-08,Shasta,089,179085,33995,33816,7057,40873,584
2022-08-08,Sierra,091,2930,297,295,59,354,4
2022-08-08,Siskiyou,093,43540,4977,5074,3209,8283,87
2022-08-08,Solano,095,438530,102068,101393,7489,108882,457
2022-08-08,Sonoma,097,501317,103734,103168,5027,108195,501
2022-08-08,Stanislaus,099,539301,133593,133071,20627,153698,1702
2022-08-08,Sutter,101,95872,23327,23279,2401,25680,228
2022-08-08,Tehama,103,63373,13283,13187,2952,16139,209
2022-08-08,Trinity,105,12862,1358,1350,353,1703,20
2022-08-08,Tulare,107,460477,118638,118239,33709,151948,1520
2022-08-08,Tuolumne,109,53932,15047,14922,882,15804,196
2022-08-08,Ventura,111,848112,201833,201179,14456,215635,1539
2022-08-08,Yolo,113,214977,46215,46069,4033,50102,330
2022-08-08,Yuba,115,75493,18210,18179,1591,19770,129
2022-08-07,Alameda,001,1643700,334712,331755,18642,350397,1945
2022-08-07,Alpine,002,1148,131,130,1,131,0
2022-08-07,Amador,005,37829,9706,9655,875,10530,88
2022-08-07,Butte,007,227075,38121,37717,8596,46313,446
2022-08-07,Calaveras,009,45235,8257,8219,485,8704,129
2022-08-07,Colusa,011,21464,3705,3696,1208,4904,22
2022-08-07,Contra Costa,013,1133247,242759,237436,19684,257120,1383
2022-08-07,Del Norte,015,27424,7232,7191,378,7569,54
2022-08-07,El Dorado,017,186661,31374,31240,4058,35298,225
2022-08-07,Fresno,019,978130,270095,263912,29882,293794,2815
2022-08-07,Glenn,021,27897,5415,5379,1810,7189,48
2022-08-07,Humboldt,023,135768,20911,20746,4547,25293,153
2022-08-07,Imperial,025,180216,63741,63198,14552,77750,949
2022-08-07,Inyo,027,18085,4423,4408,838,5246,57
2022-08-07,Kern,029,883053,213960,211798,58674,270472,2375
2022-08-07,Kings,031,150075,57628,57294,3915,61209,453
2022-08-07,Lake,033,64148,12310,12220,1100,13320,142
2022-08-07,Lassen,035,31185,9735,9654,967,10621,64
2022-08-07,Los Angeles,037,10098052,3182587,3153757,168543,3322300,32563
2022-08-07,Madera,039,155013,42457,42139,7624,49763,372
2022-08-07,Marin,041,260295,35196,43295,4999,48294,302
2022-08-07,Mariposa,043,17540,2995,2965,318,3283,31
2022-08-07,Mendocino,045,87422,15485,15335,4211,19546,132
2022-08-07,Merced,047,269075,71172,69498,11015,80513,838
2022-08-07,Modoc,049,8938,856,853,310,1163,11
2022-08-07,Mono,051,14174,3176,3161,233,3394,7
2022-08-07,Monterey,053,433212,91652,90884,19508,110392,757
2022-08-07,Napa,055,140530,31414,31052,1355,32407,151
2022-08-07,Nevada,057,99092,18405,18309,1697,20006,132
2022-08-07,Orange,059,3164182,649075,643029,59172,702201,7213
2022-08-07,Placer,061,380077,73660,73064,9299,82363,648
2022-08-07,Plumas,063,18699,3532,3516,427,3943,13
2022-08-07,Riverside,065,2383286,674498,669230,33414,702644,6555
2022-08-07,Sacramento,067,1510023,335425,332928,32995,365923,3175
2022-08-07,San Benito,069,59416,15651,15403,875,16278,101
2022-08-07,San Bernardino,071,2135413,650200,639120,29251,668371,7956
2022-08-07,San Diego,073,3302833,896454,891504,68363,959867,5424
2022-08-07,San Francisco,075,870044,172622,171486,11584,183070,946
2022-08-07,San Joaquin,077,732212,191440,189696,13794,203490,2276
2022-08-07,San Luis Obispo,079,281455,61593,60903,6632,67535,510
2022-08-07,San Mateo,081,765935,162973,161011,10076,171087,734
2022-08-07,Santa Barbara,083,443738,101960,100995,6364,107359,711
2022-08-07,Santa Clara,085,1922200,419927,412411,18100,430511,2386
2022-08-07,Santa Cruz,087,273765,60590,59982,3237,63219,269
2022-08-07,Shasta,089,179085,33946,33727,7043,40770,583
2022-08-07,Sierra,091,2930,296,295,59,354,4
2022-08-07,Siskiyou,093,43540,4975,5045,3205,8250,87
2022-08-07,Solano,095,438530,101909,100081,7473,107554,457
2022-08-07,Sonoma,097,501317,103615,102682,5020,107702,502
2022-08-07,Stanislaus,099,539301,133398,132406,20593,152999,1701
2022-08-07,Sutter,101,95872,23291,23178,2400,25578,228
2022-08-07,Tehama,103,63373,13272,13155,2948,16103,209
2022-08-07,Trinity,105,12862,1356,1347,352,1699,20
2022-08-07,Tulare,107,460477,118484,117668,33613,151281,1516
2022-08-07,Tuolumne,109,53932,15030,14844,882,15726,196
2022-08-07,Ventura,111,848112,201574,200270,14411,214681,1537
2022-08-07,Yolo,113,214977,46165,45902,4023,49925,331
2022-08-07,Yuba,115,75493,18191,18099,1587,19686,124
2022-08-06,Alameda,001,1643700,334461,331755,18632,350387,1945
2022-08-06,Alpine,002,1148,131,130,1,131,0
2022-08-06,Amador,005,37829,9699,9655,873,10528,88
2022-08-06,Butte,007,227075,38083,37717,8586,46303,446
2022-08-06,Calaveras,009,45235,8250,8219,484,8703,129
2022-08-06,Colusa,011,21464,3703,3696,1205,4901,22
2022-08-06,Contra Costa,013,1133247,242513,237436,19665,257101,1383
2022-08-06,Del Norte,015,27424,7226,7191,378,7569,54
2022-08-06,El Dorado,017,186661,31357,31240,4055,35295,225
2022-08-06,Fresno,019,978130,269915,263912,29861,293773,2815
2022-08-06,Glenn,021,27897,5415,5379,1809,7188,48
2022-08-06,Humboldt,023,135768,20890,20746,4539,25285,153
2022-08-06,Imperial,025,180216,63694,63198,14524,77722,949
2022-08-06,Inyo,027,18085,4423,4408,837,5245,57
2022-08-06,Kern,029,883053,213860,211798,58561,270359,2375
2022-08-06,Kings,031,150075,57588,57294,3915,61209,453
2022-08-06,Lake,033,64148,12305,12220,1099,13319,142
2022-08-06,Lassen,035,31185,9702,9654,967,10621,64
2022-08-06,Los Angeles,037,10098052,3180381,3153757,168262,3322019,32563
2022-08-06,Madera,039,155013,42413,42139,7618,49757,372
2022-08-06,Marin,041,260295,35167,43295,4994,48289,302
2022-08-06,Mariposa,043,17540,2994,2965,318,3283,31
2022-08-06,Mendocino,045,87422,15476,15335,4210,19545,132
2022-08-06,Merced,047,269075,71142,69498,11010,80508,838
2022-08-06,Modoc,049,8938,856,853,310,1163,11
2022-08-06,Mono,051,14174,3173,3161,233,3394,7
2022-08-06,Monterey,053,433212,91599,90884,19463,110347,757
2022-08-06,Napa,055,140530,31393,31052,1354,32406,151
2022-08-06,Nevada,057,99092,18396,18309,1696,20005,132
2022-08-06,Orange,059,3164182,648616,643029,59063,702092,7213
2022-08-06,Placer,061,380077,73603,73064,9292,82356,648
2022-08-06,Plumas,063,18699,3530,3516,427,3943,13
2022-08-06,Riverside,065,2383286,673975,669230,33378,702608,6555
2022-08-06,Sacramento,067,1510023,335250,332928,32986,365914,3175
2022-08-06,San Benito,069,59416,15634,15403,873,16276,101
2022-08-06,San Bernardino,071,2135413,649726,639120,29217,668337,7956
2022-08-06,San Diego,073,3302833,895897,891504,68320,959824,5424
2022-08-06,San Francisco,075,870044,172465,171486,11574,183060,946
2022-08-06,San Joaquin,077,732212,191311,189696,13758,203454,2276
2022-08-06,San Luis Obispo,079,281455,61565,60903,6627,67530,510
2022-08-06,San Mateo,081,765935,162834,161011,10070,171081,734
2022-08-06,Santa Barbara,083,443738,101886,100995,6352,107347,711
2022-08-06,Santa Clara,085,1922200,419455,412411,18082,430493,2386
2022-08-06,Santa Cruz,087,273765,60533,59982,3230,63212,269
2022-08-06,Shasta,089,179085,33915,33727,7033,40760,583
2022-08-06,Sierra,091,2930,296,295,59,354,4
2022-08-06,Siskiyou,093,43540,4973,5045,3203,8248,87
2022-08-06,Solano,095,438530,101860,100081,7467,107548,457
2022-08-06,Sonoma,097,501317,103551,102682,5013,107695,502
2022-08-06,Stanislaus,099,539301,133295,132406,20583,152989,1701
2022-08-06,Sutter,101,95872,23267,23178,2400,25578,228
2022-08-06,Tehama,103,63373,13267,13155,2944,16099,209
2022-08-06,Trinity,105,12862,1356,1347,352,1699,20
2022-08-06,Tulare,107,460477,118403,117668,33570,151238,1516
2022-08-06,Tuolumne,109,53932,15022,14844,881,15725,196
2022-08-06,Ventura,111,848112,201465,200270,14389,214659,1537
2022-08-06,Yolo,113,214977,46134,45902,4015,49917,331
2022-08-06,Yuba,115,75493,18175,18099,1586,19685,124
2022-08-05,Alameda,001,1643700,334150,331755,18622,350377,1945
2022-08-05,Alpine,002,1148,131,130,1,131,0
2022-08-05,Amador,005,37829,9697,9655,872,10527,88
2022-08-05,Butte,007,227075,38045,37717,8575,46292,446
2022-08-05,Calaveras,009,45235,8246,8219,484,8703,129
2022-08-05,Colusa,011,21464,3702,3696,1205,4901,22
2022-08-05,Contra Costa,013,1133247,242321,237436,19639,257075,1383
2022-08-05,Del Norte,015,27424,7222,7191,377,7568,54
2022-08-05,El Dorado,017,186661,31349,31240,4054,35294,225
2022-08-05,Fresno,019,978130,269732,263912,29838,293750,2815
2022-08-05,Glenn,021,27897,5414,5379,1808,7187,48
2022-08-05,Humboldt,023,135768,20873,20746,4526,25272,153
2022-08-05,Imperial,025,180216,63619,63198,14485,77683,949
2022-08-05,Inyo,027,18085,4423,4408,837,5245,57
2022-08-05,Kern,029,883053,213743,211798,58470,270268,2375
2022-08-05,Kings,031,150075,57563,57294,3914,61208,453
2022-08-05,Lake,033,64148,12295,12220,1099,13319,142
2022-08-05,Lassen,035,31185,9690,9654,966,10620,64
2022-08-05,Los Angeles,037,10098052,3177869,3153757,167979,3321736,32563
2022-08-05,Madera,039,155013,42370,42139,7608,49747,372
2022-08-05,Marin,041,260295,35124,43295,4988,48283,302
2022-08-05,Mariposa,043,17540,2989,2965,317,3282,31
2022-08-05,Mendocino,045,87422,15460,15335,4208,19543,132
2022-08-05,Merced,047,269075,71091,69498,11004,80502,838
2022-08-05,Modoc,049,8938,856,853,310,1163,11
2022-08-05,Mono,051,14174,3172,3161,233,3394,7
2022-08-05,Monterey,053,433212,91531,90884,19428,110312,757
2022-08-05,Napa,055,140530,31364,31052,1353,32405,151
2022-08-05,Nevada,057,99092,18386,18309,1695,20004,132
2022-08-05,Orange,059,3164182,648090,643029,58956,701985,7213
2022-08-05,Placer,061,380077,73551,73064,9285,82349,648
2022-08-05,Plumas,063,18699,3528,3516,427,3943,13
2022-08-05,Riverside,065,2383286,673408,669230,33336,702566,6555
2022-08-05,Sacramento,067,1510023,335000,332928,32965,365893,3175
2022-08-05,San Benito,069,59416,15612,15403,871,16274,101
2022-08-05,San Bernardino,071,2135413,649259,639120,29192,668312,7956
2022-08-05,San Diego,073,3302833,895236,891504,68239,959743,5424
2022-08-05,San Francisco,075,870044,172322,171486,11554,183040,946
2022-08-05,San Joaquin,077,732212,191183,189696,13724,203420,2276
2022-08-05,San Luis Obispo,079,281455,61530,60903,6619,67522,510
2022-08-05,San Mateo,081,765935,162657,161011,10061,171072,734
2022-08-05,Santa Barbara,083,443738,101784,100995,6344,107339,711
2022-08-05,Santa Clara,085,1922200,418950,412411,18052,430463,2386
2022-08-05,Santa Cruz,087,273765,60466,59982,3226,63208,269
2022-08-05,Shasta,089,179085,33905,33727,7030,40757,583
2022-08-05,Sierra,091,2930,296,295,59,354,4
2022-08-05,Siskiyou,093,43540,4970,5045,3201,8246,87
2022-08-05,Solano,095,438530,101782,100081,7459,107540,457
2022-08-05,Sonoma,097,501317,103473,102682,5009,107691,502
2022-08-05,Stanislaus,099,539301,133194,132406,20572,152978,1701
2022-08-05,Sutter,101,95872,23248,23178,2398,25576,228
2022-08-05,Tehama,103,63373,13259,13155,2944,16099,209
2022-08-05,Trinity,105,12862,1355,1347,352,1699,20
2022-08-05,Tulare,107,460477,118317,117668,33517,151185,1516
2022-08-05,Tuolumne,109,53932,15009,14844,880,15724,196
2022-08-05,Ventura,111,848112,201315,200270,14360,214630,1537
2022-08-05,Yolo,113,214977,46115,45902,4001,49903,331
2022-08-05,Yuba,115,75493,18167,18099,1585,19684,124
2022-08-04,Alameda,001,1643700,333683,331755,18585,350340,1945
2022-08-04,Alpine,002,1148,130,130,1,131,0
2022-08-04,Amador,005,37829,9686,9655,868,10523,88
2022-08-04,Butte,007,227075,38001,37717,8560,46277,446
2022-08-04,Calaveras,009,45235,8239,8219,483,8702,129
2022-08-04,Colusa,011,21464,3701,3696,1205,4901,22
2022-08-04,Contra Costa,013,1133247,242047,237436,19599,257035,1383
2022-08-04,Del Norte,015,27424,7214,7191,376,7567,54
2022-08-04,El Dorado,017,186661,31318,31240,4051,35291,225
2022-08-04,Fresno,019,978130,269397,263912,29786,293698,2815
2022-08-04,Glenn,021,27897,5409,5379,1805,7184,48
2022-08-04,Humboldt,023,135768,20847,20746,4515,25261,153
2022-08-04,Imperial,025,180216,63552,63198,14431,77629,949
2022-08-04,Inyo,027,18085,4422,4408,836,5244,57
2022-08-04,Kern,029,883053,213530,211798,58340,270138,2375
2022-08-04,Kings,031,150075,57496,57294,3907,61201,453
2022-08-04,Lake,033,64148,12280,12220,1099,13319,142
2022-08-04,Lassen,035,31185,9685,9654,963,10617,64
2022-08-04,Los Angeles,037,10098052,3174145,3153757,167591,3321348,32563
2022-08-04,Madera,039,155013,42327,42139,7567,49706,372
2022-08-04,Marin,041,260295,35068,43295,4961,48256,302
2022-08-04,Mariposa,043,17540,2983,2965,316,3281,31
2022-08-04,Mendocino,045,87422,15445,15335,4202,19537,132
2022-08-04,Merced,047,269075,71018,69498,10966,80464,838
2022-08-04,Modoc,049,8938,856,853,310,1163,11
2022-08-04,Mono,051,14174,3172,3161,233,3394,7
2022-08-04,Monterey,053,433212,91421,90884,19366,110250,757
2022-08-04,Napa,055,140530,31327,31052,1353,32405,151
2022-08-04,Nevada,057,99092,18374,18309,1689,19998,132
2022-08-04,Orange,059,3164182,647287,643029,58817,701846,7213
2022-08-04,Placer,061,380077,73478,73064,9273,82337,648
2022-08-04,Plumas,063,18699,3522,3516,427,3943,13
2022-08-04,Riverside,065,2383286,672676,669230,33298,702528,6555
2022-08-04,Sacramento,067,1510023,334574,332928,32940,365868,3175
2022-08-04,San Benito,069,59416,15582,15403,865,16268,101
2022-08-04,San Bernardino,071,2135413,648542,639120,29139,668259,7956
2022-08-04,San Diego,073,3302833,894255,891504,68138,959642,5424
2022-08-04,San Francisco,075,870044,172109,171486,11526,183012,946
2022-08-04,San Joaquin,077,732212,190978,189696,13684,203380,2276
2022-08-04,San Luis Obispo,079,281455,61457,60903,6597,67500,510
2022-08-04,San Mateo,081,765935,162433,161011,10054,171065,734
2022-08-04,Santa Barbara,083,443738,101651,100995,6324,107319,711
2022-08-04,Santa Clara,085,1922200,418364,412411,18024,430435,2386
2022-08-04,Santa Cruz,087,273765,60378,59982,3225,63207,269
2022-08-04,Shasta,089,179085,33881,33727,7017,40744,583
2022-08-04,Sierra,091,2930,296,295,59,354,4
2022-08-04,Siskiyou,093,43540,4966,5045,3195,8240,87
2022-08-04,Solano,095,438530,101671,100081,7448,107529,457
2022-08-04,Sonoma,097,501317,103364,102682,4999,107681,502
2022-08-04,Stanislaus,099,539301,133035,132406,20548,152954,1701
2022-08-04,Sutter,101,95872,23222,23178,2396,25574,228
2022-08-04,Tehama,103,63373,13245,13155,2939,16094,209
2022-08-04,Trinity,105,12862,1354,1347,351,1698,20
2022-08-04,Tulare,107,460477,118200,117668,33457,151125,1516
2022-08-04,Tuolumne,109,53932,14985,14844,878,15722,196
2022-08-04,Ventura,111,848112,201082,200270,14323,214593,1537
2022-08-04,Yolo,113,214977,46077,45902,3993,49895,331
2022-08-04,Yuba,115,75493,18148,18099,1584,19683,124
2022-08-03,Alameda,001,1643700,333165,330158,18547,348705,1941
2022-08-03,Alpine,002,1148,130,130,1,131,0
2022-08-03,Amador,005,37829,9680,9627,865,10492,88
2022-08-03,Butte,007,227075,37956,37567,8550,46117,444
2022-08-03,Calaveras,009,45235,8231,8194,482,8676,128
2022-08-03,Colusa,011,21464,3701,3676,1205,4881,22
2022-08-03,Contra Costa,013,1133247,241721,236190,19551,255741,1381
2022-08-03,Del Norte,015,27424,7210,7156,376,7532,54
2022-08-03,El Dorado,017,186661,31283,31165,4042,35207,222
2022-08-03,Fresno,019,978130,268986,262758,29738,292496,2806
2022-08-03,Glenn,021,27897,5407,5363,1801,7164,48
2022-08-03,Humboldt,023,135768,20813,20640,4498,25138,153
2022-08-03,Imperial,025,180216,63472,62884,14382,77266,949
2022-08-03,Inyo,027,18085,4422,4398,830,5228,57
2022-08-03,Kern,029,883053,213341,211047,58164,269211,2375
2022-08-03,Kings,031,150075,57432,57065,3903,60968,453
2022-08-03,Lake,033,64148,12261,12172,1098,13270,142
2022-08-03,Lassen,035,31185,9682,9563,963,10526,64
2022-08-03,Los Angeles,037,10098052,3170395,3140955,167198,3308153,32500
2022-08-03,Madera,039,155013,42284,41918,7549,49467,372
2022-08-03,Marin,041,260295,35004,43127,4949,48076,300
2022-08-03,Mariposa,043,17540,2979,2950,316,3266,30
2022-08-03,Mendocino,045,87422,15427,15260,4194,19454,132
2022-08-03,Merced,047,269075,70952,69198,10933,80131,838
2022-08-03,Modoc,049,8938,855,842,310,1152,11
2022-08-03,Mono,051,14174,3171,3157,232,3389,7
2022-08-03,Monterey,053,433212,91315,90456,19303,109759,754
2022-08-03,Napa,055,140530,31288,30935,1350,32285,151
2022-08-03,Nevada,057,99092,18363,18253,1686,19939,132
2022-08-03,Orange,059,3164182,646435,640110,58648,698758,7202
2022-08-03,Placer,061,380077,73394,72834,9257,82091,646
2022-08-03,Plumas,063,18699,3519,3496,427,3923,13
2022-08-03,Riverside,065,2383286,671816,666773,33238,700011,6547
2022-08-03,Sacramento,067,1510023,334146,331584,32906,364490,3162
2022-08-03,San Benito,069,59416,15552,15338,858,16196,100
2022-08-03,San Bernardino,071,2135413,647783,636510,29091,665601,7951
2022-08-03,San Diego,073,3302833,893040,887729,68014,955743,5417
2022-08-03,San Francisco,075,870044,171899,170637,11508,182145,939
2022-08-03,San Joaquin,077,732212,190733,188962,13651,202613,2276
2022-08-03,San Luis Obispo,079,281455,61370,60648,6584,67232,504
2022-08-03,San Mateo,081,765935,162240,160258,10046,170304,725
2022-08-03,Santa Barbara,083,443738,101527,100558,6304,106862,710
2022-08-03,Santa Clara,085,1922200,417878,410394,17995,428389,2383
2022-08-03,Santa Cruz,087,273765,60289,59661,3222,62883,269
2022-08-03,Shasta,089,179085,33851,33630,7013,40643,582
2022-08-03,Sierra,091,2930,296,295,59,354,4
2022-08-03,Siskiyou,093,43540,4964,5021,3193,8214,86
2022-08-03,Solano,095,438530,101551,99608,7435,107043,459
2022-08-03,Sonoma,097,501317,103238,102306,4986,107292,500
2022-08-03,Stanislaus,099,539301,132892,131869,20519,152388,1701
2022-08-03,Sutter,101,95872,23194,23056,2394,25450,228
2022-08-03,Tehama,103,63373,13233,13135,2935,16070,209
2022-08-03,Trinity,105,12862,1354,1342,350,1692,20
2022-08-03,Tulare,107,460477,118066,117288,33390,150678,1516
2022-08-03,Tuolumne,109,53932,14965,14778,878,15656,196
2022-08-03,Ventura,111,848112,200842,199530,14289,213819,1536
2022-08-03,Yolo,113,214977,46028,45757,3976,49733,330
2022-08-03,Yuba,115,75493,18119,18036,1583,19619,124
2022-08-02,Alameda,001,1643700,332622,330158,18516,348674,1941
2022-08-02,Alpine,002,1148,130,130,1,131,0
2022-08-02,Amador,005,37829,9670,9627,858,10485,88
2022-08-02,Butte,007,227075,37917,37567,8538,46105,444
2022-08-02,Calaveras,009,45235,8216,8194,480,8674,128
2022-08-02,Colusa,011,21464,3698,3676,1204,4880,22
2022-08-02,Contra Costa,013,1133247,241369,236190,19491,255681,1381
2022-08-02,Del Norte,015,27424,7200,7156,376,7532,54
2022-08-02,El Dorado,017,186661,31250,31165,4036,35201,222
2022-08-02,Fresno,019,978130,268558,262758,29653,292411,2806
2022-08-02,Glenn,021,27897,5403,5363,1800,7163,48
2022-08-02,Humboldt,023,135768,20775,20640,4476,25116,153
2022-08-02,Imperial,025,180216,63390,62884,14333,77217,949
2022-08-02,Inyo,027,18085,4419,4398,820,5218,57
2022-08-02,Kern,029,883053,213098,211047,57967,269014,2375
2022-08-02,Kings,031,150075,57351,57065,3898,60963,453
2022-08-02,Lake,033,64148,12248,12172,1096,13268,142
2022-08-02,Lassen,035,31185,9679,9563,962,10525,64
2022-08-02,Los Angeles,037,10098052,3166023,3140955,166712,3307667,32500
2022-08-02,Madera,039,155013,42217,41918,7526,49444,372
2022-08-02,Marin,041,260295,34946,43127,4941,48068,300
2022-08-02,Mariposa,043,17540,2975,2950,316,3266,30
2022-08-02,Mendocino,045,87422,15397,15260,4180,19440,132
2022-08-02,Merced,047,269075,70873,69198,10893,80091,838
2022-08-02,Modoc,049,8938,855,842,310,1152,11
2022-08-02,Mono,051,14174,3170,3157,230,3387,7
2022-08-02,Monterey,053,433212,91192,90456,19233,109689,754
2022-08-02,Napa,055,140530,31249,30935,1348,32283,151
2022-08-02,Nevada,057,99092,18347,18253,1686,19939,132
2022-08-02,Orange,059,3164182,645522,640110,58473,698583,7202
2022-08-02,Placer,061,380077,73305,72834,9244,82078,646
2022-08-02,Plumas,063,18699,3514,3496,427,3923,13
2022-08-02,Riverside,065,2383286,670890,666773,33191,699964,6547
2022-08-02,Sacramento,067,1510023,333729,331584,32857,364441,3162
2022-08-02,San Benito,069,59416,15513,15338,854,16192,100
2022-08-02,San Bernardino,071,2135413,646927,636510,29043,665553,7951
2022-08-02,San Diego,073,3302833,891880,887729,67884,955613,5417
2022-08-02,San Francisco,075,870044,171663,170637,11494,182131,939
2022-08-02,San Joaquin,077,732212,190495,188962,13606,202568,2276
2022-08-02,San Luis Obispo,079,281455,61281,60648,6557,67205,504
2022-08-02,San Mateo,081,765935,161993,160258,10041,170299,725
2022-08-02,Santa Barbara,083,443738,101360,100558,6278,106836,710
2022-08-02,Santa Clara,085,1922200,417249,410394,17961,428355,2383
2022-08-02,Santa Cruz,087,273765,60199,59661,3215,62876,269
2022-08-02,Shasta,089,179085,33826,33630,7002,40632,582
2022-08-02,Sierra,091,2930,296,295,59,354,4
2022-08-02,Siskiyou,093,43540,4956,5021,3189,8210,86
2022-08-02,Solano,095,438530,101368,99608,7413,107021,459
2022-08-02,Sonoma,097,501317,103063,102306,4973,107279,500
2022-08-02,Stanislaus,099,539301,132733,131869,20476,152345,1701
2022-08-02,Sutter,101,95872,23159,23056,2394,25450,228
2022-08-02,Tehama,103,63373,13221,13135,2932,16067,209
2022-08-02,Trinity,105,12862,1354,1342,348,1690,20
2022-08-02,Tulare,107,460477,117929,117288,33305,150593,1516
2022-08-02,Tuolumne,109,53932,14948,14778,876,15654,196
2022-08-02,Ventura,111,848112,200587,199530,14247,213777,1536
2022-08-02,Yolo,113,214977,45979,45757,3970,49727,330
2022-08-02,Yuba,115,75493,18098,18036,1578,19614,124
2022-08-01,Alameda,001,1643700,331956,330158,18479,348637,1941
2022-08-01,Alpine,002,1148,130,130,1,131,0
2022-08-01,Amador,005,37829,9663,9627,856,10483,88
2022-08-01,Butte,007,227075,37859,37567,8524,46091,444
2022-08-01,Calaveras,009,45235,8213,8194,479,8673,128
2022-08-01,Colusa,011,21464,3694,3676,1195,4871,22
2022-08-01,Contra Costa,013,1133247,240975,236190,19438,255628,1381
2022-08-01,Del Norte,015,27424,7195,7156,376,7532,54
2022-08-01,El Dorado,017,186661,31223,31165,4031,35196,222
2022-08-01,Fresno,019,978130,268101,262758,29571,292329,2806
2022-08-01,Glenn,021,27897,5395,5363,1799,7162,48
2022-08-01,Humboldt,023,135768,20742,20640,4460,25100,153
2022-08-01,Imperial,025,180216,63277,62884,14274,77158,949
2022-08-01,Inyo,027,18085,4415,4398,816,5214,57
2022-08-01,Kern,029,883053,212853,211047,57797,268844,2375
2022-08-01,Kings,031,150075,57258,57065,3888,60953,453
2022-08-01,Lake,033,64148,12218,12172,1096,13268,142
2022-08-01,Lassen,035,31185,9659,9563,962,10525,64
2022-08-01,Los Angeles,037,10098052,3161268,3140955,166226,3307181,32500
2022-08-01,Madera,039,155013,42134,41918,7495,49413,372
2022-08-01,Marin,041,260295,34892,43127,4917,48044,300
2022-08-01,Mariposa,043,17540,2970,2950,315,3265,30
2022-08-01,Mendocino,045,87422,15373,15260,4171,19431,132
2022-08-01,Merced,047,269075,70761,69198,10862,80060,838
2022-08-01,Modoc,049,8938,855,842,310,1152,11
2022-08-01,Mono,051,14174,3169,3157,228,3385,7
2022-08-01,Monterey,053,433212,91048,90456,19158,109614,754
2022-08-01,Napa,055,140530,31196,30935,1344,32279,151
2022-08-01,Nevada,057,99092,18335,18253,1681,19934,132
2022-08-01,Orange,059,3164182,644537,640110,58296,698406,7202
2022-08-01,Placer,061,380077,73237,72834,9230,82064,646
2022-08-01,Plumas,063,18699,3510,3496,427,3923,13
2022-08-01,Riverside,065,2383286,669870,666773,33144,699917,6547
2022-08-01,Sacramento,067,1510023,333285,331584,32814,364398,3162
2022-08-01,San Benito,069,59416,15492,15338,854,16192,100
2022-08-01,San Bernardino,071,2135413,645992,636510,28984,665494,7951
2022-08-01,San Diego,073,3302833,890454,887729,67709,955438,5417
2022-08-01,San Francisco,075,870044,171408,170637,11480,182117,939
2022-08-01,San Joaquin,077,732212,190223,188962,13564,202526,2276
2022-08-01,San Luis Obispo,079,281455,61182,60648,6543,67191,504
2022-08-01,San Mateo,081,765935,161697,160258,10029,170287,725
2022-08-01,Santa Barbara,083,443738,101185,100558,6253,106811,710
2022-08-01,Santa Clara,085,1922200,416462,410394,17935,428329,2383
2022-08-01,Santa Cruz,087,273765,60093,59661,3203,62864,269
2022-08-01,Shasta,089,179085,33797,33630,6992,40622,582
2022-08-01,Sierra,091,2930,296,295,59,354,4
2022-08-01,Siskiyou,093,43540,4950,5021,3183,8204,86
2022-08-01,Solano,095,438530,101185,99608,7394,107002,459
2022-08-01,Sonoma,097,501317,102894,102306,4963,107269,500
2022-08-01,Stanislaus,099,539301,132558,131869,20447,152316,1701
2022-08-01,Sutter,101,95872,23104,23056,2393,25449,228
2022-08-01,Tehama,103,63373,13205,13135,2926,16061,209
2022-08-01,Trinity,105,12862,1353,1342,347,1689,20
2022-08-01,Tulare,107,460477,117752,117288,33228,150516,1516
2022-08-01,Tuolumne,109,53932,14929,14778,876,15654,196
2022-08-01,Ventura,111,848112,200330,199530,14203,213733,1536
2022-08-01,Yolo,113,214977,45928,45757,3955,49712,330
2022-08-01,Yuba,115,75493,18074,18036,1574,19610,124
2022-07-31,Alameda,001,1643700,331218,327608,18441,346049,1941
2022-07-31,Alpine,002,1148,130,130,1,131,0
2022-07-31,Amador,005,37829,9650,9609,851,10460,88
2022-07-31,Butte,007,227075,37783,37349,8504,45853,444
2022-07-31,Calaveras,009,45235,8201,8145,476,8621,128
2022-07-31,Colusa,011,21464,3690,3664,1193,4857,22
2022-07-31,Contra Costa,013,1133247,240497,234635,19369,254004,1375
2022-07-31,Del Norte,015,27424,7183,7136,373,7509,54
2022-07-31,El Dorado,017,186661,31196,31007,4022,35029,222
2022-07-31,Fresno,019,978130,267544,260858,29486,290344,2805
2022-07-31,Glenn,021,27897,5392,5350,1797,7147,48
2022-07-31,Humboldt,023,135768,20702,20523,4429,24952,151
2022-07-31,Imperial,025,180216,63172,62471,14195,76666,949
2022-07-31,Inyo,027,18085,4410,4388,811,5199,57
2022-07-31,Kern,029,883053,212538,210190,57552,267742,2375
2022-07-31,Kings,031,150075,57132,56673,3879,60552,454
2022-07-31,Lake,033,64148,12202,12102,1094,13196,142
2022-07-31,Lassen,035,31185,9579,9548,962,10510,64
2022-07-31,Los Angeles,037,10098052,3156008,3122700,165598,3288298,32445
2022-07-31,Madera,039,155013,42046,41641,7462,49103,372
2022-07-31,Marin,041,260295,34820,42840,4904,47744,300
2022-07-31,Mariposa,043,17540,2964,2940,314,3254,30
2022-07-31,Mendocino,045,87422,15354,15172,4162,19334,132
2022-07-31,Merced,047,269075,70632,68853,10818,79671,838
2022-07-31,Modoc,049,8938,851,841,310,1151,11
2022-07-31,Mono,051,14174,3168,3155,225,3380,7
2022-07-31,Monterey,053,433212,90888,89974,19074,109048,754
2022-07-31,Napa,055,140530,31129,30777,1341,32118,150
2022-07-31,Nevada,057,99092,18297,18187,1679,19866,131
2022-07-31,Orange,059,3164182,643497,636403,58087,694490,7194
2022-07-31,Placer,061,380077,73134,72444,9214,81658,647
2022-07-31,Plumas,063,18699,3504,3490,426,3916,13
2022-07-31,Riverside,065,2383286,668781,662929,33062,695991,6543
2022-07-31,Sacramento,067,1510023,332686,329639,32757,362396,3156
2022-07-31,San Benito,069,59416,15459,15256,848,16104,100
2022-07-31,San Bernardino,071,2135413,644837,633131,28886,662017,7941
2022-07-31,San Diego,073,3302833,888843,881822,67560,949382,5409
2022-07-31,San Francisco,075,870044,171011,169564,11440,181004,937
2022-07-31,San Joaquin,077,732212,189863,187937,13476,201413,2276
2022-07-31,San Luis Obispo,079,281455,61034,60370,6508,66878,503
2022-07-31,San Mateo,081,765935,161448,159145,10002,169147,726
2022-07-31,Santa Barbara,083,443738,100953,99946,6211,106157,708
2022-07-31,Santa Clara,085,1922200,415683,407392,17902,425294,2381
2022-07-31,Santa Cruz,087,273765,59925,59227,3187,62414,269
2022-07-31,Shasta,089,179085,33746,33454,6969,40423,581
2022-07-31,Sierra,091,2930,296,293,59,352,4
2022-07-31,Siskiyou,093,43540,4940,4997,3180,8177,86
2022-07-31,Solano,095,438530,100985,99034,7380,106414,457
2022-07-31,Sonoma,097,501317,102740,101747,4937,106684,500
2022-07-31,Stanislaus,099,539301,132320,131081,20400,151481,1696
2022-07-31,Sutter,101,95872,23060,22931,2382,25313,228
2022-07-31,Tehama,103,63373,13197,13079,2917,15996,208
2022-07-31,Trinity,105,12862,1351,1340,346,1686,20
2022-07-31,Tulare,107,460477,117561,116640,33107,149747,1514
2022-07-31,Tuolumne,109,53932,14905,14701,873,15574,196
2022-07-31,Ventura,111,848112,200011,198498,14123,212621,1530
2022-07-31,Yolo,113,214977,45867,45511,3944,49455,327
2022-07-31,Yuba,115,75493,18043,17951,1566,19517,124
2022-07-30,Alameda,001,1643700,330879,327608,18422,346030,1941
2022-07-30,Alpine,002,1148,130,130,1,131,0
2022-07-30,Amador,005,37829,9648,9609,846,10455,88
2022-07-30,Butte,007,227075,37754,37349,8495,45844,444
2022-07-30,Calaveras,009,45235,8191,8145,475,8620,128
2022-07-30,Colusa,011,21464,3685,3664,1193,4857,22
2022-07-30,Contra Costa,013,1133247,240221,234635,19328,253963,1375
2022-07-30,Del Norte,015,27424,7178,7136,371,7507,54
2022-07-30,El Dorado,017,186661,31177,31007,4018,35025,222
2022-07-30,Fresno,019,978130,267337,260858,29441,290299,2805
2022-07-30,Glenn,021,27897,5387,5350,1796,7146,48
2022-07-30,Humboldt,023,135768,20683,20523,4417,24940,151
2022-07-30,Imperial,025,180216,63124,62471,14167,76638,949
2022-07-30,Inyo,027,18085,4409,4388,807,5195,57
2022-07-30,Kern,029,883053,212409,210190,57409,267599,2375
2022-07-30,Kings,031,150075,57099,56673,3879,60552,454
2022-07-30,Lake,033,64148,12192,12102,1093,13195,142
2022-07-30,Lassen,035,31185,9578,9548,960,10508,64
2022-07-30,Los Angeles,037,10098052,3153522,3122700,165196,3287896,32445
2022-07-30,Madera,039,155013,42012,41641,7457,49098,372
2022-07-30,Marin,041,260295,34788,42840,4902,47742,300
2022-07-30,Mariposa,043,17540,2962,2940,313,3253,30
2022-07-30,Mendocino,045,87422,15330,15172,4158,19330,132
2022-07-30,Merced,047,269075,70581,68853,10811,79664,838
2022-07-30,Modoc,049,8938,851,841,310,1151,11
2022-07-30,Mono,051,14174,3167,3155,224,3379,7
2022-07-30,Monterey,053,433212,90796,89974,19027,109001,754
2022-07-30,Napa,055,140530,31101,30777,1338,32115,150
2022-07-30,Nevada,057,99092,18288,18187,1675,19862,131
2022-07-30,Orange,059,3164182,642936,636403,57977,694380,7194
2022-07-30,Placer,061,380077,73095,72444,9201,81645,647
2022-07-30,Plumas,063,18699,3504,3490,426,3916,13
2022-07-30,Riverside,065,2383286,668229,662929,33033,695962,6543
2022-07-30,Sacramento,067,1510023,332443,329639,32746,362385,3156
2022-07-30,San Benito,069,59416,15446,15256,845,16101,100
2022-07-30,San Bernardino,071,2135413,644348,633131,28843,661974,7941
2022-07-30,San Diego,073,3302833,888198,881822,67501,949323,5409
2022-07-30,San Francisco,075,870044,170859,169564,11430,180994,937
2022-07-30,San Joaquin,077,732212,189737,187937,13446,201383,2276
2022-07-30,San Luis Obispo,079,281455,60994,60370,6495,66865,503
2022-07-30,San Mateo,081,765935,161263,159145,9984,169129,726
2022-07-30,Santa Barbara,083,443738,100860,99946,6192,106138,708
2022-07-30,Santa Clara,085,1922200,415196,407392,17884,425276,2381
2022-07-30,Santa Cruz,087,273765,59859,59227,3180,62407,269
2022-07-30,Shasta,089,179085,33726,33454,6968,40422,581
2022-07-30,Sierra,091,2930,296,293,59,352,4
2022-07-30,Siskiyou,093,43540,4940,4997,3178,8175,86
2022-07-30,Solano,095,438530,100927,99034,7367,106401,457
2022-07-30,Sonoma,097,501317,102650,101747,4930,106677,500
2022-07-30,Stanislaus,099,539301,132188,131081,20375,151456,1696
2022-07-30,Sutter,101,95872,23035,22931,2381,25312,228
2022-07-30,Tehama,103,63373,13191,13079,2914,15993,208
2022-07-30,Trinity,105,12862,1351,1340,346,1686,20
2022-07-30,Tulare,107,460477,117469,116640,33042,149682,1514
2022-07-30,Tuolumne,109,53932,14886,14701,873,15574,196
2022-07-30,Ventura,111,848112,199839,198498,14090,212588,1530
2022-07-30,Yolo,113,214977,45840,45511,3941,49452,327
2022-07-30,Yuba,115,75493,18030,17951,1566,19517,124
2022-07-29,Alameda,001,1643700,330518,327608,18394,346002,1941
2022-07-29,Alpine,002,1148,130,130,1,131,0
2022-07-29,Amador,005,37829,9647,9609,845,10454,88
2022-07-29,Butte,007,227075,37723,37349,8478,45827,444
2022-07-29,Calaveras,009,45235,8187,8145,475,8620,128
2022-07-29,Colusa,011,21464,3685,3664,1193,4857,22
2022-07-29,Contra Costa,013,1133247,239992,234635,19304,253939,1375
2022-07-29,Del Norte,015,27424,7173,7136,370,7506,54
2022-07-29,El Dorado,017,186661,31155,31007,4017,35024,222
2022-07-29,Fresno,019,978130,267091,260858,29392,290250,2805
2022-07-29,Glenn,021,27897,5384,5350,1795,7145,48
2022-07-29,Humboldt,023,135768,20657,20523,4407,24930,151
2022-07-29,Imperial,025,180216,63063,62471,14139,76610,949
2022-07-29,Inyo,027,18085,4408,4388,806,5194,57
2022-07-29,Kern,029,883053,212240,210190,57269,267459,2375
2022-07-29,Kings,031,150075,57062,56673,3878,60551,454
2022-07-29,Lake,033,64148,12177,12102,1090,13192,142
2022-07-29,Lassen,035,31185,9576,9548,960,10508,64
2022-07-29,Los Angeles,037,10098052,3150655,3122700,164863,3287563,32445
2022-07-29,Madera,039,155013,41967,41641,7446,49087,372
2022-07-29,Marin,041,260295,34741,42840,4894,47734,300
2022-07-29,Mariposa,043,17540,2961,2940,313,3253,30
2022-07-29,Mendocino,045,87422,15312,15172,4146,19318,132
2022-07-29,Merced,047,269075,70519,68853,10795,79648,838
2022-07-29,Modoc,049,8938,851,841,310,1151,11
2022-07-29,Mono,051,14174,3166,3155,223,3378,7
2022-07-29,Monterey,053,433212,90703,89974,18992,108966,754
2022-07-29,Napa,055,140530,31076,30777,1337,32114,150
2022-07-29,Nevada,057,99092,18277,18187,1673,19860,131
2022-07-29,Orange,059,3164182,642341,636403,57833,694236,7194
2022-07-29,Placer,061,380077,73022,72444,9187,81631,647
2022-07-29,Plumas,063,18699,3503,3490,426,3916,13
2022-07-29,Riverside,065,2383286,667686,662929,32988,695917,6543
2022-07-29,Sacramento,067,1510023,332131,329639,32726,362365,3156
2022-07-29,San Benito,069,59416,15428,15256,844,16100,100
2022-07-29,San Bernardino,071,2135413,643812,633131,28809,661940,7941
2022-07-29,San Diego,073,3302833,887346,881822,67391,949213,5409
2022-07-29,San Francisco,075,870044,170682,169564,11418,180982,937
2022-07-29,San Joaquin,077,732212,189621,187937,13421,201358,2276
2022-07-29,San Luis Obispo,079,281455,60958,60370,6483,66853,503
2022-07-29,San Mateo,081,765935,161087,159145,9975,169120,726
2022-07-29,Santa Barbara,083,443738,100737,99946,6182,106128,708
2022-07-29,Santa Clara,085,1922200,414719,407392,17863,425255,2381
2022-07-29,Santa Cruz,087,273765,59783,59227,3177,62404,269
2022-07-29,Shasta,089,179085,33699,33454,6961,40415,581
2022-07-29,Sierra,091,2930,296,293,58,351,4
2022-07-29,Siskiyou,093,43540,4939,4997,3178,8175,86
2022-07-29,Solano,095,438530,100797,99034,7355,106389,457
2022-07-29,Sonoma,097,501317,102546,101747,4919,106666,500
2022-07-29,Stanislaus,099,539301,132086,131081,20363,151444,1696
2022-07-29,Sutter,101,95872,23015,22931,2381,25312,228
2022-07-29,Tehama,103,63373,13184,13079,2912,15991,208
2022-07-29,Trinity,105,12862,1347,1340,345,1685,20
2022-07-29,Tulare,107,460477,117368,116640,32982,149622,1514
2022-07-29,Tuolumne,109,53932,14872,14701,872,15573,196
2022-07-29,Ventura,111,848112,199689,198498,14050,212548,1530
2022-07-29,Yolo,113,214977,45805,45511,3928,49439,327
2022-07-29,Yuba,115,75493,18009,17951,1564,19515,124
2022-07-28,Alameda,001,1643700,330027,327608,18346,345954,1941
2022-07-28,Alpine,002,1148,130,130,1,131,0
2022-07-28,Amador,005,37829,9640,9609,844,10453,88
2022-07-28,Butte,007,227075,37671,37349,8465,45814,444
2022-07-28,Calaveras,009,45235,8176,8145,474,8619,128
2022-07-28,Colusa,011,21464,3679,3664,1193,4857,22
2022-07-28,Contra Costa,013,1133247,239625,234635,19251,253886,1375
2022-07-28,Del Norte,015,27424,7167,7136,369,7505,54
2022-07-28,El Dorado,017,186661,31120,31007,4012,35019,222
2022-07-28,Fresno,019,978130,266659,260858,29317,290175,2805
2022-07-28,Glenn,021,27897,5382,5350,1791,7141,48
2022-07-28,Humboldt,023,135768,20623,20523,4396,24919,151
2022-07-28,Imperial,025,180216,62964,62471,14075,76546,949
2022-07-28,Inyo,027,18085,4404,4388,804,5192,57
2022-07-28,Kern,029,883053,211984,210190,57100,267290,2375
2022-07-28,Kings,031,150075,56959,56673,3875,60548,454
2022-07-28,Lake,033,64148,12160,12102,1089,13191,142
2022-07-28,Lassen,035,31185,9571,9548,960,10508,64
2022-07-28,Los Angeles,037,10098052,3146328,3122700,164311,3287011,32445
2022-07-28,Madera,039,155013,41909,41641,7437,49078,372
2022-07-28,Marin,041,260295,34693,42840,4889,47729,300
2022-07-28,Mariposa,043,17540,2958,2940,310,3250,30
2022-07-28,Mendocino,045,87422,15291,15172,4135,19307,132
2022-07-28,Merced,047,269075,70437,68853,10755,79608,838
2022-07-28,Modoc,049,8938,848,841,310,1151,11
2022-07-28,Mono,051,14174,3166,3155,222,3377,7
2022-07-28,Monterey,053,433212,90547,89974,18917,108891,754
2022-07-28,Napa,055,140530,31037,30777,1335,32112,150
2022-07-28,Nevada,057,99092,18264,18187,1667,19854,131
2022-07-28,Orange,059,3164182,641383,636403,57677,694080,7194
2022-07-28,Placer,061,380077,72931,72444,9166,81610,647
2022-07-28,Plumas,063,18699,3502,3490,426,3916,13
2022-07-28,Riverside,065,2383286,666879,662929,32937,695866,6543
2022-07-28,Sacramento,067,1510023,331715,329639,32697,362336,3156
2022-07-28,San Benito,069,59416,15399,15256,839,16095,100
2022-07-28,San Bernardino,071,2135413,642963,633131,28766,661897,7941
2022-07-28,San Diego,073,3302833,885996,881822,67260,949082,5409
2022-07-28,San Francisco,075,870044,170445,169564,11388,180952,937
2022-07-28,San Joaquin,077,732212,189367,187937,13373,201310,2276
2022-07-28,San Luis Obispo,079,281455,60870,60370,6463,66833,503
2022-07-28,San Mateo,081,765935,160830,159145,9962,169107,726
2022-07-28,Santa Barbara,083,443738,100598,99946,6151,106097,708
2022-07-28,Santa Clara,085,1922200,414076,407392,17830,425222,2381
2022-07-28,Santa Cruz,087,273765,59665,59227,3165,62392,269
2022-07-28,Shasta,089,179085,33671,33454,6946,40400,581
2022-07-28,Sierra,091,2930,296,293,58,351,4
2022-07-28,Siskiyou,093,43540,4935,4997,3172,8169,86
2022-07-28,Solano,095,438530,100647,99034,7344,106378,457
2022-07-28,Sonoma,097,501317,102422,101747,4893,106640,500
2022-07-28,Stanislaus,099,539301,131937,131081,20322,151403,1696
2022-07-28,Sutter,101,95872,22984,22931,2376,25307,228
2022-07-28,Tehama,103,63373,13166,13079,2903,15982,208
2022-07-28,Trinity,105,12862,1346,1340,344,1684,20
2022-07-28,Tulare,107,460477,117240,116640,32884,149524,1514
2022-07-28,Tuolumne,109,53932,14853,14701,870,15571,196
2022-07-28,Ventura,111,848112,199421,198498,14010,212508,1530
2022-07-28,Yolo,113,214977,45756,45511,3916,49427,327
2022-07-28,Yuba,115,75493,17995,17951,1555,19506,124
2022-07-27,Alameda,001,1643700,329499,325669,18300,343969,1938
2022-07-27,Alpine,002,1148,130,130,1,131,0
2022-07-27,Amador,005,37829,9632,9568,843,10411,87
2022-07-27,Butte,007,227075,37627,37146,8453,45599,441
2022-07-27,Calaveras,009,45235,8166,8105,473,8578,130
2022-07-27,Colusa,011,21464,3671,3649,1193,4842,22
2022-07-27,Contra Costa,013,1133247,239267,233236,19202,252438,1374
2022-07-27,Del Norte,015,27424,7163,7161,369,7530,54
2022-07-27,El Dorado,017,186661,31074,30891,4003,34894,222
2022-07-27,Fresno,019,978130,266241,259483,29236,288719,2801
2022-07-27,Glenn,021,27897,5378,5327,1790,7117,48
2022-07-27,Humboldt,023,135768,20583,20406,4388,24794,150
2022-07-27,Imperial,025,180216,62880,62014,14021,76035,948
2022-07-27,Inyo,027,18085,4400,4381,800,5181,57
2022-07-27,Kern,029,883053,211747,209400,56885,266285,2368
2022-07-27,Kings,031,150075,56884,56417,3867,60284,451
2022-07-27,Lake,033,64148,12144,12025,1087,13112,142
2022-07-27,Lassen,035,31185,9566,9509,959,10468,64
2022-07-27,Los Angeles,037,10098052,3141550,3107063,163797,3270860,32392
2022-07-27,Madera,039,155013,41822,41423,7424,48847,372
2022-07-27,Marin,041,260295,34621,42624,4881,47505,300
2022-07-27,Mariposa,043,17540,2953,2927,310,3237,30
2022-07-27,Mendocino,045,87422,15262,15066,4120,19186,131
2022-07-27,Merced,047,269075,70323,68455,10725,79180,838
2022-07-27,Modoc,049,8938,846,840,310,1150,10
2022-07-27,Mono,051,14174,3164,3148,220,3368,7
2022-07-27,Monterey,053,433212,90413,89520,18845,108365,752
2022-07-27,Napa,055,140530,30992,30647,1334,31981,150
2022-07-27,Nevada,057,99092,18245,18134,1667,19801,132
2022-07-27,Orange,059,3164182,640376,632871,57496,690367,7188
2022-07-27,Placer,061,380077,72850,72194,9145,81339,647
2022-07-27,Plumas,063,18699,3496,3472,426,3898,13
2022-07-27,Riverside,065,2383286,665867,659650,32857,692507,6528
2022-07-27,Sacramento,067,1510023,331256,328249,32643,360892,3146
2022-07-27,San Benito,069,59416,15379,15188,837,16025,100
2022-07-27,San Bernardino,071,2135413,642085,629895,28711,658606,7937
2022-07-27,San Diego,073,3302833,884557,876507,67118,943625,5386
2022-07-27,San Francisco,075,870044,170198,168570,11372,179942,931
2022-07-27,San Joaquin,077,732212,189077,187066,13330,200396,2267
2022-07-27,San Luis Obispo,079,281455,60788,60180,6429,66609,502
2022-07-27,San Mateo,081,765935,160581,158343,9953,168296,724
2022-07-27,Santa Barbara,083,443738,100440,99460,6113,105573,707
2022-07-27,Santa Clara,085,1922200,413393,404896,17807,422703,2380
2022-07-27,Santa Cruz,087,273765,59570,58873,3152,62025,269
2022-07-27,Shasta,089,179085,33637,33314,6936,40250,578
2022-07-27,Sierra,091,2930,295,293,58,351,4
2022-07-27,Siskiyou,093,43540,4929,4975,3169,8144,84
2022-07-27,Solano,095,438530,100483,98579,7333,105912,457
2022-07-27,Sonoma,097,501317,102281,101316,4879,106195,499
2022-07-27,Stanislaus,099,539301,131737,130451,20280,150731,1695
2022-07-27,Sutter,101,95872,22948,22811,2370,25181,228
2022-07-27,Tehama,103,63373,13152,13036,2898,15934,207
2022-07-27,Trinity,105,12862,1345,1337,343,1680,20
2022-07-27,Tulare,107,460477,117079,116167,32811,148978,1514
2022-07-27,Tuolumne,109,53932,14823,14594,867,15461,196
2022-07-27,Ventura,111,848112,199141,197572,13945,211517,1527
2022-07-27,Yolo,113,214977,45710,45359,3899,49258,326
2022-07-27,Yuba,115,75493,17971,17873,1547,19420,124
2022-07-26,Alameda,001,1643700,328857,325669,18261,343930,1938
2022-07-26,Alpine,002,1148,130,130,1,131,0
2022-07-26,Amador,005,37829,9623,9568,839,10407,87
2022-07-26,Butte,007,227075,37567,37146,8436,45582,441
2022-07-26,Calaveras,009,45235,8156,8105,471,8576,130
2022-07-26,Colusa,011,21464,3670,3649,1193,4842,22
2022-07-26,Contra Costa,013,1133247,238831,233236,19146,252382,1374
2022-07-26,Del Norte,015,27424,7150,7161,369,7530,54
2022-07-26,El Dorado,017,186661,31030,30891,3998,34889,222
2022-07-26,Fresno,019,978130,265697,259483,29140,288623,2801
2022-07-26,Glenn,021,27897,5375,5327,1786,7113,48
2022-07-26,Humboldt,023,135768,20551,20406,4374,24780,150
2022-07-26,Imperial,025,180216,62760,62014,13940,75954,948
2022-07-26,Inyo,027,18085,4397,4381,798,5179,57
2022-07-26,Kern,029,883053,211421,209400,56665,266065,2368
2022-07-26,Kings,031,150075,56770,56417,3865,60282,451
2022-07-26,Lake,033,64148,12114,12025,1085,13110,142
2022-07-26,Lassen,035,31185,9563,9509,957,10466,64
2022-07-26,Los Angeles,037,10098052,3136516,3107063,163200,3270263,32392
2022-07-26,Madera,039,155013,41758,41423,7398,48821,372
2022-07-26,Marin,041,260295,34555,42624,4870,47494,300
2022-07-26,Mariposa,043,17540,2951,2927,310,3237,30
2022-07-26,Mendocino,045,87422,15238,15066,4109,19175,131
2022-07-26,Merced,047,269075,70231,68455,10700,79155,838
2022-07-26,Modoc,049,8938,844,840,310,1150,10
2022-07-26,Mono,051,14174,3162,3148,219,3367,7
2022-07-26,Monterey,053,433212,90274,89520,18759,108279,752
2022-07-26,Napa,055,140530,30954,30647,1328,31975,150
2022-07-26,Nevada,057,99092,18222,18134,1664,19798,132
2022-07-26,Orange,059,3164182,639258,632871,57267,690138,7188
2022-07-26,Placer,061,380077,72732,72194,9125,81319,647
2022-07-26,Plumas,063,18699,3493,3472,425,3897,13
2022-07-26,Riverside,065,2383286,664835,659650,32778,692428,6528
2022-07-26,Sacramento,067,1510023,330723,328249,32572,360821,3146
2022-07-26,San Benito,069,59416,15349,15188,835,16023,100
2022-07-26,San Bernardino,071,2135413,641091,629895,28642,658537,7937
2022-07-26,San Diego,073,3302833,882868,876507,66926,943433,5386
2022-07-26,San Francisco,075,870044,169909,168570,11357,179927,931
2022-07-26,San Joaquin,077,732212,188782,187066,13270,200336,2267
2022-07-26,San Luis Obispo,079,281455,60709,60180,6402,66582,502
2022-07-26,San Mateo,081,765935,160297,158343,9942,168285,724
2022-07-26,Santa Barbara,083,443738,100261,99460,6090,105550,707
2022-07-26,Santa Clara,085,1922200,412530,404896,17769,422665,2380
2022-07-26,Santa Cruz,087,273765,59466,58873,3135,62008,269
2022-07-26,Shasta,089,179085,33603,33314,6921,40235,578
2022-07-26,Sierra,091,2930,294,293,58,351,4
2022-07-26,Siskiyou,093,43540,4924,4975,3161,8136,84
2022-07-26,Solano,095,438530,100287,98579,7317,105896,457
2022-07-26,Sonoma,097,501317,102132,101316,4851,106167,499
2022-07-26,Stanislaus,099,539301,131524,130451,20255,150706,1695
2022-07-26,Sutter,101,95872,22918,22811,2369,25180,228
2022-07-26,Tehama,103,63373,13133,13036,2893,15929,207
2022-07-26,Trinity,105,12862,1344,1337,341,1678,20
2022-07-26,Tulare,107,460477,116928,116167,32723,148890,1514
2022-07-26,Tuolumne,109,53932,14804,14594,865,15459,196
2022-07-26,Ventura,111,848112,198830,197572,13886,211458,1527
2022-07-26,Yolo,113,214977,45659,45359,3888,49247,326
2022-07-26,Yuba,115,75493,17953,17873,1546,19419,124
2022-07-25,Alameda,001,1643700,328132,325669,18204,343873,1938
2022-07-25,Alpine,002,1148,130,130,1,131,0
2022-07-25,Amador,005,37829,9610,9568,836,10404,87
2022-07-25,Butte,007,227075,37491,37146,8421,45567,441
2022-07-25,Calaveras,009,45235,8145,8105,470,8575,130
2022-07-25,Colusa,011,21464,3668,3649,1190,4839,22
2022-07-25,Contra Costa,013,1133247,238347,233236,19065,252301,1374
2022-07-25,Del Norte,015,27424,7142,7161,368,7529,54
2022-07-25,El Dorado,017,186661,30991,30891,3984,34875,222
2022-07-25,Fresno,019,978130,265102,259483,29035,288518,2801
2022-07-25,Glenn,021,27897,5367,5327,1783,7110,48
2022-07-25,Humboldt,023,135768,20518,20406,4353,24759,150
2022-07-25,Imperial,025,180216,62641,62014,13852,75866,948
2022-07-25,Inyo,027,18085,4395,4381,792,5173,57
2022-07-25,Kern,029,883053,211124,209400,56437,265837,2368
2022-07-25,Kings,031,150075,56634,56417,3856,60273,451
2022-07-25,Lake,033,64148,12093,12025,1083,13108,142
2022-07-25,Lassen,035,31185,9556,9509,956,10465,64
2022-07-25,Los Angeles,037,10098052,3130660,3107063,162637,3269700,32392
2022-07-25,Madera,039,155013,41671,41423,7372,48795,372
2022-07-25,Marin,041,260295,34481,42624,4863,47487,300
2022-07-25,Mariposa,043,17540,2948,2927,307,3234,30
2022-07-25,Mendocino,045,87422,15199,15066,4096,19162,131
2022-07-25,Merced,047,269075,70118,68455,10669,79124,838
2022-07-25,Modoc,049,8938,839,840,308,1148,10
2022-07-25,Mono,051,14174,3160,3148,218,3366,7
2022-07-25,Monterey,053,433212,90118,89520,18649,108169,752
2022-07-25,Napa,055,140530,30909,30647,1327,31974,150
2022-07-25,Nevada,057,99092,18210,18134,1657,19791,132
2022-07-25,Orange,059,3164182,637998,632871,57059,689930,7188
2022-07-25,Placer,061,380077,72649,72194,9119,81313,647
2022-07-25,Plumas,063,18699,3487,3472,424,3896,13
2022-07-25,Riverside,065,2383286,663742,659650,32700,692350,6528
2022-07-25,Sacramento,067,1510023,330188,328249,32509,360758,3146
2022-07-25,San Benito,069,59416,15315,15188,833,16021,100
2022-07-25,San Bernardino,071,2135413,639920,629895,28585,658480,7937
2022-07-25,San Diego,073,3302833,881088,876507,66733,943240,5386
2022-07-25,San Francisco,075,870044,169593,168570,11342,179912,931
2022-07-25,San Joaquin,077,732212,188489,187066,13194,200260,2267
2022-07-25,San Luis Obispo,079,281455,60604,60180,6369,66549,502
2022-07-25,San Mateo,081,765935,159923,158343,9921,168264,724
2022-07-25,Santa Barbara,083,443738,100066,99460,6065,105525,707
2022-07-25,Santa Clara,085,1922200,411635,404896,17683,422579,2380
2022-07-25,Santa Cruz,087,273765,59345,58873,3122,61995,269
2022-07-25,Shasta,089,179085,33550,33314,6913,40227,578
2022-07-25,Sierra,091,2930,293,293,58,351,4
2022-07-25,Siskiyou,093,43540,4921,4975,3152,8127,84
2022-07-25,Solano,095,438530,100039,98579,7301,105880,457
2022-07-25,Sonoma,097,501317,101973,101316,4833,106149,499
2022-07-25,Stanislaus,099,539301,131325,130451,20225,150676,1695
2022-07-25,Sutter,101,95872,22872,22811,2368,25179,228
2022-07-25,Tehama,103,63373,13116,13036,2885,15921,207
2022-07-25,Trinity,105,12862,1342,1337,341,1678,20
2022-07-25,Tulare,107,460477,116718,116167,32625,148792,1514
2022-07-25,Tuolumne,109,53932,14785,14594,865,15459,196
2022-07-25,Ventura,111,848112,198522,197572,13831,211403,1527
2022-07-25,Yolo,113,214977,45595,45359,3872,49231,326
2022-07-25,Yuba,115,75493,17915,17873,1545,19418,124
2022-07-24,Alameda,001,1643700,327328,323165,18157,341322,1933
2022-07-24,Alpine,002,1148,130,130,1,131,0
2022-07-24,Amador,005,37829,9588,9526,833,10359,87
2022-07-24,Butte,007,227075,37426,36994,8393,45387,440
2022-07-24,Calaveras,009,45235,8128,8064,468,8532,128
2022-07-24,Colusa,011,21464,3662,3639,1190,4829,22
2022-07-24,Contra Costa,013,1133247,237814,231714,18985,250699,1363
2022-07-24,Del Norte,015,27424,7123,7128,364,7492,54
2022-07-24,El Dorado,017,186661,30945,30722,3968,34690,222
2022-07-24,Fresno,019,978130,264448,257571,28931,286502,2792
2022-07-24,Glenn,021,27897,5361,5311,1781,7092,48
2022-07-24,Humboldt,023,135768,20485,20283,4336,24619,150
2022-07-24,Imperial,025,180216,62480,61671,13731,75402,948
2022-07-24,Inyo,027,18085,4391,4366,781,5147,57
2022-07-24,Kern,029,883053,210749,208535,56193,264728,2366
2022-07-24,Kings,031,150075,56510,56103,3844,59947,451
2022-07-24,Lake,033,64148,12067,11957,1080,13037,142
2022-07-24,Lassen,035,31185,9529,9504,953,10457,64
2022-07-24,Los Angeles,037,10098052,3124165,3085376,161950,3247326,32340
2022-07-24,Madera,039,155013,41572,41145,7341,48486,372
2022-07-24,Marin,041,260295,34411,42347,4851,47198,300
2022-07-24,Mariposa,043,17540,2945,2897,306,3203,30
2022-07-24,Mendocino,045,87422,15149,14988,4064,19052,131
2022-07-24,Merced,047,269075,69959,68127,10610,78737,837
2022-07-24,Modoc,049,8938,839,829,307,1136,10
2022-07-24,Mono,051,14174,3159,3141,218,3359,7
2022-07-24,Monterey,053,433212,89940,89067,18549,107616,747
2022-07-24,Napa,055,140530,30855,30495,1326,31821,148
2022-07-24,Nevada,057,99092,18191,18073,1648,19721,131
2022-07-24,Orange,059,3164182,636630,627948,56806,684754,7181
2022-07-24,Placer,061,380077,72524,71870,9106,80976,644
2022-07-24,Plumas,063,18699,3486,3464,424,3888,13
2022-07-24,Riverside,065,2383286,662440,655603,32587,688190,6527
2022-07-24,Sacramento,067,1510023,329503,326216,32438,358654,3136
2022-07-24,San Benito,069,59416,15291,15049,832,15881,100
2022-07-24,San Bernardino,071,2135413,638531,626059,28506,654565,7933
2022-07-24,San Diego,073,3302833,879015,870102,66540,936642,5380
2022-07-24,San Francisco,075,870044,169138,167260,11312,178572,931
2022-07-24,San Joaquin,077,732212,188128,186142,13117,199259,2267
2022-07-24,San Luis Obispo,079,281455,60457,59919,6337,66256,500
2022-07-24,San Mateo,081,765935,159580,157266,9900,167166,724
2022-07-24,Santa Barbara,083,443738,99839,98826,6026,104852,706
2022-07-24,Santa Clara,085,1922200,410671,401495,17643,419138,2381
2022-07-24,Santa Cruz,087,273765,59173,58386,3101,61487,268
2022-07-24,Shasta,089,179085,33485,33185,6898,40083,578
2022-07-24,Sierra,091,2930,293,293,58,351,4
2022-07-24,Siskiyou,093,43540,4917,4938,3137,8075,84
2022-07-24,Solano,095,438530,99822,98016,7286,105302,457
2022-07-24,Sonoma,097,501317,101770,100735,4812,105547,499
2022-07-24,Stanislaus,099,539301,131032,129813,20188,150001,1695
2022-07-24,Sutter,101,95872,22821,22687,2365,25052,228
2022-07-24,Tehama,103,63373,13103,12974,2875,15849,207
2022-07-24,Trinity,105,12862,1341,1330,339,1669,20
2022-07-24,Tulare,107,460477,116531,115548,32522,148070,1513
2022-07-24,Tuolumne,109,53932,14751,14514,864,15378,196
2022-07-24,Ventura,111,848112,198114,196127,13729,209856,1525
2022-07-24,Yolo,113,214977,45519,45141,3860,49001,327
2022-07-24,Yuba,115,75493,17888,17770,1543,19313,124
2022-07-23,Alameda,001,1643700,326915,323165,18141,341306,1933
2022-07-23,Alpine,002,1148,130,130,1,131,0
2022-07-23,Amador,005,37829,9578,9526,833,10359,87
2022-07-23,Butte,007,227075,37379,36994,8386,45380,440
2022-07-23,Calaveras,009,45235,8117,8064,468,8532,128
2022-07-23,Colusa,011,21464,3657,3639,1190,4829,22
2022-07-23,Contra Costa,013,1133247,237515,231714,18955,250669,1363
2022-07-23,Del Norte,015,27424,7120,7128,363,7491,54
2022-07-23,El Dorado,017,186661,30927,30722,3966,34688,222
2022-07-23,Fresno,019,978130,264222,257571,28869,286440,2792
2022-07-23,Glenn,021,27897,5359,5311,1779,7090,48
2022-07-23,Humboldt,023,135768,20458,20283,4323,24606,150
2022-07-23,Imperial,025,180216,62417,61671,13709,75380,948
2022-07-23,Inyo,027,18085,4389,4366,780,5146,57
2022-07-23,Kern,029,883053,210576,208535,56049,264584,2366
2022-07-23,Kings,031,150075,56467,56103,3841,59944,451
2022-07-23,Lake,033,64148,12056,11957,1079,13036,142
2022-07-23,Lassen,035,31185,9527,9504,953,10457,64
2022-07-23,Los Angeles,037,10098052,3121318,3085376,161495,3246871,32340
2022-07-23,Madera,039,155013,41510,41145,7335,48480,372
2022-07-23,Marin,041,260295,34336,42347,4841,47188,300
2022-07-23,Mariposa,043,17540,2942,2897,306,3203,30
2022-07-23,Mendocino,045,87422,15129,14988,4057,19045,131
2022-07-23,Merced,047,269075,69889,68127,10595,78722,837
2022-07-23,Modoc,049,8938,839,829,307,1136,10
2022-07-23,Mono,051,14174,3158,3141,218,3359,7
2022-07-23,Monterey,053,433212,89852,89067,18528,107595,747
2022-07-23,Napa,055,140530,30822,30495,1325,31820,148
2022-07-23,Nevada,057,99092,18179,18073,1646,19719,131
2022-07-23,Orange,059,3164182,635922,627948,56604,684552,7181
2022-07-23,Placer,061,380077,72453,71870,9096,80966,644
2022-07-23,Plumas,063,18699,3485,3464,424,3888,13
2022-07-23,Riverside,065,2383286,661733,655603,32547,688150,6527
2022-07-23,Sacramento,067,1510023,329228,326216,32419,358635,3136
2022-07-23,San Benito,069,59416,15283,15049,823,15872,100
2022-07-23,San Bernardino,071,2135413,637901,626059,28463,654522,7933
2022-07-23,San Diego,073,3302833,878190,870102,66480,936582,5380
2022-07-23,San Francisco,075,870044,168946,167260,11296,178556,931
2022-07-23,San Joaquin,077,732212,187972,186142,13094,199236,2267
2022-07-23,San Luis Obispo,079,281455,60428,59919,6326,66245,500
2022-07-23,San Mateo,081,765935,159400,157266,9886,167152,724
2022-07-23,Santa Barbara,083,443738,99740,98826,5995,104821,706
2022-07-23,Santa Clara,085,1922200,410057,401495,17618,419113,2381
2022-07-23,Santa Cruz,087,273765,59122,58386,3089,61475,268
2022-07-23,Shasta,089,179085,33446,33185,6892,40077,578
2022-07-23,Sierra,091,2930,293,293,58,351,4
2022-07-23,Siskiyou,093,43540,4915,4938,3135,8073,84
2022-07-23,Solano,095,438530,99754,98016,7280,105296,457
2022-07-23,Sonoma,097,501317,101682,100735,4802,105537,499
2022-07-23,Stanislaus,099,539301,130901,129813,20152,149965,1695
2022-07-23,Sutter,101,95872,22800,22687,2365,25052,228
2022-07-23,Tehama,103,63373,13089,12974,2872,15846,207
2022-07-23,Trinity,105,12862,1341,1330,338,1668,20
2022-07-23,Tulare,107,460477,116414,115548,32453,148001,1513
2022-07-23,Tuolumne,109,53932,14728,14514,864,15378,196
2022-07-23,Ventura,111,848112,197929,196127,13694,209821,1525
2022-07-23,Yolo,113,214977,45483,45141,3852,48993,327
2022-07-23,Yuba,115,75493,17875,17770,1539,19309,124
2022-07-22,Alameda,001,1643700,326499,323165,18112,341277,1933
2022-07-22,Alpine,002,1148,130,130,1,131,0
2022-07-22,Amador,005,37829,9572,9526,832,10358,87
2022-07-22,Butte,007,227075,37344,36994,8370,45364,440
2022-07-22,Calaveras,009,45235,8108,8064,468,8532,128
2022-07-22,Colusa,011,21464,3656,3639,1186,4825,22
2022-07-22,Contra Costa,013,1133247,237221,231714,18918,250632,1363
2022-07-22,Del Norte,015,27424,7113,7128,363,7491,54
2022-07-22,El Dorado,017,186661,30898,30722,3961,34683,222
2022-07-22,Fresno,019,978130,263938,257571,28816,286387,2792
2022-07-22,Glenn,021,27897,5355,5311,1778,7089,48
2022-07-22,Humboldt,023,135768,20434,20283,4313,24596,150
2022-07-22,Imperial,025,180216,62326,61671,13677,75348,948
2022-07-22,Inyo,027,18085,4389,4366,773,5139,57
2022-07-22,Kern,029,883053,210367,208535,55900,264435,2366
2022-07-22,Kings,031,150075,56431,56103,3840,59943,451
2022-07-22,Lake,033,64148,12042,11957,1077,13034,142
2022-07-22,Lassen,035,31185,9527,9504,953,10457,64
2022-07-22,Los Angeles,037,10098052,3117781,3085376,161046,3246422,32340
2022-07-22,Madera,039,155013,41467,41145,7324,48469,372
2022-07-22,Marin,041,260295,34281,42347,4833,47180,300
2022-07-22,Mariposa,043,17540,2940,2897,306,3203,30
2022-07-22,Mendocino,045,87422,15105,14988,4049,19037,131
2022-07-22,Merced,047,269075,69819,68127,10583,78710,837
2022-07-22,Modoc,049,8938,839,829,307,1136,10
2022-07-22,Mono,051,14174,3157,3141,217,3358,7
2022-07-22,Monterey,053,433212,89762,89067,18494,107561,747
2022-07-22,Napa,055,140530,30790,30495,1325,31820,148
2022-07-22,Nevada,057,99092,18167,18073,1639,19712,131
2022-07-22,Orange,059,3164182,635143,627948,56445,684393,7181
2022-07-22,Placer,061,380077,72407,71870,9088,80958,644
2022-07-22,Plumas,063,18699,3484,3464,424,3888,13
2022-07-22,Riverside,065,2383286,660989,655603,32483,688086,6527
2022-07-22,Sacramento,067,1510023,328871,326216,32394,358610,3136
2022-07-22,San Benito,069,59416,15273,15049,823,15872,100
2022-07-22,San Bernardino,071,2135413,637275,626059,28418,654477,7933
2022-07-22,San Diego,073,3302833,877109,870102,66341,936443,5380
2022-07-22,San Francisco,075,870044,168752,167260,11267,178527,931
2022-07-22,San Joaquin,077,732212,187811,186142,13062,199204,2267
2022-07-22,San Luis Obispo,079,281455,60373,59919,6314,66233,500
2022-07-22,San Mateo,081,765935,159168,157266,9874,167140,724
2022-07-22,Santa Barbara,083,443738,99638,98826,5989,104815,706
2022-07-22,Santa Clara,085,1922200,409404,401495,17592,419087,2381
2022-07-22,Santa Cruz,087,273765,59016,58386,3081,61467,268
2022-07-22,Shasta,089,179085,33415,33185,6887,40072,578
2022-07-22,Sierra,091,2930,293,293,58,351,4
2022-07-22,Siskiyou,093,43540,4912,4938,3132,8070,84
2022-07-22,Solano,095,438530,99616,98016,7266,105282,457
2022-07-22,Sonoma,097,501317,101575,100735,4785,105520,499
2022-07-22,Stanislaus,099,539301,130771,129813,20127,149940,1695
2022-07-22,Sutter,101,95872,22776,22687,2364,25051,228
2022-07-22,Tehama,103,63373,13080,12974,2870,15844,207
2022-07-22,Trinity,105,12862,1339,1330,337,1667,20
2022-07-22,Tulare,107,460477,116300,115548,32396,147944,1513
2022-07-22,Tuolumne,109,53932,14704,14514,860,15374,196
2022-07-22,Ventura,111,848112,197742,196127,13659,209786,1525
2022-07-22,Yolo,113,214977,45429,45141,3835,48976,327
2022-07-22,Yuba,115,75493,17861,17770,1537,19307,124
2022-07-21,Alameda,001,1643700,325817,323165,18064,341229,1933
2022-07-21,Alpine,002,1148,130,130,1,131,0
2022-07-21,Amador,005,37829,9565,9526,830,10356,87
2022-07-21,Butte,007,227075,37304,36994,8350,45344,440
2022-07-21,Calaveras,009,45235,8093,8064,466,8530,128
2022-07-21,Colusa,011,21464,3652,3639,1184,4823,22
2022-07-21,Contra Costa,013,1133247,236838,231714,18860,250574,1363
2022-07-21,Del Norte,015,27424,7103,7128,363,7491,54
2022-07-21,El Dorado,017,186661,30847,30722,3958,34680,222
2022-07-21,Fresno,019,978130,263463,257571,28729,286300,2792
2022-07-21,Glenn,021,27897,5349,5311,1778,7089,48
2022-07-21,Humboldt,023,135768,20403,20283,4290,24573,150
2022-07-21,Imperial,025,180216,62213,61671,13581,75252,948
2022-07-21,Inyo,027,18085,4385,4366,766,5132,57
2022-07-21,Kern,029,883053,210091,208535,55717,264252,2366
2022-07-21,Kings,031,150075,56358,56103,3827,59930,451
2022-07-21,Lake,033,64148,12029,11957,1074,13031,142
2022-07-21,Lassen,035,31185,9524,9504,953,10457,64
2022-07-21,Los Angeles,037,10098052,3112159,3085376,160435,3245811,32340
2022-07-21,Madera,039,155013,41389,41145,7302,48447,372
2022-07-21,Marin,041,260295,34216,42347,4829,47176,300
2022-07-21,Mariposa,043,17540,2936,2897,305,3202,30
2022-07-21,Mendocino,045,87422,15079,14988,4043,19031,131
2022-07-21,Merced,047,269075,69714,68127,10558,78685,837
2022-07-21,Modoc,049,8938,837,829,307,1136,10
2022-07-21,Mono,051,14174,3153,3141,216,3357,7
2022-07-21,Monterey,053,433212,89638,89067,18420,107487,747
2022-07-21,Napa,055,140530,30745,30495,1325,31820,148
2022-07-21,Nevada,057,99092,18148,18073,1633,19706,131
2022-07-21,Orange,059,3164182,634007,627948,56213,684161,7181
2022-07-21,Placer,061,380077,72300,71870,9065,80935,644
2022-07-21,Plumas,063,18699,3483,3464,424,3888,13
2022-07-21,Riverside,065,2383286,659926,655603,32409,688012,6527
2022-07-21,Sacramento,067,1510023,328358,326216,32351,358567,3136
2022-07-21,San Benito,069,59416,15231,15049,820,15869,100
2022-07-21,San Bernardino,071,2135413,636249,626059,28353,654412,7933
2022-07-21,San Diego,073,3302833,875430,870102,66146,936248,5380
2022-07-21,San Francisco,075,870044,168396,167260,11215,178475,931
2022-07-21,San Joaquin,077,732212,187556,186142,13014,199156,2267
2022-07-21,San Luis Obispo,079,281455,60316,59919,6284,66203,500
2022-07-21,San Mateo,081,765935,158865,157266,9859,167125,724
2022-07-21,Santa Barbara,083,443738,99477,98826,5969,104795,706
2022-07-21,Santa Clara,085,1922200,408600,401495,17554,419049,2381
2022-07-21,Santa Cruz,087,273765,58898,58386,3066,61452,268
2022-07-21,Shasta,089,179085,33366,33185,6873,40058,578
2022-07-21,Sierra,091,2930,293,293,58,351,4
2022-07-21,Siskiyou,093,43540,4906,4938,3126,8064,84
2022-07-21,Solano,095,438530,99467,98016,7258,105274,457
2022-07-21,Sonoma,097,501317,101431,100735,4771,105506,499
2022-07-21,Stanislaus,099,539301,130581,129813,20103,149916,1695
2022-07-21,Sutter,101,95872,22749,22687,2362,25049,228
2022-07-21,Tehama,103,63373,13063,12974,2859,15833,207
2022-07-21,Trinity,105,12862,1335,1330,337,1667,20
2022-07-21,Tulare,107,460477,116140,115548,32323,147871,1513
2022-07-21,Tuolumne,109,53932,14671,14514,857,15371,196
2022-07-21,Ventura,111,848112,197416,196127,13569,209696,1525
2022-07-21,Yolo,113,214977,45367,45141,3822,48963,327
2022-07-21,Yuba,115,75493,17832,17770,1534,19304,124
2022-07-20,Alameda,001,1643700,325136,321347,18021,339368,1915
2022-07-20,Alpine,002,1148,130,130,1,131,0
2022-07-20,Amador,005,37829,9547,9478,828,10306,87
2022-07-20,Butte,007,227075,37255,36820,8330,45150,440
2022-07-20,Calaveras,009,45235,8084,8035,465,8500,126
2022-07-20,Colusa,011,21464,3648,3627,1182,4809,22
2022-07-20,Contra Costa,013,1133247,236438,230356,18811,249167,1362
2022-07-20,Del Norte,015,27424,7094,7081,363,7444,54
2022-07-20,El Dorado,017,186661,30816,30628,3948,34576,221
2022-07-20,Fresno,019,978130,262944,256217,28652,284869,2790
2022-07-20,Glenn,021,27897,5345,5287,1775,7062,48
2022-07-20,Humboldt,023,135768,20364,20149,4272,24421,150
2022-07-20,Imperial,025,180216,62068,61170,13487,74657,944
2022-07-20,Inyo,027,18085,4383,4355,761,5116,56
2022-07-20,Kern,029,883053,209791,207603,55528,263131,2366
2022-07-20,Kings,031,150075,56273,55836,3816,59652,449
2022-07-20,Lake,033,64148,12008,11895,1069,12964,142
2022-07-20,Lassen,035,31185,9515,9455,953,10408,64
2022-07-20,Los Angeles,037,10098052,3106548,3068779,159812,3228591,32292
2022-07-20,Madera,039,155013,41317,40902,7282,48184,372
2022-07-20,Marin,041,260295,34136,42153,4822,46975,300
2022-07-20,Mariposa,043,17540,2921,2884,303,3187,30
2022-07-20,Mendocino,045,87422,15064,14890,4031,18921,131
2022-07-20,Merced,047,269075,69614,67775,10534,78309,833
2022-07-20,Modoc,049,8938,836,799,306,1105,9
2022-07-20,Mono,051,14174,3150,3138,213,3351,7
2022-07-20,Monterey,053,433212,89500,88606,18339,106945,747
2022-07-20,Napa,055,140530,30707,30353,1322,31675,145
2022-07-20,Nevada,057,99092,18122,18020,1627,19647,131
2022-07-20,Orange,059,3164182,632726,624998,55970,680968,7173
2022-07-20,Placer,061,380077,72218,71614,9047,80661,639
2022-07-20,Plumas,063,18699,3477,3433,423,3856,13
2022-07-20,Riverside,065,2383286,658825,652192,32310,684502,6510
2022-07-20,Sacramento,067,1510023,327809,324765,32297,357062,3123
2022-07-20,San Benito,069,59416,15199,14966,817,15783,100
2022-07-20,San Bernardino,071,2135413,635203,622760,28289,651049,7921
2022-07-20,San Diego,073,3302833,873603,864434,65962,930396,5375
2022-07-20,San Francisco,075,870044,168067,166241,11197,177438,929
2022-07-20,San Joaquin,077,732212,187268,185319,12957,198276,2262
2022-07-20,San Luis Obispo,079,281455,60246,59727,6255,65982,499
2022-07-20,San Mateo,081,765935,158566,156191,9839,166030,724
2022-07-20,Santa Barbara,083,443738,99297,98322,5942,104264,703
2022-07-20,Santa Clara,085,1922200,407794,398816,17516,416332,2374
2022-07-20,Santa Cruz,087,273765,58785,58004,3053,61057,267
2022-07-20,Shasta,089,179085,33325,33017,6866,39883,576
2022-07-20,Sierra,091,2930,293,292,58,350,4
2022-07-20,Siskiyou,093,43540,4894,4921,3120,8041,84
2022-07-20,Solano,095,438530,99297,97577,7236,104813,459
2022-07-20,Sonoma,097,501317,101243,100304,4758,105062,499
2022-07-20,Stanislaus,099,539301,130414,129200,20059,149259,1695
2022-07-20,Sutter,101,95872,22714,22592,2359,24951,228
2022-07-20,Tehama,103,63373,13047,12923,2855,15778,205
2022-07-20,Trinity,105,12862,1335,1319,336,1655,20
2022-07-20,Tulare,107,460477,115954,115073,32212,147285,1510
2022-07-20,Tuolumne,109,53932,14645,14389,856,15245,196
2022-07-20,Ventura,111,848112,197097,195189,13496,208685,1522
2022-07-20,Yolo,113,214977,45311,44950,3811,48761,325
2022-07-20,Yuba,115,75493,17808,17661,1533,19194,124
2022-07-19,Alameda,001,1643700,324461,321347,17997,339344,1915
2022-07-19,Alpine,002,1148,130,130,1,131,0
2022-07-19,Amador,005,37829,9535,9478,824,10302,87
2022-07-19,Butte,007,227075,37202,36820,8316,45136,440
2022-07-19,Calaveras,009,45235,8074,8035,465,8500,126
2022-07-19,Colusa,011,21464,3645,3627,1178,4805,22
2022-07-19,Contra Costa,013,1133247,235986,230356,18754,249110,1362
2022-07-19,Del Norte,015,27424,7086,7081,362,7443,54
2022-07-19,El Dorado,017,186661,30773,30628,3939,34567,221
2022-07-19,Fresno,019,978130,262335,256217,28555,284772,2790
2022-07-19,Glenn,021,27897,5338,5287,1774,7061,48
2022-07-19,Humboldt,023,135768,20329,20149,4258,24407,150
2022-07-19,Imperial,025,180216,61934,61170,13397,74567,944
2022-07-19,Inyo,027,18085,4381,4355,759,5114,56
2022-07-19,Kern,029,883053,209511,207603,55335,262938,2366
2022-07-19,Kings,031,150075,56170,55836,3797,59633,449
2022-07-19,Lake,033,64148,11987,11895,1061,12956,142
2022-07-19,Lassen,035,31185,9507,9455,953,10408,64
2022-07-19,Los Angeles,037,10098052,3100371,3068779,159105,3227884,32292
2022-07-19,Madera,039,155013,41238,40902,7259,48161,372
2022-07-19,Marin,041,260295,34073,42153,4809,46962,300
2022-07-19,Mariposa,043,17540,2916,2884,302,3186,30
2022-07-19,Mendocino,045,87422,15032,14890,4020,18910,131
2022-07-19,Merced,047,269075,69509,67775,10502,78277,833
2022-07-19,Modoc,049,8938,835,799,306,1105,9
2022-07-19,Mono,051,14174,3146,3138,213,3351,7
2022-07-19,Monterey,053,433212,89349,88606,18259,106865,747
2022-07-19,Napa,055,140530,30651,30353,1318,31671,145
2022-07-19,Nevada,057,99092,18108,18020,1620,19640,131
2022-07-19,Orange,059,3164182,631425,624998,55720,680718,7173
2022-07-19,Placer,061,380077,72130,71614,9030,80644,639
2022-07-19,Plumas,063,18699,3471,3433,421,3854,13
2022-07-19,Riverside,065,2383286,657513,652192,32215,684407,6510
2022-07-19,Sacramento,067,1510023,327177,324765,32255,357020,3123
2022-07-19,San Benito,069,59416,15155,14966,815,15781,100
2022-07-19,San Bernardino,071,2135413,634082,622760,28216,650976,7921
2022-07-19,San Diego,073,3302833,871513,864434,65716,930150,5375
2022-07-19,San Francisco,075,870044,167716,166241,11178,177419,929
2022-07-19,San Joaquin,077,732212,186985,185319,12895,198214,2262
2022-07-19,San Luis Obispo,079,281455,60162,59727,6217,65944,499
2022-07-19,San Mateo,081,765935,158268,156191,9816,166007,724
2022-07-19,Santa Barbara,083,443738,99086,98322,5920,104242,703
2022-07-19,Santa Clara,085,1922200,406843,398816,17464,416280,2374
2022-07-19,Santa Cruz,087,273765,58662,58004,3038,61042,267
2022-07-19,Shasta,089,179085,33293,33017,6852,39869,576
2022-07-19,Sierra,091,2930,293,292,58,350,4
2022-07-19,Siskiyou,093,43540,4889,4921,3113,8034,84
2022-07-19,Solano,095,438530,99071,97577,7209,104786,459
2022-07-19,Sonoma,097,501317,101086,100304,4730,105034,499
2022-07-19,Stanislaus,099,539301,130171,129200,20026,149226,1695
2022-07-19,Sutter,101,95872,22684,22592,2356,24948,228
2022-07-19,Tehama,103,63373,13033,12923,2848,15771,205
2022-07-19,Trinity,105,12862,1332,1319,335,1654,20
2022-07-19,Tulare,107,460477,115767,115073,32105,147178,1510
2022-07-19,Tuolumne,109,53932,14621,14389,847,15236,196
2022-07-19,Ventura,111,848112,196752,195189,13418,208607,1522
2022-07-19,Yolo,113,214977,45251,44950,3801,48751,325
2022-07-19,Yuba,115,75493,17775,17661,1532,19193,124
2022-07-18,Alameda,001,1643700,323720,321347,17965,339312,1915
2022-07-18,Alpine,002,1148,130,130,1,131,0
2022-07-18,Amador,005,37829,9520,9478,824,10302,87
2022-07-18,Butte,007,227075,37132,36820,8303,45123,440
2022-07-18,Calaveras,009,45235,8063,8035,462,8497,126
2022-07-18,Colusa,011,21464,3642,3627,1172,4799,22
2022-07-18,Contra Costa,013,1133247,235520,230356,18684,249040,1362
2022-07-18,Del Norte,015,27424,7075,7081,360,7441,54
2022-07-18,El Dorado,017,186661,30721,30628,3930,34558,221
2022-07-18,Fresno,019,978130,261743,256217,28473,284690,2790
2022-07-18,Glenn,021,27897,5336,5287,1774,7061,48
2022-07-18,Humboldt,023,135768,20288,20149,4238,24387,150
2022-07-18,Imperial,025,180216,61769,61170,13300,74470,944
2022-07-18,Inyo,027,18085,4377,4355,758,5113,56
2022-07-18,Kern,029,883053,209194,207603,55082,262685,2366
2022-07-18,Kings,031,150075,56063,55836,3789,59625,449
2022-07-18,Lake,033,64148,11965,11895,1055,12950,142
2022-07-18,Lassen,035,31185,9503,9455,952,10407,64
2022-07-18,Los Angeles,037,10098052,3093528,3068779,158439,3227218,32292
2022-07-18,Madera,039,155013,41132,40902,7231,48133,372
2022-07-18,Marin,041,260295,33992,42153,4799,46952,300
2022-07-18,Mariposa,043,17540,2908,2884,301,3185,30
2022-07-18,Mendocino,045,87422,15003,14890,4009,18899,131
2022-07-18,Merced,047,269075,69387,67775,10476,78251,833
2022-07-18,Modoc,049,8938,834,799,306,1105,9
2022-07-18,Mono,051,14174,3145,3138,213,3351,7
2022-07-18,Monterey,053,433212,89185,88606,18181,106787,747
2022-07-18,Napa,055,140530,30611,30353,1315,31668,145
2022-07-18,Nevada,057,99092,18094,18020,1608,19628,131
2022-07-18,Orange,059,3164182,629932,624998,55454,680452,7173
2022-07-18,Placer,061,380077,72043,71614,9014,80628,639
2022-07-18,Plumas,063,18699,3462,3433,420,3853,13
2022-07-18,Riverside,065,2383286,656225,652192,32105,684297,6510
2022-07-18,Sacramento,067,1510023,326555,324765,32197,356962,3123
2022-07-18,San Benito,069,59416,15114,14966,810,15776,100
2022-07-18,San Bernardino,071,2135413,632819,622760,28144,650904,7921
2022-07-18,San Diego,073,3302833,869195,864434,65446,929880,5375
2022-07-18,San Francisco,075,870044,167296,166241,11153,177394,929
2022-07-18,San Joaquin,077,732212,186651,185319,12836,198155,2262
2022-07-18,San Luis Obispo,079,281455,60065,59727,6192,65919,499
2022-07-18,San Mateo,081,765935,157893,156191,9796,165987,724
2022-07-18,Santa Barbara,083,443738,98888,98322,5899,104221,703
2022-07-18,Santa Clara,085,1922200,405863,398816,17412,416228,2374
2022-07-18,Santa Cruz,087,273765,58513,58004,3026,61030,267
2022-07-18,Shasta,089,179085,33244,33017,6836,39853,576
2022-07-18,Sierra,091,2930,293,292,58,350,4
2022-07-18,Siskiyou,093,43540,4885,4921,3106,8027,84
2022-07-18,Solano,095,438530,98836,97577,7188,104765,459
2022-07-18,Sonoma,097,501317,100907,100304,4712,105016,499
2022-07-18,Stanislaus,099,539301,129948,129200,19987,149187,1695
2022-07-18,Sutter,101,95872,22650,22592,2356,24948,228
2022-07-18,Tehama,103,63373,13012,12923,2848,15771,205
2022-07-18,Trinity,105,12862,1330,1319,334,1653,20
2022-07-18,Tulare,107,460477,115573,115073,32017,147090,1510
2022-07-18,Tuolumne,109,53932,14585,14389,845,15234,196
2022-07-18,Ventura,111,848112,196369,195189,13345,208534,1522
2022-07-18,Yolo,113,214977,45181,44950,3790,48740,325
2022-07-18,Yuba,115,75493,17740,17661,1523,19184,124
2022-07-17,Alameda,001,1643700,322816,318442,17908,336350,1911
2022-07-17,Alpine,002,1148,130,130,1,131,0
2022-07-17,Amador,005,37829,9511,9437,820,10257,87
2022-07-17,Butte,007,227075,37071,36644,8281,44925,440
2022-07-17,Calaveras,009,45235,8047,7994,452,8446,126
2022-07-17,Colusa,011,21464,3636,3617,1166,4783,22
2022-07-17,Contra Costa,013,1133247,234957,228634,18610,247244,1356
2022-07-17,Del Norte,015,27424,7048,6860,358,7218,54
2022-07-17,El Dorado,017,186661,30673,30461,3916,34377,219
2022-07-17,Fresno,019,978130,261043,254088,28363,282451,2790
2022-07-17,Glenn,021,27897,5330,5273,1772,7045,48
2022-07-17,Humboldt,023,135768,20232,20016,4221,24237,150
2022-07-17,Imperial,025,180216,61574,60550,13154,73704,944
2022-07-17,Inyo,027,18085,4367,4343,754,5097,56
2022-07-17,Kern,029,883053,208692,206466,54852,261318,2364
2022-07-17,Kings,031,150075,55925,55432,3766,59198,449
2022-07-17,Lake,033,64148,11933,11835,1051,12886,141
2022-07-17,Lassen,035,31185,9477,9425,948,10373,64
2022-07-17,Los Angeles,037,10098052,3086207,3042708,157641,3200349,32248
2022-07-17,Madera,039,155013,41022,40627,7186,47813,372
2022-07-17,Marin,041,260295,33894,41829,4792,46621,300
2022-07-17,Mariposa,043,17540,2901,2866,301,3167,30
2022-07-17,Mendocino,045,87422,14963,14799,3991,18790,131
2022-07-17,Merced,047,269075,69251,67416,10436,77852,833
2022-07-17,Modoc,049,8938,831,799,306,1105,9
2022-07-17,Mono,051,14174,3143,3131,209,3340,7
2022-07-17,Monterey,053,433212,88992,88118,18111,106229,747
2022-07-17,Napa,055,140530,30552,30176,1314,31490,145
2022-07-17,Nevada,057,99092,18067,17941,1600,19541,131
2022-07-17,Orange,059,3164182,628336,620414,55173,675587,7161
2022-07-17,Placer,061,380077,71954,71232,8995,80227,637
2022-07-17,Plumas,063,18699,3447,3406,420,3826,13
2022-07-17,Riverside,065,2383286,654760,647328,31989,679317,6508
2022-07-17,Sacramento,067,1510023,325887,322788,32138,354926,3119
2022-07-17,San Benito,069,59416,15088,14869,804,15673,100
2022-07-17,San Bernardino,071,2135413,631383,618482,28035,646517,7914
2022-07-17,San Diego,073,3302833,866820,857262,65243,922505,5370
2022-07-17,San Francisco,075,870044,166832,164853,11109,175962,928
2022-07-17,San Joaquin,077,732212,186274,184187,12756,196943,2262
2022-07-17,San Luis Obispo,079,281455,59947,59437,6153,65590,499
2022-07-17,San Mateo,081,765935,157521,154961,9775,164736,723
2022-07-17,Santa Barbara,083,443738,98619,97600,5872,103472,702
2022-07-17,Santa Clara,085,1922200,404801,395466,17357,412823,2371
2022-07-17,Santa Cruz,087,273765,58316,57531,3008,60539,267
2022-07-17,Shasta,089,179085,33191,32871,6810,39681,575
2022-07-17,Sierra,091,2930,293,291,58,349,4
2022-07-17,Siskiyou,093,43540,4879,4899,3092,7991,83
2022-07-17,Solano,095,438530,98634,96974,7163,104137,457
2022-07-17,Sonoma,097,501317,100713,99679,4694,104373,499
2022-07-17,Stanislaus,099,539301,129681,128436,19950,148386,1692
2022-07-17,Sutter,101,95872,22597,22452,2353,24805,228
2022-07-17,Tehama,103,63373,12988,12860,2840,15700,205
2022-07-17,Trinity,105,12862,1327,1304,332,1636,20
2022-07-17,Tulare,107,460477,115349,114399,31924,146323,1510
2022-07-17,Tuolumne,109,53932,14552,14280,837,15117,196
2022-07-17,Ventura,111,848112,195911,193965,13228,207193,1519
2022-07-17,Yolo,113,214977,45105,44703,3773,48476,324
2022-07-17,Yuba,115,75493,17700,17567,1513,19080,124
2022-07-16,Alameda,001,1643700,322398,318442,17890,336332,1911
2022-07-16,Alpine,002,1148,130,130,1,131,0
2022-07-16,Amador,005,37829,9503,9437,820,10257,87
2022-07-16,Butte,007,227075,37050,36644,8266,44910,440
2022-07-16,Calaveras,009,45235,8042,7994,446,8440,126
2022-07-16,Colusa,011,21464,3632,3617,1162,4779,22
2022-07-16,Contra Costa,013,1133247,234648,228634,18558,247192,1356
2022-07-16,Del Norte,015,27424,7037,6860,358,7218,54
2022-07-16,El Dorado,017,186661,30652,30461,3914,34375,219
2022-07-16,Fresno,019,978130,260753,254088,28317,282405,2790
2022-07-16,Glenn,021,27897,5325,5273,1769,7042,48
2022-07-16,Humboldt,023,135768,20201,20016,4209,24225,150
2022-07-16,Imperial,025,180216,61489,60550,13110,73660,944
2022-07-16,Inyo,027,18085,4366,4343,753,5096,56
2022-07-16,Kern,029,883053,208517,206466,54685,261151,2364
2022-07-16,Kings,031,150075,55885,55432,3762,59194,449
2022-07-16,Lake,033,64148,11917,11835,1051,12886,141
2022-07-16,Lassen,035,31185,9475,9425,947,10372,64
2022-07-16,Los Angeles,037,10098052,3082731,3042708,157163,3199871,32248
2022-07-16,Madera,039,155013,40979,40627,7173,47800,372
2022-07-16,Marin,041,260295,33858,41829,4785,46614,300
2022-07-16,Mariposa,043,17540,2899,2866,301,3167,30
2022-07-16,Mendocino,045,87422,14955,14799,3988,18787,131
2022-07-16,Merced,047,269075,69162,67416,10425,77841,833
2022-07-16,Modoc,049,8938,831,799,306,1105,9
2022-07-16,Mono,051,14174,3142,3131,208,3339,7
2022-07-16,Monterey,053,433212,88898,88118,18069,106187,747
2022-07-16,Napa,055,140530,30523,30176,1312,31488,145
2022-07-16,Nevada,057,99092,18053,17941,1593,19534,131
2022-07-16,Orange,059,3164182,627597,620414,55015,675429,7161
2022-07-16,Placer,061,380077,71869,71232,8979,80211,637
2022-07-16,Plumas,063,18699,3443,3406,419,3825,13
2022-07-16,Riverside,065,2383286,653970,647328,31938,679266,6508
2022-07-16,Sacramento,067,1510023,325614,322788,32122,354910,3119
2022-07-16,San Benito,069,59416,15071,14869,800,15669,100
2022-07-16,San Bernardino,071,2135413,630637,618482,27973,646455,7914
2022-07-16,San Diego,073,3302833,865908,857262,65159,922421,5370
2022-07-16,San Francisco,075,870044,166648,164853,11093,175946,928
2022-07-16,San Joaquin,077,732212,186115,184187,12726,196913,2262
2022-07-16,San Luis Obispo,079,281455,59919,59437,6133,65570,499
2022-07-16,San Mateo,081,765935,157279,154961,9765,164726,723
2022-07-16,Santa Barbara,083,443738,98503,97600,5852,103452,702
2022-07-16,Santa Clara,085,1922200,404131,395466,17331,412797,2371
2022-07-16,Santa Cruz,087,273765,58244,57531,3003,60534,267
2022-07-16,Shasta,089,179085,33171,32871,6806,39677,575
2022-07-16,Sierra,091,2930,293,291,58,349,4
2022-07-16,Siskiyou,093,43540,4878,4899,3087,7986,83
2022-07-16,Solano,095,438530,98559,96974,7146,104120,457
2022-07-16,Sonoma,097,501317,100625,99679,4683,104362,499
2022-07-16,Stanislaus,099,539301,129550,128436,19916,148352,1692
2022-07-16,Sutter,101,95872,22574,22452,2352,24804,228
2022-07-16,Tehama,103,63373,12979,12860,2835,15695,205
2022-07-16,Trinity,105,12862,1325,1304,332,1636,20
2022-07-16,Tulare,107,460477,115241,114399,31864,146263,1510
2022-07-16,Tuolumne,109,53932,14528,14280,837,15117,196
2022-07-16,Ventura,111,848112,195685,193965,13188,207153,1519
2022-07-16,Yolo,113,214977,45059,44703,3760,48463,324
2022-07-16,Yuba,115,75493,17676,17567,1513,19080,124
2022-07-15,Alameda,001,1643700,321935,318442,17855,336297,1911
2022-07-15,Alpine,002,1148,130,130,1,131,0
2022-07-15,Amador,005,37829,9500,9437,819,10256,87
2022-07-15,Butte,007,227075,37011,36644,8261,44905,440
2022-07-15,Calaveras,009,45235,8036,7994,442,8436,126
2022-07-15,Colusa,011,21464,3630,3617,1160,4777,22
2022-07-15,Contra Costa,013,1133247,234371,228634,18507,247141,1356
2022-07-15,Del Norte,015,27424,7026,6860,355,7215,54
2022-07-15,El Dorado,017,186661,30624,30461,3911,34372,219
2022-07-15,Fresno,019,978130,260356,254088,28253,282341,2790
2022-07-15,Glenn,021,27897,5322,5273,1766,7039,48
2022-07-15,Humboldt,023,135768,20177,20016,4197,24213,150
2022-07-15,Imperial,025,180216,61416,60550,13069,73619,944
2022-07-15,Inyo,027,18085,4361,4343,748,5091,56
2022-07-15,Kern,029,883053,208298,206466,54514,260980,2364
2022-07-15,Kings,031,150075,55821,55432,3755,59187,449
2022-07-15,Lake,033,64148,11905,11835,1048,12883,141
2022-07-15,Lassen,035,31185,9473,9425,945,10370,64
2022-07-15,Los Angeles,037,10098052,3078533,3042708,156645,3199353,32248
2022-07-15,Madera,039,155013,40916,40627,7154,47781,372
2022-07-15,Marin,041,260295,33798,41829,4774,46603,300
2022-07-15,Mariposa,043,17540,2896,2866,300,3166,30
2022-07-15,Mendocino,045,87422,14931,14799,3983,18782,131
2022-07-15,Merced,047,269075,69098,67416,10413,77829,833
2022-07-15,Modoc,049,8938,830,799,306,1105,9
2022-07-15,Mono,051,14174,3140,3131,207,3338,7
2022-07-15,Monterey,053,433212,88784,88118,18042,106160,747
2022-07-15,Napa,055,140530,30488,30176,1311,31487,145
2022-07-15,Nevada,057,99092,18041,17941,1591,19532,131
2022-07-15,Orange,059,3164182,626754,620414,54839,675253,7161
2022-07-15,Placer,061,380077,71796,71232,8953,80185,637
2022-07-15,Plumas,063,18699,3436,3406,417,3823,13
2022-07-15,Riverside,065,2383286,653144,647328,31876,679204,6508
2022-07-15,Sacramento,067,1510023,325243,322788,32093,354881,3119
2022-07-15,San Benito,069,59416,15056,14869,800,15669,100
2022-07-15,San Bernardino,071,2135413,629887,618482,27931,646413,7914
2022-07-15,San Diego,073,3302833,864634,857262,64995,922257,5370
2022-07-15,San Francisco,075,870044,166395,164853,11053,175906,928
2022-07-15,San Joaquin,077,732212,185936,184187,12681,196868,2262
2022-07-15,San Luis Obispo,079,281455,59887,59437,6121,65558,499
2022-07-15,San Mateo,081,765935,157041,154961,9748,164709,723
2022-07-15,Santa Barbara,083,443738,98374,97600,5845,103445,702
2022-07-15,Santa Clara,085,1922200,403447,395466,17302,412768,2371
2022-07-15,Santa Cruz,087,273765,58154,57531,2991,60522,267
2022-07-15,Shasta,089,179085,33148,32871,6799,39670,575
2022-07-15,Sierra,091,2930,293,291,58,349,4
2022-07-15,Siskiyou,093,43540,4878,4899,3085,7984,83
2022-07-15,Solano,095,438530,98410,96974,7134,104108,457
2022-07-15,Sonoma,097,501317,100502,99679,4676,104355,499
2022-07-15,Stanislaus,099,539301,129427,128436,19895,148331,1692
2022-07-15,Sutter,101,95872,22547,22452,2351,24803,228
2022-07-15,Tehama,103,63373,12972,12860,2827,15687,205
2022-07-15,Trinity,105,12862,1321,1304,332,1636,20
2022-07-15,Tulare,107,460477,115090,114399,31779,146178,1510
2022-07-15,Tuolumne,109,53932,14485,14280,834,15114,196
2022-07-15,Ventura,111,848112,195459,193965,13149,207114,1519
2022-07-15,Yolo,113,214977,45013,44703,3750,48453,324
2022-07-15,Yuba,115,75493,17650,17567,1513,19080,124
2022-07-14,Alameda,001,1643700,321169,318442,17794,336236,1911
2022-07-14,Alpine,002,1148,130,130,1,131,0
2022-07-14,Amador,005,37829,9487,9437,813,10250,87
2022-07-14,Butte,007,227075,36971,36644,8255,44899,440
2022-07-14,Calaveras,009,45235,8029,7994,438,8432,126
2022-07-14,Colusa,011,21464,3630,3617,1158,4775,22
2022-07-14,Contra Costa,013,1133247,233928,228634,18420,247054,1356
2022-07-14,Del Norte,015,27424,7004,6860,354,7214,54
2022-07-14,El Dorado,017,186661,30588,30461,3902,34363,219
2022-07-14,Fresno,019,978130,259818,254088,28156,282244,2790
2022-07-14,Glenn,021,27897,5313,5273,1763,7036,48
2022-07-14,Humboldt,023,135768,20137,20016,4182,24198,150
2022-07-14,Imperial,025,180216,61236,60550,12954,73504,944
2022-07-14,Inyo,027,18085,4359,4343,743,5086,56
2022-07-14,Kern,029,883053,207968,206466,54315,260781,2364
2022-07-14,Kings,031,150075,55726,55432,3744,59176,449
2022-07-14,Lake,033,64148,11889,11835,1046,12881,141
2022-07-14,Lassen,035,31185,9468,9425,944,10369,64
2022-07-14,Los Angeles,037,10098052,3072334,3042708,155934,3198642,32248
2022-07-14,Madera,039,155013,40842,40627,7096,47723,372
2022-07-14,Marin,041,260295,33707,41829,4768,46597,300
2022-07-14,Mariposa,043,17540,2890,2866,295,3161,30
2022-07-14,Mendocino,045,87422,14917,14799,3977,18776,131
2022-07-14,Merced,047,269075,69005,67416,10386,77802,833
2022-07-14,Modoc,049,8938,830,799,306,1105,9
2022-07-14,Mono,051,14174,3139,3131,207,3338,7
2022-07-14,Monterey,053,433212,88667,88118,17965,106083,747
2022-07-14,Napa,055,140530,30444,30176,1307,31483,145
2022-07-14,Nevada,057,99092,18016,17941,1582,19523,131
2022-07-14,Orange,059,3164182,625472,620414,54601,675015,7161
2022-07-14,Placer,061,380077,71686,71232,8932,80164,637
2022-07-14,Plumas,063,18699,3427,3406,416,3822,13
2022-07-14,Riverside,065,2383286,651909,647328,31801,679129,6508
2022-07-14,Sacramento,067,1510023,324690,322788,32043,354831,3119
2022-07-14,San Benito,069,59416,15026,14869,796,15665,100
2022-07-14,San Bernardino,071,2135413,628726,618482,27854,646336,7914
2022-07-14,San Diego,073,3302833,862756,857262,64766,922028,5370
2022-07-14,San Francisco,075,870044,166051,164853,11005,175858,928
2022-07-14,San Joaquin,077,732212,185622,184187,12639,196826,2262
2022-07-14,San Luis Obispo,079,281455,59800,59437,6075,65512,499
2022-07-14,San Mateo,081,765935,156750,154961,9727,164688,723
2022-07-14,Santa Barbara,083,443738,98195,97600,5833,103433,702
2022-07-14,Santa Clara,085,1922200,402588,395466,17259,412725,2371
2022-07-14,Santa Cruz,087,273765,58062,57531,2977,60508,267
2022-07-14,Shasta,089,179085,33100,32871,6787,39658,575
2022-07-14,Sierra,091,2930,293,291,58,349,4
2022-07-14,Siskiyou,093,43540,4871,4899,3077,7976,83
2022-07-14,Solano,095,438530,98227,96974,7121,104095,457
2022-07-14,Sonoma,097,501317,100367,99679,4653,104332,499
2022-07-14,Stanislaus,099,539301,129220,128436,19861,148297,1692
2022-07-14,Sutter,101,95872,22521,22452,2350,24802,228
2022-07-14,Tehama,103,63373,12949,12860,2822,15682,205
2022-07-14,Trinity,105,12862,1321,1304,328,1632,20
2022-07-14,Tulare,107,460477,114961,114399,31680,146079,1510
2022-07-14,Tuolumne,109,53932,14445,14280,830,15110,196
2022-07-14,Ventura,111,848112,195110,193965,13076,207041,1519
2022-07-14,Yolo,113,214977,44949,44703,3735,48438,324
2022-07-14,Yuba,115,75493,17618,17567,1504,19071,124
2022-07-13,Alameda,001,1643700,320463,316026,17755,333781,1911
2022-07-13,Alpine,002,1148,130,129,1,130,0
2022-07-13,Amador,005,37829,9476,9388,812,10200,87
2022-07-13,Butte,007,227075,36914,36405,8241,44646,439
2022-07-13,Calaveras,009,45235,8016,7945,437,8382,125
2022-07-13,Colusa,011,21464,3625,3606,1158,4764,22
2022-07-13,Contra Costa,013,1133247,233445,226833,18335,245168,1356
2022-07-13,Del Norte,015,27424,6985,6790,354,7144,54
2022-07-13,El Dorado,017,186661,30539,30273,3896,34169,218
2022-07-13,Fresno,019,978130,259260,252573,28041,280614,2786
2022-07-13,Glenn,021,27897,5309,5256,1762,7018,48
2022-07-13,Humboldt,023,135768,20103,19854,4167,24021,150
2022-07-13,Imperial,025,180216,61080,60011,12874,72885,944
2022-07-13,Inyo,027,18085,4358,4324,738,5062,56
2022-07-13,Kern,029,883053,207552,205428,54080,259508,2359
2022-07-13,Kings,031,150075,55615,55138,3735,58873,449
2022-07-13,Lake,033,64148,11871,11773,1045,12818,140
2022-07-13,Lassen,035,31185,9446,9381,943,10324,64
2022-07-13,Los Angeles,037,10098052,3065648,3024953,155231,3180184,32206
2022-07-13,Madera,039,155013,40776,40378,7068,47446,372
2022-07-13,Marin,041,260295,33640,41616,4760,46376,300
2022-07-13,Mariposa,043,17540,2885,2847,294,3141,30
2022-07-13,Mendocino,045,87422,14897,14713,3960,18673,128
2022-07-13,Merced,047,269075,68871,67028,10355,77383,832
2022-07-13,Modoc,049,8938,829,791,305,1096,9
2022-07-13,Mono,051,14174,3138,3131,203,3334,7
2022-07-13,Monterey,053,433212,88522,87575,17889,105464,745
2022-07-13,Napa,055,140530,30404,30032,1305,31337,145
2022-07-13,Nevada,057,99092,17998,17849,1574,19423,131
2022-07-13,Orange,059,3164182,624075,616278,54349,670627,7147
2022-07-13,Placer,061,380077,71578,70890,8918,79808,637
2022-07-13,Plumas,063,18699,3419,3354,415,3769,13
2022-07-13,Riverside,065,2383286,650699,643472,31704,675176,6504
2022-07-13,Sacramento,067,1510023,324158,321076,31996,353072,3114
2022-07-13,San Benito,069,59416,14999,14774,790,15564,100
2022-07-13,San Bernardino,071,2135413,627538,614957,27758,642715,7907
2022-07-13,San Diego,073,3302833,860853,851596,64535,916131,5363
2022-07-13,San Francisco,075,870044,165643,163635,10977,174612,919
2022-07-13,San Joaquin,077,732212,185293,183283,12595,195878,2260
2022-07-13,San Luis Obispo,079,281455,59694,59134,6027,65161,498
2022-07-13,San Mateo,081,765935,156407,153875,9710,163585,723
2022-07-13,Santa Barbara,083,443738,98015,97053,5820,102873,699
2022-07-13,Santa Clara,085,1922200,401697,392415,17219,409634,2365
2022-07-13,Santa Cruz,087,273765,57926,57124,2970,60094,267
2022-07-13,Shasta,089,179085,33043,32708,6772,39480,574
2022-07-13,Sierra,091,2930,293,289,58,347,4
2022-07-13,Siskiyou,093,43540,4866,4873,3075,7948,82
2022-07-13,Solano,095,438530,98020,96479,7095,103574,455
2022-07-13,Sonoma,097,501317,100209,99173,4636,103809,499
2022-07-13,Stanislaus,099,539301,129023,127845,19803,147648,1689
2022-07-13,Sutter,101,95872,22474,22331,2348,24679,228
2022-07-13,Tehama,103,63373,12936,12793,2819,15612,205
2022-07-13,Trinity,105,12862,1320,1293,326,1619,20
2022-07-13,Tulare,107,460477,114767,113830,31586,145416,1508
2022-07-13,Tuolumne,109,53932,14420,14159,825,14984,194
2022-07-13,Ventura,111,848112,194773,192923,12993,205916,1518
2022-07-13,Yolo,113,214977,44888,44447,3725,48172,326
2022-07-13,Yuba,115,75493,17591,17464,1496,18960,124
2022-07-12,Alameda,001,1643700,319691,316026,17711,333737,1911
2022-07-12,Alpine,002,1148,130,129,1,130,0
2022-07-12,Amador,005,37829,9443,9388,805,10193,87
2022-07-12,Butte,007,227075,36857,36405,8222,44627,439
2022-07-12,Calaveras,009,45235,8001,7945,435,8380,125
2022-07-12,Colusa,011,21464,3623,3606,1155,4761,22
2022-07-12,Contra Costa,013,1133247,232940,226833,18259,245092,1356
2022-07-12,Del Norte,015,27424,6938,6790,351,7141,54
2022-07-12,El Dorado,017,186661,30499,30273,3890,34163,218
2022-07-12,Fresno,019,978130,258712,252573,27950,280523,2786
2022-07-12,Glenn,021,27897,5305,5256,1758,7014,48
2022-07-12,Humboldt,023,135768,20052,19854,4150,24004,150
2022-07-12,Imperial,025,180216,60904,60011,12774,72785,944
2022-07-12,Inyo,027,18085,4350,4324,738,5062,56
2022-07-12,Kern,029,883053,207214,205428,53870,259298,2359
2022-07-12,Kings,031,150075,55505,55138,3725,58863,449
2022-07-12,Lake,033,64148,11859,11773,1040,12813,140
2022-07-12,Lassen,035,31185,9432,9381,937,10318,64
2022-07-12,Los Angeles,037,10098052,3058830,3024953,154536,3179489,32206
2022-07-12,Madera,039,155013,40690,40378,7053,47431,372
2022-07-12,Marin,041,260295,33565,41616,4751,46367,300
2022-07-12,Mariposa,043,17540,2874,2847,294,3141,30
2022-07-12,Mendocino,045,87422,14857,14713,3936,18649,128
2022-07-12,Merced,047,269075,68760,67028,10323,77351,832
2022-07-12,Modoc,049,8938,827,791,302,1093,9
2022-07-12,Mono,051,14174,3135,3131,203,3334,7
2022-07-12,Monterey,053,433212,88369,87575,17801,105376,745
2022-07-12,Napa,055,140530,30348,30032,1302,31334,145
2022-07-12,Nevada,057,99092,17976,17849,1567,19416,131
2022-07-12,Orange,059,3164182,622660,616278,54086,670364,7147
2022-07-12,Placer,061,380077,71468,70890,8903,79793,637
2022-07-12,Plumas,063,18699,3413,3354,414,3768,13
2022-07-12,Riverside,065,2383286,649418,643472,31609,675081,6504
2022-07-12,Sacramento,067,1510023,323557,321076,31945,353021,3114
2022-07-12,San Benito,069,59416,14953,14774,784,15558,100
2022-07-12,San Bernardino,071,2135413,626203,614957,27670,642627,7907
2022-07-12,San Diego,073,3302833,858493,851596,64302,915898,5363
2022-07-12,San Francisco,075,870044,165235,163635,10953,174588,919
2022-07-12,San Joaquin,077,732212,184980,183283,12537,195820,2260
2022-07-12,San Luis Obispo,079,281455,59615,59134,5997,65131,498
2022-07-12,San Mateo,081,765935,156007,153875,9691,163566,723
2022-07-12,Santa Barbara,083,443738,97799,97053,5803,102856,699
2022-07-12,Santa Clara,085,1922200,400736,392415,17177,409592,2365
2022-07-12,Santa Cruz,087,273765,57789,57124,2961,60085,267
2022-07-12,Shasta,089,179085,32980,32708,6753,39461,574
2022-07-12,Sierra,091,2930,292,289,58,347,4
2022-07-12,Siskiyou,093,43540,4857,4873,3073,7946,82
2022-07-12,Solano,095,438530,97804,96479,7070,103549,455
2022-07-12,Sonoma,097,501317,100046,99173,4608,103781,499
2022-07-12,Stanislaus,099,539301,128777,127845,19763,147608,1689
2022-07-12,Sutter,101,95872,22440,22331,2346,24677,228
2022-07-12,Tehama,103,63373,12916,12793,2812,15605,205
2022-07-12,Trinity,105,12862,1312,1293,326,1619,20
2022-07-12,Tulare,107,460477,114573,113830,31486,145316,1508
2022-07-12,Tuolumne,109,53932,14386,14159,821,14980,194
2022-07-12,Ventura,111,848112,194441,192923,12894,205817,1518
2022-07-12,Yolo,113,214977,44818,44447,3717,48164,326
2022-07-12,Yuba,115,75493,17563,17464,1483,18947,124
2022-07-11,Alameda,001,1643700,318771,316026,17650,333676,1911
2022-07-11,Alpine,002,1148,130,129,1,130,0
2022-07-11,Amador,005,37829,9435,9388,799,10187,87
2022-07-11,Butte,007,227075,36798,36405,8203,44608,439
2022-07-11,Calaveras,009,45235,7985,7945,433,8378,125
2022-07-11,Colusa,011,21464,3619,3606,1152,4758,22
2022-07-11,Contra Costa,013,1133247,232462,226833,18199,245032,1356
2022-07-11,Del Norte,015,27424,6907,6790,341,7131,54
2022-07-11,El Dorado,017,186661,30442,30273,3879,34152,218
2022-07-11,Fresno,019,978130,258038,252573,27867,280440,2786
2022-07-11,Glenn,021,27897,5302,5256,1756,7012,48
2022-07-11,Humboldt,023,135768,19993,19854,4131,23985,150
2022-07-11,Imperial,025,180216,60745,60011,12663,72674,944
2022-07-11,Inyo,027,18085,4347,4324,734,5058,56
2022-07-11,Kern,029,883053,206876,205428,53668,259096,2359
2022-07-11,Kings,031,150075,55355,55138,3716,58854,449
2022-07-11,Lake,033,64148,11833,11773,1038,12811,140
2022-07-11,Lassen,035,31185,9425,9381,937,10318,64
2022-07-11,Los Angeles,037,10098052,3051676,3024953,153743,3178696,32206
2022-07-11,Madera,039,155013,40603,40378,7008,47386,372
2022-07-11,Marin,041,260295,33476,41616,4742,46358,300
2022-07-11,Mariposa,043,17540,2866,2847,292,3139,30
2022-07-11,Mendocino,045,87422,14818,14713,3922,18635,128
2022-07-11,Merced,047,269075,68634,67028,10288,77316,832
2022-07-11,Modoc,049,8938,821,791,300,1091,9
2022-07-11,Mono,051,14174,3135,3131,202,3333,7
2022-07-11,Monterey,053,433212,88200,87575,17736,105311,745
2022-07-11,Napa,055,140530,30284,30032,1302,31334,145
2022-07-11,Nevada,057,99092,17959,17849,1565,19414,131
2022-07-11,Orange,059,3164182,621073,616278,53820,670098,7147
2022-07-11,Placer,061,380077,71359,70890,8887,79777,637
2022-07-11,Plumas,063,18699,3402,3354,412,3766,13
2022-07-11,Riverside,065,2383286,647982,643472,31525,674997,6504
2022-07-11,Sacramento,067,1510023,323011,321076,31893,352969,3114
2022-07-11,San Benito,069,59416,14915,14774,781,15555,100
2022-07-11,San Bernardino,071,2135413,624817,614957,27579,642536,7907
2022-07-11,San Diego,073,3302833,856115,851596,64057,915653,5363
2022-07-11,San Francisco,075,870044,164807,163635,10925,174560,919
2022-07-11,San Joaquin,077,732212,184598,183283,12490,195773,2260
2022-07-11,San Luis Obispo,079,281455,59506,59134,5965,65099,498
2022-07-11,San Mateo,081,765935,155603,153875,9658,163533,723
2022-07-11,Santa Barbara,083,443738,97590,97053,5790,102843,699
2022-07-11,Santa Clara,085,1922200,399669,392415,17119,409534,2365
2022-07-11,Santa Cruz,087,273765,57639,57124,2947,60071,267
2022-07-11,Shasta,089,179085,32924,32708,6723,39431,574
2022-07-11,Sierra,091,2930,292,289,58,347,4
2022-07-11,Siskiyou,093,43540,4851,4873,3066,7939,82
2022-07-11,Solano,095,438530,97590,96479,7052,103531,455
2022-07-11,Sonoma,097,501317,99852,99173,4589,103762,499
2022-07-11,Stanislaus,099,539301,128553,127845,19724,147569,1689
2022-07-11,Sutter,101,95872,22397,22331,2339,24670,228
2022-07-11,Tehama,103,63373,12902,12793,2805,15598,205
2022-07-11,Trinity,105,12862,1310,1293,325,1618,20
2022-07-11,Tulare,107,460477,114384,113830,31381,145211,1508
2022-07-11,Tuolumne,109,53932,14346,14159,819,14978,194
2022-07-11,Ventura,111,848112,194045,192923,12806,205729,1518
2022-07-11,Yolo,113,214977,44751,44447,3702,48149,326
2022-07-11,Yuba,115,75493,17527,17464,1480,18944,124
2022-07-10,Alameda,001,1643700,317770,312651,17572,330223,1912
2022-07-10,Alpine,002,1148,130,129,1,130,0
2022-07-10,Amador,005,37829,9425,9335,796,10131,87
2022-07-10,Butte,007,227075,36698,36165,8181,44346,438
2022-07-10,Calaveras,009,45235,7976,7895,432,8327,125
2022-07-10,Colusa,011,21464,3615,3586,1144,4730,22
2022-07-10,Contra Costa,013,1133247,231851,224718,18104,242822,1351
2022-07-10,Del Norte,015,27424,6867,6666,335,7001,54
2022-07-10,El Dorado,017,186661,30357,30070,3871,33941,218
2022-07-10,Fresno,019,978130,257364,250379,27774,278153,2786
2022-07-10,Glenn,021,27897,5297,5231,1752,6983,48
2022-07-10,Humboldt,023,135768,19934,19677,4117,23794,149
2022-07-10,Imperial,025,180216,60520,59558,12524,72082,944
2022-07-10,Inyo,027,18085,4342,4297,728,5025,56
2022-07-10,Kern,029,883053,206358,204128,53425,257553,2359
2022-07-10,Kings,031,150075,55181,54725,3710,58435,449
2022-07-10,Lake,033,64148,11808,11685,1035,12720,140
2022-07-10,Lassen,035,31185,9410,9362,935,10297,64
2022-07-10,Los Angeles,037,10098052,3044361,3002013,152923,3154936,32151
2022-07-10,Madera,039,155013,40495,40081,6974,47055,372
2022-07-10,Marin,041,260295,33379,41271,4733,46004,302
2022-07-10,Mariposa,043,17540,2859,2805,288,3093,30
2022-07-10,Mendocino,045,87422,14788,14610,3906,18516,128
2022-07-10,Merced,047,269075,68477,66616,10231,76847,832
2022-07-10,Modoc,049,8938,820,789,292,1081,9
2022-07-10,Mono,051,14174,3134,3119,200,3319,7
2022-07-10,Monterey,053,433212,88007,87002,17660,104662,745
2022-07-10,Napa,055,140530,30221,29807,1300,31107,145
2022-07-10,Nevada,057,99092,17898,17693,1556,19249,131
2022-07-10,Orange,059,3164182,619364,610975,53489,664464,7132
2022-07-10,Placer,061,380077,71242,70401,8868,79269,632
2022-07-10,Plumas,063,18699,3389,3339,408,3747,13
2022-07-10,Riverside,065,2383286,646388,638193,31393,669586,6506
2022-07-10,Sacramento,067,1510023,322306,318556,31810,350366,3108
2022-07-10,San Benito,069,59416,14879,14628,770,15398,100
2022-07-10,San Bernardino,071,2135413,623350,610086,27498,637584,7893
2022-07-10,San Diego,073,3302833,853626,844085,63786,907871,5357
2022-07-10,San Francisco,075,870044,164256,161931,10852,172783,914
2022-07-10,San Joaquin,077,732212,184221,181958,12429,194387,2257
2022-07-10,San Luis Obispo,079,281455,59385,58636,5927,64563,498
2022-07-10,San Mateo,081,765935,155133,152319,9631,161950,723
2022-07-10,Santa Barbara,083,443738,97357,96266,5764,102030,697
2022-07-10,Santa Clara,085,1922200,398533,388270,17057,405327,2360
2022-07-10,Santa Cruz,087,273765,57448,56455,2930,59385,266
2022-07-10,Shasta,089,179085,32857,32536,6699,39235,576
2022-07-10,Sierra,091,2930,290,291,58,349,4
2022-07-10,Siskiyou,093,43540,4848,4855,3053,7908,82
2022-07-10,Solano,095,438530,97337,95651,7019,102670,455
2022-07-10,Sonoma,097,501317,99649,98430,4557,102987,496
2022-07-10,Stanislaus,099,539301,128312,126897,19677,146574,1686
2022-07-10,Sutter,101,95872,22348,22165,2338,24503,228
2022-07-10,Tehama,103,63373,12875,12716,2792,15508,205
2022-07-10,Trinity,105,12862,1304,1272,323,1595,20
2022-07-10,Tulare,107,460477,114127,113002,31286,144288,1508
2022-07-10,Tuolumne,109,53932,14309,14019,811,14830,194
2022-07-10,Ventura,111,848112,193568,191462,12702,204164,1518
2022-07-10,Yolo,113,214977,44673,44152,3687,47839,323
2022-07-10,Yuba,115,75493,17488,17345,1478,18823,125
2022-07-09,Alameda,001,1643700,317282,312651,17548,330199,1912
2022-07-09,Alpine,002,1148,130,129,1,130,0
2022-07-09,Amador,005,37829,9417,9335,794,10129,87
2022-07-09,Butte,007,227075,36653,36165,8167,44332,438
2022-07-09,Calaveras,009,45235,7961,7895,431,8326,125
2022-07-09,Colusa,011,21464,3614,3586,1143,4729,22
2022-07-09,Contra Costa,013,1133247,231543,224718,18045,242763,1351
2022-07-09,Del Norte,015,27424,6859,6666,335,7001,54
2022-07-09,El Dorado,017,186661,30314,30070,3866,33936,218
2022-07-09,Fresno,019,978130,257102,250379,27733,278112,2786
2022-07-09,Glenn,021,27897,5290,5231,1752,6983,48
2022-07-09,Humboldt,023,135768,19916,19677,4107,23784,149
2022-07-09,Imperial,025,180216,60441,59558,12471,72029,944
2022-07-09,Inyo,027,18085,4337,4297,727,5024,56
2022-07-09,Kern,029,883053,206171,204128,53282,257410,2359
2022-07-09,Kings,031,150075,55142,54725,3708,58433,449
2022-07-09,Lake,033,64148,11800,11685,1034,12719,140
2022-07-09,Lassen,035,31185,9409,9362,935,10297,64
2022-07-09,Los Angeles,037,10098052,3040856,3002013,152432,3154445,32151
2022-07-09,Madera,039,155013,40455,40081,6966,47047,372
2022-07-09,Marin,041,260295,33323,41271,4722,45993,302
2022-07-09,Mariposa,043,17540,2854,2805,288,3093,30
2022-07-09,Mendocino,045,87422,14773,14610,3896,18506,128
2022-07-09,Merced,047,269075,68425,66616,10226,76842,832
2022-07-09,Modoc,049,8938,820,789,288,1077,9
2022-07-09,Mono,051,14174,3133,3119,200,3319,7
2022-07-09,Monterey,053,433212,87909,87002,17611,104613,745
2022-07-09,Napa,055,140530,30189,29807,1297,31104,145
2022-07-09,Nevada,057,99092,17886,17693,1552,19245,131
2022-07-09,Orange,059,3164182,618491,610975,53291,664266,7132
2022-07-09,Placer,061,380077,71153,70401,8860,79261,632
2022-07-09,Plumas,063,18699,3382,3339,406,3745,13
2022-07-09,Riverside,065,2383286,645488,638193,31338,669531,6506
2022-07-09,Sacramento,067,1510023,322005,318556,31786,350342,3108
2022-07-09,San Benito,069,59416,14859,14628,769,15397,100
2022-07-09,San Bernardino,071,2135413,622630,610086,27447,637533,7893
2022-07-09,San Diego,073,3302833,852717,844085,63698,907783,5357
2022-07-09,San Francisco,075,870044,164027,161931,10831,172762,914
2022-07-09,San Joaquin,077,732212,184053,181958,12399,194357,2257
2022-07-09,San Luis Obispo,079,281455,59328,58636,5908,64544,498
2022-07-09,San Mateo,081,765935,154888,152319,9616,161935,723
2022-07-09,Santa Barbara,083,443738,97224,96266,5754,102020,697
2022-07-09,Santa Clara,085,1922200,397797,388270,17029,405299,2360
2022-07-09,Santa Cruz,087,273765,57371,56455,2921,59376,266
2022-07-09,Shasta,089,179085,32835,32536,6689,39225,576
2022-07-09,Sierra,091,2930,290,291,58,349,4
2022-07-09,Siskiyou,093,43540,4845,4855,3051,7906,82
2022-07-09,Solano,095,438530,97250,95651,7004,102655,455
2022-07-09,Sonoma,097,501317,99564,98430,4551,102981,496
2022-07-09,Stanislaus,099,539301,128149,126897,19646,146543,1686
2022-07-09,Sutter,101,95872,22320,22165,2338,24503,228
2022-07-09,Tehama,103,63373,12859,12716,2783,15499,205
2022-07-09,Trinity,105,12862,1304,1272,322,1594,20
2022-07-09,Tulare,107,460477,114016,113002,31228,144230,1508
2022-07-09,Tuolumne,109,53932,14271,14019,809,14828,194
2022-07-09,Ventura,111,848112,193306,191462,12655,204117,1518
2022-07-09,Yolo,113,214977,44623,44152,3673,47825,323
2022-07-09,Yuba,115,75493,17465,17345,1478,18823,125
2022-07-08,Alameda,001,1643700,316759,312651,17504,330155,1912
2022-07-08,Alpine,002,1148,130,129,1,130,0
2022-07-08,Amador,005,37829,9407,9335,792,10127,87
2022-07-08,Butte,007,227075,36622,36165,8153,44318,438
2022-07-08,Calaveras,009,45235,7946,7895,431,8326,125
2022-07-08,Colusa,011,21464,3610,3586,1143,4729,22
2022-07-08,Contra Costa,013,1133247,231191,224718,17996,242714,1351
2022-07-08,Del Norte,015,27424,6848,6666,333,6999,54
2022-07-08,El Dorado,017,186661,30289,30070,3858,33928,218
2022-07-08,Fresno,019,978130,256731,250379,27680,278059,2786
2022-07-08,Glenn,021,27897,5285,5231,1749,6980,48
2022-07-08,Humboldt,023,135768,19903,19677,4096,23773,149
2022-07-08,Imperial,025,180216,60353,59558,12431,71989,944
2022-07-08,Inyo,027,18085,4336,4297,723,5020,56
2022-07-08,Kern,029,883053,205922,204128,53144,257272,2359
2022-07-08,Kings,031,150075,55101,54725,3707,58432,449
2022-07-08,Lake,033,64148,11783,11685,1031,12716,140
2022-07-08,Lassen,035,31185,9403,9362,934,10296,64
2022-07-08,Los Angeles,037,10098052,3036574,3002013,151851,3153864,32151
2022-07-08,Madera,039,155013,40401,40081,6952,47033,372
2022-07-08,Marin,041,260295,33237,41271,4706,45977,302
2022-07-08,Mariposa,043,17540,2851,2805,287,3092,30
2022-07-08,Mendocino,045,87422,14755,14610,3892,18502,128
2022-07-08,Merced,047,269075,68357,66616,10216,76832,832
2022-07-08,Modoc,049,8938,820,789,288,1077,9
2022-07-08,Mono,051,14174,3131,3119,199,3318,7
2022-07-08,Monterey,053,433212,87781,87002,17581,104583,745
2022-07-08,Napa,055,140530,30165,29807,1296,31103,145
2022-07-08,Nevada,057,99092,17878,17693,1550,19243,131
2022-07-08,Orange,059,3164182,617588,610975,53083,664058,7132
2022-07-08,Placer,061,380077,71078,70401,8846,79247,632
2022-07-08,Plumas,063,18699,3377,3339,406,3745,13
2022-07-08,Riverside,065,2383286,644577,638193,31281,669474,6506
2022-07-08,Sacramento,067,1510023,321565,318556,31757,350313,3108
2022-07-08,San Benito,069,59416,14842,14628,766,15394,100
2022-07-08,San Bernardino,071,2135413,621870,610086,27404,637490,7893
2022-07-08,San Diego,073,3302833,851463,844085,63530,907615,5357
2022-07-08,San Francisco,075,870044,163762,161931,10804,172735,914
2022-07-08,San Joaquin,077,732212,183879,181958,12382,194340,2257
2022-07-08,San Luis Obispo,079,281455,59292,58636,5893,64529,498
2022-07-08,San Mateo,081,765935,154591,152319,9602,161921,723
2022-07-08,Santa Barbara,083,443738,97097,96266,5750,102016,697
2022-07-08,Santa Clara,085,1922200,397025,388270,17007,405277,2360
2022-07-08,Santa Cruz,087,273765,57283,56455,2913,59368,266
2022-07-08,Shasta,089,179085,32805,32536,6681,39217,576
2022-07-08,Sierra,091,2930,290,291,58,349,4
2022-07-08,Siskiyou,093,43540,4843,4855,3048,7903,82
2022-07-08,Solano,095,438530,97131,95651,6990,102641,455
2022-07-08,Sonoma,097,501317,99412,98430,4534,102964,496
2022-07-08,Stanislaus,099,539301,128012,126897,19633,146530,1686
2022-07-08,Sutter,101,95872,22295,22165,2337,24502,228
2022-07-08,Tehama,103,63373,12847,12716,2781,15497,205
2022-07-08,Trinity,105,12862,1302,1272,321,1593,20
2022-07-08,Tulare,107,460477,113895,113002,31160,144162,1508
2022-07-08,Tuolumne,109,53932,14240,14019,803,14822,194
2022-07-08,Ventura,111,848112,193067,191462,12616,204078,1518
2022-07-08,Yolo,113,214977,44570,44152,3661,47813,323
2022-07-08,Yuba,115,75493,17449,17345,1477,18822,125
2022-07-07,Alameda,001,1643700,315953,312651,17454,330105,1912
2022-07-07,Alpine,002,1148,129,129,1,130,0
2022-07-07,Amador,005,37829,9391,9335,785,10120,87
2022-07-07,Butte,007,227075,36558,36165,8133,44298,438
2022-07-07,Calaveras,009,45235,7937,7895,426,8321,125
2022-07-07,Colusa,011,21464,3605,3586,1142,4728,22
2022-07-07,Contra Costa,013,1133247,230643,224718,17920,242638,1351
2022-07-07,Del Norte,015,27424,6822,6666,329,6995,54
2022-07-07,El Dorado,017,186661,30237,30070,3847,33917,218
2022-07-07,Fresno,019,978130,256181,250379,27575,277954,2786
2022-07-07,Glenn,021,27897,5279,5231,1747,6978,48
2022-07-07,Humboldt,023,135768,19858,19677,4080,23757,149
2022-07-07,Imperial,025,180216,60178,59558,12321,71879,944
2022-07-07,Inyo,027,18085,4331,4297,715,5012,56
2022-07-07,Kern,029,883053,205618,204128,52935,257063,2359
2022-07-07,Kings,031,150075,55023,54725,3703,58428,449
2022-07-07,Lake,033,64148,11762,11685,1031,12716,140
2022-07-07,Lassen,035,31185,9402,9362,934,10296,64
2022-07-07,Los Angeles,037,10098052,3030232,3002013,151164,3153177,32151
2022-07-07,Madera,039,155013,40321,40081,6936,47017,372
2022-07-07,Marin,041,260295,33159,41271,4695,45966,302
2022-07-07,Mariposa,043,17540,2844,2805,284,3089,30
2022-07-07,Mendocino,045,87422,14738,14610,3887,18497,128
2022-07-07,Merced,047,269075,68242,66616,10183,76799,832
2022-07-07,Modoc,049,8938,815,789,285,1074,9
2022-07-07,Mono,051,14174,3130,3119,197,3316,7
2022-07-07,Monterey,053,433212,87621,87002,17518,104520,745
2022-07-07,Napa,055,140530,30095,29807,1288,31095,145
2022-07-07,Nevada,057,99092,17848,17693,1545,19238,131
2022-07-07,Orange,059,3164182,616183,610975,52868,663843,7132
2022-07-07,Placer,061,380077,70968,70401,8821,79222,632
2022-07-07,Plumas,063,18699,3370,3339,405,3744,13
2022-07-07,Riverside,065,2383286,643250,638193,31218,669411,6506
2022-07-07,Sacramento,067,1510023,320928,318556,31705,350261,3108
2022-07-07,San Benito,069,59416,14812,14628,766,15394,100
2022-07-07,San Bernardino,071,2135413,620566,610086,27340,637426,7893
2022-07-07,San Diego,073,3302833,849549,844085,63299,907384,5357
2022-07-07,San Francisco,075,870044,163380,161931,10752,172683,914
2022-07-07,San Joaquin,077,732212,183542,181958,12331,194289,2257
2022-07-07,San Luis Obispo,079,281455,59213,58636,5861,64497,498
2022-07-07,San Mateo,081,765935,154242,152319,9593,161912,723
2022-07-07,Santa Barbara,083,443738,96903,96266,5735,102001,697
2022-07-07,Santa Clara,085,1922200,396035,388270,16956,405226,2360
2022-07-07,Santa Cruz,087,273765,57124,56455,2899,59354,266
2022-07-07,Shasta,089,179085,32769,32536,6664,39200,576
2022-07-07,Sierra,091,2930,289,291,57,348,4
2022-07-07,Siskiyou,093,43540,4837,4855,3043,7898,82
2022-07-07,Solano,095,438530,96855,95651,6977,102628,455
2022-07-07,Sonoma,097,501317,99274,98430,4515,102945,496
2022-07-07,Stanislaus,099,539301,127812,126897,19596,146493,1686
2022-07-07,Sutter,101,95872,22249,22165,2335,24500,228
2022-07-07,Tehama,103,63373,12830,12716,2772,15488,205
2022-07-07,Trinity,105,12862,1297,1272,320,1592,20
2022-07-07,Tulare,107,460477,113687,113002,31067,144069,1508
2022-07-07,Tuolumne,109,53932,14203,14019,798,14817,194
2022-07-07,Ventura,111,848112,192747,191462,12535,203997,1518
2022-07-07,Yolo,113,214977,44513,44152,3648,47800,323
2022-07-07,Yuba,115,75493,17415,17345,1475,18820,125
2022-07-06,Alameda,001,1643700,315116,310551,17412,327963,1899
2022-07-06,Alpine,002,1148,129,129,1,130,0
2022-07-06,Amador,005,37829,9371,9301,785,10086,87
2022-07-06,Butte,007,227075,36494,36053,8117,44170,436
2022-07-06,Calaveras,009,45235,7928,7873,424,8297,124
2022-07-06,Colusa,011,21464,3602,3579,1141,4720,22
2022-07-06,Contra Costa,013,1133247,230125,223500,17865,241365,1348
2022-07-06,Del Norte,015,27424,6792,6623,327,6950,54
2022-07-06,El Dorado,017,186661,30192,29953,3835,33788,218
2022-07-06,Fresno,019,978130,255623,249480,27492,276972,2786
2022-07-06,Glenn,021,27897,5274,5222,1747,6969,48
2022-07-06,Humboldt,023,135768,19811,19608,4069,23677,149
2022-07-06,Imperial,025,180216,59978,59184,12234,71418,944
2022-07-06,Inyo,027,18085,4325,4282,709,4991,56
2022-07-06,Kern,029,883053,205292,203587,52719,256306,2353
2022-07-06,Kings,031,150075,54905,54560,3698,58258,449
2022-07-06,Lake,033,64148,11743,11659,1031,12690,140
2022-07-06,Lassen,035,31185,9385,9350,934,10284,64
2022-07-06,Los Angeles,037,10098052,3023775,2991161,150445,3141606,32116
2022-07-06,Madera,039,155013,40250,39952,6914,46866,372
2022-07-06,Marin,041,260295,33091,41036,4685,45721,302
2022-07-06,Mariposa,043,17540,2834,2797,284,3081,30
2022-07-06,Mendocino,045,87422,14710,14540,3875,18415,127
2022-07-06,Merced,047,269075,68120,66420,10160,76580,832
2022-07-06,Modoc,049,8938,809,788,283,1071,8
2022-07-06,Mono,051,14174,3129,3109,197,3306,7
2022-07-06,Monterey,053,433212,87462,86639,17452,104091,744
2022-07-06,Napa,055,140530,30034,29690,1286,30976,144
2022-07-06,Nevada,057,99092,17819,17660,1539,19199,131
2022-07-06,Orange,059,3164182,614650,608084,52641,660725,7125
2022-07-06,Placer,061,380077,70855,70113,8800,78913,632
2022-07-06,Plumas,063,18699,3359,3316,404,3720,13
2022-07-06,Riverside,065,2383286,641888,636209,31146,667355,6505
2022-07-06,Sacramento,067,1510023,320238,317315,31654,348969,3104
2022-07-06,San Benito,069,59416,14770,14556,755,15311,100
2022-07-06,San Bernardino,071,2135413,619313,608119,27264,635383,7870
2022-07-06,San Diego,073,3302833,847422,839970,63044,903014,5349
2022-07-06,San Francisco,075,870044,162958,160612,10719,171331,910
2022-07-06,San Joaquin,077,732212,183227,181448,12301,193749,2256
2022-07-06,San Luis Obispo,079,281455,59101,58488,5821,64309,496
2022-07-06,San Mateo,081,765935,153834,151344,9563,160907,723
2022-07-06,Santa Barbara,083,443738,96712,95918,5714,101632,702
2022-07-06,Santa Clara,085,1922200,394928,385553,16890,402443,2358
2022-07-06,Santa Cruz,087,273765,56982,56307,2880,59187,267
2022-07-06,Shasta,089,179085,32715,32444,6641,39085,570
2022-07-06,Sierra,091,2930,289,290,57,347,4
2022-07-06,Siskiyou,093,43540,4832,4841,3037,7878,82
2022-07-06,Solano,095,438530,96602,95181,6952,102133,455
2022-07-06,Sonoma,097,501317,99092,98031,4497,102528,495
2022-07-06,Stanislaus,099,539301,127589,126492,19565,146057,1682
2022-07-06,Sutter,101,95872,22198,22089,2334,24423,228
2022-07-06,Tehama,103,63373,12819,12680,2766,15446,205
2022-07-06,Trinity,105,12862,1289,1263,316,1579,20
2022-07-06,Tulare,107,460477,113474,112684,30971,143655,1500
2022-07-06,Tuolumne,109,53932,14169,13960,786,14746,189
2022-07-06,Ventura,111,848112,192364,190794,12460,203254,1517
2022-07-06,Yolo,113,214977,44429,43171,3628,46799,324
2022-07-06,Yuba,115,75493,17377,17277,1469,18746,124
2022-07-05,Alameda,001,1643700,314127,310551,17356,327907,1899
2022-07-05,Alpine,002,1148,129,129,1,130,0
2022-07-05,Amador,005,37829,9356,9301,781,10082,87
2022-07-05,Butte,007,227075,36411,36053,8096,44149,436
2022-07-05,Calaveras,009,45235,7917,7873,423,8296,124
2022-07-05,Colusa,011,21464,3597,3579,1139,4718,22
2022-07-05,Contra Costa,013,1133247,229492,223500,17789,241289,1348
2022-07-05,Del Norte,015,27424,6766,6623,322,6945,54
2022-07-05,El Dorado,017,186661,30142,29953,3826,33779,218
2022-07-05,Fresno,019,978130,255020,249480,27405,276885,2786
2022-07-05,Glenn,021,27897,5265,5222,1746,6968,48
2022-07-05,Humboldt,023,135768,19773,19608,4058,23666,149
2022-07-05,Imperial,025,180216,59837,59184,12136,71320,944
2022-07-05,Inyo,027,18085,4311,4282,699,4981,56
2022-07-05,Kern,029,883053,204850,203587,52480,256067,2353
2022-07-05,Kings,031,150075,54774,54560,3684,58244,449
2022-07-05,Lake,033,64148,11720,11659,1028,12687,140
2022-07-05,Lassen,035,31185,9374,9350,934,10284,64
2022-07-05,Los Angeles,037,10098052,3016838,2991161,149688,3140849,32116
2022-07-05,Madera,039,155013,40165,39952,6889,46841,372
2022-07-05,Marin,041,260295,32990,41036,4675,45711,302
2022-07-05,Mariposa,043,17540,2824,2797,281,3078,30
2022-07-05,Mendocino,045,87422,14664,14540,3859,18399,127
2022-07-05,Merced,047,269075,68000,66420,10129,76549,832
2022-07-05,Modoc,049,8938,801,788,283,1071,8
2022-07-05,Mono,051,14174,3126,3109,194,3303,7
2022-07-05,Monterey,053,433212,87297,86639,17401,104040,744
2022-07-05,Napa,055,140530,29977,29690,1281,30971,144
2022-07-05,Nevada,057,99092,17780,17660,1529,19189,131
2022-07-05,Orange,059,3164182,613089,608084,52374,660458,7125
2022-07-05,Placer,061,380077,70749,70113,8779,78892,632
2022-07-05,Plumas,063,18699,3349,3316,403,3719,13
2022-07-05,Riverside,065,2383286,640416,636209,31059,667268,6505
2022-07-05,Sacramento,067,1510023,319585,317315,31579,348894,3104
2022-07-05,San Benito,069,59416,14736,14556,748,15304,100
2022-07-05,San Bernardino,071,2135413,617982,608119,27186,635305,7870
2022-07-05,San Diego,073,3302833,845077,839970,62809,902779,5349
2022-07-05,San Francisco,075,870044,162434,160612,10693,171305,910
2022-07-05,San Joaquin,077,732212,182863,181448,12228,193676,2256
2022-07-05,San Luis Obispo,079,281455,58941,58488,5779,64267,496
2022-07-05,San Mateo,081,765935,153349,151344,9541,160885,723
2022-07-05,Santa Barbara,083,443738,96488,95918,5685,101603,702
2022-07-05,Santa Clara,085,1922200,393762,385553,16828,402381,2358
2022-07-05,Santa Cruz,087,273765,56806,56307,2864,59171,267
2022-07-05,Shasta,089,179085,32673,32444,6617,39061,570
2022-07-05,Sierra,091,2930,289,290,57,347,4
2022-07-05,Siskiyou,093,43540,4828,4841,3025,7866,82
2022-07-05,Solano,095,438530,96311,95181,6928,102109,455
2022-07-05,Sonoma,097,501317,98846,98031,4480,102511,495
2022-07-05,Stanislaus,099,539301,127349,126492,19523,146015,1682
2022-07-05,Sutter,101,95872,22156,22089,2332,24421,228
2022-07-05,Tehama,103,63373,12794,12680,2762,15442,205
2022-07-05,Trinity,105,12862,1280,1263,314,1577,20
2022-07-05,Tulare,107,460477,113232,112684,30890,143574,1500
2022-07-05,Tuolumne,109,53932,14135,13960,779,14739,189
2022-07-05,Ventura,111,848112,191964,190794,12397,203191,1517
2022-07-05,Yolo,113,214977,44343,43171,3618,46789,324
2022-07-05,Yuba,115,75493,17348,17277,1468,18745,124
2022-07-04,Alameda,001,1643700,312975,310551,17274,327825,1899
2022-07-04,Alpine,002,1148,129,129,1,130,0
2022-07-04,Amador,005,37829,9343,9301,780,10081,87
2022-07-04,Butte,007,227075,36301,36053,8078,44131,436
2022-07-04,Calaveras,009,45235,7907,7873,423,8296,124
2022-07-04,Colusa,011,21464,3593,3579,1137,4716,22
2022-07-04,Contra Costa,013,1133247,228778,223500,17687,241187,1348
2022-07-04,Del Norte,015,27424,6733,6623,318,6941,54
2022-07-04,El Dorado,017,186661,30058,29953,3808,33761,218
2022-07-04,Fresno,019,978130,254376,249480,27274,276754,2786
2022-07-04,Glenn,021,27897,5257,5222,1740,6962,48
2022-07-04,Humboldt,023,135768,19702,19608,4044,23652,149
2022-07-04,Imperial,025,180216,59627,59184,12016,71200,944
2022-07-04,Inyo,027,18085,4307,4282,689,4971,56
2022-07-04,Kern,029,883053,204395,203587,52204,255791,2353
2022-07-04,Kings,031,150075,54623,54560,3680,58240,449
2022-07-04,Lake,033,64148,11707,11659,1026,12685,140
2022-07-04,Lassen,035,31185,9366,9350,933,10283,64
2022-07-04,Los Angeles,037,10098052,3008347,2991161,148769,3139930,32116
2022-07-04,Madera,039,155013,40071,39952,6863,46815,372
2022-07-04,Marin,041,260295,32873,41036,4664,45700,302
2022-07-04,Mariposa,043,17540,2814,2797,276,3073,30
2022-07-04,Mendocino,045,87422,14628,14540,3813,18353,127
2022-07-04,Merced,047,269075,67870,66420,10081,76501,832
2022-07-04,Modoc,049,8938,793,788,279,1067,8
2022-07-04,Mono,051,14174,3124,3109,192,3301,7
2022-07-04,Monterey,053,433212,87103,86639,17331,103970,744
2022-07-04,Napa,055,140530,29912,29690,1277,30967,144
2022-07-04,Nevada,057,99092,17738,17660,1521,19181,131
2022-07-04,Orange,059,3164182,611261,608084,52048,660132,7125
2022-07-04,Placer,061,380077,70575,70113,8749,78862,632
2022-07-04,Plumas,063,18699,3331,3316,402,3718,13
2022-07-04,Riverside,065,2383286,638771,636209,30964,667173,6505
2022-07-04,Sacramento,067,1510023,318801,317315,31481,348796,3104
2022-07-04,San Benito,069,59416,14680,14556,743,15299,100
2022-07-04,San Bernardino,071,2135413,616375,608119,27110,635229,7870
2022-07-04,San Diego,073,3302833,842450,839970,62473,902443,5349
2022-07-04,San Francisco,075,870044,161808,160612,10634,171246,910
2022-07-04,San Joaquin,077,732212,182457,181448,12162,193610,2256
2022-07-04,San Luis Obispo,079,281455,58752,58488,5708,64196,496
2022-07-04,San Mateo,081,765935,152825,151344,9502,160846,723
2022-07-04,Santa Barbara,083,443738,96264,95918,5662,101580,702
2022-07-04,Santa Clara,085,1922200,392266,385553,16760,402313,2358
2022-07-04,Santa Cruz,087,273765,56608,56307,2842,59149,267
2022-07-04,Shasta,089,179085,32596,32444,6588,39032,570
2022-07-04,Sierra,091,2930,289,290,57,347,4
2022-07-04,Siskiyou,093,43540,4822,4841,3019,7860,82
2022-07-04,Solano,095,438530,95958,95181,6892,102073,455
2022-07-04,Sonoma,097,501317,98552,98031,4453,102484,495
2022-07-04,Stanislaus,099,539301,127059,126492,19468,145960,1682
2022-07-04,Sutter,101,95872,22110,22089,2330,24419,228
2022-07-04,Tehama,103,63373,12768,12680,2748,15428,205
2022-07-04,Trinity,105,12862,1275,1263,312,1575,20
2022-07-04,Tulare,107,460477,112994,112684,30780,143464,1500
2022-07-04,Tuolumne,109,53932,14092,13960,775,14735,189
2022-07-04,Ventura,111,848112,191493,190794,12291,203085,1517
2022-07-04,Yolo,113,214977,44249,43171,3600,46771,324
2022-07-04,Yuba,115,75493,17309,17277,1468,18745,124
2022-07-03,Alameda,001,1643700,312417,307672,17243,324915,1898
2022-07-03,Alpine,002,1148,129,129,1,130,0
2022-07-03,Amador,005,37829,9335,9243,777,10020,87
2022-07-03,Butte,007,227075,36287,35846,8071,43917,436
2022-07-03,Calaveras,009,45235,7891,7836,423,8259,124
2022-07-03,Colusa,011,21464,3591,3566,1135,4701,22
2022-07-03,Contra Costa,013,1133247,228426,221545,17656,239201,1343
2022-07-03,Del Norte,015,27424,6724,6543,317,6860,53
2022-07-03,El Dorado,017,186661,30026,29764,3802,33566,217
2022-07-03,Fresno,019,978130,254124,247952,27238,275190,2783
2022-07-03,Glenn,021,27897,5256,5211,1737,6948,48
2022-07-03,Humboldt,023,135768,19680,19516,4035,23551,149
2022-07-03,Imperial,025,180216,59552,58768,11977,70745,944
2022-07-03,Inyo,027,18085,4303,4261,687,4948,56
2022-07-03,Kern,029,883053,204251,202502,52049,254551,2352
2022-07-03,Kings,031,150075,54599,54262,3678,57940,449
2022-07-03,Lake,033,64148,11696,11595,1026,12621,140
2022-07-03,Lassen,035,31185,9363,9336,932,10268,64
2022-07-03,Los Angeles,037,10098052,3005524,2969395,148390,3117785,32089
2022-07-03,Madera,039,155013,40044,39738,6858,46596,372
2022-07-03,Marin,041,260295,32803,40653,4655,45308,297
2022-07-03,Mariposa,043,17540,2810,2780,275,3055,30
2022-07-03,Mendocino,045,87422,14616,14464,3812,18276,127
2022-07-03,Merced,047,269075,67823,66093,10076,76169,832
2022-07-03,Modoc,049,8938,793,787,279,1066,8
2022-07-03,Mono,051,14174,3123,3099,191,3290,7
2022-07-03,Monterey,053,433212,86991,86212,17277,103489,744
2022-07-03,Napa,055,140530,29892,29486,1274,30760,145
2022-07-03,Nevada,057,99092,17719,17546,1514,19060,131
2022-07-03,Orange,059,3164182,610714,603511,51903,655414,7114
2022-07-03,Placer,061,380077,70488,69606,8735,78341,631
2022-07-03,Plumas,063,18699,3324,3294,402,3696,13
2022-07-03,Riverside,065,2383286,638200,632038,30921,662959,6502
2022-07-03,Sacramento,067,1510023,318532,315165,31459,346624,3100
2022-07-03,San Benito,069,59416,14673,14420,742,15162,100
2022-07-03,San Bernardino,071,2135413,615767,604093,27075,631168,7860
2022-07-03,San Diego,073,3302833,841720,834116,62401,896517,5341
2022-07-03,San Francisco,075,870044,161473,158871,10622,169493,910
2022-07-03,San Joaquin,077,732212,182284,180368,12125,192493,2256
2022-07-03,San Luis Obispo,079,281455,58683,58079,5698,63777,489
2022-07-03,San Mateo,081,765935,152519,149812,9485,159297,723
2022-07-03,Santa Barbara,083,443738,96156,95214,5650,100864,699
2022-07-03,Santa Clara,085,1922200,391538,381630,16729,398359,2355
2022-07-03,Santa Cruz,087,273765,56547,55757,2821,58578,267
2022-07-03,Shasta,089,179085,32561,32280,6578,38858,570
2022-07-03,Sierra,091,2930,288,283,57,340,4
2022-07-03,Siskiyou,093,43540,4819,4808,3017,7825,82
2022-07-03,Solano,095,438530,95880,94437,6886,101323,455
2022-07-03,Sonoma,097,501317,98443,97379,4448,101827,495
2022-07-03,Stanislaus,099,539301,126939,125788,19452,145240,1681
2022-07-03,Sutter,101,95872,22089,21935,2329,24264,228
2022-07-03,Tehama,103,63373,12750,12615,2746,15361,205
2022-07-03,Trinity,105,12862,1274,1256,309,1565,20
2022-07-03,Tulare,107,460477,112896,112118,30741,142859,1500
2022-07-03,Tuolumne,109,53932,14069,13886,772,14658,189
2022-07-03,Ventura,111,848112,191282,189493,12270,201763,1517
2022-07-03,Yolo,113,214977,44206,42760,3590,46350,324
2022-07-03,Yuba,115,75493,17295,17168,1467,18635,124
2022-07-02,Alameda,001,1643700,312039,307672,17217,324889,1898
2022-07-02,Alpine,002,1148,129,129,1,130,0
2022-07-02,Amador,005,37829,9319,9243,776,10019,87
2022-07-02,Butte,007,227075,36262,35846,8058,43904,436
2022-07-02,Calaveras,009,45235,7885,7836,423,8259,124
2022-07-02,Colusa,011,21464,3587,3566,1133,4699,22
2022-07-02,Contra Costa,013,1133247,228081,221545,17603,239148,1343
2022-07-02,Del Norte,015,27424,6714,6543,317,6860,53
2022-07-02,El Dorado,017,186661,29992,29764,3798,33562,217
2022-07-02,Fresno,019,978130,253896,247952,27201,275153,2783
2022-07-02,Glenn,021,27897,5251,5211,1736,6947,48
2022-07-02,Humboldt,023,135768,19654,19516,4031,23547,149
2022-07-02,Imperial,025,180216,59472,58768,11956,70724,944
2022-07-02,Inyo,027,18085,4299,4261,685,4946,56
2022-07-02,Kern,029,883053,204092,202502,51887,254389,2352
2022-07-02,Kings,031,150075,54554,54262,3678,57940,449
2022-07-02,Lake,033,64148,11687,11595,1024,12619,140
2022-07-02,Lassen,035,31185,9362,9336,931,10267,64
2022-07-02,Los Angeles,037,10098052,3002762,2969395,147964,3117359,32089
2022-07-02,Madera,039,155013,40014,39738,6854,46592,372
2022-07-02,Marin,041,260295,32741,40653,4638,45291,297
2022-07-02,Mariposa,043,17540,2806,2780,274,3054,30
2022-07-02,Mendocino,045,87422,14588,14464,3812,18276,127
2022-07-02,Merced,047,269075,67764,66093,10067,76160,832
2022-07-02,Modoc,049,8938,793,787,278,1065,8
2022-07-02,Mono,051,14174,3120,3099,191,3290,7
2022-07-02,Monterey,053,433212,86900,86212,17239,103451,744
2022-07-02,Napa,055,140530,29862,29486,1274,30760,145
2022-07-02,Nevada,057,99092,17704,17546,1508,19054,131
2022-07-02,Orange,059,3164182,610052,603511,51744,655255,7114
2022-07-02,Placer,061,380077,70395,69606,8721,78327,631
2022-07-02,Plumas,063,18699,3315,3294,402,3696,13
2022-07-02,Riverside,065,2383286,637605,632038,30876,662914,6502
2022-07-02,Sacramento,067,1510023,318197,315165,31434,346599,3100
2022-07-02,San Benito,069,59416,14654,14420,733,15153,100
2022-07-02,San Bernardino,071,2135413,615233,604093,27040,631133,7860
2022-07-02,San Diego,073,3302833,840913,834116,62336,896452,5341
2022-07-02,San Francisco,075,870044,161192,158871,10598,169469,910
2022-07-02,San Joaquin,077,732212,182151,180368,12099,192467,2256
2022-07-02,San Luis Obispo,079,281455,58634,58079,5684,63763,489
2022-07-02,San Mateo,081,765935,152260,149812,9466,159278,723
2022-07-02,Santa Barbara,083,443738,96029,95214,5640,100854,699
2022-07-02,Santa Clara,085,1922200,390805,381630,16699,398329,2355
2022-07-02,Santa Cruz,087,273765,56488,55757,2810,58567,267
2022-07-02,Shasta,089,179085,32531,32280,6567,38847,570
2022-07-02,Sierra,091,2930,288,283,57,340,4
2022-07-02,Siskiyou,093,43540,4815,4808,3016,7824,82
2022-07-02,Solano,095,438530,95807,94437,6870,101307,455
2022-07-02,Sonoma,097,501317,98337,97379,4440,101819,495
2022-07-02,Stanislaus,099,539301,126820,125788,19436,145224,1681
2022-07-02,Sutter,101,95872,22070,21935,2329,24264,228
2022-07-02,Tehama,103,63373,12727,12615,2745,15360,205
2022-07-02,Trinity,105,12862,1272,1256,308,1564,20
2022-07-02,Tulare,107,460477,112795,112118,30700,142818,1500
2022-07-02,Tuolumne,109,53932,14056,13886,763,14649,189
2022-07-02,Ventura,111,848112,191110,189493,12245,201738,1517
2022-07-02,Yolo,113,214977,44161,42760,3583,46343,324
2022-07-02,Yuba,115,75493,17283,17168,1467,18635,124
2022-07-01,Alameda,001,1643700,311557,307672,17185,324857,1898
2022-07-01,Alpine,002,1148,129,129,1,130,0
2022-07-01,Amador,005,37829,9314,9243,774,10017,87
2022-07-01,Butte,007,227075,36235,35846,8040,43886,436
2022-07-01,Calaveras,009,45235,7874,7836,423,8259,124
2022-07-01,Colusa,011,21464,3584,3566,1133,4699,22
2022-07-01,Contra Costa,013,1133247,227779,221545,17560,239105,1343
2022-07-01,Del Norte,015,27424,6694,6543,315,6858,53
2022-07-01,El Dorado,017,186661,29967,29764,3790,33554,217
2022-07-01,Fresno,019,978130,253609,247952,27146,275098,2783
2022-07-01,Glenn,021,27897,5251,5211,1736,6947,48
2022-07-01,Humboldt,023,135768,19632,19516,4022,23538,149
2022-07-01,Imperial,025,180216,59395,58768,11929,70697,944
2022-07-01,Inyo,027,18085,4292,4261,679,4940,56
2022-07-01,Kern,029,883053,203880,202502,51752,254254,2352
2022-07-01,Kings,031,150075,54521,54262,3674,57936,449
2022-07-01,Lake,033,64148,11676,11595,1023,12618,140
2022-07-01,Lassen,035,31185,9359,9336,931,10267,64
2022-07-01,Los Angeles,037,10098052,2999275,2969395,147448,3116843,32089
2022-07-01,Madera,039,155013,39971,39738,6840,46578,372
2022-07-01,Marin,041,260295,32668,40653,4625,45278,297
2022-07-01,Mariposa,043,17540,2804,2780,273,3053,30
2022-07-01,Mendocino,045,87422,14568,14464,3808,18272,127
2022-07-01,Merced,047,269075,67679,66093,10063,76156,832
2022-07-01,Modoc,049,8938,793,787,277,1064,8
2022-07-01,Mono,051,14174,3112,3099,190,3289,7
2022-07-01,Monterey,053,433212,86818,86212,17208,103420,744
2022-07-01,Napa,055,140530,29817,29486,1274,30760,145
2022-07-01,Nevada,057,99092,17684,17546,1503,19049,131
2022-07-01,Orange,059,3164182,609332,603511,51578,655089,7114
2022-07-01,Placer,061,380077,70328,69606,8701,78307,631
2022-07-01,Plumas,063,18699,3312,3294,402,3696,13
2022-07-01,Riverside,065,2383286,636888,632038,30823,662861,6502
2022-07-01,Sacramento,067,1510023,317814,315165,31408,346573,3100
2022-07-01,San Benito,069,59416,14636,14420,732,15152,100
2022-07-01,San Bernardino,071,2135413,614591,604093,27006,631099,7860
2022-07-01,San Diego,073,3302833,839878,834116,62195,896311,5341
2022-07-01,San Francisco,075,870044,160916,158871,10559,169430,910
2022-07-01,San Joaquin,077,732212,182006,180368,12067,192435,2256
2022-07-01,San Luis Obispo,079,281455,58605,58079,5672,63751,489
2022-07-01,San Mateo,081,765935,151978,149812,9450,159262,723
2022-07-01,Santa Barbara,083,443738,95913,95214,5631,100845,699
2022-07-01,Santa Clara,085,1922200,390099,381630,16664,398294,2355
2022-07-01,Santa Cruz,087,273765,56422,55757,2797,58554,267
2022-07-01,Shasta,089,179085,32511,32280,6557,38837,570
2022-07-01,Sierra,091,2930,288,283,57,340,4
2022-07-01,Siskiyou,093,43540,4815,4808,3014,7822,82
2022-07-01,Solano,095,438530,95638,94437,6853,101290,455
2022-07-01,Sonoma,097,501317,98216,97379,4421,101800,495
2022-07-01,Stanislaus,099,539301,126691,125788,19409,145197,1681
2022-07-01,Sutter,101,95872,22041,21935,2329,24264,228
2022-07-01,Tehama,103,63373,12718,12615,2743,15358,205
2022-07-01,Trinity,105,12862,1271,1256,308,1564,20
2022-07-01,Tulare,107,460477,112698,112118,30659,142777,1500
2022-07-01,Tuolumne,109,53932,14037,13886,756,14642,189
2022-07-01,Ventura,111,848112,190899,189493,12209,201702,1517
2022-07-01,Yolo,113,214977,44125,42760,3568,46328,324
2022-07-01,Yuba,115,75493,17262,17168,1467,18635,124
2022-06-30,Alameda,001,1643700,310731,307672,17129,324801,1898
2022-06-30,Alpine,002,1148,129,129,1,130,0
2022-06-30,Amador,005,37829,9304,9243,771,10014,87
2022-06-30,Butte,007,227075,36185,35846,8023,43869,436
2022-06-30,Calaveras,009,45235,7863,7836,422,8258,124
2022-06-30,Colusa,011,21464,3580,3566,1131,4697,22
2022-06-30,Contra Costa,013,1133247,227229,221545,17489,239034,1343
2022-06-30,Del Norte,015,27424,6677,6543,312,6855,53
2022-06-30,El Dorado,017,186661,29922,29764,3780,33544,217
2022-06-30,Fresno,019,978130,253210,247952,27096,275048,2783
2022-06-30,Glenn,021,27897,5248,5211,1736,6947,48
2022-06-30,Humboldt,023,135768,19595,19516,4016,23532,149
2022-06-30,Imperial,025,180216,59281,58768,11897,70665,944
2022-06-30,Inyo,027,18085,4286,4261,679,4940,56
2022-06-30,Kern,029,883053,203554,202502,51567,254069,2352
2022-06-30,Kings,031,150075,54445,54262,3671,57933,449
2022-06-30,Lake,033,64148,11657,11595,1020,12615,140
2022-06-30,Lassen,035,31185,9356,9336,930,10266,64
2022-06-30,Los Angeles,037,10098052,2993867,2969395,146848,3116243,32089
2022-06-30,Madera,039,155013,39905,39738,6813,46551,372
2022-06-30,Marin,041,260295,32584,40653,4618,45271,297
2022-06-30,Mariposa,043,17540,2797,2780,271,3051,30
2022-06-30,Mendocino,045,87422,14551,14464,3802,18266,127
2022-06-30,Merced,047,269075,67581,66093,10045,76138,832
2022-06-30,Modoc,049,8938,792,787,276,1063,8
2022-06-30,Mono,051,14174,3110,3099,189,3288,7
2022-06-30,Monterey,053,433212,86669,86212,17145,103357,744
2022-06-30,Napa,055,140530,29759,29486,1268,30754,145
2022-06-30,Nevada,057,99092,17656,17546,1496,19042,131
2022-06-30,Orange,059,3164182,608151,603511,51366,654877,7114
2022-06-30,Placer,061,380077,70178,69606,8672,78278,631
2022-06-30,Plumas,063,18699,3307,3294,401,3695,13
2022-06-30,Riverside,065,2383286,635788,632038,30753,662791,6502
2022-06-30,Sacramento,067,1510023,317219,315165,31369,346534,3100
2022-06-30,San Benito,069,59416,14600,14420,729,15149,100
2022-06-30,San Bernardino,071,2135413,613543,604093,26964,631057,7860
2022-06-30,San Diego,073,3302833,838361,834116,61984,896100,5341
2022-06-30,San Francisco,075,870044,160492,158871,10529,169400,910
2022-06-30,San Joaquin,077,732212,181726,180368,12036,192404,2256
2022-06-30,San Luis Obispo,079,281455,58505,58079,5644,63723,489
2022-06-30,San Mateo,081,765935,151554,149812,9419,159231,723
2022-06-30,Santa Barbara,083,443738,95715,95214,5619,100833,699
2022-06-30,Santa Clara,085,1922200,389004,381630,16619,398249,2355
2022-06-30,Santa Cruz,087,273765,56303,55757,2783,58540,267
2022-06-30,Shasta,089,179085,32471,32280,6538,38818,570
2022-06-30,Sierra,091,2930,288,283,57,340,4
2022-06-30,Siskiyou,093,43540,4810,4808,3007,7815,82
2022-06-30,Solano,095,438530,95434,94437,6821,101258,455
2022-06-30,Sonoma,097,501317,98052,97379,4400,101779,495
2022-06-30,Stanislaus,099,539301,126497,125788,19378,145166,1681
2022-06-30,Sutter,101,95872,22008,21935,2327,24262,228
2022-06-30,Tehama,103,63373,12697,12615,2740,15355,205
2022-06-30,Trinity,105,12862,1265,1256,306,1562,20
2022-06-30,Tulare,107,460477,112548,112118,30583,142701,1500
2022-06-30,Tuolumne,109,53932,14018,13886,750,14636,189
2022-06-30,Ventura,111,848112,190555,189493,12134,201627,1517
2022-06-30,Yolo,113,214977,44053,42760,3551,46311,324
2022-06-30,Yuba,115,75493,17234,17168,1461,18629,124
2022-06-29,Alameda,001,1643700,309931,305288,17088,322376,1895
2022-06-29,Alpine,002,1148,129,129,1,130,0
2022-06-29,Amador,005,37829,9297,9205,771,9976,87
2022-06-29,Butte,007,227075,36137,35651,8007,43658,434
2022-06-29,Calaveras,009,45235,7852,7798,419,8217,124
2022-06-29,Colusa,011,21464,3577,3548,1129,4677,22
2022-06-29,Contra Costa,013,1133247,226747,219921,17435,237356,1339
2022-06-29,Del Norte,015,27424,6651,6484,308,6792,53
2022-06-29,El Dorado,017,186661,29864,29549,3764,33313,216
2022-06-29,Fresno,019,978130,252816,246740,27030,273770,2777
2022-06-29,Glenn,021,27897,5247,5192,1734,6926,48
2022-06-29,Humboldt,023,135768,19569,19411,4006,23417,149
2022-06-29,Imperial,025,180216,59162,58498,11851,70349,944
2022-06-29,Inyo,027,18085,4282,4243,674,4917,56
2022-06-29,Kern,029,883053,203265,201537,51388,252925,2343
2022-06-29,Kings,031,150075,54355,54031,3669,57700,448
2022-06-29,Lake,033,64148,11630,11548,1016,12564,140
2022-06-29,Lassen,035,31185,9351,9310,930,10240,64
2022-06-29,Los Angeles,037,10098052,2988226,2955489,146254,3101743,32062
2022-06-29,Madera,039,155013,39854,39554,6804,46358,372
2022-06-29,Marin,041,260295,32480,40397,4612,45009,297
2022-06-29,Mariposa,043,17540,2795,2753,271,3024,30
2022-06-29,Mendocino,045,87422,14522,14383,3786,18169,127
2022-06-29,Merced,047,269075,67487,65733,10033,75766,830
2022-06-29,Modoc,049,8938,790,780,275,1055,8
2022-06-29,Mono,051,14174,3110,3081,187,3268,7
2022-06-29,Monterey,053,433212,86536,85711,17096,102807,743
2022-06-29,Napa,055,140530,29706,29285,1265,30550,144
2022-06-29,Nevada,057,99092,17622,17439,1492,18931,129
2022-06-29,Orange,059,3164182,606976,599951,51178,651129,7095
2022-06-29,Placer,061,380077,70042,69244,8663,77907,629
2022-06-29,Plumas,063,18699,3304,3267,399,3666,13
2022-06-29,Riverside,065,2383286,634727,629035,30685,659720,6493
2022-06-29,Sacramento,067,1510023,316623,313224,31323,344547,3082
2022-06-29,San Benito,069,59416,14563,14302,721,15023,100
2022-06-29,San Bernardino,071,2135413,612548,600960,26867,627827,7825
2022-06-29,San Diego,073,3302833,836633,828907,61750,890657,5336
2022-06-29,San Francisco,075,870044,159999,157419,10495,167914,902
2022-06-29,San Joaquin,077,732212,181430,179476,11998,191474,2252
2022-06-29,San Luis Obispo,079,281455,58370,57783,5606,63389,486
2022-06-29,San Mateo,081,765935,151167,148533,9399,157932,723
2022-06-29,Santa Barbara,083,443738,95564,94683,5608,100291,699
2022-06-29,Santa Clara,085,1922200,388009,378000,16559,394559,2348
2022-06-29,Santa Cruz,087,273765,56178,55432,2769,58201,266
2022-06-29,Shasta,089,179085,32424,32106,6522,38628,570
2022-06-29,Sierra,091,2930,286,283,57,340,4
2022-06-29,Siskiyou,093,43540,4804,4773,3007,7780,82
2022-06-29,Solano,095,438530,95199,92975,6802,99777,455
2022-06-29,Sonoma,097,501317,97867,96854,4388,101242,493
2022-06-29,Stanislaus,099,539301,126321,125189,19348,144537,1674
2022-06-29,Sutter,101,95872,21955,21836,2322,24158,227
2022-06-29,Tehama,103,63373,12678,12561,2739,15300,205
2022-06-29,Trinity,105,12862,1263,1245,305,1550,20
2022-06-29,Tulare,107,460477,112409,111707,30509,142216,1499
2022-06-29,Tuolumne,109,53932,13993,13779,734,14513,189
2022-06-29,Ventura,111,848112,190248,188519,12070,200589,1514
2022-06-29,Yolo,113,214977,43951,42410,3540,45950,323
2022-06-29,Yuba,115,75493,17205,17082,1459,18541,124
2022-06-28,Alameda,001,1643700,309083,305288,17052,322340,1895
2022-06-28,Alpine,002,1148,129,129,1,130,0
2022-06-28,Amador,005,37829,9292,9205,770,9975,87
2022-06-28,Butte,007,227075,36071,35651,7989,43640,434
2022-06-28,Calaveras,009,45235,7840,7798,419,8217,124
2022-06-28,Colusa,011,21464,3576,3548,1128,4676,22
2022-06-28,Contra Costa,013,1133247,226139,219921,17372,237293,1339
2022-06-28,Del Norte,015,27424,6614,6484,306,6790,53
2022-06-28,El Dorado,017,186661,29816,29549,3753,33302,216
2022-06-28,Fresno,019,978130,252380,246740,26973,273713,2777
2022-06-28,Glenn,021,27897,5239,5192,1729,6921,48
2022-06-28,Humboldt,023,135768,19549,19411,3999,23410,149
2022-06-28,Imperial,025,180216,59067,58498,11772,70270,944
2022-06-28,Inyo,027,18085,4275,4243,668,4911,56
2022-06-28,Kern,029,883053,202967,201537,51174,252711,2343
2022-06-28,Kings,031,150075,54274,54031,3664,57695,448
2022-06-28,Lake,033,64148,11619,11548,1014,12562,140
2022-06-28,Lassen,035,31185,9344,9310,930,10240,64
2022-06-28,Los Angeles,037,10098052,2982284,2955489,145644,3101133,32062
2022-06-28,Madera,039,155013,39795,39554,6787,46341,372
2022-06-28,Marin,041,260295,32372,40397,4605,45002,297
2022-06-28,Mariposa,043,17540,2787,2753,269,3022,30
2022-06-28,Mendocino,045,87422,14494,14383,3774,18157,127
2022-06-28,Merced,047,269075,67384,65733,10015,75748,830
2022-06-28,Modoc,049,8938,788,780,274,1054,8
2022-06-28,Mono,051,14174,3103,3081,185,3266,7
2022-06-28,Monterey,053,433212,86411,85711,17049,102760,743
2022-06-28,Napa,055,140530,29638,29285,1262,30547,144
2022-06-28,Nevada,057,99092,17591,17439,1487,18926,129
2022-06-28,Orange,059,3164182,605612,599951,50991,650942,7095
2022-06-28,Placer,061,380077,69882,69244,8644,77888,629
2022-06-28,Plumas,063,18699,3304,3267,398,3665,13
2022-06-28,Riverside,065,2383286,633527,629035,30638,659673,6493
2022-06-28,Sacramento,067,1510023,315948,313224,31257,344481,3082
2022-06-28,San Benito,069,59416,14524,14302,720,15022,100
2022-06-28,San Bernardino,071,2135413,611419,600960,26821,627781,7825
2022-06-28,San Diego,073,3302833,834774,828907,61509,890416,5336
2022-06-28,San Francisco,075,870044,159470,157419,10470,167889,902
2022-06-28,San Joaquin,077,732212,181120,179476,11962,191438,2252
2022-06-28,San Luis Obispo,079,281455,58251,57783,5569,63352,486
2022-06-28,San Mateo,081,765935,150703,148533,9374,157907,723
2022-06-28,Santa Barbara,083,443738,95394,94683,5592,100275,699
2022-06-28,Santa Clara,085,1922200,386887,378000,16501,394501,2348
2022-06-28,Santa Cruz,087,273765,56045,55432,2761,58193,266
2022-06-28,Shasta,089,179085,32377,32106,6509,38615,570
2022-06-28,Sierra,091,2930,286,283,57,340,4
2022-06-28,Siskiyou,093,43540,4798,4773,3001,7774,82
2022-06-28,Solano,095,438530,94924,92975,6784,99759,455
2022-06-28,Sonoma,097,501317,97657,96854,4372,101226,493
2022-06-28,Stanislaus,099,539301,126120,125189,19325,144514,1674
2022-06-28,Sutter,101,95872,21920,21836,2320,24156,227
2022-06-28,Tehama,103,63373,12658,12561,2735,15296,205
2022-06-28,Trinity,105,12862,1260,1245,303,1548,20
2022-06-28,Tulare,107,460477,112223,111707,30434,142141,1499
2022-06-28,Tuolumne,109,53932,13962,13779,728,14507,189
2022-06-28,Ventura,111,848112,189925,188519,11991,200510,1514
2022-06-28,Yolo,113,214977,43840,42410,3534,45944,323
2022-06-28,Yuba,115,75493,17169,17082,1455,18537,124
2022-06-27,Alameda,001,1643700,308144,305288,16997,322285,1895
2022-06-27,Alpine,002,1148,129,129,1,130,0
2022-06-27,Amador,005,37829,9277,9205,768,9973,87
2022-06-27,Butte,007,227075,36017,35651,7969,43620,434
2022-06-27,Calaveras,009,45235,7826,7798,419,8217,124
2022-06-27,Colusa,011,21464,3572,3548,1126,4674,22
2022-06-27,Contra Costa,013,1133247,225458,219921,17308,237229,1339
2022-06-27,Del Norte,015,27424,6593,6484,300,6784,53
2022-06-27,El Dorado,017,186661,29751,29549,3735,33284,216
2022-06-27,Fresno,019,978130,251907,246740,26901,273641,2777
2022-06-27,Glenn,021,27897,5233,5192,1722,6914,48
2022-06-27,Humboldt,023,135768,19514,19411,3987,23398,149
2022-06-27,Imperial,025,180216,58930,58498,11706,70204,944
2022-06-27,Inyo,027,18085,4265,4243,659,4902,56
2022-06-27,Kern,029,883053,202601,201537,50968,252505,2343
2022-06-27,Kings,031,150075,54187,54031,3661,57692,448
2022-06-27,Lake,033,64148,11600,11548,1009,12557,140
2022-06-27,Lassen,035,31185,9335,9310,930,10240,64
2022-06-27,Los Angeles,037,10098052,2976082,2955489,145078,3100567,32062
2022-06-27,Madera,039,155013,39730,39554,6775,46329,372
2022-06-27,Marin,041,260295,32265,40397,4592,44989,297
2022-06-27,Mariposa,043,17540,2778,2753,267,3020,30
2022-06-27,Mendocino,045,87422,14464,14383,3768,18151,127
2022-06-27,Merced,047,269075,67275,65733,9980,75713,830
2022-06-27,Modoc,049,8938,783,780,273,1053,8
2022-06-27,Mono,051,14174,3102,3081,185,3266,7
2022-06-27,Monterey,053,433212,86260,85711,16988,102699,743
2022-06-27,Napa,055,140530,29567,29285,1259,30544,144
2022-06-27,Nevada,057,99092,17561,17439,1473,18912,129
2022-06-27,Orange,059,3164182,604240,599951,50768,650719,7095
2022-06-27,Placer,061,380077,69767,69244,8619,77863,629
2022-06-27,Plumas,063,18699,3299,3267,397,3664,13
2022-06-27,Riverside,065,2383286,632375,629035,30572,659607,6493
2022-06-27,Sacramento,067,1510023,315222,313224,31199,344423,3082
2022-06-27,San Benito,069,59416,14469,14302,717,15019,100
2022-06-27,San Bernardino,071,2135413,610309,600960,26774,627734,7825
2022-06-27,San Diego,073,3302833,832853,828907,61279,890186,5336
2022-06-27,San Francisco,075,870044,158917,157419,10444,167863,902
2022-06-27,San Joaquin,077,732212,180775,179476,11920,191396,2252
2022-06-27,San Luis Obispo,079,281455,58136,57783,5532,63315,486
2022-06-27,San Mateo,081,765935,150225,148533,9340,157873,723
2022-06-27,Santa Barbara,083,443738,95207,94683,5578,100261,699
2022-06-27,Santa Clara,085,1922200,385462,378000,16447,394447,2348
2022-06-27,Santa Cruz,087,273765,55875,55432,2753,58185,266
2022-06-27,Shasta,089,179085,32316,32106,6491,38597,570
2022-06-27,Sierra,091,2930,286,283,57,340,4
2022-06-27,Siskiyou,093,43540,4788,4773,2994,7767,82
2022-06-27,Solano,095,438530,94613,92975,6752,99727,455
2022-06-27,Sonoma,097,501317,97464,96854,4353,101207,493
2022-06-27,Stanislaus,099,539301,125894,125189,19304,144493,1674
2022-06-27,Sutter,101,95872,21880,21836,2317,24153,227
2022-06-27,Tehama,103,63373,12636,12561,2733,15294,205
2022-06-27,Trinity,105,12862,1258,1245,301,1546,20
2022-06-27,Tulare,107,460477,112046,111707,30348,142055,1499
2022-06-27,Tuolumne,109,53932,13927,13779,720,14499,189
2022-06-27,Ventura,111,848112,189545,188519,11929,200448,1514
2022-06-27,Yolo,113,214977,43714,42410,3526,45936,323
2022-06-27,Yuba,115,75493,17141,17082,1452,18534,124
2022-06-26,Alameda,001,1643700,307063,302071,16942,319013,1891
2022-06-26,Alpine,002,1148,129,129,1,130,0
2022-06-26,Amador,005,37829,9238,9135,766,9901,87
2022-06-26,Butte,007,227075,35944,35406,7944,43350,433
2022-06-26,Calaveras,009,45235,7811,7754,416,8170,124
2022-06-26,Colusa,011,21464,3563,3540,1122,4662,22
2022-06-26,Contra Costa,013,1133247,224831,218053,17224,235277,1335
2022-06-26,Del Norte,015,27424,6571,6398,296,6694,52
2022-06-26,El Dorado,017,186661,29668,29313,3710,33023,216
2022-06-26,Fresno,019,978130,251367,245118,26835,271953,2777
2022-06-26,Glenn,021,27897,5228,5178,1719,6897,48
2022-06-26,Humboldt,023,135768,19479,19234,3976,23210,149
2022-06-26,Imperial,025,180216,58782,58127,11611,69738,944
2022-06-26,Inyo,027,18085,4254,4228,646,4874,56
2022-06-26,Kern,029,883053,202292,200556,50766,251322,2344
2022-06-26,Kings,031,150075,54079,53783,3657,57440,448
2022-06-26,Lake,033,64148,11581,11471,1007,12478,140
2022-06-26,Lassen,035,31185,9326,9287,930,10217,64
2022-06-26,Los Angeles,037,10098052,2969490,2936815,144436,3081251,32036
2022-06-26,Madera,039,155013,39661,39319,6755,46074,372
2022-06-26,Marin,041,260295,32145,39979,4571,44550,297
2022-06-26,Mariposa,043,17540,2770,2713,267,2980,30
2022-06-26,Mendocino,045,87422,14435,14292,3741,18033,127
2022-06-26,Merced,047,269075,67144,65408,9953,75361,828
2022-06-26,Modoc,049,8938,782,777,271,1048,8
2022-06-26,Mono,051,14174,3092,3076,185,3261,7
2022-06-26,Monterey,053,433212,86085,85275,16928,102203,743
2022-06-26,Napa,055,140530,29486,29054,1256,30310,144
2022-06-26,Nevada,057,99092,17517,17339,1469,18808,129
2022-06-26,Orange,059,3164182,602743,595761,50555,646316,7090
2022-06-26,Placer,061,380077,69638,68785,8590,77375,628
2022-06-26,Plumas,063,18699,3287,3241,397,3638,13
2022-06-26,Riverside,065,2383286,631148,625794,30515,656309,6493
2022-06-26,Sacramento,067,1510023,314398,310837,31131,341968,3077
2022-06-26,San Benito,069,59416,14424,14192,714,14906,99
2022-06-26,San Bernardino,071,2135413,609097,598062,26715,624777,7803
2022-06-26,San Diego,073,3302833,830669,822848,61107,883955,5332
2022-06-26,San Francisco,075,870044,158286,155609,10392,166001,899
2022-06-26,San Joaquin,077,732212,180397,178447,11875,190322,2252
2022-06-26,San Luis Obispo,079,281455,58001,57472,5481,62953,485
2022-06-26,San Mateo,081,765935,149707,146955,9310,156265,723
2022-06-26,Santa Barbara,083,443738,94999,94017,5550,99567,699
2022-06-26,Santa Clara,085,1922200,384078,373961,16367,390328,2338
2022-06-26,Santa Cruz,087,273765,55718,54874,2744,57618,265
2022-06-26,Shasta,089,179085,32233,31921,6473,38394,570
2022-06-26,Sierra,091,2930,285,283,57,340,4
2022-06-26,Siskiyou,093,43540,4770,4744,2987,7731,81
2022-06-26,Solano,095,438530,94340,92248,6714,98962,455
2022-06-26,Sonoma,097,501317,97229,95981,4317,100298,493
2022-06-26,Stanislaus,099,539301,125693,124493,19275,143768,1672
2022-06-26,Sutter,101,95872,21840,21733,2316,24049,227
2022-06-26,Tehama,103,63373,12619,12510,2727,15237,205
2022-06-26,Trinity,105,12862,1253,1233,299,1532,20
2022-06-26,Tulare,107,460477,111866,111188,30268,141456,1496
2022-06-26,Tuolumne,109,53932,13899,13688,713,14401,189
2022-06-26,Ventura,111,848112,189150,187389,11850,199239,1514
2022-06-26,Yolo,113,214977,43599,41932,3512,45444,323
2022-06-26,Yuba,115,75493,17104,16994,1443,18437,124
2022-06-25,Alameda,001,1643700,306593,302071,16927,318998,1891
2022-06-25,Alpine,002,1148,129,129,1,130,0
2022-06-25,Amador,005,37829,9228,9135,765,9900,87
2022-06-25,Butte,007,227075,35905,35406,7922,43328,433
2022-06-25,Calaveras,009,45235,7802,7754,416,8170,124
2022-06-25,Colusa,011,21464,3558,3540,1122,4662,22
2022-06-25,Contra Costa,013,1133247,224470,218053,17181,235234,1335
2022-06-25,Del Norte,015,27424,6557,6398,293,6691,52
2022-06-25,El Dorado,017,186661,29629,29313,3704,33017,216
2022-06-25,Fresno,019,978130,251134,245118,26809,271927,2777
2022-06-25,Glenn,021,27897,5223,5178,1717,6895,48
2022-06-25,Humboldt,023,135768,19458,19234,3965,23199,149
2022-06-25,Imperial,025,180216,58700,58127,11580,69707,944
2022-06-25,Inyo,027,18085,4252,4228,642,4870,56
2022-06-25,Kern,029,883053,202133,200556,50661,251217,2344
2022-06-25,Kings,031,150075,54041,53783,3657,57440,448
2022-06-25,Lake,033,64148,11572,11471,1006,12477,140
2022-06-25,Lassen,035,31185,9320,9287,928,10215,64
2022-06-25,Los Angeles,037,10098052,2966474,2936815,144054,3080869,32036
2022-06-25,Madera,039,155013,39628,39319,6752,46071,372
2022-06-25,Marin,041,260295,32092,39979,4564,44543,297
2022-06-25,Mariposa,043,17540,2768,2713,267,2980,30
2022-06-25,Mendocino,045,87422,14423,14292,3736,18028,127
2022-06-25,Merced,047,269075,67067,65408,9950,75358,828
2022-06-25,Modoc,049,8938,782,777,271,1048,8
2022-06-25,Mono,051,14174,3087,3076,185,3261,7
2022-06-25,Monterey,053,433212,85984,85275,16899,102174,743
2022-06-25,Napa,055,140530,29455,29054,1252,30306,144
2022-06-25,Nevada,057,99092,17493,17339,1465,18804,129
2022-06-25,Orange,059,3164182,602036,595761,50413,646174,7090
2022-06-25,Placer,061,380077,69539,68785,8570,77355,628
2022-06-25,Plumas,063,18699,3283,3241,397,3638,13
2022-06-25,Riverside,065,2383286,630503,625794,30473,656267,6493
2022-06-25,Sacramento,067,1510023,314087,310837,31103,341940,3077
2022-06-25,San Benito,069,59416,14399,14192,713,14905,99
2022-06-25,San Bernardino,071,2135413,608495,598062,26687,624749,7803
2022-06-25,San Diego,073,3302833,829762,822848,61043,883891,5332
2022-06-25,San Francisco,075,870044,157991,155609,10374,165983,899
2022-06-25,San Joaquin,077,732212,180247,178447,11860,190307,2252
2022-06-25,San Luis Obispo,079,281455,57930,57472,5471,62943,485
2022-06-25,San Mateo,081,765935,149431,146955,9289,156244,723
2022-06-25,Santa Barbara,083,443738,94856,94017,5537,99554,699
2022-06-25,Santa Clara,085,1922200,383223,373961,16339,390300,2338
2022-06-25,Santa Cruz,087,273765,55648,54874,2741,57615,265
2022-06-25,Shasta,089,179085,32197,31921,6459,38380,570
2022-06-25,Sierra,091,2930,285,283,57,340,4
2022-06-25,Siskiyou,093,43540,4767,4744,2984,7728,81
2022-06-25,Solano,095,438530,94255,92248,6693,98941,455
2022-06-25,Sonoma,097,501317,97118,95981,4306,100287,493
2022-06-25,Stanislaus,099,539301,125563,124493,19256,143749,1672
2022-06-25,Sutter,101,95872,21819,21733,2315,24048,227
2022-06-25,Tehama,103,63373,12607,12510,2722,15232,205
2022-06-25,Trinity,105,12862,1252,1233,297,1530,20
2022-06-25,Tulare,107,460477,111784,111188,30227,141415,1496
2022-06-25,Tuolumne,109,53932,13880,13688,710,14398,189
2022-06-25,Ventura,111,848112,188942,187389,11822,199211,1514
2022-06-25,Yolo,113,214977,43534,41932,3506,45438,323
2022-06-25,Yuba,115,75493,17083,16994,1442,18436,124
2022-06-24,Alameda,001,1643700,306017,302071,16893,318964,1891
2022-06-24,Alpine,002,1148,129,129,1,130,0
2022-06-24,Amador,005,37829,9221,9135,763,9898,87
2022-06-24,Butte,007,227075,35875,35406,7908,43314,433
2022-06-24,Calaveras,009,45235,7797,7754,415,8169,124
2022-06-24,Colusa,011,21464,3557,3540,1119,4659,22
2022-06-24,Contra Costa,013,1133247,224129,218053,17154,235207,1335
2022-06-24,Del Norte,015,27424,6546,6398,291,6689,52
2022-06-24,El Dorado,017,186661,29586,29313,3700,33013,216
2022-06-24,Fresno,019,978130,250842,245118,26773,271891,2777
2022-06-24,Glenn,021,27897,5221,5178,1717,6895,48
2022-06-24,Humboldt,023,135768,19427,19234,3960,23194,149
2022-06-24,Imperial,025,180216,58628,58127,11550,69677,944
2022-06-24,Inyo,027,18085,4250,4228,638,4866,56
2022-06-24,Kern,029,883053,201958,200556,50565,251121,2344
2022-06-24,Kings,031,150075,53997,53783,3653,57436,448
2022-06-24,Lake,033,64148,11561,11471,1006,12477,140
2022-06-24,Lassen,035,31185,9317,9287,927,10214,64
2022-06-24,Los Angeles,037,10098052,2963187,2936815,143729,3080544,32036
2022-06-24,Madera,039,155013,39582,39319,6746,46065,372
2022-06-24,Marin,041,260295,32016,39979,4552,44531,297
2022-06-24,Mariposa,043,17540,2761,2713,267,2980,30
2022-06-24,Mendocino,045,87422,14414,14292,3733,18025,127
2022-06-24,Merced,047,269075,67029,65408,9941,75349,828
2022-06-24,Modoc,049,8938,782,777,271,1048,8
2022-06-24,Mono,051,14174,3083,3076,184,3260,7
2022-06-24,Monterey,053,433212,85903,85275,16873,102148,743
2022-06-24,Napa,055,140530,29427,29054,1251,30305,144
2022-06-24,Nevada,057,99092,17477,17339,1459,18798,129
2022-06-24,Orange,059,3164182,601346,595761,50267,646028,7090
2022-06-24,Placer,061,380077,69462,68785,8553,77338,628
2022-06-24,Plumas,063,18699,3279,3241,397,3638,13
2022-06-24,Riverside,065,2383286,629856,625794,30429,656223,6493
2022-06-24,Sacramento,067,1510023,313691,310837,31076,341913,3077
2022-06-24,San Benito,069,59416,14386,14192,711,14903,99
2022-06-24,San Bernardino,071,2135413,607908,598062,26662,624724,7803
2022-06-24,San Diego,073,3302833,828724,822848,60961,883809,5332
2022-06-24,San Francisco,075,870044,157679,155609,10347,165956,899
2022-06-24,San Joaquin,077,732212,180069,178447,11834,190281,2252
2022-06-24,San Luis Obispo,079,281455,57885,57472,5466,62938,485
2022-06-24,San Mateo,081,765935,149095,146955,9276,156231,723
2022-06-24,Santa Barbara,083,443738,94725,94017,5534,99551,699
2022-06-24,Santa Clara,085,1922200,382390,373961,16286,390247,2338
2022-06-24,Santa Cruz,087,273765,55547,54874,2730,57604,265
2022-06-24,Shasta,089,179085,32167,31921,6450,38371,570
2022-06-24,Sierra,091,2930,285,283,57,340,4
2022-06-24,Siskiyou,093,43540,4759,4744,2983,7727,81
2022-06-24,Solano,095,438530,94103,92248,6679,98927,455
2022-06-24,Sonoma,097,501317,96978,95981,4289,100270,493
2022-06-24,Stanislaus,099,539301,125438,124493,19234,143727,1672
2022-06-24,Sutter,101,95872,21804,21733,2314,24047,227
2022-06-24,Tehama,103,63373,12592,12510,2716,15226,205
2022-06-24,Trinity,105,12862,1249,1233,297,1530,20
2022-06-24,Tulare,107,460477,111684,111188,30169,141357,1496
2022-06-24,Tuolumne,109,53932,13861,13688,704,14392,189
2022-06-24,Ventura,111,848112,188715,187389,11793,199182,1514
2022-06-24,Yolo,113,214977,43441,41932,3497,45429,323
2022-06-24,Yuba,115,75493,17065,16994,1442,18436,124
2022-06-23,Alameda,001,1643700,305194,302071,16832,318903,1891
2022-06-23,Alpine,002,1148,129,129,1,130,0
2022-06-23,Amador,005,37829,9212,9135,762,9897,87
2022-06-23,Butte,007,227075,35815,35406,7889,43295,433
2022-06-23,Calaveras,009,45235,7786,7754,414,8168,124
2022-06-23,Colusa,011,21464,3550,3540,1117,4657,22
2022-06-23,Contra Costa,013,1133247,223618,218053,17059,235112,1335
2022-06-23,Del Norte,015,27424,6514,6398,289,6687,52
2022-06-23,El Dorado,017,186661,29529,29313,3688,33001,216
2022-06-23,Fresno,019,978130,250431,245118,26710,271828,2777
2022-06-23,Glenn,021,27897,5218,5178,1708,6886,48
2022-06-23,Humboldt,023,135768,19405,19234,3956,23190,149
2022-06-23,Imperial,025,180216,58554,58127,11497,69624,944
2022-06-23,Inyo,027,18085,4247,4228,635,4863,56
2022-06-23,Kern,029,883053,201674,200556,50415,250971,2344
2022-06-23,Kings,031,150075,53937,53783,3650,57433,448
2022-06-23,Lake,033,64148,11540,11471,1006,12477,140
2022-06-23,Lassen,035,31185,9307,9287,926,10213,64
2022-06-23,Los Angeles,037,10098052,2958516,2936815,143187,3080002,32036
2022-06-23,Madera,039,155013,39519,39319,6731,46050,372
2022-06-23,Marin,041,260295,31902,39979,4528,44507,297
2022-06-23,Mariposa,043,17540,2749,2713,267,2980,30
2022-06-23,Mendocino,045,87422,14385,14292,3729,18021,127
2022-06-23,Merced,047,269075,66951,65408,9925,75333,828
2022-06-23,Modoc,049,8938,781,777,271,1048,8
2022-06-23,Mono,051,14174,3081,3076,183,3259,7
2022-06-23,Monterey,053,433212,85757,85275,16821,102096,743
2022-06-23,Napa,055,140530,29369,29054,1250,30304,144
2022-06-23,Nevada,057,99092,17444,17339,1459,18798,129
2022-06-23,Orange,059,3164182,600328,595761,50081,645842,7090
2022-06-23,Placer,061,380077,69322,68785,8527,77312,628
2022-06-23,Plumas,063,18699,3274,3241,395,3636,13
2022-06-23,Riverside,065,2383286,628934,625794,30380,656174,6493
2022-06-23,Sacramento,067,1510023,313086,310837,31029,341866,3077
2022-06-23,San Benito,069,59416,14355,14192,709,14901,99
2022-06-23,San Bernardino,071,2135413,607112,598062,26628,624690,7803
2022-06-23,San Diego,073,3302833,827254,822848,60762,883610,5332
2022-06-23,San Francisco,075,870044,157219,155609,10315,165924,899
2022-06-23,San Joaquin,077,732212,179791,178447,11807,190254,2252
2022-06-23,San Luis Obispo,079,281455,57796,57472,5434,62906,485
2022-06-23,San Mateo,081,765935,148746,146955,9241,156196,723
2022-06-23,Santa Barbara,083,443738,94559,94017,5506,99523,699
2022-06-23,Santa Clara,085,1922200,381393,373961,16238,390199,2338
2022-06-23,Santa Cruz,087,273765,55436,54874,2718,57592,265
2022-06-23,Shasta,089,179085,32125,31921,6438,38359,570
2022-06-23,Sierra,091,2930,284,283,57,340,4
2022-06-23,Siskiyou,093,43540,4753,4744,2976,7720,81
2022-06-23,Solano,095,438530,93853,92248,6637,98885,455
2022-06-23,Sonoma,097,501317,96782,95981,4269,100250,493
2022-06-23,Stanislaus,099,539301,125258,124493,19203,143696,1672
2022-06-23,Sutter,101,95872,21770,21733,2314,24047,227
2022-06-23,Tehama,103,63373,12583,12510,2713,15223,205
2022-06-23,Trinity,105,12862,1247,1233,297,1530,20
2022-06-23,Tulare,107,460477,111557,111188,30100,141288,1496
2022-06-23,Tuolumne,109,53932,13834,13688,692,14380,189
2022-06-23,Ventura,111,848112,188419,187389,11756,199145,1514
2022-06-23,Yolo,113,214977,43336,41932,3486,45418,323
2022-06-23,Yuba,115,75493,17044,16994,1436,18430,124
2022-06-22,Alameda,001,1643700,304368,299567,16773,316340,1888
2022-06-22,Alpine,002,1148,129,129,1,130,0
2022-06-22,Amador,005,37829,9206,9049,761,9810,87
2022-06-22,Butte,007,227075,35749,35203,7871,43074,433
2022-06-22,Calaveras,009,45235,7774,7716,414,8130,122
2022-06-22,Colusa,011,21464,3547,3529,1117,4646,21
2022-06-22,Contra Costa,013,1133247,223095,216355,17004,233359,1328
2022-06-22,Del Norte,015,27424,6496,6367,288,6655,52
2022-06-22,El Dorado,017,186661,29466,29139,3675,32814,215
2022-06-22,Fresno,019,978130,250008,244129,26655,270784,2772
2022-06-22,Glenn,021,27897,5216,5161,1703,6864,48
2022-06-22,Humboldt,023,135768,19353,19111,3936,23047,148
2022-06-22,Imperial,025,180216,58453,57866,11463,69329,944
2022-06-22,Inyo,027,18085,4242,4222,634,4856,56
2022-06-22,Kern,029,883053,201401,199721,50281,250002,2341
2022-06-22,Kings,031,150075,53873,53568,3646,57214,448
2022-06-22,Lake,033,64148,11523,11426,1000,12426,140
2022-06-22,Lassen,035,31185,9299,9259,924,10183,64
2022-06-22,Los Angeles,037,10098052,2953552,2925667,142722,3068389,32015
2022-06-22,Madera,039,155013,39462,39139,6712,45851,372
2022-06-22,Marin,041,260295,31799,39687,4522,44209,297
2022-06-22,Mariposa,043,17540,2743,2695,264,2959,30
2022-06-22,Mendocino,045,87422,14369,14201,3708,17909,127
2022-06-22,Merced,047,269075,66854,65120,9901,75021,827
2022-06-22,Modoc,049,8938,780,773,267,1040,8
2022-06-22,Mono,051,14174,3080,3073,181,3254,7
2022-06-22,Monterey,053,433212,85630,84752,16778,101530,742
2022-06-22,Napa,055,140530,29298,28894,1246,30140,144
2022-06-22,Nevada,057,99092,17425,17280,1449,18729,129
2022-06-22,Orange,059,3164182,599129,592215,49889,642104,7084
2022-06-22,Placer,061,380077,69207,68447,8506,76953,628
2022-06-22,Plumas,063,18699,3264,3220,395,3615,13
2022-06-22,Riverside,065,2383286,628083,623584,30324,653908,6491
2022-06-22,Sacramento,067,1510023,312458,309105,30993,340098,3071
2022-06-22,San Benito,069,59416,14330,14128,706,14834,99
2022-06-22,San Bernardino,071,2135413,606313,595517,26598,622115,7774
2022-06-22,San Diego,073,3302833,825650,815124,60573,875697,5318
2022-06-22,San Francisco,075,870044,156741,154213,10285,164498,897
2022-06-22,San Joaquin,077,732212,179528,177637,11784,189421,2251
2022-06-22,San Luis Obispo,079,281455,57706,57177,5399,62576,485
2022-06-22,San Mateo,081,765935,148336,145781,9218,154999,723
2022-06-22,Santa Barbara,083,443738,94411,93576,5492,99068,700
2022-06-22,Santa Clara,085,1922200,380291,370678,16128,386806,2340
2022-06-22,Santa Cruz,087,273765,55317,54525,2705,57230,265
2022-06-22,Shasta,089,179085,32080,31786,6423,38209,570
2022-06-22,Sierra,091,2930,284,283,57,340,4
2022-06-22,Siskiyou,093,43540,4746,4711,2973,7684,81
2022-06-22,Solano,095,438530,93594,91528,6571,98099,454
2022-06-22,Sonoma,097,501317,96572,95363,4248,99611,493
2022-06-22,Stanislaus,099,539301,125061,124023,19146,143169,1670
2022-06-22,Sutter,101,95872,21738,21649,2313,23962,227
2022-06-22,Tehama,103,63373,12572,12465,2711,15176,205
2022-06-22,Trinity,105,12862,1245,1223,297,1520,20
2022-06-22,Tulare,107,460477,111421,110768,30020,140788,1496
2022-06-22,Tuolumne,109,53932,13815,13596,686,14282,189
2022-06-22,Ventura,111,848112,188114,186601,11704,198305,1514
2022-06-22,Yolo,113,214977,43214,41689,3475,45164,323
2022-06-22,Yuba,115,75493,17023,16912,1432,18344,124
2022-06-21,Alameda,001,1643700,303570,299567,16736,316303,1888
2022-06-21,Alpine,002,1148,129,129,1,130,0
2022-06-21,Amador,005,37829,9199,9049,758,9807,87
2022-06-21,Butte,007,227075,35677,35203,7859,43062,433
2022-06-21,Calaveras,009,45235,7765,7716,413,8129,122
2022-06-21,Colusa,011,21464,3545,3529,1115,4644,21
2022-06-21,Contra Costa,013,1133247,222531,216355,16955,233310,1328
2022-06-21,Del Norte,015,27424,6465,6367,286,6653,52
2022-06-21,El Dorado,017,186661,29394,29139,3668,32807,215
2022-06-21,Fresno,019,978130,249570,244129,26588,270717,2772
2022-06-21,Glenn,021,27897,5209,5161,1701,6862,48
2022-06-21,Humboldt,023,135768,19301,19111,3923,23034,148
2022-06-21,Imperial,025,180216,58358,57866,11428,69294,944
2022-06-21,Inyo,027,18085,4237,4222,628,4850,56
2022-06-21,Kern,029,883053,201079,199721,50098,249819,2341
2022-06-21,Kings,031,150075,53798,53568,3645,57213,448
2022-06-21,Lake,033,64148,11500,11426,997,12423,140
2022-06-21,Lassen,035,31185,9289,9259,921,10180,64
2022-06-21,Los Angeles,037,10098052,2948728,2925667,142213,3067880,32015
2022-06-21,Madera,039,155013,39378,39139,6701,45840,372
2022-06-21,Marin,041,260295,31709,39687,4510,44197,297
2022-06-21,Mariposa,043,17540,2737,2695,263,2958,30
2022-06-21,Mendocino,045,87422,14340,14201,3699,17900,127
2022-06-21,Merced,047,269075,66754,65120,9868,74988,827
2022-06-21,Modoc,049,8938,777,773,266,1039,8
2022-06-21,Mono,051,14174,3078,3073,180,3253,7
2022-06-21,Monterey,053,433212,85474,84752,16736,101488,742
2022-06-21,Napa,055,140530,29245,28894,1245,30139,144
2022-06-21,Nevada,057,99092,17397,17280,1446,18726,129
2022-06-21,Orange,059,3164182,597927,592215,49738,641953,7084
2022-06-21,Placer,061,380077,69079,68447,8482,76929,628
2022-06-21,Plumas,063,18699,3255,3220,394,3614,13
2022-06-21,Riverside,065,2383286,627120,623584,30264,653848,6491
2022-06-21,Sacramento,067,1510023,311764,309105,30941,340046,3071
2022-06-21,San Benito,069,59416,14294,14128,703,14831,99
2022-06-21,San Bernardino,071,2135413,605487,595517,26551,622068,7774
2022-06-21,San Diego,073,3302833,823970,815124,60371,875495,5318
2022-06-21,San Francisco,075,870044,156264,154213,10254,164467,897
2022-06-21,San Joaquin,077,732212,179209,177637,11755,189392,2251
2022-06-21,San Luis Obispo,079,281455,57595,57177,5354,62531,485
2022-06-21,San Mateo,081,765935,147843,145781,9198,154979,723
2022-06-21,Santa Barbara,083,443738,94244,93576,5478,99054,700
2022-06-21,Santa Clara,085,1922200,379125,370678,16079,386757,2340
2022-06-21,Santa Cruz,087,273765,55187,54525,2697,57222,265
2022-06-21,Shasta,089,179085,32034,31786,6405,38191,570
2022-06-21,Sierra,091,2930,284,283,57,340,4
2022-06-21,Siskiyou,093,43540,4738,4711,2965,7676,81
2022-06-21,Solano,095,438530,93331,91528,6553,98081,454
2022-06-21,Sonoma,097,501317,96335,95363,4224,99587,493
2022-06-21,Stanislaus,099,539301,124869,124023,19116,143139,1670
2022-06-21,Sutter,101,95872,21714,21649,2311,23960,227
2022-06-21,Tehama,103,63373,12558,12465,2711,15176,205
2022-06-21,Trinity,105,12862,1239,1223,297,1520,20
2022-06-21,Tulare,107,460477,111283,110768,29962,140730,1496
2022-06-21,Tuolumne,109,53932,13791,13596,680,14276,189
2022-06-21,Ventura,111,848112,187791,186601,11649,198250,1514
2022-06-21,Yolo,113,214977,43082,41689,3463,45152,323
2022-06-21,Yuba,115,75493,16994,16912,1431,18343,124
2022-06-20,Alameda,001,1643700,302671,299567,16674,316241,1888
2022-06-20,Alpine,002,1148,129,129,1,130,0
2022-06-20,Amador,005,37829,9189,9049,756,9805,87
2022-06-20,Butte,007,227075,35607,35203,7845,43048,433
2022-06-20,Calaveras,009,45235,7757,7716,413,8129,122
2022-06-20,Colusa,011,21464,3544,3529,1114,4643,21
2022-06-20,Contra Costa,013,1133247,221929,216355,16887,233242,1328
2022-06-20,Del Norte,015,27424,6453,6367,282,6649,52
2022-06-20,El Dorado,017,186661,29324,29139,3649,32788,215
2022-06-20,Fresno,019,978130,249079,244129,26520,270649,2772
2022-06-20,Glenn,021,27897,5205,5161,1698,6859,48
2022-06-20,Humboldt,023,135768,19253,19111,3906,23017,148
2022-06-20,Imperial,025,180216,58225,57866,11393,69259,944
2022-06-20,Inyo,027,18085,4233,4222,623,4845,56
2022-06-20,Kern,029,883053,200782,199721,49950,249671,2341
2022-06-20,Kings,031,150075,53717,53568,3643,57211,448
2022-06-20,Lake,033,64148,11478,11426,995,12421,140
2022-06-20,Lassen,035,31185,9284,9259,920,10179,64
2022-06-20,Los Angeles,037,10098052,2943318,2925667,141731,3067398,32015
2022-06-20,Madera,039,155013,39316,39139,6683,45822,372
2022-06-20,Marin,041,260295,31606,39687,4487,44174,297
2022-06-20,Mariposa,043,17540,2723,2695,263,2958,30
2022-06-20,Mendocino,045,87422,14311,14201,3694,17895,127
2022-06-20,Merced,047,269075,66661,65120,9842,74962,827
2022-06-20,Modoc,049,8938,776,773,265,1038,8
2022-06-20,Mono,051,14174,3077,3073,177,3250,7
2022-06-20,Monterey,053,433212,85325,84752,16672,101424,742
2022-06-20,Napa,055,140530,29173,28894,1242,30136,144
2022-06-20,Nevada,057,99092,17372,17280,1437,18717,129
2022-06-20,Orange,059,3164182,596645,592215,49573,641788,7084
2022-06-20,Placer,061,380077,68959,68447,8454,76901,628
2022-06-20,Plumas,063,18699,3249,3220,394,3614,13
2022-06-20,Riverside,065,2383286,626180,623584,30196,653780,6491
2022-06-20,Sacramento,067,1510023,311057,309105,30864,339969,3071
2022-06-20,San Benito,069,59416,14248,14128,697,14825,99
2022-06-20,San Bernardino,071,2135413,604585,595517,26513,622030,7774
2022-06-20,San Diego,073,3302833,821982,815124,60117,875241,5318
2022-06-20,San Francisco,075,870044,155648,154213,10215,164428,897
2022-06-20,San Joaquin,077,732212,178882,177637,11709,189346,2251
2022-06-20,San Luis Obispo,079,281455,57491,57177,5306,62483,485
2022-06-20,San Mateo,081,765935,147335,145781,9173,154954,723
2022-06-20,Santa Barbara,083,443738,94059,93576,5453,99029,700
2022-06-20,Santa Clara,085,1922200,377920,370678,16018,386696,2340
2022-06-20,Santa Cruz,087,273765,55014,54525,2690,57215,265
2022-06-20,Shasta,089,179085,31977,31786,6393,38179,570
2022-06-20,Sierra,091,2930,284,283,56,339,4
2022-06-20,Siskiyou,093,43540,4725,4711,2953,7664,81
2022-06-20,Solano,095,438530,92999,91528,6531,98059,454
2022-06-20,Sonoma,097,501317,96096,95363,4198,99561,493
2022-06-20,Stanislaus,099,539301,124683,124023,19087,143110,1670
2022-06-20,Sutter,101,95872,21683,21649,2293,23942,227
2022-06-20,Tehama,103,63373,12543,12465,2708,15173,205
2022-06-20,Trinity,105,12862,1234,1223,297,1520,20
2022-06-20,Tulare,107,460477,111137,110768,29897,140665,1496
2022-06-20,Tuolumne,109,53932,13755,13596,680,14276,189
2022-06-20,Ventura,111,848112,187455,186601,11609,198210,1514
2022-06-20,Yolo,113,214977,42920,41689,3445,45134,323
2022-06-20,Yuba,115,75493,16968,16912,1425,18337,124
2022-06-19,Alameda,001,1643700,301752,296062,16643,312705,1883
2022-06-19,Alpine,002,1148,129,129,1,130,0
2022-06-19,Amador,005,37829,9139,8985,743,9728,87
2022-06-19,Butte,007,227075,35545,34920,7822,42742,432
2022-06-19,Calaveras,009,45235,7739,7664,412,8076,122
2022-06-19,Colusa,011,21464,3540,3519,1110,4629,21
2022-06-19,Contra Costa,013,1133247,221239,213994,16822,230816,1323
2022-06-19,Del Norte,015,27424,6436,6307,279,6586,52
2022-06-19,El Dorado,017,186661,29243,28904,3634,32538,215
2022-06-19,Fresno,019,978130,248628,242214,26451,268665,2768
2022-06-19,Glenn,021,27897,5196,5131,1696,6827,48
2022-06-19,Humboldt,023,135768,19207,18885,3881,22766,148
2022-06-19,Imperial,025,180216,58102,57450,11360,68810,944
2022-06-19,Inyo,027,18085,4232,4209,622,4831,56
2022-06-19,Kern,029,883053,200415,198567,49777,248344,2340
2022-06-19,Kings,031,150075,53623,53242,3640,56882,448
2022-06-19,Lake,033,64148,11464,11318,994,12312,140
2022-06-19,Lassen,035,31185,9271,9225,920,10145,64
2022-06-19,Los Angeles,037,10098052,2938451,2909197,141175,3050372,31999
2022-06-19,Madera,039,155013,39224,38859,6662,45521,372
2022-06-19,Marin,041,260295,31478,39214,4477,43691,294
2022-06-19,Mariposa,043,17540,2716,2662,262,2924,30
2022-06-19,Mendocino,045,87422,14284,14090,3681,17771,127
2022-06-19,Merced,047,269075,66560,64734,9812,74546,827
2022-06-19,Modoc,049,8938,773,771,264,1035,8
2022-06-19,Mono,051,14174,3075,3066,176,3242,6
2022-06-19,Monterey,053,433212,85177,84032,16626,100658,744
2022-06-19,Napa,055,140530,29112,28619,1238,29857,144
2022-06-19,Nevada,057,99092,17342,17134,1429,18563,129
2022-06-19,Orange,059,3164182,595343,587176,49373,636549,7074
2022-06-19,Placer,061,380077,68840,67961,8426,76387,628
2022-06-19,Plumas,063,18699,3241,3201,394,3595,13
2022-06-19,Riverside,065,2383286,625307,619760,30147,649907,6488
2022-06-19,Sacramento,067,1510023,310326,306215,30807,337022,3072
2022-06-19,San Benito,069,59416,14229,13985,695,14680,99
2022-06-19,San Bernardino,071,2135413,603760,591926,26476,618402,7765
2022-06-19,San Diego,073,3302833,820451,815124,59994,875118,5318
2022-06-19,San Francisco,075,870044,155129,151898,10176,162074,897
2022-06-19,San Joaquin,077,732212,178559,176323,11671,187994,2251
2022-06-19,San Luis Obispo,079,281455,57350,56767,5249,62016,485
2022-06-19,San Mateo,081,765935,146880,143879,9140,153019,723
2022-06-19,Santa Barbara,083,443738,93889,92906,5437,98343,699
2022-06-19,Santa Clara,085,1922200,376742,365638,15955,381593,2328
2022-06-19,Santa Cruz,087,273765,54851,53866,2671,56537,264
2022-06-19,Shasta,089,179085,31918,31647,6382,38029,568
2022-06-19,Sierra,091,2930,284,281,56,337,4
2022-06-19,Siskiyou,093,43540,4713,4672,2947,7619,81
2022-06-19,Solano,095,438530,92740,90548,6518,97066,454
2022-06-19,Sonoma,097,501317,95854,94318,4177,98495,493
2022-06-19,Stanislaus,099,539301,124497,123264,19038,142302,1668
2022-06-19,Sutter,101,95872,21648,21501,2285,23786,227
2022-06-19,Tehama,103,63373,12534,12410,2702,15112,205
2022-06-19,Trinity,105,12862,1231,1220,297,1517,20
2022-06-19,Tulare,107,460477,110953,110041,29842,139883,1496
2022-06-19,Tuolumne,109,53932,13728,13487,680,14167,189
2022-06-19,Ventura,111,848112,187103,185219,11564,196783,1513
2022-06-19,Yolo,113,214977,42832,41135,3432,44567,323
2022-06-19,Yuba,115,75493,16936,16786,1422,18208,124
2022-06-18,Alameda,001,1643700,301284,296062,16623,312685,1883
2022-06-18,Alpine,002,1148,129,129,1,130,0
2022-06-18,Amador,005,37829,9132,8985,739,9724,87
2022-06-18,Butte,007,227075,35495,34920,7811,42731,432
2022-06-18,Calaveras,009,45235,7727,7664,412,8076,122
2022-06-18,Colusa,011,21464,3537,3519,1110,4629,21
2022-06-18,Contra Costa,013,1133247,220924,213994,16794,230788,1323
2022-06-18,Del Norte,015,27424,6430,6307,278,6585,52
2022-06-18,El Dorado,017,186661,29214,28904,3631,32535,215
2022-06-18,Fresno,019,978130,248427,242214,26432,268646,2768
2022-06-18,Glenn,021,27897,5193,5131,1695,6826,48
2022-06-18,Humboldt,023,135768,19178,18885,3874,22759,148
2022-06-18,Imperial,025,180216,58032,57450,11347,68797,944
2022-06-18,Inyo,027,18085,4231,4209,621,4830,56
2022-06-18,Kern,029,883053,200291,198567,49680,248247,2340
2022-06-18,Kings,031,150075,53587,53242,3639,56881,448
2022-06-18,Lake,033,64148,11453,11318,992,12310,140
2022-06-18,Lassen,035,31185,9267,9225,920,10145,64
2022-06-18,Los Angeles,037,10098052,2936008,2909197,140885,3050082,31999
2022-06-18,Madera,039,155013,39200,38859,6656,45515,372
2022-06-18,Marin,041,260295,31414,39214,4467,43681,294
2022-06-18,Mariposa,043,17540,2711,2662,262,2924,30
2022-06-18,Mendocino,045,87422,14262,14090,3678,17768,127
2022-06-18,Merced,047,269075,66495,64734,9802,74536,827
2022-06-18,Modoc,049,8938,773,771,264,1035,8
2022-06-18,Mono,051,14174,3074,3066,176,3242,6
2022-06-18,Monterey,053,433212,85086,84032,16598,100630,744
2022-06-18,Napa,055,140530,29087,28619,1237,29856,144
2022-06-18,Nevada,057,99092,17330,17134,1428,18562,129
2022-06-18,Orange,059,3164182,594702,587176,49253,636429,7074
2022-06-18,Placer,061,380077,68774,67961,8412,76373,628
2022-06-18,Plumas,063,18699,3233,3201,394,3595,13
2022-06-18,Riverside,065,2383286,624773,619760,30132,649892,6488
2022-06-18,Sacramento,067,1510023,310006,306215,30783,336998,3072
2022-06-18,San Benito,069,59416,14214,13985,688,14673,99
2022-06-18,San Bernardino,071,2135413,603330,591926,26454,618380,7765
2022-06-18,San Diego,073,3302833,819734,815124,59933,875057,5318
2022-06-18,San Francisco,075,870044,154798,151898,10157,162055,897
2022-06-18,San Joaquin,077,732212,178396,176323,11662,187985,2251
2022-06-18,San Luis Obispo,079,281455,57305,56767,5240,62007,485
2022-06-18,San Mateo,081,765935,146610,143879,9118,152997,723
2022-06-18,Santa Barbara,083,443738,93778,92906,5427,98333,699
2022-06-18,Santa Clara,085,1922200,375988,365638,15909,381547,2328
2022-06-18,Santa Cruz,087,273765,54775,53866,2661,56527,264
2022-06-18,Shasta,089,179085,31897,31647,6379,38026,568
2022-06-18,Sierra,091,2930,284,281,56,337,4
2022-06-18,Siskiyou,093,43540,4705,4672,2943,7615,81
2022-06-18,Solano,095,438530,92656,90548,6509,97057,454
2022-06-18,Sonoma,097,501317,95714,94318,4159,98477,493
2022-06-18,Stanislaus,099,539301,124390,123264,19017,142281,1668
2022-06-18,Sutter,101,95872,21627,21501,2282,23783,227
2022-06-18,Tehama,103,63373,12525,12410,2698,15108,205
2022-06-18,Trinity,105,12862,1230,1220,297,1517,20
2022-06-18,Tulare,107,460477,110867,110041,29802,139843,1496
2022-06-18,Tuolumne,109,53932,13706,13487,677,14164,189
2022-06-18,Ventura,111,848112,186928,185219,11541,196760,1513
2022-06-18,Yolo,113,214977,42763,41135,3427,44562,323
2022-06-18,Yuba,115,75493,16923,16786,1422,18208,124
2022-06-17,Alameda,001,1643700,300811,296062,16610,312672,1883
2022-06-17,Alpine,002,1148,129,129,1,130,0
2022-06-17,Amador,005,37829,9123,8985,739,9724,87
2022-06-17,Butte,007,227075,35464,34920,7801,42721,432
2022-06-17,Calaveras,009,45235,7719,7664,412,8076,122
2022-06-17,Colusa,011,21464,3536,3519,1105,4624,21
2022-06-17,Contra Costa,013,1133247,220623,213994,16768,230762,1323
2022-06-17,Del Norte,015,27424,6416,6307,278,6585,52
2022-06-17,El Dorado,017,186661,29181,28904,3627,32531,215
2022-06-17,Fresno,019,978130,248181,242214,26404,268618,2768
2022-06-17,Glenn,021,27897,5192,5131,1689,6820,48
2022-06-17,Humboldt,023,135768,19151,18885,3870,22755,148
2022-06-17,Imperial,025,180216,57979,57450,11335,68785,944
2022-06-17,Inyo,027,18085,4227,4209,615,4824,56
2022-06-17,Kern,029,883053,200137,198567,49624,248191,2340
2022-06-17,Kings,031,150075,53560,53242,3638,56880,448
2022-06-17,Lake,033,64148,11445,11318,991,12309,140
2022-06-17,Lassen,035,31185,9266,9225,919,10144,64
2022-06-17,Los Angeles,037,10098052,2933163,2909197,140586,3049783,31999
2022-06-17,Madera,039,155013,39173,38859,6650,45509,372
2022-06-17,Marin,041,260295,31319,39214,4454,43668,294
2022-06-17,Mariposa,043,17540,2707,2662,262,2924,30
2022-06-17,Mendocino,045,87422,14245,14090,3674,17764,127
2022-06-17,Merced,047,269075,66438,64734,9797,74531,827
2022-06-17,Modoc,049,8938,773,771,264,1035,8
2022-06-17,Mono,051,14174,3074,3066,176,3242,6
2022-06-17,Monterey,053,433212,84996,84032,16568,100600,744
2022-06-17,Napa,055,140530,29048,28619,1234,29853,144
2022-06-17,Nevada,057,99092,17312,17134,1423,18557,129
2022-06-17,Orange,059,3164182,594023,587176,49115,636291,7074
2022-06-17,Placer,061,380077,68714,67961,8398,76359,628
2022-06-17,Plumas,063,18699,3232,3201,393,3594,13
2022-06-17,Riverside,065,2383286,624222,619760,30096,649856,6488
2022-06-17,Sacramento,067,1510023,309618,306215,30760,336975,3072
2022-06-17,San Benito,069,59416,14202,13985,688,14673,99
2022-06-17,San Bernardino,071,2135413,602891,591926,26423,618349,7765
2022-06-17,San Diego,073,3302833,818769,815124,59830,874954,5318
2022-06-17,San Francisco,075,870044,154483,151898,10124,162022,897
2022-06-17,San Joaquin,077,732212,178243,176323,11651,187974,2251
2022-06-17,San Luis Obispo,079,281455,57268,56767,5234,62001,485
2022-06-17,San Mateo,081,765935,146306,143879,9099,152978,723
2022-06-17,Santa Barbara,083,443738,93672,92906,5415,98321,699
2022-06-17,Santa Clara,085,1922200,375162,365638,15878,381516,2328
2022-06-17,Santa Cruz,087,273765,54709,53866,2656,56522,264
2022-06-17,Shasta,089,179085,31870,31647,6371,38018,568
2022-06-17,Sierra,091,2930,284,281,56,337,4
2022-06-17,Siskiyou,093,43540,4698,4672,2943,7615,81
2022-06-17,Solano,095,438530,92510,90548,6497,97045,454
2022-06-17,Sonoma,097,501317,95548,94318,4142,98460,493
2022-06-17,Stanislaus,099,539301,124294,123264,19007,142271,1668
2022-06-17,Sutter,101,95872,21605,21501,2276,23777,227
2022-06-17,Tehama,103,63373,12510,12410,2695,15105,205
2022-06-17,Trinity,105,12862,1230,1220,297,1517,20
2022-06-17,Tulare,107,460477,110778,110041,29770,139811,1496
2022-06-17,Tuolumne,109,53932,13693,13487,676,14163,189
2022-06-17,Ventura,111,848112,186748,185219,11520,196739,1513
2022-06-17,Yolo,113,214977,42680,41135,3414,44549,323
2022-06-17,Yuba,115,75493,16916,16786,1419,18205,124
2022-06-16,Alameda,001,1643700,300028,296062,16562,312624,1883
2022-06-16,Alpine,002,1148,129,129,1,130,0
2022-06-16,Amador,005,37829,9116,8985,734,9719,87
2022-06-16,Butte,007,227075,35389,34920,7785,42705,432
2022-06-16,Calaveras,009,45235,7707,7664,410,8074,122
2022-06-16,Colusa,011,21464,3534,3519,1104,4623,21
2022-06-16,Contra Costa,013,1133247,220159,213994,16717,230711,1323
2022-06-16,Del Norte,015,27424,6402,6307,277,6584,52
2022-06-16,El Dorado,017,186661,29129,28904,3615,32519,215
2022-06-16,Fresno,019,978130,247807,242214,26342,268556,2768
2022-06-16,Glenn,021,27897,5183,5131,1688,6819,48
2022-06-16,Humboldt,023,135768,19121,18885,3856,22741,148
2022-06-16,Imperial,025,180216,57880,57450,11306,68756,944
2022-06-16,Inyo,027,18085,4226,4209,612,4821,56
2022-06-16,Kern,029,883053,199926,198567,49505,248072,2340
2022-06-16,Kings,031,150075,53493,53242,3635,56877,448
2022-06-16,Lake,033,64148,11429,11318,991,12309,140
2022-06-16,Lassen,035,31185,9259,9225,919,10144,64
2022-06-16,Los Angeles,037,10098052,2929174,2909197,140228,3049425,31999
2022-06-16,Madera,039,155013,39142,38859,6640,45499,372
2022-06-16,Marin,041,260295,31219,39214,4441,43655,294
2022-06-16,Mariposa,043,17540,2699,2662,260,2922,30
2022-06-16,Mendocino,045,87422,14216,14090,3664,17754,127
2022-06-16,Merced,047,269075,66359,64734,9778,74512,827
2022-06-16,Modoc,049,8938,773,771,264,1035,8
2022-06-16,Mono,051,14174,3073,3066,175,3241,6
2022-06-16,Monterey,053,433212,84848,84032,16514,100546,744
2022-06-16,Napa,055,140530,29001,28619,1231,29850,144
2022-06-16,Nevada,057,99092,17289,17134,1418,18552,129
2022-06-16,Orange,059,3164182,592994,587176,48957,636133,7074
2022-06-16,Placer,061,380077,68629,67961,8375,76336,628
2022-06-16,Plumas,063,18699,3225,3201,392,3593,13
2022-06-16,Riverside,065,2383286,623476,619760,30052,649812,6488
2022-06-16,Sacramento,067,1510023,309038,306215,30725,336940,3072
2022-06-16,San Benito,069,59416,14177,13985,685,14670,99
2022-06-16,San Bernardino,071,2135413,602232,591926,26385,618311,7765
2022-06-16,San Diego,073,3302833,817248,815124,59671,874795,5318
2022-06-16,San Francisco,075,870044,154035,151898,10083,161981,897
2022-06-16,San Joaquin,077,732212,177990,176323,11631,187954,2251
2022-06-16,San Luis Obispo,079,281455,57190,56767,5214,61981,485
2022-06-16,San Mateo,081,765935,145939,143879,9083,152962,723
2022-06-16,Santa Barbara,083,443738,93523,92906,5402,98308,699
2022-06-16,Santa Clara,085,1922200,374216,365638,15830,381468,2328
2022-06-16,Santa Cruz,087,273765,54576,53866,2644,56510,264
2022-06-16,Shasta,089,179085,31839,31647,6360,38007,568
2022-06-16,Sierra,091,2930,283,281,56,337,4
2022-06-16,Siskiyou,093,43540,4689,4672,2934,7606,81
2022-06-16,Solano,095,438530,92314,90548,6485,97033,454
2022-06-16,Sonoma,097,501317,95361,94318,4125,98443,493
2022-06-16,Stanislaus,099,539301,124132,123264,18990,142254,1668
2022-06-16,Sutter,101,95872,21580,21501,2274,23775,227
2022-06-16,Tehama,103,63373,12491,12410,2693,15103,205
2022-06-16,Trinity,105,12862,1228,1220,294,1514,20
2022-06-16,Tulare,107,460477,110647,110041,29730,139771,1496
2022-06-16,Tuolumne,109,53932,13669,13487,672,14159,189
2022-06-16,Ventura,111,848112,186477,185219,11475,196694,1513
2022-06-16,Yolo,113,214977,42589,41135,3403,44538,323
2022-06-16,Yuba,115,75493,16892,16786,1415,18201,124
2022-06-15,Alameda,001,1643700,299244,295002,16536,311538,1880
2022-06-15,Alpine,002,1148,129,129,1,130,0
2022-06-15,Amador,005,37829,9108,8972,734,9706,87
2022-06-15,Butte,007,227075,35326,34841,7766,42607,430
2022-06-15,Calaveras,009,45235,7704,7648,408,8056,122
2022-06-15,Colusa,011,21464,3530,3515,1102,4617,21
2022-06-15,Contra Costa,013,1133247,219696,213219,16673,229892,1321
2022-06-15,Del Norte,015,27424,6391,6298,276,6574,52
2022-06-15,El Dorado,017,186661,29075,28829,3603,32432,215
2022-06-15,Fresno,019,978130,247434,241768,26296,268064,2767
2022-06-15,Glenn,021,27897,5177,5128,1680,6808,48
2022-06-15,Humboldt,023,135768,19083,18836,3831,22667,148
2022-06-15,Imperial,025,180216,57797,57373,11281,68654,941
2022-06-15,Inyo,027,18085,4224,4205,611,4816,56
2022-06-15,Kern,029,883053,199661,198216,49392,247608,2338
2022-06-15,Kings,031,150075,53440,53170,3632,56802,448
2022-06-15,Lake,033,64148,11409,11303,986,12289,140
2022-06-15,Lassen,035,31185,9255,9209,918,10127,64
2022-06-15,Los Angeles,037,10098052,2924886,2897298,139867,3037165,31971
2022-06-15,Madera,039,155013,39097,38776,6623,45399,372
2022-06-15,Marin,041,260295,31129,39027,4435,43462,294
2022-06-15,Mariposa,043,17540,2695,2651,258,2909,30
2022-06-15,Mendocino,045,87422,14184,14052,3654,17706,127
2022-06-15,Merced,047,269075,66278,64595,9766,74361,825
2022-06-15,Modoc,049,8938,772,772,264,1036,8
2022-06-15,Mono,051,14174,3073,3060,174,3234,6
2022-06-15,Monterey,053,433212,84705,83837,16475,100312,741
2022-06-15,Napa,055,140530,28941,28518,1222,29740,144
2022-06-15,Nevada,057,99092,17264,17107,1414,18521,127
2022-06-15,Orange,059,3164182,591956,585496,48769,634265,7067
2022-06-15,Placer,061,380077,68505,67805,8359,76164,628
2022-06-15,Plumas,063,18699,3220,3185,390,3575,13
2022-06-15,Riverside,065,2383286,622747,618584,30000,648584,6482
2022-06-15,Sacramento,067,1510023,308439,305361,30674,336035,3059
2022-06-15,San Benito,069,59416,14137,13953,678,14631,99
2022-06-15,San Bernardino,071,2135413,601574,590328,26345,616673,7735
2022-06-15,San Diego,073,3302833,815700,811093,59503,870596,5316
2022-06-15,San Francisco,075,870044,153609,151170,10058,161228,890
2022-06-15,San Joaquin,077,732212,177745,175966,11597,187563,2244
2022-06-15,San Luis Obispo,079,281455,57102,56535,5177,61712,486
2022-06-15,San Mateo,081,765935,145539,143277,9067,152344,722
2022-06-15,Santa Barbara,083,443738,93390,92710,5395,98105,698
2022-06-15,Santa Clara,085,1922200,373206,364014,15794,379808,2323
2022-06-15,Santa Cruz,087,273765,54461,53718,2639,56357,265
2022-06-15,Shasta,089,179085,31799,31598,6353,37951,568
2022-06-15,Sierra,091,2930,281,280,56,336,4
2022-06-15,Siskiyou,093,43540,4678,4656,2924,7580,81
2022-06-15,Solano,095,438530,92083,90265,6473,96738,453
2022-06-15,Sonoma,097,501317,95169,94041,4113,98154,492
2022-06-15,Stanislaus,099,539301,123990,122944,18965,141909,1668
2022-06-15,Sutter,101,95872,21552,21448,2269,23717,227
2022-06-15,Tehama,103,63373,12483,12392,2687,15079,205
2022-06-15,Trinity,105,12862,1227,1217,292,1509,20
2022-06-15,Tulare,107,460477,110543,109930,29693,139623,1495
2022-06-15,Tuolumne,109,53932,13658,13459,672,14131,189
2022-06-15,Ventura,111,848112,186205,184750,11426,196176,1509
2022-06-15,Yolo,113,214977,42485,40756,3388,44144,322
2022-06-15,Yuba,115,75493,16867,16754,1410,18164,124
2022-06-14,Alameda,001,1643700,298544,295002,16494,311496,1880
2022-06-14,Alpine,002,1148,129,129,1,130,0
2022-06-14,Amador,005,37829,9092,8972,729,9701,87
2022-06-14,Butte,007,227075,35271,34841,7750,42591,430
2022-06-14,Calaveras,009,45235,7693,7648,407,8055,122
2022-06-14,Colusa,011,21464,3528,3515,1101,4616,21
2022-06-14,Contra Costa,013,1133247,219160,213219,16613,229832,1321
2022-06-14,Del Norte,015,27424,6383,6298,273,6571,52
2022-06-14,El Dorado,017,186661,29023,28829,3595,32424,215
2022-06-14,Fresno,019,978130,247036,241768,26234,268002,2767
2022-06-14,Glenn,021,27897,5168,5128,1677,6805,48
2022-06-14,Humboldt,023,135768,19033,18836,3814,22650,148
2022-06-14,Imperial,025,180216,57723,57373,11250,68623,941
2022-06-14,Inyo,027,18085,4218,4205,610,4815,56
2022-06-14,Kern,029,883053,199399,198216,49263,247479,2338
2022-06-14,Kings,031,150075,53370,53170,3630,56800,448
2022-06-14,Lake,033,64148,11383,11303,985,12288,140
2022-06-14,Lassen,035,31185,9249,9209,915,10124,64
2022-06-14,Los Angeles,037,10098052,2920363,2897298,139447,3036745,31971
2022-06-14,Madera,039,155013,39043,38776,6614,45390,372
2022-06-14,Marin,041,260295,31020,39027,4424,43451,294
2022-06-14,Mariposa,043,17540,2684,2651,255,2906,30
2022-06-14,Mendocino,045,87422,14156,14052,3641,17693,127
2022-06-14,Merced,047,269075,66196,64595,9741,74336,825
2022-06-14,Modoc,049,8938,772,772,263,1035,8
2022-06-14,Mono,051,14174,3073,3060,173,3233,6
2022-06-14,Monterey,053,433212,84567,83837,16429,100266,741
2022-06-14,Napa,055,140530,28876,28518,1221,29739,144
2022-06-14,Nevada,057,99092,17233,17107,1408,18515,127
2022-06-14,Orange,059,3164182,590824,585496,48593,634089,7067
2022-06-14,Placer,061,380077,68382,67805,8344,76149,628
2022-06-14,Plumas,063,18699,3216,3185,390,3575,13
2022-06-14,Riverside,065,2383286,621964,618584,29965,648549,6482
2022-06-14,Sacramento,067,1510023,307807,305361,30589,335950,3059
2022-06-14,San Benito,069,59416,14102,13953,676,14629,99
2022-06-14,San Bernardino,071,2135413,600854,590328,26300,616628,7735
2022-06-14,San Diego,073,3302833,813989,811093,59356,870449,5316
2022-06-14,San Francisco,075,870044,153124,151170,10029,161199,890
2022-06-14,San Joaquin,077,732212,177475,175966,11561,187527,2244
2022-06-14,San Luis Obispo,079,281455,56993,56535,5129,61664,486
2022-06-14,San Mateo,081,765935,145152,143277,9053,152330,722
2022-06-14,Santa Barbara,083,443738,93254,92710,5379,98089,698
2022-06-14,Santa Clara,085,1922200,372137,364014,15750,379764,2323
2022-06-14,Santa Cruz,087,273765,54334,53718,2628,56346,265
2022-06-14,Shasta,089,179085,31769,31598,6345,37943,568
2022-06-14,Sierra,091,2930,281,280,56,336,4
2022-06-14,Siskiyou,093,43540,4668,4656,2918,7574,81
2022-06-14,Solano,095,438530,91820,90265,6451,96716,453
2022-06-14,Sonoma,097,501317,94954,94041,4099,98140,492
2022-06-14,Stanislaus,099,539301,123813,122944,18935,141879,1668
2022-06-14,Sutter,101,95872,21514,21448,2265,23713,227
2022-06-14,Tehama,103,63373,12465,12392,2686,15078,205
2022-06-14,Trinity,105,12862,1226,1217,292,1509,20
2022-06-14,Tulare,107,460477,110397,109930,29647,139577,1495
2022-06-14,Tuolumne,109,53932,13637,13459,668,14127,189
2022-06-14,Ventura,111,848112,185912,184750,11388,196138,1509
2022-06-14,Yolo,113,214977,42378,40756,3377,44133,322
2022-06-14,Yuba,115,75493,16837,16754,1407,18161,124
2022-06-13,Alameda,001,1643700,297720,295002,16441,311443,1880
2022-06-13,Alpine,002,1148,129,129,1,130,0
2022-06-13,Amador,005,37829,9085,8972,727,9699,87
2022-06-13,Butte,007,227075,35193,34841,7725,42566,430
2022-06-13,Calaveras,009,45235,7675,7648,407,8055,122
2022-06-13,Colusa,011,21464,3528,3515,1098,4613,21
2022-06-13,Contra Costa,013,1133247,218581,213219,16546,229765,1321
2022-06-13,Del Norte,015,27424,6371,6298,269,6567,52
2022-06-13,El Dorado,017,186661,28973,28829,3583,32412,215
2022-06-13,Fresno,019,978130,246608,241768,26178,267946,2767
2022-06-13,Glenn,021,27897,5164,5128,1673,6801,48
2022-06-13,Humboldt,023,135768,18979,18836,3790,22626,148
2022-06-13,Imperial,025,180216,57623,57373,11205,68578,941
2022-06-13,Inyo,027,18085,4214,4205,605,4810,56
2022-06-13,Kern,029,883053,199130,198216,49113,247329,2338
2022-06-13,Kings,031,150075,53304,53170,3626,56796,448
2022-06-13,Lake,033,64148,11358,11303,984,12287,140
2022-06-13,Lassen,035,31185,9241,9209,912,10121,64
2022-06-13,Los Angeles,037,10098052,2915790,2897298,139057,3036355,31971
2022-06-13,Madera,039,155013,38976,38776,6596,45372,372
2022-06-13,Marin,041,260295,30913,39027,4396,43423,294
2022-06-13,Mariposa,043,17540,2670,2651,254,2905,30
2022-06-13,Mendocino,045,87422,14131,14052,3625,17677,127
2022-06-13,Merced,047,269075,66120,64595,9713,74308,825
2022-06-13,Modoc,049,8938,771,772,263,1035,8
2022-06-13,Mono,051,14174,3071,3060,173,3233,6
2022-06-13,Monterey,053,433212,84431,83837,16378,100215,741
2022-06-13,Napa,055,140530,28802,28518,1217,29735,144
2022-06-13,Nevada,057,99092,17202,17107,1405,18512,127
2022-06-13,Orange,059,3164182,589584,585496,48401,633897,7067
2022-06-13,Placer,061,380077,68285,67805,8321,76126,628
2022-06-13,Plumas,063,18699,3211,3185,389,3574,13
2022-06-13,Riverside,065,2383286,621220,618584,29931,648515,6482
2022-06-13,Sacramento,067,1510023,307126,305361,30519,335880,3059
2022-06-13,San Benito,069,59416,14075,13953,670,14623,99
2022-06-13,San Bernardino,071,2135413,600052,590328,26269,616597,7735
2022-06-13,San Diego,073,3302833,812285,811093,59248,870341,5316
2022-06-13,San Francisco,075,870044,152589,151170,10011,161181,890
2022-06-13,San Joaquin,077,732212,177211,175966,11524,187490,2244
2022-06-13,San Luis Obispo,079,281455,56890,56535,5077,61612,486
2022-06-13,San Mateo,081,765935,144712,143277,9031,152308,722
2022-06-13,Santa Barbara,083,443738,93125,92710,5366,98076,698
2022-06-13,Santa Clara,085,1922200,371111,364014,15699,379713,2323
2022-06-13,Santa Cruz,087,273765,54196,53718,2621,56339,265
2022-06-13,Shasta,089,179085,31736,31598,6338,37936,568
2022-06-13,Sierra,091,2930,281,280,56,336,4
2022-06-13,Siskiyou,093,43540,4664,4656,2910,7566,81
2022-06-13,Solano,095,438530,91579,90265,6427,96692,453
2022-06-13,Sonoma,097,501317,94696,94041,4080,98121,492
2022-06-13,Stanislaus,099,539301,123646,122944,18911,141855,1668
2022-06-13,Sutter,101,95872,21486,21448,2261,23709,227
2022-06-13,Tehama,103,63373,12446,12392,2683,15075,205
2022-06-13,Trinity,105,12862,1224,1217,292,1509,20
2022-06-13,Tulare,107,460477,110239,109930,29597,139527,1495
2022-06-13,Tuolumne,109,53932,13614,13459,665,14124,189
2022-06-13,Ventura,111,848112,185620,184750,11336,196086,1509
2022-06-13,Yolo,113,214977,42240,40756,3365,44121,322
2022-06-13,Yuba,115,75493,16819,16754,1403,18157,124
2022-06-12,Alameda,001,1643700,296900,292112,16386,308498,1877
2022-06-12,Alpine,002,1148,129,129,1,130,0
2022-06-12,Amador,005,37829,9062,8869,726,9595,87
2022-06-12,Butte,007,227075,35136,34596,7704,42300,427
2022-06-12,Calaveras,009,45235,7661,7604,404,8008,122
2022-06-12,Colusa,011,21464,3527,3505,1097,4602,21
2022-06-12,Contra Costa,013,1133247,217990,211229,16475,227704,1315
2022-06-12,Del Norte,015,27424,6357,6253,269,6522,52
2022-06-12,El Dorado,017,186661,28912,28641,3566,32207,215
2022-06-12,Fresno,019,978130,246140,240345,26124,266469,2766
2022-06-12,Glenn,021,27897,5161,5104,1671,6775,48
2022-06-12,Humboldt,023,135768,18914,18696,3754,22450,148
2022-06-12,Imperial,025,180216,57545,57129,11161,68290,941
2022-06-12,Inyo,027,18085,4212,4194,604,4798,56
2022-06-12,Kern,029,883053,198848,197353,48979,246332,2338
2022-06-12,Kings,031,150075,53226,52978,3621,56599,447
2022-06-12,Lake,033,64148,11334,11202,983,12185,139
2022-06-12,Lassen,035,31185,9223,9172,910,10082,64
2022-06-12,Los Angeles,037,10098052,2910840,2878981,138576,3017557,31947
2022-06-12,Madera,039,155013,38883,38567,6570,45137,372
2022-06-12,Marin,041,260295,30803,38593,4372,42965,294
2022-06-12,Mariposa,043,17540,2664,2625,253,2878,30
2022-06-12,Mendocino,045,87422,14108,13945,3619,17564,127
2022-06-12,Merced,047,269075,66005,64286,9684,73970,825
2022-06-12,Modoc,049,8938,771,767,263,1030,8
2022-06-12,Mono,051,14174,3067,3052,172,3224,6
2022-06-12,Monterey,053,433212,84274,83391,16300,99691,739
2022-06-12,Napa,055,140530,28740,28202,1208,29410,143
2022-06-12,Nevada,057,99092,17158,16989,1399,18388,127
2022-06-12,Orange,059,3164182,588303,581624,48201,629825,7057
2022-06-12,Placer,061,380077,68171,67306,8299,75605,628
2022-06-12,Plumas,063,18699,3205,3172,388,3560,13
2022-06-12,Riverside,065,2383286,620274,615556,29863,645419,6481
2022-06-12,Sacramento,067,1510023,306380,302721,30408,333129,3058
2022-06-12,San Benito,069,59416,14041,13832,664,14496,99
2022-06-12,San Bernardino,071,2135413,599123,587385,26219,613604,7708
2022-06-12,San Diego,073,3302833,810552,805360,59112,864472,5315
2022-06-12,San Francisco,075,870044,152042,149278,9967,159245,890
2022-06-12,San Joaquin,077,732212,176853,174822,11498,186320,2244
2022-06-12,San Luis Obispo,079,281455,56753,56160,5016,61176,485
2022-06-12,San Mateo,081,765935,144245,141719,8991,150710,715
2022-06-12,Santa Barbara,083,443738,92952,92177,5351,97528,694
2022-06-12,Santa Clara,085,1922200,369927,359925,15653,375578,2322
2022-06-12,Santa Cruz,087,273765,54036,53171,2616,55787,264
2022-06-12,Shasta,089,179085,31689,31483,6324,37807,566
2022-06-12,Sierra,091,2930,281,278,56,334,4
2022-06-12,Siskiyou,093,43540,4656,4633,2905,7538,81
2022-06-12,Solano,095,438530,91285,89424,6408,95832,453
2022-06-12,Sonoma,097,501317,94440,93218,4056,97274,492
2022-06-12,Stanislaus,099,539301,123446,122267,18870,141137,1665
2022-06-12,Sutter,101,95872,21446,21333,2246,23579,227
2022-06-12,Tehama,103,63373,12427,12343,2678,15021,205
2022-06-12,Trinity,105,12862,1221,1213,292,1505,20
2022-06-12,Tulare,107,460477,110043,109467,29532,138999,1495
2022-06-12,Tuolumne,109,53932,13586,13382,663,14045,189
2022-06-12,Ventura,111,848112,185264,183680,11289,194969,1508
2022-06-12,Yolo,113,214977,42119,40202,3360,43562,323
2022-06-12,Yuba,115,75493,16791,16653,1396,18049,123
2022-06-11,Alameda,001,1643700,296485,292112,16364,308476,1877
2022-06-11,Alpine,002,1148,129,129,1,130,0
2022-06-11,Amador,005,37829,9048,8869,726,9595,87
2022-06-11,Butte,007,227075,35101,34596,7688,42284,427
2022-06-11,Calaveras,009,45235,7654,7604,403,8007,122
2022-06-11,Colusa,011,21464,3525,3505,1096,4601,21
2022-06-11,Contra Costa,013,1133247,217677,211229,16440,227669,1315
2022-06-11,Del Norte,015,27424,6349,6253,269,6522,52
2022-06-11,El Dorado,017,186661,28893,28641,3564,32205,215
2022-06-11,Fresno,019,978130,245944,240345,26104,266449,2766
2022-06-11,Glenn,021,27897,5159,5104,1671,6775,48
2022-06-11,Humboldt,023,135768,18894,18696,3746,22442,148
2022-06-11,Imperial,025,180216,57489,57129,11145,68274,941
2022-06-11,Inyo,027,18085,4212,4194,602,4796,56
2022-06-11,Kern,029,883053,198724,197353,48900,246253,2338
2022-06-11,Kings,031,150075,53194,52978,3620,56598,447
2022-06-11,Lake,033,64148,11326,11202,980,12182,139
2022-06-11,Lassen,035,31185,9218,9172,909,10081,64
2022-06-11,Los Angeles,037,10098052,2908490,2878981,138285,3017266,31947
2022-06-11,Madera,039,155013,38862,38567,6568,45135,372
2022-06-11,Marin,041,260295,30725,38593,4338,42931,294
2022-06-11,Mariposa,043,17540,2660,2625,252,2877,30
2022-06-11,Mendocino,045,87422,14097,13945,3615,17560,127
2022-06-11,Merced,047,269075,65957,64286,9680,73966,825
2022-06-11,Modoc,049,8938,771,767,263,1030,8
2022-06-11,Mono,051,14174,3067,3052,172,3224,6
2022-06-11,Monterey,053,433212,84189,83391,16268,99659,739
2022-06-11,Napa,055,140530,28701,28202,1204,29406,143
2022-06-11,Nevada,057,99092,17144,16989,1397,18386,127
2022-06-11,Orange,059,3164182,587655,581624,48052,629676,7057
2022-06-11,Placer,061,380077,68085,67306,8290,75596,628
2022-06-11,Plumas,063,18699,3202,3172,388,3560,13
2022-06-11,Riverside,065,2383286,619748,615556,29834,645390,6481
2022-06-11,Sacramento,067,1510023,306069,302721,30373,333094,3058
2022-06-11,San Benito,069,59416,14031,13832,661,14493,99
2022-06-11,San Bernardino,071,2135413,598700,587385,26196,613581,7708
2022-06-11,San Diego,073,3302833,809851,805360,59066,864426,5315
2022-06-11,San Francisco,075,870044,151724,149278,9947,159225,890
2022-06-11,San Joaquin,077,732212,176699,174822,11479,186301,2244
2022-06-11,San Luis Obispo,079,281455,56719,56160,5006,61166,485
2022-06-11,San Mateo,081,765935,144022,141719,8968,150687,715
2022-06-11,Santa Barbara,083,443738,92886,92177,5337,97514,694
2022-06-11,Santa Clara,085,1922200,369164,359925,15616,375541,2322
2022-06-11,Santa Cruz,087,273765,53981,53171,2602,55773,264
2022-06-11,Shasta,089,179085,31673,31483,6318,37801,566
2022-06-11,Sierra,091,2930,281,278,56,334,4
2022-06-11,Siskiyou,093,43540,4650,4633,2897,7530,81
2022-06-11,Solano,095,438530,91195,89424,6398,95822,453
2022-06-11,Sonoma,097,501317,94333,93218,4031,97249,492
2022-06-11,Stanislaus,099,539301,123344,122267,18847,141114,1665
2022-06-11,Sutter,101,95872,21428,21333,2245,23578,227
2022-06-11,Tehama,103,63373,12420,12343,2678,15021,205
2022-06-11,Trinity,105,12862,1220,1213,292,1505,20
2022-06-11,Tulare,107,460477,109955,109467,29503,138970,1495
2022-06-11,Tuolumne,109,53932,13560,13382,662,14044,189
2022-06-11,Ventura,111,848112,185086,183680,11257,194937,1508
2022-06-11,Yolo,113,214977,42054,40202,3353,43555,323
2022-06-11,Yuba,115,75493,16772,16653,1392,18045,123
2022-06-10,Alameda,001,1643700,296010,292112,16341,308453,1877
2022-06-10,Alpine,002,1148,129,129,1,130,0
2022-06-10,Amador,005,37829,9035,8869,725,9594,87
2022-06-10,Butte,007,227075,35069,34596,7674,42270,427
2022-06-10,Calaveras,009,45235,7649,7604,402,8006,122
2022-06-10,Colusa,011,21464,3520,3505,1095,4600,21
2022-06-10,Contra Costa,013,1133247,217410,211229,16409,227638,1315
2022-06-10,Del Norte,015,27424,6343,6253,268,6521,52
2022-06-10,El Dorado,017,186661,28865,28641,3561,32202,215
2022-06-10,Fresno,019,978130,245714,240345,26081,266426,2766
2022-06-10,Glenn,021,27897,5157,5104,1668,6772,48
2022-06-10,Humboldt,023,135768,18872,18696,3739,22435,148
2022-06-10,Imperial,025,180216,57443,57129,11142,68271,941
2022-06-10,Inyo,027,18085,4211,4194,599,4793,56
2022-06-10,Kern,029,883053,198578,197353,48807,246160,2338
2022-06-10,Kings,031,150075,53173,52978,3619,56597,447
2022-06-10,Lake,033,64148,11311,11202,979,12181,139
2022-06-10,Lassen,035,31185,9215,9172,907,10079,64
2022-06-10,Los Angeles,037,10098052,2905762,2878981,138016,3016997,31947
2022-06-10,Madera,039,155013,38834,38567,6560,45127,372
2022-06-10,Marin,041,260295,30630,38593,4311,42904,294
2022-06-10,Mariposa,043,17540,2656,2625,251,2876,30
2022-06-10,Mendocino,045,87422,14079,13945,3607,17552,127
2022-06-10,Merced,047,269075,65913,64286,9675,73961,825
2022-06-10,Modoc,049,8938,771,767,263,1030,8
2022-06-10,Mono,051,14174,3067,3052,171,3223,6
2022-06-10,Monterey,053,433212,84097,83391,16228,99619,739
2022-06-10,Napa,055,140530,28666,28202,1203,29405,143
2022-06-10,Nevada,057,99092,17131,16989,1396,18385,127
2022-06-10,Orange,059,3164182,586991,581624,47927,629551,7057
2022-06-10,Placer,061,380077,68013,67306,8267,75573,628
2022-06-10,Plumas,063,18699,3198,3172,388,3560,13
2022-06-10,Riverside,065,2383286,619225,615556,29805,645361,6481
2022-06-10,Sacramento,067,1510023,305673,302721,30350,333071,3058
2022-06-10,San Benito,069,59416,14018,13832,660,14492,99
2022-06-10,San Bernardino,071,2135413,598290,587385,26165,613550,7708
2022-06-10,San Diego,073,3302833,808937,805360,59030,864390,5315
2022-06-10,San Francisco,075,870044,151407,149278,9909,159187,890
2022-06-10,San Joaquin,077,732212,176583,174822,11463,186285,2244
2022-06-10,San Luis Obispo,079,281455,56684,56160,4999,61159,485
2022-06-10,San Mateo,081,765935,143765,141719,8955,150674,715
2022-06-10,Santa Barbara,083,443738,92787,92177,5333,97510,694
2022-06-10,Santa Clara,085,1922200,368417,359925,15582,375507,2322
2022-06-10,Santa Cruz,087,273765,53882,53171,2592,55763,264
2022-06-10,Shasta,089,179085,31653,31483,6309,37792,566
2022-06-10,Sierra,091,2930,280,278,56,334,4
2022-06-10,Siskiyou,093,43540,4643,4633,2891,7524,81
2022-06-10,Solano,095,438530,91033,89424,6384,95808,453
2022-06-10,Sonoma,097,501317,94170,93218,4008,97226,492
2022-06-10,Stanislaus,099,539301,123224,122267,18833,141100,1665
2022-06-10,Sutter,101,95872,21413,21333,2243,23576,227
2022-06-10,Tehama,103,63373,12412,12343,2677,15020,205
2022-06-10,Trinity,105,12862,1218,1213,292,1505,20
2022-06-10,Tulare,107,460477,109887,109467,29481,138948,1495
2022-06-10,Tuolumne,109,53932,13546,13382,660,14042,189
2022-06-10,Ventura,111,848112,184900,183680,11223,194903,1508
2022-06-10,Yolo,113,214977,41964,40202,3346,43548,323
2022-06-10,Yuba,115,75493,16751,16653,1389,18042,123
2022-06-09,Alameda,001,1643700,295098,292112,16291,308403,1877
2022-06-09,Alpine,002,1148,129,129,1,130,0
2022-06-09,Amador,005,37829,9025,8869,722,9591,87
2022-06-09,Butte,007,227075,35009,34596,7663,42259,427
2022-06-09,Calaveras,009,45235,7639,7604,402,8006,122
2022-06-09,Colusa,011,21464,3519,3505,1093,4598,21
2022-06-09,Contra Costa,013,1133247,216898,211229,16364,227593,1315
2022-06-09,Del Norte,015,27424,6330,6253,265,6518,52
2022-06-09,El Dorado,017,186661,28808,28641,3551,32192,215
2022-06-09,Fresno,019,978130,245359,240345,26035,266380,2766
2022-06-09,Glenn,021,27897,5151,5104,1666,6770,48
2022-06-09,Humboldt,023,135768,18823,18696,3728,22424,148
2022-06-09,Imperial,025,180216,57385,57129,11125,68254,941
2022-06-09,Inyo,027,18085,4208,4194,594,4788,56
2022-06-09,Kern,029,883053,198376,197353,48706,246059,2338
2022-06-09,Kings,031,150075,53132,52978,3616,56594,447
2022-06-09,Lake,033,64148,11286,11202,977,12179,139
2022-06-09,Lassen,035,31185,9196,9172,905,10077,64
2022-06-09,Los Angeles,037,10098052,2901361,2878981,137636,3016617,31947
2022-06-09,Madera,039,155013,38780,38567,6546,45113,372
2022-06-09,Marin,041,260295,30528,38593,4286,42879,294
2022-06-09,Mariposa,043,17540,2652,2625,250,2875,30
2022-06-09,Mendocino,045,87422,14051,13945,3605,17550,127
2022-06-09,Merced,047,269075,65836,64286,9666,73952,825
2022-06-09,Modoc,049,8938,770,767,263,1030,8
2022-06-09,Mono,051,14174,3061,3052,169,3221,6
2022-06-09,Monterey,053,433212,83973,83391,16160,99551,739
2022-06-09,Napa,055,140530,28605,28202,1201,29403,143
2022-06-09,Nevada,057,99092,17097,16989,1395,18384,127
2022-06-09,Orange,059,3164182,585916,581624,47755,629379,7057
2022-06-09,Placer,061,380077,67891,67306,8247,75553,628
2022-06-09,Plumas,063,18699,3192,3172,388,3560,13
2022-06-09,Riverside,065,2383286,618532,615556,29765,645321,6481
2022-06-09,Sacramento,067,1510023,305092,302721,30262,332983,3058
2022-06-09,San Benito,069,59416,14000,13832,658,14490,99
2022-06-09,San Bernardino,071,2135413,597621,587385,26132,613517,7708
2022-06-09,San Diego,073,3302833,807533,805360,58890,864250,5315
2022-06-09,San Francisco,075,870044,151017,149278,9879,159157,890
2022-06-09,San Joaquin,077,732212,176289,174822,11443,186265,2244
2022-06-09,San Luis Obispo,079,281455,56597,56160,4970,61130,485
2022-06-09,San Mateo,081,765935,143380,141719,8928,150647,715
2022-06-09,Santa Barbara,083,443738,92656,92177,5328,97505,694
2022-06-09,Santa Clara,085,1922200,367449,359925,15515,375440,2322
2022-06-09,Santa Cruz,087,273765,53750,53171,2582,55753,264
2022-06-09,Shasta,089,179085,31621,31483,6299,37782,566
2022-06-09,Sierra,091,2930,280,278,56,334,4
2022-06-09,Siskiyou,093,43540,4636,4633,2877,7510,81
2022-06-09,Solano,095,438530,90784,89424,6370,95794,453
2022-06-09,Sonoma,097,501317,94014,93218,3989,97207,492
2022-06-09,Stanislaus,099,539301,123056,122267,18818,141085,1665
2022-06-09,Sutter,101,95872,21376,21333,2243,23576,227
2022-06-09,Tehama,103,63373,12393,12343,2676,15019,205
2022-06-09,Trinity,105,12862,1217,1213,292,1505,20
2022-06-09,Tulare,107,460477,109763,109467,29445,138912,1495
2022-06-09,Tuolumne,109,53932,13514,13382,657,14039,189
2022-06-09,Ventura,111,848112,184632,183680,11189,194869,1508
2022-06-09,Yolo,113,214977,41852,40202,3330,43532,323
2022-06-09,Yuba,115,75493,16728,16653,1386,18039,123
2022-06-08,Alameda,001,1643700,294334,289661,16240,305901,1873
2022-06-08,Alpine,002,1148,129,128,1,129,0
2022-06-08,Amador,005,37829,9017,8818,720,9538,87
2022-06-08,Butte,007,227075,34942,34380,7645,42025,427
2022-06-08,Calaveras,009,45235,7625,7564,402,7966,122
2022-06-08,Colusa,011,21464,3517,3495,1090,4585,21
2022-06-08,Contra Costa,013,1133247,216385,209384,16301,225685,1310
2022-06-08,Del Norte,015,27424,6308,6229,265,6494,52
2022-06-08,El Dorado,017,186661,28757,28478,3541,32019,215
2022-06-08,Fresno,019,978130,245020,239376,25963,265339,2766
2022-06-08,Glenn,021,27897,5147,5095,1663,6758,48
2022-06-08,Humboldt,023,135768,18793,18598,3702,22300,147
2022-06-08,Imperial,025,180216,57310,56912,11105,68017,941
2022-06-08,Inyo,027,18085,4206,4189,593,4782,56
2022-06-08,Kern,029,883053,198105,196763,48593,245356,2338
2022-06-08,Kings,031,150075,53062,52821,3612,56433,447
2022-06-08,Lake,033,64148,11265,11158,974,12132,137
2022-06-08,Lassen,035,31185,9183,9148,905,10053,64
2022-06-08,Los Angeles,037,10098052,2896746,2865901,137246,3003147,31920
2022-06-08,Madera,039,155013,38735,38408,6533,44941,372
2022-06-08,Marin,041,260295,30436,38338,4269,42607,294
2022-06-08,Mariposa,043,17540,2642,2614,249,2863,30
2022-06-08,Mendocino,045,87422,14030,13859,3593,17452,127
2022-06-08,Merced,047,269075,65770,64080,9644,73724,825
2022-06-08,Modoc,049,8938,766,761,263,1024,8
2022-06-08,Mono,051,14174,3057,3044,169,3213,6
2022-06-08,Monterey,053,433212,83862,83063,16110,99173,740
2022-06-08,Napa,055,140530,28515,27996,1196,29192,143
2022-06-08,Nevada,057,99092,17071,16907,1391,18298,127
2022-06-08,Orange,059,3164182,584802,578530,47555,626085,7044
2022-06-08,Placer,061,380077,67762,66951,8219,75170,627
2022-06-08,Plumas,063,18699,3189,3150,387,3537,13
2022-06-08,Riverside,065,2383286,617845,613469,29730,643199,6480
2022-06-08,Sacramento,067,1510023,304448,300875,30176,331051,3054
2022-06-08,San Benito,069,59416,13966,13734,656,14390,99
2022-06-08,San Bernardino,071,2135413,596926,585029,26088,611117,7685
2022-06-08,San Diego,073,3302833,806036,800840,58716,859556,5308
2022-06-08,San Francisco,075,870044,150594,147960,9853,157813,885
2022-06-08,San Joaquin,077,732212,176011,173887,11413,185300,2241
2022-06-08,San Luis Obispo,079,281455,56441,55822,4907,60729,484
2022-06-08,San Mateo,081,765935,142981,140569,8880,149449,710
2022-06-08,Santa Barbara,083,443738,92517,91747,5317,97064,693
2022-06-08,Santa Clara,085,1922200,366476,356452,15467,371919,2321
2022-06-08,Santa Cruz,087,273765,53610,52753,2571,55324,264
2022-06-08,Shasta,089,179085,31588,31394,6288,37682,565
2022-06-08,Sierra,091,2930,280,278,56,334,4
2022-06-08,Siskiyou,093,43540,4631,4609,2875,7484,81
2022-06-08,Solano,095,438530,90515,88522,6350,94872,453
2022-06-08,Sonoma,097,501317,93828,92644,3955,96599,491
2022-06-08,Stanislaus,099,539301,122875,121787,18783,140570,1662
2022-06-08,Sutter,101,95872,21352,21256,2238,23494,227
2022-06-08,Tehama,103,63373,12386,12306,2675,14981,205
2022-06-08,Trinity,105,12862,1216,1211,291,1502,20
2022-06-08,Tulare,107,460477,109676,109091,29389,138480,1494
2022-06-08,Tuolumne,109,53932,13499,13335,656,13991,189
2022-06-08,Ventura,111,848112,184356,182847,11139,193986,1506
2022-06-08,Yolo,113,214977,41747,39962,3316,43278,321
2022-06-08,Yuba,115,75493,16703,16558,1378,17936,122
2022-06-07,Alameda,001,1643700,293528,289661,16196,305857,1873
2022-06-07,Alpine,002,1148,129,128,1,129,0
2022-06-07,Amador,005,37829,9007,8818,717,9535,87
2022-06-07,Butte,007,227075,34863,34380,7620,42000,427
2022-06-07,Calaveras,009,45235,7617,7564,400,7964,122
2022-06-07,Colusa,011,21464,3517,3495,1087,4582,21
2022-06-07,Contra Costa,013,1133247,215823,209384,16248,225632,1310
2022-06-07,Del Norte,015,27424,6300,6229,262,6491,52
2022-06-07,El Dorado,017,186661,28696,28478,3530,32008,215
2022-06-07,Fresno,019,978130,244634,239376,25897,265273,2766
2022-06-07,Glenn,021,27897,5140,5095,1663,6758,48
2022-06-07,Humboldt,023,135768,18755,18598,3686,22284,147
2022-06-07,Imperial,025,180216,57250,56912,11070,67982,941
2022-06-07,Inyo,027,18085,4205,4189,585,4774,56
2022-06-07,Kern,029,883053,197848,196763,48480,245243,2338
2022-06-07,Kings,031,150075,53004,52821,3608,56429,447
2022-06-07,Lake,033,64148,11240,11158,968,12126,137
2022-06-07,Lassen,035,31185,9174,9148,904,10052,64
2022-06-07,Los Angeles,037,10098052,2891429,2865901,136814,3002715,31920
2022-06-07,Madera,039,155013,38663,38408,6517,44925,372
2022-06-07,Marin,041,260295,30352,38338,4242,42580,294
2022-06-07,Mariposa,043,17540,2635,2614,247,2861,30
2022-06-07,Mendocino,045,87422,13998,13859,3562,17421,127
2022-06-07,Merced,047,269075,65679,64080,9628,73708,825
2022-06-07,Modoc,049,8938,766,761,261,1022,8
2022-06-07,Mono,051,14174,3055,3044,167,3211,6
2022-06-07,Monterey,053,433212,83733,83063,16056,99119,740
2022-06-07,Napa,055,140530,28436,27996,1189,29185,143
2022-06-07,Nevada,057,99092,17044,16907,1385,18292,127
2022-06-07,Orange,059,3164182,583672,578530,47380,625910,7044
2022-06-07,Placer,061,380077,67613,66951,8187,75138,627
2022-06-07,Plumas,063,18699,3184,3150,386,3536,13
2022-06-07,Riverside,065,2383286,616965,613469,29679,643148,6480
2022-06-07,Sacramento,067,1510023,303723,300875,30071,330946,3054
2022-06-07,San Benito,069,59416,13923,13734,652,14386,99
2022-06-07,San Bernardino,071,2135413,596152,585029,26060,611089,7685
2022-06-07,San Diego,073,3302833,804460,800840,58505,859345,5308
2022-06-07,San Francisco,075,870044,150079,147960,9831,157791,885
2022-06-07,San Joaquin,077,732212,175675,173887,11376,185263,2241
2022-06-07,San Luis Obispo,079,281455,56338,55822,4862,60684,484
2022-06-07,San Mateo,081,765935,142562,140569,8825,149394,710
2022-06-07,Santa Barbara,083,443738,92371,91747,5304,97051,693
2022-06-07,Santa Clara,085,1922200,365331,356452,15387,371839,2321
2022-06-07,Santa Cruz,087,273765,53509,52753,2564,55317,264
2022-06-07,Shasta,089,179085,31551,31394,6281,37675,565
2022-06-07,Sierra,091,2930,279,278,56,334,4
2022-06-07,Siskiyou,093,43540,4624,4609,2871,7480,81
2022-06-07,Solano,095,438530,90185,88522,6333,94855,453
2022-06-07,Sonoma,097,501317,93601,92644,3923,96567,491
2022-06-07,Stanislaus,099,539301,122702,121787,18763,140550,1662
2022-06-07,Sutter,101,95872,21323,21256,2236,23492,227
2022-06-07,Tehama,103,63373,12370,12306,2671,14977,205
2022-06-07,Trinity,105,12862,1215,1211,291,1502,20
2022-06-07,Tulare,107,460477,109547,109091,29335,138426,1494
2022-06-07,Tuolumne,109,53932,13484,13335,654,13989,189
2022-06-07,Ventura,111,848112,183991,182847,11095,193942,1506
2022-06-07,Yolo,113,214977,41630,39962,3307,43269,321
2022-06-07,Yuba,115,75493,16674,16558,1377,17935,122
2022-06-06,Alameda,001,1643700,292642,289661,16148,305809,1873
2022-06-06,Alpine,002,1148,129,128,1,129,0
2022-06-06,Amador,005,37829,8956,8818,715,9533,87
2022-06-06,Butte,007,227075,34799,34380,7606,41986,427
2022-06-06,Calaveras,009,45235,7606,7564,400,7964,122
2022-06-06,Colusa,011,21464,3516,3495,1083,4578,21
2022-06-06,Contra Costa,013,1133247,215168,209384,16165,225549,1310
2022-06-06,Del Norte,015,27424,6292,6229,261,6490,52
2022-06-06,El Dorado,017,186661,28649,28478,3518,31996,215
2022-06-06,Fresno,019,978130,244209,239376,25827,265203,2766
2022-06-06,Glenn,021,27897,5132,5095,1661,6756,48
2022-06-06,Humboldt,023,135768,18717,18598,3673,22271,147
2022-06-06,Imperial,025,180216,57176,56912,11036,67948,941
2022-06-06,Inyo,027,18085,4201,4189,582,4771,56
2022-06-06,Kern,029,883053,197565,196763,48342,245105,2338
2022-06-06,Kings,031,150075,52947,52821,3605,56426,447
2022-06-06,Lake,033,64148,11220,11158,962,12120,137
2022-06-06,Lassen,035,31185,9164,9148,903,10051,64
2022-06-06,Los Angeles,037,10098052,2885798,2865901,136397,3002298,31920
2022-06-06,Madera,039,155013,38595,38408,6490,44898,372
2022-06-06,Marin,041,260295,30227,38338,4205,42543,294
2022-06-06,Mariposa,043,17540,2625,2614,245,2859,30
2022-06-06,Mendocino,045,87422,13969,13859,3551,17410,127
2022-06-06,Merced,047,269075,65559,64080,9604,73684,825
2022-06-06,Modoc,049,8938,764,761,259,1020,8
2022-06-06,Mono,051,14174,3052,3044,166,3210,6
2022-06-06,Monterey,053,433212,83590,83063,15991,99054,740
2022-06-06,Napa,055,140530,28357,27996,1180,29176,143
2022-06-06,Nevada,057,99092,17016,16907,1381,18288,127
2022-06-06,Orange,059,3164182,582535,578530,47203,625733,7044
2022-06-06,Placer,061,380077,67495,66951,8154,75105,627
2022-06-06,Plumas,063,18699,3177,3150,385,3535,13
2022-06-06,Riverside,065,2383286,616173,613469,29629,643098,6480
2022-06-06,Sacramento,067,1510023,302947,300875,29966,330841,3054
2022-06-06,San Benito,069,59416,13875,13734,648,14382,99
2022-06-06,San Bernardino,071,2135413,595378,585029,26018,611047,7685
2022-06-06,San Diego,073,3302833,802671,800840,58273,859113,5308
2022-06-06,San Francisco,075,870044,149560,147960,9810,157770,885
2022-06-06,San Joaquin,077,732212,175292,173887,11344,185231,2241
2022-06-06,San Luis Obispo,079,281455,56229,55822,4829,60651,484
2022-06-06,San Mateo,081,765935,142077,140569,8788,149357,710
2022-06-06,Santa Barbara,083,443738,92194,91747,5287,97034,693
2022-06-06,Santa Clara,085,1922200,364067,356452,15303,371755,2321
2022-06-06,Santa Cruz,087,273765,53354,52753,2552,55305,264
2022-06-06,Shasta,089,179085,31516,31394,6269,37663,565
2022-06-06,Sierra,091,2930,279,278,56,334,4
2022-06-06,Siskiyou,093,43540,4614,4609,2861,7470,81
2022-06-06,Solano,095,438530,89890,88522,6313,94835,453
2022-06-06,Sonoma,097,501317,93360,92644,3895,96539,491
2022-06-06,Stanislaus,099,539301,122513,121787,18737,140524,1662
2022-06-06,Sutter,101,95872,21293,21256,2230,23486,227
2022-06-06,Tehama,103,63373,12358,12306,2669,14975,205
2022-06-06,Trinity,105,12862,1213,1211,291,1502,20
2022-06-06,Tulare,107,460477,109406,109091,29280,138371,1494
2022-06-06,Tuolumne,109,53932,13465,13335,653,13988,189
2022-06-06,Ventura,111,848112,183684,182847,11052,193899,1506
2022-06-06,Yolo,113,214977,41473,39962,3296,43258,321
2022-06-06,Yuba,115,75493,16631,16558,1370,17928,122
2022-06-05,Alameda,001,1643700,291591,285785,16085,301870,1873
2022-06-05,Alpine,002,1148,128,128,1,129,0
2022-06-05,Amador,005,37829,8919,8775,712,9487,87
2022-06-05,Butte,007,227075,34720,34129,7588,41717,427
2022-06-05,Calaveras,009,45235,7590,7525,394,7919,121
2022-06-05,Colusa,011,21464,3510,3484,1083,4567,21
2022-06-05,Contra Costa,013,1133247,214460,206711,16055,222766,1310
2022-06-05,Del Norte,015,27424,6281,6206,257,6463,52
2022-06-05,El Dorado,017,186661,28572,28241,3509,31750,214
2022-06-05,Fresno,019,978130,243740,237945,25737,263682,2766
2022-06-05,Glenn,021,27897,5125,5063,1661,6724,48
2022-06-05,Humboldt,023,135768,18667,18433,3651,22084,147
2022-06-05,Imperial,025,180216,57082,56690,10986,67676,941
2022-06-05,Inyo,027,18085,4197,4176,577,4753,56
2022-06-05,Kern,029,883053,197253,195863,48225,244088,2338
2022-06-05,Kings,031,150075,52870,52597,3599,56196,447
2022-06-05,Lake,033,64148,11201,11064,958,12022,137
2022-06-05,Lassen,035,31185,9156,9106,899,10005,64
2022-06-05,Los Angeles,037,10098052,2879734,2846989,135873,2982862,31899
2022-06-05,Madera,039,155013,38532,38188,6474,44662,372
2022-06-05,Marin,041,260295,30113,37879,4172,42051,294
2022-06-05,Mariposa,043,17540,2623,2557,244,2801,30
2022-06-05,Mendocino,045,87422,13933,13738,3504,17242,125
2022-06-05,Merced,047,269075,65468,63756,9570,73326,825
2022-06-05,Modoc,049,8938,763,759,259,1018,8
2022-06-05,Mono,051,14174,3049,3037,164,3201,6
2022-06-05,Monterey,053,433212,83427,82451,15910,98361,738
2022-06-05,Napa,055,140530,28226,27686,1171,28857,143
2022-06-05,Nevada,057,99092,16973,16728,1365,18093,127
2022-06-05,Orange,059,3164182,581259,574146,47008,621154,7038
2022-06-05,Placer,061,380077,67353,66428,8122,74550,627
2022-06-05,Plumas,063,18699,3169,3138,385,3523,13
2022-06-05,Riverside,065,2383286,615234,610369,29566,639935,6481
2022-06-05,Sacramento,067,1510023,302034,297787,29817,327604,3052
2022-06-05,San Benito,069,59416,13830,13572,642,14214,99
2022-06-05,San Bernardino,071,2135413,594388,582305,25974,608279,7664
2022-06-05,San Diego,073,3302833,800777,794822,58082,852904,5303
2022-06-05,San Francisco,075,870044,148976,145876,9757,155633,881
2022-06-05,San Joaquin,077,732212,174852,172621,11295,183916,2242
2022-06-05,San Luis Obispo,079,281455,56067,55333,4757,60090,484
2022-06-05,San Mateo,081,765935,141561,138536,8740,147276,710
2022-06-05,Santa Barbara,083,443738,92002,90911,5268,96179,693
2022-06-05,Santa Clara,085,1922200,362645,351492,15214,366706,2317
2022-06-05,Santa Cruz,087,273765,53162,52333,2539,54872,263
2022-06-05,Shasta,089,179085,31475,31272,6258,37530,565
2022-06-05,Sierra,091,2930,279,278,56,334,4
2022-06-05,Siskiyou,093,43540,4609,4591,2849,7440,81
2022-06-05,Solano,095,438530,89545,87571,6296,93867,452
2022-06-05,Sonoma,097,501317,93081,91518,3866,95384,491
2022-06-05,Stanislaus,099,539301,122319,121001,18709,139710,1661
2022-06-05,Sutter,101,95872,21261,21125,2223,23348,227
2022-06-05,Tehama,103,63373,12339,12262,2666,14928,204
2022-06-05,Trinity,105,12862,1213,1204,291,1495,20
2022-06-05,Tulare,107,460477,109218,108598,29207,137805,1490
2022-06-05,Tuolumne,109,53932,13436,13251,640,13891,189
2022-06-05,Ventura,111,848112,183331,181709,10995,192704,1505
2022-06-05,Yolo,113,214977,41342,39561,3284,42845,321
2022-06-05,Yuba,115,75493,16590,16467,1362,17829,122
2022-06-04,Alameda,001,1643700,291086,285785,16061,301846,1873
2022-06-04,Alpine,002,1148,128,128,1,129,0
2022-06-04,Amador,005,37829,8910,8775,710,9485,87
2022-06-04,Butte,007,227075,34681,34129,7583,41712,427
2022-06-04,Calaveras,009,45235,7576,7525,394,7919,121
2022-06-04,Colusa,011,21464,3507,3484,1078,4562,21
2022-06-04,Contra Costa,013,1133247,214071,206711,16015,222726,1310
2022-06-04,Del Norte,015,27424,6280,6206,257,6463,52
2022-06-04,El Dorado,017,186661,28533,28241,3505,31746,214
2022-06-04,Fresno,019,978130,243569,237945,25720,263665,2766
2022-06-04,Glenn,021,27897,5121,5063,1660,6723,48
2022-06-04,Humboldt,023,135768,18645,18433,3645,22078,147
2022-06-04,Imperial,025,180216,57030,56690,10971,67661,941
2022-06-04,Inyo,027,18085,4197,4176,576,4752,56
2022-06-04,Kern,029,883053,197130,195863,48157,244020,2338
2022-06-04,Kings,031,150075,52829,52597,3599,56196,447
2022-06-04,Lake,033,64148,11186,11064,952,12016,137
2022-06-04,Lassen,035,31185,9151,9106,898,10004,64
2022-06-04,Los Angeles,037,10098052,2877277,2846989,135600,2982589,31899
2022-06-04,Madera,039,155013,38497,38188,6470,44658,372
2022-06-04,Marin,041,260295,30036,37879,4131,42010,294
2022-06-04,Mariposa,043,17540,2620,2557,244,2801,30
2022-06-04,Mendocino,045,87422,13920,13738,3503,17241,125
2022-06-04,Merced,047,269075,65418,63756,9561,73317,825
2022-06-04,Modoc,049,8938,762,759,258,1017,8
2022-06-04,Mono,051,14174,3049,3037,164,3201,6
2022-06-04,Monterey,053,433212,83342,82451,15875,98326,738
2022-06-04,Napa,055,140530,28178,27686,1169,28855,143
2022-06-04,Nevada,057,99092,16960,16728,1364,18092,127
2022-06-04,Orange,059,3164182,580610,574146,46882,621028,7038
2022-06-04,Placer,061,380077,67273,66428,8105,74533,627
2022-06-04,Plumas,063,18699,3165,3138,384,3522,13
2022-06-04,Riverside,065,2383286,614698,610369,29541,639910,6481
2022-06-04,Sacramento,067,1510023,301673,297787,29786,327573,3052
2022-06-04,San Benito,069,59416,13804,13572,639,14211,99
2022-06-04,San Bernardino,071,2135413,593938,582305,25945,608250,7664
2022-06-04,San Diego,073,3302833,800051,794822,58035,852857,5303
2022-06-04,San Francisco,075,870044,148646,145876,9736,155612,881
2022-06-04,San Joaquin,077,732212,174707,172621,11258,183879,2242
2022-06-04,San Luis Obispo,079,281455,56028,55333,4751,60084,484
2022-06-04,San Mateo,081,765935,141255,138536,8712,147248,710
2022-06-04,Santa Barbara,083,443738,91904,90911,5247,96158,693
2022-06-04,Santa Clara,085,1922200,361775,351492,15173,366665,2317
2022-06-04,Santa Cruz,087,273765,53077,52333,2526,54859,263
2022-06-04,Shasta,089,179085,31452,31272,6255,37527,565
2022-06-04,Sierra,091,2930,279,278,56,334,4
2022-06-04,Siskiyou,093,43540,4605,4591,2843,7434,81
2022-06-04,Solano,095,438530,89459,87571,6279,93850,452
2022-06-04,Sonoma,097,501317,92927,91518,3852,95370,491
2022-06-04,Stanislaus,099,539301,122181,121001,18694,139695,1661
2022-06-04,Sutter,101,95872,21234,21125,2220,23345,227
2022-06-04,Tehama,103,63373,12325,12262,2665,14927,204
2022-06-04,Trinity,105,12862,1213,1204,291,1495,20
2022-06-04,Tulare,107,460477,109152,108598,29163,137761,1490
2022-06-04,Tuolumne,109,53932,13426,13251,637,13888,189
2022-06-04,Ventura,111,848112,183146,181709,10978,192687,1505
2022-06-04,Yolo,113,214977,41259,39561,3279,42840,321
2022-06-04,Yuba,115,75493,16574,16467,1358,17825,122
2022-06-03,Alameda,001,1643700,290549,285785,16031,301816,1873
2022-06-03,Alpine,002,1148,128,128,1,129,0
2022-06-03,Amador,005,37829,8904,8775,708,9483,87
2022-06-03,Butte,007,227075,34630,34129,7573,41702,427
2022-06-03,Calaveras,009,45235,7571,7525,394,7919,121
2022-06-03,Colusa,011,21464,3507,3484,1076,4560,21
2022-06-03,Contra Costa,013,1133247,213761,206711,15986,222697,1310
2022-06-03,Del Norte,015,27424,6276,6206,254,6460,52
2022-06-03,El Dorado,017,186661,28504,28241,3502,31743,214
2022-06-03,Fresno,019,978130,243339,237945,25687,263632,2766
2022-06-03,Glenn,021,27897,5115,5063,1658,6721,48
2022-06-03,Humboldt,023,135768,18625,18433,3640,22073,147
2022-06-03,Imperial,025,180216,56984,56690,10961,67651,941
2022-06-03,Inyo,027,18085,4196,4176,576,4752,56
2022-06-03,Kern,029,883053,196988,195863,48089,243952,2338
2022-06-03,Kings,031,150075,52805,52597,3599,56196,447
2022-06-03,Lake,033,64148,11175,11064,949,12013,137
2022-06-03,Lassen,035,31185,9146,9106,898,10004,64
2022-06-03,Los Angeles,037,10098052,2874372,2846989,135311,2982300,31899
2022-06-03,Madera,039,155013,38453,38188,6461,44649,372
2022-06-03,Marin,041,260295,29967,37879,4096,41975,294
2022-06-03,Mariposa,043,17540,2617,2557,244,2801,30
2022-06-03,Mendocino,045,87422,13898,13738,3502,17240,125
2022-06-03,Merced,047,269075,65367,63756,9558,73314,825
2022-06-03,Modoc,049,8938,762,759,258,1017,8
2022-06-03,Mono,051,14174,3046,3037,164,3201,6
2022-06-03,Monterey,053,433212,83243,82451,15828,98279,738
2022-06-03,Napa,055,140530,28128,27686,1161,28847,143
2022-06-03,Nevada,057,99092,16940,16728,1363,18091,127
2022-06-03,Orange,059,3164182,579925,574146,46767,620913,7038
2022-06-03,Placer,061,380077,67188,66428,8088,74516,627
2022-06-03,Plumas,063,18699,3163,3138,383,3521,13
2022-06-03,Riverside,065,2383286,614170,610369,29511,639880,6481
2022-06-03,Sacramento,067,1510023,301202,297787,29750,327537,3052
2022-06-03,San Benito,069,59416,13791,13572,635,14207,99
2022-06-03,San Bernardino,071,2135413,593486,582305,25910,608215,7664
2022-06-03,San Diego,073,3302833,799105,794822,57912,852734,5303
2022-06-03,San Francisco,075,870044,148276,145876,9704,155580,881
2022-06-03,San Joaquin,077,732212,174542,172621,11239,183860,2242
2022-06-03,San Luis Obispo,079,281455,55983,55333,4742,60075,484
2022-06-03,San Mateo,081,765935,140971,138536,8700,147236,710
2022-06-03,Santa Barbara,083,443738,91785,90911,5245,96156,693
2022-06-03,Santa Clara,085,1922200,360882,351492,15126,366618,2317
2022-06-03,Santa Cruz,087,273765,52945,52333,2513,54846,263
2022-06-03,Shasta,089,179085,31440,31272,6254,37526,565
2022-06-03,Sierra,091,2930,279,278,56,334,4
2022-06-03,Siskiyou,093,43540,4600,4591,2842,7433,81
2022-06-03,Solano,095,438530,89342,87571,6268,93839,452
2022-06-03,Sonoma,097,501317,92780,91518,3843,95361,491
2022-06-03,Stanislaus,099,539301,122076,121001,18673,139674,1661
2022-06-03,Sutter,101,95872,21211,21125,2219,23344,227
2022-06-03,Tehama,103,63373,12319,12262,2664,14926,204
2022-06-03,Trinity,105,12862,1211,1204,291,1495,20
2022-06-03,Tulare,107,460477,109084,108598,29127,137725,1490
2022-06-03,Tuolumne,109,53932,13415,13251,634,13885,189
2022-06-03,Ventura,111,848112,182958,181709,10953,192662,1505
2022-06-03,Yolo,113,214977,41197,39561,3265,42826,321
2022-06-03,Yuba,115,75493,16549,16467,1356,17823,122
2022-06-02,Alameda,001,1643700,289647,285785,15967,301752,1873
2022-06-02,Alpine,002,1148,128,128,1,129,0
2022-06-02,Amador,005,37829,8881,8775,706,9481,87
2022-06-02,Butte,007,227075,34554,34129,7557,41686,427
2022-06-02,Calaveras,009,45235,7558,7525,393,7918,121
2022-06-02,Colusa,011,21464,3504,3484,1076,4560,21
2022-06-02,Contra Costa,013,1133247,213177,206711,15894,222605,1310
2022-06-02,Del Norte,015,27424,6265,6206,253,6459,52
2022-06-02,El Dorado,017,186661,28436,28241,3490,31731,214
2022-06-02,Fresno,019,978130,242992,237945,25632,263577,2766
2022-06-02,Glenn,021,27897,5109,5063,1655,6718,48
2022-06-02,Humboldt,023,135768,18584,18433,3619,22052,147
2022-06-02,Imperial,025,180216,56924,56690,10949,67639,941
2022-06-02,Inyo,027,18085,4196,4176,573,4749,56
2022-06-02,Kern,029,883053,196705,195863,47984,243847,2338
2022-06-02,Kings,031,150075,52753,52597,3594,56191,447
2022-06-02,Lake,033,64148,11153,11064,947,12011,137
2022-06-02,Lassen,035,31185,9135,9106,898,10004,64
2022-06-02,Los Angeles,037,10098052,2869453,2846989,134886,2981875,31899
2022-06-02,Madera,039,155013,38399,38188,6448,44636,372
2022-06-02,Marin,041,260295,29869,37879,4069,41948,294
2022-06-02,Mariposa,043,17540,2612,2557,243,2800,30
2022-06-02,Mendocino,045,87422,13869,13738,3494,17232,125
2022-06-02,Merced,047,269075,65290,63756,9548,73304,825
2022-06-02,Modoc,049,8938,761,759,258,1017,8
2022-06-02,Mono,051,14174,3046,3037,164,3201,6
2022-06-02,Monterey,053,433212,83092,82451,15764,98215,738
2022-06-02,Napa,055,140530,28052,27686,1158,28844,143
2022-06-02,Nevada,057,99092,16903,16728,1358,18086,127
2022-06-02,Orange,059,3164182,578891,574146,46603,620749,7038
2022-06-02,Placer,061,380077,67068,66428,8062,74490,627
2022-06-02,Plumas,063,18699,3154,3138,383,3521,13
2022-06-02,Riverside,065,2383286,613487,610369,29453,639822,6481
2022-06-02,Sacramento,067,1510023,300559,297787,29644,327431,3052
2022-06-02,San Benito,069,59416,13758,13572,633,14205,99
2022-06-02,San Bernardino,071,2135413,592816,582305,25864,608169,7664
2022-06-02,San Diego,073,3302833,797731,794822,57743,852565,5303
2022-06-02,San Francisco,075,870044,147857,145876,9655,155531,881
2022-06-02,San Joaquin,077,732212,174231,172621,11206,183827,2242
2022-06-02,San Luis Obispo,079,281455,55853,55333,4707,60040,484
2022-06-02,San Mateo,081,765935,140589,138536,8648,147184,710
2022-06-02,Santa Barbara,083,443738,91611,90911,5230,96141,693
2022-06-02,Santa Clara,085,1922200,359791,351492,15006,366498,2317
2022-06-02,Santa Cruz,087,273765,52829,52333,2502,54835,263
2022-06-02,Shasta,089,179085,31410,31272,6247,37519,565
2022-06-02,Sierra,091,2930,279,278,56,334,4
2022-06-02,Siskiyou,093,43540,4593,4591,2833,7424,81
2022-06-02,Solano,095,438530,89066,87571,6258,93829,452
2022-06-02,Sonoma,097,501317,92554,91518,3817,95335,491
2022-06-02,Stanislaus,099,539301,121916,121001,18644,139645,1661
2022-06-02,Sutter,101,95872,21184,21125,2213,23338,227
2022-06-02,Tehama,103,63373,12307,12262,2657,14919,204
2022-06-02,Trinity,105,12862,1209,1204,291,1495,20
2022-06-02,Tulare,107,460477,108952,108598,29060,137658,1490
2022-06-02,Tuolumne,109,53932,13396,13251,632,13883,189
2022-06-02,Ventura,111,848112,182687,181709,10919,192628,1505
2022-06-02,Yolo,113,214977,41088,39561,3255,42816,321
2022-06-02,Yuba,115,75493,16528,16467,1349,17816,122
2022-06-01,Alameda,001,1643700,288635,284051,15912,299963,1868
2022-06-01,Alpine,002,1148,128,128,1,129,0
2022-06-01,Amador,005,37829,8875,8741,704,9445,87
2022-06-01,Butte,007,227075,34484,34059,7543,41602,427
2022-06-01,Calaveras,009,45235,7553,7502,390,7892,120
2022-06-01,Colusa,011,21464,3501,3476,1076,4552,21
2022-06-01,Contra Costa,013,1133247,212532,205699,15817,221516,1310
2022-06-01,Del Norte,015,27424,6255,6188,252,6440,51
2022-06-01,El Dorado,017,186661,28375,28133,3472,31605,214
2022-06-01,Fresno,019,978130,242633,237367,25577,262944,2765
2022-06-01,Glenn,021,27897,5104,5059,1654,6713,48
2022-06-01,Humboldt,023,135768,18541,18371,3596,21967,147
2022-06-01,Imperial,025,180216,56856,56445,10922,67367,938
2022-06-01,Inyo,027,18085,4192,4171,567,4738,56
2022-06-01,Kern,029,883053,196479,195438,47901,243339,2336
2022-06-01,Kings,031,150075,52695,52491,3590,56081,447
2022-06-01,Lake,033,64148,11132,11024,942,11966,137
2022-06-01,Lassen,035,31185,9121,9083,897,9980,64
2022-06-01,Los Angeles,037,10098052,2864059,2836856,134454,2971310,31882
2022-06-01,Madera,039,155013,38361,38115,6434,44549,372
2022-06-01,Marin,041,260295,29753,37654,4029,41683,293
2022-06-01,Mariposa,043,17540,2597,2549,242,2791,30
2022-06-01,Mendocino,045,87422,13842,13692,3478,17170,125
2022-06-01,Merced,047,269075,65211,63637,9528,73165,824
2022-06-01,Modoc,049,8938,758,755,257,1012,8
2022-06-01,Mono,051,14174,3044,3035,163,3198,6
2022-06-01,Monterey,053,433212,82938,82215,15701,97916,737
2022-06-01,Napa,055,140530,27973,27580,1148,28728,143
2022-06-01,Nevada,057,99092,16864,16693,1349,18042,127
2022-06-01,Orange,059,3164182,577631,571973,46434,618407,7032
2022-06-01,Placer,061,380077,66926,66199,8030,74229,627
2022-06-01,Plumas,063,18699,3147,3117,382,3499,13
2022-06-01,Riverside,065,2383286,612747,608913,29407,638320,6480
2022-06-01,Sacramento,067,1510023,299803,296457,29535,325992,3045
2022-06-01,San Benito,069,59416,13720,13510,622,14132,98
2022-06-01,San Bernardino,071,2135413,592102,580767,25826,606593,7641
2022-06-01,San Diego,073,3302833,796041,791557,57545,849102,5292
2022-06-01,San Francisco,075,870044,147338,144476,9617,154093,879
2022-06-01,San Joaquin,077,732212,173932,172170,11177,183347,2241
2022-06-01,San Luis Obispo,079,281455,55686,55099,4674,59773,482
2022-06-01,San Mateo,081,765935,140105,137566,8573,146139,710
2022-06-01,Santa Barbara,083,443738,91428,90531,5215,95746,693
2022-06-01,Santa Clara,085,1922200,358629,348742,14915,363657,2317
2022-06-01,Santa Cruz,087,273765,52716,52141,2492,54633,263
2022-06-01,Shasta,089,179085,31379,31247,6244,37491,564
2022-06-01,Sierra,091,2930,279,280,56,336,4
2022-06-01,Siskiyou,093,43540,4587,4574,2828,7402,81
2022-06-01,Solano,095,438530,88829,87206,6230,93436,452
2022-06-01,Sonoma,097,501317,92300,91174,3793,94967,491
2022-06-01,Stanislaus,099,539301,121726,120778,18622,139400,1656
2022-06-01,Sutter,101,95872,21155,21065,2209,23274,227
2022-06-01,Tehama,103,63373,12300,12245,2653,14898,204
2022-06-01,Trinity,105,12862,1208,1200,290,1490,20
2022-06-01,Tulare,107,460477,108840,108401,29004,137405,1490
2022-06-01,Tuolumne,109,53932,13381,13221,631,13852,189
2022-06-01,Ventura,111,848112,182404,181163,10888,192051,1503
2022-06-01,Yolo,113,214977,41005,39371,3244,42615,320
2022-06-01,Yuba,115,75493,16504,16406,1341,17747,122
2022-05-31,Alameda,001,1643700,287530,284051,15858,299909,1868
2022-05-31,Alpine,002,1148,128,128,1,129,0
2022-05-31,Amador,005,37829,8857,8741,698,9439,87
2022-05-31,Butte,007,227075,34423,34059,7525,41584,427
2022-05-31,Calaveras,009,45235,7542,7502,390,7892,120
2022-05-31,Colusa,011,21464,3496,3476,1075,4551,21
2022-05-31,Contra Costa,013,1133247,211778,205699,15722,221421,1310
2022-05-31,Del Norte,015,27424,6246,6188,250,6438,51
2022-05-31,El Dorado,017,186661,28314,28133,3452,31585,214
2022-05-31,Fresno,019,978130,242230,237367,25508,262875,2765
2022-05-31,Glenn,021,27897,5096,5059,1652,6711,48
2022-05-31,Humboldt,023,135768,18510,18371,3576,21947,147
2022-05-31,Imperial,025,180216,56792,56445,10896,67341,938
2022-05-31,Inyo,027,18085,4186,4171,565,4736,56
2022-05-31,Kern,029,883053,196234,195438,47805,243243,2336
2022-05-31,Kings,031,150075,52645,52491,3584,56075,447
2022-05-31,Lake,033,64148,11113,11024,938,11962,137
2022-05-31,Lassen,035,31185,9109,9083,896,9979,64
2022-05-31,Los Angeles,037,10098052,2857990,2836856,133987,2970843,31882
2022-05-31,Madera,039,155013,38297,38115,6414,44529,372
2022-05-31,Marin,041,260295,29614,37654,3994,41648,293
2022-05-31,Mariposa,043,17540,2591,2549,237,2786,30
2022-05-31,Mendocino,045,87422,13807,13692,3461,17153,125
2022-05-31,Merced,047,269075,65124,63637,9505,73142,824
2022-05-31,Modoc,049,8938,756,755,257,1012,8
2022-05-31,Mono,051,14174,3040,3035,163,3198,6
2022-05-31,Monterey,053,433212,82778,82215,15635,97850,737
2022-05-31,Napa,055,140530,27878,27580,1145,28725,143
2022-05-31,Nevada,057,99092,16817,16693,1347,18040,127
2022-05-31,Orange,059,3164182,576388,571973,46234,618207,7032
2022-05-31,Placer,061,380077,66767,66199,8000,74199,627
2022-05-31,Plumas,063,18699,3143,3117,381,3498,13
2022-05-31,Riverside,065,2383286,611828,608913,29345,638258,6480
2022-05-31,Sacramento,067,1510023,298949,296457,29388,325845,3045
2022-05-31,San Benito,069,59416,13664,13510,617,14127,98
2022-05-31,San Bernardino,071,2135413,591220,580767,25790,606557,7641
2022-05-31,San Diego,073,3302833,794164,791557,57341,848898,5292
2022-05-31,San Francisco,075,870044,146695,144476,9575,154051,879
2022-05-31,San Joaquin,077,732212,173556,172170,11134,183304,2241
2022-05-31,San Luis Obispo,079,281455,55535,55099,4609,59708,482
2022-05-31,San Mateo,081,765935,139545,137566,8531,146097,710
2022-05-31,Santa Barbara,083,443738,91204,90531,5192,95723,693
2022-05-31,Santa Clara,085,1922200,357119,348742,14838,363580,2317
2022-05-31,Santa Cruz,087,273765,52596,52141,2472,54613,263
2022-05-31,Shasta,089,179085,31345,31247,6233,37480,564
2022-05-31,Sierra,091,2930,278,280,55,335,4
2022-05-31,Siskiyou,093,43540,4582,4574,2822,7396,81
2022-05-31,Solano,095,438530,88490,87206,6206,93412,452
2022-05-31,Sonoma,097,501317,92011,91174,3754,94928,491
2022-05-31,Stanislaus,099,539301,121521,120778,18597,139375,1656
2022-05-31,Sutter,101,95872,21126,21065,2203,23268,227
2022-05-31,Tehama,103,63373,12291,12245,2648,14893,204
2022-05-31,Trinity,105,12862,1207,1200,290,1490,20
2022-05-31,Tulare,107,460477,108704,108401,28944,137345,1490
2022-05-31,Tuolumne,109,53932,13366,13221,628,13849,189
2022-05-31,Ventura,111,848112,182084,181163,10839,192002,1503
2022-05-31,Yolo,113,214977,40832,39371,3233,42604,320
2022-05-31,Yuba,115,75493,16472,16406,1335,17741,122
2022-05-30,Alameda,001,1643700,286155,284051,15772,299823,1868
2022-05-30,Alpine,002,1148,128,128,1,129,0
2022-05-30,Amador,005,37829,8842,8741,697,9438,87
2022-05-30,Butte,007,227075,34346,34059,7502,41561,427
2022-05-30,Calaveras,009,45235,7533,7502,390,7892,120
2022-05-30,Colusa,011,21464,3494,3476,1074,4550,21
2022-05-30,Contra Costa,013,1133247,210935,205699,15586,221285,1310
2022-05-30,Del Norte,015,27424,6228,6188,249,6437,51
2022-05-30,El Dorado,017,186661,28236,28133,3432,31565,214
2022-05-30,Fresno,019,978130,241758,237367,25433,262800,2765
2022-05-30,Glenn,021,27897,5091,5059,1649,6708,48
2022-05-30,Humboldt,023,135768,18456,18371,3548,21919,147
2022-05-30,Imperial,025,180216,56711,56445,10866,67311,938
2022-05-30,Inyo,027,18085,4181,4171,564,4735,56
2022-05-30,Kern,029,883053,195953,195438,47689,243127,2336
2022-05-30,Kings,031,150075,52550,52491,3583,56074,447
2022-05-30,Lake,033,64148,11084,11024,929,11953,137
2022-05-30,Lassen,035,31185,9093,9083,893,9976,64
2022-05-30,Los Angeles,037,10098052,2850695,2836856,133483,2970339,31882
2022-05-30,Madera,039,155013,38241,38115,6374,44489,372
2022-05-30,Marin,041,260295,29488,37654,3952,41606,293
2022-05-30,Mariposa,043,17540,2568,2549,233,2782,30
2022-05-30,Mendocino,045,87422,13760,13692,3443,17135,125
2022-05-30,Merced,047,269075,65027,63637,9468,73105,824
2022-05-30,Modoc,049,8938,753,755,255,1010,8
2022-05-30,Mono,051,14174,3037,3035,163,3198,6
2022-05-30,Monterey,053,433212,82588,82215,15547,97762,737
2022-05-30,Napa,055,140530,27801,27580,1137,28717,143
2022-05-30,Nevada,057,99092,16770,16693,1342,18035,127
2022-05-30,Orange,059,3164182,574908,571973,46017,617990,7032
2022-05-30,Placer,061,380077,66627,66199,7971,74170,627
2022-05-30,Plumas,063,18699,3137,3117,378,3495,13
2022-05-30,Riverside,065,2383286,610818,608913,29267,638180,6480
2022-05-30,Sacramento,067,1510023,297996,296457,29228,325685,3045
2022-05-30,San Benito,069,59416,13602,13510,609,14119,98
2022-05-30,San Bernardino,071,2135413,590244,580767,25754,606521,7641
2022-05-30,San Diego,073,3302833,791895,791557,57048,848605,5292
2022-05-30,San Francisco,075,870044,146039,144476,9523,153999,879
2022-05-30,San Joaquin,077,732212,173158,172170,11093,183263,2241
2022-05-30,San Luis Obispo,079,281455,55328,55099,4538,59637,482
2022-05-30,San Mateo,081,765935,138863,137566,8479,146045,710
2022-05-30,Santa Barbara,083,443738,90948,90531,5158,95689,693
2022-05-30,Santa Clara,085,1922200,355564,348742,14750,363492,2317
2022-05-30,Santa Cruz,087,273765,52458,52141,2462,54603,263
2022-05-30,Shasta,089,179085,31306,31247,6226,37473,564
2022-05-30,Sierra,091,2930,278,280,55,335,4
2022-05-30,Siskiyou,093,43540,4573,4574,2810,7384,81
2022-05-30,Solano,095,438530,88142,87206,6150,93356,452
2022-05-30,Sonoma,097,501317,91725,91174,3710,94884,491
2022-05-30,Stanislaus,099,539301,121330,120778,18567,139345,1656
2022-05-30,Sutter,101,95872,21087,21065,2197,23262,227
2022-05-30,Tehama,103,63373,12275,12245,2644,14889,204
2022-05-30,Trinity,105,12862,1206,1200,290,1490,20
2022-05-30,Tulare,107,460477,108542,108401,28855,137256,1490
2022-05-30,Tuolumne,109,53932,13341,13221,624,13845,189
2022-05-30,Ventura,111,848112,181711,181163,10787,191950,1503
2022-05-30,Yolo,113,214977,40645,39371,3223,42594,320
2022-05-30,Yuba,115,75493,16444,16406,1331,17737,122
2022-05-29,Alameda,001,1643700,285668,280775,15748,296523,1863
2022-05-29,Alpine,002,1148,128,126,1,127,0
2022-05-29,Amador,005,37829,8837,8696,694,9390,86
2022-05-29,Butte,007,227075,34330,33876,7495,41371,426
2022-05-29,Calaveras,009,45235,7522,7469,390,7859,120
2022-05-29,Colusa,011,21464,3493,3474,1073,4547,21
2022-05-29,Contra Costa,013,1133247,210590,203528,15561,219089,1306
2022-05-29,Del Norte,015,27424,6226,6166,248,6414,51
2022-05-29,El Dorado,017,186661,28210,27898,3429,31327,214
2022-05-29,Fresno,019,978130,241628,236250,25413,261663,2764
2022-05-29,Glenn,021,27897,5086,5048,1649,6697,48
2022-05-29,Humboldt,023,135768,18435,18257,3537,21794,147
2022-05-29,Imperial,025,180216,56673,56323,10849,67172,939
2022-05-29,Inyo,027,18085,4180,4161,564,4725,56
2022-05-29,Kern,029,883053,195855,194687,47624,242311,2334
2022-05-29,Kings,031,150075,52524,52292,3583,55875,447
2022-05-29,Lake,033,64148,11075,10958,927,11885,137
2022-05-29,Lassen,035,31185,9089,9049,893,9942,64
2022-05-29,Los Angeles,037,10098052,2848454,2819145,133211,2952356,31862
2022-05-29,Madera,039,155013,38218,37955,6369,44324,371
2022-05-29,Marin,041,260295,29419,37215,3920,41135,293
2022-05-29,Mariposa,043,17540,2563,2526,233,2759,31
2022-05-29,Mendocino,045,87422,13739,13612,3442,17054,124
2022-05-29,Merced,047,269075,65006,63389,9465,72854,824
2022-05-29,Modoc,049,8938,753,751,255,1006,8
2022-05-29,Mono,051,14174,3036,3030,163,3193,6
2022-05-29,Monterey,053,433212,82523,81875,15503,97378,737
2022-05-29,Napa,055,140530,27765,27376,1136,28512,144
2022-05-29,Nevada,057,99092,16755,16568,1340,17908,127
2022-05-29,Orange,059,3164182,574331,568369,45839,614208,7028
2022-05-29,Placer,061,380077,66558,65672,7961,73633,626
2022-05-29,Plumas,063,18699,3130,3096,378,3474,13
2022-05-29,Riverside,065,2383286,610471,606444,29233,635677,6480
2022-05-29,Sacramento,067,1510023,297538,294000,29197,323197,3032
2022-05-29,San Benito,069,59416,13596,13402,607,14009,98
2022-05-29,San Bernardino,071,2135413,589950,578656,25738,604394,7610
2022-05-29,San Diego,073,3302833,791154,786243,56969,843212,5288
2022-05-29,San Francisco,075,870044,145611,142456,9514,151970,879
2022-05-29,San Joaquin,077,732212,172996,171282,11076,182358,2241
2022-05-29,San Luis Obispo,079,281455,55276,54701,4526,59227,481
2022-05-29,San Mateo,081,765935,138608,135746,8466,144212,710
2022-05-29,Santa Barbara,083,443738,90818,89940,5157,95097,693
2022-05-29,Santa Clara,085,1922200,354769,344223,14711,358934,2304
2022-05-29,Santa Cruz,087,273765,52382,51819,2456,54275,263
2022-05-29,Shasta,089,179085,31294,31165,6222,37387,564
2022-05-29,Sierra,091,2930,278,278,55,333,4
2022-05-29,Siskiyou,093,43540,4568,4537,2808,7345,81
2022-05-29,Solano,095,438530,88087,86565,6139,92704,452
2022-05-29,Sonoma,097,501317,91632,90364,3695,94059,490
2022-05-29,Stanislaus,099,539301,121231,120241,18548,138789,1657
2022-05-29,Sutter,101,95872,21067,20976,2197,23173,227
2022-05-29,Tehama,103,63373,12265,12210,2643,14853,204
2022-05-29,Trinity,105,12862,1205,1196,290,1486,20
2022-05-29,Tulare,107,460477,108457,108029,28810,136839,1484
2022-05-29,Tuolumne,109,53932,13326,13141,624,13765,189
2022-05-29,Ventura,111,848112,181566,179953,10777,190730,1503
2022-05-29,Yolo,113,214977,40593,39016,3220,42236,319
2022-05-29,Yuba,115,75493,16428,16314,1327,17641,122
2022-05-28,Alameda,001,1643700,285291,280775,15721,296496,1863
2022-05-28,Alpine,002,1148,128,126,1,127,0
2022-05-28,Amador,005,37829,8828,8696,694,9390,86
2022-05-28,Butte,007,227075,34306,33876,7479,41355,426
2022-05-28,Calaveras,009,45235,7518,7469,390,7859,120
2022-05-28,Colusa,011,21464,3488,3474,1072,4546,21
2022-05-28,Contra Costa,013,1133247,210322,203528,15537,219065,1306
2022-05-28,Del Norte,015,27424,6222,6166,246,6412,51
2022-05-28,El Dorado,017,186661,28180,27898,3428,31326,214
2022-05-28,Fresno,019,978130,241470,236250,25380,261630,2764
2022-05-28,Glenn,021,27897,5083,5048,1649,6697,48
2022-05-28,Humboldt,023,135768,18411,18257,3527,21784,147
2022-05-28,Imperial,025,180216,56647,56323,10839,67162,939
2022-05-28,Inyo,027,18085,4180,4161,562,4723,56
2022-05-28,Kern,029,883053,195756,194687,47574,242261,2334
2022-05-28,Kings,031,150075,52500,52292,3582,55874,447
2022-05-28,Lake,033,64148,11065,10958,927,11885,137
2022-05-28,Lassen,035,31185,9084,9049,893,9942,64
2022-05-28,Los Angeles,037,10098052,2846473,2819145,132944,2952089,31862
2022-05-28,Madera,039,155013,38201,37955,6366,44321,371
2022-05-28,Marin,041,260295,29352,37215,3890,41105,293
2022-05-28,Mariposa,043,17540,2559,2526,233,2759,31
2022-05-28,Mendocino,045,87422,13727,13612,3442,17054,124
2022-05-28,Merced,047,269075,64973,63389,9459,72848,824
2022-05-28,Modoc,049,8938,753,751,255,1006,8
2022-05-28,Mono,051,14174,3036,3030,162,3192,6
2022-05-28,Monterey,053,433212,82455,81875,15471,97346,737
2022-05-28,Napa,055,140530,27720,27376,1135,28511,144
2022-05-28,Nevada,057,99092,16743,16568,1338,17906,127
2022-05-28,Orange,059,3164182,573815,568369,45718,614087,7028
2022-05-28,Placer,061,380077,66485,65672,7948,73620,626
2022-05-28,Plumas,063,18699,3124,3096,377,3473,13
2022-05-28,Riverside,065,2383286,610091,606444,29205,635649,6480
2022-05-28,Sacramento,067,1510023,297265,294000,29177,323177,3032
2022-05-28,San Benito,069,59416,13581,13402,607,14009,98
2022-05-28,San Bernardino,071,2135413,589587,578656,25711,604367,7610
2022-05-28,San Diego,073,3302833,790497,786243,56917,843160,5288
2022-05-28,San Francisco,075,870044,145304,142456,9493,151949,879
2022-05-28,San Joaquin,077,732212,172893,171282,11060,182342,2241
2022-05-28,San Luis Obispo,079,281455,55241,54701,4523,59224,481
2022-05-28,San Mateo,081,765935,138330,135746,8439,144185,710
2022-05-28,Santa Barbara,083,443738,90718,89940,5147,95087,693
2022-05-28,Santa Clara,085,1922200,353983,344223,14684,358907,2304
2022-05-28,Santa Cruz,087,273765,52342,51819,2448,54267,263
2022-05-28,Shasta,089,179085,31283,31165,6217,37382,564
2022-05-28,Sierra,091,2930,278,278,54,332,4
2022-05-28,Siskiyou,093,43540,4560,4537,2804,7341,81
2022-05-28,Solano,095,438530,88013,86565,6129,92694,452
2022-05-28,Sonoma,097,501317,91490,90364,3684,94048,490
2022-05-28,Stanislaus,099,539301,121132,120241,18540,138781,1657
2022-05-28,Sutter,101,95872,21052,20976,2195,23171,227
2022-05-28,Tehama,103,63373,12253,12210,2640,14850,204
2022-05-28,Trinity,105,12862,1204,1196,290,1486,20
2022-05-28,Tulare,107,460477,108402,108029,28776,136805,1484
2022-05-28,Tuolumne,109,53932,13310,13141,623,13764,189
2022-05-28,Ventura,111,848112,181400,179953,10757,190710,1503
2022-05-28,Yolo,113,214977,40539,39016,3213,42229,319
2022-05-28,Yuba,115,75493,16414,16314,1325,17639,122
2022-05-27,Alameda,001,1643700,284816,280775,15680,296455,1863
2022-05-27,Alpine,002,1148,127,126,1,127,0
2022-05-27,Amador,005,37829,8823,8696,694,9390,86
2022-05-27,Butte,007,227075,34280,33876,7464,41340,426
2022-05-27,Calaveras,009,45235,7511,7469,390,7859,120
2022-05-27,Colusa,011,21464,3488,3474,1072,4546,21
2022-05-27,Contra Costa,013,1133247,210038,203528,15505,219033,1306
2022-05-27,Del Norte,015,27424,6216,6166,246,6412,51
2022-05-27,El Dorado,017,186661,28156,27898,3420,31318,214
2022-05-27,Fresno,019,978130,241296,236250,25348,261598,2764
2022-05-27,Glenn,021,27897,5081,5048,1648,6696,48
2022-05-27,Humboldt,023,135768,18401,18257,3521,21778,147
2022-05-27,Imperial,025,180216,56563,56323,10834,67157,939
2022-05-27,Inyo,027,18085,4178,4161,561,4722,56
2022-05-27,Kern,029,883053,195647,194687,47506,242193,2334
2022-05-27,Kings,031,150075,52472,52292,3579,55871,447
2022-05-27,Lake,033,64148,11059,10958,925,11883,137
2022-05-27,Lassen,035,31185,9080,9049,893,9942,64
2022-05-27,Los Angeles,037,10098052,2844123,2819145,132698,2951843,31862
2022-05-27,Madera,039,155013,38167,37955,6357,44312,371
2022-05-27,Marin,041,260295,29283,37215,3856,41071,293
2022-05-27,Mariposa,043,17540,2553,2526,233,2759,31
2022-05-27,Mendocino,045,87422,13710,13612,3438,17050,124
2022-05-27,Merced,047,269075,64932,63389,9454,72843,824
2022-05-27,Modoc,049,8938,753,751,255,1006,8
2022-05-27,Mono,051,14174,3035,3030,162,3192,6
2022-05-27,Monterey,053,433212,82396,81875,15426,97301,737
2022-05-27,Napa,055,140530,27686,27376,1132,28508,144
2022-05-27,Nevada,057,99092,16732,16568,1334,17902,127
2022-05-27,Orange,059,3164182,573253,568369,45606,613975,7028
2022-05-27,Placer,061,380077,66415,65672,7938,73610,626
2022-05-27,Plumas,063,18699,3121,3096,377,3473,13
2022-05-27,Riverside,065,2383286,609676,606444,29173,635617,6480
2022-05-27,Sacramento,067,1510023,296888,294000,29135,323135,3032
2022-05-27,San Benito,069,59416,13569,13402,607,14009,98
2022-05-27,San Bernardino,071,2135413,589249,578656,25686,604342,7610
2022-05-27,San Diego,073,3302833,789621,786243,56826,843069,5288
2022-05-27,San Francisco,075,870044,144972,142456,9453,151909,879
2022-05-27,San Joaquin,077,732212,172761,171282,11039,182321,2241
2022-05-27,San Luis Obispo,079,281455,55178,54701,4512,59213,481
2022-05-27,San Mateo,081,765935,138079,135746,8415,144161,710
2022-05-27,Santa Barbara,083,443738,90629,89940,5146,95086,693
2022-05-27,Santa Clara,085,1922200,353239,344223,14668,358891,2304
2022-05-27,Santa Cruz,087,273765,52287,51819,2436,54255,263
2022-05-27,Shasta,089,179085,31273,31165,6211,37376,564
2022-05-27,Sierra,091,2930,278,278,54,332,4
2022-05-27,Siskiyou,093,43540,4558,4537,2802,7339,81
2022-05-27,Solano,095,438530,87885,86565,6118,92683,452
2022-05-27,Sonoma,097,501317,91345,90364,3672,94036,490
2022-05-27,Stanislaus,099,539301,121050,120241,18525,138766,1657
2022-05-27,Sutter,101,95872,21035,20976,2194,23170,227
2022-05-27,Tehama,103,63373,12250,12210,2639,14849,204
2022-05-27,Trinity,105,12862,1204,1196,290,1486,20
2022-05-27,Tulare,107,460477,108334,108029,28739,136768,1484
2022-05-27,Tuolumne,109,53932,13300,13141,622,13763,189
2022-05-27,Ventura,111,848112,181224,179953,10734,190687,1503
2022-05-27,Yolo,113,214977,40468,39016,3205,42221,319
2022-05-27,Yuba,115,75493,16400,16314,1324,17638,122
2022-05-26,Alameda,001,1643700,283965,280775,15605,296380,1863
2022-05-26,Alpine,002,1148,127,126,1,127,0
2022-05-26,Amador,005,37829,8810,8696,694,9390,86
2022-05-26,Butte,007,227075,34224,33876,7442,41318,426
2022-05-26,Calaveras,009,45235,7501,7469,390,7859,120
2022-05-26,Colusa,011,21464,3485,3474,1069,4543,21
2022-05-26,Contra Costa,013,1133247,209559,203528,15433,218961,1306
2022-05-26,Del Norte,015,27424,6208,6166,242,6408,51
2022-05-26,El Dorado,017,186661,28107,27898,3409,31307,214
2022-05-26,Fresno,019,978130,241040,236250,25292,261542,2764
2022-05-26,Glenn,021,27897,5075,5048,1648,6696,48
2022-05-26,Humboldt,023,135768,18360,18257,3508,21765,147
2022-05-26,Imperial,025,180216,56531,56323,10819,67142,939
2022-05-26,Inyo,027,18085,4177,4161,558,4719,56
2022-05-26,Kern,029,883053,195483,194687,47431,242118,2334
2022-05-26,Kings,031,150075,52425,52292,3576,55868,447
2022-05-26,Lake,033,64148,11044,10958,925,11883,137
2022-05-26,Lassen,035,31185,9071,9049,893,9942,64
2022-05-26,Los Angeles,037,10098052,2839954,2819145,132364,2951509,31862
2022-05-26,Madera,039,155013,38123,37955,6346,44301,371
2022-05-26,Marin,041,260295,29188,37215,3815,41030,293
2022-05-26,Mariposa,043,17540,2548,2526,231,2757,31
2022-05-26,Mendocino,045,87422,13684,13612,3429,17041,124
2022-05-26,Merced,047,269075,64867,63389,9444,72833,824
2022-05-26,Modoc,049,8938,752,751,255,1006,8
2022-05-26,Mono,051,14174,3034,3030,161,3191,6
2022-05-26,Monterey,053,433212,82317,81875,15373,97248,737
2022-05-26,Napa,055,140530,27634,27376,1130,28506,144
2022-05-26,Nevada,057,99092,16701,16568,1325,17893,127
2022-05-26,Orange,059,3164182,572344,568369,45481,613850,7028
2022-05-26,Placer,061,380077,66274,65672,7918,73590,626
2022-05-26,Plumas,063,18699,3117,3096,376,3472,13
2022-05-26,Riverside,065,2383286,609059,606444,29122,635566,6480
2022-05-26,Sacramento,067,1510023,296232,294000,29042,323042,3032
2022-05-26,San Benito,069,59416,13553,13402,605,14007,98
2022-05-26,San Bernardino,071,2135413,588703,578656,25671,604327,7610
2022-05-26,San Diego,073,3302833,788317,786243,56686,842929,5288
2022-05-26,San Francisco,075,870044,144515,142456,9406,151862,879
2022-05-26,San Joaquin,077,732212,172537,171282,11015,182297,2241
2022-05-26,San Luis Obispo,079,281455,55079,54701,4481,59182,481
2022-05-26,San Mateo,081,765935,137686,135746,8377,144123,710
2022-05-26,Santa Barbara,083,443738,90481,89940,5126,95066,693
2022-05-26,Santa Clara,085,1922200,352277,344223,14582,358805,2304
2022-05-26,Santa Cruz,087,273765,52196,51819,2428,54247,263
2022-05-26,Shasta,089,179085,31246,31165,6208,37373,564
2022-05-26,Sierra,091,2930,278,278,54,332,4
2022-05-26,Siskiyou,093,43540,4554,4537,2800,7337,81
2022-05-26,Solano,095,438530,87682,86565,6109,92674,452
2022-05-26,Sonoma,097,501317,91154,90364,3645,94009,490
2022-05-26,Stanislaus,099,539301,120946,120241,18506,138747,1657
2022-05-26,Sutter,101,95872,21015,20976,2190,23166,227
2022-05-26,Tehama,103,63373,12240,12210,2638,14848,204
2022-05-26,Trinity,105,12862,1202,1196,290,1486,20
2022-05-26,Tulare,107,460477,108268,108029,28684,136713,1484
2022-05-26,Tuolumne,109,53932,13280,13141,618,13759,189
2022-05-26,Ventura,111,848112,180962,179953,10697,190650,1503
2022-05-26,Yolo,113,214977,40365,39016,3196,42212,319
2022-05-26,Yuba,115,75493,16384,16314,1322,17636,122
2022-05-25,Alameda,001,1643700,283061,278228,15548,293776,1860
2022-05-25,Alpine,002,1148,126,126,1,127,0
2022-05-25,Amador,005,37829,8793,8654,692,9346,86
2022-05-25,Butte,007,227075,34162,33755,7419,41174,426
2022-05-25,Calaveras,009,45235,7493,7450,388,7838,120
2022-05-25,Colusa,011,21464,3484,3471,1067,4538,21
2022-05-25,Contra Costa,013,1133247,209007,201866,15359,217225,1306
2022-05-25,Del Norte,015,27424,6202,6145,236,6381,50
2022-05-25,El Dorado,017,186661,28056,27715,3400,31115,213
2022-05-25,Fresno,019,978130,240751,235569,25241,260810,2763
2022-05-25,Glenn,021,27897,5070,5030,1646,6676,48
2022-05-25,Humboldt,023,135768,18334,18133,3489,21622,147
2022-05-25,Imperial,025,180216,56475,56203,10807,67010,923
2022-05-25,Inyo,027,18085,4174,4152,558,4710,56
2022-05-25,Kern,029,883053,195289,194251,47344,241595,2336
2022-05-25,Kings,031,150075,52372,52178,3572,55750,447
2022-05-25,Lake,033,64148,11031,10908,924,11832,137
2022-05-25,Lassen,035,31185,9064,9028,893,9921,64
2022-05-25,Los Angeles,037,10098052,2835328,2806770,131994,2938764,31845
2022-05-25,Madera,039,155013,38084,37867,6333,44200,370
2022-05-25,Marin,041,260295,29088,36890,3787,40677,293
2022-05-25,Mariposa,043,17540,2538,2514,229,2743,30
2022-05-25,Mendocino,045,87422,13669,13545,3423,16968,124
2022-05-25,Merced,047,269075,64800,63220,9414,72634,823
2022-05-25,Modoc,049,8938,751,750,254,1004,8
2022-05-25,Mono,051,14174,3034,3024,160,3184,6
2022-05-25,Monterey,053,433212,82252,81592,15330,96922,737
2022-05-25,Napa,055,140530,27585,27240,1124,28364,143
2022-05-25,Nevada,057,99092,16666,16517,1319,17836,127
2022-05-25,Orange,059,3164182,571323,565564,45323,610887,7026
2022-05-25,Placer,061,380077,66130,65309,7896,73205,626
2022-05-25,Plumas,063,18699,3111,3065,375,3440,13
2022-05-25,Riverside,065,2383286,608379,604465,29070,633535,6480
2022-05-25,Sacramento,067,1510023,295588,292211,28930,321141,3028
2022-05-25,San Benito,069,59416,13518,13338,598,13936,98
2022-05-25,San Bernardino,071,2135413,588173,576982,25645,602627,7568
2022-05-25,San Diego,073,3302833,786852,782420,56500,838920,5284
2022-05-25,San Francisco,075,870044,144013,141015,9378,150393,872
2022-05-25,San Joaquin,077,732212,172300,170626,10994,181620,2238
2022-05-25,San Luis Obispo,079,281455,54972,54342,4429,58771,481
2022-05-25,San Mateo,081,765935,137227,134441,8312,142753,710
2022-05-25,Santa Barbara,083,443738,90314,89426,5111,94537,693
2022-05-25,Santa Clara,085,1922200,351208,340868,14476,355344,2304
2022-05-25,Santa Cruz,087,273765,52112,51644,2413,54057,263
2022-05-25,Shasta,089,179085,31221,31072,6199,37271,564
2022-05-25,Sierra,091,2930,278,277,54,331,4
2022-05-25,Siskiyou,093,43540,4544,4516,2797,7313,81
2022-05-25,Solano,095,438530,87466,86024,6092,92116,451
2022-05-25,Sonoma,097,501317,90962,89810,3606,93416,490
2022-05-25,Stanislaus,099,539301,120811,119894,18483,138377,1654
2022-05-25,Sutter,101,95872,20990,20904,2187,23091,226
2022-05-25,Tehama,103,63373,12234,12189,2634,14823,201
2022-05-25,Trinity,105,12862,1202,1194,290,1484,20
2022-05-25,Tulare,107,460477,108183,107790,28641,136431,1482
2022-05-25,Tuolumne,109,53932,13258,13086,615,13701,182
2022-05-25,Ventura,111,848112,180672,179116,10660,189776,1499
2022-05-25,Yolo,113,214977,40271,38782,3186,41968,319
2022-05-25,Yuba,115,75493,16357,16260,1316,17576,122
2022-05-24,Alameda,001,1643700,282178,278228,15489,293717,1860
2022-05-24,Alpine,002,1148,126,126,1,127,0
2022-05-24,Amador,005,37829,8786,8654,688,9342,86
2022-05-24,Butte,007,227075,34118,33755,7397,41152,426
2022-05-24,Calaveras,009,45235,7486,7450,386,7836,120
2022-05-24,Colusa,011,21464,3482,3471,1065,4536,21
2022-05-24,Contra Costa,013,1133247,208355,201866,15259,217125,1306
2022-05-24,Del Norte,015,27424,6197,6145,234,6379,50
2022-05-24,El Dorado,017,186661,27987,27715,3393,31108,213
2022-05-24,Fresno,019,978130,240438,235569,25204,260773,2763
2022-05-24,Glenn,021,27897,5068,5030,1646,6676,48
2022-05-24,Humboldt,023,135768,18302,18133,3471,21604,147
2022-05-24,Imperial,025,180216,56422,56203,10794,66997,923
2022-05-24,Inyo,027,18085,4166,4152,555,4707,56
2022-05-24,Kern,029,883053,195093,194251,47238,241489,2336
2022-05-24,Kings,031,150075,52307,52178,3567,55745,447
2022-05-24,Lake,033,64148,11014,10908,922,11830,137
2022-05-24,Lassen,035,31185,9051,9028,889,9917,64
2022-05-24,Los Angeles,037,10098052,2830058,2806770,131605,2938375,31845
2022-05-24,Madera,039,155013,38037,37867,6318,44185,370
2022-05-24,Marin,041,260295,28979,36890,3738,40628,293
2022-05-24,Mariposa,043,17540,2531,2514,227,2741,30
2022-05-24,Mendocino,045,87422,13645,13545,3413,16958,124
2022-05-24,Merced,047,269075,64740,63220,9383,72603,823
2022-05-24,Modoc,049,8938,750,750,253,1003,8
2022-05-24,Mono,051,14174,3031,3024,160,3184,6
2022-05-24,Monterey,053,433212,82162,81592,15269,96861,737
2022-05-24,Napa,055,140530,27533,27240,1112,28352,143
2022-05-24,Nevada,057,99092,16624,16517,1312,17829,127
2022-05-24,Orange,059,3164182,570269,565564,45151,610715,7026
2022-05-24,Placer,061,380077,66027,65309,7880,73189,626
2022-05-24,Plumas,063,18699,3105,3065,375,3440,13
2022-05-24,Riverside,065,2383286,607685,604465,29021,633486,6480
2022-05-24,Sacramento,067,1510023,294902,292211,28808,321019,3028
2022-05-24,San Benito,069,59416,13483,13338,596,13934,98
2022-05-24,San Bernardino,071,2135413,587548,576982,25616,602598,7568
2022-05-24,San Diego,073,3302833,785203,782420,56286,838706,5284
2022-05-24,San Francisco,075,870044,143475,141015,9351,150366,872
2022-05-24,San Joaquin,077,732212,172031,170626,10962,181588,2238
2022-05-24,San Luis Obispo,079,281455,54821,54342,4376,58718,481
2022-05-24,San Mateo,081,765935,136687,134441,8258,142699,710
2022-05-24,Santa Barbara,083,443738,90151,89426,5084,94510,693
2022-05-24,Santa Clara,085,1922200,349918,340868,14386,355254,2304
2022-05-24,Santa Cruz,087,273765,52035,51644,2403,54047,263
2022-05-24,Shasta,089,179085,31196,31072,6187,37259,564
2022-05-24,Sierra,091,2930,278,277,54,331,4
2022-05-24,Siskiyou,093,43540,4534,4516,2789,7305,81
2022-05-24,Solano,095,438530,87230,86024,6065,92089,451
2022-05-24,Sonoma,097,501317,90753,89810,3568,93378,490
2022-05-24,Stanislaus,099,539301,120670,119894,18447,138341,1654
2022-05-24,Sutter,101,95872,20969,20904,2183,23087,226
2022-05-24,Tehama,103,63373,12225,12189,2632,14821,201
2022-05-24,Trinity,105,12862,1199,1194,290,1484,20
2022-05-24,Tulare,107,460477,108062,107790,28587,136377,1482
2022-05-24,Tuolumne,109,53932,13243,13086,615,13701,182
2022-05-24,Ventura,111,848112,180361,179116,10610,189726,1499
2022-05-24,Yolo,113,214977,40167,38782,3181,41963,319
2022-05-24,Yuba,115,75493,16330,16260,1308,17568,122
2022-05-23,Alameda,001,1643700,281242,278228,15400,293628,1860
2022-05-23,Alpine,002,1148,126,126,1,127,0
2022-05-23,Amador,005,37829,8753,8654,685,9339,86
2022-05-23,Butte,007,227075,34070,33755,7369,41124,426
2022-05-23,Calaveras,009,45235,7479,7450,384,7834,120
2022-05-23,Colusa,011,21464,3481,3471,1063,4534,21
2022-05-23,Contra Costa,013,1133247,207613,201866,15177,217043,1306
2022-05-23,Del Norte,015,27424,6192,6145,230,6375,50
2022-05-23,El Dorado,017,186661,27904,27715,3384,31099,213
2022-05-23,Fresno,019,978130,240089,235569,25135,260704,2763
2022-05-23,Glenn,021,27897,5064,5030,1642,6672,48
2022-05-23,Humboldt,023,135768,18275,18133,3449,21582,147
2022-05-23,Imperial,025,180216,56379,56203,10773,66976,923
2022-05-23,Inyo,027,18085,4163,4152,554,4706,56
2022-05-23,Kern,029,883053,194875,194251,47152,241403,2336
2022-05-23,Kings,031,150075,52258,52178,3562,55740,447
2022-05-23,Lake,033,64148,10995,10908,920,11828,137
2022-05-23,Lassen,035,31185,9043,9028,886,9914,64
2022-05-23,Los Angeles,037,10098052,2824651,2806770,131241,2938011,31845
2022-05-23,Madera,039,155013,38006,37867,6295,44162,370
2022-05-23,Marin,041,260295,28837,36890,3693,40583,293
2022-05-23,Mariposa,043,17540,2529,2514,225,2739,30
2022-05-23,Mendocino,045,87422,13623,13545,3399,16944,124
2022-05-23,Merced,047,269075,64662,63220,9355,72575,823
2022-05-23,Modoc,049,8938,749,750,253,1003,8
2022-05-23,Mono,051,14174,3031,3024,160,3184,6
2022-05-23,Monterey,053,433212,82062,81592,15205,96797,737
2022-05-23,Napa,055,140530,27473,27240,1105,28345,143
2022-05-23,Nevada,057,99092,16589,16517,1309,17826,127
2022-05-23,Orange,059,3164182,569241,565564,45005,610569,7026
2022-05-23,Placer,061,380077,65889,65309,7847,73156,626
2022-05-23,Plumas,063,18699,3102,3065,374,3439,13
2022-05-23,Riverside,065,2383286,606955,604465,28969,633434,6480
2022-05-23,Sacramento,067,1510023,294152,292211,28680,320891,3028
2022-05-23,San Benito,069,59416,13448,13338,593,13931,98
2022-05-23,San Bernardino,071,2135413,586907,576982,25582,602564,7568
2022-05-23,San Diego,073,3302833,783481,782420,56075,838495,5284
2022-05-23,San Francisco,075,870044,142903,141015,9318,150333,872
2022-05-23,San Joaquin,077,732212,171759,170626,10929,181555,2238
2022-05-23,San Luis Obispo,079,281455,54675,54342,4329,58671,481
2022-05-23,San Mateo,081,765935,136106,134441,8208,142649,710
2022-05-23,Santa Barbara,083,443738,89916,89426,5060,94486,693
2022-05-23,Santa Clara,085,1922200,348534,340868,14298,355166,2304
2022-05-23,Santa Cruz,087,273765,51932,51644,2388,54032,263
2022-05-23,Shasta,089,179085,31173,31072,6181,37253,564
2022-05-23,Sierra,091,2930,278,277,54,331,4
2022-05-23,Siskiyou,093,43540,4520,4516,2785,7301,81
2022-05-23,Solano,095,438530,86956,86024,6045,92069,451
2022-05-23,Sonoma,097,501317,90525,89810,3519,93329,490
2022-05-23,Stanislaus,099,539301,120529,119894,18407,138301,1654
2022-05-23,Sutter,101,95872,20929,20904,2178,23082,226
2022-05-23,Tehama,103,63373,12213,12189,2631,14820,201
2022-05-23,Trinity,105,12862,1198,1194,290,1484,20
2022-05-23,Tulare,107,460477,107941,107790,28517,136307,1482
2022-05-23,Tuolumne,109,53932,13219,13086,611,13697,182
2022-05-23,Ventura,111,848112,180030,179116,10579,189695,1499
2022-05-23,Yolo,113,214977,40034,38782,3164,41946,319
2022-05-23,Yuba,115,75493,16300,16260,1304,17564,122
2022-05-22,Alameda,001,1643700,280157,274996,15291,290287,1858
2022-05-22,Alpine,002,1148,126,126,1,127,0
2022-05-22,Amador,005,37829,8736,8628,679,9307,86
2022-05-22,Butte,007,227075,34018,33606,7341,40947,426
2022-05-22,Calaveras,009,45235,7468,7424,380,7804,120
2022-05-22,Colusa,011,21464,3477,3468,1060,4528,21
2022-05-22,Contra Costa,013,1133247,206884,199703,15044,214747,1305
2022-05-22,Del Norte,015,27424,6176,6045,219,6264,50
2022-05-22,El Dorado,017,186661,27828,27517,3368,30885,213
2022-05-22,Fresno,019,978130,239741,234657,25082,259739,2760
2022-05-22,Glenn,021,27897,5054,5020,1641,6661,48
2022-05-22,Humboldt,023,135768,18222,17984,3422,21406,146
2022-05-22,Imperial,025,180216,56311,56014,10757,66771,923
2022-05-22,Inyo,027,18085,4155,4135,552,4687,56
2022-05-22,Kern,029,883053,194638,193705,47052,240757,2334
2022-05-22,Kings,031,150075,52195,52038,3556,55594,447
2022-05-22,Lake,033,64148,10963,10867,918,11785,137
2022-05-22,Lassen,035,31185,9027,9011,883,9894,64
2022-05-22,Los Angeles,037,10098052,2818809,2791671,130815,2922486,31815
2022-05-22,Madera,039,155013,37959,37744,6260,44004,370
2022-05-22,Marin,041,260295,28691,36394,3649,40043,293
2022-05-22,Mariposa,043,17540,2525,2490,224,2714,30
2022-05-22,Mendocino,045,87422,13595,13461,3370,16831,124
2022-05-22,Merced,047,269075,64586,62969,9324,72293,823
2022-05-22,Modoc,049,8938,748,750,253,1003,8
2022-05-22,Mono,051,14174,3030,3012,160,3172,6
2022-05-22,Monterey,053,433212,81904,81224,15107,96331,735
2022-05-22,Napa,055,140530,27399,27034,1097,28131,143
2022-05-22,Nevada,057,99092,16555,16410,1298,17708,127
2022-05-22,Orange,059,3164182,568130,562531,44821,607352,7025
2022-05-22,Placer,061,380077,65726,64802,7814,72616,626
2022-05-22,Plumas,063,18699,3095,3052,372,3424,13
2022-05-22,Riverside,065,2383286,606112,601808,28903,630711,6476
2022-05-22,Sacramento,067,1510023,293349,289972,28514,318486,3027
2022-05-22,San Benito,069,59416,13416,13234,587,13821,98
2022-05-22,San Bernardino,071,2135413,586194,575194,25543,600737,7523
2022-05-22,San Diego,073,3302833,781862,777404,55882,833286,5282
2022-05-22,San Francisco,075,870044,142218,138922,9301,148223,871
2022-05-22,San Joaquin,077,732212,171449,169745,10885,180630,2237
2022-05-22,San Luis Obispo,079,281455,54520,54012,4268,58280,481
2022-05-22,San Mateo,081,765935,135534,132636,8154,140790,711
2022-05-22,Santa Barbara,083,443738,89684,88783,5025,93808,692
2022-05-22,Santa Clara,085,1922200,347089,336488,14221,350709,2301
2022-05-22,Santa Cruz,087,273765,51839,51333,2374,53707,263
2022-05-22,Shasta,089,179085,31124,30966,6169,37135,564
2022-05-22,Sierra,091,2930,278,276,54,330,4
2022-05-22,Siskiyou,093,43540,4511,4501,2784,7285,81
2022-05-22,Solano,095,438530,86671,85038,6012,91050,451
2022-05-22,Sonoma,097,501317,90238,88889,3464,92353,489
2022-05-22,Stanislaus,099,539301,120355,119396,18382,137778,1653
2022-05-22,Sutter,101,95872,20899,20809,2170,22979,226
2022-05-22,Tehama,103,63373,12205,12162,2626,14788,201
2022-05-22,Trinity,105,12862,1198,1191,289,1480,20
2022-05-22,Tulare,107,460477,107837,107485,28433,135918,1477
2022-05-22,Tuolumne,109,53932,13199,12977,609,13586,182
2022-05-22,Ventura,111,848112,179683,178024,10527,188551,1499
2022-05-22,Yolo,113,214977,39909,38377,3140,41517,319
2022-05-22,Yuba,115,75493,16273,16180,1295,17475,122
2022-05-21,Alameda,001,1643700,279693,274996,15270,290266,1858
2022-05-21,Alpine,002,1148,126,126,1,127,0
2022-05-21,Amador,005,37829,8725,8628,679,9307,86
2022-05-21,Butte,007,227075,33997,33606,7327,40933,426
2022-05-21,Calaveras,009,45235,7462,7424,380,7804,120
2022-05-21,Colusa,011,21464,3477,3468,1059,4527,21
2022-05-21,Contra Costa,013,1133247,206523,199703,15012,214715,1305
2022-05-21,Del Norte,015,27424,6171,6045,217,6262,50
2022-05-21,El Dorado,017,186661,27791,27517,3366,30883,213
2022-05-21,Fresno,019,978130,239608,234657,25061,259718,2760
2022-05-21,Glenn,021,27897,5051,5020,1640,6660,48
2022-05-21,Humboldt,023,135768,18197,17984,3414,21398,146
2022-05-21,Imperial,025,180216,56277,56014,10753,66767,923
2022-05-21,Inyo,027,18085,4153,4135,550,4685,56
2022-05-21,Kern,029,883053,194540,193705,46992,240697,2334
2022-05-21,Kings,031,150075,52172,52038,3555,55593,447
2022-05-21,Lake,033,64148,10955,10867,918,11785,137
2022-05-21,Lassen,035,31185,9024,9011,883,9894,64
2022-05-21,Los Angeles,037,10098052,2816494,2791671,130570,2922241,31815
2022-05-21,Madera,039,155013,37941,37744,6254,43998,370
2022-05-21,Marin,041,260295,28596,36394,3605,39999,293
2022-05-21,Mariposa,043,17540,2523,2490,224,2714,30
2022-05-21,Mendocino,045,87422,13584,13461,3365,16826,124
2022-05-21,Merced,047,269075,64551,62969,9318,72287,823
2022-05-21,Modoc,049,8938,747,750,253,1003,8
2022-05-21,Mono,051,14174,3030,3012,160,3172,6
2022-05-21,Monterey,053,433212,81838,81224,15052,96276,735
2022-05-21,Napa,055,140530,27366,27034,1094,28128,143
2022-05-21,Nevada,057,99092,16549,16410,1298,17708,127
2022-05-21,Orange,059,3164182,567608,562531,44707,607238,7025
2022-05-21,Placer,061,380077,65621,64802,7802,72604,626
2022-05-21,Plumas,063,18699,3088,3052,372,3424,13
2022-05-21,Riverside,065,2383286,605638,601808,28878,630686,6476
2022-05-21,Sacramento,067,1510023,293020,289972,28483,318455,3027
2022-05-21,San Benito,069,59416,13404,13234,579,13813,98
2022-05-21,San Bernardino,071,2135413,585854,575194,25518,600712,7523
2022-05-21,San Diego,073,3302833,781169,777404,55818,833222,5282
2022-05-21,San Francisco,075,870044,141911,138922,9288,148210,871
2022-05-21,San Joaquin,077,732212,171332,169745,10866,180611,2237
2022-05-21,San Luis Obispo,079,281455,54441,54012,4254,58266,481
2022-05-21,San Mateo,081,765935,135220,132636,8128,140764,711
2022-05-21,Santa Barbara,083,443738,89592,88783,5012,93795,692
2022-05-21,Santa Clara,085,1922200,346238,336488,14178,350666,2301
2022-05-21,Santa Cruz,087,273765,51794,51333,2355,53688,263
2022-05-21,Shasta,089,179085,31113,30966,6167,37133,564
2022-05-21,Sierra,091,2930,277,276,54,330,4
2022-05-21,Siskiyou,093,43540,4507,4501,2782,7283,81
2022-05-21,Solano,095,438530,86586,85038,6006,91044,451
2022-05-21,Sonoma,097,501317,90112,88889,3455,92344,489
2022-05-21,Stanislaus,099,539301,120273,119396,18358,137754,1653
2022-05-21,Sutter,101,95872,20889,20809,2165,22974,226
2022-05-21,Tehama,103,63373,12203,12162,2625,14787,201
2022-05-21,Trinity,105,12862,1198,1191,289,1480,20
2022-05-21,Tulare,107,460477,107776,107485,28397,135882,1477
2022-05-21,Tuolumne,109,53932,13192,12977,609,13586,182
2022-05-21,Ventura,111,848112,179508,178024,10508,188532,1499
2022-05-21,Yolo,113,214977,39846,38377,3129,41506,319
2022-05-21,Yuba,115,75493,16260,16180,1293,17473,122
2022-05-20,Alameda,001,1643700,279153,274996,15244,290240,1858
2022-05-20,Alpine,002,1148,126,126,1,127,0
2022-05-20,Amador,005,37829,8718,8628,679,9307,86
2022-05-20,Butte,007,227075,33975,33606,7315,40921,426
2022-05-20,Calaveras,009,45235,7454,7424,380,7804,120
2022-05-20,Colusa,011,21464,3477,3468,1059,4527,21
2022-05-20,Contra Costa,013,1133247,206165,199703,14994,214697,1305
2022-05-20,Del Norte,015,27424,6166,6045,216,6261,50
2022-05-20,El Dorado,017,186661,27757,27517,3363,30880,213
2022-05-20,Fresno,019,978130,239448,234657,25030,259687,2760
2022-05-20,Glenn,021,27897,5048,5020,1640,6660,48
2022-05-20,Humboldt,023,135768,18175,17984,3406,21390,146
2022-05-20,Imperial,025,180216,56253,56014,10750,66764,923
2022-05-20,Inyo,027,18085,4150,4135,546,4681,56
2022-05-20,Kern,029,883053,194436,193705,46944,240649,2334
2022-05-20,Kings,031,150075,52157,52038,3554,55592,447
2022-05-20,Lake,033,64148,10938,10867,918,11785,137
2022-05-20,Lassen,035,31185,9022,9011,883,9894,64
2022-05-20,Los Angeles,037,10098052,2814132,2791671,130340,2922011,31815
2022-05-20,Madera,039,155013,37922,37744,6246,43990,370
2022-05-20,Marin,041,260295,28522,36394,3566,39960,293
2022-05-20,Mariposa,043,17540,2518,2490,224,2714,30
2022-05-20,Mendocino,045,87422,13569,13461,3361,16822,124
2022-05-20,Merced,047,269075,64517,62969,9315,72284,823
2022-05-20,Modoc,049,8938,747,750,253,1003,8
2022-05-20,Mono,051,14174,3026,3012,160,3172,6
2022-05-20,Monterey,053,433212,81780,81224,15012,96236,735
2022-05-20,Napa,055,140530,27336,27034,1090,28124,143
2022-05-20,Nevada,057,99092,16541,16410,1296,17706,127
2022-05-20,Orange,059,3164182,567032,562531,44609,607140,7025
2022-05-20,Placer,061,380077,65542,64802,7786,72588,626
2022-05-20,Plumas,063,18699,3086,3052,372,3424,13
2022-05-20,Riverside,065,2383286,605185,601808,28855,630663,6476
2022-05-20,Sacramento,067,1510023,292644,289972,28458,318430,3027
2022-05-20,San Benito,069,59416,13387,13234,578,13812,98
2022-05-20,San Bernardino,071,2135413,585533,575194,25499,600693,7523
2022-05-20,San Diego,073,3302833,780370,777404,55728,833132,5282
2022-05-20,San Francisco,075,870044,141576,138922,9257,148179,871
2022-05-20,San Joaquin,077,732212,171210,169745,10858,180603,2237
2022-05-20,San Luis Obispo,079,281455,54405,54012,4249,58261,481
2022-05-20,San Mateo,081,765935,134899,132636,8105,140741,711
2022-05-20,Santa Barbara,083,443738,89508,88783,5007,93790,692
2022-05-20,Santa Clara,085,1922200,345442,336488,14127,350615,2301
2022-05-20,Santa Cruz,087,273765,51749,51333,2337,53670,263
2022-05-20,Shasta,089,179085,31100,30966,6164,37130,564
2022-05-20,Sierra,091,2930,277,276,54,330,4
2022-05-20,Siskiyou,093,43540,4504,4501,2780,7281,81
2022-05-20,Solano,095,438530,86442,85038,5998,91036,451
2022-05-20,Sonoma,097,501317,89985,88889,3442,92331,489
2022-05-20,Stanislaus,099,539301,120191,119396,18345,137741,1653
2022-05-20,Sutter,101,95872,20880,20809,2164,22973,226
2022-05-20,Tehama,103,63373,12199,12162,2624,14786,201
2022-05-20,Trinity,105,12862,1198,1191,289,1480,20
2022-05-20,Tulare,107,460477,107717,107485,28358,135843,1477
2022-05-20,Tuolumne,109,53932,13173,12977,607,13584,182
2022-05-20,Ventura,111,848112,179311,178024,10490,188514,1499
2022-05-20,Yolo,113,214977,39777,38377,3123,41500,319
2022-05-20,Yuba,115,75493,16245,16180,1289,17469,122
2022-05-19,Alameda,001,1643700,278330,274996,15175,290171,1858
2022-05-19,Alpine,002,1148,126,126,1,127,0
2022-05-19,Amador,005,37829,8710,8628,679,9307,86
2022-05-19,Butte,007,227075,33937,33606,7306,40912,426
2022-05-19,Calaveras,009,45235,7448,7424,377,7801,120
2022-05-19,Colusa,011,21464,3476,3468,1058,4526,21
2022-05-19,Contra Costa,013,1133247,205621,199703,14920,214623,1305
2022-05-19,Del Norte,015,27424,6162,6045,211,6256,50
2022-05-19,El Dorado,017,186661,27705,27517,3348,30865,213
2022-05-19,Fresno,019,978130,239222,234657,24990,259647,2760
2022-05-19,Glenn,021,27897,5047,5020,1636,6656,48
2022-05-19,Humboldt,023,135768,18141,17984,3391,21375,146
2022-05-19,Imperial,025,180216,56205,56014,10749,66763,923
2022-05-19,Inyo,027,18085,4146,4135,545,4680,56
2022-05-19,Kern,029,883053,194295,193705,46869,240574,2334
2022-05-19,Kings,031,150075,52130,52038,3553,55591,447
2022-05-19,Lake,033,64148,10930,10867,916,11783,137
2022-05-19,Lassen,035,31185,9018,9011,883,9894,64
2022-05-19,Los Angeles,037,10098052,2810171,2791671,130009,2921680,31815
2022-05-19,Madera,039,155013,37885,37744,6230,43974,370
2022-05-19,Marin,041,260295,28426,36394,3533,39927,293
2022-05-19,Mariposa,043,17540,2510,2490,224,2714,30
2022-05-19,Mendocino,045,87422,13546,13461,3354,16815,124
2022-05-19,Merced,047,269075,64455,62969,9299,72268,823
2022-05-19,Modoc,049,8938,747,750,253,1003,8
2022-05-19,Mono,051,14174,3025,3012,156,3168,6
2022-05-19,Monterey,053,433212,81699,81224,14947,96171,735
2022-05-19,Napa,055,140530,27275,27034,1087,28121,143
2022-05-19,Nevada,057,99092,16507,16410,1289,17699,127
2022-05-19,Orange,059,3164182,566189,562531,44478,607009,7025
2022-05-19,Placer,061,380077,65418,64802,7770,72572,626
2022-05-19,Plumas,063,18699,3080,3052,372,3424,13
2022-05-19,Riverside,065,2383286,604554,601808,28811,630619,6476
2022-05-19,Sacramento,067,1510023,292081,289972,28373,318345,3027
2022-05-19,San Benito,069,59416,13359,13234,575,13809,98
2022-05-19,San Bernardino,071,2135413,585017,575194,25478,600672,7523
2022-05-19,San Diego,073,3302833,779133,777404,55563,832967,5282
2022-05-19,San Francisco,075,870044,141106,138922,9224,148146,871
2022-05-19,San Joaquin,077,732212,170965,169745,10841,180586,2237
2022-05-19,San Luis Obispo,079,281455,54301,54012,4217,58229,481
2022-05-19,San Mateo,081,765935,134428,132636,8047,140683,711
2022-05-19,Santa Barbara,083,443738,89355,88783,4980,93763,692
2022-05-19,Santa Clara,085,1922200,344360,336488,14040,350528,2301
2022-05-19,Santa Cruz,087,273765,51671,51333,2323,53656,263
2022-05-19,Shasta,089,179085,31071,30966,6158,37124,564
2022-05-19,Sierra,091,2930,277,276,54,330,4
2022-05-19,Siskiyou,093,43540,4501,4501,2778,7279,81
2022-05-19,Solano,095,438530,86254,85038,5973,91011,451
2022-05-19,Sonoma,097,501317,89780,88889,3408,92297,489
2022-05-19,Stanislaus,099,539301,120060,119396,18323,137719,1653
2022-05-19,Sutter,101,95872,20844,20809,2161,22970,226
2022-05-19,Tehama,103,63373,12189,12162,2621,14783,201
2022-05-19,Trinity,105,12862,1197,1191,289,1480,20
2022-05-19,Tulare,107,460477,107625,107485,28312,135797,1477
2022-05-19,Tuolumne,109,53932,13149,12977,604,13581,182
2022-05-19,Ventura,111,848112,179036,178024,10451,188475,1499
2022-05-19,Yolo,113,214977,39687,38377,3115,41492,319
2022-05-19,Yuba,115,75493,16225,16180,1281,17461,122
2022-05-18,Alameda,001,1643700,277485,272530,15107,287637,1859
2022-05-18,Alpine,002,1148,126,126,1,127,0
2022-05-18,Amador,005,37829,8692,8592,679,9271,86
2022-05-18,Butte,007,227075,33896,33486,7291,40777,426
2022-05-18,Calaveras,009,45235,7440,7400,377,7777,120
2022-05-18,Colusa,011,21464,3476,3467,1058,4525,21
2022-05-18,Contra Costa,013,1133247,205063,198207,14833,213040,1303
2022-05-18,Del Norte,015,27424,6153,6001,207,6208,50
2022-05-18,El Dorado,017,186661,27655,27388,3341,30729,212
2022-05-18,Fresno,019,978130,238958,234055,24948,259003,2759
2022-05-18,Glenn,021,27897,5046,5012,1636,6648,48
2022-05-18,Humboldt,023,135768,18116,17868,3370,21238,146
2022-05-18,Imperial,025,180216,56143,55915,10742,66657,918
2022-05-18,Inyo,027,18085,4142,4120,539,4659,56
2022-05-18,Kern,029,883053,194178,193338,46809,240147,2327
2022-05-18,Kings,031,150075,52101,51903,3550,55453,447
2022-05-18,Lake,033,64148,10921,10831,915,11746,137
2022-05-18,Lassen,035,31185,9012,8994,883,9877,65
2022-05-18,Los Angeles,037,10098052,2805848,2780354,129727,2910081,31789
2022-05-18,Madera,039,155013,37847,37644,6221,43865,365
2022-05-18,Marin,041,260295,28336,36024,3492,39516,293
2022-05-18,Mariposa,043,17540,2503,2481,224,2705,30
2022-05-18,Mendocino,045,87422,13525,13403,3339,16742,124
2022-05-18,Merced,047,269075,64390,62802,9272,72074,818
2022-05-18,Modoc,049,8938,747,748,253,1001,8
2022-05-18,Mono,051,14174,3024,3010,154,3164,6
2022-05-18,Monterey,053,433212,81591,80955,14891,95846,735
2022-05-18,Napa,055,140530,27233,26912,1080,27992,143
2022-05-18,Nevada,057,99092,16487,16361,1284,17645,127
2022-05-18,Orange,059,3164182,565372,560094,44372,604466,7021
2022-05-18,Placer,061,380077,65272,64432,7754,72186,626
2022-05-18,Plumas,063,18699,3072,3022,369,3391,13
2022-05-18,Riverside,065,2383286,603904,599947,28759,628706,6471
2022-05-18,Sacramento,067,1510023,291558,288335,28284,316619,3022
2022-05-18,San Benito,069,59416,13335,13186,571,13757,98
2022-05-18,San Bernardino,071,2135413,584546,573790,25451,599241,7455
2022-05-18,San Diego,073,3302833,777698,773934,55400,829334,5277
2022-05-18,San Francisco,075,870044,140579,137341,9197,146538,869
2022-05-18,San Joaquin,077,732212,170731,169045,10756,179801,2236
2022-05-18,San Luis Obispo,079,281455,54202,53756,4183,57939,478
2022-05-18,San Mateo,081,765935,133997,131330,7980,139310,709
2022-05-18,Santa Barbara,083,443738,89195,88317,4959,93276,693
2022-05-18,Santa Clara,085,1922200,343211,333230,13947,347177,2300
2022-05-18,Santa Cruz,087,273765,51583,51020,2310,53330,263
2022-05-18,Shasta,089,179085,31048,30899,6153,37052,558
2022-05-18,Sierra,091,2930,277,275,54,329,4
2022-05-18,Siskiyou,093,43540,4496,4495,2776,7271,81
2022-05-18,Solano,095,438530,85990,84476,5955,90431,451
2022-05-18,Sonoma,097,501317,89581,88195,3369,91564,489
2022-05-18,Stanislaus,099,539301,119950,119025,18290,137315,1645
2022-05-18,Sutter,101,95872,20822,20763,2152,22915,226
2022-05-18,Tehama,103,63373,12183,12133,2618,14751,201
2022-05-18,Trinity,105,12862,1197,1189,289,1478,20
2022-05-18,Tulare,107,460477,107556,107292,28254,135546,1477
2022-05-18,Tuolumne,109,53932,13130,12917,602,13519,182
2022-05-18,Ventura,111,848112,178766,177233,10407,187640,1497
2022-05-18,Yolo,113,214977,39575,38139,3103,41242,316
2022-05-18,Yuba,115,75493,16201,16109,1272,17381,122
2022-05-17,Alameda,001,1643700,276646,272530,15040,287570,1859
2022-05-17,Alpine,002,1148,126,126,1,127,0
2022-05-17,Amador,005,37829,8683,8592,677,9269,86
2022-05-17,Butte,007,227075,33844,33486,7270,40756,426
2022-05-17,Calaveras,009,45235,7433,7400,377,7777,120
2022-05-17,Colusa,011,21464,3475,3467,1057,4524,21
2022-05-17,Contra Costa,013,1133247,204427,198207,14749,212956,1303
2022-05-17,Del Norte,015,27424,6138,6001,207,6208,50
2022-05-17,El Dorado,017,186661,27604,27388,3335,30723,212
2022-05-17,Fresno,019,978130,238703,234055,24917,258972,2759
2022-05-17,Glenn,021,27897,5043,5012,1635,6647,48
2022-05-17,Humboldt,023,135768,18076,17868,3353,21221,146
2022-05-17,Imperial,025,180216,56100,55915,10732,66647,918
2022-05-17,Inyo,027,18085,4140,4120,530,4650,56
2022-05-17,Kern,029,883053,194021,193338,46753,240091,2327
2022-05-17,Kings,031,150075,52058,51903,3546,55449,447
2022-05-17,Lake,033,64148,10906,10831,913,11744,137
2022-05-17,Lassen,035,31185,9007,8994,882,9876,65
2022-05-17,Los Angeles,037,10098052,2801324,2780354,129415,2909769,31789
2022-05-17,Madera,039,155013,37821,37644,6206,43850,365
2022-05-17,Marin,041,260295,28203,36024,3431,39455,293
2022-05-17,Mariposa,043,17540,2498,2481,223,2704,30
2022-05-17,Mendocino,045,87422,13499,13403,3329,16732,124
2022-05-17,Merced,047,269075,64324,62802,9253,72055,818
2022-05-17,Modoc,049,8938,747,748,253,1001,8
2022-05-17,Mono,051,14174,3020,3010,154,3164,6
2022-05-17,Monterey,053,433212,81473,80955,14827,95782,735
2022-05-17,Napa,055,140530,27185,26912,1072,27984,143
2022-05-17,Nevada,057,99092,16458,16361,1276,17637,127
2022-05-17,Orange,059,3164182,564455,560094,44230,604324,7021
2022-05-17,Placer,061,380077,65111,64432,7717,72149,626
2022-05-17,Plumas,063,18699,3066,3022,368,3390,13
2022-05-17,Riverside,065,2383286,603215,599947,28716,628663,6471
2022-05-17,Sacramento,067,1510023,290924,288335,28179,316514,3022
2022-05-17,San Benito,069,59416,13298,13186,570,13756,98
2022-05-17,San Bernardino,071,2135413,584055,573790,25437,599227,7455
2022-05-17,San Diego,073,3302833,776183,773934,55235,829169,5277
2022-05-17,San Francisco,075,870044,140001,137341,9166,146507,869
2022-05-17,San Joaquin,077,732212,170489,169045,10715,179760,2236
2022-05-17,San Luis Obispo,079,281455,54109,53756,4139,57895,478
2022-05-17,San Mateo,081,765935,133497,131330,7941,139271,709
2022-05-17,Santa Barbara,083,443738,88997,88317,4941,93258,693
2022-05-17,Santa Clara,085,1922200,342030,333230,13874,347104,2300
2022-05-17,Santa Cruz,087,273765,51506,51020,2302,53322,263
2022-05-17,Shasta,089,179085,31011,30899,6150,37049,558
2022-05-17,Sierra,091,2930,277,275,54,329,4
2022-05-17,Siskiyou,093,43540,4494,4495,2774,7269,81
2022-05-17,Solano,095,438530,85704,84476,5925,90401,451
2022-05-17,Sonoma,097,501317,89338,88195,3324,91519,489
2022-05-17,Stanislaus,099,539301,119801,119025,18261,137286,1645
2022-05-17,Sutter,101,95872,20802,20763,2148,22911,226
2022-05-17,Tehama,103,63373,12171,12133,2615,14748,201
2022-05-17,Trinity,105,12862,1196,1189,289,1478,20
2022-05-17,Tulare,107,460477,107462,107292,28216,135508,1477
2022-05-17,Tuolumne,109,53932,13116,12917,602,13519,182
2022-05-17,Ventura,111,848112,178443,177233,10353,187586,1497
2022-05-17,Yolo,113,214977,39438,38139,3096,41235,316
2022-05-17,Yuba,115,75493,16176,16109,1269,17378,122
2022-05-16,Alameda,001,1643700,275641,272530,14963,287493,1859
2022-05-16,Alpine,002,1148,126,126,1,127,0
2022-05-16,Amador,005,37829,8673,8592,676,9268,86
2022-05-16,Butte,007,227075,33786,33486,7254,40740,426
2022-05-16,Calaveras,009,45235,7427,7400,375,7775,120
2022-05-16,Colusa,011,21464,3474,3467,1057,4524,21
2022-05-16,Contra Costa,013,1133247,203783,198207,14667,212874,1303
2022-05-16,Del Norte,015,27424,6125,6001,204,6205,50
2022-05-16,El Dorado,017,186661,27545,27388,3327,30715,212
2022-05-16,Fresno,019,978130,238438,234055,24876,258931,2759
2022-05-16,Glenn,021,27897,5038,5012,1630,6642,48
2022-05-16,Humboldt,023,135768,18030,17868,3339,21207,146
2022-05-16,Imperial,025,180216,56036,55915,10719,66634,918
2022-05-16,Inyo,027,18085,4136,4120,527,4647,56
2022-05-16,Kern,029,883053,193869,193338,46687,240025,2327
2022-05-16,Kings,031,150075,52008,51903,3545,55448,447
2022-05-16,Lake,033,64148,10899,10831,912,11743,137
2022-05-16,Lassen,035,31185,9002,8994,880,9874,65
2022-05-16,Los Angeles,037,10098052,2796903,2780354,129129,2909483,31789
2022-05-16,Madera,039,155013,37790,37644,6183,43827,365
2022-05-16,Marin,041,260295,28039,36024,3383,39407,293
2022-05-16,Mariposa,043,17540,2497,2481,222,2703,30
2022-05-16,Mendocino,045,87422,13473,13403,3317,16720,124
2022-05-16,Merced,047,269075,64253,62802,9217,72019,818
2022-05-16,Modoc,049,8938,747,748,253,1001,8
2022-05-16,Mono,051,14174,3017,3010,154,3164,6
2022-05-16,Monterey,053,433212,81361,80955,14741,95696,735
2022-05-16,Napa,055,140530,27134,26912,1067,27979,143
2022-05-16,Nevada,057,99092,16439,16361,1271,17632,127
2022-05-16,Orange,059,3164182,563597,560094,44102,604196,7021
2022-05-16,Placer,061,380077,65001,64432,7685,72117,626
2022-05-16,Plumas,063,18699,3056,3022,367,3389,13
2022-05-16,Riverside,065,2383286,602500,599947,28660,628607,6471
2022-05-16,Sacramento,067,1510023,290253,288335,28078,316413,3022
2022-05-16,San Benito,069,59416,13280,13186,564,13750,98
2022-05-16,San Bernardino,071,2135413,583582,573790,25408,599198,7455
2022-05-16,San Diego,073,3302833,774642,773934,55067,829001,5277
2022-05-16,San Francisco,075,870044,139298,137341,9134,146475,869
2022-05-16,San Joaquin,077,732212,170211,169045,10530,179575,2236
2022-05-16,San Luis Obispo,079,281455,54006,53756,4110,57866,478
2022-05-16,San Mateo,081,765935,132950,131330,7886,139216,709
2022-05-16,Santa Barbara,083,443738,88852,88317,4930,93247,693
2022-05-16,Santa Clara,085,1922200,340705,333230,13787,347017,2300
2022-05-16,Santa Cruz,087,273765,51427,51020,2287,53307,263
2022-05-16,Shasta,089,179085,30978,30899,6142,37041,558
2022-05-16,Sierra,091,2930,277,275,53,328,4
2022-05-16,Siskiyou,093,43540,4491,4495,2767,7262,81
2022-05-16,Solano,095,438530,85443,84476,5899,90375,451
2022-05-16,Sonoma,097,501317,89038,88195,3286,91481,489
2022-05-16,Stanislaus,099,539301,119656,119025,18228,137253,1645
2022-05-16,Sutter,101,95872,20788,20763,2141,22904,226
2022-05-16,Tehama,103,63373,12163,12133,2612,14745,201
2022-05-16,Trinity,105,12862,1195,1189,289,1478,20
2022-05-16,Tulare,107,460477,107380,107292,28171,135463,1477
2022-05-16,Tuolumne,109,53932,13083,12917,599,13516,182
2022-05-16,Ventura,111,848112,178112,177233,10295,187528,1497
2022-05-16,Yolo,113,214977,39303,38139,3087,41226,316
2022-05-16,Yuba,115,75493,16149,16109,1266,17375,122
2022-05-15,Alameda,001,1643700,274574,268944,14894,283838,1857
2022-05-15,Alpine,002,1148,126,125,1,126,0
2022-05-15,Amador,005,37829,8657,8574,671,9245,86
2022-05-15,Butte,007,227075,33728,33377,7233,40610,424
2022-05-15,Calaveras,009,45235,7408,7378,373,7751,120
2022-05-15,Colusa,011,21464,3471,3463,1055,4518,21
2022-05-15,Contra Costa,013,1133247,203013,195925,14586,210511,1301
2022-05-15,Del Norte,015,27424,6051,5919,202,6121,50
2022-05-15,El Dorado,017,186661,27483,27216,3314,30530,212
2022-05-15,Fresno,019,978130,238170,233305,24840,258145,2757
2022-05-15,Glenn,021,27897,5035,5004,1629,6633,48
2022-05-15,Humboldt,023,135768,17981,17633,3299,20932,146
2022-05-15,Imperial,025,180216,56000,55756,10697,66453,917
2022-05-15,Inyo,027,18085,4132,4114,523,4637,56
2022-05-15,Kern,029,883053,193691,192939,46604,239543,2314
2022-05-15,Kings,031,150075,51948,51779,3541,55320,447
2022-05-15,Lake,033,64148,10881,10790,909,11699,137
2022-05-15,Lassen,035,31185,8993,8987,879,9866,65
2022-05-15,Los Angeles,037,10098052,2792315,2768726,128757,2897483,31768
2022-05-15,Madera,039,155013,37748,37520,6165,43685,365
2022-05-15,Marin,041,260295,27868,35486,3344,38830,293
2022-05-15,Mariposa,043,17540,2492,2463,221,2684,30
2022-05-15,Mendocino,045,87422,13453,13349,3290,16639,124
2022-05-15,Merced,047,269075,64169,62627,9171,71798,818
2022-05-15,Modoc,049,8938,746,747,253,1000,8
2022-05-15,Mono,051,14174,3014,3002,152,3154,6
2022-05-15,Monterey,053,433212,81251,80620,14653,95273,735
2022-05-15,Napa,055,140530,27079,26698,1063,27761,143
2022-05-15,Nevada,057,99092,16409,16240,1268,17508,127
2022-05-15,Orange,059,3164182,562643,557134,43959,601093,7017
2022-05-15,Placer,061,380077,64824,63963,7656,71619,626
2022-05-15,Plumas,063,18699,3050,3006,367,3373,13
2022-05-15,Riverside,065,2383286,601780,597914,28592,626506,6471
2022-05-15,Sacramento,067,1510023,289535,286403,27940,314343,3022
2022-05-15,San Benito,069,59416,13255,13106,562,13668,98
2022-05-15,San Bernardino,071,2135413,583034,572057,25379,597436,7423
2022-05-15,San Diego,073,3302833,773137,770323,54869,825192,5271
2022-05-15,San Francisco,075,870044,138584,134916,9099,144015,866
2022-05-15,San Joaquin,077,732212,169968,168174,10453,178627,2236
2022-05-15,San Luis Obispo,079,281455,53878,53502,4068,57570,478
2022-05-15,San Mateo,081,765935,132415,129480,7816,137296,709
2022-05-15,Santa Barbara,083,443738,88622,87773,4895,92668,693
2022-05-15,Santa Clara,085,1922200,339287,328609,13695,342304,2297
2022-05-15,Santa Cruz,087,273765,51322,50268,2271,52539,263
2022-05-15,Shasta,089,179085,30938,30799,6136,36935,557
2022-05-15,Sierra,091,2930,277,275,53,328,4
2022-05-15,Siskiyou,093,43540,4489,4482,2764,7246,81
2022-05-15,Solano,095,438530,85123,83669,5866,89535,451
2022-05-15,Sonoma,097,501317,88713,87070,3261,90331,488
2022-05-15,Stanislaus,099,539301,119484,118586,18196,136782,1645
2022-05-15,Sutter,101,95872,20761,20690,2131,22821,226
2022-05-15,Tehama,103,63373,12145,12115,2606,14721,201
2022-05-15,Trinity,105,12862,1194,1188,289,1477,20
2022-05-15,Tulare,107,460477,107278,107077,28124,135201,1469
2022-05-15,Tuolumne,109,53932,13028,12851,597,13448,182
2022-05-15,Ventura,111,848112,177766,176317,10233,186550,1497
2022-05-15,Yolo,113,214977,39188,37737,3075,40812,316
2022-05-15,Yuba,115,75493,16115,16028,1257,17285,122
2022-05-14,Alameda,001,1643700,274146,268944,14874,283818,1857
2022-05-14,Alpine,002,1148,125,125,1,126,0
2022-05-14,Amador,005,37829,8651,8574,671,9245,86
2022-05-14,Butte,007,227075,33708,33377,7225,40602,424
2022-05-14,Calaveras,009,45235,7406,7378,373,7751,120
2022-05-14,Colusa,011,21464,3471,3463,1055,4518,21
2022-05-14,Contra Costa,013,1133247,202633,195925,14555,210480,1301
2022-05-14,Del Norte,015,27424,6042,5919,200,6119,50
2022-05-14,El Dorado,017,186661,27452,27216,3309,30525,212
2022-05-14,Fresno,019,978130,238046,233305,24829,258134,2757
2022-05-14,Glenn,021,27897,5034,5004,1625,6629,48
2022-05-14,Humboldt,023,135768,17955,17633,3292,20925,146
2022-05-14,Imperial,025,180216,55969,55756,10694,66450,917
2022-05-14,Inyo,027,18085,4127,4114,523,4637,56
2022-05-14,Kern,029,883053,193620,192939,46558,239497,2314
2022-05-14,Kings,031,150075,51921,51779,3541,55320,447
2022-05-14,Lake,033,64148,10871,10790,904,11694,137
2022-05-14,Lassen,035,31185,8991,8987,879,9866,65
2022-05-14,Los Angeles,037,10098052,2790383,2768726,128542,2897268,31768
2022-05-14,Madera,039,155013,37733,37520,6165,43685,365
2022-05-14,Marin,041,260295,27761,35486,3295,38781,293
2022-05-14,Mariposa,043,17540,2491,2463,221,2684,30
2022-05-14,Mendocino,045,87422,13443,13349,3286,16635,124
2022-05-14,Merced,047,269075,64133,62627,9168,71795,818
2022-05-14,Modoc,049,8938,745,747,253,1000,8
2022-05-14,Mono,051,14174,3014,3002,151,3153,6
2022-05-14,Monterey,053,433212,81186,80620,14600,95220,735
2022-05-14,Napa,055,140530,27055,26698,1056,27754,143
2022-05-14,Nevada,057,99092,16394,16240,1267,17507,127
2022-05-14,Orange,059,3164182,562194,557134,43869,601003,7017
2022-05-14,Placer,061,380077,64715,63963,7633,71596,626
2022-05-14,Plumas,063,18699,3046,3006,367,3373,13
2022-05-14,Riverside,065,2383286,601368,597914,28557,626471,6471
2022-05-14,Sacramento,067,1510023,289264,286403,27918,314321,3022
2022-05-14,San Benito,069,59416,13245,13106,559,13665,98
2022-05-14,San Bernardino,071,2135413,582756,572057,25367,597424,7423
2022-05-14,San Diego,073,3302833,772536,770323,54823,825146,5271
2022-05-14,San Francisco,075,870044,138226,134916,9075,143991,866
2022-05-14,San Joaquin,077,732212,169823,168174,10437,178611,2236
2022-05-14,San Luis Obispo,079,281455,53851,53502,4065,57567,478
2022-05-14,San Mateo,081,765935,132090,129480,7788,137268,709
2022-05-14,Santa Barbara,083,443738,88515,87773,4890,92663,693
2022-05-14,Santa Clara,085,1922200,338456,328609,13656,342265,2297
2022-05-14,Santa Cruz,087,273765,51275,50268,2257,52525,263
2022-05-14,Shasta,089,179085,30934,30799,6135,36934,557
2022-05-14,Sierra,091,2930,277,275,53,328,4
2022-05-14,Siskiyou,093,43540,4486,4482,2762,7244,81
2022-05-14,Solano,095,438530,85059,83669,5856,89525,451
2022-05-14,Sonoma,097,501317,88569,87070,3249,90319,488
2022-05-14,Stanislaus,099,539301,119399,118586,18184,136770,1645
2022-05-14,Sutter,101,95872,20754,20690,2130,22820,226
2022-05-14,Tehama,103,63373,12139,12115,2605,14720,201
2022-05-14,Trinity,105,12862,1194,1188,289,1477,20
2022-05-14,Tulare,107,460477,107228,107077,28100,135177,1469
2022-05-14,Tuolumne,109,53932,13017,12851,597,13448,182
2022-05-14,Ventura,111,848112,177604,176317,10208,186525,1497
2022-05-14,Yolo,113,214977,39119,37737,3068,40805,316
2022-05-14,Yuba,115,75493,16108,16028,1256,17284,122
2022-05-13,Alameda,001,1643700,273662,268944,14843,283787,1857
2022-05-13,Alpine,002,1148,125,125,1,126,0
2022-05-13,Amador,005,37829,8646,8574,670,9244,86
2022-05-13,Butte,007,227075,33691,33377,7223,40600,424
2022-05-13,Calaveras,009,45235,7403,7378,373,7751,120
2022-05-13,Colusa,011,21464,3470,3463,1055,4518,21
2022-05-13,Contra Costa,013,1133247,202288,195925,14526,210451,1301
2022-05-13,Del Norte,015,27424,6039,5919,200,6119,50
2022-05-13,El Dorado,017,186661,27424,27216,3309,30525,212
2022-05-13,Fresno,019,978130,237938,233305,24810,258115,2757
2022-05-13,Glenn,021,27897,5032,5004,1624,6628,48
2022-05-13,Humboldt,023,135768,17931,17633,3284,20917,146
2022-05-13,Imperial,025,180216,55950,55756,10693,66449,917
2022-05-13,Inyo,027,18085,4127,4114,522,4636,56
2022-05-13,Kern,029,883053,193545,192939,46529,239468,2314
2022-05-13,Kings,031,150075,51897,51779,3541,55320,447
2022-05-13,Lake,033,64148,10868,10790,904,11694,137
2022-05-13,Lassen,035,31185,8990,8987,879,9866,65
2022-05-13,Los Angeles,037,10098052,2788441,2768726,128348,2897074,31768
2022-05-13,Madera,039,155013,37713,37520,6156,43676,365
2022-05-13,Marin,041,260295,27658,35486,3252,38738,293
2022-05-13,Mariposa,043,17540,2489,2463,221,2684,30
2022-05-13,Mendocino,045,87422,13429,13349,3279,16628,124
2022-05-13,Merced,047,269075,64098,62627,9159,71786,818
2022-05-13,Modoc,049,8938,745,747,253,1000,8
2022-05-13,Mono,051,14174,3012,3002,150,3152,6
2022-05-13,Monterey,053,433212,81130,80620,14561,95181,735
2022-05-13,Napa,055,140530,27019,26698,1054,27752,143
2022-05-13,Nevada,057,99092,16379,16240,1266,17506,127
2022-05-13,Orange,059,3164182,561726,557134,43794,600928,7017
2022-05-13,Placer,061,380077,64637,63963,7623,71586,626
2022-05-13,Plumas,063,18699,3039,3006,367,3373,13
2022-05-13,Riverside,065,2383286,600981,597914,28528,626442,6471
2022-05-13,Sacramento,067,1510023,288926,286403,27892,314295,3022
2022-05-13,San Benito,069,59416,13241,13106,559,13665,98
2022-05-13,San Bernardino,071,2135413,582515,572057,25359,597416,7423
2022-05-13,San Diego,073,3302833,771897,770323,54744,825067,5271
2022-05-13,San Francisco,075,870044,137876,134916,9055,143971,866
2022-05-13,San Joaquin,077,732212,169703,168174,10425,178599,2236
2022-05-13,San Luis Obispo,079,281455,53815,53502,4061,57563,478
2022-05-13,San Mateo,081,765935,131798,129480,7767,137247,709
2022-05-13,Santa Barbara,083,443738,88421,87773,4887,92660,693
2022-05-13,Santa Clara,085,1922200,337653,328609,13623,342232,2297
2022-05-13,Santa Cruz,087,273765,51188,50268,2249,52517,263
2022-05-13,Shasta,089,179085,30930,30799,6135,36934,557
2022-05-13,Sierra,091,2930,276,275,50,325,4
2022-05-13,Siskiyou,093,43540,4485,4482,2762,7244,81
2022-05-13,Solano,095,438530,84935,83669,5849,89518,451
2022-05-13,Sonoma,097,501317,88392,87070,3235,90305,488
2022-05-13,Stanislaus,099,539301,119305,118586,18170,136756,1645
2022-05-13,Sutter,101,95872,20742,20690,2129,22819,226
2022-05-13,Tehama,103,63373,12137,12115,2603,14718,201
2022-05-13,Trinity,105,12862,1193,1188,289,1477,20
2022-05-13,Tulare,107,460477,107181,107077,28065,135142,1469
2022-05-13,Tuolumne,109,53932,13001,12851,597,13448,182
2022-05-13,Ventura,111,848112,177424,176317,10194,186511,1497
2022-05-13,Yolo,113,214977,39056,37737,3064,40801,316
2022-05-13,Yuba,115,75493,16095,16028,1253,17281,122
2022-05-12,Alameda,001,1643700,272917,268944,14790,283734,1857
2022-05-12,Alpine,002,1148,125,125,1,126,0
2022-05-12,Amador,005,37829,8637,8574,670,9244,86
2022-05-12,Butte,007,227075,33664,33377,7209,40586,424
2022-05-12,Calaveras,009,45235,7399,7378,372,7750,120
2022-05-12,Colusa,011,21464,3470,3463,1054,4517,21
2022-05-12,Contra Costa,013,1133247,201769,195925,14463,210388,1301
2022-05-12,Del Norte,015,27424,6022,5919,199,6118,50
2022-05-12,El Dorado,017,186661,27384,27216,3300,30516,212
2022-05-12,Fresno,019,978130,237784,233305,24790,258095,2757
2022-05-12,Glenn,021,27897,5028,5004,1622,6626,48
2022-05-12,Humboldt,023,135768,17889,17633,3271,20904,146
2022-05-12,Imperial,025,180216,55923,55756,10680,66436,917
2022-05-12,Inyo,027,18085,4123,4114,517,4631,56
2022-05-12,Kern,029,883053,193479,192939,46482,239421,2314
2022-05-12,Kings,031,150075,51877,51779,3539,55318,447
2022-05-12,Lake,033,64148,10850,10790,898,11688,137
2022-05-12,Lassen,035,31185,8989,8987,879,9866,65
2022-05-12,Los Angeles,037,10098052,2785234,2768726,128083,2896809,31768
2022-05-12,Madera,039,155013,37688,37520,6144,43664,365
2022-05-12,Marin,041,260295,27558,35486,3229,38715,293
2022-05-12,Mariposa,043,17540,2484,2463,220,2683,30
2022-05-12,Mendocino,045,87422,13412,13349,3267,16616,124
2022-05-12,Merced,047,269075,64066,62627,9148,71775,818
2022-05-12,Modoc,049,8938,744,747,253,1000,8
2022-05-12,Mono,051,14174,3012,3002,149,3151,6
2022-05-12,Monterey,053,433212,81073,80620,14518,95138,735
2022-05-12,Napa,055,140530,26974,26698,1052,27750,143
2022-05-12,Nevada,057,99092,16357,16240,1265,17505,127
2022-05-12,Orange,059,3164182,561080,557134,43685,600819,7017
2022-05-12,Placer,061,380077,64531,63963,7600,71563,626
2022-05-12,Plumas,063,18699,3033,3006,367,3373,13
2022-05-12,Riverside,065,2383286,600522,597914,28495,626409,6471
2022-05-12,Sacramento,067,1510023,288469,286403,27824,314227,3022
2022-05-12,San Benito,069,59416,13226,13106,558,13664,98
2022-05-12,San Bernardino,071,2135413,582163,572057,25342,597399,7423
2022-05-12,San Diego,073,3302833,770946,770323,54654,824977,5271
2022-05-12,San Francisco,075,870044,137497,134916,9017,143933,866
2022-05-12,San Joaquin,077,732212,169522,168174,10385,178559,2236
2022-05-12,San Luis Obispo,079,281455,53756,53502,4032,57534,478
2022-05-12,San Mateo,081,765935,131386,129480,7716,137196,709
2022-05-12,Santa Barbara,083,443738,88315,87773,4876,92649,693
2022-05-12,Santa Clara,085,1922200,336679,328609,13539,342148,2297
2022-05-12,Santa Cruz,087,273765,51044,50268,2243,52511,263
2022-05-12,Shasta,089,179085,30917,30799,6133,36932,557
2022-05-12,Sierra,091,2930,275,275,50,325,4
2022-05-12,Siskiyou,093,43540,4480,4482,2760,7242,81
2022-05-12,Solano,095,438530,84715,83669,5836,89505,451
2022-05-12,Sonoma,097,501317,88172,87070,3209,90279,488
2022-05-12,Stanislaus,099,539301,119201,118586,18141,136727,1645
2022-05-12,Sutter,101,95872,20726,20690,2128,22818,226
2022-05-12,Tehama,103,63373,12130,12115,2600,14715,201
2022-05-12,Trinity,105,12862,1192,1188,288,1476,20
2022-05-12,Tulare,107,460477,107128,107077,28018,135095,1469
2022-05-12,Tuolumne,109,53932,12981,12851,595,13446,182
2022-05-12,Ventura,111,848112,177194,176317,10151,186468,1497
2022-05-12,Yolo,113,214977,38943,37737,3054,40791,316
2022-05-12,Yuba,115,75493,16079,16028,1250,17278,122
2022-05-11,Alameda,001,1643700,272207,267982,14738,282720,1853
2022-05-11,Alpine,002,1148,125,125,1,126,0
2022-05-11,Amador,005,37829,8629,8564,670,9234,86
2022-05-11,Butte,007,227075,33632,33339,7203,40542,423
2022-05-11,Calaveras,009,45235,7394,7368,368,7736,120
2022-05-11,Colusa,011,21464,3469,3462,1054,4516,21
2022-05-11,Contra Costa,013,1133247,201250,195153,14406,209559,1302
2022-05-11,Del Norte,015,27424,6012,5911,199,6110,50
2022-05-11,El Dorado,017,186661,27348,27172,3292,30464,212
2022-05-11,Fresno,019,978130,237619,233021,24758,257779,2754
2022-05-11,Glenn,021,27897,5028,5001,1620,6621,48
2022-05-11,Humboldt,023,135768,17845,17585,3255,20840,146
2022-05-11,Imperial,025,180216,55898,55751,10669,66420,917
2022-05-11,Inyo,027,18085,4122,4093,516,4609,56
2022-05-11,Kern,029,883053,193381,192795,46437,239232,2292
2022-05-11,Kings,031,150075,51850,51752,3537,55289,447
2022-05-11,Lake,033,64148,10837,10786,897,11683,137
2022-05-11,Lassen,035,31185,8988,8984,878,9862,65
2022-05-11,Los Angeles,037,10098052,2782118,2761410,127854,2889264,31747
2022-05-11,Madera,039,155013,37656,37496,6133,43629,365
2022-05-11,Marin,041,260295,27457,35336,3188,38524,292
2022-05-11,Mariposa,043,17540,2479,2461,220,2681,30
2022-05-11,Mendocino,045,87422,13397,13320,3250,16570,124
2022-05-11,Merced,047,269075,64023,62567,9127,71694,818
2022-05-11,Modoc,049,8938,743,747,253,1000,8
2022-05-11,Mono,051,14174,3012,2999,148,3147,6
2022-05-11,Monterey,053,433212,81010,80534,14467,95001,733
2022-05-11,Napa,055,140530,26923,26660,1050,27710,143
2022-05-11,Nevada,057,99092,16341,16230,1260,17490,127
2022-05-11,Orange,059,3164182,560401,556265,43600,599865,7009
2022-05-11,Placer,061,380077,64434,63823,7583,71406,625
2022-05-11,Plumas,063,18699,3025,2998,367,3365,13
2022-05-11,Riverside,065,2383286,600070,597302,28458,625760,6468
2022-05-11,Sacramento,067,1510023,288049,285799,27766,313565,3020
2022-05-11,San Benito,069,59416,13206,13088,554,13642,98
2022-05-11,San Bernardino,071,2135413,581800,571372,25333,596705,7354
2022-05-11,San Diego,073,3302833,769964,768135,54523,822658,5257
2022-05-11,San Francisco,075,870044,137000,134027,8992,143019,864
2022-05-11,San Joaquin,077,732212,169348,167949,10364,178313,2233
2022-05-11,San Luis Obispo,079,281455,53709,53420,4015,57435,478
2022-05-11,San Mateo,081,765935,130984,128821,7673,136494,711
2022-05-11,Santa Barbara,083,443738,88185,87593,4864,92457,693
2022-05-11,Santa Clara,085,1922200,335675,327177,13491,340668,2294
2022-05-11,Santa Cruz,087,273765,50886,50031,2229,52260,263
2022-05-11,Shasta,089,179085,30885,30768,6130,36898,564
2022-05-11,Sierra,091,2930,275,275,50,325,4
2022-05-11,Siskiyou,093,43540,4478,4478,2760,7238,81
2022-05-11,Solano,095,438530,84512,83464,5823,89287,450
2022-05-11,Sonoma,097,501317,87968,86798,3196,89994,488
2022-05-11,Stanislaus,099,539301,119098,118445,18119,136564,1644
2022-05-11,Sutter,101,95872,20711,20668,2127,22795,225
2022-05-11,Tehama,103,63373,12130,12106,2600,14706,201
2022-05-11,Trinity,105,12862,1190,1188,288,1476,20
2022-05-11,Tulare,107,460477,107072,107068,27986,135054,1468
2022-05-11,Tuolumne,109,53932,12964,12829,595,13424,181
2022-05-11,Ventura,111,848112,176995,175955,10109,186064,1491
2022-05-11,Yolo,113,214977,38828,37654,3049,40703,316
2022-05-11,Yuba,115,75493,16060,15997,1240,17237,122
2022-05-10,Alameda,001,1643700,271425,267982,14683,282665,1853
2022-05-10,Alpine,002,1148,125,125,1,126,0
2022-05-10,Amador,005,37829,8625,8564,669,9233,86
2022-05-10,Butte,007,227075,33605,33339,7199,40538,423
2022-05-10,Calaveras,009,45235,7390,7368,367,7735,120
2022-05-10,Colusa,011,21464,3469,3462,1053,4515,21
2022-05-10,Contra Costa,013,1133247,200764,195153,14364,209517,1302
2022-05-10,Del Norte,015,27424,5959,5911,199,6110,50
2022-05-10,El Dorado,017,186661,27311,27172,3286,30458,212
2022-05-10,Fresno,019,978130,237456,233021,24728,257749,2754
2022-05-10,Glenn,021,27897,5025,5001,1620,6621,48
2022-05-10,Humboldt,023,135768,17807,17585,3238,20823,146
2022-05-10,Imperial,025,180216,55863,55751,10651,66402,917
2022-05-10,Inyo,027,18085,4120,4093,510,4603,56
2022-05-10,Kern,029,883053,193279,192795,46396,239191,2292
2022-05-10,Kings,031,150075,51819,51752,3537,55289,447
2022-05-10,Lake,033,64148,10832,10786,897,11683,137
2022-05-10,Lassen,035,31185,8983,8984,878,9862,65
2022-05-10,Los Angeles,037,10098052,2778831,2761410,127621,2889031,31747
2022-05-10,Madera,039,155013,37623,37496,6120,43616,365
2022-05-10,Marin,041,260295,27340,35336,3145,38481,292
2022-05-10,Mariposa,043,17540,2479,2461,220,2681,30
2022-05-10,Mendocino,045,87422,13385,13320,3237,16557,124
2022-05-10,Merced,047,269075,63979,62567,9108,71675,818
2022-05-10,Modoc,049,8938,743,747,253,1000,8
2022-05-10,Mono,051,14174,3008,2999,145,3144,6
2022-05-10,Monterey,053,433212,80944,80534,14419,94953,733
2022-05-10,Napa,055,140530,26885,26660,1048,27708,143
2022-05-10,Nevada,057,99092,16321,16230,1257,17487,127
2022-05-10,Orange,059,3164182,559695,556265,43505,599770,7009
2022-05-10,Placer,061,380077,64320,63823,7567,71390,625
2022-05-10,Plumas,063,18699,3017,2998,366,3364,13
2022-05-10,Riverside,065,2383286,599644,597302,28429,625731,6468
2022-05-10,Sacramento,067,1510023,287543,285799,27699,313498,3020
2022-05-10,San Benito,069,59416,13189,13088,549,13637,98
2022-05-10,San Bernardino,071,2135413,581450,571372,25307,596679,7354
2022-05-10,San Diego,073,3302833,768949,768135,54401,822536,5257
2022-05-10,San Francisco,075,870044,136445,134027,8965,142992,864
2022-05-10,San Joaquin,077,732212,169193,167949,10302,178251,2233
2022-05-10,San Luis Obispo,079,281455,53633,53420,3990,57410,478
2022-05-10,San Mateo,081,765935,130601,128821,7635,136456,711
2022-05-10,Santa Barbara,083,443738,88069,87593,4849,92442,693
2022-05-10,Santa Clara,085,1922200,334641,327177,13411,340588,2294
2022-05-10,Santa Cruz,087,273765,50760,50031,2218,52249,263
2022-05-10,Shasta,089,179085,30865,30768,6129,36897,564
2022-05-10,Sierra,091,2930,275,275,49,324,4
2022-05-10,Siskiyou,093,43540,4474,4478,2760,7238,81
2022-05-10,Solano,095,438530,84324,83464,5804,89268,450
2022-05-10,Sonoma,097,501317,87726,86798,3158,89956,488
2022-05-10,Stanislaus,099,539301,119003,118445,18100,136545,1644
2022-05-10,Sutter,101,95872,20692,20668,2124,22792,225
2022-05-10,Tehama,103,63373,12127,12106,2593,14699,201
2022-05-10,Trinity,105,12862,1190,1188,288,1476,20
2022-05-10,Tulare,107,460477,107030,107068,27958,135026,1468
2022-05-10,Tuolumne,109,53932,12952,12829,595,13424,181
2022-05-10,Ventura,111,848112,176777,175955,10071,186026,1491
2022-05-10,Yolo,113,214977,38724,37654,3038,40692,316
2022-05-10,Yuba,115,75493,16039,15997,1237,17234,122
2022-05-09,Alameda,001,1643700,270648,267982,14639,282621,1853
2022-05-09,Alpine,002,1148,125,125,1,126,0
2022-05-09,Amador,005,37829,8619,8564,669,9233,86
2022-05-09,Butte,007,227075,33579,33339,7190,40529,423
2022-05-09,Calaveras,009,45235,7384,7368,367,7735,120
2022-05-09,Colusa,011,21464,3467,3462,1051,4513,21
2022-05-09,Contra Costa,013,1133247,200291,195153,14306,209459,1302
2022-05-09,Del Norte,015,27424,5950,5911,198,6109,50
2022-05-09,El Dorado,017,186661,27279,27172,3277,30449,212
2022-05-09,Fresno,019,978130,237299,233021,24706,257727,2754
2022-05-09,Glenn,021,27897,5023,5001,1619,6620,48
2022-05-09,Humboldt,023,135768,17756,17585,3216,20801,146
2022-05-09,Imperial,025,180216,55829,55751,10638,66389,917
2022-05-09,Inyo,027,18085,4117,4093,507,4600,56
2022-05-09,Kern,029,883053,193182,192795,46340,239135,2292
2022-05-09,Kings,031,150075,51788,51752,3536,55288,447
2022-05-09,Lake,033,64148,10824,10786,896,11682,137
2022-05-09,Lassen,035,31185,8981,8984,878,9862,65
2022-05-09,Los Angeles,037,10098052,2775482,2761410,127378,2888788,31747
2022-05-09,Madera,039,155013,37591,37496,6111,43607,365
2022-05-09,Marin,041,260295,27223,35336,3110,38446,292
2022-05-09,Mariposa,043,17540,2474,2461,220,2681,30
2022-05-09,Mendocino,045,87422,13374,13320,3226,16546,124
2022-05-09,Merced,047,269075,63939,62567,9089,71656,818
2022-05-09,Modoc,049,8938,743,747,253,1000,8
2022-05-09,Mono,051,14174,3006,2999,143,3142,6
2022-05-09,Monterey,053,433212,80852,80534,14366,94900,733
2022-05-09,Napa,055,140530,26835,26660,1046,27706,143
2022-05-09,Nevada,057,99092,16293,16230,1251,17481,127
2022-05-09,Orange,059,3164182,559023,556265,43422,599687,7009
2022-05-09,Placer,061,380077,64259,63823,7552,71375,625
2022-05-09,Plumas,063,18699,3008,2998,366,3364,13
2022-05-09,Riverside,065,2383286,599153,597302,28393,625695,6468
2022-05-09,Sacramento,067,1510023,287112,285799,27621,313420,3020
2022-05-09,San Benito,069,59416,13170,13088,547,13635,98
2022-05-09,San Bernardino,071,2135413,581111,571372,25296,596668,7354
2022-05-09,San Diego,073,3302833,767976,768135,54259,822394,5257
2022-05-09,San Francisco,075,870044,135885,134027,8939,142966,864
2022-05-09,San Joaquin,077,732212,169011,167949,10280,178229,2233
2022-05-09,San Luis Obispo,079,281455,53580,53420,3969,57389,478
2022-05-09,San Mateo,081,765935,130174,128821,7597,136418,711
2022-05-09,Santa Barbara,083,443738,87939,87593,4838,92431,693
2022-05-09,Santa Clara,085,1922200,333500,327177,13347,340524,2294
2022-05-09,Santa Cruz,087,273765,50619,50031,2210,52241,263
2022-05-09,Shasta,089,179085,30852,30768,6127,36895,564
2022-05-09,Sierra,091,2930,275,275,49,324,4
2022-05-09,Siskiyou,093,43540,4472,4478,2760,7238,81
2022-05-09,Solano,095,438530,84165,83464,5791,89255,450
2022-05-09,Sonoma,097,501317,87465,86798,3132,89930,488
2022-05-09,Stanislaus,099,539301,118907,118445,18082,136527,1644
2022-05-09,Sutter,101,95872,20679,20668,2123,22791,225
2022-05-09,Tehama,103,63373,12125,12106,2591,14697,201
2022-05-09,Trinity,105,12862,1190,1188,288,1476,20
2022-05-09,Tulare,107,460477,106982,107068,27922,134990,1468
2022-05-09,Tuolumne,109,53932,12944,12829,595,13424,181
2022-05-09,Ventura,111,848112,176560,175955,10021,185976,1491
2022-05-09,Yolo,113,214977,38615,37654,3029,40683,316
2022-05-09,Yuba,115,75493,16030,15997,1236,17233,122
2022-05-08,Alameda,001,1643700,269756,265198,14573,279771,1855
2022-05-08,Alpine,002,1148,125,125,1,126,0
2022-05-08,Amador,005,37829,8608,8556,666,9222,86
2022-05-08,Butte,007,227075,33555,33269,7179,40448,421
2022-05-08,Calaveras,009,45235,7377,7353,366,7719,120
2022-05-08,Colusa,011,21464,3466,3459,1051,4510,21
2022-05-08,Contra Costa,013,1133247,199776,193961,14225,208186,1302
2022-05-08,Del Norte,015,27424,5934,5884,198,6082,50
2022-05-08,El Dorado,017,186661,27241,27081,3272,30353,210
2022-05-08,Fresno,019,978130,237130,232655,24683,257338,2754
2022-05-08,Glenn,021,27897,5021,4996,1619,6615,48
2022-05-08,Humboldt,023,135768,17703,17410,3177,20587,146
2022-05-08,Imperial,025,180216,55795,55683,10629,66312,917
2022-05-08,Inyo,027,18085,4110,4087,507,4594,56
2022-05-08,Kern,029,883053,193088,192590,46293,238883,2287
2022-05-08,Kings,031,150075,51771,51702,3536,55238,447
2022-05-08,Lake,033,64148,10817,10766,896,11662,137
2022-05-08,Lassen,035,31185,8977,8978,878,9856,65
2022-05-08,Los Angeles,037,10098052,2771892,2751478,127088,2878566,31738
2022-05-08,Madera,039,155013,37569,37420,6092,43512,365
2022-05-08,Marin,041,260295,27097,34934,3063,37997,292
2022-05-08,Mariposa,043,17540,2467,2438,219,2657,30
2022-05-08,Mendocino,045,87422,13355,13270,3200,16470,124
2022-05-08,Merced,047,269075,63890,62471,9060,71531,818
2022-05-08,Modoc,049,8938,743,745,253,998,8
2022-05-08,Mono,051,14174,3005,2997,141,3138,6
2022-05-08,Monterey,053,433212,80759,80246,14284,94530,733
2022-05-08,Napa,055,140530,26794,26524,1043,27567,143
2022-05-08,Nevada,057,99092,16269,16171,1249,17420,127
2022-05-08,Orange,059,3164182,558336,554411,43317,597728,7007
2022-05-08,Placer,061,380077,64148,63577,7525,71102,625
2022-05-08,Plumas,063,18699,3004,2996,366,3362,13
2022-05-08,Riverside,065,2383286,598665,596022,28358,624380,6467
2022-05-08,Sacramento,067,1510023,286601,284564,27541,312105,3016
2022-05-08,San Benito,069,59416,13155,13047,544,13591,98
2022-05-08,San Bernardino,071,2135413,580675,570381,25261,595642,7306
2022-05-08,San Diego,073,3302833,766947,765377,54155,819532,5244
2022-05-08,San Francisco,075,870044,135230,132659,8907,141566,861
2022-05-08,San Joaquin,077,732212,168826,167568,10247,177815,2229
2022-05-08,San Luis Obispo,079,281455,53508,53273,3949,57222,477
2022-05-08,San Mateo,081,765935,129710,127615,7545,135160,709
2022-05-08,Santa Barbara,083,443738,87805,87305,4829,92134,692
2022-05-08,Santa Clara,085,1922200,332427,324946,13274,338220,2287
2022-05-08,Santa Cruz,087,273765,50439,49605,2206,51811,262
2022-05-08,Shasta,089,179085,30823,30721,6123,36844,563
2022-05-08,Sierra,091,2930,275,275,49,324,4
2022-05-08,Siskiyou,093,43540,4469,4470,2755,7225,81
2022-05-08,Solano,095,438530,83990,83038,5767,88805,450
2022-05-08,Sonoma,097,501317,87246,86150,3097,89247,488
2022-05-08,Stanislaus,099,539301,118799,118235,18057,136292,1643
2022-05-08,Sutter,101,95872,20658,20694,2119,22813,225
2022-05-08,Tehama,103,63373,12119,12098,2588,14686,201
2022-05-08,Trinity,105,12862,1189,1180,288,1468,20
2022-05-08,Tulare,107,460477,106940,106987,27888,134875,1468
2022-05-08,Tuolumne,109,53932,12931,12793,591,13384,181
2022-05-08,Ventura,111,848112,176324,175454,9975,185429,1491
2022-05-08,Yolo,113,214977,38508,37456,3015,40471,315
2022-05-08,Yuba,115,75493,16008,15964,1232,17196,122
2022-05-07,Alameda,001,1643700,269376,265198,14555,279753,1855
2022-05-07,Alpine,002,1148,125,125,1,126,0
2022-05-07,Amador,005,37829,8606,8556,666,9222,86
2022-05-07,Butte,007,227075,33547,33269,7173,40442,421
2022-05-07,Calaveras,009,45235,7370,7353,366,7719,120
2022-05-07,Colusa,011,21464,3466,3459,1051,4510,21
2022-05-07,Contra Costa,013,1133247,199534,193961,14208,208169,1302
2022-05-07,Del Norte,015,27424,5932,5884,198,6082,50
2022-05-07,El Dorado,017,186661,27223,27081,3270,30351,210
2022-05-07,Fresno,019,978130,237072,232655,24677,257332,2754
2022-05-07,Glenn,021,27897,5020,4996,1619,6615,48
2022-05-07,Humboldt,023,135768,17674,17410,3169,20579,146
2022-05-07,Imperial,025,180216,55772,55683,10623,66306,917
2022-05-07,Inyo,027,18085,4107,4087,507,4594,56
2022-05-07,Kern,029,883053,193053,192590,46272,238862,2287
2022-05-07,Kings,031,150075,51760,51702,3536,55238,447
2022-05-07,Lake,033,64148,10813,10766,896,11662,137
2022-05-07,Lassen,035,31185,8977,8978,878,9856,65
2022-05-07,Los Angeles,037,10098052,2770314,2751478,126916,2878394,31738
2022-05-07,Madera,039,155013,37562,37420,6092,43512,365
2022-05-07,Marin,041,260295,27023,34934,3031,37965,292
2022-05-07,Mariposa,043,17540,2464,2438,219,2657,30
2022-05-07,Mendocino,045,87422,13346,13270,3197,16467,124
2022-05-07,Merced,047,269075,63877,62471,9060,71531,818
2022-05-07,Modoc,049,8938,743,745,253,998,8
2022-05-07,Mono,051,14174,3004,2997,140,3137,6
2022-05-07,Monterey,053,433212,80699,80246,14258,94504,733
2022-05-07,Napa,055,140530,26764,26524,1042,27566,143
2022-05-07,Nevada,057,99092,16258,16171,1244,17415,127
2022-05-07,Orange,059,3164182,558002,554411,43263,597674,7007
2022-05-07,Placer,061,380077,64080,63577,7515,71092,625
2022-05-07,Plumas,063,18699,3004,2996,365,3361,13
2022-05-07,Riverside,065,2383286,598409,596022,28331,624353,6467
2022-05-07,Sacramento,067,1510023,286406,284564,27529,312093,3016
2022-05-07,San Benito,069,59416,13146,13047,539,13586,98
2022-05-07,San Bernardino,071,2135413,580463,570381,25256,595637,7306
2022-05-07,San Diego,073,3302833,766461,765377,54125,819502,5244
2022-05-07,San Francisco,075,870044,134901,132659,8887,141546,861
2022-05-07,San Joaquin,077,732212,168721,167568,10238,177806,2229
2022-05-07,San Luis Obispo,079,281455,53496,53273,3938,57211,477
2022-05-07,San Mateo,081,765935,129425,127615,7524,135139,709
2022-05-07,Santa Barbara,083,443738,87725,87305,4826,92131,692
2022-05-07,Santa Clara,085,1922200,331806,324946,13244,338190,2287
2022-05-07,Santa Cruz,087,273765,50386,49605,2196,51801,262
2022-05-07,Shasta,089,179085,30815,30721,6123,36844,563
2022-05-07,Sierra,091,2930,275,275,49,324,4
2022-05-07,Siskiyou,093,43540,4467,4470,2755,7225,81
2022-05-07,Solano,095,438530,83932,83038,5762,88800,450
2022-05-07,Sonoma,097,501317,87120,86150,3088,89238,488
2022-05-07,Stanislaus,099,539301,118752,118235,18048,136283,1643
2022-05-07,Sutter,101,95872,20649,20694,2119,22813,225
2022-05-07,Tehama,103,63373,12117,12098,2587,14685,201
2022-05-07,Trinity,105,12862,1189,1180,288,1468,20
2022-05-07,Tulare,107,460477,106916,106987,27875,134862,1468
2022-05-07,Tuolumne,109,53932,12924,12793,591,13384,181
2022-05-07,Ventura,111,848112,176213,175454,9951,185405,1491
2022-05-07,Yolo,113,214977,38463,37456,3013,40469,315
2022-05-07,Yuba,115,75493,15999,15964,1232,17196,122
2022-05-06,Alameda,001,1643700,268994,265198,14534,279732,1855
2022-05-06,Alpine,002,1148,125,125,1,126,0
2022-05-06,Amador,005,37829,8605,8556,665,9221,86
2022-05-06,Butte,007,227075,33538,33269,7170,40439,421
2022-05-06,Calaveras,009,45235,7368,7353,366,7719,120
2022-05-06,Colusa,011,21464,3466,3459,1051,4510,21
2022-05-06,Contra Costa,013,1133247,199302,193961,14195,208156,1302
2022-05-06,Del Norte,015,27424,5922,5884,198,6082,50
2022-05-06,El Dorado,017,186661,27198,27081,3267,30348,210
2022-05-06,Fresno,019,978130,236995,232655,24668,257323,2754
2022-05-06,Glenn,021,27897,5020,4996,1619,6615,48
2022-05-06,Humboldt,023,135768,17647,17410,3162,20572,146
2022-05-06,Imperial,025,180216,55763,55683,10620,66303,917
2022-05-06,Inyo,027,18085,4098,4087,504,4591,56
2022-05-06,Kern,029,883053,193001,192590,46242,238832,2287
2022-05-06,Kings,031,150075,51752,51702,3536,55238,447
2022-05-06,Lake,033,64148,10811,10766,896,11662,137
2022-05-06,Lassen,035,31185,8977,8978,878,9856,65
2022-05-06,Los Angeles,037,10098052,2768497,2751478,126767,2878245,31738
2022-05-06,Madera,039,155013,37548,37420,6089,43509,365
2022-05-06,Marin,041,260295,26945,34934,2986,37920,292
2022-05-06,Mariposa,043,17540,2463,2438,212,2650,30
2022-05-06,Mendocino,045,87422,13334,13270,3195,16465,124
2022-05-06,Merced,047,269075,63860,62471,9059,71530,818
2022-05-06,Modoc,049,8938,743,745,253,998,8
2022-05-06,Mono,051,14174,3003,2997,140,3137,6
2022-05-06,Monterey,053,433212,80660,80246,14221,94467,733
2022-05-06,Napa,055,140530,26747,26524,1042,27566,143
2022-05-06,Nevada,057,99092,16246,16171,1242,17413,127
2022-05-06,Orange,059,3164182,557659,554411,43196,597607,7007
2022-05-06,Placer,061,380077,64019,63577,7504,71081,625
2022-05-06,Plumas,063,18699,3002,2996,365,3361,13
2022-05-06,Riverside,065,2383286,598179,596022,28311,624333,6467
2022-05-06,Sacramento,067,1510023,286149,284564,27506,312070,3016
2022-05-06,San Benito,069,59416,13141,13047,539,13586,98
2022-05-06,San Bernardino,071,2135413,580286,570381,25250,595631,7306
2022-05-06,San Diego,073,3302833,765950,765377,54089,819466,5244
2022-05-06,San Francisco,075,870044,134575,132659,8866,141525,861
2022-05-06,San Joaquin,077,732212,168631,167568,10226,177794,2229
2022-05-06,San Luis Obispo,079,281455,53470,53273,3933,57206,477
2022-05-06,San Mateo,081,765935,129196,127615,7516,135131,709
2022-05-06,Santa Barbara,083,443738,87671,87305,4824,92129,692
2022-05-06,Santa Clara,085,1922200,331214,324946,13229,338175,2287
2022-05-06,Santa Cruz,087,273765,50321,49605,2192,51797,262
2022-05-06,Shasta,089,179085,30809,30721,6122,36843,563
2022-05-06,Sierra,091,2930,275,275,49,324,4
2022-05-06,Siskiyou,093,43540,4465,4470,2753,7223,81
2022-05-06,Solano,095,438530,83843,83038,5754,88792,450
2022-05-06,Sonoma,097,501317,86998,86150,3073,89223,488
2022-05-06,Stanislaus,099,539301,118695,118235,18041,136276,1643
2022-05-06,Sutter,101,95872,20643,20694,2119,22813,225
2022-05-06,Tehama,103,63373,12112,12098,2587,14685,201
2022-05-06,Trinity,105,12862,1188,1180,288,1468,20
2022-05-06,Tulare,107,460477,106896,106987,27865,134852,1468
2022-05-06,Tuolumne,109,53932,12917,12793,590,13383,181
2022-05-06,Ventura,111,848112,176096,175454,9921,185375,1491
2022-05-06,Yolo,113,214977,38416,37456,3009,40465,315
2022-05-06,Yuba,115,75493,15988,15964,1231,17195,122
2022-05-05,Alameda,001,1643700,268405,265198,14492,279690,1855
2022-05-05,Alpine,002,1148,125,125,1,126,0
2022-05-05,Amador,005,37829,8603,8556,664,9220,86
2022-05-05,Butte,007,227075,33519,33269,7163,40432,421
2022-05-05,Calaveras,009,45235,7364,7353,364,7717,120
2022-05-05,Colusa,011,21464,3466,3459,1048,4507,21
2022-05-05,Contra Costa,013,1133247,198909,193961,14151,208112,1302
2022-05-05,Del Norte,015,27424,5921,5884,198,6082,50
2022-05-05,El Dorado,017,186661,27173,27081,3260,30341,210
2022-05-05,Fresno,019,978130,236894,232655,24645,257300,2754
2022-05-05,Glenn,021,27897,5020,4996,1618,6614,48
2022-05-05,Humboldt,023,135768,17610,17410,3148,20558,146
2022-05-05,Imperial,025,180216,55756,55683,10609,66292,917
2022-05-05,Inyo,027,18085,4094,4087,503,4590,56
2022-05-05,Kern,029,883053,192943,192590,46205,238795,2287
2022-05-05,Kings,031,150075,51744,51702,3536,55238,447
2022-05-05,Lake,033,64148,10807,10766,896,11662,137
2022-05-05,Lassen,035,31185,8977,8978,878,9856,65
2022-05-05,Los Angeles,037,10098052,2765919,2751478,126547,2878025,31738
2022-05-05,Madera,039,155013,37531,37420,6084,43504,365
2022-05-05,Marin,041,260295,26835,34934,2964,37898,292
2022-05-05,Mariposa,043,17540,2461,2438,211,2649,30
2022-05-05,Mendocino,045,87422,13323,13270,3187,16457,124
2022-05-05,Merced,047,269075,63828,62471,9055,71526,818
2022-05-05,Modoc,049,8938,743,745,251,996,8
2022-05-05,Mono,051,14174,3002,2997,139,3136,6
2022-05-05,Monterey,053,433212,80604,80246,14192,94438,733
2022-05-05,Napa,055,140530,26714,26524,1041,27565,143
2022-05-05,Nevada,057,99092,16236,16171,1239,17410,127
2022-05-05,Orange,059,3164182,557145,554411,43138,597549,7007
2022-05-05,Placer,061,380077,63955,63577,7493,71070,625
2022-05-05,Plumas,063,18699,3001,2996,365,3361,13
2022-05-05,Riverside,065,2383286,597842,596022,28284,624306,6467
2022-05-05,Sacramento,067,1510023,285810,284564,27451,312015,3016
2022-05-05,San Benito,069,59416,13130,13047,537,13584,98
2022-05-05,San Bernardino,071,2135413,579995,570381,25234,595615,7306
2022-05-05,San Diego,073,3302833,765209,765377,54020,819397,5244
2022-05-05,San Francisco,075,870044,134157,132659,8831,141490,861
2022-05-05,San Joaquin,077,732212,168541,167568,10198,177766,2229
2022-05-05,San Luis Obispo,079,281455,53434,53273,3918,57191,477
2022-05-05,San Mateo,081,765935,128858,127615,7491,135106,709
2022-05-05,Santa Barbara,083,443738,87596,87305,4819,92124,692
2022-05-05,Santa Clara,085,1922200,330417,324946,13167,338113,2287
2022-05-05,Santa Cruz,087,273765,50223,49605,2188,51793,262
2022-05-05,Shasta,089,179085,30799,30721,6120,36841,563
2022-05-05,Sierra,091,2930,275,275,49,324,4
2022-05-05,Siskiyou,093,43540,4463,4470,2753,7223,81
2022-05-05,Solano,095,438530,83722,83038,5736,88774,450
2022-05-05,Sonoma,097,501317,86825,86150,3055,89205,488
2022-05-05,Stanislaus,099,539301,118637,118235,18027,136262,1643
2022-05-05,Sutter,101,95872,20641,20694,2117,22811,225
2022-05-05,Tehama,103,63373,12108,12098,2585,14683,201
2022-05-05,Trinity,105,12862,1188,1180,288,1468,20
2022-05-05,Tulare,107,460477,106866,106987,27847,134834,1468
2022-05-05,Tuolumne,109,53932,12899,12793,587,13380,181
2022-05-05,Ventura,111,848112,175909,175454,9878,185332,1491
2022-05-05,Yolo,113,214977,38344,37456,2998,40454,315
2022-05-05,Yuba,115,75493,15978,15964,1228,17192,122
2022-05-04,Alameda,001,1643700,267734,263736,14450,278186,1850
2022-05-04,Alpine,002,1148,125,124,1,125,0
2022-05-04,Amador,005,37829,8600,8546,663,9209,86
2022-05-04,Butte,007,227075,33502,33220,7158,40378,417
2022-05-04,Calaveras,009,45235,7359,7344,364,7708,120
2022-05-04,Colusa,011,21464,3465,3460,1048,4508,21
2022-05-04,Contra Costa,013,1133247,198542,193175,14096,207271,1302
2022-05-04,Del Norte,015,27424,5913,5866,198,6064,50
2022-05-04,El Dorado,017,186661,27145,27021,3253,30274,210
2022-05-04,Fresno,019,978130,236776,232332,24635,256967,2751
2022-05-04,Glenn,021,27897,5018,4995,1618,6613,48
2022-05-04,Humboldt,023,135768,17570,17316,3138,20454,146
2022-05-04,Imperial,025,180216,55733,55548,10601,66149,910
2022-05-04,Inyo,027,18085,4094,4085,500,4585,56
2022-05-04,Kern,029,883053,192877,192432,46169,238601,2281
2022-05-04,Kings,031,150075,51726,51663,3535,55198,447
2022-05-04,Lake,033,64148,10802,10758,896,11654,137
2022-05-04,Lassen,035,31185,8976,8972,876,9848,65
2022-05-04,Los Angeles,037,10098052,2763138,2744894,126358,2871252,31722
2022-05-04,Madera,039,155013,37507,37395,6079,43474,365
2022-05-04,Marin,041,260295,26748,34727,2942,37669,291
2022-05-04,Mariposa,043,17540,2455,2435,206,2641,30
2022-05-04,Mendocino,045,87422,13315,13247,3179,16426,123
2022-05-04,Merced,047,269075,63801,62419,9044,71463,818
2022-05-04,Modoc,049,8938,743,746,251,997,8
2022-05-04,Mono,051,14174,3001,2993,136,3129,6
2022-05-04,Monterey,053,433212,80542,80038,14168,94206,732
2022-05-04,Napa,055,140530,26676,26434,1038,27472,143
2022-05-04,Nevada,057,99092,16220,16136,1235,17371,127
2022-05-04,Orange,059,3164182,556557,553177,43061,596238,7006
2022-05-04,Placer,061,380077,63872,63410,7488,70898,625
2022-05-04,Plumas,063,18699,2999,2947,365,3312,13
2022-05-04,Riverside,065,2383286,597507,594981,28258,623239,6457
2022-05-04,Sacramento,067,1510023,285478,283939,27412,311351,3013
2022-05-04,San Benito,069,59416,13121,13019,531,13550,98
2022-05-04,San Bernardino,071,2135413,579729,569570,25221,594791,7240
2022-05-04,San Diego,073,3302833,764460,763453,53928,817381,5239
2022-05-04,San Francisco,075,870044,133748,131599,8810,140409,860
2022-05-04,San Joaquin,077,732212,168437,167280,10169,177449,2225
2022-05-04,San Luis Obispo,079,281455,53390,53156,3907,57063,477
2022-05-04,San Mateo,081,765935,128533,126800,7457,134257,710
2022-05-04,Santa Barbara,083,443738,87491,87058,4804,91862,688
2022-05-04,Santa Clara,085,1922200,329610,322805,13114,335919,2285
2022-05-04,Santa Cruz,087,273765,50108,49230,2185,51415,262
2022-05-04,Shasta,089,179085,30783,30681,6118,36799,556
2022-05-04,Sierra,091,2930,275,275,49,324,4
2022-05-04,Siskiyou,093,43540,4460,4463,2751,7214,81
2022-05-04,Solano,095,438530,83576,82796,5725,88521,449
2022-05-04,Sonoma,097,501317,86649,85694,3030,88724,488
2022-05-04,Stanislaus,099,539301,118574,118123,18016,136139,1643
2022-05-04,Sutter,101,95872,20630,20672,2115,22787,224
2022-05-04,Tehama,103,63373,12106,12090,2580,14670,201
2022-05-04,Trinity,105,12862,1188,1180,288,1468,20
2022-05-04,Tulare,107,460477,106846,106935,27832,134767,1464
2022-05-04,Tuolumne,109,53932,12892,12757,585,13342,181
2022-05-04,Ventura,111,848112,175741,175066,9836,184902,1486
2022-05-04,Yolo,113,214977,38268,37344,2993,40337,315
2022-05-04,Yuba,115,75493,15969,15940,1225,17165,122
2022-05-03,Alameda,001,1643700,267133,263736,14407,278143,1850
2022-05-03,Alpine,002,1148,125,124,1,125,0
2022-05-03,Amador,005,37829,8597,8546,662,9208,86
2022-05-03,Butte,007,227075,33486,33220,7153,40373,417
2022-05-03,Calaveras,009,45235,7352,7344,364,7708,120
2022-05-03,Colusa,011,21464,3464,3460,1048,4508,21
2022-05-03,Contra Costa,013,1133247,198149,193175,14053,207228,1302
2022-05-03,Del Norte,015,27424,5906,5866,196,6062,50
2022-05-03,El Dorado,017,186661,27124,27021,3249,30270,210
2022-05-03,Fresno,019,978130,236666,232332,24616,256948,2751
2022-05-03,Glenn,021,27897,5017,4995,1616,6611,48
2022-05-03,Humboldt,023,135768,17534,17316,3119,20435,146
2022-05-03,Imperial,025,180216,55711,55548,10595,66143,910
2022-05-03,Inyo,027,18085,4092,4085,500,4585,56
2022-05-03,Kern,029,883053,192799,192432,46137,238569,2281
2022-05-03,Kings,031,150075,51714,51663,3535,55198,447
2022-05-03,Lake,033,64148,10798,10758,895,11653,137
2022-05-03,Lassen,035,31185,8976,8972,876,9848,65
2022-05-03,Los Angeles,037,10098052,2760079,2744894,126125,2871019,31722
2022-05-03,Madera,039,155013,37476,37395,6074,43469,365
2022-05-03,Marin,041,260295,26638,34727,2919,37646,291
2022-05-03,Mariposa,043,17540,2447,2435,206,2641,30
2022-05-03,Mendocino,045,87422,13300,13247,3161,16408,123
2022-05-03,Merced,047,269075,63773,62419,9020,71439,818
2022-05-03,Modoc,049,8938,742,746,251,997,8
2022-05-03,Mono,051,14174,2999,2993,135,3128,6
2022-05-03,Monterey,053,433212,80490,80038,14134,94172,732
2022-05-03,Napa,055,140530,26640,26434,1031,27465,143
2022-05-03,Nevada,057,99092,16209,16136,1235,17371,127
2022-05-03,Orange,059,3164182,556030,553177,42982,596159,7006
2022-05-03,Placer,061,380077,63778,63410,7473,70883,625
2022-05-03,Plumas,063,18699,2995,2947,365,3312,13
2022-05-03,Riverside,065,2383286,597141,594981,28234,623215,6457
2022-05-03,Sacramento,067,1510023,285160,283939,27364,311303,3013
2022-05-03,San Benito,069,59416,13108,13019,528,13547,98
2022-05-03,San Bernardino,071,2135413,579460,569570,25209,594779,7240
2022-05-03,San Diego,073,3302833,763617,763453,53828,817281,5239
2022-05-03,San Francisco,075,870044,133271,131599,8780,140379,860
2022-05-03,San Joaquin,077,732212,168355,167280,10142,177422,2225
2022-05-03,San Luis Obispo,079,281455,53343,53156,3898,57054,477
2022-05-03,San Mateo,081,765935,128184,126800,7424,134224,710
2022-05-03,Santa Barbara,083,443738,87402,87058,4802,91860,688
2022-05-03,Santa Clara,085,1922200,328792,322805,13064,335869,2285
2022-05-03,Santa Cruz,087,273765,50016,49230,2179,51409,262
2022-05-03,Shasta,089,179085,30764,30681,6117,36798,556
2022-05-03,Sierra,091,2930,275,275,49,324,4
2022-05-03,Siskiyou,093,43540,4459,4463,2751,7214,81
2022-05-03,Solano,095,438530,83386,82796,5713,88509,449
2022-05-03,Sonoma,097,501317,86467,85694,3006,88700,488
2022-05-03,Stanislaus,099,539301,118520,118123,18003,136126,1643
2022-05-03,Sutter,101,95872,20625,20672,2113,22785,224
2022-05-03,Tehama,103,63373,12102,12090,2579,14669,201
2022-05-03,Trinity,105,12862,1187,1180,288,1468,20
2022-05-03,Tulare,107,460477,106818,106935,27818,134753,1464
2022-05-03,Tuolumne,109,53932,12879,12757,585,13342,181
2022-05-03,Ventura,111,848112,175572,175066,9793,184859,1486
2022-05-03,Yolo,113,214977,38200,37344,2992,40336,315
2022-05-03,Yuba,115,75493,15958,15940,1217,17157,122
2022-05-02,Alameda,001,1643700,266496,263736,14365,278101,1850
2022-05-02,Alpine,002,1148,125,124,1,125,0
2022-05-02,Amador,005,37829,8594,8546,659,9205,86
2022-05-02,Butte,007,227075,33463,33220,7150,40370,417
2022-05-02,Calaveras,009,45235,7351,7344,363,7707,120
2022-05-02,Colusa,011,21464,3464,3460,1048,4508,21
2022-05-02,Contra Costa,013,1133247,197775,193175,14016,207191,1302
2022-05-02,Del Norte,015,27424,5901,5866,191,6057,50
2022-05-02,El Dorado,017,186661,27100,27021,3244,30265,210
2022-05-02,Fresno,019,978130,236553,232332,24588,256920,2751
2022-05-02,Glenn,021,27897,5015,4995,1616,6611,48
2022-05-02,Humboldt,023,135768,17483,17316,3105,20421,146
2022-05-02,Imperial,025,180216,55698,55548,10588,66136,910
2022-05-02,Inyo,027,18085,4091,4085,498,4583,56
2022-05-02,Kern,029,883053,192715,192432,46108,238540,2281
2022-05-02,Kings,031,150075,51697,51663,3535,55198,447
2022-05-02,Lake,033,64148,10794,10758,895,11653,137
2022-05-02,Lassen,035,31185,8974,8972,876,9848,65
2022-05-02,Los Angeles,037,10098052,2757053,2744894,125906,2870800,31722
2022-05-02,Madera,039,155013,37459,37395,6067,43462,365
2022-05-02,Marin,041,260295,26512,34727,2896,37623,291
2022-05-02,Mariposa,043,17540,2442,2435,206,2641,30
2022-05-02,Mendocino,045,87422,13282,13247,3148,16395,123
2022-05-02,Merced,047,269075,63741,62419,9013,71432,818
2022-05-02,Modoc,049,8938,741,746,251,997,8
2022-05-02,Mono,051,14174,2997,2993,134,3127,6
2022-05-02,Monterey,053,433212,80412,80038,14093,94131,732
2022-05-02,Napa,055,140530,26601,26434,1029,27463,143
2022-05-02,Nevada,057,99092,16191,16136,1233,17369,127
2022-05-02,Orange,059,3164182,555487,553177,42886,596063,7006
2022-05-02,Placer,061,380077,63722,63410,7466,70876,625
2022-05-02,Plumas,063,18699,2995,2947,365,3312,13
2022-05-02,Riverside,065,2383286,596750,594981,28207,623188,6457
2022-05-02,Sacramento,067,1510023,284854,283939,27318,311257,3013
2022-05-02,San Benito,069,59416,13096,13019,528,13547,98
2022-05-02,San Bernardino,071,2135413,579173,569570,25191,594761,7240
2022-05-02,San Diego,073,3302833,762754,763453,53732,817185,5239
2022-05-02,San Francisco,075,870044,132835,131599,8753,140352,860
2022-05-02,San Joaquin,077,732212,168239,167280,10130,177410,2225
2022-05-02,San Luis Obispo,079,281455,53290,53156,3889,57045,477
2022-05-02,San Mateo,081,765935,127859,126800,7409,134209,710
2022-05-02,Santa Barbara,083,443738,87301,87058,4798,91856,688
2022-05-02,Santa Clara,085,1922200,327877,322805,13018,335823,2285
2022-05-02,Santa Cruz,087,273765,49890,49230,2175,51405,262
2022-05-02,Shasta,089,179085,30745,30681,6116,36797,556
2022-05-02,Sierra,091,2930,275,275,49,324,4
2022-05-02,Siskiyou,093,43540,4456,4463,2749,7212,81
2022-05-02,Solano,095,438530,83245,82796,5703,88499,449
2022-05-02,Sonoma,097,501317,86286,85694,2985,88679,488
2022-05-02,Stanislaus,099,539301,118447,118123,17989,136112,1643
2022-05-02,Sutter,101,95872,20618,20672,2110,22782,224
2022-05-02,Tehama,103,63373,12097,12090,2576,14666,201
2022-05-02,Trinity,105,12862,1186,1180,288,1468,20
2022-05-02,Tulare,107,460477,106795,106935,27802,134737,1464
2022-05-02,Tuolumne,109,53932,12873,12757,585,13342,181
2022-05-02,Ventura,111,848112,175409,175066,9761,184827,1486
2022-05-02,Yolo,113,214977,38122,37344,2986,40330,315
2022-05-02,Yuba,115,75493,15953,15940,1215,17155,122
2022-05-01,Alameda,001,1643700,265795,262027,14312,276339,1851
2022-05-01,Alpine,002,1148,125,124,1,125,0
2022-05-01,Amador,005,37829,8594,8533,659,9192,86
2022-05-01,Butte,007,227075,33436,33172,7145,40317,418
2022-05-01,Calaveras,009,45235,7347,7328,357,7685,120
2022-05-01,Colusa,011,21464,3464,3457,1048,4505,21
2022-05-01,Contra Costa,013,1133247,197389,192136,13945,206081,1301
2022-05-01,Del Norte,015,27424,5893,5841,191,6032,50
2022-05-01,El Dorado,017,186661,27069,26946,3240,30186,210
2022-05-01,Fresno,019,978130,236447,232067,24568,256635,2748
2022-05-01,Glenn,021,27897,5015,4995,1616,6611,48
2022-05-01,Humboldt,023,135768,17419,17194,3080,20274,145
2022-05-01,Imperial,025,180216,55674,55503,10585,66088,910
2022-05-01,Inyo,027,18085,4090,4084,497,4581,56
2022-05-01,Kern,029,883053,192651,192250,46062,238312,2265
2022-05-01,Kings,031,150075,51676,51640,3531,55171,447
2022-05-01,Lake,033,64148,10787,10742,893,11635,137
2022-05-01,Lassen,035,31185,8974,8966,876,9842,65
2022-05-01,Los Angeles,037,10098052,2754045,2736900,125671,2862571,31712
2022-05-01,Madera,039,155013,37442,37360,6056,43416,365
2022-05-01,Marin,041,260295,26425,34519,2863,37382,291
2022-05-01,Mariposa,043,17540,2441,2430,206,2636,30
2022-05-01,Mendocino,045,87422,13263,13219,3132,16351,123
2022-05-01,Merced,047,269075,63709,62357,8997,71354,818
2022-05-01,Modoc,049,8938,741,745,251,996,8
2022-05-01,Mono,051,14174,2994,2989,132,3121,6
2022-05-01,Monterey,053,433212,80333,79881,14052,93933,731
2022-05-01,Napa,055,140530,26556,26319,1025,27344,143
2022-05-01,Nevada,057,99092,16172,16100,1232,17332,127
2022-05-01,Orange,059,3164182,554927,551822,42782,594604,6998
2022-05-01,Placer,061,380077,63649,63273,7452,70725,625
2022-05-01,Plumas,063,18699,2994,2946,365,3311,13
2022-05-01,Riverside,065,2383286,596287,593965,28172,622137,6457
2022-05-01,Sacramento,067,1510023,284519,283048,27255,310303,3007
2022-05-01,San Benito,069,59416,13088,12988,528,13516,98
2022-05-01,San Bernardino,071,2135413,578854,568758,25174,593932,7191
2022-05-01,San Diego,073,3302833,761872,761253,53641,814894,5238
2022-05-01,San Francisco,075,870044,132343,130241,8722,138963,860
2022-05-01,San Joaquin,077,732212,168096,167028,10100,177128,2225
2022-05-01,San Luis Obispo,079,281455,53218,53040,3873,56913,477
2022-05-01,San Mateo,081,765935,127493,125807,7370,133177,705
2022-05-01,Santa Barbara,083,443738,87196,86768,4788,91556,688
2022-05-01,Santa Clara,085,1922200,326928,320709,12968,333677,2281
2022-05-01,Santa Cruz,087,273765,49738,48798,2167,50965,262
2022-05-01,Shasta,089,179085,30729,30649,6114,36763,554
2022-05-01,Sierra,091,2930,275,274,49,323,4
2022-05-01,Siskiyou,093,43540,4455,4458,2743,7201,81
2022-05-01,Solano,095,438530,83113,82459,5688,88147,449
2022-05-01,Sonoma,097,501317,86067,85290,2957,88247,488
2022-05-01,Stanislaus,099,539301,118392,117943,17973,135916,1643
2022-05-01,Sutter,101,95872,20610,20644,2103,22747,224
2022-05-01,Tehama,103,63373,12096,12078,2575,14653,202
2022-05-01,Trinity,105,12862,1186,1179,288,1467,20
2022-05-01,Tulare,107,460477,106762,106856,27781,134637,1458
2022-05-01,Tuolumne,109,53932,12853,12713,579,13292,181
2022-05-01,Ventura,111,848112,175237,174679,9708,184387,1486
2022-05-01,Yolo,113,214977,38057,37173,2976,40149,314
2022-05-01,Yuba,115,75493,15943,15917,1213,17130,121
2022-04-30,Alameda,001,1643700,265386,262027,14295,276322,1851
2022-04-30,Alpine,002,1148,125,124,1,125,0
2022-04-30,Amador,005,37829,8592,8533,659,9192,86
2022-04-30,Butte,007,227075,33430,33172,7141,40313,418
2022-04-30,Calaveras,009,45235,7344,7328,356,7684,120
2022-04-30,Colusa,011,21464,3463,3457,1048,4505,21
2022-04-30,Contra Costa,013,1133247,197142,192136,13935,206071,1301
2022-04-30,Del Norte,015,27424,5888,5841,191,6032,50
2022-04-30,El Dorado,017,186661,27050,26946,3236,30182,210
2022-04-30,Fresno,019,978130,236400,232067,24561,256628,2748
2022-04-30,Glenn,021,27897,5014,4995,1615,6610,48
2022-04-30,Humboldt,023,135768,17376,17194,3071,20265,145
2022-04-30,Imperial,025,180216,55661,55503,10582,66085,910
2022-04-30,Inyo,027,18085,4090,4084,497,4581,56
2022-04-30,Kern,029,883053,192615,192250,46044,238294,2265
2022-04-30,Kings,031,150075,51670,51640,3530,55170,447
2022-04-30,Lake,033,64148,10784,10742,893,11635,137
2022-04-30,Lassen,035,31185,8974,8966,876,9842,65
2022-04-30,Los Angeles,037,10098052,2752663,2736900,125495,2862395,31712
2022-04-30,Madera,039,155013,37431,37360,6055,43415,365
2022-04-30,Marin,041,260295,26379,34519,2833,37352,291
2022-04-30,Mariposa,043,17540,2439,2430,205,2635,30
2022-04-30,Mendocino,045,87422,13259,13219,3132,16351,123
2022-04-30,Merced,047,269075,63694,62357,8995,71352,818
2022-04-30,Modoc,049,8938,741,745,251,996,8
2022-04-30,Mono,051,14174,2993,2989,130,3119,6
2022-04-30,Monterey,053,433212,80265,79881,14029,93910,731
2022-04-30,Napa,055,140530,26533,26319,1024,27343,143
2022-04-30,Nevada,057,99092,16157,16100,1231,17331,127
2022-04-30,Orange,059,3164182,554660,551822,42739,594561,6998
2022-04-30,Placer,061,380077,63603,63273,7444,70717,625
2022-04-30,Plumas,063,18699,2991,2946,365,3311,13
2022-04-30,Riverside,065,2383286,596042,593965,28154,622119,6457
2022-04-30,Sacramento,067,1510023,284397,283048,27242,310290,3007
2022-04-30,San Benito,069,59416,13085,12988,528,13516,98
2022-04-30,San Bernardino,071,2135413,578679,568758,25165,593923,7191
2022-04-30,San Diego,073,3302833,761498,761253,53608,814861,5238
2022-04-30,San Francisco,075,870044,132054,130241,8699,138940,860
2022-04-30,San Joaquin,077,732212,168041,167028,10095,177123,2225
2022-04-30,San Luis Obispo,079,281455,53207,53040,3870,56910,477
2022-04-30,San Mateo,081,765935,127274,125807,7352,133159,705
2022-04-30,Santa Barbara,083,443738,87140,86768,4785,91553,688
2022-04-30,Santa Clara,085,1922200,326354,320709,12944,333653,2281
2022-04-30,Santa Cruz,087,273765,49692,48798,2167,50965,262
2022-04-30,Shasta,089,179085,30722,30649,6112,36761,554
2022-04-30,Sierra,091,2930,275,274,49,323,4
2022-04-30,Siskiyou,093,43540,4453,4458,2742,7200,81
2022-04-30,Solano,095,438530,83094,82459,5686,88145,449
2022-04-30,Sonoma,097,501317,85950,85290,2945,88235,488
2022-04-30,Stanislaus,099,539301,118361,117943,17967,135910,1643
2022-04-30,Sutter,101,95872,20605,20644,2103,22747,224
2022-04-30,Tehama,103,63373,12092,12078,2573,14651,202
2022-04-30,Trinity,105,12862,1186,1179,288,1467,20
2022-04-30,Tulare,107,460477,106742,106856,27769,134625,1458
2022-04-30,Tuolumne,109,53932,12844,12713,579,13292,181
2022-04-30,Ventura,111,848112,175153,174679,9676,184355,1486
2022-04-30,Yolo,113,214977,38011,37173,2975,40148,314
2022-04-30,Yuba,115,75493,15937,15917,1212,17129,121
2022-04-29,Alameda,001,1643700,265076,262027,14281,276308,1851
2022-04-29,Alpine,002,1148,124,124,1,125,0
2022-04-29,Amador,005,37829,8585,8533,657,9190,86
2022-04-29,Butte,007,227075,33425,33172,7135,40307,418
2022-04-29,Calaveras,009,45235,7342,7328,356,7684,120
2022-04-29,Colusa,011,21464,3462,3457,1048,4505,21
2022-04-29,Contra Costa,013,1133247,196947,192136,13916,206052,1301
2022-04-29,Del Norte,015,27424,5884,5841,191,6032,50
2022-04-29,El Dorado,017,186661,27038,26946,3234,30180,210
2022-04-29,Fresno,019,978130,236349,232067,24553,256620,2748
2022-04-29,Glenn,021,27897,5014,4995,1614,6609,48
2022-04-29,Humboldt,023,135768,17351,17194,3063,20257,145
2022-04-29,Imperial,025,180216,55645,55503,10581,66084,910
2022-04-29,Inyo,027,18085,4090,4084,495,4579,56
2022-04-29,Kern,029,883053,192587,192250,46033,238283,2265
2022-04-29,Kings,031,150075,51664,51640,3530,55170,447
2022-04-29,Lake,033,64148,10783,10742,893,11635,137
2022-04-29,Lassen,035,31185,8973,8966,876,9842,65
2022-04-29,Los Angeles,037,10098052,2751368,2736900,125350,2862250,31712
2022-04-29,Madera,039,155013,37421,37360,6054,43414,365
2022-04-29,Marin,041,260295,26314,34519,2813,37332,291
2022-04-29,Mariposa,043,17540,2437,2430,205,2635,30
2022-04-29,Mendocino,045,87422,13254,13219,3131,16350,123
2022-04-29,Merced,047,269075,63682,62357,8993,71350,818
2022-04-29,Modoc,049,8938,741,745,251,996,8
2022-04-29,Mono,051,14174,2993,2989,130,3119,6
2022-04-29,Monterey,053,433212,80231,79881,14015,93896,731
2022-04-29,Napa,055,140530,26505,26319,1022,27341,143
2022-04-29,Nevada,057,99092,16150,16100,1230,17330,127
2022-04-29,Orange,059,3164182,554393,551822,42685,594507,6998
2022-04-29,Placer,061,380077,63573,63273,7437,70710,625
2022-04-29,Plumas,063,18699,2990,2946,365,3311,13
2022-04-29,Riverside,065,2383286,595822,593965,28133,622098,6457
2022-04-29,Sacramento,067,1510023,284250,283048,27234,310282,3007
2022-04-29,San Benito,069,59416,13080,12988,528,13516,98
2022-04-29,San Bernardino,071,2135413,578521,568758,25155,593913,7191
2022-04-29,San Diego,073,3302833,761082,761253,53582,814835,5238
2022-04-29,San Francisco,075,870044,131831,130241,8679,138920,860
2022-04-29,San Joaquin,077,732212,167986,167028,10091,177119,2225
2022-04-29,San Luis Obispo,079,281455,53192,53040,3865,56905,477
2022-04-29,San Mateo,081,765935,127075,125807,7339,133146,705
2022-04-29,Santa Barbara,083,443738,87100,86768,4783,91551,688
2022-04-29,Santa Clara,085,1922200,325843,320709,12914,333623,2281
2022-04-29,Santa Cruz,087,273765,49636,48798,2163,50961,262
2022-04-29,Shasta,089,179085,30720,30649,6111,36760,554
2022-04-29,Sierra,091,2930,275,274,49,323,4
2022-04-29,Siskiyou,093,43540,4452,4458,2742,7200,81
2022-04-29,Solano,095,438530,83037,82459,5681,88140,449
2022-04-29,Sonoma,097,501317,85842,85290,2932,88222,488
2022-04-29,Stanislaus,099,539301,118338,117943,17961,135904,1643
2022-04-29,Sutter,101,95872,20598,20644,2102,22746,224
2022-04-29,Tehama,103,63373,12090,12078,2573,14651,202
2022-04-29,Trinity,105,12862,1186,1179,288,1467,20
2022-04-29,Tulare,107,460477,106724,106856,27752,134608,1458
2022-04-29,Tuolumne,109,53932,12837,12713,576,13289,181
2022-04-29,Ventura,111,848112,175077,174679,9654,184333,1486
2022-04-29,Yolo,113,214977,37978,37173,2972,40145,314
2022-04-29,Yuba,115,75493,15932,15917,1212,17129,121
2022-04-28,Alameda,001,1643700,264635,262027,14245,276272,1851
2022-04-28,Alpine,002,1148,124,124,1,125,0
2022-04-28,Amador,005,37829,8582,8533,657,9190,86
2022-04-28,Butte,007,227075,33416,33172,7129,40301,418
2022-04-28,Calaveras,009,45235,7338,7328,356,7684,120
2022-04-28,Colusa,011,21464,3462,3457,1048,4505,21
2022-04-28,Contra Costa,013,1133247,196689,192136,13875,206011,1301
2022-04-28,Del Norte,015,27424,5878,5841,191,6032,50
2022-04-28,El Dorado,017,186661,27016,26946,3230,30176,210
2022-04-28,Fresno,019,978130,236290,232067,24544,256611,2748
2022-04-28,Glenn,021,27897,5011,4995,1614,6609,48
2022-04-28,Humboldt,023,135768,17317,17194,3047,20241,145
2022-04-28,Imperial,025,180216,55633,55503,10576,66079,910
2022-04-28,Inyo,027,18085,4090,4084,495,4579,56
2022-04-28,Kern,029,883053,192548,192250,46019,238269,2265
2022-04-28,Kings,031,150075,51658,51640,3530,55170,447
2022-04-28,Lake,033,64148,10779,10742,893,11635,137
2022-04-28,Lassen,035,31185,8973,8966,876,9842,65
2022-04-28,Los Angeles,037,10098052,2749310,2736900,125163,2862063,31712
2022-04-28,Madera,039,155013,37415,37360,6051,43411,365
2022-04-28,Marin,041,260295,26264,34519,2798,37317,291
2022-04-28,Mariposa,043,17540,2437,2430,205,2635,30
2022-04-28,Mendocino,045,87422,13243,13219,3114,16333,123
2022-04-28,Merced,047,269075,63661,62357,8984,71341,818
2022-04-28,Modoc,049,8938,741,745,251,996,8
2022-04-28,Mono,051,14174,2991,2989,130,3119,6
2022-04-28,Monterey,053,433212,80192,79881,13991,93872,731
2022-04-28,Napa,055,140530,26474,26319,1019,27338,143
2022-04-28,Nevada,057,99092,16142,16100,1227,17327,127
2022-04-28,Orange,059,3164182,554034,551822,42617,594439,6998
2022-04-28,Placer,061,380077,63526,63273,7429,70702,625
2022-04-28,Plumas,063,18699,2989,2946,365,3311,13
2022-04-28,Riverside,065,2383286,595540,593965,28111,622076,6457
2022-04-28,Sacramento,067,1510023,284064,283048,27192,310240,3007
2022-04-28,San Benito,069,59416,13070,12988,526,13514,98
2022-04-28,San Bernardino,071,2135413,578321,568758,25147,593905,7191
2022-04-28,San Diego,073,3302833,760542,761253,53518,814771,5238
2022-04-28,San Francisco,075,870044,131526,130241,8644,138885,860
2022-04-28,San Joaquin,077,732212,167916,167028,10075,177103,2225
2022-04-28,San Luis Obispo,079,281455,53164,53040,3847,56887,477
2022-04-28,San Mateo,081,765935,126826,125807,7318,133125,705
2022-04-28,Santa Barbara,083,443738,87047,86768,4780,91548,688
2022-04-28,Santa Clara,085,1922200,325299,320709,12880,333589,2281
2022-04-28,Santa Cruz,087,273765,49539,48798,2157,50955,262
2022-04-28,Shasta,089,179085,30712,30649,6111,36760,554
2022-04-28,Sierra,091,2930,275,274,49,323,4
2022-04-28,Siskiyou,093,43540,4449,4458,2742,7200,81
2022-04-28,Solano,095,438530,82953,82459,5676,88135,449
2022-04-28,Sonoma,097,501317,85727,85290,2918,88208,488
2022-04-28,Stanislaus,099,539301,118300,117943,17954,135897,1643
2022-04-28,Sutter,101,95872,20588,20644,2099,22743,224
2022-04-28,Tehama,103,63373,12089,12078,2572,14650,202
2022-04-28,Trinity,105,12862,1186,1179,288,1467,20
2022-04-28,Tulare,107,460477,106701,106856,27743,134599,1458
2022-04-28,Tuolumne,109,53932,12825,12713,575,13288,181
2022-04-28,Ventura,111,848112,174988,174679,9618,184297,1486
2022-04-28,Yolo,113,214977,37941,37173,2969,40142,314
2022-04-28,Yuba,115,75493,15923,15917,1210,17127,121
2022-04-27,Alameda,001,1643700,264154,260871,14203,275074,1843
2022-04-27,Alpine,002,1148,124,124,1,125,0
2022-04-27,Amador,005,37829,8581,8518,657,9175,86
2022-04-27,Butte,007,227075,33405,33118,7124,40242,411
2022-04-27,Calaveras,009,45235,7335,7307,356,7663,119
2022-04-27,Colusa,011,21464,3462,3457,1048,4505,21
2022-04-27,Contra Costa,013,1133247,196424,191412,13845,205257,1300
2022-04-27,Del Norte,015,27424,5873,5833,191,6024,50
2022-04-27,El Dorado,017,186661,27004,26898,3225,30123,209
2022-04-27,Fresno,019,978130,236223,231951,24531,256482,2744
2022-04-27,Glenn,021,27897,5011,4993,1614,6607,48
2022-04-27,Humboldt,023,135768,17287,17138,3036,20174,145
2022-04-27,Imperial,025,180216,55615,55480,10573,66053,910
2022-04-27,Inyo,027,18085,4089,4080,494,4574,56
2022-04-27,Kern,029,883053,192512,192157,46000,238157,2271
2022-04-27,Kings,031,150075,51653,51617,3529,55146,444
2022-04-27,Lake,033,64148,10775,10732,893,11625,135
2022-04-27,Lassen,035,31185,8972,8965,876,9841,65
2022-04-27,Los Angeles,037,10098052,2747000,2731988,124975,2856963,31691
2022-04-27,Madera,039,155013,37405,37339,6050,43389,354
2022-04-27,Marin,041,260295,26203,34354,2784,37138,288
2022-04-27,Mariposa,043,17540,2435,2427,205,2632,30
2022-04-27,Mendocino,045,87422,13236,13188,3106,16294,123
2022-04-27,Merced,047,269075,63647,62315,8979,71294,815
2022-04-27,Modoc,049,8938,741,745,251,996,8
2022-04-27,Mono,051,14174,2991,2989,130,3119,6
2022-04-27,Monterey,053,433212,80150,79695,13952,93647,729
2022-04-27,Napa,055,140530,26445,26210,1014,27224,143
2022-04-27,Nevada,057,99092,16126,16080,1224,17304,127
2022-04-27,Orange,059,3164182,553659,550859,42556,593415,6991
2022-04-27,Placer,061,380077,63484,63154,7414,70568,623
2022-04-27,Plumas,063,18699,2988,2934,365,3299,13
2022-04-27,Riverside,065,2383286,595274,593397,28095,621492,6453
2022-04-27,Sacramento,067,1510023,283861,281802,27159,308961,3001
2022-04-27,San Benito,069,59416,13057,12989,524,13513,98
2022-04-27,San Bernardino,071,2135413,578123,568018,25140,593158,7105
2022-04-27,San Diego,073,3302833,759968,759873,53455,813328,5236
2022-04-27,San Francisco,075,870044,131172,129284,8619,137903,857
2022-04-27,San Joaquin,077,732212,167839,166848,10060,176908,2225
2022-04-27,San Luis Obispo,079,281455,53119,52911,3836,56747,476
2022-04-27,San Mateo,081,765935,126591,125018,7267,132285,702
2022-04-27,Santa Barbara,083,443738,86983,86557,4773,91330,685
2022-04-27,Santa Clara,085,1922200,324728,319077,12835,331912,2282
2022-04-27,Santa Cruz,087,273765,49454,48500,2150,50650,262
2022-04-27,Shasta,089,179085,30701,30633,6108,36741,554
2022-04-27,Sierra,091,2930,274,276,49,325,4
2022-04-27,Siskiyou,093,43540,4449,4455,2738,7193,81
2022-04-27,Solano,095,438530,82839,82220,5668,87888,448
2022-04-27,Sonoma,097,501317,85618,84983,2900,87883,487
2022-04-27,Stanislaus,099,539301,118258,117841,17944,135785,1643
2022-04-27,Sutter,101,95872,20584,20627,2095,22722,224
2022-04-27,Tehama,103,63373,12089,12073,2572,14645,201
2022-04-27,Trinity,105,12862,1186,1179,288,1467,20
2022-04-27,Tulare,107,460477,106684,106580,27734,134314,1453
2022-04-27,Tuolumne,109,53932,12808,12684,574,13258,181
2022-04-27,Ventura,111,848112,174884,174425,9603,184028,1480
2022-04-27,Yolo,113,214977,37892,37096,2964,40060,314
2022-04-27,Yuba,115,75493,15919,15902,1205,17107,121
2022-04-26,Alameda,001,1643700,263631,260871,14166,275037,1843
2022-04-26,Alpine,002,1148,124,124,1,125,0
2022-04-26,Amador,005,37829,8578,8518,656,9174,86
2022-04-26,Butte,007,227075,33388,33118,7117,40235,411
2022-04-26,Calaveras,009,45235,7331,7307,355,7662,119
2022-04-26,Colusa,011,21464,3462,3457,1048,4505,21
2022-04-26,Contra Costa,013,1133247,196162,191412,13808,205220,1300
2022-04-26,Del Norte,015,27424,5865,5833,191,6024,50
2022-04-26,El Dorado,017,186661,26982,26898,3221,30119,209
2022-04-26,Fresno,019,978130,236142,231951,24521,256472,2744
2022-04-26,Glenn,021,27897,5011,4993,1613,6606,48
2022-04-26,Humboldt,023,135768,17256,17138,3030,20168,145
2022-04-26,Imperial,025,180216,55595,55480,10568,66048,910
2022-04-26,Inyo,027,18085,4089,4080,494,4574,56
2022-04-26,Kern,029,883053,192465,192157,45975,238132,2271
2022-04-26,Kings,031,150075,51647,51617,3529,55146,444
2022-04-26,Lake,033,64148,10768,10732,893,11625,135
2022-04-26,Lassen,035,31185,8967,8965,876,9841,65
2022-04-26,Los Angeles,037,10098052,2744620,2731988,124788,2856776,31691
2022-04-26,Madera,039,155013,37397,37339,6043,43382,354
2022-04-26,Marin,041,260295,26149,34354,2765,37119,288
2022-04-26,Mariposa,043,17540,2435,2427,205,2632,30
2022-04-26,Mendocino,045,87422,13232,13188,3100,16288,123
2022-04-26,Merced,047,269075,63624,62315,8962,71277,815
2022-04-26,Modoc,049,8938,741,745,251,996,8
2022-04-26,Mono,051,14174,2991,2989,129,3118,6
2022-04-26,Monterey,053,433212,80096,79695,13913,93608,729
2022-04-26,Napa,055,140530,26413,26210,1010,27220,143
2022-04-26,Nevada,057,99092,16117,16080,1224,17304,127
2022-04-26,Orange,059,3164182,553246,550859,42496,593355,6991
2022-04-26,Placer,061,380077,63451,63154,7410,70564,623
2022-04-26,Plumas,063,18699,2988,2934,365,3299,13
2022-04-26,Riverside,065,2383286,594964,593397,28069,621466,6453
2022-04-26,Sacramento,067,1510023,283623,281802,27136,308938,3001
2022-04-26,San Benito,069,59416,13053,12989,523,13512,98
2022-04-26,San Bernardino,071,2135413,577913,568018,25126,593144,7105
2022-04-26,San Diego,073,3302833,759309,759873,53350,813223,5236
2022-04-26,San Francisco,075,870044,130773,129284,8594,137878,857
2022-04-26,San Joaquin,077,732212,167778,166848,10050,176898,2225
2022-04-26,San Luis Obispo,079,281455,53090,52911,3825,56736,476
2022-04-26,San Mateo,081,765935,126313,125018,7238,132256,702
2022-04-26,Santa Barbara,083,443738,86922,86557,4769,91326,685
2022-04-26,Santa Clara,085,1922200,324166,319077,12791,331868,2282
2022-04-26,Santa Cruz,087,273765,49354,48500,2147,50647,262
2022-04-26,Shasta,089,179085,30689,30633,6108,36741,554
2022-04-26,Sierra,091,2930,274,276,49,325,4
2022-04-26,Siskiyou,093,43540,4447,4455,2736,7191,81
2022-04-26,Solano,095,438530,82739,82220,5657,87877,448
2022-04-26,Sonoma,097,501317,85512,84983,2884,87867,487
2022-04-26,Stanislaus,099,539301,118223,117841,17934,135775,1643
2022-04-26,Sutter,101,95872,20574,20627,2095,22722,224
2022-04-26,Tehama,103,63373,12080,12073,2572,14645,201
2022-04-26,Trinity,105,12862,1186,1179,288,1467,20
2022-04-26,Tulare,107,460477,106657,106580,27719,134299,1453
2022-04-26,Tuolumne,109,53932,12789,12684,572,13256,181
2022-04-26,Ventura,111,848112,174775,174425,9577,184002,1480
2022-04-26,Yolo,113,214977,37833,37096,2959,40055,314
2022-04-26,Yuba,115,75493,15917,15902,1205,17107,121
2022-04-25,Alameda,001,1643700,263118,260871,14125,274996,1843
2022-04-25,Alpine,002,1148,124,124,1,125,0
2022-04-25,Amador,005,37829,8575,8518,656,9174,86
2022-04-25,Butte,007,227075,33372,33118,7108,40226,411
2022-04-25,Calaveras,009,45235,7328,7307,355,7662,119
2022-04-25,Colusa,011,21464,3462,3457,1048,4505,21
2022-04-25,Contra Costa,013,1133247,195898,191412,13771,205183,1300
2022-04-25,Del Norte,015,27424,5859,5833,189,6022,50
2022-04-25,El Dorado,017,186661,26960,26898,3219,30117,209
2022-04-25,Fresno,019,978130,236050,231951,24509,256460,2744
2022-04-25,Glenn,021,27897,5011,4993,1613,6606,48
2022-04-25,Humboldt,023,135768,17214,17138,3022,20160,145
2022-04-25,Imperial,025,180216,55575,55480,10563,66043,910
2022-04-25,Inyo,027,18085,4089,4080,494,4574,56
2022-04-25,Kern,029,883053,192421,192157,45957,238114,2271
2022-04-25,Kings,031,150075,51638,51617,3528,55145,444
2022-04-25,Lake,033,64148,10765,10732,892,11624,135
2022-04-25,Lassen,035,31185,8966,8965,876,9841,65
2022-04-25,Los Angeles,037,10098052,2742240,2731988,124624,2856612,31691
2022-04-25,Madera,039,155013,37383,37339,6039,43378,354
2022-04-25,Marin,041,260295,26085,34354,2741,37095,288
2022-04-25,Mariposa,043,17540,2435,2427,204,2631,30
2022-04-25,Mendocino,045,87422,13222,13188,3083,16271,123
2022-04-25,Merced,047,269075,63610,62315,8960,71275,815
2022-04-25,Modoc,049,8938,741,745,251,996,8
2022-04-25,Mono,051,14174,2991,2989,129,3118,6
2022-04-25,Monterey,053,433212,80057,79695,13887,93582,729
2022-04-25,Napa,055,140530,26372,26210,1008,27218,143
2022-04-25,Nevada,057,99092,16111,16080,1222,17302,127
2022-04-25,Orange,059,3164182,552832,550859,42433,593292,6991
2022-04-25,Placer,061,380077,63416,63154,7406,70560,623
2022-04-25,Plumas,063,18699,2986,2934,365,3299,13
2022-04-25,Riverside,065,2383286,594699,593397,28052,621449,6453
2022-04-25,Sacramento,067,1510023,283458,281802,27105,308907,3001
2022-04-25,San Benito,069,59416,13046,12989,523,13512,98
2022-04-25,San Bernardino,071,2135413,577683,568018,25109,593127,7105
2022-04-25,San Diego,073,3302833,758632,759873,53272,813145,5236
2022-04-25,San Francisco,075,870044,130411,129284,8572,137856,857
2022-04-25,San Joaquin,077,732212,167694,166848,10037,176885,2225
2022-04-25,San Luis Obispo,079,281455,53041,52911,3817,56728,476
2022-04-25,San Mateo,081,765935,126038,125018,7220,132238,702
2022-04-25,Santa Barbara,083,443738,86861,86557,4763,91320,685
2022-04-25,Santa Clara,085,1922200,323519,319077,12747,331824,2282
2022-04-25,Santa Cruz,087,273765,49212,48500,2138,50638,262
2022-04-25,Shasta,089,179085,30677,30633,6105,36738,554
2022-04-25,Sierra,091,2930,274,276,49,325,4
2022-04-25,Siskiyou,093,43540,4447,4455,2735,7190,81
2022-04-25,Solano,095,438530,82621,82220,5646,87866,448
2022-04-25,Sonoma,097,501317,85388,84983,2866,87849,487
2022-04-25,Stanislaus,099,539301,118177,117841,17927,135768,1643
2022-04-25,Sutter,101,95872,20571,20627,2095,22722,224
2022-04-25,Tehama,103,63373,12080,12073,2572,14645,201
2022-04-25,Trinity,105,12862,1185,1179,288,1467,20
2022-04-25,Tulare,107,460477,106632,106580,27709,134289,1453
2022-04-25,Tuolumne,109,53932,12779,12684,572,13256,181
2022-04-25,Ventura,111,848112,174665,174425,9553,183978,1480
2022-04-25,Yolo,113,214977,37770,37096,2955,40051,314
2022-04-25,Yuba,115,75493,15907,15902,1204,17106,121
2022-04-24,Alameda,001,1643700,262535,259619,14080,273699,1837
2022-04-24,Alpine,002,1148,124,124,1,125,0
2022-04-24,Amador,005,37829,8566,8509,655,9164,86
2022-04-24,Butte,007,227075,33355,33105,7101,40206,411
2022-04-24,Calaveras,009,45235,7319,7296,353,7649,119
2022-04-24,Colusa,011,21464,3461,3453,1048,4501,21
2022-04-24,Contra Costa,013,1133247,195594,190611,13738,204349,1298
2022-04-24,Del Norte,015,27424,5850,5827,187,6014,50
2022-04-24,El Dorado,017,186661,26942,26837,3217,30054,209
2022-04-24,Fresno,019,978130,235969,231751,24496,256247,2744
2022-04-24,Glenn,021,27897,5011,4989,1611,6600,48
2022-04-24,Humboldt,023,135768,17189,17033,3008,20041,145
2022-04-24,Imperial,025,180216,55563,55434,10555,65989,910
2022-04-24,Inyo,027,18085,4085,4079,493,4572,56
2022-04-24,Kern,029,883053,192368,192012,45943,237955,2267
2022-04-24,Kings,031,150075,51629,51588,3528,55116,444
2022-04-24,Lake,033,64148,10757,10720,889,11609,134
2022-04-24,Lassen,035,31185,8965,8966,876,9842,65
2022-04-24,Los Angeles,037,10098052,2739899,2725630,124479,2850109,31667
2022-04-24,Madera,039,155013,37368,37333,6033,43366,354
2022-04-24,Marin,041,260295,26031,34150,2707,36857,288
2022-04-24,Mariposa,043,17540,2432,2422,204,2626,30
2022-04-24,Mendocino,045,87422,13217,13158,3071,16229,122
2022-04-24,Merced,047,269075,63586,62286,8951,71237,815
2022-04-24,Modoc,049,8938,741,745,251,996,8
2022-04-24,Mono,051,14174,2989,2986,129,3115,6
2022-04-24,Monterey,053,433212,80004,79560,13854,93414,729
2022-04-24,Napa,055,140530,26333,26093,1007,27100,143
2022-04-24,Nevada,057,99092,16095,16052,1220,17272,127
2022-04-24,Orange,059,3164182,552408,549765,42370,592135,6989
2022-04-24,Placer,061,380077,63364,63037,7399,70436,622
2022-04-24,Plumas,063,18699,2984,2934,365,3299,13
2022-04-24,Riverside,065,2383286,594420,592683,28017,620700,6450
2022-04-24,Sacramento,067,1510023,283248,280551,27070,307621,2993
2022-04-24,San Benito,069,59416,13042,12966,523,13489,98
2022-04-24,San Bernardino,071,2135413,577449,566806,25087,591893,7047
2022-04-24,San Diego,073,3302833,758003,758311,53209,811520,5233
2022-04-24,San Francisco,075,870044,129966,128323,8546,136869,857
2022-04-24,San Joaquin,077,732212,167608,166626,10000,176626,2224
2022-04-24,San Luis Obispo,079,281455,52965,52826,3807,56633,476
2022-04-24,San Mateo,081,765935,125721,124106,7191,131297,703
2022-04-24,Santa Barbara,083,443738,86792,86376,4761,91137,685
2022-04-24,Santa Clara,085,1922200,322833,317487,12696,330183,2277
2022-04-24,Santa Cruz,087,273765,49098,48255,2132,50387,261
2022-04-24,Shasta,089,179085,30666,30607,6103,36710,557
2022-04-24,Sierra,091,2930,274,276,49,325,4
2022-04-24,Siskiyou,093,43540,4445,4453,2733,7186,81
2022-04-24,Solano,095,438530,82511,81982,5637,87619,448
2022-04-24,Sonoma,097,501317,85252,84581,2844,87425,486
2022-04-24,Stanislaus,099,539301,118125,117737,17921,135658,1632
2022-04-24,Sutter,101,95872,20562,20605,2092,22697,224
2022-04-24,Tehama,103,63373,12076,12064,2572,14636,201
2022-04-24,Trinity,105,12862,1185,1177,288,1465,20
2022-04-24,Tulare,107,460477,106602,106354,27698,134052,1446
2022-04-24,Tuolumne,109,53932,12766,12664,571,13235,181
2022-04-24,Ventura,111,848112,174553,174091,9532,183623,1479
2022-04-24,Yolo,113,214977,37730,36990,2952,39942,314
2022-04-24,Yuba,115,75493,15903,15888,1204,17092,121
2022-04-23,Alameda,001,1643700,262287,259619,14068,273687,1837
2022-04-23,Alpine,002,1148,124,124,1,125,0
2022-04-23,Amador,005,37829,8560,8509,655,9164,86
2022-04-23,Butte,007,227075,33346,33105,7098,40203,411
2022-04-23,Calaveras,009,45235,7311,7296,353,7649,119
2022-04-23,Colusa,011,21464,3461,3453,1048,4501,21
2022-04-23,Contra Costa,013,1133247,195438,190611,13720,204331,1298
2022-04-23,Del Norte,015,27424,5848,5827,186,6013,50
2022-04-23,El Dorado,017,186661,26932,26837,3216,30053,209
2022-04-23,Fresno,019,978130,235936,231751,24490,256241,2744
2022-04-23,Glenn,021,27897,5011,4989,1611,6600,48
2022-04-23,Humboldt,023,135768,17173,17033,3005,20038,145
2022-04-23,Imperial,025,180216,55552,55434,10554,65988,910
2022-04-23,Inyo,027,18085,4085,4079,492,4571,56
2022-04-23,Kern,029,883053,192340,192012,45929,237941,2267
2022-04-23,Kings,031,150075,51624,51588,3527,55115,444
2022-04-23,Lake,033,64148,10756,10720,889,11609,134
2022-04-23,Lassen,035,31185,8965,8966,876,9842,65
2022-04-23,Los Angeles,037,10098052,2738953,2725630,124374,2850004,31667
2022-04-23,Madera,039,155013,37361,37333,6032,43365,354
2022-04-23,Marin,041,260295,25996,34150,2661,36811,288
2022-04-23,Mariposa,043,17540,2432,2422,204,2626,30
2022-04-23,Mendocino,045,87422,13210,13158,3071,16229,122
2022-04-23,Merced,047,269075,63576,62286,8951,71237,815
2022-04-23,Modoc,049,8938,741,745,251,996,8
2022-04-23,Mono,051,14174,2989,2986,129,3115,6
2022-04-23,Monterey,053,433212,79935,79560,13839,93399,729
2022-04-23,Napa,055,140530,26311,26093,1005,27098,143
2022-04-23,Nevada,057,99092,16089,16052,1218,17270,127
2022-04-23,Orange,059,3164182,552189,549765,42322,592087,6989
2022-04-23,Placer,061,380077,63334,63037,7398,70435,622
2022-04-23,Plumas,063,18699,2984,2934,365,3299,13
2022-04-23,Riverside,065,2383286,594284,592683,28007,620690,6450
2022-04-23,Sacramento,067,1510023,283148,280551,27066,307617,2993
2022-04-23,San Benito,069,59416,13041,12966,523,13489,98
2022-04-23,San Bernardino,071,2135413,577327,566806,25084,591890,7047
2022-04-23,San Diego,073,3302833,757740,758311,53190,811501,5233
2022-04-23,San Francisco,075,870044,129760,128323,8520,136843,857
2022-04-23,San Joaquin,077,732212,167567,166626,9992,176618,2224
2022-04-23,San Luis Obispo,079,281455,52950,52826,3803,56629,476
2022-04-23,San Mateo,081,765935,125558,124106,7185,131291,703
2022-04-23,Santa Barbara,083,443738,86756,86376,4760,91136,685
2022-04-23,Santa Clara,085,1922200,322451,317487,12669,330156,2277
2022-04-23,Santa Cruz,087,273765,49048,48255,2130,50385,261
2022-04-23,Shasta,089,179085,30663,30607,6103,36710,557
2022-04-23,Sierra,091,2930,274,276,49,325,4
2022-04-23,Siskiyou,093,43540,4443,4453,2733,7186,81
2022-04-23,Solano,095,438530,82483,81982,5632,87614,448
2022-04-23,Sonoma,097,501317,85183,84581,2835,87416,486
2022-04-23,Stanislaus,099,539301,118089,117737,17919,135656,1632
2022-04-23,Sutter,101,95872,20556,20605,2092,22697,224
2022-04-23,Tehama,103,63373,12075,12064,2572,14636,201
2022-04-23,Trinity,105,12862,1185,1177,288,1465,20
2022-04-23,Tulare,107,460477,106594,106354,27688,134042,1446
2022-04-23,Tuolumne,109,53932,12761,12664,571,13235,181
2022-04-23,Ventura,111,848112,174490,174091,9524,183615,1479
2022-04-23,Yolo,113,214977,37702,36990,2948,39938,314
2022-04-23,Yuba,115,75493,15901,15888,1204,17092,121
2022-04-22,Alameda,001,1643700,262057,259619,14049,273668,1837
2022-04-22,Alpine,002,1148,124,124,1,125,0
2022-04-22,Amador,005,37829,8559,8509,653,9162,86
2022-04-22,Butte,007,227075,33340,33105,7093,40198,411
2022-04-22,Calaveras,009,45235,7310,7296,353,7649,119
2022-04-22,Colusa,011,21464,3461,3453,1048,4501,21
2022-04-22,Contra Costa,013,1133247,195300,190611,13704,204315,1298
2022-04-22,Del Norte,015,27424,5848,5827,186,6013,50
2022-04-22,El Dorado,017,186661,26919,26837,3212,30049,209
2022-04-22,Fresno,019,978130,235906,231751,24486,256237,2744
2022-04-22,Glenn,021,27897,5009,4989,1611,6600,48
2022-04-22,Humboldt,023,135768,17157,17033,2999,20032,145
2022-04-22,Imperial,025,180216,55546,55434,10554,65988,910
2022-04-22,Inyo,027,18085,4085,4079,491,4570,56
2022-04-22,Kern,029,883053,192319,192012,45926,237938,2267
2022-04-22,Kings,031,150075,51620,51588,3526,55114,444
2022-04-22,Lake,033,64148,10755,10720,889,11609,134
2022-04-22,Lassen,035,31185,8965,8966,876,9842,65
2022-04-22,Los Angeles,037,10098052,2737873,2725630,124314,2849944,31667
2022-04-22,Madera,039,155013,37356,37333,6031,43364,354
2022-04-22,Marin,041,260295,25959,34150,2650,36800,288
2022-04-22,Mariposa,043,17540,2431,2422,204,2626,30
2022-04-22,Mendocino,045,87422,13205,13158,3066,16224,122
2022-04-22,Merced,047,269075,63569,62286,8939,71225,815
2022-04-22,Modoc,049,8938,741,745,251,996,8
2022-04-22,Mono,051,14174,2989,2986,128,3114,6
2022-04-22,Monterey,053,433212,79900,79560,13825,93385,729
2022-04-22,Napa,055,140530,26292,26093,1003,27096,143
2022-04-22,Nevada,057,99092,16089,16052,1218,17270,127
2022-04-22,Orange,059,3164182,552004,549765,42269,592034,6989
2022-04-22,Placer,061,380077,63311,63037,7395,70432,622
2022-04-22,Plumas,063,18699,2984,2934,365,3299,13
2022-04-22,Riverside,065,2383286,594140,592683,27992,620675,6450
2022-04-22,Sacramento,067,1510023,283060,280551,27054,307605,2993
2022-04-22,San Benito,069,59416,13036,12966,523,13489,98
2022-04-22,San Bernardino,071,2135413,577214,566806,25076,591882,7047
2022-04-22,San Diego,073,3302833,757421,758311,53162,811473,5233
2022-04-22,San Francisco,075,870044,129593,128323,8494,136817,857
2022-04-22,San Joaquin,077,732212,167536,166626,9990,176616,2224
2022-04-22,San Luis Obispo,079,281455,52944,52826,3802,56628,476
2022-04-22,San Mateo,081,765935,125391,124106,7174,131280,703
2022-04-22,Santa Barbara,083,443738,86710,86376,4759,91135,685
2022-04-22,Santa Clara,085,1922200,322104,317487,12655,330142,2277
2022-04-22,Santa Cruz,087,273765,49008,48255,2129,50384,261
2022-04-22,Shasta,089,179085,30657,30607,6102,36709,557
2022-04-22,Sierra,091,2930,274,276,48,324,4
2022-04-22,Siskiyou,093,43540,4443,4453,2733,7186,81
2022-04-22,Solano,095,438530,82426,81982,5629,87611,448
2022-04-22,Sonoma,097,501317,85118,84581,2831,87412,486
2022-04-22,Stanislaus,099,539301,118067,117737,17914,135651,1632
2022-04-22,Sutter,101,95872,20550,20605,2092,22697,224
2022-04-22,Tehama,103,63373,12070,12064,2571,14635,201
2022-04-22,Trinity,105,12862,1185,1177,287,1464,20
2022-04-22,Tulare,107,460477,106584,106354,27680,134034,1446
2022-04-22,Tuolumne,109,53932,12755,12664,569,13233,181
2022-04-22,Ventura,111,848112,174415,174091,9513,183604,1479
2022-04-22,Yolo,113,214977,37681,36990,2946,39936,314
2022-04-22,Yuba,115,75493,15898,15888,1203,17091,121
2022-04-21,Alameda,001,1643700,261695,259619,14012,273631,1837
2022-04-21,Alpine,002,1148,124,124,1,125,0
2022-04-21,Amador,005,37829,8556,8509,653,9162,86
2022-04-21,Butte,007,227075,33333,33105,7085,40190,411
2022-04-21,Calaveras,009,45235,7307,7296,353,7649,119
2022-04-21,Colusa,011,21464,3460,3453,1048,4501,21
2022-04-21,Contra Costa,013,1133247,195104,190611,13683,204294,1298
2022-04-21,Del Norte,015,27424,5847,5827,186,6013,50
2022-04-21,El Dorado,017,186661,26903,26837,3211,30048,209
2022-04-21,Fresno,019,978130,235863,231751,24477,256228,2744
2022-04-21,Glenn,021,27897,5009,4989,1610,6599,48
2022-04-21,Humboldt,023,135768,17134,17033,2991,20024,145
2022-04-21,Imperial,025,180216,55537,55434,10554,65988,910
2022-04-21,Inyo,027,18085,4085,4079,491,4570,56
2022-04-21,Kern,029,883053,192286,192012,45911,237923,2267
2022-04-21,Kings,031,150075,51612,51588,3526,55114,444
2022-04-21,Lake,033,64148,10752,10720,889,11609,134
2022-04-21,Lassen,035,31185,8965,8966,876,9842,65
2022-04-21,Los Angeles,037,10098052,2736226,2725630,124201,2849831,31667
2022-04-21,Madera,039,155013,37353,37333,6030,43363,354
2022-04-21,Marin,041,260295,25911,34150,2640,36790,288
2022-04-21,Mariposa,043,17540,2430,2422,204,2626,30
2022-04-21,Mendocino,045,87422,13198,13158,3063,16221,122
2022-04-21,Merced,047,269075,63551,62286,8936,71222,815
2022-04-21,Modoc,049,8938,741,745,251,996,8
2022-04-21,Mono,051,14174,2988,2986,127,3113,6
2022-04-21,Monterey,053,433212,79873,79560,13811,93371,729
2022-04-21,Napa,055,140530,26261,26093,1002,27095,143
2022-04-21,Nevada,057,99092,16085,16052,1218,17270,127
2022-04-21,Orange,059,3164182,551749,549765,42232,591997,6989
2022-04-21,Placer,061,380077,63272,63037,7391,70428,622
2022-04-21,Plumas,063,18699,2984,2934,365,3299,13
2022-04-21,Riverside,065,2383286,593979,592683,27974,620657,6450
2022-04-21,Sacramento,067,1510023,282911,280551,27033,307584,2993
2022-04-21,San Benito,069,59416,13030,12966,523,13489,98
2022-04-21,San Bernardino,071,2135413,577022,566806,25064,591870,7047
2022-04-21,San Diego,073,3302833,756995,758311,53118,811429,5233
2022-04-21,San Francisco,075,870044,129372,128323,8467,136790,857
2022-04-21,San Joaquin,077,732212,167483,166626,9985,176611,2224
2022-04-21,San Luis Obispo,079,281455,52924,52826,3795,56621,476
2022-04-21,San Mateo,081,765935,125185,124106,7157,131263,703
2022-04-21,Santa Barbara,083,443738,86651,86376,4756,91132,685
2022-04-21,Santa Clara,085,1922200,321654,317487,12633,330120,2277
2022-04-21,Santa Cruz,087,273765,48962,48255,2127,50382,261
2022-04-21,Shasta,089,179085,30649,30607,6102,36709,557
2022-04-21,Sierra,091,2930,274,276,48,324,4
2022-04-21,Siskiyou,093,43540,4443,4453,2733,7186,81
2022-04-21,Solano,095,438530,82362,81982,5623,87605,448
2022-04-21,Sonoma,097,501317,85003,84581,2811,87392,486
2022-04-21,Stanislaus,099,539301,118028,117737,17906,135643,1632
2022-04-21,Sutter,101,95872,20541,20605,2090,22695,224
2022-04-21,Tehama,103,63373,12070,12064,2571,14635,201
2022-04-21,Trinity,105,12862,1185,1177,287,1464,20
2022-04-21,Tulare,107,460477,106576,106354,27676,134030,1446
2022-04-21,Tuolumne,109,53932,12750,12664,569,13233,181
2022-04-21,Ventura,111,848112,174333,174091,9507,183598,1479
2022-04-21,Yolo,113,214977,37651,36990,2946,39936,314
2022-04-21,Yuba,115,75493,15896,15888,1203,17091,121
2022-04-20,Alameda,001,1643700,261329,258734,13986,272720,1832
2022-04-20,Alpine,002,1148,124,124,1,125,0
2022-04-20,Amador,005,37829,8554,8494,653,9147,86
2022-04-20,Butte,007,227075,33317,33083,7078,40161,408
2022-04-20,Calaveras,009,45235,7301,7288,352,7640,119
2022-04-20,Colusa,011,21464,3460,3453,1048,4501,21
2022-04-20,Contra Costa,013,1133247,194869,190042,13658,203700,1299
2022-04-20,Del Norte,015,27424,5841,5814,186,6000,50
2022-04-20,El Dorado,017,186661,26888,26821,3207,30028,209
2022-04-20,Fresno,019,978130,235813,231568,24476,256044,2740
2022-04-20,Glenn,021,27897,5008,4988,1607,6595,48
2022-04-20,Humboldt,023,135768,17112,16976,2987,19963,145
2022-04-20,Imperial,025,180216,55529,55405,10551,65956,910
2022-04-20,Inyo,027,18085,4085,4075,490,4565,56
2022-04-20,Kern,029,883053,192251,191915,45895,237810,2262
2022-04-20,Kings,031,150075,51603,51571,3524,55095,445
2022-04-20,Lake,033,64148,10752,10711,889,11600,134
2022-04-20,Lassen,035,31185,8965,8951,876,9827,65
2022-04-20,Los Angeles,037,10098052,2734488,2721699,124082,2845781,31630
2022-04-20,Madera,039,155013,37350,37333,6027,43360,354
2022-04-20,Marin,041,260295,25870,33985,2617,36602,288
2022-04-20,Mariposa,043,17540,2428,2412,204,2616,30
2022-04-20,Mendocino,045,87422,13192,13128,3055,16183,122
2022-04-20,Merced,047,269075,63541,62322,8924,71246,813
2022-04-20,Modoc,049,8938,741,744,251,995,8
2022-04-20,Mono,051,14174,2988,2984,127,3111,6
2022-04-20,Monterey,053,433212,79828,79419,13792,93211,727
2022-04-20,Napa,055,140530,26225,26016,998,27014,143
2022-04-20,Nevada,057,99092,16075,16034,1215,17249,127
2022-04-20,Orange,059,3164182,551420,549136,42186,591322,6963
2022-04-20,Placer,061,380077,63244,62928,7385,70313,619
2022-04-20,Plumas,063,18699,2984,2932,365,3297,13
2022-04-20,Riverside,065,2383286,593787,592224,27952,620176,6447
2022-04-20,Sacramento,067,1510023,282763,279326,27014,306340,2987
2022-04-20,San Benito,069,59416,13024,12971,520,13491,98
2022-04-20,San Bernardino,071,2135413,576815,565405,25047,590452,6977
2022-04-20,San Diego,073,3302833,756554,757138,53057,810195,5231
2022-04-20,San Francisco,075,870044,129063,127594,8449,136043,854
2022-04-20,San Joaquin,077,732212,167415,166531,9978,176509,2222
2022-04-20,San Luis Obispo,079,281455,52897,52740,3788,56528,476
2022-04-20,San Mateo,081,765935,124966,123279,7126,130405,701
2022-04-20,Santa Barbara,083,443738,86615,86214,4750,90964,685
2022-04-20,Santa Clara,085,1922200,321243,316355,12595,328950,2274
2022-04-20,Santa Cruz,087,273765,48898,47997,2123,50120,261
2022-04-20,Shasta,089,179085,30646,30590,6101,36691,554
2022-04-20,Sierra,091,2930,274,276,48,324,4
2022-04-20,Siskiyou,093,43540,4442,4446,2732,7178,80
2022-04-20,Solano,095,438530,82291,81841,5620,87461,447
2022-04-20,Sonoma,097,501317,84916,84429,2787,87216,485
2022-04-20,Stanislaus,099,539301,117991,117540,17895,135435,1630
2022-04-20,Sutter,101,95872,20534,20632,2090,22722,224
2022-04-20,Tehama,103,63373,12068,12061,2571,14632,199
2022-04-20,Trinity,105,12862,1185,1178,287,1465,20
2022-04-20,Tulare,107,460477,106568,105974,27665,133639,1439
2022-04-20,Tuolumne,109,53932,12745,12648,568,13216,180
2022-04-20,Ventura,111,848112,174245,173904,9498,183402,1475
2022-04-20,Yolo,113,214977,37601,36785,2943,39728,311
2022-04-20,Yuba,115,75493,15892,15868,1201,17069,121
2022-04-19,Alameda,001,1643700,260966,258734,13957,272691,1832
2022-04-19,Alpine,002,1148,124,124,1,125,0
2022-04-19,Amador,005,37829,8550,8494,650,9144,86
2022-04-19,Butte,007,227075,33310,33083,7074,40157,408
2022-04-19,Calaveras,009,45235,7298,7288,352,7640,119
2022-04-19,Colusa,011,21464,3460,3453,1048,4501,21
2022-04-19,Contra Costa,013,1133247,194623,190042,13640,203682,1299
2022-04-19,Del Norte,015,27424,5839,5814,184,5998,50
2022-04-19,El Dorado,017,186661,26874,26821,3204,30025,209
2022-04-19,Fresno,019,978130,235757,231568,24466,256034,2740
2022-04-19,Glenn,021,27897,5007,4988,1607,6595,48
2022-04-19,Humboldt,023,135768,17075,16976,2976,19952,145
2022-04-19,Imperial,025,180216,55522,55405,10548,65953,910
2022-04-19,Inyo,027,18085,4082,4075,490,4565,56
2022-04-19,Kern,029,883053,192215,191915,45885,237800,2262
2022-04-19,Kings,031,150075,51589,51571,3523,55094,445
2022-04-19,Lake,033,64148,10748,10711,888,11599,134
2022-04-19,Lassen,035,31185,8965,8951,876,9827,65
2022-04-19,Los Angeles,037,10098052,2732695,2721699,123955,2845654,31630
2022-04-19,Madera,039,155013,37347,37333,6026,43359,354
2022-04-19,Marin,041,260295,25819,33985,2601,36586,288
2022-04-19,Mariposa,043,17540,2428,2412,203,2615,30
2022-04-19,Mendocino,045,87422,13184,13128,3044,16172,122
2022-04-19,Merced,047,269075,63523,62322,8921,71243,813
2022-04-19,Modoc,049,8938,741,744,251,995,8
2022-04-19,Mono,051,14174,2988,2984,127,3111,6
2022-04-19,Monterey,053,433212,79809,79419,13779,93198,727
2022-04-19,Napa,055,140530,26200,26016,989,27005,143
2022-04-19,Nevada,057,99092,16069,16034,1213,17247,127
2022-04-19,Orange,059,3164182,551139,549136,42142,591278,6963
2022-04-19,Placer,061,380077,63211,62928,7380,70308,619
2022-04-19,Plumas,063,18699,2984,2932,365,3297,13
2022-04-19,Riverside,065,2383286,593605,592224,27940,620164,6447
2022-04-19,Sacramento,067,1510023,282588,279326,26990,306316,2987
2022-04-19,San Benito,069,59416,13018,12971,519,13490,98
2022-04-19,San Bernardino,071,2135413,576601,565405,25025,590430,6977
2022-04-19,San Diego,073,3302833,756089,757138,52992,810130,5231
2022-04-19,San Francisco,075,870044,128728,127594,8432,136026,854
2022-04-19,San Joaquin,077,732212,167365,166531,9974,176505,2222
2022-04-19,San Luis Obispo,079,281455,52861,52740,3782,56522,476
2022-04-19,San Mateo,081,765935,124730,123279,7106,130385,701
2022-04-19,Santa Barbara,083,443738,86561,86214,4742,90956,685
2022-04-19,Santa Clara,085,1922200,320823,316355,12567,328922,2274
2022-04-19,Santa Cruz,087,273765,48843,47997,2121,50118,261
2022-04-19,Shasta,089,179085,30634,30590,6100,36690,554
2022-04-19,Sierra,091,2930,274,276,48,324,4
2022-04-19,Siskiyou,093,43540,4441,4446,2730,7176,80
2022-04-19,Solano,095,438530,82207,81841,5613,87454,447
2022-04-19,Sonoma,097,501317,84814,84429,2758,87187,485
2022-04-19,Stanislaus,099,539301,117965,117540,17890,135430,1630
2022-04-19,Sutter,101,95872,20534,20632,2090,22722,224
2022-04-19,Tehama,103,63373,12067,12061,2571,14632,199
2022-04-19,Trinity,105,12862,1184,1178,287,1465,20
2022-04-19,Tulare,107,460477,106553,105974,27659,133633,1439
2022-04-19,Tuolumne,109,53932,12743,12648,568,13216,180
2022-04-19,Ventura,111,848112,174152,173904,9485,183389,1475
2022-04-19,Yolo,113,214977,37556,36785,2941,39726,311
2022-04-19,Yuba,115,75493,15885,15868,1201,17069,121
2022-04-18,Alameda,001,1643700,260578,258734,13936,272670,1832
2022-04-18,Alpine,002,1148,124,124,1,125,0
2022-04-18,Amador,005,37829,8549,8494,649,9143,86
2022-04-18,Butte,007,227075,33306,33083,7069,40152,408
2022-04-18,Calaveras,009,45235,7294,7288,351,7639,119
2022-04-18,Colusa,011,21464,3459,3453,1048,4501,21
2022-04-18,Contra Costa,013,1133247,194389,190042,13616,203658,1299
2022-04-18,Del Norte,015,27424,5834,5814,184,5998,50
2022-04-18,El Dorado,017,186661,26857,26821,3202,30023,209
2022-04-18,Fresno,019,978130,235714,231568,24455,256023,2740
2022-04-18,Glenn,021,27897,5007,4988,1606,6594,48
2022-04-18,Humboldt,023,135768,17046,16976,2973,19949,145
2022-04-18,Imperial,025,180216,55510,55405,10546,65951,910
2022-04-18,Inyo,027,18085,4082,4075,490,4565,56
2022-04-18,Kern,029,883053,192170,191915,45873,237788,2262
2022-04-18,Kings,031,150075,51584,51571,3523,55094,445
2022-04-18,Lake,033,64148,10744,10711,887,11598,134
2022-04-18,Lassen,035,31185,8965,8951,876,9827,65
2022-04-18,Los Angeles,037,10098052,2730869,2721699,123841,2845540,31630
2022-04-18,Madera,039,155013,37339,37333,6025,43358,354
2022-04-18,Marin,041,260295,25756,33985,2578,36563,288
2022-04-18,Mariposa,043,17540,2426,2412,203,2615,30
2022-04-18,Mendocino,045,87422,13167,13128,3039,16167,122
2022-04-18,Merced,047,269075,63511,62322,8915,71237,813
2022-04-18,Modoc,049,8938,740,744,251,995,8
2022-04-18,Mono,051,14174,2987,2984,127,3111,6
2022-04-18,Monterey,053,433212,79734,79419,13763,93182,727
2022-04-18,Napa,055,140530,26164,26016,988,27004,143
2022-04-18,Nevada,057,99092,16059,16034,1211,17245,127
2022-04-18,Orange,059,3164182,550849,549136,42105,591241,6963
2022-04-18,Placer,061,380077,63177,62928,7378,70306,619
2022-04-18,Plumas,063,18699,2984,2932,365,3297,13
2022-04-18,Riverside,065,2383286,593395,592224,27920,620144,6447
2022-04-18,Sacramento,067,1510023,282432,279326,26978,306304,2987
2022-04-18,San Benito,069,59416,13012,12971,519,13490,98
2022-04-18,San Bernardino,071,2135413,576390,565405,25007,590412,6977
2022-04-18,San Diego,073,3302833,755619,757138,52933,810071,5231
2022-04-18,San Francisco,075,870044,128410,127594,8420,136014,854
2022-04-18,San Joaquin,077,732212,167305,166531,9967,176498,2222
2022-04-18,San Luis Obispo,079,281455,52832,52740,3777,56517,476
2022-04-18,San Mateo,081,765935,124497,123279,7087,130366,701
2022-04-18,Santa Barbara,083,443738,86491,86214,4737,90951,685
2022-04-18,Santa Clara,085,1922200,320377,316355,12543,328898,2274
2022-04-18,Santa Cruz,087,273765,48738,47997,2119,50116,261
2022-04-18,Shasta,089,179085,30628,30590,6097,36687,554
2022-04-18,Sierra,091,2930,274,276,48,324,4
2022-04-18,Siskiyou,093,43540,4440,4446,2729,7175,80
2022-04-18,Solano,095,438530,82142,81841,5607,87448,447
2022-04-18,Sonoma,097,501317,84715,84429,2743,87172,485
2022-04-18,Stanislaus,099,539301,117936,117540,17887,135427,1630
2022-04-18,Sutter,101,95872,20532,20632,2088,22720,224
2022-04-18,Tehama,103,63373,12063,12061,2571,14632,199
2022-04-18,Trinity,105,12862,1184,1178,287,1465,20
2022-04-18,Tulare,107,460477,106532,105974,27651,133625,1439
2022-04-18,Tuolumne,109,53932,12736,12648,567,13215,180
2022-04-18,Ventura,111,848112,174061,173904,9475,183379,1475
2022-04-18,Yolo,113,214977,37498,36785,2941,39726,311
2022-04-18,Yuba,115,75493,15876,15868,1200,17068,121
2022-04-17,Alameda,001,1643700,260182,257897,13912,271809,1829
2022-04-17,Alpine,002,1148,124,124,1,125,0
2022-04-17,Amador,005,37829,8544,8491,647,9138,86
2022-04-17,Butte,007,227075,33303,33053,7066,40119,405
2022-04-17,Calaveras,009,45235,7291,7275,350,7625,119
2022-04-17,Colusa,011,21464,3458,3450,1048,4498,21
2022-04-17,Contra Costa,013,1133247,194159,189742,13580,203322,1298
2022-04-17,Del Norte,015,27424,5829,5809,184,5993,50
2022-04-17,El Dorado,017,186661,26847,26796,3200,29996,209
2022-04-17,Fresno,019,978130,235636,231455,24450,255905,2739
2022-04-17,Glenn,021,27897,5007,4991,1606,6597,48
2022-04-17,Humboldt,023,135768,17011,16929,2967,19896,143
2022-04-17,Imperial,025,180216,55501,55371,10545,65916,910
2022-04-17,Inyo,027,18085,4080,4075,490,4565,56
2022-04-17,Kern,029,883053,192135,191866,45858,237724,2258
2022-04-17,Kings,031,150075,51573,51544,3521,55065,445
2022-04-17,Lake,033,64148,10743,10702,887,11589,134
2022-04-17,Lassen,035,31185,8965,8950,876,9826,65
2022-04-17,Los Angeles,037,10098052,2728886,2717479,123722,2841201,31598
2022-04-17,Madera,039,155013,37333,37362,6025,43387,354
2022-04-17,Marin,041,260295,25689,33829,2548,36377,288
2022-04-17,Mariposa,043,17540,2418,2406,203,2609,30
2022-04-17,Mendocino,045,87422,13152,13107,3035,16142,122
2022-04-17,Merced,047,269075,63491,62295,8909,71204,813
2022-04-17,Modoc,049,8938,740,743,251,994,8
2022-04-17,Mono,051,14174,2986,2977,127,3104,6
2022-04-17,Monterey,053,433212,79701,79311,13743,93054,727
2022-04-17,Napa,055,140530,26119,25929,982,26911,143
2022-04-17,Nevada,057,99092,16043,16014,1206,17220,123
2022-04-17,Orange,059,3164182,550484,548311,42054,590365,6945
2022-04-17,Placer,061,380077,63138,62882,7371,70253,618
2022-04-17,Plumas,063,18699,2984,2929,365,3294,13
2022-04-17,Riverside,065,2383286,593172,591772,27901,619673,6443
2022-04-17,Sacramento,067,1510023,282269,278523,26953,305476,2978
2022-04-17,San Benito,069,59416,13009,12926,518,13444,98
2022-04-17,San Bernardino,071,2135413,576152,564397,24994,589391,6948
2022-04-17,San Diego,073,3302833,755133,756165,52865,809030,5229
2022-04-17,San Francisco,075,870044,128091,126976,8404,135380,854
2022-04-17,San Joaquin,077,732212,167255,166645,9961,176606,2220
2022-04-17,San Luis Obispo,079,281455,52763,52698,3772,56470,476
2022-04-17,San Mateo,081,765935,124256,122652,7073,129725,699
2022-04-17,Santa Barbara,083,443738,86432,86030,4730,90760,684
2022-04-17,Santa Clara,085,1922200,319885,315296,12517,327813,2268
2022-04-17,Santa Cruz,087,273765,48616,47895,2117,50012,261
2022-04-17,Shasta,089,179085,30618,30578,6093,36671,554
2022-04-17,Sierra,091,2930,274,276,48,324,4
2022-04-17,Siskiyou,093,43540,4435,4444,2728,7172,80
2022-04-17,Solano,095,438530,82075,81781,5601,87382,447
2022-04-17,Sonoma,097,501317,84603,84172,2736,86908,485
2022-04-17,Stanislaus,099,539301,117906,117567,17880,135447,1619
2022-04-17,Sutter,101,95872,20527,20621,2087,22708,224
2022-04-17,Tehama,103,63373,12062,12061,2571,14632,199
2022-04-17,Trinity,105,12862,1183,1178,287,1465,20
2022-04-17,Tulare,107,460477,106518,105757,27643,133400,1428
2022-04-17,Tuolumne,109,53932,12730,12640,567,13207,180
2022-04-17,Ventura,111,848112,173964,173665,9456,183121,1474
2022-04-17,Yolo,113,214977,37449,36752,2939,39691,311
2022-04-17,Yuba,115,75493,15870,15857,1200,17057,121
2022-04-16,Alameda,001,1643700,260029,257897,13902,271799,1829
2022-04-16,Alpine,002,1148,124,124,1,125,0
2022-04-16,Amador,005,37829,8542,8491,647,9138,86
2022-04-16,Butte,007,227075,33299,33053,7064,40117,405
2022-04-16,Calaveras,009,45235,7289,7275,350,7625,119
2022-04-16,Colusa,011,21464,3458,3450,1048,4498,21
2022-04-16,Contra Costa,013,1133247,194068,189742,13574,203316,1298
2022-04-16,Del Norte,015,27424,5829,5809,184,5993,50
2022-04-16,El Dorado,017,186661,26836,26796,3200,29996,209
2022-04-16,Fresno,019,978130,235608,231455,24449,255904,2739
2022-04-16,Glenn,021,27897,5007,4991,1606,6597,48
2022-04-16,Humboldt,023,135768,17003,16929,2962,19891,143
2022-04-16,Imperial,025,180216,55495,55371,10544,65915,910
2022-04-16,Inyo,027,18085,4080,4075,490,4565,56
2022-04-16,Kern,029,883053,192124,191866,45846,237712,2258
2022-04-16,Kings,031,150075,51570,51544,3521,55065,445
2022-04-16,Lake,033,64148,10741,10702,887,11589,134
2022-04-16,Lassen,035,31185,8965,8950,876,9826,65
2022-04-16,Los Angeles,037,10098052,2728169,2717479,123672,2841151,31598
2022-04-16,Madera,039,155013,37331,37362,6025,43387,354
2022-04-16,Marin,041,260295,25651,33829,2522,36351,288
2022-04-16,Mariposa,043,17540,2417,2406,203,2609,30
2022-04-16,Mendocino,045,87422,13146,13107,3035,16142,122
2022-04-16,Merced,047,269075,63488,62295,8908,71203,813
2022-04-16,Modoc,049,8938,740,743,251,994,8
2022-04-16,Mono,051,14174,2986,2977,127,3104,6
2022-04-16,Monterey,053,433212,79686,79311,13734,93045,727
2022-04-16,Napa,055,140530,26096,25929,980,26909,143
2022-04-16,Nevada,057,99092,16040,16014,1203,17217,123
2022-04-16,Orange,059,3164182,550368,548311,42023,590334,6945
2022-04-16,Placer,061,380077,63121,62882,7369,70251,618
2022-04-16,Plumas,063,18699,2982,2929,365,3294,13
2022-04-16,Riverside,065,2383286,593092,591772,27894,619666,6443
2022-04-16,Sacramento,067,1510023,282217,278523,26950,305473,2978
2022-04-16,San Benito,069,59416,13008,12926,518,13444,98
2022-04-16,San Bernardino,071,2135413,576052,564397,24990,589387,6948
2022-04-16,San Diego,073,3302833,754985,756165,52851,809016,5229
2022-04-16,San Francisco,075,870044,127934,126976,8395,135371,854
2022-04-16,San Joaquin,077,732212,167214,166645,9958,176603,2220
2022-04-16,San Luis Obispo,079,281455,52757,52698,3771,56469,476
2022-04-16,San Mateo,081,765935,124150,122652,7070,129722,699
2022-04-16,Santa Barbara,083,443738,86402,86030,4730,90760,684
2022-04-16,Santa Clara,085,1922200,319644,315296,12509,327805,2268
2022-04-16,Santa Cruz,087,273765,48588,47895,2117,50012,261
2022-04-16,Shasta,089,179085,30614,30578,6093,36671,554
2022-04-16,Sierra,091,2930,274,276,48,324,4
2022-04-16,Siskiyou,093,43540,4435,4444,2728,7172,80
2022-04-16,Solano,095,438530,82060,81781,5599,87380,447
2022-04-16,Sonoma,097,501317,84554,84172,2727,86899,485
2022-04-16,Stanislaus,099,539301,117886,117567,17875,135442,1619
2022-04-16,Sutter,101,95872,20523,20621,2087,22708,224
2022-04-16,Tehama,103,63373,12061,12061,2571,14632,199
2022-04-16,Trinity,105,12862,1183,1178,287,1465,20
2022-04-16,Tulare,107,460477,106508,105757,27641,133398,1428
2022-04-16,Tuolumne,109,53932,12729,12640,567,13207,180
2022-04-16,Ventura,111,848112,173936,173665,9452,183117,1474
2022-04-16,Yolo,113,214977,37441,36752,2938,39690,311
2022-04-16,Yuba,115,75493,15866,15857,1200,17057,121
2022-04-15,Alameda,001,1643700,259848,257897,13894,271791,1829
2022-04-15,Alpine,002,1148,124,124,1,125,0
2022-04-15,Amador,005,37829,8541,8491,645,9136,86
2022-04-15,Butte,007,227075,33297,33053,7062,40115,405
2022-04-15,Calaveras,009,45235,7287,7275,350,7625,119
2022-04-15,Colusa,011,21464,3458,3450,1048,4498,21
2022-04-15,Contra Costa,013,1133247,193950,189742,13567,203309,1298
2022-04-15,Del Norte,015,27424,5828,5809,184,5993,50
2022-04-15,El Dorado,017,186661,26821,26796,3199,29995,209
2022-04-15,Fresno,019,978130,235579,231455,24448,255903,2739
2022-04-15,Glenn,021,27897,5006,4991,1606,6597,48
2022-04-15,Humboldt,023,135768,16991,16929,2961,19890,143
2022-04-15,Imperial,025,180216,55493,55371,10544,65915,910
2022-04-15,Inyo,027,18085,4080,4075,489,4564,56
2022-04-15,Kern,029,883053,192109,191866,45836,237702,2258
2022-04-15,Kings,031,150075,51566,51544,3521,55065,445
2022-04-15,Lake,033,64148,10736,10702,887,11589,134
2022-04-15,Lassen,035,31185,8965,8950,876,9826,65
2022-04-15,Los Angeles,037,10098052,2727391,2717479,123605,2841084,31598
2022-04-15,Madera,039,155013,37329,37362,6025,43387,354
2022-04-15,Marin,041,260295,25617,33829,2501,36330,288
2022-04-15,Mariposa,043,17540,2416,2406,203,2609,30
2022-04-15,Mendocino,045,87422,13140,13107,3033,16140,122
2022-04-15,Merced,047,269075,63484,62295,8908,71203,813
2022-04-15,Modoc,049,8938,740,743,251,994,8
2022-04-15,Mono,051,14174,2981,2977,126,3103,6
2022-04-15,Monterey,053,433212,79659,79311,13728,93039,727
2022-04-15,Napa,055,140530,26079,25929,979,26908,143
2022-04-15,Nevada,057,99092,16038,16014,1202,17216,123
2022-04-15,Orange,059,3164182,550247,548311,41991,590302,6945
2022-04-15,Placer,061,380077,63106,62882,7368,70250,618
2022-04-15,Plumas,063,18699,2982,2929,365,3294,13
2022-04-15,Riverside,065,2383286,592991,591772,27888,619660,6443
2022-04-15,Sacramento,067,1510023,282138,278523,26946,305469,2978
2022-04-15,San Benito,069,59416,13006,12926,517,13443,98
2022-04-15,San Bernardino,071,2135413,575971,564397,24987,589384,6948
2022-04-15,San Diego,073,3302833,754792,756165,52832,808997,5229
2022-04-15,San Francisco,075,870044,127785,126976,8379,135355,854
2022-04-15,San Joaquin,077,732212,167191,166645,9956,176601,2220
2022-04-15,San Luis Obispo,079,281455,52749,52698,3771,56469,476
2022-04-15,San Mateo,081,765935,124014,122652,7063,129715,699
2022-04-15,Santa Barbara,083,443738,86369,86030,4729,90759,684
2022-04-15,Santa Clara,085,1922200,319352,315296,12500,327796,2268
2022-04-15,Santa Cruz,087,273765,48560,47895,2116,50011,261
2022-04-15,Shasta,089,179085,30605,30578,6093,36671,554
2022-04-15,Sierra,091,2930,274,276,48,324,4
2022-04-15,Siskiyou,093,43540,4433,4444,2728,7172,80
2022-04-15,Solano,095,438530,82035,81781,5599,87380,447
2022-04-15,Sonoma,097,501317,84501,84172,2711,86883,485
2022-04-15,Stanislaus,099,539301,117866,117567,17873,135440,1619
2022-04-15,Sutter,101,95872,20520,20621,2087,22708,224
2022-04-15,Tehama,103,63373,12061,12061,2571,14632,199
2022-04-15,Trinity,105,12862,1183,1178,287,1465,20
2022-04-15,Tulare,107,460477,106502,105757,27634,133391,1428
2022-04-15,Tuolumne,109,53932,12726,12640,564,13204,180
2022-04-15,Ventura,111,848112,173907,173665,9446,183111,1474
2022-04-15,Yolo,113,214977,37424,36752,2938,39690,311
2022-04-15,Yuba,115,75493,15863,15857,1200,17057,121
2022-04-14,Alameda,001,1643700,259585,257897,13883,271780,1829
2022-04-14,Alpine,002,1148,124,124,1,125,0
2022-04-14,Amador,005,37829,8541,8491,645,9136,86
2022-04-14,Butte,007,227075,33292,33053,7059,40112,405
2022-04-14,Calaveras,009,45235,7286,7275,350,7625,119
2022-04-14,Colusa,011,21464,3458,3450,1048,4498,21
2022-04-14,Contra Costa,013,1133247,193794,189742,13555,203297,1298
2022-04-14,Del Norte,015,27424,5827,5809,184,5993,50
2022-04-14,El Dorado,017,186661,26818,26796,3197,29993,209
2022-04-14,Fresno,019,978130,235552,231455,24447,255902,2739
2022-04-14,Glenn,021,27897,5006,4991,1604,6595,48
2022-04-14,Humboldt,023,135768,16976,16929,2960,19889,143
2022-04-14,Imperial,025,180216,55483,55371,10544,65915,910
2022-04-14,Inyo,027,18085,4080,4075,488,4563,56
2022-04-14,Kern,029,883053,192090,191866,45828,237694,2258
2022-04-14,Kings,031,150075,51558,51544,3521,55065,445
2022-04-14,Lake,033,64148,10735,10702,887,11589,134
2022-04-14,Lassen,035,31185,8965,8950,875,9825,65
2022-04-14,Los Angeles,037,10098052,2726305,2717479,123516,2840995,31598
2022-04-14,Madera,039,155013,37327,37362,6025,43387,354
2022-04-14,Marin,041,260295,25577,33829,2480,36309,288
2022-04-14,Mariposa,043,17540,2415,2406,203,2609,30
2022-04-14,Mendocino,045,87422,13135,13107,3033,16140,122
2022-04-14,Merced,047,269075,63480,62295,8907,71202,813
2022-04-14,Modoc,049,8938,739,743,251,994,8
2022-04-14,Mono,051,14174,2981,2977,125,3102,6
2022-04-14,Monterey,053,433212,79634,79311,13723,93034,727
2022-04-14,Napa,055,140530,26057,25929,978,26907,143
2022-04-14,Nevada,057,99092,16031,16014,1201,17215,123
2022-04-14,Orange,059,3164182,550054,548311,41962,590273,6945
2022-04-14,Placer,061,380077,63088,62882,7363,70245,618
2022-04-14,Plumas,063,18699,2982,2929,365,3294,13
2022-04-14,Riverside,065,2383286,592870,591772,27878,619650,6443
2022-04-14,Sacramento,067,1510023,282018,278523,26932,305455,2978
2022-04-14,San Benito,069,59416,13000,12926,517,13443,98
2022-04-14,San Bernardino,071,2135413,575800,564397,24982,589379,6948
2022-04-14,San Diego,073,3302833,754515,756165,52794,808959,5229
2022-04-14,San Francisco,075,870044,127581,126976,8366,135342,854
2022-04-14,San Joaquin,077,732212,167159,166645,9955,176600,2220
2022-04-14,San Luis Obispo,079,281455,52733,52698,3767,56465,476
2022-04-14,San Mateo,081,765935,123852,122652,7051,129703,699
2022-04-14,Santa Barbara,083,443738,86324,86030,4727,90757,684
2022-04-14,Santa Clara,085,1922200,319049,315296,12491,327787,2268
2022-04-14,Santa Cruz,087,273765,48530,47895,2115,50010,261
2022-04-14,Shasta,089,179085,30603,30578,6092,36670,554
2022-04-14,Sierra,091,2930,274,276,48,324,4
2022-04-14,Siskiyou,093,43540,4433,4444,2727,7171,80
2022-04-14,Solano,095,438530,81995,81781,5593,87374,447
2022-04-14,Sonoma,097,501317,84411,84172,2706,86878,485
2022-04-14,Stanislaus,099,539301,117847,117567,17870,135437,1619
2022-04-14,Sutter,101,95872,20518,20621,2078,22699,224
2022-04-14,Tehama,103,63373,12060,12061,2570,14631,199
2022-04-14,Trinity,105,12862,1183,1178,287,1465,20
2022-04-14,Tulare,107,460477,106488,105757,27630,133387,1428
2022-04-14,Tuolumne,109,53932,12721,12640,563,13203,180
2022-04-14,Ventura,111,848112,173858,173665,9440,183105,1474
2022-04-14,Yolo,113,214977,37397,36752,2935,39687,311
2022-04-14,Yuba,115,75493,15860,15857,1200,17057,121
2022-04-13,Alameda,001,1643700,259334,257440,13862,271302,1833
2022-04-13,Alpine,002,1148,124,124,1,125,0
2022-04-13,Amador,005,37829,8539,8490,645,9135,86
2022-04-13,Butte,007,227075,33284,33044,7059,40103,402
2022-04-13,Calaveras,009,45235,7285,7270,350,7620,119
2022-04-13,Colusa,011,21464,3458,3451,1048,4499,21
2022-04-13,Contra Costa,013,1133247,193660,189471,13541,203012,1298
2022-04-13,Del Norte,015,27424,5825,5812,184,5996,50
2022-04-13,El Dorado,017,186661,26814,26794,3197,29991,208
2022-04-13,Fresno,019,978130,235519,231325,24435,255760,2738
2022-04-13,Glenn,021,27897,5004,4989,1604,6593,48
2022-04-13,Humboldt,023,135768,16962,16922,2959,19881,143
2022-04-13,Imperial,025,180216,55470,55353,10541,65894,910
2022-04-13,Inyo,027,18085,4080,4074,485,4559,56
2022-04-13,Kern,029,883053,192065,191859,45822,237681,2249
2022-04-13,Kings,031,150075,51552,51535,3521,55056,443
2022-04-13,Lake,033,64148,10733,10695,887,11582,134
2022-04-13,Lassen,035,31185,8964,8949,875,9824,65
2022-04-13,Los Angeles,037,10098052,2725044,2715722,123442,2839164,31578
2022-04-13,Madera,039,155013,37324,37361,6025,43386,354
2022-04-13,Marin,041,260295,25538,33747,2451,36198,288
2022-04-13,Mariposa,043,17540,2409,2402,203,2605,29
2022-04-13,Mendocino,045,87422,13126,13101,3031,16132,120
2022-04-13,Merced,047,269075,63470,62276,8906,71182,811
2022-04-13,Modoc,049,8938,739,743,251,994,8
2022-04-13,Mono,051,14174,2979,2971,125,3096,6
2022-04-13,Monterey,053,433212,79621,79179,13717,92896,727
2022-04-13,Napa,055,140530,26040,25892,975,26867,143
2022-04-13,Nevada,057,99092,16025,16002,1201,17203,123
2022-04-13,Orange,059,3164182,549857,547783,41937,589720,6935
2022-04-13,Placer,061,380077,63061,62851,7360,70211,615
2022-04-13,Plumas,063,18699,2981,2923,365,3288,13
2022-04-13,Riverside,065,2383286,592731,591659,27871,619530,6437
2022-04-13,Sacramento,067,1510023,281930,277866,26929,304795,2974
2022-04-13,San Benito,069,59416,12994,12927,517,13444,98
2022-04-13,San Bernardino,071,2135413,575655,563709,24977,588686,6905
2022-04-13,San Diego,073,3302833,754231,755584,52762,808346,5223
2022-04-13,San Francisco,075,870044,127413,126608,8346,134954,850
2022-04-13,San Joaquin,077,732212,167124,166654,9953,176607,2219
2022-04-13,San Luis Obispo,079,281455,52709,52660,3767,56427,476
2022-04-13,San Mateo,081,765935,123697,122167,7030,129197,699
2022-04-13,Santa Barbara,083,443738,86286,85938,4722,90660,684
2022-04-13,Santa Clara,085,1922200,318777,314863,12474,327337,2267
2022-04-13,Santa Cruz,087,273765,48475,47765,2114,49879,260
2022-04-13,Shasta,089,179085,30601,30569,6092,36661,551
2022-04-13,Sierra,091,2930,274,276,48,324,4
2022-04-13,Siskiyou,093,43540,4432,4444,2726,7170,80
2022-04-13,Solano,095,438530,81956,81843,5590,87433,448
2022-04-13,Sonoma,097,501317,84340,84033,2692,86725,485
2022-04-13,Stanislaus,099,539301,117829,117573,17865,135438,1577
2022-04-13,Sutter,101,95872,20514,20610,2078,22688,223
2022-04-13,Tehama,103,63373,12059,12062,2569,14631,200
2022-04-13,Trinity,105,12862,1183,1177,287,1464,20
2022-04-13,Tulare,107,460477,106480,105519,27625,133144,1426
2022-04-13,Tuolumne,109,53932,12715,12639,563,13202,180
2022-04-13,Ventura,111,848112,173801,173558,9434,182992,1474
2022-04-13,Yolo,113,214977,37358,36684,2933,39617,311
2022-04-13,Yuba,115,75493,15857,15851,1200,17051,121
2022-04-12,Alameda,001,1643700,259089,257440,13851,271291,1833
2022-04-12,Alpine,002,1148,124,124,1,125,0
2022-04-12,Amador,005,37829,8538,8490,645,9135,86
2022-04-12,Butte,007,227075,33272,33044,7053,40097,402
2022-04-12,Calaveras,009,45235,7281,7270,349,7619,119
2022-04-12,Colusa,011,21464,3458,3451,1048,4499,21
2022-04-12,Contra Costa,013,1133247,193505,189471,13527,202998,1298
2022-04-12,Del Norte,015,27424,5822,5812,184,5996,50
2022-04-12,El Dorado,017,186661,26803,26794,3197,29991,208
2022-04-12,Fresno,019,978130,235489,231325,24428,255753,2738
2022-04-12,Glenn,021,27897,5004,4989,1604,6593,48
2022-04-12,Humboldt,023,135768,16954,16922,2957,19879,143
2022-04-12,Imperial,025,180216,55466,55353,10532,65885,910
2022-04-12,Inyo,027,18085,4080,4074,485,4559,56
2022-04-12,Kern,029,883053,192045,191859,45812,237671,2249
2022-04-12,Kings,031,150075,51544,51535,3519,55054,443
2022-04-12,Lake,033,64148,10729,10695,886,11581,134
2022-04-12,Lassen,035,31185,8964,8949,875,9824,65
2022-04-12,Los Angeles,037,10098052,2723803,2715722,123340,2839062,31578
2022-04-12,Madera,039,155013,37323,37361,6025,43386,354
2022-04-12,Marin,041,260295,25492,33747,2425,36172,288
2022-04-12,Mariposa,043,17540,2409,2402,203,2605,29
2022-04-12,Mendocino,045,87422,13118,13101,3025,16126,120
2022-04-12,Merced,047,269075,63456,62276,8904,71180,811
2022-04-12,Modoc,049,8938,739,743,250,993,8
2022-04-12,Mono,051,14174,2979,2971,125,3096,6
2022-04-12,Monterey,053,433212,79597,79179,13710,92889,727
2022-04-12,Napa,055,140530,26017,25892,965,26857,143
2022-04-12,Nevada,057,99092,16022,16002,1200,17202,123
2022-04-12,Orange,059,3164182,549606,547783,41900,589683,6935
2022-04-12,Placer,061,380077,63038,62851,7354,70205,615
2022-04-12,Plumas,063,18699,2980,2923,365,3288,13
2022-04-12,Riverside,065,2383286,592586,591659,27851,619510,6437
2022-04-12,Sacramento,067,1510023,281815,277866,26924,304790,2974
2022-04-12,San Benito,069,59416,12989,12927,516,13443,98
2022-04-12,San Bernardino,071,2135413,575482,563709,24974,588683,6905
2022-04-12,San Diego,073,3302833,753899,755584,52720,808304,5223
2022-04-12,San Francisco,075,870044,127200,126608,8332,134940,850
2022-04-12,San Joaquin,077,732212,167094,166654,9951,176605,2219
2022-04-12,San Luis Obispo,079,281455,52675,52660,3761,56421,476
2022-04-12,San Mateo,081,765935,123532,122167,7016,129183,699
2022-04-12,Santa Barbara,083,443738,86240,85938,4718,90656,684
2022-04-12,Santa Clara,085,1922200,318484,314863,12464,327327,2267
2022-04-12,Santa Cruz,087,273765,48395,47765,2111,49876,260
2022-04-12,Shasta,089,179085,30601,30569,6091,36660,551
2022-04-12,Sierra,091,2930,274,276,48,324,4
2022-04-12,Siskiyou,093,43540,4432,4444,2724,7168,80
2022-04-12,Solano,095,438530,81916,81843,5588,87431,448
2022-04-12,Sonoma,097,501317,84281,84033,2686,86719,485
2022-04-12,Stanislaus,099,539301,117809,117573,17861,135434,1577
2022-04-12,Sutter,101,95872,20511,20610,2078,22688,223
2022-04-12,Tehama,103,63373,12057,12062,2569,14631,200
2022-04-12,Trinity,105,12862,1183,1177,287,1464,20
2022-04-12,Tulare,107,460477,106464,105519,27621,133140,1426
2022-04-12,Tuolumne,109,53932,12713,12639,561,13200,180
2022-04-12,Ventura,111,848112,173753,173558,9428,182986,1474
2022-04-12,Yolo,113,214977,37318,36684,2927,39611,311
2022-04-12,Yuba,115,75493,15852,15851,1200,17051,121
2022-04-11,Alameda,001,1643700,258797,256649,13836,270485,1826
2022-04-11,Alpine,002,1148,124,124,1,125,0
2022-04-11,Amador,005,37829,8537,8489,645,9134,86
2022-04-11,Butte,007,227075,33259,33031,7049,40080,399
2022-04-11,Calaveras,009,45235,7278,7260,349,7609,119
2022-04-11,Colusa,011,21464,3456,3449,1048,4497,21
2022-04-11,Contra Costa,013,1133247,193338,189154,13510,202664,1296
2022-04-11,Del Norte,015,27424,5821,5811,184,5995,50
2022-04-11,El Dorado,017,186661,26791,26757,3196,29953,207
2022-04-11,Fresno,019,978130,235467,231090,24427,255517,2731
2022-04-11,Glenn,021,27897,5003,4988,1603,6591,47
2022-04-11,Humboldt,023,135768,16939,16913,2955,19868,141
2022-04-11,Imperial,025,180216,55461,55267,10530,65797,910
2022-04-11,Inyo,027,18085,4080,4071,485,4556,56
2022-04-11,Kern,029,883053,192020,191542,45810,237352,2244
2022-04-11,Kings,031,150075,51540,51519,3519,55038,443
2022-04-11,Lake,033,64148,10728,10690,885,11575,134
2022-04-11,Lassen,035,31185,8964,8948,875,9823,65
2022-04-11,Los Angeles,037,10098052,2722550,2709735,123268,2833003,31509
2022-04-11,Madera,039,155013,37316,37356,6025,43381,354
2022-04-11,Marin,041,260295,25434,33648,2408,36056,288
2022-04-11,Mariposa,043,17540,2408,2394,203,2597,29
2022-04-11,Mendocino,045,87422,13114,13087,3023,16110,120
2022-04-11,Merced,047,269075,63446,62231,8902,71133,811
2022-04-11,Modoc,049,8938,739,743,250,993,8
2022-04-11,Mono,051,14174,2978,2967,124,3091,6
2022-04-11,Monterey,053,433212,79577,79103,13701,92804,727
2022-04-11,Napa,055,140530,26000,25824,963,26787,144
2022-04-11,Nevada,057,99092,16018,15976,1200,17176,123
2022-04-11,Orange,059,3164182,549400,546983,41866,588849,6912
2022-04-11,Placer,061,380077,63016,62831,7353,70184,616
2022-04-11,Plumas,063,18699,2978,2887,365,3252,13
2022-04-11,Riverside,065,2383286,592458,591268,27834,619102,6429
2022-04-11,Sacramento,067,1510023,281716,277125,26920,304045,2972
2022-04-11,San Benito,069,59416,12988,12917,516,13433,98
2022-04-11,San Bernardino,071,2135413,575332,562571,24965,587536,6892
2022-04-11,San Diego,073,3302833,753572,754281,52681,806962,5210
2022-04-11,San Francisco,075,870044,126970,125963,8320,134283,844
2022-04-11,San Joaquin,077,732212,167056,166547,9945,176492,2212
2022-04-11,San Luis Obispo,079,281455,52652,52609,3760,56369,476
2022-04-11,San Mateo,081,765935,123342,121514,7006,128520,698
2022-04-11,Santa Barbara,083,443738,86191,85754,4713,90467,680
2022-04-11,Santa Clara,085,1922200,318139,313965,12449,326414,2266
2022-04-11,Santa Cruz,087,273765,48300,47624,2108,49732,259
2022-04-11,Shasta,089,179085,30596,30586,6090,36676,549
2022-04-11,Sierra,091,2930,274,272,48,320,4
2022-04-11,Siskiyou,093,43540,4432,4444,2722,7166,80
2022-04-11,Solano,095,438530,81888,81886,5587,87473,448
2022-04-11,Sonoma,097,501317,84213,83600,2674,86274,485
2022-04-11,Stanislaus,099,539301,117774,117528,17853,135381,1578
2022-04-11,Sutter,101,95872,20508,20591,2078,22669,223
2022-04-11,Tehama,103,63373,12056,12059,2568,14627,201
2022-04-11,Trinity,105,12862,1183,1177,287,1464,20
2022-04-11,Tulare,107,460477,106453,105278,27613,132891,1415
2022-04-11,Tuolumne,109,53932,12710,12632,561,13193,180
2022-04-11,Ventura,111,848112,173694,173343,9427,182770,1467
2022-04-11,Yolo,113,214977,37281,36587,2925,39512,312
2022-04-11,Yuba,115,75493,15849,15848,1199,17047,121
2022-04-10,Alameda,001,1643700,258462,256649,13825,270474,1826
2022-04-10,Alpine,002,1148,124,124,1,125,0
2022-04-10,Amador,005,37829,8535,8489,645,9134,86
2022-04-10,Butte,007,227075,33255,33031,7045,40076,399
2022-04-10,Calaveras,009,45235,7275,7260,349,7609,119
2022-04-10,Colusa,011,21464,3455,3449,1048,4497,21
2022-04-10,Contra Costa,013,1133247,193178,189154,13490,202644,1296
2022-04-10,Del Norte,015,27424,5818,5811,184,5995,50
2022-04-10,El Dorado,017,186661,26783,26757,3194,29951,207
2022-04-10,Fresno,019,978130,235429,231090,24425,255515,2731
2022-04-10,Glenn,021,27897,5003,4988,1603,6591,47
2022-04-10,Humboldt,023,135768,16929,16913,2953,19866,141
2022-04-10,Imperial,025,180216,55457,55267,10527,65794,910
2022-04-10,Inyo,027,18085,4080,4071,483,4554,56
2022-04-10,Kern,029,883053,192002,191542,45805,237347,2244
2022-04-10,Kings,031,150075,51538,51519,3519,55038,443
2022-04-10,Lake,033,64148,10724,10690,883,11573,134
2022-04-10,Lassen,035,31185,8963,8948,875,9823,65
2022-04-10,Los Angeles,037,10098052,2721226,2709735,123180,2832915,31509
2022-04-10,Madera,039,155013,37311,37356,6024,43380,354
2022-04-10,Marin,041,260295,25394,33648,2379,36027,288
2022-04-10,Mariposa,043,17540,2406,2394,203,2597,29
2022-04-10,Mendocino,045,87422,13106,13087,3022,16109,120
2022-04-10,Merced,047,269075,63436,62231,8900,71131,811
2022-04-10,Modoc,049,8938,739,743,250,993,8
2022-04-10,Mono,051,14174,2975,2967,124,3091,6
2022-04-10,Monterey,053,433212,79561,79103,13691,92794,727
2022-04-10,Napa,055,140530,25978,25824,961,26785,144
2022-04-10,Nevada,057,99092,16001,15976,1200,17176,123
2022-04-10,Orange,059,3164182,549149,546983,41826,588809,6912
2022-04-10,Placer,061,380077,62983,62831,7352,70183,616
2022-04-10,Plumas,063,18699,2975,2887,365,3252,13
2022-04-10,Riverside,065,2383286,592308,591268,27821,619089,6429
2022-04-10,Sacramento,067,1510023,281617,277125,26910,304035,2972
2022-04-10,San Benito,069,59416,12985,12917,516,13433,98
2022-04-10,San Bernardino,071,2135413,575099,562571,24956,587527,6892
2022-04-10,San Diego,073,3302833,753242,754281,52634,806915,5210
2022-04-10,San Francisco,075,870044,126729,125963,8305,134268,844
2022-04-10,San Joaquin,077,732212,167010,166547,9937,176484,2212
2022-04-10,San Luis Obispo,079,281455,52617,52609,3758,56367,476
2022-04-10,San Mateo,081,765935,123173,121514,6993,128507,698
2022-04-10,Santa Barbara,083,443738,86108,85754,4703,90457,680
2022-04-10,Santa Clara,085,1922200,317809,313965,12435,326400,2266
2022-04-10,Santa Cruz,087,273765,48210,47624,2107,49731,259
2022-04-10,Shasta,089,179085,30589,30586,6090,36676,549
2022-04-10,Sierra,091,2930,274,272,48,320,4
2022-04-10,Siskiyou,093,43540,4432,4444,2721,7165,80
2022-04-10,Solano,095,438530,81841,81886,5582,87468,448
2022-04-10,Sonoma,097,501317,84113,83600,2667,86267,485
2022-04-10,Stanislaus,099,539301,117751,117528,17846,135374,1578
2022-04-10,Sutter,101,95872,20504,20591,2074,22665,223
2022-04-10,Tehama,103,63373,12054,12059,2568,14627,201
2022-04-10,Trinity,105,12862,1183,1177,287,1464,20
2022-04-10,Tulare,107,460477,106436,105278,27606,132884,1415
2022-04-10,Tuolumne,109,53932,12703,12632,561,13193,180
2022-04-10,Ventura,111,848112,173615,173343,9422,182765,1467
2022-04-10,Yolo,113,214977,37251,36587,2920,39507,312
2022-04-10,Yuba,115,75493,15848,15848,1199,17047,121
2022-04-09,Alameda,001,1643700,258289,256649,13820,270469,1826
2022-04-09,Alpine,002,1148,124,124,1,125,0
2022-04-09,Amador,005,37829,8535,8489,644,9133,86
2022-04-09,Butte,007,227075,33252,33031,7045,40076,399
2022-04-09,Calaveras,009,45235,7274,7260,349,7609,119
2022-04-09,Colusa,011,21464,3454,3449,1048,4497,21
2022-04-09,Contra Costa,013,1133247,193080,189154,13483,202637,1296
2022-04-09,Del Norte,015,27424,5817,5811,184,5995,50
2022-04-09,El Dorado,017,186661,26775,26757,3194,29951,207
2022-04-09,Fresno,019,978130,235408,231090,24425,255515,2731
2022-04-09,Glenn,021,27897,5003,4988,1603,6591,47
2022-04-09,Humboldt,023,135768,16922,16913,2953,19866,141
2022-04-09,Imperial,025,180216,55452,55267,10525,65792,910
2022-04-09,Inyo,027,18085,4080,4071,483,4554,56
2022-04-09,Kern,029,883053,191993,191542,45800,237342,2244
2022-04-09,Kings,031,150075,51532,51519,3519,55038,443
2022-04-09,Lake,033,64148,10722,10690,883,11573,134
2022-04-09,Lassen,035,31185,8963,8948,875,9823,65
2022-04-09,Los Angeles,037,10098052,2720541,2709735,123108,2832843,31509
2022-04-09,Madera,039,155013,37308,37356,6024,43380,354
2022-04-09,Marin,041,260295,25356,33648,2343,35991,288
2022-04-09,Mariposa,043,17540,2406,2394,203,2597,29
2022-04-09,Mendocino,045,87422,13104,13087,3022,16109,120
2022-04-09,Merced,047,269075,63425,62231,8898,71129,811
2022-04-09,Modoc,049,8938,739,743,250,993,8
2022-04-09,Mono,051,14174,2974,2967,123,3090,6
2022-04-09,Monterey,053,433212,79552,79103,13687,92790,727
2022-04-09,Napa,055,140530,25953,25824,961,26785,144
2022-04-09,Nevada,057,99092,15998,15976,1200,17176,123
2022-04-09,Orange,059,3164182,549028,546983,41804,588787,6912
2022-04-09,Placer,061,380077,62967,62831,7350,70181,616
2022-04-09,Plumas,063,18699,2975,2887,365,3252,13
2022-04-09,Riverside,065,2383286,592218,591268,27811,619079,6429
2022-04-09,Sacramento,067,1510023,281570,277125,26908,304033,2972
2022-04-09,San Benito,069,59416,12984,12917,515,13432,98
2022-04-09,San Bernardino,071,2135413,575033,562571,24953,587524,6892
2022-04-09,San Diego,073,3302833,753094,754281,52621,806902,5210
2022-04-09,San Francisco,075,870044,126604,125963,8297,134260,844
2022-04-09,San Joaquin,077,732212,166994,166547,9935,176482,2212
2022-04-09,San Luis Obispo,079,281455,52617,52609,3755,56364,476
2022-04-09,San Mateo,081,765935,123079,121514,6990,128504,698
2022-04-09,Santa Barbara,083,443738,86074,85754,4703,90457,680
2022-04-09,Santa Clara,085,1922200,317613,313965,12432,326397,2266
2022-04-09,Santa Cruz,087,273765,48177,47624,2105,49729,259
2022-04-09,Shasta,089,179085,30587,30586,6090,36676,549
2022-04-09,Sierra,091,2930,274,272,48,320,4
2022-04-09,Siskiyou,093,43540,4431,4444,2720,7164,80
2022-04-09,Solano,095,438530,81823,81886,5580,87466,448
2022-04-09,Sonoma,097,501317,84074,83600,2663,86263,485
2022-04-09,Stanislaus,099,539301,117738,117528,17844,135372,1578
2022-04-09,Sutter,101,95872,20504,20591,2074,22665,223
2022-04-09,Tehama,103,63373,12054,12059,2568,14627,201
2022-04-09,Trinity,105,12862,1183,1177,287,1464,20
2022-04-09,Tulare,107,460477,106433,105278,27604,132882,1415
2022-04-09,Tuolumne,109,53932,12701,12632,561,13193,180
2022-04-09,Ventura,111,848112,173578,173343,9419,182762,1467
2022-04-09,Yolo,113,214977,37232,36587,2920,39507,312
2022-04-09,Yuba,115,75493,15847,15848,1199,17047,121
2022-04-08,Alameda,001,1643700,258128,256649,13814,270463,1826
2022-04-08,Alpine,002,1148,124,124,1,125,0
2022-04-08,Amador,005,37829,8533,8489,643,9132,86
2022-04-08,Butte,007,227075,33246,33031,7042,40073,399
2022-04-08,Calaveras,009,45235,7272,7260,349,7609,119
2022-04-08,Colusa,011,21464,3454,3449,1048,4497,21
2022-04-08,Contra Costa,013,1133247,193002,189154,13470,202624,1296
2022-04-08,Del Norte,015,27424,5815,5811,184,5995,50
2022-04-08,El Dorado,017,186661,26773,26757,3194,29951,207
2022-04-08,Fresno,019,978130,235388,231090,24423,255513,2731
2022-04-08,Glenn,021,27897,5003,4988,1603,6591,47
2022-04-08,Humboldt,023,135768,16918,16913,2951,19864,141
2022-04-08,Imperial,025,180216,55448,55267,10525,65792,910
2022-04-08,Inyo,027,18085,4078,4071,482,4553,56
2022-04-08,Kern,029,883053,191974,191542,45799,237341,2244
2022-04-08,Kings,031,150075,51527,51519,3519,55038,443
2022-04-08,Lake,033,64148,10722,10690,883,11573,134
2022-04-08,Lassen,035,31185,8963,8948,875,9823,65
2022-04-08,Los Angeles,037,10098052,2719915,2709735,123050,2832785,31509
2022-04-08,Madera,039,155013,37306,37356,6023,43379,354
2022-04-08,Marin,041,260295,25334,33648,2329,35977,288
2022-04-08,Mariposa,043,17540,2406,2394,202,2596,29
2022-04-08,Mendocino,045,87422,13102,13087,3022,16109,120
2022-04-08,Merced,047,269075,63419,62231,8895,71126,811
2022-04-08,Modoc,049,8938,739,743,250,993,8
2022-04-08,Mono,051,14174,2972,2967,123,3090,6
2022-04-08,Monterey,053,433212,79542,79103,13686,92789,727
2022-04-08,Napa,055,140530,25941,25824,953,26777,144
2022-04-08,Nevada,057,99092,15995,15976,1200,17176,123
2022-04-08,Orange,059,3164182,548907,546983,41790,588773,6912
2022-04-08,Placer,061,380077,62949,62831,7348,70179,616
2022-04-08,Plumas,063,18699,2972,2887,365,3252,13
2022-04-08,Riverside,065,2383286,592142,591268,27808,619076,6429
2022-04-08,Sacramento,067,1510023,281523,277125,26907,304032,2972
2022-04-08,San Benito,069,59416,12984,12917,515,13432,98
2022-04-08,San Bernardino,071,2135413,574979,562571,24950,587521,6892
2022-04-08,San Diego,073,3302833,752926,754281,52610,806891,5210
2022-04-08,San Francisco,075,870044,126507,125963,8292,134255,844
2022-04-08,San Joaquin,077,732212,166976,166547,9933,176480,2212
2022-04-08,San Luis Obispo,079,281455,52612,52609,3755,56364,476
2022-04-08,San Mateo,081,765935,122972,121514,6986,128500,698
2022-04-08,Santa Barbara,083,443738,86053,85754,4703,90457,680
2022-04-08,Santa Clara,085,1922200,317427,313965,12425,326390,2266
2022-04-08,Santa Cruz,087,273765,48160,47624,2102,49726,259
2022-04-08,Shasta,089,179085,30584,30586,6090,36676,549
2022-04-08,Sierra,091,2930,274,272,48,320,4
2022-04-08,Siskiyou,093,43540,4431,4444,2720,7164,80
2022-04-08,Solano,095,438530,81803,81886,5579,87465,448
2022-04-08,Sonoma,097,501317,84022,83600,2659,86259,485
2022-04-08,Stanislaus,099,539301,117723,117528,17842,135370,1578
2022-04-08,Sutter,101,95872,20504,20591,2074,22665,223
2022-04-08,Tehama,103,63373,12054,12059,2568,14627,201
2022-04-08,Trinity,105,12862,1183,1177,287,1464,20
2022-04-08,Tulare,107,460477,106428,105278,27600,132878,1415
2022-04-08,Tuolumne,109,53932,12700,12632,560,13192,180
2022-04-08,Ventura,111,848112,173549,173343,9417,182760,1467
2022-04-08,Yolo,113,214977,37223,36587,2919,39506,312
2022-04-08,Yuba,115,75493,15846,15848,1199,17047,121
2022-04-07,Alameda,001,1643700,257932,256649,13806,270455,1826
2022-04-07,Alpine,002,1148,124,124,1,125,0
2022-04-07,Amador,005,37829,8532,8489,640,9129,86
2022-04-07,Butte,007,227075,33242,33031,7040,40071,399
2022-04-07,Calaveras,009,45235,7270,7260,349,7609,119
2022-04-07,Colusa,011,21464,3453,3449,1048,4497,21
2022-04-07,Contra Costa,013,1133247,192883,189154,13458,202612,1296
2022-04-07,Del Norte,015,27424,5814,5811,184,5995,50
2022-04-07,El Dorado,017,186661,26761,26757,3192,29949,207
2022-04-07,Fresno,019,978130,235361,231090,24422,255512,2731
2022-04-07,Glenn,021,27897,5002,4988,1602,6590,47
2022-04-07,Humboldt,023,135768,16911,16913,2949,19862,141
2022-04-07,Imperial,025,180216,55446,55267,10523,65790,910
2022-04-07,Inyo,027,18085,4078,4071,482,4553,56
2022-04-07,Kern,029,883053,191950,191542,45796,237338,2244
2022-04-07,Kings,031,150075,51519,51519,3519,55038,443
2022-04-07,Lake,033,64148,10718,10690,883,11573,134
2022-04-07,Lassen,035,31185,8963,8948,875,9823,65
2022-04-07,Los Angeles,037,10098052,2719007,2709735,122975,2832710,31509
2022-04-07,Madera,039,155013,37302,37356,6023,43379,354
2022-04-07,Marin,041,260295,25314,33648,2310,35958,288
2022-04-07,Mariposa,043,17540,2403,2394,201,2595,29
2022-04-07,Mendocino,045,87422,13098,13087,3021,16108,120
2022-04-07,Merced,047,269075,63409,62231,8890,71121,811
2022-04-07,Modoc,049,8938,739,743,250,993,8
2022-04-07,Mono,051,14174,2971,2967,123,3090,6
2022-04-07,Monterey,053,433212,79520,79103,13682,92785,727
2022-04-07,Napa,055,140530,25925,25824,949,26773,144
2022-04-07,Nevada,057,99092,15987,15976,1199,17175,123
2022-04-07,Orange,059,3164182,548751,546983,41760,588743,6912
2022-04-07,Placer,061,380077,62932,62831,7345,70176,616
2022-04-07,Plumas,063,18699,2972,2887,365,3252,13
2022-04-07,Riverside,065,2383286,592040,591268,27794,619062,6429
2022-04-07,Sacramento,067,1510023,281458,277125,26900,304025,2972
2022-04-07,San Benito,069,59416,12983,12917,515,13432,98
2022-04-07,San Bernardino,071,2135413,574818,562571,24937,587508,6892
2022-04-07,San Diego,073,3302833,752660,754281,52578,806859,5210
2022-04-07,San Francisco,075,870044,126350,125963,8277,134240,844
2022-04-07,San Joaquin,077,732212,166936,166547,9930,176477,2212
2022-04-07,San Luis Obispo,079,281455,52594,52609,3753,56362,476
2022-04-07,San Mateo,081,765935,122849,121514,6970,128484,698
2022-04-07,Santa Barbara,083,443738,86009,85754,4701,90455,680
2022-04-07,Santa Clara,085,1922200,317204,313965,12413,326378,2266
2022-04-07,Santa Cruz,087,273765,48141,47624,2098,49722,259
2022-04-07,Shasta,089,179085,30582,30586,6090,36676,549
2022-04-07,Sierra,091,2930,274,272,48,320,4
2022-04-07,Siskiyou,093,43540,4431,4444,2719,7163,80
2022-04-07,Solano,095,438530,81773,81886,5579,87465,448
2022-04-07,Sonoma,097,501317,83979,83600,2653,86253,485
2022-04-07,Stanislaus,099,539301,117701,117528,17839,135367,1578
2022-04-07,Sutter,101,95872,20500,20591,2073,22664,223
2022-04-07,Tehama,103,63373,12053,12059,2568,14627,201
2022-04-07,Trinity,105,12862,1183,1177,287,1464,20
2022-04-07,Tulare,107,460477,106421,105278,27599,132877,1415
2022-04-07,Tuolumne,109,53932,12698,12632,559,13191,180
2022-04-07,Ventura,111,848112,173520,173343,9415,182758,1467
2022-04-07,Yolo,113,214977,37205,36587,2919,39506,312
2022-04-07,Yuba,115,75493,15844,15848,1199,17047,121
2022-04-06,Alameda,001,1643700,257746,256143,13799,269942,1814
2022-04-06,Alpine,002,1148,124,124,1,125,0
2022-04-06,Amador,005,37829,8531,8488,640,9128,86
2022-04-06,Butte,007,227075,33237,32997,7038,40035,396
2022-04-06,Calaveras,009,45235,7268,7258,349,7607,120
2022-04-06,Colusa,011,21464,3453,3447,1048,4495,21
2022-04-06,Contra Costa,013,1133247,192817,188850,13442,202292,1296
2022-04-06,Del Norte,015,27424,5814,5809,184,5993,50
2022-04-06,El Dorado,017,186661,26758,26744,3192,29936,205
2022-04-06,Fresno,019,978130,235326,230942,24418,255360,2725
2022-04-06,Glenn,021,27897,5002,4986,1601,6587,47
2022-04-06,Humboldt,023,135768,16907,16904,2948,19852,140
2022-04-06,Imperial,025,180216,55440,55294,10523,65817,908
2022-04-06,Inyo,027,18085,4077,4068,480,4548,56
2022-04-06,Kern,029,883053,191928,191449,45794,237243,2234
2022-04-06,Kings,031,150075,51518,51491,3518,55009,443
2022-04-06,Lake,033,64148,10714,10679,883,11562,136
2022-04-06,Lassen,035,31185,8963,8945,875,9820,65
2022-04-06,Los Angeles,037,10098052,2717962,2707306,122905,2830211,31465
2022-04-06,Madera,039,155013,37298,37349,6023,43372,354
2022-04-06,Marin,041,260295,25292,33566,2302,35868,288
2022-04-06,Mariposa,043,17540,2402,2392,201,2593,29
2022-04-06,Mendocino,045,87422,13094,13074,3020,16094,119
2022-04-06,Merced,047,269075,63401,62195,8886,71081,810
2022-04-06,Modoc,049,8938,739,741,250,991,8
2022-04-06,Mono,051,14174,2970,2967,123,3090,6
2022-04-06,Monterey,053,433212,79509,79019,13674,92693,727
2022-04-06,Napa,055,140530,25906,25790,945,26735,143
2022-04-06,Nevada,057,99092,15985,15974,1199,17173,123
2022-04-06,Orange,059,3164182,548582,546491,41737,588228,6887
2022-04-06,Placer,061,380077,62926,62787,7344,70131,615
2022-04-06,Plumas,063,18699,2972,2850,365,3215,13
2022-04-06,Riverside,065,2383286,591943,590826,27789,618615,6424
2022-04-06,Sacramento,067,1510023,281380,276567,26896,303463,2953
2022-04-06,San Benito,069,59416,12982,12908,515,13423,98
2022-04-06,San Bernardino,071,2135413,574685,561648,24935,586583,6883
2022-04-06,San Diego,073,3302833,752366,753402,52540,805942,5192
2022-04-06,San Francisco,075,870044,126191,125536,8271,133807,843
2022-04-06,San Joaquin,077,732212,166903,166415,9927,176342,2207
2022-04-06,San Luis Obispo,079,281455,52572,52557,3751,56308,475
2022-04-06,San Mateo,081,765935,122739,121041,6960,128001,693
2022-04-06,Santa Barbara,083,443738,85969,85630,4697,90327,679
2022-04-06,Santa Clara,085,1922200,317006,313278,12393,325671,2265
2022-04-06,Santa Cruz,087,273765,48087,47446,2093,49539,259
2022-04-06,Shasta,089,179085,30581,30565,6090,36655,529
2022-04-06,Sierra,091,2930,274,272,47,319,4
2022-04-06,Siskiyou,093,43540,4431,4442,2719,7161,80
2022-04-06,Solano,095,438530,81738,81789,5574,87363,447
2022-04-06,Sonoma,097,501317,83915,83361,2648,86009,485
2022-04-06,Stanislaus,099,539301,117685,117534,17833,135367,1578
2022-04-06,Sutter,101,95872,20495,20581,2073,22654,222
2022-04-06,Tehama,103,63373,12051,12049,2568,14617,198
2022-04-06,Trinity,105,12862,1183,1173,287,1460,20
2022-04-06,Tulare,107,460477,106414,104826,27594,132420,1414
2022-04-06,Tuolumne,109,53932,12696,12621,559,13180,180
2022-04-06,Ventura,111,848112,173467,173179,9409,182588,1460
2022-04-06,Yolo,113,214977,37180,36393,2918,39311,314
2022-04-06,Yuba,115,75493,15839,15839,1199,17038,121
2022-04-05,Alameda,001,1643700,257533,256143,13789,269932,1814
2022-04-05,Alpine,002,1148,124,124,1,125,0
2022-04-05,Amador,005,37829,8529,8488,640,9128,86
2022-04-05,Butte,007,227075,33232,32997,7035,40032,396
2022-04-05,Calaveras,009,45235,7264,7258,349,7607,120
2022-04-05,Colusa,011,21464,3451,3447,1047,4494,21
2022-04-05,Contra Costa,013,1133247,192725,188850,13435,202285,1296
2022-04-05,Del Norte,015,27424,5812,5809,184,5993,50
2022-04-05,El Dorado,017,186661,26747,26744,3192,29936,205
2022-04-05,Fresno,019,978130,235289,230942,24410,255352,2725
2022-04-05,Glenn,021,27897,5002,4986,1600,6586,47
2022-04-05,Humboldt,023,135768,16901,16904,2948,19852,140
2022-04-05,Imperial,025,180216,55438,55294,10522,65816,908
2022-04-05,Inyo,027,18085,4076,4068,479,4547,56
2022-04-05,Kern,029,883053,191908,191449,45791,237240,2234
2022-04-05,Kings,031,150075,51515,51491,3518,55009,443
2022-04-05,Lake,033,64148,10711,10679,883,11562,136
2022-04-05,Lassen,035,31185,8963,8945,874,9819,65
2022-04-05,Los Angeles,037,10098052,2716908,2707306,122831,2830137,31465
2022-04-05,Madera,039,155013,37291,37349,6021,43370,354
2022-04-05,Marin,041,260295,25237,33566,2287,35853,288
2022-04-05,Mariposa,043,17540,2402,2392,201,2593,29
2022-04-05,Mendocino,045,87422,13088,13074,3019,16093,119
2022-04-05,Merced,047,269075,63389,62195,8881,71076,810
2022-04-05,Modoc,049,8938,739,741,250,991,8
2022-04-05,Mono,051,14174,2969,2967,123,3090,6
2022-04-05,Monterey,053,433212,79485,79019,13663,92682,727
2022-04-05,Napa,055,140530,25897,25790,940,26730,143
2022-04-05,Nevada,057,99092,15977,15974,1199,17173,123
2022-04-05,Orange,059,3164182,548400,546491,41708,588199,6887
2022-04-05,Placer,061,380077,62900,62787,7344,70131,615
2022-04-05,Plumas,063,18699,2972,2850,365,3215,13
2022-04-05,Riverside,065,2383286,591822,590826,27777,618603,6424
2022-04-05,Sacramento,067,1510023,281299,276567,26891,303458,2953
2022-04-05,San Benito,069,59416,12975,12908,515,13423,98
2022-04-05,San Bernardino,071,2135413,574554,561648,24925,586573,6883
2022-04-05,San Diego,073,3302833,752058,753402,52496,805898,5192
2022-04-05,San Francisco,075,870044,125990,125536,8263,133799,843
2022-04-05,San Joaquin,077,732212,166861,166415,9925,176340,2207
2022-04-05,San Luis Obispo,079,281455,52555,52557,3746,56303,475
2022-04-05,San Mateo,081,765935,122621,121041,6950,127991,693
2022-04-05,Santa Barbara,083,443738,85933,85630,4696,90326,679
2022-04-05,Santa Clara,085,1922200,316746,313278,12380,325658,2265
2022-04-05,Santa Cruz,087,273765,48020,47446,2090,49536,259
2022-04-05,Shasta,089,179085,30581,30565,6088,36653,529
2022-04-05,Sierra,091,2930,274,272,47,319,4
2022-04-05,Siskiyou,093,43540,4431,4442,2719,7161,80
2022-04-05,Solano,095,438530,81685,81789,5571,87360,447
2022-04-05,Sonoma,097,501317,83851,83361,2639,86000,485
2022-04-05,Stanislaus,099,539301,117671,117534,17824,135358,1578
2022-04-05,Sutter,101,95872,20491,20581,2072,22653,222
2022-04-05,Tehama,103,63373,12049,12049,2567,14616,198
2022-04-05,Trinity,105,12862,1183,1173,287,1460,20
2022-04-05,Tulare,107,460477,106404,104826,27591,132417,1414
2022-04-05,Tuolumne,109,53932,12695,12621,559,13180,180
2022-04-05,Ventura,111,848112,173411,173179,9402,182581,1460
2022-04-05,Yolo,113,214977,37165,36393,2915,39308,314
2022-04-05,Yuba,115,75493,15837,15839,1199,17038,121
2022-04-04,Alameda,001,1643700,257302,256143,13774,269917,1814
2022-04-04,Alpine,002,1148,124,124,1,125,0
2022-04-04,Amador,005,37829,8528,8488,639,9127,86
2022-04-04,Butte,007,227075,33226,32997,7032,40029,396
2022-04-04,Calaveras,009,45235,7264,7258,349,7607,120
2022-04-04,Colusa,011,21464,3450,3447,1047,4494,21
2022-04-04,Contra Costa,013,1133247,192624,188850,13427,202277,1296
2022-04-04,Del Norte,015,27424,5812,5809,184,5993,50
2022-04-04,El Dorado,017,186661,26743,26744,3192,29936,205
2022-04-04,Fresno,019,978130,235271,230942,24405,255347,2725
2022-04-04,Glenn,021,27897,5001,4986,1600,6586,47
2022-04-04,Humboldt,023,135768,16893,16904,2943,19847,140
2022-04-04,Imperial,025,180216,55433,55294,10522,65816,908
2022-04-04,Inyo,027,18085,4076,4068,477,4545,56
2022-04-04,Kern,029,883053,191885,191449,45786,237235,2234
2022-04-04,Kings,031,150075,51509,51491,3518,55009,443
2022-04-04,Lake,033,64148,10706,10679,883,11562,136
2022-04-04,Lassen,035,31185,8963,8945,874,9819,65
2022-04-04,Los Angeles,037,10098052,2715813,2707306,122787,2830093,31465
2022-04-04,Madera,039,155013,37287,37349,6021,43370,354
2022-04-04,Marin,041,260295,25220,33566,2279,35845,288
2022-04-04,Mariposa,043,17540,2401,2392,201,2593,29
2022-04-04,Mendocino,045,87422,13082,13074,3017,16091,119
2022-04-04,Merced,047,269075,63378,62195,8876,71071,810
2022-04-04,Modoc,049,8938,739,741,250,991,8
2022-04-04,Mono,051,14174,2969,2967,123,3090,6
2022-04-04,Monterey,053,433212,79469,79019,13657,92676,727
2022-04-04,Napa,055,140530,25880,25790,939,26729,143
2022-04-04,Nevada,057,99092,15973,15974,1198,17172,123
2022-04-04,Orange,059,3164182,548231,546491,41682,588173,6887
2022-04-04,Placer,061,380077,62890,62787,7343,70130,615
2022-04-04,Plumas,063,18699,2971,2850,365,3215,13
2022-04-04,Riverside,065,2383286,591730,590826,27765,618591,6424
2022-04-04,Sacramento,067,1510023,281207,276567,26883,303450,2953
2022-04-04,San Benito,069,59416,12972,12908,515,13423,98
2022-04-04,San Bernardino,071,2135413,574415,561648,24918,586566,6883
2022-04-04,San Diego,073,3302833,751739,753402,52459,805861,5192
2022-04-04,San Francisco,075,870044,125790,125536,8254,133790,843
2022-04-04,San Joaquin,077,732212,166835,166415,9922,176337,2207
2022-04-04,San Luis Obispo,079,281455,52532,52557,3744,56301,475
2022-04-04,San Mateo,081,765935,122483,121041,6938,127979,693
2022-04-04,Santa Barbara,083,443738,85889,85630,4695,90325,679
2022-04-04,Santa Clara,085,1922200,316478,313278,12368,325646,2265
2022-04-04,Santa Cruz,087,273765,47973,47446,2090,49536,259
2022-04-04,Shasta,089,179085,30578,30565,6087,36652,529
2022-04-04,Sierra,091,2930,274,272,47,319,4
2022-04-04,Siskiyou,093,43540,4431,4442,2719,7161,80
2022-04-04,Solano,095,438530,81639,81789,5568,87357,447
2022-04-04,Sonoma,097,501317,83797,83361,2632,85993,485
2022-04-04,Stanislaus,099,539301,117650,117534,17817,135351,1578
2022-04-04,Sutter,101,95872,20488,20581,2072,22653,222
2022-04-04,Tehama,103,63373,12047,12049,2567,14616,198
2022-04-04,Trinity,105,12862,1183,1173,287,1460,20
2022-04-04,Tulare,107,460477,106395,104826,27588,132414,1414
2022-04-04,Tuolumne,109,53932,12688,12621,559,13180,180
2022-04-04,Ventura,111,848112,173371,173179,9399,182578,1460
2022-04-04,Yolo,113,214977,37151,36393,2913,39306,314
2022-04-04,Yuba,115,75493,15834,15839,1199,17038,121
2022-04-03,Alameda,001,1643700,257048,255650,13771,269421,1813
2022-04-03,Alpine,002,1148,124,124,1,125,0
2022-04-03,Amador,005,37829,8527,8485,639,9124,86
2022-04-03,Butte,007,227075,33219,32981,7030,40011,396
2022-04-03,Calaveras,009,45235,7264,7254,349,7603,119
2022-04-03,Colusa,011,21464,3450,3445,1047,4492,21
2022-04-03,Contra Costa,013,1133247,192519,188658,13417,202075,1291
2022-04-03,Del Norte,015,27424,5812,5812,184,5996,50
2022-04-03,El Dorado,017,186661,26728,26732,3189,29921,200
2022-04-03,Fresno,019,978130,235239,230559,24402,254961,2722
2022-04-03,Glenn,021,27897,5001,4982,1600,6582,47
2022-04-03,Humboldt,023,135768,16887,16898,2943,19841,140
2022-04-03,Imperial,025,180216,55431,55266,10519,65785,908
2022-04-03,Inyo,027,18085,4074,4063,477,4540,56
2022-04-03,Kern,029,883053,191860,191384,45781,237165,2224
2022-04-03,Kings,031,150075,51503,51470,3516,54986,443
2022-04-03,Lake,033,64148,10704,10674,883,11557,136
2022-04-03,Lassen,035,31185,8962,8943,874,9817,65
2022-04-03,Los Angeles,037,10098052,2714623,2703576,122702,2826278,31410
2022-04-03,Madera,039,155013,37285,37333,6020,43353,354
2022-04-03,Marin,041,260295,25185,33493,2271,35764,287
2022-04-03,Mariposa,043,17540,2400,2391,201,2592,29
2022-04-03,Mendocino,045,87422,13076,13058,3016,16074,119
2022-04-03,Merced,047,269075,63363,62149,8870,71019,808
2022-04-03,Modoc,049,8938,738,741,250,991,8
2022-04-03,Mono,051,14174,2969,2967,123,3090,6
2022-04-03,Monterey,053,433212,79452,78964,13632,92596,726
2022-04-03,Napa,055,140530,25861,25757,938,26695,143
2022-04-03,Nevada,057,99092,15967,15962,1197,17159,123
2022-04-03,Orange,059,3164182,548028,546047,41657,587704,6880
2022-04-03,Placer,061,380077,62864,62740,7338,70078,614
2022-04-03,Plumas,063,18699,2970,2803,365,3168,14
2022-04-03,Riverside,065,2383286,591573,590563,27750,618313,6418
2022-04-03,Sacramento,067,1510023,281132,276218,26870,303088,2950
2022-04-03,San Benito,069,59416,12968,12901,515,13416,98
2022-04-03,San Bernardino,071,2135413,574270,561362,24915,586277,6865
2022-04-03,San Diego,073,3302833,751411,752281,52422,804703,5178
2022-04-03,San Francisco,075,870044,125558,125075,8248,133323,843
2022-04-03,San Joaquin,077,732212,166780,166336,9917,176253,2202
2022-04-03,San Luis Obispo,079,281455,52513,52512,3744,56256,475
2022-04-03,San Mateo,081,765935,122343,120717,6931,127648,693
2022-04-03,Santa Barbara,083,443738,85844,85611,4693,90304,678
2022-04-03,Santa Clara,085,1922200,316177,312517,12359,324876,2258
2022-04-03,Santa Cruz,087,273765,47918,47371,2088,49459,259
2022-04-03,Shasta,089,179085,30568,30556,6086,36642,530
2022-04-03,Sierra,091,2930,274,273,47,320,4
2022-04-03,Siskiyou,093,43540,4431,4439,2719,7158,80
2022-04-03,Solano,095,438530,81597,81848,5562,87410,446
2022-04-03,Sonoma,097,501317,83718,83235,2624,85859,485
2022-04-03,Stanislaus,099,539301,117619,117536,17811,135347,1581
2022-04-03,Sutter,101,95872,20485,20570,2072,22642,222
2022-04-03,Tehama,103,63373,12045,12046,2567,14613,198
2022-04-03,Trinity,105,12862,1183,1173,287,1460,20
2022-04-03,Tulare,107,460477,106388,104736,27581,132317,1410
2022-04-03,Tuolumne,109,53932,12687,12618,559,13177,180
2022-04-03,Ventura,111,848112,173318,173044,9395,182439,1460
2022-04-03,Yolo,113,214977,37130,36347,2911,39258,313
2022-04-03,Yuba,115,75493,15832,15835,1199,17034,120
2022-04-02,Alameda,001,1643700,256945,255650,13771,269421,1813
2022-04-02,Alpine,002,1148,124,124,1,125,0
2022-04-02,Amador,005,37829,8527,8485,639,9124,86
2022-04-02,Butte,007,227075,33215,32981,7029,40010,396
2022-04-02,Calaveras,009,45235,7264,7254,349,7603,119
2022-04-02,Colusa,011,21464,3450,3445,1047,4492,21
2022-04-02,Contra Costa,013,1133247,192460,188658,13414,202072,1291
2022-04-02,Del Norte,015,27424,5811,5812,184,5996,50
2022-04-02,El Dorado,017,186661,26725,26732,3189,29921,200
2022-04-02,Fresno,019,978130,235210,230559,24402,254961,2722
2022-04-02,Glenn,021,27897,5001,4982,1600,6582,47
2022-04-02,Humboldt,023,135768,16883,16898,2943,19841,140
2022-04-02,Imperial,025,180216,55428,55266,10517,65783,908
2022-04-02,Inyo,027,18085,4074,4063,477,4540,56
2022-04-02,Kern,029,883053,191845,191384,45777,237161,2224
2022-04-02,Kings,031,150075,51500,51470,3516,54986,443
2022-04-02,Lake,033,64148,10703,10674,883,11557,136
2022-04-02,Lassen,035,31185,8962,8943,874,9817,65
2022-04-02,Los Angeles,037,10098052,2714103,2703576,122662,2826238,31410
2022-04-02,Madera,039,155013,37282,37333,6020,43353,354
2022-04-02,Marin,041,260295,25162,33493,2263,35756,287
2022-04-02,Mariposa,043,17540,2399,2391,201,2592,29
2022-04-02,Mendocino,045,87422,13074,13058,3016,16074,119
2022-04-02,Merced,047,269075,63360,62149,8870,71019,808
2022-04-02,Modoc,049,8938,738,741,250,991,8
2022-04-02,Mono,051,14174,2969,2967,122,3089,6
2022-04-02,Monterey,053,433212,79438,78964,13626,92590,726
2022-04-02,Napa,055,140530,25847,25757,937,26694,143
2022-04-02,Nevada,057,99092,15963,15962,1196,17158,123
2022-04-02,Orange,059,3164182,547923,546047,41645,587692,6880
2022-04-02,Placer,061,380077,62853,62740,7336,70076,614
2022-04-02,Plumas,063,18699,2970,2803,365,3168,14
2022-04-02,Riverside,065,2383286,591499,590563,27745,618308,6418
2022-04-02,Sacramento,067,1510023,281092,276218,26869,303087,2950
2022-04-02,San Benito,069,59416,12967,12901,515,13416,98
2022-04-02,San Bernardino,071,2135413,574217,561362,24912,586274,6865
2022-04-02,San Diego,073,3302833,751287,752281,52412,804693,5178
2022-04-02,San Francisco,075,870044,125453,125075,8240,133315,843
2022-04-02,San Joaquin,077,732212,166758,166336,9915,176251,2202
2022-04-02,San Luis Obispo,079,281455,52508,52512,3744,56256,475
2022-04-02,San Mateo,081,765935,122246,120717,6924,127641,693
2022-04-02,Santa Barbara,083,443738,85824,85611,4692,90303,678
2022-04-02,Santa Clara,085,1922200,316013,312517,12355,324872,2258
2022-04-02,Santa Cruz,087,273765,47906,47371,2087,49458,259
2022-04-02,Shasta,089,179085,30567,30556,6086,36642,530
2022-04-02,Sierra,091,2930,274,273,47,320,4
2022-04-02,Siskiyou,093,43540,4431,4439,2718,7157,80
2022-04-02,Solano,095,438530,81582,81848,5561,87409,446
2022-04-02,Sonoma,097,501317,83670,83235,2618,85853,485
2022-04-02,Stanislaus,099,539301,117610,117536,17809,135345,1581
2022-04-02,Sutter,101,95872,20480,20570,2072,22642,222
2022-04-02,Tehama,103,63373,12045,12046,2567,14613,198
2022-04-02,Trinity,105,12862,1183,1173,287,1460,20
2022-04-02,Tulare,107,460477,106384,104736,27578,132314,1410
2022-04-02,Tuolumne,109,53932,12685,12618,559,13177,180
2022-04-02,Ventura,111,848112,173277,173044,9395,182439,1460
2022-04-02,Yolo,113,214977,37118,36347,2908,39255,313
2022-04-02,Yuba,115,75493,15831,15835,1199,17034,120
2022-04-01,Alameda,001,1643700,256830,255650,13766,269416,1813
2022-04-01,Alpine,002,1148,124,124,1,125,0
2022-04-01,Amador,005,37829,8527,8485,639,9124,86
2022-04-01,Butte,007,227075,33211,32981,7026,40007,396
2022-04-01,Calaveras,009,45235,7262,7254,349,7603,119
2022-04-01,Colusa,011,21464,3449,3445,1047,4492,21
2022-04-01,Contra Costa,013,1133247,192407,188658,13413,202071,1291
2022-04-01,Del Norte,015,27424,5809,5812,184,5996,50
2022-04-01,El Dorado,017,186661,26722,26732,3188,29920,200
2022-04-01,Fresno,019,978130,235185,230559,24400,254959,2722
2022-04-01,Glenn,021,27897,5001,4982,1600,6582,47
2022-04-01,Humboldt,023,135768,16881,16898,2943,19841,140
2022-04-01,Imperial,025,180216,55426,55266,10517,65783,908
2022-04-01,Inyo,027,18085,4072,4063,476,4539,56
2022-04-01,Kern,029,883053,191834,191384,45774,237158,2224
2022-04-01,Kings,031,150075,51497,51470,3516,54986,443
2022-04-01,Lake,033,64148,10700,10674,883,11557,136
2022-04-01,Lassen,035,31185,8961,8943,874,9817,65
2022-04-01,Los Angeles,037,10098052,2713609,2703576,122619,2826195,31410
2022-04-01,Madera,039,155013,37281,37333,6020,43353,354
2022-04-01,Marin,041,260295,25144,33493,2256,35749,287
2022-04-01,Mariposa,043,17540,2396,2391,201,2592,29
2022-04-01,Mendocino,045,87422,13071,13058,3015,16073,119
2022-04-01,Merced,047,269075,63353,62149,8869,71018,808
2022-04-01,Modoc,049,8938,738,741,250,991,8
2022-04-01,Mono,051,14174,2969,2967,122,3089,6
2022-04-01,Monterey,053,433212,79421,78964,13623,92587,726
2022-04-01,Napa,055,140530,25837,25757,937,26694,143
2022-04-01,Nevada,057,99092,15963,15962,1195,17157,123
2022-04-01,Orange,059,3164182,547815,546047,41637,587684,6880
2022-04-01,Placer,061,380077,62839,62740,7336,70076,614
2022-04-01,Plumas,063,18699,2970,2803,364,3167,14
2022-04-01,Riverside,065,2383286,591433,590563,27732,618295,6418
2022-04-01,Sacramento,067,1510023,281054,276218,26862,303080,2950
2022-04-01,San Benito,069,59416,12966,12901,515,13416,98
2022-04-01,San Bernardino,071,2135413,574161,561362,24908,586270,6865
2022-04-01,San Diego,073,3302833,751142,752281,52396,804677,5178
2022-04-01,San Francisco,075,870044,125343,125075,8234,133309,843
2022-04-01,San Joaquin,077,732212,166738,166336,9912,176248,2202
2022-04-01,San Luis Obispo,079,281455,52502,52512,3743,56255,475
2022-04-01,San Mateo,081,765935,122182,120717,6920,127637,693
2022-04-01,Santa Barbara,083,443738,85804,85611,4692,90303,678
2022-04-01,Santa Clara,085,1922200,315863,312517,12354,324871,2258
2022-04-01,Santa Cruz,087,273765,47891,47371,2085,49456,259
2022-04-01,Shasta,089,179085,30566,30556,6086,36642,530
2022-04-01,Sierra,091,2930,274,273,47,320,4
2022-04-01,Siskiyou,093,43540,4431,4439,2717,7156,80
2022-04-01,Solano,095,438530,81566,81848,5561,87409,446
2022-04-01,Sonoma,097,501317,83626,83235,2617,85852,485
2022-04-01,Stanislaus,099,539301,117598,117536,17806,135342,1581
2022-04-01,Sutter,101,95872,20480,20570,2072,22642,222
2022-04-01,Tehama,103,63373,12045,12046,2567,14613,198
2022-04-01,Trinity,105,12862,1183,1173,287,1460,20
2022-04-01,Tulare,107,460477,106379,104736,27574,132310,1410
2022-04-01,Tuolumne,109,53932,12684,12618,559,13177,180
2022-04-01,Ventura,111,848112,173246,173044,9391,182435,1460
2022-04-01,Yolo,113,214977,37104,36347,2907,39254,313
2022-04-01,Yuba,115,75493,15830,15835,1199,17034,120
2022-03-31,Alameda,001,1643700,256656,255650,13753,269403,1813
2022-03-31,Alpine,002,1148,124,124,1,125,0
2022-03-31,Amador,005,37829,8527,8485,639,9124,86
2022-03-31,Butte,007,227075,33207,32981,7023,40004,396
2022-03-31,Calaveras,009,45235,7259,7254,349,7603,119
2022-03-31,Colusa,011,21464,3448,3445,1047,4492,21
2022-03-31,Contra Costa,013,1133247,192309,188658,13407,202065,1291
2022-03-31,Del Norte,015,27424,5808,5812,184,5996,50
2022-03-31,El Dorado,017,186661,26714,26732,3188,29920,200
2022-03-31,Fresno,019,978130,235150,230559,24379,254938,2722
2022-03-31,Glenn,021,27897,5000,4982,1600,6582,47
2022-03-31,Humboldt,023,135768,16877,16898,2943,19841,140
2022-03-31,Imperial,025,180216,55423,55266,10516,65782,908
2022-03-31,Inyo,027,18085,4071,4063,473,4536,56
2022-03-31,Kern,029,883053,191819,191384,45765,237149,2224
2022-03-31,Kings,031,150075,51488,51470,3516,54986,443
2022-03-31,Lake,033,64148,10699,10674,882,11556,136
2022-03-31,Lassen,035,31185,8959,8943,874,9817,65
2022-03-31,Los Angeles,037,10098052,2712868,2703576,122562,2826138,31410
2022-03-31,Madera,039,155013,37278,37333,6020,43353,354
2022-03-31,Marin,041,260295,25118,33493,2244,35737,287
2022-03-31,Mariposa,043,17540,2395,2391,200,2591,29
2022-03-31,Mendocino,045,87422,13067,13058,3015,16073,119
2022-03-31,Merced,047,269075,63348,62149,8866,71015,808
2022-03-31,Modoc,049,8938,738,741,250,991,8
2022-03-31,Mono,051,14174,2969,2967,122,3089,6
2022-03-31,Monterey,053,433212,79405,78964,13612,92576,726
2022-03-31,Napa,055,140530,25830,25757,935,26692,143
2022-03-31,Nevada,057,99092,15956,15962,1194,17156,123
2022-03-31,Orange,059,3164182,547667,546047,41623,587670,6880
2022-03-31,Placer,061,380077,62815,62740,7333,70073,614
2022-03-31,Plumas,063,18699,2970,2803,363,3166,14
2022-03-31,Riverside,065,2383286,591323,590563,27729,618292,6418
2022-03-31,Sacramento,067,1510023,280978,276218,26852,303070,2950
2022-03-31,San Benito,069,59416,12965,12901,515,13416,98
2022-03-31,San Bernardino,071,2135413,574064,561362,24897,586259,6865
2022-03-31,San Diego,073,3302833,750906,752281,52369,804650,5178
2022-03-31,San Francisco,075,870044,125186,125075,8222,133297,843
2022-03-31,San Joaquin,077,732212,166704,166336,9897,176233,2202
2022-03-31,San Luis Obispo,079,281455,52488,52512,3742,56254,475
2022-03-31,San Mateo,081,765935,122071,120717,6919,127636,693
2022-03-31,Santa Barbara,083,443738,85774,85611,4692,90303,678
2022-03-31,Santa Clara,085,1922200,315636,312517,12343,324860,2258
2022-03-31,Santa Cruz,087,273765,47872,47371,2083,49454,259
2022-03-31,Shasta,089,179085,30560,30556,6086,36642,530
2022-03-31,Sierra,091,2930,271,273,47,320,4
2022-03-31,Siskiyou,093,43540,4430,4439,2717,7156,80
2022-03-31,Solano,095,438530,81537,81848,5558,87406,446
2022-03-31,Sonoma,097,501317,83583,83235,2611,85846,485
2022-03-31,Stanislaus,099,539301,117581,117536,17801,135337,1581
2022-03-31,Sutter,101,95872,20477,20570,2071,22641,222
2022-03-31,Tehama,103,63373,12044,12046,2566,14612,198
2022-03-31,Trinity,105,12862,1183,1173,287,1460,20
2022-03-31,Tulare,107,460477,106369,104736,27566,132302,1410
2022-03-31,Tuolumne,109,53932,12683,12618,559,13177,180
2022-03-31,Ventura,111,848112,173207,173044,9388,182432,1460
2022-03-31,Yolo,113,214977,37088,36347,2907,39254,313
2022-03-31,Yuba,115,75493,15830,15835,1196,17031,120
2022-03-30,Alameda,001,1643700,256525,255467,13745,269212,1812
2022-03-30,Alpine,002,1148,124,124,1,125,0
2022-03-30,Amador,005,37829,8527,8485,639,9124,86
2022-03-30,Butte,007,227075,33202,32968,7017,39985,396
2022-03-30,Calaveras,009,45235,7257,7253,348,7601,119
2022-03-30,Colusa,011,21464,3448,3445,1047,4492,21
2022-03-30,Contra Costa,013,1133247,192248,188496,13396,201892,1291
2022-03-30,Del Norte,015,27424,5806,5808,184,5992,50
2022-03-30,El Dorado,017,186661,26705,26722,3188,29910,200
2022-03-30,Fresno,019,978130,235139,230448,24373,254821,2720
2022-03-30,Glenn,021,27897,4999,4982,1600,6582,47
2022-03-30,Humboldt,023,135768,16874,16894,2943,19837,140
2022-03-30,Imperial,025,180216,55419,55252,10513,65765,908
2022-03-30,Inyo,027,18085,4070,4062,471,4533,56
2022-03-30,Kern,029,883053,191791,191363,45760,237123,2219
2022-03-30,Kings,031,150075,51482,51446,3515,54961,443
2022-03-30,Lake,033,64148,10698,10674,882,11556,136
2022-03-30,Lassen,035,31185,8959,8943,874,9817,65
2022-03-30,Los Angeles,037,10098052,2712052,2702536,122508,2825044,31384
2022-03-30,Madera,039,155013,37272,37330,6019,43349,354
2022-03-30,Marin,041,260295,25098,33453,2225,35678,287
2022-03-30,Mariposa,043,17540,2395,2390,200,2590,27
2022-03-30,Mendocino,045,87422,13063,13055,3012,16067,118
2022-03-30,Merced,047,269075,63343,62136,8861,70997,808
2022-03-30,Modoc,049,8938,738,739,250,989,8
2022-03-30,Mono,051,14174,2968,2967,122,3089,6
2022-03-30,Monterey,053,433212,79388,78911,13605,92516,726
2022-03-30,Napa,055,140530,25818,25745,934,26679,141
2022-03-30,Nevada,057,99092,15953,15960,1192,17152,123
2022-03-30,Orange,059,3164182,547514,545895,41603,587498,6876
2022-03-30,Placer,061,380077,62800,62705,7329,70034,614
2022-03-30,Plumas,063,18699,2970,2762,361,3123,13
2022-03-30,Riverside,065,2383286,591240,590437,27716,618153,6411
2022-03-30,Sacramento,067,1510023,280910,276081,26845,302926,2949
2022-03-30,San Benito,069,59416,12961,12898,515,13413,98
2022-03-30,San Bernardino,071,2135413,573980,561153,24893,586046,6863
2022-03-30,San Diego,073,3302833,750675,751684,52342,804026,5169
2022-03-30,San Francisco,075,870044,125080,124930,8213,133143,841
2022-03-30,San Joaquin,077,732212,166675,166299,9891,176190,2201
2022-03-30,San Luis Obispo,079,281455,52474,52484,3738,56222,475
2022-03-30,San Mateo,081,765935,121971,120548,6919,127467,693
2022-03-30,Santa Barbara,083,443738,85752,85488,4689,90177,677
2022-03-30,Santa Clara,085,1922200,315453,312253,12323,324576,2258
2022-03-30,Santa Cruz,087,273765,47816,47340,2082,49422,259
2022-03-30,Shasta,089,179085,30557,30555,6086,36641,530
2022-03-30,Sierra,091,2930,271,273,47,320,4
2022-03-30,Siskiyou,093,43540,4430,4439,2717,7156,80
2022-03-30,Solano,095,438530,81518,81816,5554,87370,443
2022-03-30,Sonoma,097,501317,83546,83163,2610,85773,485
2022-03-30,Stanislaus,099,539301,117568,117593,17798,135391,1559
2022-03-30,Sutter,101,95872,20472,20565,2071,22636,222
2022-03-30,Tehama,103,63373,12043,12045,2565,14610,198
2022-03-30,Trinity,105,12862,1182,1173,287,1460,20
2022-03-30,Tulare,107,460477,106363,104667,27559,132226,1410
2022-03-30,Tuolumne,109,53932,12681,12616,559,13175,180
2022-03-30,Ventura,111,848112,173167,172984,9380,182364,1460
2022-03-30,Yolo,113,214977,37078,36325,2904,39229,313
2022-03-30,Yuba,115,75493,15828,15830,1196,17026,120
2022-03-29,Alameda,001,1643700,256400,255261,13735,268996,1810
2022-03-29,Alpine,002,1148,124,124,1,125,0
2022-03-29,Amador,005,37829,8527,8483,639,9122,86
2022-03-29,Butte,007,227075,33199,32954,7017,39971,396
2022-03-29,Calaveras,009,45235,7256,7250,347,7597,119
2022-03-29,Colusa,011,21464,3448,3445,1047,4492,21
2022-03-29,Contra Costa,013,1133247,192160,188359,13389,201748,1290
2022-03-29,Del Norte,015,27424,5806,5806,183,5989,50
2022-03-29,El Dorado,017,186661,26700,26706,3188,29894,200
2022-03-29,Fresno,019,978130,235111,230256,24369,254625,2718
2022-03-29,Glenn,021,27897,4999,4983,1600,6583,47
2022-03-29,Humboldt,023,135768,16871,16892,2940,19832,140
2022-03-29,Imperial,025,180216,55405,55233,10512,65745,908
2022-03-29,Inyo,027,18085,4068,4062,470,4532,56
2022-03-29,Kern,029,883053,191759,191338,45753,237091,2220
2022-03-29,Kings,031,150075,51475,51416,3514,54930,443
2022-03-29,Lake,033,64148,10694,10674,882,11556,136
2022-03-29,Lassen,035,31185,8958,8943,874,9817,65
2022-03-29,Los Angeles,037,10098052,2711222,2702005,122462,2824467,31378
2022-03-29,Madera,039,155013,37264,37325,6016,43341,354
2022-03-29,Marin,041,260295,25078,33431,2220,35651,287
2022-03-29,Mariposa,043,17540,2395,2388,200,2588,23
2022-03-29,Mendocino,045,87422,13059,13053,3011,16064,119
2022-03-29,Merced,047,269075,63330,62123,8860,70983,806
2022-03-29,Modoc,049,8938,736,737,250,987,8
2022-03-29,Mono,051,14174,2968,2966,122,3088,5
2022-03-29,Monterey,053,433212,79375,78774,13597,92371,725
2022-03-29,Napa,055,140530,25811,25732,934,26666,141
2022-03-29,Nevada,057,99092,15945,15956,1192,17148,123
2022-03-29,Orange,059,3164182,547366,545832,41587,587419,6871
2022-03-29,Placer,061,380077,62782,62687,7324,70011,614
2022-03-29,Plumas,063,18699,2968,2761,361,3122,13
2022-03-29,Riverside,065,2383286,591138,590359,27708,618067,6403
2022-03-29,Sacramento,067,1510023,280844,276040,26833,302873,2946
2022-03-29,San Benito,069,59416,12959,12892,515,13407,97
2022-03-29,San Bernardino,071,2135413,573884,561026,24885,585911,6860
2022-03-29,San Diego,073,3302833,750433,751240,52319,803559,5159
2022-03-29,San Francisco,075,870044,124929,124789,8207,132996,840
2022-03-29,San Joaquin,077,732212,166639,166241,9883,176124,2198
2022-03-29,San Luis Obispo,079,281455,52458,52455,3734,56189,472
2022-03-29,San Mateo,081,765935,121875,120435,6917,127352,686
2022-03-29,Santa Barbara,083,443738,85729,85464,4689,90153,676
2022-03-29,Santa Clara,085,1922200,315214,312067,12306,324373,2259
2022-03-29,Santa Cruz,087,273765,47796,47323,2081,49404,259
2022-03-29,Shasta,089,179085,30550,30552,6084,36636,529
2022-03-29,Sierra,091,2930,271,273,47,320,4
2022-03-29,Siskiyou,093,43540,4430,4439,2716,7155,80
2022-03-29,Solano,095,438530,81494,81713,5551,87264,441
2022-03-29,Sonoma,097,501317,83513,83130,2604,85734,485
2022-03-29,Stanislaus,099,539301,117549,117683,17792,135475,1559
2022-03-29,Sutter,101,95872,20470,20556,2070,22626,221
2022-03-29,Tehama,103,63373,12041,12045,2565,14610,198
2022-03-29,Trinity,105,12862,1182,1173,287,1460,20
2022-03-29,Tulare,107,460477,106359,104622,27554,132176,1406
2022-03-29,Tuolumne,109,53932,12678,12615,559,13174,180
2022-03-29,Ventura,111,848112,173111,172946,9379,182325,1460
2022-03-29,Yolo,113,214977,37065,36296,2903,39199,313
2022-03-29,Yuba,115,75493,15824,15824,1195,17019,117
2022-03-28,Alameda,001,1643700,256246,255192,13726,268918,1808
2022-03-28,Alpine,002,1148,124,124,1,125,0
2022-03-28,Amador,005,37829,8526,8480,639,9119,86
2022-03-28,Butte,007,227075,33182,32947,7017,39964,392
2022-03-28,Calaveras,009,45235,7256,7247,347,7594,119
2022-03-28,Colusa,011,21464,3448,3445,1047,4492,21
2022-03-28,Contra Costa,013,1133247,192080,188305,13384,201689,1290
2022-03-28,Del Norte,015,27424,5804,5834,183,6017,50
2022-03-28,El Dorado,017,186661,26693,26703,3186,29889,200
2022-03-28,Fresno,019,978130,235083,230144,24352,254496,2717
2022-03-28,Glenn,021,27897,4998,4983,1600,6583,47
2022-03-28,Humboldt,023,135768,16870,16916,2940,19856,140
2022-03-28,Imperial,025,180216,55394,55245,10512,65757,909
2022-03-28,Inyo,027,18085,4067,4062,470,4532,56
2022-03-28,Kern,029,883053,191733,191333,45744,237077,2212
2022-03-28,Kings,031,150075,51462,51405,3514,54919,443
2022-03-28,Lake,033,64148,10692,10673,882,11555,136
2022-03-28,Lassen,035,31185,8958,8946,874,9820,63
2022-03-28,Los Angeles,037,10098052,2710353,2700997,122423,2823420,31349
2022-03-28,Madera,039,155013,37260,37324,6016,43340,354
2022-03-28,Marin,041,260295,25053,33391,2215,35606,287
2022-03-28,Mariposa,043,17540,2394,2388,200,2588,23
2022-03-28,Mendocino,045,87422,13057,13046,3010,16056,118
2022-03-28,Merced,047,269075,63320,62116,8853,70969,805
2022-03-28,Modoc,049,8938,735,736,250,986,7
2022-03-28,Mono,051,14174,2968,2966,122,3088,5
2022-03-28,Monterey,053,433212,79341,78784,13593,92377,724
2022-03-28,Napa,055,140530,25805,25723,933,26656,140
2022-03-28,Nevada,057,99092,15943,15969,1192,17161,123
2022-03-28,Orange,059,3164182,547236,545700,41561,587261,6860
2022-03-28,Placer,061,380077,62762,62687,7323,70010,613
2022-03-28,Plumas,063,18699,2967,2760,361,3121,13
2022-03-28,Riverside,065,2383286,591038,590298,27700,617998,6397
2022-03-28,Sacramento,067,1510023,280775,275889,26820,302709,2946
2022-03-28,San Benito,069,59416,12959,12889,515,13404,97
2022-03-28,San Bernardino,071,2135413,573802,560836,24874,585710,6858
2022-03-28,San Diego,073,3302833,750196,750659,52285,802944,5155
2022-03-28,San Francisco,075,870044,124788,124678,8197,132875,839
2022-03-28,San Joaquin,077,732212,166608,166247,9881,176128,2196
2022-03-28,San Luis Obispo,079,281455,52433,52434,3731,56165,470
2022-03-28,San Mateo,081,765935,121759,120337,6912,127249,686
2022-03-28,Santa Barbara,083,443738,85702,85442,4687,90129,675
2022-03-28,Santa Clara,085,1922200,314985,311953,12297,324250,2257
2022-03-28,Santa Cruz,087,273765,47763,47324,2081,49405,259
2022-03-28,Shasta,089,179085,30549,30550,6083,36633,527
2022-03-28,Sierra,091,2930,271,273,47,320,4
2022-03-28,Siskiyou,093,43540,4429,4438,2716,7154,80
2022-03-28,Solano,095,438530,81466,81704,5546,87250,441
2022-03-28,Sonoma,097,501317,83467,83105,2599,85704,485
2022-03-28,Stanislaus,099,539301,117537,117783,17787,135570,1562
2022-03-28,Sutter,101,95872,20464,20549,2070,22619,221
2022-03-28,Tehama,103,63373,12041,12041,2565,14606,200
2022-03-28,Trinity,105,12862,1182,1173,287,1460,20
2022-03-28,Tulare,107,460477,106347,104576,27548,132124,1404
2022-03-28,Tuolumne,109,53932,12678,12627,559,13186,180
2022-03-28,Ventura,111,848112,173073,172867,9378,182245,1455
2022-03-28,Yolo,113,214977,37047,36282,2901,39183,312
2022-03-28,Yuba,115,75493,15823,15821,1193,17014,117
2022-03-27,Alameda,001,1643700,256057,255132,13717,268849,1809
2022-03-27,Alpine,002,1148,124,124,1,125,0
2022-03-27,Amador,005,37829,8523,8480,639,9119,86
2022-03-27,Butte,007,227075,33169,32943,7011,39954,392
2022-03-27,Calaveras,009,45235,7254,7245,347,7592,119
2022-03-27,Colusa,011,21464,3448,3445,1047,4492,21
2022-03-27,Contra Costa,013,1133247,191966,188251,13367,201618,1290
2022-03-27,Del Norte,015,27424,5803,5836,183,6019,50
2022-03-27,El Dorado,017,186661,26679,26699,3183,29882,200
2022-03-27,Fresno,019,978130,235036,230049,24334,254383,2717
2022-03-27,Glenn,021,27897,4996,4983,1600,6583,47
2022-03-27,Humboldt,023,135768,16866,16920,2940,19860,140
2022-03-27,Imperial,025,180216,55381,55240,10511,65751,909
2022-03-27,Inyo,027,18085,4066,4062,468,4530,56
2022-03-27,Kern,029,883053,191695,191332,45738,237070,2213
2022-03-27,Kings,031,150075,51453,51400,3514,54914,443
2022-03-27,Lake,033,64148,10691,10672,881,11553,136
2022-03-27,Lassen,035,31185,8958,8946,874,9820,63
2022-03-27,Los Angeles,037,10098052,2709536,2700983,122376,2823359,31348
2022-03-27,Madera,039,155013,37256,37323,6014,43337,354
2022-03-27,Marin,041,260295,25016,33391,2205,35596,287
2022-03-27,Mariposa,043,17540,2394,2390,200,2590,23
2022-03-27,Mendocino,045,87422,13053,13046,3008,16054,118
2022-03-27,Merced,047,269075,63310,62110,8852,70962,805
2022-03-27,Modoc,049,8938,734,736,248,984,7
2022-03-27,Mono,051,14174,2968,2966,122,3088,5
2022-03-27,Monterey,053,433212,79320,78778,13581,92359,724
2022-03-27,Napa,055,140530,25789,25723,933,26656,140
2022-03-27,Nevada,057,99092,15939,15967,1190,17157,123
2022-03-27,Orange,059,3164182,547102,545644,41526,587170,6860
2022-03-27,Placer,061,380077,62745,62680,7322,70002,613
2022-03-27,Plumas,063,18699,2966,2760,359,3119,13
2022-03-27,Riverside,065,2383286,590952,590251,27689,617940,6395
2022-03-27,Sacramento,067,1510023,280695,275854,26811,302665,2941
2022-03-27,San Benito,069,59416,12954,12889,514,13403,97
2022-03-27,San Bernardino,071,2135413,573685,560853,24872,585725,6862
2022-03-27,San Diego,073,3302833,749940,750659,52261,802920,5155
2022-03-27,San Francisco,075,870044,124603,124619,8186,132805,839
2022-03-27,San Joaquin,077,732212,166573,166238,9877,176115,2196
2022-03-27,San Luis Obispo,079,281455,52412,52430,3729,56159,470
2022-03-27,San Mateo,081,765935,121654,120324,6907,127231,686
2022-03-27,Santa Barbara,083,443738,85666,85434,4685,90119,675
2022-03-27,Santa Clara,085,1922200,314774,311822,12290,324112,2257
2022-03-27,Santa Cruz,087,273765,47730,47321,2079,49400,259
2022-03-27,Shasta,089,179085,30544,30550,6081,36631,527
2022-03-27,Sierra,091,2930,271,273,47,320,4
2022-03-27,Siskiyou,093,43540,4429,4436,2715,7151,80
2022-03-27,Solano,095,438530,81424,81691,5543,87234,441
2022-03-27,Sonoma,097,501317,83414,83088,2595,85683,485
2022-03-27,Stanislaus,099,539301,117517,117778,17785,135563,1562
2022-03-27,Sutter,101,95872,20458,20545,2070,22615,221
2022-03-27,Tehama,103,63373,12041,12040,2565,14605,200
2022-03-27,Trinity,105,12862,1182,1173,287,1460,20
2022-03-27,Tulare,107,460477,106338,104582,27539,132121,1404
2022-03-27,Tuolumne,109,53932,12677,12628,559,13187,180
2022-03-27,Ventura,111,848112,173028,172831,9376,182207,1455
2022-03-27,Yolo,113,214977,37026,36232,2898,39130,312
2022-03-27,Yuba,115,75493,15820,15821,1186,17007,117
2022-03-26,Alameda,001,1643700,255977,254691,13716,268407,1803
2022-03-26,Alpine,002,1148,124,124,1,125,0
2022-03-26,Amador,005,37829,8523,8476,639,9115,86
2022-03-26,Butte,007,227075,33165,32929,7009,39938,391
2022-03-26,Calaveras,009,45235,7252,7240,347,7587,120
2022-03-26,Colusa,011,21464,3446,3445,1047,4492,21
2022-03-26,Contra Costa,013,1133247,191913,187990,13364,201354,1285
2022-03-26,Del Norte,015,27424,5801,5831,183,6014,50
2022-03-26,El Dorado,017,186661,26671,26674,3181,29855,200
2022-03-26,Fresno,019,978130,235013,229799,24333,254132,2710
2022-03-26,Glenn,021,27897,4995,4978,1600,6578,47
2022-03-26,Humboldt,023,135768,16862,16911,2940,19851,139
2022-03-26,Imperial,025,180216,55375,55230,10510,65740,913
2022-03-26,Inyo,027,18085,4066,4060,467,4527,56
2022-03-26,Kern,029,883053,191682,191288,45734,237022,2201
2022-03-26,Kings,031,150075,51452,51397,3514,54911,444
2022-03-26,Lake,033,64148,10691,10659,881,11540,136
2022-03-26,Lassen,035,31185,8958,8944,874,9818,63
2022-03-26,Los Angeles,037,10098052,2709080,2698028,122335,2820363,31291
2022-03-26,Madera,039,155013,37253,37321,6012,43333,354
2022-03-26,Marin,041,260295,25005,33317,2201,35518,287
2022-03-26,Mariposa,043,17540,2394,2386,200,2586,23
2022-03-26,Mendocino,045,87422,13049,13038,3008,16046,118
2022-03-26,Merced,047,269075,63303,62083,8851,70934,805
2022-03-26,Modoc,049,8938,734,736,248,984,7
2022-03-26,Mono,051,14174,2968,2966,122,3088,5
2022-03-26,Monterey,053,433212,79312,78688,13579,92267,724
2022-03-26,Napa,055,140530,25785,25701,933,26634,139
2022-03-26,Nevada,057,99092,15935,15960,1190,17150,123
2022-03-26,Orange,059,3164182,547026,545294,41515,586809,6853
2022-03-26,Placer,061,380077,62732,62634,7318,69952,613
2022-03-26,Plumas,063,18699,2966,2758,358,3116,13
2022-03-26,Riverside,065,2383286,590883,590060,27688,617748,6397
2022-03-26,Sacramento,067,1510023,280662,275529,26809,302338,2935
2022-03-26,San Benito,069,59416,12954,12885,514,13399,97
2022-03-26,San Bernardino,071,2135413,573625,560742,24868,585610,6840
2022-03-26,San Diego,073,3302833,749815,750170,52255,802425,5146
2022-03-26,San Francisco,075,870044,124496,124265,8180,132445,839
2022-03-26,San Joaquin,077,732212,166551,166079,9876,175955,2195
2022-03-26,San Luis Obispo,079,281455,52406,52369,3729,56098,469
2022-03-26,San Mateo,081,765935,121596,120165,6899,127064,684
2022-03-26,Santa Barbara,083,443738,85646,85477,4683,90160,674
2022-03-26,Santa Clara,085,1922200,314616,311189,12283,323472,2250
2022-03-26,Santa Cruz,087,273765,47719,47329,2079,49408,259
2022-03-26,Shasta,089,179085,30543,30542,6080,36622,527
2022-03-26,Sierra,091,2930,271,273,47,320,4
2022-03-26,Siskiyou,093,43540,4428,4433,2715,7148,80
2022-03-26,Solano,095,438530,81415,81659,5543,87202,441
2022-03-26,Sonoma,097,501317,83384,83113,2590,85703,485
2022-03-26,Stanislaus,099,539301,117510,117962,17784,135746,1565
2022-03-26,Sutter,101,95872,20456,20536,2070,22606,221
2022-03-26,Tehama,103,63373,12041,12036,2564,14600,195
2022-03-26,Trinity,105,12862,1182,1174,287,1461,20
2022-03-26,Tulare,107,460477,106330,104538,27538,132076,1400
2022-03-26,Tuolumne,109,53932,12675,12628,559,13187,180
2022-03-26,Ventura,111,848112,172986,172690,9372,182062,1455
2022-03-26,Yolo,113,214977,37017,36234,2898,39132,311
2022-03-26,Yuba,115,75493,15819,15807,1186,16993,117
2022-03-25,Alameda,001,1643700,255912,254691,13713,268404,1803
2022-03-25,Alpine,002,1148,124,124,1,125,0
2022-03-25,Amador,005,37829,8522,8476,639,9115,86
2022-03-25,Butte,007,227075,33160,32929,7009,39938,391
2022-03-25,Calaveras,009,45235,7251,7240,347,7587,120
2022-03-25,Colusa,011,21464,3446,3445,1047,4492,21
2022-03-25,Contra Costa,013,1133247,191865,187990,13361,201351,1285
2022-03-25,Del Norte,015,27424,5801,5831,183,6014,50
2022-03-25,El Dorado,017,186661,26667,26674,3181,29855,200
2022-03-25,Fresno,019,978130,234984,229799,24325,254124,2710
2022-03-25,Glenn,021,27897,4995,4978,1600,6578,47
2022-03-25,Humboldt,023,135768,16862,16911,2940,19851,139
2022-03-25,Imperial,025,180216,55370,55230,10509,65739,913
2022-03-25,Inyo,027,18085,4065,4060,467,4527,56
2022-03-25,Kern,029,883053,191672,191288,45733,237021,2201
2022-03-25,Kings,031,150075,51451,51397,3514,54911,444
2022-03-25,Lake,033,64148,10691,10659,881,11540,136
2022-03-25,Lassen,035,31185,8957,8944,874,9818,63
2022-03-25,Los Angeles,037,10098052,2708656,2698028,122303,2820331,31291
2022-03-25,Madera,039,155013,37252,37321,6011,43332,354
2022-03-25,Marin,041,260295,24990,33317,2192,35509,287
2022-03-25,Mariposa,043,17540,2394,2386,200,2586,23
2022-03-25,Mendocino,045,87422,13049,13038,3008,16046,118
2022-03-25,Merced,047,269075,63297,62083,8850,70933,805
2022-03-25,Modoc,049,8938,734,736,248,984,7
2022-03-25,Mono,051,14174,2967,2966,122,3088,5
2022-03-25,Monterey,053,433212,79301,78688,13576,92264,724
2022-03-25,Napa,055,140530,25778,25701,933,26634,139
2022-03-25,Nevada,057,99092,15934,15960,1190,17150,123
2022-03-25,Orange,059,3164182,546952,545294,41498,586792,6853
2022-03-25,Placer,061,380077,62725,62634,7315,69949,613
2022-03-25,Plumas,063,18699,2965,2758,358,3116,13
2022-03-25,Riverside,065,2383286,590823,590060,27677,617737,6397
2022-03-25,Sacramento,067,1510023,280620,275529,26807,302336,2935
2022-03-25,San Benito,069,59416,12954,12885,514,13399,97
2022-03-25,San Bernardino,071,2135413,573585,560742,24865,585607,6840
2022-03-25,San Diego,073,3302833,749692,750170,52244,802414,5146
2022-03-25,San Francisco,075,870044,124416,124265,8167,132432,839
2022-03-25,San Joaquin,077,732212,166537,166079,9874,175953,2195
2022-03-25,San Luis Obispo,079,281455,52403,52369,3728,56097,469
2022-03-25,San Mateo,081,765935,121543,120165,6899,127064,684
2022-03-25,Santa Barbara,083,443738,85631,85477,4681,90158,674
2022-03-25,Santa Clara,085,1922200,314465,311189,12278,323467,2250
2022-03-25,Santa Cruz,087,273765,47711,47329,2079,49408,259
2022-03-25,Shasta,089,179085,30539,30542,6079,36621,527
2022-03-25,Sierra,091,2930,271,273,47,320,4
2022-03-25,Siskiyou,093,43540,4426,4433,2713,7146,80
2022-03-25,Solano,095,438530,81401,81659,5541,87200,441
2022-03-25,Sonoma,097,501317,83347,83113,2590,85703,485
2022-03-25,Stanislaus,099,539301,117496,117962,17783,135745,1565
2022-03-25,Sutter,101,95872,20451,20536,2070,22606,221
2022-03-25,Tehama,103,63373,12039,12036,2564,14600,195
2022-03-25,Trinity,105,12862,1182,1174,287,1461,20
2022-03-25,Tulare,107,460477,106326,104538,27538,132076,1400
2022-03-25,Tuolumne,109,53932,12674,12628,559,13187,180
2022-03-25,Ventura,111,848112,172948,172690,9372,182062,1455
2022-03-25,Yolo,113,214977,37005,36234,2897,39131,311
2022-03-25,Yuba,115,75493,15814,15807,1185,16992,117
2022-03-24,Alameda,001,1643700,255799,254691,13697,268388,1803
2022-03-24,Alpine,002,1148,124,124,1,125,0
2022-03-24,Amador,005,37829,8522,8476,639,9115,86
2022-03-24,Butte,007,227075,33154,32929,7009,39938,391
2022-03-24,Calaveras,009,45235,7249,7240,347,7587,120
2022-03-24,Colusa,011,21464,3446,3445,1047,4492,21
2022-03-24,Contra Costa,013,1133247,191786,187990,13358,201348,1285
2022-03-24,Del Norte,015,27424,5797,5831,183,6014,50
2022-03-24,El Dorado,017,186661,26657,26674,3181,29855,200
2022-03-24,Fresno,019,978130,234942,229799,24315,254114,2710
2022-03-24,Glenn,021,27897,4994,4978,1600,6578,47
2022-03-24,Humboldt,023,135768,16857,16911,2938,19849,139
2022-03-24,Imperial,025,180216,55363,55230,10509,65739,913
2022-03-24,Inyo,027,18085,4064,4060,467,4527,56
2022-03-24,Kern,029,883053,191662,191288,45731,237019,2201
2022-03-24,Kings,031,150075,51442,51397,3512,54909,444
2022-03-24,Lake,033,64148,10690,10659,881,11540,136
2022-03-24,Lassen,035,31185,8956,8944,874,9818,63
2022-03-24,Los Angeles,037,10098052,2708083,2698028,122259,2820287,31291
2022-03-24,Madera,039,155013,37250,37321,6009,43330,354
2022-03-24,Marin,041,260295,24968,33317,2183,35500,287
2022-03-24,Mariposa,043,17540,2394,2386,200,2586,23
2022-03-24,Mendocino,045,87422,13043,13038,3005,16043,118
2022-03-24,Merced,047,269075,63290,62083,8849,70932,805
2022-03-24,Modoc,049,8938,734,736,248,984,7
2022-03-24,Mono,051,14174,2967,2966,122,3088,5
2022-03-24,Monterey,053,433212,79275,78688,13562,92250,724
2022-03-24,Napa,055,140530,25769,25701,933,26634,139
2022-03-24,Nevada,057,99092,15930,15960,1189,17149,123
2022-03-24,Orange,059,3164182,546848,545294,41483,586777,6853
2022-03-24,Placer,061,380077,62705,62634,7314,69948,613
2022-03-24,Plumas,063,18699,2965,2758,358,3116,13
2022-03-24,Riverside,065,2383286,590746,590060,27669,617729,6397
2022-03-24,Sacramento,067,1510023,280550,275529,26803,302332,2935
2022-03-24,San Benito,069,59416,12953,12885,513,13398,97
2022-03-24,San Bernardino,071,2135413,573500,560742,24861,585603,6840
2022-03-24,San Diego,073,3302833,749485,750170,52231,802401,5146
2022-03-24,San Francisco,075,870044,124333,124265,8161,132426,839
2022-03-24,San Joaquin,077,732212,166510,166079,9874,175953,2195
2022-03-24,San Luis Obispo,079,281455,52387,52369,3727,56096,469
2022-03-24,San Mateo,081,765935,121494,120165,6896,127061,684
2022-03-24,Santa Barbara,083,443738,85616,85477,4678,90155,674
2022-03-24,Santa Clara,085,1922200,314318,311189,12262,323451,2250
2022-03-24,Santa Cruz,087,273765,47693,47329,2078,49407,259
2022-03-24,Shasta,089,179085,30531,30542,6079,36621,527
2022-03-24,Sierra,091,2930,271,273,47,320,4
2022-03-24,Siskiyou,093,43540,4424,4433,2713,7146,80
2022-03-24,Solano,095,438530,81382,81659,5540,87199,441
2022-03-24,Sonoma,097,501317,83312,83113,2588,85701,485
2022-03-24,Stanislaus,099,539301,117487,117962,17780,135742,1565
2022-03-24,Sutter,101,95872,20446,20536,2070,22606,221
2022-03-24,Tehama,103,63373,12037,12036,2563,14599,195
2022-03-24,Trinity,105,12862,1182,1174,287,1461,20
2022-03-24,Tulare,107,460477,106315,104538,27533,132071,1400
2022-03-24,Tuolumne,109,53932,12672,12628,559,13187,180
2022-03-24,Ventura,111,848112,172905,172690,9369,182059,1455
2022-03-24,Yolo,113,214977,36999,36234,2893,39127,311
2022-03-24,Yuba,115,75493,15810,15807,1183,16990,117
2022-03-23,Alameda,001,1643700,255665,254559,13686,268245,1802
2022-03-23,Alpine,002,1148,124,124,1,125,0
2022-03-23,Amador,005,37829,8522,8475,639,9114,86
2022-03-23,Butte,007,227075,33139,32920,7008,39928,387
2022-03-23,Calaveras,009,45235,7244,7237,347,7584,120
2022-03-23,Colusa,011,21464,3445,3444,1047,4491,21
2022-03-23,Contra Costa,013,1133247,191688,187898,13347,201245,1279
2022-03-23,Del Norte,015,27424,5795,5830,183,6013,50
2022-03-23,El Dorado,017,186661,26651,26670,3181,29851,200
2022-03-23,Fresno,019,978130,234906,229656,24302,253958,2710
2022-03-23,Glenn,021,27897,4994,4975,1600,6575,47
2022-03-23,Humboldt,023,135768,16856,16908,2937,19845,139
2022-03-23,Imperial,025,180216,55357,55211,10508,65719,909
2022-03-23,Inyo,027,18085,4064,4060,467,4527,56
2022-03-23,Kern,029,883053,191645,191241,45726,236967,2196
2022-03-23,Kings,031,150075,51430,51384,3512,54896,442
2022-03-23,Lake,033,64148,10686,10658,880,11538,135
2022-03-23,Lassen,035,31185,8955,8944,873,9817,63
2022-03-23,Los Angeles,037,10098052,2707403,2697227,122230,2819457,31267
2022-03-23,Madera,039,155013,37245,37317,6007,43324,354
2022-03-23,Marin,041,260295,24942,33274,2178,35452,287
2022-03-23,Mariposa,043,17540,2392,2382,199,2581,11
2022-03-23,Mendocino,045,87422,13039,13033,3004,16037,118
2022-03-23,Merced,047,269075,63279,62056,8846,70902,805
2022-03-23,Modoc,049,8938,734,736,248,984,7
2022-03-23,Mono,051,14174,2967,2966,122,3088,5
2022-03-23,Monterey,053,433212,79258,78655,13538,92193,724
2022-03-23,Napa,055,140530,25754,25691,931,26622,139
2022-03-23,Nevada,057,99092,15928,15958,1189,17147,123
2022-03-23,Orange,059,3164182,546715,545158,41470,586628,6852
2022-03-23,Placer,061,380077,62687,62622,7312,69934,613
2022-03-23,Plumas,063,18699,2965,2747,358,3105,13
2022-03-23,Riverside,065,2383286,590672,589947,27664,617611,6388
2022-03-23,Sacramento,067,1510023,280487,275398,26795,302193,2934
2022-03-23,San Benito,069,59416,12952,12884,513,13397,97
2022-03-23,San Bernardino,071,2135413,573427,560550,24857,585407,6828
2022-03-23,San Diego,073,3302833,749292,749871,52208,802079,5143
2022-03-23,San Francisco,075,870044,124219,124110,8154,132264,838
2022-03-23,San Joaquin,077,732212,166473,166041,9866,175907,2187
2022-03-23,San Luis Obispo,079,281455,52370,52344,3722,56066,469
2022-03-23,San Mateo,081,765935,121409,120080,6886,126966,685
2022-03-23,Santa Barbara,083,443738,85599,85464,4677,90141,673
2022-03-23,Santa Clara,085,1922200,314150,310956,12250,323206,2250
2022-03-23,Santa Cruz,087,273765,47674,47314,2074,49388,259
2022-03-23,Shasta,089,179085,30527,30524,6078,36602,526
2022-03-23,Sierra,091,2930,271,273,47,320,4
2022-03-23,Siskiyou,093,43540,4424,4433,2713,7146,80
2022-03-23,Solano,095,438530,81348,81615,5539,87154,441
2022-03-23,Sonoma,097,501317,83279,83074,2585,85659,482
2022-03-23,Stanislaus,099,539301,117470,118041,17777,135818,1568
2022-03-23,Sutter,101,95872,20443,20532,2070,22602,218
2022-03-23,Tehama,103,63373,12034,12035,2563,14598,195
2022-03-23,Trinity,105,12862,1182,1174,287,1461,20
2022-03-23,Tulare,107,460477,106298,104489,27528,132017,1394
2022-03-23,Tuolumne,109,53932,12671,12629,559,13188,180
2022-03-23,Ventura,111,848112,172857,172647,9367,182014,1455
2022-03-23,Yolo,113,214977,36980,36197,2891,39088,308
2022-03-23,Yuba,115,75493,15803,15801,1182,16983,117
2022-03-22,Alameda,001,1643700,255542,254467,13622,268089,1802
2022-03-22,Alpine,002,1148,124,122,1,123,0
2022-03-22,Amador,005,37829,8521,8462,638,9100,86
2022-03-22,Butte,007,227075,33129,32907,7004,39911,387
2022-03-22,Calaveras,009,45235,7242,7237,347,7584,120
2022-03-22,Colusa,011,21464,3444,3445,1047,4492,21
2022-03-22,Contra Costa,013,1133247,191611,187813,13326,201139,1279
2022-03-22,Del Norte,015,27424,5789,5824,183,6007,50
2022-03-22,El Dorado,017,186661,26644,26661,3181,29842,200
2022-03-22,Fresno,019,978130,234857,229551,24293,253844,2708
2022-03-22,Glenn,021,27897,4992,4971,1600,6571,47
2022-03-22,Humboldt,023,135768,16853,16911,2937,19848,139
2022-03-22,Imperial,025,180216,55345,55170,10506,65676,908
2022-03-22,Inyo,027,18085,4064,4060,467,4527,56
2022-03-22,Kern,029,883053,191622,191213,45718,236931,2195
2022-03-22,Kings,031,150075,51419,51369,3511,54880,442
2022-03-22,Lake,033,64148,10684,10657,879,11536,135
2022-03-22,Lassen,035,31185,8955,8940,873,9813,63
2022-03-22,Los Angeles,037,10098052,2706736,2696746,122184,2818930,31250
2022-03-22,Madera,039,155013,37242,37304,6004,43308,354
2022-03-22,Marin,041,260295,24916,33253,2174,35427,287
2022-03-22,Mariposa,043,17540,2390,2382,199,2581,6
2022-03-22,Mendocino,045,87422,13034,13030,3002,16032,118
2022-03-22,Merced,047,269075,63268,62056,8842,70898,805
2022-03-22,Modoc,049,8938,734,735,248,983,7
2022-03-22,Mono,051,14174,2967,2963,122,3085,5
2022-03-22,Monterey,053,433212,79242,78614,13529,92143,724
2022-03-22,Napa,055,140530,25743,25688,930,26618,139
2022-03-22,Nevada,057,99092,15920,15950,1189,17139,123
2022-03-22,Orange,059,3164182,546572,545075,41453,586528,6843
2022-03-22,Placer,061,380077,62674,62604,7310,69914,610
2022-03-22,Plumas,063,18699,2964,2744,358,3102,13
2022-03-22,Riverside,065,2383286,590597,589816,27661,617477,6383
2022-03-22,Sacramento,067,1510023,280411,275374,26784,302158,2927
2022-03-22,San Benito,069,59416,12951,12884,512,13396,97
2022-03-22,San Bernardino,071,2135413,573345,560371,24837,585208,6811
2022-03-22,San Diego,073,3302833,749094,749647,52188,801835,5141
2022-03-22,San Francisco,075,870044,124112,123998,8148,132146,838
2022-03-22,San Joaquin,077,732212,166445,165992,9863,175855,2187
2022-03-22,San Luis Obispo,079,281455,52362,52257,3722,55979,465
2022-03-22,San Mateo,081,765935,121336,119975,6883,126858,686
2022-03-22,Santa Barbara,083,443738,85582,85457,4676,90133,672
2022-03-22,Santa Clara,085,1922200,313971,310787,12239,323026,2249
2022-03-22,Santa Cruz,087,273765,47654,47287,2073,49360,259
2022-03-22,Shasta,089,179085,30521,30528,6078,36606,525
2022-03-22,Sierra,091,2930,271,273,47,320,4
2022-03-22,Siskiyou,093,43540,4424,4429,2712,7141,80
2022-03-22,Solano,095,438530,81325,81587,5536,87123,440
2022-03-22,Sonoma,097,501317,83250,83042,2582,85624,482
2022-03-22,Stanislaus,099,539301,117453,118025,17773,135798,1568
2022-03-22,Sutter,101,95872,20442,20525,2067,22592,218
2022-03-22,Tehama,103,63373,12032,12034,2563,14597,162
2022-03-22,Trinity,105,12862,1182,1174,287,1461,20
2022-03-22,Tulare,107,460477,106286,104431,27520,131951,1391
2022-03-22,Tuolumne,109,53932,12671,12628,559,13187,180
2022-03-22,Ventura,111,848112,172808,172590,9365,181955,1455
2022-03-22,Yolo,113,214977,36960,36184,2890,39074,308
2022-03-22,Yuba,115,75493,15800,15795,1181,16976,117
2022-03-21,Alameda,001,1643700,255316,254354,13615,267969,1799
2022-03-21,Alpine,002,1148,124,122,1,123,0
2022-03-21,Amador,005,37829,8518,8461,637,9098,85
2022-03-21,Butte,007,227075,33118,32895,7001,39896,385
2022-03-21,Calaveras,009,45235,7241,7237,347,7584,119
2022-03-21,Colusa,011,21464,3444,3445,1047,4492,21
2022-03-21,Contra Costa,013,1133247,191547,187509,13311,200820,1276
2022-03-21,Del Norte,015,27424,5788,5824,183,6007,50
2022-03-21,El Dorado,017,186661,26633,26610,3181,29791,199
2022-03-21,Fresno,019,978130,234808,229374,24284,253658,2707
2022-03-21,Glenn,021,27897,4990,4972,1595,6567,46
2022-03-21,Humboldt,023,135768,16843,16912,2925,19837,139
2022-03-21,Imperial,025,180216,55331,55133,10505,65638,908
2022-03-21,Inyo,027,18085,4063,4060,467,4527,56
2022-03-21,Kern,029,883053,191589,191184,45712,236896,2187
2022-03-21,Kings,031,150075,51405,51366,3509,54875,441
2022-03-21,Lake,033,64148,10682,10655,879,11534,135
2022-03-21,Lassen,035,31185,8954,8939,873,9812,63
2022-03-21,Los Angeles,037,10098052,2705878,2694711,122136,2816847,31218
2022-03-21,Madera,039,155013,37236,37288,6001,43289,354
2022-03-21,Marin,041,260295,24872,33242,2169,35411,287
2022-03-21,Mariposa,043,17540,2389,2383,198,2581,6
2022-03-21,Mendocino,045,87422,13026,13028,3000,16028,118
2022-03-21,Merced,047,269075,63256,62048,8837,70885,803
2022-03-21,Modoc,049,8938,732,734,248,982,7
2022-03-21,Mono,051,14174,2967,2962,122,3084,5
2022-03-21,Monterey,053,433212,79193,78572,13516,92088,724
2022-03-21,Napa,055,140530,25735,25684,928,26612,138
2022-03-21,Nevada,057,99092,15916,15963,1188,17151,123
2022-03-21,Orange,059,3164182,546421,544943,41436,586379,6841
2022-03-21,Placer,061,380077,62654,62550,7309,69859,610
2022-03-21,Plumas,063,18699,2964,2744,358,3102,13
2022-03-21,Riverside,065,2383286,590516,589707,27657,617364,6376
2022-03-21,Sacramento,067,1510023,280321,275334,26768,302102,2925
2022-03-21,San Benito,069,59416,12945,12872,512,13384,97
2022-03-21,San Bernardino,071,2135413,573257,560210,24824,585034,6807
2022-03-21,San Diego,073,3302833,748869,748833,52169,801002,5138
2022-03-21,San Francisco,075,870044,123944,123912,8139,132051,835
2022-03-21,San Joaquin,077,732212,166419,165939,9860,175799,2185
2022-03-21,San Luis Obispo,079,281455,52337,52219,3717,55936,463
2022-03-21,San Mateo,081,765935,121177,119899,6881,126780,684
2022-03-21,Santa Barbara,083,443738,85567,85416,4674,90090,672
2022-03-21,Santa Clara,085,1922200,313709,310509,12236,322745,2245
2022-03-21,Santa Cruz,087,273765,47618,47267,2072,49339,259
2022-03-21,Shasta,089,179085,30515,30523,6076,36599,525
2022-03-21,Sierra,091,2930,271,273,47,320,4
2022-03-21,Siskiyou,093,43540,4424,4426,2712,7138,80
2022-03-21,Solano,095,438530,81297,81399,5535,86934,441
2022-03-21,Sonoma,097,501317,83208,82979,2580,85559,482
2022-03-21,Stanislaus,099,539301,117418,118144,17771,135915,1571
2022-03-21,Sutter,101,95872,20439,20523,2055,22578,218
2022-03-21,Tehama,103,63373,12028,12030,2563,14593,160
2022-03-21,Trinity,105,12862,1182,1174,287,1461,20
2022-03-21,Tulare,107,460477,106266,104350,27515,131865,1389
2022-03-21,Tuolumne,109,53932,12671,12620,559,13179,180
2022-03-21,Ventura,111,848112,172738,172537,9361,181898,1452
2022-03-21,Yolo,113,214977,36944,36141,2888,39029,307
2022-03-21,Yuba,115,75493,15797,15790,1180,16970,117
2022-03-20,Alameda,001,1643700,255179,254293,13605,267898,1801
2022-03-20,Alpine,002,1148,122,122,1,123,0
2022-03-20,Amador,005,37829,8515,8460,637,9097,85
2022-03-20,Butte,007,227075,33104,32892,6997,39889,385
2022-03-20,Calaveras,009,45235,7241,7233,344,7577,119
2022-03-20,Colusa,011,21464,3444,3446,1047,4493,21
2022-03-20,Contra Costa,013,1133247,191444,187467,13301,200768,1276
2022-03-20,Del Norte,015,27424,5786,5821,183,6004,50
2022-03-20,El Dorado,017,186661,26624,26608,3181,29789,199
2022-03-20,Fresno,019,978130,234730,229297,24273,253570,2707
2022-03-20,Glenn,021,27897,4989,4972,1595,6567,46
2022-03-20,Humboldt,023,135768,16841,16913,2923,19836,139
2022-03-20,Imperial,025,180216,55320,55133,10505,65638,908
2022-03-20,Inyo,027,18085,4063,4060,467,4527,56
2022-03-20,Kern,029,883053,191547,191170,45707,236877,2187
2022-03-20,Kings,031,150075,51394,51360,3509,54869,441
2022-03-20,Lake,033,64148,10678,10652,879,11531,135
2022-03-20,Lassen,035,31185,8952,8938,873,9811,63
2022-03-20,Los Angeles,037,10098052,2705086,2694698,122093,2816791,31219
2022-03-20,Madera,039,155013,37231,37284,5998,43282,354
2022-03-20,Marin,041,260295,24856,33232,2168,35400,275
2022-03-20,Mariposa,043,17540,2389,2383,198,2581,6
2022-03-20,Mendocino,045,87422,13019,13027,2995,16022,118
2022-03-20,Merced,047,269075,63244,62041,8833,70874,803
2022-03-20,Modoc,049,8938,732,734,248,982,7
2022-03-20,Mono,051,14174,2965,2962,122,3084,5
2022-03-20,Monterey,053,433212,79161,78566,13505,92071,723
2022-03-20,Napa,055,140530,25723,25682,927,26609,138
2022-03-20,Nevada,057,99092,15912,15964,1188,17152,123
2022-03-20,Orange,059,3164182,546299,544862,41417,586279,6841
2022-03-20,Placer,061,380077,62632,62525,7309,69834,610
2022-03-20,Plumas,063,18699,2964,2744,358,3102,13
2022-03-20,Riverside,065,2383286,590420,589657,27653,617310,6376
2022-03-20,Sacramento,067,1510023,280238,275317,26755,302072,2927
2022-03-20,San Benito,069,59416,12945,12869,511,13380,97
2022-03-20,San Bernardino,071,2135413,573176,560220,24815,585035,6805
2022-03-20,San Diego,073,3302833,748633,748833,52135,800968,5138
2022-03-20,San Francisco,075,870044,123796,123858,8127,131985,835
2022-03-20,San Joaquin,077,732212,166388,165927,9855,175782,2185
2022-03-20,San Luis Obispo,079,281455,52313,52217,3714,55931,463
2022-03-20,San Mateo,081,765935,121117,119901,6875,126776,684
2022-03-20,Santa Barbara,083,443738,85541,85412,4673,90085,672
2022-03-20,Santa Clara,085,1922200,313501,310412,12228,322640,2243
2022-03-20,Santa Cruz,087,273765,47591,47265,2071,49336,259
2022-03-20,Shasta,089,179085,30506,30522,6075,36597,525
2022-03-20,Sierra,091,2930,271,273,47,320,4
2022-03-20,Siskiyou,093,43540,4423,4426,2712,7138,80
2022-03-20,Solano,095,438530,81267,81393,5533,86926,441
2022-03-20,Sonoma,097,501317,83163,82965,2579,85544,481
2022-03-20,Stanislaus,099,539301,117393,118146,17768,135914,1572
2022-03-20,Sutter,101,95872,20432,20519,2047,22566,218
2022-03-20,Tehama,103,63373,12026,12030,2563,14593,160
2022-03-20,Trinity,105,12862,1182,1174,287,1461,20
2022-03-20,Tulare,107,460477,106246,104353,27503,131856,1389
2022-03-20,Tuolumne,109,53932,12666,12617,559,13176,180
2022-03-20,Ventura,111,848112,172688,172514,9356,181870,1451
2022-03-20,Yolo,113,214977,36926,36135,2887,39022,307
2022-03-20,Yuba,115,75493,15788,15787,1178,16965,117
2022-03-19,Alameda,001,1643700,255103,253936,13603,267539,1797
2022-03-19,Alpine,002,1148,122,122,1,123,0
2022-03-19,Amador,005,37829,8512,8456,637,9093,85
2022-03-19,Butte,007,227075,33096,32856,6997,39853,385
2022-03-19,Calaveras,009,45235,7241,7229,344,7573,119
2022-03-19,Colusa,011,21464,3442,3445,1047,4492,21
2022-03-19,Contra Costa,013,1133247,191408,187225,13300,200525,1276
2022-03-19,Del Norte,015,27424,5783,5815,183,5998,48
2022-03-19,El Dorado,017,186661,26620,26618,3181,29799,199
2022-03-19,Fresno,019,978130,234707,228965,24272,253237,2694
2022-03-19,Glenn,021,27897,4989,4971,1595,6566,44
2022-03-19,Humboldt,023,135768,16835,16901,2923,19824,138
2022-03-19,Imperial,025,180216,55319,55038,10504,65542,898
2022-03-19,Inyo,027,18085,4063,4061,467,4528,56
2022-03-19,Kern,029,883053,191532,190943,45699,236642,2184
2022-03-19,Kings,031,150075,51389,51334,3509,54843,441
2022-03-19,Lake,033,64148,10678,10641,879,11520,135
2022-03-19,Lassen,035,31185,8952,8925,873,9798,63
2022-03-19,Los Angeles,037,10098052,2704709,2686759,122059,2808818,31133
2022-03-19,Madera,039,155013,37231,37273,5998,43271,354
2022-03-19,Marin,041,260295,24837,33163,2164,35327,272
2022-03-19,Mariposa,043,17540,2388,2378,198,2576,6
2022-03-19,Mendocino,045,87422,13019,13012,2995,16007,117
2022-03-19,Merced,047,269075,63239,61985,8830,70815,800
2022-03-19,Modoc,049,8938,732,734,248,982,7
2022-03-19,Mono,051,14174,2965,2961,122,3083,5
2022-03-19,Monterey,053,433212,79150,78483,13498,91981,720
2022-03-19,Napa,055,140530,25719,25654,927,26581,138
2022-03-19,Nevada,057,99092,15910,15960,1188,17148,123
2022-03-19,Orange,059,3164182,546226,543907,41401,585308,6817
2022-03-19,Placer,061,380077,62618,62483,7309,69792,605
2022-03-19,Plumas,063,18699,2964,2724,358,3082,13
2022-03-19,Riverside,065,2383286,590371,589017,27646,616663,6359
2022-03-19,Sacramento,067,1510023,280196,274855,26751,301606,2913
2022-03-19,San Benito,069,59416,12944,12859,511,13370,97
2022-03-19,San Bernardino,071,2135413,573130,559935,24813,584748,6778
2022-03-19,San Diego,073,3302833,748533,747344,52121,799465,5133
2022-03-19,San Francisco,075,870044,123726,123587,8125,131712,833
2022-03-19,San Joaquin,077,732212,166363,165765,9852,175617,2181
2022-03-19,San Luis Obispo,079,281455,52307,52174,3714,55888,463
2022-03-19,San Mateo,081,765935,121080,119782,6874,126656,667
2022-03-19,Santa Barbara,083,443738,85526,85336,4672,90008,671
2022-03-19,Santa Clara,085,1922200,313379,309918,12219,322137,2225
2022-03-19,Santa Cruz,087,273765,47583,47203,2067,49270,256
2022-03-19,Shasta,089,179085,30502,30495,6075,36570,525
2022-03-19,Sierra,091,2930,271,273,47,320,4
2022-03-19,Siskiyou,093,43540,4422,4422,2712,7134,76
2022-03-19,Solano,095,438530,81258,81340,5530,86870,441
2022-03-19,Sonoma,097,501317,83146,82838,2576,85414,472
2022-03-19,Stanislaus,099,539301,117383,118138,17766,135904,1568
2022-03-19,Sutter,101,95872,20429,20503,2047,22550,218
2022-03-19,Tehama,103,63373,12026,12007,2563,14570,160
2022-03-19,Trinity,105,12862,1182,1173,287,1460,20
2022-03-19,Tulare,107,460477,106237,104290,27498,131788,1384
2022-03-19,Tuolumne,109,53932,12665,12617,559,13176,180
2022-03-19,Ventura,111,848112,172657,172380,9355,181735,1451
2022-03-19,Yolo,113,214977,36917,36086,2887,38973,306
2022-03-19,Yuba,115,75493,15784,15768,1177,16945,117
2022-03-18,Alameda,001,1643700,255041,253936,13599,267535,1797
2022-03-18,Alpine,002,1148,122,122,1,123,0
2022-03-18,Amador,005,37829,8512,8456,637,9093,85
2022-03-18,Butte,007,227075,33090,32856,6994,39850,385
2022-03-18,Calaveras,009,45235,7241,7229,344,7573,119
2022-03-18,Colusa,011,21464,3442,3445,1047,4492,21
2022-03-18,Contra Costa,013,1133247,191376,187225,13298,200523,1276
2022-03-18,Del Norte,015,27424,5781,5815,183,5998,48
2022-03-18,El Dorado,017,186661,26615,26618,3179,29797,199
2022-03-18,Fresno,019,978130,234674,228965,24272,253237,2694
2022-03-18,Glenn,021,27897,4988,4971,1595,6566,44
2022-03-18,Humboldt,023,135768,16832,16901,2922,19823,138
2022-03-18,Imperial,025,180216,55317,55038,10504,65542,898
2022-03-18,Inyo,027,18085,4063,4061,467,4528,56
2022-03-18,Kern,029,883053,191521,190943,45696,236639,2184
2022-03-18,Kings,031,150075,51381,51334,3509,54843,441
2022-03-18,Lake,033,64148,10676,10641,878,11519,135
2022-03-18,Lassen,035,31185,8951,8925,873,9798,63
2022-03-18,Los Angeles,037,10098052,2704355,2686759,122033,2808792,31133
2022-03-18,Madera,039,155013,37226,37273,5998,43271,354
2022-03-18,Marin,041,260295,24823,33163,2164,35327,272
2022-03-18,Mariposa,043,17540,2387,2378,198,2576,6
2022-03-18,Mendocino,045,87422,13015,13012,2995,16007,117
2022-03-18,Merced,047,269075,63227,61985,8830,70815,800
2022-03-18,Modoc,049,8938,732,734,248,982,7
2022-03-18,Mono,051,14174,2964,2961,122,3083,5
2022-03-18,Monterey,053,433212,79131,78483,13496,91979,720
2022-03-18,Napa,055,140530,25716,25654,927,26581,138
2022-03-18,Nevada,057,99092,15907,15960,1187,17147,123
2022-03-18,Orange,059,3164182,546158,543907,41392,585299,6817
2022-03-18,Placer,061,380077,62609,62483,7309,69792,605
2022-03-18,Plumas,063,18699,2964,2724,358,3082,13
2022-03-18,Riverside,065,2383286,590310,589017,27642,616659,6359
2022-03-18,Sacramento,067,1510023,280160,274855,26747,301602,2913
2022-03-18,San Benito,069,59416,12942,12859,511,13370,97
2022-03-18,San Bernardino,071,2135413,573092,559935,24811,584746,6778
2022-03-18,San Diego,073,3302833,748425,747344,52106,799450,5133
2022-03-18,San Francisco,075,870044,123646,123587,8120,131707,833
2022-03-18,San Joaquin,077,732212,166348,165765,9847,175612,2181
2022-03-18,San Luis Obispo,079,281455,52300,52174,3714,55888,463
2022-03-18,San Mateo,081,765935,121045,119782,6871,126653,667
2022-03-18,Santa Barbara,083,443738,85516,85336,4671,90007,671
2022-03-18,Santa Clara,085,1922200,313273,309918,12216,322134,2225
2022-03-18,Santa Cruz,087,273765,47571,47203,2066,49269,256
2022-03-18,Shasta,089,179085,30501,30495,6075,36570,525
2022-03-18,Sierra,091,2930,271,273,47,320,4
2022-03-18,Siskiyou,093,43540,4422,4422,2712,7134,76
2022-03-18,Solano,095,438530,81247,81340,5524,86864,441
2022-03-18,Sonoma,097,501317,83125,82838,2575,85413,472
2022-03-18,Stanislaus,099,539301,117370,118138,17766,135904,1568
2022-03-18,Sutter,101,95872,20426,20503,2047,22550,218
2022-03-18,Tehama,103,63373,12025,12007,2563,14570,160
2022-03-18,Trinity,105,12862,1182,1173,287,1460,20
2022-03-18,Tulare,107,460477,106231,104290,27493,131783,1384
2022-03-18,Tuolumne,109,53932,12664,12617,559,13176,180
2022-03-18,Ventura,111,848112,172637,172380,9350,181730,1451
2022-03-18,Yolo,113,214977,36906,36086,2887,38973,306
2022-03-18,Yuba,115,75493,15782,15768,1177,16945,117
2022-03-17,Alameda,001,1643700,254940,253936,13593,267529,1797
2022-03-17,Alpine,002,1148,122,122,1,123,0
2022-03-17,Amador,005,37829,8505,8456,637,9093,85
2022-03-17,Butte,007,227075,33077,32856,6992,39848,385
2022-03-17,Calaveras,009,45235,7238,7229,344,7573,119
2022-03-17,Colusa,011,21464,3442,3445,1047,4492,21
2022-03-17,Contra Costa,013,1133247,191312,187225,13287,200512,1276
2022-03-17,Del Norte,015,27424,5779,5815,183,5998,48
2022-03-17,El Dorado,017,186661,26609,26618,3179,29797,199
2022-03-17,Fresno,019,978130,234624,228965,24268,253233,2694
2022-03-17,Glenn,021,27897,4988,4971,1595,6566,44
2022-03-17,Humboldt,023,135768,16828,16901,2920,19821,138
2022-03-17,Imperial,025,180216,55306,55038,10504,65542,898
2022-03-17,Inyo,027,18085,4063,4061,467,4528,56
2022-03-17,Kern,029,883053,191490,190943,45693,236636,2184
2022-03-17,Kings,031,150075,51378,51334,3508,54842,441
2022-03-17,Lake,033,64148,10673,10641,878,11519,135
2022-03-17,Lassen,035,31185,8949,8925,873,9798,63
2022-03-17,Los Angeles,037,10098052,2703697,2686759,121998,2808757,31133
2022-03-17,Madera,039,155013,37222,37273,5998,43271,354
2022-03-17,Marin,041,260295,24811,33163,2163,35326,272
2022-03-17,Mariposa,043,17540,2387,2378,198,2576,6
2022-03-17,Mendocino,045,87422,13011,13012,2992,16004,117
2022-03-17,Merced,047,269075,63221,61985,8827,70812,800
2022-03-17,Modoc,049,8938,732,734,248,982,7
2022-03-17,Mono,051,14174,2964,2961,121,3082,5
2022-03-17,Monterey,053,433212,79108,78483,13491,91974,720
2022-03-17,Napa,055,140530,25711,25654,927,26581,138
2022-03-17,Nevada,057,99092,15904,15960,1187,17147,123
2022-03-17,Orange,059,3164182,546064,543907,41382,585289,6817
2022-03-17,Placer,061,380077,62593,62483,7307,69790,605
2022-03-17,Plumas,063,18699,2963,2724,358,3082,13
2022-03-17,Riverside,065,2383286,590230,589017,27635,616652,6359
2022-03-17,Sacramento,067,1510023,280094,274855,26741,301596,2913
2022-03-17,San Benito,069,59416,12941,12859,511,13370,97
2022-03-17,San Bernardino,071,2135413,573028,559935,24808,584743,6778
2022-03-17,San Diego,073,3302833,748250,747344,52090,799434,5133
2022-03-17,San Francisco,075,870044,123566,123587,8115,131702,833
2022-03-17,San Joaquin,077,732212,166328,165765,9845,175610,2181
2022-03-17,San Luis Obispo,079,281455,52286,52174,3712,55886,463
2022-03-17,San Mateo,081,765935,120997,119782,6867,126649,667
2022-03-17,Santa Barbara,083,443738,85501,85336,4671,90007,671
2022-03-17,Santa Clara,085,1922200,313152,309918,12212,322130,2225
2022-03-17,Santa Cruz,087,273765,47555,47203,2064,49267,256
2022-03-17,Shasta,089,179085,30497,30495,6073,36568,525
2022-03-17,Sierra,091,2930,271,273,47,320,4
2022-03-17,Siskiyou,093,43540,4422,4422,2712,7134,76
2022-03-17,Solano,095,438530,81218,81340,5520,86860,441
2022-03-17,Sonoma,097,501317,83096,82838,2573,85411,472
2022-03-17,Stanislaus,099,539301,117355,118138,17761,135899,1568
2022-03-17,Sutter,101,95872,20416,20503,2036,22539,218
2022-03-17,Tehama,103,63373,12025,12007,2563,14570,160
2022-03-17,Trinity,105,12862,1182,1173,287,1460,20
2022-03-17,Tulare,107,460477,106216,104290,27483,131773,1384
2022-03-17,Tuolumne,109,53932,12662,12617,558,13175,180
2022-03-17,Ventura,111,848112,172588,172380,9348,181728,1451
2022-03-17,Yolo,113,214977,36892,36086,2887,38973,306
2022-03-17,Yuba,115,75493,15780,15768,1176,16944,117
2022-03-16,Alameda,001,1643700,254841,253792,13590,267382,1794
2022-03-16,Alpine,002,1148,122,122,1,123,0
2022-03-16,Amador,005,37829,8497,8449,637,9086,85
2022-03-16,Butte,007,227075,33066,32837,6987,39824,385
2022-03-16,Calaveras,009,45235,7236,7229,344,7573,120
2022-03-16,Colusa,011,21464,3442,3445,1047,4492,22
2022-03-16,Contra Costa,013,1133247,191254,187100,13276,200376,1266
2022-03-16,Del Norte,015,27424,5778,5811,181,5992,48
2022-03-16,El Dorado,017,186661,26596,26602,3178,29780,199
2022-03-16,Fresno,019,978130,234577,228786,24257,253043,2689
2022-03-16,Glenn,021,27897,4987,4969,1595,6564,44
2022-03-16,Humboldt,023,135768,16825,16893,2920,19813,138
2022-03-16,Imperial,025,180216,55295,55002,10503,65505,897
2022-03-16,Inyo,027,18085,4062,4061,467,4528,56
2022-03-16,Kern,029,883053,191447,190835,45686,236521,2170
2022-03-16,Kings,031,150075,51363,51321,3508,54829,437
2022-03-16,Lake,033,64148,10671,10633,877,11510,133
2022-03-16,Lassen,035,31185,8946,8924,873,9797,62
2022-03-16,Los Angeles,037,10098052,2703066,2685789,121958,2807747,31102
2022-03-16,Madera,039,155013,37212,37262,5997,43259,354
2022-03-16,Marin,041,260295,24790,33136,2161,35297,272
2022-03-16,Mariposa,043,17540,2385,2376,198,2574,6
2022-03-16,Mendocino,045,87422,13008,13011,2991,16002,117
2022-03-16,Merced,047,269075,63205,61959,8823,70782,798
2022-03-16,Modoc,049,8938,731,734,248,982,7
2022-03-16,Mono,051,14174,2964,2960,121,3081,5
2022-03-16,Monterey,053,433212,79086,78416,13486,91902,720
2022-03-16,Napa,055,140530,25702,25638,927,26565,138
2022-03-16,Nevada,057,99092,15902,15960,1187,17147,123
2022-03-16,Orange,059,3164182,545940,543326,41359,584685,6791
2022-03-16,Placer,061,380077,62578,62435,7305,69740,605
2022-03-16,Plumas,063,18699,2963,2723,358,3081,13
2022-03-16,Riverside,065,2383286,590134,588761,27632,616393,6351
2022-03-16,Sacramento,067,1510023,280025,274709,26734,301443,2910
2022-03-16,San Benito,069,59416,12936,12854,511,13365,97
2022-03-16,San Bernardino,071,2135413,572947,559746,24801,584547,6775
2022-03-16,San Diego,073,3302833,748043,746970,52066,799036,5126
2022-03-16,San Francisco,075,870044,123465,123446,8108,131554,831
2022-03-16,San Joaquin,077,732212,166281,165703,9842,175545,2169
2022-03-16,San Luis Obispo,079,281455,52268,52132,3708,55840,462
2022-03-16,San Mateo,081,765935,120934,119680,6859,126539,660
2022-03-16,Santa Barbara,083,443738,85468,85322,4667,89989,670
2022-03-16,Santa Clara,085,1922200,312966,309689,12197,321886,2224
2022-03-16,Santa Cruz,087,273765,47525,47161,2064,49225,255
2022-03-16,Shasta,089,179085,30488,30489,6069,36558,527
2022-03-16,Sierra,091,2930,271,273,47,320,4
2022-03-16,Siskiyou,093,43540,4420,4419,2710,7129,76
2022-03-16,Solano,095,438530,81195,81277,5518,86795,440
2022-03-16,Sonoma,097,501317,83053,82791,2564,85355,472
2022-03-16,Stanislaus,099,539301,117329,118072,17759,135831,1567
2022-03-16,Sutter,101,95872,20414,20494,2035,22529,218
2022-03-16,Tehama,103,63373,12023,11999,2563,14562,160
2022-03-16,Trinity,105,12862,1182,1173,287,1460,20
2022-03-16,Tulare,107,460477,106203,104217,27477,131694,1377
2022-03-16,Tuolumne,109,53932,12657,12610,558,13168,180
2022-03-16,Ventura,111,848112,172547,172212,9344,181556,1451
2022-03-16,Yolo,113,214977,36869,36079,2886,38965,307
2022-03-16,Yuba,115,75493,15775,15758,1176,16934,117
2022-03-15,Alameda,001,1643700,254707,253694,13581,267275,1793
2022-03-15,Alpine,002,1148,122,122,1,123,0
2022-03-15,Amador,005,37829,8494,8448,637,9085,85
2022-03-15,Butte,007,227075,33053,32822,6986,39808,385
2022-03-15,Calaveras,009,45235,7234,7236,344,7580,118
2022-03-15,Colusa,011,21464,3442,3445,1047,4492,21
2022-03-15,Contra Costa,013,1133247,191173,187021,13269,200290,1265
2022-03-15,Del Norte,015,27424,5775,5806,178,5984,48
2022-03-15,El Dorado,017,186661,26593,26596,3178,29774,199
2022-03-15,Fresno,019,978130,234534,228631,24247,252878,2689
2022-03-15,Glenn,021,27897,4985,4966,1595,6561,44
2022-03-15,Humboldt,023,135768,16819,16889,2919,19808,138
2022-03-15,Imperial,025,180216,55284,54981,10498,65479,896
2022-03-15,Inyo,027,18085,4062,4062,466,4528,56
2022-03-15,Kern,029,883053,191418,190645,45676,236321,2168
2022-03-15,Kings,031,150075,51344,51317,3504,54821,437
2022-03-15,Lake,033,64148,10667,10631,877,11508,131
2022-03-15,Lassen,035,31185,8944,8926,873,9799,62
2022-03-15,Los Angeles,037,10098052,2702378,2685071,121901,2806972,31077
2022-03-15,Madera,039,155013,37203,37258,5996,43254,354
2022-03-15,Marin,041,260295,24767,33111,2160,35271,272
2022-03-15,Mariposa,043,17540,2383,2377,198,2575,6
2022-03-15,Mendocino,045,87422,13003,13005,2990,15995,117
2022-03-15,Merced,047,269075,63188,61916,8814,70730,798
2022-03-15,Modoc,049,8938,731,733,248,981,7
2022-03-15,Mono,051,14174,2964,2961,121,3082,5
2022-03-15,Monterey,053,433212,79056,78400,13477,91877,718
2022-03-15,Napa,055,140530,25694,25657,925,26582,138
2022-03-15,Nevada,057,99092,15900,15960,1185,17145,123
2022-03-15,Orange,059,3164182,545799,543197,41352,584549,6780
2022-03-15,Placer,061,380077,62560,62398,7301,69699,604
2022-03-15,Plumas,063,18699,2962,2722,358,3080,13
2022-03-15,Riverside,065,2383286,590037,588622,27624,616246,6333
2022-03-15,Sacramento,067,1510023,279940,274633,26728,301361,2907
2022-03-15,San Benito,069,59416,12931,12849,511,13360,95
2022-03-15,San Bernardino,071,2135413,572870,559605,24798,584403,6770
2022-03-15,San Diego,073,3302833,747800,746474,52044,798518,5116
2022-03-15,San Francisco,075,870044,123349,123526,8099,131625,831
2022-03-15,San Joaquin,077,732212,166238,165664,9836,175500,2161
2022-03-15,San Luis Obispo,079,281455,52258,52060,3704,55764,458
2022-03-15,San Mateo,081,765935,120882,119586,6853,126439,649
2022-03-15,Santa Barbara,083,443738,85443,85353,4663,90016,668
2022-03-15,Santa Clara,085,1922200,312802,309535,12186,321721,2224
2022-03-15,Santa Cruz,087,273765,47472,47117,2064,49181,255
2022-03-15,Shasta,089,179085,30479,30476,6066,36542,524
2022-03-15,Sierra,091,2930,271,273,47,320,4
2022-03-15,Siskiyou,093,43540,4420,4420,2710,7130,76
2022-03-15,Solano,095,438530,81159,81260,5517,86777,440
2022-03-15,Sonoma,097,501317,83013,82737,2564,85301,472
2022-03-15,Stanislaus,099,539301,117311,118085,17756,135841,1567
2022-03-15,Sutter,101,95872,20411,20480,2026,22506,217
2022-03-15,Tehama,103,63373,12020,11997,2563,14560,160
2022-03-15,Trinity,105,12862,1182,1173,287,1460,20
2022-03-15,Tulare,107,460477,106184,104153,27465,131618,1375
2022-03-15,Tuolumne,109,53932,12653,12602,558,13160,180
2022-03-15,Ventura,111,848112,172502,172150,9341,181491,1451
2022-03-15,Yolo,113,214977,36854,36079,2882,38961,308
2022-03-15,Yuba,115,75493,15767,15756,1176,16932,116
2022-03-14,Alameda,001,1643700,254595,253629,13577,267206,1791
2022-03-14,Alpine,002,1148,122,122,1,123,0
2022-03-14,Amador,005,37829,8489,8448,637,9085,85
2022-03-14,Butte,007,227075,33037,32812,6986,39798,385
2022-03-14,Calaveras,009,45235,7233,7245,344,7589,118
2022-03-14,Colusa,011,21464,3441,3445,1047,4492,21
2022-03-14,Contra Costa,013,1133247,191081,186969,13261,200230,1265
2022-03-14,Del Norte,015,27424,5769,5807,178,5985,48
2022-03-14,El Dorado,017,186661,26587,26570,3178,29748,199
2022-03-14,Fresno,019,978130,234462,228470,24237,252707,2682
2022-03-14,Glenn,021,27897,4983,4966,1595,6561,44
2022-03-14,Humboldt,023,135768,16812,16890,2917,19807,137
2022-03-14,Imperial,025,180216,55273,54933,10497,65430,897
2022-03-14,Inyo,027,18085,4062,4062,466,4528,56
2022-03-14,Kern,029,883053,191383,190526,45665,236191,2166
2022-03-14,Kings,031,150075,51326,51293,3503,54796,437
2022-03-14,Lake,033,64148,10664,10631,877,11508,131
2022-03-14,Lassen,035,31185,8944,8927,872,9799,62
2022-03-14,Los Angeles,037,10098052,2701747,2683369,121836,2805205,31034
2022-03-14,Madera,039,155013,37196,37255,5995,43250,354
2022-03-14,Marin,041,260295,24739,33099,2160,35259,272
2022-03-14,Mariposa,043,17540,2382,2376,198,2574,6
2022-03-14,Mendocino,045,87422,12998,12992,2983,15975,117
2022-03-14,Merced,047,269075,63169,61905,8812,70717,795
2022-03-14,Modoc,049,8938,730,731,248,979,7
2022-03-14,Mono,051,14174,2963,2961,121,3082,5
2022-03-14,Monterey,053,433212,79041,78376,13442,91818,718
2022-03-14,Napa,055,140530,25680,25649,925,26574,138
2022-03-14,Nevada,057,99092,15898,15954,1185,17139,123
2022-03-14,Orange,059,3164182,545660,543099,41338,584437,6775
2022-03-14,Placer,061,380077,62542,62389,7299,69688,601
2022-03-14,Plumas,063,18699,2962,2711,358,3069,13
2022-03-14,Riverside,065,2383286,589902,588531,27615,616146,6332
2022-03-14,Sacramento,067,1510023,279857,274682,26721,301403,2899
2022-03-14,San Benito,069,59416,12926,12846,511,13357,95
2022-03-14,San Bernardino,071,2135413,572783,559505,24793,584298,6767
2022-03-14,San Diego,073,3302833,747498,745515,52015,797530,5108
2022-03-14,San Francisco,075,870044,123257,123575,8092,131667,824
2022-03-14,San Joaquin,077,732212,166199,165662,9835,175497,2142
2022-03-14,San Luis Obispo,079,281455,52230,52046,3701,55747,458
2022-03-14,San Mateo,081,765935,120809,119564,6851,126415,649
2022-03-14,Santa Barbara,083,443738,85406,85396,4662,90058,667
2022-03-14,Santa Clara,085,1922200,312610,309600,12183,321783,2223
2022-03-14,Santa Cruz,087,273765,47434,47107,2062,49169,255
2022-03-14,Shasta,089,179085,30474,30462,6063,36525,520
2022-03-14,Sierra,091,2930,271,273,47,320,4
2022-03-14,Siskiyou,093,43540,4415,4419,2709,7128,76
2022-03-14,Solano,095,438530,81110,81233,5512,86745,440
2022-03-14,Sonoma,097,501317,82978,82731,2560,85291,473
2022-03-14,Stanislaus,099,539301,117276,118088,17752,135840,1567
2022-03-14,Sutter,101,95872,20405,20478,2026,22504,217
2022-03-14,Tehama,103,63373,12018,11996,2563,14559,160
2022-03-14,Trinity,105,12862,1182,1172,287,1459,20
2022-03-14,Tulare,107,460477,106158,104121,27458,131579,1365
2022-03-14,Tuolumne,109,53932,12652,12567,557,13124,180
2022-03-14,Ventura,111,848112,172449,172107,9339,181446,1442
2022-03-14,Yolo,113,214977,36838,36059,2880,38939,308
2022-03-14,Yuba,115,75493,15755,15748,1176,16924,116
2022-03-13,Alameda,001,1643700,254468,253547,13569,267116,1792
2022-03-13,Alpine,002,1148,122,122,1,123,0
2022-03-13,Amador,005,37829,8487,8444,637,9081,85
2022-03-13,Butte,007,227075,33018,32806,6983,39789,384
2022-03-13,Calaveras,009,45235,7228,7253,344,7597,118
2022-03-13,Colusa,011,21464,3441,3444,1045,4489,21
2022-03-13,Contra Costa,013,1133247,190982,186911,13248,200159,1265
2022-03-13,Del Norte,015,27424,5765,5808,178,5986,48
2022-03-13,El Dorado,017,186661,26582,26563,3177,29740,199
2022-03-13,Fresno,019,978130,234379,228421,24223,252644,2683
2022-03-13,Glenn,021,27897,4980,4966,1594,6560,44
2022-03-13,Humboldt,023,135768,16804,16883,2917,19800,137
2022-03-13,Imperial,025,180216,55262,54934,10495,65429,897
2022-03-13,Inyo,027,18085,4062,4062,465,4527,56
2022-03-13,Kern,029,883053,191329,190495,45653,236148,2166
2022-03-13,Kings,031,150075,51317,51273,3503,54776,437
2022-03-13,Lake,033,64148,10661,10626,877,11503,131
2022-03-13,Lassen,035,31185,8943,8929,871,9800,62
2022-03-13,Los Angeles,037,10098052,2701022,2683351,121794,2805145,31034
2022-03-13,Madera,039,155013,37188,37248,5995,43243,354
2022-03-13,Marin,041,260295,24715,33083,2158,35241,272
2022-03-13,Mariposa,043,17540,2380,2376,198,2574,6
2022-03-13,Mendocino,045,87422,12992,12987,2978,15965,117
2022-03-13,Merced,047,269075,63147,61895,8802,70697,795
2022-03-13,Modoc,049,8938,730,731,248,979,7
2022-03-13,Mono,051,14174,2963,2961,121,3082,5
2022-03-13,Monterey,053,433212,79005,78366,13394,91760,718
2022-03-13,Napa,055,140530,25662,25639,924,26563,138
2022-03-13,Nevada,057,99092,15891,15959,1185,17144,123
2022-03-13,Orange,059,3164182,545540,543036,41314,584350,6774
2022-03-13,Placer,061,380077,62518,62372,7296,69668,601
2022-03-13,Plumas,063,18699,2962,2711,358,3069,13
2022-03-13,Riverside,065,2383286,589768,588487,27608,616095,6332
2022-03-13,Sacramento,067,1510023,279748,274715,26708,301423,2899
2022-03-13,San Benito,069,59416,12920,12844,509,13353,95
2022-03-13,San Bernardino,071,2135413,572691,559450,24783,584233,6767
2022-03-13,San Diego,073,3302833,747157,745515,51981,797496,5108
2022-03-13,San Francisco,075,870044,123137,123622,8086,131708,824
2022-03-13,San Joaquin,077,732212,166150,165641,9833,175474,2142
2022-03-13,San Luis Obispo,079,281455,52200,52040,3699,55739,458
2022-03-13,San Mateo,081,765935,120731,119521,6842,126363,649
2022-03-13,Santa Barbara,083,443738,85366,85453,4660,90113,667
2022-03-13,Santa Clara,085,1922200,312424,309493,12175,321668,2225
2022-03-13,Santa Cruz,087,273765,47382,47087,2062,49149,255
2022-03-13,Shasta,089,179085,30457,30457,6061,36518,520
2022-03-13,Sierra,091,2930,271,273,47,320,4
2022-03-13,Siskiyou,093,43540,4415,4418,2709,7127,76
2022-03-13,Solano,095,438530,81074,81217,5507,86724,440
2022-03-13,Sonoma,097,501317,82944,82711,2556,85267,473
2022-03-13,Stanislaus,099,539301,117243,118075,17747,135822,1567
2022-03-13,Sutter,101,95872,20401,20474,2026,22500,217
2022-03-13,Tehama,103,63373,12017,11997,2562,14559,160
2022-03-13,Trinity,105,12862,1182,1172,287,1459,20
2022-03-13,Tulare,107,460477,106124,104119,27450,131569,1365
2022-03-13,Tuolumne,109,53932,12649,12565,557,13122,180
2022-03-13,Ventura,111,848112,172391,172080,9332,181412,1442
2022-03-13,Yolo,113,214977,36819,36019,2878,38897,308
2022-03-13,Yuba,115,75493,15750,15741,1176,16917,116
2022-03-12,Alameda,001,1643700,254401,253079,13564,266643,1783
2022-03-12,Alpine,002,1148,122,122,1,123,0
2022-03-12,Amador,005,37829,8483,8427,637,9064,84
2022-03-12,Butte,007,227075,33013,32774,6981,39755,380
2022-03-12,Calaveras,009,45235,7227,7253,344,7597,118
2022-03-12,Colusa,011,21464,3441,3440,1045,4485,21
2022-03-12,Contra Costa,013,1133247,190940,186618,13247,199865,1256
2022-03-12,Del Norte,015,27424,5764,5791,178,5969,48
2022-03-12,El Dorado,017,186661,26578,26538,3177,29715,199
2022-03-12,Fresno,019,978130,234357,228041,24223,252264,2653
2022-03-12,Glenn,021,27897,4980,4955,1594,6549,44
2022-03-12,Humboldt,023,135768,16800,16862,2916,19778,137
2022-03-12,Imperial,025,180216,55257,54837,10492,65329,896
2022-03-12,Inyo,027,18085,4062,4056,465,4521,56
2022-03-12,Kern,029,883053,191312,190330,45648,235978,2162
2022-03-12,Kings,031,150075,51311,51145,3503,54648,436
2022-03-12,Lake,033,64148,10659,10594,876,11470,131
2022-03-12,Lassen,035,31185,8942,8915,871,9786,62
2022-03-12,Los Angeles,037,10098052,2700696,2678858,121772,2800630,30901
2022-03-12,Madera,039,155013,37183,37223,5995,43218,354
2022-03-12,Marin,041,260295,24690,33015,2157,35172,272
2022-03-12,Mariposa,043,17540,2380,2372,198,2570,6
2022-03-12,Mendocino,045,87422,12988,12965,2978,15943,117
2022-03-12,Merced,047,269075,63140,61840,8800,70640,795
2022-03-12,Modoc,049,8938,730,730,248,978,7
2022-03-12,Mono,051,14174,2963,2960,120,3080,5
2022-03-12,Monterey,053,433212,78998,78285,13392,91677,716
2022-03-12,Napa,055,140530,25652,25584,923,26507,138
2022-03-12,Nevada,057,99092,15885,15947,1185,17132,123
2022-03-12,Orange,059,3164182,545475,542354,41305,583659,6718
2022-03-12,Placer,061,380077,62508,62282,7296,69578,598
2022-03-12,Plumas,063,18699,2962,2707,358,3065,13
2022-03-12,Riverside,065,2383286,589702,588022,27603,615625,6317
2022-03-12,Sacramento,067,1510023,279708,274519,26703,301222,2886
2022-03-12,San Benito,069,59416,12917,12868,509,13377,95
2022-03-12,San Bernardino,071,2135413,572643,559013,24782,583795,6734
2022-03-12,San Diego,073,3302833,747035,744386,51959,796345,5090
2022-03-12,San Francisco,075,870044,123072,123610,8080,131690,823
2022-03-12,San Joaquin,077,732212,166129,165516,9830,175346,2117
2022-03-12,San Luis Obispo,079,281455,52191,51947,3696,55643,457
2022-03-12,San Mateo,081,765935,120695,119288,6841,126129,641
2022-03-12,Santa Barbara,083,443738,85347,85421,4660,90081,664
2022-03-12,Santa Clara,085,1922200,312320,308989,12170,321159,2208
2022-03-12,Santa Cruz,087,273765,47369,46982,2061,49043,254
2022-03-12,Shasta,089,179085,30445,30419,6059,36478,517
2022-03-12,Sierra,091,2930,271,273,47,320,4
2022-03-12,Siskiyou,093,43540,4415,4405,2709,7114,75
2022-03-12,Solano,095,438530,81060,81058,5507,86565,436
2022-03-12,Sonoma,097,501317,82927,82622,2554,85176,473
2022-03-12,Stanislaus,099,539301,117229,117884,17746,135630,1564
2022-03-12,Sutter,101,95872,20400,20429,2026,22455,217
2022-03-12,Tehama,103,63373,12017,11983,2562,14545,159
2022-03-12,Trinity,105,12862,1181,1172,287,1459,20
2022-03-12,Tulare,107,460477,106119,103994,27446,131440,1358
2022-03-12,Tuolumne,109,53932,12648,12476,557,13033,180
2022-03-12,Ventura,111,848112,172366,171932,9331,181263,1442
2022-03-12,Yolo,113,214977,36812,35982,2876,38858,308
2022-03-12,Yuba,115,75493,15750,15722,1176,16898,116
2022-03-11,Alameda,001,1643700,254339,253079,13564,266643,1783
2022-03-11,Alpine,002,1148,122,122,1,123,0
2022-03-11,Amador,005,37829,8481,8427,637,9064,84
2022-03-11,Butte,007,227075,33009,32774,6980,39754,380
2022-03-11,Calaveras,009,45235,7227,7253,344,7597,118
2022-03-11,Colusa,011,21464,3441,3440,1045,4485,21
2022-03-11,Contra Costa,013,1133247,190891,186618,13245,199863,1256
2022-03-11,Del Norte,015,27424,5760,5791,178,5969,48
2022-03-11,El Dorado,017,186661,26574,26538,3177,29715,199
2022-03-11,Fresno,019,978130,234302,228041,24219,252260,2653
2022-03-11,Glenn,021,27897,4980,4955,1594,6549,44
2022-03-11,Humboldt,023,135768,16795,16862,2915,19777,137
2022-03-11,Imperial,025,180216,55251,54837,10491,65328,896
2022-03-11,Inyo,027,18085,4062,4056,465,4521,56
2022-03-11,Kern,029,883053,191290,190330,45643,235973,2162
2022-03-11,Kings,031,150075,51292,51145,3503,54648,436
2022-03-11,Lake,033,64148,10655,10594,876,11470,131
2022-03-11,Lassen,035,31185,8941,8915,871,9786,62
2022-03-11,Los Angeles,037,10098052,2700375,2678858,121744,2800602,30901
2022-03-11,Madera,039,155013,37178,37223,5995,43218,354
2022-03-11,Marin,041,260295,24674,33015,2156,35171,272
2022-03-11,Mariposa,043,17540,2379,2372,198,2570,6
2022-03-11,Mendocino,045,87422,12982,12965,2978,15943,117
2022-03-11,Merced,047,269075,63133,61840,8798,70638,795
2022-03-11,Modoc,049,8938,730,730,248,978,7
2022-03-11,Mono,051,14174,2962,2960,120,3080,5
2022-03-11,Monterey,053,433212,78985,78285,13385,91670,716
2022-03-11,Napa,055,140530,25641,25584,923,26507,138
2022-03-11,Nevada,057,99092,15882,15947,1185,17132,123
2022-03-11,Orange,059,3164182,545406,542354,41291,583645,6718
2022-03-11,Placer,061,380077,62495,62282,7295,69577,598
2022-03-11,Plumas,063,18699,2960,2707,358,3065,13
2022-03-11,Riverside,065,2383286,589624,588022,27599,615621,6317
2022-03-11,Sacramento,067,1510023,279638,274519,26701,301220,2886
2022-03-11,San Benito,069,59416,12916,12868,509,13377,95
2022-03-11,San Bernardino,071,2135413,572586,559013,24777,583790,6734
2022-03-11,San Diego,073,3302833,746869,744386,51945,796331,5090
2022-03-11,San Francisco,075,870044,123016,123610,8076,131686,823
2022-03-11,San Joaquin,077,732212,166091,165516,9827,175343,2117
2022-03-11,San Luis Obispo,079,281455,52183,51947,3695,55642,457
2022-03-11,San Mateo,081,765935,120646,119288,6838,126126,641
2022-03-11,Santa Barbara,083,443738,85327,85421,4659,90080,664
2022-03-11,Santa Clara,085,1922200,312183,308989,12167,321156,2208
2022-03-11,Santa Cruz,087,273765,47354,46982,2061,49043,254
2022-03-11,Shasta,089,179085,30440,30419,6056,36475,517
2022-03-11,Sierra,091,2930,271,273,47,320,4
2022-03-11,Siskiyou,093,43540,4415,4405,2707,7112,75
2022-03-11,Solano,095,438530,81046,81058,5506,86564,436
2022-03-11,Sonoma,097,501317,82901,82622,2552,85174,473
2022-03-11,Stanislaus,099,539301,117215,117884,17744,135628,1564
2022-03-11,Sutter,101,95872,20398,20429,2026,22455,217
2022-03-11,Tehama,103,63373,12015,11983,2562,14545,159
2022-03-11,Trinity,105,12862,1181,1172,287,1459,20
2022-03-11,Tulare,107,460477,106106,103994,27440,131434,1358
2022-03-11,Tuolumne,109,53932,12646,12476,557,13033,180
2022-03-11,Ventura,111,848112,172330,171932,9326,181258,1442
2022-03-11,Yolo,113,214977,36801,35982,2876,38858,308
2022-03-11,Yuba,115,75493,15747,15722,1176,16898,116
2022-03-10,Alameda,001,1643700,254214,253079,13560,266639,1783
2022-03-10,Alpine,002,1148,122,122,1,123,0
2022-03-10,Amador,005,37829,8480,8427,637,9064,84
2022-03-10,Butte,007,227075,32993,32774,6978,39752,380
2022-03-10,Calaveras,009,45235,7226,7253,343,7596,118
2022-03-10,Colusa,011,21464,3441,3440,1045,4485,21
2022-03-10,Contra Costa,013,1133247,190807,186618,13235,199853,1256
2022-03-10,Del Norte,015,27424,5751,5791,178,5969,48
2022-03-10,El Dorado,017,186661,26563,26538,3176,29714,199
2022-03-10,Fresno,019,978130,234226,228041,24209,252250,2653
2022-03-10,Glenn,021,27897,4977,4955,1594,6549,44
2022-03-10,Humboldt,023,135768,16786,16862,2914,19776,137
2022-03-10,Imperial,025,180216,55241,54837,10490,65327,896
2022-03-10,Inyo,027,18085,4061,4056,465,4521,56
2022-03-10,Kern,029,883053,191257,190330,45629,235959,2162
2022-03-10,Kings,031,150075,51263,51145,3502,54647,436
2022-03-10,Lake,033,64148,10645,10594,875,11469,131
2022-03-10,Lassen,035,31185,8941,8915,871,9786,62
2022-03-10,Los Angeles,037,10098052,2699821,2678858,121703,2800561,30901
2022-03-10,Madera,039,155013,37172,37223,5988,43211,354
2022-03-10,Marin,041,260295,24661,33015,2152,35167,272
2022-03-10,Mariposa,043,17540,2379,2372,198,2570,6
2022-03-10,Mendocino,045,87422,12978,12965,2978,15943,117
2022-03-10,Merced,047,269075,63113,61840,8793,70633,795
2022-03-10,Modoc,049,8938,729,730,248,978,7
2022-03-10,Mono,051,14174,2962,2960,120,3080,5
2022-03-10,Monterey,053,433212,78962,78285,13360,91645,716
2022-03-10,Napa,055,140530,25632,25584,922,26506,138
2022-03-10,Nevada,057,99092,15875,15947,1185,17132,123
2022-03-10,Orange,059,3164182,545285,542354,41273,583627,6718
2022-03-10,Placer,061,380077,62474,62282,7290,69572,598
2022-03-10,Plumas,063,18699,2959,2707,358,3065,13
2022-03-10,Riverside,065,2383286,589509,588022,27594,615616,6317
2022-03-10,Sacramento,067,1510023,279561,274519,26694,301213,2886
2022-03-10,San Benito,069,59416,12915,12868,508,13376,95
2022-03-10,San Bernardino,071,2135413,572513,559013,24773,583786,6734
2022-03-10,San Diego,073,3302833,746612,744386,51914,796300,5090
2022-03-10,San Francisco,075,870044,122948,123610,8070,131680,823
2022-03-10,San Joaquin,077,732212,166058,165516,9825,175341,2117
2022-03-10,San Luis Obispo,079,281455,52160,51947,3692,55639,457
2022-03-10,San Mateo,081,765935,120583,119288,6836,126124,641
2022-03-10,Santa Barbara,083,443738,85296,85421,4658,90079,664
2022-03-10,Santa Clara,085,1922200,312011,308989,12160,321149,2208
2022-03-10,Santa Cruz,087,273765,47322,46982,2061,49043,254
2022-03-10,Shasta,089,179085,30431,30419,6054,36473,517
2022-03-10,Sierra,091,2930,271,273,47,320,4
2022-03-10,Siskiyou,093,43540,4415,4405,2707,7112,75
2022-03-10,Solano,095,438530,81010,81058,5501,86559,436
2022-03-10,Sonoma,097,501317,82874,82622,2552,85174,473
2022-03-10,Stanislaus,099,539301,117180,117884,17742,135626,1564
2022-03-10,Sutter,101,95872,20394,20429,2026,22455,217
2022-03-10,Tehama,103,63373,12014,11983,2562,14545,159
2022-03-10,Trinity,105,12862,1181,1172,287,1459,20
2022-03-10,Tulare,107,460477,106087,103994,27434,131428,1358
2022-03-10,Tuolumne,109,53932,12643,12476,557,13033,180
2022-03-10,Ventura,111,848112,172289,171932,9323,181255,1442
2022-03-10,Yolo,113,214977,36788,35982,2875,38857,308
2022-03-10,Yuba,115,75493,15737,15722,1175,16897,116
2022-03-09,Alameda,001,1643700,254082,252893,13556,266449,1781
2022-03-09,Alpine,002,1148,122,125,1,126,0
2022-03-09,Amador,005,37829,8474,8409,637,9046,84
2022-03-09,Butte,007,227075,32984,32767,6974,39741,380
2022-03-09,Calaveras,009,45235,7224,7249,343,7592,117
2022-03-09,Colusa,011,21464,3440,3439,1045,4484,21
2022-03-09,Contra Costa,013,1133247,190701,186483,13220,199703,1256
2022-03-09,Del Norte,015,27424,5747,5765,178,5943,48
2022-03-09,El Dorado,017,186661,26559,26515,3175,29690,198
2022-03-09,Fresno,019,978130,234125,227885,24201,252086,2653
2022-03-09,Glenn,021,27897,4977,4953,1593,6546,44
2022-03-09,Humboldt,023,135768,16781,16854,2911,19765,137
2022-03-09,Imperial,025,180216,55235,54764,10488,65252,894
2022-03-09,Inyo,027,18085,4061,4056,465,4521,56
2022-03-09,Kern,029,883053,191209,190254,45616,235870,2159
2022-03-09,Kings,031,150075,51242,51122,3502,54624,435
2022-03-09,Lake,033,64148,10638,10586,875,11461,130
2022-03-09,Lassen,035,31185,8941,8901,871,9772,62
2022-03-09,Los Angeles,037,10098052,2699176,2677901,121663,2799564,30842
2022-03-09,Madera,039,155013,37164,37207,5987,43194,354
2022-03-09,Marin,041,260295,24643,32967,2152,35119,272
2022-03-09,Mariposa,043,17540,2376,2372,198,2570,6
2022-03-09,Mendocino,045,87422,12974,12957,2973,15930,117
2022-03-09,Merced,047,269075,63096,61792,8787,70579,792
2022-03-09,Modoc,049,8938,728,730,247,977,7
2022-03-09,Mono,051,14174,2962,2962,120,3082,5
2022-03-09,Monterey,053,433212,78939,78258,13317,91575,716
2022-03-09,Napa,055,140530,25611,25561,921,26482,138
2022-03-09,Nevada,057,99092,15866,15938,1184,17122,123
2022-03-09,Orange,059,3164182,545154,542278,41261,583539,6700
2022-03-09,Placer,061,380077,62451,62242,7286,69528,598
2022-03-09,Plumas,063,18699,2958,2708,358,3066,13
2022-03-09,Riverside,065,2383286,589397,587833,27584,615417,6305
2022-03-09,Sacramento,067,1510023,279472,274373,26676,301049,2877
2022-03-09,San Benito,069,59416,12898,12864,508,13372,95
2022-03-09,San Bernardino,071,2135413,572411,558795,24762,583557,6723
2022-03-09,San Diego,073,3302833,746340,743956,51888,795844,5083
2022-03-09,San Francisco,075,870044,122857,123676,8066,131742,812
2022-03-09,San Joaquin,077,732212,166018,165444,9819,175263,2113
2022-03-09,San Luis Obispo,079,281455,52141,51923,3690,55613,457
2022-03-09,San Mateo,081,765935,120525,119194,6824,126018,639
2022-03-09,Santa Barbara,083,443738,85282,85382,4656,90038,661
2022-03-09,Santa Clara,085,1922200,311856,308765,12150,320915,2206
2022-03-09,Santa Cruz,087,273765,47282,46917,2060,48977,254
2022-03-09,Shasta,089,179085,30409,30407,6053,36460,493
2022-03-09,Sierra,091,2930,271,273,47,320,4
2022-03-09,Siskiyou,093,43540,4414,4403,2706,7109,75
2022-03-09,Solano,095,438530,80974,80984,5500,86484,436
2022-03-09,Sonoma,097,501317,82841,82574,2550,85124,473
2022-03-09,Stanislaus,099,539301,117143,117827,17737,135564,1541
2022-03-09,Sutter,101,95872,20383,20409,2022,22431,217
2022-03-09,Tehama,103,63373,12010,11980,2562,14542,159
2022-03-09,Trinity,105,12862,1181,1174,287,1461,20
2022-03-09,Tulare,107,460477,106059,103932,27421,131353,1350
2022-03-09,Tuolumne,109,53932,12641,12444,557,13001,180
2022-03-09,Ventura,111,848112,172238,171852,9320,181172,1448
2022-03-09,Yolo,113,214977,36769,35973,2863,38836,308
2022-03-09,Yuba,115,75493,15732,15714,1174,16888,115
2022-03-08,Alameda,001,1643700,253925,252744,13544,266288,1769
2022-03-08,Alpine,002,1148,122,125,1,126,0
2022-03-08,Amador,005,37829,8460,8407,637,9044,84
2022-03-08,Butte,007,227075,32970,32759,6970,39729,380
2022-03-08,Calaveras,009,45235,7220,7245,343,7588,117
2022-03-08,Colusa,011,21464,3437,3439,1044,4483,21
2022-03-08,Contra Costa,013,1133247,190614,186396,13207,199603,1256
2022-03-08,Del Norte,015,27424,5742,5763,178,5941,48
2022-03-08,El Dorado,017,186661,26549,26503,3170,29673,197
2022-03-08,Fresno,019,978130,234027,227808,24192,252000,2653
2022-03-08,Glenn,021,27897,4975,4944,1592,6536,43
2022-03-08,Humboldt,023,135768,16769,16837,2898,19735,137
2022-03-08,Imperial,025,180216,55220,54721,10486,65207,890
2022-03-08,Inyo,027,18085,4058,4056,465,4521,56
2022-03-08,Kern,029,883053,191146,190208,45602,235810,2154
2022-03-08,Kings,031,150075,51200,51089,3500,54589,434
2022-03-08,Lake,033,64148,10628,10571,875,11446,130
2022-03-08,Lassen,035,31185,8940,8897,871,9768,62
2022-03-08,Los Angeles,037,10098052,2698484,2677166,121627,2798793,30803
2022-03-08,Madera,039,155013,37154,37185,5986,43171,354
2022-03-08,Marin,041,260295,24606,32943,2151,35094,272
2022-03-08,Mariposa,043,17540,2374,2371,198,2569,6
2022-03-08,Mendocino,045,87422,12970,12950,2972,15922,117
2022-03-08,Merced,047,269075,63075,61767,8776,70543,791
2022-03-08,Modoc,049,8938,727,729,247,976,7
2022-03-08,Mono,051,14174,2961,2961,120,3081,5
2022-03-08,Monterey,053,433212,78919,78247,13280,91527,711
2022-03-08,Napa,055,140530,25585,25528,920,26448,137
2022-03-08,Nevada,057,99092,15855,15939,1183,17122,122
2022-03-08,Orange,059,3164182,545006,542164,41241,583405,6692
2022-03-08,Placer,061,380077,62423,62221,7285,69506,594
2022-03-08,Plumas,063,18699,2958,2703,358,3061,13
2022-03-08,Riverside,065,2383286,589288,587686,27577,615263,6294
2022-03-08,Sacramento,067,1510023,279370,274276,26655,300931,2872
2022-03-08,San Benito,069,59416,12896,12855,508,13363,94
2022-03-08,San Bernardino,071,2135413,572318,558512,24752,583264,6715
2022-03-08,San Diego,073,3302833,745997,743604,51871,795475,5077
2022-03-08,San Francisco,075,870044,122761,123675,8061,131736,807
2022-03-08,San Joaquin,077,732212,165982,165381,9815,175196,2104
2022-03-08,San Luis Obispo,079,281455,52113,51900,3687,55587,451
2022-03-08,San Mateo,081,765935,120444,119103,6814,125917,638
2022-03-08,Santa Barbara,083,443738,85250,85363,4656,90019,659
2022-03-08,Santa Clara,085,1922200,311629,308528,12143,320671,2206
2022-03-08,Santa Cruz,087,273765,47245,46875,2059,48934,254
2022-03-08,Shasta,089,179085,30390,30372,6050,36422,493
2022-03-08,Sierra,091,2930,271,273,47,320,4
2022-03-08,Siskiyou,093,43540,4410,4404,2706,7110,74
2022-03-08,Solano,095,438530,80946,80924,5497,86421,434
2022-03-08,Sonoma,097,501317,82794,82571,2549,85120,473
2022-03-08,Stanislaus,099,539301,117099,117782,17728,135510,1541
2022-03-08,Sutter,101,95872,20375,20403,2022,22425,217
2022-03-08,Tehama,103,63373,12006,11972,2561,14533,158
2022-03-08,Trinity,105,12862,1181,1174,287,1461,20
2022-03-08,Tulare,107,460477,106021,103893,27410,131303,1334
2022-03-08,Tuolumne,109,53932,12636,12427,555,12982,180
2022-03-08,Ventura,111,848112,172174,171806,9313,181119,1447
2022-03-08,Yolo,113,214977,36743,35946,2862,38808,306
2022-03-08,Yuba,115,75493,15727,15705,1173,16878,115
2022-03-07,Alameda,001,1643700,253716,252578,13533,266111,1766
2022-03-07,Alpine,002,1148,122,125,1,126,0
2022-03-07,Amador,005,37829,8457,8368,637,9005,84
2022-03-07,Butte,007,227075,32955,32734,6966,39700,378
2022-03-07,Calaveras,009,45235,7216,7242,343,7585,116
2022-03-07,Colusa,011,21464,3437,3437,1044,4481,21
2022-03-07,Contra Costa,013,1133247,190514,186087,13186,199273,1256
2022-03-07,Del Norte,015,27424,5738,5758,178,5936,48
2022-03-07,El Dorado,017,186661,26543,26487,3169,29656,196
2022-03-07,Fresno,019,978130,233936,227670,24168,251838,2653
2022-03-07,Glenn,021,27897,4972,4939,1592,6531,43
2022-03-07,Humboldt,023,135768,16756,16829,2893,19722,137
2022-03-07,Imperial,025,180216,55198,54712,10481,65193,890
2022-03-07,Inyo,027,18085,4056,4054,465,4519,56
2022-03-07,Kern,029,883053,191082,190163,45579,235742,2152
2022-03-07,Kings,031,150075,51170,51065,3495,54560,433
2022-03-07,Lake,033,64148,10616,10562,874,11436,130
2022-03-07,Lassen,035,31185,8939,8896,871,9767,62
2022-03-07,Los Angeles,037,10098052,2697686,2675497,121585,2797082,30759
2022-03-07,Madera,039,155013,37144,37164,5984,43148,354
2022-03-07,Marin,041,260295,24569,32919,2148,35067,272
2022-03-07,Mariposa,043,17540,2373,2369,198,2567,6
2022-03-07,Mendocino,045,87422,12963,12940,2971,15911,117
2022-03-07,Merced,047,269075,63035,61751,8769,70520,791
2022-03-07,Modoc,049,8938,727,729,247,976,7
2022-03-07,Mono,051,14174,2961,2960,120,3080,5
2022-03-07,Monterey,053,433212,78885,78161,13232,91393,706
2022-03-07,Napa,055,140530,25557,25500,920,26420,136
2022-03-07,Nevada,057,99092,15848,15935,1177,17112,122
2022-03-07,Orange,059,3164182,544833,542028,41215,583243,6687
2022-03-07,Placer,061,380077,62394,62215,7284,69499,591
2022-03-07,Plumas,063,18699,2958,2702,358,3060,13
2022-03-07,Riverside,065,2383286,589161,587537,27569,615106,6279
2022-03-07,Sacramento,067,1510023,279269,274079,26640,300719,2866
2022-03-07,San Benito,069,59416,12890,12843,508,13351,94
2022-03-07,San Bernardino,071,2135413,572213,558265,24742,583007,6703
2022-03-07,San Diego,073,3302833,745655,742287,51828,794115,5068
2022-03-07,San Francisco,075,870044,122649,123655,8055,131710,807
2022-03-07,San Joaquin,077,732212,165931,165343,9808,175151,2091
2022-03-07,San Luis Obispo,079,281455,52068,51874,3685,55559,448
2022-03-07,San Mateo,081,765935,120368,119035,6807,125842,630
2022-03-07,Santa Barbara,083,443738,85211,85345,4655,90000,659
2022-03-07,Santa Clara,085,1922200,311433,308517,12135,320652,2202
2022-03-07,Santa Cruz,087,273765,47195,46823,2058,48881,254
2022-03-07,Shasta,089,179085,30377,30352,6047,36399,493
2022-03-07,Sierra,091,2930,271,273,47,320,4
2022-03-07,Siskiyou,093,43540,4406,4398,2705,7103,74
2022-03-07,Solano,095,438530,80889,80886,5495,86381,435
2022-03-07,Sonoma,097,501317,82749,82530,2548,85078,473
2022-03-07,Stanislaus,099,539301,117060,117713,17721,135434,1537
2022-03-07,Sutter,101,95872,20364,20400,2021,22421,217
2022-03-07,Tehama,103,63373,12001,11966,2560,14526,158
2022-03-07,Trinity,105,12862,1179,1173,287,1460,20
2022-03-07,Tulare,107,460477,105984,103834,27400,131234,1316
2022-03-07,Tuolumne,109,53932,12630,12408,554,12962,179
2022-03-07,Ventura,111,848112,172123,171886,9311,181197,1436
2022-03-07,Yolo,113,214977,36720,35934,2856,38790,306
2022-03-07,Yuba,115,75493,15720,15701,1172,16873,115
2022-03-06,Alameda,001,1643700,253523,252460,13524,265984,1766
2022-03-06,Alpine,002,1148,122,125,1,126,0
2022-03-06,Amador,005,37829,8454,8367,635,9002,84
2022-03-06,Butte,007,227075,32943,32714,6961,39675,376
2022-03-06,Calaveras,009,45235,7214,7236,342,7578,116
2022-03-06,Colusa,011,21464,3435,3435,1043,4478,21
2022-03-06,Contra Costa,013,1133247,190400,185974,13161,199135,1256
2022-03-06,Del Norte,015,27424,5723,5744,177,5921,48
2022-03-06,El Dorado,017,186661,26536,26478,3167,29645,196
2022-03-06,Fresno,019,978130,233794,227514,24158,251672,2653
2022-03-06,Glenn,021,27897,4968,4939,1592,6531,43
2022-03-06,Humboldt,023,135768,16746,16813,2890,19703,137
2022-03-06,Imperial,025,180216,55180,54719,10471,65190,890
2022-03-06,Inyo,027,18085,4054,4053,465,4518,56
2022-03-06,Kern,029,883053,191026,190088,45559,235647,2152
2022-03-06,Kings,031,150075,51100,51050,3493,54543,432
2022-03-06,Lake,033,64148,10602,10539,873,11412,130
2022-03-06,Lassen,035,31185,8926,8887,870,9757,62
2022-03-06,Los Angeles,037,10098052,2696762,2675456,121531,2796987,30759
2022-03-06,Madera,039,155013,37114,37135,5977,43112,354
2022-03-06,Marin,041,260295,24543,32879,2147,35026,272
2022-03-06,Mariposa,043,17540,2372,2365,197,2562,6
2022-03-06,Mendocino,045,87422,12951,12923,2967,15890,116
2022-03-06,Merced,047,269075,63003,61722,8751,70473,791
2022-03-06,Modoc,049,8938,727,729,247,976,7
2022-03-06,Mono,051,14174,2961,2959,120,3079,5
2022-03-06,Monterey,053,433212,78839,78154,13201,91355,706
2022-03-06,Napa,055,140530,25522,25457,918,26375,136
2022-03-06,Nevada,057,99092,15837,15924,1176,17100,122
2022-03-06,Orange,059,3164182,544676,541903,41168,583071,6688
2022-03-06,Placer,061,380077,62362,62185,7281,69466,591
2022-03-06,Plumas,063,18699,2953,2704,358,3062,13
2022-03-06,Riverside,065,2383286,588998,587388,27549,614937,6279
2022-03-06,Sacramento,067,1510023,279133,273935,26616,300551,2869
2022-03-06,San Benito,069,59416,12879,12835,507,13342,94
2022-03-06,San Bernardino,071,2135413,572091,558139,24730,582869,6701
2022-03-06,San Diego,073,3302833,745260,742287,51779,794066,5068
2022-03-06,San Francisco,075,870044,122517,123742,8052,131794,806
2022-03-06,San Joaquin,077,732212,165849,165252,9802,175054,2091
2022-03-06,San Luis Obispo,079,281455,52030,51828,3683,55511,448
2022-03-06,San Mateo,081,765935,120285,118916,6798,125714,630
2022-03-06,Santa Barbara,083,443738,85170,85317,4650,89967,659
2022-03-06,Santa Clara,085,1922200,311165,308250,12133,320383,2201
2022-03-06,Santa Cruz,087,273765,47144,46755,2057,48812,254
2022-03-06,Shasta,089,179085,30354,30332,6031,36363,493
2022-03-06,Sierra,091,2930,271,273,47,320,4
2022-03-06,Siskiyou,093,43540,4404,4398,2703,7101,74
2022-03-06,Solano,095,438530,80832,80833,5489,86322,435
2022-03-06,Sonoma,097,501317,82714,82458,2544,85002,473
2022-03-06,Stanislaus,099,539301,117014,117680,17709,135389,1536
2022-03-06,Sutter,101,95872,20352,20390,2017,22407,217
2022-03-06,Tehama,103,63373,11993,11963,2560,14523,158
2022-03-06,Trinity,105,12862,1179,1172,286,1458,20
2022-03-06,Tulare,107,460477,105928,103794,27388,131182,1316
2022-03-06,Tuolumne,109,53932,12624,12379,552,12931,179
2022-03-06,Ventura,111,848112,172054,171819,9309,181128,1436
2022-03-06,Yolo,113,214977,36694,35882,2853,38735,306
2022-03-06,Yuba,115,75493,15716,15694,1171,16865,115
2022-03-05,Alameda,001,1643700,253406,251988,13519,265507,1760
2022-03-05,Alpine,002,1148,122,125,1,126,0
2022-03-05,Amador,005,37829,8451,8344,635,8979,83
2022-03-05,Butte,007,227075,32935,32663,6957,39620,372
2022-03-05,Calaveras,009,45235,7211,7236,342,7578,116
2022-03-05,Colusa,011,21464,3435,3433,1043,4476,21
2022-03-05,Contra Costa,013,1133247,190337,185734,13156,198890,1235
2022-03-05,Del Norte,015,27424,5720,5725,177,5902,48
2022-03-05,El Dorado,017,186661,26530,26446,3164,29610,193
2022-03-05,Fresno,019,978130,233742,227154,24157,251311,2640
2022-03-05,Glenn,021,27897,4964,4927,1592,6519,43
2022-03-05,Humboldt,023,135768,16740,16781,2888,19669,136
2022-03-05,Imperial,025,180216,55170,54650,10469,65119,880
2022-03-05,Inyo,027,18085,4053,4043,464,4507,56
2022-03-05,Kern,029,883053,190993,189817,45541,235358,2141
2022-03-05,Kings,031,150075,51093,50926,3492,54418,431
2022-03-05,Lake,033,64148,10594,10512,872,11384,130
2022-03-05,Lassen,035,31185,8917,8818,870,9688,62
2022-03-05,Los Angeles,037,10098052,2696398,2671564,121495,2793059,30608
2022-03-05,Madera,039,155013,37099,37100,5977,43077,354
2022-03-05,Marin,041,260295,24531,32829,2147,34976,272
2022-03-05,Mariposa,043,17540,2372,2363,197,2560,6
2022-03-05,Mendocino,045,87422,12948,12845,2967,15812,113
2022-03-05,Merced,047,269075,62992,61653,8751,70404,789
2022-03-05,Modoc,049,8938,727,729,247,976,7
2022-03-05,Mono,051,14174,2961,2961,120,3081,5
2022-03-05,Monterey,053,433212,78820,78028,13194,91222,704
2022-03-05,Napa,055,140530,25503,25405,918,26323,134
2022-03-05,Nevada,057,99092,15833,15907,1176,17083,122
2022-03-05,Orange,059,3164182,544551,541463,41156,582619,6638
2022-03-05,Placer,061,380077,62347,62117,7274,69391,591
2022-03-05,Plumas,063,18699,2952,2701,358,3059,13
2022-03-05,Riverside,065,2383286,588907,586785,27545,614330,6239
2022-03-05,Sacramento,067,1510023,279069,273487,26610,300097,2847
2022-03-05,San Benito,069,59416,12877,12820,507,13327,94
2022-03-05,San Bernardino,071,2135413,572033,557421,24724,582145,6641
2022-03-05,San Diego,073,3302833,745072,740747,51768,792515,5045
2022-03-05,San Francisco,075,870044,122447,123537,8049,131586,798
2022-03-05,San Joaquin,077,732212,165809,165085,9794,174879,2069
2022-03-05,San Luis Obispo,079,281455,52022,51739,3682,55421,446
2022-03-05,San Mateo,081,765935,120230,118646,6794,125440,621
2022-03-05,Santa Barbara,083,443738,85155,85249,4650,89899,655
2022-03-05,Santa Clara,085,1922200,311048,307689,12130,319819,2195
2022-03-05,Santa Cruz,087,273765,47124,46622,2057,48679,253
2022-03-05,Shasta,089,179085,30342,30282,6031,36313,492
2022-03-05,Sierra,091,2930,271,273,46,319,4
2022-03-05,Siskiyou,093,43540,4403,4389,2702,7091,74
2022-03-05,Solano,095,438530,80815,80690,5489,86179,435
2022-03-05,Sonoma,097,501317,82692,82313,2544,84857,473
2022-03-05,Stanislaus,099,539301,116988,117501,17707,135208,1531
2022-03-05,Sutter,101,95872,20344,20346,2017,22363,217
2022-03-05,Tehama,103,63373,11990,11939,2560,14499,158
2022-03-05,Trinity,105,12862,1179,1170,284,1454,20
2022-03-05,Tulare,107,460477,105914,103534,27379,130913,1305
2022-03-05,Tuolumne,109,53932,12620,12325,551,12876,178
2022-03-05,Ventura,111,848112,172013,171666,9307,180973,1436
2022-03-05,Yolo,113,214977,36680,35856,2853,38709,306
2022-03-05,Yuba,115,75493,15708,15666,1171,16837,115
2022-03-04,Alameda,001,1643700,253311,251988,13511,265499,1760
2022-03-04,Alpine,002,1148,122,125,1,126,0
2022-03-04,Amador,005,37829,8450,8344,635,8979,83
2022-03-04,Butte,007,227075,32929,32663,6952,39615,372
2022-03-04,Calaveras,009,45235,7210,7236,342,7578,116
2022-03-04,Colusa,011,21464,3433,3433,1043,4476,21
2022-03-04,Contra Costa,013,1133247,190269,185734,13153,198887,1235
2022-03-04,Del Norte,015,27424,5710,5725,177,5902,48
2022-03-04,El Dorado,017,186661,26526,26446,3164,29610,193
2022-03-04,Fresno,019,978130,233680,227154,24149,251303,2640
2022-03-04,Glenn,021,27897,4963,4927,1592,6519,43
2022-03-04,Humboldt,023,135768,16736,16781,2888,19669,136
2022-03-04,Imperial,025,180216,55163,54650,10465,65115,880
2022-03-04,Inyo,027,18085,4053,4043,464,4507,56
2022-03-04,Kern,029,883053,190951,189817,45531,235348,2141
2022-03-04,Kings,031,150075,51080,50926,3492,54418,431
2022-03-04,Lake,033,64148,10593,10512,872,11384,130
2022-03-04,Lassen,035,31185,8915,8818,870,9688,62
2022-03-04,Los Angeles,037,10098052,2695868,2671564,121465,2793029,30608
2022-03-04,Madera,039,155013,37090,37100,5977,43077,354
2022-03-04,Marin,041,260295,24509,32829,2145,34974,272
2022-03-04,Mariposa,043,17540,2367,2363,197,2560,6
2022-03-04,Mendocino,045,87422,12942,12845,2967,15812,113
2022-03-04,Merced,047,269075,62982,61653,8749,70402,789
2022-03-04,Modoc,049,8938,727,729,247,976,7
2022-03-04,Mono,051,14174,2961,2961,120,3081,5
2022-03-04,Monterey,053,433212,78800,78028,13188,91216,704
2022-03-04,Napa,055,140530,25488,25405,917,26322,134
2022-03-04,Nevada,057,99092,15828,15907,1176,17083,122
2022-03-04,Orange,059,3164182,544432,541463,41138,582601,6638
2022-03-04,Placer,061,380077,62335,62117,7271,69388,591
2022-03-04,Plumas,063,18699,2952,2701,357,3058,13
2022-03-04,Riverside,065,2383286,588820,586785,27544,614329,6239
2022-03-04,Sacramento,067,1510023,278995,273487,26605,300092,2847
2022-03-04,San Benito,069,59416,12873,12820,507,13327,94
2022-03-04,San Bernardino,071,2135413,571951,557421,24723,582144,6641
2022-03-04,San Diego,073,3302833,744834,740747,51750,792497,5045
2022-03-04,San Francisco,075,870044,122381,123537,8042,131579,798
2022-03-04,San Joaquin,077,732212,165777,165085,9793,174878,2069
2022-03-04,San Luis Obispo,079,281455,52013,51739,3681,55420,446
2022-03-04,San Mateo,081,765935,120172,118646,6792,125438,621
2022-03-04,Santa Barbara,083,443738,85132,85249,4650,89899,655
2022-03-04,Santa Clara,085,1922200,310897,307689,12128,319817,2195
2022-03-04,Santa Cruz,087,273765,47101,46622,2057,48679,253
2022-03-04,Shasta,089,179085,30334,30282,6028,36310,492
2022-03-04,Sierra,091,2930,271,273,46,319,4
2022-03-04,Siskiyou,093,43540,4402,4389,2698,7087,74
2022-03-04,Solano,095,438530,80782,80690,5486,86176,435
2022-03-04,Sonoma,097,501317,82661,82313,2543,84856,473
2022-03-04,Stanislaus,099,539301,116969,117501,17705,135206,1531
2022-03-04,Sutter,101,95872,20340,20346,2017,22363,217
2022-03-04,Tehama,103,63373,11987,11939,2560,14499,158
2022-03-04,Trinity,105,12862,1179,1170,284,1454,20
2022-03-04,Tulare,107,460477,105895,103534,27374,130908,1305
2022-03-04,Tuolumne,109,53932,12615,12325,551,12876,178
2022-03-04,Ventura,111,848112,171965,171666,9304,180970,1436
2022-03-04,Yolo,113,214977,36663,35856,2853,38709,306
2022-03-04,Yuba,115,75493,15703,15666,1170,16836,115
2022-03-03,Alameda,001,1643700,253193,251988,13499,265487,1760
2022-03-03,Alpine,002,1148,122,125,1,126,0
2022-03-03,Amador,005,37829,8449,8344,635,8979,83
2022-03-03,Butte,007,227075,32912,32663,6945,39608,372
2022-03-03,Calaveras,009,45235,7198,7236,342,7578,116
2022-03-03,Colusa,011,21464,3433,3433,1043,4476,21
2022-03-03,Contra Costa,013,1133247,190195,185734,13138,198872,1235
2022-03-03,Del Norte,015,27424,5703,5725,177,5902,48
2022-03-03,El Dorado,017,186661,26507,26446,3163,29609,193
2022-03-03,Fresno,019,978130,233551,227154,24142,251296,2640
2022-03-03,Glenn,021,27897,4960,4927,1591,6518,43
2022-03-03,Humboldt,023,135768,16721,16781,2887,19668,136
2022-03-03,Imperial,025,180216,55146,54650,10463,65113,880
2022-03-03,Inyo,027,18085,4052,4043,464,4507,56
2022-03-03,Kern,029,883053,190883,189817,45513,235330,2141
2022-03-03,Kings,031,150075,51057,50926,3490,54416,431
2022-03-03,Lake,033,64148,10588,10512,870,11382,130
2022-03-03,Lassen,035,31185,8907,8818,870,9688,62
2022-03-03,Los Angeles,037,10098052,2695143,2671564,121423,2792987,30608
2022-03-03,Madera,039,155013,37074,37100,5972,43072,354
2022-03-03,Marin,041,260295,24483,32829,2144,34973,272
2022-03-03,Mariposa,043,17540,2366,2363,197,2560,6
2022-03-03,Mendocino,045,87422,12931,12845,2965,15810,113
2022-03-03,Merced,047,269075,62962,61653,8743,70396,789
2022-03-03,Modoc,049,8938,727,729,247,976,7
2022-03-03,Mono,051,14174,2960,2961,120,3081,5
2022-03-03,Monterey,053,433212,78771,78028,13171,91199,704
2022-03-03,Napa,055,140530,25464,25405,916,26321,134
2022-03-03,Nevada,057,99092,15823,15907,1171,17078,122
2022-03-03,Orange,059,3164182,544252,541463,41111,582574,6638
2022-03-03,Placer,061,380077,62314,62117,7267,69384,591
2022-03-03,Plumas,063,18699,2951,2701,357,3058,13
2022-03-03,Riverside,065,2383286,588687,586785,27539,614324,6239
2022-03-03,Sacramento,067,1510023,278882,273487,26588,300075,2847
2022-03-03,San Benito,069,59416,12869,12820,507,13327,94
2022-03-03,San Bernardino,071,2135413,571850,557421,24717,582138,6641
2022-03-03,San Diego,073,3302833,744490,740747,51732,792479,5045
2022-03-03,San Francisco,075,870044,122307,123537,8031,131568,798
2022-03-03,San Joaquin,077,732212,165703,165085,9790,174875,2069
2022-03-03,San Luis Obispo,079,281455,51958,51739,3673,55412,446
2022-03-03,San Mateo,081,765935,120096,118646,6783,125429,621
2022-03-03,Santa Barbara,083,443738,85113,85249,4641,89890,655
2022-03-03,Santa Clara,085,1922200,310715,307689,12114,319803,2195
2022-03-03,Santa Cruz,087,273765,47051,46622,2055,48677,253
2022-03-03,Shasta,089,179085,30316,30282,6026,36308,492
2022-03-03,Sierra,091,2930,271,273,46,319,4
2022-03-03,Siskiyou,093,43540,4400,4389,2698,7087,74
2022-03-03,Solano,095,438530,80734,80690,5484,86174,435
2022-03-03,Sonoma,097,501317,82611,82313,2539,84852,473
2022-03-03,Stanislaus,099,539301,116936,117501,17697,135198,1531
2022-03-03,Sutter,101,95872,20332,20346,2017,22363,217
2022-03-03,Tehama,103,63373,11984,11939,2560,14499,158
2022-03-03,Trinity,105,12862,1178,1170,284,1454,20
2022-03-03,Tulare,107,460477,105852,103534,27366,130900,1305
2022-03-03,Tuolumne,109,53932,12604,12325,551,12876,178
2022-03-03,Ventura,111,848112,171913,171666,9302,180968,1436
2022-03-03,Yolo,113,214977,36639,35856,2848,38704,306
2022-03-03,Yuba,115,75493,15697,15666,1165,16831,115
2022-03-02,Alameda,001,1643700,253016,251886,13482,265368,1759
2022-03-02,Alpine,002,1148,122,125,1,126,0
2022-03-02,Amador,005,37829,8436,8341,635,8976,83
2022-03-02,Butte,007,227075,32900,32636,6941,39577,372
2022-03-02,Calaveras,009,45235,7197,7225,342,7567,116
2022-03-02,Colusa,011,21464,3430,3428,1043,4471,21
2022-03-02,Contra Costa,013,1133247,190101,185589,13120,198709,1236
2022-03-02,Del Norte,015,27424,5696,5708,175,5883,47
2022-03-02,El Dorado,017,186661,26495,26433,3160,29593,192
2022-03-02,Fresno,019,978130,233418,226932,24132,251064,2629
2022-03-02,Glenn,021,27897,4959,4922,1590,6512,43
2022-03-02,Humboldt,023,135768,16711,16747,2880,19627,135
2022-03-02,Imperial,025,180216,55120,54629,10458,65087,878
2022-03-02,Inyo,027,18085,4050,4041,463,4504,56
2022-03-02,Kern,029,883053,190815,189656,45494,235150,2136
2022-03-02,Kings,031,150075,51031,50819,3487,54306,431
2022-03-02,Lake,033,64148,10575,10495,868,11363,130
2022-03-02,Lassen,035,31185,8904,8811,869,9680,62
2022-03-02,Los Angeles,037,10098052,2694265,2670287,121376,2791663,30535
2022-03-02,Madera,039,155013,37057,37077,5970,43047,354
2022-03-02,Marin,041,260295,24466,32794,2143,34937,272
2022-03-02,Mariposa,043,17540,2366,2359,197,2556,6
2022-03-02,Mendocino,045,87422,12918,12832,2960,15792,112
2022-03-02,Merced,047,269075,62937,61606,8734,70340,785
2022-03-02,Modoc,049,8938,727,729,247,976,7
2022-03-02,Mono,051,14174,2960,2961,120,3081,5
2022-03-02,Monterey,053,433212,78734,77963,13148,91111,703
2022-03-02,Napa,055,140530,25415,25382,915,26297,134
2022-03-02,Nevada,057,99092,15812,15920,1170,17090,122
2022-03-02,Orange,059,3164182,544047,541230,41084,582314,6623
2022-03-02,Placer,061,380077,62291,62066,7264,69330,589
2022-03-02,Plumas,063,18699,2951,2700,357,3057,13
2022-03-02,Riverside,065,2383286,588537,586513,27529,614042,6229
2022-03-02,Sacramento,067,1510023,278765,273291,26577,299868,2837
2022-03-02,San Benito,069,59416,12858,12814,507,13321,94
2022-03-02,San Bernardino,071,2135413,571740,557082,24711,581793,6619
2022-03-02,San Diego,073,3302833,744130,739803,51684,791487,5034
2022-03-02,San Francisco,075,870044,122213,123442,8029,131471,792
2022-03-02,San Joaquin,077,732212,165643,164968,9785,174753,2063
2022-03-02,San Luis Obispo,079,281455,51920,51686,3668,55354,446
2022-03-02,San Mateo,081,765935,120009,118518,6767,125285,617
2022-03-02,Santa Barbara,083,443738,85088,85183,4640,89823,655
2022-03-02,Santa Clara,085,1922200,310501,307354,12101,319455,2184
2022-03-02,Santa Cruz,087,273765,46980,46534,2054,48588,253
2022-03-02,Shasta,089,179085,30291,30253,6016,36269,490
2022-03-02,Sierra,091,2930,271,273,46,319,4
2022-03-02,Siskiyou,093,43540,4399,4384,2695,7079,74
2022-03-02,Solano,095,438530,80669,80626,5481,86107,433
2022-03-02,Sonoma,097,501317,82565,82208,2535,84743,473
2022-03-02,Stanislaus,099,539301,116900,117411,17672,135083,1519
2022-03-02,Sutter,101,95872,20310,20317,2000,22317,216
2022-03-02,Tehama,103,63373,11980,11930,2559,14489,158
2022-03-02,Trinity,105,12862,1176,1160,284,1444,20
2022-03-02,Tulare,107,460477,105812,103451,27351,130802,1302
2022-03-02,Tuolumne,109,53932,12599,12297,551,12848,179
2022-03-02,Ventura,111,848112,171860,171770,9299,181069,1427
2022-03-02,Yolo,113,214977,36621,35799,2843,38642,305
2022-03-02,Yuba,115,75493,15684,15653,1160,16813,115
2022-03-01,Alameda,001,1643700,252846,251830,13470,265300,1749
2022-03-01,Alpine,002,1148,122,125,1,126,0
2022-03-01,Amador,005,37829,8388,8334,633,8967,83
2022-03-01,Butte,007,227075,32876,32575,6936,39511,372
2022-03-01,Calaveras,009,45235,7194,7223,341,7564,116
2022-03-01,Colusa,011,21464,3429,3423,1043,4466,21
2022-03-01,Contra Costa,013,1133247,189992,185378,13105,198483,1231
2022-03-01,Del Norte,015,27424,5693,5701,174,5875,45
2022-03-01,El Dorado,017,186661,26476,26413,3157,29570,192
2022-03-01,Fresno,019,978130,233277,226594,24118,250712,2628
2022-03-01,Glenn,021,27897,4957,4919,1588,6507,40
2022-03-01,Humboldt,023,135768,16690,16727,2873,19600,135
2022-03-01,Imperial,025,180216,55103,54570,10452,65022,875
2022-03-01,Inyo,027,18085,4046,4041,462,4503,56
2022-03-01,Kern,029,883053,190741,189365,45470,234835,2120
2022-03-01,Kings,031,150075,51009,50763,3483,54246,427
2022-03-01,Lake,033,64148,10564,10471,866,11337,128
2022-03-01,Lassen,035,31185,8900,8801,869,9670,61
2022-03-01,Los Angeles,037,10098052,2693315,2669489,121319,2790808,30486
2022-03-01,Madera,039,155013,37037,37046,5964,43010,354
2022-03-01,Marin,041,260295,24440,32764,2142,34906,272
2022-03-01,Mariposa,043,17540,2365,2357,196,2553,6
2022-03-01,Mendocino,045,87422,12907,12818,2958,15776,112
2022-03-01,Merced,047,269075,62906,61549,8720,70269,781
2022-03-01,Modoc,049,8938,727,729,247,976,7
2022-03-01,Mono,051,14174,2959,2960,120,3080,6
2022-03-01,Monterey,053,433212,78709,77911,13138,91049,696
2022-03-01,Napa,055,140530,25384,25344,915,26259,134
2022-03-01,Nevada,057,99092,15804,15916,1167,17083,121
2022-03-01,Orange,059,3164182,543831,541054,41049,582103,6612
2022-03-01,Placer,061,380077,62261,62021,7259,69280,583
2022-03-01,Plumas,063,18699,2951,2694,357,3051,13
2022-03-01,Riverside,065,2383286,588373,586184,27528,613712,6198
2022-03-01,Sacramento,067,1510023,278636,273089,26560,299649,2831
2022-03-01,San Benito,069,59416,12854,12806,507,13313,94
2022-03-01,San Bernardino,071,2135413,571606,556743,24709,581452,6588
2022-03-01,San Diego,073,3302833,743706,739136,51642,790778,5029
2022-03-01,San Francisco,075,870044,122110,123481,8023,131504,792
2022-03-01,San Joaquin,077,732212,165576,164894,9781,174675,2062
2022-03-01,San Luis Obispo,079,281455,51884,51592,3664,55256,445
2022-03-01,San Mateo,081,765935,119937,118358,6760,125118,613
2022-03-01,Santa Barbara,083,443738,85052,85134,4636,89770,654
2022-03-01,Santa Clara,085,1922200,310246,306978,12089,319067,2190
2022-03-01,Santa Cruz,087,273765,46930,46471,2051,48522,253
2022-03-01,Shasta,089,179085,30262,30227,6013,36240,489
2022-03-01,Sierra,091,2930,271,274,46,320,5
2022-03-01,Siskiyou,093,43540,4397,4384,2693,7077,74
2022-03-01,Solano,095,438530,80606,80556,5478,86034,434
2022-03-01,Sonoma,097,501317,82496,82103,2529,84632,477
2022-03-01,Stanislaus,099,539301,116848,117308,17647,134955,1521
2022-03-01,Sutter,101,95872,20296,20288,1996,22284,217
2022-03-01,Tehama,103,63373,11974,11923,2556,14479,158
2022-03-01,Trinity,105,12862,1175,1159,284,1443,20
2022-03-01,Tulare,107,460477,105730,103371,27331,130702,1302
2022-03-01,Tuolumne,109,53932,12592,12276,549,12825,175
2022-03-01,Ventura,111,848112,171790,171672,9292,180964,1427
2022-03-01,Yolo,113,214977,36596,35801,2837,38638,299
2022-03-01,Yuba,115,75493,15676,15637,1160,16797,116
2022-02-28,Alameda,001,1643700,252623,251714,13456,265170,1742
2022-02-28,Alpine,002,1148,122,125,1,126,0
2022-02-28,Amador,005,37829,8382,8308,632,8940,83
2022-02-28,Butte,007,227075,32857,32550,6930,39480,368
2022-02-28,Calaveras,009,45235,7191,7220,340,7560,110
2022-02-28,Colusa,011,21464,3428,3422,1041,4463,21
2022-02-28,Contra Costa,013,1133247,189887,185272,13086,198358,1231
2022-02-28,Del Norte,015,27424,5688,5699,173,5872,45
2022-02-28,El Dorado,017,186661,26466,26409,3152,29561,191
2022-02-28,Fresno,019,978130,233076,226519,24097,250616,2622
2022-02-28,Glenn,021,27897,4953,4918,1588,6506,40
2022-02-28,Humboldt,023,135768,16675,16717,2869,19586,135
2022-02-28,Imperial,025,180216,55076,54517,10448,64965,875
2022-02-28,Inyo,027,18085,4046,4041,461,4502,56
2022-02-28,Kern,029,883053,190649,189245,45441,234686,2115
2022-02-28,Kings,031,150075,50969,50741,3482,54223,427
2022-02-28,Lake,033,64148,10552,10468,862,11330,128
2022-02-28,Lassen,035,31185,8843,8794,869,9663,55
2022-02-28,Los Angeles,037,10098052,2692150,2666804,121225,2788029,30410
2022-02-28,Madera,039,155013,37011,37023,5948,42971,354
2022-02-28,Marin,041,260295,24415,32775,2142,34917,272
2022-02-28,Mariposa,043,17540,2362,2354,194,2548,6
2022-02-28,Mendocino,045,87422,12898,12800,2950,15750,112
2022-02-28,Merced,047,269075,62862,61519,8703,70222,781
2022-02-28,Modoc,049,8938,727,727,247,974,7
2022-02-28,Mono,051,14174,2959,2961,120,3081,5
2022-02-28,Monterey,053,433212,78642,77865,13117,90982,693
2022-02-28,Napa,055,140530,25357,25317,915,26232,129
2022-02-28,Nevada,057,99092,15798,15908,1161,17069,121
2022-02-28,Orange,059,3164182,543576,540839,41034,581873,6605
2022-02-28,Placer,061,380077,62230,61976,7254,69230,577
2022-02-28,Plumas,063,18699,2951,2691,356,3047,13
2022-02-28,Riverside,065,2383286,588181,585891,27496,613387,6179
2022-02-28,Sacramento,067,1510023,278496,273038,26535,299573,2825
2022-02-28,San Benito,069,59416,12849,12798,507,13305,94
2022-02-28,San Bernardino,071,2135413,571422,556540,24695,581235,6576
2022-02-28,San Diego,073,3302833,743319,737760,51612,789372,5018
2022-02-28,San Francisco,075,870044,121950,123402,8017,131419,792
2022-02-28,San Joaquin,077,732212,165492,164833,9771,174604,2060
2022-02-28,San Luis Obispo,079,281455,51823,51565,3657,55222,440
2022-02-28,San Mateo,081,765935,119839,118301,6754,125055,611
2022-02-28,Santa Barbara,083,443738,85008,85076,4631,89707,653
2022-02-28,Santa Clara,085,1922200,309966,306930,12068,318998,2180
2022-02-28,Santa Cruz,087,273765,46861,46447,2051,48498,253
2022-02-28,Shasta,089,179085,30237,30213,6009,36222,488
2022-02-28,Sierra,091,2930,271,273,46,319,4
2022-02-28,Siskiyou,093,43540,4394,4382,2688,7070,74
2022-02-28,Solano,095,438530,80538,80544,5466,86010,430
2022-02-28,Sonoma,097,501317,82428,82058,2526,84584,477
2022-02-28,Stanislaus,099,539301,116784,117231,17630,134861,1521
2022-02-28,Sutter,101,95872,20283,20285,1993,22278,214
2022-02-28,Tehama,103,63373,11961,11917,2556,14473,158
2022-02-28,Trinity,105,12862,1175,1160,284,1444,20
2022-02-28,Tulare,107,460477,105682,103304,27315,130619,1300
2022-02-28,Tuolumne,109,53932,12582,12247,549,12796,175
2022-02-28,Ventura,111,848112,171706,171614,9291,180905,1423
2022-02-28,Yolo,113,214977,36560,35754,2830,38584,299
2022-02-28,Yuba,115,75493,15661,15625,1159,16784,115
2022-02-27,Alameda,001,1643700,252349,251624,13447,265071,1744
2022-02-27,Alpine,002,1148,122,125,1,126,0
2022-02-27,Amador,005,37829,8378,8305,629,8934,83
2022-02-27,Butte,007,227075,32821,32551,6917,39468,368
2022-02-27,Calaveras,009,45235,7183,7214,340,7554,110
2022-02-27,Colusa,011,21464,3426,3422,1041,4463,21
2022-02-27,Contra Costa,013,1133247,189758,185185,13066,198251,1230
2022-02-27,Del Norte,015,27424,5671,5691,171,5862,45
2022-02-27,El Dorado,017,186661,26449,26410,3150,29560,191
2022-02-27,Fresno,019,978130,232877,226397,24069,250466,2621
2022-02-27,Glenn,021,27897,4951,4915,1588,6503,40
2022-02-27,Humboldt,023,135768,16653,16713,2862,19575,135
2022-02-27,Imperial,025,180216,55028,54509,10431,64940,875
2022-02-27,Inyo,027,18085,4045,4041,457,4498,56
2022-02-27,Kern,029,883053,190532,189219,45402,234621,2115
2022-02-27,Kings,031,150075,50941,50733,3481,54214,428
2022-02-27,Lake,033,64148,10533,10463,862,11325,128
2022-02-27,Lassen,035,31185,8835,8786,869,9655,55
2022-02-27,Los Angeles,037,10098052,2690841,2666789,121144,2787933,30410
2022-02-27,Madera,039,155013,36985,37009,5940,42949,354
2022-02-27,Marin,041,260295,24377,32756,2140,34896,272
2022-02-27,Mariposa,043,17540,2359,2352,194,2546,6
2022-02-27,Mendocino,045,87422,12881,12798,2937,15735,112
2022-02-27,Merced,047,269075,62809,61491,8685,70176,779
2022-02-27,Modoc,049,8938,726,727,247,974,7
2022-02-27,Mono,051,14174,2958,2960,120,3080,5
2022-02-27,Monterey,053,433212,78584,77851,13093,90944,693
2022-02-27,Napa,055,140530,25320,25316,915,26231,129
2022-02-27,Nevada,057,99092,15790,15900,1157,17057,121
2022-02-27,Orange,059,3164182,543329,540659,41004,581663,6605
2022-02-27,Placer,061,380077,62189,61965,7250,69215,577
2022-02-27,Plumas,063,18699,2948,2691,356,3047,13
2022-02-27,Riverside,065,2383286,587939,585833,27472,613305,6179
2022-02-27,Sacramento,067,1510023,278307,272927,26506,299433,2822
2022-02-27,San Benito,069,59416,12842,12798,507,13305,94
2022-02-27,San Bernardino,071,2135413,571238,556457,24685,581142,6572
2022-02-27,San Diego,073,3302833,742846,737760,51566,789326,5018
2022-02-27,San Francisco,075,870044,121826,123327,8006,131333,791
2022-02-27,San Joaquin,077,732212,165388,164814,9764,174578,2060
2022-02-27,San Luis Obispo,079,281455,51731,51564,3650,55214,439
2022-02-27,San Mateo,081,765935,119729,118244,6749,124993,611
2022-02-27,Santa Barbara,083,443738,84970,85050,4627,89677,653
2022-02-27,Santa Clara,085,1922200,309677,306756,12041,318797,2180
2022-02-27,Santa Cruz,087,273765,46800,46411,2051,48462,253
2022-02-27,Shasta,089,179085,30205,30206,6004,36210,488
2022-02-27,Sierra,091,2930,271,273,46,319,4
2022-02-27,Siskiyou,093,43540,4389,4378,2676,7054,74
2022-02-27,Solano,095,438530,80464,80515,5453,85968,430
2022-02-27,Sonoma,097,501317,82346,82041,2519,84560,476
2022-02-27,Stanislaus,099,539301,116718,117200,17610,134810,1522
2022-02-27,Sutter,101,95872,20266,20280,1987,22267,214
2022-02-27,Tehama,103,63373,11948,11915,2555,14470,158
2022-02-27,Trinity,105,12862,1174,1158,284,1442,20
2022-02-27,Tulare,107,460477,105613,103270,27268,130538,1300
2022-02-27,Tuolumne,109,53932,12569,12243,548,12791,175
2022-02-27,Ventura,111,848112,171631,171660,9287,180947,1423
2022-02-27,Yolo,113,214977,36533,35744,2825,38569,299
2022-02-27,Yuba,115,75493,15651,15619,1157,16776,113
2022-02-26,Alameda,001,1643700,252236,250867,13443,264310,1716
2022-02-26,Alpine,002,1148,122,125,1,126,0
2022-02-26,Amador,005,37829,8376,8282,628,8910,83
2022-02-26,Butte,007,227075,32807,32466,6914,39380,368
2022-02-26,Calaveras,009,45235,7182,7192,340,7532,110
2022-02-26,Colusa,011,21464,3426,3414,1041,4455,21
2022-02-26,Contra Costa,013,1133247,189690,184686,13048,197734,1209
2022-02-26,Del Norte,015,27424,5666,5639,171,5810,45
2022-02-26,El Dorado,017,186661,26438,26355,3147,29502,191
2022-02-26,Fresno,019,978130,232787,225679,24069,249748,2597
2022-02-26,Glenn,021,27897,4949,4909,1587,6496,40
2022-02-26,Humboldt,023,135768,16628,16619,2861,19480,133
2022-02-26,Imperial,025,180216,55001,54367,10429,64796,871
2022-02-26,Inyo,027,18085,4044,4034,452,4486,56
2022-02-26,Kern,029,883053,190479,188584,45383,233967,2106
2022-02-26,Kings,031,150075,50928,50579,3481,54060,423
2022-02-26,Lake,033,64148,10528,10383,862,11245,128
2022-02-26,Lassen,035,31185,8834,8761,869,9630,55
2022-02-26,Los Angeles,037,10098052,2690270,2660973,121104,2782077,30202
2022-02-26,Madera,039,155013,36970,36933,5938,42871,330
2022-02-26,Marin,041,260295,24361,32651,2138,34789,267
2022-02-26,Mariposa,043,17540,2358,2332,194,2526,6
2022-02-26,Mendocino,045,87422,12874,12762,2937,15699,111
2022-02-26,Merced,047,269075,62789,61348,8684,70032,775
2022-02-26,Modoc,049,8938,726,726,247,973,7
2022-02-26,Mono,051,14174,2958,2959,119,3078,5
2022-02-26,Monterey,053,433212,78552,77610,13087,90697,692
2022-02-26,Napa,055,140530,25305,25221,914,26135,130
2022-02-26,Nevada,057,99092,15786,15850,1155,17005,121
2022-02-26,Orange,059,3164182,543217,539992,40987,580979,6540
2022-02-26,Placer,061,380077,62170,61803,7247,69050,573
2022-02-26,Plumas,063,18699,2948,2673,356,3029,13
2022-02-26,Riverside,065,2383286,587817,584835,27463,612298,6143
2022-02-26,Sacramento,067,1510023,278210,272339,26495,298834,2793
2022-02-26,San Benito,069,59416,12838,12770,507,13277,92
2022-02-26,San Bernardino,071,2135413,571149,555668,24678,580346,6505
2022-02-26,San Diego,073,3302833,742623,736049,51542,787591,5002
2022-02-26,San Francisco,075,870044,121755,123079,7998,131077,769
2022-02-26,San Joaquin,077,732212,165355,164418,9763,174181,2048
2022-02-26,San Luis Obispo,079,281455,51719,51358,3648,55006,438
2022-02-26,San Mateo,081,765935,119675,117860,6748,124608,603
2022-02-26,Santa Barbara,083,443738,84939,84830,4627,89457,652
2022-02-26,Santa Clara,085,1922200,309528,305895,12037,317932,2166
2022-02-26,Santa Cruz,087,273765,46777,46186,2051,48237,251
2022-02-26,Shasta,089,179085,30196,30108,5998,36106,485
2022-02-26,Sierra,091,2930,271,270,46,316,1
2022-02-26,Siskiyou,093,43540,4389,4359,2674,7033,72
2022-02-26,Solano,095,438530,80429,80225,5449,85674,428
2022-02-26,Sonoma,097,501317,82312,81702,2517,84219,432
2022-02-26,Stanislaus,099,539301,116680,116896,17605,134501,1503
2022-02-26,Sutter,101,95872,20257,20230,1987,22217,214
2022-02-26,Tehama,103,63373,11942,11878,2553,14431,158
2022-02-26,Trinity,105,12862,1173,1156,284,1440,20
2022-02-26,Tulare,107,460477,105576,102983,27253,130236,1295
2022-02-26,Tuolumne,109,53932,12566,12169,548,12717,175
2022-02-26,Ventura,111,848112,171599,171292,9284,180576,1411
2022-02-26,Yolo,113,214977,36512,35615,2822,38437,296
2022-02-26,Yuba,115,75493,15639,15587,1157,16744,113
2022-02-25,Alameda,001,1643700,252112,250867,13434,264301,1716
2022-02-25,Alpine,002,1148,122,125,1,126,0
2022-02-25,Amador,005,37829,8365,8282,628,8910,83
2022-02-25,Butte,007,227075,32794,32466,6911,39377,368
2022-02-25,Calaveras,009,45235,7180,7192,340,7532,110
2022-02-25,Colusa,011,21464,3426,3414,1041,4455,21
2022-02-25,Contra Costa,013,1133247,189606,184686,13027,197713,1209
2022-02-25,Del Norte,015,27424,5657,5639,171,5810,45
2022-02-25,El Dorado,017,186661,26430,26355,3147,29502,191
2022-02-25,Fresno,019,978130,232691,225679,24062,249741,2597
2022-02-25,Glenn,021,27897,4947,4909,1587,6496,40
2022-02-25,Humboldt,023,135768,16617,16619,2861,19480,133
2022-02-25,Imperial,025,180216,54983,54367,10428,64795,871
2022-02-25,Inyo,027,18085,4043,4034,452,4486,56
2022-02-25,Kern,029,883053,190413,188584,45370,233954,2106
2022-02-25,Kings,031,150075,50914,50579,3479,54058,423
2022-02-25,Lake,033,64148,10510,10383,862,11245,128
2022-02-25,Lassen,035,31185,8831,8761,869,9630,55
2022-02-25,Los Angeles,037,10098052,2689682,2660973,121072,2782045,30202
2022-02-25,Madera,039,155013,36950,36933,5937,42870,330
2022-02-25,Marin,041,260295,24347,32651,2138,34789,267
2022-02-25,Mariposa,043,17540,2355,2332,194,2526,6
2022-02-25,Mendocino,045,87422,12872,12762,2937,15699,111
2022-02-25,Merced,047,269075,62759,61348,8679,70027,775
2022-02-25,Modoc,049,8938,726,726,247,973,7
2022-02-25,Mono,051,14174,2957,2959,119,3078,5
2022-02-25,Monterey,053,433212,78524,77610,13081,90691,692
2022-02-25,Napa,055,140530,25296,25221,914,26135,130
2022-02-25,Nevada,057,99092,15775,15850,1152,17002,121
2022-02-25,Orange,059,3164182,543082,539992,40964,580956,6540
2022-02-25,Placer,061,380077,62155,61803,7242,69045,573
2022-02-25,Plumas,063,18699,2946,2673,356,3029,13
2022-02-25,Riverside,065,2383286,587665,584835,27451,612286,6143
2022-02-25,Sacramento,067,1510023,278108,272339,26490,298829,2793
2022-02-25,San Benito,069,59416,12836,12770,507,13277,92
2022-02-25,San Bernardino,071,2135413,571042,555668,24671,580339,6505
2022-02-25,San Diego,073,3302833,742341,736049,51523,787572,5002
2022-02-25,San Francisco,075,870044,121674,123079,7995,131074,769
2022-02-25,San Joaquin,077,732212,165315,164418,9758,174176,2048
2022-02-25,San Luis Obispo,079,281455,51715,51358,3639,54997,438
2022-02-25,San Mateo,081,765935,119613,117860,6744,124604,603
2022-02-25,Santa Barbara,083,443738,84903,84830,4627,89457,652
2022-02-25,Santa Clara,085,1922200,309342,305895,12034,317929,2166
2022-02-25,Santa Cruz,087,273765,46743,46186,2049,48235,251
2022-02-25,Shasta,089,179085,30187,30108,5996,36104,485
2022-02-25,Sierra,091,2930,271,270,46,316,1
2022-02-25,Siskiyou,093,43540,4389,4359,2673,7032,72
2022-02-25,Solano,095,438530,80400,80225,5448,85673,428
2022-02-25,Sonoma,097,501317,82261,81702,2515,84217,432
2022-02-25,Stanislaus,099,539301,116652,116896,17601,134497,1503
2022-02-25,Sutter,101,95872,20248,20230,1987,22217,214
2022-02-25,Tehama,103,63373,11940,11878,2553,14431,158
2022-02-25,Trinity,105,12862,1173,1156,284,1440,20
2022-02-25,Tulare,107,460477,105543,102983,27231,130214,1295
2022-02-25,Tuolumne,109,53932,12563,12169,548,12717,175
2022-02-25,Ventura,111,848112,171548,171292,9283,180575,1411
2022-02-25,Yolo,113,214977,36497,35615,2822,38437,296
2022-02-25,Yuba,115,75493,15632,15587,1157,16744,113
2022-02-24,Alameda,001,1643700,251904,250867,13425,264292,1716
2022-02-24,Alpine,002,1148,122,125,1,126,0
2022-02-24,Amador,005,37829,8360,8282,627,8909,83
2022-02-24,Butte,007,227075,32773,32466,6907,39373,368
2022-02-24,Calaveras,009,45235,7178,7192,338,7530,110
2022-02-24,Colusa,011,21464,3425,3414,1040,4454,21
2022-02-24,Contra Costa,013,1133247,189476,184686,13018,197704,1209
2022-02-24,Del Norte,015,27424,5642,5639,170,5809,45
2022-02-24,El Dorado,017,186661,26414,26355,3147,29502,191
2022-02-24,Fresno,019,978130,232497,225679,24047,249726,2597
2022-02-24,Glenn,021,27897,4945,4909,1586,6495,40
2022-02-24,Humboldt,023,135768,16601,16619,2860,19479,133
2022-02-24,Imperial,025,180216,54943,54367,10419,64786,871
2022-02-24,Inyo,027,18085,4042,4034,451,4485,56
2022-02-24,Kern,029,883053,190273,188584,45337,233921,2106
2022-02-24,Kings,031,150075,50884,50579,3474,54053,423
2022-02-24,Lake,033,64148,10493,10383,862,11245,128
2022-02-24,Lassen,035,31185,8827,8761,868,9629,55
2022-02-24,Los Angeles,037,10098052,2688525,2660973,121017,2781990,30202
2022-02-24,Madera,039,155013,36924,36933,5935,42868,330
2022-02-24,Marin,041,260295,24327,32651,2137,34788,267
2022-02-24,Mariposa,043,17540,2349,2332,193,2525,6
2022-02-24,Mendocino,045,87422,12865,12762,2933,15695,111
2022-02-24,Merced,047,269075,62729,61348,8670,70018,775
2022-02-24,Modoc,049,8938,725,726,247,973,7
2022-02-24,Mono,051,14174,2956,2959,119,3078,5
2022-02-24,Monterey,053,433212,78472,77610,13073,90683,692
2022-02-24,Napa,055,140530,25256,25221,910,26131,130
2022-02-24,Nevada,057,99092,15761,15850,1152,17002,121
2022-02-24,Orange,059,3164182,542831,539992,40928,580920,6540
2022-02-24,Placer,061,380077,62118,61803,7240,69043,573
2022-02-24,Plumas,063,18699,2941,2673,355,3028,13
2022-02-24,Riverside,065,2383286,587414,584835,27425,612260,6143
2022-02-24,Sacramento,067,1510023,277934,272339,26474,298813,2793
2022-02-24,San Benito,069,59416,12825,12770,507,13277,92
2022-02-24,San Bernardino,071,2135413,570849,555668,24659,580327,6505
2022-02-24,San Diego,073,3302833,741927,736049,51476,787525,5002
2022-02-24,San Francisco,075,870044,121550,123079,7988,131067,769
2022-02-24,San Joaquin,077,732212,165187,164418,9754,174172,2048
2022-02-24,San Luis Obispo,079,281455,51669,51358,3637,54995,438
2022-02-24,San Mateo,081,765935,119520,117860,6738,124598,603
2022-02-24,Santa Barbara,083,443738,84839,84830,4626,89456,652
2022-02-24,Santa Clara,085,1922200,309107,305895,12021,317916,2166
2022-02-24,Santa Cruz,087,273765,46662,46186,2047,48233,251
2022-02-24,Shasta,089,179085,30168,30108,5990,36098,485
2022-02-24,Sierra,091,2930,271,270,46,316,1
2022-02-24,Siskiyou,093,43540,4386,4359,2670,7029,72
2022-02-24,Solano,095,438530,80321,80225,5444,85669,428
2022-02-24,Sonoma,097,501317,82207,81702,2510,84212,432
2022-02-24,Stanislaus,099,539301,116577,116896,17588,134484,1503
2022-02-24,Sutter,101,95872,20234,20230,1971,22201,214
2022-02-24,Tehama,103,63373,11934,11878,2552,14430,158
2022-02-24,Trinity,105,12862,1171,1156,284,1440,20
2022-02-24,Tulare,107,460477,105487,102983,27203,130186,1295
2022-02-24,Tuolumne,109,53932,12552,12169,546,12715,175
2022-02-24,Ventura,111,848112,171470,171292,9280,180572,1411
2022-02-24,Yolo,113,214977,36471,35615,2820,38435,296
2022-02-24,Yuba,115,75493,15618,15587,1157,16744,113
2022-02-23,Alameda,001,1643700,251679,247686,13411,261097,1713
2022-02-23,Alpine,002,1148,122,125,1,126,0
2022-02-23,Amador,005,37829,8342,8274,627,8901,79
2022-02-23,Butte,007,227075,32746,32417,6904,39321,367
2022-02-23,Calaveras,009,45235,7168,7182,337,7519,107
2022-02-23,Colusa,011,21464,3421,3411,1040,4451,21
2022-02-23,Contra Costa,013,1133247,189334,184013,13005,197018,1209
2022-02-23,Del Norte,015,27424,5631,5625,169,5794,45
2022-02-23,El Dorado,017,186661,26398,26317,3143,29460,189
2022-02-23,Fresno,019,978130,232310,225308,24024,249332,2596
2022-02-23,Glenn,021,27897,4941,4909,1584,6493,40
2022-02-23,Humboldt,023,135768,16585,16601,2857,19458,132
2022-02-23,Imperial,025,180216,54904,54292,10406,64698,871
2022-02-23,Inyo,027,18085,4041,4031,448,4479,54
2022-02-23,Kern,029,883053,190170,188432,45290,233722,2106
2022-02-23,Kings,031,150075,50851,50416,3473,53889,423
2022-02-23,Lake,033,64148,10475,10368,861,11229,126
2022-02-23,Lassen,035,31185,8811,8749,868,9617,55
2022-02-23,Los Angeles,037,10098052,2687164,2659569,120975,2780544,30167
2022-02-23,Madera,039,155013,36893,36876,5925,42801,330
2022-02-23,Marin,041,260295,24304,32625,2136,34761,267
2022-02-23,Mariposa,043,17540,2344,2325,192,2517,6
2022-02-23,Mendocino,045,87422,12855,12747,2929,15676,111
2022-02-23,Merced,047,269075,62697,61295,8664,69959,772
2022-02-23,Modoc,049,8938,725,723,246,969,7
2022-02-23,Mono,051,14174,2955,2960,119,3079,5
2022-02-23,Monterey,053,433212,78434,77472,13050,90522,691
2022-02-23,Napa,055,140530,25231,25185,905,26090,128
2022-02-23,Nevada,057,99092,15754,15825,1149,16974,121
2022-02-23,Orange,059,3164182,542524,539631,40906,580537,6520
2022-02-23,Placer,061,380077,62071,61758,7233,68991,573
2022-02-23,Plumas,063,18699,2937,2663,355,3018,13
2022-02-23,Riverside,065,2383286,587123,584381,27389,611770,6119
2022-02-23,Sacramento,067,1510023,277775,272057,26451,298508,2796
2022-02-23,San Benito,069,59416,12818,12756,506,13262,92
2022-02-23,San Bernardino,071,2135413,570689,555238,24643,579881,6479
2022-02-23,San Diego,073,3302833,741423,735406,51427,786833,4988
2022-02-23,San Francisco,075,870044,121424,122127,7986,130113,769
2022-02-23,San Joaquin,077,732212,165095,164257,9748,174005,2042
2022-02-23,San Luis Obispo,079,281455,51621,51264,3635,54899,434
2022-02-23,San Mateo,081,765935,119429,117585,6729,124314,603
2022-02-23,Santa Barbara,083,443738,84778,84760,4622,89382,651
2022-02-23,Santa Clara,085,1922200,308850,305484,12012,317496,2157
2022-02-23,Santa Cruz,087,273765,46592,46059,2046,48105,251
2022-02-23,Shasta,089,179085,30140,30066,5987,36053,481
2022-02-23,Sierra,091,2930,271,270,46,316,1
2022-02-23,Siskiyou,093,43540,4383,4356,2668,7024,71
2022-02-23,Solano,095,438530,80232,80103,5442,85545,427
2022-02-23,Sonoma,097,501317,82153,81594,2508,84102,432
2022-02-23,Stanislaus,099,539301,116500,116789,17579,134368,1482
2022-02-23,Sutter,101,95872,20217,20194,1967,22161,213
2022-02-23,Tehama,103,63373,11924,11863,2552,14415,154
2022-02-23,Trinity,105,12862,1171,1156,284,1440,20
2022-02-23,Tulare,107,460477,105422,102812,27180,129992,1290
2022-02-23,Tuolumne,109,53932,12543,12158,545,12703,175
2022-02-23,Ventura,111,848112,171382,171163,9273,180436,1401
2022-02-23,Yolo,113,214977,36433,35590,2813,38403,296
2022-02-23,Yuba,115,75493,15615,15571,1155,16726,113
2022-02-22,Alameda,001,1643700,251431,247434,13400,260834,1706
2022-02-22,Alpine,002,1148,122,124,1,125,0
2022-02-22,Amador,005,37829,8332,8243,627,8870,79
2022-02-22,Butte,007,227075,32712,32359,6897,39256,366
2022-02-22,Calaveras,009,45235,7159,7178,337,7515,107
2022-02-22,Colusa,011,21464,3420,3402,1038,4440,21
2022-02-22,Contra Costa,013,1133247,189181,183812,12986,196798,1201
2022-02-22,Del Norte,015,27424,5622,5611,168,5779,45
2022-02-22,El Dorado,017,186661,26389,26289,3143,29432,189
2022-02-22,Fresno,019,978130,232084,225104,23998,249102,2592
2022-02-22,Glenn,021,27897,4940,4900,1583,6483,40
2022-02-22,Humboldt,023,135768,16561,16559,2853,19412,132
2022-02-22,Imperial,025,180216,54872,54227,10402,64629,864
2022-02-22,Inyo,027,18085,4039,4026,446,4472,54
2022-02-22,Kern,029,883053,190050,188237,45254,233491,2102
2022-02-22,Kings,031,150075,50789,50359,3471,53830,423
2022-02-22,Lake,033,64148,10464,10353,859,11212,126
2022-02-22,Lassen,035,31185,8807,8730,868,9598,55
2022-02-22,Los Angeles,037,10098052,2685705,2658230,120885,2779115,30129
2022-02-22,Madera,039,155013,36859,36833,5916,42749,330
2022-02-22,Marin,041,260295,24279,32591,2135,34726,267
2022-02-22,Mariposa,043,17540,2336,2322,192,2514,6
2022-02-22,Mendocino,045,87422,12841,12714,2919,15633,110
2022-02-22,Merced,047,269075,62636,61241,8657,69898,770
2022-02-22,Modoc,049,8938,722,720,246,966,6
2022-02-22,Mono,051,14174,2955,2961,119,3080,5
2022-02-22,Monterey,053,433212,78380,77359,13031,90390,690
2022-02-22,Napa,055,140530,25202,25151,904,26055,128
2022-02-22,Nevada,057,99092,15738,15815,1148,16963,121
2022-02-22,Orange,059,3164182,542236,539390,40872,580262,6502
2022-02-22,Placer,061,380077,62035,61709,7228,68937,572
2022-02-22,Plumas,063,18699,2931,2659,354,3013,13
2022-02-22,Riverside,065,2383286,586865,583969,27369,611338,6097
2022-02-22,Sacramento,067,1510023,277585,271789,26426,298215,2775
2022-02-22,San Benito,069,59416,12807,12742,505,13247,92
2022-02-22,San Bernardino,071,2135413,570486,554903,24624,579527,6451
2022-02-22,San Diego,073,3302833,740899,734536,51372,785908,4974
2022-02-22,San Francisco,075,870044,121294,121954,7982,129936,769
2022-02-22,San Joaquin,077,732212,164975,164111,9738,173849,2040
2022-02-22,San Luis Obispo,079,281455,51536,51193,3629,54822,431
2022-02-22,San Mateo,081,765935,119335,117418,6724,124142,603
2022-02-22,Santa Barbara,083,443738,84717,84701,4618,89319,650
2022-02-22,Santa Clara,085,1922200,308567,305045,12006,317051,2155
2022-02-22,Santa Cruz,087,273765,46527,45958,2046,48004,251
2022-02-22,Shasta,089,179085,30115,30024,5982,36006,479
2022-02-22,Sierra,091,2930,271,269,45,314,0
2022-02-22,Siskiyou,093,43540,4380,4350,2663,7013,70
2022-02-22,Solano,095,438530,80156,79968,5440,85408,425
2022-02-22,Sonoma,097,501317,82087,81412,2504,83916,431
2022-02-22,Stanislaus,099,539301,116421,116676,17559,134235,1475
2022-02-22,Sutter,101,95872,20201,20164,1965,22129,210
2022-02-22,Tehama,103,63373,11915,11852,2551,14403,152
2022-02-22,Trinity,105,12862,1171,1147,283,1430,20
2022-02-22,Tulare,107,460477,105314,102717,27151,129868,1287
2022-02-22,Tuolumne,109,53932,12524,12136,544,12680,175
2022-02-22,Ventura,111,848112,171297,171064,9267,180331,1401
2022-02-22,Yolo,113,214977,36396,35527,2808,38335,292
2022-02-22,Yuba,115,75493,15605,15550,1154,16704,110
2022-02-21,Alameda,001,1643700,251148,247434,13384,260818,1704
2022-02-21,Alpine,002,1148,122,124,1,125,0
2022-02-21,Amador,005,37829,8326,8246,627,8873,79
2022-02-21,Butte,007,227075,32670,32356,6873,39229,366
2022-02-21,Calaveras,009,45235,7151,7175,337,7512,107
2022-02-21,Colusa,011,21464,3418,3401,1036,4437,21
2022-02-21,Contra Costa,013,1133247,188953,183701,12972,196673,1201
2022-02-21,Del Norte,015,27424,5604,5601,167,5768,45
2022-02-21,El Dorado,017,186661,26361,26273,3138,29411,189
2022-02-21,Fresno,019,978130,231767,224923,23942,248865,2592
2022-02-21,Glenn,021,27897,4935,4897,1583,6480,40
2022-02-21,Humboldt,023,135768,16518,16548,2845,19393,132
2022-02-21,Imperial,025,180216,54812,54208,10389,64597,864
2022-02-21,Inyo,027,18085,4036,4023,446,4469,54
2022-02-21,Kern,029,883053,189857,188188,45202,233390,2102
2022-02-21,Kings,031,150075,50723,50188,3468,53656,422
2022-02-21,Lake,033,64148,10442,10334,857,11191,126
2022-02-21,Lassen,035,31185,8799,8705,863,9568,55
2022-02-21,Los Angeles,037,10098052,2683931,2656873,120789,2777662,30108
2022-02-21,Madera,039,155013,36822,36796,5895,42691,330
2022-02-21,Marin,041,260295,24255,32570,2135,34705,258
2022-02-21,Mariposa,043,17540,2333,2321,192,2513,6
2022-02-21,Mendocino,045,87422,12814,12706,2908,15614,110
2022-02-21,Merced,047,269075,62579,61209,8639,69848,770
2022-02-21,Modoc,049,8938,721,718,246,964,6
2022-02-21,Mono,051,14174,2954,2960,119,3079,5
2022-02-21,Monterey,053,433212,78286,77354,12990,90344,690
2022-02-21,Napa,055,140530,25163,25126,904,26030,128
2022-02-21,Nevada,057,99092,15727,15810,1145,16955,121
2022-02-21,Orange,059,3164182,541883,539068,40847,579915,6502
2022-02-21,Placer,061,380077,61982,61727,7225,68952,572
2022-02-21,Plumas,063,18699,2928,2657,349,3006,13
2022-02-21,Riverside,065,2383286,586495,583712,27322,611034,6097
2022-02-21,Sacramento,067,1510023,277332,271588,26390,297978,2769
2022-02-21,San Benito,069,59416,12794,12731,505,13236,92
2022-02-21,San Bernardino,071,2135413,570248,554662,24603,579265,6441
2022-02-21,San Diego,073,3302833,740285,732298,51294,783592,4974
2022-02-21,San Francisco,075,870044,121114,121865,7978,129843,769
2022-02-21,San Joaquin,077,732212,164835,164036,9726,173762,2040
2022-02-21,San Luis Obispo,079,281455,51445,51184,3622,54806,429
2022-02-21,San Mateo,081,765935,119242,117259,6716,123975,605
2022-02-21,Santa Barbara,083,443738,84640,84626,4610,89236,650
2022-02-21,Santa Clara,085,1922200,308236,304858,12000,316858,2158
2022-02-21,Santa Cruz,087,273765,46401,45941,2045,47986,251
2022-02-21,Shasta,089,179085,30070,30004,5974,35978,479
2022-02-21,Sierra,091,2930,271,269,45,314,0
2022-02-21,Siskiyou,093,43540,4369,4337,2657,6994,70
2022-02-21,Solano,095,438530,80063,79906,5435,85341,425
2022-02-21,Sonoma,097,501317,81974,81361,2497,83858,431
2022-02-21,Stanislaus,099,539301,116314,116597,17535,134132,1475
2022-02-21,Sutter,101,95872,20177,20152,1963,22115,210
2022-02-21,Tehama,103,63373,11901,11842,2550,14392,152
2022-02-21,Trinity,105,12862,1170,1147,283,1430,20
2022-02-21,Tulare,107,460477,105220,102614,27108,129722,1287
2022-02-21,Tuolumne,109,53932,12513,12126,541,12667,175
2022-02-21,Ventura,111,848112,171158,170939,9258,180197,1401
2022-02-21,Yolo,113,214977,36353,35518,2799,38317,292
2022-02-21,Yuba,115,75493,15586,15546,1145,16691,110
2022-02-20,Alameda,001,1643700,250919,246028,13376,259404,1700
2022-02-20,Alpine,002,1148,122,124,1,125,0
2022-02-20,Amador,005,37829,8314,8203,627,8830,79
2022-02-20,Butte,007,227075,32641,32173,6869,39042,364
2022-02-20,Calaveras,009,45235,7148,7136,336,7472,107
2022-02-20,Colusa,011,21464,3415,3389,1035,4424,21
2022-02-20,Contra Costa,013,1133247,188823,182797,12967,195764,1190
2022-02-20,Del Norte,015,27424,5589,5511,167,5678,45
2022-02-20,El Dorado,017,186661,26340,26101,3137,29238,189
2022-02-20,Fresno,019,978130,231571,223594,23926,247520,2544
2022-02-20,Glenn,021,27897,4932,4881,1583,6464,39
2022-02-20,Humboldt,023,135768,16505,16393,2841,19234,132
2022-02-20,Imperial,025,180216,54746,53967,10379,64346,862
2022-02-20,Inyo,027,18085,4036,4018,445,4463,52
2022-02-20,Kern,029,883053,189722,187158,45157,232315,2095
2022-02-20,Kings,031,150075,50695,49724,3465,53189,421
2022-02-20,Lake,033,64148,10409,10184,856,11040,126
2022-02-20,Lassen,035,31185,8787,8640,863,9503,55
2022-02-20,Los Angeles,037,10098052,2682609,2642878,120707,2763585,29842
2022-02-20,Madera,039,155013,36791,36526,5891,42417,330
2022-02-20,Marin,041,260295,24238,32441,2135,34576,258
2022-02-20,Mariposa,043,17540,2327,2310,190,2500,6
2022-02-20,Mendocino,045,87422,12804,12625,2905,15530,110
2022-02-20,Merced,047,269075,62551,60886,8634,69520,769
2022-02-20,Modoc,049,8938,720,714,246,960,6
2022-02-20,Mono,051,14174,2954,2956,119,3075,5
2022-02-20,Monterey,053,433212,78226,76765,12977,89742,682
2022-02-20,Napa,055,140530,25141,24970,902,25872,127
2022-02-20,Nevada,057,99092,15716,15715,1144,16859,121
2022-02-20,Orange,059,3164182,541564,538019,40809,578828,6416
2022-02-20,Placer,061,380077,61947,61417,7217,68634,560
2022-02-20,Plumas,063,18699,2924,2646,347,2993,13
2022-02-20,Riverside,065,2383286,586226,581788,27296,609084,6087
2022-02-20,Sacramento,067,1510023,277152,270080,26366,296446,2747
2022-02-20,San Benito,069,59416,12791,12665,505,13170,92
2022-02-20,San Bernardino,071,2135413,570040,553151,24586,577737,6400
2022-02-20,San Diego,073,3302833,739714,729549,51229,780778,4947
2022-02-20,San Francisco,075,870044,120977,121197,7968,129165,756
2022-02-20,San Joaquin,077,732212,164716,163083,9715,172798,2033
2022-02-20,San Luis Obispo,079,281455,51416,50823,3618,54441,424
2022-02-20,San Mateo,081,765935,119167,116648,6709,123357,598
2022-02-20,Santa Barbara,083,443738,84596,83988,4608,88596,642
2022-02-20,Santa Clara,085,1922200,307952,303077,11992,315069,2138
2022-02-20,Santa Cruz,087,273765,46335,45532,2042,47574,250
2022-02-20,Shasta,089,179085,30041,29847,5967,35814,479
2022-02-20,Sierra,091,2930,271,269,45,314,0
2022-02-20,Siskiyou,093,43540,4364,4307,2656,6963,70
2022-02-20,Solano,095,438530,79988,78914,5431,84345,424
2022-02-20,Sonoma,097,501317,81900,80843,2494,83337,431
2022-02-20,Stanislaus,099,539301,116248,115976,17518,133494,1454
2022-02-20,Sutter,101,95872,20165,20060,1960,22020,210
2022-02-20,Tehama,103,63373,11889,11760,2547,14307,152
2022-02-20,Trinity,105,12862,1169,1130,283,1413,20
2022-02-20,Tulare,107,460477,105132,101996,27082,129078,1286
2022-02-20,Tuolumne,109,53932,12492,12036,541,12577,175
2022-02-20,Ventura,111,848112,171062,170331,9251,179582,1384
2022-02-20,Yolo,113,214977,36327,35363,2796,38159,293
2022-02-20,Yuba,115,75493,15571,15449,1144,16593,112
2022-02-19,Alameda,001,1643700,250748,246028,13372,259400,1700
2022-02-19,Alpine,002,1148,122,124,1,125,0
2022-02-19,Amador,005,37829,8310,8203,627,8830,79
2022-02-19,Butte,007,227075,32617,32173,6866,39039,364
2022-02-19,Calaveras,009,45235,7148,7136,336,7472,107
2022-02-19,Colusa,011,21464,3414,3389,1033,4422,21
2022-02-19,Contra Costa,013,1133247,188726,182797,12966,195763,1190
2022-02-19,Del Norte,015,27424,5579,5511,167,5678,45
2022-02-19,El Dorado,017,186661,26322,26101,3135,29236,189
2022-02-19,Fresno,019,978130,231451,223594,23919,247513,2544
2022-02-19,Glenn,021,27897,4927,4881,1583,6464,39
2022-02-19,Humboldt,023,135768,16490,16393,2841,19234,132
2022-02-19,Imperial,025,180216,54730,53967,10374,64341,862
2022-02-19,Inyo,027,18085,4035,4018,444,4462,52
2022-02-19,Kern,029,883053,189619,187158,45133,232291,2095
2022-02-19,Kings,031,150075,50672,49724,3464,53188,421
2022-02-19,Lake,033,64148,10400,10184,856,11040,126
2022-02-19,Lassen,035,31185,8775,8640,862,9502,55
2022-02-19,Los Angeles,037,10098052,2681821,2642878,120665,2763543,29842
2022-02-19,Madera,039,155013,36769,36526,5889,42415,330
2022-02-19,Marin,041,260295,24215,32441,2134,34575,258
2022-02-19,Mariposa,043,17540,2324,2310,190,2500,6
2022-02-19,Mendocino,045,87422,12794,12625,2905,15530,110
2022-02-19,Merced,047,269075,62507,60886,8630,69516,769
2022-02-19,Modoc,049,8938,720,714,245,959,6
2022-02-19,Mono,051,14174,2953,2956,119,3075,5
2022-02-19,Monterey,053,433212,78137,76765,12966,89731,682
2022-02-19,Napa,055,140530,25131,24970,902,25872,127
2022-02-19,Nevada,057,99092,15708,15715,1144,16859,121
2022-02-19,Orange,059,3164182,541362,538019,40783,578802,6416
2022-02-19,Placer,061,380077,61901,61417,7216,68633,560
2022-02-19,Plumas,063,18699,2923,2646,347,2993,13
2022-02-19,Riverside,065,2383286,586044,581788,27284,609072,6087
2022-02-19,Sacramento,067,1510023,277006,270080,26355,296435,2747
2022-02-19,San Benito,069,59416,12778,12665,504,13169,92
2022-02-19,San Bernardino,071,2135413,569878,553151,24579,577730,6400
2022-02-19,San Diego,073,3302833,739370,729549,51182,780731,4947
2022-02-19,San Francisco,075,870044,120891,121197,7964,129161,756
2022-02-19,San Joaquin,077,732212,164642,163083,9704,172787,2033
2022-02-19,San Luis Obispo,079,281455,51403,50823,3614,54437,424
2022-02-19,San Mateo,081,765935,119125,116648,6708,123356,598
2022-02-19,Santa Barbara,083,443738,84529,83988,4607,88595,642
2022-02-19,Santa Clara,085,1922200,307757,303077,11990,315067,2138
2022-02-19,Santa Cruz,087,273765,46297,45532,2040,47572,250
2022-02-19,Shasta,089,179085,30026,29847,5964,35811,479
2022-02-19,Sierra,091,2930,271,269,45,314,0
2022-02-19,Siskiyou,093,43540,4361,4307,2656,6963,70
2022-02-19,Solano,095,438530,79946,78914,5430,84344,424
2022-02-19,Sonoma,097,501317,81858,80843,2494,83337,431
2022-02-19,Stanislaus,099,539301,116176,115976,17512,133488,1454
2022-02-19,Sutter,101,95872,20157,20060,1960,22020,210
2022-02-19,Tehama,103,63373,11882,11760,2547,14307,152
2022-02-19,Trinity,105,12862,1167,1130,283,1413,20
2022-02-19,Tulare,107,460477,105085,101996,27057,129053,1286
2022-02-19,Tuolumne,109,53932,12483,12036,541,12577,175
2022-02-19,Ventura,111,848112,170987,170331,9247,179578,1384
2022-02-19,Yolo,113,214977,36296,35363,2792,38155,293
2022-02-19,Yuba,115,75493,15562,15449,1144,16593,112
2022-02-18,Alameda,001,1643700,250583,246028,13364,259392,1700
2022-02-18,Alpine,002,1148,121,124,1,125,0
2022-02-18,Amador,005,37829,8303,8203,625,8828,79
2022-02-18,Butte,007,227075,32596,32173,6860,39033,364
2022-02-18,Calaveras,009,45235,7143,7136,335,7471,107
2022-02-18,Colusa,011,21464,3412,3389,1033,4422,21
2022-02-18,Contra Costa,013,1133247,188619,182797,12960,195757,1190
2022-02-18,Del Norte,015,27424,5567,5511,167,5678,45
2022-02-18,El Dorado,017,186661,26311,26101,3135,29236,189
2022-02-18,Fresno,019,978130,231266,223594,23906,247500,2544
2022-02-18,Glenn,021,27897,4926,4881,1582,6463,39
2022-02-18,Humboldt,023,135768,16473,16393,2836,19229,132
2022-02-18,Imperial,025,180216,54704,53967,10363,64330,862
2022-02-18,Inyo,027,18085,4033,4018,444,4462,52
2022-02-18,Kern,029,883053,189507,187158,45087,232245,2095
2022-02-18,Kings,031,150075,50585,49724,3464,53188,421
2022-02-18,Lake,033,64148,10382,10184,854,11038,126
2022-02-18,Lassen,035,31185,8755,8640,861,9501,55
2022-02-18,Los Angeles,037,10098052,2680837,2642878,120611,2763489,29842
2022-02-18,Madera,039,155013,36746,36526,5887,42413,330
2022-02-18,Marin,041,260295,24196,32441,2132,34573,258
2022-02-18,Mariposa,043,17540,2322,2310,190,2500,6
2022-02-18,Mendocino,045,87422,12784,12625,2905,15530,110
2022-02-18,Merced,047,269075,62465,60886,8621,69507,769
2022-02-18,Modoc,049,8938,720,714,245,959,6
2022-02-18,Mono,051,14174,2953,2956,119,3075,5
2022-02-18,Monterey,053,433212,78064,76765,12958,89723,682
2022-02-18,Napa,055,140530,25113,24970,902,25872,127
2022-02-18,Nevada,057,99092,15700,15715,1144,16859,121
2022-02-18,Orange,059,3164182,541124,538019,40744,578763,6416
2022-02-18,Placer,061,380077,61871,61417,7209,68626,560
2022-02-18,Plumas,063,18699,2919,2646,347,2993,13
2022-02-18,Riverside,065,2383286,585863,581788,27276,609064,6087
2022-02-18,Sacramento,067,1510023,276813,270080,26346,296426,2747
2022-02-18,San Benito,069,59416,12770,12665,504,13169,92
2022-02-18,San Bernardino,071,2135413,569700,553151,24574,577725,6400
2022-02-18,San Diego,073,3302833,738946,729549,51156,780705,4947
2022-02-18,San Francisco,075,870044,120803,121197,7956,129153,756
2022-02-18,San Joaquin,077,732212,164572,163083,9697,172780,2033
2022-02-18,San Luis Obispo,079,281455,51387,50823,3611,54434,424
2022-02-18,San Mateo,081,765935,119060,116648,6705,123353,598
2022-02-18,Santa Barbara,083,443738,84489,83988,4605,88593,642
2022-02-18,Santa Clara,085,1922200,307521,303077,11989,315066,2138
2022-02-18,Santa Cruz,087,273765,46263,45532,2039,47571,250
2022-02-18,Shasta,089,179085,30011,29847,5963,35810,479
2022-02-18,Sierra,091,2930,271,269,45,314,0
2022-02-18,Siskiyou,093,43540,4358,4307,2654,6961,70
2022-02-18,Solano,095,438530,79876,78914,5429,84343,424
2022-02-18,Sonoma,097,501317,81802,80843,2493,83336,431
2022-02-18,Stanislaus,099,539301,116126,115976,17498,133474,1454
2022-02-18,Sutter,101,95872,20145,20060,1960,22020,210
2022-02-18,Tehama,103,63373,11871,11760,2547,14307,152
2022-02-18,Trinity,105,12862,1166,1130,282,1412,20
2022-02-18,Tulare,107,460477,105035,101996,27016,129012,1286
2022-02-18,Tuolumne,109,53932,12477,12036,540,12576,175
2022-02-18,Ventura,111,848112,170897,170331,9242,179573,1384
2022-02-18,Yolo,113,214977,36268,35363,2790,38153,293
2022-02-18,Yuba,115,75493,15547,15449,1144,16593,112
2022-02-17,Alameda,001,1643700,250316,246028,13349,259377,1700
2022-02-17,Alpine,002,1148,121,124,1,125,0
2022-02-17,Amador,005,37829,8299,8203,623,8826,79
2022-02-17,Butte,007,227075,32563,32173,6856,39029,364
2022-02-17,Calaveras,009,45235,7134,7136,332,7468,107
2022-02-17,Colusa,011,21464,3409,3389,1033,4422,21
2022-02-17,Contra Costa,013,1133247,188423,182797,12928,195725,1190
2022-02-17,Del Norte,015,27424,5546,5511,167,5678,45
2022-02-17,El Dorado,017,186661,26285,26101,3125,29226,189
2022-02-17,Fresno,019,978130,230974,223594,23876,247470,2544
2022-02-17,Glenn,021,27897,4924,4881,1579,6460,39
2022-02-17,Humboldt,023,135768,16433,16393,2835,19228,132
2022-02-17,Imperial,025,180216,54632,53967,10347,64314,862
2022-02-17,Inyo,027,18085,4031,4018,443,4461,52
2022-02-17,Kern,029,883053,189353,187158,45038,232196,2095
2022-02-17,Kings,031,150075,50521,49724,3459,53183,421
2022-02-17,Lake,033,64148,10352,10184,850,11034,126
2022-02-17,Lassen,035,31185,8745,8640,859,9499,55
2022-02-17,Los Angeles,037,10098052,2679015,2642878,120531,2763409,29842
2022-02-17,Madera,039,155013,36703,36526,5880,42406,330
2022-02-17,Marin,041,260295,24170,32441,2131,34572,258
2022-02-17,Mariposa,043,17540,2320,2310,189,2499,6
2022-02-17,Mendocino,045,87422,12767,12625,2902,15527,110
2022-02-17,Merced,047,269075,62391,60886,8603,69489,769
2022-02-17,Modoc,049,8938,719,714,245,959,6
2022-02-17,Mono,051,14174,2951,2956,119,3075,5
2022-02-17,Monterey,053,433212,77952,76765,12916,89681,682
2022-02-17,Napa,055,140530,25081,24970,900,25870,127
2022-02-17,Nevada,057,99092,15688,15715,1143,16858,121
2022-02-17,Orange,059,3164182,540785,538019,40717,578736,6416
2022-02-17,Placer,061,380077,61828,61417,7201,68618,560
2022-02-17,Plumas,063,18699,2916,2646,347,2993,13
2022-02-17,Riverside,065,2383286,585488,581788,27249,609037,6087
2022-02-17,Sacramento,067,1510023,276526,270080,26294,296374,2747
2022-02-17,San Benito,069,59416,12759,12665,504,13169,92
2022-02-17,San Bernardino,071,2135413,569397,553151,24560,577711,6400
2022-02-17,San Diego,073,3302833,738350,729549,51102,780651,4947
2022-02-17,San Francisco,075,870044,120669,121197,7946,129143,756
2022-02-17,San Joaquin,077,732212,164407,163083,9684,172767,2033
2022-02-17,San Luis Obispo,079,281455,51282,50823,3603,54426,424
2022-02-17,San Mateo,081,765935,118965,116648,6696,123344,598
2022-02-17,Santa Barbara,083,443738,84388,83988,4598,88586,642
2022-02-17,Santa Clara,085,1922200,307151,303077,11975,315052,2138
2022-02-17,Santa Cruz,087,273765,46180,45532,2037,47569,250
2022-02-17,Shasta,089,179085,29984,29847,5960,35807,479
2022-02-17,Sierra,091,2930,271,269,45,314,0
2022-02-17,Siskiyou,093,43540,4349,4307,2650,6957,70
2022-02-17,Solano,095,438530,79795,78914,5422,84336,424
2022-02-17,Sonoma,097,501317,81736,80843,2486,83329,431
2022-02-17,Stanislaus,099,539301,116022,115976,17481,133457,1454
2022-02-17,Sutter,101,95872,20130,20060,1952,22012,210
2022-02-17,Tehama,103,63373,11863,11760,2546,14306,152
2022-02-17,Trinity,105,12862,1164,1130,280,1410,20
2022-02-17,Tulare,107,460477,104923,101996,26992,128988,1286
2022-02-17,Tuolumne,109,53932,12466,12036,540,12576,175
2022-02-17,Ventura,111,848112,170757,170331,9241,179572,1384
2022-02-17,Yolo,113,214977,36230,35363,2789,38152,293
2022-02-17,Yuba,115,75493,15532,15449,1144,16593,112
2022-02-16,Alameda,001,1643700,250008,245662,13312,258974,1691
2022-02-16,Alpine,002,1148,121,124,1,125,0
2022-02-16,Amador,005,37829,8281,8197,622,8819,77
2022-02-16,Butte,007,227075,32517,32095,6843,38938,363
2022-02-16,Calaveras,009,45235,7130,7129,329,7458,107
2022-02-16,Colusa,011,21464,3403,3384,1033,4417,21
2022-02-16,Contra Costa,013,1133247,188190,182423,12892,195315,1179
2022-02-16,Del Norte,015,27424,5526,5473,164,5637,45
2022-02-16,El Dorado,017,186661,26260,26061,3121,29182,189
2022-02-16,Fresno,019,978130,230611,223056,23827,246883,2542
2022-02-16,Glenn,021,27897,4921,4873,1574,6447,39
2022-02-16,Humboldt,023,135768,16409,16342,2825,19167,132
2022-02-16,Imperial,025,180216,54554,53901,10319,64220,861
2022-02-16,Inyo,027,18085,4028,4013,442,4455,52
2022-02-16,Kern,029,883053,189136,186740,44953,231693,2084
2022-02-16,Kings,031,150075,50468,49575,3450,53025,420
2022-02-16,Lake,033,64148,10326,10145,850,10995,125
2022-02-16,Lassen,035,31185,8712,8618,859,9477,55
2022-02-16,Los Angeles,037,10098052,2676937,2640005,120423,2760428,29749
2022-02-16,Madera,039,155013,36636,36382,5866,42248,330
2022-02-16,Marin,041,260295,24134,32381,2129,34510,257
2022-02-16,Mariposa,043,17540,2318,2305,189,2494,6
2022-02-16,Mendocino,045,87422,12745,12605,2892,15497,108
2022-02-16,Merced,047,269075,62324,60776,8570,69346,767
2022-02-16,Modoc,049,8938,719,711,241,952,6
2022-02-16,Mono,051,14174,2949,2953,119,3072,5
2022-02-16,Monterey,053,433212,77804,76624,12875,89499,682
2022-02-16,Napa,055,140530,25043,24897,897,25794,128
2022-02-16,Nevada,057,99092,15670,15677,1139,16816,121
2022-02-16,Orange,059,3164182,540380,537934,40671,578605,6392
2022-02-16,Placer,061,380077,61785,61278,7189,68467,556
2022-02-16,Plumas,063,18699,2913,2644,345,2989,13
2022-02-16,Riverside,065,2383286,585089,580828,27203,608031,6064
2022-02-16,Sacramento,067,1510023,276202,269416,26236,295652,2736
2022-02-16,San Benito,069,59416,12732,12644,504,13148,92
2022-02-16,San Bernardino,071,2135413,569123,552353,24538,576891,6379
2022-02-16,San Diego,073,3302833,737590,728610,51025,779635,4931
2022-02-16,San Francisco,075,870044,120496,120987,7943,128930,756
2022-02-16,San Joaquin,077,732212,164240,162752,9674,172426,2032
2022-02-16,San Luis Obispo,079,281455,51210,50704,3591,54295,425
2022-02-16,San Mateo,081,765935,118847,116438,6678,123116,595
2022-02-16,Santa Barbara,083,443738,84312,83968,4586,88554,642
2022-02-16,Santa Clara,085,1922200,306758,302439,11944,314383,2130
2022-02-16,Santa Cruz,087,273765,46090,45274,2035,47309,250
2022-02-16,Shasta,089,179085,29944,29767,5948,35715,477
2022-02-16,Sierra,091,2930,270,269,45,314,0
2022-02-16,Siskiyou,093,43540,4342,4302,2644,6946,71
2022-02-16,Solano,095,438530,79681,78742,5416,84158,422
2022-02-16,Sonoma,097,501317,81608,80642,2476,83118,431
2022-02-16,Stanislaus,099,539301,115903,115751,17448,133199,1443
2022-02-16,Sutter,101,95872,20113,20020,1949,21969,210
2022-02-16,Tehama,103,63373,11846,11738,2544,14282,152
2022-02-16,Trinity,105,12862,1164,1130,279,1409,20
2022-02-16,Tulare,107,460477,104804,101817,26942,128759,1281
2022-02-16,Tuolumne,109,53932,12454,11991,539,12530,171
2022-02-16,Ventura,111,848112,170623,170117,9233,179350,1372
2022-02-16,Yolo,113,214977,36180,35284,2787,38071,292
2022-02-16,Yuba,115,75493,15510,15405,1141,16546,110
2022-02-15,Alameda,001,1643700,249654,245265,13286,258551,1683
2022-02-15,Alpine,002,1148,121,124,1,125,0
2022-02-15,Amador,005,37829,8271,8183,621,8804,77
2022-02-15,Butte,007,227075,32468,32011,6829,38840,361
2022-02-15,Calaveras,009,45235,7120,7115,329,7444,106
2022-02-15,Colusa,011,21464,3395,3374,1032,4406,21
2022-02-15,Contra Costa,013,1133247,187933,182041,12863,194904,1179
2022-02-15,Del Norte,015,27424,5498,5439,163,5602,45
2022-02-15,El Dorado,017,186661,26242,25988,3116,29104,189
2022-02-15,Fresno,019,978130,230237,222673,23769,246442,2543
2022-02-15,Glenn,021,27897,4912,4862,1573,6435,39
2022-02-15,Humboldt,023,135768,16365,16297,2810,19107,132
2022-02-15,Imperial,025,180216,54490,53813,10304,64117,860
2022-02-15,Inyo,027,18085,4027,4009,441,4450,52
2022-02-15,Kern,029,883053,188915,186324,44861,231185,2072
2022-02-15,Kings,031,150075,50375,49473,3441,52914,418
2022-02-15,Lake,033,64148,10294,10112,844,10956,123
2022-02-15,Lassen,035,31185,8698,8587,857,9444,55
2022-02-15,Los Angeles,037,10098052,2674682,2638266,120294,2758560,29691
2022-02-15,Madera,039,155013,36570,36260,5846,42106,330
2022-02-15,Marin,041,260295,24092,32355,2127,34482,255
2022-02-15,Mariposa,043,17540,2317,2302,189,2491,6
2022-02-15,Mendocino,045,87422,12728,12580,2873,15453,108
2022-02-15,Merced,047,269075,62243,60674,8538,69212,763
2022-02-15,Modoc,049,8938,717,710,238,948,6
2022-02-15,Mono,051,14174,2948,2952,119,3071,5
2022-02-15,Monterey,053,433212,77677,75530,12817,88347,682
2022-02-15,Napa,055,140530,24993,24832,890,25722,127
2022-02-15,Nevada,057,99092,15644,15643,1138,16781,121
2022-02-15,Orange,059,3164182,539921,537478,40624,578102,6374
2022-02-15,Placer,061,380077,61723,61170,7178,68348,554
2022-02-15,Plumas,063,18699,2909,2638,345,2983,13
2022-02-15,Riverside,065,2383286,584603,579940,27144,607084,6049
2022-02-15,Sacramento,067,1510023,275812,268950,26155,295105,2721
2022-02-15,San Benito,069,59416,12714,12616,504,13120,91
2022-02-15,San Bernardino,071,2135413,568762,551803,24518,576321,6372
2022-02-15,San Diego,073,3302833,736631,727486,50923,778409,4914
2022-02-15,San Francisco,075,870044,120325,120759,7932,128691,756
2022-02-15,San Joaquin,077,732212,164023,162518,9660,172178,2021
2022-02-15,San Luis Obispo,079,281455,51113,50534,3576,54110,419
2022-02-15,San Mateo,081,765935,118711,116253,6659,122912,595
2022-02-15,Santa Barbara,083,443738,84176,83734,4572,88306,640
2022-02-15,Santa Clara,085,1922200,306258,301831,11909,313740,2130
2022-02-15,Santa Cruz,087,273765,45986,45171,2030,47201,250
2022-02-15,Shasta,089,179085,29894,29684,5934,35618,477
2022-02-15,Sierra,091,2930,270,269,45,314,0
2022-02-15,Siskiyou,093,43540,4335,4288,2637,6925,70
2022-02-15,Solano,095,438530,79546,78626,5411,84037,426
2022-02-15,Sonoma,097,501317,81486,80433,2470,82903,431
2022-02-15,Stanislaus,099,539301,115760,115549,17418,132967,1429
2022-02-15,Sutter,101,95872,20084,19980,1944,21924,208
2022-02-15,Tehama,103,63373,11828,11717,2542,14259,151
2022-02-15,Trinity,105,12862,1158,1125,276,1401,20
2022-02-15,Tulare,107,460477,104651,101645,26887,128532,1278
2022-02-15,Tuolumne,109,53932,12435,11945,537,12482,171
2022-02-15,Ventura,111,848112,170449,169942,9226,179168,1372
2022-02-15,Yolo,113,214977,36130,35241,2779,38020,289
2022-02-15,Yuba,115,75493,15482,15372,1136,16508,109
2022-02-14,Alameda,001,1643700,249221,244315,13253,257568,1677
2022-02-14,Alpine,002,1148,121,125,1,126,0
2022-02-14,Amador,005,37829,8256,8164,618,8782,77
2022-02-14,Butte,007,227075,32414,31946,6814,38760,360
2022-02-14,Calaveras,009,45235,7107,7097,327,7424,106
2022-02-14,Colusa,011,21464,3392,3367,1028,4395,21
2022-02-14,Contra Costa,013,1133247,187649,181753,12825,194578,1167
2022-02-14,Del Norte,015,27424,5475,5426,162,5588,45
2022-02-14,El Dorado,017,186661,26206,25915,3107,29022,188
2022-02-14,Fresno,019,978130,229755,222360,23684,246044,2538
2022-02-14,Glenn,021,27897,4907,4854,1573,6427,39
2022-02-14,Humboldt,023,135768,16325,16264,2785,19049,132
2022-02-14,Imperial,025,180216,54418,53765,10278,64043,860
2022-02-14,Inyo,027,18085,4026,4010,440,4450,52
2022-02-14,Kern,029,883053,188572,186037,44753,230790,2063
2022-02-14,Kings,031,150075,50269,49395,3432,52827,419
2022-02-14,Lake,033,64148,10257,10090,841,10931,123
2022-02-14,Lassen,035,31185,8688,8539,855,9394,55
2022-02-14,Los Angeles,037,10098052,2672121,2636064,120166,2756230,29650
2022-02-14,Madera,039,155013,36505,36194,5823,42017,330
2022-02-14,Marin,041,260295,24056,32304,2124,34428,255
2022-02-14,Mariposa,043,17540,2310,2295,189,2484,6
2022-02-14,Mendocino,045,87422,12701,12541,2841,15382,108
2022-02-14,Merced,047,269075,62153,60591,8495,69086,758
2022-02-14,Modoc,049,8938,712,707,238,945,6
2022-02-14,Mono,051,14174,2947,2954,119,3073,5
2022-02-14,Monterey,053,433212,77506,75407,12738,88145,678
2022-02-14,Napa,055,140530,24934,24776,890,25666,127
2022-02-14,Nevada,057,99092,15625,15629,1137,16766,121
2022-02-14,Orange,059,3164182,539415,536924,40557,577481,6355
2022-02-14,Placer,061,380077,61654,61123,7163,68286,554
2022-02-14,Plumas,063,18699,2907,2631,345,2976,13
2022-02-14,Riverside,065,2383286,584057,579174,27076,606250,5994
2022-02-14,Sacramento,067,1510023,275368,268547,26038,294585,2717
2022-02-14,San Benito,069,59416,12690,12598,503,13101,91
2022-02-14,San Bernardino,071,2135413,568347,551338,24498,575836,6372
2022-02-14,San Diego,073,3302833,735663,723902,50820,774722,4894
2022-02-14,San Francisco,075,870044,120139,120581,7922,128503,756
2022-02-14,San Joaquin,077,732212,163786,162363,9637,172000,2018
2022-02-14,San Luis Obispo,079,281455,51004,50465,3566,54031,416
2022-02-14,San Mateo,081,765935,118547,116129,6651,122780,592
2022-02-14,Santa Barbara,083,443738,84029,83697,4562,88259,636
2022-02-14,Santa Clara,085,1922200,305721,301319,11885,313204,2127
2022-02-14,Santa Cruz,087,273765,45823,45042,2026,47068,250
2022-02-14,Shasta,089,179085,29808,29595,5917,35512,474
2022-02-14,Sierra,091,2930,270,269,45,314,0
2022-02-14,Siskiyou,093,43540,4322,4278,2623,6901,69
2022-02-14,Solano,095,438530,79366,78533,5400,83933,427
2022-02-14,Sonoma,097,501317,81346,80336,2458,82794,431
2022-02-14,Stanislaus,099,539301,115582,115426,17375,132801,1406
2022-02-14,Sutter,101,95872,20056,19957,1938,21895,209
2022-02-14,Tehama,103,63373,11805,11686,2541,14227,151
2022-02-14,Trinity,105,12862,1155,1123,276,1399,20
2022-02-14,Tulare,107,460477,104446,101448,26793,128241,1276
2022-02-14,Tuolumne,109,53932,12406,11920,534,12454,170
2022-02-14,Ventura,111,848112,170272,169725,9214,178939,1361
2022-02-14,Yolo,113,214977,36071,35112,2769,37881,286
2022-02-14,Yuba,115,75493,15452,15375,1132,16507,108
2022-02-13,Alameda,001,1643700,248732,243681,13219,256900,1677
2022-02-13,Alpine,002,1148,121,125,1,126,0
2022-02-13,Amador,005,37829,8227,8146,615,8761,77
2022-02-13,Butte,007,227075,32339,31865,6792,38657,360
2022-02-13,Calaveras,009,45235,7100,7083,324,7407,106
2022-02-13,Colusa,011,21464,3390,3366,1026,4392,21
2022-02-13,Contra Costa,013,1133247,187288,181313,12761,194074,1159
2022-02-13,Del Norte,015,27424,5443,5379,162,5541,45
2022-02-13,El Dorado,017,186661,26170,25871,3100,28971,188
2022-02-13,Fresno,019,978130,229218,221686,23625,245311,2537
2022-02-13,Glenn,021,27897,4900,4847,1570,6417,39
2022-02-13,Humboldt,023,135768,16278,16210,2758,18968,132
2022-02-13,Imperial,025,180216,54320,53658,10243,63901,860
2022-02-13,Inyo,027,18085,4023,4006,438,4444,52
2022-02-13,Kern,029,883053,188320,185640,44668,230308,2063
2022-02-13,Kings,031,150075,50142,49243,3420,52663,416
2022-02-13,Lake,033,64148,10194,10042,834,10876,123
2022-02-13,Lassen,035,31185,8662,8503,853,9356,55
2022-02-13,Los Angeles,037,10098052,2668970,2631267,120026,2751293,29595
2022-02-13,Madera,039,155013,36388,36054,5795,41849,330
2022-02-13,Marin,041,260295,23985,32222,2117,34339,255
2022-02-13,Mariposa,043,17540,2304,2292,187,2479,6
2022-02-13,Mendocino,045,87422,12672,12521,2802,15323,108
2022-02-13,Merced,047,269075,62010,60460,8441,68901,758
2022-02-13,Modoc,049,8938,710,704,231,935,6
2022-02-13,Mono,051,14174,2946,2949,119,3068,5
2022-02-13,Monterey,053,433212,77299,75295,12664,87959,678
2022-02-13,Napa,055,140530,24857,24743,887,25630,127
2022-02-13,Nevada,057,99092,15591,15590,1130,16720,121
2022-02-13,Orange,059,3164182,538783,536134,40495,576629,6355
2022-02-13,Placer,061,380077,61579,61020,7142,68162,554
2022-02-13,Plumas,063,18699,2899,2626,342,2968,13
2022-02-13,Riverside,065,2383286,583463,578363,27035,605398,5995
2022-02-13,Sacramento,067,1510023,274855,267947,25908,293855,2699
2022-02-13,San Benito,069,59416,12657,12578,502,13080,91
2022-02-13,San Bernardino,071,2135413,567859,550632,24464,575096,6367
2022-02-13,San Diego,073,3302833,734527,723902,50701,774603,4894
2022-02-13,San Francisco,075,870044,119886,120295,7910,128205,756
2022-02-13,San Joaquin,077,732212,163485,162028,9609,171637,2018
2022-02-13,San Luis Obispo,079,281455,50859,50384,3558,53942,415
2022-02-13,San Mateo,081,765935,118326,115876,6625,122501,592
2022-02-13,Santa Barbara,083,443738,83865,83547,4555,88102,635
2022-02-13,Santa Clara,085,1922200,305080,300412,11848,312260,2114
2022-02-13,Santa Cruz,087,273765,45668,44887,2024,46911,240
2022-02-13,Shasta,089,179085,29729,29531,5894,35425,474
2022-02-13,Sierra,091,2930,270,269,45,314,0
2022-02-13,Siskiyou,093,43540,4315,4264,2607,6871,69
2022-02-13,Solano,095,438530,79208,78424,5377,83801,426
2022-02-13,Sonoma,097,501317,81182,80172,2446,82618,431
2022-02-13,Stanislaus,099,539301,115390,115156,17335,132491,1406
2022-02-13,Sutter,101,95872,20017,19900,1938,21838,209
2022-02-13,Tehama,103,63373,11780,11644,2538,14182,151
2022-02-13,Trinity,105,12862,1152,1120,273,1393,20
2022-02-13,Tulare,107,460477,104233,101135,26706,127841,1276
2022-02-13,Tuolumne,109,53932,12380,11891,529,12420,170
2022-02-13,Ventura,111,848112,170078,169422,9194,178616,1361
2022-02-13,Yolo,113,214977,36004,35057,2758,37815,286
2022-02-13,Yuba,115,75493,15418,15346,1131,16477,107
2022-02-12,Alameda,001,1643700,248512,242137,13205,255342,1668
2022-02-12,Alpine,002,1148,121,124,1,125,0
2022-02-12,Amador,005,37829,8221,8091,615,8706,76
2022-02-12,Butte,007,227075,32310,31601,6786,38387,360
2022-02-12,Calaveras,009,45235,7097,7022,323,7345,106
2022-02-12,Colusa,011,21464,3387,3345,1026,4371,21
2022-02-12,Contra Costa,013,1133247,187097,180270,12754,193024,1141
2022-02-12,Del Norte,015,27424,5424,5262,162,5424,45
2022-02-12,El Dorado,017,186661,26154,25692,3100,28792,188
2022-02-12,Fresno,019,978130,229006,219909,23610,243519,2509
2022-02-12,Glenn,021,27897,4899,4818,1569,6387,39
2022-02-12,Humboldt,023,135768,16254,16058,2755,18813,132
2022-02-12,Imperial,025,180216,54276,53304,10233,63537,860
2022-02-12,Inyo,027,18085,4021,3991,438,4429,52
2022-02-12,Kern,029,883053,188209,184639,44630,229269,2037
2022-02-12,Kings,031,150075,50102,48893,3413,52306,415
2022-02-12,Lake,033,64148,10173,9926,830,10756,123
2022-02-12,Lassen,035,31185,8639,8477,852,9329,55
2022-02-12,Los Angeles,037,10098052,2667815,2616426,119955,2736381,29364
2022-02-12,Madera,039,155013,36353,35710,5789,41499,330
2022-02-12,Marin,041,260295,23953,32048,2114,34162,255
2022-02-12,Mariposa,043,17540,2304,2286,187,2473,6
2022-02-12,Mendocino,045,87422,12656,12439,2802,15241,107
2022-02-12,Merced,047,269075,61957,60187,8436,68623,758
2022-02-12,Modoc,049,8938,710,697,231,928,6
2022-02-12,Mono,051,14174,2945,2939,119,3058,5
2022-02-12,Monterey,053,433212,77238,74842,12642,87484,672
2022-02-12,Napa,055,140530,24829,24530,887,25417,124
2022-02-12,Nevada,057,99092,15578,15499,1129,16628,119
2022-02-12,Orange,059,3164182,538490,534503,40460,574963,6305
2022-02-12,Placer,061,380077,61523,60636,7139,67775,554
2022-02-12,Plumas,063,18699,2898,2617,341,2958,13
2022-02-12,Riverside,065,2383286,583101,575566,27012,602578,5961
2022-02-12,Sacramento,067,1510023,274619,266347,25898,292245,2686
2022-02-12,San Benito,069,59416,12645,12526,502,13028,91
2022-02-12,San Bernardino,071,2135413,567624,548822,24451,573273,6360
2022-02-12,San Diego,073,3302833,734028,720287,50649,770936,4854
2022-02-12,San Francisco,075,870044,119765,119113,7899,127012,740
2022-02-12,San Joaquin,077,732212,163354,161234,9603,170837,2014
2022-02-12,San Luis Obispo,079,281455,50823,50064,3555,53619,416
2022-02-12,San Mateo,081,765935,118238,115235,6618,121853,589
2022-02-12,Santa Barbara,083,443738,83779,83390,4548,87938,631
2022-02-12,Santa Clara,085,1922200,304743,298176,11841,310017,2093
2022-02-12,Santa Cruz,087,273765,45632,44447,2022,46469,239
2022-02-12,Shasta,089,179085,29700,29370,5890,35260,473
2022-02-12,Sierra,091,2930,270,268,45,313,0
2022-02-12,Siskiyou,093,43540,4307,4231,2604,6835,68
2022-02-12,Solano,095,438530,79166,77865,5372,83237,424
2022-02-12,Sonoma,097,501317,81078,79533,2444,81977,431
2022-02-12,Stanislaus,099,539301,115266,114531,17322,131853,1406
2022-02-12,Sutter,101,95872,20002,19800,1938,21738,211
2022-02-12,Tehama,103,63373,11764,11580,2538,14118,151
2022-02-12,Trinity,105,12862,1151,1115,273,1388,20
2022-02-12,Tulare,107,460477,104138,100434,26669,127103,1273
2022-02-12,Tuolumne,109,53932,12362,11754,529,12283,125
2022-02-12,Ventura,111,848112,169971,168736,9189,177925,1340
2022-02-12,Yolo,113,214977,35962,34773,2755,37528,286
2022-02-12,Yuba,115,75493,15404,15242,1130,16372,107
2022-02-11,Alameda,001,1643700,248227,242137,13192,255329,1668
2022-02-11,Alpine,002,1148,121,124,1,125,0
2022-02-11,Amador,005,37829,8209,8091,615,8706,76
2022-02-11,Butte,007,227075,32266,31601,6775,38376,360
2022-02-11,Calaveras,009,45235,7094,7022,323,7345,106
2022-02-11,Colusa,011,21464,3385,3345,1025,4370,21
2022-02-11,Contra Costa,013,1133247,186896,180270,12736,193006,1141
2022-02-11,Del Norte,015,27424,5408,5262,161,5423,45
2022-02-11,El Dorado,017,186661,26135,25692,3099,28791,188
2022-02-11,Fresno,019,978130,228711,219909,23592,243501,2509
2022-02-11,Glenn,021,27897,4895,4818,1569,6387,39
2022-02-11,Humboldt,023,135768,16226,16058,2750,18808,132
2022-02-11,Imperial,025,180216,54247,53304,10222,63526,860
2022-02-11,Inyo,027,18085,4017,3991,434,4425,52
2022-02-11,Kern,029,883053,188051,184639,44579,229218,2037
2022-02-11,Kings,031,150075,50063,48893,3412,52305,415
2022-02-11,Lake,033,64148,10148,9926,828,10754,123
2022-02-11,Lassen,035,31185,8599,8477,852,9329,55
2022-02-11,Los Angeles,037,10098052,2666184,2616426,119866,2736292,29364
2022-02-11,Madera,039,155013,36311,35710,5783,41493,330
2022-02-11,Marin,041,260295,23921,32048,2111,34159,255
2022-02-11,Mariposa,043,17540,2299,2286,187,2473,6
2022-02-11,Mendocino,045,87422,12640,12439,2802,15241,107
2022-02-11,Merced,047,269075,61908,60187,8424,68611,758
2022-02-11,Modoc,049,8938,708,697,231,928,6
2022-02-11,Mono,051,14174,2944,2939,119,3058,5
2022-02-11,Monterey,053,433212,77123,74842,12629,87471,672
2022-02-11,Napa,055,140530,24803,24530,887,25417,124
2022-02-11,Nevada,057,99092,15564,15499,1126,16625,119
2022-02-11,Orange,059,3164182,538139,534503,40399,574902,6305
2022-02-11,Placer,061,380077,61470,60636,7137,67773,554
2022-02-11,Plumas,063,18699,2894,2617,339,2956,13
2022-02-11,Riverside,065,2383286,582681,575566,26996,602562,5961
2022-02-11,Sacramento,067,1510023,274355,266347,25886,292233,2686
2022-02-11,San Benito,069,59416,12640,12526,502,13028,91
2022-02-11,San Bernardino,071,2135413,567306,548822,24437,573259,6360
2022-02-11,San Diego,073,3302833,733330,720287,50590,770877,4854
2022-02-11,San Francisco,075,870044,119644,119113,7883,126996,740
2022-02-11,San Joaquin,077,732212,163185,161234,9592,170826,2014
2022-02-11,San Luis Obispo,079,281455,50786,50064,3551,53615,416
2022-02-11,San Mateo,081,765935,118120,115235,6609,121844,589
2022-02-11,Santa Barbara,083,443738,83695,83390,4547,87937,631
2022-02-11,Santa Clara,085,1922200,304315,298176,11825,310001,2093
2022-02-11,Santa Cruz,087,273765,45540,44447,2022,46469,239
2022-02-11,Shasta,089,179085,29669,29370,5882,35252,473
2022-02-11,Sierra,091,2930,269,268,44,312,0
2022-02-11,Siskiyou,093,43540,4296,4231,2598,6829,68
2022-02-11,Solano,095,438530,79042,77865,5366,83231,424
2022-02-11,Sonoma,097,501317,80993,79533,2439,81972,431
2022-02-11,Stanislaus,099,539301,115165,114531,17307,131838,1406
2022-02-11,Sutter,101,95872,19979,19800,1936,21736,211
2022-02-11,Tehama,103,63373,11750,11580,2538,14118,151
2022-02-11,Trinity,105,12862,1150,1115,272,1387,20
2022-02-11,Tulare,107,460477,104019,100434,26618,127052,1273
2022-02-11,Tuolumne,109,53932,12346,11754,527,12281,125
2022-02-11,Ventura,111,848112,169832,168736,9184,177920,1340
2022-02-11,Yolo,113,214977,35929,34773,2753,37526,286
2022-02-11,Yuba,115,75493,15387,15242,1129,16371,107
2022-02-10,Alameda,001,1643700,247703,242137,13150,255287,1668
2022-02-10,Alpine,002,1148,121,124,1,125,0
2022-02-10,Amador,005,37829,8197,8091,609,8700,76
2022-02-10,Butte,007,227075,32216,31601,6761,38362,360
2022-02-10,Calaveras,009,45235,7082,7022,321,7343,106
2022-02-10,Colusa,011,21464,3379,3345,1023,4368,21
2022-02-10,Contra Costa,013,1133247,186535,180270,12670,192940,1141
2022-02-10,Del Norte,015,27424,5379,5262,159,5421,45
2022-02-10,El Dorado,017,186661,26091,25692,3093,28785,188
2022-02-10,Fresno,019,978130,228135,219909,23505,243414,2509
2022-02-10,Glenn,021,27897,4889,4818,1567,6385,39
2022-02-10,Humboldt,023,135768,16176,16058,2728,18786,132
2022-02-10,Imperial,025,180216,54177,53304,10179,63483,860
2022-02-10,Inyo,027,18085,4013,3991,434,4425,52
2022-02-10,Kern,029,883053,187742,184639,44470,229109,2037
2022-02-10,Kings,031,150075,49951,48893,3401,52294,415
2022-02-10,Lake,033,64148,10117,9926,826,10752,123
2022-02-10,Lassen,035,31185,8585,8477,850,9327,55
2022-02-10,Los Angeles,037,10098052,2663047,2616426,119684,2736110,29364
2022-02-10,Madera,039,155013,36213,35710,5752,41462,330
2022-02-10,Marin,041,260295,23863,32048,2099,34147,255
2022-02-10,Mariposa,043,17540,2295,2286,186,2472,6
2022-02-10,Mendocino,045,87422,12618,12439,2778,15217,107
2022-02-10,Merced,047,269075,61782,60187,8367,68554,758
2022-02-10,Modoc,049,8938,707,697,230,927,6
2022-02-10,Mono,051,14174,2942,2939,118,3057,5
2022-02-10,Monterey,053,433212,76941,74842,12549,87391,672
2022-02-10,Napa,055,140530,24738,24530,885,25415,124
2022-02-10,Nevada,057,99092,15539,15499,1125,16624,119
2022-02-10,Orange,059,3164182,537489,534503,40328,574831,6305
2022-02-10,Placer,061,380077,61388,60636,7128,67764,554
2022-02-10,Plumas,063,18699,2891,2617,332,2949,13
2022-02-10,Riverside,065,2383286,581962,575566,26941,602507,5961
2022-02-10,Sacramento,067,1510023,273872,266347,25797,292144,2686
2022-02-10,San Benito,069,59416,12619,12526,500,13026,91
2022-02-10,San Bernardino,071,2135413,566759,548822,24407,573229,6360
2022-02-10,San Diego,073,3302833,732228,720287,50465,770752,4854
2022-02-10,San Francisco,075,870044,119430,119113,7866,126979,740
2022-02-10,San Joaquin,077,732212,162873,161234,9584,170818,2014
2022-02-10,San Luis Obispo,079,281455,50687,50064,3540,53604,416
2022-02-10,San Mateo,081,765935,117894,115235,6592,121827,589
2022-02-10,Santa Barbara,083,443738,83511,83390,4541,87931,631
2022-02-10,Santa Clara,085,1922200,303642,298176,11771,309947,2093
2022-02-10,Santa Cruz,087,273765,45396,44447,2020,46467,239
2022-02-10,Shasta,089,179085,29607,29370,5862,35232,473
2022-02-10,Sierra,091,2930,269,268,44,312,0
2022-02-10,Siskiyou,093,43540,4291,4231,2585,6816,68
2022-02-10,Solano,095,438530,78849,77865,5347,83212,424
2022-02-10,Sonoma,097,501317,80858,79533,2422,81955,431
2022-02-10,Stanislaus,099,539301,114984,114531,17268,131799,1406
2022-02-10,Sutter,101,95872,19940,19800,1921,21721,211
2022-02-10,Tehama,103,63373,11720,11580,2535,14115,151
2022-02-10,Trinity,105,12862,1147,1115,271,1386,20
2022-02-10,Tulare,107,460477,103830,100434,26542,126976,1273
2022-02-10,Tuolumne,109,53932,12325,11754,522,12276,125
2022-02-10,Ventura,111,848112,169551,168736,9170,177906,1340
2022-02-10,Yolo,113,214977,35854,34773,2747,37520,286
2022-02-10,Yuba,115,75493,15355,15242,1124,16366,107
2022-02-09,Alameda,001,1643700,247169,241141,13095,254236,1668
2022-02-09,Alpine,002,1148,120,124,1,125,0
2022-02-09,Amador,005,37829,8183,8069,604,8673,76
2022-02-09,Butte,007,227075,32123,31433,6747,38180,359
2022-02-09,Calaveras,009,45235,7067,7005,317,7322,106
2022-02-09,Colusa,011,21464,3376,3331,1022,4353,21
2022-02-09,Contra Costa,013,1133247,186176,179695,12623,192318,1132
2022-02-09,Del Norte,015,27424,5332,5204,158,5362,45
2022-02-09,El Dorado,017,186661,26054,25572,3080,28652,186
2022-02-09,Fresno,019,978130,227509,218989,23414,242403,2502
2022-02-09,Glenn,021,27897,4874,4804,1566,6370,39
2022-02-09,Humboldt,023,135768,16129,15929,2703,18632,131
2022-02-09,Imperial,025,180216,54074,53102,10107,63209,858
2022-02-09,Inyo,027,18085,4007,3989,433,4422,52
2022-02-09,Kern,029,883053,187367,184068,44356,228424,2021
2022-02-09,Kings,031,150075,49840,48718,3395,52113,410
2022-02-09,Lake,033,64148,10077,9880,821,10701,124
2022-02-09,Lassen,035,31185,8560,8459,849,9308,55
2022-02-09,Los Angeles,037,10098052,2659415,2611611,119548,2731159,29263
2022-02-09,Madera,039,155013,36116,35559,5722,41281,330
2022-02-09,Marin,041,260295,23814,31965,2092,34057,255
2022-02-09,Mariposa,043,17540,2292,2279,186,2465,6
2022-02-09,Mendocino,045,87422,12584,12378,2749,15127,107
2022-02-09,Merced,047,269075,61652,59952,8310,68262,755
2022-02-09,Modoc,049,8938,703,691,229,920,6
2022-02-09,Mono,051,14174,2940,2937,118,3055,5
2022-02-09,Monterey,053,433212,76738,74500,12463,86963,670
2022-02-09,Napa,055,140530,24692,24429,880,25309,123
2022-02-09,Nevada,057,99092,15518,15446,1123,16569,119
2022-02-09,Orange,059,3164182,536856,534316,40248,574564,6263
2022-02-09,Placer,061,380077,61292,60490,7108,67598,553
2022-02-09,Plumas,063,18699,2886,2609,328,2937,13
2022-02-09,Riverside,065,2383286,581220,573907,26896,600803,5911
2022-02-09,Sacramento,067,1510023,273307,265624,25676,291300,2673
2022-02-09,San Benito,069,59416,12595,12492,500,12992,91
2022-02-09,San Bernardino,071,2135413,566148,547768,24381,572149,6349
2022-02-09,San Diego,073,3302833,730871,717896,50355,768251,4832
2022-02-09,San Francisco,075,870044,119179,118550,7855,126405,731
2022-02-09,San Joaquin,077,732212,162568,160618,9574,170192,2014
2022-02-09,San Luis Obispo,079,281455,50541,49833,3535,53368,414
2022-02-09,San Mateo,081,765935,117706,114890,6552,121442,589
2022-02-09,Santa Barbara,083,443738,83329,82830,4535,87365,629
2022-02-09,Santa Clara,085,1922200,302920,297157,11713,308870,2090
2022-02-09,Santa Cruz,087,273765,45213,44200,2013,46213,239
2022-02-09,Shasta,089,179085,29538,29215,5841,35056,471
2022-02-09,Sierra,091,2930,268,268,43,311,0
2022-02-09,Siskiyou,093,43540,4277,4217,2579,6796,68
2022-02-09,Solano,095,438530,78656,77299,5337,82636,423
2022-02-09,Sonoma,097,501317,80683,79165,2415,81580,431
2022-02-09,Stanislaus,099,539301,114735,114039,17038,131077,1406
2022-02-09,Sutter,101,95872,19898,19758,1908,21666,207
2022-02-09,Tehama,103,63373,11695,11542,2531,14073,149
2022-02-09,Trinity,105,12862,1143,1110,270,1380,20
2022-02-09,Tulare,107,460477,103618,100049,26456,126505,1271
2022-02-09,Tuolumne,109,53932,12287,11702,519,12221,95
2022-02-09,Ventura,111,848112,169315,168253,9157,177410,1325
2022-02-09,Yolo,113,214977,35784,34588,2731,37319,285
2022-02-09,Yuba,115,75493,15324,15187,1113,16300,105
2022-02-08,Alameda,001,1643700,246537,240587,13023,253610,1651
2022-02-08,Alpine,002,1148,120,124,1,125,0
2022-02-08,Amador,005,37829,8175,8050,597,8647,76
2022-02-08,Butte,007,227075,32038,31353,6726,38079,359
2022-02-08,Calaveras,009,45235,7050,6981,315,7296,101
2022-02-08,Colusa,011,21464,3368,3320,1021,4341,21
2022-02-08,Contra Costa,013,1133247,185728,179078,12542,191620,1132
2022-02-08,Del Norte,015,27424,5306,5156,153,5309,44
2022-02-08,El Dorado,017,186661,26009,25446,3070,28516,186
2022-02-08,Fresno,019,978130,226764,218416,23308,241724,2502
2022-02-08,Glenn,021,27897,4857,4784,1562,6346,39
2022-02-08,Humboldt,023,135768,16069,15865,2671,18536,130
2022-02-08,Imperial,025,180216,53945,52977,10063,63040,855
2022-02-08,Inyo,027,18085,4002,3983,433,4416,52
2022-02-08,Kern,029,883053,187031,183519,44227,227746,2010
2022-02-08,Kings,031,150075,49680,48479,3383,51862,411
2022-02-08,Lake,033,64148,10047,9806,815,10621,125
2022-02-08,Lassen,035,31185,8551,8423,845,9268,55
2022-02-08,Los Angeles,037,10098052,2655107,2611204,119363,2730567,29259
2022-02-08,Madera,039,155013,36008,35381,5666,41047,330
2022-02-08,Marin,041,260295,23740,31878,2087,33965,255
2022-02-08,Mariposa,043,17540,2291,2266,178,2444,6
2022-02-08,Mendocino,045,87422,12552,12336,2718,15054,107
2022-02-08,Merced,047,269075,61538,59789,8251,68040,751
2022-02-08,Modoc,049,8938,699,684,229,913,6
2022-02-08,Mono,051,14174,2939,2932,118,3050,5
2022-02-08,Monterey,053,433212,76532,74316,12379,86695,670
2022-02-08,Napa,055,140530,24619,24346,874,25220,121
2022-02-08,Nevada,057,99092,15492,15383,1120,16503,117
2022-02-08,Orange,059,3164182,536169,533507,40161,573668,6205
2022-02-08,Placer,061,380077,61184,60301,7096,67397,553
2022-02-08,Plumas,063,18699,2875,2596,321,2917,13
2022-02-08,Riverside,065,2383286,580389,571892,26824,598716,5908
2022-02-08,Sacramento,067,1510023,272633,264479,25498,289977,2664
2022-02-08,San Benito,069,59416,12571,12434,498,12932,91
2022-02-08,San Bernardino,071,2135413,565435,544658,24337,568995,6335
2022-02-08,San Diego,073,3302833,729304,717896,50223,768119,4832
2022-02-08,San Francisco,075,870044,118869,117942,7846,125788,731
2022-02-08,San Joaquin,077,732212,162183,160147,9556,169703,2005
2022-02-08,San Luis Obispo,079,281455,50376,49556,3505,53061,410
2022-02-08,San Mateo,081,765935,117488,114541,6522,121063,589
2022-02-08,Santa Barbara,083,443738,83161,82461,4510,86971,627
2022-02-08,Santa Clara,085,1922200,302037,295679,11666,307345,2091
2022-02-08,Santa Cruz,087,273765,45058,43884,2008,45892,239
2022-02-08,Shasta,089,179085,29456,29084,5814,34898,470
2022-02-08,Sierra,091,2930,268,267,43,310,0
2022-02-08,Siskiyou,093,43540,4267,4191,2570,6761,68
2022-02-08,Solano,095,438530,78423,77031,5322,82353,421
2022-02-08,Sonoma,097,501317,80469,78798,2391,81189,431
2022-02-08,Stanislaus,099,539301,114477,113733,16960,130693,1406
2022-02-08,Sutter,101,95872,19859,19717,1896,21613,203
2022-02-08,Tehama,103,63373,11667,11491,2524,14015,149
2022-02-08,Trinity,105,12862,1137,1110,270,1380,20
2022-02-08,Tulare,107,460477,103326,99694,26326,126020,1267
2022-02-08,Tuolumne,109,53932,12262,11665,517,12182,92
2022-02-08,Ventura,111,848112,169078,167830,9142,176972,1325
2022-02-08,Yolo,113,214977,35702,34462,2718,37180,281
2022-02-08,Yuba,115,75493,15279,15126,1091,16217,107
2022-02-07,Alameda,001,1643700,245817,238678,12958,251636,1643
2022-02-07,Alpine,002,1148,120,124,1,125,0
2022-02-07,Amador,005,37829,8147,7980,589,8569,75
2022-02-07,Butte,007,227075,31950,31184,6695,37879,355
2022-02-07,Calaveras,009,45235,7028,6910,314,7224,100
2022-02-07,Colusa,011,21464,3357,3283,1017,4300,21
2022-02-07,Contra Costa,013,1133247,185246,177767,12467,190234,1130
2022-02-07,Del Norte,015,27424,5265,5093,148,5241,44
2022-02-07,El Dorado,017,186661,25946,25257,3060,28317,185
2022-02-07,Fresno,019,978130,225887,216495,23163,239658,2493
2022-02-07,Glenn,021,27897,4849,4762,1558,6320,39
2022-02-07,Humboldt,023,135768,15994,15764,2646,18410,129
2022-02-07,Imperial,025,180216,53829,52689,9994,62683,853
2022-02-07,Inyo,027,18085,3997,3976,427,4403,51
2022-02-07,Kern,029,883053,186558,182047,44063,226110,1998
2022-02-07,Kings,031,150075,49495,48147,3366,51513,403
2022-02-07,Lake,033,64148,10001,9519,807,10326,125
2022-02-07,Lassen,035,31185,8533,8362,839,9201,55
2022-02-07,Los Angeles,037,10098052,2650677,2607438,119146,2726584,29210
2022-02-07,Madera,039,155013,35884,35083,5619,40702,330
2022-02-07,Marin,041,260295,23673,31670,2077,33747,255
2022-02-07,Mariposa,043,17540,2286,2253,174,2427,6
2022-02-07,Mendocino,045,87422,12494,12237,2680,14917,107
2022-02-07,Merced,047,269075,61408,59472,8158,67630,748
2022-02-07,Modoc,049,8938,695,679,229,908,6
2022-02-07,Mono,051,14174,2937,2917,118,3035,5
2022-02-07,Monterey,053,433212,76277,69433,12272,81705,670
2022-02-07,Napa,055,140530,24534,23237,865,24102,120
2022-02-07,Nevada,057,99092,15456,15268,1114,16382,113
2022-02-07,Orange,059,3164182,535408,531442,40075,571517,6179
2022-02-07,Placer,061,380077,61059,59894,7081,66975,546
2022-02-07,Plumas,063,18699,2864,2573,312,2885,13
2022-02-07,Riverside,065,2383286,579446,568874,26739,595613,5868
2022-02-07,Sacramento,067,1510023,271950,262834,25316,288150,2631
2022-02-07,San Benito,069,59416,12532,12285,496,12781,90
2022-02-07,San Bernardino,071,2135413,564638,542846,24297,567143,6335
2022-02-07,San Diego,073,3302833,727590,716244,50035,766279,4811
2022-02-07,San Francisco,075,870044,118529,113945,7821,121766,727
2022-02-07,San Joaquin,077,732212,161799,159358,9537,168895,1998
2022-02-07,San Luis Obispo,079,281455,50206,48994,3486,52480,406
2022-02-07,San Mateo,081,765935,117202,107060,6493,113553,589
2022-02-07,Santa Barbara,083,443738,82973,81608,4495,86103,624
2022-02-07,Santa Clara,085,1922200,301086,293360,11620,304980,2085
2022-02-07,Santa Cruz,087,273765,44842,43244,2004,45248,239
2022-02-07,Shasta,089,179085,29366,28900,5788,34688,468
2022-02-07,Sierra,091,2930,268,265,43,308,0
2022-02-07,Siskiyou,093,43540,4256,4157,2554,6711,68
2022-02-07,Solano,095,438530,78166,73934,5293,79227,420
2022-02-07,Sonoma,097,501317,80211,78296,2375,80671,431
2022-02-07,Stanislaus,099,539301,114218,113029,16816,129845,1406
2022-02-07,Sutter,101,95872,19826,19599,1869,21468,203
2022-02-07,Tehama,103,63373,11625,11418,2516,13934,146
2022-02-07,Trinity,105,12862,1133,1109,267,1376,20
2022-02-07,Tulare,107,460477,102967,98774,26195,124969,1263
2022-02-07,Tuolumne,109,53932,12214,11578,513,12091,92
2022-02-07,Ventura,111,848112,168762,166904,9127,176031,1324
2022-02-07,Yolo,113,214977,35592,34007,2704,36711,281
2022-02-07,Yuba,115,75493,15232,14998,1084,16082,105
2022-02-06,Alameda,001,1643700,244906,237188,12874,250062,1643
2022-02-06,Alpine,002,1148,120,123,1,124,0
2022-02-06,Amador,005,37829,8116,7922,577,8499,73
2022-02-06,Butte,007,227075,31820,31021,6644,37665,355
2022-02-06,Calaveras,009,45235,7001,6870,309,7179,99
2022-02-06,Colusa,011,21464,3347,3282,1016,4298,21
2022-02-06,Contra Costa,013,1133247,184585,176863,12304,189167,1128
2022-02-06,Del Norte,015,27424,5209,5038,146,5184,44
2022-02-06,El Dorado,017,186661,25884,25165,3048,28213,185
2022-02-06,Fresno,019,978130,225021,214726,22911,237637,2489
2022-02-06,Glenn,021,27897,4835,4738,1548,6286,39
2022-02-06,Humboldt,023,135768,15911,15658,2606,18264,128
2022-02-06,Imperial,025,180216,53642,52396,9948,62344,853
2022-02-06,Inyo,027,18085,3995,3970,424,4394,51
2022-02-06,Kern,029,883053,186006,181188,43824,225012,1996
2022-02-06,Kings,031,150075,49270,47669,3342,51011,401
2022-02-06,Lake,033,64148,9932,9468,790,10258,125
2022-02-06,Lassen,035,31185,8513,8326,834,9160,55
2022-02-06,Los Angeles,037,10098052,2645172,2602620,118889,2721509,29180
2022-02-06,Madera,039,155013,35699,34901,5527,40428,330
2022-02-06,Marin,041,260295,23575,31488,2064,33552,255
2022-02-06,Mariposa,043,17540,2278,2244,163,2407,6
2022-02-06,Mendocino,045,87422,12451,12169,2610,14779,107
2022-02-06,Merced,047,269075,61182,59112,7991,67103,748
2022-02-06,Modoc,049,8938,690,675,228,903,6
2022-02-06,Mono,051,14174,2932,2901,116,3017,5
2022-02-06,Monterey,053,433212,75912,67912,12115,80027,670
2022-02-06,Napa,055,140530,24415,23230,858,24088,120
2022-02-06,Nevada,057,99092,15391,15192,1101,16293,113
2022-02-06,Orange,059,3164182,534453,527906,39971,567877,6171
2022-02-06,Placer,061,380077,60883,59507,7055,66562,544
2022-02-06,Plumas,063,18699,2851,2559,303,2862,13
2022-02-06,Riverside,065,2383286,578308,568276,26662,594938,5865
2022-02-06,Sacramento,067,1510023,271084,261353,25048,286401,2631
2022-02-06,San Benito,069,59416,12477,12186,488,12674,90
2022-02-06,San Bernardino,071,2135413,563661,541103,24227,565330,6334
2022-02-06,San Diego,073,3302833,725531,709938,49794,759732,4786
2022-02-06,San Francisco,075,870044,118148,113115,7795,120910,728
2022-02-06,San Joaquin,077,732212,161229,158510,9499,168009,1997
2022-02-06,San Luis Obispo,079,281455,49981,48843,3429,52272,405
2022-02-06,San Mateo,081,765935,116864,105556,6454,112010,587
2022-02-06,Santa Barbara,083,443738,82655,81118,4458,85576,623
2022-02-06,Santa Clara,085,1922200,299964,291732,11504,303236,2075
2022-02-06,Santa Cruz,087,273765,44529,42952,1990,44942,239
2022-02-06,Shasta,089,179085,29243,28762,5739,34501,468
2022-02-06,Sierra,091,2930,268,265,43,308,0
2022-02-06,Siskiyou,093,43540,4235,4118,2528,6646,68
2022-02-06,Solano,095,438530,77869,73475,5252,78727,419
2022-02-06,Sonoma,097,501317,79876,77887,2355,80242,431
2022-02-06,Stanislaus,099,539301,113822,112521,16668,129189,1406
2022-02-06,Sutter,101,95872,19784,19523,1831,21354,203
2022-02-06,Tehama,103,63373,11585,11366,2496,13862,146
2022-02-06,Trinity,105,12862,1132,1102,266,1368,20
2022-02-06,Tulare,107,460477,102535,98260,26015,124275,1262
2022-02-06,Tuolumne,109,53932,12162,11507,495,12002,92
2022-02-06,Ventura,111,848112,168386,166235,9116,175351,1323
2022-02-06,Yolo,113,214977,35453,33784,2687,36471,281
2022-02-06,Yuba,115,75493,15187,14917,1075,15992,104
2022-02-05,Alameda,001,1643700,244491,235698,12863,248561,1638
2022-02-05,Alpine,002,1148,120,124,1,125,0
2022-02-05,Amador,005,37829,8107,7855,575,8430,71
2022-02-05,Butte,007,227075,31765,30733,6630,37363,355
2022-02-05,Calaveras,009,45235,6985,6789,309,7098,99
2022-02-05,Colusa,011,21464,3340,3234,1016,4250,21
2022-02-05,Contra Costa,013,1133247,184308,175871,12288,188159,1115
2022-02-05,Del Norte,015,27424,5167,4978,146,5124,44
2022-02-05,El Dorado,017,186661,25853,24813,3046,27859,185
2022-02-05,Fresno,019,978130,224663,213539,22889,236428,2477
2022-02-05,Glenn,021,27897,4833,4691,1542,6233,39
2022-02-05,Humboldt,023,135768,15862,15514,2603,18117,127
2022-02-05,Imperial,025,180216,53581,52153,9935,62088,853
2022-02-05,Inyo,027,18085,3992,3948,424,4372,51
2022-02-05,Kern,029,883053,185797,180296,43722,224018,1987
2022-02-05,Kings,031,150075,49183,47538,3335,50873,402
2022-02-05,Lake,033,64148,9913,9289,783,10072,124
2022-02-05,Lassen,035,31185,8502,8288,832,9120,55
2022-02-05,Los Angeles,037,10098052,2642997,2572702,118764,2691466,28947
2022-02-05,Madera,039,155013,35646,34471,5514,39985,329
2022-02-05,Marin,041,260295,23529,31299,2060,33359,255
2022-02-05,Mariposa,043,17540,2277,2222,162,2384,6
2022-02-05,Mendocino,045,87422,12423,12066,2608,14674,107
2022-02-05,Merced,047,269075,61088,58908,7984,66892,744
2022-02-05,Modoc,049,8938,689,664,228,892,6
2022-02-05,Mono,051,14174,2931,2904,116,3020,5
2022-02-05,Monterey,053,433212,75798,67342,12071,79413,666
2022-02-05,Napa,055,140530,24359,22973,857,23830,118
2022-02-05,Nevada,057,99092,15369,15002,1096,16098,113
2022-02-05,Orange,059,3164182,534011,527516,39878,567394,6134
2022-02-05,Placer,061,380077,60758,59043,7042,66085,533
2022-02-05,Plumas,063,18699,2850,2550,302,2852,13
2022-02-05,Riverside,065,2383286,577705,563991,26592,590583,5827
2022-02-05,Sacramento,067,1510023,270686,259437,25011,284448,2610
2022-02-05,San Benito,069,59416,12432,12142,488,12630,90
2022-02-05,San Bernardino,071,2135413,563149,539312,24207,563519,6322
2022-02-05,San Diego,073,3302833,724674,703957,49718,753675,4735
2022-02-05,San Francisco,075,870044,117934,112481,7768,120249,720
2022-02-05,San Joaquin,077,732212,161041,157420,9487,166907,1989
2022-02-05,San Luis Obispo,079,281455,49944,48361,3427,51788,404
2022-02-05,San Mateo,081,765935,116676,104810,6446,111256,587
2022-02-05,Santa Barbara,083,443738,82492,80478,4446,84924,617
2022-02-05,Santa Clara,085,1922200,299312,289262,11488,300750,2067
2022-02-05,Santa Cruz,087,273765,44455,42553,1987,44540,239
2022-02-05,Shasta,089,179085,29200,28604,5729,34333,466
2022-02-05,Sierra,091,2930,268,262,43,305,0
2022-02-05,Siskiyou,093,43540,4228,4106,2515,6621,67
2022-02-05,Solano,095,438530,77794,73112,5242,78354,415
2022-02-05,Sonoma,097,501317,79709,77213,2351,79564,431
2022-02-05,Stanislaus,099,539301,113620,111783,16645,128428,1406
2022-02-05,Sutter,101,95872,19754,19406,1825,21231,203
2022-02-05,Tehama,103,63373,11566,11259,2490,13749,146
2022-02-05,Trinity,105,12862,1130,1085,266,1351,20
2022-02-05,Tulare,107,460477,102366,97414,25934,123348,1254
2022-02-05,Tuolumne,109,53932,12136,11409,492,11901,91
2022-02-05,Ventura,111,848112,168160,165532,9100,174632,1308
2022-02-05,Yolo,113,214977,35370,33614,2672,36286,281
2022-02-05,Yuba,115,75493,15156,14801,1067,15868,105
2022-02-04,Alameda,001,1643700,244001,235698,12851,248549,1638
2022-02-04,Alpine,002,1148,120,124,1,125,0
2022-02-04,Amador,005,37829,8091,7855,571,8426,71
2022-02-04,Butte,007,227075,31706,30733,6618,37351,355
2022-02-04,Calaveras,009,45235,6975,6789,307,7096,99
2022-02-04,Colusa,011,21464,3336,3234,1014,4248,21
2022-02-04,Contra Costa,013,1133247,183974,175871,12260,188131,1115
2022-02-04,Del Norte,015,27424,5146,4978,146,5124,44
2022-02-04,El Dorado,017,186661,25819,24813,3043,27856,185
2022-02-04,Fresno,019,978130,224180,213539,22854,236393,2477
2022-02-04,Glenn,021,27897,4824,4691,1539,6230,39
2022-02-04,Humboldt,023,135768,15835,15514,2600,18114,127
2022-02-04,Imperial,025,180216,53504,52153,9918,62071,853
2022-02-04,Inyo,027,18085,3989,3948,424,4372,51
2022-02-04,Kern,029,883053,185572,180296,43598,223894,1987
2022-02-04,Kings,031,150075,49108,47538,3328,50866,402
2022-02-04,Lake,033,64148,9891,9289,780,10069,124
2022-02-04,Lassen,035,31185,8479,8288,832,9120,55
2022-02-04,Los Angeles,037,10098052,2640360,2572702,118633,2691335,28947
2022-02-04,Madera,039,155013,35563,34471,5506,39977,329
2022-02-04,Marin,041,260295,23465,31299,2051,33350,255
2022-02-04,Mariposa,043,17540,2275,2222,160,2382,6
2022-02-04,Mendocino,045,87422,12392,12066,2606,14672,107
2022-02-04,Merced,047,269075,61008,58908,7974,66882,744
2022-02-04,Modoc,049,8938,689,664,228,892,6
2022-02-04,Mono,051,14174,2929,2904,116,3020,5
2022-02-04,Monterey,053,433212,75608,67342,12028,79370,666
2022-02-04,Napa,055,140530,24312,22973,853,23826,118
2022-02-04,Nevada,057,99092,15335,15002,1092,16094,113
2022-02-04,Orange,059,3164182,533462,527516,39820,567336,6134
2022-02-04,Placer,061,380077,60652,59043,7031,66074,533
2022-02-04,Plumas,063,18699,2843,2550,301,2851,13
2022-02-04,Riverside,065,2383286,576992,563991,26580,590571,5827
2022-02-04,Sacramento,067,1510023,270183,259437,24984,284421,2610
2022-02-04,San Benito,069,59416,12413,12142,486,12628,90
2022-02-04,San Bernardino,071,2135413,562567,539312,24186,563498,6322
2022-02-04,San Diego,073,3302833,723544,703957,49632,753589,4735
2022-02-04,San Francisco,075,870044,117693,112481,7743,120224,720
2022-02-04,San Joaquin,077,732212,160809,157420,9475,166895,1989
2022-02-04,San Luis Obispo,079,281455,49883,48361,3420,51781,404
2022-02-04,San Mateo,081,765935,116444,104810,6432,111242,587
2022-02-04,Santa Barbara,083,443738,82343,80478,4445,84923,617
2022-02-04,Santa Clara,085,1922200,298641,289262,11467,300729,2067
2022-02-04,Santa Cruz,087,273765,44250,42553,1983,44536,239
2022-02-04,Shasta,089,179085,29148,28604,5718,34322,466
2022-02-04,Sierra,091,2930,268,262,43,305,0
2022-02-04,Siskiyou,093,43540,4220,4106,2508,6614,67
2022-02-04,Solano,095,438530,77602,73112,5204,78316,415
2022-02-04,Sonoma,097,501317,79550,77213,2271,79484,431
2022-02-04,Stanislaus,099,539301,113439,111783,16619,128402,1406
2022-02-04,Sutter,101,95872,19730,19406,1818,21224,203
2022-02-04,Tehama,103,63373,11551,11259,2489,13748,146
2022-02-04,Trinity,105,12862,1129,1085,265,1350,20
2022-02-04,Tulare,107,460477,102185,97414,25854,123268,1254
2022-02-04,Tuolumne,109,53932,12124,11409,491,11900,91
2022-02-04,Ventura,111,848112,167891,165532,9092,174624,1308
2022-02-04,Yolo,113,214977,35276,33614,2666,36280,281
2022-02-04,Yuba,115,75493,15138,14801,1067,15868,105
2022-02-03,Alameda,001,1643700,243227,235698,12789,248487,1638
2022-02-03,Alpine,002,1148,120,124,1,125,0
2022-02-03,Amador,005,37829,8071,7855,566,8421,71
2022-02-03,Butte,007,227075,31601,30733,6588,37321,355
2022-02-03,Calaveras,009,45235,6945,6789,304,7093,99
2022-02-03,Colusa,011,21464,3323,3234,1012,4246,21
2022-02-03,Contra Costa,013,1133247,183345,175871,12157,188028,1115
2022-02-03,Del Norte,015,27424,5103,4978,143,5121,44
2022-02-03,El Dorado,017,186661,25748,24813,3038,27851,185
2022-02-03,Fresno,019,978130,223239,213539,22692,236231,2477
2022-02-03,Glenn,021,27897,4807,4691,1522,6213,39
2022-02-03,Humboldt,023,135768,15759,15514,2564,18078,127
2022-02-03,Imperial,025,180216,53360,52153,9867,62020,853
2022-02-03,Inyo,027,18085,3986,3948,420,4368,51
2022-02-03,Kern,029,883053,185108,180296,43384,223680,1987
2022-02-03,Kings,031,150075,48950,47538,3321,50859,402
2022-02-03,Lake,033,64148,9837,9289,774,10063,124
2022-02-03,Lassen,035,31185,8455,8288,831,9119,55
2022-02-03,Los Angeles,037,10098052,2634939,2572702,118371,2691073,28947
2022-02-03,Madera,039,155013,35427,34471,5462,39933,329
2022-02-03,Marin,041,260295,23370,31299,2046,33345,255
2022-02-03,Mariposa,043,17540,2263,2222,157,2379,6
2022-02-03,Mendocino,045,87422,12348,12066,2583,14649,107
2022-02-03,Merced,047,269075,60856,58908,7876,66784,744
2022-02-03,Modoc,049,8938,686,664,228,892,6
2022-02-03,Mono,051,14174,2924,2904,115,3019,5
2022-02-03,Monterey,053,433212,75321,67342,11837,79179,666
2022-02-03,Napa,055,140530,24178,22973,853,23826,118
2022-02-03,Nevada,057,99092,15295,15002,1082,16084,113
2022-02-03,Orange,059,3164182,532536,527516,39727,567243,6134
2022-02-03,Placer,061,380077,60454,59043,7008,66051,533
2022-02-03,Plumas,063,18699,2829,2550,297,2847,13
2022-02-03,Riverside,065,2383286,575789,563991,26509,590500,5827
2022-02-03,Sacramento,067,1510023,269227,259437,24786,284223,2610
2022-02-03,San Benito,069,59416,12386,12142,483,12625,90
2022-02-03,San Bernardino,071,2135413,561555,539312,24147,563459,6322
2022-02-03,San Diego,073,3302833,721578,703957,49462,753419,4735
2022-02-03,San Francisco,075,870044,117362,112481,7714,120195,720
2022-02-03,San Joaquin,077,732212,160319,157420,9444,166864,1989
2022-02-03,San Luis Obispo,079,281455,49684,48361,3405,51766,404
2022-02-03,San Mateo,081,765935,116093,104810,6399,111209,587
2022-02-03,Santa Barbara,083,443738,81985,80478,4416,84894,617
2022-02-03,Santa Clara,085,1922200,297446,289262,11360,300622,2067
2022-02-03,Santa Cruz,087,273765,43910,42553,1976,44529,239
2022-02-03,Shasta,089,179085,29041,28604,5691,34295,466
2022-02-03,Sierra,091,2930,268,262,43,305,0
2022-02-03,Siskiyou,093,43540,4205,4106,2492,6598,67
2022-02-03,Solano,095,438530,77271,73112,5185,78297,415
2022-02-03,Sonoma,097,501317,79252,77213,2264,79477,431
2022-02-03,Stanislaus,099,539301,113062,111783,16531,128314,1406
2022-02-03,Sutter,101,95872,19678,19406,1802,21208,203
2022-02-03,Tehama,103,63373,11521,11259,2481,13740,146
2022-02-03,Trinity,105,12862,1127,1085,264,1349,20
2022-02-03,Tulare,107,460477,101777,97414,25718,123132,1254
2022-02-03,Tuolumne,109,53932,12083,11409,479,11888,91
2022-02-03,Ventura,111,848112,167505,165532,9080,174612,1308
2022-02-03,Yolo,113,214977,35167,33614,2652,36266,281
2022-02-03,Yuba,115,75493,15088,14801,1051,15852,105
2022-02-02,Alameda,001,1643700,242276,234300,12689,246989,1632
2022-02-02,Alpine,002,1148,120,123,1,124,0
2022-02-02,Amador,005,37829,8041,7781,557,8338,71
2022-02-02,Butte,007,227075,31488,30550,6551,37101,355
2022-02-02,Calaveras,009,45235,6918,6753,300,7053,99
2022-02-02,Colusa,011,21464,3308,3211,1011,4222,21
2022-02-02,Contra Costa,013,1133247,182716,174876,12060,186936,1113
2022-02-02,Del Norte,015,27424,5061,4924,139,5063,44
2022-02-02,El Dorado,017,186661,25685,24690,3019,27709,185
2022-02-02,Fresno,019,978130,222197,211976,22559,234535,2463
2022-02-02,Glenn,021,27897,4788,4667,1512,6179,39
2022-02-02,Humboldt,023,135768,15699,15392,2525,17917,127
2022-02-02,Imperial,025,180216,53162,51875,9740,61615,853
2022-02-02,Inyo,027,18085,3980,3944,419,4363,51
2022-02-02,Kern,029,883053,184512,179386,43171,222557,1974
2022-02-02,Kings,031,150075,48760,47061,3296,50357,401
2022-02-02,Lake,033,64148,9779,9235,767,10002,120
2022-02-02,Lassen,035,31185,8442,8258,822,9080,55
2022-02-02,Los Angeles,037,10098052,2628716,2561902,117997,2679899,28850
2022-02-02,Madera,039,155013,35260,34265,5390,39655,329
2022-02-02,Marin,041,260295,23267,31149,2036,33185,255
2022-02-02,Mariposa,043,17540,2252,2215,153,2368,6
2022-02-02,Mendocino,045,87422,12295,11996,2544,14540,105
2022-02-02,Merced,047,269075,60671,58532,7790,66322,744
2022-02-02,Modoc,049,8938,680,662,228,890,6
2022-02-02,Mono,051,14174,2913,2887,115,3002,5
2022-02-02,Monterey,053,433212,74929,66852,11657,78509,666
2022-02-02,Napa,055,140530,24058,22859,840,23699,117
2022-02-02,Nevada,057,99092,15237,14895,1060,15955,112
2022-02-02,Orange,059,3164182,531474,524418,39629,564047,6127
2022-02-02,Placer,061,380077,60260,58654,6979,65633,533
2022-02-02,Plumas,063,18699,2813,2540,294,2834,12
2022-02-02,Riverside,065,2383286,574509,561220,26462,587682,5827
2022-02-02,Sacramento,067,1510023,268222,258078,24577,282655,2602
2022-02-02,San Benito,069,59416,12346,12058,479,12537,90
2022-02-02,San Bernardino,071,2135413,560534,537485,24084,561569,6317
2022-02-02,San Diego,073,3302833,719380,703957,49276,753233,4735
2022-02-02,San Francisco,075,870044,116991,112008,7698,119706,714
2022-02-02,San Joaquin,077,732212,159746,156537,9418,165955,1986
2022-02-02,San Luis Obispo,079,281455,49485,48119,3392,51511,403
2022-02-02,San Mateo,081,765935,115717,104201,6335,110536,587
2022-02-02,Santa Barbara,083,443738,81642,79979,4385,84364,612
2022-02-02,Santa Clara,085,1922200,296273,287443,11249,298692,2051
2022-02-02,Santa Cruz,087,273765,43621,42127,1965,44092,239
2022-02-02,Shasta,089,179085,28940,28429,5646,34075,465
2022-02-02,Sierra,091,2930,268,262,43,305,0
2022-02-02,Siskiyou,093,43540,4195,4078,2463,6541,67
2022-02-02,Solano,095,438530,76912,72711,5158,77869,414
2022-02-02,Sonoma,097,501317,78939,76681,2251,78932,431
2022-02-02,Stanislaus,099,539301,112665,111167,16398,127565,1403
2022-02-02,Sutter,101,95872,19614,19290,1773,21063,203
2022-02-02,Tehama,103,63373,11463,11193,2462,13655,146
2022-02-02,Trinity,105,12862,1124,1074,262,1336,20
2022-02-02,Tulare,107,460477,101389,96820,25567,122387,1249
2022-02-02,Tuolumne,109,53932,12006,11342,476,11818,91
2022-02-02,Ventura,111,848112,167107,164905,9061,173966,1292
2022-02-02,Yolo,113,214977,35042,33332,2629,35961,281
2022-02-02,Yuba,115,75493,15023,14720,1043,15763,104
2022-02-01,Alameda,001,1643700,241205,233782,12584,246366,1620
2022-02-01,Alpine,002,1148,120,123,1,124,0
2022-02-01,Amador,005,37829,7995,7783,551,8334,73
2022-02-01,Butte,007,227075,31343,30496,6509,37005,355
2022-02-01,Calaveras,009,45235,6881,6749,296,7045,98
2022-02-01,Colusa,011,21464,3296,3202,998,4200,21
2022-02-01,Contra Costa,013,1133247,181952,174379,11916,186295,1115
2022-02-01,Del Norte,015,27424,5013,4907,136,5043,44
2022-02-01,El Dorado,017,186661,25625,24664,3002,27666,184
2022-02-01,Fresno,019,978130,220993,211352,22394,233746,2464
2022-02-01,Glenn,021,27897,4772,4649,1502,6151,39
2022-02-01,Humboldt,023,135768,15617,15354,2497,17851,127
2022-02-01,Imperial,025,180216,52949,51675,9675,61350,846
2022-02-01,Inyo,027,18085,3970,3928,416,4344,51
2022-02-01,Kern,029,883053,183865,178987,42926,221913,1967
2022-02-01,Kings,031,150075,48500,46959,3273,50232,400
2022-02-01,Lake,033,64148,9723,9211,760,9971,119
2022-02-01,Lassen,035,31185,8424,8231,818,9049,55
2022-02-01,Los Angeles,037,10098052,2621557,2548794,117623,2666417,28752
2022-02-01,Madera,039,155013,35040,34124,5309,39433,329
2022-02-01,Marin,041,260295,23143,31099,2020,33119,255
2022-02-01,Mariposa,043,17540,2245,2210,152,2362,6
2022-02-01,Mendocino,045,87422,12233,11978,2507,14485,105
2022-02-01,Merced,047,269075,60485,58362,7664,66026,743
2022-02-01,Modoc,049,8938,673,664,228,892,6
2022-02-01,Mono,051,14174,2907,2888,115,3003,5
2022-02-01,Monterey,053,433212,74509,66553,11463,78016,665
2022-02-01,Napa,055,140530,23957,22795,824,23619,116
2022-02-01,Nevada,057,99092,15176,14863,1048,15911,112
2022-02-01,Orange,059,3164182,530328,523741,39484,563225,6108
2022-02-01,Placer,061,380077,60012,58486,6941,65427,532
2022-02-01,Plumas,063,18699,2798,2526,291,2817,12
2022-02-01,Riverside,065,2383286,573122,560010,26414,586424,5825
2022-02-01,Sacramento,067,1510023,267166,257504,24311,281815,2593
2022-02-01,San Benito,069,59416,12280,12053,476,12529,90
2022-02-01,San Bernardino,071,2135413,559239,536591,24019,560610,6311
2022-02-01,San Diego,073,3302833,716862,701009,49050,750059,4710
2022-02-01,San Francisco,075,870044,116524,111606,7679,119285,713
2022-02-01,San Joaquin,077,732212,159214,156300,9395,165695,1987
2022-02-01,San Luis Obispo,079,281455,49256,47842,3331,51173,403
2022-02-01,San Mateo,081,765935,115248,103868,6293,110161,589
2022-02-01,Santa Barbara,083,443738,81197,79659,4348,84007,608
2022-02-01,Santa Clara,085,1922200,294743,286109,11146,297255,2070
2022-02-01,Santa Cruz,087,273765,43321,41782,1949,43731,239
2022-02-01,Shasta,089,179085,28819,28382,5593,33975,465
2022-02-01,Sierra,091,2930,266,262,43,305,0
2022-02-01,Siskiyou,093,43540,4181,4072,2436,6508,66
2022-02-01,Solano,095,438530,76634,72494,5136,77630,415
2022-02-01,Sonoma,097,501317,78578,76379,2228,78607,431
2022-02-01,Stanislaus,099,539301,112253,110925,16292,127217,1403
2022-02-01,Sutter,101,95872,19546,19256,1740,20996,202
2022-02-01,Tehama,103,63373,11406,11165,2449,13614,146
2022-02-01,Trinity,105,12862,1120,1073,262,1335,19
2022-02-01,Tulare,107,460477,100895,96467,25371,121838,1247
2022-02-01,Tuolumne,109,53932,11956,11318,467,11785,91
2022-02-01,Ventura,111,848112,166602,164721,9036,173757,1293
2022-02-01,Yolo,113,214977,34890,33257,2603,35860,275
2022-02-01,Yuba,115,75493,14962,14693,1036,15729,103
2022-01-31,Alameda,001,1643700,239849,232743,12474,245217,1607
2022-01-31,Alpine,002,1148,119,123,1,124,0
2022-01-31,Amador,005,37829,7943,7682,534,8216,73
2022-01-31,Butte,007,227075,31166,30371,6461,36832,354
2022-01-31,Calaveras,009,45235,6845,6700,285,6985,96
2022-01-31,Colusa,011,21464,3286,3187,989,4176,21
2022-01-31,Contra Costa,013,1133247,181112,173466,11789,185255,1115
2022-01-31,Del Norte,015,27424,4979,4879,133,5012,43
2022-01-31,El Dorado,017,186661,25519,24545,2972,27517,184
2022-01-31,Fresno,019,978130,219490,210589,22194,232783,2464
2022-01-31,Glenn,021,27897,4736,4641,1490,6131,39
2022-01-31,Humboldt,023,135768,15527,15308,2464,17772,126
2022-01-31,Imperial,025,180216,52732,51472,9568,61040,846
2022-01-31,Inyo,027,18085,3959,3922,410,4332,50
2022-01-31,Kern,029,883053,183085,178375,42610,220985,1967
2022-01-31,Kings,031,150075,48142,46845,3239,50084,398
2022-01-31,Lake,033,64148,9650,9141,748,9889,119
2022-01-31,Lassen,035,31185,8393,8162,812,8974,55
2022-01-31,Los Angeles,037,10098052,2613326,2541189,117217,2658406,28718
2022-01-31,Madera,039,155013,34825,33886,5213,39099,329
2022-01-31,Marin,041,260295,23018,31023,2003,33026,253
2022-01-31,Mariposa,043,17540,2235,2203,143,2346,6
2022-01-31,Mendocino,045,87422,12167,11896,2466,14362,104
2022-01-31,Merced,047,269075,60198,58198,7475,65673,740
2022-01-31,Modoc,049,8938,670,661,228,889,6
2022-01-31,Mono,051,14174,2893,2889,115,3004,5
2022-01-31,Monterey,053,433212,74056,66117,11254,77371,661
2022-01-31,Napa,055,140530,23788,22707,807,23514,113
2022-01-31,Nevada,057,99092,15099,14813,1035,15848,112
2022-01-31,Orange,059,3164182,528998,522358,39344,561702,6098
2022-01-31,Placer,061,380077,59765,58252,6910,65162,523
2022-01-31,Plumas,063,18699,2785,2513,289,2802,12
2022-01-31,Riverside,065,2383286,571303,558166,26350,584516,5785
2022-01-31,Sacramento,067,1510023,265873,256594,24059,280653,2571
2022-01-31,San Benito,069,59416,12221,11976,475,12451,90
2022-01-31,San Bernardino,071,2135413,557588,535276,23938,559214,6302
2022-01-31,San Diego,073,3302833,713958,698571,48783,747354,4686
2022-01-31,San Francisco,075,870044,116120,111119,7645,118764,712
2022-01-31,San Joaquin,077,732212,158452,155736,9364,165100,1985
2022-01-31,San Luis Obispo,079,281455,49002,47656,3274,50930,395
2022-01-31,San Mateo,081,765935,114739,103313,6235,109548,589
2022-01-31,Santa Barbara,083,443738,80691,79267,4306,83573,606
2022-01-31,Santa Clara,085,1922200,293053,284562,11042,295604,2041
2022-01-31,Santa Cruz,087,273765,42942,41630,1942,43572,239
2022-01-31,Shasta,089,179085,28689,28190,5552,33742,462
2022-01-31,Sierra,091,2930,266,261,43,304,0
2022-01-31,Siskiyou,093,43540,4165,4054,2420,6474,66
2022-01-31,Solano,095,438530,75928,72258,5089,77347,414
2022-01-31,Sonoma,097,501317,78124,76199,2198,78397,431
2022-01-31,Stanislaus,099,539301,111727,110493,16110,126603,1403
2022-01-31,Sutter,101,95872,19466,19189,1690,20879,202
2022-01-31,Tehama,103,63373,11343,11112,2421,13533,145
2022-01-31,Trinity,105,12862,1115,1071,259,1330,19
2022-01-31,Tulare,107,460477,100262,96053,25138,121191,1245
2022-01-31,Tuolumne,109,53932,11866,11278,460,11738,91
2022-01-31,Ventura,111,848112,166066,164060,9011,173071,1286
2022-01-31,Yolo,113,214977,34729,33175,2576,35751,274
2022-01-31,Yuba,115,75493,14899,14652,1016,15668,103
2022-01-30,Alameda,001,1643700,238295,231838,12323,244161,1607
2022-01-30,Alpine,002,1148,119,123,1,124,0
2022-01-30,Amador,005,37829,7890,7644,512,8156,73
2022-01-30,Butte,007,227075,30960,30255,6382,36637,354
2022-01-30,Calaveras,009,45235,6789,6676,274,6950,96
2022-01-30,Colusa,011,21464,3266,3168,981,4149,21
2022-01-30,Contra Costa,013,1133247,180119,172902,11585,184487,1102
2022-01-30,Del Norte,015,27424,4938,4833,130,4963,43
2022-01-30,El Dorado,017,186661,25396,24491,2948,27439,184
2022-01-30,Fresno,019,978130,217910,209645,21929,231574,2463
2022-01-30,Glenn,021,27897,4703,4619,1481,6100,39
2022-01-30,Humboldt,023,135768,15415,15247,2409,17656,126
2022-01-30,Imperial,025,180216,52408,51415,9399,60814,846
2022-01-30,Inyo,027,18085,3942,3921,407,4328,50
2022-01-30,Kern,029,883053,182220,177924,42288,220212,1967
2022-01-30,Kings,031,150075,47789,46654,3182,49836,398
2022-01-30,Lake,033,64148,9561,9080,727,9807,119
2022-01-30,Lassen,035,31185,8369,8158,804,8962,55
2022-01-30,Los Angeles,037,10098052,2603241,2530739,116746,2647485,28678
2022-01-30,Madera,039,155013,34526,33752,5029,38781,329
2022-01-30,Marin,041,260295,22870,30875,1989,32864,253
2022-01-30,Mariposa,043,17540,2223,2177,138,2315,6
2022-01-30,Mendocino,045,87422,12094,11860,2360,14220,104
2022-01-30,Merced,047,269075,59826,58006,7181,65187,740
2022-01-30,Modoc,049,8938,667,661,228,889,6
2022-01-30,Mono,051,14174,2887,2888,115,3003,5
2022-01-30,Monterey,053,433212,73468,65996,10977,76973,661
2022-01-30,Napa,055,140530,23617,22588,791,23379,114
2022-01-30,Nevada,057,99092,15010,14741,1019,15760,112
2022-01-30,Orange,059,3164182,527358,521334,39191,560525,6098
2022-01-30,Placer,061,380077,59438,58030,6870,64900,523
2022-01-30,Plumas,063,18699,2760,2510,275,2785,12
2022-01-30,Riverside,065,2383286,569235,557088,26249,583337,5767
2022-01-30,Sacramento,067,1510023,264413,255715,23565,279280,2572
2022-01-30,San Benito,069,59416,12155,11945,470,12415,90
2022-01-30,San Bernardino,071,2135413,555817,534050,23827,557877,6302
2022-01-30,San Diego,073,3302833,710429,687145,48349,735494,4665
2022-01-30,San Francisco,075,870044,115573,110772,7611,118383,712
2022-01-30,San Joaquin,077,732212,157463,155165,9326,164491,1985
2022-01-30,San Luis Obispo,079,281455,48604,47599,3238,50837,394
2022-01-30,San Mateo,081,765935,114164,102979,6190,109169,589
2022-01-30,Santa Barbara,083,443738,80014,79072,4245,83317,606
2022-01-30,Santa Clara,085,1922200,291078,282846,10911,293757,2035
2022-01-30,Santa Cruz,087,273765,42483,41330,1934,43264,239
2022-01-30,Shasta,089,179085,28528,28105,5468,33573,462
2022-01-30,Sierra,091,2930,266,261,43,304,0
2022-01-30,Siskiyou,093,43540,4135,4039,2373,6412,66
2022-01-30,Solano,095,438530,75402,71857,5038,76895,414
2022-01-30,Sonoma,097,501317,77605,75890,2169,78059,431
2022-01-30,Stanislaus,099,539301,111071,110111,15907,126018,1403
2022-01-30,Sutter,101,95872,19374,19108,1593,20701,202
2022-01-30,Tehama,103,63373,11271,11071,2391,13462,145
2022-01-30,Trinity,105,12862,1109,1068,259,1327,19
2022-01-30,Tulare,107,460477,99519,95676,24879,120555,1245
2022-01-30,Tuolumne,109,53932,11756,11242,423,11665,91
2022-01-30,Ventura,111,848112,165489,163521,8981,172502,1286
2022-01-30,Yolo,113,214977,34511,33043,2543,35586,274
2022-01-30,Yuba,115,75493,14809,14584,996,15580,103
2022-01-29,Alameda,001,1643700,237625,225602,12305,237907,1605
2022-01-29,Alpine,002,1148,119,123,1,124,0
2022-01-29,Amador,005,37829,7868,7505,509,8014,73
2022-01-29,Butte,007,227075,30870,29557,6351,35908,353
2022-01-29,Calaveras,009,45235,6770,6484,274,6758,96
2022-01-29,Colusa,011,21464,3261,3107,977,4084,21
2022-01-29,Contra Costa,013,1133247,179571,168003,11552,179555,1101
2022-01-29,Del Norte,015,27424,4920,4589,128,4717,43
2022-01-29,El Dorado,017,186661,25353,24008,2941,26949,184
2022-01-29,Fresno,019,978130,217448,202691,21890,224581,2457
2022-01-29,Glenn,021,27897,4695,4516,1474,5990,39
2022-01-29,Humboldt,023,135768,15368,14812,2402,17214,126
2022-01-29,Imperial,025,180216,52290,50153,9344,59497,845
2022-01-29,Inyo,027,18085,3940,3895,399,4294,50
2022-01-29,Kern,029,883053,181880,174456,42126,216582,1962
2022-01-29,Kings,031,150075,47670,45047,3175,48222,397
2022-01-29,Lake,033,64148,9528,8747,723,9470,119
2022-01-29,Lassen,035,31185,8348,7961,801,8762,55
2022-01-29,Los Angeles,037,10098052,2599334,2473332,116481,2589813,28467
2022-01-29,Madera,039,155013,34416,32753,5001,37754,329
2022-01-29,Marin,041,260295,22805,30137,1987,32124,253
2022-01-29,Mariposa,043,17540,2221,2117,136,2253,6
2022-01-29,Mendocino,045,87422,12070,11591,2344,13935,104
2022-01-29,Merced,047,269075,59718,56472,7176,63648,735
2022-01-29,Modoc,049,8938,667,654,228,882,6
2022-01-29,Mono,051,14174,2885,2860,115,2975,5
2022-01-29,Monterey,053,433212,73313,64090,10915,75005,658
2022-01-29,Napa,055,140530,23561,22121,789,22910,113
2022-01-29,Nevada,057,99092,14976,14337,1016,15353,112
2022-01-29,Orange,059,3164182,526653,511255,39084,550339,6038
2022-01-29,Placer,061,380077,59249,56562,6854,63416,523
2022-01-29,Plumas,063,18699,2750,2463,271,2734,12
2022-01-29,Riverside,065,2383286,568210,548121,26207,574328,5726
2022-01-29,Sacramento,067,1510023,263772,249130,23516,272646,2558
2022-01-29,San Benito,069,59416,12097,11670,469,12139,90
2022-01-29,San Bernardino,071,2135413,555068,525249,23783,549032,6297
2022-01-29,San Diego,073,3302833,709096,683027,48252,731279,4643
2022-01-29,San Francisco,075,870044,115298,108265,7563,115828,712
2022-01-29,San Joaquin,077,732212,157218,150849,9304,160153,1971
2022-01-29,San Luis Obispo,079,281455,48513,46374,3235,49609,391
2022-01-29,San Mateo,081,765935,113824,100306,6171,106477,586
2022-01-29,Santa Barbara,083,443738,79792,76546,4239,80785,604
2022-01-29,Santa Clara,085,1922200,290143,273879,10883,284762,2019
2022-01-29,Santa Cruz,087,273765,42352,39228,1932,41160,240
2022-01-29,Shasta,089,179085,28468,27504,5455,32959,452
2022-01-29,Sierra,091,2930,266,260,42,302,0
2022-01-29,Siskiyou,093,43540,4125,3987,2366,6353,66
2022-01-29,Solano,095,438530,75257,69862,5025,74887,407
2022-01-29,Sonoma,097,501317,77390,73439,2164,75603,427
2022-01-29,Stanislaus,099,539301,110822,107668,15856,123524,1403
2022-01-29,Sutter,101,95872,19326,18797,1577,20374,202
2022-01-29,Tehama,103,63373,11236,10880,2382,13262,145
2022-01-29,Trinity,105,12862,1106,1033,258,1291,19
2022-01-29,Tulare,107,460477,99261,93154,24806,117960,1237
2022-01-29,Tuolumne,109,53932,11730,10806,415,11221,91
2022-01-29,Ventura,111,848112,165160,160466,8962,169428,1271
2022-01-29,Yolo,113,214977,34397,32123,2527,34650,275
2022-01-29,Yuba,115,75493,14769,14295,994,15289,103
2022-01-28,Alameda,001,1643700,236679,225602,12286,237888,1605
2022-01-28,Alpine,002,1148,119,123,1,124,0
2022-01-28,Amador,005,37829,7842,7505,508,8013,73
2022-01-28,Butte,007,227075,30793,29557,6329,35886,353
2022-01-28,Calaveras,009,45235,6752,6484,273,6757,96
2022-01-28,Colusa,011,21464,3256,3107,976,4083,21
2022-01-28,Contra Costa,013,1133247,179022,168003,11514,179517,1101
2022-01-28,Del Norte,015,27424,4896,4589,127,4716,43
2022-01-28,El Dorado,017,186661,25309,24008,2934,26942,184
2022-01-28,Fresno,019,978130,216565,202691,21832,224523,2457
2022-01-28,Glenn,021,27897,4682,4516,1472,5988,39
2022-01-28,Humboldt,023,135768,15332,14812,2392,17204,126
2022-01-28,Imperial,025,180216,52162,50153,9314,59467,845
2022-01-28,Inyo,027,18085,3936,3895,396,4291,50
2022-01-28,Kern,029,883053,181469,174456,41968,216424,1962
2022-01-28,Kings,031,150075,47540,45047,3165,48212,397
2022-01-28,Lake,033,64148,9496,8747,720,9467,119
2022-01-28,Lassen,035,31185,8278,7961,799,8760,55
2022-01-28,Los Angeles,037,10098052,2593606,2473332,116270,2589602,28467
2022-01-28,Madera,039,155013,34288,32753,4985,37738,329
2022-01-28,Marin,041,260295,22712,30137,1967,32104,253
2022-01-28,Mariposa,043,17540,2211,2117,134,2251,6
2022-01-28,Mendocino,045,87422,12026,11591,2342,13933,104
2022-01-28,Merced,047,269075,59617,56472,7161,63633,735
2022-01-28,Modoc,049,8938,666,654,228,882,6
2022-01-28,Mono,051,14174,2880,2860,114,2974,5
2022-01-28,Monterey,053,433212,73111,64090,10866,74956,658
2022-01-28,Napa,055,140530,23482,22121,787,22908,113
2022-01-28,Nevada,057,99092,14939,14337,1014,15351,112
2022-01-28,Orange,059,3164182,525581,511255,38994,550249,6038
2022-01-28,Placer,061,380077,59049,56562,6831,63393,523
2022-01-28,Plumas,063,18699,2742,2463,269,2732,12
2022-01-28,Riverside,065,2383286,566886,548121,26166,574287,5726
2022-01-28,Sacramento,067,1510023,263027,249130,23462,272592,2558
2022-01-28,San Benito,069,59416,12075,11670,464,12134,90
2022-01-28,San Bernardino,071,2135413,554026,525249,23746,548995,6297
2022-01-28,San Diego,073,3302833,707280,683027,48174,731201,4643
2022-01-28,San Francisco,075,870044,114942,108265,7514,115779,712
2022-01-28,San Joaquin,077,732212,156929,150849,9290,160139,1971
2022-01-28,San Luis Obispo,079,281455,48429,46374,3228,49602,391
2022-01-28,San Mateo,081,765935,113470,100306,6151,106457,586
2022-01-28,Santa Barbara,083,443738,79543,76546,4237,80783,604
2022-01-28,Santa Clara,085,1922200,288954,273879,10834,284713,2019
2022-01-28,Santa Cruz,087,273765,42159,39228,1922,41150,240
2022-01-28,Shasta,089,179085,28408,27504,5441,32945,452
2022-01-28,Sierra,091,2930,266,260,42,302,0
2022-01-28,Siskiyou,093,43540,4115,3987,2362,6349,66
2022-01-28,Solano,095,438530,74706,69862,4959,74821,407
2022-01-28,Sonoma,097,501317,77185,73439,2157,75596,427
2022-01-28,Stanislaus,099,539301,110549,107668,15809,123477,1403
2022-01-28,Sutter,101,95872,19281,18797,1575,20372,202
2022-01-28,Tehama,103,63373,11204,10880,2375,13255,145
2022-01-28,Trinity,105,12862,1097,1033,258,1291,19
2022-01-28,Tulare,107,460477,98988,93154,24701,117855,1237
2022-01-28,Tuolumne,109,53932,11697,10806,411,11217,91
2022-01-28,Ventura,111,848112,164705,160466,8943,169409,1271
2022-01-28,Yolo,113,214977,34292,32123,2521,34644,275
2022-01-28,Yuba,115,75493,14730,14295,990,15285,103
2022-01-27,Alameda,001,1643700,235093,225602,12148,237750,1605
2022-01-27,Alpine,002,1148,119,123,1,124,0
2022-01-27,Amador,005,37829,7795,7505,497,8002,73
2022-01-27,Butte,007,227075,30640,29557,6275,35832,353
2022-01-27,Calaveras,009,45235,6726,6484,257,6741,96
2022-01-27,Colusa,011,21464,3240,3107,971,4078,21
2022-01-27,Contra Costa,013,1133247,177960,168003,11340,179343,1101
2022-01-27,Del Norte,015,27424,4852,4589,123,4712,43
2022-01-27,El Dorado,017,186661,25200,24008,2915,26923,184
2022-01-27,Fresno,019,978130,214904,202691,21611,224302,2457
2022-01-27,Glenn,021,27897,4650,4516,1464,5980,39
2022-01-27,Humboldt,023,135768,15245,14812,2355,17167,126
2022-01-27,Imperial,025,180216,51889,50153,9203,59356,845
2022-01-27,Inyo,027,18085,3929,3895,387,4282,50
2022-01-27,Kern,029,883053,180690,174456,41607,216063,1962
2022-01-27,Kings,031,150075,47199,45047,3127,48174,397
2022-01-27,Lake,033,64148,9442,8747,703,9450,119
2022-01-27,Lassen,035,31185,8237,7961,793,8754,55
2022-01-27,Los Angeles,037,10098052,2582446,2473332,115757,2589089,28467
2022-01-27,Madera,039,155013,34079,32753,4883,37636,329
2022-01-27,Marin,041,260295,22548,30137,1952,32089,253
2022-01-27,Mariposa,043,17540,2188,2117,131,2248,6
2022-01-27,Mendocino,045,87422,11975,11591,2293,13884,104
2022-01-27,Merced,047,269075,59346,56472,6998,63470,735
2022-01-27,Modoc,049,8938,664,654,227,881,6
2022-01-27,Mono,051,14174,2875,2860,114,2974,5
2022-01-27,Monterey,053,433212,72490,64090,10622,74712,658
2022-01-27,Napa,055,140530,23325,22121,760,22881,113
2022-01-27,Nevada,057,99092,14867,14337,987,15324,112
2022-01-27,Orange,059,3164182,523852,511255,38855,550110,6038
2022-01-27,Placer,061,380077,58733,56562,6779,63341,523
2022-01-27,Plumas,063,18699,2731,2463,257,2720,12
2022-01-27,Riverside,065,2383286,564711,548121,26097,574218,5726
2022-01-27,Sacramento,067,1510023,261744,249130,23132,272262,2558
2022-01-27,San Benito,069,59416,12020,11670,459,12129,90
2022-01-27,San Bernardino,071,2135413,552132,525249,23645,548894,6297
2022-01-27,San Diego,073,3302833,703949,683027,47818,730845,4643
2022-01-27,San Francisco,075,870044,114434,108265,7456,115721,712
2022-01-27,San Joaquin,077,732212,156068,150849,9225,160074,1971
2022-01-27,San Luis Obispo,079,281455,48158,46374,3193,49567,391
2022-01-27,San Mateo,081,765935,112883,100306,6082,106388,586
2022-01-27,Santa Barbara,083,443738,79064,76546,4182,80728,604
2022-01-27,Santa Clara,085,1922200,286882,273879,10688,284567,2019
2022-01-27,Santa Cruz,087,273765,41494,39228,1904,41132,240
2022-01-27,Shasta,089,179085,28283,27504,5392,32896,452
2022-01-27,Sierra,091,2930,265,260,41,301,0
2022-01-27,Siskiyou,093,43540,4094,3987,2325,6312,66
2022-01-27,Solano,095,438530,74067,69862,4901,74763,407
2022-01-27,Sonoma,097,501317,76720,73439,2143,75582,427
2022-01-27,Stanislaus,099,539301,110023,107668,15652,123320,1403
2022-01-27,Sutter,101,95872,19175,18797,1551,20348,202
2022-01-27,Tehama,103,63373,11152,10880,2359,13239,145
2022-01-27,Trinity,105,12862,1093,1033,257,1290,19
2022-01-27,Tulare,107,460477,98319,93154,24441,117595,1237
2022-01-27,Tuolumne,109,53932,11642,10806,403,11209,91
2022-01-27,Ventura,111,848112,164054,160466,8907,169373,1271
2022-01-27,Yolo,113,214977,34146,32123,2506,34629,275
2022-01-27,Yuba,115,75493,14652,14295,974,15269,103
2022-01-26,Alameda,001,1643700,233204,222680,11978,234658,1596
2022-01-26,Alpine,002,1148,119,123,1,124,0
2022-01-26,Amador,005,37829,7721,7427,482,7909,73
2022-01-26,Butte,007,227075,30449,29229,6212,35441,353
2022-01-26,Calaveras,009,45235,6688,6387,251,6638,96
2022-01-26,Colusa,011,21464,3221,3094,966,4060,21
2022-01-26,Contra Costa,013,1133247,176760,165972,11171,177143,1095
2022-01-26,Del Norte,015,27424,4794,4542,122,4664,43
2022-01-26,El Dorado,017,186661,25079,23819,2892,26711,181
2022-01-26,Fresno,019,978130,213029,199689,21389,221078,2452
2022-01-26,Glenn,021,27897,4616,4472,1459,5931,39
2022-01-26,Humboldt,023,135768,15147,14715,2312,17027,126
2022-01-26,Imperial,025,180216,51531,49477,9063,58540,839
2022-01-26,Inyo,027,18085,3926,3889,357,4246,50
2022-01-26,Kern,029,883053,179750,173052,41266,214318,1953
2022-01-26,Kings,031,150075,46794,44367,3098,47465,396
2022-01-26,Lake,033,64148,9360,8645,693,9338,119
2022-01-26,Lassen,035,31185,8197,7888,793,8681,55
2022-01-26,Los Angeles,037,10098052,2570234,2450620,115312,2565932,28382
2022-01-26,Madera,039,155013,33840,32323,4746,37069,329
2022-01-26,Marin,041,260295,22366,29813,1936,31749,253
2022-01-26,Mariposa,043,17540,2171,2108,124,2232,6
2022-01-26,Mendocino,045,87422,11927,11453,2242,13695,103
2022-01-26,Merced,047,269075,58969,56060,6821,62881,733
2022-01-26,Modoc,049,8938,663,652,226,878,6
2022-01-26,Mono,051,14174,2872,2852,114,2966,4
2022-01-26,Monterey,053,433212,71933,63264,10335,73599,659
2022-01-26,Napa,055,140530,23168,21864,750,22614,112
2022-01-26,Nevada,057,99092,14772,14128,975,15103,112
2022-01-26,Orange,059,3164182,521859,506419,38688,545107,6007
2022-01-26,Placer,061,380077,58393,55892,6717,62609,524
2022-01-26,Plumas,063,18699,2704,2425,255,2680,12
2022-01-26,Riverside,065,2383286,562181,543788,25981,569769,5701
2022-01-26,Sacramento,067,1510023,260049,246416,22801,269217,2559
2022-01-26,San Benito,069,59416,11949,11563,447,12010,90
2022-01-26,San Bernardino,071,2135413,549859,521699,23538,545237,6291
2022-01-26,San Diego,073,3302833,699742,676392,47463,723855,4622
2022-01-26,San Francisco,075,870044,113790,107174,7426,114600,704
2022-01-26,San Joaquin,077,732212,155072,148770,9172,157942,1971
2022-01-26,San Luis Obispo,079,281455,47853,45716,3167,48883,391
2022-01-26,San Mateo,081,765935,112216,99016,5959,104975,586
2022-01-26,Santa Barbara,083,443738,78536,75548,4122,79670,600
2022-01-26,Santa Clara,085,1922200,284765,270470,10518,280988,2015
2022-01-26,Santa Cruz,087,273765,40975,38298,1890,40188,239
2022-01-26,Shasta,089,179085,28136,27255,5347,32602,452
2022-01-26,Sierra,091,2930,264,260,40,300,0
2022-01-26,Siskiyou,093,43540,4078,3971,2300,6271,66
2022-01-26,Solano,095,438530,73370,69150,4834,73984,401
2022-01-26,Sonoma,097,501317,76160,72509,2108,74617,423
2022-01-26,Stanislaus,099,539301,109467,106582,15435,122017,1396
2022-01-26,Sutter,101,95872,19066,18670,1507,20177,202
2022-01-26,Tehama,103,63373,11098,10749,2345,13094,145
2022-01-26,Trinity,105,12862,1088,1008,257,1265,19
2022-01-26,Tulare,107,460477,97513,91904,24202,116106,1234
2022-01-26,Tuolumne,109,53932,11458,10699,392,11091,91
2022-01-26,Ventura,111,848112,163344,159077,8865,167942,1263
2022-01-26,Yolo,113,214977,33928,31913,2468,34381,275
2022-01-26,Yuba,115,75493,14567,14171,952,15123,103
2022-01-25,Alameda,001,1643700,231320,219753,11802,231555,1589
2022-01-25,Alpine,002,1148,119,122,1,123,0
2022-01-25,Amador,005,37829,7644,7352,471,7823,73
2022-01-25,Butte,007,227075,30235,28887,6140,35027,351
2022-01-25,Calaveras,009,45235,6630,6266,238,6504,95
2022-01-25,Colusa,011,21464,3200,3074,964,4038,21
2022-01-25,Contra Costa,013,1133247,175360,163792,10943,174735,1092
2022-01-25,Del Norte,015,27424,4724,4514,117,4631,43
2022-01-25,El Dorado,017,186661,24942,23339,2868,26207,179
2022-01-25,Fresno,019,978130,210847,198262,21090,219352,2434
2022-01-25,Glenn,021,27897,4586,4418,1443,5861,39
2022-01-25,Humboldt,023,135768,15055,14574,2286,16860,126
2022-01-25,Imperial,025,180216,51075,48913,8842,57755,832
2022-01-25,Inyo,027,18085,3910,3857,315,4172,50
2022-01-25,Kern,029,883053,178745,171695,40819,212514,1947
2022-01-25,Kings,031,150075,46326,43853,3053,46906,396
2022-01-25,Lake,033,64148,9281,8543,681,9224,118
2022-01-25,Lassen,035,31185,8166,7834,784,8618,55
2022-01-25,Los Angeles,037,10098052,2555279,2433516,114673,2548189,28293
2022-01-25,Madera,039,155013,33516,31794,4613,36407,329
2022-01-25,Marin,041,260295,22188,29589,1923,31512,253
2022-01-25,Mariposa,043,17540,2159,2069,118,2187,6
2022-01-25,Mendocino,045,87422,11807,11280,2139,13419,103
2022-01-25,Merced,047,269075,58553,55555,6681,62236,733
2022-01-25,Modoc,049,8938,661,652,226,878,6
2022-01-25,Mono,051,14174,2862,2826,113,2939,4
2022-01-25,Monterey,053,433212,71359,62498,9936,72434,654
2022-01-25,Napa,055,140530,22969,21668,716,22384,111
2022-01-25,Nevada,057,99092,14658,13944,953,14897,112
2022-01-25,Orange,059,3164182,519574,504274,38490,542764,5980
2022-01-25,Placer,061,380077,57992,55465,6644,62109,518
2022-01-25,Plumas,063,18699,2680,2397,251,2648,12
2022-01-25,Riverside,065,2383286,559089,540723,25817,566540,5686
2022-01-25,Sacramento,067,1510023,258095,244468,22269,266737,2545
2022-01-25,San Benito,069,59416,11849,11446,443,11889,88
2022-01-25,San Bernardino,071,2135413,547232,519150,23424,542574,6288
2022-01-25,San Diego,073,3302833,694767,670110,47015,717125,4604
2022-01-25,San Francisco,075,870044,113029,106254,7384,113638,703
2022-01-25,San Joaquin,077,732212,154069,147271,9107,156378,1972
2022-01-25,San Luis Obispo,079,281455,47492,45130,3119,48249,391
2022-01-25,San Mateo,081,765935,111379,98010,5848,103858,586
2022-01-25,Santa Barbara,083,443738,77868,74686,4043,78729,594
2022-01-25,Santa Clara,085,1922200,282114,268031,10317,278348,2006
2022-01-25,Santa Cruz,087,273765,40304,37850,1875,39725,237
2022-01-25,Shasta,089,179085,27973,27090,5281,32371,452
2022-01-25,Sierra,091,2930,264,260,36,296,0
2022-01-25,Siskiyou,093,43540,4054,3958,2265,6223,65
2022-01-25,Solano,095,438530,72798,68657,4775,73432,399
2022-01-25,Sonoma,097,501317,75470,71633,2068,73701,423
2022-01-25,Stanislaus,099,539301,108794,105965,15209,121174,1396
2022-01-25,Sutter,101,95872,18963,18508,1467,19975,200
2022-01-25,Tehama,103,63373,11036,10669,2321,12990,145
2022-01-25,Trinity,105,12862,1081,999,255,1254,19
2022-01-25,Tulare,107,460477,96652,91237,23884,115121,1229
2022-01-25,Tuolumne,109,53932,11277,10516,368,10884,91
2022-01-25,Ventura,111,848112,162490,157971,8816,166787,1263
2022-01-25,Yolo,113,214977,33669,31677,2424,34101,274
2022-01-25,Yuba,115,75493,14482,14038,925,14963,103
2022-01-24,Alameda,001,1643700,228851,216252,11533,227785,1581
2022-01-24,Alpine,002,1148,119,120,1,121,0
2022-01-24,Amador,005,37829,7593,7166,434,7600,73
2022-01-24,Butte,007,227075,30003,28607,6074,34681,350
2022-01-24,Calaveras,009,45235,6582,6172,224,6396,95
2022-01-24,Colusa,011,21464,3180,3052,947,3999,21
2022-01-24,Contra Costa,013,1133247,173802,162161,10721,172882,1092
2022-01-24,Del Norte,015,27424,4664,4460,117,4577,43
2022-01-24,El Dorado,017,186661,24778,23128,2841,25969,179
2022-01-24,Fresno,019,978130,208491,196092,20763,216855,2430
2022-01-24,Glenn,021,27897,4546,4367,1434,5801,39
2022-01-24,Humboldt,023,135768,14944,14416,2241,16657,126
2022-01-24,Imperial,025,180216,50535,48228,8562,56790,824
2022-01-24,Inyo,027,18085,3904,3805,291,4096,50
2022-01-24,Kern,029,883053,177435,169892,40349,210241,1946
2022-01-24,Kings,031,150075,45751,43260,2982,46242,396
2022-01-24,Lake,033,64148,9172,8423,666,9089,118
2022-01-24,Lassen,035,31185,8082,7732,765,8497,55
2022-01-24,Los Angeles,037,10098052,2538751,2391045,113896,2504941,28230
2022-01-24,Madera,039,155013,33078,31339,4429,35768,329
2022-01-24,Marin,041,260295,21955,29301,1887,31188,253
2022-01-24,Mariposa,043,17540,2134,2033,114,2147,6
2022-01-24,Mendocino,045,87422,11703,11002,2060,13062,103
2022-01-24,Merced,047,269075,58023,54970,6396,61366,730
2022-01-24,Modoc,049,8938,658,648,225,873,6
2022-01-24,Mono,051,14174,2852,2802,112,2914,4
2022-01-24,Monterey,053,433212,70500,61975,9582,71557,654
2022-01-24,Napa,055,140530,22790,21494,704,22198,111
2022-01-24,Nevada,057,99092,14531,13774,930,14704,112
2022-01-24,Orange,059,3164182,516988,501634,38221,539855,5969
2022-01-24,Placer,061,380077,57509,54933,6595,61528,518
2022-01-24,Plumas,063,18699,2649,2370,237,2607,12
2022-01-24,Riverside,065,2383286,555356,535962,25608,561570,5661
2022-01-24,Sacramento,067,1510023,255727,241522,21709,263231,2526
2022-01-24,San Benito,069,59416,11747,11331,430,11761,88
2022-01-24,San Bernardino,071,2135413,544337,515604,23261,538865,6285
2022-01-24,San Diego,073,3302833,689128,663580,46468,710048,4586
2022-01-24,San Francisco,075,870044,112073,105418,7293,112711,703
2022-01-24,San Joaquin,077,732212,152750,145984,9032,155016,1959
2022-01-24,San Luis Obispo,079,281455,47021,44616,3065,47681,387
2022-01-24,San Mateo,081,765935,110412,96968,5735,102703,586
2022-01-24,Santa Barbara,083,443738,77057,73866,3950,77816,591
2022-01-24,Santa Clara,085,1922200,279216,265341,10107,275448,2006
2022-01-24,Santa Cruz,087,273765,39502,37188,1858,39046,237
2022-01-24,Shasta,089,179085,27789,26871,5193,32064,452
2022-01-24,Sierra,091,2930,264,258,36,294,0
2022-01-24,Siskiyou,093,43540,4046,3934,2226,6160,64
2022-01-24,Solano,095,438530,72116,68094,4698,72792,400
2022-01-24,Sonoma,097,501317,74555,70733,2031,72764,423
2022-01-24,Stanislaus,099,539301,108036,104933,14922,119855,1395
2022-01-24,Sutter,101,95872,18847,18336,1381,19717,200
2022-01-24,Tehama,103,63373,10966,10567,2301,12868,145
2022-01-24,Trinity,105,12862,1072,978,253,1231,19
2022-01-24,Tulare,107,460477,95575,90089,23527,113616,1219
2022-01-24,Tuolumne,109,53932,11156,10374,360,10734,91
2022-01-24,Ventura,111,848112,161467,156551,8771,165322,1261
2022-01-24,Yolo,113,214977,33376,31480,2395,33875,273
2022-01-24,Yuba,115,75493,14375,13862,886,14748,103
2022-01-23,Alameda,001,1643700,226157,214003,11196,225199,1583
2022-01-23,Alpine,002,1148,119,120,1,121,0
2022-01-23,Amador,005,37829,7537,7090,394,7484,73
2022-01-23,Butte,007,227075,29704,28340,5948,34288,350
2022-01-23,Calaveras,009,45235,6517,6095,203,6298,95
2022-01-23,Colusa,011,21464,3155,3040,938,3978,21
2022-01-23,Contra Costa,013,1133247,171859,160798,10350,171148,1092
2022-01-23,Del Norte,015,27424,4596,4419,111,4530,43
2022-01-23,El Dorado,017,186661,24592,22925,2794,25719,179
2022-01-23,Fresno,019,978130,205932,193642,20272,213914,2430
2022-01-23,Glenn,021,27897,4499,4340,1412,5752,39
2022-01-23,Humboldt,023,135768,14822,14296,2159,16455,126
2022-01-23,Imperial,025,180216,49935,47935,8280,56215,824
2022-01-23,Inyo,027,18085,3877,3781,277,4058,50
2022-01-23,Kern,029,883053,176072,168585,39821,208406,1946
2022-01-23,Kings,031,150075,45117,42622,2879,45501,397
2022-01-23,Lake,033,64148,9002,8363,640,9003,118
2022-01-23,Lassen,035,31185,8033,7710,741,8451,55
2022-01-23,Los Angeles,037,10098052,2518415,2390590,112754,2503344,28231
2022-01-23,Madera,039,155013,32718,30962,4193,35155,329
2022-01-23,Marin,041,260295,21702,29025,1849,30874,253
2022-01-23,Mariposa,043,17540,2119,2011,111,2122,6
2022-01-23,Mendocino,045,87422,11578,10889,1932,12821,103
2022-01-23,Merced,047,269075,57410,54644,5938,60582,730
2022-01-23,Modoc,049,8938,656,645,222,867,6
2022-01-23,Mono,051,14174,2844,2788,110,2898,4
2022-01-23,Monterey,053,433212,69660,61522,9152,70674,654
2022-01-23,Napa,055,140530,22527,21281,691,21972,111
2022-01-23,Nevada,057,99092,14369,13629,901,14530,112
2022-01-23,Orange,059,3164182,513874,498968,37923,536891,5970
2022-01-23,Placer,061,380077,56944,54568,6507,61075,518
2022-01-23,Plumas,063,18699,2616,2368,208,2576,12
2022-01-23,Riverside,065,2383286,550913,532273,25306,557579,5661
2022-01-23,Sacramento,067,1510023,253082,239589,20764,260353,2530
2022-01-23,San Benito,069,59416,11625,11225,419,11644,88
2022-01-23,San Bernardino,071,2135413,540772,512657,22983,535640,6281
2022-01-23,San Diego,073,3302833,682529,640215,45667,685882,4566
2022-01-23,San Francisco,075,870044,111007,104485,7186,111671,704
2022-01-23,San Joaquin,077,732212,151124,144621,8949,153570,1959
2022-01-23,San Luis Obispo,079,281455,46324,44183,2991,47174,386
2022-01-23,San Mateo,081,765935,109291,95940,5592,101532,586
2022-01-23,Santa Barbara,083,443738,75934,73041,3828,76869,590
2022-01-23,Santa Clara,085,1922200,275868,261991,9789,271780,2005
2022-01-23,Santa Cruz,087,273765,38971,36547,1827,38374,237
2022-01-23,Shasta,089,179085,27509,26732,5073,31805,452
2022-01-23,Sierra,091,2930,263,252,36,288,0
2022-01-23,Siskiyou,093,43540,4021,3916,2169,6085,64
2022-01-23,Solano,095,438530,71315,67457,4604,72061,400
2022-01-23,Sonoma,097,501317,73601,69791,1975,71766,423
2022-01-23,Stanislaus,099,539301,107174,104067,14630,118697,1395
2022-01-23,Sutter,101,95872,18688,18175,1268,19443,200
2022-01-23,Tehama,103,63373,10868,10481,2270,12751,145
2022-01-23,Trinity,105,12862,1069,961,251,1212,19
2022-01-23,Tulare,107,460477,94315,89120,23111,112231,1219
2022-01-23,Tuolumne,109,53932,10964,10243,343,10586,91
2022-01-23,Ventura,111,848112,160285,155052,8694,163746,1261
2022-01-23,Yolo,113,214977,33000,30908,2355,33263,273
2022-01-23,Yuba,115,75493,14251,13762,833,14595,103
2022-01-22,Alameda,001,1643700,225098,203927,11168,215095,1575
2022-01-22,Alpine,002,1148,118,119,1,120,0
2022-01-22,Amador,005,37829,7503,6845,389,7234,73
2022-01-22,Butte,007,227075,29581,27232,5916,33148,350
2022-01-22,Calaveras,009,45235,6487,5835,202,6037,95
2022-01-22,Colusa,011,21464,3138,2954,935,3889,21
2022-01-22,Contra Costa,013,1133247,170882,154111,10320,164431,1091
2022-01-22,Del Norte,015,27424,4557,4269,107,4376,43
2022-01-22,El Dorado,017,186661,24527,22273,2782,25055,179
2022-01-22,Fresno,019,978130,205091,185292,20202,205494,2429
2022-01-22,Glenn,021,27897,4492,4174,1409,5583,39
2022-01-22,Humboldt,023,135768,14754,13628,2146,15774,125
2022-01-22,Imperial,025,180216,49743,45741,8222,53963,820
2022-01-22,Inyo,027,18085,3873,3706,253,3959,50
2022-01-22,Kern,029,883053,175445,162902,39521,202423,1946
2022-01-22,Kings,031,150075,44909,40580,2866,43446,396
2022-01-22,Lake,033,64148,8968,8056,632,8688,118
2022-01-22,Lassen,035,31185,7999,7545,734,8279,55
2022-01-22,Los Angeles,037,10098052,2510990,2286280,112251,2398531,28038
2022-01-22,Madera,039,155013,32599,29595,4178,33773,329
2022-01-22,Marin,041,260295,21575,27893,1844,29737,253
2022-01-22,Mariposa,043,17540,2115,1920,111,2031,6
2022-01-22,Mendocino,045,87422,11528,10395,1910,12305,103
2022-01-22,Merced,047,269075,57240,53025,5929,58954,727
2022-01-22,Modoc,049,8938,655,639,222,861,6
2022-01-22,Mono,051,14174,2843,2723,106,2829,4
2022-01-22,Monterey,053,433212,69454,59038,9110,68148,651
2022-01-22,Napa,055,140530,22432,20402,681,21083,111
2022-01-22,Nevada,057,99092,14300,12957,893,13850,112
2022-01-22,Orange,059,3164182,512258,480329,37673,518002,5946
2022-01-22,Placer,061,380077,56673,52557,6470,59027,512
2022-01-22,Plumas,063,18699,2599,2289,204,2493,12
2022-01-22,Riverside,065,2383286,548992,513567,25234,538801,5623
2022-01-22,Sacramento,067,1510023,252040,230206,20656,250862,2510
2022-01-22,San Benito,069,59416,11567,10743,414,11157,88
2022-01-22,San Bernardino,071,2135413,539241,495209,22889,518098,6267
2022-01-22,San Diego,073,3302833,680048,628904,45448,674352,4559
2022-01-22,San Francisco,075,870044,110350,100238,7037,107275,702
2022-01-22,San Joaquin,077,732212,150681,138264,8907,147171,1960
2022-01-22,San Luis Obispo,079,281455,46205,42154,2985,45139,385
2022-01-22,San Mateo,081,765935,108705,91440,5530,96970,585
2022-01-22,Santa Barbara,083,443738,75512,69555,3822,73377,589
2022-01-22,Santa Clara,085,1922200,274181,249205,9723,258928,1993
2022-01-22,Santa Cruz,087,273765,38789,33741,1821,35562,237
2022-01-22,Shasta,089,179085,27413,25919,5051,30970,450
2022-01-22,Sierra,091,2930,263,248,35,283,0
2022-01-22,Siskiyou,093,43540,4003,3845,2148,5993,62
2022-01-22,Solano,095,438530,71092,63882,4567,68449,391
2022-01-22,Sonoma,097,501317,73180,66013,1965,67978,422
2022-01-22,Stanislaus,099,539301,106715,100092,14532,114624,1393
2022-01-22,Sutter,101,95872,18620,17616,1255,18871,199
2022-01-22,Tehama,103,63373,10833,10171,2259,12430,142
2022-01-22,Trinity,105,12862,1067,925,251,1176,19
2022-01-22,Tulare,107,460477,93937,85223,22989,108212,1211
2022-01-22,Tuolumne,109,53932,10896,9731,337,10068,91
2022-01-22,Ventura,111,848112,159594,148742,8654,157396,1250
2022-01-22,Yolo,113,214977,32822,30061,2338,32399,273
2022-01-22,Yuba,115,75493,14161,13288,829,14117,103
2022-01-21,Alameda,001,1643700,223526,203927,11134,215061,1575
2022-01-21,Alpine,002,1148,118,119,1,120,0
2022-01-21,Amador,005,37829,7446,6845,386,7231,73
2022-01-21,Butte,007,227075,29455,27232,5873,33105,350
2022-01-21,Calaveras,009,45235,6441,5835,202,6037,95
2022-01-21,Colusa,011,21464,3131,2954,929,3883,21
2022-01-21,Contra Costa,013,1133247,169775,154111,10240,164351,1091
2022-01-21,Del Norte,015,27424,4517,4269,107,4376,43
2022-01-21,El Dorado,017,186661,24442,22273,2766,25039,179
2022-01-21,Fresno,019,978130,203798,185292,20096,205388,2429
2022-01-21,Glenn,021,27897,4470,4174,1405,5579,39
2022-01-21,Humboldt,023,135768,14683,13628,2127,15755,125
2022-01-21,Imperial,025,180216,49554,45741,8146,53887,820
2022-01-21,Inyo,027,18085,3860,3706,248,3954,50
2022-01-21,Kern,029,883053,174730,162902,39153,202055,1946
2022-01-21,Kings,031,150075,44711,40580,2858,43438,396
2022-01-21,Lake,033,64148,8911,8056,620,8676,118
2022-01-21,Lassen,035,31185,7950,7545,730,8275,55
2022-01-21,Los Angeles,037,10098052,2499681,2286280,111794,2398074,28038
2022-01-21,Madera,039,155013,32307,29595,4150,33745,329
2022-01-21,Marin,041,260295,21400,27893,1825,29718,253
2022-01-21,Mariposa,043,17540,2103,1920,110,2030,6
2022-01-21,Mendocino,045,87422,11447,10395,1907,12302,103
2022-01-21,Merced,047,269075,57072,53025,5925,58950,727
2022-01-21,Modoc,049,8938,654,639,222,861,6
2022-01-21,Mono,051,14174,2829,2723,103,2826,4
2022-01-21,Monterey,053,433212,68983,59038,8984,68022,651
2022-01-21,Napa,055,140530,22312,20402,673,21075,111
2022-01-21,Nevada,057,99092,14202,12957,889,13846,112
2022-01-21,Orange,059,3164182,510018,480329,37426,517755,5946
2022-01-21,Placer,061,380077,56280,52557,6408,58965,512
2022-01-21,Plumas,063,18699,2586,2289,199,2488,12
2022-01-21,Riverside,065,2383286,546337,513567,25155,538722,5623
2022-01-21,Sacramento,067,1510023,250599,230206,20557,250763,2510
2022-01-21,San Benito,069,59416,11532,10743,411,11154,88
2022-01-21,San Bernardino,071,2135413,537167,495209,22813,518022,6267
2022-01-21,San Diego,073,3302833,675895,628904,45274,674178,4559
2022-01-21,San Francisco,075,870044,109590,100238,6949,107187,702
2022-01-21,San Joaquin,077,732212,150078,138264,8851,147115,1960
2022-01-21,San Luis Obispo,079,281455,46079,42154,2982,45136,385
2022-01-21,San Mateo,081,765935,108032,91440,5491,96931,585
2022-01-21,Santa Barbara,083,443738,75010,69555,3813,73368,589
2022-01-21,Santa Clara,085,1922200,272348,249205,9615,258820,1993
2022-01-21,Santa Cruz,087,273765,38070,33741,1808,35549,237
2022-01-21,Shasta,089,179085,27324,25919,5004,30923,450
2022-01-21,Sierra,091,2930,261,248,34,282,0
2022-01-21,Siskiyou,093,43540,3994,3845,2130,5975,62
2022-01-21,Solano,095,438530,70679,63882,4484,68366,391
2022-01-21,Sonoma,097,501317,72655,66013,1955,67968,422
2022-01-21,Stanislaus,099,539301,106209,100092,14457,114549,1393
2022-01-21,Sutter,101,95872,18534,17616,1241,18857,199
2022-01-21,Tehama,103,63373,10796,10171,2257,12428,142
2022-01-21,Trinity,105,12862,1061,925,250,1175,19
2022-01-21,Tulare,107,460477,93457,85223,22835,108058,1211
2022-01-21,Tuolumne,109,53932,10813,9731,330,10061,91
2022-01-21,Ventura,111,848112,158784,148742,8623,157365,1250
2022-01-21,Yolo,113,214977,32660,30061,2317,32378,273
2022-01-21,Yuba,115,75493,14089,13288,822,14110,103
2022-01-20,Alameda,001,1643700,220473,203927,10897,214824,1575
2022-01-20,Alpine,002,1148,118,119,1,120,0
2022-01-20,Amador,005,37829,7382,6845,368,7213,73
2022-01-20,Butte,007,227075,29188,27232,5793,33025,350
2022-01-20,Calaveras,009,45235,6336,5835,193,6028,95
2022-01-20,Colusa,011,21464,3105,2954,917,3871,21
2022-01-20,Contra Costa,013,1133247,167720,154111,9966,164077,1091
2022-01-20,Del Norte,015,27424,4477,4269,104,4373,43
2022-01-20,El Dorado,017,186661,24242,22273,2720,24993,179
2022-01-20,Fresno,019,978130,201132,185292,19708,205000,2429
2022-01-20,Glenn,021,27897,4436,4174,1396,5570,39
2022-01-20,Humboldt,023,135768,14556,13628,2077,15705,125
2022-01-20,Imperial,025,180216,49034,45741,7972,53713,820
2022-01-20,Inyo,027,18085,3848,3706,237,3943,50
2022-01-20,Kern,029,883053,173207,162902,38613,201515,1946
2022-01-20,Kings,031,150075,44154,40580,2818,43398,396
2022-01-20,Lake,033,64148,8815,8056,592,8648,118
2022-01-20,Lassen,035,31185,7897,7545,715,8260,55
2022-01-20,Los Angeles,037,10098052,2474936,2286280,110826,2397106,28038
2022-01-20,Madera,039,155013,31920,29595,4025,33620,329
2022-01-20,Marin,041,260295,21108,27893,1788,29681,253
2022-01-20,Mariposa,043,17540,2076,1920,107,2027,6
2022-01-20,Mendocino,045,87422,11349,10395,1829,12224,103
2022-01-20,Merced,047,269075,56601,53025,5692,58717,727
2022-01-20,Modoc,049,8938,652,639,222,861,6
2022-01-20,Mono,051,14174,2821,2723,102,2825,4
2022-01-20,Monterey,053,433212,68217,59038,8568,67606,651
2022-01-20,Napa,055,140530,22046,20402,634,21036,111
2022-01-20,Nevada,057,99092,14057,12957,867,13824,112
2022-01-20,Orange,059,3164182,506071,480329,37054,517383,5946
2022-01-20,Placer,061,380077,55795,52557,6348,58905,512
2022-01-20,Plumas,063,18699,2558,2289,195,2484,12
2022-01-20,Riverside,065,2383286,541765,513567,24923,538490,5623
2022-01-20,Sacramento,067,1510023,248317,230206,19923,250129,2510
2022-01-20,San Benito,069,59416,11421,10743,398,11141,88
2022-01-20,San Bernardino,071,2135413,532954,495209,22534,517743,6267
2022-01-20,San Diego,073,3302833,668820,628904,44577,673481,4559
2022-01-20,San Francisco,075,870044,108443,100238,6810,107048,702
2022-01-20,San Joaquin,077,732212,148426,138264,8723,146987,1960
2022-01-20,San Luis Obispo,079,281455,45568,42154,2948,45102,385
2022-01-20,San Mateo,081,765935,106805,91440,5287,96727,585
2022-01-20,Santa Barbara,083,443738,74111,69555,3701,73256,589
2022-01-20,Santa Clara,085,1922200,268999,249205,9287,258492,1993
2022-01-20,Santa Cruz,087,273765,37185,33741,1785,35526,237
2022-01-20,Shasta,089,179085,27133,25919,4937,30856,450
2022-01-20,Sierra,091,2930,261,248,32,280,0
2022-01-20,Siskiyou,093,43540,3983,3845,2097,5942,62
2022-01-20,Solano,095,438530,69728,63882,4395,68277,391
2022-01-20,Sonoma,097,501317,71627,66013,1904,67917,422
2022-01-20,Stanislaus,099,539301,105248,100092,14250,114342,1393
2022-01-20,Sutter,101,95872,18370,17616,1213,18829,199
2022-01-20,Tehama,103,63373,10724,10171,2239,12410,142
2022-01-20,Trinity,105,12862,1047,925,249,1174,19
2022-01-20,Tulare,107,460477,92402,85223,22546,107769,1211
2022-01-20,Tuolumne,109,53932,10671,9731,320,10051,91
2022-01-20,Ventura,111,848112,157400,148742,8546,157288,1250
2022-01-20,Yolo,113,214977,32372,30061,2284,32345,273
2022-01-20,Yuba,115,75493,13983,13288,789,14077,103
2022-01-19,Alameda,001,1643700,217108,199739,10569,210308,1571
2022-01-19,Alpine,002,1148,117,119,1,120,0
2022-01-19,Amador,005,37829,7301,6789,326,7115,73
2022-01-19,Butte,007,227075,28883,26839,5707,32546,351
2022-01-19,Calaveras,009,45235,6246,5765,184,5949,95
2022-01-19,Colusa,011,21464,3071,2938,909,3847,21
2022-01-19,Contra Costa,013,1133247,165287,151543,9719,161262,1091
2022-01-19,Del Norte,015,27424,4438,4240,103,4343,43
2022-01-19,El Dorado,017,186661,23990,21953,2679,24632,177
2022-01-19,Fresno,019,978130,198160,181526,19382,200908,2430
2022-01-19,Glenn,021,27897,4384,4127,1386,5513,39
2022-01-19,Humboldt,023,135768,14399,13391,2027,15418,125
2022-01-19,Imperial,025,180216,48299,45156,7775,52931,820
2022-01-19,Inyo,027,18085,3825,3680,198,3878,49
2022-01-19,Kern,029,883053,171441,160747,37935,198682,1946
2022-01-19,Kings,031,150075,43455,40027,2750,42777,395
2022-01-19,Lake,033,64148,8688,7972,579,8551,118
2022-01-19,Lassen,035,31185,7840,7507,693,8200,55
2022-01-19,Los Angeles,037,10098052,2446534,2251718,109413,2361131,27934
2022-01-19,Madera,039,155013,31539,29021,3855,32876,329
2022-01-19,Marin,041,260295,20810,27375,1748,29123,251
2022-01-19,Mariposa,043,17540,2051,1896,100,1996,6
2022-01-19,Mendocino,045,87422,11178,10252,1736,11988,103
2022-01-19,Merced,047,269075,56009,52355,5330,57685,724
2022-01-19,Modoc,049,8938,650,635,221,856,6
2022-01-19,Mono,051,14174,2799,2677,100,2777,4
2022-01-19,Monterey,053,433212,67308,58426,8111,66537,651
2022-01-19,Napa,055,140530,21791,20090,607,20697,110
2022-01-19,Nevada,057,99092,13899,12703,840,13543,112
2022-01-19,Orange,059,3164182,501565,468460,36682,505142,5943
2022-01-19,Placer,061,380077,55230,51545,6280,57825,511
2022-01-19,Plumas,063,18699,2518,2239,189,2428,12
2022-01-19,Riverside,065,2383286,536243,503575,24688,528263,5604
2022-01-19,Sacramento,067,1510023,245417,226035,19210,245245,2512
2022-01-19,San Benito,069,59416,11279,10639,386,11025,88
2022-01-19,San Bernardino,071,2135413,528183,487846,22154,510000,6265
2022-01-19,San Diego,073,3302833,660062,614709,43845,658554,4553
2022-01-19,San Francisco,075,870044,107073,98652,6735,105387,694
2022-01-19,San Joaquin,077,732212,146517,135953,8601,144554,1959
2022-01-19,San Luis Obispo,079,281455,44969,41374,2882,44256,382
2022-01-19,San Mateo,081,765935,105389,89715,5023,94738,585
2022-01-19,Santa Barbara,083,443738,73114,68531,3602,72133,586
2022-01-19,Santa Clara,085,1922200,265207,244922,8933,253855,1991
2022-01-19,Santa Cruz,087,273765,35882,33026,1761,34787,237
2022-01-19,Shasta,089,179085,26865,25355,4865,30220,450
2022-01-19,Sierra,091,2930,261,245,31,276,0
2022-01-19,Siskiyou,093,43540,3959,3821,2044,5865,62
2022-01-19,Solano,095,438530,68881,63003,4266,67269,392
2022-01-19,Sonoma,097,501317,70526,64689,1858,66547,420
2022-01-19,Stanislaus,099,539301,104194,98952,13958,112910,1381
2022-01-19,Sutter,101,95872,18202,17436,1125,18561,199
2022-01-19,Tehama,103,63373,10609,10064,2195,12259,142
2022-01-19,Trinity,105,12862,1035,916,248,1164,19
2022-01-19,Tulare,107,460477,91117,83743,22074,105817,1200
2022-01-19,Tuolumne,109,53932,10511,9613,295,9908,91
2022-01-19,Ventura,111,848112,155884,144738,8471,153209,1234
2022-01-19,Yolo,113,214977,32006,29392,2248,31640,273
2022-01-19,Yuba,115,75493,13821,13114,776,13890,104
2022-01-18,Alameda,001,1643700,213772,195728,10242,205970,1566
2022-01-18,Alpine,002,1148,117,118,1,119,0
2022-01-18,Amador,005,37829,7163,6691,290,6981,73
2022-01-18,Butte,007,227075,28490,26514,5625,32139,347
2022-01-18,Calaveras,009,45235,6157,5684,169,5853,94
2022-01-18,Colusa,011,21464,3027,2903,904,3807,21
2022-01-18,Contra Costa,013,1133247,163140,149446,9341,158787,1085
2022-01-18,Del Norte,015,27424,4367,4229,98,4327,43
2022-01-18,El Dorado,017,186661,23623,21707,2635,24342,175
2022-01-18,Fresno,019,978130,194593,178922,18921,197843,2425
2022-01-18,Glenn,021,27897,4350,4070,1374,5444,39
2022-01-18,Humboldt,023,135768,14234,13218,1955,15173,125
2022-01-18,Imperial,025,180216,47601,44742,7596,52338,819
2022-01-18,Inyo,027,18085,3784,3654,188,3842,49
2022-01-18,Kern,029,883053,169419,158864,37179,196043,1943
2022-01-18,Kings,031,150075,42580,39440,2672,42112,392
2022-01-18,Lake,033,64148,8575,7919,560,8479,117
2022-01-18,Lassen,035,31185,7757,7461,654,8115,55
2022-01-18,Los Angeles,037,10098052,2413080,2227360,107940,2335300,27871
2022-01-18,Madera,039,155013,31016,28717,3666,32383,329
2022-01-18,Marin,041,260295,20503,27036,1707,28743,251
2022-01-18,Mariposa,043,17540,2026,1872,96,1968,6
2022-01-18,Mendocino,045,87422,11009,10114,1651,11765,103
2022-01-18,Merced,047,269075,55329,51746,5028,56774,718
2022-01-18,Modoc,049,8938,648,633,216,849,6
2022-01-18,Mono,051,14174,2778,2643,99,2742,4
2022-01-18,Monterey,053,433212,66531,57846,7635,65481,650
2022-01-18,Napa,055,140530,21458,19911,592,20503,109
2022-01-18,Nevada,057,99092,13716,12584,798,13382,111
2022-01-18,Orange,059,3164182,496198,461324,36172,497496,5938
2022-01-18,Placer,061,380077,54583,50983,6206,57189,508
2022-01-18,Plumas,063,18699,2481,2218,183,2401,12
2022-01-18,Riverside,065,2383286,530263,497278,24381,521659,5599
2022-01-18,Sacramento,067,1510023,242330,223745,18223,241968,2496
2022-01-18,San Benito,069,59416,11138,10520,372,10892,88
2022-01-18,San Bernardino,071,2135413,522729,483753,21724,505477,6258
2022-01-18,San Diego,073,3302833,649890,605137,42805,647942,4547
2022-01-18,San Francisco,075,870044,105606,96505,6620,103125,694
2022-01-18,San Joaquin,077,732212,144550,134365,8384,142749,1957
2022-01-18,San Luis Obispo,079,281455,44288,40848,2796,43644,381
2022-01-18,San Mateo,081,765935,103873,88225,4826,93051,585
2022-01-18,Santa Barbara,083,443738,71896,67216,3429,70645,581
2022-01-18,Santa Clara,085,1922200,261022,240281,8538,248819,1986
2022-01-18,Santa Cruz,087,273765,35232,32203,1726,33929,237
2022-01-18,Shasta,089,179085,26583,25162,4771,29933,448
2022-01-18,Sierra,091,2930,257,244,31,275,0
2022-01-18,Siskiyou,093,43540,3926,3799,1991,5790,62
2022-01-18,Solano,095,438530,68030,62204,4155,66359,391
2022-01-18,Sonoma,097,501317,69136,63714,1803,65517,419
2022-01-18,Stanislaus,099,539301,102974,98000,13584,111584,1379
2022-01-18,Sutter,101,95872,18010,17295,1054,18349,198
2022-01-18,Tehama,103,63373,10513,9975,2143,12118,142
2022-01-18,Trinity,105,12862,1022,907,247,1154,19
2022-01-18,Tulare,107,460477,89648,82667,21670,104337,1196
2022-01-18,Tuolumne,109,53932,10342,9528,284,9812,91
2022-01-18,Ventura,111,848112,154170,143384,8385,151769,1233
2022-01-18,Yolo,113,214977,31608,28786,2198,30984,270
2022-01-18,Yuba,115,75493,13661,12971,751,13722,101
2022-01-17,Alameda,001,1643700,209111,193276,9604,202880,1565
2022-01-17,Alpine,002,1148,116,118,0,118,0
2022-01-17,Amador,005,37829,7049,6640,232,6872,73
2022-01-17,Butte,007,227075,28097,26303,5512,31815,348
2022-01-17,Calaveras,009,45235,6026,5584,141,5725,94
2022-01-17,Colusa,011,21464,3003,2905,897,3802,21
2022-01-17,Contra Costa,013,1133247,160207,147993,8841,156834,1086
2022-01-17,Del Norte,015,27424,4316,4209,91,4300,43
2022-01-17,El Dorado,017,186661,23378,21540,2553,24093,175
2022-01-17,Fresno,019,978130,190743,176959,18375,195334,2426
2022-01-17,Glenn,021,27897,4296,4055,1361,5416,39
2022-01-17,Humboldt,023,135768,14028,13120,1789,14909,125
2022-01-17,Imperial,025,180216,46915,44412,7432,51844,821
2022-01-17,Inyo,027,18085,3762,3650,162,3812,49
2022-01-17,Kern,029,883053,166881,157645,36302,193947,1944
2022-01-17,Kings,031,150075,41445,39143,2550,41693,392
2022-01-17,Lake,033,64148,8427,7864,520,8384,117
2022-01-17,Lassen,035,31185,7664,7417,617,8034,55
2022-01-17,Los Angeles,037,10098052,2373836,2205740,105980,2311720,27832
2022-01-17,Madera,039,155013,30362,28568,3486,32054,329
2022-01-17,Marin,041,260295,20100,26633,1651,28284,251
2022-01-17,Mariposa,043,17540,2001,1862,89,1951,6
2022-01-17,Mendocino,045,87422,10786,10030,1511,11541,103
2022-01-17,Merced,047,269075,54588,51227,4437,55664,718
2022-01-17,Modoc,049,8938,644,630,216,846,6
2022-01-17,Mono,051,14174,2755,2642,98,2740,4
2022-01-17,Monterey,053,433212,65410,57318,7217,64535,647
2022-01-17,Napa,055,140530,21111,19647,570,20217,109
2022-01-17,Nevada,057,99092,13530,12414,761,13175,111
2022-01-17,Orange,059,3164182,490225,457418,35689,493107,5933
2022-01-17,Placer,061,380077,53849,50511,6061,56572,508
2022-01-17,Plumas,063,18699,2435,2205,151,2356,12
2022-01-17,Riverside,065,2383286,523447,491322,23928,515250,5600
2022-01-17,Sacramento,067,1510023,238248,221143,16876,238019,2497
2022-01-17,San Benito,069,59416,10971,10432,344,10776,88
2022-01-17,San Bernardino,071,2135413,516256,480243,21183,501426,6259
2022-01-17,San Diego,073,3302833,637681,569241,41616,610857,4545
2022-01-17,San Francisco,075,870044,103978,95292,6430,101722,694
2022-01-17,San Joaquin,077,732212,141694,133414,8194,141608,1958
2022-01-17,San Luis Obispo,079,281455,43460,40425,2695,43120,379
2022-01-17,San Mateo,081,765935,101900,87013,4573,91586,585
2022-01-17,Santa Barbara,083,443738,70574,66704,3229,69933,581
2022-01-17,Santa Clara,085,1922200,256430,237934,8106,246040,1985
2022-01-17,Santa Cruz,087,273765,34458,31714,1689,33403,237
2022-01-17,Shasta,089,179085,26303,25025,4650,29675,448
2022-01-17,Sierra,091,2930,256,242,31,273,0
2022-01-17,Siskiyou,093,43540,3887,3764,1911,5675,62
2022-01-17,Solano,095,438530,66986,61497,3896,65393,391
2022-01-17,Sonoma,097,501317,67629,62763,1737,64500,419
2022-01-17,Stanislaus,099,539301,101656,96951,13092,110043,1379
2022-01-17,Sutter,101,95872,17800,17159,918,18077,198
2022-01-17,Tehama,103,63373,10389,9912,2086,11998,142
2022-01-17,Trinity,105,12862,1009,906,243,1149,19
2022-01-17,Tulare,107,460477,87896,81741,21122,102863,1199
2022-01-17,Tuolumne,109,53932,10202,9416,252,9668,91
2022-01-17,Ventura,111,848112,152054,142070,8267,150337,1234
2022-01-17,Yolo,113,214977,31076,28638,2133,30771,270
2022-01-17,Yuba,115,75493,13465,12871,695,13566,101
2022-01-16,Alameda,001,1643700,206072,190691,9354,200045,1564
2022-01-16,Alpine,002,1148,116,118,0,118,0
2022-01-16,Amador,005,37829,6976,6618,224,6842,73
2022-01-16,Butte,007,227075,27749,26139,5459,31598,348
2022-01-16,Calaveras,009,45235,5925,5537,137,5674,94
2022-01-16,Colusa,011,21464,2986,2886,885,3771,21
2022-01-16,Contra Costa,013,1133247,158191,146307,8626,154933,1086
2022-01-16,Del Norte,015,27424,4274,4177,89,4266,43
2022-01-16,El Dorado,017,186661,23102,21303,2515,23818,175
2022-01-16,Fresno,019,978130,187877,174818,17964,192782,2425
2022-01-16,Glenn,021,27897,4239,4049,1339,5388,39
2022-01-16,Humboldt,023,135768,13879,13075,1770,14845,125
2022-01-16,Imperial,025,180216,46342,44035,7268,51303,821
2022-01-16,Inyo,027,18085,3725,3602,140,3742,49
2022-01-16,Kern,029,883053,165607,156655,35516,192171,1944
2022-01-16,Kings,031,150075,41072,38861,2529,41390,392
2022-01-16,Lake,033,64148,8322,7823,486,8309,117
2022-01-16,Lassen,035,31185,7619,7391,604,7995,55
2022-01-16,Los Angeles,037,10098052,2350617,2174403,104478,2278881,27805
2022-01-16,Madera,039,155013,29992,28313,3436,31749,329
2022-01-16,Marin,041,260295,19808,26292,1636,27928,251
2022-01-16,Mariposa,043,17540,1974,1851,84,1935,6
2022-01-16,Mendocino,045,87422,10639,9992,1395,11387,102
2022-01-16,Merced,047,269075,53948,50882,4404,55286,718
2022-01-16,Modoc,049,8938,641,629,216,845,6
2022-01-16,Mono,051,14174,2751,2614,96,2710,4
2022-01-16,Monterey,053,433212,64645,57012,7074,64086,647
2022-01-16,Napa,055,140530,20842,19521,559,20080,109
2022-01-16,Nevada,057,99092,13316,12307,743,13050,111
2022-01-16,Orange,059,3164182,484813,451962,35139,487101,5932
2022-01-16,Placer,061,380077,53145,50076,5953,56029,508
2022-01-16,Plumas,063,18699,2400,2204,142,2346,12
2022-01-16,Riverside,065,2383286,517936,485191,23708,508899,5600
2022-01-16,Sacramento,067,1510023,235286,218819,16142,234961,2491
2022-01-16,San Benito,069,59416,10812,10377,342,10719,88
2022-01-16,San Bernardino,071,2135413,512218,474425,20928,495353,6259
2022-01-16,San Diego,073,3302833,630098,569241,41181,610422,4545
2022-01-16,San Francisco,075,870044,102460,94139,6292,100431,694
2022-01-16,San Joaquin,077,732212,139893,132214,8051,140265,1958
2022-01-16,San Luis Obispo,079,281455,42803,40113,2656,42769,379
2022-01-16,San Mateo,081,765935,100367,85966,4480,90446,585
2022-01-16,Santa Barbara,083,443738,69543,66111,3189,69300,582
2022-01-16,Santa Clara,085,1922200,252640,234293,7948,242241,1984
2022-01-16,Santa Cruz,087,273765,33829,31469,1667,33136,237
2022-01-16,Shasta,089,179085,26047,24980,4582,29562,449
2022-01-16,Sierra,091,2930,252,238,31,269,0
2022-01-16,Siskiyou,093,43540,3859,3748,1872,5620,62
2022-01-16,Solano,095,438530,66311,60885,3765,64650,391
2022-01-16,Sonoma,097,501317,66549,61842,1720,63562,419
2022-01-16,Stanislaus,099,539301,100594,96370,12926,109296,1379
2022-01-16,Sutter,101,95872,17600,16996,896,17892,198
2022-01-16,Tehama,103,63373,10303,9868,2065,11933,142
2022-01-16,Trinity,105,12862,1004,889,241,1130,19
2022-01-16,Tulare,107,460477,86583,80867,20863,101730,1199
2022-01-16,Tuolumne,109,53932,10097,9369,244,9613,91
2022-01-16,Ventura,111,848112,150477,140715,8189,148904,1234
2022-01-16,Yolo,113,214977,30682,28481,2080,30561,270
2022-01-16,Yuba,115,75493,13287,12760,689,13449,101
2022-01-15,Alameda,001,1643700,204732,177768,9298,187066,1561
2022-01-15,Alpine,002,1148,116,117,0,117,0
2022-01-15,Amador,005,37829,6944,6434,210,6644,72
2022-01-15,Butte,007,227075,27593,25032,5408,30440,348
2022-01-15,Calaveras,009,45235,5893,5258,137,5395,93
2022-01-15,Colusa,011,21464,2972,2796,878,3674,21
2022-01-15,Contra Costa,013,1133247,156924,137643,8578,146221,1082
2022-01-15,Del Norte,015,27424,4259,4065,87,4152,43
2022-01-15,El Dorado,017,186661,22999,20434,2499,22933,175
2022-01-15,Fresno,019,978130,186887,167361,17862,185223,2415
2022-01-15,Glenn,021,27897,4232,3906,1330,5236,39
2022-01-15,Humboldt,023,135768,13776,12419,1754,14173,123
2022-01-15,Imperial,025,180216,46205,42508,7160,49668,817
2022-01-15,Inyo,027,18085,3715,3395,140,3535,49
2022-01-15,Kern,029,883053,164764,150085,35127,185212,1938
2022-01-15,Kings,031,150075,40823,37221,2517,39738,391
2022-01-15,Lake,033,64148,8283,7641,473,8114,117
2022-01-15,Lassen,035,31185,7579,7274,598,7872,55
2022-01-15,Los Angeles,037,10098052,2339066,2047927,103534,2151461,27641
2022-01-15,Madera,039,155013,29846,27294,3413,30707,329
2022-01-15,Marin,041,260295,19620,25248,1630,26878,251
2022-01-15,Mariposa,043,17540,1967,1762,84,1846,6
2022-01-15,Mendocino,045,87422,10566,9534,1389,10923,102
2022-01-15,Merced,047,269075,53768,48904,4391,53295,715
2022-01-15,Modoc,049,8938,639,628,216,844,6
2022-01-15,Mono,051,14174,2746,2508,95,2603,4
2022-01-15,Monterey,053,433212,64132,55315,7010,62325,647
2022-01-15,Napa,055,140530,20721,17648,555,18203,109
2022-01-15,Nevada,057,99092,13256,11773,730,12503,111
2022-01-15,Orange,059,3164182,482195,433141,34850,467991,5914
2022-01-15,Placer,061,380077,52854,47780,5917,53697,501
2022-01-15,Plumas,063,18699,2379,2158,136,2294,12
2022-01-15,Riverside,065,2383286,515252,466381,23573,489954,5578
2022-01-15,Sacramento,067,1510023,234125,208156,16043,224199,2491
2022-01-15,San Benito,069,59416,10712,9868,337,10205,87
2022-01-15,San Bernardino,071,2135413,509853,454395,20780,475175,6233
2022-01-15,San Diego,073,3302833,626314,559385,40928,600313,4540
2022-01-15,San Francisco,075,870044,101468,88004,6157,94161,692
2022-01-15,San Joaquin,077,732212,139320,125136,7954,133090,1954
2022-01-15,San Luis Obispo,079,281455,42614,38231,2643,40874,374
2022-01-15,San Mateo,081,765935,99409,80494,4439,84933,582
2022-01-15,Santa Barbara,083,443738,68947,62312,3178,65490,579
2022-01-15,Santa Clara,085,1922200,250391,218986,7830,226816,1974
2022-01-15,Santa Cruz,087,273765,33477,29414,1659,31073,235
2022-01-15,Shasta,089,179085,25955,24482,4550,29032,445
2022-01-15,Sierra,091,2930,251,232,30,262,0
2022-01-15,Siskiyou,093,43540,3847,3661,1862,5523,62
2022-01-15,Solano,095,438530,66031,58061,3716,61777,389
2022-01-15,Sonoma,097,501317,65963,58181,1714,59895,418
2022-01-15,Stanislaus,099,539301,100012,92986,12823,105809,1379
2022-01-15,Sutter,101,95872,17511,16345,886,17231,197
2022-01-15,Tehama,103,63373,10255,9572,2046,11618,141
2022-01-15,Trinity,105,12862,1001,872,241,1113,19
2022-01-15,Tulare,107,460477,86134,77769,20754,98523,1192
2022-01-15,Tuolumne,109,53932,9996,9042,239,9281,91
2022-01-15,Ventura,111,848112,149702,134736,8151,142887,1227
2022-01-15,Yolo,113,214977,30502,27311,2060,29371,270
2022-01-15,Yuba,115,75493,13223,12200,685,12885,101
2022-01-14,Alameda,001,1643700,202701,177768,9247,187015,1561
2022-01-14,Alpine,002,1148,116,117,0,117,0
2022-01-14,Amador,005,37829,6868,6434,201,6635,72
2022-01-14,Butte,007,227075,27411,25032,5377,30409,348
2022-01-14,Calaveras,009,45235,5856,5258,136,5394,93
2022-01-14,Colusa,011,21464,2963,2796,868,3664,21
2022-01-14,Contra Costa,013,1133247,155396,137643,8472,146115,1082
2022-01-14,Del Norte,015,27424,4234,4065,86,4151,43
2022-01-14,El Dorado,017,186661,22846,20434,2481,22915,175
2022-01-14,Fresno,019,978130,185128,167361,17762,185123,2415
2022-01-14,Glenn,021,27897,4209,3906,1322,5228,39
2022-01-14,Humboldt,023,135768,13670,12419,1722,14141,123
2022-01-14,Imperial,025,180216,46032,42508,7140,49648,817
2022-01-14,Inyo,027,18085,3690,3395,136,3531,49
2022-01-14,Kern,029,883053,163764,150085,34691,184776,1938
2022-01-14,Kings,031,150075,40569,37221,2509,39730,391
2022-01-14,Lake,033,64148,8226,7641,461,8102,117
2022-01-14,Lassen,035,31185,7545,7274,586,7860,55
2022-01-14,Los Angeles,037,10098052,2319734,2047927,102499,2150426,27641
2022-01-14,Madera,039,155013,29610,27294,3385,30679,329
2022-01-14,Marin,041,260295,19361,25248,1596,26844,251
2022-01-14,Mariposa,043,17540,1952,1762,84,1846,6
2022-01-14,Mendocino,045,87422,10454,9534,1376,10910,102
2022-01-14,Merced,047,269075,53574,48904,4374,53278,715
2022-01-14,Modoc,049,8938,638,628,216,844,6
2022-01-14,Mono,051,14174,2725,2508,93,2601,4
2022-01-14,Monterey,053,433212,63433,55315,6917,62232,647
2022-01-14,Napa,055,140530,20550,17648,550,18198,109
2022-01-14,Nevada,057,99092,13133,11773,717,12490,111
2022-01-14,Orange,059,3164182,478457,433141,34509,467650,5914
2022-01-14,Placer,061,380077,52420,47780,5831,53611,501
2022-01-14,Plumas,063,18699,2371,2158,129,2287,12
2022-01-14,Riverside,065,2383286,511732,466381,23429,489810,5578
2022-01-14,Sacramento,067,1510023,232173,208156,15886,224042,2491
2022-01-14,San Benito,069,59416,10660,9868,336,10204,87
2022-01-14,San Bernardino,071,2135413,506647,454395,20593,474988,6233
2022-01-14,San Diego,073,3302833,620686,559385,40620,600005,4540
2022-01-14,San Francisco,075,870044,100297,88004,5983,93987,692
2022-01-14,San Joaquin,077,732212,138465,125136,7874,133010,1954
2022-01-14,San Luis Obispo,079,281455,42447,38231,2622,40853,374
2022-01-14,San Mateo,081,765935,98178,80494,4410,84904,582
2022-01-14,Santa Barbara,083,443738,68427,62312,3168,65480,579
2022-01-14,Santa Clara,085,1922200,247728,218986,7725,226711,1974
2022-01-14,Santa Cruz,087,273765,33099,29414,1650,31064,235
2022-01-14,Shasta,089,179085,25834,24482,4517,28999,445
2022-01-14,Sierra,091,2930,249,232,28,260,0
2022-01-14,Siskiyou,093,43540,3836,3661,1849,5510,62
2022-01-14,Solano,095,438530,65184,58061,3627,61688,389
2022-01-14,Sonoma,097,501317,65423,58181,1688,59869,418
2022-01-14,Stanislaus,099,539301,99405,92986,12715,105701,1379
2022-01-14,Sutter,101,95872,17384,16345,878,17223,197
2022-01-14,Tehama,103,63373,10202,9572,2034,11606,141
2022-01-14,Trinity,105,12862,996,872,239,1111,19
2022-01-14,Tulare,107,460477,85606,77769,20593,98362,1192
2022-01-14,Tuolumne,109,53932,9873,9042,235,9277,91
2022-01-14,Ventura,111,848112,148599,134736,8092,142828,1227
2022-01-14,Yolo,113,214977,30261,27311,2032,29343,270
2022-01-14,Yuba,115,75493,13120,12200,680,12880,101
2022-01-13,Alameda,001,1643700,198460,177768,8895,186663,1561
2022-01-13,Alpine,002,1148,115,117,0,117,0
2022-01-13,Amador,005,37829,6808,6434,180,6614,72
2022-01-13,Butte,007,227075,27104,25032,5264,30296,348
2022-01-13,Calaveras,009,45235,5766,5258,133,5391,93
2022-01-13,Colusa,011,21464,2935,2796,858,3654,21
2022-01-13,Contra Costa,013,1133247,152727,137643,8006,145649,1082
2022-01-13,Del Norte,015,27424,4198,4065,85,4150,43
2022-01-13,El Dorado,017,186661,22599,20434,2435,22869,175
2022-01-13,Fresno,019,978130,182085,167361,17355,184716,2415
2022-01-13,Glenn,021,27897,4162,3906,1296,5202,39
2022-01-13,Humboldt,023,135768,13516,12419,1660,14079,123
2022-01-13,Imperial,025,180216,45490,42508,6929,49437,817
2022-01-13,Inyo,027,18085,3634,3395,119,3514,49
2022-01-13,Kern,029,883053,162179,150085,34099,184184,1938
2022-01-13,Kings,031,150075,40088,37221,2465,39686,391
2022-01-13,Lake,033,64148,8126,7641,440,8081,117
2022-01-13,Lassen,035,31185,7511,7274,570,7844,55
2022-01-13,Los Angeles,037,10098052,2283222,2047927,100717,2148644,27641
2022-01-13,Madera,039,155013,29144,27294,3292,30586,329
2022-01-13,Marin,041,260295,19017,25248,1553,26801,251
2022-01-13,Mariposa,043,17540,1929,1762,81,1843,6
2022-01-13,Mendocino,045,87422,10363,9534,1308,10842,102
2022-01-13,Merced,047,269075,52873,48904,4099,53003,715
2022-01-13,Modoc,049,8938,635,628,216,844,6
2022-01-13,Mono,051,14174,2702,2508,90,2598,4
2022-01-13,Monterey,053,433212,62495,55315,6630,61945,647
2022-01-13,Napa,055,140530,20250,17648,540,18188,109
2022-01-13,Nevada,057,99092,12941,11773,687,12460,111
2022-01-13,Orange,059,3164182,471994,433141,34045,467186,5914
2022-01-13,Placer,061,380077,51790,47780,5715,53495,501
2022-01-13,Plumas,063,18699,2351,2158,119,2277,12
2022-01-13,Riverside,065,2383286,505425,466381,23102,489483,5578
2022-01-13,Sacramento,067,1510023,229074,208156,15087,223243,2491
2022-01-13,San Benito,069,59416,10555,9868,328,10196,87
2022-01-13,San Bernardino,071,2135413,500756,454395,20128,474523,6233
2022-01-13,San Diego,073,3302833,612181,559385,39760,599145,4540
2022-01-13,San Francisco,075,870044,98555,88004,5789,93793,692
2022-01-13,San Joaquin,077,732212,136380,125136,7721,132857,1954
2022-01-13,San Luis Obispo,079,281455,41845,38231,2517,40748,374
2022-01-13,San Mateo,081,765935,96390,80494,4174,84668,582
2022-01-13,Santa Barbara,083,443738,67429,62312,2992,65304,579
2022-01-13,Santa Clara,085,1922200,243308,218986,7397,226383,1974
2022-01-13,Santa Cruz,087,273765,32281,29414,1628,31042,235
2022-01-13,Shasta,089,179085,25624,24482,4445,28927,445
2022-01-13,Sierra,091,2930,248,232,28,260,0
2022-01-13,Siskiyou,093,43540,3814,3661,1809,5470,62
2022-01-13,Solano,095,438530,64050,58061,3516,61577,389
2022-01-13,Sonoma,097,501317,64356,58181,1632,59813,418
2022-01-13,Stanislaus,099,539301,98283,92986,12422,105408,1379
2022-01-13,Sutter,101,95872,17188,16345,814,17159,197
2022-01-13,Tehama,103,63373,10104,9572,1986,11558,141
2022-01-13,Trinity,105,12862,988,872,239,1111,19
2022-01-13,Tulare,107,460477,84325,77769,20296,98065,1192
2022-01-13,Tuolumne,109,53932,9731,9042,217,9259,91
2022-01-13,Ventura,111,848112,146816,134736,7998,142734,1227
2022-01-13,Yolo,113,214977,29846,27311,1988,29299,270
2022-01-13,Yuba,115,75493,12985,12200,651,12851,101
2022-01-12,Alameda,001,1643700,193902,173001,8428,181429,1563
2022-01-12,Alpine,002,1148,115,117,0,117,0
2022-01-12,Amador,005,37829,6760,6354,166,6520,71
2022-01-12,Butte,007,227075,26772,24631,5172,29803,348
2022-01-12,Calaveras,009,45235,5689,5151,127,5278,93
2022-01-12,Colusa,011,21464,2897,2772,845,3617,21
2022-01-12,Contra Costa,013,1133247,150031,134579,7627,142206,1077
2022-01-12,Del Norte,015,27424,4172,4019,83,4102,43
2022-01-12,El Dorado,017,186661,22282,20092,2396,22488,175
2022-01-12,Fresno,019,978130,179102,165316,16919,182235,2413
2022-01-12,Glenn,021,27897,4111,3859,1274,5133,39
2022-01-12,Humboldt,023,135768,13344,12081,1578,13659,122
2022-01-12,Imperial,025,180216,44832,41985,6631,48616,814
2022-01-12,Inyo,027,18085,3588,3334,103,3437,49
2022-01-12,Kern,029,883053,160041,148435,33377,181812,1933
2022-01-12,Kings,031,150075,39457,36780,2423,39203,391
2022-01-12,Lake,033,64148,8010,7535,396,7931,117
2022-01-12,Lassen,035,31185,7468,7223,543,7766,55
2022-01-12,Los Angeles,037,10098052,2243451,2005065,98490,2103555,27601
2022-01-12,Madera,039,155013,28826,26952,3195,30147,329
2022-01-12,Marin,041,260295,18527,24704,1502,26206,251
2022-01-12,Mariposa,043,17540,1900,1725,79,1804,6
2022-01-12,Mendocino,045,87422,10198,9379,1210,10589,103
2022-01-12,Merced,047,269075,52108,48441,3816,52257,710
2022-01-12,Modoc,049,8938,633,627,216,843,6
2022-01-12,Mono,051,14174,2666,2466,86,2552,4
2022-01-12,Monterey,053,433212,61508,54524,6270,60794,647
2022-01-12,Napa,055,140530,19992,17347,517,17864,109
2022-01-12,Nevada,057,99092,12729,11552,641,12193,111
2022-01-12,Orange,059,3164182,465217,425737,33449,459186,5912
2022-01-12,Placer,061,380077,51132,47004,5598,52602,501
2022-01-12,Plumas,063,18699,2311,2135,108,2243,12
2022-01-12,Riverside,065,2383286,498191,458881,22764,481645,5565
2022-01-12,Sacramento,067,1510023,225488,204696,14205,218901,2479
2022-01-12,San Benito,069,59416,10419,9737,316,10053,87
2022-01-12,San Bernardino,071,2135413,494245,447869,19504,467373,6222
2022-01-12,San Diego,073,3302833,601696,551669,38905,590574,4529
2022-01-12,San Francisco,075,870044,96716,85700,5675,91375,691
2022-01-12,San Joaquin,077,732212,134069,122850,7593,130443,1948
2022-01-12,San Luis Obispo,079,281455,41119,37727,2434,40161,373
2022-01-12,San Mateo,081,765935,94357,78476,3801,82277,582
2022-01-12,Santa Barbara,083,443738,66285,60815,2890,63705,578
2022-01-12,Santa Clara,085,1922200,238553,213177,7019,220196,1971
2022-01-12,Santa Cruz,087,273765,31626,28463,1580,30043,235
2022-01-12,Shasta,089,179085,25411,24324,4380,28704,446
2022-01-12,Sierra,091,2930,247,228,28,256,0
2022-01-12,Siskiyou,093,43540,3786,3639,1762,5401,62
2022-01-12,Solano,095,438530,63000,57052,3396,60448,386
2022-01-12,Sonoma,097,501317,63070,56394,1549,57943,417
2022-01-12,Stanislaus,099,539301,97043,91738,12080,103818,1373
2022-01-12,Sutter,101,95872,16994,16135,781,16916,197
2022-01-12,Tehama,103,63373,10015,9475,1925,11400,141
2022-01-12,Trinity,105,12862,984,868,238,1106,19
2022-01-12,Tulare,107,460477,83210,76943,19917,96860,1192
2022-01-12,Tuolumne,109,53932,9601,8870,200,9070,91
2022-01-12,Ventura,111,848112,144908,132180,7912,140092,1220
2022-01-12,Yolo,113,214977,29434,26888,1917,28805,270
2022-01-12,Yuba,115,75493,12824,12015,624,12639,101
2022-01-11,Alameda,001,1643700,189468,169181,8034,177215,1561
2022-01-11,Alpine,002,1148,115,116,0,116,0
2022-01-11,Amador,005,37829,6676,6317,151,6468,71
2022-01-11,Butte,007,227075,26376,24479,5078,29557,347
2022-01-11,Calaveras,009,45235,5560,5083,113,5196,93
2022-01-11,Colusa,011,21464,2872,2766,832,3598,21
2022-01-11,Contra Costa,013,1133247,146881,132410,7133,139543,1077
2022-01-11,Del Norte,015,27424,4139,4006,81,4087,43
2022-01-11,El Dorado,017,186661,21952,19842,2326,22168,174
2022-01-11,Fresno,019,978130,175771,163509,16522,180031,2404
2022-01-11,Glenn,021,27897,4049,3844,1232,5076,39
2022-01-11,Humboldt,023,135768,13125,11960,1485,13445,122
2022-01-11,Imperial,025,180216,44227,41444,6432,47876,813
2022-01-11,Inyo,027,18085,3490,3278,96,3374,49
2022-01-11,Kern,029,883053,157757,146942,32555,179497,1929
2022-01-11,Kings,031,150075,38867,36524,2392,38916,389
2022-01-11,Lake,033,64148,7932,7494,380,7874,117
2022-01-11,Lassen,035,31185,7418,7210,529,7739,55
2022-01-11,Los Angeles,037,10098052,2200931,1966319,96249,2062568,27563
2022-01-11,Madera,039,155013,28410,26688,3116,29804,329
2022-01-11,Marin,041,260295,18171,24387,1457,25844,251
2022-01-11,Mariposa,043,17540,1878,1718,75,1793,6
2022-01-11,Mendocino,045,87422,10037,9301,1112,10413,102
2022-01-11,Merced,047,269075,51282,48068,3623,51691,708
2022-01-11,Modoc,049,8938,632,626,215,841,6
2022-01-11,Mono,051,14174,2623,2425,85,2510,4
2022-01-11,Monterey,053,433212,60463,53911,5922,59833,646
2022-01-11,Napa,055,140530,19549,17020,470,17490,109
2022-01-11,Nevada,057,99092,12506,11467,606,12073,110
2022-01-11,Orange,059,3164182,457525,417703,32804,450507,5909
2022-01-11,Placer,061,380077,50379,46459,5457,51916,500
2022-01-11,Plumas,063,18699,2276,2099,100,2199,12
2022-01-11,Riverside,065,2383286,490454,453766,22447,476213,5551
2022-01-11,Sacramento,067,1510023,221300,201058,13166,214224,2489
2022-01-11,San Benito,069,59416,10240,9624,300,9924,83
2022-01-11,San Bernardino,071,2135413,486306,442960,18896,461856,6198
2022-01-11,San Diego,073,3302833,589708,536954,37798,574752,4520
2022-01-11,San Francisco,075,870044,94515,83678,5521,89199,691
2022-01-11,San Joaquin,077,732212,131670,121139,7422,128561,1944
2022-01-11,San Luis Obispo,079,281455,40344,37183,2315,39498,372
2022-01-11,San Mateo,081,765935,92060,76756,3579,80335,582
2022-01-11,Santa Barbara,083,443738,64980,59758,2753,62511,578
2022-01-11,Santa Clara,085,1922200,232930,208425,6567,214992,1971
2022-01-11,Santa Cruz,087,273765,31116,27709,1530,29239,232
2022-01-11,Shasta,089,179085,25153,24132,4287,28419,446
2022-01-11,Sierra,091,2930,245,228,28,256,0
2022-01-11,Siskiyou,093,43540,3762,3621,1712,5333,62
2022-01-11,Solano,095,438530,61596,56349,3242,59591,388
2022-01-11,Sonoma,097,501317,61550,55411,1469,56880,416
2022-01-11,Stanislaus,099,539301,95671,90998,11713,102711,1372
2022-01-11,Sutter,101,95872,16796,15993,727,16720,197
2022-01-11,Tehama,103,63373,9888,9406,1878,11284,140
2022-01-11,Trinity,105,12862,972,858,236,1094,19
2022-01-11,Tulare,107,460477,81912,76267,19515,95782,1188
2022-01-11,Tuolumne,109,53932,9441,8811,193,9004,91
2022-01-11,Ventura,111,848112,142677,129548,7766,137314,1220
2022-01-11,Yolo,113,214977,28863,26482,1856,28338,270
2022-01-11,Yuba,115,75493,12649,11912,603,12515,101
2022-01-10,Alameda,001,1643700,184404,165657,7515,173172,1559
2022-01-10,Alpine,002,1148,115,116,0,116,0
2022-01-10,Amador,005,37829,6573,6279,136,6415,71
2022-01-10,Butte,007,227075,26034,24217,4981,29198,347
2022-01-10,Calaveras,009,45235,5462,5025,107,5132,93
2022-01-10,Colusa,011,21464,2842,2758,823,3581,21
2022-01-10,Contra Costa,013,1133247,143984,129951,6611,136562,1077
2022-01-10,Del Norte,015,27424,4116,3970,81,4051,43
2022-01-10,El Dorado,017,186661,21414,19606,2271,21877,172
2022-01-10,Fresno,019,978130,172469,161593,16078,177671,2404
2022-01-10,Glenn,021,27897,3990,3807,1218,5025,39
2022-01-10,Humboldt,023,135768,12884,11778,1352,13130,121
2022-01-10,Imperial,025,180216,43499,41080,6214,47294,811
2022-01-10,Inyo,027,18085,3435,3227,84,3311,49
2022-01-10,Kern,029,883053,155188,145744,31812,177556,1929
2022-01-10,Kings,031,150075,38245,36286,2366,38652,389
2022-01-10,Lake,033,64148,7843,7416,357,7773,117
2022-01-10,Lassen,035,31185,7380,7192,507,7699,55
2022-01-10,Los Angeles,037,10098052,2155342,1932475,93765,2026240,27546
2022-01-10,Madera,039,155013,27960,26501,3014,29515,328
2022-01-10,Marin,041,260295,17680,24023,1384,25407,251
2022-01-10,Mariposa,043,17540,1838,1684,70,1754,6
2022-01-10,Mendocino,045,87422,9864,9163,1025,10188,101
2022-01-10,Merced,047,269075,50401,47632,3320,50952,707
2022-01-10,Modoc,049,8938,631,622,213,835,6
2022-01-10,Mono,051,14174,2557,2415,80,2495,4
2022-01-10,Monterey,053,433212,59507,53485,5606,59091,645
2022-01-10,Napa,055,140530,19171,16775,457,17232,109
2022-01-10,Nevada,057,99092,12282,11300,568,11868,110
2022-01-10,Orange,059,3164182,448804,406170,31933,438103,5906
2022-01-10,Placer,061,380077,49536,45642,5293,50935,498
2022-01-10,Plumas,063,18699,2241,2086,98,2184,12
2022-01-10,Riverside,065,2383286,482187,445536,21998,467534,5546
2022-01-10,Sacramento,067,1510023,216779,198023,12114,210137,2474
2022-01-10,San Benito,069,59416,10068,9467,290,9757,83
2022-01-10,San Bernardino,071,2135413,477847,437207,18169,455376,6184
2022-01-10,San Diego,073,3302833,577016,530506,36680,567186,4500
2022-01-10,San Francisco,075,870044,92719,82209,5261,87470,690
2022-01-10,San Joaquin,077,732212,128974,119587,7138,126725,1927
2022-01-10,San Luis Obispo,079,281455,39526,36618,2220,38838,371
2022-01-10,San Mateo,081,765935,89412,75210,3326,78536,582
2022-01-10,Santa Barbara,083,443738,63719,58957,2564,61521,578
2022-01-10,Santa Clara,085,1922200,226867,203540,6090,209630,1971
2022-01-10,Santa Cruz,087,273765,30274,26906,1492,28398,232
2022-01-10,Shasta,089,179085,24956,23983,4210,28193,446
2022-01-10,Sierra,091,2930,242,223,28,251,0
2022-01-10,Siskiyou,093,43540,3729,3592,1668,5260,62
2022-01-10,Solano,095,438530,60555,55663,3046,58709,385
2022-01-10,Sonoma,097,501317,60003,54478,1423,55901,412
2022-01-10,Stanislaus,099,539301,94330,89997,11362,101359,1372
2022-01-10,Sutter,101,95872,16552,15823,681,16504,196
2022-01-10,Tehama,103,63373,9773,9360,1823,11183,140
2022-01-10,Trinity,105,12862,968,849,234,1083,19
2022-01-10,Tulare,107,460477,80418,75498,19133,94631,1186
2022-01-10,Tuolumne,109,53932,9315,8685,181,8866,91
2022-01-10,Ventura,111,848112,140076,126240,7617,133857,1217
2022-01-10,Yolo,113,214977,28271,26065,1803,27868,270
2022-01-10,Yuba,115,75493,12401,11776,569,12345,101
2022-01-09,Alameda,001,1643700,179906,162701,6849,169550,1561
2022-01-09,Alpine,002,1148,115,116,0,116,0
2022-01-09,Amador,005,37829,6484,6215,124,6339,71
2022-01-09,Butte,007,227075,25640,24018,4861,28879,347
2022-01-09,Calaveras,009,45235,5331,4976,98,5074,93
2022-01-09,Colusa,011,21464,2814,2750,800,3550,21
2022-01-09,Contra Costa,013,1133247,140978,128050,5943,133993,1077
2022-01-09,Del Norte,015,27424,4078,3950,77,4027,43
2022-01-09,El Dorado,017,186661,21047,19430,2206,21636,172
2022-01-09,Fresno,019,978130,169630,159989,15660,175649,2405
2022-01-09,Glenn,021,27897,3933,3797,1196,4993,39
2022-01-09,Humboldt,023,135768,12640,11582,1230,12812,121
2022-01-09,Imperial,025,180216,42662,40608,5953,46561,811
2022-01-09,Inyo,027,18085,3332,3149,76,3225,49
2022-01-09,Kern,029,883053,152737,144819,31073,175892,1927
2022-01-09,Kings,031,150075,37573,36041,2332,38373,389
2022-01-09,Lake,033,64148,7732,7393,312,7705,117
2022-01-09,Lassen,035,31185,7315,7172,478,7650,55
2022-01-09,Los Angeles,037,10098052,2107246,1887830,90716,1978546,27532
2022-01-09,Madera,039,155013,27579,26325,2915,29240,328
2022-01-09,Marin,041,260295,17230,23708,1294,25002,251
2022-01-09,Mariposa,043,17540,1788,1660,69,1729,6
2022-01-09,Mendocino,045,87422,9656,9097,914,10011,101
2022-01-09,Merced,047,269075,49461,47294,3032,50326,706
2022-01-09,Modoc,049,8938,629,619,213,832,6
2022-01-09,Mono,051,14174,2522,2390,73,2463,4
2022-01-09,Monterey,053,433212,58444,53251,5343,58594,645
2022-01-09,Napa,055,140530,18676,16614,441,17055,109
2022-01-09,Nevada,057,99092,12026,11152,507,11659,110
2022-01-09,Orange,059,3164182,438754,400563,30969,431532,5905
2022-01-09,Placer,061,380077,48537,45081,5143,50224,498
2022-01-09,Plumas,063,18699,2202,2081,78,2159,12
2022-01-09,Riverside,065,2383286,473190,440413,21456,461869,5546
2022-01-09,Sacramento,067,1510023,211979,195444,10982,206426,2475
2022-01-09,San Benito,069,59416,9882,9363,262,9625,83
2022-01-09,San Bernardino,071,2135413,469356,430257,17352,447609,6180
2022-01-09,San Diego,073,3302833,563900,478206,34843,513049,4500
2022-01-09,San Francisco,075,870044,90836,80463,5015,85478,690
2022-01-09,San Joaquin,077,732212,125874,118422,6971,125393,1927
2022-01-09,San Luis Obispo,079,281455,38721,36291,2114,38405,371
2022-01-09,San Mateo,081,765935,86895,73867,3001,76868,582
2022-01-09,Santa Barbara,083,443738,62034,58280,2303,60583,578
2022-01-09,Santa Clara,085,1922200,220490,199889,5553,205442,1976
2022-01-09,Santa Cruz,087,273765,29525,26513,1460,27973,232
2022-01-09,Shasta,089,179085,24716,23926,4123,28049,446
2022-01-09,Sierra,091,2930,239,223,26,249,0
2022-01-09,Siskiyou,093,43540,3700,3580,1609,5189,62
2022-01-09,Solano,095,438530,59397,54985,2766,57751,384
2022-01-09,Sonoma,097,501317,58327,53543,1386,54929,412
2022-01-09,Stanislaus,099,539301,92953,89248,11065,100313,1372
2022-01-09,Sutter,101,95872,16264,15695,601,16296,196
2022-01-09,Tehama,103,63373,9655,9306,1772,11078,140
2022-01-09,Trinity,105,12862,964,848,232,1080,19
2022-01-09,Tulare,107,460477,79007,75085,18757,93842,1186
2022-01-09,Tuolumne,109,53932,9157,8595,162,8757,91
2022-01-09,Ventura,111,848112,137021,124269,7374,131643,1217
2022-01-09,Yolo,113,214977,27663,25632,1758,27390,270
2022-01-09,Yuba,115,75493,12203,11666,538,12204,101
2022-01-08,Alameda,001,1643700,178006,148560,6706,155266,1558
2022-01-08,Alpine,002,1148,115,114,0,114,0
2022-01-08,Amador,005,37829,6453,6091,119,6210,71
2022-01-08,Butte,007,227075,25449,23429,4820,28249,347
2022-01-08,Calaveras,009,45235,5285,4823,94,4917,93
2022-01-08,Colusa,011,21464,2806,2713,797,3510,21
2022-01-08,Contra Costa,013,1133247,139409,119907,5860,125767,1077
2022-01-08,Del Norte,015,27424,4061,3902,77,3979,43
2022-01-08,El Dorado,017,186661,20860,18599,2172,20771,172
2022-01-08,Fresno,019,978130,168679,155394,15515,170909,2393
2022-01-08,Glenn,021,27897,3925,3732,1191,4923,39
2022-01-08,Humboldt,023,135768,12516,11149,1204,12353,121
2022-01-08,Imperial,025,180216,42474,39429,5811,45240,800
2022-01-08,Inyo,027,18085,3318,3020,73,3093,49
2022-01-08,Kern,029,883053,151599,140410,30642,171052,1921
2022-01-08,Kings,031,150075,37332,35275,2314,37589,390
2022-01-08,Lake,033,64148,7692,7209,304,7513,117
2022-01-08,Lassen,035,31185,7285,7127,462,7589,55
2022-01-08,Los Angeles,037,10098052,2088841,1765787,88986,1854773,27476
2022-01-08,Madera,039,155013,27412,25767,2877,28644,328
2022-01-08,Marin,041,260295,16949,22377,1283,23660,251
2022-01-08,Mariposa,043,17540,1778,1588,69,1657,6
2022-01-08,Mendocino,045,87422,9582,8792,912,9704,101
2022-01-08,Merced,047,269075,49277,46094,3008,49102,703
2022-01-08,Modoc,049,8938,629,610,213,823,6
2022-01-08,Mono,051,14174,2511,2240,68,2308,4
2022-01-08,Monterey,053,433212,58057,51721,5251,56972,644
2022-01-08,Napa,055,140530,18521,15819,415,16234,109
2022-01-08,Nevada,057,99092,11941,10765,494,11259,110
2022-01-08,Orange,059,3164182,434937,375124,30110,405234,5903
2022-01-08,Placer,061,380077,48097,43172,5101,48273,495
2022-01-08,Plumas,063,18699,2192,2053,73,2126,12
2022-01-08,Riverside,065,2383286,469671,422591,21188,443779,5535
2022-01-08,Sacramento,067,1510023,210536,185118,10824,195942,2470
2022-01-08,San Benito,069,59416,9720,9016,259,9275,83
2022-01-08,San Bernardino,071,2135413,465863,411724,16952,428676,6122
2022-01-08,San Diego,073,3302833,558999,472273,34306,506579,4495
2022-01-08,San Francisco,075,870044,89637,73660,4736,78396,690
2022-01-08,San Joaquin,077,732212,124891,112514,6872,119386,1916
2022-01-08,San Luis Obispo,079,281455,38518,34489,2071,36560,369
2022-01-08,San Mateo,081,765935,85509,67918,2914,70832,582
2022-01-08,Santa Barbara,083,443738,61339,54617,2269,56886,575
2022-01-08,Santa Clara,085,1922200,217225,183842,5318,189160,1966
2022-01-08,Santa Cruz,087,273765,29097,24678,1440,26118,230
2022-01-08,Shasta,089,179085,24624,23585,4092,27677,445
2022-01-08,Sierra,091,2930,235,215,25,240,0
2022-01-08,Siskiyou,093,43540,3688,3545,1595,5140,62
2022-01-08,Solano,095,438530,58988,52452,2694,55146,383
2022-01-08,Sonoma,097,501317,57804,50130,1352,51482,411
2022-01-08,Stanislaus,099,539301,92312,87049,10942,97991,1372
2022-01-08,Sutter,101,95872,16145,15261,588,15849,195
2022-01-08,Tehama,103,63373,9624,9109,1764,10873,140
2022-01-08,Trinity,105,12862,958,836,232,1068,19
2022-01-08,Tulare,107,460477,78606,73600,18622,92222,1185
2022-01-08,Tuolumne,109,53932,9051,8360,159,8519,91
2022-01-08,Ventura,111,848112,135851,117229,7240,124469,1216
2022-01-08,Yolo,113,214977,27371,24006,1730,25736,270
2022-01-08,Yuba,115,75493,12114,11277,535,11812,101
2022-01-07,Alameda,001,1643700,175316,148560,6589,155149,1558
2022-01-07,Alpine,002,1148,115,114,0,114,0
2022-01-07,Amador,005,37829,6404,6091,116,6207,71
2022-01-07,Butte,007,227075,25241,23429,4787,28216,347
2022-01-07,Calaveras,009,45235,5246,4823,94,4917,93
2022-01-07,Colusa,011,21464,2797,2713,786,3499,21
2022-01-07,Contra Costa,013,1133247,137456,119907,5736,125643,1077
2022-01-07,Del Norte,015,27424,4045,3902,76,3978,43
2022-01-07,El Dorado,017,186661,20675,18599,2159,20758,172
2022-01-07,Fresno,019,978130,167189,155394,15408,170802,2393
2022-01-07,Glenn,021,27897,3905,3732,1188,4920,39
2022-01-07,Humboldt,023,135768,12371,11149,1177,12326,121
2022-01-07,Imperial,025,180216,42316,39429,5728,45157,800
2022-01-07,Inyo,027,18085,3299,3020,71,3091,49
2022-01-07,Kern,029,883053,150626,140410,30197,170607,1921
2022-01-07,Kings,031,150075,37153,35275,2299,37574,390
2022-01-07,Lake,033,64148,7644,7209,280,7489,117
2022-01-07,Lassen,035,31185,7268,7127,459,7586,55
2022-01-07,Los Angeles,037,10098052,2057644,1765787,87534,1853321,27476
2022-01-07,Madera,039,155013,27229,25767,2840,28607,328
2022-01-07,Marin,041,260295,16569,22377,1267,23644,251
2022-01-07,Mariposa,043,17540,1762,1588,69,1657,6
2022-01-07,Mendocino,045,87422,9489,8792,911,9703,101
2022-01-07,Merced,047,269075,49097,46094,2984,49078,703
2022-01-07,Modoc,049,8938,628,610,213,823,6
2022-01-07,Mono,051,14174,2473,2240,62,2302,4
2022-01-07,Monterey,053,433212,57636,51721,5154,56875,644
2022-01-07,Napa,055,140530,18294,15819,396,16215,109
2022-01-07,Nevada,057,99092,11810,10765,473,11238,110
2022-01-07,Orange,059,3164182,430118,375124,29490,404614,5903
2022-01-07,Placer,061,380077,47596,43172,5052,48224,495
2022-01-07,Plumas,063,18699,2183,2053,72,2125,12
2022-01-07,Riverside,065,2383286,465844,422591,20959,443550,5535
2022-01-07,Sacramento,067,1510023,208262,185118,10669,195787,2470
2022-01-07,San Benito,069,59416,9674,9016,258,9274,83
2022-01-07,San Bernardino,071,2135413,461743,411724,16723,428447,6122
2022-01-07,San Diego,073,3302833,551893,472273,33765,506038,4495
2022-01-07,San Francisco,075,870044,88191,73660,4483,78143,690
2022-01-07,San Joaquin,077,732212,123932,112514,6811,119325,1916
2022-01-07,San Luis Obispo,079,281455,38302,34489,2016,36505,369
2022-01-07,San Mateo,081,765935,84042,67918,2855,70773,582
2022-01-07,Santa Barbara,083,443738,60644,54617,2248,56865,575
2022-01-07,Santa Clara,085,1922200,213751,183842,5203,189045,1966
2022-01-07,Santa Cruz,087,273765,28618,24678,1424,26102,230
2022-01-07,Shasta,089,179085,24525,23585,4058,27643,445
2022-01-07,Sierra,091,2930,232,215,25,240,0
2022-01-07,Siskiyou,093,43540,3677,3545,1583,5128,62
2022-01-07,Solano,095,438530,58303,52452,2649,55101,383
2022-01-07,Sonoma,097,501317,57202,50130,1267,51397,411
2022-01-07,Stanislaus,099,539301,91784,87049,10841,97890,1372
2022-01-07,Sutter,101,95872,15995,15261,575,15836,195
2022-01-07,Tehama,103,63373,9588,9109,1750,10859,140
2022-01-07,Trinity,105,12862,951,836,231,1067,19
2022-01-07,Tulare,107,460477,78178,73600,18481,92081,1185
2022-01-07,Tuolumne,109,53932,8963,8360,155,8515,91
2022-01-07,Ventura,111,848112,134225,117229,7104,124333,1216
2022-01-07,Yolo,113,214977,26999,24006,1711,25717,270
2022-01-07,Yuba,115,75493,12008,11277,530,11807,101
2022-01-06,Alameda,001,1643700,170068,148560,6175,154735,1558
2022-01-06,Alpine,002,1148,114,114,0,114,0
2022-01-06,Amador,005,37829,6354,6091,111,6202,71
2022-01-06,Butte,007,227075,24948,23429,4704,28133,347
2022-01-06,Calaveras,009,45235,5129,4823,92,4915,93
2022-01-06,Colusa,011,21464,2778,2713,778,3491,21
2022-01-06,Contra Costa,013,1133247,134327,119907,5316,125223,1077
2022-01-06,Del Norte,015,27424,4011,3902,74,3976,43
2022-01-06,El Dorado,017,186661,20335,18599,2124,20723,172
2022-01-06,Fresno,019,978130,164847,155394,15134,170528,2393
2022-01-06,Glenn,021,27897,3878,3732,1162,4894,39
2022-01-06,Humboldt,023,135768,12143,11149,1136,12285,121
2022-01-06,Imperial,025,180216,41732,39429,5527,44956,800
2022-01-06,Inyo,027,18085,3261,3020,71,3091,49
2022-01-06,Kern,029,883053,148957,140410,29533,169943,1921
2022-01-06,Kings,031,150075,36827,35275,2273,37548,390
2022-01-06,Lake,033,64148,7571,7209,269,7478,117
2022-01-06,Lassen,035,31185,7245,7127,453,7580,55
2022-01-06,Los Angeles,037,10098052,2003451,1765787,85188,1850975,27476
2022-01-06,Madera,039,155013,26924,25767,2782,28549,328
2022-01-06,Marin,041,260295,16167,22377,1234,23611,251
2022-01-06,Mariposa,043,17540,1743,1588,69,1657,6
2022-01-06,Mendocino,045,87422,9393,8792,872,9664,101
2022-01-06,Merced,047,269075,48496,46094,2830,48924,703
2022-01-06,Modoc,049,8938,627,610,213,823,6
2022-01-06,Mono,051,14174,2450,2240,59,2299,4
2022-01-06,Monterey,053,433212,56910,51721,4907,56628,644
2022-01-06,Napa,055,140530,17898,15819,387,16206,109
2022-01-06,Nevada,057,99092,11611,10765,461,11226,110
2022-01-06,Orange,059,3164182,420637,375124,28735,403859,5903
2022-01-06,Placer,061,380077,46852,43172,4968,48140,495
2022-01-06,Plumas,063,18699,2165,2053,64,2117,12
2022-01-06,Riverside,065,2383286,458368,422591,20671,443262,5535
2022-01-06,Sacramento,067,1510023,204205,185118,9903,195021,2470
2022-01-06,San Benito,069,59416,9572,9016,251,9267,83
2022-01-06,San Bernardino,071,2135413,454068,411724,16235,427959,6122
2022-01-06,San Diego,073,3302833,540270,472273,32781,505054,4495
2022-01-06,San Francisco,075,870044,85857,73660,4227,77887,690
2022-01-06,San Joaquin,077,732212,121743,112514,6728,119242,1916
2022-01-06,San Luis Obispo,079,281455,37603,34489,1946,36435,369
2022-01-06,San Mateo,081,765935,81616,67918,2674,70592,582
2022-01-06,Santa Barbara,083,443738,59478,54617,2189,56806,575
2022-01-06,Santa Clara,085,1922200,208681,183842,4811,188653,1966
2022-01-06,Santa Cruz,087,273765,28056,24678,1400,26078,230
2022-01-06,Shasta,089,179085,24377,23585,4008,27593,445
2022-01-06,Sierra,091,2930,229,215,25,240,0
2022-01-06,Siskiyou,093,43540,3661,3545,1537,5082,62
2022-01-06,Solano,095,438530,57288,52452,2464,54916,383
2022-01-06,Sonoma,097,501317,55809,50130,1234,51364,411
2022-01-06,Stanislaus,099,539301,90634,87049,10671,97720,1372
2022-01-06,Sutter,101,95872,15818,15261,547,15808,195
2022-01-06,Tehama,103,63373,9509,9109,1723,10832,140
2022-01-06,Trinity,105,12862,944,836,230,1066,19
2022-01-06,Tulare,107,460477,77469,73600,18313,91913,1185
2022-01-06,Tuolumne,109,53932,8851,8360,149,8509,91
2022-01-06,Ventura,111,848112,131541,117229,6944,124173,1216
2022-01-06,Yolo,113,214977,26448,24006,1666,25672,270
2022-01-06,Yuba,115,75493,11873,11277,513,11790,101
2022-01-05,Alameda,001,1643700,164960,144824,5751,150575,1548
2022-01-05,Alpine,002,1148,114,112,0,112,0
2022-01-05,Amador,005,37829,6311,6012,108,6120,70
2022-01-05,Butte,007,227075,24633,23134,4644,27778,343
2022-01-05,Calaveras,009,45235,5074,4758,90,4848,90
2022-01-05,Colusa,011,21464,2764,2704,767,3471,21
2022-01-05,Contra Costa,013,1133247,131050,117188,4862,122050,1071
2022-01-05,Del Norte,015,27424,3991,3862,72,3934,43
2022-01-05,El Dorado,017,186661,19940,18367,2094,20461,171
2022-01-05,Fresno,019,978130,162621,153033,14832,167865,2377
2022-01-05,Glenn,021,27897,3829,3700,1152,4852,39
2022-01-05,Humboldt,023,135768,11940,10938,1088,12026,120
2022-01-05,Imperial,025,180216,41107,38789,5375,44164,800
2022-01-05,Inyo,027,18085,3180,2939,67,3006,49
2022-01-05,Kern,029,883053,147172,138186,28963,167149,1913
2022-01-05,Kings,031,150075,36488,34893,2254,37147,387
2022-01-05,Lake,033,64148,7488,7129,252,7381,117
2022-01-05,Lassen,035,31185,7225,7077,445,7522,55
2022-01-05,Los Angeles,037,10098052,1947100,1729640,82812,1812452,27443
2022-01-05,Madera,039,155013,26687,25392,2692,28084,327
2022-01-05,Marin,041,260295,15816,21829,1186,23015,251
2022-01-05,Mariposa,043,17540,1717,1564,68,1632,6
2022-01-05,Mendocino,045,87422,9262,8625,837,9462,101
2022-01-05,Merced,047,269075,47792,45721,2690,48411,700
2022-01-05,Modoc,049,8938,624,603,213,816,6
2022-01-05,Mono,051,14174,2431,2201,55,2256,4
2022-01-05,Monterey,053,433212,56086,51241,4709,55950,639
2022-01-05,Napa,055,140530,17533,15494,357,15851,108
2022-01-05,Nevada,057,99092,11414,10624,444,11068,110
2022-01-05,Orange,059,3164182,410551,366139,27655,393794,5869
2022-01-05,Placer,061,380077,45963,42456,4875,47331,492
2022-01-05,Plumas,063,18699,2145,2020,62,2082,12
2022-01-05,Riverside,065,2383286,450930,415253,20320,435573,5502
2022-01-05,Sacramento,067,1510023,199421,181488,8939,190427,2455
2022-01-05,San Benito,069,59416,9377,8829,238,9067,83
2022-01-05,San Bernardino,071,2135413,445311,405323,15676,420999,6085
2022-01-05,San Diego,073,3302833,526698,466602,31816,498418,4495
2022-01-05,San Francisco,075,870044,83279,71405,4090,75495,686
2022-01-05,San Joaquin,077,732212,119201,110497,6649,117146,1903
2022-01-05,San Luis Obispo,079,281455,36806,34066,1869,35935,369
2022-01-05,San Mateo,081,765935,79425,66018,2475,68493,578
2022-01-05,Santa Barbara,083,443738,58171,53082,2110,55192,570
2022-01-05,Santa Clara,085,1922200,202710,178629,4397,183026,1961
2022-01-05,Santa Cruz,087,273765,27301,24394,1379,25773,229
2022-01-05,Shasta,089,179085,24221,23361,3979,27340,441
2022-01-05,Sierra,091,2930,226,210,23,233,0
2022-01-05,Siskiyou,093,43540,3651,3513,1508,5021,60
2022-01-05,Solano,095,438530,56242,51505,2329,53834,380
2022-01-05,Sonoma,097,501317,54539,49120,1077,50197,412
2022-01-05,Stanislaus,099,539301,89637,86248,10499,96747,1360
2022-01-05,Sutter,101,95872,15617,15117,508,15625,193
2022-01-05,Tehama,103,63373,9412,9011,1692,10703,140
2022-01-05,Trinity,105,12862,940,822,228,1050,19
2022-01-05,Tulare,107,460477,76686,72718,18140,90858,1173
2022-01-05,Tuolumne,109,53932,8758,8223,142,8365,90
2022-01-05,Ventura,111,848112,128791,114752,6736,121488,1211
2022-01-05,Yolo,113,214977,25843,23401,1627,25028,269
2022-01-05,Yuba,115,75493,11691,11138,487,11625,100
2022-01-04,Alameda,001,1643700,159334,143360,5345,148705,1532
2022-01-04,Alpine,002,1148,114,113,0,113,0
2022-01-04,Amador,005,37829,6246,6025,102,6127,71
2022-01-04,Butte,007,227075,24336,23094,4572,27666,346
2022-01-04,Calaveras,009,45235,5000,4767,87,4854,93
2022-01-04,Colusa,011,21464,2747,2689,761,3450,21
2022-01-04,Contra Costa,013,1133247,127695,116005,4493,120498,1075
2022-01-04,Del Norte,015,27424,3959,3882,69,3951,43
2022-01-04,El Dorado,017,186661,19587,18339,2073,20412,172
2022-01-04,Fresno,019,978130,160246,153244,14565,167809,2380
2022-01-04,Glenn,021,27897,3800,3705,1137,4842,39
2022-01-04,Humboldt,023,135768,11693,10865,1038,11903,120
2022-01-04,Imperial,025,180216,40507,38596,5114,43710,800
2022-01-04,Inyo,027,18085,3097,2870,66,2936,49
2022-01-04,Kern,029,883053,145240,138245,28381,166626,1916
2022-01-04,Kings,031,150075,36167,34931,2237,37168,388
2022-01-04,Lake,033,64148,7447,7152,243,7395,117
2022-01-04,Lassen,035,31185,7202,7111,441,7552,55
2022-01-04,Los Angeles,037,10098052,1887108,1705253,80455,1785708,27419
2022-01-04,Madera,039,155013,26341,25425,2620,28045,328
2022-01-04,Marin,041,260295,15334,21675,1127,22802,251
2022-01-04,Mariposa,043,17540,1681,1564,67,1631,6
2022-01-04,Mendocino,045,87422,9139,8636,813,9449,101
2022-01-04,Merced,047,269075,47130,45583,2557,48140,700
2022-01-04,Modoc,049,8938,621,611,213,824,6
2022-01-04,Mono,051,14174,2382,2190,45,2235,4
2022-01-04,Monterey,053,433212,55355,51176,4484,55660,643
2022-01-04,Napa,055,140530,17027,15370,327,15697,107
2022-01-04,Nevada,057,99092,11254,10608,431,11039,110
2022-01-04,Orange,059,3164182,399753,362051,26486,388537,5897
2022-01-04,Placer,061,380077,45143,42285,4761,47046,494
2022-01-04,Plumas,063,18699,2119,2014,60,2074,12
2022-01-04,Riverside,065,2383286,442408,413366,19972,433338,5504
2022-01-04,Sacramento,067,1510023,194425,181271,8183,189454,2453
2022-01-04,San Benito,069,59416,9191,8763,230,8993,79
2022-01-04,San Bernardino,071,2135413,436143,404409,15137,419546,6060
2022-01-04,San Diego,073,3302833,510369,458499,30866,489365,4487
2022-01-04,San Francisco,075,870044,80426,70666,3947,74613,688
2022-01-04,San Joaquin,077,732212,116780,110374,6496,116870,1911
2022-01-04,San Luis Obispo,079,281455,35999,33788,1782,35570,371
2022-01-04,San Mateo,081,765935,77106,65157,2287,67444,582
2022-01-04,Santa Barbara,083,443738,56646,52449,2033,54482,574
2022-01-04,Santa Clara,085,1922200,196467,176854,3933,180787,1964
2022-01-04,Santa Cruz,087,273765,26540,23904,1344,25248,228
2022-01-04,Shasta,089,179085,24075,23366,3925,27291,442
2022-01-04,Sierra,091,2930,225,214,22,236,0
2022-01-04,Siskiyou,093,43540,3636,3509,1489,4998,61
2022-01-04,Solano,095,438530,54932,51300,2133,53433,383
2022-01-04,Sonoma,097,501317,52829,48653,957,49610,410
2022-01-04,Stanislaus,099,539301,88574,86107,10329,96436,1361
2022-01-04,Sutter,101,95872,15464,15032,484,15516,193
2022-01-04,Tehama,103,63373,9334,9020,1670,10690,140
2022-01-04,Trinity,105,12862,935,833,224,1057,18
2022-01-04,Tulare,107,460477,75899,72893,17939,90832,1172
2022-01-04,Tuolumne,109,53932,8646,8235,137,8372,91
2022-01-04,Ventura,111,848112,125731,114079,6506,120585,1213
2022-01-04,Yolo,113,214977,25196,22938,1582,24520,270
2022-01-04,Yuba,115,75493,11512,11104,471,11575,101
2022-01-03,Alameda,001,1643700,153197,142090,4910,147000,1529
2022-01-03,Alpine,002,1148,113,113,0,113,0
2022-01-03,Amador,005,37829,6183,6004,97,6101,71
2022-01-03,Butte,007,227075,24034,22924,4515,27439,345
2022-01-03,Calaveras,009,45235,4940,4742,81,4823,93
2022-01-03,Colusa,011,21464,2737,2683,754,3437,21
2022-01-03,Contra Costa,013,1133247,124246,114966,3904,118870,1073
2022-01-03,Del Norte,015,27424,3939,3873,65,3938,43
2022-01-03,El Dorado,017,186661,19200,18183,2042,20225,172
2022-01-03,Fresno,019,978130,158046,152674,14348,167022,2379
2022-01-03,Glenn,021,27897,3771,3703,1102,4805,39
2022-01-03,Humboldt,023,135768,11483,10784,990,11774,119
2022-01-03,Imperial,025,180216,39875,38411,4938,43349,800
2022-01-03,Inyo,027,18085,3027,2845,62,2907,49
2022-01-03,Kern,029,883053,143243,137773,27784,165557,1916
2022-01-03,Kings,031,150075,35841,34817,2208,37025,387
2022-01-03,Lake,033,64148,7346,7134,225,7359,117
2022-01-03,Lassen,035,31185,7184,7103,438,7541,55
2022-01-03,Los Angeles,037,10098052,1826229,1686203,77711,1763914,27394
2022-01-03,Madera,039,155013,26047,25323,2575,27898,320
2022-01-03,Marin,041,260295,14739,21532,1089,22621,251
2022-01-03,Mariposa,043,17540,1639,1559,67,1626,6
2022-01-03,Mendocino,045,87422,8990,8573,763,9336,101
2022-01-03,Merced,047,269075,46478,45459,2443,47902,696
2022-01-03,Modoc,049,8938,618,602,213,815,6
2022-01-03,Mono,051,14174,2304,2172,40,2212,4
2022-01-03,Monterey,053,433212,54528,51047,4277,55324,644
2022-01-03,Napa,055,140530,16513,15260,295,15555,107
2022-01-03,Nevada,057,99092,11089,10572,422,10994,110
2022-01-03,Orange,059,3164182,388545,358052,25252,383304,5894
2022-01-03,Placer,061,380077,44334,42054,4702,46756,489
2022-01-03,Plumas,063,18699,2100,2005,60,2065,12
2022-01-03,Riverside,065,2383286,433937,410155,19478,429633,5504
2022-01-03,Sacramento,067,1510023,189249,179992,7599,187591,2452
2022-01-03,San Benito,069,59416,9029,8688,223,8911,79
2022-01-03,San Bernardino,071,2135413,427227,401938,14668,416606,6056
2022-01-03,San Diego,073,3302833,494280,451154,29922,481076,4476
2022-01-03,San Francisco,075,870044,77614,69315,3697,73012,686
2022-01-03,San Joaquin,077,732212,114463,109757,6371,116128,1903
2022-01-03,San Luis Obispo,079,281455,35189,33667,1689,35356,367
2022-01-03,San Mateo,081,765935,74388,64470,2130,66600,582
2022-01-03,Santa Barbara,083,443738,55182,51912,1939,53851,571
2022-01-03,Santa Clara,085,1922200,190364,174215,3459,177674,1963
2022-01-03,Santa Cruz,087,273765,25732,23765,1312,25077,228
2022-01-03,Shasta,089,179085,23896,23301,3898,27199,440
2022-01-03,Sierra,091,2930,218,213,21,234,0
2022-01-03,Siskiyou,093,43540,3609,3500,1467,4967,61
2022-01-03,Solano,095,438530,53629,51030,1947,52977,380
2022-01-03,Sonoma,097,501317,51132,48391,861,49252,410
2022-01-03,Stanislaus,099,539301,87576,85793,10138,95931,1332
2022-01-03,Sutter,101,95872,15306,14973,464,15437,193
2022-01-03,Tehama,103,63373,9260,9005,1644,10649,140
2022-01-03,Trinity,105,12862,930,833,223,1056,18
2022-01-03,Tulare,107,460477,75202,72664,17735,90399,1167
2022-01-03,Tuolumne,109,53932,8509,8179,133,8312,91
2022-01-03,Ventura,111,848112,122564,112762,6267,119029,1211
2022-01-03,Yolo,113,214977,24515,22563,1518,24081,270
2022-01-03,Yuba,115,75493,11380,11037,452,11489,99
2022-01-02,Alameda,001,1643700,148627,133486,4420,137906,1528
2022-01-02,Alpine,002,1148,111,113,0,113,0
2022-01-02,Amador,005,37829,6113,5913,92,6005,70
2022-01-02,Butte,007,227075,23689,22469,4451,26920,341
2022-01-02,Calaveras,009,45235,4869,4668,73,4741,93
2022-01-02,Colusa,011,21464,2730,2659,743,3402,21
2022-01-02,Contra Costa,013,1133247,120659,109593,3465,113058,1073
2022-01-02,Del Norte,015,27424,3907,3841,63,3904,43
2022-01-02,El Dorado,017,186661,18862,17621,1991,19612,172
2022-01-02,Fresno,019,978130,156194,149927,14111,164038,2379
2022-01-02,Glenn,021,27897,3750,3663,1093,4756,39
2022-01-02,Humboldt,023,135768,11241,10381,914,11295,119
2022-01-02,Imperial,025,180216,39221,37672,4729,42401,800
2022-01-02,Inyo,027,18085,2957,2726,51,2777,49
2022-01-02,Kern,029,883053,141324,136123,27184,163307,1917
2022-01-02,Kings,031,150075,35516,34318,2173,36491,386
2022-01-02,Lake,033,64148,7277,7060,212,7272,117
2022-01-02,Lassen,035,31185,7168,7089,436,7525,55
2022-01-02,Los Angeles,037,10098052,1774999,1596123,74820,1670943,27371
2022-01-02,Madera,039,155013,25794,25002,2521,27523,320
2022-01-02,Marin,041,260295,14173,20475,1016,21491,249
2022-01-02,Mariposa,043,17540,1608,1509,65,1574,6
2022-01-02,Mendocino,045,87422,8866,8422,745,9167,101
2022-01-02,Merced,047,269075,45889,44769,2338,47107,694
2022-01-02,Modoc,049,8938,616,601,212,813,6
2022-01-02,Mono,051,14174,2275,2101,35,2136,4
2022-01-02,Monterey,053,433212,53900,50251,4065,54316,643
2022-01-02,Napa,055,140530,15972,14439,284,14723,107
2022-01-02,Nevada,057,99092,10900,10299,407,10706,110
2022-01-02,Orange,059,3164182,377464,339526,24090,363616,5890
2022-01-02,Placer,061,380077,43603,40857,4614,45471,489
2022-01-02,Plumas,063,18699,2083,1994,56,2050,12
2022-01-02,Riverside,065,2383286,425587,397124,18962,416086,5501
2022-01-02,Sacramento,067,1510023,185159,173562,6763,180325,2448
2022-01-02,San Benito,069,59416,8848,8320,208,8528,79
2022-01-02,San Bernardino,071,2135413,419091,386278,14111,400389,6051
2022-01-02,San Diego,073,3302833,479247,427087,28765,455852,4469
2022-01-02,San Francisco,075,870044,74659,64498,3456,67954,682
2022-01-02,San Joaquin,077,732212,112576,106640,6230,112870,1902
2022-01-02,San Luis Obispo,079,281455,34453,32342,1606,33948,365
2022-01-02,San Mateo,081,765935,71815,60504,1890,62394,581
2022-01-02,Santa Barbara,083,443738,53743,49555,1878,51433,568
2022-01-02,Santa Clara,085,1922200,184133,164547,3059,167606,1969
2022-01-02,Santa Cruz,087,273765,25064,22980,1279,24259,228
2022-01-02,Shasta,089,179085,23702,23161,3849,27010,435
2022-01-02,Sierra,091,2930,217,206,21,227,0
2022-01-02,Siskiyou,093,43540,3585,3474,1444,4918,61
2022-01-02,Solano,095,438530,52686,48957,1783,50740,379
2022-01-02,Sonoma,097,501317,49816,46040,824,46864,410
2022-01-02,Stanislaus,099,539301,86718,84367,10001,94368,1332
2022-01-02,Sutter,101,95872,15133,14741,445,15186,193
2022-01-02,Tehama,103,63373,9195,8944,1621,10565,139
2022-01-02,Trinity,105,12862,928,832,222,1054,17
2022-01-02,Tulare,107,460477,74538,71941,17540,89481,1160
2022-01-02,Tuolumne,109,53932,8403,8044,128,8172,91
2022-01-02,Ventura,111,848112,119641,107992,6046,114038,1211
2022-01-02,Yolo,113,214977,23835,21747,1451,23198,270
2022-01-02,Yuba,115,75493,11256,10844,436,11280,99
2022-01-01,Alameda,001,1643700,146742,133486,4163,137649,1528
2022-01-01,Alpine,002,1148,111,113,0,113,0
2022-01-01,Amador,005,37829,6077,5913,87,6000,70
2022-01-01,Butte,007,227075,23494,22469,4413,26882,341
2022-01-01,Calaveras,009,45235,4830,4668,71,4739,93
2022-01-01,Colusa,011,21464,2726,2659,732,3391,21
2022-01-01,Contra Costa,013,1133247,119285,109593,3339,112932,1073
2022-01-01,Del Norte,015,27424,3902,3841,63,3904,43
2022-01-01,El Dorado,017,186661,18711,17621,1976,19597,172
2022-01-01,Fresno,019,978130,155492,149927,14027,163954,2379
2022-01-01,Glenn,021,27897,3743,3663,1093,4756,39
2022-01-01,Humboldt,023,135768,11102,10381,893,11274,119
2022-01-01,Imperial,025,180216,39071,37672,4680,42352,800
2022-01-01,Inyo,027,18085,2928,2726,49,2775,49
2022-01-01,Kern,029,883053,140625,136123,26878,163001,1917
2022-01-01,Kings,031,150075,35373,34318,2146,36464,386
2022-01-01,Lake,033,64148,7239,7060,207,7267,117
2022-01-01,Lassen,035,31185,7162,7089,431,7520,55
2022-01-01,Los Angeles,037,10098052,1754839,1596123,72872,1668995,27371
2022-01-01,Madera,039,155013,25711,25002,2506,27508,320
2022-01-01,Marin,041,260295,13860,20475,975,21450,249
2022-01-01,Mariposa,043,17540,1597,1509,65,1574,6
2022-01-01,Mendocino,045,87422,8774,8422,739,9161,101
2022-01-01,Merced,047,269075,45750,44769,2323,47092,694
2022-01-01,Modoc,049,8938,613,601,212,813,6
2022-01-01,Mono,051,14174,2251,2101,30,2131,4
2022-01-01,Monterey,053,433212,53589,50251,3978,54229,643
2022-01-01,Napa,055,140530,15820,14439,269,14708,107
2022-01-01,Nevada,057,99092,10823,10299,400,10699,110
2022-01-01,Orange,059,3164182,373202,339526,23379,362905,5890
2022-01-01,Placer,061,380077,43299,40857,4547,45404,489
2022-01-01,Plumas,063,18699,2071,1994,56,2050,12
2022-01-01,Riverside,065,2383286,422077,397124,18760,415884,5501
2022-01-01,Sacramento,067,1510023,183882,173562,6502,180064,2448
2022-01-01,San Benito,069,59416,8756,8320,208,8528,79
2022-01-01,San Bernardino,071,2135413,415820,386278,13831,400109,6051
2022-01-01,San Diego,073,3302833,473299,427087,28251,455338,4469
2022-01-01,San Francisco,075,870044,73254,64498,3247,67745,682
2022-01-01,San Joaquin,077,732212,111867,106640,6157,112797,1902
2022-01-01,San Luis Obispo,079,281455,34249,32342,1597,33939,365
2022-01-01,San Mateo,081,765935,70349,60504,1741,62245,581
2022-01-01,Santa Barbara,083,443738,53001,49555,1842,51397,568
2022-01-01,Santa Clara,085,1922200,181060,164547,2863,167410,1969
2022-01-01,Santa Cruz,087,273765,24742,22980,1261,24241,228
2022-01-01,Shasta,089,179085,23616,23161,3831,26992,435
2022-01-01,Sierra,091,2930,216,206,21,227,0
2022-01-01,Siskiyou,093,43540,3582,3474,1434,4908,61
2022-01-01,Solano,095,438530,52417,48957,1724,50681,379
2022-01-01,Sonoma,097,501317,49422,46040,794,46834,410
2022-01-01,Stanislaus,099,539301,86312,84367,9914,94281,1332
2022-01-01,Sutter,101,95872,15056,14741,443,15184,193
2022-01-01,Tehama,103,63373,9162,8944,1609,10553,139
2022-01-01,Trinity,105,12862,925,832,222,1054,17
2022-01-01,Tulare,107,460477,74292,71941,17441,89382,1160
2022-01-01,Tuolumne,109,53932,8343,8044,125,8169,91
2022-01-01,Ventura,111,848112,118253,107992,5916,113908,1211
2022-01-01,Yolo,113,214977,23413,21747,1411,23158,270
2022-01-01,Yuba,115,75493,11189,10844,430,11274,99
2021-12-31,Alameda,001,1643700,145920,133486,4063,137549,1528
2021-12-31,Alpine,002,1148,111,113,0,113,0
2021-12-31,Amador,005,37829,6053,5913,86,5999,70
2021-12-31,Butte,007,227075,23386,22469,4376,26845,341
2021-12-31,Calaveras,009,45235,4797,4668,71,4739,93
2021-12-31,Colusa,011,21464,2717,2659,726,3385,21
2021-12-31,Contra Costa,013,1133247,118390,109593,3259,112852,1073
2021-12-31,Del Norte,015,27424,3893,3841,61,3902,43
2021-12-31,El Dorado,017,186661,18620,17621,1959,19580,172
2021-12-31,Fresno,019,978130,155174,149927,14004,163931,2379
2021-12-31,Glenn,021,27897,3742,3663,1091,4754,39
2021-12-31,Humboldt,023,135768,11014,10381,874,11255,119
2021-12-31,Imperial,025,180216,38939,37672,4664,42336,800
2021-12-31,Inyo,027,18085,2901,2726,48,2774,49
2021-12-31,Kern,029,883053,140117,136123,26741,162864,1917
2021-12-31,Kings,031,150075,35261,34318,2136,36454,386
2021-12-31,Lake,033,64148,7215,7060,202,7262,117
2021-12-31,Lassen,035,31185,7148,7089,431,7520,55
2021-12-31,Los Angeles,037,10098052,1744050,1596123,72122,1668245,27371
2021-12-31,Madera,039,155013,25642,25002,2489,27491,320
2021-12-31,Marin,041,260295,13703,20475,944,21419,249
2021-12-31,Mariposa,043,17540,1590,1509,64,1573,6
2021-12-31,Mendocino,045,87422,8741,8422,736,9158,101
2021-12-31,Merced,047,269075,45666,44769,2304,47073,694
2021-12-31,Modoc,049,8938,609,601,210,811,6
2021-12-31,Mono,051,14174,2239,2101,29,2130,4
2021-12-31,Monterey,053,433212,53461,50251,3912,54163,643
2021-12-31,Napa,055,140530,15708,14439,259,14698,107
2021-12-31,Nevada,057,99092,10756,10299,394,10693,110
2021-12-31,Orange,059,3164182,370681,339526,22953,362479,5890
2021-12-31,Placer,061,380077,43048,40857,4476,45333,489
2021-12-31,Plumas,063,18699,2066,1994,56,2050,12
2021-12-31,Riverside,065,2383286,420385,397124,18605,415729,5501
2021-12-31,Sacramento,067,1510023,183013,173562,6393,179955,2448
2021-12-31,San Benito,069,59416,8742,8320,207,8527,79
2021-12-31,San Bernardino,071,2135413,413475,386278,13640,399918,6051
2021-12-31,San Diego,073,3302833,470074,427087,27941,455028,4469
2021-12-31,San Francisco,075,870044,72327,64498,3190,67688,682
2021-12-31,San Joaquin,077,732212,111237,106640,6091,112731,1902
2021-12-31,San Luis Obispo,079,281455,34141,32342,1585,33927,365
2021-12-31,San Mateo,081,765935,69468,60504,1689,62193,581
2021-12-31,Santa Barbara,083,443738,52602,49555,1830,51385,568
2021-12-31,Santa Clara,085,1922200,179075,164547,2722,167269,1969
2021-12-31,Santa Cruz,087,273765,24503,22980,1240,24220,228
2021-12-31,Shasta,089,179085,23554,23161,3810,26971,435
2021-12-31,Sierra,091,2930,216,206,21,227,0
2021-12-31,Siskiyou,093,43540,3575,3474,1423,4897,61
2021-12-31,Solano,095,438530,52259,48957,1698,50655,379
2021-12-31,Sonoma,097,501317,49165,46040,781,46821,410
2021-12-31,Stanislaus,099,539301,85986,84367,9853,94220,1332
2021-12-31,Sutter,101,95872,14995,14741,437,15178,193
2021-12-31,Tehama,103,63373,9130,8944,1600,10544,139
2021-12-31,Trinity,105,12862,924,832,222,1054,17
2021-12-31,Tulare,107,460477,74088,71941,17356,89297,1160
2021-12-31,Tuolumne,109,53932,8298,8044,124,8168,91
2021-12-31,Ventura,111,848112,117279,107992,5834,113826,1211
2021-12-31,Yolo,113,214977,23192,21747,1389,23136,270
2021-12-31,Yuba,115,75493,11132,10844,424,11268,99
2021-12-30,Alameda,001,1643700,144618,133486,3927,137413,1528
2021-12-30,Alpine,002,1148,110,113,0,113,0
2021-12-30,Amador,005,37829,6034,5913,85,5998,70
2021-12-30,Butte,007,227075,23254,22469,4350,26819,341
2021-12-30,Calaveras,009,45235,4778,4668,71,4739,93
2021-12-30,Colusa,011,21464,2716,2659,724,3383,21
2021-12-30,Contra Costa,013,1133247,117292,109593,3147,112740,1073
2021-12-30,Del Norte,015,27424,3882,3841,60,3901,43
2021-12-30,El Dorado,017,186661,18516,17621,1938,19559,172
2021-12-30,Fresno,019,978130,154634,149927,13933,163860,2379
2021-12-30,Glenn,021,27897,3736,3663,1088,4751,39
2021-12-30,Humboldt,023,135768,10947,10381,862,11243,119
2021-12-30,Imperial,025,180216,38771,37672,4554,42226,800
2021-12-30,Inyo,027,18085,2882,2726,46,2772,49
2021-12-30,Kern,029,883053,139583,136123,26441,162564,1917
2021-12-30,Kings,031,150075,35142,34318,2121,36439,386
2021-12-30,Lake,033,64148,7198,7060,196,7256,117
2021-12-30,Lassen,035,31185,7142,7089,431,7520,55
2021-12-30,Los Angeles,037,10098052,1720729,1596123,70862,1666985,27371
2021-12-30,Madera,039,155013,25565,25002,2469,27471,320
2021-12-30,Marin,041,260295,13529,20475,919,21394,249
2021-12-30,Mariposa,043,17540,1584,1509,64,1573,6
2021-12-30,Mendocino,045,87422,8724,8422,725,9147,101
2021-12-30,Merced,047,269075,45563,44769,2289,47058,694
2021-12-30,Modoc,049,8938,608,601,210,811,6
2021-12-30,Mono,051,14174,2234,2101,28,2129,4
2021-12-30,Monterey,053,433212,53148,50251,3851,54102,643
2021-12-30,Napa,055,140530,15564,14439,250,14689,107
2021-12-30,Nevada,057,99092,10692,10299,385,10684,110
2021-12-30,Orange,059,3164182,365618,339526,22398,361924,5890
2021-12-30,Placer,061,380077,42760,40857,4426,45283,489
2021-12-30,Plumas,063,18699,2062,1994,55,2049,12
2021-12-30,Riverside,065,2383286,417111,397124,18453,415577,5501
2021-12-30,Sacramento,067,1510023,181755,173562,6244,179806,2448
2021-12-30,San Benito,069,59416,8695,8320,205,8525,79
2021-12-30,San Bernardino,071,2135413,410849,386278,13493,399771,6051
2021-12-30,San Diego,073,3302833,464924,427087,27441,454528,4469
2021-12-30,San Francisco,075,870044,71239,64498,3118,67616,682
2021-12-30,San Joaquin,077,732212,110641,106640,6047,112687,1902
2021-12-30,San Luis Obispo,079,281455,34022,32342,1572,33914,365
2021-12-30,San Mateo,081,765935,68427,60504,1560,62064,581
2021-12-30,Santa Barbara,083,443738,52124,49555,1811,51366,568
2021-12-30,Santa Clara,085,1922200,176748,164547,2599,167146,1969
2021-12-30,Santa Cruz,087,273765,24264,22980,1206,24186,228
2021-12-30,Shasta,089,179085,23501,23161,3804,26965,435
2021-12-30,Sierra,091,2930,216,206,21,227,0
2021-12-30,Siskiyou,093,43540,3566,3474,1421,4895,61
2021-12-30,Solano,095,438530,51911,48957,1651,50608,379
2021-12-30,Sonoma,097,501317,48829,46040,772,46812,410
2021-12-30,Stanislaus,099,539301,85669,84367,9793,94160,1332
2021-12-30,Sutter,101,95872,14933,14741,436,15177,193
2021-12-30,Tehama,103,63373,9103,8944,1594,10538,139
2021-12-30,Trinity,105,12862,921,832,222,1054,17
2021-12-30,Tulare,107,460477,73897,71941,17280,89221,1160
2021-12-30,Tuolumne,109,53932,8259,8044,124,8168,91
2021-12-30,Ventura,111,848112,116022,107992,5731,113723,1211
2021-12-30,Yolo,113,214977,23053,21747,1363,23110,270
2021-12-30,Yuba,115,75493,11085,10844,422,11266,99
2021-12-29,Alameda,001,1643700,141375,131586,3775,135361,1529
2021-12-29,Alpine,002,1148,110,113,0,113,0
2021-12-29,Amador,005,37829,6011,5905,82,5987,70
2021-12-29,Butte,007,227075,23111,22353,4312,26665,338
2021-12-29,Calaveras,009,45235,4751,4646,69,4715,93
2021-12-29,Colusa,011,21464,2706,2657,719,3376,21
2021-12-29,Contra Costa,013,1133247,115194,108165,3021,111186,1072
2021-12-29,Del Norte,015,27424,3868,3826,58,3884,43
2021-12-29,El Dorado,017,186661,18293,17489,1920,19409,172
2021-12-29,Fresno,019,978130,153490,149318,13817,163135,2364
2021-12-29,Glenn,021,27897,3726,3653,1085,4738,39
2021-12-29,Humboldt,023,135768,10837,10249,840,11089,119
2021-12-29,Imperial,025,180216,38532,37460,4485,41945,800
2021-12-29,Inyo,027,18085,2849,2703,46,2749,49
2021-12-29,Kern,029,883053,138779,135648,26056,161704,1913
2021-12-29,Kings,031,150075,35028,34216,2115,36331,386
2021-12-29,Lake,033,64148,7166,7048,194,7242,117
2021-12-29,Lassen,035,31185,7138,7085,430,7515,55
2021-12-29,Los Angeles,037,10098052,1690712,1576414,69148,1645562,27349
2021-12-29,Madera,039,155013,25461,24923,2458,27381,320
2021-12-29,Marin,041,260295,13174,20025,898,20923,249
2021-12-29,Mariposa,043,17540,1562,1507,64,1571,6
2021-12-29,Mendocino,045,87422,8665,8386,721,9107,99
2021-12-29,Merced,047,269075,45346,44548,2274,46822,693
2021-12-29,Modoc,049,8938,605,600,210,810,6
2021-12-29,Mono,051,14174,2210,2056,27,2083,4
2021-12-29,Monterey,053,433212,52737,50097,3745,53842,641
2021-12-29,Napa,055,140530,15241,14247,232,14479,107
2021-12-29,Nevada,057,99092,10601,10274,384,10658,110
2021-12-29,Orange,059,3164182,358110,334557,21715,356272,5887
2021-12-29,Placer,061,380077,42269,40545,4352,44897,489
2021-12-29,Plumas,063,18699,2050,1990,55,2045,12
2021-12-29,Riverside,065,2383286,411688,392989,18246,411235,5486
2021-12-29,Sacramento,067,1510023,179420,172145,6073,178218,2437
2021-12-29,San Benito,069,59416,8552,8239,204,8443,79
2021-12-29,San Bernardino,071,2135413,405259,382872,13278,396150,6049
2021-12-29,San Diego,073,3302833,454088,421045,26737,447782,4461
2021-12-29,San Francisco,075,870044,69544,63117,3048,66165,684
2021-12-29,San Joaquin,077,732212,109457,106063,5977,112040,1891
2021-12-29,San Luis Obispo,079,281455,33627,31936,1523,33459,365
2021-12-29,San Mateo,081,765935,66802,59478,1452,60930,581
2021-12-29,Santa Barbara,083,443738,51286,49003,1786,50789,568
2021-12-29,Santa Clara,085,1922200,173544,162008,2468,164476,1962
2021-12-29,Santa Cruz,087,273765,23987,22669,1174,23843,228
2021-12-29,Shasta,089,179085,23427,23083,3792,26875,435
2021-12-29,Sierra,091,2930,215,206,21,227,0
2021-12-29,Siskiyou,093,43540,3553,3472,1410,4882,61
2021-12-29,Solano,095,438530,51206,48562,1598,50160,379
2021-12-29,Sonoma,097,501317,48028,45479,750,46229,410
2021-12-29,Stanislaus,099,539301,85181,84083,9733,93816,1332
2021-12-29,Sutter,101,95872,14864,14688,434,15122,193
2021-12-29,Tehama,103,63373,9078,8914,1582,10496,138
2021-12-29,Trinity,105,12862,918,832,222,1054,17
2021-12-29,Tulare,107,460477,73610,71752,17159,88911,1160
2021-12-29,Tuolumne,109,53932,8206,8012,123,8135,91
2021-12-29,Ventura,111,848112,114084,106974,5553,112527,1207
2021-12-29,Yolo,113,214977,22814,21564,1332,22896,270
2021-12-29,Yuba,115,75493,11024,10808,418,11226,99
2021-12-28,Alameda,001,1643700,138210,130427,3622,134049,1522
2021-12-28,Alpine,002,1148,110,113,0,113,0
2021-12-28,Amador,005,37829,5991,5900,81,5981,70
2021-12-28,Butte,007,227075,22966,22285,4296,26581,338
2021-12-28,Calaveras,009,45235,4733,4641,68,4709,91
2021-12-28,Colusa,011,21464,2700,2653,717,3370,21
2021-12-28,Contra Costa,013,1133247,112892,107160,2907,110067,1072
2021-12-28,Del Norte,015,27424,3862,3815,58,3873,43
2021-12-28,El Dorado,017,186661,18069,17419,1910,19329,172
2021-12-28,Fresno,019,978130,152402,148987,13734,162721,2365
2021-12-28,Glenn,021,27897,3701,3639,1081,4720,39
2021-12-28,Humboldt,023,135768,10716,10198,816,11014,119
2021-12-28,Imperial,025,180216,38236,37223,4385,41608,800
2021-12-28,Inyo,027,18085,2791,2676,45,2721,48
2021-12-28,Kern,029,883053,138058,135346,25707,161053,1909
2021-12-28,Kings,031,150075,34892,34165,2100,36265,386
2021-12-28,Lake,033,64148,7147,7044,189,7233,116
2021-12-28,Lassen,035,31185,7129,7083,430,7513,55
2021-12-28,Los Angeles,037,10098052,1658419,1561791,67505,1629296,27323
2021-12-28,Madera,039,155013,25335,24865,2438,27303,320
2021-12-28,Marin,041,260295,12762,19739,868,20607,249
2021-12-28,Mariposa,043,17540,1551,1499,63,1562,6
2021-12-28,Mendocino,045,87422,8604,8366,713,9079,98
2021-12-28,Merced,047,269075,45104,44434,2262,46696,691
2021-12-28,Modoc,049,8938,605,599,209,808,6
2021-12-28,Mono,051,14174,2187,2045,25,2070,4
2021-12-28,Monterey,053,433212,52359,49973,3672,53645,639
2021-12-28,Napa,055,140530,14923,14131,206,14337,107
2021-12-28,Nevada,057,99092,10510,10250,381,10631,110
2021-12-28,Orange,059,3164182,350430,331279,20979,352258,5882
2021-12-28,Placer,061,380077,41800,40410,4284,44694,489
2021-12-28,Plumas,063,18699,2047,1989,55,2044,12
2021-12-28,Riverside,065,2383286,406447,390343,18003,408346,5470
2021-12-28,Sacramento,067,1510023,177133,171290,5943,177233,2426
2021-12-28,San Benito,069,59416,8408,8170,202,8372,79
2021-12-28,San Bernardino,071,2135413,399349,381316,13057,394373,6047
2021-12-28,San Diego,073,3302833,443395,417383,26188,443571,4450
2021-12-28,San Francisco,075,870044,67922,61745,2991,64736,682
2021-12-28,San Joaquin,077,732212,108402,105572,5933,111505,1884
2021-12-28,San Luis Obispo,079,281455,33161,31759,1507,33266,365
2021-12-28,San Mateo,081,765935,65289,58712,1364,60076,582
2021-12-28,Santa Barbara,083,443738,50640,48493,1766,50259,568
2021-12-28,Santa Clara,085,1922200,170338,160811,2373,163184,1962
2021-12-28,Santa Cruz,087,273765,23613,22513,1136,23649,228
2021-12-28,Shasta,089,179085,23356,23035,3787,26822,434
2021-12-28,Sierra,091,2930,212,206,21,227,0
2021-12-28,Siskiyou,093,43540,3544,3468,1405,4873,60
2021-12-28,Solano,095,438530,50292,48318,1543,49861,378
2021-12-28,Sonoma,097,501317,47169,45086,726,45812,410
2021-12-28,Stanislaus,099,539301,84698,83946,9672,93618,1331
2021-12-28,Sutter,101,95872,14815,14662,431,15093,193
2021-12-28,Tehama,103,63373,9060,8893,1580,10473,138
2021-12-28,Trinity,105,12862,916,831,221,1052,17
2021-12-28,Tulare,107,460477,73330,71630,17044,88674,1156
2021-12-28,Tuolumne,109,53932,8164,8006,123,8129,91
2021-12-28,Ventura,111,848112,111977,105883,5423,111306,1207
2021-12-28,Yolo,113,214977,22480,21320,1283,22603,270
2021-12-28,Yuba,115,75493,10967,10778,415,11193,99
2021-12-27,Alameda,001,1643700,135527,129910,3491,133401,1530
2021-12-27,Alpine,002,1148,110,113,0,113,0
2021-12-27,Amador,005,37829,5963,5891,81,5972,70
2021-12-27,Butte,007,227075,22830,22234,4269,26503,335
2021-12-27,Calaveras,009,45235,4708,4630,67,4697,91
2021-12-27,Colusa,011,21464,2689,2652,711,3363,21
2021-12-27,Contra Costa,013,1133247,110725,106692,2824,109516,1071
2021-12-27,Del Norte,015,27424,3853,3802,57,3859,43
2021-12-27,El Dorado,017,186661,17908,17361,1898,19259,172
2021-12-27,Fresno,019,978130,151435,148826,13651,162477,2364
2021-12-27,Glenn,021,27897,3693,3634,1075,4709,39
2021-12-27,Humboldt,023,135768,10602,10164,794,10958,119
2021-12-27,Imperial,025,180216,37995,37180,4291,41471,800
2021-12-27,Inyo,027,18085,2762,2662,43,2705,48
2021-12-27,Kern,029,883053,137408,135119,25404,160523,1907
2021-12-27,Kings,031,150075,34741,34126,2087,36213,382
2021-12-27,Lake,033,64148,7124,7037,179,7216,116
2021-12-27,Lassen,035,31185,7123,7080,430,7510,55
2021-12-27,Los Angeles,037,10098052,1622051,1554074,65764,1619838,27300
2021-12-27,Madera,039,155013,25216,24840,2419,27259,320
2021-12-27,Marin,041,260295,12373,19601,841,20442,249
2021-12-27,Mariposa,043,17540,1536,1495,63,1558,6
2021-12-27,Mendocino,045,87422,8537,8351,708,9059,98
2021-12-27,Merced,047,269075,44872,44383,2244,46627,690
2021-12-27,Modoc,049,8938,603,599,209,808,6
2021-12-27,Mono,051,14174,2124,2026,25,2051,4
2021-12-27,Monterey,053,433212,52059,49918,3621,53539,639
2021-12-27,Napa,055,140530,14654,14083,197,14280,107
2021-12-27,Nevada,057,99092,10441,10239,373,10612,110
2021-12-27,Orange,059,3164182,342923,329222,20173,349395,5875
2021-12-27,Placer,061,380077,41421,40263,4235,44498,489
2021-12-27,Plumas,063,18699,2045,1988,53,2041,12
2021-12-27,Riverside,065,2383286,401867,389096,17747,406843,5470
2021-12-27,Sacramento,067,1510023,175101,170858,5771,176629,2422
2021-12-27,San Benito,069,59416,8290,8133,198,8331,79
2021-12-27,San Bernardino,071,2135413,393352,380526,12856,393382,6047
2021-12-27,San Diego,073,3302833,433188,414968,25700,440668,4445
2021-12-27,San Francisco,075,870044,66173,60920,2926,63846,682
2021-12-27,San Joaquin,077,732212,107482,105413,5869,111282,1876
2021-12-27,San Luis Obispo,079,281455,32716,31671,1486,33157,365
2021-12-27,San Mateo,081,765935,63761,58397,1265,59662,581
2021-12-27,Santa Barbara,083,443738,49854,48209,1746,49955,568
2021-12-27,Santa Clara,085,1922200,167330,159904,2247,162151,1961
2021-12-27,Santa Cruz,087,273765,23322,22456,1118,23574,228
2021-12-27,Shasta,089,179085,23295,23015,3776,26791,432
2021-12-27,Sierra,091,2930,212,206,21,227,0
2021-12-27,Siskiyou,093,43540,3535,3466,1400,4866,60
2021-12-27,Solano,095,438530,49560,48172,1495,49667,378
2021-12-27,Sonoma,097,501317,46591,44990,708,45698,410
2021-12-27,Stanislaus,099,539301,84243,83833,9631,93464,1331
2021-12-27,Sutter,101,95872,14759,14642,426,15068,191
2021-12-27,Tehama,103,63373,9044,8887,1572,10459,136
2021-12-27,Trinity,105,12862,916,827,221,1048,17
2021-12-27,Tulare,107,460477,73061,71562,16949,88511,1146
2021-12-27,Tuolumne,109,53932,8126,7978,122,8100,91
2021-12-27,Ventura,111,848112,109892,105212,5288,110500,1206
2021-12-27,Yolo,113,214977,22188,21300,1249,22549,270
2021-12-27,Yuba,115,75493,10905,10759,414,11173,98
2021-12-26,Alameda,001,1643700,133406,127221,3419,130640,1525
2021-12-26,Alpine,002,1148,110,113,0,113,0
2021-12-26,Amador,005,37829,5947,5861,79,5940,70
2021-12-26,Butte,007,227075,22676,22087,4239,26326,330
2021-12-26,Calaveras,009,45235,4686,4591,67,4658,91
2021-12-26,Colusa,011,21464,2678,2647,705,3352,21
2021-12-26,Contra Costa,013,1133247,108964,105022,2726,107748,1071
2021-12-26,Del Norte,015,27424,3848,3795,57,3852,43
2021-12-26,El Dorado,017,186661,17754,17188,1890,19078,172
2021-12-26,Fresno,019,978130,150725,148027,13569,161596,2358
2021-12-26,Glenn,021,27897,3681,3611,1061,4672,39
2021-12-26,Humboldt,023,135768,10459,10052,771,10823,119
2021-12-26,Imperial,025,180216,37691,36878,4201,41079,800
2021-12-26,Inyo,027,18085,2738,2636,40,2676,47
2021-12-26,Kern,029,883053,136684,134591,25148,159739,1908
2021-12-26,Kings,031,150075,34587,34009,2081,36090,379
2021-12-26,Lake,033,64148,7102,7019,176,7195,116
2021-12-26,Lassen,035,31185,7117,7072,429,7501,55
2021-12-26,Los Angeles,037,10098052,1592139,1515469,63975,1579444,27257
2021-12-26,Madera,039,155013,25097,24741,2403,27144,320
2021-12-26,Marin,041,260295,11994,19085,782,19867,249
2021-12-26,Mariposa,043,17540,1530,1480,63,1543,6
2021-12-26,Mendocino,045,87422,8486,8314,706,9020,98
2021-12-26,Merced,047,269075,44620,44208,2230,46438,690
2021-12-26,Modoc,049,8938,602,597,207,804,6
2021-12-26,Mono,051,14174,2098,2000,25,2025,4
2021-12-26,Monterey,053,433212,51779,49709,3572,53281,638
2021-12-26,Napa,055,140530,14416,13809,192,14001,107
2021-12-26,Nevada,057,99092,10381,10153,366,10519,110
2021-12-26,Orange,059,3164182,336562,322991,19377,342368,5863
2021-12-26,Placer,061,380077,41061,39852,4163,44015,489
2021-12-26,Plumas,063,18699,2037,1987,52,2039,12
2021-12-26,Riverside,065,2383286,397678,384567,17578,402145,5470
2021-12-26,Sacramento,067,1510023,173369,169144,5623,174767,2418
2021-12-26,San Benito,069,59416,8201,7991,194,8185,79
2021-12-26,San Bernardino,071,2135413,388479,376052,12679,388731,6043
2021-12-26,San Diego,073,3302833,424191,406616,25210,431826,4442
2021-12-26,San Francisco,075,870044,64594,58229,2864,61093,682
2021-12-26,San Joaquin,077,732212,106675,104590,5816,110406,1872
2021-12-26,San Luis Obispo,079,281455,32269,31290,1468,32758,365
2021-12-26,San Mateo,081,765935,62357,56973,1218,58191,581
2021-12-26,Santa Barbara,083,443738,49177,47553,1716,49269,567
2021-12-26,Santa Clara,085,1922200,164614,156872,2113,158985,1967
2021-12-26,Santa Cruz,087,273765,23038,22176,1104,23280,228
2021-12-26,Shasta,089,179085,23212,22959,3764,26723,432
2021-12-26,Sierra,091,2930,212,202,21,223,0
2021-12-26,Siskiyou,093,43540,3527,3460,1391,4851,60
2021-12-26,Solano,095,438530,49055,47646,1457,49103,377
2021-12-26,Sonoma,097,501317,46094,44358,676,45034,408
2021-12-26,Stanislaus,099,539301,83869,83368,9589,92957,1331
2021-12-26,Sutter,101,95872,14693,14533,423,14956,191
2021-12-26,Tehama,103,63373,9011,8861,1568,10429,136
2021-12-26,Trinity,105,12862,916,826,220,1046,17
2021-12-26,Tulare,107,460477,72811,71292,16843,88135,1137
2021-12-26,Tuolumne,109,53932,8089,7919,122,8041,91
2021-12-26,Ventura,111,848112,108057,103498,5141,108639,1206
2021-12-26,Yolo,113,214977,21903,21084,1210,22294,270
2021-12-26,Yuba,115,75493,10854,10694,412,11106,98
2021-12-25,Alameda,001,1643700,132318,127221,3354,130575,1525
2021-12-25,Alpine,002,1148,110,113,0,113,0
2021-12-25,Amador,005,37829,5928,5861,79,5940,70
2021-12-25,Butte,007,227075,22578,22087,4222,26309,330
2021-12-25,Calaveras,009,45235,4657,4591,66,4657,91
2021-12-25,Colusa,011,21464,2673,2647,699,3346,21
2021-12-25,Contra Costa,013,1133247,108137,105022,2671,107693,1071
2021-12-25,Del Norte,015,27424,3841,3795,56,3851,43
2021-12-25,El Dorado,017,186661,17701,17188,1879,19067,172
2021-12-25,Fresno,019,978130,150408,148027,13521,161548,2358
2021-12-25,Glenn,021,27897,3670,3611,1057,4668,39
2021-12-25,Humboldt,023,135768,10377,10052,764,10816,119
2021-12-25,Imperial,025,180216,37568,36878,4179,41057,800
2021-12-25,Inyo,027,18085,2718,2636,40,2676,47
2021-12-25,Kern,029,883053,136337,134591,25022,159613,1908
2021-12-25,Kings,031,150075,34497,34009,2074,36083,379
2021-12-25,Lake,033,64148,7090,7019,174,7193,116
2021-12-25,Lassen,035,31185,7115,7072,429,7501,55
2021-12-25,Los Angeles,037,10098052,1579311,1515469,62633,1578102,27257
2021-12-25,Madera,039,155013,25046,24741,2397,27138,320
2021-12-25,Marin,041,260295,11653,19085,733,19818,249
2021-12-25,Mariposa,043,17540,1524,1480,63,1543,6
2021-12-25,Mendocino,045,87422,8448,8314,706,9020,98
2021-12-25,Merced,047,269075,44518,44208,2228,46436,690
2021-12-25,Modoc,049,8938,602,597,207,804,6
2021-12-25,Mono,051,14174,2081,2000,25,2025,4
2021-12-25,Monterey,053,433212,51611,49709,3537,53246,638
2021-12-25,Napa,055,140530,14301,13809,184,13993,107
2021-12-25,Nevada,057,99092,10352,10153,366,10519,110
2021-12-25,Orange,059,3164182,333671,322991,18807,341798,5863
2021-12-25,Placer,061,380077,40869,39852,4129,43981,489
2021-12-25,Plumas,063,18699,2035,1987,52,2039,12
2021-12-25,Riverside,065,2383286,395393,384567,17459,402026,5470
2021-12-25,Sacramento,067,1510023,172552,169144,5518,174662,2418
2021-12-25,San Benito,069,59416,8136,7991,194,8185,79
2021-12-25,San Bernardino,071,2135413,386230,376052,12546,388598,6043
2021-12-25,San Diego,073,3302833,420122,406616,24943,431559,4442
2021-12-25,San Francisco,075,870044,63564,58229,2828,61057,682
2021-12-25,San Joaquin,077,732212,106338,104590,5784,110374,1872
2021-12-25,San Luis Obispo,079,281455,32116,31290,1459,32749,365
2021-12-25,San Mateo,081,765935,61322,56973,1175,58148,581
2021-12-25,Santa Barbara,083,443738,48813,47553,1704,49257,567
2021-12-25,Santa Clara,085,1922200,163126,156872,2046,158918,1967
2021-12-25,Santa Cruz,087,273765,22877,22176,1098,23274,228
2021-12-25,Shasta,089,179085,23179,22959,3758,26717,432
2021-12-25,Sierra,091,2930,212,202,21,223,0
2021-12-25,Siskiyou,093,43540,3524,3460,1385,4845,60
2021-12-25,Solano,095,438530,48929,47646,1439,49085,377
2021-12-25,Sonoma,097,501317,45709,44358,649,45007,408
2021-12-25,Stanislaus,099,539301,83655,83368,9563,92931,1331
2021-12-25,Sutter,101,95872,14652,14533,421,14954,191
2021-12-25,Tehama,103,63373,8991,8861,1564,10425,136
2021-12-25,Trinity,105,12862,915,826,220,1046,17
2021-12-25,Tulare,107,460477,72677,71292,16765,88057,1137
2021-12-25,Tuolumne,109,53932,8057,7919,122,8041,91
2021-12-25,Ventura,111,848112,106884,103498,5035,108533,1206
2021-12-25,Yolo,113,214977,21792,21084,1189,22273,270
2021-12-25,Yuba,115,75493,10827,10694,411,11105,98
2021-12-24,Alameda,001,1643700,131696,127221,3338,130559,1525
2021-12-24,Alpine,002,1148,110,113,0,113,0
2021-12-24,Amador,005,37829,5920,5861,78,5939,70
2021-12-24,Butte,007,227075,22521,22087,4205,26292,330
2021-12-24,Calaveras,009,45235,4651,4591,66,4657,91
2021-12-24,Colusa,011,21464,2671,2647,698,3345,21
2021-12-24,Contra Costa,013,1133247,107816,105022,2637,107659,1071
2021-12-24,Del Norte,015,27424,3834,3795,56,3851,43
2021-12-24,El Dorado,017,186661,17646,17188,1874,19062,172
2021-12-24,Fresno,019,978130,150241,148027,13508,161535,2358
2021-12-24,Glenn,021,27897,3669,3611,1057,4668,39
2021-12-24,Humboldt,023,135768,10322,10052,759,10811,119
2021-12-24,Imperial,025,180216,37484,36878,4175,41053,800
2021-12-24,Inyo,027,18085,2698,2636,40,2676,47
2021-12-24,Kern,029,883053,136214,134591,24980,159571,1908
2021-12-24,Kings,031,150075,34428,34009,2073,36082,379
2021-12-24,Lake,033,64148,7086,7019,174,7193,116
2021-12-24,Lassen,035,31185,7112,7072,429,7501,55
2021-12-24,Los Angeles,037,10098052,1574433,1515469,62105,1577574,27257
2021-12-24,Madera,039,155013,25011,24741,2392,27133,320
2021-12-24,Marin,041,260295,11507,19085,702,19787,249
2021-12-24,Mariposa,043,17540,1522,1480,63,1543,6
2021-12-24,Mendocino,045,87422,8431,8314,706,9020,98
2021-12-24,Merced,047,269075,44468,44208,2226,46434,690
2021-12-24,Modoc,049,8938,602,597,207,804,6
2021-12-24,Mono,051,14174,2068,2000,25,2025,4
2021-12-24,Monterey,053,433212,51516,49709,3511,53220,638
2021-12-24,Napa,055,140530,14236,13809,180,13989,107
2021-12-24,Nevada,057,99092,10326,10153,364,10517,110
2021-12-24,Orange,059,3164182,332605,322991,18649,341640,5863
2021-12-24,Placer,061,380077,40746,39852,4112,43964,489
2021-12-24,Plumas,063,18699,2034,1987,52,2039,12
2021-12-24,Riverside,065,2383286,394393,384567,17369,401936,5470
2021-12-24,Sacramento,067,1510023,172236,169144,5483,174627,2418
2021-12-24,San Benito,069,59416,8127,7991,193,8184,79
2021-12-24,San Bernardino,071,2135413,385083,376052,12473,388525,6043
2021-12-24,San Diego,073,3302833,418996,406616,24819,431435,4442
2021-12-24,San Francisco,075,870044,63056,58229,2811,61040,682
2021-12-24,San Joaquin,077,732212,106142,104590,5776,110366,1872
2021-12-24,San Luis Obispo,079,281455,32054,31290,1449,32739,365
2021-12-24,San Mateo,081,765935,60889,56973,1152,58125,581
2021-12-24,Santa Barbara,083,443738,48607,47553,1697,49250,567
2021-12-24,Santa Clara,085,1922200,162300,156872,2012,158884,1967
2021-12-24,Santa Cruz,087,273765,22794,22176,1095,23271,228
2021-12-24,Shasta,089,179085,23145,22959,3754,26713,432
2021-12-24,Sierra,091,2930,211,202,21,223,0
2021-12-24,Siskiyou,093,43540,3519,3460,1381,4841,60
2021-12-24,Solano,095,438530,48877,47646,1437,49083,377
2021-12-24,Sonoma,097,501317,45543,44358,641,44999,408
2021-12-24,Stanislaus,099,539301,83544,83368,9540,92908,1331
2021-12-24,Sutter,101,95872,14632,14533,418,14951,191
2021-12-24,Tehama,103,63373,8982,8861,1561,10422,136
2021-12-24,Trinity,105,12862,913,826,220,1046,17
2021-12-24,Tulare,107,460477,72609,71292,16723,88015,1137
2021-12-24,Tuolumne,109,53932,8032,7919,122,8041,91
2021-12-24,Ventura,111,848112,106437,103498,4979,108477,1206
2021-12-24,Yolo,113,214977,21718,21084,1171,22255,270
2021-12-24,Yuba,115,75493,10804,10694,410,11104,98
2021-12-23,Alameda,001,1643700,130960,127221,3303,130524,1525
2021-12-23,Alpine,002,1148,110,113,0,113,0
2021-12-23,Amador,005,37829,5908,5861,76,5937,70
2021-12-23,Butte,007,227075,22468,22087,4194,26281,330
2021-12-23,Calaveras,009,45235,4640,4591,66,4657,91
2021-12-23,Colusa,011,21464,2665,2647,694,3341,21
2021-12-23,Contra Costa,013,1133247,107385,105022,2594,107616,1071
2021-12-23,Del Norte,015,27424,3831,3795,56,3851,43
2021-12-23,El Dorado,017,186661,17582,17188,1868,19056,172
2021-12-23,Fresno,019,978130,150035,148027,13491,161518,2358
2021-12-23,Glenn,021,27897,3665,3611,1057,4668,39
2021-12-23,Humboldt,023,135768,10269,10052,756,10808,119
2021-12-23,Imperial,025,180216,37411,36878,4148,41026,800
2021-12-23,Inyo,027,18085,2685,2636,40,2676,47
2021-12-23,Kern,029,883053,136064,134591,24883,159474,1908
2021-12-23,Kings,031,150075,34387,34009,2072,36081,379
2021-12-23,Lake,033,64148,7074,7019,172,7191,116
2021-12-23,Lassen,035,31185,7111,7072,429,7501,55
2021-12-23,Los Angeles,037,10098052,1564867,1515469,61031,1576500,27257
2021-12-23,Madera,039,155013,24978,24741,2388,27129,320
2021-12-23,Marin,041,260295,11373,19085,685,19770,249
2021-12-23,Mariposa,043,17540,1517,1480,63,1543,6
2021-12-23,Mendocino,045,87422,8422,8314,706,9020,98
2021-12-23,Merced,047,269075,44419,44208,2224,46432,690
2021-12-23,Modoc,049,8938,602,597,207,804,6
2021-12-23,Mono,051,14174,2047,2000,24,2024,4
2021-12-23,Monterey,053,433212,51395,49709,3490,53199,638
2021-12-23,Napa,055,140530,14156,13809,175,13984,107
2021-12-23,Nevada,057,99092,10302,10153,363,10516,110
2021-12-23,Orange,059,3164182,330915,322991,18319,341310,5863
2021-12-23,Placer,061,380077,40621,39852,4096,43948,489
2021-12-23,Plumas,063,18699,2034,1987,52,2039,12
2021-12-23,Riverside,065,2383286,393175,384567,17300,401867,5470
2021-12-23,Sacramento,067,1510023,171779,169144,5435,174579,2418
2021-12-23,San Benito,069,59416,8108,7991,191,8182,79
2021-12-23,San Bernardino,071,2135413,383891,376052,12368,388420,6043
2021-12-23,San Diego,073,3302833,417143,406616,24622,431238,4442
2021-12-23,San Francisco,075,870044,62326,58229,2783,61012,682
2021-12-23,San Joaquin,077,732212,105924,104590,5763,110353,1872
2021-12-23,San Luis Obispo,079,281455,31982,31290,1445,32735,365
2021-12-23,San Mateo,081,765935,60327,56973,1132,58105,581
2021-12-23,Santa Barbara,083,443738,48408,47553,1695,49248,567
2021-12-23,Santa Clara,085,1922200,161392,156872,1953,158825,1967
2021-12-23,Santa Cruz,087,273765,22680,22176,1083,23259,228
2021-12-23,Shasta,089,179085,23114,22959,3751,26710,432
2021-12-23,Sierra,091,2930,208,202,21,223,0
2021-12-23,Siskiyou,093,43540,3519,3460,1379,4839,60
2021-12-23,Solano,095,438530,48769,47646,1421,49067,377
2021-12-23,Sonoma,097,501317,45364,44358,640,44998,408
2021-12-23,Stanislaus,099,539301,83415,83368,9520,92888,1331
2021-12-23,Sutter,101,95872,14615,14533,417,14950,191
2021-12-23,Tehama,103,63373,8970,8861,1557,10418,136
2021-12-23,Trinity,105,12862,913,826,220,1046,17
2021-12-23,Tulare,107,460477,72533,71292,16680,87972,1137
2021-12-23,Tuolumne,109,53932,8014,7919,121,8040,91
2021-12-23,Ventura,111,848112,105902,103498,4913,108411,1206
2021-12-23,Yolo,113,214977,21646,21084,1153,22237,270
2021-12-23,Yuba,115,75493,10791,10694,410,11104,98
2021-12-22,Alameda,001,1643700,130004,126533,3220,129753,1522
2021-12-22,Alpine,002,1148,110,112,0,112,0
2021-12-22,Amador,005,37829,5895,5850,75,5925,70
2021-12-22,Butte,007,227075,22416,22070,4180,26250,330
2021-12-22,Calaveras,009,45235,4631,4580,66,4646,91
2021-12-22,Colusa,011,21464,2665,2645,691,3336,21
2021-12-22,Contra Costa,013,1133247,106747,104559,2550,107109,1070
2021-12-22,Del Norte,015,27424,3831,3794,56,3850,43
2021-12-22,El Dorado,017,186661,17520,17140,1859,18999,172
2021-12-22,Fresno,019,978130,149756,147838,13459,161297,2349
2021-12-22,Glenn,021,27897,3660,3604,1057,4661,39
2021-12-22,Humboldt,023,135768,10207,10022,751,10773,119
2021-12-22,Imperial,025,180216,37325,36755,4111,40866,798
2021-12-22,Inyo,027,18085,2667,2632,40,2672,47
2021-12-22,Kern,029,883053,135829,134433,24801,159234,1900
2021-12-22,Kings,031,150075,34337,33953,2065,36018,376
2021-12-22,Lake,033,64148,7067,7008,170,7178,116
2021-12-22,Lassen,035,31185,7106,7069,428,7497,55
2021-12-22,Los Angeles,037,10098052,1551307,1507110,59871,1566981,27234
2021-12-22,Madera,039,155013,24940,24702,2384,27086,320
2021-12-22,Marin,041,260295,11152,18927,662,19589,249
2021-12-22,Mariposa,043,17540,1510,1480,63,1543,6
2021-12-22,Mendocino,045,87422,8413,8299,706,9005,99
2021-12-22,Merced,047,269075,44348,44137,2221,46358,689
2021-12-22,Modoc,049,8938,602,595,207,802,6
2021-12-22,Mono,051,14174,2043,1979,24,2003,4
2021-12-22,Monterey,053,433212,51239,49650,3473,53123,639
2021-12-22,Napa,055,140530,14028,13746,165,13911,107
2021-12-22,Nevada,057,99092,10274,10101,358,10459,110
2021-12-22,Orange,059,3164182,328605,321765,17891,339656,5858
2021-12-22,Placer,061,380077,40437,39758,4059,43817,489
2021-12-22,Plumas,063,18699,2030,1986,52,2038,12
2021-12-22,Riverside,065,2383286,391346,383319,17187,400506,5472
2021-12-22,Sacramento,067,1510023,171119,168695,5375,174070,2422
2021-12-22,San Benito,069,59416,8056,7971,189,8160,79
2021-12-22,San Bernardino,071,2135413,382163,375044,12283,387327,6039
2021-12-22,San Diego,073,3302833,413025,404269,24297,428566,4434
2021-12-22,San Francisco,075,870044,61339,57520,2741,60261,682
2021-12-22,San Joaquin,077,732212,105655,104385,5749,110134,1870
2021-12-22,San Luis Obispo,079,281455,31841,31175,1425,32600,365
2021-12-22,San Mateo,081,765935,59645,56604,1102,57706,581
2021-12-22,Santa Barbara,083,443738,48151,47372,1679,49051,566
2021-12-22,Santa Clara,085,1922200,160267,156258,1912,158170,1954
2021-12-22,Santa Cruz,087,273765,22574,22075,1078,23153,228
2021-12-22,Shasta,089,179085,23085,22937,3746,26683,432
2021-12-22,Sierra,091,2930,208,202,21,223,0
2021-12-22,Siskiyou,093,43540,3516,3458,1376,4834,59
2021-12-22,Solano,095,438530,48540,47531,1408,48939,375
2021-12-22,Sonoma,097,501317,45089,44201,629,44830,408
2021-12-22,Stanislaus,099,539301,83274,83245,9500,92745,1331
2021-12-22,Sutter,101,95872,14579,14513,414,14927,191
2021-12-22,Tehama,103,63373,8957,8853,1553,10406,136
2021-12-22,Trinity,105,12862,913,826,220,1046,17
2021-12-22,Tulare,107,460477,72434,71226,16632,87858,1137
2021-12-22,Tuolumne,109,53932,7993,7903,121,8024,91
2021-12-22,Ventura,111,848112,105296,103089,4808,107897,1206
2021-12-22,Yolo,113,214977,21571,21012,1139,22151,270
2021-12-22,Yuba,115,75493,10774,10681,410,11091,98
2021-12-21,Alameda,001,1643700,128981,126007,3165,129172,1518
2021-12-21,Alpine,002,1148,110,112,0,112,0
2021-12-21,Amador,005,37829,5885,5845,75,5920,70
2021-12-21,Butte,007,227075,22352,22041,4166,26207,330
2021-12-21,Calaveras,009,45235,4618,4575,66,4641,91
2021-12-21,Colusa,011,21464,2663,2643,690,3333,21
2021-12-21,Contra Costa,013,1133247,106116,104255,2485,106740,1068
2021-12-21,Del Norte,015,27424,3830,3793,56,3849,43
2021-12-21,El Dorado,017,186661,17457,17098,1847,18945,172
2021-12-21,Fresno,019,978130,149465,147707,13424,161131,2341
2021-12-21,Glenn,021,27897,3646,3602,1057,4659,39
2021-12-21,Humboldt,023,135768,10143,9989,746,10735,118
2021-12-21,Imperial,025,180216,37227,36580,4070,40650,792
2021-12-21,Inyo,027,18085,2656,2627,40,2667,47
2021-12-21,Kern,029,883053,135620,134321,24696,159017,1892
2021-12-21,Kings,031,150075,34276,33914,2064,35978,376
2021-12-21,Lake,033,64148,7062,7004,168,7172,116
2021-12-21,Lassen,035,31185,7104,7069,428,7497,55
2021-12-21,Los Angeles,037,10098052,1537398,1501169,58853,1560022,27220
2021-12-21,Madera,039,155013,24903,24688,2377,27065,320
2021-12-21,Marin,041,260295,10982,18828,627,19455,249
2021-12-21,Mariposa,043,17540,1509,1480,62,1542,6
2021-12-21,Mendocino,045,87422,8397,8282,704,8986,97
2021-12-21,Merced,047,269075,44276,44096,2217,46313,688
2021-12-21,Modoc,049,8938,600,595,205,800,6
2021-12-21,Mono,051,14174,2024,1979,24,2003,4
2021-12-21,Monterey,053,433212,51148,49586,3456,53042,638
2021-12-21,Napa,055,140530,13926,13703,154,13857,107
2021-12-21,Nevada,057,99092,10245,10095,358,10453,110
2021-12-21,Orange,059,3164182,326460,320705,17445,338150,5855
2021-12-21,Placer,061,380077,40297,39649,4030,43679,487
2021-12-21,Plumas,063,18699,2030,1975,52,2027,12
2021-12-21,Riverside,065,2383286,389622,382415,17068,399483,5465
2021-12-21,Sacramento,067,1510023,170473,168422,5320,173742,2419
2021-12-21,San Benito,069,59416,8017,7950,186,8136,79
2021-12-21,San Bernardino,071,2135413,380488,374219,12171,386390,6026
2021-12-21,San Diego,073,3302833,409289,402386,23965,426351,4424
2021-12-21,San Francisco,075,870044,60375,56950,2708,59658,681
2021-12-21,San Joaquin,077,732212,105371,104238,5730,109968,1870
2021-12-21,San Luis Obispo,079,281455,31677,31103,1413,32516,365
2021-12-21,San Mateo,081,765935,59026,56381,1079,57460,581
2021-12-21,Santa Barbara,083,443738,47923,47194,1664,48858,564
2021-12-21,Santa Clara,085,1922200,159243,155769,1870,157639,1951
2021-12-21,Santa Cruz,087,273765,22457,22028,1068,23096,228
2021-12-21,Shasta,089,179085,23053,22920,3742,26662,429
2021-12-21,Sierra,091,2930,206,201,21,222,0
2021-12-21,Siskiyou,093,43540,3515,3455,1376,4831,59
2021-12-21,Solano,095,438530,48385,47474,1401,48875,372
2021-12-21,Sonoma,097,501317,44867,44051,619,44670,408
2021-12-21,Stanislaus,099,539301,83120,83167,9469,92636,1331
2021-12-21,Sutter,101,95872,14556,14492,413,14905,190
2021-12-21,Tehama,103,63373,8949,8849,1548,10397,136
2021-12-21,Trinity,105,12862,912,826,220,1046,17
2021-12-21,Tulare,107,460477,72340,71166,16591,87757,1137
2021-12-21,Tuolumne,109,53932,7969,7893,121,8014,91
2021-12-21,Ventura,111,848112,104678,102631,4695,107326,1205
2021-12-21,Yolo,113,214977,21464,20944,1135,22079,267
2021-12-21,Yuba,115,75493,10757,10668,410,11078,98
2021-12-20,Alameda,001,1643700,128016,125762,3096,128858,1515
2021-12-20,Alpine,002,1148,110,112,0,112,0
2021-12-20,Amador,005,37829,5871,5838,75,5913,70
2021-12-20,Butte,007,227075,22290,22030,4152,26182,329
2021-12-20,Calaveras,009,45235,4608,4569,66,4635,91
2021-12-20,Colusa,011,21464,2662,2644,690,3334,21
2021-12-20,Contra Costa,013,1133247,105580,104051,2437,106488,1068
2021-12-20,Del Norte,015,27424,3828,3792,56,3848,43
2021-12-20,El Dorado,017,186661,17397,17083,1839,18922,172
2021-12-20,Fresno,019,978130,149224,147605,13394,160999,2341
2021-12-20,Glenn,021,27897,3640,3597,1057,4654,39
2021-12-20,Humboldt,023,135768,10101,9973,742,10715,118
2021-12-20,Imperial,025,180216,37111,36532,4040,40572,792
2021-12-20,Inyo,027,18085,2653,2615,40,2655,47
2021-12-20,Kern,029,883053,135421,134203,24636,158839,1883
2021-12-20,Kings,031,150075,34234,33898,2063,35961,376
2021-12-20,Lake,033,64148,7057,6999,168,7167,116
2021-12-20,Lassen,035,31185,7102,7065,427,7492,55
2021-12-20,Los Angeles,037,10098052,1525902,1495251,58128,1553379,27188
2021-12-20,Madera,039,155013,24874,24668,2373,27041,313
2021-12-20,Marin,041,260295,10767,18747,609,19356,249
2021-12-20,Mariposa,043,17540,1500,1479,62,1541,6
2021-12-20,Mendocino,045,87422,8385,8264,702,8966,96
2021-12-20,Merced,047,269075,44219,44071,2212,46283,687
2021-12-20,Modoc,049,8938,600,595,202,797,6
2021-12-20,Mono,051,14174,2001,1973,24,1997,4
2021-12-20,Monterey,053,433212,51052,49556,3436,52992,636
2021-12-20,Napa,055,140530,13840,13672,144,13816,107
2021-12-20,Nevada,057,99092,10205,10079,357,10436,109
2021-12-20,Orange,059,3164182,324850,320235,17131,337366,5852
2021-12-20,Placer,061,380077,40165,39579,4000,43579,485
2021-12-20,Plumas,063,18699,2027,1971,50,2021,12
2021-12-20,Riverside,065,2383286,388175,381841,16979,398820,5452
2021-12-20,Sacramento,067,1510023,169902,168153,5280,173433,2414
2021-12-20,San Benito,069,59416,7973,7934,184,8118,79
2021-12-20,San Bernardino,071,2135413,378947,373881,12086,385967,6023
2021-12-20,San Diego,073,3302833,406072,401483,23727,425210,4412
2021-12-20,San Francisco,075,870044,59315,56661,2651,59312,681
2021-12-20,San Joaquin,077,732212,105129,104188,5719,109907,1865
2021-12-20,San Luis Obispo,079,281455,31563,31075,1405,32480,365
2021-12-20,San Mateo,081,765935,58478,56247,1060,57307,581
2021-12-20,Santa Barbara,083,443738,47711,47131,1659,48790,562
2021-12-20,Santa Clara,085,1922200,158279,155427,1821,157248,1950
2021-12-20,Santa Cruz,087,273765,22376,21989,1063,23052,227
2021-12-20,Shasta,089,179085,23032,22888,3737,26625,429
2021-12-20,Sierra,091,2930,205,201,21,222,0
2021-12-20,Siskiyou,093,43540,3514,3453,1374,4827,59
2021-12-20,Solano,095,438530,48258,47394,1393,48787,370
2021-12-20,Sonoma,097,501317,44677,43982,611,44593,408
2021-12-20,Stanislaus,099,539301,82994,83110,9440,92550,1331
2021-12-20,Sutter,101,95872,14533,14480,413,14893,190
2021-12-20,Tehama,103,63373,8941,8840,1545,10385,136
2021-12-20,Trinity,105,12862,912,826,220,1046,17
2021-12-20,Tulare,107,460477,72246,71124,16533,87657,1129
2021-12-20,Tuolumne,109,53932,7955,7867,117,7984,91
2021-12-20,Ventura,111,848112,104171,102452,4619,107071,1203
2021-12-20,Yolo,113,214977,21370,20903,1123,22026,267
2021-12-20,Yuba,115,75493,10741,10656,407,11063,97
2021-12-19,Alameda,001,1643700,127123,125464,3056,128520,1519
2021-12-19,Alpine,002,1148,110,112,0,112,0
2021-12-19,Amador,005,37829,5859,5832,74,5906,70
2021-12-19,Butte,007,227075,22235,22022,4144,26166,329
2021-12-19,Calaveras,009,45235,4592,4563,65,4628,91
2021-12-19,Colusa,011,21464,2662,2643,687,3330,21
2021-12-19,Contra Costa,013,1133247,105088,103906,2403,106309,1068
2021-12-19,Del Norte,015,27424,3824,3797,56,3853,43
2021-12-19,El Dorado,017,186661,17338,17067,1837,18904,172
2021-12-19,Fresno,019,978130,148982,147505,13368,160873,2341
2021-12-19,Glenn,021,27897,3636,3596,1056,4652,39
2021-12-19,Humboldt,023,135768,10058,9957,737,10694,118
2021-12-19,Imperial,025,180216,36982,36501,3997,40498,792
2021-12-19,Inyo,027,18085,2644,2613,40,2653,47
2021-12-19,Kern,029,883053,135222,134136,24568,158704,1883
2021-12-19,Kings,031,150075,34175,33874,2059,35933,378
2021-12-19,Lake,033,64148,7048,6999,165,7164,116
2021-12-19,Lassen,035,31185,7098,7065,427,7492,55
2021-12-19,Los Angeles,037,10098052,1516890,1495082,57528,1552610,27189
2021-12-19,Madera,039,155013,24849,24642,2367,27009,313
2021-12-19,Marin,041,260295,10591,18707,586,19293,249
2021-12-19,Mariposa,043,17540,1494,1475,62,1537,6
2021-12-19,Mendocino,045,87422,8368,8257,699,8956,96
2021-12-19,Merced,047,269075,44124,44045,2205,46250,687
2021-12-19,Modoc,049,8938,599,595,202,797,6
2021-12-19,Mono,051,14174,1990,1968,23,1991,4
2021-12-19,Monterey,053,433212,50949,49516,3415,52931,636
2021-12-19,Napa,055,140530,13767,13659,135,13794,107
2021-12-19,Nevada,057,99092,10169,10057,354,10411,109
2021-12-19,Orange,059,3164182,323436,319615,16904,336519,5852
2021-12-19,Placer,061,380077,40041,39525,3984,43509,485
2021-12-19,Plumas,063,18699,2024,1971,50,2021,12
2021-12-19,Riverside,065,2383286,386730,381305,16905,398210,5452
2021-12-19,Sacramento,067,1510023,169406,167933,5251,173184,2415
2021-12-19,San Benito,069,59416,7948,7929,183,8112,79
2021-12-19,San Bernardino,071,2135413,377613,373480,12048,385528,6023
2021-12-19,San Diego,073,3302833,403594,398197,23531,421728,4406
2021-12-19,San Francisco,075,870044,58434,56358,2595,58953,681
2021-12-19,San Joaquin,077,732212,104870,104125,5705,109830,1865
2021-12-19,San Luis Obispo,079,281455,31439,31035,1394,32429,366
2021-12-19,San Mateo,081,765935,58011,56132,1045,57177,581
2021-12-19,Santa Barbara,083,443738,47488,47070,1652,48722,562
2021-12-19,Santa Clara,085,1922200,157390,155049,1795,156844,1950
2021-12-19,Santa Cruz,087,273765,22277,21960,1058,23018,227
2021-12-19,Shasta,089,179085,22995,22875,3733,26608,429
2021-12-19,Sierra,091,2930,204,201,21,222,0
2021-12-19,Siskiyou,093,43540,3511,3452,1374,4826,59
2021-12-19,Solano,095,438530,48137,47341,1387,48728,370
2021-12-19,Sonoma,097,501317,44493,43944,609,44553,408
2021-12-19,Stanislaus,099,539301,82856,83040,9408,92448,1331
2021-12-19,Sutter,101,95872,14493,14475,412,14887,190
2021-12-19,Tehama,103,63373,8933,8840,1545,10385,136
2021-12-19,Trinity,105,12862,912,826,220,1046,17
2021-12-19,Tulare,107,460477,72153,71085,16491,87576,1129
2021-12-19,Tuolumne,109,53932,7938,7865,116,7981,91
2021-12-19,Ventura,111,848112,103591,102170,4554,106724,1203
2021-12-19,Yolo,113,214977,21288,20887,1105,21992,267
2021-12-19,Yuba,115,75493,10724,10646,405,11051,97
2021-12-18,Alameda,001,1643700,126712,124583,3029,127612,1512
2021-12-18,Alpine,002,1148,110,110,0,110,0
2021-12-18,Amador,005,37829,5853,5821,74,5895,69
2021-12-18,Butte,007,227075,22219,21956,4139,26095,328
2021-12-18,Calaveras,009,45235,4585,4534,65,4599,91
2021-12-18,Colusa,011,21464,2658,2635,685,3320,21
2021-12-18,Contra Costa,013,1133247,104874,103380,2389,105769,1065
2021-12-18,Del Norte,015,27424,3821,3791,56,3847,43
2021-12-18,El Dorado,017,186661,17310,16968,1834,18802,171
2021-12-18,Fresno,019,978130,148879,147038,13354,160392,2335
2021-12-18,Glenn,021,27897,3633,3590,1056,4646,39
2021-12-18,Humboldt,023,135768,10042,9889,737,10626,118
2021-12-18,Imperial,025,180216,36909,36280,3985,40265,790
2021-12-18,Inyo,027,18085,2638,2607,40,2647,47
2021-12-18,Kern,029,883053,135132,133754,24523,158277,1873
2021-12-18,Kings,031,150075,34142,33783,2055,35838,374
2021-12-18,Lake,033,64148,7047,6976,165,7141,115
2021-12-18,Lassen,035,31185,7096,7061,426,7487,55
2021-12-18,Los Angeles,037,10098052,1512791,1484840,57216,1542056,27135
2021-12-18,Madera,039,155013,24834,24575,2365,26940,313
2021-12-18,Marin,041,260295,10491,18537,574,19111,249
2021-12-18,Mariposa,043,17540,1493,1468,62,1530,6
2021-12-18,Mendocino,045,87422,8362,8219,699,8918,95
2021-12-18,Merced,047,269075,44089,43929,2204,46133,686
2021-12-18,Modoc,049,8938,597,595,202,797,6
2021-12-18,Mono,051,14174,1988,1956,23,1979,4
2021-12-18,Monterey,053,433212,50891,49343,3410,52753,635
2021-12-18,Napa,055,140530,13741,13581,133,13714,107
2021-12-18,Nevada,057,99092,10147,9991,352,10343,108
2021-12-18,Orange,059,3164182,322767,318149,16768,334917,5844
2021-12-18,Placer,061,380077,39939,39336,3970,43306,485
2021-12-18,Plumas,063,18699,2024,1964,50,2014,13
2021-12-18,Riverside,065,2383286,386029,379354,16864,396218,5439
2021-12-18,Sacramento,067,1510023,169169,167046,5231,172277,2404
2021-12-18,San Benito,069,59416,7933,7894,183,8077,79
2021-12-18,San Bernardino,071,2135413,376943,371658,12020,383678,6017
2021-12-18,San Diego,073,3302833,402628,397130,23480,420610,4399
2021-12-18,San Francisco,075,870044,57940,55562,2565,58127,679
2021-12-18,San Joaquin,077,732212,104783,103698,5695,109393,1858
2021-12-18,San Luis Obispo,079,281455,31397,30873,1388,32261,365
2021-12-18,San Mateo,081,765935,57771,55730,1040,56770,580
2021-12-18,Santa Barbara,083,443738,47392,46776,1650,48426,562
2021-12-18,Santa Clara,085,1922200,156934,154243,1782,156025,1946
2021-12-18,Santa Cruz,087,273765,22225,21805,1056,22861,225
2021-12-18,Shasta,089,179085,22974,22811,3733,26544,429
2021-12-18,Sierra,091,2930,204,199,21,220,0
2021-12-18,Siskiyou,093,43540,3509,3441,1373,4814,58
2021-12-18,Solano,095,438530,48090,47174,1385,48559,369
2021-12-18,Sonoma,097,501317,44383,43658,605,44263,407
2021-12-18,Stanislaus,099,539301,82774,82736,9396,92132,1330
2021-12-18,Sutter,101,95872,14475,14435,412,14847,190
2021-12-18,Tehama,103,63373,8926,8814,1544,10358,136
2021-12-18,Trinity,105,12862,912,823,220,1043,17
2021-12-18,Tulare,107,460477,72115,70922,16466,87388,1120
2021-12-18,Tuolumne,109,53932,7924,7834,116,7950,91
2021-12-18,Ventura,111,848112,103306,101612,4532,106144,1201
2021-12-18,Yolo,113,214977,21248,20793,1100,21893,267
2021-12-18,Yuba,115,75493,10713,10599,405,11004,96
2021-12-17,Alameda,001,1643700,126368,124583,3010,127593,1512
2021-12-17,Alpine,002,1148,110,110,0,110,0
2021-12-17,Amador,005,37829,5846,5821,74,5895,69
2021-12-17,Butte,007,227075,22198,21956,4132,26088,328
2021-12-17,Calaveras,009,45235,4581,4534,65,4599,91
2021-12-17,Colusa,011,21464,2657,2635,684,3319,21
2021-12-17,Contra Costa,013,1133247,104672,103380,2385,105765,1065
2021-12-17,Del Norte,015,27424,3820,3791,56,3847,43
2021-12-17,El Dorado,017,186661,17282,16968,1831,18799,171
2021-12-17,Fresno,019,978130,148776,147038,13353,160391,2335
2021-12-17,Glenn,021,27897,3626,3590,1056,4646,39
2021-12-17,Humboldt,023,135768,10022,9889,735,10624,118
2021-12-17,Imperial,025,180216,36846,36280,3967,40247,790
2021-12-17,Inyo,027,18085,2633,2607,40,2647,47
2021-12-17,Kern,029,883053,135040,133754,24482,158236,1873
2021-12-17,Kings,031,150075,34123,33783,2055,35838,374
2021-12-17,Lake,033,64148,7043,6976,165,7141,115
2021-12-17,Lassen,035,31185,7096,7061,425,7486,55
2021-12-17,Los Angeles,037,10098052,1508845,1484840,56979,1541819,27135
2021-12-17,Madera,039,155013,24818,24575,2360,26935,313
2021-12-17,Marin,041,260295,10415,18537,570,19107,249
2021-12-17,Mariposa,043,17540,1489,1468,62,1530,6
2021-12-17,Mendocino,045,87422,8351,8219,699,8918,95
2021-12-17,Merced,047,269075,44063,43929,2203,46132,686
2021-12-17,Modoc,049,8938,597,595,202,797,6
2021-12-17,Mono,051,14174,1985,1956,23,1979,4
2021-12-17,Monterey,053,433212,50833,49343,3405,52748,635
2021-12-17,Napa,055,140530,13714,13581,132,13713,107
2021-12-17,Nevada,057,99092,10136,9991,352,10343,108
2021-12-17,Orange,059,3164182,322202,318149,16701,334850,5844
2021-12-17,Placer,061,380077,39884,39336,3964,43300,485
2021-12-17,Plumas,063,18699,2023,1964,50,2014,13
2021-12-17,Riverside,065,2383286,385373,379354,16854,396208,5439
2021-12-17,Sacramento,067,1510023,168936,167046,5218,172264,2404
2021-12-17,San Benito,069,59416,7931,7894,183,8077,79
2021-12-17,San Bernardino,071,2135413,376381,371658,12003,383661,6017
2021-12-17,San Diego,073,3302833,401700,397130,23432,420562,4399
2021-12-17,San Francisco,075,870044,57612,55562,2535,58097,679
2021-12-17,San Joaquin,077,732212,104708,103698,5678,109376,1858
2021-12-17,San Luis Obispo,079,281455,31367,30873,1385,32258,365
2021-12-17,San Mateo,081,765935,57583,55730,1033,56763,580
2021-12-17,Santa Barbara,083,443738,47314,46776,1644,48420,562
2021-12-17,Santa Clara,085,1922200,156561,154243,1768,156011,1946
2021-12-17,Santa Cruz,087,273765,22178,21805,1052,22857,225
2021-12-17,Shasta,089,179085,22962,22811,3731,26542,429
2021-12-17,Sierra,091,2930,203,199,21,220,0
2021-12-17,Siskiyou,093,43540,3505,3441,1371,4812,58
2021-12-17,Solano,095,438530,48024,47174,1381,48555,369
2021-12-17,Sonoma,097,501317,44286,43658,602,44260,407
2021-12-17,Stanislaus,099,539301,82723,82736,9389,92125,1330
2021-12-17,Sutter,101,95872,14463,14435,410,14845,190
2021-12-17,Tehama,103,63373,8919,8814,1543,10357,136
2021-12-17,Trinity,105,12862,912,823,220,1043,17
2021-12-17,Tulare,107,460477,72073,70922,16436,87358,1120
2021-12-17,Tuolumne,109,53932,7912,7834,116,7950,91
2021-12-17,Ventura,111,848112,103056,101612,4520,106132,1201
2021-12-17,Yolo,113,214977,21212,20793,1098,21891,267
2021-12-17,Yuba,115,75493,10702,10599,403,11002,96
2021-12-16,Alameda,001,1643700,125988,124583,2995,127578,1512
2021-12-16,Alpine,002,1148,108,110,0,110,0
2021-12-16,Amador,005,37829,5838,5821,74,5895,69
2021-12-16,Butte,007,227075,22178,21956,4128,26084,328
2021-12-16,Calaveras,009,45235,4574,4534,65,4599,91
2021-12-16,Colusa,011,21464,2657,2635,684,3319,21
2021-12-16,Contra Costa,013,1133247,104450,103380,2375,105755,1065
2021-12-16,Del Norte,015,27424,3817,3791,56,3847,43
2021-12-16,El Dorado,017,186661,17247,16968,1826,18794,171
2021-12-16,Fresno,019,978130,148617,147038,13344,160382,2335
2021-12-16,Glenn,021,27897,3626,3590,1053,4643,39
2021-12-16,Humboldt,023,135768,9998,9889,725,10614,118
2021-12-16,Imperial,025,180216,36762,36280,3939,40219,790
2021-12-16,Inyo,027,18085,2629,2607,39,2646,47
2021-12-16,Kern,029,883053,134896,133754,24433,158187,1873
2021-12-16,Kings,031,150075,34099,33783,2054,35837,374
2021-12-16,Lake,033,64148,7039,6976,165,7141,115
2021-12-16,Lassen,035,31185,7093,7061,424,7485,55
2021-12-16,Los Angeles,037,10098052,1504631,1484840,56716,1541556,27135
2021-12-16,Madera,039,155013,24789,24575,2356,26931,313
2021-12-16,Marin,041,260295,10368,18537,563,19100,249
2021-12-16,Mariposa,043,17540,1487,1468,62,1530,6
2021-12-16,Mendocino,045,87422,8340,8219,694,8913,95
2021-12-16,Merced,047,269075,44024,43929,2202,46131,686
2021-12-16,Modoc,049,8938,597,595,202,797,6
2021-12-16,Mono,051,14174,1982,1956,23,1979,4
2021-12-16,Monterey,053,433212,50762,49343,3388,52731,635
2021-12-16,Napa,055,140530,13682,13581,132,13713,107
2021-12-16,Nevada,057,99092,10110,9991,352,10343,108
2021-12-16,Orange,059,3164182,321588,318149,16621,334770,5844
2021-12-16,Placer,061,380077,39805,39336,3959,43295,485
2021-12-16,Plumas,063,18699,2023,1964,50,2014,13
2021-12-16,Riverside,065,2383286,384564,379354,16840,396194,5439
2021-12-16,Sacramento,067,1510023,168651,167046,5194,172240,2404
2021-12-16,San Benito,069,59416,7924,7894,183,8077,79
2021-12-16,San Bernardino,071,2135413,375715,371658,11983,383641,6017
2021-12-16,San Diego,073,3302833,400531,397130,23366,420496,4399
2021-12-16,San Francisco,075,870044,57232,55562,2513,58075,679
2021-12-16,San Joaquin,077,732212,104586,103698,5671,109369,1858
2021-12-16,San Luis Obispo,079,281455,31297,30873,1379,32252,365
2021-12-16,San Mateo,081,765935,57383,55730,1030,56760,580
2021-12-16,Santa Barbara,083,443738,47193,46776,1640,48416,562
2021-12-16,Santa Clara,085,1922200,156229,154243,1758,156001,1946
2021-12-16,Santa Cruz,087,273765,22132,21805,1051,22856,225
2021-12-16,Shasta,089,179085,22932,22811,3729,26540,429
2021-12-16,Sierra,091,2930,203,199,21,220,0
2021-12-16,Siskiyou,093,43540,3504,3441,1367,4808,58
2021-12-16,Solano,095,438530,47955,47174,1374,48548,369
2021-12-16,Sonoma,097,501317,44186,43658,600,44258,407
2021-12-16,Stanislaus,099,539301,82637,82736,9375,92111,1330
2021-12-16,Sutter,101,95872,14449,14435,409,14844,190
2021-12-16,Tehama,103,63373,8912,8814,1542,10356,136
2021-12-16,Trinity,105,12862,912,823,220,1043,17
2021-12-16,Tulare,107,460477,72024,70922,16411,87333,1120
2021-12-16,Tuolumne,109,53932,7891,7834,116,7950,91
2021-12-16,Ventura,111,848112,102789,101612,4513,106125,1201
2021-12-16,Yolo,113,214977,21161,20793,1093,21886,267
2021-12-16,Yuba,115,75493,10686,10599,402,11001,96
2021-12-15,Alameda,001,1643700,125659,124342,2984,127326,1509
2021-12-15,Alpine,002,1148,108,109,0,109,0
2021-12-15,Amador,005,37829,5832,5810,74,5884,69
2021-12-15,Butte,007,227075,22154,21922,4127,26049,327
2021-12-15,Calaveras,009,45235,4568,4523,65,4588,89
2021-12-15,Colusa,011,21464,2656,2632,683,3315,21
2021-12-15,Contra Costa,013,1133247,104231,103236,2372,105608,1064
2021-12-15,Del Norte,015,27424,3816,3789,55,3844,43
2021-12-15,El Dorado,017,186661,17217,16936,1820,18756,171
2021-12-15,Fresno,019,978130,148488,146859,13329,160188,2319
2021-12-15,Glenn,021,27897,3625,3589,1053,4642,39
2021-12-15,Humboldt,023,135768,9978,9854,724,10578,118
2021-12-15,Imperial,025,180216,36683,36187,3895,40082,789
2021-12-15,Inyo,027,18085,2624,2606,39,2645,47
2021-12-15,Kern,029,883053,134758,133590,24387,157977,1866
2021-12-15,Kings,031,150075,34070,33716,2050,35766,374
2021-12-15,Lake,033,64148,7031,6968,164,7132,115
2021-12-15,Lassen,035,31185,7093,7062,424,7486,55
2021-12-15,Los Angeles,037,10098052,1500722,1482735,56517,1539252,27116
2021-12-15,Madera,039,155013,24771,24549,2350,26899,313
2021-12-15,Marin,041,260295,10309,18514,558,19072,249
2021-12-15,Mariposa,043,17540,1484,1463,62,1525,6
2021-12-15,Mendocino,045,87422,8335,8209,691,8900,95
2021-12-15,Merced,047,269075,43982,43890,2190,46080,685
2021-12-15,Modoc,049,8938,597,595,202,797,6
2021-12-15,Mono,051,14174,1978,1955,23,1978,4
2021-12-15,Monterey,053,433212,50707,49279,3370,52649,635
2021-12-15,Napa,055,140530,13653,13557,130,13687,107
2021-12-15,Nevada,057,99092,10089,9958,352,10310,107
2021-12-15,Orange,059,3164182,321002,317808,16579,334387,5838
2021-12-15,Placer,061,380077,39747,39264,3949,43213,485
2021-12-15,Plumas,063,18699,2019,1957,50,2007,12
2021-12-15,Riverside,065,2383286,383842,378769,16829,395598,5438
2021-12-15,Sacramento,067,1510023,168342,166793,5174,171967,2401
2021-12-15,San Benito,069,59416,7909,7877,183,8060,79
2021-12-15,San Bernardino,071,2135413,375148,371122,11950,383072,6013
2021-12-15,San Diego,073,3302833,399335,396546,23296,419842,4395
2021-12-15,San Francisco,075,870044,56913,55414,2495,57909,679
2021-12-15,San Joaquin,077,732212,104435,103579,5661,109240,1853
2021-12-15,San Luis Obispo,079,281455,31248,30784,1372,32156,365
2021-12-15,San Mateo,081,765935,57241,55657,1020,56677,580
2021-12-15,Santa Barbara,083,443738,47112,46681,1638,48319,562
2021-12-15,Santa Clara,085,1922200,155917,153928,1740,155668,1944
2021-12-15,Santa Cruz,087,273765,22092,21753,1044,22797,225
2021-12-15,Shasta,089,179085,22917,22778,3725,26503,427
2021-12-15,Sierra,091,2930,203,199,21,220,0
2021-12-15,Siskiyou,093,43540,3503,3434,1366,4800,58
2021-12-15,Solano,095,438530,47884,47098,1368,48466,367
2021-12-15,Sonoma,097,501317,44102,43580,595,44175,407
2021-12-15,Stanislaus,099,539301,82529,82628,9367,91995,1298
2021-12-15,Sutter,101,95872,14429,14428,408,14836,189
2021-12-15,Tehama,103,63373,8905,8806,1541,10347,136
2021-12-15,Trinity,105,12862,911,822,220,1042,17
2021-12-15,Tulare,107,460477,71972,70846,16383,87229,1120
2021-12-15,Tuolumne,109,53932,7882,7818,115,7933,91
2021-12-15,Ventura,111,848112,102574,101447,4507,105954,1199
2021-12-15,Yolo,113,214977,21132,20749,1089,21838,267
2021-12-15,Yuba,115,75493,10676,10587,401,10988,96
2021-12-14,Alameda,001,1643700,125326,124272,2972,127244,1506
2021-12-14,Alpine,002,1148,107,109,0,109,0
2021-12-14,Amador,005,37829,5826,5808,73,5881,69
2021-12-14,Butte,007,227075,22121,21901,4125,26026,326
2021-12-14,Calaveras,009,45235,4556,4517,65,4582,89
2021-12-14,Colusa,011,21464,2654,2628,683,3311,21
2021-12-14,Contra Costa,013,1133247,104047,103135,2368,105503,1064
2021-12-14,Del Norte,015,27424,3813,3788,55,3843,43
2021-12-14,El Dorado,017,186661,17182,16915,1818,18733,170
2021-12-14,Fresno,019,978130,148317,146756,13321,160077,2316
2021-12-14,Glenn,021,27897,3624,3589,1053,4642,39
2021-12-14,Humboldt,023,135768,9966,9836,716,10552,118
2021-12-14,Imperial,025,180216,36611,36049,3852,39901,789
2021-12-14,Inyo,027,18085,2623,2601,39,2640,46
2021-12-14,Kern,029,883053,134620,133498,24338,157836,1863
2021-12-14,Kings,031,150075,34033,33693,2047,35740,373
2021-12-14,Lake,033,64148,7022,6961,164,7125,115
2021-12-14,Lassen,035,31185,7092,7061,424,7485,55
2021-12-14,Los Angeles,037,10098052,1497051,1481131,56341,1537472,27099
2021-12-14,Madera,039,155013,24744,24535,2342,26877,313
2021-12-14,Marin,041,260295,10261,18491,556,19047,249
2021-12-14,Mariposa,043,17540,1481,1463,61,1524,6
2021-12-14,Mendocino,045,87422,8307,8206,689,8895,95
2021-12-14,Merced,047,269075,43936,43870,2188,46058,684
2021-12-14,Modoc,049,8938,596,595,202,797,6
2021-12-14,Mono,051,14174,1971,1955,23,1978,4
2021-12-14,Monterey,053,433212,50622,49237,3360,52597,635
2021-12-14,Napa,055,140530,13624,13528,130,13658,107
2021-12-14,Nevada,057,99092,10063,9956,351,10307,106
2021-12-14,Orange,059,3164182,320448,317465,16525,333990,5827
2021-12-14,Placer,061,380077,39671,39221,3944,43165,482
2021-12-14,Plumas,063,18699,2015,1950,48,1998,12
2021-12-14,Riverside,065,2383286,383148,378227,16812,395039,5427
2021-12-14,Sacramento,067,1510023,168032,166605,5151,171756,2394
2021-12-14,San Benito,069,59416,7891,7871,183,8054,79
2021-12-14,San Bernardino,071,2135413,374516,370604,11918,382522,6013
2021-12-14,San Diego,073,3302833,398197,395876,23245,419121,4393
2021-12-14,San Francisco,075,870044,56597,55278,2484,57762,679
2021-12-14,San Joaquin,077,732212,104292,103488,5644,109132,1848
2021-12-14,San Luis Obispo,079,281455,31187,30753,1368,32121,363
2021-12-14,San Mateo,081,765935,57077,55601,1013,56614,580
2021-12-14,Santa Barbara,083,443738,47010,46648,1634,48282,560
2021-12-14,Santa Clara,085,1922200,155595,153814,1727,155541,1945
2021-12-14,Santa Cruz,087,273765,22027,21737,1039,22776,225
2021-12-14,Shasta,089,179085,22890,22756,3724,26480,427
2021-12-14,Sierra,091,2930,201,199,21,220,0
2021-12-14,Siskiyou,093,43540,3498,3430,1365,4795,58
2021-12-14,Solano,095,438530,47837,47065,1362,48427,367
2021-12-14,Sonoma,097,501317,44019,43538,593,44131,407
2021-12-14,Stanislaus,099,539301,82442,82581,9351,91932,1293
2021-12-14,Sutter,101,95872,14417,14421,407,14828,189
2021-12-14,Tehama,103,63373,8901,8805,1541,10346,134
2021-12-14,Trinity,105,12862,911,821,220,1041,17
2021-12-14,Tulare,107,460477,71900,70803,16353,87156,1120
2021-12-14,Tuolumne,109,53932,7869,7815,115,7930,91
2021-12-14,Ventura,111,848112,102350,101343,4500,105843,1199
2021-12-14,Yolo,113,214977,21093,20734,1081,21815,267
2021-12-14,Yuba,115,75493,10659,10574,401,10975,92
2021-12-13,Alameda,001,1643700,125035,124174,2955,127129,1501
2021-12-13,Alpine,002,1148,107,109,0,109,0
2021-12-13,Amador,005,37829,5822,5797,73,5870,69
2021-12-13,Butte,007,227075,22097,21889,4121,26010,326
2021-12-13,Calaveras,009,45235,4549,4507,64,4571,89
2021-12-13,Colusa,011,21464,2651,2627,683,3310,21
2021-12-13,Contra Costa,013,1133247,103893,103041,2358,105399,1064
2021-12-13,Del Norte,015,27424,3809,3787,55,3842,42
2021-12-13,El Dorado,017,186661,17159,16896,1816,18712,170
2021-12-13,Fresno,019,978130,148167,146641,13311,159952,2312
2021-12-13,Glenn,021,27897,3620,3589,1051,4640,37
2021-12-13,Humboldt,023,135768,9937,9821,712,10533,118
2021-12-13,Imperial,025,180216,36527,35974,3831,39805,787
2021-12-13,Inyo,027,18085,2622,2592,39,2631,46
2021-12-13,Kern,029,883053,134494,133381,24285,157666,1863
2021-12-13,Kings,031,150075,33990,33680,2042,35722,372
2021-12-13,Lake,033,64148,7020,6958,162,7120,115
2021-12-13,Lassen,035,31185,7091,7057,424,7481,55
2021-12-13,Los Angeles,037,10098052,1494266,1480195,56181,1536376,27085
2021-12-13,Madera,039,155013,24715,24527,2337,26864,311
2021-12-13,Marin,041,260295,10201,18471,553,19024,249
2021-12-13,Mariposa,043,17540,1479,1462,61,1523,6
2021-12-13,Mendocino,045,87422,8294,8196,687,8883,95
2021-12-13,Merced,047,269075,43896,43848,2184,46032,682
2021-12-13,Modoc,049,8938,595,595,202,797,6
2021-12-13,Mono,051,14174,1964,1952,23,1975,4
2021-12-13,Monterey,053,433212,50571,49222,3341,52563,631
2021-12-13,Napa,055,140530,13611,13518,130,13648,107
2021-12-13,Nevada,057,99092,10044,9946,350,10296,106
2021-12-13,Orange,059,3164182,319977,317112,16473,333585,5824
2021-12-13,Placer,061,380077,39610,39168,3933,43101,481
2021-12-13,Plumas,063,18699,2011,1943,48,1991,12
2021-12-13,Riverside,065,2383286,382567,377728,16797,394525,5414
2021-12-13,Sacramento,067,1510023,167754,166439,5119,171558,2392
2021-12-13,San Benito,069,59416,7882,7856,183,8039,79
2021-12-13,San Bernardino,071,2135413,373935,370274,11910,382184,6011
2021-12-13,San Diego,073,3302833,397391,395266,23193,418459,4389
2021-12-13,San Francisco,075,870044,56326,55245,2471,57716,678
2021-12-13,San Joaquin,077,732212,104177,103449,5635,109084,1846
2021-12-13,San Luis Obispo,079,281455,31137,30746,1364,32110,363
2021-12-13,San Mateo,081,765935,56918,55569,1004,56573,580
2021-12-13,Santa Barbara,083,443738,46922,46608,1629,48237,560
2021-12-13,Santa Clara,085,1922200,155330,153672,1716,155388,1944
2021-12-13,Santa Cruz,087,273765,21972,21698,1036,22734,225
2021-12-13,Shasta,089,179085,22869,22731,3722,26453,426
2021-12-13,Sierra,091,2930,201,199,21,220,0
2021-12-13,Siskiyou,093,43540,3494,3426,1362,4788,57
2021-12-13,Solano,095,438530,47763,47045,1357,48402,365
2021-12-13,Sonoma,097,501317,43923,43492,591,44083,407
2021-12-13,Stanislaus,099,539301,82325,82507,9328,91835,1282
2021-12-13,Sutter,101,95872,14410,14408,407,14815,188
2021-12-13,Tehama,103,63373,8889,8800,1541,10341,134
2021-12-13,Trinity,105,12862,911,820,220,1040,17
2021-12-13,Tulare,107,460477,71842,70758,16329,87087,1114
2021-12-13,Tuolumne,109,53932,7858,7804,115,7919,91
2021-12-13,Ventura,111,848112,102125,101180,4489,105669,1197
2021-12-13,Yolo,113,214977,21041,20706,1079,21785,267
2021-12-13,Yuba,115,75493,10641,10570,401,10971,92
2021-12-12,Alameda,001,1643700,124753,124075,2943,127018,1503
2021-12-12,Alpine,002,1148,107,109,0,109,0
2021-12-12,Amador,005,37829,5814,5797,72,5869,69
2021-12-12,Butte,007,227075,22073,21874,4115,25989,326
2021-12-12,Calaveras,009,45235,4538,4501,64,4565,89
2021-12-12,Colusa,011,21464,2646,2627,680,3307,21
2021-12-12,Contra Costa,013,1133247,103704,102976,2355,105331,1065
2021-12-12,Del Norte,015,27424,3806,3793,55,3848,42
2021-12-12,El Dorado,017,186661,17123,16890,1808,18698,170
2021-12-12,Fresno,019,978130,148004,146518,13296,159814,2310
2021-12-12,Glenn,021,27897,3617,3589,1051,4640,37
2021-12-12,Humboldt,023,135768,9912,9804,705,10509,118
2021-12-12,Imperial,025,180216,36393,35926,3800,39726,787
2021-12-12,Inyo,027,18085,2617,2592,39,2631,46
2021-12-12,Kern,029,883053,134328,133314,24244,157558,1861
2021-12-12,Kings,031,150075,33939,33661,2040,35701,372
2021-12-12,Lake,033,64148,7012,6955,161,7116,115
2021-12-12,Lassen,035,31185,7090,7057,424,7481,55
2021-12-12,Los Angeles,037,10098052,1491350,1479054,56004,1535058,27074
2021-12-12,Madera,039,155013,24685,24493,2330,26823,311
2021-12-12,Marin,041,260295,10148,18451,549,19000,249
2021-12-12,Mariposa,043,17540,1478,1461,61,1522,6
2021-12-12,Mendocino,045,87422,8281,8190,686,8876,95
2021-12-12,Merced,047,269075,43862,43821,2177,45998,682
2021-12-12,Modoc,049,8938,595,595,201,796,6
2021-12-12,Mono,051,14174,1960,1947,23,1970,4
2021-12-12,Monterey,053,433212,50517,49192,3315,52507,631
2021-12-12,Napa,055,140530,13568,13508,128,13636,107
2021-12-12,Nevada,057,99092,10018,9938,349,10287,106
2021-12-12,Orange,059,3164182,319468,316918,16409,333327,5825
2021-12-12,Placer,061,380077,39546,39139,3927,43066,481
2021-12-12,Plumas,063,18699,2007,1942,46,1988,12
2021-12-12,Riverside,065,2383286,381891,377467,16772,394239,5414
2021-12-12,Sacramento,067,1510023,167486,166291,5098,171389,2392
2021-12-12,San Benito,069,59416,7862,7853,183,8036,79
2021-12-12,San Bernardino,071,2135413,373287,369977,11886,381863,6011
2021-12-12,San Diego,073,3302833,396496,393307,23155,416462,4378
2021-12-12,San Francisco,075,870044,56070,55180,2459,57639,678
2021-12-12,San Joaquin,077,732212,104037,103405,5625,109030,1846
2021-12-12,San Luis Obispo,079,281455,31084,30719,1362,32081,363
2021-12-12,San Mateo,081,765935,56801,55505,1000,56505,580
2021-12-12,Santa Barbara,083,443738,46847,46586,1627,48213,560
2021-12-12,Santa Clara,085,1922200,155044,153452,1702,155154,1945
2021-12-12,Santa Cruz,087,273765,21923,21671,1034,22705,225
2021-12-12,Shasta,089,179085,22841,22732,3721,26453,426
2021-12-12,Sierra,091,2930,201,199,21,220,0
2021-12-12,Siskiyou,093,43540,3494,3424,1362,4786,57
2021-12-12,Solano,095,438530,47697,47021,1354,48375,365
2021-12-12,Sonoma,097,501317,43831,43424,588,44012,407
2021-12-12,Stanislaus,099,539301,82225,82460,9315,91775,1282
2021-12-12,Sutter,101,95872,14399,14396,407,14803,189
2021-12-12,Tehama,103,63373,8878,8796,1539,10335,134
2021-12-12,Trinity,105,12862,909,820,220,1040,17
2021-12-12,Tulare,107,460477,71766,70733,16287,87020,1115
2021-12-12,Tuolumne,109,53932,7841,7794,115,7909,91
2021-12-12,Ventura,111,848112,101931,101105,4475,105580,1197
2021-12-12,Yolo,113,214977,20985,20685,1074,21759,267
2021-12-12,Yuba,115,75493,10627,10565,398,10963,92
2021-12-11,Alameda,001,1643700,124614,123572,2941,126513,1496
2021-12-11,Alpine,002,1148,107,109,0,109,0
2021-12-11,Amador,005,37829,5809,5787,72,5859,69
2021-12-11,Butte,007,227075,22059,21819,4113,25932,326
2021-12-11,Calaveras,009,45235,4530,4469,63,4532,89
2021-12-11,Colusa,011,21464,2642,2619,679,3298,21
2021-12-11,Contra Costa,013,1133247,103618,102618,2353,104971,1061
2021-12-11,Del Norte,015,27424,3806,3778,55,3833,42
2021-12-11,El Dorado,017,186661,17103,16796,1807,18603,170
2021-12-11,Fresno,019,978130,147915,145988,13287,159275,2294
2021-12-11,Glenn,021,27897,3615,3585,1051,4636,37
2021-12-11,Humboldt,023,135768,9895,9721,702,10423,118
2021-12-11,Imperial,025,180216,36335,35635,3791,39426,782
2021-12-11,Inyo,027,18085,2612,2576,39,2615,46
2021-12-11,Kern,029,883053,134259,132852,24210,157062,1854
2021-12-11,Kings,031,150075,33925,33530,2038,35568,371
2021-12-11,Lake,033,64148,7011,6932,159,7091,114
2021-12-11,Lassen,035,31185,7089,7049,424,7473,55
2021-12-11,Los Angeles,037,10098052,1490136,1474030,55914,1529944,27031
2021-12-11,Madera,039,155013,24679,24417,2329,26746,311
2021-12-11,Marin,041,260295,10114,18339,546,18885,249
2021-12-11,Mariposa,043,17540,1477,1450,61,1511,6
2021-12-11,Mendocino,045,87422,8275,8130,686,8816,95
2021-12-11,Merced,047,269075,43843,43690,2176,45866,681
2021-12-11,Modoc,049,8938,595,594,201,795,6
2021-12-11,Mono,051,14174,1956,1926,23,1949,4
2021-12-11,Monterey,053,433212,50488,49008,3312,52320,631
2021-12-11,Napa,055,140530,13551,13459,128,13587,107
2021-12-11,Nevada,057,99092,10005,9880,349,10229,106
2021-12-11,Orange,059,3164182,319218,315759,16382,332141,5805
2021-12-11,Placer,061,380077,39487,38959,3920,42879,481
2021-12-11,Plumas,063,18699,2001,1934,46,1980,12
2021-12-11,Riverside,065,2383286,381471,375649,16757,392406,5408
2021-12-11,Sacramento,067,1510023,167355,165530,5091,170621,2386
2021-12-11,San Benito,069,59416,7848,7808,183,7991,79
2021-12-11,San Bernardino,071,2135413,372924,368145,11876,380021,6007
2021-12-11,San Diego,073,3302833,396073,392274,23117,415391,4374
2021-12-11,San Francisco,075,870044,55917,54869,2454,57323,678
2021-12-11,San Joaquin,077,732212,103976,103013,5621,108634,1842
2021-12-11,San Luis Obispo,079,281455,31062,30567,1358,31925,362
2021-12-11,San Mateo,081,765935,56722,55284,998,56282,580
2021-12-11,Santa Barbara,083,443738,46812,46309,1627,47936,559
2021-12-11,Santa Clara,085,1922200,154846,152846,1690,154536,1941
2021-12-11,Santa Cruz,087,273765,21899,21557,1034,22591,225
2021-12-11,Shasta,089,179085,22826,22660,3717,26377,419
2021-12-11,Sierra,091,2930,201,199,21,220,0
2021-12-11,Siskiyou,093,43540,3488,3418,1359,4777,57
2021-12-11,Solano,095,438530,47668,46891,1350,48241,365
2021-12-11,Sonoma,097,501317,43782,43227,588,43815,407
2021-12-11,Stanislaus,099,539301,82176,82133,9306,91439,1264
2021-12-11,Sutter,101,95872,14390,14354,407,14761,187
2021-12-11,Tehama,103,63373,8875,8776,1537,10313,134
2021-12-11,Trinity,105,12862,909,819,220,1039,17
2021-12-11,Tulare,107,460477,71722,70523,16277,86800,1103
2021-12-11,Tuolumne,109,53932,7832,7760,115,7875,91
2021-12-11,Ventura,111,848112,101856,100711,4468,105179,1195
2021-12-11,Yolo,113,214977,20966,20608,1070,21678,267
2021-12-11,Yuba,115,75493,10615,10519,397,10916,92
2021-12-10,Alameda,001,1643700,124490,123572,2933,126505,1496
2021-12-10,Alpine,002,1148,106,109,0,109,0
2021-12-10,Amador,005,37829,5802,5787,72,5859,69
2021-12-10,Butte,007,227075,22046,21819,4111,25930,326
2021-12-10,Calaveras,009,45235,4527,4469,63,4532,89
2021-12-10,Colusa,011,21464,2641,2619,679,3298,21
2021-12-10,Contra Costa,013,1133247,103521,102618,2352,104970,1061
2021-12-10,Del Norte,015,27424,3806,3778,55,3833,42
2021-12-10,El Dorado,017,186661,17090,16796,1807,18603,170
2021-12-10,Fresno,019,978130,147827,145988,13276,159264,2294
2021-12-10,Glenn,021,27897,3615,3585,1051,4636,37
2021-12-10,Humboldt,023,135768,9878,9721,700,10421,118
2021-12-10,Imperial,025,180216,36280,35635,3776,39411,782
2021-12-10,Inyo,027,18085,2609,2576,39,2615,46
2021-12-10,Kern,029,883053,134170,132852,24186,157038,1854
2021-12-10,Kings,031,150075,33910,33530,2036,35566,371
2021-12-10,Lake,033,64148,7004,6932,159,7091,114
2021-12-10,Lassen,035,31185,7088,7049,424,7473,55
2021-12-10,Los Angeles,037,10098052,1489047,1474030,55828,1529858,27031
2021-12-10,Madera,039,155013,24661,24417,2327,26744,311
2021-12-10,Marin,041,260295,10092,18339,546,18885,249
2021-12-10,Mariposa,043,17540,1474,1450,61,1511,6
2021-12-10,Mendocino,045,87422,8268,8130,685,8815,95
2021-12-10,Merced,047,269075,43825,43690,2174,45864,681
2021-12-10,Modoc,049,8938,595,594,201,795,6
2021-12-10,Mono,051,14174,1953,1926,23,1949,4
2021-12-10,Monterey,053,433212,50451,49008,3306,52314,631
2021-12-10,Napa,055,140530,13539,13459,127,13586,107
2021-12-10,Nevada,057,99092,9996,9880,349,10229,106
2021-12-10,Orange,059,3164182,318950,315759,16350,332109,5805
2021-12-10,Placer,061,380077,39446,38959,3917,42876,481
2021-12-10,Plumas,063,18699,1999,1934,46,1980,12
2021-12-10,Riverside,065,2383286,381060,375649,16747,392396,5408
2021-12-10,Sacramento,067,1510023,167203,165530,5089,170619,2386
2021-12-10,San Benito,069,59416,7844,7808,183,7991,79
2021-12-10,San Bernardino,071,2135413,372552,368145,11853,379998,6007
2021-12-10,San Diego,073,3302833,395593,392274,23103,415377,4374
2021-12-10,San Francisco,075,870044,55832,54869,2448,57317,678
2021-12-10,San Joaquin,077,732212,103920,103013,5617,108630,1842
2021-12-10,San Luis Obispo,079,281455,31052,30567,1355,31922,362
2021-12-10,San Mateo,081,765935,56665,55284,995,56279,580
2021-12-10,Santa Barbara,083,443738,46776,46309,1626,47935,559
2021-12-10,Santa Clara,085,1922200,154676,152846,1677,154523,1941
2021-12-10,Santa Cruz,087,273765,21879,21557,1033,22590,225
2021-12-10,Shasta,089,179085,22815,22660,3714,26374,419
2021-12-10,Sierra,091,2930,201,199,21,220,0
2021-12-10,Siskiyou,093,43540,3481,3418,1359,4777,57
2021-12-10,Solano,095,438530,47626,46891,1346,48237,365
2021-12-10,Sonoma,097,501317,43748,43227,587,43814,407
2021-12-10,Stanislaus,099,539301,82110,82133,9300,91433,1264
2021-12-10,Sutter,101,95872,14382,14354,407,14761,187
2021-12-10,Tehama,103,63373,8873,8776,1535,10311,134
2021-12-10,Trinity,105,12862,909,819,220,1039,17
2021-12-10,Tulare,107,460477,71693,70523,16253,86776,1103
2021-12-10,Tuolumne,109,53932,7826,7760,115,7875,91
2021-12-10,Ventura,111,848112,101752,100711,4465,105176,1195
2021-12-10,Yolo,113,214977,20952,20608,1068,21676,267
2021-12-10,Yuba,115,75493,10603,10519,396,10915,92
2021-12-09,Alameda,001,1643700,124346,123572,2928,126500,1496
2021-12-09,Alpine,002,1148,106,109,0,109,0
2021-12-09,Amador,005,37829,5799,5787,71,5858,69
2021-12-09,Butte,007,227075,22026,21819,4107,25926,326
2021-12-09,Calaveras,009,45235,4518,4469,63,4532,89
2021-12-09,Colusa,011,21464,2639,2619,679,3298,21
2021-12-09,Contra Costa,013,1133247,103402,102618,2346,104964,1061
2021-12-09,Del Norte,015,27424,3805,3778,55,3833,42
2021-12-09,El Dorado,017,186661,17062,16796,1802,18598,170
2021-12-09,Fresno,019,978130,147679,145988,13263,159251,2294
2021-12-09,Glenn,021,27897,3615,3585,1051,4636,37
2021-12-09,Humboldt,023,135768,9855,9721,699,10420,118
2021-12-09,Imperial,025,180216,36209,35635,3747,39382,782
2021-12-09,Inyo,027,18085,2607,2576,39,2615,46
2021-12-09,Kern,029,883053,134044,132852,24153,157005,1854
2021-12-09,Kings,031,150075,33883,33530,2033,35563,371
2021-12-09,Lake,033,64148,6995,6932,159,7091,114
2021-12-09,Lassen,035,31185,7086,7049,424,7473,55
2021-12-09,Los Angeles,037,10098052,1487506,1474030,55744,1529774,27031
2021-12-09,Madera,039,155013,24636,24417,2324,26741,311
2021-12-09,Marin,041,260295,10078,18339,544,18883,249
2021-12-09,Mariposa,043,17540,1473,1450,61,1511,6
2021-12-09,Mendocino,045,87422,8255,8130,682,8812,95
2021-12-09,Merced,047,269075,43787,43690,2162,45852,681
2021-12-09,Modoc,049,8938,595,594,201,795,6
2021-12-09,Mono,051,14174,1949,1926,23,1949,4
2021-12-09,Monterey,053,433212,50405,49008,3295,52303,631
2021-12-09,Napa,055,140530,13519,13459,123,13582,107
2021-12-09,Nevada,057,99092,9977,9880,349,10229,106
2021-12-09,Orange,059,3164182,318613,315759,16311,332070,5805
2021-12-09,Placer,061,380077,39402,38959,3904,42863,481
2021-12-09,Plumas,063,18699,1991,1934,46,1980,12
2021-12-09,Riverside,065,2383286,380509,375649,16731,392380,5408
2021-12-09,Sacramento,067,1510023,166982,165530,5074,170604,2386
2021-12-09,San Benito,069,59416,7831,7808,182,7990,79
2021-12-09,San Bernardino,071,2135413,372037,368145,11829,379974,6007
2021-12-09,San Diego,073,3302833,394947,392274,23073,415347,4374
2021-12-09,San Francisco,075,870044,55747,54869,2441,57310,678
2021-12-09,San Joaquin,077,732212,103828,103013,5612,108625,1842
2021-12-09,San Luis Obispo,079,281455,31024,30567,1352,31919,362
2021-12-09,San Mateo,081,765935,56577,55284,993,56277,580
2021-12-09,Santa Barbara,083,443738,46696,46309,1620,47929,559
2021-12-09,Santa Clara,085,1922200,154459,152846,1666,154512,1941
2021-12-09,Santa Cruz,087,273765,21851,21557,1033,22590,225
2021-12-09,Shasta,089,179085,22799,22660,3713,26373,419
2021-12-09,Sierra,091,2930,201,199,21,220,0
2021-12-09,Siskiyou,093,43540,3477,3418,1358,4776,57
2021-12-09,Solano,095,438530,47589,46891,1344,48235,365
2021-12-09,Sonoma,097,501317,43692,43227,585,43812,407
2021-12-09,Stanislaus,099,539301,82039,82133,9285,91418,1264
2021-12-09,Sutter,101,95872,14367,14354,407,14761,187
2021-12-09,Tehama,103,63373,8866,8776,1533,10309,134
2021-12-09,Trinity,105,12862,909,819,220,1039,17
2021-12-09,Tulare,107,460477,71637,70523,16225,86748,1103
2021-12-09,Tuolumne,109,53932,7815,7760,114,7874,91
2021-12-09,Ventura,111,848112,101606,100711,4453,105164,1195
2021-12-09,Yolo,113,214977,20929,20608,1060,21668,267
2021-12-09,Yuba,115,75493,10595,10519,393,10912,92
2021-12-08,Alameda,001,1643700,124195,123438,2918,126356,1496
2021-12-08,Alpine,002,1148,106,108,0,108,0
2021-12-08,Amador,005,37829,5794,5781,71,5852,69
2021-12-08,Butte,007,227075,22009,21780,4104,25884,326
2021-12-08,Calaveras,009,45235,4510,4455,63,4518,89
2021-12-08,Colusa,011,21464,2636,2619,678,3297,21
2021-12-08,Contra Costa,013,1133247,103273,102506,2346,104852,1058
2021-12-08,Del Norte,015,27424,3804,3767,55,3822,42
2021-12-08,El Dorado,017,186661,17030,16757,1802,18559,170
2021-12-08,Fresno,019,978130,147518,145830,13249,159079,2293
2021-12-08,Glenn,021,27897,3615,3584,1048,4632,37
2021-12-08,Humboldt,023,135768,9834,9704,697,10401,117
2021-12-08,Imperial,025,180216,36128,35537,3717,39254,782
2021-12-08,Inyo,027,18085,2604,2570,39,2609,46
2021-12-08,Kern,029,883053,133921,132709,24105,156814,1846
2021-12-08,Kings,031,150075,33848,33468,2032,35500,371
2021-12-08,Lake,033,64148,6989,6927,158,7085,114
2021-12-08,Lassen,035,31185,7085,7041,422,7463,55
2021-12-08,Los Angeles,037,10098052,1485959,1472410,55633,1528043,27018
2021-12-08,Madera,039,155013,24615,24396,2317,26713,311
2021-12-08,Marin,041,260295,10057,18305,541,18846,249
2021-12-08,Mariposa,043,17540,1470,1447,61,1508,6
2021-12-08,Mendocino,045,87422,8242,8118,681,8799,95
2021-12-08,Merced,047,269075,43755,43631,2155,45786,680
2021-12-08,Modoc,049,8938,595,594,201,795,6
2021-12-08,Mono,051,14174,1943,1924,23,1947,4
2021-12-08,Monterey,053,433212,50338,48957,3282,52239,631
2021-12-08,Napa,055,140530,13505,13421,123,13544,107
2021-12-08,Nevada,057,99092,9961,9862,349,10211,106
2021-12-08,Orange,059,3164182,318266,315421,16274,331695,5795
2021-12-08,Placer,061,380077,39350,38934,3900,42834,478
2021-12-08,Plumas,063,18699,1989,1924,46,1970,12
2021-12-08,Riverside,065,2383286,379996,375099,16708,391807,5404
2021-12-08,Sacramento,067,1510023,166727,165278,5047,170325,2373
2021-12-08,San Benito,069,59416,7822,7793,182,7975,79
2021-12-08,San Bernardino,071,2135413,371555,367516,11805,379321,6006
2021-12-08,San Diego,073,3302833,394297,391676,23042,414718,4369
2021-12-08,San Francisco,075,870044,55660,54792,2433,57225,677
2021-12-08,San Joaquin,077,732212,103726,102877,5603,108480,1841
2021-12-08,San Luis Obispo,079,281455,30975,30519,1347,31866,361
2021-12-08,San Mateo,081,765935,56510,55220,987,56207,580
2021-12-08,Santa Barbara,083,443738,46641,46250,1617,47867,558
2021-12-08,Santa Clara,085,1922200,154296,152674,1655,154329,1937
2021-12-08,Santa Cruz,087,273765,21804,21505,1031,22536,224
2021-12-08,Shasta,089,179085,22779,22616,3707,26323,419
2021-12-08,Sierra,091,2930,201,199,21,220,0
2021-12-08,Siskiyou,093,43540,3476,3415,1356,4771,57
2021-12-08,Solano,095,438530,47559,46837,1343,48180,365
2021-12-08,Sonoma,097,501317,43630,43179,584,43763,405
2021-12-08,Stanislaus,099,539301,81958,82038,9272,91310,1264
2021-12-08,Sutter,101,95872,14351,14336,405,14741,187
2021-12-08,Tehama,103,63373,8857,8768,1533,10301,133
2021-12-08,Trinity,105,12862,909,818,220,1038,17
2021-12-08,Tulare,107,460477,71574,70472,16200,86672,1102
2021-12-08,Tuolumne,109,53932,7802,7749,114,7863,91
2021-12-08,Ventura,111,848112,101477,100647,4450,105097,1194
2021-12-08,Yolo,113,214977,20902,20575,1055,21630,267
2021-12-08,Yuba,115,75493,10581,10499,390,10889,92
2021-12-07,Alameda,001,1643700,124020,123325,2910,126235,1497
2021-12-07,Alpine,002,1148,106,108,0,108,0
2021-12-07,Amador,005,37829,5791,5778,70,5848,69
2021-12-07,Butte,007,227075,21985,21761,4098,25859,324
2021-12-07,Calaveras,009,45235,4493,4445,63,4508,88
2021-12-07,Colusa,011,21464,2634,2619,678,3297,21
2021-12-07,Contra Costa,013,1133247,103152,102421,2338,104759,1058
2021-12-07,Del Norte,015,27424,3803,3766,55,3821,42
2021-12-07,El Dorado,017,186661,17005,16742,1799,18541,170
2021-12-07,Fresno,019,978130,147369,145715,13235,158950,2289
2021-12-07,Glenn,021,27897,3614,3579,1048,4627,36
2021-12-07,Humboldt,023,135768,9808,9693,692,10385,117
2021-12-07,Imperial,025,180216,36050,35502,3696,39198,778
2021-12-07,Inyo,027,18085,2601,2567,39,2606,46
2021-12-07,Kern,029,883053,133761,132564,24052,156616,1838
2021-12-07,Kings,031,150075,33816,33441,2029,35470,372
2021-12-07,Lake,033,64148,6985,6925,158,7083,113
2021-12-07,Lassen,035,31185,7083,7040,421,7461,55
2021-12-07,Los Angeles,037,10098052,1484183,1470904,55533,1526437,27007
2021-12-07,Madera,039,155013,24592,24367,2310,26677,311
2021-12-07,Marin,041,260295,10024,18284,536,18820,249
2021-12-07,Mariposa,043,17540,1468,1446,61,1507,6
2021-12-07,Mendocino,045,87422,8223,8107,681,8788,95
2021-12-07,Merced,047,269075,43714,43600,2148,45748,675
2021-12-07,Modoc,049,8938,595,594,200,794,6
2021-12-07,Mono,051,14174,1941,1921,23,1944,4
2021-12-07,Monterey,053,433212,50254,48880,3264,52144,631
2021-12-07,Napa,055,140530,13486,13409,123,13532,107
2021-12-07,Nevada,057,99092,9946,9858,348,10206,105
2021-12-07,Orange,059,3164182,317931,315138,16225,331363,5784
2021-12-07,Placer,061,380077,39275,38860,3896,42756,474
2021-12-07,Plumas,063,18699,1985,1915,46,1961,12
2021-12-07,Riverside,065,2383286,379464,374552,16692,391244,5397
2021-12-07,Sacramento,067,1510023,166479,165148,5033,170181,2375
2021-12-07,San Benito,069,59416,7805,7776,182,7958,78
2021-12-07,San Bernardino,071,2135413,370962,366981,11787,378768,6007
2021-12-07,San Diego,073,3302833,393453,391110,23005,414115,4357
2021-12-07,San Francisco,075,870044,55548,54729,2428,57157,676
2021-12-07,San Joaquin,077,732212,103609,102797,5591,108388,1839
2021-12-07,San Luis Obispo,079,281455,30935,30495,1345,31840,361
2021-12-07,San Mateo,081,765935,56418,55163,981,56144,580
2021-12-07,Santa Barbara,083,443738,46569,46205,1615,47820,556
2021-12-07,Santa Clara,085,1922200,154111,152465,1646,154111,1941
2021-12-07,Santa Cruz,087,273765,21757,21493,1031,22524,224
2021-12-07,Shasta,089,179085,22757,22594,3704,26298,418
2021-12-07,Sierra,091,2930,201,199,21,220,0
2021-12-07,Siskiyou,093,43540,3474,3412,1356,4768,57
2021-12-07,Solano,095,438530,47520,46812,1341,48153,365
2021-12-07,Sonoma,097,501317,43555,43154,583,43737,405
2021-12-07,Stanislaus,099,539301,81880,81980,9261,91241,1258
2021-12-07,Sutter,101,95872,14343,14322,404,14726,186
2021-12-07,Tehama,103,63373,8849,8765,1532,10297,133
2021-12-07,Trinity,105,12862,909,818,220,1038,17
2021-12-07,Tulare,107,460477,71519,70411,16173,86584,1103
2021-12-07,Tuolumne,109,53932,7794,7743,114,7857,91
2021-12-07,Ventura,111,848112,101380,100569,4440,105009,1194
2021-12-07,Yolo,113,214977,20875,20560,1053,21613,263
2021-12-07,Yuba,115,75493,10564,10491,389,10880,91
2021-12-06,Alameda,001,1643700,123854,123227,2906,126133,1496
2021-12-06,Alpine,002,1148,106,108,0,108,0
2021-12-06,Amador,005,37829,5784,5769,69,5838,67
2021-12-06,Butte,007,227075,21967,21732,4095,25827,321
2021-12-06,Calaveras,009,45235,4486,4443,63,4506,88
2021-12-06,Colusa,011,21464,2633,2615,674,3289,21
2021-12-06,Contra Costa,013,1133247,103032,102327,2334,104661,1058
2021-12-06,Del Norte,015,27424,3801,3744,55,3799,42
2021-12-06,El Dorado,017,186661,16980,16726,1797,18523,168
2021-12-06,Fresno,019,978130,147172,145539,13223,158762,2285
2021-12-06,Glenn,021,27897,3611,3577,1047,4624,36
2021-12-06,Humboldt,023,135768,9787,9671,685,10356,117
2021-12-06,Imperial,025,180216,35969,35453,3678,39131,778
2021-12-06,Inyo,027,18085,2595,2562,38,2600,46
2021-12-06,Kern,029,883053,133573,132366,23996,156362,1835
2021-12-06,Kings,031,150075,33783,33399,2024,35423,368
2021-12-06,Lake,033,64148,6981,6922,158,7080,113
2021-12-06,Lassen,035,31185,7078,7032,419,7451,51
2021-12-06,Los Angeles,037,10098052,1482521,1470059,55440,1525499,26993
2021-12-06,Madera,039,155013,24565,24334,2307,26641,307
2021-12-06,Marin,041,260295,9996,18252,534,18786,249
2021-12-06,Mariposa,043,17540,1465,1443,61,1504,6
2021-12-06,Mendocino,045,87422,8210,8079,677,8756,95
2021-12-06,Merced,047,269075,43674,43549,2138,45687,672
2021-12-06,Modoc,049,8938,595,593,200,793,6
2021-12-06,Mono,051,14174,1936,1913,23,1936,4
2021-12-06,Monterey,053,433212,50176,48831,3245,52076,626
2021-12-06,Napa,055,140530,13463,13387,121,13508,107
2021-12-06,Nevada,057,99092,9918,9847,347,10194,105
2021-12-06,Orange,059,3164182,317551,314859,16182,331041,5771
2021-12-06,Placer,061,380077,39222,38785,3891,42676,473
2021-12-06,Plumas,063,18699,1977,1913,46,1959,10
2021-12-06,Riverside,065,2383286,378939,374116,16678,390794,5388
2021-12-06,Sacramento,067,1510023,166203,164926,5012,169938,2367
2021-12-06,San Benito,069,59416,7789,7755,182,7937,78
2021-12-06,San Bernardino,071,2135413,370402,366606,11760,378366,5998
2021-12-06,San Diego,073,3302833,392607,390389,22960,413349,4352
2021-12-06,San Francisco,075,870044,55438,54659,2423,57082,674
2021-12-06,San Joaquin,077,732212,103481,102728,5584,108312,1837
2021-12-06,San Luis Obispo,079,281455,30898,30464,1343,31807,361
2021-12-06,San Mateo,081,765935,56344,55112,978,56090,580
2021-12-06,Santa Barbara,083,443738,46476,46146,1614,47760,556
2021-12-06,Santa Clara,085,1922200,153901,152310,1629,153939,1937
2021-12-06,Santa Cruz,087,273765,21722,21450,1028,22478,224
2021-12-06,Shasta,089,179085,22734,22556,3696,26252,416
2021-12-06,Sierra,091,2930,200,198,21,219,0
2021-12-06,Siskiyou,093,43540,3472,3409,1351,4760,57
2021-12-06,Solano,095,438530,47475,46748,1340,48088,360
2021-12-06,Sonoma,097,501317,43484,43114,575,43689,405
2021-12-06,Stanislaus,099,539301,81783,81889,9227,91116,1241
2021-12-06,Sutter,101,95872,14331,14319,404,14723,186
2021-12-06,Tehama,103,63373,8841,8760,1532,10292,133
2021-12-06,Trinity,105,12862,909,815,219,1034,17
2021-12-06,Tulare,107,460477,71442,70285,16133,86418,1101
2021-12-06,Tuolumne,109,53932,7780,7726,114,7840,91
2021-12-06,Ventura,111,848112,101279,100426,4432,104858,1194
2021-12-06,Yolo,113,214977,20850,20548,1053,21601,263
2021-12-06,Yuba,115,75493,10549,10480,384,10864,91
2021-12-05,Alameda,001,1643700,123669,123104,2899,126003,1496
2021-12-05,Alpine,002,1148,105,108,0,108,0
2021-12-05,Amador,005,37829,5781,5761,69,5830,67
2021-12-05,Butte,007,227075,21933,21720,4089,25809,320
2021-12-05,Calaveras,009,45235,4470,4434,63,4497,88
2021-12-05,Colusa,011,21464,2632,2615,673,3288,21
2021-12-05,Contra Costa,013,1133247,102899,102251,2324,104575,1058
2021-12-05,Del Norte,015,27424,3799,3751,55,3806,42
2021-12-05,El Dorado,017,186661,16941,16717,1792,18509,168
2021-12-05,Fresno,019,978130,146998,145452,13202,158654,2284
2021-12-05,Glenn,021,27897,3609,3577,1046,4623,36
2021-12-05,Humboldt,023,135768,9756,9662,682,10344,117
2021-12-05,Imperial,025,180216,35874,35422,3649,39071,778
2021-12-05,Inyo,027,18085,2588,2559,38,2597,46
2021-12-05,Kern,029,883053,133409,132286,23944,156230,1833
2021-12-05,Kings,031,150075,33719,33360,2024,35384,369
2021-12-05,Lake,033,64148,6977,6919,157,7076,113
2021-12-05,Lassen,035,31185,7076,7031,419,7450,51
2021-12-05,Los Angeles,037,10098052,1480675,1468937,55306,1524243,26991
2021-12-05,Madera,039,155013,24524,24311,2304,26615,307
2021-12-05,Marin,041,260295,9949,18216,526,18742,249
2021-12-05,Mariposa,043,17540,1462,1440,60,1500,6
2021-12-05,Mendocino,045,87422,8191,8069,671,8740,95
2021-12-05,Merced,047,269075,43629,43534,2129,45663,672
2021-12-05,Modoc,049,8938,595,593,200,793,6
2021-12-05,Mono,051,14174,1929,1907,23,1930,4
2021-12-05,Monterey,053,433212,50104,48813,3213,52026,626
2021-12-05,Napa,055,140530,13437,13382,118,13500,107
2021-12-05,Nevada,057,99092,9897,9827,346,10173,105
2021-12-05,Orange,059,3164182,317114,314560,16140,330700,5771
2021-12-05,Placer,061,380077,39163,38738,3882,42620,473
2021-12-05,Plumas,063,18699,1973,1913,45,1958,9
2021-12-05,Riverside,065,2383286,378281,373827,16648,390475,5388
2021-12-05,Sacramento,067,1510023,165900,164721,4994,169715,2367
2021-12-05,San Benito,069,59416,7772,7748,181,7929,78
2021-12-05,San Bernardino,071,2135413,369695,366282,11713,377995,5998
2021-12-05,San Diego,073,3302833,391813,387979,22911,410890,4351
2021-12-05,San Francisco,075,870044,55335,54603,2421,57024,674
2021-12-05,San Joaquin,077,732212,103340,102698,5579,108277,1837
2021-12-05,San Luis Obispo,079,281455,30828,30454,1340,31794,360
2021-12-05,San Mateo,081,765935,56255,55050,968,56018,580
2021-12-05,Santa Barbara,083,443738,46393,46097,1606,47703,555
2021-12-05,Santa Clara,085,1922200,153647,152114,1611,153725,1933
2021-12-05,Santa Cruz,087,273765,21672,21424,1028,22452,224
2021-12-05,Shasta,089,179085,22677,22550,3695,26245,416
2021-12-05,Sierra,091,2930,200,198,21,219,0
2021-12-05,Siskiyou,093,43540,3470,3409,1350,4759,57
2021-12-05,Solano,095,438530,47412,46715,1338,48053,360
2021-12-05,Sonoma,097,501317,43407,43038,570,43608,405
2021-12-05,Stanislaus,099,539301,81646,81847,9217,91064,1241
2021-12-05,Sutter,101,95872,14308,14303,399,14702,186
2021-12-05,Tehama,103,63373,8833,8755,1530,10285,133
2021-12-05,Trinity,105,12862,908,815,219,1034,17
2021-12-05,Tulare,107,460477,71360,70254,16085,86339,1102
2021-12-05,Tuolumne,109,53932,7767,7718,114,7832,91
2021-12-05,Ventura,111,848112,101144,100367,4419,104786,1194
2021-12-05,Yolo,113,214977,20807,20512,1052,21564,263
2021-12-05,Yuba,115,75493,10536,10467,377,10844,91
2021-12-04,Alameda,001,1643700,123555,122508,2896,125404,1494
2021-12-04,Alpine,002,1148,105,108,0,108,0
2021-12-04,Amador,005,37829,5778,5729,69,5798,67
2021-12-04,Butte,007,227075,21914,21638,4085,25723,318
2021-12-04,Calaveras,009,45235,4462,4392,62,4454,88
2021-12-04,Colusa,011,21464,2632,2600,671,3271,21
2021-12-04,Contra Costa,013,1133247,102827,101824,2318,104142,1056
2021-12-04,Del Norte,015,27424,3796,3726,55,3781,42
2021-12-04,El Dorado,017,186661,16932,16621,1792,18413,168
2021-12-04,Fresno,019,978130,146908,144734,13194,157928,2270
2021-12-04,Glenn,021,27897,3609,3559,1046,4605,36
2021-12-04,Humboldt,023,135768,9741,9596,678,10274,117
2021-12-04,Imperial,025,180216,35820,35206,3636,38842,776
2021-12-04,Inyo,027,18085,2583,2538,38,2576,46
2021-12-04,Kern,029,883053,133329,131771,23921,155692,1817
2021-12-04,Kings,031,150075,33696,33183,2023,35206,367
2021-12-04,Lake,033,64148,6968,6903,157,7060,113
2021-12-04,Lassen,035,31185,7075,7014,417,7431,51
2021-12-04,Los Angeles,037,10098052,1479798,1463270,55228,1518498,26952
2021-12-04,Madera,039,155013,24510,24188,2300,26488,307
2021-12-04,Marin,041,260295,9928,18075,525,18600,249
2021-12-04,Mariposa,043,17540,1458,1421,60,1481,6
2021-12-04,Mendocino,045,87422,8186,7981,671,8652,91
2021-12-04,Merced,047,269075,43602,43337,2127,45464,671
2021-12-04,Modoc,049,8938,595,591,200,791,6
2021-12-04,Mono,051,14174,1929,1883,23,1906,4
2021-12-04,Monterey,053,433212,50072,48682,3206,51888,626
2021-12-04,Napa,055,140530,13427,13327,117,13444,106
2021-12-04,Nevada,057,99092,9889,9752,346,10098,105
2021-12-04,Orange,059,3164182,316882,313112,16114,329226,5748
2021-12-04,Placer,061,380077,39121,38460,3875,42335,473
2021-12-04,Plumas,063,18699,1970,1903,45,1948,7
2021-12-04,Riverside,065,2383286,377922,371768,16642,388410,5381
2021-12-04,Sacramento,067,1510023,165756,163900,4986,168886,2365
2021-12-04,San Benito,069,59416,7746,7688,181,7869,78
2021-12-04,San Bernardino,071,2135413,369306,364154,11700,375854,5983
2021-12-04,San Diego,073,3302833,391337,386710,22881,409591,4350
2021-12-04,San Francisco,075,870044,55267,54286,2418,56704,674
2021-12-04,San Joaquin,077,732212,103285,102286,5577,107863,1835
2021-12-04,San Luis Obispo,079,281455,30807,30318,1336,31654,360
2021-12-04,San Mateo,081,765935,56206,54774,965,55739,579
2021-12-04,Santa Barbara,083,443738,46348,45774,1606,47380,555
2021-12-04,Santa Clara,085,1922200,153493,151275,1597,152872,1928
2021-12-04,Santa Cruz,087,273765,21646,21286,1027,22313,224
2021-12-04,Shasta,089,179085,22660,22418,3693,26111,414
2021-12-04,Sierra,091,2930,200,196,21,217,0
2021-12-04,Siskiyou,093,43540,3468,3398,1350,4748,57
2021-12-04,Solano,095,438530,47392,46529,1337,47866,360
2021-12-04,Sonoma,097,501317,43362,42778,567,43345,405
2021-12-04,Stanislaus,099,539301,81574,81462,9210,90672,1231
2021-12-04,Sutter,101,95872,14300,14258,398,14656,186
2021-12-04,Tehama,103,63373,8831,8742,1530,10272,131
2021-12-04,Trinity,105,12862,907,801,219,1020,17
2021-12-04,Tulare,107,460477,71322,70014,16056,86070,1100
2021-12-04,Tuolumne,109,53932,7762,7676,114,7790,91
2021-12-04,Ventura,111,848112,101053,99751,4415,104166,1192
2021-12-04,Yolo,113,214977,20784,20442,1050,21492,261
2021-12-04,Yuba,115,75493,10525,10418,376,10794,91
2021-12-03,Alameda,001,1643700,123461,122508,2886,125394,1494
2021-12-03,Alpine,002,1148,105,108,0,108,0
2021-12-03,Amador,005,37829,5773,5729,68,5797,67
2021-12-03,Butte,007,227075,21901,21638,4080,25718,318
2021-12-03,Calaveras,009,45235,4453,4392,62,4454,88
2021-12-03,Colusa,011,21464,2630,2600,671,3271,21
2021-12-03,Contra Costa,013,1133247,102754,101824,2312,104136,1056
2021-12-03,Del Norte,015,27424,3794,3726,55,3781,42
2021-12-03,El Dorado,017,186661,16903,16621,1790,18411,168
2021-12-03,Fresno,019,978130,146794,144734,13191,157925,2270
2021-12-03,Glenn,021,27897,3608,3559,1045,4604,36
2021-12-03,Humboldt,023,135768,9724,9596,676,10272,117
2021-12-03,Imperial,025,180216,35778,35206,3606,38812,776
2021-12-03,Inyo,027,18085,2576,2538,38,2576,46
2021-12-03,Kern,029,883053,133257,131771,23886,155657,1817
2021-12-03,Kings,031,150075,33669,33183,2023,35206,367
2021-12-03,Lake,033,64148,6968,6903,157,7060,113
2021-12-03,Lassen,035,31185,7073,7014,416,7430,51
2021-12-03,Los Angeles,037,10098052,1478852,1463270,55153,1518423,26952
2021-12-03,Madera,039,155013,24484,24188,2296,26484,307
2021-12-03,Marin,041,260295,9894,18075,521,18596,249
2021-12-03,Mariposa,043,17540,1456,1421,60,1481,6
2021-12-03,Mendocino,045,87422,8179,7981,671,8652,91
2021-12-03,Merced,047,269075,43579,43337,2124,45461,671
2021-12-03,Modoc,049,8938,595,591,200,791,6
2021-12-03,Mono,051,14174,1923,1883,23,1906,4
2021-12-03,Monterey,053,433212,50033,48682,3195,51877,626
2021-12-03,Napa,055,140530,13415,13327,117,13444,106
2021-12-03,Nevada,057,99092,9878,9752,346,10098,105
2021-12-03,Orange,059,3164182,316613,313112,16082,329194,5748
2021-12-03,Placer,061,380077,39083,38460,3869,42329,473
2021-12-03,Plumas,063,18699,1967,1903,45,1948,7
2021-12-03,Riverside,065,2383286,377531,371768,16636,388404,5381
2021-12-03,Sacramento,067,1510023,165575,163900,4972,168872,2365
2021-12-03,San Benito,069,59416,7739,7688,181,7869,78
2021-12-03,San Bernardino,071,2135413,368858,364154,11689,375843,5983
2021-12-03,San Diego,073,3302833,390861,386710,22857,409567,4350
2021-12-03,San Francisco,075,870044,55197,54286,2414,56700,674
2021-12-03,San Joaquin,077,732212,103229,102286,5576,107862,1835
2021-12-03,San Luis Obispo,079,281455,30781,30318,1333,31651,360
2021-12-03,San Mateo,081,765935,56141,54774,962,55736,579
2021-12-03,Santa Barbara,083,443738,46312,45774,1606,47380,555
2021-12-03,Santa Clara,085,1922200,153313,151275,1583,152858,1928
2021-12-03,Santa Cruz,087,273765,21619,21286,1027,22313,224
2021-12-03,Shasta,089,179085,22645,22418,3693,26111,414
2021-12-03,Sierra,091,2930,200,196,21,217,0
2021-12-03,Siskiyou,093,43540,3465,3398,1348,4746,57
2021-12-03,Solano,095,438530,47350,46529,1336,47865,360
2021-12-03,Sonoma,097,501317,43326,42778,565,43343,405
2021-12-03,Stanislaus,099,539301,81517,81462,9201,90663,1231
2021-12-03,Sutter,101,95872,14287,14258,396,14654,186
2021-12-03,Tehama,103,63373,8830,8742,1529,10271,131
2021-12-03,Trinity,105,12862,907,801,219,1020,17
2021-12-03,Tulare,107,460477,71283,70014,16025,86039,1100
2021-12-03,Tuolumne,109,53932,7753,7676,114,7790,91
2021-12-03,Ventura,111,848112,100967,99751,4408,104159,1192
2021-12-03,Yolo,113,214977,20767,20442,1049,21491,261
2021-12-03,Yuba,115,75493,10517,10418,376,10794,91
2021-12-02,Alameda,001,1643700,123303,122508,2879,125387,1494
2021-12-02,Alpine,002,1148,105,108,0,108,0
2021-12-02,Amador,005,37829,5768,5729,67,5796,67
2021-12-02,Butte,007,227075,21876,21638,4075,25713,318
2021-12-02,Calaveras,009,45235,4443,4392,61,4453,88
2021-12-02,Colusa,011,21464,2629,2600,671,3271,21
2021-12-02,Contra Costa,013,1133247,102640,101824,2308,104132,1056
2021-12-02,Del Norte,015,27424,3786,3726,55,3781,42
2021-12-02,El Dorado,017,186661,16882,16621,1788,18409,168
2021-12-02,Fresno,019,978130,146624,144734,13177,157911,2270
2021-12-02,Glenn,021,27897,3608,3559,1042,4601,36
2021-12-02,Humboldt,023,135768,9705,9596,675,10271,117
2021-12-02,Imperial,025,180216,35710,35206,3584,38790,776
2021-12-02,Inyo,027,18085,2571,2538,38,2576,46
2021-12-02,Kern,029,883053,133087,131771,23834,155605,1817
2021-12-02,Kings,031,150075,33615,33183,2021,35204,367
2021-12-02,Lake,033,64148,6964,6903,157,7060,113
2021-12-02,Lassen,035,31185,7069,7014,416,7430,51
2021-12-02,Los Angeles,037,10098052,1477333,1463270,55067,1518337,26952
2021-12-02,Madera,039,155013,24447,24188,2287,26475,307
2021-12-02,Marin,041,260295,9864,18075,517,18592,249
2021-12-02,Mariposa,043,17540,1453,1421,60,1481,6
2021-12-02,Mendocino,045,87422,8163,7981,670,8651,91
2021-12-02,Merced,047,269075,43533,43337,2119,45456,671
2021-12-02,Modoc,049,8938,594,591,200,791,6
2021-12-02,Mono,051,14174,1917,1883,23,1906,4
2021-12-02,Monterey,053,433212,49957,48682,3174,51856,626
2021-12-02,Napa,055,140530,13401,13327,117,13444,106
2021-12-02,Nevada,057,99092,9860,9752,345,10097,105
2021-12-02,Orange,059,3164182,316269,313112,16045,329157,5748
2021-12-02,Placer,061,380077,39015,38460,3864,42324,473
2021-12-02,Plumas,063,18699,1964,1903,45,1948,7
2021-12-02,Riverside,065,2383286,377002,371768,16626,388394,5381
2021-12-02,Sacramento,067,1510023,165348,163900,4962,168862,2365
2021-12-02,San Benito,069,59416,7719,7688,181,7869,78
2021-12-02,San Bernardino,071,2135413,368304,364154,11669,375823,5983
2021-12-02,San Diego,073,3302833,390221,386710,22802,409512,4350
2021-12-02,San Francisco,075,870044,55102,54286,2409,56695,674
2021-12-02,San Joaquin,077,732212,103115,102286,5571,107857,1835
2021-12-02,San Luis Obispo,079,281455,30747,30318,1326,31644,360
2021-12-02,San Mateo,081,765935,56060,54774,954,55728,579
2021-12-02,Santa Barbara,083,443738,46231,45774,1603,47377,555
2021-12-02,Santa Clara,085,1922200,153068,151275,1566,152841,1928
2021-12-02,Santa Cruz,087,273765,21568,21286,1026,22312,224
2021-12-02,Shasta,089,179085,22612,22418,3692,26110,414
2021-12-02,Sierra,091,2930,200,196,21,217,0
2021-12-02,Siskiyou,093,43540,3464,3398,1341,4739,57
2021-12-02,Solano,095,438530,47300,46529,1334,47863,360
2021-12-02,Sonoma,097,501317,43252,42778,565,43343,405
2021-12-02,Stanislaus,099,539301,81422,81462,9193,90655,1231
2021-12-02,Sutter,101,95872,14274,14258,393,14651,186
2021-12-02,Tehama,103,63373,8823,8742,1527,10269,131
2021-12-02,Trinity,105,12862,907,801,219,1020,17
2021-12-02,Tulare,107,460477,71195,70014,15975,85989,1100
2021-12-02,Tuolumne,109,53932,7738,7676,113,7789,91
2021-12-02,Ventura,111,848112,100842,99751,4406,104157,1192
2021-12-02,Yolo,113,214977,20739,20442,1049,21491,261
2021-12-02,Yuba,115,75493,10501,10418,373,10791,91
2021-12-01,Alameda,001,1643700,123152,122298,2870,125168,1492
2021-12-01,Alpine,002,1148,105,108,0,108,0
2021-12-01,Amador,005,37829,5761,5723,67,5790,67
2021-12-01,Butte,007,227075,21858,21600,4070,25670,318
2021-12-01,Calaveras,009,45235,4438,4371,61,4432,88
2021-12-01,Colusa,011,21464,2622,2595,669,3264,20
2021-12-01,Contra Costa,013,1133247,102532,101651,2298,103949,1048
2021-12-01,Del Norte,015,27424,3784,3722,55,3777,42
2021-12-01,El Dorado,017,186661,16861,16575,1786,18361,166
2021-12-01,Fresno,019,978130,146416,144507,13165,157672,2264
2021-12-01,Glenn,021,27897,3602,3556,1041,4597,36
2021-12-01,Humboldt,023,135768,9681,9573,670,10243,117
2021-12-01,Imperial,025,180216,35629,35085,3557,38642,776
2021-12-01,Inyo,027,18085,2567,2533,38,2571,46
2021-12-01,Kern,029,883053,132939,131580,23780,155360,1804
2021-12-01,Kings,031,150075,33565,33112,2020,35132,364
2021-12-01,Lake,033,64148,6956,6896,156,7052,112
2021-12-01,Lassen,035,31185,7064,7008,414,7422,51
2021-12-01,Los Angeles,037,10098052,1475742,1461394,54973,1516367,26928
2021-12-01,Madera,039,155013,24416,24134,2278,26412,307
2021-12-01,Marin,041,260295,9826,18038,511,18549,249
2021-12-01,Mariposa,043,17540,1449,1415,60,1475,6
2021-12-01,Mendocino,045,87422,8149,7966,665,8631,90
2021-12-01,Merced,047,269075,43477,43259,2098,45357,670
2021-12-01,Modoc,049,8938,594,576,200,776,5
2021-12-01,Mono,051,14174,1912,1876,23,1899,4
2021-12-01,Monterey,053,433212,49908,48611,3165,51776,626
2021-12-01,Napa,055,140530,13383,13319,114,13433,107
2021-12-01,Nevada,057,99092,9847,9706,345,10051,105
2021-12-01,Orange,059,3164182,315902,312772,16009,328781,5735
2021-12-01,Placer,061,380077,38958,38373,3858,42231,472
2021-12-01,Plumas,063,18699,1960,1893,45,1938,7
2021-12-01,Riverside,065,2383286,376477,371189,16609,387798,5369
2021-12-01,Sacramento,067,1510023,165135,163616,4945,168561,2360
2021-12-01,San Benito,069,59416,7705,7669,181,7850,78
2021-12-01,San Bernardino,071,2135413,367710,363368,11643,375011,5973
2021-12-01,San Diego,073,3302833,389423,386056,22747,408803,4346
2021-12-01,San Francisco,075,870044,55020,54199,2402,56601,672
2021-12-01,San Joaquin,077,732212,103007,102109,5570,107679,1834
2021-12-01,San Luis Obispo,079,281455,30705,30238,1322,31560,360
2021-12-01,San Mateo,081,765935,55979,54711,951,55662,579
2021-12-01,Santa Barbara,083,443738,46161,45681,1601,47282,554
2021-12-01,Santa Clara,085,1922200,152846,150961,1548,152509,1925
2021-12-01,Santa Cruz,087,273765,21539,21191,1025,22216,224
2021-12-01,Shasta,089,179085,22581,22375,3686,26061,410
2021-12-01,Sierra,091,2930,200,195,21,216,0
2021-12-01,Siskiyou,093,43540,3461,3391,1341,4732,55
2021-12-01,Solano,095,438530,47255,46485,1334,47819,360
2021-12-01,Sonoma,097,501317,43177,42713,564,43277,405
2021-12-01,Stanislaus,099,539301,81324,81330,9180,90510,1231
2021-12-01,Sutter,101,95872,14259,14229,392,14621,186
2021-12-01,Tehama,103,63373,8813,8728,1527,10255,130
2021-12-01,Trinity,105,12862,902,801,219,1020,17
2021-12-01,Tulare,107,460477,71120,69953,15935,85888,1098
2021-12-01,Tuolumne,109,53932,7730,7655,113,7768,91
2021-12-01,Ventura,111,848112,100736,99680,4395,104075,1191
2021-12-01,Yolo,113,214977,20711,20393,1049,21442,260
2021-12-01,Yuba,115,75493,10490,10401,373,10774,89
2021-11-30,Alameda,001,1643700,122980,122196,2862,125058,1489
2021-11-30,Alpine,002,1148,105,108,0,108,0
2021-11-30,Amador,005,37829,5753,5716,67,5783,66
2021-11-30,Butte,007,227075,21829,21565,4059,25624,318
2021-11-30,Calaveras,009,45235,4420,4360,61,4421,88
2021-11-30,Colusa,011,21464,2621,2592,669,3261,21
2021-11-30,Contra Costa,013,1133247,102398,101538,2291,103829,1046
2021-11-30,Del Norte,015,27424,3778,3718,55,3773,42
2021-11-30,El Dorado,017,186661,16833,16558,1780,18338,166
2021-11-30,Fresno,019,978130,146216,144384,13155,157539,2259
2021-11-30,Glenn,021,27897,3597,3555,1040,4595,36
2021-11-30,Humboldt,023,135768,9650,9539,664,10203,116
2021-11-30,Imperial,025,180216,35521,34999,3530,38529,773
2021-11-30,Inyo,027,18085,2558,2530,38,2568,46
2021-11-30,Kern,029,883053,132770,131451,23725,155176,1799
2021-11-30,Kings,031,150075,33513,33074,2016,35090,362
2021-11-30,Lake,033,64148,6950,6892,154,7046,110
2021-11-30,Lassen,035,31185,7060,7003,413,7416,51
2021-11-30,Los Angeles,037,10098052,1473945,1460177,54872,1515049,26913
2021-11-30,Madera,039,155013,24382,24108,2273,26381,307
2021-11-30,Marin,041,260295,9783,18010,509,18519,249
2021-11-30,Mariposa,043,17540,1443,1412,60,1472,6
2021-11-30,Mendocino,045,87422,8120,7960,659,8619,89
2021-11-30,Merced,047,269075,43409,43200,2090,45290,668
2021-11-30,Modoc,049,8938,593,576,200,776,5
2021-11-30,Mono,051,14174,1909,1873,23,1896,4
2021-11-30,Monterey,053,433212,49845,48581,3154,51735,626
2021-11-30,Napa,055,140530,13363,13308,114,13422,105
2021-11-30,Nevada,057,99092,9831,9699,344,10043,105
2021-11-30,Orange,059,3164182,315481,312451,15967,328418,5724
2021-11-30,Placer,061,380077,38857,38324,3849,42173,470
2021-11-30,Plumas,063,18699,1955,1887,44,1931,7
2021-11-30,Riverside,065,2383286,375793,370739,16584,387323,5358
2021-11-30,Sacramento,067,1510023,164853,163420,4923,168343,2353
2021-11-30,San Benito,069,59416,7683,7645,180,7825,78
2021-11-30,San Bernardino,071,2135413,367019,363006,11620,374626,5967
2021-11-30,San Diego,073,3302833,388496,385405,22700,408105,4340
2021-11-30,San Francisco,075,870044,54914,54147,2393,56540,672
2021-11-30,San Joaquin,077,732212,102880,101972,5562,107534,1834
2021-11-30,San Luis Obispo,079,281455,30680,30200,1320,31520,360
2021-11-30,San Mateo,081,765935,55874,54656,941,55597,579
2021-11-30,Santa Barbara,083,443738,46065,45628,1595,47223,553
2021-11-30,Santa Clara,085,1922200,152589,150799,1531,152330,1929
2021-11-30,Santa Cruz,087,273765,21480,21169,1021,22190,224
2021-11-30,Shasta,089,179085,22551,22347,3683,26030,401
2021-11-30,Sierra,091,2930,197,195,21,216,0
2021-11-30,Siskiyou,093,43540,3457,3385,1338,4723,55
2021-11-30,Solano,095,438530,47191,46434,1328,47762,358
2021-11-30,Sonoma,097,501317,43098,42663,561,43224,405
2021-11-30,Stanislaus,099,539301,81220,81276,9152,90428,1227
2021-11-30,Sutter,101,95872,14248,14210,389,14599,186
2021-11-30,Tehama,103,63373,8806,8727,1526,10253,130
2021-11-30,Trinity,105,12862,901,799,219,1018,17
2021-11-30,Tulare,107,460477,71034,69900,15889,85789,1099
2021-11-30,Tuolumne,109,53932,7715,7643,113,7756,91
2021-11-30,Ventura,111,848112,100582,99601,4384,103985,1191
2021-11-30,Yolo,113,214977,20666,20376,1046,21422,260
2021-11-30,Yuba,115,75493,10471,10398,368,10766,89
2021-11-29,Alameda,001,1643700,122819,122136,2853,124989,1489
2021-11-29,Alpine,002,1148,105,108,0,108,0
2021-11-29,Amador,005,37829,5746,5706,67,5773,66
2021-11-29,Butte,007,227075,21798,21544,4052,25596,314
2021-11-29,Calaveras,009,45235,4404,4353,61,4414,88
2021-11-29,Colusa,011,21464,2619,2585,666,3251,20
2021-11-29,Contra Costa,013,1133247,102249,101441,2283,103724,1046
2021-11-29,Del Norte,015,27424,3775,3704,55,3759,42
2021-11-29,El Dorado,017,186661,16816,16534,1776,18310,166
2021-11-29,Fresno,019,978130,146009,144282,13131,157413,2254
2021-11-29,Glenn,021,27897,3594,3555,1039,4594,36
2021-11-29,Humboldt,023,135768,9633,9514,657,10171,115
2021-11-29,Imperial,025,180216,35456,34960,3509,38469,773
2021-11-29,Inyo,027,18085,2553,2529,38,2567,46
2021-11-29,Kern,029,883053,132586,131362,23684,155046,1789
2021-11-29,Kings,031,150075,33460,33059,2012,35071,363
2021-11-29,Lake,033,64148,6938,6889,154,7043,110
2021-11-29,Lassen,035,31185,7057,7003,411,7414,51
2021-11-29,Los Angeles,037,10098052,1472097,1459446,54787,1514233,26889
2021-11-29,Madera,039,155013,24346,24069,2265,26334,307
2021-11-29,Marin,041,260295,9735,17980,504,18484,249
2021-11-29,Mariposa,043,17540,1435,1409,60,1469,6
2021-11-29,Mendocino,045,87422,8103,7954,655,8609,89
2021-11-29,Merced,047,269075,43336,43167,2082,45249,667
2021-11-29,Modoc,049,8938,592,569,200,769,5
2021-11-29,Mono,051,14174,1892,1859,23,1882,4
2021-11-29,Monterey,053,433212,49785,48548,3138,51686,626
2021-11-29,Napa,055,140530,13353,13304,114,13418,104
2021-11-29,Nevada,057,99092,9817,9689,344,10033,105
2021-11-29,Orange,059,3164182,315071,312203,15922,328125,5709
2021-11-29,Placer,061,380077,38792,38261,3844,42105,470
2021-11-29,Plumas,063,18699,1952,1884,44,1928,7
2021-11-29,Riverside,065,2383286,375252,370334,16573,386907,5358
2021-11-29,Sacramento,067,1510023,164603,163282,4891,168173,2342
2021-11-29,San Benito,069,59416,7663,7631,179,7810,77
2021-11-29,San Bernardino,071,2135413,366414,362694,11586,374280,5962
2021-11-29,San Diego,073,3302833,387608,384853,22667,407520,4335
2021-11-29,San Francisco,075,870044,54815,54125,2389,56514,669
2021-11-29,San Joaquin,077,732212,102741,101927,5555,107482,1834
2021-11-29,San Luis Obispo,079,281455,30646,30165,1316,31481,359
2021-11-29,San Mateo,081,765935,55771,54622,937,55559,579
2021-11-29,Santa Barbara,083,443738,45968,45576,1591,47167,549
2021-11-29,Santa Clara,085,1922200,152313,150620,1525,152145,1925
2021-11-29,Santa Cruz,087,273765,21442,21149,1020,22169,224
2021-11-29,Shasta,089,179085,22516,22315,3679,25994,399
2021-11-29,Sierra,091,2930,197,195,21,216,0
2021-11-29,Siskiyou,093,43540,3454,3374,1331,4705,55
2021-11-29,Solano,095,438530,47140,46412,1326,47738,357
2021-11-29,Sonoma,097,501317,43021,42624,558,43182,405
2021-11-29,Stanislaus,099,539301,81139,81227,9134,90361,1223
2021-11-29,Sutter,101,95872,14232,14204,386,14590,186
2021-11-29,Tehama,103,63373,8801,8720,1521,10241,130
2021-11-29,Trinity,105,12862,896,798,219,1017,17
2021-11-29,Tulare,107,460477,70954,69850,15855,85705,1096
2021-11-29,Tuolumne,109,53932,7702,7627,113,7740,90
2021-11-29,Ventura,111,848112,100461,99520,4375,103895,1190
2021-11-29,Yolo,113,214977,20621,20344,1044,21388,257
2021-11-29,Yuba,115,75493,10454,10395,367,10762,89
2021-11-28,Alameda,001,1643700,122600,122082,2847,124929,1491
2021-11-28,Alpine,002,1148,105,108,0,108,0
2021-11-28,Amador,005,37829,5736,5703,67,5770,66
2021-11-28,Butte,007,227075,21757,21530,4049,25579,313
2021-11-28,Calaveras,009,45235,4383,4350,61,4411,88
2021-11-28,Colusa,011,21464,2615,2586,665,3251,19
2021-11-28,Contra Costa,013,1133247,102076,101355,2273,103628,1046
2021-11-28,Del Norte,015,27424,3770,3703,55,3758,42
2021-11-28,El Dorado,017,186661,16775,16527,1775,18302,166
2021-11-28,Fresno,019,978130,145763,144164,13103,157267,2252
2021-11-28,Glenn,021,27897,3591,3547,1037,4584,36
2021-11-28,Humboldt,023,135768,9601,9499,653,10152,115
2021-11-28,Imperial,025,180216,35348,34929,3485,38414,773
2021-11-28,Inyo,027,18085,2546,2531,38,2569,46
2021-11-28,Kern,029,883053,132379,131279,23627,154906,1789
2021-11-28,Kings,031,150075,33387,33057,2006,35063,364
2021-11-28,Lake,033,64148,6928,6885,153,7038,110
2021-11-28,Lassen,035,31185,7048,7002,407,7409,51
2021-11-28,Los Angeles,037,10098052,1469931,1458646,54700,1513346,26878
2021-11-28,Madera,039,155013,24297,24055,2258,26313,307
2021-11-28,Marin,041,260295,9688,17962,500,18462,249
2021-11-28,Mariposa,043,17540,1431,1406,60,1466,6
2021-11-28,Mendocino,045,87422,8073,7943,650,8593,89
2021-11-28,Merced,047,269075,43270,43166,2067,45233,667
2021-11-28,Modoc,049,8938,591,569,200,769,5
2021-11-28,Mono,051,14174,1886,1841,23,1864,4
2021-11-28,Monterey,053,433212,49719,48537,3118,51655,626
2021-11-28,Napa,055,140530,13340,13303,114,13417,104
2021-11-28,Nevada,057,99092,9791,9684,343,10027,105
2021-11-28,Orange,059,3164182,314686,312028,15880,327908,5693
2021-11-28,Placer,061,380077,38711,38240,3825,42065,470
2021-11-28,Plumas,063,18699,1946,1884,43,1927,7
2021-11-28,Riverside,065,2383286,374588,370051,16551,386602,5358
2021-11-28,Sacramento,067,1510023,164245,163170,4868,168038,2335
2021-11-28,San Benito,069,59416,7644,7623,178,7801,77
2021-11-28,San Bernardino,071,2135413,365672,362407,11558,373965,5958
2021-11-28,San Diego,073,3302833,386719,383025,22606,405631,4325
2021-11-28,San Francisco,075,870044,54739,54082,2384,56466,669
2021-11-28,San Joaquin,077,732212,102560,101895,5538,107433,1834
2021-11-28,San Luis Obispo,079,281455,30583,30152,1312,31464,358
2021-11-28,San Mateo,081,765935,55677,54567,933,55500,579
2021-11-28,Santa Barbara,083,443738,45889,45551,1580,47131,549
2021-11-28,Santa Clara,085,1922200,152012,150436,1511,151947,1920
2021-11-28,Santa Cruz,087,273765,21371,21110,1019,22129,224
2021-11-28,Shasta,089,179085,22477,22316,3677,25993,400
2021-11-28,Sierra,091,2930,197,195,21,216,0
2021-11-28,Siskiyou,093,43540,3448,3372,1327,4699,55
2021-11-28,Solano,095,438530,47078,46385,1325,47710,356
2021-11-28,Sonoma,097,501317,42935,42583,555,43138,405
2021-11-28,Stanislaus,099,539301,81014,81181,9112,90293,1223
2021-11-28,Sutter,101,95872,14211,14192,380,14572,186
2021-11-28,Tehama,103,63373,8793,8720,1517,10237,130
2021-11-28,Trinity,105,12862,895,797,219,1016,17
2021-11-28,Tulare,107,460477,70857,69833,15803,85636,1095
2021-11-28,Tuolumne,109,53932,7682,7620,113,7733,90
2021-11-28,Ventura,111,848112,100305,99486,4364,103850,1190
2021-11-28,Yolo,113,214977,20577,20333,1044,21377,257
2021-11-28,Yuba,115,75493,10436,10391,365,10756,89
2021-11-27,Alameda,001,1643700,122502,121618,2844,124462,1477
2021-11-27,Alpine,002,1148,105,106,0,106,0
2021-11-27,Amador,005,37829,5735,5670,67,5737,66
2021-11-27,Butte,007,227075,21734,21384,4044,25428,309
2021-11-27,Calaveras,009,45235,4377,4294,61,4355,85
2021-11-27,Colusa,011,21464,2614,2568,663,3231,19
2021-11-27,Contra Costa,013,1133247,101991,100961,2272,103233,1045
2021-11-27,Del Norte,015,27424,3763,3661,55,3716,42
2021-11-27,El Dorado,017,186661,16741,16399,1774,18173,161
2021-11-27,Fresno,019,978130,145651,143386,13097,156483,2246
2021-11-27,Glenn,021,27897,3587,3532,1036,4568,36
2021-11-27,Humboldt,023,135768,9573,9399,651,10050,115
2021-11-27,Imperial,025,180216,35265,34611,3469,38080,769
2021-11-27,Inyo,027,18085,2543,2506,38,2544,45
2021-11-27,Kern,029,883053,132294,130245,23598,153843,1773
2021-11-27,Kings,031,150075,33365,32891,2003,34894,358
2021-11-27,Lake,033,64148,6925,6836,152,6988,110
2021-11-27,Lassen,035,31185,7046,6959,406,7365,47
2021-11-27,Los Angeles,037,10098052,1468924,1454495,54633,1509128,26817
2021-11-27,Madera,039,155013,24276,23880,2253,26133,296
2021-11-27,Marin,041,260295,9649,17857,495,18352,248
2021-11-27,Mariposa,043,17540,1429,1374,60,1434,6
2021-11-27,Mendocino,045,87422,8054,7871,650,8521,89
2021-11-27,Merced,047,269075,43235,42921,2064,44985,664
2021-11-27,Modoc,049,8938,589,551,200,751,5
2021-11-27,Mono,051,14174,1884,1810,23,1833,4
2021-11-27,Monterey,053,433212,49686,48400,3104,51504,625
2021-11-27,Napa,055,140530,13326,13256,114,13370,104
2021-11-27,Nevada,057,99092,9769,9584,342,9926,103
2021-11-27,Orange,059,3164182,314435,310809,15843,326652,5665
2021-11-27,Placer,061,380077,38650,38001,3819,41820,468
2021-11-27,Plumas,063,18699,1942,1860,43,1903,7
2021-11-27,Riverside,065,2383286,374227,367601,16544,384145,5306
2021-11-27,Sacramento,067,1510023,164087,162328,4865,167193,2335
2021-11-27,San Benito,069,59416,7628,7575,178,7753,77
2021-11-27,San Bernardino,071,2135413,365237,360033,11549,371582,5932
2021-11-27,San Diego,073,3302833,386224,382634,22580,405214,4319
2021-11-27,San Francisco,075,870044,54688,53830,2381,56211,669
2021-11-27,San Joaquin,077,732212,102492,101368,5535,106903,1833
2021-11-27,San Luis Obispo,079,281455,30548,29983,1308,31291,358
2021-11-27,San Mateo,081,765935,55620,54360,930,55290,577
2021-11-27,Santa Barbara,083,443738,45835,45318,1578,46896,548
2021-11-27,Santa Clara,085,1922200,151805,149700,1504,151204,1922
2021-11-27,Santa Cruz,087,273765,21331,20929,1016,21945,222
2021-11-27,Shasta,089,179085,22454,22151,3676,25827,396
2021-11-27,Sierra,091,2930,196,194,21,215,0
2021-11-27,Siskiyou,093,43540,3445,3336,1325,4661,54
2021-11-27,Solano,095,438530,47042,46163,1322,47485,356
2021-11-27,Sonoma,097,501317,42872,42368,555,42923,405
2021-11-27,Stanislaus,099,539301,80945,80782,9095,89877,1220
2021-11-27,Sutter,101,95872,14203,14127,379,14506,181
2021-11-27,Tehama,103,63373,8791,8675,1516,10191,129
2021-11-27,Trinity,105,12862,895,789,219,1008,17
2021-11-27,Tulare,107,460477,70804,69377,15787,85164,1082
2021-11-27,Tuolumne,109,53932,7669,7574,113,7687,90
2021-11-27,Ventura,111,848112,100232,99163,4357,103520,1188
2021-11-27,Yolo,113,214977,20549,20237,1042,21279,257
2021-11-27,Yuba,115,75493,10425,10335,365,10700,88
2021-11-26,Alameda,001,1643700,122394,121618,2842,124460,1477
2021-11-26,Alpine,002,1148,105,106,0,106,0
2021-11-26,Amador,005,37829,5731,5670,67,5737,66
2021-11-26,Butte,007,227075,21710,21384,4039,25423,309
2021-11-26,Calaveras,009,45235,4368,4294,61,4355,85
2021-11-26,Colusa,011,21464,2612,2568,662,3230,19
2021-11-26,Contra Costa,013,1133247,101903,100961,2268,103229,1045
2021-11-26,Del Norte,015,27424,3760,3661,55,3716,42
2021-11-26,El Dorado,017,186661,16724,16399,1771,18170,161
2021-11-26,Fresno,019,978130,145518,143386,13087,156473,2246
2021-11-26,Glenn,021,27897,3584,3532,1036,4568,36
2021-11-26,Humboldt,023,135768,9554,9399,647,10046,115
2021-11-26,Imperial,025,180216,35208,34611,3456,38067,769
2021-11-26,Inyo,027,18085,2543,2506,38,2544,45
2021-11-26,Kern,029,883053,132211,130245,23554,153799,1773
2021-11-26,Kings,031,150075,33341,32891,2001,34892,358
2021-11-26,Lake,033,64148,6923,6836,152,6988,110
2021-11-26,Lassen,035,31185,7040,6959,406,7365,47
2021-11-26,Los Angeles,037,10098052,1468075,1454495,54572,1509067,26817
2021-11-26,Madera,039,155013,24249,23880,2251,26131,296
2021-11-26,Marin,041,260295,9620,17857,494,18351,248
2021-11-26,Mariposa,043,17540,1423,1374,59,1433,6
2021-11-26,Mendocino,045,87422,8044,7871,650,8521,89
2021-11-26,Merced,047,269075,43205,42921,2060,44981,664
2021-11-26,Modoc,049,8938,587,551,200,751,5
2021-11-26,Mono,051,14174,1873,1810,23,1833,4
2021-11-26,Monterey,053,433212,49643,48400,3097,51497,625
2021-11-26,Napa,055,140530,13310,13256,114,13370,104
2021-11-26,Nevada,057,99092,9757,9584,342,9926,103
2021-11-26,Orange,059,3164182,314166,310809,15811,326620,5665
2021-11-26,Placer,061,380077,38605,38001,3811,41812,468
2021-11-26,Plumas,063,18699,1937,1860,43,1903,7
2021-11-26,Riverside,065,2383286,373826,367601,16537,384138,5306
2021-11-26,Sacramento,067,1510023,163974,162328,4860,167188,2335
2021-11-26,San Benito,069,59416,7620,7575,178,7753,77
2021-11-26,San Bernardino,071,2135413,364804,360033,11542,371575,5932
2021-11-26,San Diego,073,3302833,385679,382634,22568,405202,4319
2021-11-26,San Francisco,075,870044,54640,53830,2379,56209,669
2021-11-26,San Joaquin,077,732212,102435,101368,5534,106902,1833
2021-11-26,San Luis Obispo,079,281455,30506,29983,1305,31288,358
2021-11-26,San Mateo,081,765935,55557,54360,929,55289,577
2021-11-26,Santa Barbara,083,443738,45788,45318,1577,46895,548
2021-11-26,Santa Clara,085,1922200,151635,149700,1496,151196,1922
2021-11-26,Santa Cruz,087,273765,21291,20929,1016,21945,222
2021-11-26,Shasta,089,179085,22434,22151,3674,25825,396
2021-11-26,Sierra,091,2930,196,194,21,215,0
2021-11-26,Siskiyou,093,43540,3442,3336,1324,4660,54
2021-11-26,Solano,095,438530,47000,46163,1321,47484,356
2021-11-26,Sonoma,097,501317,42822,42368,553,42921,405
2021-11-26,Stanislaus,099,539301,80872,80782,9084,89866,1220
2021-11-26,Sutter,101,95872,14190,14127,378,14505,181
2021-11-26,Tehama,103,63373,8789,8675,1515,10190,129
2021-11-26,Trinity,105,12862,894,789,219,1008,17
2021-11-26,Tulare,107,460477,70758,69377,15755,85132,1082
2021-11-26,Tuolumne,109,53932,7659,7574,113,7687,90
2021-11-26,Ventura,111,848112,100153,99163,4352,103515,1188
2021-11-26,Yolo,113,214977,20529,20237,1036,21273,257
2021-11-26,Yuba,115,75493,10419,10335,365,10700,88
2021-11-25,Alameda,001,1643700,122285,121618,2837,124455,1477
2021-11-25,Alpine,002,1148,105,106,0,106,0
2021-11-25,Amador,005,37829,5723,5670,67,5737,66
2021-11-25,Butte,007,227075,21692,21384,4037,25421,309
2021-11-25,Calaveras,009,45235,4363,4294,61,4355,85
2021-11-25,Colusa,011,21464,2609,2568,660,3228,19
2021-11-25,Contra Costa,013,1133247,101799,100961,2265,103226,1045
2021-11-25,Del Norte,015,27424,3755,3661,55,3716,42
2021-11-25,El Dorado,017,186661,16705,16399,1771,18170,161
2021-11-25,Fresno,019,978130,145385,143386,13078,156464,2246
2021-11-25,Glenn,021,27897,3581,3532,1035,4567,36
2021-11-25,Humboldt,023,135768,9535,9399,644,10043,115
2021-11-25,Imperial,025,180216,35163,34611,3445,38056,769
2021-11-25,Inyo,027,18085,2541,2506,38,2544,45
2021-11-25,Kern,029,883053,132113,130245,23508,153753,1773
2021-11-25,Kings,031,150075,33313,32891,2000,34891,358
2021-11-25,Lake,033,64148,6916,6836,152,6988,110
2021-11-25,Lassen,035,31185,7038,6959,405,7364,47
2021-11-25,Los Angeles,037,10098052,1467105,1454495,54515,1509010,26817
2021-11-25,Madera,039,155013,24213,23880,2250,26130,296
2021-11-25,Marin,041,260295,9593,17857,488,18345,248
2021-11-25,Mariposa,043,17540,1420,1374,59,1433,6
2021-11-25,Mendocino,045,87422,8026,7871,650,8521,89
2021-11-25,Merced,047,269075,43166,42921,2054,44975,664
2021-11-25,Modoc,049,8938,586,551,200,751,5
2021-11-25,Mono,051,14174,1862,1810,23,1833,4
2021-11-25,Monterey,053,433212,49599,48400,3088,51488,625
2021-11-25,Napa,055,140530,13302,13256,114,13370,104
2021-11-25,Nevada,057,99092,9738,9584,339,9923,103
2021-11-25,Orange,059,3164182,313903,310809,15780,326589,5665
2021-11-25,Placer,061,380077,38558,38001,3806,41807,468
2021-11-25,Plumas,063,18699,1935,1860,43,1903,7
2021-11-25,Riverside,065,2383286,373410,367601,16530,384131,5306
2021-11-25,Sacramento,067,1510023,163795,162328,4854,167182,2335
2021-11-25,San Benito,069,59416,7613,7575,178,7753,77
2021-11-25,San Bernardino,071,2135413,364405,360033,11525,371558,5932
2021-11-25,San Diego,073,3302833,385237,382634,22549,405183,4319
2021-11-25,San Francisco,075,870044,54591,53830,2376,56206,669
2021-11-25,San Joaquin,077,732212,102352,101368,5530,106898,1833
2021-11-25,San Luis Obispo,079,281455,30476,29983,1303,31286,358
2021-11-25,San Mateo,081,765935,55508,54360,927,55287,577
2021-11-25,Santa Barbara,083,443738,45749,45318,1575,46893,548
2021-11-25,Santa Clara,085,1922200,151477,149700,1491,151191,1922
2021-11-25,Santa Cruz,087,273765,21258,20929,1016,21945,222
2021-11-25,Shasta,089,179085,22408,22151,3674,25825,396
2021-11-25,Sierra,091,2930,196,194,21,215,0
2021-11-25,Siskiyou,093,43540,3439,3336,1324,4660,54
2021-11-25,Solano,095,438530,46963,46163,1320,47483,356
2021-11-25,Sonoma,097,501317,42765,42368,549,42917,405
2021-11-25,Stanislaus,099,539301,80805,80782,9070,89852,1220
2021-11-25,Sutter,101,95872,14174,14127,377,14504,181
2021-11-25,Tehama,103,63373,8781,8675,1515,10190,129
2021-11-25,Trinity,105,12862,894,789,219,1008,17
2021-11-25,Tulare,107,460477,70690,69377,15729,85106,1082
2021-11-25,Tuolumne,109,53932,7647,7574,113,7687,90
2021-11-25,Ventura,111,848112,100087,99163,4349,103512,1188
2021-11-25,Yolo,113,214977,20498,20237,1033,21270,257
2021-11-25,Yuba,115,75493,10410,10335,364,10699,88
2021-11-24,Alameda,001,1643700,122222,121618,2833,124451,1477
2021-11-24,Alpine,002,1148,105,106,0,106,0
2021-11-24,Amador,005,37829,5713,5670,67,5737,66
2021-11-24,Butte,007,227075,21676,21384,4036,25420,309
2021-11-24,Calaveras,009,45235,4356,4294,61,4355,85
2021-11-24,Colusa,011,21464,2609,2568,659,3227,19
2021-11-24,Contra Costa,013,1133247,101760,100961,2262,103223,1045
2021-11-24,Del Norte,015,27424,3752,3661,55,3716,42
2021-11-24,El Dorado,017,186661,16693,16399,1770,18169,161
2021-11-24,Fresno,019,978130,145329,143386,13076,156462,2246
2021-11-24,Glenn,021,27897,3576,3532,1034,4566,36
2021-11-24,Humboldt,023,135768,9520,9399,644,10043,115
2021-11-24,Imperial,025,180216,35134,34611,3439,38050,769
2021-11-24,Inyo,027,18085,2538,2506,38,2544,45
2021-11-24,Kern,029,883053,132051,130245,23496,153741,1773
2021-11-24,Kings,031,150075,33299,32891,1999,34890,358
2021-11-24,Lake,033,64148,6912,6836,152,6988,110
2021-11-24,Lassen,035,31185,7038,6959,405,7364,47
2021-11-24,Los Angeles,037,10098052,1466620,1454495,54473,1508968,26817
2021-11-24,Madera,039,155013,24190,23880,2244,26124,296
2021-11-24,Marin,041,260295,9581,17857,486,18343,248
2021-11-24,Mariposa,043,17540,1420,1374,59,1433,6
2021-11-24,Mendocino,045,87422,8014,7871,650,8521,89
2021-11-24,Merced,047,269075,43134,42921,2051,44972,664
2021-11-24,Modoc,049,8938,586,551,200,751,5
2021-11-24,Mono,051,14174,1859,1810,23,1833,4
2021-11-24,Monterey,053,433212,49586,48400,3087,51487,625
2021-11-24,Napa,055,140530,13297,13256,114,13370,104
2021-11-24,Nevada,057,99092,9723,9584,339,9923,103
2021-11-24,Orange,059,3164182,313747,310809,15765,326574,5665
2021-11-24,Placer,061,380077,38524,38001,3803,41804,468
2021-11-24,Plumas,063,18699,1933,1860,43,1903,7
2021-11-24,Riverside,065,2383286,373230,367601,16524,384125,5306
2021-11-24,Sacramento,067,1510023,163723,162328,4854,167182,2335
2021-11-24,San Benito,069,59416,7611,7575,178,7753,77
2021-11-24,San Bernardino,071,2135413,364193,360033,11515,371548,5932
2021-11-24,San Diego,073,3302833,384979,382634,22536,405170,4319
2021-11-24,San Francisco,075,870044,54560,53830,2374,56204,669
2021-11-24,San Joaquin,077,732212,102311,101368,5527,106895,1833
2021-11-24,San Luis Obispo,079,281455,30457,29983,1303,31286,358
2021-11-24,San Mateo,081,765935,55478,54360,926,55286,577
2021-11-24,Santa Barbara,083,443738,45722,45318,1575,46893,548
2021-11-24,Santa Clara,085,1922200,151381,149700,1490,151190,1922
2021-11-24,Santa Cruz,087,273765,21235,20929,1015,21944,222
2021-11-24,Shasta,089,179085,22397,22151,3671,25822,396
2021-11-24,Sierra,091,2930,196,194,21,215,0
2021-11-24,Siskiyou,093,43540,3436,3336,1324,4660,54
2021-11-24,Solano,095,438530,46935,46163,1318,47481,356
2021-11-24,Sonoma,097,501317,42733,42368,547,42915,405
2021-11-24,Stanislaus,099,539301,80768,80782,9065,89847,1220
2021-11-24,Sutter,101,95872,14161,14127,375,14502,181
2021-11-24,Tehama,103,63373,8778,8675,1514,10189,129
2021-11-24,Trinity,105,12862,894,789,219,1008,17
2021-11-24,Tulare,107,460477,70666,69377,15710,85087,1082
2021-11-24,Tuolumne,109,53932,7643,7574,113,7687,90
2021-11-24,Ventura,111,848112,100052,99163,4345,103508,1188
2021-11-24,Yolo,113,214977,20489,20237,1033,21270,257
2021-11-24,Yuba,115,75493,10406,10335,363,10698,88
2021-11-23,Alameda,001,1643700,122103,121618,2826,124444,1477
2021-11-23,Alpine,002,1148,105,106,0,106,0
2021-11-23,Amador,005,37829,5706,5670,67,5737,66
2021-11-23,Butte,007,227075,21647,21384,4032,25416,309
2021-11-23,Calaveras,009,45235,4350,4294,60,4354,85
2021-11-23,Colusa,011,21464,2605,2568,657,3225,19
2021-11-23,Contra Costa,013,1133247,101653,100961,2260,103221,1045
2021-11-23,Del Norte,015,27424,3749,3661,55,3716,42
2021-11-23,El Dorado,017,186661,16662,16399,1767,18166,161
2021-11-23,Fresno,019,978130,145190,143386,13067,156453,2246
2021-11-23,Glenn,021,27897,3571,3532,1034,4566,36
2021-11-23,Humboldt,023,135768,9498,9399,641,10040,115
2021-11-23,Imperial,025,180216,35065,34611,3420,38031,769
2021-11-23,Inyo,027,18085,2534,2506,38,2544,45
2021-11-23,Kern,029,883053,131942,130245,23447,153692,1773
2021-11-23,Kings,031,150075,33257,32891,1998,34889,358
2021-11-23,Lake,033,64148,6907,6836,152,6988,110
2021-11-23,Lassen,035,31185,7035,6959,402,7361,47
2021-11-23,Los Angeles,037,10098052,1465612,1454495,54406,1508901,26817
2021-11-23,Madera,039,155013,24164,23880,2242,26122,296
2021-11-23,Marin,041,260295,9552,17857,483,18340,248
2021-11-23,Mariposa,043,17540,1417,1374,59,1433,6
2021-11-23,Mendocino,045,87422,7993,7871,647,8518,89
2021-11-23,Merced,047,269075,43095,42921,2050,44971,664
2021-11-23,Modoc,049,8938,584,551,200,751,5
2021-11-23,Mono,051,14174,1845,1810,23,1833,4
2021-11-23,Monterey,053,433212,49550,48400,3081,51481,625
2021-11-23,Napa,055,140530,13289,13256,114,13370,104
2021-11-23,Nevada,057,99092,9694,9584,338,9922,103
2021-11-23,Orange,059,3164182,313497,310809,15729,326538,5665
2021-11-23,Placer,061,380077,38465,38001,3786,41787,468
2021-11-23,Plumas,063,18699,1929,1860,43,1903,7
2021-11-23,Riverside,065,2383286,372850,367601,16511,384112,5306
2021-11-23,Sacramento,067,1510023,163537,162328,4843,167171,2335
2021-11-23,San Benito,069,59416,7602,7575,176,7751,77
2021-11-23,San Bernardino,071,2135413,363776,360033,11500,371533,5932
2021-11-23,San Diego,073,3302833,384494,382634,22513,405147,4319
2021-11-23,San Francisco,075,870044,54500,53830,2372,56202,669
2021-11-23,San Joaquin,077,732212,102202,101368,5516,106884,1833
2021-11-23,San Luis Obispo,079,281455,30422,29983,1300,31283,358
2021-11-23,San Mateo,081,765935,55427,54360,925,55285,577
2021-11-23,Santa Barbara,083,443738,45670,45318,1575,46893,548
2021-11-23,Santa Clara,085,1922200,151169,149700,1478,151178,1922
2021-11-23,Santa Cruz,087,273765,21197,20929,1015,21944,222
2021-11-23,Shasta,089,179085,22361,22151,3669,25820,396
2021-11-23,Sierra,091,2930,196,194,21,215,0
2021-11-23,Siskiyou,093,43540,3431,3336,1323,4659,54
2021-11-23,Solano,095,438530,46881,46163,1314,47477,356
2021-11-23,Sonoma,097,501317,42682,42368,544,42912,405
2021-11-23,Stanislaus,099,539301,80698,80782,9053,89835,1220
2021-11-23,Sutter,101,95872,14145,14127,374,14501,181
2021-11-23,Tehama,103,63373,8765,8675,1513,10188,129
2021-11-23,Trinity,105,12862,893,789,219,1008,17
2021-11-23,Tulare,107,460477,70619,69377,15680,85057,1082
2021-11-23,Tuolumne,109,53932,7631,7574,112,7686,90
2021-11-23,Ventura,111,848112,99969,99163,4339,103502,1188
2021-11-23,Yolo,113,214977,20466,20237,1027,21264,257
2021-11-23,Yuba,115,75493,10394,10335,363,10698,88
2021-11-22,Alameda,001,1643700,121988,121566,2825,124391,1475
2021-11-22,Alpine,002,1148,105,106,0,106,0
2021-11-22,Amador,005,37829,5693,5670,67,5737,66
2021-11-22,Butte,007,227075,21608,21363,4027,25390,305
2021-11-22,Calaveras,009,45235,4338,4294,60,4354,84
2021-11-22,Colusa,011,21464,2602,2565,657,3222,19
2021-11-22,Contra Costa,013,1133247,101566,100877,2255,103132,1045
2021-11-22,Del Norte,015,27424,3746,3659,55,3714,42
2021-11-22,El Dorado,017,186661,16639,16378,1764,18142,161
2021-11-22,Fresno,019,978130,145057,143290,13059,156349,2243
2021-11-22,Glenn,021,27897,3566,3530,1033,4563,36
2021-11-22,Humboldt,023,135768,9472,9389,636,10025,115
2021-11-22,Imperial,025,180216,35004,34562,3406,37968,766
2021-11-22,Inyo,027,18085,2528,2501,38,2539,44
2021-11-22,Kern,029,883053,131781,130091,23398,153489,1762
2021-11-22,Kings,031,150075,33220,32867,1993,34860,358
2021-11-22,Lake,033,64148,6902,6837,152,6989,110
2021-11-22,Lassen,035,31185,7033,6954,401,7355,47
2021-11-22,Los Angeles,037,10098052,1464547,1453945,54324,1508269,26800
2021-11-22,Madera,039,155013,24130,23872,2234,26106,296
2021-11-22,Marin,041,260295,9520,17842,481,18323,248
2021-11-22,Mariposa,043,17540,1413,1372,59,1431,6
2021-11-22,Mendocino,045,87422,7977,7859,646,8505,89
2021-11-22,Merced,047,269075,43044,42898,2039,44937,660
2021-11-22,Modoc,049,8938,583,551,200,751,5
2021-11-22,Mono,051,14174,1838,1809,23,1832,4
2021-11-22,Monterey,053,433212,49522,48374,3077,51451,611
2021-11-22,Napa,055,140530,13280,13255,113,13368,104
2021-11-22,Nevada,057,99092,9676,9575,336,9911,96
2021-11-22,Orange,059,3164182,313255,310654,15703,326357,5663
2021-11-22,Placer,061,380077,38417,37956,3778,41734,465
2021-11-22,Plumas,063,18699,1926,1858,43,1901,7
2021-11-22,Riverside,065,2383286,372411,367301,16502,383803,5283
2021-11-22,Sacramento,067,1510023,163345,162222,4834,167056,2328
2021-11-22,San Benito,069,59416,7582,7567,176,7743,77
2021-11-22,San Bernardino,071,2135413,363358,359851,11489,371340,5916
2021-11-22,San Diego,073,3302833,384000,382132,22489,404621,4317
2021-11-22,San Francisco,075,870044,54408,53778,2366,56144,669
2021-11-22,San Joaquin,077,732212,102077,101299,5511,106810,1833
2021-11-22,San Luis Obispo,079,281455,30396,29963,1297,31260,358
2021-11-22,San Mateo,081,765935,55370,54330,923,55253,577
2021-11-22,Santa Barbara,083,443738,45594,45279,1575,46854,546
2021-11-22,Santa Clara,085,1922200,150985,149541,1468,151009,1919
2021-11-22,Santa Cruz,087,273765,21156,20891,1015,21906,222
2021-11-22,Shasta,089,179085,22347,22116,3664,25780,393
2021-11-22,Sierra,091,2930,196,193,21,214,0
2021-11-22,Siskiyou,093,43540,3426,3336,1321,4657,54
2021-11-22,Solano,095,438530,46832,46153,1312,47465,356
2021-11-22,Sonoma,097,501317,42621,42344,543,42887,404
2021-11-22,Stanislaus,099,539301,80611,80718,9043,89761,1209
2021-11-22,Sutter,101,95872,14129,14125,372,14497,181
2021-11-22,Tehama,103,63373,8758,8669,1508,10177,127
2021-11-22,Trinity,105,12862,892,785,219,1004,17
2021-11-22,Tulare,107,460477,70559,69314,15644,84958,1075
2021-11-22,Tuolumne,109,53932,7616,7567,112,7679,90
2021-11-22,Ventura,111,848112,99903,99114,4336,103450,1186
2021-11-22,Yolo,113,214977,20443,20227,1025,21252,257
2021-11-22,Yuba,115,75493,10385,10332,362,10694,88
2021-11-21,Alameda,001,1643700,121855,121443,2821,124264,1475
2021-11-21,Alpine,002,1148,103,106,0,106,0
2021-11-21,Amador,005,37829,5688,5662,66,5728,66
2021-11-21,Butte,007,227075,21566,21342,4022,25364,306
2021-11-21,Calaveras,009,45235,4329,4287,60,4347,84
2021-11-21,Colusa,011,21464,2598,2562,656,3218,19
2021-11-21,Contra Costa,013,1133247,101463,100807,2248,103055,1045
2021-11-21,Del Norte,015,27424,3742,3659,55,3714,42
2021-11-21,El Dorado,017,186661,16612,16370,1758,18128,161
2021-11-21,Fresno,019,978130,144885,143203,13037,156240,2242
2021-11-21,Glenn,021,27897,3561,3529,1033,4562,36
2021-11-21,Humboldt,023,135768,9450,9378,635,10013,115
2021-11-21,Imperial,025,180216,34917,34527,3396,37923,766
2021-11-21,Inyo,027,18085,2521,2501,38,2539,44
2021-11-21,Kern,029,883053,131617,130020,23352,153372,1762
2021-11-21,Kings,031,150075,33182,32843,1989,34832,356
2021-11-21,Lake,033,64148,6895,6834,152,6986,110
2021-11-21,Lassen,035,31185,7024,6953,401,7354,47
2021-11-21,Los Angeles,037,10098052,1463487,1453181,54269,1507450,26793
2021-11-21,Madera,039,155013,24105,23856,2229,26085,296
2021-11-21,Marin,041,260295,9491,17829,478,18307,248
2021-11-21,Mariposa,043,17540,1412,1371,58,1429,6
2021-11-21,Mendocino,045,87422,7971,7846,643,8489,89
2021-11-21,Merced,047,269075,42989,42881,2036,44917,660
2021-11-21,Modoc,049,8938,579,551,200,751,5
2021-11-21,Mono,051,14174,1828,1799,22,1821,4
2021-11-21,Monterey,053,433212,49476,48358,3068,51426,611
2021-11-21,Napa,055,140530,13268,13250,113,13363,104
2021-11-21,Nevada,057,99092,9651,9556,335,9891,96
2021-11-21,Orange,059,3164182,312997,310477,15672,326149,5663
2021-11-21,Placer,061,380077,38339,37929,3777,41706,465
2021-11-21,Plumas,063,18699,1921,1858,43,1901,7
2021-11-21,Riverside,065,2383286,371920,367093,16494,383587,5283
2021-11-21,Sacramento,067,1510023,163127,162087,4824,166911,2327
2021-11-21,San Benito,069,59416,7568,7563,175,7738,77
2021-11-21,San Bernardino,071,2135413,362862,359621,11454,371075,5912
2021-11-21,San Diego,073,3302833,383470,380747,22464,403211,4317
2021-11-21,San Francisco,075,870044,54339,53741,2361,56102,669
2021-11-21,San Joaquin,077,732212,101970,101264,5498,106762,1833
2021-11-21,San Luis Obispo,079,281455,30358,29948,1297,31245,358
2021-11-21,San Mateo,081,765935,55318,54290,921,55211,577
2021-11-21,Santa Barbara,083,443738,45533,45237,1572,46809,546
2021-11-21,Santa Clara,085,1922200,150779,149387,1449,150836,1918
2021-11-21,Santa Cruz,087,273765,21112,20866,1013,21879,222
2021-11-21,Shasta,089,179085,22315,22112,3662,25774,393
2021-11-21,Sierra,091,2930,196,193,21,214,0
2021-11-21,Siskiyou,093,43540,3421,3333,1320,4653,54
2021-11-21,Solano,095,438530,46776,46122,1305,47427,356
2021-11-21,Sonoma,097,501317,42561,42298,542,42840,404
2021-11-21,Stanislaus,099,539301,80516,80687,9028,89715,1209
2021-11-21,Sutter,101,95872,14115,14111,372,14483,181
2021-11-21,Tehama,103,63373,8752,8669,1507,10176,127
2021-11-21,Trinity,105,12862,890,784,217,1001,17
2021-11-21,Tulare,107,460477,70475,69285,15606,84891,1075
2021-11-21,Tuolumne,109,53932,7608,7560,111,7671,90
2021-11-21,Ventura,111,848112,99812,99081,4333,103414,1186
2021-11-21,Yolo,113,214977,20415,20209,1022,21231,257
2021-11-21,Yuba,115,75493,10376,10326,362,10688,88
2021-11-20,Alameda,001,1643700,121761,121059,2815,123874,1473
2021-11-20,Alpine,002,1148,103,105,0,105,0
2021-11-20,Amador,005,37829,5682,5652,65,5717,66
2021-11-20,Butte,007,227075,21551,21265,4018,25283,300
2021-11-20,Calaveras,009,45235,4319,4268,60,4328,84
2021-11-20,Colusa,011,21464,2597,2549,655,3204,19
2021-11-20,Contra Costa,013,1133247,101387,100491,2244,102735,1043
2021-11-20,Del Norte,015,27424,3739,3637,55,3692,42
2021-11-20,El Dorado,017,186661,16591,16308,1756,18064,161
2021-11-20,Fresno,019,978130,144816,142579,13028,155607,2233
2021-11-20,Glenn,021,27897,3560,3526,1032,4558,35
2021-11-20,Humboldt,023,135768,9437,9302,633,9935,115
2021-11-20,Imperial,025,180216,34865,34312,3390,37702,766
2021-11-20,Inyo,027,18085,2520,2467,38,2505,44
2021-11-20,Kern,029,883053,131516,129488,23315,152803,1750
2021-11-20,Kings,031,150075,33172,32720,1989,34709,354
2021-11-20,Lake,033,64148,6892,6808,152,6960,110
2021-11-20,Lassen,035,31185,7023,6931,401,7332,47
2021-11-20,Los Angeles,037,10098052,1462867,1448963,54221,1503184,26741
2021-11-20,Madera,039,155013,24091,23720,2225,25945,296
2021-11-20,Marin,041,260295,9476,17774,478,18252,248
2021-11-20,Mariposa,043,17540,1411,1354,58,1412,6
2021-11-20,Mendocino,045,87422,7963,7773,643,8416,89
2021-11-20,Merced,047,269075,42963,42692,2036,44728,656
2021-11-20,Modoc,049,8938,578,550,200,750,5
2021-11-20,Mono,051,14174,1822,1767,22,1789,4
2021-11-20,Monterey,053,433212,49463,48260,3063,51323,609
2021-11-20,Napa,055,140530,13265,13184,113,13297,103
2021-11-20,Nevada,057,99092,9635,9480,335,9815,92
2021-11-20,Orange,059,3164182,312797,309672,15655,325327,5658
2021-11-20,Placer,061,380077,38297,37800,3772,41572,462
2021-11-20,Plumas,063,18699,1917,1841,43,1884,7
2021-11-20,Riverside,065,2383286,371646,365809,16482,382291,5265
2021-11-20,Sacramento,067,1510023,163023,161533,4820,166353,2316
2021-11-20,San Benito,069,59416,7564,7533,175,7708,77
2021-11-20,San Bernardino,071,2135413,362582,358322,11443,369765,5897
2021-11-20,San Diego,073,3302833,383144,380147,22438,402585,4311
2021-11-20,San Francisco,075,870044,54298,53525,2360,55885,669
2021-11-20,San Joaquin,077,732212,101920,100922,5493,106415,1832
2021-11-20,San Luis Obispo,079,281455,30344,29815,1296,31111,355
2021-11-20,San Mateo,081,765935,55284,54132,920,55052,577
2021-11-20,Santa Barbara,083,443738,45501,45074,1572,46646,544
2021-11-20,Santa Clara,085,1922200,150672,148829,1448,150277,1917
2021-11-20,Santa Cruz,087,273765,21094,20756,1013,21769,222
2021-11-20,Shasta,089,179085,22291,21968,3661,25629,383
2021-11-20,Sierra,091,2930,196,191,21,212,0
2021-11-20,Siskiyou,093,43540,3418,3313,1320,4633,54
2021-11-20,Solano,095,438530,46755,46006,1305,47311,356
2021-11-20,Sonoma,097,501317,42530,42151,542,42693,403
2021-11-20,Stanislaus,099,539301,80470,80412,9024,89436,1205
2021-11-20,Sutter,101,95872,14108,14074,372,14446,181
2021-11-20,Tehama,103,63373,8747,8648,1507,10155,125
2021-11-20,Trinity,105,12862,886,771,217,988,17
2021-11-20,Tulare,107,460477,70436,69074,15585,84659,1054
2021-11-20,Tuolumne,109,53932,7600,7511,111,7622,90
2021-11-20,Ventura,111,848112,99763,98893,4326,103219,1186
2021-11-20,Yolo,113,214977,20406,20139,1019,21158,257
2021-11-20,Yuba,115,75493,10370,10290,361,10651,88
2021-11-19,Alameda,001,1643700,121686,121059,2812,123871,1473
2021-11-19,Alpine,002,1148,103,105,0,105,0
2021-11-19,Amador,005,37829,5672,5652,65,5717,66
2021-11-19,Butte,007,227075,21528,21265,4011,25276,300
2021-11-19,Calaveras,009,45235,4312,4268,60,4328,84
2021-11-19,Colusa,011,21464,2595,2549,654,3203,19
2021-11-19,Contra Costa,013,1133247,101329,100491,2239,102730,1043
2021-11-19,Del Norte,015,27424,3734,3637,55,3692,42
2021-11-19,El Dorado,017,186661,16569,16308,1754,18062,161
2021-11-19,Fresno,019,978130,144698,142579,13019,155598,2233
2021-11-19,Glenn,021,27897,3559,3526,1031,4557,35
2021-11-19,Humboldt,023,135768,9425,9302,630,9932,115
2021-11-19,Imperial,025,180216,34827,34312,3383,37695,766
2021-11-19,Inyo,027,18085,2516,2467,38,2505,44
2021-11-19,Kern,029,883053,131413,129488,23272,152760,1750
2021-11-19,Kings,031,150075,33147,32720,1987,34707,354
2021-11-19,Lake,033,64148,6889,6808,152,6960,110
2021-11-19,Lassen,035,31185,7018,6931,400,7331,47
2021-11-19,Los Angeles,037,10098052,1462179,1448963,54168,1503131,26741
2021-11-19,Madera,039,155013,24070,23720,2220,25940,296
2021-11-19,Marin,041,260295,9458,17774,476,18250,248
2021-11-19,Mariposa,043,17540,1409,1354,58,1412,6
2021-11-19,Mendocino,045,87422,7943,7773,643,8416,89
2021-11-19,Merced,047,269075,42937,42692,2035,44727,656
2021-11-19,Modoc,049,8938,577,550,200,750,5
2021-11-19,Mono,051,14174,1811,1767,22,1789,4
2021-11-19,Monterey,053,433212,49441,48260,3063,51323,609
2021-11-19,Napa,055,140530,13254,13184,112,13296,103
2021-11-19,Nevada,057,99092,9622,9480,335,9815,92
2021-11-19,Orange,059,3164182,312643,309672,15630,325302,5658
2021-11-19,Placer,061,380077,38260,37800,3768,41568,462
2021-11-19,Plumas,063,18699,1913,1841,43,1884,7
2021-11-19,Riverside,065,2383286,371372,365809,16478,382287,5265
2021-11-19,Sacramento,067,1510023,162898,161533,4816,166349,2316
2021-11-19,San Benito,069,59416,7558,7533,173,7706,77
2021-11-19,San Bernardino,071,2135413,362259,358322,11434,369756,5897
2021-11-19,San Diego,073,3302833,382753,380147,22412,402559,4311
2021-11-19,San Francisco,075,870044,54260,53525,2360,55885,669
2021-11-19,San Joaquin,077,732212,101863,100922,5489,106411,1832
2021-11-19,San Luis Obispo,079,281455,30326,29815,1294,31109,355
2021-11-19,San Mateo,081,765935,55236,54132,916,55048,577
2021-11-19,Santa Barbara,083,443738,45464,45074,1572,46646,544
2021-11-19,Santa Clara,085,1922200,150524,148829,1445,150274,1917
2021-11-19,Santa Cruz,087,273765,21067,20756,1010,21766,222
2021-11-19,Shasta,089,179085,22279,21968,3660,25628,383
2021-11-19,Sierra,091,2930,196,191,21,212,0
2021-11-19,Siskiyou,093,43540,3415,3313,1320,4633,54
2021-11-19,Solano,095,438530,46724,46006,1301,47307,356
2021-11-19,Sonoma,097,501317,42497,42151,539,42690,403
2021-11-19,Stanislaus,099,539301,80412,80412,9015,89427,1205
2021-11-19,Sutter,101,95872,14106,14074,372,14446,181
2021-11-19,Tehama,103,63373,8744,8648,1507,10155,125
2021-11-19,Trinity,105,12862,884,771,217,988,17
2021-11-19,Tulare,107,460477,70395,69074,15559,84633,1054
2021-11-19,Tuolumne,109,53932,7589,7511,111,7622,90
2021-11-19,Ventura,111,848112,99699,98893,4323,103216,1186
2021-11-19,Yolo,113,214977,20394,20139,1018,21157,257
2021-11-19,Yuba,115,75493,10367,10290,361,10651,88
2021-11-18,Alameda,001,1643700,121561,121059,2805,123864,1473
2021-11-18,Alpine,002,1148,103,105,0,105,0
2021-11-18,Amador,005,37829,5670,5652,65,5717,66
2021-11-18,Butte,007,227075,21511,21265,4004,25269,300
2021-11-18,Calaveras,009,45235,4305,4268,59,4327,84
2021-11-18,Colusa,011,21464,2587,2549,654,3203,19
2021-11-18,Contra Costa,013,1133247,101227,100491,2231,102722,1043
2021-11-18,Del Norte,015,27424,3731,3637,55,3692,42
2021-11-18,El Dorado,017,186661,16548,16308,1751,18059,161
2021-11-18,Fresno,019,978130,144557,142579,13009,155588,2233
2021-11-18,Glenn,021,27897,3558,3526,1030,4556,35
2021-11-18,Humboldt,023,135768,9408,9302,625,9927,115
2021-11-18,Imperial,025,180216,34772,34312,3367,37679,766
2021-11-18,Inyo,027,18085,2508,2467,38,2505,44
2021-11-18,Kern,029,883053,131265,129488,23225,152713,1750
2021-11-18,Kings,031,150075,33110,32720,1984,34704,354
2021-11-18,Lake,033,64148,6884,6808,152,6960,110
2021-11-18,Lassen,035,31185,7015,6931,395,7326,47
2021-11-18,Los Angeles,037,10098052,1461191,1448963,54108,1503071,26741
2021-11-18,Madera,039,155013,24045,23720,2216,25936,296
2021-11-18,Marin,041,260295,9441,17774,472,18246,248
2021-11-18,Mariposa,043,17540,1406,1354,58,1412,6
2021-11-18,Mendocino,045,87422,7921,7773,634,8407,89
2021-11-18,Merced,047,269075,42880,42692,2033,44725,656
2021-11-18,Modoc,049,8938,565,550,200,750,5
2021-11-18,Mono,051,14174,1803,1767,22,1789,4
2021-11-18,Monterey,053,433212,49416,48260,3058,51318,609
2021-11-18,Napa,055,140530,13242,13184,111,13295,103
2021-11-18,Nevada,057,99092,9598,9480,335,9815,92
2021-11-18,Orange,059,3164182,312404,309672,15610,325282,5658
2021-11-18,Placer,061,380077,38218,37800,3757,41557,462
2021-11-18,Plumas,063,18699,1912,1841,43,1884,7
2021-11-18,Riverside,065,2383286,370995,365809,16465,382274,5265
2021-11-18,Sacramento,067,1510023,162670,161533,4801,166334,2316
2021-11-18,San Benito,069,59416,7548,7533,173,7706,77
2021-11-18,San Bernardino,071,2135413,361826,358322,11415,369737,5897
2021-11-18,San Diego,073,3302833,382256,380147,22395,402542,4311
2021-11-18,San Francisco,075,870044,54208,53525,2356,55881,669
2021-11-18,San Joaquin,077,732212,101768,100922,5481,106403,1832
2021-11-18,San Luis Obispo,079,281455,30296,29815,1293,31108,355
2021-11-18,San Mateo,081,765935,55177,54132,913,55045,577
2021-11-18,Santa Barbara,083,443738,45418,45074,1565,46639,544
2021-11-18,Santa Clara,085,1922200,150333,148829,1437,150266,1917
2021-11-18,Santa Cruz,087,273765,21016,20756,1009,21765,222
2021-11-18,Shasta,089,179085,22243,21968,3655,25623,383
2021-11-18,Sierra,091,2930,195,191,21,212,0
2021-11-18,Siskiyou,093,43540,3415,3313,1316,4629,54
2021-11-18,Solano,095,438530,46681,46006,1299,47305,356
2021-11-18,Sonoma,097,501317,42448,42151,537,42688,403
2021-11-18,Stanislaus,099,539301,80345,80412,9007,89419,1205
2021-11-18,Sutter,101,95872,14095,14074,371,14445,181
2021-11-18,Tehama,103,63373,8739,8648,1507,10155,125
2021-11-18,Trinity,105,12862,883,771,217,988,17
2021-11-18,Tulare,107,460477,70322,69074,15515,84589,1054
2021-11-18,Tuolumne,109,53932,7579,7511,111,7622,90
2021-11-18,Ventura,111,848112,99621,98893,4319,103212,1186
2021-11-18,Yolo,113,214977,20377,20139,1014,21153,257
2021-11-18,Yuba,115,75493,10361,10290,361,10651,88
2021-11-17,Alameda,001,1643700,121439,120913,2804,123717,1472
2021-11-17,Alpine,002,1148,103,105,0,105,0
2021-11-17,Amador,005,37829,5664,5646,65,5711,66
2021-11-17,Butte,007,227075,21485,21230,4001,25231,300
2021-11-17,Calaveras,009,45235,4298,4259,59,4318,84
2021-11-17,Colusa,011,21464,2584,2546,653,3199,19
2021-11-17,Contra Costa,013,1133247,101135,100387,2227,102614,1039
2021-11-17,Del Norte,015,27424,3728,3630,55,3685,42
2021-11-17,El Dorado,017,186661,16528,16269,1750,18019,161
2021-11-17,Fresno,019,978130,144371,142366,12995,155361,2230
2021-11-17,Glenn,021,27897,3556,3527,1028,4555,34
2021-11-17,Humboldt,023,135768,9397,9270,622,9892,115
2021-11-17,Imperial,025,180216,34716,34256,3346,37602,766
2021-11-17,Inyo,027,18085,2502,2457,38,2495,44
2021-11-17,Kern,029,883053,131092,129307,23183,152490,1743
2021-11-17,Kings,031,150075,33083,32669,1980,34649,352
2021-11-17,Lake,033,64148,6880,6795,151,6946,110
2021-11-17,Lassen,035,31185,7013,6918,395,7313,47
2021-11-17,Los Angeles,037,10098052,1460094,1447947,54041,1501988,26721
2021-11-17,Madera,039,155013,24012,23673,2214,25887,287
2021-11-17,Marin,041,260295,9421,17757,470,18227,248
2021-11-17,Mariposa,043,17540,1402,1353,58,1411,6
2021-11-17,Mendocino,045,87422,7913,7735,633,8368,89
2021-11-17,Merced,047,269075,42821,42612,2028,44640,654
2021-11-17,Modoc,049,8938,561,540,200,740,5
2021-11-17,Mono,051,14174,1799,1765,22,1787,5
2021-11-17,Monterey,053,433212,49368,48221,3047,51268,609
2021-11-17,Napa,055,140530,13220,13167,111,13278,103
2021-11-17,Nevada,057,99092,9585,9447,335,9782,92
2021-11-17,Orange,059,3164182,312158,309396,15576,324972,5651
2021-11-17,Placer,061,380077,38169,37725,3749,41474,460
2021-11-17,Plumas,063,18699,1907,1833,43,1876,7
2021-11-17,Riverside,065,2383286,370583,365406,16452,381858,5229
2021-11-17,Sacramento,067,1510023,162501,161269,4794,166063,2302
2021-11-17,San Benito,069,59416,7541,7524,173,7697,77
2021-11-17,San Bernardino,071,2135413,361460,357947,11398,369345,5893
2021-11-17,San Diego,073,3302833,381765,379769,22369,402138,4301
2021-11-17,San Francisco,075,870044,54153,53469,2353,55822,667
2021-11-17,San Joaquin,077,732212,101666,100764,5476,106240,1828
2021-11-17,San Luis Obispo,079,281455,30270,29731,1290,31021,354
2021-11-17,San Mateo,081,765935,55109,54092,910,55002,577
2021-11-17,Santa Barbara,083,443738,45379,45000,1565,46565,542
2021-11-17,Santa Clara,085,1922200,150169,148626,1429,150055,1915
2021-11-17,Santa Cruz,087,273765,20981,20700,1009,21709,222
2021-11-17,Shasta,089,179085,22210,21883,3653,25536,382
2021-11-17,Sierra,091,2930,194,189,21,210,0
2021-11-17,Siskiyou,093,43540,3411,3307,1313,4620,54
2021-11-17,Solano,095,438530,46648,45948,1298,47246,353
2021-11-17,Sonoma,097,501317,42402,42093,534,42627,403
2021-11-17,Stanislaus,099,539301,80256,80276,8997,89273,1199
2021-11-17,Sutter,101,95872,14081,14064,369,14433,181
2021-11-17,Tehama,103,63373,8729,8633,1504,10137,125
2021-11-17,Trinity,105,12862,882,765,217,982,17
2021-11-17,Tulare,107,460477,70251,68977,15488,84465,1047
2021-11-17,Tuolumne,109,53932,7562,7485,111,7596,90
2021-11-17,Ventura,111,848112,99559,98812,4313,103125,1183
2021-11-17,Yolo,113,214977,20358,20100,1012,21112,257
2021-11-17,Yuba,115,75493,10349,10275,357,10632,88
2021-11-16,Alameda,001,1643700,121331,120809,2800,123609,1467
2021-11-16,Alpine,002,1148,103,105,0,105,0
2021-11-16,Amador,005,37829,5658,5644,65,5709,66
2021-11-16,Butte,007,227075,21459,21208,3996,25204,297
2021-11-16,Calaveras,009,45235,4289,4249,59,4308,83
2021-11-16,Colusa,011,21464,2578,2538,653,3191,19
2021-11-16,Contra Costa,013,1133247,101015,100320,2224,102544,1038
2021-11-16,Del Norte,015,27424,3722,3630,55,3685,42
2021-11-16,El Dorado,017,186661,16502,16248,1748,17996,159
2021-11-16,Fresno,019,978130,144184,142200,12973,155173,2218
2021-11-16,Glenn,021,27897,3555,3527,1025,4552,34
2021-11-16,Humboldt,023,135768,9377,9252,618,9870,115
2021-11-16,Imperial,025,180216,34633,34177,3332,37509,766
2021-11-16,Inyo,027,18085,2495,2449,38,2487,42
2021-11-16,Kern,029,883053,130932,129136,23122,152258,1735
2021-11-16,Kings,031,150075,33030,32614,1973,34587,350
2021-11-16,Lake,033,64148,6875,6789,151,6940,110
2021-11-16,Lassen,035,31185,7003,6915,395,7310,47
2021-11-16,Los Angeles,037,10098052,1458925,1446815,53970,1500785,26703
2021-11-16,Madera,039,155013,23974,23642,2208,25850,287
2021-11-16,Marin,041,260295,9402,17736,469,18205,248
2021-11-16,Mariposa,043,17540,1394,1349,57,1406,6
2021-11-16,Mendocino,045,87422,7872,7723,629,8352,89
2021-11-16,Merced,047,269075,42784,42578,2021,44599,653
2021-11-16,Modoc,049,8938,560,539,199,738,5
2021-11-16,Mono,051,14174,1790,1767,22,1789,4
2021-11-16,Monterey,053,433212,49338,48195,3033,51228,609
2021-11-16,Napa,055,140530,13209,13151,111,13262,103
2021-11-16,Nevada,057,99092,9568,9435,334,9769,92
2021-11-16,Orange,059,3164182,311891,309170,15542,324712,5651
2021-11-16,Placer,061,380077,38127,37676,3743,41419,459
2021-11-16,Plumas,063,18699,1898,1832,43,1875,7
2021-11-16,Riverside,065,2383286,370162,365078,16430,381508,5208
2021-11-16,Sacramento,067,1510023,162321,161102,4782,165884,2299
2021-11-16,San Benito,069,59416,7527,7513,173,7686,77
2021-11-16,San Bernardino,071,2135413,361034,357528,11345,368873,5901
2021-11-16,San Diego,073,3302833,381210,379435,22342,401777,4287
2021-11-16,San Francisco,075,870044,54080,53415,2345,55760,667
2021-11-16,San Joaquin,077,732212,101526,100637,5461,106098,1807
2021-11-16,San Luis Obispo,079,281455,30238,29703,1287,30990,356
2021-11-16,San Mateo,081,765935,55046,54034,908,54942,577
2021-11-16,Santa Barbara,083,443738,45311,44932,1562,46494,539
2021-11-16,Santa Clara,085,1922200,149986,148452,1417,149869,1916
2021-11-16,Santa Cruz,087,273765,20936,20684,1007,21691,222
2021-11-16,Shasta,089,179085,22171,21853,3649,25502,379
2021-11-16,Sierra,091,2930,194,189,21,210,0
2021-11-16,Siskiyou,093,43540,3408,3304,1311,4615,54
2021-11-16,Solano,095,438530,46608,45908,1297,47205,351
2021-11-16,Sonoma,097,501317,42353,42056,533,42589,401
2021-11-16,Stanislaus,099,539301,80159,80214,8974,89188,1196
2021-11-16,Sutter,101,95872,14069,14058,368,14426,181
2021-11-16,Tehama,103,63373,8722,8621,1497,10118,125
2021-11-16,Trinity,105,12862,882,762,216,978,17
2021-11-16,Tulare,107,460477,70171,68881,15453,84334,1039
2021-11-16,Tuolumne,109,53932,7552,7478,111,7589,90
2021-11-16,Ventura,111,848112,99485,98731,4310,103041,1183
2021-11-16,Yolo,113,214977,20320,20077,1009,21086,257
2021-11-16,Yuba,115,75493,10341,10262,355,10617,85
2021-11-15,Alameda,001,1643700,121173,120731,2796,123527,1464
2021-11-15,Alpine,002,1148,103,105,0,105,0
2021-11-15,Amador,005,37829,5653,5637,65,5702,66
2021-11-15,Butte,007,227075,21435,21182,3991,25173,296
2021-11-15,Calaveras,009,45235,4274,4237,59,4296,83
2021-11-15,Colusa,011,21464,2571,2535,650,3185,19
2021-11-15,Contra Costa,013,1133247,100908,100251,2221,102472,1038
2021-11-15,Del Norte,015,27424,3717,3630,54,3684,42
2021-11-15,El Dorado,017,186661,16478,16236,1744,17980,159
2021-11-15,Fresno,019,978130,143962,142015,12951,154966,2210
2021-11-15,Glenn,021,27897,3553,3526,1025,4551,34
2021-11-15,Humboldt,023,135768,9355,9230,610,9840,115
2021-11-15,Imperial,025,180216,34560,34130,3316,37446,766
2021-11-15,Inyo,027,18085,2490,2442,38,2480,42
2021-11-15,Kern,029,883053,130723,128928,23053,151981,1730
2021-11-15,Kings,031,150075,32996,32584,1968,34552,348
2021-11-15,Lake,033,64148,6871,6784,151,6935,109
2021-11-15,Lassen,035,31185,6992,6915,393,7308,47
2021-11-15,Los Angeles,037,10098052,1457737,1446114,53908,1500022,26677
2021-11-15,Madera,039,155013,23936,23605,2197,25802,287
2021-11-15,Marin,041,260295,9385,17723,468,18191,248
2021-11-15,Mariposa,043,17540,1393,1347,55,1402,6
2021-11-15,Mendocino,045,87422,7851,7694,623,8317,89
2021-11-15,Merced,047,269075,42727,42552,2010,44562,648
2021-11-15,Modoc,049,8938,559,538,198,736,5
2021-11-15,Mono,051,14174,1785,1763,22,1785,4
2021-11-15,Monterey,053,433212,49306,48154,3027,51181,609
2021-11-15,Napa,055,140530,13201,13143,111,13254,103
2021-11-15,Nevada,057,99092,9539,9420,333,9753,92
2021-11-15,Orange,059,3164182,311611,308859,15518,324377,5646
2021-11-15,Placer,061,380077,38064,37610,3739,41349,452
2021-11-15,Plumas,063,18699,1891,1829,43,1872,7
2021-11-15,Riverside,065,2383286,369715,364750,16411,381161,5199
2021-11-15,Sacramento,067,1510023,162100,160937,4770,165707,2293
2021-11-15,San Benito,069,59416,7522,7511,172,7683,77
2021-11-15,San Bernardino,071,2135413,360606,357306,11326,368632,5898
2021-11-15,San Diego,073,3302833,380673,378845,22317,401162,4284
2021-11-15,San Francisco,075,870044,54013,53374,2342,55716,667
2021-11-15,San Joaquin,077,732212,101372,100587,5450,106037,1799
2021-11-15,San Luis Obispo,079,281455,30195,29669,1275,30944,351
2021-11-15,San Mateo,081,765935,54993,54010,906,54916,576
2021-11-15,Santa Barbara,083,443738,45256,44879,1556,46435,539
2021-11-15,Santa Clara,085,1922200,149769,148313,1410,149723,1914
2021-11-15,Santa Cruz,087,273765,20894,20630,1006,21636,223
2021-11-15,Shasta,089,179085,22125,21779,3644,25423,374
2021-11-15,Sierra,091,2930,194,189,21,210,0
2021-11-15,Siskiyou,093,43540,3401,3302,1309,4611,54
2021-11-15,Solano,095,438530,46570,45885,1292,47177,351
2021-11-15,Sonoma,097,501317,42302,42021,532,42553,401
2021-11-15,Stanislaus,099,539301,80074,80129,8960,89089,1174
2021-11-15,Sutter,101,95872,14056,14043,367,14410,181
2021-11-15,Tehama,103,63373,8716,8615,1496,10111,125
2021-11-15,Trinity,105,12862,880,757,214,971,17
2021-11-15,Tulare,107,460477,70085,68826,15409,84235,1039
2021-11-15,Tuolumne,109,53932,7541,7461,111,7572,90
2021-11-15,Ventura,111,848112,99401,98605,4305,102910,1183
2021-11-15,Yolo,113,214977,20289,20065,1005,21070,255
2021-11-15,Yuba,115,75493,10322,10254,351,10605,85
2021-11-14,Alameda,001,1643700,120999,120629,2792,123421,1461
2021-11-14,Alpine,002,1148,102,105,0,105,0
2021-11-14,Amador,005,37829,5646,5632,64,5696,66
2021-11-14,Butte,007,227075,21403,21146,3982,25128,296
2021-11-14,Calaveras,009,45235,4263,4222,59,4281,83
2021-11-14,Colusa,011,21464,2569,2532,647,3179,19
2021-11-14,Contra Costa,013,1133247,100799,100188,2219,102407,1038
2021-11-14,Del Norte,015,27424,3714,3629,54,3683,42
2021-11-14,El Dorado,017,186661,16436,16212,1739,17951,159
2021-11-14,Fresno,019,978130,143679,141869,12916,154785,2209
2021-11-14,Glenn,021,27897,3551,3521,1025,4546,34
2021-11-14,Humboldt,023,135768,9324,9215,600,9815,115
2021-11-14,Imperial,025,180216,34457,34078,3301,37379,766
2021-11-14,Inyo,027,18085,2478,2441,38,2479,42
2021-11-14,Kern,029,883053,130483,128842,22983,151825,1730
2021-11-14,Kings,031,150075,32939,32545,1961,34506,349
2021-11-14,Lake,033,64148,6863,6777,151,6928,109
2021-11-14,Lassen,035,31185,6982,6911,392,7303,47
2021-11-14,Los Angeles,037,10098052,1456373,1445284,53833,1499117,26667
2021-11-14,Madera,039,155013,23886,23566,2188,25754,287
2021-11-14,Marin,041,260295,9370,17712,468,18180,247
2021-11-14,Mariposa,043,17540,1383,1337,51,1388,6
2021-11-14,Mendocino,045,87422,7818,7684,618,8302,89
2021-11-14,Merced,047,269075,42637,42513,2004,44517,648
2021-11-14,Modoc,049,8938,557,538,198,736,5
2021-11-14,Mono,051,14174,1773,1760,22,1782,4
2021-11-14,Monterey,053,433212,49251,48135,3009,51144,609
2021-11-14,Napa,055,140530,13183,13132,111,13243,103
2021-11-14,Nevada,057,99092,9511,9408,333,9741,92
2021-11-14,Orange,059,3164182,311294,308699,15497,324196,5646
2021-11-14,Placer,061,380077,37984,37569,3730,41299,452
2021-11-14,Plumas,063,18699,1888,1829,42,1871,7
2021-11-14,Riverside,065,2383286,369217,364490,16394,380884,5199
2021-11-14,Sacramento,067,1510023,161865,160761,4753,165514,2295
2021-11-14,San Benito,069,59416,7511,7507,171,7678,77
2021-11-14,San Bernardino,071,2135413,360023,357014,11309,368323,5897
2021-11-14,San Diego,073,3302833,380074,377633,22286,399919,4280
2021-11-14,San Francisco,075,870044,53937,53338,2337,55675,667
2021-11-14,San Joaquin,077,732212,101244,100518,5445,105963,1799
2021-11-14,San Luis Obispo,079,281455,30113,29645,1272,30917,352
2021-11-14,San Mateo,081,765935,54940,53978,904,54882,576
2021-11-14,Santa Barbara,083,443738,45176,44842,1553,46395,539
2021-11-14,Santa Clara,085,1922200,149569,148152,1403,149555,1913
2021-11-14,Santa Cruz,087,273765,20840,20609,1004,21613,223
2021-11-14,Shasta,089,179085,22073,21771,3631,25402,373
2021-11-14,Sierra,091,2930,194,189,21,210,0
2021-11-14,Siskiyou,093,43540,3392,3302,1308,4610,54
2021-11-14,Solano,095,438530,46515,45860,1285,47145,351
2021-11-14,Sonoma,097,501317,42236,41974,530,42504,401
2021-11-14,Stanislaus,099,539301,79939,80076,8942,89018,1174
2021-11-14,Sutter,101,95872,14039,14031,363,14394,181
2021-11-14,Tehama,103,63373,8706,8607,1494,10101,125
2021-11-14,Trinity,105,12862,877,754,212,966,17
2021-11-14,Tulare,107,460477,69966,68772,15350,84122,1037
2021-11-14,Tuolumne,109,53932,7523,7439,110,7549,90
2021-11-14,Ventura,111,848112,99287,98550,4304,102854,1183
2021-11-14,Yolo,113,214977,20261,20040,1000,21040,255
2021-11-14,Yuba,115,75493,10315,10238,350,10588,85
2021-11-13,Alameda,001,1643700,120930,120407,2791,123198,1454
2021-11-13,Alpine,002,1148,102,105,0,105,0
2021-11-13,Amador,005,37829,5645,5614,64,5678,66
2021-11-13,Butte,007,227075,21382,21104,3979,25083,296
2021-11-13,Calaveras,009,45235,4252,4203,59,4262,83
2021-11-13,Colusa,011,21464,2567,2522,647,3169,19
2021-11-13,Contra Costa,013,1133247,100727,100004,2213,102217,1028
2021-11-13,Del Norte,015,27424,3714,3629,54,3683,42
2021-11-13,El Dorado,017,186661,16423,16163,1736,17899,159
2021-11-13,Fresno,019,978130,143572,141452,12902,154354,2205
2021-11-13,Glenn,021,27897,3551,3514,1024,4538,34
2021-11-13,Humboldt,023,135768,9309,9177,595,9772,115
2021-11-13,Imperial,025,180216,34407,33990,3284,37274,766
2021-11-13,Inyo,027,18085,2472,2436,38,2474,42
2021-11-13,Kern,029,883053,130381,128472,22939,151411,1719
2021-11-13,Kings,031,150075,32922,32452,1960,34412,347
2021-11-13,Lake,033,64148,6858,6769,151,6920,109
2021-11-13,Lassen,035,31185,6977,6897,392,7289,47
2021-11-13,Los Angeles,037,10098052,1455719,1443088,53795,1496883,26649
2021-11-13,Madera,039,155013,23855,23462,2183,25645,287
2021-11-13,Marin,041,260295,9357,17684,466,18150,247
2021-11-13,Mariposa,043,17540,1380,1323,51,1374,6
2021-11-13,Mendocino,045,87422,7799,7652,617,8269,89
2021-11-13,Merced,047,269075,42599,42411,2001,44412,644
2021-11-13,Modoc,049,8938,556,536,198,734,5
2021-11-13,Mono,051,14174,1769,1750,22,1772,4
2021-11-13,Monterey,053,433212,49225,48087,3007,51094,609
2021-11-13,Napa,055,140530,13175,13110,111,13221,103
2021-11-13,Nevada,057,99092,9491,9369,331,9700,92
2021-11-13,Orange,059,3164182,311128,308211,15468,323679,5641
2021-11-13,Placer,061,380077,37935,37453,3727,41180,445
2021-11-13,Plumas,063,18699,1885,1828,42,1870,8
2021-11-13,Riverside,065,2383286,368912,363801,16387,380188,5187
2021-11-13,Sacramento,067,1510023,161729,160397,4741,165138,2291
2021-11-13,San Benito,069,59416,7498,7491,170,7661,77
2021-11-13,San Bernardino,071,2135413,359770,356325,11302,367627,5873
2021-11-13,San Diego,073,3302833,379744,377633,22258,399891,4280
2021-11-13,San Francisco,075,870044,53905,53195,2336,55531,667
2021-11-13,San Joaquin,077,732212,101187,100263,5436,105699,1799
2021-11-13,San Luis Obispo,079,281455,30082,29589,1271,30860,351
2021-11-13,San Mateo,081,765935,54902,53853,903,54756,574
2021-11-13,Santa Barbara,083,443738,45143,44734,1553,46287,537
2021-11-13,Santa Clara,085,1922200,149450,147821,1398,149219,1905
2021-11-13,Santa Cruz,087,273765,20825,20565,1003,21568,223
2021-11-13,Shasta,089,179085,22042,21713,3627,25340,366
2021-11-13,Sierra,091,2930,193,188,21,209,0
2021-11-13,Siskiyou,093,43540,3383,3299,1307,4606,54
2021-11-13,Solano,095,438530,46486,45774,1281,47055,350
2021-11-13,Sonoma,097,501317,42203,41882,529,42411,399
2021-11-13,Stanislaus,099,539301,79864,79872,8928,88800,1174
2021-11-13,Sutter,101,95872,14029,14017,362,14379,181
2021-11-13,Tehama,103,63373,8700,8592,1490,10082,125
2021-11-13,Trinity,105,12862,876,749,212,961,17
2021-11-13,Tulare,107,460477,69900,68619,15327,83946,1033
2021-11-13,Tuolumne,109,53932,7505,7392,110,7502,90
2021-11-13,Ventura,111,848112,99228,98452,4301,102753,1183
2021-11-13,Yolo,113,214977,20244,20009,998,21007,255
2021-11-13,Yuba,115,75493,10305,10218,348,10566,85
2021-11-12,Alameda,001,1643700,120843,120407,2788,123195,1454
2021-11-12,Alpine,002,1148,102,105,0,105,0
2021-11-12,Amador,005,37829,5641,5614,63,5677,66
2021-11-12,Butte,007,227075,21364,21104,3975,25079,296
2021-11-12,Calaveras,009,45235,4241,4203,59,4262,83
2021-11-12,Colusa,011,21464,2563,2522,646,3168,19
2021-11-12,Contra Costa,013,1133247,100673,100004,2212,102216,1028
2021-11-12,Del Norte,015,27424,3713,3629,54,3683,42
2021-11-12,El Dorado,017,186661,16404,16163,1735,17898,159
2021-11-12,Fresno,019,978130,143428,141452,12889,154341,2205
2021-11-12,Glenn,021,27897,3548,3514,1023,4537,34
2021-11-12,Humboldt,023,135768,9302,9177,593,9770,115
2021-11-12,Imperial,025,180216,34380,33990,3275,37265,766
2021-11-12,Inyo,027,18085,2468,2436,38,2474,42
2021-11-12,Kern,029,883053,130244,128472,22906,151378,1719
2021-11-12,Kings,031,150075,32896,32452,1958,34410,347
2021-11-12,Lake,033,64148,6854,6769,151,6920,109
2021-11-12,Lassen,035,31185,6973,6897,391,7288,47
2021-11-12,Los Angeles,037,10098052,1454991,1443088,53751,1496839,26649
2021-11-12,Madera,039,155013,23826,23462,2178,25640,287
2021-11-12,Marin,041,260295,9341,17684,465,18149,247
2021-11-12,Mariposa,043,17540,1373,1323,51,1374,6
2021-11-12,Mendocino,045,87422,7787,7652,614,8266,89
2021-11-12,Merced,047,269075,42570,42411,1999,44410,644
2021-11-12,Modoc,049,8938,555,536,198,734,5
2021-11-12,Mono,051,14174,1767,1750,22,1772,4
2021-11-12,Monterey,053,433212,49193,48087,3001,51088,609
2021-11-12,Napa,055,140530,13166,13110,111,13221,103
2021-11-12,Nevada,057,99092,9477,9369,330,9699,92
2021-11-12,Orange,059,3164182,310940,308211,15450,323661,5641
2021-11-12,Placer,061,380077,37896,37453,3724,41177,445
2021-11-12,Plumas,063,18699,1879,1828,42,1870,8
2021-11-12,Riverside,065,2383286,368644,363801,16383,380184,5187
2021-11-12,Sacramento,067,1510023,161570,160397,4735,165132,2291
2021-11-12,San Benito,069,59416,7498,7491,170,7661,77
2021-11-12,San Bernardino,071,2135413,359461,356325,11292,367617,5873
2021-11-12,San Diego,073,3302833,379377,377633,22236,399869,4280
2021-11-12,San Francisco,075,870044,53871,53195,2332,55527,667
2021-11-12,San Joaquin,077,732212,101142,100263,5429,105692,1799
2021-11-12,San Luis Obispo,079,281455,30053,29589,1270,30859,351
2021-11-12,San Mateo,081,765935,54852,53853,900,54753,574
2021-11-12,Santa Barbara,083,443738,45088,44734,1552,46286,537
2021-11-12,Santa Clara,085,1922200,149307,147821,1394,149215,1905
2021-11-12,Santa Cruz,087,273765,20797,20565,1001,21566,223
2021-11-12,Shasta,089,179085,22009,21713,3624,25337,366
2021-11-12,Sierra,091,2930,192,188,21,209,0
2021-11-12,Siskiyou,093,43540,3382,3299,1305,4604,54
2021-11-12,Solano,095,438530,46458,45774,1277,47051,350
2021-11-12,Sonoma,097,501317,42163,41882,529,42411,399
2021-11-12,Stanislaus,099,539301,79812,79872,8920,88792,1174
2021-11-12,Sutter,101,95872,14022,14017,362,14379,181
2021-11-12,Tehama,103,63373,8696,8592,1489,10081,125
2021-11-12,Trinity,105,12862,869,749,212,961,17
2021-11-12,Tulare,107,460477,69858,68619,15292,83911,1033
2021-11-12,Tuolumne,109,53932,7492,7392,109,7501,90
2021-11-12,Ventura,111,848112,99163,98452,4300,102752,1183
2021-11-12,Yolo,113,214977,20229,20009,993,21002,255
2021-11-12,Yuba,115,75493,10296,10218,347,10565,85
2021-11-11,Alameda,001,1643700,120729,120147,2780,122927,1453
2021-11-11,Alpine,002,1148,102,105,0,105,0
2021-11-11,Amador,005,37829,5638,5603,62,5665,66
2021-11-11,Butte,007,227075,21321,21047,3967,25014,293
2021-11-11,Calaveras,009,45235,4223,4179,59,4238,83
2021-11-11,Colusa,011,21464,2555,2518,644,3162,19
2021-11-11,Contra Costa,013,1133247,100569,99808,2208,102016,1028
2021-11-11,Del Norte,015,27424,3711,3622,54,3676,42
2021-11-11,El Dorado,017,186661,16372,16085,1732,17817,159
2021-11-11,Fresno,019,978130,143223,140833,12855,153688,2202
2021-11-11,Glenn,021,27897,3546,3503,1022,4525,34
2021-11-11,Humboldt,023,135768,9279,9125,590,9715,115
2021-11-11,Imperial,025,180216,34311,33844,3253,37097,766
2021-11-11,Inyo,027,18085,2463,2428,38,2466,42
2021-11-11,Kern,029,883053,130059,128023,22843,150866,1709
2021-11-11,Kings,031,150075,32846,32318,1956,34274,345
2021-11-11,Lake,033,64148,6847,6745,151,6896,107
2021-11-11,Lassen,035,31185,6967,6875,391,7266,47
2021-11-11,Los Angeles,037,10098052,1453895,1440436,53693,1494129,26614
2021-11-11,Madera,039,155013,23779,23316,2170,25486,287
2021-11-11,Marin,041,260295,9331,17639,465,18104,247
2021-11-11,Mariposa,043,17540,1363,1317,51,1368,6
2021-11-11,Mendocino,045,87422,7772,7612,605,8217,89
2021-11-11,Merced,047,269075,42514,42292,1996,44288,643
2021-11-11,Modoc,049,8938,553,536,198,734,5
2021-11-11,Mono,051,14174,1763,1743,22,1765,4
2021-11-11,Monterey,053,433212,49158,48008,2989,50997,609
2021-11-11,Napa,055,140530,13158,13075,111,13186,103
2021-11-11,Nevada,057,99092,9455,9308,330,9638,92
2021-11-11,Orange,059,3164182,310666,307674,15413,323087,5633
2021-11-11,Placer,061,380077,37845,37333,3715,41048,440
2021-11-11,Plumas,063,18699,1875,1814,42,1856,7
2021-11-11,Riverside,065,2383286,368208,362930,16365,379295,5175
2021-11-11,Sacramento,067,1510023,161357,159962,4716,164678,2289
2021-11-11,San Benito,069,59416,7490,7473,170,7643,76
2021-11-11,San Bernardino,071,2135413,359031,355413,11279,366692,5849
2021-11-11,San Diego,073,3302833,378868,376428,22213,398641,4272
2021-11-11,San Francisco,075,870044,53812,53063,2331,55394,666
2021-11-11,San Joaquin,077,732212,101047,99937,5413,105350,1799
2021-11-11,San Luis Obispo,079,281455,30002,29532,1268,30800,351
2021-11-11,San Mateo,081,765935,54804,53722,895,54617,574
2021-11-11,Santa Barbara,083,443738,45030,44603,1549,46152,534
2021-11-11,Santa Clara,085,1922200,149125,147458,1388,148846,1901
2021-11-11,Santa Cruz,087,273765,20752,20479,1001,21480,222
2021-11-11,Shasta,089,179085,21964,21600,3622,25222,364
2021-11-11,Sierra,091,2930,191,186,21,207,0
2021-11-11,Siskiyou,093,43540,3376,3297,1304,4601,53
2021-11-11,Solano,095,438530,46422,45679,1276,46955,350
2021-11-11,Sonoma,097,501317,42126,41774,529,42303,395
2021-11-11,Stanislaus,099,539301,79730,79570,8904,88474,1166
2021-11-11,Sutter,101,95872,14007,13993,361,14354,181
2021-11-11,Tehama,103,63373,8684,8565,1487,10052,125
2021-11-11,Trinity,105,12862,868,748,212,960,17
2021-11-11,Tulare,107,460477,69765,68367,15256,83623,1028
2021-11-11,Tuolumne,109,53932,7479,7354,109,7463,90
2021-11-11,Ventura,111,848112,99085,98297,4293,102590,1182
2021-11-11,Yolo,113,214977,20201,19946,992,20938,255
2021-11-11,Yuba,115,75493,10280,10191,347,10538,85
2021-11-10,Alameda,001,1643700,120619,120147,2771,122918,1453
2021-11-10,Alpine,002,1148,102,105,0,105,0
2021-11-10,Amador,005,37829,5632,5603,62,5665,66
2021-11-10,Butte,007,227075,21294,21047,3963,25010,293
2021-11-10,Calaveras,009,45235,4213,4179,59,4238,83
2021-11-10,Colusa,011,21464,2549,2518,644,3162,19
2021-11-10,Contra Costa,013,1133247,100486,99808,2204,102012,1028
2021-11-10,Del Norte,015,27424,3710,3622,54,3676,42
2021-11-10,El Dorado,017,186661,16356,16085,1731,17816,159
2021-11-10,Fresno,019,978130,143046,140833,12840,153673,2202
2021-11-10,Glenn,021,27897,3546,3503,1021,4524,34
2021-11-10,Humboldt,023,135768,9261,9125,590,9715,115
2021-11-10,Imperial,025,180216,34263,33844,3234,37078,766
2021-11-10,Inyo,027,18085,2456,2428,38,2466,42
2021-11-10,Kern,029,883053,129909,128023,22788,150811,1709
2021-11-10,Kings,031,150075,32813,32318,1954,34272,345
2021-11-10,Lake,033,64148,6837,6745,151,6896,107
2021-11-10,Lassen,035,31185,6962,6875,391,7266,47
2021-11-10,Los Angeles,037,10098052,1452944,1440436,53633,1494069,26614
2021-11-10,Madera,039,155013,23730,23316,2164,25480,287
2021-11-10,Marin,041,260295,9318,17639,463,18102,247
2021-11-10,Mariposa,043,17540,1357,1317,51,1368,6
2021-11-10,Mendocino,045,87422,7760,7612,604,8216,89
2021-11-10,Merced,047,269075,42479,42292,1994,44286,643
2021-11-10,Modoc,049,8938,552,536,197,733,5
2021-11-10,Mono,051,14174,1761,1743,22,1765,4
2021-11-10,Monterey,053,433212,49124,48008,2978,50986,609
2021-11-10,Napa,055,140530,13145,13075,110,13185,103
2021-11-10,Nevada,057,99092,9448,9308,328,9636,92
2021-11-10,Orange,059,3164182,310402,307674,15381,323055,5633
2021-11-10,Placer,061,380077,37799,37333,3708,41041,440
2021-11-10,Plumas,063,18699,1869,1814,41,1855,7
2021-11-10,Riverside,065,2383286,367827,362930,16359,379289,5175
2021-11-10,Sacramento,067,1510023,161202,159962,4706,164668,2289
2021-11-10,San Benito,069,59416,7482,7473,170,7643,76
2021-11-10,San Bernardino,071,2135413,358689,355413,11272,366685,5849
2021-11-10,San Diego,073,3302833,378463,376428,22191,398619,4272
2021-11-10,San Francisco,075,870044,53751,53063,2328,55391,666
2021-11-10,San Joaquin,077,732212,100942,99937,5408,105345,1799
2021-11-10,San Luis Obispo,079,281455,29971,29532,1267,30799,351
2021-11-10,San Mateo,081,765935,54751,53722,894,54616,574
2021-11-10,Santa Barbara,083,443738,44992,44603,1548,46151,534
2021-11-10,Santa Clara,085,1922200,148978,147458,1382,148840,1901
2021-11-10,Santa Cruz,087,273765,20725,20479,1000,21479,222
2021-11-10,Shasta,089,179085,21928,21600,3620,25220,364
2021-11-10,Sierra,091,2930,190,186,21,207,0
2021-11-10,Siskiyou,093,43540,3374,3297,1304,4601,53
2021-11-10,Solano,095,438530,46392,45679,1274,46953,350
2021-11-10,Sonoma,097,501317,42074,41774,529,42303,395
2021-11-10,Stanislaus,099,539301,79628,79570,8888,88458,1166
2021-11-10,Sutter,101,95872,13999,13993,361,14354,181
2021-11-10,Tehama,103,63373,8672,8565,1481,10046,125
2021-11-10,Trinity,105,12862,864,748,211,959,17
2021-11-10,Tulare,107,460477,69704,68367,15218,83585,1028
2021-11-10,Tuolumne,109,53932,7455,7354,109,7463,90
2021-11-10,Ventura,111,848112,99014,98297,4293,102590,1182
2021-11-10,Yolo,113,214977,20182,19946,991,20937,255
2021-11-10,Yuba,115,75493,10271,10191,347,10538,85
2021-11-09,Alameda,001,1643700,120483,120051,2762,122813,1450
2021-11-09,Alpine,002,1148,102,105,0,105,0
2021-11-09,Amador,005,37829,5626,5596,62,5658,66
2021-11-09,Butte,007,227075,21269,21022,3959,24981,291
2021-11-09,Calaveras,009,45235,4209,4174,59,4233,84
2021-11-09,Colusa,011,21464,2544,2517,643,3160,19
2021-11-09,Contra Costa,013,1133247,100390,99732,2198,101930,1028
2021-11-09,Del Norte,015,27424,3709,3620,54,3674,42
2021-11-09,El Dorado,017,186661,16318,16073,1726,17799,160
2021-11-09,Fresno,019,978130,142799,140666,12824,153490,2188
2021-11-09,Glenn,021,27897,3541,3499,1020,4519,34
2021-11-09,Humboldt,023,135768,9240,9112,585,9697,115
2021-11-09,Imperial,025,180216,34210,33751,3220,36971,766
2021-11-09,Inyo,027,18085,2452,2404,38,2442,42
2021-11-09,Kern,029,883053,129663,127901,22726,150627,1694
2021-11-09,Kings,031,150075,32747,32279,1950,34229,344
2021-11-09,Lake,033,64148,6828,6743,151,6894,106
2021-11-09,Lassen,035,31185,6950,6846,391,7237,47
2021-11-09,Los Angeles,037,10098052,1451691,1439125,53572,1492697,26581
2021-11-09,Madera,039,155013,23680,23285,2155,25440,287
2021-11-09,Marin,041,260295,9299,17630,461,18091,247
2021-11-09,Mariposa,043,17540,1349,1317,51,1368,5
2021-11-09,Mendocino,045,87422,7737,7598,598,8196,85
2021-11-09,Merced,047,269075,42438,42251,1988,44239,613
2021-11-09,Modoc,049,8938,551,536,195,731,5
2021-11-09,Mono,051,14174,1756,1738,22,1760,4
2021-11-09,Monterey,053,433212,49088,47975,2955,50930,609
2021-11-09,Napa,055,140530,13127,13051,110,13161,103
2021-11-09,Nevada,057,99092,9429,9288,328,9616,92
2021-11-09,Orange,059,3164182,310118,307412,15354,322766,5621
2021-11-09,Placer,061,380077,37742,37291,3691,40982,440
2021-11-09,Plumas,063,18699,1867,1802,41,1843,7
2021-11-09,Riverside,065,2383286,367365,362557,16345,378902,5160
2021-11-09,Sacramento,067,1510023,160961,159856,4697,164553,2286
2021-11-09,San Benito,069,59416,7472,7471,169,7640,76
2021-11-09,San Bernardino,071,2135413,358238,354972,11255,366227,5839
2021-11-09,San Diego,073,3302833,377968,375997,22165,398162,4272
2021-11-09,San Francisco,075,870044,53677,52996,2323,55319,666
2021-11-09,San Joaquin,077,732212,100768,99848,5395,105243,1794
2021-11-09,San Luis Obispo,079,281455,29931,29488,1266,30754,350
2021-11-09,San Mateo,081,765935,54703,53697,885,54582,574
2021-11-09,Santa Barbara,083,443738,44925,44579,1541,46120,533
2021-11-09,Santa Clara,085,1922200,148772,147281,1375,148656,1901
2021-11-09,Santa Cruz,087,273765,20691,20463,999,21462,222
2021-11-09,Shasta,089,179085,21873,21558,3615,25173,364
2021-11-09,Sierra,091,2930,190,186,21,207,0
2021-11-09,Siskiyou,093,43540,3372,3295,1302,4597,52
2021-11-09,Solano,095,438530,46336,45639,1273,46912,350
2021-11-09,Sonoma,097,501317,42017,41727,527,42254,395
2021-11-09,Stanislaus,099,539301,79522,79505,8871,88376,1165
2021-11-09,Sutter,101,95872,13984,13988,359,14347,180
2021-11-09,Tehama,103,63373,8654,8555,1479,10034,125
2021-11-09,Trinity,105,12862,863,746,211,957,17
2021-11-09,Tulare,107,460477,69597,68298,15179,83477,1024
2021-11-09,Tuolumne,109,53932,7435,7347,109,7456,90
2021-11-09,Ventura,111,848112,98936,98202,4288,102490,1182
2021-11-09,Yolo,113,214977,20158,19931,987,20918,255
2021-11-09,Yuba,115,75493,10254,10175,341,10516,85
2021-11-08,Alameda,001,1643700,120339,119983,2756,122739,1447
2021-11-08,Alpine,002,1148,102,105,0,105,0
2021-11-08,Amador,005,37829,5620,5590,62,5652,66
2021-11-08,Butte,007,227075,21241,21000,3950,24950,288
2021-11-08,Calaveras,009,45235,4201,4166,59,4225,82
2021-11-08,Colusa,011,21464,2543,2514,642,3156,19
2021-11-08,Contra Costa,013,1133247,100287,99669,2193,101862,1028
2021-11-08,Del Norte,015,27424,3705,3619,54,3673,42
2021-11-08,El Dorado,017,186661,16299,16055,1721,17776,156
2021-11-08,Fresno,019,978130,142498,140466,12801,153267,2179
2021-11-08,Glenn,021,27897,3539,3496,1016,4512,34
2021-11-08,Humboldt,023,135768,9214,9095,575,9670,109
2021-11-08,Imperial,025,180216,34130,33690,3202,36892,766
2021-11-08,Inyo,027,18085,2445,2398,38,2436,41
2021-11-08,Kern,029,883053,129427,127722,22643,150365,1692
2021-11-08,Kings,031,150075,32701,32248,1949,34197,344
2021-11-08,Lake,033,64148,6822,6737,151,6888,106
2021-11-08,Lassen,035,31185,6943,6830,389,7219,46
2021-11-08,Los Angeles,037,10098052,1450353,1438322,53515,1491837,26575
2021-11-08,Madera,039,155013,23631,23253,2144,25397,287
2021-11-08,Marin,041,260295,9282,17617,458,18075,247
2021-11-08,Mariposa,043,17540,1341,1316,50,1366,5
2021-11-08,Mendocino,045,87422,7724,7581,592,8173,85
2021-11-08,Merced,047,269075,42369,42224,1978,44202,607
2021-11-08,Modoc,049,8938,550,529,195,724,5
2021-11-08,Mono,051,14174,1752,1739,22,1761,4
2021-11-08,Monterey,053,433212,49048,47942,2935,50877,602
2021-11-08,Napa,055,140530,13113,13045,110,13155,103
2021-11-08,Nevada,057,99092,9410,9278,326,9604,92
2021-11-08,Orange,059,3164182,309844,307156,15324,322480,5616
2021-11-08,Placer,061,380077,37689,37250,3688,40938,439
2021-11-08,Plumas,063,18699,1866,1788,40,1828,7
2021-11-08,Riverside,065,2383286,366910,362201,16331,378532,5152
2021-11-08,Sacramento,067,1510023,160745,159735,4676,164411,2275
2021-11-08,San Benito,069,59416,7470,7461,169,7630,75
2021-11-08,San Bernardino,071,2135413,357724,354741,11237,365978,5836
2021-11-08,San Diego,073,3302833,377406,375557,22118,397675,4259
2021-11-08,San Francisco,075,870044,53624,52942,2317,55259,666
2021-11-08,San Joaquin,077,732212,100651,99736,5393,105129,1794
2021-11-08,San Luis Obispo,079,281455,29880,29464,1261,30725,350
2021-11-08,San Mateo,081,765935,54630,53658,880,54538,574
2021-11-08,Santa Barbara,083,443738,44871,44548,1540,46088,532
2021-11-08,Santa Clara,085,1922200,148545,147183,1369,148552,1899
2021-11-08,Santa Cruz,087,273765,20662,20435,999,21434,222
2021-11-08,Shasta,089,179085,21826,21504,3609,25113,354
2021-11-08,Sierra,091,2930,190,183,21,204,0
2021-11-08,Siskiyou,093,43540,3368,3290,1291,4581,50
2021-11-08,Solano,095,438530,46295,45613,1269,46882,350
2021-11-08,Sonoma,097,501317,41948,41669,526,42195,395
2021-11-08,Stanislaus,099,539301,79370,79417,8857,88274,1150
2021-11-08,Sutter,101,95872,13976,13976,355,14331,180
2021-11-08,Tehama,103,63373,8645,8534,1479,10013,123
2021-11-08,Trinity,105,12862,863,743,210,953,13
2021-11-08,Tulare,107,460477,69480,68199,15141,83340,1020
2021-11-08,Tuolumne,109,53932,7416,7328,108,7436,90
2021-11-08,Ventura,111,848112,98843,98144,4286,102430,1182
2021-11-08,Yolo,113,214977,20119,19916,983,20899,255
2021-11-08,Yuba,115,75493,10243,10172,338,10510,83
2021-11-07,Alameda,001,1643700,120180,119902,2750,122652,1444
2021-11-07,Alpine,002,1148,102,105,0,105,0
2021-11-07,Amador,005,37829,5612,5580,60,5640,66
2021-11-07,Butte,007,227075,21200,20969,3941,24910,288
2021-11-07,Calaveras,009,45235,4174,4158,58,4216,82
2021-11-07,Colusa,011,21464,2537,2511,640,3151,19
2021-11-07,Contra Costa,013,1133247,100176,99596,2184,101780,1028
2021-11-07,Del Norte,015,27424,3703,3617,54,3671,42
2021-11-07,El Dorado,017,186661,16262,16040,1718,17758,156
2021-11-07,Fresno,019,978130,142159,140263,12773,153036,2179
2021-11-07,Glenn,021,27897,3532,3493,1015,4508,34
2021-11-07,Humboldt,023,135768,9190,9074,571,9645,109
2021-11-07,Imperial,025,180216,34057,33674,3183,36857,766
2021-11-07,Inyo,027,18085,2432,2394,38,2432,41
2021-11-07,Kern,029,883053,129156,127583,22552,150135,1692
2021-11-07,Kings,031,150075,32609,32221,1946,34167,343
2021-11-07,Lake,033,64148,6806,6734,150,6884,106
2021-11-07,Lassen,035,31185,6935,6819,385,7204,46
2021-11-07,Los Angeles,037,10098052,1448865,1437314,53440,1490754,26573
2021-11-07,Madera,039,155013,23586,23225,2136,25361,287
2021-11-07,Marin,041,260295,9263,17594,457,18051,247
2021-11-07,Mariposa,043,17540,1339,1306,50,1356,5
2021-11-07,Mendocino,045,87422,7696,7567,588,8155,85
2021-11-07,Merced,047,269075,42291,42186,1947,44133,607
2021-11-07,Modoc,049,8938,547,528,194,722,5
2021-11-07,Mono,051,14174,1746,1739,22,1761,4
2021-11-07,Monterey,053,433212,48996,47924,2931,50855,602
2021-11-07,Napa,055,140530,13092,13041,110,13151,103
2021-11-07,Nevada,057,99092,9362,9254,326,9580,92
2021-11-07,Orange,059,3164182,309519,306954,15286,322240,5616
2021-11-07,Placer,061,380077,37613,37202,3673,40875,439
2021-11-07,Plumas,063,18699,1859,1787,39,1826,7
2021-11-07,Riverside,065,2383286,366373,361960,16311,378271,5152
2021-11-07,Sacramento,067,1510023,160512,159549,4659,164208,2277
2021-11-07,San Benito,069,59416,7457,7460,169,7629,75
2021-11-07,San Bernardino,071,2135413,357207,354488,11214,365702,5832
2021-11-07,San Diego,073,3302833,376829,375165,22085,397250,4250
2021-11-07,San Francisco,075,870044,53540,52868,2311,55179,666
2021-11-07,San Joaquin,077,732212,100466,99696,5387,105083,1794
2021-11-07,San Luis Obispo,079,281455,29832,29454,1257,30711,350
2021-11-07,San Mateo,081,765935,54571,53600,878,54478,574
2021-11-07,Santa Barbara,083,443738,44808,44501,1539,46040,532
2021-11-07,Santa Clara,085,1922200,148339,147054,1357,148411,1898
2021-11-07,Santa Cruz,087,273765,20604,20397,998,21395,222
2021-11-07,Shasta,089,179085,21778,21479,3603,25082,354
2021-11-07,Sierra,091,2930,188,183,21,204,0
2021-11-07,Siskiyou,093,43540,3362,3289,1289,4578,51
2021-11-07,Solano,095,438530,46239,45582,1262,46844,350
2021-11-07,Sonoma,097,501317,41898,41630,525,42155,395
2021-11-07,Stanislaus,099,539301,79215,79351,8835,88186,1150
2021-11-07,Sutter,101,95872,13963,13964,352,14316,180
2021-11-07,Tehama,103,63373,8620,8528,1477,10005,121
2021-11-07,Trinity,105,12862,862,742,209,951,13
2021-11-07,Tulare,107,460477,69327,68145,15097,83242,1020
2021-11-07,Tuolumne,109,53932,7398,7300,106,7406,90
2021-11-07,Ventura,111,848112,98752,98085,4284,102369,1182
2021-11-07,Yolo,113,214977,20097,19899,980,20879,255
2021-11-07,Yuba,115,75493,10226,10162,333,10495,83
2021-11-06,Alameda,001,1643700,120116,119499,2747,122246,1436
2021-11-06,Alpine,002,1148,102,105,0,105,0
2021-11-06,Amador,005,37829,5606,5557,60,5617,66
2021-11-06,Butte,007,227075,21180,20796,3937,24733,288
2021-11-06,Calaveras,009,45235,4166,4105,58,4163,82
2021-11-06,Colusa,011,21464,2536,2501,639,3140,19
2021-11-06,Contra Costa,013,1133247,100121,99282,2182,101464,1025
2021-11-06,Del Norte,015,27424,3700,3607,54,3661,42
2021-11-06,El Dorado,017,186661,16245,15958,1718,17676,156
2021-11-06,Fresno,019,978130,142040,139249,12768,152017,2170
2021-11-06,Glenn,021,27897,3529,3479,1015,4494,33
2021-11-06,Humboldt,023,135768,9178,8972,567,9539,109
2021-11-06,Imperial,025,180216,34013,33471,3177,36648,766
2021-11-06,Inyo,027,18085,2426,2353,38,2391,41
2021-11-06,Kern,029,883053,129022,126848,22500,149348,1684
2021-11-06,Kings,031,150075,32576,32018,1941,33959,342
2021-11-06,Lake,033,64148,6804,6695,150,6845,106
2021-11-06,Lassen,035,31185,6930,6796,384,7180,46
2021-11-06,Los Angeles,037,10098052,1448095,1433081,53397,1486478,26533
2021-11-06,Madera,039,155013,23550,22994,2126,25120,287
2021-11-06,Marin,041,260295,9244,17520,454,17974,247
2021-11-06,Mariposa,043,17540,1337,1282,50,1332,5
2021-11-06,Mendocino,045,87422,7674,7486,588,8074,85
2021-11-06,Merced,047,269075,42267,41958,1939,43897,604
2021-11-06,Modoc,049,8938,546,523,194,717,5
2021-11-06,Mono,051,14174,1744,1725,22,1747,4
2021-11-06,Monterey,053,433212,48963,47830,2921,50751,602
2021-11-06,Napa,055,140530,13082,12950,110,13060,103
2021-11-06,Nevada,057,99092,9340,9169,325,9494,91
2021-11-06,Orange,059,3164182,309312,306049,15260,321309,5611
2021-11-06,Placer,061,380077,37572,36967,3670,40637,438
2021-11-06,Plumas,063,18699,1855,1755,38,1793,7
2021-11-06,Riverside,065,2383286,366051,360584,16303,376887,5138
2021-11-06,Sacramento,067,1510023,160419,158766,4654,163420,2263
2021-11-06,San Benito,069,59416,7450,7429,169,7598,75
2021-11-06,San Bernardino,071,2135413,356936,353142,11210,364352,5813
2021-11-06,San Diego,073,3302833,376493,373423,22067,395490,4246
2021-11-06,San Francisco,075,870044,53486,52556,2308,54864,666
2021-11-06,San Joaquin,077,732212,100408,99372,5386,104758,1782
2021-11-06,San Luis Obispo,079,281455,29804,29335,1253,30588,350
2021-11-06,San Mateo,081,765935,54536,53442,877,54319,574
2021-11-06,Santa Barbara,083,443738,44772,44301,1538,45839,532
2021-11-06,Santa Clara,085,1922200,148193,146519,1353,147872,1894
2021-11-06,Santa Cruz,087,273765,20585,20311,996,21307,222
2021-11-06,Shasta,089,179085,21759,21281,3598,24879,349
2021-11-06,Sierra,091,2930,188,181,21,202,0
2021-11-06,Siskiyou,093,43540,3362,3279,1287,4566,48
2021-11-06,Solano,095,438530,46210,45465,1261,46726,350
2021-11-06,Sonoma,097,501317,41848,41398,524,41922,395
2021-11-06,Stanislaus,099,539301,79147,78902,8827,87729,1193
2021-11-06,Sutter,101,95872,13959,13908,351,14259,180
2021-11-06,Tehama,103,63373,8608,8474,1475,9949,120
2021-11-06,Trinity,105,12862,859,732,209,941,11
2021-11-06,Tulare,107,460477,69277,67767,15068,82835,1010
2021-11-06,Tuolumne,109,53932,7385,7245,106,7351,90
2021-11-06,Ventura,111,848112,98685,97770,4279,102049,1180
2021-11-06,Yolo,113,214977,20080,19827,976,20803,255
2021-11-06,Yuba,115,75493,10212,10107,333,10440,83
2021-11-05,Alameda,001,1643700,120032,119499,2745,122244,1436
2021-11-05,Alpine,002,1148,102,105,0,105,0
2021-11-05,Amador,005,37829,5601,5557,60,5617,66
2021-11-05,Butte,007,227075,21167,20796,3936,24732,288
2021-11-05,Calaveras,009,45235,4161,4105,58,4163,82
2021-11-05,Colusa,011,21464,2536,2501,638,3139,19
2021-11-05,Contra Costa,013,1133247,100055,99282,2180,101462,1025
2021-11-05,Del Norte,015,27424,3698,3607,54,3661,42
2021-11-05,El Dorado,017,186661,16228,15958,1712,17670,156
2021-11-05,Fresno,019,978130,141858,139249,12757,152006,2170
2021-11-05,Glenn,021,27897,3528,3479,1014,4493,33
2021-11-05,Humboldt,023,135768,9164,8972,567,9539,109
2021-11-05,Imperial,025,180216,33977,33471,3174,36645,766
2021-11-05,Inyo,027,18085,2418,2353,38,2391,41
2021-11-05,Kern,029,883053,128895,126848,22445,149293,1684
2021-11-05,Kings,031,150075,32552,32018,1940,33958,342
2021-11-05,Lake,033,64148,6798,6695,150,6845,106
2021-11-05,Lassen,035,31185,6926,6796,383,7179,46
2021-11-05,Los Angeles,037,10098052,1447272,1433081,53359,1486440,26533
2021-11-05,Madera,039,155013,23511,22994,2125,25119,287
2021-11-05,Marin,041,260295,9222,17520,453,17973,247
2021-11-05,Mariposa,043,17540,1334,1282,49,1331,5
2021-11-05,Mendocino,045,87422,7663,7486,587,8073,85
2021-11-05,Merced,047,269075,42241,41958,1930,43888,604
2021-11-05,Modoc,049,8938,546,523,194,717,5
2021-11-05,Mono,051,14174,1743,1725,22,1747,4
2021-11-05,Monterey,053,433212,48933,47830,2919,50749,602
2021-11-05,Napa,055,140530,13060,12950,110,13060,103
2021-11-05,Nevada,057,99092,9327,9169,325,9494,91
2021-11-05,Orange,059,3164182,309114,306049,15239,321288,5611
2021-11-05,Placer,061,380077,37544,36967,3661,40628,438
2021-11-05,Plumas,063,18699,1847,1755,38,1793,7
2021-11-05,Riverside,065,2383286,365713,360584,16293,376877,5138
2021-11-05,Sacramento,067,1510023,160297,158766,4647,163413,2263
2021-11-05,San Benito,069,59416,7448,7429,168,7597,75
2021-11-05,San Bernardino,071,2135413,356602,353142,11200,364342,5813
2021-11-05,San Diego,073,3302833,376140,373423,22055,395478,4246
2021-11-05,San Francisco,075,870044,53435,52556,2305,54861,666
2021-11-05,San Joaquin,077,732212,100355,99372,5377,104749,1782
2021-11-05,San Luis Obispo,079,281455,29781,29335,1253,30588,350
2021-11-05,San Mateo,081,765935,54494,53442,875,54317,574
2021-11-05,Santa Barbara,083,443738,44727,44301,1537,45838,532
2021-11-05,Santa Clara,085,1922200,148056,146519,1352,147871,1894
2021-11-05,Santa Cruz,087,273765,20561,20311,995,21306,222
2021-11-05,Shasta,089,179085,21727,21281,3593,24874,349
2021-11-05,Sierra,091,2930,188,181,21,202,0
2021-11-05,Siskiyou,093,43540,3357,3279,1286,4565,48
2021-11-05,Solano,095,438530,46166,45465,1259,46724,350
2021-11-05,Sonoma,097,501317,41808,41398,524,41922,395
2021-11-05,Stanislaus,099,539301,79089,78902,8815,87717,1193
2021-11-05,Sutter,101,95872,13951,13908,350,14258,180
2021-11-05,Tehama,103,63373,8601,8474,1474,9948,120
2021-11-05,Trinity,105,12862,859,732,209,941,11
2021-11-05,Tulare,107,460477,69205,67767,15031,82798,1010
2021-11-05,Tuolumne,109,53932,7368,7245,105,7350,90
2021-11-05,Ventura,111,848112,98645,97770,4277,102047,1180
2021-11-05,Yolo,113,214977,20069,19827,975,20802,255
2021-11-05,Yuba,115,75493,10199,10107,331,10438,83
2021-11-04,Alameda,001,1643700,119916,119499,2739,122238,1436
2021-11-04,Alpine,002,1148,102,105,0,105,0
2021-11-04,Amador,005,37829,5593,5557,60,5617,66
2021-11-04,Butte,007,227075,21126,20796,3925,24721,288
2021-11-04,Calaveras,009,45235,4147,4105,56,4161,82
2021-11-04,Colusa,011,21464,2530,2501,637,3138,19
2021-11-04,Contra Costa,013,1133247,99964,99282,2175,101457,1025
2021-11-04,Del Norte,015,27424,3695,3607,54,3661,42
2021-11-04,El Dorado,017,186661,16202,15958,1708,17666,156
2021-11-04,Fresno,019,978130,141575,139249,12747,151996,2170
2021-11-04,Glenn,021,27897,3523,3479,1013,4492,33
2021-11-04,Humboldt,023,135768,9139,8972,564,9536,109
2021-11-04,Imperial,025,180216,33918,33471,3165,36636,766
2021-11-04,Inyo,027,18085,2410,2353,38,2391,41
2021-11-04,Kern,029,883053,128663,126848,22376,149224,1684
2021-11-04,Kings,031,150075,32473,32018,1931,33949,342
2021-11-04,Lake,033,64148,6788,6695,148,6843,106
2021-11-04,Lassen,035,31185,6916,6796,378,7174,46
2021-11-04,Los Angeles,037,10098052,1445965,1433081,53278,1486359,26533
2021-11-04,Madera,039,155013,23456,22994,2114,25108,287
2021-11-04,Marin,041,260295,9210,17520,451,17971,247
2021-11-04,Mariposa,043,17540,1327,1282,49,1331,5
2021-11-04,Mendocino,045,87422,7650,7486,581,8067,85
2021-11-04,Merced,047,269075,42187,41958,1926,43884,604
2021-11-04,Modoc,049,8938,545,523,194,717,5
2021-11-04,Mono,051,14174,1738,1725,22,1747,4
2021-11-04,Monterey,053,433212,48889,47830,2903,50733,602
2021-11-04,Napa,055,140530,13038,12950,110,13060,103
2021-11-04,Nevada,057,99092,9296,9169,324,9493,91
2021-11-04,Orange,059,3164182,308864,306049,15221,321270,5611
2021-11-04,Placer,061,380077,37473,36967,3652,40619,438
2021-11-04,Plumas,063,18699,1839,1755,34,1789,7
2021-11-04,Riverside,065,2383286,365315,360584,16284,376868,5138
2021-11-04,Sacramento,067,1510023,160062,158766,4628,163394,2263
2021-11-04,San Benito,069,59416,7442,7429,168,7597,75
2021-11-04,San Bernardino,071,2135413,356162,353142,11192,364334,5813
2021-11-04,San Diego,073,3302833,375671,373423,22034,395457,4246
2021-11-04,San Francisco,075,870044,53354,52556,2301,54857,666
2021-11-04,San Joaquin,077,732212,100248,99372,5365,104737,1782
2021-11-04,San Luis Obispo,079,281455,29757,29335,1247,30582,350
2021-11-04,San Mateo,081,765935,54435,53442,869,54311,574
2021-11-04,Santa Barbara,083,443738,44671,44301,1537,45838,532
2021-11-04,Santa Clara,085,1922200,147896,146519,1348,147867,1894
2021-11-04,Santa Cruz,087,273765,20526,20311,995,21306,222
2021-11-04,Shasta,089,179085,21669,21281,3587,24868,349
2021-11-04,Sierra,091,2930,186,181,21,202,0
2021-11-04,Siskiyou,093,43540,3353,3279,1279,4558,48
2021-11-04,Solano,095,438530,46124,45465,1258,46723,350
2021-11-04,Sonoma,097,501317,41750,41398,524,41922,395
2021-11-04,Stanislaus,099,539301,78952,78902,8807,87709,1193
2021-11-04,Sutter,101,95872,13940,13908,348,14256,180
2021-11-04,Tehama,103,63373,8592,8474,1470,9944,120
2021-11-04,Trinity,105,12862,858,732,209,941,11
2021-11-04,Tulare,107,460477,69090,67767,14985,82752,1010
2021-11-04,Tuolumne,109,53932,7346,7245,103,7348,90
2021-11-04,Ventura,111,848112,98558,97770,4275,102045,1180
2021-11-04,Yolo,113,214977,20043,19827,971,20798,255
2021-11-04,Yuba,115,75493,10185,10107,329,10436,83
2021-11-03,Alameda,001,1643700,119775,119356,2735,122091,1428
2021-11-03,Alpine,002,1148,102,105,0,105,0
2021-11-03,Amador,005,37829,5587,5545,59,5604,66
2021-11-03,Butte,007,227075,21081,20769,3916,24685,284
2021-11-03,Calaveras,009,45235,4129,4087,55,4142,82
2021-11-03,Colusa,011,21464,2524,2499,637,3136,20
2021-11-03,Contra Costa,013,1133247,99864,99168,2170,101338,1025
2021-11-03,Del Norte,015,27424,3693,3600,53,3653,42
2021-11-03,El Dorado,017,186661,16175,15915,1704,17619,156
2021-11-03,Fresno,019,978130,141214,138873,12725,151598,2166
2021-11-03,Glenn,021,27897,3520,3470,1013,4483,33
2021-11-03,Humboldt,023,135768,9122,8949,559,9508,109
2021-11-03,Imperial,025,180216,33846,33402,3155,36557,766
2021-11-03,Inyo,027,18085,2389,2344,38,2382,41
2021-11-03,Kern,029,883053,128403,126523,22277,148800,1681
2021-11-03,Kings,031,150075,32418,31923,1924,33847,341
2021-11-03,Lake,033,64148,6772,6685,148,6833,106
2021-11-03,Lassen,035,31185,6900,6782,373,7155,46
2021-11-03,Los Angeles,037,10098052,1444613,1431209,53199,1484408,26517
2021-11-03,Madera,039,155013,23387,22893,2105,24998,287
2021-11-03,Marin,041,260295,9189,17491,447,17938,247
2021-11-03,Mariposa,043,17540,1317,1276,49,1325,5
2021-11-03,Mendocino,045,87422,7634,7457,573,8030,84
2021-11-03,Merced,047,269075,42126,41849,1916,43765,597
2021-11-03,Modoc,049,8938,545,521,192,713,5
2021-11-03,Mono,051,14174,1734,1719,22,1741,4
2021-11-03,Monterey,053,433212,48839,47794,2890,50684,601
2021-11-03,Napa,055,140530,13025,12937,109,13046,103
2021-11-03,Nevada,057,99092,9269,9131,323,9454,91
2021-11-03,Orange,059,3164182,308553,305661,15188,320849,5607
2021-11-03,Placer,061,380077,37405,36868,3647,40515,438
2021-11-03,Plumas,063,18699,1828,1739,33,1772,7
2021-11-03,Riverside,065,2383286,364860,360060,16280,376340,5131
2021-11-03,Sacramento,067,1510023,159838,158311,4618,162929,2259
2021-11-03,San Benito,069,59416,7434,7419,168,7587,75
2021-11-03,San Bernardino,071,2135413,355686,352225,11171,363396,5813
2021-11-03,San Diego,073,3302833,375171,372951,22011,394962,4241
2021-11-03,San Francisco,075,870044,53262,52493,2296,54789,663
2021-11-03,San Joaquin,077,732212,100135,99188,5355,104543,1776
2021-11-03,San Luis Obispo,079,281455,29715,29276,1241,30517,348
2021-11-03,San Mateo,081,765935,54371,53396,863,54259,571
2021-11-03,Santa Barbara,083,443738,44614,44220,1534,45754,531
2021-11-03,Santa Clara,085,1922200,147714,146259,1341,147600,1897
2021-11-03,Santa Cruz,087,273765,20491,20275,995,21270,222
2021-11-03,Shasta,089,179085,21611,21215,3580,24795,346
2021-11-03,Sierra,091,2930,184,180,21,201,0
2021-11-03,Siskiyou,093,43540,3349,3276,1277,4553,46
2021-11-03,Solano,095,438530,46097,45411,1256,46667,351
2021-11-03,Sonoma,097,501317,41673,41326,522,41848,395
2021-11-03,Stanislaus,099,539301,78820,78736,8791,87527,1193
2021-11-03,Sutter,101,95872,13927,13876,346,14222,179
2021-11-03,Tehama,103,63373,8579,8438,1470,9908,118
2021-11-03,Trinity,105,12862,857,730,209,939,11
2021-11-03,Tulare,107,460477,68963,67588,14944,82532,1007
2021-11-03,Tuolumne,109,53932,7328,7218,101,7319,90
2021-11-03,Ventura,111,848112,98453,97682,4270,101952,1178
2021-11-03,Yolo,113,214977,20023,19758,965,20723,250
2021-11-03,Yuba,115,75493,10173,10092,329,10421,83
2021-11-02,Alameda,001,1643700,119630,119241,2729,121970,1425
2021-11-02,Alpine,002,1148,101,105,0,105,0
2021-11-02,Amador,005,37829,5582,5535,59,5594,66
2021-11-02,Butte,007,227075,21037,20744,3904,24648,282
2021-11-02,Calaveras,009,45235,4106,4075,55,4130,82
2021-11-02,Colusa,011,21464,2519,2497,636,3133,19
2021-11-02,Contra Costa,013,1133247,99761,99080,2158,101238,1025
2021-11-02,Del Norte,015,27424,3691,3596,53,3649,42
2021-11-02,El Dorado,017,186661,16146,15883,1704,17587,154
2021-11-02,Fresno,019,978130,140890,138644,12695,151339,2158
2021-11-02,Glenn,021,27897,3512,3469,1010,4479,33
2021-11-02,Humboldt,023,135768,9080,8937,558,9495,109
2021-11-02,Imperial,025,180216,33773,33371,3143,36514,766
2021-11-02,Inyo,027,18085,2382,2324,38,2362,41
2021-11-02,Kern,029,883053,128148,126311,22157,148468,1665
2021-11-02,Kings,031,150075,32359,31896,1919,33815,339
2021-11-02,Lake,033,64148,6767,6681,147,6828,106
2021-11-02,Lassen,035,31185,6888,6777,370,7147,45
2021-11-02,Los Angeles,037,10098052,1443171,1429601,53124,1482725,26496
2021-11-02,Madera,039,155013,23306,22837,2094,24931,287
2021-11-02,Marin,041,260295,9161,17482,447,17929,247
2021-11-02,Mariposa,043,17540,1306,1270,48,1318,5
2021-11-02,Mendocino,045,87422,7610,7447,561,8008,84
2021-11-02,Merced,047,269075,42059,41785,1908,43693,596
2021-11-02,Modoc,049,8938,542,520,191,711,5
2021-11-02,Mono,051,14174,1730,1718,22,1740,4
2021-11-02,Monterey,053,433212,48788,47775,2872,50647,599
2021-11-02,Napa,055,140530,13007,12930,109,13039,104
2021-11-02,Nevada,057,99092,9239,9122,322,9444,91
2021-11-02,Orange,059,3164182,308237,305369,15144,320513,5600
2021-11-02,Placer,061,380077,37334,36817,3632,40449,438
2021-11-02,Plumas,063,18699,1817,1721,33,1754,7
2021-11-02,Riverside,065,2383286,364407,359586,16261,375847,5116
2021-11-02,Sacramento,067,1510023,159581,158112,4596,162708,2250
2021-11-02,San Benito,069,59416,7418,7407,168,7575,75
2021-11-02,San Bernardino,071,2135413,355209,351832,11118,362950,5813
2021-11-02,San Diego,073,3302833,374586,372440,21981,394421,4232
2021-11-02,San Francisco,075,870044,53142,52450,2292,54742,663
2021-11-02,San Joaquin,077,732212,100002,99076,5344,104420,1772
2021-11-02,San Luis Obispo,079,281455,29682,29224,1237,30461,348
2021-11-02,San Mateo,081,765935,54299,53351,860,54211,571
2021-11-02,Santa Barbara,083,443738,44558,44177,1531,45708,531
2021-11-02,Santa Clara,085,1922200,147520,146115,1334,147449,1896
2021-11-02,Santa Cruz,087,273765,20458,20266,994,21260,222
2021-11-02,Shasta,089,179085,21537,21127,3570,24697,344
2021-11-02,Sierra,091,2930,184,180,20,200,0
2021-11-02,Siskiyou,093,43540,3347,3272,1274,4546,46
2021-11-02,Solano,095,438530,46057,45378,1250,46628,350
2021-11-02,Sonoma,097,501317,41593,41288,521,41809,395
2021-11-02,Stanislaus,099,539301,78665,78629,8771,87400,1193
2021-11-02,Sutter,101,95872,13907,13868,346,14214,179
2021-11-02,Tehama,103,63373,8563,8422,1467,9889,116
2021-11-02,Trinity,105,12862,857,729,209,938,11
2021-11-02,Tulare,107,460477,68837,67502,14896,82398,1002
2021-11-02,Tuolumne,109,53932,7306,7204,99,7303,90
2021-11-02,Ventura,111,848112,98346,97574,4266,101840,1178
2021-11-02,Yolo,113,214977,19993,19736,963,20699,250
2021-11-02,Yuba,115,75493,10150,10080,327,10407,83
2021-11-01,Alameda,001,1643700,119492,119159,2727,121886,1421
2021-11-01,Alpine,002,1148,101,105,0,105,0
2021-11-01,Amador,005,37829,5580,5532,59,5591,64
2021-11-01,Butte,007,227075,20987,20710,3898,24608,281
2021-11-01,Calaveras,009,45235,4096,4059,54,4113,82
2021-11-01,Colusa,011,21464,2517,2494,633,3127,19
2021-11-01,Contra Costa,013,1133247,99635,99011,2150,101161,1025
2021-11-01,Del Norte,015,27424,3689,3594,53,3647,42
2021-11-01,El Dorado,017,186661,16122,15858,1699,17557,154
2021-11-01,Fresno,019,978130,140512,138421,12659,151080,2149
2021-11-01,Glenn,021,27897,3505,3461,1008,4469,33
2021-11-01,Humboldt,023,135768,9052,8929,555,9484,108
2021-11-01,Imperial,025,180216,33723,33342,3134,36476,766
2021-11-01,Inyo,027,18085,2370,2307,38,2345,41
2021-11-01,Kern,029,883053,127847,126092,22042,148134,1660
2021-11-01,Kings,031,150075,32306,31866,1915,33781,337
2021-11-01,Lake,033,64148,6756,6676,146,6822,106
2021-11-01,Lassen,035,31185,6873,6775,367,7142,42
2021-11-01,Los Angeles,037,10098052,1441786,1428891,53035,1481926,26483
2021-11-01,Madera,039,155013,23226,22801,2089,24890,283
2021-11-01,Marin,041,260295,9141,17460,446,17906,247
2021-11-01,Mariposa,043,17540,1298,1266,47,1313,5
2021-11-01,Mendocino,045,87422,7577,7422,543,7965,84
2021-11-01,Merced,047,269075,41967,41740,1906,43646,594
2021-11-01,Modoc,049,8938,537,520,189,709,5
2021-11-01,Mono,051,14174,1726,1714,22,1736,3
2021-11-01,Monterey,053,433212,48745,47756,2860,50616,597
2021-11-01,Napa,055,140530,12980,12916,108,13024,101
2021-11-01,Nevada,057,99092,9216,9108,321,9429,91
2021-11-01,Orange,059,3164182,307894,305192,15104,320296,5596
2021-11-01,Placer,061,380077,37247,36747,3620,40367,435
2021-11-01,Plumas,063,18699,1798,1719,33,1752,7
2021-11-01,Riverside,065,2383286,363902,359263,16239,375502,5115
2021-11-01,Sacramento,067,1510023,159306,157893,4573,162466,2239
2021-11-01,San Benito,069,59416,7408,7406,167,7573,73
2021-11-01,San Bernardino,071,2135413,354719,351620,11098,362718,5815
2021-11-01,San Diego,073,3302833,374021,372043,21963,394006,4232
2021-11-01,San Francisco,075,870044,53056,52418,2285,54703,661
2021-11-01,San Joaquin,077,732212,99840,98969,5337,104306,1772
2021-11-01,San Luis Obispo,079,281455,29638,29199,1232,30431,343
2021-11-01,San Mateo,081,765935,54232,53314,856,54170,571
2021-11-01,Santa Barbara,083,443738,44491,44146,1527,45673,529
2021-11-01,Santa Clara,085,1922200,147321,145978,1329,147307,1907
2021-11-01,Santa Cruz,087,273765,20423,20238,994,21232,221
2021-11-01,Shasta,089,179085,21484,21104,3563,24667,338
2021-11-01,Sierra,091,2930,184,180,20,200,0
2021-11-01,Siskiyou,093,43540,3340,3272,1269,4541,46
2021-11-01,Solano,095,438530,46004,45358,1250,46608,350
2021-11-01,Sonoma,097,501317,41519,41234,520,41754,395
2021-11-01,Stanislaus,099,539301,78535,78534,8756,87290,1193
2021-11-01,Sutter,101,95872,13883,13852,344,14196,179
2021-11-01,Tehama,103,63373,8535,8412,1464,9876,116
2021-11-01,Trinity,105,12862,855,727,209,936,11
2021-11-01,Tulare,107,460477,68694,67388,14844,82232,1002
2021-11-01,Tuolumne,109,53932,7290,7175,98,7273,90
2021-11-01,Ventura,111,848112,98254,97507,4264,101771,1178
2021-11-01,Yolo,113,214977,19972,19708,957,20665,250
2021-11-01,Yuba,115,75493,10132,10066,325,10391,83
2021-10-31,Alameda,001,1643700,119350,119071,2723,121794,1419
2021-10-31,Alpine,002,1148,101,105,0,105,0
2021-10-31,Amador,005,37829,5569,5518,59,5577,64
2021-10-31,Butte,007,227075,20925,20689,3887,24576,281
2021-10-31,Calaveras,009,45235,4078,4052,53,4105,82
2021-10-31,Colusa,011,21464,2515,2493,630,3123,18
2021-10-31,Contra Costa,013,1133247,99507,98936,2148,101084,1025
2021-10-31,Del Norte,015,27424,3683,3591,53,3644,42
2021-10-31,El Dorado,017,186661,16076,15841,1696,17537,154
2021-10-31,Fresno,019,978130,140110,138165,12625,150790,2147
2021-10-31,Glenn,021,27897,3498,3459,1008,4467,33
2021-10-31,Humboldt,023,135768,9004,8919,549,9468,108
2021-10-31,Imperial,025,180216,33648,33334,3122,36456,766
2021-10-31,Inyo,027,18085,2351,2309,38,2347,41
2021-10-31,Kern,029,883053,127475,125917,21918,147835,1666
2021-10-31,Kings,031,150075,32220,31814,1903,33717,338
2021-10-31,Lake,033,64148,6745,6665,144,6809,106
2021-10-31,Lassen,035,31185,6858,6768,362,7130,42
2021-10-31,Los Angeles,037,10098052,1440234,1427933,52953,1480886,26474
2021-10-31,Madera,039,155013,23130,22744,2076,24820,283
2021-10-31,Marin,041,260295,9113,17443,445,17888,247
2021-10-31,Mariposa,043,17540,1292,1257,46,1303,5
2021-10-31,Mendocino,045,87422,7536,7403,526,7929,84
2021-10-31,Merced,047,269075,41874,41699,1886,43585,589
2021-10-31,Modoc,049,8938,531,517,186,703,5
2021-10-31,Mono,051,14174,1722,1711,22,1733,3
2021-10-31,Monterey,053,433212,48704,47744,2842,50586,596
2021-10-31,Napa,055,140530,12963,12906,106,13012,101
2021-10-31,Nevada,057,99092,9179,9084,316,9400,91
2021-10-31,Orange,059,3164182,307546,305032,15020,320052,5596
2021-10-31,Placer,061,380077,37150,36698,3607,40305,435
2021-10-31,Plumas,063,18699,1780,1716,33,1749,7
2021-10-31,Riverside,065,2383286,363326,359005,16225,375230,5104
2021-10-31,Sacramento,067,1510023,158955,157667,4560,162227,2243
2021-10-31,San Benito,069,59416,7399,7397,165,7562,73
2021-10-31,San Bernardino,071,2135413,354186,351411,11084,362495,5810
2021-10-31,San Diego,073,3302833,373467,371603,21933,393536,4218
2021-10-31,San Francisco,075,870044,52947,52370,2279,54649,661
2021-10-31,San Joaquin,077,732212,99676,98893,5322,104215,1772
2021-10-31,San Luis Obispo,079,281455,29585,29176,1231,30407,343
2021-10-31,San Mateo,081,765935,54173,53284,854,54138,571
2021-10-31,Santa Barbara,083,443738,44421,44113,1522,45635,529
2021-10-31,Santa Clara,085,1922200,147105,145829,1314,147143,1908
2021-10-31,Santa Cruz,087,273765,20388,20218,993,21211,221
2021-10-31,Shasta,089,179085,21401,21086,3551,24637,338
2021-10-31,Sierra,091,2930,184,180,20,200,0
2021-10-31,Siskiyou,093,43540,3334,3271,1268,4539,46
2021-10-31,Solano,095,438530,45955,45310,1244,46554,350
2021-10-31,Sonoma,097,501317,41449,41183,517,41700,395
2021-10-31,Stanislaus,099,539301,78346,78426,8739,87165,1193
2021-10-31,Sutter,101,95872,13864,13838,341,14179,179
2021-10-31,Tehama,103,63373,8504,8391,1460,9851,116
2021-10-31,Trinity,105,12862,855,724,209,933,11
2021-10-31,Tulare,107,460477,68498,67310,14756,82066,1002
2021-10-31,Tuolumne,109,53932,7261,7141,97,7238,90
2021-10-31,Ventura,111,848112,98132,97460,4259,101719,1178
2021-10-31,Yolo,113,214977,19926,19662,953,20615,250
2021-10-31,Yuba,115,75493,10114,10051,315,10366,83
2021-10-30,Alameda,001,1643700,119289,118632,2720,121352,1419
2021-10-30,Alpine,002,1148,101,105,0,105,0
2021-10-30,Amador,005,37829,5560,5480,58,5538,64
2021-10-30,Butte,007,227075,20910,20516,3880,24396,277
2021-10-30,Calaveras,009,45235,4071,3992,53,4045,82
2021-10-30,Colusa,011,21464,2515,2484,629,3113,19
2021-10-30,Contra Costa,013,1133247,99444,98562,2147,100709,1024
2021-10-30,Del Norte,015,27424,3680,3574,53,3627,42
2021-10-30,El Dorado,017,186661,16060,15752,1692,17444,154
2021-10-30,Fresno,019,978130,139965,136901,12613,149514,2131
2021-10-30,Glenn,021,27897,3494,3442,1008,4450,33
2021-10-30,Humboldt,023,135768,8989,8871,547,9418,105
2021-10-30,Imperial,025,180216,33602,33156,3118,36274,766
2021-10-30,Inyo,027,18085,2348,2249,38,2287,41
2021-10-30,Kern,029,883053,127322,124892,21849,146741,1653
2021-10-30,Kings,031,150075,32186,31578,1899,33477,337
2021-10-30,Lake,033,64148,6740,6610,144,6754,106
2021-10-30,Lassen,035,31185,6852,6719,360,7079,42
2021-10-30,Los Angeles,037,10098052,1439512,1424257,52900,1477157,26625
2021-10-30,Madera,039,155013,23086,22524,2071,24595,283
2021-10-30,Marin,041,260295,9098,17380,443,17823,247
2021-10-30,Mariposa,043,17540,1289,1228,46,1274,5
2021-10-30,Mendocino,045,87422,7514,7338,524,7862,84
2021-10-30,Merced,047,269075,41834,41428,1884,43312,586
2021-10-30,Modoc,049,8938,529,513,185,698,5
2021-10-30,Mono,051,14174,1722,1684,22,1706,3
2021-10-30,Monterey,053,433212,48687,47649,2836,50485,588
2021-10-30,Napa,055,140530,12948,12863,105,12968,101
2021-10-30,Nevada,057,99092,9160,9015,316,9331,91
2021-10-30,Orange,059,3164182,307366,304120,14998,319118,5588
2021-10-30,Placer,061,380077,37105,36400,3601,40001,434
2021-10-30,Plumas,063,18699,1775,1695,33,1728,7
2021-10-30,Riverside,065,2383286,363024,357645,16217,373862,5088
2021-10-30,Sacramento,067,1510023,158798,157125,4551,161676,2233
2021-10-30,San Benito,069,59416,7392,7362,165,7527,71
2021-10-30,San Bernardino,071,2135413,353908,350076,11069,361145,5777
2021-10-30,San Diego,073,3302833,373104,370006,21911,391917,4213
2021-10-30,San Francisco,075,870044,52918,52161,2277,54438,661
2021-10-30,San Joaquin,077,732212,99620,98314,5321,103635,1768
2021-10-30,San Luis Obispo,079,281455,29553,29053,1228,30281,341
2021-10-30,San Mateo,081,765935,54134,53083,854,53937,571
2021-10-30,Santa Barbara,083,443738,44385,43972,1521,45493,528
2021-10-30,Santa Clara,085,1922200,146998,145262,1310,146572,1903
2021-10-30,Santa Cruz,087,273765,20370,20134,991,21125,221
2021-10-30,Shasta,089,179085,21357,20878,3545,24423,332
2021-10-30,Sierra,091,2930,184,175,20,195,0
2021-10-30,Siskiyou,093,43540,3333,3257,1265,4522,46
2021-10-30,Solano,095,438530,45934,45146,1242,46388,346
2021-10-30,Sonoma,097,501317,41410,40924,517,41441,393
2021-10-30,Stanislaus,099,539301,78276,77871,8732,86603,1191
2021-10-30,Sutter,101,95872,13850,13773,341,14114,178
2021-10-30,Tehama,103,63373,8492,8307,1456,9763,114
2021-10-30,Trinity,105,12862,853,708,208,916,11
2021-10-30,Tulare,107,460477,68427,66745,14712,81457,995
2021-10-30,Tuolumne,109,53932,7238,7050,96,7146,90
2021-10-30,Ventura,111,848112,98083,97182,4256,101438,1174
2021-10-30,Yolo,113,214977,19907,19568,951,20519,250
2021-10-30,Yuba,115,75493,10103,9969,315,10284,82
2021-10-29,Alameda,001,1643700,119209,118632,2715,121347,1419
2021-10-29,Alpine,002,1148,101,105,0,105,0
2021-10-29,Amador,005,37829,5549,5480,58,5538,64
2021-10-29,Butte,007,227075,20885,20516,3868,24384,277
2021-10-29,Calaveras,009,45235,4064,3992,53,4045,82
2021-10-29,Colusa,011,21464,2515,2484,627,3111,19
2021-10-29,Contra Costa,013,1133247,99376,98562,2145,100707,1024
2021-10-29,Del Norte,015,27424,3673,3574,53,3627,42
2021-10-29,El Dorado,017,186661,16046,15752,1692,17444,154
2021-10-29,Fresno,019,978130,139748,136901,12600,149501,2131
2021-10-29,Glenn,021,27897,3493,3442,1007,4449,33
2021-10-29,Humboldt,023,135768,8984,8871,546,9417,105
2021-10-29,Imperial,025,180216,33575,33156,3115,36271,766
2021-10-29,Inyo,027,18085,2345,2249,38,2287,41
2021-10-29,Kern,029,883053,127145,124892,21759,146651,1653
2021-10-29,Kings,031,150075,32152,31578,1897,33475,337
2021-10-29,Lake,033,64148,6731,6610,141,6751,106
2021-10-29,Lassen,035,31185,6843,6719,358,7077,42
2021-10-29,Los Angeles,037,10098052,1438671,1424257,52858,1477115,26625
2021-10-29,Madera,039,155013,23034,22524,2066,24590,283
2021-10-29,Marin,041,260295,9082,17380,442,17822,247
2021-10-29,Mariposa,043,17540,1285,1228,46,1274,5
2021-10-29,Mendocino,045,87422,7505,7338,524,7862,84
2021-10-29,Merced,047,269075,41784,41428,1878,43306,586
2021-10-29,Modoc,049,8938,526,513,185,698,5
2021-10-29,Mono,051,14174,1720,1684,22,1706,3
2021-10-29,Monterey,053,433212,48664,47649,2836,50485,588
2021-10-29,Napa,055,140530,12927,12863,105,12968,101
2021-10-29,Nevada,057,99092,9148,9015,316,9331,91
2021-10-29,Orange,059,3164182,307141,304120,14978,319098,5588
2021-10-29,Placer,061,380077,37068,36400,3591,39991,434
2021-10-29,Plumas,063,18699,1769,1695,33,1728,7
2021-10-29,Riverside,065,2383286,362689,357645,16212,373857,5088
2021-10-29,Sacramento,067,1510023,158609,157125,4541,161666,2233
2021-10-29,San Benito,069,59416,7389,7362,165,7527,71
2021-10-29,San Bernardino,071,2135413,353603,350076,11058,361134,5777
2021-10-29,San Diego,073,3302833,372732,370006,21883,391889,4213
2021-10-29,San Francisco,075,870044,52858,52161,2270,54431,661
2021-10-29,San Joaquin,077,732212,99560,98314,5316,103630,1768
2021-10-29,San Luis Obispo,079,281455,29527,29053,1226,30279,341
2021-10-29,San Mateo,081,765935,54091,53083,852,53935,571
2021-10-29,Santa Barbara,083,443738,44345,43972,1518,45490,528
2021-10-29,Santa Clara,085,1922200,146882,145262,1303,146565,1903
2021-10-29,Santa Cruz,087,273765,20363,20134,990,21124,221
2021-10-29,Shasta,089,179085,21319,20878,3539,24417,332
2021-10-29,Sierra,091,2930,182,175,20,195,0
2021-10-29,Siskiyou,093,43540,3333,3257,1264,4521,46
2021-10-29,Solano,095,438530,45897,45146,1241,46387,346
2021-10-29,Sonoma,097,501317,41389,40924,517,41441,393
2021-10-29,Stanislaus,099,539301,78191,77871,8720,86591,1191
2021-10-29,Sutter,101,95872,13831,13773,341,14114,178
2021-10-29,Tehama,103,63373,8479,8307,1455,9762,114
2021-10-29,Trinity,105,12862,852,708,208,916,11
2021-10-29,Tulare,107,460477,68322,66745,14669,81414,995
2021-10-29,Tuolumne,109,53932,7225,7050,96,7146,90
2021-10-29,Ventura,111,848112,98028,97182,4252,101434,1174
2021-10-29,Yolo,113,214977,19886,19568,949,20517,250
2021-10-29,Yuba,115,75493,10095,9969,311,10280,82
2021-10-28,Alameda,001,1643700,119086,118632,2708,121340,1419
2021-10-28,Alpine,002,1148,101,105,0,105,0
2021-10-28,Amador,005,37829,5536,5480,58,5538,64
2021-10-28,Butte,007,227075,20843,20516,3857,24373,277
2021-10-28,Calaveras,009,45235,4051,3992,53,4045,82
2021-10-28,Colusa,011,21464,2512,2484,626,3110,19
2021-10-28,Contra Costa,013,1133247,99246,98562,2141,100703,1024
2021-10-28,Del Norte,015,27424,3672,3574,53,3627,42
2021-10-28,El Dorado,017,186661,16017,15752,1689,17441,154
2021-10-28,Fresno,019,978130,139414,136901,12568,149469,2131
2021-10-28,Glenn,021,27897,3490,3442,1005,4447,33
2021-10-28,Humboldt,023,135768,8968,8871,541,9412,105
2021-10-28,Imperial,025,180216,33509,33156,3108,36264,766
2021-10-28,Inyo,027,18085,2328,2249,38,2287,41
2021-10-28,Kern,029,883053,126897,124892,21647,146539,1653
2021-10-28,Kings,031,150075,32083,31578,1892,33470,337
2021-10-28,Lake,033,64148,6721,6610,141,6751,106
2021-10-28,Lassen,035,31185,6834,6719,355,7074,42
2021-10-28,Los Angeles,037,10098052,1437534,1424257,52784,1477041,26625
2021-10-28,Madera,039,155013,22980,22524,2055,24579,283
2021-10-28,Marin,041,260295,9064,17380,441,17821,247
2021-10-28,Mariposa,043,17540,1281,1228,46,1274,5
2021-10-28,Mendocino,045,87422,7492,7338,513,7851,84
2021-10-28,Merced,047,269075,41699,41428,1868,43296,586
2021-10-28,Modoc,049,8938,525,513,185,698,5
2021-10-28,Mono,051,14174,1714,1684,22,1706,3
2021-10-28,Monterey,053,433212,48633,47649,2819,50468,588
2021-10-28,Napa,055,140530,12918,12863,104,12967,101
2021-10-28,Nevada,057,99092,9130,9015,316,9331,91
2021-10-28,Orange,059,3164182,306854,304120,14914,319034,5588
2021-10-28,Placer,061,380077,36995,36400,3582,39982,434
2021-10-28,Plumas,063,18699,1761,1695,33,1728,7
2021-10-28,Riverside,065,2383286,362246,357645,16189,373834,5088
2021-10-28,Sacramento,067,1510023,158343,157125,4528,161653,2233
2021-10-28,San Benito,069,59416,7381,7362,165,7527,71
2021-10-28,San Bernardino,071,2135413,353186,350076,11035,361111,5777
2021-10-28,San Diego,073,3302833,372276,370006,21860,391866,4213
2021-10-28,San Francisco,075,870044,52812,52161,2263,54424,661
2021-10-28,San Joaquin,077,732212,99432,98314,5315,103629,1768
2021-10-28,San Luis Obispo,079,281455,29498,29053,1223,30276,341
2021-10-28,San Mateo,081,765935,54046,53083,850,53933,571
2021-10-28,Santa Barbara,083,443738,44307,43972,1516,45488,528
2021-10-28,Santa Clara,085,1922200,146723,145262,1298,146560,1903
2021-10-28,Santa Cruz,087,273765,20339,20134,990,21124,221
2021-10-28,Shasta,089,179085,21244,20878,3532,24410,332
2021-10-28,Sierra,091,2930,181,175,20,195,0
2021-10-28,Siskiyou,093,43540,3332,3257,1264,4521,46
2021-10-28,Solano,095,438530,45858,45146,1240,46386,346
2021-10-28,Sonoma,097,501317,41321,40924,516,41440,393
2021-10-28,Stanislaus,099,539301,78038,77871,8704,86575,1191
2021-10-28,Sutter,101,95872,13818,13773,337,14110,178
2021-10-28,Tehama,103,63373,8442,8307,1452,9759,114
2021-10-28,Trinity,105,12862,849,708,208,916,11
2021-10-28,Tulare,107,460477,68184,66745,14613,81358,995
2021-10-28,Tuolumne,109,53932,7194,7050,96,7146,90
2021-10-28,Ventura,111,848112,97943,97182,4249,101431,1174
2021-10-28,Yolo,113,214977,19847,19568,946,20514,250
2021-10-28,Yuba,115,75493,10066,9969,308,10277,82
2021-10-27,Alameda,001,1643700,118964,118487,2706,121193,1414
2021-10-27,Alpine,002,1148,101,105,0,105,0
2021-10-27,Amador,005,37829,5524,5470,57,5527,64
2021-10-27,Butte,007,227075,20798,20446,3842,24288,274
2021-10-27,Calaveras,009,45235,4033,3970,52,4022,82
2021-10-27,Colusa,011,21464,2512,2480,625,3105,18
2021-10-27,Contra Costa,013,1133247,99138,98442,2129,100571,1018
2021-10-27,Del Norte,015,27424,3665,3571,52,3623,42
2021-10-27,El Dorado,017,186661,15986,15723,1684,17407,154
2021-10-27,Fresno,019,978130,139032,136447,12533,148980,2128
2021-10-27,Glenn,021,27897,3488,3435,1004,4439,33
2021-10-27,Humboldt,023,135768,8948,8851,539,9390,105
2021-10-27,Imperial,025,180216,33469,33068,3103,36171,766
2021-10-27,Inyo,027,18085,2308,2236,38,2274,41
2021-10-27,Kern,029,883053,126628,124557,21547,146104,1647
2021-10-27,Kings,031,150075,32018,31437,1886,33323,335
2021-10-27,Lake,033,64148,6695,6589,141,6730,105
2021-10-27,Lassen,035,31185,6821,6706,353,7059,42
2021-10-27,Los Angeles,037,10098052,1436305,1422615,52726,1475341,26604
2021-10-27,Madera,039,155013,22894,22413,2031,24444,283
2021-10-27,Marin,041,260295,9049,17362,441,17803,247
2021-10-27,Mariposa,043,17540,1268,1228,46,1274,5
2021-10-27,Mendocino,045,87422,7478,7321,506,7827,84
2021-10-27,Merced,047,269075,41601,41310,1854,43164,583
2021-10-27,Modoc,049,8938,521,513,185,698,5
2021-10-27,Mono,051,14174,1711,1682,22,1704,3
2021-10-27,Monterey,053,433212,48596,47610,2798,50408,588
2021-10-27,Napa,055,140530,12903,12856,104,12960,101
2021-10-27,Nevada,057,99092,9113,8987,315,9302,90
2021-10-27,Orange,059,3164182,306533,303825,14864,318689,5584
2021-10-27,Placer,061,380077,36928,36296,3575,39871,434
2021-10-27,Plumas,063,18699,1753,1686,33,1719,7
2021-10-27,Riverside,065,2383286,361817,357152,16181,373333,5081
2021-10-27,Sacramento,067,1510023,158075,156830,4507,161337,2230
2021-10-27,San Benito,069,59416,7374,7337,165,7502,71
2021-10-27,San Bernardino,071,2135413,352761,349624,11013,360637,5770
2021-10-27,San Diego,073,3302833,371720,369579,21836,391415,4207
2021-10-27,San Francisco,075,870044,52760,52108,2259,54367,655
2021-10-27,San Joaquin,077,732212,99275,98168,5300,103468,1753
2021-10-27,San Luis Obispo,079,281455,29459,29002,1221,30223,341
2021-10-27,San Mateo,081,765935,53991,53032,842,53874,571
2021-10-27,Santa Barbara,083,443738,44254,43901,1513,45414,527
2021-10-27,Santa Clara,085,1922200,146544,145081,1290,146371,1902
2021-10-27,Santa Cruz,087,273765,20312,20091,988,21079,221
2021-10-27,Shasta,089,179085,21169,20813,3524,24337,331
2021-10-27,Sierra,091,2930,180,176,20,196,0
2021-10-27,Siskiyou,093,43540,3329,3256,1260,4516,46
2021-10-27,Solano,095,438530,45813,45089,1233,46322,346
2021-10-27,Sonoma,097,501317,41245,40829,514,41343,393
2021-10-27,Stanislaus,099,539301,77879,77687,8689,86376,1191
2021-10-27,Sutter,101,95872,13804,13754,337,14091,177
2021-10-27,Tehama,103,63373,8420,8265,1450,9715,113
2021-10-27,Trinity,105,12862,849,706,207,913,11
2021-10-27,Tulare,107,460477,68031,66568,14557,81125,991
2021-10-27,Tuolumne,109,53932,7167,7009,95,7104,90
2021-10-27,Ventura,111,848112,97851,97108,4244,101352,1172
2021-10-27,Yolo,113,214977,19818,19517,939,20456,250
2021-10-27,Yuba,115,75493,10045,9945,306,10251,82
2021-10-26,Alameda,001,1643700,118824,118360,2704,121064,1407
2021-10-26,Alpine,002,1148,101,105,0,105,0
2021-10-26,Amador,005,37829,5516,5465,56,5521,64
2021-10-26,Butte,007,227075,20738,20387,3825,24212,274
2021-10-26,Calaveras,009,45235,4022,3966,52,4018,81
2021-10-26,Colusa,011,21464,2509,2478,624,3102,18
2021-10-26,Contra Costa,013,1133247,99014,98352,2119,100471,1017
2021-10-26,Del Norte,015,27424,3660,3563,52,3615,42
2021-10-26,El Dorado,017,186661,15958,15690,1675,17365,153
2021-10-26,Fresno,019,978130,138585,136211,12482,148693,2122
2021-10-26,Glenn,021,27897,3474,3431,1001,4432,33
2021-10-26,Humboldt,023,135768,8930,8830,533,9363,105
2021-10-26,Imperial,025,180216,33404,33012,3098,36110,766
2021-10-26,Inyo,027,18085,2293,2200,38,2238,41
2021-10-26,Kern,029,883053,126285,124351,21429,145780,1645
2021-10-26,Kings,031,150075,31951,31382,1879,33261,336
2021-10-26,Lake,033,64148,6685,6584,139,6723,105
2021-10-26,Lassen,035,31185,6800,6689,351,7040,42
2021-10-26,Los Angeles,037,10098052,1434966,1421795,52655,1474450,26599
2021-10-26,Madera,039,155013,22804,22363,2020,24383,283
2021-10-26,Marin,041,260295,9032,17354,440,17794,244
2021-10-26,Mariposa,043,17540,1263,1225,45,1270,5
2021-10-26,Mendocino,045,87422,7449,7308,490,7798,83
2021-10-26,Merced,047,269075,41523,41267,1847,43114,583
2021-10-26,Modoc,049,8938,521,513,185,698,5
2021-10-26,Mono,051,14174,1706,1680,22,1702,3
2021-10-26,Monterey,053,433212,48557,47572,2788,50360,588
2021-10-26,Napa,055,140530,12891,12849,104,12953,101
2021-10-26,Nevada,057,99092,9082,8971,314,9285,90
2021-10-26,Orange,059,3164182,306263,303533,14825,318358,5580
2021-10-26,Placer,061,380077,36830,36245,3569,39814,434
2021-10-26,Plumas,063,18699,1744,1645,33,1678,7
2021-10-26,Riverside,065,2383286,361328,356775,16171,372946,5068
2021-10-26,Sacramento,067,1510023,157773,156643,4490,161133,2228
2021-10-26,San Benito,069,59416,7351,7325,165,7490,71
2021-10-26,San Bernardino,071,2135413,352332,349346,10998,360344,5764
2021-10-26,San Diego,073,3302833,371203,369043,21806,390849,4198
2021-10-26,San Francisco,075,870044,52686,52063,2256,54319,655
2021-10-26,San Joaquin,077,732212,99097,98036,5286,103322,1748
2021-10-26,San Luis Obispo,079,281455,29420,28928,1215,30143,337
2021-10-26,San Mateo,081,765935,53919,52974,839,53813,571
2021-10-26,Santa Barbara,083,443738,44208,43835,1512,45347,525
2021-10-26,Santa Clara,085,1922200,146342,144932,1284,146216,1903
2021-10-26,Santa Cruz,087,273765,20281,20067,988,21055,221
2021-10-26,Shasta,089,179085,21108,20725,3506,24231,330
2021-10-26,Sierra,091,2930,180,169,20,189,0
2021-10-26,Siskiyou,093,43540,3323,3254,1258,4512,46
2021-10-26,Solano,095,438530,45758,45044,1232,46276,344
2021-10-26,Sonoma,097,501317,41164,40794,512,41306,393
2021-10-26,Stanislaus,099,539301,77705,77552,8664,86216,1157
2021-10-26,Sutter,101,95872,13775,13739,336,14075,176
2021-10-26,Tehama,103,63373,8392,8247,1445,9692,112
2021-10-26,Trinity,105,12862,845,705,207,912,11
2021-10-26,Tulare,107,460477,67870,66476,14500,80976,991
2021-10-26,Tuolumne,109,53932,7141,6995,93,7088,90
2021-10-26,Ventura,111,848112,97742,97014,4241,101255,1170
2021-10-26,Yolo,113,214977,19787,19490,938,20428,248
2021-10-26,Yuba,115,75493,10027,9927,301,10228,82
2021-10-25,Alameda,001,1643700,118681,118319,2703,121022,1404
2021-10-25,Alpine,002,1148,101,105,0,105,0
2021-10-25,Amador,005,37829,5502,5455,56,5511,64
2021-10-25,Butte,007,227075,20665,20331,3817,24148,273
2021-10-25,Calaveras,009,45235,3992,3942,51,3993,82
2021-10-25,Colusa,011,21464,2507,2471,622,3093,18
2021-10-25,Contra Costa,013,1133247,98899,98267,2115,100382,1017
2021-10-25,Del Norte,015,27424,3653,3562,52,3614,42
2021-10-25,El Dorado,017,186661,15923,15663,1673,17336,149
2021-10-25,Fresno,019,978130,138150,135974,12446,148420,2112
2021-10-25,Glenn,021,27897,3471,3421,1000,4421,33
2021-10-25,Humboldt,023,135768,8907,8825,528,9353,105
2021-10-25,Imperial,025,180216,33343,32968,3087,36055,766
2021-10-25,Inyo,027,18085,2275,2183,38,2221,41
2021-10-25,Kern,029,883053,125934,124078,21290,145368,1649
2021-10-25,Kings,031,150075,31861,31329,1870,33199,335
2021-10-25,Lake,033,64148,6671,6571,139,6710,105
2021-10-25,Lassen,035,31185,6789,6688,349,7037,42
2021-10-25,Los Angeles,037,10098052,1433611,1421061,52590,1473651,26579
2021-10-25,Madera,039,155013,22750,22325,2013,24338,281
2021-10-25,Marin,041,260295,9010,17334,438,17772,244
2021-10-25,Mariposa,043,17540,1249,1220,45,1265,5
2021-10-25,Mendocino,045,87422,7420,7296,486,7782,82
2021-10-25,Merced,047,269075,41455,41207,1820,43027,583
2021-10-25,Modoc,049,8938,519,512,183,695,5
2021-10-25,Mono,051,14174,1698,1677,22,1699,3
2021-10-25,Monterey,053,433212,48524,47547,2786,50333,587
2021-10-25,Napa,055,140530,12878,12841,104,12945,100
2021-10-25,Nevada,057,99092,9056,8958,314,9272,90
2021-10-25,Orange,059,3164182,305963,303279,14788,318067,5574
2021-10-25,Placer,061,380077,36720,36153,3559,39712,431
2021-10-25,Plumas,063,18699,1732,1641,33,1674,7
2021-10-25,Riverside,065,2383286,360897,356381,16156,372537,5056
2021-10-25,Sacramento,067,1510023,157467,156516,4467,160983,2235
2021-10-25,San Benito,069,59416,7338,7314,164,7478,71
2021-10-25,San Bernardino,071,2135413,351823,349075,10986,360061,5748
2021-10-25,San Diego,073,3302833,370634,368386,21778,390164,4196
2021-10-25,San Francisco,075,870044,52613,52041,2250,54291,649
2021-10-25,San Joaquin,077,732212,98896,97980,5277,103257,1740
2021-10-25,San Luis Obispo,079,281455,29372,28907,1210,30117,336
2021-10-25,San Mateo,081,765935,53858,52927,835,53762,571
2021-10-25,Santa Barbara,083,443738,44149,43775,1512,45287,525
2021-10-25,Santa Clara,085,1922200,146150,144895,1279,146174,1901
2021-10-25,Santa Cruz,087,273765,20252,20053,987,21040,221
2021-10-25,Shasta,089,179085,21036,20666,3500,24166,326
2021-10-25,Sierra,091,2930,180,168,20,188,0
2021-10-25,Siskiyou,093,43540,3319,3248,1253,4501,46
2021-10-25,Solano,095,438530,45698,45022,1230,46252,344
2021-10-25,Sonoma,097,501317,41093,40746,510,41256,393
2021-10-25,Stanislaus,099,539301,77513,77452,8636,86088,1145
2021-10-25,Sutter,101,95872,13761,13721,333,14054,176
2021-10-25,Tehama,103,63373,8365,8224,1441,9665,111
2021-10-25,Trinity,105,12862,840,699,206,905,11
2021-10-25,Tulare,107,460477,67674,66357,14438,80795,986
2021-10-25,Tuolumne,109,53932,7107,6952,92,7044,90
2021-10-25,Ventura,111,848112,97651,96932,4239,101171,1167
2021-10-25,Yolo,113,214977,19737,19457,935,20392,248
2021-10-25,Yuba,115,75493,10011,9924,297,10221,82
2021-10-24,Alameda,001,1643700,118549,117816,2698,120514,1397
2021-10-24,Alpine,002,1148,101,105,0,105,0
2021-10-24,Amador,005,37829,5497,5412,56,5468,64
2021-10-24,Butte,007,227075,20594,20101,3804,23905,273
2021-10-24,Calaveras,009,45235,3973,3865,50,3915,81
2021-10-24,Colusa,011,21464,2504,2458,619,3077,18
2021-10-24,Contra Costa,013,1133247,98780,97855,2106,99961,1008
2021-10-24,Del Norte,015,27424,3649,3540,52,3592,42
2021-10-24,El Dorado,017,186661,15886,15540,1669,17209,149
2021-10-24,Fresno,019,978130,137717,134466,12395,146861,2094
2021-10-24,Glenn,021,27897,3463,3399,998,4397,33
2021-10-24,Humboldt,023,135768,8894,8753,522,9275,105
2021-10-24,Imperial,025,180216,33266,32777,3081,35858,766
2021-10-24,Inyo,027,18085,2243,2108,38,2146,41
2021-10-24,Kern,029,883053,125600,122939,21174,144113,1636
2021-10-24,Kings,031,150075,31732,30942,1855,32797,325
2021-10-24,Lake,033,64148,6648,6501,138,6639,105
2021-10-24,Lassen,035,31185,6772,6632,348,6980,27
2021-10-24,Los Angeles,037,10098052,1432177,1415919,52522,1468441,26527
2021-10-24,Madera,039,155013,22673,22062,2001,24063,281
2021-10-24,Marin,041,260295,8992,17264,437,17701,244
2021-10-24,Mariposa,043,17540,1246,1184,45,1229,5
2021-10-24,Mendocino,045,87422,7397,7220,476,7696,82
2021-10-24,Merced,047,269075,41332,40808,1814,42622,581
2021-10-24,Modoc,049,8938,518,507,183,690,5
2021-10-24,Mono,051,14174,1693,1655,22,1677,3
2021-10-24,Monterey,053,433212,48476,47456,2776,50232,586
2021-10-24,Napa,055,140530,12867,12789,104,12893,100
2021-10-24,Nevada,057,99092,9033,8861,311,9172,90
2021-10-24,Orange,059,3164182,305610,302237,14752,316989,5546
2021-10-24,Placer,061,380077,36618,35822,3545,39367,426
2021-10-24,Plumas,063,18699,1722,1623,32,1655,7
2021-10-24,Riverside,065,2383286,360424,354688,16136,370824,5041
2021-10-24,Sacramento,067,1510023,157125,155125,4444,159569,2232
2021-10-24,San Benito,069,59416,7318,7280,164,7444,71
2021-10-24,San Bernardino,071,2135413,351265,347681,10974,358655,5688
2021-10-24,San Diego,073,3302833,370050,366085,21747,387832,4183
2021-10-24,San Francisco,075,870044,52550,51820,2244,54064,649
2021-10-24,San Joaquin,077,732212,98723,97440,5271,102711,1721
2021-10-24,San Luis Obispo,079,281455,29311,28755,1203,29958,333
2021-10-24,San Mateo,081,765935,53786,52719,835,53554,571
2021-10-24,Santa Barbara,083,443738,44082,43552,1510,45062,523
2021-10-24,Santa Clara,085,1922200,145959,144276,1269,145545,1897
2021-10-24,Santa Cruz,087,273765,20214,19967,986,20953,221
2021-10-24,Shasta,089,179085,20938,20386,3494,23880,321
2021-10-24,Sierra,091,2930,180,168,20,188,0
2021-10-24,Siskiyou,093,43540,3312,3231,1249,4480,46
2021-10-24,Solano,095,438530,45649,44861,1225,46086,341
2021-10-24,Sonoma,097,501317,41010,40476,510,40986,393
2021-10-24,Stanislaus,099,539301,77322,76812,8625,85437,1145
2021-10-24,Sutter,101,95872,13735,13616,325,13941,175
2021-10-24,Tehama,103,63373,8317,8105,1430,9535,110
2021-10-24,Trinity,105,12862,836,696,204,900,11
2021-10-24,Tulare,107,460477,67501,65585,14367,79952,978
2021-10-24,Tuolumne,109,53932,7067,6840,90,6930,90
2021-10-24,Ventura,111,848112,97544,96664,4237,100901,1167
2021-10-24,Yolo,113,214977,19686,19280,935,20215,248
2021-10-24,Yuba,115,75493,9987,9838,296,10134,82
2021-10-23,Alameda,001,1643700,118461,117816,2693,120509,1397
2021-10-23,Alpine,002,1148,101,105,0,105,0
2021-10-23,Amador,005,37829,5490,5412,56,5468,64
2021-10-23,Butte,007,227075,20557,20101,3796,23897,273
2021-10-23,Calaveras,009,45235,3966,3865,49,3914,81
2021-10-23,Colusa,011,21464,2502,2458,618,3076,18
2021-10-23,Contra Costa,013,1133247,98727,97855,2102,99957,1008
2021-10-23,Del Norte,015,27424,3647,3540,52,3592,42
2021-10-23,El Dorado,017,186661,15860,15540,1667,17207,149
2021-10-23,Fresno,019,978130,137537,134466,12382,146848,2094
2021-10-23,Glenn,021,27897,3461,3399,997,4396,33
2021-10-23,Humboldt,023,135768,8880,8753,517,9270,105
2021-10-23,Imperial,025,180216,33218,32777,3077,35854,766
2021-10-23,Inyo,027,18085,2232,2108,38,2146,41
2021-10-23,Kern,029,883053,125440,122939,21087,144026,1636
2021-10-23,Kings,031,150075,31686,30942,1853,32795,325
2021-10-23,Lake,033,64148,6643,6501,138,6639,105
2021-10-23,Lassen,035,31185,6769,6632,346,6978,27
2021-10-23,Los Angeles,037,10098052,1431501,1415919,52468,1468387,26527
2021-10-23,Madera,039,155013,22624,22062,1993,24055,281
2021-10-23,Marin,041,260295,8975,17264,437,17701,244
2021-10-23,Mariposa,043,17540,1243,1184,44,1228,5
2021-10-23,Mendocino,045,87422,7390,7220,475,7695,82
2021-10-23,Merced,047,269075,41291,40808,1809,42617,581
2021-10-23,Modoc,049,8938,516,507,183,690,5
2021-10-23,Mono,051,14174,1687,1655,22,1677,3
2021-10-23,Monterey,053,433212,48459,47456,2772,50228,586
2021-10-23,Napa,055,140530,12862,12789,104,12893,100
2021-10-23,Nevada,057,99092,9022,8861,309,9170,90
2021-10-23,Orange,059,3164182,305421,302237,14737,316974,5546
2021-10-23,Placer,061,380077,36558,35822,3539,39361,426
2021-10-23,Plumas,063,18699,1721,1623,32,1655,7
2021-10-23,Riverside,065,2383286,360101,354688,16129,370817,5041
2021-10-23,Sacramento,067,1510023,156996,155125,4436,159561,2232
2021-10-23,San Benito,069,59416,7308,7280,164,7444,71
2021-10-23,San Bernardino,071,2135413,350994,347681,10966,358647,5688
2021-10-23,San Diego,073,3302833,369708,366085,21716,387801,4183
2021-10-23,San Francisco,075,870044,52514,51820,2243,54063,649
2021-10-23,San Joaquin,077,732212,98654,97440,5262,102702,1721
2021-10-23,San Luis Obispo,079,281455,29273,28755,1201,29956,333
2021-10-23,San Mateo,081,765935,53748,52719,834,53553,571
2021-10-23,Santa Barbara,083,443738,44051,43552,1508,45060,523
2021-10-23,Santa Clara,085,1922200,145848,144276,1265,145541,1897
2021-10-23,Santa Cruz,087,273765,20202,19967,986,20953,221
2021-10-23,Shasta,089,179085,20902,20386,3482,23868,321
2021-10-23,Sierra,091,2930,179,168,20,188,0
2021-10-23,Siskiyou,093,43540,3310,3231,1249,4480,46
2021-10-23,Solano,095,438530,45624,44861,1222,46083,341
2021-10-23,Sonoma,097,501317,40970,40476,510,40986,393
2021-10-23,Stanislaus,099,539301,77233,76812,8605,85417,1145
2021-10-23,Sutter,101,95872,13728,13616,324,13940,175
2021-10-23,Tehama,103,63373,8305,8105,1429,9534,110
2021-10-23,Trinity,105,12862,835,696,204,900,11
2021-10-23,Tulare,107,460477,67413,65585,14308,79893,978
2021-10-23,Tuolumne,109,53932,7046,6840,90,6930,90
2021-10-23,Ventura,111,848112,97483,96664,4237,100901,1167
2021-10-23,Yolo,113,214977,19668,19280,933,20213,248
2021-10-23,Yuba,115,75493,9978,9838,296,10134,82
2021-10-22,Alameda,001,1643700,118379,117816,2690,120506,1397
2021-10-22,Alpine,002,1148,101,105,0,105,0
2021-10-22,Amador,005,37829,5479,5412,56,5468,64
2021-10-22,Butte,007,227075,20525,20101,3792,23893,273
2021-10-22,Calaveras,009,45235,3958,3865,49,3914,81
2021-10-22,Colusa,011,21464,2499,2458,618,3076,18
2021-10-22,Contra Costa,013,1133247,98636,97855,2100,99955,1008
2021-10-22,Del Norte,015,27424,3643,3540,52,3592,42
2021-10-22,El Dorado,017,186661,15847,15540,1665,17205,149
2021-10-22,Fresno,019,978130,137322,134466,12361,146827,2094
2021-10-22,Glenn,021,27897,3451,3399,997,4396,33
2021-10-22,Humboldt,023,135768,8866,8753,516,9269,105
2021-10-22,Imperial,025,180216,33174,32777,3077,35854,766
2021-10-22,Inyo,027,18085,2219,2108,38,2146,41
2021-10-22,Kern,029,883053,125253,122939,21014,143953,1636
2021-10-22,Kings,031,150075,31651,30942,1852,32794,325
2021-10-22,Lake,033,64148,6633,6501,138,6639,105
2021-10-22,Lassen,035,31185,6762,6632,343,6975,27
2021-10-22,Los Angeles,037,10098052,1430736,1415919,52410,1468329,26527
2021-10-22,Madera,039,155013,22574,22062,1981,24043,281
2021-10-22,Marin,041,260295,8964,17264,437,17701,244
2021-10-22,Mariposa,043,17540,1240,1184,44,1228,5
2021-10-22,Mendocino,045,87422,7376,7220,474,7694,82
2021-10-22,Merced,047,269075,41254,40808,1802,42610,581
2021-10-22,Modoc,049,8938,516,507,183,690,5
2021-10-22,Mono,051,14174,1685,1655,22,1677,3
2021-10-22,Monterey,053,433212,48425,47456,2770,50226,586
2021-10-22,Napa,055,140530,12856,12789,104,12893,100
2021-10-22,Nevada,057,99092,9005,8861,308,9169,90
2021-10-22,Orange,059,3164182,305205,302237,14707,316944,5546
2021-10-22,Placer,061,380077,36528,35822,3530,39352,426
2021-10-22,Plumas,063,18699,1715,1623,32,1655,7
2021-10-22,Riverside,065,2383286,359789,354688,16124,370812,5041
2021-10-22,Sacramento,067,1510023,156809,155125,4427,159552,2232
2021-10-22,San Benito,069,59416,7303,7280,164,7444,71
2021-10-22,San Bernardino,071,2135413,350664,347681,10951,358632,5688
2021-10-22,San Diego,073,3302833,369310,366085,21698,387783,4183
2021-10-22,San Francisco,075,870044,52476,51820,2236,54056,649
2021-10-22,San Joaquin,077,732212,98593,97440,5259,102699,1721
2021-10-22,San Luis Obispo,079,281455,29243,28755,1201,29956,333
2021-10-22,San Mateo,081,765935,53697,52719,828,53547,571
2021-10-22,Santa Barbara,083,443738,44010,43552,1508,45060,523
2021-10-22,Santa Clara,085,1922200,145690,144276,1258,145534,1897
2021-10-22,Santa Cruz,087,273765,20180,19967,986,20953,221
2021-10-22,Shasta,089,179085,20869,20386,3479,23865,321
2021-10-22,Sierra,091,2930,178,168,19,187,0
2021-10-22,Siskiyou,093,43540,3308,3231,1246,4477,46
2021-10-22,Solano,095,438530,45589,44861,1218,46079,341
2021-10-22,Sonoma,097,501317,40913,40476,510,40986,393
2021-10-22,Stanislaus,099,539301,77130,76812,8588,85400,1145
2021-10-22,Sutter,101,95872,13713,13616,324,13940,175
2021-10-22,Tehama,103,63373,8284,8105,1424,9529,110
2021-10-22,Trinity,105,12862,834,696,204,900,11
2021-10-22,Tulare,107,460477,67325,65585,14256,79841,978
2021-10-22,Tuolumne,109,53932,7011,6840,90,6930,90
2021-10-22,Ventura,111,848112,97430,96664,4231,100895,1167
2021-10-22,Yolo,113,214977,19641,19280,932,20212,248
2021-10-22,Yuba,115,75493,9964,9838,294,10132,82
2021-10-21,Alameda,001,1643700,118264,117816,2684,120500,1397
2021-10-21,Alpine,002,1148,101,105,0,105,0
2021-10-21,Amador,005,37829,5471,5412,56,5468,64
2021-10-21,Butte,007,227075,20441,20101,3776,23877,273
2021-10-21,Calaveras,009,45235,3939,3865,49,3914,81
2021-10-21,Colusa,011,21464,2495,2458,614,3072,18
2021-10-21,Contra Costa,013,1133247,98519,97855,2095,99950,1008
2021-10-21,Del Norte,015,27424,3637,3540,51,3591,42
2021-10-21,El Dorado,017,186661,15818,15540,1658,17198,149
2021-10-21,Fresno,019,978130,136971,134466,12316,146782,2094
2021-10-21,Glenn,021,27897,3447,3399,994,4393,33
2021-10-21,Humboldt,023,135768,8852,8753,512,9265,105
2021-10-21,Imperial,025,180216,33119,32777,3073,35850,766
2021-10-21,Inyo,027,18085,2197,2108,38,2146,41
2021-10-21,Kern,029,883053,125006,122939,20905,143844,1636
2021-10-21,Kings,031,150075,31553,30942,1846,32788,325
2021-10-21,Lake,033,64148,6619,6501,137,6638,105
2021-10-21,Lassen,035,31185,6749,6632,339,6971,27
2021-10-21,Los Angeles,037,10098052,1429615,1415919,52363,1468282,26527
2021-10-21,Madera,039,155013,22516,22062,1971,24033,281
2021-10-21,Marin,041,260295,8946,17264,437,17701,244
2021-10-21,Mariposa,043,17540,1234,1184,43,1227,5
2021-10-21,Mendocino,045,87422,7358,7220,467,7687,82
2021-10-21,Merced,047,269075,41157,40808,1791,42599,581
2021-10-21,Modoc,049,8938,516,507,183,690,5
2021-10-21,Mono,051,14174,1676,1655,22,1677,3
2021-10-21,Monterey,053,433212,48391,47456,2759,50215,586
2021-10-21,Napa,055,140530,12844,12789,104,12893,100
2021-10-21,Nevada,057,99092,8980,8861,308,9169,90
2021-10-21,Orange,059,3164182,304933,302237,14671,316908,5546
2021-10-21,Placer,061,380077,36436,35822,3517,39339,426
2021-10-21,Plumas,063,18699,1701,1623,32,1655,7
2021-10-21,Riverside,065,2383286,359344,354688,16114,370802,5041
2021-10-21,Sacramento,067,1510023,156489,155125,4401,159526,2232
2021-10-21,San Benito,069,59416,7296,7280,162,7442,71
2021-10-21,San Bernardino,071,2135413,350284,347681,10917,358598,5688
2021-10-21,San Diego,073,3302833,368798,366085,21668,387753,4183
2021-10-21,San Francisco,075,870044,52421,51820,2235,54055,649
2021-10-21,San Joaquin,077,732212,98455,97440,5252,102692,1721
2021-10-21,San Luis Obispo,079,281455,29201,28755,1199,29954,333
2021-10-21,San Mateo,081,765935,53650,52719,827,53546,571
2021-10-21,Santa Barbara,083,443738,43944,43552,1506,45058,523
2021-10-21,Santa Clara,085,1922200,145516,144276,1254,145530,1897
2021-10-21,Santa Cruz,087,273765,20156,19967,984,20951,221
2021-10-21,Shasta,089,179085,20808,20386,3464,23850,321
2021-10-21,Sierra,091,2930,177,168,18,186,0
2021-10-21,Siskiyou,093,43540,3303,3231,1244,4475,46
2021-10-21,Solano,095,438530,45537,44861,1216,46077,341
2021-10-21,Sonoma,097,501317,40844,40476,508,40984,393
2021-10-21,Stanislaus,099,539301,76961,76812,8577,85389,1145
2021-10-21,Sutter,101,95872,13685,13616,320,13936,175
2021-10-21,Tehama,103,63373,8256,8105,1417,9522,110
2021-10-21,Trinity,105,12862,832,696,204,900,11
2021-10-21,Tulare,107,460477,67136,65585,14188,79773,978
2021-10-21,Tuolumne,109,53932,6973,6840,89,6929,90
2021-10-21,Ventura,111,848112,97341,96664,4229,100893,1167
2021-10-21,Yolo,113,214977,19595,19280,931,20211,248
2021-10-21,Yuba,115,75493,9940,9838,293,10131,82
2021-10-20,Alameda,001,1643700,118143,117654,2684,120338,1390
2021-10-20,Alpine,002,1148,101,103,0,103,0
2021-10-20,Amador,005,37829,5463,5379,56,5435,64
2021-10-20,Butte,007,227075,20386,20021,3760,23781,270
2021-10-20,Calaveras,009,45235,3919,3844,48,3892,81
2021-10-20,Colusa,011,21464,2491,2454,612,3066,18
2021-10-20,Contra Costa,013,1133247,98404,97721,2091,99812,1008
2021-10-20,Del Norte,015,27424,3633,3536,51,3587,42
2021-10-20,El Dorado,017,186661,15789,15502,1655,17157,149
2021-10-20,Fresno,019,978130,136568,134025,12275,146300,2084
2021-10-20,Glenn,021,27897,3439,3382,993,4375,33
2021-10-20,Humboldt,023,135768,8830,8727,510,9237,105
2021-10-20,Imperial,025,180216,33045,32705,3065,35770,766
2021-10-20,Inyo,027,18085,2178,2077,37,2114,40
2021-10-20,Kern,029,883053,124712,122630,20787,143417,1623
2021-10-20,Kings,031,150075,31477,30805,1836,32641,322
2021-10-20,Lake,033,64148,6597,6475,136,6611,104
2021-10-20,Lassen,035,31185,6734,6622,339,6961,27
2021-10-20,Los Angeles,037,10098052,1428497,1414931,52292,1467223,26506
2021-10-20,Madera,039,155013,22447,21983,1962,23945,281
2021-10-20,Marin,041,260295,8925,17250,436,17686,244
2021-10-20,Mariposa,043,17540,1227,1174,43,1217,5
2021-10-20,Mendocino,045,87422,7330,7189,464,7653,82
2021-10-20,Merced,047,269075,41076,40685,1775,42460,581
2021-10-20,Modoc,049,8938,516,504,183,687,5
2021-10-20,Mono,051,14174,1676,1653,22,1675,3
2021-10-20,Monterey,053,433212,48359,47430,2750,50180,587
2021-10-20,Napa,055,140530,12830,12773,103,12876,100
2021-10-20,Nevada,057,99092,8952,8836,308,9144,90
2021-10-20,Orange,059,3164182,304645,301957,14649,316606,5534
2021-10-20,Placer,061,380077,36346,35729,3508,39237,425
2021-10-20,Plumas,063,18699,1694,1604,32,1636,7
2021-10-20,Riverside,065,2383286,358900,354311,16097,370408,5030
2021-10-20,Sacramento,067,1510023,156189,154822,4377,159199,2222
2021-10-20,San Benito,069,59416,7293,7275,160,7435,71
2021-10-20,San Bernardino,071,2135413,349882,347217,10886,358103,5663
2021-10-20,San Diego,073,3302833,368291,365698,21649,387347,4178
2021-10-20,San Francisco,075,870044,52372,51755,2234,53989,646
2021-10-20,San Joaquin,077,732212,98310,97246,5244,102490,1721
2021-10-20,San Luis Obispo,079,281455,29155,28727,1195,29922,332
2021-10-20,San Mateo,081,765935,53579,52663,819,53482,571
2021-10-20,Santa Barbara,083,443738,43881,43489,1505,44994,523
2021-10-20,Santa Clara,085,1922200,145375,144124,1249,145373,1896
2021-10-20,Santa Cruz,087,273765,20143,19951,984,20935,219
2021-10-20,Shasta,089,179085,20746,20313,3437,23750,320
2021-10-20,Sierra,091,2930,177,168,18,186,0
2021-10-20,Siskiyou,093,43540,3303,3224,1238,4462,46
2021-10-20,Solano,095,438530,45505,44819,1214,46033,341
2021-10-20,Sonoma,097,501317,40797,40404,508,40912,393
2021-10-20,Stanislaus,099,539301,76811,76631,8558,85189,1145
2021-10-20,Sutter,101,95872,13661,13592,314,13906,175
2021-10-20,Tehama,103,63373,8225,8081,1406,9487,110
2021-10-20,Trinity,105,12862,832,693,203,896,11
2021-10-20,Tulare,107,460477,66961,65413,14144,79557,967
2021-10-20,Tuolumne,109,53932,6950,6803,89,6892,89
2021-10-20,Ventura,111,848112,97259,96610,4224,100834,1166
2021-10-20,Yolo,113,214977,19550,19236,929,20165,248
2021-10-20,Yuba,115,75493,9923,9808,290,10098,82
2021-10-19,Alameda,001,1643700,118020,117542,2678,120220,1383
2021-10-19,Alpine,002,1148,101,103,0,103,0
2021-10-19,Amador,005,37829,5447,5367,56,5423,64
2021-10-19,Butte,007,227075,20333,19974,3752,23726,268
2021-10-19,Calaveras,009,45235,3902,3826,47,3873,80
2021-10-19,Colusa,011,21464,2488,2447,610,3057,18
2021-10-19,Contra Costa,013,1133247,98313,97613,2086,99699,1004
2021-10-19,Del Norte,015,27424,3626,3531,51,3582,42
2021-10-19,El Dorado,017,186661,15764,15478,1650,17128,149
2021-10-19,Fresno,019,978130,136202,133813,12226,146039,2073
2021-10-19,Glenn,021,27897,3435,3380,991,4371,33
2021-10-19,Humboldt,023,135768,8806,8714,504,9218,105
2021-10-19,Imperial,025,180216,32980,32632,3061,35693,764
2021-10-19,Inyo,027,18085,2147,2045,37,2082,40
2021-10-19,Kern,029,883053,124395,122391,20663,143054,1613
2021-10-19,Kings,031,150075,31383,30757,1829,32586,322
2021-10-19,Lake,033,64148,6593,6465,136,6601,104
2021-10-19,Lassen,035,31185,6728,6612,335,6947,27
2021-10-19,Los Angeles,037,10098052,1427250,1413882,52220,1466102,26473
2021-10-19,Madera,039,155013,22384,21950,1954,23904,281
2021-10-19,Marin,041,260295,8911,17241,433,17674,244
2021-10-19,Mariposa,043,17540,1221,1171,41,1212,5
2021-10-19,Mendocino,045,87422,7314,7172,461,7633,82
2021-10-19,Merced,047,269075,40961,40628,1754,42382,580
2021-10-19,Modoc,049,8938,514,502,183,685,5
2021-10-19,Mono,051,14174,1672,1651,22,1673,3
2021-10-19,Monterey,053,433212,48322,47412,2739,50151,583
2021-10-19,Napa,055,140530,12822,12769,103,12872,100
2021-10-19,Nevada,057,99092,8931,8829,307,9136,90
2021-10-19,Orange,059,3164182,304387,301700,14616,316316,5527
2021-10-19,Placer,061,380077,36226,35663,3493,39156,422
2021-10-19,Plumas,063,18699,1676,1586,32,1618,8
2021-10-19,Riverside,065,2383286,358480,353891,16090,369981,5020
2021-10-19,Sacramento,067,1510023,155884,154570,4350,158920,2227
2021-10-19,San Benito,069,59416,7278,7264,160,7424,71
2021-10-19,San Bernardino,071,2135413,349479,346814,10857,357671,5627
2021-10-19,San Diego,073,3302833,367709,365285,21618,386903,4170
2021-10-19,San Francisco,075,870044,52309,51704,2232,53936,645
2021-10-19,San Joaquin,077,732212,98142,97105,5233,102338,1721
2021-10-19,San Luis Obispo,079,281455,29107,28670,1192,29862,332
2021-10-19,San Mateo,081,765935,53521,52617,817,53434,571
2021-10-19,Santa Barbara,083,443738,43814,43413,1504,44917,522
2021-10-19,Santa Clara,085,1922200,145199,143989,1242,145231,1898
2021-10-19,Santa Cruz,087,273765,20119,19895,982,20877,218
2021-10-19,Shasta,089,179085,20669,20209,3429,23638,319
2021-10-19,Sierra,091,2930,174,168,18,186,0
2021-10-19,Siskiyou,093,43540,3299,3216,1233,4449,46
2021-10-19,Solano,095,438530,45464,44782,1208,45990,341
2021-10-19,Sonoma,097,501317,40723,40379,507,40886,392
2021-10-19,Stanislaus,099,539301,76669,76526,8546,85072,1145
2021-10-19,Sutter,101,95872,13637,13569,313,13882,174
2021-10-19,Tehama,103,63373,8194,8057,1391,9448,108
2021-10-19,Trinity,105,12862,825,691,203,894,11
2021-10-19,Tulare,107,460477,66775,65253,14076,79329,958
2021-10-19,Tuolumne,109,53932,6922,6782,88,6870,89
2021-10-19,Ventura,111,848112,97182,96539,4219,100758,1166
2021-10-19,Yolo,113,214977,19501,19206,928,20134,248
2021-10-19,Yuba,115,75493,9905,9796,289,10085,82
2021-10-18,Alameda,001,1643700,117883,117506,2668,120174,1381
2021-10-18,Alpine,002,1148,101,103,0,103,0
2021-10-18,Amador,005,37829,5436,5345,56,5401,64
2021-10-18,Butte,007,227075,20283,19921,3739,23660,265
2021-10-18,Calaveras,009,45235,3877,3819,46,3865,80
2021-10-18,Colusa,011,21464,2487,2444,608,3052,18
2021-10-18,Contra Costa,013,1133247,98201,97585,2082,99667,995
2021-10-18,Del Norte,015,27424,3619,3529,51,3580,41
2021-10-18,El Dorado,017,186661,15734,15452,1648,17100,149
2021-10-18,Fresno,019,978130,135798,133688,12183,145871,2063
2021-10-18,Glenn,021,27897,3431,3370,987,4357,32
2021-10-18,Humboldt,023,135768,8786,8699,496,9195,104
2021-10-18,Imperial,025,180216,32888,32558,3061,35619,764
2021-10-18,Inyo,027,18085,2129,2020,37,2057,40
2021-10-18,Kern,029,883053,124096,122231,20569,142800,1605
2021-10-18,Kings,031,150075,31270,30698,1816,32514,320
2021-10-18,Lake,033,64148,6574,6455,132,6587,104
2021-10-18,Lassen,035,31185,6708,6607,332,6939,26
2021-10-18,Los Angeles,037,10098052,1426007,1413291,52143,1465434,26446
2021-10-18,Madera,039,155013,22330,21909,1941,23850,277
2021-10-18,Marin,041,260295,8892,17232,430,17662,244
2021-10-18,Mariposa,043,17540,1213,1160,41,1201,5
2021-10-18,Mendocino,045,87422,7295,7156,453,7609,82
2021-10-18,Merced,047,269075,40838,40573,1743,42316,579
2021-10-18,Modoc,049,8938,514,498,183,681,5
2021-10-18,Mono,051,14174,1666,1648,21,1669,3
2021-10-18,Monterey,053,433212,48300,47389,2734,50123,583
2021-10-18,Napa,055,140530,12807,12762,103,12865,100
2021-10-18,Nevada,057,99092,8912,8816,307,9123,90
2021-10-18,Orange,059,3164182,304047,301573,14581,316154,5524
2021-10-18,Placer,061,380077,36150,35598,3489,39087,420
2021-10-18,Plumas,063,18699,1668,1579,32,1611,6
2021-10-18,Riverside,065,2383286,358062,353699,16076,369775,5008
2021-10-18,Sacramento,067,1510023,155579,154428,4320,158748,2203
2021-10-18,San Benito,069,59416,7266,7253,160,7413,71
2021-10-18,San Bernardino,071,2135413,349057,346742,10843,357585,5606
2021-10-18,San Diego,073,3302833,367153,364948,21580,386528,4169
2021-10-18,San Francisco,075,870044,52246,51671,2226,53897,644
2021-10-18,San Joaquin,077,732212,97976,97041,5223,102264,1721
2021-10-18,San Luis Obispo,079,281455,29068,28644,1189,29833,331
2021-10-18,San Mateo,081,765935,53456,52594,816,53410,571
2021-10-18,Santa Barbara,083,443738,43755,43386,1502,44888,522
2021-10-18,Santa Clara,085,1922200,145043,143891,1234,145125,1895
2021-10-18,Santa Cruz,087,273765,20105,19876,980,20856,218
2021-10-18,Shasta,089,179085,20590,20146,3418,23564,313
2021-10-18,Sierra,091,2930,174,166,18,184,0
2021-10-18,Siskiyou,093,43540,3296,3210,1225,4435,42
2021-10-18,Solano,095,438530,45420,44758,1205,45963,339
2021-10-18,Sonoma,097,501317,40659,40349,504,40853,392
2021-10-18,Stanislaus,099,539301,76504,76466,8532,84998,1145
2021-10-18,Sutter,101,95872,13603,13557,311,13868,172
2021-10-18,Tehama,103,63373,8158,8042,1380,9422,107
2021-10-18,Trinity,105,12862,824,688,203,891,11
2021-10-18,Tulare,107,460477,66600,65171,14012,79183,958
2021-10-18,Tuolumne,109,53932,6893,6755,88,6843,89
2021-10-18,Ventura,111,848112,97090,96506,4216,100722,1165
2021-10-18,Yolo,113,214977,19462,19197,927,20124,248
2021-10-18,Yuba,115,75493,9878,9782,287,10069,82
2021-10-17,Alameda,001,1643700,117731,117423,2663,120086,1376
2021-10-17,Alpine,002,1148,101,103,0,103,0
2021-10-17,Amador,005,37829,5413,5341,56,5397,64
2021-10-17,Butte,007,227075,20198,19897,3728,23625,265
2021-10-17,Calaveras,009,45235,3860,3805,46,3851,80
2021-10-17,Colusa,011,21464,2482,2442,601,3043,18
2021-10-17,Contra Costa,013,1133247,98080,97485,2071,99556,995
2021-10-17,Del Norte,015,27424,3614,3526,51,3577,41
2021-10-17,El Dorado,017,186661,15676,15438,1641,17079,149
2021-10-17,Fresno,019,978130,135330,133429,12138,145567,2063
2021-10-17,Glenn,021,27897,3421,3364,982,4346,32
2021-10-17,Humboldt,023,135768,8766,8690,493,9183,104
2021-10-17,Imperial,025,180216,32806,32520,3054,35574,764
2021-10-17,Inyo,027,18085,2101,2000,37,2037,40
2021-10-17,Kern,029,883053,123746,122085,20471,142556,1603
2021-10-17,Kings,031,150075,31157,30636,1808,32444,315
2021-10-17,Lake,033,64148,6558,6437,132,6569,104
2021-10-17,Lassen,035,31185,6696,6605,328,6933,26
2021-10-17,Los Angeles,037,10098052,1424671,1412371,52071,1464442,26443
2021-10-17,Madera,039,155013,22268,21869,1930,23799,277
2021-10-17,Marin,041,260295,8870,17211,430,17641,243
2021-10-17,Mariposa,043,17540,1206,1150,41,1191,5
2021-10-17,Mendocino,045,87422,7266,7148,447,7595,82
2021-10-17,Merced,047,269075,40712,40531,1727,42258,579
2021-10-17,Modoc,049,8938,511,498,181,679,5
2021-10-17,Mono,051,14174,1664,1640,20,1660,3
2021-10-17,Monterey,053,433212,48259,47369,2724,50093,583
2021-10-17,Napa,055,140530,12791,12753,100,12853,100
2021-10-17,Nevada,057,99092,8895,8794,306,9100,90
2021-10-17,Orange,059,3164182,303732,301414,14548,315962,5524
2021-10-17,Placer,061,380077,36050,35559,3474,39033,420
2021-10-17,Plumas,063,18699,1644,1571,31,1602,6
2021-10-17,Riverside,065,2383286,357578,353500,16062,369562,5008
2021-10-17,Sacramento,067,1510023,155180,154080,4303,158383,2213
2021-10-17,San Benito,069,59416,7257,7250,159,7409,71
2021-10-17,San Bernardino,071,2135413,348621,346524,10823,357347,5597
2021-10-17,San Diego,073,3302833,366562,364675,21552,386227,4163
2021-10-17,San Francisco,075,870044,52174,51625,2217,53842,644
2021-10-17,San Joaquin,077,732212,97803,96950,5214,102164,1721
2021-10-17,San Luis Obispo,079,281455,29016,28604,1181,29785,331
2021-10-17,San Mateo,081,765935,53404,52541,812,53353,571
2021-10-17,Santa Barbara,083,443738,43692,43344,1501,44845,522
2021-10-17,Santa Clara,085,1922200,144865,143768,1225,144993,1895
2021-10-17,Santa Cruz,087,273765,20078,19861,978,20839,218
2021-10-17,Shasta,089,179085,20500,20116,3408,23524,312
2021-10-17,Sierra,091,2930,172,165,18,183,0
2021-10-17,Siskiyou,093,43540,3288,3204,1222,4426,42
2021-10-17,Solano,095,438530,45363,44722,1204,45926,340
2021-10-17,Sonoma,097,501317,40584,40306,503,40809,392
2021-10-17,Stanislaus,099,539301,76306,76354,8518,84872,1145
2021-10-17,Sutter,101,95872,13586,13543,309,13852,172
2021-10-17,Tehama,103,63373,8126,8015,1364,9379,107
2021-10-17,Trinity,105,12862,821,686,202,888,11
2021-10-17,Tulare,107,460477,66416,65057,13940,78997,958
2021-10-17,Tuolumne,109,53932,6859,6735,87,6822,89
2021-10-17,Ventura,111,848112,96989,96458,4213,100671,1165
2021-10-17,Yolo,113,214977,19418,19171,920,20091,248
2021-10-17,Yuba,115,75493,9852,9771,285,10056,82
2021-10-16,Alameda,001,1643700,117642,117027,2661,119688,1365
2021-10-16,Alpine,002,1148,100,102,0,102,0
2021-10-16,Amador,005,37829,5406,5310,56,5366,64
2021-10-16,Butte,007,227075,20167,19612,3718,23330,260
2021-10-16,Calaveras,009,45235,3853,3771,46,3817,80
2021-10-16,Colusa,011,21464,2478,2431,598,3029,18
2021-10-16,Contra Costa,013,1133247,97989,97107,2064,99171,982
2021-10-16,Del Norte,015,27424,3611,3516,51,3567,41
2021-10-16,El Dorado,017,186661,15654,15315,1639,16954,149
2021-10-16,Fresno,019,978130,135176,132433,12121,144554,2051
2021-10-16,Glenn,021,27897,3415,3331,982,4313,26
2021-10-16,Humboldt,023,135768,8755,8621,488,9109,104
2021-10-16,Imperial,025,180216,32791,32368,3052,35420,764
2021-10-16,Inyo,027,18085,2087,1932,37,1969,39
2021-10-16,Kern,029,883053,123590,121354,20390,141744,1590
2021-10-16,Kings,031,150075,31111,30418,1805,32223,314
2021-10-16,Lake,033,64148,6547,6378,132,6510,104
2021-10-16,Lassen,035,31185,6687,6559,324,6883,26
2021-10-16,Los Angeles,037,10098052,1424018,1409418,52018,1461436,26398
2021-10-16,Madera,039,155013,22224,21707,1926,23633,277
2021-10-16,Marin,041,260295,8859,17148,430,17578,243
2021-10-16,Mariposa,043,17540,1203,1096,41,1137,5
2021-10-16,Mendocino,045,87422,7255,7099,447,7546,82
2021-10-16,Merced,047,269075,40680,40265,1725,41990,577
2021-10-16,Modoc,049,8938,508,492,181,673,5
2021-10-16,Mono,051,14174,1660,1628,20,1648,3
2021-10-16,Monterey,053,433212,48242,47293,2716,50009,582
2021-10-16,Napa,055,140530,12780,12706,100,12806,100
2021-10-16,Nevada,057,99092,8875,8739,306,9045,90
2021-10-16,Orange,059,3164182,303556,300722,14523,315245,5509
2021-10-16,Placer,061,380077,35965,35343,3468,38811,412
2021-10-16,Plumas,063,18699,1639,1542,30,1572,6
2021-10-16,Riverside,065,2383286,357305,352435,16050,368485,4990
2021-10-16,Sacramento,067,1510023,154982,153264,4299,157563,2192
2021-10-16,San Benito,069,59416,7244,7210,158,7368,71
2021-10-16,San Bernardino,071,2135413,348413,345418,10815,356233,5566
2021-10-16,San Diego,073,3302833,366246,363109,21536,384645,4151
2021-10-16,San Francisco,075,870044,52127,51436,2213,53649,645
2021-10-16,San Joaquin,077,732212,97732,96507,5211,101718,1708
2021-10-16,San Luis Obispo,079,281455,28990,28460,1180,29640,329
2021-10-16,San Mateo,081,765935,53355,52399,811,53210,569
2021-10-16,Santa Barbara,083,443738,43656,43175,1500,44675,521
2021-10-16,Santa Clara,085,1922200,144765,143282,1217,144499,1890
2021-10-16,Santa Cruz,087,273765,20062,19794,977,20771,218
2021-10-16,Shasta,089,179085,20450,19932,3397,23329,309
2021-10-16,Sierra,091,2930,170,160,18,178,0
2021-10-16,Siskiyou,093,43540,3286,3173,1215,4388,42
2021-10-16,Solano,095,438530,45337,44585,1200,45785,334
2021-10-16,Sonoma,097,501317,40544,40195,503,40698,390
2021-10-16,Stanislaus,099,539301,76220,75868,8508,84376,1142
2021-10-16,Sutter,101,95872,13567,13471,308,13779,169
2021-10-16,Tehama,103,63373,8113,7907,1359,9266,104
2021-10-16,Trinity,105,12862,821,679,202,881,11
2021-10-16,Tulare,107,460477,66278,64489,13909,78398,951
2021-10-16,Tuolumne,109,53932,6827,6666,87,6753,89
2021-10-16,Ventura,111,848112,96956,96181,4208,100389,1164
2021-10-16,Yolo,113,214977,19390,19078,916,19994,247
2021-10-16,Yuba,115,75493,9828,9705,282,9987,82
2021-10-15,Alameda,001,1643700,117570,117027,2657,119684,1365
2021-10-15,Alpine,002,1148,100,102,0,102,0
2021-10-15,Amador,005,37829,5382,5310,56,5366,64
2021-10-15,Butte,007,227075,20131,19612,3710,23322,260
2021-10-15,Calaveras,009,45235,3847,3771,46,3817,80
2021-10-15,Colusa,011,21464,2476,2431,595,3026,18
2021-10-15,Contra Costa,013,1133247,97907,97107,2061,99168,982
2021-10-15,Del Norte,015,27424,3609,3516,51,3567,41
2021-10-15,El Dorado,017,186661,15634,15315,1634,16949,149
2021-10-15,Fresno,019,978130,134922,132433,12111,144544,2051
2021-10-15,Glenn,021,27897,3409,3331,981,4312,26
2021-10-15,Humboldt,023,135768,8746,8621,486,9107,104
2021-10-15,Imperial,025,180216,32744,32368,3048,35416,764
2021-10-15,Inyo,027,18085,2069,1932,37,1969,39
2021-10-15,Kern,029,883053,123454,121354,20316,141670,1590
2021-10-15,Kings,031,150075,31055,30418,1801,32219,314
2021-10-15,Lake,033,64148,6538,6378,132,6510,104
2021-10-15,Lassen,035,31185,6675,6559,323,6882,26
2021-10-15,Los Angeles,037,10098052,1423332,1409418,51970,1461388,26398
2021-10-15,Madera,039,155013,22180,21707,1918,23625,277
2021-10-15,Marin,041,260295,8848,17148,430,17578,243
2021-10-15,Mariposa,043,17540,1195,1096,41,1137,5
2021-10-15,Mendocino,045,87422,7240,7099,447,7546,82
2021-10-15,Merced,047,269075,40650,40265,1722,41987,577
2021-10-15,Modoc,049,8938,507,492,181,673,5
2021-10-15,Mono,051,14174,1657,1628,20,1648,3
2021-10-15,Monterey,053,433212,48220,47293,2714,50007,582
2021-10-15,Napa,055,140530,12776,12706,100,12806,100
2021-10-15,Nevada,057,99092,8860,8739,306,9045,90
2021-10-15,Orange,059,3164182,303387,300722,14505,315227,5509
2021-10-15,Placer,061,380077,35911,35343,3462,38805,412
2021-10-15,Plumas,063,18699,1631,1542,30,1572,6
2021-10-15,Riverside,065,2383286,357060,352435,16045,368480,4990
2021-10-15,Sacramento,067,1510023,154793,153264,4289,157553,2192
2021-10-15,San Benito,069,59416,7241,7210,158,7368,71
2021-10-15,San Bernardino,071,2135413,348181,345418,10812,356230,5566
2021-10-15,San Diego,073,3302833,365887,363109,21511,384620,4151
2021-10-15,San Francisco,075,870044,52087,51436,2206,53642,645
2021-10-15,San Joaquin,077,732212,97653,96507,5204,101711,1708
2021-10-15,San Luis Obispo,079,281455,28969,28460,1178,29638,329
2021-10-15,San Mateo,081,765935,53311,52399,810,53209,569
2021-10-15,Santa Barbara,083,443738,43618,43175,1500,44675,521
2021-10-15,Santa Clara,085,1922200,144644,143282,1209,144491,1890
2021-10-15,Santa Cruz,087,273765,20051,19794,977,20771,218
2021-10-15,Shasta,089,179085,20394,19932,3389,23321,309
2021-10-15,Sierra,091,2930,170,160,18,178,0
2021-10-15,Siskiyou,093,43540,3285,3173,1212,4385,42
2021-10-15,Solano,095,438530,45311,44585,1200,45785,334
2021-10-15,Sonoma,097,501317,40510,40195,502,40697,390
2021-10-15,Stanislaus,099,539301,76140,75868,8492,84360,1142
2021-10-15,Sutter,101,95872,13550,13471,306,13777,169
2021-10-15,Tehama,103,63373,8091,7907,1354,9261,104
2021-10-15,Trinity,105,12862,821,679,202,881,11
2021-10-15,Tulare,107,460477,66200,64489,13872,78361,951
2021-10-15,Tuolumne,109,53932,6804,6666,85,6751,89
2021-10-15,Ventura,111,848112,96913,96181,4205,100386,1164
2021-10-15,Yolo,113,214977,19373,19078,914,19992,247
2021-10-15,Yuba,115,75493,9818,9705,281,9986,82
2021-10-14,Alameda,001,1643700,117462,117027,2652,119679,1365
2021-10-14,Alpine,002,1148,100,102,0,102,0
2021-10-14,Amador,005,37829,5371,5310,56,5366,64
2021-10-14,Butte,007,227075,20079,19612,3704,23316,260
2021-10-14,Calaveras,009,45235,3833,3771,45,3816,80
2021-10-14,Colusa,011,21464,2474,2431,593,3024,18
2021-10-14,Contra Costa,013,1133247,97772,97107,2054,99161,982
2021-10-14,Del Norte,015,27424,3603,3516,51,3567,41
2021-10-14,El Dorado,017,186661,15596,15315,1631,16946,149
2021-10-14,Fresno,019,978130,134626,132433,12081,144514,2051
2021-10-14,Glenn,021,27897,3404,3331,980,4311,26
2021-10-14,Humboldt,023,135768,8729,8621,483,9104,104
2021-10-14,Imperial,025,180216,32681,32368,3041,35409,764
2021-10-14,Inyo,027,18085,2050,1932,37,1969,39
2021-10-14,Kern,029,883053,123182,121354,20217,141571,1590
2021-10-14,Kings,031,150075,30989,30418,1793,32211,314
2021-10-14,Lake,033,64148,6517,6378,131,6509,104
2021-10-14,Lassen,035,31185,6669,6559,322,6881,26
2021-10-14,Los Angeles,037,10098052,1422346,1409418,51921,1461339,26398
2021-10-14,Madera,039,155013,22115,21707,1912,23619,277
2021-10-14,Marin,041,260295,8843,17148,427,17575,243
2021-10-14,Mariposa,043,17540,1182,1096,40,1136,5
2021-10-14,Mendocino,045,87422,7226,7099,445,7544,82
2021-10-14,Merced,047,269075,40561,40265,1708,41973,577
2021-10-14,Modoc,049,8938,507,492,181,673,5
2021-10-14,Mono,051,14174,1650,1628,20,1648,3
2021-10-14,Monterey,053,433212,48195,47293,2709,50002,582
2021-10-14,Napa,055,140530,12761,12706,100,12806,100
2021-10-14,Nevada,057,99092,8833,8739,304,9043,90
2021-10-14,Orange,059,3164182,303178,300722,14487,315209,5509
2021-10-14,Placer,061,380077,35843,35343,3448,38791,412
2021-10-14,Plumas,063,18699,1616,1542,30,1572,6
2021-10-14,Riverside,065,2383286,356663,352435,16034,368469,4990
2021-10-14,Sacramento,067,1510023,154543,153264,4269,157533,2192
2021-10-14,San Benito,069,59416,7230,7210,158,7368,71
2021-10-14,San Bernardino,071,2135413,347823,345418,10805,356223,5566
2021-10-14,San Diego,073,3302833,365447,363109,21484,384593,4151
2021-10-14,San Francisco,075,870044,52031,51436,2202,53638,645
2021-10-14,San Joaquin,077,732212,97524,96507,5195,101702,1708
2021-10-14,San Luis Obispo,079,281455,28925,28460,1174,29634,329
2021-10-14,San Mateo,081,765935,53263,52399,809,53208,569
2021-10-14,Santa Barbara,083,443738,43562,43175,1495,44670,521
2021-10-14,Santa Clara,085,1922200,144503,143282,1203,144485,1890
2021-10-14,Santa Cruz,087,273765,20029,19794,977,20771,218
2021-10-14,Shasta,089,179085,20337,19932,3377,23309,309
2021-10-14,Sierra,091,2930,169,160,18,178,0
2021-10-14,Siskiyou,093,43540,3282,3173,1204,4377,42
2021-10-14,Solano,095,438530,45261,44585,1192,45777,334
2021-10-14,Sonoma,097,501317,40459,40195,499,40694,390
2021-10-14,Stanislaus,099,539301,75994,75868,8479,84347,1142
2021-10-14,Sutter,101,95872,13530,13471,305,13776,169
2021-10-14,Tehama,103,63373,8060,7907,1347,9254,104
2021-10-14,Trinity,105,12862,820,679,201,880,11
2021-10-14,Tulare,107,460477,66017,64489,13825,78314,951
2021-10-14,Tuolumne,109,53932,6772,6666,84,6750,89
2021-10-14,Ventura,111,848112,96844,96181,4199,100380,1164
2021-10-14,Yolo,113,214977,19337,19078,910,19988,247
2021-10-14,Yuba,115,75493,9804,9705,272,9977,82
2021-10-13,Alameda,001,1643700,117356,116914,2646,119560,1360
2021-10-13,Alpine,002,1148,100,102,0,102,0
2021-10-13,Amador,005,37829,5357,5305,56,5361,63
2021-10-13,Butte,007,227075,20003,19546,3698,23244,257
2021-10-13,Calaveras,009,45235,3812,3756,43,3799,79
2021-10-13,Colusa,011,21464,2467,2430,589,3019,18
2021-10-13,Contra Costa,013,1133247,97655,96975,2053,99028,969
2021-10-13,Del Norte,015,27424,3598,3512,51,3563,39
2021-10-13,El Dorado,017,186661,15573,15302,1626,16928,149
2021-10-13,Fresno,019,978130,134292,132055,12049,144104,2048
2021-10-13,Glenn,021,27897,3399,3327,976,4303,26
2021-10-13,Humboldt,023,135768,8718,8604,479,9083,102
2021-10-13,Imperial,025,180216,32621,32317,3039,35356,762
2021-10-13,Inyo,027,18085,2013,1907,37,1944,39
2021-10-13,Kern,029,883053,122937,120956,20125,141081,1586
2021-10-13,Kings,031,150075,30908,30246,1786,32032,312
2021-10-13,Lake,033,64148,6497,6371,131,6502,103
2021-10-13,Lassen,035,31185,6658,6535,316,6851,25
2021-10-13,Los Angeles,037,10098052,1421290,1408384,51867,1460251,26379
2021-10-13,Madera,039,155013,22062,21609,1898,23507,277
2021-10-13,Marin,041,260295,8819,17137,426,17563,243
2021-10-13,Mariposa,043,17540,1168,1090,40,1130,5
2021-10-13,Mendocino,045,87422,7210,7088,437,7525,82
2021-10-13,Merced,047,269075,40476,40164,1696,41860,577
2021-10-13,Modoc,049,8938,505,490,179,669,5
2021-10-13,Mono,051,14174,1650,1612,20,1632,3
2021-10-13,Monterey,053,433212,48175,47273,2702,49975,582
2021-10-13,Napa,055,140530,12750,12695,98,12793,100
2021-10-13,Nevada,057,99092,8811,8725,304,9029,90
2021-10-13,Orange,059,3164182,302971,300468,14471,314939,5503
2021-10-13,Placer,061,380077,35775,35254,3439,38693,412
2021-10-13,Plumas,063,18699,1602,1514,30,1544,6
2021-10-13,Riverside,065,2383286,356333,352044,16021,368065,4978
2021-10-13,Sacramento,067,1510023,154294,153141,4248,157389,2182
2021-10-13,San Benito,069,59416,7224,7196,157,7353,71
2021-10-13,San Bernardino,071,2135413,347498,344951,10788,355739,5562
2021-10-13,San Diego,073,3302833,365016,362564,21462,384026,4141
2021-10-13,San Francisco,075,870044,51987,51379,2198,53577,644
2021-10-13,San Joaquin,077,732212,97380,96343,5191,101534,1696
2021-10-13,San Luis Obispo,079,281455,28887,28397,1171,29568,330
2021-10-13,San Mateo,081,765935,53211,52352,805,53157,569
2021-10-13,Santa Barbara,083,443738,43510,43109,1495,44604,518
2021-10-13,Santa Clara,085,1922200,144363,143064,1202,144266,1886
2021-10-13,Santa Cruz,087,273765,20003,19763,976,20739,217
2021-10-13,Shasta,089,179085,20267,19802,3357,23159,307
2021-10-13,Sierra,091,2930,169,155,18,173,0
2021-10-13,Siskiyou,093,43540,3274,3173,1203,4376,42
2021-10-13,Solano,095,438530,45222,44558,1189,45747,334
2021-10-13,Sonoma,097,501317,40403,40122,499,40621,390
2021-10-13,Stanislaus,099,539301,75852,75698,8469,84167,1136
2021-10-13,Sutter,101,95872,13500,13458,303,13761,169
2021-10-13,Tehama,103,63373,8024,7849,1342,9191,103
2021-10-13,Trinity,105,12862,817,677,201,878,11
2021-10-13,Tulare,107,460477,65834,64297,13774,78071,945
2021-10-13,Tuolumne,109,53932,6757,6644,83,6727,89
2021-10-13,Ventura,111,848112,96771,96099,4193,100292,1162
2021-10-13,Yolo,113,214977,19308,19023,909,19932,247
2021-10-13,Yuba,115,75493,9779,9690,259,9949,80
2021-10-12,Alameda,001,1643700,117253,116813,2642,119455,1357
2021-10-12,Alpine,002,1148,100,102,0,102,0
2021-10-12,Amador,005,37829,5346,5301,56,5357,63
2021-10-12,Butte,007,227075,19931,19506,3686,23192,256
2021-10-12,Calaveras,009,45235,3797,3750,43,3793,75
2021-10-12,Colusa,011,21464,2464,2428,587,3015,18
2021-10-12,Contra Costa,013,1133247,97542,96894,2044,98938,960
2021-10-12,Del Norte,015,27424,3592,3511,51,3562,39
2021-10-12,El Dorado,017,186661,15539,15287,1624,16911,148
2021-10-12,Fresno,019,978130,133931,131848,12018,143866,2042
2021-10-12,Glenn,021,27897,3385,3321,975,4296,26
2021-10-12,Humboldt,023,135768,8690,8587,473,9060,102
2021-10-12,Imperial,025,180216,32569,32267,3037,35304,762
2021-10-12,Inyo,027,18085,1981,1889,37,1926,39
2021-10-12,Kern,029,883053,122650,120826,20016,140842,1580
2021-10-12,Kings,031,150075,30834,30200,1775,31975,312
2021-10-12,Lake,033,64148,6482,6372,129,6501,97
2021-10-12,Lassen,035,31185,6648,6526,315,6841,25
2021-10-12,Los Angeles,037,10098052,1420230,1407462,51821,1459283,26362
2021-10-12,Madera,039,155013,21991,21574,1885,23459,277
2021-10-12,Marin,041,260295,8796,17126,426,17552,242
2021-10-12,Mariposa,043,17540,1154,1088,40,1128,5
2021-10-12,Mendocino,045,87422,7181,7077,434,7511,82
2021-10-12,Merced,047,269075,40397,40113,1690,41803,567
2021-10-12,Modoc,049,8938,500,485,178,663,5
2021-10-12,Mono,051,14174,1648,1608,20,1628,3
2021-10-12,Monterey,053,433212,48144,47254,2694,49948,582
2021-10-12,Napa,055,140530,12736,12671,98,12769,97
2021-10-12,Nevada,057,99092,8799,8720,302,9022,89
2021-10-12,Orange,059,3164182,302716,300256,14446,314702,5499
2021-10-12,Placer,061,380077,35710,35214,3431,38645,404
2021-10-12,Plumas,063,18699,1588,1488,29,1517,6
2021-10-12,Riverside,065,2383286,356006,351771,16007,367778,4973
2021-10-12,Sacramento,067,1510023,153989,152935,4223,157158,2170
2021-10-12,San Benito,069,59416,7210,7193,157,7350,71
2021-10-12,San Bernardino,071,2135413,347185,344788,10778,355566,5563
2021-10-12,San Diego,073,3302833,364503,362256,21433,383689,4137
2021-10-12,San Francisco,075,870044,51922,51301,2197,53498,643
2021-10-12,San Joaquin,077,732212,97244,96237,5186,101423,1690
2021-10-12,San Luis Obispo,079,281455,28840,28379,1170,29549,327
2021-10-12,San Mateo,081,765935,53160,52328,804,53132,569
2021-10-12,Santa Barbara,083,443738,43449,43076,1495,44571,515
2021-10-12,Santa Clara,085,1922200,144210,142954,1200,144154,1882
2021-10-12,Santa Cruz,087,273765,19978,19757,976,20733,218
2021-10-12,Shasta,089,179085,20193,19731,3336,23067,304
2021-10-12,Sierra,091,2930,169,153,18,171,0
2021-10-12,Siskiyou,093,43540,3263,3166,1197,4363,42
2021-10-12,Solano,095,438530,45180,44516,1183,45699,329
2021-10-12,Sonoma,097,501317,40362,40105,498,40603,390
2021-10-12,Stanislaus,099,539301,75700,75589,8457,84046,1126
2021-10-12,Sutter,101,95872,13477,13436,299,13735,168
2021-10-12,Tehama,103,63373,7992,7820,1338,9158,103
2021-10-12,Trinity,105,12862,814,676,201,877,11
2021-10-12,Tulare,107,460477,65649,64216,13718,77934,944
2021-10-12,Tuolumne,109,53932,6740,6637,82,6719,89
2021-10-12,Ventura,111,848112,96671,96022,4188,100210,1160
2021-10-12,Yolo,113,214977,19277,18987,906,19893,247
2021-10-12,Yuba,115,75493,9764,9676,255,9931,70
2021-10-11,Alameda,001,1643700,117110,116759,2641,119400,1358
2021-10-11,Alpine,002,1148,100,102,0,102,0
2021-10-11,Amador,005,37829,5334,5286,56,5342,62
2021-10-11,Butte,007,227075,19871,19452,3681,23133,253
2021-10-11,Calaveras,009,45235,3776,3750,43,3793,75
2021-10-11,Colusa,011,21464,2459,2427,579,3006,18
2021-10-11,Contra Costa,013,1133247,97406,96832,2039,98871,960
2021-10-11,Del Norte,015,27424,3589,3510,47,3557,39
2021-10-11,El Dorado,017,186661,15510,15273,1620,16893,146
2021-10-11,Fresno,019,978130,133600,131703,11983,143686,2036
2021-10-11,Glenn,021,27897,3368,3308,973,4281,26
2021-10-11,Humboldt,023,135768,8665,8571,466,9037,101
2021-10-11,Imperial,025,180216,32519,32207,3031,35238,762
2021-10-11,Inyo,027,18085,1958,1862,36,1898,39
2021-10-11,Kern,029,883053,122413,120684,19921,140605,1575
2021-10-11,Kings,031,150075,30745,30180,1765,31945,309
2021-10-11,Lake,033,64148,6466,6361,125,6486,97
2021-10-11,Lassen,035,31185,6628,6499,312,6811,25
2021-10-11,Los Angeles,037,10098052,1419184,1406826,51770,1458596,26346
2021-10-11,Madera,039,155013,21933,21555,1868,23423,272
2021-10-11,Marin,041,260295,8778,17121,422,17543,242
2021-10-11,Mariposa,043,17540,1124,1083,39,1122,5
2021-10-11,Mendocino,045,87422,7165,7064,430,7494,82
2021-10-11,Merced,047,269075,40281,40064,1665,41729,566
2021-10-11,Modoc,049,8938,497,482,175,657,5
2021-10-11,Mono,051,14174,1638,1604,20,1624,3
2021-10-11,Monterey,053,433212,48115,47241,2687,49928,580
2021-10-11,Napa,055,140530,12714,12654,96,12750,96
2021-10-11,Nevada,057,99092,8779,8716,301,9017,90
2021-10-11,Orange,059,3164182,302482,299941,14415,314356,5499
2021-10-11,Placer,061,380077,35643,35173,3413,38586,404
2021-10-11,Plumas,063,18699,1570,1469,27,1496,6
2021-10-11,Riverside,065,2383286,355660,351444,16002,367446,4973
2021-10-11,Sacramento,067,1510023,153698,152681,4192,156873,2169
2021-10-11,San Benito,069,59416,7189,7184,155,7339,71
2021-10-11,San Bernardino,071,2135413,346799,344594,10770,355364,5549
2021-10-11,San Diego,073,3302833,363991,361712,21401,383113,4124
2021-10-11,San Francisco,075,870044,51851,51275,2194,53469,643
2021-10-11,San Joaquin,077,732212,97089,96152,5175,101327,1681
2021-10-11,San Luis Obispo,079,281455,28792,28355,1165,29520,327
2021-10-11,San Mateo,081,765935,53112,52298,804,53102,569
2021-10-11,Santa Barbara,083,443738,43402,43018,1494,44512,515
2021-10-11,Santa Clara,085,1922200,144047,142836,1196,144032,1882
2021-10-11,Santa Cruz,087,273765,19954,19745,975,20720,217
2021-10-11,Shasta,089,179085,20114,19662,3320,22982,295
2021-10-11,Sierra,091,2930,166,147,17,164,0
2021-10-11,Siskiyou,093,43540,3256,3159,1193,4352,42
2021-10-11,Solano,095,438530,45131,44474,1180,45654,329
2021-10-11,Sonoma,097,501317,40317,40067,498,40565,390
2021-10-11,Stanislaus,099,539301,75529,75478,8436,83914,1118
2021-10-11,Sutter,101,95872,13458,13427,297,13724,165
2021-10-11,Tehama,103,63373,7951,7795,1329,9124,102
2021-10-11,Trinity,105,12862,808,675,200,875,11
2021-10-11,Tulare,107,460477,65470,64094,13651,77745,942
2021-10-11,Tuolumne,109,53932,6701,6602,82,6684,89
2021-10-11,Ventura,111,848112,96574,95876,4181,100057,1160
2021-10-11,Yolo,113,214977,19229,18977,904,19881,247
2021-10-11,Yuba,115,75493,9747,9657,243,9900,69
2021-10-10,Alameda,001,1643700,116991,116679,2637,119316,1358
2021-10-10,Alpine,002,1148,100,102,0,102,0
2021-10-10,Amador,005,37829,5320,5278,56,5334,62
2021-10-10,Butte,007,227075,19806,19430,3666,23096,253
2021-10-10,Calaveras,009,45235,3764,3747,43,3790,75
2021-10-10,Colusa,011,21464,2458,2425,578,3003,18
2021-10-10,Contra Costa,013,1133247,97307,96760,2033,98793,960
2021-10-10,Del Norte,015,27424,3585,3507,47,3554,39
2021-10-10,El Dorado,017,186661,15480,15250,1614,16864,146
2021-10-10,Fresno,019,978130,133269,131434,11950,143384,2035
2021-10-10,Glenn,021,27897,3363,3297,971,4268,26
2021-10-10,Humboldt,023,135768,8644,8554,462,9016,101
2021-10-10,Imperial,025,180216,32444,32167,3030,35197,762
2021-10-10,Inyo,027,18085,1937,1857,36,1893,39
2021-10-10,Kern,029,883053,122087,120552,19818,140370,1573
2021-10-10,Kings,031,150075,30656,30122,1755,31877,308
2021-10-10,Lake,033,64148,6450,6349,124,6473,97
2021-10-10,Lassen,035,31185,6609,6495,311,6806,26
2021-10-10,Los Angeles,037,10098052,1417996,1406034,51696,1457730,26338
2021-10-10,Madera,039,155013,21887,21486,1859,23345,272
2021-10-10,Marin,041,260295,8761,17112,422,17534,242
2021-10-10,Mariposa,043,17540,1121,1074,39,1113,5
2021-10-10,Mendocino,045,87422,7150,7060,422,7482,81
2021-10-10,Merced,047,269075,40198,40036,1646,41682,566
2021-10-10,Modoc,049,8938,497,482,175,657,5
2021-10-10,Mono,051,14174,1637,1596,20,1616,3
2021-10-10,Monterey,053,433212,48085,47228,2686,49914,580
2021-10-10,Napa,055,140530,12691,12641,96,12737,96
2021-10-10,Nevada,057,99092,8767,8689,301,8990,90
2021-10-10,Orange,059,3164182,302219,299787,14386,314173,5499
2021-10-10,Placer,061,380077,35550,35128,3402,38530,404
2021-10-10,Plumas,063,18699,1554,1468,25,1493,6
2021-10-10,Riverside,065,2383286,355283,351248,15984,367232,4973
2021-10-10,Sacramento,067,1510023,153434,152405,4175,156580,2178
2021-10-10,San Benito,069,59416,7184,7180,154,7334,71
2021-10-10,San Bernardino,071,2135413,346486,344423,10762,355185,5551
2021-10-10,San Diego,073,3302833,363475,361038,21354,382392,4113
2021-10-10,San Francisco,075,870044,51803,51216,2192,53408,643
2021-10-10,San Joaquin,077,732212,96918,96084,5161,101245,1681
2021-10-10,San Luis Obispo,079,281455,28748,28343,1165,29508,326
2021-10-10,San Mateo,081,765935,53070,52273,803,53076,569
2021-10-10,Santa Barbara,083,443738,43355,42987,1493,44480,515
2021-10-10,Santa Clara,085,1922200,143881,142768,1189,143957,1881
2021-10-10,Santa Cruz,087,273765,19934,19727,975,20702,217
2021-10-10,Shasta,089,179085,20025,19635,3311,22946,296
2021-10-10,Sierra,091,2930,164,147,17,164,0
2021-10-10,Siskiyou,093,43540,3242,3155,1186,4341,42
2021-10-10,Solano,095,438530,45075,44431,1180,45611,329
2021-10-10,Sonoma,097,501317,40265,40027,498,40525,390
2021-10-10,Stanislaus,099,539301,75351,75403,8422,83825,1118
2021-10-10,Sutter,101,95872,13434,13412,292,13704,165
2021-10-10,Tehama,103,63373,7914,7764,1320,9084,102
2021-10-10,Trinity,105,12862,807,669,199,868,11
2021-10-10,Tulare,107,460477,65300,63930,13601,77531,940
2021-10-10,Tuolumne,109,53932,6677,6580,81,6661,89
2021-10-10,Ventura,111,848112,96485,95829,4181,100010,1160
2021-10-10,Yolo,113,214977,19195,18952,900,19852,247
2021-10-10,Yuba,115,75493,9731,9641,238,9879,69
2021-10-09,Alameda,001,1643700,116893,116253,2635,118888,1356
2021-10-09,Alpine,002,1148,99,102,0,102,0
2021-10-09,Amador,005,37829,5318,5237,55,5292,62
2021-10-09,Butte,007,227075,19776,19277,3662,22939,250
2021-10-09,Calaveras,009,45235,3760,3716,43,3759,75
2021-10-09,Colusa,011,21464,2454,2419,577,2996,18
2021-10-09,Contra Costa,013,1133247,97238,96378,2027,98405,958
2021-10-09,Del Norte,015,27424,3584,3495,47,3542,39
2021-10-09,El Dorado,017,186661,15462,15153,1611,16764,144
2021-10-09,Fresno,019,978130,133137,130508,11933,142441,2018
2021-10-09,Glenn,021,27897,3359,3277,969,4246,26
2021-10-09,Humboldt,023,135768,8630,8448,460,8908,97
2021-10-09,Imperial,025,180216,32410,31989,3028,35017,760
2021-10-09,Inyo,027,18085,1928,1808,36,1844,39
2021-10-09,Kern,029,883053,121946,119795,19791,139586,1559
2021-10-09,Kings,031,150075,30607,29894,1753,31647,308
2021-10-09,Lake,033,64148,6431,6283,123,6406,97
2021-10-09,Lassen,035,31185,6604,6442,310,6752,25
2021-10-09,Los Angeles,037,10098052,1417410,1402810,51659,1454469,26280
2021-10-09,Madera,039,155013,21854,21313,1845,23158,271
2021-10-09,Marin,041,260295,8756,17049,420,17469,242
2021-10-09,Mariposa,043,17540,1114,1042,38,1080,5
2021-10-09,Mendocino,045,87422,7143,7011,421,7432,82
2021-10-09,Merced,047,269075,40155,39784,1646,41430,565
2021-10-09,Modoc,049,8938,495,477,174,651,5
2021-10-09,Mono,051,14174,1634,1577,20,1597,3
2021-10-09,Monterey,053,433212,48073,47168,2683,49851,577
2021-10-09,Napa,055,140530,12687,12586,96,12682,96
2021-10-09,Nevada,057,99092,8756,8613,300,8913,90
2021-10-09,Orange,059,3164182,302038,299089,14367,313456,5457
2021-10-09,Placer,061,380077,35512,34877,3395,38272,393
2021-10-09,Plumas,063,18699,1543,1418,25,1443,6
2021-10-09,Riverside,065,2383286,355032,350082,15968,366050,4965
2021-10-09,Sacramento,067,1510023,153224,151566,4162,155728,2160
2021-10-09,San Benito,069,59416,7176,7123,154,7277,71
2021-10-09,San Bernardino,071,2135413,346298,343452,10758,354210,5556
2021-10-09,San Diego,073,3302833,363170,359909,21349,381258,4111
2021-10-09,San Francisco,075,870044,51755,50960,2185,53145,643
2021-10-09,San Joaquin,077,732212,96852,95606,5156,100762,1669
2021-10-09,San Luis Obispo,079,281455,28731,28197,1163,29360,324
2021-10-09,San Mateo,081,765935,53039,52121,802,52923,569
2021-10-09,Santa Barbara,083,443738,43328,42735,1493,44228,514
2021-10-09,Santa Clara,085,1922200,143757,142298,1183,143481,1873
2021-10-09,Santa Cruz,087,273765,19924,19635,974,20609,217
2021-10-09,Shasta,089,179085,19974,19437,3306,22743,290
2021-10-09,Sierra,091,2930,161,141,17,158,0
2021-10-09,Siskiyou,093,43540,3241,3124,1185,4309,42
2021-10-09,Solano,095,438530,45058,44265,1179,45444,329
2021-10-09,Sonoma,097,501317,40221,39848,498,40346,387
2021-10-09,Stanislaus,099,539301,75261,74899,8411,83310,1114
2021-10-09,Sutter,101,95872,13425,13314,290,13604,165
2021-10-09,Tehama,103,63373,7903,7670,1315,8985,99
2021-10-09,Trinity,105,12862,806,660,199,859,11
2021-10-09,Tulare,107,460477,65192,63398,13580,76978,932
2021-10-09,Tuolumne,109,53932,6657,6521,81,6602,89
2021-10-09,Ventura,111,848112,96430,95542,4178,99720,1158
2021-10-09,Yolo,113,214977,19172,18850,899,19749,247
2021-10-09,Yuba,115,75493,9719,9551,237,9788,69
2021-10-08,Alameda,001,1643700,116811,116253,2631,118884,1356
2021-10-08,Alpine,002,1148,99,102,0,102,0
2021-10-08,Amador,005,37829,5305,5237,55,5292,62
2021-10-08,Butte,007,227075,19747,19277,3658,22935,250
2021-10-08,Calaveras,009,45235,3755,3716,43,3759,75
2021-10-08,Colusa,011,21464,2452,2419,577,2996,18
2021-10-08,Contra Costa,013,1133247,97194,96378,2022,98400,958
2021-10-08,Del Norte,015,27424,3583,3495,47,3542,39
2021-10-08,El Dorado,017,186661,15442,15153,1607,16760,144
2021-10-08,Fresno,019,978130,132942,130508,11909,142417,2018
2021-10-08,Glenn,021,27897,3351,3277,966,4243,26
2021-10-08,Humboldt,023,135768,8619,8448,457,8905,97
2021-10-08,Imperial,025,180216,32380,31989,3024,35013,760
2021-10-08,Inyo,027,18085,1910,1808,36,1844,39
2021-10-08,Kern,029,883053,121809,119795,19749,139544,1559
2021-10-08,Kings,031,150075,30513,29894,1752,31646,308
2021-10-08,Lake,033,64148,6423,6283,123,6406,97
2021-10-08,Lassen,035,31185,6590,6442,307,6749,25
2021-10-08,Los Angeles,037,10098052,1416749,1402810,51627,1454437,26280
2021-10-08,Madera,039,155013,21795,21313,1838,23151,271
2021-10-08,Marin,041,260295,8745,17049,419,17468,242
2021-10-08,Mariposa,043,17540,1107,1042,36,1078,5
2021-10-08,Mendocino,045,87422,7130,7011,421,7432,82
2021-10-08,Merced,047,269075,40123,39784,1643,41427,565
2021-10-08,Modoc,049,8938,493,477,174,651,5
2021-10-08,Mono,051,14174,1631,1577,20,1597,3
2021-10-08,Monterey,053,433212,48046,47168,2681,49849,577
2021-10-08,Napa,055,140530,12671,12586,96,12682,96
2021-10-08,Nevada,057,99092,8744,8613,300,8913,90
2021-10-08,Orange,059,3164182,301890,299089,14347,313436,5457
2021-10-08,Placer,061,380077,35473,34877,3388,38265,393
2021-10-08,Plumas,063,18699,1531,1418,25,1443,6
2021-10-08,Riverside,065,2383286,354763,350082,15957,366039,4965
2021-10-08,Sacramento,067,1510023,153059,151566,4147,155713,2160
2021-10-08,San Benito,069,59416,7172,7123,152,7275,71
2021-10-08,San Bernardino,071,2135413,346089,343452,10750,354202,5556
2021-10-08,San Diego,073,3302833,362844,359909,21329,381238,4111
2021-10-08,San Francisco,075,870044,51708,50960,2178,53138,643
2021-10-08,San Joaquin,077,732212,96784,95606,5150,100756,1669
2021-10-08,San Luis Obispo,079,281455,28704,28197,1162,29359,324
2021-10-08,San Mateo,081,765935,53011,52121,802,52923,569
2021-10-08,Santa Barbara,083,443738,43293,42735,1492,44227,514
2021-10-08,Santa Clara,085,1922200,143644,142298,1178,143476,1873
2021-10-08,Santa Cruz,087,273765,19909,19635,974,20609,217
2021-10-08,Shasta,089,179085,19932,19437,3300,22737,290
2021-10-08,Sierra,091,2930,159,141,15,156,0
2021-10-08,Siskiyou,093,43540,3233,3124,1184,4308,42
2021-10-08,Solano,095,438530,45019,44265,1179,45444,329
2021-10-08,Sonoma,097,501317,40186,39848,498,40346,387
2021-10-08,Stanislaus,099,539301,75192,74899,8402,83301,1114
2021-10-08,Sutter,101,95872,13411,13314,288,13602,165
2021-10-08,Tehama,103,63373,7886,7670,1312,8982,99
2021-10-08,Trinity,105,12862,805,660,199,859,11
2021-10-08,Tulare,107,460477,65074,63398,13548,76946,932
2021-10-08,Tuolumne,109,53932,6634,6521,81,6602,89
2021-10-08,Ventura,111,848112,96379,95542,4172,99714,1158
2021-10-08,Yolo,113,214977,19157,18850,897,19747,247
2021-10-08,Yuba,115,75493,9699,9551,236,9787,69
2021-10-07,Alameda,001,1643700,116691,116253,2630,118883,1356
2021-10-07,Alpine,002,1148,99,102,0,102,0
2021-10-07,Amador,005,37829,5298,5237,55,5292,62
2021-10-07,Butte,007,227075,19699,19277,3647,22924,250
2021-10-07,Calaveras,009,45235,3743,3716,43,3759,75
2021-10-07,Colusa,011,21464,2449,2419,571,2990,18
2021-10-07,Contra Costa,013,1133247,97071,96378,2019,98397,958
2021-10-07,Del Norte,015,27424,3580,3495,47,3542,39
2021-10-07,El Dorado,017,186661,15406,15153,1603,16756,144
2021-10-07,Fresno,019,978130,132667,130508,11883,142391,2018
2021-10-07,Glenn,021,27897,3344,3277,963,4240,26
2021-10-07,Humboldt,023,135768,8593,8448,454,8902,97
2021-10-07,Imperial,025,180216,32308,31989,3011,35000,760
2021-10-07,Inyo,027,18085,1891,1808,36,1844,39
2021-10-07,Kern,029,883053,121577,119795,19685,139480,1559
2021-10-07,Kings,031,150075,30447,29894,1746,31640,308
2021-10-07,Lake,033,64148,6412,6283,123,6406,97
2021-10-07,Lassen,035,31185,6572,6442,305,6747,25
2021-10-07,Los Angeles,037,10098052,1415793,1402810,51582,1454392,26280
2021-10-07,Madera,039,155013,21722,21313,1824,23137,271
2021-10-07,Marin,041,260295,8727,17049,419,17468,242
2021-10-07,Mariposa,043,17540,1099,1042,36,1078,5
2021-10-07,Mendocino,045,87422,7120,7011,417,7428,82
2021-10-07,Merced,047,269075,40057,39784,1626,41410,565
2021-10-07,Modoc,049,8938,490,477,173,650,5
2021-10-07,Mono,051,14174,1623,1577,20,1597,3
2021-10-07,Monterey,053,433212,48021,47168,2672,49840,577
2021-10-07,Napa,055,140530,12656,12586,96,12682,96
2021-10-07,Nevada,057,99092,8716,8613,300,8913,90
2021-10-07,Orange,059,3164182,301664,299089,14333,313422,5457
2021-10-07,Placer,061,380077,35411,34877,3381,38258,393
2021-10-07,Plumas,063,18699,1514,1418,25,1443,6
2021-10-07,Riverside,065,2383286,354431,350082,15945,366027,4965
2021-10-07,Sacramento,067,1510023,152776,151566,4118,155684,2160
2021-10-07,San Benito,069,59416,7156,7123,150,7273,71
2021-10-07,San Bernardino,071,2135413,345814,343452,10742,354194,5556
2021-10-07,San Diego,073,3302833,362449,359909,21308,381217,4111
2021-10-07,San Francisco,075,870044,51637,50960,2175,53135,643
2021-10-07,San Joaquin,077,732212,96630,95606,5142,100748,1669
2021-10-07,San Luis Obispo,079,281455,28653,28197,1160,29357,324
2021-10-07,San Mateo,081,765935,52971,52121,801,52922,569
2021-10-07,Santa Barbara,083,443738,43224,42735,1486,44221,514
2021-10-07,Santa Clara,085,1922200,143494,142298,1172,143470,1873
2021-10-07,Santa Cruz,087,273765,19889,19635,973,20608,217
2021-10-07,Shasta,089,179085,19844,19437,3285,22722,290
2021-10-07,Sierra,091,2930,158,141,15,156,0
2021-10-07,Siskiyou,093,43540,3229,3124,1179,4303,42
2021-10-07,Solano,095,438530,44973,44265,1175,45440,329
2021-10-07,Sonoma,097,501317,40149,39848,496,40344,387
2021-10-07,Stanislaus,099,539301,75030,74899,8377,83276,1114
2021-10-07,Sutter,101,95872,13389,13314,285,13599,165
2021-10-07,Tehama,103,63373,7853,7670,1306,8976,99
2021-10-07,Trinity,105,12862,803,660,199,859,11
2021-10-07,Tulare,107,460477,64909,63398,13512,76910,932
2021-10-07,Tuolumne,109,53932,6613,6521,81,6602,89
2021-10-07,Ventura,111,848112,96306,95542,4169,99711,1158
2021-10-07,Yolo,113,214977,19124,18850,893,19743,247
2021-10-07,Yuba,115,75493,9673,9551,229,9780,69
2021-10-06,Alameda,001,1643700,116554,116058,2624,118682,1353
2021-10-06,Alpine,002,1148,99,102,0,102,0
2021-10-06,Amador,005,37829,5295,5205,55,5260,62
2021-10-06,Butte,007,227075,19637,19208,3640,22848,247
2021-10-06,Calaveras,009,45235,3734,3669,43,3712,75
2021-10-06,Colusa,011,21464,2446,2414,564,2978,18
2021-10-06,Contra Costa,013,1133247,96947,96184,2015,98199,953
2021-10-06,Del Norte,015,27424,3577,3490,44,3534,39
2021-10-06,El Dorado,017,186661,15380,15078,1600,16678,140
2021-10-06,Fresno,019,978130,132377,130074,11858,141932,2008
2021-10-06,Glenn,021,27897,3335,3270,961,4231,26
2021-10-06,Humboldt,023,135768,8578,8416,448,8864,94
2021-10-06,Imperial,025,180216,32255,31930,3001,34931,760
2021-10-06,Inyo,027,18085,1876,1806,36,1842,39
2021-10-06,Kern,029,883053,121320,119491,19594,139085,1552
2021-10-06,Kings,031,150075,30381,29785,1738,31523,308
2021-10-06,Lake,033,64148,6398,6271,123,6394,97
2021-10-06,Lassen,035,31185,6556,6429,304,6733,25
2021-10-06,Los Angeles,037,10098052,1414836,1401675,51534,1453209,26252
2021-10-06,Madera,039,155013,21667,21230,1814,23044,269
2021-10-06,Marin,041,260295,8718,17042,416,17458,242
2021-10-06,Mariposa,043,17540,1092,1036,36,1072,5
2021-10-06,Mendocino,045,87422,7111,6986,415,7401,81
2021-10-06,Merced,047,269075,39982,39666,1614,41280,563
2021-10-06,Modoc,049,8938,490,477,171,648,5
2021-10-06,Mono,051,14174,1611,1568,20,1588,3
2021-10-06,Monterey,053,433212,47988,47136,2667,49803,577
2021-10-06,Napa,055,140530,12632,12552,95,12647,96
2021-10-06,Nevada,057,99092,8700,8582,299,8881,90
2021-10-06,Orange,059,3164182,301424,298785,14320,313105,5448
2021-10-06,Placer,061,380077,35360,34764,3375,38139,390
2021-10-06,Plumas,063,18699,1491,1383,25,1408,6
2021-10-06,Riverside,065,2383286,354076,349645,15924,365569,4953
2021-10-06,Sacramento,067,1510023,152523,151164,4086,155250,2141
2021-10-06,San Benito,069,59416,7141,7108,150,7258,69
2021-10-06,San Bernardino,071,2135413,345522,343022,10735,353757,5551
2021-10-06,San Diego,073,3302833,361956,359564,21282,380846,4104
2021-10-06,San Francisco,075,870044,51573,50894,2172,53066,641
2021-10-06,San Joaquin,077,732212,96496,95418,5130,100548,1658
2021-10-06,San Luis Obispo,079,281455,28604,28170,1154,29324,323
2021-10-06,San Mateo,081,765935,52921,52056,796,52852,569
2021-10-06,Santa Barbara,083,443738,43141,42687,1484,44171,513
2021-10-06,Santa Clara,085,1922200,143342,142124,1167,143291,1872
2021-10-06,Santa Cruz,087,273765,19860,19604,971,20575,217
2021-10-06,Shasta,089,179085,19769,19325,3272,22597,287
2021-10-06,Sierra,091,2930,156,138,15,153,0
2021-10-06,Siskiyou,093,43540,3219,3116,1172,4288,42
2021-10-06,Solano,095,438530,44939,44185,1174,45359,328
2021-10-06,Sonoma,097,501317,40100,39787,495,40282,383
2021-10-06,Stanislaus,099,539301,74888,74699,8364,83063,1114
2021-10-06,Sutter,101,95872,13368,13284,283,13567,164
2021-10-06,Tehama,103,63373,7817,7629,1298,8927,99
2021-10-06,Trinity,105,12862,800,656,199,855,11
2021-10-06,Tulare,107,460477,64729,63198,13456,76654,926
2021-10-06,Tuolumne,109,53932,6586,6486,81,6567,89
2021-10-06,Ventura,111,848112,96215,95449,4161,99610,1158
2021-10-06,Yolo,113,214977,19091,18815,890,19705,247
2021-10-06,Yuba,115,75493,9649,9520,228,9748,69
2021-10-05,Alameda,001,1643700,116410,115968,2619,118587,1350
2021-10-05,Alpine,002,1148,99,102,0,102,0
2021-10-05,Amador,005,37829,5274,5194,54,5248,61
2021-10-05,Butte,007,227075,19588,19137,3624,22761,246
2021-10-05,Calaveras,009,45235,3718,3657,43,3700,73
2021-10-05,Colusa,011,21464,2439,2414,563,2977,18
2021-10-05,Contra Costa,013,1133247,96830,96108,2010,98118,941
2021-10-05,Del Norte,015,27424,3575,3485,43,3528,39
2021-10-05,El Dorado,017,186661,15341,15052,1597,16649,140
2021-10-05,Fresno,019,978130,132036,129957,11822,141779,1987
2021-10-05,Glenn,021,27897,3324,3270,956,4226,26
2021-10-05,Humboldt,023,135768,8547,8398,444,8842,94
2021-10-05,Imperial,025,180216,32207,31909,2996,34905,759
2021-10-05,Inyo,027,18085,1859,1800,36,1836,39
2021-10-05,Kern,029,883053,121056,119260,19493,138753,1540
2021-10-05,Kings,031,150075,30306,29749,1733,31482,301
2021-10-05,Lake,033,64148,6377,6264,122,6386,97
2021-10-05,Lassen,035,31185,6537,6417,302,6719,25
2021-10-05,Los Angeles,037,10098052,1413693,1400300,51481,1451781,26223
2021-10-05,Madera,039,155013,21609,21183,1802,22985,269
2021-10-05,Marin,041,260295,8706,17024,416,17440,242
2021-10-05,Mariposa,043,17540,1073,1033,33,1066,5
2021-10-05,Mendocino,045,87422,7095,6972,408,7380,79
2021-10-05,Merced,047,269075,39916,39608,1606,41214,562
2021-10-05,Modoc,049,8938,486,475,170,645,5
2021-10-05,Mono,051,14174,1603,1565,20,1585,3
2021-10-05,Monterey,053,433212,47971,47087,2657,49744,573
2021-10-05,Napa,055,140530,12608,12533,95,12628,96
2021-10-05,Nevada,057,99092,8670,8576,299,8875,90
2021-10-05,Orange,059,3164182,301147,298589,14286,312875,5441
2021-10-05,Placer,061,380077,35283,34728,3369,38097,382
2021-10-05,Plumas,063,18699,1466,1357,25,1382,6
2021-10-05,Riverside,065,2383286,353718,349365,15909,365274,4942
2021-10-05,Sacramento,067,1510023,152249,151111,4058,155169,2126
2021-10-05,San Benito,069,59416,7123,7103,148,7251,69
2021-10-05,San Bernardino,071,2135413,345196,342711,10728,353439,5557
2021-10-05,San Diego,073,3302833,361381,359194,21255,380449,4092
2021-10-05,San Francisco,075,870044,51474,50826,2169,52995,641
2021-10-05,San Joaquin,077,732212,96343,95276,5104,100380,1651
2021-10-05,San Luis Obispo,079,281455,28560,28113,1152,29265,324
2021-10-05,San Mateo,081,765935,52874,52008,796,52804,569
2021-10-05,Santa Barbara,083,443738,43063,42595,1480,44075,511
2021-10-05,Santa Clara,085,1922200,143180,141971,1160,143131,1873
2021-10-05,Santa Cruz,087,273765,19818,19582,971,20553,216
2021-10-05,Shasta,089,179085,19695,19285,3259,22544,286
2021-10-05,Sierra,091,2930,152,136,15,151,0
2021-10-05,Siskiyou,093,43540,3205,3107,1172,4279,42
2021-10-05,Solano,095,438530,44867,44149,1173,45322,325
2021-10-05,Sonoma,097,501317,40045,39756,490,40246,383
2021-10-05,Stanislaus,099,539301,74726,74599,8347,82946,1114
2021-10-05,Sutter,101,95872,13340,13270,282,13552,164
2021-10-05,Tehama,103,63373,7789,7607,1289,8896,98
2021-10-05,Trinity,105,12862,797,655,199,854,11
2021-10-05,Tulare,107,460477,64522,63093,13403,76496,920
2021-10-05,Tuolumne,109,53932,6570,6473,80,6553,89
2021-10-05,Ventura,111,848112,96109,95351,4160,99511,1155
2021-10-05,Yolo,113,214977,19055,18782,884,19666,245
2021-10-05,Yuba,115,75493,9617,9504,225,9729,69
2021-10-04,Alameda,001,1643700,116249,115845,2616,118461,1347
2021-10-04,Alpine,002,1148,99,102,0,102,0
2021-10-04,Amador,005,37829,5264,5163,53,5216,61
2021-10-04,Butte,007,227075,19511,19081,3613,22694,245
2021-10-04,Calaveras,009,45235,3709,3641,43,3684,73
2021-10-04,Colusa,011,21464,2438,2414,561,2975,18
2021-10-04,Contra Costa,013,1133247,96688,95958,2005,97963,937
2021-10-04,Del Norte,015,27424,3573,3485,39,3524,39
2021-10-04,El Dorado,017,186661,15295,15031,1590,16621,138
2021-10-04,Fresno,019,978130,131727,129665,11793,141458,1978
2021-10-04,Glenn,021,27897,3317,3270,953,4223,26
2021-10-04,Humboldt,023,135768,8515,8355,437,8792,94
2021-10-04,Imperial,025,180216,32158,31866,2989,34855,757
2021-10-04,Inyo,027,18085,1847,1792,34,1826,39
2021-10-04,Kern,029,883053,120765,118984,19373,138357,1531
2021-10-04,Kings,031,150075,30212,29702,1730,31432,303
2021-10-04,Lake,033,64148,6364,6248,122,6370,97
2021-10-04,Lassen,035,31185,6520,6405,302,6707,25
2021-10-04,Los Angeles,037,10098052,1412572,1399604,51426,1451030,26186
2021-10-04,Madera,039,155013,21545,21126,1790,22916,266
2021-10-04,Marin,041,260295,8690,17008,415,17423,242
2021-10-04,Mariposa,043,17540,1061,1024,33,1057,5
2021-10-04,Mendocino,045,87422,7077,6947,405,7352,79
2021-10-04,Merced,047,269075,39799,39565,1590,41155,558
2021-10-04,Modoc,049,8938,483,473,170,643,5
2021-10-04,Mono,051,14174,1595,1561,20,1581,3
2021-10-04,Monterey,053,433212,47950,47058,2650,49708,571
2021-10-04,Napa,055,140530,12585,12506,95,12601,96
2021-10-04,Nevada,057,99092,8650,8563,299,8862,90
2021-10-04,Orange,059,3164182,300852,298165,14254,312419,5438
2021-10-04,Placer,061,380077,35201,34630,3341,37971,379
2021-10-04,Plumas,063,18699,1444,1329,25,1354,6
2021-10-04,Riverside,065,2383286,353338,348828,15899,364727,4923
2021-10-04,Sacramento,067,1510023,151925,150887,4031,154918,2115
2021-10-04,San Benito,069,59416,7110,7099,148,7247,69
2021-10-04,San Bernardino,071,2135413,344835,342418,10717,353135,5551
2021-10-04,San Diego,073,3302833,360815,358525,21224,379749,4090
2021-10-04,San Francisco,075,870044,51379,50798,2165,52963,638
2021-10-04,San Joaquin,077,732212,96146,95198,5084,100282,1649
2021-10-04,San Luis Obispo,079,281455,28515,28090,1146,29236,323
2021-10-04,San Mateo,081,765935,52814,51958,795,52753,569
2021-10-04,Santa Barbara,083,443738,42978,42585,1479,44064,511
2021-10-04,Santa Clara,085,1922200,143033,141840,1154,142994,1869
2021-10-04,Santa Cruz,087,273765,19789,19559,970,20529,216
2021-10-04,Shasta,089,179085,19588,19170,3245,22415,279
2021-10-04,Sierra,091,2930,145,136,14,150,0
2021-10-04,Siskiyou,093,43540,3196,3103,1157,4260,42
2021-10-04,Solano,095,438530,44808,44092,1169,45261,322
2021-10-04,Sonoma,097,501317,39979,39720,490,40210,381
2021-10-04,Stanislaus,099,539301,74575,74444,8328,82772,1106
2021-10-04,Sutter,101,95872,13311,13261,281,13542,164
2021-10-04,Tehama,103,63373,7748,7585,1283,8868,95
2021-10-04,Trinity,105,12862,796,649,198,847,11
2021-10-04,Tulare,107,460477,64337,62957,13335,76292,920
2021-10-04,Tuolumne,109,53932,6544,6442,80,6522,89
2021-10-04,Ventura,111,848112,96018,95170,4154,99324,1153
2021-10-04,Yolo,113,214977,19011,18761,880,19641,242
2021-10-04,Yuba,115,75493,9578,9481,223,9704,68
2021-10-03,Alameda,001,1643700,116106,115751,2606,118357,1349
2021-10-03,Alpine,002,1148,99,102,0,102,0
2021-10-03,Amador,005,37829,5246,5160,51,5211,61
2021-10-03,Butte,007,227075,19438,19066,3594,22660,245
2021-10-03,Calaveras,009,45235,3692,3632,43,3675,73
2021-10-03,Colusa,011,21464,2436,2413,558,2971,18
2021-10-03,Contra Costa,013,1133247,96555,95890,1999,97889,937
2021-10-03,Del Norte,015,27424,3567,3483,38,3521,39
2021-10-03,El Dorado,017,186661,15236,15014,1583,16597,139
2021-10-03,Fresno,019,978130,131346,129365,11753,141118,1978
2021-10-03,Glenn,021,27897,3310,3266,945,4211,26
2021-10-03,Humboldt,023,135768,8469,8352,433,8785,94
2021-10-03,Imperial,025,180216,32091,31844,2981,34825,757
2021-10-03,Inyo,027,18085,1826,1788,34,1822,39
2021-10-03,Kern,029,883053,120460,118851,19251,138102,1535
2021-10-03,Kings,031,150075,30114,29623,1723,31346,300
2021-10-03,Lake,033,64148,6338,6239,122,6361,97
2021-10-03,Lassen,035,31185,6498,6400,300,6700,25
2021-10-03,Los Angeles,037,10098052,1411311,1398790,51373,1450163,26179
2021-10-03,Madera,039,155013,21473,21066,1780,22846,266
2021-10-03,Marin,041,260295,8667,16995,410,17405,242
2021-10-03,Mariposa,043,17540,1054,1011,33,1044,5
2021-10-03,Mendocino,045,87422,7057,6939,397,7336,79
2021-10-03,Merced,047,269075,39692,39516,1570,41086,558
2021-10-03,Modoc,049,8938,482,472,169,641,5
2021-10-03,Mono,051,14174,1591,1554,20,1574,3
2021-10-03,Monterey,053,433212,47925,47049,2639,49688,571
2021-10-03,Napa,055,140530,12556,12489,93,12582,96
2021-10-03,Nevada,057,99092,8616,8545,299,8844,90
2021-10-03,Orange,059,3164182,300569,298027,14234,312261,5447
2021-10-03,Placer,061,380077,35061,34596,3325,37921,379
2021-10-03,Plumas,063,18699,1416,1328,25,1353,6
2021-10-03,Riverside,065,2383286,352908,348593,15879,364472,4924
2021-10-03,Sacramento,067,1510023,151636,150664,4002,154666,2120
2021-10-03,San Benito,069,59416,7101,7095,148,7243,69
2021-10-03,San Bernardino,071,2135413,344417,342302,10710,353012,5555
2021-10-03,San Diego,073,3302833,360235,358153,21191,379344,4081
2021-10-03,San Francisco,075,870044,51294,50733,2162,52895,638
2021-10-03,San Joaquin,077,732212,95958,95133,5076,100209,1649
2021-10-03,San Luis Obispo,079,281455,28449,28065,1141,29206,325
2021-10-03,San Mateo,081,765935,52747,51923,794,52717,569
2021-10-03,Santa Barbara,083,443738,42882,42550,1471,44021,511
2021-10-03,Santa Clara,085,1922200,142862,141737,1147,142884,1869
2021-10-03,Santa Cruz,087,273765,19749,19548,968,20516,216
2021-10-03,Shasta,089,179085,19483,19132,3217,22349,279
2021-10-03,Sierra,091,2930,142,136,14,150,0
2021-10-03,Siskiyou,093,43540,3183,3096,1147,4243,42
2021-10-03,Solano,095,438530,44746,44051,1166,45217,322
2021-10-03,Sonoma,097,501317,39913,39679,490,40169,381
2021-10-03,Stanislaus,099,539301,74387,74366,8310,82676,1106
2021-10-03,Sutter,101,95872,13296,13248,277,13525,164
2021-10-03,Tehama,103,63373,7706,7564,1278,8842,94
2021-10-03,Trinity,105,12862,792,647,196,843,11
2021-10-03,Tulare,107,460477,64132,62860,13263,76123,924
2021-10-03,Tuolumne,109,53932,6515,6430,78,6508,89
2021-10-03,Ventura,111,848112,95912,95108,4151,99259,1153
2021-10-03,Yolo,113,214977,18981,18720,874,19594,242
2021-10-03,Yuba,115,75493,9561,9462,222,9684,68
2021-10-02,Alameda,001,1643700,115998,115185,2601,117786,1343
2021-10-02,Alpine,002,1148,99,102,0,102,0
2021-10-02,Amador,005,37829,5237,5105,51,5156,61
2021-10-02,Butte,007,227075,19408,18911,3586,22497,243
2021-10-02,Calaveras,009,45235,3685,3585,43,3628,72
2021-10-02,Colusa,011,21464,2435,2403,556,2959,18
2021-10-02,Contra Costa,013,1133247,96484,95369,1995,97364,933
2021-10-02,Del Norte,015,27424,3562,3468,38,3506,39
2021-10-02,El Dorado,017,186661,15210,14887,1582,16469,136
2021-10-02,Fresno,019,978130,131176,128450,11740,140190,1964
2021-10-02,Glenn,021,27897,3305,3234,945,4179,26
2021-10-02,Humboldt,023,135768,8451,8244,433,8677,94
2021-10-02,Imperial,025,180216,32056,31674,2978,34652,757
2021-10-02,Inyo,027,18085,1817,1746,34,1780,39
2021-10-02,Kern,029,883053,120327,117962,19170,137132,1524
2021-10-02,Kings,031,150075,30065,29339,1719,31058,301
2021-10-02,Lake,033,64148,6329,6191,122,6313,97
2021-10-02,Lassen,035,31185,6493,6360,300,6660,25
2021-10-02,Los Angeles,037,10098052,1410699,1395070,51337,1446407,26126
2021-10-02,Madera,039,155013,21448,20931,1771,22702,266
2021-10-02,Marin,041,260295,8662,16936,407,17343,242
2021-10-02,Mariposa,043,17540,1052,967,33,1000,5
2021-10-02,Mendocino,045,87422,7047,6869,397,7266,78
2021-10-02,Merced,047,269075,39665,39196,1566,40762,552
2021-10-02,Modoc,049,8938,480,468,169,637,5
2021-10-02,Mono,051,14174,1589,1540,20,1560,3
2021-10-02,Monterey,053,433212,47870,46964,2638,49602,571
2021-10-02,Napa,055,140530,12545,12433,93,12526,96
2021-10-02,Nevada,057,99092,8605,8474,298,8772,87
2021-10-02,Orange,059,3164182,300402,297307,14214,311521,5435
2021-10-02,Placer,061,380077,34994,34377,3316,37693,381
2021-10-02,Plumas,063,18699,1405,1298,25,1323,6
2021-10-02,Riverside,065,2383286,352667,347227,15868,363095,4895
2021-10-02,Sacramento,067,1510023,151463,149897,3994,153891,2099
2021-10-02,San Benito,069,59416,7094,7055,148,7203,69
2021-10-02,San Bernardino,071,2135413,344230,341212,10658,351870,5540
2021-10-02,San Diego,073,3302833,359918,356454,21169,377623,4078
2021-10-02,San Francisco,075,870044,51245,50393,2157,52550,634
2021-10-02,San Joaquin,077,732212,95894,94599,5070,99669,1646
2021-10-02,San Luis Obispo,079,281455,28425,27915,1141,29056,323
2021-10-02,San Mateo,081,765935,52706,51767,790,52557,573
2021-10-02,Santa Barbara,083,443738,42842,42423,1471,43894,508
2021-10-02,Santa Clara,085,1922200,142748,141231,1143,142374,1862
2021-10-02,Santa Cruz,087,273765,19732,19461,967,20428,214
2021-10-02,Shasta,089,179085,19437,18912,3211,22123,270
2021-10-02,Sierra,091,2930,141,131,14,145,0
2021-10-02,Siskiyou,093,43540,3182,3053,1144,4197,42
2021-10-02,Solano,095,438530,44702,43800,1165,44965,321
2021-10-02,Sonoma,097,501317,39879,39497,489,39986,382
2021-10-02,Stanislaus,099,539301,74301,73859,8297,82156,1099
2021-10-02,Sutter,101,95872,13287,13160,276,13436,160
2021-10-02,Tehama,103,63373,7691,7453,1278,8731,93
2021-10-02,Trinity,105,12862,789,625,196,821,10
2021-10-02,Tulare,107,460477,64054,62247,13237,75484,908
2021-10-02,Tuolumne,109,53932,6501,6369,78,6447,89
2021-10-02,Ventura,111,848112,95840,94854,4146,99000,1148
2021-10-02,Yolo,113,214977,18954,18640,872,19512,242
2021-10-02,Yuba,115,75493,9542,9370,221,9591,66
2021-10-01,Alameda,001,1643700,115921,115185,2595,117780,1343
2021-10-01,Alpine,002,1148,99,102,0,102,0
2021-10-01,Amador,005,37829,5217,5105,51,5156,61
2021-10-01,Butte,007,227075,19368,18911,3579,22490,243
2021-10-01,Calaveras,009,45235,3675,3585,43,3628,72
2021-10-01,Colusa,011,21464,2433,2403,556,2959,18
2021-10-01,Contra Costa,013,1133247,96388,95369,1991,97360,933
2021-10-01,Del Norte,015,27424,3559,3468,37,3505,39
2021-10-01,El Dorado,017,186661,15193,14887,1578,16465,136
2021-10-01,Fresno,019,978130,130987,128450,11730,140180,1964
2021-10-01,Glenn,021,27897,3303,3234,944,4178,26
2021-10-01,Humboldt,023,135768,8434,8244,433,8677,94
2021-10-01,Imperial,025,180216,32037,31674,2969,34643,757
2021-10-01,Inyo,027,18085,1808,1746,34,1780,39
2021-10-01,Kern,029,883053,120174,117962,19114,137076,1524
2021-10-01,Kings,031,150075,30031,29339,1714,31053,301
2021-10-01,Lake,033,64148,6319,6191,122,6313,97
2021-10-01,Lassen,035,31185,6482,6360,299,6659,25
2021-10-01,Los Angeles,037,10098052,1409934,1395070,51294,1446364,26126
2021-10-01,Madera,039,155013,21398,20931,1762,22693,266
2021-10-01,Marin,041,260295,8647,16936,406,17342,242
2021-10-01,Mariposa,043,17540,1045,967,33,1000,5
2021-10-01,Mendocino,045,87422,7035,6869,397,7266,78
2021-10-01,Merced,047,269075,39621,39196,1558,40754,552
2021-10-01,Modoc,049,8938,479,468,169,637,5
2021-10-01,Mono,051,14174,1586,1540,20,1560,3
2021-10-01,Monterey,053,433212,47849,46964,2635,49599,571
2021-10-01,Napa,055,140530,12535,12433,92,12525,96
2021-10-01,Nevada,057,99092,8591,8474,297,8771,87
2021-10-01,Orange,059,3164182,300217,297307,14193,311500,5435
2021-10-01,Placer,061,380077,34960,34377,3312,37689,381
2021-10-01,Plumas,063,18699,1396,1298,25,1323,6
2021-10-01,Riverside,065,2383286,352377,347227,15861,363088,4895
2021-10-01,Sacramento,067,1510023,151310,149897,3984,153881,2099
2021-10-01,San Benito,069,59416,7092,7055,146,7201,69
2021-10-01,San Bernardino,071,2135413,344030,341212,10655,351867,5540
2021-10-01,San Diego,073,3302833,359558,356454,21147,377601,4078
2021-10-01,San Francisco,075,870044,51204,50393,2156,52549,634
2021-10-01,San Joaquin,077,732212,95823,94599,5066,99665,1646
2021-10-01,San Luis Obispo,079,281455,28401,27915,1138,29053,323
2021-10-01,San Mateo,081,765935,52666,51767,787,52554,573
2021-10-01,Santa Barbara,083,443738,42806,42423,1471,43894,508
2021-10-01,Santa Clara,085,1922200,142655,141231,1138,142369,1862
2021-10-01,Santa Cruz,087,273765,19712,19461,966,20427,214
2021-10-01,Shasta,089,179085,19383,18912,3204,22116,270
2021-10-01,Sierra,091,2930,141,131,14,145,0
2021-10-01,Siskiyou,093,43540,3181,3053,1141,4194,42
2021-10-01,Solano,095,438530,44649,43800,1159,44959,321
2021-10-01,Sonoma,097,501317,39847,39497,488,39985,382
2021-10-01,Stanislaus,099,539301,74217,73859,8286,82145,1099
2021-10-01,Sutter,101,95872,13271,13160,274,13434,160
2021-10-01,Tehama,103,63373,7679,7453,1276,8729,93
2021-10-01,Trinity,105,12862,787,625,196,821,10
2021-10-01,Tulare,107,460477,63950,62247,13202,75449,908
2021-10-01,Tuolumne,109,53932,6484,6369,78,6447,89
2021-10-01,Ventura,111,848112,95774,94854,4141,98995,1148
2021-10-01,Yolo,113,214977,18931,18640,870,19510,242
2021-10-01,Yuba,115,75493,9520,9370,221,9591,66
2021-09-30,Alameda,001,1643700,115776,115185,2591,117776,1343
2021-09-30,Alpine,002,1148,99,102,0,102,0
2021-09-30,Amador,005,37829,5205,5105,51,5156,61
2021-09-30,Butte,007,227075,19319,18911,3570,22481,243
2021-09-30,Calaveras,009,45235,3661,3585,43,3628,72
2021-09-30,Colusa,011,21464,2430,2403,555,2958,18
2021-09-30,Contra Costa,013,1133247,96283,95369,1986,97355,933
2021-09-30,Del Norte,015,27424,3555,3468,34,3502,39
2021-09-30,El Dorado,017,186661,15167,14887,1570,16457,136
2021-09-30,Fresno,019,978130,130709,128450,11696,140146,1964
2021-09-30,Glenn,021,27897,3293,3234,941,4175,26
2021-09-30,Humboldt,023,135768,8402,8244,427,8671,94
2021-09-30,Imperial,025,180216,31985,31674,2967,34641,757
2021-09-30,Inyo,027,18085,1798,1746,34,1780,39
2021-09-30,Kern,029,883053,119930,117962,19032,136994,1524
2021-09-30,Kings,031,150075,29941,29339,1710,31049,301
2021-09-30,Lake,033,64148,6301,6191,122,6313,97
2021-09-30,Lassen,035,31185,6468,6360,299,6659,25
2021-09-30,Los Angeles,037,10098052,1408725,1395070,51235,1446305,26126
2021-09-30,Madera,039,155013,21315,20931,1747,22678,266
2021-09-30,Marin,041,260295,8627,16936,405,17341,242
2021-09-30,Mariposa,043,17540,1023,967,33,1000,5
2021-09-30,Mendocino,045,87422,7026,6869,388,7257,78
2021-09-30,Merced,047,269075,39525,39196,1553,40749,552
2021-09-30,Modoc,049,8938,479,468,168,636,5
2021-09-30,Mono,051,14174,1578,1540,20,1560,3
2021-09-30,Monterey,053,433212,47819,46964,2624,49588,571
2021-09-30,Napa,055,140530,12515,12433,92,12525,96
2021-09-30,Nevada,057,99092,8574,8474,296,8770,87
2021-09-30,Orange,059,3164182,299944,297307,14155,311462,5435
2021-09-30,Placer,061,380077,34905,34377,3292,37669,381
2021-09-30,Plumas,063,18699,1378,1298,25,1323,6
2021-09-30,Riverside,065,2383286,351945,347227,15840,363067,4895
2021-09-30,Sacramento,067,1510023,151049,149897,3958,153855,2099
2021-09-30,San Benito,069,59416,7086,7055,146,7201,69
2021-09-30,San Bernardino,071,2135413,343717,341212,10641,351853,5540
2021-09-30,San Diego,073,3302833,359077,356454,21121,377575,4078
2021-09-30,San Francisco,075,870044,51127,50393,2152,52545,634
2021-09-30,San Joaquin,077,732212,95691,94599,5058,99657,1646
2021-09-30,San Luis Obispo,079,281455,28353,27915,1134,29049,323
2021-09-30,San Mateo,081,765935,52617,51767,784,52551,573
2021-09-30,Santa Barbara,083,443738,42749,42423,1470,43893,508
2021-09-30,Santa Clara,085,1922200,142506,141231,1135,142366,1862
2021-09-30,Santa Cruz,087,273765,19672,19461,965,20426,214
2021-09-30,Shasta,089,179085,19321,18912,3189,22101,270
2021-09-30,Sierra,091,2930,140,131,14,145,0
2021-09-30,Siskiyou,093,43540,3173,3053,1136,4189,42
2021-09-30,Solano,095,438530,44595,43800,1156,44956,321
2021-09-30,Sonoma,097,501317,39797,39497,488,39985,382
2021-09-30,Stanislaus,099,539301,74057,73859,8267,82126,1099
2021-09-30,Sutter,101,95872,13250,13160,274,13434,160
2021-09-30,Tehama,103,63373,7641,7453,1264,8717,93
2021-09-30,Trinity,105,12862,783,625,196,821,10
2021-09-30,Tulare,107,460477,63775,62247,13145,75392,908
2021-09-30,Tuolumne,109,53932,6461,6369,78,6447,89
2021-09-30,Ventura,111,848112,95669,94854,4134,98988,1148
2021-09-30,Yolo,113,214977,18891,18640,867,19507,242
2021-09-30,Yuba,115,75493,9497,9370,220,9590,66
2021-09-29,Alameda,001,1643700,115630,114998,2588,117586,1339
2021-09-29,Alpine,002,1148,99,101,0,101,0
2021-09-29,Amador,005,37829,5183,5058,51,5109,61
2021-09-29,Butte,007,227075,19265,18835,3563,22398,242
2021-09-29,Calaveras,009,45235,3644,3553,42,3595,72
2021-09-29,Colusa,011,21464,2428,2401,555,2956,18
2021-09-29,Contra Costa,013,1133247,96168,95213,1978,97191,929
2021-09-29,Del Norte,015,27424,3549,3467,34,3501,39
2021-09-29,El Dorado,017,186661,15133,14834,1563,16397,136
2021-09-29,Fresno,019,978130,130408,128068,11672,139740,1957
2021-09-29,Glenn,021,27897,3288,3213,939,4152,26
2021-09-29,Humboldt,023,135768,8379,8203,426,8629,94
2021-09-29,Imperial,025,180216,31920,31600,2962,34562,757
2021-09-29,Inyo,027,18085,1788,1740,33,1773,39
2021-09-29,Kern,029,883053,119695,117605,18956,136561,1513
2021-09-29,Kings,031,150075,29859,29195,1695,30890,299
2021-09-29,Lake,033,64148,6281,6164,122,6286,97
2021-09-29,Lassen,035,31185,6454,6347,299,6646,25
2021-09-29,Los Angeles,037,10098052,1407502,1393617,51167,1444784,26098
2021-09-29,Madera,039,155013,21270,20818,1731,22549,266
2021-09-29,Marin,041,260295,8609,16921,403,17324,242
2021-09-29,Mariposa,043,17540,1008,963,33,996,5
2021-09-29,Mendocino,045,87422,7014,6821,380,7201,78
2021-09-29,Merced,047,269075,39432,39026,1542,40568,552
2021-09-29,Modoc,049,8938,477,468,168,636,5
2021-09-29,Mono,051,14174,1576,1527,20,1547,3
2021-09-29,Monterey,053,433212,47781,46917,2610,49527,571
2021-09-29,Napa,055,140530,12495,12416,89,12505,96
2021-09-29,Nevada,057,99092,8561,8434,296,8730,87
2021-09-29,Orange,059,3164182,299674,296936,14117,311053,5429
2021-09-29,Placer,061,380077,34841,34271,3270,37541,379
2021-09-29,Plumas,063,18699,1359,1289,25,1314,6
2021-09-29,Riverside,065,2383286,351507,346558,15827,362385,4886
2021-09-29,Sacramento,067,1510023,150798,149686,3948,153634,2099
2021-09-29,San Benito,069,59416,7075,7039,146,7185,69
2021-09-29,San Bernardino,071,2135413,343397,340672,10626,351298,5539
2021-09-29,San Diego,073,3302833,358590,355899,21091,376990,4066
2021-09-29,San Francisco,075,870044,51042,50286,2148,52434,629
2021-09-29,San Joaquin,077,732212,95533,94356,5036,99392,1645
2021-09-29,San Luis Obispo,079,281455,28307,27800,1128,28928,323
2021-09-29,San Mateo,081,765935,52557,51673,782,52455,573
2021-09-29,Santa Barbara,083,443738,42677,42328,1467,43795,507
2021-09-29,Santa Clara,085,1922200,142370,141036,1130,142166,1861
2021-09-29,Santa Cruz,087,273765,19654,19425,964,20389,214
2021-09-29,Shasta,089,179085,19255,18805,3178,21983,271
2021-09-29,Sierra,091,2930,136,130,14,144,0
2021-09-29,Siskiyou,093,43540,3160,3043,1129,4172,42
2021-09-29,Solano,095,438530,44539,43724,1149,44873,321
2021-09-29,Sonoma,097,501317,39736,39426,486,39912,370
2021-09-29,Stanislaus,099,539301,73926,73634,8256,81890,1096
2021-09-29,Sutter,101,95872,13223,13135,271,13406,155
2021-09-29,Tehama,103,63373,7611,7409,1250,8659,88
2021-09-29,Trinity,105,12862,779,616,196,812,10
2021-09-29,Tulare,107,460477,63598,62046,13086,75132,908
2021-09-29,Tuolumne,109,53932,6444,6336,78,6414,89
2021-09-29,Ventura,111,848112,95579,94753,4130,98883,1144
2021-09-29,Yolo,113,214977,18857,18587,863,19450,239
2021-09-29,Yuba,115,75493,9466,9351,216,9567,66
2021-09-28,Alameda,001,1643700,115472,114869,2582,117451,1333
2021-09-28,Alpine,002,1148,99,101,0,101,0
2021-09-28,Amador,005,37829,5161,5049,51,5100,61
2021-09-28,Butte,007,227075,19216,18764,3547,22311,241
2021-09-28,Calaveras,009,45235,3624,3530,42,3572,72
2021-09-28,Colusa,011,21464,2425,2399,553,2952,18
2021-09-28,Contra Costa,013,1133247,96027,95115,1973,97088,929
2021-09-28,Del Norte,015,27424,3546,3462,34,3496,39
2021-09-28,El Dorado,017,186661,15087,14793,1559,16352,133
2021-09-28,Fresno,019,978130,130062,127877,11637,139514,1948
2021-09-28,Glenn,021,27897,3283,3205,938,4143,26
2021-09-28,Humboldt,023,135768,8339,8159,423,8582,91
2021-09-28,Imperial,025,180216,31875,31543,2958,34501,757
2021-09-28,Inyo,027,18085,1774,1708,32,1740,39
2021-09-28,Kern,029,883053,119426,117420,18861,136281,1506
2021-09-28,Kings,031,150075,29757,29141,1687,30828,295
2021-09-28,Lake,033,64148,6266,6155,122,6277,95
2021-09-28,Lassen,035,31185,6448,6340,295,6635,25
2021-09-28,Los Angeles,037,10098052,1406213,1392445,51101,1443546,26068
2021-09-28,Madera,039,155013,21216,20764,1716,22480,266
2021-09-28,Marin,041,260295,8590,16887,401,17288,242
2021-09-28,Mariposa,043,17540,1003,952,33,985,5
2021-09-28,Mendocino,045,87422,6992,6804,378,7182,78
2021-09-28,Merced,047,269075,39345,38953,1529,40482,551
2021-09-28,Modoc,049,8938,476,467,168,635,5
2021-09-28,Mono,051,14174,1566,1527,20,1547,3
2021-09-28,Monterey,053,433212,47744,46859,2601,49460,571
2021-09-28,Napa,055,140530,12478,12388,88,12476,96
2021-09-28,Nevada,057,99092,8538,8409,295,8704,84
2021-09-28,Orange,059,3164182,299418,296596,14085,310681,5421
2021-09-28,Placer,061,380077,34776,34187,3252,37439,370
2021-09-28,Plumas,063,18699,1350,1276,25,1301,6
2021-09-28,Riverside,065,2383286,351048,346096,15806,361902,4874
2021-09-28,Sacramento,067,1510023,150507,149310,3926,153236,2086
2021-09-28,San Benito,069,59416,7058,7028,145,7173,69
2021-09-28,San Bernardino,071,2135413,343050,340342,10608,350950,5540
2021-09-28,San Diego,073,3302833,358042,355373,21059,376432,4054
2021-09-28,San Francisco,075,870044,50940,50234,2147,52381,627
2021-09-28,San Joaquin,077,732212,95381,94194,5023,99217,1639
2021-09-28,San Luis Obispo,079,281455,28273,27755,1123,28878,321
2021-09-28,San Mateo,081,765935,52512,51620,782,52402,571
2021-09-28,Santa Barbara,083,443738,42604,42226,1466,43692,506
2021-09-28,Santa Clara,085,1922200,142209,140886,1121,142007,1858
2021-09-28,Santa Cruz,087,273765,19613,19324,963,20287,214
2021-09-28,Shasta,089,179085,19194,18701,3164,21865,267
2021-09-28,Sierra,091,2930,135,130,13,143,0
2021-09-28,Siskiyou,093,43540,3148,3032,1126,4158,42
2021-09-28,Solano,095,438530,44466,43652,1146,44798,316
2021-09-28,Sonoma,097,501317,39689,39395,485,39880,370
2021-09-28,Stanislaus,099,539301,73755,73528,8244,81772,1094
2021-09-28,Sutter,101,95872,13204,13102,267,13369,155
2021-09-28,Tehama,103,63373,7593,7382,1235,8617,88
2021-09-28,Trinity,105,12862,776,613,196,809,10
2021-09-28,Tulare,107,460477,63436,61916,13028,74944,905
2021-09-28,Tuolumne,109,53932,6417,6308,78,6386,89
2021-09-28,Ventura,111,848112,95452,94632,4127,98759,1143
2021-09-28,Yolo,113,214977,18831,18564,859,19423,239
2021-09-28,Yuba,115,75493,9447,9323,215,9538,66
2021-09-27,Alameda,001,1643700,115278,114731,2573,117304,1327
2021-09-27,Alpine,002,1148,99,101,0,101,0
2021-09-27,Amador,005,37829,5147,5017,51,5068,59
2021-09-27,Butte,007,227075,19156,18687,3529,22216,239
2021-09-27,Calaveras,009,45235,3604,3514,41,3555,70
2021-09-27,Colusa,011,21464,2424,2393,552,2945,18
2021-09-27,Contra Costa,013,1133247,95895,94979,1965,96944,924
2021-09-27,Del Norte,015,27424,3544,3468,32,3500,37
2021-09-27,El Dorado,017,186661,15048,14764,1552,16316,132
2021-09-27,Fresno,019,978130,129740,127475,11604,139079,1942
2021-09-27,Glenn,021,27897,3270,3189,934,4123,26
2021-09-27,Humboldt,023,135768,8299,8118,423,8541,91
2021-09-27,Imperial,025,180216,31812,31491,2951,34442,756
2021-09-27,Inyo,027,18085,1762,1698,32,1730,39
2021-09-27,Kern,029,883053,119151,117064,18766,135830,1503
2021-09-27,Kings,031,150075,29658,28998,1675,30673,297
2021-09-27,Lake,033,64148,6246,6126,121,6247,95
2021-09-27,Lassen,035,31185,6433,6327,291,6618,25
2021-09-27,Los Angeles,037,10098052,1404876,1391538,51033,1442571,26040
2021-09-27,Madera,039,155013,21151,20691,1708,22399,262
2021-09-27,Marin,041,260295,8569,16861,400,17261,242
2021-09-27,Mariposa,043,17540,993,931,33,964,5
2021-09-27,Mendocino,045,87422,6966,6761,371,7132,74
2021-09-27,Merced,047,269075,39245,38840,1523,40363,548
2021-09-27,Modoc,049,8938,475,465,166,631,5
2021-09-27,Mono,051,14174,1554,1525,20,1545,3
2021-09-27,Monterey,053,433212,47701,46811,2590,49401,571
2021-09-27,Napa,055,140530,12454,12354,87,12441,95
2021-09-27,Nevada,057,99092,8515,8379,292,8671,84
2021-09-27,Orange,059,3164182,299111,296334,14047,310381,5409
2021-09-27,Placer,061,380077,34689,34087,3247,37334,370
2021-09-27,Plumas,063,18699,1340,1269,25,1294,6
2021-09-27,Riverside,065,2383286,350605,345529,15796,361325,4864
2021-09-27,Sacramento,067,1510023,150191,149096,3903,152999,2076
2021-09-27,San Benito,069,59416,7041,7017,145,7162,67
2021-09-27,San Bernardino,071,2135413,342635,339952,10584,350536,5544
2021-09-27,San Diego,073,3302833,357390,354755,21034,375789,4054
2021-09-27,San Francisco,075,870044,50856,50157,2144,52301,622
2021-09-27,San Joaquin,077,732212,95196,94085,5020,99105,1633
2021-09-27,San Luis Obispo,079,281455,28218,27674,1120,28794,320
2021-09-27,San Mateo,081,765935,52436,51552,782,52334,571
2021-09-27,Santa Barbara,083,443738,42537,42012,1462,43474,505
2021-09-27,Santa Clara,085,1922200,142028,140802,1111,141913,1853
2021-09-27,Santa Cruz,087,273765,19589,19292,962,20254,214
2021-09-27,Shasta,089,179085,19113,18599,3137,21736,267
2021-09-27,Sierra,091,2930,135,128,13,141,0
2021-09-27,Siskiyou,093,43540,3136,3015,1121,4136,42
2021-09-27,Solano,095,438530,44390,43582,1141,44723,314
2021-09-27,Sonoma,097,501317,39635,39347,485,39832,370
2021-09-27,Stanislaus,099,539301,73601,73370,8224,81594,1091
2021-09-27,Sutter,101,95872,13173,13082,264,13346,155
2021-09-27,Tehama,103,63373,7553,7345,1226,8571,88
2021-09-27,Trinity,105,12862,765,605,195,800,9
2021-09-27,Tulare,107,460477,63235,61708,12957,74665,904
2021-09-27,Tuolumne,109,53932,6395,6264,78,6342,89
2021-09-27,Ventura,111,848112,95328,94477,4123,98600,1138
2021-09-27,Yolo,113,214977,18796,18524,859,19383,239
2021-09-27,Yuba,115,75493,9410,9292,211,9503,64
2021-09-26,Alameda,001,1643700,115084,114601,2566,117167,1326
2021-09-26,Alpine,002,1148,99,101,0,101,0
2021-09-26,Amador,005,37829,5115,5001,50,5051,59
2021-09-26,Butte,007,227075,19081,18634,3509,22143,238
2021-09-26,Calaveras,009,45235,3582,3505,41,3546,70
2021-09-26,Colusa,011,21464,2419,2392,550,2942,18
2021-09-26,Contra Costa,013,1133247,95720,94877,1952,96829,924
2021-09-26,Del Norte,015,27424,3539,3466,31,3497,37
2021-09-26,El Dorado,017,186661,15006,14738,1544,16282,132
2021-09-26,Fresno,019,978130,129381,127235,11557,138792,1939
2021-09-26,Glenn,021,27897,3262,3182,930,4112,26
2021-09-26,Humboldt,023,135768,8262,8098,422,8520,91
2021-09-26,Imperial,025,180216,31751,31462,2950,34412,756
2021-09-26,Inyo,027,18085,1747,1685,32,1717,39
2021-09-26,Kern,029,883053,118812,116927,18656,135583,1502
2021-09-26,Kings,031,150075,29557,28930,1664,30594,293
2021-09-26,Lake,033,64148,6229,6113,121,6234,95
2021-09-26,Lassen,035,31185,6423,6319,286,6605,25
2021-09-26,Los Angeles,037,10098052,1403386,1390577,50966,1441543,26035
2021-09-26,Madera,039,155013,21076,20629,1689,22318,262
2021-09-26,Marin,041,260295,8545,16860,400,17260,242
2021-09-26,Mariposa,043,17540,987,929,33,962,5
2021-09-26,Mendocino,045,87422,6932,6744,356,7100,74
2021-09-26,Merced,047,269075,39084,38717,1515,40232,548
2021-09-26,Modoc,049,8938,475,465,165,630,5
2021-09-26,Mono,051,14174,1550,1516,20,1536,3
2021-09-26,Monterey,053,433212,47654,46792,2577,49369,571
2021-09-26,Napa,055,140530,12430,12340,86,12426,95
2021-09-26,Nevada,057,99092,8484,8356,287,8643,84
2021-09-26,Orange,059,3164182,298768,296085,14011,310096,5409
2021-09-26,Placer,061,380077,34595,34043,3238,37281,370
2021-09-26,Plumas,063,18699,1322,1268,25,1293,6
2021-09-26,Riverside,065,2383286,350070,345257,15782,361039,4864
2021-09-26,Sacramento,067,1510023,149785,148745,3884,152629,2071
2021-09-26,San Benito,069,59416,7024,7012,144,7156,67
2021-09-26,San Bernardino,071,2135413,342176,339771,10570,350341,5545
2021-09-26,San Diego,073,3302833,356768,354414,20993,375407,4051
2021-09-26,San Francisco,075,870044,50730,50092,2135,52227,622
2021-09-26,San Joaquin,077,732212,94990,93935,5006,98941,1633
2021-09-26,San Luis Obispo,079,281455,28145,27624,1115,28739,319
2021-09-26,San Mateo,081,765935,52367,51496,780,52276,571
2021-09-26,Santa Barbara,083,443738,42451,41946,1459,43405,505
2021-09-26,Santa Clara,085,1922200,141827,140667,1108,141775,1852
2021-09-26,Santa Cruz,087,273765,19564,19279,962,20241,214
2021-09-26,Shasta,089,179085,19004,18566,3114,21680,266
2021-09-26,Sierra,091,2930,135,128,13,141,0
2021-09-26,Siskiyou,093,43540,3122,2998,1111,4109,42
2021-09-26,Solano,095,438530,44323,43537,1140,44677,314
2021-09-26,Sonoma,097,501317,39576,39302,485,39787,370
2021-09-26,Stanislaus,099,539301,73401,73243,8196,81439,1091
2021-09-26,Sutter,101,95872,13136,13045,263,13308,155
2021-09-26,Tehama,103,63373,7496,7323,1215,8538,88
2021-09-26,Trinity,105,12862,762,591,195,786,9
2021-09-26,Tulare,107,460477,63015,61560,12880,74440,904
2021-09-26,Tuolumne,109,53932,6367,6236,76,6312,89
2021-09-26,Ventura,111,848112,95213,94391,4116,98507,1138
2021-09-26,Yolo,113,214977,18759,18496,852,19348,239
2021-09-26,Yuba,115,75493,9383,9275,211,9486,64
2021-09-25,Alameda,001,1643700,115005,114014,2563,116577,1324
2021-09-25,Alpine,002,1148,99,101,0,101,0
2021-09-25,Amador,005,37829,5101,4934,50,4984,59
2021-09-25,Butte,007,227075,19052,18396,3501,21897,236
2021-09-25,Calaveras,009,45235,3579,3461,41,3502,70
2021-09-25,Colusa,011,21464,2416,2387,548,2935,16
2021-09-25,Contra Costa,013,1133247,95649,94337,1948,96285,924
2021-09-25,Del Norte,015,27424,3538,3404,31,3435,35
2021-09-25,El Dorado,017,186661,14983,14641,1541,16182,130
2021-09-25,Fresno,019,978130,129237,126299,11541,137840,1927
2021-09-25,Glenn,021,27897,3257,3144,929,4073,25
2021-09-25,Humboldt,023,135768,8243,8014,420,8434,88
2021-09-25,Imperial,025,180216,31724,31280,2950,34230,755
2021-09-25,Inyo,027,18085,1739,1657,32,1689,39
2021-09-25,Kern,029,883053,118657,116021,18589,134610,1485
2021-09-25,Kings,031,150075,29506,28636,1661,30297,293
2021-09-25,Lake,033,64148,6223,6046,120,6166,92
2021-09-25,Lassen,035,31185,6411,6248,285,6533,25
2021-09-25,Los Angeles,037,10098052,1402677,1386417,50924,1437341,25964
2021-09-25,Madera,039,155013,21051,20432,1683,22115,262
2021-09-25,Marin,041,260295,8536,16802,398,17200,242
2021-09-25,Mariposa,043,17540,982,906,33,939,5
2021-09-25,Mendocino,045,87422,6913,6657,355,7012,74
2021-09-25,Merced,047,269075,39038,38393,1513,39906,546
2021-09-25,Modoc,049,8938,475,460,165,625,5
2021-09-25,Mono,051,14174,1547,1501,20,1521,3
2021-09-25,Monterey,053,433212,47624,46653,2575,49228,567
2021-09-25,Napa,055,140530,12410,12266,86,12352,95
2021-09-25,Nevada,057,99092,8467,8285,287,8572,84
2021-09-25,Orange,059,3164182,298595,294514,13990,308504,5374
2021-09-25,Placer,061,380077,34530,33764,3236,37000,367
2021-09-25,Plumas,063,18699,1318,1238,25,1263,6
2021-09-25,Riverside,065,2383286,349747,343463,15774,359237,4843
2021-09-25,Sacramento,067,1510023,149610,147728,3876,151604,2049
2021-09-25,San Benito,069,59416,7019,6965,144,7109,67
2021-09-25,San Bernardino,071,2135413,341938,338413,10557,348970,5540
2021-09-25,San Diego,073,3302833,356423,352017,20967,372984,4039
2021-09-25,San Francisco,075,870044,50686,49840,2134,51974,615
2021-09-25,San Joaquin,077,732212,94904,93273,5004,98277,1628
2021-09-25,San Luis Obispo,079,281455,28107,27447,1111,28558,318
2021-09-25,San Mateo,081,765935,52303,51266,778,52044,568
2021-09-25,Santa Barbara,083,443738,42393,41728,1459,43187,505
2021-09-25,Santa Clara,085,1922200,141720,140023,1106,141129,1844
2021-09-25,Santa Cruz,087,273765,19548,19200,960,20160,214
2021-09-25,Shasta,089,179085,18953,18256,3105,21361,262
2021-09-25,Sierra,091,2930,134,127,13,140,0
2021-09-25,Siskiyou,093,43540,3115,2956,1101,4057,41
2021-09-25,Solano,095,438530,44282,43331,1137,44468,312
2021-09-25,Sonoma,097,501317,39536,39112,485,39597,369
2021-09-25,Stanislaus,099,539301,73291,72628,8182,80810,1091
2021-09-25,Sutter,101,95872,13118,12976,260,13236,154
2021-09-25,Tehama,103,63373,7480,7200,1213,8413,86
2021-09-25,Trinity,105,12862,762,576,195,771,9
2021-09-25,Tulare,107,460477,62932,60909,12837,73746,898
2021-09-25,Tuolumne,109,53932,6355,6168,76,6244,89
2021-09-25,Ventura,111,848112,95146,94059,4112,98171,1129
2021-09-25,Yolo,113,214977,18737,18393,851,19244,239
2021-09-25,Yuba,115,75493,9363,9191,211,9402,61
2021-09-24,Alameda,001,1643700,114900,114014,2559,116573,1324
2021-09-24,Alpine,002,1148,99,101,0,101,0
2021-09-24,Amador,005,37829,5071,4934,50,4984,59
2021-09-24,Butte,007,227075,19000,18396,3490,21886,236
2021-09-24,Calaveras,009,45235,3572,3461,40,3501,70
2021-09-24,Colusa,011,21464,2413,2387,547,2934,16
2021-09-24,Contra Costa,013,1133247,95538,94337,1944,96281,924
2021-09-24,Del Norte,015,27424,3535,3404,31,3435,35
2021-09-24,El Dorado,017,186661,14965,14641,1539,16180,130
2021-09-24,Fresno,019,978130,129039,126299,11529,137828,1927
2021-09-24,Glenn,021,27897,3249,3144,929,4073,25
2021-09-24,Humboldt,023,135768,8224,8014,417,8431,88
2021-09-24,Imperial,025,180216,31686,31280,2948,34228,755
2021-09-24,Inyo,027,18085,1730,1657,32,1689,39
2021-09-24,Kern,029,883053,118521,116021,18523,134544,1485
2021-09-24,Kings,031,150075,29465,28636,1657,30293,293
2021-09-24,Lake,033,64148,6215,6046,120,6166,92
2021-09-24,Lassen,035,31185,6403,6248,284,6532,25
2021-09-24,Los Angeles,037,10098052,1401790,1386417,50883,1437300,25964
2021-09-24,Madera,039,155013,21020,20432,1674,22106,262
2021-09-24,Marin,041,260295,8522,16802,397,17199,242
2021-09-24,Mariposa,043,17540,970,906,33,939,5
2021-09-24,Mendocino,045,87422,6900,6657,355,7012,74
2021-09-24,Merced,047,269075,38994,38393,1513,39906,546
2021-09-24,Modoc,049,8938,475,460,164,624,5
2021-09-24,Mono,051,14174,1542,1501,20,1521,3
2021-09-24,Monterey,053,433212,47603,46653,2567,49220,567
2021-09-24,Napa,055,140530,12390,12266,86,12352,95
2021-09-24,Nevada,057,99092,8453,8285,284,8569,84
2021-09-24,Orange,059,3164182,298387,294514,13969,308483,5374
2021-09-24,Placer,061,380077,34475,33764,3224,36988,367
2021-09-24,Plumas,063,18699,1314,1238,25,1263,6
2021-09-24,Riverside,065,2383286,349413,343463,15767,359230,4843
2021-09-24,Sacramento,067,1510023,149424,147728,3872,151600,2049
2021-09-24,San Benito,069,59416,7013,6965,144,7109,67
2021-09-24,San Bernardino,071,2135413,341669,338413,10547,348960,5540
2021-09-24,San Diego,073,3302833,356072,352017,20952,372969,4039
2021-09-24,San Francisco,075,870044,50622,49840,2127,51967,615
2021-09-24,San Joaquin,077,732212,94791,93273,5002,98275,1628
2021-09-24,San Luis Obispo,079,281455,28075,27447,1107,28554,318
2021-09-24,San Mateo,081,765935,52243,51266,777,52043,568
2021-09-24,Santa Barbara,083,443738,42353,41728,1458,43186,505
2021-09-24,Santa Clara,085,1922200,141607,140023,1105,141128,1844
2021-09-24,Santa Cruz,087,273765,19525,19200,959,20159,214
2021-09-24,Shasta,089,179085,18899,18256,3091,21347,262
2021-09-24,Sierra,091,2930,133,127,13,140,0
2021-09-24,Siskiyou,093,43540,3106,2956,1095,4051,41
2021-09-24,Solano,095,438530,44244,43331,1135,44466,312
2021-09-24,Sonoma,097,501317,39503,39112,485,39597,369
2021-09-24,Stanislaus,099,539301,73176,72628,8167,80795,1091
2021-09-24,Sutter,101,95872,13099,12976,259,13235,154
2021-09-24,Tehama,103,63373,7467,7200,1208,8408,86
2021-09-24,Trinity,105,12862,759,576,195,771,9
2021-09-24,Tulare,107,460477,62843,60909,12795,73704,898
2021-09-24,Tuolumne,109,53932,6326,6168,76,6244,89
2021-09-24,Ventura,111,848112,95068,94059,4105,98164,1129
2021-09-24,Yolo,113,214977,18706,18393,847,19240,239
2021-09-24,Yuba,115,75493,9344,9191,211,9402,61
2021-09-23,Alameda,001,1643700,114743,114014,2553,116567,1324
2021-09-23,Alpine,002,1148,99,101,0,101,0
2021-09-23,Amador,005,37829,5058,4934,50,4984,59
2021-09-23,Butte,007,227075,18938,18396,3459,21855,236
2021-09-23,Calaveras,009,45235,3551,3461,40,3501,70
2021-09-23,Colusa,011,21464,2411,2387,544,2931,16
2021-09-23,Contra Costa,013,1133247,95397,94337,1937,96274,924
2021-09-23,Del Norte,015,27424,3526,3404,30,3434,35
2021-09-23,El Dorado,017,186661,14939,14641,1533,16174,130
2021-09-23,Fresno,019,978130,128741,126299,11510,137809,1927
2021-09-23,Glenn,021,27897,3235,3144,926,4070,25
2021-09-23,Humboldt,023,135768,8201,8014,415,8429,88
2021-09-23,Imperial,025,180216,31650,31280,2948,34228,755
2021-09-23,Inyo,027,18085,1716,1657,32,1689,39
2021-09-23,Kern,029,883053,118263,116021,18443,134464,1485
2021-09-23,Kings,031,150075,29361,28636,1648,30284,293
2021-09-23,Lake,033,64148,6205,6046,120,6166,92
2021-09-23,Lassen,035,31185,6394,6248,279,6527,25
2021-09-23,Los Angeles,037,10098052,1400593,1386417,50819,1437236,25964
2021-09-23,Madera,039,155013,20936,20432,1670,22102,262
2021-09-23,Marin,041,260295,8507,16802,394,17196,242
2021-09-23,Mariposa,043,17540,957,906,33,939,5
2021-09-23,Mendocino,045,87422,6877,6657,350,7007,74
2021-09-23,Merced,047,269075,38889,38393,1506,39899,546
2021-09-23,Modoc,049,8938,474,460,164,624,5
2021-09-23,Mono,051,14174,1539,1501,20,1521,3
2021-09-23,Monterey,053,433212,47554,46653,2556,49209,567
2021-09-23,Napa,055,140530,12373,12266,86,12352,95
2021-09-23,Nevada,057,99092,8426,8285,284,8569,84
2021-09-23,Orange,059,3164182,298090,294514,13940,308454,5374
2021-09-23,Placer,061,380077,34398,33764,3218,36982,367
2021-09-23,Plumas,063,18699,1297,1238,24,1262,6
2021-09-23,Riverside,065,2383286,348960,343463,15760,359223,4843
2021-09-23,Sacramento,067,1510023,149101,147728,3853,151581,2049
2021-09-23,San Benito,069,59416,7002,6965,144,7109,67
2021-09-23,San Bernardino,071,2135413,341303,338413,10530,348943,5540
2021-09-23,San Diego,073,3302833,355616,352017,20913,372930,4039
2021-09-23,San Francisco,075,870044,50549,49840,2125,51965,615
2021-09-23,San Joaquin,077,732212,94617,93273,4987,98260,1628
2021-09-23,San Luis Obispo,079,281455,28032,27447,1105,28552,318
2021-09-23,San Mateo,081,765935,52168,51266,776,52042,568
2021-09-23,Santa Barbara,083,443738,42275,41728,1455,43183,505
2021-09-23,Santa Clara,085,1922200,141455,140023,1098,141121,1844
2021-09-23,Santa Cruz,087,273765,19494,19200,959,20159,214
2021-09-23,Shasta,089,179085,18818,18256,3074,21330,262
2021-09-23,Sierra,091,2930,133,127,13,140,0
2021-09-23,Siskiyou,093,43540,3102,2956,1084,4040,41
2021-09-23,Solano,095,438530,44176,43331,1132,44463,312
2021-09-23,Sonoma,097,501317,39444,39112,482,39594,369
2021-09-23,Stanislaus,099,539301,73020,72628,8135,80763,1091
2021-09-23,Sutter,101,95872,13070,12976,259,13235,154
2021-09-23,Tehama,103,63373,7426,7200,1203,8403,86
2021-09-23,Trinity,105,12862,745,576,194,770,9
2021-09-23,Tulare,107,460477,62666,60909,12741,73650,898
2021-09-23,Tuolumne,109,53932,6301,6168,75,6243,89
2021-09-23,Ventura,111,848112,94964,94059,4098,98157,1129
2021-09-23,Yolo,113,214977,18675,18393,843,19236,239
2021-09-23,Yuba,115,75493,9315,9191,210,9401,61
2021-09-22,Alameda,001,1643700,114587,113862,2549,116411,1322
2021-09-22,Alpine,002,1148,99,100,0,100,0
2021-09-22,Amador,005,37829,5042,4915,50,4965,59
2021-09-22,Butte,007,227075,18878,18337,3441,21778,235
2021-09-22,Calaveras,009,45235,3535,3448,40,3488,70
2021-09-22,Colusa,011,21464,2406,2384,543,2927,16
2021-09-22,Contra Costa,013,1133247,95210,94209,1928,96137,924
2021-09-22,Del Norte,015,27424,3515,3386,29,3415,35
2021-09-22,El Dorado,017,186661,14903,14605,1527,16132,127
2021-09-22,Fresno,019,978130,128485,126006,11495,137501,1908
2021-09-22,Glenn,021,27897,3228,3138,925,4063,25
2021-09-22,Humboldt,023,135768,8179,7998,407,8405,80
2021-09-22,Imperial,025,180216,31598,31243,2941,34184,755
2021-09-22,Inyo,027,18085,1706,1651,32,1683,39
2021-09-22,Kern,029,883053,118021,115757,18321,134078,1477
2021-09-22,Kings,031,150075,29276,28589,1642,30231,292
2021-09-22,Lake,033,64148,6193,6035,120,6155,93
2021-09-22,Lassen,035,31185,6374,6209,275,6484,25
2021-09-22,Los Angeles,037,10098052,1399270,1384719,50764,1435483,25930
2021-09-22,Madera,039,155013,20879,20382,1660,22042,262
2021-09-22,Marin,041,260295,8496,16782,391,17173,242
2021-09-22,Mariposa,043,17540,951,901,33,934,5
2021-09-22,Mendocino,045,87422,6851,6624,344,6968,70
2021-09-22,Merced,047,269075,38758,38305,1504,39809,541
2021-09-22,Modoc,049,8938,471,458,164,622,5
2021-09-22,Mono,051,14174,1530,1496,19,1515,3
2021-09-22,Monterey,053,433212,47503,46615,2549,49164,566
2021-09-22,Napa,055,140530,12351,12248,85,12333,95
2021-09-22,Nevada,057,99092,8403,8273,281,8554,84
2021-09-22,Orange,059,3164182,297814,294214,13921,308135,5366
2021-09-22,Placer,061,380077,34310,33661,3205,36866,367
2021-09-22,Plumas,063,18699,1284,1230,24,1254,6
2021-09-22,Riverside,065,2383286,348425,342946,15735,358681,4830
2021-09-22,Sacramento,067,1510023,148796,147533,3824,151357,2043
2021-09-22,San Benito,069,59416,6991,6961,142,7103,67
2021-09-22,San Bernardino,071,2135413,340909,337938,10521,348459,5528
2021-09-22,San Diego,073,3302833,355165,351132,20889,372021,4027
2021-09-22,San Francisco,075,870044,50464,49734,2120,51854,610
2021-09-22,San Joaquin,077,732212,94385,93010,4963,97973,1626
2021-09-22,San Luis Obispo,079,281455,27982,27398,1101,28499,315
2021-09-22,San Mateo,081,765935,52095,51197,772,51969,568
2021-09-22,Santa Barbara,083,443738,42212,41678,1454,43132,504
2021-09-22,Santa Clara,085,1922200,141290,139803,1091,140894,1844
2021-09-22,Santa Cruz,087,273765,19456,19177,958,20135,214
2021-09-22,Shasta,089,179085,18728,18153,3063,21216,260
2021-09-22,Sierra,091,2930,133,127,13,140,0
2021-09-22,Siskiyou,093,43540,3085,2947,1074,4021,41
2021-09-22,Solano,095,438530,44109,43269,1132,44401,312
2021-09-22,Sonoma,097,501317,39391,39063,481,39544,369
2021-09-22,Stanislaus,099,539301,72855,72355,8116,80471,1091
2021-09-22,Sutter,101,95872,13050,12960,256,13216,153
2021-09-22,Tehama,103,63373,7399,7173,1200,8373,86
2021-09-22,Trinity,105,12862,744,572,194,766,9
2021-09-22,Tulare,107,460477,62455,60776,12672,73448,896
2021-09-22,Tuolumne,109,53932,6280,6155,74,6229,89
2021-09-22,Ventura,111,848112,94858,93978,4093,98071,1122
2021-09-22,Yolo,113,214977,18636,18342,836,19178,239
2021-09-22,Yuba,115,75493,9286,9169,205,9374,61
2021-09-21,Alameda,001,1643700,114434,113765,2549,116314,1321
2021-09-21,Alpine,002,1148,99,100,0,100,0
2021-09-21,Amador,005,37829,5020,4897,50,4947,59
2021-09-21,Butte,007,227075,18782,18229,3397,21626,232
2021-09-21,Calaveras,009,45235,3518,3437,40,3477,70
2021-09-21,Colusa,011,21464,2403,2378,542,2920,16
2021-09-21,Contra Costa,013,1133247,95017,94101,1914,96015,924
2021-09-21,Del Norte,015,27424,3503,3378,29,3407,34
2021-09-21,El Dorado,017,186661,14873,14578,1520,16098,127
2021-09-21,Fresno,019,978130,128134,125789,11468,137257,1892
2021-09-21,Glenn,021,27897,3221,3134,921,4055,25
2021-09-21,Humboldt,023,135768,8147,7955,402,8357,80
2021-09-21,Imperial,025,180216,31541,31185,2939,34124,755
2021-09-21,Inyo,027,18085,1696,1646,32,1678,39
2021-09-21,Kern,029,883053,117728,115534,18208,133742,1467
2021-09-21,Kings,031,150075,29188,28545,1634,30179,291
2021-09-21,Lake,033,64148,6170,6013,120,6133,90
2021-09-21,Lassen,035,31185,6356,6159,271,6430,25
2021-09-21,Los Angeles,037,10098052,1397814,1383277,50710,1433987,25893
2021-09-21,Madera,039,155013,20819,20317,1650,21967,262
2021-09-21,Marin,041,260295,8481,16748,390,17138,242
2021-09-21,Mariposa,043,17540,946,894,32,926,5
2021-09-21,Mendocino,045,87422,6813,6580,333,6913,68
2021-09-21,Merced,047,269075,38632,38225,1500,39725,539
2021-09-21,Modoc,049,8938,468,458,164,622,5
2021-09-21,Mono,051,14174,1528,1495,18,1513,3
2021-09-21,Monterey,053,433212,47435,46583,2537,49120,565
2021-09-21,Napa,055,140530,12330,12238,85,12323,95
2021-09-21,Nevada,057,99092,8376,8259,273,8532,84
2021-09-21,Orange,059,3164182,297481,293898,13891,307789,5357
2021-09-21,Placer,061,380077,34209,33609,3194,36803,365
2021-09-21,Plumas,063,18699,1277,1225,24,1249,5
2021-09-21,Riverside,065,2383286,347866,342460,15711,358171,4817
2021-09-21,Sacramento,067,1510023,148415,147378,3796,151174,2027
2021-09-21,San Benito,069,59416,6980,6950,141,7091,67
2021-09-21,San Bernardino,071,2135413,340469,337387,10504,347891,5520
2021-09-21,San Diego,073,3302833,354559,350265,20863,371128,4021
2021-09-21,San Francisco,075,870044,50366,49653,2116,51769,609
2021-09-21,San Joaquin,077,732212,94151,92762,4952,97714,1621
2021-09-21,San Luis Obispo,079,281455,27922,27318,1098,28416,314
2021-09-21,San Mateo,081,765935,52025,51136,772,51908,568
2021-09-21,Santa Barbara,083,443738,42143,41644,1450,43094,503
2021-09-21,Santa Clara,085,1922200,141073,139657,1087,140744,1843
2021-09-21,Santa Cruz,087,273765,19426,19140,957,20097,212
2021-09-21,Shasta,089,179085,18600,18027,3039,21066,258
2021-09-21,Sierra,091,2930,133,127,13,140,0
2021-09-21,Siskiyou,093,43540,3071,2927,1060,3987,36
2021-09-21,Solano,095,438530,44034,43220,1132,44352,311
2021-09-21,Sonoma,097,501317,39339,39042,481,39523,369
2021-09-21,Stanislaus,099,539301,72671,72211,8096,80307,1091
2021-09-21,Sutter,101,95872,13027,12930,253,13183,153
2021-09-21,Tehama,103,63373,7353,7151,1196,8347,85
2021-09-21,Trinity,105,12862,733,572,192,764,9
2021-09-21,Tulare,107,460477,62240,60607,12611,73218,896
2021-09-21,Tuolumne,109,53932,6247,6139,74,6213,89
2021-09-21,Ventura,111,848112,94753,93818,4085,97903,1120
2021-09-21,Yolo,113,214977,18600,18313,833,19146,239
2021-09-21,Yuba,115,75493,9258,9135,205,9340,61
2021-09-20,Alameda,001,1643700,114253,113637,2545,116182,1320
2021-09-20,Alpine,002,1148,99,100,0,100,0
2021-09-20,Amador,005,37829,5002,4883,49,4932,59
2021-09-20,Butte,007,227075,18701,18135,3381,21516,231
2021-09-20,Calaveras,009,45235,3496,3395,39,3434,66
2021-09-20,Colusa,011,21464,2401,2376,539,2915,16
2021-09-20,Contra Costa,013,1133247,94868,93919,1908,95827,924
2021-09-20,Del Norte,015,27424,3495,3374,28,3402,34
2021-09-20,El Dorado,017,186661,14840,14545,1508,16053,127
2021-09-20,Fresno,019,978130,127721,125287,11442,136729,1889
2021-09-20,Glenn,021,27897,3210,3112,918,4030,25
2021-09-20,Humboldt,023,135768,8112,7938,397,8335,80
2021-09-20,Imperial,025,180216,31458,31146,2938,34084,755
2021-09-20,Inyo,027,18085,1688,1641,31,1672,39
2021-09-20,Kern,029,883053,117389,115271,18077,133348,1459
2021-09-20,Kings,031,150075,29102,28471,1628,30099,285
2021-09-20,Lake,033,64148,6155,5984,119,6103,87
2021-09-20,Lassen,035,31185,6326,6132,271,6403,25
2021-09-20,Los Angeles,037,10098052,1396291,1382206,50630,1432836,25858
2021-09-20,Madera,039,155013,20766,20203,1643,21846,257
2021-09-20,Marin,041,260295,8456,16732,388,17120,242
2021-09-20,Mariposa,043,17540,935,887,32,919,5
2021-09-20,Mendocino,045,87422,6779,6568,328,6896,67
2021-09-20,Merced,047,269075,38521,38144,1489,39633,536
2021-09-20,Modoc,049,8938,467,457,162,619,5
2021-09-20,Mono,051,14174,1522,1480,18,1498,3
2021-09-20,Monterey,053,433212,47393,46506,2519,49025,565
2021-09-20,Napa,055,140530,12305,12209,84,12293,95
2021-09-20,Nevada,057,99092,8356,8228,271,8499,84
2021-09-20,Orange,059,3164182,297137,293642,13864,307506,5354
2021-09-20,Placer,061,380077,34118,33531,3179,36710,364
2021-09-20,Plumas,063,18699,1272,1211,24,1235,5
2021-09-20,Riverside,065,2383286,347364,341961,15698,357659,4802
2021-09-20,Sacramento,067,1510023,148041,147016,3762,150778,2016
2021-09-20,San Benito,069,59416,6971,6947,140,7087,67
2021-09-20,San Bernardino,071,2135413,340066,337059,10488,347547,5507
2021-09-20,San Diego,073,3302833,353886,349579,20826,370405,4009
2021-09-20,San Francisco,075,870044,50260,49559,2115,51674,605
2021-09-20,San Joaquin,077,732212,93908,92614,4939,97553,1615
2021-09-20,San Luis Obispo,079,281455,27846,27259,1090,28349,313
2021-09-20,San Mateo,081,765935,51938,51100,769,51869,567
2021-09-20,Santa Barbara,083,443738,42044,41589,1446,43035,500
2021-09-20,Santa Clara,085,1922200,140873,139578,1085,140663,1841
2021-09-20,Santa Cruz,087,273765,19394,19121,957,20078,211
2021-09-20,Shasta,089,179085,18502,17893,3009,20902,258
2021-09-20,Sierra,091,2930,131,126,13,139,0
2021-09-20,Siskiyou,093,43540,3049,2902,1047,3949,35
2021-09-20,Solano,095,438530,43966,43152,1124,44276,312
2021-09-20,Sonoma,097,501317,39293,38991,481,39472,369
2021-09-20,Stanislaus,099,539301,72472,72031,8077,80108,1091
2021-09-20,Sutter,101,95872,12991,12896,248,13144,153
2021-09-20,Tehama,103,63373,7321,7121,1184,8305,84
2021-09-20,Trinity,105,12862,727,568,191,759,7
2021-09-20,Tulare,107,460477,62037,60302,12558,72860,896
2021-09-20,Tuolumne,109,53932,6221,6113,74,6187,89
2021-09-20,Ventura,111,848112,94640,93700,4079,97779,1120
2021-09-20,Yolo,113,214977,18554,18287,831,19118,239
2021-09-20,Yuba,115,75493,9223,9107,203,9310,61
2021-09-19,Alameda,001,1643700,114040,113446,2540,115986,1320
2021-09-19,Alpine,002,1148,99,100,0,100,0
2021-09-19,Amador,005,37829,4962,4875,48,4923,59
2021-09-19,Butte,007,227075,18609,18063,3353,21416,230
2021-09-19,Calaveras,009,45235,3472,3390,36,3426,66
2021-09-19,Colusa,011,21464,2399,2375,537,2912,16
2021-09-19,Contra Costa,013,1133247,94681,93788,1897,95685,924
2021-09-19,Del Norte,015,27424,3469,3344,27,3371,34
2021-09-19,El Dorado,017,186661,14787,14512,1502,16014,127
2021-09-19,Fresno,019,978130,127316,124985,11398,136383,1888
2021-09-19,Glenn,021,27897,3201,3102,915,4017,25
2021-09-19,Humboldt,023,135768,8066,7914,395,8309,80
2021-09-19,Imperial,025,180216,31389,31122,2935,34057,755
2021-09-19,Inyo,027,18085,1679,1639,31,1670,39
2021-09-19,Kern,029,883053,117077,115074,17971,133045,1459
2021-09-19,Kings,031,150075,28975,28416,1619,30035,284
2021-09-19,Lake,033,64148,6124,5962,119,6081,87
2021-09-19,Lassen,035,31185,6306,6129,265,6394,25
2021-09-19,Los Angeles,037,10098052,1394310,1381200,50536,1431736,25852
2021-09-19,Madera,039,155013,20687,20161,1633,21794,257
2021-09-19,Marin,041,260295,8427,16711,386,17097,242
2021-09-19,Mariposa,043,17540,927,881,32,913,5
2021-09-19,Mendocino,045,87422,6734,6538,322,6860,67
2021-09-19,Merced,047,269075,38364,38068,1480,39548,535
2021-09-19,Modoc,049,8938,464,457,160,617,5
2021-09-19,Mono,051,14174,1517,1480,18,1498,3
2021-09-19,Monterey,053,433212,47338,46486,2516,49002,565
2021-09-19,Napa,055,140530,12284,12190,82,12272,95
2021-09-19,Nevada,057,99092,8328,8203,269,8472,84
2021-09-19,Orange,059,3164182,296768,293258,13842,307100,5354
2021-09-19,Placer,061,380077,34005,33406,3161,36567,364
2021-09-19,Plumas,063,18699,1264,1211,24,1235,5
2021-09-19,Riverside,065,2383286,346770,341566,15689,357255,4804
2021-09-19,Sacramento,067,1510023,147679,146603,3716,150319,2012
2021-09-19,San Benito,069,59416,6952,6942,140,7082,67
2021-09-19,San Bernardino,071,2135413,339569,336688,10476,347164,5506
2021-09-19,San Diego,073,3302833,353182,349225,20789,370014,4006
2021-09-19,San Francisco,075,870044,50152,49458,2106,51564,605
2021-09-19,San Joaquin,077,732212,93612,92467,4928,97395,1615
2021-09-19,San Luis Obispo,079,281455,27745,27208,1081,28289,313
2021-09-19,San Mateo,081,765935,51840,51028,768,51796,567
2021-09-19,Santa Barbara,083,443738,41938,41512,1446,42958,500
2021-09-19,Santa Clara,085,1922200,140685,139410,1080,140490,1841
2021-09-19,Santa Cruz,087,273765,19355,19096,957,20053,211
2021-09-19,Shasta,089,179085,18388,17813,2974,20787,258
2021-09-19,Sierra,091,2930,130,126,13,139,0
2021-09-19,Siskiyou,093,43540,3023,2882,1038,3920,35
2021-09-19,Solano,095,438530,43877,43056,1119,44175,312
2021-09-19,Sonoma,097,501317,39222,38956,477,39433,369
2021-09-19,Stanislaus,099,539301,72227,71830,8052,79882,1091
2021-09-19,Sutter,101,95872,12964,12868,241,13109,153
2021-09-19,Tehama,103,63373,7267,7081,1175,8256,84
2021-09-19,Trinity,105,12862,716,562,189,751,7
2021-09-19,Tulare,107,460477,61776,60160,12465,72625,896
2021-09-19,Tuolumne,109,53932,6180,6097,74,6171,89
2021-09-19,Ventura,111,848112,94478,93491,4070,97561,1120
2021-09-19,Yolo,113,214977,18505,18238,826,19064,239
2021-09-19,Yuba,115,75493,9197,9087,202,9289,61
2021-09-18,Alameda,001,1643700,113940,113300,2539,115839,1320
2021-09-18,Alpine,002,1148,99,100,0,100,0
2021-09-18,Amador,005,37829,4952,4850,48,4898,59
2021-09-18,Butte,007,227075,18570,17961,3337,21298,230
2021-09-18,Calaveras,009,45235,3467,3361,35,3396,66
2021-09-18,Colusa,011,21464,2399,2373,536,2909,16
2021-09-18,Contra Costa,013,1133247,94591,93656,1893,95549,924
2021-09-18,Del Norte,015,27424,3461,3326,25,3351,34
2021-09-18,El Dorado,017,186661,14764,14472,1499,15971,127
2021-09-18,Fresno,019,978130,127174,124771,11380,136151,1889
2021-09-18,Glenn,021,27897,3192,3086,912,3998,25
2021-09-18,Humboldt,023,135768,8052,7881,394,8275,80
2021-09-18,Imperial,025,180216,31365,31096,2934,34030,755
2021-09-18,Inyo,027,18085,1673,1636,31,1667,39
2021-09-18,Kern,029,883053,116922,114781,17907,132688,1459
2021-09-18,Kings,031,150075,28927,28330,1614,29944,285
2021-09-18,Lake,033,64148,6107,5936,119,6055,87
2021-09-18,Lassen,035,31185,6296,6121,263,6384,25
2021-09-18,Los Angeles,037,10098052,1393547,1379880,50486,1430366,25849
2021-09-18,Madera,039,155013,20643,20126,1623,21749,257
2021-09-18,Marin,041,260295,8410,16685,385,17070,242
2021-09-18,Mariposa,043,17540,924,871,32,903,5
2021-09-18,Mendocino,045,87422,6713,6523,322,6845,67
2021-09-18,Merced,047,269075,38328,37977,1474,39451,535
2021-09-18,Modoc,049,8938,464,457,159,616,5
2021-09-18,Mono,051,14174,1514,1480,18,1498,3
2021-09-18,Monterey,053,433212,47300,46466,2513,48979,565
2021-09-18,Napa,055,140530,12272,12168,82,12250,95
2021-09-18,Nevada,057,99092,8311,8183,269,8452,84
2021-09-18,Orange,059,3164182,296574,293005,13828,306833,5354
2021-09-18,Placer,061,380077,33931,33309,3158,36467,364
2021-09-18,Plumas,063,18699,1263,1204,24,1228,5
2021-09-18,Riverside,065,2383286,346385,341136,15675,356811,4802
2021-09-18,Sacramento,067,1510023,147496,146162,3707,149869,2016
2021-09-18,San Benito,069,59416,6948,6937,140,7077,67
2021-09-18,San Bernardino,071,2135413,339295,336380,10463,346843,5501
2021-09-18,San Diego,073,3302833,352791,348848,20776,369624,4006
2021-09-18,San Francisco,075,870044,50088,49359,2101,51460,605
2021-09-18,San Joaquin,077,732212,93502,92242,4916,97158,1615
2021-09-18,San Luis Obispo,079,281455,27708,27181,1078,28259,313
2021-09-18,San Mateo,081,765935,51790,50961,766,51727,567
2021-09-18,Santa Barbara,083,443738,41873,41465,1446,42911,500
2021-09-18,Santa Clara,085,1922200,140565,139233,1077,140310,1841
2021-09-18,Santa Cruz,087,273765,19335,19079,957,20036,211
2021-09-18,Shasta,089,179085,18325,17777,2958,20735,258
2021-09-18,Sierra,091,2930,129,125,13,138,0
2021-09-18,Siskiyou,093,43540,3020,2875,1032,3907,35
2021-09-18,Solano,095,438530,43837,42966,1116,44082,312
2021-09-18,Sonoma,097,501317,39187,38891,475,39366,369
2021-09-18,Stanislaus,099,539301,72082,71587,8030,79617,1091
2021-09-18,Sutter,101,95872,12950,12829,241,13070,153
2021-09-18,Tehama,103,63373,7253,7055,1168,8223,84
2021-09-18,Trinity,105,12862,714,561,189,750,7
2021-09-18,Tulare,107,460477,61699,60003,12415,72418,896
2021-09-18,Tuolumne,109,53932,6165,6069,74,6143,89
2021-09-18,Ventura,111,848112,94410,93424,4065,97489,1120
2021-09-18,Yolo,113,214977,18477,18213,822,19035,239
2021-09-18,Yuba,115,75493,9183,9061,201,9262,61
2021-09-17,Alameda,001,1643700,113814,113070,2537,115607,1320
2021-09-17,Alpine,002,1148,99,99,0,99,0
2021-09-17,Amador,005,37829,4936,4835,47,4882,58
2021-09-17,Butte,007,227075,18518,17870,3326,21196,230
2021-09-17,Calaveras,009,45235,3455,3338,34,3372,66
2021-09-17,Colusa,011,21464,2398,2369,531,2900,16
2021-09-17,Contra Costa,013,1133247,94488,93485,1890,95375,924
2021-09-17,Del Norte,015,27424,3456,3311,23,3334,34
2021-09-17,El Dorado,017,186661,14745,14421,1497,15918,127
2021-09-17,Fresno,019,978130,126954,124296,11363,135659,1882
2021-09-17,Glenn,021,27897,3175,3072,908,3980,25
2021-09-17,Humboldt,023,135768,8031,7850,394,8244,80
2021-09-17,Imperial,025,180216,31339,31031,2933,33964,755
2021-09-17,Inyo,027,18085,1665,1634,31,1665,39
2021-09-17,Kern,029,883053,116731,114303,17810,132113,1456
2021-09-17,Kings,031,150075,28862,28240,1612,29852,281
2021-09-17,Lake,033,64148,6094,5915,119,6034,87
2021-09-17,Lassen,035,31185,6281,6080,261,6341,25
2021-09-17,Los Angeles,037,10098052,1392567,1377905,50420,1428325,25820
2021-09-17,Madera,039,155013,20593,20040,1611,21651,257
2021-09-17,Marin,041,260295,8397,16658,383,17041,242
2021-09-17,Mariposa,043,17540,922,869,32,901,5
2021-09-17,Mendocino,045,87422,6694,6498,322,6820,67
2021-09-17,Merced,047,269075,38282,37803,1472,39275,533
2021-09-17,Modoc,049,8938,464,456,159,615,5
2021-09-17,Mono,051,14174,1510,1457,18,1475,3
2021-09-17,Monterey,053,433212,47277,46421,2512,48933,564
2021-09-17,Napa,055,140530,12251,12153,82,12235,95
2021-09-17,Nevada,057,99092,8296,8157,269,8426,84
2021-09-17,Orange,059,3164182,296354,292685,13810,306495,5346
2021-09-17,Placer,061,380077,33871,33188,3148,36336,362
2021-09-17,Plumas,063,18699,1254,1192,23,1215,5
2021-09-17,Riverside,065,2383286,345985,340445,15664,356109,4792
2021-09-17,Sacramento,067,1510023,147296,145985,3696,149681,1999
2021-09-17,San Benito,069,59416,6945,6929,140,7069,67
2021-09-17,San Bernardino,071,2135413,338935,335810,10456,346266,5488
2021-09-17,San Diego,073,3302833,352368,348098,20759,368857,4002
2021-09-17,San Francisco,075,870044,50037,49249,2096,51345,605
2021-09-17,San Joaquin,077,732212,93364,91977,4905,96882,1610
2021-09-17,San Luis Obispo,079,281455,27674,27102,1067,28169,311
2021-09-17,San Mateo,081,765935,51737,50854,765,51619,564
2021-09-17,Santa Barbara,083,443738,41810,41354,1445,42799,498
2021-09-17,Santa Clara,085,1922200,140416,138939,1076,140015,1838
2021-09-17,Santa Cruz,087,273765,19311,19039,957,19996,211
2021-09-17,Shasta,089,179085,18255,17617,2945,20562,254
2021-09-17,Sierra,091,2930,129,124,13,137,0
2021-09-17,Siskiyou,093,43540,3005,2852,1032,3884,35
2021-09-17,Solano,095,438530,43775,42898,1112,44010,312
2021-09-17,Sonoma,097,501317,39150,38808,474,39282,369
2021-09-17,Stanislaus,099,539301,71975,71408,8012,79420,1091
2021-09-17,Sutter,101,95872,12934,12799,238,13037,153
2021-09-17,Tehama,103,63373,7230,7020,1156,8176,84
2021-09-17,Trinity,105,12862,709,556,188,744,7
2021-09-17,Tulare,107,460477,61584,59689,12380,72069,895
2021-09-17,Tuolumne,109,53932,6146,6047,74,6121,89
2021-09-17,Ventura,111,848112,94298,93273,4063,97336,1116
2021-09-17,Yolo,113,214977,18446,18177,818,18995,239
2021-09-17,Yuba,115,75493,9156,9019,200,9219,61
2021-09-16,Alameda,001,1643700,113637,112770,2534,115304,1318
2021-09-16,Alpine,002,1148,99,99,0,99,0
2021-09-16,Amador,005,37829,4916,4819,47,4866,58
2021-09-16,Butte,007,227075,18443,17750,3310,21060,230
2021-09-16,Calaveras,009,45235,3424,3313,34,3347,66
2021-09-16,Colusa,011,21464,2396,2363,529,2892,16
2021-09-16,Contra Costa,013,1133247,94316,93213,1882,95095,917
2021-09-16,Del Norte,015,27424,3438,3285,23,3308,34
2021-09-16,El Dorado,017,186661,14704,14372,1489,15861,127
2021-09-16,Fresno,019,978130,126597,123853,11322,135175,1868
2021-09-16,Glenn,021,27897,3165,3068,906,3974,24
2021-09-16,Humboldt,023,135768,7998,7809,386,8195,80
2021-09-16,Imperial,025,180216,31296,30966,2925,33891,753
2021-09-16,Inyo,027,18085,1663,1623,31,1654,39
2021-09-16,Kern,029,883053,116458,113828,17743,131571,1448
2021-09-16,Kings,031,150075,28776,28114,1604,29718,280
2021-09-16,Lake,033,64148,6070,5890,116,6006,87
2021-09-16,Lassen,035,31185,6246,6028,256,6284,25
2021-09-16,Los Angeles,037,10098052,1391176,1376277,50355,1426632,25796
2021-09-16,Madera,039,155013,20515,19974,1606,21580,257
2021-09-16,Marin,041,260295,8370,16625,382,17007,242
2021-09-16,Mariposa,043,17540,916,849,32,881,6
2021-09-16,Mendocino,045,87422,6656,6445,311,6756,67
2021-09-16,Merced,047,269075,38175,37675,1470,39145,532
2021-09-16,Modoc,049,8938,462,455,159,614,5
2021-09-16,Mono,051,14174,1504,1449,18,1467,3
2021-09-16,Monterey,053,433212,47223,46342,2506,48848,562
2021-09-16,Napa,055,140530,12226,12115,78,12193,95
2021-09-16,Nevada,057,99092,8269,8121,268,8389,84
2021-09-16,Orange,059,3164182,296008,292183,13790,305973,5340
2021-09-16,Placer,061,380077,33775,33037,3128,36165,354
2021-09-16,Plumas,063,18699,1245,1178,23,1201,5
2021-09-16,Riverside,065,2383286,345456,339770,15650,355420,4786
2021-09-16,Sacramento,067,1510023,146940,145754,3664,149418,1996
2021-09-16,San Benito,069,59416,6933,6913,139,7052,67
2021-09-16,San Bernardino,071,2135413,338512,335129,10449,345578,5474
2021-09-16,San Diego,073,3302833,351754,347472,20720,368192,3994
2021-09-16,San Francisco,075,870044,49951,49133,2088,51221,605
2021-09-16,San Joaquin,077,732212,93126,91650,4862,96512,1608
2021-09-16,San Luis Obispo,079,281455,27601,27044,1063,28107,310
2021-09-16,San Mateo,081,765935,51659,50773,763,51536,564
2021-09-16,Santa Barbara,083,443738,41744,41272,1442,42714,497
2021-09-16,Santa Clara,085,1922200,140262,138685,1072,139757,1835
2021-09-16,Santa Cruz,087,273765,19284,19011,957,19968,211
2021-09-16,Shasta,089,179085,18131,17438,2912,20350,251
2021-09-16,Sierra,091,2930,129,123,13,136,0
2021-09-16,Siskiyou,093,43540,2985,2819,1025,3844,35
2021-09-16,Solano,095,438530,43703,42792,1103,43895,312
2021-09-16,Sonoma,097,501317,39087,38707,473,39180,369
2021-09-16,Stanislaus,099,539301,71742,71105,7996,79101,1091
2021-09-16,Sutter,101,95872,12890,12729,233,12962,152
2021-09-16,Tehama,103,63373,7189,6953,1145,8098,83
2021-09-16,Trinity,105,12862,706,547,187,734,7
2021-09-16,Tulare,107,460477,61362,59459,12308,71767,894
2021-09-16,Tuolumne,109,53932,6124,5999,73,6072,89
2021-09-16,Ventura,111,848112,94158,93087,4059,97146,1110
2021-09-16,Yolo,113,214977,18414,18135,816,18951,239
2021-09-16,Yuba,115,75493,9122,8981,197,9178,61
2021-09-15,Alameda,001,1643700,113471,112498,2527,115025,1317
2021-09-15,Alpine,002,1148,99,99,0,99,0
2021-09-15,Amador,005,37829,4908,4792,47,4839,58
2021-09-15,Butte,007,227075,18344,17664,3290,20954,228
2021-09-15,Calaveras,009,45235,3395,3293,32,3325,66
2021-09-15,Colusa,011,21464,2394,2352,526,2878,16
2021-09-15,Contra Costa,013,1133247,94134,92989,1871,94860,913
2021-09-15,Del Norte,015,27424,3425,3271,21,3292,34
2021-09-15,El Dorado,017,186661,14677,14309,1480,15789,127
2021-09-15,Fresno,019,978130,126217,123370,11265,134635,1867
2021-09-15,Glenn,021,27897,3153,3051,901,3952,20
2021-09-15,Humboldt,023,135768,7962,7754,381,8135,52
2021-09-15,Imperial,025,180216,31241,30891,2920,33811,753
2021-09-15,Inyo,027,18085,1659,1614,31,1645,39
2021-09-15,Kern,029,883053,116112,113546,17644,131190,1434
2021-09-15,Kings,031,150075,28697,27991,1596,29587,279
2021-09-15,Lake,033,64148,6037,5852,115,5967,85
2021-09-15,Lassen,035,31185,6186,6018,251,6269,25
2021-09-15,Los Angeles,037,10098052,1389671,1374307,50286,1424593,25767
2021-09-15,Madera,039,155013,20440,19880,1599,21479,257
2021-09-15,Marin,041,260295,8335,16592,377,16969,242
2021-09-15,Mariposa,043,17540,904,843,32,875,5
2021-09-15,Mendocino,045,87422,6626,6399,306,6705,66
2021-09-15,Merced,047,269075,38067,37508,1468,38976,529
2021-09-15,Modoc,049,8938,462,454,159,613,5
2021-09-15,Mono,051,14174,1498,1445,18,1463,3
2021-09-15,Monterey,053,433212,47153,46317,2495,48812,562
2021-09-15,Napa,055,140530,12205,12082,78,12160,95
2021-09-15,Nevada,057,99092,8247,8081,265,8346,84
2021-09-15,Orange,059,3164182,295683,291834,13772,305606,5328
2021-09-15,Placer,061,380077,33664,32860,3107,35967,352
2021-09-15,Plumas,063,18699,1240,1164,22,1186,5
2021-09-15,Riverside,065,2383286,344873,339077,15626,354703,4769
2021-09-15,Sacramento,067,1510023,146514,145202,3632,148834,1981
2021-09-15,San Benito,069,59416,6930,6902,139,7041,67
2021-09-15,San Bernardino,071,2135413,338050,334556,10435,344991,5470
2021-09-15,San Diego,073,3302833,351134,346933,20692,367625,3983
2021-09-15,San Francisco,075,870044,49840,48999,2083,51082,605
2021-09-15,San Joaquin,077,732212,92850,91322,4822,96144,1607
2021-09-15,San Luis Obispo,079,281455,27518,26943,1057,28000,306
2021-09-15,San Mateo,081,765935,51577,50691,760,51451,564
2021-09-15,Santa Barbara,083,443738,41641,41077,1438,42515,497
2021-09-15,Santa Clara,085,1922200,140088,138410,1067,139477,1833
2021-09-15,Santa Cruz,087,273765,19246,18984,955,19939,210
2021-09-15,Shasta,089,179085,18020,17317,2891,20208,250
2021-09-15,Sierra,091,2930,129,123,13,136,0
2021-09-15,Siskiyou,093,43540,2965,2804,995,3799,35
2021-09-15,Solano,095,438530,43631,42682,1098,43780,312
2021-09-15,Sonoma,097,501317,39030,38629,473,39102,369
2021-09-15,Stanislaus,099,539301,71518,70852,7974,78826,1091
2021-09-15,Sutter,101,95872,12857,12699,228,12927,151
2021-09-15,Tehama,103,63373,7148,6894,1136,8030,79
2021-09-15,Trinity,105,12862,704,541,185,726,7
2021-09-15,Tulare,107,460477,61102,59149,12248,71397,890
2021-09-15,Tuolumne,109,53932,6098,5969,73,6042,89
2021-09-15,Ventura,111,848112,94015,92960,4052,97012,1109
2021-09-15,Yolo,113,214977,18380,18064,810,18874,239
2021-09-15,Yuba,115,75493,9088,8953,197,9150,61
2021-09-14,Alameda,001,1643700,113264,112329,2524,114853,1316
2021-09-14,Alpine,002,1148,99,98,0,98,0
2021-09-14,Amador,005,37829,4888,4790,47,4837,57
2021-09-14,Butte,007,227075,18212,17516,3266,20782,226
2021-09-14,Calaveras,009,45235,3375,3280,29,3309,66
2021-09-14,Colusa,011,21464,2390,2344,523,2867,16
2021-09-14,Contra Costa,013,1133247,93936,92822,1863,94685,908
2021-09-14,Del Norte,015,27424,3409,3252,21,3273,32
2021-09-14,El Dorado,017,186661,14624,14247,1472,15719,123
2021-09-14,Fresno,019,978130,125742,123151,11213,134364,1856
2021-09-14,Glenn,021,27897,3136,3045,897,3942,20
2021-09-14,Humboldt,023,135768,7928,7717,376,8093,52
2021-09-14,Imperial,025,180216,31192,30845,2917,33762,752
2021-09-14,Inyo,027,18085,1650,1605,30,1635,39
2021-09-14,Kern,029,883053,115729,113250,17521,130771,1428
2021-09-14,Kings,031,150075,28621,27955,1588,29543,278
2021-09-14,Lake,033,64148,6005,5845,115,5960,83
2021-09-14,Lassen,035,31185,6172,5977,246,6223,25
2021-09-14,Los Angeles,037,10098052,1387835,1372831,50206,1423037,25729
2021-09-14,Madera,039,155013,20358,19800,1588,21388,254
2021-09-14,Marin,041,260295,8307,16584,375,16959,242
2021-09-14,Mariposa,043,17540,893,834,31,865,5
2021-09-14,Mendocino,045,87422,6590,6372,295,6667,65
2021-09-14,Merced,047,269075,37916,37430,1464,38894,526
2021-09-14,Modoc,049,8938,461,453,159,612,5
2021-09-14,Mono,051,14174,1494,1440,18,1458,4
2021-09-14,Monterey,053,433212,47113,46224,2484,48708,558
2021-09-14,Napa,055,140530,12172,12070,77,12147,91
2021-09-14,Nevada,057,99092,8213,8056,265,8321,83
2021-09-14,Orange,059,3164182,295289,291423,13748,305171,5319
2021-09-14,Placer,061,380077,33533,32735,3087,35822,350
2021-09-14,Plumas,063,18699,1225,1148,22,1170,5
2021-09-14,Riverside,065,2383286,344232,338534,15595,354129,4748
2021-09-14,Sacramento,067,1510023,146129,145051,3583,148634,1977
2021-09-14,San Benito,069,59416,6920,6887,139,7026,64
2021-09-14,San Bernardino,071,2135413,337553,333968,10410,344378,5465
2021-09-14,San Diego,073,3302833,350474,346204,20641,366845,3966
2021-09-14,San Francisco,075,870044,49706,48998,2081,51079,603
2021-09-14,San Joaquin,077,732212,92611,91128,4813,95941,1596
2021-09-14,San Luis Obispo,079,281455,27445,26845,1052,27897,304
2021-09-14,San Mateo,081,765935,51479,50602,757,51359,564
2021-09-14,Santa Barbara,083,443738,41545,40783,1429,42212,495
2021-09-14,Santa Clara,085,1922200,139853,138321,1063,139384,1828
2021-09-14,Santa Cruz,087,273765,19206,18965,953,19918,210
2021-09-14,Shasta,089,179085,17889,17152,2870,20022,246
2021-09-14,Sierra,091,2930,129,123,13,136,0
2021-09-14,Siskiyou,093,43540,2941,2756,978,3734,35
2021-09-14,Solano,095,438530,43548,42599,1095,43694,307
2021-09-14,Sonoma,097,501317,38961,38595,469,39064,369
2021-09-14,Stanislaus,099,539301,71258,70697,7946,78643,1091
2021-09-14,Sutter,101,95872,12815,12670,221,12891,149
2021-09-14,Tehama,103,63373,7094,6859,1128,7987,80
2021-09-14,Trinity,105,12862,698,538,184,722,7
2021-09-14,Tulare,107,460477,60849,58961,12177,71138,888
2021-09-14,Tuolumne,109,53932,6077,5951,71,6022,89
2021-09-14,Ventura,111,848112,93830,92841,4035,96876,1107
2021-09-14,Yolo,113,214977,18336,18039,805,18844,239
2021-09-14,Yuba,115,75493,9052,8928,197,9125,61
2021-09-13,Alameda,001,1643700,113050,112159,2519,114678,1309
2021-09-13,Alpine,002,1148,98,98,0,98,0
2021-09-13,Amador,005,37829,4870,4761,47,4808,56
2021-09-13,Butte,007,227075,18088,17393,3237,20630,225
2021-09-13,Calaveras,009,45235,3349,3253,27,3280,65
2021-09-13,Colusa,011,21464,2381,2346,519,2865,16
2021-09-13,Contra Costa,013,1133247,93690,92658,1858,94516,908
2021-09-13,Del Norte,015,27424,3373,3232,21,3253,28
2021-09-13,El Dorado,017,186661,14563,14194,1464,15658,119
2021-09-13,Fresno,019,978130,125275,122650,11147,133797,1853
2021-09-13,Glenn,021,27897,3122,3026,891,3917,20
2021-09-13,Humboldt,023,135768,7895,7659,373,8032,52
2021-09-13,Imperial,025,180216,31139,30802,2914,33716,751
2021-09-13,Inyo,027,18085,1643,1602,30,1632,39
2021-09-13,Kern,029,883053,115345,112930,17399,130329,1424
2021-09-13,Kings,031,150075,28511,27858,1576,29434,275
2021-09-13,Lake,033,64148,5983,5809,115,5924,82
2021-09-13,Lassen,035,31185,6137,5953,245,6198,25
2021-09-13,Los Angeles,037,10098052,1385970,1371423,50140,1421563,25703
2021-09-13,Madera,039,155013,20287,19735,1573,21308,252
2021-09-13,Marin,041,260295,8271,16557,374,16931,242
2021-09-13,Mariposa,043,17540,879,825,31,856,5
2021-09-13,Mendocino,045,87422,6555,6323,286,6609,61
2021-09-13,Merced,047,269075,37766,37291,1459,38750,521
2021-09-13,Modoc,049,8938,460,451,159,610,5
2021-09-13,Mono,051,14174,1488,1435,18,1453,3
2021-09-13,Monterey,053,433212,47024,46188,2471,48659,558
2021-09-13,Napa,055,140530,12154,12039,77,12116,91
2021-09-13,Nevada,057,99092,8187,8021,263,8284,83
2021-09-13,Orange,059,3164182,294855,291128,13726,304854,5312
2021-09-13,Placer,061,380077,33368,32617,3070,35687,343
2021-09-13,Plumas,063,18699,1216,1142,22,1164,5
2021-09-13,Riverside,065,2383286,343586,337876,15577,353453,4731
2021-09-13,Sacramento,067,1510023,145641,144537,3549,148086,1956
2021-09-13,San Benito,069,59416,6904,6867,138,7005,64
2021-09-13,San Bernardino,071,2135413,337062,333613,10385,343998,5441
2021-09-13,San Diego,073,3302833,349687,345647,20589,366236,3961
2021-09-13,San Francisco,075,870044,49576,48914,2075,50989,603
2021-09-13,San Joaquin,077,732212,92326,90966,4795,95761,1581
2021-09-13,San Luis Obispo,079,281455,27348,26805,1049,27854,300
2021-09-13,San Mateo,081,765935,51387,50525,752,51277,564
2021-09-13,Santa Barbara,083,443738,41426,40661,1422,42083,494
2021-09-13,Santa Clara,085,1922200,139607,138152,1058,139210,1820
2021-09-13,Santa Cruz,087,273765,19166,18917,952,19869,210
2021-09-13,Shasta,089,179085,17759,17033,2830,19863,243
2021-09-13,Sierra,091,2930,129,123,13,136,0
2021-09-13,Siskiyou,093,43540,2926,2745,966,3711,35
2021-09-13,Solano,095,438530,43445,42501,1092,43593,306
2021-09-13,Sonoma,097,501317,38894,38513,466,38979,368
2021-09-13,Stanislaus,099,539301,71003,70477,7910,78387,1091
2021-09-13,Sutter,101,95872,12757,12624,217,12841,145
2021-09-13,Tehama,103,63373,7031,6803,1116,7919,79
2021-09-13,Trinity,105,12862,696,533,182,715,7
2021-09-13,Tulare,107,460477,60565,58768,12117,70885,887
2021-09-13,Tuolumne,109,53932,6047,5909,71,5980,89
2021-09-13,Ventura,111,848112,93668,92679,4028,96707,1107
2021-09-13,Yolo,113,214977,18292,17974,799,18773,239
2021-09-13,Yuba,115,75493,9007,8884,196,9080,61
2021-09-12,Alameda,001,1643700,112789,111961,2516,114477,1309
2021-09-12,Alpine,002,1148,98,98,0,98,0
2021-09-12,Amador,005,37829,4849,4752,47,4799,56
2021-09-12,Butte,007,227075,17943,17257,3190,20447,221
2021-09-12,Calaveras,009,45235,3318,3236,23,3259,65
2021-09-12,Colusa,011,21464,2378,2344,518,2862,16
2021-09-12,Contra Costa,013,1133247,93421,92498,1846,94344,908
2021-09-12,Del Norte,015,27424,3338,3200,21,3221,28
2021-09-12,El Dorado,017,186661,14490,14167,1448,15615,119
2021-09-12,Fresno,019,978130,124754,122407,11090,133497,1853
2021-09-12,Glenn,021,27897,3105,3016,885,3901,20
2021-09-12,Humboldt,023,135768,7825,7636,362,7998,52
2021-09-12,Imperial,025,180216,31076,30790,2909,33699,751
2021-09-12,Inyo,027,18085,1633,1596,30,1626,39
2021-09-12,Kern,029,883053,114933,112602,17240,129842,1424
2021-09-12,Kings,031,150075,28400,27764,1559,29323,274
2021-09-12,Lake,033,64148,5943,5781,113,5894,82
2021-09-12,Lassen,035,31185,6100,5943,236,6179,25
2021-09-12,Los Angeles,037,10098052,1383911,1365968,50067,1416035,25630
2021-09-12,Madera,039,155013,20200,19691,1561,21252,252
2021-09-12,Marin,041,260295,8248,16526,374,16900,242
2021-09-12,Mariposa,043,17540,868,811,29,840,5
2021-09-12,Mendocino,045,87422,6515,6283,277,6560,61
2021-09-12,Merced,047,269075,37594,37172,1448,38620,521
2021-09-12,Modoc,049,8938,460,451,158,609,5
2021-09-12,Mono,051,14174,1481,1431,18,1449,3
2021-09-12,Monterey,053,433212,46927,46167,2461,48628,558
2021-09-12,Napa,055,140530,12124,12011,77,12088,91
2021-09-12,Nevada,057,99092,8147,7987,262,8249,83
2021-09-12,Orange,059,3164182,294391,290718,13705,304423,5312
2021-09-12,Placer,061,380077,33218,32520,3048,35568,343
2021-09-12,Plumas,063,18699,1197,1138,22,1160,5
2021-09-12,Riverside,065,2383286,342902,337332,15543,352875,4731
2021-09-12,Sacramento,067,1510023,145132,144030,3510,147540,1959
2021-09-12,San Benito,069,59416,6885,6852,137,6989,64
2021-09-12,San Bernardino,071,2135413,336451,333049,10372,343421,5439
2021-09-12,San Diego,073,3302833,348877,345058,20513,365571,3942
2021-09-12,San Francisco,075,870044,49464,48819,2068,50887,603
2021-09-12,San Joaquin,077,732212,91997,90730,4787,95517,1581
2021-09-12,San Luis Obispo,079,281455,27229,26729,1036,27765,299
2021-09-12,San Mateo,081,765935,51276,50432,748,51180,564
2021-09-12,Santa Barbara,083,443738,41315,40600,1415,42015,494
2021-09-12,Santa Clara,085,1922200,139350,137899,1055,138954,1820
2021-09-12,Santa Cruz,087,273765,19133,18892,951,19843,210
2021-09-12,Shasta,089,179085,17594,16957,2772,19729,243
2021-09-12,Sierra,091,2930,129,123,13,136,0
2021-09-12,Siskiyou,093,43540,2898,2730,951,3681,35
2021-09-12,Solano,095,438530,43339,42409,1089,43498,306
2021-09-12,Sonoma,097,501317,38814,38456,464,38920,368
2021-09-12,Stanislaus,099,539301,70704,70184,7871,78055,1091
2021-09-12,Sutter,101,95872,12715,12589,211,12800,145
2021-09-12,Tehama,103,63373,6968,6732,1104,7836,79
2021-09-12,Trinity,105,12862,692,529,180,709,7
2021-09-12,Tulare,107,460477,60211,58582,12057,70639,887
2021-09-12,Tuolumne,109,53932,6014,5888,71,5959,89
2021-09-12,Ventura,111,848112,93541,92496,4022,96518,1107
2021-09-12,Yolo,113,214977,18226,17943,791,18734,239
2021-09-12,Yuba,115,75493,8972,8842,196,9038,61
2021-09-11,Alameda,001,1643700,112665,111715,2514,114229,1309
2021-09-11,Alpine,002,1148,98,98,0,98,0
2021-09-11,Amador,005,37829,4836,4728,46,4774,56
2021-09-11,Butte,007,227075,17860,17218,3163,20381,221
2021-09-11,Calaveras,009,45235,3310,3208,22,3230,65
2021-09-11,Colusa,011,21464,2377,2338,515,2853,16
2021-09-11,Contra Costa,013,1133247,93302,92269,1842,94111,908
2021-09-11,Del Norte,015,27424,3322,3184,21,3205,28
2021-09-11,El Dorado,017,186661,14471,14117,1441,15558,119
2021-09-11,Fresno,019,978130,124575,122224,11065,133289,1853
2021-09-11,Glenn,021,27897,3095,3007,882,3889,20
2021-09-11,Humboldt,023,135768,7803,7615,359,7974,52
2021-09-11,Imperial,025,180216,31051,30760,2906,33666,751
2021-09-11,Inyo,027,18085,1630,1590,30,1620,39
2021-09-11,Kern,029,883053,114683,112205,17126,129331,1424
2021-09-11,Kings,031,150075,28351,27631,1553,29184,275
2021-09-11,Lake,033,64148,5922,5761,113,5874,82
2021-09-11,Lassen,035,31185,6085,5930,232,6162,25
2021-09-11,Los Angeles,037,10098052,1382937,1365831,50002,1415833,25630
2021-09-11,Madera,039,155013,20148,19648,1556,21204,252
2021-09-11,Marin,041,260295,8219,16496,373,16869,242
2021-09-11,Mariposa,043,17540,863,799,29,828,5
2021-09-11,Mendocino,045,87422,6490,6257,277,6534,61
2021-09-11,Merced,047,269075,37540,37042,1445,38487,521
2021-09-11,Modoc,049,8938,460,449,158,607,5
2021-09-11,Mono,051,14174,1475,1431,18,1449,3
2021-09-11,Monterey,053,433212,46889,46140,2458,48598,558
2021-09-11,Napa,055,140530,12101,11991,77,12068,91
2021-09-11,Nevada,057,99092,8132,7967,262,8229,83
2021-09-11,Orange,059,3164182,294086,290429,13689,304118,5306
2021-09-11,Placer,061,380077,33134,32414,3037,35451,344
2021-09-11,Plumas,063,18699,1190,1112,22,1134,5
2021-09-11,Riverside,065,2383286,342464,336585,15530,352115,4731
2021-09-11,Sacramento,067,1510023,144832,143557,3498,147055,1955
2021-09-11,San Benito,069,59416,6872,6844,137,6981,64
2021-09-11,San Bernardino,071,2135413,336108,332512,10358,342870,5430
2021-09-11,San Diego,073,3302833,348393,344355,20489,364844,3942
2021-09-11,San Francisco,075,870044,49408,48660,2064,50724,603
2021-09-11,San Joaquin,077,732212,91854,90482,4780,95262,1581
2021-09-11,San Luis Obispo,079,281455,27183,26651,1035,27686,299
2021-09-11,San Mateo,081,765935,51204,50341,747,51088,564
2021-09-11,Santa Barbara,083,443738,41242,40451,1415,41866,494
2021-09-11,Santa Clara,085,1922200,139197,137659,1052,138711,1820
2021-09-11,Santa Cruz,087,273765,19104,18865,951,19816,210
2021-09-11,Shasta,089,179085,17500,16877,2752,19629,243
2021-09-11,Sierra,091,2930,129,123,13,136,0
2021-09-11,Siskiyou,093,43540,2881,2717,948,3665,35
2021-09-11,Solano,095,438530,43288,42344,1086,43430,306
2021-09-11,Sonoma,097,501317,38767,38399,462,38861,368
2021-09-11,Stanislaus,099,539301,70579,69974,7858,77832,1091
2021-09-11,Sutter,101,95872,12689,12538,208,12746,145
2021-09-11,Tehama,103,63373,6947,6703,1096,7799,79
2021-09-11,Trinity,105,12862,685,526,180,706,7
2021-09-11,Tulare,107,460477,60099,58321,12011,70332,889
2021-09-11,Tuolumne,109,53932,5995,5879,68,5947,89
2021-09-11,Ventura,111,848112,93459,92328,4017,96345,1107
2021-09-11,Yolo,113,214977,18201,17906,788,18694,239
2021-09-11,Yuba,115,75493,8947,8813,196,9009,61
2021-09-10,Alameda,001,1643700,112474,111386,2513,113899,1306
2021-09-10,Alpine,002,1148,97,97,0,97,0
2021-09-10,Amador,005,37829,4824,4706,46,4752,56
2021-09-10,Butte,007,227075,17786,17051,3145,20196,222
2021-09-10,Calaveras,009,45235,3302,3183,22,3205,65
2021-09-10,Colusa,011,21464,2373,2327,512,2839,16
2021-09-10,Contra Costa,013,1133247,93179,92024,1840,93864,908
2021-09-10,Del Norte,015,27424,3307,3128,20,3148,28
2021-09-10,El Dorado,017,186661,14441,14051,1437,15488,119
2021-09-10,Fresno,019,978130,124250,121659,11038,132697,1846
2021-09-10,Glenn,021,27897,3088,2977,881,3858,20
2021-09-10,Humboldt,023,135768,7771,7543,355,7898,52
2021-09-10,Imperial,025,180216,31028,30716,2904,33620,751
2021-09-10,Inyo,027,18085,1626,1590,30,1620,39
2021-09-10,Kern,029,883053,114429,111832,17010,128842,1419
2021-09-10,Kings,031,150075,28277,27473,1546,29019,274
2021-09-10,Lake,033,64148,5906,5713,111,5824,79
2021-09-10,Lassen,035,31185,6077,5914,229,6143,25
2021-09-10,Los Angeles,037,10098052,1381731,1365709,49938,1415647,25630
2021-09-10,Madera,039,155013,20102,19520,1549,21069,252
2021-09-10,Marin,041,260295,8199,16458,370,16828,242
2021-09-10,Mariposa,043,17540,858,795,29,824,5
2021-09-10,Mendocino,045,87422,6458,6184,276,6460,61
2021-09-10,Merced,047,269075,37488,36884,1444,38328,521
2021-09-10,Modoc,049,8938,460,448,158,606,5
2021-09-10,Mono,051,14174,1470,1422,18,1440,3
2021-09-10,Monterey,053,433212,46843,46084,2456,48540,557
2021-09-10,Napa,055,140530,12076,11948,77,12025,90
2021-09-10,Nevada,057,99092,8114,7932,261,8193,83
2021-09-10,Orange,059,3164182,293779,290022,13679,303701,5302
2021-09-10,Placer,061,380077,33032,32264,3024,35288,343
2021-09-10,Plumas,063,18699,1182,1111,22,1133,5
2021-09-10,Riverside,065,2383286,341991,335988,15523,351511,4720
2021-09-10,Sacramento,067,1510023,144489,143244,3490,146734,1950
2021-09-10,San Benito,069,59416,6868,6824,137,6961,64
2021-09-10,San Bernardino,071,2135413,335690,331894,10349,342243,5422
2021-09-10,San Diego,073,3302833,347846,343173,20452,363625,3941
2021-09-10,San Francisco,075,870044,49329,48518,2057,50575,602
2021-09-10,San Joaquin,077,732212,91674,90208,4774,94982,1573
2021-09-10,San Luis Obispo,079,281455,27150,26526,1033,27559,299
2021-09-10,San Mateo,081,765935,51136,50251,746,50997,564
2021-09-10,Santa Barbara,083,443738,41189,40321,1412,41733,492
2021-09-10,Santa Clara,085,1922200,139014,137337,1051,138388,1817
2021-09-10,Santa Cruz,087,273765,19085,18785,950,19735,210
2021-09-10,Shasta,089,179085,17406,16667,2724,19391,242
2021-09-10,Sierra,091,2930,129,117,13,130,0
2021-09-10,Siskiyou,093,43540,2869,2702,944,3646,35
2021-09-10,Solano,095,438530,43214,42230,1079,43309,305
2021-09-10,Sonoma,097,501317,38709,38271,461,38732,368
2021-09-10,Stanislaus,099,539301,70423,69617,7834,77451,1091
2021-09-10,Sutter,101,95872,12655,12468,208,12676,145
2021-09-10,Tehama,103,63373,6913,6652,1090,7742,77
2021-09-10,Trinity,105,12862,681,524,180,704,7
2021-09-10,Tulare,107,460477,59951,57930,11962,69892,883
2021-09-10,Tuolumne,109,53932,5975,5842,68,5910,89
2021-09-10,Ventura,111,848112,93361,92145,4013,96158,1104
2021-09-10,Yolo,113,214977,18175,17825,784,18609,239
2021-09-10,Yuba,115,75493,8928,8760,195,8955,62
2021-09-09,Alameda,001,1643700,112255,111014,2509,113523,1306
2021-09-09,Alpine,002,1148,97,94,0,94,0
2021-09-09,Amador,005,37829,4803,4698,45,4743,56
2021-09-09,Butte,007,227075,17639,16874,3118,19992,221
2021-09-09,Calaveras,009,45235,3268,3165,22,3187,65
2021-09-09,Colusa,011,21464,2366,2321,511,2832,16
2021-09-09,Contra Costa,013,1133247,92969,91687,1835,93522,904
2021-09-09,Del Norte,015,27424,3284,3102,20,3122,28
2021-09-09,El Dorado,017,186661,14384,13970,1427,15397,119
2021-09-09,Fresno,019,978130,123775,121040,10992,132032,1838
2021-09-09,Glenn,021,27897,3076,2947,877,3824,20
2021-09-09,Humboldt,023,135768,7721,7471,349,7820,52
2021-09-09,Imperial,025,180216,30990,30661,2901,33562,751
2021-09-09,Inyo,027,18085,1619,1586,30,1616,39
2021-09-09,Kern,029,883053,114082,111390,16854,128244,1414
2021-09-09,Kings,031,150075,28175,27282,1535,28817,273
2021-09-09,Lake,033,64148,5882,5638,109,5747,79
2021-09-09,Lassen,035,31185,6027,5860,223,6083,25
2021-09-09,Los Angeles,037,10098052,1379864,1363735,49865,1413600,25583
2021-09-09,Madera,039,155013,20029,19401,1536,20937,252
2021-09-09,Marin,041,260295,8176,16416,367,16783,242
2021-09-09,Mariposa,043,17540,845,779,28,807,5
2021-09-09,Mendocino,045,87422,6424,6089,267,6356,61
2021-09-09,Merced,047,269075,37334,36634,1431,38065,516
2021-09-09,Modoc,049,8938,460,448,158,606,5
2021-09-09,Mono,051,14174,1460,1420,18,1438,3
2021-09-09,Monterey,053,433212,46789,45991,2445,48436,556
2021-09-09,Napa,055,140530,12044,11878,77,11955,90
2021-09-09,Nevada,057,99092,8076,7855,261,8116,82
2021-09-09,Orange,059,3164182,293370,289109,13648,302757,5299
2021-09-09,Placer,061,380077,32914,32048,3009,35057,342
2021-09-09,Plumas,063,18699,1171,1098,22,1120,5
2021-09-09,Riverside,065,2383286,341352,334774,15505,350279,4701
2021-09-09,Sacramento,067,1510023,144008,142728,3445,146173,1929
2021-09-09,San Benito,069,59416,6858,6820,136,6956,64
2021-09-09,San Bernardino,071,2135413,335116,331040,10336,341376,5417
2021-09-09,San Diego,073,3302833,347132,342149,20395,362544,3929
2021-09-09,San Francisco,075,870044,49215,48404,2048,50452,597
2021-09-09,San Joaquin,077,732212,91400,89874,4756,94630,1570
2021-09-09,San Luis Obispo,079,281455,27068,26472,1030,27502,296
2021-09-09,San Mateo,081,765935,51015,50143,743,50886,561
2021-09-09,Santa Barbara,083,443738,41082,40180,1408,41588,490
2021-09-09,Santa Clara,085,1922200,138791,137017,1046,138063,1816
2021-09-09,Santa Cruz,087,273765,19039,18728,950,19678,210
2021-09-09,Shasta,089,179085,17260,16401,2683,19084,238
2021-09-09,Sierra,091,2930,129,115,13,128,0
2021-09-09,Siskiyou,093,43540,2846,2683,930,3613,35
2021-09-09,Solano,095,438530,43099,42081,1075,43156,303
2021-09-09,Sonoma,097,501317,38641,38171,460,38631,360
2021-09-09,Stanislaus,099,539301,70144,69178,7802,76980,1074
2021-09-09,Sutter,101,95872,12600,12396,206,12602,144
2021-09-09,Tehama,103,63373,6859,6554,1085,7639,75
2021-09-09,Trinity,105,12862,675,523,178,701,6
2021-09-09,Tulare,107,460477,59711,57564,11903,69467,879
2021-09-09,Tuolumne,109,53932,5947,5802,67,5869,89
2021-09-09,Ventura,111,848112,93216,91610,4004,95614,1098
2021-09-09,Yolo,113,214977,18118,17724,782,18506,239
2021-09-09,Yuba,115,75493,8883,8707,192,8899,55
2021-09-08,Alameda,001,1643700,112011,110781,2507,113288,1305
2021-09-08,Alpine,002,1148,97,94,0,94,0
2021-09-08,Amador,005,37829,4791,4693,45,4738,56
2021-09-08,Butte,007,227075,17505,16775,3099,19874,220
2021-09-08,Calaveras,009,45235,3250,3157,22,3179,63
2021-09-08,Colusa,011,21464,2364,2308,511,2819,16
2021-09-08,Contra Costa,013,1133247,92689,91471,1830,93301,900
2021-09-08,Del Norte,015,27424,3261,3085,20,3105,25
2021-09-08,El Dorado,017,186661,14304,13928,1407,15335,119
2021-09-08,Fresno,019,978130,123274,120644,10929,131573,1831
2021-09-08,Glenn,021,27897,3061,2942,868,3810,20
2021-09-08,Humboldt,023,135768,7676,7438,341,7779,52
2021-09-08,Imperial,025,180216,30957,30609,2888,33497,751
2021-09-08,Inyo,027,18085,1608,1580,30,1610,39
2021-09-08,Kern,029,883053,113685,110933,16716,127649,1409
2021-09-08,Kings,031,150075,28046,27235,1521,28756,267
2021-09-08,Lake,033,64148,5851,5618,107,5725,79
2021-09-08,Lassen,035,31185,6009,5848,216,6064,25
2021-09-08,Los Angeles,037,10098052,1377791,1362029,49780,1411809,25533
2021-09-08,Madera,039,155013,19968,19352,1523,20875,252
2021-09-08,Marin,041,260295,8148,16386,366,16752,242
2021-09-08,Mariposa,043,17540,833,777,27,804,5
2021-09-08,Mendocino,045,87422,6380,6069,258,6327,61
2021-09-08,Merced,047,269075,37173,36500,1419,37919,516
2021-09-08,Modoc,049,8938,460,448,158,606,5
2021-09-08,Mono,051,14174,1454,1418,18,1436,3
2021-09-08,Monterey,053,433212,46740,45959,2439,48398,554
2021-09-08,Napa,055,140530,12009,11842,75,11917,90
2021-09-08,Nevada,057,99092,8041,7843,260,8103,82
2021-09-08,Orange,059,3164182,292960,288511,13625,302136,5290
2021-09-08,Placer,061,380077,32777,31852,2992,34844,337
2021-09-08,Plumas,063,18699,1164,1072,22,1094,5
2021-09-08,Riverside,065,2383286,340593,334037,15480,349517,4683
2021-09-08,Sacramento,067,1510023,143529,142448,3397,145845,1921
2021-09-08,San Benito,069,59416,6840,6800,136,6936,64
2021-09-08,San Bernardino,071,2135413,334509,330279,10319,340598,5411
2021-09-08,San Diego,073,3302833,346215,341437,20344,361781,3926
2021-09-08,San Francisco,075,870044,49076,48263,2044,50307,589
2021-09-08,San Joaquin,077,732212,91120,89631,4732,94363,1561
2021-09-08,San Luis Obispo,079,281455,26974,26303,1025,27328,294
2021-09-08,San Mateo,081,765935,50910,50051,743,50794,561
2021-09-08,Santa Barbara,083,443738,40970,40000,1404,41404,490
2021-09-08,Santa Clara,085,1922200,138558,136836,1042,137878,1810
2021-09-08,Santa Cruz,087,273765,19002,18699,950,19649,210
2021-09-08,Shasta,089,179085,17105,16227,2636,18863,234
2021-09-08,Sierra,091,2930,129,113,13,126,0
2021-09-08,Siskiyou,093,43540,2813,2643,919,3562,35
2021-09-08,Solano,095,438530,43004,41971,1073,43044,302
2021-09-08,Sonoma,097,501317,38557,38075,459,38534,360
2021-09-08,Stanislaus,099,539301,69912,68945,7763,76708,1074
2021-09-08,Sutter,101,95872,12535,12349,203,12552,144
2021-09-08,Tehama,103,63373,6792,6520,1067,7587,75
2021-09-08,Trinity,105,12862,672,520,174,694,6
2021-09-08,Tulare,107,460477,59388,57425,11846,69271,876
2021-09-08,Tuolumne,109,53932,5915,5783,65,5848,89
2021-09-08,Ventura,111,848112,93064,91345,3986,95331,1096
2021-09-08,Yolo,113,214977,18037,17680,778,18458,239
2021-09-08,Yuba,115,75493,8841,8675,190,8865,55
2021-09-07,Alameda,001,1643700,111711,110550,2500,113050,1301
2021-09-07,Alpine,002,1148,96,94,0,94,0
2021-09-07,Amador,005,37829,4764,4679,45,4724,53
2021-09-07,Butte,007,227075,17349,16723,3063,19786,220
2021-09-07,Calaveras,009,45235,3209,3140,20,3160,63
2021-09-07,Colusa,011,21464,2354,2306,509,2815,16
2021-09-07,Contra Costa,013,1133247,92422,91167,1824,92991,891
2021-09-07,Del Norte,015,27424,3247,3081,20,3101,24
2021-09-07,El Dorado,017,186661,14232,13892,1392,15284,119
2021-09-07,Fresno,019,978130,122716,120268,10836,131104,1828
2021-09-07,Glenn,021,27897,3049,2937,862,3799,20
2021-09-07,Humboldt,023,135768,7616,7397,324,7721,52
2021-09-07,Imperial,025,180216,30917,30584,2880,33464,751
2021-09-07,Inyo,027,18085,1602,1579,29,1608,39
2021-09-07,Kern,029,883053,113253,110674,16558,127232,1408
2021-09-07,Kings,031,150075,27922,27169,1503,28672,267
2021-09-07,Lake,033,64148,5808,5597,99,5696,78
2021-09-07,Lassen,035,31185,5991,5842,210,6052,21
2021-09-07,Los Angeles,037,10098052,1375560,1360407,49689,1410096,25486
2021-09-07,Madera,039,155013,19881,19316,1515,20831,249
2021-09-07,Marin,041,260295,8109,16363,366,16729,242
2021-09-07,Mariposa,043,17540,817,771,27,798,5
2021-09-07,Mendocino,045,87422,6320,6036,248,6284,61
2021-09-07,Merced,047,269075,36998,36400,1413,37813,513
2021-09-07,Modoc,049,8938,458,449,158,607,5
2021-09-07,Mono,051,14174,1445,1416,18,1434,3
2021-09-07,Monterey,053,433212,46657,45911,2427,48338,543
2021-09-07,Napa,055,140530,11968,11814,75,11889,90
2021-09-07,Nevada,057,99092,8014,7829,260,8089,82
2021-09-07,Orange,059,3164182,292528,288225,13595,301820,5274
2021-09-07,Placer,061,380077,32624,31710,2964,34674,337
2021-09-07,Plumas,063,18699,1149,1071,22,1093,5
2021-09-07,Riverside,065,2383286,339805,333390,15461,348851,4666
2021-09-07,Sacramento,067,1510023,142990,142364,3350,145714,1905
2021-09-07,San Benito,069,59416,6822,6786,136,6922,64
2021-09-07,San Bernardino,071,2135413,333757,329962,10294,340256,5407
2021-09-07,San Diego,073,3302833,345217,340709,20278,360987,3922
2021-09-07,San Francisco,075,870044,48936,48175,2039,50214,589
2021-09-07,San Joaquin,077,732212,90784,89468,4718,94186,1548
2021-09-07,San Luis Obispo,079,281455,26857,26253,1016,27269,287
2021-09-07,San Mateo,081,765935,50814,49913,742,50655,561
2021-09-07,Santa Barbara,083,443738,40844,39957,1399,41356,489
2021-09-07,Santa Clara,085,1922200,138269,136631,1037,137668,1807
2021-09-07,Santa Cruz,087,273765,18953,18669,948,19617,210
2021-09-07,Shasta,089,179085,16949,16096,2584,18680,226
2021-09-07,Sierra,091,2930,129,111,13,124,0
2021-09-07,Siskiyou,093,43540,2787,2607,902,3509,34
2021-09-07,Solano,095,438530,42874,41862,1069,42931,300
2021-09-07,Sonoma,097,501317,38473,38013,457,38470,358
2021-09-07,Stanislaus,099,539301,69641,68831,7736,76567,1074
2021-09-07,Sutter,101,95872,12461,12310,197,12507,138
2021-09-07,Tehama,103,63373,6740,6482,1047,7529,74
2021-09-07,Trinity,105,12862,666,517,174,691,6
2021-09-07,Tulare,107,460477,59038,57228,11766,68994,874
2021-09-07,Tuolumne,109,53932,5878,5759,65,5824,88
2021-09-07,Ventura,111,848112,92853,91246,3976,95222,1093
2021-09-07,Yolo,113,214977,17967,17653,776,18429,235
2021-09-07,Yuba,115,75493,8798,8642,185,8827,55
2021-09-06,Alameda,001,1643700,111398,110357,2492,112849,1301
2021-09-06,Alpine,002,1148,94,94,0,94,0
2021-09-06,Amador,005,37829,4748,4648,44,4692,53
2021-09-06,Butte,007,227075,17158,16588,3019,19607,218
2021-09-06,Calaveras,009,45235,3187,3122,20,3142,63
2021-09-06,Colusa,011,21464,2347,2306,505,2811,16
2021-09-06,Contra Costa,013,1133247,92126,90971,1814,92785,891
2021-09-06,Del Norte,015,27424,3206,3037,19,3056,24
2021-09-06,El Dorado,017,186661,14163,13848,1376,15224,119
2021-09-06,Fresno,019,978130,122139,119738,10760,130498,1828
2021-09-06,Glenn,021,27897,3020,2912,854,3766,20
2021-09-06,Humboldt,023,135768,7540,7320,306,7626,52
2021-09-06,Imperial,025,180216,30855,30576,2874,33450,751
2021-09-06,Inyo,027,18085,1593,1578,17,1595,39
2021-09-06,Kern,029,883053,112740,110347,16370,126717,1408
2021-09-06,Kings,031,150075,27779,27094,1488,28582,264
2021-09-06,Lake,033,64148,5744,5548,92,5640,78
2021-09-06,Lassen,035,31185,5965,5822,200,6022,21
2021-09-06,Los Angeles,037,10098052,1373181,1359348,49577,1408925,25477
2021-09-06,Madera,039,155013,19778,19191,1492,20683,249
2021-09-06,Marin,041,260295,8069,16356,366,16722,242
2021-09-06,Mariposa,043,17540,805,764,27,791,5
2021-09-06,Mendocino,045,87422,6250,5984,235,6219,61
2021-09-06,Merced,047,269075,36783,36300,1399,37699,513
2021-09-06,Modoc,049,8938,455,449,158,607,5
2021-09-06,Mono,051,14174,1441,1416,18,1434,3
2021-09-06,Monterey,053,433212,46563,45833,2411,48244,541
2021-09-06,Napa,055,140530,11925,11792,74,11866,90
2021-09-06,Nevada,057,99092,7966,7748,258,8006,82
2021-09-06,Orange,059,3164182,292034,287948,13542,301490,5274
2021-09-06,Placer,061,380077,32448,31595,2926,34521,337
2021-09-06,Plumas,063,18699,1128,1068,19,1087,5
2021-09-06,Riverside,065,2383286,338989,333052,15441,348493,4666
2021-09-06,Sacramento,067,1510023,142353,141730,3282,145012,1905
2021-09-06,San Benito,069,59416,6799,6777,133,6910,64
2021-09-06,San Bernardino,071,2135413,332867,329693,10263,339956,5398
2021-09-06,San Diego,073,3302833,344218,340222,20181,360403,3922
2021-09-06,San Francisco,075,870044,48802,48120,2034,50154,589
2021-09-06,San Joaquin,077,732212,90440,89293,4692,93985,1548
2021-09-06,San Luis Obispo,079,281455,26728,26183,1012,27195,286
2021-09-06,San Mateo,081,765935,50684,49859,740,50599,561
2021-09-06,Santa Barbara,083,443738,40713,39876,1390,41266,489
2021-09-06,Santa Clara,085,1922200,137977,136458,1035,137493,1807
2021-09-06,Santa Cruz,087,273765,18905,18615,945,19560,210
2021-09-06,Shasta,089,179085,16768,15985,2530,18515,226
2021-09-06,Sierra,091,2930,129,109,13,122,0
2021-09-06,Siskiyou,093,43540,2743,2595,868,3463,34
2021-09-06,Solano,095,438530,42726,41774,1063,42837,300
2021-09-06,Sonoma,097,501317,38352,37929,456,38385,358
2021-09-06,Stanislaus,099,539301,69299,68596,7692,76288,1074
2021-09-06,Sutter,101,95872,12399,12238,188,12426,138
2021-09-06,Tehama,103,63373,6678,6413,1020,7433,74
2021-09-06,Trinity,105,12862,663,515,172,687,6
2021-09-06,Tulare,107,460477,58677,57068,11686,68754,874
2021-09-06,Tuolumne,109,53932,5842,5697,65,5762,88
2021-09-06,Ventura,111,848112,92676,91132,3964,95096,1093
2021-09-06,Yolo,113,214977,17880,17576,771,18347,235
2021-09-06,Yuba,115,75493,8748,8584,181,8765,55
2021-09-05,Alameda,001,1643700,111205,110173,2489,112662,1301
2021-09-05,Alpine,002,1148,94,94,0,94,0
2021-09-05,Amador,005,37829,4736,4642,44,4686,53
2021-09-05,Butte,007,227075,17068,16504,2990,19494,218
2021-09-05,Calaveras,009,45235,3181,3106,20,3126,63
2021-09-05,Colusa,011,21464,2339,2305,503,2808,16
2021-09-05,Contra Costa,013,1133247,91941,90862,1809,92671,891
2021-09-05,Del Norte,015,27424,3186,3023,19,3042,24
2021-09-05,El Dorado,017,186661,14134,13827,1363,15190,119
2021-09-05,Fresno,019,978130,121841,119384,10719,130103,1828
2021-09-05,Glenn,021,27897,3006,2899,852,3751,20
2021-09-05,Humboldt,023,135768,7507,7312,303,7615,52
2021-09-05,Imperial,025,180216,30826,30548,2872,33420,751
2021-09-05,Inyo,027,18085,1590,1572,17,1589,39
2021-09-05,Kern,029,883053,112441,110073,16211,126284,1408
2021-09-05,Kings,031,150075,27702,26989,1484,28473,264
2021-09-05,Lake,033,64148,5724,5525,92,5617,78
2021-09-05,Lassen,035,31185,5943,5820,196,6016,21
2021-09-05,Los Angeles,037,10098052,1371883,1357748,49510,1407258,25465
2021-09-05,Madera,039,155013,19737,19155,1481,20636,249
2021-09-05,Marin,041,260295,8050,16342,365,16707,242
2021-09-05,Mariposa,043,17540,801,761,27,788,5
2021-09-05,Mendocino,045,87422,6216,5965,235,6200,61
2021-09-05,Merced,047,269075,36708,36243,1397,37640,513
2021-09-05,Modoc,049,8938,455,447,158,605,5
2021-09-05,Mono,051,14174,1441,1416,18,1434,3
2021-09-05,Monterey,053,433212,46534,45795,2402,48197,540
2021-09-05,Napa,055,140530,11900,11770,74,11844,90
2021-09-05,Nevada,057,99092,7944,7722,257,7979,82
2021-09-05,Orange,059,3164182,291745,287614,13525,301139,5274
2021-09-05,Placer,061,380077,32321,31487,2912,34399,337
2021-09-05,Plumas,063,18699,1121,1067,19,1086,5
2021-09-05,Riverside,065,2383286,338535,332604,15429,348033,4654
2021-09-05,Sacramento,067,1510023,141915,141276,3264,144540,1905
2021-09-05,San Benito,069,59416,6798,6764,133,6897,64
2021-09-05,San Bernardino,071,2135413,332483,329062,10247,339309,5392
2021-09-05,San Diego,073,3302833,343666,339427,20140,359567,3914
2021-09-05,San Francisco,075,870044,48723,48035,2030,50065,589
2021-09-05,San Joaquin,077,732212,90274,89121,4675,93796,1548
2021-09-05,San Luis Obispo,079,281455,26678,26098,1011,27109,285
2021-09-05,San Mateo,081,765935,50616,49809,736,50545,561
2021-09-05,Santa Barbara,083,443738,40646,39762,1388,41150,489
2021-09-05,Santa Clara,085,1922200,137767,136146,1033,137179,1807
2021-09-05,Santa Cruz,087,273765,18885,18588,943,19531,210
2021-09-05,Shasta,089,179085,16686,15960,2504,18464,226
2021-09-05,Sierra,091,2930,128,109,13,122,0
2021-09-05,Siskiyou,093,43540,2726,2585,854,3439,34
2021-09-05,Solano,095,438530,42631,41687,1058,42745,300
2021-09-05,Sonoma,097,501317,38267,37881,455,38336,358
2021-09-05,Stanislaus,099,539301,69159,68434,7668,76102,1074
2021-09-05,Sutter,101,95872,12369,12179,182,12361,138
2021-09-05,Tehama,103,63373,6651,6400,1014,7414,74
2021-09-05,Trinity,105,12862,657,505,171,676,6
2021-09-05,Tulare,107,460477,58508,56915,11642,68557,874
2021-09-05,Tuolumne,109,53932,5830,5688,65,5753,88
2021-09-05,Ventura,111,848112,92540,91004,3960,94964,1093
2021-09-05,Yolo,113,214977,17843,17557,765,18322,235
2021-09-05,Yuba,115,75493,8722,8521,179,8700,55
2021-09-04,Alameda,001,1643700,111082,109944,2482,112426,1301
2021-09-04,Alpine,002,1148,94,94,0,94,0
2021-09-04,Amador,005,37829,4718,4637,43,4680,53
2021-09-04,Butte,007,227075,17010,16403,2975,19378,218
2021-09-04,Calaveras,009,45235,3169,3087,19,3106,63
2021-09-04,Colusa,011,21464,2337,2301,503,2804,16
2021-09-04,Contra Costa,013,1133247,91824,90623,1806,92429,891
2021-09-04,Del Norte,015,27424,3175,2984,19,3003,24
2021-09-04,El Dorado,017,186661,14108,13782,1355,15137,119
2021-09-04,Fresno,019,978130,121645,119033,10698,129731,1828
2021-09-04,Glenn,021,27897,2996,2878,846,3724,20
2021-09-04,Humboldt,023,135768,7476,7298,297,7595,52
2021-09-04,Imperial,025,180216,30803,30526,2870,33396,751
2021-09-04,Inyo,027,18085,1588,1571,17,1588,39
2021-09-04,Kern,029,883053,112198,109751,16081,125832,1408
2021-09-04,Kings,031,150075,27615,26896,1478,28374,263
2021-09-04,Lake,033,64148,5706,5507,92,5599,78
2021-09-04,Lassen,035,31185,5928,5814,188,6002,21
2021-09-04,Los Angeles,037,10098052,1370924,1355634,49454,1405088,25454
2021-09-04,Madera,039,155013,19704,19112,1474,20586,249
2021-09-04,Marin,041,260295,8034,16319,364,16683,242
2021-09-04,Mariposa,043,17540,796,759,27,786,5
2021-09-04,Mendocino,045,87422,6180,5933,235,6168,61
2021-09-04,Merced,047,269075,36664,36083,1392,37475,513
2021-09-04,Modoc,049,8938,455,447,158,605,5
2021-09-04,Mono,051,14174,1438,1417,18,1435,3
2021-09-04,Monterey,053,433212,46503,45756,2398,48154,540
2021-09-04,Napa,055,140530,11875,11760,72,11832,90
2021-09-04,Nevada,057,99092,7929,7691,256,7947,82
2021-09-04,Orange,059,3164182,291482,287244,13504,300748,5274
2021-09-04,Placer,061,380077,32218,31374,2895,34269,337
2021-09-04,Plumas,063,18699,1113,1067,19,1086,5
2021-09-04,Riverside,065,2383286,338065,331958,15417,347375,4654
2021-09-04,Sacramento,067,1510023,141621,140735,3256,143991,1896
2021-09-04,San Benito,069,59416,6789,6758,133,6891,64
2021-09-04,San Bernardino,071,2135413,332149,328425,10233,338658,5393
2021-09-04,San Diego,073,3302833,343231,338748,20118,358866,3914
2021-09-04,San Francisco,075,870044,48648,47937,2022,49959,589
2021-09-04,San Joaquin,077,732212,90159,88846,4667,93513,1548
2021-09-04,San Luis Obispo,079,281455,26646,26020,1011,27031,285
2021-09-04,San Mateo,081,765935,50562,49721,736,50457,560
2021-09-04,Santa Barbara,083,443738,40580,39667,1386,41053,489
2021-09-04,Santa Clara,085,1922200,137582,135845,1030,136875,1806
2021-09-04,Santa Cruz,087,273765,18867,18579,939,19518,210
2021-09-04,Shasta,089,179085,16609,15924,2478,18402,226
2021-09-04,Sierra,091,2930,126,108,13,121,0
2021-09-04,Siskiyou,093,43540,2700,2563,843,3406,34
2021-09-04,Solano,095,438530,42558,41614,1056,42670,300
2021-09-04,Sonoma,097,501317,38234,37809,455,38264,358
2021-09-04,Stanislaus,099,539301,69012,68210,7643,75853,1074
2021-09-04,Sutter,101,95872,12328,12137,181,12318,138
2021-09-04,Tehama,103,63373,6626,6367,996,7363,74
2021-09-04,Trinity,105,12862,655,497,171,668,6
2021-09-04,Tulare,107,460477,58400,56719,11599,68318,874
2021-09-04,Tuolumne,109,53932,5811,5667,63,5730,88
2021-09-04,Ventura,111,848112,92405,90904,3957,94861,1090
2021-09-04,Yolo,113,214977,17807,17522,761,18283,235
2021-09-04,Yuba,115,75493,8693,8475,178,8653,55
2021-09-03,Alameda,001,1643700,110922,109636,2480,112116,1301
2021-09-03,Alpine,002,1148,94,94,0,94,0
2021-09-03,Amador,005,37829,4696,4614,43,4657,53
2021-09-03,Butte,007,227075,16919,16259,2949,19208,215
2021-09-03,Calaveras,009,45235,3159,3069,19,3088,63
2021-09-03,Colusa,011,21464,2332,2295,502,2797,16
2021-09-03,Contra Costa,013,1133247,91672,90299,1803,92102,886
2021-09-03,Del Norte,015,27424,3147,2943,18,2961,24
2021-09-03,El Dorado,017,186661,14075,13710,1351,15061,119
2021-09-03,Fresno,019,978130,121308,118508,10676,129184,1822
2021-09-03,Glenn,021,27897,2987,2867,838,3705,20
2021-09-03,Humboldt,023,135768,7451,7194,292,7486,52
2021-09-03,Imperial,025,180216,30779,30475,2865,33340,751
2021-09-03,Inyo,027,18085,1583,1567,17,1584,39
2021-09-03,Kern,029,883053,111982,109296,15970,125266,1407
2021-09-03,Kings,031,150075,27531,26753,1475,28228,263
2021-09-03,Lake,033,64148,5686,5479,90,5569,78
2021-09-03,Lassen,035,31185,5911,5789,184,5973,21
2021-09-03,Los Angeles,037,10098052,1369592,1351185,49389,1400574,25384
2021-09-03,Madera,039,155013,19619,19021,1468,20489,247
2021-09-03,Marin,041,260295,8012,16293,363,16656,242
2021-09-03,Mariposa,043,17540,789,753,25,778,5
2021-09-03,Mendocino,045,87422,6145,5891,235,6126,61
2021-09-03,Merced,047,269075,36610,35941,1383,37324,512
2021-09-03,Modoc,049,8938,455,445,158,603,5
2021-09-03,Mono,051,14174,1437,1410,18,1428,3
2021-09-03,Monterey,053,433212,46465,45707,2394,48101,540
2021-09-03,Napa,055,140530,11854,11733,72,11805,89
2021-09-03,Nevada,057,99092,7895,7632,256,7888,82
2021-09-03,Orange,059,3164182,291163,286818,13477,300295,5253
2021-09-03,Placer,061,380077,32111,31238,2871,34109,335
2021-09-03,Plumas,063,18699,1102,1057,19,1076,5
2021-09-03,Riverside,065,2383286,337533,331011,15401,346412,4653
2021-09-03,Sacramento,067,1510023,141257,139982,3238,143220,1886
2021-09-03,San Benito,069,59416,6783,6746,133,6879,64
2021-09-03,San Bernardino,071,2135413,331732,327599,10223,337822,5381
2021-09-03,San Diego,073,3302833,342611,337627,20085,357712,3911
2021-09-03,San Francisco,075,870044,48572,47822,2016,49838,589
2021-09-03,San Joaquin,077,732212,90006,88366,4659,93025,1540
2021-09-03,San Luis Obispo,079,281455,26571,25917,1009,26926,283
2021-09-03,San Mateo,081,765935,50467,49617,734,50351,560
2021-09-03,Santa Barbara,083,443738,40512,39507,1383,40890,489
2021-09-03,Santa Clara,085,1922200,137378,135522,1026,136548,1801
2021-09-03,Santa Cruz,087,273765,18842,18532,939,19471,210
2021-09-03,Shasta,089,179085,16534,15778,2454,18232,226
2021-09-03,Sierra,091,2930,124,105,13,118,0
2021-09-03,Siskiyou,093,43540,2688,2529,830,3359,34
2021-09-03,Solano,095,438530,42462,41457,1053,42510,300
2021-09-03,Sonoma,097,501317,38171,37699,455,38154,358
2021-09-03,Stanislaus,099,539301,68836,67887,7617,75504,1074
2021-09-03,Sutter,101,95872,12289,12073,180,12253,139
2021-09-03,Tehama,103,63373,6587,6334,989,7323,72
2021-09-03,Trinity,105,12862,653,490,167,657,6
2021-09-03,Tulare,107,460477,58274,56401,11547,67948,872
2021-09-03,Tuolumne,109,53932,5769,5630,63,5693,88
2021-09-03,Ventura,111,848112,92271,90742,3953,94695,1088
2021-09-03,Yolo,113,214977,17783,17446,757,18203,235
2021-09-03,Yuba,115,75493,8662,8412,178,8590,55
2021-09-02,Alameda,001,1643700,110664,109377,2477,111854,1301
2021-09-02,Alpine,002,1148,93,92,0,92,0
2021-09-02,Amador,005,37829,4680,4606,43,4649,53
2021-09-02,Butte,007,227075,16792,16154,2930,19084,215
2021-09-02,Calaveras,009,45235,3146,3042,19,3061,62
2021-09-02,Colusa,011,21464,2328,2290,502,2792,16
2021-09-02,Contra Costa,013,1133247,91488,90038,1792,91830,886
2021-09-02,Del Norte,015,27424,3116,2891,18,2909,24
2021-09-02,El Dorado,017,186661,14017,13641,1326,14967,119
2021-09-02,Fresno,019,978130,120822,117974,10621,128595,1804
2021-09-02,Glenn,021,27897,2971,2855,832,3687,20
2021-09-02,Humboldt,023,135768,7404,7141,281,7422,52
2021-09-02,Imperial,025,180216,30735,30449,2860,33309,751
2021-09-02,Inyo,027,18085,1578,1564,16,1580,39
2021-09-02,Kern,029,883053,111569,108930,15826,124756,1404
2021-09-02,Kings,031,150075,27438,26638,1465,28103,263
2021-09-02,Lake,033,64148,5656,5432,86,5518,78
2021-09-02,Lassen,035,31185,5897,5747,177,5924,21
2021-09-02,Los Angeles,037,10098052,1367735,1351105,49297,1400402,25382
2021-09-02,Madera,039,155013,19528,18937,1450,20387,247
2021-09-02,Marin,041,260295,7999,16244,361,16605,242
2021-09-02,Mariposa,043,17540,782,745,22,767,5
2021-09-02,Mendocino,045,87422,6103,5848,232,6080,61
2021-09-02,Merced,047,269075,36447,35820,1376,37196,508
2021-09-02,Modoc,049,8938,455,437,158,595,5
2021-09-02,Mono,051,14174,1437,1409,18,1427,3
2021-09-02,Monterey,053,433212,46399,45648,2379,48027,539
2021-09-02,Napa,055,140530,11825,11684,72,11756,88
2021-09-02,Nevada,057,99092,7843,7575,255,7830,82
2021-09-02,Orange,059,3164182,290703,286326,13443,299769,5240
2021-09-02,Placer,061,380077,31973,31067,2842,33909,330
2021-09-02,Plumas,063,18699,1091,1045,18,1063,5
2021-09-02,Riverside,065,2383286,336817,330190,15377,345567,4644
2021-09-02,Sacramento,067,1510023,140674,139274,3198,142472,1882
2021-09-02,San Benito,069,59416,6778,6734,132,6866,64
2021-09-02,San Bernardino,071,2135413,331122,326940,10150,337090,5369
2021-09-02,San Diego,073,3302833,341653,336382,20032,356414,3909
2021-09-02,San Francisco,075,870044,48462,47674,2012,49686,587
2021-09-02,San Joaquin,077,732212,89722,88056,4635,92691,1540
2021-09-02,San Luis Obispo,079,281455,26486,25851,1004,26855,283
2021-09-02,San Mateo,081,765935,50366,49490,732,50222,558
2021-09-02,Santa Barbara,083,443738,40422,39386,1370,40756,486
2021-09-02,Santa Clara,085,1922200,137077,135216,1020,136236,1799
2021-09-02,Santa Cruz,087,273765,18808,18473,936,19409,210
2021-09-02,Shasta,089,179085,16396,15670,2425,18095,224
2021-09-02,Sierra,091,2930,124,105,13,118,0
2021-09-02,Siskiyou,093,43540,2667,2513,802,3315,34
2021-09-02,Solano,095,438530,42356,41293,1050,42343,294
2021-09-02,Sonoma,097,501317,38090,37558,455,38013,352
2021-09-02,Stanislaus,099,539301,68596,67576,7597,75173,1074
2021-09-02,Sutter,101,95872,12220,11995,176,12171,138
2021-09-02,Tehama,103,63373,6529,6265,970,7235,72
2021-09-02,Trinity,105,12862,649,484,165,649,6
2021-09-02,Tulare,107,460477,58043,56105,11493,67598,872
2021-09-02,Tuolumne,109,53932,5712,5578,63,5641,88
2021-09-02,Ventura,111,848112,92088,90610,3948,94558,1084
2021-09-02,Yolo,113,214977,17708,17357,751,18108,235
2021-09-02,Yuba,115,75493,8602,8363,178,8541,55
2021-09-01,Alameda,001,1643700,110396,109075,2472,111547,1299
2021-09-01,Alpine,002,1148,93,92,0,92,0
2021-09-01,Amador,005,37829,4664,4599,42,4641,53
2021-09-01,Butte,007,227075,16676,16046,2901,18947,215
2021-09-01,Calaveras,009,45235,3134,3023,19,3042,59
2021-09-01,Colusa,011,21464,2323,2281,501,2782,16
2021-09-01,Contra Costa,013,1133247,91252,89834,1785,91619,877
2021-09-01,Del Norte,015,27424,3083,2860,18,2878,24
2021-09-01,El Dorado,017,186661,13961,13577,1297,14874,119
2021-09-01,Fresno,019,978130,120333,117492,10551,128043,1800
2021-09-01,Glenn,021,27897,2946,2846,824,3670,20
2021-09-01,Humboldt,023,135768,7357,7090,274,7364,52
2021-09-01,Imperial,025,180216,30697,30393,2855,33248,750
2021-09-01,Inyo,027,18085,1574,1561,15,1576,39
2021-09-01,Kern,029,883053,111139,108449,15688,124137,1400
2021-09-01,Kings,031,150075,27325,26443,1454,27897,263
2021-09-01,Lake,033,64148,5615,5396,81,5477,77
2021-09-01,Lassen,035,31185,5875,5731,173,5904,21
2021-09-01,Los Angeles,037,10098052,1365469,1348589,49197,1397786,25341
2021-09-01,Madera,039,155013,19450,18852,1435,20287,247
2021-09-01,Marin,041,260295,7977,16224,356,16580,240
2021-09-01,Mariposa,043,17540,774,735,22,757,5
2021-09-01,Mendocino,045,87422,6060,5821,227,6048,59
2021-09-01,Merced,047,269075,36269,35686,1366,37052,500
2021-09-01,Modoc,049,8938,449,436,156,592,5
2021-09-01,Mono,051,14174,1437,1400,18,1418,3
2021-09-01,Monterey,053,433212,46319,45590,2364,47954,539
2021-09-01,Napa,055,140530,11792,11653,72,11725,88
2021-09-01,Nevada,057,99092,7790,7508,254,7762,82
2021-09-01,Orange,059,3164182,290227,285840,13405,299245,5233
2021-09-01,Placer,061,380077,31817,30902,2828,33730,330
2021-09-01,Plumas,063,18699,1083,1033,18,1051,5
2021-09-01,Riverside,065,2383286,336005,329388,15347,344735,4634
2021-09-01,Sacramento,067,1510023,140065,138499,3153,141652,1875
2021-09-01,San Benito,069,59416,6761,6716,132,6848,64
2021-09-01,San Bernardino,071,2135413,330476,326250,10121,336371,5364
2021-09-01,San Diego,073,3302833,340631,335302,19976,355278,3908
2021-09-01,San Francisco,075,870044,48354,47538,2005,49543,584
2021-09-01,San Joaquin,077,732212,89400,87640,4612,92252,1540
2021-09-01,San Luis Obispo,079,281455,26390,25691,999,26690,283
2021-09-01,San Mateo,081,765935,50247,49394,727,50121,558
2021-09-01,Santa Barbara,083,443738,40304,39263,1354,40617,483
2021-09-01,Santa Clara,085,1922200,136809,134855,1014,135869,1796
2021-09-01,Santa Cruz,087,273765,18761,18453,934,19387,210
2021-09-01,Shasta,089,179085,16264,15552,2385,17937,221
2021-09-01,Sierra,091,2930,123,98,13,111,0
2021-09-01,Siskiyou,093,43540,2637,2482,782,3264,34
2021-09-01,Solano,095,438530,42205,41194,1044,42238,293
2021-09-01,Sonoma,097,501317,37996,37454,454,37908,352
2021-09-01,Stanislaus,099,539301,68311,67287,7566,74853,1075
2021-09-01,Sutter,101,95872,12156,11945,169,12114,136
2021-09-01,Tehama,103,63373,6495,6228,953,7181,72
2021-09-01,Trinity,105,12862,648,482,162,644,5
2021-09-01,Tulare,107,460477,57760,55768,11456,67224,870
2021-09-01,Tuolumne,109,53932,5673,5553,63,5616,88
2021-09-01,Ventura,111,848112,91873,90471,3932,94403,1089
2021-09-01,Yolo,113,214977,17648,17264,749,18013,235
2021-09-01,Yuba,115,75493,8540,8308,178,8486,55
2021-08-31,Alameda,001,1643700,110102,108837,2466,111303,1297
2021-08-31,Alpine,002,1148,91,92,0,92,0
2021-08-31,Amador,005,37829,4643,4555,42,4597,53
2021-08-31,Butte,007,227075,16534,15896,2858,18754,216
2021-08-31,Calaveras,009,45235,3094,3008,19,3027,59
2021-08-31,Colusa,011,21464,2321,2275,499,2774,16
2021-08-31,Contra Costa,013,1133247,90957,89546,1773,91319,871
2021-08-31,Del Norte,015,27424,3047,2830,18,2848,19
2021-08-31,El Dorado,017,186661,13890,13539,1279,14818,119
2021-08-31,Fresno,019,978130,119752,117155,10472,127627,1801
2021-08-31,Glenn,021,27897,2930,2829,814,3643,20
2021-08-31,Humboldt,023,135768,7282,7030,261,7291,52
2021-08-31,Imperial,025,180216,30660,30348,2847,33195,750
2021-08-31,Inyo,027,18085,1570,1550,15,1565,39
2021-08-31,Kern,029,883053,110637,108151,15509,123660,1393
2021-08-31,Kings,031,150075,27184,26405,1440,27845,260
2021-08-31,Lake,033,64148,5571,5359,80,5439,74
2021-08-31,Lassen,035,31185,5849,5702,170,5872,21
2021-08-31,Los Angeles,037,10098052,1362874,1346686,49120,1395806,25303
2021-08-31,Madera,039,155013,19360,18811,1418,20229,247
2021-08-31,Marin,041,260295,7948,16215,353,16568,240
2021-08-31,Mariposa,043,17540,766,732,22,754,5
2021-08-31,Mendocino,045,87422,6018,5777,226,6003,59
2021-08-31,Merced,047,269075,36099,35512,1361,36873,498
2021-08-31,Modoc,049,8938,448,436,156,592,5
2021-08-31,Mono,051,14174,1425,1398,18,1416,3
2021-08-31,Monterey,053,433212,46235,45550,2351,47901,539
2021-08-31,Napa,055,140530,11744,11618,72,11690,88
2021-08-31,Nevada,057,99092,7724,7460,254,7714,82
2021-08-31,Orange,059,3164182,289627,285310,13373,298683,5229
2021-08-31,Placer,061,380077,31628,30745,2791,33536,325
2021-08-31,Plumas,063,18699,1079,1018,17,1035,5
2021-08-31,Riverside,065,2383286,335033,328556,15314,343870,4627
2021-08-31,Sacramento,067,1510023,139380,137879,3121,141000,1863
2021-08-31,San Benito,069,59416,6749,6694,130,6824,64
2021-08-31,San Bernardino,071,2135413,329727,325446,10101,335547,5350
2021-08-31,San Diego,073,3302833,339379,334377,19918,354295,3888
2021-08-31,San Francisco,075,870044,48204,47440,1994,49434,581
2021-08-31,San Joaquin,077,732212,88956,87365,4597,91962,1540
2021-08-31,San Luis Obispo,079,281455,26267,25518,995,26513,282
2021-08-31,San Mateo,081,765935,50135,49299,727,50026,556
2021-08-31,Santa Barbara,083,443738,40154,39091,1348,40439,481
2021-08-31,Santa Clara,085,1922200,136456,134637,1007,135644,1793
2021-08-31,Santa Cruz,087,273765,18723,18419,931,19350,210
2021-08-31,Shasta,089,179085,16112,15368,2358,17726,220
2021-08-31,Sierra,091,2930,120,95,13,108,0
2021-08-31,Siskiyou,093,43540,2617,2435,766,3201,33
2021-08-31,Solano,095,438530,42065,41067,1038,42105,289
2021-08-31,Sonoma,097,501317,37899,37379,453,37832,352
2021-08-31,Stanislaus,099,539301,67956,67004,7531,74535,1075
2021-08-31,Sutter,101,95872,12091,11901,165,12066,136
2021-08-31,Tehama,103,63373,6434,6169,922,7091,72
2021-08-31,Trinity,105,12862,642,480,162,642,3
2021-08-31,Tulare,107,460477,57426,55567,11386,66953,870
2021-08-31,Tuolumne,109,53932,5637,5516,63,5579,88
2021-08-31,Ventura,111,848112,91654,90292,3920,94212,1081
2021-08-31,Yolo,113,214977,17562,17205,747,17952,234
2021-08-31,Yuba,115,75493,8486,8253,178,8431,54
2021-08-30,Alameda,001,1643700,109785,107734,2455,110189,1296
2021-08-30,Alpine,002,1148,91,92,0,92,0
2021-08-30,Amador,005,37829,4632,4507,42,4549,53
2021-08-30,Butte,007,227075,16382,15719,2824,18543,214
2021-08-30,Calaveras,009,45235,3079,2975,19,2994,59
2021-08-30,Colusa,011,21464,2312,2271,496,2767,16
2021-08-30,Contra Costa,013,1133247,90698,87679,1763,89442,872
2021-08-30,Del Norte,015,27424,3005,2796,17,2813,11
2021-08-30,El Dorado,017,186661,13821,13217,1262,14479,119
2021-08-30,Fresno,019,978130,119181,115867,10400,126267,1790
2021-08-30,Glenn,021,27897,2919,2804,808,3612,20
2021-08-30,Humboldt,023,135768,7228,6930,255,7185,52
2021-08-30,Imperial,025,180216,30622,30311,2842,33153,750
2021-08-30,Inyo,027,18085,1565,1544,15,1559,39
2021-08-30,Kern,029,883053,110159,107615,15347,122962,1389
2021-08-30,Kings,031,150075,27068,26236,1425,27661,259
2021-08-30,Lake,033,64148,5536,5323,77,5400,74
2021-08-30,Lassen,035,31185,5827,5667,164,5831,21
2021-08-30,Los Angeles,037,10098052,1360415,1344949,49035,1393984,25269
2021-08-30,Madera,039,155013,19278,18622,1398,20020,247
2021-08-30,Marin,041,260295,7917,16160,353,16513,240
2021-08-30,Mariposa,043,17540,760,715,21,736,5
2021-08-30,Mendocino,045,87422,5984,5721,222,5943,55
2021-08-30,Merced,047,269075,35971,35335,1357,36692,497
2021-08-30,Modoc,049,8938,446,436,155,591,5
2021-08-30,Mono,051,14174,1424,1390,18,1408,3
2021-08-30,Monterey,053,433212,46173,45463,2334,47797,539
2021-08-30,Napa,055,140530,11695,11579,70,11649,87
2021-08-30,Nevada,057,99092,7665,7356,251,7607,82
2021-08-30,Orange,059,3164182,289045,284750,13324,298074,5223
2021-08-30,Placer,061,380077,31464,29825,2768,32593,319
2021-08-30,Plumas,063,18699,1062,998,17,1015,5
2021-08-30,Riverside,065,2383286,334143,327593,15283,342876,4623
2021-08-30,Sacramento,067,1510023,138722,134571,3075,137646,1847
2021-08-30,San Benito,069,59416,6740,6663,130,6793,64
2021-08-30,San Bernardino,071,2135413,329049,324870,10071,334941,5348
2021-08-30,San Diego,073,3302833,338108,333011,19838,352849,3885
2021-08-30,San Francisco,075,870044,48063,46966,1981,48947,581
2021-08-30,San Joaquin,077,732212,88625,86203,4576,90779,1528
2021-08-30,San Luis Obispo,079,281455,26142,25422,988,26410,280
2021-08-30,San Mateo,081,765935,50009,48839,721,49560,554
2021-08-30,Santa Barbara,083,443738,40002,38998,1343,40341,481
2021-08-30,Santa Clara,085,1922200,136135,133281,1000,134281,1789
2021-08-30,Santa Cruz,087,273765,18669,18326,927,19253,210
2021-08-30,Shasta,089,179085,15983,15238,2319,17557,217
2021-08-30,Sierra,091,2930,118,91,13,104,0
2021-08-30,Siskiyou,093,43540,2604,2411,755,3166,33
2021-08-30,Solano,095,438530,41904,39986,1034,41020,290
2021-08-30,Sonoma,097,501317,37794,36764,453,37217,352
2021-08-30,Stanislaus,099,539301,67617,66173,7500,73673,1074
2021-08-30,Sutter,101,95872,12021,11791,158,11949,136
2021-08-30,Tehama,103,63373,6355,6085,898,6983,71
2021-08-30,Trinity,105,12862,631,468,159,627,3
2021-08-30,Tulare,107,460477,57114,55140,11311,66451,870
2021-08-30,Tuolumne,109,53932,5591,5492,63,5555,74
2021-08-30,Ventura,111,848112,91438,90149,3908,94057,1082
2021-08-30,Yolo,113,214977,17500,17071,743,17814,231
2021-08-30,Yuba,115,75493,8412,8129,177,8306,54
2021-08-29,Alameda,001,1643700,109453,107494,2444,109938,1296
2021-08-29,Alpine,002,1148,91,92,0,92,0
2021-08-29,Amador,005,37829,4618,4501,42,4543,53
2021-08-29,Butte,007,227075,16212,15602,2787,18389,214
2021-08-29,Calaveras,009,45235,3047,2970,19,2989,59
2021-08-29,Colusa,011,21464,2305,2260,490,2750,16
2021-08-29,Contra Costa,013,1133247,90401,87439,1758,89197,872
2021-08-29,Del Norte,015,27424,2962,2752,17,2769,11
2021-08-29,El Dorado,017,186661,13765,13166,1251,14417,119
2021-08-29,Fresno,019,978130,118584,115502,10330,125832,1790
2021-08-29,Glenn,021,27897,2901,2778,801,3579,20
2021-08-29,Humboldt,023,135768,7184,6922,240,7162,52
2021-08-29,Imperial,025,180216,30561,30293,2831,33124,750
2021-08-29,Inyo,027,18085,1555,1543,14,1557,39
2021-08-29,Kern,029,883053,109708,107324,15177,122501,1389
2021-08-29,Kings,031,150075,26914,26143,1411,27554,259
2021-08-29,Lake,033,64148,5496,5293,67,5360,74
2021-08-29,Lassen,035,31185,5804,5666,160,5826,21
2021-08-29,Los Angeles,037,10098052,1357667,1342541,48924,1391465,25263
2021-08-29,Madera,039,155013,19191,18594,1382,19976,247
2021-08-29,Marin,041,260295,7886,16134,351,16485,240
2021-08-29,Mariposa,043,17540,754,709,19,728,5
2021-08-29,Mendocino,045,87422,5926,5689,209,5898,55
2021-08-29,Merced,047,269075,35732,35250,1345,36595,497
2021-08-29,Modoc,049,8938,443,436,155,591,5
2021-08-29,Mono,051,14174,1417,1387,18,1405,3
2021-08-29,Monterey,053,433212,46068,45424,2311,47735,539
2021-08-29,Napa,055,140530,11664,11552,70,11622,87
2021-08-29,Nevada,057,99092,7608,7294,250,7544,82
2021-08-29,Orange,059,3164182,288417,284432,13282,297714,5223
2021-08-29,Placer,061,380077,31293,29674,2728,32402,319
2021-08-29,Plumas,063,18699,1051,996,17,1013,5
2021-08-29,Riverside,065,2383286,333284,326987,15262,342249,4623
2021-08-29,Sacramento,067,1510023,137969,133981,3025,137006,1843
2021-08-29,San Benito,069,59416,6715,6646,130,6776,64
2021-08-29,San Bernardino,071,2135413,328264,324266,10038,334304,5347
2021-08-29,San Diego,073,3302833,337002,332014,19743,351757,3880
2021-08-29,San Francisco,075,870044,47928,46885,1969,48854,581
2021-08-29,San Joaquin,077,732212,88177,85922,4556,90478,1528
2021-08-29,San Luis Obispo,079,281455,25944,25288,980,26268,280
2021-08-29,San Mateo,081,765935,49897,48737,716,49453,554
2021-08-29,Santa Barbara,083,443738,39836,38900,1339,40239,481
2021-08-29,Santa Clara,085,1922200,135782,132979,994,133973,1789
2021-08-29,Santa Cruz,087,273765,18622,18285,925,19210,210
2021-08-29,Shasta,089,179085,15829,15198,2292,17490,217
2021-08-29,Sierra,091,2930,116,91,13,104,0
2021-08-29,Siskiyou,093,43540,2557,2407,735,3142,33
2021-08-29,Solano,095,438530,41751,39887,1027,40914,290
2021-08-29,Sonoma,097,501317,37659,36650,449,37099,352
2021-08-29,Stanislaus,099,539301,67272,65956,7464,73420,1074
2021-08-29,Sutter,101,95872,11962,11719,151,11870,136
2021-08-29,Tehama,103,63373,6284,6040,875,6915,71
2021-08-29,Trinity,105,12862,628,468,156,624,3
2021-08-29,Tulare,107,460477,56780,54974,11227,66201,870
2021-08-29,Tuolumne,109,53932,5565,5478,62,5540,74
2021-08-29,Ventura,111,848112,91180,90114,3899,94013,1082
2021-08-29,Yolo,113,214977,17400,17015,730,17745,231
2021-08-29,Yuba,115,75493,8348,8042,177,8219,54
2021-08-28,Alameda,001,1643700,109290,107007,2435,109442,1296
2021-08-28,Alpine,002,1148,91,92,0,92,0
2021-08-28,Amador,005,37829,4599,4484,41,4525,53
2021-08-28,Butte,007,227075,16152,15487,2759,18246,214
2021-08-28,Calaveras,009,45235,3037,2926,19,2945,59
2021-08-28,Colusa,011,21464,2301,2252,488,2740,16
2021-08-28,Contra Costa,013,1133247,90190,86938,1755,88693,872
2021-08-28,Del Norte,015,27424,2935,2734,16,2750,11
2021-08-28,El Dorado,017,186661,13726,13089,1245,14334,119
2021-08-28,Fresno,019,978130,118342,115079,10298,125377,1792
2021-08-28,Glenn,021,27897,2892,2773,794,3567,20
2021-08-28,Humboldt,023,135768,7149,6887,235,7122,52
2021-08-28,Imperial,025,180216,30534,30260,2828,33088,750
2021-08-28,Inyo,027,18085,1553,1539,14,1553,39
2021-08-28,Kern,029,883053,109470,107012,15037,122049,1389
2021-08-28,Kings,031,150075,26847,26059,1408,27467,257
2021-08-28,Lake,033,64148,5473,5267,63,5330,74
2021-08-28,Lassen,035,31185,5789,5665,159,5824,21
2021-08-28,Los Angeles,037,10098052,1356451,1337097,48854,1385951,25234
2021-08-28,Madera,039,155013,19140,18553,1368,19921,247
2021-08-28,Marin,041,260295,7871,16106,351,16457,240
2021-08-28,Mariposa,043,17540,752,704,19,723,5
2021-08-28,Mendocino,045,87422,5901,5658,209,5867,55
2021-08-28,Merced,047,269075,35680,35108,1342,36450,497
2021-08-28,Modoc,049,8938,443,436,154,590,5
2021-08-28,Mono,051,14174,1414,1385,18,1403,3
2021-08-28,Monterey,053,433212,46026,45394,2306,47700,539
2021-08-28,Napa,055,140530,11641,11512,69,11581,88
2021-08-28,Nevada,057,99092,7584,7238,248,7486,82
2021-08-28,Orange,059,3164182,288060,283953,13234,297187,5222
2021-08-28,Placer,061,380077,31185,29428,2715,32143,319
2021-08-28,Plumas,063,18699,1044,991,17,1008,5
2021-08-28,Riverside,065,2383286,332695,326222,15252,341474,4623
2021-08-28,Sacramento,067,1510023,137578,132985,3007,135992,1844
2021-08-28,San Benito,069,59416,6708,6636,130,6766,64
2021-08-28,San Bernardino,071,2135413,327816,323672,10030,333702,5348
2021-08-28,San Diego,073,3302833,336418,331330,19707,351037,3880
2021-08-28,San Francisco,075,870044,47856,46654,1962,48616,581
2021-08-28,San Joaquin,077,732212,88007,85481,4547,90028,1527
2021-08-28,San Luis Obispo,079,281455,25877,25138,975,26113,280
2021-08-28,San Mateo,081,765935,49823,48575,712,49287,554
2021-08-28,Santa Barbara,083,443738,39765,38780,1339,40119,481
2021-08-28,Santa Clara,085,1922200,135576,132488,992,133480,1789
2021-08-28,Santa Cruz,087,273765,18604,18240,922,19162,210
2021-08-28,Shasta,089,179085,15726,15147,2274,17421,217
2021-08-28,Sierra,091,2930,112,91,13,104,0
2021-08-28,Siskiyou,093,43540,2549,2402,724,3126,33
2021-08-28,Solano,095,438530,41701,39610,1026,40636,290
2021-08-28,Sonoma,097,501317,37586,36466,447,36913,352
2021-08-28,Stanislaus,099,539301,67114,65670,7447,73117,1074
2021-08-28,Sutter,101,95872,11941,11669,150,11819,136
2021-08-28,Tehama,103,63373,6258,6004,864,6868,71
2021-08-28,Trinity,105,12862,624,463,155,618,3
2021-08-28,Tulare,107,460477,56650,54746,11185,65931,870
2021-08-28,Tuolumne,109,53932,5549,5469,62,5531,74
2021-08-28,Ventura,111,848112,91062,89934,3897,93831,1081
2021-08-28,Yolo,113,214977,17365,16907,723,17630,231
2021-08-28,Yuba,115,75493,8317,7985,176,8161,55
2021-08-27,Alameda,001,1643700,109080,106622,2433,109055,1296
2021-08-27,Alpine,002,1148,91,92,0,92,0
2021-08-27,Amador,005,37829,4583,4458,40,4498,53
2021-08-27,Butte,007,227075,16071,15277,2738,18015,214
2021-08-27,Calaveras,009,45235,3022,2903,19,2922,59
2021-08-27,Colusa,011,21464,2295,2240,486,2726,16
2021-08-27,Contra Costa,013,1133247,89992,86386,1752,88138,872
2021-08-27,Del Norte,015,27424,2903,2695,16,2711,11
2021-08-27,El Dorado,017,186661,13687,12968,1241,14209,119
2021-08-27,Fresno,019,978130,117906,114481,10277,124758,1774
2021-08-27,Glenn,021,27897,2874,2754,785,3539,20
2021-08-27,Humboldt,023,135768,7116,6782,232,7014,52
2021-08-27,Imperial,025,180216,30514,30201,2826,33027,750
2021-08-27,Inyo,027,18085,1552,1529,14,1543,39
2021-08-27,Kern,029,883053,109176,106570,14927,121497,1385
2021-08-27,Kings,031,150075,26768,25957,1406,27363,257
2021-08-27,Lake,033,64148,5448,5228,62,5290,74
2021-08-27,Lassen,035,31185,5773,5646,154,5800,21
2021-08-27,Los Angeles,037,10098052,1354922,1337006,48793,1385799,25230
2021-08-27,Madera,039,155013,19084,18476,1355,19831,247
2021-08-27,Marin,041,260295,7855,16055,349,16404,240
2021-08-27,Mariposa,043,17540,746,690,19,709,5
2021-08-27,Mendocino,045,87422,5870,5602,208,5810,55
2021-08-27,Merced,047,269075,35626,34906,1334,36240,495
2021-08-27,Modoc,049,8938,443,434,154,588,5
2021-08-27,Mono,051,14174,1409,1385,18,1403,3
2021-08-27,Monterey,053,433212,45977,45337,2298,47635,539
2021-08-27,Napa,055,140530,11607,11460,69,11529,87
2021-08-27,Nevada,057,99092,7544,7169,246,7415,82
2021-08-27,Orange,059,3164182,287700,283407,13195,296602,5206
2021-08-27,Placer,061,380077,31054,29157,2696,31853,320
2021-08-27,Plumas,063,18699,1038,984,17,1001,5
2021-08-27,Riverside,065,2383286,332177,325379,15237,340616,4622
2021-08-27,Sacramento,067,1510023,137143,131921,2994,134915,1838
2021-08-27,San Benito,069,59416,6702,6622,130,6752,64
2021-08-27,San Bernardino,071,2135413,327290,322893,10012,332905,5342
2021-08-27,San Diego,073,3302833,335637,330162,19653,349815,3877
2021-08-27,San Francisco,075,870044,47780,46456,1944,48400,581
2021-08-27,San Joaquin,077,732212,87824,84949,4528,89477,1524
2021-08-27,San Luis Obispo,079,281455,25828,24952,972,25924,280
2021-08-27,San Mateo,081,765935,49748,48424,708,49132,553
2021-08-27,Santa Barbara,083,443738,39673,38675,1337,40012,480
2021-08-27,Santa Clara,085,1922200,135347,132011,989,133000,1783
2021-08-27,Santa Cruz,087,273765,18564,18163,918,19081,210
2021-08-27,Shasta,089,179085,15647,14996,2258,17254,217
2021-08-27,Sierra,091,2930,111,91,13,104,0
2021-08-27,Siskiyou,093,43540,2534,2358,710,3068,33
2021-08-27,Solano,095,438530,41587,39347,1022,40369,287
2021-08-27,Sonoma,097,501317,37515,36326,446,36772,342
2021-08-27,Stanislaus,099,539301,66905,65167,7410,72577,1061
2021-08-27,Sutter,101,95872,11895,11590,148,11738,135
2021-08-27,Tehama,103,63373,6226,5964,849,6813,71
2021-08-27,Trinity,105,12862,624,458,154,612,3
2021-08-27,Tulare,107,460477,56514,54443,11140,65583,870
2021-08-27,Tuolumne,109,53932,5517,5438,62,5500,74
2021-08-27,Ventura,111,848112,90933,89774,3893,93667,1076
2021-08-27,Yolo,113,214977,17323,16805,718,17523,231
2021-08-27,Yuba,115,75493,8260,7926,176,8102,54
2021-08-26,Alameda,001,1643700,108812,106146,2424,108570,1296
2021-08-26,Alpine,002,1148,91,92,0,92,0
2021-08-26,Amador,005,37829,4568,4442,39,4481,53
2021-08-26,Butte,007,227075,15937,15159,2699,17858,214
2021-08-26,Calaveras,009,45235,3011,2873,19,2892,59
2021-08-26,Colusa,011,21464,2288,2234,482,2716,16
2021-08-26,Contra Costa,013,1133247,89632,85808,1746,87554,866
2021-08-26,Del Norte,015,27424,2867,2625,16,2641,8
2021-08-26,El Dorado,017,186661,13618,12863,1227,14090,118
2021-08-26,Fresno,019,978130,117404,113854,10222,124076,1770
2021-08-26,Glenn,021,27897,2856,2740,776,3516,20
2021-08-26,Humboldt,023,135768,7058,6695,222,6917,53
2021-08-26,Imperial,025,180216,30465,30121,2819,32940,748
2021-08-26,Inyo,027,18085,1542,1521,13,1534,39
2021-08-26,Kern,029,883053,108748,106051,14785,120836,1380
2021-08-26,Kings,031,150075,26645,25838,1397,27235,260
2021-08-26,Lake,033,64148,5402,5196,59,5255,74
2021-08-26,Lassen,035,31185,5761,5626,152,5778,21
2021-08-26,Los Angeles,037,10098052,1352647,1334372,48700,1383072,25199
2021-08-26,Madera,039,155013,19014,18393,1342,19735,247
2021-08-26,Marin,041,260295,7826,15983,346,16329,240
2021-08-26,Mariposa,043,17540,736,677,19,696,5
2021-08-26,Mendocino,045,87422,5832,5533,203,5736,55
2021-08-26,Merced,047,269075,35458,34755,1313,36068,495
2021-08-26,Modoc,049,8938,443,433,154,587,5
2021-08-26,Mono,051,14174,1405,1385,18,1403,3
2021-08-26,Monterey,053,433212,45904,45265,2287,47552,539
2021-08-26,Napa,055,140530,11584,11394,68,11462,87
2021-08-26,Nevada,057,99092,7487,7086,243,7329,80
2021-08-26,Orange,059,3164182,287208,282814,13171,295985,5200
2021-08-26,Placer,061,380077,30885,28898,2671,31569,319
2021-08-26,Plumas,063,18699,1031,971,16,987,5
2021-08-26,Riverside,065,2383286,331385,324486,15217,339703,4615
2021-08-26,Sacramento,067,1510023,136609,130977,2953,133930,1827
2021-08-26,San Benito,069,59416,6692,6604,130,6734,64
2021-08-26,San Bernardino,071,2135413,326632,322100,9987,332087,5339
2021-08-26,San Diego,073,3302833,334610,328276,19587,347863,3869
2021-08-26,San Francisco,075,870044,47654,46288,1938,48226,581
2021-08-26,San Joaquin,077,732212,87446,84429,4507,88936,1513
2021-08-26,San Luis Obispo,079,281455,25678,24831,965,25796,278
2021-08-26,San Mateo,081,765935,49619,48263,706,48969,553
2021-08-26,Santa Barbara,083,443738,39588,38566,1336,39902,479
2021-08-26,Santa Clara,085,1922200,135022,131443,985,132428,1782
2021-08-26,Santa Cruz,087,273765,18504,18072,916,18988,210
2021-08-26,Shasta,089,179085,15525,14891,2230,17121,217
2021-08-26,Sierra,091,2930,109,90,13,103,0
2021-08-26,Siskiyou,093,43540,2512,2342,697,3039,33
2021-08-26,Solano,095,438530,41438,39027,1013,40040,286
2021-08-26,Sonoma,097,501317,37426,36102,446,36548,337
2021-08-26,Stanislaus,099,539301,66605,64785,7369,72154,1061
2021-08-26,Sutter,101,95872,11835,11499,145,11644,135
2021-08-26,Tehama,103,63373,6168,5913,836,6749,68
2021-08-26,Trinity,105,12862,619,450,152,602,3
2021-08-26,Tulare,107,460477,56257,54157,11093,65250,870
2021-08-26,Tuolumne,109,53932,5497,5387,62,5449,74
2021-08-26,Ventura,111,848112,90747,89595,3884,93479,1080
2021-08-26,Yolo,113,214977,17258,16727,708,17435,231
2021-08-26,Yuba,115,75493,8187,7834,174,8008,54
2021-08-25,Alameda,001,1643700,108496,105636,2417,108053,1296
2021-08-25,Alpine,002,1148,91,92,0,92,0
2021-08-25,Amador,005,37829,4553,4415,39,4454,53
2021-08-25,Butte,007,227075,15829,15039,2656,17695,214
2021-08-25,Calaveras,009,45235,2992,2851,19,2870,59
2021-08-25,Colusa,011,21464,2281,2227,473,2700,16
2021-08-25,Contra Costa,013,1133247,89243,85322,1740,87062,863
2021-08-25,Del Norte,015,27424,2822,2573,16,2589,8
2021-08-25,El Dorado,017,186661,13558,12787,1212,13999,118
2021-08-25,Fresno,019,978130,116875,113384,10180,123564,1761
2021-08-25,Glenn,021,27897,2838,2728,761,3489,20
2021-08-25,Humboldt,023,135768,6989,6653,213,6866,52
2021-08-25,Imperial,025,180216,30428,30085,2813,32898,748
2021-08-25,Inyo,027,18085,1538,1518,13,1531,39
2021-08-25,Kern,029,883053,108317,105687,14630,120317,1379
2021-08-25,Kings,031,150075,26538,25676,1391,27067,258
2021-08-25,Lake,033,64148,5372,5163,56,5219,74
2021-08-25,Lassen,035,31185,5744,5583,151,5734,21
2021-08-25,Los Angeles,037,10098052,1350046,1331400,48603,1380003,25170
2021-08-25,Madera,039,155013,18950,18311,1320,19631,247
2021-08-25,Marin,041,260295,7804,15938,340,16278,240
2021-08-25,Mariposa,043,17540,730,676,19,695,5
2021-08-25,Mendocino,045,87422,5798,5486,197,5683,53
2021-08-25,Merced,047,269075,35326,34600,1300,35900,492
2021-08-25,Modoc,049,8938,443,433,154,587,5
2021-08-25,Mono,051,14174,1401,1382,18,1400,3
2021-08-25,Monterey,053,433212,45830,45196,2272,47468,539
2021-08-25,Napa,055,140530,11551,11348,67,11415,87
2021-08-25,Nevada,057,99092,7421,7000,242,7242,77
2021-08-25,Orange,059,3164182,286681,282061,13137,295198,5193
2021-08-25,Placer,061,380077,30712,28740,2638,31378,319
2021-08-25,Plumas,063,18699,1016,962,16,978,5
2021-08-25,Riverside,065,2383286,330541,323548,15195,338743,4610
2021-08-25,Sacramento,067,1510023,135926,130046,2914,132960,1827
2021-08-25,San Benito,069,59416,6671,6587,129,6716,64
2021-08-25,San Bernardino,071,2135413,325940,321228,9966,331194,5337
2021-08-25,San Diego,073,3302833,333342,327166,19502,346668,3859
2021-08-25,San Francisco,075,870044,47504,46107,1933,48040,578
2021-08-25,San Joaquin,077,732212,87061,84002,4490,88492,1510
2021-08-25,San Luis Obispo,079,281455,25486,24607,961,25568,276
2021-08-25,San Mateo,081,765935,49497,48153,703,48856,553
2021-08-25,Santa Barbara,083,443738,39459,38450,1336,39786,479
2021-08-25,Santa Clara,085,1922200,134654,130995,983,131978,1783
2021-08-25,Santa Cruz,087,273765,18444,17987,913,18900,210
2021-08-25,Shasta,089,179085,15399,14752,2198,16950,217
2021-08-25,Sierra,091,2930,106,90,13,103,0
2021-08-25,Siskiyou,093,43540,2467,2322,679,3001,33
2021-08-25,Solano,095,438530,41267,38848,1001,39849,286
2021-08-25,Sonoma,097,501317,37302,35986,443,36429,336
2021-08-25,Stanislaus,099,539301,66323,64441,7337,71778,1061
2021-08-25,Sutter,101,95872,11767,11451,141,11592,134
2021-08-25,Tehama,103,63373,6109,5861,819,6680,68
2021-08-25,Trinity,105,12862,613,450,151,601,3
2021-08-25,Tulare,107,460477,55973,53877,11023,64900,866
2021-08-25,Tuolumne,109,53932,5471,5354,62,5416,74
2021-08-25,Ventura,111,848112,90563,89379,3870,93249,1068
2021-08-25,Yolo,113,214977,17193,16667,698,17365,231
2021-08-25,Yuba,115,75493,8121,7771,173,7944,54
2021-08-24,Alameda,001,1643700,108187,105319,2405,107724,1296
2021-08-24,Alpine,002,1148,91,92,0,92,0
2021-08-24,Amador,005,37829,4534,4380,39,4419,50
2021-08-24,Butte,007,227075,15675,14964,2622,17586,214
2021-08-24,Calaveras,009,45235,2953,2811,19,2830,59
2021-08-24,Colusa,011,21464,2273,2221,468,2689,16
2021-08-24,Contra Costa,013,1133247,88880,84963,1735,86698,857
2021-08-24,Del Norte,015,27424,2795,2543,16,2559,8
2021-08-24,El Dorado,017,186661,13481,12732,1197,13929,118
2021-08-24,Fresno,019,978130,116266,113024,10117,123141,1761
2021-08-24,Glenn,021,27897,2823,2717,754,3471,20
2021-08-24,Humboldt,023,135768,6926,6585,200,6785,52
2021-08-24,Imperial,025,180216,30366,30045,2808,32853,748
2021-08-24,Inyo,027,18085,1533,1512,13,1525,39
2021-08-24,Kern,029,883053,107853,105399,14466,119865,1375
2021-08-24,Kings,031,150075,26417,25629,1376,27005,258
2021-08-24,Lake,033,64148,5337,5135,56,5191,72
2021-08-24,Lassen,035,31185,5728,5576,149,5725,21
2021-08-24,Los Angeles,037,10098052,1347182,1328777,48496,1377273,25135
2021-08-24,Madera,039,155013,18874,18251,1303,19554,247
2021-08-24,Marin,041,260295,7768,15900,336,16236,240
2021-08-24,Mariposa,043,17540,723,670,19,689,5
2021-08-24,Mendocino,045,87422,5755,5416,190,5606,52
2021-08-24,Merced,047,269075,35158,34490,1289,35779,491
2021-08-24,Modoc,049,8938,443,432,154,586,5
2021-08-24,Mono,051,14174,1399,1382,18,1400,3
2021-08-24,Monterey,053,433212,45764,45126,2255,47381,539
2021-08-24,Napa,055,140530,11519,11299,66,11365,85
2021-08-24,Nevada,057,99092,7351,6981,240,7221,77
2021-08-24,Orange,059,3164182,286080,281461,13113,294574,5187
2021-08-24,Placer,061,380077,30511,28618,2600,31218,318
2021-08-24,Plumas,063,18699,1006,953,16,969,5
2021-08-24,Riverside,065,2383286,329669,322620,15166,337786,4605
2021-08-24,Sacramento,067,1510023,135243,129542,2868,132410,1812
2021-08-24,San Benito,069,59416,6658,6576,129,6705,64
2021-08-24,San Bernardino,071,2135413,325185,320300,9937,330237,5328
2021-08-24,San Diego,073,3302833,331898,325823,19393,345216,3851
2021-08-24,San Francisco,075,870044,47329,46010,1923,47933,574
2021-08-24,San Joaquin,077,732212,86621,83684,4453,88137,1508
2021-08-24,San Luis Obispo,079,281455,25309,24443,950,25393,274
2021-08-24,San Mateo,081,765935,49348,48050,701,48751,553
2021-08-24,Santa Barbara,083,443738,39328,38307,1335,39642,478
2021-08-24,Santa Clara,085,1922200,134230,130763,978,131741,1779
2021-08-24,Santa Cruz,087,273765,18369,17928,907,18835,209
2021-08-24,Shasta,089,179085,15291,14664,2167,16831,217
2021-08-24,Sierra,091,2930,103,90,13,103,0
2021-08-24,Siskiyou,093,43540,2445,2294,664,2958,33
2021-08-24,Solano,095,438530,41058,38724,989,39713,283
2021-08-24,Sonoma,097,501317,37174,35849,441,36290,336
2021-08-24,Stanislaus,099,539301,65995,64195,7283,71478,1058
2021-08-24,Sutter,101,95872,11700,11384,138,11522,134
2021-08-24,Tehama,103,63373,6063,5826,805,6631,67
2021-08-24,Trinity,105,12862,602,446,143,589,3
2021-08-24,Tulare,107,460477,55621,53702,10933,64635,856
2021-08-24,Tuolumne,109,53932,5440,5287,62,5349,74
2021-08-24,Ventura,111,848112,90379,89167,3859,93026,1068
2021-08-24,Yolo,113,214977,17115,16492,685,17177,231
2021-08-24,Yuba,115,75493,8038,7723,171,7894,54
2021-08-23,Alameda,001,1643700,107779,104922,2392,107314,1294
2021-08-23,Alpine,002,1148,91,91,0,91,0
2021-08-23,Amador,005,37829,4520,4369,39,4408,50
2021-08-23,Butte,007,227075,15530,14847,2584,17431,211
2021-08-23,Calaveras,009,45235,2926,2803,19,2822,59
2021-08-23,Colusa,011,21464,2269,2206,465,2671,16
2021-08-23,Contra Costa,013,1133247,88503,84651,1728,86379,857
2021-08-23,Del Norte,015,27424,2749,2499,16,2515,8
2021-08-23,El Dorado,017,186661,13378,12684,1175,13859,118
2021-08-23,Fresno,019,978130,115701,112445,10067,122512,1759
2021-08-23,Glenn,021,27897,2807,2696,744,3440,20
2021-08-23,Humboldt,023,135768,6853,6498,186,6684,52
2021-08-23,Imperial,025,180216,30315,30011,2805,32816,748
2021-08-23,Inyo,027,18085,1526,1509,13,1522,39
2021-08-23,Kern,029,883053,107398,104995,14312,119307,1375
2021-08-23,Kings,031,150075,26286,25465,1370,26835,257
2021-08-23,Lake,033,64148,5297,5099,54,5153,69
2021-08-23,Lassen,035,31185,5716,5562,149,5711,21
2021-08-23,Los Angeles,037,10098052,1344210,1326412,48367,1374779,25096
2021-08-23,Madera,039,155013,18788,18155,1288,19443,246
2021-08-23,Marin,041,260295,7720,15856,332,16188,240
2021-08-23,Mariposa,043,17540,712,645,19,664,5
2021-08-23,Mendocino,045,87422,5688,5374,183,5557,51
2021-08-23,Merced,047,269075,34976,34322,1284,35606,488
2021-08-23,Modoc,049,8938,440,431,153,584,6
2021-08-23,Mono,051,14174,1395,1384,18,1402,3
2021-08-23,Monterey,053,433212,45664,45047,2245,47292,538
2021-08-23,Napa,055,140530,11481,11257,66,11323,85
2021-08-23,Nevada,057,99092,7270,6930,238,7168,77
2021-08-23,Orange,059,3164182,285446,280891,13079,293970,5181
2021-08-23,Placer,061,380077,30308,28540,2563,31103,314
2021-08-23,Plumas,063,18699,998,934,16,950,5
2021-08-23,Riverside,065,2383286,328751,321650,15140,336790,4598
2021-08-23,Sacramento,067,1510023,134455,128969,2801,131770,1807
2021-08-23,San Benito,069,59416,6640,6562,127,6689,64
2021-08-23,San Bernardino,071,2135413,324380,319577,9898,329475,5324
2021-08-23,San Diego,073,3302833,330465,324536,19270,343806,3848
2021-08-23,San Francisco,075,870044,47173,45945,1914,47859,573
2021-08-23,San Joaquin,077,732212,86189,83466,4420,87886,1499
2021-08-23,San Luis Obispo,079,281455,25126,24317,948,25265,274
2021-08-23,San Mateo,081,765935,49210,47935,698,48633,553
2021-08-23,Santa Barbara,083,443738,39149,38181,1333,39514,478
2021-08-23,Santa Clara,085,1922200,133830,130489,974,131463,1778
2021-08-23,Santa Cruz,087,273765,18312,17871,906,18777,209
2021-08-23,Shasta,089,179085,15164,14537,2129,16666,216
2021-08-23,Sierra,091,2930,103,90,13,103,0
2021-08-23,Siskiyou,093,43540,2424,2274,643,2917,33
2021-08-23,Solano,095,438530,40904,38612,980,39592,283
2021-08-23,Sonoma,097,501317,37053,35769,440,36209,336
2021-08-23,Stanislaus,099,539301,65660,63922,7244,71166,1058
2021-08-23,Sutter,101,95872,11612,11314,130,11444,133
2021-08-23,Tehama,103,63373,6009,5805,789,6594,67
2021-08-23,Trinity,105,12862,599,435,140,575,3
2021-08-23,Tulare,107,460477,55314,53370,10861,64231,856
2021-08-23,Tuolumne,109,53932,5398,5240,62,5302,73
2021-08-23,Ventura,111,848112,90161,88960,3847,92807,1063
2021-08-23,Yolo,113,214977,17026,16445,671,17116,226
2021-08-23,Yuba,115,75493,7967,7653,169,7822,54
2021-08-22,Alameda,001,1643700,107336,104539,2365,106904,1294
2021-08-22,Alpine,002,1148,91,91,0,91,0
2021-08-22,Amador,005,37829,4490,4349,39,4388,50
2021-08-22,Butte,007,227075,15391,14791,2549,17340,211
2021-08-22,Calaveras,009,45235,2889,2771,19,2790,59
2021-08-22,Colusa,011,21464,2262,2201,459,2660,16
2021-08-22,Contra Costa,013,1133247,87961,84371,1715,86086,857
2021-08-22,Del Norte,015,27424,2689,2455,16,2471,8
2021-08-22,El Dorado,017,186661,13274,12629,1155,13784,118
2021-08-22,Fresno,019,978130,115101,112057,9999,122056,1759
2021-08-22,Glenn,021,27897,2780,2678,731,3409,20
2021-08-22,Humboldt,023,135768,6775,6483,168,6651,52
2021-08-22,Imperial,025,180216,30257,29993,2800,32793,748
2021-08-22,Inyo,027,18085,1520,1505,13,1518,39
2021-08-22,Kern,029,883053,106872,104691,14160,118851,1375
2021-08-22,Kings,031,150075,26128,25391,1353,26744,257
2021-08-22,Lake,033,64148,5252,5069,51,5120,69
2021-08-22,Lassen,035,31185,5684,5556,145,5701,21
2021-08-22,Los Angeles,037,10098052,1340888,1324151,48237,1372388,25089
2021-08-22,Madera,039,155013,18669,18120,1274,19394,246
2021-08-22,Marin,041,260295,7668,15822,324,16146,240
2021-08-22,Mariposa,043,17540,702,638,17,655,5
2021-08-22,Mendocino,045,87422,5629,5336,183,5519,51
2021-08-22,Merced,047,269075,34773,34234,1270,35504,488
2021-08-22,Modoc,049,8938,438,431,153,584,6
2021-08-22,Mono,051,14174,1393,1378,18,1396,3
2021-08-22,Monterey,053,433212,45564,45017,2231,47248,538
2021-08-22,Napa,055,140530,11436,11231,66,11297,85
2021-08-22,Nevada,057,99092,7196,6864,236,7100,77
2021-08-22,Orange,059,3164182,284754,280390,13035,293425,5181
2021-08-22,Placer,061,380077,30104,28395,2525,30920,314
2021-08-22,Plumas,063,18699,980,923,15,938,5
2021-08-22,Riverside,065,2383286,327730,320836,15093,335929,4594
2021-08-22,Sacramento,067,1510023,133679,128231,2761,130992,1802
2021-08-22,San Benito,069,59416,6624,6550,127,6677,64
2021-08-22,San Bernardino,071,2135413,323413,318839,9863,328702,5324
2021-08-22,San Diego,073,3302833,329142,323591,19164,342755,3848
2021-08-22,San Francisco,075,870044,47007,45831,1905,47736,573
2021-08-22,San Joaquin,077,732212,85733,83121,4385,87506,1498
2021-08-22,San Luis Obispo,079,281455,24920,24250,941,25191,274
2021-08-22,San Mateo,081,765935,49034,47821,693,48514,553
2021-08-22,Santa Barbara,083,443738,38968,38099,1325,39424,478
2021-08-22,Santa Clara,085,1922200,133413,130189,967,131156,1778
2021-08-22,Santa Cruz,087,273765,18254,17823,901,18724,209
2021-08-22,Shasta,089,179085,15027,14478,2093,16571,216
2021-08-22,Sierra,091,2930,103,87,13,100,0
2021-08-22,Siskiyou,093,43540,2395,2261,625,2886,33
2021-08-22,Solano,095,438530,40706,38489,967,39456,283
2021-08-22,Sonoma,097,501317,36896,35676,438,36114,336
2021-08-22,Stanislaus,099,539301,65307,63683,7154,70837,1058
2021-08-22,Sutter,101,95872,11530,11251,126,11377,133
2021-08-22,Tehama,103,63373,5963,5791,770,6561,67
2021-08-22,Trinity,105,12862,592,433,138,571,3
2021-08-22,Tulare,107,460477,54995,53220,10778,63998,856
2021-08-22,Tuolumne,109,53932,5355,5214,62,5276,73
2021-08-22,Ventura,111,848112,89952,88791,3830,92621,1063
2021-08-22,Yolo,113,214977,16922,16374,664,17038,226
2021-08-22,Yuba,115,75493,7894,7626,168,7794,54
2021-08-21,Alameda,001,1643700,107135,104281,2359,106640,1294
2021-08-21,Alpine,002,1148,91,91,0,91,0
2021-08-21,Amador,005,37829,4480,4338,38,4376,50
2021-08-21,Butte,007,227075,15323,14714,2530,17244,211
2021-08-21,Calaveras,009,45235,2873,2744,19,2763,59
2021-08-21,Colusa,011,21464,2256,2192,455,2647,16
2021-08-21,Contra Costa,013,1133247,87701,84136,1707,85843,857
2021-08-21,Del Norte,015,27424,2666,2409,16,2425,8
2021-08-21,El Dorado,017,186661,13230,12590,1151,13741,118
2021-08-21,Fresno,019,978130,114899,111765,9987,121752,1759
2021-08-21,Glenn,021,27897,2767,2654,723,3377,20
2021-08-21,Humboldt,023,135768,6737,6446,163,6609,52
2021-08-21,Imperial,025,180216,30215,29976,2797,32773,748
2021-08-21,Inyo,027,18085,1517,1500,13,1513,39
2021-08-21,Kern,029,883053,106617,104443,14037,118480,1375
2021-08-21,Kings,031,150075,26057,25313,1348,26661,257
2021-08-21,Lake,033,64148,5231,5055,49,5104,69
2021-08-21,Lassen,035,31185,5670,5553,145,5698,21
2021-08-21,Los Angeles,037,10098052,1339590,1321308,48145,1369453,25080
2021-08-21,Madera,039,155013,18631,18067,1268,19335,246
2021-08-21,Marin,041,260295,7634,15775,322,16097,240
2021-08-21,Mariposa,043,17540,692,634,17,651,5
2021-08-21,Mendocino,045,87422,5583,5307,182,5489,51
2021-08-21,Merced,047,269075,34668,34148,1265,35413,488
2021-08-21,Modoc,049,8938,438,430,153,583,6
2021-08-21,Mono,051,14174,1393,1378,18,1396,3
2021-08-21,Monterey,053,433212,45517,44969,2224,47193,538
2021-08-21,Napa,055,140530,11401,11211,66,11277,85
2021-08-21,Nevada,057,99092,7152,6810,235,7045,77
2021-08-21,Orange,059,3164182,284302,279855,13001,292856,5181
2021-08-21,Placer,061,380077,29960,28289,2502,30791,314
2021-08-21,Plumas,063,18699,976,916,14,930,5
2021-08-21,Riverside,065,2383286,327150,320086,15080,335166,4594
2021-08-21,Sacramento,067,1510023,133183,127751,2749,130500,1809
2021-08-21,San Benito,069,59416,6614,6542,126,6668,64
2021-08-21,San Bernardino,071,2135413,322964,318293,9842,328135,5324
2021-08-21,San Diego,073,3302833,328486,322620,19115,341735,3848
2021-08-21,San Francisco,075,870044,46905,45637,1898,47535,573
2021-08-21,San Joaquin,077,732212,85515,82825,4369,87194,1498
2021-08-21,San Luis Obispo,079,281455,24862,24169,941,25110,273
2021-08-21,San Mateo,081,765935,48939,47685,693,48378,553
2021-08-21,Santa Barbara,083,443738,38886,37951,1321,39272,478
2021-08-21,Santa Clara,085,1922200,133148,129911,963,130874,1778
2021-08-21,Santa Cruz,087,273765,18217,17763,896,18659,209
2021-08-21,Shasta,089,179085,14953,14417,2079,16496,217
2021-08-21,Sierra,091,2930,98,85,13,98,0
2021-08-21,Siskiyou,093,43540,2381,2246,614,2860,33
2021-08-21,Solano,095,438530,40595,38423,957,39380,281
2021-08-21,Sonoma,097,501317,36809,35582,437,36019,336
2021-08-21,Stanislaus,099,539301,65125,63512,7137,70649,1058
2021-08-21,Sutter,101,95872,11485,11204,124,11328,133
2021-08-21,Tehama,103,63373,5938,5757,763,6520,67
2021-08-21,Trinity,105,12862,587,431,136,567,3
2021-08-21,Tulare,107,460477,54850,53045,10735,63780,857
2021-08-21,Tuolumne,109,53932,5324,5193,62,5255,73
2021-08-21,Ventura,111,848112,89807,88558,3815,92373,1063
2021-08-21,Yolo,113,214977,16875,16322,658,16980,226
2021-08-21,Yuba,115,75493,7848,7580,167,7747,54
2021-08-20,Alameda,001,1643700,106899,103812,2351,106163,1294
2021-08-20,Alpine,002,1148,91,91,0,91,0
2021-08-20,Amador,005,37829,4454,4323,38,4361,50
2021-08-20,Butte,007,227075,15250,14617,2506,17123,211
2021-08-20,Calaveras,009,45235,2853,2717,19,2736,59
2021-08-20,Colusa,011,21464,2251,2178,453,2631,16
2021-08-20,Contra Costa,013,1133247,87426,83721,1700,85421,857
2021-08-20,Del Norte,015,27424,2634,2316,16,2332,8
2021-08-20,El Dorado,017,186661,13192,12495,1143,13638,118
2021-08-20,Fresno,019,978130,114539,111315,9953,121268,1759
2021-08-20,Glenn,021,27897,2760,2642,713,3355,20
2021-08-20,Humboldt,023,135768,6685,6349,158,6507,52
2021-08-20,Imperial,025,180216,30192,29934,2797,32731,747
2021-08-20,Inyo,027,18085,1511,1495,13,1508,39
2021-08-20,Kern,029,883053,106334,104048,13909,117957,1373
2021-08-20,Kings,031,150075,25992,25241,1346,26587,256
2021-08-20,Lake,033,64148,5216,5024,46,5070,69
2021-08-20,Lassen,035,31185,5650,5539,145,5684,21
2021-08-20,Los Angeles,037,10098052,1337711,1317541,48045,1365586,25049
2021-08-20,Madera,039,155013,18582,18018,1253,19271,246
2021-08-20,Marin,041,260295,7616,15727,318,16045,240
2021-08-20,Mariposa,043,17540,687,630,17,647,5
2021-08-20,Mendocino,045,87422,5537,5241,181,5422,51
2021-08-20,Merced,047,269075,34604,34035,1255,35290,486
2021-08-20,Modoc,049,8938,438,429,153,582,6
2021-08-20,Mono,051,14174,1392,1368,18,1386,3
2021-08-20,Monterey,053,433212,45479,44890,2218,47108,538
2021-08-20,Napa,055,140530,11369,11152,66,11218,83
2021-08-20,Nevada,057,99092,7110,6753,229,6982,77
2021-08-20,Orange,059,3164182,283857,279193,12980,292173,5179
2021-08-20,Placer,061,380077,29865,28156,2474,30630,313
2021-08-20,Plumas,063,18699,966,908,14,922,5
2021-08-20,Riverside,065,2383286,326454,319072,15049,334121,4594
2021-08-20,Sacramento,067,1510023,132707,127226,2731,129957,1797
2021-08-20,San Benito,069,59416,6600,6508,126,6634,64
2021-08-20,San Bernardino,071,2135413,322353,317372,9813,327185,5322
2021-08-20,San Diego,073,3302833,327577,321102,19045,340147,3846
2021-08-20,San Francisco,075,870044,46809,45432,1883,47315,573
2021-08-20,San Joaquin,077,732212,85284,82419,4350,86769,1496
2021-08-20,San Luis Obispo,079,281455,24784,23986,937,24923,273
2021-08-20,San Mateo,081,765935,48826,47561,690,48251,551
2021-08-20,Santa Barbara,083,443738,38800,37794,1316,39110,477
2021-08-20,Santa Clara,085,1922200,132866,129510,958,130468,1774
2021-08-20,Santa Cruz,087,273765,18177,17701,893,18594,209
2021-08-20,Shasta,089,179085,14872,14277,2061,16338,215
2021-08-20,Sierra,091,2930,97,83,13,96,0
2021-08-20,Siskiyou,093,43540,2365,2226,609,2835,33
2021-08-20,Solano,095,438530,40455,38214,946,39160,277
2021-08-20,Sonoma,097,501317,36741,35416,436,35852,336
2021-08-20,Stanislaus,099,539301,64936,63219,7113,70332,1047
2021-08-20,Sutter,101,95872,11429,11136,123,11259,133
2021-08-20,Tehama,103,63373,5922,5730,751,6481,66
2021-08-20,Trinity,105,12862,587,422,135,557,3
2021-08-20,Tulare,107,460477,54719,52855,10692,63547,856
2021-08-20,Tuolumne,109,53932,5300,5153,61,5214,73
2021-08-20,Ventura,111,848112,89639,88285,3812,92097,1061
2021-08-20,Yolo,113,214977,16820,16236,652,16888,225
2021-08-20,Yuba,115,75493,7807,7523,167,7690,54
2021-08-19,Alameda,001,1643700,106454,103276,2329,105605,1294
2021-08-19,Alpine,002,1148,91,91,0,91,0
2021-08-19,Amador,005,37829,4447,4317,38,4355,50
2021-08-19,Butte,007,227075,15116,14518,2478,16996,211
2021-08-19,Calaveras,009,45235,2831,2673,19,2692,59
2021-08-19,Colusa,011,21464,2242,2167,448,2615,16
2021-08-19,Contra Costa,013,1133247,86987,83296,1687,84983,852
2021-08-19,Del Norte,015,27424,2584,2257,16,2273,8
2021-08-19,El Dorado,017,186661,13106,12410,1124,13534,118
2021-08-19,Fresno,019,978130,114092,110947,9899,120846,1759
2021-08-19,Glenn,021,27897,2742,2629,706,3335,20
2021-08-19,Humboldt,023,135768,6624,6246,152,6398,52
2021-08-19,Imperial,025,180216,30146,29865,2792,32657,747
2021-08-19,Inyo,027,18085,1504,1494,13,1507,39
2021-08-19,Kern,029,883053,105938,103731,13768,117499,1371
2021-08-19,Kings,031,150075,25861,25128,1334,26462,256
2021-08-19,Lake,033,64148,5184,4991,42,5033,69
2021-08-19,Lassen,035,31185,5632,5520,144,5664,21
2021-08-19,Los Angeles,037,10098052,1334727,1314453,47906,1362359,25020
2021-08-19,Madera,039,155013,18520,17947,1238,19185,246
2021-08-19,Marin,041,260295,7583,15672,315,15987,240
2021-08-19,Mariposa,043,17540,672,618,17,635,5
2021-08-19,Mendocino,045,87422,5504,5167,178,5345,51
2021-08-19,Merced,047,269075,34469,33851,1241,35092,486
2021-08-19,Modoc,049,8938,438,427,153,580,6
2021-08-19,Mono,051,14174,1388,1349,18,1367,3
2021-08-19,Monterey,053,433212,45406,44821,2208,47029,538
2021-08-19,Napa,055,140530,11317,11104,66,11170,83
2021-08-19,Nevada,057,99092,7047,6695,226,6921,77
2021-08-19,Orange,059,3164182,283219,278562,12929,291491,5172
2021-08-19,Placer,061,380077,29683,27953,2454,30407,313
2021-08-19,Plumas,063,18699,953,896,14,910,5
2021-08-19,Riverside,065,2383286,325422,318056,15020,333076,4589
2021-08-19,Sacramento,067,1510023,132003,126720,2695,129415,1801
2021-08-19,San Benito,069,59416,6583,6493,125,6618,64
2021-08-19,San Bernardino,071,2135413,321529,316398,9790,326188,5318
2021-08-19,San Diego,073,3302833,326326,319582,18947,338529,3839
2021-08-19,San Francisco,075,870044,46646,45220,1870,47090,571
2021-08-19,San Joaquin,077,732212,84834,82047,4301,86348,1491
2021-08-19,San Luis Obispo,079,281455,24646,23878,930,24808,271
2021-08-19,San Mateo,081,765935,48694,47431,689,48120,551
2021-08-19,Santa Barbara,083,443738,38655,37693,1313,39006,477
2021-08-19,Santa Clara,085,1922200,132476,129133,951,130084,1774
2021-08-19,Santa Cruz,087,273765,18114,17644,886,18530,209
2021-08-19,Shasta,089,179085,14748,14200,2038,16238,214
2021-08-19,Sierra,091,2930,93,83,13,96,0
2021-08-19,Siskiyou,093,43540,2350,2218,597,2815,33
2021-08-19,Solano,095,438530,40297,38025,935,38960,273
2021-08-19,Sonoma,097,501317,36653,35233,435,35668,336
2021-08-19,Stanislaus,099,539301,64592,62928,7069,69997,1047
2021-08-19,Sutter,101,95872,11344,11057,122,11179,133
2021-08-19,Tehama,103,63373,5886,5683,725,6408,66
2021-08-19,Trinity,105,12862,583,414,133,547,3
2021-08-19,Tulare,107,460477,54487,52685,10629,63314,856
2021-08-19,Tuolumne,109,53932,5264,5112,60,5172,64
2021-08-19,Ventura,111,848112,89436,88073,3798,91871,1060
2021-08-19,Yolo,113,214977,16735,16153,644,16797,225
2021-08-19,Yuba,115,75493,7755,7458,166,7624,51
2021-08-18,Alameda,001,1643700,106048,102696,2308,105004,1294
2021-08-18,Alpine,002,1148,90,91,0,91,0
2021-08-18,Amador,005,37829,4431,4279,37,4316,50
2021-08-18,Butte,007,227075,15007,14426,2447,16873,208
2021-08-18,Calaveras,009,45235,2792,2643,18,2661,59
2021-08-18,Colusa,011,21464,2234,2160,444,2604,16
2021-08-18,Contra Costa,013,1133247,86488,82767,1681,84448,851
2021-08-18,Del Norte,015,27424,2527,2219,16,2235,8
2021-08-18,El Dorado,017,186661,13016,12306,1110,13416,118
2021-08-18,Fresno,019,978130,113636,110523,9838,120361,1759
2021-08-18,Glenn,021,27897,2709,2623,698,3321,20
2021-08-18,Humboldt,023,135768,6553,6195,147,6342,52
2021-08-18,Imperial,025,180216,30113,29821,2790,32611,746
2021-08-18,Inyo,027,18085,1501,1494,13,1507,39
2021-08-18,Kern,029,883053,105591,103440,13674,117114,1370
2021-08-18,Kings,031,150075,25752,24984,1327,26311,256
2021-08-18,Lake,033,64148,5143,4957,41,4998,69
2021-08-18,Lassen,035,31185,5613,5506,143,5649,21
2021-08-18,Los Angeles,037,10098052,1331573,1311477,47776,1359253,24984
2021-08-18,Madera,039,155013,18461,17871,1225,19096,246
2021-08-18,Marin,041,260295,7545,15610,312,15922,240
2021-08-18,Mariposa,043,17540,659,615,16,631,5
2021-08-18,Mendocino,045,87422,5453,5129,176,5305,51
2021-08-18,Merced,047,269075,34305,33708,1230,34938,484
2021-08-18,Modoc,049,8938,438,427,152,579,6
2021-08-18,Mono,051,14174,1385,1344,18,1362,3
2021-08-18,Monterey,053,433212,45322,44735,2191,46926,532
2021-08-18,Napa,055,140530,11278,11060,65,11125,83
2021-08-18,Nevada,057,99092,6981,6633,226,6859,76
2021-08-18,Orange,059,3164182,282579,277795,12877,290672,5168
2021-08-18,Placer,061,380077,29456,27741,2426,30167,312
2021-08-18,Plumas,063,18699,944,874,14,888,5
2021-08-18,Riverside,065,2383286,324423,317107,14987,332094,4585
2021-08-18,Sacramento,067,1510023,131242,125599,2662,128261,1781
2021-08-18,San Benito,069,59416,6572,6481,124,6605,64
2021-08-18,San Bernardino,071,2135413,320730,315477,9771,325248,5304
2021-08-18,San Diego,073,3302833,324986,318152,18881,337033,3834
2021-08-18,San Francisco,075,870044,46444,44957,1861,46818,568
2021-08-18,San Joaquin,077,732212,84381,81601,4270,85871,1491
2021-08-18,San Luis Obispo,079,281455,24496,23726,917,24643,270
2021-08-18,San Mateo,081,765935,48530,47255,688,47943,551
2021-08-18,Santa Barbara,083,443738,38525,37599,1307,38906,475
2021-08-18,Santa Clara,085,1922200,132112,128563,948,129511,1773
2021-08-18,Santa Cruz,087,273765,18059,17566,882,18448,209
2021-08-18,Shasta,089,179085,14649,14087,2019,16106,213
2021-08-18,Sierra,091,2930,92,83,13,96,0
2021-08-18,Siskiyou,093,43540,2321,2204,585,2789,33
2021-08-18,Solano,095,438530,40092,37812,920,38732,271
2021-08-18,Sonoma,097,501317,36509,35063,434,35497,333
2021-08-18,Stanislaus,099,539301,64261,62613,7026,69639,1047
2021-08-18,Sutter,101,95872,11272,11004,117,11121,130
2021-08-18,Tehama,103,63373,5851,5653,715,6368,66
2021-08-18,Trinity,105,12862,576,409,130,539,3
2021-08-18,Tulare,107,460477,54249,52486,10560,63046,856
2021-08-18,Tuolumne,109,53932,5228,5081,58,5139,64
2021-08-18,Ventura,111,848112,89204,87835,3788,91623,1055
2021-08-18,Yolo,113,214977,16652,16047,626,16673,225
2021-08-18,Yuba,115,75493,7690,7391,166,7557,51
2021-08-17,Alameda,001,1643700,105650,102379,2293,104672,1290
2021-08-17,Alpine,002,1148,90,91,0,91,0
2021-08-17,Amador,005,37829,4402,4266,37,4303,50
2021-08-17,Butte,007,227075,14900,14357,2414,16771,206
2021-08-17,Calaveras,009,45235,2758,2624,18,2642,59
2021-08-17,Colusa,011,21464,2225,2156,440,2596,16
2021-08-17,Contra Costa,013,1133247,86039,82482,1671,84153,848
2021-08-17,Del Norte,015,27424,2473,2188,16,2204,8
2021-08-17,El Dorado,017,186661,12929,12242,1096,13338,118
2021-08-17,Fresno,019,978130,113152,110263,9775,120038,1755
2021-08-17,Glenn,021,27897,2695,2608,689,3297,20
2021-08-17,Humboldt,023,135768,6473,6155,145,6300,52
2021-08-17,Imperial,025,180216,30062,29768,2786,32554,746
2021-08-17,Inyo,027,18085,1498,1492,13,1505,39
2021-08-17,Kern,029,883053,105197,103048,13553,116601,1367
2021-08-17,Kings,031,150075,25647,24930,1316,26246,254
2021-08-17,Lake,033,64148,5100,4930,35,4965,68
2021-08-17,Lassen,035,31185,5596,5499,141,5640,21
2021-08-17,Los Angeles,037,10098052,1328005,1307999,47649,1355648,24952
2021-08-17,Madera,039,155013,18387,17838,1207,19045,246
2021-08-17,Marin,041,260295,7489,15570,312,15882,240
2021-08-17,Mariposa,043,17540,651,609,15,624,5
2021-08-17,Mendocino,045,87422,5398,5097,176,5273,51
2021-08-17,Merced,047,269075,34155,33508,1219,34727,482
2021-08-17,Modoc,049,8938,435,424,150,574,6
2021-08-17,Mono,051,14174,1380,1341,18,1359,3
2021-08-17,Monterey,053,433212,45238,44672,2181,46853,528
2021-08-17,Napa,055,140530,11237,11007,64,11071,83
2021-08-17,Nevada,057,99092,6906,6605,224,6829,75
2021-08-17,Orange,059,3164182,281934,277121,12841,289962,5164
2021-08-17,Placer,061,380077,29244,27634,2397,30031,312
2021-08-17,Plumas,063,18699,932,860,14,874,5
2021-08-17,Riverside,065,2383286,323410,316051,14944,330995,4582
2021-08-17,Sacramento,067,1510023,130448,125151,2620,127771,1774
2021-08-17,San Benito,069,59416,6553,6470,124,6594,64
2021-08-17,San Bernardino,071,2135413,319791,314402,9731,324133,5302
2021-08-17,San Diego,073,3302833,323376,317058,18783,335841,3824
2021-08-17,San Francisco,075,870044,46245,44820,1855,46675,567
2021-08-17,San Joaquin,077,732212,83913,81300,4236,85536,1489
2021-08-17,San Luis Obispo,079,281455,24340,23556,914,24470,268
2021-08-17,San Mateo,081,765935,48375,47127,683,47810,551
2021-08-17,Santa Barbara,083,443738,38366,37478,1300,38778,475
2021-08-17,Santa Clara,085,1922200,131709,128354,942,129296,1773
2021-08-17,Santa Cruz,087,273765,17974,17528,881,18409,209
2021-08-17,Shasta,089,179085,14518,14012,2000,16012,214
2021-08-17,Sierra,091,2930,91,82,13,95,0
2021-08-17,Siskiyou,093,43540,2305,2183,572,2755,33
2021-08-17,Solano,095,438530,39863,37662,907,38569,269
2021-08-17,Sonoma,097,501317,36361,34943,430,35373,333
2021-08-17,Stanislaus,099,539301,63920,62385,6967,69352,1047
2021-08-17,Sutter,101,95872,11200,10973,117,11090,130
2021-08-17,Tehama,103,63373,5817,5612,694,6306,66
2021-08-17,Trinity,105,12862,571,406,128,534,3
2021-08-17,Tulare,107,460477,53981,52362,10495,62857,856
2021-08-17,Tuolumne,109,53932,5185,5042,57,5099,64
2021-08-17,Ventura,111,848112,88965,87601,3767,91368,1053
2021-08-17,Yolo,113,214977,16563,15975,612,16587,225
2021-08-17,Yuba,115,75493,7618,7355,166,7521,51
2021-08-16,Alameda,001,1643700,105153,102052,2285,104337,1287
2021-08-16,Alpine,002,1148,90,91,0,91,0
2021-08-16,Amador,005,37829,4392,4235,37,4272,50
2021-08-16,Butte,007,227075,14783,14283,2377,16660,206
2021-08-16,Calaveras,009,45235,2699,2609,17,2626,57
2021-08-16,Colusa,011,21464,2214,2147,436,2583,16
2021-08-16,Contra Costa,013,1133247,85496,82070,1661,83731,848
2021-08-16,Del Norte,015,27424,2396,2125,16,2141,8
2021-08-16,El Dorado,017,186661,12828,12139,1083,13222,118
2021-08-16,Fresno,019,978130,112653,109623,9723,119346,1753
2021-08-16,Glenn,021,27897,2676,2593,683,3276,20
2021-08-16,Humboldt,023,135768,6402,6064,124,6188,52
2021-08-16,Imperial,025,180216,30021,29737,2772,32509,746
2021-08-16,Inyo,027,18085,1495,1490,13,1503,39
2021-08-16,Kern,029,883053,104822,102690,13437,116127,1367
2021-08-16,Kings,031,150075,25544,24817,1307,26124,254
2021-08-16,Lake,033,64148,5073,4898,34,4932,68
2021-08-16,Lassen,035,31185,5580,5481,133,5614,21
2021-08-16,Los Angeles,037,10098052,1324622,1305330,47509,1352839,24923
2021-08-16,Madera,039,155013,18312,17756,1186,18942,246
2021-08-16,Marin,041,260295,7430,15497,311,15808,239
2021-08-16,Mariposa,043,17540,634,597,15,612,5
2021-08-16,Mendocino,045,87422,5342,5037,174,5211,49
2021-08-16,Merced,047,269075,33954,33364,1206,34570,481
2021-08-16,Modoc,049,8938,433,421,149,570,5
2021-08-16,Mono,051,14174,1375,1339,18,1357,3
2021-08-16,Monterey,053,433212,45159,44595,2169,46764,527
2021-08-16,Napa,055,140530,11208,10946,64,11010,83
2021-08-16,Nevada,057,99092,6850,6535,223,6758,74
2021-08-16,Orange,059,3164182,281142,275985,12795,288780,5161
2021-08-16,Placer,061,380077,29060,27384,2365,29749,306
2021-08-16,Plumas,063,18699,921,851,14,865,5
2021-08-16,Riverside,065,2383286,322317,314774,14907,329681,4582
2021-08-16,Sacramento,067,1510023,129638,124554,2577,127131,1762
2021-08-16,San Benito,069,59416,6529,6452,124,6576,64
2021-08-16,San Bernardino,071,2135413,318824,313617,9704,323321,5301
2021-08-16,San Diego,073,3302833,321778,315348,18643,333991,3824
2021-08-16,San Francisco,075,870044,46042,44681,1848,46529,567
2021-08-16,San Joaquin,077,732212,83409,81087,4208,85295,1488
2021-08-16,San Luis Obispo,079,281455,24190,23452,906,24358,265
2021-08-16,San Mateo,081,765935,48192,47024,677,47701,548
2021-08-16,Santa Barbara,083,443738,38196,37358,1295,38653,475
2021-08-16,Santa Clara,085,1922200,131245,127978,938,128916,1773
2021-08-16,Santa Cruz,087,273765,17910,17491,875,18366,209
2021-08-16,Shasta,089,179085,14429,13862,1984,15846,211
2021-08-16,Sierra,091,2930,88,82,13,95,0
2021-08-16,Siskiyou,093,43540,2288,2169,552,2721,33
2021-08-16,Solano,095,438530,39583,37436,895,38331,263
2021-08-16,Sonoma,097,501317,36193,34844,427,35271,333
2021-08-16,Stanislaus,099,539301,63581,62033,6915,68948,1039
2021-08-16,Sutter,101,95872,11131,10902,116,11018,130
2021-08-16,Tehama,103,63373,5754,5565,689,6254,66
2021-08-16,Trinity,105,12862,565,400,127,527,3
2021-08-16,Tulare,107,460477,53737,52162,10427,62589,856
2021-08-16,Tuolumne,109,53932,5146,4984,56,5040,64
2021-08-16,Ventura,111,848112,88720,86954,3749,90703,1052
2021-08-16,Yolo,113,214977,16462,15922,604,16526,225
2021-08-16,Yuba,115,75493,7534,7314,165,7479,51
2021-08-15,Alameda,001,1643700,104670,101660,2268,103928,1287
2021-08-15,Alpine,002,1148,90,91,0,91,0
2021-08-15,Amador,005,37829,4364,4231,37,4268,49
2021-08-15,Butte,007,227075,14660,14263,2353,16616,206
2021-08-15,Calaveras,009,45235,2658,2599,17,2616,57
2021-08-15,Colusa,011,21464,2202,2140,426,2566,16
2021-08-15,Contra Costa,013,1133247,85012,81781,1646,83427,848
2021-08-15,Del Norte,015,27424,2329,2060,16,2076,8
2021-08-15,El Dorado,017,186661,12693,12057,1066,13123,118
2021-08-15,Fresno,019,978130,112171,109382,9657,119039,1753
2021-08-15,Glenn,021,27897,2653,2592,671,3263,20
2021-08-15,Humboldt,023,135768,6328,6024,118,6142,52
2021-08-15,Imperial,025,180216,29955,29711,2768,32479,746
2021-08-15,Inyo,027,18085,1494,1489,13,1502,39
2021-08-15,Kern,029,883053,104378,102524,13325,115849,1367
2021-08-15,Kings,031,150075,25398,24736,1297,26033,254
2021-08-15,Lake,033,64148,5014,4886,33,4919,68
2021-08-15,Lassen,035,31185,5563,5482,132,5614,21
2021-08-15,Los Angeles,037,10098052,1321087,1302882,47340,1350222,24918
2021-08-15,Madera,039,155013,18224,17714,1170,18884,246
2021-08-15,Marin,041,260295,7371,15461,309,15770,239
2021-08-15,Mariposa,043,17540,627,591,14,605,5
2021-08-15,Mendocino,045,87422,5285,5022,168,5190,49
2021-08-15,Merced,047,269075,33710,33305,1195,34500,481
2021-08-15,Modoc,049,8938,431,421,149,570,5
2021-08-15,Mono,051,14174,1371,1334,18,1352,3
2021-08-15,Monterey,053,433212,45037,44567,2148,46715,527
2021-08-15,Napa,055,140530,11153,10919,64,10983,83
2021-08-15,Nevada,057,99092,6765,6486,223,6709,74
2021-08-15,Orange,059,3164182,280372,275447,12754,288201,5161
2021-08-15,Placer,061,380077,28834,27220,2317,29537,306
2021-08-15,Plumas,063,18699,909,850,14,864,5
2021-08-15,Riverside,065,2383286,321179,314133,14880,329013,4582
2021-08-15,Sacramento,067,1510023,128819,123924,2545,126469,1761
2021-08-15,San Benito,069,59416,6511,6446,123,6569,64
2021-08-15,San Bernardino,071,2135413,317752,313120,9673,322793,5301
2021-08-15,San Diego,073,3302833,320306,314247,18516,332763,3824
2021-08-15,San Francisco,075,870044,45817,44531,1833,46364,567
2021-08-15,San Joaquin,077,732212,82921,80832,4169,85001,1488
2021-08-15,San Luis Obispo,079,281455,23994,23404,896,24300,265
2021-08-15,San Mateo,081,765935,48005,46897,671,47568,548
2021-08-15,Santa Barbara,083,443738,38024,37276,1288,38564,475
2021-08-15,Santa Clara,085,1922200,130811,127715,932,128647,1773
2021-08-15,Santa Cruz,087,273765,17840,17440,868,18308,209
2021-08-15,Shasta,089,179085,14326,13835,1959,15794,211
2021-08-15,Sierra,091,2930,87,82,12,94,0
2021-08-15,Siskiyou,093,43540,2267,2169,538,2707,33
2021-08-15,Solano,095,438530,39327,37320,884,38204,263
2021-08-15,Sonoma,097,501317,35997,34706,419,35125,333
2021-08-15,Stanislaus,099,539301,63212,61795,6838,68633,1039
2021-08-15,Sutter,101,95872,11040,10863,116,10979,130
2021-08-15,Tehama,103,63373,5705,5550,683,6233,66
2021-08-15,Trinity,105,12862,561,400,126,526,3
2021-08-15,Tulare,107,460477,53482,52046,10368,62414,856
2021-08-15,Tuolumne,109,53932,5108,4934,54,4988,64
2021-08-15,Ventura,111,848112,88415,86797,3734,90531,1052
2021-08-15,Yolo,113,214977,16367,15873,594,16467,225
2021-08-15,Yuba,115,75493,7457,7265,164,7429,51
2021-08-14,Alameda,001,1643700,104454,101305,2264,103569,1287
2021-08-14,Alpine,002,1148,90,91,0,91,0
2021-08-14,Amador,005,37829,4346,4206,37,4243,49
2021-08-14,Butte,007,227075,14624,14192,2337,16529,206
2021-08-14,Calaveras,009,45235,2651,2579,17,2596,57
2021-08-14,Colusa,011,21464,2191,2134,422,2556,16
2021-08-14,Contra Costa,013,1133247,84764,81458,1638,83096,848
2021-08-14,Del Norte,015,27424,2302,2015,16,2031,8
2021-08-14,El Dorado,017,186661,12657,12019,1058,13077,118
2021-08-14,Fresno,019,978130,112008,109056,9626,118682,1753
2021-08-14,Glenn,021,27897,2642,2583,668,3251,20
2021-08-14,Humboldt,023,135768,6275,5998,115,6113,52
2021-08-14,Imperial,025,180216,29928,29671,2768,32439,746
2021-08-14,Inyo,027,18085,1492,1487,13,1500,39
2021-08-14,Kern,029,883053,104183,102306,13229,115535,1367
2021-08-14,Kings,031,150075,25300,24647,1289,25936,254
2021-08-14,Lake,033,64148,4997,4850,32,4882,68
2021-08-14,Lassen,035,31185,5556,5475,131,5606,21
2021-08-14,Los Angeles,037,10098052,1319313,1299346,47204,1346550,24911
2021-08-14,Madera,039,155013,18177,17691,1165,18856,246
2021-08-14,Marin,041,260295,7337,15441,309,15750,239
2021-08-14,Mariposa,043,17540,623,584,14,598,5
2021-08-14,Mendocino,045,87422,5249,4977,165,5142,49
2021-08-14,Merced,047,269075,33646,33234,1189,34423,481
2021-08-14,Modoc,049,8938,431,421,149,570,5
2021-08-14,Mono,051,14174,1366,1332,18,1350,3
2021-08-14,Monterey,053,433212,44992,44514,2145,46659,527
2021-08-14,Napa,055,140530,11123,10878,63,10941,83
2021-08-14,Nevada,057,99092,6730,6419,222,6641,74
2021-08-14,Orange,059,3164182,279938,274732,12727,287459,5161
2021-08-14,Placer,061,380077,28687,27115,2293,29408,306
2021-08-14,Plumas,063,18699,899,849,14,863,5
2021-08-14,Riverside,065,2383286,320463,313264,14859,328123,4582
2021-08-14,Sacramento,067,1510023,128326,123438,2526,125964,1758
2021-08-14,San Benito,069,59416,6498,6428,123,6551,64
2021-08-14,San Bernardino,071,2135413,317202,312142,9652,321794,5301
2021-08-14,San Diego,073,3302833,319634,313589,18448,332037,3824
2021-08-14,San Francisco,075,870044,45688,44353,1814,46167,567
2021-08-14,San Joaquin,077,732212,82704,80585,4154,84739,1488
2021-08-14,San Luis Obispo,079,281455,23933,23328,893,24221,265
2021-08-14,San Mateo,081,765935,47886,46792,667,47459,548
2021-08-14,Santa Barbara,083,443738,37930,37118,1286,38404,475
2021-08-14,Santa Clara,085,1922200,130532,127432,929,128361,1772
2021-08-14,Santa Cruz,087,273765,17801,17384,867,18251,209
2021-08-14,Shasta,089,179085,14251,13813,1938,15751,211
2021-08-14,Sierra,091,2930,86,81,12,93,0
2021-08-14,Siskiyou,093,43540,2257,2160,528,2688,33
2021-08-14,Solano,095,438530,39238,37237,872,38109,263
2021-08-14,Sonoma,097,501317,35874,34606,417,35023,333
2021-08-14,Stanislaus,099,539301,63036,61564,6794,68358,1039
2021-08-14,Sutter,101,95872,10995,10808,115,10923,130
2021-08-14,Tehama,103,63373,5681,5530,678,6208,66
2021-08-14,Trinity,105,12862,555,399,126,525,3
2021-08-14,Tulare,107,460477,53346,51951,10323,62274,856
2021-08-14,Tuolumne,109,53932,5073,4924,54,4978,64
2021-08-14,Ventura,111,848112,88259,86569,3714,90283,1052
2021-08-14,Yolo,113,214977,16322,15815,585,16400,225
2021-08-14,Yuba,115,75493,7408,7223,164,7387,51
2021-08-13,Alameda,001,1643700,104159,100930,2256,103186,1284
2021-08-13,Alpine,002,1148,90,91,0,91,0
2021-08-13,Amador,005,37829,4318,4169,37,4206,49
2021-08-13,Butte,007,227075,14554,14100,2321,16421,206
2021-08-13,Calaveras,009,45235,2645,2564,17,2581,57
2021-08-13,Colusa,011,21464,2184,2123,417,2540,16
2021-08-13,Contra Costa,013,1133247,84452,81046,1631,82677,848
2021-08-13,Del Norte,015,27424,2262,1973,16,1989,8
2021-08-13,El Dorado,017,186661,12617,11951,1046,12997,118
2021-08-13,Fresno,019,978130,111717,108638,9601,118239,1753
2021-08-13,Glenn,021,27897,2631,2574,665,3239,20
2021-08-13,Humboldt,023,135768,6228,5882,112,5994,52
2021-08-13,Imperial,025,180216,29901,29654,2767,32421,745
2021-08-13,Inyo,027,18085,1491,1484,13,1497,39
2021-08-13,Kern,029,883053,103975,102029,13120,115149,1364
2021-08-13,Kings,031,150075,25215,24531,1282,25813,253
2021-08-13,Lake,033,64148,4974,4811,31,4842,68
2021-08-13,Lassen,035,31185,5548,5455,130,5585,21
2021-08-13,Los Angeles,037,10098052,1316987,1295406,47067,1342473,24891
2021-08-13,Madera,039,155013,18128,17614,1156,18770,246
2021-08-13,Marin,041,260295,7306,15380,309,15689,239
2021-08-13,Mariposa,043,17540,617,577,14,591,5
2021-08-13,Mendocino,045,87422,5196,4924,163,5087,49
2021-08-13,Merced,047,269075,33599,33111,1183,34294,480
2021-08-13,Modoc,049,8938,430,421,148,569,5
2021-08-13,Mono,051,14174,1363,1331,18,1349,3
2021-08-13,Monterey,053,433212,44932,44450,2143,46593,527
2021-08-13,Napa,055,140530,11087,10830,63,10893,83
2021-08-13,Nevada,057,99092,6690,6356,221,6577,74
2021-08-13,Orange,059,3164182,279444,274004,12678,286682,5159
2021-08-13,Placer,061,380077,28583,26987,2266,29253,306
2021-08-13,Plumas,063,18699,885,842,14,856,5
2021-08-13,Riverside,065,2383286,319724,312408,14834,327242,4581
2021-08-13,Sacramento,067,1510023,127856,122868,2499,125367,1758
2021-08-13,San Benito,069,59416,6492,6422,121,6543,64
2021-08-13,San Bernardino,071,2135413,316533,311378,9633,321011,5301
2021-08-13,San Diego,073,3302833,318588,312293,18369,330662,3821
2021-08-13,San Francisco,075,870044,45552,44196,1791,45987,567
2021-08-13,San Joaquin,077,732212,82487,80232,4138,84370,1481
2021-08-13,San Luis Obispo,079,281455,23870,23226,890,24116,265
2021-08-13,San Mateo,081,765935,47767,46660,666,47326,548
2021-08-13,Santa Barbara,083,443738,37845,37023,1282,38305,474
2021-08-13,Santa Clara,085,1922200,130245,126958,923,127881,1769
2021-08-13,Santa Cruz,087,273765,17761,17332,860,18192,209
2021-08-13,Shasta,089,179085,14188,13698,1924,15622,211
2021-08-13,Sierra,091,2930,85,81,12,93,0
2021-08-13,Siskiyou,093,43540,2248,2147,524,2671,33
2021-08-13,Solano,095,438530,39104,37104,864,37968,264
2021-08-13,Sonoma,097,501317,35769,34464,417,34881,333
2021-08-13,Stanislaus,099,539301,62864,61294,6753,68047,1039
2021-08-13,Sutter,101,95872,10951,10751,114,10865,130
2021-08-13,Tehama,103,63373,5657,5496,676,6172,66
2021-08-13,Trinity,105,12862,551,392,126,518,3
2021-08-13,Tulare,107,460477,53241,51770,10250,62020,856
2021-08-13,Tuolumne,109,53932,5040,4899,53,4952,64
2021-08-13,Ventura,111,848112,88101,86368,3701,90069,1052
2021-08-13,Yolo,113,214977,16268,15761,575,16336,225
2021-08-13,Yuba,115,75493,7370,7184,164,7348,51
2021-08-12,Alameda,001,1643700,103672,100472,2243,102715,1284
2021-08-12,Alpine,002,1148,90,91,0,91,0
2021-08-12,Amador,005,37829,4288,4161,36,4197,49
2021-08-12,Butte,007,227075,14484,14006,2303,16309,206
2021-08-12,Calaveras,009,45235,2629,2531,17,2548,57
2021-08-12,Colusa,011,21464,2179,2111,416,2527,17
2021-08-12,Contra Costa,013,1133247,83967,80738,1616,82354,846
2021-08-12,Del Norte,015,27424,2190,1923,16,1939,8
2021-08-12,El Dorado,017,186661,12502,11880,1037,12917,118
2021-08-12,Fresno,019,978130,111292,108193,9533,117726,1753
2021-08-12,Glenn,021,27897,2623,2559,653,3212,20
2021-08-12,Humboldt,023,135768,6159,5845,108,5953,52
2021-08-12,Imperial,025,180216,29845,29585,2761,32346,745
2021-08-12,Inyo,027,18085,1489,1483,13,1496,39
2021-08-12,Kern,029,883053,103685,101698,13041,114739,1364
2021-08-12,Kings,031,150075,25115,24423,1273,25696,252
2021-08-12,Lake,033,64148,4948,4774,31,4805,68
2021-08-12,Lassen,035,31185,5526,5428,129,5557,21
2021-08-12,Los Angeles,037,10098052,1313795,1291875,46933,1338808,24874
2021-08-12,Madera,039,155013,18064,17564,1144,18708,246
2021-08-12,Marin,041,260295,7257,15277,306,15583,239
2021-08-12,Mariposa,043,17540,608,568,13,581,5
2021-08-12,Mendocino,045,87422,5166,4873,157,5030,49
2021-08-12,Merced,047,269075,33475,32960,1176,34136,480
2021-08-12,Modoc,049,8938,429,423,148,571,5
2021-08-12,Mono,051,14174,1358,1325,18,1343,3
2021-08-12,Monterey,053,433212,44856,44383,2128,46511,527
2021-08-12,Napa,055,140530,11038,10780,62,10842,83
2021-08-12,Nevada,057,99092,6629,6283,221,6504,74
2021-08-12,Orange,059,3164182,278763,273167,12620,285787,5158
2021-08-12,Placer,061,380077,28383,26856,2243,29099,306
2021-08-12,Plumas,063,18699,877,829,14,843,5
2021-08-12,Riverside,065,2383286,318715,311304,14802,326106,4575
2021-08-12,Sacramento,067,1510023,127083,122222,2469,124691,1758
2021-08-12,San Benito,069,59416,6475,6398,119,6517,64
2021-08-12,San Bernardino,071,2135413,315659,310420,9603,320023,5297
2021-08-12,San Diego,073,3302833,317217,310596,18280,328876,3821
2021-08-12,San Francisco,075,870044,45345,43774,1778,45552,564
2021-08-12,San Joaquin,077,732212,82092,79945,4114,84059,1479
2021-08-12,San Luis Obispo,079,281455,23770,23101,877,23978,264
2021-08-12,San Mateo,081,765935,47623,46435,663,47098,548
2021-08-12,Santa Barbara,083,443738,37708,36881,1274,38155,473
2021-08-12,Santa Clara,085,1922200,129796,126614,917,127531,1769
2021-08-12,Santa Cruz,087,273765,17697,17261,859,18120,209
2021-08-12,Shasta,089,179085,14103,13621,1897,15518,211
2021-08-12,Sierra,091,2930,85,81,12,93,0
2021-08-12,Siskiyou,093,43540,2241,2134,515,2649,33
2021-08-12,Solano,095,438530,38877,36980,855,37835,262
2021-08-12,Sonoma,097,501317,35621,34299,414,34713,333
2021-08-12,Stanislaus,099,539301,62599,61026,6694,67720,1039
2021-08-12,Sutter,101,95872,10890,10695,112,10807,130
2021-08-12,Tehama,103,63373,5627,5462,667,6129,66
2021-08-12,Trinity,105,12862,547,386,125,511,3
2021-08-12,Tulare,107,460477,53096,51632,10201,61833,856
2021-08-12,Tuolumne,109,53932,4993,4845,51,4896,64
2021-08-12,Ventura,111,848112,87864,86106,3677,89783,1052
2021-08-12,Yolo,113,214977,16196,15686,561,16247,224
2021-08-12,Yuba,115,75493,7322,7128,163,7291,51
2021-08-11,Alameda,001,1643700,103166,100040,2240,102280,1281
2021-08-11,Alpine,002,1148,90,91,0,91,0
2021-08-11,Amador,005,37829,4264,4127,36,4163,49
2021-08-11,Butte,007,227075,14383,13905,2277,16182,206
2021-08-11,Calaveras,009,45235,2607,2505,17,2522,57
2021-08-11,Colusa,011,21464,2169,2101,414,2515,16
2021-08-11,Contra Costa,013,1133247,83466,80275,1598,81873,843
2021-08-11,Del Norte,015,27424,2131,1893,16,1909,8
2021-08-11,El Dorado,017,186661,12391,11799,1025,12824,119
2021-08-11,Fresno,019,978130,110835,107773,9487,117260,1751
2021-08-11,Glenn,021,27897,2614,2547,643,3190,20
2021-08-11,Humboldt,023,135768,6112,5765,107,5872,52
2021-08-11,Imperial,025,180216,29802,29565,2757,32322,745
2021-08-11,Inyo,027,18085,1489,1483,13,1496,39
2021-08-11,Kern,029,883053,103372,101448,12934,114382,1363
2021-08-11,Kings,031,150075,25002,24304,1264,25568,250
2021-08-11,Lake,033,64148,4911,4713,30,4743,68
2021-08-11,Lassen,035,31185,5517,5408,127,5535,21
2021-08-11,Los Angeles,037,10098052,1310465,1288238,46748,1334986,24851
2021-08-11,Madera,039,155013,18014,17511,1133,18644,245
2021-08-11,Marin,041,260295,7208,15235,306,15541,239
2021-08-11,Mariposa,043,17540,598,554,12,566,5
2021-08-11,Mendocino,045,87422,5097,4796,148,4944,49
2021-08-11,Merced,047,269075,33342,32802,1172,33974,479
2021-08-11,Modoc,049,8938,429,421,148,569,5
2021-08-11,Mono,051,14174,1353,1320,18,1338,3
2021-08-11,Monterey,053,433212,44757,44314,2110,46424,527
2021-08-11,Napa,055,140530,10997,10732,62,10794,83
2021-08-11,Nevada,057,99092,6576,6172,218,6390,74
2021-08-11,Orange,059,3164182,277904,272212,12574,284786,5155
2021-08-11,Placer,061,380077,28171,26687,2217,28904,305
2021-08-11,Plumas,063,18699,868,824,14,838,5
2021-08-11,Riverside,065,2383286,317722,310265,14767,325032,4570
2021-08-11,Sacramento,067,1510023,126292,121603,2429,124032,1757
2021-08-11,San Benito,069,59416,6462,6381,119,6500,64
2021-08-11,San Bernardino,071,2135413,314766,309498,9584,319082,5296
2021-08-11,San Diego,073,3302833,315745,309406,18176,327582,3818
2021-08-11,San Francisco,075,870044,45120,43555,1770,45325,564
2021-08-11,San Joaquin,077,732212,81685,79641,4087,83728,1478
2021-08-11,San Luis Obispo,079,281455,23666,22920,870,23790,264
2021-08-11,San Mateo,081,765935,47455,46300,660,46960,548
2021-08-11,Santa Barbara,083,443738,37545,36699,1266,37965,472
2021-08-11,Santa Clara,085,1922200,129314,126301,909,127210,1769
2021-08-11,Santa Cruz,087,273765,17632,17191,856,18047,209
2021-08-11,Shasta,089,179085,14029,13546,1882,15428,211
2021-08-11,Sierra,091,2930,84,81,12,93,0
2021-08-11,Siskiyou,093,43540,2227,2124,508,2632,33
2021-08-11,Solano,095,438530,38644,36862,841,37703,262
2021-08-11,Sonoma,097,501317,35442,34188,409,34597,333
2021-08-11,Stanislaus,099,539301,62268,60767,6664,67431,1037
2021-08-11,Sutter,101,95872,10817,10628,112,10740,130
2021-08-11,Tehama,103,63373,5598,5410,651,6061,66
2021-08-11,Trinity,105,12862,545,385,125,510,3
2021-08-11,Tulare,107,460477,52928,51464,10157,61621,854
2021-08-11,Tuolumne,109,53932,4961,4794,51,4845,64
2021-08-11,Ventura,111,848112,87612,85863,3656,89519,1051
2021-08-11,Yolo,113,214977,16121,15593,545,16138,218
2021-08-11,Yuba,115,75493,7263,7063,162,7225,53
2021-08-10,Alameda,001,1643700,102697,99771,2233,102004,1281
2021-08-10,Alpine,002,1148,90,91,0,91,0
2021-08-10,Amador,005,37829,4248,4093,36,4129,49
2021-08-10,Butte,007,227075,14299,13853,2257,16110,205
2021-08-10,Calaveras,009,45235,2583,2491,15,2506,57
2021-08-10,Colusa,011,21464,2156,2088,405,2493,16
2021-08-10,Contra Costa,013,1133247,82923,80018,1588,81606,840
2021-08-10,Del Norte,015,27424,2087,1870,16,1886,8
2021-08-10,El Dorado,017,186661,12290,11734,1013,12747,117
2021-08-10,Fresno,019,978130,110374,107616,9431,117047,1747
2021-08-10,Glenn,021,27897,2601,2538,633,3171,20
2021-08-10,Humboldt,023,135768,6058,5718,104,5822,52
2021-08-10,Imperial,025,180216,29767,29522,2750,32272,745
2021-08-10,Inyo,027,18085,1489,1482,13,1495,39
2021-08-10,Kern,029,883053,103044,101254,12838,114092,1359
2021-08-10,Kings,031,150075,24876,24252,1248,25500,251
2021-08-10,Lake,033,64148,4870,4700,30,4730,67
2021-08-10,Lassen,035,31185,5499,5401,127,5528,21
2021-08-10,Los Angeles,037,10098052,1306707,1285140,46586,1331726,24821
2021-08-10,Madera,039,155013,17941,17481,1123,18604,245
2021-08-10,Marin,041,260295,7161,15194,306,15500,239
2021-08-10,Mariposa,043,17540,585,550,12,562,5
2021-08-10,Mendocino,045,87422,5052,4775,144,4919,49
2021-08-10,Merced,047,269075,33194,32721,1163,33884,477
2021-08-10,Modoc,049,8938,428,421,148,569,5
2021-08-10,Mono,051,14174,1348,1320,18,1338,3
2021-08-10,Monterey,053,433212,44695,44259,2095,46354,527
2021-08-10,Napa,055,140530,10942,10703,61,10764,83
2021-08-10,Nevada,057,99092,6511,6151,217,6368,73
2021-08-10,Orange,059,3164182,277024,271688,12527,284215,5155
2021-08-10,Placer,061,380077,27952,26561,2175,28736,305
2021-08-10,Plumas,063,18699,859,816,14,830,5
2021-08-10,Riverside,065,2383286,316606,309529,14741,324270,4564
2021-08-10,Sacramento,067,1510023,125439,121159,2398,123557,1755
2021-08-10,San Benito,069,59416,6448,6371,119,6490,64
2021-08-10,San Bernardino,071,2135413,313842,308672,9566,318238,5295
2021-08-10,San Diego,073,3302833,314098,308288,18084,326372,3815
2021-08-10,San Francisco,075,870044,44867,43389,1755,45144,564
2021-08-10,San Joaquin,077,732212,81287,79391,4069,83460,1478
2021-08-10,San Luis Obispo,079,281455,23540,22776,868,23644,264
2021-08-10,San Mateo,081,765935,47283,46184,658,46842,548
2021-08-10,Santa Barbara,083,443738,37380,36574,1259,37833,472
2021-08-10,Santa Clara,085,1922200,128851,126019,902,126921,1770
2021-08-10,Santa Cruz,087,273765,17549,17142,854,17996,209
2021-08-10,Shasta,089,179085,13951,13461,1859,15320,211
2021-08-10,Sierra,091,2930,84,76,12,88,0
2021-08-10,Siskiyou,093,43540,2218,2088,501,2589,33
2021-08-10,Solano,095,438530,38401,36767,830,37597,262
2021-08-10,Sonoma,097,501317,35297,34054,406,34460,333
2021-08-10,Stanislaus,099,539301,61922,60605,6627,67232,1037
2021-08-10,Sutter,101,95872,10752,10569,112,10681,130
2021-08-10,Tehama,103,63373,5569,5392,646,6038,66
2021-08-10,Trinity,105,12862,545,384,125,509,3
2021-08-10,Tulare,107,460477,52764,51390,10105,61495,854
2021-08-10,Tuolumne,109,53932,4932,4780,49,4829,64
2021-08-10,Ventura,111,848112,87323,85714,3635,89349,1051
2021-08-10,Yolo,113,214977,16034,15568,535,16103,218
2021-08-10,Yuba,115,75493,7214,7028,162,7190,50
2021-08-09,Alameda,001,1643700,102146,99496,2229,101725,1276
2021-08-09,Alpine,002,1148,90,91,0,91,0
2021-08-09,Amador,005,37829,4222,4078,36,4114,48
2021-08-09,Butte,007,227075,14200,13813,2229,16042,205
2021-08-09,Calaveras,009,45235,2558,2472,15,2487,57
2021-08-09,Colusa,011,21464,2146,2075,398,2473,16
2021-08-09,Contra Costa,013,1133247,82381,79740,1576,81316,840
2021-08-09,Del Norte,015,27424,2019,1848,16,1864,8
2021-08-09,El Dorado,017,186661,12183,11672,1000,12672,117
2021-08-09,Fresno,019,978130,109880,107310,9392,116702,1747
2021-08-09,Glenn,021,27897,2590,2532,621,3153,20
2021-08-09,Humboldt,023,135768,5967,5632,102,5734,52
2021-08-09,Imperial,025,180216,29722,29512,2746,32258,745
2021-08-09,Inyo,027,18085,1489,1481,13,1494,39
2021-08-09,Kern,029,883053,102732,101069,12752,113821,1359
2021-08-09,Kings,031,150075,24769,24155,1234,25389,250
2021-08-09,Lake,033,64148,4835,4670,28,4698,66
2021-08-09,Lassen,035,31185,5477,5393,126,5519,21
2021-08-09,Los Angeles,037,10098052,1302689,1282891,46387,1329278,24798
2021-08-09,Madera,039,155013,17882,17429,1103,18532,245
2021-08-09,Marin,041,260295,7108,15154,305,15459,239
2021-08-09,Mariposa,043,17540,572,545,12,557,5
2021-08-09,Mendocino,045,87422,5001,4732,136,4868,49
2021-08-09,Merced,047,269075,33048,32666,1156,33822,477
2021-08-09,Modoc,049,8938,428,419,148,567,5
2021-08-09,Mono,051,14174,1345,1337,18,1355,3
2021-08-09,Monterey,053,433212,44623,44190,2080,46270,527
2021-08-09,Napa,055,140530,10895,10679,61,10740,83
2021-08-09,Nevada,057,99092,6439,6088,216,6304,73
2021-08-09,Orange,059,3164182,275983,271036,12472,283508,5153
2021-08-09,Placer,061,380077,27728,26457,2144,28601,305
2021-08-09,Plumas,063,18699,842,803,14,817,5
2021-08-09,Riverside,065,2383286,315529,308678,14723,323401,4562
2021-08-09,Sacramento,067,1510023,124605,120812,2373,123185,1748
2021-08-09,San Benito,069,59416,6428,6359,117,6476,63
2021-08-09,San Bernardino,071,2135413,312857,308038,9543,317581,5295
2021-08-09,San Diego,073,3302833,312438,306855,17985,324840,3811
2021-08-09,San Francisco,075,870044,44621,43261,1739,45000,564
2021-08-09,San Joaquin,077,732212,80904,79198,4051,83249,1469
2021-08-09,San Luis Obispo,079,281455,23401,22695,859,23554,264
2021-08-09,San Mateo,081,765935,47111,46040,655,46695,548
2021-08-09,Santa Barbara,083,443738,37196,36474,1251,37725,470
2021-08-09,Santa Clara,085,1922200,128348,125791,893,126684,2187
2021-08-09,Santa Cruz,087,273765,17487,17082,854,17936,209
2021-08-09,Shasta,089,179085,13834,13397,1848,15245,210
2021-08-09,Sierra,091,2930,83,75,12,87,0
2021-08-09,Siskiyou,093,43540,2206,2047,486,2533,32
2021-08-09,Solano,095,438530,38124,36653,828,37481,262
2021-08-09,Sonoma,097,501317,35116,33933,404,34337,333
2021-08-09,Stanislaus,099,539301,61643,60410,6578,66988,1037
2021-08-09,Sutter,101,95872,10703,10525,109,10634,129
2021-08-09,Tehama,103,63373,5527,5373,645,6018,66
2021-08-09,Trinity,105,12862,543,378,123,501,3
2021-08-09,Tulare,107,460477,52604,51274,10042,61316,854
2021-08-09,Tuolumne,109,53932,4890,4745,49,4794,64
2021-08-09,Ventura,111,848112,87051,85514,3624,89138,1047
2021-08-09,Yolo,113,214977,15956,15521,514,16035,218
2021-08-09,Yuba,115,75493,7155,6994,162,7156,50
2021-08-08,Alameda,001,1643700,101597,99135,2223,101358,1276
2021-08-08,Alpine,002,1148,90,91,0,91,0
2021-08-08,Amador,005,37829,4188,4057,35,4092,48
2021-08-08,Butte,007,227075,14118,13791,2209,16000,205
2021-08-08,Calaveras,009,45235,2525,2462,15,2477,57
2021-08-08,Colusa,011,21464,2129,2070,391,2461,16
2021-08-08,Contra Costa,013,1133247,81856,79454,1568,81022,840
2021-08-08,Del Norte,015,27424,1973,1810,16,1826,8
2021-08-08,El Dorado,017,186661,12062,11631,990,12621,117
2021-08-08,Fresno,019,978130,109436,107078,9355,116433,1747
2021-08-08,Glenn,021,27897,2582,2527,614,3141,20
2021-08-08,Humboldt,023,135768,5878,5571,102,5673,52
2021-08-08,Imperial,025,180216,29698,29485,2736,32221,745
2021-08-08,Inyo,027,18085,1489,1481,13,1494,39
2021-08-08,Kern,029,883053,102412,100909,12640,113549,1359
2021-08-08,Kings,031,150075,24655,24095,1225,25320,250
2021-08-08,Lake,033,64148,4785,4636,27,4663,66
2021-08-08,Lassen,035,31185,5462,5391,125,5516,21
2021-08-08,Los Angeles,037,10098052,1298440,1279982,46204,1326186,24793
2021-08-08,Madera,039,155013,17803,17398,1086,18484,245
2021-08-08,Marin,041,260295,7055,15124,303,15427,239
2021-08-08,Mariposa,043,17540,568,538,12,550,5
2021-08-08,Mendocino,045,87422,4939,4702,123,4825,49
2021-08-08,Merced,047,269075,32901,32634,1147,33781,477
2021-08-08,Modoc,049,8938,427,419,147,566,5
2021-08-08,Mono,051,14174,1341,1336,18,1354,3
2021-08-08,Monterey,053,433212,44553,44171,2069,46240,527
2021-08-08,Napa,055,140530,10859,10668,61,10729,83
2021-08-08,Nevada,057,99092,6354,6009,214,6223,73
2021-08-08,Orange,059,3164182,275068,270532,12430,282962,5153
2021-08-08,Placer,061,380077,27519,26332,2103,28435,305
2021-08-08,Plumas,063,18699,833,803,14,817,5
2021-08-08,Riverside,065,2383286,314406,308042,14700,322742,4562
2021-08-08,Sacramento,067,1510023,123776,120109,2361,122470,1744
2021-08-08,San Benito,069,59416,6411,6350,116,6466,63
2021-08-08,San Bernardino,071,2135413,311715,307378,9514,316892,5295
2021-08-08,San Diego,073,3302833,311096,305983,17887,323870,3811
2021-08-08,San Francisco,075,870044,44359,43098,1717,44815,564
2021-08-08,San Joaquin,077,732212,80456,79002,4035,83037,1469
2021-08-08,San Luis Obispo,079,281455,23227,22668,851,23519,263
2021-08-08,San Mateo,081,765935,46921,45927,652,46579,548
2021-08-08,Santa Barbara,083,443738,37019,36417,1244,37661,470
2021-08-08,Santa Clara,085,1922200,127896,125553,888,126441,2187
2021-08-08,Santa Cruz,087,273765,17415,17035,849,17884,209
2021-08-08,Shasta,089,179085,13749,13381,1837,15218,210
2021-08-08,Sierra,091,2930,83,74,12,86,0
2021-08-08,Siskiyou,093,43540,2190,2041,481,2522,32
2021-08-08,Solano,095,438530,37871,36551,824,37375,262
2021-08-08,Sonoma,097,501317,34872,33805,403,34208,333
2021-08-08,Stanislaus,099,539301,61317,60269,6533,66802,1037
2021-08-08,Sutter,101,95872,10643,10481,108,10589,129
2021-08-08,Tehama,103,63373,5491,5359,642,6001,66
2021-08-08,Trinity,105,12862,538,378,123,501,3
2021-08-08,Tulare,107,460477,52425,51220,9983,61203,854
2021-08-08,Tuolumne,109,53932,4850,4731,49,4780,64
2021-08-08,Ventura,111,848112,86760,85382,3614,88996,1047
2021-08-08,Yolo,113,214977,15864,15477,507,15984,218
2021-08-08,Yuba,115,75493,7116,6967,162,7129,50
2021-08-07,Alameda,001,1643700,101350,98812,2217,101029,1276
2021-08-07,Alpine,002,1148,90,91,0,91,0
2021-08-07,Amador,005,37829,4171,4041,34,4075,48
2021-08-07,Butte,007,227075,14066,13714,2197,15911,205
2021-08-07,Calaveras,009,45235,2515,2446,15,2461,57
2021-08-07,Colusa,011,21464,2124,2067,382,2449,16
2021-08-07,Contra Costa,013,1133247,81559,79168,1565,80733,840
2021-08-07,Del Norte,015,27424,1941,1791,16,1807,8
2021-08-07,El Dorado,017,186661,12014,11575,983,12558,117
2021-08-07,Fresno,019,978130,109232,106861,9329,116190,1747
2021-08-07,Glenn,021,27897,2574,2515,613,3128,20
2021-08-07,Humboldt,023,135768,5828,5510,99,5609,52
2021-08-07,Imperial,025,180216,29679,29470,2736,32206,745
2021-08-07,Inyo,027,18085,1487,1476,13,1489,39
2021-08-07,Kern,029,883053,102254,100693,12584,113277,1359
2021-08-07,Kings,031,150075,24594,24048,1219,25267,250
2021-08-07,Lake,033,64148,4764,4613,27,4640,66
2021-08-07,Lassen,035,31185,5458,5386,125,5511,21
2021-08-07,Los Angeles,037,10098052,1296402,1276853,46059,1322912,24786
2021-08-07,Madera,039,155013,17768,17366,1082,18448,245
2021-08-07,Marin,041,260295,7021,15085,302,15387,239
2021-08-07,Mariposa,043,17540,565,530,12,542,5
2021-08-07,Mendocino,045,87422,4903,4690,121,4811,49
2021-08-07,Merced,047,269075,32837,32569,1144,33713,477
2021-08-07,Modoc,049,8938,427,419,147,566,5
2021-08-07,Mono,051,14174,1338,1329,18,1347,3
2021-08-07,Monterey,053,433212,44501,44124,2064,46188,527
2021-08-07,Napa,055,140530,10838,10658,60,10718,83
2021-08-07,Nevada,057,99092,6304,5967,212,6179,73
2021-08-07,Orange,059,3164182,274475,269900,12400,282300,5153
2021-08-07,Placer,061,380077,27330,26244,2094,28338,305
2021-08-07,Plumas,063,18699,828,801,14,815,5
2021-08-07,Riverside,065,2383286,313734,307326,14693,322019,4562
2021-08-07,Sacramento,067,1510023,123274,119636,2357,121993,1744
2021-08-07,San Benito,069,59416,6401,6332,116,6448,63
2021-08-07,San Bernardino,071,2135413,311127,306663,9497,316160,5295
2021-08-07,San Diego,073,3302833,310340,304974,17852,322826,3811
2021-08-07,San Francisco,075,870044,44187,42926,1699,44625,564
2021-08-07,San Joaquin,077,732212,80292,78769,4020,82789,1469
2021-08-07,San Luis Obispo,079,281455,23158,22579,850,23429,263
2021-08-07,San Mateo,081,765935,46793,45804,650,46454,548
2021-08-07,Santa Barbara,083,443738,36923,36303,1238,37541,470
2021-08-07,Santa Clara,085,1922200,127625,125196,883,126079,2188
2021-08-07,Santa Cruz,087,273765,17373,16994,847,17841,209
2021-08-07,Shasta,089,179085,13693,13361,1830,15191,210
2021-08-07,Sierra,091,2930,83,74,12,86,0
2021-08-07,Siskiyou,093,43540,2178,2039,479,2518,32
2021-08-07,Solano,095,438530,37757,36458,816,37274,262
2021-08-07,Sonoma,097,501317,34749,33716,403,34119,333
2021-08-07,Stanislaus,099,539301,61146,60093,6503,66596,1037
2021-08-07,Sutter,101,95872,10606,10447,108,10555,129
2021-08-07,Tehama,103,63373,5480,5343,637,5980,66
2021-08-07,Trinity,105,12862,534,377,122,499,3
2021-08-07,Tulare,107,460477,52339,51133,9945,61078,854
2021-08-07,Tuolumne,109,53932,4820,4721,49,4770,64
2021-08-07,Ventura,111,848112,86581,85232,3600,88832,1047
2021-08-07,Yolo,113,214977,15821,15423,502,15925,218
2021-08-07,Yuba,115,75493,7091,6937,160,7097,50
2021-08-06,Alameda,001,1643700,101021,98487,2211,100698,1275
2021-08-06,Alpine,002,1148,90,91,0,91,0
2021-08-06,Amador,005,37829,4150,4002,34,4036,48
2021-08-06,Butte,007,227075,14015,13626,2182,15808,205
2021-08-06,Calaveras,009,45235,2504,2419,15,2434,57
2021-08-06,Colusa,011,21464,2117,2045,377,2422,16
2021-08-06,Contra Costa,013,1133247,81264,78796,1560,80356,840
2021-08-06,Del Norte,015,27424,1914,1755,15,1770,8
2021-08-06,El Dorado,017,186661,11964,11498,971,12469,117
2021-08-06,Fresno,019,978130,108968,106542,9302,115844,1747
2021-08-06,Glenn,021,27897,2559,2504,610,3114,20
2021-08-06,Humboldt,023,135768,5777,5421,96,5517,52
2021-08-06,Imperial,025,180216,29668,29404,2732,32136,745
2021-08-06,Inyo,027,18085,1484,1471,13,1484,39
2021-08-06,Kern,029,883053,102077,100427,12499,112926,1359
2021-08-06,Kings,031,150075,24539,23974,1215,25189,250
2021-08-06,Lake,033,64148,4741,4557,27,4584,66
2021-08-06,Lassen,035,31185,5436,5368,125,5493,21
2021-08-06,Los Angeles,037,10098052,1293909,1273081,45910,1318991,24772
2021-08-06,Madera,039,155013,17729,17324,1073,18397,245
2021-08-06,Marin,041,260295,6988,15051,302,15353,239
2021-08-06,Mariposa,043,17540,556,511,12,523,5
2021-08-06,Mendocino,045,87422,4861,4649,120,4769,49
2021-08-06,Merced,047,269075,32777,32456,1141,33597,477
2021-08-06,Modoc,049,8938,427,419,147,566,5
2021-08-06,Mono,051,14174,1337,1328,18,1346,3
2021-08-06,Monterey,053,433212,44433,44058,2051,46109,527
2021-08-06,Napa,055,140530,10811,10620,60,10680,83
2021-08-06,Nevada,057,99092,6248,5874,212,6086,73
2021-08-06,Orange,059,3164182,273908,269077,12383,281460,5151
2021-08-06,Placer,061,380077,27207,26086,2073,28159,305
2021-08-06,Plumas,063,18699,819,795,14,809,5
2021-08-06,Riverside,065,2383286,313025,306304,14682,320986,4562
2021-08-06,Sacramento,067,1510023,122782,119169,2337,121506,1740
2021-08-06,San Benito,069,59416,6384,6315,116,6431,63
2021-08-06,San Bernardino,071,2135413,310426,305806,9487,315293,5286
2021-08-06,San Diego,073,3302833,309300,303691,17803,321494,3810
2021-08-06,San Francisco,075,870044,44031,42659,1681,44340,565
2021-08-06,San Joaquin,077,732212,80142,78405,4008,82413,1469
2021-08-06,San Luis Obispo,079,281455,23090,22472,845,23317,263
2021-08-06,San Mateo,081,765935,46641,45665,645,46310,548
2021-08-06,Santa Barbara,083,443738,36833,36208,1234,37442,470
2021-08-06,Santa Clara,085,1922200,127335,124767,878,125645,2185
2021-08-06,Santa Cruz,087,273765,17329,16924,843,17767,207
2021-08-06,Shasta,089,179085,13627,13284,1824,15108,210
2021-08-06,Sierra,091,2930,83,73,12,85,0
2021-08-06,Siskiyou,093,43540,2168,2030,475,2505,32
2021-08-06,Solano,095,438530,37647,36351,807,37158,262
2021-08-06,Sonoma,097,501317,34663,33594,402,33996,333
2021-08-06,Stanislaus,099,539301,61007,59854,6483,66337,1037
2021-08-06,Sutter,101,95872,10563,10391,108,10499,128
2021-08-06,Tehama,103,63373,5456,5325,635,5960,66
2021-08-06,Trinity,105,12862,533,371,121,492,3
2021-08-06,Tulare,107,460477,52238,51018,9898,60916,854
2021-08-06,Tuolumne,109,53932,4793,4674,49,4723,64
2021-08-06,Ventura,111,848112,86410,85046,3588,88634,1047
2021-08-06,Yolo,113,214977,15768,15299,497,15796,218
2021-08-06,Yuba,115,75493,7068,6904,160,7064,50
2021-08-05,Alameda,001,1643700,100537,98052,2207,100259,1275
2021-08-05,Alpine,002,1148,90,91,0,91,0
2021-08-05,Amador,005,37829,4130,3992,34,4026,48
2021-08-05,Butte,007,227075,13954,13564,2159,15723,206
2021-08-05,Calaveras,009,45235,2485,2397,15,2412,57
2021-08-05,Colusa,011,21464,2105,2036,372,2408,16
2021-08-05,Contra Costa,013,1133247,80837,78514,1553,80067,840
2021-08-05,Del Norte,015,27424,1887,1731,15,1746,8
2021-08-05,El Dorado,017,186661,11879,11408,960,12368,117
2021-08-05,Fresno,019,978130,108596,106219,9265,115484,1747
2021-08-05,Glenn,021,27897,2553,2494,607,3101,20
2021-08-05,Humboldt,023,135768,5703,5328,95,5423,52
2021-08-05,Imperial,025,180216,29637,29383,2728,32111,745
2021-08-05,Inyo,027,18085,1480,1468,13,1481,38
2021-08-05,Kern,029,883053,101855,100091,12414,112505,1358
2021-08-05,Kings,031,150075,24455,23906,1210,25116,249
2021-08-05,Lake,033,64148,4702,4490,25,4515,66
2021-08-05,Lassen,035,31185,5428,5344,125,5469,21
2021-08-05,Los Angeles,037,10098052,1290689,1269445,45778,1315223,24756
2021-08-05,Madera,039,155013,17688,17301,1065,18366,245
2021-08-05,Marin,041,260295,6944,15005,298,15303,239
2021-08-05,Mariposa,043,17540,545,504,11,515,5
2021-08-05,Mendocino,045,87422,4818,4597,111,4708,49
2021-08-05,Merced,047,269075,32710,32381,1130,33511,477
2021-08-05,Modoc,049,8938,426,418,147,565,5
2021-08-05,Mono,051,14174,1329,1309,18,1327,3
2021-08-05,Monterey,053,433212,44376,43992,2033,46025,527
2021-08-05,Napa,055,140530,10775,10591,58,10649,83
2021-08-05,Nevada,057,99092,6165,5778,209,5987,73
2021-08-05,Orange,059,3164182,273126,268329,12356,280685,5149
2021-08-05,Placer,061,380077,27008,25965,2046,28011,305
2021-08-05,Plumas,063,18699,810,787,14,801,5
2021-08-05,Riverside,065,2383286,312108,305415,14656,320071,4562
2021-08-05,Sacramento,067,1510023,122074,118590,2323,120913,1739
2021-08-05,San Benito,069,59416,6366,6305,116,6421,63
2021-08-05,San Bernardino,071,2135413,309591,304956,9466,314422,5284
2021-08-05,San Diego,073,3302833,308027,302220,17721,319941,3806
2021-08-05,San Francisco,075,870044,43819,42301,1672,43973,564
2021-08-05,San Joaquin,077,732212,79780,78151,3990,82141,1468
2021-08-05,San Luis Obispo,079,281455,22975,22362,839,23201,263
2021-08-05,San Mateo,081,765935,46468,45554,643,46197,548
2021-08-05,Santa Barbara,083,443738,36726,36112,1231,37343,470
2021-08-05,Santa Clara,085,1922200,127002,124490,878,125368,2185
2021-08-05,Santa Cruz,087,273765,17285,16867,840,17707,207
2021-08-05,Shasta,089,179085,13569,13217,1816,15033,210
2021-08-05,Sierra,091,2930,78,73,12,85,0
2021-08-05,Siskiyou,093,43540,2147,2024,466,2490,32
2021-08-05,Solano,095,438530,37466,36250,800,37050,262
2021-08-05,Sonoma,097,501317,34528,33455,401,33856,330
2021-08-05,Stanislaus,099,539301,60785,59692,6444,66136,1037
2021-08-05,Sutter,101,95872,10508,10349,108,10457,127
2021-08-05,Tehama,103,63373,5438,5305,632,5937,66
2021-08-05,Trinity,105,12862,527,367,121,488,3
2021-08-05,Tulare,107,460477,52121,50889,9844,60733,854
2021-08-05,Tuolumne,109,53932,4763,4619,49,4668,64
2021-08-05,Ventura,111,848112,86159,84837,3574,88411,1047
2021-08-05,Yolo,113,214977,15701,15250,487,15737,218
2021-08-05,Yuba,115,75493,7025,6872,158,7030,50
2021-08-04,Alameda,001,1643700,100033,97477,2196,99673,1274
2021-08-04,Alpine,002,1148,90,91,0,91,0
2021-08-04,Amador,005,37829,4100,3962,33,3995,48
2021-08-04,Butte,007,227075,13886,13509,2142,15651,205
2021-08-04,Calaveras,009,45235,2460,2374,15,2389,57
2021-08-04,Colusa,011,21464,2093,2025,366,2391,16
2021-08-04,Contra Costa,013,1133247,80321,77966,1548,79514,840
2021-08-04,Del Norte,015,27424,1864,1701,15,1716,8
2021-08-04,El Dorado,017,186661,11799,11319,949,12268,117
2021-08-04,Fresno,019,978130,108225,105899,9226,115125,1747
2021-08-04,Glenn,021,27897,2545,2487,605,3092,20
2021-08-04,Humboldt,023,135768,5627,5271,94,5365,52
2021-08-04,Imperial,025,180216,29589,29375,2726,32101,745
2021-08-04,Inyo,027,18085,1479,1465,13,1478,38
2021-08-04,Kern,029,883053,101605,99868,12331,112199,1358
2021-08-04,Kings,031,150075,24383,23840,1202,25042,250
2021-08-04,Lake,033,64148,4672,4423,20,4443,65
2021-08-04,Lassen,035,31185,5420,5340,125,5465,21
2021-08-04,Los Angeles,037,10098052,1287196,1265788,45620,1311408,24737
2021-08-04,Madera,039,155013,17653,17251,1058,18309,245
2021-08-04,Marin,041,260295,6897,14950,296,15246,239
2021-08-04,Mariposa,043,17540,530,497,11,508,5
2021-08-04,Mendocino,045,87422,4794,4560,107,4667,49
2021-08-04,Merced,047,269075,32572,32274,1125,33399,476
2021-08-04,Modoc,049,8938,426,416,147,563,5
2021-08-04,Mono,051,14174,1325,1307,18,1325,3
2021-08-04,Monterey,053,433212,44311,43926,2022,45948,526
2021-08-04,Napa,055,140530,10738,10544,58,10602,82
2021-08-04,Nevada,057,99092,6100,5702,208,5910,73
2021-08-04,Orange,059,3164182,272250,267199,12319,279518,5146
2021-08-04,Placer,061,380077,26790,25688,2026,27714,305
2021-08-04,Plumas,063,18699,804,784,14,798,5
2021-08-04,Riverside,065,2383286,311183,304272,14631,318903,4562
2021-08-04,Sacramento,067,1510023,121317,117882,2297,120179,1736
2021-08-04,San Benito,069,59416,6351,6300,116,6416,63
2021-08-04,San Bernardino,071,2135413,308734,304164,9447,313611,5285
2021-08-04,San Diego,073,3302833,306512,301100,17654,318754,3805
2021-08-04,San Francisco,075,870044,43563,41913,1660,43573,562
2021-08-04,San Joaquin,077,732212,79423,77846,3978,81824,1466
2021-08-04,San Luis Obispo,079,281455,22865,22245,833,23078,262
2021-08-04,San Mateo,081,765935,46296,45392,642,46034,548
2021-08-04,Santa Barbara,083,443738,36597,36013,1223,37236,470
2021-08-04,Santa Clara,085,1922200,126611,124127,871,124998,2183
2021-08-04,Santa Cruz,087,273765,17223,16820,833,17653,208
2021-08-04,Shasta,089,179085,13518,13134,1805,14939,211
2021-08-04,Sierra,091,2930,78,73,12,85,0
2021-08-04,Siskiyou,093,43540,2127,2010,462,2472,32
2021-08-04,Solano,095,438530,37265,36025,791,36816,262
2021-08-04,Sonoma,097,501317,34356,33311,399,33710,330
2021-08-04,Stanislaus,099,539301,60559,59396,6406,65802,1037
2021-08-04,Sutter,101,95872,10471,10294,108,10402,127
2021-08-04,Tehama,103,63373,5412,5281,626,5907,66
2021-08-04,Trinity,105,12862,525,362,118,480,3
2021-08-04,Tulare,107,460477,52011,50797,9800,60597,855
2021-08-04,Tuolumne,109,53932,4738,4584,49,4633,64
2021-08-04,Ventura,111,848112,85901,84406,3552,87958,1047
2021-08-04,Yolo,113,214977,15620,15189,474,15663,215
2021-08-04,Yuba,115,75493,6985,6827,157,6984,50
2021-08-03,Alameda,001,1643700,99585,97275,2191,99466,1270
2021-08-03,Alpine,002,1148,90,91,0,91,0
2021-08-03,Amador,005,37829,4064,3953,33,3986,48
2021-08-03,Butte,007,227075,13819,13468,2127,15595,205
2021-08-03,Calaveras,009,45235,2438,2356,15,2371,57
2021-08-03,Colusa,011,21464,2080,2023,360,2383,16
2021-08-03,Contra Costa,013,1133247,79839,77739,1541,79280,836
2021-08-03,Del Norte,015,27424,1832,1691,14,1705,8
2021-08-03,El Dorado,017,186661,11706,11255,938,12193,117
2021-08-03,Fresno,019,978130,107863,105732,9195,114927,1746
2021-08-03,Glenn,021,27897,2538,2481,599,3080,20
2021-08-03,Humboldt,023,135768,5562,5199,89,5288,52
2021-08-03,Imperial,025,180216,29567,29333,2719,32052,745
2021-08-03,Inyo,027,18085,1476,1459,13,1472,38
2021-08-03,Kern,029,883053,101343,99708,12252,111960,1358
2021-08-03,Kings,031,150075,24295,23780,1195,24975,249
2021-08-03,Lake,033,64148,4616,4408,16,4424,66
2021-08-03,Lassen,035,31185,5410,5341,125,5466,21
2021-08-03,Los Angeles,037,10098052,1283448,1262678,45447,1308125,24721
2021-08-03,Madera,039,155013,17612,17220,1043,18263,245
2021-08-03,Marin,041,260295,6848,14906,293,15199,243
2021-08-03,Mariposa,043,17540,519,495,11,506,5
2021-08-03,Mendocino,045,87422,4745,4546,106,4652,49
2021-08-03,Merced,047,269075,32490,32197,1123,33320,476
2021-08-03,Modoc,049,8938,426,416,147,563,5
2021-08-03,Mono,051,14174,1320,1303,18,1321,3
2021-08-03,Monterey,053,433212,44248,43872,2009,45881,525
2021-08-03,Napa,055,140530,10695,10527,57,10584,82
2021-08-03,Nevada,057,99092,6020,5685,207,5892,73
2021-08-03,Orange,059,3164182,271510,266649,12289,278938,5146
2021-08-03,Placer,061,380077,26589,25624,2002,27626,305
2021-08-03,Plumas,063,18699,797,779,14,793,5
2021-08-03,Riverside,065,2383286,310257,303499,14605,318104,4562
2021-08-03,Sacramento,067,1510023,120572,117591,2277,119868,1732
2021-08-03,San Benito,069,59416,6336,6284,115,6399,63
2021-08-03,San Bernardino,071,2135413,307812,303386,9429,312815,5265
2021-08-03,San Diego,073,3302833,305070,300189,17544,317733,3803
2021-08-03,San Francisco,075,870044,43280,41758,1640,43398,562
2021-08-03,San Joaquin,077,732212,79072,77615,3957,81572,1461
2021-08-03,San Luis Obispo,079,281455,22725,22166,826,22992,264
2021-08-03,San Mateo,081,765935,46104,45255,637,45892,548
2021-08-03,Santa Barbara,083,443738,36478,35912,1217,37129,469
2021-08-03,Santa Clara,085,1922200,126190,123914,865,124779,2183
2021-08-03,Santa Cruz,087,273765,17157,16778,830,17608,207
2021-08-03,Shasta,089,179085,13443,13091,1794,14885,211
2021-08-03,Sierra,091,2930,78,72,12,84,0
2021-08-03,Siskiyou,093,43540,2116,1998,457,2455,32
2021-08-03,Solano,095,438530,37046,35953,779,36732,261
2021-08-03,Sonoma,097,501317,34175,33243,398,33641,330
2021-08-03,Stanislaus,099,539301,60337,59282,6387,65669,1037
2021-08-03,Sutter,101,95872,10431,10263,107,10370,127
2021-08-03,Tehama,103,63373,5385,5269,621,5890,66
2021-08-03,Trinity,105,12862,522,361,115,476,3
2021-08-03,Tulare,107,460477,51916,50729,9754,60483,854
2021-08-03,Tuolumne,109,53932,4703,4563,49,4612,64
2021-08-03,Ventura,111,848112,85657,84270,3531,87801,1046
2021-08-03,Yolo,113,214977,15528,15149,459,15608,215
2021-08-03,Yuba,115,75493,6948,6781,155,6936,50
2021-08-02,Alameda,001,1643700,99028,96954,2187,99141,1270
2021-08-02,Alpine,002,1148,90,91,0,91,0
2021-08-02,Amador,005,37829,4044,3927,33,3960,48
2021-08-02,Butte,007,227075,13739,13442,2108,15550,205
2021-08-02,Calaveras,009,45235,2413,2347,15,2362,57
2021-08-02,Colusa,011,21464,2068,2019,357,2376,16
2021-08-02,Contra Costa,013,1133247,79329,77516,1527,79043,836
2021-08-02,Del Norte,015,27424,1802,1653,14,1667,8
2021-08-02,El Dorado,017,186661,11603,11226,924,12150,116
2021-08-02,Fresno,019,978130,107519,105471,9158,114629,1744
2021-08-02,Glenn,021,27897,2530,2477,596,3073,20
2021-08-02,Humboldt,023,135768,5478,5161,87,5248,52
2021-08-02,Imperial,025,180216,29534,29302,2716,32018,743
2021-08-02,Inyo,027,18085,1470,1455,13,1468,38
2021-08-02,Kern,029,883053,101088,99556,12161,111717,1357
2021-08-02,Kings,031,150075,24225,23722,1189,24911,249
2021-08-02,Lake,033,64148,4573,4375,16,4391,66
2021-08-02,Lassen,035,31185,5387,5338,123,5461,21
2021-08-02,Los Angeles,037,10098052,1279724,1260807,45243,1306050,24705
2021-08-02,Madera,039,155013,17568,17158,1030,18188,245
2021-08-02,Marin,041,260295,6805,14859,292,15151,239
2021-08-02,Mariposa,043,17540,510,490,11,501,5
2021-08-02,Mendocino,045,87422,4705,4512,103,4615,49
2021-08-02,Merced,047,269075,32392,32163,1116,33279,474
2021-08-02,Modoc,049,8938,426,415,147,562,5
2021-08-02,Mono,051,14174,1313,1296,18,1314,3
2021-08-02,Monterey,053,433212,44188,43842,2001,45843,525
2021-08-02,Napa,055,140530,10652,10490,54,10544,82
2021-08-02,Nevada,057,99092,5949,5611,206,5817,73
2021-08-02,Orange,059,3164182,270594,266050,12244,278294,5146
2021-08-02,Placer,061,380077,26442,25516,1968,27484,306
2021-08-02,Plumas,063,18699,790,762,14,776,5
2021-08-02,Riverside,065,2383286,309318,302756,14590,317346,4562
2021-08-02,Sacramento,067,1510023,119874,117183,2258,119441,1728
2021-08-02,San Benito,069,59416,6317,6276,114,6390,63
2021-08-02,San Bernardino,071,2135413,306937,303000,9396,312396,5253
2021-08-02,San Diego,073,3302833,303586,299021,17464,316485,3798
2021-08-02,San Francisco,075,870044,42994,41553,1617,43170,562
2021-08-02,San Joaquin,077,732212,78729,77447,3932,81379,1461
2021-08-02,San Luis Obispo,079,281455,22631,22093,819,22912,261
2021-08-02,San Mateo,081,765935,45927,45154,625,45779,548
2021-08-02,Santa Barbara,083,443738,36341,35851,1211,37062,469
2021-08-02,Santa Clara,085,1922200,125718,123655,857,124512,2183
2021-08-02,Santa Cruz,087,273765,17099,16746,826,17572,207
2021-08-02,Shasta,089,179085,13381,13049,1780,14829,212
2021-08-02,Sierra,091,2930,78,71,12,83,0
2021-08-02,Siskiyou,093,43540,2105,1992,443,2435,31
2021-08-02,Solano,095,438530,36800,35852,766,36618,260
2021-08-02,Sonoma,097,501317,33949,33132,393,33525,330
2021-08-02,Stanislaus,099,539301,60118,59160,6360,65520,1037
2021-08-02,Sutter,101,95872,10385,10220,107,10327,127
2021-08-02,Tehama,103,63373,5362,5260,617,5877,66
2021-08-02,Trinity,105,12862,518,359,114,473,3
2021-08-02,Tulare,107,460477,51815,50640,9682,60322,854
2021-08-02,Tuolumne,109,53932,4636,4524,49,4573,64
2021-08-02,Ventura,111,848112,85472,84143,3508,87651,1044
2021-08-02,Yolo,113,214977,15430,15072,442,15514,215
2021-08-02,Yuba,115,75493,6906,6743,152,6895,50
2021-08-01,Alameda,001,1643700,98497,96775,2181,98956,1270
2021-08-01,Alpine,002,1148,90,91,0,91,0
2021-08-01,Amador,005,37829,4006,3923,33,3956,48
2021-08-01,Butte,007,227075,13661,13406,2090,15496,205
2021-08-01,Calaveras,009,45235,2389,2341,15,2356,57
2021-08-01,Colusa,011,21464,2057,2014,355,2369,16
2021-08-01,Contra Costa,013,1133247,78893,77360,1520,78880,836
2021-08-01,Del Norte,015,27424,1770,1642,14,1656,8
2021-08-01,El Dorado,017,186661,11502,11189,913,12102,116
2021-08-01,Fresno,019,978130,107192,105339,9113,114452,1744
2021-08-01,Glenn,021,27897,2524,2476,593,3069,20
2021-08-01,Humboldt,023,135768,5401,5118,83,5201,52
2021-08-01,Imperial,025,180216,29499,29297,2712,32009,743
2021-08-01,Inyo,027,18085,1468,1454,13,1467,38
2021-08-01,Kern,029,883053,100810,99396,12086,111482,1357
2021-08-01,Kings,031,150075,24138,23700,1184,24884,249
2021-08-01,Lake,033,64148,4494,4356,16,4372,66
2021-08-01,Lassen,035,31185,5374,5336,121,5457,21
2021-08-01,Los Angeles,037,10098052,1276032,1258461,45021,1303482,24700
2021-08-01,Madera,039,155013,17512,17146,1025,18171,245
2021-08-01,Marin,041,260295,6728,14844,291,15135,239
2021-08-01,Mariposa,043,17540,503,482,11,493,5
2021-08-01,Mendocino,045,87422,4659,4476,99,4575,49
2021-08-01,Merced,047,269075,32300,32144,1110,33254,474
2021-08-01,Modoc,049,8938,424,413,147,560,5
2021-08-01,Mono,051,14174,1310,1294,18,1312,3
2021-08-01,Monterey,053,433212,44141,43808,1988,45796,525
2021-08-01,Napa,055,140530,10603,10473,52,10525,82
2021-08-01,Nevada,057,99092,5862,5561,205,5766,73
2021-08-01,Orange,059,3164182,269779,265467,12201,277668,5146
2021-08-01,Placer,061,380077,26225,25464,1938,27402,306
2021-08-01,Plumas,063,18699,784,761,14,775,5
2021-08-01,Riverside,065,2383286,308385,302256,14572,316828,4562
2021-08-01,Sacramento,067,1510023,119136,116923,2244,119167,1727
2021-08-01,San Benito,069,59416,6300,6271,114,6385,63
2021-08-01,San Bernardino,071,2135413,306003,302542,9385,311927,5248
2021-08-01,San Diego,073,3302833,302400,298002,17399,315401,3798
2021-08-01,San Francisco,075,870044,42657,41432,1604,43036,562
2021-08-01,San Joaquin,077,732212,78362,77338,3907,81245,1461
2021-08-01,San Luis Obispo,079,281455,22529,22083,814,22897,261
2021-08-01,San Mateo,081,765935,45744,45036,618,45654,548
2021-08-01,Santa Barbara,083,443738,36217,35809,1207,37016,469
2021-08-01,Santa Clara,085,1922200,125306,123511,849,124360,2183
2021-08-01,Santa Cruz,087,273765,17021,16709,819,17528,207
2021-08-01,Shasta,089,179085,13310,13036,1771,14807,212
2021-08-01,Sierra,091,2930,76,71,12,83,0
2021-08-01,Siskiyou,093,43540,2099,1989,437,2426,31
2021-08-01,Solano,095,438530,36565,35800,757,36557,260
2021-08-01,Sonoma,097,501317,33757,33076,390,33466,330
2021-08-01,Stanislaus,099,539301,59881,59078,6328,65406,1037
2021-08-01,Sutter,101,95872,10330,10198,104,10302,127
2021-08-01,Tehama,103,63373,5345,5252,613,5865,66
2021-08-01,Trinity,105,12862,515,359,113,472,3
2021-08-01,Tulare,107,460477,51658,50600,9621,60221,854
2021-08-01,Tuolumne,109,53932,4598,4489,49,4538,64
2021-08-01,Ventura,111,848112,85242,84040,3493,87533,1044
2021-08-01,Yolo,113,214977,15360,15042,432,15474,215
2021-08-01,Yuba,115,75493,6869,6721,151,6872,50
2021-07-31,Alameda,001,1643700,98165,95279,2176,97455,1265
2021-07-31,Alpine,002,1148,90,89,0,89,0
2021-07-31,Amador,005,37829,3986,3877,33,3910,48
2021-07-31,Butte,007,227075,13627,13235,2069,15304,205
2021-07-31,Calaveras,009,45235,2380,2294,15,2309,57
2021-07-31,Colusa,011,21464,2051,2006,353,2359,16
2021-07-31,Contra Costa,013,1133247,78613,75866,1518,77384,832
2021-07-31,Del Norte,015,27424,1744,1576,14,1590,8
2021-07-31,El Dorado,017,186661,11449,11017,907,11924,116
2021-07-31,Fresno,019,978130,107033,104639,9100,113739,1744
2021-07-31,Glenn,021,27897,2519,2465,588,3053,20
2021-07-31,Humboldt,023,135768,5346,4978,82,5060,52
2021-07-31,Imperial,025,180216,29482,29164,2709,31873,743
2021-07-31,Inyo,027,18085,1465,1442,13,1455,38
2021-07-31,Kern,029,883053,100645,98903,12027,110930,1357
2021-07-31,Kings,031,150075,24085,23548,1179,24727,248
2021-07-31,Lake,033,64148,4469,4238,16,4254,66
2021-07-31,Lassen,035,31185,5367,5320,121,5441,21
2021-07-31,Los Angeles,037,10098052,1273826,1248545,44880,1293425,24691
2021-07-31,Madera,039,155013,17479,17058,1019,18077,245
2021-07-31,Marin,041,260295,6684,14701,290,14991,239
2021-07-31,Mariposa,043,17540,494,470,11,481,5
2021-07-31,Mendocino,045,87422,4634,4400,96,4496,49
2021-07-31,Merced,047,269075,32252,31959,1105,33064,474
2021-07-31,Modoc,049,8938,424,413,147,560,5
2021-07-31,Mono,051,14174,1308,1287,18,1305,3
2021-07-31,Monterey,053,433212,44101,43720,1978,45698,525
2021-07-31,Napa,055,140530,10584,10401,51,10452,82
2021-07-31,Nevada,057,99092,5824,5373,204,5577,72
2021-07-31,Orange,059,3164182,269204,263446,12183,275629,5144
2021-07-31,Placer,061,380077,26093,25104,1931,27035,306
2021-07-31,Plumas,063,18699,781,743,14,757,5
2021-07-31,Riverside,065,2383286,307768,300315,14563,314878,4554
2021-07-31,Sacramento,067,1510023,118724,115259,2236,117495,1720
2021-07-31,San Benito,069,59416,6289,6251,114,6365,63
2021-07-31,San Bernardino,071,2135413,305429,300726,9382,310108,5240
2021-07-31,San Diego,073,3302833,301727,295054,17353,312407,3798
2021-07-31,San Francisco,075,870044,42429,40412,1584,41996,562
2021-07-31,San Joaquin,077,732212,78197,76575,3894,80469,1443
2021-07-31,San Luis Obispo,079,281455,22476,21922,812,22734,260
2021-07-31,San Mateo,081,765935,45587,44622,613,45235,548
2021-07-31,Santa Barbara,083,443738,36136,35531,1206,36737,467
2021-07-31,Santa Clara,085,1922200,125051,122614,847,123461,2099
2021-07-31,Santa Cruz,087,273765,16982,16576,818,17394,207
2021-07-31,Shasta,089,179085,13273,12918,1763,14681,212
2021-07-31,Sierra,091,2930,76,68,12,80,0
2021-07-31,Siskiyou,093,43540,2090,1976,431,2407,31
2021-07-31,Solano,095,438530,36463,35340,750,36090,263
2021-07-31,Sonoma,097,501317,33631,32601,390,32991,329
2021-07-31,Stanislaus,099,539301,59722,58586,6306,64892,1035
2021-07-31,Sutter,101,95872,10296,10068,103,10171,127
2021-07-31,Tehama,103,63373,5330,5216,610,5826,66
2021-07-31,Trinity,105,12862,514,354,112,466,3
2021-07-31,Tulare,107,460477,51568,50409,9568,59977,854
2021-07-31,Tuolumne,109,53932,4559,4362,49,4411,64
2021-07-31,Ventura,111,848112,85081,83509,3477,86986,1044
2021-07-31,Yolo,113,214977,15312,14863,421,15284,215
2021-07-31,Yuba,115,75493,6846,6615,147,6762,50
2021-07-30,Alameda,001,1643700,97840,95279,2172,97451,1265
2021-07-30,Alpine,002,1148,90,89,0,89,0
2021-07-30,Amador,005,37829,3963,3877,33,3910,48
2021-07-30,Butte,007,227075,13572,13235,2056,15291,205
2021-07-30,Calaveras,009,45235,2370,2294,15,2309,57
2021-07-30,Colusa,011,21464,2047,2006,351,2357,16
2021-07-30,Contra Costa,013,1133247,78367,75866,1514,77380,832
2021-07-30,Del Norte,015,27424,1726,1576,14,1590,8
2021-07-30,El Dorado,017,186661,11416,11017,901,11918,116
2021-07-30,Fresno,019,978130,106838,104639,9088,113727,1744
2021-07-30,Glenn,021,27897,2514,2465,587,3052,20
2021-07-30,Humboldt,023,135768,5283,4978,79,5057,52
2021-07-30,Imperial,025,180216,29468,29164,2706,31870,743
2021-07-30,Inyo,027,18085,1464,1442,13,1455,38
2021-07-30,Kern,029,883053,100521,98903,11980,110883,1357
2021-07-30,Kings,031,150075,24045,23548,1175,24723,248
2021-07-30,Lake,033,64148,4441,4238,16,4254,66
2021-07-30,Lassen,035,31185,5363,5320,121,5441,21
2021-07-30,Los Angeles,037,10098052,1271491,1248545,44734,1293279,24691
2021-07-30,Madera,039,155013,17437,17058,1016,18074,245
2021-07-30,Marin,041,260295,6650,14701,290,14991,239
2021-07-30,Mariposa,043,17540,490,470,11,481,5
2021-07-30,Mendocino,045,87422,4604,4400,95,4495,49
2021-07-30,Merced,047,269075,32211,31959,1101,33060,474
2021-07-30,Modoc,049,8938,422,413,147,560,5
2021-07-30,Mono,051,14174,1303,1287,18,1305,3
2021-07-30,Monterey,053,433212,44067,43720,1969,45689,525
2021-07-30,Napa,055,140530,10562,10401,50,10451,82
2021-07-30,Nevada,057,99092,5768,5373,204,5577,72
2021-07-30,Orange,059,3164182,268578,263446,12157,275603,5144
2021-07-30,Placer,061,380077,26003,25104,1913,27017,306
2021-07-30,Plumas,063,18699,776,743,14,757,5
2021-07-30,Riverside,065,2383286,307131,300315,14552,314867,4554
2021-07-30,Sacramento,067,1510023,118272,115259,2230,117489,1720
2021-07-30,San Benito,069,59416,6282,6251,114,6365,63
2021-07-30,San Bernardino,071,2135413,304915,300726,9375,310101,5240
2021-07-30,San Diego,073,3302833,300950,295054,17295,312349,3798
2021-07-30,San Francisco,075,870044,42216,40412,1570,41982,562
2021-07-30,San Joaquin,077,732212,78043,76575,3889,80464,1443
2021-07-30,San Luis Obispo,079,281455,22438,21922,808,22730,260
2021-07-30,San Mateo,081,765935,45462,44622,600,45222,548
2021-07-30,Santa Barbara,083,443738,36067,35531,1200,36731,467
2021-07-30,Santa Clara,085,1922200,124827,122614,845,123459,2099
2021-07-30,Santa Cruz,087,273765,16956,16576,816,17392,207
2021-07-30,Shasta,089,179085,13228,12918,1763,14681,212
2021-07-30,Sierra,091,2930,75,68,12,80,0
2021-07-30,Siskiyou,093,43540,2081,1976,430,2406,31
2021-07-30,Solano,095,438530,36371,35340,734,36074,263
2021-07-30,Sonoma,097,501317,33536,32601,390,32991,329
2021-07-30,Stanislaus,099,539301,59579,58586,6286,64872,1035
2021-07-30,Sutter,101,95872,10261,10068,103,10171,127
2021-07-30,Tehama,103,63373,5320,5216,610,5826,66
2021-07-30,Trinity,105,12862,514,354,112,466,3
2021-07-30,Tulare,107,460477,51525,50409,9533,59942,854
2021-07-30,Tuolumne,109,53932,4541,4362,49,4411,64
2021-07-30,Ventura,111,848112,84917,83509,3462,86971,1044
2021-07-30,Yolo,113,214977,15252,14863,417,15280,215
2021-07-30,Yuba,115,75493,6810,6615,146,6761,50
2021-07-29,Alameda,001,1643700,97428,95279,2166,97445,1265
2021-07-29,Alpine,002,1148,90,89,0,89,0
2021-07-29,Amador,005,37829,3944,3877,33,3910,48
2021-07-29,Butte,007,227075,13523,13235,2048,15283,205
2021-07-29,Calaveras,009,45235,2355,2294,15,2309,57
2021-07-29,Colusa,011,21464,2040,2006,351,2357,16
2021-07-29,Contra Costa,013,1133247,77927,75866,1512,77378,832
2021-07-29,Del Norte,015,27424,1702,1576,14,1590,8
2021-07-29,El Dorado,017,186661,11352,11017,889,11906,116
2021-07-29,Fresno,019,978130,106573,104639,9062,113701,1744
2021-07-29,Glenn,021,27897,2504,2465,586,3051,20
2021-07-29,Humboldt,023,135768,5223,4978,77,5055,52
2021-07-29,Imperial,025,180216,29423,29164,2704,31868,743
2021-07-29,Inyo,027,18085,1460,1442,13,1455,38
2021-07-29,Kern,029,883053,100314,98903,11903,110806,1357
2021-07-29,Kings,031,150075,23999,23548,1171,24719,248
2021-07-29,Lake,033,64148,4406,4238,16,4254,66
2021-07-29,Lassen,035,31185,5355,5320,118,5438,21
2021-07-29,Los Angeles,037,10098052,1268385,1248545,44558,1293103,24691
2021-07-29,Madera,039,155013,17390,17058,1012,18070,245
2021-07-29,Marin,041,260295,6606,14701,290,14991,239
2021-07-29,Mariposa,043,17540,486,470,11,481,5
2021-07-29,Mendocino,045,87422,4581,4400,93,4493,49
2021-07-29,Merced,047,269075,32156,31959,1101,33060,474
2021-07-29,Modoc,049,8938,422,413,147,560,5
2021-07-29,Mono,051,14174,1301,1287,18,1305,3
2021-07-29,Monterey,053,433212,44018,43720,1959,45679,525
2021-07-29,Napa,055,140530,10530,10401,48,10449,82
2021-07-29,Nevada,057,99092,5716,5373,203,5576,72
2021-07-29,Orange,059,3164182,267866,263446,12125,275571,5144
2021-07-29,Placer,061,380077,25880,25104,1898,27002,306
2021-07-29,Plumas,063,18699,768,743,14,757,5
2021-07-29,Riverside,065,2383286,306426,300315,14528,314843,4554
2021-07-29,Sacramento,067,1510023,117717,115259,2217,117476,1720
2021-07-29,San Benito,069,59416,6271,6251,114,6365,63
2021-07-29,San Bernardino,071,2135413,304278,300726,9366,310092,5240
2021-07-29,San Diego,073,3302833,299889,295054,17227,312281,3798
2021-07-29,San Francisco,075,870044,41965,40412,1549,41961,562
2021-07-29,San Joaquin,077,732212,77788,76575,3881,80456,1443
2021-07-29,San Luis Obispo,079,281455,22383,21922,806,22728,260
2021-07-29,San Mateo,081,765935,45335,44622,590,45212,548
2021-07-29,Santa Barbara,083,443738,35981,35531,1199,36730,467
2021-07-29,Santa Clara,085,1922200,124531,122614,842,123456,2099
2021-07-29,Santa Cruz,087,273765,16903,16576,814,17390,207
2021-07-29,Shasta,089,179085,13174,12918,1754,14672,212
2021-07-29,Sierra,091,2930,75,68,12,80,0
2021-07-29,Siskiyou,093,43540,2076,1976,428,2404,31
2021-07-29,Solano,095,438530,36211,35340,724,36064,263
2021-07-29,Sonoma,097,501317,33362,32601,388,32989,329
2021-07-29,Stanislaus,099,539301,59407,58586,6271,64857,1035
2021-07-29,Sutter,101,95872,10215,10068,102,10170,127
2021-07-29,Tehama,103,63373,5307,5216,604,5820,66
2021-07-29,Trinity,105,12862,512,354,111,465,3
2021-07-29,Tulare,107,460477,51435,50409,9493,59902,854
2021-07-29,Tuolumne,109,53932,4501,4362,48,4410,64
2021-07-29,Ventura,111,848112,84751,83509,3455,86964,1044
2021-07-29,Yolo,113,214977,15185,14863,403,15266,215
2021-07-29,Yuba,115,75493,6761,6615,143,6758,50
2021-07-28,Alameda,001,1643700,96968,94965,2159,97124,1262
2021-07-28,Alpine,002,1148,90,89,0,89,0
2021-07-28,Amador,005,37829,3930,3870,33,3903,48
2021-07-28,Butte,007,227075,13466,13184,2035,15219,205
2021-07-28,Calaveras,009,45235,2334,2289,15,2304,57
2021-07-28,Colusa,011,21464,2037,2001,350,2351,16
2021-07-28,Contra Costa,013,1133247,77438,75487,1504,76991,832
2021-07-28,Del Norte,015,27424,1669,1545,14,1559,8
2021-07-28,El Dorado,017,186661,11302,10967,880,11847,116
2021-07-28,Fresno,019,978130,106320,104458,9042,113500,1744
2021-07-28,Glenn,021,27897,2501,2464,583,3047,20
2021-07-28,Humboldt,023,135768,5172,4946,76,5022,52
2021-07-28,Imperial,025,180216,29376,29096,2704,31800,743
2021-07-28,Inyo,027,18085,1454,1439,12,1451,38
2021-07-28,Kern,029,883053,100158,98781,11857,110638,1352
2021-07-28,Kings,031,150075,23935,23503,1161,24664,248
2021-07-28,Lake,033,64148,4360,4191,15,4206,65
2021-07-28,Lassen,035,31185,5347,5318,118,5436,21
2021-07-28,Los Angeles,037,10098052,1265208,1245485,44375,1289860,24673
2021-07-28,Madera,039,155013,17349,17024,1006,18030,245
2021-07-28,Marin,041,260295,6552,14652,290,14942,239
2021-07-28,Mariposa,043,17540,479,469,11,480,5
2021-07-28,Mendocino,045,87422,4553,4377,93,4470,49
2021-07-28,Merced,047,269075,32100,31886,1097,32983,474
2021-07-28,Modoc,049,8938,420,413,147,560,5
2021-07-28,Mono,051,14174,1300,1286,18,1304,3
2021-07-28,Monterey,053,433212,43971,43668,1950,45618,524
2021-07-28,Napa,055,140530,10490,10376,46,10422,82
2021-07-28,Nevada,057,99092,5663,5320,203,5523,72
2021-07-28,Orange,059,3164182,267074,262735,12096,274831,5143
2021-07-28,Placer,061,380077,25733,24978,1883,26861,306
2021-07-28,Plumas,063,18699,763,754,14,768,5
2021-07-28,Riverside,065,2383286,305659,299611,14509,314120,4554
2021-07-28,Sacramento,067,1510023,117063,114665,2198,116863,1714
2021-07-28,San Benito,069,59416,6260,6236,114,6350,63
2021-07-28,San Bernardino,071,2135413,303656,300121,9354,309475,5236
2021-07-28,San Diego,073,3302833,298614,294176,17154,311330,3798
2021-07-28,San Francisco,075,870044,41661,40144,1523,41667,561
2021-07-28,San Joaquin,077,732212,77537,76312,3851,80163,1443
2021-07-28,San Luis Obispo,079,281455,22324,21865,805,22670,260
2021-07-28,San Mateo,081,765935,45184,44477,581,45058,547
2021-07-28,Santa Barbara,083,443738,35906,35431,1194,36625,467
2021-07-28,Santa Clara,085,1922200,124269,122345,840,123185,2099
2021-07-28,Santa Cruz,087,273765,16865,16551,813,17364,207
2021-07-28,Shasta,089,179085,13129,12882,1744,14626,212
2021-07-28,Sierra,091,2930,71,67,12,79,0
2021-07-28,Siskiyou,093,43540,2067,1971,425,2396,31
2021-07-28,Solano,095,438530,36038,35204,717,35921,262
2021-07-28,Sonoma,097,501317,33218,32434,385,32819,328
2021-07-28,Stanislaus,099,539301,59210,58427,6255,64682,1035
2021-07-28,Sutter,101,95872,10183,10033,101,10134,126
2021-07-28,Tehama,103,63373,5295,5209,601,5810,66
2021-07-28,Trinity,105,12862,511,352,111,463,3
2021-07-28,Tulare,107,460477,51347,50363,9446,59809,854
2021-07-28,Tuolumne,109,53932,4462,4313,48,4361,64
2021-07-28,Ventura,111,848112,84555,83360,3439,86799,1043
2021-07-28,Yolo,113,214977,15113,14801,394,15195,215
2021-07-28,Yuba,115,75493,6728,6591,142,6733,51
2021-07-27,Alameda,001,1643700,96567,94682,2151,96833,1256
2021-07-27,Alpine,002,1148,90,89,0,89,0
2021-07-27,Amador,005,37829,3914,3861,33,3894,48
2021-07-27,Butte,007,227075,13419,13127,2023,15150,205
2021-07-27,Calaveras,009,45235,2323,2280,15,2295,57
2021-07-27,Colusa,011,21464,2028,1999,349,2348,16
2021-07-27,Contra Costa,013,1133247,76953,75227,1500,76727,830
2021-07-27,Del Norte,015,27424,1649,1538,14,1552,8
2021-07-27,El Dorado,017,186661,11242,10941,870,11811,116
2021-07-27,Fresno,019,978130,106028,104288,9019,113307,1746
2021-07-27,Glenn,021,27897,2493,2460,581,3041,20
2021-07-27,Humboldt,023,135768,5118,4925,75,5000,52
2021-07-27,Imperial,025,180216,29331,29048,2703,31751,743
2021-07-27,Inyo,027,18085,1452,1430,12,1442,38
2021-07-27,Kern,029,883053,99988,98724,11801,110525,1352
2021-07-27,Kings,031,150075,23878,23463,1151,24614,248
2021-07-27,Lake,033,64148,4321,4157,15,4172,65
2021-07-27,Lassen,035,31185,5341,5315,118,5433,21
2021-07-27,Los Angeles,037,10098052,1261738,1243336,44172,1287508,24658
2021-07-27,Madera,039,155013,17296,16998,1000,17998,245
2021-07-27,Marin,041,260295,6504,14631,287,14918,239
2021-07-27,Mariposa,043,17540,476,468,11,479,5
2021-07-27,Mendocino,045,87422,4530,4371,93,4464,49
2021-07-27,Merced,047,269075,32033,31825,1094,32919,473
2021-07-27,Modoc,049,8938,419,413,147,560,5
2021-07-27,Mono,051,14174,1296,1288,18,1306,3
2021-07-27,Monterey,053,433212,43931,43646,1939,45585,523
2021-07-27,Napa,055,140530,10460,10354,46,10400,82
2021-07-27,Nevada,057,99092,5586,5305,201,5506,72
2021-07-27,Orange,059,3164182,266334,262193,12070,274263,5143
2021-07-27,Placer,061,380077,25574,24916,1857,26773,306
2021-07-27,Plumas,063,18699,760,752,14,766,5
2021-07-27,Riverside,065,2383286,304930,299160,14490,313650,4554
2021-07-27,Sacramento,067,1510023,116460,114413,2189,116602,1710
2021-07-27,San Benito,069,59416,6251,6229,114,6343,63
2021-07-27,San Bernardino,071,2135413,302973,299593,9332,308925,5236
2021-07-27,San Diego,073,3302833,297524,293408,17075,310483,3798
2021-07-27,San Francisco,075,870044,41305,39939,1505,41444,561
2021-07-27,San Joaquin,077,732212,77275,76166,3832,79998,1442
2021-07-27,San Luis Obispo,079,281455,22269,21803,796,22599,260
2021-07-27,San Mateo,081,765935,45033,44378,578,44956,547
2021-07-27,Santa Barbara,083,443738,35811,35355,1192,36547,467
2021-07-27,Santa Clara,085,1922200,123975,122154,838,122992,2099
2021-07-27,Santa Cruz,087,273765,16819,16523,812,17335,207
2021-07-27,Shasta,089,179085,13079,12846,1731,14577,212
2021-07-27,Sierra,091,2930,71,65,12,77,0
2021-07-27,Siskiyou,093,43540,2062,1964,422,2386,31
2021-07-27,Solano,095,438530,35906,35093,707,35800,261
2021-07-27,Sonoma,097,501317,33074,32367,383,32750,328
2021-07-27,Stanislaus,099,539301,59042,58333,6227,64560,1033
2021-07-27,Sutter,101,95872,10142,9998,101,10099,115
2021-07-27,Tehama,103,63373,5273,5192,599,5791,66
2021-07-27,Trinity,105,12862,510,351,111,462,3
2021-07-27,Tulare,107,460477,51281,50324,9415,59739,854
2021-07-27,Tuolumne,109,53932,4410,4282,48,4330,64
2021-07-27,Ventura,111,848112,84347,83189,3427,86616,1043
2021-07-27,Yolo,113,214977,15040,14759,388,15147,215
2021-07-27,Yuba,115,75493,6706,6564,140,6704,51
2021-07-26,Alameda,001,1643700,96122,94436,2147,96583,1259
2021-07-26,Alpine,002,1148,90,89,0,89,0
2021-07-26,Amador,005,37829,3904,3854,33,3887,48
2021-07-26,Butte,007,227075,13364,13082,2007,15089,203
2021-07-26,Calaveras,009,45235,2317,2276,15,2291,57
2021-07-26,Colusa,011,21464,2021,1996,347,2343,16
2021-07-26,Contra Costa,013,1133247,76457,74854,1493,76347,830
2021-07-26,Del Norte,015,27424,1628,1530,14,1544,8
2021-07-26,El Dorado,017,186661,11178,10899,867,11766,116
2021-07-26,Fresno,019,978130,105823,104143,8996,113139,1742
2021-07-26,Glenn,021,27897,2491,2461,580,3041,20
2021-07-26,Humboldt,023,135768,5079,4906,73,4979,52
2021-07-26,Imperial,025,180216,29291,29034,2703,31737,743
2021-07-26,Inyo,027,18085,1447,1429,12,1441,38
2021-07-26,Kern,029,883053,99822,98633,11736,110369,1351
2021-07-26,Kings,031,150075,23829,23426,1147,24573,247
2021-07-26,Lake,033,64148,4300,4133,15,4148,65
2021-07-26,Lassen,035,31185,5337,5314,118,5432,21
2021-07-26,Los Angeles,037,10098052,1258390,1241527,44002,1285529,24647
2021-07-26,Madera,039,155013,17268,16971,993,17964,245
2021-07-26,Marin,041,260295,6447,14579,286,14865,239
2021-07-26,Mariposa,043,17540,475,467,11,478,5
2021-07-26,Mendocino,045,87422,4509,4354,93,4447,49
2021-07-26,Merced,047,269075,31942,31774,1090,32864,473
2021-07-26,Modoc,049,8938,419,413,147,560,5
2021-07-26,Mono,051,14174,1295,1286,18,1304,3
2021-07-26,Monterey,053,433212,43888,43595,1927,45522,521
2021-07-26,Napa,055,140530,10437,10332,46,10378,82
2021-07-26,Nevada,057,99092,5500,5280,201,5481,72
2021-07-26,Orange,059,3164182,265695,261803,12050,273853,5142
2021-07-26,Placer,061,380077,25437,24842,1836,26678,304
2021-07-26,Plumas,063,18699,756,750,14,764,5
2021-07-26,Riverside,065,2383286,304237,298626,14476,313102,4553
2021-07-26,Sacramento,067,1510023,115861,113986,2173,116159,1705
2021-07-26,San Benito,069,59416,6245,6222,114,6336,63
2021-07-26,San Bernardino,071,2135413,302357,299238,9319,308557,5237
2021-07-26,San Diego,073,3302833,296413,292688,16993,309681,3793
2021-07-26,San Francisco,075,870044,40943,39800,1479,41279,561
2021-07-26,San Joaquin,077,732212,77040,76033,3828,79861,1440
2021-07-26,San Luis Obispo,079,281455,22220,21752,793,22545,260
2021-07-26,San Mateo,081,765935,44885,44297,570,44867,547
2021-07-26,Santa Barbara,083,443738,35738,35311,1180,36491,467
2021-07-26,Santa Clara,085,1922200,123666,121978,829,122807,2099
2021-07-26,Santa Cruz,087,273765,16779,16493,809,17302,207
2021-07-26,Shasta,089,179085,13030,12819,1720,14539,211
2021-07-26,Sierra,091,2930,70,65,12,77,0
2021-07-26,Siskiyou,093,43540,2059,1962,420,2382,31
2021-07-26,Solano,095,438530,35751,34990,700,35690,259
2021-07-26,Sonoma,097,501317,32938,32283,381,32664,328
2021-07-26,Stanislaus,099,539301,58897,58219,6208,64427,1033
2021-07-26,Sutter,101,95872,10102,9963,98,10061,115
2021-07-26,Tehama,103,63373,5263,5183,595,5778,66
2021-07-26,Trinity,105,12862,510,351,110,461,3
2021-07-26,Tulare,107,460477,51215,50265,9386,59651,854
2021-07-26,Tuolumne,109,53932,4380,4271,47,4318,64
2021-07-26,Ventura,111,848112,84174,83072,3412,86484,1041
2021-07-26,Yolo,113,214977,14979,14727,376,15103,215
2021-07-26,Yuba,115,75493,6672,6538,138,6676,51
2021-07-25,Alameda,001,1643700,95634,94146,2142,96288,1259
2021-07-25,Alpine,002,1148,88,89,0,89,0
2021-07-25,Amador,005,37829,3889,3848,33,3881,48
2021-07-25,Butte,007,227075,13325,13074,1995,15069,203
2021-07-25,Calaveras,009,45235,2306,2275,15,2290,57
2021-07-25,Colusa,011,21464,2012,1996,343,2339,16
2021-07-25,Contra Costa,013,1133247,75973,74634,1479,76113,830
2021-07-25,Del Norte,015,27424,1607,1526,14,1540,8
2021-07-25,El Dorado,017,186661,11121,10878,863,11741,116
2021-07-25,Fresno,019,978130,105581,104019,8980,112999,1742
2021-07-25,Glenn,021,27897,2482,2461,578,3039,20
2021-07-25,Humboldt,023,135768,5020,4892,72,4964,52
2021-07-25,Imperial,025,180216,29255,29037,2703,31740,743
2021-07-25,Inyo,027,18085,1442,1427,12,1439,38
2021-07-25,Kern,029,883053,99650,98503,11665,110168,1351
2021-07-25,Kings,031,150075,23775,23396,1143,24539,247
2021-07-25,Lake,033,64148,4247,4109,14,4123,65
2021-07-25,Lassen,035,31185,5332,5314,118,5432,21
2021-07-25,Los Angeles,037,10098052,1254969,1239596,43810,1283406,24643
2021-07-25,Madera,039,155013,17231,16947,986,17933,245
2021-07-25,Marin,041,260295,6398,14558,283,14841,239
2021-07-25,Mariposa,043,17540,472,465,11,476,5
2021-07-25,Mendocino,045,87422,4480,4335,91,4426,49
2021-07-25,Merced,047,269075,31869,31760,1088,32848,473
2021-07-25,Modoc,049,8938,419,413,147,560,5
2021-07-25,Mono,051,14174,1292,1286,18,1304,3
2021-07-25,Monterey,053,433212,43850,43590,1919,45509,521
2021-07-25,Napa,055,140530,10401,10316,45,10361,82
2021-07-25,Nevada,057,99092,5435,5256,198,5454,72
2021-07-25,Orange,059,3164182,264986,261351,12027,273378,5142
2021-07-25,Placer,061,380077,25315,24755,1815,26570,304
2021-07-25,Plumas,063,18699,754,750,14,764,5
2021-07-25,Riverside,065,2383286,303473,298181,14459,312640,4553
2021-07-25,Sacramento,067,1510023,115310,113611,2158,115769,1704
2021-07-25,San Benito,069,59416,6238,6217,114,6331,63
2021-07-25,San Bernardino,071,2135413,301698,298982,9312,308294,5237
2021-07-25,San Diego,073,3302833,295351,290626,16919,307545,3793
2021-07-25,San Francisco,075,870044,40593,39663,1454,41117,561
2021-07-25,San Joaquin,077,732212,76783,75926,3809,79735,1440
2021-07-25,San Luis Obispo,079,281455,22147,21741,790,22531,260
2021-07-25,San Mateo,081,765935,44723,44189,564,44753,547
2021-07-25,Santa Barbara,083,443738,35658,35261,1177,36438,467
2021-07-25,Santa Clara,085,1922200,123336,121800,824,122624,2099
2021-07-25,Santa Cruz,087,273765,16732,16474,808,17282,207
2021-07-25,Shasta,089,179085,12983,12815,1715,14530,211
2021-07-25,Sierra,091,2930,70,65,12,77,0
2021-07-25,Siskiyou,093,43540,2051,1963,417,2380,31
2021-07-25,Solano,095,438530,35559,34863,697,35560,259
2021-07-25,Sonoma,097,501317,32813,32202,378,32580,328
2021-07-25,Stanislaus,099,539301,58731,58154,6203,64357,1033
2021-07-25,Sutter,101,95872,10049,9937,96,10033,115
2021-07-25,Tehama,103,63373,5247,5181,594,5775,66
2021-07-25,Trinity,105,12862,508,351,108,459,3
2021-07-25,Tulare,107,460477,51141,50221,9348,59569,854
2021-07-25,Tuolumne,109,53932,4329,4267,47,4314,64
2021-07-25,Ventura,111,848112,83960,82986,3389,86375,1041
2021-07-25,Yolo,113,214977,14918,14693,362,15055,215
2021-07-25,Yuba,115,75493,6640,6519,138,6657,51
2021-07-24,Alameda,001,1643700,95353,93170,2138,95308,1259
2021-07-24,Alpine,002,1148,88,89,0,89,0
2021-07-24,Amador,005,37829,3880,3816,33,3849,48
2021-07-24,Butte,007,227075,13296,12982,1991,14973,203
2021-07-24,Calaveras,009,45235,2301,2267,15,2282,57
2021-07-24,Colusa,011,21464,2011,1992,341,2333,16
2021-07-24,Contra Costa,013,1133247,75745,73682,1476,75158,830
2021-07-24,Del Norte,015,27424,1596,1497,14,1511,8
2021-07-24,El Dorado,017,186661,11087,10773,860,11633,116
2021-07-24,Fresno,019,978130,105463,103637,8970,112607,1736
2021-07-24,Glenn,021,27897,2480,2457,578,3035,20
2021-07-24,Humboldt,023,135768,4985,4780,71,4851,52
2021-07-24,Imperial,025,180216,29235,28996,2703,31699,742
2021-07-24,Inyo,027,18085,1439,1424,12,1436,38
2021-07-24,Kern,029,883053,99572,98261,11643,109904,1350
2021-07-24,Kings,031,150075,23744,23304,1140,24444,246
2021-07-24,Lake,033,64148,4224,3963,14,3977,64
2021-07-24,Lassen,035,31185,5331,5311,118,5429,21
2021-07-24,Los Angeles,037,10098052,1253191,1232164,43683,1275847,24623
2021-07-24,Madera,039,155013,17207,16885,984,17869,245
2021-07-24,Marin,041,260295,6359,14454,283,14737,238
2021-07-24,Mariposa,043,17540,472,453,11,464,5
2021-07-24,Mendocino,045,87422,4455,4293,91,4384,49
2021-07-24,Merced,047,269075,31847,31661,1087,32748,473
2021-07-24,Modoc,049,8938,419,413,147,560,5
2021-07-24,Mono,051,14174,1290,1284,18,1302,3
2021-07-24,Monterey,053,433212,43825,43525,1912,45437,521
2021-07-24,Napa,055,140530,10385,10230,45,10275,81
2021-07-24,Nevada,057,99092,5403,5183,198,5381,72
2021-07-24,Orange,059,3164182,264519,259973,12015,271988,5141
2021-07-24,Placer,061,380077,25233,24530,1810,26340,303
2021-07-24,Plumas,063,18699,753,737,14,751,4
2021-07-24,Riverside,065,2383286,303005,296912,14449,311361,4552
2021-07-24,Sacramento,067,1510023,114995,112438,2154,114592,1698
2021-07-24,San Benito,069,59416,6234,6200,113,6313,63
2021-07-24,San Bernardino,071,2135413,301307,297899,9303,307202,5236
2021-07-24,San Diego,073,3302833,294885,289368,16891,306259,3788
2021-07-24,San Francisco,075,870044,40420,38954,1438,40392,561
2021-07-24,San Joaquin,077,732212,76655,75461,3798,79259,1436
2021-07-24,San Luis Obispo,079,281455,22116,21616,788,22404,260
2021-07-24,San Mateo,081,765935,44606,43880,558,44438,542
2021-07-24,Santa Barbara,083,443738,35599,35071,1173,36244,465
2021-07-24,Santa Clara,085,1922200,123124,121092,823,121915,2099
2021-07-24,Santa Cruz,087,273765,16709,16416,808,17224,207
2021-07-24,Shasta,089,179085,12955,12759,1712,14471,211
2021-07-24,Sierra,091,2930,69,64,12,76,0
2021-07-24,Siskiyou,093,43540,2051,1951,417,2368,31
2021-07-24,Solano,095,438530,35470,34499,688,35187,259
2021-07-24,Sonoma,097,501317,32688,31928,376,32304,327
2021-07-24,Stanislaus,099,539301,58639,57879,6193,64072,1030
2021-07-24,Sutter,101,95872,10022,9890,96,9986,115
2021-07-24,Tehama,103,63373,5240,5166,592,5758,65
2021-07-24,Trinity,105,12862,508,345,108,453,3
2021-07-24,Tulare,107,460477,51098,50104,9331,59435,854
2021-07-24,Tuolumne,109,53932,4303,4216,47,4263,64
2021-07-24,Ventura,111,848112,83833,82687,3373,86060,1041
2021-07-24,Yolo,113,214977,14880,14557,358,14915,214
2021-07-24,Yuba,115,75493,6621,6449,138,6587,51
2021-07-23,Alameda,001,1643700,95098,93170,2134,95304,1259
2021-07-23,Alpine,002,1148,88,89,0,89,0
2021-07-23,Amador,005,37829,3873,3816,33,3849,48
2021-07-23,Butte,007,227075,13267,12982,1982,14964,203
2021-07-23,Calaveras,009,45235,2291,2267,15,2282,57
2021-07-23,Colusa,011,21464,2010,1992,341,2333,16
2021-07-23,Contra Costa,013,1133247,75485,73682,1467,75149,830
2021-07-23,Del Norte,015,27424,1588,1497,14,1511,8
2021-07-23,El Dorado,017,186661,11058,10773,856,11629,116
2021-07-23,Fresno,019,978130,105331,103637,8958,112595,1736
2021-07-23,Glenn,021,27897,2478,2457,575,3032,20
2021-07-23,Humboldt,023,135768,4963,4780,68,4848,52
2021-07-23,Imperial,025,180216,29223,28996,2703,31699,742
2021-07-23,Inyo,027,18085,1436,1424,12,1436,38
2021-07-23,Kern,029,883053,99490,98261,11618,109879,1350
2021-07-23,Kings,031,150075,23713,23304,1137,24441,246
2021-07-23,Lake,033,64148,4195,3963,14,3977,64
2021-07-23,Lassen,035,31185,5329,5311,118,5429,21
2021-07-23,Los Angeles,037,10098052,1251248,1232164,43576,1275740,24623
2021-07-23,Madera,039,155013,17177,16885,979,17864,245
2021-07-23,Marin,041,260295,6322,14454,281,14735,238
2021-07-23,Mariposa,043,17540,469,453,11,464,5
2021-07-23,Mendocino,045,87422,4442,4293,91,4384,49
2021-07-23,Merced,047,269075,31822,31661,1087,32748,473
2021-07-23,Modoc,049,8938,419,413,147,560,5
2021-07-23,Mono,051,14174,1289,1284,18,1302,3
2021-07-23,Monterey,053,433212,43799,43525,1912,45437,521
2021-07-23,Napa,055,140530,10364,10230,45,10275,81
2021-07-23,Nevada,057,99092,5359,5183,198,5381,72
2021-07-23,Orange,059,3164182,264070,259973,11992,271965,5141
2021-07-23,Placer,061,380077,25153,24530,1794,26324,303
2021-07-23,Plumas,063,18699,751,737,14,751,4
2021-07-23,Riverside,065,2383286,302539,296912,14437,311349,4552
2021-07-23,Sacramento,067,1510023,114640,112438,2152,114590,1698
2021-07-23,San Benito,069,59416,6228,6200,113,6313,63
2021-07-23,San Bernardino,071,2135413,300925,297899,9294,307193,5236
2021-07-23,San Diego,073,3302833,294274,289368,16843,306211,3788
2021-07-23,San Francisco,075,870044,40236,38954,1426,40380,561
2021-07-23,San Joaquin,077,732212,76551,75461,3783,79244,1436
2021-07-23,San Luis Obispo,079,281455,22077,21616,788,22404,260
2021-07-23,San Mateo,081,765935,44502,43880,554,44434,542
2021-07-23,Santa Barbara,083,443738,35534,35071,1172,36243,465
2021-07-23,Santa Clara,085,1922200,122905,121092,820,121912,2099
2021-07-23,Santa Cruz,087,273765,16684,16416,808,17224,207
2021-07-23,Shasta,089,179085,12928,12759,1709,14468,211
2021-07-23,Sierra,091,2930,69,64,12,76,0
2021-07-23,Siskiyou,093,43540,2049,1951,417,2368,31
2021-07-23,Solano,095,438530,35379,34499,684,35183,259
2021-07-23,Sonoma,097,501317,32593,31928,375,32303,327
2021-07-23,Stanislaus,099,539301,58563,57879,6184,64063,1030
2021-07-23,Sutter,101,95872,9993,9890,96,9986,115
2021-07-23,Tehama,103,63373,5231,5166,592,5758,65
2021-07-23,Trinity,105,12862,507,345,107,452,3
2021-07-23,Tulare,107,460477,51052,50104,9310,59414,854
2021-07-23,Tuolumne,109,53932,4281,4216,47,4263,64
2021-07-23,Ventura,111,848112,83671,82687,3355,86042,1041
2021-07-23,Yolo,113,214977,14844,14557,351,14908,214
2021-07-23,Yuba,115,75493,6595,6449,137,6586,51
2021-07-22,Alameda,001,1643700,94746,93170,2129,95299,1259
2021-07-22,Alpine,002,1148,88,89,0,89,0
2021-07-22,Amador,005,37829,3864,3816,33,3849,48
2021-07-22,Butte,007,227075,13233,12982,1973,14955,203
2021-07-22,Calaveras,009,45235,2281,2267,15,2282,57
2021-07-22,Colusa,011,21464,2008,1992,338,2330,16
2021-07-22,Contra Costa,013,1133247,75146,73682,1462,75144,830
2021-07-22,Del Norte,015,27424,1571,1497,14,1511,8
2021-07-22,El Dorado,017,186661,11022,10773,848,11621,116
2021-07-22,Fresno,019,978130,105202,103637,8948,112585,1736
2021-07-22,Glenn,021,27897,2474,2457,575,3032,20
2021-07-22,Humboldt,023,135768,4932,4780,66,4846,52
2021-07-22,Imperial,025,180216,29193,28996,2703,31699,742
2021-07-22,Inyo,027,18085,1434,1424,12,1436,38
2021-07-22,Kern,029,883053,99375,98261,11577,109838,1350
2021-07-22,Kings,031,150075,23674,23304,1135,24439,246
2021-07-22,Lake,033,64148,4144,3963,14,3977,64
2021-07-22,Lassen,035,31185,5326,5311,118,5429,21
2021-07-22,Los Angeles,037,10098052,1248808,1232164,43401,1275565,24623
2021-07-22,Madera,039,155013,17142,16885,977,17862,245
2021-07-22,Marin,041,260295,6281,14454,280,14734,238
2021-07-22,Mariposa,043,17540,462,453,11,464,5
2021-07-22,Mendocino,045,87422,4429,4293,90,4383,49
2021-07-22,Merced,047,269075,31780,31661,1086,32747,473
2021-07-22,Modoc,049,8938,419,413,147,560,5
2021-07-22,Mono,051,14174,1288,1284,18,1302,3
2021-07-22,Monterey,053,433212,43771,43525,1906,45431,521
2021-07-22,Napa,055,140530,10346,10230,45,10275,81
2021-07-22,Nevada,057,99092,5333,5183,197,5380,72
2021-07-22,Orange,059,3164182,263517,259973,11983,271956,5141
2021-07-22,Placer,061,380077,25059,24530,1783,26313,303
2021-07-22,Plumas,063,18699,750,737,14,751,4
2021-07-22,Riverside,065,2383286,302031,296912,14416,311328,4552
2021-07-22,Sacramento,067,1510023,114203,112438,2143,114581,1698
2021-07-22,San Benito,069,59416,6221,6200,113,6313,63
2021-07-22,San Bernardino,071,2135413,300522,297899,9279,307178,5236
2021-07-22,San Diego,073,3302833,293543,289368,16783,306151,3788
2021-07-22,San Francisco,075,870044,40023,38954,1413,40367,561
2021-07-22,San Joaquin,077,732212,76408,75461,3771,79232,1436
2021-07-22,San Luis Obispo,079,281455,22039,21616,784,22400,260
2021-07-22,San Mateo,081,765935,44390,43880,549,44429,542
2021-07-22,Santa Barbara,083,443738,35468,35071,1170,36241,465
2021-07-22,Santa Clara,085,1922200,122664,121092,817,121909,2099
2021-07-22,Santa Cruz,087,273765,16647,16416,807,17223,207
2021-07-22,Shasta,089,179085,12904,12759,1705,14464,211
2021-07-22,Sierra,091,2930,67,64,12,76,0
2021-07-22,Siskiyou,093,43540,2046,1951,417,2368,31
2021-07-22,Solano,095,438530,35235,34499,677,35176,259
2021-07-22,Sonoma,097,501317,32483,31928,373,32301,327
2021-07-22,Stanislaus,099,539301,58435,57879,6172,64051,1030
2021-07-22,Sutter,101,95872,9972,9890,96,9986,115
2021-07-22,Tehama,103,63373,5225,5166,592,5758,65
2021-07-22,Trinity,105,12862,507,345,107,452,3
2021-07-22,Tulare,107,460477,51009,50104,9282,59386,854
2021-07-22,Tuolumne,109,53932,4269,4216,47,4263,64
2021-07-22,Ventura,111,848112,83537,82687,3342,86029,1041
2021-07-22,Yolo,113,214977,14806,14557,351,14908,214
2021-07-22,Yuba,115,75493,6564,6449,134,6583,51
2021-07-21,Alameda,001,1643700,94426,92840,2126,94966,1256
2021-07-21,Alpine,002,1148,88,89,0,89,0
2021-07-21,Amador,005,37829,3851,3813,33,3846,48
2021-07-21,Butte,007,227075,13192,12939,1968,14907,203
2021-07-21,Calaveras,009,45235,2277,2257,15,2272,57
2021-07-21,Colusa,011,21464,2004,1988,337,2325,16
2021-07-21,Contra Costa,013,1133247,74882,73320,1453,74773,827
2021-07-21,Del Norte,015,27424,1561,1492,14,1506,8
2021-07-21,El Dorado,017,186661,10985,10742,844,11586,116
2021-07-21,Fresno,019,978130,105053,103504,8939,112443,1736
2021-07-21,Glenn,021,27897,2472,2455,574,3029,20
2021-07-21,Humboldt,023,135768,4900,4763,64,4827,52
2021-07-21,Imperial,025,180216,29181,28964,2700,31664,742
2021-07-21,Inyo,027,18085,1434,1423,12,1435,38
2021-07-21,Kern,029,883053,99257,98152,11536,109688,1350
2021-07-21,Kings,031,150075,23646,23270,1131,24401,246
2021-07-21,Lake,033,64148,4078,3896,14,3910,64
2021-07-21,Lassen,035,31185,5323,5310,118,5428,21
2021-07-21,Los Angeles,037,10098052,1246294,1229598,43264,1272862,24609
2021-07-21,Madera,039,155013,17118,16858,975,17833,245
2021-07-21,Marin,041,260295,6231,14427,280,14707,238
2021-07-21,Mariposa,043,17540,458,449,11,460,5
2021-07-21,Mendocino,045,87422,4411,4274,90,4364,49
2021-07-21,Merced,047,269075,31741,31607,1082,32689,473
2021-07-21,Modoc,049,8938,419,413,147,560,5
2021-07-21,Mono,051,14174,1285,1282,18,1300,3
2021-07-21,Monterey,053,433212,43741,43502,1903,45405,515
2021-07-21,Napa,055,140530,10320,10209,45,10254,81
2021-07-21,Nevada,057,99092,5298,5152,197,5349,72
2021-07-21,Orange,059,3164182,262962,259615,11953,271568,5139
2021-07-21,Placer,061,380077,24950,24441,1772,26213,303
2021-07-21,Plumas,063,18699,750,736,14,750,4
2021-07-21,Riverside,065,2383286,301518,296419,14399,310818,4552
2021-07-21,Sacramento,067,1510023,113780,112043,2132,114175,1696
2021-07-21,San Benito,069,59416,6211,6196,113,6309,63
2021-07-21,San Bernardino,071,2135413,300066,297519,9271,306790,5230
2021-07-21,San Diego,073,3302833,292693,288682,16720,305402,3787
2021-07-21,San Francisco,075,870044,39798,38699,1408,40107,559
2021-07-21,San Joaquin,077,732212,76219,75288,3759,79047,1434
2021-07-21,San Luis Obispo,079,281455,22002,21579,781,22360,260
2021-07-21,San Mateo,081,765935,44298,43755,545,44300,542
2021-07-21,Santa Barbara,083,443738,35409,34998,1154,36152,465
2021-07-21,Santa Clara,085,1922200,122455,120838,815,121653,2099
2021-07-21,Santa Cruz,087,273765,16613,16407,807,17214,207
2021-07-21,Shasta,089,179085,12871,12751,1702,14453,211
2021-07-21,Sierra,091,2930,67,64,12,76,0
2021-07-21,Siskiyou,093,43540,2044,1943,415,2358,31
2021-07-21,Solano,095,438530,35077,34374,672,35046,258
2021-07-21,Sonoma,097,501317,32367,31789,373,32162,327
2021-07-21,Stanislaus,099,539301,58333,57774,6162,63936,1028
2021-07-21,Sutter,101,95872,9948,9862,96,9958,113
2021-07-21,Tehama,103,63373,5221,5161,592,5753,65
2021-07-21,Trinity,105,12862,505,345,106,451,3
2021-07-21,Tulare,107,460477,50950,50066,9257,59323,854
2021-07-21,Tuolumne,109,53932,4232,4156,47,4203,64
2021-07-21,Ventura,111,848112,83415,82573,3330,85903,1041
2021-07-21,Yolo,113,214977,14765,14525,350,14875,213
2021-07-21,Yuba,115,75493,6536,6425,134,6559,52
2021-07-20,Alameda,001,1643700,94055,92625,2112,94737,1256
2021-07-20,Alpine,002,1148,88,89,0,89,0
2021-07-20,Amador,005,37829,3840,3807,33,3840,48
2021-07-20,Butte,007,227075,13155,12916,1962,14878,203
2021-07-20,Calaveras,009,45235,2274,2249,15,2264,57
2021-07-20,Colusa,011,21464,2004,1985,337,2322,16
2021-07-20,Contra Costa,013,1133247,74597,73143,1435,74578,825
2021-07-20,Del Norte,015,27424,1551,1490,14,1504,8
2021-07-20,El Dorado,017,186661,10945,10727,840,11567,116
2021-07-20,Fresno,019,978130,104917,103438,8920,112358,1736
2021-07-20,Glenn,021,27897,2472,2453,574,3027,20
2021-07-20,Humboldt,023,135768,4855,4735,62,4797,52
2021-07-20,Imperial,025,180216,29161,28933,2700,31633,742
2021-07-20,Inyo,027,18085,1430,1420,12,1432,36
2021-07-20,Kern,029,883053,99143,98082,11508,109590,1350
2021-07-20,Kings,031,150075,23605,23254,1126,24380,246
2021-07-20,Lake,033,64148,4053,3871,14,3885,64
2021-07-20,Lassen,035,31185,5323,5306,118,5424,21
2021-07-20,Los Angeles,037,10098052,1243498,1227404,43099,1270503,24603
2021-07-20,Madera,039,155013,17097,16856,971,17827,245
2021-07-20,Marin,041,260295,6195,14396,277,14673,234
2021-07-20,Mariposa,043,17540,456,448,11,459,5
2021-07-20,Mendocino,045,87422,4394,4259,90,4349,49
2021-07-20,Merced,047,269075,31702,31578,1075,32653,473
2021-07-20,Modoc,049,8938,419,413,147,560,5
2021-07-20,Mono,051,14174,1281,1281,18,1299,3
2021-07-20,Monterey,053,433212,43710,43481,1900,45381,515
2021-07-20,Napa,055,140530,10297,10191,45,10236,81
2021-07-20,Nevada,057,99092,5279,5148,196,5344,72
2021-07-20,Orange,059,3164182,262404,259303,11923,271226,5139
2021-07-20,Placer,061,380077,24859,24408,1750,26158,303
2021-07-20,Plumas,063,18699,748,736,14,750,4
2021-07-20,Riverside,065,2383286,300983,296118,14385,310503,4543
2021-07-20,Sacramento,067,1510023,113339,111796,2102,113898,1695
2021-07-20,San Benito,069,59416,6204,6196,113,6309,63
2021-07-20,San Bernardino,071,2135413,299657,297222,9246,306468,5231
2021-07-20,San Diego,073,3302833,291765,288209,16624,304833,3786
2021-07-20,San Francisco,075,870044,39540,38536,1398,39934,558
2021-07-20,San Joaquin,077,732212,76047,75198,3746,78944,1433
2021-07-20,San Luis Obispo,079,281455,21956,21556,780,22336,259
2021-07-20,San Mateo,081,765935,44179,43670,543,44213,542
2021-07-20,Santa Barbara,083,443738,35339,34935,1148,36083,462
2021-07-20,Santa Clara,085,1922200,122198,120704,813,121517,2098
2021-07-20,Santa Cruz,087,273765,16584,16399,807,17206,207
2021-07-20,Shasta,089,179085,12845,12734,1698,14432,211
2021-07-20,Sierra,091,2930,67,64,12,76,0
2021-07-20,Siskiyou,093,43540,2040,1931,414,2345,31
2021-07-20,Solano,095,438530,34940,34337,665,35002,258
2021-07-20,Sonoma,097,501317,32248,31763,372,32135,326
2021-07-20,Stanislaus,099,539301,58218,57706,6157,63863,1028
2021-07-20,Sutter,101,95872,9921,9854,93,9947,114
2021-07-20,Tehama,103,63373,5219,5153,592,5745,65
2021-07-20,Trinity,105,12862,503,344,105,449,3
2021-07-20,Tulare,107,460477,50908,50047,9240,59287,854
2021-07-20,Tuolumne,109,53932,4213,4156,47,4203,64
2021-07-20,Ventura,111,848112,83262,82504,3315,85819,1041
2021-07-20,Yolo,113,214977,14700,14495,347,14842,213
2021-07-20,Yuba,115,75493,6511,6393,131,6524,52
2021-07-19,Alameda,001,1643700,93677,92357,2097,94454,1256
2021-07-19,Alpine,002,1148,88,89,0,89,0
2021-07-19,Amador,005,37829,3836,3802,33,3835,48
2021-07-19,Butte,007,227075,13111,12901,1957,14858,202
2021-07-19,Calaveras,009,45235,2270,2245,15,2260,57
2021-07-19,Colusa,011,21464,2002,1981,337,2318,16
2021-07-19,Contra Costa,013,1133247,74285,72935,1415,74350,825
2021-07-19,Del Norte,015,27424,1538,1484,14,1498,8
2021-07-19,El Dorado,017,186661,10915,10703,832,11535,114
2021-07-19,Fresno,019,978130,104788,103350,8907,112257,1731
2021-07-19,Glenn,021,27897,2472,2452,573,3025,20
2021-07-19,Humboldt,023,135768,4825,4719,60,4779,52
2021-07-19,Imperial,025,180216,29134,28888,2699,31587,742
2021-07-19,Inyo,027,18085,1429,1417,12,1429,36
2021-07-19,Kern,029,883053,99029,97999,11475,109474,1349
2021-07-19,Kings,031,150075,23575,23221,1120,24341,246
2021-07-19,Lake,033,64148,4017,3848,14,3862,64
2021-07-19,Lassen,035,31185,5322,5305,118,5423,21
2021-07-19,Los Angeles,037,10098052,1240893,1225946,42913,1268859,24600
2021-07-19,Madera,039,155013,17074,16846,968,17814,244
2021-07-19,Marin,041,260295,6160,14369,274,14643,234
2021-07-19,Mariposa,043,17540,450,447,11,458,5
2021-07-19,Mendocino,045,87422,4376,4251,90,4341,49
2021-07-19,Merced,047,269075,31638,31565,1068,32633,472
2021-07-19,Modoc,049,8938,418,413,147,560,5
2021-07-19,Mono,051,14174,1279,1280,18,1298,3
2021-07-19,Monterey,053,433212,43686,43436,1899,45335,515
2021-07-19,Napa,055,140530,10272,10180,43,10223,81
2021-07-19,Nevada,057,99092,5251,5133,195,5328,72
2021-07-19,Orange,059,3164182,261880,258927,11891,270818,5138
2021-07-19,Placer,061,380077,24760,24359,1728,26087,303
2021-07-19,Plumas,063,18699,748,730,14,744,4
2021-07-19,Riverside,065,2383286,300493,295736,14347,310083,4543
2021-07-19,Sacramento,067,1510023,112975,111470,2076,113546,1696
2021-07-19,San Benito,069,59416,6201,6193,113,6306,63
2021-07-19,San Bernardino,071,2135413,299284,296929,9227,306156,5235
2021-07-19,San Diego,073,3302833,290865,287695,16519,304214,3786
2021-07-19,San Francisco,075,870044,39267,38463,1385,39848,560
2021-07-19,San Joaquin,077,732212,75882,75086,3741,78827,1431
2021-07-19,San Luis Obispo,079,281455,21911,21531,776,22307,259
2021-07-19,San Mateo,081,765935,44037,43563,534,44097,542
2021-07-19,Santa Barbara,083,443738,35267,34904,1146,36050,461
2021-07-19,Santa Clara,085,1922200,121940,120554,812,121366,2098
2021-07-19,Santa Cruz,087,273765,16568,16387,807,17194,207
2021-07-19,Shasta,089,179085,12827,12723,1696,14419,209
2021-07-19,Sierra,091,2930,66,64,12,76,0
2021-07-19,Siskiyou,093,43540,2035,1927,412,2339,31
2021-07-19,Solano,095,438530,34765,34262,654,34916,261
2021-07-19,Sonoma,097,501317,32127,31713,371,32084,325
2021-07-19,Stanislaus,099,539301,58117,57644,6147,63791,1027
2021-07-19,Sutter,101,95872,9905,9834,93,9927,114
2021-07-19,Tehama,103,63373,5213,5152,590,5742,65
2021-07-19,Trinity,105,12862,503,344,104,448,3
2021-07-19,Tulare,107,460477,50861,49994,9224,59218,855
2021-07-19,Tuolumne,109,53932,4203,4151,47,4198,64
2021-07-19,Ventura,111,848112,83166,82409,3293,85702,1041
2021-07-19,Yolo,113,214977,14668,14439,345,14784,213
2021-07-19,Yuba,115,75493,6487,6370,131,6501,52
2021-07-18,Alameda,001,1643700,93316,92162,2085,94247,1256
2021-07-18,Alpine,002,1148,88,89,0,89,0
2021-07-18,Amador,005,37829,3825,3799,33,3832,48
2021-07-18,Butte,007,227075,13069,12888,1950,14838,202
2021-07-18,Calaveras,009,45235,2267,2243,15,2258,57
2021-07-18,Colusa,011,21464,2002,1981,336,2317,16
2021-07-18,Contra Costa,013,1133247,73969,72849,1397,74246,825
2021-07-18,Del Norte,015,27424,1529,1482,14,1496,8
2021-07-18,El Dorado,017,186661,10878,10687,824,11511,114
2021-07-18,Fresno,019,978130,104634,103298,8889,112187,1731
2021-07-18,Glenn,021,27897,2471,2452,572,3024,20
2021-07-18,Humboldt,023,135768,4789,4714,60,4774,52
2021-07-18,Imperial,025,180216,29097,28877,2698,31575,742
2021-07-18,Inyo,027,18085,1425,1417,12,1429,36
2021-07-18,Kern,029,883053,98903,97963,11433,109396,1349
2021-07-18,Kings,031,150075,23554,23203,1116,24319,246
2021-07-18,Lake,033,64148,3981,3825,14,3839,64
2021-07-18,Lassen,035,31185,5322,5305,118,5423,21
2021-07-18,Los Angeles,037,10098052,1238204,1224691,42725,1267416,24598
2021-07-18,Madera,039,155013,17049,16838,964,17802,244
2021-07-18,Marin,041,260295,6124,14358,272,14630,234
2021-07-18,Mariposa,043,17540,449,447,11,458,5
2021-07-18,Mendocino,045,87422,4355,4246,90,4336,49
2021-07-18,Merced,047,269075,31607,31537,1066,32603,471
2021-07-18,Modoc,049,8938,418,413,147,560,5
2021-07-18,Mono,051,14174,1278,1280,18,1298,3
2021-07-18,Monterey,053,433212,43668,43422,1889,45311,515
2021-07-18,Napa,055,140530,10255,10174,40,10214,81
2021-07-18,Nevada,057,99092,5225,5124,195,5319,72
2021-07-18,Orange,059,3164182,261396,258724,11863,270587,5138
2021-07-18,Placer,061,380077,24692,24313,1701,26014,303
2021-07-18,Plumas,063,18699,748,730,14,744,4
2021-07-18,Riverside,065,2383286,300001,295522,14305,309827,4543
2021-07-18,Sacramento,067,1510023,112545,111255,2043,113298,1696
2021-07-18,San Benito,069,59416,6193,6191,113,6304,63
2021-07-18,San Bernardino,071,2135413,298809,296739,9212,305951,5233
2021-07-18,San Diego,073,3302833,290049,286287,16435,302722,3786
2021-07-18,San Francisco,075,870044,39031,38367,1374,39741,560
2021-07-18,San Joaquin,077,732212,75705,74997,3728,78725,1431
2021-07-18,San Luis Obispo,079,281455,21876,21527,773,22300,259
2021-07-18,San Mateo,081,765935,43924,43506,528,44034,542
2021-07-18,Santa Barbara,083,443738,35202,34880,1144,36024,461
2021-07-18,Santa Clara,085,1922200,121726,120438,805,121243,2098
2021-07-18,Santa Cruz,087,273765,16536,16372,806,17178,207
2021-07-18,Shasta,089,179085,12802,12714,1692,14406,209
2021-07-18,Sierra,091,2930,66,64,12,76,0
2021-07-18,Siskiyou,093,43540,2029,1927,407,2334,31
2021-07-18,Solano,095,438530,34637,34215,650,34865,261
2021-07-18,Sonoma,097,501317,32022,31675,370,32045,325
2021-07-18,Stanislaus,099,539301,58006,57600,6122,63722,1028
2021-07-18,Sutter,101,95872,9873,9826,93,9919,114
2021-07-18,Tehama,103,63373,5210,5150,589,5739,65
2021-07-18,Trinity,105,12862,503,344,104,448,3
2021-07-18,Tulare,107,460477,50808,49985,9201,59186,855
2021-07-18,Tuolumne,109,53932,4185,4149,47,4196,64
2021-07-18,Ventura,111,848112,83052,82361,3269,85630,1041
2021-07-18,Yolo,113,214977,14610,14425,339,14764,213
2021-07-18,Yuba,115,75493,6446,6357,131,6488,52
2021-07-17,Alameda,001,1643700,93098,91346,2074,93420,1255
2021-07-17,Alpine,002,1148,88,89,0,89,0
2021-07-17,Amador,005,37829,3816,3785,33,3818,48
2021-07-17,Butte,007,227075,13054,12824,1946,14770,202
2021-07-17,Calaveras,009,45235,2262,2237,15,2252,57
2021-07-17,Colusa,011,21464,1999,1976,336,2312,16
2021-07-17,Contra Costa,013,1133247,73788,72254,1384,73638,824
2021-07-17,Del Norte,015,27424,1521,1475,14,1489,8
2021-07-17,El Dorado,017,186661,10851,10622,820,11442,114
2021-07-17,Fresno,019,978130,104561,103055,8875,111930,1730
2021-07-17,Glenn,021,27897,2470,2451,572,3023,20
2021-07-17,Humboldt,023,135768,4776,4654,59,4713,52
2021-07-17,Imperial,025,180216,29081,28840,2698,31538,742
2021-07-17,Inyo,027,18085,1425,1416,12,1428,36
2021-07-17,Kern,029,883053,98846,97796,11397,109193,1348
2021-07-17,Kings,031,150075,23534,23163,1115,24278,246
2021-07-17,Lake,033,64148,3956,3760,14,3774,64
2021-07-17,Lassen,035,31185,5322,5302,118,5420,21
2021-07-17,Los Angeles,037,10098052,1236667,1219733,42584,1262317,24582
2021-07-17,Madera,039,155013,17041,16804,964,17768,240
2021-07-17,Marin,041,260295,6106,14297,270,14567,234
2021-07-17,Mariposa,043,17540,449,445,11,456,5
2021-07-17,Mendocino,045,87422,4343,4209,90,4299,49
2021-07-17,Merced,047,269075,31586,31451,1062,32513,471
2021-07-17,Modoc,049,8938,418,412,147,559,5
2021-07-17,Mono,051,14174,1276,1277,18,1295,3
2021-07-17,Monterey,053,433212,43645,43367,1884,45251,515
2021-07-17,Napa,055,140530,10239,10129,40,10169,81
2021-07-17,Nevada,057,99092,5210,5066,195,5261,72
2021-07-17,Orange,059,3164182,261089,257805,11824,269629,5136
2021-07-17,Placer,061,380077,24625,24169,1687,25856,303
2021-07-17,Plumas,063,18699,743,721,14,735,4
2021-07-17,Riverside,065,2383286,299693,294751,14273,309024,4542
2021-07-17,Sacramento,067,1510023,112309,110432,2023,112455,1694
2021-07-17,San Benito,069,59416,6187,6181,113,6294,63
2021-07-17,San Bernardino,071,2135413,298572,296048,9193,305241,5218
2021-07-17,San Diego,073,3302833,289642,285698,16367,302065,3786
2021-07-17,San Francisco,075,870044,38910,37978,1371,39349,560
2021-07-17,San Joaquin,077,732212,75618,74695,3722,78417,1430
2021-07-17,San Luis Obispo,079,281455,21849,21462,773,22235,258
2021-07-17,San Mateo,081,765935,43853,43324,527,43851,542
2021-07-17,Santa Barbara,083,443738,35161,34769,1141,35910,461
2021-07-17,Santa Clara,085,1922200,121554,119980,802,120782,2097
2021-07-17,Santa Cruz,087,273765,16529,16337,806,17143,207
2021-07-17,Shasta,089,179085,12787,12683,1687,14370,210
2021-07-17,Sierra,091,2930,66,62,12,74,0
2021-07-17,Siskiyou,093,43540,2024,1922,404,2326,29
2021-07-17,Solano,095,438530,34571,34015,642,34657,263
2021-07-17,Sonoma,097,501317,31954,31536,369,31905,322
2021-07-17,Stanislaus,099,539301,57929,57400,6108,63508,1028
2021-07-17,Sutter,101,95872,9863,9778,93,9871,114
2021-07-17,Tehama,103,63373,5207,5145,589,5734,64
2021-07-17,Trinity,105,12862,502,341,104,445,3
2021-07-17,Tulare,107,460477,50786,49937,9189,59126,854
2021-07-17,Tuolumne,109,53932,4175,4131,47,4178,64
2021-07-17,Ventura,111,848112,82983,82125,3258,85383,1041
2021-07-17,Yolo,113,214977,14577,14356,332,14688,213
2021-07-17,Yuba,115,75493,6435,6309,131,6440,52
2021-07-16,Alameda,001,1643700,92859,91346,2063,93409,1255
2021-07-16,Alpine,002,1148,88,89,0,89,0
2021-07-16,Amador,005,37829,3813,3785,33,3818,48
2021-07-16,Butte,007,227075,13029,12824,1942,14766,202
2021-07-16,Calaveras,009,45235,2261,2237,15,2252,57
2021-07-16,Colusa,011,21464,1997,1976,335,2311,16
2021-07-16,Contra Costa,013,1133247,73599,72254,1380,73634,824
2021-07-16,Del Norte,015,27424,1519,1475,14,1489,8
2021-07-16,El Dorado,017,186661,10832,10622,819,11441,114
2021-07-16,Fresno,019,978130,104509,103055,8855,111910,1730
2021-07-16,Glenn,021,27897,2470,2451,572,3023,20
2021-07-16,Humboldt,023,135768,4754,4654,59,4713,52
2021-07-16,Imperial,025,180216,29069,28840,2698,31538,742
2021-07-16,Inyo,027,18085,1423,1416,12,1428,36
2021-07-16,Kern,029,883053,98784,97796,11357,109153,1348
2021-07-16,Kings,031,150075,23509,23163,1114,24277,246
2021-07-16,Lake,033,64148,3929,3760,14,3774,64
2021-07-16,Lassen,035,31185,5321,5302,118,5420,21
2021-07-16,Los Angeles,037,10098052,1235166,1219733,42439,1262172,24582
2021-07-16,Madera,039,155013,17023,16804,964,17768,240
2021-07-16,Marin,041,260295,6082,14297,267,14564,234
2021-07-16,Mariposa,043,17540,449,445,11,456,5
2021-07-16,Mendocino,045,87422,4334,4209,89,4298,49
2021-07-16,Merced,047,269075,31565,31451,1060,32511,471
2021-07-16,Modoc,049,8938,418,412,147,559,5
2021-07-16,Mono,051,14174,1275,1277,18,1295,3
2021-07-16,Monterey,053,433212,43623,43367,1883,45250,515
2021-07-16,Napa,055,140530,10215,10129,39,10168,81
2021-07-16,Nevada,057,99092,5200,5066,195,5261,72
2021-07-16,Orange,059,3164182,260816,257805,11783,269588,5136
2021-07-16,Placer,061,380077,24572,24169,1682,25851,303
2021-07-16,Plumas,063,18699,742,721,14,735,4
2021-07-16,Riverside,065,2383286,299417,294751,14247,308998,4542
2021-07-16,Sacramento,067,1510023,112092,110432,2010,112442,1694
2021-07-16,San Benito,069,59416,6185,6181,113,6294,63
2021-07-16,San Bernardino,071,2135413,298296,296048,9176,305224,5218
2021-07-16,San Diego,073,3302833,289199,285698,16320,302018,3786
2021-07-16,San Francisco,075,870044,38792,37978,1366,39344,560
2021-07-16,San Joaquin,077,732212,75524,74695,3719,78414,1430
2021-07-16,San Luis Obispo,079,281455,21832,21462,773,22235,258
2021-07-16,San Mateo,081,765935,43800,43324,526,43850,542
2021-07-16,Santa Barbara,083,443738,35123,34769,1141,35910,461
2021-07-16,Santa Clara,085,1922200,121407,119980,795,120775,2097
2021-07-16,Santa Cruz,087,273765,16516,16337,806,17143,207
2021-07-16,Shasta,089,179085,12777,12683,1686,14369,210
2021-07-16,Sierra,091,2930,66,62,12,74,0
2021-07-16,Siskiyou,093,43540,2022,1922,402,2324,29
2021-07-16,Solano,095,438530,34504,34015,634,34649,263
2021-07-16,Sonoma,097,501317,31902,31536,366,31902,322
2021-07-16,Stanislaus,099,539301,57879,57400,6098,63498,1028
2021-07-16,Sutter,101,95872,9851,9778,93,9871,114
2021-07-16,Tehama,103,63373,5205,5145,589,5734,64
2021-07-16,Trinity,105,12862,502,341,103,444,3
2021-07-16,Tulare,107,460477,50761,49937,9179,59116,854
2021-07-16,Tuolumne,109,53932,4169,4131,47,4178,64
2021-07-16,Ventura,111,848112,82918,82125,3251,85376,1041
2021-07-16,Yolo,113,214977,14551,14356,329,14685,213
2021-07-16,Yuba,115,75493,6413,6309,130,6439,52
2021-07-15,Alameda,001,1643700,92563,91346,2053,93399,1255
2021-07-15,Alpine,002,1148,88,89,0,89,0
2021-07-15,Amador,005,37829,3810,3785,33,3818,48
2021-07-15,Butte,007,227075,13003,12824,1940,14764,202
2021-07-15,Calaveras,009,45235,2258,2237,15,2252,57
2021-07-15,Colusa,011,21464,1996,1976,334,2310,16
2021-07-15,Contra Costa,013,1133247,73385,72254,1373,73627,824
2021-07-15,Del Norte,015,27424,1516,1475,14,1489,8
2021-07-15,El Dorado,017,186661,10805,10622,817,11439,114
2021-07-15,Fresno,019,978130,104412,103055,8835,111890,1730
2021-07-15,Glenn,021,27897,2470,2451,572,3023,20
2021-07-15,Humboldt,023,135768,4736,4654,58,4712,52
2021-07-15,Imperial,025,180216,29046,28840,2698,31538,742
2021-07-15,Inyo,027,18085,1423,1416,12,1428,36
2021-07-15,Kern,029,883053,98714,97796,11329,109125,1348
2021-07-15,Kings,031,150075,23471,23163,1111,24274,246
2021-07-15,Lake,033,64148,3890,3760,14,3774,64
2021-07-15,Lassen,035,31185,5320,5302,118,5420,21
2021-07-15,Los Angeles,037,10098052,1233178,1219733,42282,1262015,24582
2021-07-15,Madera,039,155013,17001,16804,960,17764,240
2021-07-15,Marin,041,260295,6057,14297,267,14564,234
2021-07-15,Mariposa,043,17540,449,445,11,456,5
2021-07-15,Mendocino,045,87422,4326,4209,88,4297,49
2021-07-15,Merced,047,269075,31535,31451,1060,32511,471
2021-07-15,Modoc,049,8938,418,412,147,559,5
2021-07-15,Mono,051,14174,1275,1277,18,1295,3
2021-07-15,Monterey,053,433212,43594,43367,1880,45247,515
2021-07-15,Napa,055,140530,10190,10129,38,10167,81
2021-07-15,Nevada,057,99092,5183,5066,194,5260,72
2021-07-15,Orange,059,3164182,260464,257805,11752,269557,5136
2021-07-15,Placer,061,380077,24512,24169,1665,25834,303
2021-07-15,Plumas,063,18699,741,721,14,735,4
2021-07-15,Riverside,065,2383286,299096,294751,14232,308983,4542
2021-07-15,Sacramento,067,1510023,111787,110432,1993,112425,1694
2021-07-15,San Benito,069,59416,6183,6181,113,6294,63
2021-07-15,San Bernardino,071,2135413,297989,296048,9162,305210,5218
2021-07-15,San Diego,073,3302833,288561,285698,16242,301940,3786
2021-07-15,San Francisco,075,870044,38641,37978,1358,39336,560
2021-07-15,San Joaquin,077,732212,75407,74695,3714,78409,1430
2021-07-15,San Luis Obispo,079,281455,21800,21462,773,22235,258
2021-07-15,San Mateo,081,765935,43695,43324,521,43845,542
2021-07-15,Santa Barbara,083,443738,35067,34769,1140,35909,461
2021-07-15,Santa Clara,085,1922200,121285,119980,792,120772,2097
2021-07-15,Santa Cruz,087,273765,16503,16337,806,17143,207
2021-07-15,Shasta,089,179085,12769,12683,1682,14365,210
2021-07-15,Sierra,091,2930,66,62,12,74,0
2021-07-15,Siskiyou,093,43540,2021,1922,402,2324,29
2021-07-15,Solano,095,438530,34428,34015,628,34643,263
2021-07-15,Sonoma,097,501317,31841,31536,366,31902,322
2021-07-15,Stanislaus,099,539301,57810,57400,6085,63485,1028
2021-07-15,Sutter,101,95872,9831,9778,92,9870,114
2021-07-15,Tehama,103,63373,5199,5145,588,5733,64
2021-07-15,Trinity,105,12862,502,341,103,444,3
2021-07-15,Tulare,107,460477,50741,49937,9162,59099,854
2021-07-15,Tuolumne,109,53932,4157,4131,47,4178,64
2021-07-15,Ventura,111,848112,82842,82125,3246,85371,1041
2021-07-15,Yolo,113,214977,14523,14356,328,14684,213
2021-07-15,Yuba,115,75493,6398,6309,129,6438,52
2021-07-14,Alameda,001,1643700,92303,91092,2037,93129,1255
2021-07-14,Alpine,002,1148,88,89,0,89,0
2021-07-14,Amador,005,37829,3802,3784,33,3817,48
2021-07-14,Butte,007,227075,12976,12813,1933,14746,202
2021-07-14,Calaveras,009,45235,2251,2234,15,2249,57
2021-07-14,Colusa,011,21464,1993,1974,334,2308,16
2021-07-14,Contra Costa,013,1133247,73156,72091,1361,73452,823
2021-07-14,Del Norte,015,27424,1515,1472,14,1486,8
2021-07-14,El Dorado,017,186661,10779,10598,814,11412,114
2021-07-14,Fresno,019,978130,104332,102966,8824,111790,1728
2021-07-14,Glenn,021,27897,2470,2449,572,3021,20
2021-07-14,Humboldt,023,135768,4712,4644,56,4700,52
2021-07-14,Imperial,025,180216,29017,28822,2698,31520,742
2021-07-14,Inyo,027,18085,1422,1415,12,1427,36
2021-07-14,Kern,029,883053,98650,97736,11304,109040,1346
2021-07-14,Kings,031,150075,23458,23142,1111,24253,246
2021-07-14,Lake,033,64148,3857,3739,14,3753,63
2021-07-14,Lassen,035,31185,5319,5298,118,5416,21
2021-07-14,Los Angeles,037,10098052,1231161,1218265,42142,1260407,24578
2021-07-14,Madera,039,155013,16989,16786,958,17744,240
2021-07-14,Marin,041,260295,6023,14269,265,14534,233
2021-07-14,Mariposa,043,17540,447,445,11,456,5
2021-07-14,Mendocino,045,87422,4312,4193,88,4281,49
2021-07-14,Merced,047,269075,31498,31412,1057,32469,471
2021-07-14,Modoc,049,8938,418,412,147,559,4
2021-07-14,Mono,051,14174,1275,1278,18,1296,3
2021-07-14,Monterey,053,433212,43570,43347,1878,45225,504
2021-07-14,Napa,055,140530,10168,10121,38,10159,81
2021-07-14,Nevada,057,99092,5163,5058,194,5252,72
2021-07-14,Orange,059,3164182,260148,257558,11721,269279,5137
2021-07-14,Placer,061,380077,24459,24125,1653,25778,303
2021-07-14,Plumas,063,18699,734,719,14,733,4
2021-07-14,Riverside,065,2383286,298772,294511,14216,308727,4542
2021-07-14,Sacramento,067,1510023,111459,110193,1969,112162,1688
2021-07-14,San Benito,069,59416,6180,6177,113,6290,63
2021-07-14,San Bernardino,071,2135413,297689,295820,9147,304967,5193
2021-07-14,San Diego,073,3302833,287989,285269,16162,301431,3786
2021-07-14,San Francisco,075,870044,38502,37836,1353,39189,559
2021-07-14,San Joaquin,077,732212,75315,74599,3705,78304,1416
2021-07-14,San Luis Obispo,079,281455,21778,21444,771,22215,258
2021-07-14,San Mateo,081,765935,43596,43249,517,43766,542
2021-07-14,Santa Barbara,083,443738,35025,34719,1138,35857,461
2021-07-14,Santa Clara,085,1922200,121135,119844,789,120633,2098
2021-07-14,Santa Cruz,087,273765,16491,16326,806,17132,207
2021-07-14,Shasta,089,179085,12749,12669,1679,14348,209
2021-07-14,Sierra,091,2930,66,62,12,74,0
2021-07-14,Siskiyou,093,43540,2014,1922,399,2321,29
2021-07-14,Solano,095,438530,34355,33948,628,34576,268
2021-07-14,Sonoma,097,501317,31789,31470,366,31836,322
2021-07-14,Stanislaus,099,539301,57735,57340,6073,63413,1028
2021-07-14,Sutter,101,95872,9809,9766,92,9858,114
2021-07-14,Tehama,103,63373,5197,5142,588,5730,64
2021-07-14,Trinity,105,12862,502,341,103,444,3
2021-07-14,Tulare,107,460477,50724,49908,9147,59055,853
2021-07-14,Tuolumne,109,53932,4154,4128,46,4174,64
2021-07-14,Ventura,111,848112,82748,82041,3235,85276,1040
2021-07-14,Yolo,113,214977,14490,14332,325,14657,213
2021-07-14,Yuba,115,75493,6380,6294,129,6423,52
2021-07-13,Alameda,001,1643700,92039,90874,2027,92901,1255
2021-07-13,Alpine,002,1148,88,89,0,89,0
2021-07-13,Amador,005,37829,3795,3783,33,3816,48
2021-07-13,Butte,007,227075,12962,12802,1932,14734,202
2021-07-13,Calaveras,009,45235,2247,2230,15,2245,57
2021-07-13,Colusa,011,21464,1991,1972,331,2303,16
2021-07-13,Contra Costa,013,1133247,72930,71963,1352,73315,823
2021-07-13,Del Norte,015,27424,1511,1471,14,1485,8
2021-07-13,El Dorado,017,186661,10762,10581,812,11393,114
2021-07-13,Fresno,019,978130,104257,102909,8814,111723,1727
2021-07-13,Glenn,021,27897,2468,2448,572,3020,20
2021-07-13,Humboldt,023,135768,4697,4634,56,4690,51
2021-07-13,Imperial,025,180216,29006,28792,2698,31490,741
2021-07-13,Inyo,027,18085,1421,1415,12,1427,36
2021-07-13,Kern,029,883053,98561,97698,11265,108963,1346
2021-07-13,Kings,031,150075,23440,23132,1111,24243,246
2021-07-13,Lake,033,64148,3830,3719,13,3732,63
2021-07-13,Lassen,035,31185,5317,5292,118,5410,21
2021-07-13,Los Angeles,037,10098052,1229310,1217184,41972,1259156,24569
2021-07-13,Madera,039,155013,16979,16773,954,17727,240
2021-07-13,Marin,041,260295,5994,14254,264,14518,233
2021-07-13,Mariposa,043,17540,446,443,11,454,5
2021-07-13,Mendocino,045,87422,4305,4185,88,4273,49
2021-07-13,Merced,047,269075,31477,31379,1054,32433,471
2021-07-13,Modoc,049,8938,418,411,147,558,4
2021-07-13,Mono,051,14174,1274,1277,18,1295,3
2021-07-13,Monterey,053,433212,43552,43333,1874,45207,504
2021-07-13,Napa,055,140530,10147,10118,38,10156,81
2021-07-13,Nevada,057,99092,5138,5053,194,5247,72
2021-07-13,Orange,059,3164182,259818,257339,11693,269032,5136
2021-07-13,Placer,061,380077,24413,24091,1640,25731,303
2021-07-13,Plumas,063,18699,733,716,14,730,4
2021-07-13,Riverside,065,2383286,298450,294302,14189,308491,4541
2021-07-13,Sacramento,067,1510023,111149,109990,1946,111936,1687
2021-07-13,San Benito,069,59416,6178,6173,113,6286,63
2021-07-13,San Bernardino,071,2135413,297412,295596,9125,304721,5183
2021-07-13,San Diego,073,3302833,287441,284997,16083,301080,3785
2021-07-13,San Francisco,075,870044,38358,37725,1347,39072,559
2021-07-13,San Joaquin,077,732212,75199,74500,3702,78202,1417
2021-07-13,San Luis Obispo,079,281455,21752,21423,768,22191,258
2021-07-13,San Mateo,081,765935,43527,43180,516,43696,542
2021-07-13,Santa Barbara,083,443738,34976,34679,1135,35814,461
2021-07-13,Santa Clara,085,1922200,120982,119727,785,120512,2098
2021-07-13,Santa Cruz,087,273765,16481,16315,804,17119,207
2021-07-13,Shasta,089,179085,12736,12659,1672,14331,209
2021-07-13,Sierra,091,2930,66,62,12,74,0
2021-07-13,Siskiyou,093,43540,2013,1916,397,2313,29
2021-07-13,Solano,095,438530,34290,33918,622,34540,268
2021-07-13,Sonoma,097,501317,31730,31431,366,31797,322
2021-07-13,Stanislaus,099,539301,57664,57282,6058,63340,1028
2021-07-13,Sutter,101,95872,9791,9752,91,9843,114
2021-07-13,Tehama,103,63373,5190,5144,588,5732,64
2021-07-13,Trinity,105,12862,502,341,102,443,3
2021-07-13,Tulare,107,460477,50699,49891,9131,59022,853
2021-07-13,Tuolumne,109,53932,4146,4122,45,4167,64
2021-07-13,Ventura,111,848112,82663,81982,3210,85192,1040
2021-07-13,Yolo,113,214977,14462,14320,319,14639,213
2021-07-13,Yuba,115,75493,6363,6279,129,6408,52
2021-07-12,Alameda,001,1643700,91781,90720,2020,92740,1254
2021-07-12,Alpine,002,1148,88,89,0,89,0
2021-07-12,Amador,005,37829,3788,3781,33,3814,47
2021-07-12,Butte,007,227075,12942,12796,1930,14726,202
2021-07-12,Calaveras,009,45235,2245,2228,15,2243,57
2021-07-12,Colusa,011,21464,1987,1971,330,2301,16
2021-07-12,Contra Costa,013,1133247,72726,71833,1347,73180,823
2021-07-12,Del Norte,015,27424,1508,1469,14,1483,8
2021-07-12,El Dorado,017,186661,10733,10569,810,11379,114
2021-07-12,Fresno,019,978130,104163,102853,8802,111655,1728
2021-07-12,Glenn,021,27897,2468,2446,572,3018,20
2021-07-12,Humboldt,023,135768,4681,4621,56,4677,51
2021-07-12,Imperial,025,180216,28976,28789,2698,31487,741
2021-07-12,Inyo,027,18085,1421,1415,12,1427,36
2021-07-12,Kern,029,883053,98492,97660,11240,108900,1346
2021-07-12,Kings,031,150075,23420,23124,1109,24233,246
2021-07-12,Lake,033,64148,3809,3706,13,3719,63
2021-07-12,Lassen,035,31185,5316,5292,118,5410,21
2021-07-12,Los Angeles,037,10098052,1227513,1216230,41840,1258070,24559
2021-07-12,Madera,039,155013,16968,16772,954,17726,240
2021-07-12,Marin,041,260295,5969,14238,263,14501,233
2021-07-12,Mariposa,043,17540,446,442,11,453,5
2021-07-12,Mendocino,045,87422,4294,4175,88,4263,49
2021-07-12,Merced,047,269075,31446,31374,1053,32427,471
2021-07-12,Modoc,049,8938,417,411,147,558,4
2021-07-12,Mono,051,14174,1272,1275,18,1293,3
2021-07-12,Monterey,053,433212,43531,43315,1870,45185,504
2021-07-12,Napa,055,140530,10129,10104,37,10141,81
2021-07-12,Nevada,057,99092,5115,5046,194,5240,72
2021-07-12,Orange,059,3164182,259464,257171,11669,268840,5136
2021-07-12,Placer,061,380077,24362,24052,1634,25686,302
2021-07-12,Plumas,063,18699,733,716,14,730,4
2021-07-12,Riverside,065,2383286,298142,294108,14160,308268,4541
2021-07-12,Sacramento,067,1510023,110933,109849,1920,111769,1685
2021-07-12,San Benito,069,59416,6175,6166,113,6279,63
2021-07-12,San Bernardino,071,2135413,297140,295447,9110,304557,5171
2021-07-12,San Diego,073,3302833,286972,284648,16007,300655,3785
2021-07-12,San Francisco,075,870044,38212,37656,1344,39000,559
2021-07-12,San Joaquin,077,732212,75105,74424,3692,78116,1415
2021-07-12,San Luis Obispo,079,281455,21733,21408,767,22175,258
2021-07-12,San Mateo,081,765935,43433,43138,509,43647,542
2021-07-12,Santa Barbara,083,443738,34933,34664,1133,35797,461
2021-07-12,Santa Clara,085,1922200,120817,119634,782,120416,2098
2021-07-12,Santa Cruz,087,273765,16456,16310,803,17113,207
2021-07-12,Shasta,089,179085,12729,12648,1669,14317,208
2021-07-12,Sierra,091,2930,66,62,12,74,0
2021-07-12,Siskiyou,093,43540,2008,1916,392,2308,29
2021-07-12,Solano,095,438530,34200,33859,613,34472,268
2021-07-12,Sonoma,097,501317,31682,31377,365,31742,322
2021-07-12,Stanislaus,099,539301,57594,57243,6051,63294,1028
2021-07-12,Sutter,101,95872,9774,9736,90,9826,114
2021-07-12,Tehama,103,63373,5185,5138,587,5725,63
2021-07-12,Trinity,105,12862,498,340,100,440,3
2021-07-12,Tulare,107,460477,50671,49882,9118,59000,853
2021-07-12,Tuolumne,109,53932,4142,4116,45,4161,64
2021-07-12,Ventura,111,848112,82562,81919,3189,85108,1040
2021-07-12,Yolo,113,214977,14434,14303,315,14618,213
2021-07-12,Yuba,115,75493,6348,6266,129,6395,52
2021-07-11,Alameda,001,1643700,91452,90597,2008,92605,1254
2021-07-11,Alpine,002,1148,88,89,0,89,0
2021-07-11,Amador,005,37829,3786,3779,33,3812,47
2021-07-11,Butte,007,227075,12920,12794,1924,14718,202
2021-07-11,Calaveras,009,45235,2243,2226,14,2240,57
2021-07-11,Colusa,011,21464,1986,1971,329,2300,16
2021-07-11,Contra Costa,013,1133247,72516,71744,1340,73084,823
2021-07-11,Del Norte,015,27424,1504,1467,13,1480,8
2021-07-11,El Dorado,017,186661,10704,10554,808,11362,114
2021-07-11,Fresno,019,978130,104067,102813,8782,111595,1728
2021-07-11,Glenn,021,27897,2467,2446,572,3018,20
2021-07-11,Humboldt,023,135768,4668,4611,55,4666,51
2021-07-11,Imperial,025,180216,28958,28787,2697,31484,741
2021-07-11,Inyo,027,18085,1419,1415,12,1427,36
2021-07-11,Kern,029,883053,98419,97637,11224,108861,1346
2021-07-11,Kings,031,150075,23389,23116,1106,24222,246
2021-07-11,Lake,033,64148,3778,3699,13,3712,63
2021-07-11,Lassen,035,31185,5313,5291,118,5409,21
2021-07-11,Los Angeles,037,10098052,1225755,1215182,41685,1256867,24558
2021-07-11,Madera,039,155013,16949,16766,953,17719,240
2021-07-11,Marin,041,260295,5943,14231,263,14494,233
2021-07-11,Mariposa,043,17540,445,442,11,453,5
2021-07-11,Mendocino,045,87422,4274,4167,88,4255,49
2021-07-11,Merced,047,269075,31422,31366,1048,32414,471
2021-07-11,Modoc,049,8938,416,411,147,558,4
2021-07-11,Mono,051,14174,1272,1275,18,1293,3
2021-07-11,Monterey,053,433212,43512,43307,1866,45173,504
2021-07-11,Napa,055,140530,10125,10100,37,10137,81
2021-07-11,Nevada,057,99092,5104,5035,193,5228,72
2021-07-11,Orange,059,3164182,259152,257009,11641,268650,5136
2021-07-11,Placer,061,380077,24305,24017,1622,25639,302
2021-07-11,Plumas,063,18699,733,716,14,730,4
2021-07-11,Riverside,065,2383286,297878,293969,14142,308111,4541
2021-07-11,Sacramento,067,1510023,110655,109696,1908,111604,1685
2021-07-11,San Benito,069,59416,6170,6163,113,6276,63
2021-07-11,San Bernardino,071,2135413,296834,295342,9085,304427,5167
2021-07-11,San Diego,073,3302833,286558,283819,15921,299740,3784
2021-07-11,San Francisco,075,870044,38083,37596,1338,38934,559
2021-07-11,San Joaquin,077,732212,74988,74376,3675,78051,1415
2021-07-11,San Luis Obispo,079,281455,21700,21403,766,22169,258
2021-07-11,San Mateo,081,765935,43354,43107,503,43610,542
2021-07-11,Santa Barbara,083,443738,34886,34646,1133,35779,461
2021-07-11,Santa Clara,085,1922200,120663,119549,781,120330,2098
2021-07-11,Santa Cruz,087,273765,16440,16303,803,17106,207
2021-07-11,Shasta,089,179085,12712,12647,1667,14314,208
2021-07-11,Sierra,091,2930,66,62,12,74,0
2021-07-11,Siskiyou,093,43540,2004,1915,390,2305,29
2021-07-11,Solano,095,438530,34119,33837,609,34446,268
2021-07-11,Sonoma,097,501317,31600,31352,365,31717,322
2021-07-11,Stanislaus,099,539301,57528,57230,6040,63270,1028
2021-07-11,Sutter,101,95872,9760,9728,90,9818,114
2021-07-11,Tehama,103,63373,5182,5138,587,5725,63
2021-07-11,Trinity,105,12862,497,340,100,440,3
2021-07-11,Tulare,107,460477,50646,49877,9100,58977,853
2021-07-11,Tuolumne,109,53932,4136,4116,45,4161,64
2021-07-11,Ventura,111,848112,82489,81875,3169,85044,1040
2021-07-11,Yolo,113,214977,14409,14285,309,14594,213
2021-07-11,Yuba,115,75493,6337,6260,129,6389,52
2021-07-10,Alameda,001,1643700,91302,90090,2004,92094,1252
2021-07-10,Alpine,002,1148,88,89,0,89,0
2021-07-10,Amador,005,37829,3780,3773,33,3806,47
2021-07-10,Butte,007,227075,12910,12764,1921,14685,202
2021-07-10,Calaveras,009,45235,2242,2214,14,2228,57
2021-07-10,Colusa,011,21464,1984,1969,329,2298,16
2021-07-10,Contra Costa,013,1133247,72416,71376,1339,72715,821
2021-07-10,Del Norte,015,27424,1502,1451,13,1464,8
2021-07-10,El Dorado,017,186661,10687,10508,805,11313,114
2021-07-10,Fresno,019,978130,104034,102675,8775,111450,1730
2021-07-10,Glenn,021,27897,2464,2440,571,3011,20
2021-07-10,Humboldt,023,135768,4659,4574,55,4629,51
2021-07-10,Imperial,025,180216,28945,28729,2697,31426,741
2021-07-10,Inyo,027,18085,1418,1415,12,1427,36
2021-07-10,Kern,029,883053,98379,97538,11207,108745,1346
2021-07-10,Kings,031,150075,23382,23090,1105,24195,246
2021-07-10,Lake,033,64148,3761,3667,13,3680,63
2021-07-10,Lassen,035,31185,5313,5290,118,5408,21
2021-07-10,Los Angeles,037,10098052,1224727,1212043,41582,1253625,24542
2021-07-10,Madera,039,155013,16943,16744,950,17694,241
2021-07-10,Marin,041,260295,5929,14194,263,14457,233
2021-07-10,Mariposa,043,17540,445,442,11,453,5
2021-07-10,Mendocino,045,87422,4267,4153,87,4240,49
2021-07-10,Merced,047,269075,31409,31328,1048,32376,470
2021-07-10,Modoc,049,8938,416,410,147,557,4
2021-07-10,Mono,051,14174,1272,1275,18,1293,3
2021-07-10,Monterey,053,433212,43498,43251,1864,45115,499
2021-07-10,Napa,055,140530,10113,10077,37,10114,81
2021-07-10,Nevada,057,99092,5095,5000,193,5193,72
2021-07-10,Orange,059,3164182,258973,256438,11625,268063,5135
2021-07-10,Placer,061,380077,24276,23916,1612,25528,302
2021-07-10,Plumas,063,18699,732,717,14,731,4
2021-07-10,Riverside,065,2383286,297688,293474,14129,307603,4541
2021-07-10,Sacramento,067,1510023,110506,109091,1902,110993,1682
2021-07-10,San Benito,069,59416,6165,6141,113,6254,63
2021-07-10,San Bernardino,071,2135413,296646,294932,9072,304004,5117
2021-07-10,San Diego,073,3302833,286268,283577,15868,299445,3783
2021-07-10,San Francisco,075,870044,38000,37338,1335,38673,559
2021-07-10,San Joaquin,077,732212,74931,74150,3669,77819,1412
2021-07-10,San Luis Obispo,079,281455,21689,21375,765,22140,258
2021-07-10,San Mateo,081,765935,43302,42948,501,43449,542
2021-07-10,Santa Barbara,083,443738,34859,34595,1133,35728,460
2021-07-10,Santa Clara,085,1922200,120560,119330,778,120108,2094
2021-07-10,Santa Cruz,087,273765,16433,16286,803,17089,207
2021-07-10,Shasta,089,179085,12699,12623,1662,14285,206
2021-07-10,Sierra,091,2930,66,61,12,73,0
2021-07-10,Siskiyou,093,43540,2002,1909,387,2296,29
2021-07-10,Solano,095,438530,34077,33678,603,34281,268
2021-07-10,Sonoma,097,501317,31549,31231,365,31596,317
2021-07-10,Stanislaus,099,539301,57492,57104,6030,63134,1026
2021-07-10,Sutter,101,95872,9748,9692,90,9782,114
2021-07-10,Tehama,103,63373,5179,5131,587,5718,63
2021-07-10,Trinity,105,12862,497,341,100,441,3
2021-07-10,Tulare,107,460477,50636,49850,9094,58944,853
2021-07-10,Tuolumne,109,53932,4134,4114,45,4159,64
2021-07-10,Ventura,111,848112,82444,81713,3151,84864,1039
2021-07-10,Yolo,113,214977,14388,14250,306,14556,213
2021-07-10,Yuba,115,75493,6327,6238,129,6367,52
2021-07-09,Alameda,001,1643700,91143,90090,1999,92089,1252
2021-07-09,Alpine,002,1148,88,89,0,89,0
2021-07-09,Amador,005,37829,3779,3773,33,3806,47
2021-07-09,Butte,007,227075,12898,12764,1919,14683,202
2021-07-09,Calaveras,009,45235,2240,2214,14,2228,57
2021-07-09,Colusa,011,21464,1983,1969,329,2298,16
2021-07-09,Contra Costa,013,1133247,72290,71376,1337,72713,821
2021-07-09,Del Norte,015,27424,1497,1451,13,1464,8
2021-07-09,El Dorado,017,186661,10672,10508,804,11312,114
2021-07-09,Fresno,019,978130,103979,102675,8768,111443,1730
2021-07-09,Glenn,021,27897,2463,2440,569,3009,20
2021-07-09,Humboldt,023,135768,4640,4574,55,4629,51
2021-07-09,Imperial,025,180216,28937,28729,2696,31425,741
2021-07-09,Inyo,027,18085,1417,1415,12,1427,36
2021-07-09,Kern,029,883053,98341,97538,11195,108733,1346
2021-07-09,Kings,031,150075,23371,23090,1104,24194,246
2021-07-09,Lake,033,64148,3747,3667,13,3680,63
2021-07-09,Lassen,035,31185,5311,5290,117,5407,21
2021-07-09,Los Angeles,037,10098052,1223723,1212043,41512,1253555,24542
2021-07-09,Madera,039,155013,16933,16744,949,17693,241
2021-07-09,Marin,041,260295,5908,14194,262,14456,233
2021-07-09,Mariposa,043,17540,445,442,11,453,5
2021-07-09,Mendocino,045,87422,4260,4153,87,4240,49
2021-07-09,Merced,047,269075,31394,31328,1048,32376,470
2021-07-09,Modoc,049,8938,416,410,147,557,4
2021-07-09,Mono,051,14174,1272,1275,18,1293,3
2021-07-09,Monterey,053,433212,43489,43251,1864,45115,499
2021-07-09,Napa,055,140530,10106,10077,37,10114,81
2021-07-09,Nevada,057,99092,5086,5000,193,5193,72
2021-07-09,Orange,059,3164182,258767,256438,11611,268049,5135
2021-07-09,Placer,061,380077,24254,23916,1606,25522,302
2021-07-09,Plumas,063,18699,730,717,14,731,4
2021-07-09,Riverside,065,2383286,297502,293474,14116,307590,4541
2021-07-09,Sacramento,067,1510023,110352,109091,1893,110984,1682
2021-07-09,San Benito,069,59416,6163,6141,113,6254,63
2021-07-09,San Bernardino,071,2135413,296494,294932,9065,303997,5117
2021-07-09,San Diego,073,3302833,285979,283577,15820,299397,3783
2021-07-09,San Francisco,075,870044,37920,37338,1328,38666,559
2021-07-09,San Joaquin,077,732212,74857,74150,3662,77812,1412
2021-07-09,San Luis Obispo,079,281455,21677,21375,765,22140,258
2021-07-09,San Mateo,081,765935,43258,42948,497,43445,542
2021-07-09,Santa Barbara,083,443738,34838,34595,1132,35727,460
2021-07-09,Santa Clara,085,1922200,120449,119330,778,120108,2094
2021-07-09,Santa Cruz,087,273765,16430,16286,803,17089,207
2021-07-09,Shasta,089,179085,12693,12623,1657,14280,206
2021-07-09,Sierra,091,2930,66,61,12,73,0
2021-07-09,Siskiyou,093,43540,2000,1909,386,2295,29
2021-07-09,Solano,095,438530,34041,33678,599,34277,268
2021-07-09,Sonoma,097,501317,31513,31231,365,31596,317
2021-07-09,Stanislaus,099,539301,57463,57104,6028,63132,1026
2021-07-09,Sutter,101,95872,9739,9692,90,9782,114
2021-07-09,Tehama,103,63373,5177,5131,587,5718,63
2021-07-09,Trinity,105,12862,496,341,97,438,3
2021-07-09,Tulare,107,460477,50623,49850,9088,58938,853
2021-07-09,Tuolumne,109,53932,4130,4114,45,4159,64
2021-07-09,Ventura,111,848112,82389,81713,3142,84855,1039
2021-07-09,Yolo,113,214977,14373,14250,302,14552,213
2021-07-09,Yuba,115,75493,6314,6238,129,6367,52
2021-07-08,Alameda,001,1643700,90937,90090,1996,92086,1252
2021-07-08,Alpine,002,1148,88,89,0,89,0
2021-07-08,Amador,005,37829,3777,3773,33,3806,47
2021-07-08,Butte,007,227075,12885,12764,1916,14680,202
2021-07-08,Calaveras,009,45235,2237,2214,13,2227,57
2021-07-08,Colusa,011,21464,1983,1969,329,2298,16
2021-07-08,Contra Costa,013,1133247,72162,71376,1332,72708,821
2021-07-08,Del Norte,015,27424,1495,1451,13,1464,8
2021-07-08,El Dorado,017,186661,10655,10508,797,11305,114
2021-07-08,Fresno,019,978130,103916,102675,8757,111432,1730
2021-07-08,Glenn,021,27897,2463,2440,569,3009,20
2021-07-08,Humboldt,023,135768,4624,4574,54,4628,51
2021-07-08,Imperial,025,180216,28925,28729,2695,31424,741
2021-07-08,Inyo,027,18085,1417,1415,12,1427,36
2021-07-08,Kern,029,883053,98293,97538,11180,108718,1346
2021-07-08,Kings,031,150075,23362,23090,1104,24194,246
2021-07-08,Lake,033,64148,3733,3667,13,3680,63
2021-07-08,Lassen,035,31185,5308,5290,117,5407,21
2021-07-08,Los Angeles,037,10098052,1222509,1212043,41419,1253462,24542
2021-07-08,Madera,039,155013,16917,16744,949,17693,241
2021-07-08,Marin,041,260295,5894,14194,262,14456,233
2021-07-08,Mariposa,043,17540,444,442,11,453,5
2021-07-08,Mendocino,045,87422,4257,4153,87,4240,49
2021-07-08,Merced,047,269075,31380,31328,1046,32374,470
2021-07-08,Modoc,049,8938,416,410,147,557,4
2021-07-08,Mono,051,14174,1272,1275,18,1293,3
2021-07-08,Monterey,053,433212,43469,43251,1858,45109,499
2021-07-08,Napa,055,140530,10102,10077,37,10114,81
2021-07-08,Nevada,057,99092,5080,5000,193,5193,72
2021-07-08,Orange,059,3164182,258572,256438,11589,268027,5135
2021-07-08,Placer,061,380077,24215,23916,1598,25514,302
2021-07-08,Plumas,063,18699,729,717,14,731,4
2021-07-08,Riverside,065,2383286,297301,293474,14100,307574,4541
2021-07-08,Sacramento,067,1510023,110130,109091,1888,110979,1682
2021-07-08,San Benito,069,59416,6160,6141,113,6254,63
2021-07-08,San Bernardino,071,2135413,296319,294932,9056,303988,5117
2021-07-08,San Diego,073,3302833,285652,283577,15772,299349,3783
2021-07-08,San Francisco,075,870044,37840,37338,1324,38662,559
2021-07-08,San Joaquin,077,732212,74769,74150,3649,77799,1412
2021-07-08,San Luis Obispo,079,281455,21665,21375,762,22137,258
2021-07-08,San Mateo,081,765935,43207,42948,496,43444,542
2021-07-08,Santa Barbara,083,443738,34811,34595,1130,35725,460
2021-07-08,Santa Clara,085,1922200,120356,119330,777,120107,2094
2021-07-08,Santa Cruz,087,273765,16424,16286,803,17089,207
2021-07-08,Shasta,089,179085,12687,12623,1653,14276,206
2021-07-08,Sierra,091,2930,66,61,12,73,0
2021-07-08,Siskiyou,093,43540,1995,1909,383,2292,29
2021-07-08,Solano,095,438530,33986,33678,593,34271,268
2021-07-08,Sonoma,097,501317,31482,31231,364,31595,317
2021-07-08,Stanislaus,099,539301,57436,57104,6024,63128,1026
2021-07-08,Sutter,101,95872,9725,9692,88,9780,114
2021-07-08,Tehama,103,63373,5174,5131,586,5717,63
2021-07-08,Trinity,105,12862,496,341,97,438,3
2021-07-08,Tulare,107,460477,50605,49850,9081,58931,853
2021-07-08,Tuolumne,109,53932,4128,4114,45,4159,64
2021-07-08,Ventura,111,848112,82325,81713,3126,84839,1039
2021-07-08,Yolo,113,214977,14353,14250,300,14550,213
2021-07-08,Yuba,115,75493,6306,6238,129,6367,52
2021-07-07,Alameda,001,1643700,90754,89995,1990,91985,1253
2021-07-07,Alpine,002,1148,88,89,0,89,0
2021-07-07,Amador,005,37829,3772,3770,33,3803,47
2021-07-07,Butte,007,227075,12872,12750,1911,14661,202
2021-07-07,Calaveras,009,45235,2230,2212,13,2225,57
2021-07-07,Colusa,011,21464,1979,1969,329,2298,16
2021-07-07,Contra Costa,013,1133247,72015,71308,1330,72638,821
2021-07-07,Del Norte,015,27424,1490,1446,13,1459,8
2021-07-07,El Dorado,017,186661,10635,10494,795,11289,114
2021-07-07,Fresno,019,978130,103866,102639,8750,111389,1729
2021-07-07,Glenn,021,27897,2463,2441,569,3010,20
2021-07-07,Humboldt,023,135768,4610,4566,54,4620,51
2021-07-07,Imperial,025,180216,28918,28701,2695,31396,740
2021-07-07,Inyo,027,18085,1416,1415,12,1427,36
2021-07-07,Kern,029,883053,98249,97507,11165,108672,1348
2021-07-07,Kings,031,150075,23349,23085,1101,24186,245
2021-07-07,Lake,033,64148,3714,3660,13,3673,63
2021-07-07,Lassen,035,31185,5308,5286,117,5403,21
2021-07-07,Los Angeles,037,10098052,1221328,1211316,41317,1252633,24531
2021-07-07,Madera,039,155013,16906,16733,947,17680,241
2021-07-07,Marin,041,260295,5875,14183,261,14444,233
2021-07-07,Mariposa,043,17540,442,442,11,453,5
2021-07-07,Mendocino,045,87422,4248,4145,87,4232,49
2021-07-07,Merced,047,269075,31365,31317,1046,32363,470
2021-07-07,Modoc,049,8938,416,410,147,557,4
2021-07-07,Mono,051,14174,1271,1274,18,1292,3
2021-07-07,Monterey,053,433212,43445,43233,1856,45089,494
2021-07-07,Napa,055,140530,10091,10078,37,10115,81
2021-07-07,Nevada,057,99092,5073,4996,193,5189,72
2021-07-07,Orange,059,3164182,258346,256301,11568,267869,5132
2021-07-07,Placer,061,380077,24179,23901,1588,25489,302
2021-07-07,Plumas,063,18699,729,710,14,724,4
2021-07-07,Riverside,065,2383286,297087,293331,14090,307421,4538
2021-07-07,Sacramento,067,1510023,109940,108954,1880,110834,1682
2021-07-07,San Benito,069,59416,6155,6137,113,6250,63
2021-07-07,San Bernardino,071,2135413,296150,294787,9049,303836,5087
2021-07-07,San Diego,073,3302833,285332,283377,15732,299109,3782
2021-07-07,San Francisco,075,870044,37748,37284,1321,38605,558
2021-07-07,San Joaquin,077,732212,74693,74095,3634,77729,1410
2021-07-07,San Luis Obispo,079,281455,21656,21360,760,22120,258
2021-07-07,San Mateo,081,765935,43153,42908,493,43401,542
2021-07-07,Santa Barbara,083,443738,34785,34582,1130,35712,460
2021-07-07,Santa Clara,085,1922200,120258,119250,776,120026,2094
2021-07-07,Santa Cruz,087,273765,16415,16279,802,17081,207
2021-07-07,Shasta,089,179085,12679,12613,1650,14263,206
2021-07-07,Sierra,091,2930,66,60,12,72,0
2021-07-07,Siskiyou,093,43540,1989,1908,379,2287,29
2021-07-07,Solano,095,438530,33937,33659,586,34245,268
2021-07-07,Sonoma,097,501317,31436,31172,364,31536,316
2021-07-07,Stanislaus,099,539301,57404,57102,6019,63121,1028
2021-07-07,Sutter,101,95872,9715,9683,88,9771,114
2021-07-07,Tehama,103,63373,5173,5129,586,5715,63
2021-07-07,Trinity,105,12862,496,341,97,438,3
2021-07-07,Tulare,107,460477,50601,49835,9072,58907,853
2021-07-07,Tuolumne,109,53932,4124,4115,44,4159,64
2021-07-07,Ventura,111,848112,82281,81608,3112,84720,1036
2021-07-07,Yolo,113,214977,14342,14236,297,14533,213
2021-07-07,Yuba,115,75493,6290,6233,129,6362,51
2021-07-06,Alameda,001,1643700,90559,89918,1982,91900,1253
2021-07-06,Alpine,002,1148,88,89,0,89,0
2021-07-06,Amador,005,37829,3771,3768,32,3800,47
2021-07-06,Butte,007,227075,12859,12744,1908,14652,201
2021-07-06,Calaveras,009,45235,2230,2211,13,2224,55
2021-07-06,Colusa,011,21464,1978,1967,326,2293,16
2021-07-06,Contra Costa,013,1133247,71886,71262,1327,72589,820
2021-07-06,Del Norte,015,27424,1486,1445,13,1458,8
2021-07-06,El Dorado,017,186661,10617,10484,793,11277,113
2021-07-06,Fresno,019,978130,103814,102616,8738,111354,1727
2021-07-06,Glenn,021,27897,2462,2438,569,3007,20
2021-07-06,Humboldt,023,135768,4596,4565,53,4618,49
2021-07-06,Imperial,025,180216,28903,28693,2693,31386,739
2021-07-06,Inyo,027,18085,1416,1412,12,1424,36
2021-07-06,Kern,029,883053,98207,97491,11154,108645,1346
2021-07-06,Kings,031,150075,23341,23077,1100,24177,245
2021-07-06,Lake,033,64148,3704,3659,13,3672,63
2021-07-06,Lassen,035,31185,5307,5288,116,5404,21
2021-07-06,Los Angeles,037,10098052,1220109,1210965,41221,1252186,24525
2021-07-06,Madera,039,155013,16894,16730,947,17677,241
2021-07-06,Marin,041,260295,5861,14181,261,14442,233
2021-07-06,Mariposa,043,17540,442,442,11,453,5
2021-07-06,Mendocino,045,87422,4241,4143,87,4230,49
2021-07-06,Merced,047,269075,31348,31317,1045,32362,470
2021-07-06,Modoc,049,8938,416,411,147,558,4
2021-07-06,Mono,051,14174,1270,1274,18,1292,3
2021-07-06,Monterey,053,433212,43423,43224,1854,45078,494
2021-07-06,Napa,055,140530,10080,10081,37,10118,81
2021-07-06,Nevada,057,99092,5064,4988,193,5181,72
2021-07-06,Orange,059,3164182,258102,256227,11551,267778,5129
2021-07-06,Placer,061,380077,24138,23876,1582,25458,302
2021-07-06,Plumas,063,18699,728,708,14,722,4
2021-07-06,Riverside,065,2383286,296884,293227,14072,307299,4539
2021-07-06,Sacramento,067,1510023,109729,108850,1872,110722,1679
2021-07-06,San Benito,069,59416,6151,6137,113,6250,63
2021-07-06,San Bernardino,071,2135413,295971,294712,9036,303748,5056
2021-07-06,San Diego,073,3302833,284974,283278,15673,298951,3782
2021-07-06,San Francisco,075,870044,37631,37251,1320,38571,558
2021-07-06,San Joaquin,077,732212,74623,74019,3622,77641,1410
2021-07-06,San Luis Obispo,079,281455,21639,21354,758,22112,257
2021-07-06,San Mateo,081,765935,43078,42895,493,43388,541
2021-07-06,Santa Barbara,083,443738,34766,34572,1129,35701,460
2021-07-06,Santa Clara,085,1922200,120140,119194,773,119967,2095
2021-07-06,Santa Cruz,087,273765,16410,16274,801,17075,207
2021-07-06,Shasta,089,179085,12669,12606,1648,14254,205
2021-07-06,Sierra,091,2930,65,60,12,72,0
2021-07-06,Siskiyou,093,43540,1986,1905,375,2280,29
2021-07-06,Solano,095,438530,33886,33619,583,34202,268
2021-07-06,Sonoma,097,501317,31373,31130,363,31493,316
2021-07-06,Stanislaus,099,539301,57355,57120,6008,63128,1029
2021-07-06,Sutter,101,95872,9706,9674,87,9761,114
2021-07-06,Tehama,103,63373,5170,5126,585,5711,63
2021-07-06,Trinity,105,12862,496,341,97,438,3
2021-07-06,Tulare,107,460477,50586,49826,9062,58888,853
2021-07-06,Tuolumne,109,53932,4122,4113,44,4157,64
2021-07-06,Ventura,111,848112,82241,81534,3087,84621,1033
2021-07-06,Yolo,113,214977,14320,14227,294,14521,213
2021-07-06,Yuba,115,75493,6279,6231,129,6360,51
2021-07-05,Alameda,001,1643700,90383,89892,1977,91869,1253
2021-07-05,Alpine,002,1148,88,89,0,89,0
2021-07-05,Amador,005,37829,3769,3768,32,3800,47
2021-07-05,Butte,007,227075,12851,12740,1899,14639,201
2021-07-05,Calaveras,009,45235,2228,2211,13,2224,55
2021-07-05,Colusa,011,21464,1976,1966,325,2291,16
2021-07-05,Contra Costa,013,1133247,71758,71235,1327,72562,820
2021-07-05,Del Norte,015,27424,1482,1446,13,1459,8
2021-07-05,El Dorado,017,186661,10592,10481,793,11274,113
2021-07-05,Fresno,019,978130,103755,102592,8723,111315,1727
2021-07-05,Glenn,021,27897,2459,2438,568,3006,20
2021-07-05,Humboldt,023,135768,4582,4563,53,4616,49
2021-07-05,Imperial,025,180216,28884,28689,2693,31382,739
2021-07-05,Inyo,027,18085,1416,1412,12,1424,36
2021-07-05,Kern,029,883053,98159,97479,11134,108613,1346
2021-07-05,Kings,031,150075,23333,23065,1097,24162,245
2021-07-05,Lake,033,64148,3686,3645,13,3658,63
2021-07-05,Lassen,035,31185,5304,5288,115,5403,21
2021-07-05,Los Angeles,037,10098052,1218915,1210653,41119,1251772,24522
2021-07-05,Madera,039,155013,16883,16722,946,17668,241
2021-07-05,Marin,041,260295,5840,14178,261,14439,233
2021-07-05,Mariposa,043,17540,442,441,11,452,5
2021-07-05,Mendocino,045,87422,4236,4139,87,4226,49
2021-07-05,Merced,047,269075,31328,31312,1045,32357,470
2021-07-05,Modoc,049,8938,416,410,147,557,4
2021-07-05,Mono,051,14174,1270,1273,18,1291,3
2021-07-05,Monterey,053,433212,43403,43218,1849,45067,494
2021-07-05,Napa,055,140530,10074,10074,37,10111,81
2021-07-05,Nevada,057,99092,5046,4980,192,5172,72
2021-07-05,Orange,059,3164182,257901,256173,11533,267706,5129
2021-07-05,Placer,061,380077,24091,23867,1574,25441,302
2021-07-05,Plumas,063,18699,727,708,14,722,4
2021-07-05,Riverside,065,2383286,296692,293193,14060,307253,4539
2021-07-05,Sacramento,067,1510023,109547,108758,1862,110620,1679
2021-07-05,San Benito,069,59416,6144,6137,113,6250,63
2021-07-05,San Bernardino,071,2135413,295809,294647,9029,303676,5037
2021-07-05,San Diego,073,3302833,284611,282834,15629,298463,3782
2021-07-05,San Francisco,075,870044,37542,37237,1315,38552,558
2021-07-05,San Joaquin,077,732212,74553,73999,3617,77616,1410
2021-07-05,San Luis Obispo,079,281455,21625,21351,757,22108,257
2021-07-05,San Mateo,081,765935,43026,42876,490,43366,541
2021-07-05,Santa Barbara,083,443738,34746,34569,1129,35698,460
2021-07-05,Santa Clara,085,1922200,120034,119184,771,119955,2095
2021-07-05,Santa Cruz,087,273765,16401,16273,800,17073,208
2021-07-05,Shasta,089,179085,12660,12603,1646,14249,205
2021-07-05,Sierra,091,2930,65,60,12,72,0
2021-07-05,Siskiyou,093,43540,1984,1904,374,2278,29
2021-07-05,Solano,095,438530,33817,33612,577,34189,268
2021-07-05,Sonoma,097,501317,31320,31116,363,31479,316
2021-07-05,Stanislaus,099,539301,57325,57109,5997,63106,1029
2021-07-05,Sutter,101,95872,9694,9667,87,9754,114
2021-07-05,Tehama,103,63373,5169,5125,585,5710,63
2021-07-05,Trinity,105,12862,495,341,96,437,3
2021-07-05,Tulare,107,460477,50568,49818,9059,58877,853
2021-07-05,Tuolumne,109,53932,4118,4112,44,4156,64
2021-07-05,Ventura,111,848112,82190,81519,3068,84587,1033
2021-07-05,Yolo,113,214977,14300,14225,286,14511,213
2021-07-05,Yuba,115,75493,6271,6223,129,6352,51
2021-07-04,Alameda,001,1643700,90219,89683,1974,91657,1253
2021-07-04,Alpine,002,1148,88,89,0,89,0
2021-07-04,Amador,005,37829,3768,3758,32,3790,46
2021-07-04,Butte,007,227075,12841,12684,1899,14583,201
2021-07-04,Calaveras,009,45235,2224,2200,13,2213,55
2021-07-04,Colusa,011,21464,1976,1969,325,2294,15
2021-07-04,Contra Costa,013,1133247,71652,70941,1322,72263,818
2021-07-04,Del Norte,015,27424,1479,1439,13,1452,8
2021-07-04,El Dorado,017,186661,10583,10433,792,11225,113
2021-07-04,Fresno,019,978130,103709,102512,8708,111220,1727
2021-07-04,Glenn,021,27897,2457,2442,567,3009,20
2021-07-04,Humboldt,023,135768,4574,4530,53,4583,49
2021-07-04,Imperial,025,180216,28878,28661,2693,31354,739
2021-07-04,Inyo,027,18085,1416,1412,12,1424,35
2021-07-04,Kern,029,883053,98140,97421,11125,108546,1347
2021-07-04,Kings,031,150075,23325,23051,1097,24148,245
2021-07-04,Lake,033,64148,3676,3623,13,3636,62
2021-07-04,Lassen,035,31185,5303,5277,115,5392,20
2021-07-04,Los Angeles,037,10098052,1218051,1208705,41036,1249741,24506
2021-07-04,Madera,039,155013,16871,16696,945,17641,240
2021-07-04,Marin,041,260295,5825,14143,261,14404,233
2021-07-04,Mariposa,043,17540,442,441,11,452,5
2021-07-04,Mendocino,045,87422,4226,4122,87,4209,49
2021-07-04,Merced,047,269075,31317,31297,1045,32342,469
2021-07-04,Modoc,049,8938,416,410,147,557,4
2021-07-04,Mono,051,14174,1270,1275,18,1293,3
2021-07-04,Monterey,053,433212,43387,43212,1848,45060,492
2021-07-04,Napa,055,140530,10066,10045,36,10081,81
2021-07-04,Nevada,057,99092,5036,4966,192,5158,72
2021-07-04,Orange,059,3164182,257726,255823,11513,267336,5126
2021-07-04,Placer,061,380077,24054,23764,1568,25332,299
2021-07-04,Plumas,063,18699,727,707,14,721,4
2021-07-04,Riverside,065,2383286,296533,293260,14054,307314,4536
2021-07-04,Sacramento,067,1510023,109377,108257,1856,110113,1676
2021-07-04,San Benito,069,59416,6137,6108,113,6221,63
2021-07-04,San Bernardino,071,2135413,295641,294294,9022,303316,5003
2021-07-04,San Diego,073,3302833,284386,282692,15592,298284,3780
2021-07-04,San Francisco,075,870044,37483,37107,1309,38416,558
2021-07-04,San Joaquin,077,732212,74487,73841,3609,77450,1409
2021-07-04,San Luis Obispo,079,281455,21619,21330,756,22086,256
2021-07-04,San Mateo,081,765935,42992,42691,490,43181,541
2021-07-04,Santa Barbara,083,443738,34723,34526,1128,35654,456
2021-07-04,Santa Clara,085,1922200,119944,118966,770,119736,2090
2021-07-04,Santa Cruz,087,273765,16390,16254,800,17054,208
2021-07-04,Shasta,089,179085,12656,12582,1645,14227,204
2021-07-04,Sierra,091,2930,64,60,12,72,0
2021-07-04,Siskiyou,093,43540,1980,1899,373,2272,29
2021-07-04,Solano,095,438530,33776,33486,575,34061,268
2021-07-04,Sonoma,097,501317,31290,31000,363,31363,316
2021-07-04,Stanislaus,099,539301,57309,57018,5991,63009,1018
2021-07-04,Sutter,101,95872,9683,9644,87,9731,114
2021-07-04,Tehama,103,63373,5165,5124,585,5709,63
2021-07-04,Trinity,105,12862,494,341,96,437,3
2021-07-04,Tulare,107,460477,50558,49789,9056,58845,853
2021-07-04,Tuolumne,109,53932,4110,4113,44,4157,64
2021-07-04,Ventura,111,848112,82132,81425,3057,84482,1033
2021-07-04,Yolo,113,214977,14279,14188,283,14471,213
2021-07-04,Yuba,115,75493,6263,6197,129,6326,51
2021-07-03,Alameda,001,1643700,90132,89683,1966,91649,1253
2021-07-03,Alpine,002,1148,88,89,0,89,0
2021-07-03,Amador,005,37829,3768,3758,32,3790,46
2021-07-03,Butte,007,227075,12837,12684,1898,14582,201
2021-07-03,Calaveras,009,45235,2222,2200,13,2213,55
2021-07-03,Colusa,011,21464,1975,1969,325,2294,15
2021-07-03,Contra Costa,013,1133247,71592,70941,1319,72260,818
2021-07-03,Del Norte,015,27424,1476,1439,13,1452,8
2021-07-03,El Dorado,017,186661,10577,10433,790,11223,113
2021-07-03,Fresno,019,978130,103685,102512,8699,111211,1727
2021-07-03,Glenn,021,27897,2457,2442,567,3009,20
2021-07-03,Humboldt,023,135768,4569,4530,53,4583,49
2021-07-03,Imperial,025,180216,28868,28661,2693,31354,739
2021-07-03,Inyo,027,18085,1416,1412,12,1424,35
2021-07-03,Kern,029,883053,98120,97421,11117,108538,1347
2021-07-03,Kings,031,150075,23325,23051,1096,24147,245
2021-07-03,Lake,033,64148,3666,3623,13,3636,62
2021-07-03,Lassen,035,31185,5302,5277,115,5392,20
2021-07-03,Los Angeles,037,10098052,1217622,1208705,41005,1249710,24506
2021-07-03,Madera,039,155013,16862,16696,942,17638,240
2021-07-03,Marin,041,260295,5821,14143,261,14404,233
2021-07-03,Mariposa,043,17540,442,441,11,452,5
2021-07-03,Mendocino,045,87422,4225,4122,87,4209,49
2021-07-03,Merced,047,269075,31304,31297,1044,32341,469
2021-07-03,Modoc,049,8938,415,410,147,557,4
2021-07-03,Mono,051,14174,1269,1275,18,1293,3
2021-07-03,Monterey,053,433212,43375,43212,1846,45058,492
2021-07-03,Napa,055,140530,10061,10045,36,10081,81
2021-07-03,Nevada,057,99092,5022,4966,192,5158,72
2021-07-03,Orange,059,3164182,257642,255823,11506,267329,5126
2021-07-03,Placer,061,380077,24035,23764,1565,25329,299
2021-07-03,Plumas,063,18699,727,707,14,721,4
2021-07-03,Riverside,065,2383286,296441,293260,14050,307310,4536
2021-07-03,Sacramento,067,1510023,109303,108257,1853,110110,1676
2021-07-03,San Benito,069,59416,6130,6108,113,6221,63
2021-07-03,San Bernardino,071,2135413,295551,294294,9019,303313,5003
2021-07-03,San Diego,073,3302833,284255,282692,15573,298265,3780
2021-07-03,San Francisco,075,870044,37442,37107,1306,38413,558
2021-07-03,San Joaquin,077,732212,74451,73841,3604,77445,1409
2021-07-03,San Luis Obispo,079,281455,21607,21330,756,22086,256
2021-07-03,San Mateo,081,765935,42967,42691,489,43180,541
2021-07-03,Santa Barbara,083,443738,34714,34526,1127,35653,456
2021-07-03,Santa Clara,085,1922200,119897,118966,770,119736,2090
2021-07-03,Santa Cruz,087,273765,16383,16254,800,17054,208
2021-07-03,Shasta,089,179085,12652,12582,1643,14225,204
2021-07-03,Sierra,091,2930,64,60,12,72,0
2021-07-03,Siskiyou,093,43540,1979,1899,372,2271,29
2021-07-03,Solano,095,438530,33732,33486,575,34061,268
2021-07-03,Sonoma,097,501317,31256,31000,363,31363,316
2021-07-03,Stanislaus,099,539301,57298,57018,5984,63002,1018
2021-07-03,Sutter,101,95872,9673,9644,87,9731,114
2021-07-03,Tehama,103,63373,5163,5124,585,5709,63
2021-07-03,Trinity,105,12862,494,341,96,437,3
2021-07-03,Tulare,107,460477,50552,49789,9050,58839,853
2021-07-03,Tuolumne,109,53932,4109,4113,44,4157,64
2021-07-03,Ventura,111,848112,82102,81425,3049,84474,1033
2021-07-03,Yolo,113,214977,14269,14188,280,14468,213
2021-07-03,Yuba,115,75493,6257,6197,129,6326,51
2021-07-02,Alameda,001,1643700,90048,89683,1964,91647,1253
2021-07-02,Alpine,002,1148,88,89,0,89,0
2021-07-02,Amador,005,37829,3766,3758,32,3790,46
2021-07-02,Butte,007,227075,12830,12684,1898,14582,201
2021-07-02,Calaveras,009,45235,2220,2200,13,2213,55
2021-07-02,Colusa,011,21464,1974,1969,324,2293,15
2021-07-02,Contra Costa,013,1133247,71522,70941,1315,72256,818
2021-07-02,Del Norte,015,27424,1476,1439,13,1452,8
2021-07-02,El Dorado,017,186661,10569,10433,790,11223,113
2021-07-02,Fresno,019,978130,103657,102512,8693,111205,1727
2021-07-02,Glenn,021,27897,2456,2442,566,3008,20
2021-07-02,Humboldt,023,135768,4566,4530,52,4582,49
2021-07-02,Imperial,025,180216,28862,28661,2692,31353,739
2021-07-02,Inyo,027,18085,1416,1412,12,1424,35
2021-07-02,Kern,029,883053,98102,97421,11109,108530,1347
2021-07-02,Kings,031,150075,23315,23051,1096,24147,245
2021-07-02,Lake,033,64148,3660,3623,13,3636,62
2021-07-02,Lassen,035,31185,5302,5277,115,5392,20
2021-07-02,Los Angeles,037,10098052,1217148,1208705,40967,1249672,24506
2021-07-02,Madera,039,155013,16853,16696,941,17637,240
2021-07-02,Marin,041,260295,5817,14143,261,14404,233
2021-07-02,Mariposa,043,17540,442,441,11,452,5
2021-07-02,Mendocino,045,87422,4221,4122,86,4208,49
2021-07-02,Merced,047,269075,31295,31297,1044,32341,469
2021-07-02,Modoc,049,8938,415,410,147,557,4
2021-07-02,Mono,051,14174,1268,1275,18,1293,3
2021-07-02,Monterey,053,433212,43367,43212,1845,45057,492
2021-07-02,Napa,055,140530,10056,10045,36,10081,81
2021-07-02,Nevada,057,99092,5013,4966,192,5158,72
2021-07-02,Orange,059,3164182,257529,255823,11499,267322,5126
2021-07-02,Placer,061,380077,24018,23764,1558,25322,299
2021-07-02,Plumas,063,18699,727,707,14,721,4
2021-07-02,Riverside,065,2383286,296344,293260,14045,307305,4536
2021-07-02,Sacramento,067,1510023,109225,108257,1852,110109,1676
2021-07-02,San Benito,069,59416,6127,6108,113,6221,63
2021-07-02,San Bernardino,071,2135413,295464,294294,9017,303311,5003
2021-07-02,San Diego,073,3302833,284110,282692,15547,298239,3780
2021-07-02,San Francisco,075,870044,37394,37107,1304,38411,558
2021-07-02,San Joaquin,077,732212,74419,73841,3598,77439,1409
2021-07-02,San Luis Obispo,079,281455,21601,21330,755,22085,256
2021-07-02,San Mateo,081,765935,42932,42691,489,43180,541
2021-07-02,Santa Barbara,083,443738,34704,34526,1127,35653,456
2021-07-02,Santa Clara,085,1922200,119819,118966,770,119736,2090
2021-07-02,Santa Cruz,087,273765,16379,16254,800,17054,208
2021-07-02,Shasta,089,179085,12648,12582,1643,14225,204
2021-07-02,Sierra,091,2930,63,60,12,72,0
2021-07-02,Siskiyou,093,43540,1976,1899,371,2270,29
2021-07-02,Solano,095,438530,33707,33486,575,34061,268
2021-07-02,Sonoma,097,501317,31233,31000,363,31363,316
2021-07-02,Stanislaus,099,539301,57281,57018,5983,63001,1018
2021-07-02,Sutter,101,95872,9669,9644,87,9731,114
2021-07-02,Tehama,103,63373,5161,5124,583,5707,63
2021-07-02,Trinity,105,12862,494,341,96,437,3
2021-07-02,Tulare,107,460477,50542,49789,9042,58831,853
2021-07-02,Tuolumne,109,53932,4106,4113,44,4157,64
2021-07-02,Ventura,111,848112,82059,81425,3041,84466,1033
2021-07-02,Yolo,113,214977,14253,14188,278,14466,213
2021-07-02,Yuba,115,75493,6249,6197,129,6326,51
2021-07-01,Alameda,001,1643700,89947,89683,1962,91645,1253
2021-07-01,Alpine,002,1148,88,89,0,89,0
2021-07-01,Amador,005,37829,3765,3758,32,3790,46
2021-07-01,Butte,007,227075,12819,12684,1896,14580,201
2021-07-01,Calaveras,009,45235,2218,2200,13,2213,55
2021-07-01,Colusa,011,21464,1974,1969,322,2291,15
2021-07-01,Contra Costa,013,1133247,71450,70941,1315,72256,818
2021-07-01,Del Norte,015,27424,1475,1439,13,1452,8
2021-07-01,El Dorado,017,186661,10557,10433,790,11223,113
2021-07-01,Fresno,019,978130,103618,102512,8688,111200,1727
2021-07-01,Glenn,021,27897,2456,2442,566,3008,20
2021-07-01,Humboldt,023,135768,4564,4530,52,4582,49
2021-07-01,Imperial,025,180216,28845,28661,2692,31353,739
2021-07-01,Inyo,027,18085,1416,1412,12,1424,35
2021-07-01,Kern,029,883053,98076,97421,11099,108520,1347
2021-07-01,Kings,031,150075,23301,23051,1096,24147,245
2021-07-01,Lake,033,64148,3657,3623,13,3636,62
2021-07-01,Lassen,035,31185,5300,5277,115,5392,20
2021-07-01,Los Angeles,037,10098052,1216544,1208705,40912,1249617,24506
2021-07-01,Madera,039,155013,16844,16696,940,17636,240
2021-07-01,Marin,041,260295,5813,14143,261,14404,233
2021-07-01,Mariposa,043,17540,442,441,11,452,5
2021-07-01,Mendocino,045,87422,4217,4122,85,4207,49
2021-07-01,Merced,047,269075,31289,31297,1044,32341,469
2021-07-01,Modoc,049,8938,415,410,147,557,4
2021-07-01,Mono,051,14174,1267,1275,18,1293,3
2021-07-01,Monterey,053,433212,43359,43212,1842,45054,492
2021-07-01,Napa,055,140530,10049,10045,36,10081,81
2021-07-01,Nevada,057,99092,5008,4966,192,5158,72
2021-07-01,Orange,059,3164182,257409,255823,11480,267303,5126
2021-07-01,Placer,061,380077,24000,23764,1555,25319,299
2021-07-01,Plumas,063,18699,724,707,12,719,4
2021-07-01,Riverside,065,2383286,296235,293260,14037,307297,4536
2021-07-01,Sacramento,067,1510023,109100,108257,1845,110102,1676
2021-07-01,San Benito,069,59416,6123,6108,113,6221,63
2021-07-01,San Bernardino,071,2135413,295343,294294,9012,303306,5003
2021-07-01,San Diego,073,3302833,283931,282692,15510,298202,3780
2021-07-01,San Francisco,075,870044,37357,37107,1302,38409,558
2021-07-01,San Joaquin,077,732212,74368,73841,3594,77435,1409
2021-07-01,San Luis Obispo,079,281455,21586,21330,754,22084,256
2021-07-01,San Mateo,081,765935,42904,42691,488,43179,541
2021-07-01,Santa Barbara,083,443738,34691,34526,1127,35653,456
2021-07-01,Santa Clara,085,1922200,119770,118966,770,119736,2090
2021-07-01,Santa Cruz,087,273765,16374,16254,800,17054,208
2021-07-01,Shasta,089,179085,12640,12582,1642,14224,204
2021-07-01,Sierra,091,2930,63,60,12,72,0
2021-07-01,Siskiyou,093,43540,1976,1899,371,2270,29
2021-07-01,Solano,095,438530,33667,33486,574,34060,268
2021-07-01,Sonoma,097,501317,31189,31000,363,31363,316
2021-07-01,Stanislaus,099,539301,57264,57018,5979,62997,1018
2021-07-01,Sutter,101,95872,9660,9644,87,9731,114
2021-07-01,Tehama,103,63373,5161,5124,582,5706,63
2021-07-01,Trinity,105,12862,494,341,96,437,3
2021-07-01,Tulare,107,460477,50533,49789,9035,58824,853
2021-07-01,Tuolumne,109,53932,4099,4113,44,4157,64
2021-07-01,Ventura,111,848112,82028,81425,3031,84456,1033
2021-07-01,Yolo,113,214977,14237,14188,276,14464,213
2021-07-01,Yuba,115,75493,6242,6197,129,6326,51
2021-06-30,Alameda,001,1643700,89865,89597,1958,91555,1256
2021-06-30,Alpine,002,1148,88,89,0,89,0
2021-06-30,Amador,005,37829,3763,3756,32,3788,46
2021-06-30,Butte,007,227075,12812,12676,1887,14563,201
2021-06-30,Calaveras,009,45235,2212,2198,13,2211,55
2021-06-30,Colusa,011,21464,1972,1967,319,2286,15
2021-06-30,Contra Costa,013,1133247,71385,70869,1312,72181,818
2021-06-30,Del Norte,015,27424,1470,1435,13,1448,8
2021-06-30,El Dorado,017,186661,10537,10420,790,11210,113
2021-06-30,Fresno,019,978130,103580,102490,8685,111175,1727
2021-06-30,Glenn,021,27897,2454,2440,566,3006,20
2021-06-30,Humboldt,023,135768,4548,4522,50,4572,49
2021-06-30,Imperial,025,180216,28837,28651,2692,31343,739
2021-06-30,Inyo,027,18085,1416,1409,12,1421,35
2021-06-30,Kern,029,883053,98035,97267,11087,108354,1348
2021-06-30,Kings,031,150075,23296,23038,1095,24133,245
2021-06-30,Lake,033,64148,3644,3601,13,3614,56
2021-06-30,Lassen,035,31185,5295,5269,115,5384,20
2021-06-30,Los Angeles,037,10098052,1215870,1208246,40867,1249113,24499
2021-06-30,Madera,039,155013,16836,16688,938,17626,240
2021-06-30,Marin,041,260295,5804,14133,260,14393,232
2021-06-30,Mariposa,043,17540,441,441,11,452,5
2021-06-30,Mendocino,045,87422,4207,4115,85,4200,49
2021-06-30,Merced,047,269075,31279,31286,1044,32330,469
2021-06-30,Modoc,049,8938,415,410,147,557,4
2021-06-30,Mono,051,14174,1267,1275,18,1293,3
2021-06-30,Monterey,053,433212,43354,43209,1840,45049,492
2021-06-30,Napa,055,140530,10041,10039,36,10075,81
2021-06-30,Nevada,057,99092,4997,4958,192,5150,72
2021-06-30,Orange,059,3164182,257284,255764,11470,267234,5125
2021-06-30,Placer,061,380077,23976,23721,1552,25273,299
2021-06-30,Plumas,063,18699,724,705,12,717,4
2021-06-30,Riverside,065,2383286,296121,293280,14029,307309,4535
2021-06-30,Sacramento,067,1510023,108961,108137,1841,109978,1676
2021-06-30,San Benito,069,59416,6119,6105,113,6218,63
2021-06-30,San Bernardino,071,2135413,295183,294211,9007,303218,4975
2021-06-30,San Diego,073,3302833,283795,282583,15482,298065,3780
2021-06-30,San Francisco,075,870044,37309,37065,1297,38362,558
2021-06-30,San Joaquin,077,732212,74306,73777,3593,77370,1409
2021-06-30,San Luis Obispo,079,281455,21573,21326,753,22079,256
2021-06-30,San Mateo,081,765935,42867,42599,487,43086,537
2021-06-30,Santa Barbara,083,443738,34675,34521,1127,35648,456
2021-06-30,Santa Clara,085,1922200,119723,118930,767,119697,2090
2021-06-30,Santa Cruz,087,273765,16368,16250,800,17050,208
2021-06-30,Shasta,089,179085,12634,12564,1642,14206,204
2021-06-30,Sierra,091,2930,63,60,12,72,0
2021-06-30,Siskiyou,093,43540,1974,1900,368,2268,29
2021-06-30,Solano,095,438530,33628,33453,572,34025,268
2021-06-30,Sonoma,097,501317,31159,30947,363,31310,316
2021-06-30,Stanislaus,099,539301,57247,56997,5978,62975,1018
2021-06-30,Sutter,101,95872,9650,9638,87,9725,114
2021-06-30,Tehama,103,63373,5159,5124,582,5706,63
2021-06-30,Trinity,105,12862,494,341,96,437,3
2021-06-30,Tulare,107,460477,50522,49764,9024,58788,853
2021-06-30,Tuolumne,109,53932,4096,4112,44,4156,64
2021-06-30,Ventura,111,848112,81985,81392,3026,84418,1032
2021-06-30,Yolo,113,214977,14231,14178,273,14451,213
2021-06-30,Yuba,115,75493,6235,6191,129,6320,51
2021-06-29,Alameda,001,1643700,89759,89519,1956,91475,1257
2021-06-29,Alpine,002,1148,88,89,0,89,0
2021-06-29,Amador,005,37829,3759,3754,32,3786,46
2021-06-29,Butte,007,227075,12804,12669,1887,14556,201
2021-06-29,Calaveras,009,45235,2206,2198,13,2211,55
2021-06-29,Colusa,011,21464,1970,1967,319,2286,15
2021-06-29,Contra Costa,013,1133247,71311,70775,1311,72086,817
2021-06-29,Del Norte,015,27424,1469,1435,13,1448,8
2021-06-29,El Dorado,017,186661,10524,10403,786,11189,113
2021-06-29,Fresno,019,978130,103547,102464,8682,111146,1725
2021-06-29,Glenn,021,27897,2453,2439,566,3005,20
2021-06-29,Humboldt,023,135768,4544,4514,49,4563,49
2021-06-29,Imperial,025,180216,28828,28645,2691,31336,737
2021-06-29,Inyo,027,18085,1416,1408,12,1420,35
2021-06-29,Kern,029,883053,98014,97173,11081,108254,1347
2021-06-29,Kings,031,150075,23287,23035,1094,24129,245
2021-06-29,Lake,033,64148,3638,3594,13,3607,56
2021-06-29,Lassen,035,31185,5288,5268,115,5383,20
2021-06-29,Los Angeles,037,10098052,1215256,1207895,40839,1248734,24498
2021-06-29,Madera,039,155013,16832,16680,937,17617,240
2021-06-29,Marin,041,260295,5792,14127,260,14387,232
2021-06-29,Mariposa,043,17540,441,441,11,452,5
2021-06-29,Mendocino,045,87422,4203,4107,84,4191,49
2021-06-29,Merced,047,269075,31267,31277,1044,32321,469
2021-06-29,Modoc,049,8938,414,408,147,555,3
2021-06-29,Mono,051,14174,1267,1275,18,1293,3
2021-06-29,Monterey,053,433212,43344,43196,1838,45034,471
2021-06-29,Napa,055,140530,10035,10033,36,10069,81
2021-06-29,Nevada,057,99092,4990,4952,192,5144,72
2021-06-29,Orange,059,3164182,257183,255686,11455,267141,5124
2021-06-29,Placer,061,380077,23952,23693,1550,25243,299
2021-06-29,Plumas,063,18699,724,704,12,716,4
2021-06-29,Riverside,065,2383286,296021,292962,14022,306984,4524
2021-06-29,Sacramento,067,1510023,108808,108067,1837,109904,1677
2021-06-29,San Benito,069,59416,6108,6099,113,6212,63
2021-06-29,San Bernardino,071,2135413,295071,294118,9006,303124,4940
2021-06-29,San Diego,073,3302833,283639,282499,15455,297954,3780
2021-06-29,San Francisco,075,870044,37270,37041,1294,38335,558
2021-06-29,San Joaquin,077,732212,74258,73724,3590,77314,1409
2021-06-29,San Luis Obispo,079,281455,21563,21324,752,22076,256
2021-06-29,San Mateo,081,765935,42833,42540,487,43027,540
2021-06-29,Santa Barbara,083,443738,34665,34507,1126,35633,455
2021-06-29,Santa Clara,085,1922200,119669,118893,766,119659,2090
2021-06-29,Santa Cruz,087,273765,16362,16249,800,17049,208
2021-06-29,Shasta,089,179085,12622,12564,1641,14205,204
2021-06-29,Sierra,091,2930,63,59,12,71,0
2021-06-29,Siskiyou,093,43540,1971,1897,364,2261,29
2021-06-29,Solano,095,438530,33595,33440,570,34010,268
2021-06-29,Sonoma,097,501317,31117,30950,361,31311,316
2021-06-29,Stanislaus,099,539301,57226,56980,5971,62951,1018
2021-06-29,Sutter,101,95872,9639,9634,87,9721,114
2021-06-29,Tehama,103,63373,5159,5124,582,5706,63
2021-06-29,Trinity,105,12862,494,341,96,437,3
2021-06-29,Tulare,107,460477,50509,49751,9019,58770,852
2021-06-29,Tuolumne,109,53932,4094,4111,44,4155,64
2021-06-29,Ventura,111,848112,81947,81363,3020,84383,1032
2021-06-29,Yolo,113,214977,14219,14171,272,14443,213
2021-06-29,Yuba,115,75493,6225,6188,129,6317,51
2021-06-28,Alameda,001,1643700,89664,89638,1953,91591,1259
2021-06-28,Alpine,002,1148,88,89,0,89,0
2021-06-28,Amador,005,37829,3758,3753,32,3785,46
2021-06-28,Butte,007,227075,12795,12697,1885,14582,198
2021-06-28,Calaveras,009,45235,2203,2203,13,2216,55
2021-06-28,Colusa,011,21464,1968,1974,319,2293,15
2021-06-28,Contra Costa,013,1133247,71236,70807,1309,72116,816
2021-06-28,Del Norte,015,27424,1469,1436,13,1449,8
2021-06-28,El Dorado,017,186661,10514,10422,782,11204,115
2021-06-28,Fresno,019,978130,103516,103121,8680,111801,1727
2021-06-28,Glenn,021,27897,2453,2439,566,3005,20
2021-06-28,Humboldt,023,135768,4537,4520,48,4568,49
2021-06-28,Imperial,025,180216,28820,28981,2690,31671,741
2021-06-28,Inyo,027,18085,1413,1407,12,1419,35
2021-06-28,Kern,029,883053,97995,97252,11076,108328,1348
2021-06-28,Kings,031,150075,23281,23134,1094,24228,246
2021-06-28,Lake,033,64148,3631,3591,13,3604,56
2021-06-28,Lassen,035,31185,5286,5268,115,5383,20
2021-06-28,Los Angeles,037,10098052,1214736,1207714,40805,1248519,24496
2021-06-28,Madera,039,155013,16821,16683,936,17619,240
2021-06-28,Marin,041,260295,5777,14186,260,14446,232
2021-06-28,Mariposa,043,17540,441,440,11,451,5
2021-06-28,Mendocino,045,87422,4194,4102,83,4185,49
2021-06-28,Merced,047,269075,31255,31277,1044,32321,469
2021-06-28,Modoc,049,8938,414,411,146,557,3
2021-06-28,Mono,051,14174,1267,1276,18,1294,3
2021-06-28,Monterey,053,433212,43340,43202,1837,45039,462
2021-06-28,Napa,055,140530,10026,10050,35,10085,81
2021-06-28,Nevada,057,99092,4986,4951,192,5143,72
2021-06-28,Orange,059,3164182,257094,255755,11441,267196,5123
2021-06-28,Placer,061,380077,23936,23756,1546,25302,299
2021-06-28,Plumas,063,18699,722,704,12,716,4
2021-06-28,Riverside,065,2383286,295895,292647,14010,306657,4507
2021-06-28,Sacramento,067,1510023,108676,108342,1832,110174,1675
2021-06-28,San Benito,069,59416,6106,6101,113,6214,63
2021-06-28,San Bernardino,071,2135413,294971,294151,9001,303152,4928
2021-06-28,San Diego,073,3302833,283475,282417,15426,297843,3780
2021-06-28,San Francisco,075,870044,37235,37372,1292,38664,559
2021-06-28,San Joaquin,077,732212,74211,73973,3587,77560,1411
2021-06-28,San Luis Obispo,079,281455,21559,21340,751,22091,256
2021-06-28,San Mateo,081,765935,42799,42927,486,43413,540
2021-06-28,Santa Barbara,083,443738,34658,34534,1124,35658,455
2021-06-28,Santa Clara,085,1922200,119605,120377,765,121142,2103
2021-06-28,Santa Cruz,087,273765,16357,16245,800,17045,208
2021-06-28,Shasta,089,179085,12618,12642,1639,14281,203
2021-06-28,Sierra,091,2930,63,58,12,70,0
2021-06-28,Siskiyou,093,43540,1970,1896,364,2260,29
2021-06-28,Solano,095,438530,33559,33524,568,34092,267
2021-06-28,Sonoma,097,501317,31080,31137,360,31497,315
2021-06-28,Stanislaus,099,539301,57208,57047,5967,63014,1018
2021-06-28,Sutter,101,95872,9635,9682,87,9769,114
2021-06-28,Tehama,103,63373,5157,5122,582,5704,63
2021-06-28,Trinity,105,12862,494,341,96,437,3
2021-06-28,Tulare,107,460477,50499,49751,9015,58766,850
2021-06-28,Tuolumne,109,53932,4086,4121,44,4165,64
2021-06-28,Ventura,111,848112,81890,81393,3015,84408,1032
2021-06-28,Yolo,113,214977,14210,14199,269,14468,213
2021-06-28,Yuba,115,75493,6220,6207,129,6336,51
2021-06-27,Alameda,001,1643700,89577,89611,1949,91560,1259
2021-06-27,Alpine,002,1148,88,89,0,89,0
2021-06-27,Amador,005,37829,3757,3752,32,3784,46
2021-06-27,Butte,007,227075,12785,12696,1884,14580,198
2021-06-27,Calaveras,009,45235,2202,2203,13,2216,55
2021-06-27,Colusa,011,21464,1968,1974,319,2293,15
2021-06-27,Contra Costa,013,1133247,71150,70762,1305,72067,816
2021-06-27,Del Norte,015,27424,1466,1436,13,1449,8
2021-06-27,El Dorado,017,186661,10502,10418,779,11197,115
2021-06-27,Fresno,019,978130,103487,103110,8677,111787,1727
2021-06-27,Glenn,021,27897,2452,2439,565,3004,20
2021-06-27,Humboldt,023,135768,4525,4513,45,4558,49
2021-06-27,Imperial,025,180216,28806,28987,2690,31677,741
2021-06-27,Inyo,027,18085,1413,1407,12,1419,35
2021-06-27,Kern,029,883053,97969,97249,11069,108318,1348
2021-06-27,Kings,031,150075,23271,23132,1094,24226,246
2021-06-27,Lake,033,64148,3624,3581,13,3594,56
2021-06-27,Lassen,035,31185,5285,5265,115,5380,20
2021-06-27,Los Angeles,037,10098052,1214184,1207461,40765,1248226,24493
2021-06-27,Madera,039,155013,16813,16680,936,17616,240
2021-06-27,Marin,041,260295,5768,14182,260,14442,232
2021-06-27,Mariposa,043,17540,441,440,11,451,5
2021-06-27,Mendocino,045,87422,4187,4100,83,4183,49
2021-06-27,Merced,047,269075,31243,31266,1044,32310,469
2021-06-27,Modoc,049,8938,414,411,146,557,3
2021-06-27,Mono,051,14174,1267,1279,18,1297,3
2021-06-27,Monterey,053,433212,43327,43199,1837,45036,462
2021-06-27,Napa,055,140530,10020,10046,35,10081,81
2021-06-27,Nevada,057,99092,4980,4946,192,5138,72
2021-06-27,Orange,059,3164182,256980,255710,11430,267140,5123
2021-06-27,Placer,061,380077,23903,23731,1543,25274,299
2021-06-27,Plumas,063,18699,722,704,12,716,4
2021-06-27,Riverside,065,2383286,295793,292641,14004,306645,4507
2021-06-27,Sacramento,067,1510023,108541,108279,1828,110107,1675
2021-06-27,San Benito,069,59416,6100,6101,113,6214,63
2021-06-27,San Bernardino,071,2135413,294858,294115,8999,303114,4927
2021-06-27,San Diego,073,3302833,283335,282359,15400,297759,3780
2021-06-27,San Francisco,075,870044,37198,37360,1291,38651,559
2021-06-27,San Joaquin,077,732212,74175,73960,3585,77545,1411
2021-06-27,San Luis Obispo,079,281455,21552,21340,750,22090,256
2021-06-27,San Mateo,081,765935,42770,42925,483,43408,539
2021-06-27,Santa Barbara,083,443738,34644,34533,1122,35655,455
2021-06-27,Santa Clara,085,1922200,119554,120352,764,121116,2103
2021-06-27,Santa Cruz,087,273765,16348,16241,800,17041,208
2021-06-27,Shasta,089,179085,12612,12640,1638,14278,203
2021-06-27,Sierra,091,2930,63,58,12,70,0
2021-06-27,Siskiyou,093,43540,1968,1896,363,2259,29
2021-06-27,Solano,095,438530,33531,33516,568,34084,267
2021-06-27,Sonoma,097,501317,31042,31129,360,31489,315
2021-06-27,Stanislaus,099,539301,57168,57021,5964,62985,1018
2021-06-27,Sutter,101,95872,9629,9678,87,9765,114
2021-06-27,Tehama,103,63373,5153,5122,582,5704,63
2021-06-27,Trinity,105,12862,494,341,95,436,3
2021-06-27,Tulare,107,460477,50486,49749,9008,58757,850
2021-06-27,Tuolumne,109,53932,4084,4121,44,4165,64
2021-06-27,Ventura,111,848112,81856,81361,3006,84367,1032
2021-06-27,Yolo,113,214977,14195,14194,265,14459,213
2021-06-27,Yuba,115,75493,6214,6205,129,6334,51
2021-06-26,Alameda,001,1643700,89520,89560,1947,91507,1259
2021-06-26,Alpine,002,1148,88,89,0,89,0
2021-06-26,Amador,005,37829,3757,3748,32,3780,46
2021-06-26,Butte,007,227075,12781,12693,1881,14574,198
2021-06-26,Calaveras,009,45235,2200,2202,13,2215,55
2021-06-26,Colusa,011,21464,1968,1973,319,2292,15
2021-06-26,Contra Costa,013,1133247,71107,70712,1304,72016,816
2021-06-26,Del Norte,015,27424,1465,1432,13,1445,8
2021-06-26,El Dorado,017,186661,10494,10414,777,11191,115
2021-06-26,Fresno,019,978130,103467,103091,8675,111766,1727
2021-06-26,Glenn,021,27897,2450,2441,565,3006,20
2021-06-26,Humboldt,023,135768,4522,4509,45,4554,49
2021-06-26,Imperial,025,180216,28802,28970,2690,31660,741
2021-06-26,Inyo,027,18085,1413,1407,12,1419,35
2021-06-26,Kern,029,883053,97943,97239,11060,108299,1348
2021-06-26,Kings,031,150075,23267,23128,1093,24221,246
2021-06-26,Lake,033,64148,3613,3576,13,3589,56
2021-06-26,Lassen,035,31185,5282,5263,115,5378,20
2021-06-26,Los Angeles,037,10098052,1213880,1207198,40734,1247932,24490
2021-06-26,Madera,039,155013,16806,16679,935,17614,240
2021-06-26,Marin,041,260295,5759,14180,260,14440,232
2021-06-26,Mariposa,043,17540,441,440,11,451,5
2021-06-26,Mendocino,045,87422,4185,4096,83,4179,49
2021-06-26,Merced,047,269075,31237,31259,1043,32302,469
2021-06-26,Modoc,049,8938,414,411,146,557,3
2021-06-26,Mono,051,14174,1267,1279,18,1297,3
2021-06-26,Monterey,053,433212,43324,43192,1837,45029,462
2021-06-26,Napa,055,140530,10013,10043,35,10078,81
2021-06-26,Nevada,057,99092,4975,4939,192,5131,72
2021-06-26,Orange,059,3164182,256900,255640,11423,267063,5123
2021-06-26,Placer,061,380077,23889,23702,1541,25243,299
2021-06-26,Plumas,063,18699,722,704,12,716,4
2021-06-26,Riverside,065,2383286,295735,292480,13998,306478,4505
2021-06-26,Sacramento,067,1510023,108470,108179,1825,110004,1675
2021-06-26,San Benito,069,59416,6096,6100,113,6213,63
2021-06-26,San Bernardino,071,2135413,294764,294034,8995,303029,4928
2021-06-26,San Diego,073,3302833,283250,282263,15382,297645,3780
2021-06-26,San Francisco,075,870044,37166,37348,1290,38638,559
2021-06-26,San Joaquin,077,732212,74146,73928,3584,77512,1411
2021-06-26,San Luis Obispo,079,281455,21551,21330,749,22079,256
2021-06-26,San Mateo,081,765935,42750,42898,483,43381,539
2021-06-26,Santa Barbara,083,443738,34635,34525,1122,35647,455
2021-06-26,Santa Clara,085,1922200,119521,120321,764,121085,2103
2021-06-26,Santa Cruz,087,273765,16345,16239,800,17039,208
2021-06-26,Shasta,089,179085,12608,12635,1634,14269,203
2021-06-26,Sierra,091,2930,63,58,12,70,0
2021-06-26,Siskiyou,093,43540,1967,1896,362,2258,29
2021-06-26,Solano,095,438530,33513,33489,566,34055,267
2021-06-26,Sonoma,097,501317,31016,31088,360,31448,315
2021-06-26,Stanislaus,099,539301,57152,57006,5961,62967,1018
2021-06-26,Sutter,101,95872,9628,9669,87,9756,114
2021-06-26,Tehama,103,63373,5153,5119,582,5701,63
2021-06-26,Trinity,105,12862,494,341,95,436,3
2021-06-26,Tulare,107,460477,50480,49745,9008,58753,850
2021-06-26,Tuolumne,109,53932,4084,4121,44,4165,64
2021-06-26,Ventura,111,848112,81832,81352,3005,84357,1032
2021-06-26,Yolo,113,214977,14187,14184,265,14449,213
2021-06-26,Yuba,115,75493,6211,6200,129,6329,51
2021-06-25,Alameda,001,1643700,89452,89453,1945,91398,1271
2021-06-25,Alpine,002,1148,88,89,0,89,0
2021-06-25,Amador,005,37829,3756,3746,32,3778,46
2021-06-25,Butte,007,227075,12776,12682,1878,14560,198
2021-06-25,Calaveras,009,45235,2199,2201,13,2214,55
2021-06-25,Colusa,011,21464,1968,1972,319,2291,15
2021-06-25,Contra Costa,013,1133247,71071,70659,1304,71963,815
2021-06-25,Del Norte,015,27424,1465,1426,13,1439,8
2021-06-25,El Dorado,017,186661,10486,10406,774,11180,115
2021-06-25,Fresno,019,978130,103449,103073,8671,111744,1727
2021-06-25,Glenn,021,27897,2450,2441,565,3006,20
2021-06-25,Humboldt,023,135768,4516,4503,43,4546,49
2021-06-25,Imperial,025,180216,28799,28968,2690,31658,740
2021-06-25,Inyo,027,18085,1412,1406,12,1418,35
2021-06-25,Kern,029,883053,97924,97182,11056,108238,1347
2021-06-25,Kings,031,150075,23261,23118,1093,24211,246
2021-06-25,Lake,033,64148,3607,3571,13,3584,56
2021-06-25,Lassen,035,31185,5281,5259,115,5374,20
2021-06-25,Los Angeles,037,10098052,1213596,1206909,40718,1247627,24483
2021-06-25,Madera,039,155013,16803,16670,935,17605,240
2021-06-25,Marin,041,260295,5756,14179,260,14439,232
2021-06-25,Mariposa,043,17540,441,440,11,451,5
2021-06-25,Mendocino,045,87422,4182,4089,83,4172,49
2021-06-25,Merced,047,269075,31229,31256,1043,32299,467
2021-06-25,Modoc,049,8938,414,411,146,557,3
2021-06-25,Mono,051,14174,1267,1279,18,1297,3
2021-06-25,Monterey,053,433212,43319,43184,1836,45020,462
2021-06-25,Napa,055,140530,10008,10037,35,10072,81
2021-06-25,Nevada,057,99092,4972,4932,192,5124,72
2021-06-25,Orange,059,3164182,256829,255574,11421,266995,5119
2021-06-25,Placer,061,380077,23870,23672,1540,25212,299
2021-06-25,Plumas,063,18699,722,702,11,713,4
2021-06-25,Riverside,065,2383286,295667,291663,13991,305654,4490
2021-06-25,Sacramento,067,1510023,108398,108034,1822,109856,1673
2021-06-25,San Benito,069,59416,6092,6098,113,6211,63
2021-06-25,San Bernardino,071,2135413,294709,293941,8993,302934,4911
2021-06-25,San Diego,073,3302833,283190,282157,15369,297526,3779
2021-06-25,San Francisco,075,870044,37143,37338,1289,38627,559
2021-06-25,San Joaquin,077,732212,74113,73860,3582,77442,1410
2021-06-25,San Luis Obispo,079,281455,21548,21325,748,22073,256
2021-06-25,San Mateo,081,765935,42732,42849,483,43332,537
2021-06-25,Santa Barbara,083,443738,34626,34518,1121,35639,454
2021-06-25,Santa Clara,085,1922200,119501,120272,764,121036,2103
2021-06-25,Santa Cruz,087,273765,16342,16230,798,17028,208
2021-06-25,Shasta,089,179085,12598,12633,1633,14266,202
2021-06-25,Sierra,091,2930,63,58,12,70,0
2021-06-25,Siskiyou,093,43540,1966,1894,362,2256,29
2021-06-25,Solano,095,438530,33493,33449,566,34015,267
2021-06-25,Sonoma,097,501317,30993,31043,360,31403,314
2021-06-25,Stanislaus,099,539301,57136,56973,5954,62927,1018
2021-06-25,Sutter,101,95872,9621,9664,87,9751,114
2021-06-25,Tehama,103,63373,5152,5119,582,5701,63
2021-06-25,Trinity,105,12862,494,338,95,433,3
2021-06-25,Tulare,107,460477,50473,49731,9005,58736,850
2021-06-25,Tuolumne,109,53932,4083,4121,44,4165,64
2021-06-25,Ventura,111,848112,81803,81342,2999,84341,1032
2021-06-25,Yolo,113,214977,14181,14172,265,14437,213
2021-06-25,Yuba,115,75493,6207,6195,129,6324,51
2021-06-24,Alameda,001,1643700,89380,89358,1942,91300,1268
2021-06-24,Alpine,002,1148,88,89,0,89,0
2021-06-24,Amador,005,37829,3752,3745,32,3777,46
2021-06-24,Butte,007,227075,12770,12673,1876,14549,198
2021-06-24,Calaveras,009,45235,2196,2202,13,2215,55
2021-06-24,Colusa,011,21464,1967,1972,319,2291,15
2021-06-24,Contra Costa,013,1133247,71012,70590,1304,71894,813
2021-06-24,Del Norte,015,27424,1464,1421,13,1434,8
2021-06-24,El Dorado,017,186661,10479,10402,774,11176,115
2021-06-24,Fresno,019,978130,103429,103061,8669,111730,1727
2021-06-24,Glenn,021,27897,2449,2439,565,3004,20
2021-06-24,Humboldt,023,135768,4511,4493,43,4536,49
2021-06-24,Imperial,025,180216,28796,28981,2690,31671,740
2021-06-24,Inyo,027,18085,1411,1406,12,1418,35
2021-06-24,Kern,029,883053,97905,97129,11043,108172,1346
2021-06-24,Kings,031,150075,23257,23114,1092,24206,246
2021-06-24,Lake,033,64148,3601,3571,13,3584,56
2021-06-24,Lassen,035,31185,5280,5258,115,5373,20
2021-06-24,Los Angeles,037,10098052,1213271,1206590,40695,1247285,24480
2021-06-24,Madera,039,155013,16792,16662,934,17596,240
2021-06-24,Marin,041,260295,5752,14180,260,14440,232
2021-06-24,Mariposa,043,17540,441,440,11,451,5
2021-06-24,Mendocino,045,87422,4174,4085,83,4168,49
2021-06-24,Merced,047,269075,31219,31248,1042,32290,466
2021-06-24,Modoc,049,8938,414,411,146,557,3
2021-06-24,Mono,051,14174,1267,1276,18,1294,3
2021-06-24,Monterey,053,433212,43312,43180,1836,45016,451
2021-06-24,Napa,055,140530,10006,10036,35,10071,80
2021-06-24,Nevada,057,99092,4970,4927,192,5119,72
2021-06-24,Orange,059,3164182,256765,255520,11413,266933,5117
2021-06-24,Placer,061,380077,23845,23659,1538,25197,299
2021-06-24,Plumas,063,18699,721,702,11,713,4
2021-06-24,Riverside,065,2383286,295586,291067,13980,305047,4473
2021-06-24,Sacramento,067,1510023,108310,107965,1820,109785,1672
2021-06-24,San Benito,069,59416,6089,6098,113,6211,63
2021-06-24,San Bernardino,071,2135413,294638,293895,8987,302882,4898
2021-06-24,San Diego,073,3302833,283086,282053,15356,297409,3778
2021-06-24,San Francisco,075,870044,37121,37320,1287,38607,559
2021-06-24,San Joaquin,077,732212,74065,73814,3582,77396,1408
2021-06-24,San Luis Obispo,079,281455,21542,21326,748,22074,256
2021-06-24,San Mateo,081,765935,42706,42814,482,43296,542
2021-06-24,Santa Barbara,083,443738,34620,34512,1120,35632,454
2021-06-24,Santa Clara,085,1922200,119470,120274,763,121037,2103
2021-06-24,Santa Cruz,087,273765,16341,16227,798,17025,208
2021-06-24,Shasta,089,179085,12593,12629,1629,14258,202
2021-06-24,Sierra,091,2930,63,58,12,70,0
2021-06-24,Siskiyou,093,43540,1966,1892,362,2254,28
2021-06-24,Solano,095,438530,33470,33432,564,33996,267
2021-06-24,Sonoma,097,501317,30964,31020,360,31380,314
2021-06-24,Stanislaus,099,539301,57110,56946,5954,62900,1018
2021-06-24,Sutter,101,95872,9614,9660,87,9747,113
2021-06-24,Tehama,103,63373,5149,5115,582,5697,63
2021-06-24,Trinity,105,12862,493,338,95,433,3
2021-06-24,Tulare,107,460477,50462,49730,9003,58733,850
2021-06-24,Tuolumne,109,53932,4081,4120,44,4164,64
2021-06-24,Ventura,111,848112,81775,81332,2998,84330,1032
2021-06-24,Yolo,113,214977,14172,14169,262,14431,213
2021-06-24,Yuba,115,75493,6202,6195,129,6324,51
2021-06-23,Alameda,001,1643700,89308,89338,1941,91279,1266
2021-06-23,Alpine,002,1148,88,88,0,88,0
2021-06-23,Amador,005,37829,3750,3743,32,3775,46
2021-06-23,Butte,007,227075,12763,12666,1876,14542,198
2021-06-23,Calaveras,009,45235,2195,2199,13,2212,55
2021-06-23,Colusa,011,21464,1966,1972,319,2291,15
2021-06-23,Contra Costa,013,1133247,70947,70526,1303,71829,813
2021-06-23,Del Norte,015,27424,1460,1418,13,1431,8
2021-06-23,El Dorado,017,186661,10469,10395,771,11166,115
2021-06-23,Fresno,019,978130,103400,103020,8667,111687,1724
2021-06-23,Glenn,021,27897,2449,2437,564,3001,20
2021-06-23,Humboldt,023,135768,4502,4490,43,4533,48
2021-06-23,Imperial,025,180216,28789,28908,2690,31598,740
2021-06-23,Inyo,027,18085,1411,1406,12,1418,35
2021-06-23,Kern,029,883053,97877,97078,11030,108108,1345
2021-06-23,Kings,031,150075,23250,23105,1090,24195,245
2021-06-23,Lake,033,64148,3592,3566,13,3579,53
2021-06-23,Lassen,035,31185,5277,5257,115,5372,20
2021-06-23,Los Angeles,037,10098052,1212934,1206358,40685,1247043,24472
2021-06-23,Madera,039,155013,16785,16660,934,17594,240
2021-06-23,Marin,041,260295,5746,14177,260,14437,230
2021-06-23,Mariposa,043,17540,441,439,11,450,5
2021-06-23,Mendocino,045,87422,4170,4078,83,4161,49
2021-06-23,Merced,047,269075,31210,31260,1042,32302,465
2021-06-23,Modoc,049,8938,412,407,146,553,3
2021-06-23,Mono,051,14174,1267,1279,18,1297,3
2021-06-23,Monterey,053,433212,43303,43166,1836,45002,439
2021-06-23,Napa,055,140530,9997,10032,35,10067,80
2021-06-23,Nevada,057,99092,4967,4924,192,5116,72
2021-06-23,Orange,059,3164182,256699,255479,11405,266884,5116
2021-06-23,Placer,061,380077,23816,23630,1533,25163,299
2021-06-23,Plumas,063,18699,720,701,11,712,4
2021-06-23,Riverside,065,2383286,295503,290343,13978,304321,4462
2021-06-23,Sacramento,067,1510023,108217,107868,1815,109683,1671
2021-06-23,San Benito,069,59416,6085,6097,113,6210,63
2021-06-23,San Bernardino,071,2135413,294559,293816,8982,302798,4886
2021-06-23,San Diego,073,3302833,282986,281937,15335,297272,3777
2021-06-23,San Francisco,075,870044,37096,37304,1285,38589,559
2021-06-23,San Joaquin,077,732212,74026,73764,3580,77344,1405
2021-06-23,San Luis Obispo,079,281455,21538,21323,747,22070,257
2021-06-23,San Mateo,081,765935,42690,42756,482,43238,542
2021-06-23,Santa Barbara,083,443738,34610,34505,1120,35625,454
2021-06-23,Santa Clara,085,1922200,119441,120233,763,120996,2098
2021-06-23,Santa Cruz,087,273765,16337,16215,798,17013,209
2021-06-23,Shasta,089,179085,12586,12604,1627,14231,202
2021-06-23,Sierra,091,2930,63,57,12,69,0
2021-06-23,Siskiyou,093,43540,1964,1892,362,2254,28
2021-06-23,Solano,095,438530,33426,33408,564,33972,267
2021-06-23,Sonoma,097,501317,30924,30959,358,31317,314
2021-06-23,Stanislaus,099,539301,57080,56926,5953,62879,1017
2021-06-23,Sutter,101,95872,9608,9653,87,9740,113
2021-06-23,Tehama,103,63373,5149,5119,581,5700,63
2021-06-23,Trinity,105,12862,493,338,95,433,3
2021-06-23,Tulare,107,460477,50455,49711,9000,58711,850
2021-06-23,Tuolumne,109,53932,4078,4120,44,4164,64
2021-06-23,Ventura,111,848112,81752,81312,2995,84307,1032
2021-06-23,Yolo,113,214977,14162,14161,262,14423,212
2021-06-23,Yuba,115,75493,6199,6190,129,6319,51
2021-06-22,Alameda,001,1643700,89241,89308,1941,91249,1263
2021-06-22,Alpine,002,1148,88,88,0,88,0
2021-06-22,Amador,005,37829,3747,3743,32,3775,46
2021-06-22,Butte,007,227075,12759,12662,1873,14535,198
2021-06-22,Calaveras,009,45235,2194,2198,13,2211,55
2021-06-22,Colusa,011,21464,1965,1971,319,2290,15
2021-06-22,Contra Costa,013,1133247,70891,70480,1302,71782,813
2021-06-22,Del Norte,015,27424,1457,1417,13,1430,8
2021-06-22,El Dorado,017,186661,10464,10380,770,11150,113
2021-06-22,Fresno,019,978130,103380,102996,8663,111659,1724
2021-06-22,Glenn,021,27897,2448,2435,562,2997,19
2021-06-22,Humboldt,023,135768,4492,4483,43,4526,42
2021-06-22,Imperial,025,180216,28784,28880,2690,31570,740
2021-06-22,Inyo,027,18085,1411,1405,12,1417,35
2021-06-22,Kern,029,883053,97864,97013,11026,108039,1342
2021-06-22,Kings,031,150075,23242,23098,1089,24187,245
2021-06-22,Lake,033,64148,3590,3564,13,3577,45
2021-06-22,Lassen,035,31185,5272,5254,115,5369,20
2021-06-22,Los Angeles,037,10098052,1212618,1206146,40673,1246819,24461
2021-06-22,Madera,039,155013,16780,16652,934,17586,240
2021-06-22,Marin,041,260295,5744,14174,260,14434,230
2021-06-22,Mariposa,043,17540,441,439,11,450,5
2021-06-22,Mendocino,045,87422,4164,4072,83,4155,49
2021-06-22,Merced,047,269075,31199,31267,1042,32309,464
2021-06-22,Modoc,049,8938,410,405,145,550,3
2021-06-22,Mono,051,14174,1267,1277,18,1295,3
2021-06-22,Monterey,053,433212,43300,43162,1835,44997,427
2021-06-22,Napa,055,140530,9993,10029,35,10064,80
2021-06-22,Nevada,057,99092,4961,4923,192,5115,72
2021-06-22,Orange,059,3164182,256630,255452,11394,266846,5114
2021-06-22,Placer,061,380077,23794,23603,1533,25136,299
2021-06-22,Plumas,063,18699,720,697,11,708,4
2021-06-22,Riverside,065,2383286,295442,289839,13974,303813,4456
2021-06-22,Sacramento,067,1510023,108116,107801,1810,109611,1670
2021-06-22,San Benito,069,59416,6084,6098,113,6211,63
2021-06-22,San Bernardino,071,2135413,294483,293770,8976,302746,4873
2021-06-22,San Diego,073,3302833,282882,281867,15312,297179,3771
2021-06-22,San Francisco,075,870044,37082,37287,1285,38572,556
2021-06-22,San Joaquin,077,732212,73996,73723,3578,77301,1405
2021-06-22,San Luis Obispo,079,281455,21535,21321,746,22067,257
2021-06-22,San Mateo,081,765935,42676,42725,477,43202,542
2021-06-22,Santa Barbara,083,443738,34599,34500,1119,35619,454
2021-06-22,Santa Clara,085,1922200,119409,120194,763,120957,2095
2021-06-22,Santa Cruz,087,273765,16332,16218,798,17016,209
2021-06-22,Shasta,089,179085,12575,12616,1624,14240,202
2021-06-22,Sierra,091,2930,62,57,12,69,0
2021-06-22,Siskiyou,093,43540,1964,1892,362,2254,28
2021-06-22,Solano,095,438530,33408,33397,563,33960,267
2021-06-22,Sonoma,097,501317,30884,30933,358,31291,314
2021-06-22,Stanislaus,099,539301,57064,56915,5951,62866,1017
2021-06-22,Sutter,101,95872,9601,9649,87,9736,113
2021-06-22,Tehama,103,63373,5147,5118,580,5698,63
2021-06-22,Trinity,105,12862,491,337,95,432,3
2021-06-22,Tulare,107,460477,50447,49706,8995,58701,850
2021-06-22,Tuolumne,109,53932,4076,4119,44,4163,64
2021-06-22,Ventura,111,848112,81738,81300,2994,84294,1032
2021-06-22,Yolo,113,214977,14157,14157,260,14417,212
2021-06-22,Yuba,115,75493,6195,6181,129,6310,51
2021-06-21,Alameda,001,1643700,89185,89281,1940,91221,1262
2021-06-21,Alpine,002,1148,88,88,0,88,0
2021-06-21,Amador,005,37829,3741,3742,32,3774,46
2021-06-21,Butte,007,227075,12753,12668,1871,14539,195
2021-06-21,Calaveras,009,45235,2192,2194,13,2207,55
2021-06-21,Colusa,011,21464,1964,1970,318,2288,15
2021-06-21,Contra Costa,013,1133247,70821,70439,1301,71740,813
2021-06-21,Del Norte,015,27424,1453,1416,13,1429,8
2021-06-21,El Dorado,017,186661,10458,10375,769,11144,113
2021-06-21,Fresno,019,978130,103360,102971,8660,111631,1724
2021-06-21,Glenn,021,27897,2447,2433,562,2995,19
2021-06-21,Humboldt,023,135768,4483,4478,42,4520,42
2021-06-21,Imperial,025,180216,28780,28855,2690,31545,740
2021-06-21,Inyo,027,18085,1410,1405,12,1417,35
2021-06-21,Kern,029,883053,97835,96995,11018,108013,1342
2021-06-21,Kings,031,150075,23235,23091,1086,24177,245
2021-06-21,Lake,033,64148,3584,3563,13,3576,45
2021-06-21,Lassen,035,31185,5270,5233,115,5348,19
2021-06-21,Los Angeles,037,10098052,1212324,1205994,40651,1246645,24459
2021-06-21,Madera,039,155013,16771,16647,934,17581,240
2021-06-21,Marin,041,260295,5740,14173,260,14433,230
2021-06-21,Mariposa,043,17540,441,439,11,450,5
2021-06-21,Mendocino,045,87422,4161,4085,83,4168,49
2021-06-21,Merced,047,269075,31189,31264,1041,32305,465
2021-06-21,Modoc,049,8938,410,405,145,550,3
2021-06-21,Mono,051,14174,1267,1277,18,1295,3
2021-06-21,Monterey,053,433212,43297,43157,1835,44992,427
2021-06-21,Napa,055,140530,9988,10028,35,10063,80
2021-06-21,Nevada,057,99092,4957,4921,192,5113,72
2021-06-21,Orange,059,3164182,256557,255400,11387,266787,5113
2021-06-21,Placer,061,380077,23770,23577,1533,25110,298
2021-06-21,Plumas,063,18699,718,697,11,708,4
2021-06-21,Riverside,065,2383286,295366,289797,13969,303766,4456
2021-06-21,Sacramento,067,1510023,108005,107757,1809,109566,1669
2021-06-21,San Benito,069,59416,6080,6098,113,6211,63
2021-06-21,San Bernardino,071,2135413,294396,293736,8972,302708,4850
2021-06-21,San Diego,073,3302833,282777,281811,15292,297103,3771
2021-06-21,San Francisco,075,870044,37066,37275,1284,38559,556
2021-06-21,San Joaquin,077,732212,73955,73687,3577,77264,1405
2021-06-21,San Luis Obispo,079,281455,21526,21316,746,22062,257
2021-06-21,San Mateo,081,765935,42660,42685,476,43161,542
2021-06-21,Santa Barbara,083,443738,34594,34492,1119,35611,455
2021-06-21,Santa Clara,085,1922200,119376,120192,762,120954,2093
2021-06-21,Santa Cruz,087,273765,16330,16212,798,17010,208
2021-06-21,Shasta,089,179085,12562,12617,1621,14238,201
2021-06-21,Sierra,091,2930,62,57,12,69,0
2021-06-21,Siskiyou,093,43540,1964,1892,362,2254,27
2021-06-21,Solano,095,438530,33385,33383,562,33945,266
2021-06-21,Sonoma,097,501317,30861,30912,358,31270,314
2021-06-21,Stanislaus,099,539301,57034,56891,5946,62837,1017
2021-06-21,Sutter,101,95872,9598,9649,87,9736,113
2021-06-21,Tehama,103,63373,5147,5115,579,5694,63
2021-06-21,Trinity,105,12862,491,337,95,432,3
2021-06-21,Tulare,107,460477,50436,49689,8991,58680,849
2021-06-21,Tuolumne,109,53932,4072,4119,44,4163,63
2021-06-21,Ventura,111,848112,81710,81291,2990,84281,1031
2021-06-21,Yolo,113,214977,14151,14165,260,14425,212
2021-06-21,Yuba,115,75493,6194,6172,129,6301,51
2021-06-20,Alameda,001,1643700,89120,89255,1939,91194,1263
2021-06-20,Alpine,002,1148,88,88,0,88,0
2021-06-20,Amador,005,37829,3738,3740,32,3772,46
2021-06-20,Butte,007,227075,12746,12668,1870,14538,194
2021-06-20,Calaveras,009,45235,2191,2193,13,2206,55
2021-06-20,Colusa,011,21464,1964,1970,318,2288,15
2021-06-20,Contra Costa,013,1133247,70764,70401,1299,71700,813
2021-06-20,Del Norte,015,27424,1449,1416,13,1429,8
2021-06-20,El Dorado,017,186661,10444,10372,766,11138,113
2021-06-20,Fresno,019,978130,103318,102947,8657,111604,1724
2021-06-20,Glenn,021,27897,2447,2434,562,2996,19
2021-06-20,Humboldt,023,135768,4477,4472,42,4514,42
2021-06-20,Imperial,025,180216,28771,28855,2690,31545,740
2021-06-20,Inyo,027,18085,1409,1405,12,1417,35
2021-06-20,Kern,029,883053,97814,96985,11007,107992,1342
2021-06-20,Kings,031,150075,23230,23088,1084,24172,245
2021-06-20,Lake,033,64148,3582,3563,13,3576,45
2021-06-20,Lassen,035,31185,5267,5230,115,5345,19
2021-06-20,Los Angeles,037,10098052,1212019,1205874,40643,1246517,24456
2021-06-20,Madera,039,155013,16763,16638,932,17570,240
2021-06-20,Marin,041,260295,5737,14166,260,14426,230
2021-06-20,Mariposa,043,17540,439,439,11,450,5
2021-06-20,Mendocino,045,87422,4154,4080,83,4163,49
2021-06-20,Merced,047,269075,31177,31265,1041,32306,465
2021-06-20,Modoc,049,8938,410,405,145,550,3
2021-06-20,Mono,051,14174,1267,1275,18,1293,3
2021-06-20,Monterey,053,433212,43288,43156,1834,44990,427
2021-06-20,Napa,055,140530,9981,10026,34,10060,80
2021-06-20,Nevada,057,99092,4950,4919,192,5111,72
2021-06-20,Orange,059,3164182,256493,255377,11376,266753,5113
2021-06-20,Placer,061,380077,23736,23562,1529,25091,298
2021-06-20,Plumas,063,18699,717,697,11,708,4
2021-06-20,Riverside,065,2383286,295287,289770,13958,303728,4456
2021-06-20,Sacramento,067,1510023,107893,107700,1806,109506,1669
2021-06-20,San Benito,069,59416,6080,6098,113,6211,63
2021-06-20,San Bernardino,071,2135413,294295,293713,8968,302681,4845
2021-06-20,San Diego,073,3302833,282671,281750,15270,297020,3771
2021-06-20,San Francisco,075,870044,37043,37269,1284,38553,556
2021-06-20,San Joaquin,077,732212,73910,73676,3568,77244,1405
2021-06-20,San Luis Obispo,079,281455,21524,21313,746,22059,257
2021-06-20,San Mateo,081,765935,42631,42681,476,43157,542
2021-06-20,Santa Barbara,083,443738,34585,34487,1119,35606,455
2021-06-20,Santa Clara,085,1922200,119341,120163,762,120925,2093
2021-06-20,Santa Cruz,087,273765,16325,16210,798,17008,208
2021-06-20,Shasta,089,179085,12557,12617,1619,14236,201
2021-06-20,Sierra,091,2930,62,57,12,69,0
2021-06-20,Siskiyou,093,43540,1963,1891,362,2253,27
2021-06-20,Solano,095,438530,33363,33361,560,33921,266
2021-06-20,Sonoma,097,501317,30814,30884,355,31239,314
2021-06-20,Stanislaus,099,539301,57001,56868,5945,62813,1017
2021-06-20,Sutter,101,95872,9595,9645,87,9732,113
2021-06-20,Tehama,103,63373,5143,5115,579,5694,63
2021-06-20,Trinity,105,12862,491,337,95,432,3
2021-06-20,Tulare,107,460477,50427,49685,8989,58674,849
2021-06-20,Tuolumne,109,53932,4069,4117,44,4161,63
2021-06-20,Ventura,111,848112,81694,81282,2988,84270,1031
2021-06-20,Yolo,113,214977,14144,14160,260,14420,212
2021-06-20,Yuba,115,75493,6187,6167,129,6296,51
2021-06-19,Alameda,001,1643700,89085,89202,1939,91141,1263
2021-06-19,Alpine,002,1148,88,88,0,88,0
2021-06-19,Amador,005,37829,3736,3739,32,3771,46
2021-06-19,Butte,007,227075,12742,12659,1870,14529,194
2021-06-19,Calaveras,009,45235,2191,2192,13,2205,55
2021-06-19,Colusa,011,21464,1964,1969,318,2287,15
2021-06-19,Contra Costa,013,1133247,70733,70334,1298,71632,813
2021-06-19,Del Norte,015,27424,1448,1416,13,1429,8
2021-06-19,El Dorado,017,186661,10443,10363,765,11128,113
2021-06-19,Fresno,019,978130,103305,102922,8656,111578,1724
2021-06-19,Glenn,021,27897,2446,2434,561,2995,19
2021-06-19,Humboldt,023,135768,4466,4463,42,4505,42
2021-06-19,Imperial,025,180216,28770,28813,2690,31503,740
2021-06-19,Inyo,027,18085,1409,1405,12,1417,35
2021-06-19,Kern,029,883053,97798,96966,11003,107969,1342
2021-06-19,Kings,031,150075,23227,23086,1084,24170,245
2021-06-19,Lake,033,64148,3578,3563,13,3576,45
2021-06-19,Lassen,035,31185,5266,5225,115,5340,19
2021-06-19,Los Angeles,037,10098052,1211815,1205602,40628,1246230,24454
2021-06-19,Madera,039,155013,16761,16632,932,17564,240
2021-06-19,Marin,041,260295,5729,14152,260,14412,230
2021-06-19,Mariposa,043,17540,439,439,11,450,5
2021-06-19,Mendocino,045,87422,4149,4077,83,4160,49
2021-06-19,Merced,047,269075,31175,31256,1041,32297,465
2021-06-19,Modoc,049,8938,409,402,145,547,3
2021-06-19,Mono,051,14174,1267,1275,18,1293,3
2021-06-19,Monterey,053,433212,43282,43153,1834,44987,427
2021-06-19,Napa,055,140530,9977,10025,34,10059,80
2021-06-19,Nevada,057,99092,4945,4910,192,5102,72
2021-06-19,Orange,059,3164182,256447,255329,11373,266702,5112
2021-06-19,Placer,061,380077,23720,23537,1526,25063,298
2021-06-19,Plumas,063,18699,716,697,11,708,4
2021-06-19,Riverside,065,2383286,295241,289720,13958,303678,4456
2021-06-19,Sacramento,067,1510023,107846,107631,1803,109434,1669
2021-06-19,San Benito,069,59416,6079,6098,113,6211,63
2021-06-19,San Bernardino,071,2135413,294252,293673,8966,302639,4844
2021-06-19,San Diego,073,3302833,282611,281682,15256,296938,3771
2021-06-19,San Francisco,075,870044,37030,37256,1284,38540,556
2021-06-19,San Joaquin,077,732212,73894,73652,3564,77216,1405
2021-06-19,San Luis Obispo,079,281455,21522,21308,744,22052,257
2021-06-19,San Mateo,081,765935,42613,42646,474,43120,542
2021-06-19,Santa Barbara,083,443738,34583,34472,1119,35591,455
2021-06-19,Santa Clara,085,1922200,119318,120110,761,120871,2093
2021-06-19,Santa Cruz,087,273765,16320,16206,798,17004,208
2021-06-19,Shasta,089,179085,12555,12615,1618,14233,201
2021-06-19,Sierra,091,2930,62,57,12,69,0
2021-06-19,Siskiyou,093,43540,1963,1891,362,2253,27
2021-06-19,Solano,095,438530,33353,33341,559,33900,266
2021-06-19,Sonoma,097,501317,30773,30841,355,31196,314
2021-06-19,Stanislaus,099,539301,56982,56847,5942,62789,1017
2021-06-19,Sutter,101,95872,9592,9645,87,9732,113
2021-06-19,Tehama,103,63373,5142,5115,579,5694,63
2021-06-19,Trinity,105,12862,491,337,95,432,3
2021-06-19,Tulare,107,460477,50420,49681,8984,58665,849
2021-06-19,Tuolumne,109,53932,4069,4117,44,4161,63
2021-06-19,Ventura,111,848112,81681,81270,2987,84257,1031
2021-06-19,Yolo,113,214977,14140,14156,259,14415,212
2021-06-19,Yuba,115,75493,6186,6157,129,6286,51
2021-06-18,Alameda,001,1643700,89048,89123,1939,91062,1263
2021-06-18,Alpine,002,1148,88,88,0,88,0
2021-06-18,Amador,005,37829,3736,3739,32,3771,46
2021-06-18,Butte,007,227075,12739,12653,1867,14520,194
2021-06-18,Calaveras,009,45235,2191,2191,13,2204,55
2021-06-18,Colusa,011,21464,1963,1969,318,2287,15
2021-06-18,Contra Costa,013,1133247,70691,70271,1296,71567,813
2021-06-18,Del Norte,015,27424,1448,1415,13,1428,8
2021-06-18,El Dorado,017,186661,10440,10348,763,11111,113
2021-06-18,Fresno,019,978130,103289,102894,8654,111548,1722
2021-06-18,Glenn,021,27897,2445,2430,561,2991,19
2021-06-18,Humboldt,023,135768,4458,4450,42,4492,42
2021-06-18,Imperial,025,180216,28768,28809,2690,31499,740
2021-06-18,Inyo,027,18085,1409,1405,12,1417,35
2021-06-18,Kern,029,883053,97787,96948,10997,107945,1341
2021-06-18,Kings,031,150075,23222,23082,1084,24166,245
2021-06-18,Lake,033,64148,3574,3563,13,3576,45
2021-06-18,Lassen,035,31185,5265,5224,115,5339,19
2021-06-18,Los Angeles,037,10098052,1211648,1205472,40612,1246084,24451
2021-06-18,Madera,039,155013,16755,16625,932,17557,241
2021-06-18,Marin,041,260295,5726,14147,260,14407,230
2021-06-18,Mariposa,043,17540,439,439,11,450,5
2021-06-18,Mendocino,045,87422,4144,4068,83,4151,49
2021-06-18,Merced,047,269075,31173,31262,1041,32303,464
2021-06-18,Modoc,049,8938,409,402,145,547,3
2021-06-18,Mono,051,14174,1266,1275,17,1292,3
2021-06-18,Monterey,053,433212,43279,43148,1834,44982,427
2021-06-18,Napa,055,140530,9973,10021,34,10055,80
2021-06-18,Nevada,057,99092,4937,4903,192,5095,72
2021-06-18,Orange,059,3164182,256410,255274,11370,266644,5108
2021-06-18,Placer,061,380077,23712,23500,1523,25023,298
2021-06-18,Plumas,063,18699,716,697,11,708,4
2021-06-18,Riverside,065,2383286,295192,289676,13957,303633,4457
2021-06-18,Sacramento,067,1510023,107798,107570,1803,109373,1669
2021-06-18,San Benito,069,59416,6078,6097,113,6210,63
2021-06-18,San Bernardino,071,2135413,294208,293629,8962,302591,4826
2021-06-18,San Diego,073,3302833,282535,281608,15245,296853,3771
2021-06-18,San Francisco,075,870044,37021,37246,1284,38530,556
2021-06-18,San Joaquin,077,732212,73876,73623,3562,77185,1403
2021-06-18,San Luis Obispo,079,281455,21518,21301,742,22043,257
2021-06-18,San Mateo,081,765935,42602,42630,473,43103,542
2021-06-18,Santa Barbara,083,443738,34573,34469,1119,35588,455
2021-06-18,Santa Clara,085,1922200,119297,120081,759,120840,2093
2021-06-18,Santa Cruz,087,273765,16316,16202,798,17000,208
2021-06-18,Shasta,089,179085,12551,12607,1616,14223,201
2021-06-18,Sierra,091,2930,61,57,12,69,0
2021-06-18,Siskiyou,093,43540,1963,1890,362,2252,27
2021-06-18,Solano,095,438530,33339,33323,559,33882,266
2021-06-18,Sonoma,097,501317,30755,30816,354,31170,313
2021-06-18,Stanislaus,099,539301,56967,56803,5940,62743,1012
2021-06-18,Sutter,101,95872,9589,9643,87,9730,113
2021-06-18,Tehama,103,63373,5140,5114,579,5693,63
2021-06-18,Trinity,105,12862,491,337,94,431,3
2021-06-18,Tulare,107,460477,50418,49664,8977,58641,849
2021-06-18,Tuolumne,109,53932,4066,4116,44,4160,63
2021-06-18,Ventura,111,848112,81671,81256,2982,84238,1031
2021-06-18,Yolo,113,214977,14137,14148,257,14405,212
2021-06-18,Yuba,115,75493,6180,6150,129,6279,51
2021-06-17,Alameda,001,1643700,89002,89087,1939,91026,1262
2021-06-17,Alpine,002,1148,88,88,0,88,0
2021-06-17,Amador,005,37829,3734,3731,32,3763,46
2021-06-17,Butte,007,227075,12729,12644,1866,14510,194
2021-06-17,Calaveras,009,45235,2190,2189,13,2202,55
2021-06-17,Colusa,011,21464,1962,1969,318,2287,15
2021-06-17,Contra Costa,013,1133247,70652,70190,1292,71482,810
2021-06-17,Del Norte,015,27424,1446,1413,13,1426,8
2021-06-17,El Dorado,017,186661,10430,10341,763,11104,113
2021-06-17,Fresno,019,978130,103263,102867,8650,111517,1722
2021-06-17,Glenn,021,27897,2445,2430,561,2991,19
2021-06-17,Humboldt,023,135768,4449,4438,42,4480,42
2021-06-17,Imperial,025,180216,28760,28801,2690,31491,741
2021-06-17,Inyo,027,18085,1409,1405,12,1417,35
2021-06-17,Kern,029,883053,97772,96840,10991,107831,1340
2021-06-17,Kings,031,150075,23218,23078,1083,24161,245
2021-06-17,Lake,033,64148,3571,3563,9,3572,45
2021-06-17,Lassen,035,31185,5261,5223,115,5338,19
2021-06-17,Los Angeles,037,10098052,1211433,1205301,40585,1245886,24444
2021-06-17,Madera,039,155013,16750,16618,932,17550,241
2021-06-17,Marin,041,260295,5726,14141,260,14401,229
2021-06-17,Mariposa,043,17540,439,439,11,450,5
2021-06-17,Mendocino,045,87422,4137,4054,83,4137,49
2021-06-17,Merced,047,269075,31168,31262,1041,32303,464
2021-06-17,Modoc,049,8938,408,401,145,546,3
2021-06-17,Mono,051,14174,1265,1275,17,1292,3
2021-06-17,Monterey,053,433212,43271,43140,1834,44974,416
2021-06-17,Napa,055,140530,9973,10014,34,10048,80
2021-06-17,Nevada,057,99092,4933,4898,192,5090,72
2021-06-17,Orange,059,3164182,256365,255240,11360,266600,5109
2021-06-17,Placer,061,380077,23696,23461,1521,24982,298
2021-06-17,Plumas,063,18699,715,697,11,708,4
2021-06-17,Riverside,065,2383286,295137,289627,13955,303582,4458
2021-06-17,Sacramento,067,1510023,107734,107492,1801,109293,1666
2021-06-17,San Benito,069,59416,6078,6097,113,6210,63
2021-06-17,San Bernardino,071,2135413,294167,293560,8962,302522,4811
2021-06-17,San Diego,073,3302833,282459,281531,15231,296762,3771
2021-06-17,San Francisco,075,870044,37009,37243,1283,38526,556
2021-06-17,San Joaquin,077,732212,73853,73560,3557,77117,1403
2021-06-17,San Luis Obispo,079,281455,21516,21297,742,22039,257
2021-06-17,San Mateo,081,765935,42596,42615,473,43088,542
2021-06-17,Santa Barbara,083,443738,34567,34466,1119,35585,453
2021-06-17,Santa Clara,085,1922200,119272,120032,758,120790,2093
2021-06-17,Santa Cruz,087,273765,16312,16197,798,16995,208
2021-06-17,Shasta,089,179085,12543,12597,1616,14213,201
2021-06-17,Sierra,091,2930,61,56,12,68,0
2021-06-17,Siskiyou,093,43540,1962,1889,362,2251,27
2021-06-17,Solano,095,438530,33318,33296,558,33854,266
2021-06-17,Sonoma,097,501317,30725,30793,354,31147,323
2021-06-17,Stanislaus,099,539301,56936,56752,5935,62687,1012
2021-06-17,Sutter,101,95872,9586,9629,87,9716,113
2021-06-17,Tehama,103,63373,5139,5112,577,5689,63
2021-06-17,Trinity,105,12862,490,337,94,431,3
2021-06-17,Tulare,107,460477,50413,49649,8969,58618,849
2021-06-17,Tuolumne,109,53932,4065,4116,44,4160,63
2021-06-17,Ventura,111,848112,81662,81248,2979,84227,1030
2021-06-17,Yolo,113,214977,14129,14141,257,14398,212
2021-06-17,Yuba,115,75493,6171,6140,129,6269,51
2021-06-16,Alameda,001,1643700,88953,89045,1938,90983,1265
2021-06-16,Alpine,002,1148,88,88,0,88,0
2021-06-16,Amador,005,37829,3733,3730,32,3762,46
2021-06-16,Butte,007,227075,12727,12635,1864,14499,194
2021-06-16,Calaveras,009,45235,2188,2188,13,2201,55
2021-06-16,Colusa,011,21464,1962,1967,318,2285,15
2021-06-16,Contra Costa,013,1133247,70600,70136,1291,71427,810
2021-06-16,Del Norte,015,27424,1443,1413,13,1426,8
2021-06-16,El Dorado,017,186661,10424,10334,762,11096,113
2021-06-16,Fresno,019,978130,103232,102842,8646,111488,1722
2021-06-16,Glenn,021,27897,2445,2430,561,2991,19
2021-06-16,Humboldt,023,135768,4440,4427,41,4468,42
2021-06-16,Imperial,025,180216,28757,28796,2690,31486,741
2021-06-16,Inyo,027,18085,1408,1405,12,1417,35
2021-06-16,Kern,029,883053,97750,96789,10984,107773,1339
2021-06-16,Kings,031,150075,23217,23072,1082,24154,245
2021-06-16,Lake,033,64148,3571,3562,9,3571,45
2021-06-16,Lassen,035,31185,5258,5216,115,5331,19
2021-06-16,Los Angeles,037,10098052,1211209,1205102,40575,1245677,24439
2021-06-16,Madera,039,155013,16746,16603,932,17535,240
2021-06-16,Marin,041,260295,5724,14137,260,14397,229
2021-06-16,Mariposa,043,17540,439,437,11,448,5
2021-06-16,Mendocino,045,87422,4129,4041,83,4124,49
2021-06-16,Merced,047,269075,31160,31250,1041,32291,463
2021-06-16,Modoc,049,8938,407,383,144,527,3
2021-06-16,Mono,051,14174,1265,1275,17,1292,3
2021-06-16,Monterey,053,433212,43268,43122,1834,44956,416
2021-06-16,Napa,055,140530,9969,10011,34,10045,80
2021-06-16,Nevada,057,99092,4928,4894,192,5086,72
2021-06-16,Orange,059,3164182,256311,255188,11352,266540,5109
2021-06-16,Placer,061,380077,23686,23425,1517,24942,298
2021-06-16,Plumas,063,18699,715,697,11,708,4
2021-06-16,Riverside,065,2383286,295075,289539,13953,303492,4457
2021-06-16,Sacramento,067,1510023,107664,107422,1797,109219,1665
2021-06-16,San Benito,069,59416,6078,6090,113,6203,63
2021-06-16,San Bernardino,071,2135413,294118,293499,8960,302459,4797
2021-06-16,San Diego,073,3302833,282380,281423,15218,296641,3770
2021-06-16,San Francisco,075,870044,36996,37222,1281,38503,555
2021-06-16,San Joaquin,077,732212,73815,73530,3553,77083,1399
2021-06-16,San Luis Obispo,079,281455,21511,21294,742,22036,257
2021-06-16,San Mateo,081,765935,42580,42601,473,43074,542
2021-06-16,Santa Barbara,083,443738,34561,34459,1119,35578,460
2021-06-16,Santa Clara,085,1922200,119240,119982,758,120740,2087
2021-06-16,Santa Cruz,087,273765,16309,16187,798,16985,208
2021-06-16,Shasta,089,179085,12538,12592,1615,14207,200
2021-06-16,Sierra,091,2930,61,56,12,68,0
2021-06-16,Siskiyou,093,43540,1961,1886,362,2248,26
2021-06-16,Solano,095,438530,33290,33276,558,33834,266
2021-06-16,Sonoma,097,501317,30689,30741,354,31095,323
2021-06-16,Stanislaus,099,539301,56905,56738,5933,62671,984
2021-06-16,Sutter,101,95872,9582,9620,87,9707,113
2021-06-16,Tehama,103,63373,5137,5106,577,5683,63
2021-06-16,Trinity,105,12862,489,332,94,426,3
2021-06-16,Tulare,107,460477,50408,49578,8965,58543,849
2021-06-16,Tuolumne,109,53932,4065,4110,44,4154,63
2021-06-16,Ventura,111,848112,81648,81229,2977,84206,1029
2021-06-16,Yolo,113,214977,14120,14135,256,14391,212
2021-06-16,Yuba,115,75493,6161,6134,129,6263,51
2021-06-15,Alameda,001,1643700,88912,89008,1938,90946,1262
2021-06-15,Alpine,002,1148,88,88,0,88,0
2021-06-15,Amador,005,37829,3730,3723,32,3755,46
2021-06-15,Butte,007,227075,12719,12620,1863,14483,194
2021-06-15,Calaveras,009,45235,2187,2188,13,2201,55
2021-06-15,Colusa,011,21464,1962,1967,316,2283,15
2021-06-15,Contra Costa,013,1133247,70538,70101,1291,71392,810
2021-06-15,Del Norte,015,27424,1442,1411,13,1424,8
2021-06-15,El Dorado,017,186661,10415,10330,762,11092,113
2021-06-15,Fresno,019,978130,103200,102828,8645,111473,1722
2021-06-15,Glenn,021,27897,2444,2426,561,2987,19
2021-06-15,Humboldt,023,135768,4431,4414,40,4454,42
2021-06-15,Imperial,025,180216,28751,28789,2690,31479,741
2021-06-15,Inyo,027,18085,1408,1405,12,1417,35
2021-06-15,Kern,029,883053,97722,96782,10976,107758,1338
2021-06-15,Kings,031,150075,23211,23070,1080,24150,245
2021-06-15,Lake,033,64148,3570,3559,9,3568,45
2021-06-15,Lassen,035,31185,5257,5211,115,5326,19
2021-06-15,Los Angeles,037,10098052,1210984,1204926,40567,1245493,24435
2021-06-15,Madera,039,155013,16739,16600,931,17531,240
2021-06-15,Marin,041,260295,5716,14135,260,14395,229
2021-06-15,Mariposa,043,17540,439,437,11,448,5
2021-06-15,Mendocino,045,87422,4122,4034,83,4117,49
2021-06-15,Merced,047,269075,31154,31244,1041,32285,461
2021-06-15,Modoc,049,8938,406,383,144,527,3
2021-06-15,Mono,051,14174,1265,1275,17,1292,3
2021-06-15,Monterey,053,433212,43262,43118,1834,44952,416
2021-06-15,Napa,055,140530,9967,10010,34,10044,80
2021-06-15,Nevada,057,99092,4925,4888,192,5080,72
2021-06-15,Orange,059,3164182,256270,255127,11343,266470,5105
2021-06-15,Placer,061,380077,23664,23396,1516,24912,298
2021-06-15,Plumas,063,18699,714,697,11,708,4
2021-06-15,Riverside,065,2383286,295015,289508,13949,303457,4455
2021-06-15,Sacramento,067,1510023,107589,107370,1791,109161,1662
2021-06-15,San Benito,069,59416,6077,6089,113,6202,63
2021-06-15,San Bernardino,071,2135413,294068,293463,8954,302417,4790
2021-06-15,San Diego,073,3302833,282296,281375,15203,296578,3770
2021-06-15,San Francisco,075,870044,36987,37210,1280,38490,555
2021-06-15,San Joaquin,077,732212,73775,73494,3548,77042,1399
2021-06-15,San Luis Obispo,079,281455,21506,21293,741,22034,257
2021-06-15,San Mateo,081,765935,42567,42593,473,43066,543
2021-06-15,Santa Barbara,083,443738,34556,34451,1119,35570,460
2021-06-15,Santa Clara,085,1922200,119202,119963,758,120721,2086
2021-06-15,Santa Cruz,087,273765,16303,16180,797,16977,208
2021-06-15,Shasta,089,179085,12532,12583,1615,14198,201
2021-06-15,Sierra,091,2930,60,55,12,67,0
2021-06-15,Siskiyou,093,43540,1960,1887,362,2249,26
2021-06-15,Solano,095,438530,33271,33264,558,33822,266
2021-06-15,Sonoma,097,501317,30650,30707,353,31060,323
2021-06-15,Stanislaus,099,539301,56877,56724,5930,62654,979
2021-06-15,Sutter,101,95872,9573,9616,87,9703,113
2021-06-15,Tehama,103,63373,5135,5102,577,5679,63
2021-06-15,Trinity,105,12862,488,332,93,425,3
2021-06-15,Tulare,107,460477,50402,49561,8962,58523,848
2021-06-15,Tuolumne,109,53932,4065,4111,44,4155,63
2021-06-15,Ventura,111,848112,81637,81215,2974,84189,1029
2021-06-15,Yolo,113,214977,14116,14127,254,14381,212
2021-06-15,Yuba,115,75493,6150,6130,129,6259,51
2021-06-14,Alameda,001,1643700,88864,88966,1938,90904,1264
2021-06-14,Alpine,002,1148,88,88,0,88,0
2021-06-14,Amador,005,37829,3729,3722,32,3754,46
2021-06-14,Butte,007,227075,12708,12613,1859,14472,194
2021-06-14,Calaveras,009,45235,2186,2190,13,2203,55
2021-06-14,Colusa,011,21464,1961,1966,316,2282,15
2021-06-14,Contra Costa,013,1133247,70485,70069,1289,71358,810
2021-06-14,Del Norte,015,27424,1442,1411,13,1424,8
2021-06-14,El Dorado,017,186661,10406,10327,760,11087,113
2021-06-14,Fresno,019,978130,103178,102812,8643,111455,1719
2021-06-14,Glenn,021,27897,2444,2426,561,2987,19
2021-06-14,Humboldt,023,135768,4423,4407,39,4446,42
2021-06-14,Imperial,025,180216,28739,28836,2690,31526,741
2021-06-14,Inyo,027,18085,1407,1405,12,1417,35
2021-06-14,Kern,029,883053,97702,96760,10966,107726,1337
2021-06-14,Kings,031,150075,23208,23071,1079,24150,245
2021-06-14,Lake,033,64148,3569,3557,9,3566,45
2021-06-14,Lassen,035,31185,5254,5209,114,5323,19
2021-06-14,Los Angeles,037,10098052,1210742,1204748,40557,1245305,24434
2021-06-14,Madera,039,155013,16733,16597,930,17527,240
2021-06-14,Marin,041,260295,5714,14133,260,14393,229
2021-06-14,Mariposa,043,17540,438,437,11,448,5
2021-06-14,Mendocino,045,87422,4116,4028,83,4111,49
2021-06-14,Merced,047,269075,31145,31241,1040,32281,461
2021-06-14,Modoc,049,8938,397,382,142,524,3
2021-06-14,Mono,051,14174,1265,1275,17,1292,3
2021-06-14,Monterey,053,433212,43259,43110,1834,44944,415
2021-06-14,Napa,055,140530,9963,10000,34,10034,80
2021-06-14,Nevada,057,99092,4918,4885,192,5077,72
2021-06-14,Orange,059,3164182,256232,255069,11339,266408,5103
2021-06-14,Placer,061,380077,23639,23379,1515,24894,298
2021-06-14,Plumas,063,18699,714,696,11,707,4
2021-06-14,Riverside,065,2383286,294961,289476,13949,303425,4453
2021-06-14,Sacramento,067,1510023,107534,107334,1785,109119,1661
2021-06-14,San Benito,069,59416,6077,6087,113,6200,63
2021-06-14,San Bernardino,071,2135413,294012,293446,8950,302396,4790
2021-06-14,San Diego,073,3302833,282190,281314,15183,296497,3770
2021-06-14,San Francisco,075,870044,36973,37206,1280,38486,555
2021-06-14,San Joaquin,077,732212,73746,73453,3548,77001,1398
2021-06-14,San Luis Obispo,079,281455,21504,21302,741,22043,256
2021-06-14,San Mateo,081,765935,42554,42619,472,43091,543
2021-06-14,Santa Barbara,083,443738,34553,34449,1119,35568,460
2021-06-14,Santa Clara,085,1922200,119171,119957,757,120714,2085
2021-06-14,Santa Cruz,087,273765,16300,16175,797,16972,208
2021-06-14,Shasta,089,179085,12521,12561,1612,14173,201
2021-06-14,Sierra,091,2930,59,55,12,67,0
2021-06-14,Siskiyou,093,43540,1960,1886,362,2248,26
2021-06-14,Solano,095,438530,33254,33243,557,33800,266
2021-06-14,Sonoma,097,501317,30618,30679,352,31031,323
2021-06-14,Stanislaus,099,539301,56840,56689,5927,62616,975
2021-06-14,Sutter,101,95872,9570,9607,87,9694,112
2021-06-14,Tehama,103,63373,5133,5102,577,5679,63
2021-06-14,Trinity,105,12862,488,332,93,425,3
2021-06-14,Tulare,107,460477,50397,49538,8959,58497,848
2021-06-14,Tuolumne,109,53932,4062,4108,44,4152,63
2021-06-14,Ventura,111,848112,81627,81209,2974,84183,1028
2021-06-14,Yolo,113,214977,14108,14123,254,14377,212
2021-06-14,Yuba,115,75493,6143,6127,129,6256,50
2021-06-13,Alameda,001,1643700,88806,88947,1937,90884,1264
2021-06-13,Alpine,002,1148,87,88,0,88,0
2021-06-13,Amador,005,37829,3725,3721,32,3753,46
2021-06-13,Butte,007,227075,12697,12586,1856,14442,194
2021-06-13,Calaveras,009,45235,2186,2189,13,2202,55
2021-06-13,Colusa,011,21464,1961,1965,315,2280,15
2021-06-13,Contra Costa,013,1133247,70432,70040,1287,71327,810
2021-06-13,Del Norte,015,27424,1440,1412,13,1425,8
2021-06-13,El Dorado,017,186661,10397,10324,760,11084,113
2021-06-13,Fresno,019,978130,103148,102795,8638,111433,1719
2021-06-13,Glenn,021,27897,2443,2425,559,2984,19
2021-06-13,Humboldt,023,135768,4410,4401,39,4440,42
2021-06-13,Imperial,025,180216,28730,28800,2690,31490,741
2021-06-13,Inyo,027,18085,1407,1405,12,1417,35
2021-06-13,Kern,029,883053,97678,96743,10954,107697,1337
2021-06-13,Kings,031,150075,23203,23069,1078,24147,245
2021-06-13,Lake,033,64148,3569,3556,9,3565,45
2021-06-13,Lassen,035,31185,5249,5209,114,5323,19
2021-06-13,Los Angeles,037,10098052,1210474,1204614,40546,1245160,24433
2021-06-13,Madera,039,155013,16719,16590,930,17520,240
2021-06-13,Marin,041,260295,5708,14126,260,14386,229
2021-06-13,Mariposa,043,17540,438,434,11,445,5
2021-06-13,Mendocino,045,87422,4109,4026,83,4109,49
2021-06-13,Merced,047,269075,31139,31240,1039,32279,461
2021-06-13,Modoc,049,8938,395,382,140,522,3
2021-06-13,Mono,051,14174,1265,1275,17,1292,3
2021-06-13,Monterey,053,433212,43251,43108,1834,44942,415
2021-06-13,Napa,055,140530,9957,9995,34,10029,80
2021-06-13,Nevada,057,99092,4913,4883,192,5075,72
2021-06-13,Orange,059,3164182,256177,255043,11336,266379,5103
2021-06-13,Placer,061,380077,23613,23365,1513,24878,295
2021-06-13,Plumas,063,18699,713,696,11,707,4
2021-06-13,Riverside,065,2383286,294894,289447,13946,303393,4453
2021-06-13,Sacramento,067,1510023,107458,107289,1782,109071,1658
2021-06-13,San Benito,069,59416,6077,6086,113,6199,63
2021-06-13,San Bernardino,071,2135413,293960,293416,8945,302361,4788
2021-06-13,San Diego,073,3302833,282111,281268,15167,296435,3770
2021-06-13,San Francisco,075,870044,36961,37197,1280,38477,555
2021-06-13,San Joaquin,077,732212,73711,73438,3546,76984,1398
2021-06-13,San Luis Obispo,079,281455,21498,21298,740,22038,256
2021-06-13,San Mateo,081,765935,42541,42611,472,43083,542
2021-06-13,Santa Barbara,083,443738,34542,34449,1118,35567,460
2021-06-13,Santa Clara,085,1922200,119147,119946,757,120703,2085
2021-06-13,Santa Cruz,087,273765,16293,16172,797,16969,208
2021-06-13,Shasta,089,179085,12512,12560,1611,14171,201
2021-06-13,Sierra,091,2930,59,55,12,67,0
2021-06-13,Siskiyou,093,43540,1959,1885,362,2247,26
2021-06-13,Solano,095,438530,33233,33234,557,33791,266
2021-06-13,Sonoma,097,501317,30583,30663,350,31013,323
2021-06-13,Stanislaus,099,539301,56814,56671,5924,62595,975
2021-06-13,Sutter,101,95872,9563,9603,87,9690,112
2021-06-13,Tehama,103,63373,5131,5100,577,5677,63
2021-06-13,Trinity,105,12862,487,332,93,425,3
2021-06-13,Tulare,107,460477,50388,49537,8954,58491,848
2021-06-13,Tuolumne,109,53932,4060,4107,43,4150,63
2021-06-13,Ventura,111,848112,81613,81201,2974,84175,1028
2021-06-13,Yolo,113,214977,14099,14120,252,14372,212
2021-06-13,Yuba,115,75493,6136,6125,129,6254,50
2021-06-12,Alameda,001,1643700,88779,88901,1937,90838,1271
2021-06-12,Alpine,002,1148,87,88,0,88,0
2021-06-12,Amador,005,37829,3724,3721,32,3753,46
2021-06-12,Butte,007,227075,12693,12576,1855,14431,194
2021-06-12,Calaveras,009,45235,2186,2189,13,2202,55
2021-06-12,Colusa,011,21464,1961,1965,315,2280,15
2021-06-12,Contra Costa,013,1133247,70401,69989,1285,71274,810
2021-06-12,Del Norte,015,27424,1440,1412,13,1425,8
2021-06-12,El Dorado,017,186661,10392,10320,759,11079,113
2021-06-12,Fresno,019,978130,103138,102783,8637,111420,1720
2021-06-12,Glenn,021,27897,2441,2425,559,2984,19
2021-06-12,Humboldt,023,135768,4402,4396,39,4435,42
2021-06-12,Imperial,025,180216,28727,28799,2690,31489,741
2021-06-12,Inyo,027,18085,1407,1405,12,1417,35
2021-06-12,Kern,029,883053,97663,96731,10950,107681,1337
2021-06-12,Kings,031,150075,23201,23067,1078,24145,245
2021-06-12,Lake,033,64148,3568,3552,9,3561,45
2021-06-12,Lassen,035,31185,5249,5208,114,5322,19
2021-06-12,Los Angeles,037,10098052,1210337,1204439,40540,1244979,24434
2021-06-12,Madera,039,155013,16715,16586,930,17516,240
2021-06-12,Marin,041,260295,5705,14121,260,14381,229
2021-06-12,Mariposa,043,17540,438,434,11,445,5
2021-06-12,Mendocino,045,87422,4106,4024,83,4107,49
2021-06-12,Merced,047,269075,31136,31236,1039,32275,461
2021-06-12,Modoc,049,8938,394,382,140,522,3
2021-06-12,Mono,051,14174,1265,1275,17,1292,3
2021-06-12,Monterey,053,433212,43246,43103,1834,44937,415
2021-06-12,Napa,055,140530,9953,9986,34,10020,80
2021-06-12,Nevada,057,99092,4907,4878,192,5070,72
2021-06-12,Orange,059,3164182,256145,255004,11334,266338,5103
2021-06-12,Placer,061,380077,23594,23345,1513,24858,295
2021-06-12,Plumas,063,18699,713,696,11,707,4
2021-06-12,Riverside,065,2383286,294852,289413,13943,303356,4453
2021-06-12,Sacramento,067,1510023,107399,107199,1779,108978,1658
2021-06-12,San Benito,069,59416,6075,6083,113,6196,63
2021-06-12,San Bernardino,071,2135413,293925,293375,8943,302318,4788
2021-06-12,San Diego,073,3302833,282054,281203,15158,296361,3770
2021-06-12,San Francisco,075,870044,36951,37189,1280,38469,555
2021-06-12,San Joaquin,077,732212,73692,73413,3545,76958,1398
2021-06-12,San Luis Obispo,079,281455,21495,21293,740,22033,256
2021-06-12,San Mateo,081,765935,42535,42604,472,43076,542
2021-06-12,Santa Barbara,083,443738,34537,34450,1118,35568,460
2021-06-12,Santa Clara,085,1922200,119107,119894,757,120651,2085
2021-06-12,Santa Cruz,087,273765,16285,16170,797,16967,208
2021-06-12,Shasta,089,179085,12509,12556,1610,14166,201
2021-06-12,Sierra,091,2930,59,55,12,67,0
2021-06-12,Siskiyou,093,43540,1958,1884,362,2246,25
2021-06-12,Solano,095,438530,33225,33219,557,33776,266
2021-06-12,Sonoma,097,501317,30554,30647,350,30997,323
2021-06-12,Stanislaus,099,539301,56797,56649,5923,62572,974
2021-06-12,Sutter,101,95872,9559,9603,87,9690,112
2021-06-12,Tehama,103,63373,5131,5099,576,5675,63
2021-06-12,Trinity,105,12862,487,332,93,425,3
2021-06-12,Tulare,107,460477,50383,49533,8947,58480,848
2021-06-12,Tuolumne,109,53932,4059,4105,43,4148,63
2021-06-12,Ventura,111,848112,81601,81197,2974,84171,1028
2021-06-12,Yolo,113,214977,14096,14118,251,14369,212
2021-06-12,Yuba,115,75493,6131,6120,129,6249,50
2021-06-11,Alameda,001,1643700,88751,88844,1937,90781,1278
2021-06-11,Alpine,002,1148,87,88,0,88,0
2021-06-11,Amador,005,37829,3723,3710,32,3742,46
2021-06-11,Butte,007,227075,12689,12576,1853,14429,194
2021-06-11,Calaveras,009,45235,2186,2188,13,2201,55
2021-06-11,Colusa,011,21464,1960,1964,315,2279,15
2021-06-11,Contra Costa,013,1133247,70368,69940,1283,71223,808
2021-06-11,Del Norte,015,27424,1440,1409,13,1422,8
2021-06-11,El Dorado,017,186661,10389,10316,759,11075,113
2021-06-11,Fresno,019,978130,103119,102770,8636,111406,1720
2021-06-11,Glenn,021,27897,2441,2425,559,2984,19
2021-06-11,Humboldt,023,135768,4398,4389,39,4428,42
2021-06-11,Imperial,025,180216,28722,28793,2690,31483,741
2021-06-11,Inyo,027,18085,1407,1405,12,1417,35
2021-06-11,Kern,029,883053,97651,96718,10947,107665,1340
2021-06-11,Kings,031,150075,23197,23069,1077,24146,245
2021-06-11,Lake,033,64148,3567,3550,9,3559,45
2021-06-11,Lassen,035,31185,5248,5204,114,5318,18
2021-06-11,Los Angeles,037,10098052,1210187,1204259,40525,1244784,24434
2021-06-11,Madera,039,155013,16712,16582,930,17512,240
2021-06-11,Marin,041,260295,5702,14116,260,14376,229
2021-06-11,Mariposa,043,17540,438,434,11,445,5
2021-06-11,Mendocino,045,87422,4103,4022,83,4105,49
2021-06-11,Merced,047,269075,31131,31231,1039,32270,461
2021-06-11,Modoc,049,8938,394,382,139,521,3
2021-06-11,Mono,051,14174,1265,1274,17,1291,3
2021-06-11,Monterey,053,433212,43242,43097,1834,44931,415
2021-06-11,Napa,055,140530,9950,9977,34,10011,80
2021-06-11,Nevada,057,99092,4905,4873,192,5065,72
2021-06-11,Orange,059,3164182,256111,254975,11331,266306,5101
2021-06-11,Placer,061,380077,23589,23330,1513,24843,294
2021-06-11,Plumas,063,18699,713,696,11,707,4
2021-06-11,Riverside,065,2383286,294814,289376,13938,303314,4451
2021-06-11,Sacramento,067,1510023,107340,107119,1778,108897,1659
2021-06-11,San Benito,069,59416,6074,6082,113,6195,63
2021-06-11,San Bernardino,071,2135413,293889,293335,8939,302274,4788
2021-06-11,San Diego,073,3302833,282014,281144,15151,296295,3768
2021-06-11,San Francisco,075,870044,36946,37177,1280,38457,555
2021-06-11,San Joaquin,077,732212,73675,73347,3542,76889,1397
2021-06-11,San Luis Obispo,079,281455,21494,21288,740,22028,256
2021-06-11,San Mateo,081,765935,42521,42585,472,43057,542
2021-06-11,Santa Barbara,083,443738,34534,34438,1118,35556,460
2021-06-11,Santa Clara,085,1922200,119087,119860,757,120617,2083
2021-06-11,Santa Cruz,087,273765,16277,16164,797,16961,208
2021-06-11,Shasta,089,179085,12501,12550,1608,14158,201
2021-06-11,Sierra,091,2930,59,55,12,67,0
2021-06-11,Siskiyou,093,43540,1957,1882,362,2244,25
2021-06-11,Solano,095,438530,33205,33179,556,33735,266
2021-06-11,Sonoma,097,501317,30536,30624,350,30974,323
2021-06-11,Stanislaus,099,539301,56771,56617,5919,62536,974
2021-06-11,Sutter,101,95872,9556,9600,86,9686,112
2021-06-11,Tehama,103,63373,5130,5099,576,5675,63
2021-06-11,Trinity,105,12862,487,331,93,424,3
2021-06-11,Tulare,107,460477,50377,49516,8946,58462,848
2021-06-11,Tuolumne,109,53932,4056,4104,43,4147,63
2021-06-11,Ventura,111,848112,81591,81189,2974,84163,1026
2021-06-11,Yolo,113,214977,14089,14111,247,14358,212
2021-06-11,Yuba,115,75493,6127,6113,129,6242,50
2021-06-10,Alameda,001,1643700,88707,88806,1936,90742,1275
2021-06-10,Alpine,002,1148,87,88,0,88,0
2021-06-10,Amador,005,37829,3719,3709,32,3741,46
2021-06-10,Butte,007,227075,12672,12565,1853,14418,194
2021-06-10,Calaveras,009,45235,2185,2188,13,2201,55
2021-06-10,Colusa,011,21464,1958,1964,315,2279,15
2021-06-10,Contra Costa,013,1133247,70314,69876,1283,71159,807
2021-06-10,Del Norte,015,27424,1440,1405,13,1418,8
2021-06-10,El Dorado,017,186661,10382,10314,755,11069,113
2021-06-10,Fresno,019,978130,103093,102724,8635,111359,1717
2021-06-10,Glenn,021,27897,2441,2425,559,2984,19
2021-06-10,Humboldt,023,135768,4390,4384,39,4423,42
2021-06-10,Imperial,025,180216,28716,28779,2690,31469,739
2021-06-10,Inyo,027,18085,1407,1405,12,1417,35
2021-06-10,Kern,029,883053,97637,96706,10942,107648,1336
2021-06-10,Kings,031,150075,23196,23067,1077,24144,245
2021-06-10,Lake,033,64148,3562,3550,9,3559,45
2021-06-10,Lassen,035,31185,5246,5201,114,5315,18
2021-06-10,Los Angeles,037,10098052,1210021,1204110,40510,1244620,24440
2021-06-10,Madera,039,155013,16705,16581,929,17510,240
2021-06-10,Marin,041,260295,5699,14118,260,14378,229
2021-06-10,Mariposa,043,17540,436,434,11,445,5
2021-06-10,Mendocino,045,87422,4098,4016,83,4099,48
2021-06-10,Merced,047,269075,31123,31231,1036,32267,461
2021-06-10,Modoc,049,8938,393,381,139,520,3
2021-06-10,Mono,051,14174,1264,1274,17,1291,3
2021-06-10,Monterey,053,433212,43236,43090,1834,44924,415
2021-06-10,Napa,055,140530,9949,9974,34,10008,80
2021-06-10,Nevada,057,99092,4900,4866,192,5058,72
2021-06-10,Orange,059,3164182,256082,254950,11324,266274,5097
2021-06-10,Placer,061,380077,23576,23296,1513,24809,293
2021-06-10,Plumas,063,18699,713,696,11,707,4
2021-06-10,Riverside,065,2383286,294772,289335,13933,303268,4450
2021-06-10,Sacramento,067,1510023,107278,107049,1778,108827,1658
2021-06-10,San Benito,069,59416,6074,6079,113,6192,63
2021-06-10,San Bernardino,071,2135413,293848,293281,8936,302217,4782
2021-06-10,San Diego,073,3302833,281956,281052,15134,296186,3766
2021-06-10,San Francisco,075,870044,36936,37159,1278,38437,552
2021-06-10,San Joaquin,077,732212,73641,73276,3541,76817,1393
2021-06-10,San Luis Obispo,079,281455,21491,21280,740,22020,256
2021-06-10,San Mateo,081,765935,42514,42562,472,43034,666
2021-06-10,Santa Barbara,083,443738,34530,34434,1118,35552,460
2021-06-10,Santa Clara,085,1922200,119052,119832,756,120588,2075
2021-06-10,Santa Cruz,087,273765,16276,16159,797,16956,208
2021-06-10,Shasta,089,179085,12491,12536,1608,14144,201
2021-06-10,Sierra,091,2930,58,55,12,67,0
2021-06-10,Siskiyou,093,43540,1957,1881,362,2243,25
2021-06-10,Solano,095,438530,33188,33150,555,33705,265
2021-06-10,Sonoma,097,501317,30500,30571,348,30919,323
2021-06-10,Stanislaus,099,539301,56750,56588,5915,62503,974
2021-06-10,Sutter,101,95872,9549,9594,86,9680,112
2021-06-10,Tehama,103,63373,5130,5096,576,5672,63
2021-06-10,Trinity,105,12862,487,331,93,424,3
2021-06-10,Tulare,107,460477,50369,49503,8946,58449,848
2021-06-10,Tuolumne,109,53932,4056,4100,43,4143,63
2021-06-10,Ventura,111,848112,81580,81172,2973,84145,1026
2021-06-10,Yolo,113,214977,14086,14107,247,14354,212
2021-06-10,Yuba,115,75493,6123,6112,129,6241,50
2021-06-09,Alameda,001,1643700,88663,88762,1935,90697,1271
2021-06-09,Alpine,002,1148,87,88,0,88,0
2021-06-09,Amador,005,37829,3715,3706,32,3738,46
2021-06-09,Butte,007,227075,12666,12555,1851,14406,194
2021-06-09,Calaveras,009,45235,2183,2184,13,2197,55
2021-06-09,Colusa,011,21464,1958,1962,314,2276,15
2021-06-09,Contra Costa,013,1133247,70277,69829,1282,71111,803
2021-06-09,Del Norte,015,27424,1436,1403,13,1416,8
2021-06-09,El Dorado,017,186661,10379,10312,754,11066,113
2021-06-09,Fresno,019,978130,103073,102690,8631,111321,1717
2021-06-09,Glenn,021,27897,2440,2424,559,2983,19
2021-06-09,Humboldt,023,135768,4385,4379,38,4417,42
2021-06-09,Imperial,025,180216,28713,28754,2690,31444,739
2021-06-09,Inyo,027,18085,1407,1405,12,1417,35
2021-06-09,Kern,029,883053,97623,96697,10933,107630,1328
2021-06-09,Kings,031,150075,23194,23061,1077,24138,245
2021-06-09,Lake,033,64148,3559,3541,9,3550,45
2021-06-09,Lassen,035,31185,5245,5200,114,5314,18
2021-06-09,Los Angeles,037,10098052,1209833,1203955,40497,1244452,24432
2021-06-09,Madera,039,155013,16700,16580,929,17509,240
2021-06-09,Marin,041,260295,5694,14114,260,14374,229
2021-06-09,Mariposa,043,17540,436,434,11,445,5
2021-06-09,Mendocino,045,87422,4092,4008,83,4091,47
2021-06-09,Merced,047,269075,31119,31225,1036,32261,461
2021-06-09,Modoc,049,8938,391,377,138,515,3
2021-06-09,Mono,051,14174,1264,1274,17,1291,3
2021-06-09,Monterey,053,433212,43229,43082,1834,44916,415
2021-06-09,Napa,055,140530,9943,9971,34,10005,80
2021-06-09,Nevada,057,99092,4890,4863,191,5054,72
2021-06-09,Orange,059,3164182,256038,254893,11319,266212,5080
2021-06-09,Placer,061,380077,23557,23237,1513,24750,293
2021-06-09,Plumas,063,18699,712,697,11,708,4
2021-06-09,Riverside,065,2383286,294726,289299,13931,303230,4450
2021-06-09,Sacramento,067,1510023,107215,106971,1775,108746,1657
2021-06-09,San Benito,069,59416,6071,6078,113,6191,63
2021-06-09,San Bernardino,071,2135413,293806,293222,8936,302158,4782
2021-06-09,San Diego,073,3302833,281892,280941,15122,296063,3765
2021-06-09,San Francisco,075,870044,36922,37143,1277,38420,552
2021-06-09,San Joaquin,077,732212,73615,73232,3541,76773,1392
2021-06-09,San Luis Obispo,079,281455,21490,21259,740,21999,256
2021-06-09,San Mateo,081,765935,42498,42502,471,42973,666
2021-06-09,Santa Barbara,083,443738,34519,34422,1118,35540,460
2021-06-09,Santa Clara,085,1922200,119015,119793,755,120548,2068
2021-06-09,Santa Cruz,087,273765,16273,16155,797,16952,208
2021-06-09,Shasta,089,179085,12481,12521,1606,14127,201
2021-06-09,Sierra,091,2930,57,55,12,67,0
2021-06-09,Siskiyou,093,43540,1956,1871,362,2233,25
2021-06-09,Solano,095,438530,33172,33137,554,33691,264
2021-06-09,Sonoma,097,501317,30478,30540,348,30888,323
2021-06-09,Stanislaus,099,539301,56730,56560,5912,62472,974
2021-06-09,Sutter,101,95872,9540,9586,85,9671,111
2021-06-09,Tehama,103,63373,5129,5093,576,5669,63
2021-06-09,Trinity,105,12862,486,331,93,424,3
2021-06-09,Tulare,107,460477,50365,49496,8944,58440,847
2021-06-09,Tuolumne,109,53932,4053,4100,43,4143,63
2021-06-09,Ventura,111,848112,81570,81154,2972,84126,1026
2021-06-09,Yolo,113,214977,14084,14102,246,14348,212
2021-06-09,Yuba,115,75493,6119,6109,129,6238,50
2021-06-08,Alameda,001,1643700,88615,88731,1935,90666,1267
2021-06-08,Alpine,002,1148,87,88,0,88,0
2021-06-08,Amador,005,37829,3714,3704,32,3736,46
2021-06-08,Butte,007,227075,12660,12540,1849,14389,194
2021-06-08,Calaveras,009,45235,2182,2181,13,2194,55
2021-06-08,Colusa,011,21464,1958,1961,314,2275,15
2021-06-08,Contra Costa,013,1133247,70229,69762,1281,71043,803
2021-06-08,Del Norte,015,27424,1434,1402,13,1415,8
2021-06-08,El Dorado,017,186661,10374,10306,752,11058,113
2021-06-08,Fresno,019,978130,103048,102680,8629,111309,1717
2021-06-08,Glenn,021,27897,2439,2423,559,2982,19
2021-06-08,Humboldt,023,135768,4380,4363,38,4401,42
2021-06-08,Imperial,025,180216,28704,28752,2690,31442,738
2021-06-08,Inyo,027,18085,1407,1405,12,1417,35
2021-06-08,Kern,029,883053,97604,96671,10926,107597,1325
2021-06-08,Kings,031,150075,23193,23036,1077,24113,245
2021-06-08,Lake,033,64148,3558,3540,9,3549,45
2021-06-08,Lassen,035,31185,5245,5200,114,5314,18
2021-06-08,Los Angeles,037,10098052,1209635,1203794,40485,1244279,24426
2021-06-08,Madera,039,155013,16694,16579,928,17507,240
2021-06-08,Marin,041,260295,5692,14111,259,14370,229
2021-06-08,Mariposa,043,17540,436,434,11,445,5
2021-06-08,Mendocino,045,87422,4085,4002,83,4085,47
2021-06-08,Merced,047,269075,31111,31225,1036,32261,461
2021-06-08,Modoc,049,8938,385,377,137,514,3
2021-06-08,Mono,051,14174,1264,1274,17,1291,3
2021-06-08,Monterey,053,433212,43223,43078,1833,44911,415
2021-06-08,Napa,055,140530,9939,9962,34,9996,80
2021-06-08,Nevada,057,99092,4885,4861,191,5052,72
2021-06-08,Orange,059,3164182,255996,254852,11312,266164,5078
2021-06-08,Placer,061,380077,23539,23209,1509,24718,293
2021-06-08,Plumas,063,18699,712,692,11,703,4
2021-06-08,Riverside,065,2383286,294690,289268,13923,303191,4452
2021-06-08,Sacramento,067,1510023,107153,106901,1772,108673,1654
2021-06-08,San Benito,069,59416,6069,6076,113,6189,63
2021-06-08,San Bernardino,071,2135413,293757,293186,8932,302118,4778
2021-06-08,San Diego,073,3302833,281829,280879,15113,295992,3764
2021-06-08,San Francisco,075,870044,36907,37134,1276,38410,552
2021-06-08,San Joaquin,077,732212,73571,73186,3536,76722,1390
2021-06-08,San Luis Obispo,079,281455,21484,21251,739,21990,255
2021-06-08,San Mateo,081,765935,42485,42488,471,42959,663
2021-06-08,Santa Barbara,083,443738,34515,34418,1118,35536,459
2021-06-08,Santa Clara,085,1922200,118994,119770,754,120524,2068
2021-06-08,Santa Cruz,087,273765,16270,16160,797,16957,208
2021-06-08,Shasta,089,179085,12466,12498,1606,14104,201
2021-06-08,Sierra,091,2930,57,55,12,67,0
2021-06-08,Siskiyou,093,43540,1954,1870,360,2230,21
2021-06-08,Solano,095,438530,33151,33130,554,33684,259
2021-06-08,Sonoma,097,501317,30452,30523,346,30869,323
2021-06-08,Stanislaus,099,539301,56703,56548,5910,62458,973
2021-06-08,Sutter,101,95872,9537,9581,85,9666,111
2021-06-08,Tehama,103,63373,5126,5093,576,5669,63
2021-06-08,Trinity,105,12862,486,330,92,422,3
2021-06-08,Tulare,107,460477,50354,49485,8940,58425,847
2021-06-08,Tuolumne,109,53932,4049,4099,43,4142,63
2021-06-08,Ventura,111,848112,81554,81142,2971,84113,1026
2021-06-08,Yolo,113,214977,14079,14099,245,14344,212
2021-06-08,Yuba,115,75493,6117,6103,129,6232,50
2021-06-07,Alameda,001,1643700,88558,88688,1935,90623,1267
2021-06-07,Alpine,002,1148,87,88,0,88,0
2021-06-07,Amador,005,37829,3704,3697,32,3729,46
2021-06-07,Butte,007,227075,12653,12533,1848,14381,194
2021-06-07,Calaveras,009,45235,2181,2181,13,2194,55
2021-06-07,Colusa,011,21464,1957,1960,314,2274,15
2021-06-07,Contra Costa,013,1133247,70172,69718,1280,70998,817
2021-06-07,Del Norte,015,27424,1434,1401,13,1414,8
2021-06-07,El Dorado,017,186661,10369,10305,752,11057,113
2021-06-07,Fresno,019,978130,103017,102659,8621,111280,1717
2021-06-07,Glenn,021,27897,2439,2423,559,2982,19
2021-06-07,Humboldt,023,135768,4372,4354,38,4392,42
2021-06-07,Imperial,025,180216,28702,28754,2690,31444,738
2021-06-07,Inyo,027,18085,1407,1404,12,1416,35
2021-06-07,Kern,029,883053,97588,96645,10919,107564,1324
2021-06-07,Kings,031,150075,23189,23023,1077,24100,244
2021-06-07,Lake,033,64148,3556,3540,9,3549,45
2021-06-07,Lassen,035,31185,5240,5198,114,5312,18
2021-06-07,Los Angeles,037,10098052,1209411,1203664,40471,1244135,24413
2021-06-07,Madera,039,155013,16687,16572,928,17500,240
2021-06-07,Marin,041,260295,5688,14108,258,14366,229
2021-06-07,Mariposa,043,17540,436,434,11,445,5
2021-06-07,Mendocino,045,87422,4079,3998,83,4081,47
2021-06-07,Merced,047,269075,31099,31212,1035,32247,459
2021-06-07,Modoc,049,8938,384,375,134,509,3
2021-06-07,Mono,051,14174,1264,1275,17,1292,3
2021-06-07,Monterey,053,433212,43216,43077,1833,44910,415
2021-06-07,Napa,055,140530,9931,9962,34,9996,80
2021-06-07,Nevada,057,99092,4883,4860,191,5051,72
2021-06-07,Orange,059,3164182,255956,254808,11304,266112,5073
2021-06-07,Placer,061,380077,23520,23176,1507,24683,293
2021-06-07,Plumas,063,18699,712,692,11,703,4
2021-06-07,Riverside,065,2383286,294647,289232,13919,303151,4451
2021-06-07,Sacramento,067,1510023,107077,106841,1769,108610,1655
2021-06-07,San Benito,069,59416,6068,6074,113,6187,63
2021-06-07,San Bernardino,071,2135413,293719,293129,8931,302060,4775
2021-06-07,San Diego,073,3302833,281747,280808,15100,295908,3764
2021-06-07,San Francisco,075,870044,36889,37122,1276,38398,552
2021-06-07,San Joaquin,077,732212,73526,73130,3529,76659,1388
2021-06-07,San Luis Obispo,079,281455,21471,21252,739,21991,255
2021-06-07,San Mateo,081,765935,42469,42479,471,42950,664
2021-06-07,Santa Barbara,083,443738,34509,34407,1118,35525,459
2021-06-07,Santa Clara,085,1922200,118962,119743,754,120497,2066
2021-06-07,Santa Cruz,087,273765,16269,16159,797,16956,208
2021-06-07,Shasta,089,179085,12452,12483,1601,14084,200
2021-06-07,Sierra,091,2930,57,55,12,67,0
2021-06-07,Siskiyou,093,43540,1954,1869,360,2229,21
2021-06-07,Solano,095,438530,33130,33124,553,33677,258
2021-06-07,Sonoma,097,501317,30416,30504,345,30849,323
2021-06-07,Stanislaus,099,539301,56670,56521,5908,62429,972
2021-06-07,Sutter,101,95872,9533,9571,85,9656,111
2021-06-07,Tehama,103,63373,5122,5092,574,5666,63
2021-06-07,Trinity,105,12862,486,329,92,421,3
2021-06-07,Tulare,107,460477,50347,49471,8940,58411,847
2021-06-07,Tuolumne,109,53932,4048,4098,43,4141,63
2021-06-07,Ventura,111,848112,81537,81137,2969,84106,1025
2021-06-07,Yolo,113,214977,14074,14097,244,14341,211
2021-06-07,Yuba,115,75493,6115,6099,126,6225,49
2021-06-06,Alameda,001,1643700,88520,88636,1934,90570,1267
2021-06-06,Alpine,002,1148,87,88,0,88,0
2021-06-06,Amador,005,37829,3701,3696,32,3728,46
2021-06-06,Butte,007,227075,12642,12527,1847,14374,194
2021-06-06,Calaveras,009,45235,2180,2181,13,2194,55
2021-06-06,Colusa,011,21464,1955,1959,314,2273,15
2021-06-06,Contra Costa,013,1133247,70107,69659,1278,70937,817
2021-06-06,Del Norte,015,27424,1429,1401,13,1414,8
2021-06-06,El Dorado,017,186661,10362,10294,752,11046,113
2021-06-06,Fresno,019,978130,102984,102642,8618,111260,1717
2021-06-06,Glenn,021,27897,2438,2423,559,2982,19
2021-06-06,Humboldt,023,135768,4361,4353,38,4391,42
2021-06-06,Imperial,025,180216,28696,28762,2690,31452,738
2021-06-06,Inyo,027,18085,1406,1404,12,1416,35
2021-06-06,Kern,029,883053,97570,96623,10912,107535,1324
2021-06-06,Kings,031,150075,23183,23021,1077,24098,244
2021-06-06,Lake,033,64148,3556,3535,9,3544,45
2021-06-06,Lassen,035,31185,5238,5191,114,5305,18
2021-06-06,Los Angeles,037,10098052,1209212,1203539,40457,1243996,24410
2021-06-06,Madera,039,155013,16680,16567,928,17495,240
2021-06-06,Marin,041,260295,5682,14106,257,14363,229
2021-06-06,Mariposa,043,17540,435,435,11,446,5
2021-06-06,Mendocino,045,87422,4075,3993,83,4076,47
2021-06-06,Merced,047,269075,31093,31215,1034,32249,459
2021-06-06,Modoc,049,8938,384,375,133,508,3
2021-06-06,Mono,051,14174,1264,1275,17,1292,3
2021-06-06,Monterey,053,433212,43211,43078,1833,44911,415
2021-06-06,Napa,055,140530,9925,9963,34,9997,80
2021-06-06,Nevada,057,99092,4876,4854,190,5044,72
2021-06-06,Orange,059,3164182,255920,254782,11299,266081,5073
2021-06-06,Placer,061,380077,23495,23156,1504,24660,293
2021-06-06,Plumas,063,18699,712,692,11,703,4
2021-06-06,Riverside,065,2383286,294608,289201,13913,303114,4451
2021-06-06,Sacramento,067,1510023,106991,106749,1768,108517,1655
2021-06-06,San Benito,069,59416,6062,6074,113,6187,63
2021-06-06,San Bernardino,071,2135413,293662,293117,8922,302039,4773
2021-06-06,San Diego,073,3302833,281667,280743,15083,295826,3764
2021-06-06,San Francisco,075,870044,36874,37118,1274,38392,552
2021-06-06,San Joaquin,077,732212,73494,73105,3525,76630,1388
2021-06-06,San Luis Obispo,079,281455,21468,21246,739,21985,255
2021-06-06,San Mateo,081,765935,42452,42457,471,42928,664
2021-06-06,Santa Barbara,083,443738,34505,34403,1117,35520,459
2021-06-06,Santa Clara,085,1922200,118940,119711,754,120465,2066
2021-06-06,Santa Cruz,087,273765,16268,16158,797,16955,208
2021-06-06,Shasta,089,179085,12437,12478,1598,14076,200
2021-06-06,Sierra,091,2930,57,55,12,67,0
2021-06-06,Siskiyou,093,43540,1951,1869,360,2229,21
2021-06-06,Solano,095,438530,33103,33093,553,33646,258
2021-06-06,Sonoma,097,501317,30384,30478,344,30822,323
2021-06-06,Stanislaus,099,539301,56634,56486,5905,62391,972
2021-06-06,Sutter,101,95872,9526,9567,85,9652,111
2021-06-06,Tehama,103,63373,5112,5092,572,5664,63
2021-06-06,Trinity,105,12862,486,328,92,420,3
2021-06-06,Tulare,107,460477,50338,49466,8935,58401,847
2021-06-06,Tuolumne,109,53932,4045,4097,43,4140,63
2021-06-06,Ventura,111,848112,81526,81130,2966,84096,1025
2021-06-06,Yolo,113,214977,14066,14089,243,14332,210
2021-06-06,Yuba,115,75493,6107,6096,126,6222,49
2021-06-05,Alameda,001,1643700,88487,88612,1934,90546,1268
2021-06-05,Alpine,002,1148,87,88,0,88,0
2021-06-05,Amador,005,37829,3701,3694,32,3726,46
2021-06-05,Butte,007,227075,12636,12514,1846,14360,194
2021-06-05,Calaveras,009,45235,2180,2181,13,2194,55
2021-06-05,Colusa,011,21464,1955,1959,314,2273,15
2021-06-05,Contra Costa,013,1133247,70078,69601,1278,70879,817
2021-06-05,Del Norte,015,27424,1429,1400,13,1413,8
2021-06-05,El Dorado,017,186661,10360,10288,751,11039,113
2021-06-05,Fresno,019,978130,102975,102626,8618,111244,1717
2021-06-05,Glenn,021,27897,2437,2423,559,2982,19
2021-06-05,Humboldt,023,135768,4356,4346,38,4384,42
2021-06-05,Imperial,025,180216,28693,28764,2690,31454,738
2021-06-05,Inyo,027,18085,1406,1405,12,1417,35
2021-06-05,Kern,029,883053,97557,96597,10908,107505,1324
2021-06-05,Kings,031,150075,23180,23017,1077,24094,244
2021-06-05,Lake,033,64148,3553,3534,9,3543,45
2021-06-05,Lassen,035,31185,5237,5191,114,5305,18
2021-06-05,Los Angeles,037,10098052,1209083,1203338,40446,1243784,24411
2021-06-05,Madera,039,155013,16676,16563,928,17491,240
2021-06-05,Marin,041,260295,5680,14101,257,14358,229
2021-06-05,Mariposa,043,17540,435,435,11,446,5
2021-06-05,Mendocino,045,87422,4072,3989,83,4072,47
2021-06-05,Merced,047,269075,31091,31212,1033,32245,459
2021-06-05,Modoc,049,8938,384,375,132,507,3
2021-06-05,Mono,051,14174,1264,1274,17,1291,3
2021-06-05,Monterey,053,433212,43207,43071,1832,44903,415
2021-06-05,Napa,055,140530,9920,9960,34,9994,80
2021-06-05,Nevada,057,99092,4874,4849,190,5039,72
2021-06-05,Orange,059,3164182,255896,254752,11296,266048,5069
2021-06-05,Placer,061,380077,23479,23133,1504,24637,293
2021-06-05,Plumas,063,18699,712,692,11,703,4
2021-06-05,Riverside,065,2383286,294573,289157,13909,303066,4451
2021-06-05,Sacramento,067,1510023,106939,106688,1766,108454,1655
2021-06-05,San Benito,069,59416,6060,6074,113,6187,63
2021-06-05,San Bernardino,071,2135413,293629,293081,8921,302002,4772
2021-06-05,San Diego,073,3302833,281626,280676,15070,295746,3764
2021-06-05,San Francisco,075,870044,36865,37111,1274,38385,552
2021-06-05,San Joaquin,077,732212,73478,73078,3519,76597,1388
2021-06-05,San Luis Obispo,079,281455,21465,21236,739,21975,255
2021-06-05,San Mateo,081,765935,42442,42433,471,42904,664
2021-06-05,Santa Barbara,083,443738,34502,34399,1116,35515,459
2021-06-05,Santa Clara,085,1922200,118918,119676,752,120428,2066
2021-06-05,Santa Cruz,087,273765,16268,16154,797,16951,208
2021-06-05,Shasta,089,179085,12427,12472,1597,14069,200
2021-06-05,Sierra,091,2930,57,55,12,67,0
2021-06-05,Siskiyou,093,43540,1951,1867,360,2227,21
2021-06-05,Solano,095,438530,33088,33074,553,33627,257
2021-06-05,Sonoma,097,501317,30357,30450,342,30792,323
2021-06-05,Stanislaus,099,539301,56625,56463,5903,62366,973
2021-06-05,Sutter,101,95872,9523,9559,85,9644,111
2021-06-05,Tehama,103,63373,5111,5092,571,5663,63
2021-06-05,Trinity,105,12862,486,328,92,420,3
2021-06-05,Tulare,107,460477,50332,49463,8935,58398,847
2021-06-05,Tuolumne,109,53932,4043,4098,43,4141,63
2021-06-05,Ventura,111,848112,81517,81119,2964,84083,1025
2021-06-05,Yolo,113,214977,14064,14088,243,14331,210
2021-06-05,Yuba,115,75493,6106,6087,126,6213,49
2021-06-04,Alameda,001,1643700,88460,88585,1931,90516,1263
2021-06-04,Alpine,002,1148,87,88,0,88,0
2021-06-04,Amador,005,37829,3701,3690,32,3722,46
2021-06-04,Butte,007,227075,12625,12494,1843,14337,193
2021-06-04,Calaveras,009,45235,2180,2179,13,2192,55
2021-06-04,Colusa,011,21464,1955,1959,314,2273,15
2021-06-04,Contra Costa,013,1133247,70043,69540,1275,70815,816
2021-06-04,Del Norte,015,27424,1429,1398,13,1411,8
2021-06-04,El Dorado,017,186661,10356,10284,749,11033,112
2021-06-04,Fresno,019,978130,102959,102601,8618,111219,1712
2021-06-04,Glenn,021,27897,2437,2423,558,2981,19
2021-06-04,Humboldt,023,135768,4351,4327,38,4365,42
2021-06-04,Imperial,025,180216,28689,28753,2690,31443,738
2021-06-04,Inyo,027,18085,1406,1404,12,1416,35
2021-06-04,Kern,029,883053,97539,96573,10906,107479,1327
2021-06-04,Kings,031,150075,23179,23002,1077,24079,244
2021-06-04,Lake,033,64148,3551,3528,9,3537,45
2021-06-04,Lassen,035,31185,5237,5180,114,5294,18
2021-06-04,Los Angeles,037,10098052,1208962,1203106,40437,1243543,24400
2021-06-04,Madera,039,155013,16674,16557,928,17485,240
2021-06-04,Marin,041,260295,5679,14099,256,14355,229
2021-06-04,Mariposa,043,17540,435,435,11,446,5
2021-06-04,Mendocino,045,87422,4063,3983,83,4066,47
2021-06-04,Merced,047,269075,31086,31204,1032,32236,459
2021-06-04,Modoc,049,8938,382,375,132,507,3
2021-06-04,Mono,051,14174,1264,1275,17,1292,3
2021-06-04,Monterey,053,433212,43203,43068,1832,44900,415
2021-06-04,Napa,055,140530,9916,9958,34,9992,80
2021-06-04,Nevada,057,99092,4870,4844,190,5034,72
2021-06-04,Orange,059,3164182,255859,254730,11292,266022,5059
2021-06-04,Placer,061,380077,23463,23110,1503,24613,293
2021-06-04,Plumas,063,18699,712,691,11,702,4
2021-06-04,Riverside,065,2383286,294547,289098,13905,303003,4452
2021-06-04,Sacramento,067,1510023,106885,106616,1765,108381,1654
2021-06-04,San Benito,069,59416,6058,6073,113,6186,63
2021-06-04,San Bernardino,071,2135413,293605,293056,8919,301975,4768
2021-06-04,San Diego,073,3302833,281583,280556,15063,295619,3763
2021-06-04,San Francisco,075,870044,36858,37079,1273,38352,551
2021-06-04,San Joaquin,077,732212,73459,73039,3517,76556,1388
2021-06-04,San Luis Obispo,079,281455,21462,21234,738,21972,255
2021-06-04,San Mateo,081,765935,42430,42413,471,42884,478
2021-06-04,Santa Barbara,083,443738,34496,34402,1115,35517,459
2021-06-04,Santa Clara,085,1922200,118888,119619,752,120371,2065
2021-06-04,Santa Cruz,087,273765,16265,16150,797,16947,207
2021-06-04,Shasta,089,179085,12421,12458,1592,14050,200
2021-06-04,Sierra,091,2930,57,55,12,67,0
2021-06-04,Siskiyou,093,43540,1950,1865,360,2225,21
2021-06-04,Solano,095,438530,33077,33058,553,33611,256
2021-06-04,Sonoma,097,501317,30336,30411,342,30753,323
2021-06-04,Stanislaus,099,539301,56610,56442,5901,62343,973
2021-06-04,Sutter,101,95872,9518,9554,85,9639,111
2021-06-04,Tehama,103,63373,5106,5090,571,5661,63
2021-06-04,Trinity,105,12862,486,328,92,420,3
2021-06-04,Tulare,107,460477,50323,49452,8933,58385,847
2021-06-04,Tuolumne,109,53932,4042,4095,43,4138,63
2021-06-04,Ventura,111,848112,81510,81104,2962,84066,1023
2021-06-04,Yolo,113,214977,14062,14083,243,14326,210
2021-06-04,Yuba,115,75493,6103,6084,126,6210,49
2021-06-03,Alameda,001,1643700,88422,88555,1928,90483,1257
2021-06-03,Alpine,002,1148,87,88,0,88,0
2021-06-03,Amador,005,37829,3693,3688,32,3720,46
2021-06-03,Butte,007,227075,12621,12478,1842,14320,193
2021-06-03,Calaveras,009,45235,2180,2179,13,2192,55
2021-06-03,Colusa,011,21464,1955,1957,314,2271,15
2021-06-03,Contra Costa,013,1133247,69989,69500,1270,70770,816
2021-06-03,Del Norte,015,27424,1427,1397,13,1410,8
2021-06-03,El Dorado,017,186661,10350,10284,746,11030,112
2021-06-03,Fresno,019,978130,102942,102566,8618,111184,1709
2021-06-03,Glenn,021,27897,2437,2421,558,2979,19
2021-06-03,Humboldt,023,135768,4343,4314,38,4352,42
2021-06-03,Imperial,025,180216,28677,28737,2690,31427,738
2021-06-03,Inyo,027,18085,1406,1404,12,1416,35
2021-06-03,Kern,029,883053,97512,96507,10892,107399,1326
2021-06-03,Kings,031,150075,23175,22982,1077,24059,244
2021-06-03,Lake,033,64148,3549,3526,9,3535,45
2021-06-03,Lassen,035,31185,5228,5177,114,5291,12
2021-06-03,Los Angeles,037,10098052,1208791,1202923,40429,1243352,24386
2021-06-03,Madera,039,155013,16667,16554,928,17482,240
2021-06-03,Marin,041,260295,5674,14095,256,14351,230
2021-06-03,Mariposa,043,17540,435,435,11,446,5
2021-06-03,Mendocino,045,87422,4056,3978,83,4061,47
2021-06-03,Merced,047,269075,31083,31199,1032,32231,459
2021-06-03,Modoc,049,8938,381,376,131,507,3
2021-06-03,Mono,051,14174,1264,1275,17,1292,3
2021-06-03,Monterey,053,433212,43200,43063,1832,44895,415
2021-06-03,Napa,055,140530,9909,9957,34,9991,81
2021-06-03,Nevada,057,99092,4866,4837,190,5027,72
2021-06-03,Orange,059,3164182,255831,254676,11282,265958,5056
2021-06-03,Placer,061,380077,23454,23100,1502,24602,293
2021-06-03,Plumas,063,18699,712,691,11,702,4
2021-06-03,Riverside,065,2383286,294492,289035,13901,302936,4447
2021-06-03,Sacramento,067,1510023,106806,106526,1763,108289,1654
2021-06-03,San Benito,069,59416,6058,6073,113,6186,63
2021-06-03,San Bernardino,071,2135413,293574,293021,8919,301940,4762
2021-06-03,San Diego,073,3302833,281519,280430,15053,295483,3761
2021-06-03,San Francisco,075,870044,36851,37072,1273,38345,551
2021-06-03,San Joaquin,077,732212,73431,72989,3513,76502,1388
2021-06-03,San Luis Obispo,079,281455,21457,21224,738,21962,255
2021-06-03,San Mateo,081,765935,42417,42396,471,42867,467
2021-06-03,Santa Barbara,083,443738,34493,34391,1115,35506,459
2021-06-03,Santa Clara,085,1922200,118866,119592,750,120342,2058
2021-06-03,Santa Cruz,087,273765,16263,16144,797,16941,207
2021-06-03,Shasta,089,179085,12406,12441,1589,14030,199
2021-06-03,Sierra,091,2930,57,55,12,67,0
2021-06-03,Siskiyou,093,43540,1950,1862,359,2221,21
2021-06-03,Solano,095,438530,33063,33019,553,33572,256
2021-06-03,Sonoma,097,501317,30314,30383,341,30724,322
2021-06-03,Stanislaus,099,539301,56591,56401,5895,62296,973
2021-06-03,Sutter,101,95872,9509,9539,85,9624,111
2021-06-03,Tehama,103,63373,5106,5087,571,5658,63
2021-06-03,Trinity,105,12862,486,328,92,420,3
2021-06-03,Tulare,107,460477,50320,49442,8929,58371,848
2021-06-03,Tuolumne,109,53932,4040,4095,43,4138,63
2021-06-03,Ventura,111,848112,81498,81078,2960,84038,1023
2021-06-03,Yolo,113,214977,14058,14078,241,14319,210
2021-06-03,Yuba,115,75493,6096,6077,126,6203,49
2021-06-02,Alameda,001,1643700,88377,88525,1926,90451,1254
2021-06-02,Alpine,002,1148,87,88,0,88,0
2021-06-02,Amador,005,37829,3691,3687,32,3719,46
2021-06-02,Butte,007,227075,12601,12432,1840,14272,193
2021-06-02,Calaveras,009,45235,2177,2174,13,2187,55
2021-06-02,Colusa,011,21464,1954,1957,314,2271,15
2021-06-02,Contra Costa,013,1133247,69938,69455,1268,70723,814
2021-06-02,Del Norte,015,27424,1425,1395,13,1408,8
2021-06-02,El Dorado,017,186661,10346,10275,746,11021,110
2021-06-02,Fresno,019,978130,102918,102547,8615,111162,1707
2021-06-02,Glenn,021,27897,2437,2421,558,2979,19
2021-06-02,Humboldt,023,135768,4328,4302,38,4340,42
2021-06-02,Imperial,025,180216,28671,28737,2689,31426,738
2021-06-02,Inyo,027,18085,1405,1403,12,1415,35
2021-06-02,Kern,029,883053,97485,96481,10885,107366,1326
2021-06-02,Kings,031,150075,23173,22981,1076,24057,244
2021-06-02,Lake,033,64148,3544,3522,9,3531,45
2021-06-02,Lassen,035,31185,5227,5177,114,5291,6
2021-06-02,Los Angeles,037,10098052,1208587,1202760,40420,1243180,24375
2021-06-02,Madera,039,155013,16659,16550,928,17478,240
2021-06-02,Marin,041,260295,5672,14091,255,14346,229
2021-06-02,Mariposa,043,17540,435,434,11,445,5
2021-06-02,Mendocino,045,87422,4050,3970,83,4053,47
2021-06-02,Merced,047,269075,31070,31195,1031,32226,458
2021-06-02,Modoc,049,8938,380,375,130,505,3
2021-06-02,Mono,051,14174,1264,1275,17,1292,3
2021-06-02,Monterey,053,433212,43198,43056,1832,44888,380
2021-06-02,Napa,055,140530,9908,9953,34,9987,82
2021-06-02,Nevada,057,99092,4863,4833,190,5023,72
2021-06-02,Orange,059,3164182,255782,254637,11275,265912,5055
2021-06-02,Placer,061,380077,23433,23058,1500,24558,293
2021-06-02,Plumas,063,18699,712,690,11,701,4
2021-06-02,Riverside,065,2383286,294434,289012,13891,302903,4445
2021-06-02,Sacramento,067,1510023,106741,106435,1757,108192,1649
2021-06-02,San Benito,069,59416,6057,6073,113,6186,63
2021-06-02,San Bernardino,071,2135413,293526,293004,8914,301918,4760
2021-06-02,San Diego,073,3302833,281439,280347,15032,295379,3760
2021-06-02,San Francisco,075,870044,36831,37050,1272,38322,550
2021-06-02,San Joaquin,077,732212,73400,72893,3510,76403,1387
2021-06-02,San Luis Obispo,079,281455,21450,21214,737,21951,255
2021-06-02,San Mateo,081,765935,42407,42383,470,42853,464
2021-06-02,Santa Barbara,083,443738,34486,34381,1115,35496,456
2021-06-02,Santa Clara,085,1922200,118838,119553,749,120302,2058
2021-06-02,Santa Cruz,087,273765,16260,16144,797,16941,207
2021-06-02,Shasta,089,179085,12388,12426,1584,14010,199
2021-06-02,Sierra,091,2930,57,55,12,67,0
2021-06-02,Siskiyou,093,43540,1950,1861,357,2218,21
2021-06-02,Solano,095,438530,33051,33007,552,33559,256
2021-06-02,Sonoma,097,501317,30295,30359,336,30695,322
2021-06-02,Stanislaus,099,539301,56572,56377,5890,62267,973
2021-06-02,Sutter,101,95872,9506,9533,85,9618,111
2021-06-02,Tehama,103,63373,5103,5081,571,5652,63
2021-06-02,Trinity,105,12862,484,328,92,420,3
2021-06-02,Tulare,107,460477,50312,49434,8925,58359,846
2021-06-02,Tuolumne,109,53932,4039,4095,43,4138,63
2021-06-02,Ventura,111,848112,81473,81033,2960,83993,1020
2021-06-02,Yolo,113,214977,14055,14074,240,14314,210
2021-06-02,Yuba,115,75493,6090,6072,126,6198,48
2021-06-01,Alameda,001,1643700,88342,88472,1924,90396,1253
2021-06-01,Alpine,002,1148,87,88,0,88,0
2021-06-01,Amador,005,37829,3689,3687,32,3719,46
2021-06-01,Butte,007,227075,12587,12427,1839,14266,193
2021-06-01,Calaveras,009,45235,2175,2173,13,2186,55
2021-06-01,Colusa,011,21464,1953,1955,313,2268,15
2021-06-01,Contra Costa,013,1133247,69880,69404,1268,70672,813
2021-06-01,Del Norte,015,27424,1424,1394,13,1407,8
2021-06-01,El Dorado,017,186661,10340,10271,746,11017,110
2021-06-01,Fresno,019,978130,102894,102534,8612,111146,1706
2021-06-01,Glenn,021,27897,2437,2422,558,2980,18
2021-06-01,Humboldt,023,135768,4318,4299,38,4337,42
2021-06-01,Imperial,025,180216,28667,28722,2687,31409,736
2021-06-01,Inyo,027,18085,1405,1403,12,1415,35
2021-06-01,Kern,029,883053,97458,96477,10877,107354,1319
2021-06-01,Kings,031,150075,23169,22977,1076,24053,244
2021-06-01,Lake,033,64148,3543,3523,9,3532,45
2021-06-01,Lassen,035,31185,5220,5172,114,5286,6
2021-06-01,Los Angeles,037,10098052,1208351,1202673,40406,1243079,24367
2021-06-01,Madera,039,155013,16650,16549,927,17476,240
2021-06-01,Marin,041,260295,5670,14081,255,14336,229
2021-06-01,Mariposa,043,17540,435,431,11,442,5
2021-06-01,Mendocino,045,87422,4043,3966,83,4049,47
2021-06-01,Merced,047,269075,31060,31195,1031,32226,456
2021-06-01,Modoc,049,8938,378,375,130,505,3
2021-06-01,Mono,051,14174,1264,1275,17,1292,3
2021-06-01,Monterey,053,433212,43192,43051,1832,44883,379
2021-06-01,Napa,055,140530,9906,9949,34,9983,82
2021-06-01,Nevada,057,99092,4858,4825,190,5015,72
2021-06-01,Orange,059,3164182,255746,254603,11266,265869,5051
2021-06-01,Placer,061,380077,23403,23021,1498,24519,293
2021-06-01,Plumas,063,18699,711,690,11,701,4
2021-06-01,Riverside,065,2383286,294381,288996,13885,302881,4442
2021-06-01,Sacramento,067,1510023,106669,106330,1755,108085,1644
2021-06-01,San Benito,069,59416,6056,6073,112,6185,63
2021-06-01,San Bernardino,071,2135413,293501,292990,8913,301903,4758
2021-06-01,San Diego,073,3302833,281335,280305,15015,295320,3756
2021-06-01,San Francisco,075,870044,36815,37031,1272,38303,550
2021-06-01,San Joaquin,077,732212,73368,72858,3509,76367,1383
2021-06-01,San Luis Obispo,079,281455,21445,21217,737,21954,256
2021-06-01,San Mateo,081,765935,42391,42383,469,42852,462
2021-06-01,Santa Barbara,083,443738,34482,34374,1115,35489,456
2021-06-01,Santa Clara,085,1922200,118810,119528,749,120277,2057
2021-06-01,Santa Cruz,087,273765,16256,16143,796,16939,207
2021-06-01,Shasta,089,179085,12379,12409,1579,13988,199
2021-06-01,Sierra,091,2930,57,55,12,67,0
2021-06-01,Siskiyou,093,43540,1943,1860,356,2216,21
2021-06-01,Solano,095,438530,33026,32974,551,33525,256
2021-06-01,Sonoma,097,501317,30256,30324,335,30659,322
2021-06-01,Stanislaus,099,539301,56555,56348,5888,62236,973
2021-06-01,Sutter,101,95872,9499,9528,85,9613,111
2021-06-01,Tehama,103,63373,5101,5079,571,5650,63
2021-06-01,Trinity,105,12862,483,328,91,419,3
2021-06-01,Tulare,107,460477,50304,49419,8921,58340,845
2021-06-01,Tuolumne,109,53932,4039,4094,43,4137,63
2021-06-01,Ventura,111,848112,81457,81018,2959,83977,1021
2021-06-01,Yolo,113,214977,14049,14067,240,14307,210
2021-06-01,Yuba,115,75493,6086,6067,126,6193,48
2021-05-31,Alameda,001,1643700,88306,88458,1920,90378,1253
2021-05-31,Alpine,002,1148,87,88,0,88,0
2021-05-31,Amador,005,37829,3683,3687,32,3719,46
2021-05-31,Butte,007,227075,12574,12429,1839,14268,193
2021-05-31,Calaveras,009,45235,2174,2171,13,2184,55
2021-05-31,Colusa,011,21464,1953,1956,312,2268,15
2021-05-31,Contra Costa,013,1133247,69843,69390,1267,70657,813
2021-05-31,Del Norte,015,27424,1421,1394,13,1407,8
2021-05-31,El Dorado,017,186661,10334,10271,744,11015,110
2021-05-31,Fresno,019,978130,102857,102507,8612,111119,1706
2021-05-31,Glenn,021,27897,2436,2422,557,2979,18
2021-05-31,Humboldt,023,135768,4306,4295,38,4333,42
2021-05-31,Imperial,025,180216,28661,28732,2684,31416,736
2021-05-31,Inyo,027,18085,1404,1403,12,1415,35
2021-05-31,Kern,029,883053,97422,96457,10868,107325,1319
2021-05-31,Kings,031,150075,23165,22977,1076,24053,244
2021-05-31,Lake,033,64148,3538,3523,9,3532,45
2021-05-31,Lassen,035,31185,5218,5172,113,5285,6
2021-05-31,Los Angeles,037,10098052,1208108,1202567,40397,1242964,24364
2021-05-31,Madera,039,155013,16649,16543,926,17469,240
2021-05-31,Marin,041,260295,5668,14080,255,14335,229
2021-05-31,Mariposa,043,17540,435,430,11,441,5
2021-05-31,Mendocino,045,87422,4033,3961,83,4044,47
2021-05-31,Merced,047,269075,31055,31194,1031,32225,456
2021-05-31,Modoc,049,8938,377,374,130,504,3
2021-05-31,Mono,051,14174,1264,1275,17,1292,3
2021-05-31,Monterey,053,433212,43188,43051,1832,44883,379
2021-05-31,Napa,055,140530,9899,9948,34,9982,82
2021-05-31,Nevada,057,99092,4848,4823,189,5012,72
2021-05-31,Orange,059,3164182,255718,254572,11258,265830,5051
2021-05-31,Placer,061,380077,23376,23019,1494,24513,293
2021-05-31,Plumas,063,18699,710,690,11,701,4
2021-05-31,Riverside,065,2383286,294324,288970,13873,302843,4442
2021-05-31,Sacramento,067,1510023,106572,106278,1750,108028,1644
2021-05-31,San Benito,069,59416,6056,6072,112,6184,63
2021-05-31,San Bernardino,071,2135413,293453,292973,8912,301885,4758
2021-05-31,San Diego,073,3302833,281231,280254,15003,295257,3756
2021-05-31,San Francisco,075,870044,36800,37022,1271,38293,550
2021-05-31,San Joaquin,077,732212,73319,72856,3503,76359,1383
2021-05-31,San Luis Obispo,079,281455,21437,21215,737,21952,256
2021-05-31,San Mateo,081,765935,42375,42389,469,42858,442
2021-05-31,Santa Barbara,083,443738,34469,34369,1113,35482,456
2021-05-31,Santa Clara,085,1922200,118766,119515,749,120264,2057
2021-05-31,Santa Cruz,087,273765,16253,16139,796,16935,207
2021-05-31,Shasta,089,179085,12363,12408,1576,13984,199
2021-05-31,Sierra,091,2930,57,55,12,67,0
2021-05-31,Siskiyou,093,43540,1942,1856,355,2211,21
2021-05-31,Solano,095,438530,32977,32973,551,33524,256
2021-05-31,Sonoma,097,501317,30213,30314,335,30649,322
2021-05-31,Stanislaus,099,539301,56514,56335,5885,62220,973
2021-05-31,Sutter,101,95872,9480,9523,85,9608,111
2021-05-31,Tehama,103,63373,5098,5076,570,5646,63
2021-05-31,Trinity,105,12862,483,328,91,419,3
2021-05-31,Tulare,107,460477,50293,49404,8916,58320,845
2021-05-31,Tuolumne,109,53932,4037,4095,43,4138,63
2021-05-31,Ventura,111,848112,81442,81017,2956,83973,1021
2021-05-31,Yolo,113,214977,14045,14064,240,14304,210
2021-05-31,Yuba,115,75493,6080,6063,123,6186,48
2021-05-30,Alameda,001,1643700,88283,88429,1920,90349,1253
2021-05-30,Alpine,002,1148,87,88,0,88,0
2021-05-30,Amador,005,37829,3679,3685,32,3717,46
2021-05-30,Butte,007,227075,12566,12427,1837,14264,190
2021-05-30,Calaveras,009,45235,2170,2166,13,2179,55
2021-05-30,Colusa,011,21464,1953,1954,312,2266,15
2021-05-30,Contra Costa,013,1133247,69809,69381,1265,70646,813
2021-05-30,Del Norte,015,27424,1420,1393,13,1406,8
2021-05-30,El Dorado,017,186661,10331,10271,744,11015,110
2021-05-30,Fresno,019,978130,102840,102499,8608,111107,1706
2021-05-30,Glenn,021,27897,2436,2422,556,2978,18
2021-05-30,Humboldt,023,135768,4298,4291,38,4329,42
2021-05-30,Imperial,025,180216,28657,28732,2683,31415,736
2021-05-30,Inyo,027,18085,1404,1403,12,1415,35
2021-05-30,Kern,029,883053,97406,96443,10865,107308,1319
2021-05-30,Kings,031,150075,23164,22974,1076,24050,244
2021-05-30,Lake,033,64148,3538,3517,9,3526,45
2021-05-30,Lassen,035,31185,5216,5171,113,5284,6
2021-05-30,Los Angeles,037,10098052,1207993,1202425,40390,1242815,24360
2021-05-30,Madera,039,155013,16645,16538,926,17464,240
2021-05-30,Marin,041,260295,5664,14083,254,14337,229
2021-05-30,Mariposa,043,17540,435,430,11,441,5
2021-05-30,Mendocino,045,87422,4026,3955,83,4038,47
2021-05-30,Merced,047,269075,31051,31189,1030,32219,456
2021-05-30,Modoc,049,8938,377,374,130,504,3
2021-05-30,Mono,051,14174,1264,1275,17,1292,3
2021-05-30,Monterey,053,433212,43185,43049,1832,44881,379
2021-05-30,Napa,055,140530,9898,9948,34,9982,82
2021-05-30,Nevada,057,99092,4842,4818,189,5007,72
2021-05-30,Orange,059,3164182,255695,254559,11257,265816,5051
2021-05-30,Placer,061,380077,23370,23016,1494,24510,293
2021-05-30,Plumas,063,18699,708,690,11,701,4
2021-05-30,Riverside,065,2383286,294303,288961,13871,302832,4442
2021-05-30,Sacramento,067,1510023,106527,106252,1748,108000,1644
2021-05-30,San Benito,069,59416,6056,6072,112,6184,63
2021-05-30,San Bernardino,071,2135413,293427,292981,8911,301892,4758
2021-05-30,San Diego,073,3302833,281175,280209,14998,295207,3756
2021-05-30,San Francisco,075,870044,36781,37016,1271,38287,550
2021-05-30,San Joaquin,077,732212,73302,72853,3502,76355,1383
2021-05-30,San Luis Obispo,079,281455,21428,21211,736,21947,256
2021-05-30,San Mateo,081,765935,42367,42386,469,42855,439
2021-05-30,Santa Barbara,083,443738,34465,34369,1113,35482,456
2021-05-30,Santa Clara,085,1922200,118744,119510,745,120255,2057
2021-05-30,Santa Cruz,087,273765,16251,16140,796,16936,207
2021-05-30,Shasta,089,179085,12361,12408,1573,13981,199
2021-05-30,Sierra,091,2930,57,55,12,67,0
2021-05-30,Siskiyou,093,43540,1942,1856,355,2211,21
2021-05-30,Solano,095,438530,32966,32952,550,33502,256
2021-05-30,Sonoma,097,501317,30196,30310,334,30644,322
2021-05-30,Stanislaus,099,539301,56503,56323,5884,62207,973
2021-05-30,Sutter,101,95872,9479,9519,84,9603,111
2021-05-30,Tehama,103,63373,5098,5073,570,5643,63
2021-05-30,Trinity,105,12862,483,328,91,419,3
2021-05-30,Tulare,107,460477,50286,49397,8908,58305,845
2021-05-30,Tuolumne,109,53932,4037,4094,43,4137,63
2021-05-30,Ventura,111,848112,81438,81012,2955,83967,1021
2021-05-30,Yolo,113,214977,14040,14059,239,14298,210
2021-05-30,Yuba,115,75493,6073,6063,122,6185,48
2021-05-29,Alameda,001,1643700,88260,88433,1918,90351,1253
2021-05-29,Alpine,002,1148,87,88,0,88,0
2021-05-29,Amador,005,37829,3678,3683,32,3715,46
2021-05-29,Butte,007,227075,12560,12425,1837,14262,190
2021-05-29,Calaveras,009,45235,2169,2166,13,2179,55
2021-05-29,Colusa,011,21464,1950,1954,312,2266,15
2021-05-29,Contra Costa,013,1133247,69776,69351,1265,70616,813
2021-05-29,Del Norte,015,27424,1420,1391,13,1404,8
2021-05-29,El Dorado,017,186661,10330,10269,742,11011,110
2021-05-29,Fresno,019,978130,102828,102470,8605,111075,1706
2021-05-29,Glenn,021,27897,2436,2422,555,2977,18
2021-05-29,Humboldt,023,135768,4292,4283,38,4321,42
2021-05-29,Imperial,025,180216,28654,28729,2682,31411,736
2021-05-29,Inyo,027,18085,1404,1404,12,1416,35
2021-05-29,Kern,029,883053,97395,96424,10852,107276,1319
2021-05-29,Kings,031,150075,23163,22970,1075,24045,244
2021-05-29,Lake,033,64148,3538,3515,9,3524,45
2021-05-29,Lassen,035,31185,5216,5171,113,5284,6
2021-05-29,Los Angeles,037,10098052,1207871,1202264,40387,1242651,24359
2021-05-29,Madera,039,155013,16643,16535,926,17461,240
2021-05-29,Marin,041,260295,5660,14071,253,14324,229
2021-05-29,Mariposa,043,17540,434,428,11,439,5
2021-05-29,Mendocino,045,87422,4020,3952,83,4035,47
2021-05-29,Merced,047,269075,31039,31187,1030,32217,456
2021-05-29,Modoc,049,8938,377,374,130,504,3
2021-05-29,Mono,051,14174,1264,1275,17,1292,3
2021-05-29,Monterey,053,433212,43183,43042,1832,44874,379
2021-05-29,Napa,055,140530,9895,9948,34,9982,82
2021-05-29,Nevada,057,99092,4841,4816,189,5005,72
2021-05-29,Orange,059,3164182,255673,254537,11247,265784,5049
2021-05-29,Placer,061,380077,23355,23009,1493,24502,293
2021-05-29,Plumas,063,18699,708,689,11,700,4
2021-05-29,Riverside,065,2383286,294283,288908,13870,302778,4442
2021-05-29,Sacramento,067,1510023,106497,106218,1747,107965,1643
2021-05-29,San Benito,069,59416,6055,6072,112,6184,63
2021-05-29,San Bernardino,071,2135413,293394,292961,8910,301871,4757
2021-05-29,San Diego,073,3302833,281116,280151,14993,295144,3756
2021-05-29,San Francisco,075,870044,36772,37008,1271,38279,550
2021-05-29,San Joaquin,077,732212,73286,72827,3500,76327,1383
2021-05-29,San Luis Obispo,079,281455,21426,21201,736,21937,256
2021-05-29,San Mateo,081,765935,42359,42375,468,42843,439
2021-05-29,Santa Barbara,083,443738,34461,34367,1113,35480,456
2021-05-29,Santa Clara,085,1922200,118720,119498,744,120242,2056
2021-05-29,Santa Cruz,087,273765,16250,16137,796,16933,207
2021-05-29,Shasta,089,179085,12353,12401,1572,13973,199
2021-05-29,Sierra,091,2930,57,55,12,67,0
2021-05-29,Siskiyou,093,43540,1937,1856,355,2211,21
2021-05-29,Solano,095,438530,32957,32917,550,33467,256
2021-05-29,Sonoma,097,501317,30173,30298,333,30631,322
2021-05-29,Stanislaus,099,539301,56485,56305,5882,62187,974
2021-05-29,Sutter,101,95872,9475,9516,84,9600,111
2021-05-29,Tehama,103,63373,5097,5070,570,5640,63
2021-05-29,Trinity,105,12862,483,328,91,419,3
2021-05-29,Tulare,107,460477,50276,49392,8904,58296,845
2021-05-29,Tuolumne,109,53932,4037,4093,43,4136,63
2021-05-29,Ventura,111,848112,81430,81008,2955,83963,1021
2021-05-29,Yolo,113,214977,14039,14055,239,14294,210
2021-05-29,Yuba,115,75493,6073,6059,122,6181,48
2021-05-28,Alameda,001,1643700,88236,88391,1914,90305,1261
2021-05-28,Alpine,002,1148,87,88,0,88,0
2021-05-28,Amador,005,37829,3678,3680,32,3712,46
2021-05-28,Butte,007,227075,12557,12407,1836,14243,190
2021-05-28,Calaveras,009,45235,2168,2165,13,2178,55
2021-05-28,Colusa,011,21464,1950,1954,310,2264,15
2021-05-28,Contra Costa,013,1133247,69740,69290,1264,70554,813
2021-05-28,Del Norte,015,27424,1419,1390,13,1403,8
2021-05-28,El Dorado,017,186661,10327,10265,742,11007,110
2021-05-28,Fresno,019,978130,102813,102437,8605,111042,1705
2021-05-28,Glenn,021,27897,2436,2419,555,2974,18
2021-05-28,Humboldt,023,135768,4285,4265,38,4303,42
2021-05-28,Imperial,025,180216,28651,28722,2682,31404,736
2021-05-28,Inyo,027,18085,1404,1404,12,1416,35
2021-05-28,Kern,029,883053,97378,96396,10844,107240,1320
2021-05-28,Kings,031,150075,23161,22962,1075,24037,244
2021-05-28,Lake,033,64148,3536,3515,9,3524,45
2021-05-28,Lassen,035,31185,5216,5169,113,5282,6
2021-05-28,Los Angeles,037,10098052,1207760,1202103,40377,1242480,24357
2021-05-28,Madera,039,155013,16641,16530,926,17456,240
2021-05-28,Marin,041,260295,5659,14063,252,14315,229
2021-05-28,Mariposa,043,17540,434,428,11,439,5
2021-05-28,Mendocino,045,87422,4015,3947,83,4030,47
2021-05-28,Merced,047,269075,31036,31176,1030,32206,455
2021-05-28,Modoc,049,8938,377,374,130,504,3
2021-05-28,Mono,051,14174,1264,1274,17,1291,3
2021-05-28,Monterey,053,433212,43182,43036,1832,44868,379
2021-05-28,Napa,055,140530,9895,9941,34,9975,82
2021-05-28,Nevada,057,99092,4839,4813,189,5002,71
2021-05-28,Orange,059,3164182,255653,254494,11245,265739,5047
2021-05-28,Placer,061,380077,23345,22987,1491,24478,293
2021-05-28,Plumas,063,18699,706,688,11,699,4
2021-05-28,Riverside,065,2383286,294261,288872,13868,302740,4442
2021-05-28,Sacramento,067,1510023,106441,106131,1745,107876,1642
2021-05-28,San Benito,069,59416,6055,6074,112,6186,63
2021-05-28,San Bernardino,071,2135413,293371,292905,8910,301815,4757
2021-05-28,San Diego,073,3302833,281053,280043,14982,295025,3756
2021-05-28,San Francisco,075,870044,36766,36987,1271,38258,546
2021-05-28,San Joaquin,077,732212,73256,72793,3498,76291,1383
2021-05-28,San Luis Obispo,079,281455,21421,21190,734,21924,256
2021-05-28,San Mateo,081,765935,42353,42364,468,42832,439
2021-05-28,Santa Barbara,083,443738,34460,34371,1113,35484,455
2021-05-28,Santa Clara,085,1922200,118696,119462,744,120206,2056
2021-05-28,Santa Cruz,087,273765,16249,16129,796,16925,207
2021-05-28,Shasta,089,179085,12344,12383,1570,13953,198
2021-05-28,Sierra,091,2930,57,54,12,66,0
2021-05-28,Siskiyou,093,43540,1935,1850,355,2205,19
2021-05-28,Solano,095,438530,32942,32892,550,33442,256
2021-05-28,Sonoma,097,501317,30154,30270,333,30603,321
2021-05-28,Stanislaus,099,539301,56466,56278,5879,62157,974
2021-05-28,Sutter,101,95872,9471,9511,84,9595,111
2021-05-28,Tehama,103,63373,5091,5064,570,5634,63
2021-05-28,Trinity,105,12862,483,328,91,419,3
2021-05-28,Tulare,107,460477,50271,49375,8895,58270,846
2021-05-28,Tuolumne,109,53932,4037,4090,43,4133,63
2021-05-28,Ventura,111,848112,81419,80985,2954,83939,1021
2021-05-28,Yolo,113,214977,14036,14050,238,14288,210
2021-05-28,Yuba,115,75493,6071,6050,121,6171,48
2021-05-27,Alameda,001,1643700,88201,88342,1914,90256,1274
2021-05-27,Alpine,002,1148,87,88,0,88,0
2021-05-27,Amador,005,37829,3675,3680,32,3712,46
2021-05-27,Butte,007,227075,12552,12401,1835,14236,190
2021-05-27,Calaveras,009,45235,2167,2163,13,2176,55
2021-05-27,Colusa,011,21464,1947,1952,310,2262,15
2021-05-27,Contra Costa,013,1133247,69698,69245,1262,70507,813
2021-05-27,Del Norte,015,27424,1419,1388,13,1401,8
2021-05-27,El Dorado,017,186661,10326,10248,742,10990,112
2021-05-27,Fresno,019,978130,102797,102413,8602,111015,1704
2021-05-27,Glenn,021,27897,2436,2415,555,2970,18
2021-05-27,Humboldt,023,135768,4277,4260,38,4298,42
2021-05-27,Imperial,025,180216,28640,28728,2682,31410,736
2021-05-27,Inyo,027,18085,1404,1404,12,1416,35
2021-05-27,Kern,029,883053,97362,96364,10836,107200,1322
2021-05-27,Kings,031,150075,23158,22953,1075,24028,245
2021-05-27,Lake,033,64148,3531,3509,9,3518,45
2021-05-27,Lassen,035,31185,5215,5170,112,5282,6
2021-05-27,Los Angeles,037,10098052,1207590,1201927,40364,1242291,24348
2021-05-27,Madera,039,155013,16632,16527,926,17453,240
2021-05-27,Marin,041,260295,5655,14061,252,14313,229
2021-05-27,Mariposa,043,17540,432,427,11,438,5
2021-05-27,Mendocino,045,87422,4009,3945,83,4028,47
2021-05-27,Merced,047,269075,31024,31161,1030,32191,455
2021-05-27,Modoc,049,8938,376,374,130,504,3
2021-05-27,Mono,051,14174,1264,1276,17,1293,3
2021-05-27,Monterey,053,433212,43176,43032,1832,44864,379
2021-05-27,Napa,055,140530,9894,9934,34,9968,82
2021-05-27,Nevada,057,99092,4835,4807,187,4994,71
2021-05-27,Orange,059,3164182,255616,254438,11241,265679,5059
2021-05-27,Placer,061,380077,23336,22966,1491,24457,293
2021-05-27,Plumas,063,18699,706,687,11,698,4
2021-05-27,Riverside,065,2383286,294225,288835,13863,302698,4443
2021-05-27,Sacramento,067,1510023,106366,106015,1743,107758,1642
2021-05-27,San Benito,069,59416,6054,6074,112,6186,63
2021-05-27,San Bernardino,071,2135413,293335,292755,8908,301663,4756
2021-05-27,San Diego,073,3302833,280979,279960,14968,294928,3756
2021-05-27,San Francisco,075,870044,36760,36980,1268,38248,546
2021-05-27,San Joaquin,077,732212,73224,72714,3495,76209,1388
2021-05-27,San Luis Obispo,079,281455,21416,21171,734,21905,256
2021-05-27,San Mateo,081,765935,42344,42345,468,42813,436
2021-05-27,Santa Barbara,083,443738,34455,34355,1113,35468,456
2021-05-27,Santa Clara,085,1922200,118675,119452,744,120196,2053
2021-05-27,Santa Cruz,087,273765,16247,16134,796,16930,207
2021-05-27,Shasta,089,179085,12334,12380,1570,13950,202
2021-05-27,Sierra,091,2930,57,54,12,66,0
2021-05-27,Siskiyou,093,43540,1932,1846,355,2201,18
2021-05-27,Solano,095,438530,32901,32855,549,33404,257
2021-05-27,Sonoma,097,501317,30127,30253,329,30582,321
2021-05-27,Stanislaus,099,539301,56441,56207,5878,62085,974
2021-05-27,Sutter,101,95872,9467,9501,84,9585,111
2021-05-27,Tehama,103,63373,5088,5064,569,5633,63
2021-05-27,Trinity,105,12862,483,328,91,419,3
2021-05-27,Tulare,107,460477,50257,49366,8886,58252,840
2021-05-27,Tuolumne,109,53932,4036,4090,43,4133,66
2021-05-27,Ventura,111,848112,81406,80965,2951,83916,1023
2021-05-27,Yolo,113,214977,14033,14036,238,14274,213
2021-05-27,Yuba,115,75493,6066,6040,120,6160,48
2021-05-26,Alameda,001,1643700,88172,88297,1914,90211,1266
2021-05-26,Alpine,002,1148,87,88,0,88,0
2021-05-26,Amador,005,37829,3675,3679,32,3711,46
2021-05-26,Butte,007,227075,12543,12332,1834,14166,190
2021-05-26,Calaveras,009,45235,2166,2154,13,2167,55
2021-05-26,Colusa,011,21464,1946,1952,310,2262,15
2021-05-26,Contra Costa,013,1133247,69661,69210,1262,70472,812
2021-05-26,Del Norte,015,27424,1419,1386,12,1398,8
2021-05-26,El Dorado,017,186661,10322,10242,741,10983,112
2021-05-26,Fresno,019,978130,102764,102374,8597,110971,1702
2021-05-26,Glenn,021,27897,2435,2415,555,2970,18
2021-05-26,Humboldt,023,135768,4272,4246,38,4284,42
2021-05-26,Imperial,025,180216,28635,28712,2680,31392,734
2021-05-26,Inyo,027,18085,1404,1403,12,1415,36
2021-05-26,Kern,029,883053,97337,96343,10829,107172,1320
2021-05-26,Kings,031,150075,23154,22950,1074,24024,245
2021-05-26,Lake,033,64148,3530,3508,9,3517,45
2021-05-26,Lassen,035,31185,5214,5164,112,5276,6
2021-05-26,Los Angeles,037,10098052,1207424,1198100,40348,1238448,24221
2021-05-26,Madera,039,155013,16629,16520,926,17446,240
2021-05-26,Marin,041,260295,5652,14061,251,14312,227
2021-05-26,Mariposa,043,17540,432,427,11,438,5
2021-05-26,Mendocino,045,87422,4003,3938,83,4021,47
2021-05-26,Merced,047,269075,31015,31139,1030,32169,455
2021-05-26,Modoc,049,8938,376,371,129,500,3
2021-05-26,Mono,051,14174,1264,1274,17,1291,3
2021-05-26,Monterey,053,433212,43170,43018,1831,44849,379
2021-05-26,Napa,055,140530,9887,9932,32,9964,82
2021-05-26,Nevada,057,99092,4830,4803,187,4990,70
2021-05-26,Orange,059,3164182,255580,254368,11238,265606,5058
2021-05-26,Placer,061,380077,23312,22940,1491,24431,293
2021-05-26,Plumas,063,18699,705,685,11,696,4
2021-05-26,Riverside,065,2383286,294179,288782,13856,302638,4443
2021-05-26,Sacramento,067,1510023,106280,105919,1739,107658,1637
2021-05-26,San Benito,069,59416,6054,6074,112,6186,63
2021-05-26,San Bernardino,071,2135413,293300,292662,8907,301569,4755
2021-05-26,San Diego,073,3302833,280904,279859,14958,294817,3755
2021-05-26,San Francisco,075,870044,36748,36954,1268,38222,546
2021-05-26,San Joaquin,077,732212,73182,72681,3492,76173,1388
2021-05-26,San Luis Obispo,079,281455,21410,21163,734,21897,256
2021-05-26,San Mateo,081,765935,42335,42331,468,42799,436
2021-05-26,Santa Barbara,083,443738,34446,34348,1113,35461,459
2021-05-26,Santa Clara,085,1922200,118648,119421,743,120164,2031
2021-05-26,Santa Cruz,087,273765,16246,16139,796,16935,207
2021-05-26,Shasta,089,179085,12319,12357,1567,13924,202
2021-05-26,Sierra,091,2930,57,54,12,66,0
2021-05-26,Siskiyou,093,43540,1930,1847,353,2200,18
2021-05-26,Solano,095,438530,32865,32831,549,33380,257
2021-05-26,Sonoma,097,501317,30100,30230,329,30559,321
2021-05-26,Stanislaus,099,539301,56419,56193,5876,62069,974
2021-05-26,Sutter,101,95872,9462,9495,84,9579,112
2021-05-26,Tehama,103,63373,5087,5054,566,5620,63
2021-05-26,Trinity,105,12862,483,328,91,419,3
2021-05-26,Tulare,107,460477,50250,49352,8882,58234,839
2021-05-26,Tuolumne,109,53932,4032,4088,42,4130,66
2021-05-26,Ventura,111,848112,81383,80944,2949,83893,1023
2021-05-26,Yolo,113,214977,14030,14025,238,14263,213
2021-05-26,Yuba,115,75493,6061,6036,120,6156,49
2021-05-25,Alameda,001,1643700,88141,88237,1914,90151,1263
2021-05-25,Alpine,002,1148,87,88,0,88,0
2021-05-25,Amador,005,37829,3670,3676,32,3708,46
2021-05-25,Butte,007,227075,12532,12295,1833,14128,189
2021-05-25,Calaveras,009,45235,2164,2148,13,2161,55
2021-05-25,Colusa,011,21464,1945,1949,310,2259,15
2021-05-25,Contra Costa,013,1133247,69609,69167,1257,70424,809
2021-05-25,Del Norte,015,27424,1419,1385,12,1397,8
2021-05-25,El Dorado,017,186661,10315,10240,740,10980,112
2021-05-25,Fresno,019,978130,102743,102329,8596,110925,1701
2021-05-25,Glenn,021,27897,2434,2414,554,2968,17
2021-05-25,Humboldt,023,135768,4265,4231,36,4267,42
2021-05-25,Imperial,025,180216,28628,28586,2680,31266,735
2021-05-25,Inyo,027,18085,1404,1402,12,1414,36
2021-05-25,Kern,029,883053,97306,96319,10815,107134,1319
2021-05-25,Kings,031,150075,23147,22944,1074,24018,245
2021-05-25,Lake,033,64148,3529,3508,9,3517,44
2021-05-25,Lassen,035,31185,5210,5164,112,5276,6
2021-05-25,Los Angeles,037,10098052,1207237,1197940,40330,1238270,24212
2021-05-25,Madera,039,155013,16624,16519,925,17444,240
2021-05-25,Marin,041,260295,5646,14053,251,14304,227
2021-05-25,Mariposa,043,17540,431,427,11,438,5
2021-05-25,Mendocino,045,87422,3998,3928,83,4011,47
2021-05-25,Merced,047,269075,30994,31132,1030,32162,455
2021-05-25,Modoc,049,8938,375,367,129,496,3
2021-05-25,Mono,051,14174,1264,1274,17,1291,3
2021-05-25,Monterey,053,433212,43166,43012,1830,44842,379
2021-05-25,Napa,055,140530,9885,9926,32,9958,82
2021-05-25,Nevada,057,99092,4824,4795,187,4982,70
2021-05-25,Orange,059,3164182,255551,254321,11237,265558,5057
2021-05-25,Placer,061,380077,23301,22920,1489,24409,292
2021-05-25,Plumas,063,18699,705,684,11,695,4
2021-05-25,Riverside,065,2383286,294140,288725,13853,302578,4443
2021-05-25,Sacramento,067,1510023,106199,105828,1736,107564,1633
2021-05-25,San Benito,069,59416,6054,6073,112,6185,63
2021-05-25,San Bernardino,071,2135413,293240,292485,8905,301390,4755
2021-05-25,San Diego,073,3302833,280822,279786,14953,294739,3753
2021-05-25,San Francisco,075,870044,36725,36939,1268,38207,546
2021-05-25,San Joaquin,077,732212,73140,72628,3489,76117,1387
2021-05-25,San Luis Obispo,079,281455,21407,21153,734,21887,256
2021-05-25,San Mateo,081,765935,42325,42268,468,42736,435
2021-05-25,Santa Barbara,083,443738,34443,34337,1113,35450,459
2021-05-25,Santa Clara,085,1922200,118624,119393,742,120135,2032
2021-05-25,Santa Cruz,087,273765,16241,16141,796,16937,207
2021-05-25,Shasta,089,179085,12310,12328,1565,13893,202
2021-05-25,Sierra,091,2930,56,54,12,66,0
2021-05-25,Siskiyou,093,43540,1929,1845,352,2197,18
2021-05-25,Solano,095,438530,32845,32817,548,33365,256
2021-05-25,Sonoma,097,501317,30071,30207,328,30535,321
2021-05-25,Stanislaus,099,539301,56383,56168,5873,62041,974
2021-05-25,Sutter,101,95872,9458,9495,84,9579,112
2021-05-25,Tehama,103,63373,5085,5048,565,5613,63
2021-05-25,Trinity,105,12862,483,328,90,418,3
2021-05-25,Tulare,107,460477,50240,49326,8874,58200,838
2021-05-25,Tuolumne,109,53932,4032,4084,42,4126,66
2021-05-25,Ventura,111,848112,81365,80905,2949,83854,1022
2021-05-25,Yolo,113,214977,14022,14018,236,14254,213
2021-05-25,Yuba,115,75493,6054,6028,120,6148,49
2021-05-24,Alameda,001,1643700,88101,88182,1912,90094,1263
2021-05-24,Alpine,002,1148,87,88,0,88,0
2021-05-24,Amador,005,37829,3668,3675,32,3707,46
2021-05-24,Butte,007,227075,12519,12279,1830,14109,189
2021-05-24,Calaveras,009,45235,2162,2146,13,2159,54
2021-05-24,Colusa,011,21464,1945,1949,310,2259,15
2021-05-24,Contra Costa,013,1133247,69568,69107,1253,70360,809
2021-05-24,Del Norte,015,27424,1418,1384,12,1396,8
2021-05-24,El Dorado,017,186661,10305,10227,739,10966,112
2021-05-24,Fresno,019,978130,102701,102289,8595,110884,1698
2021-05-24,Glenn,021,27897,2434,2413,554,2967,17
2021-05-24,Humboldt,023,135768,4258,4225,36,4261,42
2021-05-24,Imperial,025,180216,28626,28575,2680,31255,735
2021-05-24,Inyo,027,18085,1404,1402,12,1414,36
2021-05-24,Kern,029,883053,97279,96296,10810,107106,1319
2021-05-24,Kings,031,150075,23143,22940,1074,24014,246
2021-05-24,Lake,033,64148,3527,3506,9,3515,43
2021-05-24,Lassen,035,31185,5206,5163,112,5275,6
2021-05-24,Los Angeles,037,10098052,1207065,1197782,40316,1238098,24201
2021-05-24,Madera,039,155013,16620,16513,924,17437,239
2021-05-24,Marin,041,260295,5644,14051,251,14302,227
2021-05-24,Mariposa,043,17540,430,427,11,438,5
2021-05-24,Mendocino,045,87422,3996,3919,83,4002,47
2021-05-24,Merced,047,269075,30984,31128,1029,32157,455
2021-05-24,Modoc,049,8938,375,366,128,494,3
2021-05-24,Mono,051,14174,1264,1270,17,1287,3
2021-05-24,Monterey,053,433212,43161,43005,1829,44834,379
2021-05-24,Napa,055,140530,9885,9924,32,9956,82
2021-05-24,Nevada,057,99092,4821,4790,187,4977,70
2021-05-24,Orange,059,3164182,255517,254287,11227,265514,5056
2021-05-24,Placer,061,380077,23282,22895,1488,24383,292
2021-05-24,Plumas,063,18699,704,683,11,694,4
2021-05-24,Riverside,065,2383286,294083,288669,13843,302512,4442
2021-05-24,Sacramento,067,1510023,106084,105716,1735,107451,1632
2021-05-24,San Benito,069,59416,6054,6072,112,6184,63
2021-05-24,San Bernardino,071,2135413,293200,292343,8904,301247,4747
2021-05-24,San Diego,073,3302833,280714,279715,14943,294658,3749
2021-05-24,San Francisco,075,870044,36705,36934,1265,38199,547
2021-05-24,San Joaquin,077,732212,73108,72586,3489,76075,1371
2021-05-24,San Luis Obispo,079,281455,21389,21146,733,21879,256
2021-05-24,San Mateo,081,765935,42315,42249,468,42717,433
2021-05-24,Santa Barbara,083,443738,34438,34322,1113,35435,459
2021-05-24,Santa Clara,085,1922200,118592,119358,742,120100,2030
2021-05-24,Santa Cruz,087,273765,16235,16135,796,16931,207
2021-05-24,Shasta,089,179085,12293,12315,1562,13877,201
2021-05-24,Sierra,091,2930,56,54,12,66,0
2021-05-24,Siskiyou,093,43540,1926,1840,352,2192,17
2021-05-24,Solano,095,438530,32821,32792,547,33339,254
2021-05-24,Sonoma,097,501317,30056,30187,328,30515,321
2021-05-24,Stanislaus,099,539301,56349,56128,5869,61997,974
2021-05-24,Sutter,101,95872,9452,9486,84,9570,113
2021-05-24,Tehama,103,63373,5082,5043,563,5606,63
2021-05-24,Trinity,105,12862,483,328,90,418,3
2021-05-24,Tulare,107,460477,50233,49318,8870,58188,838
2021-05-24,Tuolumne,109,53932,4032,4083,42,4125,65
2021-05-24,Ventura,111,848112,81352,80876,2947,83823,1022
2021-05-24,Yolo,113,214977,14005,14012,234,14246,213
2021-05-24,Yuba,115,75493,6045,6022,120,6142,49
2021-05-23,Alameda,001,1643700,88038,88157,1910,90067,1263
2021-05-23,Alpine,002,1148,87,88,0,88,0
2021-05-23,Amador,005,37829,3667,3673,32,3705,46
2021-05-23,Butte,007,227075,12505,12271,1829,14100,189
2021-05-23,Calaveras,009,45235,2154,2144,13,2157,54
2021-05-23,Colusa,011,21464,1945,1949,308,2257,15
2021-05-23,Contra Costa,013,1133247,69524,69075,1251,70326,809
2021-05-23,Del Norte,015,27424,1414,1383,12,1395,8
2021-05-23,El Dorado,017,186661,10299,10222,739,10961,112
2021-05-23,Fresno,019,978130,102656,102270,8590,110860,1698
2021-05-23,Glenn,021,27897,2432,2413,554,2967,17
2021-05-23,Humboldt,023,135768,4240,4216,36,4252,42
2021-05-23,Imperial,025,180216,28620,28569,2679,31248,735
2021-05-23,Inyo,027,18085,1404,1402,12,1414,36
2021-05-23,Kern,029,883053,97255,96282,10802,107084,1319
2021-05-23,Kings,031,150075,23131,22939,1072,24011,246
2021-05-23,Lake,033,64148,3524,3504,9,3513,43
2021-05-23,Lassen,035,31185,5202,5163,111,5274,6
2021-05-23,Los Angeles,037,10098052,1206876,1197633,40305,1237938,24197
2021-05-23,Madera,039,155013,16614,16504,924,17428,239
2021-05-23,Marin,041,260295,5635,14048,250,14298,227
2021-05-23,Mariposa,043,17540,430,427,11,438,5
2021-05-23,Mendocino,045,87422,3990,3913,82,3995,47
2021-05-23,Merced,047,269075,30975,31118,1029,32147,455
2021-05-23,Modoc,049,8938,371,366,128,494,3
2021-05-23,Mono,051,14174,1263,1270,17,1287,3
2021-05-23,Monterey,053,433212,43151,43003,1829,44832,379
2021-05-23,Napa,055,140530,9881,9923,32,9955,82
2021-05-23,Nevada,057,99092,4811,4790,187,4977,70
2021-05-23,Orange,059,3164182,255479,254277,11221,265498,5050
2021-05-23,Placer,061,380077,23262,22888,1488,24376,292
2021-05-23,Plumas,063,18699,703,683,11,694,4
2021-05-23,Riverside,065,2383286,294015,288641,13839,302480,4442
2021-05-23,Sacramento,067,1510023,105968,105663,1732,107395,1632
2021-05-23,San Benito,069,59416,6053,6072,112,6184,63
2021-05-23,San Bernardino,071,2135413,293149,292327,8903,301230,4747
2021-05-23,San Diego,073,3302833,280624,279690,14932,294622,3751
2021-05-23,San Francisco,075,870044,36694,36927,1264,38191,547
2021-05-23,San Joaquin,077,732212,73059,72571,3487,76058,1371
2021-05-23,San Luis Obispo,079,281455,21379,21141,732,21873,256
2021-05-23,San Mateo,081,765935,42298,42248,468,42716,433
2021-05-23,Santa Barbara,083,443738,34431,34319,1113,35432,459
2021-05-23,Santa Clara,085,1922200,118568,119333,742,120075,2030
2021-05-23,Santa Cruz,087,273765,16232,16130,796,16926,207
2021-05-23,Shasta,089,179085,12276,12313,1558,13871,201
2021-05-23,Sierra,091,2930,56,54,12,66,0
2021-05-23,Siskiyou,093,43540,1921,1826,345,2171,17
2021-05-23,Solano,095,438530,32803,32780,546,33326,254
2021-05-23,Sonoma,097,501317,30027,30168,327,30495,321
2021-05-23,Stanislaus,099,539301,56301,56104,5866,61970,974
2021-05-23,Sutter,101,95872,9443,9479,84,9563,113
2021-05-23,Tehama,103,63373,5075,5041,561,5602,63
2021-05-23,Trinity,105,12862,483,328,90,418,3
2021-05-23,Tulare,107,460477,50218,49310,8866,58176,838
2021-05-23,Tuolumne,109,53932,4029,4081,42,4123,65
2021-05-23,Ventura,111,848112,81322,80872,2946,83818,1022
2021-05-23,Yolo,113,214977,13993,14004,231,14235,213
2021-05-23,Yuba,115,75493,6040,6017,120,6137,49
2021-05-22,Alameda,001,1643700,88011,88101,1910,90011,1263
2021-05-22,Alpine,002,1148,87,88,0,88,0
2021-05-22,Amador,005,37829,3666,3672,32,3704,46
2021-05-22,Butte,007,227075,12493,12265,1828,14093,189
2021-05-22,Calaveras,009,45235,2150,2141,13,2154,54
2021-05-22,Colusa,011,21464,1941,1949,307,2256,15
2021-05-22,Contra Costa,013,1133247,69491,69004,1250,70254,809
2021-05-22,Del Norte,015,27424,1413,1381,12,1393,8
2021-05-22,El Dorado,017,186661,10294,10215,738,10953,112
2021-05-22,Fresno,019,978130,102642,102238,8588,110826,1698
2021-05-22,Glenn,021,27897,2432,2412,554,2966,17
2021-05-22,Humboldt,023,135768,4231,4194,35,4229,42
2021-05-22,Imperial,025,180216,28611,28574,2679,31253,735
2021-05-22,Inyo,027,18085,1404,1402,12,1414,36
2021-05-22,Kern,029,883053,97243,96260,10795,107055,1319
2021-05-22,Kings,031,150075,23131,22936,1072,24008,246
2021-05-22,Lake,033,64148,3521,3502,9,3511,43
2021-05-22,Lassen,035,31185,5202,5163,111,5274,6
2021-05-22,Los Angeles,037,10098052,1206767,1197454,40297,1237751,24192
2021-05-22,Madera,039,155013,16611,16503,924,17427,239
2021-05-22,Marin,041,260295,5632,14043,250,14293,227
2021-05-22,Mariposa,043,17540,430,427,11,438,5
2021-05-22,Mendocino,045,87422,3984,3908,82,3990,47
2021-05-22,Merced,047,269075,30965,31099,1029,32128,455
2021-05-22,Modoc,049,8938,371,366,128,494,3
2021-05-22,Mono,051,14174,1261,1270,17,1287,3
2021-05-22,Monterey,053,433212,43145,42998,1829,44827,379
2021-05-22,Napa,055,140530,9880,9918,32,9950,82
2021-05-22,Nevada,057,99092,4804,4787,186,4973,70
2021-05-22,Orange,059,3164182,255458,254238,11216,265454,5048
2021-05-22,Placer,061,380077,23248,22865,1487,24352,292
2021-05-22,Plumas,063,18699,702,683,11,694,4
2021-05-22,Riverside,065,2383286,293983,288580,13838,302418,4442
2021-05-22,Sacramento,067,1510023,105893,105551,1729,107280,1632
2021-05-22,San Benito,069,59416,6053,6071,112,6183,63
2021-05-22,San Bernardino,071,2135413,293124,292292,8903,301195,4747
2021-05-22,San Diego,073,3302833,280565,279614,14924,294538,3751
2021-05-22,San Francisco,075,870044,36684,36906,1262,38168,547
2021-05-22,San Joaquin,077,732212,73037,72528,3484,76012,1371
2021-05-22,San Luis Obispo,079,281455,21371,21134,731,21865,256
2021-05-22,San Mateo,081,765935,42288,42218,468,42686,433
2021-05-22,Santa Barbara,083,443738,34427,34313,1112,35425,459
2021-05-22,Santa Clara,085,1922200,118545,119292,742,120034,2030
2021-05-22,Santa Cruz,087,273765,16232,16125,796,16921,207
2021-05-22,Shasta,089,179085,12269,12307,1555,13862,201
2021-05-22,Sierra,091,2930,56,54,12,66,0
2021-05-22,Siskiyou,093,43540,1920,1824,344,2168,17
2021-05-22,Solano,095,438530,32790,32753,546,33299,254
2021-05-22,Sonoma,097,501317,30015,30154,327,30481,321
2021-05-22,Stanislaus,099,539301,56277,56069,5865,61934,974
2021-05-22,Sutter,101,95872,9438,9476,84,9560,113
2021-05-22,Tehama,103,63373,5074,5036,561,5597,63
2021-05-22,Trinity,105,12862,483,328,90,418,3
2021-05-22,Tulare,107,460477,50213,49299,8861,58160,838
2021-05-22,Tuolumne,109,53932,4029,4078,42,4120,65
2021-05-22,Ventura,111,848112,81318,80859,2946,83805,1022
2021-05-22,Yolo,113,214977,13991,13997,231,14228,213
2021-05-22,Yuba,115,75493,6037,6010,120,6130,49
2021-05-21,Alameda,001,1643700,87985,88041,1909,89950,1263
2021-05-21,Alpine,002,1148,87,88,0,88,0
2021-05-21,Amador,005,37829,3663,3672,32,3704,46
2021-05-21,Butte,007,227075,12487,12236,1826,14062,188
2021-05-21,Calaveras,009,45235,2148,2138,13,2151,54
2021-05-21,Colusa,011,21464,1941,1947,307,2254,15
2021-05-21,Contra Costa,013,1133247,69448,68965,1249,70214,810
2021-05-21,Del Norte,015,27424,1412,1376,12,1388,8
2021-05-21,El Dorado,017,186661,10290,10204,738,10942,112
2021-05-21,Fresno,019,978130,102614,102189,8586,110775,1698
2021-05-21,Glenn,021,27897,2431,2408,554,2962,17
2021-05-21,Humboldt,023,135768,4224,4175,35,4210,42
2021-05-21,Imperial,025,180216,28604,28572,2678,31250,732
2021-05-21,Inyo,027,18085,1404,1402,12,1414,36
2021-05-21,Kern,029,883053,97229,96233,10788,107021,1318
2021-05-21,Kings,031,150075,23131,22927,1072,23999,246
2021-05-21,Lake,033,64148,3519,3500,9,3509,43
2021-05-21,Lassen,035,31185,5201,5161,111,5272,6
2021-05-21,Los Angeles,037,10098052,1206649,1197263,40289,1237552,24180
2021-05-21,Madera,039,155013,16610,16500,923,17423,238
2021-05-21,Marin,041,260295,5627,14042,250,14292,227
2021-05-21,Mariposa,043,17540,429,427,11,438,5
2021-05-21,Mendocino,045,87422,3979,3897,82,3979,47
2021-05-21,Merced,047,269075,30957,31076,1029,32105,455
2021-05-21,Modoc,049,8938,371,365,128,493,3
2021-05-21,Mono,051,14174,1261,1269,17,1286,3
2021-05-21,Monterey,053,433212,43143,42995,1829,44824,379
2021-05-21,Napa,055,140530,9876,9913,32,9945,82
2021-05-21,Nevada,057,99092,4803,4779,186,4965,70
2021-05-21,Orange,059,3164182,255438,254171,11214,265385,5042
2021-05-21,Placer,061,380077,23239,22853,1487,24340,292
2021-05-21,Plumas,063,18699,702,683,10,693,4
2021-05-21,Riverside,065,2383286,293956,288499,13831,302330,4442
2021-05-21,Sacramento,067,1510023,105825,105476,1726,107202,1632
2021-05-21,San Benito,069,59416,6053,6068,112,6180,63
2021-05-21,San Bernardino,071,2135413,293092,292205,8901,301106,4744
2021-05-21,San Diego,073,3302833,280492,279554,14914,294468,3748
2021-05-21,San Francisco,075,870044,36679,36879,1262,38141,546
2021-05-21,San Joaquin,077,732212,73017,72467,3482,75949,1371
2021-05-21,San Luis Obispo,079,281455,21365,21128,728,21856,256
2021-05-21,San Mateo,081,765935,42275,42163,467,42630,432
2021-05-21,Santa Barbara,083,443738,34422,34302,1112,35414,459
2021-05-21,Santa Clara,085,1922200,118518,119247,742,119989,2029
2021-05-21,Santa Cruz,087,273765,16228,16120,796,16916,207
2021-05-21,Shasta,089,179085,12252,12289,1553,13842,201
2021-05-21,Sierra,091,2930,56,54,12,66,0
2021-05-21,Siskiyou,093,43540,1919,1815,344,2159,16
2021-05-21,Solano,095,438530,32775,32742,546,33288,254
2021-05-21,Sonoma,097,501317,30002,30126,327,30453,321
2021-05-21,Stanislaus,099,539301,56247,56036,5863,61899,975
2021-05-21,Sutter,101,95872,9436,9470,84,9554,113
2021-05-21,Tehama,103,63373,5068,5030,561,5591,63
2021-05-21,Trinity,105,12862,483,329,89,418,3
2021-05-21,Tulare,107,460477,50208,49271,8859,58130,838
2021-05-21,Tuolumne,109,53932,4027,4079,42,4121,65
2021-05-21,Ventura,111,848112,81310,80821,2943,83764,1021
2021-05-21,Yolo,113,214977,13985,13983,231,14214,213
2021-05-21,Yuba,115,75493,6031,6006,120,6126,49
2021-05-20,Alameda,001,1643700,87941,87975,1907,89882,1264
2021-05-20,Alpine,002,1148,87,88,0,88,0
2021-05-20,Amador,005,37829,3662,3671,32,3703,46
2021-05-20,Butte,007,227075,12480,12220,1823,14043,188
2021-05-20,Calaveras,009,45235,2144,2138,13,2151,54
2021-05-20,Colusa,011,21464,1940,1946,305,2251,15
2021-05-20,Contra Costa,013,1133247,69403,68913,1247,70160,809
2021-05-20,Del Norte,015,27424,1412,1373,12,1385,8
2021-05-20,El Dorado,017,186661,10280,10188,738,10926,112
2021-05-20,Fresno,019,978130,102592,102135,8584,110719,1696
2021-05-20,Glenn,021,27897,2428,2406,554,2960,17
2021-05-20,Humboldt,023,135768,4207,4162,34,4196,42
2021-05-20,Imperial,025,180216,28599,28551,2678,31229,732
2021-05-20,Inyo,027,18085,1404,1402,12,1414,36
2021-05-20,Kern,029,883053,97208,96204,10781,106985,1317
2021-05-20,Kings,031,150075,23129,22922,1072,23994,246
2021-05-20,Lake,033,64148,3516,3500,9,3509,43
2021-05-20,Lassen,035,31185,5199,5160,110,5270,6
2021-05-20,Los Angeles,037,10098052,1206492,1197073,40279,1237352,24168
2021-05-20,Madera,039,155013,16604,16499,921,17420,238
2021-05-20,Marin,041,260295,5623,14036,249,14285,227
2021-05-20,Mariposa,043,17540,429,426,11,437,5
2021-05-20,Mendocino,045,87422,3972,3897,82,3979,47
2021-05-20,Merced,047,269075,30944,31046,1028,32074,454
2021-05-20,Modoc,049,8938,371,365,128,493,3
2021-05-20,Mono,051,14174,1260,1269,17,1286,3
2021-05-20,Monterey,053,433212,43137,42984,1828,44812,379
2021-05-20,Napa,055,140530,9873,9913,32,9945,82
2021-05-20,Nevada,057,99092,4802,4775,186,4961,70
2021-05-20,Orange,059,3164182,255395,254127,11211,265338,5038
2021-05-20,Placer,061,380077,23226,22823,1486,24309,292
2021-05-20,Plumas,063,18699,700,682,10,692,4
2021-05-20,Riverside,065,2383286,293908,288453,13826,302279,4442
2021-05-20,Sacramento,067,1510023,105729,105414,1723,107137,1629
2021-05-20,San Benito,069,59416,6052,6067,112,6179,63
2021-05-20,San Bernardino,071,2135413,293046,292153,8900,301053,4728
2021-05-20,San Diego,073,3302833,280404,279490,14902,294392,3749
2021-05-20,San Francisco,075,870044,36670,36860,1262,38122,546
2021-05-20,San Joaquin,077,732212,72979,72388,3480,75868,1371
2021-05-20,San Luis Obispo,079,281455,21353,21095,726,21821,256
2021-05-20,San Mateo,081,765935,42261,42152,465,42617,432
2021-05-20,Santa Barbara,083,443738,34418,34293,1112,35405,459
2021-05-20,Santa Clara,085,1922200,118497,119222,742,119964,2029
2021-05-20,Santa Cruz,087,273765,16223,16119,796,16915,207
2021-05-20,Shasta,089,179085,12239,12266,1550,13816,200
2021-05-20,Sierra,091,2930,56,54,12,66,0
2021-05-20,Siskiyou,093,43540,1912,1811,343,2154,16
2021-05-20,Solano,095,438530,32760,32725,546,33271,253
2021-05-20,Sonoma,097,501317,29985,30107,326,30433,321
2021-05-20,Stanislaus,099,539301,56218,55979,5861,61840,970
2021-05-20,Sutter,101,95872,9432,9467,84,9551,113
2021-05-20,Tehama,103,63373,5066,5029,561,5590,63
2021-05-20,Trinity,105,12862,483,329,88,417,3
2021-05-20,Tulare,107,460477,50197,49217,8856,58073,837
2021-05-20,Tuolumne,109,53932,4026,4077,42,4119,65
2021-05-20,Ventura,111,848112,81299,80800,2943,83743,1019
2021-05-20,Yolo,113,214977,13980,13973,231,14204,211
2021-05-20,Yuba,115,75493,6022,6002,120,6122,49
2021-05-19,Alameda,001,1643700,87902,87889,1906,89795,1260
2021-05-19,Alpine,002,1148,87,88,0,88,0
2021-05-19,Amador,005,37829,3662,3669,32,3701,46
2021-05-19,Butte,007,227075,12469,12198,1823,14021,188
2021-05-19,Calaveras,009,45235,2140,2132,13,2145,54
2021-05-19,Colusa,011,21464,1940,1945,303,2248,15
2021-05-19,Contra Costa,013,1133247,69356,68836,1247,70083,808
2021-05-19,Del Norte,015,27424,1410,1371,12,1383,8
2021-05-19,El Dorado,017,186661,10275,10179,737,10916,112
2021-05-19,Fresno,019,978130,102561,102085,8581,110666,1693
2021-05-19,Glenn,021,27897,2428,2404,554,2958,17
2021-05-19,Humboldt,023,135768,4197,4143,34,4177,42
2021-05-19,Imperial,025,180216,28590,28550,2678,31228,732
2021-05-19,Inyo,027,18085,1404,1402,12,1414,36
2021-05-19,Kern,029,883053,97179,96173,10774,106947,1316
2021-05-19,Kings,031,150075,23123,22919,1072,23991,246
2021-05-19,Lake,033,64148,3516,3497,9,3506,43
2021-05-19,Lassen,035,31185,5198,5157,110,5267,6
2021-05-19,Los Angeles,037,10098052,1206295,1196856,40265,1237121,24143
2021-05-19,Madera,039,155013,16601,16496,921,17417,238
2021-05-19,Marin,041,260295,5619,14033,247,14280,227
2021-05-19,Mariposa,043,17540,429,425,11,436,5
2021-05-19,Mendocino,045,87422,3968,3886,82,3968,47
2021-05-19,Merced,047,269075,30928,31044,1028,32072,452
2021-05-19,Modoc,049,8938,371,364,125,489,3
2021-05-19,Mono,051,14174,1260,1266,17,1283,3
2021-05-19,Monterey,053,433212,43132,42973,1827,44800,379
2021-05-19,Napa,055,140530,9870,9906,32,9938,82
2021-05-19,Nevada,057,99092,4800,4769,186,4955,70
2021-05-19,Orange,059,3164182,255358,254087,11201,265288,5035
2021-05-19,Placer,061,380077,23207,22784,1481,24265,291
2021-05-19,Plumas,063,18699,700,682,10,692,4
2021-05-19,Riverside,065,2383286,293862,288398,13824,302222,4442
2021-05-19,Sacramento,067,1510023,105650,105225,1722,106947,1629
2021-05-19,San Benito,069,59416,6051,6064,112,6176,63
2021-05-19,San Bernardino,071,2135413,293002,292078,8897,300975,4725
2021-05-19,San Diego,073,3302833,280319,279345,14881,294226,3746
2021-05-19,San Francisco,075,870044,36657,36835,1261,38096,546
2021-05-19,San Joaquin,077,732212,72936,72338,3475,75813,1369
2021-05-19,San Luis Obispo,079,281455,21345,21085,725,21810,256
2021-05-19,San Mateo,081,765935,42254,42126,465,42591,429
2021-05-19,Santa Barbara,083,443738,34410,34292,1112,35404,459
2021-05-19,Santa Clara,085,1922200,118457,119176,741,119917,2015
2021-05-19,Santa Cruz,087,273765,16219,16121,795,16916,207
2021-05-19,Shasta,089,179085,12221,12233,1547,13780,200
2021-05-19,Sierra,091,2930,56,54,12,66,0
2021-05-19,Siskiyou,093,43540,1909,1803,342,2145,16
2021-05-19,Solano,095,438530,32733,32678,544,33222,253
2021-05-19,Sonoma,097,501317,29970,30080,326,30406,321
2021-05-19,Stanislaus,099,539301,56198,55912,5856,61768,967
2021-05-19,Sutter,101,95872,9425,9459,83,9542,113
2021-05-19,Tehama,103,63373,5057,5026,557,5583,63
2021-05-19,Trinity,105,12862,483,329,88,417,3
2021-05-19,Tulare,107,460477,50184,49163,8851,58014,837
2021-05-19,Tuolumne,109,53932,4026,4074,42,4116,64
2021-05-19,Ventura,111,848112,81284,80747,2942,83689,1019
2021-05-19,Yolo,113,214977,13974,13961,230,14191,211
2021-05-19,Yuba,115,75493,6018,5993,120,6113,49
2021-05-18,Alameda,001,1643700,87828,87816,1906,89722,1254
2021-05-18,Alpine,002,1148,87,88,0,88,0
2021-05-18,Amador,005,37829,3662,3669,32,3701,46
2021-05-18,Butte,007,227075,12455,12164,1821,13985,191
2021-05-18,Calaveras,009,45235,2136,2131,13,2144,54
2021-05-18,Colusa,011,21464,1940,1943,303,2246,14
2021-05-18,Contra Costa,013,1133247,69299,68750,1246,69996,808
2021-05-18,Del Norte,015,27424,1407,1371,12,1383,8
2021-05-18,El Dorado,017,186661,10264,10169,736,10905,112
2021-05-18,Fresno,019,978130,102525,102056,8578,110634,1690
2021-05-18,Glenn,021,27897,2422,2403,553,2956,17
2021-05-18,Humboldt,023,135768,4179,4132,34,4166,42
2021-05-18,Imperial,025,180216,28585,28538,2676,31214,730
2021-05-18,Inyo,027,18085,1404,1401,12,1413,36
2021-05-18,Kern,029,883053,97146,96128,10760,106888,1315
2021-05-18,Kings,031,150075,23117,22916,1072,23988,247
2021-05-18,Lake,033,64148,3514,3495,9,3504,43
2021-05-18,Lassen,035,31185,5197,5157,109,5266,6
2021-05-18,Los Angeles,037,10098052,1206115,1196668,40254,1236922,24133
2021-05-18,Madera,039,155013,16591,16491,920,17411,238
2021-05-18,Marin,041,260295,5616,14026,247,14273,227
2021-05-18,Mariposa,043,17540,429,424,11,435,5
2021-05-18,Mendocino,045,87422,3956,3877,81,3958,47
2021-05-18,Merced,047,269075,30909,31036,1028,32064,452
2021-05-18,Modoc,049,8938,370,364,124,488,3
2021-05-18,Mono,051,14174,1259,1265,17,1282,3
2021-05-18,Monterey,053,433212,43126,43001,1827,44828,379
2021-05-18,Napa,055,140530,9870,9905,32,9937,82
2021-05-18,Nevada,057,99092,4793,4762,186,4948,70
2021-05-18,Orange,059,3164182,255318,254041,11191,265232,5031
2021-05-18,Placer,061,380077,23174,22726,1477,24203,291
2021-05-18,Plumas,063,18699,700,682,10,692,4
2021-05-18,Riverside,065,2383286,293807,288354,13817,302171,4438
2021-05-18,Sacramento,067,1510023,105548,105083,1720,106803,1629
2021-05-18,San Benito,069,59416,6050,6065,112,6177,63
2021-05-18,San Bernardino,071,2135413,292944,292014,8892,300906,4722
2021-05-18,San Diego,073,3302833,280211,279254,14872,294126,3742
2021-05-18,San Francisco,075,870044,36637,36818,1261,38079,546
2021-05-18,San Joaquin,077,732212,72889,72282,3471,75753,1368
2021-05-18,San Luis Obispo,079,281455,21335,21080,723,21803,256
2021-05-18,San Mateo,081,765935,42242,42099,464,42563,428
2021-05-18,Santa Barbara,083,443738,34401,34278,1112,35390,459
2021-05-18,Santa Clara,085,1922200,118430,119171,741,119912,2014
2021-05-18,Santa Cruz,087,273765,16211,16137,795,16932,207
2021-05-18,Shasta,089,179085,12203,12197,1541,13738,200
2021-05-18,Sierra,091,2930,56,54,12,66,0
2021-05-18,Siskiyou,093,43540,1908,1799,342,2141,16
2021-05-18,Solano,095,438530,32708,32644,544,33188,253
2021-05-18,Sonoma,097,501317,29950,30054,325,30379,321
2021-05-18,Stanislaus,099,539301,56162,55860,5856,61716,959
2021-05-18,Sutter,101,95872,9417,9453,83,9536,113
2021-05-18,Tehama,103,63373,5051,5020,555,5575,63
2021-05-18,Trinity,105,12862,483,329,87,416,3
2021-05-18,Tulare,107,460477,50176,49142,8846,57988,836
2021-05-18,Tuolumne,109,53932,4024,4073,42,4115,64
2021-05-18,Ventura,111,848112,81268,80726,2940,83666,1017
2021-05-18,Yolo,113,214977,13966,13951,230,14181,211
2021-05-18,Yuba,115,75493,6014,5989,120,6109,49
2021-05-17,Alameda,001,1643700,87775,87766,1903,89669,1253
2021-05-17,Alpine,002,1148,87,88,0,88,0
2021-05-17,Amador,005,37829,3659,3668,32,3700,46
2021-05-17,Butte,007,227075,12447,12144,1821,13965,192
2021-05-17,Calaveras,009,45235,2136,2131,13,2144,53
2021-05-17,Colusa,011,21464,1940,1943,303,2246,14
2021-05-17,Contra Costa,013,1133247,69244,68720,1245,69965,805
2021-05-17,Del Norte,015,27424,1402,1369,12,1381,8
2021-05-17,El Dorado,017,186661,10247,10163,736,10899,112
2021-05-17,Fresno,019,978130,102481,102013,8570,110583,1690
2021-05-17,Glenn,021,27897,2422,2401,553,2954,17
2021-05-17,Humboldt,023,135768,4168,4112,34,4146,42
2021-05-17,Imperial,025,180216,28579,28533,2674,31207,729
2021-05-17,Inyo,027,18085,1404,1401,12,1413,36
2021-05-17,Kern,029,883053,97117,96095,10742,106837,1315
2021-05-17,Kings,031,150075,23114,22918,1072,23990,246
2021-05-17,Lake,033,64148,3509,3489,9,3498,43
2021-05-17,Lassen,035,31185,5194,5156,108,5264,6
2021-05-17,Los Angeles,037,10098052,1205934,1196556,40248,1236804,24123
2021-05-17,Madera,039,155013,16584,16486,920,17406,238
2021-05-17,Marin,041,260295,5610,14021,247,14268,227
2021-05-17,Mariposa,043,17540,428,423,11,434,5
2021-05-17,Mendocino,045,87422,3947,3868,81,3949,46
2021-05-17,Merced,047,269075,30894,31031,1028,32059,450
2021-05-17,Modoc,049,8938,369,362,124,486,3
2021-05-17,Mono,051,14174,1255,1265,17,1282,3
2021-05-17,Monterey,053,433212,43119,42995,1827,44822,379
2021-05-17,Napa,055,140530,9869,9894,32,9926,82
2021-05-17,Nevada,057,99092,4789,4761,185,4946,70
2021-05-17,Orange,059,3164182,255271,253993,11184,265177,5031
2021-05-17,Placer,061,380077,23151,22706,1470,24176,289
2021-05-17,Plumas,063,18699,700,682,10,692,4
2021-05-17,Riverside,065,2383286,293738,288304,13813,302117,4433
2021-05-17,Sacramento,067,1510023,105441,105035,1718,106753,1629
2021-05-17,San Benito,069,59416,6047,6067,112,6179,63
2021-05-17,San Bernardino,071,2135413,292894,291989,8884,300873,4724
2021-05-17,San Diego,073,3302833,280079,279146,14850,293996,3742
2021-05-17,San Francisco,075,870044,36625,36816,1259,38075,546
2021-05-17,San Joaquin,077,732212,72851,72234,3468,75702,1359
2021-05-17,San Luis Obispo,079,281455,21326,21079,721,21800,256
2021-05-17,San Mateo,081,765935,42214,42083,464,42547,428
2021-05-17,Santa Barbara,083,443738,34394,34275,1112,35387,459
2021-05-17,Santa Clara,085,1922200,118393,119116,739,119855,2015
2021-05-17,Santa Cruz,087,273765,16208,16151,795,16946,206
2021-05-17,Shasta,089,179085,12181,12163,1540,13703,200
2021-05-17,Sierra,091,2930,56,54,12,66,0
2021-05-17,Siskiyou,093,43540,1899,1795,339,2134,15
2021-05-17,Solano,095,438530,32690,32627,543,33170,253
2021-05-17,Sonoma,097,501317,29927,30043,324,30367,321
2021-05-17,Stanislaus,099,539301,56114,55839,5849,61688,951
2021-05-17,Sutter,101,95872,9410,9447,83,9530,113
2021-05-17,Tehama,103,63373,5047,5016,554,5570,63
2021-05-17,Trinity,105,12862,483,328,87,415,3
2021-05-17,Tulare,107,460477,50154,49107,8841,57948,836
2021-05-17,Tuolumne,109,53932,4024,4071,42,4113,64
2021-05-17,Ventura,111,848112,81248,80699,2940,83639,1017
2021-05-17,Yolo,113,214977,13959,13941,230,14171,211
2021-05-17,Yuba,115,75493,6006,5987,120,6107,49
2021-05-16,Alameda,001,1643700,87711,87743,1903,89646,1253
2021-05-16,Alpine,002,1148,87,88,0,88,0
2021-05-16,Amador,005,37829,3658,3667,32,3699,46
2021-05-16,Butte,007,227075,12433,12140,1821,13961,192
2021-05-16,Calaveras,009,45235,2134,2129,13,2142,53
2021-05-16,Colusa,011,21464,1938,1943,303,2246,14
2021-05-16,Contra Costa,013,1133247,69176,68694,1243,69937,805
2021-05-16,Del Norte,015,27424,1399,1365,12,1377,8
2021-05-16,El Dorado,017,186661,10230,10159,735,10894,112
2021-05-16,Fresno,019,978130,102437,101987,8564,110551,1690
2021-05-16,Glenn,021,27897,2422,2401,552,2953,17
2021-05-16,Humboldt,023,135768,4154,4104,34,4138,42
2021-05-16,Imperial,025,180216,28568,28516,2673,31189,729
2021-05-16,Inyo,027,18085,1404,1401,12,1413,36
2021-05-16,Kern,029,883053,97084,96083,10722,106805,1315
2021-05-16,Kings,031,150075,23110,22918,1069,23987,246
2021-05-16,Lake,033,64148,3506,3489,9,3498,43
2021-05-16,Lassen,035,31185,5193,5156,108,5264,6
2021-05-16,Los Angeles,037,10098052,1205709,1196397,40232,1236629,24120
2021-05-16,Madera,039,155013,16579,16483,917,17400,238
2021-05-16,Marin,041,260295,5607,14015,247,14262,227
2021-05-16,Mariposa,043,17540,428,423,11,434,5
2021-05-16,Mendocino,045,87422,3937,3863,81,3944,46
2021-05-16,Merced,047,269075,30873,31023,1026,32049,450
2021-05-16,Modoc,049,8938,369,362,124,486,3
2021-05-16,Mono,051,14174,1255,1265,17,1282,3
2021-05-16,Monterey,053,433212,43114,42991,1827,44818,379
2021-05-16,Napa,055,140530,9866,9891,32,9923,82
2021-05-16,Nevada,057,99092,4785,4755,185,4940,70
2021-05-16,Orange,059,3164182,255239,253962,11181,265143,5031
2021-05-16,Placer,061,380077,23119,22696,1464,24160,289
2021-05-16,Plumas,063,18699,699,682,10,692,4
2021-05-16,Riverside,065,2383286,293662,288259,13804,302063,4433
2021-05-16,Sacramento,067,1510023,105327,105013,1716,106729,1628
2021-05-16,San Benito,069,59416,6046,6067,111,6178,63
2021-05-16,San Bernardino,071,2135413,292822,291940,8882,300822,4724
2021-05-16,San Diego,073,3302833,279961,279099,14837,293936,3742
2021-05-16,San Francisco,075,870044,36601,36808,1258,38066,546
2021-05-16,San Joaquin,077,732212,72802,72218,3463,75681,1359
2021-05-16,San Luis Obispo,079,281455,21318,21072,720,21792,256
2021-05-16,San Mateo,081,765935,42203,42063,463,42526,428
2021-05-16,Santa Barbara,083,443738,34387,34270,1112,35382,459
2021-05-16,Santa Clara,085,1922200,118363,119098,738,119836,2015
2021-05-16,Santa Cruz,087,273765,16206,16143,795,16938,206
2021-05-16,Shasta,089,179085,12165,12156,1536,13692,200
2021-05-16,Sierra,091,2930,56,54,12,66,0
2021-05-16,Siskiyou,093,43540,1895,1790,338,2128,15
2021-05-16,Solano,095,438530,32657,32619,541,33160,253
2021-05-16,Sonoma,097,501317,29908,30033,324,30357,321
2021-05-16,Stanislaus,099,539301,56061,55814,5838,61652,951
2021-05-16,Sutter,101,95872,9403,9445,83,9528,113
2021-05-16,Tehama,103,63373,5043,5013,553,5566,63
2021-05-16,Trinity,105,12862,483,328,87,415,3
2021-05-16,Tulare,107,460477,50137,49091,8838,57929,837
2021-05-16,Tuolumne,109,53932,4020,4070,42,4112,64
2021-05-16,Ventura,111,848112,81217,80689,2940,83629,1017
2021-05-16,Yolo,113,214977,13944,13938,230,14168,211
2021-05-16,Yuba,115,75493,6003,5987,120,6107,49
2021-05-15,Alameda,001,1643700,87685,87677,1902,89579,1252
2021-05-15,Alpine,002,1148,87,88,0,88,0
2021-05-15,Amador,005,37829,3658,3666,32,3698,46
2021-05-15,Butte,007,227075,12426,12095,1820,13915,192
2021-05-15,Calaveras,009,45235,2133,2126,13,2139,53
2021-05-15,Colusa,011,21464,1938,1941,301,2242,14
2021-05-15,Contra Costa,013,1133247,69130,68658,1243,69901,805
2021-05-15,Del Norte,015,27424,1394,1359,12,1371,8
2021-05-15,El Dorado,017,186661,10218,10156,734,10890,112
2021-05-15,Fresno,019,978130,102400,101957,8562,110519,1690
2021-05-15,Glenn,021,27897,2422,2400,552,2952,17
2021-05-15,Humboldt,023,135768,4144,4080,34,4114,42
2021-05-15,Imperial,025,180216,28565,28504,2672,31176,729
2021-05-15,Inyo,027,18085,1404,1402,12,1414,36
2021-05-15,Kern,029,883053,97070,96061,10708,106769,1315
2021-05-15,Kings,031,150075,23109,22913,1069,23982,246
2021-05-15,Lake,033,64148,3505,3485,9,3494,43
2021-05-15,Lassen,035,31185,5190,5156,107,5263,6
2021-05-15,Los Angeles,037,10098052,1205586,1196255,40219,1236474,24115
2021-05-15,Madera,039,155013,16576,16482,917,17399,238
2021-05-15,Marin,041,260295,5603,14012,247,14259,227
2021-05-15,Mariposa,043,17540,428,423,11,434,5
2021-05-15,Mendocino,045,87422,3934,3861,81,3942,46
2021-05-15,Merced,047,269075,30852,31012,1026,32038,450
2021-05-15,Modoc,049,8938,369,362,124,486,3
2021-05-15,Mono,051,14174,1255,1265,17,1282,3
2021-05-15,Monterey,053,433212,43110,42982,1827,44809,379
2021-05-15,Napa,055,140530,9863,9887,32,9919,82
2021-05-15,Nevada,057,99092,4784,4755,185,4940,70
2021-05-15,Orange,059,3164182,255212,253919,11174,265093,5030
2021-05-15,Placer,061,380077,23098,22688,1464,24152,289
2021-05-15,Plumas,063,18699,699,681,10,691,4
2021-05-15,Riverside,065,2383286,293620,288203,13799,302002,4433
2021-05-15,Sacramento,067,1510023,105255,104929,1713,106642,1628
2021-05-15,San Benito,069,59416,6046,6066,111,6177,63
2021-05-15,San Bernardino,071,2135413,292780,291892,8880,300772,4724
2021-05-15,San Diego,073,3302833,279890,278991,14822,293813,3737
2021-05-15,San Francisco,075,870044,36585,36795,1256,38051,546
2021-05-15,San Joaquin,077,732212,72776,72197,3461,75658,1359
2021-05-15,San Luis Obispo,079,281455,21315,21061,719,21780,256
2021-05-15,San Mateo,081,765935,42187,42059,463,42522,428
2021-05-15,Santa Barbara,083,443738,34379,34259,1112,35371,459
2021-05-15,Santa Clara,085,1922200,118342,119060,738,119798,2016
2021-05-15,Santa Cruz,087,273765,16202,16137,795,16932,206
2021-05-15,Shasta,089,179085,12153,12152,1533,13685,200
2021-05-15,Sierra,091,2930,56,54,12,66,0
2021-05-15,Siskiyou,093,43540,1889,1788,336,2124,15
2021-05-15,Solano,095,438530,32648,32604,540,33144,253
2021-05-15,Sonoma,097,501317,29889,30020,324,30344,321
2021-05-15,Stanislaus,099,539301,56030,55795,5831,61626,952
2021-05-15,Sutter,101,95872,9401,9436,83,9519,113
2021-05-15,Tehama,103,63373,5039,5012,552,5564,63
2021-05-15,Trinity,105,12862,483,328,87,415,3
2021-05-15,Tulare,107,460477,50127,49080,8834,57914,837
2021-05-15,Tuolumne,109,53932,4018,4064,42,4106,63
2021-05-15,Ventura,111,848112,81206,80662,2940,83602,1017
2021-05-15,Yolo,113,214977,13937,13932,229,14161,211
2021-05-15,Yuba,115,75493,6000,5979,119,6098,49
2021-05-14,Alameda,001,1643700,87651,87621,1900,89521,1249
2021-05-14,Alpine,002,1148,87,88,0,88,0
2021-05-14,Amador,005,37829,3658,3665,32,3697,46
2021-05-14,Butte,007,227075,12417,12076,1817,13893,192
2021-05-14,Calaveras,009,45235,2129,2121,13,2134,53
2021-05-14,Colusa,011,21464,1937,1940,300,2240,14
2021-05-14,Contra Costa,013,1133247,69088,68589,1241,69830,806
2021-05-14,Del Norte,015,27424,1394,1355,12,1367,8
2021-05-14,El Dorado,017,186661,10211,10143,733,10876,113
2021-05-14,Fresno,019,978130,102371,101917,8556,110473,1688
2021-05-14,Glenn,021,27897,2421,2398,552,2950,17
2021-05-14,Humboldt,023,135768,4137,4050,34,4084,37
2021-05-14,Imperial,025,180216,28557,28485,2671,31156,728
2021-05-14,Inyo,027,18085,1404,1400,12,1412,36
2021-05-14,Kern,029,883053,97040,96033,10699,106732,1311
2021-05-14,Kings,031,150075,23108,22910,1069,23979,246
2021-05-14,Lake,033,64148,3501,3483,9,3492,43
2021-05-14,Lassen,035,31185,5190,5154,107,5261,6
2021-05-14,Los Angeles,037,10098052,1205451,1196038,40214,1236252,24101
2021-05-14,Madera,039,155013,16573,16474,917,17391,238
2021-05-14,Marin,041,260295,5599,14010,247,14257,227
2021-05-14,Mariposa,043,17540,428,422,11,433,5
2021-05-14,Mendocino,045,87422,3932,3855,81,3936,46
2021-05-14,Merced,047,269075,30842,31010,1026,32036,450
2021-05-14,Modoc,049,8938,369,362,124,486,3
2021-05-14,Mono,051,14174,1254,1265,17,1282,3
2021-05-14,Monterey,053,433212,43105,42973,1827,44800,380
2021-05-14,Napa,055,140530,9860,9883,32,9915,82
2021-05-14,Nevada,057,99092,4779,4745,185,4930,70
2021-05-14,Orange,059,3164182,255178,253855,11167,265022,5028
2021-05-14,Placer,061,380077,23079,22660,1458,24118,287
2021-05-14,Plumas,063,18699,698,680,10,690,4
2021-05-14,Riverside,065,2383286,293570,288140,13796,301936,4433
2021-05-14,Sacramento,067,1510023,105166,104828,1712,106540,1627
2021-05-14,San Benito,069,59416,6046,6064,111,6175,63
2021-05-14,San Bernardino,071,2135413,292732,291834,8880,300714,4721
2021-05-14,San Diego,073,3302833,279817,278853,14811,293664,3732
2021-05-14,San Francisco,075,870044,36576,36771,1252,38023,545
2021-05-14,San Joaquin,077,732212,72744,72160,3454,75614,1359
2021-05-14,San Luis Obispo,079,281455,21311,21051,719,21770,256
2021-05-14,San Mateo,081,765935,42177,42041,463,42504,428
2021-05-14,Santa Barbara,083,443738,34369,34243,1112,35355,456
2021-05-14,Santa Clara,085,1922200,118313,119006,738,119744,2014
2021-05-14,Santa Cruz,087,273765,16197,16130,795,16925,207
2021-05-14,Shasta,089,179085,12147,12130,1528,13658,200
2021-05-14,Sierra,091,2930,56,54,12,66,0
2021-05-14,Siskiyou,093,43540,1882,1779,335,2114,14
2021-05-14,Solano,095,438530,32628,32585,539,33124,252
2021-05-14,Sonoma,097,501317,29870,30007,324,30331,321
2021-05-14,Stanislaus,099,539301,55995,55752,5825,61577,950
2021-05-14,Sutter,101,95872,9392,9433,81,9514,113
2021-05-14,Tehama,103,63373,5032,5005,552,5557,63
2021-05-14,Trinity,105,12862,483,328,87,415,3
2021-05-14,Tulare,107,460477,50110,49060,8829,57889,836
2021-05-14,Tuolumne,109,53932,4018,4060,42,4102,63
2021-05-14,Ventura,111,848112,81192,80628,2940,83568,1014
2021-05-14,Yolo,113,214977,13932,13922,225,14147,210
2021-05-14,Yuba,115,75493,5996,5970,119,6089,47
2021-05-13,Alameda,001,1643700,87608,87557,1899,89456,1250
2021-05-13,Alpine,002,1148,87,88,0,88,0
2021-05-13,Amador,005,37829,3658,3662,32,3694,46
2021-05-13,Butte,007,227075,12403,12051,1816,13867,196
2021-05-13,Calaveras,009,45235,2127,2120,13,2133,53
2021-05-13,Colusa,011,21464,1936,1939,296,2235,14
2021-05-13,Contra Costa,013,1133247,69040,68522,1240,69762,806
2021-05-13,Del Norte,015,27424,1392,1354,12,1366,8
2021-05-13,El Dorado,017,186661,10208,10133,733,10866,112
2021-05-13,Fresno,019,978130,102342,101862,8555,110417,1687
2021-05-13,Glenn,021,27897,2420,2395,552,2947,17
2021-05-13,Humboldt,023,135768,4119,4027,34,4061,37
2021-05-13,Imperial,025,180216,28542,28468,2669,31137,729
2021-05-13,Inyo,027,18085,1404,1400,12,1412,36
2021-05-13,Kern,029,883053,97016,95996,10680,106676,1311
2021-05-13,Kings,031,150075,23107,22904,1069,23973,246
2021-05-13,Lake,033,64148,3501,3479,9,3488,43
2021-05-13,Lassen,035,31185,5190,5152,106,5258,6
2021-05-13,Los Angeles,037,10098052,1205262,1195504,40200,1235704,24083
2021-05-13,Madera,039,155013,16565,16467,917,17384,238
2021-05-13,Marin,041,260295,5594,14004,245,14249,227
2021-05-13,Mariposa,043,17540,428,422,11,433,5
2021-05-13,Mendocino,045,87422,3928,3846,81,3927,46
2021-05-13,Merced,047,269075,30835,30989,1025,32014,450
2021-05-13,Modoc,049,8938,369,362,124,486,3
2021-05-13,Mono,051,14174,1254,1265,17,1282,3
2021-05-13,Monterey,053,433212,43090,42966,1827,44793,380
2021-05-13,Napa,055,140530,9853,9877,32,9909,82
2021-05-13,Nevada,057,99092,4775,4743,184,4927,70
2021-05-13,Orange,059,3164182,255132,253778,11165,264943,5026
2021-05-13,Placer,061,380077,23052,22668,1451,24119,288
2021-05-13,Plumas,063,18699,698,680,10,690,4
2021-05-13,Riverside,065,2383286,293504,288067,13791,301858,4433
2021-05-13,Sacramento,067,1510023,105080,104711,1710,106421,1626
2021-05-13,San Benito,069,59416,6044,6062,111,6173,63
2021-05-13,San Bernardino,071,2135413,292666,291765,8880,300645,4722
2021-05-13,San Diego,073,3302833,279703,278592,14794,293386,3729
2021-05-13,San Francisco,075,870044,36552,36741,1250,37991,544
2021-05-13,San Joaquin,077,732212,72702,72096,3450,75546,1357
2021-05-13,San Luis Obispo,079,281455,21296,21043,718,21761,255
2021-05-13,San Mateo,081,765935,42160,42059,463,42522,426
2021-05-13,Santa Barbara,083,443738,34357,34242,1112,35354,456
2021-05-13,Santa Clara,085,1922200,118286,118952,738,119690,2013
2021-05-13,Santa Cruz,087,273765,16191,16129,795,16924,208
2021-05-13,Shasta,089,179085,12127,12111,1524,13635,200
2021-05-13,Sierra,091,2930,56,54,12,66,0
2021-05-13,Siskiyou,093,43540,1875,1769,332,2101,14
2021-05-13,Solano,095,438530,32615,32548,537,33085,252
2021-05-13,Sonoma,097,501317,29845,29991,324,30315,321
2021-05-13,Stanislaus,099,539301,55957,55678,5819,61497,949
2021-05-13,Sutter,101,95872,9387,9431,80,9511,112
2021-05-13,Tehama,103,63373,5027,4997,552,5549,63
2021-05-13,Trinity,105,12862,482,327,86,413,3
2021-05-13,Tulare,107,460477,50084,49032,8821,57853,837
2021-05-13,Tuolumne,109,53932,4017,4059,42,4101,63
2021-05-13,Ventura,111,848112,81162,80615,2939,83554,1012
2021-05-13,Yolo,113,214977,13923,13914,223,14137,210
2021-05-13,Yuba,115,75493,5987,5962,119,6081,47
2021-05-12,Alameda,001,1643700,87576,87482,1897,89379,1261
2021-05-12,Alpine,002,1148,87,88,0,88,0
2021-05-12,Amador,005,37829,3658,3658,32,3690,46
2021-05-12,Butte,007,227075,12393,12026,1816,13842,199
2021-05-12,Calaveras,009,45235,2124,2119,13,2132,53
2021-05-12,Colusa,011,21464,1934,1939,295,2234,14
2021-05-12,Contra Costa,013,1133247,68981,68462,1234,69696,805
2021-05-12,Del Norte,015,27424,1390,1352,12,1364,8
2021-05-12,El Dorado,017,186661,10198,10123,733,10856,112
2021-05-12,Fresno,019,978130,102293,101838,8544,110382,1688
2021-05-12,Glenn,021,27897,2417,2391,552,2943,17
2021-05-12,Humboldt,023,135768,4091,3982,34,4016,37
2021-05-12,Imperial,025,180216,28524,28443,2666,31109,726
2021-05-12,Inyo,027,18085,1404,1400,12,1412,36
2021-05-12,Kern,029,883053,96980,95955,10673,106628,1310
2021-05-12,Kings,031,150075,23105,22896,1069,23965,246
2021-05-12,Lake,033,64148,3499,3476,9,3485,43
2021-05-12,Lassen,035,31185,5188,5151,106,5257,6
2021-05-12,Los Angeles,037,10098052,1205077,1195318,40185,1235503,24067
2021-05-12,Madera,039,155013,16558,16462,916,17378,238
2021-05-12,Marin,041,260295,5589,13997,245,14242,227
2021-05-12,Mariposa,043,17540,428,422,11,433,5
2021-05-12,Mendocino,045,87422,3918,3836,81,3917,46
2021-05-12,Merced,047,269075,30819,30941,1025,31966,450
2021-05-12,Modoc,049,8938,368,362,124,486,3
2021-05-12,Mono,051,14174,1254,1265,17,1282,3
2021-05-12,Monterey,053,433212,43078,42950,1826,44776,380
2021-05-12,Napa,055,140530,9847,9870,32,9902,82
2021-05-12,Nevada,057,99092,4771,4738,184,4922,70
2021-05-12,Orange,059,3164182,255081,253587,11161,264748,5024
2021-05-12,Placer,061,380077,23034,22652,1444,24096,288
2021-05-12,Plumas,063,18699,698,681,10,691,4
2021-05-12,Riverside,065,2383286,293434,287830,13787,301617,4431
2021-05-12,Sacramento,067,1510023,104985,104592,1708,106300,1621
2021-05-12,San Benito,069,59416,6044,6062,111,6173,63
2021-05-12,San Bernardino,071,2135413,292617,291505,8875,300380,4715
2021-05-12,San Diego,073,3302833,279599,278402,14773,293175,3729
2021-05-12,San Francisco,075,870044,36532,36720,1249,37969,544
2021-05-12,San Joaquin,077,732212,72648,72043,3446,75489,1356
2021-05-12,San Luis Obispo,079,281455,21286,21021,718,21739,255
2021-05-12,San Mateo,081,765935,42151,42038,462,42500,426
2021-05-12,Santa Barbara,083,443738,34349,34218,1112,35330,456
2021-05-12,Santa Clara,085,1922200,118242,118897,738,119635,2005
2021-05-12,Santa Cruz,087,273765,16185,16123,795,16918,207
2021-05-12,Shasta,089,179085,12107,12092,1522,13614,200
2021-05-12,Sierra,091,2930,56,54,12,66,0
2021-05-12,Siskiyou,093,43540,1871,1760,331,2091,13
2021-05-12,Solano,095,438530,32591,32519,537,33056,252
2021-05-12,Sonoma,097,501317,29833,29976,324,30300,320
2021-05-12,Stanislaus,099,539301,55916,55632,5812,61444,919
2021-05-12,Sutter,101,95872,9384,9427,80,9507,112
2021-05-12,Tehama,103,63373,5022,4989,552,5541,62
2021-05-12,Trinity,105,12862,482,327,86,413,3
2021-05-12,Tulare,107,460477,50068,49001,8813,57814,838
2021-05-12,Tuolumne,109,53932,4016,4056,42,4098,63
2021-05-12,Ventura,111,848112,81143,80577,2939,83516,1010
2021-05-12,Yolo,113,214977,13915,13910,222,14132,210
2021-05-12,Yuba,115,75493,5984,5956,119,6075,47
2021-05-11,Alameda,001,1643700,87511,87413,1893,89306,1290
2021-05-11,Alpine,002,1148,87,88,0,88,0
2021-05-11,Amador,005,37829,3656,3657,32,3689,46
2021-05-11,Butte,007,227075,12378,12008,1813,13821,199
2021-05-11,Calaveras,009,45235,2124,2118,13,2131,52
2021-05-11,Colusa,011,21464,1933,1939,295,2234,14
2021-05-11,Contra Costa,013,1133247,68921,68406,1233,69639,806
2021-05-11,Del Norte,015,27424,1388,1347,12,1359,8
2021-05-11,El Dorado,017,186661,10192,10108,732,10840,112
2021-05-11,Fresno,019,978130,102247,101792,8538,110330,1686
2021-05-11,Glenn,021,27897,2416,2387,551,2938,17
2021-05-11,Humboldt,023,135768,4070,3964,33,3997,37
2021-05-11,Imperial,025,180216,28516,28413,2662,31075,722
2021-05-11,Inyo,027,18085,1403,1402,12,1414,36
2021-05-11,Kern,029,883053,96952,95938,10660,106598,1310
2021-05-11,Kings,031,150075,23097,22887,1069,23956,246
2021-05-11,Lake,033,64148,3498,3473,9,3482,43
2021-05-11,Lassen,035,31185,5186,5148,106,5254,6
2021-05-11,Los Angeles,037,10098052,1204840,1195100,40168,1235268,24048
2021-05-11,Madera,039,155013,16554,16459,915,17374,238
2021-05-11,Marin,041,260295,5582,13987,245,14232,227
2021-05-11,Mariposa,043,17540,428,421,11,432,5
2021-05-11,Mendocino,045,87422,3910,3821,81,3902,46
2021-05-11,Merced,047,269075,30810,30893,1025,31918,449
2021-05-11,Modoc,049,8938,368,362,123,485,3
2021-05-11,Mono,051,14174,1254,1265,17,1282,3
2021-05-11,Monterey,053,433212,43070,42934,1825,44759,380
2021-05-11,Napa,055,140530,9840,9870,32,9902,81
2021-05-11,Nevada,057,99092,4767,4737,184,4921,70
2021-05-11,Orange,059,3164182,255017,253545,11154,264699,5017
2021-05-11,Placer,061,380077,23012,22615,1440,24055,287
2021-05-11,Plumas,063,18699,696,679,10,689,4
2021-05-11,Riverside,065,2383286,293372,287757,13782,301539,4429
2021-05-11,Sacramento,067,1510023,104886,104496,1705,106201,1616
2021-05-11,San Benito,069,59416,6041,6058,111,6169,63
2021-05-11,San Bernardino,071,2135413,292557,291421,8873,300294,4707
2021-05-11,San Diego,073,3302833,279464,278308,14754,293062,3725
2021-05-11,San Francisco,075,870044,36512,36707,1249,37956,543
2021-05-11,San Joaquin,077,732212,72600,71999,3443,75442,1356
2021-05-11,San Luis Obispo,079,281455,21279,21008,716,21724,255
2021-05-11,San Mateo,081,765935,42132,41985,461,42446,425
2021-05-11,Santa Barbara,083,443738,34339,34207,1112,35319,456
2021-05-11,Santa Clara,085,1922200,118195,118857,737,119594,2005
2021-05-11,Santa Cruz,087,273765,16181,16113,795,16908,206
2021-05-11,Shasta,089,179085,12084,12050,1516,13566,200
2021-05-11,Sierra,091,2930,56,54,12,66,0
2021-05-11,Siskiyou,093,43540,1861,1756,329,2085,13
2021-05-11,Solano,095,438530,32573,32499,535,33034,250
2021-05-11,Sonoma,097,501317,29818,29966,324,30290,318
2021-05-11,Stanislaus,099,539301,55868,55589,5808,61397,909
2021-05-11,Sutter,101,95872,9377,9417,80,9497,112
2021-05-11,Tehama,103,63373,5018,4985,551,5536,62
2021-05-11,Trinity,105,12862,482,327,85,412,3
2021-05-11,Tulare,107,460477,50041,48974,8799,57773,837
2021-05-11,Tuolumne,109,53932,4015,4056,42,4098,63
2021-05-11,Ventura,111,848112,81119,80544,2936,83480,1008
2021-05-11,Yolo,113,214977,13902,13902,219,14121,210
2021-05-11,Yuba,115,75493,5975,5950,119,6069,46
2021-05-10,Alameda,001,1643700,87443,87366,1892,89258,1284
2021-05-10,Alpine,002,1148,87,88,0,88,0
2021-05-10,Amador,005,37829,3655,3657,32,3689,46
2021-05-10,Butte,007,227075,12362,11993,1808,13801,199
2021-05-10,Calaveras,009,45235,2117,2118,13,2131,52
2021-05-10,Colusa,011,21464,1933,1939,295,2234,14
2021-05-10,Contra Costa,013,1133247,68857,68357,1233,69590,806
2021-05-10,Del Norte,015,27424,1385,1339,12,1351,8
2021-05-10,El Dorado,017,186661,10178,10093,732,10825,113
2021-05-10,Fresno,019,978130,102215,101755,8532,110287,1682
2021-05-10,Glenn,021,27897,2415,2384,550,2934,17
2021-05-10,Humboldt,023,135768,4040,3961,33,3994,36
2021-05-10,Imperial,025,180216,28502,28397,2658,31055,722
2021-05-10,Inyo,027,18085,1403,1401,12,1413,36
2021-05-10,Kern,029,883053,96909,95920,10646,106566,1310
2021-05-10,Kings,031,150075,23086,22884,1068,23952,246
2021-05-10,Lake,033,64148,3490,3471,9,3480,43
2021-05-10,Lassen,035,31185,5182,5148,106,5254,5
2021-05-10,Los Angeles,037,10098052,1204573,1194976,40153,1235129,24030
2021-05-10,Madera,039,155013,16544,16450,915,17365,238
2021-05-10,Marin,041,260295,5579,13981,245,14226,228
2021-05-10,Mariposa,043,17540,427,420,11,431,5
2021-05-10,Mendocino,045,87422,3904,3818,81,3899,46
2021-05-10,Merced,047,269075,30799,30880,1025,31905,448
2021-05-10,Modoc,049,8938,368,361,123,484,3
2021-05-10,Mono,051,14174,1254,1265,17,1282,3
2021-05-10,Monterey,053,433212,43064,42927,1820,44747,380
2021-05-10,Napa,055,140530,9838,9860,32,9892,81
2021-05-10,Nevada,057,99092,4760,4735,184,4919,70
2021-05-10,Orange,059,3164182,254964,253484,11148,264632,5008
2021-05-10,Placer,061,380077,22990,22590,1437,24027,286
2021-05-10,Plumas,063,18699,695,679,10,689,4
2021-05-10,Riverside,065,2383286,293303,287689,13776,301465,4427
2021-05-10,Sacramento,067,1510023,104775,104378,1700,106078,1613
2021-05-10,San Benito,069,59416,6040,6058,111,6169,63
2021-05-10,San Bernardino,071,2135413,292506,291360,8872,300232,4707
2021-05-10,San Diego,073,3302833,279300,278183,14727,292910,3725
2021-05-10,San Francisco,075,870044,36493,36683,1249,37932,543
2021-05-10,San Joaquin,077,732212,72563,71954,3429,75383,1356
2021-05-10,San Luis Obispo,079,281455,21261,20993,715,21708,256
2021-05-10,San Mateo,081,765935,42115,41926,461,42387,424
2021-05-10,Santa Barbara,083,443738,34331,34201,1112,35313,456
2021-05-10,Santa Clara,085,1922200,118136,118822,737,119559,2003
2021-05-10,Santa Cruz,087,273765,16176,16114,795,16909,206
2021-05-10,Shasta,089,179085,12070,12036,1512,13548,200
2021-05-10,Sierra,091,2930,56,54,12,66,0
2021-05-10,Siskiyou,093,43540,1851,1752,327,2079,13
2021-05-10,Solano,095,438530,32553,32466,533,32999,250
2021-05-10,Sonoma,097,501317,29802,29955,323,30278,318
2021-05-10,Stanislaus,099,539301,55794,55541,5802,61343,898
2021-05-10,Sutter,101,95872,9371,9412,80,9492,111
2021-05-10,Tehama,103,63373,5014,4980,551,5531,62
2021-05-10,Trinity,105,12862,482,327,83,410,3
2021-05-10,Tulare,107,460477,50018,48956,8793,57749,837
2021-05-10,Tuolumne,109,53932,4011,4054,41,4095,63
2021-05-10,Ventura,111,848112,81103,80501,2935,83436,1008
2021-05-10,Yolo,113,214977,13890,13898,217,14115,209
2021-05-10,Yuba,115,75493,5973,5942,119,6061,46
2021-05-09,Alameda,001,1643700,87373,87292,1889,89181,1284
2021-05-09,Alpine,002,1148,87,88,0,88,0
2021-05-09,Amador,005,37829,3653,3655,32,3687,46
2021-05-09,Butte,007,227075,12344,11985,1804,13789,199
2021-05-09,Calaveras,009,45235,2116,2116,13,2129,52
2021-05-09,Colusa,011,21464,1932,1940,295,2235,14
2021-05-09,Contra Costa,013,1133247,68794,68302,1231,69533,806
2021-05-09,Del Norte,015,27424,1378,1338,12,1350,8
2021-05-09,El Dorado,017,186661,10164,10089,728,10817,113
2021-05-09,Fresno,019,978130,102177,101729,8523,110252,1682
2021-05-09,Glenn,021,27897,2408,2382,547,2929,17
2021-05-09,Humboldt,023,135768,4020,3950,33,3983,36
2021-05-09,Imperial,025,180216,28479,28388,2650,31038,722
2021-05-09,Inyo,027,18085,1403,1401,11,1412,36
2021-05-09,Kern,029,883053,96881,95903,10636,106539,1310
2021-05-09,Kings,031,150075,23077,22878,1068,23946,246
2021-05-09,Lake,033,64148,3486,3471,9,3480,43
2021-05-09,Lassen,035,31185,5180,5147,106,5253,5
2021-05-09,Los Angeles,037,10098052,1204315,1194820,40138,1234958,24026
2021-05-09,Madera,039,155013,16535,16444,909,17353,238
2021-05-09,Marin,041,260295,5568,13979,244,14223,228
2021-05-09,Mariposa,043,17540,424,420,11,431,5
2021-05-09,Mendocino,045,87422,3894,3814,81,3895,46
2021-05-09,Merced,047,269075,30776,30883,1025,31908,448
2021-05-09,Modoc,049,8938,368,360,123,483,3
2021-05-09,Mono,051,14174,1254,1264,17,1281,3
2021-05-09,Monterey,053,433212,43046,42918,1820,44738,380
2021-05-09,Napa,055,140530,9827,9857,32,9889,81
2021-05-09,Nevada,057,99092,4753,4727,184,4911,70
2021-05-09,Orange,059,3164182,254910,253451,11140,264591,5008
2021-05-09,Placer,061,380077,22964,22566,1434,24000,286
2021-05-09,Plumas,063,18699,694,679,10,689,4
2021-05-09,Riverside,065,2383286,293223,287644,13770,301414,4427
2021-05-09,Sacramento,067,1510023,104626,104309,1694,106003,1612
2021-05-09,San Benito,069,59416,6038,6056,111,6167,63
2021-05-09,San Bernardino,071,2135413,292423,291337,8866,300203,4707
2021-05-09,San Diego,073,3302833,279133,277950,14705,292655,3725
2021-05-09,San Francisco,075,870044,36467,36669,1247,37916,543
2021-05-09,San Joaquin,077,732212,72517,71927,3428,75355,1356
2021-05-09,San Luis Obispo,079,281455,21250,20999,715,21714,256
2021-05-09,San Mateo,081,765935,42085,41903,461,42364,424
2021-05-09,Santa Barbara,083,443738,34318,34196,1111,35307,456
2021-05-09,Santa Clara,085,1922200,118082,118798,736,119534,2003
2021-05-09,Santa Cruz,087,273765,16170,16094,795,16889,206
2021-05-09,Shasta,089,179085,12040,12034,1507,13541,200
2021-05-09,Sierra,091,2930,56,54,12,66,0
2021-05-09,Siskiyou,093,43540,1844,1741,324,2065,13
2021-05-09,Solano,095,438530,32514,32434,531,32965,250
2021-05-09,Sonoma,097,501317,29788,29953,322,30275,318
2021-05-09,Stanislaus,099,539301,55728,55511,5798,61309,898
2021-05-09,Sutter,101,95872,9365,9413,80,9493,111
2021-05-09,Tehama,103,63373,5009,4979,551,5530,62
2021-05-09,Trinity,105,12862,482,327,83,410,3
2021-05-09,Tulare,107,460477,49991,48948,8788,57736,837
2021-05-09,Tuolumne,109,53932,4009,4053,41,4094,63
2021-05-09,Ventura,111,848112,81088,80487,2934,83421,1008
2021-05-09,Yolo,113,214977,13879,13897,217,14114,209
2021-05-09,Yuba,115,75493,5967,5934,119,6053,46
2021-05-08,Alameda,001,1643700,87331,87213,1885,89098,1284
2021-05-08,Alpine,002,1148,87,88,0,88,0
2021-05-08,Amador,005,37829,3651,3652,32,3684,46
2021-05-08,Butte,007,227075,12332,11962,1803,13765,199
2021-05-08,Calaveras,009,45235,2115,2114,13,2127,52
2021-05-08,Colusa,011,21464,1932,1939,295,2234,14
2021-05-08,Contra Costa,013,1133247,68761,68223,1229,69452,803
2021-05-08,Del Norte,015,27424,1375,1335,12,1347,8
2021-05-08,El Dorado,017,186661,10150,10079,728,10807,113
2021-05-08,Fresno,019,978130,102141,101676,8518,110194,1682
2021-05-08,Glenn,021,27897,2406,2382,545,2927,17
2021-05-08,Humboldt,023,135768,4004,3939,33,3972,36
2021-05-08,Imperial,025,180216,28470,28373,2650,31023,721
2021-05-08,Inyo,027,18085,1403,1402,11,1413,36
2021-05-08,Kern,029,883053,96856,95880,10623,106503,1310
2021-05-08,Kings,031,150075,23074,22872,1067,23939,246
2021-05-08,Lake,033,64148,3485,3470,9,3479,43
2021-05-08,Lassen,035,31185,5179,5145,106,5251,5
2021-05-08,Los Angeles,037,10098052,1204161,1194584,40122,1234706,24022
2021-05-08,Madera,039,155013,16531,16442,909,17351,238
2021-05-08,Marin,041,260295,5565,13974,243,14217,228
2021-05-08,Mariposa,043,17540,424,420,11,431,5
2021-05-08,Mendocino,045,87422,3889,3810,80,3890,46
2021-05-08,Merced,047,269075,30766,30876,1025,31901,448
2021-05-08,Modoc,049,8938,368,360,122,482,3
2021-05-08,Mono,051,14174,1254,1262,17,1279,3
2021-05-08,Monterey,053,433212,43041,42914,1819,44733,380
2021-05-08,Napa,055,140530,9820,9853,32,9885,81
2021-05-08,Nevada,057,99092,4750,4716,184,4900,70
2021-05-08,Orange,059,3164182,254876,253412,11136,264548,5006
2021-05-08,Placer,061,380077,22946,22547,1432,23979,286
2021-05-08,Plumas,063,18699,693,679,10,689,4
2021-05-08,Riverside,065,2383286,293180,287574,13768,301342,4427
2021-05-08,Sacramento,067,1510023,104541,104208,1691,105899,1610
2021-05-08,San Benito,069,59416,6037,6048,111,6159,63
2021-05-08,San Bernardino,071,2135413,292380,291296,8866,300162,4707
2021-05-08,San Diego,073,3302833,279050,277760,14687,292447,3725
2021-05-08,San Francisco,075,870044,36444,36642,1247,37889,543
2021-05-08,San Joaquin,077,732212,72488,71869,3419,75288,1356
2021-05-08,San Luis Obispo,079,281455,21239,20992,715,21707,256
2021-05-08,San Mateo,081,765935,42074,41871,461,42332,424
2021-05-08,Santa Barbara,083,443738,34305,34185,1111,35296,456
2021-05-08,Santa Clara,085,1922200,118051,118751,736,119487,2003
2021-05-08,Santa Cruz,087,273765,16167,16089,795,16884,206
2021-05-08,Shasta,089,179085,12030,12030,1503,13533,200
2021-05-08,Sierra,091,2930,56,54,12,66,0
2021-05-08,Siskiyou,093,43540,1843,1741,320,2061,13
2021-05-08,Solano,095,438530,32490,32395,529,32924,249
2021-05-08,Sonoma,097,501317,29775,29942,322,30264,318
2021-05-08,Stanislaus,099,539301,55697,55467,5794,61261,898
2021-05-08,Sutter,101,95872,9362,9413,80,9493,111
2021-05-08,Tehama,103,63373,5007,4977,551,5528,62
2021-05-08,Trinity,105,12862,482,327,83,410,3
2021-05-08,Tulare,107,460477,49978,48929,8778,57707,837
2021-05-08,Tuolumne,109,53932,4008,4050,41,4091,63
2021-05-08,Ventura,111,848112,81077,80481,2931,83412,1008
2021-05-08,Yolo,113,214977,13876,13894,216,14110,209
2021-05-08,Yuba,115,75493,5959,5928,119,6047,46
2021-05-07,Alameda,001,1643700,87278,87128,1885,89013,1280
2021-05-07,Alpine,002,1148,87,88,0,88,0
2021-05-07,Amador,005,37829,3648,3651,32,3683,46
2021-05-07,Butte,007,227075,12311,11943,1800,13743,199
2021-05-07,Calaveras,009,45235,2113,2114,13,2127,52
2021-05-07,Colusa,011,21464,1932,1937,295,2232,14
2021-05-07,Contra Costa,013,1133247,68714,68156,1227,69383,804
2021-05-07,Del Norte,015,27424,1370,1329,12,1341,8
2021-05-07,El Dorado,017,186661,10137,10065,727,10792,112
2021-05-07,Fresno,019,978130,102108,101625,8517,110142,1684
2021-05-07,Glenn,021,27897,2403,2381,544,2925,17
2021-05-07,Humboldt,023,135768,3989,3919,33,3952,36
2021-05-07,Imperial,025,180216,28462,28352,2650,31002,721
2021-05-07,Inyo,027,18085,1403,1402,11,1413,36
2021-05-07,Kern,029,883053,96843,95839,10611,106450,1308
2021-05-07,Kings,031,150075,23073,22857,1066,23923,246
2021-05-07,Lake,033,64148,3483,3467,9,3476,43
2021-05-07,Lassen,035,31185,5178,5144,105,5249,5
2021-05-07,Los Angeles,037,10098052,1203981,1194294,40115,1234409,24008
2021-05-07,Madera,039,155013,16526,16439,909,17348,238
2021-05-07,Marin,041,260295,5561,13968,243,14211,228
2021-05-07,Mariposa,043,17540,423,419,11,430,5
2021-05-07,Mendocino,045,87422,3883,3805,80,3885,46
2021-05-07,Merced,047,269075,30763,30862,1025,31887,446
2021-05-07,Modoc,049,8938,368,360,122,482,3
2021-05-07,Mono,051,14174,1253,1261,17,1278,3
2021-05-07,Monterey,053,433212,43035,42909,1817,44726,380
2021-05-07,Napa,055,140530,9819,9849,32,9881,81
2021-05-07,Nevada,057,99092,4746,4704,184,4888,70
2021-05-07,Orange,059,3164182,254836,253338,11128,264466,5000
2021-05-07,Placer,061,380077,22926,22524,1430,23954,286
2021-05-07,Plumas,063,18699,693,678,10,688,4
2021-05-07,Riverside,065,2383286,293122,287479,13767,301246,4426
2021-05-07,Sacramento,067,1510023,104469,104068,1686,105754,1609
2021-05-07,San Benito,069,59416,6036,6048,111,6159,63
2021-05-07,San Bernardino,071,2135413,292338,291185,8861,300046,4697
2021-05-07,San Diego,073,3302833,278964,277534,14671,292205,3718
2021-05-07,San Francisco,075,870044,36431,36616,1246,37862,543
2021-05-07,San Joaquin,077,732212,72447,71804,3417,75221,1351
2021-05-07,San Luis Obispo,079,281455,21232,20979,715,21694,256
2021-05-07,San Mateo,081,765935,42059,41844,461,42305,424
2021-05-07,Santa Barbara,083,443738,34295,34166,1111,35277,453
2021-05-07,Santa Clara,085,1922200,118018,118691,735,119426,2002
2021-05-07,Santa Cruz,087,273765,16164,16074,795,16869,206
2021-05-07,Shasta,089,179085,12008,12005,1501,13506,200
2021-05-07,Sierra,091,2930,56,54,12,66,0
2021-05-07,Siskiyou,093,43540,1840,1723,320,2043,13
2021-05-07,Solano,095,438530,32462,32352,527,32879,249
2021-05-07,Sonoma,097,501317,29757,29925,320,30245,318
2021-05-07,Stanislaus,099,539301,55657,55407,5789,61196,896
2021-05-07,Sutter,101,95872,9362,9407,80,9487,111
2021-05-07,Tehama,103,63373,5000,4974,551,5525,57
2021-05-07,Trinity,105,12862,482,327,83,410,3
2021-05-07,Tulare,107,460477,49961,48913,8773,57686,837
2021-05-07,Tuolumne,109,53932,4006,4048,41,4089,63
2021-05-07,Ventura,111,848112,81053,80444,2931,83375,1008
2021-05-07,Yolo,113,214977,13870,13875,215,14090,209
2021-05-07,Yuba,115,75493,5949,5910,119,6029,46
2021-05-06,Alameda,001,1643700,87202,87028,1882,88910,1278
2021-05-06,Alpine,002,1148,87,88,0,88,0
2021-05-06,Amador,005,37829,3646,3650,32,3682,46
2021-05-06,Butte,007,227075,12291,11929,1795,13724,198
2021-05-06,Calaveras,009,45235,2113,2111,13,2124,52
2021-05-06,Colusa,011,21464,1932,1935,295,2230,14
2021-05-06,Contra Costa,013,1133247,68659,68076,1224,69300,802
2021-05-06,Del Norte,015,27424,1362,1324,12,1336,6
2021-05-06,El Dorado,017,186661,10130,10048,727,10775,112
2021-05-06,Fresno,019,978130,102064,101536,8513,110049,1680
2021-05-06,Glenn,021,27897,2402,2380,543,2923,17
2021-05-06,Humboldt,023,135768,3964,3898,33,3931,36
2021-05-06,Imperial,025,180216,28451,28311,2649,30960,720
2021-05-06,Inyo,027,18085,1403,1401,11,1412,36
2021-05-06,Kern,029,883053,96818,95801,10594,106395,1307
2021-05-06,Kings,031,150075,23066,22848,1065,23913,246
2021-05-06,Lake,033,64148,3482,3465,9,3474,43
2021-05-06,Lassen,035,31185,5177,5143,105,5248,1
2021-05-06,Los Angeles,037,10098052,1203739,1193954,40099,1234053,23991
2021-05-06,Madera,039,155013,16518,16430,909,17339,238
2021-05-06,Marin,041,260295,5557,13956,243,14199,228
2021-05-06,Mariposa,043,17540,422,419,11,430,5
2021-05-06,Mendocino,045,87422,3872,3802,80,3882,46
2021-05-06,Merced,047,269075,30748,30863,1023,31886,444
2021-05-06,Modoc,049,8938,368,360,122,482,3
2021-05-06,Mono,051,14174,1251,1261,17,1278,3
2021-05-06,Monterey,053,433212,43020,42899,1817,44716,379
2021-05-06,Napa,055,140530,9813,9843,32,9875,81
2021-05-06,Nevada,057,99092,4745,4687,184,4871,70
2021-05-06,Orange,059,3164182,254768,253286,11122,264408,4991
2021-05-06,Placer,061,380077,22904,22493,1430,23923,286
2021-05-06,Plumas,063,18699,693,678,10,688,4
2021-05-06,Riverside,065,2383286,293049,287399,13762,301161,4422
2021-05-06,Sacramento,067,1510023,104353,103956,1683,105639,1609
2021-05-06,San Benito,069,59416,6035,6045,111,6156,63
2021-05-06,San Bernardino,071,2135413,292268,291085,8860,299945,4683
2021-05-06,San Diego,073,3302833,278837,277324,14648,291972,3716
2021-05-06,San Francisco,075,870044,36416,36599,1246,37845,543
2021-05-06,San Joaquin,077,732212,72392,71729,3414,75143,1350
2021-05-06,San Luis Obispo,079,281455,21220,20965,713,21678,256
2021-05-06,San Mateo,081,765935,42040,41802,460,42262,424
2021-05-06,Santa Barbara,083,443738,34282,34152,1111,35263,453
2021-05-06,Santa Clara,085,1922200,117977,118591,735,119326,2001
2021-05-06,Santa Cruz,087,273765,16157,16050,795,16845,206
2021-05-06,Shasta,089,179085,11986,11983,1495,13478,199
2021-05-06,Sierra,091,2930,56,54,12,66,0
2021-05-06,Siskiyou,093,43540,1830,1711,319,2030,12
2021-05-06,Solano,095,438530,32436,32320,519,32839,249
2021-05-06,Sonoma,097,501317,29749,29911,320,30231,318
2021-05-06,Stanislaus,099,539301,55601,55323,5784,61107,834
2021-05-06,Sutter,101,95872,9356,9396,80,9476,111
2021-05-06,Tehama,103,63373,4995,4970,551,5521,53
2021-05-06,Trinity,105,12862,482,327,83,410,3
2021-05-06,Tulare,107,460477,49936,48890,8758,57648,836
2021-05-06,Tuolumne,109,53932,4002,4047,41,4088,63
2021-05-06,Ventura,111,848112,81022,80411,2928,83339,1005
2021-05-06,Yolo,113,214977,13862,13871,212,14083,209
2021-05-06,Yuba,115,75493,5937,5901,119,6020,46
2021-05-05,Alameda,001,1643700,87141,86950,1880,88830,1278
2021-05-05,Alpine,002,1148,87,88,0,88,0
2021-05-05,Amador,005,37829,3643,3650,32,3682,46
2021-05-05,Butte,007,227075,12273,11907,1792,13699,198
2021-05-05,Calaveras,009,45235,2109,2103,13,2116,52
2021-05-05,Colusa,011,21464,1931,1933,295,2228,14
2021-05-05,Contra Costa,013,1133247,68594,67997,1220,69217,803
2021-05-05,Del Norte,015,27424,1359,1317,12,1329,6
2021-05-05,El Dorado,017,186661,10119,10020,726,10746,111
2021-05-05,Fresno,019,978130,102015,101491,8504,109995,1680
2021-05-05,Glenn,021,27897,2399,2380,542,2922,17
2021-05-05,Humboldt,023,135768,3945,3886,32,3918,36
2021-05-05,Imperial,025,180216,28410,28295,2642,30937,720
2021-05-05,Inyo,027,18085,1402,1401,11,1412,36
2021-05-05,Kern,029,883053,96774,95753,10590,106343,1304
2021-05-05,Kings,031,150075,23060,22840,1064,23904,246
2021-05-05,Lake,033,64148,3479,3458,9,3467,43
2021-05-05,Lassen,035,31185,5177,5143,104,5247,1
2021-05-05,Los Angeles,037,10098052,1203472,1193608,40085,1233693,23977
2021-05-05,Madera,039,155013,16516,16423,909,17332,235
2021-05-05,Marin,041,260295,5549,13950,242,14192,228
2021-05-05,Mariposa,043,17540,422,418,11,429,5
2021-05-05,Mendocino,045,87422,3868,3799,80,3879,46
2021-05-05,Merced,047,269075,30727,30844,1023,31867,444
2021-05-05,Modoc,049,8938,367,361,121,482,3
2021-05-05,Mono,051,14174,1251,1260,17,1277,3
2021-05-05,Monterey,053,433212,43007,42870,1814,44684,379
2021-05-05,Napa,055,140530,9807,9833,32,9865,81
2021-05-05,Nevada,057,99092,4742,4666,184,4850,70
2021-05-05,Orange,059,3164182,254710,253237,11117,264354,4978
2021-05-05,Placer,061,380077,22872,22362,1426,23788,287
2021-05-05,Plumas,063,18699,693,677,10,687,4
2021-05-05,Riverside,065,2383286,292954,287353,13753,301106,4414
2021-05-05,Sacramento,067,1510023,104265,103476,1678,105154,1607
2021-05-05,San Benito,069,59416,6026,6046,111,6157,63
2021-05-05,San Bernardino,071,2135413,292193,291008,8855,299863,4677
2021-05-05,San Diego,073,3302833,278700,277098,14629,291727,3716
2021-05-05,San Francisco,075,870044,36401,36577,1245,37822,543
2021-05-05,San Joaquin,077,732212,72340,71638,3411,75049,1345
2021-05-05,San Luis Obispo,079,281455,21212,20958,713,21671,256
2021-05-05,San Mateo,081,765935,42011,41755,459,42214,415
2021-05-05,Santa Barbara,083,443738,34267,34139,1110,35249,453
2021-05-05,Santa Clara,085,1922200,117947,118482,732,119214,1992
2021-05-05,Santa Cruz,087,273765,16151,16013,795,16808,207
2021-05-05,Shasta,089,179085,11970,11939,1491,13430,200
2021-05-05,Sierra,091,2930,56,54,12,66,0
2021-05-05,Siskiyou,093,43540,1813,1706,311,2017,11
2021-05-05,Solano,095,438530,32401,32250,517,32767,249
2021-05-05,Sonoma,097,501317,29736,29879,320,30199,318
2021-05-05,Stanislaus,099,539301,55544,55231,5782,61013,807
2021-05-05,Sutter,101,95872,9350,9387,80,9467,111
2021-05-05,Tehama,103,63373,4991,4968,551,5519,53
2021-05-05,Trinity,105,12862,482,326,83,409,3
2021-05-05,Tulare,107,460477,49912,48875,8751,57626,835
2021-05-05,Tuolumne,109,53932,3999,4040,41,4081,63
2021-05-05,Ventura,111,848112,80994,80372,2924,83296,1005
2021-05-05,Yolo,113,214977,13858,13846,210,14056,209
2021-05-05,Yuba,115,75493,5927,5895,118,6013,44
2021-05-04,Alameda,001,1643700,87049,86894,1880,88774,1277
2021-05-04,Alpine,002,1148,87,88,0,88,0
2021-05-04,Amador,005,37829,3643,3650,32,3682,46
2021-05-04,Butte,007,227075,12249,11883,1791,13674,198
2021-05-04,Calaveras,009,45235,2105,2100,13,2113,52
2021-05-04,Colusa,011,21464,1930,1933,295,2228,14
2021-05-04,Contra Costa,013,1133247,68514,67931,1218,69149,799
2021-05-04,Del Norte,015,27424,1359,1314,12,1326,6
2021-05-04,El Dorado,017,186661,10108,10009,722,10731,110
2021-05-04,Fresno,019,978130,101960,101451,8497,109948,1677
2021-05-04,Glenn,021,27897,2396,2379,539,2918,17
2021-05-04,Humboldt,023,135768,3919,3877,32,3909,36
2021-05-04,Imperial,025,180216,28391,28276,2639,30915,720
2021-05-04,Inyo,027,18085,1402,1399,11,1410,36
2021-05-04,Kern,029,883053,96738,95720,10572,106292,1301
2021-05-04,Kings,031,150075,23046,22822,1061,23883,246
2021-05-04,Lake,033,64148,3478,3454,9,3463,43
2021-05-04,Lassen,035,31185,5176,5142,104,5246,1
2021-05-04,Los Angeles,037,10098052,1203182,1193453,40072,1233525,23957
2021-05-04,Madera,039,155013,16515,16418,909,17327,235
2021-05-04,Marin,041,260295,5541,13935,242,14177,228
2021-05-04,Mariposa,043,17540,422,418,11,429,5
2021-05-04,Mendocino,045,87422,3863,3794,80,3874,46
2021-05-04,Merced,047,269075,30710,30829,1023,31852,444
2021-05-04,Modoc,049,8938,366,360,120,480,3
2021-05-04,Mono,051,14174,1251,1260,17,1277,3
2021-05-04,Monterey,053,433212,42995,42845,1813,44658,380
2021-05-04,Napa,055,140530,9798,9824,32,9856,81
2021-05-04,Nevada,057,99092,4735,4656,184,4840,70
2021-05-04,Orange,059,3164182,254642,253177,11109,264286,4977
2021-05-04,Placer,061,380077,22844,22326,1423,23749,287
2021-05-04,Plumas,063,18699,692,675,10,685,4
2021-05-04,Riverside,065,2383286,292870,287285,13746,301031,4411
2021-05-04,Sacramento,067,1510023,104136,103383,1673,105056,1604
2021-05-04,San Benito,069,59416,6025,6039,111,6150,63
2021-05-04,San Bernardino,071,2135413,292116,290934,8848,299782,4668
2021-05-04,San Diego,073,3302833,278533,276879,14612,291491,3713
2021-05-04,San Francisco,075,870044,36383,36550,1245,37795,541
2021-05-04,San Joaquin,077,732212,72279,71582,3406,74988,1342
2021-05-04,San Luis Obispo,079,281455,21206,20923,711,21634,255
2021-05-04,San Mateo,081,765935,41985,41708,459,42167,415
2021-05-04,Santa Barbara,083,443738,34252,34131,1109,35240,453
2021-05-04,Santa Clara,085,1922200,117884,118431,731,119162,1988
2021-05-04,Santa Cruz,087,273765,16145,16005,795,16800,207
2021-05-04,Shasta,089,179085,11950,11923,1485,13408,198
2021-05-04,Sierra,091,2930,56,54,12,66,0
2021-05-04,Siskiyou,093,43540,1806,1694,309,2003,11
2021-05-04,Solano,095,438530,32360,32220,515,32735,249
2021-05-04,Sonoma,097,501317,29716,29867,319,30186,318
2021-05-04,Stanislaus,099,539301,55488,55165,5779,60944,807
2021-05-04,Sutter,101,95872,9345,9375,80,9455,111
2021-05-04,Tehama,103,63373,4988,4959,550,5509,53
2021-05-04,Trinity,105,12862,482,326,83,409,3
2021-05-04,Tulare,107,460477,49885,48857,8743,57600,835
2021-05-04,Tuolumne,109,53932,3997,4041,41,4082,61
2021-05-04,Ventura,111,848112,80965,80351,2922,83273,1005
2021-05-04,Yolo,113,214977,13845,13820,208,14028,208
2021-05-04,Yuba,115,75493,5921,5891,118,6009,44
2021-05-03,Alameda,001,1643700,86973,86845,1875,88720,1272
2021-05-03,Alpine,002,1148,87,88,0,88,0
2021-05-03,Amador,005,37829,3643,3651,32,3683,46
2021-05-03,Butte,007,227075,12239,11864,1788,13652,198
2021-05-03,Calaveras,009,45235,2103,2099,13,2112,50
2021-05-03,Colusa,011,21464,1929,1931,293,2224,14
2021-05-03,Contra Costa,013,1133247,68455,67895,1214,69109,799
2021-05-03,Del Norte,015,27424,1354,1306,11,1317,6
2021-05-03,El Dorado,017,186661,10090,9984,717,10701,110
2021-05-03,Fresno,019,978130,101904,101405,8487,109892,1678
2021-05-03,Glenn,021,27897,2396,2375,538,2913,17
2021-05-03,Humboldt,023,135768,3904,3865,32,3897,36
2021-05-03,Imperial,025,180216,28369,28280,2636,30916,720
2021-05-03,Inyo,027,18085,1401,1398,11,1409,36
2021-05-03,Kern,029,883053,96701,95693,10561,106254,1299
2021-05-03,Kings,031,150075,23037,22821,1061,23882,246
2021-05-03,Lake,033,64148,3476,3446,9,3455,43
2021-05-03,Lassen,035,31185,5175,5142,104,5246,1
2021-05-03,Los Angeles,037,10098052,1202914,1193261,40046,1233307,23942
2021-05-03,Madera,039,155013,16510,16414,908,17322,235
2021-05-03,Marin,041,260295,5535,13927,242,14169,228
2021-05-03,Mariposa,043,17540,422,418,11,429,5
2021-05-03,Mendocino,045,87422,3856,3792,80,3872,46
2021-05-03,Merced,047,269075,30699,30814,1021,31835,444
2021-05-03,Modoc,049,8938,366,360,120,480,3
2021-05-03,Mono,051,14174,1251,1259,17,1276,3
2021-05-03,Monterey,053,433212,42983,42837,1811,44648,380
2021-05-03,Napa,055,140530,9793,9815,32,9847,81
2021-05-03,Nevada,057,99092,4727,4650,184,4834,70
2021-05-03,Orange,059,3164182,254584,253107,11100,264207,4968
2021-05-03,Placer,061,380077,22813,22289,1417,23706,287
2021-05-03,Plumas,063,18699,691,675,10,685,4
2021-05-03,Riverside,065,2383286,292796,287233,13745,300978,4412
2021-05-03,Sacramento,067,1510023,103983,103303,1663,104966,1602
2021-05-03,San Benito,069,59416,6024,6038,111,6149,63
2021-05-03,San Bernardino,071,2135413,292048,290886,8845,299731,4659
2021-05-03,San Diego,073,3302833,278370,276693,14587,291280,3712
2021-05-03,San Francisco,075,870044,36357,36538,1245,37783,541
2021-05-03,San Joaquin,077,732212,72229,71504,3403,74907,1325
2021-05-03,San Luis Obispo,079,281455,21190,20915,708,21623,254
2021-05-03,San Mateo,081,765935,41962,41689,458,42147,413
2021-05-03,Santa Barbara,083,443738,34240,34119,1109,35228,453
2021-05-03,Santa Clara,085,1922200,117830,118373,730,119103,1988
2021-05-03,Santa Cruz,087,273765,16142,16000,795,16795,207
2021-05-03,Shasta,089,179085,11927,11890,1480,13370,197
2021-05-03,Sierra,091,2930,56,54,12,66,0
2021-05-03,Siskiyou,093,43540,1800,1683,303,1986,11
2021-05-03,Solano,095,438530,32319,32201,514,32715,249
2021-05-03,Sonoma,097,501317,29704,29855,316,30171,318
2021-05-03,Stanislaus,099,539301,55422,55116,5770,60886,774
2021-05-03,Sutter,101,95872,9333,9370,80,9450,111
2021-05-03,Tehama,103,63373,4980,4952,550,5502,53
2021-05-03,Trinity,105,12862,482,326,83,409,3
2021-05-03,Tulare,107,460477,49867,48844,8733,57577,835
2021-05-03,Tuolumne,109,53932,3996,4038,41,4079,61
2021-05-03,Ventura,111,848112,80943,80291,2922,83213,1005
2021-05-03,Yolo,113,214977,13831,13809,207,14016,208
2021-05-03,Yuba,115,75493,5916,5880,118,5998,44
2021-05-02,Alameda,001,1643700,86888,86784,1873,88657,1272
2021-05-02,Alpine,002,1148,87,88,0,88,0
2021-05-02,Amador,005,37829,3643,3650,32,3682,46
2021-05-02,Butte,007,227075,12215,11859,1786,13645,198
2021-05-02,Calaveras,009,45235,2099,2098,13,2111,50
2021-05-02,Colusa,011,21464,1928,1931,292,2223,14
2021-05-02,Contra Costa,013,1133247,68370,67843,1212,69055,800
2021-05-02,Del Norte,015,27424,1347,1305,11,1316,6
2021-05-02,El Dorado,017,186661,10075,9962,716,10678,110
2021-05-02,Fresno,019,978130,101832,101372,8476,109848,1678
2021-05-02,Glenn,021,27897,2395,2374,536,2910,17
2021-05-02,Humboldt,023,135768,3892,3858,31,3889,36
2021-05-02,Imperial,025,180216,28335,28275,2627,30902,721
2021-05-02,Inyo,027,18085,1399,1398,11,1409,36
2021-05-02,Kern,029,883053,96643,95668,10554,106222,1299
2021-05-02,Kings,031,150075,23019,22816,1060,23876,246
2021-05-02,Lake,033,64148,3474,3443,9,3452,43
2021-05-02,Lassen,035,31185,5174,5142,103,5245,1
2021-05-02,Los Angeles,037,10098052,1202562,1193056,40025,1233081,23943
2021-05-02,Madera,039,155013,16504,16410,908,17318,235
2021-05-02,Marin,041,260295,5525,13917,242,14159,228
2021-05-02,Mariposa,043,17540,422,419,11,430,5
2021-05-02,Mendocino,045,87422,3851,3787,80,3867,46
2021-05-02,Merced,047,269075,30679,30793,1017,31810,444
2021-05-02,Modoc,049,8938,365,360,120,480,3
2021-05-02,Mono,051,14174,1250,1259,17,1276,3
2021-05-02,Monterey,053,433212,42969,42837,1810,44647,380
2021-05-02,Napa,055,140530,9789,9805,32,9837,81
2021-05-02,Nevada,057,99092,4711,4635,184,4819,70
2021-05-02,Orange,059,3164182,254510,253025,11086,264111,4968
2021-05-02,Placer,061,380077,22784,22264,1414,23678,287
2021-05-02,Plumas,063,18699,691,675,10,685,4
2021-05-02,Riverside,065,2383286,292696,287197,13735,300932,4412
2021-05-02,Sacramento,067,1510023,103844,103153,1655,104808,1602
2021-05-02,San Benito,069,59416,6019,6037,111,6148,63
2021-05-02,San Bernardino,071,2135413,291949,290859,8843,299702,4655
2021-05-02,San Diego,073,3302833,278174,276521,14560,291081,3712
2021-05-02,San Francisco,075,870044,36331,36522,1245,37767,541
2021-05-02,San Joaquin,077,732212,72165,71447,3397,74844,1325
2021-05-02,San Luis Obispo,079,281455,21169,20910,707,21617,254
2021-05-02,San Mateo,081,765935,41946,41656,457,42113,412
2021-05-02,Santa Barbara,083,443738,34226,34106,1109,35215,453
2021-05-02,Santa Clara,085,1922200,117756,118321,730,119051,1988
2021-05-02,Santa Cruz,087,273765,16137,15995,794,16789,207
2021-05-02,Shasta,089,179085,11911,11885,1472,13357,197
2021-05-02,Sierra,091,2930,56,54,12,66,0
2021-05-02,Siskiyou,093,43540,1789,1661,302,1963,11
2021-05-02,Solano,095,438530,32281,32151,510,32661,249
2021-05-02,Sonoma,097,501317,29682,29842,316,30158,318
2021-05-02,Stanislaus,099,539301,55348,55057,5763,60820,774
2021-05-02,Sutter,101,95872,9327,9363,80,9443,111
2021-05-02,Tehama,103,63373,4975,4950,548,5498,53
2021-05-02,Trinity,105,12862,482,326,83,409,3
2021-05-02,Tulare,107,460477,49849,48834,8725,57559,835
2021-05-02,Tuolumne,109,53932,3993,4038,41,4079,61
2021-05-02,Ventura,111,848112,80905,80284,2921,83205,1005
2021-05-02,Yolo,113,214977,13819,13799,206,14005,208
2021-05-02,Yuba,115,75493,5906,5879,118,5997,44
2021-05-01,Alameda,001,1643700,86845,86704,1870,88574,1270
2021-05-01,Alpine,002,1148,87,88,0,88,0
2021-05-01,Amador,005,37829,3643,3650,32,3682,46
2021-05-01,Butte,007,227075,12201,11845,1781,13626,198
2021-05-01,Calaveras,009,45235,2097,2096,13,2109,50
2021-05-01,Colusa,011,21464,1927,1931,292,2223,14
2021-05-01,Contra Costa,013,1133247,68318,67779,1209,68988,800
2021-05-01,Del Norte,015,27424,1346,1292,11,1303,6
2021-05-01,El Dorado,017,186661,10061,9944,714,10658,110
2021-05-01,Fresno,019,978130,101787,101326,8470,109796,1678
2021-05-01,Glenn,021,27897,2392,2369,535,2904,17
2021-05-01,Humboldt,023,135768,3878,3845,31,3876,36
2021-05-01,Imperial,025,180216,28328,28262,2627,30889,721
2021-05-01,Inyo,027,18085,1399,1397,11,1408,36
2021-05-01,Kern,029,883053,96616,95645,10543,106188,1299
2021-05-01,Kings,031,150075,23016,22797,1059,23856,246
2021-05-01,Lake,033,64148,3472,3441,9,3450,43
2021-05-01,Lassen,035,31185,5172,5142,103,5245,1
2021-05-01,Los Angeles,037,10098052,1202392,1192781,40011,1232792,23946
2021-05-01,Madera,039,155013,16500,16408,908,17316,235
2021-05-01,Marin,041,260295,5517,13902,242,14144,228
2021-05-01,Mariposa,043,17540,422,418,11,429,5
2021-05-01,Mendocino,045,87422,3849,3782,80,3862,46
2021-05-01,Merced,047,269075,30662,30771,1016,31787,444
2021-05-01,Modoc,049,8938,365,361,120,481,3
2021-05-01,Mono,051,14174,1250,1258,17,1275,3
2021-05-01,Monterey,053,433212,42963,42828,1810,44638,379
2021-05-01,Napa,055,140530,9786,9800,32,9832,81
2021-05-01,Nevada,057,99092,4706,4625,184,4809,70
2021-05-01,Orange,059,3164182,254467,252969,11076,264045,4964
2021-05-01,Placer,061,380077,22758,22240,1412,23652,287
2021-05-01,Plumas,063,18699,690,675,10,685,4
2021-05-01,Riverside,065,2383286,292657,287129,13733,300862,4412
2021-05-01,Sacramento,067,1510023,103763,103043,1654,104697,1602
2021-05-01,San Benito,069,59416,6016,6030,111,6141,63
2021-05-01,San Bernardino,071,2135413,291906,290802,8842,299644,4652
2021-05-01,San Diego,073,3302833,278050,276367,14539,290906,3706
2021-05-01,San Francisco,075,870044,36316,36496,1245,37741,541
2021-05-01,San Joaquin,077,732212,72116,71389,3395,74784,1325
2021-05-01,San Luis Obispo,079,281455,21164,20896,707,21603,254
2021-05-01,San Mateo,081,765935,41917,41617,456,42073,411
2021-05-01,Santa Barbara,083,443738,34221,34085,1108,35193,453
2021-05-01,Santa Clara,085,1922200,117704,118265,728,118993,1988
2021-05-01,Santa Cruz,087,273765,16134,15984,794,16778,207
2021-05-01,Shasta,089,179085,11891,11878,1465,13343,197
2021-05-01,Sierra,091,2930,56,53,12,65,0
2021-05-01,Siskiyou,093,43540,1781,1653,301,1954,11
2021-05-01,Solano,095,438530,32251,32124,502,32626,249
2021-05-01,Sonoma,097,501317,29679,29835,316,30151,318
2021-05-01,Stanislaus,099,539301,55313,55005,5757,60762,774
2021-05-01,Sutter,101,95872,9324,9358,80,9438,110
2021-05-01,Tehama,103,63373,4974,4950,547,5497,53
2021-05-01,Trinity,105,12862,482,326,82,408,3
2021-05-01,Tulare,107,460477,49842,48818,8719,57537,835
2021-05-01,Tuolumne,109,53932,3987,4035,41,4076,61
2021-05-01,Ventura,111,848112,80887,80268,2921,83189,1005
2021-05-01,Yolo,113,214977,13812,13784,204,13988,208
2021-05-01,Yuba,115,75493,5904,5875,118,5993,44
2021-04-30,Alameda,001,1643700,86784,86602,1867,88469,1268
2021-04-30,Alpine,002,1148,87,88,0,88,0
2021-04-30,Amador,005,37829,3641,3650,32,3682,46
2021-04-30,Butte,007,227075,12182,11812,1777,13589,197
2021-04-30,Calaveras,009,45235,2096,2087,13,2100,50
2021-04-30,Colusa,011,21464,1927,1931,291,2222,14
2021-04-30,Contra Costa,013,1133247,68270,67684,1206,68890,800
2021-04-30,Del Norte,015,27424,1334,1276,11,1287,6
2021-04-30,El Dorado,017,186661,10047,9906,714,10620,110
2021-04-30,Fresno,019,978130,101741,101263,8466,109729,1670
2021-04-30,Glenn,021,27897,2391,2369,535,2904,17
2021-04-30,Humboldt,023,135768,3865,3834,31,3865,36
2021-04-30,Imperial,025,180216,28319,28244,2624,30868,721
2021-04-30,Inyo,027,18085,1399,1397,11,1408,36
2021-04-30,Kern,029,883053,96599,95605,10539,106144,1298
2021-04-30,Kings,031,150075,23013,22793,1058,23851,246
2021-04-30,Lake,033,64148,3468,3440,9,3449,43
2021-04-30,Lassen,035,31185,5171,5140,103,5243,1
2021-04-30,Los Angeles,037,10098052,1202182,1192393,39998,1232391,23919
2021-04-30,Madera,039,155013,16494,16395,908,17303,235
2021-04-30,Marin,041,260295,5509,13895,240,14135,228
2021-04-30,Mariposa,043,17540,422,417,11,428,5
2021-04-30,Mendocino,045,87422,3845,3777,80,3857,46
2021-04-30,Merced,047,269075,30649,30740,1015,31755,444
2021-04-30,Modoc,049,8938,364,360,120,480,3
2021-04-30,Mono,051,14174,1250,1258,17,1275,3
2021-04-30,Monterey,053,433212,42949,42810,1809,44619,379
2021-04-30,Napa,055,140530,9782,9792,32,9824,81
2021-04-30,Nevada,057,99092,4698,4608,184,4792,70
2021-04-30,Orange,059,3164182,254409,252883,11070,263953,4956
2021-04-30,Placer,061,380077,22739,22190,1408,23598,287
2021-04-30,Plumas,063,18699,690,677,10,687,4
2021-04-30,Riverside,065,2383286,292599,287030,13726,300756,4412
2021-04-30,Sacramento,067,1510023,103662,102864,1650,104514,1596
2021-04-30,San Benito,069,59416,6012,6024,110,6134,63
2021-04-30,San Bernardino,071,2135413,291846,290704,8841,299545,4640
2021-04-30,San Diego,073,3302833,277954,276157,14528,290685,3702
2021-04-30,San Francisco,075,870044,36305,36453,1244,37697,538
2021-04-30,San Joaquin,077,732212,72064,71311,3392,74703,1306
2021-04-30,San Luis Obispo,079,281455,21158,20884,707,21591,255
2021-04-30,San Mateo,081,765935,41903,41583,455,42038,380
2021-04-30,Santa Barbara,083,443738,34208,34061,1108,35169,451
2021-04-30,Santa Clara,085,1922200,117646,118170,724,118894,1988
2021-04-30,Santa Cruz,087,273765,16129,15975,794,16769,207
2021-04-30,Shasta,089,179085,11870,11848,1462,13310,197
2021-04-30,Sierra,091,2930,56,53,12,65,0
2021-04-30,Siskiyou,093,43540,1770,1628,298,1926,11
2021-04-30,Solano,095,438530,32219,32050,499,32549,249
2021-04-30,Sonoma,097,501317,29669,29816,314,30130,318
2021-04-30,Stanislaus,099,539301,55262,54938,5754,60692,774
2021-04-30,Sutter,101,95872,9322,9353,80,9433,110
2021-04-30,Tehama,103,63373,4971,4944,547,5491,53
2021-04-30,Trinity,105,12862,482,326,82,408,3
2021-04-30,Tulare,107,460477,49832,48797,8703,57500,836
2021-04-30,Tuolumne,109,53932,3986,4033,41,4074,61
2021-04-30,Ventura,111,848112,80847,80232,2916,83148,1004
2021-04-30,Yolo,113,214977,13800,13756,204,13960,208
2021-04-30,Yuba,115,75493,5896,5870,118,5988,44
2021-04-29,Alameda,001,1643700,86717,86490,1866,88356,1263
2021-04-29,Alpine,002,1148,87,88,0,88,0
2021-04-29,Amador,005,37829,3641,3649,32,3681,46
2021-04-29,Butte,007,227075,12167,11787,1775,13562,196
2021-04-29,Calaveras,009,45235,2093,2082,13,2095,50
2021-04-29,Colusa,011,21464,1927,1929,291,2220,14
2021-04-29,Contra Costa,013,1133247,68215,67606,1203,68809,795
2021-04-29,Del Norte,015,27424,1330,1271,11,1282,6
2021-04-29,El Dorado,017,186661,10027,9884,711,10595,107
2021-04-29,Fresno,019,978130,101687,101189,8455,109644,1667
2021-04-29,Glenn,021,27897,2388,2369,535,2904,17
2021-04-29,Humboldt,023,135768,3851,3815,31,3846,36
2021-04-29,Imperial,025,180216,28307,28235,2623,30858,720
2021-04-29,Inyo,027,18085,1399,1396,11,1407,36
2021-04-29,Kern,029,883053,96566,95547,10535,106082,1295
2021-04-29,Kings,031,150075,23003,22777,1053,23830,245
2021-04-29,Lake,033,64148,3460,3438,9,3447,43
2021-04-29,Lassen,035,31185,5171,5140,103,5243,1
2021-04-29,Los Angeles,037,10098052,1201904,1192068,39977,1232045,23899
2021-04-29,Madera,039,155013,16489,16383,907,17290,235
2021-04-29,Marin,041,260295,5505,13884,232,14116,228
2021-04-29,Mariposa,043,17540,421,416,11,427,5
2021-04-29,Mendocino,045,87422,3839,3774,80,3854,46
2021-04-29,Merced,047,269075,30630,30706,1013,31719,444
2021-04-29,Modoc,049,8938,364,360,120,480,3
2021-04-29,Mono,051,14174,1247,1259,17,1276,3
2021-04-29,Monterey,053,433212,42932,42797,1808,44605,379
2021-04-29,Napa,055,140530,9768,9789,32,9821,81
2021-04-29,Nevada,057,99092,4687,4590,184,4774,70
2021-04-29,Orange,059,3164182,254339,252823,11055,263878,4934
2021-04-29,Placer,061,380077,22714,22161,1406,23567,286
2021-04-29,Plumas,063,18699,689,676,10,686,4
2021-04-29,Riverside,065,2383286,292531,286947,13724,300671,4409
2021-04-29,Sacramento,067,1510023,103529,102686,1640,104326,1593
2021-04-29,San Benito,069,59416,6011,6023,110,6133,63
2021-04-29,San Bernardino,071,2135413,291774,290606,8836,299442,4609
2021-04-29,San Diego,073,3302833,277803,275961,14511,290472,3700
2021-04-29,San Francisco,075,870044,36280,36412,1244,37656,537
2021-04-29,San Joaquin,077,732212,71998,71225,3387,74612,1301
2021-04-29,San Luis Obispo,079,281455,21147,20876,707,21583,255
2021-04-29,San Mateo,081,765935,41875,41538,454,41992,358
2021-04-29,Santa Barbara,083,443738,34192,34039,1106,35145,448
2021-04-29,Santa Clara,085,1922200,117591,118082,721,118803,1984
2021-04-29,Santa Cruz,087,273765,16123,15961,794,16755,205
2021-04-29,Shasta,089,179085,11839,11836,1454,13290,193
2021-04-29,Sierra,091,2930,56,53,12,65,0
2021-04-29,Siskiyou,093,43540,1761,1615,295,1910,11
2021-04-29,Solano,095,438530,32178,32002,495,32497,248
2021-04-29,Sonoma,097,501317,29654,29785,311,30096,318
2021-04-29,Stanislaus,099,539301,55195,54836,5749,60585,774
2021-04-29,Sutter,101,95872,9315,9346,80,9426,110
2021-04-29,Tehama,103,63373,4963,4939,547,5486,53
2021-04-29,Trinity,105,12862,482,326,82,408,3
2021-04-29,Tulare,107,460477,49814,48785,8692,57477,832
2021-04-29,Tuolumne,109,53932,3985,4030,41,4071,58
2021-04-29,Ventura,111,848112,80813,80188,2914,83102,1002
2021-04-29,Yolo,113,214977,13780,13745,203,13948,205
2021-04-29,Yuba,115,75493,5886,5865,118,5983,44
2021-04-28,Alameda,001,1643700,86645,86390,1862,88252,1260
2021-04-28,Alpine,002,1148,87,88,0,88,0
2021-04-28,Amador,005,37829,3641,3646,32,3678,46
2021-04-28,Butte,007,227075,12147,11762,1770,13532,196
2021-04-28,Calaveras,009,45235,2089,2078,12,2090,50
2021-04-28,Colusa,011,21464,1924,1927,290,2217,14
2021-04-28,Contra Costa,013,1133247,68155,67539,1201,68740,795
2021-04-28,Del Norte,015,27424,1322,1267,11,1278,6
2021-04-28,El Dorado,017,186661,10002,9873,711,10584,107
2021-04-28,Fresno,019,978130,101641,101161,8445,109606,1666
2021-04-28,Glenn,021,27897,2385,2368,535,2903,17
2021-04-28,Humboldt,023,135768,3835,3796,31,3827,36
2021-04-28,Imperial,025,180216,28293,28177,2622,30799,720
2021-04-28,Inyo,027,18085,1399,1396,10,1406,36
2021-04-28,Kern,029,883053,96537,95494,10526,106020,1295
2021-04-28,Kings,031,150075,22991,22767,1051,23818,245
2021-04-28,Lake,033,64148,3457,3433,9,3442,43
2021-04-28,Lassen,035,31185,5171,5138,103,5241,1
2021-04-28,Los Angeles,037,10098052,1201602,1191729,39950,1231679,23858
2021-04-28,Madera,039,155013,16485,16372,907,17279,235
2021-04-28,Marin,041,260295,5494,13866,232,14098,227
2021-04-28,Mariposa,043,17540,418,415,11,426,5
2021-04-28,Mendocino,045,87422,3833,3770,78,3848,46
2021-04-28,Merced,047,269075,30612,30649,1013,31662,443
2021-04-28,Modoc,049,8938,364,360,120,480,3
2021-04-28,Mono,051,14174,1247,1258,17,1275,3
2021-04-28,Monterey,053,433212,42927,42776,1808,44584,379
2021-04-28,Napa,055,140530,9757,9777,32,9809,81
2021-04-28,Nevada,057,99092,4667,4570,184,4754,70
2021-04-28,Orange,059,3164182,254259,252747,11043,263790,4931
2021-04-28,Placer,061,380077,22687,22115,1405,23520,285
2021-04-28,Plumas,063,18699,689,676,10,686,4
2021-04-28,Riverside,065,2383286,292475,286868,13718,300586,4407
2021-04-28,Sacramento,067,1510023,103408,102613,1636,104249,1591
2021-04-28,San Benito,069,59416,6009,6021,110,6131,63
2021-04-28,San Bernardino,071,2135413,291695,290548,8826,299374,4582
2021-04-28,San Diego,073,3302833,277649,275821,14497,290318,3698
2021-04-28,San Francisco,075,870044,36250,36382,1243,37625,534
2021-04-28,San Joaquin,077,732212,71918,71171,3379,74550,1301
2021-04-28,San Luis Obispo,079,281455,21139,20851,707,21558,255
2021-04-28,San Mateo,081,765935,41850,41498,452,41950,358
2021-04-28,Santa Barbara,083,443738,34178,34003,1106,35109,448
2021-04-28,Santa Clara,085,1922200,117522,117997,719,118716,1969
2021-04-28,Santa Cruz,087,273765,16119,15943,793,16736,205
2021-04-28,Shasta,089,179085,11823,11815,1447,13262,192
2021-04-28,Sierra,091,2930,56,51,12,63,0
2021-04-28,Siskiyou,093,43540,1748,1603,292,1895,11
2021-04-28,Solano,095,438530,32146,31982,490,32472,248
2021-04-28,Sonoma,097,501317,29640,29773,307,30080,318
2021-04-28,Stanislaus,099,539301,55140,54745,5746,60491,774
2021-04-28,Sutter,101,95872,9310,9343,80,9423,110
2021-04-28,Tehama,103,63373,4958,4930,546,5476,53
2021-04-28,Trinity,105,12862,482,326,82,408,3
2021-04-28,Tulare,107,460477,49796,48754,8677,57431,832
2021-04-28,Tuolumne,109,53932,3982,4029,41,4070,58
2021-04-28,Ventura,111,848112,80778,80172,2912,83084,1000
2021-04-28,Yolo,113,214977,13766,13721,202,13923,205
2021-04-28,Yuba,115,75493,5880,5857,118,5975,44
2021-04-27,Alameda,001,1643700,86555,86301,1856,88157,1260
2021-04-27,Alpine,002,1148,87,88,0,88,0
2021-04-27,Amador,005,37829,3641,3645,32,3677,46
2021-04-27,Butte,007,227075,12122,11738,1764,13502,196
2021-04-27,Calaveras,009,45235,2087,2076,12,2088,50
2021-04-27,Colusa,011,21464,1923,1926,290,2216,14
2021-04-27,Contra Costa,013,1133247,68086,67470,1197,68667,791
2021-04-27,Del Norte,015,27424,1310,1266,11,1277,6
2021-04-27,El Dorado,017,186661,9973,9866,708,10574,106
2021-04-27,Fresno,019,978130,101576,101138,8435,109573,1663
2021-04-27,Glenn,021,27897,2385,2368,535,2903,17
2021-04-27,Humboldt,023,135768,3823,3780,31,3811,35
2021-04-27,Imperial,025,180216,28277,28149,2616,30765,720
2021-04-27,Inyo,027,18085,1399,1396,10,1406,36
2021-04-27,Kern,029,883053,96480,95466,10516,105982,1295
2021-04-27,Kings,031,150075,22976,22759,1049,23808,244
2021-04-27,Lake,033,64148,3456,3431,9,3440,43
2021-04-27,Lassen,035,31185,5171,5137,103,5240,1
2021-04-27,Los Angeles,037,10098052,1201279,1191504,39920,1231424,23825
2021-04-27,Madera,039,155013,16478,16365,907,17272,235
2021-04-27,Marin,041,260295,5473,13855,232,14087,227
2021-04-27,Mariposa,043,17540,417,413,11,424,5
2021-04-27,Mendocino,045,87422,3829,3765,78,3843,46
2021-04-27,Merced,047,269075,30571,30620,1013,31633,443
2021-04-27,Modoc,049,8938,363,360,120,480,3
2021-04-27,Mono,051,14174,1247,1257,17,1274,3
2021-04-27,Monterey,053,433212,42909,42752,1805,44557,379
2021-04-27,Napa,055,140530,9750,9774,30,9804,81
2021-04-27,Nevada,057,99092,4652,4557,184,4741,70
2021-04-27,Orange,059,3164182,254189,252667,11038,263705,4925
2021-04-27,Placer,061,380077,22657,22050,1401,23451,285
2021-04-27,Plumas,063,18699,688,675,10,685,4
2021-04-27,Riverside,065,2383286,292399,286820,13714,300534,4405
2021-04-27,Sacramento,067,1510023,103279,102595,1626,104221,1589
2021-04-27,San Benito,069,59416,6004,6016,110,6126,63
2021-04-27,San Bernardino,071,2135413,291628,290461,8821,299282,4575
2021-04-27,San Diego,073,3302833,277492,275685,14477,290162,3692
2021-04-27,San Francisco,075,870044,36222,36358,1242,37600,533
2021-04-27,San Joaquin,077,732212,71864,71104,3373,74477,1301
2021-04-27,San Luis Obispo,079,281455,21132,20841,707,21548,255
2021-04-27,San Mateo,081,765935,41815,41474,451,41925,358
2021-04-27,Santa Barbara,083,443738,34154,33973,1105,35078,448
2021-04-27,Santa Clara,085,1922200,117472,117945,718,118663,1969
2021-04-27,Santa Cruz,087,273765,16112,15905,792,16697,205
2021-04-27,Shasta,089,179085,11795,11802,1440,13242,192
2021-04-27,Sierra,091,2930,56,51,12,63,0
2021-04-27,Siskiyou,093,43540,1733,1597,291,1888,11
2021-04-27,Solano,095,438530,32098,31964,489,32453,248
2021-04-27,Sonoma,097,501317,29622,29761,306,30067,318
2021-04-27,Stanislaus,099,539301,55070,54695,5738,60433,752
2021-04-27,Sutter,101,95872,9305,9342,80,9422,110
2021-04-27,Tehama,103,63373,4955,4922,542,5464,53
2021-04-27,Trinity,105,12862,482,326,82,408,3
2021-04-27,Tulare,107,460477,49779,48744,8668,57412,832
2021-04-27,Tuolumne,109,53932,3979,4028,41,4069,58
2021-04-27,Ventura,111,848112,80749,80152,2910,83062,1000
2021-04-27,Yolo,113,214977,13752,13697,201,13898,205
2021-04-27,Yuba,115,75493,5880,5853,118,5971,44
2021-04-26,Alameda,001,1643700,86461,86230,1853,88083,1256
2021-04-26,Alpine,002,1148,87,88,0,88,0
2021-04-26,Amador,005,37829,3640,3645,32,3677,46
2021-04-26,Butte,007,227075,12098,11720,1759,13479,196
2021-04-26,Calaveras,009,45235,2081,2074,12,2086,50
2021-04-26,Colusa,011,21464,1923,1925,289,2214,14
2021-04-26,Contra Costa,013,1133247,68019,67392,1193,68585,789
2021-04-26,Del Norte,015,27424,1301,1263,11,1274,6
2021-04-26,El Dorado,017,186661,9952,9849,707,10556,106
2021-04-26,Fresno,019,978130,101521,101099,8422,109521,1662
2021-04-26,Glenn,021,27897,2383,2367,535,2902,17
2021-04-26,Humboldt,023,135768,3813,3764,30,3794,35
2021-04-26,Imperial,025,180216,28264,28148,2613,30761,720
2021-04-26,Inyo,027,18085,1398,1396,10,1406,36
2021-04-26,Kern,029,883053,96453,95429,10510,105939,1295
2021-04-26,Kings,031,150075,22973,22756,1046,23802,244
2021-04-26,Lake,033,64148,3451,3428,9,3437,43
2021-04-26,Lassen,035,31185,5171,5138,103,5241,1
2021-04-26,Los Angeles,037,10098052,1200950,1191253,39901,1231154,23802
2021-04-26,Madera,039,155013,16466,16353,906,17259,231
2021-04-26,Marin,041,260295,5458,13849,232,14081,227
2021-04-26,Mariposa,043,17540,416,410,11,421,5
2021-04-26,Mendocino,045,87422,3827,3757,77,3834,46
2021-04-26,Merced,047,269075,30554,30611,1010,31621,443
2021-04-26,Modoc,049,8938,363,360,120,480,3
2021-04-26,Mono,051,14174,1247,1258,17,1275,3
2021-04-26,Monterey,053,433212,42893,42740,1804,44544,379
2021-04-26,Napa,055,140530,9738,9769,30,9799,79
2021-04-26,Nevada,057,99092,4631,4548,184,4732,70
2021-04-26,Orange,059,3164182,254106,252592,11028,263620,4919
2021-04-26,Placer,061,380077,22629,22032,1396,23428,285
2021-04-26,Plumas,063,18699,688,670,10,680,4
2021-04-26,Riverside,065,2383286,292337,286724,13706,300430,4401
2021-04-26,Sacramento,067,1510023,103107,102459,1614,104073,1587
2021-04-26,San Benito,069,59416,6002,6013,110,6123,63
2021-04-26,San Bernardino,071,2135413,291576,290394,8820,299214,4572
2021-04-26,San Diego,073,3302833,277317,275541,14449,289990,3692
2021-04-26,San Francisco,075,870044,36194,36330,1241,37571,532
2021-04-26,San Joaquin,077,732212,71798,71050,3365,74415,1301
2021-04-26,San Luis Obispo,079,281455,21124,20830,706,21536,255
2021-04-26,San Mateo,081,765935,41785,41457,451,41908,357
2021-04-26,Santa Barbara,083,443738,34123,33948,1105,35053,448
2021-04-26,Santa Clara,085,1922200,117372,117874,715,118589,1968
2021-04-26,Santa Cruz,087,273765,16103,15877,792,16669,205
2021-04-26,Shasta,089,179085,11778,11787,1434,13221,192
2021-04-26,Sierra,091,2930,55,51,12,63,0
2021-04-26,Siskiyou,093,43540,1723,1592,288,1880,11
2021-04-26,Solano,095,438530,32053,31913,487,32400,247
2021-04-26,Sonoma,097,501317,29599,29755,304,30059,318
2021-04-26,Stanislaus,099,539301,54980,54638,5732,60370,744
2021-04-26,Sutter,101,95872,9300,9328,80,9408,110
2021-04-26,Tehama,103,63373,4950,4920,539,5459,53
2021-04-26,Trinity,105,12862,482,326,82,408,3
2021-04-26,Tulare,107,460477,49758,48735,8659,57394,831
2021-04-26,Tuolumne,109,53932,3978,4024,41,4065,58
2021-04-26,Ventura,111,848112,80724,80137,2907,83044,999
2021-04-26,Yolo,113,214977,13732,13684,198,13882,205
2021-04-26,Yuba,115,75493,5878,5851,118,5969,44
2021-04-25,Alameda,001,1643700,86360,86162,1847,88009,1256
2021-04-25,Alpine,002,1148,87,87,0,87,0
2021-04-25,Amador,005,37829,3639,3643,32,3675,46
2021-04-25,Butte,007,227075,12069,11709,1752,13461,196
2021-04-25,Calaveras,009,45235,2076,2072,11,2083,50
2021-04-25,Colusa,011,21464,1922,1924,289,2213,14
2021-04-25,Contra Costa,013,1133247,67927,67316,1192,68508,789
2021-04-25,Del Norte,015,27424,1295,1259,11,1270,6
2021-04-25,El Dorado,017,186661,9935,9837,705,10542,106
2021-04-25,Fresno,019,978130,101462,101061,8410,109471,1662
2021-04-25,Glenn,021,27897,2383,2366,535,2901,17
2021-04-25,Humboldt,023,135768,3800,3751,30,3781,35
2021-04-25,Imperial,025,180216,28238,28136,2611,30747,720
2021-04-25,Inyo,027,18085,1398,1396,10,1406,36
2021-04-25,Kern,029,883053,96387,95398,10498,105896,1295
2021-04-25,Kings,031,150075,22959,22755,1044,23799,244
2021-04-25,Lake,033,64148,3449,3427,9,3436,43
2021-04-25,Lassen,035,31185,5169,5138,103,5241,1
2021-04-25,Los Angeles,037,10098052,1200614,1190970,39881,1230851,23799
2021-04-25,Madera,039,155013,16454,16346,906,17252,231
2021-04-25,Marin,041,260295,5449,13852,232,14084,227
2021-04-25,Mariposa,043,17540,416,410,11,421,5
2021-04-25,Mendocino,045,87422,3820,3757,77,3834,46
2021-04-25,Merced,047,269075,30520,30586,1009,31595,443
2021-04-25,Modoc,049,8938,363,360,120,480,3
2021-04-25,Mono,051,14174,1247,1257,17,1274,3
2021-04-25,Monterey,053,433212,42880,42737,1802,44539,379
2021-04-25,Napa,055,140530,9733,9762,30,9792,79
2021-04-25,Nevada,057,99092,4619,4536,184,4720,70
2021-04-25,Orange,059,3164182,254029,252531,11022,263553,4919
2021-04-25,Placer,061,380077,22583,22011,1388,23399,285
2021-04-25,Plumas,063,18699,687,670,10,680,4
2021-04-25,Riverside,065,2383286,292244,286651,13700,300351,4401
2021-04-25,Sacramento,067,1510023,102939,102319,1604,103923,1587
2021-04-25,San Benito,069,59416,6000,6014,109,6123,63
2021-04-25,San Bernardino,071,2135413,291501,290357,8812,299169,4571
2021-04-25,San Diego,073,3302833,277104,275412,14416,289828,3692
2021-04-25,San Francisco,075,870044,36163,36310,1241,37551,532
2021-04-25,San Joaquin,077,732212,71703,70987,3355,74342,1301
2021-04-25,San Luis Obispo,079,281455,21105,20820,704,21524,255
2021-04-25,San Mateo,081,765935,41750,41465,450,41915,356
2021-04-25,Santa Barbara,083,443738,34097,33931,1105,35036,448
2021-04-25,Santa Clara,085,1922200,117293,117778,713,118491,1968
2021-04-25,Santa Cruz,087,273765,16097,15868,790,16658,205
2021-04-25,Shasta,089,179085,11755,11784,1429,13213,192
2021-04-25,Sierra,091,2930,55,51,12,63,0
2021-04-25,Siskiyou,093,43540,1712,1580,286,1866,11
2021-04-25,Solano,095,438530,32006,31864,479,32343,247
2021-04-25,Sonoma,097,501317,29581,29756,304,30060,318
2021-04-25,Stanislaus,099,539301,54884,54543,5724,60267,744
2021-04-25,Sutter,101,95872,9294,9326,80,9406,110
2021-04-25,Tehama,103,63373,4946,4916,537,5453,53
2021-04-25,Trinity,105,12862,482,326,82,408,3
2021-04-25,Tulare,107,460477,49742,48728,8646,57374,831
2021-04-25,Tuolumne,109,53932,3976,4022,41,4063,58
2021-04-25,Ventura,111,848112,80700,80110,2907,83017,999
2021-04-25,Yolo,113,214977,13706,13667,197,13864,205
2021-04-25,Yuba,115,75493,5875,5849,117,5966,44
2021-04-24,Alameda,001,1643700,86305,86016,1845,87861,1257
2021-04-24,Alpine,002,1148,87,86,0,86,0
2021-04-24,Amador,005,37829,3638,3640,32,3672,46
2021-04-24,Butte,007,227075,12053,11678,1750,13428,196
2021-04-24,Calaveras,009,45235,2072,2067,11,2078,50
2021-04-24,Colusa,011,21464,1921,1921,289,2210,14
2021-04-24,Contra Costa,013,1133247,67856,67222,1190,68412,789
2021-04-24,Del Norte,015,27424,1290,1255,11,1266,6
2021-04-24,El Dorado,017,186661,9924,9814,704,10518,106
2021-04-24,Fresno,019,978130,101431,100991,8404,109395,1662
2021-04-24,Glenn,021,27897,2383,2363,535,2898,17
2021-04-24,Humboldt,023,135768,3786,3722,30,3752,35
2021-04-24,Imperial,025,180216,28231,28124,2610,30734,720
2021-04-24,Inyo,027,18085,1397,1396,10,1406,36
2021-04-24,Kern,029,883053,96368,95365,10488,105853,1295
2021-04-24,Kings,031,150075,22956,22749,1044,23793,244
2021-04-24,Lake,033,64148,3448,3426,9,3435,43
2021-04-24,Lassen,035,31185,5168,5137,103,5240,1
2021-04-24,Los Angeles,037,10098052,1200382,1190603,39865,1230468,23802
2021-04-24,Madera,039,155013,16451,16338,906,17244,231
2021-04-24,Marin,041,260295,5441,13847,232,14079,227
2021-04-24,Mariposa,043,17540,416,409,11,420,5
2021-04-24,Mendocino,045,87422,3818,3754,75,3829,46
2021-04-24,Merced,047,269075,30500,30559,1009,31568,443
2021-04-24,Modoc,049,8938,363,360,120,480,3
2021-04-24,Mono,051,14174,1247,1256,17,1273,3
2021-04-24,Monterey,053,433212,42868,42727,1801,44528,379
2021-04-24,Napa,055,140530,9727,9756,30,9786,79
2021-04-24,Nevada,057,99092,4612,4522,184,4706,70
2021-04-24,Orange,059,3164182,253985,252441,11016,263457,4910
2021-04-24,Placer,061,380077,22570,21983,1387,23370,285
2021-04-24,Plumas,063,18699,686,670,10,680,4
2021-04-24,Riverside,065,2383286,292176,286552,13696,300248,4400
2021-04-24,Sacramento,067,1510023,102856,102179,1597,103776,1587
2021-04-24,San Benito,069,59416,5998,6007,109,6116,63
2021-04-24,San Bernardino,071,2135413,291453,290264,8811,299075,4568
2021-04-24,San Diego,073,3302833,277001,275252,14396,289648,3688
2021-04-24,San Francisco,075,870044,36134,36285,1236,37521,532
2021-04-24,San Joaquin,077,732212,71660,70911,3352,74263,1301
2021-04-24,San Luis Obispo,079,281455,21095,20797,703,21500,255
2021-04-24,San Mateo,081,765935,41737,41424,448,41872,355
2021-04-24,Santa Barbara,083,443738,34082,33911,1104,35015,448
2021-04-24,Santa Clara,085,1922200,117238,117674,711,118385,1968
2021-04-24,Santa Cruz,087,273765,16089,15840,790,16630,205
2021-04-24,Shasta,089,179085,11737,11770,1426,13196,192
2021-04-24,Sierra,091,2930,55,51,12,63,0
2021-04-24,Siskiyou,093,43540,1702,1574,285,1859,11
2021-04-24,Solano,095,438530,31983,31821,476,32297,247
2021-04-24,Sonoma,097,501317,29579,29739,304,30043,318
2021-04-24,Stanislaus,099,539301,54835,54455,5721,60176,744
2021-04-24,Sutter,101,95872,9291,9316,80,9396,110
2021-04-24,Tehama,103,63373,4941,4907,537,5444,53
2021-04-24,Trinity,105,12862,482,326,82,408,3
2021-04-24,Tulare,107,460477,49732,48705,8636,57341,830
2021-04-24,Tuolumne,109,53932,3972,4020,41,4061,58
2021-04-24,Ventura,111,848112,80687,80097,2905,83002,999
2021-04-24,Yolo,113,214977,13695,13653,197,13850,205
2021-04-24,Yuba,115,75493,5873,5837,117,5954,44
2021-04-23,Alameda,001,1643700,86231,85935,1842,87777,1256
2021-04-23,Alpine,002,1148,86,86,0,86,0
2021-04-23,Amador,005,37829,3637,3637,32,3669,46
2021-04-23,Butte,007,227075,12032,11672,1745,13417,196
2021-04-23,Calaveras,009,45235,2069,2064,11,2075,50
2021-04-23,Colusa,011,21464,1920,1921,289,2210,14
2021-04-23,Contra Costa,013,1133247,67802,67164,1188,68352,785
2021-04-23,Del Norte,015,27424,1289,1254,11,1265,6
2021-04-23,El Dorado,017,186661,9907,9788,701,10489,106
2021-04-23,Fresno,019,978130,101390,100928,8398,109326,1662
2021-04-23,Glenn,021,27897,2383,2361,534,2895,17
2021-04-23,Humboldt,023,135768,3776,3698,30,3728,35
2021-04-23,Imperial,025,180216,28216,28108,2609,30717,720
2021-04-23,Inyo,027,18085,1397,1395,10,1405,36
2021-04-23,Kern,029,883053,96343,95330,10482,105812,1295
2021-04-23,Kings,031,150075,22953,22735,1044,23779,244
2021-04-23,Lake,033,64148,3446,3425,9,3434,43
2021-04-23,Lassen,035,31185,5168,5141,103,5244,1
2021-04-23,Los Angeles,037,10098052,1200112,1190264,39841,1230105,23785
2021-04-23,Madera,039,155013,16442,16328,906,17234,231
2021-04-23,Marin,041,260295,5436,13838,232,14070,227
2021-04-23,Mariposa,043,17540,415,405,11,416,5
2021-04-23,Mendocino,045,87422,3816,3745,74,3819,46
2021-04-23,Merced,047,269075,30483,30530,1008,31538,443
2021-04-23,Modoc,049,8938,363,360,120,480,3
2021-04-23,Mono,051,14174,1245,1256,17,1273,3
2021-04-23,Monterey,053,433212,42862,42722,1801,44523,377
2021-04-23,Napa,055,140530,9722,9752,30,9782,79
2021-04-23,Nevada,057,99092,4603,4510,184,4694,70
2021-04-23,Orange,059,3164182,253941,252399,11009,263408,4904
2021-04-23,Placer,061,380077,22547,21959,1386,23345,282
2021-04-23,Plumas,063,18699,685,670,10,680,4
2021-04-23,Riverside,065,2383286,292117,286456,13691,300147,4399
2021-04-23,Sacramento,067,1510023,102769,102041,1594,103635,1586
2021-04-23,San Benito,069,59416,5996,6005,109,6114,63
2021-04-23,San Bernardino,071,2135413,291402,290189,8810,298999,4568
2021-04-23,San Diego,073,3302833,276862,275097,14373,289470,3684
2021-04-23,San Francisco,075,870044,36118,36252,1235,37487,532
2021-04-23,San Joaquin,077,732212,71604,70840,3349,74189,1295
2021-04-23,San Luis Obispo,079,281455,21086,20781,702,21483,255
2021-04-23,San Mateo,081,765935,41711,41386,448,41834,355
2021-04-23,Santa Barbara,083,443738,34072,33895,1102,34997,447
2021-04-23,Santa Clara,085,1922200,117176,117593,710,118303,1965
2021-04-23,Santa Cruz,087,273765,16082,15802,790,16592,205
2021-04-23,Shasta,089,179085,11730,11759,1425,13184,192
2021-04-23,Sierra,091,2930,55,51,12,63,0
2021-04-23,Siskiyou,093,43540,1690,1567,284,1851,11
2021-04-23,Solano,095,438530,31951,31784,472,32256,247
2021-04-23,Sonoma,097,501317,29565,29727,304,30031,318
2021-04-23,Stanislaus,099,539301,54773,54391,5713,60104,744
2021-04-23,Sutter,101,95872,9289,9312,80,9392,110
2021-04-23,Tehama,103,63373,4938,4906,537,5443,53
2021-04-23,Trinity,105,12862,482,326,82,408,3
2021-04-23,Tulare,107,460477,49715,48694,8629,57323,829
2021-04-23,Tuolumne,109,53932,3971,4020,41,4061,58
2021-04-23,Ventura,111,848112,80668,80095,2905,83000,996
2021-04-23,Yolo,113,214977,13683,13647,197,13844,205
2021-04-23,Yuba,115,75493,5870,5828,117,5945,44
2021-04-22,Alameda,001,1643700,86141,85829,1841,87670,1253
2021-04-22,Alpine,002,1148,86,86,0,86,0
2021-04-22,Amador,005,37829,3636,3633,32,3665,46
2021-04-22,Butte,007,227075,12018,11656,1742,13398,196
2021-04-22,Calaveras,009,45235,2067,2059,11,2070,50
2021-04-22,Colusa,011,21464,1918,1920,287,2207,14
2021-04-22,Contra Costa,013,1133247,67730,67029,1184,68213,782
2021-04-22,Del Norte,015,27424,1284,1252,11,1263,6
2021-04-22,El Dorado,017,186661,9895,9773,698,10471,106
2021-04-22,Fresno,019,978130,101345,100864,8387,109251,1657
2021-04-22,Glenn,021,27897,2382,2361,534,2895,17
2021-04-22,Humboldt,023,135768,3767,3680,30,3710,35
2021-04-22,Imperial,025,180216,28195,28096,2606,30702,720
2021-04-22,Inyo,027,18085,1396,1394,10,1404,36
2021-04-22,Kern,029,883053,96300,95292,10467,105759,1299
2021-04-22,Kings,031,150075,22943,22725,1044,23769,243
2021-04-22,Lake,033,64148,3444,3423,9,3432,43
2021-04-22,Lassen,035,31185,5168,5155,103,5258,1
2021-04-22,Los Angeles,037,10098052,1199790,1189878,39820,1229698,23762
2021-04-22,Madera,039,155013,16423,16316,906,17222,231
2021-04-22,Marin,041,260295,5428,13832,232,14064,227
2021-04-22,Mariposa,043,17540,414,403,11,414,5
2021-04-22,Mendocino,045,87422,3810,3729,74,3803,46
2021-04-22,Merced,047,269075,30448,30490,1007,31497,443
2021-04-22,Modoc,049,8938,363,360,120,480,3
2021-04-22,Mono,051,14174,1245,1254,17,1271,3
2021-04-22,Monterey,053,433212,42855,42708,1799,44507,377
2021-04-22,Napa,055,140530,9712,9734,30,9764,79
2021-04-22,Nevada,057,99092,4593,4504,182,4686,70
2021-04-22,Orange,059,3164182,253868,252307,10996,263303,4898
2021-04-22,Placer,061,380077,22517,21916,1382,23298,282
2021-04-22,Plumas,063,18699,684,670,10,680,4
2021-04-22,Riverside,065,2383286,292018,286362,13682,300044,4398
2021-04-22,Sacramento,067,1510023,102620,101870,1585,103455,1585
2021-04-22,San Benito,069,59416,5992,5998,109,6107,63
2021-04-22,San Bernardino,071,2135413,291333,290125,8801,298926,4571
2021-04-22,San Diego,073,3302833,276696,275913,14351,290264,3684
2021-04-22,San Francisco,075,870044,36095,36218,1232,37450,532
2021-04-22,San Joaquin,077,732212,71545,70751,3342,74093,1295
2021-04-22,San Luis Obispo,079,281455,21072,20761,702,21463,255
2021-04-22,San Mateo,081,765935,41685,41345,446,41791,355
2021-04-22,Santa Barbara,083,443738,34049,33870,1101,34971,446
2021-04-22,Santa Clara,085,1922200,117088,117457,706,118163,1954
2021-04-22,Santa Cruz,087,273765,16079,15737,789,16526,205
2021-04-22,Shasta,089,179085,11715,11738,1423,13161,192
2021-04-22,Sierra,091,2930,55,51,12,63,0
2021-04-22,Siskiyou,093,43540,1686,1564,283,1847,11
2021-04-22,Solano,095,438530,31906,31731,469,32200,247
2021-04-22,Sonoma,097,501317,29550,29705,300,30005,318
2021-04-22,Stanislaus,099,539301,54699,54313,5707,60020,744
2021-04-22,Sutter,101,95872,9285,9302,80,9382,110
2021-04-22,Tehama,103,63373,4932,4896,533,5429,53
2021-04-22,Trinity,105,12862,482,326,82,408,3
2021-04-22,Tulare,107,460477,49695,48669,8620,57289,828
2021-04-22,Tuolumne,109,53932,3967,4020,41,4061,58
2021-04-22,Ventura,111,848112,80642,80073,2903,82976,996
2021-04-22,Yolo,113,214977,13662,13616,197,13813,205
2021-04-22,Yuba,115,75493,5860,5825,117,5942,44
2021-04-21,Alameda,001,1643700,86062,85762,1839,87601,1249
2021-04-21,Alpine,002,1148,86,86,0,86,0
2021-04-21,Amador,005,37829,3633,3632,32,3664,46
2021-04-21,Butte,007,227075,11998,11643,1740,13383,196
2021-04-21,Calaveras,009,45235,2059,2057,11,2068,50
2021-04-21,Colusa,011,21464,1916,1920,286,2206,14
2021-04-21,Contra Costa,013,1133247,67664,66981,1183,68164,782
2021-04-21,Del Norte,015,27424,1280,1252,11,1263,6
2021-04-21,El Dorado,017,186661,9878,9760,695,10455,106
2021-04-21,Fresno,019,978130,101289,100838,8381,109219,1654
2021-04-21,Glenn,021,27897,2381,2361,534,2895,17
2021-04-21,Humboldt,023,135768,3748,3642,30,3672,35
2021-04-21,Imperial,025,180216,28183,28052,2605,30657,719
2021-04-21,Inyo,027,18085,1396,1392,10,1402,36
2021-04-21,Kern,029,883053,96254,95257,10457,105714,1297
2021-04-21,Kings,031,150075,22936,22713,1043,23756,243
2021-04-21,Lake,033,64148,3441,3421,9,3430,43
2021-04-21,Lassen,035,31185,5167,5156,103,5259,1
2021-04-21,Los Angeles,037,10098052,1199448,1189530,39801,1229331,23729
2021-04-21,Madera,039,155013,16418,16309,906,17215,231
2021-04-21,Marin,041,260295,5413,13822,232,14054,227
2021-04-21,Mariposa,043,17540,413,402,11,413,5
2021-04-21,Mendocino,045,87422,3808,3729,74,3803,46
2021-04-21,Merced,047,269075,30428,30471,1005,31476,442
2021-04-21,Modoc,049,8938,363,360,120,480,3
2021-04-21,Mono,051,14174,1245,1254,17,1271,3
2021-04-21,Monterey,053,433212,42840,42699,1797,44496,377
2021-04-21,Napa,055,140530,9706,9727,30,9757,79
2021-04-21,Nevada,057,99092,4579,4499,182,4681,70
2021-04-21,Orange,059,3164182,253791,252243,10983,263226,4889
2021-04-21,Placer,061,380077,22486,21896,1377,23273,282
2021-04-21,Plumas,063,18699,684,670,10,680,4
2021-04-21,Riverside,065,2383286,291924,286299,13675,299974,4388
2021-04-21,Sacramento,067,1510023,102491,101803,1579,103382,1579
2021-04-21,San Benito,069,59416,5989,5998,109,6107,63
2021-04-21,San Bernardino,071,2135413,291257,290049,8799,298848,4572
2021-04-21,San Diego,073,3302833,276486,275632,14313,289945,3681
2021-04-21,San Francisco,075,870044,36075,36194,1231,37425,529
2021-04-21,San Joaquin,077,732212,71490,70687,3332,74019,1295
2021-04-21,San Luis Obispo,079,281455,21057,20724,701,21425,255
2021-04-21,San Mateo,081,765935,41654,41318,445,41763,355
2021-04-21,Santa Barbara,083,443738,34030,33830,1100,34930,445
2021-04-21,Santa Clara,085,1922200,117010,117318,700,118018,1946
2021-04-21,Santa Cruz,087,273765,16070,15698,789,16487,204
2021-04-21,Shasta,089,179085,11696,11722,1421,13143,192
2021-04-21,Sierra,091,2930,55,51,12,63,0
2021-04-21,Siskiyou,093,43540,1679,1557,283,1840,11
2021-04-21,Solano,095,438530,31867,31712,468,32180,244
2021-04-21,Sonoma,097,501317,29538,29697,299,29996,318
2021-04-21,Stanislaus,099,539301,54638,54290,5701,59991,742
2021-04-21,Sutter,101,95872,9277,9297,80,9377,110
2021-04-21,Tehama,103,63373,4925,4893,532,5425,53
2021-04-21,Trinity,105,12862,482,326,82,408,3
2021-04-21,Tulare,107,460477,49680,48653,8607,57260,828
2021-04-21,Tuolumne,109,53932,3964,4019,41,4060,58
2021-04-21,Ventura,111,848112,80610,80039,2900,82939,996
2021-04-21,Yolo,113,214977,13642,13606,196,13802,200
2021-04-21,Yuba,115,75493,5853,5822,116,5938,44
2021-04-20,Alameda,001,1643700,85967,85652,1837,87489,1248
2021-04-20,Alpine,002,1148,85,85,0,85,0
2021-04-20,Amador,005,37829,3632,3631,32,3663,46
2021-04-20,Butte,007,227075,11980,11619,1738,13357,196
2021-04-20,Calaveras,009,45235,2058,2053,11,2064,50
2021-04-20,Colusa,011,21464,1916,1915,285,2200,14
2021-04-20,Contra Costa,013,1133247,67580,66889,1180,68069,782
2021-04-20,Del Norte,015,27424,1279,1250,11,1261,6
2021-04-20,El Dorado,017,186661,9850,9743,693,10436,106
2021-04-20,Fresno,019,978130,101231,100768,8371,109139,1650
2021-04-20,Glenn,021,27897,2379,2359,533,2892,17
2021-04-20,Humboldt,023,135768,3730,3612,30,3642,35
2021-04-20,Imperial,025,180216,28164,28024,2601,30625,719
2021-04-20,Inyo,027,18085,1396,1393,10,1403,36
2021-04-20,Kern,029,883053,96218,95223,10441,105664,1295
2021-04-20,Kings,031,150075,22930,22693,1040,23733,243
2021-04-20,Lake,033,64148,3439,3418,9,3427,43
2021-04-20,Lassen,035,31185,5167,5155,103,5258,1
2021-04-20,Los Angeles,037,10098052,1199101,1189256,39771,1229027,23694
2021-04-20,Madera,039,155013,16412,16301,906,17207,231
2021-04-20,Marin,041,260295,5399,13807,232,14039,227
2021-04-20,Mariposa,043,17540,412,402,11,413,5
2021-04-20,Mendocino,045,87422,3807,3726,74,3800,46
2021-04-20,Merced,047,269075,30401,30439,1004,31443,441
2021-04-20,Modoc,049,8938,363,359,120,479,3
2021-04-20,Mono,051,14174,1244,1254,17,1271,3
2021-04-20,Monterey,053,433212,42829,42663,1795,44458,363
2021-04-20,Napa,055,140530,9702,9711,30,9741,79
2021-04-20,Nevada,057,99092,4561,4485,182,4667,70
2021-04-20,Orange,059,3164182,253701,252134,10971,263105,4887
2021-04-20,Placer,061,380077,22452,21846,1373,23219,282
2021-04-20,Plumas,063,18699,683,670,10,680,4
2021-04-20,Riverside,065,2383286,291827,286194,13670,299864,4388
2021-04-20,Sacramento,067,1510023,102353,101629,1571,103200,1574
2021-04-20,San Benito,069,59416,5986,5988,109,6097,63
2021-04-20,San Bernardino,071,2135413,291176,289905,8797,298702,4569
2021-04-20,San Diego,073,3302833,276255,275369,14280,289649,3674
2021-04-20,San Francisco,075,870044,36055,36117,1230,37347,529
2021-04-20,San Joaquin,077,732212,71417,70590,3323,73913,1289
2021-04-20,San Luis Obispo,079,281455,21034,20691,693,21384,254
2021-04-20,San Mateo,081,765935,41623,41251,445,41696,355
2021-04-20,Santa Barbara,083,443738,34011,33803,1100,34903,445
2021-04-20,Santa Clara,085,1922200,116912,117228,696,117924,1944
2021-04-20,Santa Cruz,087,273765,16058,15647,789,16436,204
2021-04-20,Shasta,089,179085,11680,11677,1418,13095,189
2021-04-20,Sierra,091,2930,55,51,12,63,0
2021-04-20,Siskiyou,093,43540,1671,1551,282,1833,10
2021-04-20,Solano,095,438530,31811,31673,464,32137,243
2021-04-20,Sonoma,097,501317,29529,29676,297,29973,311
2021-04-20,Stanislaus,099,539301,54573,54236,5688,59924,735
2021-04-20,Sutter,101,95872,9273,9279,80,9359,109
2021-04-20,Tehama,103,63373,4920,4887,531,5418,52
2021-04-20,Trinity,105,12862,482,326,82,408,3
2021-04-20,Tulare,107,460477,49658,48650,8599,57249,831
2021-04-20,Tuolumne,109,53932,3964,4014,41,4055,58
2021-04-20,Ventura,111,848112,80582,80018,2898,82916,995
2021-04-20,Yolo,113,214977,13622,13581,195,13776,200
2021-04-20,Yuba,115,75493,5843,5814,116,5930,44
2021-04-19,Alameda,001,1643700,85849,85583,1833,87416,1247
2021-04-19,Alpine,002,1148,85,85,0,85,0
2021-04-19,Amador,005,37829,3631,3629,32,3661,46
2021-04-19,Butte,007,227075,11962,11601,1733,13334,196
2021-04-19,Calaveras,009,45235,2056,2050,11,2061,50
2021-04-19,Colusa,011,21464,1916,1913,284,2197,14
2021-04-19,Contra Costa,013,1133247,67502,66833,1178,68011,782
2021-04-19,Del Norte,015,27424,1277,1247,11,1258,6
2021-04-19,El Dorado,017,186661,9834,9726,688,10414,106
2021-04-19,Fresno,019,978130,101163,100702,8359,109061,1646
2021-04-19,Glenn,021,27897,2379,2358,532,2890,17
2021-04-19,Humboldt,023,135768,3710,3602,28,3630,35
2021-04-19,Imperial,025,180216,28143,27995,2601,30596,719
2021-04-19,Inyo,027,18085,1396,1392,10,1402,36
2021-04-19,Kern,029,883053,96188,95162,10426,105588,1290
2021-04-19,Kings,031,150075,22915,22688,1040,23728,243
2021-04-19,Lake,033,64148,3438,3416,9,3425,43
2021-04-19,Lassen,035,31185,5166,5156,103,5259,1
2021-04-19,Los Angeles,037,10098052,1198722,1188945,39746,1228691,23666
2021-04-19,Madera,039,155013,16401,16289,905,17194,231
2021-04-19,Marin,041,260295,5388,13804,231,14035,226
2021-04-19,Mariposa,043,17540,411,401,11,412,5
2021-04-19,Mendocino,045,87422,3805,3722,74,3796,46
2021-04-19,Merced,047,269075,30372,30422,1003,31425,441
2021-04-19,Modoc,049,8938,363,359,120,479,3
2021-04-19,Mono,051,14174,1243,1254,17,1271,3
2021-04-19,Monterey,053,433212,42816,42642,1790,44432,356
2021-04-19,Napa,055,140530,9694,9680,30,9710,79
2021-04-19,Nevada,057,99092,4545,4477,182,4659,70
2021-04-19,Orange,059,3164182,253583,252013,10956,262969,4883
2021-04-19,Placer,061,380077,22429,21814,1369,23183,282
2021-04-19,Plumas,063,18699,683,665,10,675,4
2021-04-19,Riverside,065,2383286,291732,286087,13660,299747,4371
2021-04-19,Sacramento,067,1510023,102218,101482,1561,103043,1572
2021-04-19,San Benito,069,59416,5978,5989,109,6098,63
2021-04-19,San Bernardino,071,2135413,291091,289738,8791,298529,4561
2021-04-19,San Diego,073,3302833,276007,275113,14247,289360,3674
2021-04-19,San Francisco,075,870044,36018,36094,1228,37322,529
2021-04-19,San Joaquin,077,732212,71337,70514,3317,73831,1289
2021-04-19,San Luis Obispo,079,281455,21008,20669,687,21356,254
2021-04-19,San Mateo,081,765935,41590,41226,444,41670,355
2021-04-19,Santa Barbara,083,443738,33997,33786,1100,34886,446
2021-04-19,Santa Clara,085,1922200,116801,117099,692,117791,1944
2021-04-19,Santa Cruz,087,273765,16046,15600,789,16389,204
2021-04-19,Shasta,089,179085,11665,11662,1410,13072,189
2021-04-19,Sierra,091,2930,55,51,12,63,0
2021-04-19,Siskiyou,093,43540,1661,1544,282,1826,10
2021-04-19,Solano,095,438530,31772,31643,459,32102,239
2021-04-19,Sonoma,097,501317,29510,29667,297,29964,311
2021-04-19,Stanislaus,099,539301,54497,54179,5684,59863,728
2021-04-19,Sutter,101,95872,9262,9269,80,9349,109
2021-04-19,Tehama,103,63373,4914,4878,531,5409,52
2021-04-19,Trinity,105,12862,482,326,81,407,3
2021-04-19,Tulare,107,460477,49642,48630,8586,57216,831
2021-04-19,Tuolumne,109,53932,3963,4010,41,4051,58
2021-04-19,Ventura,111,848112,80556,80000,2896,82896,996
2021-04-19,Yolo,113,214977,13609,13572,193,13765,200
2021-04-19,Yuba,115,75493,5836,5804,115,5919,44
2021-04-18,Alameda,001,1643700,85734,85481,1825,87306,1247
2021-04-18,Alpine,002,1148,85,85,0,85,0
2021-04-18,Amador,005,37829,3628,3627,32,3659,46
2021-04-18,Butte,007,227075,11944,11591,1728,13319,196
2021-04-18,Calaveras,009,45235,2050,2047,11,2058,50
2021-04-18,Colusa,011,21464,1912,1912,283,2195,14
2021-04-18,Contra Costa,013,1133247,67399,66750,1174,67924,782
2021-04-18,Del Norte,015,27424,1277,1240,11,1251,6
2021-04-18,El Dorado,017,186661,9811,9710,686,10396,106
2021-04-18,Fresno,019,978130,101105,100621,8353,108974,1646
2021-04-18,Glenn,021,27897,2374,2358,532,2890,17
2021-04-18,Humboldt,023,135768,3682,3590,28,3618,35
2021-04-18,Imperial,025,180216,28128,27991,2596,30587,719
2021-04-18,Inyo,027,18085,1395,1392,10,1402,36
2021-04-18,Kern,029,883053,96152,95129,10411,105540,1290
2021-04-18,Kings,031,150075,22906,22685,1040,23725,243
2021-04-18,Lake,033,64148,3437,3413,9,3422,43
2021-04-18,Lassen,035,31185,5163,5156,103,5259,1
2021-04-18,Los Angeles,037,10098052,1198262,1188620,39723,1228343,23648
2021-04-18,Madera,039,155013,16390,16277,904,17181,231
2021-04-18,Marin,041,260295,5381,13801,230,14031,226
2021-04-18,Mariposa,043,17540,410,400,10,410,5
2021-04-18,Mendocino,045,87422,3802,3722,74,3796,46
2021-04-18,Merced,047,269075,30335,30405,1002,31407,441
2021-04-18,Modoc,049,8938,363,359,120,479,3
2021-04-18,Mono,051,14174,1243,1254,17,1271,3
2021-04-18,Monterey,053,433212,42804,42638,1789,44427,356
2021-04-18,Napa,055,140530,9678,9674,30,9704,79
2021-04-18,Nevada,057,99092,4530,4464,182,4646,70
2021-04-18,Orange,059,3164182,253469,251940,10949,262889,4883
2021-04-18,Placer,061,380077,22386,21783,1364,23147,282
2021-04-18,Plumas,063,18699,682,665,10,675,4
2021-04-18,Riverside,065,2383286,291642,286043,13656,299699,4371
2021-04-18,Sacramento,067,1510023,102043,101354,1555,102909,1572
2021-04-18,San Benito,069,59416,5976,5989,109,6098,63
2021-04-18,San Bernardino,071,2135413,290997,289691,8782,298473,4556
2021-04-18,San Diego,073,3302833,275728,274961,14212,289173,3674
2021-04-18,San Francisco,075,870044,35981,36073,1224,37297,525
2021-04-18,San Joaquin,077,732212,71256,70466,3308,73774,1289
2021-04-18,San Luis Obispo,079,281455,20986,20656,681,21337,254
2021-04-18,San Mateo,081,765935,41561,41201,443,41644,352
2021-04-18,Santa Barbara,083,443738,33962,33769,1099,34868,446
2021-04-18,Santa Clara,085,1922200,116633,116996,687,117683,1944
2021-04-18,Santa Cruz,087,273765,16036,15580,788,16368,204
2021-04-18,Shasta,089,179085,11644,11658,1407,13065,189
2021-04-18,Sierra,091,2930,55,51,12,63,0
2021-04-18,Siskiyou,093,43540,1650,1538,281,1819,10
2021-04-18,Solano,095,438530,31722,31606,458,32064,239
2021-04-18,Sonoma,097,501317,29494,29660,295,29955,311
2021-04-18,Stanislaus,099,539301,54415,54132,5678,59810,728
2021-04-18,Sutter,101,95872,9248,9261,80,9341,109
2021-04-18,Tehama,103,63373,4905,4877,530,5407,52
2021-04-18,Trinity,105,12862,482,326,81,407,3
2021-04-18,Tulare,107,460477,49629,48618,8581,57199,829
2021-04-18,Tuolumne,109,53932,3962,4008,40,4048,58
2021-04-18,Ventura,111,848112,80525,79984,2893,82877,996
2021-04-18,Yolo,113,214977,13597,13562,191,13753,200
2021-04-18,Yuba,115,75493,5829,5804,115,5919,44
2021-04-17,Alameda,001,1643700,85661,85367,1823,87190,1247
2021-04-17,Alpine,002,1148,85,85,0,85,0
2021-04-17,Amador,005,37829,3626,3625,32,3657,46
2021-04-17,Butte,007,227075,11924,11573,1724,13297,196
2021-04-17,Calaveras,009,45235,2048,2045,11,2056,50
2021-04-17,Colusa,011,21464,1912,1912,283,2195,14
2021-04-17,Contra Costa,013,1133247,67351,66657,1166,67823,782
2021-04-17,Del Norte,015,27424,1277,1238,11,1249,6
2021-04-17,El Dorado,017,186661,9796,9692,683,10375,106
2021-04-17,Fresno,019,978130,101072,100562,8348,108910,1646
2021-04-17,Glenn,021,27897,2374,2357,532,2889,17
2021-04-17,Humboldt,023,135768,3658,3579,28,3607,35
2021-04-17,Imperial,025,180216,28117,27987,2596,30583,719
2021-04-17,Inyo,027,18085,1392,1392,10,1402,36
2021-04-17,Kern,029,883053,96134,95102,10407,105509,1290
2021-04-17,Kings,031,150075,22901,22678,1039,23717,243
2021-04-17,Lake,033,64148,3436,3409,9,3418,43
2021-04-17,Lassen,035,31185,5163,5154,103,5257,1
2021-04-17,Los Angeles,037,10098052,1198002,1188262,39693,1227955,23653
2021-04-17,Madera,039,155013,16386,16260,903,17163,231
2021-04-17,Marin,041,260295,5377,13797,230,14027,226
2021-04-17,Mariposa,043,17540,409,398,10,408,5
2021-04-17,Mendocino,045,87422,3799,3721,74,3795,46
2021-04-17,Merced,047,269075,30319,30392,1001,31393,441
2021-04-17,Modoc,049,8938,363,357,120,477,3
2021-04-17,Mono,051,14174,1243,1253,17,1270,3
2021-04-17,Monterey,053,433212,42795,42630,1787,44417,356
2021-04-17,Napa,055,140530,9674,9666,30,9696,79
2021-04-17,Nevada,057,99092,4522,4457,182,4639,70
2021-04-17,Orange,059,3164182,253400,251873,10937,262810,4878
2021-04-17,Placer,061,380077,22363,21736,1359,23095,282
2021-04-17,Plumas,063,18699,681,666,10,676,4
2021-04-17,Riverside,065,2383286,291573,285963,13648,299611,4371
2021-04-17,Sacramento,067,1510023,101933,101172,1544,102716,1572
2021-04-17,San Benito,069,59416,5970,5986,109,6095,63
2021-04-17,San Bernardino,071,2135413,290942,289624,8779,298403,4555
2021-04-17,San Diego,073,3302833,275581,274812,14178,288990,3674
2021-04-17,San Francisco,075,870044,35959,36032,1221,37253,523
2021-04-17,San Joaquin,077,732212,71216,70372,3298,73670,1288
2021-04-17,San Luis Obispo,079,281455,20973,20642,678,21320,254
2021-04-17,San Mateo,081,765935,41538,41157,443,41600,352
2021-04-17,Santa Barbara,083,443738,33931,33738,1097,34835,446
2021-04-17,Santa Clara,085,1922200,116541,116887,685,117572,1944
2021-04-17,Santa Cruz,087,273765,16030,15571,788,16359,204
2021-04-17,Shasta,089,179085,11629,11647,1406,13053,189
2021-04-17,Sierra,091,2930,55,51,12,63,0
2021-04-17,Siskiyou,093,43540,1645,1539,278,1817,10
2021-04-17,Solano,095,438530,31691,31541,455,31996,239
2021-04-17,Sonoma,097,501317,29487,29637,295,29932,311
2021-04-17,Stanislaus,099,539301,54378,54058,5673,59731,728
2021-04-17,Sutter,101,95872,9242,9252,80,9332,109
2021-04-17,Tehama,103,63373,4899,4875,529,5404,52
2021-04-17,Trinity,105,12862,482,326,81,407,3
2021-04-17,Tulare,107,460477,49617,48603,8577,57180,829
2021-04-17,Tuolumne,109,53932,3960,4005,40,4045,58
2021-04-17,Ventura,111,848112,80504,79964,2893,82857,996
2021-04-17,Yolo,113,214977,13587,13580,191,13771,200
2021-04-17,Yuba,115,75493,5824,5802,114,5916,44
2021-04-16,Alameda,001,1643700,85581,85243,1821,87064,1245
2021-04-16,Alpine,002,1148,85,85,0,85,0
2021-04-16,Amador,005,37829,3621,3621,32,3653,46
2021-04-16,Butte,007,227075,11912,11549,1722,13271,196
2021-04-16,Calaveras,009,45235,2046,2042,11,2053,50
2021-04-16,Colusa,011,21464,1910,1911,283,2194,14
2021-04-16,Contra Costa,013,1133247,67297,66569,1163,67732,782
2021-04-16,Del Norte,015,27424,1276,1237,11,1248,6
2021-04-16,El Dorado,017,186661,9776,9665,679,10344,106
2021-04-16,Fresno,019,978130,101022,100500,8342,108842,1643
2021-04-16,Glenn,021,27897,2374,2355,532,2887,17
2021-04-16,Humboldt,023,135768,3637,3570,27,3597,35
2021-04-16,Imperial,025,180216,28107,27962,2596,30558,719
2021-04-16,Inyo,027,18085,1392,1392,10,1402,36
2021-04-16,Kern,029,883053,96105,95066,10404,105470,1288
2021-04-16,Kings,031,150075,22897,22667,1038,23705,243
2021-04-16,Lake,033,64148,3430,3406,9,3415,43
2021-04-16,Lassen,035,31185,5162,5155,103,5258,1
2021-04-16,Los Angeles,037,10098052,1197702,1187818,39657,1227475,23627
2021-04-16,Madera,039,155013,16380,16250,902,17152,231
2021-04-16,Marin,041,260295,5374,13788,230,14018,226
2021-04-16,Mariposa,043,17540,408,396,9,405,5
2021-04-16,Mendocino,045,87422,3797,3719,74,3793,46
2021-04-16,Merced,047,269075,30304,30355,1001,31356,438
2021-04-16,Modoc,049,8938,363,355,120,475,3
2021-04-16,Mono,051,14174,1243,1253,17,1270,3
2021-04-16,Monterey,053,433212,42784,42620,1784,44404,351
2021-04-16,Napa,055,140530,9666,9653,30,9683,79
2021-04-16,Nevada,057,99092,4513,4443,182,4625,70
2021-04-16,Orange,059,3164182,253336,251770,10928,262698,4873
2021-04-16,Placer,061,380077,22336,21680,1355,23035,282
2021-04-16,Plumas,063,18699,680,665,10,675,4
2021-04-16,Riverside,065,2383286,291496,285818,13646,299464,4369
2021-04-16,Sacramento,067,1510023,101835,100993,1539,102532,1572
2021-04-16,San Benito,069,59416,5968,5982,109,6091,63
2021-04-16,San Bernardino,071,2135413,290895,289424,8778,298202,4550
2021-04-16,San Diego,073,3302833,275426,274567,14160,288727,3662
2021-04-16,San Francisco,075,870044,35933,35993,1218,37211,517
2021-04-16,San Joaquin,077,732212,71149,70280,3290,73570,1288
2021-04-16,San Luis Obispo,079,281455,20961,20623,677,21300,253
2021-04-16,San Mateo,081,765935,41509,41107,442,41549,352
2021-04-16,Santa Barbara,083,443738,33913,33703,1097,34800,446
2021-04-16,Santa Clara,085,1922200,116441,116693,682,117375,1941
2021-04-16,Santa Cruz,087,273765,16028,15539,788,16327,204
2021-04-16,Shasta,089,179085,11617,11623,1405,13028,189
2021-04-16,Sierra,091,2930,55,51,12,63,0
2021-04-16,Siskiyou,093,43540,1641,1530,276,1806,10
2021-04-16,Solano,095,438530,31652,31470,452,31922,239
2021-04-16,Sonoma,097,501317,29476,29617,295,29912,311
2021-04-16,Stanislaus,099,539301,54330,53983,5671,59654,728
2021-04-16,Sutter,101,95872,9236,9247,80,9327,109
2021-04-16,Tehama,103,63373,4898,4866,529,5395,52
2021-04-16,Trinity,105,12862,482,326,81,407,3
2021-04-16,Tulare,107,460477,49605,48583,8573,57156,830
2021-04-16,Tuolumne,109,53932,3957,4005,40,4045,58
2021-04-16,Ventura,111,848112,80479,79942,2888,82830,994
2021-04-16,Yolo,113,214977,13574,13559,189,13748,198
2021-04-16,Yuba,115,75493,5821,5795,113,5908,44
2021-04-15,Alameda,001,1643700,85474,85089,1819,86908,1246
2021-04-15,Alpine,002,1148,85,85,0,85,0
2021-04-15,Amador,005,37829,3620,3616,32,3648,46
2021-04-15,Butte,007,227075,11897,11529,1719,13248,196
2021-04-15,Calaveras,009,45235,2045,2039,11,2050,50
2021-04-15,Colusa,011,21464,1908,1909,282,2191,14
2021-04-15,Contra Costa,013,1133247,67224,66480,1159,67639,781
2021-04-15,Del Norte,015,27424,1269,1235,11,1246,6
2021-04-15,El Dorado,017,186661,9761,9639,677,10316,106
2021-04-15,Fresno,019,978130,100960,100431,8336,108767,1642
2021-04-15,Glenn,021,27897,2374,2354,532,2886,17
2021-04-15,Humboldt,023,135768,3616,3561,27,3588,35
2021-04-15,Imperial,025,180216,28079,27920,2593,30513,718
2021-04-15,Inyo,027,18085,1392,1393,10,1403,36
2021-04-15,Kern,029,883053,96072,94989,10391,105380,1289
2021-04-15,Kings,031,150075,22883,22648,1038,23686,242
2021-04-15,Lake,033,64148,3429,3399,9,3408,43
2021-04-15,Lassen,035,31185,5161,5152,103,5255,1
2021-04-15,Los Angeles,037,10098052,1197298,1187274,39621,1226895,23598
2021-04-15,Madera,039,155013,16365,16234,902,17136,231
2021-04-15,Marin,041,260295,5370,13783,229,14012,226
2021-04-15,Mariposa,043,17540,406,395,9,404,5
2021-04-15,Mendocino,045,87422,3796,3714,74,3788,46
2021-04-15,Merced,047,269075,30278,30325,1000,31325,437
2021-04-15,Modoc,049,8938,363,355,120,475,3
2021-04-15,Mono,051,14174,1242,1253,17,1270,3
2021-04-15,Monterey,053,433212,42774,42604,1782,44386,347
2021-04-15,Napa,055,140530,9658,9645,30,9675,79
2021-04-15,Nevada,057,99092,4501,4434,181,4615,70
2021-04-15,Orange,059,3164182,253240,251679,10916,262595,4857
2021-04-15,Placer,061,380077,22305,21614,1348,22962,281
2021-04-15,Plumas,063,18699,678,665,10,675,4
2021-04-15,Riverside,065,2383286,291392,285698,13639,299337,4363
2021-04-15,Sacramento,067,1510023,101705,100782,1524,102306,1570
2021-04-15,San Benito,069,59416,5965,5969,108,6077,63
2021-04-15,San Bernardino,071,2135413,290805,289288,8771,298059,4544
2021-04-15,San Diego,073,3302833,275179,274250,14101,288351,3653
2021-04-15,San Francisco,075,870044,35914,35947,1216,37163,510
2021-04-15,San Joaquin,077,732212,71068,70189,3282,73471,1288
2021-04-15,San Luis Obispo,079,281455,20945,20591,674,21265,253
2021-04-15,San Mateo,081,765935,41470,41050,441,41491,352
2021-04-15,Santa Barbara,083,443738,33895,33672,1093,34765,446
2021-04-15,Santa Clara,085,1922200,116335,116602,678,117280,1927
2021-04-15,Santa Cruz,087,273765,16018,15509,788,16297,203
2021-04-15,Shasta,089,179085,11603,11597,1401,12998,191
2021-04-15,Sierra,091,2930,55,51,12,63,0
2021-04-15,Siskiyou,093,43540,1635,1524,275,1799,10
2021-04-15,Solano,095,438530,31614,31394,451,31845,239
2021-04-15,Sonoma,097,501317,29462,29587,295,29882,311
2021-04-15,Stanislaus,099,539301,54276,53918,5662,59580,728
2021-04-15,Sutter,101,95872,9229,9237,80,9317,109
2021-04-15,Tehama,103,63373,4897,4854,528,5382,52
2021-04-15,Trinity,105,12862,482,326,81,407,3
2021-04-15,Tulare,107,460477,49584,48556,8573,57129,829
2021-04-15,Tuolumne,109,53932,3957,4003,40,4043,57
2021-04-15,Ventura,111,848112,80460,79917,2886,82803,989
2021-04-15,Yolo,113,214977,13555,13547,187,13734,198
2021-04-15,Yuba,115,75493,5818,5788,113,5901,44
2021-04-14,Alameda,001,1643700,85377,85009,1818,86827,1247
2021-04-14,Alpine,002,1148,85,85,0,85,0
2021-04-14,Amador,005,37829,3619,3613,32,3645,46
2021-04-14,Butte,007,227075,11884,11513,1718,13231,196
2021-04-14,Calaveras,009,45235,2044,2037,11,2048,50
2021-04-14,Colusa,011,21464,1908,1905,282,2187,14
2021-04-14,Contra Costa,013,1133247,67138,66400,1153,67553,781
2021-04-14,Del Norte,015,27424,1269,1228,11,1239,6
2021-04-14,El Dorado,017,186661,9746,9625,672,10297,106
2021-04-14,Fresno,019,978130,100903,100376,8324,108700,1640
2021-04-14,Glenn,021,27897,2374,2353,532,2885,17
2021-04-14,Humboldt,023,135768,3594,3551,26,3577,35
2021-04-14,Imperial,025,180216,28057,27907,2591,30498,718
2021-04-14,Inyo,027,18085,1392,1392,10,1402,36
2021-04-14,Kern,029,883053,96047,94947,10384,105331,1287
2021-04-14,Kings,031,150075,22874,22641,1036,23677,243
2021-04-14,Lake,033,64148,3424,3396,9,3405,43
2021-04-14,Lassen,035,31185,5160,5151,103,5254,1
2021-04-14,Los Angeles,037,10098052,1196899,1186821,39576,1226397,23579
2021-04-14,Madera,039,155013,16356,16218,902,17120,231
2021-04-14,Marin,041,260295,5368,13768,228,13996,226
2021-04-14,Mariposa,043,17540,405,394,9,403,5
2021-04-14,Mendocino,045,87422,3791,3711,74,3785,46
2021-04-14,Merced,047,269075,30262,30296,998,31294,436
2021-04-14,Modoc,049,8938,363,355,120,475,3
2021-04-14,Mono,051,14174,1241,1252,17,1269,3
2021-04-14,Monterey,053,433212,42758,42595,1778,44373,347
2021-04-14,Napa,055,140530,9647,9643,30,9673,79
2021-04-14,Nevada,057,99092,4494,4421,181,4602,70
2021-04-14,Orange,059,3164182,253135,251568,10897,262465,4849
2021-04-14,Placer,061,380077,22272,21575,1347,22922,280
2021-04-14,Plumas,063,18699,678,665,10,675,4
2021-04-14,Riverside,065,2383286,291282,285583,13633,299216,4358
2021-04-14,Sacramento,067,1510023,101530,100645,1510,102155,1570
2021-04-14,San Benito,069,59416,5963,5960,108,6068,62
2021-04-14,San Bernardino,071,2135413,290737,289078,8769,297847,4523
2021-04-14,San Diego,073,3302833,274968,273969,14072,288041,3648
2021-04-14,San Francisco,075,870044,35876,35898,1215,37113,510
2021-04-14,San Joaquin,077,732212,70998,70095,3276,73371,1288
2021-04-14,San Luis Obispo,079,281455,20922,20561,664,21225,253
2021-04-14,San Mateo,081,765935,41430,40982,438,41420,352
2021-04-14,Santa Barbara,083,443738,33866,33650,1093,34743,445
2021-04-14,Santa Clara,085,1922200,116218,116488,675,117163,1922
2021-04-14,Santa Cruz,087,273765,16008,15481,788,16269,203
2021-04-14,Shasta,089,179085,11577,11581,1399,12980,190
2021-04-14,Sierra,091,2930,55,51,12,63,0
2021-04-14,Siskiyou,093,43540,1627,1518,274,1792,10
2021-04-14,Solano,095,438530,31561,31357,444,31801,239
2021-04-14,Sonoma,097,501317,29454,29572,293,29865,311
2021-04-14,Stanislaus,099,539301,54205,53836,5653,59489,727
2021-04-14,Sutter,101,95872,9221,9230,80,9310,106
2021-04-14,Tehama,103,63373,4891,4853,527,5380,52
2021-04-14,Trinity,105,12862,482,326,81,407,3
2021-04-14,Tulare,107,460477,49558,48527,8570,57097,827
2021-04-14,Tuolumne,109,53932,3956,3997,40,4037,57
2021-04-14,Ventura,111,848112,80424,79891,2884,82775,986
2021-04-14,Yolo,113,214977,13539,13530,185,13715,198
2021-04-14,Yuba,115,75493,5816,5778,113,5891,44
2021-04-13,Alameda,001,1643700,85271,84921,1815,86736,1239
2021-04-13,Alpine,002,1148,85,85,0,85,0
2021-04-13,Amador,005,37829,3616,3609,32,3641,46
2021-04-13,Butte,007,227075,11866,11497,1715,13212,196
2021-04-13,Calaveras,009,45235,2042,2035,11,2046,50
2021-04-13,Colusa,011,21464,1906,1905,280,2185,14
2021-04-13,Contra Costa,013,1133247,67050,66304,1153,67457,778
2021-04-13,Del Norte,015,27424,1264,1221,11,1232,6
2021-04-13,El Dorado,017,186661,9720,9609,669,10278,106
2021-04-13,Fresno,019,978130,100822,100357,8318,108675,1636
2021-04-13,Glenn,021,27897,2373,2351,532,2883,17
2021-04-13,Humboldt,023,135768,3577,3540,26,3566,35
2021-04-13,Imperial,025,180216,28037,27887,2583,30470,718
2021-04-13,Inyo,027,18085,1392,1391,10,1401,36
2021-04-13,Kern,029,883053,96003,94908,10372,105280,1285
2021-04-13,Kings,031,150075,22858,22636,1035,23671,243
2021-04-13,Lake,033,64148,3421,3390,9,3399,43
2021-04-13,Lassen,035,31185,5159,5147,103,5250,1
2021-04-13,Los Angeles,037,10098052,1196445,1186482,39535,1226017,23526
2021-04-13,Madera,039,155013,16346,16207,900,17107,231
2021-04-13,Marin,041,260295,5360,13760,227,13987,224
2021-04-13,Mariposa,043,17540,404,394,6,400,5
2021-04-13,Mendocino,045,87422,3785,3702,74,3776,46
2021-04-13,Merced,047,269075,30232,30276,995,31271,435
2021-04-13,Modoc,049,8938,363,355,120,475,3
2021-04-13,Mono,051,14174,1241,1251,17,1268,3
2021-04-13,Monterey,053,433212,42747,42577,1778,44355,347
2021-04-13,Napa,055,140530,9637,9627,30,9657,79
2021-04-13,Nevada,057,99092,4482,4415,181,4596,69
2021-04-13,Orange,059,3164182,253039,251491,10880,262371,4836
2021-04-13,Placer,061,380077,22235,21534,1344,22878,280
2021-04-13,Plumas,063,18699,677,665,10,675,4
2021-04-13,Riverside,065,2383286,291163,285505,13627,299132,4348
2021-04-13,Sacramento,067,1510023,101355,100551,1505,102056,1569
2021-04-13,San Benito,069,59416,5960,5946,108,6054,62
2021-04-13,San Bernardino,071,2135413,290621,288929,8763,297692,4521
2021-04-13,San Diego,073,3302833,274714,273709,14037,287746,3623
2021-04-13,San Francisco,075,870044,35840,35869,1211,37080,506
2021-04-13,San Joaquin,077,732212,70890,70034,3268,73302,1288
2021-04-13,San Luis Obispo,079,281455,20895,20536,654,21190,253
2021-04-13,San Mateo,081,765935,41385,40955,438,41393,353
2021-04-13,Santa Barbara,083,443738,33843,33613,1090,34703,444
2021-04-13,Santa Clara,085,1922200,116089,116363,674,117037,1923
2021-04-13,Santa Cruz,087,273765,16001,15449,788,16237,203
2021-04-13,Shasta,089,179085,11557,11536,1396,12932,189
2021-04-13,Sierra,091,2930,55,51,12,63,0
2021-04-13,Siskiyou,093,43540,1619,1511,271,1782,10
2021-04-13,Solano,095,438530,31512,31335,440,31775,239
2021-04-13,Sonoma,097,501317,29446,29544,292,29836,311
2021-04-13,Stanislaus,099,539301,54133,53797,5644,59441,722
2021-04-13,Sutter,101,95872,9217,9226,80,9306,106
2021-04-13,Tehama,103,63373,4884,4850,524,5374,52
2021-04-13,Trinity,105,12862,482,326,81,407,3
2021-04-13,Tulare,107,460477,49545,48511,8567,57078,825
2021-04-13,Tuolumne,109,53932,3954,3995,40,4035,57
2021-04-13,Ventura,111,848112,80392,79854,2882,82736,986
2021-04-13,Yolo,113,214977,13527,13516,184,13700,198
2021-04-13,Yuba,115,75493,5807,5776,113,5889,44
2021-04-12,Alameda,001,1643700,85169,84817,1813,86630,1238
2021-04-12,Alpine,002,1148,85,85,0,85,0
2021-04-12,Amador,005,37829,3615,3607,32,3639,46
2021-04-12,Butte,007,227075,11851,11488,1711,13199,193
2021-04-12,Calaveras,009,45235,2038,2033,11,2044,50
2021-04-12,Colusa,011,21464,1904,1904,278,2182,14
2021-04-12,Contra Costa,013,1133247,66970,66176,1153,67329,777
2021-04-12,Del Norte,015,27424,1261,1216,11,1227,6
2021-04-12,El Dorado,017,186661,9703,9588,667,10255,106
2021-04-12,Fresno,019,978130,100761,100277,8295,108572,1633
2021-04-12,Glenn,021,27897,2372,2349,532,2881,17
2021-04-12,Humboldt,023,135768,3563,3533,25,3558,35
2021-04-12,Imperial,025,180216,28007,27851,2579,30430,717
2021-04-12,Inyo,027,18085,1392,1390,10,1400,36
2021-04-12,Kern,029,883053,95966,94861,10362,105223,1283
2021-04-12,Kings,031,150075,22850,22621,1034,23655,241
2021-04-12,Lake,033,64148,3417,3380,9,3389,43
2021-04-12,Lassen,035,31185,5158,5147,103,5250,1
2021-04-12,Los Angeles,037,10098052,1195942,1186145,39498,1225643,23505
2021-04-12,Madera,039,155013,16334,16174,898,17072,231
2021-04-12,Marin,041,260295,5347,13751,225,13976,224
2021-04-12,Mariposa,043,17540,403,394,6,400,5
2021-04-12,Mendocino,045,87422,3784,3699,74,3773,46
2021-04-12,Merced,047,269075,30201,30261,992,31253,435
2021-04-12,Modoc,049,8938,361,352,120,472,3
2021-04-12,Mono,051,14174,1241,1251,17,1268,3
2021-04-12,Monterey,053,433212,42733,42555,1776,44331,346
2021-04-12,Napa,055,140530,9623,9603,30,9633,80
2021-04-12,Nevada,057,99092,4471,4408,181,4589,69
2021-04-12,Orange,059,3164182,252952,251350,10859,262209,4826
2021-04-12,Placer,061,380077,22184,21475,1341,22816,278
2021-04-12,Plumas,063,18699,675,666,10,676,4
2021-04-12,Riverside,065,2383286,291051,285361,13621,298982,4336
2021-04-12,Sacramento,067,1510023,101181,100394,1500,101894,1566
2021-04-12,San Benito,069,59416,5952,5942,107,6049,62
2021-04-12,San Bernardino,071,2135413,290514,288736,8751,297487,4493
2021-04-12,San Diego,073,3302833,274453,273431,14008,287439,3621
2021-04-12,San Francisco,075,870044,35806,35841,1210,37051,506
2021-04-12,San Joaquin,077,732212,70818,69968,3261,73229,1288
2021-04-12,San Luis Obispo,079,281455,20850,20515,641,21156,253
2021-04-12,San Mateo,081,765935,41343,40920,434,41354,353
2021-04-12,Santa Barbara,083,443738,33811,33606,1090,34696,444
2021-04-12,Santa Clara,085,1922200,115961,116252,672,116924,1923
2021-04-12,Santa Cruz,087,273765,15981,15406,788,16194,203
2021-04-12,Shasta,089,179085,11540,11509,1392,12901,189
2021-04-12,Sierra,091,2930,55,51,12,63,0
2021-04-12,Siskiyou,093,43540,1608,1511,268,1779,7
2021-04-12,Solano,095,438530,31470,31305,437,31742,238
2021-04-12,Sonoma,097,501317,29418,29500,292,29792,310
2021-04-12,Stanislaus,099,539301,54067,53722,5637,59359,707
2021-04-12,Sutter,101,95872,9206,9221,80,9301,106
2021-04-12,Tehama,103,63373,4875,4834,520,5354,52
2021-04-12,Trinity,105,12862,482,324,81,405,3
2021-04-12,Tulare,107,460477,49525,48495,8557,57052,824
2021-04-12,Tuolumne,109,53932,3950,3993,40,4033,57
2021-04-12,Ventura,111,848112,80359,79818,2880,82698,985
2021-04-12,Yolo,113,214977,13513,13510,183,13693,198
2021-04-12,Yuba,115,75493,5801,5773,113,5886,43
2021-04-11,Alameda,001,1643700,85032,84756,1808,86564,1238
2021-04-11,Alpine,002,1148,85,85,0,85,0
2021-04-11,Amador,005,37829,3613,3605,32,3637,46
2021-04-11,Butte,007,227075,11816,11487,1707,13194,193
2021-04-11,Calaveras,009,45235,2034,2036,11,2047,50
2021-04-11,Colusa,011,21464,1903,1904,277,2181,14
2021-04-11,Contra Costa,013,1133247,66861,66107,1151,67258,777
2021-04-11,Del Norte,015,27424,1255,1214,11,1225,6
2021-04-11,El Dorado,017,186661,9689,9575,664,10239,106
2021-04-11,Fresno,019,978130,100693,100230,8285,108515,1633
2021-04-11,Glenn,021,27897,2368,2348,532,2880,17
2021-04-11,Humboldt,023,135768,3553,3523,25,3548,35
2021-04-11,Imperial,025,180216,27983,27841,2577,30418,717
2021-04-11,Inyo,027,18085,1392,1390,10,1400,36
2021-04-11,Kern,029,883053,95905,94830,10354,105184,1283
2021-04-11,Kings,031,150075,22841,22618,1031,23649,241
2021-04-11,Lake,033,64148,3413,3377,9,3386,43
2021-04-11,Lassen,035,31185,5154,5147,103,5250,1
2021-04-11,Los Angeles,037,10098052,1195430,1185757,39456,1225213,23503
2021-04-11,Madera,039,155013,16315,16166,897,17063,231
2021-04-11,Marin,041,260295,5340,13741,224,13965,226
2021-04-11,Mariposa,043,17540,403,394,6,400,5
2021-04-11,Mendocino,045,87422,3782,3696,74,3770,46
2021-04-11,Merced,047,269075,30163,30249,991,31240,435
2021-04-11,Modoc,049,8938,360,352,118,470,3
2021-04-11,Mono,051,14174,1240,1250,17,1267,3
2021-04-11,Monterey,053,433212,42727,42547,1769,44316,346
2021-04-11,Napa,055,140530,9612,9592,30,9622,80
2021-04-11,Nevada,057,99092,4457,4394,181,4575,69
2021-04-11,Orange,059,3164182,252825,251233,10848,262081,4826
2021-04-11,Placer,061,380077,22127,21458,1336,22794,278
2021-04-11,Plumas,063,18699,675,666,10,676,4
2021-04-11,Riverside,065,2383286,290917,285269,13611,298880,4336
2021-04-11,Sacramento,067,1510023,101010,100296,1488,101784,1566
2021-04-11,San Benito,069,59416,5944,5941,106,6047,62
2021-04-11,San Bernardino,071,2135413,290407,288686,8745,297431,4492
2021-04-11,San Diego,073,3302833,274155,273287,13949,287236,3621
2021-04-11,San Francisco,075,870044,35770,35815,1207,37022,498
2021-04-11,San Joaquin,077,732212,70732,69939,3250,73189,1288
2021-04-11,San Luis Obispo,079,281455,20824,20501,638,21139,253
2021-04-11,San Mateo,081,765935,41285,40901,433,41334,353
2021-04-11,Santa Barbara,083,443738,33776,33591,1089,34680,444
2021-04-11,Santa Clara,085,1922200,115825,116161,669,116830,1923
2021-04-11,Santa Cruz,087,273765,15969,15382,788,16170,203
2021-04-11,Shasta,089,179085,11496,11504,1391,12895,189
2021-04-11,Sierra,091,2930,55,51,12,63,0
2021-04-11,Siskiyou,093,43540,1601,1509,265,1774,7
2021-04-11,Solano,095,438530,31416,31268,433,31701,238
2021-04-11,Sonoma,097,501317,29392,29496,288,29784,310
2021-04-11,Stanislaus,099,539301,53984,53683,5628,59311,707
2021-04-11,Sutter,101,95872,9197,9222,80,9302,106
2021-04-11,Tehama,103,63373,4872,4832,519,5351,52
2021-04-11,Trinity,105,12862,482,324,81,405,3
2021-04-11,Tulare,107,460477,49511,48479,8550,57029,824
2021-04-11,Tuolumne,109,53932,3948,3993,40,4033,57
2021-04-11,Ventura,111,848112,80311,79800,2875,82675,985
2021-04-11,Yolo,113,214977,13493,13496,181,13677,198
2021-04-11,Yuba,115,75493,5791,5768,113,5881,43
2021-04-10,Alameda,001,1643700,84968,84626,1808,86434,1238
2021-04-10,Alpine,002,1148,85,85,0,85,0
2021-04-10,Amador,005,37829,3611,3603,32,3635,46
2021-04-10,Butte,007,227075,11805,11482,1706,13188,193
2021-04-10,Calaveras,009,45235,2032,2032,11,2043,50
2021-04-10,Colusa,011,21464,1903,1902,277,2179,14
2021-04-10,Contra Costa,013,1133247,66800,66001,1148,67149,778
2021-04-10,Del Norte,015,27424,1252,1212,11,1223,6
2021-04-10,El Dorado,017,186661,9677,9549,661,10210,106
2021-04-10,Fresno,019,978130,100660,100135,8278,108413,1633
2021-04-10,Glenn,021,27897,2368,2343,532,2875,17
2021-04-10,Humboldt,023,135768,3543,3508,25,3533,35
2021-04-10,Imperial,025,180216,27969,27816,2577,30393,717
2021-04-10,Inyo,027,18085,1392,1387,10,1397,36
2021-04-10,Kern,029,883053,95891,94802,10348,105150,1284
2021-04-10,Kings,031,150075,22837,22614,1029,23643,241
2021-04-10,Lake,033,64148,3408,3368,9,3377,43
2021-04-10,Lassen,035,31185,5154,5146,102,5248,1
2021-04-10,Los Angeles,037,10098052,1195155,1185246,39439,1224685,23493
2021-04-10,Madera,039,155013,16307,16143,896,17039,231
2021-04-10,Marin,041,260295,5335,13731,224,13955,226
2021-04-10,Mariposa,043,17540,400,393,6,399,5
2021-04-10,Mendocino,045,87422,3780,3696,74,3770,46
2021-04-10,Merced,047,269075,30144,30225,990,31215,435
2021-04-10,Modoc,049,8938,360,352,118,470,3
2021-04-10,Mono,051,14174,1240,1249,17,1266,3
2021-04-10,Monterey,053,433212,42716,42527,1768,44295,346
2021-04-10,Napa,055,140530,9605,9569,30,9599,79
2021-04-10,Nevada,057,99092,4450,4379,181,4560,69
2021-04-10,Orange,059,3164182,252732,251139,10842,261981,4818
2021-04-10,Placer,061,380077,22096,21402,1330,22732,278
2021-04-10,Plumas,063,18699,675,666,10,676,4
2021-04-10,Riverside,065,2383286,290837,285082,13603,298685,4336
2021-04-10,Sacramento,067,1510023,100907,100048,1486,101534,1566
2021-04-10,San Benito,069,59416,5933,5932,105,6037,62
2021-04-10,San Bernardino,071,2135413,290343,288590,8738,297328,4489
2021-04-10,San Diego,073,3302833,273939,273058,13929,286987,3613
2021-04-10,San Francisco,075,870044,35740,35774,1204,36978,498
2021-04-10,San Joaquin,077,732212,70697,69852,3240,73092,1288
2021-04-10,San Luis Obispo,079,281455,20808,20461,637,21098,253
2021-04-10,San Mateo,081,765935,41252,40878,433,41311,350
2021-04-10,Santa Barbara,083,443738,33748,33541,1087,34628,444
2021-04-10,Santa Clara,085,1922200,115729,116015,668,116683,1923
2021-04-10,Santa Cruz,087,273765,15963,15360,788,16148,203
2021-04-10,Shasta,089,179085,11487,11492,1388,12880,189
2021-04-10,Sierra,091,2930,55,51,12,63,0
2021-04-10,Siskiyou,093,43540,1598,1512,265,1777,7
2021-04-10,Solano,095,438530,31382,31218,429,31647,238
2021-04-10,Sonoma,097,501317,29377,29469,288,29757,310
2021-04-10,Stanislaus,099,539301,53949,53596,5622,59218,707
2021-04-10,Sutter,101,95872,9195,9214,80,9294,106
2021-04-10,Tehama,103,63373,4870,4820,517,5337,52
2021-04-10,Trinity,105,12862,482,324,81,405,3
2021-04-10,Tulare,107,460477,49502,48470,8544,57014,824
2021-04-10,Tuolumne,109,53932,3945,3991,40,4031,57
2021-04-10,Ventura,111,848112,80283,79758,2873,82631,985
2021-04-10,Yolo,113,214977,13485,13494,180,13674,198
2021-04-10,Yuba,115,75493,5788,5757,112,5869,43
2021-04-09,Alameda,001,1643700,84901,84404,1800,86204,1237
2021-04-09,Alpine,002,1148,85,85,0,85,0
2021-04-09,Amador,005,37829,3610,3600,32,3632,46
2021-04-09,Butte,007,227075,11795,11454,1705,13159,193
2021-04-09,Calaveras,009,45235,2031,2028,11,2039,50
2021-04-09,Colusa,011,21464,1903,1898,277,2175,14
2021-04-09,Contra Costa,013,1133247,66707,65857,1142,66999,777
2021-04-09,Del Norte,015,27424,1251,1207,11,1218,6
2021-04-09,El Dorado,017,186661,9655,9528,657,10185,106
2021-04-09,Fresno,019,978130,100626,100027,8273,108300,1630
2021-04-09,Glenn,021,27897,2368,2337,532,2869,17
2021-04-09,Humboldt,023,135768,3534,3496,25,3521,35
2021-04-09,Imperial,025,180216,27954,27764,2575,30339,717
2021-04-09,Inyo,027,18085,1391,1386,10,1396,36
2021-04-09,Kern,029,883053,95853,94675,10346,105021,1282
2021-04-09,Kings,031,150075,22828,22595,1026,23621,242
2021-04-09,Lake,033,64148,3404,3362,9,3371,43
2021-04-09,Lassen,035,31185,5154,5140,102,5242,1
2021-04-09,Los Angeles,037,10098052,1194786,1184501,39411,1223912,23458
2021-04-09,Madera,039,155013,16304,16118,896,17014,231
2021-04-09,Marin,041,260295,5328,13721,224,13945,226
2021-04-09,Mariposa,043,17540,400,393,6,399,5
2021-04-09,Mendocino,045,87422,3778,3693,74,3767,46
2021-04-09,Merced,047,269075,30115,30179,989,31168,435
2021-04-09,Modoc,049,8938,359,352,118,470,3
2021-04-09,Mono,051,14174,1240,1247,17,1264,3
2021-04-09,Monterey,053,433212,42707,42481,1764,44245,344
2021-04-09,Napa,055,140530,9586,9574,30,9604,80
2021-04-09,Nevada,057,99092,4442,4373,181,4554,69
2021-04-09,Orange,059,3164182,252657,250852,10837,261689,4813
2021-04-09,Placer,061,380077,22065,21327,1322,22649,278
2021-04-09,Plumas,063,18699,674,666,10,676,4
2021-04-09,Riverside,065,2383286,290754,284562,13597,298159,4325
2021-04-09,Sacramento,067,1510023,100751,99722,1480,101202,1564
2021-04-09,San Benito,069,59416,5928,5925,104,6029,62
2021-04-09,San Bernardino,071,2135413,290274,288000,8735,296735,4467
2021-04-09,San Diego,073,3302833,273741,272697,13887,286584,3600
2021-04-09,San Francisco,075,870044,35699,35716,1199,36915,497
2021-04-09,San Joaquin,077,732212,70633,69675,3228,72903,1281
2021-04-09,San Luis Obispo,079,281455,20793,20427,637,21064,252
2021-04-09,San Mateo,081,765935,41216,40800,432,41232,350
2021-04-09,Santa Barbara,083,443738,33725,33424,1084,34508,444
2021-04-09,Santa Clara,085,1922200,115645,115749,666,116415,1923
2021-04-09,Santa Cruz,087,273765,15958,15331,788,16119,203
2021-04-09,Shasta,089,179085,11477,11478,1385,12863,188
2021-04-09,Sierra,091,2930,55,51,12,63,0
2021-04-09,Siskiyou,093,43540,1595,1510,264,1774,7
2021-04-09,Solano,095,438530,31349,31166,424,31590,238
2021-04-09,Sonoma,097,501317,29364,29433,288,29721,310
2021-04-09,Stanislaus,099,539301,53894,53504,5613,59117,705
2021-04-09,Sutter,101,95872,9188,9201,80,9281,106
2021-04-09,Tehama,103,63373,4864,4806,517,5323,52
2021-04-09,Trinity,105,12862,481,324,81,405,3
2021-04-09,Tulare,107,460477,49498,48430,8538,56968,824
2021-04-09,Tuolumne,109,53932,3944,3986,40,4026,57
2021-04-09,Ventura,111,848112,80255,79698,2873,82571,987
2021-04-09,Yolo,113,214977,13473,13478,178,13656,198
2021-04-09,Yuba,115,75493,5781,5754,112,5866,43
2021-04-08,Alameda,001,1643700,84793,84213,1797,86010,1232
2021-04-08,Alpine,002,1148,85,85,0,85,0
2021-04-08,Amador,005,37829,3606,3595,32,3627,46
2021-04-08,Butte,007,227075,11784,11414,1704,13118,193
2021-04-08,Calaveras,009,45235,2029,2027,11,2038,50
2021-04-08,Colusa,011,21464,1902,1897,277,2174,14
2021-04-08,Contra Costa,013,1133247,66599,65706,1139,66845,775
2021-04-08,Del Norte,015,27424,1245,1201,11,1212,6
2021-04-08,El Dorado,017,186661,9639,9513,652,10165,106
2021-04-08,Fresno,019,978130,100563,99935,8266,108201,1627
2021-04-08,Glenn,021,27897,2367,2337,532,2869,17
2021-04-08,Humboldt,023,135768,3524,3486,25,3511,35
2021-04-08,Imperial,025,180216,27926,27744,2572,30316,713
2021-04-08,Inyo,027,18085,1390,1386,10,1396,36
2021-04-08,Kern,029,883053,95807,94493,10333,104826,1281
2021-04-08,Kings,031,150075,22821,22589,1024,23613,243
2021-04-08,Lake,033,64148,3397,3360,9,3369,43
2021-04-08,Lassen,035,31185,5153,5136,102,5238,1
2021-04-08,Los Angeles,037,10098052,1194287,1184443,39373,1223816,23416
2021-04-08,Madera,039,155013,16292,16103,896,16999,231
2021-04-08,Marin,041,260295,5321,13704,224,13928,226
2021-04-08,Mariposa,043,17540,399,393,6,399,5
2021-04-08,Mendocino,045,87422,3776,3690,74,3764,45
2021-04-08,Merced,047,269075,30093,30163,989,31152,430
2021-04-08,Modoc,049,8938,359,352,118,470,3
2021-04-08,Mono,051,14174,1238,1247,17,1264,3
2021-04-08,Monterey,053,433212,42685,42437,1759,44196,342
2021-04-08,Napa,055,140530,9570,9569,30,9599,80
2021-04-08,Nevada,057,99092,4431,4367,181,4548,69
2021-04-08,Orange,059,3164182,252547,250529,10822,261351,4797
2021-04-08,Placer,061,380077,22023,21258,1313,22571,277
2021-04-08,Plumas,063,18699,674,665,10,675,4
2021-04-08,Riverside,065,2383286,290642,283853,13592,297445,4296
2021-04-08,Sacramento,067,1510023,100612,99319,1469,100788,1561
2021-04-08,San Benito,069,59416,5925,5914,102,6016,62
2021-04-08,San Bernardino,071,2135413,290177,287190,8732,295922,4445
2021-04-08,San Diego,073,3302833,273511,272495,13851,286346,3592
2021-04-08,San Francisco,075,870044,35675,35657,1198,36855,494
2021-04-08,San Joaquin,077,732212,70561,69479,3222,72701,1279
2021-04-08,San Luis Obispo,079,281455,20774,20402,635,21037,252
2021-04-08,San Mateo,081,765935,41176,40749,432,41181,350
2021-04-08,Santa Barbara,083,443738,33701,33309,1083,34392,444
2021-04-08,Santa Clara,085,1922200,115539,115487,665,116152,1905
2021-04-08,Santa Cruz,087,273765,15951,15296,788,16084,203
2021-04-08,Shasta,089,179085,11467,11466,1381,12847,186
2021-04-08,Sierra,091,2930,55,51,12,63,0
2021-04-08,Siskiyou,093,43540,1592,1511,264,1775,7
2021-04-08,Solano,095,438530,31299,31120,424,31544,238
2021-04-08,Sonoma,097,501317,29344,29410,287,29697,310
2021-04-08,Stanislaus,099,539301,53816,53401,5603,59004,706
2021-04-08,Sutter,101,95872,9184,9195,80,9275,106
2021-04-08,Tehama,103,63373,4860,4802,517,5319,52
2021-04-08,Trinity,105,12862,481,324,81,405,3
2021-04-08,Tulare,107,460477,49485,48409,8528,56937,821
2021-04-08,Tuolumne,109,53932,3944,3986,40,4026,57
2021-04-08,Ventura,111,848112,80218,79626,2869,82495,986
2021-04-08,Yolo,113,214977,13464,13468,177,13645,198
2021-04-08,Yuba,115,75493,5777,5743,112,5855,43
2021-04-07,Alameda,001,1643700,84709,84130,1795,85925,1224
2021-04-07,Alpine,002,1148,85,85,0,85,0
2021-04-07,Amador,005,37829,3603,3590,32,3622,46
2021-04-07,Butte,007,227075,11780,11405,1701,13106,193
2021-04-07,Calaveras,009,45235,2028,2022,11,2033,50
2021-04-07,Colusa,011,21464,1898,1894,276,2170,14
2021-04-07,Contra Costa,013,1133247,66513,65619,1138,66757,775
2021-04-07,Del Norte,015,27424,1243,1198,11,1209,6
2021-04-07,El Dorado,017,186661,9618,9500,646,10146,106
2021-04-07,Fresno,019,978130,100498,99865,8255,108120,1627
2021-04-07,Glenn,021,27897,2365,2337,531,2868,17
2021-04-07,Humboldt,023,135768,3511,3484,25,3509,35
2021-04-07,Imperial,025,180216,27902,27704,2566,30270,713
2021-04-07,Inyo,027,18085,1389,1386,10,1396,36
2021-04-07,Kern,029,883053,95771,94456,10318,104774,1275
2021-04-07,Kings,031,150075,22819,22589,1024,23613,243
2021-04-07,Lake,033,64148,3395,3358,9,3367,43
2021-04-07,Lassen,035,31185,5153,5137,102,5239,1
2021-04-07,Los Angeles,037,10098052,1193845,1183862,39353,1223215,23372
2021-04-07,Madera,039,155013,16273,16090,895,16985,231
2021-04-07,Marin,041,260295,5310,13688,223,13911,225
2021-04-07,Mariposa,043,17540,398,391,6,397,5
2021-04-07,Mendocino,045,87422,3775,3691,74,3765,45
2021-04-07,Merced,047,269075,30070,30132,985,31117,430
2021-04-07,Modoc,049,8938,359,351,118,469,3
2021-04-07,Mono,051,14174,1238,1246,17,1263,3
2021-04-07,Monterey,053,433212,42667,42427,1758,44185,341
2021-04-07,Napa,055,140530,9556,9556,30,9586,80
2021-04-07,Nevada,057,99092,4425,4364,181,4545,69
2021-04-07,Orange,059,3164182,252423,250378,10800,261178,4778
2021-04-07,Placer,061,380077,21979,21227,1305,22532,276
2021-04-07,Plumas,063,18699,674,665,10,675,4
2021-04-07,Riverside,065,2383286,290521,283749,13582,297331,4285
2021-04-07,Sacramento,067,1510023,100444,99202,1463,100665,1544
2021-04-07,San Benito,069,59416,5920,5912,101,6013,62
2021-04-07,San Bernardino,071,2135413,290058,286978,8727,295705,4433
2021-04-07,San Diego,073,3302833,273285,272195,13822,286017,3588
2021-04-07,San Francisco,075,870044,35635,35618,1194,36812,493
2021-04-07,San Joaquin,077,732212,70490,69375,3217,72592,1278
2021-04-07,San Luis Obispo,079,281455,20748,20373,632,21005,252
2021-04-07,San Mateo,081,765935,41132,40693,432,41125,350
2021-04-07,Santa Barbara,083,443738,33675,33289,1080,34369,444
2021-04-07,Santa Clara,085,1922200,115407,115311,663,115974,1900
2021-04-07,Santa Cruz,087,273765,15940,15275,788,16063,203
2021-04-07,Shasta,089,179085,11455,11456,1377,12833,184
2021-04-07,Sierra,091,2930,55,51,12,63,0
2021-04-07,Siskiyou,093,43540,1586,1512,263,1775,7
2021-04-07,Solano,095,438530,31248,31097,423,31520,238
2021-04-07,Sonoma,097,501317,29326,29394,286,29680,310
2021-04-07,Stanislaus,099,539301,53748,53344,5593,58937,686
2021-04-07,Sutter,101,95872,9181,9188,80,9268,106
2021-04-07,Tehama,103,63373,4852,4802,515,5317,52
2021-04-07,Trinity,105,12862,481,322,81,403,3
2021-04-07,Tulare,107,460477,49470,48386,8518,56904,820
2021-04-07,Tuolumne,109,53932,3942,3982,40,4022,57
2021-04-07,Ventura,111,848112,80184,79595,2867,82462,986
2021-04-07,Yolo,113,214977,13449,13450,175,13625,198
2021-04-07,Yuba,115,75493,5773,5737,112,5849,43
2021-04-06,Alameda,001,1643700,84596,84091,1792,85883,1223
2021-04-06,Alpine,002,1148,85,85,0,85,0
2021-04-06,Amador,005,37829,3602,3587,32,3619,45
2021-04-06,Butte,007,227075,11765,11396,1699,13095,193
2021-04-06,Calaveras,009,45235,2024,2021,11,2032,50
2021-04-06,Colusa,011,21464,1896,1894,274,2168,14
2021-04-06,Contra Costa,013,1133247,66435,65575,1137,66712,774
2021-04-06,Del Norte,015,27424,1238,1197,11,1208,6
2021-04-06,El Dorado,017,186661,9588,9489,644,10133,106
2021-04-06,Fresno,019,978130,100434,99814,8249,108063,1626
2021-04-06,Glenn,021,27897,2364,2335,530,2865,17
2021-04-06,Humboldt,023,135768,3502,3477,25,3502,35
2021-04-06,Imperial,025,180216,27869,27661,2557,30218,713
2021-04-06,Inyo,027,18085,1389,1379,10,1389,36
2021-04-06,Kern,029,883053,95727,94422,10312,104734,1259
2021-04-06,Kings,031,150075,22813,22587,1024,23611,240
2021-04-06,Lake,033,64148,3392,3358,9,3367,43
2021-04-06,Lassen,035,31185,5151,5137,102,5239,1
2021-04-06,Los Angeles,037,10098052,1193332,1183499,39314,1222813,23323
2021-04-06,Madera,039,155013,16253,16085,890,16975,230
2021-04-06,Marin,041,260295,5301,13675,219,13894,224
2021-04-06,Mariposa,043,17540,398,390,6,396,5
2021-04-06,Mendocino,045,87422,3773,3686,74,3760,45
2021-04-06,Merced,047,269075,30040,30100,980,31080,430
2021-04-06,Modoc,049,8938,358,351,118,469,3
2021-04-06,Mono,051,14174,1238,1246,17,1263,3
2021-04-06,Monterey,053,433212,42658,42412,1757,44169,341
2021-04-06,Napa,055,140530,9537,9509,30,9539,78
2021-04-06,Nevada,057,99092,4415,4356,179,4535,69
2021-04-06,Orange,059,3164182,252314,250304,10787,261091,4771
2021-04-06,Placer,061,380077,21931,21184,1303,22487,276
2021-04-06,Plumas,063,18699,674,665,10,675,4
2021-04-06,Riverside,065,2383286,290338,283622,13571,297193,4264
2021-04-06,Sacramento,067,1510023,100236,99110,1457,100567,1537
2021-04-06,San Benito,069,59416,5911,5907,101,6008,62
2021-04-06,San Bernardino,071,2135413,289945,286792,8717,295509,4428
2021-04-06,San Diego,073,3302833,273023,271867,13794,285661,3585
2021-04-06,San Francisco,075,870044,35592,35572,1194,36766,488
2021-04-06,San Joaquin,077,732212,70407,69316,3205,72521,1278
2021-04-06,San Luis Obispo,079,281455,20726,20350,629,20979,252
2021-04-06,San Mateo,081,765935,41084,40649,431,41080,350
2021-04-06,Santa Barbara,083,443738,33657,33257,1079,34336,443
2021-04-06,Santa Clara,085,1922200,115236,115184,662,115846,1900
2021-04-06,Santa Cruz,087,273765,15930,15252,788,16040,203
2021-04-06,Shasta,089,179085,11434,11443,1375,12818,184
2021-04-06,Sierra,091,2930,55,51,12,63,0
2021-04-06,Siskiyou,093,43540,1582,1510,262,1772,7
2021-04-06,Solano,095,438530,31201,31078,422,31500,237
2021-04-06,Sonoma,097,501317,29300,29386,284,29670,311
2021-04-06,Stanislaus,099,539301,53692,53304,5587,58891,686
2021-04-06,Sutter,101,95872,9171,9179,80,9259,106
2021-04-06,Tehama,103,63373,4843,4798,515,5313,52
2021-04-06,Trinity,105,12862,481,321,81,402,3
2021-04-06,Tulare,107,460477,49427,48372,8514,56886,819
2021-04-06,Tuolumne,109,53932,3942,3981,40,4021,57
2021-04-06,Ventura,111,848112,80147,79556,2865,82421,983
2021-04-06,Yolo,113,214977,13436,13443,174,13617,198
2021-04-06,Yuba,115,75493,5769,5733,111,5844,43
2021-04-05,Alameda,001,1643700,84480,84007,1788,85795,1219
2021-04-05,Alpine,002,1148,85,85,0,85,0
2021-04-05,Amador,005,37829,3599,3584,32,3616,45
2021-04-05,Butte,007,227075,11750,11384,1699,13083,193
2021-04-05,Calaveras,009,45235,2022,2019,11,2030,50
2021-04-05,Colusa,011,21464,1896,1894,273,2167,14
2021-04-05,Contra Costa,013,1133247,66368,65457,1135,66592,774
2021-04-05,Del Norte,015,27424,1236,1189,11,1200,6
2021-04-05,El Dorado,017,186661,9573,9463,644,10107,106
2021-04-05,Fresno,019,978130,100346,99755,8241,107996,1622
2021-04-05,Glenn,021,27897,2363,2335,530,2865,17
2021-04-05,Humboldt,023,135768,3493,3475,25,3500,35
2021-04-05,Imperial,025,180216,27837,27604,2552,30156,710
2021-04-05,Inyo,027,18085,1386,1377,10,1387,36
2021-04-05,Kern,029,883053,95672,94401,10287,104688,1249
2021-04-05,Kings,031,150075,22809,22580,1024,23604,239
2021-04-05,Lake,033,64148,3384,3359,9,3368,43
2021-04-05,Lassen,035,31185,5151,5138,101,5239,1
2021-04-05,Los Angeles,037,10098052,1192796,1183200,39266,1222466,23302
2021-04-05,Madera,039,155013,16238,16065,889,16954,230
2021-04-05,Marin,041,260295,5287,13666,215,13881,221
2021-04-05,Mariposa,043,17540,398,390,6,396,5
2021-04-05,Mendocino,045,87422,3771,3687,74,3761,45
2021-04-05,Merced,047,269075,30015,30068,978,31046,427
2021-04-05,Modoc,049,8938,356,346,118,464,3
2021-04-05,Mono,051,14174,1238,1246,17,1263,3
2021-04-05,Monterey,053,433212,42645,42396,1753,44149,341
2021-04-05,Napa,055,140530,9514,9492,30,9522,78
2021-04-05,Nevada,057,99092,4404,4346,179,4525,69
2021-04-05,Orange,059,3164182,252199,250177,10763,260940,4759
2021-04-05,Placer,061,380077,21885,21133,1296,22429,276
2021-04-05,Plumas,063,18699,674,666,10,676,4
2021-04-05,Riverside,065,2383286,290201,283549,13559,297108,4237
2021-04-05,Sacramento,067,1510023,100074,98908,1449,100357,1533
2021-04-05,San Benito,069,59416,5905,5904,101,6005,61
2021-04-05,San Bernardino,071,2135413,289835,286597,8714,295311,4425
2021-04-05,San Diego,073,3302833,272774,271655,13753,285408,3583
2021-04-05,San Francisco,075,870044,35561,35538,1194,36732,488
2021-04-05,San Joaquin,077,732212,70318,69214,3196,72410,1268
2021-04-05,San Luis Obispo,079,281455,20689,20333,629,20962,252
2021-04-05,San Mateo,081,765935,41040,40609,430,41039,350
2021-04-05,Santa Barbara,083,443738,33622,33235,1079,34314,443
2021-04-05,Santa Clara,085,1922200,115069,115091,659,115750,1893
2021-04-05,Santa Cruz,087,273765,15923,15228,788,16016,201
2021-04-05,Shasta,089,179085,11413,11435,1372,12807,184
2021-04-05,Sierra,091,2930,55,50,12,62,0
2021-04-05,Siskiyou,093,43540,1579,1509,260,1769,7
2021-04-05,Solano,095,438530,31161,31026,420,31446,237
2021-04-05,Sonoma,097,501317,29268,29361,282,29643,311
2021-04-05,Stanislaus,099,539301,53612,53238,5584,58822,686
2021-04-05,Sutter,101,95872,9164,9169,80,9249,106
2021-04-05,Tehama,103,63373,4837,4794,515,5309,52
2021-04-05,Trinity,105,12862,480,321,81,402,3
2021-04-05,Tulare,107,460477,49415,48356,8507,56863,818
2021-04-05,Tuolumne,109,53932,3941,3980,40,4020,57
2021-04-05,Ventura,111,848112,80116,79549,2862,82411,983
2021-04-05,Yolo,113,214977,13422,13427,173,13600,198
2021-04-05,Yuba,115,75493,5764,5728,110,5838,43
2021-04-04,Alameda,001,1643700,84361,83951,1784,85735,1219
2021-04-04,Alpine,002,1148,85,85,0,85,0
2021-04-04,Amador,005,37829,3593,3582,32,3614,45
2021-04-04,Butte,007,227075,11735,11375,1698,13073,193
2021-04-04,Calaveras,009,45235,2018,2020,11,2031,50
2021-04-04,Colusa,011,21464,1895,1893,273,2166,14
2021-04-04,Contra Costa,013,1133247,66262,65408,1130,66538,774
2021-04-04,Del Norte,015,27424,1228,1186,11,1197,6
2021-04-04,El Dorado,017,186661,9554,9455,641,10096,106
2021-04-04,Fresno,019,978130,100272,99702,8229,107931,1622
2021-04-04,Glenn,021,27897,2360,2335,529,2864,17
2021-04-04,Humboldt,023,135768,3482,3472,25,3497,35
2021-04-04,Imperial,025,180216,27781,27588,2550,30138,710
2021-04-04,Inyo,027,18085,1382,1377,10,1387,36
2021-04-04,Kern,029,883053,95628,94388,10266,104654,1247
2021-04-04,Kings,031,150075,22807,22580,1023,23603,239
2021-04-04,Lake,033,64148,3378,3355,8,3363,43
2021-04-04,Lassen,035,31185,5149,5138,101,5239,1
2021-04-04,Los Angeles,037,10098052,1192251,1182872,39222,1222094,23301
2021-04-04,Madera,039,155013,16212,16052,885,16937,230
2021-04-04,Marin,041,260295,5274,13663,214,13877,221
2021-04-04,Mariposa,043,17540,398,390,6,396,5
2021-04-04,Mendocino,045,87422,3768,3684,74,3758,45
2021-04-04,Merced,047,269075,29972,30048,975,31023,427
2021-04-04,Modoc,049,8938,356,346,118,464,3
2021-04-04,Mono,051,14174,1237,1245,17,1262,3
2021-04-04,Monterey,053,433212,42628,42391,1752,44143,341
2021-04-04,Napa,055,140530,9502,9486,30,9516,78
2021-04-04,Nevada,057,99092,4392,4337,179,4516,69
2021-04-04,Orange,059,3164182,252064,250117,10747,260864,4759
2021-04-04,Placer,061,380077,21838,21104,1278,22382,276
2021-04-04,Plumas,063,18699,674,666,10,676,4
2021-04-04,Riverside,065,2383286,290075,283537,13555,297092,4237
2021-04-04,Sacramento,067,1510023,99875,98821,1440,100261,1531
2021-04-04,San Benito,069,59416,5895,5901,97,5998,61
2021-04-04,San Bernardino,071,2135413,289694,286561,8706,295267,4423
2021-04-04,San Diego,073,3302833,272462,271528,13712,285240,3583
2021-04-04,San Francisco,075,870044,35507,35525,1191,36716,488
2021-04-04,San Joaquin,077,732212,70217,69147,3184,72331,1268
2021-04-04,San Luis Obispo,079,281455,20657,20328,621,20949,252
2021-04-04,San Mateo,081,765935,40997,40587,428,41015,350
2021-04-04,Santa Barbara,083,443738,33586,33213,1079,34292,443
2021-04-04,Santa Clara,085,1922200,114903,114976,652,115628,1893
2021-04-04,Santa Cruz,087,273765,15914,15219,788,16007,201
2021-04-04,Shasta,089,179085,11387,11433,1371,12804,184
2021-04-04,Sierra,091,2930,55,50,12,62,0
2021-04-04,Siskiyou,093,43540,1576,1509,256,1765,7
2021-04-04,Solano,095,438530,31115,31002,418,31420,237
2021-04-04,Sonoma,097,501317,29236,29340,280,29620,311
2021-04-04,Stanislaus,099,539301,53519,53181,5576,58757,686
2021-04-04,Sutter,101,95872,9157,9164,80,9244,106
2021-04-04,Tehama,103,63373,4824,4792,514,5306,52
2021-04-04,Trinity,105,12862,478,321,81,402,3
2021-04-04,Tulare,107,460477,49401,48343,8499,56842,818
2021-04-04,Tuolumne,109,53932,3933,3980,40,4020,57
2021-04-04,Ventura,111,848112,80073,79526,2860,82386,983
2021-04-04,Yolo,113,214977,13401,13425,172,13597,198
2021-04-04,Yuba,115,75493,5757,5722,110,5832,43
2021-04-03,Alameda,001,1643700,84294,83861,1782,85643,1218
2021-04-03,Alpine,002,1148,85,85,0,85,0
2021-04-03,Amador,005,37829,3590,3577,32,3609,45
2021-04-03,Butte,007,227075,11731,11359,1694,13053,193
2021-04-03,Calaveras,009,45235,2016,2019,11,2030,50
2021-04-03,Colusa,011,21464,1895,1891,273,2164,14
2021-04-03,Contra Costa,013,1133247,66190,65338,1130,66468,774
2021-04-03,Del Norte,015,27424,1223,1183,11,1194,6
2021-04-03,El Dorado,017,186661,9545,9448,640,10088,106
2021-04-03,Fresno,019,978130,100214,99602,8224,107826,1622
2021-04-03,Glenn,021,27897,2359,2334,528,2862,17
2021-04-03,Humboldt,023,135768,3480,3467,25,3492,35
2021-04-03,Imperial,025,180216,27765,27572,2547,30119,710
2021-04-03,Inyo,027,18085,1381,1376,10,1386,36
2021-04-03,Kern,029,883053,95602,94369,10250,104619,1243
2021-04-03,Kings,031,150075,22805,22580,1023,23603,239
2021-04-03,Lake,033,64148,3377,3350,8,3358,43
2021-04-03,Lassen,035,31185,5148,5136,101,5237,1
2021-04-03,Los Angeles,037,10098052,1191945,1182402,39205,1221607,23301
2021-04-03,Madera,039,155013,16203,16051,883,16934,230
2021-04-03,Marin,041,260295,5266,13658,213,13871,221
2021-04-03,Mariposa,043,17540,398,390,5,395,5
2021-04-03,Mendocino,045,87422,3767,3684,74,3758,45
2021-04-03,Merced,047,269075,29957,30031,975,31006,427
2021-04-03,Modoc,049,8938,356,346,118,464,3
2021-04-03,Mono,051,14174,1237,1245,17,1262,3
2021-04-03,Monterey,053,433212,42615,42376,1750,44126,341
2021-04-03,Napa,055,140530,9493,9473,30,9503,78
2021-04-03,Nevada,057,99092,4388,4323,179,4502,69
2021-04-03,Orange,059,3164182,251983,249982,10729,260711,4755
2021-04-03,Placer,061,380077,21807,21060,1274,22334,276
2021-04-03,Plumas,063,18699,674,666,10,676,4
2021-04-03,Riverside,065,2383286,289997,283423,13552,296975,4237
2021-04-03,Sacramento,067,1510023,99767,98660,1434,100094,1531
2021-04-03,San Benito,069,59416,5892,5893,96,5989,61
2021-04-03,San Bernardino,071,2135413,289630,286473,8700,295173,4422
2021-04-03,San Diego,073,3302833,272293,271335,13695,285030,3571
2021-04-03,San Francisco,075,870044,35488,35488,1189,36677,489
2021-04-03,San Joaquin,077,732212,70176,69100,3168,72268,1268
2021-04-03,San Luis Obispo,079,281455,20638,20301,621,20922,252
2021-04-03,San Mateo,081,765935,40972,40560,428,40988,350
2021-04-03,Santa Barbara,083,443738,33560,33172,1078,34250,443
2021-04-03,Santa Clara,085,1922200,114795,114865,650,115515,1893
2021-04-03,Santa Cruz,087,273765,15907,15205,788,15993,201
2021-04-03,Shasta,089,179085,11379,11418,1371,12789,184
2021-04-03,Sierra,091,2930,55,50,12,62,0
2021-04-03,Siskiyou,093,43540,1575,1509,256,1765,7
2021-04-03,Solano,095,438530,31094,30970,415,31385,237
2021-04-03,Sonoma,097,501317,29220,29315,279,29594,311
2021-04-03,Stanislaus,099,539301,53484,53137,5570,58707,686
2021-04-03,Sutter,101,95872,9151,9158,80,9238,106
2021-04-03,Tehama,103,63373,4816,4788,514,5302,52
2021-04-03,Trinity,105,12862,478,321,81,402,3
2021-04-03,Tulare,107,460477,49391,48327,8495,56822,818
2021-04-03,Tuolumne,109,53932,3933,3980,40,4020,57
2021-04-03,Ventura,111,848112,80052,79489,2858,82347,983
2021-04-03,Yolo,113,214977,13395,13414,172,13586,198
2021-04-03,Yuba,115,75493,5751,5716,110,5826,43
2021-04-02,Alameda,001,1643700,84221,83776,1779,85555,1217
2021-04-02,Alpine,002,1148,85,85,0,85,0
2021-04-02,Amador,005,37829,3586,3573,31,3604,45
2021-04-02,Butte,007,227075,11722,11350,1694,13044,193
2021-04-02,Calaveras,009,45235,2014,2010,11,2021,50
2021-04-02,Colusa,011,21464,1895,1891,273,2164,14
2021-04-02,Contra Costa,013,1133247,66126,65299,1129,66428,774
2021-04-02,Del Norte,015,27424,1220,1174,11,1185,6
2021-04-02,El Dorado,017,186661,9532,9437,637,10074,106
2021-04-02,Fresno,019,978130,100160,99551,8213,107764,1620
2021-04-02,Glenn,021,27897,2359,2331,528,2859,17
2021-04-02,Humboldt,023,135768,3476,3465,25,3490,35
2021-04-02,Imperial,025,180216,27753,27553,2541,30094,710
2021-04-02,Inyo,027,18085,1381,1377,10,1387,36
2021-04-02,Kern,029,883053,95584,94348,10247,104595,1233
2021-04-02,Kings,031,150075,22805,22571,1020,23591,239
2021-04-02,Lake,033,64148,3375,3348,8,3356,43
2021-04-02,Lassen,035,31185,5148,5134,101,5235,1
2021-04-02,Los Angeles,037,10098052,1191635,1181682,39184,1220866,23264
2021-04-02,Madera,039,155013,16194,16036,882,16918,230
2021-04-02,Marin,041,260295,5258,13649,213,13862,221
2021-04-02,Mariposa,043,17540,396,390,5,395,5
2021-04-02,Mendocino,045,87422,3764,3682,74,3756,45
2021-04-02,Merced,047,269075,29932,29998,975,30973,426
2021-04-02,Modoc,049,8938,353,346,118,464,3
2021-04-02,Mono,051,14174,1237,1246,17,1263,3
2021-04-02,Monterey,053,433212,42605,42359,1747,44106,341
2021-04-02,Napa,055,140530,9478,9453,30,9483,78
2021-04-02,Nevada,057,99092,4384,4323,179,4502,69
2021-04-02,Orange,059,3164182,251888,249891,10717,260608,4748
2021-04-02,Placer,061,380077,21771,21035,1268,22303,275
2021-04-02,Plumas,063,18699,674,666,10,676,4
2021-04-02,Riverside,065,2383286,289911,283328,13543,296871,4213
2021-04-02,Sacramento,067,1510023,99660,98648,1427,100075,1527
2021-04-02,San Benito,069,59416,5890,5888,94,5982,61
2021-04-02,San Bernardino,071,2135413,289558,286308,8696,295004,4417
2021-04-02,San Diego,073,3302833,272107,271036,13669,284705,3568
2021-04-02,San Francisco,075,870044,35453,35451,1187,36638,488
2021-04-02,San Joaquin,077,732212,70111,68996,3153,72149,1268
2021-04-02,San Luis Obispo,079,281455,20621,20271,620,20891,252
2021-04-02,San Mateo,081,765935,40930,40514,428,40942,350
2021-04-02,Santa Barbara,083,443738,33532,33145,1078,34223,443
2021-04-02,Santa Clara,085,1922200,114684,114777,648,115425,1882
2021-04-02,Santa Cruz,087,273765,15899,15216,788,16004,202
2021-04-02,Shasta,089,179085,11374,11377,1364,12741,181
2021-04-02,Sierra,091,2930,55,50,12,62,0
2021-04-02,Siskiyou,093,43540,1575,1508,255,1763,7
2021-04-02,Solano,095,438530,31065,30951,412,31363,237
2021-04-02,Sonoma,097,501317,29199,29288,278,29566,311
2021-04-02,Stanislaus,099,539301,53439,53073,5564,58637,687
2021-04-02,Sutter,101,95872,9143,9131,80,9211,106
2021-04-02,Tehama,103,63373,4809,4775,513,5288,52
2021-04-02,Trinity,105,12862,478,320,81,401,3
2021-04-02,Tulare,107,460477,49385,48306,8489,56795,818
2021-04-02,Tuolumne,109,53932,3930,3980,40,4020,57
2021-04-02,Ventura,111,848112,80025,79434,2856,82290,982
2021-04-02,Yolo,113,214977,13385,13381,172,13553,197
2021-04-02,Yuba,115,75493,5747,5709,110,5819,44
2021-04-01,Alameda,001,1643700,84142,83574,1774,85348,1216
2021-04-01,Alpine,002,1148,85,85,0,85,0
2021-04-01,Amador,005,37829,3582,3558,31,3589,45
2021-04-01,Butte,007,227075,11704,11328,1692,13020,193
2021-04-01,Calaveras,009,45235,2011,2006,11,2017,50
2021-04-01,Colusa,011,21464,1892,1890,273,2163,14
2021-04-01,Contra Costa,013,1133247,66067,65176,1127,66303,771
2021-04-01,Del Norte,015,27424,1215,1138,11,1149,6
2021-04-01,El Dorado,017,186661,9523,9393,633,10026,106
2021-04-01,Fresno,019,978130,100107,99317,8205,107522,1616
2021-04-01,Glenn,021,27897,2359,2322,527,2849,17
2021-04-01,Humboldt,023,135768,3472,3464,25,3489,35
2021-04-01,Imperial,025,180216,27723,27520,2536,30056,710
2021-04-01,Inyo,027,18085,1380,1374,10,1384,36
2021-04-01,Kern,029,883053,95548,94244,10235,104479,1233
2021-04-01,Kings,031,150075,22798,22560,1019,23579,239
2021-04-01,Lake,033,64148,3370,3337,8,3345,43
2021-04-01,Lassen,035,31185,5147,5132,101,5233,1
2021-04-01,Los Angeles,037,10098052,1191142,1181101,39155,1220256,23220
2021-04-01,Madera,039,155013,16178,16023,882,16905,230
2021-04-01,Marin,041,260295,5248,13635,213,13848,221
2021-04-01,Mariposa,043,17540,394,389,5,394,5
2021-04-01,Mendocino,045,87422,3764,3680,74,3754,45
2021-04-01,Merced,047,269075,29899,29820,975,30795,425
2021-04-01,Modoc,049,8938,352,346,118,464,3
2021-04-01,Mono,051,14174,1237,1245,17,1262,3
2021-04-01,Monterey,053,433212,42597,42324,1745,44069,339
2021-04-01,Napa,055,140530,9466,9410,30,9440,78
2021-04-01,Nevada,057,99092,4374,4288,178,4466,68
2021-04-01,Orange,059,3164182,251768,249617,10700,260317,4742
2021-04-01,Placer,061,380077,21732,20909,1256,22165,274
2021-04-01,Plumas,063,18699,674,664,10,674,4
2021-04-01,Riverside,065,2383286,289806,283128,13540,296668,4193
2021-04-01,Sacramento,067,1510023,99516,97952,1414,99366,1521
2021-04-01,San Benito,069,59416,5882,5878,93,5971,61
2021-04-01,San Bernardino,071,2135413,289442,286086,8687,294773,4404
2021-04-01,San Diego,073,3302833,271884,270540,13639,284179,3555
2021-04-01,San Francisco,075,870044,35432,35386,1184,36570,488
2021-04-01,San Joaquin,077,732212,70029,68802,3145,71947,1262
2021-04-01,San Luis Obispo,079,281455,20592,20235,619,20854,252
2021-04-01,San Mateo,081,765935,40889,40454,428,40882,350
2021-04-01,Santa Barbara,083,443738,33485,33096,1073,34169,443
2021-04-01,Santa Clara,085,1922200,114571,114606,647,115253,1874
2021-04-01,Santa Cruz,087,273765,15884,15271,788,16059,202
2021-04-01,Shasta,089,179085,11359,11355,1359,12714,181
2021-04-01,Sierra,091,2930,55,50,12,62,0
2021-04-01,Siskiyou,093,43540,1573,1507,254,1761,7
2021-04-01,Solano,095,438530,31032,30850,409,31259,237
2021-04-01,Sonoma,097,501317,29168,29241,271,29512,311
2021-04-01,Stanislaus,099,539301,53377,52825,5558,58383,687
2021-04-01,Sutter,101,95872,9131,9105,80,9185,106
2021-04-01,Tehama,103,63373,4803,4764,510,5274,52
2021-04-01,Trinity,105,12862,478,319,81,400,3
2021-04-01,Tulare,107,460477,49362,48279,8479,56758,817
2021-04-01,Tuolumne,109,53932,3928,3978,40,4018,57
2021-04-01,Ventura,111,848112,80001,79369,2855,82224,977
2021-04-01,Yolo,113,214977,13372,13342,172,13514,197
2021-04-01,Yuba,115,75493,5742,5694,110,5804,44
2021-03-31,Alameda,001,1643700,84060,83475,1769,85244,1215
2021-03-31,Alpine,002,1148,85,85,0,85,0
2021-03-31,Amador,005,37829,3579,3556,31,3587,45
2021-03-31,Butte,007,227075,11694,11321,1688,13009,193
2021-03-31,Calaveras,009,45235,2009,2005,11,2016,50
2021-03-31,Colusa,011,21464,1892,1890,273,2163,14
2021-03-31,Contra Costa,013,1133247,65982,65109,1126,66235,769
2021-03-31,Del Norte,015,27424,1206,1129,11,1140,6
2021-03-31,El Dorado,017,186661,9506,9390,633,10023,106
2021-03-31,Fresno,019,978130,100014,99240,8189,107429,1616
2021-03-31,Glenn,021,27897,2355,2318,525,2843,17
2021-03-31,Humboldt,023,135768,3466,3460,25,3485,35
2021-03-31,Imperial,025,180216,27703,27506,2535,30041,710
2021-03-31,Inyo,027,18085,1377,1373,9,1382,35
2021-03-31,Kern,029,883053,95505,94205,10226,104431,1229
2021-03-31,Kings,031,150075,22795,22540,1019,23559,239
2021-03-31,Lake,033,64148,3366,3332,8,3340,43
2021-03-31,Lassen,035,31185,5143,5132,101,5233,1
2021-03-31,Los Angeles,037,10098052,1190674,1180538,39117,1219655,23171
2021-03-31,Madera,039,155013,16164,16015,881,16896,229
2021-03-31,Marin,041,260295,5237,13624,213,13837,221
2021-03-31,Mariposa,043,17540,394,389,5,394,5
2021-03-31,Mendocino,045,87422,3758,3675,74,3749,45
2021-03-31,Merced,047,269075,29870,29780,975,30755,423
2021-03-31,Modoc,049,8938,352,346,118,464,3
2021-03-31,Mono,051,14174,1237,1245,17,1262,3
2021-03-31,Monterey,053,433212,42580,42309,1743,44052,338
2021-03-31,Napa,055,140530,9448,9401,30,9431,78
2021-03-31,Nevada,057,99092,4368,4283,178,4461,68
2021-03-31,Orange,059,3164182,251656,249518,10685,260203,4731
2021-03-31,Placer,061,380077,21682,20885,1249,22134,271
2021-03-31,Plumas,063,18699,673,663,10,673,4
2021-03-31,Riverside,065,2383286,289704,283006,13529,296535,4171
2021-03-31,Sacramento,067,1510023,99341,97760,1407,99167,1519
2021-03-31,San Benito,069,59416,5872,5875,93,5968,61
2021-03-31,San Bernardino,071,2135413,289348,285916,8684,294600,4356
2021-03-31,San Diego,073,3302833,271652,270288,13604,283892,3555
2021-03-31,San Francisco,075,870044,35387,35347,1183,36530,474
2021-03-31,San Joaquin,077,732212,69940,68685,3129,71814,1259
2021-03-31,San Luis Obispo,079,281455,20570,20215,618,20833,251
2021-03-31,San Mateo,081,765935,40859,40423,428,40851,350
2021-03-31,Santa Barbara,083,443738,33453,33052,1071,34123,443
2021-03-31,Santa Clara,085,1922200,114444,114499,647,115146,1874
2021-03-31,Santa Cruz,087,273765,15871,15295,787,16082,201
2021-03-31,Shasta,089,179085,11347,11327,1351,12678,179
2021-03-31,Sierra,091,2930,55,50,12,62,0
2021-03-31,Siskiyou,093,43540,1572,1505,254,1759,7
2021-03-31,Solano,095,438530,30986,30824,408,31232,235
2021-03-31,Sonoma,097,501317,29141,29216,271,29487,311
2021-03-31,Stanislaus,099,539301,53309,52782,5546,58328,687
2021-03-31,Sutter,101,95872,9120,9111,80,9191,106
2021-03-31,Tehama,103,63373,4798,4762,508,5270,52
2021-03-31,Trinity,105,12862,478,319,81,400,3
2021-03-31,Tulare,107,460477,49342,48261,8463,56724,816
2021-03-31,Tuolumne,109,53932,3927,3976,40,4016,57
2021-03-31,Ventura,111,848112,79969,79326,2851,82177,969
2021-03-31,Yolo,113,214977,13355,13359,171,13530,197
2021-03-31,Yuba,115,75493,5735,5686,110,5796,44
2021-03-30,Alameda,001,1643700,83960,83395,1766,85161,1211
2021-03-30,Alpine,002,1148,85,85,0,85,0
2021-03-30,Amador,005,37829,3576,3551,31,3582,45
2021-03-30,Butte,007,227075,11682,11296,1685,12981,193
2021-03-30,Calaveras,009,45235,2005,1997,11,2008,50
2021-03-30,Colusa,011,21464,1891,1890,272,2162,14
2021-03-30,Contra Costa,013,1133247,65893,65041,1124,66165,767
2021-03-30,Del Norte,015,27424,1198,1118,10,1128,6
2021-03-30,El Dorado,017,186661,9487,9381,630,10011,105
2021-03-30,Fresno,019,978130,99949,99156,8176,107332,1609
2021-03-30,Glenn,021,27897,2355,2310,524,2834,17
2021-03-30,Humboldt,023,135768,3464,3461,25,3486,35
2021-03-30,Imperial,025,180216,27675,27471,2533,30004,706
2021-03-30,Inyo,027,18085,1377,1374,9,1383,35
2021-03-30,Kern,029,883053,95463,94151,10217,104368,1221
2021-03-30,Kings,031,150075,22791,22530,1017,23547,238
2021-03-30,Lake,033,64148,3360,3330,8,3338,43
2021-03-30,Lassen,035,31185,5143,5132,101,5233,1
2021-03-30,Los Angeles,037,10098052,1190178,1180044,39095,1219139,23136
2021-03-30,Madera,039,155013,16154,16003,877,16880,229
2021-03-30,Marin,041,260295,5228,13611,205,13816,221
2021-03-30,Mariposa,043,17540,394,388,5,393,5
2021-03-30,Mendocino,045,87422,3756,3670,74,3744,45
2021-03-30,Merced,047,269075,29833,29731,975,30706,423
2021-03-30,Modoc,049,8938,351,346,118,464,3
2021-03-30,Mono,051,14174,1236,1245,17,1262,3
2021-03-30,Monterey,053,433212,42554,42308,1741,44049,338
2021-03-30,Napa,055,140530,9433,9391,30,9421,78
2021-03-30,Nevada,057,99092,4356,4266,177,4443,68
2021-03-30,Orange,059,3164182,251528,249412,10658,260070,4727
2021-03-30,Placer,061,380077,21642,20866,1243,22109,271
2021-03-30,Plumas,063,18699,673,661,10,671,4
2021-03-30,Riverside,065,2383286,289579,282930,13520,296450,4154
2021-03-30,Sacramento,067,1510023,99204,97718,1404,99122,1516
2021-03-30,San Benito,069,59416,5866,5870,93,5963,61
2021-03-30,San Bernardino,071,2135413,289239,285758,8675,294433,4343
2021-03-30,San Diego,073,3302833,271413,269998,13566,283564,3555
2021-03-30,San Francisco,075,870044,35337,35325,1182,36507,474
2021-03-30,San Joaquin,077,732212,69852,68613,3119,71732,1232
2021-03-30,San Luis Obispo,079,281455,20550,20194,618,20812,251
2021-03-30,San Mateo,081,765935,40815,40377,428,40805,349
2021-03-30,Santa Barbara,083,443738,33428,33016,1071,34087,441
2021-03-30,Santa Clara,085,1922200,114322,114413,646,115059,1873
2021-03-30,Santa Cruz,087,273765,15865,15278,787,16065,201
2021-03-30,Shasta,089,179085,11339,11316,1350,12666,184
2021-03-30,Sierra,091,2930,55,50,12,62,0
2021-03-30,Siskiyou,093,43540,1571,1501,254,1755,7
2021-03-30,Solano,095,438530,30956,30802,407,31209,232
2021-03-30,Sonoma,097,501317,29109,29198,271,29469,311
2021-03-30,Stanislaus,099,539301,53231,52690,5538,58228,677
2021-03-30,Sutter,101,95872,9116,9107,79,9186,106
2021-03-30,Tehama,103,63373,4789,4748,507,5255,52
2021-03-30,Trinity,105,12862,478,316,81,397,3
2021-03-30,Tulare,107,460477,49327,48249,8454,56703,815
2021-03-30,Tuolumne,109,53932,3922,3972,40,4012,57
2021-03-30,Ventura,111,848112,79925,79282,2848,82130,958
2021-03-30,Yolo,113,214977,13342,13353,171,13524,195
2021-03-30,Yuba,115,75493,5724,5679,104,5783,42
2021-03-29,Alameda,001,1643700,83860,83338,1764,85102,1211
2021-03-29,Alpine,002,1148,85,85,0,85,0
2021-03-29,Amador,005,37829,3570,3549,31,3580,45
2021-03-29,Butte,007,227075,11674,11291,1682,12973,191
2021-03-29,Calaveras,009,45235,2003,1998,11,2009,50
2021-03-29,Colusa,011,21464,1891,1889,271,2160,14
2021-03-29,Contra Costa,013,1133247,65824,64971,1123,66094,767
2021-03-29,Del Norte,015,27424,1193,1116,9,1125,6
2021-03-29,El Dorado,017,186661,9467,9374,625,9999,105
2021-03-29,Fresno,019,978130,99866,99085,8161,107246,1606
2021-03-29,Glenn,021,27897,2348,2310,524,2834,17
2021-03-29,Humboldt,023,135768,3459,3459,25,3484,34
2021-03-29,Imperial,025,180216,27654,27442,2531,29973,704
2021-03-29,Inyo,027,18085,1377,1372,9,1381,35
2021-03-29,Kern,029,883053,95416,94098,10198,104296,1220
2021-03-29,Kings,031,150075,22779,22522,1016,23538,238
2021-03-29,Lake,033,64148,3357,3325,8,3333,43
2021-03-29,Lassen,035,31185,5143,5131,101,5232,1
2021-03-29,Los Angeles,037,10098052,1189681,1179736,39055,1218791,23108
2021-03-29,Madera,039,155013,16134,15987,875,16862,210
2021-03-29,Marin,041,260295,5216,13600,202,13802,220
2021-03-29,Mariposa,043,17540,393,388,5,393,5
2021-03-29,Mendocino,045,87422,3753,3667,74,3741,45
2021-03-29,Merced,047,269075,29809,29699,975,30674,422
2021-03-29,Modoc,049,8938,350,344,118,462,3
2021-03-29,Mono,051,14174,1235,1243,17,1260,3
2021-03-29,Monterey,053,433212,42538,42305,1736,44041,337
2021-03-29,Napa,055,140530,9417,9379,30,9409,78
2021-03-29,Nevada,057,99092,4349,4258,177,4435,68
2021-03-29,Orange,059,3164182,251417,249295,10646,259941,4713
2021-03-29,Placer,061,380077,21607,20827,1236,22063,267
2021-03-29,Plumas,063,18699,672,660,10,670,4
2021-03-29,Riverside,065,2383286,289476,282867,13519,296386,4133
2021-03-29,Sacramento,067,1510023,99011,97577,1396,98973,1514
2021-03-29,San Benito,069,59416,5859,5865,93,5958,61
2021-03-29,San Bernardino,071,2135413,289142,285615,8671,294286,4335
2021-03-29,San Diego,073,3302833,271147,269771,13540,283311,3547
2021-03-29,San Francisco,075,870044,35302,35291,1179,36470,474
2021-03-29,San Joaquin,077,732212,69766,68537,3106,71643,1211
2021-03-29,San Luis Obispo,079,281455,20515,20176,617,20793,250
2021-03-29,San Mateo,081,765935,40773,40357,427,40784,348
2021-03-29,Santa Barbara,083,443738,33394,32983,1070,34053,439
2021-03-29,Santa Clara,085,1922200,114213,114335,641,114976,1871
2021-03-29,Santa Cruz,087,273765,15854,15249,786,16035,201
2021-03-29,Shasta,089,179085,11321,11313,1348,12661,183
2021-03-29,Sierra,091,2930,55,50,12,62,0
2021-03-29,Siskiyou,093,43540,1569,1497,254,1751,6
2021-03-29,Solano,095,438530,30917,30762,405,31167,232
2021-03-29,Sonoma,097,501317,29086,29184,268,29452,310
2021-03-29,Stanislaus,099,539301,53147,52614,5531,58145,677
2021-03-29,Sutter,101,95872,9109,9105,79,9184,106
2021-03-29,Tehama,103,63373,4781,4742,506,5248,52
2021-03-29,Trinity,105,12862,478,314,81,395,3
2021-03-29,Tulare,107,460477,49299,48226,8443,56669,815
2021-03-29,Tuolumne,109,53932,3920,3969,40,4009,57
2021-03-29,Ventura,111,848112,79883,79252,2848,82100,956
2021-03-29,Yolo,113,214977,13323,13346,171,13517,195
2021-03-29,Yuba,115,75493,5717,5671,103,5774,42
2021-03-28,Alameda,001,1643700,83739,83239,1762,85001,1212
2021-03-28,Alpine,002,1148,85,85,0,85,0
2021-03-28,Amador,005,37829,3566,3541,31,3572,45
2021-03-28,Butte,007,227075,11661,11285,1680,12965,191
2021-03-28,Calaveras,009,45235,2001,1995,11,2006,50
2021-03-28,Colusa,011,21464,1890,1889,271,2160,14
2021-03-28,Contra Costa,013,1133247,65750,64878,1119,65997,767
2021-03-28,Del Norte,015,27424,1186,1107,7,1114,6
2021-03-28,El Dorado,017,186661,9452,9371,623,9994,105
2021-03-28,Fresno,019,978130,99784,99004,8149,107153,1606
2021-03-28,Glenn,021,27897,2344,2309,522,2831,17
2021-03-28,Humboldt,023,135768,3456,3452,24,3476,34
2021-03-28,Imperial,025,180216,27626,27426,2528,29954,704
2021-03-28,Inyo,027,18085,1376,1372,9,1381,35
2021-03-28,Kern,029,883053,95371,94084,10187,104271,1219
2021-03-28,Kings,031,150075,22774,22514,1013,23527,238
2021-03-28,Lake,033,64148,3352,3320,8,3328,43
2021-03-28,Lassen,035,31185,5143,5131,100,5231,1
2021-03-28,Los Angeles,037,10098052,1189129,1179316,38997,1218313,23101
2021-03-28,Madera,039,155013,16119,15973,874,16847,210
2021-03-28,Marin,041,260295,5203,13594,200,13794,221
2021-03-28,Mariposa,043,17540,393,388,5,393,5
2021-03-28,Mendocino,045,87422,3751,3666,74,3740,45
2021-03-28,Merced,047,269075,29752,29679,975,30654,422
2021-03-28,Modoc,049,8938,350,344,118,462,3
2021-03-28,Mono,051,14174,1234,1242,17,1259,3
2021-03-28,Monterey,053,433212,42515,42294,1732,44026,337
2021-03-28,Napa,055,140530,9403,9368,30,9398,78
2021-03-28,Nevada,057,99092,4335,4239,177,4416,68
2021-03-28,Orange,059,3164182,251260,249238,10636,259874,4713
2021-03-28,Placer,061,380077,21563,20796,1230,22026,267
2021-03-28,Plumas,063,18699,670,657,10,667,4
2021-03-28,Riverside,065,2383286,289362,282811,13511,296322,4132
2021-03-28,Sacramento,067,1510023,98837,97425,1390,98815,1514
2021-03-28,San Benito,069,59416,5854,5862,93,5955,61
2021-03-28,San Bernardino,071,2135413,289022,285570,8663,294233,4332
2021-03-28,San Diego,073,3302833,270871,269476,13511,282987,3547
2021-03-28,San Francisco,075,870044,35256,35286,1175,36461,474
2021-03-28,San Joaquin,077,732212,69642,68459,3087,71546,1211
2021-03-28,San Luis Obispo,079,281455,20480,20172,614,20786,250
2021-03-28,San Mateo,081,765935,40728,40305,427,40732,348
2021-03-28,Santa Barbara,083,443738,33352,32953,1069,34022,439
2021-03-28,Santa Clara,085,1922200,114113,114232,637,114869,1871
2021-03-28,Santa Cruz,087,273765,15839,15238,785,16023,201
2021-03-28,Shasta,089,179085,11295,11308,1337,12645,183
2021-03-28,Sierra,091,2930,55,50,12,62,0
2021-03-28,Siskiyou,093,43540,1569,1497,253,1750,6
2021-03-28,Solano,095,438530,30880,30719,403,31122,232
2021-03-28,Sonoma,097,501317,29050,29161,266,29427,310
2021-03-28,Stanislaus,099,539301,53059,52567,5518,58085,678
2021-03-28,Sutter,101,95872,9100,9094,79,9173,106
2021-03-28,Tehama,103,63373,4771,4740,504,5244,52
2021-03-28,Trinity,105,12862,476,314,80,394,3
2021-03-28,Tulare,107,460477,49270,48218,8437,56655,815
2021-03-28,Tuolumne,109,53932,3917,3969,39,4008,57
2021-03-28,Ventura,111,848112,79832,79222,2843,82065,956
2021-03-28,Yolo,113,214977,13306,13325,170,13495,194
2021-03-28,Yuba,115,75493,5713,5662,103,5765,42
2021-03-27,Alameda,001,1643700,83668,83169,1758,84927,1211
2021-03-27,Alpine,002,1148,85,85,0,85,0
2021-03-27,Amador,005,37829,3561,3538,31,3569,45
2021-03-27,Butte,007,227075,11654,11278,1679,12957,191
2021-03-27,Calaveras,009,45235,1998,1992,11,2003,50
2021-03-27,Colusa,011,21464,1890,1889,271,2160,14
2021-03-27,Contra Costa,013,1133247,65680,64804,1116,65920,767
2021-03-27,Del Norte,015,27424,1176,1104,7,1111,6
2021-03-27,El Dorado,017,186661,9438,9367,623,9990,105
2021-03-27,Fresno,019,978130,99731,98901,8143,107044,1606
2021-03-27,Glenn,021,27897,2343,2308,522,2830,17
2021-03-27,Humboldt,023,135768,3451,3442,24,3466,34
2021-03-27,Imperial,025,180216,27614,27406,2525,29931,704
2021-03-27,Inyo,027,18085,1374,1372,9,1381,35
2021-03-27,Kern,029,883053,95351,94041,10176,104217,1217
2021-03-27,Kings,031,150075,22771,22502,1013,23515,238
2021-03-27,Lake,033,64148,3350,3317,8,3325,43
2021-03-27,Lassen,035,31185,5143,5129,100,5229,1
2021-03-27,Los Angeles,037,10098052,1188815,1178831,38971,1217802,23103
2021-03-27,Madera,039,155013,16112,15968,872,16840,210
2021-03-27,Marin,041,260295,5198,13579,200,13779,222
2021-03-27,Mariposa,043,17540,393,386,5,391,5
2021-03-27,Mendocino,045,87422,3749,3666,74,3740,45
2021-03-27,Merced,047,269075,29719,29647,973,30620,422
2021-03-27,Modoc,049,8938,350,344,118,462,3
2021-03-27,Mono,051,14174,1232,1241,17,1258,3
2021-03-27,Monterey,053,433212,42505,42271,1732,44003,337
2021-03-27,Napa,055,140530,9391,9360,30,9390,78
2021-03-27,Nevada,057,99092,4325,4231,177,4408,68
2021-03-27,Orange,059,3164182,251165,249160,10620,259780,4698
2021-03-27,Placer,061,380077,21543,20717,1223,21940,267
2021-03-27,Plumas,063,18699,669,655,10,665,4
2021-03-27,Riverside,065,2383286,289300,282707,13503,296210,4132
2021-03-27,Sacramento,067,1510023,98747,97247,1388,98635,1513
2021-03-27,San Benito,069,59416,5852,5862,91,5953,61
2021-03-27,San Bernardino,071,2135413,288960,285480,8662,294142,4325
2021-03-27,San Diego,073,3302833,270700,269271,13489,282760,3540
2021-03-27,San Francisco,075,870044,35233,35244,1173,36417,474
2021-03-27,San Joaquin,077,732212,69582,68365,3079,71444,1211
2021-03-27,San Luis Obispo,079,281455,20469,20153,611,20764,250
2021-03-27,San Mateo,081,765935,40705,40264,427,40691,348
2021-03-27,Santa Barbara,083,443738,33329,32921,1069,33990,439
2021-03-27,Santa Clara,085,1922200,114017,114124,635,114759,1871
2021-03-27,Santa Cruz,087,273765,15833,15215,785,16000,201
2021-03-27,Shasta,089,179085,11284,11288,1335,12623,183
2021-03-27,Sierra,091,2930,55,50,12,62,0
2021-03-27,Siskiyou,093,43540,1569,1497,253,1750,6
2021-03-27,Solano,095,438530,30852,30669,402,31071,232
2021-03-27,Sonoma,097,501317,29035,29133,264,29397,310
2021-03-27,Stanislaus,099,539301,52994,52497,5510,58007,678
2021-03-27,Sutter,101,95872,9093,9093,79,9172,106
2021-03-27,Tehama,103,63373,4765,4738,502,5240,52
2021-03-27,Trinity,105,12862,476,313,80,393,3
2021-03-27,Tulare,107,460477,49254,48203,8430,56633,813
2021-03-27,Tuolumne,109,53932,3914,3968,39,4007,57
2021-03-27,Ventura,111,848112,79805,79184,2841,82025,956
2021-03-27,Yolo,113,214977,13301,13317,169,13486,194
2021-03-27,Yuba,115,75493,5711,5657,103,5760,42
2021-03-26,Alameda,001,1643700,83606,83043,1756,84799,1208
2021-03-26,Alpine,002,1148,85,85,0,85,0
2021-03-26,Amador,005,37829,3556,3532,31,3563,45
2021-03-26,Butte,007,227075,11643,11278,1679,12957,191
2021-03-26,Calaveras,009,45235,1995,1989,11,2000,50
2021-03-26,Colusa,011,21464,1890,1889,271,2160,14
2021-03-26,Contra Costa,013,1133247,65620,64699,1113,65812,761
2021-03-26,Del Norte,015,27424,1173,1101,7,1108,6
2021-03-26,El Dorado,017,186661,9433,9353,623,9976,105
2021-03-26,Fresno,019,978130,99669,98731,8133,106864,1601
2021-03-26,Glenn,021,27897,2343,2307,521,2828,17
2021-03-26,Humboldt,023,135768,3449,3431,24,3455,34
2021-03-26,Imperial,025,180216,27590,27374,2525,29899,701
2021-03-26,Inyo,027,18085,1373,1369,9,1378,35
2021-03-26,Kern,029,883053,95325,93949,10170,104119,1211
2021-03-26,Kings,031,150075,22763,22493,1011,23504,239
2021-03-26,Lake,033,64148,3349,3314,8,3322,43
2021-03-26,Lassen,035,31185,5142,5131,100,5231,1
2021-03-26,Los Angeles,037,10098052,1188479,1178213,38958,1217171,23080
2021-03-26,Madera,039,155013,16102,15952,872,16824,210
2021-03-26,Marin,041,260295,5192,13553,195,13748,221
2021-03-26,Mariposa,043,17540,393,386,5,391,5
2021-03-26,Mendocino,045,87422,3748,3664,74,3738,45
2021-03-26,Merced,047,269075,29696,29613,972,30585,419
2021-03-26,Modoc,049,8938,350,344,118,462,3
2021-03-26,Mono,051,14174,1231,1236,17,1253,3
2021-03-26,Monterey,053,433212,42492,42241,1728,43969,338
2021-03-26,Napa,055,140530,9381,9349,30,9379,78
2021-03-26,Nevada,057,99092,4305,4222,177,4399,83
2021-03-26,Orange,059,3164182,251102,248995,10606,259601,4671
2021-03-26,Placer,061,380077,21517,20679,1222,21901,259
2021-03-26,Plumas,063,18699,668,654,10,664,4
2021-03-26,Riverside,065,2383286,289222,282602,13497,296099,4109
2021-03-26,Sacramento,067,1510023,98646,97040,1383,98423,1509
2021-03-26,San Benito,069,59416,5849,5855,91,5946,61
2021-03-26,San Bernardino,071,2135413,288904,285313,8660,293973,4288
2021-03-26,San Diego,073,3302833,270522,269045,13463,282508,3525
2021-03-26,San Francisco,075,870044,35207,35186,1173,36359,472
2021-03-26,San Joaquin,077,732212,69519,68249,3075,71324,1202
2021-03-26,San Luis Obispo,079,281455,20456,20118,611,20729,250
2021-03-26,San Mateo,081,765935,40670,40199,427,40626,348
2021-03-26,Santa Barbara,083,443738,33299,32895,1068,33963,439
2021-03-26,Santa Clara,085,1922200,113919,113959,634,114593,1868
2021-03-26,Santa Cruz,087,273765,15818,15199,784,15983,201
2021-03-26,Shasta,089,179085,11275,11276,1329,12605,182
2021-03-26,Sierra,091,2930,55,50,12,62,0
2021-03-26,Siskiyou,093,43540,1569,1493,252,1745,6
2021-03-26,Solano,095,438530,30827,30640,402,31042,205
2021-03-26,Sonoma,097,501317,29019,29101,261,29362,310
2021-03-26,Stanislaus,099,539301,52926,52420,5506,57926,678
2021-03-26,Sutter,101,95872,9090,9082,79,9161,104
2021-03-26,Tehama,103,63373,4764,4722,501,5223,51
2021-03-26,Trinity,105,12862,476,311,80,391,3
2021-03-26,Tulare,107,460477,49239,48179,8423,56602,813
2021-03-26,Tuolumne,109,53932,3913,3965,39,4004,57
2021-03-26,Ventura,111,848112,79771,79122,2839,81961,953
2021-03-26,Yolo,113,214977,13294,13299,167,13466,194
2021-03-26,Yuba,115,75493,5701,5653,103,5756,42
2021-03-25,Alameda,001,1643700,83512,82945,1754,84699,1206
2021-03-25,Alpine,002,1148,85,84,0,84,0
2021-03-25,Amador,005,37829,3554,3530,31,3561,45
2021-03-25,Butte,007,227075,11633,11270,1679,12949,188
2021-03-25,Calaveras,009,45235,1994,1982,11,1993,50
2021-03-25,Colusa,011,21464,1890,1888,271,2159,14
2021-03-25,Contra Costa,013,1133247,65553,64606,1110,65716,757
2021-03-25,Del Norte,015,27424,1167,1095,7,1102,6
2021-03-25,El Dorado,017,186661,9423,9331,623,9954,105
2021-03-25,Fresno,019,978130,99551,98602,8120,106722,1593
2021-03-25,Glenn,021,27897,2342,2302,520,2822,17
2021-03-25,Humboldt,023,135768,3444,3423,24,3447,34
2021-03-25,Imperial,025,180216,27574,27352,2524,29876,699
2021-03-25,Inyo,027,18085,1373,1369,9,1378,35
2021-03-25,Kern,029,883053,95293,93857,10165,104022,1206
2021-03-25,Kings,031,150075,22753,22472,1011,23483,237
2021-03-25,Lake,033,64148,3344,3312,8,3320,43
2021-03-25,Lassen,035,31185,5142,5129,100,5229,1
2021-03-25,Los Angeles,037,10098052,1188041,1177490,38925,1216415,23051
2021-03-25,Madera,039,155013,16083,15937,870,16807,210
2021-03-25,Marin,041,260295,5182,13538,192,13730,219
2021-03-25,Mariposa,043,17540,393,386,5,391,5
2021-03-25,Mendocino,045,87422,3747,3664,74,3738,45
2021-03-25,Merced,047,269075,29662,29576,965,30541,416
2021-03-25,Modoc,049,8938,350,343,118,461,3
2021-03-25,Mono,051,14174,1231,1235,17,1252,3
2021-03-25,Monterey,053,433212,42471,42220,1723,43943,336
2021-03-25,Napa,055,140530,9362,9321,30,9351,78
2021-03-25,Nevada,057,99092,4287,4202,175,4377,84
2021-03-25,Orange,059,3164182,250987,248871,10586,259457,4655
2021-03-25,Placer,061,380077,21476,20639,1215,21854,252
2021-03-25,Plumas,063,18699,668,654,10,664,4
2021-03-25,Riverside,065,2383286,289125,282492,13486,295978,4078
2021-03-25,Sacramento,067,1510023,98500,96823,1381,98204,1505
2021-03-25,San Benito,069,59416,5846,5850,91,5941,61
2021-03-25,San Bernardino,071,2135413,288823,285134,8655,293789,4222
2021-03-25,San Diego,073,3302833,270294,268623,13432,282055,3520
2021-03-25,San Francisco,075,870044,35167,35154,1171,36325,468
2021-03-25,San Joaquin,077,732212,69422,68089,3037,71126,1196
2021-03-25,San Luis Obispo,079,281455,20438,20076,611,20687,250
2021-03-25,San Mateo,081,765935,40630,40147,427,40574,348
2021-03-25,Santa Barbara,083,443738,33272,32857,1068,33925,439
2021-03-25,Santa Clara,085,1922200,113815,113877,632,114509,1868
2021-03-25,Santa Cruz,087,273765,15797,15170,784,15954,201
2021-03-25,Shasta,089,179085,11258,11262,1326,12588,181
2021-03-25,Sierra,091,2930,55,50,12,62,0
2021-03-25,Siskiyou,093,43540,1567,1491,251,1742,6
2021-03-25,Solano,095,438530,30767,30583,400,30983,193
2021-03-25,Sonoma,097,501317,28985,29060,257,29317,310
2021-03-25,Stanislaus,099,539301,52859,52321,5499,57820,678
2021-03-25,Sutter,101,95872,9081,9069,79,9148,104
2021-03-25,Tehama,103,63373,4762,4719,500,5219,52
2021-03-25,Trinity,105,12862,476,310,80,390,3
2021-03-25,Tulare,107,460477,49212,48148,8411,56559,811
2021-03-25,Tuolumne,109,53932,3912,3962,39,4001,57
2021-03-25,Ventura,111,848112,79730,79045,2835,81880,952
2021-03-25,Yolo,113,214977,13288,13287,167,13454,194
2021-03-25,Yuba,115,75493,5695,5647,97,5744,42
2021-03-24,Alameda,001,1643700,83419,82871,1751,84622,1199
2021-03-24,Alpine,002,1148,85,84,0,84,0
2021-03-24,Amador,005,37829,3548,3529,31,3560,45
2021-03-24,Butte,007,227075,11623,11252,1675,12927,187
2021-03-24,Calaveras,009,45235,1991,1975,11,1986,50
2021-03-24,Colusa,011,21464,1890,1886,271,2157,14
2021-03-24,Contra Costa,013,1133247,65473,64539,1109,65648,755
2021-03-24,Del Norte,015,27424,1162,1087,7,1094,6
2021-03-24,El Dorado,017,186661,9417,9319,622,9941,105
2021-03-24,Fresno,019,978130,99460,98437,8105,106542,1585
2021-03-24,Glenn,021,27897,2341,2297,519,2816,17
2021-03-24,Humboldt,023,135768,3441,3414,24,3438,34
2021-03-24,Imperial,025,180216,27565,27325,2524,29849,699
2021-03-24,Inyo,027,18085,1373,1368,9,1377,35
2021-03-24,Kern,029,883053,95245,93800,10156,103956,1198
2021-03-24,Kings,031,150075,22738,22456,1009,23465,237
2021-03-24,Lake,033,64148,3340,3307,8,3315,43
2021-03-24,Lassen,035,31185,5140,5130,99,5229,1
2021-03-24,Los Angeles,037,10098052,1187554,1177015,38892,1215907,22993
2021-03-24,Madera,039,155013,16074,15918,869,16787,210
2021-03-24,Marin,041,260295,5168,13526,190,13716,219
2021-03-24,Mariposa,043,17540,393,384,5,389,5
2021-03-24,Mendocino,045,87422,3744,3660,74,3734,45
2021-03-24,Merced,047,269075,29621,29525,965,30490,415
2021-03-24,Modoc,049,8938,349,341,118,459,3
2021-03-24,Mono,051,14174,1230,1243,17,1260,3
2021-03-24,Monterey,053,433212,42449,42201,1720,43921,335
2021-03-24,Napa,055,140530,9342,9310,30,9340,78
2021-03-24,Nevada,057,99092,4272,4191,174,4365,85
2021-03-24,Orange,059,3164182,250874,248775,10568,259343,4638
2021-03-24,Placer,061,380077,21446,20606,1207,21813,250
2021-03-24,Plumas,063,18699,666,652,10,662,4
2021-03-24,Riverside,065,2383286,289041,282410,13483,295893,4058
2021-03-24,Sacramento,067,1510023,98325,96628,1370,97998,1500
2021-03-24,San Benito,069,59416,5845,5847,91,5938,61
2021-03-24,San Bernardino,071,2135413,288736,284983,8653,293636,4170
2021-03-24,San Diego,073,3302833,270080,268413,13404,281817,3509
2021-03-24,San Francisco,075,870044,35140,35103,1168,36271,462
2021-03-24,San Joaquin,077,732212,69351,67978,3025,71003,1196
2021-03-24,San Luis Obispo,079,281455,20408,20021,610,20631,250
2021-03-24,San Mateo,081,765935,40580,40083,427,40510,348
2021-03-24,Santa Barbara,083,443738,33244,32810,1068,33878,438
2021-03-24,Santa Clara,085,1922200,113699,113757,629,114386,1851
2021-03-24,Santa Cruz,087,273765,15783,15138,783,15921,202
2021-03-24,Shasta,089,179085,11239,11243,1324,12567,181
2021-03-24,Sierra,091,2930,55,50,12,62,0
2021-03-24,Siskiyou,093,43540,1565,1490,251,1741,6
2021-03-24,Solano,095,438530,30730,30552,399,30951,178
2021-03-24,Sonoma,097,501317,28965,29034,253,29287,310
2021-03-24,Stanislaus,099,539301,52783,52259,5490,57749,677
2021-03-24,Sutter,101,95872,9065,9049,79,9128,104
2021-03-24,Tehama,103,63373,4756,4719,499,5218,49
2021-03-24,Trinity,105,12862,475,310,80,390,3
2021-03-24,Tulare,107,460477,49201,48109,8398,56507,808
2021-03-24,Tuolumne,109,53932,3910,3961,39,4000,57
2021-03-24,Ventura,111,848112,79678,78993,2828,81821,944
2021-03-24,Yolo,113,214977,13276,13269,167,13436,194
2021-03-24,Yuba,115,75493,5689,5634,94,5728,42
2021-03-23,Alameda,001,1643700,83317,82799,1747,84546,1190
2021-03-23,Alpine,002,1148,85,84,0,84,0
2021-03-23,Amador,005,37829,3542,3524,31,3555,45
2021-03-23,Butte,007,227075,11611,11227,1674,12901,187
2021-03-23,Calaveras,009,45235,1989,1971,11,1982,50
2021-03-23,Colusa,011,21464,1888,1885,270,2155,14
2021-03-23,Contra Costa,013,1133247,65373,64491,1108,65599,750
2021-03-23,Del Norte,015,27424,1157,1082,7,1089,6
2021-03-23,El Dorado,017,186661,9407,9318,619,9937,105
2021-03-23,Fresno,019,978130,99345,98362,8081,106443,1575
2021-03-23,Glenn,021,27897,2336,2293,517,2810,17
2021-03-23,Humboldt,023,135768,3432,3405,24,3429,34
2021-03-23,Imperial,025,180216,27557,27320,2524,29844,699
2021-03-23,Inyo,027,18085,1371,1364,9,1373,35
2021-03-23,Kern,029,883053,95138,93728,10149,103877,1191
2021-03-23,Kings,031,150075,22727,22439,1007,23446,237
2021-03-23,Lake,033,64148,3338,3294,8,3302,43
2021-03-23,Lassen,035,31185,5140,5130,99,5229,1
2021-03-23,Los Angeles,037,10098052,1187033,1176572,38855,1215427,22904
2021-03-23,Madera,039,155013,16058,15908,868,16776,210
2021-03-23,Marin,041,260295,5145,13514,188,13702,221
2021-03-23,Mariposa,043,17540,392,384,5,389,5
2021-03-23,Mendocino,045,87422,3742,3652,74,3726,45
2021-03-23,Merced,047,269075,29588,29485,965,30450,415
2021-03-23,Modoc,049,8938,348,342,118,460,3
2021-03-23,Mono,051,14174,1229,1263,17,1280,3
2021-03-23,Monterey,053,433212,42438,42180,1718,43898,335
2021-03-23,Napa,055,140530,9317,9299,30,9329,78
2021-03-23,Nevada,057,99092,4253,4179,173,4352,89
2021-03-23,Orange,059,3164182,250748,248661,10550,259211,4626
2021-03-23,Placer,061,380077,21411,20567,1203,21770,248
2021-03-23,Plumas,063,18699,666,652,10,662,4
2021-03-23,Riverside,065,2383286,288941,282317,13477,295794,4035
2021-03-23,Sacramento,067,1510023,98133,96521,1366,97887,1496
2021-03-23,San Benito,069,59416,5840,5845,90,5935,61
2021-03-23,San Bernardino,071,2135413,288651,284875,8645,293520,4134
2021-03-23,San Diego,073,3302833,269835,268156,13372,281528,3498
2021-03-23,San Francisco,075,870044,35082,35071,1163,36234,462
2021-03-23,San Joaquin,077,732212,69255,67903,3007,70910,1182
2021-03-23,San Luis Obispo,079,281455,20368,20009,609,20618,250
2021-03-23,San Mateo,081,765935,40524,40032,426,40458,348
2021-03-23,Santa Barbara,083,443738,33206,32771,1067,33838,438
2021-03-23,Santa Clara,085,1922200,113583,113645,626,114271,1848
2021-03-23,Santa Cruz,087,273765,15768,15106,783,15889,201
2021-03-23,Shasta,089,179085,11226,11234,1323,12557,175
2021-03-23,Sierra,091,2930,55,50,12,62,0
2021-03-23,Siskiyou,093,43540,1560,1485,249,1734,6
2021-03-23,Solano,095,438530,30689,30524,398,30922,178
2021-03-23,Sonoma,097,501317,28928,29020,252,29272,310
2021-03-23,Stanislaus,099,539301,52684,52148,5483,57631,677
2021-03-23,Sutter,101,95872,9057,9039,79,9118,104
2021-03-23,Tehama,103,63373,4747,4707,498,5205,46
2021-03-23,Trinity,105,12862,475,310,80,390,3
2021-03-23,Tulare,107,460477,49174,48095,8382,56477,808
2021-03-23,Tuolumne,109,53932,3907,3957,39,3996,57
2021-03-23,Ventura,111,848112,79617,78930,2825,81755,932
2021-03-23,Yolo,113,214977,13265,13255,167,13422,194
2021-03-23,Yuba,115,75493,5684,5628,94,5722,42
2021-03-22,Alameda,001,1643700,83226,82748,1742,84490,1189
2021-03-22,Alpine,002,1148,84,83,0,83,0
2021-03-22,Amador,005,37829,3534,3522,31,3553,44
2021-03-22,Butte,007,227075,11602,11211,1672,12883,185
2021-03-22,Calaveras,009,45235,1985,1963,11,1974,49
2021-03-22,Colusa,011,21464,1886,1885,270,2155,13
2021-03-22,Contra Costa,013,1133247,65278,64432,1106,65538,740
2021-03-22,Del Norte,015,27424,1151,1082,7,1089,6
2021-03-22,El Dorado,017,186661,9391,9310,615,9925,105
2021-03-22,Fresno,019,978130,99248,98276,8069,106345,1556
2021-03-22,Glenn,021,27897,2328,2291,517,2808,17
2021-03-22,Humboldt,023,135768,3427,3403,24,3427,34
2021-03-22,Imperial,025,180216,27542,27302,2521,29823,699
2021-03-22,Inyo,027,18085,1368,1363,9,1372,35
2021-03-22,Kern,029,883053,95067,93675,10133,103808,1178
2021-03-22,Kings,031,150075,22714,22433,1002,23435,236
2021-03-22,Lake,033,64148,3337,3290,8,3298,43
2021-03-22,Lassen,035,31185,5138,5129,99,5228,1
2021-03-22,Los Angeles,037,10098052,1186516,1176205,38825,1215030,22843
2021-03-22,Madera,039,155013,16043,15904,868,16772,210
2021-03-22,Marin,041,260295,5136,13501,187,13688,221
2021-03-22,Mariposa,043,17540,391,381,5,386,5
2021-03-22,Mendocino,045,87422,3740,3653,74,3727,45
2021-03-22,Merced,047,269075,29545,29468,962,30430,413
2021-03-22,Modoc,049,8938,346,342,118,460,3
2021-03-22,Mono,051,14174,1224,1263,17,1280,3
2021-03-22,Monterey,053,433212,42422,42161,1716,43877,335
2021-03-22,Napa,055,140530,9306,9288,30,9318,77
2021-03-22,Nevada,057,99092,4243,4174,169,4343,89
2021-03-22,Orange,059,3164182,250599,248517,10516,259033,4599
2021-03-22,Placer,061,380077,21376,20543,1198,21741,242
2021-03-22,Plumas,063,18699,666,652,10,662,4
2021-03-22,Riverside,065,2383286,288841,282242,13466,295708,4009
2021-03-22,Sacramento,067,1510023,97955,96385,1356,97741,1493
2021-03-22,San Benito,069,59416,5837,5844,89,5933,61
2021-03-22,San Bernardino,071,2135413,288563,284771,8633,293404,4107
2021-03-22,San Diego,073,3302833,269623,267913,13352,281265,3494
2021-03-22,San Francisco,075,870044,35040,35040,1159,36199,462
2021-03-22,San Joaquin,077,732212,69163,67815,2990,70805,1182
2021-03-22,San Luis Obispo,079,281455,20344,20000,608,20608,250
2021-03-22,San Mateo,081,765935,40473,40024,425,40449,348
2021-03-22,Santa Barbara,083,443738,33161,32756,1065,33821,437
2021-03-22,Santa Clara,085,1922200,113463,113575,626,114201,1845
2021-03-22,Santa Cruz,087,273765,15756,15077,782,15859,201
2021-03-22,Shasta,089,179085,11212,11218,1322,12540,150
2021-03-22,Sierra,091,2930,55,50,12,62,0
2021-03-22,Siskiyou,093,43540,1559,1487,248,1735,5
2021-03-22,Solano,095,438530,30649,30490,395,30885,171
2021-03-22,Sonoma,097,501317,28899,29010,248,29258,310
2021-03-22,Stanislaus,099,539301,52600,52083,5478,57561,677
2021-03-22,Sutter,101,95872,9044,9024,79,9103,104
2021-03-22,Tehama,103,63373,4739,4704,498,5202,45
2021-03-22,Trinity,105,12862,475,310,80,390,3
2021-03-22,Tulare,107,460477,49159,48074,8362,56436,807
2021-03-22,Tuolumne,109,53932,3904,3954,39,3993,57
2021-03-22,Ventura,111,848112,79571,78890,2822,81712,927
2021-03-22,Yolo,113,214977,13253,13243,166,13409,190
2021-03-22,Yuba,115,75493,5673,5627,92,5719,42
2021-03-21,Alameda,001,1643700,83139,82684,1739,84423,1187
2021-03-21,Alpine,002,1148,84,83,0,83,0
2021-03-21,Amador,005,37829,3530,3519,31,3550,44
2021-03-21,Butte,007,227075,11586,11208,1667,12875,185
2021-03-21,Calaveras,009,45235,1979,1962,11,1973,49
2021-03-21,Colusa,011,21464,1886,1885,270,2155,13
2021-03-21,Contra Costa,013,1133247,65196,64382,1102,65484,740
2021-03-21,Del Norte,015,27424,1136,1076,7,1083,6
2021-03-21,El Dorado,017,186661,9381,9302,610,9912,105
2021-03-21,Fresno,019,978130,99134,98211,8046,106257,1556
2021-03-21,Glenn,021,27897,2325,2288,516,2804,17
2021-03-21,Humboldt,023,135768,3422,3402,24,3426,34
2021-03-21,Imperial,025,180216,27525,27267,2516,29783,699
2021-03-21,Inyo,027,18085,1368,1363,9,1372,35
2021-03-21,Kern,029,883053,95001,93649,10124,103773,1170
2021-03-21,Kings,031,150075,22697,22422,1002,23424,236
2021-03-21,Lake,033,64148,3333,3286,8,3294,43
2021-03-21,Lassen,035,31185,5138,5129,99,5228,1
2021-03-21,Los Angeles,037,10098052,1185980,1175684,38778,1214462,22834
2021-03-21,Madera,039,155013,16023,15895,866,16761,210
2021-03-21,Marin,041,260295,5120,13495,186,13681,220
2021-03-21,Mariposa,043,17540,391,381,5,386,5
2021-03-21,Mendocino,045,87422,3737,3651,74,3725,45
2021-03-21,Merced,047,269075,29485,29446,956,30402,413
2021-03-21,Modoc,049,8938,346,341,118,459,3
2021-03-21,Mono,051,14174,1219,1263,17,1280,3
2021-03-21,Monterey,053,433212,42397,42153,1713,43866,335
2021-03-21,Napa,055,140530,9285,9282,30,9312,77
2021-03-21,Nevada,057,99092,4230,4169,169,4338,89
2021-03-21,Orange,059,3164182,250466,248442,10489,258931,4598
2021-03-21,Placer,061,380077,21340,20520,1190,21710,242
2021-03-21,Plumas,063,18699,666,653,10,663,4
2021-03-21,Riverside,065,2383286,288733,282187,13455,295642,4009
2021-03-21,Sacramento,067,1510023,97761,96269,1349,97618,1489
2021-03-21,San Benito,069,59416,5831,5842,89,5931,61
2021-03-21,San Bernardino,071,2135413,288473,284732,8627,293359,4094
2021-03-21,San Diego,073,3302833,269363,267724,13326,281050,3494
2021-03-21,San Francisco,075,870044,34993,35012,1153,36165,460
2021-03-21,San Joaquin,077,732212,69041,67729,2972,70701,1182
2021-03-21,San Luis Obispo,079,281455,20312,19979,606,20585,250
2021-03-21,San Mateo,081,765935,40428,39988,424,40412,344
2021-03-21,Santa Barbara,083,443738,33122,32743,1064,33807,437
2021-03-21,Santa Clara,085,1922200,113334,113487,623,114110,1840
2021-03-21,Santa Cruz,087,273765,15749,15064,782,15846,199
2021-03-21,Shasta,089,179085,11192,11215,1321,12536,150
2021-03-21,Sierra,091,2930,55,50,12,62,0
2021-03-21,Siskiyou,093,43540,1559,1486,247,1733,5
2021-03-21,Solano,095,438530,30610,30474,392,30866,171
2021-03-21,Sonoma,097,501317,28870,28986,247,29233,310
2021-03-21,Stanislaus,099,539301,52510,52014,5476,57490,677
2021-03-21,Sutter,101,95872,9031,9021,79,9100,104
2021-03-21,Tehama,103,63373,4735,4701,498,5199,45
2021-03-21,Trinity,105,12862,473,310,80,390,3
2021-03-21,Tulare,107,460477,49143,48060,8350,56410,807
2021-03-21,Tuolumne,109,53932,3902,3953,39,3992,57
2021-03-21,Ventura,111,848112,79508,78863,2817,81680,927
2021-03-21,Yolo,113,214977,13231,13235,166,13401,190
2021-03-21,Yuba,115,75493,5663,5624,92,5716,42
2021-03-20,Alameda,001,1643700,83071,82614,1737,84351,1178
2021-03-20,Alpine,002,1148,84,83,0,83,0
2021-03-20,Amador,005,37829,3528,3518,31,3549,44
2021-03-20,Butte,007,227075,11580,11199,1665,12864,185
2021-03-20,Calaveras,009,45235,1975,1961,11,1972,49
2021-03-20,Colusa,011,21464,1886,1883,270,2153,12
2021-03-20,Contra Costa,013,1133247,65136,64313,1102,65415,713
2021-03-20,Del Norte,015,27424,1135,1075,7,1082,6
2021-03-20,El Dorado,017,186661,9375,9290,610,9900,105
2021-03-20,Fresno,019,978130,99074,98112,8039,106151,1532
2021-03-20,Glenn,021,27897,2324,2288,514,2802,17
2021-03-20,Humboldt,023,135768,3415,3399,24,3423,33
2021-03-20,Imperial,025,180216,27519,27239,2514,29753,695
2021-03-20,Inyo,027,18085,1368,1362,9,1371,35
2021-03-20,Kern,029,883053,94972,93606,10120,103726,1155
2021-03-20,Kings,031,150075,22692,22415,1001,23416,236
2021-03-20,Lake,033,64148,3329,3280,8,3288,43
2021-03-20,Lassen,035,31185,5138,5128,99,5227,1
2021-03-20,Los Angeles,037,10098052,1185682,1175290,38754,1214044,22810
2021-03-20,Madera,039,155013,16015,15891,865,16756,210
2021-03-20,Marin,041,260295,5108,13470,182,13652,220
2021-03-20,Mariposa,043,17540,390,381,5,386,5
2021-03-20,Mendocino,045,87422,3736,3639,74,3713,43
2021-03-20,Merced,047,269075,29454,29411,953,30364,412
2021-03-20,Modoc,049,8938,345,341,118,459,3
2021-03-20,Mono,051,14174,1219,1256,17,1273,3
2021-03-20,Monterey,053,433212,42388,42146,1712,43858,334
2021-03-20,Napa,055,140530,9277,9274,30,9304,77
2021-03-20,Nevada,057,99092,4219,4164,168,4332,89
2021-03-20,Orange,059,3164182,250385,248348,10479,258827,4522
2021-03-20,Placer,061,380077,21317,20505,1188,21693,242
2021-03-20,Plumas,063,18699,663,652,10,662,4
2021-03-20,Riverside,065,2383286,288658,282081,13451,295532,4000
2021-03-20,Sacramento,067,1510023,97650,96126,1346,97472,1488
2021-03-20,San Benito,069,59416,5827,5840,89,5929,61
2021-03-20,San Bernardino,071,2135413,288407,284690,8623,293313,3965
2021-03-20,San Diego,073,3302833,269192,267532,13319,280851,3493
2021-03-20,San Francisco,075,870044,34970,34968,1146,36114,453
2021-03-20,San Joaquin,077,732212,69000,67662,2965,70627,1161
2021-03-20,San Luis Obispo,079,281455,20296,19951,600,20551,250
2021-03-20,San Mateo,081,765935,40394,39958,423,40381,344
2021-03-20,Santa Barbara,083,443738,33097,32723,1063,33786,434
2021-03-20,Santa Clara,085,1922200,113242,113384,622,114006,1799
2021-03-20,Santa Cruz,087,273765,15733,15053,782,15835,199
2021-03-20,Shasta,089,179085,11186,11211,1321,12532,147
2021-03-20,Sierra,091,2930,55,50,12,62,0
2021-03-20,Siskiyou,093,43540,1559,1483,247,1730,5
2021-03-20,Solano,095,438530,30580,30439,391,30830,170
2021-03-20,Sonoma,097,501317,28855,28962,247,29209,309
2021-03-20,Stanislaus,099,539301,52454,51925,5469,57394,673
2021-03-20,Sutter,101,95872,9023,9014,79,9093,103
2021-03-20,Tehama,103,63373,4730,4696,496,5192,33
2021-03-20,Trinity,105,12862,472,310,80,390,3
2021-03-20,Tulare,107,460477,49128,48030,8333,56363,804
2021-03-20,Tuolumne,109,53932,3899,3950,39,3989,57
2021-03-20,Ventura,111,848112,79473,78818,2815,81633,922
2021-03-20,Yolo,113,214977,13228,13226,166,13392,190
2021-03-20,Yuba,115,75493,5660,5621,91,5712,42
2021-03-19,Alameda,001,1643700,82999,82499,1736,84235,1187
2021-03-19,Alpine,002,1148,83,82,0,82,0
2021-03-19,Amador,005,37829,3525,3515,31,3546,44
2021-03-19,Butte,007,227075,11572,11191,1662,12853,185
2021-03-19,Calaveras,009,45235,1974,1957,11,1968,49
2021-03-19,Colusa,011,21464,1885,1883,270,2153,12
2021-03-19,Contra Costa,013,1133247,65077,64195,1099,65294,737
2021-03-19,Del Norte,015,27424,1129,1071,5,1076,6
2021-03-19,El Dorado,017,186661,9366,9274,610,9884,105
2021-03-19,Fresno,019,978130,98991,97969,8026,105995,1527
2021-03-19,Glenn,021,27897,2324,2282,514,2796,17
2021-03-19,Humboldt,023,135768,3406,3388,24,3412,33
2021-03-19,Imperial,025,180216,27507,27218,2511,29729,695
2021-03-19,Inyo,027,18085,1366,1356,9,1365,35
2021-03-19,Kern,029,883053,94939,93534,10107,103641,1152
2021-03-19,Kings,031,150075,22683,22369,998,23367,235
2021-03-19,Lake,033,64148,3323,3262,8,3270,43
2021-03-19,Lassen,035,31185,5138,5126,99,5225,1
2021-03-19,Los Angeles,037,10098052,1185342,1174818,38737,1213555,22752
2021-03-19,Madera,039,155013,16008,15877,864,16741,210
2021-03-19,Marin,041,260295,5096,13441,182,13623,220
2021-03-19,Mariposa,043,17540,389,380,5,385,5
2021-03-19,Mendocino,045,87422,3735,3639,74,3713,45
2021-03-19,Merced,047,269075,29427,29376,951,30327,412
2021-03-19,Modoc,049,8938,345,341,118,459,3
2021-03-19,Mono,051,14174,1217,1244,17,1261,3
2021-03-19,Monterey,053,433212,42379,42125,1710,43835,335
2021-03-19,Napa,055,140530,9265,9256,30,9286,77
2021-03-19,Nevada,057,99092,4208,4156,168,4324,88
2021-03-19,Orange,059,3164182,250285,248146,10470,258616,4501
2021-03-19,Placer,061,380077,21299,20451,1186,21637,242
2021-03-19,Plumas,063,18699,663,650,10,660,4
2021-03-19,Riverside,065,2383286,288575,281937,13446,295383,3989
2021-03-19,Sacramento,067,1510023,97547,95934,1343,97277,1486
2021-03-19,San Benito,069,59416,5827,5845,89,5934,61
2021-03-19,San Bernardino,071,2135413,288336,284501,8621,293122,4017
2021-03-19,San Diego,073,3302833,269057,267173,13309,280482,3491
2021-03-19,San Francisco,075,870044,34925,34936,1143,36079,461
2021-03-19,San Joaquin,077,732212,68930,67515,2951,70466,1180
2021-03-19,San Luis Obispo,079,281455,20276,19913,598,20511,249
2021-03-19,San Mateo,081,765935,40370,39893,423,40316,344
2021-03-19,Santa Barbara,083,443738,33067,32685,1062,33747,435
2021-03-19,Santa Clara,085,1922200,113167,113232,621,113853,1797
2021-03-19,Santa Cruz,087,273765,15726,15026,782,15808,199
2021-03-19,Shasta,089,179085,11179,11104,1319,12423,103
2021-03-19,Sierra,091,2930,54,49,12,61,0
2021-03-19,Siskiyou,093,43540,1559,1480,246,1726,5
2021-03-19,Solano,095,438530,30550,30395,389,30784,172
2021-03-19,Sonoma,097,501317,28834,28932,245,29177,292
2021-03-19,Stanislaus,099,539301,52396,51755,5466,57221,679
2021-03-19,Sutter,101,95872,9021,9005,79,9084,103
2021-03-19,Tehama,103,63373,4723,4685,496,5181,33
2021-03-19,Trinity,105,12862,472,310,80,390,3
2021-03-19,Tulare,107,460477,49105,47989,8310,56299,805
2021-03-19,Tuolumne,109,53932,3896,3946,39,3985,57
2021-03-19,Ventura,111,848112,79440,78753,2811,81564,920
2021-03-19,Yolo,113,214977,13220,13197,166,13363,189
2021-03-19,Yuba,115,75493,5657,5615,90,5705,42
2021-03-18,Alameda,001,1643700,82918,82419,1733,84152,1189
2021-03-18,Alpine,002,1148,83,82,0,82,0
2021-03-18,Amador,005,37829,3521,3513,31,3544,44
2021-03-18,Butte,007,227075,11561,11179,1660,12839,185
2021-03-18,Calaveras,009,45235,1972,1954,11,1965,49
2021-03-18,Colusa,011,21464,1885,1882,270,2152,12
2021-03-18,Contra Costa,013,1133247,65004,64103,1096,65199,739
2021-03-18,Del Norte,015,27424,1120,1059,5,1064,6
2021-03-18,El Dorado,017,186661,9353,9261,609,9870,105
2021-03-18,Fresno,019,978130,98894,97856,8011,105867,1527
2021-03-18,Glenn,021,27897,2320,2275,513,2788,17
2021-03-18,Humboldt,023,135768,3398,3381,24,3405,34
2021-03-18,Imperial,025,180216,27492,27190,2506,29696,695
2021-03-18,Inyo,027,18085,1363,1354,9,1363,35
2021-03-18,Kern,029,883053,94882,93458,10093,103551,1158
2021-03-18,Kings,031,150075,22676,22354,997,23351,235
2021-03-18,Lake,033,64148,3320,3260,8,3268,43
2021-03-18,Lassen,035,31185,5137,5126,99,5225,1
2021-03-18,Los Angeles,037,10098052,1184909,1174205,38709,1212914,22689
2021-03-18,Madera,039,155013,15996,15860,861,16721,211
2021-03-18,Marin,041,260295,5078,13435,181,13616,219
2021-03-18,Mariposa,043,17540,387,380,5,385,5
2021-03-18,Mendocino,045,87422,3725,3630,74,3704,45
2021-03-18,Merced,047,269075,29392,29317,951,30268,410
2021-03-18,Modoc,049,8938,345,341,118,459,3
2021-03-18,Mono,051,14174,1213,1215,16,1231,3
2021-03-18,Monterey,053,433212,42367,42105,1710,43815,335
2021-03-18,Napa,055,140530,9256,9243,30,9273,77
2021-03-18,Nevada,057,99092,4201,4154,168,4322,74
2021-03-18,Orange,059,3164182,250182,248050,10458,258508,4514
2021-03-18,Placer,061,380077,21267,20421,1183,21604,243
2021-03-18,Plumas,063,18699,661,648,10,658,4
2021-03-18,Riverside,065,2383286,288494,281789,13439,295228,3957
2021-03-18,Sacramento,067,1510023,97399,95819,1339,97158,1481
2021-03-18,San Benito,069,59416,5825,5842,89,5931,61
2021-03-18,San Bernardino,071,2135413,288253,284294,8591,292885,4076
2021-03-18,San Diego,073,3302833,268903,266752,13299,280051,3478
2021-03-18,San Francisco,075,870044,34886,34904,1142,36046,461
2021-03-18,San Joaquin,077,732212,68830,67301,2939,70240,1169
2021-03-18,San Luis Obispo,079,281455,20247,19894,597,20491,249
2021-03-18,San Mateo,081,765935,40329,39874,423,40297,344
2021-03-18,Santa Barbara,083,443738,33026,32640,1062,33702,434
2021-03-18,Santa Clara,085,1922200,113050,113119,617,113736,1808
2021-03-18,Santa Cruz,087,273765,15716,14998,782,15780,198
2021-03-18,Shasta,089,179085,11165,11059,1317,12376,100
2021-03-18,Sierra,091,2930,54,49,12,61,0
2021-03-18,Siskiyou,093,43540,1556,1480,245,1725,5
2021-03-18,Solano,095,438530,30508,30352,386,30738,172
2021-03-18,Sonoma,097,501317,28813,28915,243,29158,292
2021-03-18,Stanislaus,099,539301,52324,51615,5462,57077,682
2021-03-18,Sutter,101,95872,9009,8999,79,9078,103
2021-03-18,Tehama,103,63373,4717,4683,495,5178,35
2021-03-18,Trinity,105,12862,472,310,80,390,3
2021-03-18,Tulare,107,460477,49086,47964,8295,56259,805
2021-03-18,Tuolumne,109,53932,3895,3942,39,3981,57
2021-03-18,Ventura,111,848112,79380,78697,2811,81508,918
2021-03-18,Yolo,113,214977,13206,13183,166,13349,191
2021-03-18,Yuba,115,75493,5653,5612,90,5702,42
2021-03-17,Alameda,001,1643700,82842,82353,1728,84081,1185
2021-03-17,Alpine,002,1148,83,82,0,82,0
2021-03-17,Amador,005,37829,3519,3511,31,3542,44
2021-03-17,Butte,007,227075,11552,11170,1658,12828,185
2021-03-17,Calaveras,009,45235,1969,1946,11,1957,49
2021-03-17,Colusa,011,21464,1884,1882,270,2152,12
2021-03-17,Contra Costa,013,1133247,64935,64026,1095,65121,737
2021-03-17,Del Norte,015,27424,1116,1053,5,1058,6
2021-03-17,El Dorado,017,186661,9343,9252,609,9861,105
2021-03-17,Fresno,019,978130,98783,97727,7993,105720,1507
2021-03-17,Glenn,021,27897,2313,2269,512,2781,17
2021-03-17,Humboldt,023,135768,3390,3365,24,3389,33
2021-03-17,Imperial,025,180216,27475,27168,2503,29671,691
2021-03-17,Inyo,027,18085,1361,1351,9,1360,35
2021-03-17,Kern,029,883053,94826,93392,10080,103472,1149
2021-03-17,Kings,031,150075,22660,22336,996,23332,233
2021-03-17,Lake,033,64148,3313,3251,8,3259,43
2021-03-17,Lassen,035,31185,5136,5125,99,5224,1
2021-03-17,Los Angeles,037,10098052,1184455,1173416,38676,1212092,22602
2021-03-17,Madera,039,155013,15989,15835,861,16696,214
2021-03-17,Marin,041,260295,5061,13428,180,13608,218
2021-03-17,Mariposa,043,17540,387,379,5,384,5
2021-03-17,Mendocino,045,87422,3721,3625,74,3699,44
2021-03-17,Merced,047,269075,29364,29250,947,30197,408
2021-03-17,Modoc,049,8938,345,341,118,459,3
2021-03-17,Mono,051,14174,1211,1212,16,1228,3
2021-03-17,Monterey,053,433212,42349,42061,1707,43768,334
2021-03-17,Napa,055,140530,9241,9219,30,9249,76
2021-03-17,Nevada,057,99092,4191,4145,168,4313,74
2021-03-17,Orange,059,3164182,250064,247943,10430,258373,4502
2021-03-17,Placer,061,380077,21239,20369,1182,21551,243
2021-03-17,Plumas,063,18699,660,645,10,655,4
2021-03-17,Riverside,065,2383286,288379,281649,13431,295080,3925
2021-03-17,Sacramento,067,1510023,97271,95650,1334,96984,1477
2021-03-17,San Benito,069,59416,5822,5841,89,5930,61
2021-03-17,San Bernardino,071,2135413,288136,284170,8586,292756,4049
2021-03-17,San Diego,073,3302833,268692,266313,13281,279594,3470
2021-03-17,San Francisco,075,870044,34851,34873,1141,36014,457
2021-03-17,San Joaquin,077,732212,68745,67093,2923,70016,1164
2021-03-17,San Luis Obispo,079,281455,20224,19858,593,20451,249
2021-03-17,San Mateo,081,765935,40299,39838,422,40260,344
2021-03-17,Santa Barbara,083,443738,33004,32585,1061,33646,433
2021-03-17,Santa Clara,085,1922200,112957,112983,616,113599,1805
2021-03-17,Santa Cruz,087,273765,15708,14967,782,15749,199
2021-03-17,Shasta,089,179085,11160,11045,1314,12359,100
2021-03-17,Sierra,091,2930,54,49,12,61,0
2021-03-17,Siskiyou,093,43540,1555,1479,244,1723,5
2021-03-17,Solano,095,438530,30482,30320,384,30704,171
2021-03-17,Sonoma,097,501317,28789,28877,242,29119,292
2021-03-17,Stanislaus,099,539301,52249,51524,5455,56979,682
2021-03-17,Sutter,101,95872,8999,8982,79,9061,103
2021-03-17,Tehama,103,63373,4712,4670,495,5165,34
2021-03-17,Trinity,105,12862,472,308,80,388,3
2021-03-17,Tulare,107,460477,49066,47929,8285,56214,805
2021-03-17,Tuolumne,109,53932,3892,3938,39,3977,57
2021-03-17,Ventura,111,848112,79324,78648,2808,81456,916
2021-03-17,Yolo,113,214977,13189,13169,166,13335,190
2021-03-17,Yuba,115,75493,5650,5603,90,5693,42
2021-03-16,Alameda,001,1643700,82731,82259,1726,83985,1177
2021-03-16,Alpine,002,1148,83,82,0,82,0
2021-03-16,Amador,005,37829,3517,3510,31,3541,44
2021-03-16,Butte,007,227075,11540,11154,1657,12811,184
2021-03-16,Calaveras,009,45235,1964,1945,11,1956,49
2021-03-16,Colusa,011,21464,1883,1882,270,2152,12
2021-03-16,Contra Costa,013,1133247,64852,63951,1092,65043,736
2021-03-16,Del Norte,015,27424,1108,1048,5,1053,6
2021-03-16,El Dorado,017,186661,9328,9249,609,9858,105
2021-03-16,Fresno,019,978130,98645,97638,7973,105611,1498
2021-03-16,Glenn,021,27897,2305,2267,508,2775,17
2021-03-16,Humboldt,023,135768,3386,3351,24,3375,33
2021-03-16,Imperial,025,180216,27464,27143,2500,29643,689
2021-03-16,Inyo,027,18085,1360,1346,9,1355,35
2021-03-16,Kern,029,883053,94760,93340,10065,103405,1144
2021-03-16,Kings,031,150075,22624,22320,995,23315,233
2021-03-16,Lake,033,64148,3305,3246,8,3254,43
2021-03-16,Lassen,035,31185,5135,5126,99,5225,1
2021-03-16,Los Angeles,037,10098052,1183923,1172676,38637,1211313,22527
2021-03-16,Madera,039,155013,15973,15822,859,16681,214
2021-03-16,Marin,041,260295,5043,13419,180,13599,218
2021-03-16,Mariposa,043,17540,384,379,5,384,5
2021-03-16,Mendocino,045,87422,3716,3623,74,3697,44
2021-03-16,Merced,047,269075,29311,29198,946,30144,407
2021-03-16,Modoc,049,8938,345,341,118,459,3
2021-03-16,Mono,051,14174,1210,1207,16,1223,3
2021-03-16,Monterey,053,433212,42330,42023,1707,43730,334
2021-03-16,Napa,055,140530,9231,9209,30,9239,75
2021-03-16,Nevada,057,99092,4182,4132,167,4299,67
2021-03-16,Orange,059,3164182,249925,247843,10411,258254,4479
2021-03-16,Placer,061,380077,21207,20339,1178,21517,240
2021-03-16,Plumas,063,18699,659,643,10,653,4
2021-03-16,Riverside,065,2383286,288265,281540,13419,294959,3893
2021-03-16,Sacramento,067,1510023,97128,95522,1330,96852,1466
2021-03-16,San Benito,069,59416,5817,5831,89,5920,61
2021-03-16,San Bernardino,071,2135413,288006,283980,8579,292559,4032
2021-03-16,San Diego,073,3302833,268460,265903,13268,279171,3462
2021-03-16,San Francisco,075,870044,34822,34833,1136,35969,456
2021-03-16,San Joaquin,077,732212,68643,66856,2911,69767,1163
2021-03-16,San Luis Obispo,079,281455,20194,19832,591,20423,248
2021-03-16,San Mateo,081,765935,40265,39806,420,40226,344
2021-03-16,Santa Barbara,083,443738,32972,32556,1060,33616,433
2021-03-16,Santa Clara,085,1922200,112839,112845,613,113458,1797
2021-03-16,Santa Cruz,087,273765,15702,14926,782,15708,199
2021-03-16,Shasta,089,179085,11144,11035,1312,12347,100
2021-03-16,Sierra,091,2930,53,49,12,61,0
2021-03-16,Siskiyou,093,43540,1552,1477,244,1721,5
2021-03-16,Solano,095,438530,30448,30298,382,30680,171
2021-03-16,Sonoma,097,501317,28756,28850,240,29090,291
2021-03-16,Stanislaus,099,539301,52169,51410,5448,56858,683
2021-03-16,Sutter,101,95872,8991,8970,79,9049,102
2021-03-16,Tehama,103,63373,4709,4660,494,5154,34
2021-03-16,Trinity,105,12862,472,308,79,387,3
2021-03-16,Tulare,107,460477,49018,47895,8277,56172,803
2021-03-16,Tuolumne,109,53932,3889,3938,39,3977,57
2021-03-16,Ventura,111,848112,79258,78671,2801,81472,916
2021-03-16,Yolo,113,214977,13174,13162,166,13328,190
2021-03-16,Yuba,115,75493,5647,5596,89,5685,42
2021-03-15,Alameda,001,1643700,82642,82159,1725,83884,1167
2021-03-15,Alpine,002,1148,83,82,0,82,0
2021-03-15,Amador,005,37829,3516,3506,31,3537,44
2021-03-15,Butte,007,227075,11527,11141,1653,12794,185
2021-03-15,Calaveras,009,45235,1963,1941,11,1952,49
2021-03-15,Colusa,011,21464,1883,1883,270,2153,12
2021-03-15,Contra Costa,013,1133247,64790,63847,1091,64938,732
2021-03-15,Del Norte,015,27424,1105,1048,5,1053,6
2021-03-15,El Dorado,017,186661,9322,9235,609,9844,103
2021-03-15,Fresno,019,978130,98518,97520,7958,105478,1496
2021-03-15,Glenn,021,27897,2300,2261,505,2766,15
2021-03-15,Humboldt,023,135768,3380,3337,24,3361,32
2021-03-15,Imperial,025,180216,27444,27122,2497,29619,684
2021-03-15,Inyo,027,18085,1360,1346,9,1355,35
2021-03-15,Kern,029,883053,94700,93266,10058,103324,1141
2021-03-15,Kings,031,150075,22607,22294,989,23283,233
2021-03-15,Lake,033,64148,3293,3237,8,3245,43
2021-03-15,Lassen,035,31185,5135,5125,99,5224,1
2021-03-15,Los Angeles,037,10098052,1183351,1172445,38606,1211051,22477
2021-03-15,Madera,039,155013,15962,15806,857,16663,214
2021-03-15,Marin,041,260295,5037,13408,179,13587,218
2021-03-15,Mariposa,043,17540,384,376,5,381,5
2021-03-15,Mendocino,045,87422,3712,3615,74,3689,44
2021-03-15,Merced,047,269075,29273,29169,944,30113,407
2021-03-15,Modoc,049,8938,345,340,118,458,3
2021-03-15,Mono,051,14174,1209,1206,16,1222,3
2021-03-15,Monterey,053,433212,42301,42011,1704,43715,333
2021-03-15,Napa,055,140530,9220,9196,30,9226,75
2021-03-15,Nevada,057,99092,4177,4123,166,4289,66
2021-03-15,Orange,059,3164182,249812,247697,10392,258089,4481
2021-03-15,Placer,061,380077,21184,20308,1178,21486,238
2021-03-15,Plumas,063,18699,659,642,10,652,4
2021-03-15,Riverside,065,2383286,288113,281367,13409,294776,3856
2021-03-15,Sacramento,067,1510023,96975,95414,1324,96738,1463
2021-03-15,San Benito,069,59416,5814,5831,89,5920,61
2021-03-15,San Bernardino,071,2135413,287915,283815,8571,292386,4004
2021-03-15,San Diego,073,3302833,268211,265646,13252,278898,3452
2021-03-15,San Francisco,075,870044,34787,34820,1132,35952,456
2021-03-15,San Joaquin,077,732212,68540,66622,2899,69521,1140
2021-03-15,San Luis Obispo,079,281455,20163,19813,587,20400,247
2021-03-15,San Mateo,081,765935,40211,39765,420,40185,344
2021-03-15,Santa Barbara,083,443738,32949,32529,1057,33586,431
2021-03-15,Santa Clara,085,1922200,112738,112729,611,113340,1798
2021-03-15,Santa Cruz,087,273765,15696,14899,781,15680,200
2021-03-15,Shasta,089,179085,11128,11019,1307,12326,92
2021-03-15,Sierra,091,2930,53,49,12,61,0
2021-03-15,Siskiyou,093,43540,1552,1475,244,1719,5
2021-03-15,Solano,095,438530,30419,30258,381,30639,171
2021-03-15,Sonoma,097,501317,28738,28814,237,29051,285
2021-03-15,Stanislaus,099,539301,52090,51357,5441,56798,683
2021-03-15,Sutter,101,95872,8985,8962,79,9041,102
2021-03-15,Tehama,103,63373,4694,4650,493,5143,34
2021-03-15,Trinity,105,12862,472,308,79,387,3
2021-03-15,Tulare,107,460477,48988,47857,8262,56119,800
2021-03-15,Tuolumne,109,53932,3887,3937,38,3975,57
2021-03-15,Ventura,111,848112,79202,78626,2800,81426,910
2021-03-15,Yolo,113,214977,13155,13131,166,13297,190
2021-03-15,Yuba,115,75493,5642,5585,88,5673,42
2021-03-14,Alameda,001,1643700,82557,82116,1722,83838,1168
2021-03-14,Alpine,002,1148,83,82,0,82,0
2021-03-14,Amador,005,37829,3511,3504,31,3535,44
2021-03-14,Butte,007,227075,11514,11140,1649,12789,185
2021-03-14,Calaveras,009,45235,1959,1939,11,1950,49
2021-03-14,Colusa,011,21464,1883,1883,270,2153,12
2021-03-14,Contra Costa,013,1133247,64686,63808,1090,64898,731
2021-03-14,Del Norte,015,27424,1091,1048,5,1053,6
2021-03-14,El Dorado,017,186661,9312,9231,609,9840,103
2021-03-14,Fresno,019,978130,98410,97461,7940,105401,1496
2021-03-14,Glenn,021,27897,2295,2260,502,2762,15
2021-03-14,Humboldt,023,135768,3366,3335,24,3359,32
2021-03-14,Imperial,025,180216,27429,27122,2492,29614,685
2021-03-14,Inyo,027,18085,1356,1346,9,1355,35
2021-03-14,Kern,029,883053,94617,93252,10040,103292,1141
2021-03-14,Kings,031,150075,22588,22292,987,23279,232
2021-03-14,Lake,033,64148,3288,3237,8,3245,43
2021-03-14,Lassen,035,31185,5133,5125,99,5224,1
2021-03-14,Los Angeles,037,10098052,1182774,1172100,38576,1210676,22476
2021-03-14,Madera,039,155013,15937,15804,857,16661,214
2021-03-14,Marin,041,260295,5021,13405,177,13582,218
2021-03-14,Mariposa,043,17540,382,376,5,381,5
2021-03-14,Mendocino,045,87422,3707,3613,74,3687,44
2021-03-14,Merced,047,269075,29205,29149,940,30089,407
2021-03-14,Modoc,049,8938,345,340,118,458,3
2021-03-14,Mono,051,14174,1203,1206,16,1222,3
2021-03-14,Monterey,053,433212,42277,42007,1701,43708,333
2021-03-14,Napa,055,140530,9202,9194,30,9224,75
2021-03-14,Nevada,057,99092,4171,4122,164,4286,66
2021-03-14,Orange,059,3164182,249680,247656,10373,258029,4460
2021-03-14,Placer,061,380077,21149,20288,1170,21458,238
2021-03-14,Plumas,063,18699,657,642,10,652,4
2021-03-14,Riverside,065,2383286,287955,281332,13401,294733,3845
2021-03-14,Sacramento,067,1510023,96797,95343,1319,96662,1462
2021-03-14,San Benito,069,59416,5805,5829,89,5918,61
2021-03-14,San Bernardino,071,2135413,287792,283791,8560,292351,3996
2021-03-14,San Diego,073,3302833,267976,265468,13239,278707,3452
2021-03-14,San Francisco,075,870044,34748,34810,1129,35939,455
2021-03-14,San Joaquin,077,732212,68412,66563,2882,69445,1140
2021-03-14,San Luis Obispo,079,281455,20135,19806,585,20391,247
2021-03-14,San Mateo,081,765935,40172,39744,420,40164,342
2021-03-14,Santa Barbara,083,443738,32905,32514,1055,33569,431
2021-03-14,Santa Clara,085,1922200,112610,112648,610,113258,1796
2021-03-14,Santa Cruz,087,273765,15680,14887,779,15666,200
2021-03-14,Shasta,089,179085,11112,11019,1300,12319,92
2021-03-14,Sierra,091,2930,53,49,12,61,0
2021-03-14,Siskiyou,093,43540,1549,1473,244,1717,5
2021-03-14,Solano,095,438530,30387,30230,376,30606,171
2021-03-14,Sonoma,097,501317,28703,28798,233,29031,284
2021-03-14,Stanislaus,099,539301,51970,51306,5433,56739,690
2021-03-14,Sutter,101,95872,8969,8958,79,9037,102
2021-03-14,Tehama,103,63373,4687,4650,492,5142,34
2021-03-14,Trinity,105,12862,471,308,78,386,3
2021-03-14,Tulare,107,460477,48955,47845,8241,56086,800
2021-03-14,Tuolumne,109,53932,3885,3937,38,3975,57
2021-03-14,Ventura,111,848112,79154,78611,2794,81405,910
2021-03-14,Yolo,113,214977,13132,13128,163,13291,189
2021-03-14,Yuba,115,75493,5632,5583,88,5671,42
2021-03-13,Alameda,001,1643700,82497,82010,1722,83732,1168
2021-03-13,Alpine,002,1148,83,82,0,82,0
2021-03-13,Amador,005,37829,3508,3504,31,3535,44
2021-03-13,Butte,007,227075,11505,11131,1648,12779,185
2021-03-13,Calaveras,009,45235,1958,1939,11,1950,49
2021-03-13,Colusa,011,21464,1883,1882,270,2152,12
2021-03-13,Contra Costa,013,1133247,64625,63689,1090,64779,731
2021-03-13,Del Norte,015,27424,1087,1041,5,1046,6
2021-03-13,El Dorado,017,186661,9304,9221,609,9830,103
2021-03-13,Fresno,019,978130,98351,97324,7920,105244,1495
2021-03-13,Glenn,021,27897,2294,2260,501,2761,15
2021-03-13,Humboldt,023,135768,3359,3325,24,3349,32
2021-03-13,Imperial,025,180216,27423,27099,2488,29587,677
2021-03-13,Inyo,027,18085,1355,1344,9,1353,35
2021-03-13,Kern,029,883053,94578,93197,10034,103231,1140
2021-03-13,Kings,031,150075,22572,22265,986,23251,232
2021-03-13,Lake,033,64148,3281,3234,7,3241,43
2021-03-13,Lassen,035,31185,5133,5125,99,5224,1
2021-03-13,Los Angeles,037,10098052,1182456,1171505,38534,1210039,22451
2021-03-13,Madera,039,155013,15925,15780,857,16637,214
2021-03-13,Marin,041,260295,5015,13391,175,13566,218
2021-03-13,Mariposa,043,17540,381,376,5,381,5
2021-03-13,Mendocino,045,87422,3703,3611,74,3685,44
2021-03-13,Merced,047,269075,29174,29106,940,30046,406
2021-03-13,Modoc,049,8938,345,340,117,457,3
2021-03-13,Mono,051,14174,1203,1207,16,1223,3
2021-03-13,Monterey,053,433212,42267,41989,1699,43688,332
2021-03-13,Napa,055,140530,9196,9190,30,9220,75
2021-03-13,Nevada,057,99092,4164,4111,163,4274,66
2021-03-13,Orange,059,3164182,249599,247514,10357,257871,4423
2021-03-13,Placer,061,380077,21128,20238,1167,21405,239
2021-03-13,Plumas,063,18699,655,642,10,652,4
2021-03-13,Riverside,065,2383286,287863,281191,13393,294584,3848
2021-03-13,Sacramento,067,1510023,96710,95192,1317,96509,1461
2021-03-13,San Benito,069,59416,5802,5823,89,5912,61
2021-03-13,San Bernardino,071,2135413,287738,283727,8554,292281,3972
2021-03-13,San Diego,073,3302833,267821,265270,13225,278495,3444
2021-03-13,San Francisco,075,870044,34731,34784,1120,35904,455
2021-03-13,San Joaquin,077,732212,68356,66480,2860,69340,1141
2021-03-13,San Luis Obispo,079,281455,20117,19789,584,20373,247
2021-03-13,San Mateo,081,765935,40145,39689,419,40108,341
2021-03-13,Santa Barbara,083,443738,32880,32486,1054,33540,431
2021-03-13,Santa Clara,085,1922200,112525,112531,609,113140,1790
2021-03-13,Santa Cruz,087,273765,15673,14875,779,15654,199
2021-03-13,Shasta,089,179085,11104,11021,1297,12318,108
2021-03-13,Sierra,091,2930,52,49,12,61,0
2021-03-13,Siskiyou,093,43540,1547,1470,244,1714,5
2021-03-13,Solano,095,438530,30370,30198,376,30574,171
2021-03-13,Sonoma,097,501317,28683,28762,229,28991,285
2021-03-13,Stanislaus,099,539301,51919,51257,5429,56686,695
2021-03-13,Sutter,101,95872,8962,8948,79,9027,102
2021-03-13,Tehama,103,63373,4685,4647,492,5139,33
2021-03-13,Trinity,105,12862,471,306,78,384,3
2021-03-13,Tulare,107,460477,48929,47818,8233,56051,798
2021-03-13,Tuolumne,109,53932,3882,3937,38,3975,57
2021-03-13,Ventura,111,848112,79102,78693,2794,81487,906
2021-03-13,Yolo,113,214977,13123,13087,163,13250,189
2021-03-13,Yuba,115,75493,5631,5577,88,5665,42
2021-03-12,Alameda,001,1643700,82419,81898,1721,83619,1164
2021-03-12,Alpine,002,1148,83,82,0,82,0
2021-03-12,Amador,005,37829,3505,3503,31,3534,44
2021-03-12,Butte,007,227075,11495,11126,1646,12772,184
2021-03-12,Calaveras,009,45235,1958,1916,11,1927,49
2021-03-12,Colusa,011,21464,1883,1883,270,2153,12
2021-03-12,Contra Costa,013,1133247,64549,63583,1090,64673,728
2021-03-12,Del Norte,015,27424,1081,1033,5,1038,6
2021-03-12,El Dorado,017,186661,9295,9219,609,9828,103
2021-03-12,Fresno,019,978130,98254,97185,7909,105094,1489
2021-03-12,Glenn,021,27897,2293,2258,500,2758,15
2021-03-12,Humboldt,023,135768,3354,3315,24,3339,32
2021-03-12,Imperial,025,180216,27412,27071,2486,29557,677
2021-03-12,Inyo,027,18085,1353,1339,9,1348,35
2021-03-12,Kern,029,883053,94544,93142,10018,103160,1132
2021-03-12,Kings,031,150075,22553,22233,986,23219,232
2021-03-12,Lake,033,64148,3275,3226,6,3232,43
2021-03-12,Lassen,035,31185,5133,5125,98,5223,1
2021-03-12,Los Angeles,037,10098052,1182061,1170860,38517,1209377,22409
2021-03-12,Madera,039,155013,15913,15761,854,16615,214
2021-03-12,Marin,041,260295,5008,13375,175,13550,218
2021-03-12,Mariposa,043,17540,379,376,5,381,5
2021-03-12,Mendocino,045,87422,3700,3605,74,3679,43
2021-03-12,Merced,047,269075,29143,29064,940,30004,403
2021-03-12,Modoc,049,8938,345,340,117,457,3
2021-03-12,Mono,051,14174,1202,1206,16,1222,3
2021-03-12,Monterey,053,433212,42253,41964,1694,43658,329
2021-03-12,Napa,055,140530,9187,9180,30,9210,75
2021-03-12,Nevada,057,99092,4154,4101,163,4264,66
2021-03-12,Orange,059,3164182,249507,247388,10346,257734,4401
2021-03-12,Placer,061,380077,21095,20210,1162,21372,239
2021-03-12,Plumas,063,18699,654,641,10,651,4
2021-03-12,Riverside,065,2383286,287764,281037,13386,294423,3854
2021-03-12,Sacramento,067,1510023,96586,95061,1311,96372,1460
2021-03-12,San Benito,069,59416,5799,5817,89,5906,61
2021-03-12,San Bernardino,071,2135413,287682,283558,8549,292107,3917
2021-03-12,San Diego,073,3302833,267658,264886,13217,278103,3434
2021-03-12,San Francisco,075,870044,34711,34758,1117,35875,452
2021-03-12,San Joaquin,077,732212,68285,66482,2851,69333,1144
2021-03-12,San Luis Obispo,079,281455,20104,19769,582,20351,247
2021-03-12,San Mateo,081,765935,40109,39638,417,40055,341
2021-03-12,Santa Barbara,083,443738,32857,32457,1051,33508,429
2021-03-12,Santa Clara,085,1922200,112430,112396,608,113004,1766
2021-03-12,Santa Cruz,087,273765,15661,14846,777,15623,195
2021-03-12,Shasta,089,179085,11095,11143,1295,12438,153
2021-03-12,Sierra,091,2930,52,49,12,61,0
2021-03-12,Siskiyou,093,43540,1547,1468,243,1711,5
2021-03-12,Solano,095,438530,30351,30180,375,30555,171
2021-03-12,Sonoma,097,501317,28656,28714,229,28943,285
2021-03-12,Stanislaus,099,539301,51860,51146,5423,56569,701
2021-03-12,Sutter,101,95872,8956,8940,79,9019,101
2021-03-12,Tehama,103,63373,4681,4638,491,5129,33
2021-03-12,Trinity,105,12862,470,306,78,384,3
2021-03-12,Tulare,107,460477,48904,47772,8227,55999,798
2021-03-12,Tuolumne,109,53932,3881,3936,38,3974,57
2021-03-12,Ventura,111,848112,79056,78698,2790,81488,899
2021-03-12,Yolo,113,214977,13113,13061,156,13217,189
2021-03-12,Yuba,115,75493,5624,5563,87,5650,42
2021-03-11,Alameda,001,1643700,82328,81809,1716,83525,1164
2021-03-11,Alpine,002,1148,83,78,0,78,0
2021-03-11,Amador,005,37829,3504,3498,31,3529,42
2021-03-11,Butte,007,227075,11484,11110,1644,12754,185
2021-03-11,Calaveras,009,45235,1955,1915,11,1926,49
2021-03-11,Colusa,011,21464,1883,1883,270,2153,12
2021-03-11,Contra Costa,013,1133247,64476,63469,1088,64557,728
2021-03-11,Del Norte,015,27424,1076,1027,5,1032,6
2021-03-11,El Dorado,017,186661,9281,9211,609,9820,101
2021-03-11,Fresno,019,978130,98138,97026,7880,104906,1481
2021-03-11,Glenn,021,27897,2290,2255,500,2755,15
2021-03-11,Humboldt,023,135768,3337,3302,24,3326,32
2021-03-11,Imperial,025,180216,27404,27045,2483,29528,675
2021-03-11,Inyo,027,18085,1348,1335,9,1344,35
2021-03-11,Kern,029,883053,94488,93052,9979,103031,1121
2021-03-11,Kings,031,150075,22538,22183,983,23166,230
2021-03-11,Lake,033,64148,3271,3214,6,3220,42
2021-03-11,Lassen,035,31185,5132,5124,98,5222,1
2021-03-11,Los Angeles,037,10098052,1181528,1170111,38486,1208597,22316
2021-03-11,Madera,039,155013,15902,15725,852,16577,214
2021-03-11,Marin,041,260295,4996,13356,174,13530,217
2021-03-11,Mariposa,043,17540,379,376,5,381,5
2021-03-11,Mendocino,045,87422,3693,3604,74,3678,42
2021-03-11,Merced,047,269075,29095,29001,939,29940,401
2021-03-11,Modoc,049,8938,345,340,117,457,3
2021-03-11,Mono,051,14174,1201,1206,16,1222,3
2021-03-11,Monterey,053,433212,42230,41936,1688,43624,329
2021-03-11,Napa,055,140530,9174,9173,30,9203,75
2021-03-11,Nevada,057,99092,4142,4085,161,4246,66
2021-03-11,Orange,059,3164182,249369,247217,10329,257546,4373
2021-03-11,Placer,061,380077,21053,20178,1158,21336,239
2021-03-11,Plumas,063,18699,653,640,10,650,4
2021-03-11,Riverside,065,2383286,287593,280881,13373,294254,3842
2021-03-11,Sacramento,067,1510023,96445,94912,1308,96220,1455
2021-03-11,San Benito,069,59416,5796,5816,89,5905,61
2021-03-11,San Bernardino,071,2135413,287586,283312,8543,291855,3869
2021-03-11,San Diego,073,3302833,267493,264524,13201,277725,3422
2021-03-11,San Francisco,075,870044,34675,34722,1111,35833,452
2021-03-11,San Joaquin,077,732212,68173,66522,2843,69365,1157
2021-03-11,San Luis Obispo,079,281455,20079,19748,581,20329,247
2021-03-11,San Mateo,081,765935,40072,39590,416,40006,341
2021-03-11,Santa Barbara,083,443738,32829,32408,1046,33454,430
2021-03-11,Santa Clara,085,1922200,112301,112246,605,112851,1765
2021-03-11,Santa Cruz,087,273765,15649,14812,776,15588,193
2021-03-11,Shasta,089,179085,11085,11139,1290,12429,158
2021-03-11,Sierra,091,2930,52,48,12,60,0
2021-03-11,Siskiyou,093,43540,1544,1466,242,1708,5
2021-03-11,Solano,095,438530,30323,30138,374,30512,171
2021-03-11,Sonoma,097,501317,28627,28677,229,28906,285
2021-03-11,Stanislaus,099,539301,51775,51038,5415,56453,707
2021-03-11,Sutter,101,95872,8950,8933,79,9012,101
2021-03-11,Tehama,103,63373,4673,4632,491,5123,33
2021-03-11,Trinity,105,12862,469,304,77,381,3
2021-03-11,Tulare,107,460477,48867,47709,8216,55925,797
2021-03-11,Tuolumne,109,53932,3879,3934,38,3972,57
2021-03-11,Ventura,111,848112,79006,78697,2786,81483,889
2021-03-11,Yolo,113,214977,13095,13041,155,13196,190
2021-03-11,Yuba,115,75493,5620,5553,87,5640,42
2021-03-10,Alameda,001,1643700,82222,81701,1711,83412,1160
2021-03-10,Alpine,002,1148,82,78,0,78,0
2021-03-10,Amador,005,37829,3502,3496,31,3527,42
2021-03-10,Butte,007,227075,11474,11096,1644,12740,185
2021-03-10,Calaveras,009,45235,1949,1913,11,1924,48
2021-03-10,Colusa,011,21464,1883,1882,270,2152,12
2021-03-10,Contra Costa,013,1133247,64376,63372,1084,64456,725
2021-03-10,Del Norte,015,27424,1074,1020,5,1025,5
2021-03-10,El Dorado,017,186661,9268,9203,609,9812,100
2021-03-10,Fresno,019,978130,98031,96866,7864,104730,1471
2021-03-10,Glenn,021,27897,2287,2253,498,2751,15
2021-03-10,Humboldt,023,135768,3327,3296,23,3319,32
2021-03-10,Imperial,025,180216,27389,27051,2483,29534,675
2021-03-10,Inyo,027,18085,1348,1328,9,1337,35
2021-03-10,Kern,029,883053,94422,92965,9958,102923,1102
2021-03-10,Kings,031,150075,22519,22166,982,23148,226
2021-03-10,Lake,033,64148,3261,3207,6,3213,42
2021-03-10,Lassen,035,31185,5132,5120,98,5218,1
2021-03-10,Los Angeles,037,10098052,1180981,1169079,38461,1207540,22199
2021-03-10,Madera,039,155013,15881,15705,849,16554,212
2021-03-10,Marin,041,260295,4986,13348,173,13521,216
2021-03-10,Mariposa,043,17540,379,376,5,381,5
2021-03-10,Mendocino,045,87422,3688,3602,74,3676,42
2021-03-10,Merced,047,269075,29057,28927,936,29863,401
2021-03-10,Modoc,049,8938,344,338,117,455,3
2021-03-10,Mono,051,14174,1197,1204,16,1220,3
2021-03-10,Monterey,053,433212,42208,41920,1684,43604,329
2021-03-10,Napa,055,140530,9165,9165,30,9195,75
2021-03-10,Nevada,057,99092,4138,4074,161,4235,66
2021-03-10,Orange,059,3164182,249220,247075,10314,257389,4342
2021-03-10,Placer,061,380077,21019,20144,1152,21296,239
2021-03-10,Plumas,063,18699,652,639,10,649,4
2021-03-10,Riverside,065,2383286,287452,280708,13359,294067,3822
2021-03-10,Sacramento,067,1510023,96315,94796,1302,96098,1452
2021-03-10,San Benito,069,59416,5787,5811,89,5900,61
2021-03-10,San Bernardino,071,2135413,287493,283140,8537,291677,3841
2021-03-10,San Diego,073,3302833,267271,264094,13189,277283,3413
2021-03-10,San Francisco,075,870044,34640,34688,1103,35791,450
2021-03-10,San Joaquin,077,732212,68071,66483,2826,69309,1156
2021-03-10,San Luis Obispo,079,281455,20055,19710,577,20287,247
2021-03-10,San Mateo,081,765935,40048,39571,416,39987,338
2021-03-10,Santa Barbara,083,443738,32802,32356,1043,33399,429
2021-03-10,Santa Clara,085,1922200,112192,112103,601,112704,1759
2021-03-10,Santa Cruz,087,273765,15634,14790,775,15565,192
2021-03-10,Shasta,089,179085,11075,11125,1287,12412,155
2021-03-10,Sierra,091,2930,52,48,12,60,0
2021-03-10,Siskiyou,093,43540,1542,1458,242,1700,5
2021-03-10,Solano,095,438530,30293,30111,373,30484,170
2021-03-10,Sonoma,097,501317,28592,28638,228,28866,286
2021-03-10,Stanislaus,099,539301,51688,50968,5396,56364,706
2021-03-10,Sutter,101,95872,8939,8918,79,8997,101
2021-03-10,Tehama,103,63373,4662,4623,490,5113,33
2021-03-10,Trinity,105,12862,469,304,77,381,3
2021-03-10,Tulare,107,460477,48819,47659,8198,55857,793
2021-03-10,Tuolumne,109,53932,3878,3931,38,3969,57
2021-03-10,Ventura,111,848112,78929,78609,2784,81393,878
2021-03-10,Yolo,113,214977,13071,13021,155,13176,189
2021-03-10,Yuba,115,75493,5607,5545,86,5631,42
2021-03-09,Alameda,001,1643700,82135,81618,1711,83329,1151
2021-03-09,Alpine,002,1148,82,78,0,78,0
2021-03-09,Amador,005,37829,3500,3494,31,3525,42
2021-03-09,Butte,007,227075,11461,11092,1643,12735,185
2021-03-09,Calaveras,009,45235,1947,1913,11,1924,48
2021-03-09,Colusa,011,21464,1883,1880,270,2150,11
2021-03-09,Contra Costa,013,1133247,64286,63314,1082,64396,723
2021-03-09,Del Norte,015,27424,1066,1017,5,1022,5
2021-03-09,El Dorado,017,186661,9260,9198,609,9807,98
2021-03-09,Fresno,019,978130,97912,96744,7838,104582,1463
2021-03-09,Glenn,021,27897,2283,2251,496,2747,15
2021-03-09,Humboldt,023,135768,3315,3288,22,3310,32
2021-03-09,Imperial,025,180216,27379,27045,2479,29524,675
2021-03-09,Inyo,027,18085,1346,1324,9,1333,35
2021-03-09,Kern,029,883053,94343,92924,9940,102864,1088
2021-03-09,Kings,031,150075,22494,22143,980,23123,226
2021-03-09,Lake,033,64148,3255,3202,6,3208,42
2021-03-09,Lassen,035,31185,5132,5120,98,5218,1
2021-03-09,Los Angeles,037,10098052,1180384,1167967,38428,1206395,22080
2021-03-09,Madera,039,155013,15870,15701,847,16548,211
2021-03-09,Marin,041,260295,4968,13335,171,13506,214
2021-03-09,Mariposa,043,17540,379,376,5,381,5
2021-03-09,Mendocino,045,87422,3684,3595,74,3669,42
2021-03-09,Merced,047,269075,28997,28876,933,29809,399
2021-03-09,Modoc,049,8938,344,338,116,454,3
2021-03-09,Mono,051,14174,1196,1203,16,1219,3
2021-03-09,Monterey,053,433212,42189,41894,1676,43570,329
2021-03-09,Napa,055,140530,9151,9155,30,9185,75
2021-03-09,Nevada,057,99092,4130,4062,161,4223,66
2021-03-09,Orange,059,3164182,249078,246989,10295,257284,4310
2021-03-09,Placer,061,380077,20977,20122,1147,21269,239
2021-03-09,Plumas,063,18699,649,639,10,649,4
2021-03-09,Riverside,065,2383286,287319,280562,13355,293917,3821
2021-03-09,Sacramento,067,1510023,96148,94720,1296,96016,1442
2021-03-09,San Benito,069,59416,5783,5800,89,5889,61
2021-03-09,San Bernardino,071,2135413,287378,282971,8531,291502,3823
2021-03-09,San Diego,073,3302833,267039,263745,13168,276913,3405
2021-03-09,San Francisco,075,870044,34609,34654,1099,35753,450
2021-03-09,San Joaquin,077,732212,67944,66383,2816,69199,1150
2021-03-09,San Luis Obispo,079,281455,20038,19672,570,20242,245
2021-03-09,San Mateo,081,765935,40000,39535,414,39949,336
2021-03-09,Santa Barbara,083,443738,32761,32314,1041,33355,428
2021-03-09,Santa Clara,085,1922200,112081,111963,596,112559,1756
2021-03-09,Santa Cruz,087,273765,15612,14764,774,15538,188
2021-03-09,Shasta,089,179085,11068,11113,1282,12395,155
2021-03-09,Sierra,091,2930,52,48,12,60,0
2021-03-09,Siskiyou,093,43540,1538,1447,240,1687,5
2021-03-09,Solano,095,438530,30257,30090,371,30461,169
2021-03-09,Sonoma,097,501317,28542,28601,225,28826,284
2021-03-09,Stanislaus,099,539301,51589,50884,5387,56271,703
2021-03-09,Sutter,101,95872,8926,8914,79,8993,101
2021-03-09,Tehama,103,63373,4657,4620,490,5110,33
2021-03-09,Trinity,105,12862,469,304,77,381,3
2021-03-09,Tulare,107,460477,48792,47637,8179,55816,792
2021-03-09,Tuolumne,109,53932,3876,3929,38,3967,56
2021-03-09,Ventura,111,848112,78866,78526,2782,81308,863
2021-03-09,Yolo,113,214977,13059,13015,153,13168,189
2021-03-09,Yuba,115,75493,5600,5539,86,5625,42
2021-03-08,Alameda,001,1643700,82024,81543,1710,83253,1142
2021-03-08,Alpine,002,1148,82,78,0,78,0
2021-03-08,Amador,005,37829,3497,3490,31,3521,42
2021-03-08,Butte,007,227075,11448,11082,1642,12724,185
2021-03-08,Calaveras,009,45235,1943,1909,11,1920,48
2021-03-08,Colusa,011,21464,1883,1877,270,2147,11
2021-03-08,Contra Costa,013,1133247,64190,63240,1082,64322,719
2021-03-08,Del Norte,015,27424,1061,1012,5,1017,5
2021-03-08,El Dorado,017,186661,9257,9188,608,9796,97
2021-03-08,Fresno,019,978130,97812,96665,7817,104482,1442
2021-03-08,Glenn,021,27897,2282,2249,496,2745,15
2021-03-08,Humboldt,023,135768,3301,3278,22,3300,31
2021-03-08,Imperial,025,180216,27371,27033,2476,29509,663
2021-03-08,Inyo,027,18085,1344,1320,9,1329,35
2021-03-08,Kern,029,883053,94277,92857,9920,102777,1087
2021-03-08,Kings,031,150075,22473,22130,978,23108,226
2021-03-08,Lake,033,64148,3243,3195,6,3201,42
2021-03-08,Lassen,035,31185,5132,5119,98,5217,1
2021-03-08,Los Angeles,037,10098052,1179763,1163409,38397,1201806,21868
2021-03-08,Madera,039,155013,15860,15691,845,16536,211
2021-03-08,Marin,041,260295,4948,13328,169,13497,214
2021-03-08,Mariposa,043,17540,379,376,5,381,5
2021-03-08,Mendocino,045,87422,3682,3590,73,3663,42
2021-03-08,Merced,047,269075,28937,28841,932,29773,398
2021-03-08,Modoc,049,8938,344,338,116,454,3
2021-03-08,Mono,051,14174,1195,1200,16,1216,3
2021-03-08,Monterey,053,433212,42168,41863,1675,43538,328
2021-03-08,Napa,055,140530,9148,9146,30,9176,75
2021-03-08,Nevada,057,99092,4122,4059,161,4220,66
2021-03-08,Orange,059,3164182,248905,246900,10264,257164,4243
2021-03-08,Placer,061,380077,20942,20102,1136,21238,239
2021-03-08,Plumas,063,18699,648,635,10,645,4
2021-03-08,Riverside,065,2383286,287167,280463,13345,293808,3783
2021-03-08,Sacramento,067,1510023,95979,94654,1291,95945,1438
2021-03-08,San Benito,069,59416,5780,5797,89,5886,61
2021-03-08,San Bernardino,071,2135413,287267,282894,8524,291418,3811
2021-03-08,San Diego,073,3302833,266798,263272,13153,276425,3390
2021-03-08,San Francisco,075,870044,34583,34634,1095,35729,446
2021-03-08,San Joaquin,077,732212,67828,66307,2807,69114,1139
2021-03-08,San Luis Obispo,079,281455,19995,19656,567,20223,245
2021-03-08,San Mateo,081,765935,39951,39492,412,39904,335
2021-03-08,Santa Barbara,083,443738,32729,32293,1041,33334,427
2021-03-08,Santa Clara,085,1922200,111953,111882,594,112476,1756
2021-03-08,Santa Cruz,087,273765,15592,14729,774,15503,188
2021-03-08,Shasta,089,179085,11060,11088,1277,12365,155
2021-03-08,Sierra,091,2930,52,48,12,60,0
2021-03-08,Siskiyou,093,43540,1537,1440,240,1680,5
2021-03-08,Solano,095,438530,30217,30068,369,30437,169
2021-03-08,Sonoma,097,501317,28498,28571,224,28795,284
2021-03-08,Stanislaus,099,539301,51510,50825,5382,56207,690
2021-03-08,Sutter,101,95872,8923,8905,79,8984,100
2021-03-08,Tehama,103,63373,4653,4615,490,5105,33
2021-03-08,Trinity,105,12862,468,302,77,379,3
2021-03-08,Tulare,107,460477,48751,47587,8154,55741,791
2021-03-08,Tuolumne,109,53932,3875,3921,38,3959,56
2021-03-08,Ventura,111,848112,78793,78526,2774,81300,852
2021-03-08,Yolo,113,214977,13036,13000,153,13153,189
2021-03-08,Yuba,115,75493,5590,5530,86,5616,42
2021-03-07,Alameda,001,1643700,81904,81413,1709,83122,1145
2021-03-07,Alpine,002,1148,82,78,0,78,0
2021-03-07,Amador,005,37829,3494,3489,31,3520,42
2021-03-07,Butte,007,227075,11432,11075,1641,12716,185
2021-03-07,Calaveras,009,45235,1939,1906,11,1917,48
2021-03-07,Colusa,011,21464,1883,1876,270,2146,11
2021-03-07,Contra Costa,013,1133247,64091,63148,1080,64228,719
2021-03-07,Del Norte,015,27424,1056,1010,5,1015,5
2021-03-07,El Dorado,017,186661,9254,9184,607,9791,97
2021-03-07,Fresno,019,978130,97634,96549,7795,104344,1442
2021-03-07,Glenn,021,27897,2280,2244,496,2740,15
2021-03-07,Humboldt,023,135768,3291,3274,22,3296,31
2021-03-07,Imperial,025,180216,27362,27019,2474,29493,658
2021-03-07,Inyo,027,18085,1341,1320,9,1329,35
2021-03-07,Kern,029,883053,94190,92746,9890,102636,1086
2021-03-07,Kings,031,150075,22451,22103,978,23081,224
2021-03-07,Lake,033,64148,3237,3192,6,3198,42
2021-03-07,Lassen,035,31185,5131,5119,98,5217,1
2021-03-07,Los Angeles,037,10098052,1179036,1162749,38364,1201113,21857
2021-03-07,Madera,039,155013,15841,15675,845,16520,211
2021-03-07,Marin,041,260295,4940,13313,167,13480,214
2021-03-07,Mariposa,043,17540,378,376,5,381,5
2021-03-07,Mendocino,045,87422,3678,3581,73,3654,42
2021-03-07,Merced,047,269075,28863,28829,928,29757,399
2021-03-07,Modoc,049,8938,344,338,116,454,3
2021-03-07,Mono,051,14174,1193,1199,16,1215,3
2021-03-07,Monterey,053,433212,42147,41858,1672,43530,328
2021-03-07,Napa,055,140530,9138,9137,30,9167,75
2021-03-07,Nevada,057,99092,4108,4052,160,4212,66
2021-03-07,Orange,059,3164182,248713,246771,10237,257008,4218
2021-03-07,Placer,061,380077,20901,20070,1132,21202,239
2021-03-07,Plumas,063,18699,647,635,10,645,4
2021-03-07,Riverside,065,2383286,287019,280379,13336,293715,3779
2021-03-07,Sacramento,067,1510023,95802,94513,1285,95798,1437
2021-03-07,San Benito,069,59416,5773,5795,89,5884,61
2021-03-07,San Bernardino,071,2135413,287116,282860,8519,291379,3810
2021-03-07,San Diego,073,3302833,266517,262965,13129,276094,3390
2021-03-07,San Francisco,075,870044,34549,34594,1090,35684,445
2021-03-07,San Joaquin,077,732212,67692,66252,2794,69046,1139
2021-03-07,San Luis Obispo,079,281455,19958,19614,565,20179,245
2021-03-07,San Mateo,081,765935,39911,39436,409,39845,329
2021-03-07,Santa Barbara,083,443738,32683,32218,1040,33258,425
2021-03-07,Santa Clara,085,1922200,111808,111745,590,112335,1752
2021-03-07,Santa Cruz,087,273765,15570,14715,773,15488,189
2021-03-07,Shasta,089,179085,11047,11083,1269,12352,156
2021-03-07,Sierra,091,2930,51,48,12,60,0
2021-03-07,Siskiyou,093,43540,1536,1435,236,1671,5
2021-03-07,Solano,095,438530,30180,30027,369,30396,169
2021-03-07,Sonoma,097,501317,28449,28533,222,28755,284
2021-03-07,Stanislaus,099,539301,51378,50783,5366,56149,699
2021-03-07,Sutter,101,95872,8913,8900,79,8979,100
2021-03-07,Tehama,103,63373,4646,4614,489,5103,33
2021-03-07,Trinity,105,12862,468,302,77,379,3
2021-03-07,Tulare,107,460477,48692,47569,8123,55692,790
2021-03-07,Tuolumne,109,53932,3874,3922,37,3959,56
2021-03-07,Ventura,111,848112,78701,78487,2772,81259,851
2021-03-07,Yolo,113,214977,13017,12988,153,13141,189
2021-03-07,Yuba,115,75493,5585,5516,86,5602,42
2021-03-06,Alameda,001,1643700,81847,81310,1708,83018,1143
2021-03-06,Alpine,002,1148,82,78,0,78,0
2021-03-06,Amador,005,37829,3490,3487,31,3518,42
2021-03-06,Butte,007,227075,11427,11065,1640,12705,185
2021-03-06,Calaveras,009,45235,1935,1904,11,1915,48
2021-03-06,Colusa,011,21464,1881,1874,270,2144,11
2021-03-06,Contra Costa,013,1133247,64029,63040,1076,64116,719
2021-03-06,Del Norte,015,27424,1051,1000,5,1005,5
2021-03-06,El Dorado,017,186661,9250,9166,607,9773,97
2021-03-06,Fresno,019,978130,97538,96366,7784,104150,1440
2021-03-06,Glenn,021,27897,2280,2241,496,2737,15
2021-03-06,Humboldt,023,135768,3281,3260,22,3282,31
2021-03-06,Imperial,025,180216,27357,27009,2469,29478,658
2021-03-06,Inyo,027,18085,1338,1312,9,1321,35
2021-03-06,Kern,029,883053,94144,92684,9870,102554,1082
2021-03-06,Kings,031,150075,22436,22094,978,23072,224
2021-03-06,Lake,033,64148,3235,3189,6,3195,42
2021-03-06,Lassen,035,31185,5131,5119,98,5217,1
2021-03-06,Los Angeles,037,10098052,1178596,1161745,38336,1200081,21843
2021-03-06,Madera,039,155013,15832,15646,844,16490,211
2021-03-06,Marin,041,260295,4931,13289,167,13456,213
2021-03-06,Mariposa,043,17540,378,376,5,381,5
2021-03-06,Mendocino,045,87422,3676,3579,73,3652,42
2021-03-06,Merced,047,269075,28820,28771,928,29699,399
2021-03-06,Modoc,049,8938,343,338,116,454,3
2021-03-06,Mono,051,14174,1192,1198,16,1214,3
2021-03-06,Monterey,053,433212,42142,41838,1669,43507,327
2021-03-06,Napa,055,140530,9130,9129,30,9159,75
2021-03-06,Nevada,057,99092,4102,4044,160,4204,66
2021-03-06,Orange,059,3164182,248622,246634,10223,256857,4165
2021-03-06,Placer,061,380077,20878,20030,1130,21160,239
2021-03-06,Plumas,063,18699,647,634,10,644,4
2021-03-06,Riverside,065,2383286,286925,280225,13328,293553,3781
2021-03-06,Sacramento,067,1510023,95714,94332,1276,95608,1436
2021-03-06,San Benito,069,59416,5768,5793,89,5882,61
2021-03-06,San Bernardino,071,2135413,287032,282737,8517,291254,3791
2021-03-06,San Diego,073,3302833,266330,262778,13112,275890,3385
2021-03-06,San Francisco,075,870044,34517,34560,1086,35646,435
2021-03-06,San Joaquin,077,732212,67618,66162,2784,68946,1138
2021-03-06,San Luis Obispo,079,281455,19938,19592,563,20155,245
2021-03-06,San Mateo,081,765935,39886,39384,409,39793,329
2021-03-06,Santa Barbara,083,443738,32653,32176,1040,33216,424
2021-03-06,Santa Clara,085,1922200,111713,111570,587,112157,1749
2021-03-06,Santa Cruz,087,273765,15559,14701,773,15474,188
2021-03-06,Shasta,089,179085,11038,11076,1267,12343,158
2021-03-06,Sierra,091,2930,51,48,12,60,0
2021-03-06,Siskiyou,093,43540,1534,1432,236,1668,5
2021-03-06,Solano,095,438530,30151,30000,368,30368,169
2021-03-06,Sonoma,097,501317,28426,28484,220,28704,284
2021-03-06,Stanislaus,099,539301,51308,50691,5360,56051,711
2021-03-06,Sutter,101,95872,8907,8887,79,8966,100
2021-03-06,Tehama,103,63373,4644,4610,486,5096,33
2021-03-06,Trinity,105,12862,468,302,77,379,3
2021-03-06,Tulare,107,460477,48660,47515,8095,55610,789
2021-03-06,Tuolumne,109,53932,3872,3920,37,3957,56
2021-03-06,Ventura,111,848112,78645,78439,2771,81210,848
2021-03-06,Yolo,113,214977,13011,12951,152,13103,189
2021-03-06,Yuba,115,75493,5576,5504,86,5590,42
2021-03-05,Alameda,001,1643700,81761,81215,1707,82922,1141
2021-03-05,Alpine,002,1148,82,78,0,78,0
2021-03-05,Amador,005,37829,3489,3484,31,3515,42
2021-03-05,Butte,007,227075,11416,11050,1639,12689,185
2021-03-05,Calaveras,009,45235,1932,1902,11,1913,48
2021-03-05,Colusa,011,21464,1881,1874,270,2144,11
2021-03-05,Contra Costa,013,1133247,63949,62886,1073,63959,711
2021-03-05,Del Norte,015,27424,1047,995,5,1000,5
2021-03-05,El Dorado,017,186661,9245,9150,606,9756,97
2021-03-05,Fresno,019,978130,97429,96184,7765,103949,1432
2021-03-05,Glenn,021,27897,2277,2241,495,2736,15
2021-03-05,Humboldt,023,135768,3273,3234,22,3256,31
2021-03-05,Imperial,025,180216,27347,26970,2460,29430,651
2021-03-05,Inyo,027,18085,1334,1309,9,1318,35
2021-03-05,Kern,029,883053,94103,92601,9857,102458,1076
2021-03-05,Kings,031,150075,22418,22063,977,23040,224
2021-03-05,Lake,033,64148,3233,3185,6,3191,42
2021-03-05,Lassen,035,31185,5131,5117,96,5213,1
2021-03-05,Los Angeles,037,10098052,1178105,1160688,38307,1198995,21745
2021-03-05,Madera,039,155013,15822,15624,842,16466,211
2021-03-05,Marin,041,260295,4919,13275,166,13441,215
2021-03-05,Mariposa,043,17540,378,375,5,380,4
2021-03-05,Mendocino,045,87422,3673,3577,73,3650,42
2021-03-05,Merced,047,269075,28787,28734,927,29661,399
2021-03-05,Modoc,049,8938,343,337,116,453,3
2021-03-05,Mono,051,14174,1191,1197,16,1213,3
2021-03-05,Monterey,053,433212,42129,41802,1669,43471,325
2021-03-05,Napa,055,140530,9122,9109,30,9139,75
2021-03-05,Nevada,057,99092,4099,4033,160,4193,66
2021-03-05,Orange,059,3164182,248509,246489,10210,256699,4108
2021-03-05,Placer,061,380077,20852,19973,1126,21099,239
2021-03-05,Plumas,063,18699,647,635,10,645,4
2021-03-05,Riverside,065,2383286,286814,280075,13323,293398,3781
2021-03-05,Sacramento,067,1510023,95618,94182,1269,95451,1430
2021-03-05,San Benito,069,59416,5765,5790,89,5879,61
2021-03-05,San Bernardino,071,2135413,286939,282640,8513,291153,3774
2021-03-05,San Diego,073,3302833,266096,262357,13095,275452,3371
2021-03-05,San Francisco,075,870044,34477,34526,1082,35608,430
2021-03-05,San Joaquin,077,732212,67539,66041,2775,68816,1133
2021-03-05,San Luis Obispo,079,281455,19917,19557,561,20118,244
2021-03-05,San Mateo,081,765935,39854,39305,409,39714,326
2021-03-05,Santa Barbara,083,443738,32616,32139,1035,33174,424
2021-03-05,Santa Clara,085,1922200,111618,111384,587,111971,1745
2021-03-05,Santa Cruz,087,273765,15548,14694,773,15467,188
2021-03-05,Shasta,089,179085,11026,11062,1261,12323,148
2021-03-05,Sierra,091,2930,51,48,12,60,0
2021-03-05,Siskiyou,093,43540,1529,1429,235,1664,5
2021-03-05,Solano,095,438530,30134,29951,366,30317,168
2021-03-05,Sonoma,097,501317,28400,28417,220,28637,279
2021-03-05,Stanislaus,099,539301,51257,50606,5350,55956,721
2021-03-05,Sutter,101,95872,8900,8876,79,8955,100
2021-03-05,Tehama,103,63373,4635,4606,486,5092,33
2021-03-05,Trinity,105,12862,468,302,77,379,3
2021-03-05,Tulare,107,460477,48631,47469,8076,55545,789
2021-03-05,Tuolumne,109,53932,3870,3917,37,3954,56
2021-03-05,Ventura,111,848112,78578,78368,2770,81138,839
2021-03-05,Yolo,113,214977,12999,12920,151,13071,188
2021-03-05,Yuba,115,75493,5564,5496,86,5582,42
2021-03-04,Alameda,001,1643700,81652,81115,1706,82821,1136
2021-03-04,Alpine,002,1148,82,78,0,78,0
2021-03-04,Amador,005,37829,3488,3480,31,3511,42
2021-03-04,Butte,007,227075,11409,11033,1638,12671,185
2021-03-04,Calaveras,009,45235,1931,1896,11,1907,48
2021-03-04,Colusa,011,21464,1879,1873,265,2138,11
2021-03-04,Contra Costa,013,1133247,63849,62789,1071,63860,708
2021-03-04,Del Norte,015,27424,1039,989,5,994,5
2021-03-04,El Dorado,017,186661,9230,9133,606,9739,97
2021-03-04,Fresno,019,978130,97265,96023,7746,103769,1422
2021-03-04,Glenn,021,27897,2270,2236,494,2730,15
2021-03-04,Humboldt,023,135768,3259,3212,22,3234,31
2021-03-04,Imperial,025,180216,27334,26946,2457,29403,646
2021-03-04,Inyo,027,18085,1331,1300,9,1309,35
2021-03-04,Kern,029,883053,94014,92525,9838,102363,1070
2021-03-04,Kings,031,150075,22392,22025,974,22999,224
2021-03-04,Lake,033,64148,3225,3181,6,3187,42
2021-03-04,Lassen,035,31185,5131,5116,96,5212,1
2021-03-04,Los Angeles,037,10098052,1177494,1159405,38258,1197663,21610
2021-03-04,Madera,039,155013,15787,15596,839,16435,208
2021-03-04,Marin,041,260295,4903,13240,163,13403,215
2021-03-04,Mariposa,043,17540,378,376,5,381,4
2021-03-04,Mendocino,045,87422,3670,3569,73,3642,42
2021-03-04,Merced,047,269075,28736,28671,925,29596,396
2021-03-04,Modoc,049,8938,342,336,116,452,3
2021-03-04,Mono,051,14174,1191,1197,16,1213,3
2021-03-04,Monterey,053,433212,42109,41771,1667,43438,325
2021-03-04,Napa,055,140530,9114,9094,30,9124,74
2021-03-04,Nevada,057,99092,4089,4020,160,4180,66
2021-03-04,Orange,059,3164182,248352,246354,10193,256547,4096
2021-03-04,Placer,061,380077,20820,19900,1120,21020,239
2021-03-04,Plumas,063,18699,647,634,10,644,4
2021-03-04,Riverside,065,2383286,286684,279871,13310,293181,3766
2021-03-04,Sacramento,067,1510023,95483,93982,1266,95248,1426
2021-03-04,San Benito,069,59416,5765,5781,89,5870,61
2021-03-04,San Bernardino,071,2135413,286808,282407,8509,290916,3757
2021-03-04,San Diego,073,3302833,265835,261858,13051,274909,3359
2021-03-04,San Francisco,075,870044,34442,34480,1079,35559,426
2021-03-04,San Joaquin,077,732212,67445,65931,2766,68697,1129
2021-03-04,San Luis Obispo,079,281455,19880,19520,559,20079,243
2021-03-04,San Mateo,081,765935,39810,39225,408,39633,322
2021-03-04,Santa Barbara,083,443738,32579,32090,1034,33124,423
2021-03-04,Santa Clara,085,1922200,111484,111194,585,111779,1723
2021-03-04,Santa Cruz,087,273765,15529,14669,773,15442,186
2021-03-04,Shasta,089,179085,11023,11050,1252,12302,150
2021-03-04,Sierra,091,2930,51,48,12,60,0
2021-03-04,Siskiyou,093,43540,1522,1427,235,1662,5
2021-03-04,Solano,095,438530,30107,29905,365,30270,168
2021-03-04,Sonoma,097,501317,28345,28379,219,28598,279
2021-03-04,Stanislaus,099,539301,51170,50521,5342,55863,731
2021-03-04,Sutter,101,95872,8888,8849,79,8928,100
2021-03-04,Tehama,103,63373,4627,4604,486,5090,33
2021-03-04,Trinity,105,12862,468,302,77,379,3
2021-03-04,Tulare,107,460477,48586,47398,8051,55449,784
2021-03-04,Tuolumne,109,53932,3864,3916,37,3953,56
2021-03-04,Ventura,111,848112,78488,78184,2767,80951,831
2021-03-04,Yolo,113,214977,12979,12895,151,13046,189
2021-03-04,Yuba,115,75493,5552,5483,86,5569,41
2021-03-03,Alameda,001,1643700,81532,80972,1705,82677,1127
2021-03-03,Alpine,002,1148,82,77,0,77,0
2021-03-03,Amador,005,37829,3486,3478,30,3508,42
2021-03-03,Butte,007,227075,11401,11014,1637,12651,184
2021-03-03,Calaveras,009,45235,1930,1893,11,1904,48
2021-03-03,Colusa,011,21464,1878,1873,265,2138,11
2021-03-03,Contra Costa,013,1133247,63751,62668,1068,63736,708
2021-03-03,Del Norte,015,27424,1036,988,5,993,5
2021-03-03,El Dorado,017,186661,9220,9121,606,9727,97
2021-03-03,Fresno,019,978130,97121,95893,7729,103622,1415
2021-03-03,Glenn,021,27897,2270,2233,494,2727,15
2021-03-03,Humboldt,023,135768,3248,3196,22,3218,30
2021-03-03,Imperial,025,180216,27318,26939,2453,29392,640
2021-03-03,Inyo,027,18085,1323,1294,9,1303,35
2021-03-03,Kern,029,883053,93938,92434,9821,102255,1063
2021-03-03,Kings,031,150075,22376,22009,973,22982,223
2021-03-03,Lake,033,64148,3218,3175,6,3181,40
2021-03-03,Lassen,035,31185,5131,5115,96,5211,1
2021-03-03,Los Angeles,037,10098052,1176855,1157911,38219,1196130,21500
2021-03-03,Madera,039,155013,15768,15553,833,16386,203
2021-03-03,Marin,041,260295,4889,13216,163,13379,214
2021-03-03,Mariposa,043,17540,377,376,5,381,4
2021-03-03,Mendocino,045,87422,3662,3564,73,3637,42
2021-03-03,Merced,047,269075,28684,28625,925,29550,393
2021-03-03,Modoc,049,8938,342,333,115,448,3
2021-03-03,Mono,051,14174,1191,1191,16,1207,3
2021-03-03,Monterey,053,433212,42077,41731,1664,43395,325
2021-03-03,Napa,055,140530,9106,9090,30,9120,72
2021-03-03,Nevada,057,99092,4079,4009,160,4169,66
2021-03-03,Orange,059,3164182,248207,246120,10179,256299,4072
2021-03-03,Placer,061,380077,20794,19851,1117,20968,239
2021-03-03,Plumas,063,18699,646,631,10,641,4
2021-03-03,Riverside,065,2383286,286551,279626,13304,292930,3735
2021-03-03,Sacramento,067,1510023,95322,93819,1258,95077,1419
2021-03-03,San Benito,069,59416,5764,5774,89,5863,61
2021-03-03,San Bernardino,071,2135413,286667,282138,8503,290641,3664
2021-03-03,San Diego,073,3302833,265571,261350,13020,274370,3342
2021-03-03,San Francisco,075,870044,34410,34443,1076,35519,426
2021-03-03,San Joaquin,077,732212,67332,65855,2759,68614,1115
2021-03-03,San Luis Obispo,079,281455,19854,19479,556,20035,241
2021-03-03,San Mateo,081,765935,39764,39189,407,39596,319
2021-03-03,Santa Barbara,083,443738,32541,32027,1034,33061,421
2021-03-03,Santa Clara,085,1922200,111330,110991,583,111574,1720
2021-03-03,Santa Cruz,087,273765,15518,14645,773,15418,185
2021-03-03,Shasta,089,179085,11013,11023,1245,12268,150
2021-03-03,Sierra,091,2930,51,48,12,60,0
2021-03-03,Siskiyou,093,43540,1520,1424,235,1659,5
2021-03-03,Solano,095,438530,30071,29866,364,30230,167
2021-03-03,Sonoma,097,501317,28306,28307,218,28525,279
2021-03-03,Stanislaus,099,539301,51092,50438,5335,55773,730
2021-03-03,Sutter,101,95872,8880,8840,79,8919,99
2021-03-03,Tehama,103,63373,4625,4601,486,5087,32
2021-03-03,Trinity,105,12862,468,302,77,379,3
2021-03-03,Tulare,107,460477,48535,47348,8022,55370,778
2021-03-03,Tuolumne,109,53932,3862,3914,36,3950,56
2021-03-03,Ventura,111,848112,78404,78057,2762,80819,822
2021-03-03,Yolo,113,214977,12966,12890,151,13041,189
2021-03-03,Yuba,115,75493,5539,5479,86,5565,41
2021-03-02,Alameda,001,1643700,81410,80904,1703,82607,1116
2021-03-02,Alpine,002,1148,82,77,0,77,0
2021-03-02,Amador,005,37829,3484,3474,30,3504,42
2021-03-02,Butte,007,227075,11391,11007,1634,12641,182
2021-03-02,Calaveras,009,45235,1922,1890,11,1901,48
2021-03-02,Colusa,011,21464,1878,1872,264,2136,11
2021-03-02,Contra Costa,013,1133247,63640,62557,1064,63621,694
2021-03-02,Del Norte,015,27424,1029,983,5,988,5
2021-03-02,El Dorado,017,186661,9212,9116,606,9722,98
2021-03-02,Fresno,019,978130,96975,95785,7703,103488,1410
2021-03-02,Glenn,021,27897,2264,2232,493,2725,15
2021-03-02,Humboldt,023,135768,3229,3184,22,3206,30
2021-03-02,Imperial,025,180216,27308,26926,2451,29377,637
2021-03-02,Inyo,027,18085,1319,1292,9,1301,35
2021-03-02,Kern,029,883053,93832,92313,9794,102107,1046
2021-03-02,Kings,031,150075,22324,21999,970,22969,217
2021-03-02,Lake,033,64148,3212,3169,6,3175,40
2021-03-02,Lassen,035,31185,5126,5115,95,5210,1
2021-03-02,Los Angeles,037,10098052,1176218,1156826,38174,1195000,21395
2021-03-02,Madera,039,155013,15748,15523,830,16353,194
2021-03-02,Marin,041,260295,4866,13186,162,13348,214
2021-03-02,Mariposa,043,17540,377,376,5,381,4
2021-03-02,Mendocino,045,87422,3659,3562,72,3634,41
2021-03-02,Merced,047,269075,28627,28598,925,29523,389
2021-03-02,Modoc,049,8938,342,332,115,447,3
2021-03-02,Mono,051,14174,1190,1191,16,1207,3
2021-03-02,Monterey,053,433212,42050,41716,1664,43380,325
2021-03-02,Napa,055,140530,9096,9080,30,9110,71
2021-03-02,Nevada,057,99092,4070,3983,159,4142,66
2021-03-02,Orange,059,3164182,248062,246004,10161,256165,4037
2021-03-02,Placer,061,380077,20741,19828,1114,20942,239
2021-03-02,Plumas,063,18699,643,628,10,638,4
2021-03-02,Riverside,065,2383286,286379,279486,13296,292782,3721
2021-03-02,Sacramento,067,1510023,95155,93690,1257,94947,1411
2021-03-02,San Benito,069,59416,5757,5770,89,5859,60
2021-03-02,San Bernardino,071,2135413,286533,281919,8497,290416,3604
2021-03-02,San Diego,073,3302833,265327,260998,12998,273996,3317
2021-03-02,San Francisco,075,870044,34370,34387,1072,35459,424
2021-03-02,San Joaquin,077,732212,67224,65769,2742,68511,1111
2021-03-02,San Luis Obispo,079,281455,19822,19452,556,20008,241
2021-03-02,San Mateo,081,765935,39712,39148,406,39554,317
2021-03-02,Santa Barbara,083,443738,32492,31964,1030,32994,416
2021-03-02,Santa Clara,085,1922200,111151,110832,582,111414,1706
2021-03-02,Santa Cruz,087,273765,15504,14611,771,15382,185
2021-03-02,Shasta,089,179085,10999,11012,1234,12246,149
2021-03-02,Sierra,091,2930,51,48,12,60,0
2021-03-02,Siskiyou,093,43540,1516,1412,233,1645,5
2021-03-02,Solano,095,438530,30038,29827,362,30189,167
2021-03-02,Sonoma,097,501317,28251,28261,218,28479,279
2021-03-02,Stanislaus,099,539301,51005,50359,5323,55682,724
2021-03-02,Sutter,101,95872,8871,8832,79,8911,99
2021-03-02,Tehama,103,63373,4621,4597,485,5082,32
2021-03-02,Trinity,105,12862,468,301,77,378,3
2021-03-02,Tulare,107,460477,48472,47326,8002,55328,783
2021-03-02,Tuolumne,109,53932,3858,3908,36,3944,53
2021-03-02,Ventura,111,848112,78311,77952,2758,80710,780
2021-03-02,Yolo,113,214977,12950,12867,151,13018,189
2021-03-02,Yuba,115,75493,5531,5475,86,5561,41
2021-03-01,Alameda,001,1643700,81283,80805,1701,82506,1105
2021-03-01,Alpine,002,1148,80,77,0,77,0
2021-03-01,Amador,005,37829,3481,3469,30,3499,42
2021-03-01,Butte,007,227075,11376,10981,1630,12611,180
2021-03-01,Calaveras,009,45235,1917,1885,11,1896,46
2021-03-01,Colusa,011,21464,1877,1871,264,2135,11
2021-03-01,Contra Costa,013,1133247,63532,62458,1063,63521,694
2021-03-01,Del Norte,015,27424,1024,982,5,987,5
2021-03-01,El Dorado,017,186661,9188,9085,606,9691,98
2021-03-01,Fresno,019,978130,96837,95677,7680,103357,1405
2021-03-01,Glenn,021,27897,2259,2232,492,2724,15
2021-03-01,Humboldt,023,135768,3210,3179,22,3201,30
2021-03-01,Imperial,025,180216,27298,26913,2443,29356,636
2021-03-01,Inyo,027,18085,1316,1285,9,1294,35
2021-03-01,Kern,029,883053,93743,92219,9768,101987,1041
2021-03-01,Kings,031,150075,22307,21988,964,22952,217
2021-03-01,Lake,033,64148,3207,3164,6,3170,40
2021-03-01,Lassen,035,31185,5124,5111,95,5206,1
2021-03-01,Los Angeles,037,10098052,1175559,1155984,38134,1194118,21293
2021-03-01,Madera,039,155013,15719,15505,820,16325,194
2021-03-01,Marin,041,260295,4838,13161,161,13322,214
2021-03-01,Mariposa,043,17540,377,375,5,380,4
2021-03-01,Mendocino,045,87422,3652,3561,72,3633,41
2021-03-01,Merced,047,269075,28582,28575,921,29496,385
2021-03-01,Modoc,049,8938,339,331,114,445,3
2021-03-01,Mono,051,14174,1189,1192,16,1208,3
2021-03-01,Monterey,053,433212,42025,41697,1662,43359,324
2021-03-01,Napa,055,140530,9088,9056,30,9086,70
2021-03-01,Nevada,057,99092,4051,3979,159,4138,66
2021-03-01,Orange,059,3164182,247869,245852,10147,255999,3976
2021-03-01,Placer,061,380077,20702,19803,1111,20914,239
2021-03-01,Plumas,063,18699,643,628,10,638,4
2021-03-01,Riverside,065,2383286,286160,279323,13289,292612,3680
2021-03-01,Sacramento,067,1510023,95010,93546,1255,94801,1401
2021-03-01,San Benito,069,59416,5752,5772,89,5861,57
2021-03-01,San Bernardino,071,2135413,286389,281685,8493,290178,3603
2021-03-01,San Diego,073,3302833,265010,260622,12965,273587,3303
2021-03-01,San Francisco,075,870044,34326,34318,1064,35382,424
2021-03-01,San Joaquin,077,732212,67115,65699,2732,68431,1097
2021-03-01,San Luis Obispo,079,281455,19800,19429,554,19983,239
2021-03-01,San Mateo,081,765935,39660,39096,406,39502,314
2021-03-01,Santa Barbara,083,443738,32449,31909,1029,32938,413
2021-03-01,Santa Clara,085,1922200,110992,110684,579,111263,1704
2021-03-01,Santa Cruz,087,273765,15485,14575,770,15345,185
2021-03-01,Shasta,089,179085,10987,10990,1231,12221,149
2021-03-01,Sierra,091,2930,51,48,12,60,0
2021-03-01,Siskiyou,093,43540,1512,1408,231,1639,5
2021-03-01,Solano,095,438530,29995,29779,361,30140,166
2021-03-01,Sonoma,097,501317,28203,28222,216,28438,278
2021-03-01,Stanislaus,099,539301,50931,50293,5317,55610,722
2021-03-01,Sutter,101,95872,8860,8825,79,8904,99
2021-03-01,Tehama,103,63373,4615,4595,485,5080,32
2021-03-01,Trinity,105,12862,468,298,76,374,3
2021-03-01,Tulare,107,460477,48434,47275,7968,55243,781
2021-03-01,Tuolumne,109,53932,3855,3907,36,3943,53
2021-03-01,Ventura,111,848112,78230,77849,2757,80606,775
2021-03-01,Yolo,113,214977,12933,12854,149,13003,188
2021-03-01,Yuba,115,75493,5519,5466,86,5552,41
2021-02-28,Alameda,001,1643700,81162,80727,1699,82426,1105
2021-02-28,Alpine,002,1148,80,77,0,77,0
2021-02-28,Amador,005,37829,3476,3466,29,3495,42
2021-02-28,Butte,007,227075,11361,10970,1629,12599,180
2021-02-28,Calaveras,009,45235,1913,1881,11,1892,46
2021-02-28,Colusa,011,21464,1877,1871,263,2134,11
2021-02-28,Contra Costa,013,1133247,63405,62386,1058,63444,694
2021-02-28,Del Norte,015,27424,1022,981,5,986,5
2021-02-28,El Dorado,017,186661,9177,9082,606,9688,98
2021-02-28,Fresno,019,978130,96655,95548,7646,103194,1405
2021-02-28,Glenn,021,27897,2257,2230,490,2720,15
2021-02-28,Humboldt,023,135768,3187,3179,22,3201,30
2021-02-28,Imperial,025,180216,27273,26909,2439,29348,636
2021-02-28,Inyo,027,18085,1311,1282,9,1291,35
2021-02-28,Kern,029,883053,93628,92169,9748,101917,1012
2021-02-28,Kings,031,150075,22286,21967,963,22930,217
2021-02-28,Lake,033,64148,3202,3164,6,3170,40
2021-02-28,Lassen,035,31185,5123,5106,95,5201,1
2021-02-28,Los Angeles,037,10098052,1174771,1155141,38072,1193213,21261
2021-02-28,Madera,039,155013,15677,15496,817,16313,199
2021-02-28,Marin,041,260295,4815,13152,159,13311,214
2021-02-28,Mariposa,043,17540,377,374,5,379,4
2021-02-28,Mendocino,045,87422,3646,3558,72,3630,41
2021-02-28,Merced,047,269075,28519,28546,920,29466,384
2021-02-28,Modoc,049,8938,339,331,114,445,3
2021-02-28,Mono,051,14174,1186,1192,16,1208,3
2021-02-28,Monterey,053,433212,41993,41683,1660,43343,323
2021-02-28,Napa,055,140530,9069,9053,30,9083,70
2021-02-28,Nevada,057,99092,4038,3972,159,4131,66
2021-02-28,Orange,059,3164182,247672,245706,10140,255846,3970
2021-02-28,Placer,061,380077,20656,19775,1109,20884,239
2021-02-28,Plumas,063,18699,643,628,10,638,4
2021-02-28,Riverside,065,2383286,285927,279214,13278,292492,3661
2021-02-28,Sacramento,067,1510023,94826,93463,1250,94713,1398
2021-02-28,San Benito,069,59416,5741,5772,89,5861,57
2021-02-28,San Bernardino,071,2135413,286247,281620,8481,290101,3595
2021-02-28,San Diego,073,3302833,264713,260353,12931,273284,3303
2021-02-28,San Francisco,075,870044,34284,34291,1058,35349,417
2021-02-28,San Joaquin,077,732212,67007,65662,2723,68385,1097
2021-02-28,San Luis Obispo,079,281455,19764,19422,552,19974,237
2021-02-28,San Mateo,081,765935,39607,39059,405,39464,314
2021-02-28,Santa Barbara,083,443738,32397,31877,1029,32906,413
2021-02-28,Santa Clara,085,1922200,110793,110556,576,111132,1704
2021-02-28,Santa Cruz,087,273765,15456,14571,767,15338,185
2021-02-28,Shasta,089,179085,10966,10990,1227,12217,149
2021-02-28,Sierra,091,2930,51,48,12,60,0
2021-02-28,Siskiyou,093,43540,1504,1408,231,1639,5
2021-02-28,Solano,095,438530,29940,29758,355,30113,166
2021-02-28,Sonoma,097,501317,28140,28193,215,28408,279
2021-02-28,Stanislaus,099,539301,50840,50228,5305,55533,728
2021-02-28,Sutter,101,95872,8845,8825,79,8904,99
2021-02-28,Tehama,103,63373,4610,4590,485,5075,32
2021-02-28,Trinity,105,12862,468,298,76,374,3
2021-02-28,Tulare,107,460477,48372,47258,7937,55195,780
2021-02-28,Tuolumne,109,53932,3850,3905,36,3941,53
2021-02-28,Ventura,111,848112,78118,77749,2754,80503,775
2021-02-28,Yolo,113,214977,12910,12851,149,13000,188
2021-02-28,Yuba,115,75493,5509,5461,86,5547,41
2021-02-27,Alameda,001,1643700,81088,80565,1697,82262,1108
2021-02-27,Alpine,002,1148,80,77,0,77,0
2021-02-27,Amador,005,37829,3474,3463,29,3492,42
2021-02-27,Butte,007,227075,11349,10962,1629,12591,180
2021-02-27,Calaveras,009,45235,1908,1875,11,1886,46
2021-02-27,Colusa,011,21464,1876,1869,263,2132,11
2021-02-27,Contra Costa,013,1133247,63335,62248,1055,63303,693
2021-02-27,Del Norte,015,27424,1020,978,5,983,5
2021-02-27,El Dorado,017,186661,9173,9072,606,9678,98
2021-02-27,Fresno,019,978130,96578,95393,7635,103028,1400
2021-02-27,Glenn,021,27897,2256,2225,489,2714,15
2021-02-27,Humboldt,023,135768,3181,3167,22,3189,30
2021-02-27,Imperial,025,180216,27265,26903,2437,29340,633
2021-02-27,Inyo,027,18085,1308,1275,9,1284,35
2021-02-27,Kern,029,883053,93567,92053,9733,101786,996
2021-02-27,Kings,031,150075,22276,21955,960,22915,216
2021-02-27,Lake,033,64148,3199,3156,6,3162,40
2021-02-27,Lassen,035,31185,5123,5106,95,5201,1
2021-02-27,Los Angeles,037,10098052,1174270,1154275,38045,1192320,21158
2021-02-27,Madera,039,155013,15660,15467,816,16283,199
2021-02-27,Marin,041,260295,4791,13134,159,13293,214
2021-02-27,Mariposa,043,17540,377,374,5,379,4
2021-02-27,Mendocino,045,87422,3643,3555,72,3627,41
2021-02-27,Merced,047,269075,28477,28501,912,29413,384
2021-02-27,Modoc,049,8938,339,331,113,444,3
2021-02-27,Mono,051,14174,1184,1191,16,1207,3
2021-02-27,Monterey,053,433212,41984,41665,1659,43324,322
2021-02-27,Napa,055,140530,9058,9038,30,9068,71
2021-02-27,Nevada,057,99092,4032,3960,159,4119,66
2021-02-27,Orange,059,3164182,247545,245542,10129,255671,3960
2021-02-27,Placer,061,380077,20620,19726,1106,20832,239
2021-02-27,Plumas,063,18699,643,628,10,638,4
2021-02-27,Riverside,065,2383286,285817,279048,13268,292316,3663
2021-02-27,Sacramento,067,1510023,94743,93281,1240,94521,1396
2021-02-27,San Benito,069,59416,5740,5767,88,5855,57
2021-02-27,San Bernardino,071,2135413,286168,281471,8476,289947,3527
2021-02-27,San Diego,073,3302833,264523,260091,12893,272984,3284
2021-02-27,San Francisco,075,870044,34251,34260,1055,35315,413
2021-02-27,San Joaquin,077,732212,66961,65578,2721,68299,1100
2021-02-27,San Luis Obispo,079,281455,19743,19411,551,19962,237
2021-02-27,San Mateo,081,765935,39566,38998,404,39402,313
2021-02-27,Santa Barbara,083,443738,32363,31805,1028,32833,411
2021-02-27,Santa Clara,085,1922200,110645,110361,574,110935,1703
2021-02-27,Santa Cruz,087,273765,15447,14552,766,15318,185
2021-02-27,Shasta,089,179085,10960,10985,1223,12208,149
2021-02-27,Sierra,091,2930,51,48,12,60,0
2021-02-27,Siskiyou,093,43540,1502,1407,230,1637,5
2021-02-27,Solano,095,438530,29912,29718,354,30072,165
2021-02-27,Sonoma,097,501317,28096,28141,210,28351,281
2021-02-27,Stanislaus,099,539301,50785,50147,5295,55442,733
2021-02-27,Sutter,101,95872,8840,8820,79,8899,99
2021-02-27,Tehama,103,63373,4605,4584,484,5068,32
2021-02-27,Trinity,105,12862,468,298,76,374,3
2021-02-27,Tulare,107,460477,48335,47209,7911,55120,770
2021-02-27,Tuolumne,109,53932,3847,3899,36,3935,53
2021-02-27,Ventura,111,848112,78045,77623,2751,80374,771
2021-02-27,Yolo,113,214977,12898,12834,149,12983,188
2021-02-27,Yuba,115,75493,5506,5450,86,5536,39
2021-02-26,Alameda,001,1643700,80993,80387,1692,82079,1106
2021-02-26,Alpine,002,1148,80,77,0,77,0
2021-02-26,Amador,005,37829,3468,3457,29,3486,42
2021-02-26,Butte,007,227075,11339,10941,1629,12570,180
2021-02-26,Calaveras,009,45235,1906,1873,11,1884,46
2021-02-26,Colusa,011,21464,1876,1865,263,2128,11
2021-02-26,Contra Costa,013,1133247,63253,62114,1055,63169,685
2021-02-26,Del Norte,015,27424,1016,968,5,973,5
2021-02-26,El Dorado,017,186661,9168,9038,604,9642,98
2021-02-26,Fresno,019,978130,96476,95202,7627,102829,1391
2021-02-26,Glenn,021,27897,2253,2220,489,2709,15
2021-02-26,Humboldt,023,135768,3175,3152,22,3174,30
2021-02-26,Imperial,025,180216,27258,26888,2435,29323,631
2021-02-26,Inyo,027,18085,1306,1271,9,1280,34
2021-02-26,Kern,029,883053,93488,91884,9717,101601,997
2021-02-26,Kings,031,150075,22260,21917,957,22874,216
2021-02-26,Lake,033,64148,3194,3153,6,3159,40
2021-02-26,Lassen,035,31185,5123,5102,95,5197,1
2021-02-26,Los Angeles,037,10098052,1173693,1153131,37984,1191115,21070
2021-02-26,Madera,039,155013,15644,15436,814,16250,199
2021-02-26,Marin,041,260295,4778,13091,159,13250,214
2021-02-26,Mariposa,043,17540,377,375,5,380,4
2021-02-26,Mendocino,045,87422,3638,3549,72,3621,41
2021-02-26,Merced,047,269075,28443,28455,911,29366,382
2021-02-26,Modoc,049,8938,338,330,113,443,3
2021-02-26,Mono,051,14174,1182,1191,16,1207,3
2021-02-26,Monterey,053,433212,41958,41607,1658,43265,322
2021-02-26,Napa,055,140530,9052,9014,30,9044,70
2021-02-26,Nevada,057,99092,4021,3952,159,4111,66
2021-02-26,Orange,059,3164182,247406,245278,10119,255397,3918
2021-02-26,Placer,061,380077,20594,19712,1100,20812,239
2021-02-26,Plumas,063,18699,643,628,10,638,4
2021-02-26,Riverside,065,2383286,285673,278772,13262,292034,3653
2021-02-26,Sacramento,067,1510023,94620,93180,1237,94417,1390
2021-02-26,San Benito,069,59416,5739,5759,88,5847,57
2021-02-26,San Bernardino,071,2135413,286068,281132,8474,289606,3461
2021-02-26,San Diego,073,3302833,264295,259641,12872,272513,3271
2021-02-26,San Francisco,075,870044,34221,34213,1052,35265,413
2021-02-26,San Joaquin,077,732212,66880,65492,2715,68207,1070
2021-02-26,San Luis Obispo,079,281455,19727,19359,549,19908,234
2021-02-26,San Mateo,081,765935,39521,38922,404,39326,313
2021-02-26,Santa Barbara,083,443738,32319,31724,1027,32751,410
2021-02-26,Santa Clara,085,1922200,110513,110168,572,110740,1700
2021-02-26,Santa Cruz,087,273765,15435,14528,765,15293,185
2021-02-26,Shasta,089,179085,10953,10972,1214,12186,149
2021-02-26,Sierra,091,2930,51,47,12,59,0
2021-02-26,Siskiyou,093,43540,1502,1401,229,1630,5
2021-02-26,Solano,095,438530,29878,29651,353,30004,165
2021-02-26,Sonoma,097,501317,28067,28063,209,28272,280
2021-02-26,Stanislaus,099,539301,50729,50054,5287,55341,737
2021-02-26,Sutter,101,95872,8831,8806,79,8885,99
2021-02-26,Tehama,103,63373,4603,4581,484,5065,32
2021-02-26,Trinity,105,12862,467,298,76,374,3
2021-02-26,Tulare,107,460477,48299,47135,7882,55017,770
2021-02-26,Tuolumne,109,53932,3846,3896,36,3932,53
2021-02-26,Ventura,111,848112,77945,77534,2747,80281,765
2021-02-26,Yolo,113,214977,12891,12816,149,12965,188
2021-02-26,Yuba,115,75493,5501,5438,86,5524,39
2021-02-25,Alameda,001,1643700,80872,80181,1691,81872,1093
2021-02-25,Alpine,002,1148,80,77,0,77,0
2021-02-25,Amador,005,37829,3465,3448,29,3477,41
2021-02-25,Butte,007,227075,11318,10922,1624,12546,178
2021-02-25,Calaveras,009,45235,1897,1868,11,1879,46
2021-02-25,Colusa,011,21464,1873,1863,262,2125,11
2021-02-25,Contra Costa,013,1133247,63151,61910,1055,62965,686
2021-02-25,Del Norte,015,27424,1006,966,5,971,5
2021-02-25,El Dorado,017,186661,9152,9012,604,9616,98
2021-02-25,Fresno,019,978130,96332,95015,7607,102622,1377
2021-02-25,Glenn,021,27897,2250,2219,488,2707,15
2021-02-25,Humboldt,023,135768,3168,3129,22,3151,30
2021-02-25,Imperial,025,180216,27251,26855,2431,29286,628
2021-02-25,Inyo,027,18085,1300,1264,9,1273,33
2021-02-25,Kern,029,883053,93372,91735,9692,101427,992
2021-02-25,Kings,031,150075,22251,21900,954,22854,216
2021-02-25,Lake,033,64148,3185,3141,6,3147,40
2021-02-25,Lassen,035,31185,5122,5097,94,5191,1
2021-02-25,Los Angeles,037,10098052,1172945,1151846,37927,1189773,20931
2021-02-25,Madera,039,155013,15609,15414,810,16224,194
2021-02-25,Marin,041,260295,4755,13067,159,13226,214
2021-02-25,Mariposa,043,17540,377,375,5,380,4
2021-02-25,Mendocino,045,87422,3633,3542,72,3614,41
2021-02-25,Merced,047,269075,28394,28383,909,29292,382
2021-02-25,Modoc,049,8938,338,329,113,442,3
2021-02-25,Mono,051,14174,1181,1190,16,1206,3
2021-02-25,Monterey,053,433212,41933,41564,1653,43217,321
2021-02-25,Napa,055,140530,9026,8998,30,9028,70
2021-02-25,Nevada,057,99092,4004,3940,158,4098,66
2021-02-25,Orange,059,3164182,247233,245000,10109,255109,3882
2021-02-25,Placer,061,380077,20555,19661,1098,20759,239
2021-02-25,Plumas,063,18699,643,626,10,636,4
2021-02-25,Riverside,065,2383286,285485,278544,13242,291786,3646
2021-02-25,Sacramento,067,1510023,94462,92961,1225,94186,1386
2021-02-25,San Benito,069,59416,5734,5752,88,5840,58
2021-02-25,San Bernardino,071,2135413,285933,280946,8466,289412,3409
2021-02-25,San Diego,073,3302833,264001,258979,12842,271821,3260
2021-02-25,San Francisco,075,870044,34178,34138,1050,35188,408
2021-02-25,San Joaquin,077,732212,66796,65389,2703,68092,1047
2021-02-25,San Luis Obispo,079,281455,19706,19335,547,19882,234
2021-02-25,San Mateo,081,765935,39474,38872,404,39276,300
2021-02-25,Santa Barbara,083,443738,32242,31631,1026,32657,408
2021-02-25,Santa Clara,085,1922200,110348,109923,571,110494,1677
2021-02-25,Santa Cruz,087,273765,15416,14492,764,15256,185
2021-02-25,Shasta,089,179085,10941,10947,1209,12156,148
2021-02-25,Sierra,091,2930,51,47,12,59,0
2021-02-25,Siskiyou,093,43540,1497,1390,226,1616,4
2021-02-25,Solano,095,438530,29846,29616,353,29969,161
2021-02-25,Sonoma,097,501317,28013,28004,206,28210,278
2021-02-25,Stanislaus,099,539301,50638,49964,5277,55241,738
2021-02-25,Sutter,101,95872,8817,8789,78,8867,99
2021-02-25,Tehama,103,63373,4600,4578,482,5060,32
2021-02-25,Trinity,105,12862,467,297,76,373,3
2021-02-25,Tulare,107,460477,48249,47052,7856,54908,765
2021-02-25,Tuolumne,109,53932,3843,3894,36,3930,53
2021-02-25,Ventura,111,848112,77837,77395,2741,80136,751
2021-02-25,Yolo,113,214977,12874,12787,149,12936,188
2021-02-25,Yuba,115,75493,5494,5429,86,5515,39
2021-02-24,Alameda,001,1643700,80752,80070,1687,81757,1082
2021-02-24,Alpine,002,1148,79,77,0,77,0
2021-02-24,Amador,005,37829,3460,3444,29,3473,41
2021-02-24,Butte,007,227075,11305,10915,1620,12535,178
2021-02-24,Calaveras,009,45235,1893,1864,11,1875,31
2021-02-24,Colusa,011,21464,1871,1863,262,2125,11
2021-02-24,Contra Costa,013,1133247,63043,61776,1055,62831,663
2021-02-24,Del Norte,015,27424,1005,960,4,964,5
2021-02-24,El Dorado,017,186661,9139,8993,604,9597,98
2021-02-24,Fresno,019,978130,96183,94794,7591,102385,1369
2021-02-24,Glenn,021,27897,2249,2210,488,2698,14
2021-02-24,Humboldt,023,135768,3156,3123,22,3145,29
2021-02-24,Imperial,025,180216,27238,26843,2426,29269,596
2021-02-24,Inyo,027,18085,1295,1253,9,1262,32
2021-02-24,Kern,029,883053,93239,91525,9676,101201,992
2021-02-24,Kings,031,150075,22226,21871,952,22823,216
2021-02-24,Lake,033,64148,3178,3134,6,3140,40
2021-02-24,Lassen,035,31185,5118,5095,93,5188,1
2021-02-24,Los Angeles,037,10098052,1172186,1150322,37888,1188210,20817
2021-02-24,Madera,039,155013,15582,15390,810,16200,194
2021-02-24,Marin,041,260295,4732,13044,158,13202,214
2021-02-24,Mariposa,043,17540,377,374,5,379,4
2021-02-24,Mendocino,045,87422,3626,3540,72,3612,41
2021-02-24,Merced,047,269075,28356,28295,905,29200,383
2021-02-24,Modoc,049,8938,337,329,113,442,3
2021-02-24,Mono,051,14174,1179,1189,16,1205,3
2021-02-24,Monterey,053,433212,41908,41495,1651,43146,320
2021-02-24,Napa,055,140530,9009,8976,30,9006,70
2021-02-24,Nevada,057,99092,3994,3927,158,4085,66
2021-02-24,Orange,059,3164182,247014,244743,10097,254840,3835
2021-02-24,Placer,061,380077,20516,19648,1092,20740,239
2021-02-24,Plumas,063,18699,641,626,10,636,4
2021-02-24,Riverside,065,2383286,285257,278293,13233,291526,3603
2021-02-24,Sacramento,067,1510023,94308,92742,1220,93962,1375
2021-02-24,San Benito,069,59416,5733,5743,88,5831,57
2021-02-24,San Bernardino,071,2135413,285781,280583,8462,289045,3360
2021-02-24,San Diego,073,3302833,263705,258460,12826,271286,3230
2021-02-24,San Francisco,075,870044,34132,34061,1047,35108,406
2021-02-24,San Joaquin,077,732212,66686,65274,2701,67975,1019
2021-02-24,San Luis Obispo,079,281455,19683,19309,545,19854,233
2021-02-24,San Mateo,081,765935,39437,38763,404,39167,300
2021-02-24,Santa Barbara,083,443738,32190,31563,1023,32586,405
2021-02-24,Santa Clara,085,1922200,110199,109671,570,110241,1674
2021-02-24,Santa Cruz,087,273765,15395,14458,764,15222,185
2021-02-24,Shasta,089,179085,10928,10922,1206,12128,148
2021-02-24,Sierra,091,2930,51,47,12,59,0
2021-02-24,Siskiyou,093,43540,1490,1385,222,1607,4
2021-02-24,Solano,095,438530,29808,29577,351,29928,158
2021-02-24,Sonoma,097,501317,27949,27954,202,28156,278
2021-02-24,Stanislaus,099,539301,50567,49851,5270,55121,732
2021-02-24,Sutter,101,95872,8807,8778,78,8856,99
2021-02-24,Tehama,103,63373,4597,4566,482,5048,31
2021-02-24,Trinity,105,12862,467,294,75,369,3
2021-02-24,Tulare,107,460477,48193,46976,7828,54804,759
2021-02-24,Tuolumne,109,53932,3840,3887,36,3923,53
2021-02-24,Ventura,111,848112,77729,77238,2740,79978,718
2021-02-24,Yolo,113,214977,12861,12760,149,12909,188
2021-02-24,Yuba,115,75493,5483,5425,84,5509,39
2021-02-23,Alameda,001,1643700,80613,79948,1685,81633,1070
2021-02-23,Alpine,002,1148,78,77,0,77,0
2021-02-23,Amador,005,37829,3458,3440,29,3469,41
2021-02-23,Butte,007,227075,11289,10887,1617,12504,176
2021-02-23,Calaveras,009,45235,1892,1863,11,1874,21
2021-02-23,Colusa,011,21464,1868,1862,262,2124,11
2021-02-23,Contra Costa,013,1133247,62909,61613,1052,62665,661
2021-02-23,Del Norte,015,27424,1003,953,4,957,3
2021-02-23,El Dorado,017,186661,9126,8969,604,9573,96
2021-02-23,Fresno,019,978130,96022,94741,7577,102318,1356
2021-02-23,Glenn,021,27897,2247,2209,488,2697,14
2021-02-23,Humboldt,023,135768,3139,3108,22,3130,29
2021-02-23,Imperial,025,180216,27218,26816,2421,29237,591
2021-02-23,Inyo,027,18085,1291,1250,9,1259,32
2021-02-23,Kern,029,883053,93100,91390,9648,101038,982
2021-02-23,Kings,031,150075,22211,21839,948,22787,216
2021-02-23,Lake,033,64148,3170,3121,6,3127,40
2021-02-23,Lassen,035,31185,5115,5092,93,5185,1
2021-02-23,Los Angeles,037,10098052,1171313,1148965,37836,1186801,19887
2021-02-23,Madera,039,155013,15568,15352,804,16156,193
2021-02-23,Marin,041,260295,4712,13015,157,13172,214
2021-02-23,Mariposa,043,17540,377,374,5,379,4
2021-02-23,Mendocino,045,87422,3624,3540,71,3611,41
2021-02-23,Merced,047,269075,28276,28209,898,29107,381
2021-02-23,Modoc,049,8938,336,328,112,440,3
2021-02-23,Mono,051,14174,1179,1189,16,1205,3
2021-02-23,Monterey,053,433212,41869,41439,1646,43085,317
2021-02-23,Napa,055,140530,8997,8967,30,8997,70
2021-02-23,Nevada,057,99092,3986,3912,158,4070,66
2021-02-23,Orange,059,3164182,246816,244566,10079,254645,3843
2021-02-23,Placer,061,380077,20491,19608,1088,20696,238
2021-02-23,Plumas,063,18699,640,626,10,636,4
2021-02-23,Riverside,065,2383286,285020,278075,13219,291294,3599
2021-02-23,Sacramento,067,1510023,94151,92632,1214,93846,1370
2021-02-23,San Benito,069,59416,5727,5731,87,5818,57
2021-02-23,San Bernardino,071,2135413,285593,280279,8457,288736,3283
2021-02-23,San Diego,073,3302833,263328,257802,12796,270598,3218
2021-02-23,San Francisco,075,870044,34083,33994,1046,35040,405
2021-02-23,San Joaquin,077,732212,66586,65141,2694,67835,1004
2021-02-23,San Luis Obispo,079,281455,19654,19233,544,19777,230
2021-02-23,San Mateo,081,765935,39376,38662,404,39066,299
2021-02-23,Santa Barbara,083,443738,32135,31483,1022,32505,402
2021-02-23,Santa Clara,085,1922200,110002,109449,567,110016,1661
2021-02-23,Santa Cruz,087,273765,15366,14435,762,15197,178
2021-02-23,Shasta,089,179085,10916,10903,1202,12105,146
2021-02-23,Sierra,091,2930,51,47,12,59,0
2021-02-23,Siskiyou,093,43540,1485,1380,220,1600,4
2021-02-23,Solano,095,438530,29768,29545,348,29893,154
2021-02-23,Sonoma,097,501317,27906,27882,199,28081,278
2021-02-23,Stanislaus,099,539301,50489,49749,5254,55003,722
2021-02-23,Sutter,101,95872,8794,8766,78,8844,98
2021-02-23,Tehama,103,63373,4591,4556,481,5037,30
2021-02-23,Trinity,105,12862,467,292,74,366,3
2021-02-23,Tulare,107,460477,48115,46937,7795,54732,757
2021-02-23,Tuolumne,109,53932,3836,3864,36,3900,53
2021-02-23,Ventura,111,848112,77613,77093,2731,79824,689
2021-02-23,Yolo,113,214977,12832,12729,149,12878,188
2021-02-23,Yuba,115,75493,5470,5417,83,5500,38
2021-02-22,Alameda,001,1643700,80462,79796,1681,81477,1062
2021-02-22,Alpine,002,1148,78,77,0,77,0
2021-02-22,Amador,005,37829,3453,3438,29,3467,39
2021-02-22,Butte,007,227075,11276,10855,1612,12467,176
2021-02-22,Calaveras,009,45235,1890,1862,11,1873,21
2021-02-22,Colusa,011,21464,1868,1860,262,2122,11
2021-02-22,Contra Costa,013,1133247,62781,61478,1051,62529,661
2021-02-22,Del Norte,015,27424,1002,948,4,952,3
2021-02-22,El Dorado,017,186661,9109,8940,604,9544,96
2021-02-22,Fresno,019,978130,95860,94584,7560,102144,1351
2021-02-22,Glenn,021,27897,2242,2207,486,2693,14
2021-02-22,Humboldt,023,135768,3127,3095,22,3117,29
2021-02-22,Imperial,025,180216,27196,26778,2414,29192,590
2021-02-22,Inyo,027,18085,1286,1248,9,1257,32
2021-02-22,Kern,029,883053,92983,91201,9626,100827,982
2021-02-22,Kings,031,150075,22188,21801,945,22746,214
2021-02-22,Lake,033,64148,3164,3107,6,3113,40
2021-02-22,Lassen,035,31185,5115,5088,92,5180,1
2021-02-22,Los Angeles,037,10098052,1170453,1147541,37780,1185321,19730
2021-02-22,Madera,039,155013,15543,15325,800,16125,193
2021-02-22,Marin,041,260295,4687,12991,154,13145,213
2021-02-22,Mariposa,043,17540,376,374,5,379,4
2021-02-22,Mendocino,045,87422,3618,3535,71,3606,41
2021-02-22,Merced,047,269075,28213,28166,895,29061,379
2021-02-22,Modoc,049,8938,336,329,112,441,3
2021-02-22,Mono,051,14174,1175,1189,16,1205,3
2021-02-22,Monterey,053,433212,41824,41397,1640,43037,311
2021-02-22,Napa,055,140530,8970,8950,30,8980,69
2021-02-22,Nevada,057,99092,3977,3900,156,4056,66
2021-02-22,Orange,059,3164182,246580,244118,10061,254179,3843
2021-02-22,Placer,061,380077,20454,19587,1080,20667,238
2021-02-22,Plumas,063,18699,640,625,10,635,4
2021-02-22,Riverside,065,2383286,284758,277730,13211,290941,3567
2021-02-22,Sacramento,067,1510023,93984,92476,1204,93680,1359
2021-02-22,San Benito,069,59416,5725,5723,87,5810,57
2021-02-22,San Bernardino,071,2135413,285417,279984,8444,288428,3259
2021-02-22,San Diego,073,3302833,262918,257348,12763,270111,3189
2021-02-22,San Francisco,075,870044,34023,33947,1041,34988,405
2021-02-22,San Joaquin,077,732212,66490,65060,2681,67741,1001
2021-02-22,San Luis Obispo,079,281455,19617,19198,542,19740,229
2021-02-22,San Mateo,081,765935,39319,38542,401,38943,282
2021-02-22,Santa Barbara,083,443738,32069,31421,1019,32440,399
2021-02-22,Santa Clara,085,1922200,109793,109213,556,109769,1655
2021-02-22,Santa Cruz,087,273765,15340,14417,762,15179,176
2021-02-22,Shasta,089,179085,10901,10872,1197,12069,145
2021-02-22,Sierra,091,2930,51,47,12,59,0
2021-02-22,Siskiyou,093,43540,1479,1373,219,1592,4
2021-02-22,Solano,095,438530,29729,29508,347,29855,150
2021-02-22,Sonoma,097,501317,27861,27845,198,28043,278
2021-02-22,Stanislaus,099,539301,50387,49630,5236,54866,722
2021-02-22,Sutter,101,95872,8786,8698,78,8776,98
2021-02-22,Tehama,103,63373,4588,4550,480,5030,30
2021-02-22,Trinity,105,12862,467,287,73,360,3
2021-02-22,Tulare,107,460477,48053,46879,7763,54642,751
2021-02-22,Tuolumne,109,53932,3832,3856,36,3892,53
2021-02-22,Ventura,111,848112,77485,76947,2726,79673,677
2021-02-22,Yolo,113,214977,12805,12689,149,12838,183
2021-02-22,Yuba,115,75493,5467,5404,82,5486,38
2021-02-21,Alameda,001,1643700,80268,79649,1677,81326,1061
2021-02-21,Alpine,002,1148,78,77,0,77,0
2021-02-21,Amador,005,37829,3445,3435,29,3464,39
2021-02-21,Butte,007,227075,11258,10855,1610,12465,176
2021-02-21,Calaveras,009,45235,1889,1860,11,1871,21
2021-02-21,Colusa,011,21464,1867,1860,258,2118,11
2021-02-21,Contra Costa,013,1133247,62626,61364,1048,62412,661
2021-02-21,Del Norte,015,27424,996,942,4,946,3
2021-02-21,El Dorado,017,186661,9091,8927,603,9530,96
2021-02-21,Fresno,019,978130,95717,94374,7544,101918,1349
2021-02-21,Glenn,021,27897,2240,2201,484,2685,14
2021-02-21,Humboldt,023,135768,3115,3096,22,3118,29
2021-02-21,Imperial,025,180216,27182,26779,2412,29191,590
2021-02-21,Inyo,027,18085,1280,1232,9,1241,32
2021-02-21,Kern,029,883053,92858,91141,9588,100729,980
2021-02-21,Kings,031,150075,22152,21784,943,22727,213
2021-02-21,Lake,033,64148,3156,3100,6,3106,40
2021-02-21,Lassen,035,31185,5107,5077,92,5169,1
2021-02-21,Los Angeles,037,10098052,1169411,1146756,37736,1184492,19711
2021-02-21,Madera,039,155013,15510,15298,797,16095,192
2021-02-21,Marin,041,260295,4658,12968,154,13122,212
2021-02-21,Mariposa,043,17540,376,373,5,378,4
2021-02-21,Mendocino,045,87422,3613,3535,71,3606,41
2021-02-21,Merced,047,269075,28139,28106,880,28986,379
2021-02-21,Modoc,049,8938,333,329,112,441,3
2021-02-21,Mono,051,14174,1175,1189,16,1205,3
2021-02-21,Monterey,053,433212,41768,41373,1633,43006,309
2021-02-21,Napa,055,140530,8956,8929,30,8959,69
2021-02-21,Nevada,057,99092,3964,3895,156,4051,66
2021-02-21,Orange,059,3164182,246284,243985,10044,254029,3801
2021-02-21,Placer,061,380077,20418,19553,1076,20629,238
2021-02-21,Plumas,063,18699,640,625,10,635,4
2021-02-21,Riverside,065,2383286,284525,277555,13198,290753,3564
2021-02-21,Sacramento,067,1510023,93774,92288,1194,93482,1354
2021-02-21,San Benito,069,59416,5715,5716,84,5800,57
2021-02-21,San Bernardino,071,2135413,285193,279870,8430,288300,3247
2021-02-21,San Diego,073,3302833,262484,257027,12717,269744,3190
2021-02-21,San Francisco,075,870044,33959,33891,1037,34928,405
2021-02-21,San Joaquin,077,732212,66351,64997,2669,67666,1001
2021-02-21,San Luis Obispo,079,281455,19584,19178,540,19718,229
2021-02-21,San Mateo,081,765935,39257,38448,397,38845,282
2021-02-21,Santa Barbara,083,443738,32007,31374,1016,32390,399
2021-02-21,Santa Clara,085,1922200,109569,108992,548,109540,1654
2021-02-21,Santa Cruz,087,273765,15317,14401,761,15162,176
2021-02-21,Shasta,089,179085,10887,10867,1192,12059,145
2021-02-21,Sierra,091,2930,51,47,12,59,0
2021-02-21,Siskiyou,093,43540,1473,1371,219,1590,4
2021-02-21,Solano,095,438530,29674,29471,346,29817,150
2021-02-21,Sonoma,097,501317,27797,27793,191,27984,278
2021-02-21,Stanislaus,099,539301,50274,49527,5222,54749,726
2021-02-21,Sutter,101,95872,8769,8687,77,8764,97
2021-02-21,Tehama,103,63373,4579,4547,480,5027,30
2021-02-21,Trinity,105,12862,465,286,73,359,3
2021-02-21,Tulare,107,460477,47985,46830,7728,54558,749
2021-02-21,Tuolumne,109,53932,3818,3828,36,3864,53
2021-02-21,Ventura,111,848112,77336,76862,2713,79575,677
2021-02-21,Yolo,113,214977,12774,12670,148,12818,183
2021-02-21,Yuba,115,75493,5460,5396,81,5477,38
2021-02-20,Alameda,001,1643700,80177,79496,1672,81168,1055
2021-02-20,Alpine,002,1148,78,77,0,77,0
2021-02-20,Amador,005,37829,3443,3432,29,3461,39
2021-02-20,Butte,007,227075,11250,10838,1609,12447,176
2021-02-20,Calaveras,009,45235,1888,1858,11,1869,21
2021-02-20,Colusa,011,21464,1866,1858,258,2116,11
2021-02-20,Contra Costa,013,1133247,62542,61205,1046,62251,663
2021-02-20,Del Norte,015,27424,992,937,4,941,3
2021-02-20,El Dorado,017,186661,9081,8911,602,9513,96
2021-02-20,Fresno,019,978130,95634,94234,7524,101758,1341
2021-02-20,Glenn,021,27897,2236,2199,483,2682,14
2021-02-20,Humboldt,023,135768,3107,3073,22,3095,29
2021-02-20,Imperial,025,180216,27172,26771,2412,29183,590
2021-02-20,Inyo,027,18085,1276,1226,9,1235,32
2021-02-20,Kern,029,883053,92787,91025,9556,100581,968
2021-02-20,Kings,031,150075,22134,21773,942,22715,212
2021-02-20,Lake,033,64148,3149,3089,6,3095,40
2021-02-20,Lassen,035,31185,5105,5067,92,5159,1
2021-02-20,Los Angeles,037,10098052,1168841,1145594,37696,1183290,19630
2021-02-20,Madera,039,155013,15490,15274,796,16070,191
2021-02-20,Marin,041,260295,4637,12945,152,13097,211
2021-02-20,Mariposa,043,17540,376,372,5,377,4
2021-02-20,Mendocino,045,87422,3611,3533,71,3604,40
2021-02-20,Merced,047,269075,28096,28066,877,28943,379
2021-02-20,Modoc,049,8938,333,328,112,440,3
2021-02-20,Mono,051,14174,1174,1187,16,1203,3
2021-02-20,Monterey,053,433212,41746,41313,1631,42944,309
2021-02-20,Napa,055,140530,8947,8910,30,8940,69
2021-02-20,Nevada,057,99092,3954,3887,155,4042,66
2021-02-20,Orange,059,3164182,246114,243761,10029,253790,3755
2021-02-20,Placer,061,380077,20377,19509,1072,20581,236
2021-02-20,Plumas,063,18699,640,626,10,636,4
2021-02-20,Riverside,065,2383286,284371,277267,13189,290456,3559
2021-02-20,Sacramento,067,1510023,93651,92057,1192,93249,1352
2021-02-20,San Benito,069,59416,5704,5709,84,5793,57
2021-02-20,San Bernardino,071,2135413,285091,279608,8425,288033,3203
2021-02-20,San Diego,073,3302833,262242,256510,12688,269198,3188
2021-02-20,San Francisco,075,870044,33917,33820,1029,34849,399
2021-02-20,San Joaquin,077,732212,66281,64916,2664,67580,1001
2021-02-20,San Luis Obispo,079,281455,19560,19138,539,19677,229
2021-02-20,San Mateo,081,765935,39213,38371,396,38767,282
2021-02-20,Santa Barbara,083,443738,31973,31289,1015,32304,396
2021-02-20,Santa Clara,085,1922200,109391,108728,545,109273,1649
2021-02-20,Santa Cruz,087,273765,15306,14378,759,15137,176
2021-02-20,Shasta,089,179085,10873,10850,1187,12037,146
2021-02-20,Sierra,091,2930,51,47,12,59,0
2021-02-20,Siskiyou,093,43540,1470,1366,219,1585,4
2021-02-20,Solano,095,438530,29660,29440,344,29784,150
2021-02-20,Sonoma,097,501317,27768,27703,189,27892,278
2021-02-20,Stanislaus,099,539301,50223,49445,5208,54653,733
2021-02-20,Sutter,101,95872,8763,8681,77,8758,97
2021-02-20,Tehama,103,63373,4574,4545,480,5025,30
2021-02-20,Trinity,105,12862,464,285,72,357,3
2021-02-20,Tulare,107,460477,47949,46769,7706,54475,739
2021-02-20,Tuolumne,109,53932,3813,3823,36,3859,53
2021-02-20,Ventura,111,848112,77241,76757,2710,79467,671
2021-02-20,Yolo,113,214977,12760,12639,148,12787,183
2021-02-20,Yuba,115,75493,5457,5386,81,5467,38
2021-02-19,Alameda,001,1643700,80077,79318,1668,80986,1047
2021-02-19,Alpine,002,1148,78,77,0,77,0
2021-02-19,Amador,005,37829,3439,3427,29,3456,39
2021-02-19,Butte,007,227075,11236,10823,1602,12425,176
2021-02-19,Calaveras,009,45235,1888,1856,11,1867,21
2021-02-19,Colusa,011,21464,1866,1858,258,2116,11
2021-02-19,Contra Costa,013,1133247,62430,61017,1043,62060,651
2021-02-19,Del Norte,015,27424,987,932,4,936,2
2021-02-19,El Dorado,017,186661,9072,8882,601,9483,96
2021-02-19,Fresno,019,978130,95504,93973,7508,101481,1330
2021-02-19,Glenn,021,27897,2231,2199,482,2681,14
2021-02-19,Humboldt,023,135768,3095,3037,22,3059,29
2021-02-19,Imperial,025,180216,27166,26751,2409,29160,589
2021-02-19,Inyo,027,18085,1271,1212,9,1221,32
2021-02-19,Kern,029,883053,92718,90807,9516,100323,963
2021-02-19,Kings,031,150075,22120,21724,940,22664,211
2021-02-19,Lake,033,64148,3143,3078,6,3084,40
2021-02-19,Lassen,035,31185,5104,5057,92,5149,1
2021-02-19,Los Angeles,037,10098052,1168090,1143828,37656,1181484,19498
2021-02-19,Madera,039,155013,15473,15222,794,16016,188
2021-02-19,Marin,041,260295,4619,12919,151,13070,210
2021-02-19,Mariposa,043,17540,376,371,5,376,4
2021-02-19,Mendocino,045,87422,3609,3526,71,3597,39
2021-02-19,Merced,047,269075,28066,27985,874,28859,376
2021-02-19,Modoc,049,8938,333,328,112,440,3
2021-02-19,Mono,051,14174,1174,1186,16,1202,3
2021-02-19,Monterey,053,433212,41719,41209,1627,42836,309
2021-02-19,Napa,055,140530,8934,8899,30,8929,69
2021-02-19,Nevada,057,99092,3948,3863,155,4018,66
2021-02-19,Orange,059,3164182,245938,243397,10017,253414,3715
2021-02-19,Placer,061,380077,20355,19457,1072,20529,236
2021-02-19,Plumas,063,18699,638,624,10,634,4
2021-02-19,Riverside,065,2383286,284202,276941,13172,290113,3541
2021-02-19,Sacramento,067,1510023,93531,91815,1188,93003,1351
2021-02-19,San Benito,069,59416,5699,5699,84,5783,57
2021-02-19,San Bernardino,071,2135413,284955,279209,8420,287629,3117
2021-02-19,San Diego,073,3302833,261951,255799,12665,268464,3169
2021-02-19,San Francisco,075,870044,33869,33746,1023,34769,387
2021-02-19,San Joaquin,077,732212,66205,64774,2656,67430,988
2021-02-19,San Luis Obispo,079,281455,19529,19061,537,19598,230
2021-02-19,San Mateo,081,765935,39155,38256,394,38650,282
2021-02-19,Santa Barbara,083,443738,31909,31204,1014,32218,392
2021-02-19,Santa Clara,085,1922200,109179,108400,543,108943,1634
2021-02-19,Santa Cruz,087,273765,15291,14354,759,15113,176
2021-02-19,Shasta,089,179085,10862,10833,1184,12017,140
2021-02-19,Sierra,091,2930,51,47,12,59,0
2021-02-19,Siskiyou,093,43540,1466,1363,217,1580,4
2021-02-19,Solano,095,438530,29635,29383,343,29726,150
2021-02-19,Sonoma,097,501317,27721,27595,187,27782,280
2021-02-19,Stanislaus,099,539301,50161,49282,5192,54474,739
2021-02-19,Sutter,101,95872,8753,8665,77,8742,96
2021-02-19,Tehama,103,63373,4572,4535,480,5015,30
2021-02-19,Trinity,105,12862,462,282,70,352,3
2021-02-19,Tulare,107,460477,47904,46662,7681,54343,736
2021-02-19,Tuolumne,109,53932,3806,3817,36,3853,52
2021-02-19,Ventura,111,848112,77162,76582,2707,79289,667
2021-02-19,Yolo,113,214977,12744,12606,148,12754,183
2021-02-19,Yuba,115,75493,5447,5376,81,5457,38
2021-02-18,Alameda,001,1643700,79943,79111,1661,80772,1012
2021-02-18,Alpine,002,1148,78,77,0,77,0
2021-02-18,Amador,005,37829,3435,3417,28,3445,38
2021-02-18,Butte,007,227075,11219,10791,1600,12391,175
2021-02-18,Calaveras,009,45235,1883,1873,11,1884,21
2021-02-18,Colusa,011,21464,1864,1856,256,2112,11
2021-02-18,Contra Costa,013,1133247,62316,60868,1041,61909,640
2021-02-18,Del Norte,015,27424,982,929,4,933,2
2021-02-18,El Dorado,017,186661,9057,8850,600,9450,94
2021-02-18,Fresno,019,978130,95334,93734,7483,101217,1323
2021-02-18,Glenn,021,27897,2225,2195,482,2677,14
2021-02-18,Humboldt,023,135768,3083,3023,22,3045,29
2021-02-18,Imperial,025,180216,27140,26731,2402,29133,591
2021-02-18,Inyo,027,18085,1267,1213,8,1221,32
2021-02-18,Kern,029,883053,92565,90655,9486,100141,961
2021-02-18,Kings,031,150075,22096,21648,939,22587,211
2021-02-18,Lake,033,64148,3138,3066,6,3072,40
2021-02-18,Lassen,035,31185,5095,5052,92,5144,1
2021-02-18,Los Angeles,037,10098052,1167139,1141930,37593,1179523,19358
2021-02-18,Madera,039,155013,15451,15175,789,15964,188
2021-02-18,Marin,041,260295,4606,12895,150,13045,209
2021-02-18,Mariposa,043,17540,375,369,5,374,4
2021-02-18,Mendocino,045,87422,3606,3519,70,3589,39
2021-02-18,Merced,047,269075,28017,27870,868,28738,372
2021-02-18,Modoc,049,8938,331,327,111,438,3
2021-02-18,Mono,051,14174,1174,1182,16,1198,3
2021-02-18,Monterey,053,433212,41661,41091,1618,42709,307
2021-02-18,Napa,055,140530,8917,8877,30,8907,68
2021-02-18,Nevada,057,99092,3939,3836,154,3990,66
2021-02-18,Orange,059,3164182,245715,243098,10000,253098,3673
2021-02-18,Placer,061,380077,20328,19429,1071,20500,232
2021-02-18,Plumas,063,18699,638,624,10,634,4
2021-02-18,Riverside,065,2383286,283914,276595,13151,289746,3510
2021-02-18,Sacramento,067,1510023,93369,91476,1182,92658,1334
2021-02-18,San Benito,069,59416,5696,5697,83,5780,58
2021-02-18,San Bernardino,071,2135413,284746,278887,8406,287293,3066
2021-02-18,San Diego,073,3302833,261596,254987,12642,267629,3135
2021-02-18,San Francisco,075,870044,33811,33650,1020,34670,386
2021-02-18,San Joaquin,077,732212,66122,64634,2646,67280,982
2021-02-18,San Luis Obispo,079,281455,19487,18987,534,19521,230
2021-02-18,San Mateo,081,765935,39093,38185,390,38575,282
2021-02-18,Santa Barbara,083,443738,31831,31054,1007,32061,387
2021-02-18,Santa Clara,085,1922200,108954,108210,540,108750,1605
2021-02-18,Santa Cruz,087,273765,15265,14314,759,15073,176
2021-02-18,Shasta,089,179085,10844,10811,1181,11992,139
2021-02-18,Sierra,091,2930,50,47,12,59,0
2021-02-18,Siskiyou,093,43540,1461,1359,216,1575,4
2021-02-18,Solano,095,438530,29609,29349,342,29691,150
2021-02-18,Sonoma,097,501317,27654,27512,186,27698,281
2021-02-18,Stanislaus,099,539301,50061,49150,5175,54325,738
2021-02-18,Sutter,101,95872,8745,8654,77,8731,96
2021-02-18,Tehama,103,63373,4569,4528,480,5008,30
2021-02-18,Trinity,105,12862,461,282,70,352,3
2021-02-18,Tulare,107,460477,47841,46591,7642,54233,728
2021-02-18,Tuolumne,109,53932,3769,3811,36,3847,52
2021-02-18,Ventura,111,848112,77030,76442,2699,79141,659
2021-02-18,Yolo,113,214977,12718,12549,148,12697,183
2021-02-18,Yuba,115,75493,5430,5358,81,5439,38
2021-02-17,Alameda,001,1643700,79781,78895,1659,80554,1002
2021-02-17,Alpine,002,1148,78,77,0,77,0
2021-02-17,Amador,005,37829,3431,3415,28,3443,38
2021-02-17,Butte,007,227075,11201,10770,1596,12366,174
2021-02-17,Calaveras,009,45235,1883,1876,11,1887,21
2021-02-17,Colusa,011,21464,1861,1854,256,2110,10
2021-02-17,Contra Costa,013,1133247,62178,60723,1038,61761,635
2021-02-17,Del Norte,015,27424,975,920,4,924,2
2021-02-17,El Dorado,017,186661,9046,8847,600,9447,94
2021-02-17,Fresno,019,978130,95195,93555,7456,101011,1307
2021-02-17,Glenn,021,27897,2224,2189,481,2670,14
2021-02-17,Humboldt,023,135768,3068,3006,22,3028,29
2021-02-17,Imperial,025,180216,27126,26726,2398,29124,580
2021-02-17,Inyo,027,18085,1259,1197,8,1205,32
2021-02-17,Kern,029,883053,92447,90454,9442,99896,962
2021-02-17,Kings,031,150075,22058,21617,935,22552,211
2021-02-17,Lake,033,64148,3128,3057,2,3059,38
2021-02-17,Lassen,035,31185,5090,5052,91,5143,1
2021-02-17,Los Angeles,037,10098052,1166084,1139786,37532,1177318,19213
2021-02-17,Madera,039,155013,15426,15135,780,15915,177
2021-02-17,Marin,041,260295,4581,12881,150,13031,207
2021-02-17,Mariposa,043,17540,375,368,4,372,4
2021-02-17,Mendocino,045,87422,3604,3494,69,3563,39
2021-02-17,Merced,047,269075,27962,27824,859,28683,372
2021-02-17,Modoc,049,8938,331,327,111,438,3
2021-02-17,Mono,051,14174,1174,1180,16,1196,3
2021-02-17,Monterey,053,433212,41606,41014,1607,42621,304
2021-02-17,Napa,055,140530,8903,8865,30,8895,68
2021-02-17,Nevada,057,99092,3920,3822,151,3973,52
2021-02-17,Orange,059,3164182,245454,242716,9967,252683,3626
2021-02-17,Placer,061,380077,20294,19405,1067,20472,230
2021-02-17,Plumas,063,18699,637,623,10,633,4
2021-02-17,Riverside,065,2383286,283626,276289,13130,289419,3491
2021-02-17,Sacramento,067,1510023,93210,91309,1175,92484,1326
2021-02-17,San Benito,069,59416,5690,5661,83,5744,57
2021-02-17,San Bernardino,071,2135413,284543,278461,8386,286847,3020
2021-02-17,San Diego,073,3302833,261218,254177,12621,266798,3099
2021-02-17,San Francisco,075,870044,33735,33558,1015,34573,379
2021-02-17,San Joaquin,077,732212,66016,64556,2640,67196,979
2021-02-17,San Luis Obispo,079,281455,19442,18964,534,19498,230
2021-02-17,San Mateo,081,765935,39029,38124,390,38514,282
2021-02-17,Santa Barbara,083,443738,31763,30927,1006,31933,384
2021-02-17,Santa Clara,085,1922200,108722,107949,538,108487,1592
2021-02-17,Santa Cruz,087,273765,15232,14268,756,15024,174
2021-02-17,Shasta,089,179085,10824,10770,1180,11950,139
2021-02-17,Sierra,091,2930,50,47,12,59,0
2021-02-17,Siskiyou,093,43540,1455,1352,213,1565,4
2021-02-17,Solano,095,438530,29552,29288,342,29630,149
2021-02-17,Sonoma,097,501317,27582,27408,181,27589,281
2021-02-17,Stanislaus,099,539301,49948,49050,5159,54209,730
2021-02-17,Sutter,101,95872,8735,8681,77,8758,95
2021-02-17,Tehama,103,63373,4566,4511,480,4991,30
2021-02-17,Trinity,105,12862,461,277,68,345,3
2021-02-17,Tulare,107,460477,47775,46495,7617,54112,726
2021-02-17,Tuolumne,109,53932,3760,3806,36,3842,49
2021-02-17,Ventura,111,848112,76908,76234,2693,78927,646
2021-02-17,Yolo,113,214977,12699,12506,146,12652,182
2021-02-17,Yuba,115,75493,5421,5345,81,5426,38
2021-02-16,Alameda,001,1643700,79612,78756,1656,80412,997
2021-02-16,Alpine,002,1148,78,76,0,76,0
2021-02-16,Amador,005,37829,3424,3413,28,3441,39
2021-02-16,Butte,007,227075,11177,10748,1593,12341,164
2021-02-16,Calaveras,009,45235,1881,1872,11,1883,21
2021-02-16,Colusa,011,21464,1858,1852,254,2106,10
2021-02-16,Contra Costa,013,1133247,62027,60564,1033,61597,631
2021-02-16,Del Norte,015,27424,967,913,4,917,2
2021-02-16,El Dorado,017,186661,9036,8836,598,9434,94
2021-02-16,Fresno,019,978130,95029,93363,7426,100789,1293
2021-02-16,Glenn,021,27897,2220,2189,477,2666,14
2021-02-16,Humboldt,023,135768,3045,2994,21,3015,29
2021-02-16,Imperial,025,180216,27113,26711,2394,29105,580
2021-02-16,Inyo,027,18085,1251,1191,8,1199,32
2021-02-16,Kern,029,883053,92315,90267,9412,99679,959
2021-02-16,Kings,031,150075,22012,21583,931,22514,206
2021-02-16,Lake,033,64148,3121,3041,2,3043,38
2021-02-16,Lassen,035,31185,5078,5047,91,5138,1
2021-02-16,Los Angeles,037,10098052,1164830,1138262,37472,1175734,19044
2021-02-16,Madera,039,155013,15388,15120,775,15895,172
2021-02-16,Marin,041,260295,4553,12832,150,12982,205
2021-02-16,Mariposa,043,17540,375,367,4,371,4
2021-02-16,Mendocino,045,87422,3600,3489,69,3558,39
2021-02-16,Merced,047,269075,27881,27724,853,28577,368
2021-02-16,Modoc,049,8938,331,326,111,437,3
2021-02-16,Mono,051,14174,1174,1180,16,1196,3
2021-02-16,Monterey,053,433212,41530,40962,1598,42560,303
2021-02-16,Napa,055,140530,8890,8854,30,8884,66
2021-02-16,Nevada,057,99092,3907,3774,150,3924,47
2021-02-16,Orange,059,3164182,245133,242382,9951,252333,3612
2021-02-16,Placer,061,380077,20261,19367,1064,20431,230
2021-02-16,Plumas,063,18699,637,619,10,629,4
2021-02-16,Riverside,065,2383286,283319,275954,13108,289062,3471
2021-02-16,Sacramento,067,1510023,92956,91246,1169,92415,1305
2021-02-16,San Benito,069,59416,5682,5659,82,5741,56
2021-02-16,San Bernardino,071,2135413,284320,277947,8377,286324,2978
2021-02-16,San Diego,073,3302833,260753,253638,12582,266220,3042
2021-02-16,San Francisco,075,870044,33663,33491,1010,34501,373
2021-02-16,San Joaquin,077,732212,65886,64448,2637,67085,979
2021-02-16,San Luis Obispo,079,281455,19397,18925,531,19456,229
2021-02-16,San Mateo,081,765935,38970,38041,388,38429,277
2021-02-16,Santa Barbara,083,443738,31689,30865,1003,31868,378
2021-02-16,Santa Clara,085,1922200,108470,107754,535,108289,1591
2021-02-16,Santa Cruz,087,273765,15212,14256,755,15011,174
2021-02-16,Shasta,089,179085,10809,10736,1178,11914,139
2021-02-16,Sierra,091,2930,50,47,12,59,0
2021-02-16,Siskiyou,093,43540,1451,1351,213,1564,4
2021-02-16,Solano,095,438530,29514,29246,341,29587,148
2021-02-16,Sonoma,097,501317,27523,27380,175,27555,279
2021-02-16,Stanislaus,099,539301,49824,48927,5145,54072,716
2021-02-16,Sutter,101,95872,8712,8671,77,8748,95
2021-02-16,Tehama,103,63373,4557,4501,478,4979,30
2021-02-16,Trinity,105,12862,457,275,68,343,3
2021-02-16,Tulare,107,460477,47711,46444,7574,54018,716
2021-02-16,Tuolumne,109,53932,3758,3796,36,3832,49
2021-02-16,Ventura,111,848112,76766,76043,2690,78733,631
2021-02-16,Yolo,113,214977,12670,12457,146,12603,175
2021-02-16,Yuba,115,75493,5414,5332,80,5412,38
2021-02-15,Alameda,001,1643700,79415,78647,1645,80292,996
2021-02-15,Alpine,002,1148,78,76,0,76,0
2021-02-15,Amador,005,37829,3420,3409,28,3437,39
2021-02-15,Butte,007,227075,11159,10723,1589,12312,155
2021-02-15,Calaveras,009,45235,1877,1871,11,1882,21
2021-02-15,Colusa,011,21464,1858,1849,250,2099,10
2021-02-15,Contra Costa,013,1133247,61856,60444,1028,61472,631
2021-02-15,Del Norte,015,27424,963,913,4,917,2
2021-02-15,El Dorado,017,186661,9019,8816,598,9414,94
2021-02-15,Fresno,019,978130,94831,93231,7387,100618,1288
2021-02-15,Glenn,021,27897,2218,2185,476,2661,14
2021-02-15,Humboldt,023,135768,3038,2997,21,3018,29
2021-02-15,Imperial,025,180216,27093,26700,2391,29091,580
2021-02-15,Inyo,027,18085,1232,1184,8,1192,32
2021-02-15,Kern,029,883053,92170,90181,9381,99562,959
2021-02-15,Kings,031,150075,21967,21574,926,22500,205
2021-02-15,Lake,033,64148,3107,3030,1,3031,38
2021-02-15,Lassen,035,31185,5076,5047,90,5137,1
2021-02-15,Los Angeles,037,10098052,1163443,1137164,37412,1174576,18925
2021-02-15,Madera,039,155013,15357,15108,773,15881,106
2021-02-15,Marin,041,260295,4532,12810,147,12957,203
2021-02-15,Mariposa,043,17540,373,367,4,371,4
2021-02-15,Mendocino,045,87422,3588,3481,69,3550,39
2021-02-15,Merced,047,269075,27807,27656,846,28502,368
2021-02-15,Modoc,049,8938,331,326,111,437,3
2021-02-15,Mono,051,14174,1171,1178,16,1194,3
2021-02-15,Monterey,053,433212,41466,40911,1586,42497,302
2021-02-15,Napa,055,140530,8876,8837,30,8867,57
2021-02-15,Nevada,057,99092,3890,3767,149,3916,47
2021-02-15,Orange,059,3164182,244814,242176,9922,252098,3586
2021-02-15,Placer,061,380077,20235,19361,1063,20424,230
2021-02-15,Plumas,063,18699,637,620,10,630,4
2021-02-15,Riverside,065,2383286,282966,275771,13089,288860,3468
2021-02-15,Sacramento,067,1510023,92629,91091,1164,92255,1304
2021-02-15,San Benito,069,59416,5676,5649,82,5731,56
2021-02-15,San Bernardino,071,2135413,284069,277869,8369,286238,2945
2021-02-15,San Diego,073,3302833,260240,252940,12551,265491,3037
2021-02-15,San Francisco,075,870044,33590,33454,1004,34458,373
2021-02-15,San Joaquin,077,732212,65721,64382,2630,67012,979
2021-02-15,San Luis Obispo,079,281455,19344,18891,529,19420,227
2021-02-15,San Mateo,081,765935,38891,37969,385,38354,277
2021-02-15,Santa Barbara,083,443738,31586,30810,1000,31810,378
2021-02-15,Santa Clara,085,1922200,108240,107630,533,108163,1588
2021-02-15,Santa Cruz,087,273765,15180,14239,752,14991,175
2021-02-15,Shasta,089,179085,10789,10730,1173,11903,139
2021-02-15,Sierra,091,2930,50,47,12,59,0
2021-02-15,Siskiyou,093,43540,1443,1345,212,1557,4
2021-02-15,Solano,095,438530,29459,29225,341,29566,148
2021-02-15,Sonoma,097,501317,27439,27359,171,27530,276
2021-02-15,Stanislaus,099,539301,49697,48808,5132,53940,716
2021-02-15,Sutter,101,95872,8697,8652,77,8729,95
2021-02-15,Tehama,103,63373,4548,4492,477,4969,30
2021-02-15,Trinity,105,12862,456,274,68,342,3
2021-02-15,Tulare,107,460477,47640,46344,7535,53879,715
2021-02-15,Tuolumne,109,53932,3748,3794,36,3830,49
2021-02-15,Ventura,111,848112,76611,75889,2687,78576,629
2021-02-15,Yolo,113,214977,12634,12412,145,12557,175
2021-02-15,Yuba,115,75493,5397,5320,79,5399,38
2021-02-14,Alameda,001,1643700,79263,78442,1644,80086,995
2021-02-14,Alpine,002,1148,78,76,0,76,0
2021-02-14,Amador,005,37829,3415,3398,28,3426,39
2021-02-14,Butte,007,227075,11135,10717,1586,12303,155
2021-02-14,Calaveras,009,45235,1873,1866,11,1877,21
2021-02-14,Colusa,011,21464,1854,1845,247,2092,10
2021-02-14,Contra Costa,013,1133247,61705,60272,1025,61297,631
2021-02-14,Del Norte,015,27424,959,911,4,915,2
2021-02-14,El Dorado,017,186661,8987,8790,597,9387,94
2021-02-14,Fresno,019,978130,94660,93065,7364,100429,1287
2021-02-14,Glenn,021,27897,2215,2184,476,2660,14
2021-02-14,Humboldt,023,135768,3025,2992,21,3013,29
2021-02-14,Imperial,025,180216,27086,26696,2390,29086,580
2021-02-14,Inyo,027,18085,1226,1177,8,1185,32
2021-02-14,Kern,029,883053,92010,90038,9328,99366,959
2021-02-14,Kings,031,150075,21941,21538,924,22462,205
2021-02-14,Lake,033,64148,3096,3030,1,3031,38
2021-02-14,Lassen,035,31185,5072,5037,90,5127,1
2021-02-14,Los Angeles,037,10098052,1162097,1135450,37332,1172782,18898
2021-02-14,Madera,039,155013,15325,15089,769,15858,106
2021-02-14,Marin,041,260295,4508,12784,147,12931,201
2021-02-14,Mariposa,043,17540,373,365,4,369,4
2021-02-14,Mendocino,045,87422,3582,3475,69,3544,39
2021-02-14,Merced,047,269075,27725,27601,841,28442,368
2021-02-14,Modoc,049,8938,331,326,111,437,3
2021-02-14,Mono,051,14174,1170,1180,16,1196,3
2021-02-14,Monterey,053,433212,41415,40842,1581,42423,302
2021-02-14,Napa,055,140530,8856,8826,30,8856,57
2021-02-14,Nevada,057,99092,3874,3761,149,3910,47
2021-02-14,Orange,059,3164182,244505,241859,9904,251763,3564
2021-02-14,Placer,061,380077,20196,19313,1058,20371,230
2021-02-14,Plumas,063,18699,636,620,10,630,4
2021-02-14,Riverside,065,2383286,282635,275518,13070,288588,3471
2021-02-14,Sacramento,067,1510023,92422,90856,1160,92016,1304
2021-02-14,San Benito,069,59416,5667,5641,81,5722,56
2021-02-14,San Bernardino,071,2135413,283763,277664,8349,286013,2929
2021-02-14,San Diego,073,3302833,259748,252247,12504,264751,3037
2021-02-14,San Francisco,075,870044,33516,33374,996,34370,372
2021-02-14,San Joaquin,077,732212,65623,64243,2616,66859,979
2021-02-14,San Luis Obispo,079,281455,19306,18868,526,19394,225
2021-02-14,San Mateo,081,765935,38806,37859,385,38244,277
2021-02-14,Santa Barbara,083,443738,31494,30744,996,31740,377
2021-02-14,Santa Clara,085,1922200,108041,107412,529,107941,1582
2021-02-14,Santa Cruz,087,273765,15152,14225,747,14972,175
2021-02-14,Shasta,089,179085,10757,10720,1169,11889,139
2021-02-14,Sierra,091,2930,50,47,12,59,0
2021-02-14,Siskiyou,093,43540,1439,1340,212,1552,4
2021-02-14,Solano,095,438530,29417,29150,338,29488,148
2021-02-14,Sonoma,097,501317,27364,27266,169,27435,276
2021-02-14,Stanislaus,099,539301,49587,48672,5117,53789,716
2021-02-14,Sutter,101,95872,8674,8642,77,8719,95
2021-02-14,Tehama,103,63373,4542,4490,474,4964,30
2021-02-14,Trinity,105,12862,456,272,68,340,3
2021-02-14,Tulare,107,460477,47555,46263,7485,53748,715
2021-02-14,Tuolumne,109,53932,3747,3764,36,3800,49
2021-02-14,Ventura,111,848112,76442,75742,2676,78418,629
2021-02-14,Yolo,113,214977,12605,12399,144,12543,175
2021-02-14,Yuba,115,75493,5387,5314,79,5393,38
2021-02-13,Alameda,001,1643700,79141,78246,1641,79887,995
2021-02-13,Alpine,002,1148,78,76,0,76,0
2021-02-13,Amador,005,37829,3412,3387,28,3415,38
2021-02-13,Butte,007,227075,11119,10699,1584,12283,155
2021-02-13,Calaveras,009,45235,1870,1863,11,1874,21
2021-02-13,Colusa,011,21464,1854,1837,247,2084,10
2021-02-13,Contra Costa,013,1133247,61584,60100,1025,61125,629
2021-02-13,Del Norte,015,27424,957,908,4,912,2
2021-02-13,El Dorado,017,186661,8975,8758,596,9354,93
2021-02-13,Fresno,019,978130,94546,92807,7342,100149,1287
2021-02-13,Glenn,021,27897,2214,2182,474,2656,14
2021-02-13,Humboldt,023,135768,3012,2974,20,2994,29
2021-02-13,Imperial,025,180216,27079,26680,2388,29068,580
2021-02-13,Inyo,027,18085,1222,1168,8,1176,32
2021-02-13,Kern,029,883053,91921,89915,9302,99217,957
2021-02-13,Kings,031,150075,21926,21513,922,22435,205
2021-02-13,Lake,033,64148,3087,3025,1,3026,37
2021-02-13,Lassen,035,31185,5069,5028,90,5118,1
2021-02-13,Los Angeles,037,10098052,1161238,1133752,37287,1171039,18822
2021-02-13,Madera,039,155013,15316,15053,765,15818,106
2021-02-13,Marin,041,260295,4484,12757,147,12904,201
2021-02-13,Mariposa,043,17540,373,365,4,369,4
2021-02-13,Mendocino,045,87422,3572,3466,69,3535,38
2021-02-13,Merced,047,269075,27681,27541,838,28379,368
2021-02-13,Modoc,049,8938,331,325,111,436,3
2021-02-13,Mono,051,14174,1170,1176,16,1192,3
2021-02-13,Monterey,053,433212,41383,40731,1580,42311,301
2021-02-13,Napa,055,140530,8847,8809,30,8839,57
2021-02-13,Nevada,057,99092,3865,3742,148,3890,47
2021-02-13,Orange,059,3164182,244299,241545,9885,251430,3520
2021-02-13,Placer,061,380077,20176,19214,1058,20272,230
2021-02-13,Plumas,063,18699,636,616,10,626,4
2021-02-13,Riverside,065,2383286,282406,275276,13061,288337,3462
2021-02-13,Sacramento,067,1510023,92255,90401,1157,91558,1302
2021-02-13,San Benito,069,59416,5650,5633,81,5714,56
2021-02-13,San Bernardino,071,2135413,283611,277405,8336,285741,2899
2021-02-13,San Diego,073,3302833,259416,251679,12492,264171,3009
2021-02-13,San Francisco,075,870044,33466,33291,986,34277,364
2021-02-13,San Joaquin,077,732212,65554,64105,2606,66711,977
2021-02-13,San Luis Obispo,079,281455,19278,18803,520,19323,225
2021-02-13,San Mateo,081,765935,38753,37745,385,38130,277
2021-02-13,Santa Barbara,083,443738,31442,30594,995,31589,374
2021-02-13,Santa Clara,085,1922200,107852,107125,526,107651,1570
2021-02-13,Santa Cruz,087,273765,15125,14198,746,14944,173
2021-02-13,Shasta,089,179085,10744,10713,1164,11877,139
2021-02-13,Sierra,091,2930,50,47,12,59,0
2021-02-13,Siskiyou,093,43540,1436,1336,212,1548,4
2021-02-13,Solano,095,438530,29382,29084,338,29422,148
2021-02-13,Sonoma,097,501317,27316,27157,167,27324,276
2021-02-13,Stanislaus,099,539301,49516,48568,5111,53679,697
2021-02-13,Sutter,101,95872,8662,8626,77,8703,94
2021-02-13,Tehama,103,63373,4532,4484,473,4957,30
2021-02-13,Trinity,105,12862,455,272,67,339,3
2021-02-13,Tulare,107,460477,47504,46162,7454,53616,709
2021-02-13,Tuolumne,109,53932,3746,3752,36,3788,49
2021-02-13,Ventura,111,848112,76302,75481,2670,78151,618
2021-02-13,Yolo,113,214977,12592,12374,143,12517,175
2021-02-13,Yuba,115,75493,5379,5289,79,5368,38
2021-02-12,Alameda,001,1643700,78992,77958,1635,79593,974
2021-02-12,Alpine,002,1148,78,76,0,76,0
2021-02-12,Amador,005,37829,3408,3381,28,3409,38
2021-02-12,Butte,007,227075,11106,10655,1577,12232,155
2021-02-12,Calaveras,009,45235,1867,1860,11,1871,21
2021-02-12,Colusa,011,21464,1854,1836,247,2083,10
2021-02-12,Contra Costa,013,1133247,61434,59878,1021,60899,620
2021-02-12,Del Norte,015,27424,947,901,4,905,2
2021-02-12,El Dorado,017,186661,8960,8725,593,9318,92
2021-02-12,Fresno,019,978130,94392,92520,7322,99842,1273
2021-02-12,Glenn,021,27897,2211,2175,474,2649,14
2021-02-12,Humboldt,023,135768,3004,2961,20,2981,29
2021-02-12,Imperial,025,180216,27072,26646,2385,29031,585
2021-02-12,Inyo,027,18085,1216,1156,8,1164,32
2021-02-12,Kern,029,883053,91807,89532,9270,98802,949
2021-02-12,Kings,031,150075,21894,21462,917,22379,202
2021-02-12,Lake,033,64148,3082,3012,1,3013,36
2021-02-12,Lassen,035,31185,5067,5015,90,5105,1
2021-02-12,Los Angeles,037,10098052,1160025,1131185,37221,1168406,18637
2021-02-12,Madera,039,155013,15289,15022,762,15784,106
2021-02-12,Marin,041,260295,4458,12720,147,12867,200
2021-02-12,Mariposa,043,17540,372,365,4,369,4
2021-02-12,Mendocino,045,87422,3570,3447,69,3516,38
2021-02-12,Merced,047,269075,27630,27453,835,28288,367
2021-02-12,Modoc,049,8938,331,324,111,435,3
2021-02-12,Mono,051,14174,1169,1172,16,1188,3
2021-02-12,Monterey,053,433212,41335,40633,1571,42204,297
2021-02-12,Napa,055,140530,8835,8785,30,8815,55
2021-02-12,Nevada,057,99092,3860,3728,148,3876,47
2021-02-12,Orange,059,3164182,244060,241075,9870,250945,3505
2021-02-12,Placer,061,380077,20134,19174,1053,20227,230
2021-02-12,Plumas,063,18699,635,614,10,624,4
2021-02-12,Riverside,065,2383286,282128,274792,13046,287838,3438
2021-02-12,Sacramento,067,1510023,92053,90252,1156,91408,1295
2021-02-12,San Benito,069,59416,5634,5622,80,5702,56
2021-02-12,San Bernardino,071,2135413,283421,276890,8325,285215,2827
2021-02-12,San Diego,073,3302833,259027,250788,12466,263254,2979
2021-02-12,San Francisco,075,870044,33406,33179,982,34161,359
2021-02-12,San Joaquin,077,732212,65458,63966,2598,66564,975
2021-02-12,San Luis Obispo,079,281455,19237,18687,519,19206,224
2021-02-12,San Mateo,081,765935,38681,37560,385,37945,254
2021-02-12,Santa Barbara,083,443738,31371,30454,990,31444,372
2021-02-12,Santa Clara,085,1922200,107680,106759,523,107282,1543
2021-02-12,Santa Cruz,087,273765,15105,14147,746,14893,170
2021-02-12,Shasta,089,179085,10726,10693,1154,11847,142
2021-02-12,Sierra,091,2930,49,45,12,57,0
2021-02-12,Siskiyou,093,43540,1432,1324,209,1533,4
2021-02-12,Solano,095,438530,29350,28996,335,29331,147
2021-02-12,Sonoma,097,501317,27261,27064,163,27227,275
2021-02-12,Stanislaus,099,539301,49428,48418,5089,53507,697
2021-02-12,Sutter,101,95872,8649,8609,77,8686,93
2021-02-12,Tehama,103,63373,4525,4470,472,4942,27
2021-02-12,Trinity,105,12862,455,269,67,336,3
2021-02-12,Tulare,107,460477,47426,46016,7428,53444,710
2021-02-12,Tuolumne,109,53932,3743,3736,35,3771,49
2021-02-12,Ventura,111,848112,76132,75210,2664,77874,605
2021-02-12,Yolo,113,214977,12571,12340,143,12483,175
2021-02-12,Yuba,115,75493,5371,5274,79,5353,38
2021-02-11,Alameda,001,1643700,78766,77564,1630,79194,960
2021-02-11,Alpine,002,1148,77,76,0,76,0
2021-02-11,Amador,005,37829,3404,3368,28,3396,35
2021-02-11,Butte,007,227075,11083,10624,1576,12200,155
2021-02-11,Calaveras,009,45235,1864,1856,11,1867,21
2021-02-11,Colusa,011,21464,1849,1823,245,2068,10
2021-02-11,Contra Costa,013,1133247,61266,59633,1017,60650,605
2021-02-11,Del Norte,015,27424,942,894,4,898,2
2021-02-11,El Dorado,017,186661,8939,8698,593,9291,92
2021-02-11,Fresno,019,978130,94239,92168,7299,99467,1255
2021-02-11,Glenn,021,27897,2206,2166,473,2639,14
2021-02-11,Humboldt,023,135768,2991,2954,19,2973,29
2021-02-11,Imperial,025,180216,27048,26545,2383,28928,578
2021-02-11,Inyo,027,18085,1207,1144,8,1152,32
2021-02-11,Kern,029,883053,91616,89224,9227,98451,941
2021-02-11,Kings,031,150075,21864,21373,914,22287,202
2021-02-11,Lake,033,64148,3072,3002,1,3003,36
2021-02-11,Lassen,035,31185,5056,5004,87,5091,1
2021-02-11,Los Angeles,037,10098052,1158397,1128437,37150,1165587,18500
2021-02-11,Madera,039,155013,15268,14984,760,15744,106
2021-02-11,Marin,041,260295,4421,12682,147,12829,200
2021-02-11,Mariposa,043,17540,372,361,4,365,4
2021-02-11,Mendocino,045,87422,3563,3420,69,3489,38
2021-02-11,Merced,047,269075,27564,27325,831,28156,363
2021-02-11,Modoc,049,8938,330,317,111,428,3
2021-02-11,Mono,051,14174,1165,1173,16,1189,3
2021-02-11,Monterey,053,433212,41229,40469,1565,42034,295
2021-02-11,Napa,055,140530,8814,8777,30,8807,55
2021-02-11,Nevada,057,99092,3844,3720,148,3868,47
2021-02-11,Orange,059,3164182,243693,240590,9846,250436,3476
2021-02-11,Placer,061,380077,20094,19118,1052,20170,224
2021-02-11,Plumas,063,18699,634,592,10,602,4
2021-02-11,Riverside,065,2383286,281761,274313,13031,287344,3394
2021-02-11,Sacramento,067,1510023,91810,89988,1150,91138,1286
2021-02-11,San Benito,069,59416,5625,5609,80,5689,56
2021-02-11,San Bernardino,071,2135413,283123,276349,8311,284660,2774
2021-02-11,San Diego,073,3302833,258474,249971,12432,262403,2955
2021-02-11,San Francisco,075,870044,33323,33076,973,34049,356
2021-02-11,San Joaquin,077,732212,65290,63719,2588,66307,971
2021-02-11,San Luis Obispo,079,281455,19172,18615,515,19130,219
2021-02-11,San Mateo,081,765935,38589,37439,383,37822,253
2021-02-11,Santa Barbara,083,443738,31273,30375,985,31360,370
2021-02-11,Santa Clara,085,1922200,107420,106392,518,106910,1507
2021-02-11,Santa Cruz,087,273765,15082,14088,741,14829,165
2021-02-11,Shasta,089,179085,10702,10672,1150,11822,140
2021-02-11,Sierra,091,2930,49,45,12,57,0
2021-02-11,Siskiyou,093,43540,1417,1320,209,1529,4
2021-02-11,Solano,095,438530,29297,28885,335,29220,138
2021-02-11,Sonoma,097,501317,27176,26971,160,27131,272
2021-02-11,Stanislaus,099,539301,49283,48205,5077,53282,697
2021-02-11,Sutter,101,95872,8635,8590,76,8666,93
2021-02-11,Tehama,103,63373,4519,4463,472,4935,26
2021-02-11,Trinity,105,12862,455,269,67,336,3
2021-02-11,Tulare,107,460477,47331,45897,7389,53286,706
2021-02-11,Tuolumne,109,53932,3706,3716,35,3751,48
2021-02-11,Ventura,111,848112,75930,74959,2655,77614,590
2021-02-11,Yolo,113,214977,12547,12303,143,12446,173
2021-02-11,Yuba,115,75493,5357,5261,78,5339,38
2021-02-10,Alameda,001,1643700,78565,77344,1629,78973,944
2021-02-10,Alpine,002,1148,77,76,0,76,0
2021-02-10,Amador,005,37829,3392,3348,28,3376,35
2021-02-10,Butte,007,227075,11055,10594,1575,12169,155
2021-02-10,Calaveras,009,45235,1862,1850,11,1861,21
2021-02-10,Colusa,011,21464,1842,1815,243,2058,10
2021-02-10,Contra Costa,013,1133247,61091,59488,1015,60503,590
2021-02-10,Del Norte,015,27424,936,888,4,892,2
2021-02-10,El Dorado,017,186661,8908,8682,589,9271,87
2021-02-10,Fresno,019,978130,94064,91876,7274,99150,1247
2021-02-10,Glenn,021,27897,2202,2160,471,2631,14
2021-02-10,Humboldt,023,135768,2983,2924,19,2943,29
2021-02-10,Imperial,025,180216,27010,26522,2380,28902,578
2021-02-10,Inyo,027,18085,1195,1138,8,1146,30
2021-02-10,Kern,029,883053,91409,88933,9173,98106,926
2021-02-10,Kings,031,150075,21821,21294,912,22206,197
2021-02-10,Lake,033,64148,3059,2975,1,2976,36
2021-02-10,Lassen,035,31185,5052,4993,87,5080,1
2021-02-10,Los Angeles,037,10098052,1156649,1125437,37023,1162460,18338
2021-02-10,Madera,039,155013,15229,14925,758,15683,105
2021-02-10,Marin,041,260295,4384,12651,147,12798,199
2021-02-10,Mariposa,043,17540,370,360,4,364,4
2021-02-10,Mendocino,045,87422,3548,3395,69,3464,38
2021-02-10,Merced,047,269075,27481,27246,820,28066,359
2021-02-10,Modoc,049,8938,329,315,109,424,3
2021-02-10,Mono,051,14174,1160,1170,16,1186,3
2021-02-10,Monterey,053,433212,41152,40366,1551,41917,288
2021-02-10,Napa,055,140530,8795,8769,30,8799,55
2021-02-10,Nevada,057,99092,3829,3693,146,3839,47
2021-02-10,Orange,059,3164182,243275,239974,9815,249789,3439
2021-02-10,Placer,061,380077,20054,19062,1047,20109,220
2021-02-10,Plumas,063,18699,631,589,10,599,2
2021-02-10,Riverside,065,2383286,281333,273721,13021,286742,3374
2021-02-10,Sacramento,067,1510023,91559,89653,1146,90799,1275
2021-02-10,San Benito,069,59416,5611,5591,80,5671,55
2021-02-10,San Bernardino,071,2135413,282769,275616,8295,283911,2696
2021-02-10,San Diego,073,3302833,257892,248858,12394,261252,2904
2021-02-10,San Francisco,075,870044,33240,32955,970,33925,351
2021-02-10,San Joaquin,077,732212,65148,63484,2574,66058,954
2021-02-10,San Luis Obispo,079,281455,19093,18549,513,19062,216
2021-02-10,San Mateo,081,765935,38498,37323,383,37706,245
2021-02-10,Santa Barbara,083,443738,31182,30216,980,31196,359
2021-02-10,Santa Clara,085,1922200,107180,106048,515,106563,1489
2021-02-10,Santa Cruz,087,273765,15046,14007,739,14746,165
2021-02-10,Shasta,089,179085,10679,10645,1147,11792,142
2021-02-10,Sierra,091,2930,49,45,12,57,0
2021-02-10,Siskiyou,093,43540,1412,1314,208,1522,4
2021-02-10,Solano,095,438530,29221,28835,333,29168,137
2021-02-10,Sonoma,097,501317,27080,26881,158,27039,271
2021-02-10,Stanislaus,099,539301,49166,48016,5061,53077,696
2021-02-10,Sutter,101,95872,8618,8571,76,8647,93
2021-02-10,Tehama,103,63373,4511,4445,472,4917,23
2021-02-10,Trinity,105,12862,452,268,67,335,3
2021-02-10,Tulare,107,460477,47213,45782,7351,53133,696
2021-02-10,Tuolumne,109,53932,3698,3691,35,3726,48
2021-02-10,Ventura,111,848112,75702,74651,2638,77289,580
2021-02-10,Yolo,113,214977,12523,12276,143,12419,174
2021-02-10,Yuba,115,75493,5339,5241,78,5319,38
2021-02-09,Alameda,001,1643700,78303,77018,1625,78643,936
2021-02-09,Alpine,002,1148,77,76,0,76,0
2021-02-09,Amador,005,37829,3384,3347,28,3375,35
2021-02-09,Butte,007,227075,11029,10563,1572,12135,153
2021-02-09,Calaveras,009,45235,1858,1847,11,1858,21
2021-02-09,Colusa,011,21464,1833,1812,238,2050,10
2021-02-09,Contra Costa,013,1133247,60901,59307,1009,60316,583
2021-02-09,Del Norte,015,27424,930,886,4,890,2
2021-02-09,El Dorado,017,186661,8880,8663,587,9250,87
2021-02-09,Fresno,019,978130,93822,91730,7246,98976,1211
2021-02-09,Glenn,021,27897,2198,2156,471,2627,14
2021-02-09,Humboldt,023,135768,2975,2904,19,2923,29
2021-02-09,Imperial,025,180216,26980,26509,2377,28886,568
2021-02-09,Inyo,027,18085,1187,1137,8,1145,30
2021-02-09,Kern,029,883053,91157,88684,9126,97810,920
2021-02-09,Kings,031,150075,21779,21275,910,22185,196
2021-02-09,Lake,033,64148,3048,2955,1,2956,36
2021-02-09,Lassen,035,31185,5045,4983,87,5070,1
2021-02-09,Los Angeles,037,10098052,1154671,1122745,36942,1159687,18198
2021-02-09,Madera,039,155013,15209,14912,755,15667,105
2021-02-09,Marin,041,260295,4352,12623,146,12769,197
2021-02-09,Mariposa,043,17540,368,355,4,359,4
2021-02-09,Mendocino,045,87422,3530,3369,69,3438,38
2021-02-09,Merced,047,269075,27383,27166,815,27981,354
2021-02-09,Modoc,049,8938,328,316,109,425,3
2021-02-09,Mono,051,14174,1159,1167,16,1183,3
2021-02-09,Monterey,053,433212,41044,40279,1538,41817,285
2021-02-09,Napa,055,140530,8782,8749,30,8779,55
2021-02-09,Nevada,057,99092,3812,3687,146,3833,44
2021-02-09,Orange,059,3164182,242864,239169,9784,248953,3406
2021-02-09,Placer,061,380077,19989,19008,1040,20048,220
2021-02-09,Plumas,063,18699,631,584,10,594,2
2021-02-09,Riverside,065,2383286,280839,273465,13004,286469,3334
2021-02-09,Sacramento,067,1510023,91249,89378,1145,90523,1265
2021-02-09,San Benito,069,59416,5599,5566,79,5645,54
2021-02-09,San Bernardino,071,2135413,282398,274998,8282,283280,2613
2021-02-09,San Diego,073,3302833,257234,248048,12351,260399,2853
2021-02-09,San Francisco,075,870044,33160,32782,960,33742,349
2021-02-09,San Joaquin,077,732212,64973,63341,2569,65910,937
2021-02-09,San Luis Obispo,079,281455,19034,18489,512,19001,216
2021-02-09,San Mateo,081,765935,38367,37227,382,37609,235
2021-02-09,Santa Barbara,083,443738,31070,30118,974,31092,351
2021-02-09,Santa Clara,085,1922200,106874,105762,512,106274,1463
2021-02-09,Santa Cruz,087,273765,14995,13958,734,14692,162
2021-02-09,Shasta,089,179085,10651,10595,1145,11740,139
2021-02-09,Sierra,091,2930,49,44,12,56,0
2021-02-09,Siskiyou,093,43540,1404,1306,206,1512,4
2021-02-09,Solano,095,438530,29144,28769,330,29099,131
2021-02-09,Sonoma,097,501317,26990,26826,156,26982,267
2021-02-09,Stanislaus,099,539301,49006,47906,5046,52952,679
2021-02-09,Sutter,101,95872,8602,8541,76,8617,92
2021-02-09,Tehama,103,63373,4504,4416,471,4887,22
2021-02-09,Trinity,105,12862,452,266,67,333,3
2021-02-09,Tulare,107,460477,47079,45704,7299,53003,686
2021-02-09,Tuolumne,109,53932,3679,3673,35,3708,48
2021-02-09,Ventura,111,848112,75451,74333,2630,76963,567
2021-02-09,Yolo,113,214977,12481,12220,143,12363,174
2021-02-09,Yuba,115,75493,5330,5235,78,5313,35
2021-02-08,Alameda,001,1643700,78042,76735,1620,78355,924
2021-02-08,Alpine,002,1148,77,73,0,73,0
2021-02-08,Amador,005,37829,3377,3344,27,3371,33
2021-02-08,Butte,007,227075,11007,10524,1568,12092,152
2021-02-08,Calaveras,009,45235,1857,1840,11,1851,21
2021-02-08,Colusa,011,21464,1825,1802,234,2036,10
2021-02-08,Contra Costa,013,1133247,60691,59039,1007,60046,567
2021-02-08,Del Norte,015,27424,927,885,4,889,2
2021-02-08,El Dorado,017,186661,8848,8627,584,9211,86
2021-02-08,Fresno,019,978130,93610,91430,7221,98651,1207
2021-02-08,Glenn,021,27897,2194,2148,469,2617,14
2021-02-08,Humboldt,023,135768,2967,2902,19,2921,29
2021-02-08,Imperial,025,180216,26958,26526,2375,28901,567
2021-02-08,Inyo,027,18085,1174,1126,8,1134,30
2021-02-08,Kern,029,883053,90940,88380,9065,97445,920
2021-02-08,Kings,031,150075,21717,21232,907,22139,195
2021-02-08,Lake,033,64148,3029,2949,1,2950,36
2021-02-08,Lassen,035,31185,5032,4976,87,5063,1
2021-02-08,Los Angeles,037,10098052,1152574,1120179,36821,1157000,17977
2021-02-08,Madera,039,155013,15173,14887,748,15635,93
2021-02-08,Marin,041,260295,4322,12591,146,12737,194
2021-02-08,Mariposa,043,17540,368,355,4,359,4
2021-02-08,Mendocino,045,87422,3516,3355,69,3424,38
2021-02-08,Merced,047,269075,27300,27082,810,27892,346
2021-02-08,Modoc,049,8938,326,318,109,427,3
2021-02-08,Mono,051,14174,1159,1165,16,1181,3
2021-02-08,Monterey,053,433212,40924,40186,1519,41705,283
2021-02-08,Napa,055,140530,8767,8719,30,8749,55
2021-02-08,Nevada,057,99092,3800,3671,146,3817,44
2021-02-08,Orange,059,3164182,242396,238715,9761,248476,3361
2021-02-08,Placer,061,380077,19948,18944,1034,19978,211
2021-02-08,Plumas,063,18699,630,584,10,594,2
2021-02-08,Riverside,065,2383286,280271,272904,12978,285882,3301
2021-02-08,Sacramento,067,1510023,90963,89267,1142,90409,1247
2021-02-08,San Benito,069,59416,5594,5553,78,5631,52
2021-02-08,San Bernardino,071,2135413,281995,274661,8276,282937,2587
2021-02-08,San Diego,073,3302833,256490,247259,12310,259569,2821
2021-02-08,San Francisco,075,870044,33066,32679,952,33631,348
2021-02-08,San Joaquin,077,732212,64812,63148,2559,65707,929
2021-02-08,San Luis Obispo,079,281455,18977,18421,507,18928,214
2021-02-08,San Mateo,081,765935,38258,37084,382,37466,232
2021-02-08,Santa Barbara,083,443738,30955,29978,967,30945,340
2021-02-08,Santa Clara,085,1922200,106551,105413,504,105917,1456
2021-02-08,Santa Cruz,087,273765,14956,13921,728,14649,161
2021-02-08,Shasta,089,179085,10624,10574,1139,11713,137
2021-02-08,Sierra,091,2930,49,44,12,56,0
2021-02-08,Siskiyou,093,43540,1401,1303,206,1509,4
2021-02-08,Solano,095,438530,29079,28644,328,28972,130
2021-02-08,Sonoma,097,501317,26899,26760,155,26915,259
2021-02-08,Stanislaus,099,539301,48851,47704,5018,52722,679
2021-02-08,Sutter,101,95872,8583,8526,76,8602,92
2021-02-08,Tehama,103,63373,4494,4403,468,4871,22
2021-02-08,Trinity,105,12862,450,266,67,333,3
2021-02-08,Tulare,107,460477,46971,45617,7259,52876,673
2021-02-08,Tuolumne,109,53932,3671,3647,35,3682,48
2021-02-08,Ventura,111,848112,75194,74068,2625,76693,565
2021-02-08,Yolo,113,214977,12449,12169,142,12311,162
2021-02-08,Yuba,115,75493,5314,5215,78,5293,35
2021-02-07,Alameda,001,1643700,77741,76500,1612,78112,924
2021-02-07,Alpine,002,1148,74,72,0,72,0
2021-02-07,Amador,005,37829,3356,3343,27,3370,33
2021-02-07,Butte,007,227075,10975,10513,1560,12073,152
2021-02-07,Calaveras,009,45235,1853,1837,11,1848,21
2021-02-07,Colusa,011,21464,1814,1795,232,2027,10
2021-02-07,Contra Costa,013,1133247,60448,58836,1002,59838,566
2021-02-07,Del Norte,015,27424,923,881,4,885,2
2021-02-07,El Dorado,017,186661,8819,8596,582,9178,86
2021-02-07,Fresno,019,978130,93380,91184,7183,98367,1207
2021-02-07,Glenn,021,27897,2190,2141,464,2605,14
2021-02-07,Humboldt,023,135768,2946,2895,19,2914,28
2021-02-07,Imperial,025,180216,26929,26518,2370,28888,567
2021-02-07,Inyo,027,18085,1163,1124,8,1132,27
2021-02-07,Kern,029,883053,90692,88146,9007,97153,920
2021-02-07,Kings,031,150075,21656,21180,904,22084,192
2021-02-07,Lake,033,64148,3014,2940,1,2941,36
2021-02-07,Lassen,035,31185,5021,4973,87,5060,1
2021-02-07,Los Angeles,037,10098052,1149813,1117551,36698,1154249,17889
2021-02-07,Madera,039,155013,15139,14850,744,15594,93
2021-02-07,Marin,041,260295,4289,12571,144,12715,194
2021-02-07,Mariposa,043,17540,367,355,4,359,4
2021-02-07,Mendocino,045,87422,3499,3348,69,3417,38
2021-02-07,Merced,047,269075,27188,26977,798,27775,346
2021-02-07,Modoc,049,8938,326,317,105,422,3
2021-02-07,Mono,051,14174,1156,1165,16,1181,3
2021-02-07,Monterey,053,433212,40788,40113,1500,41613,283
2021-02-07,Napa,055,140530,8744,8701,30,8731,55
2021-02-07,Nevada,057,99092,3789,3643,146,3789,44
2021-02-07,Orange,059,3164182,241798,238155,9727,247882,3336
2021-02-07,Placer,061,380077,19901,18903,1021,19924,211
2021-02-07,Plumas,063,18699,630,584,10,594,2
2021-02-07,Riverside,065,2383286,279742,272301,12957,285258,3267
2021-02-07,Sacramento,067,1510023,90630,88919,1135,90054,1246
2021-02-07,San Benito,069,59416,5575,5548,77,5625,52
2021-02-07,San Bernardino,071,2135413,281402,274316,8251,282567,2587
2021-02-07,San Diego,073,3302833,255704,246561,12246,258807,2821
2021-02-07,San Francisco,075,870044,32946,32609,940,33549,348
2021-02-07,San Joaquin,077,732212,64538,63051,2545,65596,929
2021-02-07,San Luis Obispo,079,281455,18905,18349,500,18849,214
2021-02-07,San Mateo,081,765935,38124,36984,380,37364,232
2021-02-07,Santa Barbara,083,443738,30815,29815,955,30770,340
2021-02-07,Santa Clara,085,1922200,106212,105118,494,105612,1450
2021-02-07,Santa Cruz,087,273765,14902,13887,723,14610,161
2021-02-07,Shasta,089,179085,10605,10570,1131,11701,137
2021-02-07,Sierra,091,2930,49,43,12,55,0
2021-02-07,Siskiyou,093,43540,1394,1295,204,1499,4
2021-02-07,Solano,095,438530,28969,28567,327,28894,130
2021-02-07,Sonoma,097,501317,26792,26684,151,26835,257
2021-02-07,Stanislaus,099,539301,48661,47551,4986,52537,679
2021-02-07,Sutter,101,95872,8555,8515,76,8591,92
2021-02-07,Tehama,103,63373,4478,4396,467,4863,22
2021-02-07,Trinity,105,12862,447,264,65,329,3
2021-02-07,Tulare,107,460477,46848,45520,7181,52701,671
2021-02-07,Tuolumne,109,53932,3647,3619,34,3653,48
2021-02-07,Ventura,111,848112,74883,73759,2613,76372,561
2021-02-07,Yolo,113,214977,12403,12135,142,12277,162
2021-02-07,Yuba,115,75493,5299,5198,76,5274,35
2021-02-06,Alameda,001,1643700,77588,76170,1601,77771,922
2021-02-06,Alpine,002,1148,74,72,0,72,0
2021-02-06,Amador,005,37829,3350,3306,27,3333,33
2021-02-06,Butte,007,227075,10958,10480,1556,12036,150
2021-02-06,Calaveras,009,45235,1851,1832,11,1843,21
2021-02-06,Colusa,011,21464,1812,1791,231,2022,10
2021-02-06,Contra Costa,013,1133247,60301,58567,996,59563,566
2021-02-06,Del Norte,015,27424,919,879,4,883,2
2021-02-06,El Dorado,017,186661,8812,8575,578,9153,86
2021-02-06,Fresno,019,978130,93267,90944,7162,98106,1207
2021-02-06,Glenn,021,27897,2188,2136,463,2599,14
2021-02-06,Humboldt,023,135768,2935,2880,19,2899,28
2021-02-06,Imperial,025,180216,26917,26514,2369,28883,567
2021-02-06,Inyo,027,18085,1160,1113,8,1121,27
2021-02-06,Kern,029,883053,90538,87919,8961,96880,912
2021-02-06,Kings,031,150075,21625,21156,904,22060,190
2021-02-06,Lake,033,64148,3009,2920,1,2921,34
2021-02-06,Lassen,035,31185,5017,4964,86,5050,1
2021-02-06,Los Angeles,037,10098052,1148457,1114718,36601,1151319,17793
2021-02-06,Madera,039,155013,15118,14807,742,15549,93
2021-02-06,Marin,041,260295,4269,12531,144,12675,194
2021-02-06,Mariposa,043,17540,366,355,3,358,4
2021-02-06,Mendocino,045,87422,3481,3316,68,3384,38
2021-02-06,Merced,047,269075,27102,26881,790,27671,346
2021-02-06,Modoc,049,8938,326,313,105,418,3
2021-02-06,Mono,051,14174,1155,1159,16,1175,3
2021-02-06,Monterey,053,433212,40730,39995,1492,41487,282
2021-02-06,Napa,055,140530,8731,8639,30,8669,55
2021-02-06,Nevada,057,99092,3777,3624,146,3770,43
2021-02-06,Orange,059,3164182,241434,237391,9693,247084,3293
2021-02-06,Placer,061,380077,19864,18836,1018,19854,211
2021-02-06,Plumas,063,18699,630,584,10,594,2
2021-02-06,Riverside,065,2383286,279374,271741,12938,284679,3243
2021-02-06,Sacramento,067,1510023,90413,88532,1125,89657,1237
2021-02-06,San Benito,069,59416,5557,5516,77,5593,52
2021-02-06,San Bernardino,071,2135413,281093,273718,8229,281947,2564
2021-02-06,San Diego,073,3302833,255208,245331,12211,257542,2812
2021-02-06,San Francisco,075,870044,32872,32437,930,33367,346
2021-02-06,San Joaquin,077,732212,64459,62840,2534,65374,906
2021-02-06,San Luis Obispo,079,281455,18863,18284,496,18780,214
2021-02-06,San Mateo,081,765935,38056,36824,377,37201,232
2021-02-06,Santa Barbara,083,443738,30739,29645,953,30598,337
2021-02-06,Santa Clara,085,1922200,105990,104639,489,105128,1439
2021-02-06,Santa Cruz,087,273765,14871,13845,719,14564,161
2021-02-06,Shasta,089,179085,10594,10561,1129,11690,137
2021-02-06,Sierra,091,2930,49,43,12,55,0
2021-02-06,Siskiyou,093,43540,1391,1289,203,1492,4
2021-02-06,Solano,095,438530,28933,28446,326,28772,129
2021-02-06,Sonoma,097,501317,26755,26564,149,26713,257
2021-02-06,Stanislaus,099,539301,48565,47325,4971,52296,679
2021-02-06,Sutter,101,95872,8547,8485,76,8561,92
2021-02-06,Tehama,103,63373,4468,4380,466,4846,22
2021-02-06,Trinity,105,12862,447,263,65,328,3
2021-02-06,Tulare,107,460477,46780,45349,7136,52485,664
2021-02-06,Tuolumne,109,53932,3640,3612,34,3646,48
2021-02-06,Ventura,111,848112,74703,73431,2607,76038,552
2021-02-06,Yolo,113,214977,12380,12061,142,12203,161
2021-02-06,Yuba,115,75493,5289,5177,75,5252,35
2021-02-05,Alameda,001,1643700,77359,75716,1599,77315,916
2021-02-05,Alpine,002,1148,74,72,0,72,0
2021-02-05,Amador,005,37829,3345,3299,26,3325,33
2021-02-05,Butte,007,227075,10939,10421,1549,11970,150
2021-02-05,Calaveras,009,45235,1847,1818,11,1829,21
2021-02-05,Colusa,011,21464,1808,1785,231,2016,10
2021-02-05,Contra Costa,013,1133247,60140,58195,994,59189,560
2021-02-05,Del Norte,015,27424,918,874,4,878,2
2021-02-05,El Dorado,017,186661,8793,8527,576,9103,86
2021-02-05,Fresno,019,978130,93065,90513,7141,97654,1194
2021-02-05,Glenn,021,27897,2185,2122,458,2580,14
2021-02-05,Humboldt,023,135768,2925,2857,19,2876,28
2021-02-05,Imperial,025,180216,26898,26474,2368,28842,557
2021-02-05,Inyo,027,18085,1156,1104,8,1112,27
2021-02-05,Kern,029,883053,90369,87470,8895,96365,906
2021-02-05,Kings,031,150075,21587,21021,901,21922,190
2021-02-05,Lake,033,64148,2997,2906,1,2907,33
2021-02-05,Lassen,035,31185,5013,4936,86,5022,1
2021-02-05,Los Angeles,037,10098052,1146357,1110384,36470,1146854,17608
2021-02-05,Madera,039,155013,15084,14752,737,15489,95
2021-02-05,Marin,041,260295,4234,12479,144,12623,193
2021-02-05,Mariposa,043,17540,366,352,3,355,4
2021-02-05,Mendocino,045,87422,3467,3272,68,3340,38
2021-02-05,Merced,047,269075,27042,26760,789,27549,345
2021-02-05,Modoc,049,8938,326,312,105,417,3
2021-02-05,Mono,051,14174,1154,1157,16,1173,3
2021-02-05,Monterey,053,433212,40663,39840,1481,41321,281
2021-02-05,Napa,055,140530,8717,8598,30,8628,55
2021-02-05,Nevada,057,99092,3774,3607,146,3753,43
2021-02-05,Orange,059,3164182,241007,236335,9666,246001,3260
2021-02-05,Placer,061,380077,19828,18756,1016,19772,211
2021-02-05,Plumas,063,18699,628,578,10,588,2
2021-02-05,Riverside,065,2383286,278958,270666,12919,283585,3235
2021-02-05,Sacramento,067,1510023,90232,87992,1118,89110,1231
2021-02-05,San Benito,069,59416,5546,5502,77,5579,51
2021-02-05,San Bernardino,071,2135413,280748,272938,8213,281151,2495
2021-02-05,San Diego,073,3302833,254632,244066,12176,256242,2777
2021-02-05,San Francisco,075,870044,32782,32229,919,33148,337
2021-02-05,San Joaquin,077,732212,64310,62565,2526,65091,902
2021-02-05,San Luis Obispo,079,281455,18802,18152,492,18644,213
2021-02-05,San Mateo,081,765935,37973,36582,376,36958,227
2021-02-05,Santa Barbara,083,443738,30642,29455,940,30395,334
2021-02-05,Santa Clara,085,1922200,105742,104112,487,104599,1421
2021-02-05,Santa Cruz,087,273765,14850,13776,717,14493,161
2021-02-05,Shasta,089,179085,10578,10507,1122,11629,136
2021-02-05,Sierra,091,2930,49,42,12,54,0
2021-02-05,Siskiyou,093,43540,1384,1276,201,1477,4
2021-02-05,Solano,095,438530,28883,28283,326,28609,127
2021-02-05,Sonoma,097,501317,26686,26423,146,26569,252
2021-02-05,Stanislaus,099,539301,48420,47024,4953,51977,678
2021-02-05,Sutter,101,95872,8527,8443,76,8519,92
2021-02-05,Tehama,103,63373,4459,4355,465,4820,22
2021-02-05,Trinity,105,12862,446,260,65,325,3
2021-02-05,Tulare,107,460477,46703,45138,7088,52226,663
2021-02-05,Tuolumne,109,53932,3614,3595,34,3629,45
2021-02-05,Ventura,111,848112,74458,72953,2595,75548,546
2021-02-05,Yolo,113,214977,12362,12025,139,12164,162
2021-02-05,Yuba,115,75493,5272,5145,75,5220,35
2021-02-04,Alameda,001,1643700,77073,75422,1593,77015,899
2021-02-04,Alpine,002,1148,73,72,0,72,0
2021-02-04,Amador,005,37829,3342,3288,26,3314,33
2021-02-04,Butte,007,227075,10906,10386,1541,11927,147
2021-02-04,Calaveras,009,45235,1845,1808,11,1819,21
2021-02-04,Colusa,011,21464,1804,1777,229,2006,10
2021-02-04,Contra Costa,013,1133247,59952,57991,990,58981,550
2021-02-04,Del Norte,015,27424,912,870,4,874,2
2021-02-04,El Dorado,017,186661,8767,8490,573,9063,86
2021-02-04,Fresno,019,978130,92850,90126,7114,97240,1114
2021-02-04,Glenn,021,27897,2180,2102,457,2559,14
2021-02-04,Humboldt,023,135768,2915,2827,19,2846,28
2021-02-04,Imperial,025,180216,26852,26411,2366,28777,556
2021-02-04,Inyo,027,18085,1144,1084,8,1092,27
2021-02-04,Kern,029,883053,90095,87156,8819,95975,898
2021-02-04,Kings,031,150075,21537,20918,895,21813,187
2021-02-04,Lake,033,64148,2985,2882,1,2883,34
2021-02-04,Lassen,035,31185,5010,4927,86,5013,1
2021-02-04,Los Angeles,037,10098052,1143558,1106323,36344,1142667,17396
2021-02-04,Madera,039,155013,15053,14706,734,15440,95
2021-02-04,Marin,041,260295,4199,12431,144,12575,192
2021-02-04,Mariposa,043,17540,366,348,3,351,4
2021-02-04,Mendocino,045,87422,3449,3240,66,3306,38
2021-02-04,Merced,047,269075,26947,26629,786,27415,345
2021-02-04,Modoc,049,8938,326,309,105,414,3
2021-02-04,Mono,051,14174,1152,1153,16,1169,3
2021-02-04,Monterey,053,433212,40552,39619,1464,41083,279
2021-02-04,Napa,055,140530,8688,8573,30,8603,55
2021-02-04,Nevada,057,99092,3754,3590,145,3735,37
2021-02-04,Orange,059,3164182,240365,235677,9624,245301,3238
2021-02-04,Placer,061,380077,19768,18711,1007,19718,210
2021-02-04,Plumas,063,18699,625,562,10,572,2
2021-02-04,Riverside,065,2383286,278195,269851,12880,282731,3230
2021-02-04,Sacramento,067,1510023,89931,87658,1108,88766,1222
2021-02-04,San Benito,069,59416,5532,5488,76,5564,51
2021-02-04,San Bernardino,071,2135413,280199,272223,8193,280416,2409
2021-02-04,San Diego,073,3302833,253844,242613,12110,254723,2738
2021-02-04,San Francisco,075,870044,32669,32116,910,33026,326
2021-02-04,San Joaquin,077,732212,64085,62374,2518,64892,883
2021-02-04,San Luis Obispo,079,281455,18735,18058,490,18548,211
2021-02-04,San Mateo,081,765935,37852,36437,373,36810,226
2021-02-04,Santa Barbara,083,443738,30507,29344,923,30267,322
2021-02-04,Santa Clara,085,1922200,105399,103781,484,104265,1404
2021-02-04,Santa Cruz,087,273765,14817,13713,709,14422,156
2021-02-04,Shasta,089,179085,10552,10466,1117,11583,131
2021-02-04,Sierra,091,2930,49,42,12,54,0
2021-02-04,Siskiyou,093,43540,1375,1273,201,1474,4
2021-02-04,Solano,095,438530,28782,28192,325,28517,120
2021-02-04,Sonoma,097,501317,26604,26276,143,26419,249
2021-02-04,Stanislaus,099,539301,48259,46822,4934,51756,678
2021-02-04,Sutter,101,95872,8507,8401,76,8477,92
2021-02-04,Tehama,103,63373,4442,4327,464,4791,21
2021-02-04,Trinity,105,12862,445,260,64,324,3
2021-02-04,Tulare,107,460477,46576,44983,7030,52013,656
2021-02-04,Tuolumne,109,53932,3574,3585,34,3619,45
2021-02-04,Ventura,111,848112,74126,72595,2582,75177,537
2021-02-04,Yolo,113,214977,12328,11982,138,12120,161
2021-02-04,Yuba,115,75493,5246,5135,75,5210,34
2021-02-03,Alameda,001,1643700,76748,74968,1590,76558,880
2021-02-03,Alpine,002,1148,73,72,0,72,0
2021-02-03,Amador,005,37829,3338,3281,26,3307,33
2021-02-03,Butte,007,227075,10874,10355,1534,11889,144
2021-02-03,Calaveras,009,45235,1830,1799,11,1810,21
2021-02-03,Colusa,011,21464,1799,1773,228,2001,10
2021-02-03,Contra Costa,013,1133247,59712,57762,978,58740,537
2021-02-03,Del Norte,015,27424,907,869,4,873,2
2021-02-03,El Dorado,017,186661,8746,8428,572,9000,86
2021-02-03,Fresno,019,978130,92628,89748,7075,96823,1015
2021-02-03,Glenn,021,27897,2170,2098,456,2554,14
2021-02-03,Humboldt,023,135768,2905,2800,19,2819,27
2021-02-03,Imperial,025,180216,26816,26363,2360,28723,547
2021-02-03,Inyo,027,18085,1134,1071,8,1079,27
2021-02-03,Kern,029,883053,89852,86771,8778,95549,877
2021-02-03,Kings,031,150075,21476,20831,893,21724,172
2021-02-03,Lake,033,64148,2967,2869,1,2870,33
2021-02-03,Lassen,035,31185,4998,4910,86,4996,1
2021-02-03,Los Angeles,037,10098052,1140473,1101890,36224,1138114,17163
2021-02-03,Madera,039,155013,15013,14605,732,15337,94
2021-02-03,Marin,041,260295,4164,12406,144,12550,190
2021-02-03,Mariposa,043,17540,365,347,3,350,4
2021-02-03,Mendocino,045,87422,3423,3236,65,3301,38
2021-02-03,Merced,047,269075,26832,26520,782,27302,343
2021-02-03,Modoc,049,8938,325,308,105,413,3
2021-02-03,Mono,051,14174,1145,1146,16,1162,3
2021-02-03,Monterey,053,433212,40425,39500,1447,40947,279
2021-02-03,Napa,055,140530,8653,8534,30,8564,54
2021-02-03,Nevada,057,99092,3740,3572,145,3717,35
2021-02-03,Orange,059,3164182,239621,234738,9592,244330,3189
2021-02-03,Placer,061,380077,19713,18646,1005,19651,210
2021-02-03,Plumas,063,18699,625,559,10,569,2
2021-02-03,Riverside,065,2383286,277452,269019,12850,281869,3195
2021-02-03,Sacramento,067,1510023,89608,87415,1104,88519,1212
2021-02-03,San Benito,069,59416,5514,5463,73,5536,51
2021-02-03,San Bernardino,071,2135413,279713,271477,8170,279647,2308
2021-02-03,San Diego,073,3302833,252942,241015,12064,253079,2683
2021-02-03,San Francisco,075,870044,32539,31983,905,32888,325
2021-02-03,San Joaquin,077,732212,63857,61976,2508,64484,880
2021-02-03,San Luis Obispo,079,281455,18657,17922,487,18409,206
2021-02-03,San Mateo,081,765935,37714,36227,369,36596,225
2021-02-03,Santa Barbara,083,443738,30358,29121,914,30035,315
2021-02-03,Santa Clara,085,1922200,105083,103278,482,103760,1364
2021-02-03,Santa Cruz,087,273765,14762,13611,703,14314,154
2021-02-03,Shasta,089,179085,10509,10422,1112,11534,130
2021-02-03,Sierra,091,2930,49,42,12,54,0
2021-02-03,Siskiyou,093,43540,1364,1268,200,1468,4
2021-02-03,Solano,095,438530,28660,28057,325,28382,119
2021-02-03,Sonoma,097,501317,26520,26155,142,26297,248
2021-02-03,Stanislaus,099,539301,48083,46598,4915,51513,662
2021-02-03,Sutter,101,95872,8482,8379,76,8455,90
2021-02-03,Tehama,103,63373,4424,4309,461,4770,21
2021-02-03,Trinity,105,12862,445,260,63,323,3
2021-02-03,Tulare,107,460477,46405,44838,6974,51812,640
2021-02-03,Tuolumne,109,53932,3563,3568,34,3602,45
2021-02-03,Ventura,111,848112,73789,72124,2572,74696,526
2021-02-03,Yolo,113,214977,12303,11933,138,12071,161
2021-02-03,Yuba,115,75493,5228,5124,75,5199,34
2021-02-02,Alameda,001,1643700,76405,74642,1578,76220,869
2021-02-02,Alpine,002,1148,73,72,0,72,0
2021-02-02,Amador,005,37829,3307,3275,26,3301,33
2021-02-02,Butte,007,227075,10848,10307,1525,11832,141
2021-02-02,Calaveras,009,45235,1820,1786,11,1797,21
2021-02-02,Colusa,011,21464,1791,1769,223,1992,9
2021-02-02,Contra Costa,013,1133247,59432,57551,975,58526,536
2021-02-02,Del Norte,015,27424,901,868,4,872,2
2021-02-02,El Dorado,017,186661,8706,8405,572,8977,84
2021-02-02,Fresno,019,978130,92327,89542,7040,96582,1009
2021-02-02,Glenn,021,27897,2158,2090,453,2543,14
2021-02-02,Humboldt,023,135768,2893,2784,19,2803,25
2021-02-02,Imperial,025,180216,26763,26317,2354,28671,535
2021-02-02,Inyo,027,18085,1131,1074,8,1082,27
2021-02-02,Kern,029,883053,89549,86485,8702,95187,867
2021-02-02,Kings,031,150075,21398,20785,885,21670,172
2021-02-02,Lake,033,64148,2947,2857,1,2858,33
2021-02-02,Lassen,035,31185,4991,4908,86,4994,1
2021-02-02,Los Angeles,037,10098052,1137091,1097573,36064,1133637,16913
2021-02-02,Madera,039,155013,14962,14595,727,15322,94
2021-02-02,Marin,041,260295,4134,12367,144,12511,189
2021-02-02,Mariposa,043,17540,362,345,3,348,4
2021-02-02,Mendocino,045,87422,3390,3210,65,3275,38
2021-02-02,Merced,047,269075,26735,26427,776,27203,340
2021-02-02,Modoc,049,8938,320,306,105,411,3
2021-02-02,Mono,051,14174,1143,1147,16,1163,3
2021-02-02,Monterey,053,433212,40290,39371,1433,40804,278
2021-02-02,Napa,055,140530,8624,8505,30,8535,53
2021-02-02,Nevada,057,99092,3725,3548,145,3693,20
2021-02-02,Orange,059,3164182,238818,233783,9557,243340,3152
2021-02-02,Placer,061,380077,19654,18615,1001,19616,205
2021-02-02,Plumas,063,18699,625,560,10,570,2
2021-02-02,Riverside,065,2383286,276595,267901,12816,280717,3169
2021-02-02,Sacramento,067,1510023,89318,87107,1093,88200,1202
2021-02-02,San Benito,069,59416,5500,5444,72,5516,50
2021-02-02,San Bernardino,071,2135413,279036,270486,8141,278627,2244
2021-02-02,San Diego,073,3302833,251903,240047,11977,252024,2629
2021-02-02,San Francisco,075,870044,32385,31788,895,32683,324
2021-02-02,San Joaquin,077,732212,63636,61708,2495,64203,878
2021-02-02,San Luis Obispo,079,281455,18563,17811,485,18296,201
2021-02-02,San Mateo,081,765935,37550,36004,363,36367,225
2021-02-02,Santa Barbara,083,443738,30187,28951,907,29858,304
2021-02-02,Santa Clara,085,1922200,104618,102872,477,103349,1349
2021-02-02,Santa Cruz,087,273765,14703,13572,699,14271,150
2021-02-02,Shasta,089,179085,10483,10371,1102,11473,128
2021-02-02,Sierra,091,2930,49,42,12,54,0
2021-02-02,Siskiyou,093,43540,1357,1252,197,1449,4
2021-02-02,Solano,095,438530,28565,27963,321,28284,118
2021-02-02,Sonoma,097,501317,26404,26054,142,26196,247
2021-02-02,Stanislaus,099,539301,47864,46306,4883,51189,641
2021-02-02,Sutter,101,95872,8459,8340,76,8416,89
2021-02-02,Tehama,103,63373,4410,4289,460,4749,21
2021-02-02,Trinity,105,12862,445,260,63,323,3
2021-02-02,Tulare,107,460477,46248,44720,6909,51629,625
2021-02-02,Tuolumne,109,53932,3551,3548,34,3582,39
2021-02-02,Ventura,111,848112,73373,71557,2562,74119,514
2021-02-02,Yolo,113,214977,12258,11886,136,12022,158
2021-02-02,Yuba,115,75493,5210,5111,74,5185,34
2021-02-01,Alameda,001,1643700,76049,74374,1573,75947,858
2021-02-01,Alpine,002,1148,73,72,0,72,0
2021-02-01,Amador,005,37829,3296,3234,26,3260,32
2021-02-01,Butte,007,227075,10804,10263,1521,11784,141
2021-02-01,Calaveras,009,45235,1813,1785,11,1796,21
2021-02-01,Colusa,011,21464,1786,1763,214,1977,9
2021-02-01,Contra Costa,013,1133247,59190,57324,974,58298,531
2021-02-01,Del Norte,015,27424,897,865,4,869,2
2021-02-01,El Dorado,017,186661,8667,8337,572,8909,83
2021-02-01,Fresno,019,978130,91995,89272,7005,96277,994
2021-02-01,Glenn,021,27897,2142,2086,445,2531,14
2021-02-01,Humboldt,023,135768,2872,2773,18,2791,25
2021-02-01,Imperial,025,180216,26720,26224,2352,28576,530
2021-02-01,Inyo,027,18085,1121,1072,8,1080,27
2021-02-01,Kern,029,883053,89152,86170,8634,94804,862
2021-02-01,Kings,031,150075,21307,20746,877,21623,172
2021-02-01,Lake,033,64148,2931,2843,1,2844,33
2021-02-01,Lassen,035,31185,4971,4907,86,4993,1
2021-02-01,Los Angeles,037,10098052,1133262,1094341,35900,1130241,16695
2021-02-01,Madera,039,155013,14927,14572,724,15296,94
2021-02-01,Marin,041,260295,4095,12341,143,12484,188
2021-02-01,Mariposa,043,17540,360,344,3,347,4
2021-02-01,Mendocino,045,87422,3357,3192,65,3257,37
2021-02-01,Merced,047,269075,26611,26282,767,27049,337
2021-02-01,Modoc,049,8938,314,303,101,404,1
2021-02-01,Mono,051,14174,1140,1145,16,1161,3
2021-02-01,Monterey,053,433212,40106,39196,1412,40608,278
2021-02-01,Napa,055,140530,8591,8449,30,8479,52
2021-02-01,Nevada,057,99092,3708,3535,144,3679,20
2021-02-01,Orange,059,3164182,237903,233155,9512,242667,3100
2021-02-01,Placer,061,380077,19587,18574,994,19568,204
2021-02-01,Plumas,063,18699,623,554,10,564,2
2021-02-01,Riverside,065,2383286,275655,267025,12781,279806,3092
2021-02-01,Sacramento,067,1510023,88915,86856,1082,87938,1193
2021-02-01,San Benito,069,59416,5482,5432,72,5504,48
2021-02-01,San Bernardino,071,2135413,278340,270012,8102,278114,2172
2021-02-01,San Diego,073,3302833,250678,239121,11901,251022,2619
2021-02-01,San Francisco,075,870044,32250,31703,883,32586,324
2021-02-01,San Joaquin,077,732212,63430,61542,2484,64026,877
2021-02-01,San Luis Obispo,079,281455,18443,17690,478,18168,199
2021-02-01,San Mateo,081,765935,37401,35843,363,36206,220
2021-02-01,Santa Barbara,083,443738,30018,28837,899,29736,297
2021-02-01,Santa Clara,085,1922200,104201,102462,476,102938,1343
2021-02-01,Santa Cruz,087,273765,14650,13524,697,14221,149
2021-02-01,Shasta,089,179085,10458,10329,1096,11425,112
2021-02-01,Sierra,091,2930,49,42,12,54,0
2021-02-01,Siskiyou,093,43540,1350,1238,194,1432,4
2021-02-01,Solano,095,438530,28460,27844,320,28164,117
2021-02-01,Sonoma,097,501317,26316,26011,141,26152,243
2021-02-01,Stanislaus,099,539301,47607,46112,4855,50967,642
2021-02-01,Sutter,101,95872,8420,8313,76,8389,89
2021-02-01,Tehama,103,63373,4384,4263,460,4723,21
2021-02-01,Trinity,105,12862,443,260,63,323,3
2021-02-01,Tulare,107,460477,46103,44569,6829,51398,618
2021-02-01,Tuolumne,109,53932,3543,3534,34,3568,39
2021-02-01,Ventura,111,848112,72968,71104,2545,73649,502
2021-02-01,Yolo,113,214977,12211,11824,135,11959,151
2021-02-01,Yuba,115,75493,5196,5084,73,5157,33
2021-01-31,Alameda,001,1643700,75624,73979,1565,75544,857
2021-01-31,Alpine,002,1148,73,72,0,72,0
2021-01-31,Amador,005,37829,3286,3212,25,3237,32
2021-01-31,Butte,007,227075,10759,10215,1511,11726,140
2021-01-31,Calaveras,009,45235,1793,1778,11,1789,21
2021-01-31,Colusa,011,21464,1780,1754,209,1963,9
2021-01-31,Contra Costa,013,1133247,58859,57079,974,58053,531
2021-01-31,Del Norte,015,27424,895,865,4,869,2
2021-01-31,El Dorado,017,186661,8629,8317,570,8887,83
2021-01-31,Fresno,019,978130,91683,88852,6951,95803,994
2021-01-31,Glenn,021,27897,2132,2083,444,2527,14
2021-01-31,Humboldt,023,135768,2856,2767,18,2785,25
2021-01-31,Imperial,025,180216,26647,26206,2343,28549,530
2021-01-31,Inyo,027,18085,1108,1072,8,1080,27
2021-01-31,Kern,029,883053,88655,85872,8550,94422,861
2021-01-31,Kings,031,150075,21223,20709,865,21574,172
2021-01-31,Lake,033,64148,2910,2826,1,2827,33
2021-01-31,Lassen,035,31185,4955,4900,86,4986,1
2021-01-31,Los Angeles,037,10098052,1128629,1090304,35701,1126005,16609
2021-01-31,Madera,039,155013,14873,14496,716,15212,94
2021-01-31,Marin,041,260295,4048,12297,139,12436,185
2021-01-31,Mariposa,043,17540,358,344,3,347,4
2021-01-31,Mendocino,045,87422,3334,3181,64,3245,37
2021-01-31,Merced,047,269075,26469,26222,762,26984,337
2021-01-31,Modoc,049,8938,311,304,99,403,1
2021-01-31,Mono,051,14174,1137,1146,16,1162,3
2021-01-31,Monterey,053,433212,39927,39035,1385,40420,278
2021-01-31,Napa,055,140530,8550,8404,30,8434,52
2021-01-31,Nevada,057,99092,3686,3518,142,3660,20
2021-01-31,Orange,059,3164182,236886,232347,9472,241819,3053
2021-01-31,Placer,061,380077,19510,18506,983,19489,204
2021-01-31,Plumas,063,18699,622,554,10,564,2
2021-01-31,Riverside,065,2383286,274638,266145,12734,278879,3074
2021-01-31,Sacramento,067,1510023,88474,86560,1068,87628,1186
2021-01-31,San Benito,069,59416,5460,5425,70,5495,48
2021-01-31,San Bernardino,071,2135413,277338,269533,8073,277606,2156
2021-01-31,San Diego,073,3302833,249365,238039,11787,249826,2619
2021-01-31,San Francisco,075,870044,32060,31563,872,32435,323
2021-01-31,San Joaquin,077,732212,63029,61379,2475,63854,877
2021-01-31,San Luis Obispo,079,281455,18310,17615,473,18088,199
2021-01-31,San Mateo,081,765935,37211,35659,360,36019,219
2021-01-31,Santa Barbara,083,443738,29774,28570,890,29460,297
2021-01-31,Santa Clara,085,1922200,103666,101986,467,102453,1330
2021-01-31,Santa Cruz,087,273765,14555,13469,683,14152,149
2021-01-31,Shasta,089,179085,10413,10313,1088,11401,112
2021-01-31,Sierra,091,2930,48,43,12,55,0
2021-01-31,Siskiyou,093,43540,1340,1238,194,1432,4
2021-01-31,Solano,095,438530,28330,27678,320,27998,118
2021-01-31,Sonoma,097,501317,26213,25925,140,26065,243
2021-01-31,Stanislaus,099,539301,47323,45971,4825,50796,642
2021-01-31,Sutter,101,95872,8375,8289,76,8365,89
2021-01-31,Tehama,103,63373,4362,4256,459,4715,21
2021-01-31,Trinity,105,12862,441,260,63,323,3
2021-01-31,Tulare,107,460477,45935,44440,6750,51190,618
2021-01-31,Tuolumne,109,53932,3505,3519,34,3553,39
2021-01-31,Ventura,111,848112,72373,70635,2532,73167,502
2021-01-31,Yolo,113,214977,12152,11771,135,11906,151
2021-01-31,Yuba,115,75493,5176,5071,73,5144,33
2021-01-30,Alameda,001,1643700,75421,73622,1560,75182,850
2021-01-30,Alpine,002,1148,73,72,0,72,0
2021-01-30,Amador,005,37829,3282,3181,25,3206,32
2021-01-30,Butte,007,227075,10725,10177,1502,11679,139
2021-01-30,Calaveras,009,45235,1780,1763,11,1774,21
2021-01-30,Colusa,011,21464,1778,1748,209,1957,9
2021-01-30,Contra Costa,013,1133247,58680,56763,970,57733,531
2021-01-30,Del Norte,015,27424,894,865,4,869,2
2021-01-30,El Dorado,017,186661,8609,8299,569,8868,83
2021-01-30,Fresno,019,978130,91503,88476,6931,95407,964
2021-01-30,Glenn,021,27897,2129,2074,442,2516,14
2021-01-30,Humboldt,023,135768,2845,2742,18,2760,24
2021-01-30,Imperial,025,180216,26623,26160,2341,28501,530
2021-01-30,Inyo,027,18085,1104,1068,8,1076,27
2021-01-30,Kern,029,883053,88454,85572,8485,94057,848
2021-01-30,Kings,031,150075,21152,20605,860,21465,169
2021-01-30,Lake,033,64148,2904,2809,1,2810,33
2021-01-30,Lassen,035,31185,4951,4890,86,4976,1
2021-01-30,Los Angeles,037,10098052,1126232,1084763,35558,1120321,16484
2021-01-30,Madera,039,155013,14831,14443,711,15154,94
2021-01-30,Marin,041,260295,4021,12225,138,12363,185
2021-01-30,Mariposa,043,17540,356,344,3,347,4
2021-01-30,Mendocino,045,87422,3320,3153,63,3216,36
2021-01-30,Merced,047,269075,26396,26078,760,26838,335
2021-01-30,Modoc,049,8938,311,303,99,402,1
2021-01-30,Mono,051,14174,1137,1143,16,1159,3
2021-01-30,Monterey,053,433212,39867,38847,1383,40230,277
2021-01-30,Napa,055,140530,8534,8342,30,8372,52
2021-01-30,Nevada,057,99092,3667,3499,142,3641,20
2021-01-30,Orange,059,3164182,236341,231358,9436,240794,3013
2021-01-30,Placer,061,380077,19457,18430,977,19407,205
2021-01-30,Plumas,063,18699,620,554,10,564,2
2021-01-30,Riverside,065,2383286,274042,265137,12703,277840,3061
2021-01-30,Sacramento,067,1510023,88283,86388,1063,87451,1184
2021-01-30,San Benito,069,59416,5442,5401,69,5470,48
2021-01-30,San Bernardino,071,2135413,276910,268660,8053,276713,2122
2021-01-30,San Diego,073,3302833,248600,236765,11742,248507,2603
2021-01-30,San Francisco,075,870044,31959,31427,869,32296,316
2021-01-30,San Joaquin,077,732212,62897,61120,2466,63586,864
2021-01-30,San Luis Obispo,079,281455,18230,17522,472,17994,198
2021-01-30,San Mateo,081,765935,37072,35451,359,35810,219
2021-01-30,Santa Barbara,083,443738,29632,28342,888,29230,296
2021-01-30,Santa Clara,085,1922200,103337,101471,465,101936,1307
2021-01-30,Santa Cruz,087,273765,14515,13383,682,14065,149
2021-01-30,Shasta,089,179085,10394,10283,1085,11368,112
2021-01-30,Sierra,091,2930,48,43,12,55,0
2021-01-30,Siskiyou,093,43540,1337,1236,193,1429,4
2021-01-30,Solano,095,438530,28247,27511,319,27830,118
2021-01-30,Sonoma,097,501317,26165,25810,137,25947,243
2021-01-30,Stanislaus,099,539301,47193,45697,4798,50495,642
2021-01-30,Sutter,101,95872,8359,8226,76,8302,87
2021-01-30,Tehama,103,63373,4349,4229,458,4687,21
2021-01-30,Trinity,105,12862,441,259,63,322,3
2021-01-30,Tulare,107,460477,45799,44203,6714,50917,615
2021-01-30,Tuolumne,109,53932,3501,3508,34,3542,36
2021-01-30,Ventura,111,848112,72061,69931,2518,72449,493
2021-01-30,Yolo,113,214977,12138,11698,134,11832,151
2021-01-30,Yuba,115,75493,5166,5042,72,5114,33
2021-01-29,Alameda,001,1643700,75154,73210,1553,74763,841
2021-01-29,Alpine,002,1148,73,72,0,72,0
2021-01-29,Amador,005,37829,3270,3134,24,3158,32
2021-01-29,Butte,007,227075,10693,10122,1493,11615,138
2021-01-29,Calaveras,009,45235,1769,1757,11,1768,21
2021-01-29,Colusa,011,21464,1774,1734,208,1942,8
2021-01-29,Contra Costa,013,1133247,58513,56318,968,57286,529
2021-01-29,Del Norte,015,27424,893,865,4,869,2
2021-01-29,El Dorado,017,186661,8592,8231,568,8799,83
2021-01-29,Fresno,019,978130,91289,87936,6894,94830,962
2021-01-29,Glenn,021,27897,2124,2061,441,2502,14
2021-01-29,Humboldt,023,135768,2832,2707,18,2725,24
2021-01-29,Imperial,025,180216,26608,26045,2338,28383,521
2021-01-29,Inyo,027,18085,1092,1048,8,1056,27
2021-01-29,Kern,029,883053,88227,85044,8434,93478,836
2021-01-29,Kings,031,150075,21113,20466,855,21321,169
2021-01-29,Lake,033,64148,2894,2792,1,2793,32
2021-01-29,Lassen,035,31185,4948,4874,86,4960,1
2021-01-29,Los Angeles,037,10098052,1122735,1078329,35409,1113738,16190
2021-01-29,Madera,039,155013,14784,14377,711,15088,94
2021-01-29,Marin,041,260295,3976,12145,137,12282,185
2021-01-29,Mariposa,043,17540,355,342,3,345,4
2021-01-29,Mendocino,045,87422,3311,3131,62,3193,36
2021-01-29,Merced,047,269075,26322,25865,755,26620,334
2021-01-29,Modoc,049,8938,310,297,99,396,1
2021-01-29,Mono,051,14174,1135,1139,16,1155,3
2021-01-29,Monterey,053,433212,39754,38539,1375,39914,277
2021-01-29,Napa,055,140530,8503,8276,30,8306,52
2021-01-29,Nevada,057,99092,3658,3487,141,3628,20
2021-01-29,Orange,059,3164182,235665,229917,9399,239316,2967
2021-01-29,Placer,061,380077,19404,18367,973,19340,203
2021-01-29,Plumas,063,18699,619,548,10,558,2
2021-01-29,Riverside,065,2383286,273241,263504,12671,276175,3008
2021-01-29,Sacramento,067,1510023,88029,86320,1058,87378,1169
2021-01-29,San Benito,069,59416,5434,5386,69,5455,48
2021-01-29,San Bernardino,071,2135413,276392,267490,8015,275505,2095
2021-01-29,San Diego,073,3302833,247658,234637,11664,246301,2571
2021-01-29,San Francisco,075,870044,31820,31294,861,32155,307
2021-01-29,San Joaquin,077,732212,62753,60899,2452,63351,858
2021-01-29,San Luis Obispo,079,281455,18170,17440,467,17907,193
2021-01-29,San Mateo,081,765935,36939,35223,356,35579,218
2021-01-29,Santa Barbara,083,443738,29499,28105,882,28987,291
2021-01-29,Santa Clara,085,1922200,102982,101010,463,101473,1273
2021-01-29,Santa Cruz,087,273765,14462,13311,679,13990,148
2021-01-29,Shasta,089,179085,10378,10220,1081,11301,112
2021-01-29,Sierra,091,2930,48,43,12,55,0
2021-01-29,Siskiyou,093,43540,1336,1227,193,1420,4
2021-01-29,Solano,095,438530,28164,27352,317,27669,116
2021-01-29,Sonoma,097,501317,26109,25710,136,25846,243
2021-01-29,Stanislaus,099,539301,47050,45466,4776,50242,642
2021-01-29,Sutter,101,95872,8340,8181,76,8257,87
2021-01-29,Tehama,103,63373,4337,4191,456,4647,20
2021-01-29,Trinity,105,12862,441,260,63,323,3
2021-01-29,Tulare,107,460477,45692,43925,6675,50600,606
2021-01-29,Tuolumne,109,53932,3491,3483,34,3517,36
2021-01-29,Ventura,111,848112,71639,69511,2505,72016,484
2021-01-29,Yolo,113,214977,12100,11612,134,11746,151
2021-01-29,Yuba,115,75493,5151,5018,72,5090,32
2021-01-28,Alameda,001,1643700,74731,72758,1545,74303,833
2021-01-28,Alpine,002,1148,73,72,0,72,0
2021-01-28,Amador,005,37829,3233,3124,24,3148,31
2021-01-28,Butte,007,227075,10652,10037,1484,11521,138
2021-01-28,Calaveras,009,45235,1756,1747,10,1757,21
2021-01-28,Colusa,011,21464,1767,1731,204,1935,8
2021-01-28,Contra Costa,013,1133247,58270,55999,958,56957,525
2021-01-28,Del Norte,015,27424,892,862,4,866,2
2021-01-28,El Dorado,017,186661,8577,8198,563,8761,79
2021-01-28,Fresno,019,978130,91002,87401,6847,94248,949
2021-01-28,Glenn,021,27897,2119,2043,434,2477,14
2021-01-28,Humboldt,023,135768,2815,2686,18,2704,24
2021-01-28,Imperial,025,180216,26565,25984,2331,28315,517
2021-01-28,Inyo,027,18085,1087,1039,8,1047,27
2021-01-28,Kern,029,883053,87898,84708,8351,93059,817
2021-01-28,Kings,031,150075,21053,20328,852,21180,167
2021-01-28,Lake,033,64148,2879,2772,1,2773,32
2021-01-28,Lassen,035,31185,4942,4865,86,4951,1
2021-01-28,Los Angeles,037,10098052,1118822,1072412,35221,1107633,15967
2021-01-28,Madera,039,155013,14729,14301,707,15008,94
2021-01-28,Marin,041,260295,3927,12079,136,12215,183
2021-01-28,Mariposa,043,17540,355,334,3,337,4
2021-01-28,Mendocino,045,87422,3294,3110,62,3172,36
2021-01-28,Merced,047,269075,26200,25620,743,26363,328
2021-01-28,Modoc,049,8938,309,297,99,396,0
2021-01-28,Mono,051,14174,1133,1131,16,1147,3
2021-01-28,Monterey,053,433212,39560,38312,1356,39668,274
2021-01-28,Napa,055,140530,8456,8233,30,8263,50
2021-01-28,Nevada,057,99092,3643,3452,140,3592,19
2021-01-28,Orange,059,3164182,234690,228636,9369,238005,2860
2021-01-28,Placer,061,380077,19344,18246,970,19216,198
2021-01-28,Plumas,063,18699,618,547,10,557,2
2021-01-28,Riverside,065,2383286,272462,262342,12623,274965,2981
2021-01-28,Sacramento,067,1510023,87664,85698,1047,86745,1149
2021-01-28,San Benito,069,59416,5416,5344,68,5412,47
2021-01-28,San Bernardino,071,2135413,275690,266456,7994,274450,2057
2021-01-28,San Diego,073,3302833,246505,232967,11575,244542,2534
2021-01-28,San Francisco,075,870044,31683,31193,845,32038,290
2021-01-28,San Joaquin,077,732212,62491,60627,2438,63065,854
2021-01-28,San Luis Obispo,079,281455,18070,17279,465,17744,189
2021-01-28,San Mateo,081,765935,36770,34931,340,35271,218
2021-01-28,Santa Barbara,083,443738,29276,27674,869,28543,284
2021-01-28,Santa Clara,085,1922200,102526,100470,461,100931,1219
2021-01-28,Santa Cruz,087,273765,14373,13188,673,13861,145
2021-01-28,Shasta,089,179085,10344,10176,1073,11249,110
2021-01-28,Sierra,091,2930,48,43,12,55,0
2021-01-28,Siskiyou,093,43540,1329,1218,191,1409,4
2021-01-28,Solano,095,438530,28004,27163,316,27479,114
2021-01-28,Sonoma,097,501317,26018,25564,136,25700,236
2021-01-28,Stanislaus,099,539301,46842,45162,4757,49919,640
2021-01-28,Sutter,101,95872,8293,8136,76,8212,85
2021-01-28,Tehama,103,63373,4314,4163,453,4616,20
2021-01-28,Trinity,105,12862,439,260,63,323,3
2021-01-28,Tulare,107,460477,45537,43742,6600,50342,595
2021-01-28,Tuolumne,109,53932,3477,3472,34,3506,32
2021-01-28,Ventura,111,848112,71127,68896,2489,71385,475
2021-01-28,Yolo,113,214977,12057,11500,130,11630,151
2021-01-28,Yuba,115,75493,5135,4994,71,5065,32
2021-01-27,Alameda,001,1643700,74313,72188,1538,73726,815
2021-01-27,Alpine,002,1148,73,72,0,72,0
2021-01-27,Amador,005,37829,3217,3116,24,3140,31
2021-01-27,Butte,007,227075,10613,9988,1473,11461,138
2021-01-27,Calaveras,009,45235,1747,1737,10,1747,21
2021-01-27,Colusa,011,21464,1761,1724,202,1926,8
2021-01-27,Contra Costa,013,1133247,57975,55578,955,56533,507
2021-01-27,Del Norte,015,27424,891,859,4,863,2
2021-01-27,El Dorado,017,186661,8551,8141,562,8703,76
2021-01-27,Fresno,019,978130,90710,86886,6805,93691,938
2021-01-27,Glenn,021,27897,2115,2042,433,2475,14
2021-01-27,Humboldt,023,135768,2793,2630,18,2648,24
2021-01-27,Imperial,025,180216,26511,25861,2319,28180,504
2021-01-27,Inyo,027,18085,1083,1023,8,1031,27
2021-01-27,Kern,029,883053,87588,84244,8280,92524,809
2021-01-27,Kings,031,150075,20947,20211,844,21055,167
2021-01-27,Lake,033,64148,2859,2750,1,2751,32
2021-01-27,Lassen,035,31185,4936,4851,86,4937,1
2021-01-27,Los Angeles,037,10098052,1114009,1066569,35020,1101589,15757
2021-01-27,Madera,039,155013,14687,14194,702,14896,86
2021-01-27,Marin,041,260295,3889,12028,135,12163,180
2021-01-27,Mariposa,043,17540,355,333,3,336,4
2021-01-27,Mendocino,045,87422,3274,3095,62,3157,36
2021-01-27,Merced,047,269075,26041,25439,731,26170,315
2021-01-27,Modoc,049,8938,309,297,96,393,0
2021-01-27,Mono,051,14174,1131,1131,16,1147,3
2021-01-27,Monterey,053,433212,39353,38139,1337,39476,268
2021-01-27,Napa,055,140530,8383,8187,30,8217,46
2021-01-27,Nevada,057,99092,3621,3431,140,3571,18
2021-01-27,Orange,059,3164182,233573,227110,9317,236427,2832
2021-01-27,Placer,061,380077,19274,18106,959,19065,198
2021-01-27,Plumas,063,18699,618,544,10,554,2
2021-01-27,Riverside,065,2383286,271267,260796,12572,273368,2931
2021-01-27,Sacramento,067,1510023,87304,85428,1035,86463,1142
2021-01-27,San Benito,069,59416,5401,5284,68,5352,47
2021-01-27,San Bernardino,071,2135413,274836,265153,7961,273114,2019
2021-01-27,San Diego,073,3302833,245176,231478,11470,242948,2465
2021-01-27,San Francisco,075,870044,31538,31082,838,31920,287
2021-01-27,San Joaquin,077,732212,62221,60131,2418,62549,853
2021-01-27,San Luis Obispo,079,281455,17962,17119,461,17580,188
2021-01-27,San Mateo,081,765935,36615,34619,337,34956,216
2021-01-27,Santa Barbara,083,443738,29099,27435,863,28298,282
2021-01-27,Santa Clara,085,1922200,102111,99732,457,100189,1184
2021-01-27,Santa Cruz,087,273765,14303,13111,670,13781,143
2021-01-27,Shasta,089,179085,10310,10106,1067,11173,105
2021-01-27,Sierra,091,2930,48,44,12,56,0
2021-01-27,Siskiyou,093,43540,1324,1214,188,1402,4
2021-01-27,Solano,095,438530,27830,26982,309,27291,112
2021-01-27,Sonoma,097,501317,25920,25361,132,25493,237
2021-01-27,Stanislaus,099,539301,46658,44874,4732,49606,624
2021-01-27,Sutter,101,95872,8250,8093,76,8169,83
2021-01-27,Tehama,103,63373,4294,4133,449,4582,20
2021-01-27,Trinity,105,12862,439,260,63,323,3
2021-01-27,Tulare,107,460477,45350,43462,6530,49992,583
2021-01-27,Tuolumne,109,53932,3467,3464,34,3498,32
2021-01-27,Ventura,111,848112,70653,68291,2464,70755,468
2021-01-27,Yolo,113,214977,12010,11427,128,11555,151
2021-01-27,Yuba,115,75493,5119,4968,71,5039,32
2021-01-26,Alameda,001,1643700,73937,71851,1521,73372,789
2021-01-26,Alpine,002,1148,73,72,0,72,0
2021-01-26,Amador,005,37829,3206,3113,24,3137,31
2021-01-26,Butte,007,227075,10571,9943,1467,11410,136
2021-01-26,Calaveras,009,45235,1737,1723,10,1733,21
2021-01-26,Colusa,011,21464,1754,1719,199,1918,8
2021-01-26,Contra Costa,013,1133247,57701,55337,947,56284,491
2021-01-26,Del Norte,015,27424,890,856,4,860,2
2021-01-26,El Dorado,017,186661,8527,8115,560,8675,71
2021-01-26,Fresno,019,978130,90352,86673,6762,93435,923
2021-01-26,Glenn,021,27897,2105,2034,428,2462,13
2021-01-26,Humboldt,023,135768,2772,2612,17,2629,24
2021-01-26,Imperial,025,180216,26439,25812,2307,28119,498
2021-01-26,Inyo,027,18085,1077,1018,8,1026,27
2021-01-26,Kern,029,883053,87165,83868,8205,92073,790
2021-01-26,Kings,031,150075,20889,20156,839,20995,159
2021-01-26,Lake,033,64148,2851,2748,1,2749,32
2021-01-26,Lassen,035,31185,4930,4844,86,4930,1
2021-01-26,Los Angeles,037,10098052,1108717,1060492,34823,1095315,15458
2021-01-26,Madera,039,155013,14630,14130,696,14826,86
2021-01-26,Marin,041,260295,3845,11993,133,12126,179
2021-01-26,Mariposa,043,17540,353,332,3,335,3
2021-01-26,Mendocino,045,87422,3248,3076,61,3137,36
2021-01-26,Merced,047,269075,25901,25359,723,26082,309
2021-01-26,Modoc,049,8938,302,291,95,386,0
2021-01-26,Mono,051,14174,1129,1120,16,1136,3
2021-01-26,Monterey,053,433212,39159,37963,1317,39280,255
2021-01-26,Napa,055,140530,8326,8145,30,8175,43
2021-01-26,Nevada,057,99092,3614,3410,139,3549,18
2021-01-26,Orange,059,3164182,232449,225987,9271,235258,2760
2021-01-26,Placer,061,380077,19198,18016,957,18973,193
2021-01-26,Plumas,063,18699,616,536,10,546,2
2021-01-26,Riverside,065,2383286,269898,259399,12509,271908,2898
2021-01-26,Sacramento,067,1510023,86944,85062,1028,86090,1127
2021-01-26,San Benito,069,59416,5387,5251,67,5318,45
2021-01-26,San Bernardino,071,2135413,273841,263736,7919,271655,1970
2021-01-26,San Diego,073,3302833,243680,230063,11368,241431,2421
2021-01-26,San Francisco,075,870044,31406,30874,819,31693,286
2021-01-26,San Joaquin,077,732212,61969,59889,2402,62291,847
2021-01-26,San Luis Obispo,079,281455,17881,17016,458,17474,186
2021-01-26,San Mateo,081,765935,36421,34441,326,34767,213
2021-01-26,Santa Barbara,083,443738,28923,27321,851,28172,273
2021-01-26,Santa Clara,085,1922200,101632,99215,454,99669,1171
2021-01-26,Santa Cruz,087,273765,14237,13045,664,13709,134
2021-01-26,Shasta,089,179085,10275,10036,1059,11095,103
2021-01-26,Sierra,091,2930,48,43,12,55,0
2021-01-26,Siskiyou,093,43540,1309,1208,186,1394,4
2021-01-26,Solano,095,438530,27674,26858,302,27160,110
2021-01-26,Sonoma,097,501317,25801,25273,130,25403,236
2021-01-26,Stanislaus,099,539301,46476,44703,4692,49395,599
2021-01-26,Sutter,101,95872,8207,8067,76,8143,83
2021-01-26,Tehama,103,63373,4261,4115,449,4564,20
2021-01-26,Trinity,105,12862,439,260,63,323,3
2021-01-26,Tulare,107,460477,45147,43394,6462,49856,579
2021-01-26,Tuolumne,109,53932,3457,3451,34,3485,30
2021-01-26,Ventura,111,848112,70121,67526,2438,69964,448
2021-01-26,Yolo,113,214977,11966,11361,125,11486,148
2021-01-26,Yuba,115,75493,5094,4944,69,5013,31
2021-01-25,Alameda,001,1643700,73512,71255,1511,72766,780
2021-01-25,Alpine,002,1148,73,72,0,72,0
2021-01-25,Amador,005,37829,3166,3074,24,3098,30
2021-01-25,Butte,007,227075,10506,9865,1459,11324,133
2021-01-25,Calaveras,009,45235,1722,1713,10,1723,21
2021-01-25,Colusa,011,21464,1742,1709,195,1904,8
2021-01-25,Contra Costa,013,1133247,57349,54989,940,55929,488
2021-01-25,Del Norte,015,27424,890,855,4,859,2
2021-01-25,El Dorado,017,186661,8502,8060,559,8619,66
2021-01-25,Fresno,019,978130,89982,86336,6730,93066,913
2021-01-25,Glenn,021,27897,2096,2028,428,2456,13
2021-01-25,Humboldt,023,135768,2738,2587,17,2604,24
2021-01-25,Imperial,025,180216,26390,25745,2300,28045,491
2021-01-25,Inyo,027,18085,1071,1015,8,1023,27
2021-01-25,Kern,029,883053,86780,83401,8120,91521,787
2021-01-25,Kings,031,150075,20769,20067,835,20902,159
2021-01-25,Lake,033,64148,2833,2729,1,2730,32
2021-01-25,Lassen,035,31185,4903,4835,86,4921,1
2021-01-25,Los Angeles,037,10098052,1102753,1055181,34603,1089784,15163
2021-01-25,Madera,039,155013,14575,14068,691,14759,86
2021-01-25,Marin,041,260295,3796,11923,129,12052,177
2021-01-25,Mariposa,043,17540,350,331,3,334,3
2021-01-25,Mendocino,045,87422,3237,3054,61,3115,35
2021-01-25,Merced,047,269075,25762,25181,714,25895,305
2021-01-25,Modoc,049,8938,301,288,91,379,0
2021-01-25,Mono,051,14174,1126,1114,15,1129,3
2021-01-25,Monterey,053,433212,38907,37726,1298,39024,255
2021-01-25,Napa,055,140530,8292,8057,29,8086,43
2021-01-25,Nevada,057,99092,3600,3365,139,3504,18
2021-01-25,Orange,059,3164182,231240,225105,9226,234331,2696
2021-01-25,Placer,061,380077,19108,17936,942,18878,193
2021-01-25,Plumas,063,18699,613,533,10,543,2
2021-01-25,Riverside,065,2383286,268161,258082,12456,270538,2789
2021-01-25,Sacramento,067,1510023,86501,84653,1020,85673,1118
2021-01-25,San Benito,069,59416,5352,5238,66,5304,43
2021-01-25,San Bernardino,071,2135413,272915,263174,7883,271057,1947
2021-01-25,San Diego,073,3302833,242066,228630,11296,239926,2375
2021-01-25,San Francisco,075,870044,31260,30734,796,31530,288
2021-01-25,San Joaquin,077,732212,61678,59291,2377,61668,838
2021-01-25,San Luis Obispo,079,281455,17747,16868,453,17321,179
2021-01-25,San Mateo,081,765935,36188,34187,320,34507,213
2021-01-25,Santa Barbara,083,443738,28689,27065,841,27906,269
2021-01-25,Santa Clara,085,1922200,101108,98647,446,99093,1143
2021-01-25,Santa Cruz,087,273765,14150,12973,660,13633,133
2021-01-25,Shasta,089,179085,10234,9991,1048,11039,103
2021-01-25,Sierra,091,2930,48,42,12,54,0
2021-01-25,Siskiyou,093,43540,1301,1205,183,1388,4
2021-01-25,Solano,095,438530,27509,26648,301,26949,109
2021-01-25,Sonoma,097,501317,25694,25160,128,25288,233
2021-01-25,Stanislaus,099,539301,46230,44293,4650,48943,599
2021-01-25,Sutter,101,95872,8164,8023,76,8099,83
2021-01-25,Tehama,103,63373,4234,4082,445,4527,20
2021-01-25,Trinity,105,12862,439,262,63,325,3
2021-01-25,Tulare,107,460477,44930,43124,6360,49484,578
2021-01-25,Tuolumne,109,53932,3448,3422,34,3456,29
2021-01-25,Ventura,111,848112,69500,66910,2422,69332,439
2021-01-25,Yolo,113,214977,11882,11276,124,11400,140
2021-01-25,Yuba,115,75493,5073,4900,67,4967,31
2021-01-24,Alameda,001,1643700,73010,70823,1500,72323,780
2021-01-24,Alpine,002,1148,73,72,0,72,0
2021-01-24,Amador,005,37829,3133,3054,24,3078,30
2021-01-24,Butte,007,227075,10422,9820,1443,11263,133
2021-01-24,Calaveras,009,45235,1709,1704,10,1714,21
2021-01-24,Colusa,011,21464,1731,1689,189,1878,8
2021-01-24,Contra Costa,013,1133247,56963,54694,928,55622,488
2021-01-24,Del Norte,015,27424,886,855,4,859,2
2021-01-24,El Dorado,017,186661,8467,8003,555,8558,66
2021-01-24,Fresno,019,978130,89543,85808,6691,92499,911
2021-01-24,Glenn,021,27897,2088,2026,427,2453,13
2021-01-24,Humboldt,023,135768,2699,2562,17,2579,24
2021-01-24,Imperial,025,180216,26295,25707,2279,27986,488
2021-01-24,Inyo,027,18085,1055,1007,8,1015,27
2021-01-24,Kern,029,883053,86345,83125,8013,91138,785
2021-01-24,Kings,031,150075,20641,19988,819,20807,159
2021-01-24,Lake,033,64148,2816,2724,0,2724,32
2021-01-24,Lassen,035,31185,4892,4828,83,4911,1
2021-01-24,Los Angeles,037,10098052,1096333,1048757,34300,1083057,15119
2021-01-24,Madera,039,155013,14492,14000,685,14685,86
2021-01-24,Marin,041,260295,3732,11872,128,12000,177
2021-01-24,Mariposa,043,17540,346,322,3,325,3
2021-01-24,Mendocino,045,87422,3216,3037,60,3097,33
2021-01-24,Merced,047,269075,25551,25047,705,25752,305
2021-01-24,Modoc,049,8938,301,285,91,376,0
2021-01-24,Mono,051,14174,1119,1113,15,1128,3
2021-01-24,Monterey,053,433212,38635,37527,1264,38791,254
2021-01-24,Napa,055,140530,8250,8005,29,8034,43
2021-01-24,Nevada,057,99092,3558,3349,137,3486,18
2021-01-24,Orange,059,3164182,229807,223853,9157,233010,2632
2021-01-24,Placer,061,380077,18995,17839,922,18761,193
2021-01-24,Plumas,063,18699,610,532,10,542,2
2021-01-24,Riverside,065,2383286,266522,256767,12380,269147,2761
2021-01-24,Sacramento,067,1510023,85948,84110,1012,85122,1112
2021-01-24,San Benito,069,59416,5310,5223,63,5286,43
2021-01-24,San Bernardino,071,2135413,271602,262370,7831,270201,1935
2021-01-24,San Diego,073,3302833,240372,227193,11165,238358,2375
2021-01-24,San Francisco,075,870044,31069,30559,775,31334,275
2021-01-24,San Joaquin,077,732212,61253,59021,2363,61384,838
2021-01-24,San Luis Obispo,079,281455,17622,16758,451,17209,179
2021-01-24,San Mateo,081,765935,35943,33956,314,34270,213
2021-01-24,Santa Barbara,083,443738,28374,26735,831,27566,269
2021-01-24,Santa Clara,085,1922200,100473,98103,441,98544,1109
2021-01-24,Santa Cruz,087,273765,14064,12905,652,13557,133
2021-01-24,Shasta,089,179085,10163,9978,1039,11017,103
2021-01-24,Sierra,091,2930,47,42,12,54,0
2021-01-24,Siskiyou,093,43540,1294,1195,183,1378,4
2021-01-24,Solano,095,438530,27324,26515,297,26812,109
2021-01-24,Sonoma,097,501317,25532,25045,127,25172,233
2021-01-24,Stanislaus,099,539301,45921,44031,4591,48622,599
2021-01-24,Sutter,101,95872,8100,7980,76,8056,83
2021-01-24,Tehama,103,63373,4194,4062,442,4504,20
2021-01-24,Trinity,105,12862,439,262,63,325,3
2021-01-24,Tulare,107,460477,44709,43006,6271,49277,577
2021-01-24,Tuolumne,109,53932,3437,3416,34,3450,29
2021-01-24,Ventura,111,848112,68810,66347,2400,68747,439
2021-01-24,Yolo,113,214977,11799,11210,120,11330,140
2021-01-24,Yuba,115,75493,5033,4875,66,4941,31
2021-01-23,Alameda,001,1643700,72762,70080,1494,71574,780
2021-01-23,Alpine,002,1148,73,72,0,72,0
2021-01-23,Amador,005,37829,3130,3049,24,3073,30
2021-01-23,Butte,007,227075,10393,9757,1440,11197,133
2021-01-23,Calaveras,009,45235,1706,1695,10,1705,21
2021-01-23,Colusa,011,21464,1727,1672,188,1860,8
2021-01-23,Contra Costa,013,1133247,56750,54162,922,55084,487
2021-01-23,Del Norte,015,27424,884,855,4,859,2
2021-01-23,El Dorado,017,186661,8451,7984,553,8537,66
2021-01-23,Fresno,019,978130,89356,85274,6662,91936,910
2021-01-23,Glenn,021,27897,2085,2015,423,2438,13
2021-01-23,Humboldt,023,135768,2680,2493,16,2509,23
2021-01-23,Imperial,025,180216,26261,25581,2267,27848,487
2021-01-23,Inyo,027,18085,1046,987,8,995,27
2021-01-23,Kern,029,883053,86102,82602,7945,90547,783
2021-01-23,Kings,031,150075,20597,19904,817,20721,159
2021-01-23,Lake,033,64148,2807,2673,0,2673,32
2021-01-23,Lassen,035,31185,4891,4816,80,4896,1
2021-01-23,Los Angeles,037,10098052,1093094,1040961,34142,1075103,15034
2021-01-23,Madera,039,155013,14455,13858,683,14541,86
2021-01-23,Marin,041,260295,3676,11796,126,11922,177
2021-01-23,Mariposa,043,17540,346,323,3,326,3
2021-01-23,Mendocino,045,87422,3202,2991,60,3051,32
2021-01-23,Merced,047,269075,25459,24787,691,25478,303
2021-01-23,Modoc,049,8938,301,285,91,376,0
2021-01-23,Mono,051,14174,1117,1111,15,1126,3
2021-01-23,Monterey,053,433212,38552,37165,1259,38424,253
2021-01-23,Napa,055,140530,8225,7893,29,7922,43
2021-01-23,Nevada,057,99092,3547,3332,136,3468,18
2021-01-23,Orange,059,3164182,229038,221722,9117,230839,2618
2021-01-23,Placer,061,380077,18945,17617,917,18534,193
2021-01-23,Plumas,063,18699,609,528,10,538,2
2021-01-23,Riverside,065,2383286,265622,253636,12330,265966,2733
2021-01-23,Sacramento,067,1510023,85720,83408,1009,84417,1108
2021-01-23,San Benito,069,59416,5286,5166,62,5228,43
2021-01-23,San Bernardino,071,2135413,271045,260381,7801,268182,1922
2021-01-23,San Diego,073,3302833,239311,225556,11093,236649,2344
2021-01-23,San Francisco,075,870044,30964,30308,745,31053,268
2021-01-23,San Joaquin,077,732212,61125,58164,2353,60517,836
2021-01-23,San Luis Obispo,079,281455,17558,16652,448,17100,176
2021-01-23,San Mateo,081,765935,35767,33696,303,33999,213
2021-01-23,Santa Barbara,083,443738,28189,26234,822,27056,264
2021-01-23,Santa Clara,085,1922200,100114,97189,440,97629,1086
2021-01-23,Santa Cruz,087,273765,14006,12771,649,13420,127
2021-01-23,Shasta,089,179085,10134,9951,1038,10989,103
2021-01-23,Sierra,091,2930,47,41,12,53,0
2021-01-23,Siskiyou,093,43540,1285,1190,182,1372,4
2021-01-23,Solano,095,438530,27231,26261,295,26556,107
2021-01-23,Sonoma,097,501317,25452,24790,127,24917,232
2021-01-23,Stanislaus,099,539301,45754,43723,4560,48283,599
2021-01-23,Sutter,101,95872,8082,7943,75,8018,80
2021-01-23,Tehama,103,63373,4175,4006,441,4447,20
2021-01-23,Trinity,105,12862,439,262,63,325,3
2021-01-23,Tulare,107,460477,44556,42661,6211,48872,575
2021-01-23,Tuolumne,109,53932,3430,3407,34,3441,29
2021-01-23,Ventura,111,848112,68354,65581,2377,67958,438
2021-01-23,Yolo,113,214977,11758,11087,118,11205,141
2021-01-23,Yuba,115,75493,5021,4831,65,4896,30
2021-01-22,Alameda,001,1643700,72444,69693,1487,71180,751
2021-01-22,Alpine,002,1148,73,71,0,71,0
2021-01-22,Amador,005,37829,3125,3042,24,3066,30
2021-01-22,Butte,007,227075,10349,9711,1427,11138,133
2021-01-22,Calaveras,009,45235,1697,1672,10,1682,21
2021-01-22,Colusa,011,21464,1725,1668,188,1856,7
2021-01-22,Contra Costa,013,1133247,56512,53887,916,54803,485
2021-01-22,Del Norte,015,27424,883,852,4,856,2
2021-01-22,El Dorado,017,186661,8418,7877,550,8427,64
2021-01-22,Fresno,019,978130,89016,84744,6634,91378,892
2021-01-22,Glenn,021,27897,2080,1985,417,2402,13
2021-01-22,Humboldt,023,135768,2656,2452,16,2468,23
2021-01-22,Imperial,025,180216,26227,25562,2252,27814,474
2021-01-22,Inyo,027,18085,1035,961,8,969,26
2021-01-22,Kern,029,883053,85805,82101,7869,89970,771
2021-01-22,Kings,031,150075,20521,19760,813,20573,159
2021-01-22,Lake,033,64148,2795,2681,0,2681,32
2021-01-22,Lassen,035,31185,4882,4765,79,4844,1
2021-01-22,Los Angeles,037,10098052,1088624,1031177,33955,1065132,14777
2021-01-22,Madera,039,155013,14395,13781,682,14463,86
2021-01-22,Marin,041,260295,3639,11769,124,11893,177
2021-01-22,Mariposa,043,17540,346,323,3,326,3
2021-01-22,Mendocino,045,87422,3177,2994,59,3053,32
2021-01-22,Merced,047,269075,25336,24616,684,25300,290
2021-01-22,Modoc,049,8938,301,285,91,376,0
2021-01-22,Mono,051,14174,1117,1108,15,1123,3
2021-01-22,Monterey,053,433212,38399,36909,1254,38163,253
2021-01-22,Napa,055,140530,8181,7828,29,7857,40
2021-01-22,Nevada,057,99092,3522,3296,135,3431,18
2021-01-22,Orange,059,3164182,228085,220384,9070,229454,2542
2021-01-22,Placer,061,380077,18888,17636,902,18538,193
2021-01-22,Plumas,063,18699,607,522,10,532,2
2021-01-22,Riverside,065,2383286,264478,252440,12264,264704,2710
2021-01-22,Sacramento,067,1510023,85389,82861,1001,83862,1094
2021-01-22,San Benito,069,59416,5260,5143,62,5205,43
2021-01-22,San Bernardino,071,2135413,270243,259121,7771,266892,1849
2021-01-22,San Diego,073,3302833,238071,222576,11028,233604,2301
2021-01-22,San Francisco,075,870044,30850,30027,728,30755,266
2021-01-22,San Joaquin,077,732212,60941,58485,2341,60826,812
2021-01-22,San Luis Obispo,079,281455,17468,16336,445,16781,172
2021-01-22,San Mateo,081,765935,35545,33401,300,33701,211
2021-01-22,Santa Barbara,083,443738,27989,25989,811,26800,256
2021-01-22,Santa Clara,085,1922200,99668,96435,437,96872,1062
2021-01-22,Santa Cruz,087,273765,13948,12687,645,13332,123
2021-01-22,Shasta,089,179085,10114,9866,1036,10902,103
2021-01-22,Sierra,091,2930,47,40,12,52,0
2021-01-22,Siskiyou,093,43540,1281,1182,180,1362,4
2021-01-22,Solano,095,438530,27141,26048,293,26341,107
2021-01-22,Sonoma,097,501317,25367,24659,127,24786,232
2021-01-22,Stanislaus,099,539301,45588,43489,4534,48023,599
2021-01-22,Sutter,101,95872,8057,7878,75,7953,80
2021-01-22,Tehama,103,63373,4161,3993,439,4432,19
2021-01-22,Trinity,105,12862,438,263,63,326,3
2021-01-22,Tulare,107,460477,44377,42307,6144,48451,573
2021-01-22,Tuolumne,109,53932,3402,3379,34,3413,29
2021-01-22,Ventura,111,848112,67841,64404,2358,66762,426
2021-01-22,Yolo,113,214977,11725,11014,116,11130,141
2021-01-22,Yuba,115,75493,4997,4789,63,4852,29
2021-01-21,Alameda,001,1643700,72010,69314,1470,70784,739
2021-01-21,Alpine,002,1148,73,71,0,71,0
2021-01-21,Amador,005,37829,3103,3038,24,3062,29
2021-01-21,Butte,007,227075,10285,9643,1420,11063,130
2021-01-21,Calaveras,009,45235,1689,1647,10,1657,21
2021-01-21,Colusa,011,21464,1718,1662,186,1848,7
2021-01-21,Contra Costa,013,1133247,56122,53595,904,54499,478
2021-01-21,Del Norte,015,27424,881,850,3,853,2
2021-01-21,El Dorado,017,186661,8369,7823,547,8370,58
2021-01-21,Fresno,019,978130,88612,84137,6594,90731,889
2021-01-21,Glenn,021,27897,2072,1964,412,2376,13
2021-01-21,Humboldt,023,135768,2633,2423,16,2439,23
2021-01-21,Imperial,025,180216,26142,25509,2240,27749,463
2021-01-21,Inyo,027,18085,1026,946,8,954,26
2021-01-21,Kern,029,883053,85392,81328,7754,89082,769
2021-01-21,Kings,031,150075,20450,19633,796,20429,158
2021-01-21,Lake,033,64148,2781,2669,0,2669,32
2021-01-21,Lassen,035,31185,4875,4763,79,4842,1
2021-01-21,Los Angeles,037,10098052,1081958,1023055,33643,1056698,14537
2021-01-21,Madera,039,155013,14331,13664,674,14338,86
2021-01-21,Marin,041,260295,3585,11732,122,11854,173
2021-01-21,Mariposa,043,17540,342,322,3,325,3
2021-01-21,Mendocino,045,87422,3154,2967,57,3024,32
2021-01-21,Merced,047,269075,25182,24426,677,25103,245
2021-01-21,Modoc,049,8938,298,284,90,374,0
2021-01-21,Mono,051,14174,1112,1104,15,1119,3
2021-01-21,Monterey,053,433212,38118,36149,1245,37394,253
2021-01-21,Napa,055,140530,8117,7774,29,7803,40
2021-01-21,Nevada,057,99092,3493,3274,134,3408,18
2021-01-21,Orange,059,3164182,226710,218867,9016,227883,2540
2021-01-21,Placer,061,380077,18810,17553,898,18451,190
2021-01-21,Plumas,063,18699,603,518,10,528,2
2021-01-21,Riverside,065,2383286,262762,251007,12186,263193,2676
2021-01-21,Sacramento,067,1510023,84910,82303,981,83284,1084
2021-01-21,San Benito,069,59416,5230,5100,57,5157,43
2021-01-21,San Bernardino,071,2135413,268925,257754,7706,265460,1832
2021-01-21,San Diego,073,3302833,236296,219729,10921,230650,2222
2021-01-21,San Francisco,075,870044,30677,29801,694,30495,266
2021-01-21,San Joaquin,077,732212,60635,58270,2323,60593,806
2021-01-21,San Luis Obispo,079,281455,17382,16153,437,16590,169
2021-01-21,San Mateo,081,765935,35299,33156,287,33443,210
2021-01-21,Santa Barbara,083,443738,27701,25654,798,26452,253
2021-01-21,Santa Clara,085,1922200,99081,96028,432,96460,1062
2021-01-21,Santa Cruz,087,273765,13864,12548,635,13183,119
2021-01-21,Shasta,089,179085,10071,9795,1021,10816,98
2021-01-21,Sierra,091,2930,47,40,12,52,0
2021-01-21,Siskiyou,093,43540,1278,1178,178,1356,4
2021-01-21,Solano,095,438530,26963,25885,289,26174,106
2021-01-21,Sonoma,097,501317,25227,24440,125,24565,230
2021-01-21,Stanislaus,099,539301,45290,43223,4490,47713,599
2021-01-21,Sutter,101,95872,8023,7822,75,7897,80
2021-01-21,Tehama,103,63373,4122,3938,438,4376,19
2021-01-21,Trinity,105,12862,438,261,63,324,3
2021-01-21,Tulare,107,460477,44166,42082,6070,48152,569
2021-01-21,Tuolumne,109,53932,3392,3365,33,3398,29
2021-01-21,Ventura,111,848112,67142,63995,2338,66333,420
2021-01-21,Yolo,113,214977,11634,10940,108,11048,141
2021-01-21,Yuba,115,75493,4965,4757,62,4819,29
2021-01-20,Alameda,001,1643700,71537,68785,1454,70239,702
2021-01-20,Alpine,002,1148,73,71,0,71,0
2021-01-20,Amador,005,37829,3072,3036,24,3060,29
2021-01-20,Butte,007,227075,10229,9582,1410,10992,130
2021-01-20,Calaveras,009,45235,1667,1637,9,1646,21
2021-01-20,Colusa,011,21464,1701,1630,181,1811,7
2021-01-20,Contra Costa,013,1133247,55695,53108,895,54003,461
2021-01-20,Del Norte,015,27424,880,848,3,851,2
2021-01-20,El Dorado,017,186661,8319,7785,544,8329,53
2021-01-20,Fresno,019,978130,88192,83591,6540,90131,872
2021-01-20,Glenn,021,27897,2053,1955,410,2365,13
2021-01-20,Humboldt,023,135768,2590,2390,16,2406,22
2021-01-20,Imperial,025,180216,26070,25380,2206,27586,461
2021-01-20,Inyo,027,18085,1016,901,8,909,26
2021-01-20,Kern,029,883053,84942,80701,7649,88350,754
2021-01-20,Kings,031,150075,20360,19522,788,20310,146
2021-01-20,Lake,033,64148,2761,2646,0,2646,31
2021-01-20,Lassen,035,31185,4867,4758,77,4835,1
2021-01-20,Los Angeles,037,10098052,1074457,1015608,33365,1048973,14299
2021-01-20,Madera,039,155013,14266,13585,670,14255,86
2021-01-20,Marin,041,260295,3529,11684,120,11804,171
2021-01-20,Mariposa,043,17540,340,322,3,325,3
2021-01-20,Mendocino,045,87422,3139,2957,57,3014,32
2021-01-20,Merced,047,269075,25009,24220,655,24875,243
2021-01-20,Modoc,049,8938,297,282,90,372,0
2021-01-20,Mono,051,14174,1105,1105,14,1119,3
2021-01-20,Monterey,053,433212,37806,35960,1225,37185,249
2021-01-20,Napa,055,140530,8048,7731,29,7760,40
2021-01-20,Nevada,057,99092,3461,3238,134,3372,18
2021-01-20,Orange,059,3164182,225174,216893,8955,225848,2500
2021-01-20,Placer,061,380077,18716,17455,880,18335,186
2021-01-20,Plumas,063,18699,601,512,10,522,2
2021-01-20,Riverside,065,2383286,260718,248686,12103,260789,2615
2021-01-20,Sacramento,067,1510023,84350,81687,971,82658,1072
2021-01-20,San Benito,069,59416,5199,5036,56,5092,35
2021-01-20,San Bernardino,071,2135413,267604,255921,7659,263580,1801
2021-01-20,San Diego,073,3302833,234441,218553,10817,229370,2174
2021-01-20,San Francisco,075,870044,30490,29665,673,30338,262
2021-01-20,San Joaquin,077,732212,60232,58025,2314,60339,783
2021-01-20,San Luis Obispo,079,281455,17200,15936,428,16364,164
2021-01-20,San Mateo,081,765935,35072,32929,286,33215,210
2021-01-20,Santa Barbara,083,443738,27383,25312,786,26098,248
2021-01-20,Santa Clara,085,1922200,98436,94995,430,95425,1040
2021-01-20,Santa Cruz,087,273765,13757,12460,622,13082,107
2021-01-20,Shasta,089,179085,10019,9697,1011,10708,98
2021-01-20,Sierra,091,2930,47,40,12,52,0
2021-01-20,Siskiyou,093,43540,1271,1163,177,1340,4
2021-01-20,Solano,095,438530,26770,25659,285,25944,106
2021-01-20,Sonoma,097,501317,25090,24262,123,24385,223
2021-01-20,Stanislaus,099,539301,45010,42955,4452,47407,585
2021-01-20,Sutter,101,95872,7972,7772,73,7845,80
2021-01-20,Tehama,103,63373,4096,3892,435,4327,19
2021-01-20,Trinity,105,12862,438,260,63,323,3
2021-01-20,Tulare,107,460477,43909,41799,5980,47779,559
2021-01-20,Tuolumne,109,53932,3378,3355,32,3387,29
2021-01-20,Ventura,111,848112,66181,63413,2309,65722,395
2021-01-20,Yolo,113,214977,11570,10852,105,10957,141
2021-01-20,Yuba,115,75493,4938,4729,62,4791,29
2021-01-19,Alameda,001,1643700,70895,68434,1445,69879,680
2021-01-19,Alpine,002,1148,73,71,0,71,0
2021-01-19,Amador,005,37829,3063,3024,24,3048,28
2021-01-19,Butte,007,227075,10166,9528,1396,10924,129
2021-01-19,Calaveras,009,45235,1652,1621,8,1629,21
2021-01-19,Colusa,011,21464,1679,1617,178,1795,7
2021-01-19,Contra Costa,013,1133247,55233,52730,885,53615,448
2021-01-19,Del Norte,015,27424,878,843,3,846,2
2021-01-19,El Dorado,017,186661,8258,7743,536,8279,47
2021-01-19,Fresno,019,978130,87671,83200,6490,89690,857
2021-01-19,Glenn,021,27897,2041,1948,405,2353,13
2021-01-19,Humboldt,023,135768,2566,2359,13,2372,22
2021-01-19,Imperial,025,180216,25990,25333,2189,27522,452
2021-01-19,Inyo,027,18085,1008,891,8,899,26
2021-01-19,Kern,029,883053,84354,80272,7544,87816,742
2021-01-19,Kings,031,150075,20221,19375,778,20153,143
2021-01-19,Lake,033,64148,2748,2625,0,2625,31
2021-01-19,Lassen,035,31185,4860,4753,77,4830,1
2021-01-19,Los Angeles,037,10098052,1065784,1010375,33101,1043476,14014
2021-01-19,Madera,039,155013,14155,13528,665,14193,86
2021-01-19,Marin,041,260295,3474,11654,116,11770,169
2021-01-19,Mariposa,043,17540,340,322,3,325,3
2021-01-19,Mendocino,045,87422,3122,2930,57,2987,32
2021-01-19,Merced,047,269075,24797,24108,646,24754,242
2021-01-19,Modoc,049,8938,296,281,90,371,0
2021-01-19,Mono,051,14174,1104,1106,14,1120,3
2021-01-19,Monterey,053,433212,37505,35840,1204,37044,248
2021-01-19,Napa,055,140530,7990,7672,29,7701,38
2021-01-19,Nevada,057,99092,3443,3216,132,3348,18
2021-01-19,Orange,059,3164182,223441,215244,8888,224132,2468
2021-01-19,Placer,061,380077,18619,17348,870,18218,182
2021-01-19,Plumas,063,18699,594,509,10,519,2
2021-01-19,Riverside,065,2383286,258631,246248,12025,258273,2585
2021-01-19,Sacramento,067,1510023,83813,81183,951,82134,1053
2021-01-19,San Benito,069,59416,5153,4988,55,5043,35
2021-01-19,San Bernardino,071,2135413,265903,253651,7605,261256,1777
2021-01-19,San Diego,073,3302833,232018,216833,10719,227552,2109
2021-01-19,San Francisco,075,870044,30271,29502,642,30144,261
2021-01-19,San Joaquin,077,732212,59852,57655,2303,59958,782
2021-01-19,San Luis Obispo,079,281455,16937,15855,425,16280,161
2021-01-19,San Mateo,081,765935,34787,32730,275,33005,208
2021-01-19,Santa Barbara,083,443738,26999,24991,770,25761,236
2021-01-19,Santa Clara,085,1922200,97701,94483,429,94912,1010
2021-01-19,Santa Cruz,087,273765,13640,12410,614,13024,106
2021-01-19,Shasta,089,179085,9983,9614,1001,10615,93
2021-01-19,Sierra,091,2930,47,40,10,50,0
2021-01-19,Siskiyou,093,43540,1263,1149,175,1324,4
2021-01-19,Solano,095,438530,26524,25520,284,25804,106
2021-01-19,Sonoma,097,501317,24910,24133,121,24254,223
2021-01-19,Stanislaus,099,539301,44662,42723,4407,47130,561
2021-01-19,Sutter,101,95872,7922,7709,67,7776,80
2021-01-19,Tehama,103,63373,4066,3876,433,4309,19
2021-01-19,Trinity,105,12862,437,260,63,323,3
2021-01-19,Tulare,107,460477,43630,41559,5885,47444,549
2021-01-19,Tuolumne,109,53932,3351,3328,32,3360,29
2021-01-19,Ventura,111,848112,65497,62656,2282,64938,383
2021-01-19,Yolo,113,214977,11485,10789,105,10894,134
2021-01-19,Yuba,115,75493,4905,4695,61,4756,29
2021-01-18,Alameda,001,1643700,70263,67938,1428,69366,680
2021-01-18,Alpine,002,1148,73,71,0,71,0
2021-01-18,Amador,005,37829,3049,3016,24,3040,28
2021-01-18,Butte,007,227075,10080,9474,1384,10858,129
2021-01-18,Calaveras,009,45235,1631,1617,7,1624,21
2021-01-18,Colusa,011,21464,1663,1608,176,1784,7
2021-01-18,Contra Costa,013,1133247,54724,52323,877,53200,448
2021-01-18,Del Norte,015,27424,877,840,3,843,2
2021-01-18,El Dorado,017,186661,8192,7707,534,8241,47
2021-01-18,Fresno,019,978130,87059,82485,6424,88909,857
2021-01-18,Glenn,021,27897,2024,1935,401,2336,13
2021-01-18,Humboldt,023,135768,2528,2343,13,2356,22
2021-01-18,Imperial,025,180216,25922,25317,2165,27482,452
2021-01-18,Inyo,027,18085,996,872,8,880,26
2021-01-18,Kern,029,883053,83717,79930,7453,87383,740
2021-01-18,Kings,031,150075,20051,19267,766,20033,141
2021-01-18,Lake,033,64148,2731,2591,0,2591,30
2021-01-18,Lassen,035,31185,4824,4749,76,4825,1
2021-01-18,Los Angeles,037,10098052,1056272,1002614,32818,1035432,13828
2021-01-18,Madera,039,155013,14053,13443,656,14099,85
2021-01-18,Marin,041,260295,3428,11607,114,11721,165
2021-01-18,Mariposa,043,17540,337,320,2,322,3
2021-01-18,Mendocino,045,87422,3099,2919,57,2976,31
2021-01-18,Merced,047,269075,24552,23927,630,24557,242
2021-01-18,Modoc,049,8938,293,281,87,368,0
2021-01-18,Mono,051,14174,1101,1101,14,1115,3
2021-01-18,Monterey,053,433212,37063,35549,1190,36739,247
2021-01-18,Napa,055,140530,7917,7601,29,7630,38
2021-01-18,Nevada,057,99092,3405,3199,132,3331,17
2021-01-18,Orange,059,3164182,221553,213866,8834,222700,2405
2021-01-18,Placer,061,380077,18503,17263,861,18124,182
2021-01-18,Plumas,063,18699,591,506,10,516,2
2021-01-18,Riverside,065,2383286,256320,244151,11932,256083,2568
2021-01-18,Sacramento,067,1510023,83143,80546,935,81481,1046
2021-01-18,San Benito,069,59416,5105,4963,53,5016,35
2021-01-18,San Bernardino,071,2135413,264184,252808,7550,260358,1775
2021-01-18,San Diego,073,3302833,229369,214335,10590,224925,2103
2021-01-18,San Francisco,075,870044,30064,29321,618,29939,259
2021-01-18,San Joaquin,077,732212,59340,57405,2282,59687,782
2021-01-18,San Luis Obispo,079,281455,16750,15742,415,16157,158
2021-01-18,San Mateo,081,765935,34475,32515,256,32771,208
2021-01-18,Santa Barbara,083,443738,26620,24638,757,25395,235
2021-01-18,Santa Clara,085,1922200,96914,93688,425,94113,992
2021-01-18,Santa Cruz,087,273765,13507,12298,601,12899,106
2021-01-18,Shasta,089,179085,9944,9600,991,10591,92
2021-01-18,Sierra,091,2930,46,40,10,50,0
2021-01-18,Siskiyou,093,43540,1250,1144,174,1318,4
2021-01-18,Solano,095,438530,26247,25344,280,25624,105
2021-01-18,Sonoma,097,501317,24642,24068,120,24188,223
2021-01-18,Stanislaus,099,539301,44305,42413,4351,46764,562
2021-01-18,Sutter,101,95872,7865,7680,65,7745,78
2021-01-18,Tehama,103,63373,4021,3854,426,4280,19
2021-01-18,Trinity,105,12862,437,260,63,323,3
2021-01-18,Tulare,107,460477,43340,41196,5779,46975,549
2021-01-18,Tuolumne,109,53932,3327,3318,31,3349,28
2021-01-18,Ventura,111,848112,65064,61859,2260,64119,379
2021-01-18,Yolo,113,214977,11363,10620,102,10722,134
2021-01-18,Yuba,115,75493,4878,4671,59,4730,29
2021-01-17,Alameda,001,1643700,69698,67375,1410,68785,676
2021-01-17,Alpine,002,1148,73,71,0,71,0
2021-01-17,Amador,005,37829,3042,3001,24,3025,28
2021-01-17,Butte,007,227075,10005,9411,1360,10771,129
2021-01-17,Calaveras,009,45235,1618,1608,7,1615,21
2021-01-17,Colusa,011,21464,1650,1588,172,1760,7
2021-01-17,Contra Costa,013,1133247,54217,51932,866,52798,447
2021-01-17,Del Norte,015,27424,877,838,3,841,2
2021-01-17,El Dorado,017,186661,8137,7659,523,8182,47
2021-01-17,Fresno,019,978130,86506,82039,6349,88388,857
2021-01-17,Glenn,021,27897,2013,1924,396,2320,9
2021-01-17,Humboldt,023,135768,2492,2322,11,2333,22
2021-01-17,Imperial,025,180216,25851,25253,2124,27377,451
2021-01-17,Inyo,027,18085,990,864,8,872,26
2021-01-17,Kern,029,883053,83168,79489,7367,86856,738
2021-01-17,Kings,031,150075,19915,19201,752,19953,131
2021-01-17,Lake,033,64148,2717,2572,0,2572,30
2021-01-17,Lassen,035,31185,4816,4740,75,4815,1
2021-01-17,Los Angeles,037,10098052,1049609,993028,32433,1025461,13741
2021-01-17,Madera,039,155013,13963,13328,652,13980,85
2021-01-17,Marin,041,260295,3379,11552,112,11664,164
2021-01-17,Mariposa,043,17540,337,319,2,321,3
2021-01-17,Mendocino,045,87422,3071,2912,56,2968,31
2021-01-17,Merced,047,269075,24339,23800,612,24412,242
2021-01-17,Modoc,049,8938,292,279,87,366,0
2021-01-17,Mono,051,14174,1094,1091,13,1104,3
2021-01-17,Monterey,053,433212,36819,35340,1164,36504,244
2021-01-17,Napa,055,140530,7862,7521,29,7550,38
2021-01-17,Nevada,057,99092,3380,3176,130,3306,17
2021-01-17,Orange,059,3164182,219559,212389,8761,221150,2359
2021-01-17,Placer,061,380077,18397,17194,846,18040,181
2021-01-17,Plumas,063,18699,589,505,9,514,2
2021-01-17,Riverside,065,2383286,254210,242206,11816,254022,2534
2021-01-17,Sacramento,067,1510023,82543,80154,923,81077,1045
2021-01-17,San Benito,069,59416,5067,4941,53,4994,35
2021-01-17,San Bernardino,071,2135413,262085,251487,7463,258950,1775
2021-01-17,San Diego,073,3302833,227175,211785,10483,222268,2103
2021-01-17,San Francisco,075,870044,29876,29139,581,29720,255
2021-01-17,San Joaquin,077,732212,58983,57094,2268,59362,780
2021-01-17,San Luis Obispo,079,281455,16628,15658,406,16064,157
2021-01-17,San Mateo,081,765935,34223,32186,233,32419,208
2021-01-17,Santa Barbara,083,443738,26159,24401,745,25146,235
2021-01-17,Santa Clara,085,1922200,96154,92752,422,93174,976
2021-01-17,Santa Cruz,087,273765,13395,12196,598,12794,106
2021-01-17,Shasta,089,179085,9886,9588,983,10571,92
2021-01-17,Sierra,091,2930,46,38,9,47,0
2021-01-17,Siskiyou,093,43540,1243,1136,171,1307,4
2021-01-17,Solano,095,438530,26024,25216,278,25494,105
2021-01-17,Sonoma,097,501317,24468,23871,120,23991,223
2021-01-17,Stanislaus,099,539301,43985,42221,4288,46509,562
2021-01-17,Sutter,101,95872,7802,7604,64,7668,77
2021-01-17,Tehama,103,63373,3990,3837,422,4259,18
2021-01-17,Trinity,105,12862,437,261,63,324,3
2021-01-17,Tulare,107,460477,43053,41016,5663,46679,549
2021-01-17,Tuolumne,109,53932,3310,3287,31,3318,27
2021-01-17,Ventura,111,848112,64212,61257,2213,63470,376
2021-01-17,Yolo,113,214977,11264,10519,100,10619,134
2021-01-17,Yuba,115,75493,4831,4640,56,4696,28
2021-01-16,Alameda,001,1643700,69376,66583,1398,67981,673
2021-01-16,Alpine,002,1148,73,71,0,71,0
2021-01-16,Amador,005,37829,3039,2986,24,3010,28
2021-01-16,Butte,007,227075,9974,9359,1340,10699,129
2021-01-16,Calaveras,009,45235,1605,1596,7,1603,21
2021-01-16,Colusa,011,21464,1639,1578,172,1750,7
2021-01-16,Contra Costa,013,1133247,53938,51363,859,52222,443
2021-01-16,Del Norte,015,27424,872,833,3,836,2
2021-01-16,El Dorado,017,186661,8115,7575,522,8097,47
2021-01-16,Fresno,019,978130,86231,81294,6295,87589,846
2021-01-16,Glenn,021,27897,2009,1894,393,2287,9
2021-01-16,Humboldt,023,135768,2472,2294,9,2303,22
2021-01-16,Imperial,025,180216,25813,25140,2117,27257,451
2021-01-16,Inyo,027,18085,986,845,8,853,25
2021-01-16,Kern,029,883053,82801,78865,7313,86178,733
2021-01-16,Kings,031,150075,19859,19072,749,19821,131
2021-01-16,Lake,033,64148,2705,2504,0,2504,30
2021-01-16,Lassen,035,31185,4804,4719,75,4794,1
2021-01-16,Los Angeles,037,10098052,1045523,982684,32199,1014883,13654
2021-01-16,Madera,039,155013,13897,13193,647,13840,85
2021-01-16,Marin,041,260295,3337,11482,112,11594,164
2021-01-16,Mariposa,043,17540,336,317,2,319,3
2021-01-16,Mendocino,045,87422,3057,2890,53,2943,31
2021-01-16,Merced,047,269075,24252,23478,598,24076,242
2021-01-16,Modoc,049,8938,292,278,87,365,0
2021-01-16,Mono,051,14174,1092,1079,13,1092,3
2021-01-16,Monterey,053,433212,36708,34972,1148,36120,243
2021-01-16,Napa,055,140530,7823,7356,29,7385,39
2021-01-16,Nevada,057,99092,3347,3144,130,3274,17
2021-01-16,Orange,059,3164182,218525,210111,8705,218816,2312
2021-01-16,Placer,061,380077,18333,16995,844,17839,177
2021-01-16,Plumas,063,18699,587,502,9,511,2
2021-01-16,Riverside,065,2383286,252852,239412,11701,251113,2506
2021-01-16,Sacramento,067,1510023,82169,79122,906,80028,1033
2021-01-16,San Benito,069,59416,5034,4875,53,4928,35
2021-01-16,San Bernardino,071,2135413,261257,249401,7396,256797,1755
2021-01-16,San Diego,073,3302833,225877,209895,10386,220281,2065
2021-01-16,San Francisco,075,870044,29747,28853,550,29403,244
2021-01-16,San Joaquin,077,732212,58740,56642,2235,58877,776
2021-01-16,San Luis Obispo,079,281455,16527,15466,404,15870,152
2021-01-16,San Mateo,081,765935,34059,31805,227,32032,208
2021-01-16,Santa Barbara,083,443738,25958,24088,741,24829,229
2021-01-16,Santa Clara,085,1922200,95659,91584,415,91999,954
2021-01-16,Santa Cruz,087,273765,13335,12026,596,12622,106
2021-01-16,Shasta,089,179085,9853,9547,979,10526,92
2021-01-16,Sierra,091,2930,45,38,9,47,0
2021-01-16,Siskiyou,093,43540,1238,1124,171,1295,4
2021-01-16,Solano,095,438530,25913,24732,274,25006,103
2021-01-16,Sonoma,097,501317,24377,23607,119,23726,223
2021-01-16,Stanislaus,099,539301,43797,41809,4238,46047,562
2021-01-16,Sutter,101,95872,7770,7560,64,7624,76
2021-01-16,Tehama,103,63373,3976,3783,422,4205,18
2021-01-16,Trinity,105,12862,437,261,63,324,3
2021-01-16,Tulare,107,460477,42874,40655,5590,46245,542
2021-01-16,Tuolumne,109,53932,3302,3269,31,3300,27
2021-01-16,Ventura,111,848112,63659,60368,2183,62551,369
2021-01-16,Yolo,113,214977,11213,10406,99,10505,134
2021-01-16,Yuba,115,75493,4803,4602,56,4658,27
2021-01-15,Alameda,001,1643700,68948,65416,1387,66803,672
2021-01-15,Alpine,002,1148,73,71,0,71,0
2021-01-15,Amador,005,37829,3032,2953,24,2977,28
2021-01-15,Butte,007,227075,9932,9233,1326,10559,129
2021-01-15,Calaveras,009,45235,1598,1538,7,1545,21
2021-01-15,Colusa,011,21464,1628,1541,167,1708,7
2021-01-15,Contra Costa,013,1133247,53602,50408,852,51260,428
2021-01-15,Del Norte,015,27424,868,828,2,830,2
2021-01-15,El Dorado,017,186661,8065,7439,514,7953,47
2021-01-15,Fresno,019,978130,85693,79950,6259,86209,832
2021-01-15,Glenn,021,27897,2005,1824,390,2214,9
2021-01-15,Humboldt,023,135768,2445,2218,8,2226,22
2021-01-15,Imperial,025,180216,25777,24944,2111,27055,446
2021-01-15,Inyo,027,18085,969,814,8,822,25
2021-01-15,Kern,029,883053,82385,77873,7248,85121,719
2021-01-15,Kings,031,150075,19750,18661,743,19404,131
2021-01-15,Lake,033,64148,2679,2434,0,2434,28
2021-01-15,Lassen,035,31185,4793,4693,73,4766,1
2021-01-15,Los Angeles,037,10098052,1038469,968979,31918,1000897,13404
2021-01-15,Madera,039,155013,13807,12883,643,13526,85
2021-01-15,Marin,041,260295,3281,11310,112,11422,160
2021-01-15,Mariposa,043,17540,334,307,2,309,3
2021-01-15,Mendocino,045,87422,3046,2835,53,2888,31
2021-01-15,Merced,047,269075,24140,23060,594,23654,239
2021-01-15,Modoc,049,8938,292,278,85,363,0
2021-01-15,Mono,051,14174,1089,1057,13,1070,3
2021-01-15,Monterey,053,433212,36491,34460,1091,35551,243
2021-01-15,Napa,055,140530,7761,7231,29,7260,38
2021-01-15,Nevada,057,99092,3334,3099,127,3226,17
2021-01-15,Orange,059,3164182,217170,207129,8653,215782,2254
2021-01-15,Placer,061,380077,18228,16712,835,17547,173
2021-01-15,Plumas,063,18699,584,499,9,508,2
2021-01-15,Riverside,065,2383286,250990,235235,11622,246857,2458
2021-01-15,Sacramento,067,1510023,81746,80279,898,81177,1023
2021-01-15,San Benito,069,59416,4995,4766,51,4817,35
2021-01-15,San Bernardino,071,2135413,260074,246182,7335,253517,1726
2021-01-15,San Diego,073,3302833,224128,206868,10321,217189,2037
2021-01-15,San Francisco,075,870044,29574,28574,530,29104,242
2021-01-15,San Joaquin,077,732212,58512,55885,2221,58106,748
2021-01-15,San Luis Obispo,079,281455,16393,15129,399,15528,148
2021-01-15,San Mateo,081,765935,33814,31291,223,31514,208
2021-01-15,Santa Barbara,083,443738,25675,23487,737,24224,226
2021-01-15,Santa Clara,085,1922200,94998,90103,410,90513,942
2021-01-15,Santa Cruz,087,273765,13226,11776,583,12359,105
2021-01-15,Shasta,089,179085,9814,9459,972,10431,91
2021-01-15,Sierra,091,2930,44,36,7,43,0
2021-01-15,Siskiyou,093,43540,1234,1119,171,1290,4
2021-01-15,Solano,095,438530,25765,24222,272,24494,103
2021-01-15,Sonoma,097,501317,24246,23204,118,23322,222
2021-01-15,Stanislaus,099,539301,43547,41178,4196,45374,562
2021-01-15,Sutter,101,95872,7723,7484,63,7547,75
2021-01-15,Tehama,103,63373,3954,3714,421,4135,17
2021-01-15,Trinity,105,12862,437,262,63,325,3
2021-01-15,Tulare,107,460477,42632,39951,5507,45458,535
2021-01-15,Tuolumne,109,53932,3286,3231,31,3262,27
2021-01-15,Ventura,111,848112,62916,59061,2150,61211,353
2021-01-15,Yolo,113,214977,11155,10240,98,10338,134
2021-01-15,Yuba,115,75493,4783,4549,56,4605,27
2021-01-14,Alameda,001,1643700,68321,64364,1372,65736,686
2021-01-14,Alpine,002,1148,73,71,0,71,0
2021-01-14,Amador,005,37829,3026,2940,24,2964,28
2021-01-14,Butte,007,227075,9844,9127,1305,10432,129
2021-01-14,Calaveras,009,45235,1581,1513,7,1520,21
2021-01-14,Colusa,011,21464,1613,1535,161,1696,7
2021-01-14,Contra Costa,013,1133247,53059,49545,840,50385,415
2021-01-14,Del Norte,015,27424,862,821,2,823,2
2021-01-14,El Dorado,017,186661,7991,7321,507,7828,45
2021-01-14,Fresno,019,978130,85060,79033,6179,85212,814
2021-01-14,Glenn,021,27897,1993,1798,385,2183,9
2021-01-14,Humboldt,023,135768,2402,2169,8,2177,22
2021-01-14,Imperial,025,180216,25671,24882,2081,26963,447
2021-01-14,Inyo,027,18085,962,790,8,798,25
2021-01-14,Kern,029,883053,81713,77070,7147,84217,705
2021-01-14,Kings,031,150075,19620,18405,739,19144,108
2021-01-14,Lake,033,64148,2640,2378,0,2378,27
2021-01-14,Lassen,035,31185,4783,4673,71,4744,1
2021-01-14,Los Angeles,037,10098052,1028442,954652,31553,986205,13147
2021-01-14,Madera,039,155013,13692,12742,634,13376,85
2021-01-14,Marin,041,260295,3205,11155,111,11266,159
2021-01-14,Mariposa,043,17540,331,302,2,304,3
2021-01-14,Mendocino,045,87422,3032,2801,51,2852,31
2021-01-14,Merced,047,269075,23913,22780,584,23364,239
2021-01-14,Modoc,049,8938,292,273,85,358,0
2021-01-14,Mono,051,14174,1081,1020,13,1033,3
2021-01-14,Monterey,053,433212,36070,34105,1069,35174,242
2021-01-14,Napa,055,140530,7675,7117,29,7146,38
2021-01-14,Nevada,057,99092,3307,3075,125,3200,17
2021-01-14,Orange,059,3164182,215265,204442,8570,213012,2162
2021-01-14,Placer,061,380077,18067,16488,828,17316,169
2021-01-14,Plumas,063,18699,576,496,9,505,2
2021-01-14,Riverside,065,2383286,248343,231684,11521,243205,2357
2021-01-14,Sacramento,067,1510023,81107,79137,875,80012,1007
2021-01-14,San Benito,069,59416,4959,4678,50,4728,35
2021-01-14,San Bernardino,071,2135413,258091,243379,7265,250644,1750
2021-01-14,San Diego,073,3302833,221730,204173,10201,214374,2005
2021-01-14,San Francisco,075,870044,29327,28200,484,28684,238
2021-01-14,San Joaquin,077,732212,57994,55058,2208,57266,739
2021-01-14,San Luis Obispo,079,281455,16231,14851,390,15241,146
2021-01-14,San Mateo,081,765935,33445,30694,214,30908,208
2021-01-14,Santa Barbara,083,443738,25254,23126,720,23846,219
2021-01-14,Santa Clara,085,1922200,94087,88505,404,88909,910
2021-01-14,Santa Cruz,087,273765,13079,11583,568,12151,109
2021-01-14,Shasta,089,179085,9765,9334,956,10290,90
2021-01-14,Sierra,091,2930,44,35,6,41,0
2021-01-14,Siskiyou,093,43540,1222,1108,168,1276,3
2021-01-14,Solano,095,438530,25506,23782,268,24050,103
2021-01-14,Sonoma,097,501317,24006,22910,118,23028,202
2021-01-14,Stanislaus,099,539301,43220,40597,4155,44752,574
2021-01-14,Sutter,101,95872,7664,7416,60,7476,74
2021-01-14,Tehama,103,63373,3925,3664,417,4081,17
2021-01-14,Trinity,105,12862,437,261,62,323,3
2021-01-14,Tulare,107,460477,42248,39565,5398,44963,533
2021-01-14,Tuolumne,109,53932,3265,3215,31,3246,28
2021-01-14,Ventura,111,848112,62042,57941,2113,60054,347
2021-01-14,Yolo,113,214977,11052,10097,92,10189,135
2021-01-14,Yuba,115,75493,4751,4496,56,4552,27
2021-01-13,Alameda,001,1643700,67571,63568,1354,64922,690
2021-01-13,Alpine,002,1148,73,71,0,71,0
2021-01-13,Amador,005,37829,3012,2914,24,2938,26
2021-01-13,Butte,007,227075,9763,9013,1290,10303,126
2021-01-13,Calaveras,009,45235,1559,1493,7,1500,21
2021-01-13,Colusa,011,21464,1603,1524,153,1677,7
2021-01-13,Contra Costa,013,1133247,52487,48877,829,49706,403
2021-01-13,Del Norte,015,27424,858,820,2,822,2
2021-01-13,El Dorado,017,186661,7897,7247,499,7746,43
2021-01-13,Fresno,019,978130,84340,78278,6138,84416,804
2021-01-13,Glenn,021,27897,1977,1792,376,2168,9
2021-01-13,Humboldt,023,135768,2369,2114,8,2122,22
2021-01-13,Imperial,025,180216,25547,24717,2049,26766,463
2021-01-13,Inyo,027,18085,950,785,8,793,25
2021-01-13,Kern,029,883053,81056,76049,7057,83106,704
2021-01-13,Kings,031,150075,19453,18121,718,18839,108
2021-01-13,Lake,033,64148,2599,2305,0,2305,27
2021-01-13,Lassen,035,31185,4776,4663,70,4733,1
2021-01-13,Los Angeles,037,10098052,1017648,937985,31156,969141,12873
2021-01-13,Madera,039,155013,13576,12570,629,13199,85
2021-01-13,Marin,041,260295,3153,11039,111,11150,161
2021-01-13,Mariposa,043,17540,329,304,2,306,3
2021-01-13,Mendocino,045,87422,3012,2790,51,2841,31
2021-01-13,Merced,047,269075,23674,22497,570,23067,241
2021-01-13,Modoc,049,8938,291,274,82,356,0
2021-01-13,Mono,051,14174,1077,1017,13,1030,3
2021-01-13,Monterey,053,433212,35645,33748,1045,34793,241
2021-01-13,Napa,055,140530,7561,7028,29,7057,36
2021-01-13,Nevada,057,99092,3283,3037,122,3159,17
2021-01-13,Orange,059,3164182,213191,201158,8499,209657,2172
2021-01-13,Placer,061,380077,17942,16272,814,17086,172
2021-01-13,Plumas,063,18699,574,490,9,499,2
2021-01-13,Riverside,065,2383286,245196,228192,11408,239600,2278
2021-01-13,Sacramento,067,1510023,80446,78268,868,79136,996
2021-01-13,San Benito,069,59416,4903,4583,49,4632,35
2021-01-13,San Bernardino,071,2135413,255702,240191,7190,247381,1759
2021-01-13,San Diego,073,3302833,219115,201578,10098,211676,1952
2021-01-13,San Francisco,075,870044,29088,27863,464,28327,238
2021-01-13,San Joaquin,077,732212,57372,54373,2180,56553,738
2021-01-13,San Luis Obispo,079,281455,16076,14625,379,15004,140
2021-01-13,San Mateo,081,765935,33106,30195,212,30407,207
2021-01-13,Santa Barbara,083,443738,24812,22714,704,23418,216
2021-01-13,Santa Clara,085,1922200,93114,87187,400,87587,911
2021-01-13,Santa Cruz,087,273765,12906,11423,554,11977,110
2021-01-13,Shasta,089,179085,9701,9180,942,10122,93
2021-01-13,Sierra,091,2930,44,33,6,39,0
2021-01-13,Siskiyou,093,43540,1216,1102,164,1266,3
2021-01-13,Solano,095,438530,25236,23503,265,23768,105
2021-01-13,Sonoma,097,501317,23755,22610,117,22727,206
2021-01-13,Stanislaus,099,539301,42828,40167,4102,44269,574
2021-01-13,Sutter,101,95872,7618,7350,59,7409,73
2021-01-13,Tehama,103,63373,3874,3589,412,4001,17
2021-01-13,Trinity,105,12862,437,260,62,322,3
2021-01-13,Tulare,107,460477,41845,39129,5298,44427,522
2021-01-13,Tuolumne,109,53932,3251,3196,31,3227,28
2021-01-13,Ventura,111,848112,61030,56453,2073,58526,338
2021-01-13,Yolo,113,214977,10954,9933,89,10022,135
2021-01-13,Yuba,115,75493,4706,4448,53,4501,27
2021-01-12,Alameda,001,1643700,66747,62642,1336,63978,677
2021-01-12,Alpine,002,1148,73,71,0,71,0
2021-01-12,Amador,005,37829,2995,2897,24,2921,26
2021-01-12,Butte,007,227075,9675,8883,1277,10160,124
2021-01-12,Calaveras,009,45235,1523,1475,7,1482,21
2021-01-12,Colusa,011,21464,1591,1510,149,1659,7
2021-01-12,Contra Costa,013,1133247,51845,48242,815,49057,399
2021-01-12,Del Norte,015,27424,853,816,2,818,2
2021-01-12,El Dorado,017,186661,7813,7156,488,7644,41
2021-01-12,Fresno,019,978130,83468,77651,6070,83721,796
2021-01-12,Glenn,021,27897,1952,1781,372,2153,9
2021-01-12,Humboldt,023,135768,2315,2077,7,2084,22
2021-01-12,Imperial,025,180216,25455,24566,2008,26574,457
2021-01-12,Inyo,027,18085,932,773,8,781,25
2021-01-12,Kern,029,883053,80348,75320,6962,82282,689
2021-01-12,Kings,031,150075,19242,18072,708,18780,108
2021-01-12,Lake,033,64148,2551,2260,0,2260,27
2021-01-12,Lassen,035,31185,4754,4659,68,4727,1
2021-01-12,Los Angeles,037,10098052,1005984,926295,30762,957057,12610
2021-01-12,Madera,039,155013,13428,12485,620,13105,85
2021-01-12,Marin,041,260295,3046,10960,111,11071,157
2021-01-12,Mariposa,043,17540,326,302,2,304,3
2021-01-12,Mendocino,045,87422,2992,2762,47,2809,31
2021-01-12,Merced,047,269075,23423,22172,548,22720,239
2021-01-12,Modoc,049,8938,289,274,82,356,0
2021-01-12,Mono,051,14174,1067,1008,13,1021,3
2021-01-12,Monterey,053,433212,35154,33381,1028,34409,240
2021-01-12,Napa,055,140530,7477,6936,29,6965,36
2021-01-12,Nevada,057,99092,3255,3014,120,3134,17
2021-01-12,Orange,059,3164182,210919,198260,8413,206673,2142
2021-01-12,Placer,061,380077,17772,16087,808,16895,163
2021-01-12,Plumas,063,18699,568,483,9,492,2
2021-01-12,Riverside,065,2383286,242065,225580,11269,236849,2266
2021-01-12,Sacramento,067,1510023,79718,77201,860,78061,985
2021-01-12,San Benito,069,59416,4834,4515,49,4564,35
2021-01-12,San Bernardino,071,2135413,253116,237008,7121,244129,1739
2021-01-12,San Diego,073,3302833,216200,198317,9981,208298,1898
2021-01-12,San Francisco,075,870044,28811,27531,431,27962,238
2021-01-12,San Joaquin,077,732212,56731,53630,2152,55782,725
2021-01-12,San Luis Obispo,079,281455,15832,14367,371,14738,132
2021-01-12,San Mateo,081,765935,32715,29747,200,29947,206
2021-01-12,Santa Barbara,083,443738,24390,22182,684,22866,209
2021-01-12,Santa Clara,085,1922200,91999,86075,392,86467,904
2021-01-12,Santa Cruz,087,273765,12691,11267,539,11806,110
2021-01-12,Shasta,089,179085,9628,9086,929,10015,84
2021-01-12,Sierra,091,2930,43,33,6,39,0
2021-01-12,Siskiyou,093,43540,1206,1091,157,1248,3
2021-01-12,Solano,095,438530,24938,23160,261,23421,102
2021-01-12,Sonoma,097,501317,23450,22403,117,22520,205
2021-01-12,Stanislaus,099,539301,42389,39615,4068,43683,571
2021-01-12,Sutter,101,95872,7555,7276,58,7334,73
2021-01-12,Tehama,103,63373,3836,3567,407,3974,17
2021-01-12,Trinity,105,12862,437,258,62,320,3
2021-01-12,Tulare,107,460477,41385,38797,5183,43980,509
2021-01-12,Tuolumne,109,53932,3218,3178,31,3209,28
2021-01-12,Ventura,111,848112,60056,55342,2041,57383,324
2021-01-12,Yolo,113,214977,10818,9857,85,9942,133
2021-01-12,Yuba,115,75493,4661,4389,53,4442,27
2021-01-11,Alameda,001,1643700,65895,61949,1318,63267,652
2021-01-11,Alpine,002,1148,73,70,0,70,0
2021-01-11,Amador,005,37829,2981,2867,24,2891,24
2021-01-11,Butte,007,227075,9562,8757,1261,10018,119
2021-01-11,Calaveras,009,45235,1504,1460,7,1467,21
2021-01-11,Colusa,011,21464,1572,1494,144,1638,7
2021-01-11,Contra Costa,013,1133247,51164,47728,804,48532,398
2021-01-11,Del Norte,015,27424,849,810,2,812,2
2021-01-11,El Dorado,017,186661,7719,6987,481,7468,36
2021-01-11,Fresno,019,978130,82589,76581,5994,82575,775
2021-01-11,Glenn,021,27897,1925,1763,366,2129,9
2021-01-11,Humboldt,023,135768,2276,2069,7,2076,22
2021-01-11,Imperial,025,180216,25344,24418,1971,26389,453
2021-01-11,Inyo,027,18085,913,763,8,771,25
2021-01-11,Kern,029,883053,79488,74489,6863,81352,682
2021-01-11,Kings,031,150075,18979,17909,699,18608,108
2021-01-11,Lake,033,64148,2500,2205,0,2205,26
2021-01-11,Lassen,035,31185,4731,4647,68,4715,1
2021-01-11,Los Angeles,037,10098052,992756,914434,30305,944739,12304
2021-01-11,Madera,039,155013,13291,12366,609,12975,85
2021-01-11,Marin,041,260295,2947,10814,110,10924,156
2021-01-11,Mariposa,043,17540,319,296,2,298,3
2021-01-11,Mendocino,045,87422,2964,2728,47,2775,31
2021-01-11,Merced,047,269075,23100,21884,534,22418,238
2021-01-11,Modoc,049,8938,288,271,81,352,0
2021-01-11,Mono,051,14174,1061,1006,13,1019,3
2021-01-11,Monterey,053,433212,34615,32858,966,33824,239
2021-01-11,Napa,055,140530,7376,6822,29,6851,36
2021-01-11,Nevada,057,99092,3227,2980,120,3100,17
2021-01-11,Orange,059,3164182,208333,196340,8313,204653,2113
2021-01-11,Placer,061,380077,17593,15919,799,16718,163
2021-01-11,Plumas,063,18699,564,477,9,486,2
2021-01-11,Riverside,065,2383286,238561,222907,11125,234032,2222
2021-01-11,Sacramento,067,1510023,78785,76009,844,76853,974
2021-01-11,San Benito,069,59416,4761,4482,42,4524,34
2021-01-11,San Bernardino,071,2135413,250318,235543,7024,242567,1739
2021-01-11,San Diego,073,3302833,212931,194793,9821,204614,1857
2021-01-11,San Francisco,075,870044,28532,27264,411,27675,238
2021-01-11,San Joaquin,077,732212,56122,53002,2123,55125,725
2021-01-11,San Luis Obispo,079,281455,15461,14213,364,14577,126
2021-01-11,San Mateo,081,765935,32271,29355,188,29543,206
2021-01-11,Santa Barbara,083,443738,23938,21740,672,22412,200
2021-01-11,Santa Clara,085,1922200,90755,84851,384,85235,877
2021-01-11,Santa Cruz,087,273765,12511,11093,516,11609,106
2021-01-11,Shasta,089,179085,9530,8977,916,9893,81
2021-01-11,Sierra,091,2930,41,33,6,39,0
2021-01-11,Siskiyou,093,43540,1197,1087,155,1242,3
2021-01-11,Solano,095,438530,24615,22893,255,23148,101
2021-01-11,Sonoma,097,501317,23202,22191,117,22308,205
2021-01-11,Stanislaus,099,539301,41898,39149,4019,43168,571
2021-01-11,Sutter,101,95872,7496,7204,57,7261,71
2021-01-11,Tehama,103,63373,3774,3524,386,3910,17
2021-01-11,Trinity,105,12862,437,256,62,318,2
2021-01-11,Tulare,107,460477,40970,38380,5102,43482,497
2021-01-11,Tuolumne,109,53932,3207,3165,31,3196,27
2021-01-11,Ventura,111,848112,58919,54202,2017,56219,320
2021-01-11,Yolo,113,214977,10612,9699,84,9783,129
2021-01-11,Yuba,115,75493,4623,4349,46,4395,27
2021-01-10,Alameda,001,1643700,64916,61111,1290,62401,650
2021-01-10,Alpine,002,1148,73,70,0,70,0
2021-01-10,Amador,005,37829,2957,2861,24,2885,24
2021-01-10,Butte,007,227075,9442,8665,1236,9901,119
2021-01-10,Calaveras,009,45235,1481,1449,7,1456,21
2021-01-10,Colusa,011,21464,1550,1478,142,1620,7
2021-01-10,Contra Costa,013,1133247,50366,47109,785,47894,398
2021-01-10,Del Norte,015,27424,847,809,2,811,2
2021-01-10,El Dorado,017,186661,7630,6904,464,7368,36
2021-01-10,Fresno,019,978130,81780,75621,5872,81493,775
2021-01-10,Glenn,021,27897,1906,1746,358,2104,9
2021-01-10,Humboldt,023,135768,2215,2049,7,2056,22
2021-01-10,Imperial,025,180216,25185,24233,1921,26154,453
2021-01-10,Inyo,027,18085,886,748,8,756,25
2021-01-10,Kern,029,883053,78656,73712,6733,80445,679
2021-01-10,Kings,031,150075,18760,17812,692,18504,108
2021-01-10,Lake,033,64148,2445,2174,0,2174,26
2021-01-10,Lassen,035,31185,4709,4642,68,4710,1
2021-01-10,Los Angeles,037,10098052,978137,901783,29695,931478,12170
2021-01-10,Madera,039,155013,13100,12179,592,12771,85
2021-01-10,Marin,041,260295,2823,10737,109,10846,155
2021-01-10,Mariposa,043,17540,319,291,2,293,3
2021-01-10,Mendocino,045,87422,2933,2706,43,2749,31
2021-01-10,Merced,047,269075,22829,21691,523,22214,238
2021-01-10,Modoc,049,8938,288,271,79,350,0
2021-01-10,Mono,051,14174,1043,965,13,978,3
2021-01-10,Monterey,053,433212,34175,32571,934,33505,237
2021-01-10,Napa,055,140530,7274,6687,27,6714,36
2021-01-10,Nevada,057,99092,3208,2959,116,3075,17
2021-01-10,Orange,059,3164182,205546,193766,8191,201957,2104
2021-01-10,Placer,061,380077,17404,15779,779,16558,163
2021-01-10,Plumas,063,18699,554,477,9,486,2
2021-01-10,Riverside,065,2383286,235201,219486,10936,230422,2216
2021-01-10,Sacramento,067,1510023,77823,75394,817,76211,965
2021-01-10,San Benito,069,59416,4659,4434,41,4475,34
2021-01-10,San Bernardino,071,2135413,246910,232171,6921,239092,1736
2021-01-10,San Diego,073,3302833,209263,191886,9654,201540,1857
2021-01-10,San Francisco,075,870044,28151,27054,380,27434,238
2021-01-10,San Joaquin,077,732212,55312,52535,2090,54625,725
2021-01-10,San Luis Obispo,079,281455,15132,13968,352,14320,122
2021-01-10,San Mateo,081,765935,31781,28972,174,29146,206
2021-01-10,Santa Barbara,083,443738,23379,21290,657,21947,200
2021-01-10,Santa Clara,085,1922200,89571,83779,375,84154,858
2021-01-10,Santa Cruz,087,273765,12298,10951,498,11449,106
2021-01-10,Shasta,089,179085,9418,8936,901,9837,81
2021-01-10,Sierra,091,2930,40,32,6,38,0
2021-01-10,Siskiyou,093,43540,1191,1075,152,1227,3
2021-01-10,Solano,095,438530,24216,22621,252,22873,101
2021-01-10,Sonoma,097,501317,22926,21925,116,22041,204
2021-01-10,Stanislaus,099,539301,41324,38809,3942,42751,571
2021-01-10,Sutter,101,95872,7435,7133,54,7187,71
2021-01-10,Tehama,103,63373,3701,3504,374,3878,17
2021-01-10,Trinity,105,12862,437,253,60,313,2
2021-01-10,Tulare,107,460477,40555,38012,4984,42996,497
2021-01-10,Tuolumne,109,53932,3173,3143,30,3173,27
2021-01-10,Ventura,111,848112,57650,53095,1974,55069,319
2021-01-10,Yolo,113,214977,10460,9610,84,9694,129
2021-01-10,Yuba,115,75493,4570,4300,43,4343,27
2021-01-09,Alameda,001,1643700,64372,60125,1275,61400,649
2021-01-09,Alpine,002,1148,73,70,0,70,0
2021-01-09,Amador,005,37829,2950,2809,24,2833,24
2021-01-09,Butte,007,227075,9363,8552,1212,9764,118
2021-01-09,Calaveras,009,45235,1471,1425,7,1432,21
2021-01-09,Colusa,011,21464,1543,1468,141,1609,7
2021-01-09,Contra Costa,013,1133247,50012,46406,770,47176,393
2021-01-09,Del Norte,015,27424,845,802,2,804,2
2021-01-09,El Dorado,017,186661,7596,6800,461,7261,36
2021-01-09,Fresno,019,978130,81370,74816,5832,80648,773
2021-01-09,Glenn,021,27897,1891,1707,355,2062,9
2021-01-09,Humboldt,023,135768,2197,2026,7,2033,22
2021-01-09,Imperial,025,180216,25116,24028,1908,25936,448
2021-01-09,Inyo,027,18085,877,734,8,742,25
2021-01-09,Kern,029,883053,78187,73015,6656,79671,677
2021-01-09,Kings,031,150075,18665,17679,688,18367,108
2021-01-09,Lake,033,64148,2409,2144,0,2144,26
2021-01-09,Lassen,035,31185,4697,4613,68,4681,1
2021-01-09,Los Angeles,037,10098052,972555,887949,29272,917221,12011
2021-01-09,Madera,039,155013,13005,12063,586,12649,85
2021-01-09,Marin,041,260295,2762,10634,108,10742,154
2021-01-09,Mariposa,043,17540,316,287,2,289,3
2021-01-09,Mendocino,045,87422,2915,2664,43,2707,31
2021-01-09,Merced,047,269075,22687,21357,514,21871,237
2021-01-09,Modoc,049,8938,288,271,78,349,0
2021-01-09,Mono,051,14174,1038,964,13,977,3
2021-01-09,Monterey,053,433212,34025,31948,924,32872,235
2021-01-09,Napa,055,140530,7204,6594,24,6618,36
2021-01-09,Nevada,057,99092,3186,2932,113,3045,17
2021-01-09,Orange,059,3164182,204027,191004,8099,199103,2034
2021-01-09,Placer,061,380077,17297,15609,777,16386,162
2021-01-09,Plumas,063,18699,552,477,9,486,2
2021-01-09,Riverside,065,2383286,233446,216076,10799,226875,2201
2021-01-09,Sacramento,067,1510023,77290,74482,812,75294,953
2021-01-09,San Benito,069,59416,4607,4335,41,4376,34
2021-01-09,San Bernardino,071,2135413,245686,228857,6854,235711,1714
2021-01-09,San Diego,073,3302833,207569,188598,9534,198132,1824
2021-01-09,San Francisco,075,870044,27981,26708,339,27047,235
2021-01-09,San Joaquin,077,732212,54984,51927,2071,53998,724
2021-01-09,San Luis Obispo,079,281455,15008,13647,341,13988,121
2021-01-09,San Mateo,081,765935,31482,28512,167,28679,205
2021-01-09,Santa Barbara,083,443738,23167,20971,652,21623,197
2021-01-09,Santa Clara,085,1922200,88731,82269,363,82632,808
2021-01-09,Santa Cruz,087,273765,12203,10717,492,11209,107
2021-01-09,Shasta,089,179085,9385,8893,897,9790,81
2021-01-09,Sierra,091,2930,38,32,6,38,0
2021-01-09,Siskiyou,093,43540,1187,1062,147,1209,3
2021-01-09,Solano,095,438530,24053,22226,250,22476,101
2021-01-09,Sonoma,097,501317,22804,21393,116,21509,202
2021-01-09,Stanislaus,099,539301,41033,38403,3908,42311,567
2021-01-09,Sutter,101,95872,7399,7072,53,7125,69
2021-01-09,Tehama,103,63373,3669,3451,363,3814,15
2021-01-09,Trinity,105,12862,437,252,60,312,2
2021-01-09,Tulare,107,460477,40304,37684,4920,42604,496
2021-01-09,Tuolumne,109,53932,3165,3117,29,3146,26
2021-01-09,Ventura,111,848112,56822,51988,1948,53936,306
2021-01-09,Yolo,113,214977,10389,9524,83,9607,129
2021-01-09,Yuba,115,75493,4539,4265,43,4308,27
2021-01-08,Alameda,001,1643700,63809,59172,1266,60438,646
2021-01-08,Alpine,002,1148,73,70,0,70,0
2021-01-08,Amador,005,37829,2943,2792,24,2816,24
2021-01-08,Butte,007,227075,9303,8430,1197,9627,115
2021-01-08,Calaveras,009,45235,1457,1385,7,1392,21
2021-01-08,Colusa,011,21464,1531,1448,140,1588,7
2021-01-08,Contra Costa,013,1133247,49476,45667,766,46433,381
2021-01-08,Del Norte,015,27424,843,795,2,797,2
2021-01-08,El Dorado,017,186661,7526,6690,449,7139,36
2021-01-08,Fresno,019,978130,80558,73689,5774,79463,771
2021-01-08,Glenn,021,27897,1876,1680,350,2030,9
2021-01-08,Humboldt,023,135768,2173,1988,7,1995,22
2021-01-08,Imperial,025,180216,25051,23751,1893,25644,446
2021-01-08,Inyo,027,18085,862,682,8,690,24
2021-01-08,Kern,029,883053,77623,71978,6583,78561,674
2021-01-08,Kings,031,150075,18537,17441,683,18124,108
2021-01-08,Lake,033,64148,2381,2098,0,2098,26
2021-01-08,Lassen,035,31185,4689,4598,66,4664,1
2021-01-08,Los Angeles,037,10098052,961741,871188,28857,900045,11796
2021-01-08,Madera,039,155013,12855,11846,577,12423,85
2021-01-08,Marin,041,260295,2670,10531,108,10639,153
2021-01-08,Mariposa,043,17540,315,273,2,275,3
2021-01-08,Mendocino,045,87422,2896,2634,40,2674,31
2021-01-08,Merced,047,269075,22493,20862,508,21370,236
2021-01-08,Modoc,049,8938,288,266,78,344,0
2021-01-08,Mono,051,14174,1028,951,13,964,3
2021-01-08,Monterey,053,433212,33773,31543,914,32457,224
2021-01-08,Napa,055,140530,7133,6544,24,6568,32
2021-01-08,Nevada,057,99092,3164,2888,113,3001,17
2021-01-08,Orange,059,3164182,202028,186608,8013,194621,1991
2021-01-08,Placer,061,380077,17164,15401,770,16171,161
2021-01-08,Plumas,063,18699,546,465,9,474,2
2021-01-08,Riverside,065,2383286,231038,212122,10676,222798,2184
2021-01-08,Sacramento,067,1510023,76717,73245,806,74051,939
2021-01-08,San Benito,069,59416,4570,4225,40,4265,33
2021-01-08,San Bernardino,071,2135413,243806,224267,6783,231050,1703
2021-01-08,San Diego,073,3302833,205031,185060,9440,194500,1771
2021-01-08,San Francisco,075,870044,27731,26378,317,26695,207
2021-01-08,San Joaquin,077,732212,54659,50990,2043,53033,710
2021-01-08,San Luis Obispo,079,281455,14875,13286,329,13615,119
2021-01-08,San Mateo,081,765935,31133,28072,165,28237,204
2021-01-08,Santa Barbara,083,443738,22881,20461,647,21108,189
2021-01-08,Santa Clara,085,1922200,87787,80561,360,80921,789
2021-01-08,Santa Cruz,087,273765,12061,10486,484,10970,106
2021-01-08,Shasta,089,179085,9335,8772,882,9654,81
2021-01-08,Sierra,091,2930,38,31,6,37,0
2021-01-08,Siskiyou,093,43540,1184,1027,146,1173,3
2021-01-08,Solano,095,438530,23881,21832,247,22079,100
2021-01-08,Sonoma,097,501317,22662,21178,116,21294,201
2021-01-08,Stanislaus,099,539301,40734,37858,3874,41732,566
2021-01-08,Sutter,101,95872,7349,6982,53,7035,68
2021-01-08,Tehama,103,63373,3645,3406,360,3766,15
2021-01-08,Trinity,105,12862,437,247,60,307,2
2021-01-08,Tulare,107,460477,40036,36946,4825,41771,491
2021-01-08,Tuolumne,109,53932,3157,3099,29,3128,19
2021-01-08,Ventura,111,848112,55956,50553,1924,52477,294
2021-01-08,Yolo,113,214977,10300,9391,83,9474,129
2021-01-08,Yuba,115,75493,4497,4195,42,4237,26
2021-01-07,Alameda,001,1643700,62948,57921,1239,59160,632
2021-01-07,Alpine,002,1148,71,70,0,70,0
2021-01-07,Amador,005,37829,2930,2740,23,2763,24
2021-01-07,Butte,007,227075,9206,8278,1176,9454,112
2021-01-07,Calaveras,009,45235,1440,1342,6,1348,21
2021-01-07,Colusa,011,21464,1519,1420,133,1553,7
2021-01-07,Contra Costa,013,1133247,48698,44756,752,45508,376
2021-01-07,Del Norte,015,27424,841,791,2,793,2
2021-01-07,El Dorado,017,186661,7425,6545,439,6984,36
2021-01-07,Fresno,019,978130,79602,72557,5674,78231,765
2021-01-07,Glenn,021,27897,1858,1639,340,1979,9
2021-01-07,Humboldt,023,135768,2146,1954,7,1961,22
2021-01-07,Imperial,025,180216,24871,23608,1842,25450,431
2021-01-07,Inyo,027,18085,850,656,8,664,20
2021-01-07,Kern,029,883053,76761,70953,6435,77388,660
2021-01-07,Kings,031,150075,18411,17238,673,17911,108
2021-01-07,Lake,033,64148,2328,2054,0,2054,26
2021-01-07,Lassen,035,31185,4684,4581,64,4645,1
2021-01-07,Los Angeles,037,10098052,946817,853187,28334,881521,11480
2021-01-07,Madera,039,155013,12700,11644,567,12211,76
2021-01-07,Marin,041,260295,2581,10364,106,10470,153
2021-01-07,Mariposa,043,17540,313,264,2,266,3
2021-01-07,Mendocino,045,87422,2842,2585,35,2620,30
2021-01-07,Merced,047,269075,22172,20510,492,21002,234
2021-01-07,Modoc,049,8938,288,265,78,343,0
2021-01-07,Mono,051,14174,1017,905,13,918,3
2021-01-07,Monterey,053,433212,33268,30903,891,31794,222
2021-01-07,Napa,055,140530,7024,6408,24,6432,32
2021-01-07,Nevada,057,99092,3130,2847,108,2955,17
2021-01-07,Orange,059,3164182,199202,181922,7913,189835,1974
2021-01-07,Placer,061,380077,16985,15155,742,15897,144
2021-01-07,Plumas,063,18699,544,454,9,463,2
2021-01-07,Riverside,065,2383286,227580,208177,10526,218703,2156
2021-01-07,Sacramento,067,1510023,75812,72342,785,73127,919
2021-01-07,San Benito,069,59416,4509,4112,38,4150,33
2021-01-07,San Bernardino,071,2135413,240368,219691,6699,226390,1666
2021-01-07,San Diego,073,3302833,201725,180510,9262,189772,1738
2021-01-07,San Francisco,075,870044,27406,25885,304,26189,202
2021-01-07,San Joaquin,077,732212,53989,50156,2014,52170,689
2021-01-07,San Luis Obispo,079,281455,14636,12810,316,13126,118
2021-01-07,San Mateo,081,765935,30623,27494,162,27656,201
2021-01-07,Santa Barbara,083,443738,22454,19931,636,20567,187
2021-01-07,Santa Clara,085,1922200,86668,78808,356,79164,775
2021-01-07,Santa Cruz,087,273765,11852,10228,476,10704,104
2021-01-07,Shasta,089,179085,9247,8612,874,9486,81
2021-01-07,Sierra,091,2930,38,31,6,37,0
2021-01-07,Siskiyou,093,43540,1179,1010,145,1155,3
2021-01-07,Solano,095,438530,23492,21384,243,21627,100
2021-01-07,Sonoma,097,501317,22401,20857,115,20972,200
2021-01-07,Stanislaus,099,539301,40318,37296,3822,41118,553
2021-01-07,Sutter,101,95872,7290,6890,52,6942,65
2021-01-07,Tehama,103,63373,3621,3330,352,3682,15
2021-01-07,Trinity,105,12862,437,247,60,307,2
2021-01-07,Tulare,107,460477,39650,36397,4695,41092,482
2021-01-07,Tuolumne,109,53932,3137,3068,28,3096,14
2021-01-07,Ventura,111,848112,54795,49083,1896,50979,288
2021-01-07,Yolo,113,214977,10159,9207,81,9288,128
2021-01-07,Yuba,115,75493,4457,4128,42,4170,25
2021-01-06,Alameda,001,1643700,62094,57081,1212,58293,616
2021-01-06,Alpine,002,1148,71,70,0,70,0
2021-01-06,Amador,005,37829,2909,2717,22,2739,24
2021-01-06,Butte,007,227075,9094,8147,1157,9304,110
2021-01-06,Calaveras,009,45235,1417,1321,6,1327,21
2021-01-06,Colusa,011,21464,1499,1385,128,1513,7
2021-01-06,Contra Costa,013,1133247,47901,44054,736,44790,358
2021-01-06,Del Norte,015,27424,835,780,2,782,2
2021-01-06,El Dorado,017,186661,7313,6397,425,6822,35
2021-01-06,Fresno,019,978130,78756,71404,5572,76976,752
2021-01-06,Glenn,021,27897,1832,1622,336,1958,9
2021-01-06,Humboldt,023,135768,2120,1912,7,1919,22
2021-01-06,Imperial,025,180216,24624,23400,1799,25199,431
2021-01-06,Inyo,027,18085,834,630,8,638,20
2021-01-06,Kern,029,883053,75818,69893,6309,76202,646
2021-01-06,Kings,031,150075,18213,17019,654,17673,108
2021-01-06,Lake,033,64148,2294,2033,0,2033,26
2021-01-06,Lassen,035,31185,4672,4560,60,4620,1
2021-01-06,Los Angeles,037,10098052,930854,835052,27653,862705,11285
2021-01-06,Madera,039,155013,12566,11407,560,11967,67
2021-01-06,Marin,041,260295,2458,10282,105,10387,153
2021-01-06,Mariposa,043,17540,310,259,2,261,3
2021-01-06,Mendocino,045,87422,2812,2561,35,2596,30
2021-01-06,Merced,047,269075,21837,20258,477,20735,232
2021-01-06,Modoc,049,8938,288,263,78,341,0
2021-01-06,Mono,051,14174,986,905,13,918,3
2021-01-06,Monterey,053,433212,32667,30387,860,31247,222
2021-01-06,Napa,055,140530,6894,6342,24,6366,32
2021-01-06,Nevada,057,99092,3110,2805,107,2912,15
2021-01-06,Orange,059,3164182,195760,177686,7772,185458,1935
2021-01-06,Placer,061,380077,16798,14940,724,15664,134
2021-01-06,Plumas,063,18699,536,445,9,454,2
2021-01-06,Riverside,065,2383286,223567,203714,10340,214054,2121
2021-01-06,Sacramento,067,1510023,74788,71572,768,72340,909
2021-01-06,San Benito,069,59416,4434,4031,37,4068,32
2021-01-06,San Bernardino,071,2135413,236683,215286,6596,221882,1634
2021-01-06,San Diego,073,3302833,198224,176660,9091,185751,1691
2021-01-06,San Francisco,075,870044,27040,25424,296,25720,199
2021-01-06,San Joaquin,077,732212,53256,49286,1972,51258,673
2021-01-06,San Luis Obispo,079,281455,14242,12305,309,12614,115
2021-01-06,San Mateo,081,765935,30198,27050,159,27209,200
2021-01-06,Santa Barbara,083,443738,21966,19453,627,20080,177
2021-01-06,Santa Clara,085,1922200,85347,77485,349,77834,746
2021-01-06,Santa Cruz,087,273765,11633,9954,458,10412,97
2021-01-06,Shasta,089,179085,9177,8482,867,9349,78
2021-01-06,Sierra,091,2930,37,31,6,37,0
2021-01-06,Siskiyou,093,43540,1167,998,141,1139,3
2021-01-06,Solano,095,438530,23120,21102,240,21342,99
2021-01-06,Sonoma,097,501317,22093,20558,115,20673,196
2021-01-06,Stanislaus,099,539301,39751,36751,3762,40513,553
2021-01-06,Sutter,101,95872,7209,6839,51,6890,59
2021-01-06,Tehama,103,63373,3592,3306,346,3652,15
2021-01-06,Trinity,105,12862,437,246,60,306,2
2021-01-06,Tulare,107,460477,39157,35882,4600,40482,465
2021-01-06,Tuolumne,109,53932,3116,3008,28,3036,14
2021-01-06,Ventura,111,848112,53551,47428,1872,49300,280
2021-01-06,Yolo,113,214977,9992,9083,78,9161,127
2021-01-06,Yuba,115,75493,4407,4097,42,4139,25
2021-01-05,Alameda,001,1643700,60976,56432,1182,57614,602
2021-01-05,Alpine,002,1148,71,70,0,70,0
2021-01-05,Amador,005,37829,2869,2695,22,2717,24
2021-01-05,Butte,007,227075,8955,8008,1130,9138,107
2021-01-05,Calaveras,009,45235,1370,1292,6,1298,21
2021-01-05,Colusa,011,21464,1477,1376,122,1498,7
2021-01-05,Contra Costa,013,1133247,47044,43442,724,44166,353
2021-01-05,Del Norte,015,27424,829,770,2,772,2
2021-01-05,El Dorado,017,186661,7195,6270,404,6674,32
2021-01-05,Fresno,019,978130,77536,70971,5482,76453,741
2021-01-05,Glenn,021,27897,1809,1608,320,1928,9
2021-01-05,Humboldt,023,135768,2084,1884,7,1891,22
2021-01-05,Imperial,025,180216,24452,23165,1758,24923,421
2021-01-05,Inyo,027,18085,820,627,8,635,20
2021-01-05,Kern,029,883053,74740,68257,6174,74431,624
2021-01-05,Kings,031,150075,18015,16860,632,17492,108
2021-01-05,Lake,033,64148,2248,2015,0,2015,25
2021-01-05,Lassen,035,31185,4657,4554,56,4610,1
2021-01-05,Los Angeles,037,10098052,912117,823783,26999,850782,11028
2021-01-05,Madera,039,155013,12396,11359,548,11907,67
2021-01-05,Marin,041,260295,2310,10214,104,10318,151
2021-01-05,Mariposa,043,17540,304,257,2,259,3
2021-01-05,Mendocino,045,87422,2776,2501,35,2536,30
2021-01-05,Merced,047,269075,21485,20051,465,20516,230
2021-01-05,Modoc,049,8938,288,254,78,332,0
2021-01-05,Mono,051,14174,980,896,13,909,3
2021-01-05,Monterey,053,433212,32120,30045,827,30872,213
2021-01-05,Napa,055,140530,6808,6264,24,6288,29
2021-01-05,Nevada,057,99092,3082,2781,106,2887,15
2021-01-05,Orange,059,3164182,192133,174869,7582,182451,1918
2021-01-05,Placer,061,380077,16575,14723,701,15424,133
2021-01-05,Plumas,063,18699,529,428,9,437,2
2021-01-05,Riverside,065,2383286,219442,200439,10171,210610,2069
2021-01-05,Sacramento,067,1510023,73859,70677,742,71419,888
2021-01-05,San Benito,069,59416,4332,3961,35,3996,28
2021-01-05,San Bernardino,071,2135413,232719,212522,6480,219002,1615
2021-01-05,San Diego,073,3302833,194084,172845,8877,181722,1654
2021-01-05,San Francisco,075,870044,26669,24989,280,25269,196
2021-01-05,San Joaquin,077,732212,52398,48969,1928,50897,663
2021-01-05,San Luis Obispo,079,281455,13844,12027,299,12326,106
2021-01-05,San Mateo,081,765935,29717,26486,157,26643,198
2021-01-05,Santa Barbara,083,443738,21519,19063,619,19682,172
2021-01-05,Santa Clara,085,1922200,83801,76355,337,76692,729
2021-01-05,Santa Cruz,087,273765,11360,9753,434,10187,93
2021-01-05,Shasta,089,179085,9070,8345,849,9194,73
2021-01-05,Sierra,091,2930,37,31,6,37,0
2021-01-05,Siskiyou,093,43540,1155,985,139,1124,3
2021-01-05,Solano,095,438530,22715,20860,235,21095,97
2021-01-05,Sonoma,097,501317,21735,20247,114,20361,194
2021-01-05,Stanislaus,099,539301,39207,36363,3711,40074,553
2021-01-05,Sutter,101,95872,7112,6769,50,6819,59
2021-01-05,Tehama,103,63373,3540,3255,342,3597,9
2021-01-05,Trinity,105,12862,437,246,60,306,2
2021-01-05,Tulare,107,460477,38582,35585,4459,40044,455
2021-01-05,Tuolumne,109,53932,3093,2996,23,3019,13
2021-01-05,Ventura,111,848112,52307,46456,1850,48306,264
2021-01-05,Yolo,113,214977,9814,8980,76,9056,127
2021-01-05,Yuba,115,75493,4348,4053,41,4094,21
2021-01-04,Alameda,001,1643700,59754,55899,1148,57047,583
2021-01-04,Alpine,002,1148,71,68,0,68,0
2021-01-04,Amador,005,37829,2829,2596,22,2618,24
2021-01-04,Butte,007,227075,8796,7893,1109,9002,105
2021-01-04,Calaveras,009,45235,1329,1276,5,1281,21
2021-01-04,Colusa,011,21464,1452,1368,108,1476,7
2021-01-04,Contra Costa,013,1133247,46186,43019,700,43719,353
2021-01-04,Del Norte,015,27424,818,770,2,772,2
2021-01-04,El Dorado,017,186661,7061,6152,390,6542,27
2021-01-04,Fresno,019,978130,76269,69871,5384,75255,726
2021-01-04,Glenn,021,27897,1776,1590,315,1905,9
2021-01-04,Humboldt,023,135768,2047,1845,7,1852,22
2021-01-04,Imperial,025,180216,24305,23035,1707,24742,420
2021-01-04,Inyo,027,18085,794,623,8,631,20
2021-01-04,Kern,029,883053,73657,67418,5980,73398,623
2021-01-04,Kings,031,150075,17739,16801,608,17409,108
2021-01-04,Lake,033,64148,2212,1984,0,1984,25
2021-01-04,Lassen,035,31185,4635,4550,55,4605,1
2021-01-04,Los Angeles,037,10098052,891967,813022,26163,839185,10790
2021-01-04,Madera,039,155013,12180,11204,527,11731,67
2021-01-04,Marin,041,260295,2170,10115,102,10217,151
2021-01-04,Mariposa,043,17540,298,253,2,255,3
2021-01-04,Mendocino,045,87422,2736,2460,31,2491,28
2021-01-04,Merced,047,269075,21075,19804,446,20250,230
2021-01-04,Modoc,049,8938,272,250,76,326,0
2021-01-04,Mono,051,14174,969,895,13,908,3
2021-01-04,Monterey,053,433212,31506,29659,806,30465,212
2021-01-04,Napa,055,140530,6667,6187,24,6211,29
2021-01-04,Nevada,057,99092,3044,2765,103,2868,15
2021-01-04,Orange,059,3164182,188249,172458,7460,179918,1918
2021-01-04,Placer,061,380077,16316,14622,688,15310,133
2021-01-04,Plumas,063,18699,519,419,9,428,1
2021-01-04,Riverside,065,2383286,214895,196809,9985,206794,2066
2021-01-04,Sacramento,067,1510023,72805,70164,733,70897,870
2021-01-04,San Benito,069,59416,4219,3914,35,3949,28
2021-01-04,San Bernardino,071,2135413,228451,210868,6331,217199,1615
2021-01-04,San Diego,073,3302833,189510,171031,8681,179712,1598
2021-01-04,San Francisco,075,870044,26283,24753,274,25027,191
2021-01-04,San Joaquin,077,732212,51507,48644,1887,50531,661
2021-01-04,San Luis Obispo,079,281455,13357,11945,292,12237,96
2021-01-04,San Mateo,081,765935,29153,26150,152,26302,198
2021-01-04,Santa Barbara,083,443738,20996,18735,590,19325,165
2021-01-04,Santa Clara,085,1922200,82044,75297,330,75627,727
2021-01-04,Santa Cruz,087,273765,11072,9680,417,10097,85
2021-01-04,Shasta,089,179085,8965,8224,832,9056,72
2021-01-04,Sierra,091,2930,36,30,6,36,0
2021-01-04,Siskiyou,093,43540,1139,980,136,1116,3
2021-01-04,Solano,095,438530,22210,20588,227,20815,97
2021-01-04,Sonoma,097,501317,21397,20210,113,20323,194
2021-01-04,Stanislaus,099,539301,38643,36141,3656,39797,553
2021-01-04,Sutter,101,95872,7016,6712,49,6761,56
2021-01-04,Tehama,103,63373,3471,3190,337,3527,9
2021-01-04,Trinity,105,12862,434,245,60,305,2
2021-01-04,Tulare,107,460477,38041,35060,4360,39420,455
2021-01-04,Tuolumne,109,53932,3068,2987,23,3010,13
2021-01-04,Ventura,111,848112,50804,45014,1830,46844,255
2021-01-04,Yolo,113,214977,9619,8834,75,8909,121
2021-01-04,Yuba,115,75493,4293,4023,41,4064,21
2021-01-03,Alameda,001,1643700,58506,55082,1121,56203,580
2021-01-03,Alpine,002,1148,69,68,0,68,0
2021-01-03,Amador,005,37829,2772,2565,22,2587,24
2021-01-03,Butte,007,227075,8602,7837,1063,8900,105
2021-01-03,Calaveras,009,45235,1292,1249,3,1252,21
2021-01-03,Colusa,011,21464,1424,1337,102,1439,7
2021-01-03,Contra Costa,013,1133247,45300,42432,679,43111,352
2021-01-03,Del Norte,015,27424,807,768,2,770,2
2021-01-03,El Dorado,017,186661,6933,6034,373,6407,27
2021-01-03,Fresno,019,978130,75119,69326,5268,74594,719
2021-01-03,Glenn,021,27897,1751,1581,309,1890,9
2021-01-03,Humboldt,023,135768,2010,1833,7,1840,21
2021-01-03,Imperial,025,180216,24065,22951,1629,24580,419
2021-01-03,Inyo,027,18085,775,615,8,623,20
2021-01-03,Kern,029,883053,72396,66895,5805,72700,609
2021-01-03,Kings,031,150075,17463,16593,579,17172,108
2021-01-03,Lake,033,64148,2166,1976,0,1976,24
2021-01-03,Lassen,035,31185,4602,4531,54,4585,1
2021-01-03,Los Angeles,037,10098052,869900,792168,25133,817301,10633
2021-01-03,Madera,039,155013,11952,11152,504,11656,67
2021-01-03,Marin,041,260295,2020,10034,98,10132,150
2021-01-03,Mariposa,043,17540,291,248,2,250,3
2021-01-03,Mendocino,045,87422,2696,2445,29,2474,24
2021-01-03,Merced,047,269075,20608,19600,420,20020,230
2021-01-03,Modoc,049,8938,268,245,75,320,0
2021-01-03,Mono,051,14174,944,893,13,906,3
2021-01-03,Monterey,053,433212,30916,29357,771,30128,191
2021-01-03,Napa,055,140530,6566,6094,24,6118,29
2021-01-03,Nevada,057,99092,2983,2742,100,2842,15
2021-01-03,Orange,059,3164182,184056,169881,7271,177152,1919
2021-01-03,Placer,061,380077,16065,14319,665,14984,133
2021-01-03,Plumas,063,18699,506,416,9,425,1
2021-01-03,Riverside,065,2383286,210020,195048,9738,204786,2005
2021-01-03,Sacramento,067,1510023,71599,68558,712,69270,859
2021-01-03,San Benito,069,59416,4123,3882,34,3916,28
2021-01-03,San Bernardino,071,2135413,223175,208294,6160,214454,1592
2021-01-03,San Diego,073,3302833,184250,168018,8452,176470,1592
2021-01-03,San Francisco,075,870044,25792,24588,255,24843,193
2021-01-03,San Joaquin,077,732212,50398,47899,1832,49731,661
2021-01-03,San Luis Obispo,079,281455,12889,11636,284,11920,95
2021-01-03,San Mateo,081,765935,28559,25770,145,25915,196
2021-01-03,Santa Barbara,083,443738,20263,18267,576,18843,164
2021-01-03,Santa Clara,085,1922200,80454,74534,324,74858,720
2021-01-03,Santa Cruz,087,273765,10767,9528,402,9930,84
2021-01-03,Shasta,089,179085,8838,8192,792,8984,72
2021-01-03,Sierra,091,2930,36,30,6,36,0
2021-01-03,Siskiyou,093,43540,1106,976,127,1103,3
2021-01-03,Solano,095,438530,21676,20105,221,20326,97
2021-01-03,Sonoma,097,501317,21011,19982,111,20093,193
2021-01-03,Stanislaus,099,539301,37936,35762,3573,39335,553
2021-01-03,Sutter,101,95872,6919,6664,48,6712,53
2021-01-03,Tehama,103,63373,3417,3176,329,3505,9
2021-01-03,Trinity,105,12862,429,243,58,301,2
2021-01-03,Tulare,107,460477,37464,34747,4213,38960,455
2021-01-03,Tuolumne,109,53932,3007,2978,20,2998,13
2021-01-03,Ventura,111,848112,48978,43748,1813,45561,254
2021-01-03,Yolo,113,214977,9458,8674,74,8748,121
2021-01-03,Yuba,115,75493,4242,3966,40,4006,20
2021-01-02,Alameda,001,1643700,57884,54518,1090,55608,581
2021-01-02,Alpine,002,1148,69,68,0,68,0
2021-01-02,Amador,005,37829,2753,2540,22,2562,24
2021-01-02,Butte,007,227075,8496,7750,1042,8792,105
2021-01-02,Calaveras,009,45235,1272,1230,3,1233,21
2021-01-02,Colusa,011,21464,1413,1332,101,1433,7
2021-01-02,Contra Costa,013,1133247,44754,41993,671,42664,352
2021-01-02,Del Norte,015,27424,805,764,2,766,2
2021-01-02,El Dorado,017,186661,6878,5959,369,6328,27
2021-01-02,Fresno,019,978130,74576,68740,5157,73897,717
2021-01-02,Glenn,021,27897,1734,1546,308,1854,9
2021-01-02,Humboldt,023,135768,1983,1815,7,1822,21
2021-01-02,Imperial,025,180216,23977,22867,1597,24464,420
2021-01-02,Inyo,027,18085,764,609,8,617,20
2021-01-02,Kern,029,883053,71676,66457,5693,72150,610
2021-01-02,Kings,031,150075,17369,16515,575,17090,108
2021-01-02,Lake,033,64148,2129,1925,0,1925,24
2021-01-02,Lassen,035,31185,4591,4457,53,4510,1
2021-01-02,Los Angeles,037,10098052,861524,791892,24458,816350,10633
2021-01-02,Madera,039,155013,11837,11039,492,11531,67
2021-01-02,Marin,041,260295,1972,9924,95,10019,151
2021-01-02,Mariposa,043,17540,284,243,2,245,3
2021-01-02,Mendocino,045,87422,2653,2428,28,2456,24
2021-01-02,Merced,047,269075,20466,19395,403,19798,230
2021-01-02,Modoc,049,8938,267,245,75,320,0
2021-01-02,Mono,051,14174,933,884,13,897,3
2021-01-02,Monterey,053,433212,30700,28991,759,29750,191
2021-01-02,Napa,055,140530,6507,5994,24,6018,29
2021-01-02,Nevada,057,99092,2954,2706,96,2802,15
2021-01-02,Orange,059,3164182,181831,168457,7123,175580,1918
2021-01-02,Placer,061,380077,15892,14182,656,14838,133
2021-01-02,Plumas,063,18699,503,413,9,422,1
2021-01-02,Riverside,065,2383286,207374,192069,9512,201581,2008
2021-01-02,Sacramento,067,1510023,70963,67810,694,68504,858
2021-01-02,San Benito,069,59416,4041,3829,34,3863,28
2021-01-02,San Bernardino,071,2135413,221513,206939,6038,212977,1597
2021-01-02,San Diego,073,3302833,181650,164498,8256,172754,1592
2021-01-02,San Francisco,075,870044,25539,24414,247,24661,194
2021-01-02,San Joaquin,077,732212,49995,47310,1804,49114,662
2021-01-02,San Luis Obispo,079,281455,12755,11467,278,11745,95
2021-01-02,San Mateo,081,765935,28222,25483,137,25620,196
2021-01-02,Santa Barbara,083,443738,19974,18135,573,18708,164
2021-01-02,Santa Clara,085,1922200,79278,73662,318,73980,720
2021-01-02,Santa Cruz,087,273765,10612,9340,394,9734,85
2021-01-02,Shasta,089,179085,8772,8154,781,8935,72
2021-01-02,Sierra,091,2930,36,28,6,34,0
2021-01-02,Siskiyou,093,43540,1095,949,125,1074,3
2021-01-02,Solano,095,438530,21476,19805,212,20017,97
2021-01-02,Sonoma,097,501317,20842,19761,111,19872,194
2021-01-02,Stanislaus,099,539301,37603,35431,3509,38940,553
2021-01-02,Sutter,101,95872,6867,6621,48,6669,53
2021-01-02,Tehama,103,63373,3389,3146,325,3471,9
2021-01-02,Trinity,105,12862,426,243,58,301,2
2021-01-02,Tulare,107,460477,37136,34479,4138,38617,455
2021-01-02,Tuolumne,109,53932,2993,2942,18,2960,13
2021-01-02,Ventura,111,848112,47823,43397,1780,45177,254
2021-01-02,Yolo,113,214977,9362,8571,72,8643,122
2021-01-02,Yuba,115,75493,4204,3930,40,3970,21
2021-01-01,Alameda,001,1643700,57236,53518,1076,54594,579
2021-01-01,Alpine,002,1148,69,68,0,68,0
2021-01-01,Amador,005,37829,2727,2513,20,2533,24
2021-01-01,Butte,007,227075,8394,7589,1020,8609,105
2021-01-01,Calaveras,009,45235,1257,1186,3,1189,21
2021-01-01,Colusa,011,21464,1403,1314,99,1413,7
2021-01-01,Contra Costa,013,1133247,44279,41412,651,42063,351
2021-01-01,Del Norte,015,27424,800,758,2,760,2
2021-01-01,El Dorado,017,186661,6785,5832,361,6193,27
2021-01-01,Fresno,019,978130,73502,67484,5073,72557,717
2021-01-01,Glenn,021,27897,1717,1520,299,1819,9
2021-01-01,Humboldt,023,135768,1944,1783,7,1790,21
2021-01-01,Imperial,025,180216,23881,22715,1546,24261,418
2021-01-01,Inyo,027,18085,739,606,8,614,20
2021-01-01,Kern,029,883053,70850,65571,5586,71157,609
2021-01-01,Kings,031,150075,17186,16358,568,16926,108
2021-01-01,Lake,033,64148,2091,1888,0,1888,24
2021-01-01,Lassen,035,31185,4585,4377,53,4430,1
2021-01-01,Los Angeles,037,10098052,847302,775578,23790,799368,10515
2021-01-01,Madera,039,155013,11682,10752,483,11235,66
2021-01-01,Marin,041,260295,1874,9821,94,9915,148
2021-01-01,Mariposa,043,17540,276,236,2,238,3
2021-01-01,Mendocino,045,87422,2599,2400,28,2428,24
2021-01-01,Merced,047,269075,20282,19118,387,19505,229
2021-01-01,Modoc,049,8938,267,241,75,316,0
2021-01-01,Mono,051,14174,915,884,12,896,3
2021-01-01,Monterey,053,433212,30462,28465,750,29215,191
2021-01-01,Napa,055,140530,6422,5899,24,5923,28
2021-01-01,Nevada,057,99092,2930,2663,96,2759,15
2021-01-01,Orange,059,3164182,179037,165440,6980,172420,1893
2021-01-01,Placer,061,380077,15702,13987,641,14628,133
2021-01-01,Plumas,063,18699,498,412,9,421,1
2021-01-01,Riverside,065,2383286,204184,188674,9259,197933,1990
2021-01-01,Sacramento,067,1510023,70365,66956,677,67633,848
2021-01-01,San Benito,069,59416,4004,3773,34,3807,28
2021-01-01,San Bernardino,071,2135413,218749,203651,5908,209559,1590
2021-01-01,San Diego,073,3302833,178577,160071,8077,168148,1592
2021-01-01,San Francisco,075,870044,25261,24145,236,24381,187
2021-01-01,San Joaquin,077,732212,49671,46640,1760,48400,657
2021-01-01,San Luis Obispo,079,281455,12526,11160,270,11430,94
2021-01-01,San Mateo,081,765935,27773,25041,133,25174,194
2021-01-01,Santa Barbara,083,443738,19654,17759,563,18322,164
2021-01-01,Santa Clara,085,1922200,78057,71904,314,72218,680
2021-01-01,Santa Cruz,087,273765,10432,9146,384,9530,84
2021-01-01,Shasta,089,179085,8691,8102,764,8866,72
2021-01-01,Sierra,091,2930,36,26,6,32,0
2021-01-01,Siskiyou,093,43540,1081,944,120,1064,3
2021-01-01,Solano,095,438530,21262,19393,210,19603,97
2021-01-01,Sonoma,097,501317,20646,19513,111,19624,189
2021-01-01,Stanislaus,099,539301,37315,34978,3447,38425,553
2021-01-01,Sutter,101,95872,6810,6553,47,6600,52
2021-01-01,Tehama,103,63373,3331,3079,318,3397,9
2021-01-01,Trinity,105,12862,426,243,58,301,2
2021-01-01,Tulare,107,460477,36727,33994,4050,38044,454
2021-01-01,Tuolumne,109,53932,2976,2909,18,2927,13
2021-01-01,Ventura,111,848112,46330,42026,1754,43780,253
2021-01-01,Yolo,113,214977,9251,8461,69,8530,120
2021-01-01,Yuba,115,75493,4150,3845,39,3884,19
2020-12-31,Alameda,001,1643700,56688,52475,1044,53519,579
2020-12-31,Alpine,002,1148,69,66,0,66,0
2020-12-31,Amador,005,37829,2713,2493,20,2513,24
2020-12-31,Butte,007,227075,8319,7405,999,8404,105
2020-12-31,Calaveras,009,45235,1246,1161,3,1164,21
2020-12-31,Colusa,011,21464,1391,1301,96,1397,7
2020-12-31,Contra Costa,013,1133247,43875,40512,635,41147,336
2020-12-31,Del Norte,015,27424,799,748,2,750,2
2020-12-31,El Dorado,017,186661,6733,5662,352,6014,26
2020-12-31,Fresno,019,978130,73071,66442,5011,71453,711
2020-12-31,Glenn,021,27897,1689,1484,291,1775,9
2020-12-31,Humboldt,023,135768,1927,1713,7,1720,21
2020-12-31,Imperial,025,180216,23811,22494,1529,24023,417
2020-12-31,Inyo,027,18085,731,591,8,599,20
2020-12-31,Kern,029,883053,70376,64904,5497,70401,609
2020-12-31,Kings,031,150075,17111,16077,559,16636,108
2020-12-31,Lake,033,64148,2070,1848,0,1848,23
2020-12-31,Lassen,035,31185,4579,4340,52,4392,1
2020-12-31,Los Angeles,037,10098052,841955,755844,23339,779183,10320
2020-12-31,Madera,039,155013,11597,10609,475,11084,64
2020-12-31,Marin,041,260295,1822,9731,92,9823,148
2020-12-31,Mariposa,043,17540,274,217,2,219,3
2020-12-31,Mendocino,045,87422,2584,2367,24,2391,24
2020-12-31,Merced,047,269075,20192,18808,377,19185,226
2020-12-31,Modoc,049,8938,267,238,75,313,0
2020-12-31,Mono,051,14174,907,868,12,880,3
2020-12-31,Monterey,053,433212,30232,27720,738,28458,188
2020-12-31,Napa,055,140530,6359,5801,24,5825,28
2020-12-31,Nevada,057,99092,2907,2619,95,2714,15
2020-12-31,Orange,059,3164182,177136,161586,6851,168437,1866
2020-12-31,Placer,061,380077,15546,13708,638,14346,126
2020-12-31,Plumas,063,18699,494,401,8,409,1
2020-12-31,Riverside,065,2383286,202502,184193,9130,193323,1958
2020-12-31,Sacramento,067,1510023,69835,65817,667,66484,830
2020-12-31,San Benito,069,59416,3980,3673,34,3707,28
2020-12-31,San Bernardino,071,2135413,217055,199115,5835,204950,1586
2020-12-31,San Diego,073,3302833,176813,155593,7979,163572,1534
2020-12-31,San Francisco,075,870044,25026,23740,229,23969,183
2020-12-31,San Joaquin,077,732212,49319,45764,1722,47486,646
2020-12-31,San Luis Obispo,079,281455,12411,10846,270,11116,89
2020-12-31,San Mateo,081,765935,27443,24570,127,24697,192
2020-12-31,Santa Barbara,083,443738,19410,17434,556,17990,161
2020-12-31,Santa Clara,085,1922200,77180,70032,309,70341,665
2020-12-31,Santa Cruz,087,273765,10314,8909,372,9281,84
2020-12-31,Shasta,089,179085,8625,7996,754,8750,69
2020-12-31,Sierra,091,2930,36,26,6,32,0
2020-12-31,Siskiyou,093,43540,1065,940,117,1057,3
2020-12-31,Solano,095,438530,21028,18942,209,19151,97
2020-12-31,Sonoma,097,501317,20525,19129,110,19239,188
2020-12-31,Stanislaus,099,539301,37007,34398,3400,37798,552
2020-12-31,Sutter,101,95872,6779,6432,47,6479,51
2020-12-31,Tehama,103,63373,3293,3036,317,3353,9
2020-12-31,Trinity,105,12862,425,241,58,299,2
2020-12-31,Tulare,107,460477,36523,33412,3989,37401,446
2020-12-31,Tuolumne,109,53932,2967,2902,18,2920,12
2020-12-31,Ventura,111,848112,45820,40854,1737,42591,251
2020-12-31,Yolo,113,214977,9161,8295,68,8363,117
2020-12-31,Yuba,115,75493,4113,3799,38,3837,18
2020-12-30,Alameda,001,1643700,55907,50158,991,51149,573
2020-12-30,Alpine,002,1148,69,66,0,66,0
2020-12-30,Amador,005,37829,2693,2418,19,2437,24
2020-12-30,Butte,007,227075,8158,7140,980,8120,103
2020-12-30,Calaveras,009,45235,1221,1135,3,1138,21
2020-12-30,Colusa,011,21464,1373,1289,90,1379,7
2020-12-30,Contra Costa,013,1133247,43325,39601,622,40223,337
2020-12-30,Del Norte,015,27424,794,726,2,728,2
2020-12-30,El Dorado,017,186661,6632,5595,342,5937,27
2020-12-30,Fresno,019,978130,72226,65566,4861,70427,711
2020-12-30,Glenn,021,27897,1658,1471,279,1750,9
2020-12-30,Humboldt,023,135768,1893,1654,7,1661,22
2020-12-30,Imperial,025,180216,23646,22098,1453,23551,412
2020-12-30,Inyo,027,18085,725,572,8,580,20
2020-12-30,Kern,029,883053,69648,63292,5352,68644,604
2020-12-30,Kings,031,150075,16992,15862,550,16412,108
2020-12-30,Lake,033,64148,2051,1731,0,1731,23
2020-12-30,Lassen,035,31185,4570,4300,52,4352,1
2020-12-30,Los Angeles,037,10098052,831032,741907,22672,764579,10046
2020-12-30,Madera,039,155013,11487,10249,464,10713,65
2020-12-30,Marin,041,260295,1730,9569,85,9654,148
2020-12-30,Mariposa,043,17540,270,214,2,216,3
2020-12-30,Mendocino,045,87422,2566,2291,21,2312,24
2020-12-30,Merced,047,269075,19902,18519,367,18886,225
2020-12-30,Modoc,049,8938,264,234,75,309,0
2020-12-30,Mono,051,14174,904,868,12,880,3
2020-12-30,Monterey,053,433212,29602,26977,716,27693,186
2020-12-30,Napa,055,140530,6254,5754,24,5778,28
2020-12-30,Nevada,057,99092,2872,2595,93,2688,15
2020-12-30,Orange,059,3164182,174478,153951,6664,160615,1863
2020-12-30,Placer,061,380077,15315,13540,626,14166,127
2020-12-30,Plumas,063,18699,489,397,8,405,1
2020-12-30,Riverside,065,2383286,199553,176402,8947,185349,1919
2020-12-30,Sacramento,067,1510023,68962,64119,650,64769,847
2020-12-30,San Benito,069,59416,3898,3464,30,3494,29
2020-12-30,San Bernardino,071,2135413,214487,192648,5750,198398,1591
2020-12-30,San Diego,073,3302833,173180,152510,7804,160314,1472
2020-12-30,San Francisco,075,870044,24750,23099,224,23323,182
2020-12-30,San Joaquin,077,732212,48598,44465,1681,46146,634
2020-12-30,San Luis Obispo,079,281455,12142,10542,262,10804,89
2020-12-30,San Mateo,081,765935,27014,24150,123,24273,190
2020-12-30,Santa Barbara,083,443738,19008,16895,535,17430,161
2020-12-30,Santa Clara,085,1922200,75972,67218,305,67523,661
2020-12-30,Santa Cruz,087,273765,10140,8787,363,9150,86
2020-12-30,Shasta,089,179085,8511,7818,740,8558,69
2020-12-30,Sierra,091,2930,36,25,6,31,0
2020-12-30,Siskiyou,093,43540,1058,913,109,1022,3
2020-12-30,Solano,095,438530,20645,18300,206,18506,96
2020-12-30,Sonoma,097,501317,20269,18947,110,19057,191
2020-12-30,Stanislaus,099,539301,36544,33730,3325,37055,526
2020-12-30,Sutter,101,95872,6720,6328,45,6373,51
2020-12-30,Tehama,103,63373,3249,2969,313,3282,9
2020-12-30,Trinity,105,12862,424,231,57,288,2
2020-12-30,Tulare,107,460477,35992,32413,3929,36342,430
2020-12-30,Tuolumne,109,53932,2957,2772,16,2788,12
2020-12-30,Ventura,111,848112,44533,39039,1713,40752,251
2020-12-30,Yolo,113,214977,9053,8067,66,8133,117
2020-12-30,Yuba,115,75493,4045,3612,38,3650,18
2020-12-29,Alameda,001,1643700,54837,50946,956,51902,552
2020-12-29,Alpine,002,1148,69,65,0,65,0
2020-12-29,Amador,005,37829,2641,2388,18,2406,23
2020-12-29,Butte,007,227075,7987,7178,956,8134,98
2020-12-29,Calaveras,009,45235,1177,1111,2,1113,21
2020-12-29,Colusa,011,21464,1352,1272,85,1357,7
2020-12-29,Contra Costa,013,1133247,42556,39225,596,39821,325
2020-12-29,Del Norte,015,27424,787,724,2,726,2
2020-12-29,El Dorado,017,186661,6502,5551,329,5880,22
2020-12-29,Fresno,019,978130,70855,65149,4712,69861,688
2020-12-29,Glenn,021,27897,1624,1454,272,1726,9
2020-12-29,Humboldt,023,135768,1845,1616,7,1623,19
2020-12-29,Imperial,025,180216,23431,22105,1371,23476,407
2020-12-29,Inyo,027,18085,707,571,8,579,19
2020-12-29,Kern,029,883053,68483,63096,5184,68280,589
2020-12-29,Kings,031,150075,16823,15777,538,16315,108
2020-12-29,Lake,033,64148,2020,1805,0,1805,22
2020-12-29,Lassen,035,31185,4555,4288,52,4340,1
2020-12-29,Los Angeles,037,10098052,810817,731907,21850,753757,9786
2020-12-29,Madera,039,155013,11185,10251,451,10702,64
2020-12-29,Marin,041,260295,1604,9595,81,9676,146
2020-12-29,Mariposa,043,17540,262,212,2,214,3
2020-12-29,Mendocino,045,87422,2523,2249,20,2269,24
2020-12-29,Merced,047,269075,19551,18464,351,18815,221
2020-12-29,Modoc,049,8938,261,232,75,307,0
2020-12-29,Mono,051,14174,895,868,12,880,3
2020-12-29,Monterey,053,433212,28951,26894,691,27585,185
2020-12-29,Napa,055,140530,6136,5663,24,5687,28
2020-12-29,Nevada,057,99092,2824,2550,92,2642,15
2020-12-29,Orange,059,3164182,170705,154411,6501,160912,1839
2020-12-29,Placer,061,380077,15102,13392,605,13997,126
2020-12-29,Plumas,063,18699,480,395,8,403,1
2020-12-29,Riverside,065,2383286,194955,177624,8698,186322,1904
2020-12-29,Sacramento,067,1510023,67911,65078,638,65716,820
2020-12-29,San Benito,069,59416,3779,3474,29,3503,25
2020-12-29,San Bernardino,071,2135413,209651,190476,5614,196090,1557
2020-12-29,San Diego,073,3302833,168957,150062,7573,157635,1435
2020-12-29,San Francisco,075,870044,24410,22996,217,23213,178
2020-12-29,San Joaquin,077,732212,47657,44699,1628,46327,622
2020-12-29,San Luis Obispo,079,281455,11846,10387,254,10641,80
2020-12-29,San Mateo,081,765935,26472,23773,111,23884,189
2020-12-29,Santa Barbara,083,443738,18539,16797,509,17306,155
2020-12-29,Santa Clara,085,1922200,74471,67581,301,67882,621
2020-12-29,Santa Cruz,087,273765,9874,8492,354,8846,84
2020-12-29,Shasta,089,179085,8407,7782,725,8507,65
2020-12-29,Sierra,091,2930,34,24,5,29,0
2020-12-29,Siskiyou,093,43540,1043,926,107,1033,3
2020-12-29,Solano,095,438530,20267,18412,201,18613,96
2020-12-29,Sonoma,097,501317,19938,18790,108,18898,187
2020-12-29,Stanislaus,099,539301,36067,33775,3255,37030,508
2020-12-29,Sutter,101,95872,6653,6302,45,6347,50
2020-12-29,Tehama,103,63373,3179,2962,301,3263,9
2020-12-29,Trinity,105,12862,423,241,57,298,2
2020-12-29,Tulare,107,460477,35363,32545,3806,36351,419
2020-12-29,Tuolumne,109,53932,2915,2797,16,2813,12
2020-12-29,Ventura,111,848112,43278,38669,1687,40356,235
2020-12-29,Yolo,113,214977,8923,8124,64,8188,111
2020-12-29,Yuba,115,75493,3966,3723,38,3761,18
2020-12-28,Alameda,001,1643700,53795,50405,936,51341,551
2020-12-28,Alpine,002,1148,68,65,0,65,0
2020-12-28,Amador,005,37829,2571,2255,18,2273,23
2020-12-28,Butte,007,227075,7821,7053,926,7979,86
2020-12-28,Calaveras,009,45235,1154,1102,2,1104,21
2020-12-28,Colusa,011,21464,1326,1255,74,1329,7
2020-12-28,Contra Costa,013,1133247,41614,38872,567,39439,324
2020-12-28,Del Norte,015,27424,778,718,2,720,2
2020-12-28,El Dorado,017,186661,6346,5441,318,5759,18
2020-12-28,Fresno,019,978130,69587,64274,4562,68836,679
2020-12-28,Glenn,021,27897,1590,1435,260,1695,9
2020-12-28,Humboldt,023,135768,1810,1579,7,1586,19
2020-12-28,Imperial,025,180216,23175,22003,1297,23300,405
2020-12-28,Inyo,027,18085,701,569,8,577,19
2020-12-28,Kern,029,883053,67417,62392,4984,67376,579
2020-12-28,Kings,031,150075,16606,15733,520,16253,108
2020-12-28,Lake,033,64148,1980,1785,0,1785,22
2020-12-28,Lassen,035,31185,4448,4284,51,4335,1
2020-12-28,Los Angeles,037,10098052,788452,720699,21068,741767,9544
2020-12-28,Madera,039,155013,11012,10123,431,10554,64
2020-12-28,Marin,041,260295,1528,9546,75,9621,145
2020-12-28,Mariposa,043,17540,238,211,2,213,3
2020-12-28,Mendocino,045,87422,2488,2214,20,2234,23
2020-12-28,Merced,047,269075,19231,18245,333,18578,213
2020-12-28,Modoc,049,8938,256,220,73,293,0
2020-12-28,Mono,051,14174,891,848,12,860,3
2020-12-28,Monterey,053,433212,28102,26529,682,27211,182
2020-12-28,Napa,055,140530,6026,5576,24,5600,26
2020-12-28,Nevada,057,99092,2776,2532,88,2620,15
2020-12-28,Orange,059,3164182,166605,152089,6326,158415,1839
2020-12-28,Placer,061,380077,14762,13234,578,13812,126
2020-12-28,Plumas,063,18699,476,391,8,399,0
2020-12-28,Riverside,065,2383286,190060,174029,8411,182440,1855
2020-12-28,Sacramento,067,1510023,66677,64322,614,64936,813
2020-12-28,San Benito,069,59416,3710,3429,29,3458,24
2020-12-28,San Bernardino,071,2135413,204559,188919,5501,194420,1552
2020-12-28,San Diego,073,3302833,164212,147528,7391,154919,1404
2020-12-28,San Francisco,075,870044,24050,22726,212,22938,178
2020-12-28,San Joaquin,077,732212,46718,44172,1596,45768,618
2020-12-28,San Luis Obispo,079,281455,11496,10260,250,10510,76
2020-12-28,San Mateo,081,765935,25998,23467,107,23574,189
2020-12-28,Santa Barbara,083,443738,18071,16579,497,17076,155
2020-12-28,Santa Clara,085,1922200,72990,66418,294,66712,619
2020-12-28,Santa Cruz,087,273765,9616,8310,344,8654,81
2020-12-28,Shasta,089,179085,8290,7688,712,8400,65
2020-12-28,Sierra,091,2930,32,24,4,28,0
2020-12-28,Siskiyou,093,43540,1027,915,102,1017,3
2020-12-28,Solano,095,438530,19710,18171,194,18365,96
2020-12-28,Sonoma,097,501317,19591,18667,106,18773,185
2020-12-28,Stanislaus,099,539301,35521,33473,3196,36669,507
2020-12-28,Sutter,101,95872,6573,6253,45,6298,49
2020-12-28,Tehama,103,63373,3126,2934,294,3228,9
2020-12-28,Trinity,105,12862,421,240,57,297,2
2020-12-28,Tulare,107,460477,34714,32010,3705,35715,404
2020-12-28,Tuolumne,109,53932,2898,2777,16,2793,12
2020-12-28,Ventura,111,848112,41608,37151,1642,38793,230
2020-12-28,Yolo,113,214977,8771,8031,63,8094,111
2020-12-28,Yuba,115,75493,3911,3679,37,3716,18
2020-12-27,Alameda,001,1643700,52554,49764,910,50674,551
2020-12-27,Alpine,002,1148,66,65,0,65,0
2020-12-27,Amador,005,37829,2451,2218,18,2236,23
2020-12-27,Butte,007,227075,7666,7016,888,7904,86
2020-12-27,Calaveras,009,45235,1108,1097,2,1099,21
2020-12-27,Colusa,011,21464,1301,1253,71,1324,7
2020-12-27,Contra Costa,013,1133247,40667,38428,543,38971,324
2020-12-27,Del Norte,015,27424,754,712,2,714,2
2020-12-27,El Dorado,017,186661,6132,5388,295,5683,18
2020-12-27,Fresno,019,978130,68339,63811,4357,68168,679
2020-12-27,Glenn,021,27897,1562,1434,246,1680,9
2020-12-27,Humboldt,023,135768,1766,1575,7,1582,17
2020-12-27,Imperial,025,180216,22896,21934,1190,23124,405
2020-12-27,Inyo,027,18085,682,565,7,572,18
2020-12-27,Kern,029,883053,66136,61914,4819,66733,568
2020-12-27,Kings,031,150075,16370,15593,486,16079,108
2020-12-27,Lake,033,64148,1931,1769,0,1769,22
2020-12-27,Lassen,035,31185,4371,4230,44,4274,1
2020-12-27,Los Angeles,037,10098052,766917,707260,20206,727466,9476
2020-12-27,Madera,039,155013,10755,10005,421,10426,64
2020-12-27,Marin,041,260295,1452,9477,73,9550,144
2020-12-27,Mariposa,043,17540,231,208,2,210,3
2020-12-27,Mendocino,045,87422,2441,2209,20,2229,23
2020-12-27,Merced,047,269075,18867,18075,318,18393,213
2020-12-27,Modoc,049,8938,247,221,69,290,0
2020-12-27,Mono,051,14174,879,849,12,861,3
2020-12-27,Monterey,053,433212,27539,26322,665,26987,181
2020-12-27,Napa,055,140530,5892,5496,24,5520,26
2020-12-27,Nevada,057,99092,2740,2519,88,2607,15
2020-12-27,Orange,059,3164182,162203,149276,6138,155414,1839
2020-12-27,Placer,061,380077,14467,13017,546,13563,126
2020-12-27,Plumas,063,18699,470,390,8,398,0
2020-12-27,Riverside,065,2383286,185145,171995,8111,180106,1836
2020-12-27,Sacramento,067,1510023,65465,63416,592,64008,811
2020-12-27,San Benito,069,59416,3625,3394,29,3423,24
2020-12-27,San Bernardino,071,2135413,199469,186776,5364,192140,1551
2020-12-27,San Diego,073,3302833,159805,145777,7204,152981,1402
2020-12-27,San Francisco,075,870044,23696,22514,204,22718,178
2020-12-27,San Joaquin,077,732212,45668,43529,1547,45076,618
2020-12-27,San Luis Obispo,079,281455,11088,10154,245,10399,76
2020-12-27,San Mateo,081,765935,25434,23136,104,23240,187
2020-12-27,Santa Barbara,083,443738,17542,16364,470,16834,155
2020-12-27,Santa Clara,085,1922200,71295,65288,288,65576,619
2020-12-27,Santa Cruz,087,273765,9358,8234,336,8570,81
2020-12-27,Shasta,089,179085,8163,7671,690,8361,65
2020-12-27,Sierra,091,2930,32,24,3,27,0
2020-12-27,Siskiyou,093,43540,1017,914,97,1011,3
2020-12-27,Solano,095,438530,19229,17840,189,18029,96
2020-12-27,Sonoma,097,501317,19300,18487,105,18592,185
2020-12-27,Stanislaus,099,539301,34909,33076,3113,36189,506
2020-12-27,Sutter,101,95872,6492,6218,43,6261,48
2020-12-27,Tehama,103,63373,3054,2922,278,3200,9
2020-12-27,Trinity,105,12862,414,240,55,295,2
2020-12-27,Tulare,107,460477,34112,31864,3587,35451,400
2020-12-27,Tuolumne,109,53932,2793,2750,14,2764,12
2020-12-27,Ventura,111,848112,40547,36661,1591,38252,230
2020-12-27,Yolo,113,214977,8581,7919,59,7978,111
2020-12-27,Yuba,115,75493,3848,3665,35,3700,18
2020-12-26,Alameda,001,1643700,51930,49084,897,49981,551
2020-12-26,Alpine,002,1148,66,65,0,65,0
2020-12-26,Amador,005,37829,2437,2189,18,2207,23
2020-12-26,Butte,007,227075,7572,6968,864,7832,86
2020-12-26,Calaveras,009,45235,1102,1084,2,1086,21
2020-12-26,Colusa,011,21464,1291,1240,71,1311,7
2020-12-26,Contra Costa,013,1133247,40189,38008,526,38534,324
2020-12-26,Del Norte,015,27424,749,709,2,711,2
2020-12-26,El Dorado,017,186661,6077,5279,291,5570,18
2020-12-26,Fresno,019,978130,67870,63080,4294,67374,679
2020-12-26,Glenn,021,27897,1541,1413,241,1654,9
2020-12-26,Humboldt,023,135768,1728,1545,7,1552,17
2020-12-26,Imperial,025,180216,22801,21734,1138,22872,405
2020-12-26,Inyo,027,18085,667,554,7,561,18
2020-12-26,Kern,029,883053,65465,61174,4672,65846,564
2020-12-26,Kings,031,150075,16252,15517,482,15999,108
2020-12-26,Lake,033,64148,1891,1710,0,1710,22
2020-12-26,Lassen,035,31185,4350,3981,44,4025,1
2020-12-26,Los Angeles,037,10098052,758336,694149,19722,713871,9424
2020-12-26,Madera,039,155013,10679,9908,409,10317,64
2020-12-26,Marin,041,260295,1430,9413,70,9483,143
2020-12-26,Mariposa,043,17540,230,206,2,208,3
2020-12-26,Mendocino,045,87422,2395,2194,20,2214,23
2020-12-26,Merced,047,269075,18717,17890,313,18203,213
2020-12-26,Modoc,049,8938,244,222,69,291,0
2020-12-26,Mono,051,14174,873,850,12,862,3
2020-12-26,Monterey,053,433212,27401,26010,656,26666,182
2020-12-26,Napa,055,140530,5834,5427,24,5451,26
2020-12-26,Nevada,057,99092,2712,2480,88,2568,15
2020-12-26,Orange,059,3164182,159979,147304,6047,153351,1838
2020-12-26,Placer,061,380077,14295,12816,531,13347,122
2020-12-26,Plumas,063,18699,467,381,8,389,0
2020-12-26,Riverside,065,2383286,182659,169360,7953,177313,1834
2020-12-26,Sacramento,067,1510023,64840,62435,582,63017,807
2020-12-26,San Benito,069,59416,3552,3330,29,3359,24
2020-12-26,San Bernardino,071,2135413,197788,185111,5282,190393,1551
2020-12-26,San Diego,073,3302833,157280,142644,7057,149701,1402
2020-12-26,San Francisco,075,870044,23455,22319,204,22523,177
2020-12-26,San Joaquin,077,732212,45280,42887,1501,44388,618
2020-12-26,San Luis Obispo,079,281455,11001,9945,240,10185,76
2020-12-26,San Mateo,081,765935,25096,22908,99,23007,187
2020-12-26,Santa Barbara,083,443738,17303,16159,464,16623,155
2020-12-26,Santa Clara,085,1922200,70180,64185,286,64471,618
2020-12-26,Santa Cruz,087,273765,9227,8113,327,8440,81
2020-12-26,Shasta,089,179085,8103,7641,678,8319,65
2020-12-26,Sierra,091,2930,32,24,3,27,0
2020-12-26,Siskiyou,093,43540,1010,909,94,1003,2
2020-12-26,Solano,095,438530,18985,17528,189,17717,96
2020-12-26,Sonoma,097,501317,19097,18261,103,18364,184
2020-12-26,Stanislaus,099,539301,34610,32678,3060,35738,505
2020-12-26,Sutter,101,95872,6434,6121,43,6164,48
2020-12-26,Tehama,103,63373,3025,2884,272,3156,9
2020-12-26,Trinity,105,12862,412,237,54,291,2
2020-12-26,Tulare,107,460477,33802,31665,3524,35189,398
2020-12-26,Tuolumne,109,53932,2782,2703,14,2717,12
2020-12-26,Ventura,111,848112,39582,36064,1561,37625,230
2020-12-26,Yolo,113,214977,8479,7785,57,7842,111
2020-12-26,Yuba,115,75493,3816,3599,35,3634,18
2020-12-25,Alameda,001,1643700,51361,48365,882,49247,542
2020-12-25,Alpine,002,1148,66,64,0,64,0
2020-12-25,Amador,005,37829,2394,2172,18,2190,23
2020-12-25,Butte,007,227075,7473,6873,845,7718,85
2020-12-25,Calaveras,009,45235,1099,1062,2,1064,21
2020-12-25,Colusa,011,21464,1278,1219,70,1289,7
2020-12-25,Contra Costa,013,1133247,39702,37480,502,37982,324
2020-12-25,Del Norte,015,27424,747,692,2,694,2
2020-12-25,El Dorado,017,186661,6012,5170,278,5448,16
2020-12-25,Fresno,019,978130,67008,62251,4212,66463,679
2020-12-25,Glenn,021,27897,1525,1390,234,1624,9
2020-12-25,Humboldt,023,135768,1688,1532,7,1539,16
2020-12-25,Imperial,025,180216,22698,21646,1126,22772,405
2020-12-25,Inyo,027,18085,657,546,7,553,18
2020-12-25,Kern,029,883053,64735,60417,4526,64943,562
2020-12-25,Kings,031,150075,16141,15460,478,15938,108
2020-12-25,Lake,033,64148,1872,1669,0,1669,20
2020-12-25,Lassen,035,31185,4335,3926,44,3970,1
2020-12-25,Los Angeles,037,10098052,744661,665600,19069,684669,9292
2020-12-25,Madera,039,155013,10515,9770,403,10173,64
2020-12-25,Marin,041,260295,1413,9375,68,9443,143
2020-12-25,Mariposa,043,17540,224,203,2,205,3
2020-12-25,Mendocino,045,87422,2352,2176,20,2196,23
2020-12-25,Merced,047,269075,18556,17726,305,18031,213
2020-12-25,Modoc,049,8938,243,221,69,290,0
2020-12-25,Mono,051,14174,871,843,12,855,3
2020-12-25,Monterey,053,433212,27125,25788,647,26435,182
2020-12-25,Napa,055,140530,5757,5351,24,5375,26
2020-12-25,Nevada,057,99092,2686,2458,86,2544,15
2020-12-25,Orange,059,3164182,157284,144542,5856,150398,1814
2020-12-25,Placer,061,380077,14110,12660,509,13169,122
2020-12-25,Plumas,063,18699,460,381,8,389,0
2020-12-25,Riverside,065,2383286,179378,166690,7642,174332,1825
2020-12-25,Sacramento,067,1510023,64149,61630,557,62187,796
2020-12-25,San Benito,069,59416,3511,3281,27,3308,24
2020-12-25,San Bernardino,071,2135413,195189,181812,5167,186979,1546
2020-12-25,San Diego,073,3302833,154800,139958,6879,146837,1402
2020-12-25,San Francisco,075,870044,23173,22130,199,22329,175
2020-12-25,San Joaquin,077,732212,44980,42089,1448,43537,614
2020-12-25,San Luis Obispo,079,281455,10818,9749,233,9982,76
2020-12-25,San Mateo,081,765935,24774,22568,97,22665,187
2020-12-25,Santa Barbara,083,443738,17079,15936,457,16393,155
2020-12-25,Santa Clara,085,1922200,69043,63173,277,63450,612
2020-12-25,Santa Cruz,087,273765,9077,8018,306,8324,81
2020-12-25,Shasta,089,179085,8029,7612,655,8267,65
2020-12-25,Sierra,091,2930,32,24,3,27,0
2020-12-25,Siskiyou,093,43540,1004,905,92,997,2
2020-12-25,Solano,095,438530,18803,17280,187,17467,96
2020-12-25,Sonoma,097,501317,18922,18035,101,18136,184
2020-12-25,Stanislaus,099,539301,34328,32290,3005,35295,498
2020-12-25,Sutter,101,95872,6374,6051,42,6093,47
2020-12-25,Tehama,103,63373,2977,2839,259,3098,9
2020-12-25,Trinity,105,12862,408,236,54,290,2
2020-12-25,Tulare,107,460477,33392,31323,3456,34779,398
2020-12-25,Tuolumne,109,53932,2763,2674,14,2688,12
2020-12-25,Ventura,111,848112,38426,35514,1513,37027,230
2020-12-25,Yolo,113,214977,8387,7700,55,7755,111
2020-12-25,Yuba,115,75493,3776,3549,34,3583,17
2020-12-24,Alameda,001,1643700,51004,47527,864,48391,541
2020-12-24,Alpine,002,1148,66,64,0,64,0
2020-12-24,Amador,005,37829,2381,2145,18,2163,23
2020-12-24,Butte,007,227075,7435,6716,829,7545,84
2020-12-24,Calaveras,009,45235,1096,1032,2,1034,21
2020-12-24,Colusa,011,21464,1273,1188,68,1256,7
2020-12-24,Contra Costa,013,1133247,39450,36623,489,37112,311
2020-12-24,Del Norte,015,27424,746,678,2,680,2
2020-12-24,El Dorado,017,186661,5986,5042,270,5312,16
2020-12-24,Fresno,019,978130,66786,61435,4198,65633,663
2020-12-24,Glenn,021,27897,1514,1363,226,1589,9
2020-12-24,Humboldt,023,135768,1665,1516,7,1523,16
2020-12-24,Imperial,025,180216,22635,21545,1116,22661,402
2020-12-24,Inyo,027,18085,655,532,7,539,17
2020-12-24,Kern,029,883053,64447,59601,4513,64114,556
2020-12-24,Kings,031,150075,16101,15211,477,15688,108
2020-12-24,Lake,033,64148,1850,1629,0,1629,20
2020-12-24,Lassen,035,31185,4322,3894,44,3938,1
2020-12-24,Los Angeles,037,10098052,740466,664840,18828,683668,9288
2020-12-24,Madera,039,155013,10466,9547,395,9942,63
2020-12-24,Marin,041,260295,1397,9287,68,9355,143
2020-12-24,Mariposa,043,17540,220,197,2,199,3
2020-12-24,Mendocino,045,87422,2341,2150,20,2170,23
2020-12-24,Merced,047,269075,18486,17485,301,17786,212
2020-12-24,Modoc,049,8938,243,220,68,288,0
2020-12-24,Mono,051,14174,869,817,12,829,3
2020-12-24,Monterey,053,433212,27012,25131,640,25771,180
2020-12-24,Napa,055,140530,5702,5265,24,5289,26
2020-12-24,Nevada,057,99092,2662,2429,86,2515,15
2020-12-24,Orange,059,3164182,155790,141205,5805,147010,1775
2020-12-24,Placer,061,380077,14020,12457,502,12959,121
2020-12-24,Plumas,063,18699,457,376,8,384,0
2020-12-24,Riverside,065,2383286,178442,162435,7602,170037,1816
2020-12-24,Sacramento,067,1510023,63874,60596,555,61151,788
2020-12-24,San Benito,069,59416,3480,3183,27,3210,24
2020-12-24,San Bernardino,071,2135413,194099,176866,5134,182000,1533
2020-12-24,San Diego,073,3302833,153716,136952,6847,143799,1382
2020-12-24,San Francisco,075,870044,23000,21830,196,22026,175
2020-12-24,San Joaquin,077,732212,44813,41324,1430,42754,611
2020-12-24,San Luis Obispo,079,281455,10749,9504,231,9735,77
2020-12-24,San Mateo,081,765935,24579,22093,97,22190,186
2020-12-24,Santa Barbara,083,443738,16974,15644,449,16093,153
2020-12-24,Santa Clara,085,1922200,68354,61742,270,62012,591
2020-12-24,Santa Cruz,087,273765,8998,7856,294,8150,82
2020-12-24,Shasta,089,179085,7988,7540,638,8178,65
2020-12-24,Sierra,091,2930,29,23,1,24,0
2020-12-24,Siskiyou,093,43540,999,900,86,986,2
2020-12-24,Solano,095,438530,18661,16872,182,17054,96
2020-12-24,Sonoma,097,501317,18821,17710,101,17811,183
2020-12-24,Stanislaus,099,539301,34126,31848,2978,34826,498
2020-12-24,Sutter,101,95872,6333,5960,41,6001,47
2020-12-24,Tehama,103,63373,2959,2779,257,3036,9
2020-12-24,Trinity,105,12862,407,235,54,289,2
2020-12-24,Tulare,107,460477,33244,30827,3430,34257,390
2020-12-24,Tuolumne,109,53932,2755,2653,14,2667,12
2020-12-24,Ventura,111,848112,38145,34400,1506,35906,224
2020-12-24,Yolo,113,214977,8345,7566,54,7620,113
2020-12-24,Yuba,115,75493,3745,3483,34,3517,16
2020-12-23,Alameda,001,1643700,50427,46753,836,47589,537
2020-12-23,Alpine,002,1148,66,64,0,64,0
2020-12-23,Amador,005,37829,2312,2108,17,2125,23
2020-12-23,Butte,007,227075,7346,6588,802,7390,84
2020-12-23,Calaveras,009,45235,1087,1002,1,1003,21
2020-12-23,Colusa,011,21464,1262,1167,67,1234,7
2020-12-23,Contra Costa,013,1133247,39055,36190,475,36665,311
2020-12-23,Del Norte,015,27424,738,670,2,672,2
2020-12-23,El Dorado,017,186661,5911,4967,262,5229,14
2020-12-23,Fresno,019,978130,66174,60488,4132,64620,654
2020-12-23,Glenn,021,27897,1500,1349,222,1571,9
2020-12-23,Humboldt,023,135768,1640,1458,7,1465,16
2020-12-23,Imperial,025,180216,22540,21323,1087,22410,399
2020-12-23,Inyo,027,18085,642,517,7,524,17
2020-12-23,Kern,029,883053,63928,58656,4422,63078,549
2020-12-23,Kings,031,150075,16024,14923,474,15397,105
2020-12-23,Lake,033,64148,1833,1595,0,1595,20
2020-12-23,Lassen,035,31185,4312,3865,41,3906,1
2020-12-23,Los Angeles,037,10098052,731390,651958,18312,670270,9146
2020-12-23,Madera,039,155013,10309,9371,380,9751,63
2020-12-23,Marin,041,260295,1373,9199,65,9264,142
2020-12-23,Mariposa,043,17540,218,194,2,196,3
2020-12-23,Mendocino,045,87422,2329,2121,20,2141,23
2020-12-23,Merced,047,269075,18330,17250,293,17543,203
2020-12-23,Modoc,049,8938,239,197,67,264,0
2020-12-23,Mono,051,14174,866,814,12,826,3
2020-12-23,Monterey,053,433212,26711,24856,635,25491,176
2020-12-23,Napa,055,140530,5635,5172,24,5196,25
2020-12-23,Nevada,057,99092,2617,2406,85,2491,15
2020-12-23,Orange,059,3164182,153335,138050,5644,143694,1771
2020-12-23,Placer,061,380077,13810,12213,494,12707,111
2020-12-23,Plumas,063,18699,450,369,8,377,0
2020-12-23,Riverside,065,2383286,176172,158110,7448,165558,1790
2020-12-23,Sacramento,067,1510023,63225,59661,542,60203,779
2020-12-23,San Benito,069,59416,3426,3073,25,3098,24
2020-12-23,San Bernardino,071,2135413,192033,172888,5066,177954,1509
2020-12-23,San Diego,073,3302833,151290,134695,6710,141405,1350
2020-12-23,San Francisco,075,870044,22779,21498,193,21691,174
2020-12-23,San Joaquin,077,732212,44287,35664,1388,37052,602
2020-12-23,San Luis Obispo,079,281455,10607,9267,226,9493,74
2020-12-23,San Mateo,081,765935,24277,21780,95,21875,186
2020-12-23,Santa Barbara,083,443738,16766,15399,424,15823,152
2020-12-23,Santa Clara,085,1922200,67407,60455,265,60720,579
2020-12-23,Santa Cruz,087,273765,8839,7637,276,7913,75
2020-12-23,Shasta,089,179085,7916,7487,632,8119,66
2020-12-23,Sierra,091,2930,27,23,1,24,0
2020-12-23,Siskiyou,093,43540,978,891,85,976,2
2020-12-23,Solano,095,438530,18446,16626,177,16803,95
2020-12-23,Sonoma,097,501317,18616,17397,101,17498,182
2020-12-23,Stanislaus,099,539301,33774,31492,2926,34418,499
2020-12-23,Sutter,101,95872,6266,5871,41,5912,46
2020-12-23,Tehama,103,63373,2941,2737,250,2987,9
2020-12-23,Trinity,105,12862,407,234,53,287,2
2020-12-23,Tulare,107,460477,32932,30315,3390,33705,385
2020-12-23,Tuolumne,109,53932,2716,2540,14,2554,12
2020-12-23,Ventura,111,848112,37747,33377,1477,34854,216
2020-12-23,Yolo,113,214977,8266,7508,54,7562,112
2020-12-23,Yuba,115,75493,3685,3438,34,3472,14
2020-12-22,Alameda,001,1643700,49541,45751,805,46556,534
2020-12-22,Alpine,002,1148,66,64,0,64,0
2020-12-22,Amador,005,37829,2301,1839,17,1856,23
2020-12-22,Butte,007,227075,7217,6467,787,7254,85
2020-12-22,Calaveras,009,45235,1060,988,0,988,21
2020-12-22,Colusa,011,21464,1239,1150,64,1214,7
2020-12-22,Contra Costa,013,1133247,38430,35681,461,36142,301
2020-12-22,Del Norte,015,27424,728,666,2,668,2
2020-12-22,El Dorado,017,186661,5788,4885,250,5135,12
2020-12-22,Fresno,019,978130,65140,59640,4030,63670,640
2020-12-22,Glenn,021,27897,1477,1337,211,1548,9
2020-12-22,Humboldt,023,135768,1607,1440,7,1447,16
2020-12-22,Imperial,025,180216,22351,21128,1045,22173,398
2020-12-22,Inyo,027,18085,621,506,7,513,17
2020-12-22,Kern,029,883053,62975,57816,4287,62103,547
2020-12-22,Kings,031,150075,15882,14855,468,15323,102
2020-12-22,Lake,033,64148,1809,1569,0,1569,20
2020-12-22,Lassen,035,31185,4170,3848,39,3887,1
2020-12-22,Los Angeles,037,10098052,714111,635931,17657,653588,9013
2020-12-22,Madera,039,155013,10195,9187,365,9552,63
2020-12-22,Marin,041,260295,1360,9115,64,9179,142
2020-12-22,Mariposa,043,17540,215,194,2,196,3
2020-12-22,Mendocino,045,87422,2296,2092,19,2111,23
2020-12-22,Merced,047,269075,18083,17012,288,17300,201
2020-12-22,Modoc,049,8938,231,182,66,248,0
2020-12-22,Mono,051,14174,860,786,12,798,3
2020-12-22,Monterey,053,433212,26041,24152,614,24766,176
2020-12-22,Napa,055,140530,5546,5059,24,5083,23
2020-12-22,Nevada,057,99092,2589,2367,84,2451,14
2020-12-22,Orange,059,3164182,149999,134850,5476,140326,1774
2020-12-22,Placer,061,380077,13566,11943,474,12417,105
2020-12-22,Plumas,063,18699,444,360,8,368,0
2020-12-22,Riverside,065,2383286,172364,155059,7182,162241,1777
2020-12-22,Sacramento,067,1510023,62297,57966,523,58489,772
2020-12-22,San Benito,069,59416,3348,2998,25,3023,24
2020-12-22,San Bernardino,071,2135413,187423,169266,4922,174188,1500
2020-12-22,San Diego,073,3302833,147931,132097,6548,138645,1311
2020-12-22,San Francisco,075,870044,22508,21232,190,21422,174
2020-12-22,San Joaquin,077,732212,43525,39423,1340,40763,592
2020-12-22,San Luis Obispo,079,281455,10261,9174,221,9395,69
2020-12-22,San Mateo,081,765935,23950,21382,79,21461,186
2020-12-22,Santa Barbara,083,443738,16500,15189,414,15603,150
2020-12-22,Santa Clara,085,1922200,66229,59192,258,59450,569
2020-12-22,Santa Cruz,087,273765,8656,7471,250,7721,72
2020-12-22,Shasta,089,179085,7837,7371,615,7986,64
2020-12-22,Sierra,091,2930,27,23,0,23,0
2020-12-22,Siskiyou,093,43540,972,880,84,964,2
2020-12-22,Solano,095,438530,18044,16229,174,16403,95
2020-12-22,Sonoma,097,501317,18297,17216,101,17317,180
2020-12-22,Stanislaus,099,539301,33390,30914,2852,33766,499
2020-12-22,Sutter,101,95872,6207,5791,40,5831,46
2020-12-22,Tehama,103,63373,2892,2688,244,2932,9
2020-12-22,Trinity,105,12862,406,231,53,284,2
2020-12-22,Tulare,107,460477,32467,30025,3326,33351,377
2020-12-22,Tuolumne,109,53932,2665,2526,14,2540,12
2020-12-22,Ventura,111,848112,36981,32488,1434,33922,213
2020-12-22,Yolo,113,214977,8155,7388,53,7441,113
2020-12-22,Yuba,115,75493,3637,3379,34,3413,14
2020-12-21,Alameda,001,1643700,48639,44756,779,45535,518
2020-12-21,Alpine,002,1148,65,64,0,64,0
2020-12-21,Amador,005,37829,2224,1815,17,1832,23
2020-12-21,Butte,007,227075,7062,6335,764,7099,81
2020-12-21,Calaveras,009,45235,1030,963,0,963,21
2020-12-21,Colusa,011,21464,1213,1135,59,1194,7
2020-12-21,Contra Costa,013,1133247,37680,35207,425,35632,300
2020-12-21,Del Norte,015,27424,713,660,2,662,2
2020-12-21,El Dorado,017,186661,5643,4805,238,5043,10
2020-12-21,Fresno,019,978130,63989,58568,3888,62456,634
2020-12-21,Glenn,021,27897,1445,1323,203,1526,9
2020-12-21,Humboldt,023,135768,1584,1419,7,1426,16
2020-12-21,Imperial,025,180216,22085,20994,1004,21998,395
2020-12-21,Inyo,027,18085,600,482,7,489,17
2020-12-21,Kern,029,883053,62086,56836,4153,60989,541
2020-12-21,Kings,031,150075,15632,14760,453,15213,100
2020-12-21,Lake,033,64148,1761,1538,0,1538,20
2020-12-21,Lassen,035,31185,4010,3798,37,3835,1
2020-12-21,Los Angeles,037,10098052,695011,624129,16996,641125,8918
2020-12-21,Madera,039,155013,10005,9069,344,9413,63
2020-12-21,Marin,041,260295,1352,9035,64,9099,142
2020-12-21,Mariposa,043,17540,210,186,2,188,3
2020-12-21,Mendocino,045,87422,2265,2066,19,2085,23
2020-12-21,Merced,047,269075,17834,16710,273,16983,198
2020-12-21,Modoc,049,8938,217,181,65,246,0
2020-12-21,Mono,051,14174,848,781,12,793,3
2020-12-21,Monterey,053,433212,25509,23673,600,24273,174
2020-12-21,Napa,055,140530,5460,4952,24,4976,23
2020-12-21,Nevada,057,99092,2556,2337,84,2421,13
2020-12-21,Orange,059,3164182,146595,130444,5324,135768,1772
2020-12-21,Placer,061,380077,13334,11715,455,12170,105
2020-12-21,Plumas,063,18699,440,353,8,361,0
2020-12-21,Riverside,065,2383286,168144,151713,6863,158576,1743
2020-12-21,Sacramento,067,1510023,61278,57064,506,57570,759
2020-12-21,San Benito,069,59416,3279,2921,25,2946,22
2020-12-21,San Bernardino,071,2135413,182610,165086,4756,169842,1476
2020-12-21,San Diego,073,3302833,144480,129716,6384,136100,1284
2020-12-21,San Francisco,075,870044,22217,21086,188,21274,174
2020-12-21,San Joaquin,077,732212,42726,38811,1290,40101,586
2020-12-21,San Luis Obispo,079,281455,10072,9006,216,9222,64
2020-12-21,San Mateo,081,765935,23546,21035,76,21111,185
2020-12-21,Santa Barbara,083,443738,16226,14988,409,15397,149
2020-12-21,Santa Clara,085,1922200,65036,57699,246,57945,570
2020-12-21,Santa Cruz,087,273765,8449,7315,237,7552,69
2020-12-21,Shasta,089,179085,7772,7299,605,7904,64
2020-12-21,Sierra,091,2930,24,23,0,23,0
2020-12-21,Siskiyou,093,43540,965,878,83,961,2
2020-12-21,Solano,095,438530,17584,15878,169,16047,95
2020-12-21,Sonoma,097,501317,18024,17075,98,17173,176
2020-12-21,Stanislaus,099,539301,32933,30437,2776,33213,499
2020-12-21,Sutter,101,95872,6112,5708,40,5748,46
2020-12-21,Tehama,103,63373,2827,2656,235,2891,9
2020-12-21,Trinity,105,12862,404,226,51,277,2
2020-12-21,Tulare,107,460477,31981,29482,3235,32717,373
2020-12-21,Tuolumne,109,53932,2640,2423,12,2435,12
2020-12-21,Ventura,111,848112,35901,31759,1397,33156,212
2020-12-21,Yolo,113,214977,8018,7266,49,7315,109
2020-12-21,Yuba,115,75493,3579,3329,34,3363,14
2020-12-20,Alameda,001,1643700,47755,44004,758,44762,516
2020-12-20,Alpine,002,1148,65,64,0,64,0
2020-12-20,Amador,005,37829,2166,1771,17,1788,23
2020-12-20,Butte,007,227075,6915,6228,726,6954,81
2020-12-20,Calaveras,009,45235,1007,926,0,926,21
2020-12-20,Colusa,011,21464,1184,1121,53,1174,7
2020-12-20,Contra Costa,013,1133247,37079,34798,407,35205,301
2020-12-20,Del Norte,015,27424,691,652,2,654,2
2020-12-20,El Dorado,017,186661,5518,4697,229,4926,10
2020-12-20,Fresno,019,978130,63003,57616,3753,61369,634
2020-12-20,Glenn,021,27897,1436,1295,196,1491,9
2020-12-20,Humboldt,023,135768,1547,1386,6,1392,15
2020-12-20,Imperial,025,180216,21845,20882,902,21784,395
2020-12-20,Inyo,027,18085,584,476,7,483,17
2020-12-20,Kern,029,883053,60988,55983,3999,59982,540
2020-12-20,Kings,031,150075,15412,14629,437,15066,100
2020-12-20,Lake,033,64148,1718,1463,0,1463,20
2020-12-20,Lassen,035,31185,3956,3669,35,3704,1
2020-12-20,Los Angeles,037,10098052,676902,612975,16282,629257,8862
2020-12-20,Madera,039,155013,9795,8871,337,9208,63
2020-12-20,Marin,041,260295,1323,8948,61,9009,142
2020-12-20,Mariposa,043,17540,209,179,2,181,3
2020-12-20,Mendocino,045,87422,2240,2033,19,2052,23
2020-12-20,Merced,047,269075,17534,16435,266,16701,198
2020-12-20,Modoc,049,8938,217,181,63,244,0
2020-12-20,Mono,051,14174,830,774,12,786,3
2020-12-20,Monterey,053,433212,25026,23250,562,23812,173
2020-12-20,Napa,055,140530,5339,4865,23,4888,23
2020-12-20,Nevada,057,99092,2510,2289,78,2367,13
2020-12-20,Orange,059,3164182,143105,128780,5176,133956,1763
2020-12-20,Placer,061,380077,13109,11496,437,11933,105
2020-12-20,Plumas,063,18699,432,347,8,355,0
2020-12-20,Riverside,065,2383286,163939,148714,6576,155290,1742
2020-12-20,Sacramento,067,1510023,60279,56017,486,56503,755
2020-12-20,San Benito,069,59416,3208,2885,24,2909,21
2020-12-20,San Bernardino,071,2135413,177602,162810,4599,167409,1458
2020-12-20,San Diego,073,3302833,140762,126465,6214,132679,1280
2020-12-20,San Francisco,075,870044,21900,20937,185,21122,174
2020-12-20,San Joaquin,077,732212,41878,38268,1230,39498,587
2020-12-20,San Luis Obispo,079,281455,9781,8881,210,9091,63
2020-12-20,San Mateo,081,765935,23112,20764,72,20836,185
2020-12-20,Santa Barbara,083,443738,15904,14817,391,15208,148
2020-12-20,Santa Clara,085,1922200,63640,56860,240,57100,566
2020-12-20,Santa Cruz,087,273765,8239,7178,224,7402,69
2020-12-20,Shasta,089,179085,7658,7256,591,7847,64
2020-12-20,Sierra,091,2930,24,22,0,22,0
2020-12-20,Siskiyou,093,43540,956,870,82,952,2
2020-12-20,Solano,095,438530,17200,15533,158,15691,95
2020-12-20,Sonoma,097,501317,17748,16802,97,16899,175
2020-12-20,Stanislaus,099,539301,32402,29995,2677,32672,498
2020-12-20,Sutter,101,95872,6025,5601,40,5641,43
2020-12-20,Tehama,103,63373,2779,2602,216,2818,9
2020-12-20,Trinity,105,12862,396,221,50,271,2
2020-12-20,Tulare,107,460477,31464,29078,3142,32220,373
2020-12-20,Tuolumne,109,53932,2532,2152,11,2163,12
2020-12-20,Ventura,111,848112,35200,31335,1365,32700,210
2020-12-20,Yolo,113,214977,7865,7121,46,7167,109
2020-12-20,Yuba,115,75493,3529,3254,32,3286,12
2020-12-19,Alameda,001,1643700,47306,43109,751,43860,516
2020-12-19,Alpine,002,1148,65,64,0,64,0
2020-12-19,Amador,005,37829,2142,1754,17,1771,23
2020-12-19,Butte,007,227075,6815,6118,704,6822,81
2020-12-19,Calaveras,009,45235,990,900,0,900,21
2020-12-19,Colusa,011,21464,1176,1096,50,1146,7
2020-12-19,Contra Costa,013,1133247,36749,34321,393,34714,301
2020-12-19,Del Norte,015,27424,689,641,1,642,2
2020-12-19,El Dorado,017,186661,5451,4588,221,4809,10
2020-12-19,Fresno,019,978130,62678,55428,3687,59115,634
2020-12-19,Glenn,021,27897,1401,1286,195,1481,9
2020-12-19,Humboldt,023,135768,1530,1357,6,1363,15
2020-12-19,Imperial,025,180216,21752,20711,856,21567,395
2020-12-19,Inyo,027,18085,577,475,7,482,17
2020-12-19,Kern,029,883053,60504,55118,3893,59011,540
2020-12-19,Kings,031,150075,15333,14474,435,14909,100
2020-12-19,Lake,033,64148,1678,1438,0,1438,20
2020-12-19,Lassen,035,31185,3928,3595,35,3630,1
2020-12-19,Los Angeles,037,10098052,669775,599888,15761,615649,8804
2020-12-19,Madera,039,155013,9694,8717,325,9042,63
2020-12-19,Marin,041,260295,1317,8864,61,8925,142
2020-12-19,Mariposa,043,17540,207,177,2,179,3
2020-12-19,Mendocino,045,87422,2215,2008,19,2027,23
2020-12-19,Merced,047,269075,17395,16230,258,16488,198
2020-12-19,Modoc,049,8938,214,181,63,244,0
2020-12-19,Mono,051,14174,823,766,12,778,3
2020-12-19,Monterey,053,433212,24912,22799,557,23356,172
2020-12-19,Napa,055,140530,5277,4772,23,4795,23
2020-12-19,Nevada,057,99092,2488,2260,78,2338,13
2020-12-19,Orange,059,3164182,141177,125574,5028,130602,1733
2020-12-19,Placer,061,380077,12954,11246,431,11677,105
2020-12-19,Plumas,063,18699,429,343,8,351,0
2020-12-19,Riverside,065,2383286,161951,146703,6345,153048,1737
2020-12-19,Sacramento,067,1510023,59744,55169,472,55641,746
2020-12-19,San Benito,069,59416,3160,2820,23,2843,21
2020-12-19,San Bernardino,071,2135413,176018,159883,4491,164374,1433
2020-12-19,San Diego,073,3302833,138995,122972,6075,129047,1280
2020-12-19,San Francisco,075,870044,21746,20643,185,20828,174
2020-12-19,San Joaquin,077,732212,41474,37340,1182,38522,586
2020-12-19,San Luis Obispo,079,281455,9710,8788,207,8995,63
2020-12-19,San Mateo,081,765935,22903,20393,65,20458,182
2020-12-19,Santa Barbara,083,443738,15748,14667,385,15052,148
2020-12-19,Santa Clara,085,1922200,62790,55540,236,55776,558
2020-12-19,Santa Cruz,087,273765,8133,7054,220,7274,68
2020-12-19,Shasta,089,179085,7606,7221,579,7800,63
2020-12-19,Sierra,091,2930,24,23,0,23,0
2020-12-19,Siskiyou,093,43540,952,853,81,934,2
2020-12-19,Solano,095,438530,17022,15204,155,15359,95
2020-12-19,Sonoma,097,501317,17639,16553,97,16650,175
2020-12-19,Stanislaus,099,539301,32075,29555,2605,32160,498
2020-12-19,Sutter,101,95872,5969,5506,40,5546,41
2020-12-19,Tehama,103,63373,2730,2574,214,2788,9
2020-12-19,Trinity,105,12862,395,219,50,269,2
2020-12-19,Tulare,107,460477,31225,28734,3076,31810,375
2020-12-19,Tuolumne,109,53932,2518,2107,11,2118,12
2020-12-19,Ventura,111,848112,34919,30843,1335,32178,209
2020-12-19,Yolo,113,214977,7790,7025,45,7070,109
2020-12-19,Yuba,115,75493,3499,3168,32,3200,11
2020-12-18,Alameda,001,1643700,46770,42196,735,42931,515
2020-12-18,Alpine,002,1148,65,64,0,64,0
2020-12-18,Amador,005,37829,2125,1727,15,1742,20
2020-12-18,Butte,007,227075,6730,5891,679,6570,81
2020-12-18,Calaveras,009,45235,980,870,0,870,21
2020-12-18,Colusa,011,21464,1167,1068,50,1118,7
2020-12-18,Contra Costa,013,1133247,36457,33610,382,33992,300
2020-12-18,Del Norte,015,27424,684,627,0,627,2
2020-12-18,El Dorado,017,186661,5389,4494,212,4706,10
2020-12-18,Fresno,019,978130,61852,52643,3626,56269,613
2020-12-18,Glenn,021,27897,1384,1264,190,1454,9
2020-12-18,Humboldt,023,135768,1515,1331,6,1337,15
2020-12-18,Imperial,025,180216,21669,20430,810,21240,393
2020-12-18,Inyo,027,18085,558,454,7,461,17
2020-12-18,Kern,029,883053,59844,54220,3808,58028,533
2020-12-18,Kings,031,150075,15207,14284,429,14713,98
2020-12-18,Lake,033,64148,1662,1397,0,1397,20
2020-12-18,Lassen,035,31185,3920,3486,35,3521,1
2020-12-18,Los Angeles,037,10098052,657623,586413,15283,601696,8744
2020-12-18,Madera,039,155013,9591,8609,319,8928,63
2020-12-18,Marin,041,260295,1312,8799,61,8860,142
2020-12-18,Mariposa,043,17540,204,176,2,178,3
2020-12-18,Mendocino,045,87422,2197,1977,19,1996,24
2020-12-18,Merced,047,269075,17314,15956,256,16212,195
2020-12-18,Modoc,049,8938,214,179,63,242,0
2020-12-18,Mono,051,14174,815,731,12,743,3
2020-12-18,Monterey,053,433212,24619,22336,552,22888,165
2020-12-18,Napa,055,140530,5228,4688,23,4711,23
2020-12-18,Nevada,057,99092,2471,2220,77,2297,13
2020-12-18,Orange,059,3164182,138745,121681,4879,126560,1725
2020-12-18,Placer,061,380077,12783,10995,423,11418,104
2020-12-18,Plumas,063,18699,423,336,8,344,0
2020-12-18,Riverside,065,2383286,159109,142375,6083,148458,1733
2020-12-18,Sacramento,067,1510023,59118,53980,456,54436,736
2020-12-18,San Benito,069,59416,3111,2744,23,2767,21
2020-12-18,San Bernardino,071,2135413,173720,154272,4356,158628,1430
2020-12-18,San Diego,073,3302833,136817,120463,5936,126399,1253
2020-12-18,San Francisco,075,870044,21579,20315,179,20494,173
2020-12-18,San Joaquin,077,732212,41117,36484,1153,37637,559
2020-12-18,San Luis Obispo,079,281455,9612,8598,202,8800,62
2020-12-18,San Mateo,081,765935,22591,19971,61,20032,182
2020-12-18,Santa Barbara,083,443738,15607,14361,372,14733,148
2020-12-18,Santa Clara,085,1922200,61893,53992,227,54219,539
2020-12-18,Santa Cruz,087,273765,8014,6838,212,7050,68
2020-12-18,Shasta,089,179085,7568,7114,568,7682,62
2020-12-18,Sierra,091,2930,24,23,0,23,0
2020-12-18,Siskiyou,093,43540,950,840,81,921,2
2020-12-18,Solano,095,438530,16865,14667,151,14818,95
2020-12-18,Sonoma,097,501317,17519,16261,97,16358,173
2020-12-18,Stanislaus,099,539301,31800,28967,2568,31535,490
2020-12-18,Sutter,101,95872,5885,5399,40,5439,39
2020-12-18,Tehama,103,63373,2715,2523,204,2727,9
2020-12-18,Trinity,105,12862,394,215,50,265,2
2020-12-18,Tulare,107,460477,30933,28322,2998,31320,370
2020-12-18,Tuolumne,109,53932,2507,2067,11,2078,12
2020-12-18,Ventura,111,848112,34415,29907,1292,31199,209
2020-12-18,Yolo,113,214977,7721,6901,44,6945,109
2020-12-18,Yuba,115,75493,3439,3097,32,3129,11
2020-12-17,Alameda,001,1643700,45964,41548,710,42258,508
2020-12-17,Alpine,002,1148,65,64,0,64,0
2020-12-17,Amador,005,37829,2077,1703,13,1716,19
2020-12-17,Butte,007,227075,6605,5746,659,6405,78
2020-12-17,Calaveras,009,45235,957,848,0,848,21
2020-12-17,Colusa,011,21464,1156,1053,48,1101,7
2020-12-17,Contra Costa,013,1133247,35924,33006,352,33358,293
2020-12-17,Del Norte,015,27424,678,583,0,583,1
2020-12-17,El Dorado,017,186661,5243,4327,199,4526,9
2020-12-17,Fresno,019,978130,60990,49918,3499,53417,597
2020-12-17,Glenn,021,27897,1360,1244,183,1427,9
2020-12-17,Humboldt,023,135768,1482,1322,6,1328,14
2020-12-17,Imperial,025,180216,21507,20208,745,20953,391
2020-12-17,Inyo,027,18085,540,450,6,456,16
2020-12-17,Kern,029,883053,58887,53683,3673,57356,526
2020-12-17,Kings,031,150075,15104,14057,414,14471,98
2020-12-17,Lake,033,64148,1633,1374,0,1374,20
2020-12-17,Lassen,035,31185,3884,3417,35,3452,1
2020-12-17,Los Angeles,037,10098052,641937,571093,14750,585843,8657
2020-12-17,Madera,039,155013,9470,8465,315,8780,62
2020-12-17,Marin,041,260295,1307,8721,59,8780,142
2020-12-17,Mariposa,043,17540,200,172,2,174,3
2020-12-17,Mendocino,045,87422,2163,1942,19,1961,23
2020-12-17,Merced,047,269075,17052,15648,248,15896,192
2020-12-17,Modoc,049,8938,211,179,63,242,0
2020-12-17,Mono,051,14174,801,718,12,730,3
2020-12-17,Monterey,053,433212,24100,21951,537,22488,163
2020-12-17,Napa,055,140530,5116,4612,23,4635,23
2020-12-17,Nevada,057,99092,2430,2173,74,2247,13
2020-12-17,Orange,059,3164182,135378,118367,4747,123114,1725
2020-12-17,Placer,061,380077,12509,10756,409,11165,99
2020-12-17,Plumas,063,18699,414,324,8,332,0
2020-12-17,Riverside,065,2383286,155236,139325,5869,145194,1696
2020-12-17,Sacramento,067,1510023,58211,53189,434,53623,721
2020-12-17,San Benito,069,59416,3042,2645,22,2667,20
2020-12-17,San Bernardino,071,2135413,169777,149838,4240,154078,1425
2020-12-17,San Diego,073,3302833,134016,116852,5780,122632,1239
2020-12-17,San Francisco,075,870044,21289,19939,174,20113,170
2020-12-17,San Joaquin,077,732212,40389,35894,1119,37013,554
2020-12-17,San Luis Obispo,079,281455,9493,8365,201,8566,59
2020-12-17,San Mateo,081,765935,22221,19647,61,19708,181
2020-12-17,Santa Barbara,083,443738,15374,14207,365,14572,147
2020-12-17,Santa Clara,085,1922200,60703,52559,221,52780,527
2020-12-17,Santa Cruz,087,273765,7858,6687,199,6886,64
2020-12-17,Shasta,089,179085,7492,7000,549,7549,62
2020-12-17,Sierra,091,2930,23,23,0,23,0
2020-12-17,Siskiyou,093,43540,942,827,80,907,2
2020-12-17,Solano,095,438530,16551,14361,148,14509,96
2020-12-17,Sonoma,097,501317,17248,15993,96,16089,171
2020-12-17,Stanislaus,099,539301,31381,28582,2508,31090,489
2020-12-17,Sutter,101,95872,5787,5309,38,5347,39
2020-12-17,Tehama,103,63373,2666,2480,198,2678,9
2020-12-17,Trinity,105,12862,389,213,50,263,2
2020-12-17,Tulare,107,460477,30532,27852,2919,30771,358
2020-12-17,Tuolumne,109,53932,2214,1992,11,2003,11
2020-12-17,Ventura,111,848112,33805,29404,1256,30660,208
2020-12-17,Yolo,113,214977,7600,6800,43,6843,105
2020-12-17,Yuba,115,75493,3379,3035,31,3066,12
2020-12-16,Alameda,001,1643700,45108,40751,686,41437,497
2020-12-16,Alpine,002,1148,65,64,0,64,0
2020-12-16,Amador,005,37829,2030,1693,12,1705,19
2020-12-16,Butte,007,227075,6416,5659,632,6291,76
2020-12-16,Calaveras,009,45235,922,821,0,821,21
2020-12-16,Colusa,011,21464,1143,1038,45,1083,7
2020-12-16,Contra Costa,013,1133247,35365,32429,333,32762,293
2020-12-16,Del Norte,015,27424,676,575,0,575,1
2020-12-16,El Dorado,017,186661,5122,4237,190,4427,9
2020-12-16,Fresno,019,978130,60036,49173,3403,52576,584
2020-12-16,Glenn,021,27897,1342,1236,172,1408,9
2020-12-16,Humboldt,023,135768,1450,1308,5,1313,12
2020-12-16,Imperial,025,180216,21325,19980,681,20661,388
2020-12-16,Inyo,027,18085,527,444,6,450,16
2020-12-16,Kern,029,883053,58010,52896,3544,56440,522
2020-12-16,Kings,031,150075,14924,13734,398,14132,99
2020-12-16,Lake,033,64148,1594,1363,0,1363,20
2020-12-16,Lassen,035,31185,3851,3396,34,3430,1
2020-12-16,Los Angeles,037,10098052,625391,557907,14088,571995,8561
2020-12-16,Madera,039,155013,9344,8278,307,8585,62
2020-12-16,Marin,041,260295,1304,8641,59,8700,142
2020-12-16,Mariposa,043,17540,197,175,2,177,3
2020-12-16,Mendocino,045,87422,2128,1929,19,1948,23
2020-12-16,Merced,047,269075,16770,15443,245,15688,190
2020-12-16,Modoc,049,8938,208,178,63,241,0
2020-12-16,Mono,051,14174,782,702,12,714,3
2020-12-16,Monterey,053,433212,23540,21107,526,21633,163
2020-12-16,Napa,055,140530,5018,4544,23,4567,23
2020-12-16,Nevada,057,99092,2394,2149,72,2221,13
2020-12-16,Orange,059,3164182,131898,115260,4581,119841,1712
2020-12-16,Placer,061,380077,12272,10554,388,10942,96
2020-12-16,Plumas,063,18699,405,319,8,327,0
2020-12-16,Riverside,065,2383286,151120,135751,5624,141375,1664
2020-12-16,Sacramento,067,1510023,57239,52166,409,52575,715
2020-12-16,San Benito,069,59416,2952,2582,22,2604,20
2020-12-16,San Bernardino,071,2135413,165170,143565,4106,147671,1403
2020-12-16,San Diego,073,3302833,130911,114248,5626,119874,1217
2020-12-16,San Francisco,075,870044,21030,19624,174,19798,170
2020-12-16,San Joaquin,077,732212,39566,35010,1079,36089,547
2020-12-16,San Luis Obispo,079,281455,9298,8252,192,8444,58
2020-12-16,San Mateo,081,765935,21896,19292,57,19349,179
2020-12-16,Santa Barbara,083,443738,15122,13966,353,14319,144
2020-12-16,Santa Clara,085,1922200,59451,51502,218,51720,523
2020-12-16,Santa Cruz,087,273765,7670,6536,188,6724,63
2020-12-16,Shasta,089,179085,7419,6914,526,7440,62
2020-12-16,Sierra,091,2930,23,23,0,23,0
2020-12-16,Siskiyou,093,43540,934,818,80,898,2
2020-12-16,Solano,095,438530,16080,14157,144,14301,96
2020-12-16,Sonoma,097,501317,16993,15768,96,15864,170
2020-12-16,Stanislaus,099,539301,30888,28279,2437,30716,489
2020-12-16,Sutter,101,95872,5708,5223,38,5261,39
2020-12-16,Tehama,103,63373,2631,2441,174,2615,9
2020-12-16,Trinity,105,12862,383,212,50,262,2
2020-12-16,Tulare,107,460477,30105,27500,2829,30329,352
2020-12-16,Tuolumne,109,53932,2171,1941,11,1952,11
2020-12-16,Ventura,111,848112,33032,28566,1214,29780,203
2020-12-16,Yolo,113,214977,7473,6649,42,6691,103
2020-12-16,Yuba,115,75493,3293,2980,30,3010,11
2020-12-15,Alameda,001,1643700,44250,40026,665,40691,492
2020-12-15,Alpine,002,1148,65,64,0,64,0
2020-12-15,Amador,005,37829,1917,1669,10,1679,19
2020-12-15,Butte,007,227075,6277,5565,605,6170,75
2020-12-15,Calaveras,009,45235,890,799,0,799,21
2020-12-15,Colusa,011,21464,1130,1026,44,1070,7
2020-12-15,Contra Costa,013,1133247,34712,31423,319,31742,281
2020-12-15,Del Norte,015,27424,669,564,0,564,1
2020-12-15,El Dorado,017,186661,5014,4113,176,4289,9
2020-12-15,Fresno,019,978130,58664,47316,3269,50585,574
2020-12-15,Glenn,021,27897,1329,1207,156,1363,9
2020-12-15,Humboldt,023,135768,1430,1276,5,1281,12
2020-12-15,Imperial,025,180216,21101,19756,603,20359,380
2020-12-15,Inyo,027,18085,515,394,6,400,16
2020-12-15,Kern,029,883053,56999,52002,3438,55440,511
2020-12-15,Kings,031,150075,14760,13652,379,14031,97
2020-12-15,Lake,033,64148,1568,1341,0,1341,21
2020-12-15,Lassen,035,31185,3679,3378,33,3411,1
2020-12-15,Los Angeles,037,10098052,608986,536258,13463,549721,8429
2020-12-15,Madera,039,155013,9187,8118,300,8418,60
2020-12-15,Marin,041,260295,1296,8528,58,8586,141
2020-12-15,Mariposa,043,17540,193,171,2,173,3
2020-12-15,Mendocino,045,87422,2101,1883,19,1902,24
2020-12-15,Merced,047,269075,16498,15120,241,15361,190
2020-12-15,Modoc,049,8938,206,179,63,242,0
2020-12-15,Mono,051,14174,766,702,12,714,3
2020-12-15,Monterey,053,433212,22942,19905,465,20370,161
2020-12-15,Napa,055,140530,4915,4440,23,4463,23
2020-12-15,Nevada,057,99092,2361,2117,70,2187,11
2020-12-15,Orange,059,3164182,128264,112893,4432,117325,1689
2020-12-15,Placer,061,380077,12038,10301,366,10667,95
2020-12-15,Plumas,063,18699,400,313,8,321,0
2020-12-15,Riverside,065,2383286,147068,131822,5349,137171,1624
2020-12-15,Sacramento,067,1510023,56221,51076,396,51472,703
2020-12-15,San Benito,069,59416,2873,2520,21,2541,19
2020-12-15,San Bernardino,071,2135413,160705,137548,3957,141505,1351
2020-12-15,San Diego,073,3302833,127344,111441,5463,116904,1194
2020-12-15,San Francisco,075,870044,20724,19283,171,19454,171
2020-12-15,San Joaquin,077,732212,38644,33849,1045,34894,537
2020-12-15,San Luis Obispo,079,281455,9189,8074,189,8263,55
2020-12-15,San Mateo,081,765935,21487,18907,55,18962,178
2020-12-15,Santa Barbara,083,443738,14895,13782,345,14127,144
2020-12-15,Santa Clara,085,1922200,58023,50311,215,50526,505
2020-12-15,Santa Cruz,087,273765,7483,6361,175,6536,59
2020-12-15,Shasta,089,179085,7360,6794,501,7295,54
2020-12-15,Sierra,091,2930,23,23,0,23,0
2020-12-15,Siskiyou,093,43540,926,812,79,891,2
2020-12-15,Solano,095,438530,15726,13796,144,13940,95
2020-12-15,Sonoma,097,501317,16772,15406,96,15502,167
2020-12-15,Stanislaus,099,539301,30391,27823,2358,30181,485
2020-12-15,Sutter,101,95872,5609,5080,37,5117,36
2020-12-15,Tehama,103,63373,2593,2392,168,2560,9
2020-12-15,Trinity,105,12862,375,213,48,261,1
2020-12-15,Tulare,107,460477,29605,27026,2742,29768,342
2020-12-15,Tuolumne,109,53932,2141,1874,11,1885,8
2020-12-15,Ventura,111,848112,32410,27936,1167,29103,201
2020-12-15,Yolo,113,214977,7347,6531,40,6571,104
2020-12-15,Yuba,115,75493,3198,2891,29,2920,11
2020-12-14,Alameda,001,1643700,43351,39252,646,39898,487
2020-12-14,Alpine,002,1148,65,63,0,63,0
2020-12-14,Amador,005,37829,1845,1609,10,1619,19
2020-12-14,Butte,007,227075,6109,5202,589,5791,75
2020-12-14,Calaveras,009,45235,852,718,0,718,21
2020-12-14,Colusa,011,21464,1106,949,43,992,7
2020-12-14,Contra Costa,013,1133247,34021,30594,305,30899,281
2020-12-14,Del Norte,015,27424,663,560,0,560,1
2020-12-14,El Dorado,017,186661,4858,4018,160,4178,9
2020-12-14,Fresno,019,978130,57638,44726,3095,47821,560
2020-12-14,Glenn,021,27897,1303,1186,148,1334,9
2020-12-14,Humboldt,023,135768,1417,1256,5,1261,9
2020-12-14,Imperial,025,180216,20862,19608,529,20137,379
2020-12-14,Inyo,027,18085,502,382,6,388,16
2020-12-14,Kern,029,883053,55962,50538,3317,53855,510
2020-12-14,Kings,031,150075,14575,13491,352,13843,97
2020-12-14,Lake,033,64148,1517,1301,0,1301,21
2020-12-14,Lassen,035,31185,3581,2905,30,2935,1
2020-12-14,Los Angeles,037,10098052,591337,524668,12840,537508,8340
2020-12-14,Madera,039,155013,8923,8011,291,8302,60
2020-12-14,Marin,041,260295,1290,8475,57,8532,141
2020-12-14,Mariposa,043,17540,192,171,2,173,3
2020-12-14,Mendocino,045,87422,2080,1845,19,1864,24
2020-12-14,Merced,047,269075,16111,14572,227,14799,189
2020-12-14,Modoc,049,8938,200,180,61,241,0
2020-12-14,Mono,051,14174,758,685,12,697,3
2020-12-14,Monterey,053,433212,22420,19154,459,19613,155
2020-12-14,Napa,055,140530,4822,4289,23,4312,22
2020-12-14,Nevada,057,99092,2324,2070,67,2137,11
2020-12-14,Orange,059,3164182,124381,108602,4296,112898,1688
2020-12-14,Placer,061,380077,11757,9551,355,9906,95
2020-12-14,Plumas,063,18699,388,309,8,317,0
2020-12-14,Riverside,065,2383286,142946,123715,5087,128802,1588
2020-12-14,Sacramento,067,1510023,55114,50304,371,50675,691
2020-12-14,San Benito,069,59416,2807,2467,20,2487,19
2020-12-14,San Bernardino,071,2135413,156256,129151,3831,132982,1347
2020-12-14,San Diego,073,3302833,123608,109578,5278,114856,1162
2020-12-14,San Francisco,075,870044,20354,18904,169,19073,171
2020-12-14,San Joaquin,077,732212,37809,32522,999,33521,534
2020-12-14,San Luis Obispo,079,281455,8944,7791,185,7976,52
2020-12-14,San Mateo,081,765935,20990,18361,52,18413,178
2020-12-14,Santa Barbara,083,443738,14623,13587,337,13924,144
2020-12-14,Santa Clara,085,1922200,56510,49180,204,49384,502
2020-12-14,Santa Cruz,087,273765,7301,6049,160,6209,54
2020-12-14,Shasta,089,179085,7271,6665,483,7148,54
2020-12-14,Sierra,091,2930,23,21,0,21,0
2020-12-14,Siskiyou,093,43540,903,764,73,837,2
2020-12-14,Solano,095,438530,15371,13352,143,13495,93
2020-12-14,Sonoma,097,501317,16465,14807,95,14902,167
2020-12-14,Stanislaus,099,539301,29863,27311,2312,29623,485
2020-12-14,Sutter,101,95872,5506,5001,30,5031,35
2020-12-14,Tehama,103,63373,2551,2344,165,2509,9
2020-12-14,Trinity,105,12862,371,205,46,251,1
2020-12-14,Tulare,107,460477,29126,25735,2653,28388,341
2020-12-14,Tuolumne,109,53932,2088,1647,11,1658,8
2020-12-14,Ventura,111,848112,31487,27436,1109,28545,202
2020-12-14,Yolo,113,214977,7189,6389,39,6428,95
2020-12-14,Yuba,115,75493,3135,2851,29,2880,11
2020-12-13,Alameda,001,1643700,42150,38064,622,38686,486
2020-12-13,Alpine,002,1148,65,63,0,63,0
2020-12-13,Amador,005,37829,1789,1457,9,1466,19
2020-12-13,Butte,007,227075,5960,5103,550,5653,75
2020-12-13,Calaveras,009,45235,818,710,0,710,21
2020-12-13,Colusa,011,21464,1090,945,40,985,7
2020-12-13,Contra Costa,013,1133247,33295,29667,299,29966,281
2020-12-13,Del Norte,015,27424,611,542,0,542,1
2020-12-13,El Dorado,017,186661,4757,3770,151,3921,9
2020-12-13,Fresno,019,978130,56533,44114,2941,47055,559
2020-12-13,Glenn,021,27897,1290,1171,137,1308,9
2020-12-13,Humboldt,023,135768,1394,1238,4,1242,9
2020-12-13,Imperial,025,180216,20579,19472,409,19881,379
2020-12-13,Inyo,027,18085,481,380,6,386,16
2020-12-13,Kern,029,883053,54933,49051,3161,52212,510
2020-12-13,Kings,031,150075,14295,13357,334,13691,97
2020-12-13,Lake,033,64148,1476,1271,0,1271,21
2020-12-13,Lassen,035,31185,3474,2867,25,2892,1
2020-12-13,Los Angeles,037,10098052,573692,517472,12158,529630,8294
2020-12-13,Madera,039,155013,8738,7909,278,8187,60
2020-12-13,Marin,041,260295,1284,8409,57,8466,141
2020-12-13,Mariposa,043,17540,188,167,2,169,3
2020-12-13,Mendocino,045,87422,2046,1793,19,1812,24
2020-12-13,Merced,047,269075,15758,14384,224,14608,189
2020-12-13,Modoc,049,8938,190,179,56,235,0
2020-12-13,Mono,051,14174,742,675,12,687,3
2020-12-13,Monterey,053,433212,21999,18913,445,19358,153
2020-12-13,Napa,055,140530,4715,4194,23,4217,22
2020-12-13,Nevada,057,99092,2277,2030,65,2095,11
2020-12-13,Orange,059,3164182,120442,104768,4123,108891,1688
2020-12-13,Placer,061,380077,11443,9405,337,9742,95
2020-12-13,Plumas,063,18699,382,291,8,299,0
2020-12-13,Riverside,065,2383286,138821,119691,4827,124518,1581
2020-12-13,Sacramento,067,1510023,53846,49480,342,49822,682
2020-12-13,San Benito,069,59416,2738,2408,19,2427,19
2020-12-13,San Bernardino,071,2135413,151359,126718,3676,130394,1333
2020-12-13,San Diego,073,3302833,120008,107372,5109,112481,1162
2020-12-13,San Francisco,075,870044,20017,18686,160,18846,167
2020-12-13,San Joaquin,077,732212,37007,32170,959,33129,534
2020-12-13,San Luis Obispo,079,281455,8753,7625,177,7802,52
2020-12-13,San Mateo,081,765935,20499,18090,46,18136,177
2020-12-13,Santa Barbara,083,443738,14354,13249,323,13572,144
2020-12-13,Santa Clara,085,1922200,55104,47920,196,48116,499
2020-12-13,Santa Cruz,087,273765,7054,5986,150,6136,54
2020-12-13,Shasta,089,179085,7196,6647,457,7104,54
2020-12-13,Sierra,091,2930,23,21,0,21,0
2020-12-13,Siskiyou,093,43540,890,762,68,830,2
2020-12-13,Solano,095,438530,14936,13276,140,13416,93
2020-12-13,Sonoma,097,501317,16152,14495,94,14589,167
2020-12-13,Stanislaus,099,539301,29306,26569,2261,28830,485
2020-12-13,Sutter,101,95872,5379,4798,26,4824,34
2020-12-13,Tehama,103,63373,2507,2325,150,2475,9
2020-12-13,Trinity,105,12862,365,204,46,250,1
2020-12-13,Tulare,107,460477,28643,25496,2575,28071,340
2020-12-13,Tuolumne,109,53932,2026,1611,11,1622,8
2020-12-13,Ventura,111,848112,30488,26588,1049,27637,202
2020-12-13,Yolo,113,214977,7002,6265,33,6298,95
2020-12-13,Yuba,115,75493,3072,2754,26,2780,11
2020-12-12,Alameda,001,1643700,41707,37027,603,37630,486
2020-12-12,Alpine,002,1148,65,63,0,63,0
2020-12-12,Amador,005,37829,1761,1236,8,1244,19
2020-12-12,Butte,007,227075,5887,4972,535,5507,73
2020-12-12,Calaveras,009,45235,808,708,0,708,21
2020-12-12,Colusa,011,21464,1070,945,39,984,7
2020-12-12,Contra Costa,013,1133247,32947,29506,290,29796,281
2020-12-12,Del Norte,015,27424,603,529,0,529,1
2020-12-12,El Dorado,017,186661,4682,3706,135,3841,9
2020-12-12,Fresno,019,978130,56181,43756,2882,46638,559
2020-12-12,Glenn,021,27897,1282,1143,133,1276,8
2020-12-12,Humboldt,023,135768,1375,1208,4,1212,9
2020-12-12,Imperial,025,180216,20490,18947,354,19301,379
2020-12-12,Inyo,027,18085,475,380,6,386,16
2020-12-12,Kern,029,883053,54414,48194,3074,51268,507
2020-12-12,Kings,031,150075,14206,13205,330,13535,96
2020-12-12,Lake,033,64148,1460,1232,0,1232,21
2020-12-12,Lassen,035,31185,3451,2866,22,2888,1
2020-12-12,Los Angeles,037,10098052,566872,504317,11671,515988,8269
2020-12-12,Madera,039,155013,8611,7765,275,8040,59
2020-12-12,Marin,041,260295,1279,8363,56,8419,141
2020-12-12,Mariposa,043,17540,187,164,2,166,3
2020-12-12,Mendocino,045,87422,2010,1771,19,1790,24
2020-12-12,Merced,047,269075,15669,14181,220,14401,188
2020-12-12,Modoc,049,8938,189,169,53,222,0
2020-12-12,Mono,051,14174,735,640,12,652,3
2020-12-12,Monterey,053,433212,21886,18596,416,19012,151
2020-12-12,Napa,055,140530,4670,4113,23,4136,22
2020-12-12,Nevada,057,99092,2259,1981,63,2044,10
2020-12-12,Orange,059,3164182,118544,100468,3979,104447,1674
2020-12-12,Placer,061,380077,11278,9390,332,9722,95
2020-12-12,Plumas,063,18699,376,291,8,299,0
2020-12-12,Riverside,065,2383286,136760,118335,4626,122961,1579
2020-12-12,Sacramento,067,1510023,53264,48319,329,48648,673
2020-12-12,San Benito,069,59416,2683,2355,19,2374,19
2020-12-12,San Bernardino,071,2135413,149726,125741,3574,129315,1321
2020-12-12,San Diego,073,3302833,118387,104958,5012,109970,1151
2020-12-12,San Francisco,075,870044,19820,18413,156,18569,167
2020-12-12,San Joaquin,077,732212,36679,32200,929,33129,534
2020-12-12,San Luis Obispo,079,281455,8654,7462,171,7633,50
2020-12-12,San Mateo,081,765935,20278,17574,45,17619,177
2020-12-12,Santa Barbara,083,443738,14202,13174,315,13489,144
2020-12-12,Santa Clara,085,1922200,54169,45892,193,46085,498
2020-12-12,Santa Cruz,087,273765,6956,5905,141,6046,54
2020-12-12,Shasta,089,179085,7163,6551,439,6990,54
2020-12-12,Sierra,091,2930,23,21,0,21,0
2020-12-12,Siskiyou,093,43540,888,762,65,827,2
2020-12-12,Solano,095,438530,14742,12748,133,12881,93
2020-12-12,Sonoma,097,501317,16031,14466,94,14560,166
2020-12-12,Stanislaus,099,539301,29001,26246,2211,28457,483
2020-12-12,Sutter,101,95872,5317,4717,26,4743,32
2020-12-12,Tehama,103,63373,2489,2252,145,2397,9
2020-12-12,Trinity,105,12862,363,204,44,248,1
2020-12-12,Tulare,107,460477,28378,25333,2516,27849,341
2020-12-12,Tuolumne,109,53932,1982,1536,11,1547,8
2020-12-12,Ventura,111,848112,30043,25955,1016,26971,202
2020-12-12,Yolo,113,214977,6919,6116,31,6147,95
2020-12-12,Yuba,115,75493,3045,2692,25,2717,10
2020-12-11,Alameda,001,1643700,41140,36281,591,36872,482
2020-12-11,Alpine,002,1148,65,63,0,63,0
2020-12-11,Amador,005,37829,1745,1213,8,1221,19
2020-12-11,Butte,007,227075,5814,4941,517,5458,73
2020-12-11,Calaveras,009,45235,792,697,0,697,21
2020-12-11,Colusa,011,21464,1060,923,37,960,7
2020-12-11,Contra Costa,013,1133247,32516,29036,287,29323,282
2020-12-11,Del Norte,015,27424,595,505,0,505,1
2020-12-11,El Dorado,017,186661,4601,3669,120,3789,9
2020-12-11,Fresno,019,978130,55169,43071,2816,45887,550
2020-12-11,Glenn,021,27897,1266,1135,129,1264,8
2020-12-11,Humboldt,023,135768,1357,1190,4,1194,9
2020-12-11,Imperial,025,180216,20400,18599,310,18909,377
2020-12-11,Inyo,027,18085,465,372,6,378,16
2020-12-11,Kern,029,883053,53736,47664,3011,50675,502
2020-12-11,Kings,031,150075,14062,13118,326,13444,94
2020-12-11,Lake,033,64148,1443,1205,0,1205,21
2020-12-11,Lassen,035,31185,3439,2790,21,2811,1
2020-12-11,Los Angeles,037,10098052,555061,493592,11266,504858,8198
2020-12-11,Madera,039,155013,8519,7648,265,7913,59
2020-12-11,Marin,041,260295,1275,8317,55,8372,141
2020-12-11,Mariposa,043,17540,186,164,2,166,3
2020-12-11,Mendocino,045,87422,1986,1769,19,1788,24
2020-12-11,Merced,047,269075,15550,14038,212,14250,186
2020-12-11,Modoc,049,8938,189,168,52,220,0
2020-12-11,Mono,051,14174,725,631,12,643,3
2020-12-11,Monterey,053,433212,21585,18421,411,18832,150
2020-12-11,Napa,055,140530,4615,4054,23,4077,22
2020-12-11,Nevada,057,99092,2242,1959,60,2019,10
2020-12-11,Orange,059,3164182,116221,98357,3878,102235,1656
2020-12-11,Placer,061,380077,11116,8904,316,9220,93
2020-12-11,Plumas,063,18699,368,286,8,294,0
2020-12-11,Riverside,065,2383286,133686,115329,4408,119737,1573
2020-12-11,Sacramento,067,1510023,52601,47468,321,47789,669
2020-12-11,San Benito,069,59416,2632,2319,19,2338,19
2020-12-11,San Bernardino,071,2135413,147028,123092,3460,126552,1313
2020-12-11,San Diego,073,3302833,116427,102468,4929,107397,1137
2020-12-11,San Francisco,075,870044,19590,18246,155,18401,165
2020-12-11,San Joaquin,077,732212,36330,32044,902,32946,534
2020-12-11,San Luis Obispo,079,281455,8493,7415,169,7584,49
2020-12-11,San Mateo,081,765935,20008,17240,34,17274,177
2020-12-11,Santa Barbara,083,443738,14059,12997,307,13304,144
2020-12-11,Santa Clara,085,1922200,53162,45101,184,45285,494
2020-12-11,Santa Cruz,087,273765,6837,5764,132,5896,50
2020-12-11,Shasta,089,179085,7118,6459,432,6891,54
2020-12-11,Sierra,091,2930,23,19,0,19,0
2020-12-11,Siskiyou,093,43540,881,753,62,815,2
2020-12-11,Solano,095,438530,14555,12554,129,12683,92
2020-12-11,Sonoma,097,501317,15864,14298,92,14390,166
2020-12-11,Stanislaus,099,539301,28729,25928,2164,28092,464
2020-12-11,Sutter,101,95872,5254,4600,25,4625,30
2020-12-11,Tehama,103,63373,2458,2232,141,2373,9
2020-12-11,Trinity,105,12862,360,204,44,248,1
2020-12-11,Tulare,107,460477,28023,24953,2463,27416,338
2020-12-11,Tuolumne,109,53932,1967,1510,11,1521,8
2020-12-11,Ventura,111,848112,29436,24999,994,25993,202
2020-12-11,Yolo,113,214977,6815,6006,30,6036,95
2020-12-11,Yuba,115,75493,2984,2649,23,2672,10
2020-12-10,Alameda,001,1643700,40369,35686,571,36257,477
2020-12-10,Alpine,002,1148,65,63,0,63,0
2020-12-10,Amador,005,37829,1688,1191,8,1199,18
2020-12-10,Butte,007,227075,5699,4863,494,5357,72
2020-12-10,Calaveras,009,45235,774,684,0,684,21
2020-12-10,Colusa,011,21464,1037,909,34,943,7
2020-12-10,Contra Costa,013,1133247,31838,28413,281,28694,276
2020-12-10,Del Norte,015,27424,584,501,0,501,1
2020-12-10,El Dorado,017,186661,4483,3557,115,3672,9
2020-12-10,Fresno,019,978130,54190,42461,2676,45137,540
2020-12-10,Glenn,021,27897,1246,1126,120,1246,8
2020-12-10,Humboldt,023,135768,1337,1140,4,1144,9
2020-12-10,Imperial,025,180216,20188,18333,235,18568,370
2020-12-10,Inyo,027,18085,445,365,6,371,15
2020-12-10,Kern,029,883053,52755,47176,2848,50024,499
2020-12-10,Kings,031,150075,13904,12993,320,13313,92
2020-12-10,Lake,033,64148,1403,1167,0,1167,21
2020-12-10,Lassen,035,31185,3417,2764,17,2781,0
2020-12-10,Los Angeles,037,10098052,541077,480354,10744,491098,8149
2020-12-10,Madera,039,155013,8411,7445,250,7695,59
2020-12-10,Marin,041,260295,1271,8245,54,8299,140
2020-12-10,Mariposa,043,17540,185,160,2,162,3
2020-12-10,Mendocino,045,87422,1960,1748,16,1764,24
2020-12-10,Merced,047,269075,15304,13756,209,13965,186
2020-12-10,Modoc,049,8938,184,165,50,215,0
2020-12-10,Mono,051,14174,720,601,12,613,3
2020-12-10,Monterey,053,433212,21103,18266,401,18667,145
2020-12-10,Napa,055,140530,4529,3974,22,3996,22
2020-12-10,Nevada,057,99092,2206,1919,60,1979,10
2020-12-10,Orange,059,3164182,113117,95297,3719,99016,1651
2020-12-10,Placer,061,380077,10863,8906,299,9205,90
2020-12-10,Plumas,063,18699,357,281,8,289,0
2020-12-10,Riverside,065,2383286,130002,112794,4141,116935,1552
2020-12-10,Sacramento,067,1510023,51700,46471,300,46771,664
2020-12-10,San Benito,069,59416,2571,2268,18,2286,19
2020-12-10,San Bernardino,071,2135413,142786,120186,3286,123472,1306
2020-12-10,San Diego,073,3302833,113902,99601,4780,104381,1114
2020-12-10,San Francisco,075,870044,19282,17945,148,18093,164
2020-12-10,San Joaquin,077,732212,35696,31228,873,32101,534
2020-12-10,San Luis Obispo,079,281455,8330,7245,158,7403,49
2020-12-10,San Mateo,081,765935,19566,16701,24,16725,177
2020-12-10,Santa Barbara,083,443738,13880,12788,299,13087,143
2020-12-10,Santa Clara,085,1922200,52008,43939,170,44109,491
2020-12-10,Santa Cruz,087,273765,6671,5645,120,5765,48
2020-12-10,Shasta,089,179085,7051,6312,407,6719,53
2020-12-10,Sierra,091,2930,23,18,0,18,0
2020-12-10,Siskiyou,093,43540,871,712,61,773,2
2020-12-10,Solano,095,438530,14191,12017,124,12141,90
2020-12-10,Sonoma,097,501317,15609,14282,90,14372,167
2020-12-10,Stanislaus,099,539301,28270,25582,2090,27672,464
2020-12-10,Sutter,101,95872,5124,4528,23,4551,27
2020-12-10,Tehama,103,63373,2414,2190,133,2323,9
2020-12-10,Trinity,105,12862,356,202,42,244,1
2020-12-10,Tulare,107,460477,27566,24506,2400,26906,337
2020-12-10,Tuolumne,109,53932,1724,1451,11,1462,8
2020-12-10,Ventura,111,848112,28586,24075,950,25025,202
2020-12-10,Yolo,113,214977,6694,5896,29,5925,95
2020-12-10,Yuba,115,75493,2920,2604,22,2626,10
2020-12-09,Alameda,001,1643700,39533,35047,550,35597,470
2020-12-09,Alpine,002,1148,65,58,0,58,0
2020-12-09,Amador,005,37829,1645,1121,8,1129,19
2020-12-09,Butte,007,227075,5556,4733,475,5208,70
2020-12-09,Calaveras,009,45235,745,670,0,670,21
2020-12-09,Colusa,011,21464,1022,896,33,929,7
2020-12-09,Contra Costa,013,1133247,31130,28308,269,28577,273
2020-12-09,Del Norte,015,27424,576,481,0,481,2
2020-12-09,El Dorado,017,186661,4348,3449,107,3556,8
2020-12-09,Fresno,019,978130,53188,41954,2523,44477,533
2020-12-09,Glenn,021,27897,1232,1107,114,1221,8
2020-12-09,Humboldt,023,135768,1305,1086,4,1090,10
2020-12-09,Imperial,025,180216,19930,17757,199,17956,368
2020-12-09,Inyo,027,18085,432,356,6,362,15
2020-12-09,Kern,029,883053,51598,46379,2706,49085,494
2020-12-09,Kings,031,150075,13759,12716,312,13028,92
2020-12-09,Lake,033,64148,1374,1158,0,1158,20
2020-12-09,Lassen,035,31185,3348,2331,15,2346,0
2020-12-09,Los Angeles,037,10098052,527570,467971,10215,478186,8075
2020-12-09,Madera,039,155013,8295,7216,247,7463,59
2020-12-09,Marin,041,260295,1269,8182,53,8235,138
2020-12-09,Mariposa,043,17540,183,154,2,156,3
2020-12-09,Mendocino,045,87422,1935,1703,15,1718,24
2020-12-09,Merced,047,269075,15061,13588,203,13791,183
2020-12-09,Modoc,049,8938,179,146,41,187,0
2020-12-09,Mono,051,14174,708,601,12,613,3
2020-12-09,Monterey,053,433212,20703,17891,393,18284,143
2020-12-09,Napa,055,140530,4444,3858,21,3879,21
2020-12-09,Nevada,057,99092,2153,1864,60,1924,10
2020-12-09,Orange,059,3164182,110011,93763,3551,97314,1629
2020-12-09,Placer,061,380077,10602,8588,285,8873,85
2020-12-09,Plumas,063,18699,349,271,8,279,0
2020-12-09,Riverside,065,2383286,126300,110376,3940,114316,1543
2020-12-09,Sacramento,067,1510023,50637,45284,275,45559,659
2020-12-09,San Benito,069,59416,2499,2217,16,2233,19
2020-12-09,San Bernardino,071,2135413,138506,114516,3090,117606,1305
2020-12-09,San Diego,073,3302833,110922,97551,4641,102192,1103
2020-12-09,San Francisco,075,870044,18983,17628,147,17775,163
2020-12-09,San Joaquin,077,732212,34882,30539,849,31388,531
2020-12-09,San Luis Obispo,079,281455,8112,7105,150,7255,47
2020-12-09,San Mateo,081,765935,19116,16422,23,16445,175
2020-12-09,Santa Barbara,083,443738,13680,12630,289,12919,142
2020-12-09,Santa Clara,085,1922200,50831,42912,155,43067,489
2020-12-09,Santa Cruz,087,273765,6510,5527,105,5632,47
2020-12-09,Shasta,089,179085,6986,6105,393,6498,52
2020-12-09,Sierra,091,2930,23,18,0,18,0
2020-12-09,Siskiyou,093,43540,860,713,60,773,2
2020-12-09,Solano,095,438530,13848,11862,116,11978,90
2020-12-09,Sonoma,097,501317,15352,13994,87,14081,164
2020-12-09,Stanislaus,099,539301,27781,25157,2027,27184,463
2020-12-09,Sutter,101,95872,5005,4418,19,4437,24
2020-12-09,Tehama,103,63373,2378,2102,129,2231,9
2020-12-09,Trinity,105,12862,348,199,39,238,0
2020-12-09,Tulare,107,460477,26964,24124,2324,26448,334
2020-12-09,Tuolumne,109,53932,1691,1319,11,1330,8
2020-12-09,Ventura,111,848112,27722,23830,908,24738,201
2020-12-09,Yolo,113,214977,6568,5760,27,5787,95
2020-12-09,Yuba,115,75493,2852,2513,21,2534,10
2020-12-08,Alameda,001,1643700,38632,34373,535,34908,469
2020-12-08,Alpine,002,1148,64,53,0,53,0
2020-12-08,Amador,005,37829,1359,1043,8,1051,17
2020-12-08,Butte,007,227075,5398,4651,433,5084,70
2020-12-08,Calaveras,009,45235,721,657,0,657,21
2020-12-08,Colusa,011,21464,1006,875,32,907,6
2020-12-08,Contra Costa,013,1133247,30435,27926,254,28180,270
2020-12-08,Del Norte,015,27424,562,465,0,465,2
2020-12-08,El Dorado,017,186661,4224,3296,94,3390,8
2020-12-08,Fresno,019,978130,51922,41574,2368,43942,529
2020-12-08,Glenn,021,27897,1212,1094,106,1200,8
2020-12-08,Humboldt,023,135768,1279,1059,4,1063,10
2020-12-08,Imperial,025,180216,19421,17568,192,17760,363
2020-12-08,Inyo,027,18085,408,333,6,339,15
2020-12-08,Kern,029,883053,50307,45116,2553,47669,487
2020-12-08,Kings,031,150075,13605,12623,303,12926,90
2020-12-08,Lake,033,64148,1334,1127,0,1127,20
2020-12-08,Lassen,035,31185,3192,2165,15,2180,0
2020-12-08,Los Angeles,037,10098052,514854,459738,9745,469483,8004
2020-12-08,Madera,039,155013,8166,7082,235,7317,59
2020-12-08,Marin,041,260295,1265,8099,52,8151,137
2020-12-08,Mariposa,043,17540,179,150,2,152,2
2020-12-08,Mendocino,045,87422,1893,1666,15,1681,23
2020-12-08,Merced,047,269075,14747,13380,202,13582,181
2020-12-08,Modoc,049,8938,171,138,38,176,0
2020-12-08,Mono,051,14174,694,597,12,609,3
2020-12-08,Monterey,053,433212,20132,17752,386,18138,134
2020-12-08,Napa,055,140530,4358,3778,19,3797,22
2020-12-08,Nevada,057,99092,2099,1809,57,1866,11
2020-12-08,Orange,059,3164182,106787,91406,3388,94794,1629
2020-12-08,Placer,061,380077,10334,8224,280,8504,82
2020-12-08,Plumas,063,18699,339,258,8,266,0
2020-12-08,Riverside,065,2383286,122931,107620,3763,111383,1514
2020-12-08,Sacramento,067,1510023,49574,44635,261,44896,649
2020-12-08,San Benito,069,59416,2445,2180,16,2196,18
2020-12-08,San Bernardino,071,2135413,134159,110676,2969,113645,1301
2020-12-08,San Diego,073,3302833,107551,95447,4484,99931,1088
2020-12-08,San Francisco,075,870044,18676,17384,145,17529,162
2020-12-08,San Joaquin,077,732212,33988,30225,816,31041,530
2020-12-08,San Luis Obispo,079,281455,7983,6903,139,7042,45
2020-12-08,San Mateo,081,765935,18717,16305,23,16328,175
2020-12-08,Santa Barbara,083,443738,13497,12516,280,12796,141
2020-12-08,Santa Clara,085,1922200,49520,41309,147,41456,484
2020-12-08,Santa Cruz,087,273765,6329,5374,103,5477,45
2020-12-08,Shasta,089,179085,6876,5946,385,6331,50
2020-12-08,Sierra,091,2930,22,18,0,18,0
2020-12-08,Siskiyou,093,43540,846,704,58,762,2
2020-12-08,Solano,095,438530,13442,11669,114,11783,89
2020-12-08,Sonoma,097,501317,15093,13601,86,13687,164
2020-12-08,Stanislaus,099,539301,27289,24793,1962,26755,461
2020-12-08,Sutter,101,95872,4909,4342,18,4360,24
2020-12-08,Tehama,103,63373,2304,2057,121,2178,9
2020-12-08,Trinity,105,12862,339,198,38,236,0
2020-12-08,Tulare,107,460477,26359,23607,2261,25868,330
2020-12-08,Tuolumne,109,53932,1667,1264,11,1275,7
2020-12-08,Ventura,111,848112,27061,23665,866,24531,195
2020-12-08,Yolo,113,214977,6437,5560,27,5587,90
2020-12-08,Yuba,115,75493,2774,2477,21,2498,10
2020-12-07,Alameda,001,1643700,37767,33887,501,34388,466
2020-12-07,Alpine,002,1148,63,53,0,53,0
2020-12-07,Amador,005,37829,1284,993,7,1000,17
2020-12-07,Butte,007,227075,5262,4604,412,5016,67
2020-12-07,Calaveras,009,45235,692,606,0,606,21
2020-12-07,Colusa,011,21464,981,825,27,852,6
2020-12-07,Contra Costa,013,1133247,29826,27307,241,27548,270
2020-12-07,Del Norte,015,27424,547,424,0,424,2
2020-12-07,El Dorado,017,186661,4045,3275,87,3362,8
2020-12-07,Fresno,019,978130,50448,41098,2248,43346,526
2020-12-07,Glenn,021,27897,1193,1085,100,1185,8
2020-12-07,Humboldt,023,135768,1244,1023,4,1027,9
2020-12-07,Imperial,025,180216,19006,17234,182,17416,364
2020-12-07,Inyo,027,18085,392,333,6,339,15
2020-12-07,Kern,029,883053,49281,44409,2419,46828,486
2020-12-07,Kings,031,150075,13462,12412,295,12707,90
2020-12-07,Lake,033,64148,1307,1090,0,1090,20
2020-12-07,Lassen,035,31185,3095,2167,15,2182,0
2020-12-07,Los Angeles,037,10098052,501179,451052,9326,460378,7937
2020-12-07,Madera,039,155013,7902,6935,230,7165,59
2020-12-07,Marin,041,260295,1265,8049,51,8100,136
2020-12-07,Mariposa,043,17540,176,146,2,148,2
2020-12-07,Mendocino,045,87422,1857,1638,14,1652,23
2020-12-07,Merced,047,269075,14372,13250,193,13443,179
2020-12-07,Modoc,049,8938,164,128,35,163,0
2020-12-07,Mono,051,14174,681,590,12,602,3
2020-12-07,Monterey,053,433212,19652,17746,375,18121,132
2020-12-07,Napa,055,140530,4267,3684,19,3703,21
2020-12-07,Nevada,057,99092,2050,1777,56,1833,11
2020-12-07,Orange,059,3164182,103514,89793,3269,93062,1628
2020-12-07,Placer,061,380077,10009,7911,266,8177,82
2020-12-07,Plumas,063,18699,327,256,5,261,0
2020-12-07,Riverside,065,2383286,119731,102363,3582,105945,1491
2020-12-07,Sacramento,067,1510023,48479,43419,244,43663,638
2020-12-07,San Benito,069,59416,2395,2165,15,2180,18
2020-12-07,San Bernardino,071,2135413,130208,108161,2854,111015,1295
2020-12-07,San Diego,073,3302833,104762,94171,4303,98474,1062
2020-12-07,San Francisco,075,870044,18380,17220,138,17358,161
2020-12-07,San Joaquin,077,732212,33113,28188,790,28978,530
2020-12-07,San Luis Obispo,079,281455,7801,6782,132,6914,45
2020-12-07,San Mateo,081,765935,18279,16029,22,16051,175
2020-12-07,Santa Barbara,083,443738,13255,12362,270,12632,141
2020-12-07,Santa Clara,085,1922200,48124,40621,138,40759,484
2020-12-07,Santa Cruz,087,273765,6165,5152,96,5248,41
2020-12-07,Shasta,089,179085,6753,5742,370,6112,50
2020-12-07,Sierra,091,2930,20,18,0,18,0
2020-12-07,Siskiyou,093,43540,820,652,58,710,2
2020-12-07,Solano,095,438530,13104,11354,110,11464,89
2020-12-07,Sonoma,097,501317,14808,13376,86,13462,164
2020-12-07,Stanislaus,099,539301,26715,24479,1909,26388,454
2020-12-07,Sutter,101,95872,4768,4106,18,4124,24
2020-12-07,Tehama,103,63373,2253,2030,116,2146,9
2020-12-07,Trinity,105,12862,335,194,38,232,0
2020-12-07,Tulare,107,460477,25811,22760,2202,24962,328
2020-12-07,Tuolumne,109,53932,1582,1256,10,1266,7
2020-12-07,Ventura,111,848112,26473,23354,830,24184,191
2020-12-07,Yolo,113,214977,6277,5537,26,5563,90
2020-12-07,Yuba,115,75493,2707,2428,19,2447,10
2020-12-06,Alameda,001,1643700,36773,33477,481,33958,465
2020-12-06,Alpine,002,1148,59,53,0,53,0
2020-12-06,Amador,005,37829,1221,952,6,958,17
2020-12-06,Butte,007,227075,5109,4527,378,4905,67
2020-12-06,Calaveras,009,45235,672,606,0,606,21
2020-12-06,Colusa,011,21464,964,824,23,847,6
2020-12-06,Contra Costa,013,1133247,29220,26566,234,26800,270
2020-12-06,Del Norte,015,27424,491,414,0,414,2
2020-12-06,El Dorado,017,186661,3908,3086,81,3167,8
2020-12-06,Fresno,019,978130,49495,40869,2132,43001,526
2020-12-06,Glenn,021,27897,1183,1067,96,1163,8
2020-12-06,Humboldt,023,135768,1219,1004,4,1008,9
2020-12-06,Imperial,025,180216,18698,16922,174,17096,364
2020-12-06,Inyo,027,18085,380,333,6,339,15
2020-12-06,Kern,029,883053,48290,43899,2252,46151,486
2020-12-06,Kings,031,150075,13190,12056,278,12334,90
2020-12-06,Lake,033,64148,1271,1075,0,1075,20
2020-12-06,Lassen,035,31185,2991,2168,13,2181,0
2020-12-06,Los Angeles,037,10098052,487580,443230,8900,452130,7910
2020-12-06,Madera,039,155013,7729,6826,221,7047,59
2020-12-06,Marin,041,260295,1261,8013,48,8061,136
2020-12-06,Mariposa,043,17540,175,144,2,146,2
2020-12-06,Mendocino,045,87422,1817,1614,14,1628,23
2020-12-06,Merced,047,269075,14023,12928,184,13112,179
2020-12-06,Modoc,049,8938,151,125,28,153,0
2020-12-06,Mono,051,14174,659,586,11,597,3
2020-12-06,Monterey,053,433212,19034,17426,365,17791,130
2020-12-06,Napa,055,140530,4155,3644,19,3663,21
2020-12-06,Nevada,057,99092,1991,1710,53,1763,10
2020-12-06,Orange,059,3164182,100442,87737,3141,90878,1627
2020-12-06,Placer,061,380077,9726,7837,247,8084,82
2020-12-06,Plumas,063,18699,314,254,4,258,0
2020-12-06,Riverside,065,2383286,116638,100088,3361,103449,1482
2020-12-06,Sacramento,067,1510023,47238,42808,230,43038,638
2020-12-06,San Benito,069,59416,2358,2135,15,2150,18
2020-12-06,San Bernardino,071,2135413,126059,106927,2700,109627,1286
2020-12-06,San Diego,073,3302833,101729,92173,4149,96322,1062
2020-12-06,San Francisco,075,870044,18057,17107,131,17238,161
2020-12-06,San Joaquin,077,732212,32268,28188,762,28950,530
2020-12-06,San Luis Obispo,079,281455,7636,6723,127,6850,45
2020-12-06,San Mateo,081,765935,17775,15855,20,15875,175
2020-12-06,Santa Barbara,083,443738,13023,12252,261,12513,141
2020-12-06,Santa Clara,085,1922200,46728,39112,133,39245,482
2020-12-06,Santa Cruz,087,273765,5988,5069,90,5159,40
2020-12-06,Shasta,089,179085,6613,5743,349,6092,49
2020-12-06,Sierra,091,2930,20,17,0,17,0
2020-12-06,Siskiyou,093,43540,801,652,56,708,2
2020-12-06,Solano,095,438530,12815,11354,100,11454,88
2020-12-06,Sonoma,097,501317,14519,13238,85,13323,164
2020-12-06,Stanislaus,099,539301,26155,24036,1845,25881,454
2020-12-06,Sutter,101,95872,4652,4009,17,4026,21
2020-12-06,Tehama,103,63373,2195,1982,107,2089,9
2020-12-06,Trinity,105,12862,328,181,36,217,0
2020-12-06,Tulare,107,460477,25277,22756,2135,24891,327
2020-12-06,Tuolumne,109,53932,1486,1210,10,1220,7
2020-12-06,Ventura,111,848112,25931,23035,804,23839,191
2020-12-06,Yolo,113,214977,6116,5465,22,5487,90
2020-12-06,Yuba,115,75493,2663,2340,18,2358,10
2020-12-05,Alameda,001,1643700,36415,32781,470,33251,465
2020-12-05,Alpine,002,1148,58,53,0,53,0
2020-12-05,Amador,005,37829,1197,847,6,853,17
2020-12-05,Butte,007,227075,5041,4455,359,4814,66
2020-12-05,Calaveras,009,45235,660,606,0,606,21
2020-12-05,Colusa,011,21464,946,825,20,845,6
2020-12-05,Contra Costa,013,1133247,28922,26217,226,26443,270
2020-12-05,Del Norte,015,27424,486,408,0,408,2
2020-12-05,El Dorado,017,186661,3843,3061,76,3137,8
2020-12-05,Fresno,019,978130,49176,40568,2078,42646,525
2020-12-05,Glenn,021,27897,1170,1056,90,1146,8
2020-12-05,Humboldt,023,135768,1186,979,4,983,9
2020-12-05,Imperial,025,180216,18524,16544,173,16717,362
2020-12-05,Inyo,027,18085,375,332,6,338,15
2020-12-05,Kern,029,883053,47827,43332,2167,45499,484
2020-12-05,Kings,031,150075,13109,11898,275,12173,90
2020-12-05,Lake,033,64148,1242,1069,0,1069,20
2020-12-05,Lassen,035,31185,2800,2168,11,2179,0
2020-12-05,Los Angeles,037,10098052,481781,433120,8589,441709,7888
2020-12-05,Madera,039,155013,7635,6619,214,6833,59
2020-12-05,Marin,041,260295,1258,7961,48,8009,136
2020-12-05,Mariposa,043,17540,170,143,2,145,2
2020-12-05,Mendocino,045,87422,1778,1585,14,1599,23
2020-12-05,Merced,047,269075,13917,12747,173,12920,180
2020-12-05,Modoc,049,8938,151,118,27,145,0
2020-12-05,Mono,051,14174,654,554,11,565,3
2020-12-05,Monterey,053,433212,18888,17077,361,17438,127
2020-12-05,Napa,055,140530,4085,3565,19,3584,21
2020-12-05,Nevada,057,99092,1976,1642,51,1693,10
2020-12-05,Orange,059,3164182,98970,85735,3044,88779,1612
2020-12-05,Placer,061,380077,9607,7811,238,8049,78
2020-12-05,Plumas,063,18699,307,246,1,247,0
2020-12-05,Riverside,065,2383286,115024,98612,3187,101799,1477
2020-12-05,Sacramento,067,1510023,46573,41878,216,42094,625
2020-12-05,San Benito,069,59416,2314,2073,15,2088,18
2020-12-05,San Bernardino,071,2135413,124529,105382,2572,107954,1283
2020-12-05,San Diego,073,3302833,100377,90470,4068,94538,1055
2020-12-05,San Francisco,075,870044,17871,16786,127,16913,161
2020-12-05,San Joaquin,077,732212,32001,28105,730,28835,523
2020-12-05,San Luis Obispo,079,281455,7569,6623,124,6747,44
2020-12-05,San Mateo,081,765935,17518,15512,20,15532,175
2020-12-05,Santa Barbara,083,443738,12923,12107,255,12362,141
2020-12-05,Santa Clara,085,1922200,45968,38339,128,38467,474
2020-12-05,Santa Cruz,087,273765,5915,4997,89,5086,40
2020-12-05,Shasta,089,179085,6552,5653,338,5991,49
2020-12-05,Sierra,091,2930,20,17,0,17,0
2020-12-05,Siskiyou,093,43540,793,649,55,704,2
2020-12-05,Solano,095,438530,12644,11351,98,11449,87
2020-12-05,Sonoma,097,501317,14423,13137,85,13222,164
2020-12-05,Stanislaus,099,539301,25836,23662,1810,25472,454
2020-12-05,Sutter,101,95872,4587,3937,17,3954,20
2020-12-05,Tehama,103,63373,2180,1926,105,2031,9
2020-12-05,Trinity,105,12862,327,177,36,213,0
2020-12-05,Tulare,107,460477,25058,22660,2077,24737,324
2020-12-05,Tuolumne,109,53932,1429,1180,10,1190,7
2020-12-05,Ventura,111,848112,25559,22710,790,23500,191
2020-12-05,Yolo,113,214977,6037,5351,21,5372,90
2020-12-05,Yuba,115,75493,2626,2275,18,2293,10
2020-12-04,Alameda,001,1643700,35865,31871,457,32328,465
2020-12-04,Alpine,002,1148,58,53,0,53,0
2020-12-04,Amador,005,37829,1183,766,3,769,16
2020-12-04,Butte,007,227075,4969,4336,339,4675,65
2020-12-04,Calaveras,009,45235,655,585,0,585,21
2020-12-04,Colusa,011,21464,932,790,18,808,6
2020-12-04,Contra Costa,013,1133247,28575,25705,214,25919,264
2020-12-04,Del Norte,015,27424,477,401,0,401,2
2020-12-04,El Dorado,017,186661,3755,2933,73,3006,7
2020-12-04,Fresno,019,978130,48466,40108,2010,42118,522
2020-12-04,Glenn,021,27897,1164,1017,82,1099,8
2020-12-04,Humboldt,023,135768,1168,960,4,964,9
2020-12-04,Imperial,025,180216,18277,16484,173,16657,362
2020-12-04,Inyo,027,18085,366,324,6,330,15
2020-12-04,Kern,029,883053,47276,42497,2064,44561,485
2020-12-04,Kings,031,150075,13016,11767,269,12036,88
2020-12-04,Lake,033,64148,1212,1018,0,1018,20
2020-12-04,Lassen,035,31185,2793,2167,10,2177,0
2020-12-04,Los Angeles,037,10098052,473159,424164,8301,432465,7845
2020-12-04,Madera,039,155013,7540,6479,211,6690,58
2020-12-04,Marin,041,260295,1258,7896,45,7941,136
2020-12-04,Mariposa,043,17540,170,136,2,138,2
2020-12-04,Mendocino,045,87422,1759,1563,13,1576,23
2020-12-04,Merced,047,269075,13801,12474,165,12639,177
2020-12-04,Modoc,049,8938,151,115,27,142,0
2020-12-04,Mono,051,14174,649,549,11,560,3
2020-12-04,Monterey,053,433212,18676,16737,352,17089,127
2020-12-04,Napa,055,140530,4031,3432,19,3451,19
2020-12-04,Nevada,057,99092,1951,1560,48,1608,10
2020-12-04,Orange,059,3164182,97041,83738,2980,86718,1597
2020-12-04,Placer,061,380077,9483,7461,225,7686,76
2020-12-04,Plumas,063,18699,300,232,0,232,0
2020-12-04,Riverside,065,2383286,112824,95255,3030,98285,1475
2020-12-04,Sacramento,067,1510023,45808,41061,199,41260,618
2020-12-04,San Benito,069,59416,2281,2006,15,2021,17
2020-12-04,San Bernardino,071,2135413,122256,102418,2464,104882,1290
2020-12-04,San Diego,073,3302833,98893,88183,3981,92164,1047
2020-12-04,San Francisco,075,870044,17681,16499,127,16626,161
2020-12-04,San Joaquin,077,732212,31561,27806,693,28499,522
2020-12-04,San Luis Obispo,079,281455,7485,6473,121,6594,42
2020-12-04,San Mateo,081,765935,17229,15112,19,15131,173
2020-12-04,Santa Barbara,083,443738,12816,11947,249,12196,141
2020-12-04,Santa Clara,085,1922200,45031,37465,122,37587,468
2020-12-04,Santa Cruz,087,273765,5826,4985,87,5072,32
2020-12-04,Shasta,089,179085,6463,5439,329,5768,49
2020-12-04,Sierra,091,2930,19,17,0,17,0
2020-12-04,Siskiyou,093,43540,786,639,52,691,2
2020-12-04,Solano,095,438530,12494,11037,95,11132,87
2020-12-04,Sonoma,097,501317,14275,12962,84,13046,164
2020-12-04,Stanislaus,099,539301,25558,23206,1766,24972,448
2020-12-04,Sutter,101,95872,4515,3791,12,3803,20
2020-12-04,Tehama,103,63373,2140,1876,100,1976,9
2020-12-04,Trinity,105,12862,325,172,36,208,0
2020-12-04,Tulare,107,460477,24765,22273,2005,24278,322
2020-12-04,Tuolumne,109,53932,1398,1134,10,1144,7
2020-12-04,Ventura,111,848112,25182,22024,774,22798,189
2020-12-04,Yolo,113,214977,5964,5294,20,5314,87
2020-12-04,Yuba,115,75493,2582,2225,17,2242,10
2020-12-03,Alameda,001,1643700,35097,31184,440,31624,465
2020-12-03,Alpine,002,1148,57,53,0,53,0
2020-12-03,Amador,005,37829,1132,653,3,656,16
2020-12-03,Butte,007,227075,4874,4305,320,4625,65
2020-12-03,Calaveras,009,45235,634,572,0,572,21
2020-12-03,Colusa,011,21464,919,774,17,791,6
2020-12-03,Contra Costa,013,1133247,28067,25464,207,25671,265
2020-12-03,Del Norte,015,27424,471,388,0,388,2
2020-12-03,El Dorado,017,186661,3629,2740,71,2811,6
2020-12-03,Fresno,019,978130,47711,39680,1937,41617,516
2020-12-03,Glenn,021,27897,1146,997,74,1071,8
2020-12-03,Humboldt,023,135768,1138,923,4,927,9
2020-12-03,Imperial,025,180216,18069,16436,161,16597,359
2020-12-03,Inyo,027,18085,364,321,6,327,15
2020-12-03,Kern,029,883053,46430,42062,1963,44025,483
2020-12-03,Kings,031,150075,12917,11658,258,11916,87
2020-12-03,Lake,033,64148,1197,991,0,991,20
2020-12-03,Lassen,035,31185,2753,2128,9,2137,0
2020-12-03,Los Angeles,037,10098052,463057,415805,7945,423750,7787
2020-12-03,Madera,039,155013,7417,6398,205,6603,58
2020-12-03,Marin,041,260295,1255,7861,41,7902,136
2020-12-03,Mariposa,043,17540,166,132,2,134,2
2020-12-03,Mendocino,045,87422,1742,1547,10,1557,23
2020-12-03,Merced,047,269075,13551,12310,158,12468,177
2020-12-03,Modoc,049,8938,149,114,27,141,0
2020-12-03,Mono,051,14174,627,527,11,538,3
2020-12-03,Monterey,053,433212,18215,16218,343,16561,125
2020-12-03,Napa,055,140530,3917,3360,19,3379,19
2020-12-03,Nevada,057,99092,1873,1472,47,1519,10
2020-12-03,Orange,059,3164182,94507,82187,2912,85099,1591
2020-12-03,Placer,061,380077,9281,7270,209,7479,73
2020-12-03,Plumas,063,18699,285,223,0,223,0
2020-12-03,Riverside,065,2383286,110060,92489,2871,95360,1461
2020-12-03,Sacramento,067,1510023,44750,40280,186,40466,614
2020-12-03,San Benito,069,59416,2235,1967,15,1982,16
2020-12-03,San Bernardino,071,2135413,118927,100787,2381,103168,1283
2020-12-03,San Diego,073,3302833,97078,86144,3863,90007,1040
2020-12-03,San Francisco,075,870044,17457,16236,126,16362,161
2020-12-03,San Joaquin,077,732212,30841,27239,650,27889,522
2020-12-03,San Luis Obispo,079,281455,7317,6388,120,6508,42
2020-12-03,San Mateo,081,765935,16876,14909,19,14928,173
2020-12-03,Santa Barbara,083,443738,12687,11829,243,12072,141
2020-12-03,Santa Clara,085,1922200,43820,36621,116,36737,465
2020-12-03,Santa Cruz,087,273765,5682,4850,83,4933,28
2020-12-03,Shasta,089,179085,6354,5330,322,5652,48
2020-12-03,Sierra,091,2930,19,17,0,17,0
2020-12-03,Siskiyou,093,43540,771,629,49,678,2
2020-12-03,Solano,095,438530,12279,10857,91,10948,87
2020-12-03,Sonoma,097,501317,14033,12772,83,12855,164
2020-12-03,Stanislaus,099,539301,25138,22821,1719,24540,447
2020-12-03,Sutter,101,95872,4431,3727,12,3739,20
2020-12-03,Tehama,103,63373,2088,1832,93,1925,9
2020-12-03,Trinity,105,12862,322,166,36,202,0
2020-12-03,Tulare,107,460477,24362,21993,1913,23906,321
2020-12-03,Tuolumne,109,53932,1356,1105,10,1115,7
2020-12-03,Ventura,111,848112,24479,21555,761,22316,187
2020-12-03,Yolo,113,214977,5826,5069,20,5089,87
2020-12-03,Yuba,115,75493,2511,2182,16,2198,10
2020-12-02,Alameda,001,1643700,34468,30697,429,31126,463
2020-12-02,Alpine,002,1148,56,52,0,52,0
2020-12-02,Amador,005,37829,1060,585,3,588,16
2020-12-02,Butte,007,227075,4752,4243,310,4553,65
2020-12-02,Calaveras,009,45235,618,553,0,553,21
2020-12-02,Colusa,011,21464,903,756,15,771,6
2020-12-02,Contra Costa,013,1133247,27603,25147,195,25342,264
2020-12-02,Del Norte,015,27424,455,384,0,384,2
2020-12-02,El Dorado,017,186661,3528,2638,66,2704,5
2020-12-02,Fresno,019,978130,46953,39324,1839,41163,507
2020-12-02,Glenn,021,27897,1129,995,66,1061,7
2020-12-02,Humboldt,023,135768,1112,899,4,903,9
2020-12-02,Imperial,025,180216,17647,16360,154,16514,356
2020-12-02,Inyo,027,18085,357,314,6,320,15
2020-12-02,Kern,029,883053,45532,41660,1868,43528,479
2020-12-02,Kings,031,150075,12564,11531,244,11775,86
2020-12-02,Lake,033,64148,1167,971,0,971,20
2020-12-02,Lassen,035,31185,2694,2115,9,2124,0
2020-12-02,Los Angeles,037,10098052,452999,408289,7626,415915,7739
2020-12-02,Madera,039,155013,7292,6370,199,6569,57
2020-12-02,Marin,041,260295,1248,7819,39,7858,136
2020-12-02,Mariposa,043,17540,163,131,2,133,2
2020-12-02,Mendocino,045,87422,1709,1524,10,1534,23
2020-12-02,Merced,047,269075,13286,12168,150,12318,173
2020-12-02,Modoc,049,8938,146,113,27,140,0
2020-12-02,Mono,051,14174,618,520,11,531,3
2020-12-02,Monterey,053,433212,17735,16064,304,16368,121
2020-12-02,Napa,055,140530,3814,3298,18,3316,19
2020-12-02,Nevada,057,99092,1811,1430,46,1476,9
2020-12-02,Orange,059,3164182,92309,81046,2833,83879,1569
2020-12-02,Placer,061,380077,9047,6941,196,7137,73
2020-12-02,Plumas,063,18699,272,218,0,218,0
2020-12-02,Riverside,065,2383286,107343,90089,2692,92781,1451
2020-12-02,Sacramento,067,1510023,43710,39334,175,39509,597
2020-12-02,San Benito,069,59416,2170,1921,15,1936,16
2020-12-02,San Bernardino,071,2135413,115356,98567,2276,100843,1240
2020-12-02,San Diego,073,3302833,95162,84640,3748,88388,1035
2020-12-02,San Francisco,075,870044,17220,16058,124,16182,157
2020-12-02,San Joaquin,077,732212,30224,26740,627,27367,519
2020-12-02,San Luis Obispo,079,281455,7218,6324,118,6442,42
2020-12-02,San Mateo,081,765935,16513,14757,18,14775,170
2020-12-02,Santa Barbara,083,443738,12536,11705,231,11936,140
2020-12-02,Santa Clara,085,1922200,42697,35878,116,35994,458
2020-12-02,Santa Cruz,087,273765,5550,4766,80,4846,27
2020-12-02,Shasta,089,179085,6230,5188,305,5493,47
2020-12-02,Sierra,091,2930,19,17,0,17,0
2020-12-02,Siskiyou,093,43540,755,624,47,671,1
2020-12-02,Solano,095,438530,12032,10701,87,10788,87
2020-12-02,Sonoma,097,501317,13793,12635,82,12717,163
2020-12-02,Stanislaus,099,539301,24635,22615,1663,24278,448
2020-12-02,Sutter,101,95872,4272,3604,12,3616,18
2020-12-02,Tehama,103,63373,2044,1800,78,1878,9
2020-12-02,Trinity,105,12862,313,165,35,200,0
2020-12-02,Tulare,107,460477,23979,21789,1835,23624,321
2020-12-02,Tuolumne,109,53932,1315,1076,10,1086,7
2020-12-02,Ventura,111,848112,24066,21208,743,21951,186
2020-12-02,Yolo,113,214977,5718,5053,19,5072,87
2020-12-02,Yuba,115,75493,2433,2119,15,2134,10
2020-12-01,Alameda,001,1643700,33775,30252,419,30671,460
2020-12-01,Alpine,002,1148,56,41,0,41,0
2020-12-01,Amador,005,37829,913,575,2,577,16
2020-12-01,Butte,007,227075,4646,4177,295,4472,65
2020-12-01,Calaveras,009,45235,600,544,0,544,21
2020-12-01,Colusa,011,21464,886,747,15,762,6
2020-12-01,Contra Costa,013,1133247,27031,24788,187,24975,264
2020-12-01,Del Norte,015,27424,427,357,0,357,2
2020-12-01,El Dorado,017,186661,3384,2542,61,2603,4
2020-12-01,Fresno,019,978130,46050,39004,1763,40767,505
2020-12-01,Glenn,021,27897,1108,989,62,1051,7
2020-12-01,Humboldt,023,135768,1082,886,4,890,9
2020-12-01,Imperial,025,180216,17332,16278,151,16429,356
2020-12-01,Inyo,027,18085,351,304,6,310,15
2020-12-01,Kern,029,883053,44730,41345,1741,43086,478
2020-12-01,Kings,031,150075,12249,11415,230,11645,86
2020-12-01,Lake,033,64148,1145,969,0,969,19
2020-12-01,Lassen,035,31185,2528,2047,8,2055,0
2020-12-01,Los Angeles,037,10098052,442620,403266,7315,410581,7704
2020-12-01,Madera,039,155013,7172,6270,189,6459,57
2020-12-01,Marin,041,260295,1242,7787,38,7825,136
2020-12-01,Mariposa,043,17540,158,128,2,130,2
2020-12-01,Mendocino,045,87422,1675,1497,10,1507,23
2020-12-01,Merced,047,269075,13042,12032,141,12173,172
2020-12-01,Modoc,049,8938,141,113,23,136,0
2020-12-01,Mono,051,14174,605,520,11,531,3
2020-12-01,Monterey,053,433212,17227,15835,293,16128,121
2020-12-01,Napa,055,140530,3730,3124,17,3141,19
2020-12-01,Nevada,057,99092,1749,1411,45,1456,9
2020-12-01,Orange,059,3164182,90205,79468,2744,82212,1567
2020-12-01,Placer,061,380077,8722,6794,189,6983,72
2020-12-01,Plumas,063,18699,260,201,0,201,0
2020-12-01,Riverside,065,2383286,104532,88530,2532,91062,1448
2020-12-01,Sacramento,067,1510023,42663,38966,172,39138,589
2020-12-01,San Benito,069,59416,2115,1888,15,1903,15
2020-12-01,San Bernardino,071,2135413,111888,95854,2154,98008,1220
2020-12-01,San Diego,073,3302833,92905,83423,3638,87061,1019
2020-12-01,San Francisco,075,870044,16938,15797,121,15918,157
2020-12-01,San Joaquin,077,732212,29423,26432,605,27037,514
2020-12-01,San Luis Obispo,079,281455,7076,6264,113,6377,40
2020-12-01,San Mateo,081,765935,16188,14495,18,14513,170
2020-12-01,Santa Barbara,083,443738,12397,11611,221,11832,140
2020-12-01,Santa Clara,085,1922200,41441,35397,110,35507,452
2020-12-01,Santa Cruz,087,273765,5392,4638,72,4710,27
2020-12-01,Shasta,089,179085,6105,5077,286,5363,47
2020-12-01,Sierra,091,2930,19,17,0,17,0
2020-12-01,Siskiyou,093,43540,741,608,43,651,1
2020-12-01,Solano,095,438530,11771,10604,82,10686,87
2020-12-01,Sonoma,097,501317,13589,12491,79,12570,163
2020-12-01,Stanislaus,099,539301,24174,22351,1605,23956,447
2020-12-01,Sutter,101,95872,4130,3538,12,3550,17
2020-12-01,Tehama,103,63373,1978,1773,68,1841,9
2020-12-01,Trinity,105,12862,299,165,29,194,0
2020-12-01,Tulare,107,460477,23523,21645,1767,23412,319
2020-12-01,Tuolumne,109,53932,1279,1052,8,1060,7
2020-12-01,Ventura,111,848112,23452,20604,721,21325,186
2020-12-01,Yolo,113,214977,5580,4928,19,4947,86
2020-12-01,Yuba,115,75493,2369,2088,14,2102,10
2020-11-30,Alameda,001,1643700,32955,29972,402,30374,457
2020-11-30,Alpine,002,1148,54,41,0,41,0
2020-11-30,Amador,005,37829,872,559,2,561,16
2020-11-30,Butte,007,227075,4528,4148,279,4427,65
2020-11-30,Calaveras,009,45235,579,478,0,478,21
2020-11-30,Colusa,011,21464,859,737,12,749,6
2020-11-30,Contra Costa,013,1133247,26447,24365,183,24548,264
2020-11-30,Del Norte,015,27424,401,339,0,339,2
2020-11-30,El Dorado,017,186661,3210,2488,55,2543,4
2020-11-30,Fresno,019,978130,44938,38712,1654,40366,500
2020-11-30,Glenn,021,27897,1085,954,57,1011,5
2020-11-30,Humboldt,023,135768,1035,870,4,874,9
2020-11-30,Imperial,025,180216,17075,16212,130,16342,356
2020-11-30,Inyo,027,18085,345,304,5,309,15
2020-11-30,Kern,029,883053,43972,40941,1609,42550,473
2020-11-30,Kings,031,150075,12101,11346,215,11561,85
2020-11-30,Lake,033,64148,1111,939,0,939,18
2020-11-30,Lassen,035,31185,2436,1793,8,1801,0
2020-11-30,Los Angeles,037,10098052,431938,396202,6992,403194,7658
2020-11-30,Madera,039,155013,7007,6210,175,6385,57
2020-11-30,Marin,041,260295,1241,7764,37,7801,136
2020-11-30,Mariposa,043,17540,151,123,2,125,2
2020-11-30,Mendocino,045,87422,1647,1482,10,1492,23
2020-11-30,Merced,047,269075,12769,11913,130,12043,172
2020-11-30,Modoc,049,8938,131,113,23,136,0
2020-11-30,Mono,051,14174,583,519,11,530,3
2020-11-30,Monterey,053,433212,16797,15837,285,16122,119
2020-11-30,Napa,055,140530,3631,3091,17,3108,18
2020-11-30,Nevada,057,99092,1663,1347,42,1389,9
2020-11-30,Orange,059,3164182,88090,78711,2648,81359,1568
2020-11-30,Placer,061,380077,8425,6575,176,6751,72
2020-11-30,Plumas,063,18699,249,192,0,192,0
2020-11-30,Riverside,065,2383286,101542,87722,2387,90109,1446
2020-11-30,Sacramento,067,1510023,41581,37834,163,37997,586
2020-11-30,San Benito,069,59416,2068,1875,14,1889,15
2020-11-30,San Bernardino,071,2135413,108157,92704,2042,94746,1220
2020-11-30,San Diego,073,3302833,90542,82045,3511,85556,997
2020-11-30,San Francisco,075,870044,16640,15638,117,15755,157
2020-11-30,San Joaquin,077,732212,28718,25742,579,26321,509
2020-11-30,San Luis Obispo,079,281455,6942,6224,111,6335,36
2020-11-30,San Mateo,081,765935,15829,14276,18,14294,170
2020-11-30,Santa Barbara,083,443738,12218,11572,213,11785,140
2020-11-30,Santa Clara,085,1922200,40227,35019,109,35128,451
2020-11-30,Santa Cruz,087,273765,5253,4558,69,4627,26
2020-11-30,Shasta,089,179085,5960,4933,258,5191,44
2020-11-30,Sierra,091,2930,19,16,0,16,0
2020-11-30,Siskiyou,093,43540,732,605,39,644,1
2020-11-30,Solano,095,438530,11508,10392,77,10469,87
2020-11-30,Sonoma,097,501317,13342,12232,75,12307,163
2020-11-30,Stanislaus,099,539301,23711,22110,1563,23673,446
2020-11-30,Sutter,101,95872,3974,3430,12,3442,16
2020-11-30,Tehama,103,63373,1929,1724,61,1785,9
2020-11-30,Trinity,105,12862,292,162,29,191,0
2020-11-30,Tulare,107,460477,23133,20833,1674,22507,319
2020-11-30,Tuolumne,109,53932,1235,1027,8,1035,7
2020-11-30,Ventura,111,848112,22698,20308,705,21013,180
2020-11-30,Yolo,113,214977,5462,4894,19,4913,81
2020-11-30,Yuba,115,75493,2310,2028,12,2040,10
2020-11-29,Alameda,001,1643700,32165,29918,379,30297,457
2020-11-29,Alpine,002,1148,51,41,0,41,0
2020-11-29,Amador,005,37829,721,548,2,550,16
2020-11-29,Butte,007,227075,4428,4008,263,4271,65
2020-11-29,Calaveras,009,45235,548,478,0,478,21
2020-11-29,Colusa,011,21464,830,723,8,731,6
2020-11-29,Contra Costa,013,1133247,25939,24165,177,24342,264
2020-11-29,Del Norte,015,27424,395,339,0,339,2
2020-11-29,El Dorado,017,186661,3079,2447,53,2500,4
2020-11-29,Fresno,019,978130,43983,38568,1583,40151,500
2020-11-29,Glenn,021,27897,1062,951,55,1006,4
2020-11-29,Humboldt,023,135768,1007,856,4,860,9
2020-11-29,Imperial,025,180216,16841,16138,105,16243,356
2020-11-29,Inyo,027,18085,328,289,5,294,15
2020-11-29,Kern,029,883053,43209,40596,1460,42056,473
2020-11-29,Kings,031,150075,11950,11247,197,11444,85
2020-11-29,Lake,033,64148,1087,927,0,927,18
2020-11-29,Lassen,035,31185,2333,1793,8,1801,0
2020-11-29,Los Angeles,037,10098052,421528,391162,6702,397864,7642
2020-11-29,Madera,039,155013,6864,6184,169,6353,57
2020-11-29,Marin,041,260295,1240,7739,34,7773,135
2020-11-29,Mariposa,043,17540,147,123,2,125,2
2020-11-29,Mendocino,045,87422,1613,1473,10,1483,23
2020-11-29,Merced,047,269075,12524,11773,122,11895,172
2020-11-29,Modoc,049,8938,127,105,21,126,0
2020-11-29,Mono,051,14174,560,515,10,525,3
2020-11-29,Monterey,053,433212,16484,15621,278,15899,119
2020-11-29,Napa,055,140530,3526,3090,16,3106,18
2020-11-29,Nevada,057,99092,1583,1311,40,1351,9
2020-11-29,Orange,059,3164182,86067,78057,2602,80659,1567
2020-11-29,Placer,061,380077,8127,6535,164,6699,72
2020-11-29,Plumas,063,18699,244,191,0,191,0
2020-11-29,Riverside,065,2383286,99150,87383,2235,89618,1442
2020-11-29,Sacramento,067,1510023,40503,37415,154,37569,585
2020-11-29,San Benito,069,59416,2024,1860,14,1874,15
2020-11-29,San Bernardino,071,2135413,104807,92052,1939,93991,1223
2020-11-29,San Diego,073,3302833,88131,81086,3358,84444,997
2020-11-29,San Francisco,075,870044,16358,15571,112,15683,153
2020-11-29,San Joaquin,077,732212,27969,25740,573,26313,509
2020-11-29,San Luis Obispo,079,281455,6819,6145,111,6256,36
2020-11-29,San Mateo,081,765935,15497,14177,18,14195,169
2020-11-29,Santa Barbara,083,443738,12064,11520,209,11729,140
2020-11-29,Santa Clara,085,1922200,39015,34234,103,34337,451
2020-11-29,Santa Cruz,087,273765,5093,4490,67,4557,26
2020-11-29,Shasta,089,179085,5788,4935,230,5165,43
2020-11-29,Sierra,091,2930,19,16,0,16,0
2020-11-29,Siskiyou,093,43540,709,590,37,627,1
2020-11-29,Solano,095,438530,11275,10393,73,10466,87
2020-11-29,Sonoma,097,501317,13089,12052,71,12123,163
2020-11-29,Stanislaus,099,539301,23215,21701,1529,23230,446
2020-11-29,Sutter,101,95872,3858,3297,12,3309,16
2020-11-29,Tehama,103,63373,1878,1710,47,1757,9
2020-11-29,Trinity,105,12862,289,159,27,186,0
2020-11-29,Tulare,107,460477,22764,20793,1599,22392,319
2020-11-29,Tuolumne,109,53932,1198,988,8,996,7
2020-11-29,Ventura,111,848112,22014,19952,693,20645,179
2020-11-29,Yolo,113,214977,5325,4830,18,4848,80
2020-11-29,Yuba,115,75493,2254,1959,12,1971,10
2020-11-28,Alameda,001,1643700,31855,29368,374,29742,456
2020-11-28,Alpine,002,1148,51,41,0,41,0
2020-11-28,Amador,005,37829,644,536,2,538,16
2020-11-28,Butte,007,227075,4370,3894,259,4153,65
2020-11-28,Calaveras,009,45235,542,478,0,478,21
2020-11-28,Colusa,011,21464,821,711,6,717,6
2020-11-28,Contra Costa,013,1133247,25607,23798,173,23971,264
2020-11-28,Del Norte,015,27424,385,328,0,328,2
2020-11-28,El Dorado,017,186661,3011,2415,47,2462,4
2020-11-28,Fresno,019,978130,43636,38288,1545,39833,500
2020-11-28,Glenn,021,27897,1051,925,51,976,4
2020-11-28,Humboldt,023,135768,972,844,4,848,9
2020-11-28,Imperial,025,180216,16772,16019,103,16122,356
2020-11-28,Inyo,027,18085,320,289,5,294,15
2020-11-28,Kern,029,883053,42846,40255,1372,41627,473
2020-11-28,Kings,031,150075,11885,11070,190,11260,85
2020-11-28,Lake,033,64148,1071,920,0,920,18
2020-11-28,Lassen,035,31185,2266,1714,8,1722,0
2020-11-28,Los Angeles,037,10098052,416609,386194,6545,392739,7625
2020-11-28,Madera,039,155013,6761,6119,162,6281,57
2020-11-28,Marin,041,260295,1239,7696,30,7726,135
2020-11-28,Mariposa,043,17540,144,120,2,122,2
2020-11-28,Mendocino,045,87422,1582,1458,10,1468,22
2020-11-28,Merced,047,269075,12424,11688,116,11804,172
2020-11-28,Modoc,049,8938,124,103,21,124,0
2020-11-28,Mono,051,14174,554,505,10,515,3
2020-11-28,Monterey,053,433212,16318,15328,274,15602,118
2020-11-28,Napa,055,140530,3474,3033,16,3049,18
2020-11-28,Nevada,057,99092,1554,1272,38,1310,9
2020-11-28,Orange,059,3164182,84967,76882,2555,79437,1568
2020-11-28,Placer,061,380077,7967,6497,161,6658,70
2020-11-28,Plumas,063,18699,237,188,0,188,0
2020-11-28,Riverside,065,2383286,97742,86854,2133,88987,1440
2020-11-28,Sacramento,067,1510023,39926,36905,150,37055,580
2020-11-28,San Benito,069,59416,1979,1835,14,1849,15
2020-11-28,San Bernardino,071,2135413,103406,91183,1837,93020,1224
2020-11-28,San Diego,073,3302833,86877,80020,3274,83294,997
2020-11-28,San Francisco,075,870044,16183,15450,105,15555,153
2020-11-28,San Joaquin,077,732212,27768,25742,558,26300,509
2020-11-28,San Luis Obispo,079,281455,6749,6106,107,6213,36
2020-11-28,San Mateo,081,765935,15307,14040,18,14058,169
2020-11-28,Santa Barbara,083,443738,11962,11481,204,11685,140
2020-11-28,Santa Clara,085,1922200,38264,33701,101,33802,449
2020-11-28,Santa Cruz,087,273765,5017,4426,67,4493,26
2020-11-28,Shasta,089,179085,5711,4882,223,5105,43
2020-11-28,Sierra,091,2930,19,16,0,16,0
2020-11-28,Siskiyou,093,43540,699,558,34,592,1
2020-11-28,Solano,095,438530,11153,10252,71,10323,87
2020-11-28,Sonoma,097,501317,12986,12008,62,12070,162
2020-11-28,Stanislaus,099,539301,22976,21574,1495,23069,446
2020-11-28,Sutter,101,95872,3774,3244,12,3256,15
2020-11-28,Tehama,103,63373,1859,1678,43,1721,9
2020-11-28,Trinity,105,12862,286,157,25,182,0
2020-11-28,Tulare,107,460477,22567,20701,1557,22258,319
2020-11-28,Tuolumne,109,53932,1176,976,8,984,7
2020-11-28,Ventura,111,848112,21716,19510,683,20193,179
2020-11-28,Yolo,113,214977,5248,4739,16,4755,80
2020-11-28,Yuba,115,75493,2199,1912,12,1924,10
2020-11-27,Alameda,001,1643700,31411,29064,364,29428,450
2020-11-27,Alpine,002,1148,51,41,0,41,0
2020-11-27,Amador,005,37829,597,498,1,499,16
2020-11-27,Butte,007,227075,4329,3894,252,4146,65
2020-11-27,Calaveras,009,45235,533,478,0,478,21
2020-11-27,Colusa,011,21464,804,694,4,698,6
2020-11-27,Contra Costa,013,1133247,25346,23463,167,23630,264
2020-11-27,Del Norte,015,27424,379,307,0,307,2
2020-11-27,El Dorado,017,186661,2940,2238,44,2282,4
2020-11-27,Fresno,019,978130,43231,37994,1489,39483,500
2020-11-27,Glenn,021,27897,1038,891,46,937,4
2020-11-27,Humboldt,023,135768,953,795,3,798,9
2020-11-27,Imperial,025,180216,16704,15960,95,16055,356
2020-11-27,Inyo,027,18085,314,289,5,294,15
2020-11-27,Kern,029,883053,42423,39707,1302,41009,473
2020-11-27,Kings,031,150075,11800,10667,172,10839,85
2020-11-27,Lake,033,64148,1035,909,0,909,18
2020-11-27,Lassen,035,31185,2254,1714,8,1722,0
2020-11-27,Los Angeles,037,10098052,410084,382740,6400,389140,7606
2020-11-27,Madera,039,155013,6689,6050,157,6207,57
2020-11-27,Marin,041,260295,1239,7660,30,7690,135
2020-11-27,Mariposa,043,17540,142,118,2,120,2
2020-11-27,Mendocino,045,87422,1568,1387,9,1396,22
2020-11-27,Merced,047,269075,12316,11550,109,11659,172
2020-11-27,Modoc,049,8938,123,100,21,121,0
2020-11-27,Mono,051,14174,550,498,10,508,3
2020-11-27,Monterey,053,433212,16150,14753,274,15027,113
2020-11-27,Napa,055,140530,3434,2988,16,3004,18
2020-11-27,Nevada,057,99092,1524,1184,36,1220,9
2020-11-27,Orange,059,3164182,83679,75151,2516,77667,1568
2020-11-27,Placer,061,380077,7808,6283,151,6434,68
2020-11-27,Plumas,063,18699,234,188,0,188,0
2020-11-27,Riverside,065,2383286,96132,85769,1981,87750,1440
2020-11-27,Sacramento,067,1510023,39305,36579,146,36725,579
2020-11-27,San Benito,069,59416,1945,1805,13,1818,15
2020-11-27,San Bernardino,071,2135413,101887,90254,1756,92010,1224
2020-11-27,San Diego,073,3302833,85683,78161,3185,81346,996
2020-11-27,San Francisco,075,870044,16028,15377,103,15480,153
2020-11-27,San Joaquin,077,732212,27544,25741,538,26279,509
2020-11-27,San Luis Obispo,079,281455,6666,6039,104,6143,36
2020-11-27,San Mateo,081,765935,15105,13872,17,13889,169
2020-11-27,Santa Barbara,083,443738,11869,11340,201,11541,140
2020-11-27,Santa Clara,085,1922200,37589,32935,94,33029,449
2020-11-27,Santa Cruz,087,273765,4946,4358,65,4423,26
2020-11-27,Shasta,089,179085,5634,4710,210,4920,43
2020-11-27,Sierra,091,2930,18,16,0,16,0
2020-11-27,Siskiyou,093,43540,684,554,31,585,1
2020-11-27,Solano,095,438530,11034,10044,68,10112,87
2020-11-27,Sonoma,097,501317,12853,11924,60,11984,162
2020-11-27,Stanislaus,099,539301,22747,21185,1466,22651,446
2020-11-27,Sutter,101,95872,3706,3101,12,3113,15
2020-11-27,Tehama,103,63373,1833,1649,39,1688,9
2020-11-27,Trinity,105,12862,282,151,25,176,0
2020-11-27,Tulare,107,460477,22377,20634,1500,22134,319
2020-11-27,Tuolumne,109,53932,1144,881,8,889,7
2020-11-27,Ventura,111,848112,21392,19379,661,20040,179
2020-11-27,Yolo,113,214977,5197,4737,16,4753,79
2020-11-27,Yuba,115,75493,2170,1864,11,1875,10
2020-11-26,Alameda,001,1643700,30996,28797,347,29144,447
2020-11-26,Alpine,002,1148,51,41,0,41,0
2020-11-26,Amador,005,37829,589,488,1,489,16
2020-11-26,Butte,007,227075,4266,3894,246,4140,65
2020-11-26,Calaveras,009,45235,506,478,0,478,21
2020-11-26,Colusa,011,21464,790,694,4,698,6
2020-11-26,Contra Costa,013,1133247,25013,23468,161,23629,264
2020-11-26,Del Norte,015,27424,368,307,0,307,2
2020-11-26,El Dorado,017,186661,2859,2217,42,2259,4
2020-11-26,Fresno,019,978130,42826,37724,1444,39168,500
2020-11-26,Glenn,021,27897,1022,892,44,936,4
2020-11-26,Humboldt,023,135768,930,795,2,797,9
2020-11-26,Imperial,025,180216,16589,15722,92,15814,355
2020-11-26,Inyo,027,18085,312,289,5,294,15
2020-11-26,Kern,029,883053,41973,39123,1242,40365,471
2020-11-26,Kings,031,150075,11745,10475,160,10635,85
2020-11-26,Lake,033,64148,1022,890,0,890,18
2020-11-26,Lassen,035,31185,2239,1714,8,1722,0
2020-11-26,Los Angeles,037,10098052,404916,378340,6168,384508,7581
2020-11-26,Madera,039,155013,6610,6003,152,6155,57
2020-11-26,Marin,041,260295,1236,7610,30,7640,135
2020-11-26,Mariposa,043,17540,137,116,2,118,2
2020-11-26,Mendocino,045,87422,1554,1387,7,1394,22
2020-11-26,Merced,047,269075,12168,11440,107,11547,172
2020-11-26,Modoc,049,8938,121,100,21,121,0
2020-11-26,Mono,051,14174,542,485,10,495,2
2020-11-26,Monterey,053,433212,15914,14750,266,15016,113
2020-11-26,Napa,055,140530,3370,2988,16,3004,18
2020-11-26,Nevada,057,99092,1479,1184,36,1220,9
2020-11-26,Orange,059,3164182,82289,74264,2456,76720,1563
2020-11-26,Placer,061,380077,7644,6278,142,6420,68
2020-11-26,Plumas,063,18699,226,188,0,188,0
2020-11-26,Riverside,065,2383286,94530,85774,1857,87631,1440
2020-11-26,Sacramento,067,1510023,38662,35854,138,35992,580
2020-11-26,San Benito,069,59416,1918,1769,13,1782,15
2020-11-26,San Bernardino,071,2135413,100234,89727,1663,91390,1223
2020-11-26,San Diego,073,3302833,84073,76359,3081,79440,996
2020-11-26,San Francisco,075,870044,15893,15156,99,15255,153
2020-11-26,San Joaquin,077,732212,27288,25738,526,26264,509
2020-11-26,San Luis Obispo,079,281455,6573,5964,101,6065,36
2020-11-26,San Mateo,081,765935,14916,13715,16,13731,169
2020-11-26,Santa Barbara,083,443738,11788,11277,200,11477,139
2020-11-26,Santa Clara,085,1922200,36943,32411,87,32498,446
2020-11-26,Santa Cruz,087,273765,4813,4269,59,4328,26
2020-11-26,Shasta,089,179085,5551,4712,198,4910,43
2020-11-26,Sierra,091,2930,18,15,0,15,0
2020-11-26,Siskiyou,093,43540,674,526,31,557,1
2020-11-26,Solano,095,438530,10889,9941,66,10007,87
2020-11-26,Sonoma,097,501317,12705,11922,58,11980,162
2020-11-26,Stanislaus,099,539301,22515,21186,1426,22612,445
2020-11-26,Sutter,101,95872,3612,3101,11,3112,15
2020-11-26,Tehama,103,63373,1793,1612,36,1648,9
2020-11-26,Trinity,105,12862,278,139,25,164,0
2020-11-26,Tulare,107,460477,22137,20649,1439,22088,319
2020-11-26,Tuolumne,109,53932,1116,871,8,879,7
2020-11-26,Ventura,111,848112,20895,19058,647,19705,179
2020-11-26,Yolo,113,214977,5110,4566,16,4582,76
2020-11-26,Yuba,115,75493,2110,1865,9,1874,10
2020-11-25,Alameda,001,1643700,30781,28378,339,28717,447
2020-11-25,Alpine,002,1148,51,41,0,41,0
2020-11-25,Amador,005,37829,579,484,1,485,16
2020-11-25,Butte,007,227075,4235,3848,243,4091,64
2020-11-25,Calaveras,009,45235,503,475,0,475,21
2020-11-25,Colusa,011,21464,773,693,4,697,6
2020-11-25,Contra Costa,013,1133247,24857,23307,160,23467,263
2020-11-25,Del Norte,015,27424,367,304,0,304,2
2020-11-25,El Dorado,017,186661,2823,2154,42,2196,4
2020-11-25,Fresno,019,978130,42593,37349,1422,38771,494
2020-11-25,Glenn,021,27897,1005,891,42,933,4
2020-11-25,Humboldt,023,135768,922,777,2,779,9
2020-11-25,Imperial,025,180216,16517,15640,91,15731,355
2020-11-25,Inyo,027,18085,310,289,5,294,15
2020-11-25,Kern,029,883053,41817,38878,1225,40103,467
2020-11-25,Kings,031,150075,11710,10417,156,10573,85
2020-11-25,Lake,033,64148,1005,878,0,878,18
2020-11-25,Lassen,035,31185,2196,1701,8,1709,0
2020-11-25,Los Angeles,037,10098052,401888,373919,6068,379987,7545
2020-11-25,Madera,039,155013,6587,5989,149,6138,57
2020-11-25,Marin,041,260295,1236,7601,29,7630,135
2020-11-25,Mariposa,043,17540,136,114,2,116,2
2020-11-25,Mendocino,045,87422,1535,1373,7,1380,22
2020-11-25,Merced,047,269075,12112,11346,107,11453,172
2020-11-25,Modoc,049,8938,121,96,21,117,0
2020-11-25,Mono,051,14174,537,487,10,497,2
2020-11-25,Monterey,053,433212,15799,14695,264,14959,113
2020-11-25,Napa,055,140530,3337,2945,16,2961,17
2020-11-25,Nevada,057,99092,1461,1170,34,1204,9
2020-11-25,Orange,059,3164182,81533,73014,2436,75450,1551
2020-11-25,Placer,061,380077,7568,6221,141,6362,68
2020-11-25,Plumas,063,18699,221,183,0,183,0
2020-11-25,Riverside,065,2383286,93985,85077,1839,86916,1438
2020-11-25,Sacramento,067,1510023,38325,35687,135,35822,574
2020-11-25,San Benito,069,59416,1895,1764,13,1777,15
2020-11-25,San Bernardino,071,2135413,99392,88469,1634,90103,1225
2020-11-25,San Diego,073,3302833,83416,75307,3045,78352,988
2020-11-25,San Francisco,075,870044,15786,15053,97,15150,153
2020-11-25,San Joaquin,077,732212,27160,25556,514,26070,515
2020-11-25,San Luis Obispo,079,281455,6530,5913,101,6014,34
2020-11-25,San Mateo,081,765935,14801,13614,16,13630,170
2020-11-25,Santa Barbara,083,443738,11738,11183,200,11383,138
2020-11-25,Santa Clara,085,1922200,36494,32032,86,32118,442
2020-11-25,Santa Cruz,087,273765,4760,4202,58,4260,25
2020-11-25,Shasta,089,179085,5505,4588,191,4779,43
2020-11-25,Sierra,091,2930,18,15,0,15,0
2020-11-25,Siskiyou,093,43540,667,499,31,530,1
2020-11-25,Solano,095,438530,10784,9832,65,9897,87
2020-11-25,Sonoma,097,501317,12643,11775,57,11832,162
2020-11-25,Stanislaus,099,539301,22383,21022,1399,22421,445
2020-11-25,Sutter,101,95872,3568,3064,11,3075,14
2020-11-25,Tehama,103,63373,1780,1587,30,1617,9
2020-11-25,Trinity,105,12862,276,135,25,160,0
2020-11-25,Tulare,107,460477,22046,20528,1409,21937,318
2020-11-25,Tuolumne,109,53932,1099,842,8,850,7
2020-11-25,Ventura,111,848112,20800,18914,641,19555,179
2020-11-25,Yolo,113,214977,5073,4527,16,4543,76
2020-11-25,Yuba,115,75493,2084,1840,9,1849,10
2020-11-24,Alameda,001,1643700,30305,28030,328,28358,444
2020-11-24,Alpine,002,1148,51,41,0,41,0
2020-11-24,Amador,005,37829,554,470,1,471,16
2020-11-24,Butte,007,227075,4149,3798,235,4033,63
2020-11-24,Calaveras,009,45235,497,466,0,466,21
2020-11-24,Colusa,011,21464,755,682,4,686,6
2020-11-24,Contra Costa,013,1133247,24505,23072,154,23226,259
2020-11-24,Del Norte,015,27424,358,298,0,298,2
2020-11-24,El Dorado,017,186661,2718,2005,41,2046,4
2020-11-24,Fresno,019,978130,42190,37021,1347,38368,493
2020-11-24,Glenn,021,27897,987,883,38,921,4
2020-11-24,Humboldt,023,135768,903,774,2,776,9
2020-11-24,Imperial,025,180216,16414,15600,86,15686,355
2020-11-24,Inyo,027,18085,309,282,5,287,15
2020-11-24,Kern,029,883053,41343,38551,1149,39700,465
2020-11-24,Kings,031,150075,11443,10338,143,10481,85
2020-11-24,Lake,033,64148,988,872,0,872,18
2020-11-24,Lassen,035,31185,2173,1657,8,1665,0
2020-11-24,Los Angeles,037,10098052,395578,370008,5837,375845,7501
2020-11-24,Madera,039,155013,6504,5881,142,6023,57
2020-11-24,Marin,041,260295,1234,7591,29,7620,135
2020-11-24,Mariposa,043,17540,126,114,1,115,2
2020-11-24,Mendocino,045,87422,1513,1346,6,1352,22
2020-11-24,Merced,047,269075,11926,11268,102,11370,171
2020-11-24,Modoc,049,8938,117,91,21,112,0
2020-11-24,Mono,051,14174,533,483,10,493,2
2020-11-24,Monterey,053,433212,15537,14354,255,14609,113
2020-11-24,Napa,055,140530,3270,2904,16,2920,17
2020-11-24,Nevada,057,99092,1397,1156,32,1188,9
2020-11-24,Orange,059,3164182,80093,71975,2359,74334,1547
2020-11-24,Placer,061,380077,7388,6147,134,6281,67
2020-11-24,Plumas,063,18699,218,180,0,180,0
2020-11-24,Riverside,065,2383286,92226,83685,1713,85398,1420
2020-11-24,Sacramento,067,1510023,37645,35097,128,35225,568
2020-11-24,San Benito,069,59416,1864,1740,12,1752,15
2020-11-24,San Bernardino,071,2135413,97053,86645,1533,88178,1226
2020-11-24,San Diego,073,3302833,82006,74363,2974,77337,984
2020-11-24,San Francisco,075,870044,15591,14874,93,14967,153
2020-11-24,San Joaquin,077,732212,26847,25318,487,25805,517
2020-11-24,San Luis Obispo,079,281455,6467,5805,100,5905,34
2020-11-24,San Mateo,081,765935,14592,13558,15,13573,170
2020-11-24,Santa Barbara,083,443738,11632,11154,199,11353,138
2020-11-24,Santa Clara,085,1922200,35706,31564,82,31646,438
2020-11-24,Santa Cruz,087,273765,4647,4132,57,4189,25
2020-11-24,Shasta,089,179085,5405,4410,172,4582,43
2020-11-24,Sierra,091,2930,18,15,0,15,0
2020-11-24,Siskiyou,093,43540,649,473,28,501,1
2020-11-24,Solano,095,438530,10612,9716,64,9780,86
2020-11-24,Sonoma,097,501317,12464,11644,54,11698,162
2020-11-24,Stanislaus,099,539301,22141,20830,1356,22186,438
2020-11-24,Sutter,101,95872,3462,2974,11,2985,14
2020-11-24,Tehama,103,63373,1736,1565,25,1590,9
2020-11-24,Trinity,105,12862,269,129,24,153,0
2020-11-24,Tulare,107,460477,21796,20319,1348,21667,315
2020-11-24,Tuolumne,109,53932,1070,832,8,840,7
2020-11-24,Ventura,111,848112,20419,18637,631,19268,179
2020-11-24,Yolo,113,214977,4987,4420,16,4436,76
2020-11-24,Yuba,115,75493,2033,1804,7,1811,10
2020-11-23,Alameda,001,1643700,29888,27718,316,28034,444
2020-11-23,Alpine,002,1148,49,41,0,41,0
2020-11-23,Amador,005,37829,513,457,1,458,16
2020-11-23,Butte,007,227075,4083,3765,229,3994,61
2020-11-23,Calaveras,009,45235,481,434,0,434,21
2020-11-23,Colusa,011,21464,741,662,4,666,6
2020-11-23,Contra Costa,013,1133247,24236,22674,149,22823,260
2020-11-23,Del Norte,015,27424,336,296,0,296,2
2020-11-23,El Dorado,017,186661,2598,2005,40,2045,4
2020-11-23,Fresno,019,978130,41740,36688,1286,37974,488
2020-11-23,Glenn,021,27897,961,853,38,891,4
2020-11-23,Humboldt,023,135768,890,746,2,748,9
2020-11-23,Imperial,025,180216,16251,15104,81,15185,355
2020-11-23,Inyo,027,18085,302,279,5,284,15
2020-11-23,Kern,029,883053,40830,38245,1086,39331,463
2020-11-23,Kings,031,150075,11023,10204,137,10341,85
2020-11-23,Lake,033,64148,965,840,0,840,18
2020-11-23,Lassen,035,31185,2093,1271,7,1278,0
2020-11-23,Los Angeles,037,10098052,389468,366374,5593,371967,7447
2020-11-23,Madera,039,155013,6379,5787,138,5925,56
2020-11-23,Marin,041,260295,1234,7543,29,7572,135
2020-11-23,Mariposa,043,17540,125,97,1,98,2
2020-11-23,Mendocino,045,87422,1483,1330,6,1336,22
2020-11-23,Merced,047,269075,11742,11148,99,11247,169
2020-11-23,Modoc,049,8938,104,91,20,111,0
2020-11-23,Mono,051,14174,520,480,10,490,2
2020-11-23,Monterey,053,433212,15258,14265,249,14514,112
2020-11-23,Napa,055,140530,3203,2811,16,2827,17
2020-11-23,Nevada,057,99092,1308,1087,32,1119,9
2020-11-23,Orange,059,3164182,78687,71074,2315,73389,1546
2020-11-23,Placer,061,380077,7186,5999,133,6132,66
2020-11-23,Plumas,063,18699,214,172,0,172,0
2020-11-23,Riverside,065,2383286,90449,82175,1649,83824,1415
2020-11-23,Sacramento,067,1510023,37074,34141,122,34263,556
2020-11-23,San Benito,069,59416,1836,1729,11,1740,15
2020-11-23,San Bernardino,071,2135413,94945,84387,1469,85856,1224
2020-11-23,San Diego,073,3302833,80543,72817,2886,75703,968
2020-11-23,San Francisco,075,870044,15433,14646,91,14737,153
2020-11-23,San Joaquin,077,732212,26497,24622,483,25105,517
2020-11-23,San Luis Obispo,079,281455,6385,5772,98,5870,34
2020-11-23,San Mateo,081,765935,14402,13364,15,13379,170
2020-11-23,Santa Barbara,083,443738,11525,10944,195,11139,137
2020-11-23,Santa Clara,085,1922200,35052,31064,79,31143,435
2020-11-23,Santa Cruz,087,273765,4537,4003,53,4056,25
2020-11-23,Shasta,089,179085,5287,4100,160,4260,43
2020-11-23,Sierra,091,2930,17,15,0,15,0
2020-11-23,Siskiyou,093,43540,622,460,28,488,0
2020-11-23,Solano,095,438530,10455,9394,61,9455,86
2020-11-23,Sonoma,097,501317,12291,11507,50,11557,160
2020-11-23,Stanislaus,099,539301,21847,20487,1324,21811,436
2020-11-23,Sutter,101,95872,3325,2840,10,2850,14
2020-11-23,Tehama,103,63373,1687,1526,21,1547,9
2020-11-23,Trinity,105,12862,260,120,22,142,0
2020-11-23,Tulare,107,460477,21504,19818,1283,21101,315
2020-11-23,Tuolumne,109,53932,1030,774,8,782,7
2020-11-23,Ventura,111,848112,20044,18480,618,19098,179
2020-11-23,Yolo,113,214977,4906,4265,15,4280,75
2020-11-23,Yuba,115,75493,1966,1702,7,1709,10
2020-11-22,Alameda,001,1643700,29450,27472,305,27777,444
2020-11-22,Alpine,002,1148,46,41,0,41,0
2020-11-22,Amador,005,37829,501,450,1,451,16
2020-11-22,Butte,007,227075,4033,3712,221,3933,61
2020-11-22,Calaveras,009,45235,473,434,0,434,21
2020-11-22,Colusa,011,21464,723,642,3,645,6
2020-11-22,Contra Costa,013,1133247,23931,22407,144,22551,260
2020-11-22,Del Norte,015,27424,312,271,0,271,2
2020-11-22,El Dorado,017,186661,2488,1917,36,1953,4
2020-11-22,Fresno,019,978130,41255,36315,1231,37546,488
2020-11-22,Glenn,021,27897,939,832,34,866,4
2020-11-22,Humboldt,023,135768,874,729,2,731,9
2020-11-22,Imperial,025,180216,16047,15109,36,15145,355
2020-11-22,Inyo,027,18085,295,279,5,284,15
2020-11-22,Kern,029,883053,40251,37904,1053,38957,463
2020-11-22,Kings,031,150075,10924,10035,128,10163,85
2020-11-22,Lake,033,64148,943,834,0,834,18
2020-11-22,Lassen,035,31185,1928,1211,6,1217,0
2020-11-22,Los Angeles,037,10098052,383180,360341,5352,365693,7438
2020-11-22,Madera,039,155013,6297,5745,127,5872,56
2020-11-22,Marin,041,260295,1233,7506,28,7534,135
2020-11-22,Mariposa,043,17540,124,95,1,96,2
2020-11-22,Mendocino,045,87422,1459,1285,5,1290,22
2020-11-22,Merced,047,269075,11590,10939,98,11037,169
2020-11-22,Modoc,049,8938,103,87,19,106,0
2020-11-22,Mono,051,14174,505,481,10,491,2
2020-11-22,Monterey,053,433212,15017,13887,244,14131,111
2020-11-22,Napa,055,140530,3124,2778,16,2794,17
2020-11-22,Nevada,057,99092,1250,1052,32,1084,9
2020-11-22,Orange,059,3164182,77270,69913,2277,72190,1546
2020-11-22,Placer,061,380077,6959,5880,123,6003,66
2020-11-22,Plumas,063,18699,201,172,0,172,0
2020-11-22,Riverside,065,2383286,88850,81565,1590,83155,1409
2020-11-22,Sacramento,067,1510023,36340,33421,109,33530,555
2020-11-22,San Benito,069,59416,1807,1704,11,1715,15
2020-11-22,San Bernardino,071,2135413,92606,83505,1399,84904,1224
2020-11-22,San Diego,073,3302833,78806,71649,2811,74460,968
2020-11-22,San Francisco,075,870044,15263,14515,90,14605,153
2020-11-22,San Joaquin,077,732212,26197,24619,471,25090,517
2020-11-22,San Luis Obispo,079,281455,6278,5664,97,5761,34
2020-11-22,San Mateo,081,765935,14197,13228,15,13243,170
2020-11-22,Santa Barbara,083,443738,11390,10946,190,11136,137
2020-11-22,Santa Clara,085,1922200,34374,30633,77,30710,434
2020-11-22,Santa Cruz,087,273765,4454,3896,46,3942,25
2020-11-22,Shasta,089,179085,5131,4100,142,4242,43
2020-11-22,Sierra,091,2930,17,13,0,13,0
2020-11-22,Siskiyou,093,43540,591,411,28,439,0
2020-11-22,Solano,095,438530,10281,9363,57,9420,86
2020-11-22,Sonoma,097,501317,12133,11415,48,11463,159
2020-11-22,Stanislaus,099,539301,21523,20223,1294,21517,436
2020-11-22,Sutter,101,95872,3208,2677,10,2687,13
2020-11-22,Tehama,103,63373,1650,1457,17,1474,9
2020-11-22,Trinity,105,12862,254,114,22,136,0
2020-11-22,Tulare,107,460477,21250,19818,1217,21035,314
2020-11-22,Tuolumne,109,53932,1003,689,8,697,7
2020-11-22,Ventura,111,848112,19683,18105,605,18710,179
2020-11-22,Yolo,113,214977,4806,4206,15,4221,75
2020-11-22,Yuba,115,75493,1914,1672,7,1679,10
2020-11-21,Alameda,001,1643700,29263,27424,303,27727,444
2020-11-21,Alpine,002,1148,46,41,0,41,0
2020-11-21,Amador,005,37829,487,450,1,451,16
2020-11-21,Butte,007,227075,3985,3664,218,3882,61
2020-11-21,Calaveras,009,45235,465,434,0,434,21
2020-11-21,Colusa,011,21464,714,642,3,645,6
2020-11-21,Contra Costa,013,1133247,23777,22338,142,22480,260
2020-11-21,Del Norte,015,27424,307,271,0,271,2
2020-11-21,El Dorado,017,186661,2439,1900,35,1935,4
2020-11-21,Fresno,019,978130,41001,35973,1196,37169,482
2020-11-21,Glenn,021,27897,934,829,32,861,4
2020-11-21,Humboldt,023,135768,864,728,2,730,9
2020-11-21,Imperial,025,180216,15967,15053,36,15089,355
2020-11-21,Inyo,027,18085,293,283,5,288,15
2020-11-21,Kern,029,883053,39995,37403,1018,38421,463
2020-11-21,Kings,031,150075,10876,10019,124,10143,85
2020-11-21,Lake,033,64148,930,832,0,832,18
2020-11-21,Lassen,035,31185,1861,1211,6,1217,0
2020-11-21,Los Angeles,037,10098052,379993,357754,5213,362967,7428
2020-11-21,Madera,039,155013,6259,5706,127,5833,56
2020-11-21,Marin,041,260295,1233,7488,27,7515,134
2020-11-21,Mariposa,043,17540,124,92,1,93,2
2020-11-21,Mendocino,045,87422,1428,1282,5,1287,22
2020-11-21,Merced,047,269075,11530,10849,97,10946,169
2020-11-21,Modoc,049,8938,99,87,18,105,0
2020-11-21,Mono,051,14174,500,469,10,479,2
2020-11-21,Monterey,053,433212,14919,13886,239,14125,110
2020-11-21,Napa,055,140530,3090,2757,16,2773,17
2020-11-21,Nevada,057,99092,1238,1018,31,1049,9
2020-11-21,Orange,059,3164182,76466,69021,2247,71268,1543
2020-11-21,Placer,061,380077,6844,5778,120,5898,65
2020-11-21,Plumas,063,18699,196,172,0,172,0
2020-11-21,Riverside,065,2383286,88073,80676,1544,82220,1407
2020-11-21,Sacramento,067,1510023,35944,33133,101,33234,548
2020-11-21,San Benito,069,59416,1788,1691,11,1702,15
2020-11-21,San Bernardino,071,2135413,91729,83206,1323,84529,1222
2020-11-21,San Diego,073,3302833,78027,70711,2756,73467,966
2020-11-21,San Francisco,075,870044,15159,14445,89,14534,153
2020-11-21,San Joaquin,077,732212,26064,24620,456,25076,517
2020-11-21,San Luis Obispo,079,281455,6225,5618,94,5712,34
2020-11-21,San Mateo,081,765935,14096,13138,15,13153,170
2020-11-21,Santa Barbara,083,443738,11338,10922,187,11109,137
2020-11-21,Santa Clara,085,1922200,33990,30377,74,30451,433
2020-11-21,Santa Cruz,087,273765,4397,3898,46,3944,25
2020-11-21,Shasta,089,179085,5058,4095,139,4234,42
2020-11-21,Sierra,091,2930,17,13,0,13,0
2020-11-21,Siskiyou,093,43540,575,403,28,431,0
2020-11-21,Solano,095,438530,10191,9290,54,9344,86
2020-11-21,Sonoma,097,501317,12058,11394,47,11441,158
2020-11-21,Stanislaus,099,539301,21380,20111,1270,21381,435
2020-11-21,Sutter,101,95872,3148,2615,9,2624,13
2020-11-21,Tehama,103,63373,1630,1435,16,1451,9
2020-11-21,Trinity,105,12862,251,110,22,132,0
2020-11-21,Tulare,107,460477,21122,19752,1183,20935,313
2020-11-21,Tuolumne,109,53932,984,690,8,698,7
2020-11-21,Ventura,111,848112,19520,18040,595,18635,177
2020-11-21,Yolo,113,214977,4732,4147,14,4161,75
2020-11-21,Yuba,115,75493,1882,1643,7,1650,10
2020-11-20,Alameda,001,1643700,29049,27221,296,27517,444
2020-11-20,Alpine,002,1148,46,20,0,20,0
2020-11-20,Amador,005,37829,483,446,1,447,16
2020-11-20,Butte,007,227075,3952,3618,214,3832,60
2020-11-20,Calaveras,009,45235,455,424,0,424,21
2020-11-20,Colusa,011,21464,706,631,2,633,6
2020-11-20,Contra Costa,013,1133247,23592,22116,138,22254,260
2020-11-20,Del Norte,015,27424,304,264,0,264,2
2020-11-20,El Dorado,017,186661,2342,1868,33,1901,4
2020-11-20,Fresno,019,978130,40707,35635,1167,36802,480
2020-11-20,Glenn,021,27897,922,826,30,856,4
2020-11-20,Humboldt,023,135768,855,714,1,715,9
2020-11-20,Imperial,025,180216,15903,14864,32,14896,353
2020-11-20,Inyo,027,18085,291,262,5,267,15
2020-11-20,Kern,029,883053,39701,37143,993,38136,462
2020-11-20,Kings,031,150075,10828,9903,123,10026,85
2020-11-20,Lake,033,64148,921,820,0,820,18
2020-11-20,Lassen,035,31185,1776,1212,5,1217,0
2020-11-20,Los Angeles,037,10098052,376097,353554,5052,358606,7398
2020-11-20,Madera,039,155013,6165,5635,126,5761,54
2020-11-20,Marin,041,260295,1233,7467,26,7493,134
2020-11-20,Mariposa,043,17540,116,89,1,90,2
2020-11-20,Mendocino,045,87422,1408,1269,5,1274,22
2020-11-20,Merced,047,269075,11452,10729,97,10826,167
2020-11-20,Modoc,049,8938,99,83,18,101,0
2020-11-20,Mono,051,14174,498,469,10,479,2
2020-11-20,Monterey,053,433212,14794,13738,230,13968,110
2020-11-20,Napa,055,140530,3060,2718,16,2734,17
2020-11-20,Nevada,057,99092,1220,990,30,1020,9
2020-11-20,Orange,059,3164182,75630,68212,2210,70422,1532
2020-11-20,Placer,061,380077,6709,5687,105,5792,66
2020-11-20,Plumas,063,18699,194,163,0,163,0
2020-11-20,Riverside,065,2383286,87061,79613,1484,81097,1405
2020-11-20,Sacramento,067,1510023,35568,32832,94,32926,549
2020-11-20,San Benito,069,59416,1776,1668,11,1679,15
2020-11-20,San Bernardino,071,2135413,90359,81203,1241,82444,1220
2020-11-20,San Diego,073,3302833,77029,69233,2674,71907,960
2020-11-20,San Francisco,075,870044,15056,14327,88,14415,153
2020-11-20,San Joaquin,077,732212,25911,24460,443,24903,515
2020-11-20,San Luis Obispo,079,281455,6170,5524,91,5615,34
2020-11-20,San Mateo,081,765935,13963,12980,14,12994,169
2020-11-20,Santa Barbara,083,443738,11282,10825,181,11006,136
2020-11-20,Santa Clara,085,1922200,33569,30002,69,30071,431
2020-11-20,Santa Cruz,087,273765,4332,3815,46,3861,25
2020-11-20,Shasta,089,179085,4985,3861,134,3995,42
2020-11-20,Sierra,091,2930,17,12,0,12,0
2020-11-20,Siskiyou,093,43540,561,387,27,414,0
2020-11-20,Solano,095,438530,10098,9216,52,9268,85
2020-11-20,Sonoma,097,501317,11974,11316,46,11362,158
2020-11-20,Stanislaus,099,539301,21223,19889,1244,21133,433
2020-11-20,Sutter,101,95872,3098,2580,9,2589,13
2020-11-20,Tehama,103,63373,1613,1410,13,1423,9
2020-11-20,Trinity,105,12862,250,102,22,124,0
2020-11-20,Tulare,107,460477,20989,19568,1145,20713,311
2020-11-20,Tuolumne,109,53932,945,662,8,670,7
2020-11-20,Ventura,111,848112,19352,17741,568,18309,175
2020-11-20,Yolo,113,214977,4653,4081,13,4094,74
2020-11-20,Yuba,115,75493,1854,1611,7,1618,10
2020-11-19,Alameda,001,1643700,28703,26971,288,27259,441
2020-11-19,Alpine,002,1148,43,20,0,20,0
2020-11-19,Amador,005,37829,479,436,1,437,16
2020-11-19,Butte,007,227075,3903,3576,207,3783,60
2020-11-19,Calaveras,009,45235,444,417,0,417,21
2020-11-19,Colusa,011,21464,688,621,2,623,6
2020-11-19,Contra Costa,013,1133247,23321,21886,135,22021,259
2020-11-19,Del Norte,015,27424,296,251,0,251,2
2020-11-19,El Dorado,017,186661,2268,1825,29,1854,4
2020-11-19,Fresno,019,978130,40257,35278,1110,36388,478
2020-11-19,Glenn,021,27897,900,806,29,835,4
2020-11-19,Humboldt,023,135768,835,693,1,694,9
2020-11-19,Imperial,025,180216,15693,14507,32,14539,349
2020-11-19,Inyo,027,18085,289,262,5,267,15
2020-11-19,Kern,029,883053,39281,36779,951,37730,459
2020-11-19,Kings,031,150075,10680,9763,116,9879,85
2020-11-19,Lake,033,64148,907,809,0,809,18
2020-11-19,Lassen,035,31185,1659,1201,3,1204,0
2020-11-19,Los Angeles,037,10098052,371068,349493,4889,354382,7365
2020-11-19,Madera,039,155013,6093,5540,118,5658,54
2020-11-19,Marin,041,260295,1230,7451,26,7477,134
2020-11-19,Mariposa,043,17540,109,88,0,88,2
2020-11-19,Mendocino,045,87422,1387,1237,5,1242,23
2020-11-19,Merced,047,269075,11313,10634,91,10725,167
2020-11-19,Modoc,049,8938,96,82,18,100,0
2020-11-19,Mono,051,14174,490,468,10,478,2
2020-11-19,Monterey,053,433212,14580,13369,219,13588,108
2020-11-19,Napa,055,140530,3006,2641,16,2657,17
2020-11-19,Nevada,057,99092,1179,945,29,974,9
2020-11-19,Orange,059,3164182,74365,66998,2168,69166,1530
2020-11-19,Placer,061,380077,6518,5612,104,5716,65
2020-11-19,Plumas,063,18699,189,158,0,158,0
2020-11-19,Riverside,065,2383286,85578,78535,1413,79948,1402
2020-11-19,Sacramento,067,1510023,35054,32367,92,32459,546
2020-11-19,San Benito,069,59416,1753,1643,11,1654,15
2020-11-19,San Bernardino,071,2135413,88461,79244,1163,80407,1215
2020-11-19,San Diego,073,3302833,75779,68142,2570,70712,952
2020-11-19,San Francisco,075,870044,14900,14178,82,14260,153
2020-11-19,San Joaquin,077,732212,25592,24270,433,24703,516
2020-11-19,San Luis Obispo,079,281455,6093,5410,87,5497,34
2020-11-19,San Mateo,081,765935,13825,12714,14,12728,169
2020-11-19,Santa Barbara,083,443738,11202,10741,178,10919,136
2020-11-19,Santa Clara,085,1922200,33015,29630,68,29698,424
2020-11-19,Santa Cruz,087,273765,4240,3679,44,3723,25
2020-11-19,Shasta,089,179085,4847,3685,124,3809,42
2020-11-19,Sierra,091,2930,17,11,0,11,0
2020-11-19,Siskiyou,093,43540,536,360,26,386,0
2020-11-19,Solano,095,438530,9961,9093,48,9141,84
2020-11-19,Sonoma,097,501317,11804,11205,44,11249,156
2020-11-19,Stanislaus,099,539301,20982,19736,1201,20937,433
2020-11-19,Sutter,101,95872,2999,2509,9,2518,13
2020-11-19,Tehama,103,63373,1578,1373,10,1383,9
2020-11-19,Trinity,105,12862,244,97,22,119,0
2020-11-19,Tulare,107,460477,20768,19384,1082,20466,304
2020-11-19,Tuolumne,109,53932,914,602,8,610,7
2020-11-19,Ventura,111,848112,18999,17300,555,17855,174
2020-11-19,Yolo,113,214977,4559,3973,13,3986,72
2020-11-19,Yuba,115,75493,1814,1568,7,1575,10
2020-11-18,Alameda,001,1643700,28439,26610,283,26893,440
2020-11-18,Alpine,002,1148,42,16,0,16,0
2020-11-18,Amador,005,37829,474,430,1,431,16
2020-11-18,Butte,007,227075,3850,3537,194,3731,59
2020-11-18,Calaveras,009,45235,438,409,0,409,21
2020-11-18,Colusa,011,21464,675,611,2,613,6
2020-11-18,Contra Costa,013,1133247,23058,21685,132,21817,258
2020-11-18,Del Norte,015,27424,284,240,0,240,2
2020-11-18,El Dorado,017,186661,2180,1799,28,1827,4
2020-11-18,Fresno,019,978130,39819,34997,1061,36058,474
2020-11-18,Glenn,021,27897,883,803,27,830,4
2020-11-18,Humboldt,023,135768,820,690,1,691,9
2020-11-18,Imperial,025,180216,15463,14428,32,14460,348
2020-11-18,Inyo,027,18085,287,262,5,267,15
2020-11-18,Kern,029,883053,38891,36537,902,37439,456
2020-11-18,Kings,031,150075,10532,9696,113,9809,85
2020-11-18,Lake,033,64148,895,802,0,802,18
2020-11-18,Lassen,035,31185,1559,1124,3,1127,0
2020-11-18,Los Angeles,037,10098052,366186,344675,4714,349389,7338
2020-11-18,Madera,039,155013,6006,5519,106,5625,54
2020-11-18,Marin,041,260295,1230,7435,26,7461,134
2020-11-18,Mariposa,043,17540,106,88,0,88,2
2020-11-18,Mendocino,045,87422,1367,1237,5,1242,23
2020-11-18,Merced,047,269075,11194,10536,90,10626,166
2020-11-18,Modoc,049,8938,93,77,18,95,0
2020-11-18,Mono,051,14174,485,468,10,478,2
2020-11-18,Monterey,053,433212,14385,13340,205,13545,108
2020-11-18,Napa,055,140530,2961,2607,16,2623,17
2020-11-18,Nevada,057,99092,1139,933,27,960,9
2020-11-18,Orange,059,3164182,73269,66381,2143,68524,1521
2020-11-18,Placer,061,380077,6340,5543,99,5642,64
2020-11-18,Plumas,063,18699,184,143,0,143,0
2020-11-18,Riverside,065,2383286,84115,77739,1312,79051,1387
2020-11-18,Sacramento,067,1510023,34429,31816,84,31900,541
2020-11-18,San Benito,069,59416,1728,1632,10,1642,15
2020-11-18,San Bernardino,071,2135413,86702,77400,1084,78484,1206
2020-11-18,San Diego,073,3302833,74485,67243,2510,69753,945
2020-11-18,San Francisco,075,870044,14756,14057,80,14137,153
2020-11-18,San Joaquin,077,732212,25330,24146,419,24565,517
2020-11-18,San Luis Obispo,079,281455,6017,5322,86,5408,34
2020-11-18,San Mateo,081,765935,13672,12631,13,12644,169
2020-11-18,Santa Barbara,083,443738,11123,10684,171,10855,136
2020-11-18,Santa Clara,085,1922200,32549,29285,64,29349,421
2020-11-18,Santa Cruz,087,273765,4151,3618,42,3660,25
2020-11-18,Shasta,089,179085,4714,3547,120,3667,42
2020-11-18,Sierra,091,2930,17,11,0,11,0
2020-11-18,Siskiyou,093,43540,504,351,25,376,0
2020-11-18,Solano,095,438530,9829,8994,46,9040,84
2020-11-18,Sonoma,097,501317,11698,11129,41,11170,155
2020-11-18,Stanislaus,099,539301,20740,19609,1177,20786,431
2020-11-18,Sutter,101,95872,2881,2442,9,2451,13
2020-11-18,Tehama,103,63373,1540,1338,10,1348,8
2020-11-18,Trinity,105,12862,230,95,21,116,0
2020-11-18,Tulare,107,460477,20557,19286,1031,20317,306
2020-11-18,Tuolumne,109,53932,879,590,8,598,7
2020-11-18,Ventura,111,848112,18674,17169,540,17709,173
2020-11-18,Yolo,113,214977,4486,3929,13,3942,71
2020-11-18,Yuba,115,75493,1760,1540,7,1547,10
2020-11-17,Alameda,001,1643700,28111,26425,272,26697,439
2020-11-17,Alpine,002,1148,40,12,0,12,0
2020-11-17,Amador,005,37829,463,423,1,424,16
2020-11-17,Butte,007,227075,3808,3500,183,3683,59
2020-11-17,Calaveras,009,45235,421,405,0,405,21
2020-11-17,Colusa,011,21464,664,606,1,607,6
2020-11-17,Contra Costa,013,1133247,22787,21557,127,21684,256
2020-11-17,Del Norte,015,27424,278,233,0,233,2
2020-11-17,El Dorado,017,186661,2121,1758,28,1786,4
2020-11-17,Fresno,019,978130,39220,34765,1002,35767,472
2020-11-17,Glenn,021,27897,872,795,26,821,4
2020-11-17,Humboldt,023,135768,798,685,1,686,9
2020-11-17,Imperial,025,180216,15225,14204,30,14234,346
2020-11-17,Inyo,027,18085,286,263,5,268,15
2020-11-17,Kern,029,883053,38442,36164,849,37013,455
2020-11-17,Kings,031,150075,10459,9653,105,9758,85
2020-11-17,Lake,033,64148,875,792,0,792,18
2020-11-17,Lassen,035,31185,1480,1124,3,1127,0
2020-11-17,Los Angeles,037,10098052,361231,340933,4558,345491,7302
2020-11-17,Madera,039,155013,5918,5485,99,5584,54
2020-11-17,Marin,041,260295,1226,7404,25,7429,134
2020-11-17,Mariposa,043,17540,103,87,0,87,2
2020-11-17,Mendocino,045,87422,1346,1216,5,1221,23
2020-11-17,Merced,047,269075,11053,10457,85,10542,162
2020-11-17,Modoc,049,8938,87,71,17,88,0
2020-11-17,Mono,051,14174,480,459,10,469,2
2020-11-17,Monterey,053,433212,14156,13220,195,13415,108
2020-11-17,Napa,055,140530,2907,2568,16,2584,17
2020-11-17,Nevada,057,99092,1098,918,26,944,9
2020-11-17,Orange,059,3164182,72118,65757,2117,67874,1519
2020-11-17,Placer,061,380077,6178,5435,93,5528,63
2020-11-17,Plumas,063,18699,176,142,0,142,0
2020-11-17,Riverside,065,2383286,82729,77079,1221,78300,1379
2020-11-17,Sacramento,067,1510023,33831,31341,80,31421,538
2020-11-17,San Benito,069,59416,1712,1611,4,1615,15
2020-11-17,San Bernardino,071,2135413,84892,76134,995,77129,1188
2020-11-17,San Diego,073,3302833,73232,66321,2454,68775,933
2020-11-17,San Francisco,075,870044,14591,13952,79,14031,153
2020-11-17,San Joaquin,077,732212,25054,23997,399,24396,516
2020-11-17,San Luis Obispo,079,281455,5921,5235,86,5321,34
2020-11-17,San Mateo,081,765935,13512,12491,12,12503,169
2020-11-17,Santa Barbara,083,443738,11038,10597,166,10763,136
2020-11-17,Santa Clara,085,1922200,32001,29013,63,29076,419
2020-11-17,Santa Cruz,087,273765,4065,3548,39,3587,25
2020-11-17,Shasta,089,179085,4556,3457,108,3565,40
2020-11-17,Sierra,091,2930,15,11,0,11,0
2020-11-17,Siskiyou,093,43540,456,333,24,357,0
2020-11-17,Solano,095,438530,9684,8905,45,8950,84
2020-11-17,Sonoma,097,501317,11564,11084,40,11124,155
2020-11-17,Stanislaus,099,539301,20517,19466,1150,20616,425
2020-11-17,Sutter,101,95872,2798,2370,8,2378,12
2020-11-17,Tehama,103,63373,1487,1290,10,1300,7
2020-11-17,Trinity,105,12862,213,83,21,104,0
2020-11-17,Tulare,107,460477,20329,19176,970,20146,305
2020-11-17,Tuolumne,109,53932,840,568,8,576,7
2020-11-17,Ventura,111,848112,18402,16797,522,17319,173
2020-11-17,Yolo,113,214977,4310,3887,12,3899,70
2020-11-17,Yuba,115,75493,1712,1519,7,1526,10
2020-11-16,Alameda,001,1643700,27764,26063,267,26330,436
2020-11-16,Alpine,002,1148,37,12,0,12,0
2020-11-16,Amador,005,37829,455,414,1,415,16
2020-11-16,Butte,007,227075,3769,3490,175,3665,58
2020-11-16,Calaveras,009,45235,413,402,0,402,21
2020-11-16,Colusa,011,21464,655,601,1,602,6
2020-11-16,Contra Costa,013,1133247,22521,21386,122,21508,256
2020-11-16,Del Norte,015,27424,271,225,0,225,2
2020-11-16,El Dorado,017,186661,2061,1694,26,1720,4
2020-11-16,Fresno,019,978130,38730,34593,950,35543,471
2020-11-16,Glenn,021,27897,860,786,25,811,4
2020-11-16,Humboldt,023,135768,782,660,1,661,9
2020-11-16,Imperial,025,180216,14977,14111,30,14141,346
2020-11-16,Inyo,027,18085,283,263,5,268,15
2020-11-16,Kern,029,883053,38047,36049,807,36856,455
2020-11-16,Kings,031,150075,10192,9569,101,9670,85
2020-11-16,Lake,033,64148,864,784,0,784,18
2020-11-16,Lassen,035,31185,1299,1124,3,1127,0
2020-11-16,Los Angeles,037,10098052,356472,338778,4390,343168,7277
2020-11-16,Madera,039,155013,5833,5433,93,5526,54
2020-11-16,Marin,041,260295,1225,7359,24,7383,134
2020-11-16,Mariposa,043,17540,100,86,0,86,2
2020-11-16,Mendocino,045,87422,1321,1209,5,1214,23
2020-11-16,Merced,047,269075,10908,10399,82,10481,162
2020-11-16,Modoc,049,8938,85,71,17,88,0
2020-11-16,Mono,051,14174,478,453,10,463,2
2020-11-16,Monterey,053,433212,13910,13089,185,13274,107
2020-11-16,Napa,055,140530,2833,2536,16,2552,17
2020-11-16,Nevada,057,99092,1055,889,24,913,9
2020-11-16,Orange,059,3164182,71023,65396,2103,67499,1519
2020-11-16,Placer,061,380077,6059,5387,85,5472,63
2020-11-16,Plumas,063,18699,169,127,0,127,0
2020-11-16,Riverside,065,2383286,81354,76449,1157,77606,1379
2020-11-16,Sacramento,067,1510023,33193,30954,73,31027,534
2020-11-16,San Benito,069,59416,1694,1603,3,1606,15
2020-11-16,San Bernardino,071,2135413,83066,74401,929,75330,1186
2020-11-16,San Diego,073,3302833,71921,65603,2382,67985,926
2020-11-16,San Francisco,075,870044,14433,13847,77,13924,153
2020-11-16,San Joaquin,077,732212,24766,23515,389,23904,513
2020-11-16,San Luis Obispo,079,281455,5818,5161,82,5243,34
2020-11-16,San Mateo,081,765935,13352,12398,12,12410,169
2020-11-16,Santa Barbara,083,443738,10973,10565,162,10727,135
2020-11-16,Santa Clara,085,1922200,31439,28673,62,28735,419
2020-11-16,Santa Cruz,087,273765,3992,3520,39,3559,25
2020-11-16,Shasta,089,179085,4408,3284,103,3387,37
2020-11-16,Sierra,091,2930,15,11,0,11,0
2020-11-16,Siskiyou,093,43540,429,294,24,318,0
2020-11-16,Solano,095,438530,9485,8827,45,8872,84
2020-11-16,Sonoma,097,501317,11473,10961,39,11000,155
2020-11-16,Stanislaus,099,539301,20281,19333,1123,20456,425
2020-11-16,Sutter,101,95872,2692,2322,8,2330,12
2020-11-16,Tehama,103,63373,1442,1261,7,1268,7
2020-11-16,Trinity,105,12862,201,67,21,88,0
2020-11-16,Tulare,107,460477,20151,18891,917,19808,305
2020-11-16,Tuolumne,109,53932,803,543,8,551,7
2020-11-16,Ventura,111,848112,18064,16691,514,17205,172
2020-11-16,Yolo,113,214977,4215,3858,12,3870,70
2020-11-16,Yuba,115,75493,1676,1500,6,1506,10
2020-11-15,Alameda,001,1643700,27447,25879,262,26141,436
2020-11-15,Alpine,002,1148,35,12,0,12,0
2020-11-15,Amador,005,37829,443,409,1,410,16
2020-11-15,Butte,007,227075,3715,3452,166,3618,58
2020-11-15,Calaveras,009,45235,398,386,0,386,21
2020-11-15,Colusa,011,21464,646,601,1,602,6
2020-11-15,Contra Costa,013,1133247,22223,21179,121,21300,256
2020-11-15,Del Norte,015,27424,257,224,0,224,2
2020-11-15,El Dorado,017,186661,1999,1683,25,1708,4
2020-11-15,Fresno,019,978130,38218,34297,912,35209,471
2020-11-15,Glenn,021,27897,848,783,24,807,4
2020-11-15,Humboldt,023,135768,754,653,1,654,9
2020-11-15,Imperial,025,180216,14742,13940,30,13970,346
2020-11-15,Inyo,027,18085,273,263,5,268,15
2020-11-15,Kern,029,883053,37641,35911,772,36683,455
2020-11-15,Kings,031,150075,9999,9533,98,9631,85
2020-11-15,Lake,033,64148,854,777,0,777,17
2020-11-15,Lassen,035,31185,1252,1124,3,1127,0
2020-11-15,Los Angeles,037,10098052,351423,336035,4223,340258,7271
2020-11-15,Madera,039,155013,5735,5391,87,5478,54
2020-11-15,Marin,041,260295,1223,7347,24,7371,133
2020-11-15,Mariposa,043,17540,97,86,0,86,2
2020-11-15,Mendocino,045,87422,1302,1197,5,1202,22
2020-11-15,Merced,047,269075,10766,10350,82,10432,162
2020-11-15,Modoc,049,8938,84,68,17,85,0
2020-11-15,Mono,051,14174,476,453,10,463,2
2020-11-15,Monterey,053,433212,13714,12999,172,13171,107
2020-11-15,Napa,055,140530,2774,2509,14,2523,17
2020-11-15,Nevada,057,99092,999,859,24,883,9
2020-11-15,Orange,059,3164182,69979,65008,2087,67095,1519
2020-11-15,Placer,061,380077,5904,5330,77,5407,63
2020-11-15,Plumas,063,18699,163,127,0,127,0
2020-11-15,Riverside,065,2383286,80032,75531,1099,76630,1374
2020-11-15,Sacramento,067,1510023,32567,30601,68,30669,534
2020-11-15,San Benito,069,59416,1669,1589,2,1591,15
2020-11-15,San Bernardino,071,2135413,80917,73769,854,74623,1185
2020-11-15,San Diego,073,3302833,70420,64770,2325,67095,926
2020-11-15,San Francisco,075,870044,14257,13757,76,13833,153
2020-11-15,San Joaquin,077,732212,24556,23516,374,23890,513
2020-11-15,San Luis Obispo,079,281455,5697,5120,80,5200,34
2020-11-15,San Mateo,081,765935,13175,12348,12,12360,169
2020-11-15,Santa Barbara,083,443738,10878,10516,160,10676,135
2020-11-15,Santa Clara,085,1922200,30981,28289,61,28350,418
2020-11-15,Santa Cruz,087,273765,3851,3439,38,3477,25
2020-11-15,Shasta,089,179085,4235,3290,94,3384,37
2020-11-15,Sierra,091,2930,15,11,0,11,0
2020-11-15,Siskiyou,093,43540,410,294,24,318,0
2020-11-15,Solano,095,438530,9324,8713,42,8755,84
2020-11-15,Sonoma,097,501317,11354,10833,38,10871,154
2020-11-15,Stanislaus,099,539301,20007,19228,1098,20326,425
2020-11-15,Sutter,101,95872,2602,2230,8,2238,12
2020-11-15,Tehama,103,63373,1391,1222,6,1228,7
2020-11-15,Trinity,105,12862,191,67,19,86,0
2020-11-15,Tulare,107,460477,19934,18891,865,19756,305
2020-11-15,Tuolumne,109,53932,761,486,8,494,7
2020-11-15,Ventura,111,848112,17790,16564,506,17070,172
2020-11-15,Yolo,113,214977,4112,3819,12,3831,67
2020-11-15,Yuba,115,75493,1635,1470,5,1475,10
2020-11-14,Alameda,001,1643700,27180,25714,260,25974,435
2020-11-14,Alpine,002,1148,35,12,0,12,0
2020-11-14,Amador,005,37829,434,404,0,404,16
2020-11-14,Butte,007,227075,3679,3434,153,3587,58
2020-11-14,Calaveras,009,45235,397,386,0,386,21
2020-11-14,Colusa,011,21464,634,601,1,602,6
2020-11-14,Contra Costa,013,1133247,22081,20975,114,21089,256
2020-11-14,Del Norte,015,27424,250,219,0,219,2
2020-11-14,El Dorado,017,186661,1955,1648,25,1673,4
2020-11-14,Fresno,019,978130,37968,33969,876,34845,471
2020-11-14,Glenn,021,27897,839,772,21,793,3
2020-11-14,Humboldt,023,135768,739,643,1,644,9
2020-11-14,Imperial,025,180216,14649,13932,29,13961,346
2020-11-14,Inyo,027,18085,272,263,5,268,15
2020-11-14,Kern,029,883053,37431,35626,753,36379,454
2020-11-14,Kings,031,150075,9964,9490,95,9585,85
2020-11-14,Lake,033,64148,845,773,0,773,17
2020-11-14,Lassen,035,31185,1238,833,3,836,0
2020-11-14,Los Angeles,037,10098052,348713,333021,4117,337138,7269
2020-11-14,Madera,039,155013,5704,5371,85,5456,54
2020-11-14,Marin,041,260295,1223,7325,24,7349,133
2020-11-14,Mariposa,043,17540,96,86,0,86,2
2020-11-14,Mendocino,045,87422,1286,1181,5,1186,22
2020-11-14,Merced,047,269075,10708,10286,80,10366,161
2020-11-14,Modoc,049,8938,83,64,16,80,0
2020-11-14,Mono,051,14174,476,453,10,463,2
2020-11-14,Monterey,053,433212,13618,12854,162,13016,105
2020-11-14,Napa,055,140530,2740,2473,14,2487,17
2020-11-14,Nevada,057,99092,983,835,24,859,9
2020-11-14,Orange,059,3164182,69356,64340,2076,66416,1517
2020-11-14,Placer,061,380077,5828,5215,71,5286,63
2020-11-14,Plumas,063,18699,158,128,0,128,0
2020-11-14,Riverside,065,2383286,79292,74910,1060,75970,1373
2020-11-14,Sacramento,067,1510023,32241,30298,68,30366,532
2020-11-14,San Benito,069,59416,1654,1573,2,1575,15
2020-11-14,San Bernardino,071,2135413,79982,72868,823,73691,1184
2020-11-14,San Diego,073,3302833,69655,63715,2273,65988,926
2020-11-14,San Francisco,075,870044,14170,13661,75,13736,153
2020-11-14,San Joaquin,077,732212,24463,23516,367,23883,511
2020-11-14,San Luis Obispo,079,281455,5634,5073,75,5148,34
2020-11-14,San Mateo,081,765935,13067,12293,12,12305,169
2020-11-14,Santa Barbara,083,443738,10824,10482,158,10640,135
2020-11-14,Santa Clara,085,1922200,30696,27962,59,28021,416
2020-11-14,Santa Cruz,087,273765,3796,3402,38,3440,25
2020-11-14,Shasta,089,179085,4154,3195,92,3287,37
2020-11-14,Sierra,091,2930,15,11,0,11,0
2020-11-14,Siskiyou,093,43540,397,292,24,316,0
2020-11-14,Solano,095,438530,9245,8655,42,8697,84
2020-11-14,Sonoma,097,501317,11301,10769,38,10807,154
2020-11-14,Stanislaus,099,539301,19864,19068,1076,20144,424
2020-11-14,Sutter,101,95872,2557,2182,8,2190,12
2020-11-14,Tehama,103,63373,1369,1206,5,1211,7
2020-11-14,Trinity,105,12862,186,67,19,86,0
2020-11-14,Tulare,107,460477,19841,18853,837,19690,305
2020-11-14,Tuolumne,109,53932,733,448,8,456,7
2020-11-14,Ventura,111,848112,17644,16297,495,16792,172
2020-11-14,Yolo,113,214977,4068,3765,10,3775,65
2020-11-14,Yuba,115,75493,1606,1453,5,1458,10
2020-11-13,Alameda,001,1643700,26964,25515,255,25770,434
2020-11-13,Alpine,002,1148,35,12,0,12,0
2020-11-13,Amador,005,37829,431,397,0,397,16
2020-11-13,Butte,007,227075,3655,3402,144,3546,58
2020-11-13,Calaveras,009,45235,393,378,0,378,21
2020-11-13,Colusa,011,21464,626,598,1,599,6
2020-11-13,Contra Costa,013,1133247,21907,20799,114,20913,256
2020-11-13,Del Norte,015,27424,247,208,0,208,2
2020-11-13,El Dorado,017,186661,1910,1611,24,1635,4
2020-11-13,Fresno,019,978130,37722,33693,862,34555,470
2020-11-13,Glenn,021,27897,825,755,17,772,3
2020-11-13,Humboldt,023,135768,724,638,1,639,9
2020-11-13,Imperial,025,180216,14578,13790,28,13818,341
2020-11-13,Inyo,027,18085,271,262,5,267,15
2020-11-13,Kern,029,883053,37229,35431,736,36167,453
2020-11-13,Kings,031,150075,9905,9428,94,9522,85
2020-11-13,Lake,033,64148,839,770,0,770,17
2020-11-13,Lassen,035,31185,1229,832,3,835,0
2020-11-13,Los Angeles,037,10098052,345583,329364,4015,333379,7248
2020-11-13,Madera,039,155013,5664,5340,84,5424,54
2020-11-13,Marin,041,260295,1222,7307,23,7330,133
2020-11-13,Mariposa,043,17540,94,86,0,86,2
2020-11-13,Mendocino,045,87422,1274,1173,5,1178,22
2020-11-13,Merced,047,269075,10650,10185,78,10263,159
2020-11-13,Modoc,049,8938,83,63,14,77,0
2020-11-13,Mono,051,14174,476,448,9,457,2
2020-11-13,Monterey,053,433212,13423,12681,150,12831,104
2020-11-13,Napa,055,140530,2701,2440,14,2454,17
2020-11-13,Nevada,057,99092,964,798,24,822,9
2020-11-13,Orange,059,3164182,68756,63804,2056,65860,1514
2020-11-13,Placer,061,380077,5723,5122,65,5187,63
2020-11-13,Plumas,063,18699,152,125,0,125,0
2020-11-13,Riverside,065,2383286,78554,74138,1031,75169,1372
2020-11-13,Sacramento,067,1510023,31922,29787,64,29851,524
2020-11-13,San Benito,069,59416,1642,1553,1,1554,15
2020-11-13,San Bernardino,071,2135413,78934,71895,802,72697,1184
2020-11-13,San Diego,073,3302833,68808,62978,2235,65213,921
2020-11-13,San Francisco,075,870044,14077,13516,73,13589,146
2020-11-13,San Joaquin,077,732212,24368,23314,361,23675,510
2020-11-13,San Luis Obispo,079,281455,5567,4960,72,5032,34
2020-11-13,San Mateo,081,765935,12974,12182,12,12194,169
2020-11-13,Santa Barbara,083,443738,10772,10405,156,10561,134
2020-11-13,Santa Clara,085,1922200,30368,27609,57,27666,415
2020-11-13,Santa Cruz,087,273765,3722,3343,38,3381,25
2020-11-13,Shasta,089,179085,4070,2983,88,3071,37
2020-11-13,Sierra,091,2930,15,11,0,11,0
2020-11-13,Siskiyou,093,43540,392,280,23,303,0
2020-11-13,Solano,095,438530,9155,8525,42,8567,84
2020-11-13,Sonoma,097,501317,11240,10685,36,10721,151
2020-11-13,Stanislaus,099,539301,19738,18936,1049,19985,422
2020-11-13,Sutter,101,95872,2511,2121,7,2128,12
2020-11-13,Tehama,103,63373,1342,1167,5,1172,7
2020-11-13,Trinity,105,12862,184,64,19,83,0
2020-11-13,Tulare,107,460477,19715,18714,797,19511,305
2020-11-13,Tuolumne,109,53932,700,427,8,435,7
2020-11-13,Ventura,111,848112,17498,16172,481,16653,171
2020-11-13,Yolo,113,214977,4017,3716,10,3726,65
2020-11-13,Yuba,115,75493,1579,1435,5,1440,10
2020-11-12,Alameda,001,1643700,26697,25345,255,25600,432
2020-11-12,Alpine,002,1148,34,12,0,12,0
2020-11-12,Amador,005,37829,430,392,0,392,16
2020-11-12,Butte,007,227075,3606,3347,141,3488,58
2020-11-12,Calaveras,009,45235,388,373,0,373,21
2020-11-12,Colusa,011,21464,621,591,1,592,6
2020-11-12,Contra Costa,013,1133247,21698,20619,113,20732,255
2020-11-12,Del Norte,015,27424,239,203,0,203,2
2020-11-12,El Dorado,017,186661,1864,1573,20,1593,4
2020-11-12,Fresno,019,978130,37373,33459,821,34280,468
2020-11-12,Glenn,021,27897,806,727,17,744,3
2020-11-12,Humboldt,023,135768,711,625,1,626,9
2020-11-12,Imperial,025,180216,14413,13619,28,13647,341
2020-11-12,Inyo,027,18085,270,255,5,260,15
2020-11-12,Kern,029,883053,36965,35207,722,35929,451
2020-11-12,Kings,031,150075,9838,9335,93,9428,85
2020-11-12,Lake,033,64148,830,764,0,764,17
2020-11-12,Lassen,035,31185,1160,832,2,834,0
2020-11-12,Los Angeles,037,10098052,341837,327001,3918,330919,7223
2020-11-12,Madera,039,155013,5629,5273,80,5353,54
2020-11-12,Marin,041,260295,1222,7268,23,7291,133
2020-11-12,Mariposa,043,17540,92,84,0,84,2
2020-11-12,Mendocino,045,87422,1255,1142,5,1147,22
2020-11-12,Merced,047,269075,10538,10107,74,10181,158
2020-11-12,Modoc,049,8938,83,63,14,77,0
2020-11-12,Mono,051,14174,475,442,9,451,2
2020-11-12,Monterey,053,433212,13302,12489,136,12625,100
2020-11-12,Napa,055,140530,2639,2398,14,2412,16
2020-11-12,Nevada,057,99092,942,780,23,803,9
2020-11-12,Orange,059,3164182,68012,63232,2037,65269,1514
2020-11-12,Placer,061,380077,5614,5044,56,5100,62
2020-11-12,Plumas,063,18699,148,121,0,121,0
2020-11-12,Riverside,065,2383286,77623,73381,988,74369,1362
2020-11-12,Sacramento,067,1510023,31431,29459,56,29515,520
2020-11-12,San Benito,069,59416,1622,1525,1,1526,15
2020-11-12,San Bernardino,071,2135413,77568,70758,763,71521,1183
2020-11-12,San Diego,073,3302833,67828,62336,2184,64520,918
2020-11-12,San Francisco,075,870044,13978,13289,72,13361,146
2020-11-12,San Joaquin,077,732212,24174,23002,340,23342,509
2020-11-12,San Luis Obispo,079,281455,5503,4898,71,4969,33
2020-11-12,San Mateo,081,765935,12849,12086,11,12097,169
2020-11-12,Santa Barbara,083,443738,10710,10325,151,10476,134
2020-11-12,Santa Clara,085,1922200,29991,27261,56,27317,414
2020-11-12,Santa Cruz,087,273765,3639,3317,36,3353,25
2020-11-12,Shasta,089,179085,3933,2825,77,2902,37
2020-11-12,Sierra,091,2930,15,11,0,11,0
2020-11-12,Siskiyou,093,43540,375,275,19,294,0
2020-11-12,Solano,095,438530,9055,8417,41,8458,85
2020-11-12,Sonoma,097,501317,11138,10602,35,10637,151
2020-11-12,Stanislaus,099,539301,19568,18787,1020,19807,422
2020-11-12,Sutter,101,95872,2428,2075,6,2081,12
2020-11-12,Tehama,103,63373,1314,1117,5,1122,7
2020-11-12,Trinity,105,12862,176,62,18,80,0
2020-11-12,Tulare,107,460477,19602,18545,759,19304,305
2020-11-12,Tuolumne,109,53932,661,353,8,361,7
2020-11-12,Ventura,111,848112,17248,16013,475,16488,158
2020-11-12,Yolo,113,214977,3974,3646,10,3656,63
2020-11-12,Yuba,115,75493,1544,1410,5,1415,10
2020-11-11,Alameda,001,1643700,26453,25140,253,25393,429
2020-11-11,Alpine,002,1148,29,12,0,12,0
2020-11-11,Amador,005,37829,423,389,0,389,16
2020-11-11,Butte,007,227075,3580,3348,126,3474,58
2020-11-11,Calaveras,009,45235,378,373,0,373,21
2020-11-11,Colusa,011,21464,615,591,1,592,6
2020-11-11,Contra Costa,013,1133247,21481,20452,111,20563,255
2020-11-11,Del Norte,015,27424,231,203,0,203,2
2020-11-11,El Dorado,017,186661,1818,1564,19,1583,4
2020-11-11,Fresno,019,978130,37055,33287,786,34073,468
2020-11-11,Glenn,021,27897,790,722,16,738,3
2020-11-11,Humboldt,023,135768,697,623,1,624,9
2020-11-11,Imperial,025,180216,14245,13623,26,13649,340
2020-11-11,Inyo,027,18085,268,255,5,260,15
2020-11-11,Kern,029,883053,36690,35014,705,35719,449
2020-11-11,Kings,031,150075,9732,9263,90,9353,85
2020-11-11,Lake,033,64148,819,763,0,763,17
2020-11-11,Lassen,035,31185,1135,831,2,833,0
2020-11-11,Los Angeles,037,10098052,338466,324567,3836,328403,7220
2020-11-11,Madera,039,155013,5595,5248,79,5327,54
2020-11-11,Marin,041,260295,1222,7268,23,7291,133
2020-11-11,Mariposa,043,17540,92,84,0,84,2
2020-11-11,Mendocino,045,87422,1243,1142,5,1147,22
2020-11-11,Merced,047,269075,10466,10074,72,10146,157
2020-11-11,Modoc,049,8938,79,62,13,75,0
2020-11-11,Mono,051,14174,473,443,9,452,2
2020-11-11,Monterey,053,433212,13159,12417,132,12549,100
2020-11-11,Napa,055,140530,2590,2365,12,2377,15
2020-11-11,Nevada,057,99092,900,741,23,764,9
2020-11-11,Orange,059,3164182,67373,62929,2013,64942,1506
2020-11-11,Placer,061,380077,5530,4981,48,5029,60
2020-11-11,Plumas,063,18699,146,111,0,111,0
2020-11-11,Riverside,065,2383286,76721,72953,942,73895,1361
2020-11-11,Sacramento,067,1510023,30974,28968,54,29022,520
2020-11-11,San Benito,069,59416,1608,1512,1,1513,15
2020-11-11,San Bernardino,071,2135413,76282,70374,737,71111,1182
2020-11-11,San Diego,073,3302833,66893,61746,2123,63869,918
2020-11-11,San Francisco,075,870044,13871,13287,71,13358,146
2020-11-11,San Joaquin,077,732212,24014,23001,335,23336,509
2020-11-11,San Luis Obispo,079,281455,5428,4832,68,4900,33
2020-11-11,San Mateo,081,765935,12735,12008,11,12019,169
2020-11-11,Santa Barbara,083,443738,10644,10278,151,10429,134
2020-11-11,Santa Clara,085,1922200,29640,27075,55,27130,413
2020-11-11,Santa Cruz,087,273765,3571,3247,36,3283,25
2020-11-11,Shasta,089,179085,3810,2766,67,2833,36
2020-11-11,Sierra,091,2930,13,11,0,11,0
2020-11-11,Siskiyou,093,43540,344,261,16,277,0
2020-11-11,Solano,095,438530,8936,8353,39,8392,85
2020-11-11,Sonoma,097,501317,11064,10498,35,10533,150
2020-11-11,Stanislaus,099,539301,19431,18671,990,19661,422
2020-11-11,Sutter,101,95872,2380,2049,5,2054,12
2020-11-11,Tehama,103,63373,1270,1105,4,1109,7
2020-11-11,Trinity,105,12862,165,62,18,80,0
2020-11-11,Tulare,107,460477,19472,18500,729,19229,305
2020-11-11,Tuolumne,109,53932,608,354,7,361,7
2020-11-11,Ventura,111,848112,17033,15801,462,16263,158
2020-11-11,Yolo,113,214977,3923,3606,10,3616,63
2020-11-11,Yuba,115,75493,1529,1400,5,1405,10
2020-11-10,Alameda,001,1643700,26223,25008,250,25258,424
2020-11-10,Alpine,002,1148,29,9,0,9,0
2020-11-10,Amador,005,37829,417,384,0,384,16
2020-11-10,Butte,007,227075,3544,3327,122,3449,58
2020-11-10,Calaveras,009,45235,374,367,0,367,21
2020-11-10,Colusa,011,21464,607,590,1,591,6
2020-11-10,Contra Costa,013,1133247,21275,20326,109,20435,255
2020-11-10,Del Norte,015,27424,225,196,0,196,2
2020-11-10,El Dorado,017,186661,1758,1551,19,1570,4
2020-11-10,Fresno,019,978130,36784,33024,750,33774,465
2020-11-10,Glenn,021,27897,782,719,12,731,3
2020-11-10,Humboldt,023,135768,680,610,1,611,9
2020-11-10,Imperial,025,180216,14115,13570,26,13596,338
2020-11-10,Inyo,027,18085,267,252,5,257,14
2020-11-10,Kern,029,883053,36414,34858,686,35544,448
2020-11-10,Kings,031,150075,9685,9236,83,9319,85
2020-11-10,Lake,033,64148,809,762,0,762,16
2020-11-10,Lassen,035,31185,1120,830,2,832,0
2020-11-10,Los Angeles,037,10098052,335213,322569,3721,326290,7205
2020-11-10,Madera,039,155013,5553,5229,73,5302,54
2020-11-10,Marin,041,260295,1222,7259,23,7282,133
2020-11-10,Mariposa,043,17540,90,84,0,84,2
2020-11-10,Mendocino,045,87422,1235,1137,5,1142,22
2020-11-10,Merced,047,269075,10403,9992,66,10058,157
2020-11-10,Modoc,049,8938,77,61,13,74,0
2020-11-10,Mono,051,14174,471,443,9,452,2
2020-11-10,Monterey,053,433212,13024,12335,124,12459,100
2020-11-10,Napa,055,140530,2552,2341,10,2351,15
2020-11-10,Nevada,057,99092,884,734,23,757,9
2020-11-10,Orange,059,3164182,66819,62597,2003,64600,1504
2020-11-10,Placer,061,380077,5450,4902,47,4949,60
2020-11-10,Plumas,063,18699,142,108,0,108,0
2020-11-10,Riverside,065,2383286,76079,72316,917,73233,1359
2020-11-10,Sacramento,067,1510023,30568,28677,51,28728,519
2020-11-10,San Benito,069,59416,1593,1508,1,1509,15
2020-11-10,San Bernardino,071,2135413,75113,69666,704,70370,1182
2020-11-10,San Diego,073,3302833,66002,61085,2086,63171,915
2020-11-10,San Francisco,075,870044,13755,13210,71,13281,146
2020-11-10,San Joaquin,077,732212,23849,22865,328,23193,508
2020-11-10,San Luis Obispo,079,281455,5365,4780,65,4845,33
2020-11-10,San Mateo,081,765935,12635,11939,11,11950,169
2020-11-10,Santa Barbara,083,443738,10577,10252,147,10399,134
2020-11-10,Santa Clara,085,1922200,29292,26917,54,26971,409
2020-11-10,Santa Cruz,087,273765,3509,3221,36,3257,25
2020-11-10,Shasta,089,179085,3667,2686,59,2745,36
2020-11-10,Sierra,091,2930,12,10,0,10,0
2020-11-10,Siskiyou,093,43540,327,263,15,278,0
2020-11-10,Solano,095,438530,8839,8299,39,8338,85
2020-11-10,Sonoma,097,501317,10977,10414,35,10449,150
2020-11-10,Stanislaus,099,539301,19298,18592,966,19558,420
2020-11-10,Sutter,101,95872,2285,2035,4,2039,12
2020-11-10,Tehama,103,63373,1245,1099,3,1102,7
2020-11-10,Trinity,105,12862,156,62,16,78,0
2020-11-10,Tulare,107,460477,19357,18430,705,19135,305
2020-11-10,Tuolumne,109,53932,558,353,7,360,7
2020-11-10,Ventura,111,848112,16850,15625,460,16085,158
2020-11-10,Yolo,113,214977,3862,3573,10,3583,63
2020-11-10,Yuba,115,75493,1506,1392,5,1397,10
2020-11-09,Alameda,001,1643700,25977,24899,246,25145,424
2020-11-09,Alpine,002,1148,27,6,0,6,0
2020-11-09,Amador,005,37829,408,380,0,380,16
2020-11-09,Butte,007,227075,3500,3301,114,3415,57
2020-11-09,Calaveras,009,45235,370,360,0,360,21
2020-11-09,Colusa,011,21464,601,583,1,584,6
2020-11-09,Contra Costa,013,1133247,21101,20193,107,20300,255
2020-11-09,Del Norte,015,27424,219,195,0,195,2
2020-11-09,El Dorado,017,186661,1717,1515,19,1534,4
2020-11-09,Fresno,019,978130,36474,32755,710,33465,465
2020-11-09,Glenn,021,27897,776,714,9,723,3
2020-11-09,Humboldt,023,135768,667,607,1,608,9
2020-11-09,Imperial,025,180216,13994,13508,25,13533,338
2020-11-09,Inyo,027,18085,267,252,5,257,14
2020-11-09,Kern,029,883053,36184,34764,650,35414,448
2020-11-09,Kings,031,150075,9615,9141,81,9222,84
2020-11-09,Lake,033,64148,800,755,0,755,16
2020-11-09,Lassen,035,31185,1024,799,2,801,0
2020-11-09,Los Angeles,037,10098052,332117,320370,3645,324015,7180
2020-11-09,Madera,039,155013,5507,5209,70,5279,54
2020-11-09,Marin,041,260295,1222,7237,22,7259,131
2020-11-09,Mariposa,043,17540,90,84,0,84,2
2020-11-09,Mendocino,045,87422,1223,1132,5,1137,22
2020-11-09,Merced,047,269075,10309,9922,63,9985,157
2020-11-09,Modoc,049,8938,73,54,12,66,0
2020-11-09,Mono,051,14174,468,352,9,361,2
2020-11-09,Monterey,053,433212,12877,12148,116,12264,98
2020-11-09,Napa,055,140530,2509,2309,10,2319,15
2020-11-09,Nevada,057,99092,847,729,22,751,9
2020-11-09,Orange,059,3164182,66176,62335,1990,64325,1501
2020-11-09,Placer,061,380077,5365,4843,36,4879,60
2020-11-09,Plumas,063,18699,135,102,0,102,0
2020-11-09,Riverside,065,2383286,75297,72059,883,72942,1346
2020-11-09,Sacramento,067,1510023,30096,28200,50,28250,516
2020-11-09,San Benito,069,59416,1584,1506,1,1507,15
2020-11-09,San Bernardino,071,2135413,74059,69015,661,69676,1182
2020-11-09,San Diego,073,3302833,65147,60572,2046,62618,908
2020-11-09,San Francisco,075,870044,13635,12984,68,13052,146
2020-11-09,San Joaquin,077,732212,23684,22512,323,22835,505
2020-11-09,San Luis Obispo,079,281455,5278,4746,63,4809,32
2020-11-09,San Mateo,081,765935,12528,11857,11,11868,169
2020-11-09,Santa Barbara,083,443738,10520,10214,142,10356,134
2020-11-09,Santa Clara,085,1922200,28896,26693,54,26747,409
2020-11-09,Santa Cruz,087,273765,3451,3194,36,3230,25
2020-11-09,Shasta,089,179085,3513,2581,50,2631,36
2020-11-09,Sierra,091,2930,10,10,0,10,0
2020-11-09,Siskiyou,093,43540,316,257,13,270,0
2020-11-09,Solano,095,438530,8726,8254,38,8292,85
2020-11-09,Sonoma,097,501317,10869,10310,35,10345,150
2020-11-09,Stanislaus,099,539301,19149,18482,951,19433,418
2020-11-09,Sutter,101,95872,2218,2010,3,2013,12
2020-11-09,Tehama,103,63373,1208,1071,2,1073,7
2020-11-09,Trinity,105,12862,149,46,16,62,0
2020-11-09,Tulare,107,460477,19235,18272,674,18946,304
2020-11-09,Tuolumne,109,53932,504,346,6,352,7
2020-11-09,Ventura,111,848112,16648,15568,457,16025,156
2020-11-09,Yolo,113,214977,3801,3522,10,3532,62
2020-11-09,Yuba,115,75493,1473,1380,5,1385,10
2020-11-08,Alameda,001,1643700,25747,24731,246,24977,424
2020-11-08,Alpine,002,1148,24,6,0,6,0
2020-11-08,Amador,005,37829,401,376,0,376,16
2020-11-08,Butte,007,227075,3462,3285,106,3391,57
2020-11-08,Calaveras,009,45235,368,360,0,360,21
2020-11-08,Colusa,011,21464,598,583,1,584,6
2020-11-08,Contra Costa,013,1133247,20930,20031,105,20136,254
2020-11-08,Del Norte,015,27424,212,195,0,195,2
2020-11-08,El Dorado,017,186661,1680,1502,19,1521,4
2020-11-08,Fresno,019,978130,36135,32619,672,33291,465
2020-11-08,Glenn,021,27897,770,707,8,715,3
2020-11-08,Humboldt,023,135768,651,605,1,606,9
2020-11-08,Imperial,025,180216,13878,13428,25,13453,338
2020-11-08,Inyo,027,18085,264,252,5,257,14
2020-11-08,Kern,029,883053,35965,34644,632,35276,448
2020-11-08,Kings,031,150075,9482,9026,78,9104,84
2020-11-08,Lake,033,64148,792,754,0,754,16
2020-11-08,Lassen,035,31185,876,799,2,801,0
2020-11-08,Los Angeles,037,10098052,328989,318960,3580,322540,7176
2020-11-08,Madera,039,155013,5437,5196,67,5263,54
2020-11-08,Marin,041,260295,1221,7227,22,7249,131
2020-11-08,Mariposa,043,17540,90,83,0,83,2
2020-11-08,Mendocino,045,87422,1214,1129,5,1134,22
2020-11-08,Merced,047,269075,10246,9885,61,9946,157
2020-11-08,Modoc,049,8938,69,54,12,66,0
2020-11-08,Mono,051,14174,462,352,9,361,2
2020-11-08,Monterey,053,433212,12732,12122,106,12228,98
2020-11-08,Napa,055,140530,2470,2274,10,2284,15
2020-11-08,Nevada,057,99092,831,715,22,737,9
2020-11-08,Orange,059,3164182,65588,62034,1976,64010,1501
2020-11-08,Placer,061,380077,5262,4800,31,4831,60
2020-11-08,Plumas,063,18699,130,102,0,102,0
2020-11-08,Riverside,065,2383286,74642,71442,842,72284,1345
2020-11-08,Sacramento,067,1510023,29537,28059,47,28106,515
2020-11-08,San Benito,069,59416,1569,1496,1,1497,15
2020-11-08,San Bernardino,071,2135413,72807,68412,622,69034,1182
2020-11-08,San Diego,073,3302833,64302,60199,2002,62201,908
2020-11-08,San Francisco,075,870044,13505,12985,64,13049,146
2020-11-08,San Joaquin,077,732212,23490,22514,319,22833,505
2020-11-08,San Luis Obispo,079,281455,5212,4698,58,4756,32
2020-11-08,San Mateo,081,765935,12410,11783,11,11794,169
2020-11-08,Santa Barbara,083,443738,10450,10180,140,10320,134
2020-11-08,Santa Clara,085,1922200,28522,26442,53,26495,410
2020-11-08,Santa Cruz,087,273765,3394,3134,36,3170,25
2020-11-08,Shasta,089,179085,3377,2582,44,2626,36
2020-11-08,Sierra,091,2930,10,7,0,7,0
2020-11-08,Siskiyou,093,43540,304,246,12,258,0
2020-11-08,Solano,095,438530,8605,8132,37,8169,85
2020-11-08,Sonoma,097,501317,10762,10229,35,10264,149
2020-11-08,Stanislaus,099,539301,18975,18413,930,19343,418
2020-11-08,Sutter,101,95872,2160,1980,3,1983,12
2020-11-08,Tehama,103,63373,1182,1054,2,1056,7
2020-11-08,Trinity,105,12862,146,46,15,61,0
2020-11-08,Tulare,107,460477,19093,18272,645,18917,304
2020-11-08,Tuolumne,109,53932,478,341,6,347,7
2020-11-08,Ventura,111,848112,16453,15504,449,15953,156
2020-11-08,Yolo,113,214977,3739,3492,10,3502,61
2020-11-08,Yuba,115,75493,1452,1369,5,1374,10
2020-11-07,Alameda,001,1643700,25637,24578,244,24822,424
2020-11-07,Alpine,002,1148,24,6,0,6,0
2020-11-07,Amador,005,37829,398,375,0,375,16
2020-11-07,Butte,007,227075,3450,3277,100,3377,57
2020-11-07,Calaveras,009,45235,366,360,0,360,21
2020-11-07,Colusa,011,21464,598,583,1,584,6
2020-11-07,Contra Costa,013,1133247,20829,19943,104,20047,254
2020-11-07,Del Norte,015,27424,207,194,0,194,2
2020-11-07,El Dorado,017,186661,1655,1495,18,1513,4
2020-11-07,Fresno,019,978130,35980,32497,650,33147,465
2020-11-07,Glenn,021,27897,762,707,8,715,3
2020-11-07,Humboldt,023,135768,640,590,1,591,9
2020-11-07,Imperial,025,180216,13820,13388,24,13412,338
2020-11-07,Inyo,027,18085,262,252,5,257,14
2020-11-07,Kern,029,883053,35809,34513,622,35135,448
2020-11-07,Kings,031,150075,9449,9005,72,9077,84
2020-11-07,Lake,033,64148,788,751,0,751,16
2020-11-07,Lassen,035,31185,860,799,2,801,0
2020-11-07,Los Angeles,037,10098052,327476,316756,3514,320270,7174
2020-11-07,Madera,039,155013,5414,5177,65,5242,54
2020-11-07,Marin,041,260295,1221,7215,22,7237,131
2020-11-07,Mariposa,043,17540,90,81,0,81,2
2020-11-07,Mendocino,045,87422,1203,1118,5,1123,22
2020-11-07,Merced,047,269075,10214,9855,57,9912,157
2020-11-07,Modoc,049,8938,69,51,12,63,0
2020-11-07,Mono,051,14174,459,352,9,361,2
2020-11-07,Monterey,053,433212,12662,12030,102,12132,98
2020-11-07,Napa,055,140530,2440,2260,9,2269,15
2020-11-07,Nevada,057,99092,814,710,22,732,9
2020-11-07,Orange,059,3164182,65299,62038,1970,64008,1505
2020-11-07,Placer,061,380077,5199,4745,31,4776,60
2020-11-07,Plumas,063,18699,127,94,0,94,0
2020-11-07,Riverside,065,2383286,74247,71153,815,71968,1345
2020-11-07,Sacramento,067,1510023,29287,27773,47,27820,515
2020-11-07,San Benito,069,59416,1557,1489,1,1490,15
2020-11-07,San Bernardino,071,2135413,72291,67935,611,68546,1182
2020-11-07,San Diego,073,3302833,63790,59682,1970,61652,909
2020-11-07,San Francisco,075,870044,13444,12980,63,13043,146
2020-11-07,San Joaquin,077,732212,23382,22517,313,22830,505
2020-11-07,San Luis Obispo,079,281455,5163,4668,55,4723,32
2020-11-07,San Mateo,081,765935,12347,11711,11,11722,169
2020-11-07,Santa Barbara,083,443738,10408,10157,138,10295,134
2020-11-07,Santa Clara,085,1922200,28318,26244,52,26296,410
2020-11-07,Santa Cruz,087,273765,3356,3130,36,3166,25
2020-11-07,Shasta,089,179085,3310,2547,42,2589,36
2020-11-07,Sierra,091,2930,10,7,0,7,0
2020-11-07,Siskiyou,093,43540,300,241,12,253,0
2020-11-07,Solano,095,438530,8553,8066,37,8103,85
2020-11-07,Sonoma,097,501317,10716,10200,35,10235,149
2020-11-07,Stanislaus,099,539301,18864,18386,914,19300,418
2020-11-07,Sutter,101,95872,2120,1973,3,1976,12
2020-11-07,Tehama,103,63373,1157,1043,2,1045,7
2020-11-07,Trinity,105,12862,146,42,14,56,0
2020-11-07,Tulare,107,460477,19037,18229,627,18856,304
2020-11-07,Tuolumne,109,53932,466,327,6,333,7
2020-11-07,Ventura,111,848112,16393,15364,444,15808,156
2020-11-07,Yolo,113,214977,3708,3486,10,3496,61
2020-11-07,Yuba,115,75493,1437,1349,5,1354,10
2020-11-06,Alameda,001,1643700,25505,24389,242,24631,420
2020-11-06,Alpine,002,1148,24,6,0,6,0
2020-11-06,Amador,005,37829,396,369,0,369,16
2020-11-06,Butte,007,227075,3425,3254,92,3346,57
2020-11-06,Calaveras,009,45235,365,359,0,359,21
2020-11-06,Colusa,011,21464,596,580,1,581,6
2020-11-06,Contra Costa,013,1133247,20682,19744,104,19848,252
2020-11-06,Del Norte,015,27424,204,194,0,194,2
2020-11-06,El Dorado,017,186661,1629,1475,18,1493,4
2020-11-06,Fresno,019,978130,35792,32278,634,32912,460
2020-11-06,Glenn,021,27897,756,707,7,714,3
2020-11-06,Humboldt,023,135768,637,587,1,588,9
2020-11-06,Imperial,025,180216,13766,13230,24,13254,338
2020-11-06,Inyo,027,18085,260,246,5,251,14
2020-11-06,Kern,029,883053,35645,34360,605,34965,443
2020-11-06,Kings,031,150075,9425,8883,70,8953,83
2020-11-06,Lake,033,64148,787,741,0,741,16
2020-11-06,Lassen,035,31185,852,794,2,796,0
2020-11-06,Los Angeles,037,10098052,325506,314356,3462,317818,7160
2020-11-06,Madera,039,155013,5398,5136,64,5200,54
2020-11-06,Marin,041,260295,1220,7184,22,7206,131
2020-11-06,Mariposa,043,17540,89,79,0,79,2
2020-11-06,Mendocino,045,87422,1198,1113,5,1118,22
2020-11-06,Merced,047,269075,10174,9778,54,9832,157
2020-11-06,Modoc,049,8938,69,48,12,60,0
2020-11-06,Mono,051,14174,453,308,9,317,1
2020-11-06,Monterey,053,433212,12545,11914,101,12015,96
2020-11-06,Napa,055,140530,2415,2189,9,2198,15
2020-11-06,Nevada,057,99092,801,692,21,713,9
2020-11-06,Orange,059,3164182,64996,61049,1960,63009,1494
2020-11-06,Placer,061,380077,5126,4680,31,4711,60
2020-11-06,Plumas,063,18699,122,90,0,90,0
2020-11-06,Riverside,065,2383286,73797,70409,774,71183,1341
2020-11-06,Sacramento,067,1510023,28996,27489,45,27534,514
2020-11-06,San Benito,069,59416,1548,1479,1,1480,15
2020-11-06,San Bernardino,071,2135413,71694,66740,591,67331,1179
2020-11-06,San Diego,073,3302833,63266,59143,1938,61081,907
2020-11-06,San Francisco,075,870044,13374,12825,62,12887,146
2020-11-06,San Joaquin,077,732212,23297,22424,303,22727,502
2020-11-06,San Luis Obispo,079,281455,5098,4531,49,4580,32
2020-11-06,San Mateo,081,765935,12272,11587,11,11598,168
2020-11-06,Santa Barbara,083,443738,10372,10118,134,10252,133
2020-11-06,Santa Clara,085,1922200,28076,25831,52,25883,402
2020-11-06,Santa Cruz,087,273765,3318,3063,36,3099,25
2020-11-06,Shasta,089,179085,3237,2475,41,2516,35
2020-11-06,Sierra,091,2930,9,7,0,7,0
2020-11-06,Siskiyou,093,43540,287,237,11,248,0
2020-11-06,Solano,095,438530,8487,7959,37,7996,85
2020-11-06,Sonoma,097,501317,10666,10142,35,10177,149
2020-11-06,Stanislaus,099,539301,18777,18250,906,19156,417
2020-11-06,Sutter,101,95872,2093,1937,2,1939,12
2020-11-06,Tehama,103,63373,1136,1024,2,1026,6
2020-11-06,Trinity,105,12862,143,41,14,55,0
2020-11-06,Tulare,107,460477,18973,18136,602,18738,300
2020-11-06,Tuolumne,109,53932,442,316,6,322,5
2020-11-06,Ventura,111,848112,16307,15222,441,15663,154
2020-11-06,Yolo,113,214977,3679,3420,10,3430,62
2020-11-06,Yuba,115,75493,1424,1335,5,1340,10
2020-11-05,Alameda,001,1643700,25329,24270,242,24512,420
2020-11-05,Alpine,002,1148,24,6,0,6,0
2020-11-05,Amador,005,37829,393,363,0,363,16
2020-11-05,Butte,007,227075,3402,3239,86,3325,57
2020-11-05,Calaveras,009,45235,357,333,0,333,19
2020-11-05,Colusa,011,21464,592,574,1,575,6
2020-11-05,Contra Costa,013,1133247,20500,19656,101,19757,252
2020-11-05,Del Norte,015,27424,202,192,0,192,2
2020-11-05,El Dorado,017,186661,1605,1466,18,1484,4
2020-11-05,Fresno,019,978130,35551,32056,610,32666,460
2020-11-05,Glenn,021,27897,736,702,7,709,3
2020-11-05,Humboldt,023,135768,627,581,1,582,9
2020-11-05,Imperial,025,180216,13674,13178,23,13201,337
2020-11-05,Inyo,027,18085,259,247,5,252,14
2020-11-05,Kern,029,883053,35444,34232,592,34824,443
2020-11-05,Kings,031,150075,9270,8846,67,8913,83
2020-11-05,Lake,033,64148,783,739,0,739,16
2020-11-05,Lassen,035,31185,821,782,2,784,0
2020-11-05,Los Angeles,037,10098052,323151,312381,3409,315790,7146
2020-11-05,Madera,039,155013,5360,5129,61,5190,54
2020-11-05,Marin,041,260295,1219,7171,22,7193,131
2020-11-05,Mariposa,043,17540,88,79,0,79,2
2020-11-05,Mendocino,045,87422,1186,1112,5,1117,22
2020-11-05,Merced,047,269075,10122,9753,49,9802,155
2020-11-05,Modoc,049,8938,68,47,11,58,0
2020-11-05,Mono,051,14174,451,307,9,316,1
2020-11-05,Monterey,053,433212,12435,11784,97,11881,96
2020-11-05,Napa,055,140530,2388,2158,9,2167,15
2020-11-05,Nevada,057,99092,779,687,20,707,9
2020-11-05,Orange,059,3164182,64549,60740,1949,62689,1484
2020-11-05,Placer,061,380077,5057,4627,26,4653,60
2020-11-05,Plumas,063,18699,114,90,0,90,0
2020-11-05,Riverside,065,2383286,73086,70094,718,70812,1338
2020-11-05,Sacramento,067,1510023,28616,27232,44,27276,512
2020-11-05,San Benito,069,59416,1533,1477,1,1478,15
2020-11-05,San Bernardino,071,2135413,70867,66407,579,66986,1174
2020-11-05,San Diego,073,3302833,62640,58659,1912,60571,904
2020-11-05,San Francisco,075,870044,13262,12726,61,12787,146
2020-11-05,San Joaquin,077,732212,23133,22318,299,22617,502
2020-11-05,San Luis Obispo,079,281455,5030,4459,47,4506,32
2020-11-05,San Mateo,081,765935,12178,11535,11,11546,168
2020-11-05,Santa Barbara,083,443738,10328,10080,131,10211,133
2020-11-05,Santa Clara,085,1922200,27811,25651,52,25703,402
2020-11-05,Santa Cruz,087,273765,3280,3023,36,3059,25
2020-11-05,Shasta,089,179085,3147,2401,40,2441,34
2020-11-05,Sierra,091,2930,9,6,0,6,0
2020-11-05,Siskiyou,093,43540,276,228,11,239,0
2020-11-05,Solano,095,438530,8404,7842,37,7879,85
2020-11-05,Sonoma,097,501317,10554,10064,34,10098,145
2020-11-05,Stanislaus,099,539301,18663,18194,893,19087,417
2020-11-05,Sutter,101,95872,2061,1925,2,1927,12
2020-11-05,Tehama,103,63373,1115,1015,2,1017,6
2020-11-05,Trinity,105,12862,127,41,14,55,0
2020-11-05,Tulare,107,460477,18884,18049,576,18625,301
2020-11-05,Tuolumne,109,53932,412,312,6,318,5
2020-11-05,Ventura,111,848112,16141,15113,430,15543,155
2020-11-05,Yolo,113,214977,3629,3391,10,3401,61
2020-11-05,Yuba,115,75493,1406,1322,5,1327,10
2020-11-04,Alameda,001,1643700,25153,24172,240,24412,418
2020-11-04,Alpine,002,1148,20,5,0,5,0
2020-11-04,Amador,005,37829,390,362,0,362,16
2020-11-04,Butte,007,227075,3377,3218,84,3302,57
2020-11-04,Calaveras,009,45235,354,290,0,290,19
2020-11-04,Colusa,011,21464,590,571,1,572,6
2020-11-04,Contra Costa,013,1133247,20335,19472,98,19570,251
2020-11-04,Del Norte,015,27424,198,188,0,188,2
2020-11-04,El Dorado,017,186661,1590,1448,15,1463,4
2020-11-04,Fresno,019,978130,35319,31952,582,32534,457
2020-11-04,Glenn,021,27897,732,701,6,707,3
2020-11-04,Humboldt,023,135768,618,571,1,572,9
2020-11-04,Imperial,025,180216,13576,13087,23,13110,335
2020-11-04,Inyo,027,18085,258,247,5,252,14
2020-11-04,Kern,029,883053,35289,34027,581,34608,439
2020-11-04,Kings,031,150075,9236,8817,65,8882,83
2020-11-04,Lake,033,64148,776,735,0,735,16
2020-11-04,Lassen,035,31185,816,781,2,783,0
2020-11-04,Los Angeles,037,10098052,320839,310456,3331,313787,7124
2020-11-04,Madera,039,155013,5340,5083,57,5140,54
2020-11-04,Marin,041,260295,1216,7157,22,7179,131
2020-11-04,Mariposa,043,17540,88,79,0,79,2
2020-11-04,Mendocino,045,87422,1168,1089,5,1094,22
2020-11-04,Merced,047,269075,10066,9717,47,9764,153
2020-11-04,Modoc,049,8938,59,47,11,58,0
2020-11-04,Mono,051,14174,448,237,8,245,1
2020-11-04,Monterey,053,433212,12231,11743,91,11834,96
2020-11-04,Napa,055,140530,2334,2133,9,2142,15
2020-11-04,Nevada,057,99092,760,675,20,695,9
2020-11-04,Orange,059,3164182,64114,60463,1929,62392,1483
2020-11-04,Placer,061,380077,4981,4526,23,4549,60
2020-11-04,Plumas,063,18699,112,88,0,88,0
2020-11-04,Riverside,065,2383286,72469,69562,659,70221,1335
2020-11-04,Sacramento,067,1510023,28266,27005,43,27048,510
2020-11-04,San Benito,069,59416,1518,1464,1,1465,15
2020-11-04,San Bernardino,071,2135413,70071,65891,556,66447,1169
2020-11-04,San Diego,073,3302833,61994,58126,1886,60012,904
2020-11-04,San Francisco,075,870044,13179,12649,58,12707,146
2020-11-04,San Joaquin,077,732212,22996,22197,286,22483,500
2020-11-04,San Luis Obispo,079,281455,4963,4389,45,4434,32
2020-11-04,San Mateo,081,765935,12084,11456,11,11467,168
2020-11-04,Santa Barbara,083,443738,10290,10026,130,10156,132
2020-11-04,Santa Clara,085,1922200,27550,25487,52,25539,393
2020-11-04,Santa Cruz,087,273765,3243,2997,36,3033,25
2020-11-04,Shasta,089,179085,3016,2321,35,2356,34
2020-11-04,Sierra,091,2930,9,6,0,6,0
2020-11-04,Siskiyou,093,43540,267,222,11,233,0
2020-11-04,Solano,095,438530,8305,7733,37,7770,85
2020-11-04,Sonoma,097,501317,10460,9965,34,9999,142
2020-11-04,Stanislaus,099,539301,18545,18114,878,18992,416
2020-11-04,Sutter,101,95872,2027,1916,2,1918,12
2020-11-04,Tehama,103,63373,1088,997,2,999,6
2020-11-04,Trinity,105,12862,123,37,14,51,0
2020-11-04,Tulare,107,460477,18774,17952,548,18500,298
2020-11-04,Tuolumne,109,53932,388,310,6,316,5
2020-11-04,Ventura,111,848112,16001,14936,427,15363,155
2020-11-04,Yolo,113,214977,3589,3361,10,3371,62
2020-11-04,Yuba,115,75493,1385,1312,5,1317,10
2020-11-03,Alameda,001,1643700,24969,24055,238,24293,418
2020-11-03,Alpine,002,1148,19,4,0,4,0
2020-11-03,Amador,005,37829,385,361,0,361,16
2020-11-03,Butte,007,227075,3354,3211,78,3289,57
2020-11-03,Calaveras,009,45235,350,287,0,287,19
2020-11-03,Colusa,011,21464,585,572,1,573,6
2020-11-03,Contra Costa,013,1133247,20180,19416,98,19514,250
2020-11-03,Del Norte,015,27424,197,187,0,187,2
2020-11-03,El Dorado,017,186661,1568,1445,14,1459,4
2020-11-03,Fresno,019,978130,35056,31856,560,32416,457
2020-11-03,Glenn,021,27897,726,698,6,704,3
2020-11-03,Humboldt,023,135768,612,570,1,571,8
2020-11-03,Imperial,025,180216,13486,13044,22,13066,335
2020-11-03,Inyo,027,18085,257,244,5,249,14
2020-11-03,Kern,029,883053,35098,33957,570,34527,439
2020-11-03,Kings,031,150075,9073,8783,60,8843,83
2020-11-03,Lake,033,64148,766,732,0,732,16
2020-11-03,Lassen,035,31185,807,782,2,784,0
2020-11-03,Los Angeles,037,10098052,318382,308812,3264,312076,7104
2020-11-03,Madera,039,155013,5304,5058,56,5114,54
2020-11-03,Marin,041,260295,1216,7147,21,7168,131
2020-11-03,Mariposa,043,17540,87,79,0,79,2
2020-11-03,Mendocino,045,87422,1153,1084,5,1089,22
2020-11-03,Merced,047,269075,10013,9713,46,9759,153
2020-11-03,Modoc,049,8938,57,47,9,56,0
2020-11-03,Mono,051,14174,444,210,8,218,1
2020-11-03,Monterey,053,433212,12162,11703,86,11789,94
2020-11-03,Napa,055,140530,2298,2130,9,2139,15
2020-11-03,Nevada,057,99092,740,670,19,689,9
2020-11-03,Orange,059,3164182,63684,60283,1916,62199,1477
2020-11-03,Placer,061,380077,4908,4514,23,4537,60
2020-11-03,Plumas,063,18699,109,86,0,86,0
2020-11-03,Riverside,065,2383286,71850,69300,634,69934,1325
2020-11-03,Sacramento,067,1510023,27885,26841,41,26882,510
2020-11-03,San Benito,069,59416,1508,1463,1,1464,15
2020-11-03,San Bernardino,071,2135413,69260,65320,549,65869,1159
2020-11-03,San Diego,073,3302833,61318,57722,1842,59564,901
2020-11-03,San Francisco,075,870044,13057,12585,58,12643,146
2020-11-03,San Joaquin,077,732212,22861,22109,280,22389,500
2020-11-03,San Luis Obispo,079,281455,4877,4371,43,4414,32
2020-11-03,San Mateo,081,765935,11989,11406,11,11417,162
2020-11-03,Santa Barbara,083,443738,10236,10008,126,10134,132
2020-11-03,Santa Clara,085,1922200,27276,25386,51,25437,393
2020-11-03,Santa Cruz,087,273765,3193,2980,35,3015,25
2020-11-03,Shasta,089,179085,2922,2288,28,2316,33
2020-11-03,Sierra,091,2930,7,6,0,6,0
2020-11-03,Siskiyou,093,43540,263,219,11,230,0
2020-11-03,Solano,095,438530,8221,7691,37,7728,85
2020-11-03,Sonoma,097,501317,10358,9906,34,9940,142
2020-11-03,Stanislaus,099,539301,18424,18080,867,18947,416
2020-11-03,Sutter,101,95872,1994,1914,2,1916,12
2020-11-03,Tehama,103,63373,1067,988,2,990,6
2020-11-03,Trinity,105,12862,116,36,13,49,0
2020-11-03,Tulare,107,460477,18668,17890,523,18413,297
2020-11-03,Tuolumne,109,53932,365,302,6,308,5
2020-11-03,Ventura,111,848112,15874,14816,420,15236,155
2020-11-03,Yolo,113,214977,3537,3343,10,3353,61
2020-11-03,Yuba,115,75493,1372,1295,5,1300,10
2020-11-02,Alameda,001,1643700,24773,23991,236,24227,419
2020-11-02,Alpine,002,1148,16,4,0,4,0
2020-11-02,Amador,005,37829,377,357,0,357,16
2020-11-02,Butte,007,227075,3334,3198,74,3272,57
2020-11-02,Calaveras,009,45235,350,282,0,282,18
2020-11-02,Colusa,011,21464,580,571,1,572,6
2020-11-02,Contra Costa,013,1133247,20022,19339,97,19436,250
2020-11-02,Del Norte,015,27424,194,175,0,175,2
2020-11-02,El Dorado,017,186661,1544,1405,14,1419,4
2020-11-02,Fresno,019,978130,34787,31738,543,32281,451
2020-11-02,Glenn,021,27897,720,692,5,697,3
2020-11-02,Humboldt,023,135768,603,569,1,570,8
2020-11-02,Imperial,025,180216,13406,13004,21,13025,334
2020-11-02,Inyo,027,18085,254,243,5,248,14
2020-11-02,Kern,029,883053,34940,33834,560,34394,437
2020-11-02,Kings,031,150075,9043,8654,57,8711,82
2020-11-02,Lake,033,64148,760,728,0,728,17
2020-11-02,Lassen,035,31185,799,782,2,784,0
2020-11-02,Los Angeles,037,10098052,316034,307620,3190,310810,7079
2020-11-02,Madera,039,155013,5273,5033,55,5088,54
2020-11-02,Marin,041,260295,1215,7132,20,7152,125
2020-11-02,Mariposa,043,17540,87,79,0,79,2
2020-11-02,Mendocino,045,87422,1139,1076,5,1081,21
2020-11-02,Merced,047,269075,9943,9664,40,9704,152
2020-11-02,Modoc,049,8938,54,45,5,50,0
2020-11-02,Mono,051,14174,442,211,8,219,1
2020-11-02,Monterey,053,433212,12055,11602,83,11685,93
2020-11-02,Napa,055,140530,2256,2081,9,2090,15
2020-11-02,Nevada,057,99092,724,656,19,675,9
2020-11-02,Orange,059,3164182,63278,59996,1901,61897,1474
2020-11-02,Placer,061,380077,4838,4461,21,4482,60
2020-11-02,Plumas,063,18699,101,86,0,86,0
2020-11-02,Riverside,065,2383286,71219,68833,593,69426,1321
2020-11-02,Sacramento,067,1510023,27543,26676,39,26715,508
2020-11-02,San Benito,069,59416,1496,1459,1,1460,15
2020-11-02,San Bernardino,071,2135413,68404,64629,538,65167,1157
2020-11-02,San Diego,073,3302833,60595,57429,1797,59226,891
2020-11-02,San Francisco,075,870044,12960,12436,57,12493,145
2020-11-02,San Joaquin,077,732212,22721,21919,272,22191,500
2020-11-02,San Luis Obispo,079,281455,4777,4303,40,4343,31
2020-11-02,San Mateo,081,765935,11880,11328,11,11339,161
2020-11-02,Santa Barbara,083,443738,10195,9985,121,10106,130
2020-11-02,Santa Clara,085,1922200,26989,25222,51,25273,387
2020-11-02,Santa Cruz,087,273765,3151,2943,35,2978,25
2020-11-02,Shasta,089,179085,2819,2174,24,2198,33
2020-11-02,Sierra,091,2930,7,6,0,6,0
2020-11-02,Siskiyou,093,43540,253,216,11,227,0
2020-11-02,Solano,095,438530,8103,7665,37,7702,84
2020-11-02,Sonoma,097,501317,10276,9796,33,9829,140
2020-11-02,Stanislaus,099,539301,18328,18005,858,18863,412
2020-11-02,Sutter,101,95872,1970,1895,2,1897,12
2020-11-02,Tehama,103,63373,1044,971,2,973,6
2020-11-02,Trinity,105,12862,110,30,13,43,0
2020-11-02,Tulare,107,460477,18574,17774,503,18277,299
2020-11-02,Tuolumne,109,53932,349,302,6,308,5
2020-11-02,Ventura,111,848112,15733,14767,406,15173,156
2020-11-02,Yolo,113,214977,3489,3318,10,3328,61
2020-11-02,Yuba,115,75493,1359,1280,5,1285,10
2020-11-01,Alameda,001,1643700,24610,23892,234,24126,419
2020-11-01,Alpine,002,1148,10,4,0,4,0
2020-11-01,Amador,005,37829,374,352,0,352,16
2020-11-01,Butte,007,227075,3311,3185,73,3258,57
2020-11-01,Calaveras,009,45235,349,282,0,282,18
2020-11-01,Colusa,011,21464,578,567,1,568,6
2020-11-01,Contra Costa,013,1133247,19849,19246,96,19342,250
2020-11-01,Del Norte,015,27424,190,175,0,175,2
2020-11-01,El Dorado,017,186661,1528,1394,14,1408,4
2020-11-01,Fresno,019,978130,34532,31613,523,32136,451
2020-11-01,Glenn,021,27897,711,688,3,691,3
2020-11-01,Humboldt,023,135768,595,568,1,569,8
2020-11-01,Imperial,025,180216,13315,12969,19,12988,334
2020-11-01,Inyo,027,18085,252,241,5,246,14
2020-11-01,Kern,029,883053,34759,33760,480,34240,437
2020-11-01,Kings,031,150075,9005,8641,56,8697,82
2020-11-01,Lake,033,64148,754,727,0,727,17
2020-11-01,Lassen,035,31185,799,782,2,784,0
2020-11-01,Los Angeles,037,10098052,313463,306217,3099,309316,7077
2020-11-01,Madera,039,155013,5226,5019,53,5072,54
2020-11-01,Marin,041,260295,1215,7124,20,7144,125
2020-11-01,Mariposa,043,17540,83,79,0,79,2
2020-11-01,Mendocino,045,87422,1125,1074,5,1079,21
2020-11-01,Merced,047,269075,9879,9626,40,9666,152
2020-11-01,Modoc,049,8938,53,45,5,50,0
2020-11-01,Mono,051,14174,413,211,7,218,1
2020-11-01,Monterey,053,433212,11948,11587,80,11667,93
2020-11-01,Napa,055,140530,2222,2067,9,2076,15
2020-11-01,Nevada,057,99092,708,646,18,664,9
2020-11-01,Orange,059,3164182,62876,59733,1875,61608,1475
2020-11-01,Placer,061,380077,4770,4422,20,4442,58
2020-11-01,Plumas,063,18699,96,86,0,86,0
2020-11-01,Riverside,065,2383286,70589,68493,558,69051,1319
2020-11-01,Sacramento,067,1510023,27221,26442,39,26481,508
2020-11-01,San Benito,069,59416,1481,1451,1,1452,15
2020-11-01,San Bernardino,071,2135413,67563,64339,517,64856,1157
2020-11-01,San Diego,073,3302833,59907,57122,1757,58879,891
2020-11-01,San Francisco,075,870044,12837,12436,52,12488,145
2020-11-01,San Joaquin,077,732212,22593,21919,266,22185,500
2020-11-01,San Luis Obispo,079,281455,4697,4303,39,4342,31
2020-11-01,San Mateo,081,765935,11799,11280,11,11291,160
2020-11-01,Santa Barbara,083,443738,10144,9969,105,10074,130
2020-11-01,Santa Clara,085,1922200,26706,25090,51,25141,386
2020-11-01,Santa Cruz,087,273765,3098,2921,35,2956,25
2020-11-01,Shasta,089,179085,2684,2172,23,2195,33
2020-11-01,Sierra,091,2930,7,6,0,6,0
2020-11-01,Siskiyou,093,43540,248,205,11,216,0
2020-11-01,Solano,095,438530,8013,7591,37,7628,84
2020-11-01,Sonoma,097,501317,10184,9688,33,9721,140
2020-11-01,Stanislaus,099,539301,18227,17961,839,18800,412
2020-11-01,Sutter,101,95872,1944,1888,1,1889,12
2020-11-01,Tehama,103,63373,1027,965,2,967,5
2020-11-01,Trinity,105,12862,108,30,12,42,0
2020-11-01,Tulare,107,460477,18462,17774,472,18246,299
2020-11-01,Tuolumne,109,53932,328,295,6,301,5
2020-11-01,Ventura,111,848112,15585,14686,378,15064,156
2020-11-01,Yolo,113,214977,3441,3303,10,3313,60
2020-11-01,Yuba,115,75493,1342,1273,5,1278,10
2020-10-31,Alameda,001,1643700,24494,23780,230,24010,416
2020-10-31,Alpine,002,1148,10,4,0,4,0
2020-10-31,Amador,005,37829,370,347,0,347,16
2020-10-31,Butte,007,227075,3298,3172,71,3243,57
2020-10-31,Calaveras,009,45235,349,280,0,280,18
2020-10-31,Colusa,011,21464,576,555,1,556,6
2020-10-31,Contra Costa,013,1133247,19744,19161,96,19257,249
2020-10-31,Del Norte,015,27424,189,175,0,175,2
2020-10-31,El Dorado,017,186661,1519,1390,14,1404,4
2020-10-31,Fresno,019,978130,34395,31558,520,32078,451
2020-10-31,Glenn,021,27897,709,678,3,681,3
2020-10-31,Humboldt,023,135768,592,561,1,562,8
2020-10-31,Imperial,025,180216,13273,12912,19,12931,334
2020-10-31,Inyo,027,18085,251,241,5,246,14
2020-10-31,Kern,029,883053,34656,33666,471,34137,437
2020-10-31,Kings,031,150075,8984,8612,55,8667,82
2020-10-31,Lake,033,64148,750,724,0,724,16
2020-10-31,Lassen,035,31185,794,782,2,784,0
2020-10-31,Los Angeles,037,10098052,312084,304704,3061,307765,7073
2020-10-31,Madera,039,155013,5207,5013,50,5063,54
2020-10-31,Marin,041,260295,1214,7112,20,7132,125
2020-10-31,Mariposa,043,17540,83,79,0,79,2
2020-10-31,Mendocino,045,87422,1117,1066,5,1071,21
2020-10-31,Merced,047,269075,9844,9597,39,9636,151
2020-10-31,Modoc,049,8938,52,34,4,38,0
2020-10-31,Mono,051,14174,264,194,6,200,1
2020-10-31,Monterey,053,433212,11880,11539,76,11615,93
2020-10-31,Napa,055,140530,2203,2040,9,2049,15
2020-10-31,Nevada,057,99092,690,644,18,662,9
2020-10-31,Orange,059,3164182,62617,59488,1857,61345,1473
2020-10-31,Placer,061,380077,4720,4374,19,4393,58
2020-10-31,Plumas,063,18699,95,85,0,85,0
2020-10-31,Riverside,065,2383286,70232,68178,535,68713,1319
2020-10-31,Sacramento,067,1510023,27022,26316,37,26353,507
2020-10-31,San Benito,069,59416,1474,1448,1,1449,15
2020-10-31,San Bernardino,071,2135413,67137,64016,507,64523,1157
2020-10-31,San Diego,073,3302833,59454,56769,1729,58498,891
2020-10-31,San Francisco,075,870044,12763,12438,51,12489,145
2020-10-31,San Joaquin,077,732212,22518,21918,257,22175,500
2020-10-31,San Luis Obispo,079,281455,4628,4285,36,4321,31
2020-10-31,San Mateo,081,765935,11748,11253,11,11264,160
2020-10-31,Santa Barbara,083,443738,10115,9957,97,10054,130
2020-10-31,Santa Clara,085,1922200,26538,24957,51,25008,379
2020-10-31,Santa Cruz,087,273765,3063,2895,34,2929,25
2020-10-31,Shasta,089,179085,2630,2122,22,2144,33
2020-10-31,Sierra,091,2930,7,6,0,6,0
2020-10-31,Siskiyou,093,43540,246,200,11,211,0
2020-10-31,Solano,095,438530,7948,7545,37,7582,84
2020-10-31,Sonoma,097,501317,10131,9648,33,9681,140
2020-10-31,Stanislaus,099,539301,18164,17920,823,18743,412
2020-10-31,Sutter,101,95872,1935,1876,1,1877,12
2020-10-31,Tehama,103,63373,1017,953,2,955,5
2020-10-31,Trinity,105,12862,105,30,12,42,0
2020-10-31,Tulare,107,460477,18413,17758,465,18223,299
2020-10-31,Tuolumne,109,53932,321,290,6,296,5
2020-10-31,Ventura,111,848112,15501,14635,360,14995,155
2020-10-31,Yolo,113,214977,3406,3290,10,3300,60
2020-10-31,Yuba,115,75493,1326,1260,4,1264,10
2020-10-30,Alameda,001,1643700,24414,23676,228,23904,401
2020-10-30,Alpine,002,1148,10,4,0,4,0
2020-10-30,Amador,005,37829,370,344,0,344,16
2020-10-30,Butte,007,227075,3293,3160,71,3231,57
2020-10-30,Calaveras,009,45235,348,279,0,279,18
2020-10-30,Colusa,011,21464,574,554,1,555,6
2020-10-30,Contra Costa,013,1133247,19672,19074,96,19170,249
2020-10-30,Del Norte,015,27424,188,175,0,175,2
2020-10-30,El Dorado,017,186661,1506,1386,14,1400,4
2020-10-30,Fresno,019,978130,34272,31409,512,31921,446
2020-10-30,Glenn,021,27897,703,674,2,676,3
2020-10-30,Humboldt,023,135768,591,561,1,562,7
2020-10-30,Imperial,025,180216,13232,12853,19,12872,334
2020-10-30,Inyo,027,18085,250,241,5,246,14
2020-10-30,Kern,029,883053,34563,33583,470,34053,437
2020-10-30,Kings,031,150075,8974,8564,53,8617,82
2020-10-30,Lake,033,64148,750,720,0,720,16
2020-10-30,Lassen,035,31185,788,777,2,779,0
2020-10-30,Los Angeles,037,10098052,310648,303425,3026,306451,7060
2020-10-30,Madera,039,155013,5194,4991,48,5039,54
2020-10-30,Marin,041,260295,1214,7097,20,7117,125
2020-10-30,Mariposa,043,17540,83,78,0,78,2
2020-10-30,Mendocino,045,87422,1115,1062,5,1067,21
2020-10-30,Merced,047,269075,9812,9539,39,9578,150
2020-10-30,Modoc,049,8938,51,34,3,37,0
2020-10-30,Mono,051,14174,263,193,6,199,1
2020-10-30,Monterey,053,433212,11817,11491,71,11562,92
2020-10-30,Napa,055,140530,2185,2028,9,2037,15
2020-10-30,Nevada,057,99092,684,634,18,652,9
2020-10-30,Orange,059,3164182,62376,59334,1845,61179,1469
2020-10-30,Placer,061,380077,4673,4335,19,4354,58
2020-10-30,Plumas,063,18699,92,80,0,80,0
2020-10-30,Riverside,065,2383286,69893,67752,515,68267,1317
2020-10-30,Sacramento,067,1510023,26874,26147,37,26184,505
2020-10-30,San Benito,069,59416,1468,1440,1,1441,15
2020-10-30,San Bernardino,071,2135413,66721,63512,504,64016,1156
2020-10-30,San Diego,073,3302833,59049,56387,1707,58094,888
2020-10-30,San Francisco,075,870044,12708,12384,51,12435,145
2020-10-30,San Joaquin,077,732212,22451,21849,251,22100,500
2020-10-30,San Luis Obispo,079,281455,4586,4256,36,4292,31
2020-10-30,San Mateo,081,765935,11689,11207,11,11218,159
2020-10-30,Santa Barbara,083,443738,10092,9937,97,10034,128
2020-10-30,Santa Clara,085,1922200,26390,24811,51,24862,378
2020-10-30,Santa Cruz,087,273765,3045,2874,34,2908,25
2020-10-30,Shasta,089,179085,2586,2048,21,2069,32
2020-10-30,Sierra,091,2930,7,6,0,6,0
2020-10-30,Siskiyou,093,43540,246,192,11,203,0
2020-10-30,Solano,095,438530,7887,7497,37,7534,84
2020-10-30,Sonoma,097,501317,10056,9602,33,9635,140
2020-10-30,Stanislaus,099,539301,18116,17861,808,18669,410
2020-10-30,Sutter,101,95872,1922,1860,1,1861,12
2020-10-30,Tehama,103,63373,1013,932,2,934,5
2020-10-30,Trinity,105,12862,105,29,12,41,0
2020-10-30,Tulare,107,460477,18368,17682,451,18133,299
2020-10-30,Tuolumne,109,53932,313,286,6,292,4
2020-10-30,Ventura,111,848112,15428,14578,349,14927,154
2020-10-30,Yolo,113,214977,3389,3263,10,3273,60
2020-10-30,Yuba,115,75493,1318,1256,4,1260,10
2020-10-29,Alameda,001,1643700,24251,23530,227,23757,401
2020-10-29,Alpine,002,1148,7,4,0,4,0
2020-10-29,Amador,005,37829,366,338,0,338,16
2020-10-29,Butte,007,227075,3275,3143,69,3212,57
2020-10-29,Calaveras,009,45235,346,278,0,278,13
2020-10-29,Colusa,011,21464,570,552,1,553,6
2020-10-29,Contra Costa,013,1133247,19574,18933,95,19028,249
2020-10-29,Del Norte,015,27424,186,174,0,174,2
2020-10-29,El Dorado,017,186661,1484,1370,14,1384,4
2020-10-29,Fresno,019,978130,34114,31321,505,31826,445
2020-10-29,Glenn,021,27897,701,673,2,675,3
2020-10-29,Humboldt,023,135768,586,559,1,560,7
2020-10-29,Imperial,025,180216,13189,12769,19,12788,334
2020-10-29,Inyo,027,18085,248,238,5,243,14
2020-10-29,Kern,029,883053,34462,33460,465,33925,437
2020-10-29,Kings,031,150075,8820,8502,52,8554,82
2020-10-29,Lake,033,64148,747,702,0,702,16
2020-10-29,Lassen,035,31185,787,772,2,774,0
2020-10-29,Los Angeles,037,10098052,309020,302246,2980,305226,7046
2020-10-29,Madera,039,155013,5163,4970,46,5016,53
2020-10-29,Marin,041,260295,1214,7083,20,7103,125
2020-10-29,Mariposa,043,17540,81,78,0,78,2
2020-10-29,Mendocino,045,87422,1109,1058,5,1063,21
2020-10-29,Merced,047,269075,9769,9496,39,9535,150
2020-10-29,Modoc,049,8938,49,31,3,34,0
2020-10-29,Mono,051,14174,256,176,6,182,1
2020-10-29,Monterey,053,433212,11736,11425,69,11494,92
2020-10-29,Napa,055,140530,2161,2009,9,2018,15
2020-10-29,Nevada,057,99092,677,632,18,650,9
2020-10-29,Orange,059,3164182,62108,59046,1825,60871,1464
2020-10-29,Placer,061,380077,4628,4270,18,4288,58
2020-10-29,Plumas,063,18699,90,69,0,69,0
2020-10-29,Riverside,065,2383286,69517,67268,485,67753,1304
2020-10-29,Sacramento,067,1510023,26661,25978,36,26014,507
2020-10-29,San Benito,069,59416,1463,1431,1,1432,15
2020-10-29,San Bernardino,071,2135413,66153,62968,494,63462,1150
2020-10-29,San Diego,073,3302833,58583,55916,1678,57594,885
2020-10-29,San Francisco,075,870044,12630,12312,51,12363,145
2020-10-29,San Joaquin,077,732212,22367,21736,239,21975,498
2020-10-29,San Luis Obispo,079,281455,4555,4223,35,4258,31
2020-10-29,San Mateo,081,765935,11644,11145,11,11156,157
2020-10-29,Santa Barbara,083,443738,10059,9902,95,9997,128
2020-10-29,Santa Clara,085,1922200,26239,24614,51,24665,377
2020-10-29,Santa Cruz,087,273765,3020,2850,34,2884,24
2020-10-29,Shasta,089,179085,2523,2008,21,2029,32
2020-10-29,Sierra,091,2930,6,6,0,6,0
2020-10-29,Siskiyou,093,43540,230,185,11,196,0
2020-10-29,Solano,095,438530,7825,7453,37,7490,78
2020-10-29,Sonoma,097,501317,9991,9533,33,9566,140
2020-10-29,Stanislaus,099,539301,18063,17790,787,18577,410
2020-10-29,Sutter,101,95872,1915,1852,1,1853,12
2020-10-29,Tehama,103,63373,995,925,2,927,5
2020-10-29,Trinity,105,12862,100,28,11,39,0
2020-10-29,Tulare,107,460477,18290,17627,433,18060,299
2020-10-29,Tuolumne,109,53932,308,279,6,285,4
2020-10-29,Ventura,111,848112,15337,14486,344,14830,154
2020-10-29,Yolo,113,214977,3360,3246,10,3256,60
2020-10-29,Yuba,115,75493,1307,1248,4,1252,10
2020-10-28,Alameda,001,1643700,24151,23468,226,23694,400
2020-10-28,Alpine,002,1148,6,4,0,4,0
2020-10-28,Amador,005,37829,363,337,0,337,16
2020-10-28,Butte,007,227075,3259,3134,66,3200,56
2020-10-28,Calaveras,009,45235,345,278,0,278,13
2020-10-28,Colusa,011,21464,567,551,1,552,6
2020-10-28,Contra Costa,013,1133247,19487,18828,94,18922,246
2020-10-28,Del Norte,015,27424,183,173,0,173,2
2020-10-28,El Dorado,017,186661,1472,1363,14,1377,4
2020-10-28,Fresno,019,978130,33994,31195,499,31694,444
2020-10-28,Glenn,021,27897,697,673,2,675,3
2020-10-28,Humboldt,023,135768,582,559,1,560,7
2020-10-28,Imperial,025,180216,13139,12730,19,12749,333
2020-10-28,Inyo,027,18085,248,238,5,243,14
2020-10-28,Kern,029,883053,34360,33424,447,33871,436
2020-10-28,Kings,031,150075,8798,8486,52,8538,82
2020-10-28,Lake,033,64148,744,700,0,700,15
2020-10-28,Lassen,035,31185,783,771,2,773,0
2020-10-28,Los Angeles,037,10098052,307565,300726,2937,303663,7031
2020-10-28,Madera,039,155013,5146,4954,45,4999,53
2020-10-28,Marin,041,260295,1213,7079,20,7099,126
2020-10-28,Mariposa,043,17540,81,78,0,78,2
2020-10-28,Mendocino,045,87422,1108,1037,5,1042,20
2020-10-28,Merced,047,269075,9737,9480,38,9518,150
2020-10-28,Modoc,049,8938,48,31,2,33,0
2020-10-28,Mono,051,14174,238,176,6,182,1
2020-10-28,Monterey,053,433212,11678,11330,67,11397,89
2020-10-28,Napa,055,140530,2135,1998,8,2006,15
2020-10-28,Nevada,057,99092,669,629,18,647,9
2020-10-28,Orange,059,3164182,61844,58801,1809,60610,1459
2020-10-28,Placer,061,380077,4572,4236,18,4254,57
2020-10-28,Plumas,063,18699,89,67,0,67,0
2020-10-28,Riverside,065,2383286,69120,67003,461,67464,1302
2020-10-28,Sacramento,067,1510023,26464,25838,35,25873,506
2020-10-28,San Benito,069,59416,1455,1429,1,1430,15
2020-10-28,San Bernardino,071,2135413,65694,62778,485,63263,1154
2020-10-28,San Diego,073,3302833,58200,55556,1649,57205,881
2020-10-28,San Francisco,075,870044,12572,12261,50,12311,145
2020-10-28,San Joaquin,077,732212,22283,21707,228,21935,498
2020-10-28,San Luis Obispo,079,281455,4511,4197,32,4229,31
2020-10-28,San Mateo,081,765935,11577,11101,11,11112,157
2020-10-28,Santa Barbara,083,443738,10036,9872,93,9965,127
2020-10-28,Santa Clara,085,1922200,26095,24503,51,24554,375
2020-10-28,Santa Cruz,087,273765,2989,2836,34,2870,24
2020-10-28,Shasta,089,179085,2443,1996,20,2016,31
2020-10-28,Sierra,091,2930,6,6,0,6,0
2020-10-28,Siskiyou,093,43540,227,182,10,192,0
2020-10-28,Solano,095,438530,7766,7362,37,7399,77
2020-10-28,Sonoma,097,501317,9901,9457,28,9485,140
2020-10-28,Stanislaus,099,539301,17998,17765,778,18543,409
2020-10-28,Sutter,101,95872,1906,1840,1,1841,12
2020-10-28,Tehama,103,63373,984,921,2,923,5
2020-10-28,Trinity,105,12862,93,28,10,38,0
2020-10-28,Tulare,107,460477,18233,17569,418,17987,297
2020-10-28,Tuolumne,109,53932,304,277,6,283,4
2020-10-28,Ventura,111,848112,15264,14409,335,14744,153
2020-10-28,Yolo,113,214977,3335,3230,10,3240,60
2020-10-28,Yuba,115,75493,1295,1245,4,1249,10
2020-10-27,Alameda,001,1643700,24036,23365,224,23589,400
2020-10-27,Alpine,002,1148,6,3,0,3,0
2020-10-27,Amador,005,37829,360,335,0,335,16
2020-10-27,Butte,007,227075,3243,3107,63,3170,56
2020-10-27,Calaveras,009,45235,343,277,0,277,13
2020-10-27,Colusa,011,21464,562,549,1,550,6
2020-10-27,Contra Costa,013,1133247,19381,18766,94,18860,246
2020-10-27,Del Norte,015,27424,180,173,0,173,2
2020-10-27,El Dorado,017,186661,1459,1351,14,1365,4
2020-10-27,Fresno,019,978130,33876,31096,493,31589,442
2020-10-27,Glenn,021,27897,695,667,1,668,3
2020-10-27,Humboldt,023,135768,579,559,1,560,7
2020-10-27,Imperial,025,180216,13090,12680,19,12699,333
2020-10-27,Inyo,027,18085,248,231,5,236,14
2020-10-27,Kern,029,883053,34243,33328,443,33771,436
2020-10-27,Kings,031,150075,8767,8411,52,8463,83
2020-10-27,Lake,033,64148,741,700,0,700,15
2020-10-27,Lassen,035,31185,781,764,2,766,0
2020-10-27,Los Angeles,037,10098052,306177,299438,2908,302346,7008
2020-10-27,Madera,039,155013,5116,4942,44,4986,53
2020-10-27,Marin,041,260295,1212,7070,20,7090,126
2020-10-27,Mariposa,043,17540,80,78,0,78,2
2020-10-27,Mendocino,045,87422,1102,1033,4,1037,20
2020-10-27,Merced,047,269075,9697,9449,38,9487,150
2020-10-27,Modoc,049,8938,46,31,2,33,0
2020-10-27,Mono,051,14174,224,169,6,175,1
2020-10-27,Monterey,053,433212,11622,11261,65,11326,88
2020-10-27,Napa,055,140530,2119,1979,8,1987,15
2020-10-27,Nevada,057,99092,663,622,18,640,8
2020-10-27,Orange,059,3164182,61574,58550,1793,60343,1448
2020-10-27,Placer,061,380077,4523,4197,16,4213,57
2020-10-27,Plumas,063,18699,86,63,0,63,0
2020-10-27,Riverside,065,2383286,68767,66699,416,67115,1299
2020-10-27,Sacramento,067,1510023,26277,25701,34,25735,501
2020-10-27,San Benito,069,59416,1450,1428,1,1429,15
2020-10-27,San Bernardino,071,2135413,65232,62357,472,62829,1154
2020-10-27,San Diego,073,3302833,57727,55226,1626,56852,877
2020-10-27,San Francisco,075,870044,12497,12218,49,12267,140
2020-10-27,San Joaquin,077,732212,22192,21637,219,21856,496
2020-10-27,San Luis Obispo,079,281455,4484,4148,28,4176,31
2020-10-27,San Mateo,081,765935,11530,11074,11,11085,156
2020-10-27,Santa Barbara,083,443738,10006,9874,92,9966,125
2020-10-27,Santa Clara,085,1922200,25953,24368,51,24419,367
2020-10-27,Santa Cruz,087,273765,2959,2815,33,2848,24
2020-10-27,Shasta,089,179085,2357,1962,20,1982,29
2020-10-27,Sierra,091,2930,6,6,0,6,0
2020-10-27,Siskiyou,093,43540,218,181,10,191,0
2020-10-27,Solano,095,438530,7697,7298,37,7335,77
2020-10-27,Sonoma,097,501317,9834,9389,28,9417,140
2020-10-27,Stanislaus,099,539301,17930,17720,771,18491,408
2020-10-27,Sutter,101,95872,1893,1832,1,1833,12
2020-10-27,Tehama,103,63373,970,913,2,915,5
2020-10-27,Trinity,105,12862,90,28,10,38,0
2020-10-27,Tulare,107,460477,18170,17520,395,17915,296
2020-10-27,Tuolumne,109,53932,300,275,6,281,4
2020-10-27,Ventura,111,848112,15181,14347,328,14675,153
2020-10-27,Yolo,113,214977,3322,3216,10,3226,58
2020-10-27,Yuba,115,75493,1282,1235,4,1239,10
2020-10-26,Alameda,001,1643700,23923,23284,223,23507,398
2020-10-26,Alpine,002,1148,4,3,0,3,0
2020-10-26,Amador,005,37829,356,331,0,331,16
2020-10-26,Butte,007,227075,3232,3095,61,3156,56
2020-10-26,Calaveras,009,45235,340,274,0,274,13
2020-10-26,Colusa,011,21464,560,548,1,549,6
2020-10-26,Contra Costa,013,1133247,19285,18718,93,18811,245
2020-10-26,Del Norte,015,27424,180,171,0,171,2
2020-10-26,El Dorado,017,186661,1445,1336,14,1350,4
2020-10-26,Fresno,019,978130,33763,30969,486,31455,441
2020-10-26,Glenn,021,27897,688,660,1,661,3
2020-10-26,Humboldt,023,135768,571,554,1,555,7
2020-10-26,Imperial,025,180216,13036,12654,16,12670,333
2020-10-26,Inyo,027,18085,248,226,5,231,14
2020-10-26,Kern,029,883053,34159,33233,438,33671,432
2020-10-26,Kings,031,150075,8746,8264,50,8314,82
2020-10-26,Lake,033,64148,739,697,0,697,15
2020-10-26,Lassen,035,31185,778,764,2,766,0
2020-10-26,Los Angeles,037,10098052,304750,297961,2868,300829,6979
2020-10-26,Madera,039,155013,5095,4922,43,4965,53
2020-10-26,Marin,041,260295,1212,7064,19,7083,104
2020-10-26,Mariposa,043,17540,80,77,0,77,2
2020-10-26,Mendocino,045,87422,1094,1026,4,1030,20
2020-10-26,Merced,047,269075,9651,9375,37,9412,150
2020-10-26,Modoc,049,8938,44,28,0,28,0
2020-10-26,Mono,051,14174,218,167,6,173,1
2020-10-26,Monterey,053,433212,11571,11207,61,11268,87
2020-10-26,Napa,055,140530,2087,1966,8,1974,14
2020-10-26,Nevada,057,99092,656,618,18,636,8
2020-10-26,Orange,059,3164182,61370,58377,1774,60151,1442
2020-10-26,Placer,061,380077,4481,4161,15,4176,57
2020-10-26,Plumas,063,18699,84,63,0,63,0
2020-10-26,Riverside,065,2383286,68316,66475,390,66865,1294
2020-10-26,Sacramento,067,1510023,26097,25555,32,25587,496
2020-10-26,San Benito,069,59416,1442,1424,1,1425,15
2020-10-26,San Bernardino,071,2135413,64761,61871,469,62340,1153
2020-10-26,San Diego,073,3302833,57334,54957,1588,56545,870
2020-10-26,San Francisco,075,870044,12437,12072,49,12121,138
2020-10-26,San Joaquin,077,732212,22109,21459,213,21672,495
2020-10-26,San Luis Obispo,079,281455,4458,4133,28,4161,31
2020-10-26,San Mateo,081,765935,11486,11037,11,11048,156
2020-10-26,Santa Barbara,083,443738,9983,9827,92,9919,122
2020-10-26,Santa Clara,085,1922200,25763,24258,50,24308,365
2020-10-26,Santa Cruz,087,273765,2933,2808,33,2841,24
2020-10-26,Shasta,089,179085,2303,1889,20,1909,29
2020-10-26,Sierra,091,2930,6,6,0,6,0
2020-10-26,Siskiyou,093,43540,210,179,10,189,0
2020-10-26,Solano,095,438530,7617,7271,37,7308,62
2020-10-26,Sonoma,097,501317,9757,9315,28,9343,140
2020-10-26,Stanislaus,099,539301,17880,17666,761,18427,400
2020-10-26,Sutter,101,95872,1885,1817,1,1818,12
2020-10-26,Tehama,103,63373,950,892,2,894,5
2020-10-26,Trinity,105,12862,89,26,10,36,0
2020-10-26,Tulare,107,460477,18093,17432,372,17804,296
2020-10-26,Tuolumne,109,53932,291,271,6,277,4
2020-10-26,Ventura,111,848112,15112,14330,325,14655,154
2020-10-26,Yolo,113,214977,3303,3206,10,3216,58
2020-10-26,Yuba,115,75493,1266,1226,4,1230,10
2020-10-25,Alameda,001,1643700,23816,23192,223,23415,398
2020-10-25,Alpine,002,1148,3,3,0,3,0
2020-10-25,Amador,005,37829,345,330,0,330,16
2020-10-25,Butte,007,227075,3212,3087,61,3148,56
2020-10-25,Calaveras,009,45235,339,274,0,274,13
2020-10-25,Colusa,011,21464,556,548,1,549,6
2020-10-25,Contra Costa,013,1133247,19182,18640,93,18733,245
2020-10-25,Del Norte,015,27424,176,171,0,171,2
2020-10-25,El Dorado,017,186661,1430,1328,14,1342,4
2020-10-25,Fresno,019,978130,33628,30858,473,31331,441
2020-10-25,Glenn,021,27897,685,652,1,653,3
2020-10-25,Humboldt,023,135768,568,554,1,555,7
2020-10-25,Imperial,025,180216,12987,12572,16,12588,333
2020-10-25,Inyo,027,18085,245,226,5,231,14
2020-10-25,Kern,029,883053,34053,33185,434,33619,432
2020-10-25,Kings,031,150075,8713,8246,48,8294,82
2020-10-25,Lake,033,64148,722,695,0,695,15
2020-10-25,Lassen,035,31185,776,764,2,766,0
2020-10-25,Los Angeles,037,10098052,303186,297110,2832,299942,6973
2020-10-25,Madera,039,155013,5065,4909,38,4947,53
2020-10-25,Marin,041,260295,1211,7052,19,7071,102
2020-10-25,Mariposa,043,17540,80,77,0,77,2
2020-10-25,Mendocino,045,87422,1087,1024,4,1028,20
2020-10-25,Merced,047,269075,9581,9352,35,9387,150
2020-10-25,Modoc,049,8938,39,28,0,28,0
2020-10-25,Mono,051,14174,210,167,6,173,1
2020-10-25,Monterey,053,433212,11488,11182,56,11238,87
2020-10-25,Napa,055,140530,2057,1962,8,1970,14
2020-10-25,Nevada,057,99092,648,616,18,634,8
2020-10-25,Orange,059,3164182,61081,58185,1765,59950,1443
2020-10-25,Placer,061,380077,4429,4140,15,4155,57
2020-10-25,Plumas,063,18699,84,63,0,63,0
2020-10-25,Riverside,065,2383286,67866,66192,374,66566,1289
2020-10-25,Sacramento,067,1510023,25882,25445,30,25475,496
2020-10-25,San Benito,069,59416,1435,1423,1,1424,15
2020-10-25,San Bernardino,071,2135413,64221,61551,457,62008,1153
2020-10-25,San Diego,073,3302833,56871,54599,1556,56155,870
2020-10-25,San Francisco,075,870044,12364,12072,49,12121,137
2020-10-25,San Joaquin,077,732212,22001,21459,204,21663,495
2020-10-25,San Luis Obispo,079,281455,4416,4126,26,4152,31
2020-10-25,San Mateo,081,765935,11441,10987,11,10998,156
2020-10-25,Santa Barbara,083,443738,9964,9814,92,9906,122
2020-10-25,Santa Clara,085,1922200,25575,24087,50,24137,365
2020-10-25,Santa Cruz,087,273765,2906,2789,33,2822,24
2020-10-25,Shasta,089,179085,2239,1889,20,1909,29
2020-10-25,Sierra,091,2930,6,6,0,6,0
2020-10-25,Siskiyou,093,43540,207,176,10,186,0
2020-10-25,Solano,095,438530,7539,7197,37,7234,60
2020-10-25,Sonoma,097,501317,9663,9235,27,9262,140
2020-10-25,Stanislaus,099,539301,17823,17641,752,18393,400
2020-10-25,Sutter,101,95872,1867,1811,1,1812,12
2020-10-25,Tehama,103,63373,933,880,2,882,5
2020-10-25,Trinity,105,12862,85,26,10,36,0
2020-10-25,Tulare,107,460477,18018,17431,362,17793,296
2020-10-25,Tuolumne,109,53932,286,271,6,277,4
2020-10-25,Ventura,111,848112,15019,14300,319,14619,154
2020-10-25,Yolo,113,214977,3282,3190,10,3200,58
2020-10-25,Yuba,115,75493,1258,1219,4,1223,10
2020-10-24,Alameda,001,1643700,23745,23099,220,23319,398
2020-10-24,Alpine,002,1148,3,3,0,3,0
2020-10-24,Amador,005,37829,344,328,0,328,16
2020-10-24,Butte,007,227075,3203,3078,61,3139,56
2020-10-24,Calaveras,009,45235,337,274,0,274,13
2020-10-24,Colusa,011,21464,551,548,1,549,6
2020-10-24,Contra Costa,013,1133247,19116,18567,93,18660,244
2020-10-24,Del Norte,015,27424,175,171,0,171,2
2020-10-24,El Dorado,017,186661,1414,1317,14,1331,4
2020-10-24,Fresno,019,978130,33567,30752,468,31220,441
2020-10-24,Glenn,021,27897,682,650,1,651,3
2020-10-24,Humboldt,023,135768,566,553,1,554,7
2020-10-24,Imperial,025,180216,12960,12469,16,12485,333
2020-10-24,Inyo,027,18085,245,226,5,231,14
2020-10-24,Kern,029,883053,33995,33105,429,33534,432
2020-10-24,Kings,031,150075,8703,8228,47,8275,82
2020-10-24,Lake,033,64148,717,696,0,696,15
2020-10-24,Lassen,035,31185,775,764,2,766,0
2020-10-24,Los Angeles,037,10098052,302366,296323,2810,299133,6969
2020-10-24,Madera,039,155013,5052,4898,37,4935,53
2020-10-24,Marin,041,260295,1210,7042,19,7061,102
2020-10-24,Mariposa,043,17540,80,77,0,77,2
2020-10-24,Mendocino,045,87422,1075,1022,4,1026,20
2020-10-24,Merced,047,269075,9555,9351,35,9386,150
2020-10-24,Modoc,049,8938,38,28,0,28,0
2020-10-24,Mono,051,14174,196,167,6,173,1
2020-10-24,Monterey,053,433212,11419,11153,55,11208,87
2020-10-24,Napa,055,140530,2040,1957,8,1965,14
2020-10-24,Nevada,057,99092,644,608,18,626,8
2020-10-24,Orange,059,3164182,60926,57928,1755,59683,1441
2020-10-24,Placer,061,380077,4398,4093,15,4108,57
2020-10-24,Plumas,063,18699,78,63,0,63,0
2020-10-24,Riverside,065,2383286,67658,65902,360,66262,1288
2020-10-24,Sacramento,067,1510023,25801,25372,30,25402,496
2020-10-24,San Benito,069,59416,1430,1417,1,1418,15
2020-10-24,San Bernardino,071,2135413,63982,61351,449,61800,1153
2020-10-24,San Diego,073,3302833,56594,54330,1543,55873,868
2020-10-24,San Francisco,075,870044,12305,12073,48,12121,137
2020-10-24,San Joaquin,077,732212,21948,21458,199,21657,495
2020-10-24,San Luis Obispo,079,281455,4393,4119,25,4144,31
2020-10-24,San Mateo,081,765935,11402,10942,11,10953,155
2020-10-24,Santa Barbara,083,443738,9947,9781,92,9873,122
2020-10-24,Santa Clara,085,1922200,25488,23978,50,24028,365
2020-10-24,Santa Cruz,087,273765,2887,2775,33,2808,24
2020-10-24,Shasta,089,179085,2194,1878,20,1898,29
2020-10-24,Sierra,091,2930,6,6,0,6,0
2020-10-24,Siskiyou,093,43540,206,174,10,184,0
2020-10-24,Solano,095,438530,7486,7189,37,7226,60
2020-10-24,Sonoma,097,501317,9629,9179,27,9206,140
2020-10-24,Stanislaus,099,539301,17780,17574,737,18311,400
2020-10-24,Sutter,101,95872,1858,1804,1,1805,12
2020-10-24,Tehama,103,63373,925,872,2,874,5
2020-10-24,Trinity,105,12862,85,25,10,35,0
2020-10-24,Tulare,107,460477,17996,17406,350,17756,295
2020-10-24,Tuolumne,109,53932,283,269,6,275,4
2020-10-24,Ventura,111,848112,14966,14240,318,14558,154
2020-10-24,Yolo,113,214977,3270,3164,10,3174,57
2020-10-24,Yuba,115,75493,1255,1210,4,1214,10
2020-10-23,Alameda,001,1643700,23672,23047,218,23265,393
2020-10-23,Alpine,002,1148,3,3,0,3,0
2020-10-23,Amador,005,37829,343,324,0,324,16
2020-10-23,Butte,007,227075,3194,3059,61,3120,55
2020-10-23,Calaveras,009,45235,336,273,0,273,13
2020-10-23,Colusa,011,21464,551,547,1,548,6
2020-10-23,Contra Costa,013,1133247,19046,18483,92,18575,244
2020-10-23,Del Norte,015,27424,175,171,0,171,2
2020-10-23,El Dorado,017,186661,1405,1310,14,1324,4
2020-10-23,Fresno,019,978130,33499,30590,465,31055,441
2020-10-23,Glenn,021,27897,679,644,1,645,3
2020-10-23,Humboldt,023,135768,564,553,1,554,7
2020-10-23,Imperial,025,180216,12929,12398,15,12413,333
2020-10-23,Inyo,027,18085,244,226,5,231,14
2020-10-23,Kern,029,883053,33927,33077,424,33501,431
2020-10-23,Kings,031,150075,8694,8218,47,8265,82
2020-10-23,Lake,033,64148,715,689,0,689,15
2020-10-23,Lassen,035,31185,774,764,2,766,0
2020-10-23,Los Angeles,037,10098052,301280,294287,2783,297070,6956
2020-10-23,Madera,039,155013,5047,4888,37,4925,53
2020-10-23,Marin,041,260295,1210,7029,19,7048,102
2020-10-23,Mariposa,043,17540,80,77,0,77,2
2020-10-23,Mendocino,045,87422,1072,1019,4,1023,20
2020-10-23,Merced,047,269075,9540,9327,35,9362,149
2020-10-23,Modoc,049,8938,38,28,0,28,0
2020-10-23,Mono,051,14174,194,159,6,165,1
2020-10-23,Monterey,053,433212,11372,11099,51,11150,86
2020-10-23,Napa,055,140530,2032,1942,8,1950,14
2020-10-23,Nevada,057,99092,641,604,18,622,8
2020-10-23,Orange,059,3164182,60756,57595,1740,59335,1430
2020-10-23,Placer,061,380077,4351,4073,15,4088,57
2020-10-23,Plumas,063,18699,75,63,0,63,0
2020-10-23,Riverside,065,2383286,67419,65512,352,65864,1279
2020-10-23,Sacramento,067,1510023,25696,25224,30,25254,496
2020-10-23,San Benito,069,59416,1428,1412,1,1413,15
2020-10-23,San Bernardino,071,2135413,63696,60854,435,61289,1150
2020-10-23,San Diego,073,3302833,56288,53944,1516,55460,867
2020-10-23,San Francisco,075,870044,12274,12015,48,12063,137
2020-10-23,San Joaquin,077,732212,21892,21361,193,21554,495
2020-10-23,San Luis Obispo,079,281455,4368,4102,25,4127,31
2020-10-23,San Mateo,081,765935,11353,10872,11,10883,155
2020-10-23,Santa Barbara,083,443738,9931,9751,92,9843,121
2020-10-23,Santa Clara,085,1922200,25386,23822,50,23872,364
2020-10-23,Santa Cruz,087,273765,2873,2757,33,2790,24
2020-10-23,Shasta,089,179085,2157,1846,19,1865,29
2020-10-23,Sierra,091,2930,6,6,0,6,0
2020-10-23,Siskiyou,093,43540,202,172,10,182,0
2020-10-23,Solano,095,438530,7455,7174,37,7211,59
2020-10-23,Sonoma,097,501317,9572,9112,27,9139,139
2020-10-23,Stanislaus,099,539301,17743,17496,730,18226,395
2020-10-23,Sutter,101,95872,1851,1797,1,1798,12
2020-10-23,Tehama,103,63373,916,862,2,864,5
2020-10-23,Trinity,105,12862,85,26,10,36,0
2020-10-23,Tulare,107,460477,17951,17334,339,17673,295
2020-10-23,Tuolumne,109,53932,280,254,6,260,4
2020-10-23,Ventura,111,848112,14937,14192,318,14510,155
2020-10-23,Yolo,113,214977,3258,3140,10,3150,57
2020-10-23,Yuba,115,75493,1251,1206,4,1210,10
2020-10-22,Alameda,001,1643700,23571,22915,218,23133,393
2020-10-22,Alpine,002,1148,3,3,0,3,0
2020-10-22,Amador,005,37829,339,317,0,317,16
2020-10-22,Butte,007,227075,3184,3046,59,3105,55
2020-10-22,Calaveras,009,45235,332,273,0,273,13
2020-10-22,Colusa,011,21464,551,547,1,548,6
2020-10-22,Contra Costa,013,1133247,18975,18393,92,18485,243
2020-10-22,Del Norte,015,27424,174,168,0,168,2
2020-10-22,El Dorado,017,186661,1395,1308,14,1322,4
2020-10-22,Fresno,019,978130,33388,30471,457,30928,438
2020-10-22,Glenn,021,27897,672,643,1,644,3
2020-10-22,Humboldt,023,135768,562,548,1,549,7
2020-10-22,Imperial,025,180216,12876,12311,15,12326,333
2020-10-22,Inyo,027,18085,241,220,5,225,14
2020-10-22,Kern,029,883053,33846,32991,421,33412,431
2020-10-22,Kings,031,150075,8443,8201,47,8248,82
2020-10-22,Lake,033,64148,711,678,0,678,15
2020-10-22,Lassen,035,31185,771,764,2,766,0
2020-10-22,Los Angeles,037,10098052,299901,291599,2729,294328,6935
2020-10-22,Madera,039,155013,5026,4847,37,4884,52
2020-10-22,Marin,041,260295,1209,7014,19,7033,102
2020-10-22,Mariposa,043,17540,80,77,0,77,2
2020-10-22,Mendocino,045,87422,1067,1016,4,1020,20
2020-10-22,Merced,047,269075,9504,9323,35,9358,149
2020-10-22,Modoc,049,8938,34,26,0,26,0
2020-10-22,Mono,051,14174,189,156,6,162,1
2020-10-22,Monterey,053,433212,11313,11059,48,11107,84
2020-10-22,Napa,055,140530,2017,1928,8,1936,14
2020-10-22,Nevada,057,99092,635,600,18,618,8
2020-10-22,Orange,059,3164182,60542,57418,1723,59141,1422
2020-10-22,Placer,061,380077,4302,4036,15,4051,57
2020-10-22,Plumas,063,18699,72,62,0,62,0
2020-10-22,Riverside,065,2383286,67084,65104,334,65438,1279
2020-10-22,Sacramento,067,1510023,25556,25054,30,25084,492
2020-10-22,San Benito,069,59416,1424,1403,1,1404,15
2020-10-22,San Bernardino,071,2135413,63294,60402,420,60822,1149
2020-10-22,San Diego,073,3302833,55901,53514,1497,55011,866
2020-10-22,San Francisco,075,870044,12216,11991,46,12037,137
2020-10-22,San Joaquin,077,732212,21819,21282,187,21469,495
2020-10-22,San Luis Obispo,079,281455,4352,4081,25,4106,31
2020-10-22,San Mateo,081,765935,11297,10796,11,10807,155
2020-10-22,Santa Barbara,083,443738,9898,9710,90,9800,120
2020-10-22,Santa Clara,085,1922200,25232,23621,50,23671,363
2020-10-22,Santa Cruz,087,273765,2855,2738,32,2770,24
2020-10-22,Shasta,089,179085,2111,1799,19,1818,29
2020-10-22,Sierra,091,2930,6,6,0,6,0
2020-10-22,Siskiyou,093,43540,201,169,10,179,0
2020-10-22,Solano,095,438530,7409,7116,37,7153,59
2020-10-22,Sonoma,097,501317,9506,9052,26,9078,139
2020-10-22,Stanislaus,099,539301,17690,17440,718,18158,395
2020-10-22,Sutter,101,95872,1837,1794,1,1795,12
2020-10-22,Tehama,103,63373,905,852,2,854,5
2020-10-22,Trinity,105,12862,84,26,10,36,0
2020-10-22,Tulare,107,460477,17885,17265,326,17591,293
2020-10-22,Tuolumne,109,53932,277,252,6,258,4
2020-10-22,Ventura,111,848112,14890,14124,316,14440,154
2020-10-22,Yolo,113,214977,3246,3116,10,3126,58
2020-10-22,Yuba,115,75493,1244,1199,3,1202,10
2020-10-21,Alameda,001,1643700,23483,22853,216,23069,392
2020-10-21,Alpine,002,1148,3,3,0,3,0
2020-10-21,Amador,005,37829,334,313,0,313,16
2020-10-21,Butte,007,227075,3172,3041,59,3100,55
2020-10-21,Calaveras,009,45235,331,272,0,272,13
2020-10-21,Colusa,011,21464,551,546,1,547,6
2020-10-21,Contra Costa,013,1133247,18901,18299,92,18391,243
2020-10-21,Del Norte,015,27424,174,169,0,169,2
2020-10-21,El Dorado,017,186661,1383,1305,13,1318,4
2020-10-21,Fresno,019,978130,33289,30328,452,30780,433
2020-10-21,Glenn,021,27897,667,640,1,641,3
2020-10-21,Humboldt,023,135768,561,548,1,549,7
2020-10-21,Imperial,025,180216,12819,12210,15,12225,331
2020-10-21,Inyo,027,18085,237,220,5,225,14
2020-10-21,Kern,029,883053,33771,32956,419,33375,430
2020-10-21,Kings,031,150075,8416,8186,47,8233,80
2020-10-21,Lake,033,64148,710,676,0,676,15
2020-10-21,Lassen,035,31185,770,764,2,766,0
2020-10-21,Los Angeles,037,10098052,298560,288096,2687,290783,6923
2020-10-21,Madera,039,155013,5001,4831,37,4868,52
2020-10-21,Marin,041,260295,1209,7002,19,7021,102
2020-10-21,Mariposa,043,17540,80,77,0,77,2
2020-10-21,Mendocino,045,87422,1065,1011,4,1015,21
2020-10-21,Merced,047,269075,9478,9319,33,9352,149
2020-10-21,Modoc,049,8938,33,26,0,26,0
2020-10-21,Mono,051,14174,187,156,6,162,1
2020-10-21,Monterey,053,433212,11275,11005,47,11052,83
2020-10-21,Napa,055,140530,2002,1918,8,1926,13
2020-10-21,Nevada,057,99092,629,597,18,615,8
2020-10-21,Orange,059,3164182,60330,57189,1714,58903,1409
2020-10-21,Placer,061,380077,4265,4007,15,4022,56
2020-10-21,Plumas,063,18699,69,58,0,58,0
2020-10-21,Riverside,065,2383286,66788,64778,310,65088,1278
2020-10-21,Sacramento,067,1510023,25362,24908,30,24938,490
2020-10-21,San Benito,069,59416,1423,1401,1,1402,14
2020-10-21,San Bernardino,071,2135413,62884,59948,413,60361,1141
2020-10-21,San Diego,073,3302833,55549,53279,1469,54748,863
2020-10-21,San Francisco,075,870044,12167,11976,45,12021,137
2020-10-21,San Joaquin,077,732212,21743,21201,181,21382,495
2020-10-21,San Luis Obispo,079,281455,4325,4055,23,4078,31
2020-10-21,San Mateo,081,765935,11248,10730,11,10741,155
2020-10-21,Santa Barbara,083,443738,9881,9681,89,9770,121
2020-10-21,Santa Clara,085,1922200,25105,23537,50,23587,361
2020-10-21,Santa Cruz,087,273765,2832,2729,32,2761,24
2020-10-21,Shasta,089,179085,2075,1777,19,1796,27
2020-10-21,Sierra,091,2930,6,6,0,6,0
2020-10-21,Siskiyou,093,43540,197,169,10,179,0
2020-10-21,Solano,095,438530,7363,7088,37,7125,59
2020-10-21,Sonoma,097,501317,9426,8987,26,9013,138
2020-10-21,Stanislaus,099,539301,17641,17419,710,18129,392
2020-10-21,Sutter,101,95872,1823,1786,1,1787,12
2020-10-21,Tehama,103,63373,889,824,2,826,5
2020-10-21,Trinity,105,12862,78,25,9,34,0
2020-10-21,Tulare,107,460477,17847,17204,312,17516,292
2020-10-21,Tuolumne,109,53932,276,251,6,257,4
2020-10-21,Ventura,111,848112,14827,14050,313,14363,153
2020-10-21,Yolo,113,214977,3227,3095,10,3105,58
2020-10-21,Yuba,115,75493,1236,1194,3,1197,10
2020-10-20,Alameda,001,1643700,23381,22750,212,22962,391
2020-10-20,Alpine,002,1148,3,3,0,3,0
2020-10-20,Amador,005,37829,333,313,0,313,16
2020-10-20,Butte,007,227075,3160,3027,59,3086,56
2020-10-20,Calaveras,009,45235,329,273,0,273,13
2020-10-20,Colusa,011,21464,548,546,1,547,6
2020-10-20,Contra Costa,013,1133247,18808,18246,92,18338,241
2020-10-20,Del Norte,015,27424,173,169,0,169,2
2020-10-20,El Dorado,017,186661,1377,1295,13,1308,4
2020-10-20,Fresno,019,978130,33186,30220,446,30666,431
2020-10-20,Glenn,021,27897,662,638,1,639,3
2020-10-20,Humboldt,023,135768,557,545,1,546,7
2020-10-20,Imperial,025,180216,12751,12114,15,12129,330
2020-10-20,Inyo,027,18085,237,218,5,223,14
2020-10-20,Kern,029,883053,33696,32889,406,33295,429
2020-10-20,Kings,031,150075,8398,8178,46,8224,80
2020-10-20,Lake,033,64148,708,675,0,675,15
2020-10-20,Lassen,035,31185,769,757,2,759,0
2020-10-20,Los Angeles,037,10098052,297065,287727,2639,290366,6891
2020-10-20,Madera,039,155013,4984,4823,37,4860,52
2020-10-20,Marin,041,260295,1208,6994,19,7013,101
2020-10-20,Mariposa,043,17540,79,77,0,77,2
2020-10-20,Mendocino,045,87422,1063,1004,4,1008,21
2020-10-20,Merced,047,269075,9456,9323,33,9356,149
2020-10-20,Modoc,049,8938,32,26,0,26,0
2020-10-20,Mono,051,14174,187,156,6,162,1
2020-10-20,Monterey,053,433212,11232,10942,44,10986,81
2020-10-20,Napa,055,140530,1983,1912,8,1920,13
2020-10-20,Nevada,057,99092,619,596,18,614,8
2020-10-20,Orange,059,3164182,60066,56914,1704,58618,1397
2020-10-20,Placer,061,380077,4227,3997,15,4012,56
2020-10-20,Plumas,063,18699,66,53,0,53,0
2020-10-20,Riverside,065,2383286,66409,64452,298,64750,1275
2020-10-20,Sacramento,067,1510023,25234,24767,29,24796,485
2020-10-20,San Benito,069,59416,1420,1398,1,1399,14
2020-10-20,San Bernardino,071,2135413,62500,59571,411,59982,1109
2020-10-20,San Diego,073,3302833,55213,53004,1449,54453,857
2020-10-20,San Francisco,075,870044,12120,12013,44,12057,126
2020-10-20,San Joaquin,077,732212,21664,21173,172,21345,490
2020-10-20,San Luis Obispo,079,281455,4307,4043,22,4065,31
2020-10-20,San Mateo,081,765935,11201,10659,11,10670,155
2020-10-20,Santa Barbara,083,443738,9852,9664,87,9751,121
2020-10-20,Santa Clara,085,1922200,24967,23406,50,23456,358
2020-10-20,Santa Cruz,087,273765,2809,2710,32,2742,23
2020-10-20,Shasta,089,179085,2052,1747,19,1766,20
2020-10-20,Sierra,091,2930,6,6,0,6,0
2020-10-20,Siskiyou,093,43540,189,168,10,178,0
2020-10-20,Solano,095,438530,7314,7044,37,7081,57
2020-10-20,Sonoma,097,501317,9363,8904,24,8928,135
2020-10-20,Stanislaus,099,539301,17588,17367,706,18073,393
2020-10-20,Sutter,101,95872,1814,1783,1,1784,12
2020-10-20,Tehama,103,63373,874,813,2,815,5
2020-10-20,Trinity,105,12862,77,25,9,34,0
2020-10-20,Tulare,107,460477,17780,17156,307,17463,289
2020-10-20,Tuolumne,109,53932,274,250,6,256,4
2020-10-20,Ventura,111,848112,14763,13980,311,14291,152
2020-10-20,Yolo,113,214977,3204,3083,10,3093,56
2020-10-20,Yuba,115,75493,1226,1191,3,1194,10
2020-10-19,Alameda,001,1643700,23271,22647,211,22858,392
2020-10-19,Alpine,002,1148,3,3,0,3,0
2020-10-19,Amador,005,37829,327,313,0,313,16
2020-10-19,Butte,007,227075,3149,3026,59,3085,55
2020-10-19,Calaveras,009,45235,329,268,0,268,13
2020-10-19,Colusa,011,21464,548,544,1,545,6
2020-10-19,Contra Costa,013,1133247,18710,18173,92,18265,239
2020-10-19,Del Norte,015,27424,170,167,0,167,2
2020-10-19,El Dorado,017,186661,1356,1287,13,1300,4
2020-10-19,Fresno,019,978130,33075,30152,440,30592,431
2020-10-19,Glenn,021,27897,657,635,0,635,3
2020-10-19,Humboldt,023,135768,557,543,1,544,7
2020-10-19,Imperial,025,180216,12697,12036,14,12050,330
2020-10-19,Inyo,027,18085,236,218,5,223,14
2020-10-19,Kern,029,883053,33620,32840,403,33243,428
2020-10-19,Kings,031,150075,8380,8173,46,8219,80
2020-10-19,Lake,033,64148,705,673,0,673,15
2020-10-19,Lassen,035,31185,768,757,2,759,0
2020-10-19,Los Angeles,037,10098052,295580,287119,2602,289721,6858
2020-10-19,Madera,039,155013,4969,4787,37,4824,52
2020-10-19,Marin,041,260295,1207,6981,19,7000,100
2020-10-19,Mariposa,043,17540,79,77,0,77,2
2020-10-19,Mendocino,045,87422,1058,1001,4,1005,21
2020-10-19,Merced,047,269075,9431,9305,30,9335,148
2020-10-19,Modoc,049,8938,31,26,0,26,0
2020-10-19,Mono,051,14174,182,156,6,162,1
2020-10-19,Monterey,053,433212,11171,10907,44,10951,80
2020-10-19,Napa,055,140530,1971,1892,8,1900,12
2020-10-19,Nevada,057,99092,616,590,18,608,8
2020-10-19,Orange,059,3164182,59782,56652,1689,58341,1396
2020-10-19,Placer,061,380077,4179,3962,15,3977,49
2020-10-19,Plumas,063,18699,64,52,0,52,0
2020-10-19,Riverside,065,2383286,65978,64016,282,64298,1272
2020-10-19,Sacramento,067,1510023,25095,24542,29,24571,483
2020-10-19,San Benito,069,59416,1413,1395,1,1396,14
2020-10-19,San Bernardino,071,2135413,62048,59265,399,59664,1100
2020-10-19,San Diego,073,3302833,54827,52739,1424,54163,853
2020-10-19,San Francisco,075,870044,12076,11879,44,11923,126
2020-10-19,San Joaquin,077,732212,21589,20930,164,21094,489
2020-10-19,San Luis Obispo,079,281455,4291,4016,22,4038,31
2020-10-19,San Mateo,081,765935,11155,10568,11,10579,154
2020-10-19,Santa Barbara,083,443738,9816,9632,87,9719,121
2020-10-19,Santa Clara,085,1922200,24817,23301,50,23351,352
2020-10-19,Santa Cruz,087,273765,2792,2705,32,2737,19
2020-10-19,Shasta,089,179085,2008,1709,18,1727,20
2020-10-19,Sierra,091,2930,6,6,0,6,0
2020-10-19,Siskiyou,093,43540,182,167,10,177,0
2020-10-19,Solano,095,438530,7273,7003,37,7040,57
2020-10-19,Sonoma,097,501317,9276,8830,24,8854,135
2020-10-19,Stanislaus,099,539301,17537,17342,696,18038,390
2020-10-19,Sutter,101,95872,1809,1773,1,1774,12
2020-10-19,Tehama,103,63373,871,793,2,795,5
2020-10-19,Trinity,105,12862,75,23,9,32,0
2020-10-19,Tulare,107,460477,17730,17047,300,17347,291
2020-10-19,Tuolumne,109,53932,272,247,6,253,4
2020-10-19,Ventura,111,848112,14698,13930,308,14238,152
2020-10-19,Yolo,113,214977,3191,3069,10,3079,56
2020-10-19,Yuba,115,75493,1219,1183,3,1186,10
2020-10-18,Alameda,001,1643700,23167,22546,210,22756,392
2020-10-18,Alpine,002,1148,3,3,0,3,0
2020-10-18,Amador,005,37829,316,313,0,313,16
2020-10-18,Butte,007,227075,3136,3019,59,3078,55
2020-10-18,Calaveras,009,45235,328,267,0,267,13
2020-10-18,Colusa,011,21464,546,544,1,545,6
2020-10-18,Contra Costa,013,1133247,18612,18120,92,18212,237
2020-10-18,Del Norte,015,27424,170,167,0,167,2
2020-10-18,El Dorado,017,186661,1347,1283,13,1296,4
2020-10-18,Fresno,019,978130,32945,30051,432,30483,430
2020-10-18,Glenn,021,27897,655,634,0,634,3
2020-10-18,Humboldt,023,135768,554,540,1,541,7
2020-10-18,Imperial,025,180216,12634,11987,13,12000,330
2020-10-18,Inyo,027,18085,233,215,5,220,14
2020-10-18,Kern,029,883053,33547,32799,396,33195,428
2020-10-18,Kings,031,150075,8365,8159,46,8205,80
2020-10-18,Lake,033,64148,698,670,0,670,15
2020-10-18,Lassen,035,31185,768,757,2,759,0
2020-10-18,Los Angeles,037,10098052,293869,286187,2561,288748,6857
2020-10-18,Madera,039,155013,4944,4770,37,4807,52
2020-10-18,Marin,041,260295,1206,6969,19,6988,99
2020-10-18,Mariposa,043,17540,79,77,0,77,2
2020-10-18,Mendocino,045,87422,1056,988,4,992,21
2020-10-18,Merced,047,269075,9396,9292,30,9322,148
2020-10-18,Modoc,049,8938,30,26,0,26,0
2020-10-18,Mono,051,14174,177,155,6,161,1
2020-10-18,Monterey,053,433212,11118,10872,44,10916,80
2020-10-18,Napa,055,140530,1958,1882,8,1890,12
2020-10-18,Nevada,057,99092,610,582,18,600,8
2020-10-18,Orange,059,3164182,59485,56394,1672,58066,1396
2020-10-18,Placer,061,380077,4131,3938,15,3953,49
2020-10-18,Plumas,063,18699,62,52,0,52,0
2020-10-18,Riverside,065,2383286,65665,63765,261,64026,1270
2020-10-18,Sacramento,067,1510023,24940,24425,29,24454,482
2020-10-18,San Benito,069,59416,1406,1395,1,1396,14
2020-10-18,San Bernardino,071,2135413,61549,58893,391,59284,1098
2020-10-18,San Diego,073,3302833,54438,52359,1403,53762,853
2020-10-18,San Francisco,075,870044,12037,11878,44,11922,126
2020-10-18,San Joaquin,077,732212,21506,20931,151,21082,489
2020-10-18,San Luis Obispo,079,281455,4260,4009,20,4029,31
2020-10-18,San Mateo,081,765935,11096,10503,11,10514,154
2020-10-18,Santa Barbara,083,443738,9776,9608,86,9694,121
2020-10-18,Santa Clara,085,1922200,24644,23169,50,23219,352
2020-10-18,Santa Cruz,087,273765,2778,2692,32,2724,19
2020-10-18,Shasta,089,179085,1983,1708,18,1726,20
2020-10-18,Sierra,091,2930,6,6,0,6,0
2020-10-18,Siskiyou,093,43540,182,167,10,177,0
2020-10-18,Solano,095,438530,7226,6962,37,6999,57
2020-10-18,Sonoma,097,501317,9199,8781,23,8804,134
2020-10-18,Stanislaus,099,539301,17480,17290,687,17977,390
2020-10-18,Sutter,101,95872,1800,1764,1,1765,12
2020-10-18,Tehama,103,63373,839,774,2,776,5
2020-10-18,Trinity,105,12862,75,20,9,29,0
2020-10-18,Tulare,107,460477,17636,17048,291,17339,290
2020-10-18,Tuolumne,109,53932,266,245,6,251,4
2020-10-18,Ventura,111,848112,14618,13901,307,14208,151
2020-10-18,Yolo,113,214977,3152,3059,10,3069,55
2020-10-18,Yuba,115,75493,1208,1176,3,1179,10
2020-10-17,Alameda,001,1643700,23122,22394,208,22602,398
2020-10-17,Alpine,002,1148,3,3,0,3,0
2020-10-17,Amador,005,37829,314,309,0,309,16
2020-10-17,Butte,007,227075,3129,3012,57,3069,55
2020-10-17,Calaveras,009,45235,328,267,0,267,13
2020-10-17,Colusa,011,21464,545,544,1,545,6
2020-10-17,Contra Costa,013,1133247,18559,18005,92,18097,237
2020-10-17,Del Norte,015,27424,170,167,0,167,2
2020-10-17,El Dorado,017,186661,1343,1277,13,1290,4
2020-10-17,Fresno,019,978130,32890,29911,430,30341,430
2020-10-17,Glenn,021,27897,652,633,0,633,3
2020-10-17,Humboldt,023,135768,551,535,1,536,7
2020-10-17,Imperial,025,180216,12606,11962,13,11975,330
2020-10-17,Inyo,027,18085,228,212,5,217,14
2020-10-17,Kern,029,883053,33496,32710,393,33103,428
2020-10-17,Kings,031,150075,8359,8151,45,8196,80
2020-10-17,Lake,033,64148,695,663,0,663,15
2020-10-17,Lassen,035,31185,768,757,2,759,0
2020-10-17,Los Angeles,037,10098052,293115,285858,2534,288392,6844
2020-10-17,Madera,039,155013,4938,4759,37,4796,53
2020-10-17,Marin,041,260295,1206,6958,19,6977,99
2020-10-17,Mariposa,043,17540,78,77,0,77,2
2020-10-17,Mendocino,045,87422,1049,977,4,981,21
2020-10-17,Merced,047,269075,9383,9275,30,9305,148
2020-10-17,Modoc,049,8938,30,26,0,26,0
2020-10-17,Mono,051,14174,176,155,6,161,1
2020-10-17,Monterey,053,433212,11079,10807,43,10850,80
2020-10-17,Napa,055,140530,1949,1866,8,1874,12
2020-10-17,Nevada,057,99092,609,580,18,598,8
2020-10-17,Orange,059,3164182,59343,56197,1666,57863,1396
2020-10-17,Placer,061,380077,4104,3898,15,3913,49
2020-10-17,Plumas,063,18699,62,52,0,52,0
2020-10-17,Riverside,065,2383286,65468,63171,252,63423,1270
2020-10-17,Sacramento,067,1510023,24857,24304,29,24333,482
2020-10-17,San Benito,069,59416,1402,1389,1,1390,14
2020-10-17,San Bernardino,071,2135413,61276,58415,384,58799,1097
2020-10-17,San Diego,073,3302833,54213,51986,1392,53378,853
2020-10-17,San Francisco,075,870044,12010,11877,43,11920,126
2020-10-17,San Joaquin,077,732212,21452,20932,145,21077,489
2020-10-17,San Luis Obispo,079,281455,4245,3979,20,3999,31
2020-10-17,San Mateo,081,765935,11068,10423,11,10434,153
2020-10-17,Santa Barbara,083,443738,9757,9588,84,9672,121
2020-10-17,Santa Clara,085,1922200,24554,22997,50,23047,349
2020-10-17,Santa Cruz,087,273765,2764,2680,32,2712,19
2020-10-17,Shasta,089,179085,1957,1679,18,1697,20
2020-10-17,Sierra,091,2930,6,6,0,6,0
2020-10-17,Siskiyou,093,43540,181,167,10,177,0
2020-10-17,Solano,095,438530,7199,6929,37,6966,57
2020-10-17,Sonoma,097,501317,9156,8725,23,8748,134
2020-10-17,Stanislaus,099,539301,17439,17232,678,17910,390
2020-10-17,Sutter,101,95872,1798,1762,1,1763,12
2020-10-17,Tehama,103,63373,823,764,2,766,5
2020-10-17,Trinity,105,12862,75,20,9,29,0
2020-10-17,Tulare,107,460477,17606,16995,282,17277,290
2020-10-17,Tuolumne,109,53932,266,241,6,247,4
2020-10-17,Ventura,111,848112,14573,13845,304,14149,151
2020-10-17,Yolo,113,214977,3137,3045,9,3054,55
2020-10-17,Yuba,115,75493,1203,1164,3,1167,10
2020-10-16,Alameda,001,1643700,23068,22315,208,22523,397
2020-10-16,Alpine,002,1148,3,3,0,3,0
2020-10-16,Amador,005,37829,314,309,0,309,16
2020-10-16,Butte,007,227075,3117,3004,57,3061,54
2020-10-16,Calaveras,009,45235,328,267,0,267,13
2020-10-16,Colusa,011,21464,544,544,1,545,6
2020-10-16,Contra Costa,013,1133247,18507,17956,92,18048,237
2020-10-16,Del Norte,015,27424,169,166,0,166,2
2020-10-16,El Dorado,017,186661,1337,1273,13,1286,4
2020-10-16,Fresno,019,978130,32815,29796,429,30225,427
2020-10-16,Glenn,021,27897,647,632,0,632,3
2020-10-16,Humboldt,023,135768,551,533,1,534,7
2020-10-16,Imperial,025,180216,12566,11885,13,11898,330
2020-10-16,Inyo,027,18085,224,212,5,217,14
2020-10-16,Kern,029,883053,33453,32660,391,33051,428
2020-10-16,Kings,031,150075,8350,8146,44,8190,80
2020-10-16,Lake,033,64148,693,644,0,644,14
2020-10-16,Lassen,035,31185,768,757,2,759,0
2020-10-16,Los Angeles,037,10098052,292051,284988,2513,287501,6835
2020-10-16,Madera,039,155013,4926,4736,36,4772,53
2020-10-16,Marin,041,260295,1206,6933,19,6952,99
2020-10-16,Mariposa,043,17540,78,76,0,76,2
2020-10-16,Mendocino,045,87422,1042,974,4,978,21
2020-10-16,Merced,047,269075,9366,9246,30,9276,148
2020-10-16,Modoc,049,8938,30,26,0,26,0
2020-10-16,Mono,051,14174,174,155,6,161,1
2020-10-16,Monterey,053,433212,11044,10727,43,10770,79
2020-10-16,Napa,055,140530,1940,1855,8,1863,12
2020-10-16,Nevada,057,99092,607,579,18,597,8
2020-10-16,Orange,059,3164182,59164,56091,1660,57751,1388
2020-10-16,Placer,061,380077,4083,3864,15,3879,49
2020-10-16,Plumas,063,18699,61,52,0,52,0
2020-10-16,Riverside,065,2383286,65242,62986,251,63237,1267
2020-10-16,Sacramento,067,1510023,24762,24144,29,24173,479
2020-10-16,San Benito,069,59416,1399,1388,1,1389,14
2020-10-16,San Bernardino,071,2135413,61006,58233,384,58617,1069
2020-10-16,San Diego,073,3302833,53971,51785,1378,53163,850
2020-10-16,San Francisco,075,870044,11987,11840,42,11882,126
2020-10-16,San Joaquin,077,732212,21407,20910,144,21054,489
2020-10-16,San Luis Obispo,079,281455,4229,3952,20,3972,32
2020-10-16,San Mateo,081,765935,11042,10405,11,10416,153
2020-10-16,Santa Barbara,083,443738,9738,9549,84,9633,119
2020-10-16,Santa Clara,085,1922200,24466,22920,50,22970,345
2020-10-16,Santa Cruz,087,273765,2751,2666,32,2698,20
2020-10-16,Shasta,089,179085,1935,1660,18,1678,20
2020-10-16,Sierra,091,2930,6,6,0,6,0
2020-10-16,Siskiyou,093,43540,179,167,10,177,0
2020-10-16,Solano,095,438530,7176,6879,37,6916,55
2020-10-16,Sonoma,097,501317,9100,8652,23,8675,133
2020-10-16,Stanislaus,099,539301,17405,17201,670,17871,366
2020-10-16,Sutter,101,95872,1790,1756,1,1757,12
2020-10-16,Tehama,103,63373,822,737,2,739,3
2020-10-16,Trinity,105,12862,75,20,9,29,0
2020-10-16,Tulare,107,460477,17574,16965,274,17239,290
2020-10-16,Tuolumne,109,53932,264,237,6,243,4
2020-10-16,Ventura,111,848112,14530,13805,299,14104,152
2020-10-16,Yolo,113,214977,3128,3030,9,3039,55
2020-10-16,Yuba,115,75493,1203,1155,3,1158,10
2020-10-15,Alameda,001,1643700,23000,22267,207,22474,390
2020-10-15,Alpine,002,1148,3,3,0,3,0
2020-10-15,Amador,005,37829,314,309,0,309,16
2020-10-15,Butte,007,227075,3105,3000,56,3056,54
2020-10-15,Calaveras,009,45235,327,267,0,267,13
2020-10-15,Colusa,011,21464,543,543,1,544,6
2020-10-15,Contra Costa,013,1133247,18439,17893,91,17984,237
2020-10-15,Del Norte,015,27424,169,164,0,164,2
2020-10-15,El Dorado,017,186661,1332,1265,13,1278,4
2020-10-15,Fresno,019,978130,32715,29727,426,30153,425
2020-10-15,Glenn,021,27897,642,632,0,632,3
2020-10-15,Humboldt,023,135768,547,531,1,532,7
2020-10-15,Imperial,025,180216,12525,11820,12,11832,330
2020-10-15,Inyo,027,18085,224,210,5,215,14
2020-10-15,Kern,029,883053,33372,32593,388,32981,427
2020-10-15,Kings,031,150075,8335,8134,44,8178,80
2020-10-15,Lake,033,64148,691,642,0,642,14
2020-10-15,Lassen,035,31185,767,752,2,754,0
2020-10-15,Los Angeles,037,10098052,290766,284019,2480,286499,6807
2020-10-15,Madera,039,155013,4913,4723,35,4758,50
2020-10-15,Marin,041,260295,1206,6912,19,6931,99
2020-10-15,Mariposa,043,17540,78,76,0,76,2
2020-10-15,Mendocino,045,87422,1036,963,4,967,21
2020-10-15,Merced,047,269075,9340,9213,29,9242,147
2020-10-15,Modoc,049,8938,30,26,0,26,0
2020-10-15,Mono,051,14174,174,155,6,161,1
2020-10-15,Monterey,053,433212,10977,10677,42,10719,79
2020-10-15,Napa,055,140530,1927,1842,8,1850,12
2020-10-15,Nevada,057,99092,603,575,18,593,8
2020-10-15,Orange,059,3164182,58948,55952,1648,57600,1379
2020-10-15,Placer,061,380077,4054,3848,15,3863,48
2020-10-15,Plumas,063,18699,58,52,0,52,0
2020-10-15,Riverside,065,2383286,64910,62819,248,63067,1266
2020-10-15,Sacramento,067,1510023,24646,24068,29,24097,474
2020-10-15,San Benito,069,59416,1396,1384,1,1385,14
2020-10-15,San Bernardino,071,2135413,60667,58068,381,58449,1067
2020-10-15,San Diego,073,3302833,53687,51472,1362,52834,847
2020-10-15,San Francisco,075,870044,11959,11808,39,11847,126
2020-10-15,San Joaquin,077,732212,21336,20880,138,21018,487
2020-10-15,San Luis Obispo,079,281455,4213,3934,20,3954,32
2020-10-15,San Mateo,081,765935,11002,10340,11,10351,152
2020-10-15,Santa Barbara,083,443738,9714,9526,83,9609,117
2020-10-15,Santa Clara,085,1922200,24350,22808,50,22858,343
2020-10-15,Santa Cruz,087,273765,2737,2656,32,2688,13
2020-10-15,Shasta,089,179085,1924,1635,18,1653,20
2020-10-15,Sierra,091,2930,6,6,0,6,0
2020-10-15,Siskiyou,093,43540,175,166,10,176,0
2020-10-15,Solano,095,438530,7137,6830,37,6867,55
2020-10-15,Sonoma,097,501317,9008,8571,23,8594,133
2020-10-15,Stanislaus,099,539301,17367,17151,656,17807,366
2020-10-15,Sutter,101,95872,1787,1752,1,1753,12
2020-10-15,Tehama,103,63373,795,726,2,728,3
2020-10-15,Trinity,105,12862,75,20,9,29,0
2020-10-15,Tulare,107,460477,17514,16918,259,17177,289
2020-10-15,Tuolumne,109,53932,262,236,6,242,4
2020-10-15,Ventura,111,848112,14474,13750,294,14044,152
2020-10-15,Yolo,113,214977,3108,3014,9,3023,55
2020-10-15,Yuba,115,75493,1196,1151,3,1154,10
2020-10-14,Alameda,001,1643700,22901,22227,206,22433,398
2020-10-14,Alpine,002,1148,3,3,0,3,0
2020-10-14,Amador,005,37829,312,308,0,308,16
2020-10-14,Butte,007,227075,3097,2995,56,3051,54
2020-10-14,Calaveras,009,45235,327,266,0,266,12
2020-10-14,Colusa,011,21464,543,543,1,544,6
2020-10-14,Contra Costa,013,1133247,18381,17820,89,17909,236
2020-10-14,Del Norte,015,27424,168,163,0,163,2
2020-10-14,El Dorado,017,186661,1326,1264,12,1276,4
2020-10-14,Fresno,019,978130,32602,29650,420,30070,424
2020-10-14,Glenn,021,27897,641,629,0,629,3
2020-10-14,Humboldt,023,135768,544,531,1,532,7
2020-10-14,Imperial,025,180216,12488,11765,10,11775,330
2020-10-14,Inyo,027,18085,223,209,4,213,14
2020-10-14,Kern,029,883053,33297,32528,386,32914,425
2020-10-14,Kings,031,150075,8317,8118,44,8162,80
2020-10-14,Lake,033,64148,690,642,0,642,14
2020-10-14,Lassen,035,31185,765,752,2,754,0
2020-10-14,Los Angeles,037,10098052,289451,282918,2437,285355,6786
2020-10-14,Madera,039,155013,4898,4713,33,4746,50
2020-10-14,Marin,041,260295,1206,6907,19,6926,99
2020-10-14,Mariposa,043,17540,77,76,0,76,2
2020-10-14,Mendocino,045,87422,1030,955,4,959,21
2020-10-14,Merced,047,269075,9323,9201,28,9229,147
2020-10-14,Modoc,049,8938,30,27,0,27,0
2020-10-14,Mono,051,14174,174,155,6,161,1
2020-10-14,Monterey,053,433212,10927,10616,42,10658,78
2020-10-14,Napa,055,140530,1910,1837,8,1845,12
2020-10-14,Nevada,057,99092,601,573,18,591,7
2020-10-14,Orange,059,3164182,58735,55756,1639,57395,1348
2020-10-14,Placer,061,380077,4031,3829,15,3844,48
2020-10-14,Plumas,063,18699,54,52,0,52,0
2020-10-14,Riverside,065,2383286,64627,62607,247,62854,1261
2020-10-14,Sacramento,067,1510023,24502,24013,29,24042,472
2020-10-14,San Benito,069,59416,1394,1381,0,1381,14
2020-10-14,San Bernardino,071,2135413,60341,57774,377,58151,1063
2020-10-14,San Diego,073,3302833,53368,51329,1338,52667,844
2020-10-14,San Francisco,075,870044,11927,11783,38,11821,123
2020-10-14,San Joaquin,077,732212,21257,20845,124,20969,487
2020-10-14,San Luis Obispo,079,281455,4190,3901,19,3920,32
2020-10-14,San Mateo,081,765935,10951,10309,11,10320,132
2020-10-14,Santa Barbara,083,443738,9680,9509,83,9592,117
2020-10-14,Santa Clara,085,1922200,24201,22735,50,22785,343
2020-10-14,Santa Cruz,087,273765,2727,2618,32,2650,13
2020-10-14,Shasta,089,179085,1886,1553,18,1571,20
2020-10-14,Sierra,091,2930,6,6,0,6,0
2020-10-14,Siskiyou,093,43540,175,166,10,176,0
2020-10-14,Solano,095,438530,7081,6786,37,6823,55
2020-10-14,Sonoma,097,501317,8955,8514,23,8537,133
2020-10-14,Stanislaus,099,539301,17322,17105,653,17758,365
2020-10-14,Sutter,101,95872,1778,1747,1,1748,12
2020-10-14,Tehama,103,63373,784,721,2,723,3
2020-10-14,Trinity,105,12862,74,20,9,29,0
2020-10-14,Tulare,107,460477,17451,16863,246,17109,287
2020-10-14,Tuolumne,109,53932,261,236,6,242,4
2020-10-14,Ventura,111,848112,14420,13697,290,13987,152
2020-10-14,Yolo,113,214977,3090,3007,8,3015,55
2020-10-14,Yuba,115,75493,1188,1147,3,1150,10
2020-10-13,Alameda,001,1643700,22797,22185,204,22389,389
2020-10-13,Alpine,002,1148,3,3,0,3,0
2020-10-13,Amador,005,37829,310,306,0,306,16
2020-10-13,Butte,007,227075,3089,2992,56,3048,54
2020-10-13,Calaveras,009,45235,323,262,0,262,12
2020-10-13,Colusa,011,21464,543,541,1,542,6
2020-10-13,Contra Costa,013,1133247,18324,17783,89,17872,234
2020-10-13,Del Norte,015,27424,168,163,0,163,2
2020-10-13,El Dorado,017,186661,1317,1262,12,1274,4
2020-10-13,Fresno,019,978130,32480,29579,416,29995,424
2020-10-13,Glenn,021,27897,640,629,0,629,3
2020-10-13,Humboldt,023,135768,542,523,1,524,7
2020-10-13,Imperial,025,180216,12452,11727,10,11737,327
2020-10-13,Inyo,027,18085,220,207,4,211,14
2020-10-13,Kern,029,883053,33223,32497,384,32881,419
2020-10-13,Kings,031,150075,8308,8111,44,8155,80
2020-10-13,Lake,033,64148,687,639,0,639,12
2020-10-13,Lassen,035,31185,763,752,2,754,0
2020-10-13,Los Angeles,037,10098052,288170,281716,2397,284113,6767
2020-10-13,Madera,039,155013,4879,4700,33,4733,50
2020-10-13,Marin,041,260295,1206,6900,18,6918,97
2020-10-13,Mariposa,043,17540,77,76,0,76,2
2020-10-13,Mendocino,045,87422,1021,950,4,954,21
2020-10-13,Merced,047,269075,9309,9181,28,9209,146
2020-10-13,Modoc,049,8938,29,28,0,28,0
2020-10-13,Mono,051,14174,174,155,5,160,1
2020-10-13,Monterey,053,433212,10866,10574,41,10615,78
2020-10-13,Napa,055,140530,1901,1825,8,1833,12
2020-10-13,Nevada,057,99092,594,572,18,590,7
2020-10-13,Orange,059,3164182,58522,55515,1626,57141,1326
2020-10-13,Placer,061,380077,3993,3825,15,3840,48
2020-10-13,Plumas,063,18699,52,51,0,51,0
2020-10-13,Riverside,065,2383286,64308,62279,245,62524,1254
2020-10-13,Sacramento,067,1510023,24425,23930,29,23959,466
2020-10-13,San Benito,069,59416,1386,1380,0,1380,14
2020-10-13,San Bernardino,071,2135413,60003,57411,375,57786,1061
2020-10-13,San Diego,073,3302833,53075,51026,1321,52347,840
2020-10-13,San Francisco,075,870044,11890,11659,38,11697,122
2020-10-13,San Joaquin,077,732212,21195,20822,120,20942,481
2020-10-13,San Luis Obispo,079,281455,4173,3892,18,3910,32
2020-10-13,San Mateo,081,765935,10908,10286,11,10297,130
2020-10-13,Santa Barbara,083,443738,9648,9489,83,9572,117
2020-10-13,Santa Clara,085,1922200,24073,22678,50,22728,343
2020-10-13,Santa Cruz,087,273765,2709,2603,32,2635,13
2020-10-13,Shasta,089,179085,1862,1606,18,1624,20
2020-10-13,Sierra,091,2930,6,6,0,6,0
2020-10-13,Siskiyou,093,43540,174,163,10,173,0
2020-10-13,Solano,095,438530,7046,6761,37,6798,55
2020-10-13,Sonoma,097,501317,8872,8456,23,8479,133
2020-10-13,Stanislaus,099,539301,17277,17082,648,17730,362
2020-10-13,Sutter,101,95872,1769,1748,1,1749,12
2020-10-13,Tehama,103,63373,777,717,2,719,3
2020-10-13,Trinity,105,12862,70,19,8,27,0
2020-10-13,Tulare,107,460477,17394,16822,238,17060,286
2020-10-13,Tuolumne,109,53932,259,235,6,241,4
2020-10-13,Ventura,111,848112,14366,13645,286,13931,151
2020-10-13,Yolo,113,214977,3082,2983,7,2990,55
2020-10-13,Yuba,115,75493,1183,1143,3,1146,10
2020-10-12,Alameda,001,1643700,22718,22126,203,22329,389
2020-10-12,Alpine,002,1148,3,3,0,3,0
2020-10-12,Amador,005,37829,309,305,0,305,16
2020-10-12,Butte,007,227075,3082,2975,56,3031,54
2020-10-12,Calaveras,009,45235,323,262,0,262,12
2020-10-12,Colusa,011,21464,543,541,1,542,6
2020-10-12,Contra Costa,013,1133247,18250,17728,89,17817,233
2020-10-12,Del Norte,015,27424,168,161,0,161,2
2020-10-12,El Dorado,017,186661,1314,1254,12,1266,4
2020-10-12,Fresno,019,978130,32348,29523,412,29935,421
2020-10-12,Glenn,021,27897,639,626,0,626,3
2020-10-12,Humboldt,023,135768,539,522,1,523,7
2020-10-12,Imperial,025,180216,12414,11689,10,11699,328
2020-10-12,Inyo,027,18085,217,201,4,205,14
2020-10-12,Kern,029,883053,33130,32425,380,32805,419
2020-10-12,Kings,031,150075,8302,8106,44,8150,80
2020-10-12,Lake,033,64148,681,633,0,633,12
2020-10-12,Lassen,035,31185,763,752,2,754,0
2020-10-12,Los Angeles,037,10098052,286950,280961,2370,283331,6747
2020-10-12,Madera,039,155013,4859,4689,33,4722,50
2020-10-12,Marin,041,260295,1204,6886,18,6904,97
2020-10-12,Mariposa,043,17540,77,76,0,76,2
2020-10-12,Mendocino,045,87422,1015,947,4,951,21
2020-10-12,Merced,047,269075,9286,9141,28,9169,146
2020-10-12,Modoc,049,8938,29,27,0,27,0
2020-10-12,Mono,051,14174,174,154,5,159,1
2020-10-12,Monterey,053,433212,10800,10473,41,10514,77
2020-10-12,Napa,055,140530,1893,1819,8,1827,11
2020-10-12,Nevada,057,99092,590,570,18,588,7
2020-10-12,Orange,059,3164182,58293,55373,1616,56989,1326
2020-10-12,Placer,061,380077,3961,3808,14,3822,48
2020-10-12,Plumas,063,18699,52,51,0,51,0
2020-10-12,Riverside,065,2383286,63997,62279,241,62520,1254
2020-10-12,Sacramento,067,1510023,24320,23807,29,23836,466
2020-10-12,San Benito,069,59416,1383,1376,0,1376,13
2020-10-12,San Bernardino,071,2135413,59627,57235,374,57609,1061
2020-10-12,San Diego,073,3302833,52785,50748,1294,52042,826
2020-10-12,San Francisco,075,870044,11858,11659,38,11697,122
2020-10-12,San Joaquin,077,732212,21132,20701,114,20815,480
2020-10-12,San Luis Obispo,079,281455,4146,3874,18,3892,32
2020-10-12,San Mateo,081,765935,10860,10262,11,10273,130
2020-10-12,Santa Barbara,083,443738,9609,9462,83,9545,117
2020-10-12,Santa Clara,085,1922200,23957,22578,50,22628,343
2020-10-12,Santa Cruz,087,273765,2692,2590,32,2622,13
2020-10-12,Shasta,089,179085,1837,1515,18,1533,20
2020-10-12,Sierra,091,2930,6,6,0,6,0
2020-10-12,Siskiyou,093,43540,173,162,10,172,0
2020-10-12,Solano,095,438530,7007,6742,37,6779,55
2020-10-12,Sonoma,097,501317,8800,8377,23,8400,133
2020-10-12,Stanislaus,099,539301,17228,17051,639,17690,361
2020-10-12,Sutter,101,95872,1761,1741,1,1742,12
2020-10-12,Tehama,103,63373,761,708,2,710,3
2020-10-12,Trinity,105,12862,69,19,8,27,0
2020-10-12,Tulare,107,460477,17343,16742,231,16973,286
2020-10-12,Tuolumne,109,53932,254,234,6,240,4
2020-10-12,Ventura,111,848112,14304,13617,282,13899,151
2020-10-12,Yolo,113,214977,3067,2964,7,2971,55
2020-10-12,Yuba,115,75493,1173,1141,3,1144,10
2020-10-11,Alameda,001,1643700,22628,22057,199,22256,392
2020-10-11,Alpine,002,1148,3,3,0,3,0
2020-10-11,Amador,005,37829,307,305,0,305,16
2020-10-11,Butte,007,227075,3074,2967,55,3022,54
2020-10-11,Calaveras,009,45235,321,262,0,262,12
2020-10-11,Colusa,011,21464,541,541,1,542,6
2020-10-11,Contra Costa,013,1133247,18166,17678,89,17767,233
2020-10-11,Del Norte,015,27424,166,161,0,161,2
2020-10-11,El Dorado,017,186661,1305,1242,12,1254,4
2020-10-11,Fresno,019,978130,32210,29419,404,29823,421
2020-10-11,Glenn,021,27897,637,625,0,625,3
2020-10-11,Humboldt,023,135768,538,521,1,522,7
2020-10-11,Imperial,025,180216,12355,11614,10,11624,328
2020-10-11,Inyo,027,18085,213,201,4,205,14
2020-10-11,Kern,029,883053,33043,32399,372,32771,418
2020-10-11,Kings,031,150075,8285,8094,43,8137,80
2020-10-11,Lake,033,64148,668,631,0,631,12
2020-10-11,Lassen,035,31185,762,752,2,754,0
2020-10-11,Los Angeles,037,10098052,285514,280190,2328,282518,6745
2020-10-11,Madera,039,155013,4831,4680,32,4712,50
2020-10-11,Marin,041,260295,1204,6870,18,6888,97
2020-10-11,Mariposa,043,17540,77,76,0,76,2
2020-10-11,Mendocino,045,87422,1008,944,4,948,21
2020-10-11,Merced,047,269075,9267,9124,28,9152,146
2020-10-11,Modoc,049,8938,29,27,0,27,0
2020-10-11,Mono,051,14174,174,154,5,159,1
2020-10-11,Monterey,053,433212,10749,10445,39,10484,77
2020-10-11,Napa,055,140530,1877,1811,8,1819,11
2020-10-11,Nevada,057,99092,588,569,18,587,7
2020-10-11,Orange,059,3164182,58063,55202,1611,56813,1326
2020-10-11,Placer,061,380077,3940,3787,14,3801,48
2020-10-11,Plumas,063,18699,52,51,0,51,0
2020-10-11,Riverside,065,2383286,63709,62112,237,62349,1254
2020-10-11,Sacramento,067,1510023,24177,23778,29,23807,466
2020-10-11,San Benito,069,59416,1382,1374,0,1374,13
2020-10-11,San Bernardino,071,2135413,59175,56997,372,57369,1061
2020-10-11,San Diego,073,3302833,52435,50553,1272,51825,826
2020-10-11,San Francisco,075,870044,11815,11659,37,11696,122
2020-10-11,San Joaquin,077,732212,21057,20700,104,20804,480
2020-10-11,San Luis Obispo,079,281455,4129,3874,17,3891,32
2020-10-11,San Mateo,081,765935,10828,10240,11,10251,130
2020-10-11,Santa Barbara,083,443738,9578,9440,82,9522,117
2020-10-11,Santa Clara,085,1922200,23817,22487,49,22536,336
2020-10-11,Santa Cruz,087,273765,2678,2578,32,2610,13
2020-10-11,Shasta,089,179085,1807,1515,17,1532,20
2020-10-11,Sierra,091,2930,6,6,0,6,0
2020-10-11,Siskiyou,093,43540,172,162,10,172,0
2020-10-11,Solano,095,438530,6953,6685,37,6722,53
2020-10-11,Sonoma,097,501317,8743,8319,23,8342,133
2020-10-11,Stanislaus,099,539301,17163,17007,623,17630,360
2020-10-11,Sutter,101,95872,1758,1742,1,1743,12
2020-10-11,Tehama,103,63373,737,702,2,704,3
2020-10-11,Trinity,105,12862,69,19,8,27,0
2020-10-11,Tulare,107,460477,17279,16741,223,16964,286
2020-10-11,Tuolumne,109,53932,249,234,6,240,4
2020-10-11,Ventura,111,848112,14243,13604,277,13881,151
2020-10-11,Yolo,113,214977,3037,2952,7,2959,55
2020-10-11,Yuba,115,75493,1162,1137,3,1140,10
2020-10-10,Alameda,001,1643700,22578,21979,198,22177,398
2020-10-10,Alpine,002,1148,3,3,0,3,0
2020-10-10,Amador,005,37829,306,304,0,304,16
2020-10-10,Butte,007,227075,3069,2962,54,3016,54
2020-10-10,Calaveras,009,45235,320,262,0,262,12
2020-10-10,Colusa,011,21464,541,541,1,542,6
2020-10-10,Contra Costa,013,1133247,18130,17566,88,17654,233
2020-10-10,Del Norte,015,27424,166,161,0,161,2
2020-10-10,El Dorado,017,186661,1303,1240,12,1252,4
2020-10-10,Fresno,019,978130,32146,29286,402,29688,421
2020-10-10,Glenn,021,27897,637,623,0,623,3
2020-10-10,Humboldt,023,135768,535,518,1,519,7
2020-10-10,Imperial,025,180216,12340,11591,10,11601,327
2020-10-10,Inyo,027,18085,210,201,4,205,14
2020-10-10,Kern,029,883053,33006,32338,372,32710,418
2020-10-10,Kings,031,150075,8281,8078,43,8121,80
2020-10-10,Lake,033,64148,667,630,0,630,11
2020-10-10,Lassen,035,31185,762,752,2,754,0
2020-10-10,Los Angeles,037,10098052,284796,279213,2294,281507,6743
2020-10-10,Madera,039,155013,4819,4662,32,4694,50
2020-10-10,Marin,041,260295,1204,6852,18,6870,97
2020-10-10,Mariposa,043,17540,77,76,0,76,2
2020-10-10,Mendocino,045,87422,1001,935,4,939,21
2020-10-10,Merced,047,269075,9261,9105,27,9132,146
2020-10-10,Modoc,049,8938,29,27,0,27,0
2020-10-10,Mono,051,14174,174,154,5,159,1
2020-10-10,Monterey,053,433212,10716,10410,39,10449,75
2020-10-10,Napa,055,140530,1870,1804,8,1812,11
2020-10-10,Nevada,057,99092,585,564,18,582,6
2020-10-10,Orange,059,3164182,57942,54965,1606,56571,1324
2020-10-10,Placer,061,380077,3923,3757,14,3771,48
2020-10-10,Plumas,063,18699,52,51,0,51,0
2020-10-10,Riverside,065,2383286,63506,61845,235,62080,1254
2020-10-10,Sacramento,067,1510023,24109,23689,29,23718,466
2020-10-10,San Benito,069,59416,1380,1370,0,1370,13
2020-10-10,San Bernardino,071,2135413,59013,56683,370,57053,1061
2020-10-10,San Diego,073,3302833,52205,50145,1254,51399,825
2020-10-10,San Francisco,075,870044,11794,11663,37,11700,122
2020-10-10,San Joaquin,077,732212,21029,20700,100,20800,481
2020-10-10,San Luis Obispo,079,281455,4109,3832,17,3849,32
2020-10-10,San Mateo,081,765935,10791,10218,11,10229,130
2020-10-10,Santa Barbara,083,443738,9567,9417,82,9499,116
2020-10-10,Santa Clara,085,1922200,23726,22354,49,22403,330
2020-10-10,Santa Cruz,087,273765,2664,2572,32,2604,13
2020-10-10,Shasta,089,179085,1790,1473,17,1490,20
2020-10-10,Sierra,091,2930,6,6,0,6,0
2020-10-10,Siskiyou,093,43540,172,161,10,171,0
2020-10-10,Solano,095,438530,6927,6655,37,6692,53
2020-10-10,Sonoma,097,501317,8723,8235,23,8258,133
2020-10-10,Stanislaus,099,539301,17128,16960,615,17575,360
2020-10-10,Sutter,101,95872,1755,1735,1,1736,12
2020-10-10,Tehama,103,63373,730,693,2,695,3
2020-10-10,Trinity,105,12862,69,19,8,27,0
2020-10-10,Tulare,107,460477,17243,16709,218,16927,286
2020-10-10,Tuolumne,109,53932,249,233,6,239,4
2020-10-10,Ventura,111,848112,14218,13520,277,13797,151
2020-10-10,Yolo,113,214977,3028,2939,7,2946,55
2020-10-10,Yuba,115,75493,1160,1134,3,1137,10
2020-10-09,Alameda,001,1643700,22530,21924,198,22122,399
2020-10-09,Alpine,002,1148,3,3,0,3,0
2020-10-09,Amador,005,37829,306,303,0,303,16
2020-10-09,Butte,007,227075,3066,2956,54,3010,51
2020-10-09,Calaveras,009,45235,318,262,0,262,11
2020-10-09,Colusa,011,21464,541,541,1,542,6
2020-10-09,Contra Costa,013,1133247,18079,17487,88,17575,229
2020-10-09,Del Norte,015,27424,165,161,0,161,2
2020-10-09,El Dorado,017,186661,1299,1234,12,1246,4
2020-10-09,Fresno,019,978130,32072,29208,400,29608,417
2020-10-09,Glenn,021,27897,632,617,0,617,3
2020-10-09,Humboldt,023,135768,533,516,1,517,7
2020-10-09,Imperial,025,180216,12314,11516,10,11526,330
2020-10-09,Inyo,027,18085,207,200,4,204,14
2020-10-09,Kern,029,883053,32962,32237,370,32607,417
2020-10-09,Kings,031,150075,8274,7993,41,8034,80
2020-10-09,Lake,033,64148,657,610,0,610,11
2020-10-09,Lassen,035,31185,762,751,2,753,0
2020-10-09,Los Angeles,037,10098052,283661,278039,2270,280309,6715
2020-10-09,Madera,039,155013,4809,4646,32,4678,50
2020-10-09,Marin,041,260295,1204,6838,18,6856,96
2020-10-09,Mariposa,043,17540,77,76,0,76,2
2020-10-09,Mendocino,045,87422,991,933,4,937,20
2020-10-09,Merced,047,269075,9246,9095,27,9122,145
2020-10-09,Modoc,049,8938,29,27,0,27,0
2020-10-09,Mono,051,14174,174,154,5,159,1
2020-10-09,Monterey,053,433212,10682,10369,39,10408,75
2020-10-09,Napa,055,140530,1860,1795,8,1803,11
2020-10-09,Nevada,057,99092,580,561,18,579,6
2020-10-09,Orange,059,3164182,57770,54746,1601,56347,1305
2020-10-09,Placer,061,380077,3909,3737,13,3750,48
2020-10-09,Plumas,063,18699,52,50,0,50,0
2020-10-09,Riverside,065,2383286,63271,61529,234,61763,1252
2020-10-09,Sacramento,067,1510023,24040,23606,29,23635,457
2020-10-09,San Benito,069,59416,1375,1367,0,1367,13
2020-10-09,San Bernardino,071,2135413,58773,56434,368,56802,1057
2020-10-09,San Diego,073,3302833,51929,49825,1243,51068,821
2020-10-09,San Francisco,075,870044,11764,11620,37,11657,120
2020-10-09,San Joaquin,077,732212,20999,20648,92,20740,481
2020-10-09,San Luis Obispo,079,281455,4090,3810,17,3827,32
2020-10-09,San Mateo,081,765935,10763,10140,11,10151,130
2020-10-09,Santa Barbara,083,443738,9539,9396,82,9478,116
2020-10-09,Santa Clara,085,1922200,23624,22251,48,22299,328
2020-10-09,Santa Cruz,087,273765,2655,2555,32,2587,13
2020-10-09,Shasta,089,179085,1764,1353,16,1369,20
2020-10-09,Sierra,091,2930,6,6,0,6,0
2020-10-09,Siskiyou,093,43540,170,156,10,166,0
2020-10-09,Solano,095,438530,6888,6614,37,6651,53
2020-10-09,Sonoma,097,501317,8669,8133,23,8156,133
2020-10-09,Stanislaus,099,539301,17103,16904,608,17512,362
2020-10-09,Sutter,101,95872,1751,1732,1,1733,12
2020-10-09,Tehama,103,63373,724,682,2,684,3
2020-10-09,Trinity,105,12862,69,25,8,33,0
2020-10-09,Tulare,107,460477,17203,16644,209,16853,286
2020-10-09,Tuolumne,109,53932,246,230,6,236,4
2020-10-09,Ventura,111,848112,14182,13469,274,13743,151
2020-10-09,Yolo,113,214977,3021,2928,7,2935,55
2020-10-09,Yuba,115,75493,1159,1129,3,1132,10
2020-10-08,Alameda,001,1643700,22449,21826,197,22023,395
2020-10-08,Alpine,002,1148,3,3,0,3,0
2020-10-08,Amador,005,37829,305,302,0,302,16
2020-10-08,Butte,007,227075,3056,2935,54,2989,51
2020-10-08,Calaveras,009,45235,317,262,0,262,11
2020-10-08,Colusa,011,21464,541,539,1,540,6
2020-10-08,Contra Costa,013,1133247,18019,17418,87,17505,228
2020-10-08,Del Norte,015,27424,165,151,0,151,2
2020-10-08,El Dorado,017,186661,1298,1230,12,1242,4
2020-10-08,Fresno,019,978130,31968,29111,400,29511,416
2020-10-08,Glenn,021,27897,629,616,0,616,3
2020-10-08,Humboldt,023,135768,529,515,1,516,7
2020-10-08,Imperial,025,180216,12274,11405,10,11415,330
2020-10-08,Inyo,027,18085,204,199,4,203,14
2020-10-08,Kern,029,883053,32904,32169,365,32534,411
2020-10-08,Kings,031,150075,8268,7968,41,8009,80
2020-10-08,Lake,033,64148,652,604,0,604,11
2020-10-08,Lassen,035,31185,757,751,2,753,0
2020-10-08,Los Angeles,037,10098052,282458,276763,2230,278993,6699
2020-10-08,Madera,039,155013,4791,4637,32,4669,50
2020-10-08,Marin,041,260295,1204,6810,18,6828,96
2020-10-08,Mariposa,043,17540,77,76,0,76,2
2020-10-08,Mendocino,045,87422,986,930,4,934,20
2020-10-08,Merced,047,269075,9225,9069,27,9096,144
2020-10-08,Modoc,049,8938,29,27,0,27,0
2020-10-08,Mono,051,14174,174,153,5,158,1
2020-10-08,Monterey,053,433212,10615,10343,39,10382,75
2020-10-08,Napa,055,140530,1845,1779,8,1787,11
2020-10-08,Nevada,057,99092,577,556,18,574,6
2020-10-08,Orange,059,3164182,57578,54523,1590,56113,1293
2020-10-08,Placer,061,380077,3891,3715,13,3728,48
2020-10-08,Plumas,063,18699,52,50,0,50,0
2020-10-08,Riverside,065,2383286,63003,61105,233,61338,1244
2020-10-08,Sacramento,067,1510023,23933,23482,29,23511,454
2020-10-08,San Benito,069,59416,1370,1367,0,1367,13
2020-10-08,San Bernardino,071,2135413,58408,56152,367,56519,1048
2020-10-08,San Diego,073,3302833,51649,49468,1211,50679,819
2020-10-08,San Francisco,075,870044,11726,11608,37,11645,115
2020-10-08,San Joaquin,077,732212,20947,20576,87,20663,478
2020-10-08,San Luis Obispo,079,281455,4074,3785,17,3802,32
2020-10-08,San Mateo,081,765935,10731,10044,11,10055,130
2020-10-08,Santa Barbara,083,443738,9511,9374,82,9456,116
2020-10-08,Santa Clara,085,1922200,23522,22095,48,22143,323
2020-10-08,Santa Cruz,087,273765,2643,2535,32,2567,13
2020-10-08,Shasta,089,179085,1730,1305,16,1321,20
2020-10-08,Sierra,091,2930,6,6,0,6,0
2020-10-08,Siskiyou,093,43540,170,156,10,166,0
2020-10-08,Solano,095,438530,6864,6556,37,6593,53
2020-10-08,Sonoma,097,501317,8605,8063,23,8086,132
2020-10-08,Stanislaus,099,539301,17057,16821,600,17421,360
2020-10-08,Sutter,101,95872,1751,1725,1,1726,12
2020-10-08,Tehama,103,63373,715,676,2,678,3
2020-10-08,Trinity,105,12862,68,25,8,33,0
2020-10-08,Tulare,107,460477,17142,16573,201,16774,283
2020-10-08,Tuolumne,109,53932,245,230,6,236,4
2020-10-08,Ventura,111,848112,14134,13399,272,13671,151
2020-10-08,Yolo,113,214977,3004,2914,7,2921,55
2020-10-08,Yuba,115,75493,1154,1126,3,1129,10
2020-10-07,Alameda,001,1643700,22372,21736,197,21933,395
2020-10-07,Alpine,002,1148,3,3,0,3,0
2020-10-07,Amador,005,37829,305,302,0,302,16
2020-10-07,Butte,007,227075,3045,2927,54,2981,47
2020-10-07,Calaveras,009,45235,315,262,0,262,11
2020-10-07,Colusa,011,21464,540,539,0,539,6
2020-10-07,Contra Costa,013,1133247,17949,17346,86,17432,225
2020-10-07,Del Norte,015,27424,164,149,0,149,2
2020-10-07,El Dorado,017,186661,1290,1219,12,1231,4
2020-10-07,Fresno,019,978130,31847,29069,395,29464,413
2020-10-07,Glenn,021,27897,629,615,0,615,3
2020-10-07,Humboldt,023,135768,526,512,1,513,7
2020-10-07,Imperial,025,180216,12237,11289,9,11298,330
2020-10-07,Inyo,027,18085,204,199,4,203,14
2020-10-07,Kern,029,883053,32831,32068,364,32432,410
2020-10-07,Kings,031,150075,8253,7948,41,7989,80
2020-10-07,Lake,033,64148,651,599,0,599,11
2020-10-07,Lassen,035,31185,757,751,2,753,0
2020-10-07,Los Angeles,037,10098052,281274,275559,2198,277757,6681
2020-10-07,Madera,039,155013,4771,4618,32,4650,50
2020-10-07,Marin,041,260295,1203,6790,18,6808,95
2020-10-07,Mariposa,043,17540,77,75,0,75,2
2020-10-07,Mendocino,045,87422,980,927,4,931,19
2020-10-07,Merced,047,269075,9189,9045,26,9071,144
2020-10-07,Modoc,049,8938,29,27,0,27,0
2020-10-07,Mono,051,14174,173,153,4,157,1
2020-10-07,Monterey,053,433212,10556,10272,39,10311,75
2020-10-07,Napa,055,140530,1832,1774,8,1782,11
2020-10-07,Nevada,057,99092,573,552,18,570,6
2020-10-07,Orange,059,3164182,57362,54332,1579,55911,1277
2020-10-07,Placer,061,380077,3875,3693,13,3706,48
2020-10-07,Plumas,063,18699,52,50,0,50,0
2020-10-07,Riverside,065,2383286,62656,60857,229,61086,1241
2020-10-07,Sacramento,067,1510023,23836,23380,29,23409,452
2020-10-07,San Benito,069,59416,1367,1363,0,1363,13
2020-10-07,San Bernardino,071,2135413,58059,55738,366,56104,1043
2020-10-07,San Diego,073,3302833,51333,49177,1187,50364,813
2020-10-07,San Francisco,075,870044,11690,11551,37,11588,115
2020-10-07,San Joaquin,077,732212,20895,20527,80,20607,478
2020-10-07,San Luis Obispo,079,281455,4044,3749,17,3766,32
2020-10-07,San Mateo,081,765935,10688,9980,11,9991,130
2020-10-07,Santa Barbara,083,443738,9485,9350,81,9431,116
2020-10-07,Santa Clara,085,1922200,23394,21993,48,22041,320
2020-10-07,Santa Cruz,087,273765,2631,2518,32,2550,14
2020-10-07,Shasta,089,179085,1687,1268,16,1284,20
2020-10-07,Sierra,091,2930,6,6,0,6,0
2020-10-07,Siskiyou,093,43540,168,154,10,164,0
2020-10-07,Solano,095,438530,6829,6526,37,6563,53
2020-10-07,Sonoma,097,501317,8530,7993,22,8015,130
2020-10-07,Stanislaus,099,539301,17022,16786,594,17380,357
2020-10-07,Sutter,101,95872,1748,1723,1,1724,12
2020-10-07,Tehama,103,63373,706,666,2,668,3
2020-10-07,Trinity,105,12862,64,25,8,33,0
2020-10-07,Tulare,107,460477,17099,16483,193,16676,282
2020-10-07,Tuolumne,109,53932,245,227,6,233,3
2020-10-07,Ventura,111,848112,14084,13333,266,13599,150
2020-10-07,Yolo,113,214977,2979,2904,7,2911,55
2020-10-07,Yuba,115,75493,1148,1120,3,1123,10
2020-10-06,Alameda,001,1643700,22281,21698,195,21893,385
2020-10-06,Alpine,002,1148,3,3,0,3,0
2020-10-06,Amador,005,37829,303,301,0,301,16
2020-10-06,Butte,007,227075,3038,2925,54,2979,47
2020-10-06,Calaveras,009,45235,315,261,0,261,11
2020-10-06,Colusa,011,21464,539,538,0,538,6
2020-10-06,Contra Costa,013,1133247,17870,17295,86,17381,219
2020-10-06,Del Norte,015,27424,164,144,0,144,2
2020-10-06,El Dorado,017,186661,1286,1211,12,1223,4
2020-10-06,Fresno,019,978130,31704,29022,392,29414,412
2020-10-06,Glenn,021,27897,626,604,0,604,3
2020-10-06,Humboldt,023,135768,523,508,1,509,7
2020-10-06,Imperial,025,180216,12199,11196,9,11205,327
2020-10-06,Inyo,027,18085,202,198,4,202,14
2020-10-06,Kern,029,883053,32755,32006,362,32368,407
2020-10-06,Kings,031,150075,8237,7943,41,7984,81
2020-10-06,Lake,033,64148,645,596,0,596,11
2020-10-06,Lassen,035,31185,757,743,2,745,0
2020-10-06,Los Angeles,037,10098052,280036,274115,2149,276264,6657
2020-10-06,Madera,039,155013,4759,4608,32,4640,50
2020-10-06,Marin,041,260295,1203,6766,18,6784,91
2020-10-06,Mariposa,043,17540,77,75,0,75,2
2020-10-06,Mendocino,045,87422,973,920,4,924,19
2020-10-06,Merced,047,269075,9152,9034,25,9059,143
2020-10-06,Modoc,049,8938,29,26,0,26,0
2020-10-06,Mono,051,14174,173,153,4,157,1
2020-10-06,Monterey,053,433212,10501,10235,37,10272,72
2020-10-06,Napa,055,140530,1826,1770,8,1778,11
2020-10-06,Nevada,057,99092,570,551,18,569,6
2020-10-06,Orange,059,3164182,57146,54203,1570,55773,1273
2020-10-06,Placer,061,380077,3853,3680,13,3693,48
2020-10-06,Plumas,063,18699,52,49,0,49,0
2020-10-06,Riverside,065,2383286,62391,60593,227,60820,1238
2020-10-06,Sacramento,067,1510023,23750,23322,29,23351,442
2020-10-06,San Benito,069,59416,1366,1358,0,1358,12
2020-10-06,San Bernardino,071,2135413,57745,55416,361,55777,1040
2020-10-06,San Diego,073,3302833,50996,48823,1170,49993,806
2020-10-06,San Francisco,075,870044,11664,11513,36,11549,115
2020-10-06,San Joaquin,077,732212,20855,20481,77,20558,477
2020-10-06,San Luis Obispo,079,281455,4010,3723,17,3740,32
2020-10-06,San Mateo,081,765935,10656,9934,11,9945,129
2020-10-06,Santa Barbara,083,443738,9456,9331,80,9411,116
2020-10-06,Santa Clara,085,1922200,23299,21914,48,21962,320
2020-10-06,Santa Cruz,087,273765,2609,2510,32,2542,12
2020-10-06,Shasta,089,179085,1647,1242,16,1258,18
2020-10-06,Sierra,091,2930,6,6,0,6,0
2020-10-06,Siskiyou,093,43540,168,154,10,164,0
2020-10-06,Solano,095,438530,6783,6506,37,6543,52
2020-10-06,Sonoma,097,501317,8437,7895,22,7917,130
2020-10-06,Stanislaus,099,539301,16977,16759,588,17347,354
2020-10-06,Sutter,101,95872,1746,1722,1,1723,12
2020-10-06,Tehama,103,63373,696,660,2,662,3
2020-10-06,Trinity,105,12862,64,25,8,33,0
2020-10-06,Tulare,107,460477,17057,16456,185,16641,280
2020-10-06,Tuolumne,109,53932,244,227,6,233,2
2020-10-06,Ventura,111,848112,14017,13242,261,13503,150
2020-10-06,Yolo,113,214977,2965,2899,7,2906,56
2020-10-06,Yuba,115,75493,1147,1114,3,1117,10
2020-10-05,Alameda,001,1643700,22193,21637,192,21829,383
2020-10-05,Alpine,002,1148,3,2,0,2,0
2020-10-05,Amador,005,37829,303,299,0,299,16
2020-10-05,Butte,007,227075,3028,2910,54,2964,46
2020-10-05,Calaveras,009,45235,315,259,0,259,11
2020-10-05,Colusa,011,21464,539,537,0,537,6
2020-10-05,Contra Costa,013,1133247,17793,17250,86,17336,216
2020-10-05,Del Norte,015,27424,161,142,0,142,2
2020-10-05,El Dorado,017,186661,1282,1202,11,1213,4
2020-10-05,Fresno,019,978130,31587,29136,392,29528,408
2020-10-05,Glenn,021,27897,624,603,0,603,3
2020-10-05,Humboldt,023,135768,522,506,1,507,6
2020-10-05,Imperial,025,180216,12158,11169,9,11178,327
2020-10-05,Inyo,027,18085,202,197,4,201,14
2020-10-05,Kern,029,883053,32676,31933,358,32291,404
2020-10-05,Kings,031,150075,8139,7932,41,7973,80
2020-10-05,Lake,033,64148,641,592,0,592,10
2020-10-05,Lassen,035,31185,756,743,2,745,0
2020-10-05,Los Angeles,037,10098052,278939,273200,2112,275312,6632
2020-10-05,Madera,039,155013,4751,4598,30,4628,50
2020-10-05,Marin,041,260295,1202,6751,18,6769,91
2020-10-05,Mariposa,043,17540,77,75,0,75,2
2020-10-05,Mendocino,045,87422,965,913,4,917,19
2020-10-05,Merced,047,269075,9132,9021,24,9045,143
2020-10-05,Modoc,049,8938,29,26,0,26,0
2020-10-05,Mono,051,14174,173,152,4,156,1
2020-10-05,Monterey,053,433212,10454,10187,37,10224,72
2020-10-05,Napa,055,140530,1815,1760,8,1768,11
2020-10-05,Nevada,057,99092,567,550,17,567,6
2020-10-05,Orange,059,3164182,56930,54103,1557,55660,1271
2020-10-05,Placer,061,380077,3827,3670,13,3683,46
2020-10-05,Plumas,063,18699,51,49,0,49,0
2020-10-05,Riverside,065,2383286,62071,60454,223,60677,1232
2020-10-05,Sacramento,067,1510023,23646,23207,29,23236,438
2020-10-05,San Benito,069,59416,1363,1356,0,1356,12
2020-10-05,San Bernardino,071,2135413,57438,55100,360,55460,1031
2020-10-05,San Diego,073,3302833,50660,48662,1146,49808,803
2020-10-05,San Francisco,075,870044,11625,11476,34,11510,110
2020-10-05,San Joaquin,077,732212,20785,20319,74,20393,476
2020-10-05,San Luis Obispo,079,281455,3983,3710,17,3727,32
2020-10-05,San Mateo,081,765935,10629,9896,11,9907,128
2020-10-05,Santa Barbara,083,443738,9434,9309,80,9389,116
2020-10-05,Santa Clara,085,1922200,23182,21861,48,21909,319
2020-10-05,Santa Cruz,087,273765,2597,2492,32,2524,9
2020-10-05,Shasta,089,179085,1615,1158,16,1174,18
2020-10-05,Sierra,091,2930,6,6,0,6,0
2020-10-05,Siskiyou,093,43540,168,153,10,163,0
2020-10-05,Solano,095,438530,6745,6475,37,6512,52
2020-10-05,Sonoma,097,501317,8345,7817,22,7839,130
2020-10-05,Stanislaus,099,539301,16941,16730,581,17311,351
2020-10-05,Sutter,101,95872,1738,1719,1,1720,12
2020-10-05,Tehama,103,63373,688,642,2,644,3
2020-10-05,Trinity,105,12862,62,22,8,30,0
2020-10-05,Tulare,107,460477,16998,16343,180,16523,278
2020-10-05,Tuolumne,109,53932,241,226,6,232,2
2020-10-05,Ventura,111,848112,13948,13224,242,13466,149
2020-10-05,Yolo,113,214977,2946,2889,7,2896,56
2020-10-05,Yuba,115,75493,1134,1108,3,1111,9
2020-10-04,Alameda,001,1643700,22097,21597,192,21789,383
2020-10-04,Alpine,002,1148,3,2,0,2,0
2020-10-04,Amador,005,37829,302,297,0,297,16
2020-10-04,Butte,007,227075,3014,2903,54,2957,46
2020-10-04,Calaveras,009,45235,315,259,0,259,11
2020-10-04,Colusa,011,21464,538,537,0,537,6
2020-10-04,Contra Costa,013,1133247,17729,17192,86,17278,214
2020-10-04,Del Norte,015,27424,157,142,0,142,2
2020-10-04,El Dorado,017,186661,1278,1196,11,1207,4
2020-10-04,Fresno,019,978130,31462,29065,392,29457,408
2020-10-04,Glenn,021,27897,622,601,0,601,3
2020-10-04,Humboldt,023,135768,521,506,1,507,6
2020-10-04,Imperial,025,180216,12119,11127,9,11136,327
2020-10-04,Inyo,027,18085,199,195,4,199,14
2020-10-04,Kern,029,883053,32601,31906,355,32261,404
2020-10-04,Kings,031,150075,8124,7919,41,7960,80
2020-10-04,Lake,033,64148,627,589,0,589,10
2020-10-04,Lassen,035,31185,756,743,2,745,0
2020-10-04,Los Angeles,037,10098052,277551,272822,2066,274888,6625
2020-10-04,Madera,039,155013,4735,4587,30,4617,50
2020-10-04,Marin,041,260295,1202,6741,18,6759,91
2020-10-04,Mariposa,043,17540,77,75,0,75,2
2020-10-04,Mendocino,045,87422,952,905,4,909,18
2020-10-04,Merced,047,269075,9107,9006,24,9030,140
2020-10-04,Modoc,049,8938,29,26,0,26,0
2020-10-04,Mono,051,14174,172,152,3,155,1
2020-10-04,Monterey,053,433212,10413,10141,36,10177,72
2020-10-04,Napa,055,140530,1803,1759,8,1767,11
2020-10-04,Nevada,057,99092,563,547,16,563,6
2020-10-04,Orange,059,3164182,56694,53966,1548,55514,1270
2020-10-04,Placer,061,380077,3806,3664,13,3677,46
2020-10-04,Plumas,063,18699,51,49,0,49,0
2020-10-04,Riverside,065,2383286,61785,60251,219,60470,1226
2020-10-04,Sacramento,067,1510023,23530,23162,29,23191,438
2020-10-04,San Benito,069,59416,1363,1355,0,1355,12
2020-10-04,San Bernardino,071,2135413,56989,55100,358,55458,1031
2020-10-04,San Diego,073,3302833,50293,48438,1121,49559,803
2020-10-04,San Francisco,075,870044,11593,11474,32,11506,110
2020-10-04,San Joaquin,077,732212,20708,20320,68,20388,476
2020-10-04,San Luis Obispo,079,281455,3958,3688,17,3705,31
2020-10-04,San Mateo,081,765935,10569,9858,11,9869,128
2020-10-04,Santa Barbara,083,443738,9408,9276,78,9354,116
2020-10-04,Santa Clara,085,1922200,23045,21780,48,21828,316
2020-10-04,Santa Cruz,087,273765,2581,2483,32,2515,9
2020-10-04,Shasta,089,179085,1517,1158,15,1173,18
2020-10-04,Sierra,091,2930,6,6,0,6,0
2020-10-04,Siskiyou,093,43540,168,153,10,163,0
2020-10-04,Solano,095,438530,6694,6445,37,6482,52
2020-10-04,Sonoma,097,501317,8257,7794,22,7816,129
2020-10-04,Stanislaus,099,539301,16891,16711,572,17283,351
2020-10-04,Sutter,101,95872,1735,1711,1,1712,11
2020-10-04,Tehama,103,63373,673,637,2,639,3
2020-10-04,Trinity,105,12862,61,21,8,29,0
2020-10-04,Tulare,107,460477,16921,16343,169,16512,278
2020-10-04,Tuolumne,109,53932,239,226,6,232,2
2020-10-04,Ventura,111,848112,13866,13197,225,13422,149
2020-10-04,Yolo,113,214977,2935,2875,7,2882,56
2020-10-04,Yuba,115,75493,1130,1103,3,1106,9
2020-10-03,Alameda,001,1643700,22051,21510,191,21701,386
2020-10-03,Alpine,002,1148,3,2,0,2,0
2020-10-03,Amador,005,37829,301,296,0,296,16
2020-10-03,Butte,007,227075,3008,2894,54,2948,46
2020-10-03,Calaveras,009,45235,315,259,0,259,11
2020-10-03,Colusa,011,21464,537,537,0,537,6
2020-10-03,Contra Costa,013,1133247,17679,17087,84,17171,213
2020-10-03,Del Norte,015,27424,153,142,0,142,2
2020-10-03,El Dorado,017,186661,1271,1188,11,1199,4
2020-10-03,Fresno,019,978130,31402,28975,391,29366,408
2020-10-03,Glenn,021,27897,620,601,0,601,3
2020-10-03,Humboldt,023,135768,520,504,1,505,6
2020-10-03,Imperial,025,180216,12096,11090,9,11099,327
2020-10-03,Inyo,027,18085,199,194,4,198,14
2020-10-03,Kern,029,883053,32551,31864,351,32215,403
2020-10-03,Kings,031,150075,8120,7887,41,7928,80
2020-10-03,Lake,033,64148,617,588,0,588,10
2020-10-03,Lassen,035,31185,756,743,2,745,0
2020-10-03,Los Angeles,037,10098052,276844,271869,2037,273906,6620
2020-10-03,Madera,039,155013,4718,4565,30,4595,50
2020-10-03,Marin,041,260295,1202,6728,18,6746,91
2020-10-03,Mariposa,043,17540,77,75,0,75,2
2020-10-03,Mendocino,045,87422,950,898,4,902,18
2020-10-03,Merced,047,269075,9094,8986,24,9010,139
2020-10-03,Modoc,049,8938,29,26,0,26,0
2020-10-03,Mono,051,14174,171,152,3,155,1
2020-10-03,Monterey,053,433212,10379,10092,33,10125,72
2020-10-03,Napa,055,140530,1799,1752,8,1760,11
2020-10-03,Nevada,057,99092,562,544,16,560,6
2020-10-03,Orange,059,3164182,56577,53573,1543,55116,1268
2020-10-03,Placer,061,380077,3795,3648,13,3661,47
2020-10-03,Plumas,063,18699,51,48,0,48,0
2020-10-03,Riverside,065,2383286,61633,59991,217,60208,1226
2020-10-03,Sacramento,067,1510023,23479,23076,29,23105,437
2020-10-03,San Benito,069,59416,1363,1351,0,1351,12
2020-10-03,San Bernardino,071,2135413,56816,55004,355,55359,1031
2020-10-03,San Diego,073,3302833,50062,48202,1104,49306,798
2020-10-03,San Francisco,075,870044,11568,11475,30,11505,110
2020-10-03,San Joaquin,077,732212,20682,20322,68,20390,476
2020-10-03,San Luis Obispo,079,281455,3934,3670,17,3687,31
2020-10-03,San Mateo,081,765935,10542,9822,10,9832,128
2020-10-03,Santa Barbara,083,443738,9395,9256,78,9334,116
2020-10-03,Santa Clara,085,1922200,22965,21672,48,21720,309
2020-10-03,Santa Cruz,087,273765,2573,2476,32,2508,9
2020-10-03,Shasta,089,179085,1489,1117,14,1131,18
2020-10-03,Sierra,091,2930,6,6,0,6,0
2020-10-03,Siskiyou,093,43540,168,152,10,162,0
2020-10-03,Solano,095,438530,6668,6419,37,6456,52
2020-10-03,Sonoma,097,501317,8215,7747,22,7769,129
2020-10-03,Stanislaus,099,539301,16858,16645,568,17213,351
2020-10-03,Sutter,101,95872,1731,1705,1,1706,11
2020-10-03,Tehama,103,63373,667,630,2,632,3
2020-10-03,Trinity,105,12862,61,15,8,23,0
2020-10-03,Tulare,107,460477,16877,16322,165,16487,278
2020-10-03,Tuolumne,109,53932,238,224,6,230,2
2020-10-03,Ventura,111,848112,13828,13150,221,13371,148
2020-10-03,Yolo,113,214977,2928,2863,7,2870,56
2020-10-03,Yuba,115,75493,1122,1097,3,1100,8
2020-10-02,Alameda,001,1643700,21997,21404,190,21594,382
2020-10-02,Alpine,002,1148,3,2,0,2,0
2020-10-02,Amador,005,37829,300,296,0,296,16
2020-10-02,Butte,007,227075,2998,2879,54,2933,46
2020-10-02,Calaveras,009,45235,314,259,0,259,11
2020-10-02,Colusa,011,21464,536,537,0,537,6
2020-10-02,Contra Costa,013,1133247,17636,17002,83,17085,213
2020-10-02,Del Norte,015,27424,152,141,0,141,2
2020-10-02,El Dorado,017,186661,1264,1168,11,1179,4
2020-10-02,Fresno,019,978130,31320,28855,391,29246,403
2020-10-02,Glenn,021,27897,615,594,0,594,3
2020-10-02,Humboldt,023,135768,519,503,1,504,6
2020-10-02,Imperial,025,180216,12074,11024,9,11033,327
2020-10-02,Inyo,027,18085,197,191,4,195,14
2020-10-02,Kern,029,883053,32499,31790,344,32134,399
2020-10-02,Kings,031,150075,8111,7716,41,7757,79
2020-10-02,Lake,033,64148,611,579,0,579,10
2020-10-02,Lassen,035,31185,756,742,2,744,0
2020-10-02,Los Angeles,037,10098052,275943,270935,2011,272946,6602
2020-10-02,Madera,039,155013,4710,4537,30,4567,49
2020-10-02,Marin,041,260295,1202,6717,18,6735,91
2020-10-02,Mariposa,043,17540,77,75,0,75,2
2020-10-02,Mendocino,045,87422,945,883,4,887,18
2020-10-02,Merced,047,269075,9084,8961,24,8985,139
2020-10-02,Modoc,049,8938,29,26,0,26,0
2020-10-02,Mono,051,14174,171,150,3,153,1
2020-10-02,Monterey,053,433212,10345,9997,33,10030,71
2020-10-02,Napa,055,140530,1793,1737,8,1745,11
2020-10-02,Nevada,057,99092,559,543,16,559,6
2020-10-02,Orange,059,3164182,56446,53299,1536,54835,1262
2020-10-02,Placer,061,380077,3775,3612,13,3625,46
2020-10-02,Plumas,063,18699,51,48,0,48,0
2020-10-02,Riverside,065,2383286,61412,59673,214,59887,1223
2020-10-02,Sacramento,067,1510023,23414,22818,29,22847,436
2020-10-02,San Benito,069,59416,1359,1347,0,1347,12
2020-10-02,San Bernardino,071,2135413,56630,54613,355,54968,1028
2020-10-02,San Diego,073,3302833,49810,47793,1088,48881,794
2020-10-02,San Francisco,075,870044,11545,11398,30,11428,110
2020-10-02,San Joaquin,077,732212,20648,20235,67,20302,474
2020-10-02,San Luis Obispo,079,281455,3911,3654,17,3671,31
2020-10-02,San Mateo,081,765935,10501,9745,10,9755,128
2020-10-02,Santa Barbara,083,443738,9372,9234,78,9312,116
2020-10-02,Santa Clara,085,1922200,22879,21545,47,21592,305
2020-10-02,Santa Cruz,087,273765,2556,2463,32,2495,9
2020-10-02,Shasta,089,179085,1454,1046,14,1060,18
2020-10-02,Sierra,091,2930,6,6,0,6,0
2020-10-02,Siskiyou,093,43540,168,151,10,161,0
2020-10-02,Solano,095,438530,6638,6385,37,6422,52
2020-10-02,Sonoma,097,501317,8158,7662,22,7684,125
2020-10-02,Stanislaus,099,539301,16817,16609,559,17168,349
2020-10-02,Sutter,101,95872,1730,1693,1,1694,11
2020-10-02,Tehama,103,63373,662,619,2,621,3
2020-10-02,Trinity,105,12862,61,15,8,23,0
2020-10-02,Tulare,107,460477,16836,16245,158,16403,278
2020-10-02,Tuolumne,109,53932,236,225,6,231,2
2020-10-02,Ventura,111,848112,13789,13120,216,13336,146
2020-10-02,Yolo,113,214977,2923,2845,7,2852,55
2020-10-02,Yuba,115,75493,1120,1090,3,1093,8
2020-10-01,Alameda,001,1643700,21936,21349,186,21535,383
2020-10-01,Alpine,002,1148,3,2,0,2,0
2020-10-01,Amador,005,37829,300,294,0,294,16
2020-10-01,Butte,007,227075,2990,2865,54,2919,45
2020-10-01,Calaveras,009,45235,314,257,0,257,11
2020-10-01,Colusa,011,21464,536,536,0,536,6
2020-10-01,Contra Costa,013,1133247,17572,16898,83,16981,211
2020-10-01,Del Norte,015,27424,147,140,0,140,2
2020-10-01,El Dorado,017,186661,1260,1162,10,1172,4
2020-10-01,Fresno,019,978130,31240,28796,389,29185,397
2020-10-01,Glenn,021,27897,611,593,0,593,3
2020-10-01,Humboldt,023,135768,519,499,1,500,6
2020-10-01,Imperial,025,180216,12032,10928,9,10937,325
2020-10-01,Inyo,027,18085,197,191,4,195,14
2020-10-01,Kern,029,883053,32436,31678,339,32017,399
2020-10-01,Kings,031,150075,8100,7688,38,7726,79
2020-10-01,Lake,033,64148,605,572,0,572,11
2020-10-01,Lassen,035,31185,753,742,2,744,0
2020-10-01,Los Angeles,037,10098052,274895,271513,1979,273492,6621
2020-10-01,Madera,039,155013,4687,4508,30,4538,48
2020-10-01,Marin,041,260295,1202,6710,18,6728,92
2020-10-01,Mariposa,043,17540,77,76,0,76,2
2020-10-01,Mendocino,045,87422,940,874,4,878,19
2020-10-01,Merced,047,269075,9059,8942,24,8966,138
2020-10-01,Modoc,049,8938,29,26,0,26,0
2020-10-01,Mono,051,14174,169,150,3,153,1
2020-10-01,Monterey,053,433212,10270,9958,33,9991,71
2020-10-01,Napa,055,140530,1785,1729,8,1737,11
2020-10-01,Nevada,057,99092,558,543,16,559,6
2020-10-01,Orange,059,3164182,56280,53088,1523,54611,1257
2020-10-01,Placer,061,380077,3748,3599,13,3612,45
2020-10-01,Plumas,063,18699,51,48,0,48,0
2020-10-01,Riverside,065,2383286,61159,59293,208,59501,1223
2020-10-01,Sacramento,067,1510023,23302,22714,28,22742,433
2020-10-01,San Benito,069,59416,1357,1346,0,1346,12
2020-10-01,San Bernardino,071,2135413,56337,54350,352,54702,1021
2020-10-01,San Diego,073,3302833,49528,47487,1068,48555,792
2020-10-01,San Francisco,075,870044,11514,11284,28,11312,110
2020-10-01,San Joaquin,077,732212,20602,20204,64,20268,471
2020-10-01,San Luis Obispo,079,281455,3884,3625,17,3642,31
2020-10-01,San Mateo,081,765935,10456,9681,10,9691,128
2020-10-01,Santa Barbara,083,443738,9332,9215,78,9293,118
2020-10-01,Santa Clara,085,1922200,22778,21398,47,21445,305
2020-10-01,Santa Cruz,087,273765,2541,2418,32,2450,10
2020-10-01,Shasta,089,179085,1403,991,14,1005,18
2020-10-01,Sierra,091,2930,6,6,0,6,0
2020-10-01,Siskiyou,093,43540,165,150,10,160,0
2020-10-01,Solano,095,438530,6600,6352,37,6389,52
2020-10-01,Sonoma,097,501317,8091,7569,22,7591,125
2020-10-01,Stanislaus,099,539301,16784,16555,553,17108,346
2020-10-01,Sutter,101,95872,1725,1684,1,1685,11
2020-10-01,Tehama,103,63373,652,606,2,608,3
2020-10-01,Trinity,105,12862,61,15,8,23,0
2020-10-01,Tulare,107,460477,16761,16182,155,16337,275
2020-10-01,Tuolumne,109,53932,236,223,6,229,2
2020-10-01,Ventura,111,848112,13737,13057,203,13260,146
2020-10-01,Yolo,113,214977,2905,2833,7,2840,55
2020-10-01,Yuba,115,75493,1116,1082,3,1085,8
2020-09-30,Alameda,001,1643700,21858,21271,183,21454,380
2020-09-30,Alpine,002,1148,3,2,0,2,0
2020-09-30,Amador,005,37829,300,294,0,294,16
2020-09-30,Butte,007,227075,2982,2858,54,2912,44
2020-09-30,Calaveras,009,45235,313,258,0,258,11
2020-09-30,Colusa,011,21464,535,534,0,534,6
2020-09-30,Contra Costa,013,1133247,17504,16819,83,16902,211
2020-09-30,Del Norte,015,27424,146,140,0,140,2
2020-09-30,El Dorado,017,186661,1248,1157,10,1167,4
2020-09-30,Fresno,019,978130,31150,28706,386,29092,395
2020-09-30,Glenn,021,27897,606,592,0,592,3
2020-09-30,Humboldt,023,135768,517,497,1,498,6
2020-09-30,Imperial,025,180216,12007,10868,9,10877,287
2020-09-30,Inyo,027,18085,196,189,4,193,14
2020-09-30,Kern,029,883053,32360,31601,338,31939,398
2020-09-30,Kings,031,150075,8072,7685,38,7723,79
2020-09-30,Lake,033,64148,599,567,0,567,10
2020-09-30,Lassen,035,31185,750,742,2,744,0
2020-09-30,Los Angeles,037,10098052,273673,270260,1947,272207,6568
2020-09-30,Madera,039,155013,4678,4477,30,4507,47
2020-09-30,Marin,041,260295,1202,6700,17,6717,91
2020-09-30,Mariposa,043,17540,77,76,0,76,2
2020-09-30,Mendocino,045,87422,934,867,4,871,17
2020-09-30,Merced,047,269075,9039,8926,24,8950,136
2020-09-30,Modoc,049,8938,29,26,0,26,0
2020-09-30,Mono,051,14174,169,150,3,153,1
2020-09-30,Monterey,053,433212,10219,9898,32,9930,70
2020-09-30,Napa,055,140530,1771,1728,8,1736,11
2020-09-30,Nevada,057,99092,556,540,16,556,6
2020-09-30,Orange,059,3164182,56089,52916,1508,54424,1251
2020-09-30,Placer,061,380077,3727,3585,13,3598,43
2020-09-30,Plumas,063,18699,51,48,0,48,0
2020-09-30,Riverside,065,2383286,60803,59074,204,59278,1220
2020-09-30,Sacramento,067,1510023,23199,22613,28,22641,429
2020-09-30,San Benito,069,59416,1354,1342,0,1342,12
2020-09-30,San Bernardino,071,2135413,56060,53988,351,54339,1018
2020-09-30,San Diego,073,3302833,49224,47182,1047,48229,783
2020-09-30,San Francisco,075,870044,11484,11247,28,11275,106
2020-09-30,San Joaquin,077,732212,20519,20150,62,20212,461
2020-09-30,San Luis Obispo,079,281455,3859,3597,17,3614,31
2020-09-30,San Mateo,081,765935,10414,9634,10,9644,128
2020-09-30,Santa Barbara,083,443738,9306,9186,78,9264,115
2020-09-30,Santa Clara,085,1922200,22673,21318,47,21365,302
2020-09-30,Santa Cruz,087,273765,2528,2405,32,2437,10
2020-09-30,Shasta,089,179085,1347,976,13,989,17
2020-09-30,Sierra,091,2930,6,6,0,6,0
2020-09-30,Siskiyou,093,43540,163,150,10,160,0
2020-09-30,Solano,095,438530,6558,6315,37,6352,51
2020-09-30,Sonoma,097,501317,8002,7494,22,7516,125
2020-09-30,Stanislaus,099,539301,16737,16531,547,17078,343
2020-09-30,Sutter,101,95872,1709,1680,1,1681,10
2020-09-30,Tehama,103,63373,646,594,2,596,3
2020-09-30,Trinity,105,12862,58,15,8,23,0
2020-09-30,Tulare,107,460477,16694,16117,148,16265,274
2020-09-30,Tuolumne,109,53932,234,224,6,230,2
2020-09-30,Ventura,111,848112,13702,12968,187,13155,145
2020-09-30,Yolo,113,214977,2892,2822,7,2829,55
2020-09-30,Yuba,115,75493,1113,1075,3,1078,8
2020-09-29,Alameda,001,1643700,21783,21241,180,21421,374
2020-09-29,Alpine,002,1148,3,2,0,2,0
2020-09-29,Amador,005,37829,298,294,0,294,16
2020-09-29,Butte,007,227075,2968,2848,54,2902,44
2020-09-29,Calaveras,009,45235,311,261,0,261,11
2020-09-29,Colusa,011,21464,535,534,0,534,6
2020-09-29,Contra Costa,013,1133247,17448,16716,81,16797,209
2020-09-29,Del Norte,015,27424,142,142,0,142,2
2020-09-29,El Dorado,017,186661,1239,1151,10,1161,4
2020-09-29,Fresno,019,978130,31053,28621,385,29006,394
2020-09-29,Glenn,021,27897,602,589,0,589,3
2020-09-29,Humboldt,023,135768,515,497,1,498,6
2020-09-29,Imperial,025,180216,11972,10811,9,10820,283
2020-09-29,Inyo,027,18085,195,188,4,192,14
2020-09-29,Kern,029,883053,32305,31534,337,31871,397
2020-09-29,Kings,031,150075,8016,7681,38,7719,78
2020-09-29,Lake,033,64148,597,566,0,566,11
2020-09-29,Lassen,035,31185,750,741,2,743,0
2020-09-29,Los Angeles,037,10098052,272458,269246,1919,271165,6545
2020-09-29,Madera,039,155013,4655,4453,30,4483,47
2020-09-29,Marin,041,260295,1202,6692,17,6709,91
2020-09-29,Mariposa,043,17540,77,74,0,74,2
2020-09-29,Mendocino,045,87422,924,854,4,858,17
2020-09-29,Merced,047,269075,9026,8892,22,8914,136
2020-09-29,Modoc,049,8938,29,26,0,26,0
2020-09-29,Mono,051,14174,169,149,3,152,1
2020-09-29,Monterey,053,433212,10164,9826,30,9856,70
2020-09-29,Napa,055,140530,1768,1727,8,1735,11
2020-09-29,Nevada,057,99092,551,539,16,555,6
2020-09-29,Orange,059,3164182,55902,52755,1497,54252,1231
2020-09-29,Placer,061,380077,3705,3570,13,3583,42
2020-09-29,Plumas,063,18699,51,48,0,48,0
2020-09-29,Riverside,065,2383286,60473,58863,197,59060,1208
2020-09-29,Sacramento,067,1510023,23078,22547,27,22574,425
2020-09-29,San Benito,069,59416,1349,1341,0,1341,12
2020-09-29,San Bernardino,071,2135413,55750,53753,350,54103,1012
2020-09-29,San Diego,073,3302833,48947,46987,1024,48011,781
2020-09-29,San Francisco,075,870044,11448,11142,28,11170,104
2020-09-29,San Joaquin,077,732212,20451,20094,60,20154,454
2020-09-29,San Luis Obispo,079,281455,3837,3581,17,3598,31
2020-09-29,San Mateo,081,765935,10367,9619,10,9629,127
2020-09-29,Santa Barbara,083,443738,9286,9149,77,9226,114
2020-09-29,Santa Clara,085,1922200,22537,21233,46,21279,302
2020-09-29,Santa Cruz,087,273765,2513,2383,31,2414,10
2020-09-29,Shasta,089,179085,1286,943,13,956,17
2020-09-29,Sierra,091,2930,6,6,0,6,0
2020-09-29,Siskiyou,093,43540,157,150,10,160,0
2020-09-29,Solano,095,438530,6524,6303,37,6340,51
2020-09-29,Sonoma,097,501317,7930,7426,22,7448,125
2020-09-29,Stanislaus,099,539301,16707,16505,541,17046,341
2020-09-29,Sutter,101,95872,1703,1677,1,1678,10
2020-09-29,Tehama,103,63373,628,585,2,587,2
2020-09-29,Trinity,105,12862,56,16,8,24,0
2020-09-29,Tulare,107,460477,16628,16055,141,16196,270
2020-09-29,Tuolumne,109,53932,234,224,6,230,2
2020-09-29,Ventura,111,848112,13645,12875,184,13059,145
2020-09-29,Yolo,113,214977,2879,2818,7,2825,55
2020-09-29,Yuba,115,75493,1111,1071,3,1074,8
2020-09-28,Alameda,001,1643700,21696,21133,180,21313,370
2020-09-28,Alpine,002,1148,3,2,0,2,0
2020-09-28,Amador,005,37829,296,294,0,294,16
2020-09-28,Butte,007,227075,2953,2837,54,2891,44
2020-09-28,Calaveras,009,45235,311,257,0,257,11
2020-09-28,Colusa,011,21464,534,531,0,531,6
2020-09-28,Contra Costa,013,1133247,17385,16653,81,16734,195
2020-09-28,Del Norte,015,27424,142,138,0,138,2
2020-09-28,El Dorado,017,186661,1232,1144,10,1154,4
2020-09-28,Fresno,019,978130,30973,28517,379,28896,389
2020-09-28,Glenn,021,27897,600,585,0,585,3
2020-09-28,Humboldt,023,135768,509,495,1,496,6
2020-09-28,Imperial,025,180216,11937,10777,9,10786,283
2020-09-28,Inyo,027,18085,194,188,4,192,14
2020-09-28,Kern,029,883053,32240,31481,333,31814,395
2020-09-28,Kings,031,150075,7875,7661,36,7697,78
2020-09-28,Lake,033,64148,593,559,0,559,10
2020-09-28,Lassen,035,31185,749,737,2,739,0
2020-09-28,Los Angeles,037,10098052,271351,268404,1889,270293,6508
2020-09-28,Madera,039,155013,4634,4438,30,4468,47
2020-09-28,Marin,041,260295,1202,6676,17,6693,91
2020-09-28,Mariposa,043,17540,77,74,0,74,2
2020-09-28,Mendocino,045,87422,909,850,4,854,17
2020-09-28,Merced,047,269075,9006,8869,22,8891,136
2020-09-28,Modoc,049,8938,29,26,0,26,0
2020-09-28,Mono,051,14174,169,148,3,151,1
2020-09-28,Monterey,053,433212,10099,9780,28,9808,69
2020-09-28,Napa,055,140530,1756,1705,8,1713,11
2020-09-28,Nevada,057,99092,543,538,16,554,6
2020-09-28,Orange,059,3164182,55697,52633,1488,54121,1196
2020-09-28,Placer,061,380077,3684,3572,13,3585,42
2020-09-28,Plumas,063,18699,50,48,0,48,0
2020-09-28,Riverside,065,2383286,60175,58570,188,58758,1198
2020-09-28,Sacramento,067,1510023,22931,22392,27,22419,423
2020-09-28,San Benito,069,59416,1346,1336,0,1336,11
2020-09-28,San Bernardino,071,2135413,55402,53501,350,53851,988
2020-09-28,San Diego,073,3302833,48629,46736,1004,47740,776
2020-09-28,San Francisco,075,870044,11414,11114,28,11142,100
2020-09-28,San Joaquin,077,732212,20404,19982,59,20041,448
2020-09-28,San Luis Obispo,079,281455,3816,3567,17,3584,31
2020-09-28,San Mateo,081,765935,10317,9582,10,9592,127
2020-09-28,Santa Barbara,083,443738,9268,9121,77,9198,114
2020-09-28,Santa Clara,085,1922200,22420,21180,46,21226,271
2020-09-28,Santa Cruz,087,273765,2503,2359,31,2390,9
2020-09-28,Shasta,089,179085,1232,883,10,893,17
2020-09-28,Sierra,091,2930,6,6,0,6,0
2020-09-28,Siskiyou,093,43540,157,149,10,159,0
2020-09-28,Solano,095,438530,6487,6254,37,6291,51
2020-09-28,Sonoma,097,501317,7854,7369,22,7391,125
2020-09-28,Stanislaus,099,539301,16668,16467,534,17001,336
2020-09-28,Sutter,101,95872,1696,1676,1,1677,10
2020-09-28,Tehama,103,63373,620,579,2,581,2
2020-09-28,Trinity,105,12862,56,16,8,24,0
2020-09-28,Tulare,107,460477,16575,15918,136,16054,270
2020-09-28,Tuolumne,109,53932,234,225,6,231,2
2020-09-28,Ventura,111,848112,13567,12812,178,12990,139
2020-09-28,Yolo,113,214977,2862,2809,7,2816,55
2020-09-28,Yuba,115,75493,1108,1062,3,1065,7
2020-09-27,Alameda,001,1643700,21614,21077,176,21253,370
2020-09-27,Alpine,002,1148,3,2,0,2,0
2020-09-27,Amador,005,37829,296,291,0,291,16
2020-09-27,Butte,007,227075,2942,2833,53,2886,44
2020-09-27,Calaveras,009,45235,310,257,0,257,11
2020-09-27,Colusa,011,21464,533,531,0,531,6
2020-09-27,Contra Costa,013,1133247,17284,16596,80,16676,195
2020-09-27,Del Norte,015,27424,142,138,0,138,2
2020-09-27,El Dorado,017,186661,1217,1130,10,1140,4
2020-09-27,Fresno,019,978130,30868,28441,379,28820,389
2020-09-27,Glenn,021,27897,596,576,0,576,3
2020-09-27,Humboldt,023,135768,507,492,1,493,6
2020-09-27,Imperial,025,180216,11903,10743,9,10752,283
2020-09-27,Inyo,027,18085,192,188,4,192,14
2020-09-27,Kern,029,883053,32121,31462,330,31792,395
2020-09-27,Kings,031,150075,7855,7641,36,7677,78
2020-09-27,Lake,033,64148,589,555,0,555,10
2020-09-27,Lassen,035,31185,749,737,2,739,0
2020-09-27,Los Angeles,037,10098052,270171,267754,1870,269624,6507
2020-09-27,Madera,039,155013,4605,4416,30,4446,47
2020-09-27,Marin,041,260295,1202,6663,17,6680,91
2020-09-27,Mariposa,043,17540,77,74,0,74,2
2020-09-27,Mendocino,045,87422,903,846,4,850,17
2020-09-27,Merced,047,269075,8977,8853,22,8875,136
2020-09-27,Modoc,049,8938,29,26,0,26,0
2020-09-27,Mono,051,14174,169,148,3,151,1
2020-09-27,Monterey,053,433212,10039,9724,27,9751,69
2020-09-27,Napa,055,140530,1751,1690,8,1698,11
2020-09-27,Nevada,057,99092,542,537,16,553,6
2020-09-27,Orange,059,3164182,55422,52458,1479,53937,1195
2020-09-27,Placer,061,380077,3671,3562,13,3575,42
2020-09-27,Plumas,063,18699,50,48,0,48,0
2020-09-27,Riverside,065,2383286,59879,58509,180,58689,1191
2020-09-27,Sacramento,067,1510023,22833,22356,27,22383,422
2020-09-27,San Benito,069,59416,1346,1331,0,1331,11
2020-09-27,San Bernardino,071,2135413,54966,53127,350,53477,988
2020-09-27,San Diego,073,3302833,48285,46612,987,47599,776
2020-09-27,San Francisco,075,870044,11362,11114,28,11142,100
2020-09-27,San Joaquin,077,732212,20345,19981,59,20040,448
2020-09-27,San Luis Obispo,079,281455,3796,3562,17,3579,31
2020-09-27,San Mateo,081,765935,10249,9566,10,9576,127
2020-09-27,Santa Barbara,083,443738,9247,9090,76,9166,114
2020-09-27,Santa Clara,085,1922200,22311,21091,46,21137,271
2020-09-27,Santa Cruz,087,273765,2481,2359,31,2390,9
2020-09-27,Shasta,089,179085,1189,883,9,892,17
2020-09-27,Sierra,091,2930,6,6,0,6,0
2020-09-27,Siskiyou,093,43540,156,149,10,159,0
2020-09-27,Solano,095,438530,6452,6211,37,6248,51
2020-09-27,Sonoma,097,501317,7773,7336,22,7358,124
2020-09-27,Stanislaus,099,539301,16617,16448,528,16976,336
2020-09-27,Sutter,101,95872,1689,1672,1,1673,10
2020-09-27,Tehama,103,63373,603,573,2,575,2
2020-09-27,Trinity,105,12862,56,16,8,24,0
2020-09-27,Tulare,107,460477,16496,15918,127,16045,270
2020-09-27,Tuolumne,109,53932,233,224,6,230,2
2020-09-27,Ventura,111,848112,13478,12775,169,12944,139
2020-09-27,Yolo,113,214977,2848,2796,7,2803,55
2020-09-27,Yuba,115,75493,1098,1059,3,1062,7
2020-09-26,Alameda,001,1643700,21556,21019,175,21194,370
2020-09-26,Alpine,002,1148,3,2,0,2,0
2020-09-26,Amador,005,37829,295,291,0,291,16
2020-09-26,Butte,007,227075,2934,2827,53,2880,44
2020-09-26,Calaveras,009,45235,310,257,0,257,11
2020-09-26,Colusa,011,21464,533,529,0,529,6
2020-09-26,Contra Costa,013,1133247,17240,16508,80,16588,194
2020-09-26,Del Norte,015,27424,142,138,0,138,2
2020-09-26,El Dorado,017,186661,1212,1127,10,1137,4
2020-09-26,Fresno,019,978130,30801,28336,379,28715,389
2020-09-26,Glenn,021,27897,596,576,0,576,3
2020-09-26,Humboldt,023,135768,507,491,1,492,6
2020-09-26,Imperial,025,180216,11886,10721,9,10730,283
2020-09-26,Inyo,027,18085,191,187,4,191,14
2020-09-26,Kern,029,883053,32070,31410,330,31740,394
2020-09-26,Kings,031,150075,7843,7537,36,7573,78
2020-09-26,Lake,033,64148,586,549,0,549,10
2020-09-26,Lassen,035,31185,749,737,2,739,0
2020-09-26,Los Angeles,037,10098052,269538,266931,1856,268787,6497
2020-09-26,Madera,039,155013,4589,4410,30,4440,47
2020-09-26,Marin,041,260295,1201,6641,17,6658,91
2020-09-26,Mariposa,043,17540,76,74,0,74,2
2020-09-26,Mendocino,045,87422,898,836,4,840,17
2020-09-26,Merced,047,269075,8965,8841,21,8862,136
2020-09-26,Modoc,049,8938,29,26,0,26,0
2020-09-26,Mono,051,14174,169,148,3,151,1
2020-09-26,Monterey,053,433212,10012,9651,27,9678,68
2020-09-26,Napa,055,140530,1749,1681,8,1689,11
2020-09-26,Nevada,057,99092,542,534,16,550,6
2020-09-26,Orange,059,3164182,55283,52203,1473,53676,1194
2020-09-26,Placer,061,380077,3658,3551,13,3564,42
2020-09-26,Plumas,063,18699,49,48,0,48,0
2020-09-26,Riverside,065,2383286,59744,58076,178,58254,1190
2020-09-26,Sacramento,067,1510023,22775,22269,27,22296,421
2020-09-26,San Benito,069,59416,1344,1325,0,1325,11
2020-09-26,San Bernardino,071,2135413,54833,53122,350,53472,988
2020-09-26,San Diego,073,3302833,48080,46333,973,47306,775
2020-09-26,San Francisco,075,870044,11333,11113,28,11141,100
2020-09-26,San Joaquin,077,732212,20309,19982,57,20039,449
2020-09-26,San Luis Obispo,079,281455,3780,3546,17,3563,31
2020-09-26,San Mateo,081,765935,10215,9509,10,9519,127
2020-09-26,Santa Barbara,083,443738,9236,9061,76,9137,114
2020-09-26,Santa Clara,085,1922200,22240,20967,45,21012,270
2020-09-26,Santa Cruz,087,273765,2473,2336,31,2367,9
2020-09-26,Shasta,089,179085,1139,856,8,864,17
2020-09-26,Sierra,091,2930,6,6,0,6,0
2020-09-26,Siskiyou,093,43540,155,149,10,159,0
2020-09-26,Solano,095,438530,6433,6209,37,6246,51
2020-09-26,Sonoma,097,501317,7748,7285,21,7306,124
2020-09-26,Stanislaus,099,539301,16592,16421,520,16941,336
2020-09-26,Sutter,101,95872,1684,1662,1,1663,10
2020-09-26,Tehama,103,63373,591,560,2,562,2
2020-09-26,Trinity,105,12862,54,16,8,24,0
2020-09-26,Tulare,107,460477,16471,15881,125,16006,270
2020-09-26,Tuolumne,109,53932,233,223,6,229,2
2020-09-26,Ventura,111,848112,13443,12729,168,12897,137
2020-09-26,Yolo,113,214977,2846,2789,7,2796,55
2020-09-26,Yuba,115,75493,1094,1056,3,1059,7
2020-09-25,Alameda,001,1643700,21502,20911,175,21086,367
2020-09-25,Alpine,002,1148,3,2,0,2,0
2020-09-25,Amador,005,37829,295,289,0,289,16
2020-09-25,Butte,007,227075,2929,2819,53,2872,43
2020-09-25,Calaveras,009,45235,310,257,0,257,11
2020-09-25,Colusa,011,21464,533,528,0,528,6
2020-09-25,Contra Costa,013,1133247,17182,16401,80,16481,194
2020-09-25,Del Norte,015,27424,142,138,0,138,2
2020-09-25,El Dorado,017,186661,1208,1104,10,1114,4
2020-09-25,Fresno,019,978130,30741,28199,378,28577,385
2020-09-25,Glenn,021,27897,594,570,0,570,3
2020-09-25,Humboldt,023,135768,506,489,1,490,5
2020-09-25,Imperial,025,180216,11868,10681,9,10690,283
2020-09-25,Inyo,027,18085,189,187,4,191,14
2020-09-25,Kern,029,883053,32017,31333,328,31661,393
2020-09-25,Kings,031,150075,7838,7450,36,7486,77
2020-09-25,Lake,033,64148,585,539,0,539,9
2020-09-25,Lassen,035,31185,749,737,2,739,0
2020-09-25,Los Angeles,037,10098052,268744,265713,1843,267556,6483
2020-09-25,Madera,039,155013,4570,4369,30,4399,48
2020-09-25,Marin,041,260295,1200,6622,17,6639,90
2020-09-25,Mariposa,043,17540,76,74,0,74,2
2020-09-25,Mendocino,045,87422,883,819,3,822,17
2020-09-25,Merced,047,269075,8949,8830,21,8851,135
2020-09-25,Modoc,049,8938,29,26,0,26,0
2020-09-25,Mono,051,14174,169,149,3,152,1
2020-09-25,Monterey,053,433212,9960,9581,27,9608,68
2020-09-25,Napa,055,140530,1747,1669,8,1677,11
2020-09-25,Nevada,057,99092,540,529,16,545,6
2020-09-25,Orange,059,3164182,55156,52031,1465,53496,1184
2020-09-25,Placer,061,380077,3647,3527,13,3540,41
2020-09-25,Plumas,063,18699,49,48,0,48,0
2020-09-25,Riverside,065,2383286,59568,57783,173,57956,1183
2020-09-25,Sacramento,067,1510023,22698,22132,27,22159,418
2020-09-25,San Benito,069,59416,1343,1318,0,1318,11
2020-09-25,San Bernardino,071,2135413,54679,52814,350,53164,987
2020-09-25,San Diego,073,3302833,47878,46003,957,46960,775
2020-09-25,San Francisco,075,870044,11299,11066,27,11093,100
2020-09-25,San Joaquin,077,732212,20257,19909,57,19966,449
2020-09-25,San Luis Obispo,079,281455,3768,3512,17,3529,31
2020-09-25,San Mateo,081,765935,10179,9447,10,9457,127
2020-09-25,Santa Barbara,083,443738,9212,9026,76,9102,114
2020-09-25,Santa Clara,085,1922200,22175,20812,44,20856,265
2020-09-25,Santa Cruz,087,273765,2461,2309,30,2339,9
2020-09-25,Shasta,089,179085,1105,806,8,814,16
2020-09-25,Sierra,091,2930,6,6,0,6,0
2020-09-25,Siskiyou,093,43540,155,149,10,159,0
2020-09-25,Solano,095,438530,6417,6179,37,6216,50
2020-09-25,Sonoma,097,501317,7708,7202,21,7223,124
2020-09-25,Stanislaus,099,539301,16574,16381,518,16899,326
2020-09-25,Sutter,101,95872,1681,1655,1,1656,10
2020-09-25,Tehama,103,63373,583,546,2,548,2
2020-09-25,Trinity,105,12862,54,15,8,23,0
2020-09-25,Tulare,107,460477,16431,15815,124,15939,267
2020-09-25,Tuolumne,109,53932,233,223,6,229,2
2020-09-25,Ventura,111,848112,13400,12664,165,12829,137
2020-09-25,Yolo,113,214977,2838,2784,7,2791,55
2020-09-25,Yuba,115,75493,1089,1049,3,1052,5
2020-09-24,Alameda,001,1643700,21427,20838,172,21010,364
2020-09-24,Alpine,002,1148,3,2,0,2,0
2020-09-24,Amador,005,37829,295,288,0,288,16
2020-09-24,Butte,007,227075,2918,2803,53,2856,43
2020-09-24,Calaveras,009,45235,310,258,0,258,11
2020-09-24,Colusa,011,21464,533,523,0,523,6
2020-09-24,Contra Costa,013,1133247,17099,16252,80,16332,192
2020-09-24,Del Norte,015,27424,138,137,0,137,2
2020-09-24,El Dorado,017,186661,1199,1093,10,1103,4
2020-09-24,Fresno,019,978130,30635,28106,373,28479,375
2020-09-24,Glenn,021,27897,590,567,0,567,3
2020-09-24,Humboldt,023,135768,503,482,1,483,5
2020-09-24,Imperial,025,180216,11844,10622,9,10631,283
2020-09-24,Inyo,027,18085,189,187,4,191,13
2020-09-24,Kern,029,883053,31954,31273,326,31599,388
2020-09-24,Kings,031,150075,7822,7428,36,7464,76
2020-09-24,Lake,033,64148,576,531,0,531,9
2020-09-24,Lassen,035,31185,748,737,2,739,0
2020-09-24,Los Angeles,037,10098052,267702,264374,1826,266200,6452
2020-09-24,Madera,039,155013,4551,4344,30,4374,48
2020-09-24,Marin,041,260295,1200,6588,17,6605,85
2020-09-24,Mariposa,043,17540,76,74,0,74,2
2020-09-24,Mendocino,045,87422,879,810,3,813,17
2020-09-24,Merced,047,269075,8919,8813,20,8833,135
2020-09-24,Modoc,049,8938,29,24,0,24,0
2020-09-24,Mono,051,14174,169,149,3,152,1
2020-09-24,Monterey,053,433212,9894,9544,25,9569,67
2020-09-24,Napa,055,140530,1735,1661,8,1669,11
2020-09-24,Nevada,057,99092,539,527,16,543,6
2020-09-24,Orange,059,3164182,54950,51749,1447,53196,1164
2020-09-24,Placer,061,380077,3633,3514,13,3527,41
2020-09-24,Plumas,063,18699,49,48,0,48,0
2020-09-24,Riverside,065,2383286,59303,57491,167,57658,1172
2020-09-24,Sacramento,067,1510023,22570,21985,26,22011,417
2020-09-24,San Benito,069,59416,1341,1308,0,1308,11
2020-09-24,San Bernardino,071,2135413,54342,52455,349,52804,988
2020-09-24,San Diego,073,3302833,47609,45598,942,46540,773
2020-09-24,San Francisco,075,870044,11252,10992,27,11019,99
2020-09-24,San Joaquin,077,732212,20219,19851,55,19906,444
2020-09-24,San Luis Obispo,079,281455,3752,3480,17,3497,31
2020-09-24,San Mateo,081,765935,10131,9376,10,9386,127
2020-09-24,Santa Barbara,083,443738,9159,8988,75,9063,114
2020-09-24,Santa Clara,085,1922200,22087,20689,44,20733,262
2020-09-24,Santa Cruz,087,273765,2441,2300,28,2328,9
2020-09-24,Shasta,089,179085,1068,773,5,778,14
2020-09-24,Sierra,091,2930,6,6,0,6,0
2020-09-24,Siskiyou,093,43540,155,149,10,159,0
2020-09-24,Solano,095,438530,6384,6137,37,6174,49
2020-09-24,Sonoma,097,501317,7627,7163,21,7184,122
2020-09-24,Stanislaus,099,539301,16538,16326,513,16839,326
2020-09-24,Sutter,101,95872,1678,1646,1,1647,10
2020-09-24,Tehama,103,63373,580,540,2,542,2
2020-09-24,Trinity,105,12862,54,15,8,23,0
2020-09-24,Tulare,107,460477,16366,15754,123,15877,267
2020-09-24,Tuolumne,109,53932,233,224,6,230,2
2020-09-24,Ventura,111,848112,13318,12617,164,12781,138
2020-09-24,Yolo,113,214977,2831,2776,7,2783,55
2020-09-24,Yuba,115,75493,1084,1042,3,1045,5
2020-09-23,Alameda,001,1643700,21358,20718,170,20888,361
2020-09-23,Alpine,002,1148,3,2,0,2,0
2020-09-23,Amador,005,37829,294,288,0,288,16
2020-09-23,Butte,007,227075,2910,2790,53,2843,43
2020-09-23,Calaveras,009,45235,309,258,0,258,11
2020-09-23,Colusa,011,21464,532,521,0,521,6
2020-09-23,Contra Costa,013,1133247,17039,16167,80,16247,192
2020-09-23,Del Norte,015,27424,136,137,0,137,2
2020-09-23,El Dorado,017,186661,1185,1088,10,1098,4
2020-09-23,Fresno,019,978130,30542,28019,371,28390,371
2020-09-23,Glenn,021,27897,583,561,0,561,3
2020-09-23,Humboldt,023,135768,499,477,1,478,5
2020-09-23,Imperial,025,180216,11819,10587,9,10596,284
2020-09-23,Inyo,027,18085,188,177,4,181,13
2020-09-23,Kern,029,883053,31910,31172,324,31496,387
2020-09-23,Kings,031,150075,7800,7406,36,7442,76
2020-09-23,Lake,033,64148,571,519,0,519,9
2020-09-23,Lassen,035,31185,748,736,2,738,0
2020-09-23,Los Angeles,037,10098052,266683,263318,1799,265117,6421
2020-09-23,Madera,039,155013,4536,4311,30,4341,48
2020-09-23,Marin,041,260295,1200,6567,17,6584,85
2020-09-23,Mariposa,043,17540,76,74,0,74,2
2020-09-23,Mendocino,045,87422,878,801,2,803,17
2020-09-23,Merced,047,269075,8898,8785,19,8804,134
2020-09-23,Modoc,049,8938,29,24,0,24,0
2020-09-23,Mono,051,14174,169,149,3,152,1
2020-09-23,Monterey,053,433212,9825,9452,24,9476,67
2020-09-23,Napa,055,140530,1726,1653,8,1661,11
2020-09-23,Nevada,057,99092,538,523,16,539,6
2020-09-23,Orange,059,3164182,54722,51658,1439,53097,1155
2020-09-23,Placer,061,380077,3621,3506,13,3519,41
2020-09-23,Plumas,063,18699,49,48,0,48,0
2020-09-23,Riverside,065,2383286,58997,57257,164,57421,1165
2020-09-23,Sacramento,067,1510023,22494,21821,26,21847,415
2020-09-23,San Benito,069,59416,1335,1305,0,1305,10
2020-09-23,San Bernardino,071,2135413,54049,52132,347,52479,973
2020-09-23,San Diego,073,3302833,47333,45427,923,46350,767
2020-09-23,San Francisco,075,870044,11203,10926,27,10953,95
2020-09-23,San Joaquin,077,732212,20165,19785,55,19840,439
2020-09-23,San Luis Obispo,079,281455,3734,3447,17,3464,31
2020-09-23,San Mateo,081,765935,10091,9351,10,9361,127
2020-09-23,Santa Barbara,083,443738,9130,8952,75,9027,112
2020-09-23,Santa Clara,085,1922200,21977,20575,41,20616,260
2020-09-23,Santa Cruz,087,273765,2422,2283,28,2311,9
2020-09-23,Shasta,089,179085,1029,756,4,760,14
2020-09-23,Sierra,091,2930,6,6,0,6,0
2020-09-23,Siskiyou,093,43540,155,149,10,159,0
2020-09-23,Solano,095,438530,6358,6123,37,6160,50
2020-09-23,Sonoma,097,501317,7551,7091,21,7112,122
2020-09-23,Stanislaus,099,539301,16508,16271,510,16781,317
2020-09-23,Sutter,101,95872,1674,1646,1,1647,10
2020-09-23,Tehama,103,63373,574,533,2,535,2
2020-09-23,Trinity,105,12862,53,15,8,23,0
2020-09-23,Tulare,107,460477,16301,15664,122,15786,266
2020-09-23,Tuolumne,109,53932,233,223,6,229,2
2020-09-23,Ventura,111,848112,13262,12591,162,12753,137
2020-09-23,Yolo,113,214977,2813,2766,7,2773,55
2020-09-23,Yuba,115,75493,1082,1038,3,1041,5
2020-09-22,Alameda,001,1643700,21279,20607,168,20775,355
2020-09-22,Alpine,002,1148,2,2,0,2,0
2020-09-22,Amador,005,37829,293,287,0,287,16
2020-09-22,Butte,007,227075,2904,2776,53,2829,43
2020-09-22,Calaveras,009,45235,309,258,0,258,11
2020-09-22,Colusa,011,21464,530,518,0,518,6
2020-09-22,Contra Costa,013,1133247,16949,16090,80,16170,190
2020-09-22,Del Norte,015,27424,136,137,0,137,2
2020-09-22,El Dorado,017,186661,1166,1076,10,1086,4
2020-09-22,Fresno,019,978130,30447,27944,368,28312,369
2020-09-22,Glenn,021,27897,580,560,0,560,3
2020-09-22,Humboldt,023,135768,498,476,1,477,5
2020-09-22,Imperial,025,180216,11790,10529,9,10538,284
2020-09-22,Inyo,027,18085,188,177,4,181,13
2020-09-22,Kern,029,883053,31843,31110,317,31427,383
2020-09-22,Kings,031,150075,7743,7395,35,7430,76
2020-09-22,Lake,033,64148,565,516,0,516,9
2020-09-22,Lassen,035,31185,747,736,2,738,0
2020-09-22,Los Angeles,037,10098052,265617,262117,1773,263890,6394
2020-09-22,Madera,039,155013,4520,4303,30,4333,47
2020-09-22,Marin,041,260295,1200,6561,17,6578,84
2020-09-22,Mariposa,043,17540,76,74,0,74,2
2020-09-22,Mendocino,045,87422,858,794,1,795,18
2020-09-22,Merced,047,269075,8865,8769,19,8788,132
2020-09-22,Modoc,049,8938,29,24,0,24,0
2020-09-22,Mono,051,14174,168,149,3,152,1
2020-09-22,Monterey,053,433212,9767,9393,23,9416,67
2020-09-22,Napa,055,140530,1709,1652,8,1660,11
2020-09-22,Nevada,057,99092,538,523,16,539,6
2020-09-22,Orange,059,3164182,54471,51528,1430,52958,1132
2020-09-22,Placer,061,380077,3609,3492,13,3505,40
2020-09-22,Plumas,063,18699,49,48,0,48,0
2020-09-22,Riverside,065,2383286,58513,57066,160,57226,1162
2020-09-22,Sacramento,067,1510023,22375,21745,26,21771,410
2020-09-22,San Benito,069,59416,1330,1305,0,1305,10
2020-09-22,San Bernardino,071,2135413,53775,51899,347,52246,971
2020-09-22,San Diego,073,3302833,47026,45149,904,46053,765
2020-09-22,San Francisco,075,870044,11159,10893,26,10919,95
2020-09-22,San Joaquin,077,732212,20118,19755,54,19809,426
2020-09-22,San Luis Obispo,079,281455,3712,3420,17,3437,31
2020-09-22,San Mateo,081,765935,10053,9291,10,9301,127
2020-09-22,Santa Barbara,083,443738,9100,8927,74,9001,111
2020-09-22,Santa Clara,085,1922200,21858,20514,41,20555,253
2020-09-22,Santa Cruz,087,273765,2398,2264,28,2292,8
2020-09-22,Shasta,089,179085,994,723,4,727,14
2020-09-22,Sierra,091,2930,6,6,0,6,0
2020-09-22,Siskiyou,093,43540,155,149,10,159,0
2020-09-22,Solano,095,438530,6327,6107,37,6144,48
2020-09-22,Sonoma,097,501317,7472,7068,20,7088,117
2020-09-22,Stanislaus,099,539301,16485,16231,503,16734,316
2020-09-22,Sutter,101,95872,1668,1638,1,1639,10
2020-09-22,Tehama,103,63373,566,529,2,531,2
2020-09-22,Trinity,105,12862,53,15,8,23,0
2020-09-22,Tulare,107,460477,16234,15616,119,15735,263
2020-09-22,Tuolumne,109,53932,232,224,6,230,1
2020-09-22,Ventura,111,848112,13210,12507,158,12665,136
2020-09-22,Yolo,113,214977,2806,2763,7,2770,54
2020-09-22,Yuba,115,75493,1073,1035,3,1038,5
2020-09-21,Alameda,001,1643700,21200,20501,167,20668,343
2020-09-21,Alpine,002,1148,2,2,0,2,0
2020-09-21,Amador,005,37829,291,286,0,286,16
2020-09-21,Butte,007,227075,2890,2769,53,2822,41
2020-09-21,Calaveras,009,45235,307,256,0,256,10
2020-09-21,Colusa,011,21464,529,517,0,517,6
2020-09-21,Contra Costa,013,1133247,16869,16008,80,16088,189
2020-09-21,Del Norte,015,27424,136,132,0,132,2
2020-09-21,El Dorado,017,186661,1157,1074,10,1084,4
2020-09-21,Fresno,019,978130,30345,27843,361,28204,362
2020-09-21,Glenn,021,27897,576,556,0,556,3
2020-09-21,Humboldt,023,135768,494,473,1,474,5
2020-09-21,Imperial,025,180216,11759,10521,9,10530,284
2020-09-21,Inyo,027,18085,187,177,4,181,12
2020-09-21,Kern,029,883053,31772,31031,315,31346,379
2020-09-21,Kings,031,150075,7630,7297,34,7331,76
2020-09-21,Lake,033,64148,560,508,0,508,8
2020-09-21,Lassen,035,31185,745,735,2,737,0
2020-09-21,Los Angeles,037,10098052,264531,261418,1728,263146,6360
2020-09-21,Madera,039,155013,4509,4275,29,4304,47
2020-09-21,Marin,041,260295,1200,6538,16,6554,84
2020-09-21,Mariposa,043,17540,75,74,0,74,2
2020-09-21,Mendocino,045,87422,843,778,0,778,18
2020-09-21,Merced,047,269075,8842,8749,19,8768,128
2020-09-21,Modoc,049,8938,29,22,0,22,0
2020-09-21,Mono,051,14174,168,147,3,150,1
2020-09-21,Monterey,053,433212,9703,9331,20,9351,66
2020-09-21,Napa,055,140530,1698,1641,8,1649,11
2020-09-21,Nevada,057,99092,536,515,16,531,6
2020-09-21,Orange,059,3164182,54249,51363,1423,52786,1110
2020-09-21,Placer,061,380077,3599,3473,13,3486,40
2020-09-21,Plumas,063,18699,49,47,0,47,0
2020-09-21,Riverside,065,2383286,58241,57001,153,57154,1153
2020-09-21,Sacramento,067,1510023,22193,21568,26,21594,404
2020-09-21,San Benito,069,59416,1328,1298,0,1298,10
2020-09-21,San Bernardino,071,2135413,53488,51654,347,52001,970
2020-09-21,San Diego,073,3302833,46742,44927,883,45810,760
2020-09-21,San Francisco,075,870044,11111,10743,26,10769,95
2020-09-21,San Joaquin,077,732212,20061,19579,54,19633,423
2020-09-21,San Luis Obispo,079,281455,3686,3406,17,3423,27
2020-09-21,San Mateo,081,765935,10001,9239,10,9249,127
2020-09-21,Santa Barbara,083,443738,9072,8911,74,8985,110
2020-09-21,Santa Clara,085,1922200,21758,20432,41,20473,252
2020-09-21,Santa Cruz,087,273765,2382,2257,26,2283,8
2020-09-21,Shasta,089,179085,944,696,4,700,14
2020-09-21,Sierra,091,2930,6,6,0,6,0
2020-09-21,Siskiyou,093,43540,155,146,10,156,0
2020-09-21,Solano,095,438530,6303,6019,37,6056,46
2020-09-21,Sonoma,097,501317,7396,7017,20,7037,117
2020-09-21,Stanislaus,099,539301,16455,16186,503,16689,310
2020-09-21,Sutter,101,95872,1661,1634,1,1635,10
2020-09-21,Tehama,103,63373,547,513,2,515,2
2020-09-21,Trinity,105,12862,53,15,8,23,0
2020-09-21,Tulare,107,460477,16161,15528,110,15638,260
2020-09-21,Tuolumne,109,53932,232,221,6,227,1
2020-09-21,Ventura,111,848112,13126,12477,152,12629,133
2020-09-21,Yolo,113,214977,2800,2752,7,2759,54
2020-09-21,Yuba,115,75493,1069,1033,3,1036,1
2020-09-20,Alameda,001,1643700,21099,20425,164,20589,343
2020-09-20,Alpine,002,1148,2,2,0,2,0
2020-09-20,Amador,005,37829,290,286,0,286,16
2020-09-20,Butte,007,227075,2878,2764,53,2817,39
2020-09-20,Calaveras,009,45235,303,256,0,256,10
2020-09-20,Colusa,011,21464,527,510,0,510,6
2020-09-20,Contra Costa,013,1133247,16752,15917,79,15996,189
2020-09-20,Del Norte,015,27424,134,132,0,132,2
2020-09-20,El Dorado,017,186661,1142,1073,10,1083,4
2020-09-20,Fresno,019,978130,30232,27769,356,28125,362
2020-09-20,Glenn,021,27897,572,550,0,550,3
2020-09-20,Humboldt,023,135768,494,472,1,473,5
2020-09-20,Imperial,025,180216,11732,10496,8,10504,284
2020-09-20,Inyo,027,18085,187,177,4,181,12
2020-09-20,Kern,029,883053,31688,30992,311,31303,379
2020-09-20,Kings,031,150075,7583,7159,33,7192,76
2020-09-20,Lake,033,64148,548,492,0,492,8
2020-09-20,Lassen,035,31185,745,735,2,737,0
2020-09-20,Los Angeles,037,10098052,263303,260770,1704,262474,6347
2020-09-20,Madera,039,155013,4489,4257,29,4286,47
2020-09-20,Marin,041,260295,1199,6533,16,6549,83
2020-09-20,Mariposa,043,17540,75,74,0,74,2
2020-09-20,Mendocino,045,87422,831,765,0,765,18
2020-09-20,Merced,047,269075,8815,8745,19,8764,128
2020-09-20,Modoc,049,8938,27,22,0,22,0
2020-09-20,Mono,051,14174,167,147,3,150,1
2020-09-20,Monterey,053,433212,9624,9312,20,9332,65
2020-09-20,Napa,055,140530,1689,1626,8,1634,11
2020-09-20,Nevada,057,99092,533,511,16,527,6
2020-09-20,Orange,059,3164182,54008,51233,1413,52646,1110
2020-09-20,Placer,061,380077,3585,3452,13,3465,40
2020-09-20,Plumas,063,18699,49,47,0,47,0
2020-09-20,Riverside,065,2383286,58040,56783,147,56930,1147
2020-09-20,Sacramento,067,1510023,22006,21394,25,21419,401
2020-09-20,San Benito,069,59416,1317,1291,0,1291,9
2020-09-20,San Bernardino,071,2135413,53171,51559,345,51904,970
2020-09-20,San Diego,073,3302833,46369,44579,854,45433,760
2020-09-20,San Francisco,075,870044,11057,10743,26,10769,95
2020-09-20,San Joaquin,077,732212,19997,19578,47,19625,423
2020-09-20,San Luis Obispo,079,281455,3659,3393,17,3410,27
2020-09-20,San Mateo,081,765935,9935,9198,10,9208,127
2020-09-20,Santa Barbara,083,443738,9036,8880,73,8953,110
2020-09-20,Santa Clara,085,1922200,21639,20330,40,20370,252
2020-09-20,Santa Cruz,087,273765,2362,2199,26,2225,8
2020-09-20,Shasta,089,179085,903,696,3,699,14
2020-09-20,Sierra,091,2930,6,6,0,6,0
2020-09-20,Siskiyou,093,43540,155,146,10,156,0
2020-09-20,Solano,095,438530,6259,6020,37,6057,46
2020-09-20,Sonoma,097,501317,7292,6954,20,6974,117
2020-09-20,Stanislaus,099,539301,16423,16159,496,16655,310
2020-09-20,Sutter,101,95872,1655,1624,1,1625,10
2020-09-20,Tehama,103,63373,534,509,2,511,2
2020-09-20,Trinity,105,12862,53,15,8,23,0
2020-09-20,Tulare,107,460477,16075,15528,103,15631,260
2020-09-20,Tuolumne,109,53932,232,221,6,227,1
2020-09-20,Ventura,111,848112,13060,12406,148,12554,133
2020-09-20,Yolo,113,214977,2792,2745,7,2752,54
2020-09-20,Yuba,115,75493,1062,1029,3,1032,1
2020-09-19,Alameda,001,1643700,21049,20349,161,20510,343
2020-09-19,Alpine,002,1148,2,2,0,2,0
2020-09-19,Amador,005,37829,290,285,0,285,16
2020-09-19,Butte,007,227075,2872,2748,53,2801,38
2020-09-19,Calaveras,009,45235,303,256,0,256,10
2020-09-19,Colusa,011,21464,527,507,0,507,6
2020-09-19,Contra Costa,013,1133247,16690,15783,79,15862,186
2020-09-19,Del Norte,015,27424,133,132,0,132,2
2020-09-19,El Dorado,017,186661,1136,1068,9,1077,4
2020-09-19,Fresno,019,978130,30159,27668,356,28024,362
2020-09-19,Glenn,021,27897,569,547,0,547,3
2020-09-19,Humboldt,023,135768,493,471,1,472,5
2020-09-19,Imperial,025,180216,11717,10496,8,10504,284
2020-09-19,Inyo,027,18085,187,177,4,181,12
2020-09-19,Kern,029,883053,31636,30886,308,31194,379
2020-09-19,Kings,031,150075,7577,7130,33,7163,76
2020-09-19,Lake,033,64148,548,465,0,465,8
2020-09-19,Lassen,035,31185,745,731,2,733,0
2020-09-19,Los Angeles,037,10098052,262679,259801,1690,261491,6325
2020-09-19,Madera,039,155013,4466,4237,29,4266,47
2020-09-19,Marin,041,260295,1197,6513,15,6528,81
2020-09-19,Mariposa,043,17540,75,74,0,74,2
2020-09-19,Mendocino,045,87422,828,750,0,750,18
2020-09-19,Merced,047,269075,8804,8717,18,8735,128
2020-09-19,Modoc,049,8938,27,22,0,22,0
2020-09-19,Mono,051,14174,167,147,3,150,1
2020-09-19,Monterey,053,433212,9582,9237,20,9257,65
2020-09-19,Napa,055,140530,1681,1614,8,1622,11
2020-09-19,Nevada,057,99092,531,505,16,521,6
2020-09-19,Orange,059,3164182,53880,50999,1406,52405,1105
2020-09-19,Placer,061,380077,3576,3412,13,3425,40
2020-09-19,Plumas,063,18699,49,47,0,47,0
2020-09-19,Riverside,065,2383286,57913,56562,146,56708,1147
2020-09-19,Sacramento,067,1510023,21952,21297,25,21322,396
2020-09-19,San Benito,069,59416,1313,1276,0,1276,9
2020-09-19,San Bernardino,071,2135413,53013,51353,342,51695,971
2020-09-19,San Diego,073,3302833,46141,44295,831,45126,773
2020-09-19,San Francisco,075,870044,11024,10741,26,10767,95
2020-09-19,San Joaquin,077,732212,19961,19580,47,19627,424
2020-09-19,San Luis Obispo,079,281455,3638,3369,17,3386,27
2020-09-19,San Mateo,081,765935,9904,9158,10,9168,127
2020-09-19,Santa Barbara,083,443738,9016,8862,73,8935,106
2020-09-19,Santa Clara,085,1922200,21550,20170,40,20210,251
2020-09-19,Santa Cruz,087,273765,2348,2198,25,2223,8
2020-09-19,Shasta,089,179085,876,687,3,690,14
2020-09-19,Sierra,091,2930,6,6,0,6,0
2020-09-19,Siskiyou,093,43540,155,146,10,156,0
2020-09-19,Solano,095,438530,6243,5998,37,6035,46
2020-09-19,Sonoma,097,501317,7259,6905,20,6925,117
2020-09-19,Stanislaus,099,539301,16382,16109,489,16598,313
2020-09-19,Sutter,101,95872,1654,1602,1,1603,10
2020-09-19,Tehama,103,63373,529,498,2,500,2
2020-09-19,Trinity,105,12862,53,15,8,23,0
2020-09-19,Tulare,107,460477,16027,15485,100,15585,260
2020-09-19,Tuolumne,109,53932,232,217,6,223,1
2020-09-19,Ventura,111,848112,13028,12328,148,12476,133
2020-09-19,Yolo,113,214977,2784,2739,7,2746,54
2020-09-19,Yuba,115,75493,1055,1023,3,1026,1
2020-09-18,Alameda,001,1643700,20983,20222,155,20377,341
2020-09-18,Alpine,002,1148,2,2,0,2,0
2020-09-18,Amador,005,37829,290,285,0,285,16
2020-09-18,Butte,007,227075,2870,2738,53,2791,37
2020-09-18,Calaveras,009,45235,303,255,0,255,9
2020-09-18,Colusa,011,21464,527,504,0,504,6
2020-09-18,Contra Costa,013,1133247,16600,15667,79,15746,185
2020-09-18,Del Norte,015,27424,133,131,0,131,2
2020-09-18,El Dorado,017,186661,1123,1063,9,1072,4
2020-09-18,Fresno,019,978130,30095,27560,356,27916,359
2020-09-18,Glenn,021,27897,566,541,0,541,3
2020-09-18,Humboldt,023,135768,490,470,1,471,5
2020-09-18,Imperial,025,180216,11702,10460,8,10468,283
2020-09-18,Inyo,027,18085,187,177,4,181,12
2020-09-18,Kern,029,883053,31576,30742,305,31047,373
2020-09-18,Kings,031,150075,7567,7062,33,7095,74
2020-09-18,Lake,033,64148,542,458,0,458,8
2020-09-18,Lassen,035,31185,744,731,2,733,0
2020-09-18,Los Angeles,037,10098052,261917,258488,1672,260160,6324
2020-09-18,Madera,039,155013,4455,4211,29,4240,45
2020-09-18,Marin,041,260295,1195,6475,15,6490,81
2020-09-18,Mariposa,043,17540,75,74,0,74,2
2020-09-18,Mendocino,045,87422,820,739,0,739,18
2020-09-18,Merced,047,269075,8794,8691,17,8708,127
2020-09-18,Modoc,049,8938,27,22,0,22,0
2020-09-18,Mono,051,14174,165,147,3,150,1
2020-09-18,Monterey,053,433212,9541,9183,20,9203,64
2020-09-18,Napa,055,140530,1675,1604,8,1612,11
2020-09-18,Nevada,057,99092,528,504,16,520,6
2020-09-18,Orange,059,3164182,53734,50733,1394,52127,1107
2020-09-18,Placer,061,380077,3565,3389,13,3402,40
2020-09-18,Plumas,063,18699,49,45,0,45,0
2020-09-18,Riverside,065,2383286,57790,56248,141,56389,1143
2020-09-18,Sacramento,067,1510023,21868,21105,25,21130,391
2020-09-18,San Benito,069,59416,1305,1257,0,1257,8
2020-09-18,San Bernardino,071,2135413,52868,51106,339,51445,970
2020-09-18,San Diego,073,3302833,45891,44009,826,44835,757
2020-09-18,San Francisco,075,870044,10986,10644,25,10669,95
2020-09-18,San Joaquin,077,732212,19918,19531,46,19577,423
2020-09-18,San Luis Obispo,079,281455,3614,3328,17,3345,27
2020-09-18,San Mateo,081,765935,9864,9062,10,9072,127
2020-09-18,Santa Barbara,083,443738,8995,8824,73,8897,107
2020-09-18,Santa Clara,085,1922200,21453,20058,40,20098,252
2020-09-18,Santa Cruz,087,273765,2328,2180,24,2204,8
2020-09-18,Shasta,089,179085,841,668,3,671,14
2020-09-18,Sierra,091,2930,6,6,0,6,0
2020-09-18,Siskiyou,093,43540,154,146,10,156,0
2020-09-18,Solano,095,438530,6227,5961,37,5998,46
2020-09-18,Sonoma,097,501317,7212,6856,20,6876,114
2020-09-18,Stanislaus,099,539301,16352,16042,483,16525,277
2020-09-18,Sutter,101,95872,1647,1586,1,1587,10
2020-09-18,Tehama,103,63373,529,490,2,492,2
2020-09-18,Trinity,105,12862,53,15,7,22,0
2020-09-18,Tulare,107,460477,15994,15435,96,15531,259
2020-09-18,Tuolumne,109,53932,231,216,6,222,1
2020-09-18,Ventura,111,848112,12967,12236,144,12380,133
2020-09-18,Yolo,113,214977,2778,2732,7,2739,54
2020-09-18,Yuba,115,75493,1051,1020,3,1023,1
2020-09-17,Alameda,001,1643700,20884,20146,155,20301,339
2020-09-17,Alpine,002,1148,2,2,0,2,0
2020-09-17,Amador,005,37829,288,284,0,284,16
2020-09-17,Butte,007,227075,2853,2720,53,2773,38
2020-09-17,Calaveras,009,45235,303,254,0,254,9
2020-09-17,Colusa,011,21464,525,499,0,499,6
2020-09-17,Contra Costa,013,1133247,16515,15576,79,15655,184
2020-09-17,Del Norte,015,27424,133,131,0,131,2
2020-09-17,El Dorado,017,186661,1114,1057,9,1066,4
2020-09-17,Fresno,019,978130,29984,27487,351,27838,355
2020-09-17,Glenn,021,27897,565,541,0,541,3
2020-09-17,Humboldt,023,135768,484,466,1,467,5
2020-09-17,Imperial,025,180216,11685,10436,8,10444,281
2020-09-17,Inyo,027,18085,187,176,4,180,12
2020-09-17,Kern,029,883053,31516,30627,298,30925,372
2020-09-17,Kings,031,150075,7496,7015,33,7048,72
2020-09-17,Lake,033,64148,532,433,0,433,8
2020-09-17,Lassen,035,31185,742,731,2,733,0
2020-09-17,Los Angeles,037,10098052,260974,257246,1658,258904,6318
2020-09-17,Madera,039,155013,4421,4152,29,4181,45
2020-09-17,Marin,041,260295,1195,6457,15,6472,81
2020-09-17,Mariposa,043,17540,75,74,0,74,2
2020-09-17,Mendocino,045,87422,809,737,0,737,18
2020-09-17,Merced,047,269075,8774,8671,17,8688,119
2020-09-17,Modoc,049,8938,27,22,0,22,0
2020-09-17,Mono,051,14174,165,147,3,150,1
2020-09-17,Monterey,053,433212,9479,9113,20,9133,62
2020-09-17,Napa,055,140530,1664,1592,8,1600,11
2020-09-17,Nevada,057,99092,526,494,16,510,6
2020-09-17,Orange,059,3164182,53555,50537,1382,51919,1098
2020-09-17,Placer,061,380077,3545,3368,13,3381,40
2020-09-17,Plumas,063,18699,49,45,0,45,0
2020-09-17,Riverside,065,2383286,57565,56007,140,56147,1134
2020-09-17,Sacramento,067,1510023,21633,20895,25,20920,385
2020-09-17,San Benito,069,59416,1303,1252,0,1252,8
2020-09-17,San Bernardino,071,2135413,52664,50770,339,51109,904
2020-09-17,San Diego,073,3302833,45611,43621,814,44435,754
2020-09-17,San Francisco,075,870044,10892,10564,25,10589,95
2020-09-17,San Joaquin,077,732212,19859,19439,46,19485,416
2020-09-17,San Luis Obispo,079,281455,3584,3299,17,3316,27
2020-09-17,San Mateo,081,765935,9822,8984,10,8994,127
2020-09-17,Santa Barbara,083,443738,8971,8779,73,8852,107
2020-09-17,Santa Clara,085,1922200,21336,19825,40,19865,254
2020-09-17,Santa Cruz,087,273765,2312,2155,24,2179,7
2020-09-17,Shasta,089,179085,802,660,3,663,12
2020-09-17,Sierra,091,2930,6,6,0,6,0
2020-09-17,Siskiyou,093,43540,154,146,10,156,0
2020-09-17,Solano,095,438530,6204,5915,37,5952,44
2020-09-17,Sonoma,097,501317,7148,6754,20,6774,114
2020-09-17,Stanislaus,099,539301,16319,15984,479,16463,277
2020-09-17,Sutter,101,95872,1642,1572,1,1573,10
2020-09-17,Tehama,103,63373,516,487,2,489,2
2020-09-17,Trinity,105,12862,53,15,7,22,0
2020-09-17,Tulare,107,460477,15942,15344,94,15438,258
2020-09-17,Tuolumne,109,53932,230,214,6,220,1
2020-09-17,Ventura,111,848112,12880,12167,141,12308,130
2020-09-17,Yolo,113,214977,2769,2724,7,2731,53
2020-09-17,Yuba,115,75493,1047,1015,3,1018,1
2020-09-16,Alameda,001,1643700,20786,20009,153,20162,333
2020-09-16,Alpine,002,1148,2,2,0,2,0
2020-09-16,Amador,005,37829,288,284,0,284,16
2020-09-16,Butte,007,227075,2843,2704,52,2756,38
2020-09-16,Calaveras,009,45235,303,254,0,254,9
2020-09-16,Colusa,011,21464,523,497,0,497,6
2020-09-16,Contra Costa,013,1133247,16427,15473,79,15552,183
2020-09-16,Del Norte,015,27424,133,131,0,131,2
2020-09-16,El Dorado,017,186661,1106,1049,8,1057,4
2020-09-16,Fresno,019,978130,29877,27381,349,27730,343
2020-09-16,Glenn,021,27897,563,539,0,539,3
2020-09-16,Humboldt,023,135768,483,455,1,456,4
2020-09-16,Imperial,025,180216,11662,10401,8,10409,277
2020-09-16,Inyo,027,18085,186,176,4,180,12
2020-09-16,Kern,029,883053,31457,30570,297,30867,371
2020-09-16,Kings,031,150075,7471,7002,31,7033,71
2020-09-16,Lake,033,64148,521,417,0,417,6
2020-09-16,Lassen,035,31185,741,730,2,732,0
2020-09-16,Los Angeles,037,10098052,259993,256101,1641,257742,6299
2020-09-16,Madera,039,155013,4398,4138,29,4167,45
2020-09-16,Marin,041,260295,1193,6430,15,6445,77
2020-09-16,Mariposa,043,17540,75,74,0,74,2
2020-09-16,Mendocino,045,87422,800,727,0,727,18
2020-09-16,Merced,047,269075,8749,8646,15,8661,118
2020-09-16,Modoc,049,8938,27,22,0,22,0
2020-09-16,Mono,051,14174,165,147,3,150,1
2020-09-16,Monterey,053,433212,9425,8997,20,9017,62
2020-09-16,Napa,055,140530,1650,1587,8,1595,11
2020-09-16,Nevada,057,99092,521,495,15,510,6
2020-09-16,Orange,059,3164182,53354,50414,1373,51787,1096
2020-09-16,Placer,061,380077,3527,3351,13,3364,39
2020-09-16,Plumas,063,18699,49,45,0,45,0
2020-09-16,Riverside,065,2383286,57371,55811,132,55943,1127
2020-09-16,Sacramento,067,1510023,21540,20610,25,20635,377
2020-09-16,San Benito,069,59416,1295,1244,0,1244,8
2020-09-16,San Bernardino,071,2135413,52439,50509,338,50847,907
2020-09-16,San Diego,073,3302833,45319,43447,793,44240,748
2020-09-16,San Francisco,075,870044,10845,10502,25,10527,90
2020-09-16,San Joaquin,077,732212,19804,19377,45,19422,409
2020-09-16,San Luis Obispo,079,281455,3553,3285,17,3302,28
2020-09-16,San Mateo,081,765935,9757,8944,10,8954,127
2020-09-16,Santa Barbara,083,443738,8938,8764,73,8837,107
2020-09-16,Santa Clara,085,1922200,21217,19684,40,19724,253
2020-09-16,Santa Cruz,087,273765,2271,2089,23,2112,7
2020-09-16,Shasta,089,179085,776,635,3,638,11
2020-09-16,Sierra,091,2930,6,6,0,6,0
2020-09-16,Siskiyou,093,43540,153,145,10,155,0
2020-09-16,Solano,095,438530,6175,5899,37,5936,44
2020-09-16,Sonoma,097,501317,7086,6731,20,6751,104
2020-09-16,Stanislaus,099,539301,16271,15897,471,16368,263
2020-09-16,Sutter,101,95872,1629,1567,1,1568,10
2020-09-16,Tehama,103,63373,508,485,2,487,2
2020-09-16,Trinity,105,12862,53,15,7,22,0
2020-09-16,Tulare,107,460477,15898,15314,87,15401,258
2020-09-16,Tuolumne,109,53932,229,210,6,216,1
2020-09-16,Ventura,111,848112,12809,12073,139,12212,130
2020-09-16,Yolo,113,214977,2762,2709,7,2716,53
2020-09-16,Yuba,115,75493,1045,1000,3,1003,1
2020-09-15,Alameda,001,1643700,20680,19931,150,20081,327
2020-09-15,Alpine,002,1148,2,2,0,2,0
2020-09-15,Amador,005,37829,287,282,0,282,16
2020-09-15,Butte,007,227075,2830,2695,50,2745,38
2020-09-15,Calaveras,009,45235,303,248,0,248,5
2020-09-15,Colusa,011,21464,517,497,0,497,6
2020-09-15,Contra Costa,013,1133247,16321,15423,77,15500,180
2020-09-15,Del Norte,015,27424,133,129,0,129,2
2020-09-15,El Dorado,017,186661,1101,1046,8,1054,4
2020-09-15,Fresno,019,978130,29769,27312,344,27656,343
2020-09-15,Glenn,021,27897,562,531,0,531,3
2020-09-15,Humboldt,023,135768,481,456,1,457,4
2020-09-15,Imperial,025,180216,11637,10376,8,10384,277
2020-09-15,Inyo,027,18085,186,176,4,180,12
2020-09-15,Kern,029,883053,31344,30429,294,30723,368
2020-09-15,Kings,031,150075,7313,6977,31,7008,70
2020-09-15,Lake,033,64148,508,416,0,416,4
2020-09-15,Lassen,035,31185,737,719,2,721,0
2020-09-15,Los Angeles,037,10098052,258884,255048,1619,256667,6269
2020-09-15,Madera,039,155013,4379,4122,29,4151,45
2020-09-15,Marin,041,260295,1191,6423,15,6438,77
2020-09-15,Mariposa,043,17540,75,74,0,74,2
2020-09-15,Mendocino,045,87422,782,724,0,724,18
2020-09-15,Merced,047,269075,8720,8633,15,8648,114
2020-09-15,Modoc,049,8938,26,21,0,21,0
2020-09-15,Mono,051,14174,165,147,3,150,1
2020-09-15,Monterey,053,433212,9376,8943,20,8963,62
2020-09-15,Napa,055,140530,1636,1580,8,1588,11
2020-09-15,Nevada,057,99092,516,494,15,509,6
2020-09-15,Orange,059,3164182,53172,50294,1359,51653,1088
2020-09-15,Placer,061,380077,3503,3331,13,3344,38
2020-09-15,Plumas,063,18699,49,44,0,44,0
2020-09-15,Riverside,065,2383286,57077,55569,122,55691,1118
2020-09-15,Sacramento,067,1510023,21396,20487,25,20512,372
2020-09-15,San Benito,069,59416,1288,1237,0,1237,7
2020-09-15,San Bernardino,071,2135413,52224,50333,337,50670,904
2020-09-15,San Diego,073,3302833,45000,43183,773,43956,742
2020-09-15,San Francisco,075,870044,10787,10414,25,10439,90
2020-09-15,San Joaquin,077,732212,19752,19313,45,19358,401
2020-09-15,San Luis Obispo,079,281455,3533,3262,17,3279,28
2020-09-15,San Mateo,081,765935,9688,8895,10,8905,127
2020-09-15,Santa Barbara,083,443738,8913,8724,72,8796,104
2020-09-15,Santa Clara,085,1922200,21084,19610,40,19650,252
2020-09-15,Santa Cruz,087,273765,2245,2079,22,2101,7
2020-09-15,Shasta,089,179085,764,627,3,630,11
2020-09-15,Sierra,091,2930,6,6,0,6,0
2020-09-15,Siskiyou,093,43540,153,143,10,153,0
2020-09-15,Solano,095,438530,6141,5878,37,5915,45
2020-09-15,Sonoma,097,501317,7047,6701,20,6721,104
2020-09-15,Stanislaus,099,539301,16223,15880,469,16349,260
2020-09-15,Sutter,101,95872,1618,1556,1,1557,10
2020-09-15,Tehama,103,63373,496,484,2,486,2
2020-09-15,Trinity,105,12862,53,15,7,22,0
2020-09-15,Tulare,107,460477,15821,15203,85,15288,254
2020-09-15,Tuolumne,109,53932,229,209,6,215,1
2020-09-15,Ventura,111,848112,12756,11932,138,12070,128
2020-09-15,Yolo,113,214977,2758,2708,7,2715,53
2020-09-15,Yuba,115,75493,1039,991,3,994,1
2020-09-14,Alameda,001,1643700,20553,19851,149,20000,306
2020-09-14,Alpine,002,1148,2,2,0,2,0
2020-09-14,Amador,005,37829,285,281,0,281,16
2020-09-14,Butte,007,227075,2812,2642,50,2692,37
2020-09-14,Calaveras,009,45235,303,244,0,244,3
2020-09-14,Colusa,011,21464,516,486,0,486,6
2020-09-14,Contra Costa,013,1133247,16197,15354,76,15430,174
2020-09-14,Del Norte,015,27424,130,116,0,116,2
2020-09-14,El Dorado,017,186661,1097,1039,8,1047,3
2020-09-14,Fresno,019,978130,29686,27232,341,27573,344
2020-09-14,Glenn,021,27897,554,521,0,521,3
2020-09-14,Humboldt,023,135768,478,437,1,438,4
2020-09-14,Imperial,025,180216,11617,10340,8,10348,273
2020-09-14,Inyo,027,18085,186,176,4,180,12
2020-09-14,Kern,029,883053,31256,30344,293,30637,368
2020-09-14,Kings,031,150075,7232,6950,31,6981,70
2020-09-14,Lake,033,64148,487,407,0,407,4
2020-09-14,Lassen,035,31185,737,719,2,721,0
2020-09-14,Los Angeles,037,10098052,257855,254622,1594,256216,6226
2020-09-14,Madera,039,155013,4364,4104,29,4133,45
2020-09-14,Marin,041,260295,1191,6409,15,6424,70
2020-09-14,Mariposa,043,17540,75,74,0,74,2
2020-09-14,Mendocino,045,87422,765,710,0,710,17
2020-09-14,Merced,047,269075,8702,8593,15,8608,112
2020-09-14,Modoc,049,8938,26,21,0,21,0
2020-09-14,Mono,051,14174,165,147,3,150,1
2020-09-14,Monterey,053,433212,9305,8845,19,8864,61
2020-09-14,Napa,055,140530,1619,1576,8,1584,11
2020-09-14,Nevada,057,99092,511,489,15,504,6
2020-09-14,Orange,059,3164182,53011,50149,1343,51492,1079
2020-09-14,Placer,061,380077,3481,3302,13,3315,38
2020-09-14,Plumas,063,18699,48,42,0,42,0
2020-09-14,Riverside,065,2383286,56858,55488,118,55606,1113
2020-09-14,Sacramento,067,1510023,21201,20377,24,20401,367
2020-09-14,San Benito,069,59416,1273,1233,0,1233,7
2020-09-14,San Bernardino,071,2135413,52000,50163,336,50499,895
2020-09-14,San Diego,073,3302833,44689,42889,753,43642,734
2020-09-14,San Francisco,075,870044,10720,10255,23,10278,90
2020-09-14,San Joaquin,077,732212,19678,19111,44,19155,397
2020-09-14,San Luis Obispo,079,281455,3508,3248,17,3265,25
2020-09-14,San Mateo,081,765935,9627,8847,10,8857,127
2020-09-14,Santa Barbara,083,443738,8887,8692,72,8764,104
2020-09-14,Santa Clara,085,1922200,20896,19545,40,19585,247
2020-09-14,Santa Cruz,087,273765,2223,2016,21,2037,7
2020-09-14,Shasta,089,179085,741,584,3,587,10
2020-09-14,Sierra,091,2930,6,6,0,6,0
2020-09-14,Siskiyou,093,43540,152,143,10,153,0
2020-09-14,Solano,095,438530,6106,5834,37,5871,44
2020-09-14,Sonoma,097,501317,6983,6630,20,6650,102
2020-09-14,Stanislaus,099,539301,16178,15812,466,16278,253
2020-09-14,Sutter,101,95872,1607,1549,1,1550,10
2020-09-14,Tehama,103,63373,494,475,2,477,1
2020-09-14,Trinity,105,12862,52,14,7,21,0
2020-09-14,Tulare,107,460477,15752,15096,80,15176,254
2020-09-14,Tuolumne,109,53932,228,208,6,214,1
2020-09-14,Ventura,111,848112,12654,11903,135,12038,125
2020-09-14,Yolo,113,214977,2747,2687,7,2694,53
2020-09-14,Yuba,115,75493,1031,977,3,980,1
2020-09-13,Alameda,001,1643700,20447,19815,146,19961,306
2020-09-13,Alpine,002,1148,2,2,0,2,0
2020-09-13,Amador,005,37829,282,279,0,279,16
2020-09-13,Butte,007,227075,2791,2640,50,2690,37
2020-09-13,Calaveras,009,45235,302,246,0,246,3
2020-09-13,Colusa,011,21464,512,486,0,486,6
2020-09-13,Contra Costa,013,1133247,16091,15284,76,15360,172
2020-09-13,Del Norte,015,27424,127,116,0,116,1
2020-09-13,El Dorado,017,186661,1092,1035,8,1043,2
2020-09-13,Fresno,019,978130,29575,27196,332,27528,345
2020-09-13,Glenn,021,27897,550,517,0,517,3
2020-09-13,Humboldt,023,135768,478,434,1,435,4
2020-09-13,Imperial,025,180216,11580,10304,7,10311,273
2020-09-13,Inyo,027,18085,186,176,4,180,12
2020-09-13,Kern,029,883053,31160,30277,287,30564,368
2020-09-13,Kings,031,150075,7213,6937,31,6968,70
2020-09-13,Lake,033,64148,469,397,0,397,4
2020-09-13,Lassen,035,31185,734,719,2,721,0
2020-09-13,Los Angeles,037,10098052,256702,253950,1579,255529,6203
2020-09-13,Madera,039,155013,4307,4090,29,4119,45
2020-09-13,Marin,041,260295,1191,6395,15,6410,70
2020-09-13,Mariposa,043,17540,75,74,0,74,2
2020-09-13,Mendocino,045,87422,758,707,0,707,17
2020-09-13,Merced,047,269075,8673,8575,15,8590,112
2020-09-13,Modoc,049,8938,26,21,0,21,0
2020-09-13,Mono,051,14174,165,147,3,150,1
2020-09-13,Monterey,053,433212,9223,8826,18,8844,61
2020-09-13,Napa,055,140530,1612,1563,8,1571,11
2020-09-13,Nevada,057,99092,503,486,15,501,6
2020-09-13,Orange,059,3164182,52796,50061,1336,51397,1075
2020-09-13,Placer,061,380077,3452,3291,13,3304,38
2020-09-13,Plumas,063,18699,48,42,0,42,0
2020-09-13,Riverside,065,2383286,56651,55235,107,55342,1108
2020-09-13,Sacramento,067,1510023,20856,20279,24,20303,367
2020-09-13,San Benito,069,59416,1265,1217,0,1217,7
2020-09-13,San Bernardino,071,2135413,51713,49968,334,50302,895
2020-09-13,San Diego,073,3302833,44363,42681,719,43400,734
2020-09-13,San Francisco,075,870044,10642,10254,23,10277,90
2020-09-13,San Joaquin,077,732212,19607,19110,43,19153,396
2020-09-13,San Luis Obispo,079,281455,3471,3240,17,3257,24
2020-09-13,San Mateo,081,765935,9566,8811,10,8821,127
2020-09-13,Santa Barbara,083,443738,8850,8690,72,8762,104
2020-09-13,Santa Clara,085,1922200,20757,19456,39,19495,245
2020-09-13,Santa Cruz,087,273765,2189,2016,19,2035,7
2020-09-13,Shasta,089,179085,729,583,3,586,10
2020-09-13,Sierra,091,2930,6,6,0,6,0
2020-09-13,Siskiyou,093,43540,152,143,9,152,0
2020-09-13,Solano,095,438530,6060,5810,37,5847,43
2020-09-13,Sonoma,097,501317,6918,6592,20,6612,95
2020-09-13,Stanislaus,099,539301,16115,15759,454,16213,253
2020-09-13,Sutter,101,95872,1595,1539,1,1540,10
2020-09-13,Tehama,103,63373,490,476,2,478,1
2020-09-13,Trinity,105,12862,52,14,7,21,0
2020-09-13,Tulare,107,460477,15681,15098,79,15177,254
2020-09-13,Tuolumne,109,53932,224,208,6,214,1
2020-09-13,Ventura,111,848112,12546,11855,134,11989,123
2020-09-13,Yolo,113,214977,2735,2675,7,2682,53
2020-09-13,Yuba,115,75493,1026,967,3,970,1
2020-09-12,Alameda,001,1643700,20388,19758,146,19904,307
2020-09-12,Alpine,002,1148,2,2,0,2,0
2020-09-12,Amador,005,37829,281,278,0,278,16
2020-09-12,Butte,007,227075,2784,2629,49,2678,37
2020-09-12,Calaveras,009,45235,300,246,0,246,3
2020-09-12,Colusa,011,21464,508,486,0,486,6
2020-09-12,Contra Costa,013,1133247,16014,15135,75,15210,174
2020-09-12,Del Norte,015,27424,126,116,0,116,1
2020-09-12,El Dorado,017,186661,1085,1034,8,1042,2
2020-09-12,Fresno,019,978130,29505,27076,332,27408,345
2020-09-12,Glenn,021,27897,549,517,0,517,3
2020-09-12,Humboldt,023,135768,477,430,1,431,4
2020-09-12,Imperial,025,180216,11568,10305,7,10312,273
2020-09-12,Inyo,027,18085,186,177,4,181,12
2020-09-12,Kern,029,883053,31094,30202,287,30489,368
2020-09-12,Kings,031,150075,7203,6895,31,6926,70
2020-09-12,Lake,033,64148,461,393,0,393,4
2020-09-12,Lassen,035,31185,734,719,2,721,0
2020-09-12,Los Angeles,037,10098052,256143,253156,1559,254715,6193
2020-09-12,Madera,039,155013,4296,4058,29,4087,43
2020-09-12,Marin,041,260295,1191,6393,15,6408,69
2020-09-12,Mariposa,043,17540,75,72,0,72,2
2020-09-12,Mendocino,045,87422,755,700,0,700,17
2020-09-12,Merced,047,269075,8664,8533,15,8548,112
2020-09-12,Modoc,049,8938,25,21,0,21,0
2020-09-12,Mono,051,14174,165,147,3,150,1
2020-09-12,Monterey,053,433212,9187,8743,18,8761,61
2020-09-12,Napa,055,140530,1609,1556,8,1564,11
2020-09-12,Nevada,057,99092,502,482,15,497,6
2020-09-12,Orange,059,3164182,52680,49895,1333,51228,1078
2020-09-12,Placer,061,380077,3435,3280,13,3293,38
2020-09-12,Plumas,063,18699,48,42,0,42,0
2020-09-12,Riverside,065,2383286,56523,55058,103,55161,1108
2020-09-12,Sacramento,067,1510023,20788,20184,24,20208,367
2020-09-12,San Benito,069,59416,1262,1208,0,1208,7
2020-09-12,San Bernardino,071,2135413,51622,49945,332,50277,896
2020-09-12,San Diego,073,3302833,44168,42416,710,43126,747
2020-09-12,San Francisco,075,870044,10598,10257,23,10280,90
2020-09-12,San Joaquin,077,732212,19579,19108,43,19151,396
2020-09-12,San Luis Obispo,079,281455,3444,3220,17,3237,24
2020-09-12,San Mateo,081,765935,9521,8759,10,8769,127
2020-09-12,Santa Barbara,083,443738,8836,8642,72,8714,104
2020-09-12,Santa Clara,085,1922200,20670,19330,39,19369,237
2020-09-12,Santa Cruz,087,273765,2177,2016,19,2035,7
2020-09-12,Shasta,089,179085,717,569,3,572,10
2020-09-12,Sierra,091,2930,6,6,0,6,0
2020-09-12,Siskiyou,093,43540,152,141,9,150,0
2020-09-12,Solano,095,438530,6036,5772,37,5809,43
2020-09-12,Sonoma,097,501317,6893,6531,20,6551,95
2020-09-12,Stanislaus,099,539301,16083,15675,451,16126,253
2020-09-12,Sutter,101,95872,1589,1529,1,1530,10
2020-09-12,Tehama,103,63373,487,471,2,473,1
2020-09-12,Trinity,105,12862,52,15,7,22,0
2020-09-12,Tulare,107,460477,15636,15018,78,15096,254
2020-09-12,Tuolumne,109,53932,224,208,6,214,1
2020-09-12,Ventura,111,848112,12495,11759,132,11891,123
2020-09-12,Yolo,113,214977,2728,2646,7,2653,53
2020-09-12,Yuba,115,75493,1022,963,3,966,1
2020-09-11,Alameda,001,1643700,20333,19625,145,19770,298
2020-09-11,Alpine,002,1148,2,2,0,2,0
2020-09-11,Amador,005,37829,281,277,0,277,16
2020-09-11,Butte,007,227075,2772,2605,49,2654,37
2020-09-11,Calaveras,009,45235,299,242,0,242,1
2020-09-11,Colusa,011,21464,507,484,0,484,6
2020-09-11,Contra Costa,013,1133247,15956,15001,72,15073,173
2020-09-11,Del Norte,015,27424,126,115,0,115,1
2020-09-11,El Dorado,017,186661,1082,1024,8,1032,2
2020-09-11,Fresno,019,978130,29425,26917,331,27248,344
2020-09-11,Glenn,021,27897,544,515,0,515,3
2020-09-11,Humboldt,023,135768,475,426,1,427,4
2020-09-11,Imperial,025,180216,11550,10286,7,10293,273
2020-09-11,Inyo,027,18085,186,176,4,180,12
2020-09-11,Kern,029,883053,31026,30059,286,30345,365
2020-09-11,Kings,031,150075,7186,6770,31,6801,70
2020-09-11,Lake,033,64148,453,382,0,382,4
2020-09-11,Lassen,035,31185,734,719,2,721,0
2020-09-11,Los Angeles,037,10098052,255464,252057,1548,253605,6172
2020-09-11,Madera,039,155013,4277,4018,29,4047,43
2020-09-11,Marin,041,260295,1191,6364,15,6379,69
2020-09-11,Mariposa,043,17540,75,72,0,72,2
2020-09-11,Mendocino,045,87422,744,700,0,700,17
2020-09-11,Merced,047,269075,8645,8489,14,8503,109
2020-09-11,Modoc,049,8938,25,21,0,21,0
2020-09-11,Mono,051,14174,165,145,3,148,1
2020-09-11,Monterey,053,433212,9139,8595,18,8613,61
2020-09-11,Napa,055,140530,1598,1543,8,1551,11
2020-09-11,Nevada,057,99092,495,483,15,498,6
2020-09-11,Orange,059,3164182,52550,49755,1321,51076,1068
2020-09-11,Placer,061,380077,3420,3254,13,3267,37
2020-09-11,Plumas,063,18699,48,42,0,42,0
2020-09-11,Riverside,065,2383286,56388,54717,100,54817,1099
2020-09-11,Sacramento,067,1510023,20704,20012,24,20036,358
2020-09-11,San Benito,069,59416,1252,1202,0,1202,7
2020-09-11,San Bernardino,071,2135413,51523,49682,332,50014,871
2020-09-11,San Diego,073,3302833,43948,41971,704,42675,730
2020-09-11,San Francisco,075,870044,10550,10133,22,10155,89
2020-09-11,San Joaquin,077,732212,19531,19019,43,19062,391
2020-09-11,San Luis Obispo,079,281455,3426,3190,17,3207,24
2020-09-11,San Mateo,081,765935,9479,8611,10,8621,127
2020-09-11,Santa Barbara,083,443738,8803,8592,71,8663,103
2020-09-11,Santa Clara,085,1922200,20582,19065,39,19104,234
2020-09-11,Santa Cruz,087,273765,2160,1997,19,2016,7
2020-09-11,Shasta,089,179085,707,568,3,571,10
2020-09-11,Sierra,091,2930,6,6,0,6,0
2020-09-11,Siskiyou,093,43540,151,139,9,148,0
2020-09-11,Solano,095,438530,6018,5742,37,5779,42
2020-09-11,Sonoma,097,501317,6854,6469,20,6489,91
2020-09-11,Stanislaus,099,539301,16045,15613,448,16061,253
2020-09-11,Sutter,101,95872,1579,1505,1,1506,11
2020-09-11,Tehama,103,63373,484,466,2,468,1
2020-09-11,Trinity,105,12862,52,16,7,23,0
2020-09-11,Tulare,107,460477,15603,14932,75,15007,251
2020-09-11,Tuolumne,109,53932,224,208,6,214,1
2020-09-11,Ventura,111,848112,12441,11700,130,11830,123
2020-09-11,Yolo,113,214977,2718,2632,7,2639,53
2020-09-11,Yuba,115,75493,1014,946,3,949,1
2020-09-10,Alameda,001,1643700,20259,19509,145,19654,292
2020-09-10,Alpine,002,1148,2,2,0,2,0
2020-09-10,Amador,005,37829,280,277,0,277,16
2020-09-10,Butte,007,227075,2755,2590,49,2639,37
2020-09-10,Calaveras,009,45235,299,244,0,244,1
2020-09-10,Colusa,011,21464,505,482,0,482,6
2020-09-10,Contra Costa,013,1133247,15883,14909,72,14981,172
2020-09-10,Del Norte,015,27424,125,112,0,112,1
2020-09-10,El Dorado,017,186661,1079,1020,8,1028,2
2020-09-10,Fresno,019,978130,29304,26783,331,27114,338
2020-09-10,Glenn,021,27897,534,511,0,511,3
2020-09-10,Humboldt,023,135768,464,422,1,423,4
2020-09-10,Imperial,025,180216,11534,10251,7,10258,270
2020-09-10,Inyo,027,18085,185,176,4,180,11
2020-09-10,Kern,029,883053,30944,29988,282,30270,363
2020-09-10,Kings,031,150075,7156,6739,31,6770,70
2020-09-10,Lake,033,64148,447,377,0,377,4
2020-09-10,Lassen,035,31185,733,716,2,718,0
2020-09-10,Los Angeles,037,10098052,254486,251003,1527,252530,6132
2020-09-10,Madera,039,155013,4259,3979,29,4008,43
2020-09-10,Marin,041,260295,1191,6344,15,6359,68
2020-09-10,Mariposa,043,17540,75,72,0,72,2
2020-09-10,Mendocino,045,87422,734,697,0,697,16
2020-09-10,Merced,047,269075,8598,8461,14,8475,109
2020-09-10,Modoc,049,8938,25,21,0,21,0
2020-09-10,Mono,051,14174,165,145,3,148,1
2020-09-10,Monterey,053,433212,9069,8570,18,8588,59
2020-09-10,Napa,055,140530,1592,1536,8,1544,11
2020-09-10,Nevada,057,99092,491,478,15,493,6
2020-09-10,Orange,059,3164182,52387,49617,1314,50931,1057
2020-09-10,Placer,061,380077,3400,3233,13,3246,37
2020-09-10,Plumas,063,18699,48,42,0,42,0
2020-09-10,Riverside,065,2383286,56069,54417,97,54514,1091
2020-09-10,Sacramento,067,1510023,20584,19618,23,19641,354
2020-09-10,San Benito,069,59416,1246,1201,0,1201,5
2020-09-10,San Bernardino,071,2135413,51334,49467,330,49797,867
2020-09-10,San Diego,073,3302833,43682,41610,677,42287,725
2020-09-10,San Francisco,075,870044,10473,10082,22,10104,89
2020-09-10,San Joaquin,077,732212,19478,18854,43,18897,389
2020-09-10,San Luis Obispo,079,281455,3412,3161,16,3177,24
2020-09-10,San Mateo,081,765935,9433,8529,10,8539,125
2020-09-10,Santa Barbara,083,443738,8758,8552,71,8623,100
2020-09-10,Santa Clara,085,1922200,20467,18870,39,18909,231
2020-09-10,Santa Cruz,087,273765,2145,1986,17,2003,7
2020-09-10,Shasta,089,179085,696,566,3,569,10
2020-09-10,Sierra,091,2930,6,6,0,6,0
2020-09-10,Siskiyou,093,43540,151,137,9,146,0
2020-09-10,Solano,095,438530,5978,5696,37,5733,42
2020-09-10,Sonoma,097,501317,6805,6424,20,6444,91
2020-09-10,Stanislaus,099,539301,15992,15509,443,15952,243
2020-09-10,Sutter,101,95872,1569,1494,1,1495,11
2020-09-10,Tehama,103,63373,477,466,2,468,1
2020-09-10,Trinity,105,12862,52,15,7,22,0
2020-09-10,Tulare,107,460477,15550,14860,72,14932,250
2020-09-10,Tuolumne,109,53932,223,205,6,211,1
2020-09-10,Ventura,111,848112,12347,11600,123,11723,122
2020-09-10,Yolo,113,214977,2713,2612,7,2619,53
2020-09-10,Yuba,115,75493,1008,941,3,944,1
2020-09-09,Alameda,001,1643700,20180,19399,144,19543,289
2020-09-09,Alpine,002,1148,2,2,0,2,0
2020-09-09,Amador,005,37829,279,276,0,276,16
2020-09-09,Butte,007,227075,2738,2561,49,2610,37
2020-09-09,Calaveras,009,45235,299,242,0,242,1
2020-09-09,Colusa,011,21464,500,479,0,479,6
2020-09-09,Contra Costa,013,1133247,15796,14816,72,14888,171
2020-09-09,Del Norte,015,27424,121,109,0,109,1
2020-09-09,El Dorado,017,186661,1076,1020,8,1028,2
2020-09-09,Fresno,019,978130,29202,26724,326,27050,329
2020-09-09,Glenn,021,27897,531,508,0,508,3
2020-09-09,Humboldt,023,135768,462,420,1,421,4
2020-09-09,Imperial,025,180216,11514,10233,7,10240,268
2020-09-09,Inyo,027,18085,184,173,4,177,2
2020-09-09,Kern,029,883053,30846,29925,279,30204,355
2020-09-09,Kings,031,150075,7138,6721,31,6752,72
2020-09-09,Lake,033,64148,438,371,0,371,4
2020-09-09,Lassen,035,31185,732,714,2,716,0
2020-09-09,Los Angeles,037,10098052,253613,249876,1509,251385,6091
2020-09-09,Madera,039,155013,4233,3926,29,3955,43
2020-09-09,Marin,041,260295,1191,6321,15,6336,68
2020-09-09,Mariposa,043,17540,74,72,0,72,2
2020-09-09,Mendocino,045,87422,726,695,0,695,16
2020-09-09,Merced,047,269075,8568,8441,14,8455,107
2020-09-09,Modoc,049,8938,24,20,0,20,0
2020-09-09,Mono,051,14174,165,145,3,148,1
2020-09-09,Monterey,053,433212,8997,8527,18,8545,59
2020-09-09,Napa,055,140530,1582,1531,8,1539,11
2020-09-09,Nevada,057,99092,487,476,15,491,6
2020-09-09,Orange,059,3164182,52209,49394,1307,50701,1054
2020-09-09,Placer,061,380077,3379,3222,13,3235,36
2020-09-09,Plumas,063,18699,46,42,0,42,0
2020-09-09,Riverside,065,2383286,55839,54320,94,54414,1081
2020-09-09,Sacramento,067,1510023,20479,19474,22,19496,347
2020-09-09,San Benito,069,59416,1242,1199,0,1199,5
2020-09-09,San Bernardino,071,2135413,51135,49264,329,49593,866
2020-09-09,San Diego,073,3302833,43393,41326,665,41991,721
2020-09-09,San Francisco,075,870044,10423,9996,21,10017,86
2020-09-09,San Joaquin,077,732212,19415,18799,42,18841,388
2020-09-09,San Luis Obispo,079,281455,3394,3131,16,3147,24
2020-09-09,San Mateo,081,765935,9373,8478,10,8488,125
2020-09-09,Santa Barbara,083,443738,8715,8528,71,8599,97
2020-09-09,Santa Clara,085,1922200,20336,18759,39,18798,228
2020-09-09,Santa Cruz,087,273765,2122,1967,17,1984,7
2020-09-09,Shasta,089,179085,684,562,3,565,10
2020-09-09,Sierra,091,2930,6,6,0,6,0
2020-09-09,Siskiyou,093,43540,149,137,9,146,0
2020-09-09,Solano,095,438530,5946,5680,37,5717,36
2020-09-09,Sonoma,097,501317,6738,6397,20,6417,92
2020-09-09,Stanislaus,099,539301,15952,15469,432,15901,243
2020-09-09,Sutter,101,95872,1561,1487,1,1488,11
2020-09-09,Tehama,103,63373,474,462,2,464,1
2020-09-09,Trinity,105,12862,52,14,7,21,0
2020-09-09,Tulare,107,460477,15500,14787,67,14854,249
2020-09-09,Tuolumne,109,53932,222,204,5,209,1
2020-09-09,Ventura,111,848112,12256,11497,120,11617,121
2020-09-09,Yolo,113,214977,2702,2604,7,2611,53
2020-09-09,Yuba,115,75493,1003,936,3,939,1
2020-09-08,Alameda,001,1643700,20071,19293,144,19437,288
2020-09-08,Alpine,002,1148,2,2,0,2,0
2020-09-08,Amador,005,37829,279,276,0,276,16
2020-09-08,Butte,007,227075,2720,2453,49,2502,36
2020-09-08,Calaveras,009,45235,297,233,0,233,1
2020-09-08,Colusa,011,21464,498,475,0,475,6
2020-09-08,Contra Costa,013,1133247,15665,14740,69,14809,171
2020-09-08,Del Norte,015,27424,121,109,0,109,2
2020-09-08,El Dorado,017,186661,1073,1011,8,1019,2
2020-09-08,Fresno,019,978130,29084,26640,322,26962,329
2020-09-08,Glenn,021,27897,527,492,0,492,3
2020-09-08,Humboldt,023,135768,460,420,1,421,4
2020-09-08,Imperial,025,180216,11498,10198,7,10205,267
2020-09-08,Inyo,027,18085,184,169,4,173,2
2020-09-08,Kern,029,883053,30761,29850,276,30126,351
2020-09-08,Kings,031,150075,7100,6658,31,6689,72
2020-09-08,Lake,033,64148,428,370,0,370,4
2020-09-08,Lassen,035,31185,732,710,2,712,0
2020-09-08,Los Angeles,037,10098052,252680,249217,1481,250698,6034
2020-09-08,Madera,039,155013,4209,3904,29,3933,43
2020-09-08,Marin,041,260295,1191,6313,15,6328,68
2020-09-08,Mariposa,043,17540,74,72,0,72,2
2020-09-08,Mendocino,045,87422,719,690,0,690,16
2020-09-08,Merced,047,269075,8544,8381,14,8395,104
2020-09-08,Modoc,049,8938,24,20,0,20,0
2020-09-08,Mono,051,14174,165,145,3,148,1
2020-09-08,Monterey,053,433212,8912,8491,18,8509,59
2020-09-08,Napa,055,140530,1578,1518,8,1526,11
2020-09-08,Nevada,057,99092,487,470,15,485,6
2020-09-08,Orange,059,3164182,52067,49214,1303,50517,1044
2020-09-08,Placer,061,380077,3365,3205,13,3218,36
2020-09-08,Plumas,063,18699,46,42,0,42,0
2020-09-08,Riverside,065,2383286,55625,54168,91,54259,1069
2020-09-08,Sacramento,067,1510023,20244,19411,21,19432,347
2020-09-08,San Benito,069,59416,1235,1188,0,1188,5
2020-09-08,San Bernardino,071,2135413,50946,49034,327,49361,856
2020-09-08,San Diego,073,3302833,43077,41079,653,41732,709
2020-09-08,San Francisco,075,870044,10349,9821,21,9842,86
2020-09-08,San Joaquin,077,732212,19337,18550,42,18592,388
2020-09-08,San Luis Obispo,079,281455,3379,3120,16,3136,23
2020-09-08,San Mateo,081,765935,9297,8460,10,8470,125
2020-09-08,Santa Barbara,083,443738,8681,8488,70,8558,96
2020-09-08,Santa Clara,085,1922200,20159,18645,39,18684,228
2020-09-08,Santa Cruz,087,273765,2094,1903,17,1920,7
2020-09-08,Shasta,089,179085,676,556,3,559,10
2020-09-08,Sierra,091,2930,6,6,0,6,0
2020-09-08,Siskiyou,093,43540,147,136,9,145,0
2020-09-08,Solano,095,438530,5909,5654,37,5691,36
2020-09-08,Sonoma,097,501317,6669,6356,20,6376,92
2020-09-08,Stanislaus,099,539301,15888,15415,420,15835,238
2020-09-08,Sutter,101,95872,1545,1473,1,1474,11
2020-09-08,Tehama,103,63373,470,458,2,460,1
2020-09-08,Trinity,105,12862,51,13,7,20,0
2020-09-08,Tulare,107,460477,15420,14635,66,14701,249
2020-09-08,Tuolumne,109,53932,221,197,5,202,1
2020-09-08,Ventura,111,848112,12187,11475,117,11592,118
2020-09-08,Yolo,113,214977,2692,2580,7,2587,53
2020-09-08,Yuba,115,75493,991,923,3,926,1
2020-09-07,Alameda,001,1643700,19950,19188,138,19326,281
2020-09-07,Alpine,002,1148,2,2,0,2,0
2020-09-07,Amador,005,37829,279,276,0,276,16
2020-09-07,Butte,007,227075,2687,2450,48,2498,30
2020-09-07,Calaveras,009,45235,287,234,0,234,1
2020-09-07,Colusa,011,21464,497,475,0,475,6
2020-09-07,Contra Costa,013,1133247,15550,14637,66,14703,172
2020-09-07,Del Norte,015,27424,121,109,0,109,2
2020-09-07,El Dorado,017,186661,1062,1011,8,1019,2
2020-09-07,Fresno,019,978130,28989,26565,319,26884,329
2020-09-07,Glenn,021,27897,522,488,0,488,3
2020-09-07,Humboldt,023,135768,451,416,1,417,4
2020-09-07,Imperial,025,180216,11467,10199,7,10206,267
2020-09-07,Inyo,027,18085,184,169,4,173,2
2020-09-07,Kern,029,883053,30640,29790,271,30061,348
2020-09-07,Kings,031,150075,6976,6630,31,6661,72
2020-09-07,Lake,033,64148,405,367,0,367,2
2020-09-07,Lassen,035,31185,732,709,2,711,0
2020-09-07,Los Angeles,037,10098052,251632,248804,1460,250264,6030
2020-09-07,Madera,039,155013,4178,3889,28,3917,43
2020-09-07,Marin,041,260295,1186,6296,15,6311,67
2020-09-07,Mariposa,043,17540,74,72,0,72,2
2020-09-07,Mendocino,045,87422,711,687,0,687,16
2020-09-07,Merced,047,269075,8497,8381,14,8395,104
2020-09-07,Modoc,049,8938,23,20,0,20,0
2020-09-07,Mono,051,14174,165,145,3,148,1
2020-09-07,Monterey,053,433212,8833,8463,18,8481,57
2020-09-07,Napa,055,140530,1566,1514,8,1522,11
2020-09-07,Nevada,057,99092,485,469,15,484,6
2020-09-07,Orange,059,3164182,51893,49132,1299,50431,1042
2020-09-07,Placer,061,380077,3335,3188,12,3200,36
2020-09-07,Plumas,063,18699,45,42,0,42,0
2020-09-07,Riverside,065,2383286,55350,54178,85,54263,1069
2020-09-07,Sacramento,067,1510023,20002,19292,20,19312,345
2020-09-07,San Benito,069,59416,1229,1180,0,1180,4
2020-09-07,San Bernardino,071,2135413,50718,49043,325,49368,821
2020-09-07,San Diego,073,3302833,42677,40868,626,41494,708
2020-09-07,San Francisco,075,870044,10298,9813,20,9833,85
2020-09-07,San Joaquin,077,732212,19255,18552,40,18592,386
2020-09-07,San Luis Obispo,079,281455,3342,3116,16,3132,23
2020-09-07,San Mateo,081,765935,9215,8409,10,8419,125
2020-09-07,Santa Barbara,083,443738,8637,8479,70,8549,95
2020-09-07,Santa Clara,085,1922200,20003,18596,38,18634,226
2020-09-07,Santa Cruz,087,273765,2066,1902,17,1919,7
2020-09-07,Shasta,089,179085,666,556,3,559,10
2020-09-07,Sierra,091,2930,6,6,0,6,0
2020-09-07,Siskiyou,093,43540,146,133,9,142,0
2020-09-07,Solano,095,438530,5844,5640,37,5677,36
2020-09-07,Sonoma,097,501317,6603,6268,20,6288,85
2020-09-07,Stanislaus,099,539301,15823,15343,408,15751,236
2020-09-07,Sutter,101,95872,1528,1468,1,1469,11
2020-09-07,Tehama,103,63373,466,453,2,455,1
2020-09-07,Trinity,105,12862,51,13,7,20,0
2020-09-07,Tulare,107,460477,15313,14637,64,14701,249
2020-09-07,Tuolumne,109,53932,220,196,5,201,1
2020-09-07,Ventura,111,848112,12092,11463,114,11577,118
2020-09-07,Yolo,113,214977,2675,2565,6,2571,53
2020-09-07,Yuba,115,75493,975,923,3,926,1
2020-09-06,Alameda,001,1643700,19892,19029,136,19165,281
2020-09-06,Alpine,002,1148,2,2,0,2,0
2020-09-06,Amador,005,37829,277,275,0,275,16
2020-09-06,Butte,007,227075,2678,2446,48,2494,30
2020-09-06,Calaveras,009,45235,287,235,0,235,1
2020-09-06,Colusa,011,21464,493,475,0,475,6
2020-09-06,Contra Costa,013,1133247,15469,14565,65,14630,171
2020-09-06,Del Norte,015,27424,121,109,0,109,2
2020-09-06,El Dorado,017,186661,1060,1008,8,1016,2
2020-09-06,Fresno,019,978130,28926,26471,317,26788,329
2020-09-06,Glenn,021,27897,516,474,0,474,3
2020-09-06,Humboldt,023,135768,448,404,1,405,4
2020-09-06,Imperial,025,180216,11450,10152,7,10159,267
2020-09-06,Inyo,027,18085,184,169,4,173,2
2020-09-06,Kern,029,883053,30585,29699,267,29966,348
2020-09-06,Kings,031,150075,6956,6561,30,6591,72
2020-09-06,Lake,033,64148,402,362,0,362,2
2020-09-06,Lassen,035,31185,732,709,2,711,0
2020-09-06,Los Angeles,037,10098052,251000,248316,1446,249762,6004
2020-09-06,Madera,039,155013,4134,3867,28,3895,42
2020-09-06,Marin,041,260295,1185,6276,15,6291,67
2020-09-06,Mariposa,043,17540,74,72,0,72,2
2020-09-06,Mendocino,045,87422,710,672,0,672,16
2020-09-06,Merced,047,269075,8477,8327,14,8341,104
2020-09-06,Modoc,049,8938,23,20,0,20,0
2020-09-06,Mono,051,14174,164,145,3,148,1
2020-09-06,Monterey,053,433212,8793,8403,17,8420,56
2020-09-06,Napa,055,140530,1562,1501,6,1507,11
2020-09-06,Nevada,057,99092,485,467,14,481,6
2020-09-06,Orange,059,3164182,51780,48931,1295,50226,1042
2020-09-06,Placer,061,380077,3318,3169,12,3181,36
2020-09-06,Plumas,063,18699,44,42,0,42,0
2020-09-06,Riverside,065,2383286,55233,53970,83,54053,1069
2020-09-06,Sacramento,067,1510023,19906,19128,20,19148,340
2020-09-06,San Benito,069,59416,1227,1178,0,1178,4
2020-09-06,San Bernardino,071,2135413,50611,48923,325,49248,823
2020-09-06,San Diego,073,3302833,42429,40652,620,41272,707
2020-09-06,San Francisco,075,870044,10224,9813,20,9833,85
2020-09-06,San Joaquin,077,732212,19206,18558,40,18598,386
2020-09-06,San Luis Obispo,079,281455,3331,3101,16,3117,23
2020-09-06,San Mateo,081,765935,9162,8387,10,8397,125
2020-09-06,Santa Barbara,083,443738,8608,8434,70,8504,95
2020-09-06,Santa Clara,085,1922200,19901,18495,38,18533,207
2020-09-06,Santa Cruz,087,273765,2059,1902,17,1919,7
2020-09-06,Shasta,089,179085,660,550,3,553,10
2020-09-06,Sierra,091,2930,6,6,0,6,0
2020-09-06,Siskiyou,093,43540,146,132,9,141,0
2020-09-06,Solano,095,438530,5818,5619,37,5656,37
2020-09-06,Sonoma,097,501317,6574,6212,20,6232,85
2020-09-06,Stanislaus,099,539301,15779,15288,404,15692,236
2020-09-06,Sutter,101,95872,1515,1451,1,1452,11
2020-09-06,Tehama,103,63373,465,455,2,457,1
2020-09-06,Trinity,105,12862,50,13,7,20,0
2020-09-06,Tulare,107,460477,15270,14636,63,14699,249
2020-09-06,Tuolumne,109,53932,217,194,5,199,1
2020-09-06,Ventura,111,848112,12047,11315,114,11429,118
2020-09-06,Yolo,113,214977,2661,2556,6,2562,53
2020-09-06,Yuba,115,75493,966,913,3,916,1
2020-09-05,Alameda,001,1643700,19846,18973,134,19107,279
2020-09-05,Alpine,002,1148,2,2,0,2,0
2020-09-05,Amador,005,37829,277,274,0,274,16
2020-09-05,Butte,007,227075,2662,2406,47,2453,30
2020-09-05,Calaveras,009,45235,287,237,0,237,1
2020-09-05,Colusa,011,21464,489,472,0,472,6
2020-09-05,Contra Costa,013,1133247,15392,14456,63,14519,173
2020-09-05,Del Norte,015,27424,121,109,0,109,2
2020-09-05,El Dorado,017,186661,1060,1007,8,1015,2
2020-09-05,Fresno,019,978130,28859,26325,317,26642,331
2020-09-05,Glenn,021,27897,515,474,0,474,3
2020-09-05,Humboldt,023,135768,446,402,1,403,4
2020-09-05,Imperial,025,180216,11433,10151,7,10158,268
2020-09-05,Inyo,027,18085,184,169,4,173,2
2020-09-05,Kern,029,883053,30525,29645,263,29908,347
2020-09-05,Kings,031,150075,6947,6518,30,6548,66
2020-09-05,Lake,033,64148,399,359,0,359,2
2020-09-05,Lassen,035,31185,732,709,2,711,0
2020-09-05,Los Angeles,037,10098052,250465,247572,1434,249006,6001
2020-09-05,Madera,039,155013,4094,3851,28,3879,42
2020-09-05,Marin,041,260295,1185,6259,15,6274,66
2020-09-05,Mariposa,043,17540,74,72,0,72,2
2020-09-05,Mendocino,045,87422,709,658,0,658,16
2020-09-05,Merced,047,269075,8453,8297,12,8309,104
2020-09-05,Modoc,049,8938,23,19,0,19,0
2020-09-05,Mono,051,14174,164,145,3,148,1
2020-09-05,Monterey,053,433212,8763,8301,17,8318,56
2020-09-05,Napa,055,140530,1556,1484,6,1490,11
2020-09-05,Nevada,057,99092,482,461,14,475,6
2020-09-05,Orange,059,3164182,51679,48726,1290,50016,1039
2020-09-05,Placer,061,380077,3308,3141,12,3153,35
2020-09-05,Plumas,063,18699,44,42,0,42,0
2020-09-05,Riverside,065,2383286,55127,53780,83,53863,1066
2020-09-05,Sacramento,067,1510023,19816,18955,20,18975,339
2020-09-05,San Benito,069,59416,1225,1153,0,1153,4
2020-09-05,San Bernardino,071,2135413,50535,48800,324,49124,825
2020-09-05,San Diego,073,3302833,42236,40344,608,40952,717
2020-09-05,San Francisco,075,870044,10191,9812,19,9831,85
2020-09-05,San Joaquin,077,732212,19177,18557,40,18597,386
2020-09-05,San Luis Obispo,079,281455,3320,3083,16,3099,23
2020-09-05,San Mateo,081,765935,9117,8352,10,8362,124
2020-09-05,Santa Barbara,083,443738,8592,8404,70,8474,96
2020-09-05,Santa Clara,085,1922200,19820,18311,38,18349,207
2020-09-05,Santa Cruz,087,273765,2051,1904,17,1921,7
2020-09-05,Shasta,089,179085,659,544,3,547,10
2020-09-05,Sierra,091,2930,6,6,0,6,0
2020-09-05,Siskiyou,093,43540,145,131,9,140,0
2020-09-05,Solano,095,438530,5806,5579,37,5616,37
2020-09-05,Sonoma,097,501317,6541,6149,20,6169,85
2020-09-05,Stanislaus,099,539301,15731,15198,400,15598,236
2020-09-05,Sutter,101,95872,1508,1445,1,1446,11
2020-09-05,Tehama,103,63373,464,447,2,449,1
2020-09-05,Trinity,105,12862,50,13,7,20,0
2020-09-05,Tulare,107,460477,15212,14576,61,14637,249
2020-09-05,Tuolumne,109,53932,217,194,5,199,1
2020-09-05,Ventura,111,848112,12004,11254,114,11368,118
2020-09-05,Yolo,113,214977,2651,2534,6,2540,53
2020-09-05,Yuba,115,75493,960,902,3,905,1
2020-09-04,Alameda,001,1643700,19777,18843,133,18976,276
2020-09-04,Alpine,002,1148,2,2,0,2,0
2020-09-04,Amador,005,37829,276,274,0,274,16
2020-09-04,Butte,007,227075,2639,2325,47,2372,28
2020-09-04,Calaveras,009,45235,285,237,0,237,1
2020-09-04,Colusa,011,21464,487,467,0,467,6
2020-09-04,Contra Costa,013,1133247,15309,14355,62,14417,164
2020-09-04,Del Norte,015,27424,121,109,0,109,2
2020-09-04,El Dorado,017,186661,1056,992,8,1000,2
2020-09-04,Fresno,019,978130,28753,26147,316,26463,321
2020-09-04,Glenn,021,27897,507,463,0,463,3
2020-09-04,Humboldt,023,135768,441,390,1,391,4
2020-09-04,Imperial,025,180216,11424,10136,7,10143,267
2020-09-04,Inyo,027,18085,184,169,4,173,2
2020-09-04,Kern,029,883053,30457,29526,260,29786,345
2020-09-04,Kings,031,150075,6934,6259,30,6289,66
2020-09-04,Lake,033,64148,399,347,0,347,2
2020-09-04,Lassen,035,31185,732,708,2,710,0
2020-09-04,Los Angeles,037,10098052,249896,246396,1415,247811,5977
2020-09-04,Madera,039,155013,4081,3838,28,3866,42
2020-09-04,Marin,041,260295,1185,6251,15,6266,66
2020-09-04,Mariposa,043,17540,74,72,0,72,2
2020-09-04,Mendocino,045,87422,707,646,0,646,16
2020-09-04,Merced,047,269075,8434,8214,12,8226,104
2020-09-04,Modoc,049,8938,23,15,0,15,0
2020-09-04,Mono,051,14174,164,145,3,148,1
2020-09-04,Monterey,053,433212,8718,8208,17,8225,56
2020-09-04,Napa,055,140530,1547,1475,6,1481,11
2020-09-04,Nevada,057,99092,479,455,14,469,6
2020-09-04,Orange,059,3164182,51555,48488,1283,49771,1031
2020-09-04,Placer,061,380077,3296,3101,12,3113,35
2020-09-04,Plumas,063,18699,44,42,0,42,0
2020-09-04,Riverside,065,2383286,55014,53606,78,53684,1066
2020-09-04,Sacramento,067,1510023,19728,18765,20,18785,337
2020-09-04,San Benito,069,59416,1216,1137,0,1137,4
2020-09-04,San Bernardino,071,2135413,50442,48497,322,48819,800
2020-09-04,San Diego,073,3302833,42006,39901,599,40500,701
2020-09-04,San Francisco,075,870044,10151,9694,18,9712,85
2020-09-04,San Joaquin,077,732212,19123,18438,40,18478,376
2020-09-04,San Luis Obispo,079,281455,3305,3049,15,3064,21
2020-09-04,San Mateo,081,765935,9073,8275,10,8285,122
2020-09-04,Santa Barbara,083,443738,8562,8340,70,8410,96
2020-09-04,Santa Clara,085,1922200,19710,18074,38,18112,209
2020-09-04,Santa Cruz,087,273765,2034,1896,16,1912,7
2020-09-04,Shasta,089,179085,656,536,3,539,10
2020-09-04,Sierra,091,2930,6,6,0,6,0
2020-09-04,Siskiyou,093,43540,145,129,9,138,0
2020-09-04,Solano,095,438530,5793,5552,37,5589,37
2020-09-04,Sonoma,097,501317,6486,6050,20,6070,85
2020-09-04,Stanislaus,099,539301,15698,15074,391,15465,233
2020-09-04,Sutter,101,95872,1492,1425,1,1426,11
2020-09-04,Tehama,103,63373,460,442,2,444,1
2020-09-04,Trinity,105,12862,50,13,7,20,0
2020-09-04,Tulare,107,460477,15184,14501,58,14559,247
2020-09-04,Tuolumne,109,53932,217,193,5,198,1
2020-09-04,Ventura,111,848112,11962,11171,114,11285,114
2020-09-04,Yolo,113,214977,2637,2495,6,2501,53
2020-09-04,Yuba,115,75493,955,884,3,887,1
2020-09-03,Alameda,001,1643700,19674,18687,133,18820,275
2020-09-03,Alpine,002,1148,2,2,0,2,0
2020-09-03,Amador,005,37829,276,274,0,274,16
2020-09-03,Butte,007,227075,2595,2274,47,2321,27
2020-09-03,Calaveras,009,45235,284,238,0,238,1
2020-09-03,Colusa,011,21464,485,464,0,464,6
2020-09-03,Contra Costa,013,1133247,15202,14206,59,14265,159
2020-09-03,Del Norte,015,27424,118,109,0,109,2
2020-09-03,El Dorado,017,186661,1052,983,8,991,2
2020-09-03,Fresno,019,978130,28634,25978,311,26289,313
2020-09-03,Glenn,021,27897,503,460,0,460,3
2020-09-03,Humboldt,023,135768,436,390,1,391,4
2020-09-03,Imperial,025,180216,11403,10083,7,10090,255
2020-09-03,Inyo,027,18085,182,171,4,175,3
2020-09-03,Kern,029,883053,30365,29426,246,29672,340
2020-09-03,Kings,031,150075,6854,6200,30,6230,64
2020-09-03,Lake,033,64148,390,347,0,347,2
2020-09-03,Lassen,035,31185,732,707,2,709,0
2020-09-03,Los Angeles,037,10098052,249033,245026,1395,246421,5931
2020-09-03,Madera,039,155013,4062,3780,28,3808,43
2020-09-03,Marin,041,260295,1184,6175,15,6190,66
2020-09-03,Mariposa,043,17540,74,71,0,71,2
2020-09-03,Mendocino,045,87422,698,638,0,638,16
2020-09-03,Merced,047,269075,8392,8136,12,8148,105
2020-09-03,Modoc,049,8938,23,14,0,14,0
2020-09-03,Mono,051,14174,163,144,3,147,1
2020-09-03,Monterey,053,433212,8664,8128,17,8145,56
2020-09-03,Napa,055,140530,1540,1466,6,1472,10
2020-09-03,Nevada,057,99092,476,453,14,467,6
2020-09-03,Orange,059,3164182,51368,48226,1269,49495,1009
2020-09-03,Placer,061,380077,3278,3069,12,3081,34
2020-09-03,Plumas,063,18699,44,39,0,39,0
2020-09-03,Riverside,065,2383286,54834,53341,74,53415,1052
2020-09-03,Sacramento,067,1510023,19600,18553,19,18572,328
2020-09-03,San Benito,069,59416,1205,1121,0,1121,4
2020-09-03,San Bernardino,071,2135413,50276,48165,321,48486,800
2020-09-03,San Diego,073,3302833,41692,39448,583,40031,700
2020-09-03,San Francisco,075,870044,10086,9636,16,9652,84
2020-09-03,San Joaquin,077,732212,19045,18331,40,18371,371
2020-09-03,San Luis Obispo,079,281455,3288,3023,15,3038,21
2020-09-03,San Mateo,081,765935,8999,8211,10,8221,122
2020-09-03,Santa Barbara,083,443738,8515,8277,70,8347,96
2020-09-03,Santa Clara,085,1922200,19529,17879,38,17917,208
2020-09-03,Santa Cruz,087,273765,2019,1870,16,1886,7
2020-09-03,Shasta,089,179085,651,535,3,538,10
2020-09-03,Sierra,091,2930,6,6,0,6,0
2020-09-03,Siskiyou,093,43540,145,128,9,137,0
2020-09-03,Solano,095,438530,5773,5499,36,5535,36
2020-09-03,Sonoma,097,501317,6419,5997,20,6017,62
2020-09-03,Stanislaus,099,539301,15646,14985,387,15372,217
2020-09-03,Sutter,101,95872,1482,1412,1,1413,11
2020-09-03,Tehama,103,63373,456,436,2,438,1
2020-09-03,Trinity,105,12862,48,13,7,20,0
2020-09-03,Tulare,107,460477,15118,14408,57,14465,244
2020-09-03,Tuolumne,109,53932,217,193,5,198,1
2020-09-03,Ventura,111,848112,11844,11109,111,11220,112
2020-09-03,Yolo,113,214977,2621,2475,6,2481,53
2020-09-03,Yuba,115,75493,948,867,3,870,1
2020-09-02,Alameda,001,1643700,19556,18522,130,18652,260
2020-09-02,Alpine,002,1148,2,2,0,2,0
2020-09-02,Amador,005,37829,276,245,0,245,14
2020-09-02,Butte,007,227075,2549,2241,47,2288,27
2020-09-02,Calaveras,009,45235,283,235,0,235,1
2020-09-02,Colusa,011,21464,481,460,0,460,6
2020-09-02,Contra Costa,013,1133247,15112,14097,57,14154,159
2020-09-02,Del Norte,015,27424,117,109,0,109,2
2020-09-02,El Dorado,017,186661,1048,975,7,982,2
2020-09-02,Fresno,019,978130,28486,25785,308,26093,292
2020-09-02,Glenn,021,27897,498,457,0,457,3
2020-09-02,Humboldt,023,135768,433,381,1,382,4
2020-09-02,Imperial,025,180216,11387,9832,7,9839,255
2020-09-02,Inyo,027,18085,182,171,4,175,3
2020-09-02,Kern,029,883053,30273,29288,240,29528,335
2020-09-02,Kings,031,150075,6769,6142,30,6172,64
2020-09-02,Lake,033,64148,386,342,0,342,2
2020-09-02,Lassen,035,31185,730,706,2,708,0
2020-09-02,Los Angeles,037,10098052,248102,243999,1367,245366,5887
2020-09-02,Madera,039,155013,4042,3735,28,3763,41
2020-09-02,Marin,041,260295,1184,6131,15,6146,66
2020-09-02,Mariposa,043,17540,74,71,0,71,2
2020-09-02,Mendocino,045,87422,688,636,0,636,15
2020-09-02,Merced,047,269075,8365,8097,11,8108,103
2020-09-02,Modoc,049,8938,22,11,0,11,0
2020-09-02,Mono,051,14174,163,145,3,148,1
2020-09-02,Monterey,053,433212,8600,8070,17,8087,56
2020-09-02,Napa,055,140530,1528,1454,6,1460,10
2020-09-02,Nevada,057,99092,470,452,13,465,6
2020-09-02,Orange,059,3164182,51187,47871,1259,49130,994
2020-09-02,Placer,061,380077,3253,3047,11,3058,33
2020-09-02,Plumas,063,18699,44,39,0,39,0
2020-09-02,Riverside,065,2383286,54632,52923,71,52994,1032
2020-09-02,Sacramento,067,1510023,19365,18355,18,18373,316
2020-09-02,San Benito,069,59416,1192,1107,0,1107,4
2020-09-02,San Bernardino,071,2135413,50113,47766,318,48084,794
2020-09-02,San Diego,073,3302833,41372,39123,569,39692,695
2020-09-02,San Francisco,075,870044,10017,9587,16,9603,84
2020-09-02,San Joaquin,077,732212,18964,18194,39,18233,352
2020-09-02,San Luis Obispo,079,281455,3262,3002,14,3016,21
2020-09-02,San Mateo,081,765935,8942,8148,10,8158,122
2020-09-02,Santa Barbara,083,443738,8460,8206,69,8275,94
2020-09-02,Santa Clara,085,1922200,19373,17673,38,17711,206
2020-09-02,Santa Cruz,087,273765,1996,1850,16,1866,7
2020-09-02,Shasta,089,179085,650,531,3,534,10
2020-09-02,Sierra,091,2930,6,6,0,6,0
2020-09-02,Siskiyou,093,43540,144,127,9,136,0
2020-09-02,Solano,095,438530,5745,5463,36,5499,36
2020-09-02,Sonoma,097,501317,6358,5846,20,5866,62
2020-09-02,Stanislaus,099,539301,15576,14854,380,15234,220
2020-09-02,Sutter,101,95872,1467,1401,1,1402,10
2020-09-02,Tehama,103,63373,453,429,2,431,1
2020-09-02,Trinity,105,12862,48,13,7,20,0
2020-09-02,Tulare,107,460477,15052,14298,57,14355,244
2020-09-02,Tuolumne,109,53932,217,190,5,195,1
2020-09-02,Ventura,111,848112,11757,11031,110,11141,111
2020-09-02,Yolo,113,214977,2599,2449,6,2455,54
2020-09-02,Yuba,115,75493,941,856,3,859,1
2020-09-01,Alameda,001,1643700,19418,18382,127,18509,248
2020-09-01,Alpine,002,1148,2,2,0,2,0
2020-09-01,Amador,005,37829,275,244,0,244,13
2020-09-01,Butte,007,227075,2492,2146,47,2193,26
2020-09-01,Calaveras,009,45235,275,228,0,228,1
2020-09-01,Colusa,011,21464,476,454,0,454,6
2020-09-01,Contra Costa,013,1133247,15019,13998,55,14053,158
2020-09-01,Del Norte,015,27424,116,108,0,108,2
2020-09-01,El Dorado,017,186661,1040,972,7,979,2
2020-09-01,Fresno,019,978130,28342,25542,306,25848,290
2020-09-01,Glenn,021,27897,491,449,0,449,3
2020-09-01,Humboldt,023,135768,427,378,1,379,4
2020-09-01,Imperial,025,180216,11361,9782,7,9789,250
2020-09-01,Inyo,027,18085,182,171,4,175,3
2020-09-01,Kern,029,883053,30182,29162,235,29397,332
2020-09-01,Kings,031,150075,6738,6088,30,6118,62
2020-09-01,Lake,033,64148,383,341,0,341,2
2020-09-01,Lassen,035,31185,727,706,2,708,0
2020-09-01,Los Angeles,037,10098052,247012,242633,1344,243977,5832
2020-09-01,Madera,039,155013,4013,3703,27,3730,41
2020-09-01,Marin,041,260295,1184,6102,15,6117,67
2020-09-01,Mariposa,043,17540,73,72,0,72,2
2020-09-01,Mendocino,045,87422,673,626,0,626,15
2020-09-01,Merced,047,269075,8312,8046,11,8057,103
2020-09-01,Modoc,049,8938,20,10,0,10,0
2020-09-01,Mono,051,14174,163,145,3,148,1
2020-09-01,Monterey,053,433212,8494,7926,17,7943,56
2020-09-01,Napa,055,140530,1513,1446,6,1452,10
2020-09-01,Nevada,057,99092,464,450,13,463,6
2020-09-01,Orange,059,3164182,51023,47671,1240,48911,976
2020-09-01,Placer,061,380077,3231,3013,11,3024,33
2020-09-01,Plumas,063,18699,44,39,0,39,0
2020-09-01,Riverside,065,2383286,54415,52785,70,52855,1027
2020-09-01,Sacramento,067,1510023,19181,18217,17,18234,305
2020-09-01,San Benito,069,59416,1180,1089,0,1089,4
2020-09-01,San Bernardino,071,2135413,49906,47371,317,47688,786
2020-09-01,San Diego,073,3302833,41014,38873,531,39404,688
2020-09-01,San Francisco,075,870044,9948,9492,16,9508,83
2020-09-01,San Joaquin,077,732212,18883,17915,38,17953,341
2020-09-01,San Luis Obispo,079,281455,3236,2970,14,2984,21
2020-09-01,San Mateo,081,765935,8862,8132,10,8142,122
2020-09-01,Santa Barbara,083,443738,8410,8142,68,8210,93
2020-09-01,Santa Clara,085,1922200,19194,17319,38,17357,204
2020-09-01,Santa Cruz,087,273765,1972,1752,16,1768,7
2020-09-01,Shasta,089,179085,642,527,3,530,9
2020-09-01,Sierra,091,2930,6,6,0,6,0
2020-09-01,Siskiyou,093,43540,141,128,8,136,0
2020-09-01,Solano,095,438530,5719,5438,36,5474,34
2020-09-01,Sonoma,097,501317,6269,5733,20,5753,60
2020-09-01,Stanislaus,099,539301,15500,14784,370,15154,212
2020-09-01,Sutter,101,95872,1456,1389,1,1390,10
2020-09-01,Tehama,103,63373,450,422,2,424,1
2020-09-01,Trinity,105,12862,47,13,6,19,0
2020-09-01,Tulare,107,460477,14968,14156,57,14213,241
2020-09-01,Tuolumne,109,53932,211,183,5,188,1
2020-09-01,Ventura,111,848112,11679,10899,105,11004,108
2020-09-01,Yolo,113,214977,2583,2440,6,2446,51
2020-09-01,Yuba,115,75493,932,841,3,844,1
2020-08-31,Alameda,001,1643700,19271,18148,127,18275,248
2020-08-31,Alpine,002,1148,2,2,0,2,0
2020-08-31,Amador,005,37829,275,243,0,243,13
2020-08-31,Butte,007,227075,2428,2069,47,2116,26
2020-08-31,Calaveras,009,45235,270,212,0,212,1
2020-08-31,Colusa,011,21464,475,443,0,443,6
2020-08-31,Contra Costa,013,1133247,14893,13902,52,13954,153
2020-08-31,Del Norte,015,27424,116,108,0,108,2
2020-08-31,El Dorado,017,186661,1033,965,7,972,2
2020-08-31,Fresno,019,978130,28124,25185,300,25485,290
2020-08-31,Glenn,021,27897,479,437,0,437,3
2020-08-31,Humboldt,023,135768,425,374,1,375,4
2020-08-31,Imperial,025,180216,11330,9759,7,9766,250
2020-08-31,Inyo,027,18085,181,160,4,164,3
2020-08-31,Kern,029,883053,30084,29067,234,29301,318
2020-08-31,Kings,031,150075,6471,6037,30,6067,62
2020-08-31,Lake,033,64148,367,341,0,341,2
2020-08-31,Lassen,035,31185,724,706,2,708,0
2020-08-31,Los Angeles,037,10098052,245905,241793,1316,243109,5787
2020-08-31,Madera,039,155013,3990,3662,26,3688,35
2020-08-31,Marin,041,260295,1182,6074,15,6089,67
2020-08-31,Mariposa,043,17540,73,69,0,69,2
2020-08-31,Mendocino,045,87422,661,618,0,618,15
2020-08-31,Merced,047,269075,8264,7991,11,8002,79
2020-08-31,Modoc,049,8938,18,10,0,10,0
2020-08-31,Mono,051,14174,163,145,3,148,1
2020-08-31,Monterey,053,433212,8387,7839,17,7856,56
2020-08-31,Napa,055,140530,1505,1434,6,1440,10
2020-08-31,Nevada,057,99092,462,447,13,460,6
2020-08-31,Orange,059,3164182,50824,47392,1212,48604,965
2020-08-31,Placer,061,380077,3182,2989,11,3000,33
2020-08-31,Plumas,063,18699,43,39,0,39,0
2020-08-31,Riverside,065,2383286,54193,52508,68,52576,1020
2020-08-31,Sacramento,067,1510023,18940,17999,17,18016,303
2020-08-31,San Benito,069,59416,1164,1080,0,1080,4
2020-08-31,San Bernardino,071,2135413,49694,47370,316,47686,755
2020-08-31,San Diego,073,3302833,40647,38606,498,39104,682
2020-08-31,San Francisco,075,870044,9869,9293,13,9306,83
2020-08-31,San Joaquin,077,732212,18796,17807,37,17844,338
2020-08-31,San Luis Obispo,079,281455,3213,2951,13,2964,21
2020-08-31,San Mateo,081,765935,8792,8065,10,8075,122
2020-08-31,Santa Barbara,083,443738,8365,8124,68,8192,94
2020-08-31,Santa Clara,085,1922200,19006,17211,38,17249,202
2020-08-31,Santa Cruz,087,273765,1947,1742,16,1758,7
2020-08-31,Shasta,089,179085,637,528,3,531,9
2020-08-31,Sierra,091,2930,6,6,0,6,0
2020-08-31,Siskiyou,093,43540,140,127,8,135,0
2020-08-31,Solano,095,438530,5687,5302,35,5337,34
2020-08-31,Sonoma,097,501317,6182,5650,20,5670,60
2020-08-31,Stanislaus,099,539301,15426,14685,361,15046,213
2020-08-31,Sutter,101,95872,1441,1365,1,1366,10
2020-08-31,Tehama,103,63373,447,421,2,423,1
2020-08-31,Trinity,105,12862,47,13,6,19,0
2020-08-31,Tulare,107,460477,14881,13985,55,14040,237
2020-08-31,Tuolumne,109,53932,211,178,5,183,1
2020-08-31,Ventura,111,848112,11591,10866,104,10970,108
2020-08-31,Yolo,113,214977,2565,2423,5,2428,51
2020-08-31,Yuba,115,75493,918,830,3,833,1
2020-08-30,Alameda,001,1643700,19146,18099,125,18224,248
2020-08-30,Alpine,002,1148,2,2,0,2,0
2020-08-30,Amador,005,37829,274,240,0,240,13
2020-08-30,Butte,007,227075,2348,1988,47,2035,26
2020-08-30,Calaveras,009,45235,261,211,0,211,1
2020-08-30,Colusa,011,21464,474,440,0,440,6
2020-08-30,Contra Costa,013,1133247,14755,13780,52,13832,150
2020-08-30,Del Norte,015,27424,115,108,0,108,2
2020-08-30,El Dorado,017,186661,1023,962,7,969,2
2020-08-30,Fresno,019,978130,27998,24963,299,25262,291
2020-08-30,Glenn,021,27897,472,437,0,437,3
2020-08-30,Humboldt,023,135768,414,362,1,363,4
2020-08-30,Imperial,025,180216,11311,9703,7,9710,250
2020-08-30,Inyo,027,18085,181,160,4,164,3
2020-08-30,Kern,029,883053,29991,28987,234,29221,317
2020-08-30,Kings,031,150075,6425,6000,30,6030,62
2020-08-30,Lake,033,64148,362,334,0,334,2
2020-08-30,Lassen,035,31185,722,706,2,708,0
2020-08-30,Los Angeles,037,10098052,244767,240775,1284,242059,5772
2020-08-30,Madera,039,155013,3962,3626,26,3652,33
2020-08-30,Marin,041,260295,1181,6060,15,6075,66
2020-08-30,Mariposa,043,17540,73,69,0,69,2
2020-08-30,Mendocino,045,87422,655,611,0,611,13
2020-08-30,Merced,047,269075,8194,7960,11,7971,79
2020-08-30,Modoc,049,8938,13,10,0,10,0
2020-08-30,Mono,051,14174,163,145,3,148,1
2020-08-30,Monterey,053,433212,8303,7816,17,7833,54
2020-08-30,Napa,055,140530,1493,1423,6,1429,10
2020-08-30,Nevada,057,99092,459,445,13,458,6
2020-08-30,Orange,059,3164182,50627,47283,1198,48481,965
2020-08-30,Placer,061,380077,3149,2961,11,2972,32
2020-08-30,Plumas,063,18699,42,39,0,39,0
2020-08-30,Riverside,065,2383286,54014,52227,67,52294,1017
2020-08-30,Sacramento,067,1510023,18763,17751,17,17768,300
2020-08-30,San Benito,069,59416,1154,1071,0,1071,4
2020-08-30,San Bernardino,071,2135413,49437,47201,316,47517,755
2020-08-30,San Diego,073,3302833,40249,38302,477,38779,682
2020-08-30,San Francisco,075,870044,9772,9294,10,9304,83
2020-08-30,San Joaquin,077,732212,18679,17637,36,17673,338
2020-08-30,San Luis Obispo,079,281455,3188,2934,13,2947,21
2020-08-30,San Mateo,081,765935,8715,8013,10,8023,122
2020-08-30,Santa Barbara,083,443738,8306,8088,68,8156,93
2020-08-30,Santa Clara,085,1922200,18832,17045,38,17083,202
2020-08-30,Santa Cruz,087,273765,1921,1743,16,1759,7
2020-08-30,Shasta,089,179085,634,525,3,528,9
2020-08-30,Sierra,091,2930,6,6,0,6,0
2020-08-30,Siskiyou,093,43540,138,125,8,133,0
2020-08-30,Solano,095,438530,5644,5303,35,5338,34
2020-08-30,Sonoma,097,501317,6122,5590,20,5610,60
2020-08-30,Stanislaus,099,539301,15354,14580,352,14932,209
2020-08-30,Sutter,101,95872,1420,1351,1,1352,10
2020-08-30,Tehama,103,63373,437,419,2,421,1
2020-08-30,Trinity,105,12862,47,13,6,19,0
2020-08-30,Tulare,107,460477,14786,13985,54,14039,236
2020-08-30,Tuolumne,109,53932,207,178,5,183,1
2020-08-30,Ventura,111,848112,11478,10775,99,10874,108
2020-08-30,Yolo,113,214977,2537,2391,4,2395,51
2020-08-30,Yuba,115,75493,904,832,3,835,1
2020-08-29,Alameda,001,1643700,19079,17888,125,18013,250
2020-08-29,Alpine,002,1148,2,2,0,2,0
2020-08-29,Amador,005,37829,274,239,0,239,13
2020-08-29,Butte,007,227075,2317,1948,47,1995,26
2020-08-29,Calaveras,009,45235,257,211,0,211,1
2020-08-29,Colusa,011,21464,471,440,0,440,6
2020-08-29,Contra Costa,013,1133247,14682,13663,51,13714,159
2020-08-29,Del Norte,015,27424,115,108,0,108,1
2020-08-29,El Dorado,017,186661,1020,958,7,965,2
2020-08-29,Fresno,019,978130,27943,24821,299,25120,291
2020-08-29,Glenn,021,27897,466,437,0,437,3
2020-08-29,Humboldt,023,135768,411,363,1,364,4
2020-08-29,Imperial,025,180216,11296,9698,7,9705,250
2020-08-29,Inyo,027,18085,181,160,4,164,3
2020-08-29,Kern,029,883053,29951,28947,233,29180,317
2020-08-29,Kings,031,150075,6410,5906,30,5936,62
2020-08-29,Lake,033,64148,361,329,0,329,2
2020-08-29,Lassen,035,31185,722,706,2,708,0
2020-08-29,Los Angeles,037,10098052,244138,239815,1271,241086,5762
2020-08-29,Madera,039,155013,3953,3605,25,3630,33
2020-08-29,Marin,041,260295,1181,6007,15,6022,64
2020-08-29,Mariposa,043,17540,73,69,0,69,2
2020-08-29,Mendocino,045,87422,651,596,0,596,13
2020-08-29,Merced,047,269075,8165,7867,11,7878,79
2020-08-29,Modoc,049,8938,13,9,0,9,0
2020-08-29,Mono,051,14174,163,145,3,148,1
2020-08-29,Monterey,053,433212,8258,7680,17,7697,53
2020-08-29,Napa,055,140530,1490,1413,6,1419,10
2020-08-29,Nevada,057,99092,459,442,13,455,5
2020-08-29,Orange,059,3164182,50516,47007,1188,48195,960
2020-08-29,Placer,061,380077,3132,2935,11,2946,32
2020-08-29,Plumas,063,18699,41,39,0,39,0
2020-08-29,Riverside,065,2383286,53902,51918,65,51983,1016
2020-08-29,Sacramento,067,1510023,18692,17588,17,17605,291
2020-08-29,San Benito,069,59416,1145,1045,0,1045,4
2020-08-29,San Bernardino,071,2135413,49322,46849,316,47165,755
2020-08-29,San Diego,073,3302833,39983,38049,459,38508,694
2020-08-29,San Francisco,075,870044,9744,9291,9,9300,83
2020-08-29,San Joaquin,077,732212,18635,17493,36,17529,335
2020-08-29,San Luis Obispo,079,281455,3163,2917,13,2930,21
2020-08-29,San Mateo,081,765935,8673,7928,10,7938,122
2020-08-29,Santa Barbara,083,443738,8279,8052,67,8119,93
2020-08-29,Santa Clara,085,1922200,18732,16898,37,16935,202
2020-08-29,Santa Cruz,087,273765,1909,1746,16,1762,7
2020-08-29,Shasta,089,179085,626,522,3,525,9
2020-08-29,Sierra,091,2930,6,6,0,6,0
2020-08-29,Siskiyou,093,43540,138,121,8,129,0
2020-08-29,Solano,095,438530,5623,5303,35,5338,34
2020-08-29,Sonoma,097,501317,6087,5537,20,5557,60
2020-08-29,Stanislaus,099,539301,15305,14479,342,14821,208
2020-08-29,Sutter,101,95872,1415,1333,1,1334,9
2020-08-29,Tehama,103,63373,436,417,2,419,1
2020-08-29,Trinity,105,12862,46,11,6,17,0
2020-08-29,Tulare,107,460477,14748,13890,53,13943,236
2020-08-29,Tuolumne,109,53932,207,178,5,183,1
2020-08-29,Ventura,111,848112,11436,10705,99,10804,108
2020-08-29,Yolo,113,214977,2519,2357,4,2361,51
2020-08-29,Yuba,115,75493,895,822,3,825,1
2020-08-28,Alameda,001,1643700,18996,17729,124,17853,237
2020-08-28,Alpine,002,1148,2,2,0,2,0
2020-08-28,Amador,005,37829,274,234,0,234,13
2020-08-28,Butte,007,227075,2287,1886,47,1933,25
2020-08-28,Calaveras,009,45235,255,207,0,207,1
2020-08-28,Colusa,011,21464,470,441,0,441,6
2020-08-28,Contra Costa,013,1133247,14611,13522,50,13572,158
2020-08-28,Del Norte,015,27424,115,107,0,107,1
2020-08-28,El Dorado,017,186661,1014,949,7,956,2
2020-08-28,Fresno,019,978130,27808,24612,299,24911,282
2020-08-28,Glenn,021,27897,459,429,0,429,3
2020-08-28,Humboldt,023,135768,407,362,1,363,4
2020-08-28,Imperial,025,180216,11282,9656,7,9663,241
2020-08-28,Inyo,027,18085,180,160,4,164,2
2020-08-28,Kern,029,883053,29903,28744,233,28977,306
2020-08-28,Kings,031,150075,6403,5829,29,5858,62
2020-08-28,Lake,033,64148,356,320,0,320,2
2020-08-28,Lassen,035,31185,722,704,2,706,0
2020-08-28,Los Angeles,037,10098052,243325,238544,1246,239790,5740
2020-08-28,Madera,039,155013,3934,3552,25,3577,33
2020-08-28,Marin,041,260295,1181,5991,15,6006,63
2020-08-28,Mariposa,043,17540,73,67,0,67,2
2020-08-28,Mendocino,045,87422,646,588,0,588,11
2020-08-28,Merced,047,269075,8134,7803,11,7814,77
2020-08-28,Modoc,049,8938,13,6,0,6,0
2020-08-28,Mono,051,14174,163,145,3,148,1
2020-08-28,Monterey,053,433212,8201,7591,17,7608,53
2020-08-28,Napa,055,140530,1482,1403,5,1408,10
2020-08-28,Nevada,057,99092,458,438,13,451,5
2020-08-28,Orange,059,3164182,50416,46696,1173,47869,942
2020-08-28,Placer,061,380077,3122,2891,11,2902,32
2020-08-28,Plumas,063,18699,41,39,0,39,0
2020-08-28,Riverside,065,2383286,53771,51510,61,51571,1008
2020-08-28,Sacramento,067,1510023,18594,17119,17,17136,283
2020-08-28,San Benito,069,59416,1129,1016,0,1016,3
2020-08-28,San Bernardino,071,2135413,49203,46553,312,46865,754
2020-08-28,San Diego,073,3302833,39753,37786,444,38230,676
2020-08-28,San Francisco,075,870044,9692,9135,9,9144,83
2020-08-28,San Joaquin,077,732212,18582,17114,35,17149,314
2020-08-28,San Luis Obispo,079,281455,3146,2849,13,2862,20
2020-08-28,San Mateo,081,765935,8627,7783,9,7792,121
2020-08-28,Santa Barbara,083,443738,8247,8001,67,8068,92
2020-08-28,Santa Clara,085,1922200,18605,16696,37,16733,201
2020-08-28,Santa Cruz,087,273765,1897,1747,16,1763,7
2020-08-28,Shasta,089,179085,622,516,3,519,9
2020-08-28,Sierra,091,2930,6,6,0,6,0
2020-08-28,Siskiyou,093,43540,136,119,8,127,0
2020-08-28,Solano,095,438530,5604,5219,35,5254,34
2020-08-28,Sonoma,097,501317,6055,5425,19,5444,58
2020-08-28,Stanislaus,099,539301,15262,14176,338,14514,190
2020-08-28,Sutter,101,95872,1405,1308,1,1309,9
2020-08-28,Tehama,103,63373,431,410,2,412,1
2020-08-28,Trinity,105,12862,46,11,6,17,0
2020-08-28,Tulare,107,460477,14703,13776,53,13829,236
2020-08-28,Tuolumne,109,53932,207,176,5,181,1
2020-08-28,Ventura,111,848112,11400,10606,97,10703,103
2020-08-28,Yolo,113,214977,2510,2323,4,2327,51
2020-08-28,Yuba,115,75493,886,810,3,813,1
2020-08-27,Alameda,001,1643700,18851,17584,121,17705,234
2020-08-27,Alpine,002,1148,2,2,0,2,0
2020-08-27,Amador,005,37829,273,233,0,233,13
2020-08-27,Butte,007,227075,2221,1803,46,1849,25
2020-08-27,Calaveras,009,45235,250,204,0,204,1
2020-08-27,Colusa,011,21464,468,438,0,438,6
2020-08-27,Contra Costa,013,1133247,14511,13379,49,13428,158
2020-08-27,Del Norte,015,27424,115,107,0,107,1
2020-08-27,El Dorado,017,186661,1010,942,7,949,2
2020-08-27,Fresno,019,978130,27628,24367,294,24661,272
2020-08-27,Glenn,021,27897,451,429,0,429,3
2020-08-27,Humboldt,023,135768,399,358,1,359,4
2020-08-27,Imperial,025,180216,11255,9608,7,9615,235
2020-08-27,Inyo,027,18085,180,157,3,160,2
2020-08-27,Kern,029,883053,29832,28635,224,28859,294
2020-08-27,Kings,031,150075,6381,5759,29,5788,62
2020-08-27,Lake,033,64148,354,314,0,314,2
2020-08-27,Lassen,035,31185,722,703,2,705,0
2020-08-27,Los Angeles,037,10098052,242324,237103,1231,238334,5704
2020-08-27,Madera,039,155013,3908,3465,25,3490,33
2020-08-27,Marin,041,260295,1180,5929,15,5944,62
2020-08-27,Mariposa,043,17540,73,67,0,67,2
2020-08-27,Mendocino,045,87422,637,581,0,581,10
2020-08-27,Merced,047,269075,8085,7765,11,7776,75
2020-08-27,Modoc,049,8938,11,5,0,5,0
2020-08-27,Mono,051,14174,163,145,3,148,1
2020-08-27,Monterey,053,433212,8107,7501,17,7518,52
2020-08-27,Napa,055,140530,1476,1397,5,1402,10
2020-08-27,Nevada,057,99092,455,435,13,448,5
2020-08-27,Orange,059,3164182,50259,46449,1162,47611,935
2020-08-27,Placer,061,380077,3091,2869,11,2880,32
2020-08-27,Plumas,063,18699,40,39,0,39,0
2020-08-27,Riverside,065,2383286,53561,51306,58,51364,999
2020-08-27,Sacramento,067,1510023,18396,16875,17,16892,281
2020-08-27,San Benito,069,59416,1113,987,0,987,3
2020-08-27,San Bernardino,071,2135413,48980,46345,306,46651,751
2020-08-27,San Diego,073,3302833,39482,37501,424,37925,673
2020-08-27,San Francisco,075,870044,9626,9014,9,9023,83
2020-08-27,San Joaquin,077,732212,18502,16989,35,17024,314
2020-08-27,San Luis Obispo,079,281455,3121,2808,13,2821,20
2020-08-27,San Mateo,081,765935,8518,7728,9,7737,121
2020-08-27,Santa Barbara,083,443738,8209,7934,67,8001,92
2020-08-27,Santa Clara,085,1922200,18419,16495,37,16532,199
2020-08-27,Santa Cruz,087,273765,1880,1734,16,1750,7
2020-08-27,Shasta,089,179085,616,512,3,515,9
2020-08-27,Sierra,091,2930,6,6,0,6,0
2020-08-27,Siskiyou,093,43540,136,118,8,126,0
2020-08-27,Solano,095,438530,5566,5167,35,5202,34
2020-08-27,Sonoma,097,501317,5956,5357,19,5376,58
2020-08-27,Stanislaus,099,539301,15181,14080,335,14415,186
2020-08-27,Sutter,101,95872,1385,1296,1,1297,9
2020-08-27,Tehama,103,63373,427,398,2,400,1
2020-08-27,Trinity,105,12862,46,11,6,17,0
2020-08-27,Tulare,107,460477,14612,13666,53,13719,231
2020-08-27,Tuolumne,109,53932,202,174,5,179,1
2020-08-27,Ventura,111,848112,11337,10483,93,10576,102
2020-08-27,Yolo,113,214977,2486,2293,4,2297,51
2020-08-27,Yuba,115,75493,875,807,3,810,1
2020-08-26,Alameda,001,1643700,18688,17373,121,17494,233
2020-08-26,Alpine,002,1148,2,2,0,2,0
2020-08-26,Amador,005,37829,273,229,0,229,13
2020-08-26,Butte,007,227075,2152,1765,44,1809,25
2020-08-26,Calaveras,009,45235,242,201,0,201,1
2020-08-26,Colusa,011,21464,462,433,0,433,5
2020-08-26,Contra Costa,013,1133247,14374,13248,49,13297,157
2020-08-26,Del Norte,015,27424,114,86,0,86,1
2020-08-26,El Dorado,017,186661,1008,938,7,945,2
2020-08-26,Fresno,019,978130,27481,24071,292,24363,255
2020-08-26,Glenn,021,27897,449,429,0,429,3
2020-08-26,Humboldt,023,135768,387,357,1,358,4
2020-08-26,Imperial,025,180216,11233,9453,7,9460,227
2020-08-26,Inyo,027,18085,177,157,3,160,2
2020-08-26,Kern,029,883053,29693,28507,221,28728,286
2020-08-26,Kings,031,150075,6360,5720,29,5749,62
2020-08-26,Lake,033,64148,349,308,0,308,2
2020-08-26,Lassen,035,31185,722,702,2,704,0
2020-08-26,Los Angeles,037,10098052,241314,235499,1201,236700,5665
2020-08-26,Madera,039,155013,3879,3458,25,3483,32
2020-08-26,Marin,041,260295,1180,5887,15,5902,56
2020-08-26,Mariposa,043,17540,73,68,0,68,2
2020-08-26,Mendocino,045,87422,626,581,0,581,10
2020-08-26,Merced,047,269075,8048,7720,11,7731,74
2020-08-26,Modoc,049,8938,8,5,0,5,0
2020-08-26,Mono,051,14174,163,141,3,144,1
2020-08-26,Monterey,053,433212,8014,7439,17,7456,51
2020-08-26,Napa,055,140530,1463,1382,5,1387,10
2020-08-26,Nevada,057,99092,452,432,13,445,2
2020-08-26,Orange,059,3164182,50075,46157,1146,47303,905
2020-08-26,Placer,061,380077,3068,2846,9,2855,32
2020-08-26,Plumas,063,18699,39,39,0,39,0
2020-08-26,Riverside,065,2383286,53320,51138,58,51196,987
2020-08-26,Sacramento,067,1510023,18233,16708,17,16725,271
2020-08-26,San Benito,069,59416,1098,978,0,978,3
2020-08-26,San Bernardino,071,2135413,48773,45840,302,46142,743
2020-08-26,San Diego,073,3302833,39144,37224,397,37621,668
2020-08-26,San Francisco,075,870044,9552,8938,9,8947,81
2020-08-26,San Joaquin,077,732212,18413,16845,34,16879,309
2020-08-26,San Luis Obispo,079,281455,3093,2761,13,2774,20
2020-08-26,San Mateo,081,765935,8451,7655,9,7664,121
2020-08-26,Santa Barbara,083,443738,8175,7904,67,7971,90
2020-08-26,Santa Clara,085,1922200,18242,16283,37,16320,198
2020-08-26,Santa Cruz,087,273765,1869,1726,16,1742,7
2020-08-26,Shasta,089,179085,611,511,3,514,9
2020-08-26,Sierra,091,2930,6,6,0,6,0
2020-08-26,Siskiyou,093,43540,133,109,8,117,0
2020-08-26,Solano,095,438530,5542,5131,34,5165,34
2020-08-26,Sonoma,097,501317,5884,5283,19,5302,58
2020-08-26,Stanislaus,099,539301,15104,13964,329,14293,186
2020-08-26,Sutter,101,95872,1367,1275,1,1276,9
2020-08-26,Tehama,103,63373,424,396,2,398,1
2020-08-26,Trinity,105,12862,45,10,6,16,0
2020-08-26,Tulare,107,460477,14545,13568,53,13621,232
2020-08-26,Tuolumne,109,53932,201,172,5,177,1
2020-08-26,Ventura,111,848112,11265,10412,86,10498,100
2020-08-26,Yolo,113,214977,2465,2279,4,2283,49
2020-08-26,Yuba,115,75493,860,779,3,782,1
2020-08-25,Alameda,001,1643700,18531,17278,121,17399,232
2020-08-25,Alpine,002,1148,2,2,0,2,0
2020-08-25,Amador,005,37829,273,227,0,227,13
2020-08-25,Butte,007,227075,2085,1718,43,1761,24
2020-08-25,Calaveras,009,45235,240,196,0,196,1
2020-08-25,Colusa,011,21464,455,430,0,430,5
2020-08-25,Contra Costa,013,1133247,14236,13181,48,13229,156
2020-08-25,Del Norte,015,27424,113,83,0,83,1
2020-08-25,El Dorado,017,186661,1005,928,7,935,2
2020-08-25,Fresno,019,978130,27294,23932,291,24223,250
2020-08-25,Glenn,021,27897,446,429,0,429,3
2020-08-25,Humboldt,023,135768,382,342,1,343,4
2020-08-25,Imperial,025,180216,11205,9381,7,9388,217
2020-08-25,Inyo,027,18085,175,144,3,147,1
2020-08-25,Kern,029,883053,29556,28416,221,28637,285
2020-08-25,Kings,031,150075,6203,5702,29,5731,59
2020-08-25,Lake,033,64148,344,304,0,304,2
2020-08-25,Lassen,035,31185,721,692,2,694,0
2020-08-25,Los Angeles,037,10098052,240017,233961,1153,235114,5612
2020-08-25,Madera,039,155013,3864,3446,24,3470,32
2020-08-25,Marin,041,260295,1178,5860,15,5875,56
2020-08-25,Mariposa,043,17540,73,67,0,67,2
2020-08-25,Mendocino,045,87422,618,571,0,571,10
2020-08-25,Merced,047,269075,7980,7693,10,7703,69
2020-08-25,Modoc,049,8938,8,5,0,5,0
2020-08-25,Mono,051,14174,163,129,3,132,1
2020-08-25,Monterey,053,433212,7933,7333,17,7350,51
2020-08-25,Napa,055,140530,1456,1374,5,1379,10
2020-08-25,Nevada,057,99092,448,430,13,443,2
2020-08-25,Orange,059,3164182,49881,45737,1130,46867,902
2020-08-25,Placer,061,380077,3049,2829,6,2835,31
2020-08-25,Plumas,063,18699,39,39,0,39,0
2020-08-25,Riverside,065,2383286,53089,50889,58,50947,981
2020-08-25,Sacramento,067,1510023,18079,16601,17,16618,265
2020-08-25,San Benito,069,59416,1082,973,0,973,3
2020-08-25,San Bernardino,071,2135413,48538,45544,299,45843,727
2020-08-25,San Diego,073,3302833,38865,36996,375,37371,665
2020-08-25,San Francisco,075,870044,9475,8848,9,8857,81
2020-08-25,San Joaquin,077,732212,18285,16795,34,16829,306
2020-08-25,San Luis Obispo,079,281455,3034,2731,12,2743,20
2020-08-25,San Mateo,081,765935,8391,7636,8,7644,120
2020-08-25,Santa Barbara,083,443738,8123,7854,67,7921,90
2020-08-25,Santa Clara,085,1922200,18073,16199,37,16236,194
2020-08-25,Santa Cruz,087,273765,1850,1708,16,1724,7
2020-08-25,Shasta,089,179085,607,511,3,514,9
2020-08-25,Sierra,091,2930,6,6,0,6,0
2020-08-25,Siskiyou,093,43540,132,109,8,117,0
2020-08-25,Solano,095,438530,5481,5114,34,5148,34
2020-08-25,Sonoma,097,501317,5803,5148,19,5167,56
2020-08-25,Stanislaus,099,539301,14996,13886,318,14204,182
2020-08-25,Sutter,101,95872,1350,1259,1,1260,9
2020-08-25,Tehama,103,63373,421,394,2,396,1
2020-08-25,Trinity,105,12862,44,10,6,16,0
2020-08-25,Tulare,107,460477,14440,13514,52,13566,224
2020-08-25,Tuolumne,109,53932,199,172,5,177,1
2020-08-25,Ventura,111,848112,11180,10313,81,10394,99
2020-08-25,Yolo,113,214977,2452,2254,4,2258,50
2020-08-25,Yuba,115,75493,850,775,3,778,1
2020-08-24,Alameda,001,1643700,18336,16913,120,17033,231
2020-08-24,Alpine,002,1148,2,2,0,2,0
2020-08-24,Amador,005,37829,271,227,0,227,13
2020-08-24,Butte,007,227075,2002,1649,43,1692,23
2020-08-24,Calaveras,009,45235,231,187,0,187,1
2020-08-24,Colusa,011,21464,451,425,0,425,5
2020-08-24,Contra Costa,013,1133247,14119,12906,46,12952,153
2020-08-24,Del Norte,015,27424,113,80,0,80,1
2020-08-24,El Dorado,017,186661,997,908,7,915,2
2020-08-24,Fresno,019,978130,27105,23618,284,23902,235
2020-08-24,Glenn,021,27897,444,421,0,421,2
2020-08-24,Humboldt,023,135768,378,340,1,341,4
2020-08-24,Imperial,025,180216,11172,9323,7,9330,210
2020-08-24,Inyo,027,18085,171,144,3,147,2
2020-08-24,Kern,029,883053,29458,28157,215,28372,277
2020-08-24,Kings,031,150075,6115,5652,29,5681,60
2020-08-24,Lake,033,64148,329,302,0,302,2
2020-08-24,Lassen,035,31185,721,693,2,695,0
2020-08-24,Los Angeles,037,10098052,238652,233036,1137,234173,5562
2020-08-24,Madera,039,155013,3836,3418,24,3442,32
2020-08-24,Marin,041,260295,1170,5834,15,5849,56
2020-08-24,Mariposa,043,17540,71,66,0,66,2
2020-08-24,Mendocino,045,87422,603,550,0,550,10
2020-08-24,Merced,047,269075,7901,7605,10,7615,69
2020-08-24,Modoc,049,8938,8,5,0,5,0
2020-08-24,Mono,051,14174,163,129,3,132,1
2020-08-24,Monterey,053,433212,7824,7212,16,7228,50
2020-08-24,Napa,055,140530,1443,1358,5,1363,10
2020-08-24,Nevada,057,99092,443,423,13,436,2
2020-08-24,Orange,059,3164182,49688,45536,1121,46657,887
2020-08-24,Placer,061,380077,3002,2793,6,2799,31
2020-08-24,Plumas,063,18699,39,37,0,37,0
2020-08-24,Riverside,065,2383286,52811,50496,58,50554,975
2020-08-24,Sacramento,067,1510023,17883,16318,16,16334,249
2020-08-24,San Benito,069,59416,1061,961,0,961,3
2020-08-24,San Bernardino,071,2135413,48275,45199,297,45496,720
2020-08-24,San Diego,073,3302833,38577,36729,347,37076,660
2020-08-24,San Francisco,075,870044,9392,8621,9,8630,81
2020-08-24,San Joaquin,077,732212,18144,16565,33,16598,305
2020-08-24,San Luis Obispo,079,281455,3006,2705,12,2717,20
2020-08-24,San Mateo,081,765935,8324,7502,8,7510,120
2020-08-24,Santa Barbara,083,443738,8082,7784,67,7851,90
2020-08-24,Santa Clara,085,1922200,17869,16049,37,16086,192
2020-08-24,Santa Cruz,087,273765,1830,1627,15,1642,6
2020-08-24,Shasta,089,179085,605,505,3,508,9
2020-08-24,Sierra,091,2930,6,6,0,6,0
2020-08-24,Siskiyou,093,43540,128,107,8,115,0
2020-08-24,Solano,095,438530,5432,4979,32,5011,32
2020-08-24,Sonoma,097,501317,5695,5071,19,5090,56
2020-08-24,Stanislaus,099,539301,14898,13521,304,13825,171
2020-08-24,Sutter,101,95872,1331,1219,1,1220,9
2020-08-24,Tehama,103,63373,416,388,2,390,1
2020-08-24,Trinity,105,12862,44,10,6,16,0
2020-08-24,Tulare,107,460477,14332,13360,51,13411,223
2020-08-24,Tuolumne,109,53932,198,170,5,175,1
2020-08-24,Ventura,111,848112,11100,10261,77,10338,99
2020-08-24,Yolo,113,214977,2418,2239,4,2243,47
2020-08-24,Yuba,115,75493,833,750,3,753,1
2020-08-23,Alameda,001,1643700,18113,16786,119,16905,231
2020-08-23,Alpine,002,1148,2,2,0,2,0
2020-08-23,Amador,005,37829,268,227,0,227,13
2020-08-23,Butte,007,227075,1886,1637,43,1680,23
2020-08-23,Calaveras,009,45235,222,187,0,187,1
2020-08-23,Colusa,011,21464,444,424,0,424,5
2020-08-23,Contra Costa,013,1133247,13957,12642,46,12688,153
2020-08-23,Del Norte,015,27424,113,80,0,80,1
2020-08-23,El Dorado,017,186661,984,901,7,908,2
2020-08-23,Fresno,019,978130,26901,23414,281,23695,235
2020-08-23,Glenn,021,27897,437,421,0,421,2
2020-08-23,Humboldt,023,135768,376,341,1,342,4
2020-08-23,Imperial,025,180216,11143,9243,7,9250,210
2020-08-23,Inyo,027,18085,168,144,3,147,2
2020-08-23,Kern,029,883053,29309,28028,210,28238,277
2020-08-23,Kings,031,150075,6072,5628,29,5657,60
2020-08-23,Lake,033,64148,325,299,0,299,2
2020-08-23,Lassen,035,31185,720,693,2,695,0
2020-08-23,Los Angeles,037,10098052,237050,231833,1070,232903,5549
2020-08-23,Madera,039,155013,3805,3401,23,3424,32
2020-08-23,Marin,041,260295,1169,5807,14,5821,50
2020-08-23,Mariposa,043,17540,71,66,0,66,2
2020-08-23,Mendocino,045,87422,599,550,0,550,10
2020-08-23,Merced,047,269075,7829,7574,8,7582,69
2020-08-23,Modoc,049,8938,7,5,0,5,0
2020-08-23,Mono,051,14174,163,129,3,132,1
2020-08-23,Monterey,053,433212,7734,7173,16,7189,50
2020-08-23,Napa,055,140530,1431,1348,5,1353,10
2020-08-23,Nevada,057,99092,438,421,13,434,2
2020-08-23,Orange,059,3164182,49450,45267,1109,46376,887
2020-08-23,Placer,061,380077,2963,2772,6,2778,31
2020-08-23,Plumas,063,18699,39,37,0,37,0
2020-08-23,Riverside,065,2383286,52541,50293,56,50349,955
2020-08-23,Sacramento,067,1510023,17660,16084,15,16099,243
2020-08-23,San Benito,069,59416,1048,938,0,938,3
2020-08-23,San Bernardino,071,2135413,48007,45010,287,45297,719
2020-08-23,San Diego,073,3302833,38256,36542,320,36862,660
2020-08-23,San Francisco,075,870044,9298,8564,8,8572,80
2020-08-23,San Joaquin,077,732212,18011,16069,32,16101,305
2020-08-23,San Luis Obispo,079,281455,2964,2679,12,2691,20
2020-08-23,San Mateo,081,765935,8229,7450,8,7458,120
2020-08-23,Santa Barbara,083,443738,8014,7725,67,7792,90
2020-08-23,Santa Clara,085,1922200,17673,15912,35,15947,191
2020-08-23,Santa Cruz,087,273765,1804,1627,15,1642,6
2020-08-23,Shasta,089,179085,600,501,3,504,9
2020-08-23,Sierra,091,2930,6,6,0,6,0
2020-08-23,Siskiyou,093,43540,123,107,8,115,0
2020-08-23,Solano,095,438530,5374,4977,30,5007,32
2020-08-23,Sonoma,097,501317,5607,5018,19,5037,56
2020-08-23,Stanislaus,099,539301,14763,13483,281,13764,171
2020-08-23,Sutter,101,95872,1309,1203,1,1204,9
2020-08-23,Tehama,103,63373,406,381,2,383,1
2020-08-23,Trinity,105,12862,44,10,6,16,0
2020-08-23,Tulare,107,460477,14200,13303,48,13351,223
2020-08-23,Tuolumne,109,53932,195,164,5,169,1
2020-08-23,Ventura,111,848112,10999,10126,73,10199,99
2020-08-23,Yolo,113,214977,2390,2210,4,2214,47
2020-08-23,Yuba,115,75493,812,750,3,753,1
2020-08-22,Alameda,001,1643700,18019,16648,118,16766,231
2020-08-22,Alpine,002,1148,2,2,0,2,0
2020-08-22,Amador,005,37829,267,224,0,224,13
2020-08-22,Butte,007,227075,1835,1618,43,1661,22
2020-08-22,Calaveras,009,45235,218,187,0,187,1
2020-08-22,Colusa,011,21464,440,419,0,419,5
2020-08-22,Contra Costa,013,1133247,13870,12522,46,12568,153
2020-08-22,Del Norte,015,27424,112,80,0,80,1
2020-08-22,El Dorado,017,186661,982,900,7,907,2
2020-08-22,Fresno,019,978130,26803,23197,280,23477,235
2020-08-22,Glenn,021,27897,436,421,0,421,2
2020-08-22,Humboldt,023,135768,366,334,1,335,4
2020-08-22,Imperial,025,180216,11135,9244,7,9251,210
2020-08-22,Inyo,027,18085,168,144,3,147,1
2020-08-22,Kern,029,883053,29255,27807,210,28017,277
2020-08-22,Kings,031,150075,6063,5447,29,5476,60
2020-08-22,Lake,033,64148,323,291,0,291,2
2020-08-22,Lassen,035,31185,720,693,2,695,0
2020-08-22,Los Angeles,037,10098052,236389,230858,1054,231912,5540
2020-08-22,Madera,039,155013,3786,3330,23,3353,32
2020-08-22,Marin,041,260295,1168,5789,14,5803,49
2020-08-22,Mariposa,043,17540,71,66,0,66,2
2020-08-22,Mendocino,045,87422,596,529,0,529,10
2020-08-22,Merced,047,269075,7800,7493,8,7501,69
2020-08-22,Modoc,049,8938,7,5,0,5,0
2020-08-22,Mono,051,14174,163,129,3,132,1
2020-08-22,Monterey,053,433212,7686,7081,16,7097,50
2020-08-22,Napa,055,140530,1426,1328,5,1333,11
2020-08-22,Nevada,057,99092,438,411,13,424,2
2020-08-22,Orange,059,3164182,49309,45131,1103,46234,885
2020-08-22,Placer,061,380077,2949,2734,6,2740,30
2020-08-22,Plumas,063,18699,39,37,0,37,0
2020-08-22,Riverside,065,2383286,52393,49944,55,49999,953
2020-08-22,Sacramento,067,1510023,17548,15516,15,15531,239
2020-08-22,San Benito,069,59416,1032,912,0,912,3
2020-08-22,San Bernardino,071,2135413,47878,44803,283,45086,719
2020-08-22,San Diego,073,3302833,38073,36205,309,36514,673
2020-08-22,San Francisco,075,870044,9238,8568,8,8576,80
2020-08-22,San Joaquin,077,732212,17955,16068,32,16100,305
2020-08-22,San Luis Obispo,079,281455,2938,2660,12,2672,20
2020-08-22,San Mateo,081,765935,8182,7361,8,7369,120
2020-08-22,Santa Barbara,083,443738,7988,7685,67,7752,90
2020-08-22,Santa Clara,085,1922200,17565,15590,35,15625,190
2020-08-22,Santa Cruz,087,273765,1788,1628,14,1642,6
2020-08-22,Shasta,089,179085,598,493,3,496,9
2020-08-22,Sierra,091,2930,6,6,0,6,0
2020-08-22,Siskiyou,093,43540,123,106,8,114,0
2020-08-22,Solano,095,438530,5344,4944,29,4973,32
2020-08-22,Sonoma,097,501317,5562,4891,19,4910,57
2020-08-22,Stanislaus,099,539301,14713,13380,264,13644,170
2020-08-22,Sutter,101,95872,1302,1189,1,1190,8
2020-08-22,Tehama,103,63373,405,368,2,370,1
2020-08-22,Trinity,105,12862,44,8,6,14,0
2020-08-22,Tulare,107,460477,14133,13196,48,13244,222
2020-08-22,Tuolumne,109,53932,193,162,5,167,1
2020-08-22,Ventura,111,848112,10944,9959,71,10030,99
2020-08-22,Yolo,113,214977,2374,2188,4,2192,47
2020-08-22,Yuba,115,75493,800,738,3,741,1
2020-08-21,Alameda,001,1643700,17927,16413,118,16531,232
2020-08-21,Alpine,002,1148,2,2,0,2,0
2020-08-21,Amador,005,37829,266,223,0,223,11
2020-08-21,Butte,007,227075,1796,1582,43,1625,19
2020-08-21,Calaveras,009,45235,218,182,0,182,1
2020-08-21,Colusa,011,21464,438,418,0,418,5
2020-08-21,Contra Costa,013,1133247,13780,12333,45,12378,149
2020-08-21,Del Norte,015,27424,112,78,0,78,1
2020-08-21,El Dorado,017,186661,978,885,7,892,2
2020-08-21,Fresno,019,978130,26633,22840,279,23119,232
2020-08-21,Glenn,021,27897,432,418,0,418,2
2020-08-21,Humboldt,023,135768,363,331,1,332,4
2020-08-21,Imperial,025,180216,11119,9166,7,9173,204
2020-08-21,Inyo,027,18085,168,144,3,147,1
2020-08-21,Kern,029,883053,29196,27567,208,27775,269
2020-08-21,Kings,031,150075,6041,5391,29,5420,60
2020-08-21,Lake,033,64148,321,281,0,281,2
2020-08-21,Lassen,035,31185,720,693,2,695,0
2020-08-21,Los Angeles,037,10098052,235513,229235,1035,230270,5494
2020-08-21,Madera,039,155013,3756,3271,23,3294,31
2020-08-21,Marin,041,260295,1168,5762,14,5776,49
2020-08-21,Mariposa,043,17540,71,66,0,66,2
2020-08-21,Mendocino,045,87422,586,505,0,505,10
2020-08-21,Merced,047,269075,7770,7357,8,7365,69
2020-08-21,Modoc,049,8938,7,5,0,5,0
2020-08-21,Mono,051,14174,163,128,3,131,1
2020-08-21,Monterey,053,433212,7614,6974,16,6990,49
2020-08-21,Napa,055,140530,1417,1317,5,1322,10
2020-08-21,Nevada,057,99092,437,406,13,419,2
2020-08-21,Orange,059,3164182,49168,44625,1094,45719,875
2020-08-21,Placer,061,380077,2933,2698,6,2704,30
2020-08-21,Plumas,063,18699,39,36,0,36,0
2020-08-21,Riverside,065,2383286,52198,49409,55,49464,932
2020-08-21,Sacramento,067,1510023,17425,15247,15,15262,237
2020-08-21,San Benito,069,59416,1022,891,0,891,3
2020-08-21,San Bernardino,071,2135413,47759,44249,279,44528,668
2020-08-21,San Diego,073,3302833,37869,35914,292,36206,652
2020-08-21,San Francisco,075,870044,9188,8375,8,8383,80
2020-08-21,San Joaquin,077,732212,17873,15888,30,15918,301
2020-08-21,San Luis Obispo,079,281455,2915,2640,12,2652,19
2020-08-21,San Mateo,081,765935,8125,7253,8,7261,120
2020-08-21,Santa Barbara,083,443738,7947,7645,67,7712,86
2020-08-21,Santa Clara,085,1922200,17414,15399,35,15434,190
2020-08-21,Santa Cruz,087,273765,1776,1617,14,1631,6
2020-08-21,Shasta,089,179085,598,486,3,489,9
2020-08-21,Sierra,091,2930,6,6,0,6,0
2020-08-21,Siskiyou,093,43540,123,103,6,109,0
2020-08-21,Solano,095,438530,5321,4891,28,4919,32
2020-08-21,Sonoma,097,501317,5492,4816,19,4835,57
2020-08-21,Stanislaus,099,539301,14644,13282,250,13532,161
2020-08-21,Sutter,101,95872,1289,1173,1,1174,8
2020-08-21,Tehama,103,63373,403,357,2,359,1
2020-08-21,Trinity,105,12862,44,8,6,14,0
2020-08-21,Tulare,107,460477,14062,13002,47,13049,217
2020-08-21,Tuolumne,109,53932,185,161,5,166,1
2020-08-21,Ventura,111,848112,10879,9865,69,9934,98
2020-08-21,Yolo,113,214977,2359,2164,4,2168,46
2020-08-21,Yuba,115,75493,796,717,3,720,1
2020-08-20,Alameda,001,1643700,17767,16174,118,16292,229
2020-08-20,Alpine,002,1148,2,2,0,2,0
2020-08-20,Amador,005,37829,264,222,0,222,11
2020-08-20,Butte,007,227075,1747,1549,43,1592,18
2020-08-20,Calaveras,009,45235,215,179,0,179,1
2020-08-20,Colusa,011,21464,436,415,0,415,5
2020-08-20,Contra Costa,013,1133247,13653,12108,44,12152,144
2020-08-20,Del Norte,015,27424,112,78,0,78,1
2020-08-20,El Dorado,017,186661,974,881,7,888,2
2020-08-20,Fresno,019,978130,26451,22535,274,22809,228
2020-08-20,Glenn,021,27897,427,414,0,414,2
2020-08-20,Humboldt,023,135768,358,318,1,319,4
2020-08-20,Imperial,025,180216,11100,9086,7,9093,196
2020-08-20,Inyo,027,18085,167,144,3,147,1
2020-08-20,Kern,029,883053,29028,27337,197,27534,267
2020-08-20,Kings,031,150075,6001,5347,28,5375,59
2020-08-20,Lake,033,64148,316,280,0,280,2
2020-08-20,Lassen,035,31185,719,693,2,695,0
2020-08-20,Los Angeles,037,10098052,234278,227492,1016,228508,5445
2020-08-20,Madera,039,155013,3730,3197,23,3220,31
2020-08-20,Marin,041,260295,1168,5745,14,5759,47
2020-08-20,Mariposa,043,17540,71,67,0,67,2
2020-08-20,Mendocino,045,87422,576,497,0,497,10
2020-08-20,Merced,047,269075,7700,7173,8,7181,68
2020-08-20,Modoc,049,8938,7,5,0,5,0
2020-08-20,Mono,051,14174,163,128,3,131,1
2020-08-20,Monterey,053,433212,7543,6892,16,6908,47
2020-08-20,Napa,055,140530,1411,1306,5,1311,10
2020-08-20,Nevada,057,99092,436,401,13,414,2
2020-08-20,Orange,059,3164182,48941,44299,1084,45383,849
2020-08-20,Placer,061,380077,2917,2681,6,2687,30
2020-08-20,Plumas,063,18699,39,36,0,36,0
2020-08-20,Riverside,065,2383286,51979,48953,54,49007,927
2020-08-20,Sacramento,067,1510023,17182,14992,15,15007,231
2020-08-20,San Benito,069,59416,1009,866,0,866,3
2020-08-20,San Bernardino,071,2135413,47503,43627,275,43902,665
2020-08-20,San Diego,073,3302833,37649,35610,274,35884,644
2020-08-20,San Francisco,075,870044,9102,8262,8,8270,72
2020-08-20,San Joaquin,077,732212,17782,15778,30,15808,297
2020-08-20,San Luis Obispo,079,281455,2895,2590,12,2602,19
2020-08-20,San Mateo,081,765935,8060,7188,8,7196,120
2020-08-20,Santa Barbara,083,443738,7909,7571,67,7638,81
2020-08-20,Santa Clara,085,1922200,17242,15162,35,15197,190
2020-08-20,Santa Cruz,087,273765,1763,1581,14,1595,6
2020-08-20,Shasta,089,179085,597,478,3,481,9
2020-08-20,Sierra,091,2930,6,6,0,6,0
2020-08-20,Siskiyou,093,43540,122,102,1,103,0
2020-08-20,Solano,095,438530,5276,4843,28,4871,31
2020-08-20,Sonoma,097,501317,5415,4737,19,4756,54
2020-08-20,Stanislaus,099,539301,14548,13120,241,13361,161
2020-08-20,Sutter,101,95872,1265,1158,1,1159,8
2020-08-20,Tehama,103,63373,398,350,2,352,1
2020-08-20,Trinity,105,12862,44,8,6,14,0
2020-08-20,Tulare,107,460477,13954,12907,46,12953,217
2020-08-20,Tuolumne,109,53932,181,159,5,164,1
2020-08-20,Ventura,111,848112,10766,9744,68,9812,93
2020-08-20,Yolo,113,214977,2337,2150,4,2154,47
2020-08-20,Yuba,115,75493,779,709,3,712,1
2020-08-19,Alameda,001,1643700,17609,15874,117,15991,226
2020-08-19,Alpine,002,1148,2,2,0,2,0
2020-08-19,Amador,005,37829,263,219,0,219,9
2020-08-19,Butte,007,227075,1704,1517,43,1560,16
2020-08-19,Calaveras,009,45235,213,177,0,177,1
2020-08-19,Colusa,011,21464,435,415,0,415,5
2020-08-19,Contra Costa,013,1133247,13540,11895,43,11938,142
2020-08-19,Del Norte,015,27424,112,78,0,78,1
2020-08-19,El Dorado,017,186661,968,870,7,877,2
2020-08-19,Fresno,019,978130,26262,22167,265,22432,221
2020-08-19,Glenn,021,27897,425,414,0,414,2
2020-08-19,Humboldt,023,135768,355,316,1,317,4
2020-08-19,Imperial,025,180216,11072,9041,7,9048,192
2020-08-19,Inyo,027,18085,165,140,3,143,1
2020-08-19,Kern,029,883053,28911,27142,193,27335,263
2020-08-19,Kings,031,150075,5828,5301,26,5327,59
2020-08-19,Lake,033,64148,313,277,0,277,2
2020-08-19,Lassen,035,31185,711,693,2,695,0
2020-08-19,Los Angeles,037,10098052,233001,226006,976,226982,5399
2020-08-19,Madera,039,155013,3696,3158,21,3179,30
2020-08-19,Marin,041,260295,1168,5723,13,5736,46
2020-08-19,Mariposa,043,17540,71,64,0,64,2
2020-08-19,Mendocino,045,87422,559,495,0,495,8
2020-08-19,Merced,047,269075,7603,7082,5,7087,66
2020-08-19,Modoc,049,8938,7,5,0,5,0
2020-08-19,Mono,051,14174,163,128,3,131,1
2020-08-19,Monterey,053,433212,7443,6693,16,6709,45
2020-08-19,Napa,055,140530,1405,1293,5,1298,10
2020-08-19,Nevada,057,99092,429,398,13,411,2
2020-08-19,Orange,059,3164182,48736,43938,1081,45019,829
2020-08-19,Placer,061,380077,2895,2659,6,2665,28
2020-08-19,Plumas,063,18699,39,36,0,36,0
2020-08-19,Riverside,065,2383286,51729,48741,54,48795,922
2020-08-19,Sacramento,067,1510023,17002,14764,15,14779,229
2020-08-19,San Benito,069,59416,992,853,0,853,3
2020-08-19,San Bernardino,071,2135413,47207,43224,269,43493,661
2020-08-19,San Diego,073,3302833,37399,35378,259,35637,638
2020-08-19,San Francisco,075,870044,9038,8236,8,8244,72
2020-08-19,San Joaquin,077,732212,17660,15677,29,15706,296
2020-08-19,San Luis Obispo,079,281455,2855,2553,12,2565,19
2020-08-19,San Mateo,081,765935,7991,7146,8,7154,119
2020-08-19,Santa Barbara,083,443738,7860,7499,67,7566,80
2020-08-19,Santa Clara,085,1922200,17097,14994,35,15029,189
2020-08-19,Santa Cruz,087,273765,1737,1554,14,1568,6
2020-08-19,Shasta,089,179085,593,475,3,478,9
2020-08-19,Sierra,091,2930,6,6,0,6,0
2020-08-19,Siskiyou,093,43540,121,103,1,104,0
2020-08-19,Solano,095,438530,5235,4807,28,4835,31
2020-08-19,Sonoma,097,501317,5332,4614,19,4633,54
2020-08-19,Stanislaus,099,539301,14445,13084,219,13303,160
2020-08-19,Sutter,101,95872,1231,1146,1,1147,8
2020-08-19,Tehama,103,63373,392,342,2,344,1
2020-08-19,Trinity,105,12862,43,8,6,14,0
2020-08-19,Tulare,107,460477,13856,12756,46,12802,217
2020-08-19,Tuolumne,109,53932,178,159,5,164,1
2020-08-19,Ventura,111,848112,10674,9587,66,9653,91
2020-08-19,Yolo,113,214977,2315,2126,4,2130,47
2020-08-19,Yuba,115,75493,767,701,3,704,1
2020-08-18,Alameda,001,1643700,17431,15627,115,15742,223
2020-08-18,Alpine,002,1148,2,2,0,2,0
2020-08-18,Amador,005,37829,262,215,0,215,9
2020-08-18,Butte,007,227075,1671,1491,43,1534,16
2020-08-18,Calaveras,009,45235,210,174,0,174,1
2020-08-18,Colusa,011,21464,434,415,0,415,5
2020-08-18,Contra Costa,013,1133247,13419,11689,41,11730,141
2020-08-18,Del Norte,015,27424,111,78,0,78,0
2020-08-18,El Dorado,017,186661,963,866,7,873,2
2020-08-18,Fresno,019,978130,26040,21798,259,22057,212
2020-08-18,Glenn,021,27897,425,407,0,407,2
2020-08-18,Humboldt,023,135768,353,315,1,316,4
2020-08-18,Imperial,025,180216,11038,8968,7,8975,189
2020-08-18,Inyo,027,18085,164,140,3,143,1
2020-08-18,Kern,029,883053,28758,26978,189,27167,263
2020-08-18,Kings,031,150075,5793,5269,25,5294,58
2020-08-18,Lake,033,64148,310,274,0,274,2
2020-08-18,Lassen,035,31185,711,693,2,695,0
2020-08-18,Los Angeles,037,10098052,231734,224218,940,225158,5339
2020-08-18,Madera,039,155013,3668,3125,21,3146,28
2020-08-18,Marin,041,260295,1167,5708,13,5721,47
2020-08-18,Mariposa,043,17540,71,61,0,61,2
2020-08-18,Mendocino,045,87422,550,468,0,468,8
2020-08-18,Merced,047,269075,7558,6940,5,6945,66
2020-08-18,Modoc,049,8938,7,5,0,5,0
2020-08-18,Mono,051,14174,162,129,3,132,1
2020-08-18,Monterey,053,433212,7351,6691,15,6706,44
2020-08-18,Napa,055,140530,1401,1274,5,1279,10
2020-08-18,Nevada,057,99092,422,389,13,402,2
2020-08-18,Orange,059,3164182,48511,43659,1067,44726,809
2020-08-18,Placer,061,380077,2869,2644,5,2649,28
2020-08-18,Plumas,063,18699,39,34,0,34,0
2020-08-18,Riverside,065,2383286,51397,48447,54,48501,917
2020-08-18,Sacramento,067,1510023,16772,14610,14,14624,222
2020-08-18,San Benito,069,59416,972,836,0,836,3
2020-08-18,San Bernardino,071,2135413,46926,42827,263,43090,648
2020-08-18,San Diego,073,3302833,37106,35164,227,35391,633
2020-08-18,San Francisco,075,870044,8953,8016,8,8024,72
2020-08-18,San Joaquin,077,732212,17546,15509,28,15537,290
2020-08-18,San Luis Obispo,079,281455,2830,2535,11,2546,18
2020-08-18,San Mateo,081,765935,7930,7074,8,7082,119
2020-08-18,Santa Barbara,083,443738,7818,7472,67,7539,81
2020-08-18,Santa Clara,085,1922200,16928,14786,34,14820,184
2020-08-18,Santa Cruz,087,273765,1724,1509,14,1523,6
2020-08-18,Shasta,089,179085,589,468,3,471,9
2020-08-18,Sierra,091,2930,6,6,0,6,0
2020-08-18,Siskiyou,093,43540,120,103,1,104,0
2020-08-18,Solano,095,438530,5208,4700,28,4728,31
2020-08-18,Sonoma,097,501317,5262,4506,19,4525,48
2020-08-18,Stanislaus,099,539301,14347,12935,203,13138,149
2020-08-18,Sutter,101,95872,1212,1126,1,1127,8
2020-08-18,Tehama,103,63373,382,333,2,335,1
2020-08-18,Trinity,105,12862,41,8,6,14,0
2020-08-18,Tulare,107,460477,13725,12637,43,12680,212
2020-08-18,Tuolumne,109,53932,175,159,5,164,1
2020-08-18,Ventura,111,848112,10584,9536,61,9597,89
2020-08-18,Yolo,113,214977,2293,2102,4,2106,47
2020-08-18,Yuba,115,75493,759,679,3,682,1
2020-08-17,Alameda,001,1643700,17238,15454,114,15568,221
2020-08-17,Alpine,002,1148,2,2,0,2,0
2020-08-17,Amador,005,37829,262,215,0,215,9
2020-08-17,Butte,007,227075,1626,1463,43,1506,15
2020-08-17,Calaveras,009,45235,206,167,0,167,1
2020-08-17,Colusa,011,21464,431,408,0,408,5
2020-08-17,Contra Costa,013,1133247,13282,11442,41,11483,141
2020-08-17,Del Norte,015,27424,107,77,0,77,0
2020-08-17,El Dorado,017,186661,960,846,7,853,2
2020-08-17,Fresno,019,978130,25833,21316,252,21568,211
2020-08-17,Glenn,021,27897,424,402,0,402,2
2020-08-17,Humboldt,023,135768,349,302,1,303,4
2020-08-17,Imperial,025,180216,10997,8897,7,8904,188
2020-08-17,Inyo,027,18085,156,124,3,127,1
2020-08-17,Kern,029,883053,28611,26773,179,26952,249
2020-08-17,Kings,031,150075,5755,5249,25,5274,58
2020-08-17,Lake,033,64148,305,270,0,270,2
2020-08-17,Lassen,035,31185,711,666,2,668,0
2020-08-17,Los Angeles,037,10098052,230215,223418,896,224314,5282
2020-08-17,Madera,039,155013,3625,3050,20,3070,26
2020-08-17,Marin,041,260295,1167,5683,12,5695,46
2020-08-17,Mariposa,043,17540,71,61,0,61,2
2020-08-17,Mendocino,045,87422,532,454,0,454,8
2020-08-17,Merced,047,269075,7464,6814,5,6819,66
2020-08-17,Modoc,049,8938,7,5,0,5,0
2020-08-17,Mono,051,14174,162,126,3,129,1
2020-08-17,Monterey,053,433212,7251,6553,15,6568,44
2020-08-17,Napa,055,140530,1380,1255,5,1260,10
2020-08-17,Nevada,057,99092,417,383,13,396,2
2020-08-17,Orange,059,3164182,48301,43621,1054,44675,804
2020-08-17,Placer,061,380077,2844,2609,5,2614,28
2020-08-17,Plumas,063,18699,39,33,0,33,0
2020-08-17,Riverside,065,2383286,51063,48062,52,48114,916
2020-08-17,Sacramento,067,1510023,16552,14333,14,14347,219
2020-08-17,San Benito,069,59416,957,822,0,822,2
2020-08-17,San Bernardino,071,2135413,46582,42005,254,42259,604
2020-08-17,San Diego,073,3302833,36840,34962,213,35175,626
2020-08-17,San Francisco,075,870044,8882,7600,8,7608,72
2020-08-17,San Joaquin,077,732212,17384,15323,27,15350,280
2020-08-17,San Luis Obispo,079,281455,2797,2527,11,2538,18
2020-08-17,San Mateo,081,765935,7873,6987,7,6994,118
2020-08-17,Santa Barbara,083,443738,7776,7438,67,7505,80
2020-08-17,Santa Clara,085,1922200,16703,14546,34,14580,183
2020-08-17,Santa Cruz,087,273765,1708,1453,13,1466,6
2020-08-17,Shasta,089,179085,583,467,3,470,9
2020-08-17,Sierra,091,2930,6,6,0,6,0
2020-08-17,Siskiyou,093,43540,119,103,0,103,0
2020-08-17,Solano,095,438530,5151,4479,28,4507,31
2020-08-17,Sonoma,097,501317,5172,4402,17,4419,48
2020-08-17,Stanislaus,099,539301,14222,12745,196,12941,148
2020-08-17,Sutter,101,95872,1196,1071,1,1072,8
2020-08-17,Tehama,103,63373,372,324,2,326,1
2020-08-17,Trinity,105,12862,41,8,6,14,0
2020-08-17,Tulare,107,460477,13613,12487,42,12529,210
2020-08-17,Tuolumne,109,53932,172,157,5,162,1
2020-08-17,Ventura,111,848112,10461,9490,56,9546,89
2020-08-17,Yolo,113,214977,2266,2083,4,2087,47
2020-08-17,Yuba,115,75493,744,647,3,650,1
2020-08-16,Alameda,001,1643700,16947,15338,114,15452,221
2020-08-16,Alpine,002,1148,2,2,0,2,0
2020-08-16,Amador,005,37829,259,215,0,215,9
2020-08-16,Butte,007,227075,1588,1432,43,1475,15
2020-08-16,Calaveras,009,45235,199,167,0,167,1
2020-08-16,Colusa,011,21464,429,407,0,407,5
2020-08-16,Contra Costa,013,1133247,13096,11255,41,11296,140
2020-08-16,Del Norte,015,27424,103,77,0,77,0
2020-08-16,El Dorado,017,186661,948,843,7,850,2
2020-08-16,Fresno,019,978130,25610,21010,247,21257,211
2020-08-16,Glenn,021,27897,422,400,0,400,2
2020-08-16,Humboldt,023,135768,347,301,1,302,4
2020-08-16,Imperial,025,180216,10953,8883,7,8890,188
2020-08-16,Inyo,027,18085,149,125,2,127,1
2020-08-16,Kern,029,883053,28412,26520,171,26691,249
2020-08-16,Kings,031,150075,5724,5146,25,5171,58
2020-08-16,Lake,033,64148,301,269,0,269,2
2020-08-16,Lassen,035,31185,711,666,2,668,0
2020-08-16,Los Angeles,037,10098052,228645,222236,867,223103,5263
2020-08-16,Madera,039,155013,3580,3013,20,3033,26
2020-08-16,Marin,041,260295,1167,5664,12,5676,46
2020-08-16,Mariposa,043,17540,71,61,0,61,2
2020-08-16,Mendocino,045,87422,524,451,0,451,8
2020-08-16,Merced,047,269075,7388,6744,4,6748,66
2020-08-16,Modoc,049,8938,7,5,0,5,0
2020-08-16,Mono,051,14174,162,126,3,129,1
2020-08-16,Monterey,053,433212,7153,6516,14,6530,44
2020-08-16,Napa,055,140530,1362,1241,3,1244,10
2020-08-16,Nevada,057,99092,408,379,13,392,2
2020-08-16,Orange,059,3164182,48051,43303,1043,44346,803
2020-08-16,Placer,061,380077,2815,2583,4,2587,28
2020-08-16,Plumas,063,18699,39,33,0,33,0
2020-08-16,Riverside,065,2383286,50732,47669,51,47720,910
2020-08-16,Sacramento,067,1510023,16312,14210,14,14224,219
2020-08-16,San Benito,069,59416,928,815,0,815,2
2020-08-16,San Bernardino,071,2135413,46159,41724,246,41970,603
2020-08-16,San Diego,073,3302833,36576,34680,198,34878,626
2020-08-16,San Francisco,075,870044,8795,7602,8,7610,72
2020-08-16,San Joaquin,077,732212,17183,15288,27,15315,280
2020-08-16,San Luis Obispo,079,281455,2768,2494,11,2505,17
2020-08-16,San Mateo,081,765935,7799,6942,7,6949,118
2020-08-16,Santa Barbara,083,443738,7727,7368,67,7435,79
2020-08-16,Santa Clara,085,1922200,16503,14329,34,14363,183
2020-08-16,Santa Cruz,087,273765,1681,1449,12,1461,6
2020-08-16,Shasta,089,179085,576,465,3,468,9
2020-08-16,Sierra,091,2930,6,6,0,6,0
2020-08-16,Siskiyou,093,43540,118,102,0,102,0
2020-08-16,Solano,095,438530,5091,4479,28,4507,31
2020-08-16,Sonoma,097,501317,5068,4329,17,4346,46
2020-08-16,Stanislaus,099,539301,14064,12668,186,12854,148
2020-08-16,Sutter,101,95872,1178,1071,1,1072,8
2020-08-16,Tehama,103,63373,363,318,2,320,1
2020-08-16,Trinity,105,12862,38,8,6,14,0
2020-08-16,Tulare,107,460477,13481,12334,39,12373,211
2020-08-16,Tuolumne,109,53932,172,156,5,161,1
2020-08-16,Ventura,111,848112,10352,9408,51,9459,89
2020-08-16,Yolo,113,214977,2247,2057,4,2061,47
2020-08-16,Yuba,115,75493,735,647,2,649,1
2020-08-15,Alameda,001,1643700,16870,15165,114,15279,221
2020-08-15,Alpine,002,1148,2,2,0,2,0
2020-08-15,Amador,005,37829,259,210,0,210,9
2020-08-15,Butte,007,227075,1567,1409,43,1452,15
2020-08-15,Calaveras,009,45235,197,167,0,167,1
2020-08-15,Colusa,011,21464,428,401,0,401,5
2020-08-15,Contra Costa,013,1133247,13000,11106,41,11147,138
2020-08-15,Del Norte,015,27424,103,77,0,77,0
2020-08-15,El Dorado,017,186661,943,838,7,845,2
2020-08-15,Fresno,019,978130,25495,20603,245,20848,211
2020-08-15,Glenn,021,27897,422,398,0,398,2
2020-08-15,Humboldt,023,135768,346,301,1,302,4
2020-08-15,Imperial,025,180216,10933,8794,7,8801,188
2020-08-15,Inyo,027,18085,149,123,2,125,1
2020-08-15,Kern,029,883053,28324,26338,171,26509,249
2020-08-15,Kings,031,150075,5706,5039,25,5064,56
2020-08-15,Lake,033,64148,299,268,0,268,2
2020-08-15,Lassen,035,31185,711,666,2,668,0
2020-08-15,Los Angeles,037,10098052,227894,221043,857,221900,5252
2020-08-15,Madera,039,155013,3530,2950,20,2970,26
2020-08-15,Marin,041,260295,1167,5628,12,5640,46
2020-08-15,Mariposa,043,17540,71,61,0,61,2
2020-08-15,Mendocino,045,87422,520,444,0,444,8
2020-08-15,Merced,047,269075,7352,6656,4,6660,66
2020-08-15,Modoc,049,8938,7,5,0,5,0
2020-08-15,Mono,051,14174,162,126,3,129,1
2020-08-15,Monterey,053,433212,7108,6162,14,6176,44
2020-08-15,Napa,055,140530,1352,1232,3,1235,10
2020-08-15,Nevada,057,99092,408,376,13,389,2
2020-08-15,Orange,059,3164182,47938,42811,1032,43843,801
2020-08-15,Placer,061,380077,2794,2551,4,2555,27
2020-08-15,Plumas,063,18699,39,33,0,33,0
2020-08-15,Riverside,065,2383286,50581,46720,51,46771,910
2020-08-15,Sacramento,067,1510023,16202,14018,14,14032,219
2020-08-15,San Benito,069,59416,915,805,0,805,2
2020-08-15,San Bernardino,071,2135413,46007,41231,244,41475,602
2020-08-15,San Diego,073,3302833,36410,34346,184,34530,639
2020-08-15,San Francisco,075,870044,8733,7601,8,7609,69
2020-08-15,San Joaquin,077,732212,17109,15113,27,15140,280
2020-08-15,San Luis Obispo,079,281455,2751,2461,11,2472,17
2020-08-15,San Mateo,081,765935,7762,6860,7,6867,118
2020-08-15,Santa Barbara,083,443738,7699,7338,67,7405,79
2020-08-15,Santa Clara,085,1922200,16407,14105,34,14139,183
2020-08-15,Santa Cruz,087,273765,1660,1449,12,1461,6
2020-08-15,Shasta,089,179085,573,458,3,461,9
2020-08-15,Sierra,091,2930,6,6,0,6,0
2020-08-15,Siskiyou,093,43540,117,100,0,100,0
2020-08-15,Solano,095,438530,5069,4477,28,4505,31
2020-08-15,Sonoma,097,501317,5013,4134,17,4151,45
2020-08-15,Stanislaus,099,539301,14000,12541,185,12726,149
2020-08-15,Sutter,101,95872,1167,1046,1,1047,8
2020-08-15,Tehama,103,63373,362,312,2,314,1
2020-08-15,Trinity,105,12862,36,6,6,12,0
2020-08-15,Tulare,107,460477,13442,12262,39,12301,211
2020-08-15,Tuolumne,109,53932,172,155,5,160,1
2020-08-15,Ventura,111,848112,10293,9379,49,9428,89
2020-08-15,Yolo,113,214977,2235,2031,4,2035,46
2020-08-15,Yuba,115,75493,731,623,2,625,1
2020-08-14,Alameda,001,1643700,16730,14909,114,15023,221
2020-08-14,Alpine,002,1148,2,2,0,2,0
2020-08-14,Amador,005,37829,259,209,0,209,9
2020-08-14,Butte,007,227075,1559,1384,43,1427,15
2020-08-14,Calaveras,009,45235,193,165,0,165,1
2020-08-14,Colusa,011,21464,426,399,0,399,5
2020-08-14,Contra Costa,013,1133247,12889,10893,41,10934,137
2020-08-14,Del Norte,015,27424,103,76,0,76,0
2020-08-14,El Dorado,017,186661,935,827,7,834,2
2020-08-14,Fresno,019,978130,25359,19900,245,20145,208
2020-08-14,Glenn,021,27897,420,395,0,395,2
2020-08-14,Humboldt,023,135768,340,294,1,295,4
2020-08-14,Imperial,025,180216,10909,8756,7,8763,185
2020-08-14,Inyo,027,18085,148,115,2,117,1
2020-08-14,Kern,029,883053,28220,25893,170,26063,249
2020-08-14,Kings,031,150075,5692,4953,25,4978,56
2020-08-14,Lake,033,64148,290,267,0,267,2
2020-08-14,Lassen,035,31185,711,665,2,667,0
2020-08-14,Los Angeles,037,10098052,226720,219083,841,219924,5222
2020-08-14,Madera,039,155013,3500,2876,20,2896,26
2020-08-14,Marin,041,260295,1167,5601,12,5613,46
2020-08-14,Mariposa,043,17540,70,61,0,61,2
2020-08-14,Mendocino,045,87422,511,432,0,432,8
2020-08-14,Merced,047,269075,7322,6466,4,6470,67
2020-08-14,Modoc,049,8938,7,5,0,5,0
2020-08-14,Mono,051,14174,162,126,3,129,1
2020-08-14,Monterey,053,433212,7057,6121,14,6135,41
2020-08-14,Napa,055,140530,1342,1230,3,1233,10
2020-08-14,Nevada,057,99092,404,377,13,390,2
2020-08-14,Orange,059,3164182,47788,42399,1020,43419,798
2020-08-14,Placer,061,380077,2775,2546,4,2550,26
2020-08-14,Plumas,063,18699,38,33,0,33,0
2020-08-14,Riverside,065,2383286,50351,46456,51,46507,891
2020-08-14,Sacramento,067,1510023,16053,13645,14,13659,212
2020-08-14,San Benito,069,59416,898,783,0,783,2
2020-08-14,San Bernardino,071,2135413,45820,40442,241,40683,594
2020-08-14,San Diego,073,3302833,36216,34067,177,34244,622
2020-08-14,San Francisco,075,870044,8675,7467,8,7475,69
2020-08-14,San Joaquin,077,732212,17009,14925,27,14952,276
2020-08-14,San Luis Obispo,079,281455,2736,2422,11,2433,17
2020-08-14,San Mateo,081,765935,7703,6655,7,6662,118
2020-08-14,Santa Barbara,083,443738,7649,7302,67,7369,77
2020-08-14,Santa Clara,085,1922200,16237,13785,33,13818,183
2020-08-14,Santa Cruz,087,273765,1638,1418,11,1429,6
2020-08-14,Shasta,089,179085,568,446,3,449,9
2020-08-14,Sierra,091,2930,6,5,0,5,0
2020-08-14,Siskiyou,093,43540,117,98,0,98,0
2020-08-14,Solano,095,438530,5048,4421,28,4449,31
2020-08-14,Sonoma,097,501317,4954,4087,14,4101,45
2020-08-14,Stanislaus,099,539301,13922,12379,181,12560,140
2020-08-14,Sutter,101,95872,1159,1039,1,1040,8
2020-08-14,Tehama,103,63373,357,305,2,307,1
2020-08-14,Trinity,105,12862,36,6,6,12,0
2020-08-14,Tulare,107,460477,13365,12009,39,12048,211
2020-08-14,Tuolumne,109,53932,171,155,5,160,1
2020-08-14,Ventura,111,848112,10218,9313,49,9362,89
2020-08-14,Yolo,113,214977,2221,1991,4,1995,45
2020-08-14,Yuba,115,75493,715,606,2,608,1
2020-08-13,Alameda,001,1643700,16449,14385,114,14499,218
2020-08-13,Alpine,002,1148,2,2,0,2,0
2020-08-13,Amador,005,37829,259,198,0,198,8
2020-08-13,Butte,007,227075,1535,1345,43,1388,15
2020-08-13,Calaveras,009,45235,191,162,0,162,1
2020-08-13,Colusa,011,21464,426,395,0,395,5
2020-08-13,Contra Costa,013,1133247,12734,10545,40,10585,136
2020-08-13,Del Norte,015,27424,102,74,0,74,0
2020-08-13,El Dorado,017,186661,930,803,7,810,2
2020-08-13,Fresno,019,978130,25134,19157,239,19396,201
2020-08-13,Glenn,021,27897,416,392,0,392,1
2020-08-13,Humboldt,023,135768,332,281,1,282,4
2020-08-13,Imperial,025,180216,10879,8640,7,8647,170
2020-08-13,Inyo,027,18085,144,97,2,99,1
2020-08-13,Kern,029,883053,28053,25472,167,25639,242
2020-08-13,Kings,031,150075,5657,4824,25,4849,52
2020-08-13,Lake,033,64148,285,263,0,263,2
2020-08-13,Lassen,035,31185,711,652,2,654,0
2020-08-13,Los Angeles,037,10098052,225340,216497,819,217316,5179
2020-08-13,Madera,039,155013,3456,2675,19,2694,25
2020-08-13,Marin,041,260295,1167,5503,12,5515,44
2020-08-13,Mariposa,043,17540,69,61,0,61,2
2020-08-13,Mendocino,045,87422,506,401,0,401,8
2020-08-13,Merced,047,269075,7217,5945,4,5949,63
2020-08-13,Modoc,049,8938,7,5,0,5,0
2020-08-13,Mono,051,14174,162,124,3,127,1
2020-08-13,Monterey,053,433212,6974,5925,14,5939,38
2020-08-13,Napa,055,140530,1333,1179,3,1182,10
2020-08-13,Nevada,057,99092,400,362,13,375,1
2020-08-13,Orange,059,3164182,47549,42019,1008,43027,773
2020-08-13,Placer,061,380077,2752,2460,4,2464,26
2020-08-13,Plumas,063,18699,38,32,0,32,0
2020-08-13,Riverside,065,2383286,50055,45327,51,45378,885
2020-08-13,Sacramento,067,1510023,15849,13237,14,13251,197
2020-08-13,San Benito,069,59416,869,757,0,757,2
2020-08-13,San Bernardino,071,2135413,45423,39395,234,39629,591
2020-08-13,San Diego,073,3302833,35980,33661,159,33820,627
2020-08-13,San Francisco,075,870044,8581,7277,8,7285,69
2020-08-13,San Joaquin,077,732212,16853,14537,26,14563,261
2020-08-13,San Luis Obispo,079,281455,2714,2283,11,2294,16
2020-08-13,San Mateo,081,765935,7641,6503,7,6510,117
2020-08-13,Santa Barbara,083,443738,7604,7129,66,7195,74
2020-08-13,Santa Clara,085,1922200,16015,13257,33,13290,182
2020-08-13,Santa Cruz,087,273765,1613,1383,11,1394,6
2020-08-13,Shasta,089,179085,563,428,3,431,9
2020-08-13,Sierra,091,2930,6,5,0,5,0
2020-08-13,Siskiyou,093,43540,117,95,0,95,0
2020-08-13,Solano,095,438530,5011,4305,28,4333,31
2020-08-13,Sonoma,097,501317,4880,3902,14,3916,45
2020-08-13,Stanislaus,099,539301,13793,11953,165,12118,136
2020-08-13,Sutter,101,95872,1138,992,1,993,8
2020-08-13,Tehama,103,63373,348,302,2,304,1
2020-08-13,Trinity,105,12862,35,6,6,12,0
2020-08-13,Tulare,107,460477,13221,11692,36,11728,210
2020-08-13,Tuolumne,109,53932,170,152,5,157,1
2020-08-13,Ventura,111,848112,10129,9114,49,9163,90
2020-08-13,Yolo,113,214977,2194,1938,4,1942,44
2020-08-13,Yuba,115,75493,699,568,2,570,1
2020-08-12,Alameda,001,1643700,16236,14214,114,14328,215
2020-08-12,Alpine,002,1148,2,2,0,2,0
2020-08-12,Amador,005,37829,256,197,0,197,8
2020-08-12,Butte,007,227075,1506,1317,43,1360,15
2020-08-12,Calaveras,009,45235,188,157,0,157,1
2020-08-12,Colusa,011,21464,421,394,0,394,5
2020-08-12,Contra Costa,013,1133247,12589,10304,39,10343,134
2020-08-12,Del Norte,015,27424,101,74,0,74,0
2020-08-12,El Dorado,017,186661,912,794,7,801,2
2020-08-12,Fresno,019,978130,24903,18690,233,18923,194
2020-08-12,Glenn,021,27897,413,388,0,388,1
2020-08-12,Humboldt,023,135768,325,281,1,282,4
2020-08-12,Imperial,025,180216,10856,8566,7,8573,167
2020-08-12,Inyo,027,18085,127,97,2,99,1
2020-08-12,Kern,029,883053,27861,25191,165,25356,232
2020-08-12,Kings,031,150075,5618,4736,25,4761,50
2020-08-12,Lake,033,64148,283,253,0,253,2
2020-08-12,Lassen,035,31185,710,651,2,653,0
2020-08-12,Los Angeles,037,10098052,223942,214542,803,215345,5119
2020-08-12,Madera,039,155013,3422,2681,17,2698,23
2020-08-12,Marin,041,260295,1167,5423,12,5435,44
2020-08-12,Mariposa,043,17540,69,61,0,61,2
2020-08-12,Mendocino,045,87422,487,386,0,386,9
2020-08-12,Merced,047,269075,7159,5777,4,5781,66
2020-08-12,Modoc,049,8938,7,5,0,5,0
2020-08-12,Mono,051,14174,161,124,3,127,1
2020-08-12,Monterey,053,433212,6870,5919,14,5933,38
2020-08-12,Napa,055,140530,1323,1161,3,1164,10
2020-08-12,Nevada,057,99092,395,357,13,370,1
2020-08-12,Orange,059,3164182,47298,41576,984,42560,754
2020-08-12,Placer,061,380077,2720,2417,4,2421,25
2020-08-12,Plumas,063,18699,38,31,0,31,0
2020-08-12,Riverside,065,2383286,49707,44747,51,44798,867
2020-08-12,Sacramento,067,1510023,15637,12528,14,12542,189
2020-08-12,San Benito,069,59416,856,751,0,751,2
2020-08-12,San Bernardino,071,2135413,45080,38811,225,39036,589
2020-08-12,San Diego,073,3302833,35771,33395,139,33534,608
2020-08-12,San Francisco,075,870044,8498,7194,8,7202,66
2020-08-12,San Joaquin,077,732212,16705,14154,26,14180,253
2020-08-12,San Luis Obispo,079,281455,2689,2263,11,2274,15
2020-08-12,San Mateo,081,765935,7562,6427,7,6434,117
2020-08-12,Santa Barbara,083,443738,7544,7049,64,7113,74
2020-08-12,Santa Clara,085,1922200,15840,13002,33,13035,182
2020-08-12,Santa Cruz,087,273765,1584,1382,10,1392,6
2020-08-12,Shasta,089,179085,559,417,3,420,9
2020-08-12,Sierra,091,2930,5,4,0,4,0
2020-08-12,Siskiyou,093,43540,116,90,0,90,0
2020-08-12,Solano,095,438530,4966,4258,28,4286,31
2020-08-12,Sonoma,097,501317,4806,3847,14,3861,47
2020-08-12,Stanislaus,099,539301,13653,11682,158,11840,136
2020-08-12,Sutter,101,95872,1114,987,1,988,7
2020-08-12,Tehama,103,63373,338,289,2,291,1
2020-08-12,Trinity,105,12862,34,6,6,12,0
2020-08-12,Tulare,107,460477,13093,11460,36,11496,211
2020-08-12,Tuolumne,109,53932,169,150,5,155,1
2020-08-12,Ventura,111,848112,10042,9005,49,9054,87
2020-08-12,Yolo,113,214977,2170,1921,4,1925,44
2020-08-12,Yuba,115,75493,677,549,1,550,1
2020-08-11,Alameda,001,1643700,15975,13960,111,14071,204
2020-08-11,Alpine,002,1148,2,2,0,2,0
2020-08-11,Amador,005,37829,250,187,0,187,3
2020-08-11,Butte,007,227075,1478,1296,43,1339,15
2020-08-11,Calaveras,009,45235,186,161,0,161,1
2020-08-11,Colusa,011,21464,416,390,0,390,5
2020-08-11,Contra Costa,013,1133247,12401,10012,37,10049,131
2020-08-11,Del Norte,015,27424,100,73,0,73,0
2020-08-11,El Dorado,017,186661,905,786,6,792,2
2020-08-11,Fresno,019,978130,24582,18344,230,18574,187
2020-08-11,Glenn,021,27897,411,380,0,380,1
2020-08-11,Humboldt,023,135768,320,283,1,284,4
2020-08-11,Imperial,025,180216,10802,8518,7,8525,165
2020-08-11,Inyo,027,18085,122,97,2,99,1
2020-08-11,Kern,029,883053,27526,25042,163,25205,230
2020-08-11,Kings,031,150075,5427,4696,25,4721,50
2020-08-11,Lake,033,64148,280,243,0,243,2
2020-08-11,Lassen,035,31185,704,605,2,607,0
2020-08-11,Los Angeles,037,10098052,222442,212421,780,213201,5065
2020-08-11,Madera,039,155013,3368,2673,17,2690,22
2020-08-11,Marin,041,260295,1166,5287,11,5298,44
2020-08-11,Mariposa,043,17540,68,60,0,60,2
2020-08-11,Mendocino,045,87422,477,385,0,385,9
2020-08-11,Merced,047,269075,7065,5322,3,5325,65
2020-08-11,Modoc,049,8938,7,5,0,5,0
2020-08-11,Mono,051,14174,161,124,3,127,1
2020-08-11,Monterey,053,433212,6761,5624,14,5638,36
2020-08-11,Napa,055,140530,1312,1143,2,1145,11
2020-08-11,Nevada,057,99092,392,358,13,371,1
2020-08-11,Orange,059,3164182,47078,41205,963,42168,742
2020-08-11,Placer,061,380077,2688,2393,4,2397,24
2020-08-11,Plumas,063,18699,38,31,0,31,0
2020-08-11,Riverside,065,2383286,49350,44237,51,44288,836
2020-08-11,Sacramento,067,1510023,15346,12298,14,12312,182
2020-08-11,San Benito,069,59416,844,750,0,750,2
2020-08-11,San Bernardino,071,2135413,44740,38467,218,38685,584
2020-08-11,San Diego,073,3302833,35504,33159,120,33279,602
2020-08-11,San Francisco,075,870044,8402,6988,8,6996,66
2020-08-11,San Joaquin,077,732212,16527,13997,21,14018,251
2020-08-11,San Luis Obispo,079,281455,2632,2234,11,2245,15
2020-08-11,San Mateo,081,765935,7488,6339,7,6346,117
2020-08-11,Santa Barbara,083,443738,7495,6942,64,7006,70
2020-08-11,Santa Clara,085,1922200,15619,12920,33,12953,183
2020-08-11,Santa Cruz,087,273765,1561,1352,10,1362,4
2020-08-11,Shasta,089,179085,555,416,3,419,9
2020-08-11,Sierra,091,2930,5,4,0,4,0
2020-08-11,Siskiyou,093,43540,116,90,0,90,0
2020-08-11,Solano,095,438530,4918,4206,27,4233,31
2020-08-11,Sonoma,097,501317,4711,3752,14,3766,45
2020-08-11,Stanislaus,099,539301,13549,11592,146,11738,128
2020-08-11,Sutter,101,95872,1092,964,1,965,7
2020-08-11,Tehama,103,63373,334,289,2,291,1
2020-08-11,Trinity,105,12862,34,5,6,11,0
2020-08-11,Tulare,107,460477,12968,11392,35,11427,201
2020-08-11,Tuolumne,109,53932,165,146,5,151,1
2020-08-11,Ventura,111,848112,9974,8953,48,9001,88
2020-08-11,Yolo,113,214977,2148,1912,4,1916,44
2020-08-11,Yuba,115,75493,666,540,1,541,1
2020-08-10,Alameda,001,1643700,15735,13420,109,13529,203
2020-08-10,Alpine,002,1148,2,2,0,2,0
2020-08-10,Amador,005,37829,249,172,0,172,2
2020-08-10,Butte,007,227075,1454,1174,41,1215,15
2020-08-10,Calaveras,009,45235,175,121,0,121,1
2020-08-10,Colusa,011,21464,414,387,0,387,4
2020-08-10,Contra Costa,013,1133247,12247,9454,35,9489,130
2020-08-10,Del Norte,015,27424,98,69,0,69,0
2020-08-10,El Dorado,017,186661,893,771,6,777,2
2020-08-10,Fresno,019,978130,24300,17978,230,18208,183
2020-08-10,Glenn,021,27897,408,381,0,381,1
2020-08-10,Humboldt,023,135768,314,277,1,278,4
2020-08-10,Imperial,025,180216,10757,8465,7,8472,165
2020-08-10,Inyo,027,18085,122,97,2,99,1
2020-08-10,Kern,029,883053,27300,24499,162,24661,215
2020-08-10,Kings,031,150075,5321,4588,25,4613,50
2020-08-10,Lake,033,64148,273,239,0,239,2
2020-08-10,Lassen,035,31185,704,588,2,590,0
2020-08-10,Los Angeles,037,10098052,220864,211035,762,211797,5003
2020-08-10,Madera,039,155013,3335,2365,17,2382,22
2020-08-10,Marin,041,260295,1159,5242,10,5252,44
2020-08-10,Mariposa,043,17540,68,57,0,57,2
2020-08-10,Mendocino,045,87422,453,364,0,364,1
2020-08-10,Merced,047,269075,6979,4913,3,4916,51
2020-08-10,Modoc,049,8938,7,5,0,5,0
2020-08-10,Mono,051,14174,161,123,3,126,1
2020-08-10,Monterey,053,433212,6651,5358,14,5372,34
2020-08-10,Napa,055,140530,1294,1084,2,1086,8
2020-08-10,Nevada,057,99092,384,356,13,369,1
2020-08-10,Orange,059,3164182,46808,40445,945,41390,721
2020-08-10,Placer,061,380077,2649,2298,4,2302,21
2020-08-10,Plumas,063,18699,38,27,0,27,0
2020-08-10,Riverside,065,2383286,48965,43296,50,43346,830
2020-08-10,Sacramento,067,1510023,15035,12059,14,12073,168
2020-08-10,San Benito,069,59416,831,743,0,743,2
2020-08-10,San Bernardino,071,2135413,44364,37367,209,37576,579
2020-08-10,San Diego,073,3302833,35238,32977,104,33081,594
2020-08-10,San Francisco,075,870044,8312,6816,7,6823,66
2020-08-10,San Joaquin,077,732212,16343,13308,21,13329,240
2020-08-10,San Luis Obispo,079,281455,2533,2208,11,2219,15
2020-08-10,San Mateo,081,765935,7411,6222,7,6229,117
2020-08-10,Santa Barbara,083,443738,7440,6869,64,6933,66
2020-08-10,Santa Clara,085,1922200,15359,12615,32,12647,182
2020-08-10,Santa Cruz,087,273765,1541,1239,9,1248,4
2020-08-10,Shasta,089,179085,551,384,3,387,9
2020-08-10,Sierra,091,2930,5,3,0,3,0
2020-08-10,Siskiyou,093,43540,113,88,0,88,0
2020-08-10,Solano,095,438530,4858,4101,27,4128,31
2020-08-10,Sonoma,097,501317,4540,3640,10,3650,42
2020-08-10,Stanislaus,099,539301,13366,10855,130,10985,106
2020-08-10,Sutter,101,95872,1067,865,1,866,7
2020-08-10,Tehama,103,63373,327,282,2,284,1
2020-08-10,Trinity,105,12862,31,5,6,11,0
2020-08-10,Tulare,107,460477,12795,10750,33,10783,194
2020-08-10,Tuolumne,109,53932,165,143,4,147,1
2020-08-10,Ventura,111,848112,9890,8851,47,8898,85
2020-08-10,Yolo,113,214977,2125,1840,4,1844,45
2020-08-10,Yuba,115,75493,649,527,1,528,1
2020-08-09,Alameda,001,1643700,15454,13241,107,13348,203
2020-08-09,Alpine,002,1148,2,2,0,2,0
2020-08-09,Amador,005,37829,244,153,0,153,2
2020-08-09,Butte,007,227075,1411,1155,41,1196,15
2020-08-09,Calaveras,009,45235,170,122,0,122,1
2020-08-09,Colusa,011,21464,410,371,0,371,4
2020-08-09,Contra Costa,013,1133247,12019,9214,34,9248,130
2020-08-09,Del Norte,015,27424,98,69,0,69,0
2020-08-09,El Dorado,017,186661,885,748,6,754,2
2020-08-09,Fresno,019,978130,23990,17846,226,18072,183
2020-08-09,Glenn,021,27897,406,354,0,354,1
2020-08-09,Humboldt,023,135768,308,279,1,280,4
2020-08-09,Imperial,025,180216,10714,8310,6,8316,165
2020-08-09,Inyo,027,18085,117,86,1,87,1
2020-08-09,Kern,029,883053,27044,23680,162,23842,215
2020-08-09,Kings,031,150075,5278,4446,24,4470,50
2020-08-09,Lake,033,64148,266,225,0,225,2
2020-08-09,Lassen,035,31185,698,589,2,591,0
2020-08-09,Los Angeles,037,10098052,218803,208810,740,209550,4984
2020-08-09,Madera,039,155013,3277,2322,13,2335,22
2020-08-09,Marin,041,260295,1159,5204,10,5214,44
2020-08-09,Mariposa,043,17540,66,56,0,56,2
2020-08-09,Mendocino,045,87422,443,283,0,283,1
2020-08-09,Merced,047,269075,6874,4735,2,4737,51
2020-08-09,Modoc,049,8938,7,4,0,4,0
2020-08-09,Mono,051,14174,160,113,3,116,1
2020-08-09,Monterey,053,433212,6527,5199,14,5213,34
2020-08-09,Napa,055,140530,1275,1062,2,1064,8
2020-08-09,Nevada,057,99092,376,332,13,345,1
2020-08-09,Orange,059,3164182,46509,39244,930,40174,722
2020-08-09,Placer,061,380077,2620,2211,4,2215,20
2020-08-09,Plumas,063,18699,38,27,0,27,0
2020-08-09,Riverside,065,2383286,48618,41894,50,41944,828
2020-08-09,Sacramento,067,1510023,14756,11301,14,11315,167
2020-08-09,San Benito,069,59416,812,687,0,687,2
2020-08-09,San Bernardino,071,2135413,43886,36092,209,36301,579
2020-08-09,San Diego,073,3302833,34947,32749,93,32842,594
2020-08-09,San Francisco,075,870044,8197,6820,7,6827,66
2020-08-09,San Joaquin,077,732212,16138,12933,20,12953,240
2020-08-09,San Luis Obispo,079,281455,2497,2124,11,2135,15
2020-08-09,San Mateo,081,765935,7316,6094,7,6101,117
2020-08-09,Santa Barbara,083,443738,7352,6669,64,6733,66
2020-08-09,Santa Clara,085,1922200,15089,11878,32,11910,181
2020-08-09,Santa Cruz,087,273765,1517,1246,9,1255,4
2020-08-09,Shasta,089,179085,547,361,3,364,9
2020-08-09,Sierra,091,2930,5,3,0,3,0
2020-08-09,Siskiyou,093,43540,112,74,0,74,0
2020-08-09,Solano,095,438530,4805,3954,26,3980,31
2020-08-09,Sonoma,097,501317,4404,3531,8,3539,41
2020-08-09,Stanislaus,099,539301,13158,10264,117,10381,106
2020-08-09,Sutter,101,95872,1033,857,1,858,7
2020-08-09,Tehama,103,63373,319,265,2,267,1
2020-08-09,Trinity,105,12862,31,5,6,11,0
2020-08-09,Tulare,107,460477,12605,10630,30,10660,194
2020-08-09,Tuolumne,109,53932,161,143,4,147,1
2020-08-09,Ventura,111,848112,9742,8633,46,8679,85
2020-08-09,Yolo,113,214977,2094,1765,4,1769,44
2020-08-09,Yuba,115,75493,629,442,1,443,1
2020-08-08,Alameda,001,1643700,15344,13087,107,13194,204
2020-08-08,Alpine,002,1148,2,2,0,2,0
2020-08-08,Amador,005,37829,244,139,0,139,2
2020-08-08,Butte,007,227075,1393,1140,41,1181,15
2020-08-08,Calaveras,009,45235,169,122,0,122,1
2020-08-08,Colusa,011,21464,409,368,0,368,4
2020-08-08,Contra Costa,013,1133247,11910,9104,34,9138,129
2020-08-08,Del Norte,015,27424,97,69,0,69,0
2020-08-08,El Dorado,017,186661,878,734,6,740,2
2020-08-08,Fresno,019,978130,23852,17538,224,17762,183
2020-08-08,Glenn,021,27897,406,344,0,344,1
2020-08-08,Humboldt,023,135768,305,277,1,278,4
2020-08-08,Imperial,025,180216,10699,8213,6,8219,165
2020-08-08,Inyo,027,18085,113,86,1,87,1
2020-08-08,Kern,029,883053,26930,22803,162,22965,215
2020-08-08,Kings,031,150075,5264,4367,24,4391,49
2020-08-08,Lake,033,64148,264,221,0,221,2
2020-08-08,Lassen,035,31185,698,589,2,591,0
2020-08-08,Los Angeles,037,10098052,217920,206971,729,207700,4974
2020-08-08,Madera,039,155013,3246,2275,13,2288,22
2020-08-08,Marin,041,260295,1157,5118,10,5128,44
2020-08-08,Mariposa,043,17540,65,55,0,55,2
2020-08-08,Mendocino,045,87422,441,264,0,264,1
2020-08-08,Merced,047,269075,6832,4570,2,4572,51
2020-08-08,Modoc,049,8938,7,4,0,4,0
2020-08-08,Mono,051,14174,160,113,3,116,1
2020-08-08,Monterey,053,433212,6469,5101,14,5115,33
2020-08-08,Napa,055,140530,1267,1062,2,1064,8
2020-08-08,Nevada,057,99092,374,325,13,338,1
2020-08-08,Orange,059,3164182,46380,38688,921,39609,718
2020-08-08,Placer,061,380077,2604,2153,4,2157,20
2020-08-08,Plumas,063,18699,38,27,0,27,0
2020-08-08,Riverside,065,2383286,48413,41412,50,41462,823
2020-08-08,Sacramento,067,1510023,14626,11144,14,11158,166
2020-08-08,San Benito,069,59416,804,684,0,684,2
2020-08-08,San Bernardino,071,2135413,43692,35691,208,35899,531
2020-08-08,San Diego,073,3302833,34758,32332,84,32416,593
2020-08-08,San Francisco,075,870044,8131,6820,7,6827,66
2020-08-08,San Joaquin,077,732212,16058,12559,19,12578,240
2020-08-08,San Luis Obispo,079,281455,2474,2081,11,2092,15
2020-08-08,San Mateo,081,765935,7258,6021,7,6028,117
2020-08-08,Santa Barbara,083,443738,7314,6598,64,6662,66
2020-08-08,Santa Clara,085,1922200,14937,11615,32,11647,181
2020-08-08,Santa Cruz,087,273765,1503,1247,9,1256,4
2020-08-08,Shasta,089,179085,545,343,3,346,9
2020-08-08,Sierra,091,2930,5,3,0,3,0
2020-08-08,Siskiyou,093,43540,112,73,0,73,0
2020-08-08,Solano,095,438530,4784,3889,25,3914,31
2020-08-08,Sonoma,097,501317,4373,3399,8,3407,41
2020-08-08,Stanislaus,099,539301,13083,9963,112,10075,105
2020-08-08,Sutter,101,95872,1023,830,1,831,7
2020-08-08,Tehama,103,63373,318,251,2,253,1
2020-08-08,Trinity,105,12862,31,5,6,11,0
2020-08-08,Tulare,107,460477,12530,10505,30,10535,192
2020-08-08,Tuolumne,109,53932,161,143,4,147,1
2020-08-08,Ventura,111,848112,9687,8462,45,8507,85
2020-08-08,Yolo,113,214977,2081,1725,4,1729,44
2020-08-08,Yuba,115,75493,620,430,1,431,1
2020-08-07,Alameda,001,1643700,15234,12805,107,12912,204
2020-08-07,Alpine,002,1148,2,2,0,2,0
2020-08-07,Amador,005,37829,242,125,0,125,2
2020-08-07,Butte,007,227075,1375,1092,41,1133,13
2020-08-07,Calaveras,009,45235,169,119,0,119,1
2020-08-07,Colusa,011,21464,408,358,0,358,4
2020-08-07,Contra Costa,013,1133247,11762,8810,34,8844,126
2020-08-07,Del Norte,015,27424,97,69,0,69,0
2020-08-07,El Dorado,017,186661,873,724,6,730,2
2020-08-07,Fresno,019,978130,23692,17290,224,17514,171
2020-08-07,Glenn,021,27897,405,339,0,339,1
2020-08-07,Humboldt,023,135768,301,274,1,275,4
2020-08-07,Imperial,025,180216,10674,8085,6,8091,164
2020-08-07,Inyo,027,18085,112,81,1,82,1
2020-08-07,Kern,029,883053,26804,22143,160,22303,206
2020-08-07,Kings,031,150075,5247,4315,24,4339,48
2020-08-07,Lake,033,64148,262,215,0,215,1
2020-08-07,Lassen,035,31185,697,588,2,590,0
2020-08-07,Los Angeles,037,10098052,216453,204406,718,205124,4924
2020-08-07,Madera,039,155013,3214,2245,13,2258,20
2020-08-07,Marin,041,260295,1156,5094,10,5104,43
2020-08-07,Mariposa,043,17540,65,53,0,53,2
2020-08-07,Mendocino,045,87422,427,262,0,262,1
2020-08-07,Merced,047,269075,6789,4358,2,4360,30
2020-08-07,Modoc,049,8938,7,4,0,4,0
2020-08-07,Mono,051,14174,160,112,3,115,1
2020-08-07,Monterey,053,433212,6394,5041,14,5055,33
2020-08-07,Napa,055,140530,1262,1055,2,1057,8
2020-08-07,Nevada,057,99092,371,324,13,337,1
2020-08-07,Orange,059,3164182,46168,38459,904,39363,701
2020-08-07,Placer,061,380077,2586,2078,4,2082,20
2020-08-07,Plumas,063,18699,38,25,0,25,0
2020-08-07,Riverside,065,2383286,48149,40902,49,40951,810
2020-08-07,Sacramento,067,1510023,14481,10798,14,10812,160
2020-08-07,San Benito,069,59416,798,647,0,647,2
2020-08-07,San Bernardino,071,2135413,43445,35200,207,35407,524
2020-08-07,San Diego,073,3302833,34573,31781,81,31862,586
2020-08-07,San Francisco,075,870044,8053,6765,7,6772,66
2020-08-07,San Joaquin,077,732212,15971,12392,19,12411,223
2020-08-07,San Luis Obispo,079,281455,2443,2050,11,2061,14
2020-08-07,San Mateo,081,765935,7198,5948,7,5955,117
2020-08-07,Santa Barbara,083,443738,7263,6509,64,6573,66
2020-08-07,Santa Clara,085,1922200,14738,11409,32,11441,180
2020-08-07,Santa Cruz,087,273765,1485,1234,9,1243,5
2020-08-07,Shasta,089,179085,540,342,3,345,9
2020-08-07,Sierra,091,2930,5,3,0,3,0
2020-08-07,Siskiyou,093,43540,109,73,0,73,0
2020-08-07,Solano,095,438530,4752,3844,24,3868,31
2020-08-07,Sonoma,097,501317,4307,3329,8,3337,34
2020-08-07,Stanislaus,099,539301,12961,9665,102,9767,98
2020-08-07,Sutter,101,95872,1019,807,1,808,6
2020-08-07,Tehama,103,63373,314,246,2,248,1
2020-08-07,Trinity,105,12862,30,5,6,11,0
2020-08-07,Tulare,107,460477,12453,10292,30,10322,195
2020-08-07,Tuolumne,109,53932,160,136,4,140,1
2020-08-07,Ventura,111,848112,9627,8356,43,8399,84
2020-08-07,Yolo,113,214977,2054,1689,4,1693,37
2020-08-07,Yuba,115,75493,615,413,1,414,1
2020-08-06,Alameda,001,1643700,15012,12474,106,12580,200
2020-08-06,Alpine,002,1148,2,2,0,2,0
2020-08-06,Amador,005,37829,228,125,0,125,0
2020-08-06,Butte,007,227075,1356,1060,41,1101,13
2020-08-06,Calaveras,009,45235,167,117,0,117,1
2020-08-06,Colusa,011,21464,405,358,0,358,3
2020-08-06,Contra Costa,013,1133247,11568,8583,33,8616,124
2020-08-06,Del Norte,015,27424,97,69,0,69,0
2020-08-06,El Dorado,017,186661,862,703,6,709,1
2020-08-06,Fresno,019,978130,23397,17031,217,17248,161
2020-08-06,Glenn,021,27897,400,332,0,332,1
2020-08-06,Humboldt,023,135768,296,266,1,267,4
2020-08-06,Imperial,025,180216,10631,8064,6,8070,163
2020-08-06,Inyo,027,18085,104,83,1,84,1
2020-08-06,Kern,029,883053,26568,21843,159,22002,197
2020-08-06,Kings,031,150075,5185,4264,23,4287,47
2020-08-06,Lake,033,64148,259,209,0,209,1
2020-08-06,Lassen,035,31185,695,588,2,590,0
2020-08-06,Los Angeles,037,10098052,214380,201372,702,202074,4874
2020-08-06,Madera,039,155013,3166,2240,12,2252,19
2020-08-06,Marin,041,260295,1156,5058,10,5068,43
2020-08-06,Mariposa,043,17540,64,52,0,52,2
2020-08-06,Mendocino,045,87422,413,260,0,260,1
2020-08-06,Merced,047,269075,6694,4235,2,4237,30
2020-08-06,Modoc,049,8938,7,4,0,4,0
2020-08-06,Mono,051,14174,159,111,3,114,1
2020-08-06,Monterey,053,433212,6285,5001,13,5014,33
2020-08-06,Napa,055,140530,1248,1032,2,1034,8
2020-08-06,Nevada,057,99092,366,321,13,334,1
2020-08-06,Orange,059,3164182,45876,38399,899,39298,694
2020-08-06,Placer,061,380077,2560,2045,4,2049,20
2020-08-06,Plumas,063,18699,37,25,0,25,0
2020-08-06,Riverside,065,2383286,47755,40269,49,40318,781
2020-08-06,Sacramento,067,1510023,14253,10548,14,10562,153
2020-08-06,San Benito,069,59416,790,626,0,626,2
2020-08-06,San Bernardino,071,2135413,43040,34819,205,35024,516
2020-08-06,San Diego,073,3302833,34306,31129,74,31203,583
2020-08-06,San Francisco,075,870044,7960,6737,6,6743,60
2020-08-06,San Joaquin,077,732212,15812,12269,19,12288,203
2020-08-06,San Luis Obispo,079,281455,2419,2000,10,2010,13
2020-08-06,San Mateo,081,765935,7098,5885,7,5892,117
2020-08-06,Santa Barbara,083,443738,7203,6620,64,6684,65
2020-08-06,Santa Clara,085,1922200,14509,11280,32,11312,178
2020-08-06,Santa Cruz,087,273765,1464,1215,9,1224,4
2020-08-06,Shasta,089,179085,531,343,3,346,9
2020-08-06,Sierra,091,2930,5,3,0,3,0
2020-08-06,Siskiyou,093,43540,109,73,0,73,0
2020-08-06,Solano,095,438530,4708,3784,24,3808,29
2020-08-06,Sonoma,097,501317,4243,3259,8,3267,33
2020-08-06,Stanislaus,099,539301,12811,9566,86,9652,98
2020-08-06,Sutter,101,95872,988,797,1,798,6
2020-08-06,Tehama,103,63373,311,242,2,244,1
2020-08-06,Trinity,105,12862,27,5,6,11,0
2020-08-06,Tulare,107,460477,12293,10169,30,10199,195
2020-08-06,Tuolumne,109,53932,159,136,4,140,1
2020-08-06,Ventura,111,848112,9512,8245,40,8285,80
2020-08-06,Yolo,113,214977,2030,1662,4,1666,36
2020-08-06,Yuba,115,75493,606,407,0,407,1
2020-08-05,Alameda,001,1643700,14796,12140,106,12246,193
2020-08-05,Alpine,002,1148,2,2,0,2,0
2020-08-05,Amador,005,37829,218,123,0,123,0
2020-08-05,Butte,007,227075,1323,1038,39,1077,13
2020-08-05,Calaveras,009,45235,164,116,0,116,1
2020-08-05,Colusa,011,21464,401,354,0,354,3
2020-08-05,Contra Costa,013,1133247,11399,8362,33,8395,122
2020-08-05,Del Norte,015,27424,96,69,0,69,0
2020-08-05,El Dorado,017,186661,854,692,6,698,1
2020-08-05,Fresno,019,978130,23153,16625,212,16837,159
2020-08-05,Glenn,021,27897,397,330,0,330,1
2020-08-05,Humboldt,023,135768,294,249,1,250,4
2020-08-05,Imperial,025,180216,10596,8036,6,8042,163
2020-08-05,Inyo,027,18085,102,62,1,63,1
2020-08-05,Kern,029,883053,26380,21540,154,21694,194
2020-08-05,Kings,031,150075,5140,4192,22,4214,47
2020-08-05,Lake,033,64148,252,209,0,209,1
2020-08-05,Lassen,035,31185,648,557,2,559,0
2020-08-05,Los Angeles,037,10098052,212459,198355,682,199037,4832
2020-08-05,Madera,039,155013,3124,2172,12,2184,19
2020-08-05,Marin,041,260295,1151,5036,10,5046,43
2020-08-05,Mariposa,043,17540,64,52,0,52,2
2020-08-05,Mendocino,045,87422,401,248,0,248,1
2020-08-05,Merced,047,269075,6563,4119,2,4121,30
2020-08-05,Modoc,049,8938,7,3,0,3,0
2020-08-05,Mono,051,14174,159,104,3,107,1
2020-08-05,Monterey,053,433212,6170,4936,13,4949,32
2020-08-05,Napa,055,140530,1236,1020,2,1022,8
2020-08-05,Nevada,057,99092,357,327,13,340,2
2020-08-05,Orange,059,3164182,45567,37907,891,38798,663
2020-08-05,Placer,061,380077,2519,1989,4,1993,18
2020-08-05,Plumas,063,18699,36,25,0,25,0
2020-08-05,Riverside,065,2383286,47361,39454,47,39501,761
2020-08-05,Sacramento,067,1510023,14035,10261,13,10274,151
2020-08-05,San Benito,069,59416,781,613,0,613,2
2020-08-05,San Bernardino,071,2135413,42578,34442,200,34642,504
2020-08-05,San Diego,073,3302833,34082,30866,58,30924,578
2020-08-05,San Francisco,075,870044,7867,6701,6,6707,60
2020-08-05,San Joaquin,077,732212,15651,12148,19,12167,199
2020-08-05,San Luis Obispo,079,281455,2395,1928,10,1938,13
2020-08-05,San Mateo,081,765935,7003,5695,7,5702,116
2020-08-05,Santa Barbara,083,443738,7143,6597,64,6661,63
2020-08-05,Santa Clara,085,1922200,14275,11074,32,11106,176
2020-08-05,Santa Cruz,087,273765,1444,1192,7,1199,4
2020-08-05,Shasta,089,179085,525,338,3,341,9
2020-08-05,Sierra,091,2930,5,3,0,3,0
2020-08-05,Siskiyou,093,43540,105,72,0,72,0
2020-08-05,Solano,095,438530,4657,3750,23,3773,29
2020-08-05,Sonoma,097,501317,4160,3173,8,3181,33
2020-08-05,Stanislaus,099,539301,12652,9408,81,9489,97
2020-08-05,Sutter,101,95872,977,780,1,781,6
2020-08-05,Tehama,103,63373,308,231,2,233,1
2020-08-05,Trinity,105,12862,27,5,6,11,0
2020-08-05,Tulare,107,460477,12152,9924,30,9954,192
2020-08-05,Tuolumne,109,53932,159,137,4,141,0
2020-08-05,Ventura,111,848112,9396,8162,36,8198,75
2020-08-05,Yolo,113,214977,2002,1634,4,1638,36
2020-08-05,Yuba,115,75493,589,400,0,400,1
2020-08-04,Alameda,001,1643700,14579,11983,105,12088,192
2020-08-04,Alpine,002,1148,2,2,0,2,0
2020-08-04,Amador,005,37829,203,123,0,123,0
2020-08-04,Butte,007,227075,1299,1011,38,1049,10
2020-08-04,Calaveras,009,45235,160,116,0,116,1
2020-08-04,Colusa,011,21464,396,354,0,354,3
2020-08-04,Contra Costa,013,1133247,11232,8210,33,8243,122
2020-08-04,Del Norte,015,27424,94,69,0,69,0
2020-08-04,El Dorado,017,186661,844,668,6,674,1
2020-08-04,Fresno,019,978130,22867,16272,205,16477,154
2020-08-04,Glenn,021,27897,396,325,0,325,1
2020-08-04,Humboldt,023,135768,284,241,1,242,4
2020-08-04,Imperial,025,180216,10559,7974,6,7980,163
2020-08-04,Inyo,027,18085,88,59,1,60,1
2020-08-04,Kern,029,883053,26097,21403,154,21557,190
2020-08-04,Kings,031,150075,5075,4163,22,4185,47
2020-08-04,Lake,033,64148,252,206,0,206,1
2020-08-04,Lassen,035,31185,645,556,2,558,0
2020-08-04,Los Angeles,037,10098052,210518,196014,656,196670,4764
2020-08-04,Madera,039,155013,3081,2161,8,2169,19
2020-08-04,Marin,041,260295,1149,5020,9,5029,43
2020-08-04,Mariposa,043,17540,64,51,0,51,2
2020-08-04,Mendocino,045,87422,376,248,0,248,1
2020-08-04,Merced,047,269075,6453,4085,2,4087,30
2020-08-04,Modoc,049,8938,7,3,0,3,0
2020-08-04,Mono,051,14174,158,104,2,106,1
2020-08-04,Monterey,053,433212,6056,4892,13,4905,32
2020-08-04,Napa,055,140530,1223,994,0,994,8
2020-08-04,Nevada,057,99092,356,322,13,335,2
2020-08-04,Orange,059,3164182,45191,37844,885,38729,659
2020-08-04,Placer,061,380077,2482,1964,4,1968,17
2020-08-04,Plumas,063,18699,36,25,0,25,0
2020-08-04,Riverside,065,2383286,46974,38991,46,39037,743
2020-08-04,Sacramento,067,1510023,13816,10205,13,10218,146
2020-08-04,San Benito,069,59416,765,608,0,608,2
2020-08-04,San Bernardino,071,2135413,42028,34215,195,34410,495
2020-08-04,San Diego,073,3302833,33789,30518,46,30564,568
2020-08-04,San Francisco,075,870044,7779,6568,6,6574,60
2020-08-04,San Joaquin,077,732212,15523,12087,16,12103,189
2020-08-04,San Luis Obispo,079,281455,2365,1886,10,1896,13
2020-08-04,San Mateo,081,765935,6897,5690,7,5697,116
2020-08-04,Santa Barbara,083,443738,7083,6591,64,6655,61
2020-08-04,Santa Clara,085,1922200,13973,10986,31,11017,175
2020-08-04,Santa Cruz,087,273765,1425,1202,7,1209,4
2020-08-04,Shasta,089,179085,519,335,3,338,9
2020-08-04,Sierra,091,2930,5,1,0,1,0
2020-08-04,Siskiyou,093,43540,103,71,0,71,0
2020-08-04,Solano,095,438530,4586,3690,23,3713,29
2020-08-04,Sonoma,097,501317,4093,3108,8,3116,33
2020-08-04,Stanislaus,099,539301,12483,9359,74,9433,97
2020-08-04,Sutter,101,95872,963,761,1,762,6
2020-08-04,Tehama,103,63373,301,226,2,228,1
2020-08-04,Trinity,105,12862,27,5,6,11,0
2020-08-04,Tulare,107,460477,11972,9866,30,9896,192
2020-08-04,Tuolumne,109,53932,158,127,4,131,0
2020-08-04,Ventura,111,848112,9282,8134,34,8168,75
2020-08-04,Yolo,113,214977,1976,1626,4,1630,37
2020-08-04,Yuba,115,75493,574,398,0,398,1
2020-08-03,Alameda,001,1643700,14399,11817,102,11919,189
2020-08-03,Alpine,002,1148,2,2,0,2,0
2020-08-03,Amador,005,37829,199,119,0,119,0
2020-08-03,Butte,007,227075,1253,989,35,1024,9
2020-08-03,Calaveras,009,45235,157,117,0,117,1
2020-08-03,Colusa,011,21464,392,336,0,336,2
2020-08-03,Contra Costa,013,1133247,11035,8069,30,8099,120
2020-08-03,Del Norte,015,27424,90,68,0,68,0
2020-08-03,El Dorado,017,186661,833,645,6,651,1
2020-08-03,Fresno,019,978130,22573,15945,199,16144,151
2020-08-03,Glenn,021,27897,389,316,0,316,1
2020-08-03,Humboldt,023,135768,277,234,1,235,4
2020-08-03,Imperial,025,180216,10504,7953,6,7959,161
2020-08-03,Inyo,027,18085,85,57,1,58,1
2020-08-03,Kern,029,883053,25731,21285,147,21432,176
2020-08-03,Kings,031,150075,4963,4107,21,4128,47
2020-08-03,Lake,033,64148,245,201,0,201,1
2020-08-03,Lassen,035,31185,645,555,2,557,0
2020-08-03,Los Angeles,037,10098052,208481,194103,628,194731,4706
2020-08-03,Madera,039,155013,3032,2143,7,2150,18
2020-08-03,Marin,041,260295,1144,5001,9,5010,43
2020-08-03,Mariposa,043,17540,63,52,0,52,2
2020-08-03,Mendocino,045,87422,353,248,0,248,1
2020-08-03,Merced,047,269075,6335,4028,2,4030,29
2020-08-03,Modoc,049,8938,7,2,0,2,0
2020-08-03,Mono,051,14174,158,104,2,106,1
2020-08-03,Monterey,053,433212,5905,4806,10,4816,28
2020-08-03,Napa,055,140530,1209,973,0,973,8
2020-08-03,Nevada,057,99092,352,315,13,328,2
2020-08-03,Orange,059,3164182,44797,37705,875,38580,651
2020-08-03,Placer,061,380077,2426,1947,3,1950,16
2020-08-03,Plumas,063,18699,36,25,0,25,0
2020-08-03,Riverside,065,2383286,46506,38642,46,38688,740
2020-08-03,Sacramento,067,1510023,13621,10143,13,10156,142
2020-08-03,San Benito,069,59416,753,603,0,603,2
2020-08-03,San Bernardino,071,2135413,41504,33979,189,34168,444
2020-08-03,San Diego,073,3302833,33475,30228,36,30264,565
2020-08-03,San Francisco,075,870044,7685,6319,6,6325,60
2020-08-03,San Joaquin,077,732212,15326,12007,15,12022,189
2020-08-03,San Luis Obispo,079,281455,2323,1863,8,1871,14
2020-08-03,San Mateo,081,765935,6816,5661,7,5668,115
2020-08-03,Santa Barbara,083,443738,7039,6580,64,6644,59
2020-08-03,Santa Clara,085,1922200,13696,10747,31,10778,172
2020-08-03,Santa Cruz,087,273765,1405,1154,7,1161,4
2020-08-03,Shasta,089,179085,512,322,3,325,9
2020-08-03,Sierra,091,2930,5,1,0,1,0
2020-08-03,Siskiyou,093,43540,99,67,0,67,0
2020-08-03,Solano,095,438530,4517,3610,22,3632,29
2020-08-03,Sonoma,097,501317,3991,3079,7,3086,33
2020-08-03,Stanislaus,099,539301,12274,9308,66,9374,96
2020-08-03,Sutter,101,95872,939,713,1,714,6
2020-08-03,Tehama,103,63373,293,225,2,227,1
2020-08-03,Trinity,105,12862,27,5,6,11,0
2020-08-03,Tulare,107,460477,11788,9703,30,9733,188
2020-08-03,Tuolumne,109,53932,158,123,4,127,0
2020-08-03,Ventura,111,848112,9191,8084,31,8115,74
2020-08-03,Yolo,113,214977,1941,1598,3,1601,37
2020-08-03,Yuba,115,75493,550,393,0,393,1
2020-08-02,Alameda,001,1643700,14152,11696,90,11786,188
2020-08-02,Alpine,002,1148,2,2,0,2,0
2020-08-02,Amador,005,37829,194,117,0,117,0
2020-08-02,Butte,007,227075,1218,987,34,1021,9
2020-08-02,Calaveras,009,45235,154,116,0,116,1
2020-08-02,Colusa,011,21464,387,335,0,335,2
2020-08-02,Contra Costa,013,1133247,10795,7995,30,8025,118
2020-08-02,Del Norte,015,27424,89,68,0,68,0
2020-08-02,El Dorado,017,186661,823,643,6,649,1
2020-08-02,Fresno,019,978130,22298,15759,193,15952,151
2020-08-02,Glenn,021,27897,388,315,0,315,1
2020-08-02,Humboldt,023,135768,272,232,1,233,4
2020-08-02,Imperial,025,180216,10441,7919,6,7925,157
2020-08-02,Inyo,027,18085,84,45,1,46,1
2020-08-02,Kern,029,883053,25433,21162,145,21307,176
2020-08-02,Kings,031,150075,4901,3964,20,3984,47
2020-08-02,Lake,033,64148,240,201,0,201,1
2020-08-02,Lassen,035,31185,645,555,2,557,0
2020-08-02,Los Angeles,037,10098052,206388,192480,610,193090,4698
2020-08-02,Madera,039,155013,2966,2123,5,2128,18
2020-08-02,Marin,041,260295,1139,4985,9,4994,43
2020-08-02,Mariposa,043,17540,61,52,0,52,2
2020-08-02,Mendocino,045,87422,343,247,0,247,1
2020-08-02,Merced,047,269075,6192,4011,2,4013,29
2020-08-02,Modoc,049,8938,7,2,0,2,0
2020-08-02,Mono,051,14174,151,104,2,106,1
2020-08-02,Monterey,053,433212,5779,4698,10,4708,28
2020-08-02,Napa,055,140530,1195,956,0,956,8
2020-08-02,Nevada,057,99092,349,314,13,327,2
2020-08-02,Orange,059,3164182,44418,37266,864,38130,651
2020-08-02,Placer,061,380077,2387,1920,3,1923,15
2020-08-02,Plumas,063,18699,36,25,0,25,0
2020-08-02,Riverside,065,2383286,46073,38507,45,38552,735
2020-08-02,Sacramento,067,1510023,13342,10099,13,10112,142
2020-08-02,San Benito,069,59416,739,599,0,599,2
2020-08-02,San Bernardino,071,2135413,40902,33643,185,33828,443
2020-08-02,San Diego,073,3302833,33135,29885,27,29912,565
2020-08-02,San Francisco,075,870044,7567,6297,6,6303,60
2020-08-02,San Joaquin,077,732212,15045,11937,13,11950,189
2020-08-02,San Luis Obispo,079,281455,2260,1821,8,1829,14
2020-08-02,San Mateo,081,765935,6701,5618,7,5625,115
2020-08-02,Santa Barbara,083,443738,6949,6532,64,6596,59
2020-08-02,Santa Clara,085,1922200,13476,10577,31,10608,172
2020-08-02,Santa Cruz,087,273765,1385,1162,7,1169,4
2020-08-02,Shasta,089,179085,508,318,3,321,9
2020-08-02,Sierra,091,2930,4,1,0,1,0
2020-08-02,Siskiyou,093,43540,99,65,0,65,0
2020-08-02,Solano,095,438530,4458,3609,22,3631,29
2020-08-02,Sonoma,097,501317,3906,3005,7,3012,33
2020-08-02,Stanislaus,099,539301,12059,9277,61,9338,96
2020-08-02,Sutter,101,95872,904,714,1,715,6
2020-08-02,Tehama,103,63373,287,222,2,224,1
2020-08-02,Trinity,105,12862,27,5,6,11,0
2020-08-02,Tulare,107,460477,11579,9593,30,9623,188
2020-08-02,Tuolumne,109,53932,155,123,4,127,0
2020-08-02,Ventura,111,848112,9044,8014,31,8045,73
2020-08-02,Yolo,113,214977,1916,1588,3,1591,37
2020-08-02,Yuba,115,75493,530,393,0,393,1
2020-08-01,Alameda,001,1643700,14040,11590,90,11680,188
2020-08-01,Alpine,002,1148,2,2,0,2,0
2020-08-01,Amador,005,37829,190,109,0,109,0
2020-08-01,Butte,007,227075,1204,976,34,1010,9
2020-08-01,Calaveras,009,45235,150,116,0,116,1
2020-08-01,Colusa,011,21464,386,327,0,327,2
2020-08-01,Contra Costa,013,1133247,10664,7867,29,7896,116
2020-08-01,Del Norte,015,27424,89,68,0,68,0
2020-08-01,El Dorado,017,186661,820,637,6,643,1
2020-08-01,Fresno,019,978130,22161,15448,193,15641,149
2020-08-01,Glenn,021,27897,387,311,0,311,1
2020-08-01,Humboldt,023,135768,271,232,1,233,4
2020-08-01,Imperial,025,180216,10405,7919,6,7925,156
2020-08-01,Inyo,027,18085,82,45,1,46,1
2020-08-01,Kern,029,883053,25275,20796,141,20937,176
2020-08-01,Kings,031,150075,4875,3948,20,3968,47
2020-08-01,Lake,033,64148,238,194,0,194,1
2020-08-01,Lassen,035,31185,644,555,2,557,0
2020-08-01,Los Angeles,037,10098052,205496,191023,583,191606,4674
2020-08-01,Madera,039,155013,2927,2103,5,2108,18
2020-08-01,Marin,041,260295,1139,4945,9,4954,43
2020-08-01,Mariposa,043,17540,61,50,0,50,2
2020-08-01,Mendocino,045,87422,336,243,0,243,1
2020-08-01,Merced,047,269075,6144,3972,2,3974,29
2020-08-01,Modoc,049,8938,7,2,0,2,0
2020-08-01,Mono,051,14174,150,104,2,106,1
2020-08-01,Monterey,053,433212,5712,4611,9,4620,28
2020-08-01,Napa,055,140530,1186,923,0,923,8
2020-08-01,Nevada,057,99092,345,305,13,318,2
2020-08-01,Orange,059,3164182,44192,36703,858,37561,648
2020-08-01,Placer,061,380077,2353,1891,3,1894,14
2020-08-01,Plumas,063,18699,35,25,0,25,0
2020-08-01,Riverside,065,2383286,45861,38216,43,38259,704
2020-08-01,Sacramento,067,1510023,13191,10044,13,10057,141
2020-08-01,San Benito,069,59416,728,579,0,579,2
2020-08-01,San Bernardino,071,2135413,40666,32947,184,33131,440
2020-08-01,San Diego,073,3302833,32918,29579,19,29598,565
2020-08-01,San Francisco,075,870044,7506,6296,6,6302,60
2020-08-01,San Joaquin,077,732212,14970,11807,12,11819,189
2020-08-01,San Luis Obispo,079,281455,2231,1798,8,1806,13
2020-08-01,San Mateo,081,765935,6647,5520,7,5527,115
2020-08-01,Santa Barbara,083,443738,6909,6465,64,6529,59
2020-08-01,Santa Clara,085,1922200,13325,10281,30,10311,171
2020-08-01,Santa Cruz,087,273765,1369,1164,7,1171,4
2020-08-01,Shasta,089,179085,503,312,3,315,9
2020-08-01,Sierra,091,2930,3,1,0,1,0
2020-08-01,Siskiyou,093,43540,99,64,0,64,0
2020-08-01,Solano,095,438530,4424,3591,21,3612,29
2020-08-01,Sonoma,097,501317,3860,2890,7,2897,29
2020-08-01,Stanislaus,099,539301,11941,9221,54,9275,96
2020-08-01,Sutter,101,95872,900,714,1,715,6
2020-08-01,Tehama,103,63373,284,220,2,222,1
2020-08-01,Trinity,105,12862,27,5,6,11,0
2020-08-01,Tulare,107,460477,11510,9520,30,9550,188
2020-08-01,Tuolumne,109,53932,155,123,4,127,0
2020-08-01,Ventura,111,848112,8998,7819,31,7850,73
2020-08-01,Yolo,113,214977,1906,1557,3,1560,37
2020-08-01,Yuba,115,75493,525,387,0,387,1
2020-07-31,Alameda,001,1643700,13911,11441,90,11531,187
2020-07-31,Alpine,002,1148,2,2,0,2,0
2020-07-31,Amador,005,37829,189,98,0,98,0
2020-07-31,Butte,007,227075,1181,925,34,959,7
2020-07-31,Calaveras,009,45235,150,112,0,112,1
2020-07-31,Colusa,011,21464,376,319,0,319,2
2020-07-31,Contra Costa,013,1133247,10517,7697,28,7725,113
2020-07-31,Del Norte,015,27424,88,68,0,68,0
2020-07-31,El Dorado,017,186661,809,616,6,622,1
2020-07-31,Fresno,019,978130,21941,15083,193,15276,133
2020-07-31,Glenn,021,27897,380,304,0,304,1
2020-07-31,Humboldt,023,135768,264,229,1,230,4
2020-07-31,Imperial,025,180216,10373,7886,5,7891,155
2020-07-31,Inyo,027,18085,72,45,1,46,1
2020-07-31,Kern,029,883053,25034,20061,137,20198,173
2020-07-31,Kings,031,150075,4847,3807,20,3827,45
2020-07-31,Lake,033,64148,237,191,0,191,1
2020-07-31,Lassen,035,31185,639,544,2,546,0
2020-07-31,Los Angeles,037,10098052,203897,188688,570,189258,4628
2020-07-31,Madera,039,155013,2880,2036,5,2041,19
2020-07-31,Marin,041,260295,1139,4885,6,4891,43
2020-07-31,Mariposa,043,17540,61,49,0,49,2
2020-07-31,Mendocino,045,87422,321,232,0,232,1
2020-07-31,Merced,047,269075,6061,3789,2,3791,30
2020-07-31,Modoc,049,8938,6,0,0,0,0
2020-07-31,Mono,051,14174,149,104,2,106,1
2020-07-31,Monterey,053,433212,5620,4493,9,4502,24
2020-07-31,Napa,055,140530,1174,897,0,897,7
2020-07-31,Nevada,057,99092,343,302,13,315,2
2020-07-31,Orange,059,3164182,43892,36196,841,37037,620
2020-07-31,Placer,061,380077,2328,1853,3,1856,14
2020-07-31,Plumas,063,18699,34,25,0,25,0
2020-07-31,Riverside,065,2383286,45471,37612,42,37654,694
2020-07-31,Sacramento,067,1510023,13013,9872,13,9885,132
2020-07-31,San Benito,069,59416,720,567,0,567,2
2020-07-31,San Bernardino,071,2135413,40336,32332,182,32514,434
2020-07-31,San Diego,073,3302833,32684,29050,11,29061,561
2020-07-31,San Francisco,075,870044,7406,6126,6,6132,60
2020-07-31,San Joaquin,077,732212,14830,11561,12,11573,177
2020-07-31,San Luis Obispo,079,281455,2162,1746,8,1754,12
2020-07-31,San Mateo,081,765935,6575,5416,7,5423,115
2020-07-31,Santa Barbara,083,443738,6842,6375,64,6439,58
2020-07-31,Santa Clara,085,1922200,13104,9863,30,9893,171
2020-07-31,Santa Cruz,087,273765,1346,1118,7,1125,4
2020-07-31,Shasta,089,179085,493,305,3,308,9
2020-07-31,Sierra,091,2930,3,1,0,1,0
2020-07-31,Siskiyou,093,43540,97,61,0,61,0
2020-07-31,Solano,095,438530,4376,3510,20,3530,29
2020-07-31,Sonoma,097,501317,3802,2745,7,2752,27
2020-07-31,Stanislaus,099,539301,11835,9061,49,9110,94
2020-07-31,Sutter,101,95872,895,714,1,715,6
2020-07-31,Tehama,103,63373,281,213,2,215,1
2020-07-31,Trinity,105,12862,27,5,6,11,0
2020-07-31,Tulare,107,460477,11389,9365,30,9395,184
2020-07-31,Tuolumne,109,53932,155,120,4,124,0
2020-07-31,Ventura,111,848112,8923,7521,31,7552,71
2020-07-31,Yolo,113,214977,1880,1522,3,1525,38
2020-07-31,Yuba,115,75493,516,369,0,369,1
2020-07-30,Alameda,001,1643700,13706,11303,52,11355,185
2020-07-30,Alpine,002,1148,2,2,0,2,0
2020-07-30,Amador,005,37829,171,97,0,97,0
2020-07-30,Butte,007,227075,1165,915,34,949,7
2020-07-30,Calaveras,009,45235,146,111,0,111,1
2020-07-30,Colusa,011,21464,373,315,0,315,2
2020-07-30,Contra Costa,013,1133247,10333,7615,27,7642,112
2020-07-30,Del Norte,015,27424,88,68,0,68,0
2020-07-30,El Dorado,017,186661,802,608,6,614,1
2020-07-30,Fresno,019,978130,21609,14793,187,14980,133
2020-07-30,Glenn,021,27897,373,297,0,297,1
2020-07-30,Humboldt,023,135768,262,228,1,229,4
2020-07-30,Imperial,025,180216,10313,7849,5,7854,151
2020-07-30,Inyo,027,18085,68,44,1,45,1
2020-07-30,Kern,029,883053,24741,19552,133,19685,171
2020-07-30,Kings,031,150075,4743,3785,20,3805,43
2020-07-30,Lake,033,64148,231,181,0,181,1
2020-07-30,Lassen,035,31185,636,544,2,546,0
2020-07-30,Los Angeles,037,10098052,201869,186177,540,186717,4564
2020-07-30,Madera,039,155013,2810,2007,5,2012,18
2020-07-30,Marin,041,260295,1136,4835,5,4840,39
2020-07-30,Mariposa,043,17540,61,49,0,49,1
2020-07-30,Mendocino,045,87422,314,232,0,232,1
2020-07-30,Merced,047,269075,5898,3695,2,3697,30
2020-07-30,Modoc,049,8938,6,0,0,0,0
2020-07-30,Mono,051,14174,148,104,2,106,1
2020-07-30,Monterey,053,433212,5508,4352,9,4361,24
2020-07-30,Napa,055,140530,1157,874,0,874,7
2020-07-30,Nevada,057,99092,338,292,13,305,2
2020-07-30,Orange,059,3164182,43477,36105,817,36922,607
2020-07-30,Placer,061,380077,2277,1821,3,1824,14
2020-07-30,Plumas,063,18699,33,25,0,25,0
2020-07-30,Riverside,065,2383286,44930,37308,42,37350,685
2020-07-30,Sacramento,067,1510023,12794,9704,13,9717,126
2020-07-30,San Benito,069,59416,707,558,0,558,2
2020-07-30,San Bernardino,071,2135413,39812,32010,182,32192,427
2020-07-30,San Diego,073,3302833,32337,28670,9,28679,558
2020-07-30,San Francisco,075,870044,7305,6107,6,6113,59
2020-07-30,San Joaquin,077,732212,14634,11435,12,11447,161
2020-07-30,San Luis Obispo,079,281455,2126,1703,8,1711,12
2020-07-30,San Mateo,081,765935,6480,5369,7,5376,115
2020-07-30,Santa Barbara,083,443738,6762,6273,64,6337,52
2020-07-30,Santa Clara,085,1922200,12871,9708,29,9737,170
2020-07-30,Santa Cruz,087,273765,1318,1087,7,1094,4
2020-07-30,Shasta,089,179085,489,306,3,309,8
2020-07-30,Sierra,091,2930,3,1,0,1,0
2020-07-30,Siskiyou,093,43540,96,60,0,60,0
2020-07-30,Solano,095,438530,4325,3463,20,3483,29
2020-07-30,Sonoma,097,501317,3731,2684,7,2691,25
2020-07-30,Stanislaus,099,539301,11622,8890,41,8931,94
2020-07-30,Sutter,101,95872,876,698,1,699,6
2020-07-30,Tehama,103,63373,278,208,2,210,1
2020-07-30,Trinity,105,12862,26,4,6,10,0
2020-07-30,Tulare,107,460477,11260,9167,30,9197,177
2020-07-30,Tuolumne,109,53932,154,119,4,123,0
2020-07-30,Ventura,111,848112,8811,7304,29,7333,69
2020-07-30,Yolo,113,214977,1860,1511,3,1514,37
2020-07-30,Yuba,115,75493,503,362,0,362,1
2020-07-29,Alameda,001,1643700,13485,11177,47,11224,180
2020-07-29,Alpine,002,1148,2,2,0,2,0
2020-07-29,Amador,005,37829,163,80,0,80,0
2020-07-29,Butte,007,227075,1139,889,32,921,7
2020-07-29,Calaveras,009,45235,139,107,0,107,1
2020-07-29,Colusa,011,21464,369,302,0,302,2
2020-07-29,Contra Costa,013,1133247,10129,7520,27,7547,108
2020-07-29,Del Norte,015,27424,88,68,0,68,0
2020-07-29,El Dorado,017,186661,792,588,6,594,1
2020-07-29,Fresno,019,978130,21317,14312,187,14499,125
2020-07-29,Glenn,021,27897,366,294,0,294,1
2020-07-29,Humboldt,023,135768,259,221,1,222,4
2020-07-29,Imperial,025,180216,10265,7825,5,7830,147
2020-07-29,Inyo,027,18085,63,44,1,45,1
2020-07-29,Kern,029,883053,24402,19073,130,19203,162
2020-07-29,Kings,031,150075,4695,3755,20,3775,43
2020-07-29,Lake,033,64148,229,179,0,179,1
2020-07-29,Lassen,035,31185,621,513,2,515,0
2020-07-29,Los Angeles,037,10098052,199844,183600,523,184123,4523
2020-07-29,Madera,039,155013,2756,1941,5,1946,18
2020-07-29,Marin,041,260295,1130,4747,5,4752,34
2020-07-29,Mariposa,043,17540,60,47,0,47,1
2020-07-29,Mendocino,045,87422,306,228,0,228,0
2020-07-29,Merced,047,269075,5758,3605,2,3607,25
2020-07-29,Modoc,049,8938,5,0,0,0,0
2020-07-29,Mono,051,14174,145,102,2,104,1
2020-07-29,Monterey,053,433212,5408,4252,9,4261,24
2020-07-29,Napa,055,140530,1129,866,0,866,7
2020-07-29,Nevada,057,99092,334,288,13,301,1
2020-07-29,Orange,059,3164182,43042,35339,806,36145,589
2020-07-29,Placer,061,380077,2245,1798,3,1801,14
2020-07-29,Plumas,063,18699,33,25,0,25,0
2020-07-29,Riverside,065,2383286,44339,36968,42,37010,678
2020-07-29,Sacramento,067,1510023,12548,9538,13,9551,122
2020-07-29,San Benito,069,59416,692,537,0,537,2
2020-07-29,San Bernardino,071,2135413,39323,31168,171,31339,417
2020-07-29,San Diego,073,3302833,32012,28289,8,28297,552
2020-07-29,San Francisco,075,870044,7211,6041,6,6047,56
2020-07-29,San Joaquin,077,732212,14385,11249,9,11258,154
2020-07-29,San Luis Obispo,079,281455,2105,1673,8,1681,11
2020-07-29,San Mateo,081,765935,6392,5305,7,5312,114
2020-07-29,Santa Barbara,083,443738,6695,6215,64,6279,31
2020-07-29,Santa Clara,085,1922200,12665,9567,29,9596,165
2020-07-29,Santa Cruz,087,273765,1294,1051,7,1058,4
2020-07-29,Shasta,089,179085,477,297,3,300,8
2020-07-29,Sierra,091,2930,2,1,0,1,0
2020-07-29,Siskiyou,093,43540,94,58,0,58,0
2020-07-29,Solano,095,438530,4271,3380,20,3400,29
2020-07-29,Sonoma,097,501317,3653,2598,7,2605,26
2020-07-29,Stanislaus,099,539301,11401,8745,35,8780,94
2020-07-29,Sutter,101,95872,848,678,1,679,6
2020-07-29,Tehama,103,63373,274,206,2,208,1
2020-07-29,Trinity,105,12862,26,4,6,10,0
2020-07-29,Tulare,107,460477,11089,9028,30,9058,156
2020-07-29,Tuolumne,109,53932,154,118,4,122,0
2020-07-29,Ventura,111,848112,8706,7161,29,7190,68
2020-07-29,Yolo,113,214977,1834,1488,3,1491,36
2020-07-29,Yuba,115,75493,487,350,0,350,1
2020-07-28,Alameda,001,1643700,13255,10875,46,10921,180
2020-07-28,Alpine,002,1148,2,2,0,2,0
2020-07-28,Amador,005,37829,153,77,0,77,0
2020-07-28,Butte,007,227075,1104,857,32,889,7
2020-07-28,Calaveras,009,45235,138,105,0,105,1
2020-07-28,Colusa,011,21464,363,290,0,290,2
2020-07-28,Contra Costa,013,1133247,9908,7426,27,7453,107
2020-07-28,Del Norte,015,27424,87,68,0,68,0
2020-07-28,El Dorado,017,186661,777,558,6,564,1
2020-07-28,Fresno,019,978130,20982,13933,181,14114,125
2020-07-28,Glenn,021,27897,364,289,0,289,1
2020-07-28,Humboldt,023,135768,258,218,1,219,4
2020-07-28,Imperial,025,180216,10229,7804,5,7809,145
2020-07-28,Inyo,027,18085,61,43,1,44,1
2020-07-28,Kern,029,883053,24039,18834,124,18958,155
2020-07-28,Kings,031,150075,4649,3721,20,3741,41
2020-07-28,Lake,033,64148,225,179,0,179,1
2020-07-28,Lassen,035,31185,615,508,2,510,0
2020-07-28,Los Angeles,037,10098052,197612,179107,502,179609,4435
2020-07-28,Madera,039,155013,2690,1889,5,1894,18
2020-07-28,Marin,041,260295,1119,4698,5,4703,23
2020-07-28,Mariposa,043,17540,58,45,0,45,1
2020-07-28,Mendocino,045,87422,295,222,0,222,0
2020-07-28,Merced,047,269075,5612,3446,2,3448,23
2020-07-28,Modoc,049,8938,4,0,0,0,0
2020-07-28,Mono,051,14174,144,102,2,104,1
2020-07-28,Monterey,053,433212,5288,4047,9,4056,22
2020-07-28,Napa,055,140530,1107,824,0,824,6
2020-07-28,Nevada,057,99092,329,278,13,291,1
2020-07-28,Orange,059,3164182,42584,34832,792,35624,582
2020-07-28,Placer,061,380077,2209,1759,3,1762,14
2020-07-28,Plumas,063,18699,33,22,0,22,0
2020-07-28,Riverside,065,2383286,43738,36458,41,36499,668
2020-07-28,Sacramento,067,1510023,12289,9429,12,9441,117
2020-07-28,San Benito,069,59416,682,503,0,503,2
2020-07-28,San Bernardino,071,2135413,38800,30493,167,30660,412
2020-07-28,San Diego,073,3302833,31662,28007,6,28013,547
2020-07-28,San Francisco,075,870044,7098,5888,6,5894,56
2020-07-28,San Joaquin,077,732212,14103,10958,6,10964,141
2020-07-28,San Luis Obispo,079,281455,2072,1636,8,1644,9
2020-07-28,San Mateo,081,765935,6319,5171,7,5178,114
2020-07-28,Santa Barbara,083,443738,6631,6110,62,6172,31
2020-07-28,Santa Clara,085,1922200,12431,9307,29,9336,165
2020-07-28,Santa Cruz,087,273765,1267,1018,7,1025,4
2020-07-28,Shasta,089,179085,465,275,3,278,8
2020-07-28,Sierra,091,2930,2,1,0,1,0
2020-07-28,Siskiyou,093,43540,90,57,0,57,0
2020-07-28,Solano,095,438530,4224,3292,19,3311,29
2020-07-28,Sonoma,097,501317,3578,2553,7,2560,20
2020-07-28,Stanislaus,099,539301,11179,8492,27,8519,92
2020-07-28,Sutter,101,95872,811,653,0,653,2
2020-07-28,Tehama,103,63373,269,199,2,201,1
2020-07-28,Trinity,105,12862,26,3,6,9,0
2020-07-28,Tulare,107,460477,10902,8787,30,8817,96
2020-07-28,Tuolumne,109,53932,153,116,4,120,0
2020-07-28,Ventura,111,848112,8580,7045,28,7073,68
2020-07-28,Yolo,113,214977,1806,1459,3,1462,36
2020-07-28,Yuba,115,75493,470,333,0,333,1
2020-07-27,Alameda,001,1643700,13027,10645,43,10688,176
2020-07-27,Alpine,002,1148,2,2,0,2,0
2020-07-27,Amador,005,37829,148,72,0,72,0
2020-07-27,Butte,007,227075,1077,843,32,875,7
2020-07-27,Calaveras,009,45235,134,103,0,103,1
2020-07-27,Colusa,011,21464,356,271,0,271,2
2020-07-27,Contra Costa,013,1133247,9685,7256,27,7283,104
2020-07-27,Del Norte,015,27424,86,67,0,67,0
2020-07-27,El Dorado,017,186661,765,548,6,554,1
2020-07-27,Fresno,019,978130,20633,13485,175,13660,117
2020-07-27,Glenn,021,27897,362,277,0,277,1
2020-07-27,Humboldt,023,135768,253,218,1,219,4
2020-07-27,Imperial,025,180216,10179,7789,5,7794,144
2020-07-27,Inyo,027,18085,61,43,1,44,1
2020-07-27,Kern,029,883053,23537,17994,118,18112,148
2020-07-27,Kings,031,150075,4400,3685,20,3705,39
2020-07-27,Lake,033,64148,221,176,0,176,1
2020-07-27,Lassen,035,31185,615,503,2,505,0
2020-07-27,Los Angeles,037,10098052,195186,176351,484,176835,4379
2020-07-27,Madera,039,155013,2625,1793,5,1798,17
2020-07-27,Marin,041,260295,1093,4669,5,4674,22
2020-07-27,Mariposa,043,17540,58,43,0,43,1
2020-07-27,Mendocino,045,87422,281,209,0,209,0
2020-07-27,Merced,047,269075,5471,3292,2,3294,23
2020-07-27,Modoc,049,8938,3,0,0,0,0
2020-07-27,Mono,051,14174,140,99,2,101,1
2020-07-27,Monterey,053,433212,5099,3960,9,3969,21
2020-07-27,Napa,055,140530,1092,769,0,769,6
2020-07-27,Nevada,057,99092,325,268,13,281,1
2020-07-27,Orange,059,3164182,42144,34649,776,35425,566
2020-07-27,Placer,061,380077,2159,1679,3,1682,12
2020-07-27,Plumas,063,18699,33,22,0,22,0
2020-07-27,Riverside,065,2383286,43059,35822,41,35863,667
2020-07-27,Sacramento,067,1510023,11996,9091,12,9103,114
2020-07-27,San Benito,069,59416,667,498,0,498,2
2020-07-27,San Bernardino,071,2135413,38208,29928,157,30085,401
2020-07-27,San Diego,073,3302833,31288,27509,5,27514,533
2020-07-27,San Francisco,075,870044,7011,5825,6,5831,55
2020-07-27,San Joaquin,077,732212,13815,10728,6,10734,129
2020-07-27,San Luis Obispo,079,281455,2026,1612,8,1620,9
2020-07-27,San Mateo,081,765935,6210,5108,7,5115,113
2020-07-27,Santa Barbara,083,443738,6552,6026,60,6086,30
2020-07-27,Santa Clara,085,1922200,12162,9157,28,9185,166
2020-07-27,Santa Cruz,087,273765,1243,984,7,991,4
2020-07-27,Shasta,089,179085,458,275,3,278,8
2020-07-27,Sierra,091,2930,2,1,0,1,0
2020-07-27,Siskiyou,093,43540,88,54,0,54,0
2020-07-27,Solano,095,438530,4157,3198,18,3216,29
2020-07-27,Sonoma,097,501317,3487,2504,7,2511,20
2020-07-27,Stanislaus,099,539301,10954,8288,19,8307,84
2020-07-27,Sutter,101,95872,785,620,0,620,2
2020-07-27,Tehama,103,63373,261,192,2,194,1
2020-07-27,Trinity,105,12862,26,3,6,9,0
2020-07-27,Tulare,107,460477,10684,8462,30,8492,172
2020-07-27,Tuolumne,109,53932,150,115,4,119,0
2020-07-27,Ventura,111,848112,8452,6998,27,7025,68
2020-07-27,Yolo,113,214977,1761,1439,3,1442,33
2020-07-27,Yuba,115,75493,450,328,0,328,1
2020-07-26,Alameda,001,1643700,12788,10489,42,10531,176
2020-07-26,Alpine,002,1148,2,2,0,2,0
2020-07-26,Amador,005,37829,142,67,0,67,0
2020-07-26,Butte,007,227075,1040,822,31,853,5
2020-07-26,Calaveras,009,45235,131,103,0,103,1
2020-07-26,Colusa,011,21464,347,270,0,270,2
2020-07-26,Contra Costa,013,1133247,9447,7095,27,7122,104
2020-07-26,Del Norte,015,27424,84,67,0,67,0
2020-07-26,El Dorado,017,186661,747,539,6,545,1
2020-07-26,Fresno,019,978130,20243,13209,167,13376,117
2020-07-26,Glenn,021,27897,354,265,0,265,1
2020-07-26,Humboldt,023,135768,247,214,1,215,4
2020-07-26,Imperial,025,180216,10107,7781,5,7786,144
2020-07-26,Inyo,027,18085,56,43,1,44,1
2020-07-26,Kern,029,883053,23012,17394,115,17509,148
2020-07-26,Kings,031,150075,4341,3591,20,3611,39
2020-07-26,Lake,033,64148,213,174,0,174,1
2020-07-26,Lassen,035,31185,574,503,2,505,0
2020-07-26,Los Angeles,037,10098052,192619,174322,466,174788,4364
2020-07-26,Madera,039,155013,2538,1744,5,1749,17
2020-07-26,Marin,041,260295,1091,4595,5,4600,22
2020-07-26,Mariposa,043,17540,56,43,0,43,1
2020-07-26,Mendocino,045,87422,272,206,0,206,0
2020-07-26,Merced,047,269075,5291,3251,2,3253,23
2020-07-26,Modoc,049,8938,3,0,0,0,0
2020-07-26,Mono,051,14174,136,82,2,84,1
2020-07-26,Monterey,053,433212,4933,3901,9,3910,21
2020-07-26,Napa,055,140530,1073,769,0,769,6
2020-07-26,Nevada,057,99092,322,261,13,274,1
2020-07-26,Orange,059,3164182,41619,34352,745,35097,564
2020-07-26,Placer,061,380077,2095,1628,3,1631,12
2020-07-26,Plumas,063,18699,33,22,0,22,0
2020-07-26,Riverside,065,2383286,42499,35636,41,35677,665
2020-07-26,Sacramento,067,1510023,11690,8972,12,8984,114
2020-07-26,San Benito,069,59416,655,495,0,495,2
2020-07-26,San Bernardino,071,2135413,37567,29545,149,29694,400
2020-07-26,San Diego,073,3302833,30892,26986,4,26990,533
2020-07-26,San Francisco,075,870044,6905,5823,6,5829,55
2020-07-26,San Joaquin,077,732212,13523,10637,6,10643,129
2020-07-26,San Luis Obispo,079,281455,1984,1565,8,1573,8
2020-07-26,San Mateo,081,765935,6105,5078,7,5085,113
2020-07-26,Santa Barbara,083,443738,6451,5939,60,5999,30
2020-07-26,Santa Clara,085,1922200,11933,8986,28,9014,166
2020-07-26,Santa Cruz,087,273765,1216,970,7,977,4
2020-07-26,Shasta,089,179085,451,265,3,268,8
2020-07-26,Sierra,091,2930,2,1,0,1,0
2020-07-26,Siskiyou,093,43540,86,54,0,54,0
2020-07-26,Solano,095,438530,4078,3197,16,3213,29
2020-07-26,Sonoma,097,501317,3398,2503,6,2509,20
2020-07-26,Stanislaus,099,539301,10691,8228,18,8246,84
2020-07-26,Sutter,101,95872,771,612,0,612,2
2020-07-26,Tehama,103,63373,254,175,2,177,1
2020-07-26,Trinity,105,12862,26,3,6,9,0
2020-07-26,Tulare,107,460477,10478,8392,30,8422,172
2020-07-26,Tuolumne,109,53932,145,113,4,117,0
2020-07-26,Ventura,111,848112,8245,6844,27,6871,67
2020-07-26,Yolo,113,214977,1730,1408,3,1411,33
2020-07-26,Yuba,115,75493,431,313,0,313,1
2020-07-25,Alameda,001,1643700,12691,10361,40,10401,176
2020-07-25,Alpine,002,1148,2,2,0,2,0
2020-07-25,Amador,005,37829,139,67,0,67,0
2020-07-25,Butte,007,227075,1031,810,31,841,5
2020-07-25,Calaveras,009,45235,128,103,0,103,1
2020-07-25,Colusa,011,21464,340,265,0,265,2
2020-07-25,Contra Costa,013,1133247,9305,6920,27,6947,104
2020-07-25,Del Norte,015,27424,84,67,0,67,0
2020-07-25,El Dorado,017,186661,736,528,6,534,1
2020-07-25,Fresno,019,978130,20056,12866,167,13033,117
2020-07-25,Glenn,021,27897,352,260,0,260,1
2020-07-25,Humboldt,023,135768,244,212,1,213,4
2020-07-25,Imperial,025,180216,10081,7727,5,7732,144
2020-07-25,Inyo,027,18085,55,43,1,44,1
2020-07-25,Kern,029,883053,22794,16910,114,17024,148
2020-07-25,Kings,031,150075,4324,3516,20,3536,39
2020-07-25,Lake,033,64148,211,173,0,173,1
2020-07-25,Lassen,035,31185,574,503,2,505,0
2020-07-25,Los Angeles,037,10098052,191484,172611,460,173071,4357
2020-07-25,Madera,039,155013,2506,1724,5,1729,17
2020-07-25,Marin,041,260295,1090,4562,5,4567,22
2020-07-25,Mariposa,043,17540,55,43,0,43,1
2020-07-25,Mendocino,045,87422,266,190,0,190,0
2020-07-25,Merced,047,269075,5212,3176,2,3178,23
2020-07-25,Modoc,049,8938,3,0,0,0,0
2020-07-25,Mono,051,14174,136,82,2,84,1
2020-07-25,Monterey,053,433212,4856,3805,9,3814,21
2020-07-25,Napa,055,140530,1060,746,0,746,6
2020-07-25,Nevada,057,99092,320,257,13,270,1
2020-07-25,Orange,059,3164182,41400,33978,724,34702,561
2020-07-25,Placer,061,380077,2079,1596,3,1599,12
2020-07-25,Plumas,063,18699,33,22,0,22,0
2020-07-25,Riverside,065,2383286,42230,34921,41,34962,655
2020-07-25,Sacramento,067,1510023,11544,8674,11,8685,113
2020-07-25,San Benito,069,59416,639,492,0,492,2
2020-07-25,San Bernardino,071,2135413,37289,29265,146,29411,394
2020-07-25,San Diego,073,3302833,30631,26703,3,26706,533
2020-07-25,San Francisco,075,870044,6847,5644,6,5650,55
2020-07-25,San Joaquin,077,732212,13397,10347,5,10352,129
2020-07-25,San Luis Obispo,079,281455,1964,1530,7,1537,8
2020-07-25,San Mateo,081,765935,6042,5023,7,5030,113
2020-07-25,Santa Barbara,083,443738,6416,5880,60,5940,30
2020-07-25,Santa Clara,085,1922200,11799,8767,28,8795,166
2020-07-25,Santa Cruz,087,273765,1199,939,7,946,4
2020-07-25,Shasta,089,179085,446,263,1,264,8
2020-07-25,Sierra,091,2930,2,1,0,1,0
2020-07-25,Siskiyou,093,43540,84,54,0,54,0
2020-07-25,Solano,095,438530,4038,3107,14,3121,29
2020-07-25,Sonoma,097,501317,3359,2412,6,2418,20
2020-07-25,Stanislaus,099,539301,10588,7994,14,8008,84
2020-07-25,Sutter,101,95872,752,603,0,603,2
2020-07-25,Tehama,103,63373,253,169,2,171,1
2020-07-25,Trinity,105,12862,26,3,6,9,0
2020-07-25,Tulare,107,460477,10378,8310,30,8340,172
2020-07-25,Tuolumne,109,53932,144,99,4,103,0
2020-07-25,Ventura,111,848112,8172,6662,27,6689,62
2020-07-25,Yolo,113,214977,1714,1357,3,1360,35
2020-07-25,Yuba,115,75493,425,312,0,312,1
2020-07-24,Alameda,001,1643700,12550,10216,37,10253,176
2020-07-24,Alpine,002,1148,2,2,0,2,0
2020-07-24,Amador,005,37829,137,66,0,66,0
2020-07-24,Butte,007,227075,1019,751,31,782,5
2020-07-24,Calaveras,009,45235,124,102,0,102,0
2020-07-24,Colusa,011,21464,337,255,0,255,2
2020-07-24,Contra Costa,013,1133247,9159,6814,27,6841,100
2020-07-24,Del Norte,015,27424,84,66,0,66,0
2020-07-24,El Dorado,017,186661,714,516,6,522,1
2020-07-24,Fresno,019,978130,19831,12564,167,12731,115
2020-07-24,Glenn,021,27897,349,251,0,251,1
2020-07-24,Humboldt,023,135768,241,210,1,211,4
2020-07-24,Imperial,025,180216,10059,7686,5,7691,141
2020-07-24,Inyo,027,18085,55,41,1,42,1
2020-07-24,Kern,029,883053,22553,16124,114,16238,143
2020-07-24,Kings,031,150075,4294,3471,20,3491,39
2020-07-24,Lake,033,64148,209,167,0,167,1
2020-07-24,Lassen,035,31185,574,503,2,505,0
2020-07-24,Los Angeles,037,10098052,189459,169078,449,169527,4302
2020-07-24,Madera,039,155013,2473,1679,5,1684,16
2020-07-24,Marin,041,260295,1090,4517,5,4522,22
2020-07-24,Mariposa,043,17540,55,41,0,41,1
2020-07-24,Mendocino,045,87422,259,188,0,188,0
2020-07-24,Merced,047,269075,5127,3100,2,3102,23
2020-07-24,Modoc,049,8938,3,0,0,0,0
2020-07-24,Mono,051,14174,135,82,2,84,1
2020-07-24,Monterey,053,433212,4784,3748,9,3757,21
2020-07-24,Napa,055,140530,1047,741,0,741,6
2020-07-24,Nevada,057,99092,317,255,13,268,1
2020-07-24,Orange,059,3164182,41113,33530,708,34238,557
2020-07-24,Placer,061,380077,2048,1551,3,1554,12
2020-07-24,Plumas,063,18699,33,22,0,22,0
2020-07-24,Riverside,065,2383286,41806,34513,40,34553,631
2020-07-24,Sacramento,067,1510023,11356,8570,11,8581,110
2020-07-24,San Benito,069,59416,632,485,0,485,2
2020-07-24,San Bernardino,071,2135413,36918,28990,141,29131,386
2020-07-24,San Diego,073,3302833,30331,26100,3,26103,524
2020-07-24,San Francisco,075,870044,6753,5611,6,5617,55
2020-07-24,San Joaquin,077,732212,13248,10190,5,10195,118
2020-07-24,San Luis Obispo,079,281455,1940,1476,7,1483,8
2020-07-24,San Mateo,081,765935,5979,4954,7,4961,112
2020-07-24,Santa Barbara,083,443738,6363,5776,58,5834,30
2020-07-24,Santa Clara,085,1922200,11634,8658,28,8686,165
2020-07-24,Santa Cruz,087,273765,1179,930,7,937,4
2020-07-24,Shasta,089,179085,438,262,1,263,8
2020-07-24,Sierra,091,2930,2,1,0,1,0
2020-07-24,Siskiyou,093,43540,84,53,0,53,0
2020-07-24,Solano,095,438530,4002,3062,11,3073,29
2020-07-24,Sonoma,097,501317,3307,2345,6,2351,20
2020-07-24,Stanislaus,099,539301,10416,7861,12,7873,82
2020-07-24,Sutter,101,95872,741,593,0,593,2
2020-07-24,Tehama,103,63373,245,170,2,172,1
2020-07-24,Trinity,105,12862,25,3,6,9,0
2020-07-24,Tulare,107,460477,10284,8167,28,8195,167
2020-07-24,Tuolumne,109,53932,140,99,4,103,0
2020-07-24,Ventura,111,848112,8087,6553,27,6580,60
2020-07-24,Yolo,113,214977,1700,1329,3,1332,35
2020-07-24,Yuba,115,75493,410,307,0,307,1
2020-07-23,Alameda,001,1643700,12307,9924,37,9961,171
2020-07-23,Alpine,002,1148,2,2,0,2,0
2020-07-23,Amador,005,37829,120,61,0,61,0
2020-07-23,Butte,007,227075,1004,726,30,756,5
2020-07-23,Calaveras,009,45235,117,102,0,102,0
2020-07-23,Colusa,011,21464,329,242,0,242,2
2020-07-23,Contra Costa,013,1133247,8960,6619,25,6644,98
2020-07-23,Del Norte,015,27424,84,66,0,66,0
2020-07-23,El Dorado,017,186661,703,491,6,497,1
2020-07-23,Fresno,019,978130,19473,12164,164,12328,112
2020-07-23,Glenn,021,27897,344,246,0,246,1
2020-07-23,Humboldt,023,135768,240,208,1,209,4
2020-07-23,Imperial,025,180216,10008,7604,5,7609,138
2020-07-23,Inyo,027,18085,53,38,1,39,1
2020-07-23,Kern,029,883053,22146,14491,110,14601,128
2020-07-23,Kings,031,150075,4182,3371,20,3391,39
2020-07-23,Lake,033,64148,200,160,0,160,1
2020-07-23,Lassen,035,31185,571,503,2,505,0
2020-07-23,Los Angeles,037,10098052,186908,167198,424,167622,4265
2020-07-23,Madera,039,155013,2407,1659,4,1663,13
2020-07-23,Marin,041,260295,1087,4423,5,4428,22
2020-07-23,Mariposa,043,17540,55,40,0,40,1
2020-07-23,Mendocino,045,87422,249,178,0,178,0
2020-07-23,Merced,047,269075,4970,2972,2,2974,22
2020-07-23,Modoc,049,8938,3,0,0,0,0
2020-07-23,Mono,051,14174,131,82,2,84,1
2020-07-23,Monterey,053,433212,4667,3655,9,3664,21
2020-07-23,Napa,055,140530,1023,713,0,713,5
2020-07-23,Nevada,057,99092,314,247,13,260,1
2020-07-23,Orange,059,3164182,40617,32863,678,33541,544
2020-07-23,Placer,061,380077,2004,1519,3,1522,12
2020-07-23,Plumas,063,18699,32,21,0,21,0
2020-07-23,Riverside,065,2383286,41201,33833,40,33873,630
2020-07-23,Sacramento,067,1510023,11123,8222,11,8233,108
2020-07-23,San Benito,069,59416,618,478,0,478,2
2020-07-23,San Bernardino,071,2135413,36399,28121,135,28256,369
2020-07-23,San Diego,073,3302833,29957,25109,3,25112,505
2020-07-23,San Francisco,075,870044,6652,5543,6,5549,55
2020-07-23,San Joaquin,077,732212,13029,9861,5,9866,111
2020-07-23,San Luis Obispo,079,281455,1911,1438,7,1445,7
2020-07-23,San Mateo,081,765935,5874,4895,7,4902,113
2020-07-23,Santa Barbara,083,443738,6290,5628,58,5686,30
2020-07-23,Santa Clara,085,1922200,11415,8458,28,8486,165
2020-07-23,Santa Cruz,087,273765,1143,887,7,894,3
2020-07-23,Shasta,089,179085,427,254,1,255,9
2020-07-23,Sierra,091,2930,2,1,0,1,0
2020-07-23,Siskiyou,093,43540,82,53,0,53,0
2020-07-23,Solano,095,438530,3938,2962,9,2971,29
2020-07-23,Sonoma,097,501317,3231,2289,6,2295,18
2020-07-23,Stanislaus,099,539301,10174,7603,12,7615,71
2020-07-23,Sutter,101,95872,708,570,0,570,2
2020-07-23,Tehama,103,63373,239,158,2,160,1
2020-07-23,Trinity,105,12862,24,3,6,9,0
2020-07-23,Tulare,107,460477,10095,7898,28,7926,168
2020-07-23,Tuolumne,109,53932,140,93,4,97,0
2020-07-23,Ventura,111,848112,7963,6303,27,6330,56
2020-07-23,Yolo,113,214977,1682,1279,3,1282,35
2020-07-23,Yuba,115,75493,390,297,0,297,1
2020-07-22,Alameda,001,1643700,12090,9678,36,9714,169
2020-07-22,Alpine,002,1148,2,2,0,2,0
2020-07-22,Amador,005,37829,118,58,0,58,0
2020-07-22,Butte,007,227075,968,694,30,724,5
2020-07-22,Calaveras,009,45235,117,98,0,98,0
2020-07-22,Colusa,011,21464,322,236,0,236,0
2020-07-22,Contra Costa,013,1133247,8734,6401,25,6426,98
2020-07-22,Del Norte,015,27424,84,66,0,66,0
2020-07-22,El Dorado,017,186661,690,466,6,472,1
2020-07-22,Fresno,019,978130,19109,11756,158,11914,110
2020-07-22,Glenn,021,27897,338,236,0,236,1
2020-07-22,Humboldt,023,135768,238,201,1,202,4
2020-07-22,Imperial,025,180216,9949,7533,5,7538,134
2020-07-22,Inyo,027,18085,49,38,1,39,1
2020-07-22,Kern,029,883053,21714,13513,102,13615,127
2020-07-22,Kings,031,150075,4126,3271,20,3291,38
2020-07-22,Lake,033,64148,197,160,0,160,1
2020-07-22,Lassen,035,31185,568,500,2,502,0
2020-07-22,Los Angeles,037,10098052,184258,165242,403,165645,4218
2020-07-22,Madera,039,155013,2332,1578,4,1582,10
2020-07-22,Marin,041,260295,1063,4373,5,4378,23
2020-07-22,Mariposa,043,17540,55,38,0,38,1
2020-07-22,Mendocino,045,87422,242,166,0,166,0
2020-07-22,Merced,047,269075,4834,2828,2,2830,15
2020-07-22,Modoc,049,8938,3,0,0,0,0
2020-07-22,Mono,051,14174,128,82,2,84,1
2020-07-22,Monterey,053,433212,4566,3533,9,3542,20
2020-07-22,Napa,055,140530,1001,687,0,687,5
2020-07-22,Nevada,057,99092,308,239,12,251,1
2020-07-22,Orange,059,3164182,40118,32047,669,32716,522
2020-07-22,Placer,061,380077,1948,1469,3,1472,12
2020-07-22,Plumas,063,18699,31,20,0,20,0
2020-07-22,Riverside,065,2383286,40565,33093,40,33133,612
2020-07-22,Sacramento,067,1510023,10861,8028,11,8039,106
2020-07-22,San Benito,069,59416,604,465,0,465,2
2020-07-22,San Bernardino,071,2135413,35877,26820,124,26944,348
2020-07-22,San Diego,073,3302833,29569,25109,2,25111,505
2020-07-22,San Francisco,075,870044,6548,5473,5,5478,53
2020-07-22,San Joaquin,077,732212,12751,9628,5,9633,102
2020-07-22,San Luis Obispo,079,281455,1865,1373,7,1380,7
2020-07-22,San Mateo,081,765935,5785,4796,7,4803,112
2020-07-22,Santa Barbara,083,443738,6206,5508,56,5564,29
2020-07-22,Santa Clara,085,1922200,11172,8266,28,8294,166
2020-07-22,Santa Cruz,087,273765,1119,866,7,873,3
2020-07-22,Shasta,089,179085,417,246,1,247,9
2020-07-22,Sierra,091,2930,1,1,0,1,0
2020-07-22,Siskiyou,093,43540,81,52,0,52,0
2020-07-22,Solano,095,438530,3877,2839,8,2847,29
2020-07-22,Sonoma,097,501317,3154,2255,6,2261,17
2020-07-22,Stanislaus,099,539301,10003,7401,12,7413,71
2020-07-22,Sutter,101,95872,684,551,0,551,2
2020-07-22,Tehama,103,63373,231,155,2,157,1
2020-07-22,Trinity,105,12862,23,3,6,9,0
2020-07-22,Tulare,107,460477,9862,7640,28,7668,167
2020-07-22,Tuolumne,109,53932,136,91,4,95,0
2020-07-22,Ventura,111,848112,7835,6223,25,6248,56
2020-07-22,Yolo,113,214977,1640,1233,3,1236,34
2020-07-22,Yuba,115,75493,375,288,0,288,1
2020-07-21,Alameda,001,1643700,11876,9390,36,9426,166
2020-07-21,Alpine,002,1148,2,2,0,2,0
2020-07-21,Amador,005,37829,113,55,0,55,0
2020-07-21,Butte,007,227075,923,659,29,688,5
2020-07-21,Calaveras,009,45235,111,96,0,96,0
2020-07-21,Colusa,011,21464,298,227,0,227,0
2020-07-21,Contra Costa,013,1133247,8492,6210,25,6235,98
2020-07-21,Del Norte,015,27424,84,66,0,66,0
2020-07-21,El Dorado,017,186661,682,440,6,446,1
2020-07-21,Fresno,019,978130,18709,11412,152,11564,107
2020-07-21,Glenn,021,27897,331,229,0,229,1
2020-07-21,Humboldt,023,135768,236,198,1,199,4
2020-07-21,Imperial,025,180216,9898,7458,5,7463,128
2020-07-21,Inyo,027,18085,48,38,1,39,1
2020-07-21,Kern,029,883053,21292,11998,96,12094,119
2020-07-21,Kings,031,150075,4061,3187,19,3206,38
2020-07-21,Lake,033,64148,197,157,0,157,1
2020-07-21,Lassen,035,31185,566,474,2,476,0
2020-07-21,Los Angeles,037,10098052,181270,162205,379,162584,4159
2020-07-21,Madera,039,155013,2267,1508,3,1511,10
2020-07-21,Marin,041,260295,1057,4318,5,4323,21
2020-07-21,Mariposa,043,17540,54,37,0,37,1
2020-07-21,Mendocino,045,87422,231,160,0,160,0
2020-07-21,Merced,047,269075,4647,2725,2,2727,15
2020-07-21,Modoc,049,8938,3,0,0,0,0
2020-07-21,Mono,051,14174,124,79,2,81,1
2020-07-21,Monterey,053,433212,4434,3404,8,3412,20
2020-07-21,Napa,055,140530,974,660,0,660,5
2020-07-21,Nevada,057,99092,306,228,10,238,1
2020-07-21,Orange,059,3164182,39622,31356,637,31993,515
2020-07-21,Placer,061,380077,1907,1413,3,1416,11
2020-07-21,Plumas,063,18699,31,19,0,19,0
2020-07-21,Riverside,065,2383286,39863,32231,40,32271,583
2020-07-21,Sacramento,067,1510023,10589,7789,10,7799,102
2020-07-21,San Benito,069,59416,593,444,0,444,2
2020-07-21,San Bernardino,071,2135413,35230,25323,117,25440,343
2020-07-21,San Diego,073,3302833,29120,24522,2,24524,487
2020-07-21,San Francisco,075,870044,6439,5377,5,5382,53
2020-07-21,San Joaquin,077,732212,12423,9150,5,9155,99
2020-07-21,San Luis Obispo,079,281455,1816,1338,7,1345,7
2020-07-21,San Mateo,081,765935,5693,4733,7,4740,111
2020-07-21,Santa Barbara,083,443738,6126,5422,55,5477,29
2020-07-21,Santa Clara,085,1922200,10909,7989,28,8017,164
2020-07-21,Santa Cruz,087,273765,1086,835,7,842,3
2020-07-21,Shasta,089,179085,409,241,1,242,9
2020-07-21,Sierra,091,2930,1,1,0,1,0
2020-07-21,Siskiyou,093,43540,81,48,0,48,0
2020-07-21,Solano,095,438530,3805,2727,8,2735,27
2020-07-21,Sonoma,097,501317,3097,2200,6,2206,17
2020-07-21,Stanislaus,099,539301,9740,6984,12,6996,69
2020-07-21,Sutter,101,95872,668,533,0,533,2
2020-07-21,Tehama,103,63373,221,150,2,152,1
2020-07-21,Trinity,105,12862,23,2,6,8,0
2020-07-21,Tulare,107,460477,9660,7447,28,7475,167
2020-07-21,Tuolumne,109,53932,134,75,4,79,0
2020-07-21,Ventura,111,848112,7703,6131,25,6156,55
2020-07-21,Yolo,113,214977,1586,1204,3,1207,34
2020-07-21,Yuba,115,75493,369,269,0,269,1
2020-07-20,Alameda,001,1643700,11625,9244,35,9279,162
2020-07-20,Alpine,002,1148,2,2,0,2,0
2020-07-20,Amador,005,37829,110,53,0,53,0
2020-07-20,Butte,007,227075,886,586,29,615,4
2020-07-20,Calaveras,009,45235,108,90,0,90,0
2020-07-20,Colusa,011,21464,287,217,0,217,0
2020-07-20,Contra Costa,013,1133247,8284,5823,25,5848,97
2020-07-20,Del Norte,015,27424,84,61,0,61,0
2020-07-20,El Dorado,017,186661,659,407,6,413,0
2020-07-20,Fresno,019,978130,18263,10891,151,11042,106
2020-07-20,Glenn,021,27897,323,225,0,225,1
2020-07-20,Humboldt,023,135768,229,194,1,195,4
2020-07-20,Imperial,025,180216,9857,7337,5,7342,124
2020-07-20,Inyo,027,18085,46,38,1,39,1
2020-07-20,Kern,029,883053,20782,10908,92,11000,118
2020-07-20,Kings,031,150075,4011,3093,19,3112,37
2020-07-20,Lake,033,64148,194,147,0,147,1
2020-07-20,Lassen,035,31185,564,474,2,476,0
2020-07-20,Los Angeles,037,10098052,178307,159202,352,159554,4108
2020-07-20,Madera,039,155013,2192,1433,3,1436,10
2020-07-20,Marin,041,260295,1026,4255,5,4260,21
2020-07-20,Mariposa,043,17540,53,36,0,36,1
2020-07-20,Mendocino,045,87422,218,153,0,153,0
2020-07-20,Merced,047,269075,4472,2584,2,2586,15
2020-07-20,Modoc,049,8938,3,0,0,0,0
2020-07-20,Mono,051,14174,118,78,2,80,1
2020-07-20,Monterey,053,433212,4328,3205,8,3213,19
2020-07-20,Napa,055,140530,939,632,0,632,5
2020-07-20,Nevada,057,99092,298,218,10,228,1
2020-07-20,Orange,059,3164182,39012,30337,607,30944,507
2020-07-20,Placer,061,380077,1856,1364,3,1367,11
2020-07-20,Plumas,063,18699,30,17,0,17,0
2020-07-20,Riverside,065,2383286,39031,31163,40,31203,581
2020-07-20,Sacramento,067,1510023,10261,7369,10,7379,99
2020-07-20,San Benito,069,59416,575,433,0,433,2
2020-07-20,San Bernardino,071,2135413,34422,24226,113,24339,338
2020-07-20,San Diego,073,3302833,28678,24137,2,24139,478
2020-07-20,San Francisco,075,870044,6318,5090,5,5095,53
2020-07-20,San Joaquin,077,732212,12067,8583,5,8588,97
2020-07-20,San Luis Obispo,079,281455,1774,1282,7,1289,6
2020-07-20,San Mateo,081,765935,5593,4609,7,4616,111
2020-07-20,Santa Barbara,083,443738,6016,5266,53,5319,29
2020-07-20,Santa Clara,085,1922200,10677,7711,27,7738,164
2020-07-20,Santa Cruz,087,273765,1054,758,7,765,3
2020-07-20,Shasta,089,179085,394,233,1,234,9
2020-07-20,Sierra,091,2930,1,1,0,1,0
2020-07-20,Siskiyou,093,43540,77,42,0,42,0
2020-07-20,Solano,095,438530,3722,2537,8,2545,26
2020-07-20,Sonoma,097,501317,2991,2148,6,2154,17
2020-07-20,Stanislaus,099,539301,9456,6835,12,6847,58
2020-07-20,Sutter,101,95872,635,507,0,507,2
2020-07-20,Tehama,103,63373,211,146,2,148,1
2020-07-20,Trinity,105,12862,23,2,6,8,0
2020-07-20,Tulare,107,460477,9426,6974,28,7002,166
2020-07-20,Tuolumne,109,53932,133,75,4,79,0
2020-07-20,Ventura,111,848112,7569,5912,25,5937,52
2020-07-20,Yolo,113,214977,1545,1155,3,1158,30
2020-07-20,Yuba,115,75493,349,258,0,258,1
2020-07-19,Alameda,001,1643700,11385,9227,29,9256,162
2020-07-19,Alpine,002,1148,2,2,0,2,0
2020-07-19,Amador,005,37829,103,51,0,51,0
2020-07-19,Butte,007,227075,861,555,25,580,4
2020-07-19,Calaveras,009,45235,106,89,0,89,0
2020-07-19,Colusa,011,21464,279,187,0,187,0
2020-07-19,Contra Costa,013,1133247,7993,5691,23,5714,95
2020-07-19,Del Norte,015,27424,83,61,0,61,0
2020-07-19,El Dorado,017,186661,641,385,6,391,0
2020-07-19,Fresno,019,978130,17739,10639,139,10778,106
2020-07-19,Glenn,021,27897,309,215,0,215,0
2020-07-19,Humboldt,023,135768,221,195,1,196,4
2020-07-19,Imperial,025,180216,9766,7280,5,7285,124
2020-07-19,Inyo,027,18085,42,38,1,39,1
2020-07-19,Kern,029,883053,20165,10094,84,10178,115
2020-07-19,Kings,031,150075,3925,3035,19,3054,37
2020-07-19,Lake,033,64148,189,144,0,144,1
2020-07-19,Lassen,035,31185,545,474,2,476,0
2020-07-19,Los Angeles,037,10098052,174861,156039,329,156368,4100
2020-07-19,Madera,039,155013,2115,1301,3,1304,10
2020-07-19,Marin,041,260295,1026,4172,5,4177,21
2020-07-19,Mariposa,043,17540,49,35,0,35,1
2020-07-19,Mendocino,045,87422,213,137,0,137,0
2020-07-19,Merced,047,269075,4259,2460,2,2462,15
2020-07-19,Modoc,049,8938,3,0,0,0,0
2020-07-19,Mono,051,14174,107,63,2,65,1
2020-07-19,Monterey,053,433212,4209,3079,8,3087,18
2020-07-19,Napa,055,140530,911,612,0,612,5
2020-07-19,Nevada,057,99092,292,210,10,220,1
2020-07-19,Orange,059,3164182,38448,29941,594,30535,505
2020-07-19,Placer,061,380077,1809,1246,3,1249,11
2020-07-19,Plumas,063,18699,30,17,0,17,0
2020-07-19,Riverside,065,2383286,38326,30340,40,30380,581
2020-07-19,Sacramento,067,1510023,9868,6985,10,6995,97
2020-07-19,San Benito,069,59416,559,412,0,412,2
2020-07-19,San Bernardino,071,2135413,33649,23928,101,24029,337
2020-07-19,San Diego,073,3302833,28177,23684,2,23686,478
2020-07-19,San Francisco,075,870044,6172,5094,5,5099,52
2020-07-19,San Joaquin,077,732212,11660,8308,5,8313,93
2020-07-19,San Luis Obispo,079,281455,1730,1262,7,1269,6
2020-07-19,San Mateo,081,765935,5489,4522,7,4529,110
2020-07-19,Santa Barbara,083,443738,5914,5145,50,5195,29
2020-07-19,Santa Clara,085,1922200,10432,7403,27,7430,164
2020-07-19,Santa Cruz,087,273765,1010,753,7,760,3
2020-07-19,Shasta,089,179085,381,218,1,219,9
2020-07-19,Sierra,091,2930,1,1,0,1,0
2020-07-19,Siskiyou,093,43540,75,42,0,42,0
2020-07-19,Solano,095,438530,3617,2551,8,2559,26
2020-07-19,Sonoma,097,501317,2891,2074,6,2080,17
2020-07-19,Stanislaus,099,539301,9160,6508,12,6520,58
2020-07-19,Sutter,101,95872,604,480,0,480,2
2020-07-19,Tehama,103,63373,207,138,2,140,1
2020-07-19,Trinity,105,12862,23,2,6,8,0
2020-07-19,Tulare,107,460477,9178,6856,28,6884,166
2020-07-19,Tuolumne,109,53932,128,75,4,79,0
2020-07-19,Ventura,111,848112,7379,5706,25,5731,52
2020-07-19,Yolo,113,214977,1505,1127,3,1130,30
2020-07-19,Yuba,115,75493,329,240,0,240,1
2020-07-18,Alameda,001,1643700,11248,9089,28,9117,162
2020-07-18,Alpine,002,1148,2,2,0,2,0
2020-07-18,Amador,005,37829,99,49,0,49,0
2020-07-18,Butte,007,227075,852,551,24,575,4
2020-07-18,Calaveras,009,45235,102,89,0,89,0
2020-07-18,Colusa,011,21464,274,182,0,182,0
2020-07-18,Contra Costa,013,1133247,7858,5617,23,5640,95
2020-07-18,Del Norte,015,27424,83,61,0,61,0
2020-07-18,El Dorado,017,186661,638,385,6,391,0
2020-07-18,Fresno,019,978130,17490,10381,137,10518,106
2020-07-18,Glenn,021,27897,303,212,0,212,0
2020-07-18,Humboldt,023,135768,218,189,1,190,4
2020-07-18,Imperial,025,180216,9736,7268,5,7273,124
2020-07-18,Inyo,027,18085,42,38,1,39,1
2020-07-18,Kern,029,883053,19862,9250,81,9331,114
2020-07-18,Kings,031,150075,3885,2996,18,3014,37
2020-07-18,Lake,033,64148,186,142,0,142,1
2020-07-18,Lassen,035,31185,544,474,2,476,0
2020-07-18,Los Angeles,037,10098052,173415,153265,319,153584,4088
2020-07-18,Madera,039,155013,2069,1260,3,1263,9
2020-07-18,Marin,041,260295,1026,4089,5,4094,21
2020-07-18,Mariposa,043,17540,49,35,0,35,1
2020-07-18,Mendocino,045,87422,207,137,0,137,0
2020-07-18,Merced,047,269075,4143,2424,2,2426,15
2020-07-18,Modoc,049,8938,3,0,0,0,0
2020-07-18,Mono,051,14174,105,54,2,56,1
2020-07-18,Monterey,053,433212,4141,3020,8,3028,17
2020-07-18,Napa,055,140530,900,609,0,609,5
2020-07-18,Nevada,057,99092,288,204,9,213,1
2020-07-18,Orange,059,3164182,38129,29603,574,30177,493
2020-07-18,Placer,061,380077,1786,1233,3,1236,11
2020-07-18,Plumas,063,18699,30,17,0,17,0
2020-07-18,Riverside,065,2383286,37972,30245,39,30284,581
2020-07-18,Sacramento,067,1510023,9623,6739,10,6749,95
2020-07-18,San Benito,069,59416,544,407,0,407,2
2020-07-18,San Bernardino,071,2135413,33189,23680,94,23774,336
2020-07-18,San Diego,073,3302833,27874,23116,2,23118,478
2020-07-18,San Francisco,075,870044,6070,5051,5,5056,52
2020-07-18,San Joaquin,077,732212,11447,8118,5,8123,93
2020-07-18,San Luis Obispo,079,281455,1695,1234,7,1241,6
2020-07-18,San Mateo,081,765935,5429,4488,7,4495,110
2020-07-18,Santa Barbara,083,443738,5854,5110,48,5158,29
2020-07-18,Santa Clara,085,1922200,10283,7255,26,7281,164
2020-07-18,Santa Cruz,087,273765,993,751,7,758,3
2020-07-18,Shasta,089,179085,372,216,1,217,9
2020-07-18,Sierra,091,2930,1,1,0,1,0
2020-07-18,Siskiyou,093,43540,71,42,0,42,0
2020-07-18,Solano,095,438530,3576,2503,8,2511,26
2020-07-18,Sonoma,097,501317,2839,2019,6,2025,15
2020-07-18,Stanislaus,099,539301,9025,6344,12,6356,58
2020-07-18,Sutter,101,95872,598,473,0,473,2
2020-07-18,Tehama,103,63373,202,136,2,138,1
2020-07-18,Trinity,105,12862,23,2,6,8,0
2020-07-18,Tulare,107,460477,9087,6810,27,6837,167
2020-07-18,Tuolumne,109,53932,125,75,4,79,0
2020-07-18,Ventura,111,848112,7297,5630,25,5655,52
2020-07-18,Yolo,113,214977,1477,1077,3,1080,30
2020-07-18,Yuba,115,75493,318,237,0,237,1
2020-07-17,Alameda,001,1643700,11107,8893,27,8920,160
2020-07-17,Alpine,002,1148,2,1,0,1,0
2020-07-17,Amador,005,37829,97,48,0,48,0
2020-07-17,Butte,007,227075,838,497,24,521,4
2020-07-17,Calaveras,009,45235,99,86,0,86,0
2020-07-17,Colusa,011,21464,272,146,0,146,0
2020-07-17,Contra Costa,013,1133247,7710,5483,23,5506,93
2020-07-17,Del Norte,015,27424,82,60,0,60,0
2020-07-17,El Dorado,017,186661,622,368,6,374,0
2020-07-17,Fresno,019,978130,17194,9954,137,10091,104
2020-07-17,Glenn,021,27897,296,203,0,203,0
2020-07-17,Humboldt,023,135768,217,185,1,186,4
2020-07-17,Imperial,025,180216,9714,7193,5,7198,120
2020-07-17,Inyo,027,18085,42,38,1,39,1
2020-07-17,Kern,029,883053,19542,8291,80,8371,113
2020-07-17,Kings,031,150075,3846,2978,18,2996,37
2020-07-17,Lake,033,64148,184,139,0,139,1
2020-07-17,Lassen,035,31185,525,391,2,393,0
2020-07-17,Los Angeles,037,10098052,171042,150481,306,150787,4052
2020-07-17,Madera,039,155013,2025,1214,3,1217,9
2020-07-17,Marin,041,260295,1025,3839,5,3844,21
2020-07-17,Mariposa,043,17540,47,35,0,35,1
2020-07-17,Mendocino,045,87422,199,126,0,126,0
2020-07-17,Merced,047,269075,4068,2328,2,2330,12
2020-07-17,Modoc,049,8938,2,0,0,0,0
2020-07-17,Mono,051,14174,100,54,2,56,1
2020-07-17,Monterey,053,433212,4012,2922,8,2930,18
2020-07-17,Napa,055,140530,886,598,0,598,5
2020-07-17,Nevada,057,99092,281,200,9,209,1
2020-07-17,Orange,059,3164182,37666,28962,541,29503,485
2020-07-17,Placer,061,380077,1757,1207,3,1210,11
2020-07-17,Plumas,063,18699,27,16,0,16,0
2020-07-17,Riverside,065,2383286,37372,29639,39,29678,580
2020-07-17,Sacramento,067,1510023,9379,6563,10,6573,95
2020-07-17,San Benito,069,59416,529,399,0,399,2
2020-07-17,San Bernardino,071,2135413,32670,23057,91,23148,322
2020-07-17,San Diego,073,3302833,27486,22491,2,22493,472
2020-07-17,San Francisco,075,870044,5976,4967,5,4972,52
2020-07-17,San Joaquin,077,732212,11203,7925,5,7930,86
2020-07-17,San Luis Obispo,079,281455,1658,1190,7,1197,6
2020-07-17,San Mateo,081,765935,5332,4407,7,4414,110
2020-07-17,Santa Barbara,083,443738,5782,5001,47,5048,29
2020-07-17,Santa Clara,085,1922200,10065,7080,26,7106,164
2020-07-17,Santa Cruz,087,273765,971,716,7,723,3
2020-07-17,Shasta,089,179085,360,213,1,214,8
2020-07-17,Sierra,091,2930,1,1,0,1,0
2020-07-17,Siskiyou,093,43540,70,40,0,40,0
2020-07-17,Solano,095,438530,3527,2452,8,2460,26
2020-07-17,Sonoma,097,501317,2790,1982,6,1988,15
2020-07-17,Stanislaus,099,539301,8851,6220,12,6232,56
2020-07-17,Sutter,101,95872,585,458,0,458,2
2020-07-17,Tehama,103,63373,198,128,2,130,1
2020-07-17,Trinity,105,12862,23,2,6,8,0
2020-07-17,Tulare,107,460477,8951,6671,27,6698,166
2020-07-17,Tuolumne,109,53932,124,73,4,77,0
2020-07-17,Ventura,111,848112,7214,5451,25,5476,51
2020-07-17,Yolo,113,214977,1453,1055,3,1058,30
2020-07-17,Yuba,115,75493,308,231,0,231,1
2020-07-16,Alameda,001,1643700,10874,8719,22,8741,153
2020-07-16,Alpine,002,1148,2,1,0,1,0
2020-07-16,Amador,005,37829,94,46,0,46,0
2020-07-16,Butte,007,227075,802,465,23,488,4
2020-07-16,Calaveras,009,45235,97,82,0,82,0
2020-07-16,Colusa,011,21464,263,140,0,140,0
2020-07-16,Contra Costa,013,1133247,7498,5338,17,5355,91
2020-07-16,Del Norte,015,27424,82,60,0,60,0
2020-07-16,El Dorado,017,186661,605,357,6,363,0
2020-07-16,Fresno,019,978130,16681,9481,128,9609,101
2020-07-16,Glenn,021,27897,287,190,0,190,0
2020-07-16,Humboldt,023,135768,215,184,1,185,4
2020-07-16,Imperial,025,180216,9621,7148,5,7153,113
2020-07-16,Inyo,027,18085,42,38,1,39,1
2020-07-16,Kern,029,883053,19020,7435,78,7513,112
2020-07-16,Kings,031,150075,3680,2937,18,2955,37
2020-07-16,Lake,033,64148,179,128,0,128,1
2020-07-16,Lassen,035,31185,524,355,2,357,0
2020-07-16,Los Angeles,037,10098052,167819,147759,281,148040,3994
2020-07-16,Madera,039,155013,1961,1192,3,1195,8
2020-07-16,Marin,041,260295,1013,3546,5,3551,21
2020-07-16,Mariposa,043,17540,45,34,0,34,1
2020-07-16,Mendocino,045,87422,194,121,0,121,0
2020-07-16,Merced,047,269075,3904,2228,2,2230,12
2020-07-16,Modoc,049,8938,1,0,0,0,0
2020-07-16,Mono,051,14174,97,53,2,55,1
2020-07-16,Monterey,053,433212,3907,2857,7,2864,18
2020-07-16,Napa,055,140530,857,581,0,581,5
2020-07-16,Nevada,057,99092,278,191,9,200,1
2020-07-16,Orange,059,3164182,36963,28525,505,29030,471
2020-07-16,Placer,061,380077,1709,1168,3,1171,11
2020-07-16,Plumas,063,18699,25,16,0,16,0
2020-07-16,Riverside,065,2383286,36625,28904,37,28941,577
2020-07-16,Sacramento,067,1510023,9066,6440,9,6449,91
2020-07-16,San Benito,069,59416,512,389,0,389,2
2020-07-16,San Bernardino,071,2135413,31809,22355,73,22428,321
2020-07-16,San Diego,073,3302833,26999,21857,2,21859,465
2020-07-16,San Francisco,075,870044,5835,4838,5,4843,52
2020-07-16,San Joaquin,077,732212,10840,7713,5,7718,82
2020-07-16,San Luis Obispo,079,281455,1614,1146,7,1153,6
2020-07-16,San Mateo,081,765935,5228,4336,7,4343,110
2020-07-16,Santa Barbara,083,443738,5687,4872,46,4918,28
2020-07-16,Santa Clara,085,1922200,9785,6990,24,7014,164
2020-07-16,Santa Cruz,087,273765,930,698,7,705,3
2020-07-16,Shasta,089,179085,345,208,1,209,7
2020-07-16,Sierra,091,2930,1,1,0,1,0
2020-07-16,Siskiyou,093,43540,67,39,0,39,0
2020-07-16,Solano,095,438530,3433,2372,8,2380,25
2020-07-16,Sonoma,097,501317,2700,1954,6,1960,14
2020-07-16,Stanislaus,099,539301,8568,6077,11,6088,56
2020-07-16,Sutter,101,95872,569,444,0,444,2
2020-07-16,Tehama,103,63373,188,126,2,128,1
2020-07-16,Trinity,105,12862,23,2,5,7,0
2020-07-16,Tulare,107,460477,8737,6467,26,6493,163
2020-07-16,Tuolumne,109,53932,117,71,4,75,0
2020-07-16,Ventura,111,848112,7052,5231,25,5256,50
2020-07-16,Yolo,113,214977,1411,1034,3,1037,29
2020-07-16,Yuba,115,75493,290,221,0,221,1
2020-07-15,Alameda,001,1643700,10669,8615,17,8632,153
2020-07-15,Alpine,002,1148,2,1,0,1,0
2020-07-15,Amador,005,37829,73,44,0,44,0
2020-07-15,Butte,007,227075,760,420,23,443,4
2020-07-15,Calaveras,009,45235,97,75,0,75,0
2020-07-15,Colusa,011,21464,258,135,0,135,0
2020-07-15,Contra Costa,013,1133247,7267,5246,17,5263,90
2020-07-15,Del Norte,015,27424,81,60,0,60,0
2020-07-15,El Dorado,017,186661,581,339,6,345,0
2020-07-15,Fresno,019,978130,16209,9124,122,9246,101
2020-07-15,Glenn,021,27897,278,184,0,184,0
2020-07-15,Humboldt,023,135768,213,181,1,182,4
2020-07-15,Imperial,025,180216,9554,7110,5,7115,110
2020-07-15,Inyo,027,18085,42,36,1,37,1
2020-07-15,Kern,029,883053,18400,7155,74,7229,108
2020-07-15,Kings,031,150075,3618,2906,18,2924,37
2020-07-15,Lake,033,64148,177,122,0,122,1
2020-07-15,Lassen,035,31185,520,319,2,321,0
2020-07-15,Los Angeles,037,10098052,164352,143343,266,143609,3946
2020-07-15,Madera,039,155013,1892,1147,3,1150,4
2020-07-15,Marin,041,260295,1007,3458,5,3463,21
2020-07-15,Mariposa,043,17540,45,34,0,34,1
2020-07-15,Mendocino,045,87422,191,119,0,119,0
2020-07-15,Merced,047,269075,3761,2156,2,2158,12
2020-07-15,Modoc,049,8938,1,0,0,0,0
2020-07-15,Mono,051,14174,95,52,2,54,1
2020-07-15,Monterey,053,433212,3795,2780,7,2787,18
2020-07-15,Napa,055,140530,831,573,0,573,5
2020-07-15,Nevada,057,99092,274,185,7,192,1
2020-07-15,Orange,059,3164182,36164,27718,471,28189,454
2020-07-15,Placer,061,380077,1651,1145,3,1148,11
2020-07-15,Plumas,063,18699,25,16,0,16,0
2020-07-15,Riverside,065,2383286,35843,28492,35,28527,568
2020-07-15,Sacramento,067,1510023,8686,6217,9,6226,91
2020-07-15,San Benito,069,59416,503,388,0,388,2
2020-07-15,San Bernardino,071,2135413,31019,21508,57,21565,317
2020-07-15,San Diego,073,3302833,26532,21448,2,21450,448
2020-07-15,San Francisco,075,870044,5721,4757,5,4762,50
2020-07-15,San Joaquin,077,732212,10409,7381,4,7385,75
2020-07-15,San Luis Obispo,079,281455,1571,1097,7,1104,6
2020-07-15,San Mateo,081,765935,5115,4258,7,4265,109
2020-07-15,Santa Barbara,083,443738,5573,4733,46,4779,28
2020-07-15,Santa Clara,085,1922200,9482,6900,24,6924,164
2020-07-15,Santa Cruz,087,273765,894,660,6,666,3
2020-07-15,Shasta,089,179085,336,193,1,194,7
2020-07-15,Sierra,091,2930,1,1,0,1,0
2020-07-15,Siskiyou,093,43540,66,38,0,38,0
2020-07-15,Solano,095,438530,3338,2343,8,2351,25
2020-07-15,Sonoma,097,501317,2601,1920,6,1926,14
2020-07-15,Stanislaus,099,539301,8271,5777,11,5788,56
2020-07-15,Sutter,101,95872,543,433,0,433,2
2020-07-15,Tehama,103,63373,180,126,2,128,1
2020-07-15,Trinity,105,12862,22,2,5,7,0
2020-07-15,Tulare,107,460477,8525,6320,26,6346,156
2020-07-15,Tuolumne,109,53932,110,68,4,72,0
2020-07-15,Ventura,111,848112,6875,5087,25,5112,50
2020-07-15,Yolo,113,214977,1377,1002,3,1005,27
2020-07-15,Yuba,115,75493,278,221,0,221,1
2020-07-14,Alameda,001,1643700,10328,8388,11,8399,151
2020-07-14,Alpine,002,1148,2,1,0,1,0
2020-07-14,Amador,005,37829,69,44,0,44,0
2020-07-14,Butte,007,227075,714,382,23,405,4
2020-07-14,Calaveras,009,45235,95,74,0,74,0
2020-07-14,Colusa,011,21464,248,128,0,128,0
2020-07-14,Contra Costa,013,1133247,7030,5110,15,5125,90
2020-07-14,Del Norte,015,27424,80,60,0,60,0
2020-07-14,El Dorado,017,186661,566,324,6,330,0
2020-07-14,Fresno,019,978130,15785,8941,117,9058,98
2020-07-14,Glenn,021,27897,268,177,0,177,0
2020-07-14,Humboldt,023,135768,210,175,1,176,4
2020-07-14,Imperial,025,180216,9429,7095,5,7100,109
2020-07-14,Inyo,027,18085,42,35,1,36,1
2020-07-14,Kern,029,883053,17641,6979,61,7040,107
2020-07-14,Kings,031,150075,3551,2867,17,2884,37
2020-07-14,Lake,033,64148,171,120,0,120,1
2020-07-14,Lassen,035,31185,503,263,2,265,0
2020-07-14,Los Angeles,037,10098052,161220,140632,237,140869,3900
2020-07-14,Madera,039,155013,1818,1118,3,1121,4
2020-07-14,Marin,041,260295,987,3451,5,3456,21
2020-07-14,Mariposa,043,17540,41,32,0,32,1
2020-07-14,Mendocino,045,87422,183,110,0,110,0
2020-07-14,Merced,047,269075,3576,2084,2,2086,12
2020-07-14,Modoc,049,8938,1,0,0,0,0
2020-07-14,Mono,051,14174,85,48,2,50,1
2020-07-14,Monterey,053,433212,3682,2724,7,2731,18
2020-07-14,Napa,055,140530,775,557,0,557,4
2020-07-14,Nevada,057,99092,257,180,6,186,1
2020-07-14,Orange,059,3164182,35282,26915,423,27338,432
2020-07-14,Placer,061,380077,1593,1122,3,1125,11
2020-07-14,Plumas,063,18699,24,14,0,14,0
2020-07-14,Riverside,065,2383286,35086,27850,34,27884,547
2020-07-14,Sacramento,067,1510023,8332,5978,9,5987,87
2020-07-14,San Benito,069,59416,484,360,0,360,2
2020-07-14,San Bernardino,071,2135413,30167,20489,47,20536,316
2020-07-14,San Diego,073,3302833,25912,20887,2,20889,436
2020-07-14,San Francisco,075,870044,5570,4659,4,4663,50
2020-07-14,San Joaquin,077,732212,9982,7143,4,7147,75
2020-07-14,San Luis Obispo,079,281455,1533,1060,7,1067,5
2020-07-14,San Mateo,081,765935,5022,4173,7,4180,108
2020-07-14,Santa Barbara,083,443738,5449,4641,44,4685,28
2020-07-14,Santa Clara,085,1922200,9154,6686,21,6707,164
2020-07-14,Santa Cruz,087,273765,855,639,6,645,3
2020-07-14,Shasta,089,179085,327,190,1,191,7
2020-07-14,Sierra,091,2930,1,1,0,1,0
2020-07-14,Siskiyou,093,43540,65,38,0,38,0
2020-07-14,Solano,095,438530,3239,2266,7,2273,25
2020-07-14,Sonoma,097,501317,2508,1866,6,1872,14
2020-07-14,Stanislaus,099,539301,7896,5631,10,5641,53
2020-07-14,Sutter,101,95872,524,405,0,405,2
2020-07-14,Tehama,103,63373,168,123,2,125,1
2020-07-14,Trinity,105,12862,21,2,5,7,0
2020-07-14,Tulare,107,460477,8279,6199,26,6225,156
2020-07-14,Tuolumne,109,53932,105,68,4,72,0
2020-07-14,Ventura,111,848112,6714,4950,25,4975,50
2020-07-14,Yolo,113,214977,1330,966,3,969,27
2020-07-14,Yuba,115,75493,261,210,0,210,1
2020-07-13,Alameda,001,1643700,10024,8115,11,8126,148
2020-07-13,Alpine,002,1148,2,1,0,1,0
2020-07-13,Amador,005,37829,65,42,0,42,0
2020-07-13,Butte,007,227075,678,354,23,377,4
2020-07-13,Calaveras,009,45235,87,63,0,63,0
2020-07-13,Colusa,011,21464,242,116,0,116,0
2020-07-13,Contra Costa,013,1133247,6758,4882,13,4895,88
2020-07-13,Del Norte,015,27424,74,59,0,59,0
2020-07-13,El Dorado,017,186661,535,298,6,304,0
2020-07-13,Fresno,019,978130,15355,8666,112,8778,95
2020-07-13,Glenn,021,27897,261,168,0,168,0
2020-07-13,Humboldt,023,135768,205,174,1,175,4
2020-07-13,Imperial,025,180216,9343,7052,5,7057,109
2020-07-13,Inyo,027,18085,41,35,1,36,1
2020-07-13,Kern,029,883053,16956,6808,55,6863,107
2020-07-13,Kings,031,150075,3500,2824,17,2841,37
2020-07-13,Lake,033,64148,166,118,0,118,1
2020-07-13,Lassen,035,31185,498,237,2,239,0
2020-07-13,Los Angeles,037,10098052,157986,136368,223,136591,3829
2020-07-13,Madera,039,155013,1749,1059,3,1062,4
2020-07-13,Marin,041,260295,961,3402,5,3407,21
2020-07-13,Mariposa,043,17540,40,31,0,31,1
2020-07-13,Mendocino,045,87422,179,87,0,87,0
2020-07-13,Merced,047,269075,3424,2007,2,2009,12
2020-07-13,Modoc,049,8938,1,0,0,0,0
2020-07-13,Mono,051,14174,81,47,1,48,1
2020-07-13,Monterey,053,433212,3559,2613,5,2618,18
2020-07-13,Napa,055,140530,739,534,0,534,4
2020-07-13,Nevada,057,99092,243,172,6,178,1
2020-07-13,Orange,059,3164182,34416,25978,391,26369,423
2020-07-13,Placer,061,380077,1548,1096,3,1099,11
2020-07-13,Plumas,063,18699,22,14,0,14,0
2020-07-13,Riverside,065,2383286,34159,27136,32,27168,545
2020-07-13,Sacramento,067,1510023,8035,5747,9,5756,85
2020-07-13,San Benito,069,59416,471,343,0,343,2
2020-07-13,San Bernardino,071,2135413,29293,19610,40,19650,313
2020-07-13,San Diego,073,3302833,25345,20348,2,20350,422
2020-07-13,San Francisco,075,870044,5443,4534,3,4537,50
2020-07-13,San Joaquin,077,732212,9566,6927,4,6931,71
2020-07-13,San Luis Obispo,079,281455,1502,989,7,996,5
2020-07-13,San Mateo,081,765935,4891,4057,7,4064,108
2020-07-13,Santa Barbara,083,443738,5335,4441,43,4484,28
2020-07-13,Santa Clara,085,1922200,8829,6488,20,6508,164
2020-07-13,Santa Cruz,087,273765,817,574,6,580,3
2020-07-13,Shasta,089,179085,316,185,1,186,6
2020-07-13,Sierra,091,2930,1,1,0,1,0
2020-07-13,Siskiyou,093,43540,61,37,0,37,0
2020-07-13,Solano,095,438530,3127,2046,7,2053,23
2020-07-13,Sonoma,097,501317,2397,1818,6,1824,14
2020-07-13,Stanislaus,099,539301,7593,5324,9,5333,53
2020-07-13,Sutter,101,95872,486,379,0,379,2
2020-07-13,Tehama,103,63373,155,112,2,114,1
2020-07-13,Trinity,105,12862,21,2,5,7,0
2020-07-13,Tulare,107,460477,8018,5930,24,5954,147
2020-07-13,Tuolumne,109,53932,97,56,4,60,0
2020-07-13,Ventura,111,848112,6524,4800,22,4822,50
2020-07-13,Yolo,113,214977,1285,941,3,944,27
2020-07-13,Yuba,115,75493,246,194,0,194,1
2020-07-12,Alameda,001,1643700,9754,8056,11,8067,148
2020-07-12,Alpine,002,1148,2,1,0,1,0
2020-07-12,Amador,005,37829,55,40,0,40,0
2020-07-12,Butte,007,227075,627,341,22,363,4
2020-07-12,Calaveras,009,45235,87,62,0,62,0
2020-07-12,Colusa,011,21464,208,116,0,116,0
2020-07-12,Contra Costa,013,1133247,6490,4708,11,4719,88
2020-07-12,Del Norte,015,27424,63,59,0,59,0
2020-07-12,El Dorado,017,186661,513,290,6,296,0
2020-07-12,Fresno,019,978130,14932,8407,107,8514,95
2020-07-12,Glenn,021,27897,248,166,0,166,0
2020-07-12,Humboldt,023,135768,201,174,1,175,4
2020-07-12,Imperial,025,180216,9229,6999,5,7004,109
2020-07-12,Inyo,027,18085,39,35,1,36,1
2020-07-12,Kern,029,883053,16213,6662,51,6713,105
2020-07-12,Kings,031,150075,3438,2779,17,2796,34
2020-07-12,Lake,033,64148,157,114,0,114,1
2020-07-12,Lassen,035,31185,491,237,2,239,0
2020-07-12,Los Angeles,037,10098052,154561,133830,196,134026,3816
2020-07-12,Madera,039,155013,1693,1025,3,1028,4
2020-07-12,Marin,041,260295,952,3358,5,3363,21
2020-07-12,Mariposa,043,17540,39,31,0,31,1
2020-07-12,Mendocino,045,87422,160,88,0,88,0
2020-07-12,Merced,047,269075,3286,1908,2,1910,12
2020-07-12,Modoc,049,8938,1,0,0,0,0
2020-07-12,Mono,051,14174,71,45,1,46,1
2020-07-12,Monterey,053,433212,3444,2521,5,2526,18
2020-07-12,Napa,055,140530,708,519,0,519,4
2020-07-12,Nevada,057,99092,233,166,6,172,1
2020-07-12,Orange,059,3164182,33537,25399,382,25781,422
2020-07-12,Placer,061,380077,1491,1058,3,1061,11
2020-07-12,Plumas,063,18699,21,14,0,14,0
2020-07-12,Riverside,065,2383286,33401,26404,31,26435,542
2020-07-12,Sacramento,067,1510023,7723,5515,7,5522,85
2020-07-12,San Benito,069,59416,456,324,0,324,2
2020-07-12,San Bernardino,071,2135413,28381,19042,36,19078,312
2020-07-12,San Diego,073,3302833,24715,19929,2,19931,422
2020-07-12,San Francisco,075,870044,5294,4535,3,4538,50
2020-07-12,San Joaquin,077,732212,9203,6703,4,6707,71
2020-07-12,San Luis Obispo,079,281455,1455,972,7,979,5
2020-07-12,San Mateo,081,765935,4773,3988,7,3995,108
2020-07-12,Santa Barbara,083,443738,5205,4353,42,4395,28
2020-07-12,Santa Clara,085,1922200,8590,6252,19,6271,164
2020-07-12,Santa Cruz,087,273765,775,573,5,578,3
2020-07-12,Shasta,089,179085,310,173,1,174,6
2020-07-12,Sierra,091,2930,1,1,0,1,0
2020-07-12,Siskiyou,093,43540,59,36,0,36,0
2020-07-12,Solano,095,438530,3002,2037,7,2044,23
2020-07-12,Sonoma,097,501317,2303,1743,6,1749,13
2020-07-12,Stanislaus,099,539301,7289,5177,9,5186,53
2020-07-12,Sutter,101,95872,468,362,0,362,2
2020-07-12,Tehama,103,63373,148,111,2,113,1
2020-07-12,Trinity,105,12862,21,2,5,7,0
2020-07-12,Tulare,107,460477,7762,5864,23,5887,146
2020-07-12,Tuolumne,109,53932,90,52,4,56,0
2020-07-12,Ventura,111,848112,6308,4724,21,4745,50
2020-07-12,Yolo,113,214977,1244,889,3,892,27
2020-07-12,Yuba,115,75493,235,188,0,188,1
2020-07-11,Alameda,001,1643700,9651,7845,11,7856,148
2020-07-11,Alpine,002,1148,2,1,0,1,0
2020-07-11,Amador,005,37829,51,37,0,37,0
2020-07-11,Butte,007,227075,611,325,22,347,4
2020-07-11,Calaveras,009,45235,84,62,0,62,0
2020-07-11,Colusa,011,21464,203,110,0,110,0
2020-07-11,Contra Costa,013,1133247,6375,4650,11,4661,87
2020-07-11,Del Norte,015,27424,63,59,0,59,0
2020-07-11,El Dorado,017,186661,502,283,6,289,0
2020-07-11,Fresno,019,978130,14671,8086,104,8190,95
2020-07-11,Glenn,021,27897,240,161,0,161,0
2020-07-11,Humboldt,023,135768,200,174,1,175,4
2020-07-11,Imperial,025,180216,9189,6884,5,6889,109
2020-07-11,Inyo,027,18085,39,35,1,36,1
2020-07-11,Kern,029,883053,15856,6509,50,6559,103
2020-07-11,Kings,031,150075,3411,2753,17,2770,33
2020-07-11,Lake,033,64148,156,110,0,110,1
2020-07-11,Lassen,035,31185,490,237,2,239,0
2020-07-11,Los Angeles,037,10098052,152843,130479,186,130665,3802
2020-07-11,Madera,039,155013,1652,988,3,991,4
2020-07-11,Marin,041,260295,951,3191,5,3196,21
2020-07-11,Mariposa,043,17540,39,31,0,31,1
2020-07-11,Mendocino,045,87422,156,88,0,88,0
2020-07-11,Merced,047,269075,3204,1851,2,1853,12
2020-07-11,Modoc,049,8938,1,0,0,0,0
2020-07-11,Mono,051,14174,68,45,1,46,1
2020-07-11,Monterey,053,433212,3355,2376,5,2381,18
2020-07-11,Napa,055,140530,696,509,0,509,4
2020-07-11,Nevada,057,99092,224,163,5,168,1
2020-07-11,Orange,059,3164182,33160,24430,368,24798,422
2020-07-11,Placer,061,380077,1457,1029,3,1032,11
2020-07-11,Plumas,063,18699,21,12,0,12,0
2020-07-11,Riverside,065,2383286,33010,25994,31,26025,538
2020-07-11,Sacramento,067,1510023,7549,5367,7,5374,84
2020-07-11,San Benito,069,59416,441,314,0,314,2
2020-07-11,San Bernardino,071,2135413,27944,18907,34,18941,310
2020-07-11,San Diego,073,3302833,24323,19371,2,19373,422
2020-07-11,San Francisco,075,870044,5198,4430,2,4432,50
2020-07-11,San Joaquin,077,732212,9025,6518,4,6522,72
2020-07-11,San Luis Obispo,079,281455,1407,930,7,937,4
2020-07-11,San Mateo,081,765935,4705,3956,7,3963,108
2020-07-11,Santa Barbara,083,443738,5136,4283,41,4324,28
2020-07-11,Santa Clara,085,1922200,8430,5959,19,5978,164
2020-07-11,Santa Cruz,087,273765,744,571,5,576,3
2020-07-11,Shasta,089,179085,303,168,1,169,6
2020-07-11,Sierra,091,2930,1,1,0,1,0
2020-07-11,Siskiyou,093,43540,59,36,0,36,0
2020-07-11,Solano,095,438530,2961,2034,7,2041,23
2020-07-11,Sonoma,097,501317,2265,1690,6,1696,13
2020-07-11,Stanislaus,099,539301,7149,4911,9,4920,51
2020-07-11,Sutter,101,95872,452,352,0,352,2
2020-07-11,Tehama,103,63373,146,111,2,113,1
2020-07-11,Trinity,105,12862,21,2,5,7,0
2020-07-11,Tulare,107,460477,7656,5780,23,5803,149
2020-07-11,Tuolumne,109,53932,87,50,4,54,0
2020-07-11,Ventura,111,848112,6212,4545,20,4565,49
2020-07-11,Yolo,113,214977,1215,833,3,836,27
2020-07-11,Yuba,115,75493,225,175,0,175,1
2020-07-10,Alameda,001,1643700,9494,7551,11,7562,147
2020-07-10,Alpine,002,1148,2,1,0,1,0
2020-07-10,Amador,005,37829,47,37,0,37,0
2020-07-10,Butte,007,227075,600,318,22,340,4
2020-07-10,Calaveras,009,45235,84,61,0,61,0
2020-07-10,Colusa,011,21464,197,103,0,103,0
2020-07-10,Contra Costa,013,1133247,6236,4482,11,4493,86
2020-07-10,Del Norte,015,27424,63,57,0,57,0
2020-07-10,El Dorado,017,186661,484,266,6,272,0
2020-07-10,Fresno,019,978130,14339,7760,101,7861,93
2020-07-10,Glenn,021,27897,235,157,0,157,0
2020-07-10,Humboldt,023,135768,199,168,1,169,4
2020-07-10,Imperial,025,180216,9140,6878,4,6882,98
2020-07-10,Inyo,027,18085,39,35,1,36,1
2020-07-10,Kern,029,883053,15424,6344,49,6393,102
2020-07-10,Kings,031,150075,3375,2707,17,2724,33
2020-07-10,Lake,033,64148,149,104,0,104,1
2020-07-10,Lassen,035,31185,489,235,2,237,0
2020-07-10,Los Angeles,037,10098052,150420,127503,180,127683,3750
2020-07-10,Madera,039,155013,1606,914,3,917,4
2020-07-10,Marin,041,260295,947,3101,5,3106,21
2020-07-10,Mariposa,043,17540,38,31,0,31,1
2020-07-10,Mendocino,045,87422,148,88,0,88,0
2020-07-10,Merced,047,269075,3118,1802,2,1804,12
2020-07-10,Modoc,049,8938,1,0,0,0,0
2020-07-10,Mono,051,14174,67,45,1,46,1
2020-07-10,Monterey,053,433212,3277,2285,5,2290,18
2020-07-10,Napa,055,140530,685,496,0,496,4
2020-07-10,Nevada,057,99092,219,161,5,166,1
2020-07-10,Orange,059,3164182,32574,23692,365,24057,416
2020-07-10,Placer,061,380077,1415,1002,3,1005,11
2020-07-10,Plumas,063,18699,19,12,0,12,0
2020-07-10,Riverside,065,2383286,32492,25481,31,25512,533
2020-07-10,Sacramento,067,1510023,7294,5181,7,5188,81
2020-07-10,San Benito,069,59416,432,302,0,302,2
2020-07-10,San Bernardino,071,2135413,27420,18242,31,18273,308
2020-07-10,San Diego,073,3302833,23939,18862,2,18864,420
2020-07-10,San Francisco,075,870044,5107,4305,2,4307,50
2020-07-10,San Joaquin,077,732212,8792,6225,4,6229,67
2020-07-10,San Luis Obispo,079,281455,1369,891,7,898,4
2020-07-10,San Mateo,081,765935,4640,3844,7,3851,107
2020-07-10,Santa Barbara,083,443738,5039,4177,40,4217,28
2020-07-10,Santa Clara,085,1922200,8206,5819,19,5838,164
2020-07-10,Santa Cruz,087,273765,716,540,5,545,3
2020-07-10,Shasta,089,179085,299,158,1,159,6
2020-07-10,Sierra,091,2930,1,1,0,1,0
2020-07-10,Siskiyou,093,43540,59,31,0,31,0
2020-07-10,Solano,095,438530,2914,1950,7,1957,23
2020-07-10,Sonoma,097,501317,2218,1606,5,1611,13
2020-07-10,Stanislaus,099,539301,6979,4781,9,4790,46
2020-07-10,Sutter,101,95872,445,338,0,338,2
2020-07-10,Tehama,103,63373,145,107,2,109,1
2020-07-10,Trinity,105,12862,21,2,5,7,0
2020-07-10,Tulare,107,460477,7519,5677,23,5700,150
2020-07-10,Tuolumne,109,53932,86,49,4,53,0
2020-07-10,Ventura,111,848112,6098,4416,20,4436,48
2020-07-10,Yolo,113,214977,1191,794,3,797,27
2020-07-10,Yuba,115,75493,211,164,0,164,1
2020-07-09,Alameda,001,1643700,9265,7433,11,7444,146
2020-07-09,Alpine,002,1148,2,1,0,1,0
2020-07-09,Amador,005,37829,44,36,0,36,0
2020-07-09,Butte,007,227075,568,295,21,316,4
2020-07-09,Calaveras,009,45235,83,59,0,59,0
2020-07-09,Colusa,011,21464,189,97,0,97,0
2020-07-09,Contra Costa,013,1133247,5995,4388,11,4399,86
2020-07-09,Del Norte,015,27424,63,57,0,57,0
2020-07-09,El Dorado,017,186661,459,255,5,260,0
2020-07-09,Fresno,019,978130,13886,7385,98,7483,90
2020-07-09,Glenn,021,27897,225,150,0,150,0
2020-07-09,Humboldt,023,135768,196,166,1,167,4
2020-07-09,Imperial,025,180216,9041,6778,4,6782,87
2020-07-09,Inyo,027,18085,37,35,1,36,1
2020-07-09,Kern,029,883053,14778,6100,47,6147,95
2020-07-09,Kings,031,150075,3312,2686,17,2703,33
2020-07-09,Lake,033,64148,146,99,0,99,1
2020-07-09,Lassen,035,31185,433,221,2,223,0
2020-07-09,Los Angeles,037,10098052,147161,125062,158,125220,3698
2020-07-09,Madera,039,155013,1529,850,3,853,4
2020-07-09,Marin,041,260295,879,2975,4,2979,20
2020-07-09,Mariposa,043,17540,38,32,0,32,1
2020-07-09,Mendocino,045,87422,144,88,0,88,0
2020-07-09,Merced,047,269075,2973,1728,2,1730,11
2020-07-09,Modoc,049,8938,1,0,0,0,0
2020-07-09,Mono,051,14174,63,45,1,46,1
2020-07-09,Monterey,053,433212,3152,2223,5,2228,17
2020-07-09,Napa,055,140530,668,468,0,468,4
2020-07-09,Nevada,057,99092,213,156,5,161,1
2020-07-09,Orange,059,3164182,31600,22960,347,23307,407
2020-07-09,Placer,061,380077,1373,982,3,985,11
2020-07-09,Plumas,063,18699,19,12,0,12,0
2020-07-09,Riverside,065,2383286,31599,24980,30,25010,529
2020-07-09,Sacramento,067,1510023,6967,4950,7,4957,81
2020-07-09,San Benito,069,59416,416,295,0,295,2
2020-07-09,San Bernardino,071,2135413,26550,17339,25,17364,307
2020-07-09,San Diego,073,3302833,23347,18404,2,18406,415
2020-07-09,San Francisco,075,870044,4975,4143,2,4145,50
2020-07-09,San Joaquin,077,732212,8433,6004,4,6008,66
2020-07-09,San Luis Obispo,079,281455,1328,869,7,876,3
2020-07-09,San Mateo,081,765935,4514,3792,7,3799,106
2020-07-09,Santa Barbara,083,443738,4907,4068,40,4108,28
2020-07-09,Santa Clara,085,1922200,7945,5638,19,5657,164
2020-07-09,Santa Cruz,087,273765,689,526,5,531,3
2020-07-09,Shasta,089,179085,293,155,1,156,5
2020-07-09,Sierra,091,2930,1,1,0,1,0
2020-07-09,Siskiyou,093,43540,55,31,0,31,0
2020-07-09,Solano,095,438530,2816,1892,7,1899,23
2020-07-09,Sonoma,097,501317,2132,1584,5,1589,13
2020-07-09,Stanislaus,099,539301,6664,4633,8,4641,46
2020-07-09,Sutter,101,95872,428,321,0,321,2
2020-07-09,Tehama,103,63373,140,102,2,104,1
2020-07-09,Trinity,105,12862,21,2,5,7,0
2020-07-09,Tulare,107,460477,7300,5501,22,5523,146
2020-07-09,Tuolumne,109,53932,85,47,4,51,0
2020-07-09,Ventura,111,848112,5930,4278,20,4298,47
2020-07-09,Yolo,113,214977,1143,764,3,767,27
2020-07-09,Yuba,115,75493,194,152,0,152,1
2020-07-08,Alameda,001,1643700,8973,7335,11,7346,142
2020-07-08,Alpine,002,1148,2,1,0,1,0
2020-07-08,Amador,005,37829,41,35,0,35,0
2020-07-08,Butte,007,227075,531,281,21,302,3
2020-07-08,Calaveras,009,45235,78,58,0,58,0
2020-07-08,Colusa,011,21464,176,90,0,90,0
2020-07-08,Contra Costa,013,1133247,5749,4268,9,4277,84
2020-07-08,Del Norte,015,27424,61,57,0,57,0
2020-07-08,El Dorado,017,186661,437,248,5,253,0
2020-07-08,Fresno,019,978130,13470,7102,92,7194,86
2020-07-08,Glenn,021,27897,214,146,0,146,0
2020-07-08,Humboldt,023,135768,193,162,1,163,4
2020-07-08,Imperial,025,180216,8954,6727,4,6731,76
2020-07-08,Inyo,027,18085,37,35,1,36,1
2020-07-08,Kern,029,883053,14200,5873,45,5918,91
2020-07-08,Kings,031,150075,3253,2629,14,2643,33
2020-07-08,Lake,033,64148,139,97,0,97,1
2020-07-08,Lassen,035,31185,337,221,2,223,0
2020-07-08,Los Angeles,037,10098052,143955,123462,130,123592,3650
2020-07-08,Madera,039,155013,1459,828,3,831,4
2020-07-08,Marin,041,260295,846,2756,4,2760,17
2020-07-08,Mariposa,043,17540,38,31,0,31,1
2020-07-08,Mendocino,045,87422,131,84,0,84,0
2020-07-08,Merced,047,269075,2845,1578,2,1580,11
2020-07-08,Modoc,049,8938,1,0,0,0,0
2020-07-08,Mono,051,14174,60,45,0,45,1
2020-07-08,Monterey,053,433212,3034,2182,4,2186,17
2020-07-08,Napa,055,140530,646,468,0,468,4
2020-07-08,Nevada,057,99092,204,156,5,161,1
2020-07-08,Orange,059,3164182,30645,22088,342,22430,378
2020-07-08,Placer,061,380077,1326,948,3,951,11
2020-07-08,Plumas,063,18699,19,12,0,12,0
2020-07-08,Riverside,065,2383286,30635,24042,29,24071,508
2020-07-08,Sacramento,067,1510023,6678,4799,7,4806,80
2020-07-08,San Benito,069,59416,399,282,0,282,2
2020-07-08,San Bernardino,071,2135413,25696,16510,21,16531,296
2020-07-08,San Diego,073,3302833,22777,17844,2,17846,406
2020-07-08,San Francisco,075,870044,4886,4093,2,4095,50
2020-07-08,San Joaquin,077,732212,8090,5759,4,5763,61
2020-07-08,San Luis Obispo,079,281455,1276,825,7,832,2
2020-07-08,San Mateo,081,765935,4394,3733,7,3740,106
2020-07-08,Santa Barbara,083,443738,4788,3985,40,4025,28
2020-07-08,Santa Clara,085,1922200,7712,5510,19,5529,164
2020-07-08,Santa Cruz,087,273765,656,509,4,513,3
2020-07-08,Shasta,089,179085,284,148,1,149,6
2020-07-08,Sierra,091,2930,1,1,0,1,0
2020-07-08,Siskiyou,093,43540,55,31,0,31,0
2020-07-08,Solano,095,438530,2700,1821,7,1828,23
2020-07-08,Sonoma,097,501317,2056,1495,5,1500,9
2020-07-08,Stanislaus,099,539301,6364,4344,8,4352,46
2020-07-08,Sutter,101,95872,403,298,0,298,2
2020-07-08,Tehama,103,63373,134,100,2,102,1
2020-07-08,Trinity,105,12862,20,2,5,7,0
2020-07-08,Tulare,107,460477,7108,5307,17,5324,138
2020-07-08,Tuolumne,109,53932,81,42,4,46,0
2020-07-08,Ventura,111,848112,5765,4139,20,4159,47
2020-07-08,Yolo,113,214977,1099,727,3,730,26
2020-07-08,Yuba,115,75493,181,145,0,145,1
2020-07-07,Alameda,001,1643700,8653,7097,10,7107,141
2020-07-07,Alpine,002,1148,2,1,0,1,0
2020-07-07,Amador,005,37829,41,33,0,33,0
2020-07-07,Butte,007,227075,488,269,21,290,3
2020-07-07,Calaveras,009,45235,76,58,0,58,0
2020-07-07,Colusa,011,21464,143,84,0,84,0
2020-07-07,Contra Costa,013,1133247,5510,4131,8,4139,84
2020-07-07,Del Norte,015,27424,61,57,0,57,0
2020-07-07,El Dorado,017,186661,417,244,5,249,0
2020-07-07,Fresno,019,978130,13015,6738,92,6830,84
2020-07-07,Glenn,021,27897,205,145,0,145,0
2020-07-07,Humboldt,023,135768,190,150,1,151,4
2020-07-07,Imperial,025,180216,8856,6678,4,6682,51
2020-07-07,Inyo,027,18085,36,32,1,33,1
2020-07-07,Kern,029,883053,13501,5645,41,5686,88
2020-07-07,Kings,031,150075,3190,2623,13,2636,33
2020-07-07,Lake,033,64148,129,94,0,94,1
2020-07-07,Lassen,035,31185,266,219,2,221,0
2020-07-07,Los Angeles,037,10098052,140376,121026,123,121149,3588
2020-07-07,Madera,039,155013,1415,794,3,797,4
2020-07-07,Marin,041,260295,837,2627,4,2631,17
2020-07-07,Mariposa,043,17540,38,31,0,31,1
2020-07-07,Mendocino,045,87422,123,82,0,82,0
2020-07-07,Merced,047,269075,2671,1531,2,1533,10
2020-07-07,Modoc,049,8938,1,0,0,0,0
2020-07-07,Mono,051,14174,59,42,0,42,1
2020-07-07,Monterey,053,433212,2891,2166,4,2170,17
2020-07-07,Napa,055,140530,627,459,0,459,4
2020-07-07,Nevada,057,99092,198,150,5,155,1
2020-07-07,Orange,059,3164182,29625,21741,329,22070,373
2020-07-07,Placer,061,380077,1285,930,3,933,11
2020-07-07,Plumas,063,18699,17,12,0,12,0
2020-07-07,Riverside,065,2383286,29620,23279,29,23308,499
2020-07-07,Sacramento,067,1510023,6336,4592,7,4599,76
2020-07-07,San Benito,069,59416,381,274,0,274,2
2020-07-07,San Bernardino,071,2135413,24826,16004,19,16023,277
2020-07-07,San Diego,073,3302833,22058,17580,2,17582,399
2020-07-07,San Francisco,075,870044,4794,4045,1,4046,50
2020-07-07,San Joaquin,077,732212,7748,5547,4,5551,59
2020-07-07,San Luis Obispo,079,281455,1215,795,7,802,2
2020-07-07,San Mateo,081,765935,4279,3691,7,3698,106
2020-07-07,Santa Barbara,083,443738,4660,3866,39,3905,27
2020-07-07,Santa Clara,085,1922200,7443,5438,19,5457,164
2020-07-07,Santa Cruz,087,273765,622,502,3,505,2
2020-07-07,Shasta,089,179085,271,144,1,145,6
2020-07-07,Sierra,091,2930,1,1,0,1,0
2020-07-07,Siskiyou,093,43540,54,30,0,30,0
2020-07-07,Solano,095,438530,2587,1776,7,1783,22
2020-07-07,Sonoma,097,501317,1986,1473,5,1478,8
2020-07-07,Stanislaus,099,539301,6026,4101,8,4109,46
2020-07-07,Sutter,101,95872,377,273,0,273,2
2020-07-07,Tehama,103,63373,125,95,2,97,1
2020-07-07,Trinity,105,12862,20,2,5,7,0
2020-07-07,Tulare,107,460477,6929,5189,16,5205,137
2020-07-07,Tuolumne,109,53932,75,40,4,44,0
2020-07-07,Ventura,111,848112,5596,3992,18,4010,46
2020-07-07,Yolo,113,214977,1031,706,3,709,26
2020-07-07,Yuba,115,75493,161,138,0,138,1
2020-07-06,Alameda,001,1643700,8418,6970,10,6980,141
2020-07-06,Alpine,002,1148,1,1,0,1,0
2020-07-06,Amador,005,37829,39,33,0,33,0
2020-07-06,Butte,007,227075,432,257,18,275,2
2020-07-06,Calaveras,009,45235,73,45,0,45,0
2020-07-06,Colusa,011,21464,134,80,0,80,0
2020-07-06,Contra Costa,013,1133247,5282,3901,7,3908,83
2020-07-06,Del Norte,015,27424,60,57,0,57,0
2020-07-06,El Dorado,017,186661,402,232,4,236,0
2020-07-06,Fresno,019,978130,12544,6364,86,6450,82
2020-07-06,Glenn,021,27897,197,129,0,129,0
2020-07-06,Humboldt,023,135768,188,148,1,149,3
2020-07-06,Imperial,025,180216,8738,6443,4,6447,47
2020-07-06,Inyo,027,18085,36,32,1,33,1
2020-07-06,Kern,029,883053,12695,5491,40,5531,82
2020-07-06,Kings,031,150075,3139,2583,9,2592,33
2020-07-06,Lake,033,64148,122,93,0,93,1
2020-07-06,Lassen,035,31185,264,219,2,221,0
2020-07-06,Los Angeles,037,10098052,136776,116707,110,116817,3541
2020-07-06,Madera,039,155013,1345,734,3,737,4
2020-07-06,Marin,041,260295,669,2136,4,2140,17
2020-07-06,Mariposa,043,17540,36,31,0,31,1
2020-07-06,Mendocino,045,87422,106,72,0,72,0
2020-07-06,Merced,047,269075,2513,1396,2,1398,10
2020-07-06,Modoc,049,8938,1,0,0,0,0
2020-07-06,Mono,051,14174,58,40,0,40,1
2020-07-06,Monterey,053,433212,2802,2078,4,2082,15
2020-07-06,Napa,055,140530,609,454,0,454,4
2020-07-06,Nevada,057,99092,192,146,5,151,1
2020-07-06,Orange,059,3164182,28560,20167,292,20459,372
2020-07-06,Placer,061,380077,1222,904,3,907,11
2020-07-06,Plumas,063,18699,17,11,0,11,0
2020-07-06,Riverside,065,2383286,28565,22485,28,22513,477
2020-07-06,Sacramento,067,1510023,5985,4420,7,4427,71
2020-07-06,San Benito,069,59416,366,264,0,264,2
2020-07-06,San Bernardino,071,2135413,23973,15346,16,15362,272
2020-07-06,San Diego,073,3302833,21326,17002,2,17004,387
2020-07-06,San Francisco,075,870044,4673,3861,1,3862,50
2020-07-06,San Joaquin,077,732212,7377,5104,4,5108,57
2020-07-06,San Luis Obispo,079,281455,1157,751,7,758,2
2020-07-06,San Mateo,081,765935,4187,3650,6,3656,106
2020-07-06,Santa Barbara,083,443738,4523,3763,38,3801,27
2020-07-06,Santa Clara,085,1922200,7171,5369,19,5388,165
2020-07-06,Santa Cruz,087,273765,600,466,2,468,2
2020-07-06,Shasta,089,179085,261,143,1,144,6
2020-07-06,Sierra,091,2930,1,1,0,1,0
2020-07-06,Siskiyou,093,43540,50,30,0,30,0
2020-07-06,Solano,095,438530,2451,1668,7,1675,22
2020-07-06,Sonoma,097,501317,1922,1369,5,1374,8
2020-07-06,Stanislaus,099,539301,5624,3983,8,3991,46
2020-07-06,Sutter,101,95872,350,250,0,250,2
2020-07-06,Tehama,103,63373,122,95,2,97,1
2020-07-06,Trinity,105,12862,19,2,5,7,0
2020-07-06,Tulare,107,460477,6724,5039,14,5053,136
2020-07-06,Tuolumne,109,53932,72,30,4,34,0
2020-07-06,Ventura,111,848112,5403,3912,18,3930,44
2020-07-06,Yolo,113,214977,975,685,3,688,26
2020-07-06,Yuba,115,75493,147,124,0,124,1
2020-07-05,Alameda,001,1643700,8169,6861,10,6871,141
2020-07-05,Alpine,002,1148,1,1,0,1,0
2020-07-05,Amador,005,37829,37,31,0,31,0
2020-07-05,Butte,007,227075,397,248,18,266,2
2020-07-05,Calaveras,009,45235,69,45,0,45,0
2020-07-05,Colusa,011,21464,124,79,0,79,0
2020-07-05,Contra Costa,013,1133247,5034,3665,6,3671,80
2020-07-05,Del Norte,015,27424,60,57,0,57,0
2020-07-05,El Dorado,017,186661,384,227,4,231,0
2020-07-05,Fresno,019,978130,11978,6186,85,6271,82
2020-07-05,Glenn,021,27897,194,129,0,129,0
2020-07-05,Humboldt,023,135768,184,147,1,148,3
2020-07-05,Imperial,025,180216,8601,6441,4,6445,47
2020-07-05,Inyo,027,18085,35,32,1,33,1
2020-07-05,Kern,029,883053,11987,5351,40,5391,82
2020-07-05,Kings,031,150075,3056,2546,8,2554,31
2020-07-05,Lake,033,64148,122,92,0,92,1
2020-07-05,Lassen,035,31185,258,219,2,221,0
2020-07-05,Los Angeles,037,10098052,133545,115133,104,115237,3495
2020-07-05,Madera,039,155013,1268,564,3,567,4
2020-07-05,Marin,041,260295,539,2080,4,2084,17
2020-07-05,Mariposa,043,17540,36,31,0,31,1
2020-07-05,Mendocino,045,87422,103,72,0,72,0
2020-07-05,Merced,047,269075,2366,1340,2,1342,10
2020-07-05,Modoc,049,8938,1,0,0,0,0
2020-07-05,Mono,051,14174,54,39,0,39,1
2020-07-05,Monterey,053,433212,2699,1994,4,1998,15
2020-07-05,Napa,055,140530,579,450,0,450,4
2020-07-05,Nevada,057,99092,186,141,5,146,1
2020-07-05,Orange,059,3164182,27612,19430,279,19709,372
2020-07-05,Placer,061,380077,1165,855,3,858,11
2020-07-05,Plumas,063,18699,16,11,0,11,0
2020-07-05,Riverside,065,2383286,27707,21511,28,21539,474
2020-07-05,Sacramento,067,1510023,5670,4265,6,4271,71
2020-07-05,San Benito,069,59416,348,258,0,258,2
2020-07-05,San Bernardino,071,2135413,23094,15026,16,15042,270
2020-07-05,San Diego,073,3302833,20635,16728,2,16730,387
2020-07-05,San Francisco,075,870044,4556,3861,1,3862,50
2020-07-05,San Joaquin,077,732212,7058,5015,4,5019,57
2020-07-05,San Luis Obispo,079,281455,1078,730,7,737,2
2020-07-05,San Mateo,081,765935,4077,3575,6,3581,106
2020-07-05,Santa Barbara,083,443738,4376,3671,35,3706,27
2020-07-05,Santa Clara,085,1922200,6875,5237,19,5256,162
2020-07-05,Santa Cruz,087,273765,582,467,0,467,2
2020-07-05,Shasta,089,179085,255,138,1,139,6
2020-07-05,Sierra,091,2930,1,1,0,1,0
2020-07-05,Siskiyou,093,43540,46,30,0,30,0
2020-07-05,Solano,095,438530,2330,1547,7,1554,22
2020-07-05,Sonoma,097,501317,1841,1369,5,1374,8
2020-07-05,Stanislaus,099,539301,5294,3777,7,3784,45
2020-07-05,Sutter,101,95872,322,241,0,241,2
2020-07-05,Tehama,103,63373,120,95,2,97,1
2020-07-05,Trinity,105,12862,19,2,5,7,0
2020-07-05,Tulare,107,460477,6465,4981,12,4993,135
2020-07-05,Tuolumne,109,53932,67,30,3,33,0
2020-07-05,Ventura,111,848112,5200,3866,18,3884,44
2020-07-05,Yolo,113,214977,935,644,3,647,26
2020-07-05,Yuba,115,75493,137,115,0,115,1
2020-07-04,Alameda,001,1643700,8057,6737,10,6747,141
2020-07-04,Alpine,002,1148,1,1,0,1,0
2020-07-04,Amador,005,37829,36,31,0,31,0
2020-07-04,Butte,007,227075,379,224,18,242,2
2020-07-04,Calaveras,009,45235,69,45,0,45,0
2020-07-04,Colusa,011,21464,123,76,0,76,0
2020-07-04,Contra Costa,013,1133247,4888,3583,6,3589,80
2020-07-04,Del Norte,015,27424,60,50,0,50,0
2020-07-04,El Dorado,017,186661,365,211,4,215,0
2020-07-04,Fresno,019,978130,11661,5999,83,6082,82
2020-07-04,Glenn,021,27897,187,128,0,128,0
2020-07-04,Humboldt,023,135768,177,144,1,145,3
2020-07-04,Imperial,025,180216,8551,6441,4,6445,47
2020-07-04,Inyo,027,18085,35,32,1,33,1
2020-07-04,Kern,029,883053,11683,5231,40,5271,81
2020-07-04,Kings,031,150075,3013,2509,8,2517,31
2020-07-04,Lake,033,64148,115,86,0,86,1
2020-07-04,Lassen,035,31185,258,219,2,221,0
2020-07-04,Los Angeles,037,10098052,131729,107256,93,107349,3462
2020-07-04,Madera,039,155013,1222,568,3,571,4
2020-07-04,Marin,041,260295,533,1962,4,1966,17
2020-07-04,Mariposa,043,17540,36,28,0,28,1
2020-07-04,Mendocino,045,87422,103,72,0,72,0
2020-07-04,Merced,047,269075,2267,1252,2,1254,10
2020-07-04,Modoc,049,8938,1,0,0,0,0
2020-07-04,Mono,051,14174,54,37,0,37,1
2020-07-04,Monterey,053,433212,2619,1878,4,1882,15
2020-07-04,Napa,055,140530,570,426,0,426,4
2020-07-04,Nevada,057,99092,183,125,5,130,1
2020-07-04,Orange,059,3164182,27175,19247,266,19513,372
2020-07-04,Placer,061,380077,1130,796,3,799,11
2020-07-04,Plumas,063,18699,16,11,0,11,0
2020-07-04,Riverside,065,2383286,27341,21508,28,21536,474
2020-07-04,Sacramento,067,1510023,5499,4039,6,4045,71
2020-07-04,San Benito,069,59416,335,255,0,255,2
2020-07-04,San Bernardino,071,2135413,22668,14636,14,14650,270
2020-07-04,San Diego,073,3302833,20175,16166,2,16168,387
2020-07-04,San Francisco,075,870044,4464,3861,1,3862,50
2020-07-04,San Joaquin,077,732212,6846,4807,4,4811,57
2020-07-04,San Luis Obispo,079,281455,1038,699,7,706,2
2020-07-04,San Mateo,081,765935,4014,3532,6,3538,106
2020-07-04,Santa Barbara,083,443738,4301,3520,33,3553,27
2020-07-04,Santa Clara,085,1922200,6684,5045,18,5063,161
2020-07-04,Santa Cruz,087,273765,572,466,0,466,2
2020-07-04,Shasta,089,179085,252,135,1,136,6
2020-07-04,Sierra,091,2930,1,1,0,1,0
2020-07-04,Siskiyou,093,43540,39,30,0,30,0
2020-07-04,Solano,095,438530,2293,1548,7,1555,22
2020-07-04,Sonoma,097,501317,1815,1370,5,1375,8
2020-07-04,Stanislaus,099,539301,5136,3572,7,3579,44
2020-07-04,Sutter,101,95872,303,225,0,225,2
2020-07-04,Tehama,103,63373,117,92,2,94,1
2020-07-04,Trinity,105,12862,19,2,5,7,0
2020-07-04,Tulare,107,460477,6353,4802,12,4814,135
2020-07-04,Tuolumne,109,53932,63,30,3,33,0
2020-07-04,Ventura,111,848112,5076,3687,18,3705,44
2020-07-04,Yolo,113,214977,910,615,3,618,26
2020-07-04,Yuba,115,75493,130,102,0,102,1
2020-07-03,Alameda,001,1643700,7936,6486,10,6496,141
2020-07-03,Alpine,002,1148,1,1,0,1,0
2020-07-03,Amador,005,37829,36,25,0,25,0
2020-07-03,Butte,007,227075,367,212,18,230,2
2020-07-03,Calaveras,009,45235,69,44,0,44,0
2020-07-03,Colusa,011,21464,117,70,0,70,0
2020-07-03,Contra Costa,013,1133247,4752,3447,6,3453,78
2020-07-03,Del Norte,015,27424,60,50,0,50,0
2020-07-03,El Dorado,017,186661,353,201,4,205,0
2020-07-03,Fresno,019,978130,11356,5783,81,5864,81
2020-07-03,Glenn,021,27897,182,122,0,122,0
2020-07-03,Humboldt,023,135768,173,143,1,144,3
2020-07-03,Imperial,025,180216,8504,6345,4,6349,47
2020-07-03,Inyo,027,18085,35,32,1,33,1
2020-07-03,Kern,029,883053,11421,5213,40,5253,81
2020-07-03,Kings,031,150075,2977,2492,8,2500,31
2020-07-03,Lake,033,64148,108,83,0,83,0
2020-07-03,Lassen,035,31185,258,219,2,221,0
2020-07-03,Los Angeles,037,10098052,130216,107236,89,107325,3461
2020-07-03,Madera,039,155013,1178,565,3,568,4
2020-07-03,Marin,041,260295,530,1776,4,1780,17
2020-07-03,Mariposa,043,17540,36,28,0,28,1
2020-07-03,Mendocino,045,87422,102,72,0,72,0
2020-07-03,Merced,047,269075,2199,1188,2,1190,10
2020-07-03,Modoc,049,8938,1,0,0,0,0
2020-07-03,Mono,051,14174,54,37,0,37,1
2020-07-03,Monterey,053,433212,2549,1804,4,1808,15
2020-07-03,Napa,055,140530,552,388,0,388,4
2020-07-03,Nevada,057,99092,182,125,5,130,1
2020-07-03,Orange,059,3164182,26784,18819,258,19077,366
2020-07-03,Placer,061,380077,1103,745,3,748,11
2020-07-03,Plumas,063,18699,16,11,0,11,0
2020-07-03,Riverside,065,2383286,27035,21171,28,21199,472
2020-07-03,Sacramento,067,1510023,5365,3711,6,3717,71
2020-07-03,San Benito,069,59416,328,243,0,243,2
2020-07-03,San Bernardino,071,2135413,22280,14040,14,14054,269
2020-07-03,San Diego,073,3302833,19720,15698,2,15700,387
2020-07-03,San Francisco,075,870044,4418,3781,1,3782,50
2020-07-03,San Joaquin,077,732212,6708,4416,3,4419,56
2020-07-03,San Luis Obispo,079,281455,1003,676,7,683,2
2020-07-03,San Mateo,081,765935,3957,3439,6,3445,106
2020-07-03,Santa Barbara,083,443738,4214,3406,32,3438,27
2020-07-03,Santa Clara,085,1922200,6572,4820,18,4838,161
2020-07-03,Santa Cruz,087,273765,558,436,0,436,2
2020-07-03,Shasta,089,179085,244,113,1,114,6
2020-07-03,Sierra,091,2930,1,1,0,1,0
2020-07-03,Siskiyou,093,43540,36,30,0,30,0
2020-07-03,Solano,095,438530,2249,1496,6,1502,22
2020-07-03,Sonoma,097,501317,1767,1282,5,1287,8
2020-07-03,Stanislaus,099,539301,5012,3021,7,3028,43
2020-07-03,Sutter,101,95872,293,205,0,205,2
2020-07-03,Tehama,103,63373,115,89,2,91,1
2020-07-03,Trinity,105,12862,19,2,5,7,0
2020-07-03,Tulare,107,460477,6238,4656,12,4668,134
2020-07-03,Tuolumne,109,53932,61,27,3,30,0
2020-07-03,Ventura,111,848112,4980,3536,18,3554,44
2020-07-03,Yolo,113,214977,876,586,3,589,25
2020-07-03,Yuba,115,75493,125,96,0,96,1
2020-07-02,Alameda,001,1643700,7810,6386,10,6396,139
2020-07-02,Alpine,002,1148,1,1,0,1,0
2020-07-02,Amador,005,37829,35,23,0,23,0
2020-07-02,Butte,007,227075,350,199,18,217,2
2020-07-02,Calaveras,009,45235,64,42,0,42,0
2020-07-02,Colusa,011,21464,109,60,0,60,0
2020-07-02,Contra Costa,013,1133247,4570,3347,6,3353,77
2020-07-02,Del Norte,015,27424,59,50,0,50,0
2020-07-02,El Dorado,017,186661,342,193,4,197,0
2020-07-02,Fresno,019,978130,10895,5402,81,5483,78
2020-07-02,Glenn,021,27897,176,114,0,114,0
2020-07-02,Humboldt,023,135768,169,138,1,139,3
2020-07-02,Imperial,025,180216,8402,6236,4,6240,47
2020-07-02,Inyo,027,18085,35,29,1,30,1
2020-07-02,Kern,029,883053,10886,5036,38,5074,78
2020-07-02,Kings,031,150075,2926,2419,8,2427,31
2020-07-02,Lake,033,64148,104,81,0,81,0
2020-07-02,Lassen,035,31185,256,218,2,220,0
2020-07-02,Los Angeles,037,10098052,128199,107144,66,107210,3458
2020-07-02,Madera,039,155013,1110,548,3,551,4
2020-07-02,Marin,041,260295,502,1706,4,1710,17
2020-07-02,Mariposa,043,17540,35,28,0,28,1
2020-07-02,Mendocino,045,87422,98,71,0,71,0
2020-07-02,Merced,047,269075,2096,1122,2,1124,10
2020-07-02,Modoc,049,8938,1,0,0,0,0
2020-07-02,Mono,051,14174,54,37,0,37,1
2020-07-02,Monterey,053,433212,2489,1796,4,1800,15
2020-07-02,Napa,055,140530,535,352,0,352,4
2020-07-02,Nevada,057,99092,176,118,4,122,1
2020-07-02,Orange,059,3164182,26016,17056,245,17301,360
2020-07-02,Placer,061,380077,1079,740,3,743,11
2020-07-02,Plumas,063,18699,15,8,0,8,0
2020-07-02,Riverside,065,2383286,26461,20253,28,20281,458
2020-07-02,Sacramento,067,1510023,5138,3587,6,3593,70
2020-07-02,San Benito,069,59416,320,236,0,236,2
2020-07-02,San Bernardino,071,2135413,21744,13185,14,13199,260
2020-07-02,San Diego,073,3302833,19254,15208,2,15210,377
2020-07-02,San Francisco,075,870044,4323,3676,1,3677,50
2020-07-02,San Joaquin,077,732212,6361,4243,3,4246,56
2020-07-02,San Luis Obispo,079,281455,958,659,7,666,2
2020-07-02,San Mateo,081,765935,3877,3390,6,3396,107
2020-07-02,Santa Barbara,083,443738,4114,3385,30,3415,27
2020-07-02,Santa Clara,085,1922200,6445,4722,18,4740,160
2020-07-02,Santa Cruz,087,273765,535,414,0,414,2
2020-07-02,Shasta,089,179085,241,110,1,111,5
2020-07-02,Sierra,091,2930,1,1,0,1,0
2020-07-02,Siskiyou,093,43540,36,30,0,30,0
2020-07-02,Solano,095,438530,2166,1429,6,1435,21
2020-07-02,Sonoma,097,501317,1709,1244,5,1249,6
2020-07-02,Stanislaus,099,539301,4840,2850,7,2857,41
2020-07-02,Sutter,101,95872,282,195,0,195,2
2020-07-02,Tehama,103,63373,113,86,2,88,1
2020-07-02,Trinity,105,12862,19,2,5,7,0
2020-07-02,Tulare,107,460477,6071,4559,11,4570,132
2020-07-02,Tuolumne,109,53932,58,23,2,25,0
2020-07-02,Ventura,111,848112,4824,3394,18,3412,42
2020-07-02,Yolo,113,214977,844,554,3,557,24
2020-07-02,Yuba,115,75493,115,93,0,93,1
2020-07-01,Alameda,001,1643700,7592,6125,10,6135,137
2020-07-01,Alpine,002,1148,1,1,0,1,0
2020-07-01,Amador,005,37829,34,22,0,22,0
2020-07-01,Butte,007,227075,325,185,18,203,2
2020-07-01,Calaveras,009,45235,62,37,0,37,0
2020-07-01,Colusa,011,21464,103,53,0,53,0
2020-07-01,Contra Costa,013,1133247,4357,3259,6,3265,76
2020-07-01,Del Norte,015,27424,59,50,0,50,0
2020-07-01,El Dorado,017,186661,315,183,4,187,0
2020-07-01,Fresno,019,978130,10461,5111,78,5189,76
2020-07-01,Glenn,021,27897,170,110,0,110,0
2020-07-01,Humboldt,023,135768,164,134,0,134,3
2020-07-01,Imperial,025,180216,8305,6150,4,6154,46
2020-07-01,Inyo,027,18085,34,30,1,31,1
2020-07-01,Kern,029,883053,10252,4853,37,4890,78
2020-07-01,Kings,031,150075,2858,2360,8,2368,30
2020-07-01,Lake,033,64148,103,75,0,75,0
2020-07-01,Lassen,035,31185,255,217,2,219,0
2020-07-01,Los Angeles,037,10098052,125001,105325,57,105382,3408
2020-07-01,Madera,039,155013,1069,519,3,522,4
2020-07-01,Marin,041,260295,444,1636,4,1640,17
2020-07-01,Mariposa,043,17540,35,29,0,29,1
2020-07-01,Mendocino,045,87422,94,70,0,70,0
2020-07-01,Merced,047,269075,1998,1052,2,1054,10
2020-07-01,Modoc,049,8938,1,0,0,0,0
2020-07-01,Mono,051,14174,51,37,0,37,1
2020-07-01,Monterey,053,433212,2381,1703,3,1706,15
2020-07-01,Napa,055,140530,512,347,0,347,4
2020-07-01,Nevada,057,99092,166,115,4,119,1
2020-07-01,Orange,059,3164182,25123,15662,224,15886,343
2020-07-01,Placer,061,380077,1032,713,3,716,11
2020-07-01,Plumas,063,18699,13,8,0,8,0
2020-07-01,Riverside,065,2383286,25618,19537,27,19564,457
2020-07-01,Sacramento,067,1510023,4883,3425,6,3431,64
2020-07-01,San Benito,069,59416,311,219,0,219,2
2020-07-01,San Bernardino,071,2135413,20850,12712,11,12723,253
2020-07-01,San Diego,073,3302833,18686,14624,2,14626,372
2020-07-01,San Francisco,075,870044,4230,3626,1,3627,50
2020-07-01,San Joaquin,077,732212,6003,3990,3,3993,54
2020-07-01,San Luis Obispo,079,281455,931,613,7,620,1
2020-07-01,San Mateo,081,765935,3815,3326,6,3332,84
2020-07-01,Santa Barbara,083,443738,3994,3268,29,3297,27
2020-07-01,Santa Clara,085,1922200,6259,4547,17,4564,159
2020-07-01,Santa Cruz,087,273765,511,398,0,398,2
2020-07-01,Shasta,089,179085,236,104,1,105,5
2020-07-01,Sierra,091,2930,1,1,0,1,0
2020-07-01,Siskiyou,093,43540,36,28,0,28,0
2020-07-01,Solano,095,438530,2074,1350,6,1356,21
2020-07-01,Sonoma,097,501317,1614,1178,5,1183,6
2020-07-01,Stanislaus,099,539301,4562,2619,7,2626,41
2020-07-01,Sutter,101,95872,269,188,0,188,2
2020-07-01,Tehama,103,63373,106,80,2,82,1
2020-07-01,Trinity,105,12862,19,2,4,6,0
2020-07-01,Tulare,107,460477,5895,4359,11,4370,128
2020-07-01,Tuolumne,109,53932,55,17,2,19,0
2020-07-01,Ventura,111,848112,4682,3224,16,3240,41
2020-07-01,Yolo,113,214977,793,526,3,529,24
2020-07-01,Yuba,115,75493,110,57,0,57,1
2020-06-30,Alameda,001,1643700,7345,5959,8,5967,137
2020-06-30,Alpine,002,1148,1,1,0,1,0
2020-06-30,Amador,005,37829,34,21,0,21,0
2020-06-30,Butte,007,227075,308,163,17,180,2
2020-06-30,Calaveras,009,45235,58,31,0,31,0
2020-06-30,Colusa,011,21464,94,33,0,33,0
2020-06-30,Contra Costa,013,1133247,4146,3140,6,3146,75
2020-06-30,Del Norte,015,27424,59,48,0,48,0
2020-06-30,El Dorado,017,186661,302,175,4,179,0
2020-06-30,Fresno,019,978130,10017,4826,73,4899,75
2020-06-30,Glenn,021,27897,165,96,0,96,0
2020-06-30,Humboldt,023,135768,160,132,0,132,3
2020-06-30,Imperial,025,180216,8206,5968,4,5972,45
2020-06-30,Inyo,027,18085,34,30,1,31,1
2020-06-30,Kern,029,883053,9605,4721,34,4755,75
2020-06-30,Kings,031,150075,2809,2315,5,2320,30
2020-06-30,Lake,033,64148,95,56,0,56,0
2020-06-30,Lassen,035,31185,248,215,2,217,0
2020-06-30,Los Angeles,037,10098052,121418,103640,54,103694,3378
2020-06-30,Madera,039,155013,1012,475,3,478,4
2020-06-30,Marin,041,260295,441,1614,4,1618,17
2020-06-30,Mariposa,043,17540,34,27,0,27,1
2020-06-30,Mendocino,045,87422,90,65,0,65,0
2020-06-30,Merced,047,269075,1861,970,2,972,10
2020-06-30,Modoc,049,8938,1,0,0,0,0
2020-06-30,Mono,051,14174,49,36,0,36,1
2020-06-30,Monterey,053,433212,2284,1657,3,1660,15
2020-06-30,Napa,055,140530,487,342,0,342,4
2020-06-30,Nevada,057,99092,158,113,4,117,1
2020-06-30,Orange,059,3164182,24185,14354,214,14568,335
2020-06-30,Placer,061,380077,1005,667,3,670,11
2020-06-30,Plumas,063,18699,12,8,0,8,0
2020-06-30,Riverside,065,2383286,24900,18656,26,18682,449
2020-06-30,Sacramento,067,1510023,4594,3246,6,3252,64
2020-06-30,San Benito,069,59416,300,200,0,200,2
2020-06-30,San Bernardino,071,2135413,19868,12375,10,12385,249
2020-06-30,San Diego,073,3302833,17981,14150,2,14152,365
2020-06-30,San Francisco,075,870044,4125,3555,1,3556,50
2020-06-30,San Joaquin,077,732212,5629,3744,3,3747,52
2020-06-30,San Luis Obispo,079,281455,891,583,7,590,1
2020-06-30,San Mateo,081,765935,3737,3268,6,3274,84
2020-06-30,Santa Barbara,083,443738,3878,3102,29,3131,25
2020-06-30,Santa Clara,085,1922200,6056,4346,17,4363,157
2020-06-30,Santa Cruz,087,273765,485,379,0,379,2
2020-06-30,Shasta,089,179085,220,100,1,101,5
2020-06-30,Sierra,091,2930,1,1,0,1,0
2020-06-30,Siskiyou,093,43540,35,26,0,26,0
2020-06-30,Solano,095,438530,1982,1256,6,1262,21
2020-06-30,Sonoma,097,501317,1551,1122,5,1127,6
2020-06-30,Stanislaus,099,539301,4265,2578,7,2585,41
2020-06-30,Sutter,101,95872,246,168,0,168,2
2020-06-30,Tehama,103,63373,104,75,2,77,1
2020-06-30,Trinity,105,12862,19,2,4,6,0
2020-06-30,Tulare,107,460477,5686,4207,11,4218,117
2020-06-30,Tuolumne,109,53932,51,16,2,18,0
2020-06-30,Ventura,111,848112,4548,3030,16,3046,40
2020-06-30,Yolo,113,214977,755,515,3,518,24
2020-06-30,Yuba,115,75493,106,55,0,55,1
2020-06-29,Alameda,001,1643700,7137,5766,8,5774,135
2020-06-29,Alpine,002,1148,1,1,0,1,0
2020-06-29,Amador,005,37829,31,20,0,20,0
2020-06-29,Butte,007,227075,287,157,17,174,2
2020-06-29,Calaveras,009,45235,56,30,0,30,0
2020-06-29,Colusa,011,21464,89,17,0,17,0
2020-06-29,Contra Costa,013,1133247,3982,2976,5,2981,75
2020-06-29,Del Norte,015,27424,59,47,0,47,0
2020-06-29,El Dorado,017,186661,288,163,2,165,0
2020-06-29,Fresno,019,978130,9669,4531,71,4602,74
2020-06-29,Glenn,021,27897,156,77,0,77,0
2020-06-29,Humboldt,023,135768,159,128,0,128,3
2020-06-29,Imperial,025,180216,8077,5512,4,5516,45
2020-06-29,Inyo,027,18085,33,29,0,29,1
2020-06-29,Kern,029,883053,8942,4613,32,4645,73
2020-06-29,Kings,031,150075,2744,2280,5,2285,20
2020-06-29,Lake,033,64148,88,53,0,53,0
2020-06-29,Lassen,035,31185,240,77,2,79,0
2020-06-29,Los Angeles,037,10098052,118382,100846,48,100894,3337
2020-06-29,Madera,039,155013,955,422,3,425,4
2020-06-29,Marin,041,260295,438,1517,4,1521,17
2020-06-29,Mariposa,043,17540,32,25,0,25,1
2020-06-29,Mendocino,045,87422,87,63,0,63,0
2020-06-29,Merced,047,269075,1752,848,1,849,10
2020-06-29,Modoc,049,8938,1,0,0,0,0
2020-06-29,Mono,051,14174,47,35,0,35,1
2020-06-29,Monterey,053,433212,2212,1614,3,1617,14
2020-06-29,Napa,055,140530,465,317,0,317,4
2020-06-29,Nevada,057,99092,155,107,3,110,1
2020-06-29,Orange,059,3164182,23186,13682,198,13880,324
2020-06-29,Placer,061,380077,969,628,3,631,11
2020-06-29,Plumas,063,18699,12,6,0,6,0
2020-06-29,Riverside,065,2383286,23866,17683,26,17709,432
2020-06-29,Sacramento,067,1510023,4307,2985,6,2991,62
2020-06-29,San Benito,069,59416,285,193,0,193,2
2020-06-29,San Bernardino,071,2135413,18905,11643,10,11653,245
2020-06-29,San Diego,073,3302833,17403,13834,2,13836,361
2020-06-29,San Francisco,075,870044,4048,3389,1,3390,50
2020-06-29,San Joaquin,077,732212,5271,3202,3,3205,52
2020-06-29,San Luis Obispo,079,281455,857,544,7,551,1
2020-06-29,San Mateo,081,765935,3683,3170,6,3176,84
2020-06-29,Santa Barbara,083,443738,3769,2933,28,2961,25
2020-06-29,Santa Clara,085,1922200,5886,4231,17,4248,157
2020-06-29,Santa Cruz,087,273765,467,348,0,348,2
2020-06-29,Shasta,089,179085,212,94,1,95,5
2020-06-29,Sierra,091,2930,1,1,0,1,0
2020-06-29,Siskiyou,093,43540,35,25,0,25,0
2020-06-29,Solano,095,438530,1879,1077,6,1083,21
2020-06-29,Sonoma,097,501317,1479,1103,5,1108,5
2020-06-29,Stanislaus,099,539301,4060,2400,6,2406,36
2020-06-29,Sutter,101,95872,224,152,0,152,2
2020-06-29,Tehama,103,63373,100,63,2,65,1
2020-06-29,Trinity,105,12862,18,2,4,6,0
2020-06-29,Tulare,107,460477,5532,3906,10,3916,117
2020-06-29,Tuolumne,109,53932,47,16,2,18,0
2020-06-29,Ventura,111,848112,4401,2794,16,2810,40
2020-06-29,Yolo,113,214977,722,483,3,486,24
2020-06-29,Yuba,115,75493,93,55,0,55,1
2020-06-28,Alameda,001,1643700,6876,5698,8,5706,135
2020-06-28,Alpine,002,1148,1,1,0,1,0
2020-06-28,Amador,005,37829,29,20,0,20,0
2020-06-28,Butte,007,227075,268,150,16,166,2
2020-06-28,Calaveras,009,45235,51,30,0,30,0
2020-06-28,Colusa,011,21464,74,17,0,17,0
2020-06-28,Contra Costa,013,1133247,3792,2803,4,2807,73
2020-06-28,Del Norte,015,27424,58,47,0,47,0
2020-06-28,El Dorado,017,186661,276,162,2,164,0
2020-06-28,Fresno,019,978130,9306,4365,71,4436,74
2020-06-28,Glenn,021,27897,148,77,0,77,0
2020-06-28,Humboldt,023,135768,156,127,0,127,3
2020-06-28,Imperial,025,180216,7886,5513,4,5517,45
2020-06-28,Inyo,027,18085,33,29,0,29,1
2020-06-28,Kern,029,883053,8391,4541,29,4570,72
2020-06-28,Kings,031,150075,2684,2234,5,2239,18
2020-06-28,Lake,033,64148,84,53,0,53,0
2020-06-28,Lassen,035,31185,240,77,2,79,0
2020-06-28,Los Angeles,037,10098052,115178,98003,44,98047,3316
2020-06-28,Madera,039,155013,907,424,3,427,4
2020-06-28,Marin,041,260295,393,1473,4,1477,17
2020-06-28,Mariposa,043,17540,32,24,0,24,1
2020-06-28,Mendocino,045,87422,85,63,0,63,0
2020-06-28,Merced,047,269075,1638,814,1,815,10
2020-06-28,Modoc,049,8938,1,0,0,0,0
2020-06-28,Mono,051,14174,47,35,0,35,1
2020-06-28,Monterey,053,433212,2130,1560,3,1563,13
2020-06-28,Napa,055,140530,431,307,0,307,4
2020-06-28,Nevada,057,99092,144,102,3,105,1
2020-06-28,Orange,059,3164182,22204,13213,180,13393,324
2020-06-28,Placer,061,380077,930,618,3,621,11
2020-06-28,Plumas,063,18699,11,6,0,6,0
2020-06-28,Riverside,065,2383286,23037,16848,25,16873,432
2020-06-28,Sacramento,067,1510023,4079,2803,6,2809,63
2020-06-28,San Benito,069,59416,274,190,0,190,2
2020-06-28,San Bernardino,071,2135413,18153,11344,9,11353,245
2020-06-28,San Diego,073,3302833,16857,13333,2,13335,361
2020-06-28,San Francisco,075,870044,3970,3388,1,3389,50
2020-06-28,San Joaquin,077,732212,4934,3201,3,3204,52
2020-06-28,San Luis Obispo,079,281455,818,531,6,537,1
2020-06-28,San Mateo,081,765935,3606,3124,5,3129,84
2020-06-28,Santa Barbara,083,443738,3624,2872,28,2900,25
2020-06-28,Santa Clara,085,1922200,5724,4131,17,4148,156
2020-06-28,Santa Cruz,087,273765,444,349,0,349,2
2020-06-28,Shasta,089,179085,199,89,0,89,5
2020-06-28,Sierra,091,2930,1,1,0,1,0
2020-06-28,Siskiyou,093,43540,35,25,0,25,0
2020-06-28,Solano,095,438530,1804,1077,6,1083,21
2020-06-28,Sonoma,097,501317,1425,1084,5,1089,5
2020-06-28,Stanislaus,099,539301,3854,2376,6,2382,36
2020-06-28,Sutter,101,95872,198,145,0,145,2
2020-06-28,Tehama,103,63373,93,63,2,65,1
2020-06-28,Trinity,105,12862,17,2,4,6,0
2020-06-28,Tulare,107,460477,5364,3812,10,3822,117
2020-06-28,Tuolumne,109,53932,42,14,2,16,0
2020-06-28,Ventura,111,848112,4243,2650,16,2666,40
2020-06-28,Yolo,113,214977,687,468,3,471,24
2020-06-28,Yuba,115,75493,89,39,0,39,1
2020-06-27,Alameda,001,1643700,6780,5581,8,5589,135
2020-06-27,Alpine,002,1148,1,1,0,1,0
2020-06-27,Amador,005,37829,27,20,0,20,0
2020-06-27,Butte,007,227075,260,137,15,152,2
2020-06-27,Calaveras,009,45235,49,30,0,30,0
2020-06-27,Colusa,011,21464,68,17,0,17,0
2020-06-27,Contra Costa,013,1133247,3698,2717,3,2720,72
2020-06-27,Del Norte,015,27424,58,47,0,47,0
2020-06-27,El Dorado,017,186661,270,159,2,161,0
2020-06-27,Fresno,019,978130,9059,4238,71,4309,74
2020-06-27,Glenn,021,27897,144,77,0,77,0
2020-06-27,Humboldt,023,135768,154,127,0,127,3
2020-06-27,Imperial,025,180216,7825,5513,4,5517,45
2020-06-27,Inyo,027,18085,33,29,0,29,1
2020-06-27,Kern,029,883053,8128,4411,28,4439,70
2020-06-27,Kings,031,150075,2658,2187,5,2192,18
2020-06-27,Lake,033,64148,81,42,0,42,0
2020-06-27,Lassen,035,31185,240,33,2,35,0
2020-06-27,Los Angeles,037,10098052,113436,95341,41,95382,3291
2020-06-27,Madera,039,155013,864,427,2,429,4
2020-06-27,Marin,041,260295,391,1423,4,1427,17
2020-06-27,Mariposa,043,17540,31,22,0,22,1
2020-06-27,Mendocino,045,87422,85,63,0,63,0
2020-06-27,Merced,047,269075,1578,807,0,807,10
2020-06-27,Modoc,049,8938,1,0,0,0,0
2020-06-27,Mono,051,14174,46,35,0,35,1
2020-06-27,Monterey,053,433212,2066,1455,3,1458,12
2020-06-27,Napa,055,140530,421,282,0,282,3
2020-06-27,Nevada,057,99092,140,102,2,104,1
2020-06-27,Orange,059,3164182,21693,12951,175,13126,320
2020-06-27,Placer,061,380077,909,584,3,587,10
2020-06-27,Plumas,063,18699,11,6,0,6,0
2020-06-27,Riverside,065,2383286,22647,16209,25,16234,432
2020-06-27,Sacramento,067,1510023,3962,2685,6,2691,63
2020-06-27,San Benito,069,59416,267,182,0,182,2
2020-06-27,San Bernardino,071,2135413,17778,11238,9,11247,243
2020-06-27,San Diego,073,3302833,16492,12836,2,12838,360
2020-06-27,San Francisco,075,870044,3915,3332,1,3333,49
2020-06-27,San Joaquin,077,732212,4768,2995,3,2998,52
2020-06-27,San Luis Obispo,079,281455,795,505,6,511,1
2020-06-27,San Mateo,081,765935,3549,3083,5,3088,83
2020-06-27,Santa Barbara,083,443738,3552,2799,28,2827,25
2020-06-27,Santa Clara,085,1922200,5618,4006,17,4023,157
2020-06-27,Santa Cruz,087,273765,437,347,0,347,2
2020-06-27,Shasta,089,179085,193,87,0,87,5
2020-06-27,Sierra,091,2930,1,1,0,1,0
2020-06-27,Siskiyou,093,43540,35,25,0,25,0
2020-06-27,Solano,095,438530,1771,1076,6,1082,21
2020-06-27,Sonoma,097,501317,1392,1004,5,1009,5
2020-06-27,Stanislaus,099,539301,3754,2164,6,2170,36
2020-06-27,Sutter,101,95872,191,141,0,141,2
2020-06-27,Tehama,103,63373,90,63,2,65,1
2020-06-27,Trinity,105,12862,17,2,4,6,0
2020-06-27,Tulare,107,460477,5267,3810,10,3820,117
2020-06-27,Tuolumne,109,53932,41,13,2,15,0
2020-06-27,Ventura,111,848112,4144,2471,16,2487,40
2020-06-27,Yolo,113,214977,663,432,3,435,24
2020-06-27,Yuba,115,75493,81,39,0,39,1
2020-06-26,Alameda,001,1643700,6694,5502,7,5509,132
2020-06-26,Alpine,002,1148,1,1,0,1,0
2020-06-26,Amador,005,37829,26,20,0,20,0
2020-06-26,Butte,007,227075,245,135,15,150,2
2020-06-26,Calaveras,009,45235,47,30,0,30,0
2020-06-26,Colusa,011,21464,63,17,0,17,0
2020-06-26,Contra Costa,013,1133247,3585,2676,3,2679,72
2020-06-26,Del Norte,015,27424,57,47,0,47,0
2020-06-26,El Dorado,017,186661,262,159,2,161,0
2020-06-26,Fresno,019,978130,8834,4166,71,4237,74
2020-06-26,Glenn,021,27897,137,71,0,71,0
2020-06-26,Humboldt,023,135768,152,126,0,126,3
2020-06-26,Imperial,025,180216,7762,5400,4,5404,44
2020-06-26,Inyo,027,18085,32,29,0,29,1
2020-06-26,Kern,029,883053,7798,4366,28,4394,70
2020-06-26,Kings,031,150075,2626,2176,4,2180,18
2020-06-26,Lake,033,64148,80,42,0,42,0
2020-06-26,Lassen,035,31185,239,30,2,32,0
2020-06-26,Los Angeles,037,10098052,111273,93328,41,93369,3275
2020-06-26,Madera,039,155013,832,409,2,411,4
2020-06-26,Marin,041,260295,390,1406,4,1410,17
2020-06-26,Mariposa,043,17540,30,21,0,21,1
2020-06-26,Mendocino,045,87422,82,63,0,63,0
2020-06-26,Merced,047,269075,1531,797,0,797,10
2020-06-26,Modoc,049,8938,1,0,0,0,0
2020-06-26,Mono,051,14174,45,35,0,35,1
2020-06-26,Monterey,053,433212,2014,1449,3,1452,12
2020-06-26,Napa,055,140530,411,277,0,277,3
2020-06-26,Nevada,057,99092,136,101,1,102,1
2020-06-26,Orange,059,3164182,21014,12659,172,12831,320
2020-06-26,Placer,061,380077,880,584,3,587,10
2020-06-26,Plumas,063,18699,11,6,0,6,0
2020-06-26,Riverside,065,2383286,22184,15858,25,15883,430
2020-06-26,Sacramento,067,1510023,3797,2687,6,2693,63
2020-06-26,San Benito,069,59416,263,176,0,176,2
2020-06-26,San Bernardino,071,2135413,17400,11111,9,11120,243
2020-06-26,San Diego,073,3302833,16127,12402,2,12404,358
2020-06-26,San Francisco,075,870044,3860,3330,1,3331,49
2020-06-26,San Joaquin,077,732212,4554,2943,3,2946,52
2020-06-26,San Luis Obispo,079,281455,780,498,6,504,1
2020-06-26,San Mateo,081,765935,3497,3055,5,3060,83
2020-06-26,Santa Barbara,083,443738,3462,2784,26,2810,25
2020-06-26,Santa Clara,085,1922200,5518,3968,17,3985,156
2020-06-26,Santa Cruz,087,273765,430,344,0,344,2
2020-06-26,Shasta,089,179085,186,86,0,86,5
2020-06-26,Sierra,091,2930,1,1,0,1,0
2020-06-26,Siskiyou,093,43540,34,24,0,24,0
2020-06-26,Solano,095,438530,1729,1068,6,1074,21
2020-06-26,Sonoma,097,501317,1361,977,5,982,5
2020-06-26,Stanislaus,099,539301,3641,2157,6,2163,36
2020-06-26,Sutter,101,95872,184,138,0,138,2
2020-06-26,Tehama,103,63373,87,63,2,65,1
2020-06-26,Trinity,105,12862,17,2,4,6,0
2020-06-26,Tulare,107,460477,5178,3720,10,3730,117
2020-06-26,Tuolumne,109,53932,39,10,2,12,0
2020-06-26,Ventura,111,848112,4058,2444,16,2460,40
2020-06-26,Yolo,113,214977,640,418,3,421,24
2020-06-26,Yuba,115,75493,75,38,0,38,1
2020-06-25,Alameda,001,1643700,6505,5398,7,5405,130
2020-06-25,Alpine,002,1148,1,1,0,1,0
2020-06-25,Amador,005,37829,25,18,0,18,0
2020-06-25,Butte,007,227075,240,127,15,142,1
2020-06-25,Calaveras,009,45235,42,26,0,26,0
2020-06-25,Colusa,011,21464,53,14,0,14,0
2020-06-25,Contra Costa,013,1133247,3399,2591,3,2594,71
2020-06-25,Del Norte,015,27424,55,47,0,47,0
2020-06-25,El Dorado,017,186661,254,150,2,152,0
2020-06-25,Fresno,019,978130,8521,3938,70,4008,71
2020-06-25,Glenn,021,27897,132,59,0,59,0
2020-06-25,Humboldt,023,135768,151,121,0,121,3
2020-06-25,Imperial,025,180216,7633,5192,4,5196,44
2020-06-25,Inyo,027,18085,29,27,0,27,1
2020-06-25,Kern,029,883053,7374,4236,25,4261,69
2020-06-25,Kings,031,150075,2574,2110,4,2114,17
2020-06-25,Lake,033,64148,79,42,0,42,0
2020-06-25,Lassen,035,31185,233,13,2,15,0
2020-06-25,Los Angeles,037,10098052,108505,91524,41,91565,3239
2020-06-25,Madera,039,155013,788,380,2,382,4
2020-06-25,Marin,041,260295,387,1321,4,1325,17
2020-06-25,Mariposa,043,17540,29,20,0,20,1
2020-06-25,Mendocino,045,87422,79,61,0,61,0
2020-06-25,Merced,047,269075,1443,747,0,747,10
2020-06-25,Modoc,049,8938,1,0,0,0,0
2020-06-25,Mono,051,14174,44,35,0,35,1
2020-06-25,Monterey,053,433212,1926,1426,3,1429,12
2020-06-25,Napa,055,140530,393,260,0,260,3
2020-06-25,Nevada,057,99092,128,92,1,93,1
2020-06-25,Orange,059,3164182,20087,12221,170,12391,311
2020-06-25,Placer,061,380077,826,574,3,577,10
2020-06-25,Plumas,063,18699,10,6,0,6,0
2020-06-25,Riverside,065,2383286,21429,15224,25,15249,427
2020-06-25,Sacramento,067,1510023,3574,2519,6,2525,62
2020-06-25,San Benito,069,59416,255,174,0,174,2
2020-06-25,San Bernardino,071,2135413,16649,10590,9,10599,242
2020-06-25,San Diego,073,3302833,15588,11963,2,11965,352
2020-06-25,San Francisco,075,870044,3794,3252,1,3253,48
2020-06-25,San Joaquin,077,732212,4282,2803,3,2806,50
2020-06-25,San Luis Obispo,079,281455,748,473,6,479,1
2020-06-25,San Mateo,081,765935,3429,2996,4,3000,82
2020-06-25,Santa Barbara,083,443738,3357,2622,25,2647,25
2020-06-25,Santa Clara,085,1922200,5368,3871,17,3888,156
2020-06-25,Santa Cruz,087,273765,418,335,0,335,2
2020-06-25,Shasta,089,179085,176,84,0,84,5
2020-06-25,Sierra,091,2930,1,1,0,1,0
2020-06-25,Siskiyou,093,43540,33,24,0,24,0
2020-06-25,Solano,095,438530,1675,1034,6,1040,21
2020-06-25,Sonoma,097,501317,1312,953,4,957,5
2020-06-25,Stanislaus,099,539301,3429,2130,6,2136,36
2020-06-25,Sutter,101,95872,172,126,0,126,2
2020-06-25,Tehama,103,63373,83,59,2,61,1
2020-06-25,Trinity,105,12862,17,2,4,6,0
2020-06-25,Tulare,107,460477,5047,3656,10,3666,117
2020-06-25,Tuolumne,109,53932,38,10,1,11,0
2020-06-25,Ventura,111,848112,3876,2346,15,2361,40
2020-06-25,Yolo,113,214977,611,397,3,400,24
2020-06-25,Yuba,115,75493,64,38,0,38,1
2020-06-24,Alameda,001,1643700,6343,5242,7,5249,123
2020-06-24,Alpine,002,1148,1,1,0,1,0
2020-06-24,Amador,005,37829,23,16,0,16,0
2020-06-24,Butte,007,227075,224,119,14,133,1
2020-06-24,Calaveras,009,45235,40,26,0,26,0
2020-06-24,Colusa,011,21464,44,11,0,11,0
2020-06-24,Contra Costa,013,1133247,3244,2520,3,2523,66
2020-06-24,Del Norte,015,27424,49,47,0,47,0
2020-06-24,El Dorado,017,186661,238,149,2,151,0
2020-06-24,Fresno,019,978130,8190,3765,70,3835,71
2020-06-24,Glenn,021,27897,124,54,0,54,0
2020-06-24,Humboldt,023,135768,151,117,0,117,3
2020-06-24,Imperial,025,180216,7515,5138,4,5142,38
2020-06-24,Inyo,027,18085,29,28,0,28,1
2020-06-24,Kern,029,883053,6981,4155,23,4178,67
2020-06-24,Kings,031,150075,2510,2063,4,2067,16
2020-06-24,Lake,033,64148,66,40,0,40,0
2020-06-24,Lassen,035,31185,232,9,2,11,0
2020-06-24,Los Angeles,037,10098052,105745,89566,41,89607,3186
2020-06-24,Madera,039,155013,766,373,2,375,4
2020-06-24,Marin,041,260295,343,1261,4,1265,17
2020-06-24,Mariposa,043,17540,28,19,0,19,1
2020-06-24,Mendocino,045,87422,79,60,0,60,0
2020-06-24,Merced,047,269075,1356,696,0,696,8
2020-06-24,Modoc,049,8938,1,0,0,0,0
2020-06-24,Mono,051,14174,42,35,0,35,1
2020-06-24,Monterey,053,433212,1850,1407,3,1410,12
2020-06-24,Napa,055,140530,376,258,0,258,3
2020-06-24,Nevada,057,99092,122,92,1,93,1
2020-06-24,Orange,059,3164182,19089,11804,152,11956,303
2020-06-24,Placer,061,380077,787,548,3,551,10
2020-06-24,Plumas,063,18699,10,6,0,6,0
2020-06-24,Riverside,065,2383286,20581,14946,25,14971,410
2020-06-24,Sacramento,067,1510023,3370,2446,5,2451,62
2020-06-24,San Benito,069,59416,251,171,0,171,2
2020-06-24,San Bernardino,071,2135413,15835,10211,9,10220,239
2020-06-24,San Diego,073,3302833,15085,11628,2,11630,347
2020-06-24,San Francisco,075,870044,3731,3216,1,3217,48
2020-06-24,San Joaquin,077,732212,4061,2680,3,2683,49
2020-06-24,San Luis Obispo,079,281455,717,461,5,466,1
2020-06-24,San Mateo,081,765935,3372,2964,4,2968,82
2020-06-24,Santa Barbara,083,443738,3238,2569,23,2592,22
2020-06-24,Santa Clara,085,1922200,5237,3812,17,3829,155
2020-06-24,Santa Cruz,087,273765,406,329,0,329,2
2020-06-24,Shasta,089,179085,168,83,0,83,5
2020-06-24,Sierra,091,2930,1,1,0,1,0
2020-06-24,Siskiyou,093,43540,32,24,0,24,0
2020-06-24,Solano,095,438530,1586,979,5,984,21
2020-06-24,Sonoma,097,501317,1263,933,4,937,4
2020-06-24,Stanislaus,099,539301,3250,2039,6,2045,36
2020-06-24,Sutter,101,95872,159,118,0,118,2
2020-06-24,Tehama,103,63373,81,55,2,57,1
2020-06-24,Trinity,105,12862,16,2,3,5,0
2020-06-24,Tulare,107,460477,4892,3541,10,3551,116
2020-06-24,Tuolumne,109,53932,33,9,1,10,0
2020-06-24,Ventura,111,848112,3535,2314,15,2329,42
2020-06-24,Yolo,113,214977,576,376,3,379,24
2020-06-24,Yuba,115,75493,58,37,0,37,1
2020-06-23,Alameda,001,1643700,6163,5159,7,5166,121
2020-06-23,Alpine,002,1148,1,1,0,1,0
2020-06-23,Amador,005,37829,22,13,0,13,0
2020-06-23,Butte,007,227075,206,111,14,125,1
2020-06-23,Calaveras,009,45235,40,26,0,26,0
2020-06-23,Colusa,011,21464,40,7,0,7,0
2020-06-23,Contra Costa,013,1133247,3117,2453,3,2456,60
2020-06-23,Del Norte,015,27424,48,46,0,46,0
2020-06-23,El Dorado,017,186661,229,142,2,144,0
2020-06-23,Fresno,019,978130,7541,3569,68,3637,67
2020-06-23,Glenn,021,27897,120,47,0,47,0
2020-06-23,Humboldt,023,135768,151,110,0,110,3
2020-06-23,Imperial,025,180216,7351,5025,4,5029,38
2020-06-23,Inyo,027,18085,29,26,0,26,1
2020-06-23,Kern,029,883053,6614,4087,20,4107,64
2020-06-23,Kings,031,150075,2445,1727,4,1731,16
2020-06-23,Lake,033,64148,60,40,0,40,0
2020-06-23,Lassen,035,31185,228,9,2,11,0
2020-06-23,Los Angeles,037,10098052,102801,88433,40,88473,3152
2020-06-23,Madera,039,155013,727,369,2,371,4
2020-06-23,Marin,041,260295,329,1139,4,1143,17
2020-06-23,Mariposa,043,17540,26,18,0,18,1
2020-06-23,Mendocino,045,87422,78,61,0,61,0
2020-06-23,Merced,047,269075,1260,656,0,656,8
2020-06-23,Modoc,049,8938,1,0,0,0,0
2020-06-23,Mono,051,14174,42,35,0,35,1
2020-06-23,Monterey,053,433212,1780,1346,3,1349,12
2020-06-23,Napa,055,140530,361,230,0,230,3
2020-06-23,Nevada,057,99092,116,81,1,82,1
2020-06-23,Orange,059,3164182,18112,11071,149,11220,278
2020-06-23,Placer,061,380077,761,525,3,528,10
2020-06-23,Plumas,063,18699,9,6,0,6,0
2020-06-23,Riverside,065,2383286,19562,14469,25,14494,406
2020-06-23,Sacramento,067,1510023,3191,2374,5,2379,62
2020-06-23,San Benito,069,59416,237,167,0,167,2
2020-06-23,San Bernardino,071,2135413,15053,9771,9,9780,229
2020-06-23,San Diego,073,3302833,14565,11296,2,11298,341
2020-06-23,San Francisco,075,870044,3658,3177,1,3178,48
2020-06-23,San Joaquin,077,732212,3802,2502,3,2505,48
2020-06-23,San Luis Obispo,079,281455,686,445,5,450,1
2020-06-23,San Mateo,081,765935,3307,2907,4,2911,81
2020-06-23,Santa Barbara,083,443738,3143,2498,23,2521,22
2020-06-23,Santa Clara,085,1922200,5092,3700,17,3717,155
2020-06-23,Santa Cruz,087,273765,396,313,0,313,2
2020-06-23,Shasta,089,179085,159,81,0,81,5
2020-06-23,Sierra,091,2930,1,1,0,1,0
2020-06-23,Siskiyou,093,43540,30,24,0,24,0
2020-06-23,Solano,095,438530,1528,941,4,945,21
2020-06-23,Sonoma,097,501317,1210,912,4,916,4
2020-06-23,Stanislaus,099,539301,3073,1850,6,1856,35
2020-06-23,Sutter,101,95872,149,112,0,112,2
2020-06-23,Tehama,103,63373,79,50,2,52,1
2020-06-23,Trinity,105,12862,16,2,3,5,0
2020-06-23,Tulare,107,460477,4770,3456,10,3466,111
2020-06-23,Tuolumne,109,53932,28,9,0,9,0
2020-06-23,Ventura,111,848112,3375,2209,14,2223,40
2020-06-23,Yolo,113,214977,549,350,0,350,24
2020-06-23,Yuba,115,75493,55,35,0,35,1
2020-06-22,Alameda,001,1643700,6012,4944,7,4951,121
2020-06-22,Alpine,002,1148,1,1,0,1,0
2020-06-22,Amador,005,37829,19,12,0,12,0
2020-06-22,Butte,007,227075,187,104,14,118,1
2020-06-22,Calaveras,009,45235,38,20,0,20,0
2020-06-22,Colusa,011,21464,37,7,0,7,0
2020-06-22,Contra Costa,013,1133247,2976,2363,3,2366,60
2020-06-22,Del Norte,015,27424,48,46,0,46,0
2020-06-22,El Dorado,017,186661,220,137,2,139,0
2020-06-22,Fresno,019,978130,7010,3425,68,3493,67
2020-06-22,Glenn,021,27897,111,40,0,40,0
2020-06-22,Humboldt,023,135768,148,110,0,110,3
2020-06-22,Imperial,025,180216,7190,4700,4,4704,38
2020-06-22,Inyo,027,18085,29,26,0,26,1
2020-06-22,Kern,029,883053,6262,3982,18,4000,60
2020-06-22,Kings,031,150075,2396,1513,4,1517,13
2020-06-22,Lake,033,64148,54,37,0,37,0
2020-06-22,Lassen,035,31185,118,7,2,9,0
2020-06-22,Los Angeles,037,10098052,99902,85925,39,85964,3117
2020-06-22,Madera,039,155013,702,333,2,335,4
2020-06-22,Marin,041,260295,324,1029,4,1033,17
2020-06-22,Mariposa,043,17540,25,18,0,18,1
2020-06-22,Mendocino,045,87422,73,48,0,48,0
2020-06-22,Merced,047,269075,1171,619,0,619,8
2020-06-22,Modoc,049,8938,1,0,0,0,0
2020-06-22,Mono,051,14174,42,34,0,34,1
2020-06-22,Monterey,053,433212,1719,1293,3,1296,12
2020-06-22,Napa,055,140530,337,222,0,222,3
2020-06-22,Nevada,057,99092,111,79,1,80,1
2020-06-22,Orange,059,3164182,17176,10711,146,10857,275
2020-06-22,Placer,061,380077,735,512,3,515,9
2020-06-22,Plumas,063,18699,7,6,0,6,0
2020-06-22,Riverside,065,2383286,18590,13948,25,13973,403
2020-06-22,Sacramento,067,1510023,2975,2243,4,2247,62
2020-06-22,San Benito,069,59416,228,164,0,164,2
2020-06-22,San Bernardino,071,2135413,14280,9133,9,9142,229
2020-06-22,San Diego,073,3302833,14073,11098,2,11100,338
2020-06-22,San Francisco,075,870044,3565,3000,1,3001,47
2020-06-22,San Joaquin,077,732212,3554,2332,3,2335,48
2020-06-22,San Luis Obispo,079,281455,653,422,5,427,1
2020-06-22,San Mateo,081,765935,3233,2813,3,2816,81
2020-06-22,Santa Barbara,083,443738,3051,2447,23,2470,21
2020-06-22,Santa Clara,085,1922200,4930,3580,17,3597,155
2020-06-22,Santa Cruz,087,273765,383,290,0,290,3
2020-06-22,Shasta,089,179085,156,77,0,77,5
2020-06-22,Sierra,091,2930,1,1,0,1,0
2020-06-22,Siskiyou,093,43540,30,23,0,23,0
2020-06-22,Solano,095,438530,1450,784,3,787,21
2020-06-22,Sonoma,097,501317,1166,860,2,862,4
2020-06-22,Stanislaus,099,539301,2888,1784,6,1790,35
2020-06-22,Sutter,101,95872,140,100,0,100,2
2020-06-22,Tehama,103,63373,75,38,2,40,1
2020-06-22,Trinity,105,12862,16,2,3,5,0
2020-06-22,Tulare,107,460477,4633,3185,10,3195,111
2020-06-22,Tuolumne,109,53932,19,8,0,8,0
2020-06-22,Ventura,111,848112,3227,2065,14,2079,39
2020-06-22,Yolo,113,214977,523,333,0,333,24
2020-06-22,Yuba,115,75493,50,36,0,36,1
2020-06-21,Alameda,001,1643700,5818,4835,7,4842,121
2020-06-21,Alpine,002,1148,1,1,0,1,0
2020-06-21,Amador,005,37829,14,12,0,12,0
2020-06-21,Butte,007,227075,173,97,14,111,1
2020-06-21,Calaveras,009,45235,38,20,0,20,0
2020-06-21,Colusa,011,21464,29,7,0,7,0
2020-06-21,Contra Costa,013,1133247,2849,2282,3,2285,60
2020-06-21,Del Norte,015,27424,47,46,0,46,0
2020-06-21,El Dorado,017,186661,211,132,2,134,0
2020-06-21,Fresno,019,978130,6439,3296,67,3363,67
2020-06-21,Glenn,021,27897,102,40,0,40,0
2020-06-21,Humboldt,023,135768,143,108,0,108,3
2020-06-21,Imperial,025,180216,7007,4701,4,4705,38
2020-06-21,Inyo,027,18085,27,26,0,26,1
2020-06-21,Kern,029,883053,5970,3918,16,3934,60
2020-06-21,Kings,031,150075,2332,1334,4,1338,11
2020-06-21,Lake,033,64148,49,36,0,36,0
2020-06-21,Lassen,035,31185,25,7,2,9,0
2020-06-21,Los Angeles,037,10098052,97011,83383,38,83421,3101
2020-06-21,Madera,039,155013,668,319,2,321,4
2020-06-21,Marin,041,260295,298,907,4,911,17
2020-06-21,Mariposa,043,17540,22,18,0,18,1
2020-06-21,Mendocino,045,87422,70,48,0,48,0
2020-06-21,Merced,047,269075,1075,577,0,577,8
2020-06-21,Modoc,049,8938,1,0,0,0,0
2020-06-21,Mono,051,14174,42,34,0,34,1
2020-06-21,Monterey,053,433212,1646,1227,3,1230,12
2020-06-21,Napa,055,140530,322,218,0,218,3
2020-06-21,Nevada,057,99092,108,79,1,80,1
2020-06-21,Orange,059,3164182,16338,10563,143,10706,275
2020-06-21,Placer,061,380077,695,498,3,501,9
2020-06-21,Plumas,063,18699,7,6,0,6,0
2020-06-21,Riverside,065,2383286,17883,13528,24,13552,402
2020-06-21,Sacramento,067,1510023,2774,2156,3,2159,62
2020-06-21,San Benito,069,59416,214,151,0,151,2
2020-06-21,San Bernardino,071,2135413,13505,8925,8,8933,229
2020-06-21,San Diego,073,3302833,13527,10796,2,10798,338
2020-06-21,San Francisco,075,870044,3459,3000,1,3001,47
2020-06-21,San Joaquin,077,732212,3318,2188,3,2191,48
2020-06-21,San Luis Obispo,079,281455,627,418,5,423,1
2020-06-21,San Mateo,081,765935,3175,2781,3,2784,81
2020-06-21,Santa Barbara,083,443738,2944,2430,22,2452,21
2020-06-21,Santa Clara,085,1922200,4793,3514,17,3531,154
2020-06-21,Santa Cruz,087,273765,373,290,0,290,3
2020-06-21,Shasta,089,179085,146,75,0,75,5
2020-06-21,Sierra,091,2930,1,1,0,1,0
2020-06-21,Siskiyou,093,43540,30,23,0,23,0
2020-06-21,Solano,095,438530,1348,783,3,786,21
2020-06-21,Sonoma,097,501317,1116,836,2,838,4
2020-06-21,Stanislaus,099,539301,2702,1688,6,1694,35
2020-06-21,Sutter,101,95872,132,96,0,96,2
2020-06-21,Tehama,103,63373,64,35,2,37,1
2020-06-21,Trinity,105,12862,15,2,3,5,0
2020-06-21,Tulare,107,460477,4464,3173,10,3183,111
2020-06-21,Tuolumne,109,53932,17,8,0,8,0
2020-06-21,Ventura,111,848112,3049,2021,14,2035,39
2020-06-21,Yolo,113,214977,491,323,0,323,24
2020-06-21,Yuba,115,75493,46,35,0,35,1
2020-06-20,Alameda,001,1643700,5757,4758,7,4765,119
2020-06-20,Alpine,002,1148,1,1,0,1,0
2020-06-20,Amador,005,37829,14,12,0,12,0
2020-06-20,Butte,007,227075,166,94,14,108,1
2020-06-20,Calaveras,009,45235,38,20,0,20,0
2020-06-20,Colusa,011,21464,26,7,0,7,0
2020-06-20,Contra Costa,013,1133247,2790,2231,3,2234,54
2020-06-20,Del Norte,015,27424,47,46,0,46,0
2020-06-20,El Dorado,017,186661,206,130,2,132,0
2020-06-20,Fresno,019,978130,6314,3222,64,3286,67
2020-06-20,Glenn,021,27897,97,40,0,40,0
2020-06-20,Humboldt,023,135768,143,108,0,108,3
2020-06-20,Imperial,025,180216,6927,4616,4,4620,37
2020-06-20,Inyo,027,18085,27,26,0,26,1
2020-06-20,Kern,029,883053,5805,3836,16,3852,59
2020-06-20,Kings,031,150075,2308,1331,4,1335,9
2020-06-20,Lake,033,64148,49,37,0,37,0
2020-06-20,Lassen,035,31185,24,7,2,9,0
2020-06-20,Los Angeles,037,10098052,95437,81604,37,81641,3093
2020-06-20,Madera,039,155013,635,321,2,323,4
2020-06-20,Marin,041,260295,298,879,4,883,17
2020-06-20,Mariposa,043,17540,22,18,0,18,1
2020-06-20,Mendocino,045,87422,69,48,0,48,0
2020-06-20,Merced,047,269075,1037,566,0,566,8
2020-06-20,Modoc,049,8938,1,0,0,0,0
2020-06-20,Mono,051,14174,42,34,0,34,1
2020-06-20,Monterey,053,433212,1610,1181,3,1184,12
2020-06-20,Napa,055,140530,313,212,0,212,3
2020-06-20,Nevada,057,99092,105,73,1,74,1
2020-06-20,Orange,059,3164182,15987,10284,139,10423,273
2020-06-20,Placer,061,380077,670,483,3,486,9
2020-06-20,Plumas,063,18699,6,6,0,6,0
2020-06-20,Riverside,065,2383286,17583,13021,24,13045,402
2020-06-20,Sacramento,067,1510023,2703,2069,3,2072,63
2020-06-20,San Benito,069,59416,210,139,0,139,2
2020-06-20,San Bernardino,071,2135413,13141,8718,8,8726,229
2020-06-20,San Diego,073,3302833,13204,10486,2,10488,338
2020-06-20,San Francisco,075,870044,3415,2999,1,3000,47
2020-06-20,San Joaquin,077,732212,3236,2046,3,2049,48
2020-06-20,San Luis Obispo,079,281455,613,405,5,410,1
2020-06-20,San Mateo,081,765935,3127,2755,3,2758,81
2020-06-20,Santa Barbara,083,443738,2887,2358,21,2379,21
2020-06-20,Santa Clara,085,1922200,4719,3435,17,3452,154
2020-06-20,Santa Cruz,087,273765,371,287,0,287,3
2020-06-20,Shasta,089,179085,140,66,0,66,5
2020-06-20,Sierra,091,2930,1,1,0,1,0
2020-06-20,Siskiyou,093,43540,29,22,0,22,0
2020-06-20,Solano,095,438530,1324,784,3,787,21
2020-06-20,Sonoma,097,501317,1080,806,2,808,4
2020-06-20,Stanislaus,099,539301,2594,1598,6,1604,35
2020-06-20,Sutter,101,95872,130,89,0,89,2
2020-06-20,Tehama,103,63373,62,35,2,37,1
2020-06-20,Trinity,105,12862,15,2,3,5,0
2020-06-20,Tulare,107,460477,4391,3172,10,3182,111
2020-06-20,Tuolumne,109,53932,14,8,0,8,0
2020-06-20,Ventura,111,848112,2983,1946,14,1960,37
2020-06-20,Yolo,113,214977,475,309,0,309,24
2020-06-20,Yuba,115,75493,44,34,0,34,1
2020-06-19,Alameda,001,1643700,5684,4646,7,4653,119
2020-06-19,Alpine,002,1148,1,1,0,1,0
2020-06-19,Amador,005,37829,14,12,0,12,0
2020-06-19,Butte,007,227075,161,91,14,105,1
2020-06-19,Calaveras,009,45235,37,20,0,20,0
2020-06-19,Colusa,011,21464,24,7,0,7,0
2020-06-19,Contra Costa,013,1133247,2710,2106,3,2109,54
2020-06-19,Del Norte,015,27424,47,46,0,46,0
2020-06-19,El Dorado,017,186661,198,124,2,126,0
2020-06-19,Fresno,019,978130,6151,3109,63,3172,61
2020-06-19,Glenn,021,27897,91,40,0,40,0
2020-06-19,Humboldt,023,135768,141,106,0,106,3
2020-06-19,Imperial,025,180216,6835,4504,4,4508,36
2020-06-19,Inyo,027,18085,27,26,0,26,1
2020-06-19,Kern,029,883053,5582,3742,15,3757,57
2020-06-19,Kings,031,150075,2287,1285,4,1289,9
2020-06-19,Lake,033,64148,46,36,0,36,0
2020-06-19,Lassen,035,31185,23,7,2,9,0
2020-06-19,Los Angeles,037,10098052,93448,79572,36,79608,3047
2020-06-19,Madera,039,155013,616,300,2,302,4
2020-06-19,Marin,041,260295,298,829,4,833,17
2020-06-19,Mariposa,043,17540,21,18,0,18,1
2020-06-19,Mendocino,045,87422,68,48,0,48,0
2020-06-19,Merced,047,269075,992,529,0,529,8
2020-06-19,Modoc,049,8938,1,0,0,0,0
2020-06-19,Mono,051,14174,42,34,0,34,1
2020-06-19,Monterey,053,433212,1581,1159,3,1162,12
2020-06-19,Napa,055,140530,303,209,0,209,3
2020-06-19,Nevada,057,99092,102,71,1,72,1
2020-06-19,Orange,059,3164182,15453,9972,132,10104,260
2020-06-19,Placer,061,380077,652,464,3,467,9
2020-06-19,Plumas,063,18699,6,5,0,5,0
2020-06-19,Riverside,065,2383286,17178,12710,24,12734,398
2020-06-19,Sacramento,067,1510023,2620,1976,3,1979,64
2020-06-19,San Benito,069,59416,209,136,0,136,2
2020-06-19,San Bernardino,071,2135413,12736,8454,7,8461,226
2020-06-19,San Diego,073,3302833,12841,10352,2,10354,332
2020-06-19,San Francisco,075,870044,3360,2968,1,2969,47
2020-06-19,San Joaquin,077,732212,3113,1969,3,1972,48
2020-06-19,San Luis Obispo,079,281455,597,392,5,397,1
2020-06-19,San Mateo,081,765935,3088,2713,3,2716,81
2020-06-19,Santa Barbara,083,443738,2814,2284,19,2303,21
2020-06-19,Santa Clara,085,1922200,4646,3376,17,3393,154
2020-06-19,Santa Cruz,087,273765,361,283,0,283,3
2020-06-19,Shasta,089,179085,137,58,0,58,5
2020-06-19,Sierra,091,2930,1,1,0,1,0
2020-06-19,Siskiyou,093,43540,29,21,0,21,0
2020-06-19,Solano,095,438530,1286,755,3,758,21
2020-06-19,Sonoma,097,501317,1053,803,2,805,4
2020-06-19,Stanislaus,099,539301,2484,1549,6,1555,35
2020-06-19,Sutter,101,95872,129,89,0,89,2
2020-06-19,Tehama,103,63373,61,35,2,37,1
2020-06-19,Trinity,105,12862,15,2,3,5,0
2020-06-19,Tulare,107,460477,4321,3053,10,3063,107
2020-06-19,Tuolumne,109,53932,13,8,0,8,0
2020-06-19,Ventura,111,848112,2899,1865,14,1879,37
2020-06-19,Yolo,113,214977,456,303,0,303,24
2020-06-19,Yuba,115,75493,43,33,0,33,1
2020-06-18,Alameda,001,1643700,5555,4589,7,4596,118
2020-06-18,Alpine,002,1148,1,1,0,1,0
2020-06-18,Amador,005,37829,13,12,0,12,0
2020-06-18,Butte,007,227075,156,88,14,102,1
2020-06-18,Calaveras,009,45235,37,20,0,20,0
2020-06-18,Colusa,011,21464,20,7,0,7,0
2020-06-18,Contra Costa,013,1133247,2603,2072,3,2075,53
2020-06-18,Del Norte,015,27424,47,46,0,46,0
2020-06-18,El Dorado,017,186661,194,121,2,123,0
2020-06-18,Fresno,019,978130,5885,2947,62,3009,57
2020-06-18,Glenn,021,27897,82,35,0,35,0
2020-06-18,Humboldt,023,135768,140,106,0,106,3
2020-06-18,Imperial,025,180216,6685,4366,4,4370,36
2020-06-18,Inyo,027,18085,26,25,0,25,1
2020-06-18,Kern,029,883053,5364,3634,14,3648,57
2020-06-18,Kings,031,150075,2228,1141,4,1145,8
2020-06-18,Lake,033,64148,45,36,0,36,0
2020-06-18,Lassen,035,31185,22,5,2,7,0
2020-06-18,Los Angeles,037,10098052,91178,78244,36,78280,3009
2020-06-18,Madera,039,155013,581,288,2,290,4
2020-06-18,Marin,041,260295,296,819,4,823,17
2020-06-18,Mariposa,043,17540,19,18,0,18,1
2020-06-18,Mendocino,045,87422,64,45,0,45,0
2020-06-18,Merced,047,269075,941,486,0,486,7
2020-06-18,Modoc,049,8938,1,0,0,0,0
2020-06-18,Mono,051,14174,42,34,0,34,1
2020-06-18,Monterey,053,433212,1513,1127,3,1130,12
2020-06-18,Napa,055,140530,288,205,0,205,3
2020-06-18,Nevada,057,99092,98,68,1,69,1
2020-06-18,Orange,059,3164182,14796,9597,113,9710,255
2020-06-18,Placer,061,380077,629,457,3,460,9
2020-06-18,Plumas,063,18699,6,5,0,5,0
2020-06-18,Riverside,065,2383286,16561,12410,24,12434,392
2020-06-18,Sacramento,067,1510023,2504,1938,3,1941,63
2020-06-18,San Benito,069,59416,203,134,0,134,2
2020-06-18,San Bernardino,071,2135413,12096,8141,7,8148,226
2020-06-18,San Diego,073,3302833,12419,10094,2,10096,331
2020-06-18,San Francisco,075,870044,3311,2951,1,2952,47
2020-06-18,San Joaquin,077,732212,2961,1908,3,1911,47
2020-06-18,San Luis Obispo,079,281455,576,378,5,383,1
2020-06-18,San Mateo,081,765935,3049,2674,3,2677,78
2020-06-18,Santa Barbara,083,443738,2740,2201,19,2220,19
2020-06-18,Santa Clara,085,1922200,4543,3338,17,3355,152
2020-06-18,Santa Cruz,087,273765,344,275,0,275,3
2020-06-18,Shasta,089,179085,126,51,0,51,4
2020-06-18,Sierra,091,2930,1,1,0,1,0
2020-06-18,Siskiyou,093,43540,29,18,0,18,0
2020-06-18,Solano,095,438530,1248,735,3,738,21
2020-06-18,Sonoma,097,501317,1011,789,2,791,4
2020-06-18,Stanislaus,099,539301,2351,1495,6,1501,35
2020-06-18,Sutter,101,95872,125,85,0,85,2
2020-06-18,Tehama,103,63373,56,31,2,33,1
2020-06-18,Trinity,105,12862,15,2,3,5,0
2020-06-18,Tulare,107,460477,4198,3005,10,3015,107
2020-06-18,Tuolumne,109,53932,12,8,0,8,0
2020-06-18,Ventura,111,848112,2773,1781,14,1795,37
2020-06-18,Yolo,113,214977,423,294,0,294,24
2020-06-18,Yuba,115,75493,42,32,0,32,1
2020-06-17,Alameda,001,1643700,5432,4485,7,4492,117
2020-06-17,Alpine,002,1148,1,1,0,1,0
2020-06-17,Amador,005,37829,12,10,0,10,0
2020-06-17,Butte,007,227075,147,81,14,95,1
2020-06-17,Calaveras,009,45235,37,20,0,20,0
2020-06-17,Colusa,011,21464,19,7,0,7,0
2020-06-17,Contra Costa,013,1133247,2507,2020,3,2023,45
2020-06-17,Del Norte,015,27424,47,45,0,45,0
2020-06-17,El Dorado,017,186661,187,116,2,118,0
2020-06-17,Fresno,019,978130,5659,2801,61,2862,56
2020-06-17,Glenn,021,27897,75,31,0,31,0
2020-06-17,Humboldt,023,135768,138,105,0,105,3
2020-06-17,Imperial,025,180216,6510,4108,4,4112,36
2020-06-17,Inyo,027,18085,25,25,0,25,1
2020-06-17,Kern,029,883053,5163,3547,14,3561,56
2020-06-17,Kings,031,150075,2198,1097,4,1101,7
2020-06-17,Lake,033,64148,44,32,0,32,0
2020-06-17,Lassen,035,31185,18,5,2,7,0
2020-06-17,Los Angeles,037,10098052,88870,77166,35,77201,2973
2020-06-17,Madera,039,155013,559,258,2,260,4
2020-06-17,Marin,041,260295,292,771,3,774,17
2020-06-17,Mariposa,043,17540,18,18,0,18,1
2020-06-17,Mendocino,045,87422,62,42,0,42,0
2020-06-17,Merced,047,269075,868,460,0,460,7
2020-06-17,Modoc,049,8938,1,0,0,0,0
2020-06-17,Mono,051,14174,42,34,0,34,1
2020-06-17,Monterey,053,433212,1461,1077,3,1080,12
2020-06-17,Napa,055,140530,273,202,0,202,3
2020-06-17,Nevada,057,99092,94,57,1,58,1
2020-06-17,Orange,059,3164182,14185,9278,107,9385,230
2020-06-17,Placer,061,380077,609,427,3,430,9
2020-06-17,Plumas,063,18699,6,5,0,5,0
2020-06-17,Riverside,065,2383286,15925,11859,24,11883,370
2020-06-17,Sacramento,067,1510023,2397,1889,3,1892,63
2020-06-17,San Benito,069,59416,198,116,0,116,2
2020-06-17,San Bernardino,071,2135413,11547,7670,7,7677,225
2020-06-17,San Diego,073,3302833,12040,9856,2,9858,327
2020-06-17,San Francisco,075,870044,3272,2906,1,2907,46
2020-06-17,San Joaquin,077,732212,2788,1825,3,1828,46
2020-06-17,San Luis Obispo,079,281455,557,362,5,367,1
2020-06-17,San Mateo,081,765935,3002,2649,3,2652,78
2020-06-17,Santa Barbara,083,443738,2668,2147,17,2164,19
2020-06-17,Santa Clara,085,1922200,4450,3264,16,3280,148
2020-06-17,Santa Cruz,087,273765,338,265,0,265,2
2020-06-17,Shasta,089,179085,124,51,0,51,4
2020-06-17,Sierra,091,2930,1,1,0,1,0
2020-06-17,Siskiyou,093,43540,28,16,0,16,0
2020-06-17,Solano,095,438530,1198,722,3,725,21
2020-06-17,Sonoma,097,501317,986,748,2,750,4
2020-06-17,Stanislaus,099,539301,2227,1387,6,1393,35
2020-06-17,Sutter,101,95872,119,79,0,79,2
2020-06-17,Tehama,103,63373,41,24,2,26,1
2020-06-17,Trinity,105,12862,14,2,3,5,0
2020-06-17,Tulare,107,460477,4088,2882,10,2892,106
2020-06-17,Tuolumne,109,53932,12,7,0,7,0
2020-06-17,Ventura,111,848112,2673,1729,14,1743,37
2020-06-17,Yolo,113,214977,403,277,0,277,24
2020-06-17,Yuba,115,75493,41,30,0,30,1
2020-06-16,Alameda,001,1643700,5314,4428,7,4435,113
2020-06-16,Alpine,002,1148,1,1,0,1,0
2020-06-16,Amador,005,37829,12,10,0,10,0
2020-06-16,Butte,007,227075,143,79,14,93,1
2020-06-16,Calaveras,009,45235,34,19,0,19,0
2020-06-16,Colusa,011,21464,16,7,0,7,0
2020-06-16,Contra Costa,013,1133247,2415,1971,2,1973,45
2020-06-16,Del Norte,015,27424,47,45,0,45,0
2020-06-16,El Dorado,017,186661,181,115,2,117,0
2020-06-16,Fresno,019,978130,5420,2731,59,2790,50
2020-06-16,Glenn,021,27897,71,30,0,30,0
2020-06-16,Humboldt,023,135768,135,105,0,105,3
2020-06-16,Imperial,025,180216,6347,3939,4,3943,36
2020-06-16,Inyo,027,18085,25,24,0,24,1
2020-06-16,Kern,029,883053,4939,3496,14,3510,55
2020-06-16,Kings,031,150075,2152,1044,4,1048,6
2020-06-16,Lake,033,64148,44,31,0,31,0
2020-06-16,Lassen,035,31185,15,5,2,7,0
2020-06-16,Los Angeles,037,10098052,86549,75051,35,75086,2942
2020-06-16,Madera,039,155013,533,239,2,241,3
2020-06-16,Marin,041,260295,292,725,3,728,17
2020-06-16,Mariposa,043,17540,18,17,0,17,1
2020-06-16,Mendocino,045,87422,61,35,0,35,0
2020-06-16,Merced,047,269075,822,436,0,436,7
2020-06-16,Modoc,049,8938,1,0,0,0,0
2020-06-16,Mono,051,14174,42,34,0,34,1
2020-06-16,Monterey,053,433212,1413,1019,3,1022,12
2020-06-16,Napa,055,140530,258,196,0,196,3
2020-06-16,Nevada,057,99092,91,53,1,54,1
2020-06-16,Orange,059,3164182,13600,9163,101,9264,223
2020-06-16,Placer,061,380077,577,392,3,395,9
2020-06-16,Plumas,063,18699,6,5,0,5,0
2020-06-16,Riverside,065,2383286,15250,11638,24,11662,364
2020-06-16,Sacramento,067,1510023,2287,1825,3,1828,60
2020-06-16,San Benito,069,59416,190,110,0,110,2
2020-06-16,San Bernardino,071,2135413,11003,7463,7,7470,225
2020-06-16,San Diego,073,3302833,11678,9732,1,9733,323
2020-06-16,San Francisco,075,870044,3221,2893,1,2894,46
2020-06-16,San Joaquin,077,732212,2635,1718,3,1721,47
2020-06-16,San Luis Obispo,079,281455,533,343,5,348,1
2020-06-16,San Mateo,081,765935,2948,2618,3,2621,77
2020-06-16,Santa Barbara,083,443738,2601,2090,17,2107,16
2020-06-16,Santa Clara,085,1922200,4339,3228,15,3243,148
2020-06-16,Santa Cruz,087,273765,322,257,0,257,2
2020-06-16,Shasta,089,179085,115,51,0,51,4
2020-06-16,Sierra,091,2930,1,1,0,1,0
2020-06-16,Siskiyou,093,43540,27,15,0,15,0
2020-06-16,Solano,095,438530,1108,694,3,697,19
2020-06-16,Sonoma,097,501317,954,739,2,741,4
2020-06-16,Stanislaus,099,539301,2073,1278,6,1284,36
2020-06-16,Sutter,101,95872,112,73,0,73,2
2020-06-16,Tehama,103,63373,37,24,2,26,1
2020-06-16,Trinity,105,12862,14,2,3,5,0
2020-06-16,Tulare,107,460477,3970,2802,10,2812,96
2020-06-16,Tuolumne,109,53932,12,7,0,7,0
2020-06-16,Ventura,111,848112,2573,1676,14,1690,37
2020-06-16,Yolo,113,214977,380,262,0,262,24
2020-06-16,Yuba,115,75493,39,29,0,29,1
2020-06-15,Alameda,001,1643700,5187,4323,7,4330,112
2020-06-15,Alpine,002,1148,1,1,0,1,0
2020-06-15,Amador,005,37829,12,10,0,10,0
2020-06-15,Butte,007,227075,135,78,13,91,1
2020-06-15,Calaveras,009,45235,34,18,0,18,0
2020-06-15,Colusa,011,21464,14,7,0,7,0
2020-06-15,Contra Costa,013,1133247,2339,1918,2,1920,43
2020-06-15,Del Norte,015,27424,47,45,0,45,0
2020-06-15,El Dorado,017,186661,171,114,2,116,0
2020-06-15,Fresno,019,978130,5205,2616,58,2674,48
2020-06-15,Glenn,021,27897,66,21,0,21,0
2020-06-15,Humboldt,023,135768,133,105,0,105,3
2020-06-15,Imperial,025,180216,6173,3726,4,3730,36
2020-06-15,Inyo,027,18085,25,23,0,23,1
2020-06-15,Kern,029,883053,4716,3417,14,3431,55
2020-06-15,Kings,031,150075,2076,1022,4,1026,6
2020-06-15,Lake,033,64148,44,31,0,31,0
2020-06-15,Lassen,035,31185,15,5,2,7,0
2020-06-15,Los Angeles,037,10098052,84362,73705,35,73740,2908
2020-06-15,Madera,039,155013,511,203,2,205,3
2020-06-15,Marin,041,260295,286,708,3,711,17
2020-06-15,Mariposa,043,17540,18,17,0,17,1
2020-06-15,Mendocino,045,87422,52,33,0,33,0
2020-06-15,Merced,047,269075,775,414,0,414,7
2020-06-15,Modoc,049,8938,1,0,0,0,0
2020-06-15,Mono,051,14174,42,34,0,34,1
2020-06-15,Monterey,053,433212,1347,998,3,1001,12
2020-06-15,Napa,055,140530,250,187,0,187,3
2020-06-15,Nevada,057,99092,85,52,1,53,1
2020-06-15,Orange,059,3164182,13032,8944,93,9037,212
2020-06-15,Placer,061,380077,555,386,3,389,9
2020-06-15,Plumas,063,18699,6,4,0,4,0
2020-06-15,Riverside,065,2383286,14631,11376,23,11399,364
2020-06-15,Sacramento,067,1510023,2171,1791,3,1794,60
2020-06-15,San Benito,069,59416,184,108,0,108,2
2020-06-15,San Bernardino,071,2135413,10500,7189,7,7196,224
2020-06-15,San Diego,073,3302833,11338,9612,1,9613,320
2020-06-15,San Francisco,075,870044,3177,2833,1,2834,45
2020-06-15,San Joaquin,077,732212,2499,1667,3,1670,43
2020-06-15,San Luis Obispo,079,281455,518,332,5,337,1
2020-06-15,San Mateo,081,765935,2901,2591,3,2594,75
2020-06-15,Santa Barbara,083,443738,2533,2054,17,2071,16
2020-06-15,Santa Clara,085,1922200,4239,3204,15,3219,148
2020-06-15,Santa Cruz,087,273765,311,254,0,254,2
2020-06-15,Shasta,089,179085,109,50,0,50,4
2020-06-15,Sierra,091,2930,1,1,0,1,0
2020-06-15,Siskiyou,093,43540,26,14,0,14,0
2020-06-15,Solano,095,438530,1048,638,3,641,19
2020-06-15,Sonoma,097,501317,925,726,2,728,4
2020-06-15,Stanislaus,099,539301,1956,1253,6,1259,35
2020-06-15,Sutter,101,95872,102,71,0,71,2
2020-06-15,Tehama,103,63373,37,17,2,19,1
2020-06-15,Trinity,105,12862,13,2,3,5,0
2020-06-15,Tulare,107,460477,3856,2662,10,2672,96
2020-06-15,Tuolumne,109,53932,11,7,0,7,0
2020-06-15,Ventura,111,848112,2492,1656,14,1670,37
2020-06-15,Yolo,113,214977,360,255,0,255,24
2020-06-15,Yuba,115,75493,39,28,0,28,1
2020-06-14,Alameda,001,1643700,5040,4271,7,4278,112
2020-06-14,Alpine,002,1148,1,1,0,1,0
2020-06-14,Amador,005,37829,12,10,0,10,0
2020-06-14,Butte,007,227075,127,78,13,91,1
2020-06-14,Calaveras,009,45235,33,18,0,18,0
2020-06-14,Colusa,011,21464,13,7,0,7,0
2020-06-14,Contra Costa,013,1133247,2271,1893,2,1895,43
2020-06-14,Del Norte,015,27424,47,45,0,45,0
2020-06-14,El Dorado,017,186661,167,110,2,112,0
2020-06-14,Fresno,019,978130,5020,2585,57,2642,48
2020-06-14,Glenn,021,27897,51,21,0,21,0
2020-06-14,Humboldt,023,135768,129,105,0,105,3
2020-06-14,Imperial,025,180216,5942,3730,4,3734,36
2020-06-14,Inyo,027,18085,24,23,0,23,1
2020-06-14,Kern,029,883053,4505,3328,14,3342,55
2020-06-14,Kings,031,150075,2025,1022,3,1025,6
2020-06-14,Lake,033,64148,41,31,0,31,0
2020-06-14,Lassen,035,31185,15,5,2,7,0
2020-06-14,Los Angeles,037,10098052,82043,72932,33,72965,2887
2020-06-14,Madera,039,155013,492,203,2,205,3
2020-06-14,Marin,041,260295,274,689,2,691,17
2020-06-14,Mariposa,043,17540,18,16,0,16,1
2020-06-14,Mendocino,045,87422,49,33,0,33,0
2020-06-14,Merced,047,269075,723,403,0,403,7
2020-06-14,Modoc,049,8938,1,0,0,0,0
2020-06-14,Mono,051,14174,42,34,0,34,1
2020-06-14,Monterey,053,433212,1286,949,3,952,12
2020-06-14,Napa,055,140530,228,181,0,181,3
2020-06-14,Nevada,057,99092,81,52,1,53,1
2020-06-14,Orange,059,3164182,12601,8744,89,8833,211
2020-06-14,Placer,061,380077,529,369,3,372,9
2020-06-14,Plumas,063,18699,5,4,0,4,0
2020-06-14,Riverside,065,2383286,14188,11218,23,11241,364
2020-06-14,Sacramento,067,1510023,2084,1750,3,1753,60
2020-06-14,San Benito,069,59416,173,104,0,104,2
2020-06-14,San Bernardino,071,2135413,9961,7015,7,7022,224
2020-06-14,San Diego,073,3302833,10963,9442,1,9443,319
2020-06-14,San Francisco,075,870044,3137,2834,1,2835,45
2020-06-14,San Joaquin,077,732212,2348,1603,3,1606,43
2020-06-14,San Luis Obispo,079,281455,503,330,5,335,1
2020-06-14,San Mateo,081,765935,2843,2571,3,2574,75
2020-06-14,Santa Barbara,083,443738,2456,2049,17,2066,17
2020-06-14,Santa Clara,085,1922200,4144,3178,15,3193,148
2020-06-14,Santa Cruz,087,273765,297,254,0,254,2
2020-06-14,Shasta,089,179085,103,48,0,48,4
2020-06-14,Sierra,091,2930,1,1,0,1,0
2020-06-14,Siskiyou,093,43540,25,13,0,13,0
2020-06-14,Solano,095,438530,999,638,3,641,19
2020-06-14,Sonoma,097,501317,897,724,2,726,4
2020-06-14,Stanislaus,099,539301,1807,1159,6,1165,35
2020-06-14,Sutter,101,95872,97,63,0,63,2
2020-06-14,Tehama,103,63373,34,17,2,19,1
2020-06-14,Trinity,105,12862,13,2,3,5,0
2020-06-14,Tulare,107,460477,3722,2646,10,2656,96
2020-06-14,Tuolumne,109,53932,11,7,0,7,0
2020-06-14,Ventura,111,848112,2393,1610,13,1623,37
2020-06-14,Yolo,113,214977,344,254,0,254,24
2020-06-14,Yuba,115,75493,38,28,0,28,1
2020-06-13,Alameda,001,1643700,4976,4196,7,4203,112
2020-06-13,Alpine,002,1148,1,1,0,1,0
2020-06-13,Amador,005,37829,11,10,0,10,0
2020-06-13,Butte,007,227075,118,72,13,85,1
2020-06-13,Calaveras,009,45235,31,18,0,18,0
2020-06-13,Colusa,011,21464,12,7,0,7,0
2020-06-13,Contra Costa,013,1133247,2235,1868,2,1870,43
2020-06-13,Del Norte,015,27424,47,45,0,45,0
2020-06-13,El Dorado,017,186661,163,110,2,112,0
2020-06-13,Fresno,019,978130,4922,2499,57,2556,48
2020-06-13,Glenn,021,27897,49,21,0,21,0
2020-06-13,Humboldt,023,135768,128,104,0,104,3
2020-06-13,Imperial,025,180216,5869,3646,4,3650,36
2020-06-13,Inyo,027,18085,24,23,0,23,1
2020-06-13,Kern,029,883053,4396,3239,14,3253,55
2020-06-13,Kings,031,150075,2005,1023,3,1026,6
2020-06-13,Lake,033,64148,40,29,0,29,0
2020-06-13,Lassen,035,31185,15,5,2,7,0
2020-06-13,Los Angeles,037,10098052,81002,71938,33,71971,2874
2020-06-13,Madera,039,155013,488,203,2,205,3
2020-06-13,Marin,041,260295,267,677,2,679,17
2020-06-13,Mariposa,043,17540,18,16,0,16,1
2020-06-13,Mendocino,045,87422,49,33,0,33,0
2020-06-13,Merced,047,269075,704,376,0,376,7
2020-06-13,Modoc,049,8938,1,0,0,0,0
2020-06-13,Mono,051,14174,42,35,0,35,1
2020-06-13,Monterey,053,433212,1248,900,3,903,11
2020-06-13,Napa,055,140530,225,171,0,171,3
2020-06-13,Nevada,057,99092,79,52,1,53,1
2020-06-13,Orange,059,3164182,12356,8581,86,8667,211
2020-06-13,Placer,061,380077,512,346,3,349,9
2020-06-13,Plumas,063,18699,5,4,0,4,0
2020-06-13,Riverside,065,2383286,13909,10931,23,10954,364
2020-06-13,Sacramento,067,1510023,2029,1713,3,1716,60
2020-06-13,San Benito,069,59416,166,99,0,99,2
2020-06-13,San Bernardino,071,2135413,9738,6885,7,6892,224
2020-06-13,San Diego,073,3302833,10791,9316,1,9317,319
2020-06-13,San Francisco,075,870044,3117,2834,1,2835,44
2020-06-13,San Joaquin,077,732212,2267,1461,3,1464,43
2020-06-13,San Luis Obispo,079,281455,492,326,5,331,1
2020-06-13,San Mateo,081,765935,2820,2551,3,2554,75
2020-06-13,Santa Barbara,083,443738,2398,1999,17,2016,15
2020-06-13,Santa Clara,085,1922200,4101,3141,15,3156,148
2020-06-13,Santa Cruz,087,273765,291,254,0,254,2
2020-06-13,Shasta,089,179085,101,48,0,48,4
2020-06-13,Sierra,091,2930,1,1,0,1,0
2020-06-13,Siskiyou,093,43540,25,13,0,13,0
2020-06-13,Solano,095,438530,971,637,3,640,19
2020-06-13,Sonoma,097,501317,882,711,2,713,4
2020-06-13,Stanislaus,099,539301,1750,1122,6,1128,33
2020-06-13,Sutter,101,95872,96,62,0,62,2
2020-06-13,Tehama,103,63373,33,17,2,19,1
2020-06-13,Trinity,105,12862,13,2,3,5,0
2020-06-13,Tulare,107,460477,3690,2626,10,2636,96
2020-06-13,Tuolumne,109,53932,10,7,0,7,0
2020-06-13,Ventura,111,848112,2347,1567,13,1580,37
2020-06-13,Yolo,113,214977,324,251,0,251,24
2020-06-13,Yuba,115,75493,38,28,0,28,1
2020-06-12,Alameda,001,1643700,4903,4167,7,4174,109
2020-06-12,Alpine,002,1148,1,1,0,1,0
2020-06-12,Amador,005,37829,11,10,0,10,0
2020-06-12,Butte,007,227075,114,71,12,83,1
2020-06-12,Calaveras,009,45235,28,18,0,18,0
2020-06-12,Colusa,011,21464,12,7,0,7,0
2020-06-12,Contra Costa,013,1133247,2198,1827,2,1829,43
2020-06-12,Del Norte,015,27424,47,45,0,45,0
2020-06-12,El Dorado,017,186661,163,110,2,112,0
2020-06-12,Fresno,019,978130,4786,2428,57,2485,47
2020-06-12,Glenn,021,27897,46,21,0,21,0
2020-06-12,Humboldt,023,135768,126,105,0,105,3
2020-06-12,Imperial,025,180216,5785,3543,4,3547,36
2020-06-12,Inyo,027,18085,24,23,0,23,1
2020-06-12,Kern,029,883053,4279,3152,14,3166,54
2020-06-12,Kings,031,150075,1992,987,3,990,6
2020-06-12,Lake,033,64148,39,29,0,29,0
2020-06-12,Lassen,035,31185,15,5,2,7,0
2020-06-12,Los Angeles,037,10098052,79596,70385,33,70418,2814
2020-06-12,Madera,039,155013,463,187,2,189,3
2020-06-12,Marin,041,260295,267,649,2,651,17
2020-06-12,Mariposa,043,17540,18,16,0,16,1
2020-06-12,Mendocino,045,87422,49,33,0,33,0
2020-06-12,Merced,047,269075,671,372,0,372,7
2020-06-12,Modoc,049,8938,1,0,0,0,0
2020-06-12,Mono,051,14174,39,35,0,35,1
2020-06-12,Monterey,053,433212,1207,864,2,866,11
2020-06-12,Napa,055,140530,222,162,0,162,3
2020-06-12,Nevada,057,99092,73,52,1,53,1
2020-06-12,Orange,059,3164182,12050,8440,85,8525,203
2020-06-12,Placer,061,380077,495,333,3,336,9
2020-06-12,Plumas,063,18699,5,4,0,4,0
2020-06-12,Riverside,065,2383286,13572,10616,23,10639,364
2020-06-12,Sacramento,067,1510023,1974,1702,3,1705,60
2020-06-12,San Benito,069,59416,159,96,0,96,2
2020-06-12,San Bernardino,071,2135413,9469,6707,7,6714,223
2020-06-12,San Diego,073,3302833,10621,9132,1,9133,313
2020-06-12,San Francisco,075,870044,3083,2823,1,2824,44
2020-06-12,San Joaquin,077,732212,2187,1406,3,1409,43
2020-06-12,San Luis Obispo,079,281455,476,321,5,326,1
2020-06-12,San Mateo,081,765935,2785,2533,3,2536,75
2020-06-12,Santa Barbara,083,443738,2344,1969,17,1986,14
2020-06-12,Santa Clara,085,1922200,4057,3099,15,3114,149
2020-06-12,Santa Cruz,087,273765,283,251,0,251,2
2020-06-12,Shasta,089,179085,94,48,0,48,5
2020-06-12,Sierra,091,2930,1,1,0,1,0
2020-06-12,Siskiyou,093,43540,25,13,0,13,0
2020-06-12,Solano,095,438530,957,620,3,623,19
2020-06-12,Sonoma,097,501317,863,696,2,698,4
2020-06-12,Stanislaus,099,539301,1691,1092,6,1098,33
2020-06-12,Sutter,101,95872,95,56,0,56,2
2020-06-12,Tehama,103,63373,32,13,2,15,1
2020-06-12,Trinity,105,12862,13,2,3,5,0
2020-06-12,Tulare,107,460477,3636,2552,10,2562,95
2020-06-12,Tuolumne,109,53932,10,7,0,7,0
2020-06-12,Ventura,111,848112,2295,1534,13,1547,35
2020-06-12,Yolo,113,214977,312,243,0,243,24
2020-06-12,Yuba,115,75493,36,27,0,27,1
2020-06-11,Alameda,001,1643700,4774,4073,6,4079,108
2020-06-11,Alpine,002,1148,1,1,0,1,0
2020-06-11,Amador,005,37829,10,10,0,10,0
2020-06-11,Butte,007,227075,108,72,12,84,1
2020-06-11,Calaveras,009,45235,27,16,0,16,0
2020-06-11,Colusa,011,21464,12,7,0,7,0
2020-06-11,Contra Costa,013,1133247,2145,1797,2,1799,43
2020-06-11,Del Norte,015,27424,47,45,0,45,0
2020-06-11,El Dorado,017,186661,155,109,2,111,0
2020-06-11,Fresno,019,978130,4634,2338,57,2395,45
2020-06-11,Glenn,021,27897,42,21,0,21,0
2020-06-11,Humboldt,023,135768,122,113,0,113,3
2020-06-11,Imperial,025,180216,5627,3463,4,3467,36
2020-06-11,Inyo,027,18085,22,23,0,23,1
2020-06-11,Kern,029,883053,4127,3047,12,3059,54
2020-06-11,Kings,031,150075,1959,963,3,966,6
2020-06-11,Lake,033,64148,39,28,0,28,0
2020-06-11,Lassen,035,31185,15,5,2,7,0
2020-06-11,Los Angeles,037,10098052,77930,68807,32,68839,2800
2020-06-11,Madera,039,155013,445,178,2,180,3
2020-06-11,Marin,041,260295,262,637,2,639,17
2020-06-11,Mariposa,043,17540,18,16,0,16,1
2020-06-11,Mendocino,045,87422,40,35,0,35,0
2020-06-11,Merced,047,269075,631,370,0,370,7
2020-06-11,Modoc,049,8938,1,0,0,0,0
2020-06-11,Mono,051,14174,39,35,0,35,1
2020-06-11,Monterey,053,433212,1160,813,2,815,11
2020-06-11,Napa,055,140530,213,162,0,162,3
2020-06-11,Nevada,057,99092,67,50,1,51,1
2020-06-11,Orange,059,3164182,11741,8304,84,8388,188
2020-06-11,Placer,061,380077,476,321,3,324,9
2020-06-11,Plumas,063,18699,5,4,0,4,0
2020-06-11,Riverside,065,2383286,13219,10014,23,10037,361
2020-06-11,Sacramento,067,1510023,1926,1669,3,1672,60
2020-06-11,San Benito,069,59416,153,94,0,94,2
2020-06-11,San Bernardino,071,2135413,9172,6509,7,6516,221
2020-06-11,San Diego,073,3302833,10391,9000,0,9000,308
2020-06-11,San Francisco,075,870044,3054,2766,1,2767,44
2020-06-11,San Joaquin,077,732212,2075,1351,3,1354,43
2020-06-11,San Luis Obispo,079,281455,462,307,5,312,1
2020-06-11,San Mateo,081,765935,2747,2499,3,2502,74
2020-06-11,Santa Barbara,083,443738,2283,1895,17,1912,14
2020-06-11,Santa Clara,085,1922200,3990,3049,15,3064,149
2020-06-11,Santa Cruz,087,273765,279,247,0,247,2
2020-06-11,Shasta,089,179085,87,47,0,47,5
2020-06-11,Sierra,091,2930,1,1,0,1,0
2020-06-11,Siskiyou,093,43540,25,14,0,14,0
2020-06-11,Solano,095,438530,931,616,3,619,19
2020-06-11,Sonoma,097,501317,841,682,2,684,4
2020-06-11,Stanislaus,099,539301,1600,1062,6,1068,30
2020-06-11,Sutter,101,95872,92,56,0,56,2
2020-06-11,Tehama,103,63373,27,10,2,12,1
2020-06-11,Trinity,105,12862,11,2,3,5,0
2020-06-11,Tulare,107,460477,3537,2473,10,2483,95
2020-06-11,Tuolumne,109,53932,10,7,0,7,0
2020-06-11,Ventura,111,848112,2218,1491,12,1503,34
2020-06-11,Yolo,113,214977,304,230,0,230,24
2020-06-11,Yuba,115,75493,36,27,0,27,1
2020-06-10,Alameda,001,1643700,4674,4027,6,4033,107
2020-06-10,Alpine,002,1148,1,1,0,1,0
2020-06-10,Amador,005,37829,10,10,0,10,0
2020-06-10,Butte,007,227075,104,71,12,83,1
2020-06-10,Calaveras,009,45235,27,16,0,16,0
2020-06-10,Colusa,011,21464,11,7,0,7,0
2020-06-10,Contra Costa,013,1133247,2101,1778,2,1780,43
2020-06-10,Del Norte,015,27424,47,45,0,45,0
2020-06-10,El Dorado,017,186661,152,109,2,111,0
2020-06-10,Fresno,019,978130,4459,2324,57,2381,45
2020-06-10,Glenn,021,27897,39,21,0,21,0
2020-06-10,Humboldt,023,135768,118,112,0,112,3
2020-06-10,Imperial,025,180216,5480,3454,4,3458,36
2020-06-10,Inyo,027,18085,22,23,0,23,1
2020-06-10,Kern,029,883053,4002,3000,11,3011,54
2020-06-10,Kings,031,150075,1913,952,2,954,6
2020-06-10,Lake,033,64148,39,28,0,28,0
2020-06-10,Lassen,035,31185,15,5,2,7,0
2020-06-10,Los Angeles,037,10098052,76415,67018,32,67050,2752
2020-06-10,Madera,039,155013,431,176,1,177,3
2020-06-10,Marin,041,260295,256,633,2,635,17
2020-06-10,Mariposa,043,17540,17,16,0,16,1
2020-06-10,Mendocino,045,87422,39,35,0,35,0
2020-06-10,Merced,047,269075,606,370,0,370,7
2020-06-10,Modoc,049,8938,1,0,0,0,0
2020-06-10,Mono,051,14174,39,35,0,35,1
2020-06-10,Monterey,053,433212,1106,791,2,793,11
2020-06-10,Napa,055,140530,210,159,0,159,3
2020-06-10,Nevada,057,99092,65,50,1,51,1
2020-06-10,Orange,059,3164182,11464,8222,80,8302,184
2020-06-10,Placer,061,380077,451,309,3,312,9
2020-06-10,Plumas,063,18699,5,4,0,4,0
2020-06-10,Riverside,065,2383286,12896,9857,23,9880,361
2020-06-10,Sacramento,067,1510023,1887,1643,2,1645,59
2020-06-10,San Benito,069,59416,144,94,0,94,2
2020-06-10,San Bernardino,071,2135413,8879,6438,7,6445,219
2020-06-10,San Diego,073,3302833,10227,8839,0,8839,305
2020-06-10,San Francisco,075,870044,3029,2774,1,2775,44
2020-06-10,San Joaquin,077,732212,1946,1282,3,1285,41
2020-06-10,San Luis Obispo,079,281455,442,306,5,311,1
2020-06-10,San Mateo,081,765935,2707,2492,3,2495,74
2020-06-10,Santa Barbara,083,443738,2227,1878,17,1895,13
2020-06-10,Santa Clara,085,1922200,3939,3032,15,3047,149
2020-06-10,Santa Cruz,087,273765,275,242,0,242,2
2020-06-10,Shasta,089,179085,82,45,0,45,5
2020-06-10,Sierra,091,2930,1,1,0,1,0
2020-06-10,Siskiyou,093,43540,25,14,0,14,0
2020-06-10,Solano,095,438530,894,608,3,611,19
2020-06-10,Sonoma,097,501317,823,673,2,675,4
2020-06-10,Stanislaus,099,539301,1510,1030,6,1036,29
2020-06-10,Sutter,101,95872,91,56,0,56,2
2020-06-10,Tehama,103,63373,25,10,2,12,1
2020-06-10,Trinity,105,12862,11,2,3,5,0
2020-06-10,Tulare,107,460477,3444,2455,10,2465,95
2020-06-10,Tuolumne,109,53932,10,7,0,7,0
2020-06-10,Ventura,111,848112,2172,1446,11,1457,34
2020-06-10,Yolo,113,214977,296,226,0,226,24
2020-06-10,Yuba,115,75493,35,27,0,27,1
2020-06-09,Alameda,001,1643700,4563,3963,6,3969,103
2020-06-09,Alpine,002,1148,1,1,0,1,0
2020-06-09,Amador,005,37829,10,10,0,10,0
2020-06-09,Butte,007,227075,103,70,11,81,1
2020-06-09,Calaveras,009,45235,27,16,0,16,0
2020-06-09,Colusa,011,21464,10,7,0,7,0
2020-06-09,Contra Costa,013,1133247,2060,1744,2,1746,42
2020-06-09,Del Norte,015,27424,47,45,0,45,0
2020-06-09,El Dorado,017,186661,142,108,2,110,0
2020-06-09,Fresno,019,978130,4308,2278,57,2335,43
2020-06-09,Glenn,021,27897,38,19,0,19,0
2020-06-09,Humboldt,023,135768,116,113,0,113,2
2020-06-09,Imperial,025,180216,5331,3067,4,3071,36
2020-06-09,Inyo,027,18085,22,22,0,22,1
2020-06-09,Kern,029,883053,3874,2920,11,2931,51
2020-06-09,Kings,031,150075,1881,934,2,936,6
2020-06-09,Lake,033,64148,39,28,0,28,0
2020-06-09,Lassen,035,31185,15,5,2,7,0
2020-06-09,Los Angeles,037,10098052,74758,65827,32,65859,2692
2020-06-09,Madera,039,155013,416,172,1,173,3
2020-06-09,Marin,041,260295,252,616,2,618,17
2020-06-09,Mariposa,043,17540,17,16,0,16,1
2020-06-09,Mendocino,045,87422,35,35,0,35,0
2020-06-09,Merced,047,269075,574,349,0,349,7
2020-06-09,Modoc,049,8938,1,0,0,0,0
2020-06-09,Mono,051,14174,39,35,0,35,1
2020-06-09,Monterey,053,433212,1065,772,2,774,11
2020-06-09,Napa,055,140530,200,156,0,156,3
2020-06-09,Nevada,057,99092,57,50,1,51,1
2020-06-09,Orange,059,3164182,11220,7991,78,8069,174
2020-06-09,Placer,061,380077,438,301,3,304,9
2020-06-09,Plumas,063,18699,5,4,0,4,0
2020-06-09,Riverside,065,2383286,12518,9511,23,9534,354
2020-06-09,Sacramento,067,1510023,1832,1625,2,1627,59
2020-06-09,San Benito,069,59416,138,95,0,95,2
2020-06-09,San Bernardino,071,2135413,8556,6268,6,6274,217
2020-06-09,San Diego,073,3302833,10042,8731,0,8731,301
2020-06-09,San Francisco,075,870044,3004,2749,1,2750,44
2020-06-09,San Joaquin,077,732212,1840,1240,3,1243,41
2020-06-09,San Luis Obispo,079,281455,429,301,4,305,1
2020-06-09,San Mateo,081,765935,2676,2463,3,2466,74
2020-06-09,Santa Barbara,083,443738,2171,1854,17,1871,13
2020-06-09,Santa Clara,085,1922200,3871,3006,14,3020,147
2020-06-09,Santa Cruz,087,273765,269,237,0,237,2
2020-06-09,Shasta,089,179085,78,44,0,44,4
2020-06-09,Sierra,091,2930,1,1,0,1,0
2020-06-09,Siskiyou,093,43540,20,10,0,10,0
2020-06-09,Solano,095,438530,859,596,3,599,18
2020-06-09,Sonoma,097,501317,800,661,2,663,4
2020-06-09,Stanislaus,099,539301,1409,993,6,999,25
2020-06-09,Sutter,101,95872,88,56,0,56,2
2020-06-09,Tehama,103,63373,25,9,2,11,1
2020-06-09,Trinity,105,12862,10,2,3,5,0
2020-06-09,Tulare,107,460477,3378,2393,10,2403,91
2020-06-09,Tuolumne,109,53932,10,8,0,8,0
2020-06-09,Ventura,111,848112,2106,1407,11,1418,34
2020-06-09,Yolo,113,214977,285,226,0,226,24
2020-06-09,Yuba,115,75493,34,27,0,27,1
2020-06-08,Alameda,001,1643700,4482,3937,6,3943,103
2020-06-08,Alpine,002,1148,1,1,0,1,0
2020-06-08,Amador,005,37829,10,10,0,10,0
2020-06-08,Butte,007,227075,99,68,11,79,1
2020-06-08,Calaveras,009,45235,27,16,0,16,0
2020-06-08,Colusa,011,21464,9,7,0,7,0
2020-06-08,Contra Costa,013,1133247,2017,1714,2,1716,41
2020-06-08,Del Norte,015,27424,47,45,0,45,0
2020-06-08,El Dorado,017,186661,138,107,1,108,0
2020-06-08,Fresno,019,978130,4185,2194,56,2250,42
2020-06-08,Glenn,021,27897,36,17,0,17,0
2020-06-08,Humboldt,023,135768,116,112,0,112,2
2020-06-08,Imperial,025,180216,5179,3051,4,3055,21
2020-06-08,Inyo,027,18085,22,22,0,22,1
2020-06-08,Kern,029,883053,3743,2853,10,2863,49
2020-06-08,Kings,031,150075,1805,892,2,894,6
2020-06-08,Lake,033,64148,39,28,0,28,0
2020-06-08,Lassen,035,31185,15,4,2,6,0
2020-06-08,Los Angeles,037,10098052,73298,64634,32,64666,2640
2020-06-08,Madera,039,155013,386,154,1,155,3
2020-06-08,Marin,041,260295,234,596,2,598,17
2020-06-08,Mariposa,043,17540,16,16,0,16,1
2020-06-08,Mendocino,045,87422,33,32,0,32,0
2020-06-08,Merced,047,269075,540,331,0,331,7
2020-06-08,Modoc,049,8938,1,0,0,0,0
2020-06-08,Mono,051,14174,39,35,0,35,1
2020-06-08,Monterey,053,433212,1014,751,2,753,10
2020-06-08,Napa,055,140530,184,151,0,151,3
2020-06-08,Nevada,057,99092,56,50,1,51,1
2020-06-08,Orange,059,3164182,10968,7786,76,7862,160
2020-06-08,Placer,061,380077,421,290,3,293,9
2020-06-08,Plumas,063,18699,5,4,0,4,0
2020-06-08,Riverside,065,2383286,12148,9246,23,9269,347
2020-06-08,Sacramento,067,1510023,1782,1591,2,1593,59
2020-06-08,San Benito,069,59416,131,93,0,93,2
2020-06-08,San Bernardino,071,2135413,8237,6122,6,6128,214
2020-06-08,San Diego,073,3302833,9885,8621,0,8621,296
2020-06-08,San Francisco,075,870044,2977,2715,1,2716,43
2020-06-08,San Joaquin,077,732212,1733,1198,3,1201,40
2020-06-08,San Luis Obispo,079,281455,423,300,4,304,1
2020-06-08,San Mateo,081,765935,2645,2431,2,2433,74
2020-06-08,Santa Barbara,083,443738,2116,1824,15,1839,13
2020-06-08,Santa Clara,085,1922200,3825,2971,14,2985,146
2020-06-08,Santa Cruz,087,273765,268,234,0,234,2
2020-06-08,Shasta,089,179085,74,43,0,43,4
2020-06-08,Sierra,091,2930,1,1,0,1,0
2020-06-08,Siskiyou,093,43540,20,8,0,8,0
2020-06-08,Solano,095,438530,832,560,3,563,19
2020-06-08,Sonoma,097,501317,784,654,2,656,4
2020-06-08,Stanislaus,099,539301,1326,956,6,962,28
2020-06-08,Sutter,101,95872,81,55,0,55,2
2020-06-08,Tehama,103,63373,19,8,2,10,1
2020-06-08,Trinity,105,12862,10,2,3,5,0
2020-06-08,Tulare,107,460477,3295,2301,10,2311,91
2020-06-08,Tuolumne,109,53932,9,8,0,8,0
2020-06-08,Ventura,111,848112,2048,1382,11,1393,30
2020-06-08,Yolo,113,214977,274,228,0,228,24
2020-06-08,Yuba,115,75493,32,27,0,27,1
2020-06-07,Alameda,001,1643700,4369,3866,6,3872,102
2020-06-07,Alpine,002,1148,1,1,0,1,0
2020-06-07,Amador,005,37829,10,10,0,10,0
2020-06-07,Butte,007,227075,97,64,9,73,1
2020-06-07,Calaveras,009,45235,25,16,0,16,0
2020-06-07,Colusa,011,21464,9,7,0,7,0
2020-06-07,Contra Costa,013,1133247,1966,1653,1,1654,38
2020-06-07,Del Norte,015,27424,45,45,0,45,0
2020-06-07,El Dorado,017,186661,138,104,1,105,0
2020-06-07,Fresno,019,978130,4056,2144,56,2200,41
2020-06-07,Glenn,021,27897,29,16,0,16,0
2020-06-07,Humboldt,023,135768,116,112,0,112,2
2020-06-07,Imperial,025,180216,5030,3048,4,3052,19
2020-06-07,Inyo,027,18085,22,21,0,21,1
2020-06-07,Kern,029,883053,3612,2771,10,2781,46
2020-06-07,Kings,031,150075,1756,882,2,884,6
2020-06-07,Lake,033,64148,36,28,0,28,0
2020-06-07,Lassen,035,31185,14,4,2,6,0
2020-06-07,Los Angeles,037,10098052,71587,63750,32,63782,2629
2020-06-07,Madera,039,155013,369,149,1,150,3
2020-06-07,Marin,041,260295,231,584,2,586,17
2020-06-07,Mariposa,043,17540,16,16,0,16,1
2020-06-07,Mendocino,045,87422,33,32,0,32,0
2020-06-07,Merced,047,269075,510,318,0,318,7
2020-06-07,Modoc,049,8938,1,0,0,0,0
2020-06-07,Mono,051,14174,39,35,0,35,1
2020-06-07,Monterey,053,433212,968,732,2,734,10
2020-06-07,Napa,055,140530,176,142,0,142,3
2020-06-07,Nevada,057,99092,55,50,1,51,1
2020-06-07,Orange,059,3164182,10709,7643,74,7717,158
2020-06-07,Placer,061,380077,400,273,2,275,9
2020-06-07,Plumas,063,18699,5,4,0,4,0
2020-06-07,Riverside,065,2383286,11852,9105,23,9128,344
2020-06-07,Sacramento,067,1510023,1734,1568,2,1570,59
2020-06-07,San Benito,069,59416,128,92,0,92,2
2020-06-07,San Bernardino,071,2135413,7951,6033,6,6039,214
2020-06-07,San Diego,073,3302833,9706,8478,0,8478,296
2020-06-07,San Francisco,075,870044,2933,2674,0,2674,43
2020-06-07,San Joaquin,077,732212,1632,1126,3,1129,37
2020-06-07,San Luis Obispo,079,281455,413,296,4,300,1
2020-06-07,San Mateo,081,765935,2618,2399,2,2401,73
2020-06-07,Santa Barbara,083,443738,2061,1818,15,1833,13
2020-06-07,Santa Clara,085,1922200,3773,2947,14,2961,146
2020-06-07,Santa Cruz,087,273765,260,230,0,230,2
2020-06-07,Shasta,089,179085,73,41,0,41,4
2020-06-07,Sierra,091,2930,1,1,0,1,0
2020-06-07,Siskiyou,093,43540,20,8,0,8,0
2020-06-07,Solano,095,438530,809,560,3,563,19
2020-06-07,Sonoma,097,501317,753,639,2,641,4
2020-06-07,Stanislaus,099,539301,1246,905,5,910,28
2020-06-07,Sutter,101,95872,73,55,0,55,2
2020-06-07,Tehama,103,63373,16,8,2,10,1
2020-06-07,Trinity,105,12862,8,2,3,5,0
2020-06-07,Tulare,107,460477,3173,2219,10,2229,90
2020-06-07,Tuolumne,109,53932,9,4,0,4,0
2020-06-07,Ventura,111,848112,1982,1337,11,1348,30
2020-06-07,Yolo,113,214977,264,224,0,224,24
2020-06-07,Yuba,115,75493,32,27,0,27,1
2020-06-06,Alameda,001,1643700,4324,3801,6,3807,102
2020-06-06,Alpine,002,1148,1,1,0,1,0
2020-06-06,Amador,005,37829,10,10,0,10,0
2020-06-06,Butte,007,227075,96,63,9,72,1
2020-06-06,Calaveras,009,45235,23,16,0,16,0
2020-06-06,Colusa,011,21464,9,7,0,7,0
2020-06-06,Contra Costa,013,1133247,1945,1619,1,1620,37
2020-06-06,Del Norte,015,27424,45,45,0,45,0
2020-06-06,El Dorado,017,186661,133,104,1,105,0
2020-06-06,Fresno,019,978130,4000,2117,56,2173,41
2020-06-06,Glenn,021,27897,27,16,0,16,0
2020-06-06,Humboldt,023,135768,116,112,0,112,2
2020-06-06,Imperial,025,180216,4955,3047,4,3051,19
2020-06-06,Inyo,027,18085,22,21,0,21,1
2020-06-06,Kern,029,883053,3541,2695,10,2705,46
2020-06-06,Kings,031,150075,1737,882,2,884,6
2020-06-06,Lake,033,64148,36,28,0,28,0
2020-06-06,Lassen,035,31185,14,4,2,6,0
2020-06-06,Los Angeles,037,10098052,70832,62269,32,62301,2607
2020-06-06,Madera,039,155013,360,149,1,150,3
2020-06-06,Marin,041,260295,229,556,2,558,17
2020-06-06,Mariposa,043,17540,16,16,0,16,1
2020-06-06,Mendocino,045,87422,33,32,0,32,0
2020-06-06,Merced,047,269075,508,315,0,315,7
2020-06-06,Modoc,049,8938,1,0,0,0,0
2020-06-06,Mono,051,14174,39,35,0,35,1
2020-06-06,Monterey,053,433212,944,679,2,681,10
2020-06-06,Napa,055,140530,170,136,0,136,3
2020-06-06,Nevada,057,99092,54,50,1,51,1
2020-06-06,Orange,059,3164182,10549,7576,73,7649,157
2020-06-06,Placer,061,380077,388,270,2,272,9
2020-06-06,Plumas,063,18699,5,4,0,4,0
2020-06-06,Riverside,065,2383286,11674,8935,23,8958,345
2020-06-06,Sacramento,067,1510023,1711,1533,2,1535,59
2020-06-06,San Benito,069,59416,118,92,0,92,2
2020-06-06,San Bernardino,071,2135413,7802,5946,6,5952,214
2020-06-06,San Diego,073,3302833,9585,8347,0,8347,296
2020-06-06,San Francisco,075,870044,2918,2674,0,2674,43
2020-06-06,San Joaquin,077,732212,1592,1076,3,1079,37
2020-06-06,San Luis Obispo,079,281455,407,295,4,299,1
2020-06-06,San Mateo,081,765935,2603,2342,2,2344,72
2020-06-06,Santa Barbara,083,443738,2022,1815,15,1830,13
2020-06-06,Santa Clara,085,1922200,3732,2934,14,2948,144
2020-06-06,Santa Cruz,087,273765,258,226,0,226,2
2020-06-06,Shasta,089,179085,73,40,0,40,4
2020-06-06,Sierra,091,2930,1,1,0,1,0
2020-06-06,Siskiyou,093,43540,18,8,0,8,0
2020-06-06,Solano,095,438530,794,560,3,563,19
2020-06-06,Sonoma,097,501317,741,622,2,624,4
2020-06-06,Stanislaus,099,539301,1212,858,5,863,27
2020-06-06,Sutter,101,95872,73,51,0,51,2
2020-06-06,Tehama,103,63373,15,8,2,10,1
2020-06-06,Trinity,105,12862,8,2,2,4,0
2020-06-06,Tulare,107,460477,3140,2213,10,2223,90
2020-06-06,Tuolumne,109,53932,9,4,0,4,0
2020-06-06,Ventura,111,848112,1958,1303,11,1314,30
2020-06-06,Yolo,113,214977,262,223,0,223,24
2020-06-06,Yuba,115,75493,32,27,0,27,1
2020-06-05,Alameda,001,1643700,4273,3734,6,3740,102
2020-06-05,Alpine,002,1148,1,1,0,1,0
2020-06-05,Amador,005,37829,10,10,0,10,0
2020-06-05,Butte,007,227075,93,61,9,70,1
2020-06-05,Calaveras,009,45235,22,16,0,16,0
2020-06-05,Colusa,011,21464,9,7,0,7,0
2020-06-05,Contra Costa,013,1133247,1930,1575,1,1576,37
2020-06-05,Del Norte,015,27424,45,45,0,45,0
2020-06-05,El Dorado,017,186661,131,101,1,102,0
2020-06-05,Fresno,019,978130,3936,2051,55,2106,38
2020-06-05,Glenn,021,27897,25,16,0,16,0
2020-06-05,Humboldt,023,135768,115,111,0,111,2
2020-06-05,Imperial,025,180216,4847,2778,4,2782,19
2020-06-05,Inyo,027,18085,22,21,0,21,1
2020-06-05,Kern,029,883053,3452,2624,10,2634,46
2020-06-05,Kings,031,150075,1722,865,2,867,6
2020-06-05,Lake,033,64148,35,28,0,28,0
2020-06-05,Lassen,035,31185,13,4,2,6,0
2020-06-05,Los Angeles,037,10098052,69681,60955,30,60985,2553
2020-06-05,Madera,039,155013,338,144,1,145,3
2020-06-05,Marin,041,260295,222,546,2,548,17
2020-06-05,Mariposa,043,17540,16,16,0,16,1
2020-06-05,Mendocino,045,87422,33,32,0,32,0
2020-06-05,Merced,047,269075,505,309,0,309,7
2020-06-05,Modoc,049,8938,1,0,0,0,0
2020-06-05,Mono,051,14174,39,35,0,35,1
2020-06-05,Monterey,053,433212,912,649,2,651,10
2020-06-05,Napa,055,140530,167,123,0,123,3
2020-06-05,Nevada,057,99092,54,50,1,51,1
2020-06-05,Orange,059,3164182,10353,7391,72,7463,153
2020-06-05,Placer,061,380077,378,265,2,267,9
2020-06-05,Plumas,063,18699,5,4,0,4,0
2020-06-05,Riverside,065,2383286,11415,8700,23,8723,345
2020-06-05,Sacramento,067,1510023,1689,1514,2,1516,59
2020-06-05,San Benito,069,59416,116,92,0,92,2
2020-06-05,San Bernardino,071,2135413,7620,5869,5,5874,212
2020-06-05,San Diego,073,3302833,9470,8182,0,8182,294
2020-06-05,San Francisco,075,870044,2900,2675,0,2675,43
2020-06-05,San Joaquin,077,732212,1513,1046,3,1049,36
2020-06-05,San Luis Obispo,079,281455,400,293,4,297,1
2020-06-05,San Mateo,081,765935,2578,2331,2,2333,72
2020-06-05,Santa Barbara,083,443738,1991,1795,15,1810,13
2020-06-05,Santa Clara,085,1922200,3697,2902,14,2916,144
2020-06-05,Santa Cruz,087,273765,255,222,0,222,2
2020-06-05,Shasta,089,179085,72,40,0,40,4
2020-06-05,Sierra,091,2930,1,1,0,1,0
2020-06-05,Siskiyou,093,43540,16,8,0,8,0
2020-06-05,Solano,095,438530,787,558,3,561,19
2020-06-05,Sonoma,097,501317,720,618,2,620,4
2020-06-05,Stanislaus,099,539301,1179,842,5,847,27
2020-06-05,Sutter,101,95872,73,49,0,49,2
2020-06-05,Tehama,103,63373,15,7,2,9,1
2020-06-05,Trinity,105,12862,8,1,2,3,0
2020-06-05,Tulare,107,460477,3091,2180,10,2190,90
2020-06-05,Tuolumne,109,53932,9,4,0,4,0
2020-06-05,Ventura,111,848112,1925,1274,11,1285,30
2020-06-05,Yolo,113,214977,261,216,0,216,24
2020-06-05,Yuba,115,75493,32,27,0,27,1
2020-06-04,Alameda,001,1643700,4174,3643,6,3649,99
2020-06-04,Alpine,002,1148,1,1,0,1,0
2020-06-04,Amador,005,37829,10,10,0,10,0
2020-06-04,Butte,007,227075,89,57,8,65,1
2020-06-04,Calaveras,009,45235,22,15,0,15,0
2020-06-04,Colusa,011,21464,9,7,0,7,0
2020-06-04,Contra Costa,013,1133247,1873,1551,1,1552,37
2020-06-04,Del Norte,015,27424,45,45,0,45,0
2020-06-04,El Dorado,017,186661,129,101,1,102,0
2020-06-04,Fresno,019,978130,3832,2007,54,2061,35
2020-06-04,Glenn,021,27897,22,16,0,16,0
2020-06-04,Humboldt,023,135768,115,109,0,109,2
2020-06-04,Imperial,025,180216,4665,2631,4,2635,19
2020-06-04,Inyo,027,18085,22,20,0,20,1
2020-06-04,Kern,029,883053,3336,2530,10,2540,46
2020-06-04,Kings,031,150075,1653,842,2,844,6
2020-06-04,Lake,033,64148,34,27,0,27,0
2020-06-04,Lassen,035,31185,11,4,2,6,0
2020-06-04,Los Angeles,037,10098052,68216,59596,30,59626,2515
2020-06-04,Madera,039,155013,330,127,1,128,3
2020-06-04,Marin,041,260295,206,533,2,535,14
2020-06-04,Mariposa,043,17540,16,16,0,16,1
2020-06-04,Mendocino,045,87422,33,29,0,29,0
2020-06-04,Merced,047,269075,495,304,0,304,7
2020-06-04,Modoc,049,8938,1,0,0,0,0
2020-06-04,Mono,051,14174,39,35,0,35,1
2020-06-04,Monterey,053,433212,877,621,1,622,10
2020-06-04,Napa,055,140530,163,117,0,117,3
2020-06-04,Nevada,057,99092,53,49,1,50,1
2020-06-04,Orange,059,3164182,10099,7192,71,7263,148
2020-06-04,Placer,061,380077,362,256,2,258,9
2020-06-04,Plumas,063,18699,4,4,0,4,0
2020-06-04,Riverside,065,2383286,11138,8473,23,8496,341
2020-06-04,Sacramento,067,1510023,1660,1492,2,1494,58
2020-06-04,San Benito,069,59416,114,88,0,88,2
2020-06-04,San Bernardino,071,2135413,7351,5726,5,5731,207
2020-06-04,San Diego,073,3302833,9307,7942,0,7942,288
2020-06-04,San Francisco,075,870044,2867,2636,0,2636,43
2020-06-04,San Joaquin,077,732212,1451,1016,3,1019,36
2020-06-04,San Luis Obispo,079,281455,389,288,4,292,1
2020-06-04,San Mateo,081,765935,2551,2284,2,2286,72
2020-06-04,Santa Barbara,083,443738,1960,1750,14,1764,13
2020-06-04,Santa Clara,085,1922200,3662,2871,14,2885,144
2020-06-04,Santa Cruz,087,273765,249,218,0,218,2
2020-06-04,Shasta,089,179085,66,40,0,40,4
2020-06-04,Sierra,091,2930,1,1,0,1,0
2020-06-04,Siskiyou,093,43540,15,8,0,8,0
2020-06-04,Solano,095,438530,770,551,3,554,19
2020-06-04,Sonoma,097,501317,701,591,1,592,4
2020-06-04,Stanislaus,099,539301,1103,806,5,811,28
2020-06-04,Sutter,101,95872,68,46,0,46,2
2020-06-04,Tehama,103,63373,14,6,1,7,1
2020-06-04,Trinity,105,12862,8,1,2,3,0
2020-06-04,Tulare,107,460477,2974,2086,10,2096,90
2020-06-04,Tuolumne,109,53932,8,4,0,4,0
2020-06-04,Ventura,111,848112,1881,1236,10,1246,30
2020-06-04,Yolo,113,214977,256,216,0,216,24
2020-06-04,Yuba,115,75493,31,27,0,27,1
2020-06-03,Alameda,001,1643700,4115,3589,5,3594,99
2020-06-03,Alpine,002,1148,1,1,0,1,0
2020-06-03,Amador,005,37829,10,10,0,10,0
2020-06-03,Butte,007,227075,87,53,8,61,1
2020-06-03,Calaveras,009,45235,21,15,0,15,0
2020-06-03,Colusa,011,21464,9,7,0,7,0
2020-06-03,Contra Costa,013,1133247,1825,1511,1,1512,37
2020-06-03,Del Norte,015,27424,45,39,0,39,0
2020-06-03,El Dorado,017,186661,126,90,1,91,0
2020-06-03,Fresno,019,978130,3733,1943,53,1996,35
2020-06-03,Glenn,021,27897,22,16,0,16,0
2020-06-03,Humboldt,023,135768,115,103,0,103,2
2020-06-03,Imperial,025,180216,4492,2540,4,2544,19
2020-06-03,Inyo,027,18085,22,20,0,20,1
2020-06-03,Kern,029,883053,3240,2452,9,2461,44
2020-06-03,Kings,031,150075,1592,744,2,746,6
2020-06-03,Lake,033,64148,32,26,0,26,0
2020-06-03,Lassen,035,31185,11,4,2,6,0
2020-06-03,Los Angeles,037,10098052,66617,58166,30,58196,2472
2020-06-03,Madera,039,155013,322,117,1,118,3
2020-06-03,Marin,041,260295,202,527,2,529,14
2020-06-03,Mariposa,043,17540,16,16,0,16,1
2020-06-03,Mendocino,045,87422,32,29,0,29,0
2020-06-03,Merced,047,269075,483,299,0,299,7
2020-06-03,Modoc,049,8938,1,0,0,0,0
2020-06-03,Mono,051,14174,39,35,0,35,1
2020-06-03,Monterey,053,433212,849,592,1,593,10
2020-06-03,Napa,055,140530,162,116,0,116,3
2020-06-03,Nevada,057,99092,52,43,1,44,1
2020-06-03,Orange,059,3164182,9874,6939,70,7009,145
2020-06-03,Placer,061,380077,342,243,2,245,9
2020-06-03,Plumas,063,18699,4,4,0,4,0
2020-06-03,Riverside,065,2383286,10864,8208,23,8231,335
2020-06-03,Sacramento,067,1510023,1631,1457,2,1459,58
2020-06-03,San Benito,069,59416,108,88,0,88,2
2020-06-03,San Bernardino,071,2135413,7128,5565,5,5570,203
2020-06-03,San Diego,073,3302833,9159,7800,0,7800,283
2020-06-03,San Francisco,075,870044,2836,2608,0,2608,43
2020-06-03,San Joaquin,077,732212,1386,1004,3,1007,35
2020-06-03,San Luis Obispo,079,281455,384,279,4,283,1
2020-06-03,San Mateo,081,765935,2523,2243,2,2245,71
2020-06-03,Santa Barbara,083,443738,1926,1722,13,1735,12
2020-06-03,Santa Clara,085,1922200,3620,2836,14,2850,144
2020-06-03,Santa Cruz,087,273765,243,217,0,217,2
2020-06-03,Shasta,089,179085,63,40,0,40,4
2020-06-03,Sierra,091,2930,1,1,0,1,0
2020-06-03,Siskiyou,093,43540,14,8,0,8,0
2020-06-03,Solano,095,438530,741,543,2,545,18
2020-06-03,Sonoma,097,501317,689,578,1,579,4
2020-06-03,Stanislaus,099,539301,1063,780,5,785,27
2020-06-03,Sutter,101,95872,60,45,0,45,2
2020-06-03,Tehama,103,63373,14,6,1,7,1
2020-06-03,Trinity,105,12862,8,1,2,3,0
2020-06-03,Tulare,107,460477,2905,2041,10,2051,88
2020-06-03,Tuolumne,109,53932,6,4,0,4,0
2020-06-03,Ventura,111,848112,1814,1202,10,1212,30
2020-06-03,Yolo,113,214977,252,213,0,213,24
2020-06-03,Yuba,115,75493,31,27,0,27,1
2020-06-02,Alameda,001,1643700,4039,3517,5,3522,99
2020-06-02,Alpine,002,1148,1,1,0,1,0
2020-06-02,Amador,005,37829,10,10,0,10,0
2020-06-02,Butte,007,227075,83,51,7,58,1
2020-06-02,Calaveras,009,45235,21,15,0,15,0
2020-06-02,Colusa,011,21464,9,7,0,7,0
2020-06-02,Contra Costa,013,1133247,1793,1505,1,1506,37
2020-06-02,Del Norte,015,27424,45,39,0,39,0
2020-06-02,El Dorado,017,186661,125,88,1,89,0
2020-06-02,Fresno,019,978130,3619,1917,53,1970,34
2020-06-02,Glenn,021,27897,21,16,0,16,0
2020-06-02,Humboldt,023,135768,115,101,0,101,2
2020-06-02,Imperial,025,180216,4299,2459,4,2463,19
2020-06-02,Inyo,027,18085,20,20,0,20,1
2020-06-02,Kern,029,883053,3141,2406,7,2413,41
2020-06-02,Kings,031,150075,1564,720,2,722,5
2020-06-02,Lake,033,64148,32,25,0,25,0
2020-06-02,Lassen,035,31185,10,4,2,6,0
2020-06-02,Los Angeles,037,10098052,65215,57144,30,57174,2430
2020-06-02,Madera,039,155013,301,110,1,111,2
2020-06-02,Marin,041,260295,192,509,2,511,14
2020-06-02,Mariposa,043,17540,16,16,0,16,1
2020-06-02,Mendocino,045,87422,32,29,0,29,0
2020-06-02,Merced,047,269075,467,297,0,297,6
2020-06-02,Modoc,049,8938,1,0,0,0,0
2020-06-02,Mono,051,14174,39,35,0,35,1
2020-06-02,Monterey,053,433212,819,582,1,583,10
2020-06-02,Napa,055,140530,153,116,0,116,3
2020-06-02,Nevada,057,99092,51,41,1,42,1
2020-06-02,Orange,059,3164182,9671,6790,69,6859,142
2020-06-02,Placer,061,380077,328,226,2,228,9
2020-06-02,Plumas,063,18699,4,4,0,4,0
2020-06-02,Riverside,065,2383286,10568,8091,22,8113,330
2020-06-02,Sacramento,067,1510023,1602,1428,2,1430,58
2020-06-02,San Benito,069,59416,107,86,0,86,2
2020-06-02,San Bernardino,071,2135413,6921,5438,5,5443,202
2020-06-02,San Diego,073,3302833,9013,7676,0,7676,276
2020-06-02,San Francisco,075,870044,2801,2554,0,2554,43
2020-06-02,San Joaquin,077,732212,1320,985,3,988,35
2020-06-02,San Luis Obispo,079,281455,379,275,4,279,1
2020-06-02,San Mateo,081,765935,2488,2203,2,2205,71
2020-06-02,Santa Barbara,083,443738,1886,1703,13,1716,12
2020-06-02,Santa Clara,085,1922200,3570,2819,14,2833,144
2020-06-02,Santa Cruz,087,273765,238,215,0,215,2
2020-06-02,Shasta,089,179085,62,38,0,38,4
2020-06-02,Sierra,091,2930,1,1,0,1,0
2020-06-02,Siskiyou,093,43540,13,8,0,8,0
2020-06-02,Solano,095,438530,726,537,1,538,18
2020-06-02,Sonoma,097,501317,678,571,1,572,4
2020-06-02,Stanislaus,099,539301,1004,772,5,777,27
2020-06-02,Sutter,101,95872,57,43,0,43,2
2020-06-02,Tehama,103,63373,14,6,1,7,1
2020-06-02,Trinity,105,12862,8,1,2,3,0
2020-06-02,Tulare,107,460477,2825,2012,10,2022,86
2020-06-02,Tuolumne,109,53932,6,4,0,4,0
2020-06-02,Ventura,111,848112,1761,1178,10,1188,30
2020-06-02,Yolo,113,214977,250,213,0,213,24
2020-06-02,Yuba,115,75493,31,27,0,27,1
2020-06-01,Alameda,001,1643700,3973,3460,5,3465,98
2020-06-01,Alpine,002,1148,1,1,0,1,0
2020-06-01,Amador,005,37829,10,10,0,10,0
2020-06-01,Butte,007,227075,82,50,6,56,1
2020-06-01,Calaveras,009,45235,21,15,0,15,0
2020-06-01,Colusa,011,21464,9,7,0,7,0
2020-06-01,Contra Costa,013,1133247,1757,1486,1,1487,37
2020-06-01,Del Norte,015,27424,45,38,0,38,0
2020-06-01,El Dorado,017,186661,123,88,1,89,0
2020-06-01,Fresno,019,978130,3524,1854,51,1905,33
2020-06-01,Glenn,021,27897,21,16,0,16,0
2020-06-01,Humboldt,023,135768,115,98,0,98,2
2020-06-01,Imperial,025,180216,4077,2366,4,2370,14
2020-06-01,Inyo,027,18085,20,20,0,20,1
2020-06-01,Kern,029,883053,3058,2366,7,2373,38
2020-06-01,Kings,031,150075,1296,703,2,705,4
2020-06-01,Lake,033,64148,32,22,0,22,0
2020-06-01,Lassen,035,31185,10,4,2,6,0
2020-06-01,Los Angeles,037,10098052,63741,55899,29,55928,2367
2020-06-01,Madera,039,155013,289,103,1,104,2
2020-06-01,Marin,041,260295,183,495,2,497,14
2020-06-01,Mariposa,043,17540,16,16,0,16,1
2020-06-01,Mendocino,045,87422,32,28,0,28,0
2020-06-01,Merced,047,269075,450,289,0,289,6
2020-06-01,Modoc,049,8938,1,0,0,0,0
2020-06-01,Mono,051,14174,39,35,0,35,1
2020-06-01,Monterey,053,433212,795,554,1,555,10
2020-06-01,Napa,055,140530,150,114,0,114,3
2020-06-01,Nevada,057,99092,51,41,1,42,1
2020-06-01,Orange,059,3164182,9474,6640,68,6708,135
2020-06-01,Placer,061,380077,316,218,2,220,9
2020-06-01,Plumas,063,18699,4,4,0,4,0
2020-06-01,Riverside,065,2383286,10116,7921,21,7942,322
2020-06-01,Sacramento,067,1510023,1563,1415,2,1417,58
2020-06-01,San Benito,069,59416,104,86,0,86,2
2020-06-01,San Bernardino,071,2135413,6715,5310,5,5315,202
2020-06-01,San Diego,073,3302833,8833,7556,0,7556,269
2020-06-01,San Francisco,075,870044,2764,2546,0,2546,43
2020-06-01,San Joaquin,077,732212,1255,957,3,960,35
2020-06-01,San Luis Obispo,079,281455,375,275,4,279,1
2020-06-01,San Mateo,081,765935,2458,2190,2,2192,71
2020-06-01,Santa Barbara,083,443738,1852,1671,12,1683,10
2020-06-01,Santa Clara,085,1922200,3532,2797,13,2810,142
2020-06-01,Santa Cruz,087,273765,234,215,0,215,2
2020-06-01,Shasta,089,179085,62,38,0,38,4
2020-06-01,Sierra,091,2930,1,1,0,1,0
2020-06-01,Siskiyou,093,43540,13,7,0,7,0
2020-06-01,Solano,095,438530,702,529,1,530,17
2020-06-01,Sonoma,097,501317,662,565,1,566,4
2020-06-01,Stanislaus,099,539301,967,758,5,763,27
2020-06-01,Sutter,101,95872,52,43,0,43,2
2020-06-01,Tehama,103,63373,11,5,1,6,1
2020-06-01,Trinity,105,12862,7,1,2,3,0
2020-06-01,Tulare,107,460477,2710,1976,10,1986,84
2020-06-01,Tuolumne,109,53932,5,4,0,4,0
2020-06-01,Ventura,111,848112,1708,1163,10,1173,29
2020-06-01,Yolo,113,214977,247,212,0,212,24
2020-06-01,Yuba,115,75493,30,26,0,26,1
2020-05-31,Alameda,001,1643700,3868,3362,5,3367,98
2020-05-31,Alpine,002,1148,1,1,0,1,0
2020-05-31,Amador,005,37829,10,10,0,10,0
2020-05-31,Butte,007,227075,80,51,6,57,0
2020-05-31,Calaveras,009,45235,18,15,0,15,0
2020-05-31,Colusa,011,21464,9,5,0,5,0
2020-05-31,Contra Costa,013,1133247,1723,1458,1,1459,37
2020-05-31,Del Norte,015,27424,45,37,0,37,0
2020-05-31,El Dorado,017,186661,119,88,1,89,0
2020-05-31,Fresno,019,978130,3360,1780,46,1826,31
2020-05-31,Glenn,021,27897,20,16,0,16,0
2020-05-31,Humboldt,023,135768,113,98,0,98,2
2020-05-31,Imperial,025,180216,3809,2197,4,2201,14
2020-05-31,Inyo,027,18085,20,20,0,20,1
2020-05-31,Kern,029,883053,2923,2300,7,2307,38
2020-05-31,Kings,031,150075,1260,703,2,705,3
2020-05-31,Lake,033,64148,32,19,0,19,0
2020-05-31,Lassen,035,31185,10,4,2,6,0
2020-05-31,Los Angeles,037,10098052,62446,54925,29,54954,2344
2020-05-31,Madera,039,155013,271,101,1,102,2
2020-05-31,Marin,041,260295,179,486,2,488,14
2020-05-31,Mariposa,043,17540,16,16,0,16,1
2020-05-31,Mendocino,045,87422,32,24,0,24,0
2020-05-31,Merced,047,269075,417,288,0,288,6
2020-05-31,Modoc,049,8938,0,0,0,0,0
2020-05-31,Mono,051,14174,39,34,0,34,1
2020-05-31,Monterey,053,433212,721,545,1,546,10
2020-05-31,Napa,055,140530,148,114,0,114,3
2020-05-31,Nevada,057,99092,50,41,1,42,1
2020-05-31,Orange,059,3164182,9262,6532,67,6599,135
2020-05-31,Placer,061,380077,294,215,2,217,9
2020-05-31,Plumas,063,18699,4,4,0,4,0
2020-05-31,Riverside,065,2383286,9860,7704,21,7725,321
2020-05-31,Sacramento,067,1510023,1532,1398,2,1400,57
2020-05-31,San Benito,069,59416,98,85,0,85,2
2020-05-31,San Bernardino,071,2135413,6447,5185,5,5190,198
2020-05-31,San Diego,073,3302833,8639,7483,0,7483,269
2020-05-31,San Francisco,075,870044,2728,2501,0,2501,43
2020-05-31,San Joaquin,077,732212,1190,888,3,891,34
2020-05-31,San Luis Obispo,079,281455,365,271,4,275,1
2020-05-31,San Mateo,081,765935,2412,2169,2,2171,71
2020-05-31,Santa Barbara,083,443738,1801,1662,11,1673,9
2020-05-31,Santa Clara,085,1922200,3488,2785,13,2798,142
2020-05-31,Santa Cruz,087,273765,231,210,0,210,2
2020-05-31,Shasta,089,179085,60,38,0,38,4
2020-05-31,Sierra,091,2930,1,1,0,1,0
2020-05-31,Siskiyou,093,43540,12,7,0,7,0
2020-05-31,Solano,095,438530,676,512,1,513,6
2020-05-31,Sonoma,097,501317,642,555,1,556,4
2020-05-31,Stanislaus,099,539301,913,738,5,743,27
2020-05-31,Sutter,101,95872,50,42,0,42,2
2020-05-31,Tehama,103,63373,10,4,1,5,1
2020-05-31,Trinity,105,12862,7,1,2,3,0
2020-05-31,Tulare,107,460477,2637,1884,10,1894,82
2020-05-31,Tuolumne,109,53932,5,4,0,4,0
2020-05-31,Ventura,111,848112,1647,1151,10,1161,30
2020-05-31,Yolo,113,214977,241,211,0,211,24
2020-05-31,Yuba,115,75493,30,26,0,26,1
2020-05-30,Alameda,001,1643700,3842,3304,5,3309,96
2020-05-30,Alpine,002,1148,1,1,0,1,0
2020-05-30,Amador,005,37829,10,10,0,10,0
2020-05-30,Butte,007,227075,79,44,6,50,0
2020-05-30,Calaveras,009,45235,17,15,0,15,0
2020-05-30,Colusa,011,21464,8,5,0,5,0
2020-05-30,Contra Costa,013,1133247,1707,1429,1,1430,37
2020-05-30,Del Norte,015,27424,45,37,0,37,0
2020-05-30,El Dorado,017,186661,118,86,1,87,0
2020-05-30,Fresno,019,978130,3299,1744,45,1789,31
2020-05-30,Glenn,021,27897,19,16,0,16,0
2020-05-30,Humboldt,023,135768,112,98,0,98,2
2020-05-30,Imperial,025,180216,3719,2091,4,2095,14
2020-05-30,Inyo,027,18085,20,20,0,20,1
2020-05-30,Kern,029,883053,2854,2217,7,2224,38
2020-05-30,Kings,031,150075,1246,703,2,705,3
2020-05-30,Lake,033,64148,31,18,0,18,0
2020-05-30,Lassen,035,31185,10,4,2,6,0
2020-05-30,Los Angeles,037,10098052,61911,53627,29,53656,2319
2020-05-30,Madera,039,155013,266,101,1,102,2
2020-05-30,Marin,041,260295,179,462,2,464,14
2020-05-30,Mariposa,043,17540,16,16,0,16,1
2020-05-30,Mendocino,045,87422,32,24,0,24,0
2020-05-30,Merced,047,269075,413,285,0,285,6
2020-05-30,Modoc,049,8938,0,0,0,0,0
2020-05-30,Mono,051,14174,39,34,0,34,1
2020-05-30,Monterey,053,433212,705,520,1,521,10
2020-05-30,Napa,055,140530,146,113,0,113,3
2020-05-30,Nevada,057,99092,50,41,1,42,1
2020-05-30,Orange,059,3164182,9105,6354,66,6420,134
2020-05-30,Placer,061,380077,286,199,1,200,9
2020-05-30,Plumas,063,18699,4,4,0,4,0
2020-05-30,Riverside,065,2383286,9716,7492,21,7513,316
2020-05-30,Sacramento,067,1510023,1521,1384,2,1386,57
2020-05-30,San Benito,069,59416,97,85,0,85,2
2020-05-30,San Bernardino,071,2135413,6338,5122,5,5127,198
2020-05-30,San Diego,073,3302833,8546,7387,0,7387,269
2020-05-30,San Francisco,075,870044,2703,2496,0,2496,41
2020-05-30,San Joaquin,077,732212,1152,888,3,891,34
2020-05-30,San Luis Obispo,079,281455,360,270,4,274,1
2020-05-30,San Mateo,081,765935,2388,2129,2,2131,71
2020-05-30,Santa Barbara,083,443738,1782,1660,11,1671,9
2020-05-30,Santa Clara,085,1922200,3472,2741,13,2754,141
2020-05-30,Santa Cruz,087,273765,231,206,0,206,2
2020-05-30,Shasta,089,179085,60,36,0,36,4
2020-05-30,Sierra,091,2930,1,1,0,1,0
2020-05-30,Siskiyou,093,43540,11,7,0,7,0
2020-05-30,Solano,095,438530,669,512,1,513,6
2020-05-30,Sonoma,097,501317,632,551,1,552,4
2020-05-30,Stanislaus,099,539301,896,712,5,717,27
2020-05-30,Sutter,101,95872,49,40,0,40,2
2020-05-30,Tehama,103,63373,10,4,1,5,1
2020-05-30,Trinity,105,12862,7,1,2,3,0
2020-05-30,Tulare,107,460477,2600,1879,10,1889,81
2020-05-30,Tuolumne,109,53932,5,4,0,4,0
2020-05-30,Ventura,111,848112,1630,1116,10,1126,30
2020-05-30,Yolo,113,214977,237,210,0,210,24
2020-05-30,Yuba,115,75493,30,25,0,25,1
2020-05-29,Alameda,001,1643700,3807,3209,5,3214,96
2020-05-29,Alpine,002,1148,1,1,0,1,0
2020-05-29,Amador,005,37829,10,10,0,10,0
2020-05-29,Butte,007,227075,74,41,6,47,0
2020-05-29,Calaveras,009,45235,17,15,0,15,0
2020-05-29,Colusa,011,21464,8,5,0,5,0
2020-05-29,Contra Costa,013,1133247,1691,1411,1,1412,37
2020-05-29,Del Norte,015,27424,45,37,0,37,0
2020-05-29,El Dorado,017,186661,117,85,1,86,0
2020-05-29,Fresno,019,978130,3249,1687,45,1732,31
2020-05-29,Glenn,021,27897,19,14,0,14,0
2020-05-29,Humboldt,023,135768,111,98,0,98,2
2020-05-29,Imperial,025,180216,3601,1607,4,1611,14
2020-05-29,Inyo,027,18085,20,20,0,20,1
2020-05-29,Kern,029,883053,2796,2128,7,2135,36
2020-05-29,Kings,031,150075,1235,693,2,695,3
2020-05-29,Lake,033,64148,30,17,0,17,0
2020-05-29,Lassen,035,31185,10,0,2,2,0
2020-05-29,Los Angeles,037,10098052,60955,51578,29,51607,2273
2020-05-29,Madera,039,155013,251,98,1,99,2
2020-05-29,Marin,041,260295,174,448,2,450,14
2020-05-29,Mariposa,043,17540,16,16,0,16,1
2020-05-29,Mendocino,045,87422,30,25,0,25,0
2020-05-29,Merced,047,269075,403,285,0,285,7
2020-05-29,Modoc,049,8938,0,0,0,0,0
2020-05-29,Mono,051,14174,38,34,0,34,1
2020-05-29,Monterey,053,433212,675,479,1,480,10
2020-05-29,Napa,055,140530,143,113,0,113,3
2020-05-29,Nevada,057,99092,50,41,1,42,1
2020-05-29,Orange,059,3164182,8918,6176,63,6239,133
2020-05-29,Placer,061,380077,264,199,1,200,9
2020-05-29,Plumas,063,18699,4,4,0,4,0
2020-05-29,Riverside,065,2383286,9530,7376,21,7397,313
2020-05-29,Sacramento,067,1510023,1498,1360,2,1362,57
2020-05-29,San Benito,069,59416,97,84,0,84,2
2020-05-29,San Bernardino,071,2135413,6230,4983,5,4988,196
2020-05-29,San Diego,073,3302833,8423,7242,0,7242,266
2020-05-29,San Francisco,075,870044,2679,2453,0,2453,41
2020-05-29,San Joaquin,077,732212,1115,855,3,858,34
2020-05-29,San Luis Obispo,079,281455,356,270,4,274,1
2020-05-29,San Mateo,081,765935,2372,2103,2,2105,71
2020-05-29,Santa Barbara,083,443738,1754,1656,11,1667,9
2020-05-29,Santa Clara,085,1922200,3444,2707,13,2720,141
2020-05-29,Santa Cruz,087,273765,228,203,0,203,2
2020-05-29,Shasta,089,179085,60,36,0,36,4
2020-05-29,Sierra,091,2930,1,1,0,1,0
2020-05-29,Siskiyou,093,43540,11,7,0,7,0
2020-05-29,Solano,095,438530,660,498,1,499,6
2020-05-29,Sonoma,097,501317,621,537,1,538,4
2020-05-29,Stanislaus,099,539301,866,698,5,703,27
2020-05-29,Sutter,101,95872,47,40,0,40,2
2020-05-29,Tehama,103,63373,9,4,1,5,1
2020-05-29,Trinity,105,12862,7,1,2,3,0
2020-05-29,Tulare,107,460477,2562,1852,10,1862,80
2020-05-29,Tuolumne,109,53932,5,4,0,4,0
2020-05-29,Ventura,111,848112,1606,1093,10,1103,29
2020-05-29,Yolo,113,214977,233,211,0,211,24
2020-05-29,Yuba,115,75493,29,25,0,25,1
2020-05-28,Alameda,001,1643700,3708,3083,5,3088,94
2020-05-28,Alpine,002,1148,1,1,0,1,0
2020-05-28,Amador,005,37829,10,10,0,10,0
2020-05-28,Butte,007,227075,73,40,6,46,0
2020-05-28,Calaveras,009,45235,16,15,0,15,0
2020-05-28,Colusa,011,21464,8,5,0,5,0
2020-05-28,Contra Costa,013,1133247,1652,1392,1,1393,37
2020-05-28,Del Norte,015,27424,45,37,0,37,0
2020-05-28,El Dorado,017,186661,114,82,1,83,0
2020-05-28,Fresno,019,978130,3169,1653,44,1697,31
2020-05-28,Glenn,021,27897,18,14,0,14,0
2020-05-28,Humboldt,023,135768,110,97,0,97,2
2020-05-28,Imperial,025,180216,3405,1430,4,1434,14
2020-05-28,Inyo,027,18085,20,20,0,20,1
2020-05-28,Kern,029,883053,2718,2069,7,2076,36
2020-05-28,Kings,031,150075,898,626,2,628,3
2020-05-28,Lake,033,64148,29,17,0,17,0
2020-05-28,Lassen,035,31185,10,0,2,2,0
2020-05-28,Los Angeles,037,10098052,59379,49861,29,49890,2222
2020-05-28,Madera,039,155013,233,93,1,94,2
2020-05-28,Marin,041,260295,156,443,2,445,14
2020-05-28,Mariposa,043,17540,16,16,0,16,1
2020-05-28,Mendocino,045,87422,28,24,0,24,0
2020-05-28,Merced,047,269075,394,283,0,283,7
2020-05-28,Modoc,049,8938,0,0,0,0,0
2020-05-28,Mono,051,14174,38,34,0,34,1
2020-05-28,Monterey,053,433212,643,471,1,472,10
2020-05-28,Napa,055,140530,140,113,0,113,3
2020-05-28,Nevada,057,99092,45,41,1,42,1
2020-05-28,Orange,059,3164182,8723,6045,63,6108,130
2020-05-28,Placer,061,380077,257,196,1,197,9
2020-05-28,Plumas,063,18699,4,4,0,4,0
2020-05-28,Riverside,065,2383286,9126,7240,20,7260,304
2020-05-28,Sacramento,067,1510023,1478,1339,2,1341,57
2020-05-28,San Benito,069,59416,96,82,0,82,2
2020-05-28,San Bernardino,071,2135413,6065,4831,5,4836,191
2020-05-28,San Diego,073,3302833,8266,7102,0,7102,260
2020-05-28,San Francisco,075,870044,2645,2417,0,2417,40
2020-05-28,San Joaquin,077,732212,1080,840,3,843,34
2020-05-28,San Luis Obispo,079,281455,353,267,4,271,1
2020-05-28,San Mateo,081,765935,2345,2070,2,2072,71
2020-05-28,Santa Barbara,083,443738,1726,1642,10,1652,9
2020-05-28,Santa Clara,085,1922200,3404,2698,13,2711,140
2020-05-28,Santa Cruz,087,273765,227,201,0,201,2
2020-05-28,Shasta,089,179085,58,36,0,36,4
2020-05-28,Sierra,091,2930,1,1,0,1,0
2020-05-28,Siskiyou,093,43540,9,6,0,6,0
2020-05-28,Solano,095,438530,643,489,1,490,6
2020-05-28,Sonoma,097,501317,599,529,1,530,4
2020-05-28,Stanislaus,099,539301,825,684,5,689,27
2020-05-28,Sutter,101,95872,47,40,0,40,2
2020-05-28,Tehama,103,63373,9,4,1,5,1
2020-05-28,Trinity,105,12862,6,1,2,3,0
2020-05-28,Tulare,107,460477,2526,1832,10,1842,79
2020-05-28,Tuolumne,109,53932,5,4,0,4,0
2020-05-28,Ventura,111,848112,1573,1083,10,1093,29
2020-05-28,Yolo,113,214977,230,206,0,206,22
2020-05-28,Yuba,115,75493,28,24,0,24,1
2020-05-27,Alameda,001,1643700,3625,3037,5,3042,94
2020-05-27,Alpine,002,1148,1,1,0,1,0
2020-05-27,Amador,005,37829,10,10,0,10,0
2020-05-27,Butte,007,227075,70,40,5,45,0
2020-05-27,Calaveras,009,45235,15,15,0,15,0
2020-05-27,Colusa,011,21464,8,5,0,5,0
2020-05-27,Contra Costa,013,1133247,1612,1373,1,1374,37
2020-05-27,Del Norte,015,27424,45,34,0,34,0
2020-05-27,El Dorado,017,186661,113,82,1,83,0
2020-05-27,Fresno,019,978130,3079,1620,44,1664,27
2020-05-27,Glenn,021,27897,18,14,0,14,0
2020-05-27,Humboldt,023,135768,110,86,0,86,2
2020-05-27,Imperial,025,180216,3227,1369,4,1373,14
2020-05-27,Inyo,027,18085,20,20,0,20,1
2020-05-27,Kern,029,883053,2653,1999,7,2006,37
2020-05-27,Kings,031,150075,871,586,2,588,3
2020-05-27,Lake,033,64148,29,13,0,13,0
2020-05-27,Lassen,035,31185,10,0,2,2,0
2020-05-27,Los Angeles,037,10098052,58008,48711,29,48740,2177
2020-05-27,Madera,039,155013,224,91,1,92,2
2020-05-27,Marin,041,260295,145,439,2,441,14
2020-05-27,Mariposa,043,17540,16,16,0,16,1
2020-05-27,Mendocino,045,87422,27,21,0,21,0
2020-05-27,Merced,047,269075,388,278,0,278,7
2020-05-27,Modoc,049,8938,0,0,0,0,0
2020-05-27,Mono,051,14174,38,34,0,34,1
2020-05-27,Monterey,053,433212,603,443,1,444,8
2020-05-27,Napa,055,140530,135,112,0,112,3
2020-05-27,Nevada,057,99092,44,41,1,42,1
2020-05-27,Orange,059,3164182,8568,5849,63,5912,121
2020-05-27,Placer,061,380077,238,196,0,196,9
2020-05-27,Plumas,063,18699,4,4,0,4,0
2020-05-27,Riverside,065,2383286,8747,7156,20,7176,299
2020-05-27,Sacramento,067,1510023,1450,1318,2,1320,50
2020-05-27,San Benito,069,59416,93,74,0,74,2
2020-05-27,San Bernardino,071,2135413,5881,4708,5,4713,183
2020-05-27,San Diego,073,3302833,8115,6985,0,6985,255
2020-05-27,San Francisco,075,870044,2616,2394,0,2394,40
2020-05-27,San Joaquin,077,732212,1039,825,3,828,34
2020-05-27,San Luis Obispo,079,281455,348,266,4,270,1
2020-05-27,San Mateo,081,765935,2305,2045,2,2047,71
2020-05-27,Santa Barbara,083,443738,1711,1629,10,1639,9
2020-05-27,Santa Clara,085,1922200,3371,2680,13,2693,140
2020-05-27,Santa Cruz,087,273765,223,202,0,202,2
2020-05-27,Shasta,089,179085,55,36,0,36,4
2020-05-27,Sierra,091,2930,1,1,0,1,0
2020-05-27,Siskiyou,093,43540,9,6,0,6,0
2020-05-27,Solano,095,438530,623,477,1,478,5
2020-05-27,Sonoma,097,501317,585,521,1,522,4
2020-05-27,Stanislaus,099,539301,800,675,5,680,27
2020-05-27,Sutter,101,95872,46,40,0,40,2
2020-05-27,Tehama,103,63373,9,3,1,4,1
2020-05-27,Trinity,105,12862,6,1,2,3,0
2020-05-27,Tulare,107,460477,2474,1817,10,1827,77
2020-05-27,Tuolumne,109,53932,5,4,0,4,0
2020-05-27,Ventura,111,848112,1548,1065,10,1075,28
2020-05-27,Yolo,113,214977,229,204,0,204,22
2020-05-27,Yuba,115,75493,28,24,0,24,1
2020-05-26,Alameda,001,1643700,3530,2956,5,2961,92
2020-05-26,Alpine,002,1148,1,1,0,1,0
2020-05-26,Amador,005,37829,10,10,0,10,0
2020-05-26,Butte,007,227075,68,37,4,41,0
2020-05-26,Calaveras,009,45235,15,13,0,13,0
2020-05-26,Colusa,011,21464,8,4,0,4,0
2020-05-26,Contra Costa,013,1133247,1576,1352,1,1353,37
2020-05-26,Del Norte,015,27424,44,30,0,30,0
2020-05-26,El Dorado,017,186661,109,79,1,80,0
2020-05-26,Fresno,019,978130,2992,1496,44,1540,22
2020-05-26,Glenn,021,27897,16,12,0,12,0
2020-05-26,Humboldt,023,135768,108,81,0,81,2
2020-05-26,Imperial,025,180216,3014,1369,4,1373,14
2020-05-26,Inyo,027,18085,20,20,0,20,1
2020-05-26,Kern,029,883053,2575,1890,7,1897,31
2020-05-26,Kings,031,150075,803,449,1,450,2
2020-05-26,Lake,033,64148,27,12,0,12,0
2020-05-26,Lassen,035,31185,9,0,2,2,0
2020-05-26,Los Angeles,037,10098052,56542,47760,29,47789,2121
2020-05-26,Madera,039,155013,209,83,1,84,2
2020-05-26,Marin,041,260295,143,424,2,426,14
2020-05-26,Mariposa,043,17540,16,16,0,16,1
2020-05-26,Mendocino,045,87422,25,20,0,20,0
2020-05-26,Merced,047,269075,377,266,0,266,7
2020-05-26,Modoc,049,8938,0,1,0,1,0
2020-05-26,Mono,051,14174,37,34,0,34,1
2020-05-26,Monterey,053,433212,575,424,1,425,8
2020-05-26,Napa,055,140530,130,109,0,109,3
2020-05-26,Nevada,057,99092,43,41,1,42,1
2020-05-26,Orange,059,3164182,8299,5651,62,5713,115
2020-05-26,Placer,061,380077,233,188,0,188,9
2020-05-26,Plumas,063,18699,4,4,0,4,0
2020-05-26,Riverside,065,2383286,8300,6917,20,6937,284
2020-05-26,Sacramento,067,1510023,1424,1298,2,1300,50
2020-05-26,San Benito,069,59416,88,69,0,69,2
2020-05-26,San Bernardino,071,2135413,5713,4430,5,4435,175
2020-05-26,San Diego,073,3302833,7972,6884,0,6884,249
2020-05-26,San Francisco,075,870044,2583,2363,0,2363,40
2020-05-26,San Joaquin,077,732212,992,760,3,763,33
2020-05-26,San Luis Obispo,079,281455,346,260,4,264,1
2020-05-26,San Mateo,081,765935,2267,1967,2,1969,71
2020-05-26,Santa Barbara,083,443738,1694,1590,9,1599,9
2020-05-26,Santa Clara,085,1922200,3339,2659,13,2672,139
2020-05-26,Santa Cruz,087,273765,221,197,0,197,2
2020-05-26,Shasta,089,179085,55,36,0,36,4
2020-05-26,Sierra,091,2930,1,1,0,1,0
2020-05-26,Siskiyou,093,43540,8,6,0,6,0
2020-05-26,Solano,095,438530,604,470,1,471,5
2020-05-26,Sonoma,097,501317,577,509,0,509,4
2020-05-26,Stanislaus,099,539301,780,663,5,668,27
2020-05-26,Sutter,101,95872,45,39,0,39,2
2020-05-26,Tehama,103,63373,8,2,1,3,1
2020-05-26,Trinity,105,12862,6,1,2,3,0
2020-05-26,Tulare,107,460477,2418,1768,10,1778,76
2020-05-26,Tuolumne,109,53932,5,2,0,2,0
2020-05-26,Ventura,111,848112,1511,1033,8,1041,27
2020-05-26,Yolo,113,214977,223,198,0,198,22
2020-05-26,Yuba,115,75493,27,24,0,24,1
2020-05-25,Alameda,001,1643700,3436,2900,5,2905,92
2020-05-25,Alpine,002,1148,1,1,0,1,0
2020-05-25,Amador,005,37829,10,10,0,10,0
2020-05-25,Butte,007,227075,65,37,4,41,0
2020-05-25,Calaveras,009,45235,15,13,0,13,0
2020-05-25,Colusa,011,21464,7,4,0,4,0
2020-05-25,Contra Costa,013,1133247,1544,1348,1,1349,37
2020-05-25,Del Norte,015,27424,44,20,0,20,0
2020-05-25,El Dorado,017,186661,101,78,1,79,0
2020-05-25,Fresno,019,978130,2889,1496,42,1538,22
2020-05-25,Glenn,021,27897,16,12,0,12,0
2020-05-25,Humboldt,023,135768,107,81,0,81,2
2020-05-25,Imperial,025,180216,2808,1369,4,1373,14
2020-05-25,Inyo,027,18085,19,20,0,20,1
2020-05-25,Kern,029,883053,2504,1890,7,1897,31
2020-05-25,Kings,031,150075,773,447,1,448,2
2020-05-25,Lake,033,64148,25,13,0,13,0
2020-05-25,Lassen,035,31185,9,0,2,2,0
2020-05-25,Los Angeles,037,10098052,54729,45952,28,45980,2094
2020-05-25,Madera,039,155013,196,83,1,84,2
2020-05-25,Marin,041,260295,140,415,2,417,14
2020-05-25,Mariposa,043,17540,16,15,0,15,1
2020-05-25,Mendocino,045,87422,22,19,0,19,0
2020-05-25,Merced,047,269075,371,262,0,262,6
2020-05-25,Modoc,049,8938,0,1,0,1,0
2020-05-25,Mono,051,14174,37,34,0,34,1
2020-05-25,Monterey,053,433212,545,418,1,419,8
2020-05-25,Napa,055,140530,130,107,0,107,3
2020-05-25,Nevada,057,99092,43,41,1,42,1
2020-05-25,Orange,059,3164182,8076,5601,61,5662,115
2020-05-25,Placer,061,380077,229,186,0,186,9
2020-05-25,Plumas,063,18699,4,4,0,4,0
2020-05-25,Riverside,065,2383286,8069,6900,20,6920,284
2020-05-25,Sacramento,067,1510023,1404,1290,1,1291,50
2020-05-25,San Benito,069,59416,87,70,0,70,2
2020-05-25,San Bernardino,071,2135413,5523,4393,4,4397,175
2020-05-25,San Diego,073,3302833,7796,6799,0,6799,249
2020-05-25,San Francisco,075,870044,2546,2358,0,2358,40
2020-05-25,San Joaquin,077,732212,966,760,3,763,33
2020-05-25,San Luis Obispo,079,281455,343,260,4,264,1
2020-05-25,San Mateo,081,765935,2230,1938,2,1940,71
2020-05-25,Santa Barbara,083,443738,1684,1590,9,1599,9
2020-05-25,Santa Clara,085,1922200,3306,2647,13,2660,139
2020-05-25,Santa Cruz,087,273765,219,191,0,191,2
2020-05-25,Shasta,089,179085,54,36,0,36,4
2020-05-25,Sierra,091,2930,1,1,0,1,0
2020-05-25,Siskiyou,093,43540,8,6,0,6,0
2020-05-25,Solano,095,438530,589,437,1,438,5
2020-05-25,Sonoma,097,501317,565,496,0,496,4
2020-05-25,Stanislaus,099,539301,750,651,5,656,27
2020-05-25,Sutter,101,95872,45,38,0,38,2
2020-05-25,Tehama,103,63373,7,2,1,3,1
2020-05-25,Trinity,105,12862,6,1,2,3,0
2020-05-25,Tulare,107,460477,2354,1747,10,1757,76
2020-05-25,Tuolumne,109,53932,5,2,0,2,0
2020-05-25,Ventura,111,848112,1470,1020,8,1028,27
2020-05-25,Yolo,113,214977,221,197,0,197,22
2020-05-25,Yuba,115,75493,26,24,0,24,1
2020-05-24,Alameda,001,1643700,3363,2830,5,2835,92
2020-05-24,Alpine,002,1148,1,1,0,1,0
2020-05-24,Amador,005,37829,10,9,0,9,0
2020-05-24,Butte,007,227075,63,35,4,39,0
2020-05-24,Calaveras,009,45235,15,13,0,13,0
2020-05-24,Colusa,011,21464,7,4,0,4,0
2020-05-24,Contra Costa,013,1133247,1516,1325,1,1326,37
2020-05-24,Del Norte,015,27424,43,16,0,16,0
2020-05-24,El Dorado,017,186661,100,76,1,77,0
2020-05-24,Fresno,019,978130,2822,1455,41,1496,22
2020-05-24,Glenn,021,27897,15,12,0,12,0
2020-05-24,Humboldt,023,135768,107,81,0,81,2
2020-05-24,Imperial,025,180216,2682,1369,4,1373,14
2020-05-24,Inyo,027,18085,19,20,0,20,1
2020-05-24,Kern,029,883053,2431,1861,6,1867,31
2020-05-24,Kings,031,150075,762,446,1,447,2
2020-05-24,Lake,033,64148,24,12,0,12,0
2020-05-24,Lassen,035,31185,8,0,2,2,0
2020-05-24,Los Angeles,037,10098052,53713,44954,28,44982,2085
2020-05-24,Madera,039,155013,190,83,1,84,2
2020-05-24,Marin,041,260295,139,401,2,403,14
2020-05-24,Mariposa,043,17540,16,15,0,15,1
2020-05-24,Mendocino,045,87422,21,19,0,19,0
2020-05-24,Merced,047,269075,370,258,0,258,6
2020-05-24,Modoc,049,8938,0,0,0,0,0
2020-05-24,Mono,051,14174,37,34,0,34,1
2020-05-24,Monterey,053,433212,517,405,1,406,8
2020-05-24,Napa,055,140530,128,104,0,104,3
2020-05-24,Nevada,057,99092,43,41,1,42,1
2020-05-24,Orange,059,3164182,7922,5439,60,5499,113
2020-05-24,Placer,061,380077,221,184,0,184,9
2020-05-24,Plumas,063,18699,4,4,0,4,0
2020-05-24,Riverside,065,2383286,7928,6571,20,6591,284
2020-05-24,Sacramento,067,1510023,1388,1283,1,1284,50
2020-05-24,San Benito,069,59416,86,67,0,67,2
2020-05-24,San Bernardino,071,2135413,5415,4262,4,4266,175
2020-05-24,San Diego,073,3302833,7653,6703,0,6703,249
2020-05-24,San Francisco,075,870044,2523,2318,0,2318,40
2020-05-24,San Joaquin,077,732212,947,760,3,763,33
2020-05-24,San Luis Obispo,079,281455,341,257,4,261,1
2020-05-24,San Mateo,081,765935,2195,1925,2,1927,71
2020-05-24,Santa Barbara,083,443738,1672,1573,9,1582,9
2020-05-24,Santa Clara,085,1922200,3286,2623,13,2636,139
2020-05-24,Santa Cruz,087,273765,216,185,0,185,2
2020-05-24,Shasta,089,179085,53,36,0,36,4
2020-05-24,Sierra,091,2930,1,1,0,1,0
2020-05-24,Siskiyou,093,43540,7,6,0,6,0
2020-05-24,Solano,095,438530,581,436,0,436,5
2020-05-24,Sonoma,097,501317,554,485,0,485,4
2020-05-24,Stanislaus,099,539301,730,634,5,639,27
2020-05-24,Sutter,101,95872,45,38,0,38,2
2020-05-24,Tehama,103,63373,5,2,1,3,1
2020-05-24,Trinity,105,12862,6,1,2,3,0
2020-05-24,Tulare,107,460477,2308,1684,10,1694,74
2020-05-24,Tuolumne,109,53932,5,2,0,2,0
2020-05-24,Ventura,111,848112,1458,982,8,990,27
2020-05-24,Yolo,113,214977,219,192,0,192,22
2020-05-24,Yuba,115,75493,26,24,0,24,1
2020-05-23,Alameda,001,1643700,3322,2783,5,2788,91
2020-05-23,Alpine,002,1148,1,1,0,1,0
2020-05-23,Amador,005,37829,10,9,0,9,0
2020-05-23,Butte,007,227075,62,34,4,38,0
2020-05-23,Calaveras,009,45235,15,13,0,13,0
2020-05-23,Colusa,011,21464,7,4,0,4,0
2020-05-23,Contra Costa,013,1133247,1505,1302,1,1303,36
2020-05-23,Del Norte,015,27424,43,10,0,10,0
2020-05-23,El Dorado,017,186661,100,74,1,75,0
2020-05-23,Fresno,019,978130,2802,1447,41,1488,21
2020-05-23,Glenn,021,27897,15,12,0,12,0
2020-05-23,Humboldt,023,135768,105,80,0,80,2
2020-05-23,Imperial,025,180216,2594,1283,4,1287,14
2020-05-23,Inyo,027,18085,19,20,0,20,1
2020-05-23,Kern,029,883053,2388,1806,6,1812,31
2020-05-23,Kings,031,150075,758,444,1,445,2
2020-05-23,Lake,033,64148,23,10,0,10,0
2020-05-23,Lassen,035,31185,8,0,2,2,0
2020-05-23,Los Angeles,037,10098052,53168,44029,28,44057,2069
2020-05-23,Madera,039,155013,186,83,1,84,2
2020-05-23,Marin,041,260295,139,393,1,394,14
2020-05-23,Mariposa,043,17540,16,15,0,15,1
2020-05-23,Mendocino,045,87422,21,13,0,13,0
2020-05-23,Merced,047,269075,365,247,0,247,6
2020-05-23,Modoc,049,8938,0,0,0,0,0
2020-05-23,Mono,051,14174,36,34,0,34,1
2020-05-23,Monterey,053,433212,503,397,1,398,8
2020-05-23,Napa,055,140530,124,101,0,101,3
2020-05-23,Nevada,057,99092,43,41,1,42,1
2020-05-23,Orange,059,3164182,7763,5313,59,5372,113
2020-05-23,Placer,061,380077,215,184,0,184,9
2020-05-23,Plumas,063,18699,4,4,0,4,0
2020-05-23,Riverside,065,2383286,7837,6460,20,6480,284
2020-05-23,Sacramento,067,1510023,1372,1275,1,1276,50
2020-05-23,San Benito,069,59416,81,67,0,67,2
2020-05-23,San Bernardino,071,2135413,5321,4172,4,4176,175
2020-05-23,San Diego,073,3302833,7562,6561,0,6561,249
2020-05-23,San Francisco,075,870044,2504,2312,0,2312,40
2020-05-23,San Joaquin,077,732212,932,759,3,762,33
2020-05-23,San Luis Obispo,079,281455,337,256,4,260,1
2020-05-23,San Mateo,081,765935,2167,1862,2,1864,71
2020-05-23,Santa Barbara,083,443738,1664,1566,9,1575,9
2020-05-23,Santa Clara,085,1922200,3272,2593,12,2605,139
2020-05-23,Santa Cruz,087,273765,214,177,0,177,2
2020-05-23,Shasta,089,179085,53,35,0,35,4
2020-05-23,Sierra,091,2930,1,1,0,1,0
2020-05-23,Siskiyou,093,43540,7,6,0,6,0
2020-05-23,Solano,095,438530,575,435,0,435,5
2020-05-23,Sonoma,097,501317,540,462,0,462,4
2020-05-23,Stanislaus,099,539301,722,625,5,630,27
2020-05-23,Sutter,101,95872,44,38,0,38,2
2020-05-23,Tehama,103,63373,5,2,1,3,1
2020-05-23,Trinity,105,12862,6,1,2,3,0
2020-05-23,Tulare,107,460477,2287,1682,10,1692,73
2020-05-23,Tuolumne,109,53932,5,2,0,2,0
2020-05-23,Ventura,111,848112,1438,961,8,969,27
2020-05-23,Yolo,113,214977,218,188,0,188,22
2020-05-23,Yuba,115,75493,26,24,0,24,1
2020-05-22,Alameda,001,1643700,3268,2722,5,2727,91
2020-05-22,Alpine,002,1148,1,1,0,1,0
2020-05-22,Amador,005,37829,10,9,0,9,0
2020-05-22,Butte,007,227075,60,34,4,38,0
2020-05-22,Calaveras,009,45235,15,13,0,13,0
2020-05-22,Colusa,011,21464,7,4,0,4,0
2020-05-22,Contra Costa,013,1133247,1493,1272,1,1273,36
2020-05-22,Del Norte,015,27424,41,9,0,9,0
2020-05-22,El Dorado,017,186661,97,74,1,75,0
2020-05-22,Fresno,019,978130,2743,1399,40,1439,20
2020-05-22,Glenn,021,27897,15,12,0,12,0
2020-05-22,Humboldt,023,135768,105,80,0,80,2
2020-05-22,Imperial,025,180216,2492,1214,4,1218,14
2020-05-22,Inyo,027,18085,19,20,0,20,1
2020-05-22,Kern,029,883053,2339,1749,6,1755,28
2020-05-22,Kings,031,150075,755,428,1,429,2
2020-05-22,Lake,033,64148,22,10,0,10,0
2020-05-22,Lassen,035,31185,6,0,2,2,0
2020-05-22,Los Angeles,037,10098052,52371,43025,28,43053,2027
2020-05-22,Madera,039,155013,182,82,1,83,2
2020-05-22,Marin,041,260295,137,372,1,373,14
2020-05-22,Mariposa,043,17540,16,15,0,15,1
2020-05-22,Mendocino,045,87422,20,13,0,13,0
2020-05-22,Merced,047,269075,359,233,0,233,6
2020-05-22,Modoc,049,8938,0,0,0,0,0
2020-05-22,Mono,051,14174,36,34,0,34,1
2020-05-22,Monterey,053,433212,492,372,1,373,8
2020-05-22,Napa,055,140530,122,97,0,97,3
2020-05-22,Nevada,057,99092,42,41,1,42,1
2020-05-22,Orange,059,3164182,7566,5144,57,5201,113
2020-05-22,Placer,061,380077,215,181,0,181,9
2020-05-22,Plumas,063,18699,4,4,0,4,0
2020-05-22,Riverside,065,2383286,7722,6351,20,6371,283
2020-05-22,Sacramento,067,1510023,1356,1262,1,1263,50
2020-05-22,San Benito,069,59416,80,64,0,64,2
2020-05-22,San Bernardino,071,2135413,5246,4107,4,4111,173
2020-05-22,San Diego,073,3302833,7476,6436,0,6436,242
2020-05-22,San Francisco,075,870044,2486,2251,0,2251,40
2020-05-22,San Joaquin,077,732212,919,747,3,750,33
2020-05-22,San Luis Obispo,079,281455,336,254,4,258,1
2020-05-22,San Mateo,081,765935,2148,1847,2,1849,71
2020-05-22,Santa Barbara,083,443738,1654,1554,9,1563,9
2020-05-22,Santa Clara,085,1922200,3252,2537,12,2549,139
2020-05-22,Santa Cruz,087,273765,211,171,0,171,2
2020-05-22,Shasta,089,179085,53,34,0,34,4
2020-05-22,Sierra,091,2930,1,0,0,0,0
2020-05-22,Siskiyou,093,43540,7,6,0,6,0
2020-05-22,Solano,095,438530,572,431,0,431,4
2020-05-22,Sonoma,097,501317,536,444,0,444,4
2020-05-22,Stanislaus,099,539301,712,616,5,621,27
2020-05-22,Sutter,101,95872,44,38,0,38,2
2020-05-22,Tehama,103,63373,5,2,0,2,1
2020-05-22,Trinity,105,12862,6,1,2,3,0
2020-05-22,Tulare,107,460477,2257,1662,10,1672,73
2020-05-22,Tuolumne,109,53932,5,2,0,2,0
2020-05-22,Ventura,111,848112,1420,937,8,945,27
2020-05-22,Yolo,113,214977,216,187,0,187,22
2020-05-22,Yuba,115,75493,26,24,0,24,1
2020-05-21,Alameda,001,1643700,3202,2606,5,2611,89
2020-05-21,Alpine,002,1148,1,1,0,1,0
2020-05-21,Amador,005,37829,10,9,0,9,0
2020-05-21,Butte,007,227075,59,31,4,35,0
2020-05-21,Calaveras,009,45235,15,13,0,13,0
2020-05-21,Colusa,011,21464,7,4,0,4,0
2020-05-21,Contra Costa,013,1133247,1457,1243,1,1244,36
2020-05-21,Del Norte,015,27424,38,9,0,9,0
2020-05-21,El Dorado,017,186661,95,67,1,68,0
2020-05-21,Fresno,019,978130,2652,1362,39,1401,20
2020-05-21,Glenn,021,27897,14,12,0,12,0
2020-05-21,Humboldt,023,135768,104,79,0,79,0
2020-05-21,Imperial,025,180216,2332,1096,4,1100,14
2020-05-21,Inyo,027,18085,19,20,0,20,1
2020-05-21,Kern,029,883053,2263,1684,5,1689,27
2020-05-21,Kings,031,150075,734,417,1,418,2
2020-05-21,Lake,033,64148,17,10,0,10,0
2020-05-21,Lassen,035,31185,6,0,2,2,0
2020-05-21,Los Angeles,037,10098052,51331,42063,28,42091,1996
2020-05-21,Madera,039,155013,179,82,1,83,2
2020-05-21,Marin,041,260295,130,359,1,360,14
2020-05-21,Mariposa,043,17540,16,15,0,15,1
2020-05-21,Mendocino,045,87422,20,12,0,12,0
2020-05-21,Merced,047,269075,351,226,0,226,6
2020-05-21,Modoc,049,8938,0,0,0,0,0
2020-05-21,Mono,051,14174,36,33,0,33,1
2020-05-21,Monterey,053,433212,481,363,1,364,8
2020-05-21,Napa,055,140530,120,96,0,96,3
2020-05-21,Nevada,057,99092,42,41,1,42,1
2020-05-21,Orange,059,3164182,7363,4975,57,5032,106
2020-05-21,Placer,061,380077,208,176,0,176,8
2020-05-21,Plumas,063,18699,4,4,0,4,0
2020-05-21,Riverside,065,2383286,7535,6245,20,6265,279
2020-05-21,Sacramento,067,1510023,1343,1258,1,1259,56
2020-05-21,San Benito,069,59416,77,61,0,61,2
2020-05-21,San Bernardino,071,2135413,5099,3950,4,3954,167
2020-05-21,San Diego,073,3302833,7340,6317,0,6317,241
2020-05-21,San Francisco,075,870044,2462,2248,0,2248,37
2020-05-21,San Joaquin,077,732212,883,730,3,733,33
2020-05-21,San Luis Obispo,079,281455,336,251,3,254,1
2020-05-21,San Mateo,081,765935,2112,1791,2,1793,74
2020-05-21,Santa Barbara,083,443738,1639,1541,9,1550,10
2020-05-21,Santa Clara,085,1922200,3230,2520,12,2532,138
2020-05-21,Santa Cruz,087,273765,203,164,0,164,3
2020-05-21,Shasta,089,179085,51,34,0,34,4
2020-05-21,Sierra,091,2930,1,0,0,0,0
2020-05-21,Siskiyou,093,43540,7,6,0,6,0
2020-05-21,Solano,095,438530,563,424,0,424,4
2020-05-21,Sonoma,097,501317,518,427,0,427,4
2020-05-21,Stanislaus,099,539301,700,602,5,607,27
2020-05-21,Sutter,101,95872,43,38,0,38,2
2020-05-21,Tehama,103,63373,4,2,0,2,1
2020-05-21,Trinity,105,12862,5,1,2,3,0
2020-05-21,Tulare,107,460477,2207,1606,8,1614,73
2020-05-21,Tuolumne,109,53932,3,2,0,2,0
2020-05-21,Ventura,111,848112,1371,907,8,915,30
2020-05-21,Yolo,113,214977,213,185,0,185,22
2020-05-21,Yuba,115,75493,26,24,0,24,1
2020-05-20,Alameda,001,1643700,3129,2554,5,2559,89
2020-05-20,Alpine,002,1148,1,1,0,1,0
2020-05-20,Amador,005,37829,10,9,0,9,0
2020-05-20,Butte,007,227075,56,30,4,34,0
2020-05-20,Calaveras,009,45235,15,13,0,13,0
2020-05-20,Colusa,011,21464,7,3,0,3,0
2020-05-20,Contra Costa,013,1133247,1427,1223,1,1224,33
2020-05-20,Del Norte,015,27424,31,9,0,9,0
2020-05-20,El Dorado,017,186661,94,67,1,68,0
2020-05-20,Fresno,019,978130,2579,1329,38,1367,17
2020-05-20,Glenn,021,27897,13,12,0,12,0
2020-05-20,Humboldt,023,135768,101,73,0,73,0
2020-05-20,Imperial,025,180216,2216,1047,4,1051,14
2020-05-20,Inyo,027,18085,19,20,0,20,1
2020-05-20,Kern,029,883053,2200,1639,4,1643,27
2020-05-20,Kings,031,150075,590,403,1,404,2
2020-05-20,Lake,033,64148,17,9,0,9,0
2020-05-20,Lassen,035,31185,5,0,2,2,0
2020-05-20,Los Angeles,037,10098052,50341,40932,28,40960,1955
2020-05-20,Madera,039,155013,177,82,1,83,2
2020-05-20,Marin,041,260295,117,348,1,349,14
2020-05-20,Mariposa,043,17540,16,15,0,15,1
2020-05-20,Mendocino,045,87422,20,12,0,12,0
2020-05-20,Merced,047,269075,346,225,0,225,6
2020-05-20,Modoc,049,8938,0,0,0,0,0
2020-05-20,Mono,051,14174,36,33,0,33,1
2020-05-20,Monterey,053,433212,467,356,1,357,8
2020-05-20,Napa,055,140530,113,93,0,93,3
2020-05-20,Nevada,057,99092,42,41,1,42,1
2020-05-20,Orange,059,3164182,7155,4866,55,4921,96
2020-05-20,Placer,061,380077,206,176,0,176,8
2020-05-20,Plumas,063,18699,4,4,0,4,0
2020-05-20,Riverside,065,2383286,7392,6090,20,6110,265
2020-05-20,Sacramento,067,1510023,1333,1244,1,1245,56
2020-05-20,San Benito,069,59416,76,61,0,61,2
2020-05-20,San Bernardino,071,2135413,4971,3771,4,3775,161
2020-05-20,San Diego,073,3302833,7223,6142,0,6142,230
2020-05-20,San Francisco,075,870044,2439,2199,0,2199,37
2020-05-20,San Joaquin,077,732212,847,713,3,716,33
2020-05-20,San Luis Obispo,079,281455,329,249,3,252,1
2020-05-20,San Mateo,081,765935,2059,1739,2,1741,74
2020-05-20,Santa Barbara,083,443738,1620,1524,9,1533,10
2020-05-20,Santa Clara,085,1922200,3209,2508,11,2519,138
2020-05-20,Santa Cruz,087,273765,200,163,0,163,3
2020-05-20,Shasta,089,179085,51,34,0,34,4
2020-05-20,Sierra,091,2930,1,0,0,0,0
2020-05-20,Siskiyou,093,43540,7,6,0,6,0
2020-05-20,Solano,095,438530,558,418,0,418,4
2020-05-20,Sonoma,097,501317,509,411,0,411,4
2020-05-20,Stanislaus,099,539301,684,584,4,588,25
2020-05-20,Sutter,101,95872,43,38,0,38,2
2020-05-20,Tehama,103,63373,4,2,0,2,1
2020-05-20,Trinity,105,12862,4,1,1,2,0
2020-05-20,Tulare,107,460477,2166,1585,8,1593,71
2020-05-20,Tuolumne,109,53932,3,2,0,2,0
2020-05-20,Ventura,111,848112,1335,879,8,887,29
2020-05-20,Yolo,113,214977,210,184,0,184,22
2020-05-20,Yuba,115,75493,26,23,0,23,1
2020-05-19,Alameda,001,1643700,3053,2493,3,2496,88
2020-05-19,Alpine,002,1148,1,1,0,1,0
2020-05-19,Amador,005,37829,10,9,0,9,0
2020-05-19,Butte,007,227075,54,25,4,29,0
2020-05-19,Calaveras,009,45235,15,13,0,13,0
2020-05-19,Colusa,011,21464,5,3,0,3,0
2020-05-19,Contra Costa,013,1133247,1403,1205,1,1206,33
2020-05-19,Del Norte,015,27424,28,8,0,8,0
2020-05-19,El Dorado,017,186661,91,67,0,67,0
2020-05-19,Fresno,019,978130,2467,1288,37,1325,15
2020-05-19,Glenn,021,27897,13,12,0,12,0
2020-05-19,Humboldt,023,135768,101,72,0,72,0
2020-05-19,Imperial,025,180216,2054,1012,4,1016,14
2020-05-19,Inyo,027,18085,19,20,0,20,1
2020-05-19,Kern,029,883053,2102,1601,4,1605,26
2020-05-19,Kings,031,150075,579,393,1,394,2
2020-05-19,Lake,033,64148,14,11,0,11,0
2020-05-19,Lassen,035,31185,5,0,2,2,0
2020-05-19,Los Angeles,037,10098052,49137,39670,28,39698,1906
2020-05-19,Madera,039,155013,173,80,1,81,2
2020-05-19,Marin,041,260295,102,340,1,341,14
2020-05-19,Mariposa,043,17540,16,15,0,15,1
2020-05-19,Mendocino,045,87422,20,12,0,12,0
2020-05-19,Merced,047,269075,338,222,0,222,5
2020-05-19,Modoc,049,8938,0,0,0,0,0
2020-05-19,Mono,051,14174,36,33,0,33,1
2020-05-19,Monterey,053,433212,455,350,1,351,8
2020-05-19,Napa,055,140530,112,93,0,93,3
2020-05-19,Nevada,057,99092,42,41,1,42,1
2020-05-19,Orange,059,3164182,6961,4746,53,4799,90
2020-05-19,Placer,061,380077,204,177,0,177,8
2020-05-19,Plumas,063,18699,4,5,0,5,0
2020-05-19,Riverside,065,2383286,7232,5963,19,5982,265
2020-05-19,Sacramento,067,1510023,1319,1239,1,1240,57
2020-05-19,San Benito,069,59416,74,59,0,59,2
2020-05-19,San Bernardino,071,2135413,4821,3656,4,3660,158
2020-05-19,San Diego,073,3302833,7079,6028,0,6028,222
2020-05-19,San Francisco,075,870044,2405,2186,0,2186,37
2020-05-19,San Joaquin,077,732212,825,705,3,708,33
2020-05-19,San Luis Obispo,079,281455,329,245,3,248,1
2020-05-19,San Mateo,081,765935,2018,1704,2,1706,71
2020-05-19,Santa Barbara,083,443738,1606,1521,9,1530,10
2020-05-19,Santa Clara,085,1922200,3159,2480,11,2491,138
2020-05-19,Santa Cruz,087,273765,189,161,0,161,3
2020-05-19,Shasta,089,179085,51,34,0,34,4
2020-05-19,Sierra,091,2930,0,0,0,0,0
2020-05-19,Siskiyou,093,43540,7,6,0,6,0
2020-05-19,Solano,095,438530,544,415,0,415,4
2020-05-19,Sonoma,097,501317,498,389,0,389,4
2020-05-19,Stanislaus,099,539301,670,582,4,586,25
2020-05-19,Sutter,101,95872,43,38,0,38,2
2020-05-19,Tehama,103,63373,4,2,0,2,1
2020-05-19,Trinity,105,12862,3,1,0,1,0
2020-05-19,Tulare,107,460477,2118,1551,8,1559,68
2020-05-19,Tuolumne,109,53932,3,2,0,2,0
2020-05-19,Ventura,111,848112,1294,861,7,868,28
2020-05-19,Yolo,113,214977,208,183,0,183,22
2020-05-19,Yuba,115,75493,26,23,0,23,1
2020-05-18,Alameda,001,1643700,2980,2442,3,2445,84
2020-05-18,Alpine,002,1148,1,1,0,1,0
2020-05-18,Amador,005,37829,10,8,0,8,0
2020-05-18,Butte,007,227075,52,24,4,28,0
2020-05-18,Calaveras,009,45235,15,13,0,13,0
2020-05-18,Colusa,011,21464,5,3,0,3,0
2020-05-18,Contra Costa,013,1133247,1372,1173,1,1174,33
2020-05-18,Del Norte,015,27424,23,8,0,8,0
2020-05-18,El Dorado,017,186661,89,67,0,67,0
2020-05-18,Fresno,019,978130,2392,1244,36,1280,14
2020-05-18,Glenn,021,27897,13,11,0,11,0
2020-05-18,Humboldt,023,135768,101,70,0,70,0
2020-05-18,Imperial,025,180216,1901,767,4,771,14
2020-05-18,Inyo,027,18085,19,20,0,20,1
2020-05-18,Kern,029,883053,2053,1566,4,1570,26
2020-05-18,Kings,031,150075,548,381,1,382,2
2020-05-18,Lake,033,64148,13,9,0,9,0
2020-05-18,Lassen,035,31185,5,0,2,2,0
2020-05-18,Los Angeles,037,10098052,48111,38477,28,38505,1825
2020-05-18,Madera,039,155013,167,74,1,75,2
2020-05-18,Marin,041,260295,98,329,1,330,14
2020-05-18,Mariposa,043,17540,16,15,0,15,1
2020-05-18,Mendocino,045,87422,15,12,0,12,0
2020-05-18,Merced,047,269075,329,217,0,217,5
2020-05-18,Modoc,049,8938,0,0,0,0,0
2020-05-18,Mono,051,14174,36,33,0,33,1
2020-05-18,Monterey,053,433212,444,345,1,346,8
2020-05-18,Napa,055,140530,108,92,0,92,3
2020-05-18,Nevada,057,99092,42,41,1,42,1
2020-05-18,Orange,059,3164182,6771,4558,51,4609,88
2020-05-18,Placer,061,380077,202,176,0,176,8
2020-05-18,Plumas,063,18699,4,5,0,5,0
2020-05-18,Riverside,065,2383286,7032,5873,18,5891,253
2020-05-18,Sacramento,067,1510023,1313,1233,0,1233,57
2020-05-18,San Benito,069,59416,72,59,0,59,2
2020-05-18,San Bernardino,071,2135413,4674,3558,4,3562,156
2020-05-18,San Diego,073,3302833,6946,5948,0,5948,211
2020-05-18,San Francisco,075,870044,2382,2183,0,2183,36
2020-05-18,San Joaquin,077,732212,813,697,3,700,33
2020-05-18,San Luis Obispo,079,281455,325,243,3,246,1
2020-05-18,San Mateo,081,765935,1980,1701,2,1703,68
2020-05-18,Santa Barbara,083,443738,1595,1501,9,1510,10
2020-05-18,Santa Clara,085,1922200,3126,2468,11,2479,137
2020-05-18,Santa Cruz,087,273765,187,160,0,160,3
2020-05-18,Shasta,089,179085,50,34,0,34,4
2020-05-18,Sierra,091,2930,0,0,0,0,0
2020-05-18,Siskiyou,093,43540,7,6,0,6,0
2020-05-18,Solano,095,438530,533,398,0,398,4
2020-05-18,Sonoma,097,501317,480,387,0,387,4
2020-05-18,Stanislaus,099,539301,658,572,4,576,25
2020-05-18,Sutter,101,95872,43,38,0,38,2
2020-05-18,Tehama,103,63373,4,2,0,2,1
2020-05-18,Trinity,105,12862,3,1,0,1,0
2020-05-18,Tulare,107,460477,2074,1491,8,1499,63
2020-05-18,Tuolumne,109,53932,3,2,0,2,0
2020-05-18,Ventura,111,848112,1271,850,6,856,27
2020-05-18,Yolo,113,214977,203,183,0,183,22
2020-05-18,Yuba,115,75493,26,23,0,23,1
2020-05-17,Alameda,001,1643700,2885,2389,3,2392,83
2020-05-17,Alpine,002,1148,1,1,0,1,0
2020-05-17,Amador,005,37829,10,8,0,8,0
2020-05-17,Butte,007,227075,51,23,4,27,0
2020-05-17,Calaveras,009,45235,15,13,0,13,0
2020-05-17,Colusa,011,21464,3,3,0,3,0
2020-05-17,Contra Costa,013,1133247,1333,1155,1,1156,33
2020-05-17,Del Norte,015,27424,23,7,0,7,0
2020-05-17,El Dorado,017,186661,89,65,0,65,0
2020-05-17,Fresno,019,978130,2287,1213,33,1246,14
2020-05-17,Glenn,021,27897,13,9,0,9,0
2020-05-17,Humboldt,023,135768,94,70,0,70,0
2020-05-17,Imperial,025,180216,1753,715,4,719,14
2020-05-17,Inyo,027,18085,19,20,0,20,1
2020-05-17,Kern,029,883053,1975,1546,3,1549,26
2020-05-17,Kings,031,150075,501,356,1,357,2
2020-05-17,Lake,033,64148,13,7,0,7,0
2020-05-17,Lassen,035,31185,5,0,2,2,0
2020-05-17,Los Angeles,037,10098052,46870,37996,28,38024,1807
2020-05-17,Madera,039,155013,165,69,1,70,2
2020-05-17,Marin,041,260295,92,315,1,316,14
2020-05-17,Mariposa,043,17540,15,15,0,15,1
2020-05-17,Mendocino,045,87422,14,10,0,10,0
2020-05-17,Merced,047,269075,319,214,0,214,5
2020-05-17,Modoc,049,8938,0,0,0,0,0
2020-05-17,Mono,051,14174,36,32,0,32,1
2020-05-17,Monterey,053,433212,424,342,1,343,8
2020-05-17,Napa,055,140530,105,89,0,89,3
2020-05-17,Nevada,057,99092,42,41,1,42,1
2020-05-17,Orange,059,3164182,6591,4466,50,4516,88
2020-05-17,Placer,061,380077,197,175,0,175,8
2020-05-17,Plumas,063,18699,4,4,0,4,0
2020-05-17,Riverside,065,2383286,6858,5776,18,5794,245
2020-05-17,Sacramento,067,1510023,1302,1224,0,1224,56
2020-05-17,San Benito,069,59416,71,59,0,59,2
2020-05-17,San Bernardino,071,2135413,4524,3467,4,3471,155
2020-05-17,San Diego,073,3302833,6814,5838,0,5838,209
2020-05-17,San Francisco,075,870044,2355,2132,0,2132,36
2020-05-17,San Joaquin,077,732212,783,688,3,691,32
2020-05-17,San Luis Obispo,079,281455,323,242,3,245,1
2020-05-17,San Mateo,081,765935,1943,1680,2,1682,68
2020-05-17,Santa Barbara,083,443738,1576,1457,9,1466,10
2020-05-17,Santa Clara,085,1922200,3088,2453,11,2464,135
2020-05-17,Santa Cruz,087,273765,176,155,0,155,3
2020-05-17,Shasta,089,179085,49,34,0,34,4
2020-05-17,Sierra,091,2930,0,0,0,0,0
2020-05-17,Siskiyou,093,43540,7,6,0,6,0
2020-05-17,Solano,095,438530,521,392,0,392,4
2020-05-17,Sonoma,097,501317,459,376,0,376,4
2020-05-17,Stanislaus,099,539301,647,566,4,570,25
2020-05-17,Sutter,101,95872,42,38,0,38,2
2020-05-17,Tehama,103,63373,3,2,0,2,1
2020-05-17,Trinity,105,12862,2,1,0,1,0
2020-05-17,Tulare,107,460477,1998,1430,7,1437,63
2020-05-17,Tuolumne,109,53932,3,2,0,2,0
2020-05-17,Ventura,111,848112,1226,838,6,844,27
2020-05-17,Yolo,113,214977,201,182,0,182,22
2020-05-17,Yuba,115,75493,26,21,0,21,1
2020-05-16,Alameda,001,1643700,2835,2327,3,2330,83
2020-05-16,Alpine,002,1148,1,1,0,1,0
2020-05-16,Amador,005,37829,10,8,0,8,0
2020-05-16,Butte,007,227075,46,22,4,26,0
2020-05-16,Calaveras,009,45235,15,13,0,13,0
2020-05-16,Colusa,011,21464,3,3,0,3,0
2020-05-16,Contra Costa,013,1133247,1315,1136,1,1137,33
2020-05-16,Del Norte,015,27424,19,4,0,4,0
2020-05-16,El Dorado,017,186661,89,65,0,65,0
2020-05-16,Fresno,019,978130,2231,1177,33,1210,14
2020-05-16,Glenn,021,27897,13,9,0,9,0
2020-05-16,Humboldt,023,135768,92,69,0,69,0
2020-05-16,Imperial,025,180216,1688,712,4,716,14
2020-05-16,Inyo,027,18085,19,20,0,20,1
2020-05-16,Kern,029,883053,1939,1509,3,1512,26
2020-05-16,Kings,031,150075,491,356,1,357,2
2020-05-16,Lake,033,64148,13,7,0,7,0
2020-05-16,Lassen,035,31185,4,0,2,2,0
2020-05-16,Los Angeles,037,10098052,46296,37352,28,37380,1778
2020-05-16,Madera,039,155013,163,70,1,71,2
2020-05-16,Marin,041,260295,90,297,1,298,14
2020-05-16,Mariposa,043,17540,15,15,0,15,1
2020-05-16,Mendocino,045,87422,14,10,0,10,0
2020-05-16,Merced,047,269075,317,201,0,201,5
2020-05-16,Modoc,049,8938,0,0,0,0,0
2020-05-16,Mono,051,14174,36,32,0,32,1
2020-05-16,Monterey,053,433212,409,329,1,330,8
2020-05-16,Napa,055,140530,105,86,0,86,3
2020-05-16,Nevada,057,99092,42,41,1,42,1
2020-05-16,Orange,059,3164182,6515,4396,49,4445,87
2020-05-16,Placer,061,380077,195,174,0,174,8
2020-05-16,Plumas,063,18699,4,4,0,4,0
2020-05-16,Riverside,065,2383286,6773,5633,18,5651,243
2020-05-16,Sacramento,067,1510023,1295,1209,0,1209,55
2020-05-16,San Benito,069,59416,66,58,0,58,2
2020-05-16,San Bernardino,071,2135413,4452,3362,4,3366,155
2020-05-16,San Diego,073,3302833,6728,5664,0,5664,209
2020-05-16,San Francisco,075,870044,2332,2094,0,2094,36
2020-05-16,San Joaquin,077,732212,775,668,3,671,32
2020-05-16,San Luis Obispo,079,281455,322,240,3,243,1
2020-05-16,San Mateo,081,765935,1928,1652,2,1654,68
2020-05-16,Santa Barbara,083,443738,1565,1422,9,1431,10
2020-05-16,Santa Clara,085,1922200,3070,2420,11,2431,135
2020-05-16,Santa Cruz,087,273765,173,154,0,154,3
2020-05-16,Shasta,089,179085,49,33,0,33,4
2020-05-16,Sierra,091,2930,0,0,0,0,0
2020-05-16,Siskiyou,093,43540,7,6,0,6,0
2020-05-16,Solano,095,438530,516,392,0,392,4
2020-05-16,Sonoma,097,501317,446,356,0,356,4
2020-05-16,Stanislaus,099,539301,638,546,4,550,24
2020-05-16,Sutter,101,95872,42,35,0,35,2
2020-05-16,Tehama,103,63373,3,2,0,2,1
2020-05-16,Trinity,105,12862,2,1,0,1,0
2020-05-16,Tulare,107,460477,1980,1426,7,1433,63
2020-05-16,Tuolumne,109,53932,3,2,0,2,0
2020-05-16,Ventura,111,848112,1200,813,6,819,25
2020-05-16,Yolo,113,214977,200,181,0,181,22
2020-05-16,Yuba,115,75493,26,21,0,21,1
2020-05-15,Alameda,001,1643700,2801,2289,3,2292,83
2020-05-15,Alpine,002,1148,1,1,0,1,0
2020-05-15,Amador,005,37829,10,8,0,8,0
2020-05-15,Butte,007,227075,44,22,4,26,0
2020-05-15,Calaveras,009,45235,14,13,0,13,0
2020-05-15,Colusa,011,21464,3,3,0,3,0
2020-05-15,Contra Costa,013,1133247,1297,1106,1,1107,33
2020-05-15,Del Norte,015,27424,14,4,0,4,0
2020-05-15,El Dorado,017,186661,89,64,0,64,0
2020-05-15,Fresno,019,978130,2165,1126,33,1159,14
2020-05-15,Glenn,021,27897,13,9,0,9,0
2020-05-15,Humboldt,023,135768,91,60,0,60,0
2020-05-15,Imperial,025,180216,1603,680,0,680,14
2020-05-15,Inyo,027,18085,19,20,0,20,1
2020-05-15,Kern,029,883053,1883,1472,3,1475,25
2020-05-15,Kings,031,150075,488,347,1,348,2
2020-05-15,Lake,033,64148,13,7,0,7,0
2020-05-15,Lassen,035,31185,4,0,2,2,0
2020-05-15,Los Angeles,037,10098052,45508,36317,28,36345,1734
2020-05-15,Madera,039,155013,162,71,1,72,2
2020-05-15,Marin,041,260295,84,295,1,296,14
2020-05-15,Mariposa,043,17540,15,15,0,15,1
2020-05-15,Mendocino,045,87422,14,10,0,10,0
2020-05-15,Merced,047,269075,313,191,0,191,5
2020-05-15,Modoc,049,8938,0,0,0,0,0
2020-05-15,Mono,051,14174,36,31,0,31,1
2020-05-15,Monterey,053,433212,403,321,1,322,8
2020-05-15,Napa,055,140530,105,83,0,83,3
2020-05-15,Nevada,057,99092,42,41,1,42,1
2020-05-15,Orange,059,3164182,6343,4281,49,4330,87
2020-05-15,Placer,061,380077,193,174,0,174,8
2020-05-15,Plumas,063,18699,4,4,0,4,0
2020-05-15,Riverside,065,2383286,6659,5496,18,5514,233
2020-05-15,Sacramento,067,1510023,1285,1203,0,1203,55
2020-05-15,San Benito,069,59416,63,57,0,57,2
2020-05-15,San Bernardino,071,2135413,4374,3225,4,3229,153
2020-05-15,San Diego,073,3302833,6621,5525,0,5525,208
2020-05-15,San Francisco,075,870044,2316,2062,0,2062,36
2020-05-15,San Joaquin,077,732212,769,656,3,659,32
2020-05-15,San Luis Obispo,079,281455,320,237,3,240,1
2020-05-15,San Mateo,081,765935,1906,1612,2,1614,68
2020-05-15,Santa Barbara,083,443738,1556,1409,8,1417,10
2020-05-15,Santa Clara,085,1922200,3027,2395,10,2405,135
2020-05-15,Santa Cruz,087,273765,172,146,0,146,3
2020-05-15,Shasta,089,179085,48,33,0,33,4
2020-05-15,Sierra,091,2930,0,0,0,0,0
2020-05-15,Siskiyou,093,43540,6,5,0,5,0
2020-05-15,Solano,095,438530,512,388,0,388,4
2020-05-15,Sonoma,097,501317,438,349,0,349,4
2020-05-15,Stanislaus,099,539301,631,540,4,544,23
2020-05-15,Sutter,101,95872,41,35,0,35,2
2020-05-15,Tehama,103,63373,3,1,0,1,1
2020-05-15,Trinity,105,12862,2,1,0,1,0
2020-05-15,Tulare,107,460477,1952,1356,7,1363,61
2020-05-15,Tuolumne,109,53932,3,2,0,2,0
2020-05-15,Ventura,111,848112,1182,789,5,794,25
2020-05-15,Yolo,113,214977,199,182,0,182,22
2020-05-15,Yuba,115,75493,26,21,0,21,1
2020-05-14,Alameda,001,1643700,2709,2255,3,2258,80
2020-05-14,Alpine,002,1148,1,1,0,1,0
2020-05-14,Amador,005,37829,10,8,0,8,0
2020-05-14,Butte,007,227075,42,22,4,26,0
2020-05-14,Calaveras,009,45235,14,13,0,13,0
2020-05-14,Colusa,011,21464,3,3,0,3,0
2020-05-14,Contra Costa,013,1133247,1270,1090,1,1091,32
2020-05-14,Del Norte,015,27424,14,4,0,4,0
2020-05-14,El Dorado,017,186661,80,59,0,59,0
2020-05-14,Fresno,019,978130,2105,1038,29,1067,12
2020-05-14,Glenn,021,27897,12,8,0,8,0
2020-05-14,Humboldt,023,135768,89,59,0,59,0
2020-05-14,Imperial,025,180216,1487,652,0,652,13
2020-05-14,Inyo,027,18085,19,20,0,20,1
2020-05-14,Kern,029,883053,1841,1430,3,1433,21
2020-05-14,Kings,031,150075,472,342,1,343,1
2020-05-14,Lake,033,64148,13,7,0,7,0
2020-05-14,Lassen,035,31185,4,0,2,2,0
2020-05-14,Los Angeles,037,10098052,44336,35427,28,35455,1693
2020-05-14,Madera,039,155013,153,69,1,70,2
2020-05-14,Marin,041,260295,79,283,1,284,14
2020-05-14,Mariposa,043,17540,15,15,0,15,0
2020-05-14,Mendocino,045,87422,13,10,0,10,0
2020-05-14,Merced,047,269075,303,182,0,182,3
2020-05-14,Modoc,049,8938,0,0,0,0,0
2020-05-14,Mono,051,14174,36,31,0,31,1
2020-05-14,Monterey,053,433212,393,317,1,318,7
2020-05-14,Napa,055,140530,103,83,0,83,3
2020-05-14,Nevada,057,99092,41,41,1,42,1
2020-05-14,Orange,059,3164182,6169,4163,47,4210,83
2020-05-14,Placer,061,380077,193,172,0,172,8
2020-05-14,Plumas,063,18699,4,4,0,4,0
2020-05-14,Riverside,065,2383286,6475,5339,18,5357,224
2020-05-14,Sacramento,067,1510023,1273,1181,0,1181,55
2020-05-14,San Benito,069,59416,61,56,0,56,2
2020-05-14,San Bernardino,071,2135413,4195,3149,4,3153,149
2020-05-14,San Diego,073,3302833,6486,5393,0,5393,200
2020-05-14,San Francisco,075,870044,2283,2029,0,2029,36
2020-05-14,San Joaquin,077,732212,754,643,3,646,31
2020-05-14,San Luis Obispo,079,281455,317,236,3,239,1
2020-05-14,San Mateo,081,765935,1874,1588,2,1590,67
2020-05-14,Santa Barbara,083,443738,1544,1395,8,1403,11
2020-05-14,Santa Clara,085,1922200,3004,2380,10,2390,134
2020-05-14,Santa Cruz,087,273765,170,145,0,145,3
2020-05-14,Shasta,089,179085,48,33,0,33,4
2020-05-14,Sierra,091,2930,0,0,0,0,0
2020-05-14,Siskiyou,093,43540,6,5,0,5,0
2020-05-14,Solano,095,438530,503,372,0,372,4
2020-05-14,Sonoma,097,501317,421,333,0,333,4
2020-05-14,Stanislaus,099,539301,612,533,4,537,23
2020-05-14,Sutter,101,95872,41,34,0,34,2
2020-05-14,Tehama,103,63373,3,1,0,1,1
2020-05-14,Trinity,105,12862,2,1,0,1,0
2020-05-14,Tulare,107,460477,1913,1317,7,1324,55
2020-05-14,Tuolumne,109,53932,3,2,0,2,0
2020-05-14,Ventura,111,848112,1151,760,5,765,25
2020-05-14,Yolo,113,214977,199,180,0,180,22
2020-05-14,Yuba,115,75493,26,21,0,21,1
2020-05-13,Alameda,001,1643700,2651,2181,3,2184,78
2020-05-13,Alpine,002,1148,1,1,0,1,0
2020-05-13,Amador,005,37829,10,8,0,8,0
2020-05-13,Butte,007,227075,42,21,4,25,0
2020-05-13,Calaveras,009,45235,14,13,0,13,0
2020-05-13,Colusa,011,21464,3,3,0,3,0
2020-05-13,Contra Costa,013,1133247,1248,1082,1,1083,32
2020-05-13,Del Norte,015,27424,13,4,0,4,0
2020-05-13,El Dorado,017,186661,79,58,0,58,0
2020-05-13,Fresno,019,978130,2006,993,29,1022,10
2020-05-13,Glenn,021,27897,11,6,0,6,0
2020-05-13,Humboldt,023,135768,83,58,0,58,0
2020-05-13,Imperial,025,180216,1417,610,0,610,11
2020-05-13,Inyo,027,18085,19,20,0,20,1
2020-05-13,Kern,029,883053,1795,1390,3,1393,19
2020-05-13,Kings,031,150075,458,314,1,315,1
2020-05-13,Lake,033,64148,13,7,0,7,0
2020-05-13,Lassen,035,31185,4,0,2,2,0
2020-05-13,Los Angeles,037,10098052,43024,34574,28,34602,1643
2020-05-13,Madera,039,155013,144,69,1,70,2
2020-05-13,Marin,041,260295,69,278,1,279,14
2020-05-13,Mariposa,043,17540,15,15,0,15,0
2020-05-13,Mendocino,045,87422,13,10,0,10,0
2020-05-13,Merced,047,269075,299,176,0,176,3
2020-05-13,Modoc,049,8938,0,0,0,0,0
2020-05-13,Mono,051,14174,35,31,0,31,1
2020-05-13,Monterey,053,433212,383,309,1,310,6
2020-05-13,Napa,055,140530,103,81,0,81,3
2020-05-13,Nevada,057,99092,41,41,1,42,1
2020-05-13,Orange,059,3164182,5923,4025,45,4070,79
2020-05-13,Placer,061,380077,192,170,0,170,8
2020-05-13,Plumas,063,18699,4,4,0,4,0
2020-05-13,Riverside,065,2383286,6352,5204,18,5222,216
2020-05-13,Sacramento,067,1510023,1258,1173,0,1173,53
2020-05-13,San Benito,069,59416,61,55,0,55,2
2020-05-13,San Bernardino,071,2135413,3939,3064,3,3067,140
2020-05-13,San Diego,073,3302833,6350,5280,0,5280,194
2020-05-13,San Francisco,075,870044,2255,2004,0,2004,35
2020-05-13,San Joaquin,077,732212,733,639,3,642,31
2020-05-13,San Luis Obispo,079,281455,315,231,3,234,1
2020-05-13,San Mateo,081,765935,1842,1550,2,1552,66
2020-05-13,Santa Barbara,083,443738,1533,1382,8,1390,10
2020-05-13,Santa Clara,085,1922200,2984,2370,10,2380,132
2020-05-13,Santa Cruz,087,273765,166,142,0,142,2
2020-05-13,Shasta,089,179085,48,32,0,32,4
2020-05-13,Sierra,091,2930,0,0,0,0,0
2020-05-13,Siskiyou,093,43540,6,5,0,5,0
2020-05-13,Solano,095,438530,490,368,0,368,4
2020-05-13,Sonoma,097,501317,411,330,0,330,4
2020-05-13,Stanislaus,099,539301,603,521,4,525,15
2020-05-13,Sutter,101,95872,41,33,0,33,2
2020-05-13,Tehama,103,63373,3,1,0,1,1
2020-05-13,Trinity,105,12862,2,2,0,2,0
2020-05-13,Tulare,107,460477,1880,1283,7,1290,54
2020-05-13,Tuolumne,109,53932,3,2,0,2,0
2020-05-13,Ventura,111,848112,1120,742,5,747,25
2020-05-13,Yolo,113,214977,197,178,0,178,22
2020-05-13,Yuba,115,75493,24,19,0,19,1
2020-05-12,Alameda,001,1643700,2587,2146,3,2149,74
2020-05-12,Alpine,002,1148,1,1,0,1,0
2020-05-12,Amador,005,37829,10,8,0,8,0
2020-05-12,Butte,007,227075,40,20,4,24,0
2020-05-12,Calaveras,009,45235,13,13,0,13,0
2020-05-12,Colusa,011,21464,3,3,0,3,0
2020-05-12,Contra Costa,013,1133247,1217,1067,1,1068,32
2020-05-12,Del Norte,015,27424,10,3,0,3,0
2020-05-12,El Dorado,017,186661,76,56,0,56,0
2020-05-12,Fresno,019,978130,1922,978,27,1005,9
2020-05-12,Glenn,021,27897,10,6,0,6,0
2020-05-12,Humboldt,023,135768,80,58,0,58,0
2020-05-12,Imperial,025,180216,1287,602,0,602,9
2020-05-12,Inyo,027,18085,19,20,0,20,1
2020-05-12,Kern,029,883053,1754,1363,3,1366,18
2020-05-12,Kings,031,150075,437,302,1,303,1
2020-05-12,Lake,033,64148,13,7,0,7,0
2020-05-12,Lassen,035,31185,4,0,2,2,0
2020-05-12,Los Angeles,037,10098052,42031,33281,27,33308,1601
2020-05-12,Madera,039,155013,138,69,1,70,2
2020-05-12,Marin,041,260295,65,274,1,275,14
2020-05-12,Mariposa,043,17540,15,15,0,15,0
2020-05-12,Mendocino,045,87422,13,10,0,10,0
2020-05-12,Merced,047,269075,286,175,0,175,3
2020-05-12,Modoc,049,8938,0,0,0,0,0
2020-05-12,Mono,051,14174,35,31,0,31,1
2020-05-12,Monterey,053,433212,376,298,1,299,6
2020-05-12,Napa,055,140530,100,80,0,80,3
2020-05-12,Nevada,057,99092,41,41,1,42,1
2020-05-12,Orange,059,3164182,5741,3843,43,3886,78
2020-05-12,Placer,061,380077,191,170,0,170,8
2020-05-12,Plumas,063,18699,4,4,0,4,0
2020-05-12,Riverside,065,2383286,6229,5134,18,5152,210
2020-05-12,Sacramento,067,1510023,1238,1166,0,1166,52
2020-05-12,San Benito,069,59416,61,55,0,55,2
2020-05-12,San Bernardino,071,2135413,3787,2997,3,3000,131
2020-05-12,San Diego,073,3302833,6206,3,0,3,0
2020-05-12,San Francisco,075,870044,2220,1981,0,1981,35
2020-05-12,San Joaquin,077,732212,718,625,3,628,30
2020-05-12,San Luis Obispo,079,281455,312,226,3,229,1
2020-05-12,San Mateo,081,765935,1816,1533,2,1535,66
2020-05-12,Santa Barbara,083,443738,1502,1377,8,1385,10
2020-05-12,Santa Clara,085,1922200,2953,2362,10,2372,131
2020-05-12,Santa Cruz,087,273765,164,141,0,141,2
2020-05-12,Shasta,089,179085,47,33,0,33,4
2020-05-12,Sierra,091,2930,0,0,0,0,0
2020-05-12,Siskiyou,093,43540,6,5,0,5,0
2020-05-12,Solano,095,438530,481,361,0,361,4
2020-05-12,Sonoma,097,501317,388,308,0,308,4
2020-05-12,Stanislaus,099,539301,596,515,4,519,15
2020-05-12,Sutter,101,95872,41,33,0,33,2
2020-05-12,Tehama,103,63373,3,1,0,1,1
2020-05-12,Trinity,105,12862,2,1,0,1,0
2020-05-12,Tulare,107,460477,1848,1261,7,1268,52
2020-05-12,Tuolumne,109,53932,3,2,0,2,0
2020-05-12,Ventura,111,848112,1064,718,5,723,20
2020-05-12,Yolo,113,214977,196,176,0,176,22
2020-05-12,Yuba,115,75493,24,19,0,19,1
2020-05-11,Alameda,001,1643700,2537,2103,3,2106,71
2020-05-11,Alpine,002,1148,1,1,0,1,0
2020-05-11,Amador,005,37829,10,8,0,8,0
2020-05-11,Butte,007,227075,39,19,4,23,0
2020-05-11,Calaveras,009,45235,13,13,0,13,0
2020-05-11,Colusa,011,21464,3,3,0,3,0
2020-05-11,Contra Costa,013,1133247,1203,1052,1,1053,32
2020-05-11,Del Norte,015,27424,8,3,0,3,0
2020-05-11,El Dorado,017,186661,76,55,0,55,0
2020-05-11,Fresno,019,978130,1831,937,26,963,8
2020-05-11,Glenn,021,27897,10,6,0,6,0
2020-05-11,Humboldt,023,135768,77,56,0,56,0
2020-05-11,Imperial,025,180216,1181,562,0,562,9
2020-05-11,Inyo,027,18085,19,20,0,20,1
2020-05-11,Kern,029,883053,1702,1331,3,1334,17
2020-05-11,Kings,031,150075,414,289,0,289,1
2020-05-11,Lake,033,64148,12,7,0,7,0
2020-05-11,Lassen,035,31185,4,0,2,2,0
2020-05-11,Los Angeles,037,10098052,40848,32279,27,32306,1553
2020-05-11,Madera,039,155013,129,68,1,69,2
2020-05-11,Marin,041,260295,57,271,1,272,14
2020-05-11,Mariposa,043,17540,15,15,0,15,0
2020-05-11,Mendocino,045,87422,13,10,0,10,0
2020-05-11,Merced,047,269075,269,158,0,158,3
2020-05-11,Modoc,049,8938,0,0,0,0,0
2020-05-11,Mono,051,14174,35,30,0,30,1
2020-05-11,Monterey,053,433212,373,286,1,287,6
2020-05-11,Napa,055,140530,94,79,0,79,2
2020-05-11,Nevada,057,99092,41,41,1,42,1
2020-05-11,Orange,059,3164182,5526,3699,37,3736,77
2020-05-11,Placer,061,380077,191,170,0,170,8
2020-05-11,Plumas,063,18699,4,4,0,4,0
2020-05-11,Riverside,065,2383286,6071,5082,17,5099,203
2020-05-11,Sacramento,067,1510023,1223,1160,0,1160,52
2020-05-11,San Benito,069,59416,59,52,0,52,2
2020-05-11,San Bernardino,071,2135413,3676,2945,3,2948,124
2020-05-11,San Diego,073,3302833,6053,5067,0,5067,175
2020-05-11,San Francisco,075,870044,2174,1974,0,1974,35
2020-05-11,San Joaquin,077,732212,708,620,3,623,30
2020-05-11,San Luis Obispo,079,281455,310,224,3,227,1
2020-05-11,San Mateo,081,765935,1790,1499,2,1501,66
2020-05-11,Santa Barbara,083,443738,1491,1372,7,1379,10
2020-05-11,Santa Clara,085,1922200,2936,2340,10,2350,129
2020-05-11,Santa Cruz,087,273765,161,140,0,140,2
2020-05-11,Shasta,089,179085,47,31,0,31,4
2020-05-11,Sierra,091,2930,0,0,0,0,0
2020-05-11,Siskiyou,093,43540,6,5,0,5,0
2020-05-11,Solano,095,438530,474,354,0,354,4
2020-05-11,Sonoma,097,501317,378,303,0,303,3
2020-05-11,Stanislaus,099,539301,586,507,4,511,14
2020-05-11,Sutter,101,95872,40,32,0,32,2
2020-05-11,Tehama,103,63373,3,1,0,1,1
2020-05-11,Trinity,105,12862,2,1,0,1,0
2020-05-11,Tulare,107,460477,1799,1203,7,1210,49
2020-05-11,Tuolumne,109,53932,3,2,0,2,0
2020-05-11,Ventura,111,848112,1003,698,4,702,19
2020-05-11,Yolo,113,214977,196,174,0,174,20
2020-05-11,Yuba,115,75493,24,18,0,18,1
2020-05-10,Alameda,001,1643700,2460,2047,3,2050,71
2020-05-10,Alpine,002,1148,1,1,0,1,0
2020-05-10,Amador,005,37829,10,8,0,8,0
2020-05-10,Butte,007,227075,34,18,4,22,0
2020-05-10,Calaveras,009,45235,13,13,0,13,0
2020-05-10,Colusa,011,21464,3,3,0,3,0
2020-05-10,Contra Costa,013,1133247,1189,1046,0,1046,31
2020-05-10,Del Norte,015,27424,7,3,0,3,0
2020-05-10,El Dorado,017,186661,76,55,0,55,0
2020-05-10,Fresno,019,978130,1745,894,26,920,8
2020-05-10,Glenn,021,27897,10,6,0,6,0
2020-05-10,Humboldt,023,135768,73,56,0,56,0
2020-05-10,Imperial,025,180216,1087,509,0,509,7
2020-05-10,Inyo,027,18085,19,20,0,20,1
2020-05-10,Kern,029,883053,1651,1300,2,1302,16
2020-05-10,Kings,031,150075,401,266,0,266,1
2020-05-10,Lake,033,64148,12,7,0,7,0
2020-05-10,Lassen,035,31185,4,0,2,2,0
2020-05-10,Los Angeles,037,10098052,39589,31711,27,31738,1514
2020-05-10,Madera,039,155013,127,65,1,66,2
2020-05-10,Marin,041,260295,53,267,1,268,14
2020-05-10,Mariposa,043,17540,15,15,0,15,0
2020-05-10,Mendocino,045,87422,12,10,0,10,0
2020-05-10,Merced,047,269075,253,154,0,154,3
2020-05-10,Modoc,049,8938,0,0,0,0,0
2020-05-10,Mono,051,14174,35,27,0,27,1
2020-05-10,Monterey,053,433212,359,282,1,283,6
2020-05-10,Napa,055,140530,88,79,0,79,2
2020-05-10,Nevada,057,99092,41,41,1,42,1
2020-05-10,Orange,059,3164182,5383,3627,37,3664,76
2020-05-10,Placer,061,380077,190,168,0,168,8
2020-05-10,Plumas,063,18699,4,4,0,4,0
2020-05-10,Riverside,065,2383286,5949,4951,17,4968,193
2020-05-10,Sacramento,067,1510023,1207,1152,0,1152,52
2020-05-10,San Benito,069,59416,59,52,0,52,2
2020-05-10,San Bernardino,071,2135413,3578,2910,3,2913,121
2020-05-10,San Diego,073,3302833,5901,4928,0,4928,175
2020-05-10,San Francisco,075,870044,2156,1953,0,1953,35
2020-05-10,San Joaquin,077,732212,693,611,3,614,29
2020-05-10,San Luis Obispo,079,281455,307,218,3,221,1
2020-05-10,San Mateo,081,765935,1768,1463,2,1465,65
2020-05-10,Santa Barbara,083,443738,1480,1323,7,1330,10
2020-05-10,Santa Clara,085,1922200,2909,2331,10,2341,129
2020-05-10,Santa Cruz,087,273765,160,139,0,139,2
2020-05-10,Shasta,089,179085,47,31,0,31,4
2020-05-10,Sierra,091,2930,0,0,0,0,0
2020-05-10,Siskiyou,093,43540,5,5,0,5,0
2020-05-10,Solano,095,438530,462,322,0,322,4
2020-05-10,Sonoma,097,501317,368,290,0,290,3
2020-05-10,Stanislaus,099,539301,579,498,4,502,14
2020-05-10,Sutter,101,95872,37,31,0,31,2
2020-05-10,Tehama,103,63373,3,1,0,1,1
2020-05-10,Trinity,105,12862,2,1,0,1,0
2020-05-10,Tulare,107,460477,1728,1143,7,1150,47
2020-05-10,Tuolumne,109,53932,3,2,0,2,0
2020-05-10,Ventura,111,848112,945,690,2,692,19
2020-05-10,Yolo,113,214977,196,173,0,173,20
2020-05-10,Yuba,115,75493,23,17,0,17,1
2020-05-09,Alameda,001,1643700,2417,2011,3,2014,71
2020-05-09,Alpine,002,1148,1,1,0,1,0
2020-05-09,Amador,005,37829,9,8,0,8,0
2020-05-09,Butte,007,227075,33,18,4,22,0
2020-05-09,Calaveras,009,45235,13,13,0,13,0
2020-05-09,Colusa,011,21464,3,3,0,3,0
2020-05-09,Contra Costa,013,1133247,1175,1039,0,1039,31
2020-05-09,Del Norte,015,27424,7,3,0,3,0
2020-05-09,El Dorado,017,186661,73,54,0,54,0
2020-05-09,Fresno,019,978130,1707,861,25,886,8
2020-05-09,Glenn,021,27897,9,6,0,6,0
2020-05-09,Humboldt,023,135768,71,55,0,55,0
2020-05-09,Imperial,025,180216,1030,474,0,474,7
2020-05-09,Inyo,027,18085,19,20,0,20,1
2020-05-09,Kern,029,883053,1615,1262,1,1263,15
2020-05-09,Kings,031,150075,396,264,0,264,1
2020-05-09,Lake,033,64148,12,7,0,7,0
2020-05-09,Lassen,035,31185,4,0,2,2,0
2020-05-09,Los Angeles,037,10098052,38968,31268,27,31295,1499
2020-05-09,Madera,039,155013,126,61,1,62,2
2020-05-09,Marin,041,260295,53,261,1,262,14
2020-05-09,Mariposa,043,17540,15,15,0,15,0
2020-05-09,Mendocino,045,87422,12,10,0,10,0
2020-05-09,Merced,047,269075,249,153,0,153,3
2020-05-09,Modoc,049,8938,0,0,0,0,0
2020-05-09,Mono,051,14174,35,27,0,27,1
2020-05-09,Monterey,053,433212,352,273,0,273,6
2020-05-09,Napa,055,140530,87,78,0,78,2
2020-05-09,Nevada,057,99092,41,41,1,42,1
2020-05-09,Orange,059,3164182,5299,3506,37,3543,75
2020-05-09,Placer,061,380077,189,168,0,168,8
2020-05-09,Plumas,063,18699,4,4,0,4,0
2020-05-09,Riverside,065,2383286,5854,4871,17,4888,183
2020-05-09,Sacramento,067,1510023,1203,1150,0,1150,52
2020-05-09,San Benito,069,59416,58,52,0,52,2
2020-05-09,San Bernardino,071,2135413,3522,2825,3,2828,121
2020-05-09,San Diego,073,3302833,5789,4778,0,4778,175
2020-05-09,San Francisco,075,870044,2141,1944,0,1944,34
2020-05-09,San Joaquin,077,732212,684,605,3,608,28
2020-05-09,San Luis Obispo,079,281455,303,213,3,216,1
2020-05-09,San Mateo,081,765935,1749,1453,2,1455,65
2020-05-09,Santa Barbara,083,443738,1472,1245,7,1252,10
2020-05-09,Santa Clara,085,1922200,2895,2317,10,2327,128
2020-05-09,Santa Cruz,087,273765,159,138,0,138,2
2020-05-09,Shasta,089,179085,47,31,0,31,4
2020-05-09,Sierra,091,2930,0,0,0,0,0
2020-05-09,Siskiyou,093,43540,5,5,0,5,0
2020-05-09,Solano,095,438530,456,321,0,321,4
2020-05-09,Sonoma,097,501317,364,288,0,288,3
2020-05-09,Stanislaus,099,539301,571,491,4,495,12
2020-05-09,Sutter,101,95872,37,31,0,31,2
2020-05-09,Tehama,103,63373,2,1,0,1,1
2020-05-09,Trinity,105,12862,2,1,0,1,0
2020-05-09,Tulare,107,460477,1700,1083,7,1090,47
2020-05-09,Tuolumne,109,53932,3,2,0,2,0
2020-05-09,Ventura,111,848112,924,679,2,681,19
2020-05-09,Yolo,113,214977,196,172,0,172,18
2020-05-09,Yuba,115,75493,23,17,0,17,1
2020-05-08,Alameda,001,1643700,2374,1955,3,1958,70
2020-05-08,Alpine,002,1148,1,1,0,1,0
2020-05-08,Amador,005,37829,9,8,0,8,0
2020-05-08,Butte,007,227075,33,18,4,22,0
2020-05-08,Calaveras,009,45235,13,13,0,13,0
2020-05-08,Colusa,011,21464,3,3,0,3,0
2020-05-08,Contra Costa,013,1133247,1163,1024,0,1024,29
2020-05-08,Del Norte,015,27424,7,3,0,3,0
2020-05-08,El Dorado,017,186661,72,54,0,54,0
2020-05-08,Fresno,019,978130,1666,838,23,861,8
2020-05-08,Glenn,021,27897,8,6,0,6,0
2020-05-08,Humboldt,023,135768,68,54,0,54,0
2020-05-08,Imperial,025,180216,984,467,0,467,7
2020-05-08,Inyo,027,18085,19,20,0,20,1
2020-05-08,Kern,029,883053,1584,1214,1,1215,13
2020-05-08,Kings,031,150075,387,236,0,236,1
2020-05-08,Lake,033,64148,12,7,0,7,0
2020-05-08,Lassen,035,31185,4,0,2,2,0
2020-05-08,Los Angeles,037,10098052,38234,30357,27,30384,1447
2020-05-08,Madera,039,155013,123,57,1,58,2
2020-05-08,Marin,041,260295,53,257,1,258,14
2020-05-08,Mariposa,043,17540,15,15,0,15,0
2020-05-08,Mendocino,045,87422,12,10,0,10,0
2020-05-08,Merced,047,269075,248,151,0,151,3
2020-05-08,Modoc,049,8938,0,0,0,0,0
2020-05-08,Mono,051,14174,32,27,0,27,1
2020-05-08,Monterey,053,433212,344,265,0,265,6
2020-05-08,Napa,055,140530,86,78,0,78,2
2020-05-08,Nevada,057,99092,41,41,1,42,1
2020-05-08,Orange,059,3164182,5151,3395,37,3432,72
2020-05-08,Placer,061,380077,187,166,0,166,8
2020-05-08,Plumas,063,18699,4,4,0,4,0
2020-05-08,Riverside,065,2383286,5754,4672,16,4688,181
2020-05-08,Sacramento,067,1510023,1198,1145,0,1145,51
2020-05-08,San Benito,069,59416,58,51,0,51,2
2020-05-08,San Bernardino,071,2135413,3474,2631,3,2634,119
2020-05-08,San Diego,073,3302833,5682,4664,0,4664,169
2020-05-08,San Francisco,075,870044,2123,1890,0,1890,33
2020-05-08,San Joaquin,077,732212,677,595,3,598,28
2020-05-08,San Luis Obispo,079,281455,300,210,3,213,1
2020-05-08,San Mateo,081,765935,1664,1423,2,1425,62
2020-05-08,Santa Barbara,083,443738,1463,1054,5,1059,8
2020-05-08,Santa Clara,085,1922200,2872,2285,10,2295,128
2020-05-08,Santa Cruz,087,273765,155,137,0,137,2
2020-05-08,Shasta,089,179085,47,31,0,31,4
2020-05-08,Sierra,091,2930,0,0,0,0,0
2020-05-08,Siskiyou,093,43540,5,5,0,5,0
2020-05-08,Solano,095,438530,451,314,0,314,4
2020-05-08,Sonoma,097,501317,359,285,0,285,3
2020-05-08,Stanislaus,099,539301,557,487,4,491,12
2020-05-08,Sutter,101,95872,37,30,0,30,2
2020-05-08,Tehama,103,63373,2,1,0,1,1
2020-05-08,Trinity,105,12862,2,0,0,0,0
2020-05-08,Tulare,107,460477,1655,1050,6,1056,43
2020-05-08,Tuolumne,109,53932,3,2,0,2,0
2020-05-08,Ventura,111,848112,906,665,2,667,19
2020-05-08,Yolo,113,214977,195,172,0,172,18
2020-05-08,Yuba,115,75493,22,16,0,16,1
2020-05-07,Alameda,001,1643700,2314,1914,3,1917,68
2020-05-07,Alpine,002,1148,1,1,0,1,0
2020-05-07,Amador,005,37829,9,8,0,8,0
2020-05-07,Butte,007,227075,33,19,3,22,0
2020-05-07,Calaveras,009,45235,13,13,0,13,0
2020-05-07,Colusa,011,21464,3,3,0,3,0
2020-05-07,Contra Costa,013,1133247,1149,1005,0,1005,29
2020-05-07,Del Norte,015,27424,6,3,0,3,0
2020-05-07,El Dorado,017,186661,71,54,0,54,0
2020-05-07,Fresno,019,978130,1581,812,22,834,8
2020-05-07,Glenn,021,27897,8,5,0,5,0
2020-05-07,Humboldt,023,135768,67,54,0,54,0
2020-05-07,Imperial,025,180216,920,442,0,442,6
2020-05-07,Inyo,027,18085,19,20,0,20,1
2020-05-07,Kern,029,883053,1540,1176,1,1177,13
2020-05-07,Kings,031,150075,364,219,0,219,1
2020-05-07,Lake,033,64148,11,7,0,7,0
2020-05-07,Lassen,035,31185,4,0,2,2,0
2020-05-07,Los Angeles,037,10098052,37113,29544,26,29570,1399
2020-05-07,Madera,039,155013,119,54,1,55,2
2020-05-07,Marin,041,260295,51,252,1,253,14
2020-05-07,Mariposa,043,17540,15,15,0,15,0
2020-05-07,Mendocino,045,87422,12,10,0,10,0
2020-05-07,Merced,047,269075,236,146,0,146,3
2020-05-07,Modoc,049,8938,0,0,0,0,0
2020-05-07,Mono,051,14174,32,26,0,26,1
2020-05-07,Monterey,053,433212,336,249,0,249,6
2020-05-07,Napa,055,140530,86,78,0,78,2
2020-05-07,Nevada,057,99092,41,41,1,42,1
2020-05-07,Orange,059,3164182,4966,3283,36,3319,69
2020-05-07,Placer,061,380077,187,165,0,165,8
2020-05-07,Plumas,063,18699,4,4,0,4,0
2020-05-07,Riverside,065,2383286,5638,4608,16,4624,170
2020-05-07,Sacramento,067,1510023,1192,1139,0,1139,50
2020-05-07,San Benito,069,59416,58,50,0,50,2
2020-05-07,San Bernardino,071,2135413,3382,2522,3,2525,115
2020-05-07,San Diego,073,3302833,5525,4431,0,4431,165
2020-05-07,San Francisco,075,870044,2092,1852,0,1852,33
2020-05-07,San Joaquin,077,732212,664,583,3,586,28
2020-05-07,San Luis Obispo,079,281455,289,209,3,212,1
2020-05-07,San Mateo,081,765935,1642,1398,2,1400,58
2020-05-07,Santa Barbara,083,443738,1436,720,4,724,8
2020-05-07,Santa Clara,085,1922200,2834,2281,10,2291,127
2020-05-07,Santa Cruz,087,273765,152,136,0,136,2
2020-05-07,Shasta,089,179085,46,31,0,31,4
2020-05-07,Sierra,091,2930,0,0,0,0,0
2020-05-07,Siskiyou,093,43540,5,5,0,5,0
2020-05-07,Solano,095,438530,443,307,0,307,4
2020-05-07,Sonoma,097,501317,347,282,0,282,3
2020-05-07,Stanislaus,099,539301,548,466,4,470,10
2020-05-07,Sutter,101,95872,37,29,0,29,2
2020-05-07,Tehama,103,63373,2,1,0,1,1
2020-05-07,Trinity,105,12862,2,0,0,0,0
2020-05-07,Tulare,107,460477,1587,1001,6,1007,41
2020-05-07,Tuolumne,109,53932,3,2,0,2,0
2020-05-07,Ventura,111,848112,882,647,1,648,19
2020-05-07,Yolo,113,214977,194,172,0,172,18
2020-05-07,Yuba,115,75493,22,16,0,16,1
2020-05-06,Alameda,001,1643700,2276,1864,3,1867,67
2020-05-06,Alpine,002,1148,1,1,0,1,0
2020-05-06,Amador,005,37829,9,8,0,8,0
2020-05-06,Butte,007,227075,32,19,3,22,0
2020-05-06,Calaveras,009,45235,13,13,0,13,0
2020-05-06,Colusa,011,21464,3,3,0,3,0
2020-05-06,Contra Costa,013,1133247,1128,990,0,990,29
2020-05-06,Del Norte,015,27424,6,3,0,3,0
2020-05-06,El Dorado,017,186661,69,53,0,53,0
2020-05-06,Fresno,019,978130,1518,773,20,793,8
2020-05-06,Glenn,021,27897,8,3,0,3,0
2020-05-06,Humboldt,023,135768,66,54,0,54,0
2020-05-06,Imperial,025,180216,853,399,0,399,6
2020-05-06,Inyo,027,18085,19,20,0,20,1
2020-05-06,Kern,029,883053,1484,1112,1,1113,12
2020-05-06,Kings,031,150075,346,208,0,208,1
2020-05-06,Lake,033,64148,11,7,0,7,0
2020-05-06,Lassen,035,31185,4,0,2,2,0
2020-05-06,Los Angeles,037,10098052,36112,28687,26,28713,1347
2020-05-06,Madera,039,155013,117,55,1,56,2
2020-05-06,Marin,041,260295,48,244,1,245,14
2020-05-06,Mariposa,043,17540,15,14,0,14,0
2020-05-06,Mendocino,045,87422,12,10,0,10,0
2020-05-06,Merced,047,269075,229,140,0,140,3
2020-05-06,Modoc,049,8938,0,0,0,0,0
2020-05-06,Mono,051,14174,32,26,0,26,1
2020-05-06,Monterey,053,433212,328,246,0,246,6
2020-05-06,Napa,055,140530,85,78,0,78,2
2020-05-06,Nevada,057,99092,41,41,1,42,1
2020-05-06,Orange,059,3164182,4782,3156,35,3191,66
2020-05-06,Placer,061,380077,184,164,0,164,8
2020-05-06,Plumas,063,18699,4,4,0,4,0
2020-05-06,Riverside,065,2383286,5494,4535,16,4551,163
2020-05-06,Sacramento,067,1510023,1186,1135,0,1135,49
2020-05-06,San Benito,069,59416,57,50,0,50,2
2020-05-06,San Bernardino,071,2135413,3260,2426,2,2428,110
2020-05-06,San Diego,073,3302833,5392,4321,0,4321,158
2020-05-06,San Francisco,075,870044,2067,1804,0,1804,32
2020-05-06,San Joaquin,077,732212,651,581,3,584,28
2020-05-06,San Luis Obispo,079,281455,285,207,3,210,1
2020-05-06,San Mateo,081,765935,1611,1348,2,1350,57
2020-05-06,Santa Barbara,083,443738,1395,565,3,568,8
2020-05-06,Santa Clara,085,1922200,2817,2270,9,2279,127
2020-05-06,Santa Cruz,087,273765,149,135,0,135,2
2020-05-06,Shasta,089,179085,45,31,0,31,4
2020-05-06,Sierra,091,2930,0,0,0,0,0
2020-05-06,Siskiyou,093,43540,5,5,0,5,0
2020-05-06,Solano,095,438530,431,300,0,300,4
2020-05-06,Sonoma,097,501317,331,269,0,269,3
2020-05-06,Stanislaus,099,539301,532,434,4,438,9
2020-05-06,Sutter,101,95872,37,29,0,29,2
2020-05-06,Tehama,103,63373,2,1,0,1,1
2020-05-06,Trinity,105,12862,2,0,0,0,0
2020-05-06,Tulare,107,460477,1539,963,6,969,40
2020-05-06,Tuolumne,109,53932,3,2,0,2,0
2020-05-06,Ventura,111,848112,855,619,1,620,19
2020-05-06,Yolo,113,214977,193,172,0,172,18
2020-05-06,Yuba,115,75493,22,15,0,15,1
2020-05-05,Alameda,001,1643700,2233,1819,3,1822,67
2020-05-05,Alpine,002,1148,1,1,0,1,0
2020-05-05,Amador,005,37829,9,8,0,8,0
2020-05-05,Butte,007,227075,31,19,3,22,0
2020-05-05,Calaveras,009,45235,13,13,0,13,0
2020-05-05,Colusa,011,21464,3,3,0,3,0
2020-05-05,Contra Costa,013,1133247,1110,976,0,976,29
2020-05-05,Del Norte,015,27424,6,3,0,3,0
2020-05-05,El Dorado,017,186661,67,54,0,54,0
2020-05-05,Fresno,019,978130,1445,726,18,744,8
2020-05-05,Glenn,021,27897,8,3,0,3,0
2020-05-05,Humboldt,023,135768,63,54,0,54,0
2020-05-05,Imperial,025,180216,797,389,0,389,6
2020-05-05,Inyo,027,18085,19,20,0,20,1
2020-05-05,Kern,029,883053,1432,1084,1,1085,11
2020-05-05,Kings,031,150075,328,187,0,187,1
2020-05-05,Lake,033,64148,10,7,0,7,0
2020-05-05,Lassen,035,31185,4,0,2,2,0
2020-05-05,Los Angeles,037,10098052,35044,27867,26,27893,1289
2020-05-05,Madera,039,155013,113,53,1,54,2
2020-05-05,Marin,041,260295,43,244,1,245,14
2020-05-05,Mariposa,043,17540,15,14,0,14,0
2020-05-05,Mendocino,045,87422,12,10,0,10,0
2020-05-05,Merced,047,269075,224,141,0,141,3
2020-05-05,Modoc,049,8938,0,0,0,0,0
2020-05-05,Mono,051,14174,32,25,0,25,1
2020-05-05,Monterey,053,433212,314,240,0,240,6
2020-05-05,Napa,055,140530,85,74,0,74,2
2020-05-05,Nevada,057,99092,41,41,1,42,1
2020-05-05,Orange,059,3164182,4658,3041,35,3076,63
2020-05-05,Placer,061,380077,184,162,0,162,8
2020-05-05,Plumas,063,18699,4,4,0,4,0
2020-05-05,Riverside,065,2383286,5384,4309,16,4325,161
2020-05-05,Sacramento,067,1510023,1179,1125,0,1125,48
2020-05-05,San Benito,069,59416,56,50,0,50,2
2020-05-05,San Bernardino,071,2135413,3167,2345,2,2347,104
2020-05-05,San Diego,073,3302833,5249,4162,0,4162,150
2020-05-05,San Francisco,075,870044,2032,1779,0,1779,31
2020-05-05,San Joaquin,077,732212,642,577,3,580,26
2020-05-05,San Luis Obispo,079,281455,283,203,3,206,1
2020-05-05,San Mateo,081,765935,1579,1335,2,1337,56
2020-05-05,Santa Barbara,083,443738,1174,541,3,544,7
2020-05-05,Santa Clara,085,1922200,2771,2249,8,2257,124
2020-05-05,Santa Cruz,087,273765,146,134,0,134,2
2020-05-05,Shasta,089,179085,44,31,0,31,4
2020-05-05,Sierra,091,2930,0,0,0,0,0
2020-05-05,Siskiyou,093,43540,5,5,0,5,0
2020-05-05,Solano,095,438530,416,299,0,299,4
2020-05-05,Sonoma,097,501317,328,263,0,263,3
2020-05-05,Stanislaus,099,539301,520,430,4,434,9
2020-05-05,Sutter,101,95872,36,29,0,29,2
2020-05-05,Tehama,103,63373,2,1,0,1,1
2020-05-05,Trinity,105,12862,2,0,0,0,0
2020-05-05,Tulare,107,460477,1441,869,6,875,40
2020-05-05,Tuolumne,109,53932,3,2,0,2,0
2020-05-05,Ventura,111,848112,831,607,1,608,19
2020-05-05,Yolo,113,214977,191,171,0,171,18
2020-05-05,Yuba,115,75493,22,15,0,15,1
2020-05-04,Alameda,001,1643700,2175,1762,2,1764,65
2020-05-04,Alpine,002,1148,1,1,0,1,0
2020-05-04,Amador,005,37829,8,8,0,8,0
2020-05-04,Butte,007,227075,30,16,2,18,0
2020-05-04,Calaveras,009,45235,13,13,0,13,0
2020-05-04,Colusa,011,21464,3,3,0,3,0
2020-05-04,Contra Costa,013,1133247,1092,949,0,949,28
2020-05-04,Del Norte,015,27424,5,3,0,3,0
2020-05-04,El Dorado,017,186661,66,51,0,51,0
2020-05-04,Fresno,019,978130,1375,680,17,697,8
2020-05-04,Glenn,021,27897,8,4,0,4,0
2020-05-04,Humboldt,023,135768,61,54,0,54,0
2020-05-04,Imperial,025,180216,746,351,0,351,6
2020-05-04,Inyo,027,18085,19,20,0,20,1
2020-05-04,Kern,029,883053,1390,1047,1,1048,8
2020-05-04,Kings,031,150075,311,153,0,153,1
2020-05-04,Lake,033,64148,9,7,0,7,0
2020-05-04,Lassen,035,31185,3,0,2,2,0
2020-05-04,Los Angeles,037,10098052,33761,26243,24,26267,1235
2020-05-04,Madera,039,155013,110,52,1,53,2
2020-05-04,Marin,041,260295,40,244,1,245,13
2020-05-04,Mariposa,043,17540,15,13,0,13,0
2020-05-04,Mendocino,045,87422,12,10,0,10,0
2020-05-04,Merced,047,269075,224,138,0,138,3
2020-05-04,Modoc,049,8938,0,0,0,0,0
2020-05-04,Mono,051,14174,32,25,0,25,1
2020-05-04,Monterey,053,433212,303,237,0,237,6
2020-05-04,Napa,055,140530,85,72,0,72,2
2020-05-04,Nevada,057,99092,41,41,1,42,1
2020-05-04,Orange,059,3164182,4520,2931,32,2963,57
2020-05-04,Placer,061,380077,182,162,0,162,8
2020-05-04,Plumas,063,18699,4,4,0,4,0
2020-05-04,Riverside,065,2383286,5290,4221,16,4237,147
2020-05-04,Sacramento,067,1510023,1169,1119,0,1119,44
2020-05-04,San Benito,069,59416,54,49,0,49,2
2020-05-04,San Bernardino,071,2135413,3027,2184,2,2186,99
2020-05-04,San Diego,073,3302833,5108,4022,0,4022,144
2020-05-04,San Francisco,075,870044,1994,1760,0,1760,31
2020-05-04,San Joaquin,077,732212,628,574,3,577,26
2020-05-04,San Luis Obispo,079,281455,280,202,3,205,1
2020-05-04,San Mateo,081,765935,1554,1313,2,1315,53
2020-05-04,Santa Barbara,083,443738,927,524,3,527,7
2020-05-04,Santa Clara,085,1922200,2756,2238,8,2246,119
2020-05-04,Santa Cruz,087,273765,145,133,0,133,2
2020-05-04,Shasta,089,179085,42,31,0,31,4
2020-05-04,Sierra,091,2930,0,0,0,0,0
2020-05-04,Siskiyou,093,43540,5,5,0,5,0
2020-05-04,Solano,095,438530,402,293,0,293,4
2020-05-04,Sonoma,097,501317,314,256,0,256,4
2020-05-04,Stanislaus,099,539301,514,422,4,426,8
2020-05-04,Sutter,101,95872,33,28,0,28,2
2020-05-04,Tehama,103,63373,2,1,0,1,1
2020-05-04,Trinity,105,12862,1,0,0,0,0
2020-05-04,Tulare,107,460477,1362,760,6,766,40
2020-05-04,Tuolumne,109,53932,3,3,0,3,0
2020-05-04,Ventura,111,848112,810,590,1,591,19
2020-05-04,Yolo,113,214977,190,171,0,171,18
2020-05-04,Yuba,115,75493,19,16,0,16,1
2020-05-03,Alameda,001,1643700,2117,1731,2,1733,64
2020-05-03,Alpine,002,1148,1,1,0,1,0
2020-05-03,Amador,005,37829,8,8,0,8,0
2020-05-03,Butte,007,227075,29,17,2,19,0
2020-05-03,Calaveras,009,45235,13,13,0,13,0
2020-05-03,Colusa,011,21464,3,3,0,3,0
2020-05-03,Contra Costa,013,1133247,1076,945,0,945,28
2020-05-03,Del Norte,015,27424,5,3,0,3,0
2020-05-03,El Dorado,017,186661,64,49,0,49,0
2020-05-03,Fresno,019,978130,1282,646,14,660,8
2020-05-03,Glenn,021,27897,7,5,0,5,0
2020-05-03,Humboldt,023,135768,60,54,0,54,0
2020-05-03,Imperial,025,180216,690,351,0,351,6
2020-05-03,Inyo,027,18085,19,20,0,20,1
2020-05-03,Kern,029,883053,1335,1025,1,1026,8
2020-05-03,Kings,031,150075,291,137,0,137,1
2020-05-03,Lake,033,64148,9,7,0,7,0
2020-05-03,Lassen,035,31185,3,0,2,2,0
2020-05-03,Los Angeles,037,10098052,32804,25708,23,25731,1210
2020-05-03,Madera,039,155013,103,46,1,47,2
2020-05-03,Marin,041,260295,37,243,1,244,13
2020-05-03,Mariposa,043,17540,15,13,0,13,0
2020-05-03,Mendocino,045,87422,12,10,0,10,0
2020-05-03,Merced,047,269075,217,134,0,134,3
2020-05-03,Modoc,049,8938,0,0,0,0,0
2020-05-03,Mono,051,14174,32,25,0,25,1
2020-05-03,Monterey,053,433212,294,235,0,235,6
2020-05-03,Napa,055,140530,85,72,0,72,2
2020-05-03,Nevada,057,99092,41,41,1,42,1
2020-05-03,Orange,059,3164182,4346,2859,31,2890,55
2020-05-03,Placer,061,380077,182,161,0,161,8
2020-05-03,Plumas,063,18699,4,4,0,4,0
2020-05-03,Riverside,065,2383286,5185,4034,16,4050,139
2020-05-03,Sacramento,067,1510023,1160,1109,0,1109,43
2020-05-03,San Benito,069,59416,54,49,0,49,2
2020-05-03,San Bernardino,071,2135413,2967,2123,2,2125,99
2020-05-03,San Diego,073,3302833,4971,3929,0,3929,142
2020-05-03,San Francisco,075,870044,1965,1692,0,1692,30
2020-05-03,San Joaquin,077,732212,621,570,3,573,26
2020-05-03,San Luis Obispo,079,281455,277,200,3,203,1
2020-05-03,San Mateo,081,765935,1526,1277,2,1279,53
2020-05-03,Santa Barbara,083,443738,568,512,3,515,7
2020-05-03,Santa Clara,085,1922200,2719,2235,8,2243,116
2020-05-03,Santa Cruz,087,273765,145,133,0,133,2
2020-05-03,Shasta,089,179085,40,31,0,31,4
2020-05-03,Sierra,091,2930,0,0,0,0,0
2020-05-03,Siskiyou,093,43540,5,5,0,5,0
2020-05-03,Solano,095,438530,392,266,0,266,4
2020-05-03,Sonoma,097,501317,305,254,0,254,4
2020-05-03,Stanislaus,099,539301,486,411,4,415,8
2020-05-03,Sutter,101,95872,31,28,0,28,2
2020-05-03,Tehama,103,63373,2,1,0,1,1
2020-05-03,Trinity,105,12862,1,0,0,0,0
2020-05-03,Tulare,107,460477,1283,736,6,742,40
2020-05-03,Tuolumne,109,53932,3,3,0,3,0
2020-05-03,Ventura,111,848112,776,583,1,584,19
2020-05-03,Yolo,113,214977,189,171,0,171,18
2020-05-03,Yuba,115,75493,19,16,0,16,1
2020-05-02,Alameda,001,1643700,2080,1678,2,1680,63
2020-05-02,Alpine,002,1148,1,1,0,1,0
2020-05-02,Amador,005,37829,8,8,0,8,0
2020-05-02,Butte,007,227075,29,17,2,19,0
2020-05-02,Calaveras,009,45235,13,13,0,13,0
2020-05-02,Colusa,011,21464,3,3,0,3,0
2020-05-02,Contra Costa,013,1133247,1058,929,0,929,28
2020-05-02,Del Norte,015,27424,5,3,0,3,0
2020-05-02,El Dorado,017,186661,64,47,0,47,0
2020-05-02,Fresno,019,978130,1257,629,13,642,8
2020-05-02,Glenn,021,27897,7,5,0,5,0
2020-05-02,Humboldt,023,135768,60,54,0,54,0
2020-05-02,Imperial,025,180216,663,345,0,345,6
2020-05-02,Inyo,027,18085,19,20,0,20,1
2020-05-02,Kern,029,883053,1309,1007,1,1008,8
2020-05-02,Kings,031,150075,288,120,0,120,1
2020-05-02,Lake,033,64148,9,7,0,7,0
2020-05-02,Lassen,035,31185,3,0,2,2,0
2020-05-02,Los Angeles,037,10098052,32274,24955,23,24978,1192
2020-05-02,Madera,039,155013,103,46,1,47,2
2020-05-02,Marin,041,260295,36,243,1,244,13
2020-05-02,Mariposa,043,17540,15,13,0,13,0
2020-05-02,Mendocino,045,87422,12,10,0,10,0
2020-05-02,Merced,047,269075,212,131,0,131,3
2020-05-02,Modoc,049,8938,0,0,0,0,0
2020-05-02,Mono,051,14174,32,25,0,25,1
2020-05-02,Monterey,053,433212,288,225,0,225,5
2020-05-02,Napa,055,140530,85,71,0,71,2
2020-05-02,Nevada,057,99092,41,41,1,42,1
2020-05-02,Orange,059,3164182,4232,2774,31,2805,52
2020-05-02,Placer,061,380077,180,150,0,150,8
2020-05-02,Plumas,063,18699,4,4,0,4,0
2020-05-02,Riverside,065,2383286,5119,3997,16,4013,137
2020-05-02,Sacramento,067,1510023,1157,1097,0,1097,43
2020-05-02,San Benito,069,59416,54,49,0,49,2
2020-05-02,San Bernardino,071,2135413,2928,2124,2,2126,99
2020-05-02,San Diego,073,3302833,4869,3844,0,3844,138
2020-05-02,San Francisco,075,870044,1942,1632,0,1632,29
2020-05-02,San Joaquin,077,732212,613,559,3,562,25
2020-05-02,San Luis Obispo,079,281455,271,193,3,196,1
2020-05-02,San Mateo,081,765935,1510,1272,2,1274,52
2020-05-02,Santa Barbara,083,443738,560,506,3,509,7
2020-05-02,Santa Clara,085,1922200,2709,2203,8,2211,115
2020-05-02,Santa Cruz,087,273765,144,131,0,131,2
2020-05-02,Shasta,089,179085,40,31,0,31,4
2020-05-02,Sierra,091,2930,0,0,0,0,0
2020-05-02,Siskiyou,093,43540,5,5,0,5,0
2020-05-02,Solano,095,438530,385,267,0,267,4
2020-05-02,Sonoma,097,501317,302,250,0,250,3
2020-05-02,Stanislaus,099,539301,478,388,4,392,8
2020-05-02,Sutter,101,95872,31,28,0,28,2
2020-05-02,Tehama,103,63373,2,1,0,1,1
2020-05-02,Trinity,105,12862,1,0,0,0,0
2020-05-02,Tulare,107,460477,1240,711,6,717,35
2020-05-02,Tuolumne,109,53932,3,3,0,3,0
2020-05-02,Ventura,111,848112,762,564,1,565,19
2020-05-02,Yolo,113,214977,189,169,0,169,17
2020-05-02,Yuba,115,75493,19,16,0,16,1
2020-05-01,Alameda,001,1643700,2042,1630,2,1632,63
2020-05-01,Alpine,002,1148,1,1,0,1,0
2020-05-01,Amador,005,37829,8,8,0,8,0
2020-05-01,Butte,007,227075,29,17,2,19,0
2020-05-01,Calaveras,009,45235,13,13,0,13,0
2020-05-01,Colusa,011,21464,3,3,0,3,0
2020-05-01,Contra Costa,013,1133247,1044,915,0,915,28
2020-05-01,Del Norte,015,27424,5,3,0,3,0
2020-05-01,El Dorado,017,186661,64,47,0,47,0
2020-05-01,Fresno,019,978130,1226,617,13,630,7
2020-05-01,Glenn,021,27897,7,4,0,4,0
2020-05-01,Humboldt,023,135768,60,54,0,54,0
2020-05-01,Imperial,025,180216,626,337,0,337,6
2020-05-01,Inyo,027,18085,19,20,0,20,1
2020-05-01,Kern,029,883053,1282,972,1,973,8
2020-05-01,Kings,031,150075,271,112,0,112,1
2020-05-01,Lake,033,64148,9,6,0,6,0
2020-05-01,Lassen,035,31185,3,0,2,2,0
2020-05-01,Los Angeles,037,10098052,31518,24306,23,24329,1155
2020-05-01,Madera,039,155013,99,46,1,47,2
2020-05-01,Marin,041,260295,36,242,1,243,13
2020-05-01,Mariposa,043,17540,15,10,0,10,0
2020-05-01,Mendocino,045,87422,12,11,0,11,0
2020-05-01,Merced,047,269075,209,131,0,131,3
2020-05-01,Modoc,049,8938,0,0,0,0,0
2020-05-01,Mono,051,14174,32,25,0,25,1
2020-05-01,Monterey,053,433212,284,222,0,222,5
2020-05-01,Napa,055,140530,85,69,0,69,2
2020-05-01,Nevada,057,99092,41,41,1,42,1
2020-05-01,Orange,059,3164182,4155,2660,29,2689,51
2020-05-01,Placer,061,380077,179,149,0,149,8
2020-05-01,Plumas,063,18699,4,4,0,4,0
2020-05-01,Riverside,065,2383286,5055,3893,16,3909,132
2020-05-01,Sacramento,067,1510023,1152,1081,0,1081,43
2020-05-01,San Benito,069,59416,54,49,0,49,2
2020-05-01,San Bernardino,071,2135413,2873,2084,2,2086,98
2020-05-01,San Diego,073,3302833,4778,3713,0,3713,134
2020-05-01,San Francisco,075,870044,1898,1552,0,1552,29
2020-05-01,San Joaquin,077,732212,609,554,3,557,25
2020-05-01,San Luis Obispo,079,281455,268,186,3,189,1
2020-05-01,San Mateo,081,765935,1488,1222,2,1224,52
2020-05-01,Santa Barbara,083,443738,554,499,2,501,7
2020-05-01,Santa Clara,085,1922200,2697,2176,8,2184,112
2020-05-01,Santa Cruz,087,273765,144,127,0,127,2
2020-05-01,Shasta,089,179085,40,31,0,31,4
2020-05-01,Sierra,091,2930,0,0,0,0,0
2020-05-01,Siskiyou,093,43540,5,5,0,5,0
2020-05-01,Solano,095,438530,377,266,0,266,4
2020-05-01,Sonoma,097,501317,299,242,0,242,3
2020-05-01,Stanislaus,099,539301,473,384,4,388,8
2020-05-01,Sutter,101,95872,31,28,0,28,2
2020-05-01,Tehama,103,63373,2,1,0,1,1
2020-05-01,Trinity,105,12862,1,0,0,0,0
2020-05-01,Tulare,107,460477,1196,685,6,691,32
2020-05-01,Tuolumne,109,53932,3,3,0,3,0
2020-05-01,Ventura,111,848112,749,556,1,557,18
2020-05-01,Yolo,113,214977,189,165,0,165,18
2020-05-01,Yuba,115,75493,19,16,0,16,1
2020-04-30,Alameda,001,1643700,1982,1599,2,1601,60
2020-04-30,Alpine,002,1148,1,1,0,1,0
2020-04-30,Amador,005,37829,8,8,0,8,0
2020-04-30,Butte,007,227075,29,16,2,18,0
2020-04-30,Calaveras,009,45235,13,13,0,13,0
2020-04-30,Colusa,011,21464,3,3,0,3,0
2020-04-30,Contra Costa,013,1133247,1022,900,0,900,25
2020-04-30,Del Norte,015,27424,4,3,0,3,0
2020-04-30,El Dorado,017,186661,64,44,0,44,0
2020-04-30,Fresno,019,978130,1161,562,10,572,7
2020-04-30,Glenn,021,27897,7,4,0,4,0
2020-04-30,Humboldt,023,135768,60,54,0,54,0
2020-04-30,Imperial,025,180216,578,322,0,322,6
2020-04-30,Inyo,027,18085,19,20,0,20,1
2020-04-30,Kern,029,883053,1250,941,1,942,8
2020-04-30,Kings,031,150075,259,87,0,87,1
2020-04-30,Lake,033,64148,9,6,0,6,0
2020-04-30,Lassen,035,31185,3,0,2,2,0
2020-04-30,Los Angeles,037,10098052,30509,23284,23,23307,1099
2020-04-30,Madera,039,155013,88,46,1,47,2
2020-04-30,Marin,041,260295,36,240,1,241,13
2020-04-30,Mariposa,043,17540,15,3,0,3,0
2020-04-30,Mendocino,045,87422,12,11,0,11,0
2020-04-30,Merced,047,269075,202,122,0,122,3
2020-04-30,Modoc,049,8938,0,0,0,0,0
2020-04-30,Mono,051,14174,31,25,0,25,1
2020-04-30,Monterey,053,433212,274,213,0,213,5
2020-04-30,Napa,055,140530,83,69,0,69,2
2020-04-30,Nevada,057,99092,41,41,1,42,1
2020-04-30,Orange,059,3164182,3933,2591,27,2618,46
2020-04-30,Placer,061,380077,178,148,0,148,8
2020-04-30,Plumas,063,18699,4,4,0,4,0
2020-04-30,Riverside,065,2383286,4955,3820,15,3835,124
2020-04-30,Sacramento,067,1510023,1146,1071,0,1071,43
2020-04-30,San Benito,069,59416,54,48,0,48,2
2020-04-30,San Bernardino,071,2135413,2671,2020,2,2022,96
2020-04-30,San Diego,073,3302833,4607,3566,0,3566,124
2020-04-30,San Francisco,075,870044,1864,1518,0,1518,26
2020-04-30,San Joaquin,077,732212,601,548,3,551,25
2020-04-30,San Luis Obispo,079,281455,265,182,3,185,1
2020-04-30,San Mateo,081,765935,1458,1194,2,1196,52
2020-04-30,Santa Barbara,083,443738,542,490,2,492,7
2020-04-30,Santa Clara,085,1922200,2657,2172,8,2180,111
2020-04-30,Santa Cruz,087,273765,143,126,0,126,2
2020-04-30,Shasta,089,179085,39,31,0,31,4
2020-04-30,Sierra,091,2930,0,0,0,0,0
2020-04-30,Siskiyou,093,43540,5,5,0,5,0
2020-04-30,Solano,095,438530,367,262,0,262,4
2020-04-30,Sonoma,097,501317,290,233,0,233,3
2020-04-30,Stanislaus,099,539301,466,378,4,382,7
2020-04-30,Sutter,101,95872,31,28,0,28,2
2020-04-30,Tehama,103,63373,1,1,0,1,1
2020-04-30,Trinity,105,12862,1,0,0,0,0
2020-04-30,Tulare,107,460477,1130,637,6,643,31
2020-04-30,Tuolumne,109,53932,3,3,0,3,0
2020-04-30,Ventura,111,848112,721,547,1,548,18
2020-04-30,Yolo,113,214977,188,164,0,164,16
2020-04-30,Yuba,115,75493,19,15,0,15,1
2020-04-29,Alameda,001,1643700,1924,1564,2,1566,60
2020-04-29,Alpine,002,1148,1,1,0,1,0
2020-04-29,Amador,005,37829,8,8,0,8,0
2020-04-29,Butte,007,227075,29,16,2,18,0
2020-04-29,Calaveras,009,45235,13,13,0,13,0
2020-04-29,Colusa,011,21464,3,3,0,3,0
2020-04-29,Contra Costa,013,1133247,1003,885,0,885,25
2020-04-29,Del Norte,015,27424,4,3,0,3,0
2020-04-29,El Dorado,017,186661,62,44,0,44,0
2020-04-29,Fresno,019,978130,1109,544,10,554,7
2020-04-29,Glenn,021,27897,7,4,0,4,0
2020-04-29,Humboldt,023,135768,60,53,0,53,0
2020-04-29,Imperial,025,180216,548,300,0,300,6
2020-04-29,Inyo,027,18085,19,20,0,20,1
2020-04-29,Kern,029,883053,1207,910,1,911,6
2020-04-29,Kings,031,150075,240,80,0,80,1
2020-04-29,Lake,033,64148,9,6,0,6,0
2020-04-29,Lassen,035,31185,3,0,2,2,0
2020-04-29,Los Angeles,037,10098052,29532,22560,22,22582,1043
2020-04-29,Madera,039,155013,86,45,1,46,2
2020-04-29,Marin,041,260295,35,234,1,235,13
2020-04-29,Mariposa,043,17540,15,1,0,1,0
2020-04-29,Mendocino,045,87422,12,11,0,11,0
2020-04-29,Merced,047,269075,195,116,0,116,3
2020-04-29,Modoc,049,8938,0,0,0,0,0
2020-04-29,Mono,051,14174,31,25,0,25,1
2020-04-29,Monterey,053,433212,266,204,0,204,5
2020-04-29,Napa,055,140530,81,68,0,68,2
2020-04-29,Nevada,057,99092,41,41,1,42,1
2020-04-29,Orange,059,3164182,3799,2421,26,2447,43
2020-04-29,Placer,061,380077,176,145,0,145,8
2020-04-29,Plumas,063,18699,4,4,0,4,0
2020-04-29,Riverside,065,2383286,4878,3700,15,3715,116
2020-04-29,Sacramento,067,1510023,1124,1055,0,1055,41
2020-04-29,San Benito,069,59416,54,48,0,48,2
2020-04-29,San Bernardino,071,2135413,2584,1975,1,1976,91
2020-04-29,San Diego,073,3302833,4465,3434,0,3434,120
2020-04-29,San Francisco,075,870044,1836,1489,0,1489,23
2020-04-29,San Joaquin,077,732212,593,540,3,543,25
2020-04-29,San Luis Obispo,079,281455,263,181,3,184,1
2020-04-29,San Mateo,081,765935,1432,1170,2,1172,50
2020-04-29,Santa Barbara,083,443738,529,477,2,479,7
2020-04-29,Santa Clara,085,1922200,2630,2147,8,2155,108
2020-04-29,Santa Cruz,087,273765,142,124,0,124,2
2020-04-29,Shasta,089,179085,38,31,0,31,4
2020-04-29,Sierra,091,2930,0,0,0,0,0
2020-04-29,Siskiyou,093,43540,5,5,0,5,0
2020-04-29,Solano,095,438530,330,252,0,252,3
2020-04-29,Sonoma,097,501317,282,230,0,230,2
2020-04-29,Stanislaus,099,539301,453,374,4,378,5
2020-04-29,Sutter,101,95872,31,28,0,28,2
2020-04-29,Tehama,103,63373,1,1,0,1,1
2020-04-29,Trinity,105,12862,1,0,0,0,0
2020-04-29,Tulare,107,460477,1057,615,5,620,30
2020-04-29,Tuolumne,109,53932,3,4,0,4,0
2020-04-29,Ventura,111,848112,697,530,1,531,18
2020-04-29,Yolo,113,214977,185,161,0,161,11
2020-04-29,Yuba,115,75493,19,15,0,15,1
2020-04-28,Alameda,001,1643700,1867,1525,2,1527,55
2020-04-28,Alpine,002,1148,1,1,0,1,0
2020-04-28,Amador,005,37829,8,8,0,8,0
2020-04-28,Butte,007,227075,29,16,2,18,0
2020-04-28,Calaveras,009,45235,13,13,0,13,0
2020-04-28,Colusa,011,21464,3,3,0,3,0
2020-04-28,Contra Costa,013,1133247,996,866,0,866,25
2020-04-28,Del Norte,015,27424,4,3,0,3,0
2020-04-28,El Dorado,017,186661,61,43,0,43,0
2020-04-28,Fresno,019,978130,1059,525,9,534,7
2020-04-28,Glenn,021,27897,5,4,0,4,0
2020-04-28,Humboldt,023,135768,59,53,0,53,0
2020-04-28,Imperial,025,180216,515,295,0,295,6
2020-04-28,Inyo,027,18085,19,20,0,20,1
2020-04-28,Kern,029,883053,1164,882,1,883,5
2020-04-28,Kings,031,150075,227,57,0,57,1
2020-04-28,Lake,033,64148,9,6,0,6,0
2020-04-28,Lassen,035,31185,3,0,2,2,0
2020-04-28,Los Angeles,037,10098052,28469,21029,22,21051,984
2020-04-28,Madera,039,155013,86,44,1,45,2
2020-04-28,Marin,041,260295,35,228,1,229,12
2020-04-28,Mariposa,043,17540,15,0,0,0,0
2020-04-28,Mendocino,045,87422,12,10,0,10,0
2020-04-28,Merced,047,269075,188,108,0,108,3
2020-04-28,Modoc,049,8938,0,0,0,0,0
2020-04-28,Mono,051,14174,31,25,0,25,1
2020-04-28,Monterey,053,433212,260,191,0,191,5
2020-04-28,Napa,055,140530,80,67,0,67,2
2020-04-28,Nevada,057,99092,41,41,1,42,1
2020-04-28,Orange,059,3164182,3636,2324,25,2349,42
2020-04-28,Placer,061,380077,166,143,0,143,8
2020-04-28,Plumas,063,18699,4,4,0,4,0
2020-04-28,Riverside,065,2383286,4783,3504,15,3519,113
2020-04-28,Sacramento,067,1510023,1109,1044,0,1044,41
2020-04-28,San Benito,069,59416,52,46,0,46,2
2020-04-28,San Bernardino,071,2135413,2507,1891,1,1892,89
2020-04-28,San Diego,073,3302833,4335,3316,0,3316,118
2020-04-28,San Francisco,075,870044,1801,1471,0,1471,23
2020-04-28,San Joaquin,077,732212,587,532,3,535,25
2020-04-28,San Luis Obispo,079,281455,255,172,3,175,1
2020-04-28,San Mateo,081,765935,1419,1129,2,1131,48
2020-04-28,Santa Barbara,083,443738,524,469,2,471,7
2020-04-28,Santa Clara,085,1922200,2596,2130,8,2138,106
2020-04-28,Santa Cruz,087,273765,142,123,0,123,2
2020-04-28,Shasta,089,179085,38,29,0,29,4
2020-04-28,Sierra,091,2930,0,0,0,0,0
2020-04-28,Siskiyou,093,43540,5,5,0,5,0
2020-04-28,Solano,095,438530,310,246,0,246,3
2020-04-28,Sonoma,097,501317,279,226,0,226,1
2020-04-28,Stanislaus,099,539301,437,330,4,334,5
2020-04-28,Sutter,101,95872,31,25,0,25,2
2020-04-28,Tehama,103,63373,1,1,0,1,1
2020-04-28,Trinity,105,12862,1,0,0,0,0
2020-04-28,Tulare,107,460477,960,579,5,584,30
2020-04-28,Tuolumne,109,53932,3,4,0,4,0
2020-04-28,Ventura,111,848112,677,517,1,518,17
2020-04-28,Yolo,113,214977,185,160,0,160,10
2020-04-28,Yuba,115,75493,19,15,0,15,1
2020-04-27,Alameda,001,1643700,1807,1494,2,1496,53
2020-04-27,Alpine,002,1148,1,1,0,1,0
2020-04-27,Amador,005,37829,8,8,0,8,0
2020-04-27,Butte,007,227075,28,16,2,18,0
2020-04-27,Calaveras,009,45235,13,13,0,13,0
2020-04-27,Colusa,011,21464,3,3,0,3,0
2020-04-27,Contra Costa,013,1133247,984,843,0,843,25
2020-04-27,Del Norte,015,27424,4,3,0,3,0
2020-04-27,El Dorado,017,186661,60,43,0,43,0
2020-04-27,Fresno,019,978130,957,504,8,512,7
2020-04-27,Glenn,021,27897,5,4,0,4,0
2020-04-27,Humboldt,023,135768,59,52,0,52,0
2020-04-27,Imperial,025,180216,485,290,0,290,6
2020-04-27,Inyo,027,18085,19,20,0,20,1
2020-04-27,Kern,029,883053,1125,865,1,866,4
2020-04-27,Kings,031,150075,204,48,0,48,1
2020-04-27,Lake,033,64148,8,6,0,6,0
2020-04-27,Lassen,035,31185,3,0,2,2,0
2020-04-27,Los Angeles,037,10098052,27449,20456,22,20478,931
2020-04-27,Madera,039,155013,84,42,1,43,2
2020-04-27,Marin,041,260295,35,227,1,228,12
2020-04-27,Mariposa,043,17540,14,0,0,0,0
2020-04-27,Mendocino,045,87422,12,10,0,10,0
2020-04-27,Merced,047,269075,185,108,0,108,3
2020-04-27,Modoc,049,8938,0,0,0,0,0
2020-04-27,Mono,051,14174,31,23,0,23,1
2020-04-27,Monterey,053,433212,253,185,0,185,4
2020-04-27,Napa,055,140530,77,64,0,64,2
2020-04-27,Nevada,057,99092,41,39,1,40,1
2020-04-27,Orange,059,3164182,3467,2198,25,2223,42
2020-04-27,Placer,061,380077,166,142,0,142,8
2020-04-27,Plumas,063,18699,4,4,0,4,0
2020-04-27,Riverside,065,2383286,4660,3381,15,3396,100
2020-04-27,Sacramento,067,1510023,1094,1035,0,1035,41
2020-04-27,San Benito,069,59416,50,45,0,45,2
2020-04-27,San Bernardino,071,2135413,2393,1742,1,1743,82
2020-04-27,San Diego,073,3302833,4209,3143,0,3143,113
2020-04-27,San Francisco,075,870044,1747,1453,0,1453,23
2020-04-27,San Joaquin,077,732212,581,522,3,525,25
2020-04-27,San Luis Obispo,079,281455,247,166,3,169,1
2020-04-27,San Mateo,081,765935,1397,1092,2,1094,46
2020-04-27,Santa Barbara,083,443738,516,466,2,468,7
2020-04-27,Santa Clara,085,1922200,2571,2104,7,2111,105
2020-04-27,Santa Cruz,087,273765,142,123,0,123,2
2020-04-27,Shasta,089,179085,38,29,0,29,4
2020-04-27,Sierra,091,2930,0,0,0,0,0
2020-04-27,Siskiyou,093,43540,5,5,0,5,0
2020-04-27,Solano,095,438530,310,222,0,222,3
2020-04-27,Sonoma,097,501317,270,220,0,220,1
2020-04-27,Stanislaus,099,539301,421,316,4,320,5
2020-04-27,Sutter,101,95872,29,26,0,26,2
2020-04-27,Tehama,103,63373,1,1,0,1,1
2020-04-27,Trinity,105,12862,1,0,0,0,0
2020-04-27,Tulare,107,460477,889,535,5,540,28
2020-04-27,Tuolumne,109,53932,3,3,0,3,0
2020-04-27,Ventura,111,848112,658,513,1,514,17
2020-04-27,Yolo,113,214977,182,160,0,160,9
2020-04-27,Yuba,115,75493,19,15,0,15,1
2020-04-26,Alameda,001,1643700,1746,1449,2,1451,52
2020-04-26,Alpine,002,1148,1,1,0,1,0
2020-04-26,Amador,005,37829,8,8,0,8,0
2020-04-26,Butte,007,227075,28,16,2,18,0
2020-04-26,Calaveras,009,45235,13,13,0,13,0
2020-04-26,Colusa,011,21464,3,3,0,3,0
2020-04-26,Contra Costa,013,1133247,968,830,0,830,25
2020-04-26,Del Norte,015,27424,3,3,0,3,0
2020-04-26,El Dorado,017,186661,58,41,0,41,0
2020-04-26,Fresno,019,978130,863,476,7,483,7
2020-04-26,Glenn,021,27897,5,4,0,4,0
2020-04-26,Humboldt,023,135768,59,53,0,53,0
2020-04-26,Imperial,025,180216,450,272,0,272,6
2020-04-26,Inyo,027,18085,19,20,0,20,1
2020-04-26,Kern,029,883053,1075,831,1,832,4
2020-04-26,Kings,031,150075,179,33,0,33,1
2020-04-26,Lake,033,64148,8,6,0,6,0
2020-04-26,Lassen,035,31185,3,0,2,2,0
2020-04-26,Los Angeles,037,10098052,26294,19570,22,19592,901
2020-04-26,Madera,039,155013,82,39,1,40,2
2020-04-26,Marin,041,260295,35,225,1,226,12
2020-04-26,Mariposa,043,17540,14,0,0,0,0
2020-04-26,Mendocino,045,87422,12,5,0,5,0
2020-04-26,Merced,047,269075,169,104,0,104,3
2020-04-26,Modoc,049,8938,0,0,0,0,0
2020-04-26,Mono,051,14174,31,23,0,23,1
2020-04-26,Monterey,053,433212,246,182,0,182,4
2020-04-26,Napa,055,140530,76,62,0,62,2
2020-04-26,Nevada,057,99092,41,37,1,38,1
2020-04-26,Orange,059,3164182,3302,2124,25,2149,40
2020-04-26,Placer,061,380077,165,141,0,141,8
2020-04-26,Plumas,063,18699,4,4,0,4,0
2020-04-26,Riverside,065,2383286,4517,3301,15,3316,95
2020-04-26,Sacramento,067,1510023,1085,1027,0,1027,41
2020-04-26,San Benito,069,59416,50,45,0,45,2
2020-04-26,San Bernardino,071,2135413,2297,1681,1,1682,82
2020-04-26,San Diego,073,3302833,4067,3045,0,3045,111
2020-04-26,San Francisco,075,870044,1708,1403,0,1403,23
2020-04-26,San Joaquin,077,732212,573,514,3,517,25
2020-04-26,San Luis Obispo,079,281455,244,165,3,168,1
2020-04-26,San Mateo,081,765935,1371,1070,2,1072,46
2020-04-26,Santa Barbara,083,443738,509,464,2,466,7
2020-04-26,Santa Clara,085,1922200,2548,2097,6,2103,102
2020-04-26,Santa Cruz,087,273765,142,116,0,116,2
2020-04-26,Shasta,089,179085,35,29,0,29,4
2020-04-26,Sierra,091,2930,0,0,0,0,0
2020-04-26,Siskiyou,093,43540,5,5,0,5,0
2020-04-26,Solano,095,438530,301,205,0,205,3
2020-04-26,Sonoma,097,501317,259,216,0,216,1
2020-04-26,Stanislaus,099,539301,406,294,4,298,4
2020-04-26,Sutter,101,95872,29,26,0,26,2
2020-04-26,Tehama,103,63373,1,1,0,1,1
2020-04-26,Trinity,105,12862,1,0,0,0,0
2020-04-26,Tulare,107,460477,830,497,5,502,28
2020-04-26,Tuolumne,109,53932,3,3,0,3,0
2020-04-26,Ventura,111,848112,640,509,1,510,17
2020-04-26,Yolo,113,214977,181,158,0,158,8
2020-04-26,Yuba,115,75493,18,15,0,15,1
2020-04-25,Alameda,001,1643700,1721,1396,2,1398,52
2020-04-25,Alpine,002,1148,1,1,0,1,0
2020-04-25,Amador,005,37829,8,8,0,8,0
2020-04-25,Butte,007,227075,27,16,2,18,0
2020-04-25,Calaveras,009,45235,13,12,0,12,0
2020-04-25,Colusa,011,21464,3,3,0,3,0
2020-04-25,Contra Costa,013,1133247,954,821,0,821,24
2020-04-25,Del Norte,015,27424,2,2,0,2,0
2020-04-25,El Dorado,017,186661,57,41,0,41,0
2020-04-25,Fresno,019,978130,831,459,6,465,7
2020-04-25,Glenn,021,27897,5,4,0,4,0
2020-04-25,Humboldt,023,135768,59,53,0,53,0
2020-04-25,Imperial,025,180216,433,232,0,232,6
2020-04-25,Inyo,027,18085,19,20,0,20,1
2020-04-25,Kern,029,883053,1044,802,1,803,4
2020-04-25,Kings,031,150075,167,33,0,33,1
2020-04-25,Lake,033,64148,6,6,0,6,0
2020-04-25,Lassen,035,31185,3,0,2,2,0
2020-04-25,Los Angeles,037,10098052,25661,19144,22,19166,881
2020-04-25,Madera,039,155013,79,39,1,40,2
2020-04-25,Marin,041,260295,35,215,1,216,12
2020-04-25,Mariposa,043,17540,14,0,0,0,0
2020-04-25,Mendocino,045,87422,11,5,0,5,0
2020-04-25,Merced,047,269075,167,103,0,103,3
2020-04-25,Modoc,049,8938,0,0,0,0,0
2020-04-25,Mono,051,14174,31,23,0,23,1
2020-04-25,Monterey,053,433212,244,173,0,173,4
2020-04-25,Napa,055,140530,76,60,0,60,2
2020-04-25,Nevada,057,99092,41,37,1,38,1
2020-04-25,Orange,059,3164182,3194,2047,25,2072,40
2020-04-25,Placer,061,380077,165,137,0,137,8
2020-04-25,Plumas,063,18699,4,4,0,4,0
2020-04-25,Riverside,065,2383286,4427,3037,15,3052,93
2020-04-25,Sacramento,067,1510023,1083,1015,0,1015,41
2020-04-25,San Benito,069,59416,50,45,0,45,2
2020-04-25,San Bernardino,071,2135413,2251,1675,1,1676,82
2020-04-25,San Diego,073,3302833,3966,2945,0,2945,111
2020-04-25,San Francisco,075,870044,1683,1341,0,1341,22
2020-04-25,San Joaquin,077,732212,566,497,3,500,24
2020-04-25,San Luis Obispo,079,281455,243,159,3,162,1
2020-04-25,San Mateo,081,765935,1353,1054,2,1056,46
2020-04-25,Santa Barbara,083,443738,502,457,2,459,7
2020-04-25,Santa Clara,085,1922200,2526,2045,5,2050,99
2020-04-25,Santa Cruz,087,273765,142,112,0,112,2
2020-04-25,Shasta,089,179085,35,29,0,29,4
2020-04-25,Sierra,091,2930,0,0,0,0,0
2020-04-25,Siskiyou,093,43540,5,5,0,5,0
2020-04-25,Solano,095,438530,297,203,0,203,3
2020-04-25,Sonoma,097,501317,254,199,0,199,1
2020-04-25,Stanislaus,099,539301,398,276,4,280,4
2020-04-25,Sutter,101,95872,29,24,0,24,2
2020-04-25,Tehama,103,63373,1,1,0,1,1
2020-04-25,Trinity,105,12862,0,0,0,0,0
2020-04-25,Tulare,107,460477,797,478,5,483,28
2020-04-25,Tuolumne,109,53932,3,2,0,2,0
2020-04-25,Ventura,111,848112,626,494,1,495,16
2020-04-25,Yolo,113,214977,181,157,0,157,8
2020-04-25,Yuba,115,75493,17,15,0,15,1
2020-04-24,Alameda,001,1643700,1690,1385,2,1387,50
2020-04-24,Alpine,002,1148,1,1,0,1,0
2020-04-24,Amador,005,37829,8,8,0,8,0
2020-04-24,Butte,007,227075,26,15,2,17,0
2020-04-24,Calaveras,009,45235,13,12,0,12,0
2020-04-24,Colusa,011,21464,3,3,0,3,0
2020-04-24,Contra Costa,013,1133247,945,806,0,806,23
2020-04-24,Del Norte,015,27424,2,2,0,2,0
2020-04-24,El Dorado,017,186661,56,41,0,41,0
2020-04-24,Fresno,019,978130,808,449,6,455,7
2020-04-24,Glenn,021,27897,5,4,0,4,0
2020-04-24,Humboldt,023,135768,59,53,0,53,0
2020-04-24,Imperial,025,180216,416,232,0,232,6
2020-04-24,Inyo,027,18085,19,20,0,20,0
2020-04-24,Kern,029,883053,1020,770,1,771,4
2020-04-24,Kings,031,150075,138,30,0,30,1
2020-04-24,Lake,033,64148,6,6,0,6,0
2020-04-24,Lassen,035,31185,3,0,2,2,0
2020-04-24,Los Angeles,037,10098052,24731,18553,22,18575,836
2020-04-24,Madera,039,155013,79,39,1,40,2
2020-04-24,Marin,041,260295,35,211,1,212,11
2020-04-24,Mariposa,043,17540,8,0,0,0,0
2020-04-24,Mendocino,045,87422,11,5,0,5,0
2020-04-24,Merced,047,269075,164,102,0,102,3
2020-04-24,Modoc,049,8938,0,0,0,0,0
2020-04-24,Mono,051,14174,30,23,0,23,1
2020-04-24,Monterey,053,433212,237,167,0,167,4
2020-04-24,Napa,055,140530,75,59,0,59,2
2020-04-24,Nevada,057,99092,41,36,1,37,1
2020-04-24,Orange,059,3164182,3087,1945,25,1970,39
2020-04-24,Placer,061,380077,163,137,0,137,8
2020-04-24,Plumas,063,18699,4,4,0,4,0
2020-04-24,Riverside,065,2383286,4346,3044,15,3059,87
2020-04-24,Sacramento,067,1510023,1077,1009,0,1009,41
2020-04-24,San Benito,069,59416,50,45,0,45,2
2020-04-24,San Bernardino,071,2135413,2216,1667,1,1668,80
2020-04-24,San Diego,073,3302833,3855,2828,0,2828,102
2020-04-24,San Francisco,075,870044,1625,1345,0,1345,22
2020-04-24,San Joaquin,077,732212,559,484,3,487,24
2020-04-24,San Luis Obispo,079,281455,240,151,3,154,1
2020-04-24,San Mateo,081,765935,1330,1004,2,1006,43
2020-04-24,Santa Barbara,083,443738,496,450,2,452,6
2020-04-24,Santa Clara,085,1922200,2484,2026,5,2031,98
2020-04-24,Santa Cruz,087,273765,138,111,0,111,2
2020-04-24,Shasta,089,179085,35,28,0,28,4
2020-04-24,Sierra,091,2930,0,0,0,0,0
2020-04-24,Siskiyou,093,43540,5,5,0,5,0
2020-04-24,Solano,095,438530,294,203,0,203,3
2020-04-24,Sonoma,097,501317,250,199,0,199,1
2020-04-24,Stanislaus,099,539301,395,273,4,277,4
2020-04-24,Sutter,101,95872,28,24,0,24,2
2020-04-24,Tehama,103,63373,1,1,0,1,1
2020-04-24,Trinity,105,12862,0,0,0,0,0
2020-04-24,Tulare,107,460477,769,459,5,464,27
2020-04-24,Tuolumne,109,53932,3,2,0,2,0
2020-04-24,Ventura,111,848112,616,489,1,490,16
2020-04-24,Yolo,113,214977,180,155,0,155,8
2020-04-24,Yuba,115,75493,16,15,0,15,1
2020-04-23,Alameda,001,1643700,1652,1336,2,1338,46
2020-04-23,Alpine,002,1148,1,1,0,1,0
2020-04-23,Amador,005,37829,8,8,0,8,0
2020-04-23,Butte,007,227075,26,15,2,17,0
2020-04-23,Calaveras,009,45235,13,12,0,12,0
2020-04-23,Colusa,011,21464,3,3,0,3,0
2020-04-23,Contra Costa,013,1133247,924,786,0,786,23
2020-04-23,Del Norte,015,27424,2,2,0,2,0
2020-04-23,El Dorado,017,186661,55,39,0,39,0
2020-04-23,Fresno,019,978130,771,426,6,432,7
2020-04-23,Glenn,021,27897,5,3,0,3,0
2020-04-23,Humboldt,023,135768,59,53,0,53,0
2020-04-23,Imperial,025,180216,397,181,0,181,4
2020-04-23,Inyo,027,18085,19,19,0,19,0
2020-04-23,Kern,029,883053,972,732,1,733,4
2020-04-23,Kings,031,150075,123,28,0,28,1
2020-04-23,Lake,033,64148,6,6,0,6,0
2020-04-23,Lassen,035,31185,3,0,2,2,0
2020-04-23,Los Angeles,037,10098052,23669,17548,21,17569,784
2020-04-23,Madera,039,155013,77,37,1,38,2
2020-04-23,Marin,041,260295,35,209,1,210,11
2020-04-23,Mariposa,043,17540,7,0,0,0,0
2020-04-23,Mendocino,045,87422,9,5,0,5,0
2020-04-23,Merced,047,269075,160,98,0,98,3
2020-04-23,Modoc,049,8938,0,0,0,0,0
2020-04-23,Mono,051,14174,30,23,0,23,1
2020-04-23,Monterey,053,433212,233,161,0,161,4
2020-04-23,Napa,055,140530,68,59,0,59,2
2020-04-23,Nevada,057,99092,41,36,1,37,1
2020-04-23,Orange,059,3164182,2908,1841,24,1865,37
2020-04-23,Placer,061,380077,160,136,0,136,8
2020-04-23,Plumas,063,18699,4,4,0,4,0
2020-04-23,Riverside,065,2383286,4232,2935,14,2949,78
2020-04-23,Sacramento,067,1510023,1065,978,0,978,41
2020-04-23,San Benito,069,59416,47,43,0,43,2
2020-04-23,San Bernardino,071,2135413,2151,1604,1,1605,79
2020-04-23,San Diego,073,3302833,3694,2645,0,2645,100
2020-04-23,San Francisco,075,870044,1600,1312,0,1312,21
2020-04-23,San Joaquin,077,732212,549,479,3,482,20
2020-04-23,San Luis Obispo,079,281455,236,146,3,149,1
2020-04-23,San Mateo,081,765935,1291,970,2,972,42
2020-04-23,Santa Barbara,083,443738,490,445,2,447,6
2020-04-23,Santa Clara,085,1922200,2449,1996,5,2001,95
2020-04-23,Santa Cruz,087,273765,137,110,0,110,2
2020-04-23,Shasta,089,179085,35,27,0,27,3
2020-04-23,Sierra,091,2930,0,0,0,0,0
2020-04-23,Siskiyou,093,43540,5,5,0,5,0
2020-04-23,Solano,095,438530,275,196,0,196,3
2020-04-23,Sonoma,097,501317,238,187,0,187,1
2020-04-23,Stanislaus,099,539301,391,254,4,258,4
2020-04-23,Sutter,101,95872,28,24,0,24,2
2020-04-23,Tehama,103,63373,1,1,0,1,1
2020-04-23,Trinity,105,12862,0,0,0,0,0
2020-04-23,Tulare,107,460477,740,440,5,445,25
2020-04-23,Tuolumne,109,53932,3,2,0,2,0
2020-04-23,Ventura,111,848112,602,479,1,480,16
2020-04-23,Yolo,113,214977,177,151,0,151,8
2020-04-23,Yuba,115,75493,16,15,0,15,1
2020-04-22,Alameda,001,1643700,1603,1275,2,1277,46
2020-04-22,Alpine,002,1148,1,1,0,1,0
2020-04-22,Amador,005,37829,8,7,0,7,0
2020-04-22,Butte,007,227075,25,15,2,17,0
2020-04-22,Calaveras,009,45235,13,12,0,12,0
2020-04-22,Colusa,011,21464,3,3,0,3,0
2020-04-22,Contra Costa,013,1133247,909,772,0,772,22
2020-04-22,Del Norte,015,27424,2,2,0,2,0
2020-04-22,El Dorado,017,186661,55,39,0,39,0
2020-04-22,Fresno,019,978130,731,388,6,394,7
2020-04-22,Glenn,021,27897,5,3,0,3,0
2020-04-22,Humboldt,023,135768,59,53,0,53,0
2020-04-22,Imperial,025,180216,387,170,0,170,3
2020-04-22,Inyo,027,18085,19,18,0,18,0
2020-04-22,Kern,029,883053,950,713,1,714,4
2020-04-22,Kings,031,150075,102,28,0,28,1
2020-04-22,Lake,033,64148,6,6,0,6,0
2020-04-22,Lassen,035,31185,3,0,2,2,0
2020-04-22,Los Angeles,037,10098052,22643,16400,21,16421,715
2020-04-22,Madera,039,155013,75,37,1,38,2
2020-04-22,Marin,041,260295,35,202,1,203,11
2020-04-22,Mariposa,043,17540,6,0,0,0,0
2020-04-22,Mendocino,045,87422,6,5,0,5,0
2020-04-22,Merced,047,269075,146,92,0,92,3
2020-04-22,Modoc,049,8938,0,0,0,0,0
2020-04-22,Mono,051,14174,29,23,0,23,1
2020-04-22,Monterey,053,433212,226,154,0,154,4
2020-04-22,Napa,055,140530,67,58,0,58,2
2020-04-22,Nevada,057,99092,41,36,1,37,1
2020-04-22,Orange,059,3164182,2814,1785,23,1808,36
2020-04-22,Placer,061,380077,158,133,0,133,8
2020-04-22,Plumas,063,18699,4,4,0,4,0
2020-04-22,Riverside,065,2383286,4128,2822,14,2836,76
2020-04-22,Sacramento,067,1510023,1060,959,0,959,36
2020-04-22,San Benito,069,59416,46,43,0,43,2
2020-04-22,San Bernardino,071,2135413,2088,1564,1,1565,74
2020-04-22,San Diego,073,3302833,3566,2493,0,2493,96
2020-04-22,San Francisco,075,870044,1563,1255,0,1255,21
2020-04-22,San Joaquin,077,732212,538,462,3,465,20
2020-04-22,San Luis Obispo,079,281455,227,142,3,145,1
2020-04-22,San Mateo,081,765935,1268,945,2,947,40
2020-04-22,Santa Barbara,083,443738,485,437,2,439,6
2020-04-22,Santa Clara,085,1922200,2433,1969,5,1974,95
2020-04-22,Santa Cruz,087,273765,133,106,0,106,2
2020-04-22,Shasta,089,179085,34,26,0,26,3
2020-04-22,Sierra,091,2930,0,0,0,0,0
2020-04-22,Siskiyou,093,43540,5,5,0,5,0
2020-04-22,Solano,095,438530,254,195,0,195,3
2020-04-22,Sonoma,097,501317,235,185,0,185,1
2020-04-22,Stanislaus,099,539301,334,247,4,251,4
2020-04-22,Sutter,101,95872,28,22,0,22,2
2020-04-22,Tehama,103,63373,1,1,0,1,1
2020-04-22,Trinity,105,12862,0,0,0,0,0
2020-04-22,Tulare,107,460477,706,425,5,430,23
2020-04-22,Tuolumne,109,53932,3,2,0,2,0
2020-04-22,Ventura,111,848112,591,465,1,466,15
2020-04-22,Yolo,113,214977,176,147,0,147,8
2020-04-22,Yuba,115,75493,16,15,0,15,1
2020-04-21,Alameda,001,1643700,1573,1234,2,1236,46
2020-04-21,Alpine,002,1148,1,1,0,1,0
2020-04-21,Amador,005,37829,8,7,0,7,0
2020-04-21,Butte,007,227075,24,15,2,17,0
2020-04-21,Calaveras,009,45235,12,12,0,12,0
2020-04-21,Colusa,011,21464,3,3,0,3,0
2020-04-21,Contra Costa,013,1133247,894,766,0,766,22
2020-04-21,Del Norte,015,27424,2,2,0,2,0
2020-04-21,El Dorado,017,186661,54,36,0,36,0
2020-04-21,Fresno,019,978130,697,372,6,378,7
2020-04-21,Glenn,021,27897,5,3,0,3,0
2020-04-21,Humboldt,023,135768,58,53,0,53,0
2020-04-21,Imperial,025,180216,366,165,0,165,2
2020-04-21,Inyo,027,18085,19,18,0,18,0
2020-04-21,Kern,029,883053,908,676,1,677,4
2020-04-21,Kings,031,150075,88,28,0,28,1
2020-04-21,Lake,033,64148,6,6,0,6,0
2020-04-21,Lassen,035,31185,3,0,2,2,0
2020-04-21,Los Angeles,037,10098052,21780,15096,21,15117,650
2020-04-21,Madera,039,155013,75,37,1,38,2
2020-04-21,Marin,041,260295,34,202,1,203,10
2020-04-21,Mariposa,043,17540,5,0,0,0,0
2020-04-21,Mendocino,045,87422,6,5,0,5,0
2020-04-21,Merced,047,269075,142,89,0,89,3
2020-04-21,Modoc,049,8938,0,0,0,0,0
2020-04-21,Mono,051,14174,29,23,0,23,1
2020-04-21,Monterey,053,433212,223,151,0,151,4
2020-04-21,Napa,055,140530,66,58,0,58,2
2020-04-21,Nevada,057,99092,41,36,1,37,1
2020-04-21,Orange,059,3164182,2691,1717,22,1739,36
2020-04-21,Placer,061,380077,156,133,0,133,8
2020-04-21,Plumas,063,18699,4,4,0,4,0
2020-04-21,Riverside,065,2383286,3995,2631,14,2645,68
2020-04-21,Sacramento,067,1510023,1050,941,0,941,33
2020-04-21,San Benito,069,59416,44,43,0,43,2
2020-04-21,San Bernardino,071,2135413,2028,1499,1,1500,71
2020-04-21,San Diego,073,3302833,3410,2436,0,2436,87
2020-04-21,San Francisco,075,870044,1533,1232,0,1232,20
2020-04-21,San Joaquin,077,732212,528,447,3,450,20
2020-04-21,San Luis Obispo,079,281455,219,134,3,137,1
2020-04-21,San Mateo,081,765935,1222,933,2,935,34
2020-04-21,Santa Barbara,083,443738,476,414,2,416,5
2020-04-21,Santa Clara,085,1922200,2383,1943,5,1948,91
2020-04-21,Santa Cruz,087,273765,131,104,0,104,2
2020-04-21,Shasta,089,179085,33,26,0,26,3
2020-04-21,Sierra,091,2930,0,0,0,0,0
2020-04-21,Siskiyou,093,43540,5,5,0,5,0
2020-04-21,Solano,095,438530,246,193,0,193,3
2020-04-21,Sonoma,097,501317,225,182,0,182,1
2020-04-21,Stanislaus,099,539301,315,235,4,239,4
2020-04-21,Sutter,101,95872,28,22,0,22,2
2020-04-21,Tehama,103,63373,1,1,0,1,1
2020-04-21,Trinity,105,12862,0,0,0,0,0
2020-04-21,Tulare,107,460477,669,410,5,415,23
2020-04-21,Tuolumne,109,53932,3,2,0,2,0
2020-04-21,Ventura,111,848112,579,455,1,456,14
2020-04-21,Yolo,113,214977,174,143,0,143,8
2020-04-21,Yuba,115,75493,16,15,0,15,1
2020-04-20,Alameda,001,1643700,1540,1181,2,1183,42
2020-04-20,Alpine,002,1148,1,1,0,1,0
2020-04-20,Amador,005,37829,8,7,0,7,0
2020-04-20,Butte,007,227075,23,15,2,17,0
2020-04-20,Calaveras,009,45235,12,12,0,12,0
2020-04-20,Colusa,011,21464,3,3,0,3,0
2020-04-20,Contra Costa,013,1133247,884,753,0,753,22
2020-04-20,Del Norte,015,27424,2,2,0,2,0
2020-04-20,El Dorado,017,186661,54,36,0,36,0
2020-04-20,Fresno,019,978130,679,356,6,362,7
2020-04-20,Glenn,021,27897,4,3,0,3,0
2020-04-20,Humboldt,023,135768,58,53,0,53,0
2020-04-20,Imperial,025,180216,347,149,0,149,2
2020-04-20,Inyo,027,18085,19,17,0,17,0
2020-04-20,Kern,029,883053,876,651,1,652,3
2020-04-20,Kings,031,150075,77,19,0,19,1
2020-04-20,Lake,033,64148,6,6,0,6,0
2020-04-20,Lassen,035,31185,3,0,2,2,0
2020-04-20,Los Angeles,037,10098052,20869,13787,20,13807,608
2020-04-20,Madera,039,155013,74,35,1,36,2
2020-04-20,Marin,041,260295,33,200,1,201,10
2020-04-20,Mariposa,043,17540,5,0,0,0,0
2020-04-20,Mendocino,045,87422,6,5,0,5,0
2020-04-20,Merced,047,269075,135,88,0,88,3
2020-04-20,Modoc,049,8938,0,0,0,0,0
2020-04-20,Mono,051,14174,29,23,0,23,1
2020-04-20,Monterey,053,433212,214,147,0,147,4
2020-04-20,Napa,055,140530,66,55,0,55,2
2020-04-20,Nevada,057,99092,41,34,1,35,1
2020-04-20,Orange,059,3164182,2607,1679,22,1701,33
2020-04-20,Placer,061,380077,155,132,0,132,8
2020-04-20,Plumas,063,18699,4,4,0,4,0
2020-04-20,Riverside,065,2383286,3870,2477,14,2491,61
2020-04-20,Sacramento,067,1510023,1040,924,0,924,32
2020-04-20,San Benito,069,59416,44,43,0,43,2
2020-04-20,San Bernardino,071,2135413,1941,1344,1,1345,63
2020-04-20,San Diego,073,3302833,3268,2327,0,2327,72
2020-04-20,San Francisco,075,870044,1501,1223,0,1223,19
2020-04-20,San Joaquin,077,732212,524,422,3,425,17
2020-04-20,San Luis Obispo,079,281455,205,132,3,135,1
2020-04-20,San Mateo,081,765935,1199,890,2,892,31
2020-04-20,Santa Barbara,083,443738,469,388,2,390,4
2020-04-20,Santa Clara,085,1922200,2352,1920,5,1925,84
2020-04-20,Santa Cruz,087,273765,129,102,0,102,2
2020-04-20,Shasta,089,179085,33,26,0,26,3
2020-04-20,Sierra,091,2930,0,0,0,0,0
2020-04-20,Siskiyou,093,43540,5,5,0,5,0
2020-04-20,Solano,095,438530,243,185,0,185,2
2020-04-20,Sonoma,097,501317,217,178,0,178,1
2020-04-20,Stanislaus,099,539301,301,228,4,232,3
2020-04-20,Sutter,101,95872,27,22,0,22,2
2020-04-20,Tehama,103,63373,1,1,0,1,1
2020-04-20,Trinity,105,12862,0,0,0,0,0
2020-04-20,Tulare,107,460477,659,401,5,406,20
2020-04-20,Tuolumne,109,53932,3,2,0,2,0
2020-04-20,Ventura,111,848112,565,426,1,427,13
2020-04-20,Yolo,113,214977,173,125,0,125,5
2020-04-20,Yuba,115,75493,16,15,0,15,1
2020-04-19,Alameda,001,1643700,1490,1134,2,1136,41
2020-04-19,Alpine,002,1148,1,1,0,1,0
2020-04-19,Amador,005,37829,7,7,0,7,0
2020-04-19,Butte,007,227075,22,15,2,17,0
2020-04-19,Calaveras,009,45235,12,12,0,12,0
2020-04-19,Colusa,011,21464,3,3,0,3,0
2020-04-19,Contra Costa,013,1133247,868,731,0,731,20
2020-04-19,Del Norte,015,27424,2,2,0,2,0
2020-04-19,El Dorado,017,186661,54,36,0,36,0
2020-04-19,Fresno,019,978130,643,326,6,332,7
2020-04-19,Glenn,021,27897,4,3,0,3,0
2020-04-19,Humboldt,023,135768,58,53,0,53,0
2020-04-19,Imperial,025,180216,319,144,0,144,2
2020-04-19,Inyo,027,18085,19,17,0,17,0
2020-04-19,Kern,029,883053,851,629,1,630,3
2020-04-19,Kings,031,150075,67,17,0,17,1
2020-04-19,Lake,033,64148,6,6,0,6,0
2020-04-19,Lassen,035,31185,3,0,2,2,0
2020-04-19,Los Angeles,037,10098052,19862,12299,20,12319,589
2020-04-19,Madera,039,155013,72,34,1,35,2
2020-04-19,Marin,041,260295,33,194,1,195,10
2020-04-19,Mariposa,043,17540,2,0,0,0,0
2020-04-19,Mendocino,045,87422,6,4,0,4,0
2020-04-19,Merced,047,269075,130,85,0,85,3
2020-04-19,Modoc,049,8938,0,0,0,0,0
2020-04-19,Mono,051,14174,29,23,0,23,1
2020-04-19,Monterey,053,433212,205,140,0,140,4
2020-04-19,Napa,055,140530,64,49,0,49,2
2020-04-19,Nevada,057,99092,40,34,1,35,1
2020-04-19,Orange,059,3164182,2510,1591,21,1612,32
2020-04-19,Placer,061,380077,154,131,0,131,8
2020-04-19,Plumas,063,18699,4,4,0,4,0
2020-04-19,Riverside,065,2383286,3727,2316,14,2330,56
2020-04-19,Sacramento,067,1510023,1013,912,0,912,32
2020-04-19,San Benito,069,59416,42,40,0,40,2
2020-04-19,San Bernardino,071,2135413,1878,1262,1,1263,58
2020-04-19,San Diego,073,3302833,3101,2270,0,2270,71
2020-04-19,San Francisco,075,870044,1468,1153,0,1153,19
2020-04-19,San Joaquin,077,732212,506,404,3,407,17
2020-04-19,San Luis Obispo,079,281455,200,132,3,135,1
2020-04-19,San Mateo,081,765935,1163,845,2,847,31
2020-04-19,Santa Barbara,083,443738,462,377,2,379,3
2020-04-19,Santa Clara,085,1922200,2307,1878,5,1883,81
2020-04-19,Santa Cruz,087,273765,126,98,0,98,2
2020-04-19,Shasta,089,179085,31,26,0,26,3
2020-04-19,Sierra,091,2930,0,0,0,0,0
2020-04-19,Siskiyou,093,43540,5,5,0,5,0
2020-04-19,Solano,095,438530,233,174,0,174,2
2020-04-19,Sonoma,097,501317,211,172,0,172,1
2020-04-19,Stanislaus,099,539301,293,221,4,225,3
2020-04-19,Sutter,101,95872,26,21,0,21,2
2020-04-19,Tehama,103,63373,1,1,0,1,1
2020-04-19,Trinity,105,12862,0,0,0,0,0
2020-04-19,Tulare,107,460477,613,391,5,396,17
2020-04-19,Tuolumne,109,53932,3,2,0,2,0
2020-04-19,Ventura,111,848112,557,418,1,419,13
2020-04-19,Yolo,113,214977,173,120,0,120,5
2020-04-19,Yuba,115,75493,16,15,0,15,1
2020-04-18,Alameda,001,1643700,1465,1085,2,1087,40
2020-04-18,Alpine,002,1148,1,1,0,1,0
2020-04-18,Amador,005,37829,7,7,0,7,0
2020-04-18,Butte,007,227075,21,15,2,17,0
2020-04-18,Calaveras,009,45235,12,12,0,12,0
2020-04-18,Colusa,011,21464,3,3,0,3,0
2020-04-18,Contra Costa,013,1133247,856,721,0,721,17
2020-04-18,Del Norte,015,27424,2,2,0,2,0
2020-04-18,El Dorado,017,186661,54,36,0,36,0
2020-04-18,Fresno,019,978130,622,319,6,325,7
2020-04-18,Glenn,021,27897,4,3,0,3,0
2020-04-18,Humboldt,023,135768,58,52,0,52,0
2020-04-18,Imperial,025,180216,309,137,0,137,2
2020-04-18,Inyo,027,18085,19,17,0,17,0
2020-04-18,Kern,029,883053,829,626,1,627,3
2020-04-18,Kings,031,150075,66,17,0,17,1
2020-04-18,Lake,033,64148,6,6,0,6,0
2020-04-18,Lassen,035,31185,3,0,2,2,0
2020-04-18,Los Angeles,037,10098052,19333,11984,20,12004,566
2020-04-18,Madera,039,155013,71,34,1,35,2
2020-04-18,Marin,041,260295,33,193,1,194,10
2020-04-18,Mariposa,043,17540,2,0,0,0,0
2020-04-18,Mendocino,045,87422,6,4,0,4,0
2020-04-18,Merced,047,269075,128,82,0,82,3
2020-04-18,Modoc,049,8938,0,0,0,0,0
2020-04-18,Mono,051,14174,29,22,0,22,1
2020-04-18,Monterey,053,433212,201,135,0,135,3
2020-04-18,Napa,055,140530,64,49,0,49,2
2020-04-18,Nevada,057,99092,39,34,1,35,1
2020-04-18,Orange,059,3164182,2445,1569,20,1589,32
2020-04-18,Placer,061,380077,152,130,0,130,8
2020-04-18,Plumas,063,18699,4,4,0,4,0
2020-04-18,Riverside,065,2383286,3652,2257,14,2271,56
2020-04-18,Sacramento,067,1510023,1001,901,0,901,32
2020-04-18,San Benito,069,59416,42,40,0,40,2
2020-04-18,San Bernardino,071,2135413,1833,1255,1,1256,58
2020-04-18,San Diego,073,3302833,2999,2215,0,2215,71
2020-04-18,San Francisco,075,870044,1429,1144,0,1144,19
2020-04-18,San Joaquin,077,732212,497,392,3,395,17
2020-04-18,San Luis Obispo,079,281455,196,129,3,132,1
2020-04-18,San Mateo,081,765935,1141,821,2,823,31
2020-04-18,Santa Barbara,083,443738,456,372,2,374,3
2020-04-18,Santa Clara,085,1922200,2274,1862,5,1867,79
2020-04-18,Santa Cruz,087,273765,124,96,0,96,2
2020-04-18,Shasta,089,179085,31,26,0,26,3
2020-04-18,Sierra,091,2930,0,0,0,0,0
2020-04-18,Siskiyou,093,43540,5,5,0,5,0
2020-04-18,Solano,095,438530,229,175,0,175,2
2020-04-18,Sonoma,097,501317,207,168,0,168,1
2020-04-18,Stanislaus,099,539301,285,216,4,220,3
2020-04-18,Sutter,101,95872,26,21,0,21,2
2020-04-18,Tehama,103,63373,1,1,0,1,1
2020-04-18,Trinity,105,12862,0,0,0,0,0
2020-04-18,Tulare,107,460477,602,385,5,390,17
2020-04-18,Tuolumne,109,53932,3,2,0,2,0
2020-04-18,Ventura,111,848112,549,416,1,417,13
2020-04-18,Yolo,113,214977,171,118,0,118,5
2020-04-18,Yuba,115,75493,16,14,0,14,1
2020-04-17,Alameda,001,1643700,1410,1043,1,1044,40
2020-04-17,Alpine,002,1148,1,1,0,1,0
2020-04-17,Amador,005,37829,7,7,0,7,0
2020-04-17,Butte,007,227075,21,15,2,17,0
2020-04-17,Calaveras,009,45235,12,11,0,11,0
2020-04-17,Colusa,011,21464,3,3,0,3,0
2020-04-17,Contra Costa,013,1133247,845,687,0,687,15
2020-04-17,Del Norte,015,27424,2,2,0,2,0
2020-04-17,El Dorado,017,186661,54,35,0,35,0
2020-04-17,Fresno,019,978130,600,315,6,321,7
2020-04-17,Glenn,021,27897,4,3,0,3,0
2020-04-17,Humboldt,023,135768,57,52,0,52,0
2020-04-17,Imperial,025,180216,300,135,0,135,2
2020-04-17,Inyo,027,18085,19,17,0,17,0
2020-04-17,Kern,029,883053,809,612,1,613,3
2020-04-17,Kings,031,150075,64,15,0,15,1
2020-04-17,Lake,033,64148,6,6,0,6,0
2020-04-17,Lassen,035,31185,3,0,2,2,0
2020-04-17,Los Angeles,037,10098052,18693,11354,20,11374,489
2020-04-17,Madera,039,155013,71,34,1,35,2
2020-04-17,Marin,041,260295,32,189,1,190,10
2020-04-17,Mariposa,043,17540,1,0,0,0,0
2020-04-17,Mendocino,045,87422,6,4,0,4,0
2020-04-17,Merced,047,269075,127,80,0,80,3
2020-04-17,Modoc,049,8938,0,0,0,0,0
2020-04-17,Mono,051,14174,29,22,0,22,1
2020-04-17,Monterey,053,433212,196,119,0,119,3
2020-04-17,Napa,055,140530,62,46,0,46,2
2020-04-17,Nevada,057,99092,38,34,1,35,1
2020-04-17,Orange,059,3164182,2394,1496,20,1516,31
2020-04-17,Placer,061,380077,152,130,0,130,8
2020-04-17,Plumas,063,18699,4,4,0,4,0
2020-04-17,Riverside,065,2383286,3525,2080,14,2094,50
2020-04-17,Sacramento,067,1510023,994,882,0,882,32
2020-04-17,San Benito,069,59416,42,38,0,38,2
2020-04-17,San Bernardino,071,2135413,1794,1229,1,1230,57
2020-04-17,San Diego,073,3302833,2909,2160,0,2160,70
2020-04-17,San Francisco,075,870044,1404,1090,0,1090,19
2020-04-17,San Joaquin,077,732212,486,356,3,359,17
2020-04-17,San Luis Obispo,079,281455,189,116,3,119,1
2020-04-17,San Mateo,081,765935,1125,768,2,770,31
2020-04-17,Santa Barbara,083,443738,451,349,2,351,3
2020-04-17,Santa Clara,085,1922200,2238,1834,5,1839,74
2020-04-17,Santa Cruz,087,273765,123,94,0,94,2
2020-04-17,Shasta,089,179085,31,26,0,26,3
2020-04-17,Sierra,091,2930,0,0,0,0,0
2020-04-17,Siskiyou,093,43540,5,5,0,5,0
2020-04-17,Solano,095,438530,228,173,0,173,2
2020-04-17,Sonoma,097,501317,204,167,0,167,1
2020-04-17,Stanislaus,099,539301,283,201,4,205,3
2020-04-17,Sutter,101,95872,26,20,0,20,2
2020-04-17,Tehama,103,63373,1,1,0,1,1
2020-04-17,Trinity,105,12862,0,0,0,0,0
2020-04-17,Tulare,107,460477,595,370,5,375,17
2020-04-17,Tuolumne,109,53932,3,2,0,2,0
2020-04-17,Ventura,111,848112,544,398,1,399,13
2020-04-17,Yolo,113,214977,170,117,0,117,5
2020-04-17,Yuba,115,75493,16,14,0,14,1
2020-04-16,Alameda,001,1643700,1377,981,1,982,39
2020-04-16,Alpine,002,1148,1,1,0,1,0
2020-04-16,Amador,005,37829,7,7,0,7,0
2020-04-16,Butte,007,227075,20,15,2,17,0
2020-04-16,Calaveras,009,45235,12,10,0,10,0
2020-04-16,Colusa,011,21464,3,3,0,3,0
2020-04-16,Contra Costa,013,1133247,831,675,0,675,14
2020-04-16,Del Norte,015,27424,2,2,0,2,0
2020-04-16,El Dorado,017,186661,53,34,0,34,0
2020-04-16,Fresno,019,978130,570,289,6,295,7
2020-04-16,Glenn,021,27897,4,3,0,3,0
2020-04-16,Humboldt,023,135768,57,47,0,47,0
2020-04-16,Imperial,025,180216,285,132,0,132,2
2020-04-16,Inyo,027,18085,17,17,0,17,0
2020-04-16,Kern,029,883053,782,587,1,588,3
2020-04-16,Kings,031,150075,60,12,0,12,1
2020-04-16,Lake,033,64148,6,6,0,6,0
2020-04-16,Lassen,035,31185,3,0,2,2,0
2020-04-16,Los Angeles,037,10098052,17802,10786,20,10806,447
2020-04-16,Madera,039,155013,69,34,1,35,2
2020-04-16,Marin,041,260295,32,170,1,171,10
2020-04-16,Mariposa,043,17540,1,1,0,1,0
2020-04-16,Mendocino,045,87422,6,4,0,4,0
2020-04-16,Merced,047,269075,121,76,0,76,3
2020-04-16,Modoc,049,8938,0,0,0,0,0
2020-04-16,Mono,051,14174,29,22,0,22,1
2020-04-16,Monterey,053,433212,193,116,0,116,3
2020-04-16,Napa,055,140530,59,44,0,44,2
2020-04-16,Nevada,057,99092,38,34,1,35,1
2020-04-16,Orange,059,3164182,2329,1439,19,1458,28
2020-04-16,Placer,061,380077,150,129,0,129,7
2020-04-16,Plumas,063,18699,4,4,0,4,0
2020-04-16,Riverside,065,2383286,3405,1913,14,1927,45
2020-04-16,Sacramento,067,1510023,986,865,0,865,32
2020-04-16,San Benito,069,59416,42,36,0,36,2
2020-04-16,San Bernardino,071,2135413,1713,1143,0,1143,54
2020-04-16,San Diego,073,3302833,2801,2089,0,2089,63
2020-04-16,San Francisco,075,870044,1360,1039,0,1039,16
2020-04-16,San Joaquin,077,732212,471,345,3,348,17
2020-04-16,San Luis Obispo,079,281455,185,113,3,116,1
2020-04-16,San Mateo,081,765935,1096,745,2,747,29
2020-04-16,Santa Barbara,083,443738,440,331,2,333,3
2020-04-16,Santa Clara,085,1922200,2201,1789,5,1794,70
2020-04-16,Santa Cruz,087,273765,121,90,0,90,2
2020-04-16,Shasta,089,179085,31,25,0,25,3
2020-04-16,Sierra,091,2930,0,0,0,0,0
2020-04-16,Siskiyou,093,43540,5,5,0,5,0
2020-04-16,Solano,095,438530,225,162,0,162,2
2020-04-16,Sonoma,097,501317,199,145,0,145,1
2020-04-16,Stanislaus,099,539301,280,185,4,189,3
2020-04-16,Sutter,101,95872,25,21,0,21,2
2020-04-16,Tehama,103,63373,1,1,0,1,1
2020-04-16,Trinity,105,12862,0,0,0,0,0
2020-04-16,Tulare,107,460477,578,305,5,310,16
2020-04-16,Tuolumne,109,53932,3,1,0,1,0
2020-04-16,Ventura,111,848112,532,384,1,385,13
2020-04-16,Yolo,113,214977,168,98,0,98,4
2020-04-16,Yuba,115,75493,15,14,0,14,1
2020-04-15,Alameda,001,1643700,1327,915,1,916,38
2020-04-15,Alpine,002,1148,1,1,0,1,0
2020-04-15,Amador,005,37829,7,7,0,7,0
2020-04-15,Butte,007,227075,20,14,2,16,0
2020-04-15,Calaveras,009,45235,11,9,0,9,0
2020-04-15,Colusa,011,21464,3,3,0,3,0
2020-04-15,Contra Costa,013,1133247,809,645,0,645,14
2020-04-15,Del Norte,015,27424,2,2,0,2,0
2020-04-15,El Dorado,017,186661,51,33,0,33,0
2020-04-15,Fresno,019,978130,544,264,6,270,7
2020-04-15,Glenn,021,27897,4,3,0,3,0
2020-04-15,Humboldt,023,135768,57,47,0,47,0
2020-04-15,Imperial,025,180216,259,115,0,115,2
2020-04-15,Inyo,027,18085,17,12,0,12,0
2020-04-15,Kern,029,883053,760,500,1,501,3
2020-04-15,Kings,031,150075,56,12,0,12,1
2020-04-15,Lake,033,64148,6,4,0,4,0
2020-04-15,Lassen,035,31185,3,0,2,2,0
2020-04-15,Los Angeles,037,10098052,16979,10416,18,10434,394
2020-04-15,Madera,039,155013,69,30,1,31,2
2020-04-15,Marin,041,260295,32,162,1,163,10
2020-04-15,Mariposa,043,17540,0,0,0,0,0
2020-04-15,Mendocino,045,87422,5,4,0,4,0
2020-04-15,Merced,047,269075,119,74,0,74,3
2020-04-15,Modoc,049,8938,0,0,0,0,0
2020-04-15,Mono,051,14174,29,22,0,22,1
2020-04-15,Monterey,053,433212,185,106,0,106,3
2020-04-15,Napa,055,140530,56,34,0,34,2
2020-04-15,Nevada,057,99092,37,34,1,35,1
2020-04-15,Orange,059,3164182,2226,1377,19,1396,24
2020-04-15,Placer,061,380077,149,123,0,123,6
2020-04-15,Plumas,063,18699,4,4,0,4,0
2020-04-15,Riverside,065,2383286,3210,1723,14,1737,42
2020-04-15,Sacramento,067,1510023,977,839,0,839,32
2020-04-15,San Benito,069,59416,42,34,0,34,2
2020-04-15,San Bernardino,071,2135413,1643,1063,0,1063,45
2020-04-15,San Diego,073,3302833,2713,2014,0,2014,60
2020-04-15,San Francisco,075,870044,1324,1006,0,1006,16
2020-04-15,San Joaquin,077,732212,463,329,3,332,17
2020-04-15,San Luis Obispo,079,281455,177,112,3,115,1
2020-04-15,San Mateo,081,765935,1047,707,2,709,28
2020-04-15,Santa Barbara,083,443738,424,317,2,319,2
2020-04-15,Santa Clara,085,1922200,2162,1692,5,1697,69
2020-04-15,Santa Cruz,087,273765,117,92,0,92,2
2020-04-15,Shasta,089,179085,31,25,0,25,3
2020-04-15,Sierra,091,2930,0,0,0,0,0
2020-04-15,Siskiyou,093,43540,5,5,0,5,0
2020-04-15,Solano,095,438530,220,153,0,153,2
2020-04-15,Sonoma,097,501317,197,140,0,140,1
2020-04-15,Stanislaus,099,539301,273,174,4,178,3
2020-04-15,Sutter,101,95872,25,19,0,19,2
2020-04-15,Tehama,103,63373,1,1,0,1,1
2020-04-15,Trinity,105,12862,0,0,0,0,0
2020-04-15,Tulare,107,460477,560,289,5,294,14
2020-04-15,Tuolumne,109,53932,3,1,0,1,0
2020-04-15,Ventura,111,848112,517,365,1,366,13
2020-04-15,Yolo,113,214977,161,93,0,93,3
2020-04-15,Yuba,115,75493,15,15,0,15,1
2020-04-14,Alameda,001,1643700,1282,843,1,844,30
2020-04-14,Alpine,002,1148,1,1,0,1,0
2020-04-14,Amador,005,37829,7,6,0,6,0
2020-04-14,Butte,007,227075,20,13,2,15,0
2020-04-14,Calaveras,009,45235,11,5,0,5,0
2020-04-14,Colusa,011,21464,3,3,0,3,0
2020-04-14,Contra Costa,013,1133247,797,617,0,617,12
2020-04-14,Del Norte,015,27424,2,2,0,2,0
2020-04-14,El Dorado,017,186661,51,30,0,30,0
2020-04-14,Fresno,019,978130,521,244,6,250,6
2020-04-14,Glenn,021,27897,4,3,0,3,0
2020-04-14,Humboldt,023,135768,57,44,0,44,0
2020-04-14,Imperial,025,180216,239,86,0,86,2
2020-04-14,Inyo,027,18085,17,12,0,12,0
2020-04-14,Kern,029,883053,736,453,1,454,3
2020-04-14,Kings,031,150075,55,12,0,12,1
2020-04-14,Lake,033,64148,6,3,0,3,0
2020-04-14,Lassen,035,31185,3,0,2,2,0
2020-04-14,Los Angeles,037,10098052,16086,9948,17,9965,357
2020-04-14,Madera,039,155013,68,29,1,30,2
2020-04-14,Marin,041,260295,32,147,1,148,9
2020-04-14,Mariposa,043,17540,0,0,0,0,0
2020-04-14,Mendocino,045,87422,5,4,0,4,0
2020-04-14,Merced,047,269075,112,61,0,61,3
2020-04-14,Modoc,049,8938,0,0,0,0,0
2020-04-14,Mono,051,14174,29,22,0,22,1
2020-04-14,Monterey,053,433212,180,98,0,98,3
2020-04-14,Napa,055,140530,56,33,0,33,2
2020-04-14,Nevada,057,99092,37,34,1,35,1
2020-04-14,Orange,059,3164182,2126,1362,19,1381,24
2020-04-14,Placer,061,380077,148,117,0,117,5
2020-04-14,Plumas,063,18699,4,3,0,3,0
2020-04-14,Riverside,065,2383286,3075,1467,14,1481,40
2020-04-14,Sacramento,067,1510023,968,737,0,737,29
2020-04-14,San Benito,069,59416,39,34,0,34,2
2020-04-14,San Bernardino,071,2135413,1588,933,0,933,37
2020-04-14,San Diego,073,3302833,2618,1932,0,1932,53
2020-04-14,San Francisco,075,870044,1270,968,0,968,14
2020-04-14,San Joaquin,077,732212,453,280,3,283,17
2020-04-14,San Luis Obispo,079,281455,174,109,3,112,1
2020-04-14,San Mateo,081,765935,1013,681,2,683,28
2020-04-14,Santa Barbara,083,443738,400,292,2,294,2
2020-04-14,Santa Clara,085,1922200,2129,1561,5,1566,63
2020-04-14,Santa Cruz,087,273765,109,84,0,84,2
2020-04-14,Shasta,089,179085,31,24,0,24,3
2020-04-14,Sierra,091,2930,0,0,0,0,0
2020-04-14,Siskiyou,093,43540,5,5,0,5,0
2020-04-14,Solano,095,438530,217,140,0,140,2
2020-04-14,Sonoma,097,501317,193,133,0,133,1
2020-04-14,Stanislaus,099,539301,260,136,4,140,3
2020-04-14,Sutter,101,95872,24,19,0,19,2
2020-04-14,Tehama,103,63373,1,1,0,1,1
2020-04-14,Trinity,105,12862,0,0,0,0,0
2020-04-14,Tulare,107,460477,536,228,5,233,12
2020-04-14,Tuolumne,109,53932,3,0,0,0,0
2020-04-14,Ventura,111,848112,504,328,1,329,11
2020-04-14,Yolo,113,214977,158,81,0,81,3
2020-04-14,Yuba,115,75493,14,14,0,14,1
2020-04-13,Alameda,001,1643700,1244,821,1,822,23
2020-04-13,Alpine,002,1148,1,1,0,1,0
2020-04-13,Amador,005,37829,7,6,0,6,0
2020-04-13,Butte,007,227075,19,13,2,15,0
2020-04-13,Calaveras,009,45235,10,5,0,5,0
2020-04-13,Colusa,011,21464,3,3,0,3,0
2020-04-13,Contra Costa,013,1133247,781,569,0,569,12
2020-04-13,Del Norte,015,27424,2,2,0,2,0
2020-04-13,El Dorado,017,186661,49,29,0,29,0
2020-04-13,Fresno,019,978130,499,205,5,210,4
2020-04-13,Glenn,021,27897,4,3,0,3,0
2020-04-13,Humboldt,023,135768,57,44,0,44,0
2020-04-13,Imperial,025,180216,221,82,0,82,2
2020-04-13,Inyo,027,18085,17,12,0,12,0
2020-04-13,Kern,029,883053,711,346,1,347,3
2020-04-13,Kings,031,150075,51,9,0,9,0
2020-04-13,Lake,033,64148,6,3,0,3,0
2020-04-13,Lassen,035,31185,3,0,2,2,0
2020-04-13,Los Angeles,037,10098052,15365,9367,17,9384,317
2020-04-13,Madera,039,155013,66,29,1,30,2
2020-04-13,Marin,041,260295,32,144,1,145,6
2020-04-13,Mariposa,043,17540,0,0,0,0,0
2020-04-13,Mendocino,045,87422,5,4,0,4,0
2020-04-13,Merced,047,269075,111,60,0,60,3
2020-04-13,Modoc,049,8938,0,0,0,0,0
2020-04-13,Mono,051,14174,29,21,0,21,1
2020-04-13,Monterey,053,433212,173,86,0,86,3
2020-04-13,Napa,055,140530,55,30,0,30,2
2020-04-13,Nevada,057,99092,37,24,1,25,1
2020-04-13,Orange,059,3164182,2054,1313,19,1332,21
2020-04-13,Placer,061,380077,147,116,0,116,5
2020-04-13,Plumas,063,18699,4,3,0,3,0
2020-04-13,Riverside,065,2383286,2934,1460,13,1473,35
2020-04-13,Sacramento,067,1510023,956,723,0,723,25
2020-04-13,San Benito,069,59416,38,33,0,33,2
2020-04-13,San Bernardino,071,2135413,1513,920,0,920,30
2020-04-13,San Diego,073,3302833,2535,1849,0,1849,47
2020-04-13,San Francisco,075,870044,1232,948,0,948,12
2020-04-13,San Joaquin,077,732212,438,255,3,258,16
2020-04-13,San Luis Obispo,079,281455,169,106,3,109,1
2020-04-13,San Mateo,081,765935,973,679,2,681,25
2020-04-13,Santa Barbara,083,443738,381,271,1,272,2
2020-04-13,Santa Clara,085,1922200,2083,1540,5,1545,58
2020-04-13,Santa Cruz,087,273765,103,82,0,82,1
2020-04-13,Shasta,089,179085,30,24,0,24,3
2020-04-13,Sierra,091,2930,0,0,0,0,0
2020-04-13,Siskiyou,093,43540,5,5,0,5,0
2020-04-13,Solano,095,438530,213,136,0,136,2
2020-04-13,Sonoma,097,501317,186,133,0,133,1
2020-04-13,Stanislaus,099,539301,254,130,4,134,1
2020-04-13,Sutter,101,95872,24,18,0,18,2
2020-04-13,Tehama,103,63373,1,1,0,1,0
2020-04-13,Trinity,105,12862,0,0,0,0,0
2020-04-13,Tulare,107,460477,500,185,5,190,11
2020-04-13,Tuolumne,109,53932,3,0,0,0,0
2020-04-13,Ventura,111,848112,483,309,0,309,9
2020-04-13,Yolo,113,214977,152,81,0,81,3
2020-04-13,Yuba,115,75493,14,13,0,13,1
2020-04-12,Alameda,001,1643700,1201,774,1,775,23
2020-04-12,Alpine,002,1148,1,1,0,1,0
2020-04-12,Amador,005,37829,7,6,0,6,0
2020-04-12,Butte,007,227075,19,13,2,15,0
2020-04-12,Calaveras,009,45235,10,5,0,5,0
2020-04-12,Colusa,011,21464,3,3,0,3,0
2020-04-12,Contra Costa,013,1133247,768,553,0,553,12
2020-04-12,Del Norte,015,27424,2,2,0,2,0
2020-04-12,El Dorado,017,186661,49,28,0,28,0
2020-04-12,Fresno,019,978130,470,205,5,210,4
2020-04-12,Glenn,021,27897,4,3,0,3,0
2020-04-12,Humboldt,023,135768,57,43,0,43,0
2020-04-12,Imperial,025,180216,198,78,0,78,2
2020-04-12,Inyo,027,18085,15,12,0,12,0
2020-04-12,Kern,029,883053,679,319,0,319,3
2020-04-12,Kings,031,150075,49,9,0,9,0
2020-04-12,Lake,033,64148,6,3,0,3,0
2020-04-12,Lassen,035,31185,3,0,2,2,0
2020-04-12,Los Angeles,037,10098052,14645,9133,17,9150,294
2020-04-12,Madera,039,155013,65,29,1,30,2
2020-04-12,Marin,041,260295,30,138,1,139,6
2020-04-12,Mariposa,043,17540,0,0,0,0,0
2020-04-12,Mendocino,045,87422,5,4,0,4,0
2020-04-12,Merced,047,269075,107,58,0,58,3
2020-04-12,Modoc,049,8938,0,0,0,0,0
2020-04-12,Mono,051,14174,29,20,0,20,1
2020-04-12,Monterey,053,433212,159,85,0,85,3
2020-04-12,Napa,055,140530,53,29,0,29,2
2020-04-12,Nevada,057,99092,37,24,1,25,1
2020-04-12,Orange,059,3164182,1994,1283,18,1301,21
2020-04-12,Placer,061,380077,146,114,0,114,4
2020-04-12,Plumas,063,18699,4,3,0,3,0
2020-04-12,Riverside,065,2383286,2752,1330,13,1343,34
2020-04-12,Sacramento,067,1510023,919,689,0,689,25
2020-04-12,San Benito,069,59416,36,33,0,33,2
2020-04-12,San Bernardino,071,2135413,1437,827,0,827,30
2020-04-12,San Diego,073,3302833,2445,1806,0,1806,45
2020-04-12,San Francisco,075,870044,1205,886,0,886,11
2020-04-12,San Joaquin,077,732212,420,246,3,249,15
2020-04-12,San Luis Obispo,079,281455,166,102,2,104,1
2020-04-12,San Mateo,081,765935,947,664,2,666,25
2020-04-12,Santa Barbara,083,443738,362,261,1,262,2
2020-04-12,Santa Clara,085,1922200,2055,1461,5,1466,53
2020-04-12,Santa Cruz,087,273765,102,80,0,80,1
2020-04-12,Shasta,089,179085,30,24,0,24,3
2020-04-12,Sierra,091,2930,0,0,0,0,0
2020-04-12,Siskiyou,093,43540,5,5,0,5,0
2020-04-12,Solano,095,438530,207,136,0,136,2
2020-04-12,Sonoma,097,501317,183,131,0,131,1
2020-04-12,Stanislaus,099,539301,246,117,4,121,1
2020-04-12,Sutter,101,95872,23,18,0,18,2
2020-04-12,Tehama,103,63373,1,1,0,1,0
2020-04-12,Trinity,105,12862,0,0,0,0,0
2020-04-12,Tulare,107,460477,488,166,5,171,11
2020-04-12,Tuolumne,109,53932,3,0,0,0,0
2020-04-12,Ventura,111,848112,473,306,0,306,9
2020-04-12,Yolo,113,214977,138,67,0,67,3
2020-04-12,Yuba,115,75493,14,13,0,13,1
2020-04-11,Alameda,001,1643700,1159,751,1,752,23
2020-04-11,Alpine,002,1148,1,1,0,1,0
2020-04-11,Amador,005,37829,7,6,0,6,0
2020-04-11,Butte,007,227075,19,13,2,15,0
2020-04-11,Calaveras,009,45235,10,5,0,5,0
2020-04-11,Colusa,011,21464,3,3,0,3,0
2020-04-11,Contra Costa,013,1133247,759,550,0,550,12
2020-04-11,Del Norte,015,27424,2,2,0,2,0
2020-04-11,El Dorado,017,186661,48,29,0,29,0
2020-04-11,Fresno,019,978130,460,201,5,206,4
2020-04-11,Glenn,021,27897,4,3,0,3,0
2020-04-11,Humboldt,023,135768,57,38,0,38,0
2020-04-11,Imperial,025,180216,188,78,0,78,2
2020-04-11,Inyo,027,18085,15,12,0,12,0
2020-04-11,Kern,029,883053,651,304,0,304,3
2020-04-11,Kings,031,150075,46,9,0,9,0
2020-04-11,Lake,033,64148,6,3,0,3,0
2020-04-11,Lassen,035,31185,3,0,2,2,0
2020-04-11,Los Angeles,037,10098052,14169,8823,17,8840,262
2020-04-11,Madera,039,155013,64,29,1,30,2
2020-04-11,Marin,041,260295,29,136,1,137,6
2020-04-11,Mariposa,043,17540,0,0,0,0,0
2020-04-11,Mendocino,045,87422,5,4,0,4,0
2020-04-11,Merced,047,269075,104,59,0,59,3
2020-04-11,Modoc,049,8938,0,0,0,0,0
2020-04-11,Mono,051,14174,29,20,0,20,1
2020-04-11,Monterey,053,433212,153,78,0,78,3
2020-04-11,Napa,055,140530,53,29,0,29,2
2020-04-11,Nevada,057,99092,37,24,1,25,1
2020-04-11,Orange,059,3164182,1932,1267,18,1285,21
2020-04-11,Placer,061,380077,146,113,0,113,4
2020-04-11,Plumas,063,18699,4,3,0,3,0
2020-04-11,Riverside,065,2383286,2673,1260,13,1273,33
2020-04-11,Sacramento,067,1510023,908,685,0,685,25
2020-04-11,San Benito,069,59416,36,33,0,33,2
2020-04-11,San Bernardino,071,2135413,1401,826,0,826,28
2020-04-11,San Diego,073,3302833,2379,1763,0,1763,45
2020-04-11,San Francisco,075,870044,1183,860,0,860,11
2020-04-11,San Joaquin,077,732212,415,244,3,247,15
2020-04-11,San Luis Obispo,079,281455,166,100,1,101,1
2020-04-11,San Mateo,081,765935,935,662,2,664,25
2020-04-11,Santa Barbara,083,443738,354,258,1,259,2
2020-04-11,Santa Clara,085,1922200,1996,1441,5,1446,51
2020-04-11,Santa Cruz,087,273765,102,79,0,79,1
2020-04-11,Shasta,089,179085,30,24,0,24,3
2020-04-11,Sierra,091,2930,0,0,0,0,0
2020-04-11,Siskiyou,093,43540,5,5,0,5,0
2020-04-11,Solano,095,438530,203,138,0,138,2
2020-04-11,Sonoma,097,501317,181,131,0,131,1
2020-04-11,Stanislaus,099,539301,238,119,3,122,1
2020-04-11,Sutter,101,95872,23,18,0,18,2
2020-04-11,Tehama,103,63373,1,1,0,1,0
2020-04-11,Trinity,105,12862,0,0,0,0,0
2020-04-11,Tulare,107,460477,466,168,5,173,10
2020-04-11,Tuolumne,109,53932,3,0,0,0,0
2020-04-11,Ventura,111,848112,463,304,0,304,9
2020-04-11,Yolo,113,214977,135,67,0,67,3
2020-04-11,Yuba,115,75493,14,13,0,13,1
2020-04-10,Alameda,001,1643700,1118,706,1,707,21
2020-04-10,Alpine,002,1148,1,1,0,1,0
2020-04-10,Amador,005,37829,7,5,0,5,0
2020-04-10,Butte,007,227075,19,13,2,15,0
2020-04-10,Calaveras,009,45235,10,5,0,5,0
2020-04-10,Colusa,011,21464,3,3,0,3,0
2020-04-10,Contra Costa,013,1133247,746,537,0,537,10
2020-04-10,Del Norte,015,27424,2,2,0,2,0
2020-04-10,El Dorado,017,186661,48,26,0,26,0
2020-04-10,Fresno,019,978130,453,186,4,190,3
2020-04-10,Glenn,021,27897,4,3,0,3,0
2020-04-10,Humboldt,023,135768,57,36,0,36,0
2020-04-10,Imperial,025,180216,181,70,0,70,2
2020-04-10,Inyo,027,18085,13,11,0,11,0
2020-04-10,Kern,029,883053,627,272,0,272,3
2020-04-10,Kings,031,150075,43,7,0,7,0
2020-04-10,Lake,033,64148,6,3,0,3,0
2020-04-10,Lassen,035,31185,3,0,2,2,0
2020-04-10,Los Angeles,037,10098052,13651,8384,14,8398,239
2020-04-10,Madera,039,155013,63,29,1,30,2
2020-04-10,Marin,041,260295,29,128,1,129,6
2020-04-10,Mariposa,043,17540,0,0,0,0,0
2020-04-10,Mendocino,045,87422,5,4,0,4,0
2020-04-10,Merced,047,269075,102,56,0,56,3
2020-04-10,Modoc,049,8938,0,0,0,0,0
2020-04-10,Mono,051,14174,29,20,0,20,1
2020-04-10,Monterey,053,433212,142,78,0,78,3
2020-04-10,Napa,055,140530,50,28,0,28,2
2020-04-10,Nevada,057,99092,37,23,1,24,1
2020-04-10,Orange,059,3164182,1885,1167,18,1185,21
2020-04-10,Placer,061,380077,145,112,0,112,4
2020-04-10,Plumas,063,18699,4,3,0,3,0
2020-04-10,Riverside,065,2383286,2607,1162,13,1175,30
2020-04-10,Sacramento,067,1510023,899,642,0,642,24
2020-04-10,San Benito,069,59416,36,32,0,32,2
2020-04-10,San Bernardino,071,2135413,1353,779,0,779,27
2020-04-10,San Diego,073,3302833,2319,1695,0,1695,44
2020-04-10,San Francisco,075,870044,1152,797,0,797,10
2020-04-10,San Joaquin,077,732212,403,234,3,237,14
2020-04-10,San Luis Obispo,079,281455,166,97,1,98,1
2020-04-10,San Mateo,081,765935,919,642,2,644,24
2020-04-10,Santa Barbara,083,443738,346,254,1,255,2
2020-04-10,Santa Clara,085,1922200,1944,1351,5,1356,50
2020-04-10,Santa Cruz,087,273765,101,75,0,75,1
2020-04-10,Shasta,089,179085,30,24,0,24,3
2020-04-10,Sierra,091,2930,0,0,0,0,0
2020-04-10,Siskiyou,093,43540,5,5,0,5,0
2020-04-10,Solano,095,438530,200,129,0,129,2
2020-04-10,Sonoma,097,501317,180,129,0,129,1
2020-04-10,Stanislaus,099,539301,231,101,3,104,0
2020-04-10,Sutter,101,95872,23,18,0,18,2
2020-04-10,Tehama,103,63373,1,1,0,1,0
2020-04-10,Trinity,105,12862,0,0,0,0,0
2020-04-10,Tulare,107,460477,424,163,5,168,10
2020-04-10,Tuolumne,109,53932,3,0,0,0,0
2020-04-10,Ventura,111,848112,454,290,0,290,9
2020-04-10,Yolo,113,214977,133,62,0,62,3
2020-04-10,Yuba,115,75493,14,13,0,13,1
2020-04-09,Alameda,001,1643700,1068,641,1,642,17
2020-04-09,Alpine,002,1148,1,1,0,1,0
2020-04-09,Amador,005,37829,7,2,0,2,0
2020-04-09,Butte,007,227075,19,12,2,14,0
2020-04-09,Calaveras,009,45235,10,5,0,5,0
2020-04-09,Colusa,011,21464,3,3,0,3,0
2020-04-09,Contra Costa,013,1133247,703,505,0,505,7
2020-04-09,Del Norte,015,27424,2,2,0,2,0
2020-04-09,El Dorado,017,186661,47,25,0,25,0
2020-04-09,Fresno,019,978130,427,165,4,169,3
2020-04-09,Glenn,021,27897,4,2,0,2,0
2020-04-09,Humboldt,023,135768,57,36,0,36,0
2020-04-09,Imperial,025,180216,160,67,0,67,2
2020-04-09,Inyo,027,18085,12,11,0,11,0
2020-04-09,Kern,029,883053,591,241,0,241,2
2020-04-09,Kings,031,150075,40,5,0,5,0
2020-04-09,Lake,033,64148,5,1,0,1,0
2020-04-09,Lassen,035,31185,3,0,2,2,0
2020-04-09,Los Angeles,037,10098052,13022,7919,14,7933,220
2020-04-09,Madera,039,155013,63,28,1,29,2
2020-04-09,Marin,041,260295,29,126,1,127,7
2020-04-09,Mariposa,043,17540,0,0,0,0,0
2020-04-09,Mendocino,045,87422,5,4,0,4,0
2020-04-09,Merced,047,269075,98,41,0,41,3
2020-04-09,Modoc,049,8938,0,0,0,0,0
2020-04-09,Mono,051,14174,29,19,0,19,1
2020-04-09,Monterey,053,433212,124,70,0,70,3
2020-04-09,Napa,055,140530,46,27,0,27,2
2020-04-09,Nevada,057,99092,36,23,1,24,1
2020-04-09,Orange,059,3164182,1811,1105,18,1123,19
2020-04-09,Placer,061,380077,144,107,0,107,4
2020-04-09,Plumas,063,18699,4,3,0,3,0
2020-04-09,Riverside,065,2383286,2464,1083,13,1096,29
2020-04-09,Sacramento,067,1510023,876,601,0,601,21
2020-04-09,San Benito,069,59416,36,32,0,32,2
2020-04-09,San Bernardino,071,2135413,1284,717,0,717,27
2020-04-09,San Diego,073,3302833,2223,1630,0,1630,40
2020-04-09,San Francisco,075,870044,1132,748,0,748,8
2020-04-09,San Joaquin,077,732212,382,223,3,226,14
2020-04-09,San Luis Obispo,079,281455,158,93,1,94,1
2020-04-09,San Mateo,081,765935,903,630,2,632,23
2020-04-09,Santa Barbara,083,443738,336,232,1,233,2
2020-04-09,Santa Clara,085,1922200,1874,1301,5,1306,49
2020-04-09,Santa Cruz,087,273765,101,73,0,73,1
2020-04-09,Shasta,089,179085,30,22,0,22,3
2020-04-09,Sierra,091,2930,0,0,0,0,0
2020-04-09,Siskiyou,093,43540,5,4,0,4,0
2020-04-09,Solano,095,438530,190,118,0,118,2
2020-04-09,Sonoma,097,501317,176,113,0,113,1
2020-04-09,Stanislaus,099,539301,219,93,3,96,0
2020-04-09,Sutter,101,95872,23,17,0,17,2
2020-04-09,Tehama,103,63373,1,1,0,1,0
2020-04-09,Trinity,105,12862,0,0,0,0,0
2020-04-09,Tulare,107,460477,395,147,5,152,9
2020-04-09,Tuolumne,109,53932,3,0,0,0,0
2020-04-09,Ventura,111,848112,435,273,0,273,9
2020-04-09,Yolo,113,214977,124,59,0,59,3
2020-04-09,Yuba,115,75493,14,13,0,13,0
2020-04-08,Alameda,001,1643700,1026,594,1,595,15
2020-04-08,Alpine,002,1148,1,1,0,1,0
2020-04-08,Amador,005,37829,7,2,0,2,0
2020-04-08,Butte,007,227075,18,11,2,13,0
2020-04-08,Calaveras,009,45235,10,5,0,5,0
2020-04-08,Colusa,011,21464,3,3,0,3,0
2020-04-08,Contra Costa,013,1133247,690,481,0,481,7
2020-04-08,Del Norte,015,27424,2,2,0,2,0
2020-04-08,El Dorado,017,186661,47,25,0,25,0
2020-04-08,Fresno,019,978130,407,151,4,155,3
2020-04-08,Glenn,021,27897,4,2,0,2,0
2020-04-08,Humboldt,023,135768,57,40,0,40,0
2020-04-08,Imperial,025,180216,149,59,0,59,2
2020-04-08,Inyo,027,18085,12,11,0,11,0
2020-04-08,Kern,029,883053,550,198,0,198,2
2020-04-08,Kings,031,150075,40,5,0,5,0
2020-04-08,Lake,033,64148,5,1,0,1,0
2020-04-08,Lassen,035,31185,3,0,2,2,0
2020-04-08,Los Angeles,037,10098052,12424,7505,14,7519,196
2020-04-08,Madera,039,155013,62,28,1,29,2
2020-04-08,Marin,041,260295,28,125,1,126,7
2020-04-08,Mariposa,043,17540,0,0,0,0,0
2020-04-08,Mendocino,045,87422,5,4,0,4,0
2020-04-08,Merced,047,269075,87,35,0,35,1
2020-04-08,Modoc,049,8938,0,0,0,0,0
2020-04-08,Mono,051,14174,29,19,0,19,1
2020-04-08,Monterey,053,433212,115,68,0,68,3
2020-04-08,Napa,055,140530,44,21,0,21,2
2020-04-08,Nevada,057,99092,36,21,1,22,1
2020-04-08,Orange,059,3164182,1748,1034,18,1052,19
2020-04-08,Placer,061,380077,144,102,0,102,4
2020-04-08,Plumas,063,18699,4,3,0,3,0
2020-04-08,Riverside,065,2383286,2307,974,13,987,28
2020-04-08,Sacramento,067,1510023,842,565,0,565,21
2020-04-08,San Benito,069,59416,36,31,0,31,2
2020-04-08,San Bernardino,071,2135413,1227,635,0,635,22
2020-04-08,San Diego,073,3302833,2149,1532,0,1532,36
2020-04-08,San Francisco,075,870044,1065,687,0,687,7
2020-04-08,San Joaquin,077,732212,365,211,3,214,12
2020-04-08,San Luis Obispo,079,281455,156,90,1,91,1
2020-04-08,San Mateo,081,765935,888,608,2,610,22
2020-04-08,Santa Barbara,083,443738,319,221,1,222,2
2020-04-08,Santa Clara,085,1922200,1829,1257,5,1262,47
2020-04-08,Santa Cruz,087,273765,100,69,0,69,1
2020-04-08,Shasta,089,179085,30,18,0,18,3
2020-04-08,Sierra,091,2930,0,0,0,0,0
2020-04-08,Siskiyou,093,43540,5,4,0,4,0
2020-04-08,Solano,095,438530,176,111,0,111,2
2020-04-08,Sonoma,097,501317,170,107,0,107,1
2020-04-08,Stanislaus,099,539301,203,86,3,89,0
2020-04-08,Sutter,101,95872,22,17,0,17,2
2020-04-08,Tehama,103,63373,1,1,0,1,0
2020-04-08,Trinity,105,12862,0,0,0,0,0
2020-04-08,Tulare,107,460477,364,145,5,150,6
2020-04-08,Tuolumne,109,53932,3,0,0,0,0
2020-04-08,Ventura,111,848112,426,263,0,263,7
2020-04-08,Yolo,113,214977,107,56,0,56,3
2020-04-08,Yuba,115,75493,14,10,0,10,0
2020-04-07,Alameda,001,1643700,991,560,1,561,14
2020-04-07,Alpine,002,1148,1,1,0,1,0
2020-04-07,Amador,005,37829,7,2,0,2,0
2020-04-07,Butte,007,227075,17,11,2,13,0
2020-04-07,Calaveras,009,45235,9,5,0,5,0
2020-04-07,Colusa,011,21464,3,2,0,2,0
2020-04-07,Contra Costa,013,1133247,670,471,0,471,7
2020-04-07,Del Norte,015,27424,2,2,0,2,0
2020-04-07,El Dorado,017,186661,46,22,0,22,0
2020-04-07,Fresno,019,978130,393,138,4,142,3
2020-04-07,Glenn,021,27897,4,2,0,2,0
2020-04-07,Humboldt,023,135768,56,40,0,40,0
2020-04-07,Imperial,025,180216,130,53,0,53,2
2020-04-07,Inyo,027,18085,12,11,0,11,0
2020-04-07,Kern,029,883053,507,134,0,134,2
2020-04-07,Kings,031,150075,37,5,0,5,0
2020-04-07,Lake,033,64148,4,1,0,1,0
2020-04-07,Lassen,035,31185,3,0,2,2,0
2020-04-07,Los Angeles,037,10098052,11773,6885,14,6899,170
2020-04-07,Madera,039,155013,60,28,0,28,2
2020-04-07,Marin,041,260295,28,122,1,123,7
2020-04-07,Mariposa,043,17540,0,0,0,0,0
2020-04-07,Mendocino,045,87422,5,4,0,4,0
2020-04-07,Merced,047,269075,79,27,0,27,1
2020-04-07,Modoc,049,8938,0,0,0,0,0
2020-04-07,Mono,051,14174,28,18,0,18,1
2020-04-07,Monterey,053,433212,106,63,0,63,2
2020-04-07,Napa,055,140530,42,18,0,18,2
2020-04-07,Nevada,057,99092,36,20,1,21,1
2020-04-07,Orange,059,3164182,1701,971,16,987,19
2020-04-07,Placer,061,380077,139,94,0,94,3
2020-04-07,Plumas,063,18699,4,3,0,3,0
2020-04-07,Riverside,065,2383286,2150,905,13,918,25
2020-04-07,Sacramento,067,1510023,812,513,0,513,18
2020-04-07,San Benito,069,59416,36,26,0,26,2
2020-04-07,San Bernardino,071,2135413,1160,554,0,554,19
2020-04-07,San Diego,073,3302833,2072,1456,0,1456,31
2020-04-07,San Francisco,075,870044,1005,636,0,636,6
2020-04-07,San Joaquin,077,732212,347,198,3,201,12
2020-04-07,San Luis Obispo,079,281455,149,87,1,88,1
2020-04-07,San Mateo,081,765935,867,573,2,575,22
2020-04-07,Santa Barbara,083,443738,305,209,1,210,2
2020-04-07,Santa Clara,085,1922200,1760,1193,4,1197,46
2020-04-07,Santa Cruz,087,273765,100,67,0,67,1
2020-04-07,Shasta,089,179085,29,16,0,16,3
2020-04-07,Sierra,091,2930,0,0,0,0,0
2020-04-07,Siskiyou,093,43540,5,4,0,4,0
2020-04-07,Solano,095,438530,171,99,0,99,1
2020-04-07,Sonoma,097,501317,167,102,0,102,1
2020-04-07,Stanislaus,099,539301,186,83,3,86,0
2020-04-07,Sutter,101,95872,22,16,0,16,2
2020-04-07,Tehama,103,63373,1,1,0,1,0
2020-04-07,Trinity,105,12862,0,0,0,0,0
2020-04-07,Tulare,107,460477,335,144,5,149,5
2020-04-07,Tuolumne,109,53932,3,1,0,1,0
2020-04-07,Ventura,111,848112,409,247,0,247,6
2020-04-07,Yolo,113,214977,100,51,0,51,2
2020-04-07,Yuba,115,75493,14,10,0,10,0
2020-04-06,Alameda,001,1643700,960,527,1,528,13
2020-04-06,Alpine,002,1148,1,1,0,1,0
2020-04-06,Amador,005,37829,6,2,0,2,0
2020-04-06,Butte,007,227075,16,11,2,13,0
2020-04-06,Calaveras,009,45235,9,4,0,4,0
2020-04-06,Colusa,011,21464,3,1,0,1,0
2020-04-06,Contra Costa,013,1133247,645,447,0,447,7
2020-04-06,Del Norte,015,27424,2,2,0,2,0
2020-04-06,El Dorado,017,186661,44,23,0,23,0
2020-04-06,Fresno,019,978130,371,122,4,126,1
2020-04-06,Glenn,021,27897,4,2,0,2,0
2020-04-06,Humboldt,023,135768,55,37,0,37,0
2020-04-06,Imperial,025,180216,123,47,0,47,1
2020-04-06,Inyo,027,18085,11,11,0,11,0
2020-04-06,Kern,029,883053,470,117,0,117,2
2020-04-06,Kings,031,150075,37,3,0,3,0
2020-04-06,Lake,033,64148,4,1,0,1,0
2020-04-06,Lassen,035,31185,3,0,2,2,0
2020-04-06,Los Angeles,037,10098052,11043,6346,14,6360,145
2020-04-06,Madera,039,155013,58,29,0,29,2
2020-04-06,Marin,041,260295,28,119,1,120,7
2020-04-06,Mariposa,043,17540,0,0,0,0,0
2020-04-06,Mendocino,045,87422,5,4,0,4,0
2020-04-06,Merced,047,269075,74,25,0,25,1
2020-04-06,Modoc,049,8938,0,0,0,0,0
2020-04-06,Mono,051,14174,28,18,0,18,1
2020-04-06,Monterey,053,433212,101,62,0,62,2
2020-04-06,Napa,055,140530,42,18,0,18,2
2020-04-06,Nevada,057,99092,36,19,1,20,1
2020-04-06,Orange,059,3164182,1657,910,15,925,17
2020-04-06,Placer,061,380077,139,90,0,90,3
2020-04-06,Plumas,063,18699,4,2,0,2,0
2020-04-06,Riverside,065,2383286,2024,854,13,867,17
2020-04-06,Sacramento,067,1510023,782,448,0,448,15
2020-04-06,San Benito,069,59416,34,25,0,25,1
2020-04-06,San Bernardino,071,2135413,1101,550,0,550,13
2020-04-06,San Diego,073,3302833,1990,1406,0,1406,19
2020-04-06,San Francisco,075,870044,965,586,0,586,6
2020-04-06,San Joaquin,077,732212,332,191,3,194,10
2020-04-06,San Luis Obispo,079,281455,147,85,1,86,1
2020-04-06,San Mateo,081,765935,849,569,2,571,20
2020-04-06,Santa Barbara,083,443738,296,189,1,190,2
2020-04-06,Santa Clara,085,1922200,1707,1128,4,1132,43
2020-04-06,Santa Cruz,087,273765,98,65,0,65,1
2020-04-06,Shasta,089,179085,29,16,0,16,3
2020-04-06,Sierra,091,2930,0,0,0,0,0
2020-04-06,Siskiyou,093,43540,4,4,0,4,0
2020-04-06,Solano,095,438530,164,95,0,95,1
2020-04-06,Sonoma,097,501317,166,102,0,102,1
2020-04-06,Stanislaus,099,539301,170,72,3,75,0
2020-04-06,Sutter,101,95872,22,14,0,14,2
2020-04-06,Tehama,103,63373,1,1,0,1,0
2020-04-06,Trinity,105,12862,0,0,0,0,0
2020-04-06,Tulare,107,460477,319,126,5,131,5
2020-04-06,Tuolumne,109,53932,3,1,0,1,0
2020-04-06,Ventura,111,848112,391,234,0,234,6
2020-04-06,Yolo,113,214977,96,43,0,43,1
2020-04-06,Yuba,115,75493,14,8,0,8,0
2020-04-05,Alameda,001,1643700,918,475,1,476,12
2020-04-05,Alpine,002,1148,1,1,0,1,0
2020-04-05,Amador,005,37829,6,2,0,2,0
2020-04-05,Butte,007,227075,16,10,2,12,0
2020-04-05,Calaveras,009,45235,9,3,0,3,0
2020-04-05,Colusa,011,21464,3,1,0,1,0
2020-04-05,Contra Costa,013,1133247,628,415,0,415,6
2020-04-05,Del Norte,015,27424,2,1,0,1,0
2020-04-05,El Dorado,017,186661,42,19,0,19,0
2020-04-05,Fresno,019,978130,337,102,4,106,1
2020-04-05,Glenn,021,27897,4,2,0,2,0
2020-04-05,Humboldt,023,135768,55,29,0,29,0
2020-04-05,Imperial,025,180216,115,42,0,42,1
2020-04-05,Inyo,027,18085,11,10,0,10,0
2020-04-05,Kern,029,883053,415,109,0,109,2
2020-04-05,Kings,031,150075,36,4,0,4,0
2020-04-05,Lake,033,64148,4,0,0,0,0
2020-04-05,Lassen,035,31185,3,0,2,2,0
2020-04-05,Los Angeles,037,10098052,10476,5892,14,5906,130
2020-04-05,Madera,039,155013,57,27,0,27,2
2020-04-05,Marin,041,260295,28,113,1,114,6
2020-04-05,Mariposa,043,17540,0,0,0,0,0
2020-04-05,Mendocino,045,87422,5,4,0,4,0
2020-04-05,Merced,047,269075,67,16,0,16,0
2020-04-05,Modoc,049,8938,0,0,0,0,0
2020-04-05,Mono,051,14174,28,18,0,18,1
2020-04-05,Monterey,053,433212,94,61,0,61,2
2020-04-05,Napa,055,140530,40,15,0,15,2
2020-04-05,Nevada,057,99092,36,19,1,20,1
2020-04-05,Orange,059,3164182,1601,820,15,835,15
2020-04-05,Placer,061,380077,136,86,0,86,3
2020-04-05,Plumas,063,18699,3,2,0,2,0
2020-04-05,Riverside,065,2383286,1894,669,13,682,17
2020-04-05,Sacramento,067,1510023,751,393,0,393,11
2020-04-05,San Benito,069,59416,34,22,0,22,1
2020-04-05,San Bernardino,071,2135413,1028,375,0,375,13
2020-04-05,San Diego,073,3302833,1908,1328,0,1328,19
2020-04-05,San Francisco,075,870044,918,559,0,559,6
2020-04-05,San Joaquin,077,732212,317,179,3,182,10
2020-04-05,San Luis Obispo,079,281455,145,83,1,84,1
2020-04-05,San Mateo,081,765935,829,528,2,530,19
2020-04-05,Santa Barbara,083,443738,280,171,1,172,1
2020-04-05,Santa Clara,085,1922200,1660,1052,4,1056,42
2020-04-05,Santa Cruz,087,273765,98,59,0,59,1
2020-04-05,Shasta,089,179085,28,11,0,11,2
2020-04-05,Sierra,091,2930,0,0,0,0,0
2020-04-05,Siskiyou,093,43540,4,3,0,3,0
2020-04-05,Solano,095,438530,160,78,0,78,1
2020-04-05,Sonoma,097,501317,164,88,0,88,1
2020-04-05,Stanislaus,099,539301,156,51,3,54,0
2020-04-05,Sutter,101,95872,22,14,0,14,1
2020-04-05,Tehama,103,63373,1,1,0,1,0
2020-04-05,Trinity,105,12862,0,0,0,0,0
2020-04-05,Tulare,107,460477,282,81,5,86,4
2020-04-05,Tuolumne,109,53932,3,1,0,1,0
2020-04-05,Ventura,111,848112,377,196,0,196,6
2020-04-05,Yolo,113,214977,77,37,0,37,2
2020-04-05,Yuba,115,75493,14,7,0,7,0
2020-04-04,Alameda,001,1643700,895,468,1,469,12
2020-04-04,Alpine,002,1148,1,1,0,1,0
2020-04-04,Amador,005,37829,5,2,0,2,0
2020-04-04,Butte,007,227075,16,10,2,12,0
2020-04-04,Calaveras,009,45235,9,3,0,3,0
2020-04-04,Colusa,011,21464,3,1,0,1,0
2020-04-04,Contra Costa,013,1133247,620,382,0,382,5
2020-04-04,Del Norte,015,27424,2,1,0,1,0
2020-04-04,El Dorado,017,186661,42,19,0,19,0
2020-04-04,Fresno,019,978130,327,102,4,106,1
2020-04-04,Glenn,021,27897,4,2,0,2,0
2020-04-04,Humboldt,023,135768,55,29,0,29,0
2020-04-04,Imperial,025,180216,114,42,0,42,1
2020-04-04,Inyo,027,18085,11,10,0,10,0
2020-04-04,Kern,029,883053,385,103,0,103,2
2020-04-04,Kings,031,150075,36,3,0,3,0
2020-04-04,Lake,033,64148,4,0,0,0,0
2020-04-04,Lassen,035,31185,3,0,2,2,0
2020-04-04,Los Angeles,037,10098052,9861,5275,14,5289,117
2020-04-04,Madera,039,155013,55,27,0,27,2
2020-04-04,Marin,041,260295,28,111,0,111,6
2020-04-04,Mariposa,043,17540,0,0,0,0,0
2020-04-04,Mendocino,045,87422,5,4,0,4,0
2020-04-04,Merced,047,269075,64,11,0,11,0
2020-04-04,Modoc,049,8938,0,0,0,0,0
2020-04-04,Mono,051,14174,28,18,0,18,1
2020-04-04,Monterey,053,433212,91,61,0,61,2
2020-04-04,Napa,055,140530,40,15,0,15,2
2020-04-04,Nevada,057,99092,36,19,1,20,1
2020-04-04,Orange,059,3164182,1559,781,14,795,15
2020-04-04,Placer,061,380077,135,87,0,87,2
2020-04-04,Plumas,063,18699,3,2,0,2,0
2020-04-04,Riverside,065,2383286,1793,652,13,665,15
2020-04-04,Sacramento,067,1510023,733,393,0,393,11
2020-04-04,San Benito,069,59416,34,22,0,22,1
2020-04-04,San Bernardino,071,2135413,980,373,0,373,13
2020-04-04,San Diego,073,3302833,1860,1211,0,1211,18
2020-04-04,San Francisco,075,870044,880,537,0,537,6
2020-04-04,San Joaquin,077,732212,294,171,3,174,10
2020-04-04,San Luis Obispo,079,281455,145,82,1,83,0
2020-04-04,San Mateo,081,765935,817,520,2,522,17
2020-04-04,Santa Barbara,083,443738,271,167,1,168,1
2020-04-04,Santa Clara,085,1922200,1608,1045,4,1049,39
2020-04-04,Santa Cruz,087,273765,98,56,0,56,1
2020-04-04,Shasta,089,179085,27,11,0,11,2
2020-04-04,Sierra,091,2930,0,0,0,0,0
2020-04-04,Siskiyou,093,43540,4,3,0,3,0
2020-04-04,Solano,095,438530,154,79,0,79,1
2020-04-04,Sonoma,097,501317,161,88,0,88,1
2020-04-04,Stanislaus,099,539301,145,51,3,54,0
2020-04-04,Sutter,101,95872,22,14,0,14,1
2020-04-04,Tehama,103,63373,1,1,0,1,0
2020-04-04,Trinity,105,12862,0,0,0,0,0
2020-04-04,Tulare,107,460477,268,79,5,84,4
2020-04-04,Tuolumne,109,53932,3,1,0,1,0
2020-04-04,Ventura,111,848112,364,194,0,194,6
2020-04-04,Yolo,113,214977,75,40,0,40,2
2020-04-04,Yuba,115,75493,13,7,0,7,0
2020-04-03,Alameda,001,1643700,859,395,1,396,11
2020-04-03,Alpine,002,1148,1,1,0,1,0
2020-04-03,Amador,005,37829,5,2,0,2,0
2020-04-03,Butte,007,227075,16,8,2,10,0
2020-04-03,Calaveras,009,45235,9,3,0,3,0
2020-04-03,Colusa,011,21464,3,1,0,1,0
2020-04-03,Contra Costa,013,1133247,597,327,0,327,5
2020-04-03,Del Norte,015,27424,2,1,0,1,0
2020-04-03,El Dorado,017,186661,40,16,0,16,0
2020-04-03,Fresno,019,978130,315,98,4,102,1
2020-04-03,Glenn,021,27897,4,2,0,2,0
2020-04-03,Humboldt,023,135768,55,34,0,34,0
2020-04-03,Imperial,025,180216,105,35,0,35,0
2020-04-03,Inyo,027,18085,11,10,0,10,0
2020-04-03,Kern,029,883053,359,87,0,87,1
2020-04-03,Kings,031,150075,34,3,0,3,0
2020-04-03,Lake,033,64148,3,0,0,0,0
2020-04-03,Lassen,035,31185,3,0,2,2,0
2020-04-03,Los Angeles,037,10098052,9247,4566,14,4580,91
2020-04-03,Madera,039,155013,54,28,0,28,2
2020-04-03,Marin,041,260295,28,106,0,106,6
2020-04-03,Mariposa,043,17540,0,0,0,0,0
2020-04-03,Mendocino,045,87422,5,4,0,4,0
2020-04-03,Merced,047,269075,60,9,0,9,0
2020-04-03,Modoc,049,8938,0,0,0,0,0
2020-04-03,Mono,051,14174,28,18,0,18,1
2020-04-03,Monterey,053,433212,88,58,0,58,2
2020-04-03,Napa,055,140530,39,13,0,13,1
2020-04-03,Nevada,057,99092,36,19,1,20,1
2020-04-03,Orange,059,3164182,1520,713,14,727,13
2020-04-03,Placer,061,380077,131,76,0,76,2
2020-04-03,Plumas,063,18699,3,2,0,2,0
2020-04-03,Riverside,065,2383286,1713,540,13,553,14
2020-04-03,Sacramento,067,1510023,712,363,0,363,11
2020-04-03,San Benito,069,59416,34,22,0,22,1
2020-04-03,San Bernardino,071,2135413,935,356,0,356,11
2020-04-03,San Diego,073,3302833,1799,1114,0,1114,17
2020-04-03,San Francisco,075,870044,856,506,0,506,6
2020-04-03,San Joaquin,077,732212,282,162,3,165,10
2020-04-03,San Luis Obispo,079,281455,144,82,1,83,0
2020-04-03,San Mateo,081,765935,800,474,2,476,13
2020-04-03,Santa Barbara,083,443738,260,154,1,155,1
2020-04-03,Santa Clara,085,1922200,1572,983,4,987,39
2020-04-03,Santa Cruz,087,273765,98,52,0,52,1
2020-04-03,Shasta,089,179085,27,10,0,10,1
2020-04-03,Sierra,091,2930,0,0,0,0,0
2020-04-03,Siskiyou,093,43540,4,3,0,3,0
2020-04-03,Solano,095,438530,146,72,0,72,1
2020-04-03,Sonoma,097,501317,161,84,0,84,1
2020-04-03,Stanislaus,099,539301,139,48,3,51,0
2020-04-03,Sutter,101,95872,22,12,0,12,1
2020-04-03,Tehama,103,63373,1,1,0,1,0
2020-04-03,Trinity,105,12862,0,0,0,0,0
2020-04-03,Tulare,107,460477,254,73,5,78,3
2020-04-03,Tuolumne,109,53932,3,1,0,1,0
2020-04-03,Ventura,111,848112,354,186,0,186,6
2020-04-03,Yolo,113,214977,74,33,0,33,1
2020-04-03,Yuba,115,75493,13,6,0,6,0
2020-04-02,Alameda,001,1643700,808,345,1,346,10
2020-04-02,Alpine,002,1148,1,1,0,1,0
2020-04-02,Amador,005,37829,5,2,0,2,0
2020-04-02,Butte,007,227075,16,7,1,8,0
2020-04-02,Calaveras,009,45235,7,3,0,3,0
2020-04-02,Colusa,011,21464,3,1,0,1,0
2020-04-02,Contra Costa,013,1133247,567,297,0,297,3
2020-04-02,Del Norte,015,27424,2,0,0,0,0
2020-04-02,El Dorado,017,186661,38,16,0,16,0
2020-04-02,Fresno,019,978130,299,92,4,96,0
2020-04-02,Glenn,021,27897,3,2,0,2,0
2020-04-02,Humboldt,023,135768,51,23,0,23,0
2020-04-02,Imperial,025,180216,101,24,0,24,0
2020-04-02,Inyo,027,18085,10,8,0,8,0
2020-04-02,Kern,029,883053,332,74,0,74,0
2020-04-02,Kings,031,150075,34,3,0,3,0
2020-04-02,Lake,033,64148,3,0,0,0,0
2020-04-02,Lassen,035,31185,3,0,2,2,0
2020-04-02,Los Angeles,037,10098052,8420,4040,14,4054,79
2020-04-02,Madera,039,155013,52,25,0,25,1
2020-04-02,Marin,041,260295,28,102,0,102,1
2020-04-02,Mariposa,043,17540,0,0,0,0,0
2020-04-02,Mendocino,045,87422,5,4,0,4,0
2020-04-02,Merced,047,269075,55,9,0,9,0
2020-04-02,Modoc,049,8938,0,0,0,0,0
2020-04-02,Mono,051,14174,28,16,0,16,1
2020-04-02,Monterey,053,433212,86,50,0,50,2
2020-04-02,Napa,055,140530,39,13,0,13,0
2020-04-02,Nevada,057,99092,35,17,1,18,0
2020-04-02,Orange,059,3164182,1468,640,13,653,12
2020-04-02,Placer,061,380077,130,72,0,72,2
2020-04-02,Plumas,063,18699,3,1,0,1,0
2020-04-02,Riverside,065,2383286,1596,438,13,451,13
2020-04-02,Sacramento,067,1510023,694,322,0,322,9
2020-04-02,San Benito,069,59416,32,18,0,18,1
2020-04-02,San Bernardino,071,2135413,880,335,0,335,8
2020-04-02,San Diego,073,3302833,1732,968,0,968,16
2020-04-02,San Francisco,075,870044,830,473,0,473,6
2020-04-02,San Joaquin,077,732212,263,148,3,151,9
2020-04-02,San Luis Obispo,079,281455,139,79,1,80,0
2020-04-02,San Mateo,081,765935,779,423,2,425,13
2020-04-02,Santa Barbara,083,443738,249,125,1,126,1
2020-04-02,Santa Clara,085,1922200,1521,908,4,912,38
2020-04-02,Santa Cruz,087,273765,96,49,0,49,1
2020-04-02,Shasta,089,179085,26,7,0,7,1
2020-04-02,Sierra,091,2930,0,0,0,0,0
2020-04-02,Siskiyou,093,43540,4,3,0,3,0
2020-04-02,Solano,095,438530,136,65,0,65,0
2020-04-02,Sonoma,097,501317,157,76,0,76,1
2020-04-02,Stanislaus,099,539301,128,40,3,43,0
2020-04-02,Sutter,101,95872,21,10,0,10,1
2020-04-02,Tehama,103,63373,1,1,0,1,0
2020-04-02,Trinity,105,12862,0,0,0,0,0
2020-04-02,Tulare,107,460477,220,64,5,69,1
2020-04-02,Tuolumne,109,53932,3,1,0,1,0
2020-04-02,Ventura,111,848112,336,178,0,178,5
2020-04-02,Yolo,113,214977,72,29,0,29,1
2020-04-02,Yuba,115,75493,10,5,0,5,0
2020-04-01,Alameda,001,1643700,781,287,1,288,8
2020-04-01,Alpine,002,1148,1,1,0,1,0
2020-04-01,Amador,005,37829,5,1,0,1,0
2020-04-01,Butte,007,227075,16,6,1,7,0
2020-04-01,Calaveras,009,45235,6,3,0,3,0
2020-04-01,Colusa,011,21464,3,1,0,1,0
2020-04-01,Contra Costa,013,1133247,524,267,0,267,3
2020-04-01,Del Norte,015,27424,2,0,0,0,0
2020-04-01,El Dorado,017,186661,37,14,0,14,0
2020-04-01,Fresno,019,978130,277,75,3,78,0
2020-04-01,Glenn,021,27897,3,2,0,2,0
2020-04-01,Humboldt,023,135768,51,19,0,19,0
2020-04-01,Imperial,025,180216,95,25,0,25,0
2020-04-01,Inyo,027,18085,10,8,0,8,0
2020-04-01,Kern,029,883053,305,53,0,53,0
2020-04-01,Kings,031,150075,32,3,0,3,0
2020-04-01,Lake,033,64148,3,0,0,0,0
2020-04-01,Lassen,035,31185,3,0,2,2,0
2020-04-01,Los Angeles,037,10098052,7772,3502,14,3516,66
2020-04-01,Madera,039,155013,50,17,0,17,1
2020-04-01,Marin,041,260295,27,87,0,87,1
2020-04-01,Mariposa,043,17540,0,0,0,0,0
2020-04-01,Mendocino,045,87422,5,4,0,4,0
2020-04-01,Merced,047,269075,53,7,0,7,0
2020-04-01,Modoc,049,8938,0,0,0,0,0
2020-04-01,Mono,051,14174,28,12,0,12,1
2020-04-01,Monterey,053,433212,85,47,0,47,2
2020-04-01,Napa,055,140530,36,11,0,11,0
2020-04-01,Nevada,057,99092,35,15,1,16,0
2020-04-01,Orange,059,3164182,1416,579,13,592,11
2020-04-01,Placer,061,380077,128,52,0,52,2
2020-04-01,Plumas,063,18699,3,1,0,1,0
2020-04-01,Riverside,065,2383286,1428,306,12,318,11
2020-04-01,Sacramento,067,1510023,661,299,0,299,8
2020-04-01,San Benito,069,59416,29,14,0,14,1
2020-04-01,San Bernardino,071,2135413,831,245,0,245,5
2020-04-01,San Diego,073,3302833,1662,851,0,851,11
2020-04-01,San Francisco,075,870044,802,432,0,432,6
2020-04-01,San Joaquin,077,732212,251,132,3,135,8
2020-04-01,San Luis Obispo,079,281455,133,69,1,70,0
2020-04-01,San Mateo,081,765935,761,354,2,356,13
2020-04-01,Santa Barbara,083,443738,236,103,1,104,0
2020-04-01,Santa Clara,085,1922200,1479,805,4,809,33
2020-04-01,Santa Cruz,087,273765,91,44,0,44,1
2020-04-01,Shasta,089,179085,25,5,0,5,1
2020-04-01,Sierra,091,2930,0,0,0,0,0
2020-04-01,Siskiyou,093,43540,4,3,0,3,0
2020-04-01,Solano,095,438530,131,57,0,57,0
2020-04-01,Sonoma,097,501317,153,60,0,60,1
2020-04-01,Stanislaus,099,539301,117,29,3,32,0
2020-04-01,Sutter,101,95872,21,9,0,9,1
2020-04-01,Tehama,103,63373,1,0,0,0,0
2020-04-01,Trinity,105,12862,0,0,0,0,0
2020-04-01,Tulare,107,460477,182,43,5,48,1
2020-04-01,Tuolumne,109,53932,3,1,0,1,0
2020-04-01,Ventura,111,848112,323,154,0,154,5
2020-04-01,Yolo,113,214977,67,22,0,22,1
2020-04-01,Yuba,115,75493,9,5,0,5,0
2020-03-31,Alameda,001,1643700,715,269,1,270,7
2020-03-31,Alpine,002,1148,1,1,0,1,0
2020-03-31,Amador,005,37829,5,1,0,1,0
2020-03-31,Butte,007,227075,16,6,1,7,0
2020-03-31,Calaveras,009,45235,6,3,0,3,0
2020-03-31,Colusa,011,21464,3,1,0,1,0
2020-03-31,Contra Costa,013,1133247,499,246,0,246,3
2020-03-31,Del Norte,015,27424,1,0,0,0,0
2020-03-31,El Dorado,017,186661,33,14,0,14,0
2020-03-31,Fresno,019,978130,252,59,3,62,0
2020-03-31,Glenn,021,27897,3,2,0,2,0
2020-03-31,Humboldt,023,135768,51,18,0,18,0
2020-03-31,Imperial,025,180216,89,17,0,17,0
2020-03-31,Inyo,027,18085,10,8,0,8,0
2020-03-31,Kern,029,883053,281,47,0,47,0
2020-03-31,Kings,031,150075,30,2,0,2,0
2020-03-31,Lake,033,64148,1,0,0,0,0
2020-03-31,Lassen,035,31185,3,0,2,2,0
2020-03-31,Los Angeles,037,10098052,7108,3001,14,3015,53
2020-03-31,Madera,039,155013,49,17,0,17,1
2020-03-31,Marin,041,260295,26,85,0,85,1
2020-03-31,Mariposa,043,17540,0,0,0,0,0
2020-03-31,Mendocino,045,87422,5,4,0,4,0
2020-03-31,Merced,047,269075,44,6,0,6,0
2020-03-31,Modoc,049,8938,0,0,0,0,0
2020-03-31,Mono,051,14174,26,12,0,12,0
2020-03-31,Monterey,053,433212,83,43,0,43,2
2020-03-31,Napa,055,140530,35,9,0,9,0
2020-03-31,Nevada,057,99092,35,15,1,16,0
2020-03-31,Orange,059,3164182,1346,506,13,519,7
2020-03-31,Placer,061,380077,121,49,0,49,2
2020-03-31,Plumas,063,18699,1,0,0,0,0
2020-03-31,Riverside,065,2383286,1284,284,12,296,8
2020-03-31,Sacramento,067,1510023,609,271,0,271,8
2020-03-31,San Benito,069,59416,29,14,0,14,1
2020-03-31,San Bernardino,071,2135413,746,193,0,193,5
2020-03-31,San Diego,073,3302833,1580,736,0,736,9
2020-03-31,San Francisco,075,870044,767,404,0,404,5
2020-03-31,San Joaquin,077,732212,235,122,3,125,7
2020-03-31,San Luis Obispo,079,281455,129,67,1,68,0
2020-03-31,San Mateo,081,765935,742,297,2,299,12
2020-03-31,Santa Barbara,083,443738,221,89,1,90,0
2020-03-31,Santa Clara,085,1922200,1429,777,4,781,30
2020-03-31,Santa Cruz,087,273765,84,40,0,40,1
2020-03-31,Shasta,089,179085,22,5,0,5,1
2020-03-31,Sierra,091,2930,0,0,0,0,0
2020-03-31,Siskiyou,093,43540,4,3,0,3,0
2020-03-31,Solano,095,438530,117,56,0,56,0
2020-03-31,Sonoma,097,501317,148,58,0,58,1
2020-03-31,Stanislaus,099,539301,102,28,3,31,0
2020-03-31,Sutter,101,95872,21,8,0,8,0
2020-03-31,Tehama,103,63373,1,0,0,0,0
2020-03-31,Trinity,105,12862,0,0,0,0,0
2020-03-31,Tulare,107,460477,159,42,4,46,1
2020-03-31,Tuolumne,109,53932,3,1,0,1,0
2020-03-31,Ventura,111,848112,312,143,0,143,4
2020-03-31,Yolo,113,214977,60,21,0,21,1
2020-03-31,Yuba,115,75493,9,5,0,5,0
2020-03-30,Alameda,001,1643700,676,250,1,251,7
2020-03-30,Alpine,002,1148,1,1,0,1,0
2020-03-30,Amador,005,37829,5,1,0,1,0
2020-03-30,Butte,007,227075,15,5,1,6,0
2020-03-30,Calaveras,009,45235,6,3,0,3,0
2020-03-30,Colusa,011,21464,3,1,0,1,0
2020-03-30,Contra Costa,013,1133247,473,212,0,212,3
2020-03-30,Del Norte,015,27424,0,0,0,0,0
2020-03-30,El Dorado,017,186661,33,11,0,11,0
2020-03-30,Fresno,019,978130,227,46,3,49,0
2020-03-30,Glenn,021,27897,3,2,0,2,0
2020-03-30,Humboldt,023,135768,49,11,0,11,0
2020-03-30,Imperial,025,180216,86,9,0,9,0
2020-03-30,Inyo,027,18085,10,5,0,5,0
2020-03-30,Kern,029,883053,248,30,0,30,0
2020-03-30,Kings,031,150075,30,1,0,1,0
2020-03-30,Lake,033,64148,1,0,0,0,0
2020-03-30,Lassen,035,31185,3,0,1,1,0
2020-03-30,Los Angeles,037,10098052,6446,2467,14,2481,44
2020-03-30,Madera,039,155013,48,14,0,14,1
2020-03-30,Marin,041,260295,25,78,0,78,0
2020-03-30,Mariposa,043,17540,0,0,0,0,0
2020-03-30,Mendocino,045,87422,5,2,0,2,0
2020-03-30,Merced,047,269075,40,6,0,6,0
2020-03-30,Modoc,049,8938,0,0,0,0,0
2020-03-30,Mono,051,14174,26,11,0,11,0
2020-03-30,Monterey,053,433212,78,41,0,41,1
2020-03-30,Napa,055,140530,34,9,0,9,0
2020-03-30,Nevada,057,99092,34,14,1,15,0
2020-03-30,Orange,059,3164182,1281,418,13,431,5
2020-03-30,Placer,061,380077,118,44,0,44,2
2020-03-30,Plumas,063,18699,1,0,0,0,0
2020-03-30,Riverside,065,2383286,1203,204,12,216,7
2020-03-30,Sacramento,067,1510023,585,238,0,238,8
2020-03-30,San Benito,069,59416,29,11,0,11,1
2020-03-30,San Bernardino,071,2135413,702,145,0,145,4
2020-03-30,San Diego,073,3302833,1510,605,0,605,7
2020-03-30,San Francisco,075,870044,727,368,0,368,5
2020-03-30,San Joaquin,077,732212,228,112,3,115,5
2020-03-30,San Luis Obispo,079,281455,126,62,1,63,0
2020-03-30,San Mateo,081,765935,717,257,2,259,11
2020-03-30,Santa Barbara,083,443738,212,79,1,80,0
2020-03-30,Santa Clara,085,1922200,1398,745,3,748,31
2020-03-30,Santa Cruz,087,273765,81,36,0,36,1
2020-03-30,Shasta,089,179085,21,4,0,4,1
2020-03-30,Sierra,091,2930,0,0,0,0,0
2020-03-30,Siskiyou,093,43540,4,2,0,2,0
2020-03-30,Solano,095,438530,111,50,0,50,0
2020-03-30,Sonoma,097,501317,145,57,0,57,1
2020-03-30,Stanislaus,099,539301,95,28,3,31,0
2020-03-30,Sutter,101,95872,20,6,0,6,0
2020-03-30,Tehama,103,63373,1,0,0,0,0
2020-03-30,Trinity,105,12862,0,0,0,0,0
2020-03-30,Tulare,107,460477,147,40,3,43,1
2020-03-30,Tuolumne,109,53932,3,1,0,1,0
2020-03-30,Ventura,111,848112,301,118,0,118,2
2020-03-30,Yolo,113,214977,57,17,0,17,1
2020-03-30,Yuba,115,75493,8,5,0,5,0
2020-03-29,Alameda,001,1643700,642,207,1,208,6
2020-03-29,Alpine,002,1148,1,0,0,0,0
2020-03-29,Amador,005,37829,5,1,0,1,0
2020-03-29,Butte,007,227075,15,4,1,5,0
2020-03-29,Calaveras,009,45235,6,2,0,2,0
2020-03-29,Colusa,011,21464,3,1,0,1,0
2020-03-29,Contra Costa,013,1133247,443,187,0,187,3
2020-03-29,Del Norte,015,27424,0,0,0,0,0
2020-03-29,El Dorado,017,186661,32,9,0,9,0
2020-03-29,Fresno,019,978130,203,31,3,34,0
2020-03-29,Glenn,021,27897,2,1,0,1,0
2020-03-29,Humboldt,023,135768,46,9,0,9,0
2020-03-29,Imperial,025,180216,79,9,0,9,0
2020-03-29,Inyo,027,18085,9,0,0,0,0
2020-03-29,Kern,029,883053,230,20,0,20,0
2020-03-29,Kings,031,150075,27,1,0,1,0
2020-03-29,Lake,033,64148,0,0,0,0,0
2020-03-29,Lassen,035,31185,3,0,1,1,0
2020-03-29,Los Angeles,037,10098052,5796,2119,13,2132,37
2020-03-29,Madera,039,155013,43,11,0,11,1
2020-03-29,Marin,041,260295,25,60,0,60,0
2020-03-29,Mariposa,043,17540,0,0,0,0,0
2020-03-29,Mendocino,045,87422,5,2,0,2,0
2020-03-29,Merced,047,269075,37,4,0,4,0
2020-03-29,Modoc,049,8938,0,0,0,0,0
2020-03-29,Mono,051,14174,26,8,0,8,0
2020-03-29,Monterey,053,433212,73,36,0,36,1
2020-03-29,Napa,055,140530,32,5,0,5,0
2020-03-29,Nevada,057,99092,32,13,1,14,0
2020-03-29,Orange,059,3164182,1208,343,13,356,2
2020-03-29,Placer,061,380077,117,35,0,35,2
2020-03-29,Plumas,063,18699,1,0,0,0,0
2020-03-29,Riverside,065,2383286,1079,122,12,134,7
2020-03-29,Sacramento,067,1510023,545,217,0,217,7
2020-03-29,San Benito,069,59416,28,10,0,10,1
2020-03-29,San Bernardino,071,2135413,650,94,0,94,2
2020-03-29,San Diego,073,3302833,1438,521,0,521,7
2020-03-29,San Francisco,075,870044,683,333,0,333,5
2020-03-29,San Joaquin,077,732212,219,86,3,89,4
2020-03-29,San Luis Obispo,079,281455,119,55,0,55,0
2020-03-29,San Mateo,081,765935,692,234,2,236,12
2020-03-29,Santa Barbara,083,443738,204,52,1,53,0
2020-03-29,Santa Clara,085,1922200,1341,591,3,594,30
2020-03-29,Santa Cruz,087,273765,81,33,0,33,1
2020-03-29,Shasta,089,179085,20,4,0,4,1
2020-03-29,Sierra,091,2930,0,0,0,0,0
2020-03-29,Siskiyou,093,43540,4,2,0,2,0
2020-03-29,Solano,095,438530,103,48,0,48,0
2020-03-29,Sonoma,097,501317,143,35,0,35,1
2020-03-29,Stanislaus,099,539301,90,19,3,22,0
2020-03-29,Sutter,101,95872,17,6,0,6,0
2020-03-29,Tehama,103,63373,1,0,0,0,0
2020-03-29,Trinity,105,12862,0,0,0,0,0
2020-03-29,Tulare,107,460477,122,24,3,27,1
2020-03-29,Tuolumne,109,53932,2,1,0,1,0
2020-03-29,Ventura,111,848112,274,92,0,92,2
2020-03-29,Yolo,113,214977,52,13,0,13,1
2020-03-29,Yuba,115,75493,8,3,0,3,0
2020-03-28,Alameda,001,1643700,615,410,1,411,12
2020-03-28,Alpine,002,1148,1,0,0,0,0
2020-03-28,Amador,005,37829,5,2,0,2,0
2020-03-28,Butte,007,227075,15,8,1,9,0
2020-03-28,Calaveras,009,45235,6,4,0,4,0
2020-03-28,Colusa,011,21464,3,2,0,2,0
2020-03-28,Contra Costa,013,1133247,420,350,0,350,4
2020-03-28,Del Norte,015,27424,0,0,0,0,0
2020-03-28,El Dorado,017,186661,31,18,0,18,0
2020-03-28,Fresno,019,978130,193,62,3,65,0
2020-03-28,Glenn,021,27897,2,2,0,2,0
2020-03-28,Humboldt,023,135768,46,18,0,18,0
2020-03-28,Imperial,025,180216,74,18,0,18,0
2020-03-28,Inyo,027,18085,9,0,0,0,0
2020-03-28,Kern,029,883053,213,40,0,40,0
2020-03-28,Kings,031,150075,26,2,0,2,0
2020-03-28,Lake,033,64148,0,0,0,0,0
2020-03-28,Lassen,035,31185,3,0,1,1,0
2020-03-28,Los Angeles,037,10098052,5411,3600,12,3612,64
2020-03-28,Madera,039,155013,43,22,0,22,2
2020-03-28,Marin,041,260295,25,116,0,116,0
2020-03-28,Mariposa,043,17540,0,0,0,0,0
2020-03-28,Mendocino,045,87422,5,4,0,4,0
2020-03-28,Merced,047,269075,36,8,0,8,0
2020-03-28,Modoc,049,8938,0,0,0,0,0
2020-03-28,Mono,051,14174,24,12,0,12,0
2020-03-28,Monterey,053,433212,72,64,0,64,2
2020-03-28,Napa,055,140530,27,10,0,10,0
2020-03-28,Nevada,057,99092,32,22,1,23,0
2020-03-28,Orange,059,3164182,1172,656,13,669,4
2020-03-28,Placer,061,380077,112,70,0,70,2
2020-03-28,Plumas,063,18699,1,0,0,0,0
2020-03-28,Riverside,065,2383286,1011,242,12,254,14
2020-03-28,Sacramento,067,1510023,527,406,0,406,14
2020-03-28,San Benito,069,59416,28,20,0,20,2
2020-03-28,San Bernardino,071,2135413,603,162,0,162,4
2020-03-28,San Diego,073,3302833,1379,980,0,980,14
2020-03-28,San Francisco,075,870044,659,600,0,600,6
2020-03-28,San Joaquin,077,732212,212,166,3,169,8
2020-03-28,San Luis Obispo,079,281455,117,104,0,104,0
2020-03-28,San Mateo,081,765935,672,462,2,464,17
2020-03-28,Santa Barbara,083,443738,194,98,1,99,0
2020-03-28,Santa Clara,085,1922200,1322,1174,3,1177,54
2020-03-28,Santa Cruz,087,273765,80,62,0,62,0
2020-03-28,Shasta,089,179085,20,8,0,8,2
2020-03-28,Sierra,091,2930,0,0,0,0,0
2020-03-28,Siskiyou,093,43540,4,4,0,4,0
2020-03-28,Solano,095,438530,99,96,0,96,0
2020-03-28,Sonoma,097,501317,141,70,0,70,2
2020-03-28,Stanislaus,099,539301,85,34,3,37,0
2020-03-28,Sutter,101,95872,17,6,0,6,0
2020-03-28,Tehama,103,63373,1,0,0,0,0
2020-03-28,Trinity,105,12862,0,0,0,0,0
2020-03-28,Tulare,107,460477,114,46,3,49,0
2020-03-28,Tuolumne,109,53932,2,2,0,2,0
2020-03-28,Ventura,111,848112,270,178,0,178,4
2020-03-28,Yolo,113,214977,51,26,0,26,2
2020-03-28,Yuba,115,75493,8,6,0,6,0
2020-03-27,Alameda,001,1643700,596,185,1,186,4
2020-03-27,Alpine,002,1148,1,0,0,0,0
2020-03-27,Amador,005,37829,4,1,0,1,0
2020-03-27,Butte,007,227075,13,4,1,5,0
2020-03-27,Calaveras,009,45235,6,2,0,2,0
2020-03-27,Colusa,011,21464,3,0,0,0,0
2020-03-27,Contra Costa,013,1133247,399,161,0,161,2
2020-03-27,Del Norte,015,27424,0,0,0,0,0
2020-03-27,El Dorado,017,186661,29,9,0,9,0
2020-03-27,Fresno,019,978130,181,29,2,31,0
2020-03-27,Glenn,021,27897,2,0,0,0,0
2020-03-27,Humboldt,023,135768,42,9,0,9,0
2020-03-27,Imperial,025,180216,69,9,0,9,0
2020-03-27,Inyo,027,18085,9,0,0,0,0
2020-03-27,Kern,029,883053,200,20,0,20,0
2020-03-27,Kings,031,150075,25,0,0,0,0
2020-03-27,Lake,033,64148,0,0,0,0,0
2020-03-27,Lassen,035,31185,3,0,1,1,0
2020-03-27,Los Angeles,037,10098052,5003,1474,12,1486,26
2020-03-27,Madera,039,155013,41,10,0,10,1
2020-03-27,Marin,041,260295,25,58,0,58,0
2020-03-27,Mariposa,043,17540,0,0,0,0,0
2020-03-27,Mendocino,045,87422,5,2,0,2,0
2020-03-27,Merced,047,269075,35,3,0,3,0
2020-03-27,Modoc,049,8938,0,0,0,0,0
2020-03-27,Mono,051,14174,24,6,0,6,0
2020-03-27,Monterey,053,433212,69,26,0,26,1
2020-03-27,Napa,055,140530,27,5,0,5,0
2020-03-27,Nevada,057,99092,32,6,1,7,0
2020-03-27,Orange,059,3164182,1122,299,13,312,2
2020-03-27,Placer,061,380077,109,33,0,33,1
2020-03-27,Plumas,063,18699,0,0,0,0,0
2020-03-27,Riverside,065,2383286,955,121,12,133,7
2020-03-27,Sacramento,067,1510023,504,163,0,163,6
2020-03-27,San Benito,069,59416,27,9,0,9,1
2020-03-27,San Bernardino,071,2135413,513,77,0,77,2
2020-03-27,San Diego,073,3302833,1322,419,0,419,5
2020-03-27,San Francisco,075,870044,634,285,0,285,2
2020-03-27,San Joaquin,077,732212,201,73,3,76,3
2020-03-27,San Luis Obispo,079,281455,115,46,0,46,0
2020-03-27,San Mateo,081,765935,646,213,2,215,7
2020-03-27,Santa Barbara,083,443738,180,37,1,38,0
2020-03-27,Santa Clara,085,1922200,1284,557,3,560,25
2020-03-27,Santa Cruz,087,273765,79,31,0,31,0
2020-03-27,Shasta,089,179085,17,3,0,3,1
2020-03-27,Sierra,091,2930,0,0,0,0,0
2020-03-27,Siskiyou,093,43540,4,2,0,2,0
2020-03-27,Solano,095,438530,93,48,0,48,0
2020-03-27,Sonoma,097,501317,133,35,0,35,1
2020-03-27,Stanislaus,099,539301,83,16,3,19,0
2020-03-27,Sutter,101,95872,16,2,0,2,0
2020-03-27,Tehama,103,63373,1,0,0,0,0
2020-03-27,Trinity,105,12862,0,0,0,0,0
2020-03-27,Tulare,107,460477,106,15,3,18,0
2020-03-27,Tuolumne,109,53932,2,1,0,1,0
2020-03-27,Ventura,111,848112,261,80,0,80,2
2020-03-27,Yolo,113,214977,50,13,0,13,1
2020-03-27,Yuba,115,75493,7,3,0,3,0
2020-03-26,Alameda,001,1643700,556,172,1,173,4
2020-03-26,Alpine,002,1148,1,0,0,0,0
2020-03-26,Amador,005,37829,4,1,0,1,0
2020-03-26,Butte,007,227075,13,4,1,5,0
2020-03-26,Calaveras,009,45235,6,2,0,2,0
2020-03-26,Colusa,011,21464,3,0,0,0,0
2020-03-26,Contra Costa,013,1133247,388,147,0,147,2
2020-03-26,Del Norte,015,27424,0,0,0,0,0
2020-03-26,El Dorado,017,186661,27,7,0,7,0
2020-03-26,Fresno,019,978130,172,25,2,27,0
2020-03-26,Glenn,021,27897,2,0,0,0,0
2020-03-26,Humboldt,023,135768,38,8,0,8,0
2020-03-26,Imperial,025,180216,65,8,0,8,0
2020-03-26,Inyo,027,18085,8,0,0,0,0
2020-03-26,Kern,029,883053,184,20,0,20,0
2020-03-26,Kings,031,150075,25,0,0,0,0
2020-03-26,Lake,033,64148,0,0,0,0,0
2020-03-26,Lassen,035,31185,3,0,1,1,0
2020-03-26,Los Angeles,037,10098052,4596,1075,12,1087,19
2020-03-26,Madera,039,155013,39,8,0,8,0
2020-03-26,Marin,041,260295,25,56,0,56,0
2020-03-26,Mariposa,043,17540,0,0,0,0,0
2020-03-26,Mendocino,045,87422,4,1,0,1,0
2020-03-26,Merced,047,269075,32,1,0,1,0
2020-03-26,Modoc,049,8938,0,0,0,0,0
2020-03-26,Mono,051,14174,23,5,0,5,0
2020-03-26,Monterey,053,433212,66,25,0,25,1
2020-03-26,Napa,055,140530,26,5,0,5,0
2020-03-26,Nevada,057,99092,32,7,1,8,0
2020-03-26,Orange,059,3164182,1060,279,11,290,1
2020-03-26,Placer,061,380077,106,34,0,34,1
2020-03-26,Plumas,063,18699,0,0,0,0,0
2020-03-26,Riverside,065,2383286,884,118,12,130,7
2020-03-26,Sacramento,067,1510023,471,147,0,147,5
2020-03-26,San Benito,069,59416,27,8,0,8,1
2020-03-26,San Bernardino,071,2135413,447,57,0,57,1
2020-03-26,San Diego,073,3302833,1255,299,0,299,2
2020-03-26,San Francisco,075,870044,607,261,0,261,1
2020-03-26,San Joaquin,077,732212,190,69,3,72,3
2020-03-26,San Luis Obispo,079,281455,110,38,0,38,0
2020-03-26,San Mateo,081,765935,612,122,2,124,5
2020-03-26,Santa Barbara,083,443738,167,33,1,34,0
2020-03-26,Santa Clara,085,1922200,1239,487,2,489,20
2020-03-26,Santa Cruz,087,273765,75,30,0,30,0
2020-03-26,Shasta,089,179085,17,3,0,3,1
2020-03-26,Sierra,091,2930,0,0,0,0,0
2020-03-26,Siskiyou,093,43540,4,2,0,2,0
2020-03-26,Solano,095,438530,85,41,0,41,0
2020-03-26,Sonoma,097,501317,128,33,0,33,1
2020-03-26,Stanislaus,099,539301,81,15,3,18,0
2020-03-26,Sutter,101,95872,12,2,0,2,0
2020-03-26,Tehama,103,63373,1,0,0,0,0
2020-03-26,Trinity,105,12862,0,0,0,0,0
2020-03-26,Tulare,107,460477,97,15,3,18,0
2020-03-26,Tuolumne,109,53932,2,0,0,0,0
2020-03-26,Ventura,111,848112,245,70,0,70,1
2020-03-26,Yolo,113,214977,46,13,0,13,1
2020-03-26,Yuba,115,75493,7,3,0,3,0
2020-03-25,Alameda,001,1643700,535,134,1,135,3
2020-03-25,Alpine,002,1148,1,0,0,0,0
2020-03-25,Amador,005,37829,4,1,0,1,0
2020-03-25,Butte,007,227075,13,4,1,5,0
2020-03-25,Calaveras,009,45235,6,2,0,2,0
2020-03-25,Colusa,011,21464,2,0,0,0,0
2020-03-25,Contra Costa,013,1133247,374,131,0,131,1
2020-03-25,Del Norte,015,27424,0,0,0,0,0
2020-03-25,El Dorado,017,186661,27,5,0,5,0
2020-03-25,Fresno,019,978130,152,21,2,23,0
2020-03-25,Glenn,021,27897,2,0,0,0,0
2020-03-25,Humboldt,023,135768,35,3,0,3,0
2020-03-25,Imperial,025,180216,57,8,0,8,0
2020-03-25,Inyo,027,18085,5,0,0,0,0
2020-03-25,Kern,029,883053,164,13,0,13,0
2020-03-25,Kings,031,150075,23,0,0,0,0
2020-03-25,Lake,033,64148,0,0,0,0,0
2020-03-25,Lassen,035,31185,3,0,1,1,0
2020-03-25,Los Angeles,037,10098052,4196,725,12,737,10
2020-03-25,Madera,039,155013,37,6,0,6,0
2020-03-25,Marin,041,260295,24,47,0,47,0
2020-03-25,Mariposa,043,17540,0,0,0,0,0
2020-03-25,Mendocino,045,87422,3,1,0,1,0
2020-03-25,Merced,047,269075,29,0,0,0,0
2020-03-25,Modoc,049,8938,0,0,0,0,0
2020-03-25,Mono,051,14174,22,4,0,4,0
2020-03-25,Monterey,053,433212,63,23,0,23,1
2020-03-25,Napa,055,140530,26,5,0,5,0
2020-03-25,Nevada,057,99092,31,5,1,6,0
2020-03-25,Orange,059,3164182,1002,214,9,223,1
2020-03-25,Placer,061,380077,100,30,0,30,1
2020-03-25,Plumas,063,18699,0,1,0,1,0
2020-03-25,Riverside,065,2383286,813,87,12,99,5
2020-03-25,Sacramento,067,1510023,445,114,0,114,5
2020-03-25,San Benito,069,59416,26,4,0,4,1
2020-03-25,San Bernardino,071,2135413,408,46,0,46,1
2020-03-25,San Diego,073,3302833,1193,238,0,238,2
2020-03-25,San Francisco,075,870044,566,212,0,212,1
2020-03-25,San Joaquin,077,732212,177,64,3,67,2
2020-03-25,San Luis Obispo,079,281455,105,35,0,35,0
2020-03-25,San Mateo,081,765935,577,111,2,113,5
2020-03-25,Santa Barbara,083,443738,157,25,1,26,0
2020-03-25,Santa Clara,085,1922200,1195,452,2,454,20
2020-03-25,Santa Cruz,087,273765,72,26,0,26,0
2020-03-25,Shasta,089,179085,16,3,0,3,1
2020-03-25,Sierra,091,2930,0,0,0,0,0
2020-03-25,Siskiyou,093,43540,4,2,0,2,0
2020-03-25,Solano,095,438530,80,39,0,39,0
2020-03-25,Sonoma,097,501317,123,31,0,31,1
2020-03-25,Stanislaus,099,539301,74,14,3,17,0
2020-03-25,Sutter,101,95872,9,1,0,1,0
2020-03-25,Tehama,103,63373,1,0,0,0,0
2020-03-25,Trinity,105,12862,0,0,0,0,0
2020-03-25,Tulare,107,460477,87,11,3,14,0
2020-03-25,Tuolumne,109,53932,2,0,0,0,0
2020-03-25,Ventura,111,848112,229,53,0,53,1
2020-03-25,Yolo,113,214977,44,9,0,9,1
2020-03-25,Yuba,115,75493,7,2,0,2,0
2020-03-24,Alameda,001,1643700,503,96,1,97,2
2020-03-24,Alpine,002,1148,1,0,0,0,0
2020-03-24,Amador,005,37829,2,1,0,1,0
2020-03-24,Butte,007,227075,12,3,1,4,0
2020-03-24,Calaveras,009,45235,5,2,0,2,0
2020-03-24,Colusa,011,21464,2,0,0,0,0
2020-03-24,Contra Costa,013,1133247,361,108,0,108,1
2020-03-24,Del Norte,015,27424,0,0,0,0,0
2020-03-24,El Dorado,017,186661,27,3,0,3,0
2020-03-24,Fresno,019,978130,133,18,2,20,0
2020-03-24,Glenn,021,27897,2,0,0,0,0
2020-03-24,Humboldt,023,135768,33,2,0,2,0
2020-03-24,Imperial,025,180216,54,3,0,3,0
2020-03-24,Inyo,027,18085,5,0,0,0,0
2020-03-24,Kern,029,883053,144,5,0,5,0
2020-03-24,Kings,031,150075,22,0,0,0,0
2020-03-24,Lake,033,64148,0,0,0,0,0
2020-03-24,Lassen,035,31185,3,0,1,1,0
2020-03-24,Los Angeles,037,10098052,3752,633,12,645,7
2020-03-24,Madera,039,155013,36,6,0,6,0
2020-03-24,Marin,041,260295,21,44,0,44,0
2020-03-24,Mariposa,043,17540,0,0,0,0,0
2020-03-24,Mendocino,045,87422,3,1,0,1,0
2020-03-24,Merced,047,269075,26,0,0,0,0
2020-03-24,Modoc,049,8938,0,0,0,0,0
2020-03-24,Mono,051,14174,21,1,0,1,0
2020-03-24,Monterey,053,433212,59,23,0,23,1
2020-03-24,Napa,055,140530,23,2,0,2,0
2020-03-24,Nevada,057,99092,30,4,1,5,0
2020-03-24,Orange,059,3164182,940,166,9,175,0
2020-03-24,Placer,061,380077,93,22,0,22,1
2020-03-24,Plumas,063,18699,0,1,0,1,0
2020-03-24,Riverside,065,2383286,746,56,12,68,5
2020-03-24,Sacramento,067,1510023,426,93,0,93,4
2020-03-24,San Benito,069,59416,25,4,0,4,1
2020-03-24,San Bernardino,071,2135413,364,27,0,27,0
2020-03-24,San Diego,073,3302833,1126,231,0,231,2
2020-03-24,San Francisco,075,870044,534,181,0,181,1
2020-03-24,San Joaquin,077,732212,166,52,3,55,2
2020-03-24,San Luis Obispo,079,281455,102,32,0,32,0
2020-03-24,San Mateo,081,765935,536,100,2,102,2
2020-03-24,Santa Barbara,083,443738,151,20,1,21,0
2020-03-24,Santa Clara,085,1922200,1126,389,2,391,17
2020-03-24,Santa Cruz,087,273765,67,22,0,22,0
2020-03-24,Shasta,089,179085,15,3,0,3,0
2020-03-24,Sierra,091,2930,0,0,0,0,0
2020-03-24,Siskiyou,093,43540,4,2,0,2,0
2020-03-24,Solano,095,438530,78,34,0,34,0
2020-03-24,Sonoma,097,501317,116,27,0,27,1
2020-03-24,Stanislaus,099,539301,65,13,3,16,0
2020-03-24,Sutter,101,95872,9,0,0,0,0
2020-03-24,Tehama,103,63373,1,0,0,0,0
2020-03-24,Trinity,105,12862,0,0,0,0,0
2020-03-24,Tulare,107,460477,77,10,3,13,0
2020-03-24,Tuolumne,109,53932,2,0,0,0,0
2020-03-24,Ventura,111,848112,213,44,0,44,1
2020-03-24,Yolo,113,214977,40,8,0,8,0
2020-03-24,Yuba,115,75493,7,2,0,2,0
2020-03-23,Alameda,001,1643700,471,88,1,89,1
2020-03-23,Alpine,002,1148,1,0,0,0,0
2020-03-23,Amador,005,37829,2,1,0,1,0
2020-03-23,Butte,007,227075,12,2,0,2,0
2020-03-23,Calaveras,009,45235,5,2,0,2,0
2020-03-23,Colusa,011,21464,1,0,0,0,0
2020-03-23,Contra Costa,013,1133247,341,91,0,91,2
2020-03-23,Del Norte,015,27424,0,0,0,0,0
2020-03-23,El Dorado,017,186661,26,3,0,3,0
2020-03-23,Fresno,019,978130,123,10,2,12,0
2020-03-23,Glenn,021,27897,2,0,0,0,0
2020-03-23,Humboldt,023,135768,31,2,0,2,0
2020-03-23,Imperial,025,180216,50,2,0,2,0
2020-03-23,Inyo,027,18085,3,0,0,0,0
2020-03-23,Kern,029,883053,130,5,0,5,0
2020-03-23,Kings,031,150075,22,0,0,0,0
2020-03-23,Lake,033,64148,0,0,0,0,0
2020-03-23,Lassen,035,31185,3,0,1,1,0
2020-03-23,Los Angeles,037,10098052,3444,389,11,400,4
2020-03-23,Madera,039,155013,36,4,0,4,0
2020-03-23,Marin,041,260295,19,30,0,30,0
2020-03-23,Mariposa,043,17540,0,0,0,0,0
2020-03-23,Mendocino,045,87422,3,1,0,1,0
2020-03-23,Merced,047,269075,19,0,0,0,0
2020-03-23,Modoc,049,8938,0,0,0,0,0
2020-03-23,Mono,051,14174,19,1,0,1,0
2020-03-23,Monterey,053,433212,54,14,0,14,1
2020-03-23,Napa,055,140530,21,1,0,1,0
2020-03-23,Nevada,057,99092,27,2,1,3,0
2020-03-23,Orange,059,3164182,885,138,7,145,0
2020-03-23,Placer,061,380077,90,19,0,19,1
2020-03-23,Plumas,063,18699,0,0,0,0,0
2020-03-23,Riverside,065,2383286,703,39,12,51,5
2020-03-23,Sacramento,067,1510023,393,87,0,87,4
2020-03-23,San Benito,069,59416,24,4,0,4,1
2020-03-23,San Bernardino,071,2135413,334,17,0,17,0
2020-03-23,San Diego,073,3302833,1067,178,0,178,1
2020-03-23,San Francisco,075,870044,505,152,0,152,0
2020-03-23,San Joaquin,077,732212,154,37,3,40,2
2020-03-23,San Luis Obispo,079,281455,96,23,0,23,0
2020-03-23,San Mateo,081,765935,497,88,2,90,1
2020-03-23,Santa Barbara,083,443738,133,18,1,19,0
2020-03-23,Santa Clara,085,1922200,1077,336,2,338,13
2020-03-23,Santa Cruz,087,273765,65,21,0,21,0
2020-03-23,Shasta,089,179085,13,2,0,2,0
2020-03-23,Sierra,091,2930,0,0,0,0,0
2020-03-23,Siskiyou,093,43540,4,2,0,2,0
2020-03-23,Solano,095,438530,74,33,0,33,0
2020-03-23,Sonoma,097,501317,104,19,0,19,1
2020-03-23,Stanislaus,099,539301,57,10,3,13,0
2020-03-23,Sutter,101,95872,9,0,0,0,0
2020-03-23,Tehama,103,63373,1,0,0,0,0
2020-03-23,Trinity,105,12862,0,0,0,0,0
2020-03-23,Tulare,107,460477,68,9,3,12,0
2020-03-23,Tuolumne,109,53932,2,0,0,0,0
2020-03-23,Ventura,111,848112,196,30,0,30,0
2020-03-23,Yolo,113,214977,39,8,0,8,0
2020-03-23,Yuba,115,75493,7,2,0,2,0
2020-03-22,Alameda,001,1643700,432,72,1,73,1
2020-03-22,Alpine,002,1148,1,0,0,0,0
2020-03-22,Amador,005,37829,2,1,0,1,0
2020-03-22,Butte,007,227075,8,1,0,1,0
2020-03-22,Calaveras,009,45235,4,2,0,2,0
2020-03-22,Colusa,011,21464,1,0,0,0,0
2020-03-22,Contra Costa,013,1133247,314,79,0,79,1
2020-03-22,Del Norte,015,27424,0,0,0,0,0
2020-03-22,El Dorado,017,186661,24,1,0,1,0
2020-03-22,Fresno,019,978130,103,8,2,10,0
2020-03-22,Glenn,021,27897,2,0,0,0,0
2020-03-22,Humboldt,023,135768,28,1,0,1,0
2020-03-22,Imperial,025,180216,48,2,0,2,0
2020-03-22,Inyo,027,18085,1,0,0,0,0
2020-03-22,Kern,029,883053,114,3,0,3,0
2020-03-22,Kings,031,150075,19,0,0,0,0
2020-03-22,Lake,033,64148,0,0,0,0,0
2020-03-22,Lassen,035,31185,3,0,1,1,0
2020-03-22,Los Angeles,037,10098052,3114,384,11,395,3
2020-03-22,Madera,039,155013,33,4,0,4,0
2020-03-22,Marin,041,260295,18,30,0,30,0
2020-03-22,Mariposa,043,17540,0,0,0,0,0
2020-03-22,Mendocino,045,87422,3,1,0,1,0
2020-03-22,Merced,047,269075,16,0,0,0,0
2020-03-22,Modoc,049,8938,0,0,0,0,0
2020-03-22,Mono,051,14174,14,1,0,1,0
2020-03-22,Monterey,053,433212,51,14,0,14,1
2020-03-22,Napa,055,140530,17,1,0,1,0
2020-03-22,Nevada,057,99092,23,2,1,3,0
2020-03-22,Orange,059,3164182,812,102,4,106,0
2020-03-22,Placer,061,380077,88,18,0,18,1
2020-03-22,Plumas,063,18699,0,0,0,0,0
2020-03-22,Riverside,065,2383286,613,26,8,34,5
2020-03-22,Sacramento,067,1510023,361,82,0,82,4
2020-03-22,San Benito,069,59416,19,4,0,4,1
2020-03-22,San Bernardino,071,2135413,290,16,0,16,0
2020-03-22,San Diego,073,3302833,979,161,0,161,0
2020-03-22,San Francisco,075,870044,468,134,0,134,0
2020-03-22,San Joaquin,077,732212,140,30,3,33,2
2020-03-22,San Luis Obispo,079,281455,89,19,0,19,0
2020-03-22,San Mateo,081,765935,464,82,2,84,1
2020-03-22,Santa Barbara,083,443738,119,16,1,17,0
2020-03-22,Santa Clara,085,1922200,1013,284,2,286,13
2020-03-22,Santa Cruz,087,273765,64,19,0,19,0
2020-03-22,Shasta,089,179085,13,1,0,1,0
2020-03-22,Sierra,091,2930,0,0,0,0,0
2020-03-22,Siskiyou,093,43540,4,2,0,2,0
2020-03-22,Solano,095,438530,65,30,0,30,0
2020-03-22,Sonoma,097,501317,99,18,0,18,1
2020-03-22,Stanislaus,099,539301,51,8,3,11,0
2020-03-22,Sutter,101,95872,8,0,0,0,0
2020-03-22,Tehama,103,63373,0,0,0,0,0
2020-03-22,Trinity,105,12862,0,0,0,0,0
2020-03-22,Tulare,107,460477,62,5,3,8,0
2020-03-22,Tuolumne,109,53932,2,0,0,0,0
2020-03-22,Ventura,111,848112,174,26,0,26,0
2020-03-22,Yolo,113,214977,33,6,0,6,0
2020-03-22,Yuba,115,75493,7,2,0,2,0
2020-03-21,Alameda,001,1643700,408,62,1,63,0
2020-03-21,Alpine,002,1148,1,0,0,0,0
2020-03-21,Amador,005,37829,2,1,0,1,0
2020-03-21,Butte,007,227075,7,1,0,1,0
2020-03-21,Calaveras,009,45235,4,2,0,2,0
2020-03-21,Colusa,011,21464,1,0,0,0,0
2020-03-21,Contra Costa,013,1133247,303,62,0,62,1
2020-03-21,Del Norte,015,27424,0,0,0,0,0
2020-03-21,El Dorado,017,186661,21,1,0,1,0
2020-03-21,Fresno,019,978130,99,8,2,10,0
2020-03-21,Glenn,021,27897,2,0,0,0,0
2020-03-21,Humboldt,023,135768,25,1,0,1,0
2020-03-21,Imperial,025,180216,44,2,0,2,0
2020-03-21,Inyo,027,18085,1,0,0,0,0
2020-03-21,Kern,029,883053,108,3,0,3,0
2020-03-21,Kings,031,150075,19,0,0,0,0
2020-03-21,Lake,033,64148,0,0,0,0,0
2020-03-21,Lassen,035,31185,3,0,1,1,0
2020-03-21,Los Angeles,037,10098052,2838,322,11,333,2
2020-03-21,Madera,039,155013,33,4,0,4,0
2020-03-21,Marin,041,260295,16,30,0,30,0
2020-03-21,Mariposa,043,17540,0,0,0,0,0
2020-03-21,Mendocino,045,87422,3,1,0,1,0
2020-03-21,Merced,047,269075,12,0,0,0,0
2020-03-21,Modoc,049,8938,0,0,0,0,0
2020-03-21,Mono,051,14174,14,1,0,1,0
2020-03-21,Monterey,053,433212,48,8,0,8,1
2020-03-21,Napa,055,140530,17,0,0,0,0
2020-03-21,Nevada,057,99092,23,2,1,3,0
2020-03-21,Orange,059,3164182,763,85,4,89,0
2020-03-21,Placer,061,380077,78,11,0,11,1
2020-03-21,Plumas,063,18699,0,0,0,0,0
2020-03-21,Riverside,065,2383286,566,20,8,28,3
2020-03-21,Sacramento,067,1510023,334,66,0,66,3
2020-03-21,San Benito,069,59416,17,4,0,4,1
2020-03-21,San Bernardino,071,2135413,270,13,0,13,0
2020-03-21,San Diego,073,3302833,901,121,0,121,0
2020-03-21,San Francisco,075,870044,432,106,0,106,0
2020-03-21,San Joaquin,077,732212,131,26,3,29,2
2020-03-21,San Luis Obispo,079,281455,84,16,0,16,0
2020-03-21,San Mateo,081,765935,426,78,2,80,1
2020-03-21,Santa Barbara,083,443738,109,8,1,9,0
2020-03-21,Santa Clara,085,1922200,951,269,2,271,10
2020-03-21,Santa Cruz,087,273765,62,17,0,17,0
2020-03-21,Shasta,089,179085,12,1,0,1,0
2020-03-21,Sierra,091,2930,0,0,0,0,0
2020-03-21,Siskiyou,093,43540,4,0,0,0,0
2020-03-21,Solano,095,438530,63,30,0,30,0
2020-03-21,Sonoma,097,501317,98,15,0,15,1
2020-03-21,Stanislaus,099,539301,45,7,3,10,0
2020-03-21,Sutter,101,95872,7,0,0,0,0
2020-03-21,Tehama,103,63373,0,0,0,0,0
2020-03-21,Trinity,105,12862,0,0,0,0,0
2020-03-21,Tulare,107,460477,54,5,3,8,0
2020-03-21,Tuolumne,109,53932,2,0,0,0,0
2020-03-21,Ventura,111,848112,166,22,0,22,0
2020-03-21,Yolo,113,214977,33,6,0,6,0
2020-03-21,Yuba,115,75493,7,1,0,1,0
2020-03-20,Alameda,001,1643700,387,42,1,43,0
2020-03-20,Alpine,002,1148,1,0,0,0,0
2020-03-20,Amador,005,37829,1,0,0,0,0
2020-03-20,Butte,007,227075,7,0,0,0,0
2020-03-20,Calaveras,009,45235,4,2,0,2,0
2020-03-20,Colusa,011,21464,1,0,0,0,0
2020-03-20,Contra Costa,013,1133247,273,52,0,52,1
2020-03-20,Del Norte,015,27424,0,0,0,0,0
2020-03-20,El Dorado,017,186661,20,1,0,1,0
2020-03-20,Fresno,019,978130,96,7,2,9,0
2020-03-20,Glenn,021,27897,1,0,0,0,0
2020-03-20,Humboldt,023,135768,25,1,0,1,0
2020-03-20,Imperial,025,180216,43,2,0,2,0
2020-03-20,Inyo,027,18085,0,0,0,0,0
2020-03-20,Kern,029,883053,93,3,0,3,0
2020-03-20,Kings,031,150075,18,0,0,0,0
2020-03-20,Lake,033,64148,0,0,0,0,0
2020-03-20,Lassen,035,31185,3,0,1,1,0
2020-03-20,Los Angeles,037,10098052,2610,267,10,277,1
2020-03-20,Madera,039,155013,32,4,0,4,0
2020-03-20,Marin,041,260295,14,30,0,30,0
2020-03-20,Mariposa,043,17540,0,0,0,0,0
2020-03-20,Mendocino,045,87422,3,1,0,1,0
2020-03-20,Merced,047,269075,10,0,0,0,0
2020-03-20,Modoc,049,8938,0,0,0,0,0
2020-03-20,Mono,051,14174,14,0,0,0,0
2020-03-20,Monterey,053,433212,47,4,0,4,0
2020-03-20,Napa,055,140530,16,0,0,0,0
2020-03-20,Nevada,057,99092,20,2,1,3,0
2020-03-20,Orange,059,3164182,716,71,4,75,2
2020-03-20,Placer,061,380077,72,9,0,9,1
2020-03-20,Plumas,063,18699,0,0,0,0,0
2020-03-20,Riverside,065,2383286,507,19,8,27,3
2020-03-20,Sacramento,067,1510023,313,56,0,56,4
2020-03-20,San Benito,069,59416,17,4,0,4,1
2020-03-20,San Bernardino,071,2135413,243,9,0,9,0
2020-03-20,San Diego,073,3302833,849,98,0,98,0
2020-03-20,San Francisco,075,870044,399,87,0,87,0
2020-03-20,San Joaquin,077,732212,116,18,3,21,2
2020-03-20,San Luis Obispo,079,281455,80,11,0,11,0
2020-03-20,San Mateo,081,765935,396,71,2,73,1
2020-03-20,Santa Barbara,083,443738,97,7,1,8,0
2020-03-20,Santa Clara,085,1922200,915,246,2,248,8
2020-03-20,Santa Cruz,087,273765,60,13,0,13,0
2020-03-20,Shasta,089,179085,11,1,0,1,0
2020-03-20,Sierra,091,2930,0,0,0,0,0
2020-03-20,Siskiyou,093,43540,4,0,0,0,0
2020-03-20,Solano,095,438530,59,29,0,29,0
2020-03-20,Sonoma,097,501317,90,7,0,7,0
2020-03-20,Stanislaus,099,539301,39,7,3,10,0
2020-03-20,Sutter,101,95872,7,0,0,0,0
2020-03-20,Tehama,103,63373,0,0,0,0,0
2020-03-20,Trinity,105,12862,0,0,0,0,0
2020-03-20,Tulare,107,460477,50,4,3,7,0
2020-03-20,Tuolumne,109,53932,2,0,0,0,0
2020-03-20,Ventura,111,848112,156,18,0,18,0
2020-03-20,Yolo,113,214977,31,5,0,5,0
2020-03-20,Yuba,115,75493,6,0,0,0,0
2020-03-19,Alameda,001,1643700,351,36,1,37,0
2020-03-19,Alpine,002,1148,1,0,0,0,0
2020-03-19,Amador,005,37829,1,0,0,0,0
2020-03-19,Butte,007,227075,5,0,0,0,0
2020-03-19,Calaveras,009,45235,4,2,0,2,0
2020-03-19,Colusa,011,21464,0,0,0,0,0
2020-03-19,Contra Costa,013,1133247,257,46,0,46,0
2020-03-19,Del Norte,015,27424,0,0,0,0,0
2020-03-19,El Dorado,017,186661,18,0,0,0,0
2020-03-19,Fresno,019,978130,87,6,2,8,0
2020-03-19,Glenn,021,27897,1,0,0,0,0
2020-03-19,Humboldt,023,135768,23,1,0,1,0
2020-03-19,Imperial,025,180216,36,2,0,2,0
2020-03-19,Inyo,027,18085,0,0,0,0,0
2020-03-19,Kern,029,883053,81,3,0,3,0
2020-03-19,Kings,031,150075,14,0,0,0,0
2020-03-19,Lake,033,64148,0,0,0,0,0
2020-03-19,Lassen,035,31185,2,0,1,1,0
2020-03-19,Los Angeles,037,10098052,2320,233,10,243,0
2020-03-19,Madera,039,155013,31,3,0,3,0
2020-03-19,Marin,041,260295,12,19,0,19,0
2020-03-19,Mariposa,043,17540,0,0,0,0,0
2020-03-19,Mendocino,045,87422,2,1,0,1,0
2020-03-19,Merced,047,269075,9,0,0,0,0
2020-03-19,Modoc,049,8938,0,0,0,0,0
2020-03-19,Mono,051,14174,12,0,0,0,0
2020-03-19,Monterey,053,433212,39,3,0,3,0
2020-03-19,Napa,055,140530,14,0,0,0,0
2020-03-19,Nevada,057,99092,18,2,1,3,0
2020-03-19,Orange,059,3164182,635,59,4,63,0
2020-03-19,Placer,061,380077,64,8,0,8,1
2020-03-19,Plumas,063,18699,0,0,0,0,0
2020-03-19,Riverside,065,2383286,396,14,6,20,3
2020-03-19,Sacramento,067,1510023,280,52,0,52,3
2020-03-19,San Benito,069,59416,14,3,0,3,0
2020-03-19,San Bernardino,071,2135413,213,7,0,7,0
2020-03-19,San Diego,073,3302833,766,68,0,68,0
2020-03-19,San Francisco,075,870044,363,80,0,80,0
2020-03-19,San Joaquin,077,732212,102,15,3,18,2
2020-03-19,San Luis Obispo,079,281455,77,6,0,6,0
2020-03-19,San Mateo,081,765935,361,58,2,60,1
2020-03-19,Santa Barbara,083,443738,85,5,0,5,0
2020-03-19,Santa Clara,085,1922200,848,183,2,185,8
2020-03-19,Santa Cruz,087,273765,57,13,0,13,0
2020-03-19,Shasta,089,179085,10,1,0,1,0
2020-03-19,Sierra,091,2930,0,0,0,0,0
2020-03-19,Siskiyou,093,43540,3,0,0,0,0
2020-03-19,Solano,095,438530,55,26,0,26,0
2020-03-19,Sonoma,097,501317,87,8,0,8,0
2020-03-19,Stanislaus,099,539301,38,7,3,10,0
2020-03-19,Sutter,101,95872,7,0,0,0,0
2020-03-19,Tehama,103,63373,0,0,0,0,0
2020-03-19,Trinity,105,12862,0,0,0,0,0
2020-03-19,Tulare,107,460477,44,3,3,6,0
2020-03-19,Tuolumne,109,53932,2,0,0,0,0
2020-03-19,Ventura,111,848112,134,15,0,15,0
2020-03-19,Yolo,113,214977,27,5,0,5,0
2020-03-19,Yuba,115,75493,5,0,0,0,0
2020-03-18,Alameda,001,1643700,322,29,1,30,0
2020-03-18,Alpine,002,1148,1,0,0,0,0
2020-03-18,Amador,005,37829,1,0,0,0,0
2020-03-18,Butte,007,227075,4,0,0,0,0
2020-03-18,Calaveras,009,45235,4,2,0,2,0
2020-03-18,Colusa,011,21464,0,0,0,0,0
2020-03-18,Contra Costa,013,1133247,235,44,0,44,0
2020-03-18,Del Norte,015,27424,0,0,0,0,0
2020-03-18,El Dorado,017,186661,17,0,0,0,0
2020-03-18,Fresno,019,978130,78,3,1,4,0
2020-03-18,Glenn,021,27897,1,0,0,0,0
2020-03-18,Humboldt,023,135768,19,1,0,1,0
2020-03-18,Imperial,025,180216,30,2,0,2,0
2020-03-18,Inyo,027,18085,0,0,0,0,0
2020-03-18,Kern,029,883053,66,1,0,1,0
2020-03-18,Kings,031,150075,12,0,0,0,0
2020-03-18,Lake,033,64148,0,0,0,0,0
2020-03-18,Lassen,035,31185,1,0,1,1,0
2020-03-18,Los Angeles,037,10098052,2075,47,10,57,0
2020-03-18,Madera,039,155013,30,2,0,2,0
2020-03-18,Marin,041,260295,12,10,0,10,0
2020-03-18,Mariposa,043,17540,0,0,0,0,0
2020-03-18,Mendocino,045,87422,2,0,0,0,0
2020-03-18,Merced,047,269075,9,0,0,0,0
2020-03-18,Modoc,049,8938,0,0,0,0,0
2020-03-18,Mono,051,14174,11,0,0,0,0
2020-03-18,Monterey,053,433212,31,1,0,1,0
2020-03-18,Napa,055,140530,11,0,0,0,0
2020-03-18,Nevada,057,99092,16,2,1,3,0
2020-03-18,Orange,059,3164182,577,38,4,42,0
2020-03-18,Placer,061,380077,57,8,0,8,1
2020-03-18,Plumas,063,18699,0,0,0,0,0
2020-03-18,Riverside,065,2383286,333,11,5,16,2
2020-03-18,Sacramento,067,1510023,257,46,0,46,3
2020-03-18,San Benito,069,59416,13,3,0,3,0
2020-03-18,San Bernardino,071,2135413,191,3,0,3,0
2020-03-18,San Diego,073,3302833,681,40,0,40,0
2020-03-18,San Francisco,075,870044,344,65,0,65,0
2020-03-18,San Joaquin,077,732212,90,14,3,17,2
2020-03-18,San Luis Obispo,079,281455,70,5,0,5,0
2020-03-18,San Mateo,081,765935,340,57,2,59,1
2020-03-18,Santa Barbara,083,443738,77,2,0,2,0
2020-03-18,Santa Clara,085,1922200,797,151,2,153,6
2020-03-18,Santa Cruz,087,273765,55,11,0,11,0
2020-03-18,Shasta,089,179085,9,1,0,1,0
2020-03-18,Sierra,091,2930,0,0,0,0,0
2020-03-18,Siskiyou,093,43540,3,0,0,0,0
2020-03-18,Solano,095,438530,51,26,0,26,0
2020-03-18,Sonoma,097,501317,78,6,0,6,0
2020-03-18,Stanislaus,099,539301,34,5,2,7,0
2020-03-18,Sutter,101,95872,5,0,0,0,0
2020-03-18,Tehama,103,63373,0,0,0,0,0
2020-03-18,Trinity,105,12862,0,0,0,0,0
2020-03-18,Tulare,107,460477,34,3,3,6,0
2020-03-18,Tuolumne,109,53932,2,0,0,0,0
2020-03-18,Ventura,111,848112,115,11,0,11,0
2020-03-18,Yolo,113,214977,24,4,0,4,0
2020-03-18,Yuba,115,75493,4,0,0,0,0
2020-03-17,Alameda,001,1643700,290,19,0,19,0
2020-03-17,Alpine,002,1148,0,0,0,0,0
2020-03-17,Amador,005,37829,1,0,0,0,0
2020-03-17,Butte,007,227075,4,0,0,0,0
2020-03-17,Calaveras,009,45235,4,2,0,2,0
2020-03-17,Colusa,011,21464,0,0,0,0,0
2020-03-17,Contra Costa,013,1133247,213,37,0,37,0
2020-03-17,Del Norte,015,27424,0,0,0,0,0
2020-03-17,El Dorado,017,186661,16,0,0,0,0
2020-03-17,Fresno,019,978130,68,2,1,3,0
2020-03-17,Glenn,021,27897,1,0,0,0,0
2020-03-17,Humboldt,023,135768,17,1,0,1,0
2020-03-17,Imperial,025,180216,24,2,0,2,0
2020-03-17,Inyo,027,18085,0,0,0,0,0
2020-03-17,Kern,029,883053,52,0,0,0,0
2020-03-17,Kings,031,150075,9,0,0,0,0
2020-03-17,Lake,033,64148,0,0,0,0,0
2020-03-17,Lassen,035,31185,1,0,1,1,0
2020-03-17,Los Angeles,037,10098052,1866,41,10,51,0
2020-03-17,Madera,039,155013,22,2,0,2,0
2020-03-17,Marin,041,260295,11,4,0,4,0
2020-03-17,Mariposa,043,17540,0,0,0,0,0
2020-03-17,Mendocino,045,87422,2,0,0,0,0
2020-03-17,Merced,047,269075,9,0,0,0,0
2020-03-17,Modoc,049,8938,0,0,0,0,0
2020-03-17,Mono,051,14174,9,0,0,0,0
2020-03-17,Monterey,053,433212,29,0,0,0,0
2020-03-17,Napa,055,140530,8,0,0,0,0
2020-03-17,Nevada,057,99092,15,1,1,2,0
2020-03-17,Orange,059,3164182,499,24,3,27,0
2020-03-17,Placer,061,380077,47,7,0,7,1
2020-03-17,Plumas,063,18699,0,0,0,0,0
2020-03-17,Riverside,065,2383286,271,11,5,16,0
2020-03-17,Sacramento,067,1510023,237,36,0,36,1
2020-03-17,San Benito,069,59416,12,2,0,2,0
2020-03-17,San Bernardino,071,2135413,163,2,0,2,0
2020-03-17,San Diego,073,3302833,614,17,0,17,0
2020-03-17,San Francisco,075,870044,317,46,0,46,0
2020-03-17,San Joaquin,077,732212,84,11,3,14,0
2020-03-17,San Luis Obispo,079,281455,62,1,0,1,0
2020-03-17,San Mateo,081,765935,308,46,2,48,1
2020-03-17,Santa Barbara,083,443738,65,0,0,0,0
2020-03-17,Santa Clara,085,1922200,739,121,2,123,4
2020-03-17,Santa Cruz,087,273765,52,10,0,10,0
2020-03-17,Shasta,089,179085,5,1,0,1,0
2020-03-17,Sierra,091,2930,0,0,0,0,0
2020-03-17,Siskiyou,093,43540,3,0,0,0,0
2020-03-17,Solano,095,438530,48,27,0,27,0
2020-03-17,Sonoma,097,501317,70,4,0,4,0
2020-03-17,Stanislaus,099,539301,31,4,2,6,0
2020-03-17,Sutter,101,95872,5,0,0,0,0
2020-03-17,Tehama,103,63373,0,0,0,0,0
2020-03-17,Trinity,105,12862,0,0,0,0,0
2020-03-17,Tulare,107,460477,29,2,3,5,0
2020-03-17,Tuolumne,109,53932,2,0,0,0,0
2020-03-17,Ventura,111,848112,98,7,0,7,0
2020-03-17,Yolo,113,214977,20,2,0,2,0
2020-03-17,Yuba,115,75493,4,0,0,0,0
2020-03-16,Alameda,001,1643700,261,17,0,17,0
2020-03-16,Alpine,002,1148,0,0,0,0,0
2020-03-16,Amador,005,37829,1,0,0,0,0
2020-03-16,Butte,007,227075,3,0,0,0,0
2020-03-16,Calaveras,009,45235,4,2,0,2,0
2020-03-16,Colusa,011,21464,0,0,0,0,0
2020-03-16,Contra Costa,013,1133247,189,36,0,36,0
2020-03-16,Del Norte,015,27424,0,0,0,0,0
2020-03-16,El Dorado,017,186661,15,0,0,0,0
2020-03-16,Fresno,019,978130,53,2,1,3,0
2020-03-16,Glenn,021,27897,0,0,0,0,0
2020-03-16,Humboldt,023,135768,13,1,0,1,0
2020-03-16,Imperial,025,180216,19,2,0,2,0
2020-03-16,Inyo,027,18085,0,0,0,0,0
2020-03-16,Kern,029,883053,43,0,0,0,0
2020-03-16,Kings,031,150075,8,0,0,0,0
2020-03-16,Lake,033,64148,0,0,0,0,0
2020-03-16,Lassen,035,31185,1,0,0,0,0
2020-03-16,Los Angeles,037,10098052,1628,43,10,53,0
2020-03-16,Madera,039,155013,21,2,0,2,0
2020-03-16,Marin,041,260295,10,4,0,4,0
2020-03-16,Mariposa,043,17540,0,0,0,0,0
2020-03-16,Mendocino,045,87422,2,0,0,0,0
2020-03-16,Merced,047,269075,7,0,0,0,0
2020-03-16,Modoc,049,8938,0,0,0,0,0
2020-03-16,Mono,051,14174,7,0,0,0,0
2020-03-16,Monterey,053,433212,28,0,0,0,0
2020-03-16,Napa,055,140530,7,0,0,0,0
2020-03-16,Nevada,057,99092,11,1,1,2,0
2020-03-16,Orange,059,3164182,416,18,3,21,0
2020-03-16,Placer,061,380077,39,7,0,7,1
2020-03-16,Plumas,063,18699,0,0,0,0,0
2020-03-16,Riverside,065,2383286,235,10,5,15,0
2020-03-16,Sacramento,067,1510023,210,34,0,34,1
2020-03-16,San Benito,069,59416,8,2,0,2,0
2020-03-16,San Bernardino,071,2135413,143,1,0,1,0
2020-03-16,San Diego,073,3302833,523,17,0,17,0
2020-03-16,San Francisco,075,870044,279,40,0,40,0
2020-03-16,San Joaquin,077,732212,74,9,3,12,0
2020-03-16,San Luis Obispo,079,281455,55,1,0,1,0
2020-03-16,San Mateo,081,765935,269,42,2,44,1
2020-03-16,Santa Barbara,083,443738,55,0,0,0,0
2020-03-16,Santa Clara,085,1922200,659,115,1,116,2
2020-03-16,Santa Cruz,087,273765,45,9,0,9,0
2020-03-16,Shasta,089,179085,5,1,0,1,0
2020-03-16,Sierra,091,2930,0,0,0,0,0
2020-03-16,Siskiyou,093,43540,2,0,0,0,0
2020-03-16,Solano,095,438530,43,27,0,27,0
2020-03-16,Sonoma,097,501317,62,4,0,4,0
2020-03-16,Stanislaus,099,539301,27,2,2,4,0
2020-03-16,Sutter,101,95872,3,0,0,0,0
2020-03-16,Tehama,103,63373,0,0,0,0,0
2020-03-16,Trinity,105,12862,0,0,0,0,0
2020-03-16,Tulare,107,460477,25,2,3,5,0
2020-03-16,Tuolumne,109,53932,2,0,0,0,0
2020-03-16,Ventura,111,848112,88,7,0,7,0
2020-03-16,Yolo,113,214977,18,2,0,2,0
2020-03-16,Yuba,115,75493,3,0,0,0,0
2020-03-15,Alameda,001,1643700,214,17,0,17,0
2020-03-15,Alpine,002,1148,0,0,0,0,0
2020-03-15,Amador,005,37829,1,0,0,0,0
2020-03-15,Butte,007,227075,3,0,0,0,0
2020-03-15,Calaveras,009,45235,2,2,0,2,0
2020-03-15,Colusa,011,21464,0,0,0,0,0
2020-03-15,Contra Costa,013,1133247,164,34,0,34,0
2020-03-15,Del Norte,015,27424,0,0,0,0,0
2020-03-15,El Dorado,017,186661,14,0,0,0,0
2020-03-15,Fresno,019,978130,33,1,1,2,0
2020-03-15,Glenn,021,27897,0,0,0,0,0
2020-03-15,Humboldt,023,135768,11,1,0,1,0
2020-03-15,Imperial,025,180216,14,2,0,2,0
2020-03-15,Inyo,027,18085,0,0,0,0,0
2020-03-15,Kern,029,883053,37,0,0,0,0
2020-03-15,Kings,031,150075,8,0,0,0,0
2020-03-15,Lake,033,64148,0,0,0,0,0
2020-03-15,Lassen,035,31185,1,0,0,0,0
2020-03-15,Los Angeles,037,10098052,1380,41,10,51,0
2020-03-15,Madera,039,155013,20,2,0,2,0
2020-03-15,Marin,041,260295,10,3,0,3,0
2020-03-15,Mariposa,043,17540,0,0,0,0,0
2020-03-15,Mendocino,045,87422,2,0,0,0,0
2020-03-15,Merced,047,269075,4,0,0,0,0
2020-03-15,Modoc,049,8938,0,0,0,0,0
2020-03-15,Mono,051,14174,6,0,0,0,0
2020-03-15,Monterey,053,433212,21,0,0,0,0
2020-03-15,Napa,055,140530,7,0,0,0,0
2020-03-15,Nevada,057,99092,11,0,1,1,0
2020-03-15,Orange,059,3164182,348,16,1,17,0
2020-03-15,Placer,061,380077,33,7,0,7,1
2020-03-15,Plumas,063,18699,0,0,0,0,0
2020-03-15,Riverside,065,2383286,183,10,5,15,0
2020-03-15,Sacramento,067,1510023,174,30,0,30,1
2020-03-15,San Benito,069,59416,8,2,0,2,0
2020-03-15,San Bernardino,071,2135413,121,0,0,0,0
2020-03-15,San Diego,073,3302833,436,16,0,16,0
2020-03-15,San Francisco,075,870044,221,31,0,31,0
2020-03-15,San Joaquin,077,732212,63,6,3,9,0
2020-03-15,San Luis Obispo,079,281455,45,1,0,1,0
2020-03-15,San Mateo,081,765935,235,29,1,30,1
2020-03-15,Santa Barbara,083,443738,46,0,0,0,0
2020-03-15,Santa Clara,085,1922200,587,79,1,80,2
2020-03-15,Santa Cruz,087,273765,38,8,0,8,0
2020-03-15,Shasta,089,179085,5,1,0,1,0
2020-03-15,Sierra,091,2930,0,0,0,0,0
2020-03-15,Siskiyou,093,43540,2,0,0,0,0
2020-03-15,Solano,095,438530,42,26,0,26,0
2020-03-15,Sonoma,097,501317,53,4,0,4,0
2020-03-15,Stanislaus,099,539301,26,2,2,4,0
2020-03-15,Sutter,101,95872,2,0,0,0,0
2020-03-15,Tehama,103,63373,0,0,0,0,0
2020-03-15,Trinity,105,12862,0,0,0,0,0
2020-03-15,Tulare,107,460477,19,2,3,5,0
2020-03-15,Tuolumne,109,53932,1,0,0,0,0
2020-03-15,Ventura,111,848112,77,5,0,5,0
2020-03-15,Yolo,113,214977,15,2,0,2,0
2020-03-15,Yuba,115,75493,2,0,0,0,0
2020-03-14,Alameda,001,1643700,195,11,0,11,0
2020-03-14,Alpine,002,1148,0,0,0,0,0
2020-03-14,Amador,005,37829,1,0,0,0,0
2020-03-14,Butte,007,227075,2,0,0,0,0
2020-03-14,Calaveras,009,45235,2,2,0,2,0
2020-03-14,Colusa,011,21464,0,0,0,0,0
2020-03-14,Contra Costa,013,1133247,142,30,0,30,0
2020-03-14,Del Norte,015,27424,0,0,0,0,0
2020-03-14,El Dorado,017,186661,12,0,0,0,0
2020-03-14,Fresno,019,978130,25,1,1,2,0
2020-03-14,Glenn,021,27897,0,0,0,0,0
2020-03-14,Humboldt,023,135768,7,1,0,1,0
2020-03-14,Imperial,025,180216,10,2,0,2,0
2020-03-14,Inyo,027,18085,0,0,0,0,0
2020-03-14,Kern,029,883053,32,0,0,0,0
2020-03-14,Kings,031,150075,8,0,0,0,0
2020-03-14,Lake,033,64148,0,0,0,0,0
2020-03-14,Lassen,035,31185,1,0,0,0,0
2020-03-14,Los Angeles,037,10098052,1198,35,10,45,0
2020-03-14,Madera,039,155013,19,2,0,2,0
2020-03-14,Marin,041,260295,10,3,0,3,0
2020-03-14,Mariposa,043,17540,0,0,0,0,0
2020-03-14,Mendocino,045,87422,2,0,0,0,0
2020-03-14,Merced,047,269075,4,0,0,0,0
2020-03-14,Modoc,049,8938,0,0,0,0,0
2020-03-14,Mono,051,14174,5,0,0,0,0
2020-03-14,Monterey,053,433212,15,0,0,0,0
2020-03-14,Napa,055,140530,5,0,0,0,0
2020-03-14,Nevada,057,99092,8,0,1,1,0
2020-03-14,Orange,059,3164182,309,14,0,14,0
2020-03-14,Placer,061,380077,29,6,0,6,1
2020-03-14,Plumas,063,18699,0,0,0,0,0
2020-03-14,Riverside,065,2383286,163,10,5,15,0
2020-03-14,Sacramento,067,1510023,152,31,0,31,1
2020-03-14,San Benito,069,59416,8,2,0,2,0
2020-03-14,San Bernardino,071,2135413,102,0,0,0,0
2020-03-14,San Diego,073,3302833,361,10,0,10,0
2020-03-14,San Francisco,075,870044,200,29,0,29,0
2020-03-14,San Joaquin,077,732212,54,6,3,9,0
2020-03-14,San Luis Obispo,079,281455,40,0,0,0,0
2020-03-14,San Mateo,081,765935,212,27,1,28,0
2020-03-14,Santa Barbara,083,443738,37,0,0,0,0
2020-03-14,Santa Clara,085,1922200,532,62,1,63,2
2020-03-14,Santa Cruz,087,273765,33,8,0,8,0
2020-03-14,Shasta,089,179085,5,1,0,1,0
2020-03-14,Sierra,091,2930,0,0,0,0,0
2020-03-14,Siskiyou,093,43540,1,0,0,0,0
2020-03-14,Solano,095,438530,40,26,0,26,0
2020-03-14,Sonoma,097,501317,40,2,0,2,0
2020-03-14,Stanislaus,099,539301,22,2,2,4,0
2020-03-14,Sutter,101,95872,2,0,0,0,0
2020-03-14,Tehama,103,63373,0,0,0,0,0
2020-03-14,Trinity,105,12862,0,0,0,0,0
2020-03-14,Tulare,107,460477,17,2,2,4,0
2020-03-14,Tuolumne,109,53932,1,0,0,0,0
2020-03-14,Ventura,111,848112,68,5,0,5,0
2020-03-14,Yolo,113,214977,15,2,0,2,0
2020-03-14,Yuba,115,75493,1,0,0,0,0
2020-03-13,Alameda,001,1643700,176,12,0,12,0
2020-03-13,Alpine,002,1148,0,0,0,0,0
2020-03-13,Amador,005,37829,1,0,0,0,0
2020-03-13,Butte,007,227075,0,0,0,0,0
2020-03-13,Calaveras,009,45235,2,2,0,2,0
2020-03-13,Colusa,011,21464,0,0,0,0,0
2020-03-13,Contra Costa,013,1133247,128,22,0,22,0
2020-03-13,Del Norte,015,27424,0,0,0,0,0
2020-03-13,El Dorado,017,186661,11,0,0,0,0
2020-03-13,Fresno,019,978130,20,1,1,2,0
2020-03-13,Glenn,021,27897,0,0,0,0,0
2020-03-13,Humboldt,023,135768,7,1,0,1,0
2020-03-13,Imperial,025,180216,9,2,0,2,0
2020-03-13,Inyo,027,18085,0,0,0,0,0
2020-03-13,Kern,029,883053,27,0,0,0,0
2020-03-13,Kings,031,150075,7,0,0,0,0
2020-03-13,Lake,033,64148,0,0,0,0,0
2020-03-13,Lassen,035,31185,1,0,0,0,0
2020-03-13,Los Angeles,037,10098052,1041,30,8,38,0
2020-03-13,Madera,039,155013,18,1,0,1,0
2020-03-13,Marin,041,260295,10,3,0,3,0
2020-03-13,Mariposa,043,17540,0,0,0,0,0
2020-03-13,Mendocino,045,87422,2,0,0,0,0
2020-03-13,Merced,047,269075,2,0,0,0,0
2020-03-13,Modoc,049,8938,0,0,0,0,0
2020-03-13,Mono,051,14174,3,0,0,0,0
2020-03-13,Monterey,053,433212,10,0,0,0,0
2020-03-13,Napa,055,140530,3,0,0,0,0
2020-03-13,Nevada,057,99092,7,0,1,1,0
2020-03-13,Orange,059,3164182,269,10,0,10,0
2020-03-13,Placer,061,380077,27,6,0,6,1
2020-03-13,Plumas,063,18699,0,0,0,0,0
2020-03-13,Riverside,065,2383286,133,5,4,9,0
2020-03-13,Sacramento,067,1510023,130,18,0,18,1
2020-03-13,San Benito,069,59416,6,2,0,2,0
2020-03-13,San Bernardino,071,2135413,96,0,0,0,0
2020-03-13,San Diego,073,3302833,311,8,0,8,0
2020-03-13,San Francisco,075,870044,185,28,0,28,0
2020-03-13,San Joaquin,077,732212,50,6,3,9,0
2020-03-13,San Luis Obispo,079,281455,33,0,0,0,0
2020-03-13,San Mateo,081,765935,191,24,1,25,0
2020-03-13,Santa Barbara,083,443738,33,0,0,0,0
2020-03-13,Santa Clara,085,1922200,470,59,1,60,1
2020-03-13,Santa Cruz,087,273765,32,7,0,7,0
2020-03-13,Shasta,089,179085,3,1,0,1,0
2020-03-13,Sierra,091,2930,0,0,0,0,0
2020-03-13,Siskiyou,093,43540,0,0,0,0,0
2020-03-13,Solano,095,438530,39,26,0,26,0
2020-03-13,Sonoma,097,501317,39,2,0,2,0
2020-03-13,Stanislaus,099,539301,17,2,2,4,0
2020-03-13,Sutter,101,95872,2,0,0,0,0
2020-03-13,Tehama,103,63373,0,0,0,0,0
2020-03-13,Trinity,105,12862,0,0,0,0,0
2020-03-13,Tulare,107,460477,14,2,2,4,0
2020-03-13,Tuolumne,109,53932,1,0,0,0,0
2020-03-13,Ventura,111,848112,54,5,0,5,0
2020-03-13,Yolo,113,214977,14,1,0,1,0
2020-03-13,Yuba,115,75493,1,0,0,0,0
2020-03-12,Alameda,001,1643700,151,9,0,9,0
2020-03-12,Alpine,002,1148,0,0,0,0,0
2020-03-12,Amador,005,37829,1,0,0,0,0
2020-03-12,Butte,007,227075,0,0,0,0,0
2020-03-12,Calaveras,009,45235,2,2,0,2,0
2020-03-12,Colusa,011,21464,0,0,0,0,0
2020-03-12,Contra Costa,013,1133247,110,18,0,18,0
2020-03-12,Del Norte,015,27424,0,0,0,0,0
2020-03-12,El Dorado,017,186661,9,0,0,0,0
2020-03-12,Fresno,019,978130,12,1,1,2,0
2020-03-12,Glenn,021,27897,0,0,0,0,0
2020-03-12,Humboldt,023,135768,6,1,0,1,0
2020-03-12,Imperial,025,180216,8,2,0,2,0
2020-03-12,Inyo,027,18085,0,0,0,0,0
2020-03-12,Kern,029,883053,18,0,0,0,0
2020-03-12,Kings,031,150075,4,0,0,0,0
2020-03-12,Lake,033,64148,0,0,0,0,0
2020-03-12,Lassen,035,31185,1,0,0,0,0
2020-03-12,Los Angeles,037,10098052,877,30,8,38,0
2020-03-12,Madera,039,155013,15,1,0,1,0
2020-03-12,Marin,041,260295,7,1,0,1,0
2020-03-12,Mariposa,043,17540,0,0,0,0,0
2020-03-12,Mendocino,045,87422,2,0,0,0,0
2020-03-12,Merced,047,269075,2,0,0,0,0
2020-03-12,Modoc,049,8938,0,0,0,0,0
2020-03-12,Mono,051,14174,3,0,0,0,0
2020-03-12,Monterey,053,433212,8,0,0,0,0
2020-03-12,Napa,055,140530,3,0,0,0,0
2020-03-12,Nevada,057,99092,4,0,1,1,0
2020-03-12,Orange,059,3164182,232,7,0,7,0
2020-03-12,Placer,061,380077,23,6,0,6,1
2020-03-12,Plumas,063,18699,0,0,0,0,0
2020-03-12,Riverside,065,2383286,107,5,2,7,0
2020-03-12,Sacramento,067,1510023,106,17,0,17,1
2020-03-12,San Benito,069,59416,5,2,0,2,0
2020-03-12,San Bernardino,071,2135413,80,0,0,0,0
2020-03-12,San Diego,073,3302833,256,9,0,9,0
2020-03-12,San Francisco,075,870044,159,20,0,20,0
2020-03-12,San Joaquin,077,732212,44,3,3,6,1
2020-03-12,San Luis Obispo,079,281455,26,0,0,0,0
2020-03-12,San Mateo,081,765935,157,21,1,22,0
2020-03-12,Santa Barbara,083,443738,22,0,0,0,0
2020-03-12,Santa Clara,085,1922200,412,51,1,52,1
2020-03-12,Santa Cruz,087,273765,29,5,0,5,0
2020-03-12,Shasta,089,179085,2,1,0,1,0
2020-03-12,Sierra,091,2930,0,0,0,0,0
2020-03-12,Siskiyou,093,43540,0,0,0,0,0
2020-03-12,Solano,095,438530,34,26,0,26,0
2020-03-12,Sonoma,097,501317,34,2,0,2,0
2020-03-12,Stanislaus,099,539301,15,2,2,4,0
2020-03-12,Sutter,101,95872,0,0,0,0,0
2020-03-12,Tehama,103,63373,0,0,0,0,0
2020-03-12,Trinity,105,12862,0,0,0,0,0
2020-03-12,Tulare,107,460477,12,1,1,2,0
2020-03-12,Tuolumne,109,53932,1,0,0,0,0
2020-03-12,Ventura,111,848112,45,3,0,3,0
2020-03-12,Yolo,113,214977,13,1,0,1,0
2020-03-12,Yuba,115,75493,1,0,0,0,0
2020-03-11,Alameda,001,1643700,121,5,0,5,0
2020-03-11,Alpine,002,1148,0,0,0,0,0
2020-03-11,Amador,005,37829,1,0,0,0,0
2020-03-11,Butte,007,227075,0,0,0,0,0
2020-03-11,Calaveras,009,45235,2,2,0,2,0
2020-03-11,Colusa,011,21464,0,0,0,0,0
2020-03-11,Contra Costa,013,1133247,94,16,0,16,0
2020-03-11,Del Norte,015,27424,0,0,0,0,0
2020-03-11,El Dorado,017,186661,8,0,0,0,0
2020-03-11,Fresno,019,978130,9,1,1,2,0
2020-03-11,Glenn,021,27897,0,0,0,0,0
2020-03-11,Humboldt,023,135768,6,1,0,1,0
2020-03-11,Imperial,025,180216,6,0,0,0,0
2020-03-11,Inyo,027,18085,0,0,0,0,0
2020-03-11,Kern,029,883053,16,0,0,0,0
2020-03-11,Kings,031,150075,2,0,0,0,0
2020-03-11,Lake,033,64148,0,0,0,0,0
2020-03-11,Lassen,035,31185,1,0,0,0,0
2020-03-11,Los Angeles,037,10098052,704,21,8,29,0
2020-03-11,Madera,039,155013,12,1,0,1,0
2020-03-11,Marin,041,260295,7,1,0,1,0
2020-03-11,Mariposa,043,17540,0,0,0,0,0
2020-03-11,Mendocino,045,87422,1,0,0,0,0
2020-03-11,Merced,047,269075,2,0,0,0,0
2020-03-11,Modoc,049,8938,0,0,0,0,0
2020-03-11,Mono,051,14174,3,0,0,0,0
2020-03-11,Monterey,053,433212,7,0,0,0,0
2020-03-11,Napa,055,140530,2,0,0,0,0
2020-03-11,Nevada,057,99092,4,0,1,1,0
2020-03-11,Orange,059,3164182,203,6,0,6,0
2020-03-11,Placer,061,380077,18,6,0,6,1
2020-03-11,Plumas,063,18699,0,0,0,0,0
2020-03-11,Riverside,065,2383286,81,4,1,5,0
2020-03-11,Sacramento,067,1510023,88,9,0,9,1
2020-03-11,San Benito,069,59416,5,2,0,2,0
2020-03-11,San Bernardino,071,2135413,73,0,0,0,0
2020-03-11,San Diego,073,3302833,206,4,0,4,0
2020-03-11,San Francisco,075,870044,127,17,0,17,0
2020-03-11,San Joaquin,077,732212,33,1,3,4,0
2020-03-11,San Luis Obispo,079,281455,23,0,0,0,0
2020-03-11,San Mateo,081,765935,139,16,0,16,0
2020-03-11,Santa Barbara,083,443738,13,0,0,0,0
2020-03-11,Santa Clara,085,1922200,371,48,1,49,1
2020-03-11,Santa Cruz,087,273765,26,2,0,2,0
2020-03-11,Shasta,089,179085,2,1,0,1,0
2020-03-11,Sierra,091,2930,0,0,0,0,0
2020-03-11,Siskiyou,093,43540,0,0,0,0,0
2020-03-11,Solano,095,438530,29,26,0,26,0
2020-03-11,Sonoma,097,501317,30,2,0,2,0
2020-03-11,Stanislaus,099,539301,15,2,2,4,0
2020-03-11,Sutter,101,95872,0,0,0,0,0
2020-03-11,Tehama,103,63373,0,0,0,0,0
2020-03-11,Trinity,105,12862,0,0,0,0,0
2020-03-11,Tulare,107,460477,10,0,1,1,0
2020-03-11,Tuolumne,109,53932,1,0,0,0,0
2020-03-11,Ventura,111,848112,37,3,0,3,0
2020-03-11,Yolo,113,214977,9,1,0,1,0
2020-03-11,Yuba,115,75493,1,0,0,0,0
2020-03-10,Alameda,001,1643700,101,4,0,4,0
2020-03-10,Alpine,002,1148,0,0,0,0,0
2020-03-10,Amador,005,37829,1,0,0,0,0
2020-03-10,Butte,007,227075,0,0,0,0,0
2020-03-10,Calaveras,009,45235,2,2,0,2,0
2020-03-10,Colusa,011,21464,0,0,0,0,0
2020-03-10,Contra Costa,013,1133247,84,11,0,11,0
2020-03-10,Del Norte,015,27424,0,0,0,0,0
2020-03-10,El Dorado,017,186661,7,0,0,0,0
2020-03-10,Fresno,019,978130,7,1,1,2,0
2020-03-10,Glenn,021,27897,0,0,0,0,0
2020-03-10,Humboldt,023,135768,6,1,0,1,0
2020-03-10,Imperial,025,180216,5,0,0,0,0
2020-03-10,Inyo,027,18085,0,0,0,0,0
2020-03-10,Kern,029,883053,11,0,0,0,0
2020-03-10,Kings,031,150075,2,0,0,0,0
2020-03-10,Lake,033,64148,0,0,0,0,0
2020-03-10,Lassen,035,31185,1,0,0,0,0
2020-03-10,Los Angeles,037,10098052,568,20,8,28,0
2020-03-10,Madera,039,155013,7,1,0,1,0
2020-03-10,Marin,041,260295,7,1,0,1,0
2020-03-10,Mariposa,043,17540,0,0,0,0,0
2020-03-10,Mendocino,045,87422,0,0,0,0,0
2020-03-10,Merced,047,269075,2,0,0,0,0
2020-03-10,Modoc,049,8938,0,0,0,0,0
2020-03-10,Mono,051,14174,3,0,0,0,0
2020-03-10,Monterey,053,433212,5,0,0,0,0
2020-03-10,Napa,055,140530,2,0,0,0,0
2020-03-10,Nevada,057,99092,3,0,1,1,0
2020-03-10,Orange,059,3164182,183,5,0,5,1
2020-03-10,Placer,061,380077,14,7,0,7,1
2020-03-10,Plumas,063,18699,0,0,0,0,0
2020-03-10,Riverside,065,2383286,59,4,1,5,0
2020-03-10,Sacramento,067,1510023,79,8,0,8,0
2020-03-10,San Benito,069,59416,5,2,0,2,0
2020-03-10,San Bernardino,071,2135413,65,0,0,0,0
2020-03-10,San Diego,073,3302833,163,3,0,3,0
2020-03-10,San Francisco,075,870044,94,16,0,16,0
2020-03-10,San Joaquin,077,732212,30,1,3,4,0
2020-03-10,San Luis Obispo,079,281455,15,0,0,0,0
2020-03-10,San Mateo,081,765935,123,11,0,11,0
2020-03-10,Santa Barbara,083,443738,10,0,0,0,0
2020-03-10,Santa Clara,085,1922200,322,45,1,46,1
2020-03-10,Santa Cruz,087,273765,22,2,0,2,0
2020-03-10,Shasta,089,179085,2,1,0,1,0
2020-03-10,Sierra,091,2930,0,0,0,0,0
2020-03-10,Siskiyou,093,43540,0,0,0,0,0
2020-03-10,Solano,095,438530,27,26,0,26,0
2020-03-10,Sonoma,097,501317,27,2,0,2,0
2020-03-10,Stanislaus,099,539301,11,0,2,2,0
2020-03-10,Sutter,101,95872,0,0,0,0,0
2020-03-10,Tehama,103,63373,0,0,0,0,0
2020-03-10,Trinity,105,12862,0,0,0,0,0
2020-03-10,Tulare,107,460477,9,0,1,1,0
2020-03-10,Tuolumne,109,53932,1,0,0,0,0
2020-03-10,Ventura,111,848112,29,1,0,1,0
2020-03-10,Yolo,113,214977,6,2,0,2,0
2020-03-10,Yuba,115,75493,1,0,0,0,0
2020-03-09,Alameda,001,1643700,73,4,0,4,0
2020-03-09,Alpine,002,1148,0,0,0,0,0
2020-03-09,Amador,005,37829,0,0,0,0,0
2020-03-09,Butte,007,227075,0,0,0,0,0
2020-03-09,Calaveras,009,45235,2,0,0,0,0
2020-03-09,Colusa,011,21464,0,0,0,0,0
2020-03-09,Contra Costa,013,1133247,72,9,0,9,0
2020-03-09,Del Norte,015,27424,0,0,0,0,0
2020-03-09,El Dorado,017,186661,5,0,0,0,0
2020-03-09,Fresno,019,978130,7,1,1,2,0
2020-03-09,Glenn,021,27897,0,0,0,0,0
2020-03-09,Humboldt,023,135768,5,1,0,1,0
2020-03-09,Imperial,025,180216,5,0,0,0,0
2020-03-09,Inyo,027,18085,0,0,0,0,0
2020-03-09,Kern,029,883053,8,0,0,0,0
2020-03-09,Kings,031,150075,1,0,0,0,0
2020-03-09,Lake,033,64148,0,0,0,0,0
2020-03-09,Lassen,035,31185,1,0,0,0,0
2020-03-09,Los Angeles,037,10098052,464,17,7,24,0
2020-03-09,Madera,039,155013,7,1,0,1,0
2020-03-09,Marin,041,260295,7,1,0,1,0
2020-03-09,Mariposa,043,17540,0,0,0,0,0
2020-03-09,Mendocino,045,87422,0,0,0,0,0
2020-03-09,Merced,047,269075,2,0,0,0,0
2020-03-09,Modoc,049,8938,0,0,0,0,0
2020-03-09,Mono,051,14174,3,0,0,0,0
2020-03-09,Monterey,053,433212,3,0,0,0,0
2020-03-09,Napa,055,140530,2,0,0,0,0
2020-03-09,Nevada,057,99092,2,0,1,1,0
2020-03-09,Orange,059,3164182,155,4,0,4,0
2020-03-09,Placer,061,380077,12,7,0,7,1
2020-03-09,Plumas,063,18699,0,0,0,0,0
2020-03-09,Riverside,065,2383286,49,4,1,5,0
2020-03-09,Sacramento,067,1510023,75,8,0,8,0
2020-03-09,San Benito,069,59416,3,2,0,2,0
2020-03-09,San Bernardino,071,2135413,54,0,0,0,0
2020-03-09,San Diego,073,3302833,124,2,0,2,0
2020-03-09,San Francisco,075,870044,72,14,0,14,0
2020-03-09,San Joaquin,077,732212,21,0,3,3,0
2020-03-09,San Luis Obispo,079,281455,15,0,0,0,0
2020-03-09,San Mateo,081,765935,109,6,0,6,0
2020-03-09,Santa Barbara,083,443738,8,0,0,0,0
2020-03-09,Santa Clara,085,1922200,278,42,1,43,1
2020-03-09,Santa Cruz,087,273765,19,2,0,2,0
2020-03-09,Shasta,089,179085,2,1,0,1,0
2020-03-09,Sierra,091,2930,0,0,0,0,0
2020-03-09,Siskiyou,093,43540,0,0,0,0,0
2020-03-09,Solano,095,438530,25,26,0,26,0
2020-03-09,Sonoma,097,501317,22,2,0,2,0
2020-03-09,Stanislaus,099,539301,11,0,2,2,0
2020-03-09,Sutter,101,95872,0,0,0,0,0
2020-03-09,Tehama,103,63373,0,0,0,0,0
2020-03-09,Trinity,105,12862,0,0,0,0,0
2020-03-09,Tulare,107,460477,9,0,1,1,0
2020-03-09,Tuolumne,109,53932,1,0,0,0,0
2020-03-09,Ventura,111,848112,25,1,0,1,0
2020-03-09,Yolo,113,214977,5,2,0,2,0
2020-03-09,Yuba,115,75493,0,0,0,0,0
2020-03-08,Alameda,001,1643700,48,4,0,4,0
2020-03-08,Alpine,002,1148,0,0,0,0,0
2020-03-08,Amador,005,37829,0,0,0,0,0
2020-03-08,Butte,007,227075,0,0,0,0,0
2020-03-08,Calaveras,009,45235,2,0,0,0,0
2020-03-08,Colusa,011,21464,0,0,0,0,0
2020-03-08,Contra Costa,013,1133247,58,9,0,9,0
2020-03-08,Del Norte,015,27424,0,0,0,0,0
2020-03-08,El Dorado,017,186661,5,0,0,0,0
2020-03-08,Fresno,019,978130,5,1,1,2,0
2020-03-08,Glenn,021,27897,0,0,0,0,0
2020-03-08,Humboldt,023,135768,5,1,0,1,0
2020-03-08,Imperial,025,180216,5,0,0,0,0
2020-03-08,Inyo,027,18085,0,0,0,0,0
2020-03-08,Kern,029,883053,8,0,0,0,0
2020-03-08,Kings,031,150075,0,0,0,0,0
2020-03-08,Lake,033,64148,0,0,0,0,0
2020-03-08,Lassen,035,31185,0,0,0,0,0
2020-03-08,Los Angeles,037,10098052,369,14,7,21,0
2020-03-08,Madera,039,155013,7,1,0,1,0
2020-03-08,Marin,041,260295,7,1,0,1,0
2020-03-08,Mariposa,043,17540,0,0,0,0,0
2020-03-08,Mendocino,045,87422,0,0,0,0,0
2020-03-08,Merced,047,269075,2,0,0,0,0
2020-03-08,Modoc,049,8938,0,0,0,0,0
2020-03-08,Mono,051,14174,3,0,0,0,0
2020-03-08,Monterey,053,433212,3,0,0,0,0
2020-03-08,Napa,055,140530,2,0,0,0,0
2020-03-08,Nevada,057,99092,1,0,1,1,0
2020-03-08,Orange,059,3164182,130,4,0,4,0
2020-03-08,Placer,061,380077,11,7,0,7,1
2020-03-08,Plumas,063,18699,0,0,0,0,0
2020-03-08,Riverside,065,2383286,41,1,1,2,0
2020-03-08,Sacramento,067,1510023,65,5,0,5,0
2020-03-08,San Benito,069,59416,3,2,0,2,0
2020-03-08,San Bernardino,071,2135413,43,0,0,0,0
2020-03-08,San Diego,073,3302833,90,2,0,2,0
2020-03-08,San Francisco,075,870044,53,9,0,9,0
2020-03-08,San Joaquin,077,732212,18,0,3,3,0
2020-03-08,San Luis Obispo,079,281455,9,0,0,0,0
2020-03-08,San Mateo,081,765935,96,4,0,4,0
2020-03-08,Santa Barbara,083,443738,5,0,0,0,0
2020-03-08,Santa Clara,085,1922200,236,36,1,37,0
2020-03-08,Santa Cruz,087,273765,17,1,0,1,0
2020-03-08,Shasta,089,179085,2,0,0,0,0
2020-03-08,Sierra,091,2930,0,0,0,0,0
2020-03-08,Siskiyou,093,43540,0,0,0,0,0
2020-03-08,Solano,095,438530,24,26,0,26,0
2020-03-08,Sonoma,097,501317,17,2,0,2,0
2020-03-08,Stanislaus,099,539301,10,0,2,2,0
2020-03-08,Sutter,101,95872,0,0,0,0,0
2020-03-08,Tehama,103,63373,0,0,0,0,0
2020-03-08,Trinity,105,12862,0,0,0,0,0
2020-03-08,Tulare,107,460477,9,0,0,0,0
2020-03-08,Tuolumne,109,53932,1,0,0,0,0
2020-03-08,Ventura,111,848112,21,1,0,1,0
2020-03-08,Yolo,113,214977,2,2,0,2,0
2020-03-08,Yuba,115,75493,0,0,0,0,0
2020-03-07,Alameda,001,1643700,43,3,0,3,0
2020-03-07,Alpine,002,1148,0,0,0,0,0
2020-03-07,Amador,005,37829,0,0,0,0,0
2020-03-07,Butte,007,227075,0,0,0,0,0
2020-03-07,Calaveras,009,45235,2,0,0,0,0
2020-03-07,Colusa,011,21464,0,0,0,0,0
2020-03-07,Contra Costa,013,1133247,55,4,0,4,0
2020-03-07,Del Norte,015,27424,0,0,0,0,0
2020-03-07,El Dorado,017,186661,4,0,0,0,0
2020-03-07,Fresno,019,978130,4,1,1,2,0
2020-03-07,Glenn,021,27897,0,0,0,0,0
2020-03-07,Humboldt,023,135768,5,1,0,1,0
2020-03-07,Imperial,025,180216,4,0,0,0,0
2020-03-07,Inyo,027,18085,0,0,0,0,0
2020-03-07,Kern,029,883053,7,0,0,0,0
2020-03-07,Kings,031,150075,0,0,0,0,0
2020-03-07,Lake,033,64148,0,0,0,0,0
2020-03-07,Lassen,035,31185,0,0,0,0,0
2020-03-07,Los Angeles,037,10098052,318,14,7,21,0
2020-03-07,Madera,039,155013,6,1,0,1,0
2020-03-07,Marin,041,260295,7,0,0,0,0
2020-03-07,Mariposa,043,17540,0,0,0,0,0
2020-03-07,Mendocino,045,87422,0,0,0,0,0
2020-03-07,Merced,047,269075,2,0,0,0,0
2020-03-07,Modoc,049,8938,0,0,0,0,0
2020-03-07,Mono,051,14174,3,0,0,0,0
2020-03-07,Monterey,053,433212,3,0,0,0,0
2020-03-07,Napa,055,140530,1,0,0,0,0
2020-03-07,Nevada,057,99092,1,0,1,1,0
2020-03-07,Orange,059,3164182,122,4,0,4,0
2020-03-07,Placer,061,380077,11,6,0,6,1
2020-03-07,Plumas,063,18699,0,0,0,0,0
2020-03-07,Riverside,065,2383286,31,0,1,1,0
2020-03-07,Sacramento,067,1510023,52,4,0,4,0
2020-03-07,San Benito,069,59416,3,2,0,2,0
2020-03-07,San Bernardino,071,2135413,41,0,0,0,0
2020-03-07,San Diego,073,3302833,72,2,0,2,0
2020-03-07,San Francisco,075,870044,47,9,0,9,0
2020-03-07,San Joaquin,077,732212,16,0,3,3,0
2020-03-07,San Luis Obispo,079,281455,6,0,0,0,0
2020-03-07,San Mateo,081,765935,86,1,0,1,0
2020-03-07,Santa Barbara,083,443738,5,0,0,0,0
2020-03-07,Santa Clara,085,1922200,206,31,1,32,0
2020-03-07,Santa Cruz,087,273765,17,1,0,1,0
2020-03-07,Shasta,089,179085,2,0,0,0,0
2020-03-07,Sierra,091,2930,0,0,0,0,0
2020-03-07,Siskiyou,093,43540,0,0,0,0,0
2020-03-07,Solano,095,438530,23,25,0,25,0
2020-03-07,Sonoma,097,501317,13,2,0,2,0
2020-03-07,Stanislaus,099,539301,9,0,2,2,0
2020-03-07,Sutter,101,95872,0,0,0,0,0
2020-03-07,Tehama,103,63373,0,0,0,0,0
2020-03-07,Trinity,105,12862,0,0,0,0,0
2020-03-07,Tulare,107,460477,6,0,0,0,0
2020-03-07,Tuolumne,109,53932,1,0,0,0,0
2020-03-07,Ventura,111,848112,18,1,0,1,0
2020-03-07,Yolo,113,214977,2,2,0,2,0
2020-03-07,Yuba,115,75493,0,0,0,0,0
2020-03-06,Alameda,001,1643700,41,3,0,3,0
2020-03-06,Alpine,002,1148,0,0,0,0,0
2020-03-06,Amador,005,37829,0,0,0,0,0
2020-03-06,Butte,007,227075,0,0,0,0,0
2020-03-06,Calaveras,009,45235,2,0,0,0,0
2020-03-06,Colusa,011,21464,0,0,0,0,0
2020-03-06,Contra Costa,013,1133247,46,4,0,4,0
2020-03-06,Del Norte,015,27424,0,0,0,0,0
2020-03-06,El Dorado,017,186661,3,0,0,0,0
2020-03-06,Fresno,019,978130,3,0,1,1,0
2020-03-06,Glenn,021,27897,0,0,0,0,0
2020-03-06,Humboldt,023,135768,4,1,0,1,0
2020-03-06,Imperial,025,180216,3,0,0,0,0
2020-03-06,Inyo,027,18085,0,0,0,0,0
2020-03-06,Kern,029,883053,6,0,0,0,0
2020-03-06,Kings,031,150075,0,0,0,0,0
2020-03-06,Lake,033,64148,0,0,0,0,0
2020-03-06,Lassen,035,31185,0,0,0,0,0
2020-03-06,Los Angeles,037,10098052,275,13,7,20,0
2020-03-06,Madera,039,155013,5,0,0,0,0
2020-03-06,Marin,041,260295,6,0,0,0,0
2020-03-06,Mariposa,043,17540,0,0,0,0,0
2020-03-06,Mendocino,045,87422,0,0,0,0,0
2020-03-06,Merced,047,269075,2,0,0,0,0
2020-03-06,Modoc,049,8938,0,0,0,0,0
2020-03-06,Mono,051,14174,1,0,0,0,0
2020-03-06,Monterey,053,433212,3,0,0,0,0
2020-03-06,Napa,055,140530,1,0,0,0,0
2020-03-06,Nevada,057,99092,1,0,1,1,0
2020-03-06,Orange,059,3164182,96,4,0,4,0
2020-03-06,Placer,061,380077,10,5,0,5,1
2020-03-06,Plumas,063,18699,0,0,0,0,0
2020-03-06,Riverside,065,2383286,30,0,1,1,0
2020-03-06,Sacramento,067,1510023,43,2,0,2,0
2020-03-06,San Benito,069,59416,3,2,0,2,0
2020-03-06,San Bernardino,071,2135413,39,0,0,0,0
2020-03-06,San Diego,073,3302833,59,2,0,2,0
2020-03-06,San Francisco,075,870044,41,2,0,2,0
2020-03-06,San Joaquin,077,732212,13,0,3,3,0
2020-03-06,San Luis Obispo,079,281455,4,0,0,0,0
2020-03-06,San Mateo,081,765935,78,1,0,1,0
2020-03-06,Santa Barbara,083,443738,3,0,0,0,0
2020-03-06,Santa Clara,085,1922200,188,20,1,21,0
2020-03-06,Santa Cruz,087,273765,15,0,0,0,0
2020-03-06,Shasta,089,179085,2,0,0,0,0
2020-03-06,Sierra,091,2930,0,0,0,0,0
2020-03-06,Siskiyou,093,43540,0,0,0,0,0
2020-03-06,Solano,095,438530,22,25,0,25,0
2020-03-06,Sonoma,097,501317,13,2,0,2,0
2020-03-06,Stanislaus,099,539301,5,0,2,2,0
2020-03-06,Sutter,101,95872,0,0,0,0,0
2020-03-06,Tehama,103,63373,0,0,0,0,0
2020-03-06,Trinity,105,12862,0,0,0,0,0
2020-03-06,Tulare,107,460477,6,0,0,0,0
2020-03-06,Tuolumne,109,53932,1,0,0,0,0
2020-03-06,Ventura,111,848112,15,1,0,1,0
2020-03-06,Yolo,113,214977,2,1,0,1,0
2020-03-06,Yuba,115,75493,0,0,0,0,0
2020-03-05,Alameda,001,1643700,35,2,0,2,0
2020-03-05,Alpine,002,1148,0,0,0,0,0
2020-03-05,Amador,005,37829,0,0,0,0,0
2020-03-05,Butte,007,227075,0,0,0,0,0
2020-03-05,Calaveras,009,45235,2,0,0,0,0
2020-03-05,Colusa,011,21464,0,0,0,0,0
2020-03-05,Contra Costa,013,1133247,39,1,0,1,0
2020-03-05,Del Norte,015,27424,0,0,0,0,0
2020-03-05,El Dorado,017,186661,1,0,0,0,0
2020-03-05,Fresno,019,978130,3,0,1,1,0
2020-03-05,Glenn,021,27897,0,0,0,0,0
2020-03-05,Humboldt,023,135768,4,1,0,1,0
2020-03-05,Imperial,025,180216,2,0,0,0,0
2020-03-05,Inyo,027,18085,0,0,0,0,0
2020-03-05,Kern,029,883053,6,0,0,0,0
2020-03-05,Kings,031,150075,0,0,0,0,0
2020-03-05,Lake,033,64148,0,0,0,0,0
2020-03-05,Lassen,035,31185,0,0,0,0,0
2020-03-05,Los Angeles,037,10098052,228,11,7,18,0
2020-03-05,Madera,039,155013,5,0,0,0,0
2020-03-05,Marin,041,260295,6,0,0,0,0
2020-03-05,Mariposa,043,17540,0,0,0,0,0
2020-03-05,Mendocino,045,87422,0,0,0,0,0
2020-03-05,Merced,047,269075,2,0,0,0,0
2020-03-05,Modoc,049,8938,0,0,0,0,0
2020-03-05,Mono,051,14174,1,0,0,0,0
2020-03-05,Monterey,053,433212,3,0,0,0,0
2020-03-05,Napa,055,140530,1,0,0,0,0
2020-03-05,Nevada,057,99092,0,0,1,1,0
2020-03-05,Orange,059,3164182,81,3,0,3,0
2020-03-05,Placer,061,380077,10,2,0,2,1
2020-03-05,Plumas,063,18699,0,0,0,0,0
2020-03-05,Riverside,065,2383286,27,0,1,1,0
2020-03-05,Sacramento,067,1510023,37,2,0,2,0
2020-03-05,San Benito,069,59416,1,2,0,2,0
2020-03-05,San Bernardino,071,2135413,34,0,0,0,0
2020-03-05,San Diego,073,3302833,52,2,0,2,0
2020-03-05,San Francisco,075,870044,31,2,0,2,0
2020-03-05,San Joaquin,077,732212,10,0,3,3,0
2020-03-05,San Luis Obispo,079,281455,4,0,0,0,0
2020-03-05,San Mateo,081,765935,65,1,0,1,0
2020-03-05,Santa Barbara,083,443738,2,0,0,0,0
2020-03-05,Santa Clara,085,1922200,164,14,1,15,0
2020-03-05,Santa Cruz,087,273765,13,0,0,0,0
2020-03-05,Shasta,089,179085,2,0,0,0,0
2020-03-05,Sierra,091,2930,0,0,0,0,0
2020-03-05,Siskiyou,093,43540,0,0,0,0,0
2020-03-05,Solano,095,438530,22,24,0,24,0
2020-03-05,Sonoma,097,501317,12,2,0,2,0
2020-03-05,Stanislaus,099,539301,4,0,2,2,0
2020-03-05,Sutter,101,95872,0,0,0,0,0
2020-03-05,Tehama,103,63373,0,0,0,0,0
2020-03-05,Trinity,105,12862,0,0,0,0,0
2020-03-05,Tulare,107,460477,6,0,0,0,0
2020-03-05,Tuolumne,109,53932,1,0,0,0,0
2020-03-05,Ventura,111,848112,13,0,0,0,0
2020-03-05,Yolo,113,214977,2,0,0,0,0
2020-03-05,Yuba,115,75493,0,0,0,0,0
2020-03-04,Alameda,001,1643700,31,2,0,2,0
2020-03-04,Alpine,002,1148,0,0,0,0,0
2020-03-04,Amador,005,37829,0,0,0,0,0
2020-03-04,Butte,007,227075,0,0,0,0,0
2020-03-04,Calaveras,009,45235,0,0,0,0,0
2020-03-04,Colusa,011,21464,0,0,0,0,0
2020-03-04,Contra Costa,013,1133247,34,1,0,1,0
2020-03-04,Del Norte,015,27424,0,0,0,0,0
2020-03-04,El Dorado,017,186661,1,0,0,0,0
2020-03-04,Fresno,019,978130,3,0,1,1,0
2020-03-04,Glenn,021,27897,0,0,0,0,0
2020-03-04,Humboldt,023,135768,1,1,0,1,0
2020-03-04,Imperial,025,180216,2,0,0,0,0
2020-03-04,Inyo,027,18085,0,0,0,0,0
2020-03-04,Kern,029,883053,6,0,0,0,0
2020-03-04,Kings,031,150075,0,0,0,0,0
2020-03-04,Lake,033,64148,0,0,0,0,0
2020-03-04,Lassen,035,31185,0,0,0,0,0
2020-03-04,Los Angeles,037,10098052,192,7,7,14,0
2020-03-04,Madera,039,155013,5,0,0,0,0
2020-03-04,Marin,041,260295,6,0,0,0,0
2020-03-04,Mariposa,043,17540,0,0,0,0,0
2020-03-04,Mendocino,045,87422,0,0,0,0,0
2020-03-04,Merced,047,269075,2,0,0,0,0
2020-03-04,Modoc,049,8938,0,0,0,0,0
2020-03-04,Mono,051,14174,1,0,0,0,0
2020-03-04,Monterey,053,433212,3,0,0,0,0
2020-03-04,Napa,055,140530,1,0,0,0,0
2020-03-04,Nevada,057,99092,0,0,1,1,0
2020-03-04,Orange,059,3164182,78,3,0,3,0
2020-03-04,Placer,061,380077,9,2,0,2,1
2020-03-04,Plumas,063,18699,0,0,0,0,0
2020-03-04,Riverside,065,2383286,23,0,1,1,0
2020-03-04,Sacramento,067,1510023,32,1,0,1,0
2020-03-04,San Benito,069,59416,1,2,0,2,0
2020-03-04,San Bernardino,071,2135413,31,0,0,0,0
2020-03-04,San Diego,073,3302833,39,2,0,2,0
2020-03-04,San Francisco,075,870044,26,0,0,0,0
2020-03-04,San Joaquin,077,732212,9,0,3,3,0
2020-03-04,San Luis Obispo,079,281455,4,0,0,0,0
2020-03-04,San Mateo,081,765935,60,1,0,1,0
2020-03-04,Santa Barbara,083,443738,2,0,0,0,0
2020-03-04,Santa Clara,085,1922200,147,12,1,13,0
2020-03-04,Santa Cruz,087,273765,13,0,0,0,0
2020-03-04,Shasta,089,179085,2,0,0,0,0
2020-03-04,Sierra,091,2930,0,0,0,0,0
2020-03-04,Siskiyou,093,43540,0,0,0,0,0
2020-03-04,Solano,095,438530,21,24,0,24,0
2020-03-04,Sonoma,097,501317,11,2,0,2,0
2020-03-04,Stanislaus,099,539301,4,0,2,2,0
2020-03-04,Sutter,101,95872,0,0,0,0,0
2020-03-04,Tehama,103,63373,0,0,0,0,0
2020-03-04,Trinity,105,12862,0,0,0,0,0
2020-03-04,Tulare,107,460477,6,0,0,0,0
2020-03-04,Tuolumne,109,53932,0,0,0,0,0
2020-03-04,Ventura,111,848112,12,0,0,0,0
2020-03-04,Yolo,113,214977,2,0,0,0,0
2020-03-04,Yuba,115,75493,0,0,0,0,0
2020-03-03,Alameda,001,1643700,25,2,0,2,0
2020-03-03,Alpine,002,1148,0,0,0,0,0
2020-03-03,Amador,005,37829,0,0,0,0,0
2020-03-03,Butte,007,227075,0,0,0,0,0
2020-03-03,Calaveras,009,45235,0,0,0,0,0
2020-03-03,Colusa,011,21464,0,0,0,0,0
2020-03-03,Contra Costa,013,1133247,30,0,0,0,0
2020-03-03,Del Norte,015,27424,0,0,0,0,0
2020-03-03,El Dorado,017,186661,1,0,0,0,0
2020-03-03,Fresno,019,978130,2,0,1,1,0
2020-03-03,Glenn,021,27897,0,0,0,0,0
2020-03-03,Humboldt,023,135768,1,1,0,1,0
2020-03-03,Imperial,025,180216,2,0,0,0,0
2020-03-03,Inyo,027,18085,0,0,0,0,0
2020-03-03,Kern,029,883053,4,0,0,0,0
2020-03-03,Kings,031,150075,0,0,0,0,0
2020-03-03,Lake,033,64148,0,0,0,0,0
2020-03-03,Lassen,035,31185,0,0,0,0,0
2020-03-03,Los Angeles,037,10098052,173,5,7,12,0
2020-03-03,Madera,039,155013,4,0,0,0,0
2020-03-03,Marin,041,260295,5,0,0,0,0
2020-03-03,Mariposa,043,17540,0,0,0,0,0
2020-03-03,Mendocino,045,87422,0,0,0,0,0
2020-03-03,Merced,047,269075,2,0,0,0,0
2020-03-03,Modoc,049,8938,0,0,0,0,0
2020-03-03,Mono,051,14174,1,0,0,0,0
2020-03-03,Monterey,053,433212,2,0,0,0,0
2020-03-03,Napa,055,140530,1,0,0,0,0
2020-03-03,Nevada,057,99092,0,0,1,1,0
2020-03-03,Orange,059,3164182,70,1,0,1,0
2020-03-03,Placer,061,380077,8,2,0,2,0
2020-03-03,Plumas,063,18699,0,0,0,0,0
2020-03-03,Riverside,065,2383286,20,0,1,1,0
2020-03-03,Sacramento,067,1510023,31,1,0,1,0
2020-03-03,San Benito,069,59416,1,2,0,2,0
2020-03-03,San Bernardino,071,2135413,28,0,0,0,0
2020-03-03,San Diego,073,3302833,32,2,0,2,0
2020-03-03,San Francisco,075,870044,24,0,0,0,0
2020-03-03,San Joaquin,077,732212,8,0,3,3,0
2020-03-03,San Luis Obispo,079,281455,2,0,0,0,0
2020-03-03,San Mateo,081,765935,53,1,0,1,0
2020-03-03,Santa Barbara,083,443738,1,0,0,0,0
2020-03-03,Santa Clara,085,1922200,132,11,1,12,0
2020-03-03,Santa Cruz,087,273765,10,0,0,0,0
2020-03-03,Shasta,089,179085,2,0,0,0,0
2020-03-03,Sierra,091,2930,0,0,0,0,0
2020-03-03,Siskiyou,093,43540,0,0,0,0,0
2020-03-03,Solano,095,438530,20,24,0,24,0
2020-03-03,Sonoma,097,501317,11,1,0,1,0
2020-03-03,Stanislaus,099,539301,4,0,2,2,0
2020-03-03,Sutter,101,95872,0,0,0,0,0
2020-03-03,Tehama,103,63373,0,0,0,0,0
2020-03-03,Trinity,105,12862,0,0,0,0,0
2020-03-03,Tulare,107,460477,6,0,0,0,0
2020-03-03,Tuolumne,109,53932,0,0,0,0,0
2020-03-03,Ventura,111,848112,11,0,0,0,0
2020-03-03,Yolo,113,214977,1,0,0,0,0
2020-03-03,Yuba,115,75493,0,0,0,0,0
2020-03-02,Alameda,001,1643700,22,1,0,1,0
2020-03-02,Alpine,002,1148,0,0,0,0,0
2020-03-02,Amador,005,37829,0,0,0,0,0
2020-03-02,Butte,007,227075,0,0,0,0,0
2020-03-02,Calaveras,009,45235,0,0,0,0,0
2020-03-02,Colusa,011,21464,0,0,0,0,0
2020-03-02,Contra Costa,013,1133247,27,0,0,0,0
2020-03-02,Del Norte,015,27424,0,0,0,0,0
2020-03-02,El Dorado,017,186661,1,0,0,0,0
2020-03-02,Fresno,019,978130,2,0,1,1,0
2020-03-02,Glenn,021,27897,0,0,0,0,0
2020-03-02,Humboldt,023,135768,1,1,0,1,0
2020-03-02,Imperial,025,180216,2,0,0,0,0
2020-03-02,Inyo,027,18085,0,0,0,0,0
2020-03-02,Kern,029,883053,4,0,0,0,0
2020-03-02,Kings,031,150075,0,0,0,0,0
2020-03-02,Lake,033,64148,0,0,0,0,0
2020-03-02,Lassen,035,31185,0,0,0,0,0
2020-03-02,Los Angeles,037,10098052,158,1,7,8,0
2020-03-02,Madera,039,155013,4,0,0,0,0
2020-03-02,Marin,041,260295,5,0,0,0,0
2020-03-02,Mariposa,043,17540,0,0,0,0,0
2020-03-02,Mendocino,045,87422,0,0,0,0,0
2020-03-02,Merced,047,269075,1,0,0,0,0
2020-03-02,Modoc,049,8938,0,0,0,0,0
2020-03-02,Mono,051,14174,1,0,0,0,0
2020-03-02,Monterey,053,433212,2,0,0,0,0
2020-03-02,Napa,055,140530,1,0,0,0,0
2020-03-02,Nevada,057,99092,0,0,1,1,0
2020-03-02,Orange,059,3164182,65,1,0,1,0
2020-03-02,Placer,061,380077,8,1,0,1,0
2020-03-02,Plumas,063,18699,0,0,0,0,0
2020-03-02,Riverside,065,2383286,19,0,1,1,0
2020-03-02,Sacramento,067,1510023,25,1,0,1,0
2020-03-02,San Benito,069,59416,1,2,0,2,0
2020-03-02,San Bernardino,071,2135413,28,0,0,0,0
2020-03-02,San Diego,073,3302833,26,2,0,2,0
2020-03-02,San Francisco,075,870044,17,0,0,0,0
2020-03-02,San Joaquin,077,732212,7,0,3,3,0
2020-03-02,San Luis Obispo,079,281455,2,0,0,0,0
2020-03-02,San Mateo,081,765935,44,1,0,1,0
2020-03-02,Santa Barbara,083,443738,1,0,0,0,0
2020-03-02,Santa Clara,085,1922200,110,7,1,8,0
2020-03-02,Santa Cruz,087,273765,9,0,0,0,0
2020-03-02,Shasta,089,179085,2,0,0,0,0
2020-03-02,Sierra,091,2930,0,0,0,0,0
2020-03-02,Siskiyou,093,43540,0,0,0,0,0
2020-03-02,Solano,095,438530,19,24,0,24,0
2020-03-02,Sonoma,097,501317,10,1,0,1,0
2020-03-02,Stanislaus,099,539301,2,0,2,2,0
2020-03-02,Sutter,101,95872,0,0,0,0,0
2020-03-02,Tehama,103,63373,0,0,0,0,0
2020-03-02,Trinity,105,12862,0,0,0,0,0
2020-03-02,Tulare,107,460477,6,0,0,0,0
2020-03-02,Tuolumne,109,53932,0,0,0,0,0
2020-03-02,Ventura,111,848112,10,0,0,0,0
2020-03-02,Yolo,113,214977,1,0,0,0,0
2020-03-02,Yuba,115,75493,0,0,0,0,0
2020-03-01,Alameda,001,1643700,21,1,0,1,0
2020-03-01,Alpine,002,1148,0,0,0,0,0
2020-03-01,Amador,005,37829,0,0,0,0,0
2020-03-01,Butte,007,227075,0,0,0,0,0
2020-03-01,Calaveras,009,45235,0,0,0,0,0
2020-03-01,Colusa,011,21464,0,0,0,0,0
2020-03-01,Contra Costa,013,1133247,24,0,0,0,0
2020-03-01,Del Norte,015,27424,0,0,0,0,0
2020-03-01,El Dorado,017,186661,1,0,0,0,0
2020-03-01,Fresno,019,978130,1,0,1,1,0
2020-03-01,Glenn,021,27897,0,0,0,0,0
2020-03-01,Humboldt,023,135768,1,1,0,1,0
2020-03-01,Imperial,025,180216,2,0,0,0,0
2020-03-01,Inyo,027,18085,0,0,0,0,0
2020-03-01,Kern,029,883053,2,0,0,0,0
2020-03-01,Kings,031,150075,0,0,0,0,0
2020-03-01,Lake,033,64148,0,0,0,0,0
2020-03-01,Lassen,035,31185,0,0,0,0,0
2020-03-01,Los Angeles,037,10098052,139,1,7,8,0
2020-03-01,Madera,039,155013,2,0,0,0,0
2020-03-01,Marin,041,260295,4,0,0,0,0
2020-03-01,Mariposa,043,17540,0,0,0,0,0
2020-03-01,Mendocino,045,87422,0,0,0,0,0
2020-03-01,Merced,047,269075,1,0,0,0,0
2020-03-01,Modoc,049,8938,0,0,0,0,0
2020-03-01,Mono,051,14174,1,0,0,0,0
2020-03-01,Monterey,053,433212,1,0,0,0,0
2020-03-01,Napa,055,140530,1,0,0,0,0
2020-03-01,Nevada,057,99092,0,0,1,1,0
2020-03-01,Orange,059,3164182,62,1,0,1,0
2020-03-01,Placer,061,380077,8,0,0,0,0
2020-03-01,Plumas,063,18699,0,0,0,0,0
2020-03-01,Riverside,065,2383286,18,0,1,1,0
2020-03-01,Sacramento,067,1510023,21,1,0,1,0
2020-03-01,San Benito,069,59416,0,2,0,2,0
2020-03-01,San Bernardino,071,2135413,27,0,0,0,0
2020-03-01,San Diego,073,3302833,19,2,0,2,0
2020-03-01,San Francisco,075,870044,13,0,0,0,0
2020-03-01,San Joaquin,077,732212,7,0,3,3,0
2020-03-01,San Luis Obispo,079,281455,2,0,0,0,0
2020-03-01,San Mateo,081,765935,36,0,0,0,0
2020-03-01,Santa Barbara,083,443738,1,0,0,0,0
2020-03-01,Santa Clara,085,1922200,97,6,1,7,0
2020-03-01,Santa Cruz,087,273765,8,0,0,0,0
2020-03-01,Shasta,089,179085,2,0,0,0,0
2020-03-01,Sierra,091,2930,0,0,0,0,0
2020-03-01,Siskiyou,093,43540,0,0,0,0,0
2020-03-01,Solano,095,438530,19,24,0,24,0
2020-03-01,Sonoma,097,501317,9,0,0,0,0
2020-03-01,Stanislaus,099,539301,2,0,2,2,0
2020-03-01,Sutter,101,95872,0,0,0,0,0
2020-03-01,Tehama,103,63373,0,0,0,0,0
2020-03-01,Trinity,105,12862,0,0,0,0,0
2020-03-01,Tulare,107,460477,6,0,0,0,0
2020-03-01,Tuolumne,109,53932,0,0,0,0,0
2020-03-01,Ventura,111,848112,8,0,0,0,0
2020-03-01,Yolo,113,214977,1,0,0,0,0
2020-03-01,Yuba,115,75493,0,0,0,0,0
2020-02-29,Alameda,001,1643700,17,0,0,0,0
2020-02-29,Alpine,002,1148,0,0,0,0,0
2020-02-29,Amador,005,37829,0,0,0,0,0
2020-02-29,Butte,007,227075,0,0,0,0,0
2020-02-29,Calaveras,009,45235,0,0,0,0,0
2020-02-29,Colusa,011,21464,0,0,0,0,0
2020-02-29,Contra Costa,013,1133247,20,0,0,0,0
2020-02-29,Del Norte,015,27424,0,0,0,0,0
2020-02-29,El Dorado,017,186661,1,0,0,0,0
2020-02-29,Fresno,019,978130,1,0,0,0,0
2020-02-29,Glenn,021,27897,0,0,0,0,0
2020-02-29,Humboldt,023,135768,1,1,0,1,0
2020-02-29,Imperial,025,180216,1,0,0,0,0
2020-02-29,Inyo,027,18085,0,0,0,0,0
2020-02-29,Kern,029,883053,2,0,0,0,0
2020-02-29,Kings,031,150075,0,0,0,0,0
2020-02-29,Lake,033,64148,0,0,0,0,0
2020-02-29,Lassen,035,31185,0,0,0,0,0
2020-02-29,Los Angeles,037,10098052,111,1,7,8,0
2020-02-29,Madera,039,155013,2,0,0,0,0
2020-02-29,Marin,041,260295,4,0,0,0,0
2020-02-29,Mariposa,043,17540,0,0,0,0,0
2020-02-29,Mendocino,045,87422,0,0,0,0,0
2020-02-29,Merced,047,269075,1,0,0,0,0
2020-02-29,Modoc,049,8938,0,0,0,0,0
2020-02-29,Mono,051,14174,1,0,0,0,0
2020-02-29,Monterey,053,433212,1,0,0,0,0
2020-02-29,Napa,055,140530,1,0,0,0,0
2020-02-29,Nevada,057,99092,0,0,1,1,0
2020-02-29,Orange,059,3164182,57,1,0,1,0
2020-02-29,Placer,061,380077,7,0,0,0,0
2020-02-29,Plumas,063,18699,0,0,0,0,0
2020-02-29,Riverside,065,2383286,15,0,1,1,0
2020-02-29,Sacramento,067,1510023,16,1,0,1,0
2020-02-29,San Benito,069,59416,0,2,0,2,0
2020-02-29,San Bernardino,071,2135413,25,0,0,0,0
2020-02-29,San Diego,073,3302833,14,2,0,2,0
2020-02-29,San Francisco,075,870044,12,0,0,0,0
2020-02-29,San Joaquin,077,732212,6,0,3,3,0
2020-02-29,San Luis Obispo,079,281455,2,0,0,0,0
2020-02-29,San Mateo,081,765935,29,0,0,0,0
2020-02-29,Santa Barbara,083,443738,0,0,0,0,0
2020-02-29,Santa Clara,085,1922200,75,3,1,4,0
2020-02-29,Santa Cruz,087,273765,8,0,0,0,0
2020-02-29,Shasta,089,179085,2,0,0,0,0
2020-02-29,Sierra,091,2930,0,0,0,0,0
2020-02-29,Siskiyou,093,43540,0,0,0,0,0
2020-02-29,Solano,095,438530,18,23,0,23,0
2020-02-29,Sonoma,097,501317,6,0,0,0,0
2020-02-29,Stanislaus,099,539301,2,0,2,2,0
2020-02-29,Sutter,101,95872,0,0,0,0,0
2020-02-29,Tehama,103,63373,0,0,0,0,0
2020-02-29,Trinity,105,12862,0,0,0,0,0
2020-02-29,Tulare,107,460477,4,0,0,0,0
2020-02-29,Tuolumne,109,53932,0,0,0,0,0
2020-02-29,Ventura,111,848112,6,0,0,0,0
2020-02-29,Yolo,113,214977,1,0,0,0,0
2020-02-29,Yuba,115,75493,0,0,0,0,0
2020-02-28,Alameda,001,1643700,15,0,0,0,0
2020-02-28,Alpine,002,1148,0,0,0,0,0
2020-02-28,Amador,005,37829,0,0,0,0,0
2020-02-28,Butte,007,227075,0,0,0,0,0
2020-02-28,Calaveras,009,45235,0,0,0,0,0
2020-02-28,Colusa,011,21464,0,0,0,0,0
2020-02-28,Contra Costa,013,1133247,20,0,0,0,0
2020-02-28,Del Norte,015,27424,0,0,0,0,0
2020-02-28,El Dorado,017,186661,0,0,0,0,0
2020-02-28,Fresno,019,978130,1,0,0,0,0
2020-02-28,Glenn,021,27897,0,0,0,0,0
2020-02-28,Humboldt,023,135768,1,1,0,1,0
2020-02-28,Imperial,025,180216,1,0,0,0,0
2020-02-28,Inyo,027,18085,0,0,0,0,0
2020-02-28,Kern,029,883053,2,0,0,0,0
2020-02-28,Kings,031,150075,0,0,0,0,0
2020-02-28,Lake,033,64148,0,0,0,0,0
2020-02-28,Lassen,035,31185,0,0,0,0,0
2020-02-28,Los Angeles,037,10098052,103,1,7,8,0
2020-02-28,Madera,039,155013,2,0,0,0,0
2020-02-28,Marin,041,260295,2,0,0,0,0
2020-02-28,Mariposa,043,17540,0,0,0,0,0
2020-02-28,Mendocino,045,87422,0,0,0,0,0
2020-02-28,Merced,047,269075,1,0,0,0,0
2020-02-28,Modoc,049,8938,0,0,0,0,0
2020-02-28,Mono,051,14174,0,0,0,0,0
2020-02-28,Monterey,053,433212,1,0,0,0,0
2020-02-28,Napa,055,140530,1,0,0,0,0
2020-02-28,Nevada,057,99092,0,0,1,1,0
2020-02-28,Orange,059,3164182,55,1,0,1,0
2020-02-28,Placer,061,380077,7,0,0,0,0
2020-02-28,Plumas,063,18699,0,0,0,0,0
2020-02-28,Riverside,065,2383286,13,0,1,1,0
2020-02-28,Sacramento,067,1510023,10,1,0,1,0
2020-02-28,San Benito,069,59416,0,2,0,2,0
2020-02-28,San Bernardino,071,2135413,25,0,0,0,0
2020-02-28,San Diego,073,3302833,11,2,0,2,0
2020-02-28,San Francisco,075,870044,10,0,0,0,0
2020-02-28,San Joaquin,077,732212,6,0,3,3,0
2020-02-28,San Luis Obispo,079,281455,2,0,0,0,0
2020-02-28,San Mateo,081,765935,24,0,0,0,0
2020-02-28,Santa Barbara,083,443738,0,0,0,0,0
2020-02-28,Santa Clara,085,1922200,70,3,1,4,0
2020-02-28,Santa Cruz,087,273765,8,0,0,0,0
2020-02-28,Shasta,089,179085,2,0,0,0,0
2020-02-28,Sierra,091,2930,0,0,0,0,0
2020-02-28,Siskiyou,093,43540,0,0,0,0,0
2020-02-28,Solano,095,438530,17,23,0,23,0
2020-02-28,Sonoma,097,501317,6,0,0,0,0
2020-02-28,Stanislaus,099,539301,2,0,2,2,0
2020-02-28,Sutter,101,95872,0,0,0,0,0
2020-02-28,Tehama,103,63373,0,0,0,0,0
2020-02-28,Trinity,105,12862,0,0,0,0,0
2020-02-28,Tulare,107,460477,3,0,0,0,0
2020-02-28,Tuolumne,109,53932,0,0,0,0,0
2020-02-28,Ventura,111,848112,6,0,0,0,0
2020-02-28,Yolo,113,214977,1,0,0,0,0
2020-02-28,Yuba,115,75493,0,0,0,0,0
2020-02-27,Alameda,001,1643700,14,0,0,0,0
2020-02-27,Alpine,002,1148,0,0,0,0,0
2020-02-27,Amador,005,37829,0,0,0,0,0
2020-02-27,Butte,007,227075,0,0,0,0,0
2020-02-27,Calaveras,009,45235,0,0,0,0,0
2020-02-27,Colusa,011,21464,0,0,0,0,0
2020-02-27,Contra Costa,013,1133247,14,0,0,0,0
2020-02-27,Del Norte,015,27424,0,0,0,0,0
2020-02-27,El Dorado,017,186661,0,0,0,0,0
2020-02-27,Fresno,019,978130,1,0,0,0,0
2020-02-27,Glenn,021,27897,0,0,0,0,0
2020-02-27,Humboldt,023,135768,1,1,0,1,0
2020-02-27,Imperial,025,180216,1,0,0,0,0
2020-02-27,Inyo,027,18085,0,0,0,0,0
2020-02-27,Kern,029,883053,2,0,0,0,0
2020-02-27,Kings,031,150075,0,0,0,0,0
2020-02-27,Lake,033,64148,0,0,0,0,0
2020-02-27,Lassen,035,31185,0,0,0,0,0
2020-02-27,Los Angeles,037,10098052,95,1,7,8,0
2020-02-27,Madera,039,155013,2,0,0,0,0
2020-02-27,Marin,041,260295,1,0,0,0,0
2020-02-27,Mariposa,043,17540,0,0,0,0,0
2020-02-27,Mendocino,045,87422,0,0,0,0,0
2020-02-27,Merced,047,269075,1,0,0,0,0
2020-02-27,Modoc,049,8938,0,0,0,0,0
2020-02-27,Mono,051,14174,0,0,0,0,0
2020-02-27,Monterey,053,433212,1,0,0,0,0
2020-02-27,Napa,055,140530,1,0,0,0,0
2020-02-27,Nevada,057,99092,0,0,1,1,0
2020-02-27,Orange,059,3164182,49,1,0,1,0
2020-02-27,Placer,061,380077,6,0,0,0,0
2020-02-27,Plumas,063,18699,0,0,0,0,0
2020-02-27,Riverside,065,2383286,12,0,1,1,0
2020-02-27,Sacramento,067,1510023,10,1,0,1,0
2020-02-27,San Benito,069,59416,0,2,0,2,0
2020-02-27,San Bernardino,071,2135413,25,0,0,0,0
2020-02-27,San Diego,073,3302833,10,2,0,2,0
2020-02-27,San Francisco,075,870044,9,0,0,0,0
2020-02-27,San Joaquin,077,732212,5,0,3,3,0
2020-02-27,San Luis Obispo,079,281455,2,0,0,0,0
2020-02-27,San Mateo,081,765935,20,0,0,0,0
2020-02-27,Santa Barbara,083,443738,0,0,0,0,0
2020-02-27,Santa Clara,085,1922200,59,2,1,3,0
2020-02-27,Santa Cruz,087,273765,6,0,0,0,0
2020-02-27,Shasta,089,179085,0,0,0,0,0
2020-02-27,Sierra,091,2930,0,0,0,0,0
2020-02-27,Siskiyou,093,43540,0,0,0,0,0
2020-02-27,Solano,095,438530,17,23,0,23,0
2020-02-27,Sonoma,097,501317,5,0,0,0,0
2020-02-27,Stanislaus,099,539301,2,0,2,2,0
2020-02-27,Sutter,101,95872,0,0,0,0,0
2020-02-27,Tehama,103,63373,0,0,0,0,0
2020-02-27,Trinity,105,12862,0,0,0,0,0
2020-02-27,Tulare,107,460477,3,0,0,0,0
2020-02-27,Tuolumne,109,53932,0,0,0,0,0
2020-02-27,Ventura,111,848112,4,0,0,0,0
2020-02-27,Yolo,113,214977,1,0,0,0,0
2020-02-27,Yuba,115,75493,0,0,0,0,0
2020-02-26,Alameda,001,1643700,14,0,0,0,0
2020-02-26,Alpine,002,1148,0,0,0,0,0
2020-02-26,Amador,005,37829,0,0,0,0,0
2020-02-26,Butte,007,227075,0,0,0,0,0
2020-02-26,Calaveras,009,45235,0,0,0,0,0
2020-02-26,Colusa,011,21464,0,0,0,0,0
2020-02-26,Contra Costa,013,1133247,13,0,0,0,0
2020-02-26,Del Norte,015,27424,0,0,0,0,0
2020-02-26,El Dorado,017,186661,0,0,0,0,0
2020-02-26,Fresno,019,978130,1,0,0,0,0
2020-02-26,Glenn,021,27897,0,0,0,0,0
2020-02-26,Humboldt,023,135768,1,1,0,1,0
2020-02-26,Imperial,025,180216,1,0,0,0,0
2020-02-26,Inyo,027,18085,0,0,0,0,0
2020-02-26,Kern,029,883053,2,0,0,0,0
2020-02-26,Kings,031,150075,0,0,0,0,0
2020-02-26,Lake,033,64148,0,0,0,0,0
2020-02-26,Lassen,035,31185,0,0,0,0,0
2020-02-26,Los Angeles,037,10098052,89,1,7,8,0
2020-02-26,Madera,039,155013,2,0,0,0,0
2020-02-26,Marin,041,260295,1,0,0,0,0
2020-02-26,Mariposa,043,17540,0,0,0,0,0
2020-02-26,Mendocino,045,87422,0,0,0,0,0
2020-02-26,Merced,047,269075,1,0,0,0,0
2020-02-26,Modoc,049,8938,0,0,0,0,0
2020-02-26,Mono,051,14174,0,0,0,0,0
2020-02-26,Monterey,053,433212,1,0,0,0,0
2020-02-26,Napa,055,140530,0,0,0,0,0
2020-02-26,Nevada,057,99092,0,0,1,1,0
2020-02-26,Orange,059,3164182,48,1,0,1,0
2020-02-26,Placer,061,380077,5,0,0,0,0
2020-02-26,Plumas,063,18699,0,0,0,0,0
2020-02-26,Riverside,065,2383286,10,0,1,1,0
2020-02-26,Sacramento,067,1510023,10,1,0,1,0
2020-02-26,San Benito,069,59416,0,2,0,2,0
2020-02-26,San Bernardino,071,2135413,23,0,0,0,0
2020-02-26,San Diego,073,3302833,9,2,0,2,0
2020-02-26,San Francisco,075,870044,9,0,0,0,0
2020-02-26,San Joaquin,077,732212,5,0,3,3,0
2020-02-26,San Luis Obispo,079,281455,2,0,0,0,0
2020-02-26,San Mateo,081,765935,18,0,0,0,0
2020-02-26,Santa Barbara,083,443738,0,0,0,0,0
2020-02-26,Santa Clara,085,1922200,50,2,1,3,0
2020-02-26,Santa Cruz,087,273765,6,0,0,0,0
2020-02-26,Shasta,089,179085,0,0,0,0,0
2020-02-26,Sierra,091,2930,0,0,0,0,0
2020-02-26,Siskiyou,093,43540,0,0,0,0,0
2020-02-26,Solano,095,438530,17,23,0,23,0
2020-02-26,Sonoma,097,501317,5,0,0,0,0
2020-02-26,Stanislaus,099,539301,2,0,2,2,0
2020-02-26,Sutter,101,95872,0,0,0,0,0
2020-02-26,Tehama,103,63373,0,0,0,0,0
2020-02-26,Trinity,105,12862,0,0,0,0,0
2020-02-26,Tulare,107,460477,3,0,0,0,0
2020-02-26,Tuolumne,109,53932,0,0,0,0,0
2020-02-26,Ventura,111,848112,4,0,0,0,0
2020-02-26,Yolo,113,214977,1,0,0,0,0
2020-02-26,Yuba,115,75493,0,0,0,0,0
2020-02-25,Alameda,001,1643700,14,0,0,0,0
2020-02-25,Alpine,002,1148,0,0,0,0,0
2020-02-25,Amador,005,37829,0,0,0,0,0
2020-02-25,Butte,007,227075,0,0,0,0,0
2020-02-25,Calaveras,009,45235,0,0,0,0,0
2020-02-25,Colusa,011,21464,0,0,0,0,0
2020-02-25,Contra Costa,013,1133247,11,0,0,0,0
2020-02-25,Del Norte,015,27424,0,0,0,0,0
2020-02-25,El Dorado,017,186661,0,0,0,0,0
2020-02-25,Fresno,019,978130,1,0,0,0,0
2020-02-25,Glenn,021,27897,0,0,0,0,0
2020-02-25,Humboldt,023,135768,1,1,0,1,0
2020-02-25,Imperial,025,180216,1,0,0,0,0
2020-02-25,Inyo,027,18085,0,0,0,0,0
2020-02-25,Kern,029,883053,2,0,0,0,0
2020-02-25,Kings,031,150075,0,0,0,0,0
2020-02-25,Lake,033,64148,0,0,0,0,0
2020-02-25,Lassen,035,31185,0,0,0,0,0
2020-02-25,Los Angeles,037,10098052,77,1,6,7,0
2020-02-25,Madera,039,155013,2,0,0,0,0
2020-02-25,Marin,041,260295,1,0,0,0,0
2020-02-25,Mariposa,043,17540,0,0,0,0,0
2020-02-25,Mendocino,045,87422,0,0,0,0,0
2020-02-25,Merced,047,269075,0,0,0,0,0
2020-02-25,Modoc,049,8938,0,0,0,0,0
2020-02-25,Mono,051,14174,0,0,0,0,0
2020-02-25,Monterey,053,433212,1,0,0,0,0
2020-02-25,Napa,055,140530,0,0,0,0,0
2020-02-25,Nevada,057,99092,0,0,1,1,0
2020-02-25,Orange,059,3164182,47,1,0,1,0
2020-02-25,Placer,061,380077,5,0,0,0,0
2020-02-25,Plumas,063,18699,0,0,0,0,0
2020-02-25,Riverside,065,2383286,10,0,1,1,0
2020-02-25,Sacramento,067,1510023,8,1,0,1,0
2020-02-25,San Benito,069,59416,0,2,0,2,0
2020-02-25,San Bernardino,071,2135413,21,0,0,0,0
2020-02-25,San Diego,073,3302833,5,2,0,2,0
2020-02-25,San Francisco,075,870044,7,0,0,0,0
2020-02-25,San Joaquin,077,732212,5,0,2,2,0
2020-02-25,San Luis Obispo,079,281455,2,0,0,0,0
2020-02-25,San Mateo,081,765935,17,0,0,0,0
2020-02-25,Santa Barbara,083,443738,0,0,0,0,0
2020-02-25,Santa Clara,085,1922200,40,2,1,3,0
2020-02-25,Santa Cruz,087,273765,5,0,0,0,0
2020-02-25,Shasta,089,179085,0,0,0,0,0
2020-02-25,Sierra,091,2930,0,0,0,0,0
2020-02-25,Siskiyou,093,43540,0,0,0,0,0
2020-02-25,Solano,095,438530,16,21,0,21,0
2020-02-25,Sonoma,097,501317,5,0,0,0,0
2020-02-25,Stanislaus,099,539301,2,0,2,2,0
2020-02-25,Sutter,101,95872,0,0,0,0,0
2020-02-25,Tehama,103,63373,0,0,0,0,0
2020-02-25,Trinity,105,12862,0,0,0,0,0
2020-02-25,Tulare,107,460477,3,0,0,0,0
2020-02-25,Tuolumne,109,53932,0,0,0,0,0
2020-02-25,Ventura,111,848112,4,0,0,0,0
2020-02-25,Yolo,113,214977,1,0,0,0,0
2020-02-25,Yuba,115,75493,0,0,0,0,0
2020-02-24,Alameda,001,1643700,14,0,0,0,0
2020-02-24,Alpine,002,1148,0,0,0,0,0
2020-02-24,Amador,005,37829,0,0,0,0,0
2020-02-24,Butte,007,227075,0,0,0,0,0
2020-02-24,Calaveras,009,45235,0,0,0,0,0
2020-02-24,Colusa,011,21464,0,0,0,0,0
2020-02-24,Contra Costa,013,1133247,9,0,0,0,0
2020-02-24,Del Norte,015,27424,0,0,0,0,0
2020-02-24,El Dorado,017,186661,0,0,0,0,0
2020-02-24,Fresno,019,978130,1,0,0,0,0
2020-02-24,Glenn,021,27897,0,0,0,0,0
2020-02-24,Humboldt,023,135768,1,1,0,1,0
2020-02-24,Imperial,025,180216,1,0,0,0,0
2020-02-24,Inyo,027,18085,0,0,0,0,0
2020-02-24,Kern,029,883053,2,0,0,0,0
2020-02-24,Kings,031,150075,0,0,0,0,0
2020-02-24,Lake,033,64148,0,0,0,0,0
2020-02-24,Lassen,035,31185,0,0,0,0,0
2020-02-24,Los Angeles,037,10098052,71,1,6,7,0
2020-02-24,Madera,039,155013,1,0,0,0,0
2020-02-24,Marin,041,260295,1,0,0,0,0
2020-02-24,Mariposa,043,17540,0,0,0,0,0
2020-02-24,Mendocino,045,87422,0,0,0,0,0
2020-02-24,Merced,047,269075,0,0,0,0,0
2020-02-24,Modoc,049,8938,0,0,0,0,0
2020-02-24,Mono,051,14174,0,0,0,0,0
2020-02-24,Monterey,053,433212,1,0,0,0,0
2020-02-24,Napa,055,140530,0,0,0,0,0
2020-02-24,Nevada,057,99092,0,0,1,1,0
2020-02-24,Orange,059,3164182,45,1,0,1,0
2020-02-24,Placer,061,380077,3,0,0,0,0
2020-02-24,Plumas,063,18699,0,0,0,0,0
2020-02-24,Riverside,065,2383286,9,0,1,1,0
2020-02-24,Sacramento,067,1510023,7,1,0,1,0
2020-02-24,San Benito,069,59416,0,2,0,2,0
2020-02-24,San Bernardino,071,2135413,21,0,0,0,0
2020-02-24,San Diego,073,3302833,5,2,0,2,0
2020-02-24,San Francisco,075,870044,6,0,0,0,0
2020-02-24,San Joaquin,077,732212,5,0,1,1,0
2020-02-24,San Luis Obispo,079,281455,2,0,0,0,0
2020-02-24,San Mateo,081,765935,13,0,0,0,0
2020-02-24,Santa Barbara,083,443738,0,0,0,0,0
2020-02-24,Santa Clara,085,1922200,38,2,1,3,0
2020-02-24,Santa Cruz,087,273765,5,0,0,0,0
2020-02-24,Shasta,089,179085,0,0,0,0,0
2020-02-24,Sierra,091,2930,0,0,0,0,0
2020-02-24,Siskiyou,093,43540,0,0,0,0,0
2020-02-24,Solano,095,438530,13,15,0,15,0
2020-02-24,Sonoma,097,501317,5,0,0,0,0
2020-02-24,Stanislaus,099,539301,2,0,2,2,0
2020-02-24,Sutter,101,95872,0,0,0,0,0
2020-02-24,Tehama,103,63373,0,0,0,0,0
2020-02-24,Trinity,105,12862,0,0,0,0,0
2020-02-24,Tulare,107,460477,3,0,0,0,0
2020-02-24,Tuolumne,109,53932,0,0,0,0,0
2020-02-24,Ventura,111,848112,4,0,0,0,0
2020-02-24,Yolo,113,214977,1,0,0,0,0
2020-02-24,Yuba,115,75493,0,0,0,0,0
2020-02-23,Alameda,001,1643700,12,0,0,0,0
2020-02-23,Alpine,002,1148,0,0,0,0,0
2020-02-23,Amador,005,37829,0,0,0,0,0
2020-02-23,Butte,007,227075,0,0,0,0,0
2020-02-23,Calaveras,009,45235,0,0,0,0,0
2020-02-23,Colusa,011,21464,0,0,0,0,0
2020-02-23,Contra Costa,013,1133247,6,0,0,0,0
2020-02-23,Del Norte,015,27424,0,0,0,0,0
2020-02-23,El Dorado,017,186661,0,0,0,0,0
2020-02-23,Fresno,019,978130,1,0,0,0,0
2020-02-23,Glenn,021,27897,0,0,0,0,0
2020-02-23,Humboldt,023,135768,1,1,0,1,0
2020-02-23,Imperial,025,180216,1,0,0,0,0
2020-02-23,Inyo,027,18085,0,0,0,0,0
2020-02-23,Kern,029,883053,2,0,0,0,0
2020-02-23,Kings,031,150075,0,0,0,0,0
2020-02-23,Lake,033,64148,0,0,0,0,0
2020-02-23,Lassen,035,31185,0,0,0,0,0
2020-02-23,Los Angeles,037,10098052,63,1,6,7,0
2020-02-23,Madera,039,155013,1,0,0,0,0
2020-02-23,Marin,041,260295,1,0,0,0,0
2020-02-23,Mariposa,043,17540,0,0,0,0,0
2020-02-23,Mendocino,045,87422,0,0,0,0,0
2020-02-23,Merced,047,269075,0,0,0,0,0
2020-02-23,Modoc,049,8938,0,0,0,0,0
2020-02-23,Mono,051,14174,0,0,0,0,0
2020-02-23,Monterey,053,433212,1,0,0,0,0
2020-02-23,Napa,055,140530,0,0,0,0,0
2020-02-23,Nevada,057,99092,0,0,1,1,0
2020-02-23,Orange,059,3164182,45,1,0,1,0
2020-02-23,Placer,061,380077,3,0,0,0,0
2020-02-23,Plumas,063,18699,0,0,0,0,0
2020-02-23,Riverside,065,2383286,9,0,0,0,0
2020-02-23,Sacramento,067,1510023,6,1,0,1,0
2020-02-23,San Benito,069,59416,0,2,0,2,0
2020-02-23,San Bernardino,071,2135413,20,0,0,0,0
2020-02-23,San Diego,073,3302833,4,2,0,2,0
2020-02-23,San Francisco,075,870044,5,0,0,0,0
2020-02-23,San Joaquin,077,732212,4,0,1,1,0
2020-02-23,San Luis Obispo,079,281455,2,0,0,0,0
2020-02-23,San Mateo,081,765935,10,0,0,0,0
2020-02-23,Santa Barbara,083,443738,0,0,0,0,0
2020-02-23,Santa Clara,085,1922200,26,2,1,3,0
2020-02-23,Santa Cruz,087,273765,2,0,0,0,0
2020-02-23,Shasta,089,179085,0,0,0,0,0
2020-02-23,Sierra,091,2930,0,0,0,0,0
2020-02-23,Siskiyou,093,43540,0,0,0,0,0
2020-02-23,Solano,095,438530,11,15,0,15,0
2020-02-23,Sonoma,097,501317,5,0,0,0,0
2020-02-23,Stanislaus,099,539301,2,0,2,2,0
2020-02-23,Sutter,101,95872,0,0,0,0,0
2020-02-23,Tehama,103,63373,0,0,0,0,0
2020-02-23,Trinity,105,12862,0,0,0,0,0
2020-02-23,Tulare,107,460477,2,0,0,0,0
2020-02-23,Tuolumne,109,53932,0,0,0,0,0
2020-02-23,Ventura,111,848112,4,0,0,0,0
2020-02-23,Yolo,113,214977,1,0,0,0,0
2020-02-23,Yuba,115,75493,0,0,0,0,0
2020-02-22,Alameda,001,1643700,11,0,0,0,0
2020-02-22,Alpine,002,1148,0,0,0,0,0
2020-02-22,Amador,005,37829,0,0,0,0,0
2020-02-22,Butte,007,227075,0,0,0,0,0
2020-02-22,Calaveras,009,45235,0,0,0,0,0
2020-02-22,Colusa,011,21464,0,0,0,0,0
2020-02-22,Contra Costa,013,1133247,5,0,0,0,0
2020-02-22,Del Norte,015,27424,0,0,0,0,0
2020-02-22,El Dorado,017,186661,0,0,0,0,0
2020-02-22,Fresno,019,978130,1,0,0,0,0
2020-02-22,Glenn,021,27897,0,0,0,0,0
2020-02-22,Humboldt,023,135768,1,1,0,1,0
2020-02-22,Imperial,025,180216,0,0,0,0,0
2020-02-22,Inyo,027,18085,0,0,0,0,0
2020-02-22,Kern,029,883053,2,0,0,0,0
2020-02-22,Kings,031,150075,0,0,0,0,0
2020-02-22,Lake,033,64148,0,0,0,0,0
2020-02-22,Lassen,035,31185,0,0,0,0,0
2020-02-22,Los Angeles,037,10098052,61,1,6,7,0
2020-02-22,Madera,039,155013,0,0,0,0,0
2020-02-22,Marin,041,260295,1,0,0,0,0
2020-02-22,Mariposa,043,17540,0,0,0,0,0
2020-02-22,Mendocino,045,87422,0,0,0,0,0
2020-02-22,Merced,047,269075,0,0,0,0,0
2020-02-22,Modoc,049,8938,0,0,0,0,0
2020-02-22,Mono,051,14174,0,0,0,0,0
2020-02-22,Monterey,053,433212,1,0,0,0,0
2020-02-22,Napa,055,140530,0,0,0,0,0
2020-02-22,Nevada,057,99092,0,0,1,1,0
2020-02-22,Orange,059,3164182,44,1,0,1,0
2020-02-22,Placer,061,380077,3,0,0,0,0
2020-02-22,Plumas,063,18699,0,0,0,0,0
2020-02-22,Riverside,065,2383286,9,0,0,0,0
2020-02-22,Sacramento,067,1510023,6,1,0,1,0
2020-02-22,San Benito,069,59416,0,2,0,2,0
2020-02-22,San Bernardino,071,2135413,18,0,0,0,0
2020-02-22,San Diego,073,3302833,3,2,0,2,0
2020-02-22,San Francisco,075,870044,3,0,0,0,0
2020-02-22,San Joaquin,077,732212,4,0,1,1,0
2020-02-22,San Luis Obispo,079,281455,2,0,0,0,0
2020-02-22,San Mateo,081,765935,8,0,0,0,0
2020-02-22,Santa Barbara,083,443738,0,0,0,0,0
2020-02-22,Santa Clara,085,1922200,23,2,1,3,0
2020-02-22,Santa Cruz,087,273765,2,0,0,0,0
2020-02-22,Shasta,089,179085,0,0,0,0,0
2020-02-22,Sierra,091,2930,0,0,0,0,0
2020-02-22,Siskiyou,093,43540,0,0,0,0,0
2020-02-22,Solano,095,438530,11,11,0,11,0
2020-02-22,Sonoma,097,501317,4,0,0,0,0
2020-02-22,Stanislaus,099,539301,2,0,2,2,0
2020-02-22,Sutter,101,95872,0,0,0,0,0
2020-02-22,Tehama,103,63373,0,0,0,0,0
2020-02-22,Trinity,105,12862,0,0,0,0,0
2020-02-22,Tulare,107,460477,2,0,0,0,0
2020-02-22,Tuolumne,109,53932,0,0,0,0,0
2020-02-22,Ventura,111,848112,4,0,0,0,0
2020-02-22,Yolo,113,214977,0,0,0,0,0
2020-02-22,Yuba,115,75493,0,0,0,0,0
2020-02-21,Alameda,001,1643700,10,0,0,0,0
2020-02-21,Alpine,002,1148,0,0,0,0,0
2020-02-21,Amador,005,37829,0,0,0,0,0
2020-02-21,Butte,007,227075,0,0,0,0,0
2020-02-21,Calaveras,009,45235,0,0,0,0,0
2020-02-21,Colusa,011,21464,0,0,0,0,0
2020-02-21,Contra Costa,013,1133247,4,0,0,0,0
2020-02-21,Del Norte,015,27424,0,0,0,0,0
2020-02-21,El Dorado,017,186661,0,0,0,0,0
2020-02-21,Fresno,019,978130,1,0,0,0,0
2020-02-21,Glenn,021,27897,0,0,0,0,0
2020-02-21,Humboldt,023,135768,1,1,0,1,0
2020-02-21,Imperial,025,180216,0,0,0,0,0
2020-02-21,Inyo,027,18085,0,0,0,0,0
2020-02-21,Kern,029,883053,2,0,0,0,0
2020-02-21,Kings,031,150075,0,0,0,0,0
2020-02-21,Lake,033,64148,0,0,0,0,0
2020-02-21,Lassen,035,31185,0,0,0,0,0
2020-02-21,Los Angeles,037,10098052,57,1,6,7,0
2020-02-21,Madera,039,155013,0,0,0,0,0
2020-02-21,Marin,041,260295,1,0,0,0,0
2020-02-21,Mariposa,043,17540,0,0,0,0,0
2020-02-21,Mendocino,045,87422,0,0,0,0,0
2020-02-21,Merced,047,269075,0,0,0,0,0
2020-02-21,Modoc,049,8938,0,0,0,0,0
2020-02-21,Mono,051,14174,0,0,0,0,0
2020-02-21,Monterey,053,433212,1,0,0,0,0
2020-02-21,Napa,055,140530,0,0,0,0,0
2020-02-21,Nevada,057,99092,0,0,1,1,0
2020-02-21,Orange,059,3164182,42,1,0,1,0
2020-02-21,Placer,061,380077,2,0,0,0,0
2020-02-21,Plumas,063,18699,0,0,0,0,0
2020-02-21,Riverside,065,2383286,9,0,0,0,0
2020-02-21,Sacramento,067,1510023,5,1,0,1,0
2020-02-21,San Benito,069,59416,0,2,0,2,0
2020-02-21,San Bernardino,071,2135413,17,0,0,0,0
2020-02-21,San Diego,073,3302833,3,2,0,2,0
2020-02-21,San Francisco,075,870044,3,0,0,0,0
2020-02-21,San Joaquin,077,732212,2,0,1,1,0
2020-02-21,San Luis Obispo,079,281455,2,0,0,0,0
2020-02-21,San Mateo,081,765935,8,0,0,0,0
2020-02-21,Santa Barbara,083,443738,0,0,0,0,0
2020-02-21,Santa Clara,085,1922200,21,2,1,3,0
2020-02-21,Santa Cruz,087,273765,2,0,0,0,0
2020-02-21,Shasta,089,179085,0,0,0,0,0
2020-02-21,Sierra,091,2930,0,0,0,0,0
2020-02-21,Siskiyou,093,43540,0,0,0,0,0
2020-02-21,Solano,095,438530,10,11,0,11,0
2020-02-21,Sonoma,097,501317,3,0,0,0,0
2020-02-21,Stanislaus,099,539301,2,0,2,2,0
2020-02-21,Sutter,101,95872,0,0,0,0,0
2020-02-21,Tehama,103,63373,0,0,0,0,0
2020-02-21,Trinity,105,12862,0,0,0,0,0
2020-02-21,Tulare,107,460477,2,0,0,0,0
2020-02-21,Tuolumne,109,53932,0,0,0,0,0
2020-02-21,Ventura,111,848112,4,0,0,0,0
2020-02-21,Yolo,113,214977,0,0,0,0,0
2020-02-21,Yuba,115,75493,0,0,0,0,0
2020-02-20,Alameda,001,1643700,8,0,0,0,0
2020-02-20,Alpine,002,1148,0,0,0,0,0
2020-02-20,Amador,005,37829,0,0,0,0,0
2020-02-20,Butte,007,227075,0,0,0,0,0
2020-02-20,Calaveras,009,45235,0,0,0,0,0
2020-02-20,Colusa,011,21464,0,0,0,0,0
2020-02-20,Contra Costa,013,1133247,3,0,0,0,0
2020-02-20,Del Norte,015,27424,0,0,0,0,0
2020-02-20,El Dorado,017,186661,0,0,0,0,0
2020-02-20,Fresno,019,978130,1,0,0,0,0
2020-02-20,Glenn,021,27897,0,0,0,0,0
2020-02-20,Humboldt,023,135768,1,1,0,1,0
2020-02-20,Imperial,025,180216,0,0,0,0,0
2020-02-20,Inyo,027,18085,0,0,0,0,0
2020-02-20,Kern,029,883053,2,0,0,0,0
2020-02-20,Kings,031,150075,0,0,0,0,0
2020-02-20,Lake,033,64148,0,0,0,0,0
2020-02-20,Lassen,035,31185,0,0,0,0,0
2020-02-20,Los Angeles,037,10098052,56,1,5,6,0
2020-02-20,Madera,039,155013,0,0,0,0,0
2020-02-20,Marin,041,260295,0,0,0,0,0
2020-02-20,Mariposa,043,17540,0,0,0,0,0
2020-02-20,Mendocino,045,87422,0,0,0,0,0
2020-02-20,Merced,047,269075,0,0,0,0,0
2020-02-20,Modoc,049,8938,0,0,0,0,0
2020-02-20,Mono,051,14174,0,0,0,0,0
2020-02-20,Monterey,053,433212,1,0,0,0,0
2020-02-20,Napa,055,140530,0,0,0,0,0
2020-02-20,Nevada,057,99092,0,0,1,1,0
2020-02-20,Orange,059,3164182,42,1,0,1,0
2020-02-20,Placer,061,380077,2,0,0,0,0
2020-02-20,Plumas,063,18699,0,0,0,0,0
2020-02-20,Riverside,065,2383286,7,0,0,0,0
2020-02-20,Sacramento,067,1510023,2,1,0,1,0
2020-02-20,San Benito,069,59416,0,2,0,2,0
2020-02-20,San Bernardino,071,2135413,15,0,0,0,0
2020-02-20,San Diego,073,3302833,3,2,0,2,0
2020-02-20,San Francisco,075,870044,3,0,0,0,0
2020-02-20,San Joaquin,077,732212,2,0,1,1,0
2020-02-20,San Luis Obispo,079,281455,2,0,0,0,0
2020-02-20,San Mateo,081,765935,7,0,0,0,0
2020-02-20,Santa Barbara,083,443738,0,0,0,0,0
2020-02-20,Santa Clara,085,1922200,17,2,1,3,0
2020-02-20,Santa Cruz,087,273765,2,0,0,0,0
2020-02-20,Shasta,089,179085,0,0,0,0,0
2020-02-20,Sierra,091,2930,0,0,0,0,0
2020-02-20,Siskiyou,093,43540,0,0,0,0,0
2020-02-20,Solano,095,438530,8,7,0,7,0
2020-02-20,Sonoma,097,501317,2,0,0,0,0
2020-02-20,Stanislaus,099,539301,2,0,2,2,0
2020-02-20,Sutter,101,95872,0,0,0,0,0
2020-02-20,Tehama,103,63373,0,0,0,0,0
2020-02-20,Trinity,105,12862,0,0,0,0,0
2020-02-20,Tulare,107,460477,2,0,0,0,0
2020-02-20,Tuolumne,109,53932,0,0,0,0,0
2020-02-20,Ventura,111,848112,4,0,0,0,0
2020-02-20,Yolo,113,214977,0,0,0,0,0
2020-02-20,Yuba,115,75493,0,0,0,0,0
2020-02-19,Alameda,001,1643700,7,0,0,0,0
2020-02-19,Alpine,002,1148,0,0,0,0,0
2020-02-19,Amador,005,37829,0,0,0,0,0
2020-02-19,Butte,007,227075,0,0,0,0,0
2020-02-19,Calaveras,009,45235,0,0,0,0,0
2020-02-19,Colusa,011,21464,0,0,0,0,0
2020-02-19,Contra Costa,013,1133247,3,0,0,0,0
2020-02-19,Del Norte,015,27424,0,0,0,0,0
2020-02-19,El Dorado,017,186661,0,0,0,0,0
2020-02-19,Fresno,019,978130,1,0,0,0,0
2020-02-19,Glenn,021,27897,0,0,0,0,0
2020-02-19,Humboldt,023,135768,1,0,0,0,0
2020-02-19,Imperial,025,180216,0,0,0,0,0
2020-02-19,Inyo,027,18085,0,0,0,0,0
2020-02-19,Kern,029,883053,2,0,0,0,0
2020-02-19,Kings,031,150075,0,0,0,0,0
2020-02-19,Lake,033,64148,0,0,0,0,0
2020-02-19,Lassen,035,31185,0,0,0,0,0
2020-02-19,Los Angeles,037,10098052,54,1,5,6,0
2020-02-19,Madera,039,155013,0,0,0,0,0
2020-02-19,Marin,041,260295,0,0,0,0,0
2020-02-19,Mariposa,043,17540,0,0,0,0,0
2020-02-19,Mendocino,045,87422,0,0,0,0,0
2020-02-19,Merced,047,269075,0,0,0,0,0
2020-02-19,Modoc,049,8938,0,0,0,0,0
2020-02-19,Mono,051,14174,0,0,0,0,0
2020-02-19,Monterey,053,433212,1,0,0,0,0
2020-02-19,Napa,055,140530,0,0,0,0,0
2020-02-19,Nevada,057,99092,0,0,1,1,0
2020-02-19,Orange,059,3164182,41,1,0,1,0
2020-02-19,Placer,061,380077,2,0,0,0,0
2020-02-19,Plumas,063,18699,0,0,0,0,0
2020-02-19,Riverside,065,2383286,5,0,0,0,0
2020-02-19,Sacramento,067,1510023,2,0,0,0,0
2020-02-19,San Benito,069,59416,0,2,0,2,0
2020-02-19,San Bernardino,071,2135413,14,0,0,0,0
2020-02-19,San Diego,073,3302833,2,2,0,2,0
2020-02-19,San Francisco,075,870044,2,0,0,0,0
2020-02-19,San Joaquin,077,732212,2,0,1,1,0
2020-02-19,San Luis Obispo,079,281455,2,0,0,0,0
2020-02-19,San Mateo,081,765935,6,0,0,0,0
2020-02-19,Santa Barbara,083,443738,0,0,0,0,0
2020-02-19,Santa Clara,085,1922200,15,2,1,3,0
2020-02-19,Santa Cruz,087,273765,0,0,0,0,0
2020-02-19,Shasta,089,179085,0,0,0,0,0
2020-02-19,Sierra,091,2930,0,0,0,0,0
2020-02-19,Siskiyou,093,43540,0,0,0,0,0
2020-02-19,Solano,095,438530,5,7,0,7,0
2020-02-19,Sonoma,097,501317,2,0,0,0,0
2020-02-19,Stanislaus,099,539301,1,0,2,2,0
2020-02-19,Sutter,101,95872,0,0,0,0,0
2020-02-19,Tehama,103,63373,0,0,0,0,0
2020-02-19,Trinity,105,12862,0,0,0,0,0
2020-02-19,Tulare,107,460477,2,0,0,0,0
2020-02-19,Tuolumne,109,53932,0,0,0,0,0
2020-02-19,Ventura,111,848112,2,0,0,0,0
2020-02-19,Yolo,113,214977,0,0,0,0,0
2020-02-19,Yuba,115,75493,0,0,0,0,0
2020-02-18,Alameda,001,1643700,7,0,0,0,0
2020-02-18,Alpine,002,1148,0,0,0,0,0
2020-02-18,Amador,005,37829,0,0,0,0,0
2020-02-18,Butte,007,227075,0,0,0,0,0
2020-02-18,Calaveras,009,45235,0,0,0,0,0
2020-02-18,Colusa,011,21464,0,0,0,0,0
2020-02-18,Contra Costa,013,1133247,3,0,0,0,0
2020-02-18,Del Norte,015,27424,0,0,0,0,0
2020-02-18,El Dorado,017,186661,0,0,0,0,0
2020-02-18,Fresno,019,978130,0,0,0,0,0
2020-02-18,Glenn,021,27897,0,0,0,0,0
2020-02-18,Humboldt,023,135768,1,0,0,0,0
2020-02-18,Imperial,025,180216,0,0,0,0,0
2020-02-18,Inyo,027,18085,0,0,0,0,0
2020-02-18,Kern,029,883053,2,0,0,0,0
2020-02-18,Kings,031,150075,0,0,0,0,0
2020-02-18,Lake,033,64148,0,0,0,0,0
2020-02-18,Lassen,035,31185,0,0,0,0,0
2020-02-18,Los Angeles,037,10098052,51,1,4,5,0
2020-02-18,Madera,039,155013,0,0,0,0,0
2020-02-18,Marin,041,260295,0,0,0,0,0
2020-02-18,Mariposa,043,17540,0,0,0,0,0
2020-02-18,Mendocino,045,87422,0,0,0,0,0
2020-02-18,Merced,047,269075,0,0,0,0,0
2020-02-18,Modoc,049,8938,0,0,0,0,0
2020-02-18,Mono,051,14174,0,0,0,0,0
2020-02-18,Monterey,053,433212,1,0,0,0,0
2020-02-18,Napa,055,140530,0,0,0,0,0
2020-02-18,Nevada,057,99092,0,0,1,1,0
2020-02-18,Orange,059,3164182,40,1,0,1,0
2020-02-18,Placer,061,380077,0,0,0,0,0
2020-02-18,Plumas,063,18699,0,0,0,0,0
2020-02-18,Riverside,065,2383286,5,0,0,0,0
2020-02-18,Sacramento,067,1510023,2,0,0,0,0
2020-02-18,San Benito,069,59416,0,2,0,2,0
2020-02-18,San Bernardino,071,2135413,13,0,0,0,0
2020-02-18,San Diego,073,3302833,2,2,0,2,0
2020-02-18,San Francisco,075,870044,2,0,0,0,0
2020-02-18,San Joaquin,077,732212,1,0,1,1,0
2020-02-18,San Luis Obispo,079,281455,2,0,0,0,0
2020-02-18,San Mateo,081,765935,5,0,0,0,0
2020-02-18,Santa Barbara,083,443738,0,0,0,0,0
2020-02-18,Santa Clara,085,1922200,14,2,1,3,0
2020-02-18,Santa Cruz,087,273765,0,0,0,0,0
2020-02-18,Shasta,089,179085,0,0,0,0,0
2020-02-18,Sierra,091,2930,0,0,0,0,0
2020-02-18,Siskiyou,093,43540,0,0,0,0,0
2020-02-18,Solano,095,438530,5,7,0,7,0
2020-02-18,Sonoma,097,501317,1,0,0,0,0
2020-02-18,Stanislaus,099,539301,1,0,2,2,0
2020-02-18,Sutter,101,95872,0,0,0,0,0
2020-02-18,Tehama,103,63373,0,0,0,0,0
2020-02-18,Trinity,105,12862,0,0,0,0,0
2020-02-18,Tulare,107,460477,2,0,0,0,0
2020-02-18,Tuolumne,109,53932,0,0,0,0,0
2020-02-18,Ventura,111,848112,2,0,0,0,0
2020-02-18,Yolo,113,214977,0,0,0,0,0
2020-02-18,Yuba,115,75493,0,0,0,0,0
2020-02-17,Alameda,001,1643700,7,0,0,0,0
2020-02-17,Alpine,002,1148,0,0,0,0,0
2020-02-17,Amador,005,37829,0,0,0,0,0
2020-02-17,Butte,007,227075,0,0,0,0,0
2020-02-17,Calaveras,009,45235,0,0,0,0,0
2020-02-17,Colusa,011,21464,0,0,0,0,0
2020-02-17,Contra Costa,013,1133247,3,0,0,0,0
2020-02-17,Del Norte,015,27424,0,0,0,0,0
2020-02-17,El Dorado,017,186661,0,0,0,0,0
2020-02-17,Fresno,019,978130,0,0,0,0,0
2020-02-17,Glenn,021,27897,0,0,0,0,0
2020-02-17,Humboldt,023,135768,1,0,0,0,0
2020-02-17,Imperial,025,180216,0,0,0,0,0
2020-02-17,Inyo,027,18085,0,0,0,0,0
2020-02-17,Kern,029,883053,2,0,0,0,0
2020-02-17,Kings,031,150075,0,0,0,0,0
2020-02-17,Lake,033,64148,0,0,0,0,0
2020-02-17,Lassen,035,31185,0,0,0,0,0
2020-02-17,Los Angeles,037,10098052,48,1,4,5,0
2020-02-17,Madera,039,155013,0,0,0,0,0
2020-02-17,Marin,041,260295,0,0,0,0,0
2020-02-17,Mariposa,043,17540,0,0,0,0,0
2020-02-17,Mendocino,045,87422,0,0,0,0,0
2020-02-17,Merced,047,269075,0,0,0,0,0
2020-02-17,Modoc,049,8938,0,0,0,0,0
2020-02-17,Mono,051,14174,0,0,0,0,0
2020-02-17,Monterey,053,433212,1,0,0,0,0
2020-02-17,Napa,055,140530,0,0,0,0,0
2020-02-17,Nevada,057,99092,0,0,1,1,0
2020-02-17,Orange,059,3164182,40,1,0,1,0
2020-02-17,Placer,061,380077,0,0,0,0,0
2020-02-17,Plumas,063,18699,0,0,0,0,0
2020-02-17,Riverside,065,2383286,5,0,0,0,0
2020-02-17,Sacramento,067,1510023,2,0,0,0,0
2020-02-17,San Benito,069,59416,0,2,0,2,0
2020-02-17,San Bernardino,071,2135413,11,0,0,0,0
2020-02-17,San Diego,073,3302833,2,2,0,2,0
2020-02-17,San Francisco,075,870044,2,0,0,0,0
2020-02-17,San Joaquin,077,732212,1,0,1,1,0
2020-02-17,San Luis Obispo,079,281455,1,0,0,0,0
2020-02-17,San Mateo,081,765935,5,0,0,0,0
2020-02-17,Santa Barbara,083,443738,0,0,0,0,0
2020-02-17,Santa Clara,085,1922200,12,2,1,3,0
2020-02-17,Santa Cruz,087,273765,0,0,0,0,0
2020-02-17,Shasta,089,179085,0,0,0,0,0
2020-02-17,Sierra,091,2930,0,0,0,0,0
2020-02-17,Siskiyou,093,43540,0,0,0,0,0
2020-02-17,Solano,095,438530,3,5,0,5,0
2020-02-17,Sonoma,097,501317,1,0,0,0,0
2020-02-17,Stanislaus,099,539301,1,0,2,2,0
2020-02-17,Sutter,101,95872,0,0,0,0,0
2020-02-17,Tehama,103,63373,0,0,0,0,0
2020-02-17,Trinity,105,12862,0,0,0,0,0
2020-02-17,Tulare,107,460477,2,0,0,0,0
2020-02-17,Tuolumne,109,53932,0,0,0,0,0
2020-02-17,Ventura,111,848112,2,0,0,0,0
2020-02-17,Yolo,113,214977,0,0,0,0,0
2020-02-17,Yuba,115,75493,0,0,0,0,0
2020-02-16,Alameda,001,1643700,6,0,0,0,0
2020-02-16,Alpine,002,1148,0,0,0,0,0
2020-02-16,Amador,005,37829,0,0,0,0,0
2020-02-16,Butte,007,227075,0,0,0,0,0
2020-02-16,Calaveras,009,45235,0,0,0,0,0
2020-02-16,Colusa,011,21464,0,0,0,0,0
2020-02-16,Contra Costa,013,1133247,3,0,0,0,0
2020-02-16,Del Norte,015,27424,0,0,0,0,0
2020-02-16,El Dorado,017,186661,0,0,0,0,0
2020-02-16,Fresno,019,978130,0,0,0,0,0
2020-02-16,Glenn,021,27897,0,0,0,0,0
2020-02-16,Humboldt,023,135768,1,0,0,0,0
2020-02-16,Imperial,025,180216,0,0,0,0,0
2020-02-16,Inyo,027,18085,0,0,0,0,0
2020-02-16,Kern,029,883053,2,0,0,0,0
2020-02-16,Kings,031,150075,0,0,0,0,0
2020-02-16,Lake,033,64148,0,0,0,0,0
2020-02-16,Lassen,035,31185,0,0,0,0,0
2020-02-16,Los Angeles,037,10098052,43,1,4,5,0
2020-02-16,Madera,039,155013,0,0,0,0,0
2020-02-16,Marin,041,260295,0,0,0,0,0
2020-02-16,Mariposa,043,17540,0,0,0,0,0
2020-02-16,Mendocino,045,87422,0,0,0,0,0
2020-02-16,Merced,047,269075,0,0,0,0,0
2020-02-16,Modoc,049,8938,0,0,0,0,0
2020-02-16,Mono,051,14174,0,0,0,0,0
2020-02-16,Monterey,053,433212,1,0,0,0,0
2020-02-16,Napa,055,140530,0,0,0,0,0
2020-02-16,Nevada,057,99092,0,0,0,0,0
2020-02-16,Orange,059,3164182,39,1,0,1,0
2020-02-16,Placer,061,380077,0,0,0,0,0
2020-02-16,Plumas,063,18699,0,0,0,0,0
2020-02-16,Riverside,065,2383286,5,0,0,0,0
2020-02-16,Sacramento,067,1510023,2,0,0,0,0
2020-02-16,San Benito,069,59416,0,2,0,2,0
2020-02-16,San Bernardino,071,2135413,10,0,0,0,0
2020-02-16,San Diego,073,3302833,2,2,0,2,0
2020-02-16,San Francisco,075,870044,2,0,0,0,0
2020-02-16,San Joaquin,077,732212,1,0,1,1,0
2020-02-16,San Luis Obispo,079,281455,1,0,0,0,0
2020-02-16,San Mateo,081,765935,4,0,0,0,0
2020-02-16,Santa Barbara,083,443738,0,0,0,0,0
2020-02-16,Santa Clara,085,1922200,10,2,1,3,0
2020-02-16,Santa Cruz,087,273765,0,0,0,0,0
2020-02-16,Shasta,089,179085,0,0,0,0,0
2020-02-16,Sierra,091,2930,0,0,0,0,0
2020-02-16,Siskiyou,093,43540,0,0,0,0,0
2020-02-16,Solano,095,438530,1,0,0,0,0
2020-02-16,Sonoma,097,501317,1,0,0,0,0
2020-02-16,Stanislaus,099,539301,1,0,2,2,0
2020-02-16,Sutter,101,95872,0,0,0,0,0
2020-02-16,Tehama,103,63373,0,0,0,0,0
2020-02-16,Trinity,105,12862,0,0,0,0,0
2020-02-16,Tulare,107,460477,2,0,0,0,0
2020-02-16,Tuolumne,109,53932,0,0,0,0,0
2020-02-16,Ventura,111,848112,2,0,0,0,0
2020-02-16,Yolo,113,214977,0,0,0,0,0
2020-02-16,Yuba,115,75493,0,0,0,0,0
2020-02-15,Alameda,001,1643700,6,0,0,0,0
2020-02-15,Alpine,002,1148,0,0,0,0,0
2020-02-15,Amador,005,37829,0,0,0,0,0
2020-02-15,Butte,007,227075,0,0,0,0,0
2020-02-15,Calaveras,009,45235,0,0,0,0,0
2020-02-15,Colusa,011,21464,0,0,0,0,0
2020-02-15,Contra Costa,013,1133247,3,0,0,0,0
2020-02-15,Del Norte,015,27424,0,0,0,0,0
2020-02-15,El Dorado,017,186661,0,0,0,0,0
2020-02-15,Fresno,019,978130,0,0,0,0,0
2020-02-15,Glenn,021,27897,0,0,0,0,0
2020-02-15,Humboldt,023,135768,1,0,0,0,0
2020-02-15,Imperial,025,180216,0,0,0,0,0
2020-02-15,Inyo,027,18085,0,0,0,0,0
2020-02-15,Kern,029,883053,2,0,0,0,0
2020-02-15,Kings,031,150075,0,0,0,0,0
2020-02-15,Lake,033,64148,0,0,0,0,0
2020-02-15,Lassen,035,31185,0,0,0,0,0
2020-02-15,Los Angeles,037,10098052,40,1,4,5,0
2020-02-15,Madera,039,155013,0,0,0,0,0
2020-02-15,Marin,041,260295,0,0,0,0,0
2020-02-15,Mariposa,043,17540,0,0,0,0,0
2020-02-15,Mendocino,045,87422,0,0,0,0,0
2020-02-15,Merced,047,269075,0,0,0,0,0
2020-02-15,Modoc,049,8938,0,0,0,0,0
2020-02-15,Mono,051,14174,0,0,0,0,0
2020-02-15,Monterey,053,433212,1,0,0,0,0
2020-02-15,Napa,055,140530,0,0,0,0,0
2020-02-15,Nevada,057,99092,0,0,0,0,0
2020-02-15,Orange,059,3164182,38,1,0,1,0
2020-02-15,Placer,061,380077,0,0,0,0,0
2020-02-15,Plumas,063,18699,0,0,0,0,0
2020-02-15,Riverside,065,2383286,4,0,0,0,0
2020-02-15,Sacramento,067,1510023,2,0,0,0,0
2020-02-15,San Benito,069,59416,0,2,0,2,0
2020-02-15,San Bernardino,071,2135413,9,0,0,0,0
2020-02-15,San Diego,073,3302833,2,2,0,2,0
2020-02-15,San Francisco,075,870044,2,0,0,0,0
2020-02-15,San Joaquin,077,732212,1,0,1,1,0
2020-02-15,San Luis Obispo,079,281455,1,0,0,0,0
2020-02-15,San Mateo,081,765935,4,0,0,0,0
2020-02-15,Santa Barbara,083,443738,0,0,0,0,0
2020-02-15,Santa Clara,085,1922200,10,2,1,3,0
2020-02-15,Santa Cruz,087,273765,0,0,0,0,0
2020-02-15,Shasta,089,179085,0,0,0,0,0
2020-02-15,Sierra,091,2930,0,0,0,0,0
2020-02-15,Siskiyou,093,43540,0,0,0,0,0
2020-02-15,Solano,095,438530,1,0,0,0,0
2020-02-15,Sonoma,097,501317,0,0,0,0,0
2020-02-15,Stanislaus,099,539301,1,0,2,2,0
2020-02-15,Sutter,101,95872,0,0,0,0,0
2020-02-15,Tehama,103,63373,0,0,0,0,0
2020-02-15,Trinity,105,12862,0,0,0,0,0
2020-02-15,Tulare,107,460477,2,0,0,0,0
2020-02-15,Tuolumne,109,53932,0,0,0,0,0
2020-02-15,Ventura,111,848112,2,0,0,0,0
2020-02-15,Yolo,113,214977,0,0,0,0,0
2020-02-15,Yuba,115,75493,0,0,0,0,0
2020-02-14,Alameda,001,1643700,5,0,0,0,0
2020-02-14,Alpine,002,1148,0,0,0,0,0
2020-02-14,Amador,005,37829,0,0,0,0,0
2020-02-14,Butte,007,227075,0,0,0,0,0
2020-02-14,Calaveras,009,45235,0,0,0,0,0
2020-02-14,Colusa,011,21464,0,0,0,0,0
2020-02-14,Contra Costa,013,1133247,3,0,0,0,0
2020-02-14,Del Norte,015,27424,0,0,0,0,0
2020-02-14,El Dorado,017,186661,0,0,0,0,0
2020-02-14,Fresno,019,978130,0,0,0,0,0
2020-02-14,Glenn,021,27897,0,0,0,0,0
2020-02-14,Humboldt,023,135768,1,0,0,0,0
2020-02-14,Imperial,025,180216,0,0,0,0,0
2020-02-14,Inyo,027,18085,0,0,0,0,0
2020-02-14,Kern,029,883053,2,0,0,0,0
2020-02-14,Kings,031,150075,0,0,0,0,0
2020-02-14,Lake,033,64148,0,0,0,0,0
2020-02-14,Lassen,035,31185,0,0,0,0,0
2020-02-14,Los Angeles,037,10098052,35,1,4,5,0
2020-02-14,Madera,039,155013,0,0,0,0,0
2020-02-14,Marin,041,260295,0,0,0,0,0
2020-02-14,Mariposa,043,17540,0,0,0,0,0
2020-02-14,Mendocino,045,87422,0,0,0,0,0
2020-02-14,Merced,047,269075,0,0,0,0,0
2020-02-14,Modoc,049,8938,0,0,0,0,0
2020-02-14,Mono,051,14174,0,0,0,0,0
2020-02-14,Monterey,053,433212,1,0,0,0,0
2020-02-14,Napa,055,140530,0,0,0,0,0
2020-02-14,Nevada,057,99092,0,0,0,0,0
2020-02-14,Orange,059,3164182,38,1,0,1,0
2020-02-14,Placer,061,380077,0,0,0,0,0
2020-02-14,Plumas,063,18699,0,0,0,0,0
2020-02-14,Riverside,065,2383286,4,0,0,0,0
2020-02-14,Sacramento,067,1510023,1,0,0,0,0
2020-02-14,San Benito,069,59416,0,2,0,2,0
2020-02-14,San Bernardino,071,2135413,9,0,0,0,0
2020-02-14,San Diego,073,3302833,1,2,0,2,0
2020-02-14,San Francisco,075,870044,2,0,0,0,0
2020-02-14,San Joaquin,077,732212,1,0,1,1,0
2020-02-14,San Luis Obispo,079,281455,0,0,0,0,0
2020-02-14,San Mateo,081,765935,3,0,0,0,0
2020-02-14,Santa Barbara,083,443738,0,0,0,0,0
2020-02-14,Santa Clara,085,1922200,8,2,1,3,0
2020-02-14,Santa Cruz,087,273765,0,0,0,0,0
2020-02-14,Shasta,089,179085,0,0,0,0,0
2020-02-14,Sierra,091,2930,0,0,0,0,0
2020-02-14,Siskiyou,093,43540,0,0,0,0,0
2020-02-14,Solano,095,438530,1,0,0,0,0
2020-02-14,Sonoma,097,501317,0,0,0,0,0
2020-02-14,Stanislaus,099,539301,1,0,2,2,0
2020-02-14,Sutter,101,95872,0,0,0,0,0
2020-02-14,Tehama,103,63373,0,0,0,0,0
2020-02-14,Trinity,105,12862,0,0,0,0,0
2020-02-14,Tulare,107,460477,2,0,0,0,0
2020-02-14,Tuolumne,109,53932,0,0,0,0,0
2020-02-14,Ventura,111,848112,2,0,0,0,0
2020-02-14,Yolo,113,214977,0,0,0,0,0
2020-02-14,Yuba,115,75493,0,0,0,0,0
2020-02-13,Alameda,001,1643700,5,0,0,0,0
2020-02-13,Alpine,002,1148,0,0,0,0,0
2020-02-13,Amador,005,37829,0,0,0,0,0
2020-02-13,Butte,007,227075,0,0,0,0,0
2020-02-13,Calaveras,009,45235,0,0,0,0,0
2020-02-13,Colusa,011,21464,0,0,0,0,0
2020-02-13,Contra Costa,013,1133247,3,0,0,0,0
2020-02-13,Del Norte,015,27424,0,0,0,0,0
2020-02-13,El Dorado,017,186661,0,0,0,0,0
2020-02-13,Fresno,019,978130,0,0,0,0,0
2020-02-13,Glenn,021,27897,0,0,0,0,0
2020-02-13,Humboldt,023,135768,1,0,0,0,0
2020-02-13,Imperial,025,180216,0,0,0,0,0
2020-02-13,Inyo,027,18085,0,0,0,0,0
2020-02-13,Kern,029,883053,2,0,0,0,0
2020-02-13,Kings,031,150075,0,0,0,0,0
2020-02-13,Lake,033,64148,0,0,0,0,0
2020-02-13,Lassen,035,31185,0,0,0,0,0
2020-02-13,Los Angeles,037,10098052,32,1,3,4,0
2020-02-13,Madera,039,155013,0,0,0,0,0
2020-02-13,Marin,041,260295,0,0,0,0,0
2020-02-13,Mariposa,043,17540,0,0,0,0,0
2020-02-13,Mendocino,045,87422,0,0,0,0,0
2020-02-13,Merced,047,269075,0,0,0,0,0
2020-02-13,Modoc,049,8938,0,0,0,0,0
2020-02-13,Mono,051,14174,0,0,0,0,0
2020-02-13,Monterey,053,433212,1,0,0,0,0
2020-02-13,Napa,055,140530,0,0,0,0,0
2020-02-13,Nevada,057,99092,0,0,0,0,0
2020-02-13,Orange,059,3164182,37,1,0,1,0
2020-02-13,Placer,061,380077,0,0,0,0,0
2020-02-13,Plumas,063,18699,0,0,0,0,0
2020-02-13,Riverside,065,2383286,4,0,0,0,0
2020-02-13,Sacramento,067,1510023,1,0,0,0,0
2020-02-13,San Benito,069,59416,0,2,0,2,0
2020-02-13,San Bernardino,071,2135413,8,0,0,0,0
2020-02-13,San Diego,073,3302833,0,2,0,2,0
2020-02-13,San Francisco,075,870044,2,0,0,0,0
2020-02-13,San Joaquin,077,732212,1,0,1,1,0
2020-02-13,San Luis Obispo,079,281455,0,0,0,0,0
2020-02-13,San Mateo,081,765935,2,0,0,0,0
2020-02-13,Santa Barbara,083,443738,0,0,0,0,0
2020-02-13,Santa Clara,085,1922200,7,2,0,2,0
2020-02-13,Santa Cruz,087,273765,0,0,0,0,0
2020-02-13,Shasta,089,179085,0,0,0,0,0
2020-02-13,Sierra,091,2930,0,0,0,0,0
2020-02-13,Siskiyou,093,43540,0,0,0,0,0
2020-02-13,Solano,095,438530,0,0,0,0,0
2020-02-13,Sonoma,097,501317,0,0,0,0,0
2020-02-13,Stanislaus,099,539301,1,0,1,1,0
2020-02-13,Sutter,101,95872,0,0,0,0,0
2020-02-13,Tehama,103,63373,0,0,0,0,0
2020-02-13,Trinity,105,12862,0,0,0,0,0
2020-02-13,Tulare,107,460477,2,0,0,0,0
2020-02-13,Tuolumne,109,53932,0,0,0,0,0
2020-02-13,Ventura,111,848112,2,0,0,0,0
2020-02-13,Yolo,113,214977,0,0,0,0,0
2020-02-13,Yuba,115,75493,0,0,0,0,0
2020-02-12,Alameda,001,1643700,5,0,0,0,0
2020-02-12,Alpine,002,1148,0,0,0,0,0
2020-02-12,Amador,005,37829,0,0,0,0,0
2020-02-12,Butte,007,227075,0,0,0,0,0
2020-02-12,Calaveras,009,45235,0,0,0,0,0
2020-02-12,Colusa,011,21464,0,0,0,0,0
2020-02-12,Contra Costa,013,1133247,3,0,0,0,0
2020-02-12,Del Norte,015,27424,0,0,0,0,0
2020-02-12,El Dorado,017,186661,0,0,0,0,0
2020-02-12,Fresno,019,978130,0,0,0,0,0
2020-02-12,Glenn,021,27897,0,0,0,0,0
2020-02-12,Humboldt,023,135768,1,0,0,0,0
2020-02-12,Imperial,025,180216,0,0,0,0,0
2020-02-12,Inyo,027,18085,0,0,0,0,0
2020-02-12,Kern,029,883053,2,0,0,0,0
2020-02-12,Kings,031,150075,0,0,0,0,0
2020-02-12,Lake,033,64148,0,0,0,0,0
2020-02-12,Lassen,035,31185,0,0,0,0,0
2020-02-12,Los Angeles,037,10098052,31,1,3,4,0
2020-02-12,Madera,039,155013,0,0,0,0,0
2020-02-12,Marin,041,260295,0,0,0,0,0
2020-02-12,Mariposa,043,17540,0,0,0,0,0
2020-02-12,Mendocino,045,87422,0,0,0,0,0
2020-02-12,Merced,047,269075,0,0,0,0,0
2020-02-12,Modoc,049,8938,0,0,0,0,0
2020-02-12,Mono,051,14174,0,0,0,0,0
2020-02-12,Monterey,053,433212,1,0,0,0,0
2020-02-12,Napa,055,140530,0,0,0,0,0
2020-02-12,Nevada,057,99092,0,0,0,0,0
2020-02-12,Orange,059,3164182,37,1,0,1,0
2020-02-12,Placer,061,380077,0,0,0,0,0
2020-02-12,Plumas,063,18699,0,0,0,0,0
2020-02-12,Riverside,065,2383286,4,0,0,0,0
2020-02-12,Sacramento,067,1510023,1,0,0,0,0
2020-02-12,San Benito,069,59416,0,2,0,2,0
2020-02-12,San Bernardino,071,2135413,8,0,0,0,0
2020-02-12,San Diego,073,3302833,0,2,0,2,0
2020-02-12,San Francisco,075,870044,2,0,0,0,0
2020-02-12,San Joaquin,077,732212,1,0,1,1,0
2020-02-12,San Luis Obispo,079,281455,0,0,0,0,0
2020-02-12,San Mateo,081,765935,2,0,0,0,0
2020-02-12,Santa Barbara,083,443738,0,0,0,0,0
2020-02-12,Santa Clara,085,1922200,6,2,0,2,0
2020-02-12,Santa Cruz,087,273765,0,0,0,0,0
2020-02-12,Shasta,089,179085,0,0,0,0,0
2020-02-12,Sierra,091,2930,0,0,0,0,0
2020-02-12,Siskiyou,093,43540,0,0,0,0,0
2020-02-12,Solano,095,438530,0,0,0,0,0
2020-02-12,Sonoma,097,501317,0,0,0,0,0
2020-02-12,Stanislaus,099,539301,1,0,1,1,0
2020-02-12,Sutter,101,95872,0,0,0,0,0
2020-02-12,Tehama,103,63373,0,0,0,0,0
2020-02-12,Trinity,105,12862,0,0,0,0,0
2020-02-12,Tulare,107,460477,2,0,0,0,0
2020-02-12,Tuolumne,109,53932,0,0,0,0,0
2020-02-12,Ventura,111,848112,2,0,0,0,0
2020-02-12,Yolo,113,214977,0,0,0,0,0
2020-02-12,Yuba,115,75493,0,0,0,0,0
2020-02-11,Alameda,001,1643700,5,0,0,0,0
2020-02-11,Alpine,002,1148,0,0,0,0,0
2020-02-11,Amador,005,37829,0,0,0,0,0
2020-02-11,Butte,007,227075,0,0,0,0,0
2020-02-11,Calaveras,009,45235,0,0,0,0,0
2020-02-11,Colusa,011,21464,0,0,0,0,0
2020-02-11,Contra Costa,013,1133247,3,0,0,0,0
2020-02-11,Del Norte,015,27424,0,0,0,0,0
2020-02-11,El Dorado,017,186661,0,0,0,0,0
2020-02-11,Fresno,019,978130,0,0,0,0,0
2020-02-11,Glenn,021,27897,0,0,0,0,0
2020-02-11,Humboldt,023,135768,1,0,0,0,0
2020-02-11,Imperial,025,180216,0,0,0,0,0
2020-02-11,Inyo,027,18085,0,0,0,0,0
2020-02-11,Kern,029,883053,2,0,0,0,0
2020-02-11,Kings,031,150075,0,0,0,0,0
2020-02-11,Lake,033,64148,0,0,0,0,0
2020-02-11,Lassen,035,31185,0,0,0,0,0
2020-02-11,Los Angeles,037,10098052,31,1,3,4,0
2020-02-11,Madera,039,155013,0,0,0,0,0
2020-02-11,Marin,041,260295,0,0,0,0,0
2020-02-11,Mariposa,043,17540,0,0,0,0,0
2020-02-11,Mendocino,045,87422,0,0,0,0,0
2020-02-11,Merced,047,269075,0,0,0,0,0
2020-02-11,Modoc,049,8938,0,0,0,0,0
2020-02-11,Mono,051,14174,0,0,0,0,0
2020-02-11,Monterey,053,433212,1,0,0,0,0
2020-02-11,Napa,055,140530,0,0,0,0,0
2020-02-11,Nevada,057,99092,0,0,0,0,0
2020-02-11,Orange,059,3164182,36,1,0,1,0
2020-02-11,Placer,061,380077,0,0,0,0,0
2020-02-11,Plumas,063,18699,0,0,0,0,0
2020-02-11,Riverside,065,2383286,4,0,0,0,0
2020-02-11,Sacramento,067,1510023,1,0,0,0,0
2020-02-11,San Benito,069,59416,0,2,0,2,0
2020-02-11,San Bernardino,071,2135413,8,0,0,0,0
2020-02-11,San Diego,073,3302833,0,1,0,1,0
2020-02-11,San Francisco,075,870044,2,0,0,0,0
2020-02-11,San Joaquin,077,732212,0,0,1,1,0
2020-02-11,San Luis Obispo,079,281455,0,0,0,0,0
2020-02-11,San Mateo,081,765935,2,0,0,0,0
2020-02-11,Santa Barbara,083,443738,0,0,0,0,0
2020-02-11,Santa Clara,085,1922200,5,2,0,2,0
2020-02-11,Santa Cruz,087,273765,0,0,0,0,0
2020-02-11,Shasta,089,179085,0,0,0,0,0
2020-02-11,Sierra,091,2930,0,0,0,0,0
2020-02-11,Siskiyou,093,43540,0,0,0,0,0
2020-02-11,Solano,095,438530,0,0,0,0,0
2020-02-11,Sonoma,097,501317,0,0,0,0,0
2020-02-11,Stanislaus,099,539301,1,0,1,1,0
2020-02-11,Sutter,101,95872,0,0,0,0,0
2020-02-11,Tehama,103,63373,0,0,0,0,0
2020-02-11,Trinity,105,12862,0,0,0,0,0
2020-02-11,Tulare,107,460477,2,0,0,0,0
2020-02-11,Tuolumne,109,53932,0,0,0,0,0
2020-02-11,Ventura,111,848112,2,0,0,0,0
2020-02-11,Yolo,113,214977,0,0,0,0,0
2020-02-11,Yuba,115,75493,0,0,0,0,0
2020-02-10,Alameda,001,1643700,5,0,0,0,0
2020-02-10,Alpine,002,1148,0,0,0,0,0
2020-02-10,Amador,005,37829,0,0,0,0,0
2020-02-10,Butte,007,227075,0,0,0,0,0
2020-02-10,Calaveras,009,45235,0,0,0,0,0
2020-02-10,Colusa,011,21464,0,0,0,0,0
2020-02-10,Contra Costa,013,1133247,3,0,0,0,0
2020-02-10,Del Norte,015,27424,0,0,0,0,0
2020-02-10,El Dorado,017,186661,0,0,0,0,0
2020-02-10,Fresno,019,978130,0,0,0,0,0
2020-02-10,Glenn,021,27897,0,0,0,0,0
2020-02-10,Humboldt,023,135768,0,0,0,0,0
2020-02-10,Imperial,025,180216,0,0,0,0,0
2020-02-10,Inyo,027,18085,0,0,0,0,0
2020-02-10,Kern,029,883053,2,0,0,0,0
2020-02-10,Kings,031,150075,0,0,0,0,0
2020-02-10,Lake,033,64148,0,0,0,0,0
2020-02-10,Lassen,035,31185,0,0,0,0,0
2020-02-10,Los Angeles,037,10098052,29,1,3,4,0
2020-02-10,Madera,039,155013,0,0,0,0,0
2020-02-10,Marin,041,260295,0,0,0,0,0
2020-02-10,Mariposa,043,17540,0,0,0,0,0
2020-02-10,Mendocino,045,87422,0,0,0,0,0
2020-02-10,Merced,047,269075,0,0,0,0,0
2020-02-10,Modoc,049,8938,0,0,0,0,0
2020-02-10,Mono,051,14174,0,0,0,0,0
2020-02-10,Monterey,053,433212,1,0,0,0,0
2020-02-10,Napa,055,140530,0,0,0,0,0
2020-02-10,Nevada,057,99092,0,0,0,0,0
2020-02-10,Orange,059,3164182,36,1,0,1,0
2020-02-10,Placer,061,380077,0,0,0,0,0
2020-02-10,Plumas,063,18699,0,0,0,0,0
2020-02-10,Riverside,065,2383286,4,0,0,0,0
2020-02-10,Sacramento,067,1510023,1,0,0,0,0
2020-02-10,San Benito,069,59416,0,2,0,2,0
2020-02-10,San Bernardino,071,2135413,7,0,0,0,0
2020-02-10,San Diego,073,3302833,0,0,0,0,0
2020-02-10,San Francisco,075,870044,2,0,0,0,0
2020-02-10,San Joaquin,077,732212,0,0,1,1,0
2020-02-10,San Luis Obispo,079,281455,0,0,0,0,0
2020-02-10,San Mateo,081,765935,2,0,0,0,0
2020-02-10,Santa Barbara,083,443738,0,0,0,0,0
2020-02-10,Santa Clara,085,1922200,5,2,0,2,0
2020-02-10,Santa Cruz,087,273765,0,0,0,0,0
2020-02-10,Shasta,089,179085,0,0,0,0,0
2020-02-10,Sierra,091,2930,0,0,0,0,0
2020-02-10,Siskiyou,093,43540,0,0,0,0,0
2020-02-10,Solano,095,438530,0,0,0,0,0
2020-02-10,Sonoma,097,501317,0,0,0,0,0
2020-02-10,Stanislaus,099,539301,1,0,0,0,0
2020-02-10,Sutter,101,95872,0,0,0,0,0
2020-02-10,Tehama,103,63373,0,0,0,0,0
2020-02-10,Trinity,105,12862,0,0,0,0,0
2020-02-10,Tulare,107,460477,2,0,0,0,0
2020-02-10,Tuolumne,109,53932,0,0,0,0,0
2020-02-10,Ventura,111,848112,2,0,0,0,0
2020-02-10,Yolo,113,214977,0,0,0,0,0
2020-02-10,Yuba,115,75493,0,0,0,0,0
2020-02-09,Alameda,001,1643700,5,0,0,0,0
2020-02-09,Alpine,002,1148,0,0,0,0,0
2020-02-09,Amador,005,37829,0,0,0,0,0
2020-02-09,Butte,007,227075,0,0,0,0,0
2020-02-09,Calaveras,009,45235,0,0,0,0,0
2020-02-09,Colusa,011,21464,0,0,0,0,0
2020-02-09,Contra Costa,013,1133247,3,0,0,0,0
2020-02-09,Del Norte,015,27424,0,0,0,0,0
2020-02-09,El Dorado,017,186661,0,0,0,0,0
2020-02-09,Fresno,019,978130,0,0,0,0,0
2020-02-09,Glenn,021,27897,0,0,0,0,0
2020-02-09,Humboldt,023,135768,0,0,0,0,0
2020-02-09,Imperial,025,180216,0,0,0,0,0
2020-02-09,Inyo,027,18085,0,0,0,0,0
2020-02-09,Kern,029,883053,2,0,0,0,0
2020-02-09,Kings,031,150075,0,0,0,0,0
2020-02-09,Lake,033,64148,0,0,0,0,0
2020-02-09,Lassen,035,31185,0,0,0,0,0
2020-02-09,Los Angeles,037,10098052,28,1,3,4,0
2020-02-09,Madera,039,155013,0,0,0,0,0
2020-02-09,Marin,041,260295,0,0,0,0,0
2020-02-09,Mariposa,043,17540,0,0,0,0,0
2020-02-09,Mendocino,045,87422,0,0,0,0,0
2020-02-09,Merced,047,269075,0,0,0,0,0
2020-02-09,Modoc,049,8938,0,0,0,0,0
2020-02-09,Mono,051,14174,0,0,0,0,0
2020-02-09,Monterey,053,433212,1,0,0,0,0
2020-02-09,Napa,055,140530,0,0,0,0,0
2020-02-09,Nevada,057,99092,0,0,0,0,0
2020-02-09,Orange,059,3164182,36,1,0,1,0
2020-02-09,Placer,061,380077,0,0,0,0,0
2020-02-09,Plumas,063,18699,0,0,0,0,0
2020-02-09,Riverside,065,2383286,4,0,0,0,0
2020-02-09,Sacramento,067,1510023,0,0,0,0,0
2020-02-09,San Benito,069,59416,0,2,0,2,0
2020-02-09,San Bernardino,071,2135413,7,0,0,0,0
2020-02-09,San Diego,073,3302833,0,0,0,0,0
2020-02-09,San Francisco,075,870044,1,0,0,0,0
2020-02-09,San Joaquin,077,732212,0,0,1,1,0
2020-02-09,San Luis Obispo,079,281455,0,0,0,0,0
2020-02-09,San Mateo,081,765935,2,0,0,0,0
2020-02-09,Santa Barbara,083,443738,0,0,0,0,0
2020-02-09,Santa Clara,085,1922200,4,2,0,2,0
2020-02-09,Santa Cruz,087,273765,0,0,0,0,0
2020-02-09,Shasta,089,179085,0,0,0,0,0
2020-02-09,Sierra,091,2930,0,0,0,0,0
2020-02-09,Siskiyou,093,43540,0,0,0,0,0
2020-02-09,Solano,095,438530,0,0,0,0,0
2020-02-09,Sonoma,097,501317,0,0,0,0,0
2020-02-09,Stanislaus,099,539301,0,0,0,0,0
2020-02-09,Sutter,101,95872,0,0,0,0,0
2020-02-09,Tehama,103,63373,0,0,0,0,0
2020-02-09,Trinity,105,12862,0,0,0,0,0
2020-02-09,Tulare,107,460477,2,0,0,0,0
2020-02-09,Tuolumne,109,53932,0,0,0,0,0
2020-02-09,Ventura,111,848112,1,0,0,0,0
2020-02-09,Yolo,113,214977,0,0,0,0,0
2020-02-09,Yuba,115,75493,0,0,0,0,0
2020-02-08,Alameda,001,1643700,4,0,0,0,0
2020-02-08,Alpine,002,1148,0,0,0,0,0
2020-02-08,Amador,005,37829,0,0,0,0,0
2020-02-08,Butte,007,227075,0,0,0,0,0
2020-02-08,Calaveras,009,45235,0,0,0,0,0
2020-02-08,Colusa,011,21464,0,0,0,0,0
2020-02-08,Contra Costa,013,1133247,2,0,0,0,0
2020-02-08,Del Norte,015,27424,0,0,0,0,0
2020-02-08,El Dorado,017,186661,0,0,0,0,0
2020-02-08,Fresno,019,978130,0,0,0,0,0
2020-02-08,Glenn,021,27897,0,0,0,0,0
2020-02-08,Humboldt,023,135768,0,0,0,0,0
2020-02-08,Imperial,025,180216,0,0,0,0,0
2020-02-08,Inyo,027,18085,0,0,0,0,0
2020-02-08,Kern,029,883053,2,0,0,0,0
2020-02-08,Kings,031,150075,0,0,0,0,0
2020-02-08,Lake,033,64148,0,0,0,0,0
2020-02-08,Lassen,035,31185,0,0,0,0,0
2020-02-08,Los Angeles,037,10098052,25,1,1,2,0
2020-02-08,Madera,039,155013,0,0,0,0,0
2020-02-08,Marin,041,260295,0,0,0,0,0
2020-02-08,Mariposa,043,17540,0,0,0,0,0
2020-02-08,Mendocino,045,87422,0,0,0,0,0
2020-02-08,Merced,047,269075,0,0,0,0,0
2020-02-08,Modoc,049,8938,0,0,0,0,0
2020-02-08,Mono,051,14174,0,0,0,0,0
2020-02-08,Monterey,053,433212,1,0,0,0,0
2020-02-08,Napa,055,140530,0,0,0,0,0
2020-02-08,Nevada,057,99092,0,0,0,0,0
2020-02-08,Orange,059,3164182,36,1,0,1,0
2020-02-08,Placer,061,380077,0,0,0,0,0
2020-02-08,Plumas,063,18699,0,0,0,0,0
2020-02-08,Riverside,065,2383286,4,0,0,0,0
2020-02-08,Sacramento,067,1510023,0,0,0,0,0
2020-02-08,San Benito,069,59416,0,2,0,2,0
2020-02-08,San Bernardino,071,2135413,7,0,0,0,0
2020-02-08,San Diego,073,3302833,0,0,0,0,0
2020-02-08,San Francisco,075,870044,1,0,0,0,0
2020-02-08,San Joaquin,077,732212,0,0,1,1,0
2020-02-08,San Luis Obispo,079,281455,0,0,0,0,0
2020-02-08,San Mateo,081,765935,2,0,0,0,0
2020-02-08,Santa Barbara,083,443738,0,0,0,0,0
2020-02-08,Santa Clara,085,1922200,4,2,0,2,0
2020-02-08,Santa Cruz,087,273765,0,0,0,0,0
2020-02-08,Shasta,089,179085,0,0,0,0,0
2020-02-08,Sierra,091,2930,0,0,0,0,0
2020-02-08,Siskiyou,093,43540,0,0,0,0,0
2020-02-08,Solano,095,438530,0,0,0,0,0
2020-02-08,Sonoma,097,501317,0,0,0,0,0
2020-02-08,Stanislaus,099,539301,0,0,0,0,0
2020-02-08,Sutter,101,95872,0,0,0,0,0
2020-02-08,Tehama,103,63373,0,0,0,0,0
2020-02-08,Trinity,105,12862,0,0,0,0,0
2020-02-08,Tulare,107,460477,2,0,0,0,0
2020-02-08,Tuolumne,109,53932,0,0,0,0,0
2020-02-08,Ventura,111,848112,1,0,0,0,0
2020-02-08,Yolo,113,214977,0,0,0,0,0
2020-02-08,Yuba,115,75493,0,0,0,0,0
2020-02-07,Alameda,001,1643700,4,0,0,0,0
2020-02-07,Alpine,002,1148,0,0,0,0,0
2020-02-07,Amador,005,37829,0,0,0,0,0
2020-02-07,Butte,007,227075,0,0,0,0,0
2020-02-07,Calaveras,009,45235,0,0,0,0,0
2020-02-07,Colusa,011,21464,0,0,0,0,0
2020-02-07,Contra Costa,013,1133247,2,0,0,0,0
2020-02-07,Del Norte,015,27424,0,0,0,0,0
2020-02-07,El Dorado,017,186661,0,0,0,0,0
2020-02-07,Fresno,019,978130,0,0,0,0,0
2020-02-07,Glenn,021,27897,0,0,0,0,0
2020-02-07,Humboldt,023,135768,0,0,0,0,0
2020-02-07,Imperial,025,180216,0,0,0,0,0
2020-02-07,Inyo,027,18085,0,0,0,0,0
2020-02-07,Kern,029,883053,2,0,0,0,0
2020-02-07,Kings,031,150075,0,0,0,0,0
2020-02-07,Lake,033,64148,0,0,0,0,0
2020-02-07,Lassen,035,31185,0,0,0,0,0
2020-02-07,Los Angeles,037,10098052,24,1,0,1,0
2020-02-07,Madera,039,155013,0,0,0,0,0
2020-02-07,Marin,041,260295,0,0,0,0,0
2020-02-07,Mariposa,043,17540,0,0,0,0,0
2020-02-07,Mendocino,045,87422,0,0,0,0,0
2020-02-07,Merced,047,269075,0,0,0,0,0
2020-02-07,Modoc,049,8938,0,0,0,0,0
2020-02-07,Mono,051,14174,0,0,0,0,0
2020-02-07,Monterey,053,433212,1,0,0,0,0
2020-02-07,Napa,055,140530,0,0,0,0,0
2020-02-07,Nevada,057,99092,0,0,0,0,0
2020-02-07,Orange,059,3164182,34,1,0,1,0
2020-02-07,Placer,061,380077,0,0,0,0,0
2020-02-07,Plumas,063,18699,0,0,0,0,0
2020-02-07,Riverside,065,2383286,4,0,0,0,0
2020-02-07,Sacramento,067,1510023,0,0,0,0,0
2020-02-07,San Benito,069,59416,0,2,0,2,0
2020-02-07,San Bernardino,071,2135413,4,0,0,0,0
2020-02-07,San Diego,073,3302833,0,0,0,0,0
2020-02-07,San Francisco,075,870044,1,0,0,0,0
2020-02-07,San Joaquin,077,732212,0,0,1,1,0
2020-02-07,San Luis Obispo,079,281455,0,0,0,0,0
2020-02-07,San Mateo,081,765935,1,0,0,0,0
2020-02-07,Santa Barbara,083,443738,0,0,0,0,0
2020-02-07,Santa Clara,085,1922200,4,2,0,2,0
2020-02-07,Santa Cruz,087,273765,0,0,0,0,0
2020-02-07,Shasta,089,179085,0,0,0,0,0
2020-02-07,Sierra,091,2930,0,0,0,0,0
2020-02-07,Siskiyou,093,43540,0,0,0,0,0
2020-02-07,Solano,095,438530,0,0,0,0,0
2020-02-07,Sonoma,097,501317,0,0,0,0,0
2020-02-07,Stanislaus,099,539301,0,0,0,0,0
2020-02-07,Sutter,101,95872,0,0,0,0,0
2020-02-07,Tehama,103,63373,0,0,0,0,0
2020-02-07,Trinity,105,12862,0,0,0,0,0
2020-02-07,Tulare,107,460477,2,0,0,0,0
2020-02-07,Tuolumne,109,53932,0,0,0,0,0
2020-02-07,Ventura,111,848112,1,0,0,0,0
2020-02-07,Yolo,113,214977,0,0,0,0,0
2020-02-07,Yuba,115,75493,0,0,0,0,0
2020-02-06,Alameda,001,1643700,4,0,0,0,0
2020-02-06,Alpine,002,1148,0,0,0,0,0
2020-02-06,Amador,005,37829,0,0,0,0,0
2020-02-06,Butte,007,227075,0,0,0,0,0
2020-02-06,Calaveras,009,45235,0,0,0,0,0
2020-02-06,Colusa,011,21464,0,0,0,0,0
2020-02-06,Contra Costa,013,1133247,2,0,0,0,0
2020-02-06,Del Norte,015,27424,0,0,0,0,0
2020-02-06,El Dorado,017,186661,0,0,0,0,0
2020-02-06,Fresno,019,978130,0,0,0,0,0
2020-02-06,Glenn,021,27897,0,0,0,0,0
2020-02-06,Humboldt,023,135768,0,0,0,0,0
2020-02-06,Imperial,025,180216,0,0,0,0,0
2020-02-06,Inyo,027,18085,0,0,0,0,0
2020-02-06,Kern,029,883053,2,0,0,0,0
2020-02-06,Kings,031,150075,0,0,0,0,0
2020-02-06,Lake,033,64148,0,0,0,0,0
2020-02-06,Lassen,035,31185,0,0,0,0,0
2020-02-06,Los Angeles,037,10098052,23,1,0,1,0
2020-02-06,Madera,039,155013,0,0,0,0,0
2020-02-06,Marin,041,260295,0,0,0,0,0
2020-02-06,Mariposa,043,17540,0,0,0,0,0
2020-02-06,Mendocino,045,87422,0,0,0,0,0
2020-02-06,Merced,047,269075,0,0,0,0,0
2020-02-06,Modoc,049,8938,0,0,0,0,0
2020-02-06,Mono,051,14174,0,0,0,0,0
2020-02-06,Monterey,053,433212,1,0,0,0,0
2020-02-06,Napa,055,140530,0,0,0,0,0
2020-02-06,Nevada,057,99092,0,0,0,0,0
2020-02-06,Orange,059,3164182,4,1,0,1,0
2020-02-06,Placer,061,380077,0,0,0,0,0
2020-02-06,Plumas,063,18699,0,0,0,0,0
2020-02-06,Riverside,065,2383286,4,0,0,0,0
2020-02-06,Sacramento,067,1510023,0,0,0,0,0
2020-02-06,San Benito,069,59416,0,2,0,2,0
2020-02-06,San Bernardino,071,2135413,4,0,0,0,0
2020-02-06,San Diego,073,3302833,0,0,0,0,0
2020-02-06,San Francisco,075,870044,1,0,0,0,0
2020-02-06,San Joaquin,077,732212,0,0,1,1,0
2020-02-06,San Luis Obispo,079,281455,0,0,0,0,0
2020-02-06,San Mateo,081,765935,1,0,0,0,0
2020-02-06,Santa Barbara,083,443738,0,0,0,0,0
2020-02-06,Santa Clara,085,1922200,4,2,0,2,0
2020-02-06,Santa Cruz,087,273765,0,0,0,0,0
2020-02-06,Shasta,089,179085,0,0,0,0,0
2020-02-06,Sierra,091,2930,0,0,0,0,0
2020-02-06,Siskiyou,093,43540,0,0,0,0,0
2020-02-06,Solano,095,438530,0,0,0,0,0
2020-02-06,Sonoma,097,501317,0,0,0,0,0
2020-02-06,Stanislaus,099,539301,0,0,0,0,0
2020-02-06,Sutter,101,95872,0,0,0,0,0
2020-02-06,Tehama,103,63373,0,0,0,0,0
2020-02-06,Trinity,105,12862,0,0,0,0,0
2020-02-06,Tulare,107,460477,2,0,0,0,0
2020-02-06,Tuolumne,109,53932,0,0,0,0,0
2020-02-06,Ventura,111,848112,1,0,0,0,0
2020-02-06,Yolo,113,214977,0,0,0,0,0
2020-02-06,Yuba,115,75493,0,0,0,0,0
2020-02-05,Alameda,001,1643700,3,0,0,0,0
2020-02-05,Alpine,002,1148,0,0,0,0,0
2020-02-05,Amador,005,37829,0,0,0,0,0
2020-02-05,Butte,007,227075,0,0,0,0,0
2020-02-05,Calaveras,009,45235,0,0,0,0,0
2020-02-05,Colusa,011,21464,0,0,0,0,0
2020-02-05,Contra Costa,013,1133247,2,0,0,0,0
2020-02-05,Del Norte,015,27424,0,0,0,0,0
2020-02-05,El Dorado,017,186661,0,0,0,0,0
2020-02-05,Fresno,019,978130,0,0,0,0,0
2020-02-05,Glenn,021,27897,0,0,0,0,0
2020-02-05,Humboldt,023,135768,0,0,0,0,0
2020-02-05,Imperial,025,180216,0,0,0,0,0
2020-02-05,Inyo,027,18085,0,0,0,0,0
2020-02-05,Kern,029,883053,1,0,0,0,0
2020-02-05,Kings,031,150075,0,0,0,0,0
2020-02-05,Lake,033,64148,0,0,0,0,0
2020-02-05,Lassen,035,31185,0,0,0,0,0
2020-02-05,Los Angeles,037,10098052,23,1,0,1,0
2020-02-05,Madera,039,155013,0,0,0,0,0
2020-02-05,Marin,041,260295,0,0,0,0,0
2020-02-05,Mariposa,043,17540,0,0,0,0,0
2020-02-05,Mendocino,045,87422,0,0,0,0,0
2020-02-05,Merced,047,269075,0,0,0,0,0
2020-02-05,Modoc,049,8938,0,0,0,0,0
2020-02-05,Mono,051,14174,0,0,0,0,0
2020-02-05,Monterey,053,433212,1,0,0,0,0
2020-02-05,Napa,055,140530,0,0,0,0,0
2020-02-05,Nevada,057,99092,0,0,0,0,0
2020-02-05,Orange,059,3164182,3,1,0,1,0
2020-02-05,Placer,061,380077,0,0,0,0,0
2020-02-05,Plumas,063,18699,0,0,0,0,0
2020-02-05,Riverside,065,2383286,4,0,0,0,0
2020-02-05,Sacramento,067,1510023,0,0,0,0,0
2020-02-05,San Benito,069,59416,0,2,0,2,0
2020-02-05,San Bernardino,071,2135413,4,0,0,0,0
2020-02-05,San Diego,073,3302833,0,0,0,0,0
2020-02-05,San Francisco,075,870044,1,0,0,0,0
2020-02-05,San Joaquin,077,732212,0,0,1,1,0
2020-02-05,San Luis Obispo,079,281455,0,0,0,0,0
2020-02-05,San Mateo,081,765935,1,0,0,0,0
2020-02-05,Santa Barbara,083,443738,0,0,0,0,0
2020-02-05,Santa Clara,085,1922200,2,2,0,2,0
2020-02-05,Santa Cruz,087,273765,0,0,0,0,0
2020-02-05,Shasta,089,179085,0,0,0,0,0
2020-02-05,Sierra,091,2930,0,0,0,0,0
2020-02-05,Siskiyou,093,43540,0,0,0,0,0
2020-02-05,Solano,095,438530,0,0,0,0,0
2020-02-05,Sonoma,097,501317,0,0,0,0,0
2020-02-05,Stanislaus,099,539301,0,0,0,0,0
2020-02-05,Sutter,101,95872,0,0,0,0,0
2020-02-05,Tehama,103,63373,0,0,0,0,0
2020-02-05,Trinity,105,12862,0,0,0,0,0
2020-02-05,Tulare,107,460477,2,0,0,0,0
2020-02-05,Tuolumne,109,53932,0,0,0,0,0
2020-02-05,Ventura,111,848112,0,0,0,0,0
2020-02-05,Yolo,113,214977,0,0,0,0,0
2020-02-05,Yuba,115,75493,0,0,0,0,0
2020-02-04,Alameda,001,1643700,3,0,0,0,0
2020-02-04,Alpine,002,1148,0,0,0,0,0
2020-02-04,Amador,005,37829,0,0,0,0,0
2020-02-04,Butte,007,227075,0,0,0,0,0
2020-02-04,Calaveras,009,45235,0,0,0,0,0
2020-02-04,Colusa,011,21464,0,0,0,0,0
2020-02-04,Contra Costa,013,1133247,2,0,0,0,0
2020-02-04,Del Norte,015,27424,0,0,0,0,0
2020-02-04,El Dorado,017,186661,0,0,0,0,0
2020-02-04,Fresno,019,978130,0,0,0,0,0
2020-02-04,Glenn,021,27897,0,0,0,0,0
2020-02-04,Humboldt,023,135768,0,0,0,0,0
2020-02-04,Imperial,025,180216,0,0,0,0,0
2020-02-04,Inyo,027,18085,0,0,0,0,0
2020-02-04,Kern,029,883053,0,0,0,0,0
2020-02-04,Kings,031,150075,0,0,0,0,0
2020-02-04,Lake,033,64148,0,0,0,0,0
2020-02-04,Lassen,035,31185,0,0,0,0,0
2020-02-04,Los Angeles,037,10098052,23,1,0,1,0
2020-02-04,Madera,039,155013,0,0,0,0,0
2020-02-04,Marin,041,260295,0,0,0,0,0
2020-02-04,Mariposa,043,17540,0,0,0,0,0
2020-02-04,Mendocino,045,87422,0,0,0,0,0
2020-02-04,Merced,047,269075,0,0,0,0,0
2020-02-04,Modoc,049,8938,0,0,0,0,0
2020-02-04,Mono,051,14174,0,0,0,0,0
2020-02-04,Monterey,053,433212,1,0,0,0,0
2020-02-04,Napa,055,140530,0,0,0,0,0
2020-02-04,Nevada,057,99092,0,0,0,0,0
2020-02-04,Orange,059,3164182,3,1,0,1,0
2020-02-04,Placer,061,380077,0,0,0,0,0
2020-02-04,Plumas,063,18699,0,0,0,0,0
2020-02-04,Riverside,065,2383286,4,0,0,0,0
2020-02-04,Sacramento,067,1510023,0,0,0,0,0
2020-02-04,San Benito,069,59416,0,2,0,2,0
2020-02-04,San Bernardino,071,2135413,3,0,0,0,0
2020-02-04,San Diego,073,3302833,0,0,0,0,0
2020-02-04,San Francisco,075,870044,1,0,0,0,0
2020-02-04,San Joaquin,077,732212,0,0,1,1,0
2020-02-04,San Luis Obispo,079,281455,0,0,0,0,0
2020-02-04,San Mateo,081,765935,0,0,0,0,0
2020-02-04,Santa Barbara,083,443738,0,0,0,0,0
2020-02-04,Santa Clara,085,1922200,2,2,0,2,0
2020-02-04,Santa Cruz,087,273765,0,0,0,0,0
2020-02-04,Shasta,089,179085,0,0,0,0,0
2020-02-04,Sierra,091,2930,0,0,0,0,0
2020-02-04,Siskiyou,093,43540,0,0,0,0,0
2020-02-04,Solano,095,438530,0,0,0,0,0
2020-02-04,Sonoma,097,501317,0,0,0,0,0
2020-02-04,Stanislaus,099,539301,0,0,0,0,0
2020-02-04,Sutter,101,95872,0,0,0,0,0
2020-02-04,Tehama,103,63373,0,0,0,0,0
2020-02-04,Trinity,105,12862,0,0,0,0,0
2020-02-04,Tulare,107,460477,2,0,0,0,0
2020-02-04,Tuolumne,109,53932,0,0,0,0,0
2020-02-04,Ventura,111,848112,0,0,0,0,0
2020-02-04,Yolo,113,214977,0,0,0,0,0
2020-02-04,Yuba,115,75493,0,0,0,0,0
2020-02-03,Alameda,001,1643700,3,0,0,0,0
2020-02-03,Alpine,002,1148,0,0,0,0,0
2020-02-03,Amador,005,37829,0,0,0,0,0
2020-02-03,Butte,007,227075,0,0,0,0,0
2020-02-03,Calaveras,009,45235,0,0,0,0,0
2020-02-03,Colusa,011,21464,0,0,0,0,0
2020-02-03,Contra Costa,013,1133247,2,0,0,0,0
2020-02-03,Del Norte,015,27424,0,0,0,0,0
2020-02-03,El Dorado,017,186661,0,0,0,0,0
2020-02-03,Fresno,019,978130,0,0,0,0,0
2020-02-03,Glenn,021,27897,0,0,0,0,0
2020-02-03,Humboldt,023,135768,0,0,0,0,0
2020-02-03,Imperial,025,180216,0,0,0,0,0
2020-02-03,Inyo,027,18085,0,0,0,0,0
2020-02-03,Kern,029,883053,0,0,0,0,0
2020-02-03,Kings,031,150075,0,0,0,0,0
2020-02-03,Lake,033,64148,0,0,0,0,0
2020-02-03,Lassen,035,31185,0,0,0,0,0
2020-02-03,Los Angeles,037,10098052,22,1,0,1,0
2020-02-03,Madera,039,155013,0,0,0,0,0
2020-02-03,Marin,041,260295,0,0,0,0,0
2020-02-03,Mariposa,043,17540,0,0,0,0,0
2020-02-03,Mendocino,045,87422,0,0,0,0,0
2020-02-03,Merced,047,269075,0,0,0,0,0
2020-02-03,Modoc,049,8938,0,0,0,0,0
2020-02-03,Mono,051,14174,0,0,0,0,0
2020-02-03,Monterey,053,433212,1,0,0,0,0
2020-02-03,Napa,055,140530,0,0,0,0,0
2020-02-03,Nevada,057,99092,0,0,0,0,0
2020-02-03,Orange,059,3164182,1,1,0,1,0
2020-02-03,Placer,061,380077,0,0,0,0,0
2020-02-03,Plumas,063,18699,0,0,0,0,0
2020-02-03,Riverside,065,2383286,4,0,0,0,0
2020-02-03,Sacramento,067,1510023,0,0,0,0,0
2020-02-03,San Benito,069,59416,0,2,0,2,0
2020-02-03,San Bernardino,071,2135413,3,0,0,0,0
2020-02-03,San Diego,073,3302833,0,0,0,0,0
2020-02-03,San Francisco,075,870044,1,0,0,0,0
2020-02-03,San Joaquin,077,732212,0,0,1,1,0
2020-02-03,San Luis Obispo,079,281455,0,0,0,0,0
2020-02-03,San Mateo,081,765935,0,0,0,0,0
2020-02-03,Santa Barbara,083,443738,0,0,0,0,0
2020-02-03,Santa Clara,085,1922200,2,2,0,2,0
2020-02-03,Santa Cruz,087,273765,0,0,0,0,0
2020-02-03,Shasta,089,179085,0,0,0,0,0
2020-02-03,Sierra,091,2930,0,0,0,0,0
2020-02-03,Siskiyou,093,43540,0,0,0,0,0
2020-02-03,Solano,095,438530,0,0,0,0,0
2020-02-03,Sonoma,097,501317,0,0,0,0,0
2020-02-03,Stanislaus,099,539301,0,0,0,0,0
2020-02-03,Sutter,101,95872,0,0,0,0,0
2020-02-03,Tehama,103,63373,0,0,0,0,0
2020-02-03,Trinity,105,12862,0,0,0,0,0
2020-02-03,Tulare,107,460477,2,0,0,0,0
2020-02-03,Tuolumne,109,53932,0,0,0,0,0
2020-02-03,Ventura,111,848112,0,0,0,0,0
2020-02-03,Yolo,113,214977,0,0,0,0,0
2020-02-03,Yuba,115,75493,0,0,0,0,0
2020-02-02,Alameda,001,1643700,3,0,0,0,0
2020-02-02,Alpine,002,1148,0,0,0,0,0
2020-02-02,Amador,005,37829,0,0,0,0,0
2020-02-02,Butte,007,227075,0,0,0,0,0
2020-02-02,Calaveras,009,45235,0,0,0,0,0
2020-02-02,Colusa,011,21464,0,0,0,0,0
2020-02-02,Contra Costa,013,1133247,1,0,0,0,0
2020-02-02,Del Norte,015,27424,0,0,0,0,0
2020-02-02,El Dorado,017,186661,0,0,0,0,0
2020-02-02,Fresno,019,978130,0,0,0,0,0
2020-02-02,Glenn,021,27897,0,0,0,0,0
2020-02-02,Humboldt,023,135768,0,0,0,0,0
2020-02-02,Imperial,025,180216,0,0,0,0,0
2020-02-02,Inyo,027,18085,0,0,0,0,0
2020-02-02,Kern,029,883053,0,0,0,0,0
2020-02-02,Kings,031,150075,0,0,0,0,0
2020-02-02,Lake,033,64148,0,0,0,0,0
2020-02-02,Lassen,035,31185,0,0,0,0,0
2020-02-02,Los Angeles,037,10098052,18,1,0,1,0
2020-02-02,Madera,039,155013,0,0,0,0,0
2020-02-02,Marin,041,260295,0,0,0,0,0
2020-02-02,Mariposa,043,17540,0,0,0,0,0
2020-02-02,Mendocino,045,87422,0,0,0,0,0
2020-02-02,Merced,047,269075,0,0,0,0,0
2020-02-02,Modoc,049,8938,0,0,0,0,0
2020-02-02,Mono,051,14174,0,0,0,0,0
2020-02-02,Monterey,053,433212,1,0,0,0,0
2020-02-02,Napa,055,140530,0,0,0,0,0
2020-02-02,Nevada,057,99092,0,0,0,0,0
2020-02-02,Orange,059,3164182,1,1,0,1,0
2020-02-02,Placer,061,380077,0,0,0,0,0
2020-02-02,Plumas,063,18699,0,0,0,0,0
2020-02-02,Riverside,065,2383286,3,0,0,0,0
2020-02-02,Sacramento,067,1510023,0,0,0,0,0
2020-02-02,San Benito,069,59416,0,2,0,2,0
2020-02-02,San Bernardino,071,2135413,2,0,0,0,0
2020-02-02,San Diego,073,3302833,0,0,0,0,0
2020-02-02,San Francisco,075,870044,1,0,0,0,0
2020-02-02,San Joaquin,077,732212,0,0,1,1,0
2020-02-02,San Luis Obispo,079,281455,0,0,0,0,0
2020-02-02,San Mateo,081,765935,0,0,0,0,0
2020-02-02,Santa Barbara,083,443738,0,0,0,0,0
2020-02-02,Santa Clara,085,1922200,2,2,0,2,0
2020-02-02,Santa Cruz,087,273765,0,0,0,0,0
2020-02-02,Shasta,089,179085,0,0,0,0,0
2020-02-02,Sierra,091,2930,0,0,0,0,0
2020-02-02,Siskiyou,093,43540,0,0,0,0,0
2020-02-02,Solano,095,438530,0,0,0,0,0
2020-02-02,Sonoma,097,501317,0,0,0,0,0
2020-02-02,Stanislaus,099,539301,0,0,0,0,0
2020-02-02,Sutter,101,95872,0,0,0,0,0
2020-02-02,Tehama,103,63373,0,0,0,0,0
2020-02-02,Trinity,105,12862,0,0,0,0,0
2020-02-02,Tulare,107,460477,2,0,0,0,0
2020-02-02,Tuolumne,109,53932,0,0,0,0,0
2020-02-02,Ventura,111,848112,0,0,0,0,0
2020-02-02,Yolo,113,214977,0,0,0,0,0
2020-02-02,Yuba,115,75493,0,0,0,0,0
2020-02-01,Alameda,001,1643700,3,0,0,0,0
2020-02-01,Alpine,002,1148,0,0,0,0,0
2020-02-01,Amador,005,37829,0,0,0,0,0
2020-02-01,Butte,007,227075,0,0,0,0,0
2020-02-01,Calaveras,009,45235,0,0,0,0,0
2020-02-01,Colusa,011,21464,0,0,0,0,0
2020-02-01,Contra Costa,013,1133247,0,0,0,0,0
2020-02-01,Del Norte,015,27424,0,0,0,0,0
2020-02-01,El Dorado,017,186661,0,0,0,0,0
2020-02-01,Fresno,019,978130,0,0,0,0,0
2020-02-01,Glenn,021,27897,0,0,0,0,0
2020-02-01,Humboldt,023,135768,0,0,0,0,0
2020-02-01,Imperial,025,180216,0,0,0,0,0
2020-02-01,Inyo,027,18085,0,0,0,0,0
2020-02-01,Kern,029,883053,0,0,0,0,0
2020-02-01,Kings,031,150075,0,0,0,0,0
2020-02-01,Lake,033,64148,0,0,0,0,0
2020-02-01,Lassen,035,31185,0,0,0,0,0
2020-02-01,Los Angeles,037,10098052,14,1,0,1,0
2020-02-01,Madera,039,155013,0,0,0,0,0
2020-02-01,Marin,041,260295,0,0,0,0,0
2020-02-01,Mariposa,043,17540,0,0,0,0,0
2020-02-01,Mendocino,045,87422,0,0,0,0,0
2020-02-01,Merced,047,269075,0,0,0,0,0
2020-02-01,Modoc,049,8938,0,0,0,0,0
2020-02-01,Mono,051,14174,0,0,0,0,0
2020-02-01,Monterey,053,433212,0,0,0,0,0
2020-02-01,Napa,055,140530,0,0,0,0,0
2020-02-01,Nevada,057,99092,0,0,0,0,0
2020-02-01,Orange,059,3164182,1,1,0,1,0
2020-02-01,Placer,061,380077,0,0,0,0,0
2020-02-01,Plumas,063,18699,0,0,0,0,0
2020-02-01,Riverside,065,2383286,2,0,0,0,0
2020-02-01,Sacramento,067,1510023,0,0,0,0,0
2020-02-01,San Benito,069,59416,0,0,0,0,0
2020-02-01,San Bernardino,071,2135413,1,0,0,0,0
2020-02-01,San Diego,073,3302833,0,0,0,0,0
2020-02-01,San Francisco,075,870044,1,0,0,0,0
2020-02-01,San Joaquin,077,732212,0,0,1,1,0
2020-02-01,San Luis Obispo,079,281455,0,0,0,0,0
2020-02-01,San Mateo,081,765935,0,0,0,0,0
2020-02-01,Santa Barbara,083,443738,0,0,0,0,0
2020-02-01,Santa Clara,085,1922200,2,1,0,1,0
2020-02-01,Santa Cruz,087,273765,0,0,0,0,0
2020-02-01,Shasta,089,179085,0,0,0,0,0
2020-02-01,Sierra,091,2930,0,0,0,0,0
2020-02-01,Siskiyou,093,43540,0,0,0,0,0
2020-02-01,Solano,095,438530,0,0,0,0,0
2020-02-01,Sonoma,097,501317,0,0,0,0,0
2020-02-01,Stanislaus,099,539301,0,0,0,0,0
2020-02-01,Sutter,101,95872,0,0,0,0,0
2020-02-01,Tehama,103,63373,0,0,0,0,0
2020-02-01,Trinity,105,12862,0,0,0,0,0
2020-02-01,Tulare,107,460477,1,0,0,0,0
2020-02-01,Tuolumne,109,53932,0,0,0,0,0
2020-02-01,Ventura,111,848112,0,0,0,0,0
2020-02-01,Yolo,113,214977,0,0,0,0,0
2020-02-01,Yuba,115,75493,0,0,0,0,0
