date,county,fips,population,confirmed_cases,reported_cases,probable_cases,reported_and_probable_cases,reported_deaths
2022-06-20,Alameda,001,1643700,299570,299567,16692,316259,1888
2022-06-20,Alpine,003,1148,129,129,1,130,0
2022-06-20,Amador,005,37829,9109,9049,702,9751,87
2022-06-20,Butte,007,227075,35211,35203,7301,42504,433
2022-06-20,Calaveras,009,45235,7718,7716,413,8129,122
2022-06-20,Colusa,011,21464,3529,3529,1131,4660,21
2022-06-20,Contra Costa,013,1133247,216433,216355,15731,232086,1328
2022-06-20,Del Norte,015,27424,6369,6367,289,6656,52
2022-06-20,El Dorado,017,186661,29136,29139,3504,32643,215
2022-06-20,Fresno,019,978130,244125,244129,25467,269596,2772
2022-06-20,Glenn,021,27897,5162,5161,1665,6826,48
2022-06-20,Humboldt,023,135768,19112,19111,3612,22723,148
2022-06-20,Imperial,025,180216,57878,57866,11426,69292,944
2022-06-20,Inyo,027,18085,4224,4222,629,4851,56
2022-06-20,Kern,029,883053,199810,199721,49157,248878,2341
2022-06-20,Kings,031,150075,53585,53568,3755,57323,448
2022-06-20,Lake,033,64148,11433,11426,966,12392,140
2022-06-20,Lassen,035,31185,9260,9259,930,10189,64
2022-06-20,Los Angeles,037,10098052,2925406,2925667,140380,3066047,32015
2022-06-20,Madera,039,155013,39175,39139,6486,45625,372
2022-06-20,Marin,041,260295,39682,39687,4505,44192,297
2022-06-20,Mariposa,043,17540,2698,2695,235,2930,30
2022-06-20,Mendocino,045,87422,14206,14201,3580,17781,127
2022-06-20,Merced,047,269075,65142,65120,9392,74512,827
2022-06-20,Modoc,049,8938,773,773,265,1038,8
2022-06-20,Mono,051,14174,3073,3073,177,3250,7
2022-06-20,Monterey,053,433212,84854,84752,16535,101287,742
2022-06-20,Napa,055,140530,28890,28894,1204,30098,144
2022-06-20,Nevada,057,99092,17272,17280,1355,18635,129
2022-06-20,Orange,059,3164182,592323,592215,48151,640366,7084
2022-06-20,Placer,061,380077,68490,68447,8072,76519,628
2022-06-20,Plumas,063,18699,3219,3220,393,3613,13
2022-06-20,Riverside,065,2383286,623647,623584,30292,653876,6491
2022-06-20,Sacramento,067,1510023,309114,309105,30795,339900,3071
2022-06-20,San Benito,069,59416,14131,14128,602,14730,99
2022-06-20,San Bernardino,071,2135413,595592,595517,26395,621912,7774
2022-06-20,San Diego,073,3302833,815125,815124,58362,873486,5318
2022-06-20,San Francisco,075,870044,154205,154213,10117,164330,897
2022-06-20,San Joaquin,077,732212,177674,177637,11646,189283,2251
2022-06-20,San Luis Obispo,079,281455,57169,57177,5135,62312,485
2022-06-20,San Mateo,081,765935,145778,145781,8979,154760,723
2022-06-20,Santa Barbara,083,443738,93599,93576,5249,98825,700
2022-06-20,Santa Clara,085,1922200,370708,370678,15826,386504,2340
2022-06-20,Santa Cruz,087,273765,54536,54525,2577,57102,265
2022-06-20,Shasta,089,179085,31793,31786,6373,38159,570
2022-06-20,Sierra,091,2930,283,283,56,339,4
2022-06-20,Siskiyou,093,43540,4711,4711,2964,7675,81
2022-06-20,Solano,095,438530,91632,91528,6358,97886,454
2022-06-20,Sonoma,097,501317,95377,95363,3946,99309,493
2022-06-20,Stanislaus,099,539301,124029,124023,18623,142646,1670
2022-06-20,Sutter,101,95872,21642,21649,2288,23937,227
2022-06-20,Tehama,103,63373,12459,12465,2739,15204,205
2022-06-20,Trinity,105,12862,1223,1223,299,1522,20
2022-06-20,Tulare,107,460477,110821,110768,30748,141516,1496
2022-06-20,Tuolumne,109,53932,13601,13596,641,14237,189
2022-06-20,Ventura,111,848112,186644,186601,10769,197370,1514
2022-06-20,Yolo,113,214977,41695,41689,3649,45338,323
2022-06-20,Yuba,115,75493,16920,16912,1431,18343,124
2022-06-19,Alameda,001,1643700,299570,296062,16692,312754,1883
2022-06-19,Alpine,003,1148,129,129,1,130,0
2022-06-19,Amador,005,37829,9109,8985,702,9687,87
2022-06-19,Butte,007,227075,35211,34920,7301,42221,432
2022-06-19,Calaveras,009,45235,7718,7664,413,8077,122
2022-06-19,Colusa,011,21464,3529,3519,1131,4650,21
2022-06-19,Contra Costa,013,1133247,216433,213994,15731,229725,1323
2022-06-19,Del Norte,015,27424,6369,6307,289,6596,52
2022-06-19,El Dorado,017,186661,29136,28904,3504,32408,215
2022-06-19,Fresno,019,978130,244125,242214,25467,267681,2768
2022-06-19,Glenn,021,27897,5162,5131,1665,6796,48
2022-06-19,Humboldt,023,135768,19112,18885,3612,22497,148
2022-06-19,Imperial,025,180216,57878,57450,11426,68876,944
2022-06-19,Inyo,027,18085,4224,4209,629,4838,56
2022-06-19,Kern,029,883053,199810,198567,49157,247724,2340
2022-06-19,Kings,031,150075,53585,53242,3755,56997,448
2022-06-19,Lake,033,64148,11433,11318,966,12284,140
2022-06-19,Lassen,035,31185,9260,9225,930,10155,64
2022-06-19,Los Angeles,037,10098052,2925406,2909197,140380,3049577,31999
2022-06-19,Madera,039,155013,39175,38859,6486,45345,372
2022-06-19,Marin,041,260295,39682,39214,4505,43719,294
2022-06-19,Mariposa,043,17540,2698,2662,235,2897,30
2022-06-19,Mendocino,045,87422,14206,14090,3580,17670,127
2022-06-19,Merced,047,269075,65142,64734,9392,74126,827
2022-06-19,Modoc,049,8938,773,771,265,1036,8
2022-06-19,Mono,051,14174,3073,3066,177,3243,6
2022-06-19,Monterey,053,433212,84854,84032,16535,100567,744
2022-06-19,Napa,055,140530,28890,28619,1204,29823,144
2022-06-19,Nevada,057,99092,17272,17134,1355,18489,129
2022-06-19,Orange,059,3164182,592323,587176,48151,635327,7074
2022-06-19,Placer,061,380077,68490,67961,8072,76033,628
2022-06-19,Plumas,063,18699,3219,3201,393,3594,13
2022-06-19,Riverside,065,2383286,623647,619760,30292,650052,6488
2022-06-19,Sacramento,067,1510023,309114,306215,30795,337010,3072
2022-06-19,San Benito,069,59416,14131,13985,602,14587,99
2022-06-19,San Bernardino,071,2135413,595592,591926,26395,618321,7765
2022-06-19,San Diego,073,3302833,815125,815124,58362,873486,5318
2022-06-19,San Francisco,075,870044,154205,151898,10117,162015,897
2022-06-19,San Joaquin,077,732212,177674,176323,11646,187969,2251
2022-06-19,San Luis Obispo,079,281455,57169,56767,5135,61902,485
2022-06-19,San Mateo,081,765935,145778,143879,8979,152858,723
2022-06-19,Santa Barbara,083,443738,93599,92906,5249,98155,699
2022-06-19,Santa Clara,085,1922200,370708,365638,15826,381464,2328
2022-06-19,Santa Cruz,087,273765,54536,53866,2577,56443,264
2022-06-19,Shasta,089,179085,31793,31647,6373,38020,568
2022-06-19,Sierra,091,2930,283,281,56,337,4
2022-06-19,Siskiyou,093,43540,4711,4672,2964,7636,81
2022-06-19,Solano,095,438530,91632,90548,6358,96906,454
2022-06-19,Sonoma,097,501317,95377,94318,3946,98264,493
2022-06-19,Stanislaus,099,539301,124029,123264,18623,141887,1668
2022-06-19,Sutter,101,95872,21642,21501,2288,23789,227
2022-06-19,Tehama,103,63373,12459,12410,2739,15149,205
2022-06-19,Trinity,105,12862,1223,1220,299,1519,20
2022-06-19,Tulare,107,460477,110821,110041,30748,140789,1496
2022-06-19,Tuolumne,109,53932,13601,13487,641,14128,189
2022-06-19,Ventura,111,848112,186644,185219,10769,195988,1513
2022-06-19,Yolo,113,214977,41695,41135,3649,44784,323
2022-06-19,Yuba,115,75493,16920,16786,1431,18217,124
2022-06-18,Alameda,001,1643700,299497,296062,16692,312754,1883
2022-06-18,Alpine,003,1148,129,129,1,130,0
2022-06-18,Amador,005,37829,9108,8985,702,9687,87
2022-06-18,Butte,007,227075,35208,34920,7301,42221,432
2022-06-18,Calaveras,009,45235,7714,7664,413,8077,122
2022-06-18,Colusa,011,21464,3529,3519,1131,4650,21
2022-06-18,Contra Costa,013,1133247,216386,213994,15731,229725,1323
2022-06-18,Del Norte,015,27424,6365,6307,289,6596,52
2022-06-18,El Dorado,017,186661,29135,28904,3504,32408,215
2022-06-18,Fresno,019,978130,244091,242214,25467,267681,2768
2022-06-18,Glenn,021,27897,5161,5131,1665,6796,48
2022-06-18,Humboldt,023,135768,19108,18885,3612,22497,148
2022-06-18,Imperial,025,180216,57870,57450,11426,68876,944
2022-06-18,Inyo,027,18085,4224,4209,629,4838,56
2022-06-18,Kern,029,883053,199805,198567,49157,247724,2340
2022-06-18,Kings,031,150075,53574,53242,3755,56997,448
2022-06-18,Lake,033,64148,11427,11318,966,12284,140
2022-06-18,Lassen,035,31185,9259,9225,930,10155,64
2022-06-18,Los Angeles,037,10098052,2925354,2909197,140380,3049577,31999
2022-06-18,Madera,039,155013,39171,38859,6486,45345,372
2022-06-18,Marin,041,260295,39656,39214,4505,43719,294
2022-06-18,Mariposa,043,17540,2697,2662,235,2897,30
2022-06-18,Mendocino,045,87422,14205,14090,3580,17670,127
2022-06-18,Merced,047,269075,65134,64734,9392,74126,827
2022-06-18,Modoc,049,8938,773,771,265,1036,8
2022-06-18,Mono,051,14174,3072,3066,177,3243,6
2022-06-18,Monterey,053,433212,84832,84032,16535,100567,744
2022-06-18,Napa,055,140530,28885,28619,1204,29823,144
2022-06-18,Nevada,057,99092,17271,17134,1355,18489,129
2022-06-18,Orange,059,3164182,592233,587176,48151,635327,7074
2022-06-18,Placer,061,380077,68479,67961,8072,76033,628
2022-06-18,Plumas,063,18699,3218,3201,393,3594,13
2022-06-18,Riverside,065,2383286,623593,619760,30292,650052,6488
2022-06-18,Sacramento,067,1510023,309068,306215,30795,337010,3072
2022-06-18,San Benito,069,59416,14129,13985,602,14587,99
2022-06-18,San Bernardino,071,2135413,595555,591926,26395,618321,7765
2022-06-18,San Diego,073,3302833,815125,815124,58362,873486,5318
2022-06-18,San Francisco,075,870044,154128,151898,10117,162015,897
2022-06-18,San Joaquin,077,732212,177639,176323,11646,187969,2251
2022-06-18,San Luis Obispo,079,281455,57157,56767,5135,61902,485
2022-06-18,San Mateo,081,765935,145706,143879,8979,152858,723
2022-06-18,Santa Barbara,083,443738,93565,92906,5249,98155,699
2022-06-18,Santa Clara,085,1922200,370641,365638,15826,381464,2328
2022-06-18,Santa Cruz,087,273765,54529,53866,2577,56443,264
2022-06-18,Shasta,089,179085,31792,31647,6373,38020,568
2022-06-18,Sierra,091,2930,283,281,56,337,4
2022-06-18,Siskiyou,093,43540,4705,4672,2964,7636,81
2022-06-18,Solano,095,438530,91611,90548,6358,96906,454
2022-06-18,Sonoma,097,501317,95362,94318,3946,98264,493
2022-06-18,Stanislaus,099,539301,124010,123264,18623,141887,1668
2022-06-18,Sutter,101,95872,21626,21501,2288,23789,227
2022-06-18,Tehama,103,63373,12459,12410,2739,15149,205
2022-06-18,Trinity,105,12862,1223,1220,299,1519,20
2022-06-18,Tulare,107,460477,110800,110041,30748,140789,1496
2022-06-18,Tuolumne,109,53932,13594,13487,641,14128,189
2022-06-18,Ventura,111,848112,186611,185219,10769,195988,1513
2022-06-18,Yolo,113,214977,41685,41135,3649,44784,323
2022-06-18,Yuba,115,75493,16914,16786,1431,18217,124
2022-06-17,Alameda,001,1643700,299347,296062,16692,312754,1883
2022-06-17,Alpine,003,1148,129,129,1,130,0
2022-06-17,Amador,005,37829,9103,8985,702,9687,87
2022-06-17,Butte,007,227075,35196,34920,7301,42221,432
2022-06-17,Calaveras,009,45235,7711,7664,413,8077,122
2022-06-17,Colusa,011,21464,3526,3519,1131,4650,21
2022-06-17,Contra Costa,013,1133247,216283,213994,15731,229725,1323
2022-06-17,Del Norte,015,27424,6359,6307,289,6596,52
2022-06-17,El Dorado,017,186661,29116,28904,3504,32408,215
2022-06-17,Fresno,019,978130,243974,242214,25467,267681,2768
2022-06-17,Glenn,021,27897,5161,5131,1665,6796,48
2022-06-17,Humboldt,023,135768,19106,18885,3612,22497,148
2022-06-17,Imperial,025,180216,57846,57450,11426,68876,944
2022-06-17,Inyo,027,18085,4222,4209,629,4838,56
2022-06-17,Kern,029,883053,199759,198567,49157,247724,2340
2022-06-17,Kings,031,150075,53562,53242,3755,56997,448
2022-06-17,Lake,033,64148,11423,11318,966,12284,140
2022-06-17,Lassen,035,31185,9259,9225,930,10155,64
2022-06-17,Los Angeles,037,10098052,2924437,2909197,140380,3049577,31999
2022-06-17,Madera,039,155013,39164,38859,6486,45345,372
2022-06-17,Marin,041,260295,39614,39214,4505,43719,294
2022-06-17,Mariposa,043,17540,2697,2662,235,2897,30
2022-06-17,Mendocino,045,87422,14202,14090,3580,17670,127
2022-06-17,Merced,047,269075,65112,64734,9392,74126,827
2022-06-17,Modoc,049,8938,773,771,265,1036,8
2022-06-17,Mono,051,14174,3072,3066,177,3243,6
2022-06-17,Monterey,053,433212,84791,84032,16535,100567,744
2022-06-17,Napa,055,140530,28863,28619,1204,29823,144
2022-06-17,Nevada,057,99092,17268,17134,1355,18489,129
2022-06-17,Orange,059,3164182,591957,587176,48151,635327,7074
2022-06-17,Placer,061,380077,68458,67961,8072,76033,628
2022-06-17,Plumas,063,18699,3218,3201,393,3594,13
2022-06-17,Riverside,065,2383286,623334,619760,30292,650052,6488
2022-06-17,Sacramento,067,1510023,308919,306215,30795,337010,3072
2022-06-17,San Benito,069,59416,14119,13985,602,14587,99
2022-06-17,San Bernardino,071,2135413,595419,591926,26395,618321,7765
2022-06-17,San Diego,073,3302833,815125,815124,58362,873486,5318
2022-06-17,San Francisco,075,870044,153929,151898,10117,162015,897
2022-06-17,San Joaquin,077,732212,177594,176323,11646,187969,2251
2022-06-17,San Luis Obispo,079,281455,57146,56767,5135,61902,485
2022-06-17,San Mateo,081,765935,145577,143879,8979,152858,723
2022-06-17,Santa Barbara,083,443738,93519,92906,5249,98155,699
2022-06-17,Santa Clara,085,1922200,370125,365638,15826,381464,2328
2022-06-17,Santa Cruz,087,273765,54515,53866,2577,56443,264
2022-06-17,Shasta,089,179085,31792,31647,6373,38020,568
2022-06-17,Sierra,091,2930,283,281,56,337,4
2022-06-17,Siskiyou,093,43540,4698,4672,2964,7636,81
2022-06-17,Solano,095,438530,91558,90548,6358,96906,454
2022-06-17,Sonoma,097,501317,95321,94318,3946,98264,493
2022-06-17,Stanislaus,099,539301,123954,123264,18623,141887,1668
2022-06-17,Sutter,101,95872,21609,21501,2288,23789,227
2022-06-17,Tehama,103,63373,12458,12410,2739,15149,205
2022-06-17,Trinity,105,12862,1222,1220,299,1519,20
2022-06-17,Tulare,107,460477,110728,110041,30748,140789,1496
2022-06-17,Tuolumne,109,53932,13589,13487,641,14128,189
2022-06-17,Ventura,111,848112,186523,185219,10769,195988,1513
2022-06-17,Yolo,113,214977,41640,41135,3649,44784,323
2022-06-17,Yuba,115,75493,16910,16786,1431,18217,124
2022-06-16,Alameda,001,1643700,298738,296062,16692,312754,1883
2022-06-16,Alpine,003,1148,129,129,1,130,0
2022-06-16,Amador,005,37829,9096,8985,702,9687,87
2022-06-16,Butte,007,227075,35143,34920,7301,42221,432
2022-06-16,Calaveras,009,45235,7705,7664,413,8077,122
2022-06-16,Colusa,011,21464,3526,3519,1131,4650,21
2022-06-16,Contra Costa,013,1133247,215915,213994,15731,229725,1323
2022-06-16,Del Norte,015,27424,6349,6307,289,6596,52
2022-06-16,El Dorado,017,186661,29076,28904,3504,32408,215
2022-06-16,Fresno,019,978130,243652,242214,25467,267681,2768
2022-06-16,Glenn,021,27897,5156,5131,1665,6796,48
2022-06-16,Humboldt,023,135768,19085,18885,3612,22497,148
2022-06-16,Imperial,025,180216,57778,57450,11426,68876,944
2022-06-16,Inyo,027,18085,4221,4209,629,4838,56
2022-06-16,Kern,029,883053,199603,198567,49157,247724,2340
2022-06-16,Kings,031,150075,53502,53242,3755,56997,448
2022-06-16,Lake,033,64148,11403,11318,966,12284,140
2022-06-16,Lassen,035,31185,9253,9225,930,10155,64
2022-06-16,Los Angeles,037,10098052,2921643,2909197,140380,3049577,31999
2022-06-16,Madera,039,155013,39134,38859,6486,45345,372
2022-06-16,Marin,041,260295,39527,39214,4505,43719,294
2022-06-16,Mariposa,043,17540,2692,2662,235,2897,30
2022-06-16,Mendocino,045,87422,14180,14090,3580,17670,127
2022-06-16,Merced,047,269075,65069,64734,9392,74126,827
2022-06-16,Modoc,049,8938,773,771,265,1036,8
2022-06-16,Mono,051,14174,3071,3066,177,3243,6
2022-06-16,Monterey,053,433212,84685,84032,16535,100567,744
2022-06-16,Napa,055,140530,28828,28619,1204,29823,144
2022-06-16,Nevada,057,99092,17251,17134,1355,18489,129
2022-06-16,Orange,059,3164182,591160,587176,48151,635327,7074
2022-06-16,Placer,061,380077,68382,67961,8072,76033,628
2022-06-16,Plumas,063,18699,3215,3201,393,3594,13
2022-06-16,Riverside,065,2383286,622759,619760,30292,650052,6488
2022-06-16,Sacramento,067,1510023,308437,306215,30795,337010,3072
2022-06-16,San Benito,069,59416,14099,13985,602,14587,99
2022-06-16,San Bernardino,071,2135413,594907,591926,26395,618321,7765
2022-06-16,San Diego,073,3302833,815125,815124,58362,873486,5318
2022-06-16,San Francisco,075,870044,153550,151898,10117,162015,897
2022-06-16,San Joaquin,077,732212,177383,176323,11646,187969,2251
2022-06-16,San Luis Obispo,079,281455,57089,56767,5135,61902,485
2022-06-16,San Mateo,081,765935,145278,143879,8979,152858,723
2022-06-16,Santa Barbara,083,443738,93409,92906,5249,98155,699
2022-06-16,Santa Clara,085,1922200,369381,365638,15826,381464,2328
2022-06-16,Santa Cruz,087,273765,54393,53866,2577,56443,264
2022-06-16,Shasta,089,179085,31781,31647,6373,38020,568
2022-06-16,Sierra,091,2930,283,281,56,337,4
2022-06-16,Siskiyou,093,43540,4697,4672,2964,7636,81
2022-06-16,Solano,095,438530,91407,90548,6358,96906,454
2022-06-16,Sonoma,097,501317,95143,94318,3946,98264,493
2022-06-16,Stanislaus,099,539301,123828,123264,18623,141887,1668
2022-06-16,Sutter,101,95872,21587,21501,2288,23789,227
2022-06-16,Tehama,103,63373,12449,12410,2739,15149,205
2022-06-16,Trinity,105,12862,1222,1220,299,1519,20
2022-06-16,Tulare,107,460477,110625,110041,30748,140789,1496
2022-06-16,Tuolumne,109,53932,13567,13487,641,14128,189
2022-06-16,Ventura,111,848112,186307,185219,10769,195988,1513
2022-06-16,Yolo,113,214977,41567,41135,3649,44784,323
2022-06-16,Yuba,115,75493,16888,16786,1431,18217,124
2022-06-15,Alameda,001,1643700,298016,295002,16692,311694,1880
2022-06-15,Alpine,003,1148,129,129,1,130,0
2022-06-15,Amador,005,37829,9092,8972,702,9674,87
2022-06-15,Butte,007,227075,35091,34841,7301,42142,430
2022-06-15,Calaveras,009,45235,7700,7648,413,8061,122
2022-06-15,Colusa,011,21464,3522,3515,1131,4646,21
2022-06-15,Contra Costa,013,1133247,215565,213219,15731,228950,1321
2022-06-15,Del Norte,015,27424,6342,6298,289,6587,52
2022-06-15,El Dorado,017,186661,29040,28829,3504,32333,215
2022-06-15,Fresno,019,978130,243321,241768,25467,267235,2767
2022-06-15,Glenn,021,27897,5151,5128,1665,6793,48
2022-06-15,Humboldt,023,135768,19058,18836,3612,22448,148
2022-06-15,Imperial,025,180216,57715,57373,11426,68799,941
2022-06-15,Inyo,027,18085,4219,4205,629,4834,56
2022-06-15,Kern,029,883053,199400,198216,49157,247373,2338
2022-06-15,Kings,031,150075,53448,53170,3755,56925,448
2022-06-15,Lake,033,64148,11388,11303,966,12269,140
2022-06-15,Lassen,035,31185,9250,9209,930,10139,64
2022-06-15,Los Angeles,037,10098052,2918256,2897298,140380,3037678,31971
2022-06-15,Madera,039,155013,39092,38776,6486,45262,372
2022-06-15,Marin,041,260295,39468,39027,4505,43532,294
2022-06-15,Mariposa,043,17540,2689,2651,235,2886,30
2022-06-15,Mendocino,045,87422,14166,14052,3580,17632,127
2022-06-15,Merced,047,269075,65014,64595,9392,73987,825
2022-06-15,Modoc,049,8938,772,772,265,1037,8
2022-06-15,Mono,051,14174,3070,3060,177,3237,6
2022-06-15,Monterey,053,433212,84569,83837,16535,100372,741
2022-06-15,Napa,055,140530,28784,28518,1204,29722,144
2022-06-15,Nevada,057,99092,17234,17107,1355,18462,127
2022-06-15,Orange,059,3164182,590223,585496,48151,633647,7067
2022-06-15,Placer,061,380077,68299,67805,8072,75877,628
2022-06-15,Plumas,063,18699,3212,3185,393,3578,13
2022-06-15,Riverside,065,2383286,622163,618584,30292,648876,6482
2022-06-15,Sacramento,067,1510023,307919,305361,30795,336156,3059
2022-06-15,San Benito,069,59416,14063,13953,602,14555,99
2022-06-15,San Bernardino,071,2135413,594354,590328,26395,616723,7735
2022-06-15,San Diego,073,3302833,815125,811093,58362,869455,5316
2022-06-15,San Francisco,075,870044,153200,151170,10117,161287,890
2022-06-15,San Joaquin,077,732212,177179,175966,11646,187612,2244
2022-06-15,San Luis Obispo,079,281455,57017,56535,5135,61670,486
2022-06-15,San Mateo,081,765935,144962,143277,8979,152256,722
2022-06-15,Santa Barbara,083,443738,93299,92710,5249,97959,698
2022-06-15,Santa Clara,085,1922200,368580,364014,15826,379840,2323
2022-06-15,Santa Cruz,087,273765,54309,53718,2577,56295,265
2022-06-15,Shasta,089,179085,31760,31598,6373,37971,568
2022-06-15,Sierra,091,2930,281,280,56,336,4
2022-06-15,Siskiyou,093,43540,4688,4656,2964,7620,81
2022-06-15,Solano,095,438530,91208,90265,6358,96623,453
2022-06-15,Sonoma,097,501317,94994,94041,3946,97987,492
2022-06-15,Stanislaus,099,539301,123715,122944,18623,141567,1668
2022-06-15,Sutter,101,95872,21560,21448,2288,23736,227
2022-06-15,Tehama,103,63373,12442,12392,2739,15131,205
2022-06-15,Trinity,105,12862,1222,1217,299,1516,20
2022-06-15,Tulare,107,460477,110548,109930,30748,140678,1495
2022-06-15,Tuolumne,109,53932,13556,13459,641,14100,189
2022-06-15,Ventura,111,848112,186100,184750,10769,195519,1509
2022-06-15,Yolo,113,214977,41483,40756,3649,44405,322
2022-06-15,Yuba,115,75493,16865,16754,1431,18185,124
2022-06-14,Alameda,001,1643700,297363,295002,16692,311694,1880
2022-06-14,Alpine,003,1148,129,129,1,130,0
2022-06-14,Amador,005,37829,9080,8972,702,9674,87
2022-06-14,Butte,007,227075,35049,34841,7301,42142,430
2022-06-14,Calaveras,009,45235,7691,7648,413,8061,122
2022-06-14,Colusa,011,21464,3521,3515,1125,4640,21
2022-06-14,Contra Costa,013,1133247,215119,213219,15731,228950,1321
2022-06-14,Del Norte,015,27424,6335,6298,289,6587,52
2022-06-14,El Dorado,017,186661,29000,28829,3502,32331,215
2022-06-14,Fresno,019,978130,242969,241768,25467,267235,2767
2022-06-14,Glenn,021,27897,5143,5128,1665,6793,48
2022-06-14,Humboldt,023,135768,19022,18836,3612,22448,148
2022-06-14,Imperial,025,180216,57653,57373,11426,68799,941
2022-06-14,Inyo,027,18085,4215,4205,625,4830,56
2022-06-14,Kern,029,883053,199178,198216,49157,247373,2338
2022-06-14,Kings,031,150075,53387,53170,3754,56924,448
2022-06-14,Lake,033,64148,11363,11303,966,12269,140
2022-06-14,Lassen,035,31185,9244,9209,930,10139,64
2022-06-14,Los Angeles,037,10098052,2914261,2897298,140367,3037665,31971
2022-06-14,Madera,039,155013,39042,38776,6486,45262,372
2022-06-14,Marin,041,260295,39379,39027,4495,43522,294
2022-06-14,Mariposa,043,17540,2682,2651,235,2886,30
2022-06-14,Mendocino,045,87422,14141,14052,3580,17632,127
2022-06-14,Merced,047,269075,64952,64595,9391,73986,825
2022-06-14,Modoc,049,8938,772,772,265,1037,8
2022-06-14,Mono,051,14174,3070,3060,177,3237,6
2022-06-14,Monterey,053,433212,84456,83837,16534,100371,741
2022-06-14,Napa,055,140530,28737,28518,1204,29722,144
2022-06-14,Nevada,057,99092,17209,17107,1354,18461,127
2022-06-14,Orange,059,3164182,589196,585496,48151,633647,7067
2022-06-14,Placer,061,380077,68200,67805,8072,75877,628
2022-06-14,Plumas,063,18699,3207,3185,393,3578,13
2022-06-14,Riverside,065,2383286,621491,618584,30291,648875,6482
2022-06-14,Sacramento,067,1510023,307345,305361,30795,336156,3059
2022-06-14,San Benito,069,59416,14028,13953,602,14555,99
2022-06-14,San Bernardino,071,2135413,593770,590328,26393,616721,7735
2022-06-14,San Diego,073,3302833,814917,811093,58190,869283,5316
2022-06-14,San Francisco,075,870044,152797,151170,10117,161287,890
2022-06-14,San Joaquin,077,732212,176934,175966,11636,187602,2244
2022-06-14,San Luis Obispo,079,281455,56920,56535,5130,61665,486
2022-06-14,San Mateo,081,765935,144637,143277,8979,152256,722
2022-06-14,Santa Barbara,083,443738,93184,92710,5249,97959,698
2022-06-14,Santa Clara,085,1922200,367653,364014,15826,379840,2323
2022-06-14,Santa Cruz,087,273765,54209,53718,2577,56295,265
2022-06-14,Shasta,089,179085,31735,31598,6373,37971,568
2022-06-14,Sierra,091,2930,280,280,56,336,4
2022-06-14,Siskiyou,093,43540,4678,4656,2963,7619,81
2022-06-14,Solano,095,438530,90994,90265,6356,96621,453
2022-06-14,Sonoma,097,501317,94814,94041,3945,97986,492
2022-06-14,Stanislaus,099,539301,123554,122944,18601,141545,1668
2022-06-14,Sutter,101,95872,21523,21448,2288,23736,227
2022-06-14,Tehama,103,63373,12428,12392,2738,15130,205
2022-06-14,Trinity,105,12862,1222,1217,299,1516,20
2022-06-14,Tulare,107,460477,110435,109930,30739,140669,1495
2022-06-14,Tuolumne,109,53932,13545,13459,641,14100,189
2022-06-14,Ventura,111,848112,185852,184750,10757,195507,1509
2022-06-14,Yolo,113,214977,41396,40756,3649,44405,322
2022-06-14,Yuba,115,75493,16838,16754,1431,18185,124
2022-06-13,Alameda,001,1643700,296610,295002,16688,311690,1880
2022-06-13,Alpine,003,1148,129,129,1,130,0
2022-06-13,Amador,005,37829,9074,8972,702,9674,87
2022-06-13,Butte,007,227075,34987,34841,7301,42142,430
2022-06-13,Calaveras,009,45235,7679,7648,413,8061,122
2022-06-13,Colusa,011,21464,3521,3515,1124,4639,21
2022-06-13,Contra Costa,013,1133247,214584,213219,15731,228950,1321
2022-06-13,Del Norte,015,27424,6325,6298,289,6587,52
2022-06-13,El Dorado,017,186661,28956,28829,3501,32330,215
2022-06-13,Fresno,019,978130,242593,241768,25467,267235,2767
2022-06-13,Glenn,021,27897,5140,5128,1665,6793,48
2022-06-13,Humboldt,023,135768,18972,18836,3607,22443,148
2022-06-13,Imperial,025,180216,57570,57373,11426,68799,941
2022-06-13,Inyo,027,18085,4212,4205,623,4828,56
2022-06-13,Kern,029,883053,198959,198216,49157,247373,2338
2022-06-13,Kings,031,150075,53325,53170,3751,56921,448
2022-06-13,Lake,033,64148,11341,11303,966,12269,140
2022-06-13,Lassen,035,31185,9236,9209,930,10139,64
2022-06-13,Los Angeles,037,10098052,2910041,2897298,140150,3037448,31971
2022-06-13,Madera,039,155013,38976,38776,6485,45261,372
2022-06-13,Marin,041,260295,39281,39027,4469,43496,294
2022-06-13,Mariposa,043,17540,2670,2651,235,2886,30
2022-06-13,Mendocino,045,87422,14116,14052,3580,17632,127
2022-06-13,Merced,047,269075,64890,64595,9384,73979,825
2022-06-13,Modoc,049,8938,771,772,265,1037,8
2022-06-13,Mono,051,14174,3066,3060,177,3237,6
2022-06-13,Monterey,053,433212,84334,83837,16531,100368,741
2022-06-13,Napa,055,140530,28684,28518,1204,29722,144
2022-06-13,Nevada,057,99092,17184,17107,1354,18461,127
2022-06-13,Orange,059,3164182,588086,585496,48151,633647,7067
2022-06-13,Placer,061,380077,68122,67805,8072,75877,628
2022-06-13,Plumas,063,18699,3204,3185,393,3578,13
2022-06-13,Riverside,065,2383286,620854,618584,30291,648875,6482
2022-06-13,Sacramento,067,1510023,306728,305361,30795,336156,3059
2022-06-13,San Benito,069,59416,14002,13953,602,14555,99
2022-06-13,San Bernardino,071,2135413,593080,590328,26391,616719,7735
2022-06-13,San Diego,073,3302833,814046,811093,58093,869186,5316
2022-06-13,San Francisco,075,870044,152293,151170,10117,161287,890
2022-06-13,San Joaquin,077,732212,176694,175966,11618,187584,2244
2022-06-13,San Luis Obispo,079,281455,56835,56535,5118,61653,486
2022-06-13,San Mateo,081,765935,144237,143277,8979,152256,722
2022-06-13,Santa Barbara,083,443738,93072,92710,5249,97959,698
2022-06-13,Santa Clara,085,1922200,366721,364014,15826,379840,2323
2022-06-13,Santa Cruz,087,273765,54094,53718,2575,56293,265
2022-06-13,Shasta,089,179085,31714,31598,6373,37971,568
2022-06-13,Sierra,091,2930,280,280,56,336,4
2022-06-13,Siskiyou,093,43540,4675,4656,2961,7617,81
2022-06-13,Solano,095,438530,90776,90265,6356,96621,453
2022-06-13,Sonoma,097,501317,94599,94041,3943,97984,492
2022-06-13,Stanislaus,099,539301,123400,122944,18574,141518,1668
2022-06-13,Sutter,101,95872,21497,21448,2288,23736,227
2022-06-13,Tehama,103,63373,12418,12392,2737,15129,205
2022-06-13,Trinity,105,12862,1221,1217,299,1516,20
2022-06-13,Tulare,107,460477,110303,109930,30721,140651,1495
2022-06-13,Tuolumne,109,53932,13524,13459,641,14100,189
2022-06-13,Ventura,111,848112,185595,184750,10740,195490,1509
2022-06-13,Yolo,113,214977,41269,40756,3649,44405,322
2022-06-13,Yuba,115,75493,16823,16754,1427,18181,124
2022-06-12,Alameda,001,1643700,295858,292112,16687,308799,1877
2022-06-12,Alpine,003,1148,129,129,1,130,0
2022-06-12,Amador,005,37829,9053,8869,702,9571,87
2022-06-12,Butte,007,227075,34936,34596,7299,41895,427
2022-06-12,Calaveras,009,45235,7667,7604,412,8016,122
2022-06-12,Colusa,011,21464,3520,3505,1123,4628,21
2022-06-12,Contra Costa,013,1133247,214046,211229,15730,226959,1315
2022-06-12,Del Norte,015,27424,6312,6253,289,6542,52
2022-06-12,El Dorado,017,186661,28902,28641,3501,32142,215
2022-06-12,Fresno,019,978130,242167,240345,25467,265812,2766
2022-06-12,Glenn,021,27897,5136,5104,1665,6769,48
2022-06-12,Humboldt,023,135768,18907,18696,3607,22303,148
2022-06-12,Imperial,025,180216,57506,57129,11426,68555,941
2022-06-12,Inyo,027,18085,4211,4194,621,4815,56
2022-06-12,Kern,029,883053,198737,197353,49154,246507,2338
2022-06-12,Kings,031,150075,53243,52978,3749,56727,447
2022-06-12,Lake,033,64148,11322,11202,966,12168,139
2022-06-12,Lassen,035,31185,9218,9172,930,10102,64
2022-06-12,Los Angeles,037,10098052,2905457,2878981,139800,3018781,31947
2022-06-12,Madera,039,155013,38883,38567,6485,45052,372
2022-06-12,Marin,041,260295,39175,38593,4451,43044,294
2022-06-12,Mariposa,043,17540,2665,2625,235,2860,30
2022-06-12,Mendocino,045,87422,14097,13945,3580,17525,127
2022-06-12,Merced,047,269075,64784,64286,9382,73668,825
2022-06-12,Modoc,049,8938,771,767,265,1032,8
2022-06-12,Mono,051,14174,3061,3052,177,3229,6
2022-06-12,Monterey,053,433212,84194,83391,16512,99903,739
2022-06-12,Napa,055,140530,28626,28202,1204,29406,143
2022-06-12,Nevada,057,99092,17143,16989,1354,18343,127
2022-06-12,Orange,059,3164182,586924,581624,48150,629774,7057
2022-06-12,Placer,061,380077,68015,67306,8072,75378,628
2022-06-12,Plumas,063,18699,3198,3172,393,3565,13
2022-06-12,Riverside,065,2383286,619985,615556,30291,645847,6481
2022-06-12,Sacramento,067,1510023,306021,302721,30795,333516,3058
2022-06-12,San Benito,069,59416,13968,13832,601,14433,99
2022-06-12,San Bernardino,071,2135413,592253,587385,26391,613776,7708
2022-06-12,San Diego,073,3302833,812437,805360,57971,863331,5315
2022-06-12,San Francisco,075,870044,151761,149278,10117,159395,890
2022-06-12,San Joaquin,077,732212,176359,174822,11613,186435,2244
2022-06-12,San Luis Obispo,079,281455,56708,56160,5104,61264,485
2022-06-12,San Mateo,081,765935,143808,141719,8979,150698,715
2022-06-12,Santa Barbara,083,443738,92908,92177,5249,97426,694
2022-06-12,Santa Clara,085,1922200,365599,359925,15825,375750,2322
2022-06-12,Santa Cruz,087,273765,53942,53171,2575,55746,264
2022-06-12,Shasta,089,179085,31672,31483,6373,37856,566
2022-06-12,Sierra,091,2930,280,278,56,334,4
2022-06-12,Siskiyou,093,43540,4668,4633,2960,7593,81
2022-06-12,Solano,095,438530,90508,89424,6356,95780,453
2022-06-12,Sonoma,097,501317,94366,93218,3927,97145,492
2022-06-12,Stanislaus,099,539301,123206,122267,18532,140799,1665
2022-06-12,Sutter,101,95872,21457,21333,2288,23621,227
2022-06-12,Tehama,103,63373,12403,12343,2736,15079,205
2022-06-12,Trinity,105,12862,1219,1213,299,1512,20
2022-06-12,Tulare,107,460477,110113,109467,30691,140158,1495
2022-06-12,Tuolumne,109,53932,13505,13382,641,14023,189
2022-06-12,Ventura,111,848112,185260,183680,10738,194418,1508
2022-06-12,Yolo,113,214977,41159,40202,3649,43851,323
2022-06-12,Yuba,115,75493,16799,16653,1423,18076,123
2022-06-11,Alameda,001,1643700,295492,292112,16682,308794,1877
2022-06-11,Alpine,003,1148,129,129,1,130,0
2022-06-11,Amador,005,37829,9040,8869,702,9571,87
2022-06-11,Butte,007,227075,34905,34596,7288,41884,427
2022-06-11,Calaveras,009,45235,7660,7604,411,8015,122
2022-06-11,Colusa,011,21464,3519,3505,1123,4628,21
2022-06-11,Contra Costa,013,1133247,213761,211229,15715,226944,1315
2022-06-11,Del Norte,015,27424,6304,6253,289,6542,52
2022-06-11,El Dorado,017,186661,28885,28641,3500,32141,215
2022-06-11,Fresno,019,978130,241992,240345,25467,265812,2766
2022-06-11,Glenn,021,27897,5135,5104,1665,6769,48
2022-06-11,Humboldt,023,135768,18882,18696,3599,22295,148
2022-06-11,Imperial,025,180216,57453,57129,11424,68553,941
2022-06-11,Inyo,027,18085,4211,4194,620,4814,56
2022-06-11,Kern,029,883053,198639,197353,49136,246489,2338
2022-06-11,Kings,031,150075,53210,52978,3748,56726,447
2022-06-11,Lake,033,64148,11313,11202,966,12168,139
2022-06-11,Lassen,035,31185,9214,9172,928,10100,64
2022-06-11,Los Angeles,037,10098052,2903556,2878981,139583,3018564,31947
2022-06-11,Madera,039,155013,38864,38567,6485,45052,372
2022-06-11,Marin,041,260295,39101,38593,4424,43017,294
2022-06-11,Mariposa,043,17540,2662,2625,235,2860,30
2022-06-11,Mendocino,045,87422,14087,13945,3580,17525,127
2022-06-11,Merced,047,269075,64740,64286,9381,73667,825
2022-06-11,Modoc,049,8938,771,767,265,1032,8
2022-06-11,Mono,051,14174,3061,3052,176,3228,6
2022-06-11,Monterey,053,433212,84121,83391,16500,99891,739
2022-06-11,Napa,055,140530,28593,28202,1204,29406,143
2022-06-11,Nevada,057,99092,17133,16989,1354,18343,127
2022-06-11,Orange,059,3164182,586304,581624,48058,629682,7057
2022-06-11,Placer,061,380077,67935,67306,8072,75378,628
2022-06-11,Plumas,063,18699,3196,3172,393,3565,13
2022-06-11,Riverside,065,2383286,619500,615556,30277,645833,6481
2022-06-11,Sacramento,067,1510023,305727,302721,30781,333502,3058
2022-06-11,San Benito,069,59416,13958,13832,600,14432,99
2022-06-11,San Bernardino,071,2135413,591883,587385,26379,613764,7708
2022-06-11,San Diego,073,3302833,811799,805360,57926,863286,5315
2022-06-11,San Francisco,075,870044,151456,149278,10112,159390,890
2022-06-11,San Joaquin,077,732212,176213,174822,11606,186428,2244
2022-06-11,San Luis Obispo,079,281455,56677,56160,5098,61258,485
2022-06-11,San Mateo,081,765935,143592,141719,8975,150694,715
2022-06-11,Santa Barbara,083,443738,92847,92177,5249,97426,694
2022-06-11,Santa Clara,085,1922200,364865,359925,15815,375740,2322
2022-06-11,Santa Cruz,087,273765,53893,53171,2571,55742,264
2022-06-11,Shasta,089,179085,31659,31483,6373,37856,566
2022-06-11,Sierra,091,2930,280,278,56,334,4
2022-06-11,Siskiyou,093,43540,4665,4633,2955,7588,81
2022-06-11,Solano,095,438530,90423,89424,6345,95769,453
2022-06-11,Sonoma,097,501317,94263,93218,3920,97138,492
2022-06-11,Stanislaus,099,539301,123104,122267,18517,140784,1665
2022-06-11,Sutter,101,95872,21440,21333,2288,23621,227
2022-06-11,Tehama,103,63373,12397,12343,2736,15079,205
2022-06-11,Trinity,105,12862,1219,1213,299,1512,20
2022-06-11,Tulare,107,460477,110040,109467,30669,140136,1495
2022-06-11,Tuolumne,109,53932,13487,13382,641,14023,189
2022-06-11,Ventura,111,848112,185095,183680,10734,194414,1508
2022-06-11,Yolo,113,214977,41101,40202,3649,43851,323
2022-06-11,Yuba,115,75493,16781,16653,1420,18073,123
2022-06-10,Alameda,001,1643700,295022,292112,16665,308777,1877
2022-06-10,Alpine,003,1148,129,129,1,130,0
2022-06-10,Amador,005,37829,9030,8869,701,9570,87
2022-06-10,Butte,007,227075,34876,34596,7278,41874,427
2022-06-10,Calaveras,009,45235,7656,7604,411,8015,122
2022-06-10,Colusa,011,21464,3515,3505,1123,4628,21
2022-06-10,Contra Costa,013,1133247,213508,211229,15689,226918,1315
2022-06-10,Del Norte,015,27424,6298,6253,289,6542,52
2022-06-10,El Dorado,017,186661,28856,28641,3495,32136,215
2022-06-10,Fresno,019,978130,241773,240345,25446,265791,2766
2022-06-10,Glenn,021,27897,5132,5104,1662,6766,48
2022-06-10,Humboldt,023,135768,18865,18696,3594,22290,148
2022-06-10,Imperial,025,180216,57412,57129,11424,68553,941
2022-06-10,Inyo,027,18085,4211,4194,616,4810,56
2022-06-10,Kern,029,883053,198509,197353,49114,246467,2338
2022-06-10,Kings,031,150075,53191,52978,3747,56725,447
2022-06-10,Lake,033,64148,11299,11202,966,12168,139
2022-06-10,Lassen,035,31185,9211,9172,928,10100,64
2022-06-10,Los Angeles,037,10098052,2901128,2878981,139360,3018341,31947
2022-06-10,Madera,039,155013,38837,38567,6477,45044,372
2022-06-10,Marin,041,260295,39009,38593,4398,42991,294
2022-06-10,Mariposa,043,17540,2658,2625,234,2859,30
2022-06-10,Mendocino,045,87422,14073,13945,3579,17524,127
2022-06-10,Merced,047,269075,64701,64286,9378,73664,825
2022-06-10,Modoc,049,8938,771,767,265,1032,8
2022-06-10,Mono,051,14174,3059,3052,176,3228,6
2022-06-10,Monterey,053,433212,84038,83391,16479,99870,739
2022-06-10,Napa,055,140530,28564,28202,1204,29406,143
2022-06-10,Nevada,057,99092,17122,16989,1354,18343,127
2022-06-10,Orange,059,3164182,585665,581624,47941,629565,7057
2022-06-10,Placer,061,380077,67874,67306,8070,75376,628
2022-06-10,Plumas,063,18699,3192,3172,393,3565,13
2022-06-10,Riverside,065,2383286,618998,615556,30261,645817,6481
2022-06-10,Sacramento,067,1510023,305338,302721,30766,333487,3058
2022-06-10,San Benito,069,59416,13944,13832,599,14431,99
2022-06-10,San Bernardino,071,2135413,591503,587385,26353,613738,7708
2022-06-10,San Diego,073,3302833,810918,805360,57896,863256,5315
2022-06-10,San Francisco,075,870044,151150,149278,10081,159359,890
2022-06-10,San Joaquin,077,732212,176100,174822,11596,186418,2244
2022-06-10,San Luis Obispo,079,281455,56643,56160,5092,61252,485
2022-06-10,San Mateo,081,765935,143350,141719,8963,150682,715
2022-06-10,Santa Barbara,083,443738,92754,92177,5248,97425,694
2022-06-10,Santa Clara,085,1922200,364138,359925,15794,375719,2322
2022-06-10,Santa Cruz,087,273765,53799,53171,2569,55740,264
2022-06-10,Shasta,089,179085,31641,31483,6370,37853,566
2022-06-10,Sierra,091,2930,280,278,56,334,4
2022-06-10,Siskiyou,093,43540,4658,4633,2950,7583,81
2022-06-10,Solano,095,438530,90293,89424,6330,95754,453
2022-06-10,Sonoma,097,501317,94111,93218,3912,97130,492
2022-06-10,Stanislaus,099,539301,122990,122267,18507,140774,1665
2022-06-10,Sutter,101,95872,21427,21333,2287,23620,227
2022-06-10,Tehama,103,63373,12390,12343,2736,15079,205
2022-06-10,Trinity,105,12862,1217,1213,299,1512,20
2022-06-10,Tulare,107,460477,109978,109467,30650,140117,1495
2022-06-10,Tuolumne,109,53932,13473,13382,641,14023,189
2022-06-10,Ventura,111,848112,184921,183680,10721,194401,1508
2022-06-10,Yolo,113,214977,41017,40202,3645,43847,323
2022-06-10,Yuba,115,75493,16760,16653,1419,18072,123
2022-06-09,Alameda,001,1643700,294140,292112,16611,308723,1877
2022-06-09,Alpine,003,1148,129,129,1,130,0
2022-06-09,Amador,005,37829,9020,8869,700,9569,87
2022-06-09,Butte,007,227075,34819,34596,7269,41865,427
2022-06-09,Calaveras,009,45235,7647,7604,411,8015,122
2022-06-09,Colusa,011,21464,3514,3505,1123,4628,21
2022-06-09,Contra Costa,013,1133247,213008,211229,15645,226874,1315
2022-06-09,Del Norte,015,27424,6287,6253,286,6539,52
2022-06-09,El Dorado,017,186661,28799,28641,3494,32135,215
2022-06-09,Fresno,019,978130,241427,240345,25405,265750,2766
2022-06-09,Glenn,021,27897,5126,5104,1660,6764,48
2022-06-09,Humboldt,023,135768,18816,18696,3583,22279,148
2022-06-09,Imperial,025,180216,57357,57129,11417,68546,941
2022-06-09,Inyo,027,18085,4208,4194,611,4805,56
2022-06-09,Kern,029,883053,198323,197353,49073,246426,2338
2022-06-09,Kings,031,150075,53147,52978,3744,56722,447
2022-06-09,Lake,033,64148,11275,11202,966,12168,139
2022-06-09,Lassen,035,31185,9193,9172,927,10099,64
2022-06-09,Los Angeles,037,10098052,2896937,2878981,139029,3018010,31947
2022-06-09,Madera,039,155013,38782,38567,6471,45038,372
2022-06-09,Marin,041,260295,38910,38593,4373,42966,294
2022-06-09,Mariposa,043,17540,2654,2625,234,2859,30
2022-06-09,Mendocino,045,87422,14045,13945,3578,17523,127
2022-06-09,Merced,047,269075,64626,64286,9369,73655,825
2022-06-09,Modoc,049,8938,770,767,265,1032,8
2022-06-09,Mono,051,14174,3057,3052,175,3227,6
2022-06-09,Monterey,053,433212,83929,83391,16416,99807,739
2022-06-09,Napa,055,140530,28503,28202,1202,29404,143
2022-06-09,Nevada,057,99092,17088,16989,1354,18343,127
2022-06-09,Orange,059,3164182,584598,581624,47798,629422,7057
2022-06-09,Placer,061,380077,67758,67306,8059,75365,628
2022-06-09,Plumas,063,18699,3187,3172,393,3565,13
2022-06-09,Riverside,065,2383286,618309,615556,30224,645780,6481
2022-06-09,Sacramento,067,1510023,304768,302721,30693,333414,3058
2022-06-09,San Benito,069,59416,13925,13832,597,14429,99
2022-06-09,San Bernardino,071,2135413,590842,587385,26325,613710,7708
2022-06-09,San Diego,073,3302833,809535,805360,57785,863145,5315
2022-06-09,San Francisco,075,870044,150756,149278,10052,159330,890
2022-06-09,San Joaquin,077,732212,175815,174822,11581,186403,2244
2022-06-09,San Luis Obispo,079,281455,56555,56160,5062,61222,485
2022-06-09,San Mateo,081,765935,142974,141719,8939,150658,715
2022-06-09,Santa Barbara,083,443738,92621,92177,5245,97422,694
2022-06-09,Santa Clara,085,1922200,363186,359925,15745,375670,2322
2022-06-09,Santa Cruz,087,273765,53669,53171,2561,55732,264
2022-06-09,Shasta,089,179085,31609,31483,6365,37848,566
2022-06-09,Sierra,091,2930,280,278,56,334,4
2022-06-09,Siskiyou,093,43540,4651,4633,2936,7569,81
2022-06-09,Solano,095,438530,90087,89424,6319,95743,453
2022-06-09,Sonoma,097,501317,93958,93218,3902,97120,492
2022-06-09,Stanislaus,099,539301,122822,122267,18491,140758,1665
2022-06-09,Sutter,101,95872,21388,21333,2286,23619,227
2022-06-09,Tehama,103,63373,12374,12343,2735,15078,205
2022-06-09,Trinity,105,12862,1216,1213,299,1512,20
2022-06-09,Tulare,107,460477,109863,109467,30618,140085,1495
2022-06-09,Tuolumne,109,53932,13444,13382,637,14019,189
2022-06-09,Ventura,111,848112,184658,183680,10704,194384,1508
2022-06-09,Yolo,113,214977,40907,40202,3634,43836,323
2022-06-09,Yuba,115,75493,16739,16653,1417,18070,123
2022-06-08,Alameda,001,1643700,293408,289661,16580,306241,1873
2022-06-08,Alpine,003,1148,129,128,1,129,0
2022-06-08,Amador,005,37829,9012,8818,700,9518,87
2022-06-08,Butte,007,227075,34755,34380,7256,41636,427
2022-06-08,Calaveras,009,45235,7633,7564,411,7975,122
2022-06-08,Colusa,011,21464,3512,3495,1121,4616,21
2022-06-08,Contra Costa,013,1133247,212524,209384,15603,224987,1310
2022-06-08,Del Norte,015,27424,6266,6229,286,6515,52
2022-06-08,El Dorado,017,186661,28748,28478,3490,31968,215
2022-06-08,Fresno,019,978130,241092,239376,25359,264735,2766
2022-06-08,Glenn,021,27897,5122,5095,1659,6754,48
2022-06-08,Humboldt,023,135768,18787,18598,3563,22161,147
2022-06-08,Imperial,025,180216,57289,56912,11404,68316,941
2022-06-08,Inyo,027,18085,4206,4189,611,4800,56
2022-06-08,Kern,029,883053,198053,196763,49018,245781,2338
2022-06-08,Kings,031,150075,53076,52821,3738,56559,447
2022-06-08,Lake,033,64148,11255,11158,966,12124,137
2022-06-08,Lassen,035,31185,9180,9148,927,10075,64
2022-06-08,Los Angeles,037,10098052,2892467,2865901,138689,3004590,31920
2022-06-08,Madera,039,155013,38737,38408,6469,44877,372
2022-06-08,Marin,041,260295,38819,38338,4357,42695,294
2022-06-08,Mariposa,043,17540,2644,2614,234,2848,30
2022-06-08,Mendocino,045,87422,14025,13859,3571,17430,127
2022-06-08,Merced,047,269075,64565,64080,9359,73439,825
2022-06-08,Modoc,049,8938,766,761,265,1026,8
2022-06-08,Mono,051,14174,3054,3044,175,3219,6
2022-06-08,Monterey,053,433212,83824,83063,16378,99441,740
2022-06-08,Napa,055,140530,28418,27996,1200,29196,143
2022-06-08,Nevada,057,99092,17062,16907,1353,18260,127
2022-06-08,Orange,059,3164182,583513,578530,47607,626137,7044
2022-06-08,Placer,061,380077,67632,66951,8055,75006,627
2022-06-08,Plumas,063,18699,3184,3150,392,3542,13
2022-06-08,Riverside,065,2383286,617633,613469,30190,643659,6480
2022-06-08,Sacramento,067,1510023,304135,300875,30602,331477,3054
2022-06-08,San Benito,069,59416,13892,13734,596,14330,99
2022-06-08,San Bernardino,071,2135413,590154,585029,26293,611322,7685
2022-06-08,San Diego,073,3302833,808079,800840,57656,858496,5308
2022-06-08,San Francisco,075,870044,150342,147960,10029,157989,885
2022-06-08,San Joaquin,077,732212,175544,173887,11558,185445,2241
2022-06-08,San Luis Obispo,079,281455,56404,55822,4993,60815,484
2022-06-08,San Mateo,081,765935,142599,140569,8899,149468,710
2022-06-08,Santa Barbara,083,443738,92489,91747,5243,96990,693
2022-06-08,Santa Clara,085,1922200,362250,356452,15696,372148,2321
2022-06-08,Santa Cruz,087,273765,53534,52753,2551,55304,264
2022-06-08,Shasta,089,179085,31578,31394,6361,37755,565
2022-06-08,Sierra,091,2930,280,278,56,334,4
2022-06-08,Siskiyou,093,43540,4646,4609,2934,7543,81
2022-06-08,Solano,095,438530,89855,88522,6302,94824,453
2022-06-08,Sonoma,097,501317,93772,92644,3878,96522,491
2022-06-08,Stanislaus,099,539301,122643,121787,18464,140251,1662
2022-06-08,Sutter,101,95872,21365,21256,2285,23541,227
2022-06-08,Tehama,103,63373,12370,12306,2732,15038,205
2022-06-08,Trinity,105,12862,1215,1211,298,1509,20
2022-06-08,Tulare,107,460477,109775,109091,30572,139663,1494
2022-06-08,Tuolumne,109,53932,13429,13335,636,13971,189
2022-06-08,Ventura,111,848112,184392,182847,10688,193535,1506
2022-06-08,Yolo,113,214977,40804,39962,3626,43588,321
2022-06-08,Yuba,115,75493,16713,16558,1409,17967,122
2022-06-07,Alameda,001,1643700,292625,289661,16538,306199,1873
2022-06-07,Alpine,003,1148,129,128,1,129,0
2022-06-07,Amador,005,37829,9001,8818,698,9516,87
2022-06-07,Butte,007,227075,34677,34380,7231,41611,427
2022-06-07,Calaveras,009,45235,7623,7564,409,7973,122
2022-06-07,Colusa,011,21464,3511,3495,1117,4612,21
2022-06-07,Contra Costa,013,1133247,211990,209384,15568,224952,1310
2022-06-07,Del Norte,015,27424,6260,6229,284,6513,52
2022-06-07,El Dorado,017,186661,28685,28478,3484,31962,215
2022-06-07,Fresno,019,978130,240709,239376,25311,264687,2766
2022-06-07,Glenn,021,27897,5116,5095,1659,6754,48
2022-06-07,Humboldt,023,135768,18750,18598,3554,22152,147
2022-06-07,Imperial,025,180216,57232,56912,11379,68291,941
2022-06-07,Inyo,027,18085,4205,4189,606,4795,56
2022-06-07,Kern,029,883053,197804,196763,48959,245722,2338
2022-06-07,Kings,031,150075,53019,52821,3731,56552,447
2022-06-07,Lake,033,64148,11232,11158,960,12118,137
2022-06-07,Lassen,035,31185,9171,9148,925,10073,64
2022-06-07,Los Angeles,037,10098052,2887274,2865901,138304,3004205,31920
2022-06-07,Madera,039,155013,38665,38408,6466,44874,372
2022-06-07,Marin,041,260295,38736,38338,4333,42671,294
2022-06-07,Mariposa,043,17540,2637,2614,232,2846,30
2022-06-07,Mendocino,045,87422,13999,13859,3544,17403,127
2022-06-07,Merced,047,269075,64474,64080,9355,73435,825
2022-06-07,Modoc,049,8938,766,761,264,1025,8
2022-06-07,Mono,051,14174,3051,3044,172,3216,6
2022-06-07,Monterey,053,433212,83702,83063,16345,99408,740
2022-06-07,Napa,055,140530,28346,27996,1196,29192,143
2022-06-07,Nevada,057,99092,17034,16907,1349,18256,127
2022-06-07,Orange,059,3164182,582410,578530,47433,625963,7044
2022-06-07,Placer,061,380077,67487,66951,8047,74998,627
2022-06-07,Plumas,063,18699,3181,3150,391,3541,13
2022-06-07,Riverside,065,2383286,616769,613469,30132,643601,6480
2022-06-07,Sacramento,067,1510023,303424,300875,30487,331362,3054
2022-06-07,San Benito,069,59416,13850,13734,594,14328,99
2022-06-07,San Bernardino,071,2135413,589386,585029,26270,611299,7685
2022-06-07,San Diego,073,3302833,806530,800840,57516,858356,5308
2022-06-07,San Francisco,075,870044,149824,147960,10010,157970,885
2022-06-07,San Joaquin,077,732212,175232,173887,11519,185406,2241
2022-06-07,San Luis Obispo,079,281455,56302,55822,4945,60767,484
2022-06-07,San Mateo,081,765935,142179,140569,8853,149422,710
2022-06-07,Santa Barbara,083,443738,92354,91747,5236,96983,693
2022-06-07,Santa Clara,085,1922200,361135,356452,15622,372074,2321
2022-06-07,Santa Cruz,087,273765,53434,52753,2547,55300,264
2022-06-07,Shasta,089,179085,31542,31394,6356,37750,565
2022-06-07,Sierra,091,2930,279,278,56,334,4
2022-06-07,Siskiyou,093,43540,4639,4609,2929,7538,81
2022-06-07,Solano,095,438530,89569,88522,6287,94809,453
2022-06-07,Sonoma,097,501317,93546,92644,3857,96501,491
2022-06-07,Stanislaus,099,539301,122473,121787,18445,140232,1662
2022-06-07,Sutter,101,95872,21337,21256,2282,23538,227
2022-06-07,Tehama,103,63373,12355,12306,2729,15035,205
2022-06-07,Trinity,105,12862,1214,1211,298,1509,20
2022-06-07,Tulare,107,460477,109654,109091,30523,139614,1494
2022-06-07,Tuolumne,109,53932,13414,13335,635,13970,189
2022-06-07,Ventura,111,848112,184049,182847,10662,193509,1506
2022-06-07,Yolo,113,214977,40687,39962,3615,43577,321
2022-06-07,Yuba,115,75493,16686,16558,1407,17965,122
2022-06-06,Alameda,001,1643700,291753,289661,16495,306156,1873
2022-06-06,Alpine,003,1148,129,128,1,129,0
2022-06-06,Amador,005,37829,8951,8818,694,9512,87
2022-06-06,Butte,007,227075,34618,34380,7218,41598,427
2022-06-06,Calaveras,009,45235,7612,7564,409,7973,122
2022-06-06,Colusa,011,21464,3510,3495,1112,4607,21
2022-06-06,Contra Costa,013,1133247,211351,209384,15496,224880,1310
2022-06-06,Del Norte,015,27424,6252,6229,282,6511,52
2022-06-06,El Dorado,017,186661,28640,28478,3480,31958,215
2022-06-06,Fresno,019,978130,240301,239376,25269,264645,2766
2022-06-06,Glenn,021,27897,5108,5095,1656,6751,48
2022-06-06,Humboldt,023,135768,18711,18598,3545,22143,147
2022-06-06,Imperial,025,180216,57159,56912,11347,68259,941
2022-06-06,Inyo,027,18085,4201,4189,603,4792,56
2022-06-06,Kern,029,883053,197534,196763,48875,245638,2338
2022-06-06,Kings,031,150075,52962,52821,3725,56546,447
2022-06-06,Lake,033,64148,11212,11158,960,12118,137
2022-06-06,Lassen,035,31185,9162,9148,924,10072,64
2022-06-06,Los Angeles,037,10098052,2881840,2865901,137954,3003855,31920
2022-06-06,Madera,039,155013,38597,38408,6460,44868,372
2022-06-06,Marin,041,260295,38612,38338,4297,42635,294
2022-06-06,Mariposa,043,17540,2626,2614,231,2845,30
2022-06-06,Mendocino,045,87422,13969,13859,3536,17395,127
2022-06-06,Merced,047,269075,64357,64080,9343,73423,825
2022-06-06,Modoc,049,8938,764,761,262,1023,8
2022-06-06,Mono,051,14174,3049,3044,171,3215,6
2022-06-06,Monterey,053,433212,83560,83063,16281,99344,740
2022-06-06,Napa,055,140530,28266,27996,1193,29189,143
2022-06-06,Nevada,057,99092,17008,16907,1345,18252,127
2022-06-06,Orange,059,3164182,581287,578530,47260,625790,7044
2022-06-06,Placer,061,380077,67379,66951,8036,74987,627
2022-06-06,Plumas,063,18699,3173,3150,390,3540,13
2022-06-06,Riverside,065,2383286,615981,613469,30094,643563,6480
2022-06-06,Sacramento,067,1510023,302688,300875,30375,331250,3054
2022-06-06,San Benito,069,59416,13801,13734,590,14324,99
2022-06-06,San Bernardino,071,2135413,588606,585029,26228,611257,7685
2022-06-06,San Diego,073,3302833,804781,800840,57336,858176,5308
2022-06-06,San Francisco,075,870044,149296,147960,9991,157951,885
2022-06-06,San Joaquin,077,732212,174849,173887,11491,185378,2241
2022-06-06,San Luis Obispo,079,281455,56193,55822,4906,60728,484
2022-06-06,San Mateo,081,765935,141701,140569,8826,149395,710
2022-06-06,Santa Barbara,083,443738,92178,91747,5230,96977,693
2022-06-06,Santa Clara,085,1922200,359866,356452,15539,371991,2321
2022-06-06,Santa Cruz,087,273765,53279,52753,2541,55294,264
2022-06-06,Shasta,089,179085,31515,31394,6342,37736,565
2022-06-06,Sierra,091,2930,279,278,56,334,4
2022-06-06,Siskiyou,093,43540,4631,4609,2915,7524,81
2022-06-06,Solano,095,438530,89305,88522,6272,94794,453
2022-06-06,Sonoma,097,501317,93303,92644,3834,96478,491
2022-06-06,Stanislaus,099,539301,122290,121787,18424,140211,1662
2022-06-06,Sutter,101,95872,21303,21256,2277,23533,227
2022-06-06,Tehama,103,63373,12347,12306,2726,15032,205
2022-06-06,Trinity,105,12862,1212,1211,298,1509,20
2022-06-06,Tulare,107,460477,109514,109091,30467,139558,1494
2022-06-06,Tuolumne,109,53932,13397,13335,633,13968,189
2022-06-06,Ventura,111,848112,183745,182847,10645,193492,1506
2022-06-06,Yolo,113,214977,40538,39962,3606,43568,321
2022-06-06,Yuba,115,75493,16645,16558,1400,17958,122
2022-06-05,Alameda,001,1643700,290706,285785,16442,302227,1873
2022-06-05,Alpine,003,1148,128,128,1,129,0
2022-06-05,Amador,005,37829,8913,8775,694,9469,87
2022-06-05,Butte,007,227075,34537,34129,7199,41328,427
2022-06-05,Calaveras,009,45235,7598,7525,404,7929,121
2022-06-05,Colusa,011,21464,3504,3484,1112,4596,21
2022-06-05,Contra Costa,013,1133247,210645,206711,15405,222116,1310
2022-06-05,Del Norte,015,27424,6242,6206,277,6483,52
2022-06-05,El Dorado,017,186661,28568,28241,3479,31720,214
2022-06-05,Fresno,019,978130,239835,237945,25191,263136,2766
2022-06-05,Glenn,021,27897,5102,5063,1656,6719,48
2022-06-05,Humboldt,023,135768,18660,18433,3527,21960,147
2022-06-05,Imperial,025,180216,57064,56690,11308,67998,941
2022-06-05,Inyo,027,18085,4197,4176,599,4775,56
2022-06-05,Kern,029,883053,197230,195863,48788,244651,2338
2022-06-05,Kings,031,150075,52886,52597,3718,56315,447
2022-06-05,Lake,033,64148,11193,11064,957,12021,137
2022-06-05,Lassen,035,31185,9154,9106,919,10025,64
2022-06-05,Los Angeles,037,10098052,2876128,2846989,137499,2984488,31899
2022-06-05,Madera,039,155013,38533,38188,6452,44640,372
2022-06-05,Marin,041,260295,38501,37879,4261,42140,294
2022-06-05,Mariposa,043,17540,2624,2557,230,2787,30
2022-06-05,Mendocino,045,87422,13932,13738,3494,17232,125
2022-06-05,Merced,047,269075,64265,63756,9332,73088,825
2022-06-05,Modoc,049,8938,763,759,262,1021,8
2022-06-05,Mono,051,14174,3048,3037,168,3205,6
2022-06-05,Monterey,053,433212,83411,82451,16200,98651,738
2022-06-05,Napa,055,140530,28137,27686,1183,28869,143
2022-06-05,Nevada,057,99092,16966,16728,1337,18065,127
2022-06-05,Orange,059,3164182,580024,574146,47070,621216,7038
2022-06-05,Placer,061,380077,67239,66428,8026,74454,627
2022-06-05,Plumas,063,18699,3166,3138,390,3528,13
2022-06-05,Riverside,065,2383286,615061,610369,30030,640399,6481
2022-06-05,Sacramento,067,1510023,301772,297787,30223,328010,3052
2022-06-05,San Benito,069,59416,13756,13572,585,14157,99
2022-06-05,San Bernardino,071,2135413,587626,582305,26191,608496,7664
2022-06-05,San Diego,073,3302833,802899,794822,57173,851995,5303
2022-06-05,San Francisco,075,870044,148709,145876,9936,155812,881
2022-06-05,San Joaquin,077,732212,174415,172621,11455,184076,2242
2022-06-05,San Luis Obispo,079,281455,56032,55333,4837,60170,484
2022-06-05,San Mateo,081,765935,141191,138536,8790,147326,710
2022-06-05,Santa Barbara,083,443738,91987,90911,5217,96128,693
2022-06-05,Santa Clara,085,1922200,358458,351492,15454,366946,2317
2022-06-05,Santa Cruz,087,273765,53091,52333,2528,54861,263
2022-06-05,Shasta,089,179085,31476,31272,6330,37602,565
2022-06-05,Sierra,091,2930,279,278,56,334,4
2022-06-05,Siskiyou,093,43540,4626,4591,2904,7495,81
2022-06-05,Solano,095,438530,88996,87571,6264,93835,452
2022-06-05,Sonoma,097,501317,93027,91518,3808,95326,491
2022-06-05,Stanislaus,099,539301,122093,121001,18391,139392,1661
2022-06-05,Sutter,101,95872,21271,21125,2274,23399,227
2022-06-05,Tehama,103,63373,12329,12262,2724,14986,204
2022-06-05,Trinity,105,12862,1212,1204,298,1502,20
2022-06-05,Tulare,107,460477,109311,108598,30388,138986,1490
2022-06-05,Tuolumne,109,53932,13370,13251,620,13871,189
2022-06-05,Ventura,111,848112,183392,181709,10624,192333,1505
2022-06-05,Yolo,113,214977,40419,39561,3596,43157,321
2022-06-05,Yuba,115,75493,16605,16467,1391,17858,122
2022-06-04,Alameda,001,1643700,290223,285785,16419,302204,1873
2022-06-04,Alpine,003,1148,128,128,1,129,0
2022-06-04,Amador,005,37829,8905,8775,693,9468,87
2022-06-04,Butte,007,227075,34496,34129,7195,41324,427
2022-06-04,Calaveras,009,45235,7584,7525,403,7928,121
2022-06-04,Colusa,011,21464,3501,3484,1108,4592,21
2022-06-04,Contra Costa,013,1133247,210265,206711,15380,222091,1310
2022-06-04,Del Norte,015,27424,6240,6206,277,6483,52
2022-06-04,El Dorado,017,186661,28528,28241,3475,31716,214
2022-06-04,Fresno,019,978130,239672,237945,25177,263122,2766
2022-06-04,Glenn,021,27897,5100,5063,1655,6718,48
2022-06-04,Humboldt,023,135768,18641,18433,3524,21957,147
2022-06-04,Imperial,025,180216,57016,56690,11296,67986,941
2022-06-04,Inyo,027,18085,4197,4176,598,4774,56
2022-06-04,Kern,029,883053,197119,195863,48739,244602,2338
2022-06-04,Kings,031,150075,52846,52597,3718,56315,447
2022-06-04,Lake,033,64148,11178,11064,950,12014,137
2022-06-04,Lassen,035,31185,9149,9106,918,10024,64
2022-06-04,Los Angeles,037,10098052,2873903,2846989,137253,2984242,31899
2022-06-04,Madera,039,155013,38499,38188,6448,44636,372
2022-06-04,Marin,041,260295,38423,37879,4219,42098,294
2022-06-04,Mariposa,043,17540,2621,2557,230,2787,30
2022-06-04,Mendocino,045,87422,13920,13738,3493,17231,125
2022-06-04,Merced,047,269075,64222,63756,9327,73083,825
2022-06-04,Modoc,049,8938,762,759,261,1020,8
2022-06-04,Mono,051,14174,3048,3037,168,3205,6
2022-06-04,Monterey,053,433212,83326,82451,16169,98620,738
2022-06-04,Napa,055,140530,28096,27686,1183,28869,143
2022-06-04,Nevada,057,99092,16953,16728,1335,18063,127
2022-06-04,Orange,059,3164182,579393,574146,46938,621084,7038
2022-06-04,Placer,061,380077,67158,66428,8020,74448,627
2022-06-04,Plumas,063,18699,3163,3138,389,3527,13
2022-06-04,Riverside,065,2383286,614537,610369,30000,640369,6481
2022-06-04,Sacramento,067,1510023,301416,297787,30200,327987,3052
2022-06-04,San Benito,069,59416,13732,13572,582,14154,99
2022-06-04,San Bernardino,071,2135413,587204,582305,26172,608477,7664
2022-06-04,San Diego,073,3302833,802191,794822,57130,851952,5303
2022-06-04,San Francisco,075,870044,148373,145876,9910,155786,881
2022-06-04,San Joaquin,077,732212,174272,172621,11431,184052,2242
2022-06-04,San Luis Obispo,079,281455,55994,55333,4832,60165,484
2022-06-04,San Mateo,081,765935,140887,138536,8772,147308,710
2022-06-04,Santa Barbara,083,443738,91887,90911,5214,96125,693
2022-06-04,Santa Clara,085,1922200,357587,351492,15421,366913,2317
2022-06-04,Santa Cruz,087,273765,53008,52333,2521,54854,263
2022-06-04,Shasta,089,179085,31452,31272,6327,37599,565
2022-06-04,Sierra,091,2930,279,278,56,334,4
2022-06-04,Siskiyou,093,43540,4623,4591,2899,7490,81
2022-06-04,Solano,095,438530,88914,87571,6251,93822,452
2022-06-04,Sonoma,097,501317,92879,91518,3798,95316,491
2022-06-04,Stanislaus,099,539301,121958,121001,18380,139381,1661
2022-06-04,Sutter,101,95872,21247,21125,2270,23395,227
2022-06-04,Tehama,103,63373,12317,12262,2722,14984,204
2022-06-04,Trinity,105,12862,1212,1204,298,1502,20
2022-06-04,Tulare,107,460477,109248,108598,30341,138939,1490
2022-06-04,Tuolumne,109,53932,13360,13251,616,13867,189
2022-06-04,Ventura,111,848112,183212,181709,10615,192324,1505
2022-06-04,Yolo,113,214977,40350,39561,3594,43155,321
2022-06-04,Yuba,115,75493,16588,16467,1387,17854,122
2022-06-03,Alameda,001,1643700,289702,285785,16397,302182,1873
2022-06-03,Alpine,003,1148,128,128,1,129,0
2022-06-03,Amador,005,37829,8900,8775,693,9468,87
2022-06-03,Butte,007,227075,34445,34129,7186,41315,427
2022-06-03,Calaveras,009,45235,7579,7525,403,7928,121
2022-06-03,Colusa,011,21464,3501,3484,1107,4591,21
2022-06-03,Contra Costa,013,1133247,209955,206711,15367,222078,1310
2022-06-03,Del Norte,015,27424,6236,6206,276,6482,52
2022-06-03,El Dorado,017,186661,28501,28241,3473,31714,214
2022-06-03,Fresno,019,978130,239450,237945,25162,263107,2766
2022-06-03,Glenn,021,27897,5094,5063,1653,6716,48
2022-06-03,Humboldt,023,135768,18621,18433,3521,21954,147
2022-06-03,Imperial,025,180216,56976,56690,11284,67974,941
2022-06-03,Inyo,027,18085,4196,4176,598,4774,56
2022-06-03,Kern,029,883053,196985,195863,48677,244540,2338
2022-06-03,Kings,031,150075,52822,52597,3718,56315,447
2022-06-03,Lake,033,64148,11167,11064,947,12011,137
2022-06-03,Lassen,035,31185,9144,9106,918,10024,64
2022-06-03,Los Angeles,037,10098052,2871156,2846989,137001,2983990,31899
2022-06-03,Madera,039,155013,38454,38188,6445,44633,372
2022-06-03,Marin,041,260295,38353,37879,4183,42062,294
2022-06-03,Mariposa,043,17540,2617,2557,230,2787,30
2022-06-03,Mendocino,045,87422,13899,13738,3493,17231,125
2022-06-03,Merced,047,269075,64170,63756,9323,73079,825
2022-06-03,Modoc,049,8938,762,759,261,1020,8
2022-06-03,Mono,051,14174,3045,3037,168,3205,6
2022-06-03,Monterey,053,433212,83231,82451,16123,98574,738
2022-06-03,Napa,055,140530,28047,27686,1179,28865,143
2022-06-03,Nevada,057,99092,16932,16728,1334,18062,127
2022-06-03,Orange,059,3164182,578707,574146,46821,620967,7038
2022-06-03,Placer,061,380077,67079,66428,8007,74435,627
2022-06-03,Plumas,063,18699,3161,3138,388,3526,13
2022-06-03,Riverside,065,2383286,614012,610369,29967,640336,6481
2022-06-03,Sacramento,067,1510023,300948,297787,30164,327951,3052
2022-06-03,San Benito,069,59416,13718,13572,579,14151,99
2022-06-03,San Bernardino,071,2135413,586766,582305,26147,608452,7664
2022-06-03,San Diego,073,3302833,801255,794822,57054,851876,5303
2022-06-03,San Francisco,075,870044,148009,145876,9875,155751,881
2022-06-03,San Joaquin,077,732212,174114,172621,11419,184040,2242
2022-06-03,San Luis Obispo,079,281455,55950,55333,4825,60158,484
2022-06-03,San Mateo,081,765935,140604,138536,8759,147295,710
2022-06-03,Santa Barbara,083,443738,91770,90911,5212,96123,693
2022-06-03,Santa Clara,085,1922200,356693,351492,15376,366868,2317
2022-06-03,Santa Cruz,087,273765,52874,52333,2512,54845,263
2022-06-03,Shasta,089,179085,31440,31272,6325,37597,565
2022-06-03,Sierra,091,2930,279,278,56,334,4
2022-06-03,Siskiyou,093,43540,4619,4591,2898,7489,81
2022-06-03,Solano,095,438530,88802,87571,6242,93813,452
2022-06-03,Sonoma,097,501317,92741,91518,3789,95307,491
2022-06-03,Stanislaus,099,539301,121849,121001,18368,139369,1661
2022-06-03,Sutter,101,95872,21225,21125,2269,23394,227
2022-06-03,Tehama,103,63373,12311,12262,2721,14983,204
2022-06-03,Trinity,105,12862,1210,1204,298,1502,20
2022-06-03,Tulare,107,460477,109183,108598,30296,138894,1490
2022-06-03,Tuolumne,109,53932,13350,13251,613,13864,189
2022-06-03,Ventura,111,848112,183025,181709,10599,192308,1505
2022-06-03,Yolo,113,214977,40298,39561,3586,43147,321
2022-06-03,Yuba,115,75493,16563,16467,1384,17851,122
2022-06-02,Alameda,001,1643700,288804,285785,16340,302125,1873
2022-06-02,Alpine,003,1148,128,128,1,129,0
2022-06-02,Amador,005,37829,8878,8775,691,9466,87
2022-06-02,Butte,007,227075,34369,34129,7168,41297,427
2022-06-02,Calaveras,009,45235,7566,7525,402,7927,121
2022-06-02,Colusa,011,21464,3499,3484,1107,4591,21
2022-06-02,Contra Costa,013,1133247,209370,206711,15292,222003,1310
2022-06-02,Del Norte,015,27424,6227,6206,274,6480,52
2022-06-02,El Dorado,017,186661,28435,28241,3465,31706,214
2022-06-02,Fresno,019,978130,239109,237945,25114,263059,2766
2022-06-02,Glenn,021,27897,5088,5063,1648,6711,48
2022-06-02,Humboldt,023,135768,18579,18433,3509,21942,147
2022-06-02,Imperial,025,180216,56918,56690,11269,67959,941
2022-06-02,Inyo,027,18085,4196,4176,595,4771,56
2022-06-02,Kern,029,883053,196711,195863,48571,244434,2338
2022-06-02,Kings,031,150075,52768,52597,3712,56309,447
2022-06-02,Lake,033,64148,11145,11064,946,12010,137
2022-06-02,Lassen,035,31185,9133,9106,918,10024,64
2022-06-02,Los Angeles,037,10098052,2866372,2846989,136619,2983608,31899
2022-06-02,Madera,039,155013,38399,38188,6439,44627,372
2022-06-02,Marin,041,260295,38257,37879,4151,42030,294
2022-06-02,Mariposa,043,17540,2612,2557,229,2786,30
2022-06-02,Mendocino,045,87422,13870,13738,3485,17223,125
2022-06-02,Merced,047,269075,64097,63756,9317,73073,825
2022-06-02,Modoc,049,8938,761,759,261,1020,8
2022-06-02,Mono,051,14174,3045,3037,167,3204,6
2022-06-02,Monterey,053,433212,83082,82451,16056,98507,738
2022-06-02,Napa,055,140530,27972,27686,1178,28864,143
2022-06-02,Nevada,057,99092,16894,16728,1333,18061,127
2022-06-02,Orange,059,3164182,577674,574146,46667,620813,7038
2022-06-02,Placer,061,380077,66965,66428,8000,74428,627
2022-06-02,Plumas,063,18699,3151,3138,388,3526,13
2022-06-02,Riverside,065,2383286,613332,610369,29909,640278,6481
2022-06-02,Sacramento,067,1510023,300321,297787,30053,327840,3052
2022-06-02,San Benito,069,59416,13686,13572,578,14150,99
2022-06-02,San Bernardino,071,2135413,586076,582305,26113,608418,7664
2022-06-02,San Diego,073,3302833,799903,794822,56938,851760,5303
2022-06-02,San Francisco,075,870044,147587,145876,9819,155695,881
2022-06-02,San Joaquin,077,732212,173803,172621,11399,184020,2242
2022-06-02,San Luis Obispo,079,281455,55817,55333,4805,60138,484
2022-06-02,San Mateo,081,765935,140227,138536,8707,147243,710
2022-06-02,Santa Barbara,083,443738,91601,90911,5206,96117,693
2022-06-02,Santa Clara,085,1922200,355596,351492,15255,366747,2317
2022-06-02,Santa Cruz,087,273765,52760,52333,2503,54836,263
2022-06-02,Shasta,089,179085,31412,31272,6318,37590,565
2022-06-02,Sierra,091,2930,279,278,56,334,4
2022-06-02,Siskiyou,093,43540,4612,4591,2887,7478,81
2022-06-02,Solano,095,438530,88577,87571,6231,93802,452
2022-06-02,Sonoma,097,501317,92515,91518,3771,95289,491
2022-06-02,Stanislaus,099,539301,121687,121001,18347,139348,1661
2022-06-02,Sutter,101,95872,21196,21125,2264,23389,227
2022-06-02,Tehama,103,63373,12299,12262,2716,14978,204
2022-06-02,Trinity,105,12862,1208,1204,298,1502,20
2022-06-02,Tulare,107,460477,109062,108598,30227,138825,1490
2022-06-02,Tuolumne,109,53932,13330,13251,611,13862,189
2022-06-02,Ventura,111,848112,182755,181709,10579,192288,1505
2022-06-02,Yolo,113,214977,40219,39561,3580,43141,321
2022-06-02,Yuba,115,75493,16543,16467,1377,17844,122
2022-06-01,Alameda,001,1643700,287796,284051,16286,300337,1868
2022-06-01,Alpine,003,1148,128,128,1,129,0
2022-06-01,Amador,005,37829,8873,8741,690,9431,87
2022-06-01,Butte,007,227075,34300,34059,7154,41213,427
2022-06-01,Calaveras,009,45235,7561,7502,400,7902,120
2022-06-01,Colusa,011,21464,3496,3476,1107,4583,21
2022-06-01,Contra Costa,013,1133247,208733,205699,15225,220924,1310
2022-06-01,Del Norte,015,27424,6219,6188,271,6459,51
2022-06-01,El Dorado,017,186661,28374,28133,3453,31586,214
2022-06-01,Fresno,019,978130,238764,237367,25074,262441,2765
2022-06-01,Glenn,021,27897,5082,5059,1648,6707,48
2022-06-01,Humboldt,023,135768,18535,18371,3489,21860,147
2022-06-01,Imperial,025,180216,56855,56445,11250,67695,938
2022-06-01,Inyo,027,18085,4192,4171,589,4760,56
2022-06-01,Kern,029,883053,196497,195438,48499,243937,2336
2022-06-01,Kings,031,150075,52713,52491,3706,56197,447
2022-06-01,Lake,033,64148,11123,11024,945,11969,137
2022-06-01,Lassen,035,31185,9120,9083,915,9998,64
2022-06-01,Los Angeles,037,10098052,2861100,2836856,136240,2973096,31882
2022-06-01,Madera,039,155013,38362,38115,6430,44545,372
2022-06-01,Marin,041,260295,38144,37654,4115,41769,293
2022-06-01,Mariposa,043,17540,2597,2549,228,2777,30
2022-06-01,Mendocino,045,87422,13844,13692,3474,17166,125
2022-06-01,Merced,047,269075,64024,63637,9304,72941,824
2022-06-01,Modoc,049,8938,760,755,259,1014,8
2022-06-01,Mono,051,14174,3043,3035,166,3201,6
2022-06-01,Monterey,053,433212,82927,82215,16004,98219,737
2022-06-01,Napa,055,140530,27897,27580,1170,28750,143
2022-06-01,Nevada,057,99092,16855,16693,1326,18019,127
2022-06-01,Orange,059,3164182,576415,571973,46501,618474,7032
2022-06-01,Placer,061,380077,66826,66199,7989,74188,627
2022-06-01,Plumas,063,18699,3145,3117,387,3504,13
2022-06-01,Riverside,065,2383286,612601,608913,29867,638780,6480
2022-06-01,Sacramento,067,1510023,299577,296457,29942,326399,3045
2022-06-01,San Benito,069,59416,13648,13510,577,14087,98
2022-06-01,San Bernardino,071,2135413,585384,580767,26077,606844,7641
2022-06-01,San Diego,073,3302833,798225,791557,56785,848342,5292
2022-06-01,San Francisco,075,870044,147072,144476,9777,154253,879
2022-06-01,San Joaquin,077,732212,173511,172170,11371,183541,2241
2022-06-01,San Luis Obispo,079,281455,55650,55099,4769,59868,482
2022-06-01,San Mateo,081,765935,139757,137566,8647,146213,710
2022-06-01,Santa Barbara,083,443738,91419,90531,5198,95729,693
2022-06-01,Santa Clara,085,1922200,354449,348742,15180,363922,2317
2022-06-01,Santa Cruz,087,273765,52651,52141,2493,54634,263
2022-06-01,Shasta,089,179085,31380,31247,6315,37562,564
2022-06-01,Sierra,091,2930,279,280,56,336,4
2022-06-01,Siskiyou,093,43540,4606,4574,2880,7454,81
2022-06-01,Solano,095,438530,88353,87206,6202,93408,452
2022-06-01,Sonoma,097,501317,92270,91174,3752,94926,491
2022-06-01,Stanislaus,099,539301,121499,120778,18329,139107,1656
2022-06-01,Sutter,101,95872,21165,21065,2259,23324,227
2022-06-01,Tehama,103,63373,12292,12245,2712,14957,204
2022-06-01,Trinity,105,12862,1207,1200,297,1497,20
2022-06-01,Tulare,107,460477,108948,108401,30165,138566,1490
2022-06-01,Tuolumne,109,53932,13316,13221,610,13831,189
2022-06-01,Ventura,111,848112,182477,181163,10564,191727,1503
2022-06-01,Yolo,113,214977,40161,39371,3568,42939,320
2022-06-01,Yuba,115,75493,16520,16406,1370,17776,122
2022-05-31,Alameda,001,1643700,286713,284051,16233,300284,1868
2022-05-31,Alpine,003,1148,128,128,1,129,0
2022-05-31,Amador,005,37829,8856,8741,690,9431,87
2022-05-31,Butte,007,227075,34236,34059,7132,41191,427
2022-05-31,Calaveras,009,45235,7549,7502,400,7902,120
2022-05-31,Colusa,011,21464,3491,3476,1106,4582,21
2022-05-31,Contra Costa,013,1133247,207992,205699,15154,220853,1310
2022-05-31,Del Norte,015,27424,6209,6188,268,6456,51
2022-05-31,El Dorado,017,186661,28314,28133,3448,31581,214
2022-05-31,Fresno,019,978130,238372,237367,25019,262386,2765
2022-05-31,Glenn,021,27897,5074,5059,1648,6707,48
2022-05-31,Humboldt,023,135768,18507,18371,3467,21838,147
2022-05-31,Imperial,025,180216,56790,56445,11227,67672,938
2022-05-31,Inyo,027,18085,4186,4171,587,4758,56
2022-05-31,Kern,029,883053,196261,195438,48407,243845,2336
2022-05-31,Kings,031,150075,52663,52491,3699,56190,447
2022-05-31,Lake,033,64148,11105,11024,941,11965,137
2022-05-31,Lassen,035,31185,9108,9083,914,9997,64
2022-05-31,Los Angeles,037,10098052,2855203,2836856,135842,2972698,31882
2022-05-31,Madera,039,155013,38296,38115,6417,44532,372
2022-05-31,Marin,041,260295,38006,37654,4079,41733,293
2022-05-31,Mariposa,043,17540,2592,2549,227,2776,30
2022-05-31,Mendocino,045,87422,13808,13692,3462,17154,125
2022-05-31,Merced,047,269075,63941,63637,9287,72924,824
2022-05-31,Modoc,049,8938,758,755,259,1014,8
2022-05-31,Mono,051,14174,3039,3035,165,3200,6
2022-05-31,Monterey,053,433212,82770,82215,15938,98153,737
2022-05-31,Napa,055,140530,27809,27580,1165,28745,143
2022-05-31,Nevada,057,99092,16809,16693,1325,18018,127
2022-05-31,Orange,059,3164182,575189,571973,46307,618280,7032
2022-05-31,Placer,061,380077,66669,66199,7973,74172,627
2022-05-31,Plumas,063,18699,3142,3117,386,3503,13
2022-05-31,Riverside,065,2383286,611700,608913,29804,638717,6480
2022-05-31,Sacramento,067,1510023,298720,296457,29789,326246,3045
2022-05-31,San Benito,069,59416,13591,13510,575,14085,98
2022-05-31,San Bernardino,071,2135413,584510,580767,26047,606814,7641
2022-05-31,San Diego,073,3302833,796365,791557,56647,848204,5292
2022-05-31,San Francisco,075,870044,146433,144476,9735,154211,879
2022-05-31,San Joaquin,077,732212,173139,172170,11331,183501,2241
2022-05-31,San Luis Obispo,079,281455,55499,55099,4698,59797,482
2022-05-31,San Mateo,081,765935,139203,137566,8615,146181,710
2022-05-31,Santa Barbara,083,443738,91194,90531,5187,95718,693
2022-05-31,Santa Clara,085,1922200,352963,348742,15098,363840,2317
2022-05-31,Santa Cruz,087,273765,52538,52141,2477,54618,263
2022-05-31,Shasta,089,179085,31343,31247,6304,37551,564
2022-05-31,Sierra,091,2930,278,280,55,335,4
2022-05-31,Siskiyou,093,43540,4601,4574,2872,7446,81
2022-05-31,Solano,095,438530,88042,87206,6180,93386,452
2022-05-31,Sonoma,097,501317,91984,91174,3723,94897,491
2022-05-31,Stanislaus,099,539301,121296,120778,18305,139083,1656
2022-05-31,Sutter,101,95872,21135,21065,2254,23319,227
2022-05-31,Tehama,103,63373,12284,12245,2708,14953,204
2022-05-31,Trinity,105,12862,1206,1200,297,1497,20
2022-05-31,Tulare,107,460477,108808,108401,30096,138497,1490
2022-05-31,Tuolumne,109,53932,13300,13221,607,13828,189
2022-05-31,Ventura,111,848112,182161,181163,10538,191701,1503
2022-05-31,Yolo,113,214977,40035,39371,3555,42926,320
2022-05-31,Yuba,115,75493,16488,16406,1364,17770,122
2022-05-30,Alameda,001,1643700,285337,284051,16155,300206,1868
2022-05-30,Alpine,003,1148,128,128,1,129,0
2022-05-30,Amador,005,37829,8841,8741,689,9430,87
2022-05-30,Butte,007,227075,34157,34059,7112,41171,427
2022-05-30,Calaveras,009,45235,7540,7502,400,7902,120
2022-05-30,Colusa,011,21464,3487,3476,1105,4581,21
2022-05-30,Contra Costa,013,1133247,207137,205699,15041,220740,1310
2022-05-30,Del Norte,015,27424,6196,6188,267,6455,51
2022-05-30,El Dorado,017,186661,28237,28133,3440,31573,214
2022-05-30,Fresno,019,978130,237902,237367,24961,262328,2765
2022-05-30,Glenn,021,27897,5069,5059,1645,6704,48
2022-05-30,Humboldt,023,135768,18453,18371,3440,21811,147
2022-05-30,Imperial,025,180216,56706,56445,11195,67640,938
2022-05-30,Inyo,027,18085,4181,4171,586,4757,56
2022-05-30,Kern,029,883053,195977,195438,48294,243732,2336
2022-05-30,Kings,031,150075,52566,52491,3699,56190,447
2022-05-30,Lake,033,64148,11074,11024,937,11961,137
2022-05-30,Lassen,035,31185,9094,9083,910,9993,64
2022-05-30,Los Angeles,037,10098052,2848017,2836856,135373,2972229,31882
2022-05-30,Madera,039,155013,38241,38115,6391,44506,372
2022-05-30,Marin,041,260295,37881,37654,4038,41692,293
2022-05-30,Mariposa,043,17540,2569,2549,226,2775,30
2022-05-30,Mendocino,045,87422,13762,13692,3449,17141,125
2022-05-30,Merced,047,269075,63846,63637,9264,72901,824
2022-05-30,Modoc,049,8938,755,755,257,1012,8
2022-05-30,Mono,051,14174,3036,3035,165,3200,6
2022-05-30,Monterey,053,433212,82592,82215,15859,98074,737
2022-05-30,Napa,055,140530,27730,27580,1159,28739,143
2022-05-30,Nevada,057,99092,16761,16693,1322,18015,127
2022-05-30,Orange,059,3164182,573713,571973,46086,618059,7032
2022-05-30,Placer,061,380077,66530,66199,7953,74152,627
2022-05-30,Plumas,063,18699,3137,3117,383,3500,13
2022-05-30,Riverside,065,2383286,610667,608913,29728,638641,6480
2022-05-30,Sacramento,067,1510023,297756,296457,29624,326081,3045
2022-05-30,San Benito,069,59416,13529,13510,569,14079,98
2022-05-30,San Bernardino,071,2135413,583486,580767,26012,606779,7641
2022-05-30,San Diego,073,3302833,794098,791557,56418,847975,5292
2022-05-30,San Francisco,075,870044,145767,144476,9680,154156,879
2022-05-30,San Joaquin,077,732212,172737,172170,11294,183464,2241
2022-05-30,San Luis Obispo,079,281455,55296,55099,4630,59729,482
2022-05-30,San Mateo,081,765935,138517,137566,8581,146147,710
2022-05-30,Santa Barbara,083,443738,90933,90531,5165,95696,693
2022-05-30,Santa Clara,085,1922200,351383,348742,15010,363752,2317
2022-05-30,Santa Cruz,087,273765,52398,52141,2469,54610,263
2022-05-30,Shasta,089,179085,31305,31247,6295,37542,564
2022-05-30,Sierra,091,2930,278,280,55,335,4
2022-05-30,Siskiyou,093,43540,4591,4574,2858,7432,81
2022-05-30,Solano,095,438530,87736,87206,6132,93338,452
2022-05-30,Sonoma,097,501317,91702,91174,3688,94862,491
2022-05-30,Stanislaus,099,539301,121102,120778,18279,139057,1656
2022-05-30,Sutter,101,95872,21097,21065,2248,23313,227
2022-05-30,Tehama,103,63373,12269,12245,2704,14949,204
2022-05-30,Trinity,105,12862,1205,1200,297,1497,20
2022-05-30,Tulare,107,460477,108644,108401,30003,138404,1490
2022-05-30,Tuolumne,109,53932,13277,13221,607,13828,189
2022-05-30,Ventura,111,848112,181786,181163,10519,191682,1503
2022-05-30,Yolo,113,214977,39906,39371,3543,42914,320
2022-05-30,Yuba,115,75493,16460,16406,1360,17766,122
2022-05-29,Alameda,001,1643700,284858,280775,16129,296904,1863
2022-05-29,Alpine,003,1148,128,126,1,127,0
2022-05-29,Amador,005,37829,8835,8696,688,9384,86
2022-05-29,Butte,007,227075,34143,33876,7103,40979,426
2022-05-29,Calaveras,009,45235,7530,7469,400,7869,120
2022-05-29,Colusa,011,21464,3486,3474,1103,4577,21
2022-05-29,Contra Costa,013,1133247,206800,203528,15018,218546,1306
2022-05-29,Del Norte,015,27424,6194,6166,265,6431,51
2022-05-29,El Dorado,017,186661,28209,27898,3433,31331,214
2022-05-29,Fresno,019,978130,237779,236250,24943,261193,2764
2022-05-29,Glenn,021,27897,5064,5048,1645,6693,48
2022-05-29,Humboldt,023,135768,18432,18257,3430,21687,147
2022-05-29,Imperial,025,180216,56673,56323,11180,67503,939
2022-05-29,Inyo,027,18085,4180,4161,586,4747,56
2022-05-29,Kern,029,883053,195876,194687,48223,242910,2334
2022-05-29,Kings,031,150075,52540,52292,3698,55990,447
2022-05-29,Lake,033,64148,11067,10958,935,11893,137
2022-05-29,Lassen,035,31185,9090,9049,910,9959,64
2022-05-29,Los Angeles,037,10098052,2845924,2819145,135115,2954260,31862
2022-05-29,Madera,039,155013,38220,37955,6385,44340,371
2022-05-29,Marin,041,260295,37816,37215,4004,41219,293
2022-05-29,Mariposa,043,17540,2564,2526,226,2752,31
2022-05-29,Mendocino,045,87422,13742,13612,3448,17060,124
2022-05-29,Merced,047,269075,63826,63389,9262,72651,824
2022-05-29,Modoc,049,8938,755,751,257,1008,8
2022-05-29,Mono,051,14174,3036,3030,165,3195,6
2022-05-29,Monterey,053,433212,82534,81875,15819,97694,737
2022-05-29,Napa,055,140530,27704,27376,1157,28533,144
2022-05-29,Nevada,057,99092,16746,16568,1320,17888,127
2022-05-29,Orange,059,3164182,573130,568369,45907,614276,7028
2022-05-29,Placer,061,380077,66459,65672,7947,73619,626
2022-05-29,Plumas,063,18699,3130,3096,383,3479,13
2022-05-29,Riverside,065,2383286,610331,606444,29691,636135,6480
2022-05-29,Sacramento,067,1510023,297308,294000,29602,323602,3032
2022-05-29,San Benito,069,59416,13523,13402,567,13969,98
2022-05-29,San Bernardino,071,2135413,583216,578656,25994,604650,7610
2022-05-29,San Diego,073,3302833,793364,786243,56342,842585,5288
2022-05-29,San Francisco,075,870044,145336,142456,9669,152125,879
2022-05-29,San Joaquin,077,732212,172577,171282,11281,182563,2241
2022-05-29,San Luis Obispo,079,281455,55244,54701,4617,59318,481
2022-05-29,San Mateo,081,765935,138268,135746,8568,144314,710
2022-05-29,Santa Barbara,083,443738,90806,89940,5163,95103,693
2022-05-29,Santa Clara,085,1922200,350595,344223,14968,359191,2304
2022-05-29,Santa Cruz,087,273765,52321,51819,2461,54280,263
2022-05-29,Shasta,089,179085,31294,31165,6293,37458,564
2022-05-29,Sierra,091,2930,278,278,55,333,4
2022-05-29,Siskiyou,093,43540,4586,4537,2856,7393,81
2022-05-29,Solano,095,438530,87685,86565,6121,92686,452
2022-05-29,Sonoma,097,501317,91610,90364,3672,94036,490
2022-05-29,Stanislaus,099,539301,121005,120241,18259,138500,1657
2022-05-29,Sutter,101,95872,21077,20976,2248,23224,227
2022-05-29,Tehama,103,63373,12258,12210,2702,14912,204
2022-05-29,Trinity,105,12862,1204,1196,297,1493,20
2022-05-29,Tulare,107,460477,108567,108029,29950,137979,1484
2022-05-29,Tuolumne,109,53932,13264,13141,607,13748,189
2022-05-29,Ventura,111,848112,181643,179953,10509,190462,1503
2022-05-29,Yolo,113,214977,39856,39016,3540,42556,319
2022-05-29,Yuba,115,75493,16444,16314,1356,17670,122
2022-05-28,Alameda,001,1643700,284495,280775,16104,296879,1863
2022-05-28,Alpine,003,1148,128,126,1,127,0
2022-05-28,Amador,005,37829,8826,8696,688,9384,86
2022-05-28,Butte,007,227075,34123,33876,7087,40963,426
2022-05-28,Calaveras,009,45235,7526,7469,400,7869,120
2022-05-28,Colusa,011,21464,3482,3474,1102,4576,21
2022-05-28,Contra Costa,013,1133247,206539,203528,15006,218534,1306
2022-05-28,Del Norte,015,27424,6191,6166,265,6431,51
2022-05-28,El Dorado,017,186661,28178,27898,3432,31330,214
2022-05-28,Fresno,019,978130,237624,236250,24920,261170,2764
2022-05-28,Glenn,021,27897,5061,5048,1645,6693,48
2022-05-28,Humboldt,023,135768,18408,18257,3428,21685,147
2022-05-28,Imperial,025,180216,56646,56323,11169,67492,939
2022-05-28,Inyo,027,18085,4180,4161,583,4744,56
2022-05-28,Kern,029,883053,195775,194687,48171,242858,2334
2022-05-28,Kings,031,150075,52516,52292,3697,55989,447
2022-05-28,Lake,033,64148,11058,10958,934,11892,137
2022-05-28,Lassen,035,31185,9085,9049,910,9959,64
2022-05-28,Los Angeles,037,10098052,2844011,2819145,134857,2954002,31862
2022-05-28,Madera,039,155013,38203,37955,6385,44340,371
2022-05-28,Marin,041,260295,37752,37215,3972,41187,293
2022-05-28,Mariposa,043,17540,2560,2526,226,2752,31
2022-05-28,Mendocino,045,87422,13730,13612,3448,17060,124
2022-05-28,Merced,047,269075,63797,63389,9256,72645,824
2022-05-28,Modoc,049,8938,755,751,257,1008,8
2022-05-28,Mono,051,14174,3036,3030,164,3194,6
2022-05-28,Monterey,053,433212,82467,81875,15792,97667,737
2022-05-28,Napa,055,140530,27660,27376,1155,28531,144
2022-05-28,Nevada,057,99092,16735,16568,1318,17886,127
2022-05-28,Orange,059,3164182,572620,568369,45787,614156,7028
2022-05-28,Placer,061,380077,66383,65672,7934,73606,626
2022-05-28,Plumas,063,18699,3124,3096,382,3478,13
2022-05-28,Riverside,065,2383286,609958,606444,29666,636110,6480
2022-05-28,Sacramento,067,1510023,297035,294000,29585,323585,3032
2022-05-28,San Benito,069,59416,13508,13402,566,13968,98
2022-05-28,San Bernardino,071,2135413,582866,578656,25966,604622,7610
2022-05-28,San Diego,073,3302833,792713,786243,56299,842542,5288
2022-05-28,San Francisco,075,870044,145034,142456,9647,152103,879
2022-05-28,San Joaquin,077,732212,172475,171282,11270,182552,2241
2022-05-28,San Luis Obispo,079,281455,55209,54701,4613,59314,481
2022-05-28,San Mateo,081,765935,137992,135746,8553,144299,710
2022-05-28,Santa Barbara,083,443738,90705,89940,5160,95100,693
2022-05-28,Santa Clara,085,1922200,349816,344223,14940,359163,2304
2022-05-28,Santa Cruz,087,273765,52281,51819,2453,54272,263
2022-05-28,Shasta,089,179085,31283,31165,6288,37453,564
2022-05-28,Sierra,091,2930,278,278,54,332,4
2022-05-28,Siskiyou,093,43540,4578,4537,2851,7388,81
2022-05-28,Solano,095,438530,87617,86565,6112,92677,452
2022-05-28,Sonoma,097,501317,91469,90364,3664,94028,490
2022-05-28,Stanislaus,099,539301,120909,120241,18252,138493,1657
2022-05-28,Sutter,101,95872,21062,20976,2243,23219,227
2022-05-28,Tehama,103,63373,12247,12210,2698,14908,204
2022-05-28,Trinity,105,12862,1203,1196,297,1493,20
2022-05-28,Tulare,107,460477,108511,108029,29916,137945,1484
2022-05-28,Tuolumne,109,53932,13249,13141,606,13747,189
2022-05-28,Ventura,111,848112,181481,179953,10496,190449,1503
2022-05-28,Yolo,113,214977,39807,39016,3535,42551,319
2022-05-28,Yuba,115,75493,16430,16314,1354,17668,122
2022-05-27,Alameda,001,1643700,284036,280775,16082,296857,1863
2022-05-27,Alpine,003,1148,127,126,1,127,0
2022-05-27,Amador,005,37829,8821,8696,688,9384,86
2022-05-27,Butte,007,227075,34097,33876,7071,40947,426
2022-05-27,Calaveras,009,45235,7519,7469,400,7869,120
2022-05-27,Colusa,011,21464,3481,3474,1102,4576,21
2022-05-27,Contra Costa,013,1133247,206258,203528,14990,218518,1306
2022-05-27,Del Norte,015,27424,6184,6166,265,6431,51
2022-05-27,El Dorado,017,186661,28155,27898,3423,31321,214
2022-05-27,Fresno,019,978130,237455,236250,24899,261149,2764
2022-05-27,Glenn,021,27897,5059,5048,1645,6693,48
2022-05-27,Humboldt,023,135768,18398,18257,3425,21682,147
2022-05-27,Imperial,025,180216,56565,56323,11162,67485,939
2022-05-27,Inyo,027,18085,4178,4161,582,4743,56
2022-05-27,Kern,029,883053,195665,194687,48103,242790,2334
2022-05-27,Kings,031,150075,52487,52292,3694,55986,447
2022-05-27,Lake,033,64148,11052,10958,933,11891,137
2022-05-27,Lassen,035,31185,9081,9049,910,9959,64
2022-05-27,Los Angeles,037,10098052,2841707,2819145,134616,2953761,31862
2022-05-27,Madera,039,155013,38169,37955,6379,44334,371
2022-05-27,Marin,041,260295,37687,37215,3937,41152,293
2022-05-27,Mariposa,043,17540,2554,2526,226,2752,31
2022-05-27,Mendocino,045,87422,13716,13612,3448,17060,124
2022-05-27,Merced,047,269075,63753,63389,9249,72638,824
2022-05-27,Modoc,049,8938,755,751,257,1008,8
2022-05-27,Mono,051,14174,3035,3030,164,3194,6
2022-05-27,Monterey,053,433212,82410,81875,15756,97631,737
2022-05-27,Napa,055,140530,27628,27376,1151,28527,144
2022-05-27,Nevada,057,99092,16724,16568,1316,17884,127
2022-05-27,Orange,059,3164182,572066,568369,45667,614036,7028
2022-05-27,Placer,061,380077,66314,65672,7926,73598,626
2022-05-27,Plumas,063,18699,3121,3096,382,3478,13
2022-05-27,Riverside,065,2383286,609540,606444,29642,636086,6480
2022-05-27,Sacramento,067,1510023,296654,294000,29544,323544,3032
2022-05-27,San Benito,069,59416,13497,13402,566,13968,98
2022-05-27,San Bernardino,071,2135413,582547,578656,25951,604607,7610
2022-05-27,San Diego,073,3302833,791842,786243,56247,842490,5288
2022-05-27,San Francisco,075,870044,144704,142456,9605,152061,879
2022-05-27,San Joaquin,077,732212,172350,171282,11253,182535,2241
2022-05-27,San Luis Obispo,079,281455,55149,54701,4599,59300,481
2022-05-27,San Mateo,081,765935,137748,135746,8530,144276,710
2022-05-27,Santa Barbara,083,443738,90616,89940,5158,95098,693
2022-05-27,Santa Clara,085,1922200,349057,344223,14921,359144,2304
2022-05-27,Santa Cruz,087,273765,52227,51819,2444,54263,263
2022-05-27,Shasta,089,179085,31274,31165,6282,37447,564
2022-05-27,Sierra,091,2930,278,278,54,332,4
2022-05-27,Siskiyou,093,43540,4575,4537,2849,7386,81
2022-05-27,Solano,095,438530,87495,86565,6103,92668,452
2022-05-27,Sonoma,097,501317,91321,90364,3654,94018,490
2022-05-27,Stanislaus,099,539301,120824,120241,18237,138478,1657
2022-05-27,Sutter,101,95872,21045,20976,2242,23218,227
2022-05-27,Tehama,103,63373,12244,12210,2697,14907,204
2022-05-27,Trinity,105,12862,1203,1196,297,1493,20
2022-05-27,Tulare,107,460477,108448,108029,29873,137902,1484
2022-05-27,Tuolumne,109,53932,13238,13141,606,13747,189
2022-05-27,Ventura,111,848112,181303,179953,10486,190439,1503
2022-05-27,Yolo,113,214977,39747,39016,3529,42545,319
2022-05-27,Yuba,115,75493,16416,16314,1352,17666,122
2022-05-26,Alameda,001,1643700,283185,280775,16007,296782,1863
2022-05-26,Alpine,003,1148,127,126,1,127,0
2022-05-26,Amador,005,37829,8807,8696,687,9383,86
2022-05-26,Butte,007,227075,34043,33876,7048,40924,426
2022-05-26,Calaveras,009,45235,7508,7469,400,7869,120
2022-05-26,Colusa,011,21464,3479,3474,1098,4572,21
2022-05-26,Contra Costa,013,1133247,205780,203528,14953,218481,1306
2022-05-26,Del Norte,015,27424,6176,6166,261,6427,51
2022-05-26,El Dorado,017,186661,28106,27898,3413,31311,214
2022-05-26,Fresno,019,978130,237196,236250,24858,261108,2764
2022-05-26,Glenn,021,27897,5055,5048,1645,6693,48
2022-05-26,Humboldt,023,135768,18359,18257,3414,21671,147
2022-05-26,Imperial,025,180216,56533,56323,11149,67472,939
2022-05-26,Inyo,027,18085,4177,4161,579,4740,56
2022-05-26,Kern,029,883053,195495,194687,48025,242712,2334
2022-05-26,Kings,031,150075,52439,52292,3690,55982,447
2022-05-26,Lake,033,64148,11037,10958,933,11891,137
2022-05-26,Lassen,035,31185,9072,9049,910,9959,64
2022-05-26,Los Angeles,037,10098052,2837542,2819145,134298,2953443,31862
2022-05-26,Madera,039,155013,38127,37955,6376,44331,371
2022-05-26,Marin,041,260295,37592,37215,3898,41113,293
2022-05-26,Mariposa,043,17540,2549,2526,226,2752,31
2022-05-26,Mendocino,045,87422,13689,13612,3439,17051,124
2022-05-26,Merced,047,269075,63686,63389,9241,72630,824
2022-05-26,Modoc,049,8938,754,751,257,1008,8
2022-05-26,Mono,051,14174,3034,3030,163,3193,6
2022-05-26,Monterey,053,433212,82331,81875,15708,97583,737
2022-05-26,Napa,055,140530,27576,27376,1151,28527,144
2022-05-26,Nevada,057,99092,16694,16568,1312,17880,127
2022-05-26,Orange,059,3164182,571150,568369,45539,613908,7028
2022-05-26,Placer,061,380077,66176,65672,7916,73588,626
2022-05-26,Plumas,063,18699,3117,3096,381,3477,13
2022-05-26,Riverside,065,2383286,608919,606444,29592,636036,6480
2022-05-26,Sacramento,067,1510023,295996,294000,29448,323448,3032
2022-05-26,San Benito,069,59416,13482,13402,564,13966,98
2022-05-26,San Bernardino,071,2135413,582007,578656,25936,604592,7610
2022-05-26,San Diego,073,3302833,790545,786243,56131,842374,5288
2022-05-26,San Francisco,075,870044,144246,142456,9561,152017,879
2022-05-26,San Joaquin,077,732212,172134,171282,11231,182513,2241
2022-05-26,San Luis Obispo,079,281455,55053,54701,4567,59268,481
2022-05-26,San Mateo,081,765935,137354,135746,8491,144237,710
2022-05-26,Santa Barbara,083,443738,90472,89940,5143,95083,693
2022-05-26,Santa Clara,085,1922200,348085,344223,14832,359055,2304
2022-05-26,Santa Cruz,087,273765,52137,51819,2439,54258,263
2022-05-26,Shasta,089,179085,31250,31165,6279,37444,564
2022-05-26,Sierra,091,2930,278,278,54,332,4
2022-05-26,Siskiyou,093,43540,4571,4537,2846,7383,81
2022-05-26,Solano,095,438530,87289,86565,6096,92661,452
2022-05-26,Sonoma,097,501317,91130,90364,3628,93992,490
2022-05-26,Stanislaus,099,539301,120716,120241,18225,138466,1657
2022-05-26,Sutter,101,95872,21025,20976,2239,23215,227
2022-05-26,Tehama,103,63373,12234,12210,2696,14906,204
2022-05-26,Trinity,105,12862,1201,1196,297,1493,20
2022-05-26,Tulare,107,460477,108378,108029,29815,137844,1484
2022-05-26,Tuolumne,109,53932,13216,13141,604,13745,189
2022-05-26,Ventura,111,848112,181041,179953,10468,190421,1503
2022-05-26,Yolo,113,214977,39660,39016,3522,42538,319
2022-05-26,Yuba,115,75493,16400,16314,1350,17664,122
2022-05-25,Alameda,001,1643700,282285,278228,15951,294179,1860
2022-05-25,Alpine,003,1148,126,126,1,127,0
2022-05-25,Amador,005,37829,8792,8654,685,9339,86
2022-05-25,Butte,007,227075,33980,33755,7025,40780,426
2022-05-25,Calaveras,009,45235,7500,7450,398,7848,120
2022-05-25,Colusa,011,21464,3478,3471,1096,4567,21
2022-05-25,Contra Costa,013,1133247,205226,201866,14901,216767,1306
2022-05-25,Del Norte,015,27424,6170,6145,255,6400,50
2022-05-25,El Dorado,017,186661,28055,27715,3407,31122,213
2022-05-25,Fresno,019,978130,236904,235569,24809,260378,2763
2022-05-25,Glenn,021,27897,5050,5030,1643,6673,48
2022-05-25,Humboldt,023,135768,18332,18133,3403,21536,147
2022-05-25,Imperial,025,180216,56476,56203,11143,67346,923
2022-05-25,Inyo,027,18085,4174,4152,579,4731,56
2022-05-25,Kern,029,883053,195304,194251,47935,242186,2336
2022-05-25,Kings,031,150075,52387,52178,3686,55864,447
2022-05-25,Lake,033,64148,11024,10908,932,11840,137
2022-05-25,Lassen,035,31185,9065,9028,910,9938,64
2022-05-25,Los Angeles,037,10098052,2832926,2806770,133942,2940712,31845
2022-05-25,Madera,039,155013,38085,37867,6368,44235,370
2022-05-25,Marin,041,260295,37492,36890,3871,40761,293
2022-05-25,Mariposa,043,17540,2539,2514,225,2739,30
2022-05-25,Mendocino,045,87422,13671,13545,3432,16977,124
2022-05-25,Merced,047,269075,63619,63220,9212,72432,823
2022-05-25,Modoc,049,8938,753,750,256,1006,8
2022-05-25,Mono,051,14174,3034,3024,162,3186,6
2022-05-25,Monterey,053,433212,82263,81592,15666,97258,737
2022-05-25,Napa,055,140530,27528,27240,1144,28384,143
2022-05-25,Nevada,057,99092,16659,16517,1306,17823,127
2022-05-25,Orange,059,3164182,570140,565564,45385,610949,7026
2022-05-25,Placer,061,380077,66030,65309,7906,73215,626
2022-05-25,Plumas,063,18699,3111,3065,380,3445,13
2022-05-25,Riverside,065,2383286,608249,604465,29540,634005,6480
2022-05-25,Sacramento,067,1510023,295348,292211,29332,321543,3028
2022-05-25,San Benito,069,59416,13447,13338,561,13899,98
2022-05-25,San Bernardino,071,2135413,581466,576982,25909,602891,7568
2022-05-25,San Diego,073,3302833,789089,782420,55995,838415,5284
2022-05-25,San Francisco,075,870044,143746,141015,9536,150551,872
2022-05-25,San Joaquin,077,732212,171901,170626,11210,181836,2238
2022-05-25,San Luis Obispo,079,281455,54946,54342,4518,58860,481
2022-05-25,San Mateo,081,765935,136890,134441,8433,142874,710
2022-05-25,Santa Barbara,083,443738,90305,89426,5133,94559,693
2022-05-25,Santa Clara,085,1922200,347027,340868,14717,355585,2304
2022-05-25,Santa Cruz,087,273765,52058,51644,2428,54072,263
2022-05-25,Shasta,089,179085,31223,31072,6270,37342,564
2022-05-25,Sierra,091,2930,278,277,54,331,4
2022-05-25,Siskiyou,093,43540,4561,4516,2843,7359,81
2022-05-25,Solano,095,438530,87091,86024,6078,92102,451
2022-05-25,Sonoma,097,501317,90937,89810,3596,93406,490
2022-05-25,Stanislaus,099,539301,120577,119894,18203,138097,1654
2022-05-25,Sutter,101,95872,20999,20904,2236,23140,226
2022-05-25,Tehama,103,63373,12226,12189,2692,14881,201
2022-05-25,Trinity,105,12862,1201,1194,297,1491,20
2022-05-25,Tulare,107,460477,108299,107790,29770,137560,1482
2022-05-25,Tuolumne,109,53932,13195,13086,601,13687,182
2022-05-25,Ventura,111,848112,180750,179116,10453,189569,1499
2022-05-25,Yolo,113,214977,39585,38782,3515,42297,319
2022-05-25,Yuba,115,75493,16373,16260,1343,17603,122
2022-05-24,Alameda,001,1643700,281406,278228,15894,294122,1860
2022-05-24,Alpine,003,1148,126,126,1,127,0
2022-05-24,Amador,005,37829,8784,8654,684,9338,86
2022-05-24,Butte,007,227075,33934,33755,7004,40759,426
2022-05-24,Calaveras,009,45235,7493,7450,396,7846,120
2022-05-24,Colusa,011,21464,3476,3471,1094,4565,21
2022-05-24,Contra Costa,013,1133247,204572,201866,14816,216682,1306
2022-05-24,Del Norte,015,27424,6165,6145,253,6398,50
2022-05-24,El Dorado,017,186661,27987,27715,3401,31116,213
2022-05-24,Fresno,019,978130,236584,235569,24776,260345,2763
2022-05-24,Glenn,021,27897,5048,5030,1643,6673,48
2022-05-24,Humboldt,023,135768,18300,18133,3387,21520,147
2022-05-24,Imperial,025,180216,56421,56203,11129,67332,923
2022-05-24,Inyo,027,18085,4166,4152,577,4729,56
2022-05-24,Kern,029,883053,195109,194251,47829,242080,2336
2022-05-24,Kings,031,150075,52320,52178,3679,55857,447
2022-05-24,Lake,033,64148,11006,10908,930,11838,137
2022-05-24,Lassen,035,31185,9052,9028,906,9934,64
2022-05-24,Los Angeles,037,10098052,2827665,2806770,133570,2940340,31845
2022-05-24,Madera,039,155013,38034,37867,6357,44224,370
2022-05-24,Marin,041,260295,37386,36890,3818,40708,293
2022-05-24,Mariposa,043,17540,2532,2514,224,2738,30
2022-05-24,Mendocino,045,87422,13647,13545,3424,16969,124
2022-05-24,Merced,047,269075,63557,63220,9181,72401,823
2022-05-24,Modoc,049,8938,752,750,255,1005,8
2022-05-24,Mono,051,14174,3031,3024,162,3186,6
2022-05-24,Monterey,053,433212,82170,81592,15607,97199,737
2022-05-24,Napa,055,140530,27482,27240,1132,28372,143
2022-05-24,Nevada,057,99092,16621,16517,1304,17821,127
2022-05-24,Orange,059,3164182,569095,565564,45210,610774,7026
2022-05-24,Placer,061,380077,65928,65309,7891,73200,626
2022-05-24,Plumas,063,18699,3105,3065,380,3445,13
2022-05-24,Riverside,065,2383286,607567,604465,29493,633958,6480
2022-05-24,Sacramento,067,1510023,294671,292211,29212,321423,3028
2022-05-24,San Benito,069,59416,13413,13338,560,13898,98
2022-05-24,San Bernardino,071,2135413,580856,576982,25877,602859,7568
2022-05-24,San Diego,073,3302833,787456,782420,55819,838239,5284
2022-05-24,San Francisco,075,870044,143198,141015,9516,150531,872
2022-05-24,San Joaquin,077,732212,171643,170626,11173,181799,2238
2022-05-24,San Luis Obispo,079,281455,54797,54342,4460,58802,481
2022-05-24,San Mateo,081,765935,136356,134441,8381,142822,710
2022-05-24,Santa Barbara,083,443738,90142,89426,5111,94537,693
2022-05-24,Santa Clara,085,1922200,345751,340868,14619,355487,2304
2022-05-24,Santa Cruz,087,273765,51982,51644,2419,54063,263
2022-05-24,Shasta,089,179085,31198,31072,6260,37332,564
2022-05-24,Sierra,091,2930,278,277,54,331,4
2022-05-24,Siskiyou,093,43540,4552,4516,2835,7351,81
2022-05-24,Solano,095,438530,86868,86024,6052,92076,451
2022-05-24,Sonoma,097,501317,90731,89810,3560,93370,490
2022-05-24,Stanislaus,099,539301,120442,119894,18171,138065,1654
2022-05-24,Sutter,101,95872,20978,20904,2231,23135,226
2022-05-24,Tehama,103,63373,12218,12189,2690,14879,201
2022-05-24,Trinity,105,12862,1198,1194,297,1491,20
2022-05-24,Tulare,107,460477,108181,107790,29709,137499,1482
2022-05-24,Tuolumne,109,53932,13181,13086,601,13687,182
2022-05-24,Ventura,111,848112,180436,179116,10428,189544,1499
2022-05-24,Yolo,113,214977,39506,38782,3507,42289,319
2022-05-24,Yuba,115,75493,16345,16260,1336,17596,122
2022-05-23,Alameda,001,1643700,280463,278228,15818,294046,1860
2022-05-23,Alpine,003,1148,126,126,1,127,0
2022-05-23,Amador,005,37829,8753,8654,681,9335,86
2022-05-23,Butte,007,227075,33881,33755,6979,40734,426
2022-05-23,Calaveras,009,45235,7487,7450,394,7844,120
2022-05-23,Colusa,011,21464,3475,3471,1091,4562,21
2022-05-23,Contra Costa,013,1133247,203832,201866,14754,216620,1306
2022-05-23,Del Norte,015,27424,6160,6145,248,6393,50
2022-05-23,El Dorado,017,186661,27905,27715,3394,31109,213
2022-05-23,Fresno,019,978130,236243,235569,24717,260286,2763
2022-05-23,Glenn,021,27897,5045,5030,1640,6670,48
2022-05-23,Humboldt,023,135768,18273,18133,3374,21507,147
2022-05-23,Imperial,025,180216,56375,56203,11107,67310,923
2022-05-23,Inyo,027,18085,4163,4152,575,4727,56
2022-05-23,Kern,029,883053,194886,194251,47739,241990,2336
2022-05-23,Kings,031,150075,52274,52178,3673,55851,447
2022-05-23,Lake,033,64148,10987,10908,930,11838,137
2022-05-23,Lassen,035,31185,9044,9028,903,9931,64
2022-05-23,Los Angeles,037,10098052,2822278,2806770,133208,2939978,31845
2022-05-23,Madera,039,155013,38005,37867,6340,44207,370
2022-05-23,Marin,041,260295,37246,36890,3775,40665,293
2022-05-23,Mariposa,043,17540,2530,2514,222,2736,30
2022-05-23,Mendocino,045,87422,13624,13545,3416,16961,124
2022-05-23,Merced,047,269075,63478,63220,9154,72374,823
2022-05-23,Modoc,049,8938,752,750,255,1005,8
2022-05-23,Mono,051,14174,3031,3024,162,3186,6
2022-05-23,Monterey,053,433212,82070,81592,15547,97139,737
2022-05-23,Napa,055,140530,27424,27240,1126,28366,143
2022-05-23,Nevada,057,99092,16585,16517,1304,17821,127
2022-05-23,Orange,059,3164182,568083,565564,45064,610628,7026
2022-05-23,Placer,061,380077,65783,65309,7869,73178,626
2022-05-23,Plumas,063,18699,3102,3065,379,3444,13
2022-05-23,Riverside,065,2383286,606831,604465,29445,633910,6480
2022-05-23,Sacramento,067,1510023,293918,292211,29083,321294,3028
2022-05-23,San Benito,069,59416,13379,13338,558,13896,98
2022-05-23,San Bernardino,071,2135413,580217,576982,25844,602826,7568
2022-05-23,San Diego,073,3302833,785732,782420,55629,838049,5284
2022-05-23,San Francisco,075,870044,142622,141015,9489,150504,872
2022-05-23,San Joaquin,077,732212,171370,170626,11142,181768,2238
2022-05-23,San Luis Obispo,079,281455,54650,54342,4414,58756,481
2022-05-23,San Mateo,081,765935,135783,134441,8347,142788,710
2022-05-23,Santa Barbara,083,443738,89903,89426,5092,94518,693
2022-05-23,Santa Clara,085,1922200,344369,340868,14542,355410,2304
2022-05-23,Santa Cruz,087,273765,51882,51644,2409,54053,263
2022-05-23,Shasta,089,179085,31177,31072,6255,37327,564
2022-05-23,Sierra,091,2930,278,277,54,331,4
2022-05-23,Siskiyou,093,43540,4538,4516,2831,7347,81
2022-05-23,Solano,095,438530,86598,86024,6035,92059,451
2022-05-23,Sonoma,097,501317,90501,89810,3514,93324,490
2022-05-23,Stanislaus,099,539301,120296,119894,18135,138029,1654
2022-05-23,Sutter,101,95872,20939,20904,2227,23131,226
2022-05-23,Tehama,103,63373,12208,12189,2687,14876,201
2022-05-23,Trinity,105,12862,1197,1194,297,1491,20
2022-05-23,Tulare,107,460477,108055,107790,29637,137427,1482
2022-05-23,Tuolumne,109,53932,13156,13086,599,13685,182
2022-05-23,Ventura,111,848112,180096,179116,10410,189526,1499
2022-05-23,Yolo,113,214977,39403,38782,3490,42272,319
2022-05-23,Yuba,115,75493,16317,16260,1331,17591,122
2022-05-22,Alameda,001,1643700,279373,274996,15711,290707,1858
2022-05-22,Alpine,003,1148,126,126,1,127,0
2022-05-22,Amador,005,37829,8734,8628,679,9307,86
2022-05-22,Butte,007,227075,33825,33606,6954,40560,426
2022-05-22,Calaveras,009,45235,7476,7424,389,7813,120
2022-05-22,Colusa,011,21464,3472,3468,1088,4556,21
2022-05-22,Contra Costa,013,1133247,203103,199703,14649,214352,1305
2022-05-22,Del Norte,015,27424,6145,6045,237,6282,50
2022-05-22,El Dorado,017,186661,27830,27517,3386,30903,213
2022-05-22,Fresno,019,978130,235894,234657,24671,259328,2760
2022-05-22,Glenn,021,27897,5034,5020,1640,6660,48
2022-05-22,Humboldt,023,135768,18219,17984,3348,21332,146
2022-05-22,Imperial,025,180216,56304,56014,11092,67106,923
2022-05-22,Inyo,027,18085,4156,4135,573,4708,56
2022-05-22,Kern,029,883053,194643,193705,47639,241344,2334
2022-05-22,Kings,031,150075,52211,52038,3670,55708,447
2022-05-22,Lake,033,64148,10954,10867,930,11797,137
2022-05-22,Lassen,035,31185,9028,9011,900,9911,64
2022-05-22,Los Angeles,037,10098052,2816460,2791671,132775,2924446,31815
2022-05-22,Madera,039,155013,37958,37744,6310,44054,370
2022-05-22,Marin,041,260295,37100,36394,3730,40124,293
2022-05-22,Mariposa,043,17540,2526,2490,220,2710,30
2022-05-22,Mendocino,045,87422,13597,13461,3391,16852,124
2022-05-22,Merced,047,269075,63397,62969,9122,72091,823
2022-05-22,Modoc,049,8938,751,750,255,1005,8
2022-05-22,Mono,051,14174,3029,3012,162,3174,6
2022-05-22,Monterey,053,433212,81914,81224,15445,96669,735
2022-05-22,Napa,055,140530,27355,27034,1119,28153,143
2022-05-22,Nevada,057,99092,16551,16410,1299,17709,127
2022-05-22,Orange,059,3164182,566992,562531,44862,607393,7025
2022-05-22,Placer,061,380077,65625,64802,7839,72641,626
2022-05-22,Plumas,063,18699,3095,3052,377,3429,13
2022-05-22,Riverside,065,2383286,605985,601808,29378,631186,6476
2022-05-22,Sacramento,067,1510023,293120,289972,28922,318894,3027
2022-05-22,San Benito,069,59416,13346,13234,552,13786,98
2022-05-22,San Bernardino,071,2135413,579506,575194,25804,600998,7523
2022-05-22,San Diego,073,3302833,784124,777404,55450,832854,5282
2022-05-22,San Francisco,075,870044,141927,138922,9469,148391,871
2022-05-22,San Joaquin,077,732212,171062,169745,11106,180851,2237
2022-05-22,San Luis Obispo,079,281455,54496,54012,4354,58366,481
2022-05-22,San Mateo,081,765935,135210,132636,8299,140935,711
2022-05-22,Santa Barbara,083,443738,89678,88783,5064,93847,692
2022-05-22,Santa Clara,085,1922200,342928,336488,14463,350951,2301
2022-05-22,Santa Cruz,087,273765,51791,51333,2399,53732,263
2022-05-22,Shasta,089,179085,31127,30966,6241,37207,564
2022-05-22,Sierra,091,2930,278,276,54,330,4
2022-05-22,Siskiyou,093,43540,4529,4501,2829,7330,81
2022-05-22,Solano,095,438530,86332,85038,6010,91048,451
2022-05-22,Sonoma,097,501317,90212,88889,3461,92350,489
2022-05-22,Stanislaus,099,539301,120118,119396,18109,137505,1653
2022-05-22,Sutter,101,95872,20910,20809,2218,23027,226
2022-05-22,Tehama,103,63373,12199,12162,2682,14844,201
2022-05-22,Trinity,105,12862,1197,1191,297,1488,20
2022-05-22,Tulare,107,460477,107943,107485,29555,137040,1477
2022-05-22,Tuolumne,109,53932,13137,12977,599,13576,182
2022-05-22,Ventura,111,848112,179736,178024,10381,188405,1499
2022-05-22,Yolo,113,214977,39306,38377,3466,41843,319
2022-05-22,Yuba,115,75493,16290,16180,1322,17502,122
2022-05-21,Alameda,001,1643700,278924,274996,15688,290684,1858
2022-05-21,Alpine,003,1148,126,126,1,127,0
2022-05-21,Amador,005,37829,8724,8628,677,9305,86
2022-05-21,Butte,007,227075,33806,33606,6944,40550,426
2022-05-21,Calaveras,009,45235,7470,7424,389,7813,120
2022-05-21,Colusa,011,21464,3472,3468,1087,4555,21
2022-05-21,Contra Costa,013,1133247,202753,199703,14633,214336,1305
2022-05-21,Del Norte,015,27424,6140,6045,235,6280,50
2022-05-21,El Dorado,017,186661,27794,27517,3384,30901,213
2022-05-21,Fresno,019,978130,235762,234657,24658,259315,2760
2022-05-21,Glenn,021,27897,5031,5020,1639,6659,48
2022-05-21,Humboldt,023,135768,18194,17984,3346,21330,146
2022-05-21,Imperial,025,180216,56269,56014,11089,67103,923
2022-05-21,Inyo,027,18085,4154,4135,571,4706,56
2022-05-21,Kern,029,883053,194548,193705,47573,241278,2334
2022-05-21,Kings,031,150075,52188,52038,3669,55707,447
2022-05-21,Lake,033,64148,10946,10867,930,11797,137
2022-05-21,Lassen,035,31185,9025,9011,900,9911,64
2022-05-21,Los Angeles,037,10098052,2814218,2791671,132532,2924203,31815
2022-05-21,Madera,039,155013,37940,37744,6305,44049,370
2022-05-21,Marin,041,260295,37005,36394,3685,40079,293
2022-05-21,Mariposa,043,17540,2524,2490,220,2710,30
2022-05-21,Mendocino,045,87422,13586,13461,3386,16847,124
2022-05-21,Merced,047,269075,63362,62969,9116,72085,823
2022-05-21,Modoc,049,8938,750,750,255,1005,8
2022-05-21,Mono,051,14174,3028,3012,162,3174,6
2022-05-21,Monterey,053,433212,81847,81224,15393,96617,735
2022-05-21,Napa,055,140530,27322,27034,1116,28150,143
2022-05-21,Nevada,057,99092,16546,16410,1299,17709,127
2022-05-21,Orange,059,3164182,566483,562531,44756,607287,7025
2022-05-21,Placer,061,380077,65520,64802,7825,72627,626
2022-05-21,Plumas,063,18699,3088,3052,377,3429,13
2022-05-21,Riverside,065,2383286,605525,601808,29351,631159,6476
2022-05-21,Sacramento,067,1510023,292791,289972,28894,318866,3027
2022-05-21,San Benito,069,59416,13334,13234,551,13785,98
2022-05-21,San Bernardino,071,2135413,579173,575194,25780,600974,7523
2022-05-21,San Diego,073,3302833,783445,777404,55397,832801,5282
2022-05-21,San Francisco,075,870044,141622,138922,9456,148378,871
2022-05-21,San Joaquin,077,732212,170947,169745,11089,180834,2237
2022-05-21,San Luis Obispo,079,281455,54417,54012,4341,58353,481
2022-05-21,San Mateo,081,765935,134895,132636,8279,140915,711
2022-05-21,Santa Barbara,083,443738,89586,88783,5061,93844,692
2022-05-21,Santa Clara,085,1922200,342081,336488,14421,350909,2301
2022-05-21,Santa Cruz,087,273765,51746,51333,2395,53728,263
2022-05-21,Shasta,089,179085,31115,30966,6238,37204,564
2022-05-21,Sierra,091,2930,277,276,54,330,4
2022-05-21,Siskiyou,093,43540,4525,4501,2827,7328,81
2022-05-21,Solano,095,438530,86249,85038,6007,91045,451
2022-05-21,Sonoma,097,501317,90087,88889,3455,92344,489
2022-05-21,Stanislaus,099,539301,120041,119396,18088,137484,1653
2022-05-21,Sutter,101,95872,20900,20809,2213,23022,226
2022-05-21,Tehama,103,63373,12197,12162,2681,14843,201
2022-05-21,Trinity,105,12862,1197,1191,297,1488,20
2022-05-21,Tulare,107,460477,107879,107485,29516,137001,1477
2022-05-21,Tuolumne,109,53932,13131,12977,599,13576,182
2022-05-21,Ventura,111,848112,179570,178024,10366,188390,1499
2022-05-21,Yolo,113,214977,39249,38377,3460,41837,319
2022-05-21,Yuba,115,75493,16277,16180,1320,17500,122
2022-05-20,Alameda,001,1643700,278388,274996,15666,290662,1858
2022-05-20,Alpine,003,1148,126,126,1,127,0
2022-05-20,Amador,005,37829,8717,8628,677,9305,86
2022-05-20,Butte,007,227075,33788,33606,6935,40541,426
2022-05-20,Calaveras,009,45235,7462,7424,389,7813,120
2022-05-20,Colusa,011,21464,3472,3468,1087,4555,21
2022-05-20,Contra Costa,013,1133247,202399,199703,14624,214327,1305
2022-05-20,Del Norte,015,27424,6136,6045,234,6279,50
2022-05-20,El Dorado,017,186661,27763,27517,3381,30898,213
2022-05-20,Fresno,019,978130,235608,234657,24641,259298,2760
2022-05-20,Glenn,021,27897,5028,5020,1639,6659,48
2022-05-20,Humboldt,023,135768,18172,17984,3344,21328,146
2022-05-20,Imperial,025,180216,56242,56014,11086,67100,923
2022-05-20,Inyo,027,18085,4151,4135,567,4702,56
2022-05-20,Kern,029,883053,194447,193705,47522,241227,2334
2022-05-20,Kings,031,150075,52172,52038,3668,55706,447
2022-05-20,Lake,033,64148,10930,10867,930,11797,137
2022-05-20,Lassen,035,31185,9023,9011,900,9911,64
2022-05-20,Los Angeles,037,10098052,2811909,2791671,132318,2923989,31815
2022-05-20,Madera,039,155013,37921,37744,6303,44047,370
2022-05-20,Marin,041,260295,36931,36394,3646,40040,293
2022-05-20,Mariposa,043,17540,2519,2490,220,2710,30
2022-05-20,Mendocino,045,87422,13572,13461,3385,16846,124
2022-05-20,Merced,047,269075,63329,62969,9114,72083,823
2022-05-20,Modoc,049,8938,750,750,255,1005,8
2022-05-20,Mono,051,14174,3024,3012,162,3174,6
2022-05-20,Monterey,053,433212,81789,81224,15359,96583,735
2022-05-20,Napa,055,140530,27292,27034,1113,28147,143
2022-05-20,Nevada,057,99092,16538,16410,1297,17707,127
2022-05-20,Orange,059,3164182,565914,562531,44652,607183,7025
2022-05-20,Placer,061,380077,65448,64802,7810,72612,626
2022-05-20,Plumas,063,18699,3086,3052,377,3429,13
2022-05-20,Riverside,065,2383286,605083,601808,29326,631134,6476
2022-05-20,Sacramento,067,1510023,292416,289972,28872,318844,3027
2022-05-20,San Benito,069,59416,13318,13234,551,13785,98
2022-05-20,San Bernardino,071,2135413,578858,575194,25763,600957,7523
2022-05-20,San Diego,073,3302833,782654,777404,55337,832741,5282
2022-05-20,San Francisco,075,870044,141289,138922,9425,148347,871
2022-05-20,San Joaquin,077,732212,170830,169745,11082,180827,2237
2022-05-20,San Luis Obispo,079,281455,54381,54012,4337,58349,481
2022-05-20,San Mateo,081,765935,134580,132636,8258,140894,711
2022-05-20,Santa Barbara,083,443738,89502,88783,5056,93839,692
2022-05-20,Santa Clara,085,1922200,341292,336488,14366,350854,2301
2022-05-20,Santa Cruz,087,273765,51702,51333,2381,53714,263
2022-05-20,Shasta,089,179085,31102,30966,6234,37200,564
2022-05-20,Sierra,091,2930,277,276,54,330,4
2022-05-20,Siskiyou,093,43540,4522,4501,2825,7326,81
2022-05-20,Solano,095,438530,86105,85038,6000,91038,451
2022-05-20,Sonoma,097,501317,89962,88889,3442,92331,489
2022-05-20,Stanislaus,099,539301,119961,119396,18079,137475,1653
2022-05-20,Sutter,101,95872,20889,20809,2213,23022,226
2022-05-20,Tehama,103,63373,12193,12162,2680,14842,201
2022-05-20,Trinity,105,12862,1197,1191,297,1488,20
2022-05-20,Tulare,107,460477,107821,107485,29475,136960,1477
2022-05-20,Tuolumne,109,53932,13112,12977,598,13575,182
2022-05-20,Ventura,111,848112,179376,178024,10355,188379,1499
2022-05-20,Yolo,113,214977,39190,38377,3454,41831,319
2022-05-20,Yuba,115,75493,16262,16180,1317,17497,122
2022-05-19,Alameda,001,1643700,277545,274996,15602,290598,1858
2022-05-19,Alpine,003,1148,126,126,1,127,0
2022-05-19,Amador,005,37829,8709,8628,677,9305,86
2022-05-19,Butte,007,227075,33757,33606,6928,40534,426
2022-05-19,Calaveras,009,45235,7456,7424,386,7810,120
2022-05-19,Colusa,011,21464,3471,3468,1086,4554,21
2022-05-19,Contra Costa,013,1133247,201858,199703,14562,214265,1305
2022-05-19,Del Norte,015,27424,6131,6045,227,6272,50
2022-05-19,El Dorado,017,186661,27711,27517,3373,30890,213
2022-05-19,Fresno,019,978130,235387,234657,24601,259258,2760
2022-05-19,Glenn,021,27897,5027,5020,1635,6655,48
2022-05-19,Humboldt,023,135768,18138,17984,3333,21317,146
2022-05-19,Imperial,025,180216,56198,56014,11084,67098,923
2022-05-19,Inyo,027,18085,4147,4135,566,4701,56
2022-05-19,Kern,029,883053,194308,193705,47440,241145,2334
2022-05-19,Kings,031,150075,52145,52038,3666,55704,447
2022-05-19,Lake,033,64148,10923,10867,929,11796,137
2022-05-19,Lassen,035,31185,9019,9011,899,9910,64
2022-05-19,Los Angeles,037,10098052,2807967,2791671,131992,2923663,31815
2022-05-19,Madera,039,155013,37884,37744,6294,44038,370
2022-05-19,Marin,041,260295,36835,36394,3612,40006,293
2022-05-19,Mariposa,043,17540,2510,2490,220,2710,30
2022-05-19,Mendocino,045,87422,13549,13461,3378,16839,124
2022-05-19,Merced,047,269075,63266,62969,9100,72069,823
2022-05-19,Modoc,049,8938,750,750,255,1005,8
2022-05-19,Mono,051,14174,3023,3012,158,3170,6
2022-05-19,Monterey,053,433212,81705,81224,15291,96515,735
2022-05-19,Napa,055,140530,27235,27034,1110,28144,143
2022-05-19,Nevada,057,99092,16501,16410,1292,17702,127
2022-05-19,Orange,059,3164182,565077,562531,44517,607048,7025
2022-05-19,Placer,061,380077,65330,64802,7797,72599,626
2022-05-19,Plumas,063,18699,3080,3052,376,3428,13
2022-05-19,Riverside,065,2383286,604440,601808,29283,631091,6476
2022-05-19,Sacramento,067,1510023,291855,289972,28783,318755,3027
2022-05-19,San Benito,069,59416,13291,13234,550,13784,98
2022-05-19,San Bernardino,071,2135413,578353,575194,25743,600937,7523
2022-05-19,San Diego,073,3302833,781428,777404,55215,832619,5282
2022-05-19,San Francisco,075,870044,140814,138922,9384,148306,871
2022-05-19,San Joaquin,077,732212,170591,169745,11064,180809,2237
2022-05-19,San Luis Obispo,079,281455,54278,54012,4306,58318,481
2022-05-19,San Mateo,081,765935,134118,132636,8205,140841,711
2022-05-19,Santa Barbara,083,443738,89345,88783,5038,93821,692
2022-05-19,Santa Clara,085,1922200,340197,336488,14269,350757,2301
2022-05-19,Santa Cruz,087,273765,51625,51333,2370,53703,263
2022-05-19,Shasta,089,179085,31073,30966,6227,37193,564
2022-05-19,Sierra,091,2930,277,276,54,330,4
2022-05-19,Siskiyou,093,43540,4519,4501,2823,7324,81
2022-05-19,Solano,095,438530,85937,85038,5979,91017,451
2022-05-19,Sonoma,097,501317,89756,88889,3408,92297,489
2022-05-19,Stanislaus,099,539301,119831,119396,18059,137455,1653
2022-05-19,Sutter,101,95872,20854,20809,2209,23018,226
2022-05-19,Tehama,103,63373,12183,12162,2676,14838,201
2022-05-19,Trinity,105,12862,1196,1191,297,1488,20
2022-05-19,Tulare,107,460477,107734,107485,29428,136913,1477
2022-05-19,Tuolumne,109,53932,13088,12977,597,13574,182
2022-05-19,Ventura,111,848112,179099,178024,10323,188347,1499
2022-05-19,Yolo,113,214977,39108,38377,3448,41825,319
2022-05-19,Yuba,115,75493,16241,16180,1307,17487,122
2022-05-18,Alameda,001,1643700,276696,272530,15539,288069,1859
2022-05-18,Alpine,003,1148,126,126,1,127,0
2022-05-18,Amador,005,37829,8692,8592,677,9269,86
2022-05-18,Butte,007,227075,33717,33486,6914,40400,426
2022-05-18,Calaveras,009,45235,7448,7400,386,7786,120
2022-05-18,Colusa,011,21464,3471,3467,1085,4552,21
2022-05-18,Contra Costa,013,1133247,201298,198207,14501,212708,1303
2022-05-18,Del Norte,015,27424,6124,6001,223,6224,50
2022-05-18,El Dorado,017,186661,27661,27388,3366,30754,212
2022-05-18,Fresno,019,978130,235129,234055,24563,258618,2759
2022-05-18,Glenn,021,27897,5026,5012,1635,6647,48
2022-05-18,Humboldt,023,135768,18113,17868,3321,21189,146
2022-05-18,Imperial,025,180216,56135,55915,11078,66993,918
2022-05-18,Inyo,027,18085,4143,4120,560,4680,56
2022-05-18,Kern,029,883053,194182,193338,47379,240717,2327
2022-05-18,Kings,031,150075,52117,51903,3662,55565,447
2022-05-18,Lake,033,64148,10914,10831,928,11759,137
2022-05-18,Lassen,035,31185,9013,8994,899,9893,65
2022-05-18,Los Angeles,037,10098052,2803661,2780354,131712,2912066,31789
2022-05-18,Madera,039,155013,37849,37644,6287,43931,365
2022-05-18,Marin,041,260295,36746,36024,3570,39594,293
2022-05-18,Mariposa,043,17540,2503,2481,220,2701,30
2022-05-18,Mendocino,045,87422,13528,13403,3362,16765,124
2022-05-18,Merced,047,269075,63202,62802,9071,71873,818
2022-05-18,Modoc,049,8938,750,748,255,1003,8
2022-05-18,Mono,051,14174,3022,3010,156,3166,6
2022-05-18,Monterey,053,433212,81595,80955,15235,96190,735
2022-05-18,Napa,055,140530,27195,26912,1104,28016,143
2022-05-18,Nevada,057,99092,16481,16361,1289,17650,127
2022-05-18,Orange,059,3164182,564296,560094,44402,604496,7021
2022-05-18,Placer,061,380077,65191,64432,7787,72219,626
2022-05-18,Plumas,063,18699,3072,3022,374,3396,13
2022-05-18,Riverside,065,2383286,603801,599947,29230,629177,6471
2022-05-18,Sacramento,067,1510023,291330,288335,28693,317028,3022
2022-05-18,San Benito,069,59416,13268,13186,548,13734,98
2022-05-18,San Bernardino,071,2135413,577890,573790,25718,599508,7455
2022-05-18,San Diego,073,3302833,779996,773934,55087,829021,5277
2022-05-18,San Francisco,075,870044,140288,137341,9362,146703,869
2022-05-18,San Joaquin,077,732212,170362,169045,10976,180021,2236
2022-05-18,San Luis Obispo,079,281455,54181,53756,4268,58024,478
2022-05-18,San Mateo,081,765935,133695,131330,8140,139470,709
2022-05-18,Santa Barbara,083,443738,89184,88317,5020,93337,693
2022-05-18,Santa Clara,085,1922200,339052,333230,14171,347401,2300
2022-05-18,Santa Cruz,087,273765,51533,51020,2358,53378,263
2022-05-18,Shasta,089,179085,31050,30899,6221,37120,558
2022-05-18,Sierra,091,2930,277,275,54,329,4
2022-05-18,Siskiyou,093,43540,4514,4495,2821,7316,81
2022-05-18,Solano,095,438530,85685,84476,5963,90439,451
2022-05-18,Sonoma,097,501317,89560,88195,3374,91569,489
2022-05-18,Stanislaus,099,539301,119722,119025,18031,137056,1645
2022-05-18,Sutter,101,95872,20832,20763,2201,22964,226
2022-05-18,Tehama,103,63373,12177,12133,2673,14806,201
2022-05-18,Trinity,105,12862,1196,1189,297,1486,20
2022-05-18,Tulare,107,460477,107663,107292,29370,136662,1477
2022-05-18,Tuolumne,109,53932,13069,12917,595,13512,182
2022-05-18,Ventura,111,848112,178834,177233,10293,187526,1497
2022-05-18,Yolo,113,214977,39023,38139,3440,41579,316
2022-05-18,Yuba,115,75493,16217,16109,1301,17410,122
2022-05-17,Alameda,001,1643700,275880,272530,15481,288011,1859
2022-05-17,Alpine,003,1148,126,126,1,127,0
2022-05-17,Amador,005,37829,8684,8592,676,9268,86
2022-05-17,Butte,007,227075,33664,33486,6901,40387,426
2022-05-17,Calaveras,009,45235,7440,7400,386,7786,120
2022-05-17,Colusa,011,21464,3470,3467,1084,4551,21
2022-05-17,Contra Costa,013,1133247,200657,198207,14431,212638,1303
2022-05-17,Del Norte,015,27424,6112,6001,222,6223,50
2022-05-17,El Dorado,017,186661,27606,27388,3363,30751,212
2022-05-17,Fresno,019,978130,234878,234055,24538,258593,2759
2022-05-17,Glenn,021,27897,5023,5012,1634,6646,48
2022-05-17,Humboldt,023,135768,18072,17868,3306,21174,146
2022-05-17,Imperial,025,180216,56090,55915,11066,66981,918
2022-05-17,Inyo,027,18085,4141,4120,551,4671,56
2022-05-17,Kern,029,883053,194024,193338,47321,240659,2327
2022-05-17,Kings,031,150075,52074,51903,3658,55561,447
2022-05-17,Lake,033,64148,10899,10831,926,11757,137
2022-05-17,Lassen,035,31185,9008,8994,898,9892,65
2022-05-17,Los Angeles,037,10098052,2799128,2780354,131411,2911765,31789
2022-05-17,Madera,039,155013,37822,37644,6272,43916,365
2022-05-17,Marin,041,260295,36612,36024,3507,39531,293
2022-05-17,Mariposa,043,17540,2499,2481,219,2700,30
2022-05-17,Mendocino,045,87422,13502,13403,3353,16756,124
2022-05-17,Merced,047,269075,63138,62802,9052,71854,818
2022-05-17,Modoc,049,8938,750,748,255,1003,8
2022-05-17,Mono,051,14174,3016,3010,154,3164,6
2022-05-17,Monterey,053,433212,81481,80955,15163,96118,735
2022-05-17,Napa,055,140530,27147,26912,1096,28008,143
2022-05-17,Nevada,057,99092,16456,16361,1283,17644,127
2022-05-17,Orange,059,3164182,563398,560094,44259,604353,7021
2022-05-17,Placer,061,380077,65033,64432,7755,72187,626
2022-05-17,Plumas,063,18699,3066,3022,373,3395,13
2022-05-17,Riverside,065,2383286,603125,599947,29183,629130,6471
2022-05-17,Sacramento,067,1510023,290702,288335,28577,316912,3022
2022-05-17,San Benito,069,59416,13231,13186,548,13734,98
2022-05-17,San Bernardino,071,2135413,577409,573790,25704,599494,7455
2022-05-17,San Diego,073,3302833,778487,773934,54945,828879,5277
2022-05-17,San Francisco,075,870044,139707,137341,9332,146673,869
2022-05-17,San Joaquin,077,732212,170122,169045,10942,179987,2236
2022-05-17,San Luis Obispo,079,281455,54088,53756,4221,57977,478
2022-05-17,San Mateo,081,765935,133200,131330,8101,139431,709
2022-05-17,Santa Barbara,083,443738,88987,88317,5006,93323,693
2022-05-17,Santa Clara,085,1922200,337871,333230,14088,347318,2300
2022-05-17,Santa Cruz,087,273765,51456,51020,2350,53370,263
2022-05-17,Shasta,089,179085,31013,30899,6216,37115,558
2022-05-17,Sierra,091,2930,277,275,54,329,4
2022-05-17,Siskiyou,093,43540,4512,4495,2819,7314,81
2022-05-17,Solano,095,438530,85417,84476,5936,90412,451
2022-05-17,Sonoma,097,501317,89316,88195,3329,91524,489
2022-05-17,Stanislaus,099,539301,119577,119025,18005,137030,1645
2022-05-17,Sutter,101,95872,20812,20763,2198,22961,226
2022-05-17,Tehama,103,63373,12163,12133,2669,14802,201
2022-05-17,Trinity,105,12862,1195,1189,297,1486,20
2022-05-17,Tulare,107,460477,107571,107292,29326,136618,1477
2022-05-17,Tuolumne,109,53932,13053,12917,595,13512,182
2022-05-17,Ventura,111,848112,178511,177233,10251,187484,1497
2022-05-17,Yolo,113,214977,38926,38139,3433,41572,316
2022-05-17,Yuba,115,75493,16193,16109,1299,17408,122
2022-05-16,Alameda,001,1643700,274881,272530,15408,287938,1859
2022-05-16,Alpine,003,1148,126,126,1,127,0
2022-05-16,Amador,005,37829,8674,8592,675,9267,86
2022-05-16,Butte,007,227075,33609,33486,6890,40376,426
2022-05-16,Calaveras,009,45235,7433,7400,384,7784,120
2022-05-16,Colusa,011,21464,3469,3467,1084,4551,21
2022-05-16,Contra Costa,013,1133247,200018,198207,14371,212578,1303
2022-05-16,Del Norte,015,27424,6099,6001,219,6220,50
2022-05-16,El Dorado,017,186661,27548,27388,3356,30744,212
2022-05-16,Fresno,019,978130,234620,234055,24509,258564,2759
2022-05-16,Glenn,021,27897,5019,5012,1631,6643,48
2022-05-16,Humboldt,023,135768,18028,17868,3296,21164,146
2022-05-16,Imperial,025,180216,56026,55915,11054,66969,918
2022-05-16,Inyo,027,18085,4137,4120,548,4668,56
2022-05-16,Kern,029,883053,193872,193338,47251,240589,2327
2022-05-16,Kings,031,150075,52024,51903,3657,55560,447
2022-05-16,Lake,033,64148,10893,10831,925,11756,137
2022-05-16,Lassen,035,31185,9003,8994,895,9889,65
2022-05-16,Los Angeles,037,10098052,2794729,2780354,131133,2911487,31789
2022-05-16,Madera,039,155013,37789,37644,6261,43905,365
2022-05-16,Marin,041,260295,36447,36024,3457,39481,293
2022-05-16,Mariposa,043,17540,2498,2481,218,2699,30
2022-05-16,Mendocino,045,87422,13476,13403,3341,16744,124
2022-05-16,Merced,047,269075,63066,62802,9021,71823,818
2022-05-16,Modoc,049,8938,750,748,255,1003,8
2022-05-16,Mono,051,14174,3014,3010,152,3162,6
2022-05-16,Monterey,053,433212,81373,80955,15074,96029,735
2022-05-16,Napa,055,140530,27095,26912,1093,28005,143
2022-05-16,Nevada,057,99092,16437,16361,1277,17638,127
2022-05-16,Orange,059,3164182,562538,560094,44127,604221,7021
2022-05-16,Placer,061,380077,64923,64432,7728,72160,626
2022-05-16,Plumas,063,18699,3056,3022,373,3395,13
2022-05-16,Riverside,065,2383286,602413,599947,29130,629077,6471
2022-05-16,Sacramento,067,1510023,290040,288335,28478,316813,3022
2022-05-16,San Benito,069,59416,13213,13186,543,13729,98
2022-05-16,San Bernardino,071,2135413,576945,573790,25675,599465,7455
2022-05-16,San Diego,073,3302833,776956,773934,54794,828728,5277
2022-05-16,San Francisco,075,870044,139000,137341,9300,146641,869
2022-05-16,San Joaquin,077,732212,169849,169045,10735,179780,2236
2022-05-16,San Luis Obispo,079,281455,53985,53756,4190,57946,478
2022-05-16,San Mateo,081,765935,132658,131330,8054,139384,709
2022-05-16,Santa Barbara,083,443738,88844,88317,4997,93314,693
2022-05-16,Santa Clara,085,1922200,336538,333230,14010,347240,2300
2022-05-16,Santa Cruz,087,273765,51380,51020,2337,53357,263
2022-05-16,Shasta,089,179085,30980,30899,6207,37106,558
2022-05-16,Sierra,091,2930,277,275,53,328,4
2022-05-16,Siskiyou,093,43540,4509,4495,2811,7306,81
2022-05-16,Solano,095,438530,85177,84476,5913,90389,451
2022-05-16,Sonoma,097,501317,89015,88195,3296,91491,489
2022-05-16,Stanislaus,099,539301,119430,119025,17970,136995,1645
2022-05-16,Sutter,101,95872,20798,20763,2193,22956,226
2022-05-16,Tehama,103,63373,12156,12133,2666,14799,201
2022-05-16,Trinity,105,12862,1194,1189,297,1486,20
2022-05-16,Tulare,107,460477,107494,107292,29270,136562,1477
2022-05-16,Tuolumne,109,53932,13020,12917,593,13510,182
2022-05-16,Ventura,111,848112,178181,177233,10197,187430,1497
2022-05-16,Yolo,113,214977,38821,38139,3424,41563,316
2022-05-16,Yuba,115,75493,16166,16109,1296,17405,122
2022-05-15,Alameda,001,1643700,273825,268944,15343,284287,1857
2022-05-15,Alpine,003,1148,126,125,1,126,0
2022-05-15,Amador,005,37829,8659,8574,674,9248,86
2022-05-15,Butte,007,227075,33554,33377,6868,40245,424
2022-05-15,Calaveras,009,45235,7414,7378,382,7760,120
2022-05-15,Colusa,011,21464,3466,3463,1082,4545,21
2022-05-15,Contra Costa,013,1133247,199257,195925,14301,210226,1301
2022-05-15,Del Norte,015,27424,6027,5919,217,6136,50
2022-05-15,El Dorado,017,186661,27488,27216,3344,30560,212
2022-05-15,Fresno,019,978130,234352,233305,24478,257783,2757
2022-05-15,Glenn,021,27897,5015,5004,1630,6634,48
2022-05-15,Humboldt,023,135768,17978,17633,3261,20894,146
2022-05-15,Imperial,025,180216,55989,55756,11031,66787,917
2022-05-15,Inyo,027,18085,4133,4114,543,4657,56
2022-05-15,Kern,029,883053,193695,192939,47170,240109,2314
2022-05-15,Kings,031,150075,51964,51779,3652,55431,447
2022-05-15,Lake,033,64148,10874,10790,922,11712,137
2022-05-15,Lassen,035,31185,8995,8987,894,9881,65
2022-05-15,Los Angeles,037,10098052,2790148,2768726,130756,2899482,31768
2022-05-15,Madera,039,155013,37748,37520,6246,43766,365
2022-05-15,Marin,041,260295,36278,35486,3417,38903,293
2022-05-15,Mariposa,043,17540,2493,2463,217,2680,30
2022-05-15,Mendocino,045,87422,13457,13349,3314,16663,124
2022-05-15,Merced,047,269075,62978,62627,8975,71602,818
2022-05-15,Modoc,049,8938,749,747,255,1002,8
2022-05-15,Mono,051,14174,3012,3002,151,3153,6
2022-05-15,Monterey,053,433212,81261,80620,14982,95602,735
2022-05-15,Napa,055,140530,27042,26698,1089,27787,143
2022-05-15,Nevada,057,99092,16406,16240,1275,17515,127
2022-05-15,Orange,059,3164182,561588,557134,43984,601118,7017
2022-05-15,Placer,061,380077,64738,63963,7704,71667,626
2022-05-15,Plumas,063,18699,3049,3006,373,3379,13
2022-05-15,Riverside,065,2383286,601691,597914,29060,626974,6471
2022-05-15,Sacramento,067,1510023,289321,286403,28338,314741,3022
2022-05-15,San Benito,069,59416,13188,13106,541,13647,98
2022-05-15,San Bernardino,071,2135413,576387,572057,25646,597703,7423
2022-05-15,San Diego,073,3302833,775463,770323,54613,824936,5271
2022-05-15,San Francisco,075,870044,138289,134916,9263,144179,866
2022-05-15,San Joaquin,077,732212,169608,168174,10660,178834,2236
2022-05-15,San Luis Obispo,079,281455,53858,53502,4145,57647,478
2022-05-15,San Mateo,081,765935,132124,129480,7987,137467,709
2022-05-15,Santa Barbara,083,443738,88614,87773,4965,92738,693
2022-05-15,Santa Clara,085,1922200,335115,328609,13924,342533,2297
2022-05-15,Santa Cruz,087,273765,51276,50268,2322,52590,263
2022-05-15,Shasta,089,179085,30939,30799,6201,37000,557
2022-05-15,Sierra,091,2930,277,275,53,328,4
2022-05-15,Siskiyou,093,43540,4507,4482,2808,7290,81
2022-05-15,Solano,095,438530,84881,83669,5883,89552,451
2022-05-15,Sonoma,097,501317,88684,87070,3271,90341,488
2022-05-15,Stanislaus,099,539301,119259,118586,17938,136524,1645
2022-05-15,Sutter,101,95872,20772,20690,2187,22877,226
2022-05-15,Tehama,103,63373,12137,12115,2660,14775,201
2022-05-15,Trinity,105,12862,1193,1188,297,1485,20
2022-05-15,Tulare,107,460477,107392,107077,29213,136290,1469
2022-05-15,Tuolumne,109,53932,12968,12851,592,13443,182
2022-05-15,Ventura,111,848112,177832,176317,10151,186468,1497
2022-05-15,Yolo,113,214977,38732,37737,3411,41148,316
2022-05-15,Yuba,115,75493,16132,16028,1286,17314,122
2022-05-14,Alameda,001,1643700,273415,268944,15324,284268,1857
2022-05-14,Alpine,003,1148,125,125,1,126,0
2022-05-14,Amador,005,37829,8653,8574,674,9248,86
2022-05-14,Butte,007,227075,33536,33377,6862,40239,424
2022-05-14,Calaveras,009,45235,7412,7378,382,7760,120
2022-05-14,Colusa,011,21464,3466,3463,1082,4545,21
2022-05-14,Contra Costa,013,1133247,198891,195925,14288,210213,1301
2022-05-14,Del Norte,015,27424,6021,5919,215,6134,50
2022-05-14,El Dorado,017,186661,27458,27216,3338,30554,212
2022-05-14,Fresno,019,978130,234232,233305,24471,257776,2757
2022-05-14,Glenn,021,27897,5014,5004,1627,6631,48
2022-05-14,Humboldt,023,135768,17952,17633,3255,20888,146
2022-05-14,Imperial,025,180216,55959,55756,11026,66782,917
2022-05-14,Inyo,027,18085,4128,4114,543,4657,56
2022-05-14,Kern,029,883053,193624,192939,47124,240063,2314
2022-05-14,Kings,031,150075,51938,51779,3652,55431,447
2022-05-14,Lake,033,64148,10865,10790,917,11707,137
2022-05-14,Lassen,035,31185,8993,8987,894,9881,65
2022-05-14,Los Angeles,037,10098052,2788256,2768726,130537,2899263,31768
2022-05-14,Madera,039,155013,37734,37520,6246,43766,365
2022-05-14,Marin,041,260295,36173,35486,3366,38852,293
2022-05-14,Mariposa,043,17540,2492,2463,217,2680,30
2022-05-14,Mendocino,045,87422,13447,13349,3312,16661,124
2022-05-14,Merced,047,269075,62948,62627,8971,71598,818
2022-05-14,Modoc,049,8938,748,747,255,1002,8
2022-05-14,Mono,051,14174,3012,3002,150,3152,6
2022-05-14,Monterey,053,433212,81197,80620,14927,95547,735
2022-05-14,Napa,055,140530,27019,26698,1082,27780,143
2022-05-14,Nevada,057,99092,16391,16240,1274,17514,127
2022-05-14,Orange,059,3164182,561144,557134,43891,601025,7017
2022-05-14,Placer,061,380077,64637,63963,7683,71646,626
2022-05-14,Plumas,063,18699,3045,3006,373,3379,13
2022-05-14,Riverside,065,2383286,601291,597914,29033,626947,6471
2022-05-14,Sacramento,067,1510023,289049,286403,28318,314721,3022
2022-05-14,San Benito,069,59416,13177,13106,539,13645,98
2022-05-14,San Bernardino,071,2135413,576113,572057,25634,597691,7423
2022-05-14,San Diego,073,3302833,774874,770323,54568,824891,5271
2022-05-14,San Francisco,075,870044,137928,134916,9240,144156,866
2022-05-14,San Joaquin,077,732212,169470,168174,10645,178819,2236
2022-05-14,San Luis Obispo,079,281455,53831,53502,4142,57644,478
2022-05-14,San Mateo,081,765935,131803,129480,7968,137448,709
2022-05-14,Santa Barbara,083,443738,88506,87773,4965,92738,693
2022-05-14,Santa Clara,085,1922200,334290,328609,13882,342491,2297
2022-05-14,Santa Cruz,087,273765,51229,50268,2312,52580,263
2022-05-14,Shasta,089,179085,30935,30799,6200,36999,557
2022-05-14,Sierra,091,2930,277,275,53,328,4
2022-05-14,Siskiyou,093,43540,4504,4482,2806,7288,81
2022-05-14,Solano,095,438530,84821,83669,5871,89540,451
2022-05-14,Sonoma,097,501317,88541,87070,3262,90332,488
2022-05-14,Stanislaus,099,539301,119176,118586,17927,136513,1645
2022-05-14,Sutter,101,95872,20764,20690,2186,22876,226
2022-05-14,Tehama,103,63373,12132,12115,2659,14774,201
2022-05-14,Trinity,105,12862,1193,1188,297,1485,20
2022-05-14,Tulare,107,460477,107346,107077,29181,136258,1469
2022-05-14,Tuolumne,109,53932,12957,12851,592,13443,182
2022-05-14,Ventura,111,848112,177670,176317,10129,186446,1497
2022-05-14,Yolo,113,214977,38680,37737,3404,41141,316
2022-05-14,Yuba,115,75493,16124,16028,1285,17313,122
2022-05-13,Alameda,001,1643700,272947,268944,15302,284246,1857
2022-05-13,Alpine,003,1148,125,125,1,126,0
2022-05-13,Amador,005,37829,8648,8574,674,9248,86
2022-05-13,Butte,007,227075,33519,33377,6859,40236,424
2022-05-13,Calaveras,009,45235,7408,7378,382,7760,120
2022-05-13,Colusa,011,21464,3465,3463,1082,4545,21
2022-05-13,Contra Costa,013,1133247,198555,195925,14267,210192,1301
2022-05-13,Del Norte,015,27424,6018,5919,215,6134,50
2022-05-13,El Dorado,017,186661,27430,27216,3338,30554,212
2022-05-13,Fresno,019,978130,234128,233305,24463,257768,2757
2022-05-13,Glenn,021,27897,5013,5004,1626,6630,48
2022-05-13,Humboldt,023,135768,17928,17633,3252,20885,146
2022-05-13,Imperial,025,180216,55942,55756,11025,66781,917
2022-05-13,Inyo,027,18085,4128,4114,542,4656,56
2022-05-13,Kern,029,883053,193550,192939,47093,240032,2314
2022-05-13,Kings,031,150075,51914,51779,3652,55431,447
2022-05-13,Lake,033,64148,10862,10790,917,11707,137
2022-05-13,Lassen,035,31185,8992,8987,894,9881,65
2022-05-13,Los Angeles,037,10098052,2786348,2768726,130353,2899079,31768
2022-05-13,Madera,039,155013,37714,37520,6244,43764,365
2022-05-13,Marin,041,260295,36070,35486,3322,38808,293
2022-05-13,Mariposa,043,17540,2490,2463,217,2680,30
2022-05-13,Mendocino,045,87422,13433,13349,3307,16656,124
2022-05-13,Merced,047,269075,62913,62627,8963,71590,818
2022-05-13,Modoc,049,8938,748,747,255,1002,8
2022-05-13,Mono,051,14174,3011,3002,149,3151,6
2022-05-13,Monterey,053,433212,81143,80620,14886,95506,735
2022-05-13,Napa,055,140530,26983,26698,1080,27778,143
2022-05-13,Nevada,057,99092,16377,16240,1273,17513,127
2022-05-13,Orange,059,3164182,560684,557134,43819,600953,7017
2022-05-13,Placer,061,380077,64558,63963,7673,71636,626
2022-05-13,Plumas,063,18699,3038,3006,373,3379,13
2022-05-13,Riverside,065,2383286,600915,597914,29002,626916,6471
2022-05-13,Sacramento,067,1510023,288708,286403,28299,314702,3022
2022-05-13,San Benito,069,59416,13173,13106,539,13645,98
2022-05-13,San Bernardino,071,2135413,575882,572057,25624,597681,7423
2022-05-13,San Diego,073,3302833,774241,770323,54514,824837,5271
2022-05-13,San Francisco,075,870044,137573,134916,9220,144136,866
2022-05-13,San Joaquin,077,732212,169349,168174,10633,178807,2236
2022-05-13,San Luis Obispo,079,281455,53795,53502,4138,57640,478
2022-05-13,San Mateo,081,765935,131518,129480,7947,137427,709
2022-05-13,Santa Barbara,083,443738,88414,87773,4962,92735,693
2022-05-13,Santa Clara,085,1922200,333492,328609,13850,342459,2297
2022-05-13,Santa Cruz,087,273765,51141,50268,2304,52572,263
2022-05-13,Shasta,089,179085,30932,30799,6200,36999,557
2022-05-13,Sierra,091,2930,276,275,50,325,4
2022-05-13,Siskiyou,093,43540,4503,4482,2805,7287,81
2022-05-13,Solano,095,438530,84698,83669,5865,89534,451
2022-05-13,Sonoma,097,501317,88367,87070,3252,90322,488
2022-05-13,Stanislaus,099,539301,119083,118586,17918,136504,1645
2022-05-13,Sutter,101,95872,20752,20690,2185,22875,226
2022-05-13,Tehama,103,63373,12130,12115,2657,14772,201
2022-05-13,Trinity,105,12862,1192,1188,297,1485,20
2022-05-13,Tulare,107,460477,107303,107077,29142,136219,1469
2022-05-13,Tuolumne,109,53932,12942,12851,592,13443,182
2022-05-13,Ventura,111,848112,177496,176317,10117,186434,1497
2022-05-13,Yolo,113,214977,38618,37737,3400,41137,316
2022-05-13,Yuba,115,75493,16111,16028,1282,17310,122
2022-05-12,Alameda,001,1643700,272202,268944,15252,284196,1857
2022-05-12,Alpine,003,1148,125,125,1,126,0
2022-05-12,Amador,005,37829,8639,8574,674,9248,86
2022-05-12,Butte,007,227075,33494,33377,6849,40226,424
2022-05-12,Calaveras,009,45235,7405,7378,382,7760,120
2022-05-12,Colusa,011,21464,3465,3463,1081,4544,21
2022-05-12,Contra Costa,013,1133247,198035,195925,14211,210136,1301
2022-05-12,Del Norte,015,27424,6001,5919,213,6132,50
2022-05-12,El Dorado,017,186661,27390,27216,3329,30545,212
2022-05-12,Fresno,019,978130,233979,233305,24449,257754,2757
2022-05-12,Glenn,021,27897,5009,5004,1626,6630,48
2022-05-12,Humboldt,023,135768,17882,17633,3238,20871,146
2022-05-12,Imperial,025,180216,55915,55756,11010,66766,917
2022-05-12,Inyo,027,18085,4124,4114,537,4651,56
2022-05-12,Kern,029,883053,193487,192939,47043,239982,2314
2022-05-12,Kings,031,150075,51892,51779,3649,55428,447
2022-05-12,Lake,033,64148,10844,10790,912,11702,137
2022-05-12,Lassen,035,31185,8991,8987,893,9880,65
2022-05-12,Los Angeles,037,10098052,2783158,2768726,130095,2898821,31768
2022-05-12,Madera,039,155013,37688,37520,6236,43756,365
2022-05-12,Marin,041,260295,35971,35486,3300,38786,293
2022-05-12,Mariposa,043,17540,2485,2463,217,2680,30
2022-05-12,Mendocino,045,87422,13415,13349,3294,16643,124
2022-05-12,Merced,047,269075,62879,62627,8948,71575,818
2022-05-12,Modoc,049,8938,747,747,255,1002,8
2022-05-12,Mono,051,14174,3011,3002,149,3151,6
2022-05-12,Monterey,053,433212,81083,80620,14835,95455,735
2022-05-12,Napa,055,140530,26937,26698,1078,27776,143
2022-05-12,Nevada,057,99092,16355,16240,1272,17512,127
2022-05-12,Orange,059,3164182,560043,557134,43708,600842,7017
2022-05-12,Placer,061,380077,64462,63963,7656,71619,626
2022-05-12,Plumas,063,18699,3033,3006,373,3379,13
2022-05-12,Riverside,065,2383286,600453,597914,28967,626881,6471
2022-05-12,Sacramento,067,1510023,288257,286403,28230,314633,3022
2022-05-12,San Benito,069,59416,13158,13106,537,13643,98
2022-05-12,San Bernardino,071,2135413,575543,572057,25605,597662,7423
2022-05-12,San Diego,073,3302833,773294,770323,54443,824766,5271
2022-05-12,San Francisco,075,870044,137192,134916,9178,144094,866
2022-05-12,San Joaquin,077,732212,169162,168174,10597,178771,2236
2022-05-12,San Luis Obispo,079,281455,53737,53502,4108,57610,478
2022-05-12,San Mateo,081,765935,131107,129480,7897,137377,709
2022-05-12,Santa Barbara,083,443738,88308,87773,4955,92728,693
2022-05-12,Santa Clara,085,1922200,332513,328609,13758,342367,2297
2022-05-12,Santa Cruz,087,273765,50995,50268,2300,52568,263
2022-05-12,Shasta,089,179085,30919,30799,6197,36996,557
2022-05-12,Sierra,091,2930,275,275,50,325,4
2022-05-12,Siskiyou,093,43540,4498,4482,2803,7285,81
2022-05-12,Solano,095,438530,84496,83669,5852,89521,451
2022-05-12,Sonoma,097,501317,88151,87070,3228,90298,488
2022-05-12,Stanislaus,099,539301,118982,118586,17891,136477,1645
2022-05-12,Sutter,101,95872,20736,20690,2184,22874,226
2022-05-12,Tehama,103,63373,12123,12115,2655,14770,201
2022-05-12,Trinity,105,12862,1191,1188,296,1484,20
2022-05-12,Tulare,107,460477,107256,107077,29084,136161,1469
2022-05-12,Tuolumne,109,53932,12922,12851,592,13443,182
2022-05-12,Ventura,111,848112,177268,176317,10084,186401,1497
2022-05-12,Yolo,113,214977,38514,37737,3389,41126,316
2022-05-12,Yuba,115,75493,16096,16028,1278,17306,122
2022-05-11,Alameda,001,1643700,271489,267982,15202,283184,1853
2022-05-11,Alpine,003,1148,125,125,1,126,0
2022-05-11,Amador,005,37829,8631,8564,674,9238,86
2022-05-11,Butte,007,227075,33460,33339,6844,40183,423
2022-05-11,Calaveras,009,45235,7399,7368,378,7746,120
2022-05-11,Colusa,011,21464,3464,3462,1081,4543,21
2022-05-11,Contra Costa,013,1133247,197524,195153,14165,209318,1302
2022-05-11,Del Norte,015,27424,5990,5911,213,6124,50
2022-05-11,El Dorado,017,186661,27354,27172,3326,30498,212
2022-05-11,Fresno,019,978130,233812,233021,24426,257447,2754
2022-05-11,Glenn,021,27897,5009,5001,1625,6626,48
2022-05-11,Humboldt,023,135768,17842,17585,3225,20810,146
2022-05-11,Imperial,025,180216,55888,55751,10999,66750,917
2022-05-11,Inyo,027,18085,4123,4093,536,4629,56
2022-05-11,Kern,029,883053,193393,192795,46995,239790,2292
2022-05-11,Kings,031,150075,51864,51752,3647,55399,447
2022-05-11,Lake,033,64148,10831,10786,911,11697,137
2022-05-11,Lassen,035,31185,8990,8984,892,9876,65
2022-05-11,Los Angeles,037,10098052,2780031,2761410,129868,2891278,31747
2022-05-11,Madera,039,155013,37654,37496,6226,43722,365
2022-05-11,Marin,041,260295,35870,35336,3259,38595,292
2022-05-11,Mariposa,043,17540,2480,2461,217,2678,30
2022-05-11,Mendocino,045,87422,13400,13320,3278,16598,124
2022-05-11,Merced,047,269075,62839,62567,8930,71497,818
2022-05-11,Modoc,049,8938,746,747,255,1002,8
2022-05-11,Mono,051,14174,3011,2999,148,3147,6
2022-05-11,Monterey,053,433212,81020,80534,14782,95316,733
2022-05-11,Napa,055,140530,26885,26660,1076,27736,143
2022-05-11,Nevada,057,99092,16339,16230,1269,17499,127
2022-05-11,Orange,059,3164182,559368,556265,43625,599890,7009
2022-05-11,Placer,061,380077,64363,63823,7642,71465,625
2022-05-11,Plumas,063,18699,3025,2998,373,3371,13
2022-05-11,Riverside,065,2383286,600006,597302,28934,626236,6468
2022-05-11,Sacramento,067,1510023,287847,285799,28178,313977,3020
2022-05-11,San Benito,069,59416,13137,13088,537,13625,98
2022-05-11,San Bernardino,071,2135413,575185,571372,25596,596968,7354
2022-05-11,San Diego,073,3302833,772314,768135,54343,822478,5257
2022-05-11,San Francisco,075,870044,136699,134027,9145,143172,864
2022-05-11,San Joaquin,077,732212,168987,167949,10571,178520,2233
2022-05-11,San Luis Obispo,079,281455,53690,53420,4090,57510,478
2022-05-11,San Mateo,081,765935,130713,128821,7862,136683,711
2022-05-11,Santa Barbara,083,443738,88177,87593,4944,92537,693
2022-05-11,Santa Clara,085,1922200,331518,327177,13709,340886,2294
2022-05-11,Santa Cruz,087,273765,50838,50031,2288,52319,263
2022-05-11,Shasta,089,179085,30887,30768,6194,36962,564
2022-05-11,Sierra,091,2930,275,275,50,325,4
2022-05-11,Siskiyou,093,43540,4496,4478,2803,7281,81
2022-05-11,Solano,095,438530,84311,83464,5840,89304,450
2022-05-11,Sonoma,097,501317,87946,86798,3216,90014,488
2022-05-11,Stanislaus,099,539301,118885,118445,17873,136318,1644
2022-05-11,Sutter,101,95872,20721,20668,2184,22852,225
2022-05-11,Tehama,103,63373,12123,12106,2654,14760,201
2022-05-11,Trinity,105,12862,1189,1188,296,1484,20
2022-05-11,Tulare,107,460477,107201,107068,29050,136118,1468
2022-05-11,Tuolumne,109,53932,12904,12829,592,13421,181
2022-05-11,Ventura,111,848112,177072,175955,10051,186006,1491
2022-05-11,Yolo,113,214977,38409,37654,3386,41040,316
2022-05-11,Yuba,115,75493,16077,15997,1269,17266,122
2022-05-10,Alameda,001,1643700,270717,267982,15152,283134,1853
2022-05-10,Alpine,003,1148,125,125,1,126,0
2022-05-10,Amador,005,37829,8629,8564,673,9237,86
2022-05-10,Butte,007,227075,33437,33339,6841,40180,423
2022-05-10,Calaveras,009,45235,7395,7368,376,7744,120
2022-05-10,Colusa,011,21464,3464,3462,1080,4542,21
2022-05-10,Contra Costa,013,1133247,197043,195153,14130,209283,1302
2022-05-10,Del Norte,015,27424,5937,5911,213,6124,50
2022-05-10,El Dorado,017,186661,27317,27172,3322,30494,212
2022-05-10,Fresno,019,978130,233653,233021,24403,257424,2754
2022-05-10,Glenn,021,27897,5006,5001,1625,6626,48
2022-05-10,Humboldt,023,135768,17804,17585,3215,20800,146
2022-05-10,Imperial,025,180216,55853,55751,10980,66731,917
2022-05-10,Inyo,027,18085,4121,4093,529,4622,56
2022-05-10,Kern,029,883053,193290,192795,46955,239750,2292
2022-05-10,Kings,031,150075,51832,51752,3647,55399,447
2022-05-10,Lake,033,64148,10826,10786,911,11697,137
2022-05-10,Lassen,035,31185,8985,8984,892,9876,65
2022-05-10,Los Angeles,037,10098052,2776739,2761410,129641,2891051,31747
2022-05-10,Madera,039,155013,37623,37496,6220,43716,365
2022-05-10,Marin,041,260295,35758,35336,3219,38555,292
2022-05-10,Mariposa,043,17540,2480,2461,217,2678,30
2022-05-10,Mendocino,045,87422,13388,13320,3265,16585,124
2022-05-10,Merced,047,269075,62793,62567,8911,71478,818
2022-05-10,Modoc,049,8938,746,747,255,1002,8
2022-05-10,Mono,051,14174,3007,2999,145,3144,6
2022-05-10,Monterey,053,433212,80953,80534,14738,95272,733
2022-05-10,Napa,055,140530,26848,26660,1074,27734,143
2022-05-10,Nevada,057,99092,16319,16230,1267,17497,127
2022-05-10,Orange,059,3164182,558657,556265,43531,599796,7009
2022-05-10,Placer,061,380077,64251,63823,7630,71453,625
2022-05-10,Plumas,063,18699,3017,2998,372,3370,13
2022-05-10,Riverside,065,2383286,599581,597302,28901,626203,6468
2022-05-10,Sacramento,067,1510023,287345,285799,28106,313905,3020
2022-05-10,San Benito,069,59416,13120,13088,532,13620,98
2022-05-10,San Bernardino,071,2135413,574839,571372,25571,596943,7354
2022-05-10,San Diego,073,3302833,771295,768135,54236,822371,5257
2022-05-10,San Francisco,075,870044,136145,134027,9114,143141,864
2022-05-10,San Joaquin,077,732212,168831,167949,10506,178455,2233
2022-05-10,San Luis Obispo,079,281455,53614,53420,4063,57483,478
2022-05-10,San Mateo,081,765935,130340,128821,7824,136645,711
2022-05-10,Santa Barbara,083,443738,88061,87593,4930,92523,693
2022-05-10,Santa Clara,085,1922200,330491,327177,13625,340802,2294
2022-05-10,Santa Cruz,087,273765,50714,50031,2279,52310,263
2022-05-10,Shasta,089,179085,30867,30768,6193,36961,564
2022-05-10,Sierra,091,2930,275,275,49,324,4
2022-05-10,Siskiyou,093,43540,4492,4478,2803,7281,81
2022-05-10,Solano,095,438530,84127,83464,5821,89285,450
2022-05-10,Sonoma,097,501317,87705,86798,3178,89976,488
2022-05-10,Stanislaus,099,539301,118792,118445,17855,136300,1644
2022-05-10,Sutter,101,95872,20703,20668,2181,22849,225
2022-05-10,Tehama,103,63373,12120,12106,2647,14753,201
2022-05-10,Trinity,105,12862,1189,1188,296,1484,20
2022-05-10,Tulare,107,460477,107161,107068,29018,136086,1468
2022-05-10,Tuolumne,109,53932,12892,12829,592,13421,181
2022-05-10,Ventura,111,848112,176861,175955,10020,185975,1491
2022-05-10,Yolo,113,214977,38312,37654,3375,41029,316
2022-05-10,Yuba,115,75493,16057,15997,1266,17263,122
2022-05-09,Alameda,001,1643700,269953,267982,15110,283092,1853
2022-05-09,Alpine,003,1148,125,125,1,126,0
2022-05-09,Amador,005,37829,8622,8564,673,9237,86
2022-05-09,Butte,007,227075,33410,33339,6834,40173,423
2022-05-09,Calaveras,009,45235,7389,7368,376,7744,120
2022-05-09,Colusa,011,21464,3462,3462,1078,4540,21
2022-05-09,Contra Costa,013,1133247,196573,195153,14077,209230,1302
2022-05-09,Del Norte,015,27424,5929,5911,212,6123,50
2022-05-09,El Dorado,017,186661,27281,27172,3315,30487,212
2022-05-09,Fresno,019,978130,233500,233021,24381,257402,2754
2022-05-09,Glenn,021,27897,5004,5001,1623,6624,48
2022-05-09,Humboldt,023,135768,17753,17585,3197,20782,146
2022-05-09,Imperial,025,180216,55818,55751,10966,66717,917
2022-05-09,Inyo,027,18085,4118,4093,526,4619,56
2022-05-09,Kern,029,883053,193190,192795,46898,239693,2292
2022-05-09,Kings,031,150075,51801,51752,3646,55398,447
2022-05-09,Lake,033,64148,10819,10786,910,11696,137
2022-05-09,Lassen,035,31185,8983,8984,892,9876,65
2022-05-09,Los Angeles,037,10098052,2773366,2761410,129407,2890817,31747
2022-05-09,Madera,039,155013,37594,37496,6210,43706,365
2022-05-09,Marin,041,260295,35641,35336,3182,38518,292
2022-05-09,Mariposa,043,17540,2475,2461,217,2678,30
2022-05-09,Mendocino,045,87422,13377,13320,3256,16576,124
2022-05-09,Merced,047,269075,62752,62567,8895,71462,818
2022-05-09,Modoc,049,8938,746,747,255,1002,8
2022-05-09,Mono,051,14174,3006,2999,141,3140,6
2022-05-09,Monterey,053,433212,80861,80534,14691,95225,733
2022-05-09,Napa,055,140530,26799,26660,1073,27733,143
2022-05-09,Nevada,057,99092,16291,16230,1262,17492,127
2022-05-09,Orange,059,3164182,557992,556265,43445,599710,7009
2022-05-09,Placer,061,380077,64193,63823,7616,71439,625
2022-05-09,Plumas,063,18699,3008,2998,372,3370,13
2022-05-09,Riverside,065,2383286,599099,597302,28863,626165,6468
2022-05-09,Sacramento,067,1510023,286923,285799,28024,313823,3020
2022-05-09,San Benito,069,59416,13102,13088,532,13620,98
2022-05-09,San Bernardino,071,2135413,574511,571372,25557,596929,7354
2022-05-09,San Diego,073,3302833,770321,768135,54115,822250,5257
2022-05-09,San Francisco,075,870044,135597,134027,9089,143116,864
2022-05-09,San Joaquin,077,732212,168652,167949,10478,178427,2233
2022-05-09,San Luis Obispo,079,281455,53562,53420,4043,57463,478
2022-05-09,San Mateo,081,765935,129917,128821,7795,136616,711
2022-05-09,Santa Barbara,083,443738,87933,87593,4921,92514,693
2022-05-09,Santa Clara,085,1922200,329341,327177,13560,340737,2294
2022-05-09,Santa Cruz,087,273765,50576,50031,2274,52305,263
2022-05-09,Shasta,089,179085,30853,30768,6191,36959,564
2022-05-09,Sierra,091,2930,275,275,49,324,4
2022-05-09,Siskiyou,093,43540,4490,4478,2802,7280,81
2022-05-09,Solano,095,438530,83972,83464,5808,89272,450
2022-05-09,Sonoma,097,501317,87447,86798,3152,89950,488
2022-05-09,Stanislaus,099,539301,118695,118445,17840,136285,1644
2022-05-09,Sutter,101,95872,20690,20668,2180,22848,225
2022-05-09,Tehama,103,63373,12118,12106,2645,14751,201
2022-05-09,Trinity,105,12862,1189,1188,296,1484,20
2022-05-09,Tulare,107,460477,107112,107068,28978,136046,1468
2022-05-09,Tuolumne,109,53932,12884,12829,592,13421,181
2022-05-09,Ventura,111,848112,176643,175955,9983,185938,1491
2022-05-09,Yolo,113,214977,38206,37654,3365,41019,316
2022-05-09,Yuba,115,75493,16049,15997,1265,17262,122
2022-05-08,Alameda,001,1643700,269069,265198,15045,280243,1855
2022-05-08,Alpine,003,1148,125,125,1,126,0
2022-05-08,Amador,005,37829,8610,8556,672,9228,86
2022-05-08,Butte,007,227075,33387,33269,6824,40093,421
2022-05-08,Calaveras,009,45235,7383,7353,375,7728,120
2022-05-08,Colusa,011,21464,3461,3459,1077,4536,21
2022-05-08,Contra Costa,013,1133247,196063,193961,14017,207978,1302
2022-05-08,Del Norte,015,27424,5915,5884,212,6096,50
2022-05-08,El Dorado,017,186661,27243,27081,3310,30391,210
2022-05-08,Fresno,019,978130,233332,232655,24361,257016,2754
2022-05-08,Glenn,021,27897,5002,4996,1623,6619,48
2022-05-08,Humboldt,023,135768,17702,17410,3169,20579,146
2022-05-08,Imperial,025,180216,55786,55683,10953,66636,917
2022-05-08,Inyo,027,18085,4111,4087,525,4612,56
2022-05-08,Kern,029,883053,193092,192590,46852,239442,2287
2022-05-08,Kings,031,150075,51784,51702,3646,55348,447
2022-05-08,Lake,033,64148,10812,10766,910,11676,137
2022-05-08,Lassen,035,31185,8979,8978,892,9870,65
2022-05-08,Los Angeles,037,10098052,2769793,2751478,129117,2880595,31738
2022-05-08,Madera,039,155013,37573,37420,6192,43612,365
2022-05-08,Marin,041,260295,35516,34934,3134,38068,292
2022-05-08,Mariposa,043,17540,2468,2438,216,2654,30
2022-05-08,Mendocino,045,87422,13359,13270,3229,16499,124
2022-05-08,Merced,047,269075,62701,62471,8869,71340,818
2022-05-08,Modoc,049,8938,746,745,255,1000,8
2022-05-08,Mono,051,14174,3004,2997,138,3135,6
2022-05-08,Monterey,053,433212,80769,80246,14605,94851,733
2022-05-08,Napa,055,140530,26758,26524,1070,27594,143
2022-05-08,Nevada,057,99092,16267,16171,1260,17431,127
2022-05-08,Orange,059,3164182,557319,554411,43332,597743,7007
2022-05-08,Placer,061,380077,64076,63577,7591,71168,625
2022-05-08,Plumas,063,18699,3004,2996,372,3368,13
2022-05-08,Riverside,065,2383286,598612,596022,28825,624847,6467
2022-05-08,Sacramento,067,1510023,286414,284564,27948,312512,3016
2022-05-08,San Benito,069,59416,13087,13047,530,13577,98
2022-05-08,San Bernardino,071,2135413,574083,570381,25524,595905,7306
2022-05-08,San Diego,073,3302833,769298,765377,54017,819394,5244
2022-05-08,San Francisco,075,870044,134940,132659,9057,141716,861
2022-05-08,San Joaquin,077,732212,168468,167568,10430,177998,2229
2022-05-08,San Luis Obispo,079,281455,53492,53273,4022,57295,477
2022-05-08,San Mateo,081,765935,129457,127615,7749,135364,709
2022-05-08,Santa Barbara,083,443738,87800,87305,4912,92217,692
2022-05-08,Santa Clara,085,1922200,328262,324946,13493,338439,2287
2022-05-08,Santa Cruz,087,273765,50397,49605,2270,51875,262
2022-05-08,Shasta,089,179085,30825,30721,6187,36908,563
2022-05-08,Sierra,091,2930,275,275,49,324,4
2022-05-08,Siskiyou,093,43540,4487,4470,2796,7266,81
2022-05-08,Solano,095,438530,83801,83038,5784,88822,450
2022-05-08,Sonoma,097,501317,87225,86150,3119,89269,488
2022-05-08,Stanislaus,099,539301,118587,118235,17818,136053,1643
2022-05-08,Sutter,101,95872,20669,20694,2176,22870,225
2022-05-08,Tehama,103,63373,12112,12098,2642,14740,201
2022-05-08,Trinity,105,12862,1188,1180,296,1476,20
2022-05-08,Tulare,107,460477,107074,106987,28941,135928,1468
2022-05-08,Tuolumne,109,53932,12871,12793,590,13383,181
2022-05-08,Ventura,111,848112,176409,175454,9935,185389,1491
2022-05-08,Yolo,113,214977,38110,37456,3350,40806,315
2022-05-08,Yuba,115,75493,16027,15964,1261,17225,122
2022-05-07,Alameda,001,1643700,268700,265198,15029,280227,1855
2022-05-07,Alpine,003,1148,125,125,1,126,0
2022-05-07,Amador,005,37829,8608,8556,672,9228,86
2022-05-07,Butte,007,227075,33379,33269,6817,40086,421
2022-05-07,Calaveras,009,45235,7376,7353,375,7728,120
2022-05-07,Colusa,011,21464,3461,3459,1077,4536,21
2022-05-07,Contra Costa,013,1133247,195827,193961,14005,207966,1302
2022-05-07,Del Norte,015,27424,5913,5884,212,6096,50
2022-05-07,El Dorado,017,186661,27225,27081,3309,30390,210
2022-05-07,Fresno,019,978130,233278,232655,24354,257009,2754
2022-05-07,Glenn,021,27897,5001,4996,1623,6619,48
2022-05-07,Humboldt,023,135768,17673,17410,3163,20573,146
2022-05-07,Imperial,025,180216,55762,55683,10944,66627,917
2022-05-07,Inyo,027,18085,4108,4087,525,4612,56
2022-05-07,Kern,029,883053,193057,192590,46830,239420,2287
2022-05-07,Kings,031,150075,51773,51702,3646,55348,447
2022-05-07,Lake,033,64148,10808,10766,910,11676,137
2022-05-07,Lassen,035,31185,8979,8978,892,9870,65
2022-05-07,Los Angeles,037,10098052,2768238,2751478,128950,2880428,31738
2022-05-07,Madera,039,155013,37565,37420,6192,43612,365
2022-05-07,Marin,041,260295,35442,34934,3101,38035,292
2022-05-07,Mariposa,043,17540,2465,2438,216,2654,30
2022-05-07,Mendocino,045,87422,13350,13270,3226,16496,124
2022-05-07,Merced,047,269075,62688,62471,8868,71339,818
2022-05-07,Modoc,049,8938,746,745,255,1000,8
2022-05-07,Mono,051,14174,3003,2997,138,3135,6
2022-05-07,Monterey,053,433212,80709,80246,14580,94826,733
2022-05-07,Napa,055,140530,26727,26524,1069,27593,143
2022-05-07,Nevada,057,99092,16257,16171,1255,17426,127
2022-05-07,Orange,059,3164182,556992,554411,43277,597688,7007
2022-05-07,Placer,061,380077,64013,63577,7586,71163,625
2022-05-07,Plumas,063,18699,3004,2996,371,3367,13
2022-05-07,Riverside,065,2383286,598358,596022,28795,624817,6467
2022-05-07,Sacramento,067,1510023,286222,284564,27935,312499,3016
2022-05-07,San Benito,069,59416,13078,13047,530,13577,98
2022-05-07,San Bernardino,071,2135413,573874,570381,25519,595900,7306
2022-05-07,San Diego,073,3302833,768816,765377,53987,819364,5244
2022-05-07,San Francisco,075,870044,134605,132659,9037,141696,861
2022-05-07,San Joaquin,077,732212,168363,167568,10422,177990,2229
2022-05-07,San Luis Obispo,079,281455,53480,53273,4012,57285,477
2022-05-07,San Mateo,081,765935,129172,127615,7736,135351,709
2022-05-07,Santa Barbara,083,443738,87723,87305,4910,92215,692
2022-05-07,Santa Clara,085,1922200,327644,324946,13471,338417,2287
2022-05-07,Santa Cruz,087,273765,50345,49605,2259,51864,262
2022-05-07,Shasta,089,179085,30817,30721,6187,36908,563
2022-05-07,Sierra,091,2930,275,275,49,324,4
2022-05-07,Siskiyou,093,43540,4485,4470,2795,7265,81
2022-05-07,Solano,095,438530,83745,83038,5779,88817,450
2022-05-07,Sonoma,097,501317,87101,86150,3109,89259,488
2022-05-07,Stanislaus,099,539301,118539,118235,17811,136046,1643
2022-05-07,Sutter,101,95872,20660,20694,2176,22870,225
2022-05-07,Tehama,103,63373,12110,12098,2641,14739,201
2022-05-07,Trinity,105,12862,1188,1180,296,1476,20
2022-05-07,Tulare,107,460477,107051,106987,28928,135915,1468
2022-05-07,Tuolumne,109,53932,12864,12793,590,13383,181
2022-05-07,Ventura,111,848112,176299,175454,9908,185362,1491
2022-05-07,Yolo,113,214977,38065,37456,3348,40804,315
2022-05-07,Yuba,115,75493,16018,15964,1260,17224,122
2022-05-06,Alameda,001,1643700,268321,265198,15012,280210,1855
2022-05-06,Alpine,003,1148,125,125,1,126,0
2022-05-06,Amador,005,37829,8608,8556,671,9227,86
2022-05-06,Butte,007,227075,33370,33269,6815,40084,421
2022-05-06,Calaveras,009,45235,7373,7353,375,7728,120
2022-05-06,Colusa,011,21464,3461,3459,1077,4536,21
2022-05-06,Contra Costa,013,1133247,195601,193961,13993,207954,1302
2022-05-06,Del Norte,015,27424,5904,5884,212,6096,50
2022-05-06,El Dorado,017,186661,27201,27081,3307,30388,210
2022-05-06,Fresno,019,978130,233201,232655,24346,257001,2754
2022-05-06,Glenn,021,27897,5001,4996,1623,6619,48
2022-05-06,Humboldt,023,135768,17646,17410,3160,20570,146
2022-05-06,Imperial,025,180216,55753,55683,10939,66622,917
2022-05-06,Inyo,027,18085,4098,4087,522,4609,56
2022-05-06,Kern,029,883053,193007,192590,46804,239394,2287
2022-05-06,Kings,031,150075,51765,51702,3646,55348,447
2022-05-06,Lake,033,64148,10806,10766,910,11676,137
2022-05-06,Lassen,035,31185,8979,8978,892,9870,65
2022-05-06,Los Angeles,037,10098052,2766420,2751478,128815,2880293,31738
2022-05-06,Madera,039,155013,37552,37420,6189,43609,365
2022-05-06,Marin,041,260295,35366,34934,3053,37987,292
2022-05-06,Mariposa,043,17540,2463,2438,211,2649,30
2022-05-06,Mendocino,045,87422,13338,13270,3224,16494,124
2022-05-06,Merced,047,269075,62669,62471,8867,71338,818
2022-05-06,Modoc,049,8938,746,745,255,1000,8
2022-05-06,Mono,051,14174,3002,2997,138,3135,6
2022-05-06,Monterey,053,433212,80668,80246,14544,94790,733
2022-05-06,Napa,055,140530,26709,26524,1069,27593,143
2022-05-06,Nevada,057,99092,16245,16171,1252,17423,127
2022-05-06,Orange,059,3164182,556647,554411,43208,597619,7007
2022-05-06,Placer,061,380077,63953,63577,7573,71150,625
2022-05-06,Plumas,063,18699,3002,2996,371,3367,13
2022-05-06,Riverside,065,2383286,598126,596022,28773,624795,6467
2022-05-06,Sacramento,067,1510023,285969,284564,27915,312479,3016
2022-05-06,San Benito,069,59416,13074,13047,530,13577,98
2022-05-06,San Bernardino,071,2135413,573696,570381,25515,595896,7306
2022-05-06,San Diego,073,3302833,768306,765377,53961,819338,5244
2022-05-06,San Francisco,075,870044,134279,132659,9010,141669,861
2022-05-06,San Joaquin,077,732212,168272,167568,10411,177979,2229
2022-05-06,San Luis Obispo,079,281455,53456,53273,4007,57280,477
2022-05-06,San Mateo,081,765935,128944,127615,7728,135343,709
2022-05-06,Santa Barbara,083,443738,87669,87305,4908,92213,692
2022-05-06,Santa Clara,085,1922200,327041,324946,13456,338402,2287
2022-05-06,Santa Cruz,087,273765,50280,49605,2255,51860,262
2022-05-06,Shasta,089,179085,30811,30721,6186,36907,563
2022-05-06,Sierra,091,2930,275,275,49,324,4
2022-05-06,Siskiyou,093,43540,4483,4470,2792,7262,81
2022-05-06,Solano,095,438530,83658,83038,5771,88809,450
2022-05-06,Sonoma,097,501317,86976,86150,3094,89244,488
2022-05-06,Stanislaus,099,539301,118482,118235,17804,136039,1643
2022-05-06,Sutter,101,95872,20654,20694,2176,22870,225
2022-05-06,Tehama,103,63373,12105,12098,2641,14739,201
2022-05-06,Trinity,105,12862,1187,1180,296,1476,20
2022-05-06,Tulare,107,460477,107033,106987,28916,135903,1468
2022-05-06,Tuolumne,109,53932,12856,12793,589,13382,181
2022-05-06,Ventura,111,848112,176183,175454,9881,185335,1491
2022-05-06,Yolo,113,214977,38019,37456,3344,40800,315
2022-05-06,Yuba,115,75493,16007,15964,1259,17223,122
2022-05-05,Alameda,001,1643700,267733,265198,14969,280167,1855
2022-05-05,Alpine,003,1148,125,125,1,126,0
2022-05-05,Amador,005,37829,8606,8556,670,9226,86
2022-05-05,Butte,007,227075,33351,33269,6811,40080,421
2022-05-05,Calaveras,009,45235,7370,7353,372,7725,120
2022-05-05,Colusa,011,21464,3461,3459,1074,4533,21
2022-05-05,Contra Costa,013,1133247,195212,193961,13955,207916,1302
2022-05-05,Del Norte,015,27424,5903,5884,212,6096,50
2022-05-05,El Dorado,017,186661,27176,27081,3302,30383,210
2022-05-05,Fresno,019,978130,233100,232655,24329,256984,2754
2022-05-05,Glenn,021,27897,5001,4996,1623,6619,48
2022-05-05,Humboldt,023,135768,17609,17410,3146,20556,146
2022-05-05,Imperial,025,180216,55746,55683,10928,66611,917
2022-05-05,Inyo,027,18085,4094,4087,521,4608,56
2022-05-05,Kern,029,883053,192951,192590,46766,239356,2287
2022-05-05,Kings,031,150075,51757,51702,3646,55348,447
2022-05-05,Lake,033,64148,10802,10766,910,11676,137
2022-05-05,Lassen,035,31185,8979,8978,892,9870,65
2022-05-05,Los Angeles,037,10098052,2763830,2751478,128593,2880071,31738
2022-05-05,Madera,039,155013,37534,37420,6184,43604,365
2022-05-05,Marin,041,260295,35254,34934,3028,37962,292
2022-05-05,Mariposa,043,17540,2462,2438,211,2649,30
2022-05-05,Mendocino,045,87422,13327,13270,3215,16485,124
2022-05-05,Merced,047,269075,62636,62471,8862,71333,818
2022-05-05,Modoc,049,8938,746,745,253,998,8
2022-05-05,Mono,051,14174,3002,2997,137,3134,6
2022-05-05,Monterey,053,433212,80615,80246,14515,94761,733
2022-05-05,Napa,055,140530,26677,26524,1068,27592,143
2022-05-05,Nevada,057,99092,16234,16171,1250,17421,127
2022-05-05,Orange,059,3164182,556135,554411,43149,597560,7007
2022-05-05,Placer,061,380077,63893,63577,7565,71142,625
2022-05-05,Plumas,063,18699,3001,2996,371,3367,13
2022-05-05,Riverside,065,2383286,597788,596022,28745,624767,6467
2022-05-05,Sacramento,067,1510023,285630,284564,27858,312422,3016
2022-05-05,San Benito,069,59416,13063,13047,530,13577,98
2022-05-05,San Bernardino,071,2135413,573402,570381,25501,595882,7306
2022-05-05,San Diego,073,3302833,767577,765377,53900,819277,5244
2022-05-05,San Francisco,075,870044,133867,132659,8975,141634,861
2022-05-05,San Joaquin,077,732212,168179,167568,10380,177948,2229
2022-05-05,San Luis Obispo,079,281455,53419,53273,3990,57263,477
2022-05-05,San Mateo,081,765935,128606,127615,7699,135314,709
2022-05-05,Santa Barbara,083,443738,87593,87305,4903,92208,692
2022-05-05,Santa Clara,085,1922200,326243,324946,13395,338341,2287
2022-05-05,Santa Cruz,087,273765,50183,49605,2251,51856,262
2022-05-05,Shasta,089,179085,30801,30721,6185,36906,563
2022-05-05,Sierra,091,2930,275,275,49,324,4
2022-05-05,Siskiyou,093,43540,4482,4470,2792,7262,81
2022-05-05,Solano,095,438530,83538,83038,5753,88791,450
2022-05-05,Sonoma,097,501317,86800,86150,3076,89226,488
2022-05-05,Stanislaus,099,539301,118424,118235,17789,136024,1643
2022-05-05,Sutter,101,95872,20652,20694,2174,22868,225
2022-05-05,Tehama,103,63373,12101,12098,2639,14737,201
2022-05-05,Trinity,105,12862,1187,1180,296,1476,20
2022-05-05,Tulare,107,460477,107001,106987,28897,135884,1468
2022-05-05,Tuolumne,109,53932,12838,12793,587,13380,181
2022-05-05,Ventura,111,848112,176000,175454,9839,185293,1491
2022-05-05,Yolo,113,214977,37948,37456,3333,40789,315
2022-05-05,Yuba,115,75493,15997,15964,1256,17220,122
2022-05-04,Alameda,001,1643700,267069,263736,14929,278665,1850
2022-05-04,Alpine,003,1148,125,124,1,125,0
2022-05-04,Amador,005,37829,8603,8546,669,9215,86
2022-05-04,Butte,007,227075,33333,33220,6804,40024,417
2022-05-04,Calaveras,009,45235,7365,7344,372,7716,120
2022-05-04,Colusa,011,21464,3460,3460,1074,4534,21
2022-05-04,Contra Costa,013,1133247,194849,193175,13904,207079,1302
2022-05-04,Del Norte,015,27424,5895,5866,212,6078,50
2022-05-04,El Dorado,017,186661,27150,27021,3297,30318,210
2022-05-04,Fresno,019,978130,232984,232332,24319,256651,2751
2022-05-04,Glenn,021,27897,4999,4995,1623,6618,48
2022-05-04,Humboldt,023,135768,17569,17316,3137,20453,146
2022-05-04,Imperial,025,180216,55724,55548,10917,66465,910
2022-05-04,Inyo,027,18085,4094,4085,518,4603,56
2022-05-04,Kern,029,883053,192888,192432,46728,239160,2281
2022-05-04,Kings,031,150075,51740,51663,3644,55307,447
2022-05-04,Lake,033,64148,10797,10758,910,11668,137
2022-05-04,Lassen,035,31185,8978,8972,890,9862,65
2022-05-04,Los Angeles,037,10098052,2761059,2744894,128408,2873302,31722
2022-05-04,Madera,039,155013,37511,37395,6175,43570,365
2022-05-04,Marin,041,260295,35169,34727,3006,37733,291
2022-05-04,Mariposa,043,17540,2456,2435,207,2642,30
2022-05-04,Mendocino,045,87422,13319,13247,3207,16454,123
2022-05-04,Merced,047,269075,62610,62419,8852,71271,818
2022-05-04,Modoc,049,8938,746,746,253,999,8
2022-05-04,Mono,051,14174,3001,2993,135,3128,6
2022-05-04,Monterey,053,433212,80554,80038,14493,94531,732
2022-05-04,Napa,055,140530,26639,26434,1064,27498,143
2022-05-04,Nevada,057,99092,16218,16136,1247,17383,127
2022-05-04,Orange,059,3164182,555545,553177,43072,596249,7006
2022-05-04,Placer,061,380077,63813,63410,7560,70970,625
2022-05-04,Plumas,063,18699,2999,2947,371,3318,13
2022-05-04,Riverside,065,2383286,597454,594981,28718,623699,6457
2022-05-04,Sacramento,067,1510023,285301,283939,27817,311756,3013
2022-05-04,San Benito,069,59416,13053,13019,529,13548,98
2022-05-04,San Bernardino,071,2135413,573148,569570,25489,595059,7240
2022-05-04,San Diego,073,3302833,766840,763453,53819,817272,5239
2022-05-04,San Francisco,075,870044,133459,131599,8956,140555,860
2022-05-04,San Joaquin,077,732212,168074,167280,10349,177629,2225
2022-05-04,San Luis Obispo,079,281455,53376,53156,3979,57135,477
2022-05-04,San Mateo,081,765935,128283,126800,7669,134469,710
2022-05-04,Santa Barbara,083,443738,87489,87058,4889,91947,688
2022-05-04,Santa Clara,085,1922200,325440,322805,13336,336141,2285
2022-05-04,Santa Cruz,087,273765,50068,49230,2248,51478,262
2022-05-04,Shasta,089,179085,30785,30681,6182,36863,556
2022-05-04,Sierra,091,2930,275,275,49,324,4
2022-05-04,Siskiyou,093,43540,4478,4463,2789,7252,81
2022-05-04,Solano,095,438530,83394,82796,5743,88539,449
2022-05-04,Sonoma,097,501317,86626,85694,3054,88748,488
2022-05-04,Stanislaus,099,539301,118364,118123,17779,135902,1643
2022-05-04,Sutter,101,95872,20641,20672,2172,22844,224
2022-05-04,Tehama,103,63373,12099,12090,2636,14726,201
2022-05-04,Trinity,105,12862,1187,1180,296,1476,20
2022-05-04,Tulare,107,460477,106983,106935,28881,135816,1464
2022-05-04,Tuolumne,109,53932,12831,12757,586,13343,181
2022-05-04,Ventura,111,848112,175835,175066,9802,184868,1486
2022-05-04,Yolo,113,214977,37878,37344,3327,40671,315
2022-05-04,Yuba,115,75493,15988,15940,1254,17194,122
2022-05-03,Alameda,001,1643700,266459,263736,14883,278619,1850
2022-05-03,Alpine,003,1148,125,124,1,125,0
2022-05-03,Amador,005,37829,8600,8546,669,9215,86
2022-05-03,Butte,007,227075,33317,33220,6800,40020,417
2022-05-03,Calaveras,009,45235,7358,7344,370,7714,120
2022-05-03,Colusa,011,21464,3459,3460,1074,4534,21
2022-05-03,Contra Costa,013,1133247,194459,193175,13875,207050,1302
2022-05-03,Del Norte,015,27424,5889,5866,210,6076,50
2022-05-03,El Dorado,017,186661,27128,27021,3293,30314,210
2022-05-03,Fresno,019,978130,232873,232332,24303,256635,2751
2022-05-03,Glenn,021,27897,4998,4995,1623,6618,48
2022-05-03,Humboldt,023,135768,17533,17316,3122,20438,146
2022-05-03,Imperial,025,180216,55701,55548,10910,66458,910
2022-05-03,Inyo,027,18085,4092,4085,518,4603,56
2022-05-03,Kern,029,883053,192808,192432,46696,239128,2281
2022-05-03,Kings,031,150075,51728,51663,3644,55307,447
2022-05-03,Lake,033,64148,10792,10758,910,11668,137
2022-05-03,Lassen,035,31185,8978,8972,890,9862,65
2022-05-03,Los Angeles,037,10098052,2758009,2744894,128186,2873080,31722
2022-05-03,Madera,039,155013,37482,37395,6170,43565,365
2022-05-03,Marin,041,260295,35060,34727,2984,37711,291
2022-05-03,Mariposa,043,17540,2448,2435,207,2642,30
2022-05-03,Mendocino,045,87422,13304,13247,3192,16439,123
2022-05-03,Merced,047,269075,62582,62419,8833,71252,818
2022-05-03,Modoc,049,8938,745,746,253,999,8
2022-05-03,Mono,051,14174,2998,2993,134,3127,6
2022-05-03,Monterey,053,433212,80502,80038,14461,94499,732
2022-05-03,Napa,055,140530,26602,26434,1057,27491,143
2022-05-03,Nevada,057,99092,16207,16136,1247,17383,127
2022-05-03,Orange,059,3164182,555019,553177,42992,596169,7006
2022-05-03,Placer,061,380077,63719,63410,7546,70956,625
2022-05-03,Plumas,063,18699,2995,2947,371,3318,13
2022-05-03,Riverside,065,2383286,597086,594981,28694,623675,6457
2022-05-03,Sacramento,067,1510023,284991,283939,27764,311703,3013
2022-05-03,San Benito,069,59416,13039,13019,528,13547,98
2022-05-03,San Bernardino,071,2135413,572881,569570,25476,595046,7240
2022-05-03,San Diego,073,3302833,766006,763453,53732,817185,5239
2022-05-03,San Francisco,075,870044,132984,131599,8923,140522,860
2022-05-03,San Joaquin,077,732212,167992,167280,10318,177598,2225
2022-05-03,San Luis Obispo,079,281455,53328,53156,3968,57124,477
2022-05-03,San Mateo,081,765935,127936,126800,7631,134431,710
2022-05-03,Santa Barbara,083,443738,87399,87058,4888,91946,688
2022-05-03,Santa Clara,085,1922200,324624,322805,13281,336086,2285
2022-05-03,Santa Cruz,087,273765,49978,49230,2243,51473,262
2022-05-03,Shasta,089,179085,30766,30681,6181,36862,556
2022-05-03,Sierra,091,2930,275,275,49,324,4
2022-05-03,Siskiyou,093,43540,4477,4463,2789,7252,81
2022-05-03,Solano,095,438530,83212,82796,5736,88532,449
2022-05-03,Sonoma,097,501317,86448,85694,3029,88723,488
2022-05-03,Stanislaus,099,539301,118312,118123,17769,135892,1643
2022-05-03,Sutter,101,95872,20636,20672,2170,22842,224
2022-05-03,Tehama,103,63373,12095,12090,2635,14725,201
2022-05-03,Trinity,105,12862,1187,1180,296,1476,20
2022-05-03,Tulare,107,460477,106955,106935,28866,135801,1464
2022-05-03,Tuolumne,109,53932,12816,12757,586,13343,181
2022-05-03,Ventura,111,848112,175667,175066,9765,184831,1486
2022-05-03,Yolo,113,214977,37816,37344,3325,40669,315
2022-05-03,Yuba,115,75493,15977,15940,1246,17186,122
2022-05-02,Alameda,001,1643700,265828,263736,14843,278579,1850
2022-05-02,Alpine,003,1148,125,124,1,125,0
2022-05-02,Amador,005,37829,8597,8546,666,9212,86
2022-05-02,Butte,007,227075,33295,33220,6799,40019,417
2022-05-02,Calaveras,009,45235,7357,7344,369,7713,120
2022-05-02,Colusa,011,21464,3459,3460,1074,4534,21
2022-05-02,Contra Costa,013,1133247,194089,193175,13839,207014,1302
2022-05-02,Del Norte,015,27424,5884,5866,204,6070,50
2022-05-02,El Dorado,017,186661,27104,27021,3288,30309,210
2022-05-02,Fresno,019,978130,232766,232332,24274,256606,2751
2022-05-02,Glenn,021,27897,4996,4995,1623,6618,48
2022-05-02,Humboldt,023,135768,17482,17316,3107,20423,146
2022-05-02,Imperial,025,180216,55688,55548,10903,66451,910
2022-05-02,Inyo,027,18085,4091,4085,516,4601,56
2022-05-02,Kern,029,883053,192725,192432,46668,239100,2281
2022-05-02,Kings,031,150075,51712,51663,3644,55307,447
2022-05-02,Lake,033,64148,10788,10758,910,11668,137
2022-05-02,Lassen,035,31185,8977,8972,890,9862,65
2022-05-02,Los Angeles,037,10098052,2754984,2744894,127978,2872872,31722
2022-05-02,Madera,039,155013,37465,37395,6163,43558,365
2022-05-02,Marin,041,260295,34935,34727,2961,37688,291
2022-05-02,Mariposa,043,17540,2443,2435,207,2642,30
2022-05-02,Mendocino,045,87422,13287,13247,3180,16427,123
2022-05-02,Merced,047,269075,62553,62419,8826,71245,818
2022-05-02,Modoc,049,8938,744,746,253,999,8
2022-05-02,Mono,051,14174,2996,2993,133,3126,6
2022-05-02,Monterey,053,433212,80424,80038,14422,94460,732
2022-05-02,Napa,055,140530,26565,26434,1055,27489,143
2022-05-02,Nevada,057,99092,16189,16136,1245,17381,127
2022-05-02,Orange,059,3164182,554474,553177,42897,596074,7006
2022-05-02,Placer,061,380077,63662,63410,7539,70949,625
2022-05-02,Plumas,063,18699,2995,2947,371,3318,13
2022-05-02,Riverside,065,2383286,596691,594981,28663,623644,6457
2022-05-02,Sacramento,067,1510023,284685,283939,27722,311661,3013
2022-05-02,San Benito,069,59416,13027,13019,528,13547,98
2022-05-02,San Bernardino,071,2135413,572597,569570,25458,595028,7240
2022-05-02,San Diego,073,3302833,765141,763453,53649,817102,5239
2022-05-02,San Francisco,075,870044,132533,131599,8892,140491,860
2022-05-02,San Joaquin,077,732212,167876,167280,10306,177586,2225
2022-05-02,San Luis Obispo,079,281455,53275,53156,3956,57112,477
2022-05-02,San Mateo,081,765935,127612,126800,7618,134418,710
2022-05-02,Santa Barbara,083,443738,87292,87058,4884,91942,688
2022-05-02,Santa Clara,085,1922200,323719,322805,13232,336037,2285
2022-05-02,Santa Cruz,087,273765,49849,49230,2239,51469,262
2022-05-02,Shasta,089,179085,30747,30681,6180,36861,556
2022-05-02,Sierra,091,2930,275,275,49,324,4
2022-05-02,Siskiyou,093,43540,4474,4463,2787,7250,81
2022-05-02,Solano,095,438530,83081,82796,5727,88523,449
2022-05-02,Sonoma,097,501317,86269,85694,3014,88708,488
2022-05-02,Stanislaus,099,539301,118238,118123,17755,135878,1643
2022-05-02,Sutter,101,95872,20629,20672,2169,22841,224
2022-05-02,Tehama,103,63373,12090,12090,2632,14722,201
2022-05-02,Trinity,105,12862,1186,1180,296,1476,20
2022-05-02,Tulare,107,460477,106930,106935,28846,135781,1464
2022-05-02,Tuolumne,109,53932,12810,12757,586,13343,181
2022-05-02,Ventura,111,848112,175503,175066,9736,184802,1486
2022-05-02,Yolo,113,214977,37743,37344,3319,40663,315
2022-05-02,Yuba,115,75493,15972,15940,1243,17183,122
2022-05-01,Alameda,001,1643700,265129,262027,14789,276816,1851
2022-05-01,Alpine,003,1148,125,124,1,125,0
2022-05-01,Amador,005,37829,8597,8533,666,9199,86
2022-05-01,Butte,007,227075,33268,33172,6792,39964,418
2022-05-01,Calaveras,009,45235,7353,7328,364,7692,120
2022-05-01,Colusa,011,21464,3459,3457,1074,4531,21
2022-05-01,Contra Costa,013,1133247,193709,192136,13777,205913,1301
2022-05-01,Del Norte,015,27424,5876,5841,204,6045,50
2022-05-01,El Dorado,017,186661,27073,26946,3284,30230,210
2022-05-01,Fresno,019,978130,232662,232067,24255,256322,2748
2022-05-01,Glenn,021,27897,4996,4995,1623,6618,48
2022-05-01,Humboldt,023,135768,17419,17194,3087,20281,145
2022-05-01,Imperial,025,180216,55664,55503,10898,66401,910
2022-05-01,Inyo,027,18085,4090,4084,515,4599,56
2022-05-01,Kern,029,883053,192664,192250,46621,238871,2265
2022-05-01,Kings,031,150075,51690,51640,3640,55280,447
2022-05-01,Lake,033,64148,10781,10742,908,11650,137
2022-05-01,Lassen,035,31185,8977,8966,890,9856,65
2022-05-01,Los Angeles,037,10098052,2751989,2736900,127747,2864647,31712
2022-05-01,Madera,039,155013,37447,37360,6153,43513,365
2022-05-01,Marin,041,260295,34848,34519,2928,37447,291
2022-05-01,Mariposa,043,17540,2442,2430,207,2637,30
2022-05-01,Mendocino,045,87422,13268,13219,3162,16381,123
2022-05-01,Merced,047,269075,62523,62357,8811,71168,818
2022-05-01,Modoc,049,8938,744,745,253,998,8
2022-05-01,Mono,051,14174,2993,2989,131,3120,6
2022-05-01,Monterey,053,433212,80341,79881,14381,94262,731
2022-05-01,Napa,055,140530,26519,26319,1051,27370,143
2022-05-01,Nevada,057,99092,16169,16100,1243,17343,127
2022-05-01,Orange,059,3164182,553918,551822,42798,594620,6998
2022-05-01,Placer,061,380077,63587,63273,7531,70804,625
2022-05-01,Plumas,063,18699,2994,2946,371,3317,13
2022-05-01,Riverside,065,2383286,596224,593965,28627,622592,6457
2022-05-01,Sacramento,067,1510023,284357,283048,27658,310706,3007
2022-05-01,San Benito,069,59416,13019,12988,526,13514,98
2022-05-01,San Bernardino,071,2135413,572280,568758,25444,594202,7191
2022-05-01,San Diego,073,3302833,764261,761253,53561,814814,5238
2022-05-01,San Francisco,075,870044,132046,130241,8863,139104,860
2022-05-01,San Joaquin,077,732212,167733,167028,10269,177297,2225
2022-05-01,San Luis Obispo,079,281455,53203,53040,3939,56979,477
2022-05-01,San Mateo,081,765935,127245,125807,7582,133389,705
2022-05-01,Santa Barbara,083,443738,87190,86768,4876,91644,688
2022-05-01,Santa Clara,085,1922200,322780,320709,13176,333885,2281
2022-05-01,Santa Cruz,087,273765,49697,48798,2232,51030,262
2022-05-01,Shasta,089,179085,30729,30649,6178,36827,554
2022-05-01,Sierra,091,2930,275,274,49,323,4
2022-05-01,Siskiyou,093,43540,4473,4458,2781,7239,81
2022-05-01,Solano,095,438530,82962,82459,5714,88173,449
2022-05-01,Sonoma,097,501317,86067,85290,2968,88258,488
2022-05-01,Stanislaus,099,539301,118180,117943,17739,135682,1643
2022-05-01,Sutter,101,95872,20621,20644,2162,22806,224
2022-05-01,Tehama,103,63373,12089,12078,2631,14709,202
2022-05-01,Trinity,105,12862,1186,1179,296,1475,20
2022-05-01,Tulare,107,460477,106896,106856,28825,135681,1458
2022-05-01,Tuolumne,109,53932,12792,12713,581,13294,181
2022-05-01,Ventura,111,848112,175331,174679,9685,184364,1486
2022-05-01,Yolo,113,214977,37687,37173,3307,40480,314
2022-05-01,Yuba,115,75493,15962,15917,1239,17156,121
2022-04-30,Alameda,001,1643700,264737,262027,14774,276801,1851
2022-04-30,Alpine,003,1148,125,124,1,125,0
2022-04-30,Amador,005,37829,8595,8533,666,9199,86
2022-04-30,Butte,007,227075,33263,33172,6787,39959,418
2022-04-30,Calaveras,009,45235,7349,7328,364,7692,120
2022-04-30,Colusa,011,21464,3458,3457,1074,4531,21
2022-04-30,Contra Costa,013,1133247,193468,192136,13768,205904,1301
2022-04-30,Del Norte,015,27424,5871,5841,204,6045,50
2022-04-30,El Dorado,017,186661,27055,26946,3280,30226,210
2022-04-30,Fresno,019,978130,232617,232067,24248,256315,2748
2022-04-30,Glenn,021,27897,4995,4995,1623,6618,48
2022-04-30,Humboldt,023,135768,17377,17194,3082,20276,145
2022-04-30,Imperial,025,180216,55651,55503,10896,66399,910
2022-04-30,Inyo,027,18085,4090,4084,515,4599,56
2022-04-30,Kern,029,883053,192628,192250,46601,238851,2265
2022-04-30,Kings,031,150075,51685,51640,3639,55279,447
2022-04-30,Lake,033,64148,10778,10742,908,11650,137
2022-04-30,Lassen,035,31185,8977,8966,890,9856,65
2022-04-30,Los Angeles,037,10098052,2750639,2736900,127575,2864475,31712
2022-04-30,Madera,039,155013,37436,37360,6152,43512,365
2022-04-30,Marin,041,260295,34802,34519,2896,37415,291
2022-04-30,Mariposa,043,17540,2440,2430,206,2636,30
2022-04-30,Mendocino,045,87422,13263,13219,3162,16381,123
2022-04-30,Merced,047,269075,62509,62357,8809,71166,818
2022-04-30,Modoc,049,8938,744,745,253,998,8
2022-04-30,Mono,051,14174,2993,2989,131,3120,6
2022-04-30,Monterey,053,433212,80275,79881,14362,94243,731
2022-04-30,Napa,055,140530,26496,26319,1050,27369,143
2022-04-30,Nevada,057,99092,16156,16100,1242,17342,127
2022-04-30,Orange,059,3164182,553658,551822,42758,594580,6998
2022-04-30,Placer,061,380077,63542,63273,7525,70798,625
2022-04-30,Plumas,063,18699,2991,2946,371,3317,13
2022-04-30,Riverside,065,2383286,595990,593965,28606,622571,6457
2022-04-30,Sacramento,067,1510023,284237,283048,27645,310693,3007
2022-04-30,San Benito,069,59416,13016,12988,526,13514,98
2022-04-30,San Bernardino,071,2135413,572109,568758,25432,594190,7191
2022-04-30,San Diego,073,3302833,763891,761253,53533,814786,5238
2022-04-30,San Francisco,075,870044,131765,130241,8838,139079,860
2022-04-30,San Joaquin,077,732212,167678,167028,10264,177292,2225
2022-04-30,San Luis Obispo,079,281455,53192,53040,3936,56976,477
2022-04-30,San Mateo,081,765935,127030,125807,7563,133370,705
2022-04-30,Santa Barbara,083,443738,87135,86768,4873,91641,688
2022-04-30,Santa Clara,085,1922200,322211,320709,13151,333860,2281
2022-04-30,Santa Cruz,087,273765,49652,48798,2232,51030,262
2022-04-30,Shasta,089,179085,30724,30649,6176,36825,554
2022-04-30,Sierra,091,2930,275,274,49,323,4
2022-04-30,Siskiyou,093,43540,4471,4458,2780,7238,81
2022-04-30,Solano,095,438530,82945,82459,5713,88172,449
2022-04-30,Sonoma,097,501317,85953,85290,2957,88247,488
2022-04-30,Stanislaus,099,539301,118153,117943,17734,135677,1643
2022-04-30,Sutter,101,95872,20616,20644,2162,22806,224
2022-04-30,Tehama,103,63373,12085,12078,2629,14707,202
2022-04-30,Trinity,105,12862,1186,1179,296,1475,20
2022-04-30,Tulare,107,460477,106878,106856,28812,135668,1458
2022-04-30,Tuolumne,109,53932,12784,12713,581,13294,181
2022-04-30,Ventura,111,848112,175246,174679,9653,184332,1486
2022-04-30,Yolo,113,214977,37640,37173,3307,40480,314
2022-04-30,Yuba,115,75493,15955,15917,1238,17155,121
2022-04-29,Alameda,001,1643700,264422,262027,14762,276789,1851
2022-04-29,Alpine,003,1148,124,124,1,125,0
2022-04-29,Amador,005,37829,8588,8533,666,9199,86
2022-04-29,Butte,007,227075,33259,33172,6781,39953,418
2022-04-29,Calaveras,009,45235,7347,7328,364,7692,120
2022-04-29,Colusa,011,21464,3457,3457,1074,4531,21
2022-04-29,Contra Costa,013,1133247,193278,192136,13755,205891,1301
2022-04-29,Del Norte,015,27424,5867,5841,204,6045,50
2022-04-29,El Dorado,017,186661,27043,26946,3278,30224,210
2022-04-29,Fresno,019,978130,232566,232067,24244,256311,2748
2022-04-29,Glenn,021,27897,4995,4995,1623,6618,48
2022-04-29,Humboldt,023,135768,17352,17194,3076,20270,145
2022-04-29,Imperial,025,180216,55635,55503,10895,66398,910
2022-04-29,Inyo,027,18085,4090,4084,513,4597,56
2022-04-29,Kern,029,883053,192601,192250,46589,238839,2265
2022-04-29,Kings,031,150075,51680,51640,3639,55279,447
2022-04-29,Lake,033,64148,10777,10742,908,11650,137
2022-04-29,Lassen,035,31185,8976,8966,890,9856,65
2022-04-29,Los Angeles,037,10098052,2749326,2736900,127432,2864332,31712
2022-04-29,Madera,039,155013,37426,37360,6152,43512,365
2022-04-29,Marin,041,260295,34737,34519,2876,37395,291
2022-04-29,Mariposa,043,17540,2438,2430,206,2636,30
2022-04-29,Mendocino,045,87422,13259,13219,3161,16380,123
2022-04-29,Merced,047,269075,62497,62357,8808,71165,818
2022-04-29,Modoc,049,8938,744,745,253,998,8
2022-04-29,Mono,051,14174,2993,2989,131,3120,6
2022-04-29,Monterey,053,433212,80242,79881,14347,94228,731
2022-04-29,Napa,055,140530,26468,26319,1049,27368,143
2022-04-29,Nevada,057,99092,16149,16100,1241,17341,127
2022-04-29,Orange,059,3164182,553391,551822,42711,594533,6998
2022-04-29,Placer,061,380077,63514,63273,7518,70791,625
2022-04-29,Plumas,063,18699,2990,2946,371,3317,13
2022-04-29,Riverside,065,2383286,595765,593965,28585,622550,6457
2022-04-29,Sacramento,067,1510023,284089,283048,27638,310686,3007
2022-04-29,San Benito,069,59416,13011,12988,526,13514,98
2022-04-29,San Bernardino,071,2135413,571952,568758,25424,594182,7191
2022-04-29,San Diego,073,3302833,763471,761253,53515,814768,5238
2022-04-29,San Francisco,075,870044,131542,130241,8817,139058,860
2022-04-29,San Joaquin,077,732212,167622,167028,10259,177287,2225
2022-04-29,San Luis Obispo,079,281455,53177,53040,3931,56971,477
2022-04-29,San Mateo,081,765935,126831,125807,7548,133355,705
2022-04-29,Santa Barbara,083,443738,87096,86768,4871,91639,688
2022-04-29,Santa Clara,085,1922200,321706,320709,13120,333829,2281
2022-04-29,Santa Cruz,087,273765,49596,48798,2228,51026,262
2022-04-29,Shasta,089,179085,30722,30649,6175,36824,554
2022-04-29,Sierra,091,2930,275,274,49,323,4
2022-04-29,Siskiyou,093,43540,4470,4458,2780,7238,81
2022-04-29,Solano,095,438530,82888,82459,5707,88166,449
2022-04-29,Sonoma,097,501317,85844,85290,2946,88236,488
2022-04-29,Stanislaus,099,539301,118131,117943,17729,135672,1643
2022-04-29,Sutter,101,95872,20609,20644,2161,22805,224
2022-04-29,Tehama,103,63373,12083,12078,2629,14707,202
2022-04-29,Trinity,105,12862,1186,1179,296,1475,20
2022-04-29,Tulare,107,460477,106860,106856,28796,135652,1458
2022-04-29,Tuolumne,109,53932,12777,12713,579,13292,181
2022-04-29,Ventura,111,848112,175172,174679,9629,184308,1486
2022-04-29,Yolo,113,214977,37608,37173,3304,40477,314
2022-04-29,Yuba,115,75493,15950,15917,1238,17155,121
2022-04-28,Alameda,001,1643700,263982,262027,14725,276752,1851
2022-04-28,Alpine,003,1148,124,124,1,125,0
2022-04-28,Amador,005,37829,8585,8533,666,9199,86
2022-04-28,Butte,007,227075,33250,33172,6777,39949,418
2022-04-28,Calaveras,009,45235,7343,7328,364,7692,120
2022-04-28,Colusa,011,21464,3456,3457,1074,4531,21
2022-04-28,Contra Costa,013,1133247,193019,192136,13723,205859,1301
2022-04-28,Del Norte,015,27424,5863,5841,204,6045,50
2022-04-28,El Dorado,017,186661,27021,26946,3275,30221,210
2022-04-28,Fresno,019,978130,232507,232067,24234,256301,2748
2022-04-28,Glenn,021,27897,4992,4995,1623,6618,48
2022-04-28,Humboldt,023,135768,17319,17194,3069,20263,145
2022-04-28,Imperial,025,180216,55624,55503,10890,66393,910
2022-04-28,Inyo,027,18085,4090,4084,513,4597,56
2022-04-28,Kern,029,883053,192560,192250,46572,238822,2265
2022-04-28,Kings,031,150075,51674,51640,3639,55279,447
2022-04-28,Lake,033,64148,10773,10742,908,11650,137
2022-04-28,Lassen,035,31185,8976,8966,890,9856,65
2022-04-28,Los Angeles,037,10098052,2747260,2736900,127256,2864156,31712
2022-04-28,Madera,039,155013,37420,37360,6148,43508,365
2022-04-28,Marin,041,260295,34687,34519,2860,37379,291
2022-04-28,Mariposa,043,17540,2438,2430,206,2636,30
2022-04-28,Mendocino,045,87422,13248,13219,3144,16363,123
2022-04-28,Merced,047,269075,62479,62357,8800,71157,818
2022-04-28,Modoc,049,8938,744,745,253,998,8
2022-04-28,Mono,051,14174,2991,2989,131,3120,6
2022-04-28,Monterey,053,433212,80205,79881,14322,94203,731
2022-04-28,Napa,055,140530,26438,26319,1046,27365,143
2022-04-28,Nevada,057,99092,16141,16100,1238,17338,127
2022-04-28,Orange,059,3164182,553028,551822,42648,594470,6998
2022-04-28,Placer,061,380077,63467,63273,7509,70782,625
2022-04-28,Plumas,063,18699,2989,2946,371,3317,13
2022-04-28,Riverside,065,2383286,595483,593965,28562,622527,6457
2022-04-28,Sacramento,067,1510023,283904,283048,27598,310646,3007
2022-04-28,San Benito,069,59416,13002,12988,524,13512,98
2022-04-28,San Bernardino,071,2135413,571749,568758,25417,594175,7191
2022-04-28,San Diego,073,3302833,762934,761253,53456,814709,5238
2022-04-28,San Francisco,075,870044,131245,130241,8784,139025,860
2022-04-28,San Joaquin,077,732212,167553,167028,10244,177272,2225
2022-04-28,San Luis Obispo,079,281455,53149,53040,3913,56953,477
2022-04-28,San Mateo,081,765935,126588,125807,7519,133326,705
2022-04-28,Santa Barbara,083,443738,87043,86768,4868,91636,688
2022-04-28,Santa Clara,085,1922200,321164,320709,13084,333793,2281
2022-04-28,Santa Cruz,087,273765,49501,48798,2223,51021,262
2022-04-28,Shasta,089,179085,30713,30649,6175,36824,554
2022-04-28,Sierra,091,2930,275,274,49,323,4
2022-04-28,Siskiyou,093,43540,4467,4458,2780,7238,81
2022-04-28,Solano,095,438530,82807,82459,5701,88160,449
2022-04-28,Sonoma,097,501317,85724,85290,2934,88224,488
2022-04-28,Stanislaus,099,539301,118091,117943,17721,135664,1643
2022-04-28,Sutter,101,95872,20599,20644,2158,22802,224
2022-04-28,Tehama,103,63373,12082,12078,2628,14706,202
2022-04-28,Trinity,105,12862,1186,1179,296,1475,20
2022-04-28,Tulare,107,460477,106840,106856,28784,135640,1458
2022-04-28,Tuolumne,109,53932,12766,12713,579,13292,181
2022-04-28,Ventura,111,848112,175082,174679,9593,184272,1486
2022-04-28,Yolo,113,214977,37579,37173,3299,40472,314
2022-04-28,Yuba,115,75493,15941,15917,1235,17152,121
2022-04-27,Alameda,001,1643700,263500,260871,14680,275551,1843
2022-04-27,Alpine,003,1148,124,124,1,125,0
2022-04-27,Amador,005,37829,8584,8518,666,9184,86
2022-04-27,Butte,007,227075,33238,33118,6772,39890,411
2022-04-27,Calaveras,009,45235,7340,7307,364,7671,119
2022-04-27,Colusa,011,21464,3455,3457,1074,4531,21
2022-04-27,Contra Costa,013,1133247,192755,191412,13694,205106,1300
2022-04-27,Del Norte,015,27424,5858,5833,204,6037,50
2022-04-27,El Dorado,017,186661,27011,26898,3271,30169,209
2022-04-27,Fresno,019,978130,232442,231951,24221,256172,2744
2022-04-27,Glenn,021,27897,4992,4993,1623,6616,48
2022-04-27,Humboldt,023,135768,17289,17138,3059,20197,145
2022-04-27,Imperial,025,180216,55606,55480,10886,66366,910
2022-04-27,Inyo,027,18085,4089,4080,512,4592,56
2022-04-27,Kern,029,883053,192520,192157,46551,238708,2271
2022-04-27,Kings,031,150075,51669,51617,3638,55255,444
2022-04-27,Lake,033,64148,10769,10732,908,11640,135
2022-04-27,Lassen,035,31185,8975,8965,890,9855,65
2022-04-27,Los Angeles,037,10098052,2744932,2731988,127077,2859065,31691
2022-04-27,Madera,039,155013,37411,37339,6147,43486,354
2022-04-27,Marin,041,260295,34627,34354,2845,37199,288
2022-04-27,Mariposa,043,17540,2436,2427,206,2633,30
2022-04-27,Mendocino,045,87422,13241,13188,3137,16325,123
2022-04-27,Merced,047,269075,62465,62315,8796,71111,815
2022-04-27,Modoc,049,8938,744,745,253,998,8
2022-04-27,Mono,051,14174,2991,2989,131,3120,6
2022-04-27,Monterey,053,433212,80162,79695,14281,93976,729
2022-04-27,Napa,055,140530,26406,26210,1042,27252,143
2022-04-27,Nevada,057,99092,16124,16080,1235,17315,127
2022-04-27,Orange,059,3164182,552655,550859,42589,593448,6991
2022-04-27,Placer,061,380077,63427,63154,7496,70650,623
2022-04-27,Plumas,063,18699,2988,2934,371,3305,13
2022-04-27,Riverside,065,2383286,595218,593397,28541,621938,6453
2022-04-27,Sacramento,067,1510023,283706,281802,27563,309365,3001
2022-04-27,San Benito,069,59416,12989,12989,522,13511,98
2022-04-27,San Bernardino,071,2135413,571549,568018,25407,593425,7105
2022-04-27,San Diego,073,3302833,762373,759873,53395,813268,5236
2022-04-27,San Francisco,075,870044,130895,129284,8760,138044,857
2022-04-27,San Joaquin,077,732212,167479,166848,10227,177075,2225
2022-04-27,San Luis Obispo,079,281455,53104,52911,3905,56816,476
2022-04-27,San Mateo,081,765935,126357,125018,7462,132480,702
2022-04-27,Santa Barbara,083,443738,86979,86557,4862,91419,685
2022-04-27,Santa Clara,085,1922200,320594,319077,13036,332113,2282
2022-04-27,Santa Cruz,087,273765,49419,48500,2217,50717,262
2022-04-27,Shasta,089,179085,30701,30633,6171,36804,554
2022-04-27,Sierra,091,2930,274,276,49,325,4
2022-04-27,Siskiyou,093,43540,4467,4455,2776,7231,81
2022-04-27,Solano,095,438530,82695,82220,5691,87911,448
2022-04-27,Sonoma,097,501317,85616,84983,2912,87895,487
2022-04-27,Stanislaus,099,539301,118048,117841,17710,135551,1643
2022-04-27,Sutter,101,95872,20595,20627,2154,22781,224
2022-04-27,Tehama,103,63373,12082,12073,2628,14701,201
2022-04-27,Trinity,105,12862,1186,1179,296,1475,20
2022-04-27,Tulare,107,460477,106824,106580,28774,135354,1453
2022-04-27,Tuolumne,109,53932,12749,12684,578,13262,181
2022-04-27,Ventura,111,848112,174981,174425,9578,184003,1480
2022-04-27,Yolo,113,214977,37536,37096,3293,40389,314
2022-04-27,Yuba,115,75493,15937,15902,1230,17132,121
2022-04-26,Alameda,001,1643700,262995,260871,14640,275511,1843
2022-04-26,Alpine,003,1148,124,124,1,125,0
2022-04-26,Amador,005,37829,8581,8518,666,9184,86
2022-04-26,Butte,007,227075,33219,33118,6766,39884,411
2022-04-26,Calaveras,009,45235,7336,7307,363,7670,119
2022-04-26,Colusa,011,21464,3455,3457,1074,4531,21
2022-04-26,Contra Costa,013,1133247,192498,191412,13664,205076,1300
2022-04-26,Del Norte,015,27424,5850,5833,204,6037,50
2022-04-26,El Dorado,017,186661,26990,26898,3268,30166,209
2022-04-26,Fresno,019,978130,232365,231951,24212,256163,2744
2022-04-26,Glenn,021,27897,4992,4993,1622,6615,48
2022-04-26,Humboldt,023,135768,17258,17138,3053,20191,145
2022-04-26,Imperial,025,180216,55585,55480,10879,66359,910
2022-04-26,Inyo,027,18085,4089,4080,512,4592,56
2022-04-26,Kern,029,883053,192472,192157,46528,238685,2271
2022-04-26,Kings,031,150075,51663,51617,3638,55255,444
2022-04-26,Lake,033,64148,10762,10732,908,11640,135
2022-04-26,Lassen,035,31185,8970,8965,890,9855,65
2022-04-26,Los Angeles,037,10098052,2742556,2731988,126898,2858886,31691
2022-04-26,Madera,039,155013,37403,37339,6143,43482,354
2022-04-26,Marin,041,260295,34572,34354,2826,37180,288
2022-04-26,Mariposa,043,17540,2436,2427,206,2633,30
2022-04-26,Mendocino,045,87422,13237,13188,3131,16319,123
2022-04-26,Merced,047,269075,62442,62315,8778,71093,815
2022-04-26,Modoc,049,8938,744,745,253,998,8
2022-04-26,Mono,051,14174,2991,2989,130,3119,6
2022-04-26,Monterey,053,433212,80109,79695,14239,93934,729
2022-04-26,Napa,055,140530,26378,26210,1038,27248,143
2022-04-26,Nevada,057,99092,16115,16080,1235,17315,127
2022-04-26,Orange,059,3164182,552245,550859,42529,593388,6991
2022-04-26,Placer,061,380077,63396,63154,7495,70649,623
2022-04-26,Plumas,063,18699,2988,2934,371,3305,13
2022-04-26,Riverside,065,2383286,594909,593397,28514,621911,6453
2022-04-26,Sacramento,067,1510023,283470,281802,27541,309343,3001
2022-04-26,San Benito,069,59416,12985,12989,521,13510,98
2022-04-26,San Bernardino,071,2135413,571341,568018,25390,593408,7105
2022-04-26,San Diego,073,3302833,761728,759873,53302,813175,5236
2022-04-26,San Francisco,075,870044,130497,129284,8738,138022,857
2022-04-26,San Joaquin,077,732212,167417,166848,10213,177061,2225
2022-04-26,San Luis Obispo,079,281455,53074,52911,3892,56803,476
2022-04-26,San Mateo,081,765935,126088,125018,7426,132444,702
2022-04-26,Santa Barbara,083,443738,86918,86557,4858,91415,685
2022-04-26,Santa Clara,085,1922200,320037,319077,12992,332069,2282
2022-04-26,Santa Cruz,087,273765,49319,48500,2214,50714,262
2022-04-26,Shasta,089,179085,30688,30633,6171,36804,554
2022-04-26,Sierra,091,2930,274,276,49,325,4
2022-04-26,Siskiyou,093,43540,4464,4455,2774,7229,81
2022-04-26,Solano,095,438530,82597,82220,5682,87902,448
2022-04-26,Sonoma,097,501317,85512,84983,2895,87878,487
2022-04-26,Stanislaus,099,539301,118012,117841,17699,135540,1643
2022-04-26,Sutter,101,95872,20585,20627,2154,22781,224
2022-04-26,Tehama,103,63373,12072,12073,2628,14701,201
2022-04-26,Trinity,105,12862,1186,1179,296,1475,20
2022-04-26,Tulare,107,460477,106796,106580,28759,135339,1453
2022-04-26,Tuolumne,109,53932,12730,12684,577,13261,181
2022-04-26,Ventura,111,848112,174871,174425,9555,183980,1480
2022-04-26,Yolo,113,214977,37495,37096,3286,40382,314
2022-04-26,Yuba,115,75493,15935,15902,1230,17132,121
2022-04-25,Alameda,001,1643700,262490,260871,14602,275473,1843
2022-04-25,Alpine,003,1148,124,124,1,125,0
2022-04-25,Amador,005,37829,8578,8518,666,9184,86
2022-04-25,Butte,007,227075,33205,33118,6757,39875,411
2022-04-25,Calaveras,009,45235,7333,7307,363,7670,119
2022-04-25,Colusa,011,21464,3455,3457,1074,4531,21
2022-04-25,Contra Costa,013,1133247,192234,191412,13631,205043,1300
2022-04-25,Del Norte,015,27424,5845,5833,202,6035,50
2022-04-25,El Dorado,017,186661,26969,26898,3267,30165,209
2022-04-25,Fresno,019,978130,232275,231951,24199,256150,2744
2022-04-25,Glenn,021,27897,4991,4993,1622,6615,48
2022-04-25,Humboldt,023,135768,17216,17138,3048,20186,145
2022-04-25,Imperial,025,180216,55565,55480,10874,66354,910
2022-04-25,Inyo,027,18085,4089,4080,512,4592,56
2022-04-25,Kern,029,883053,192427,192157,46508,238665,2271
2022-04-25,Kings,031,150075,51654,51617,3637,55254,444
2022-04-25,Lake,033,64148,10759,10732,907,11639,135
2022-04-25,Lassen,035,31185,8969,8965,890,9855,65
2022-04-25,Los Angeles,037,10098052,2740162,2731988,126737,2858725,31691
2022-04-25,Madera,039,155013,37390,37339,6140,43479,354
2022-04-25,Marin,041,260295,34508,34354,2803,37157,288
2022-04-25,Mariposa,043,17540,2436,2427,206,2633,30
2022-04-25,Mendocino,045,87422,13227,13188,3114,16302,123
2022-04-25,Merced,047,269075,62429,62315,8775,71090,815
2022-04-25,Modoc,049,8938,744,745,253,998,8
2022-04-25,Mono,051,14174,2990,2989,130,3119,6
2022-04-25,Monterey,053,433212,80069,79695,14213,93908,729
2022-04-25,Napa,055,140530,26337,26210,1036,27246,143
2022-04-25,Nevada,057,99092,16109,16080,1234,17314,127
2022-04-25,Orange,059,3164182,551841,550859,42466,593325,6991
2022-04-25,Placer,061,380077,63360,63154,7490,70644,623
2022-04-25,Plumas,063,18699,2986,2934,371,3305,13
2022-04-25,Riverside,065,2383286,594648,593397,28497,621894,6453
2022-04-25,Sacramento,067,1510023,283303,281802,27505,309307,3001
2022-04-25,San Benito,069,59416,12978,12989,520,13509,98
2022-04-25,San Bernardino,071,2135413,571117,568018,25378,593396,7105
2022-04-25,San Diego,073,3302833,761052,759873,53242,813115,5236
2022-04-25,San Francisco,075,870044,130136,129284,8720,138004,857
2022-04-25,San Joaquin,077,732212,167331,166848,10196,177044,2225
2022-04-25,San Luis Obispo,079,281455,53025,52911,3885,56796,476
2022-04-25,San Mateo,081,765935,125815,125018,7406,132424,702
2022-04-25,Santa Barbara,083,443738,86854,86557,4854,91411,685
2022-04-25,Santa Clara,085,1922200,319393,319077,12947,332024,2282
2022-04-25,Santa Cruz,087,273765,49179,48500,2205,50705,262
2022-04-25,Shasta,089,179085,30677,30633,6168,36801,554
2022-04-25,Sierra,091,2930,274,276,49,325,4
2022-04-25,Siskiyou,093,43540,4464,4455,2773,7228,81
2022-04-25,Solano,095,438530,82479,82220,5673,87893,448
2022-04-25,Sonoma,097,501317,85390,84983,2875,87858,487
2022-04-25,Stanislaus,099,539301,117965,117841,17692,135533,1643
2022-04-25,Sutter,101,95872,20582,20627,2154,22781,224
2022-04-25,Tehama,103,63373,12072,12073,2628,14701,201
2022-04-25,Trinity,105,12862,1185,1179,296,1475,20
2022-04-25,Tulare,107,460477,106771,106580,28746,135326,1453
2022-04-25,Tuolumne,109,53932,12719,12684,577,13261,181
2022-04-25,Ventura,111,848112,174761,174425,9533,183958,1480
2022-04-25,Yolo,113,214977,37449,37096,3281,40377,314
2022-04-25,Yuba,115,75493,15925,15902,1229,17131,121
2022-04-24,Alameda,001,1643700,261907,259619,14555,274174,1837
2022-04-24,Alpine,003,1148,124,124,1,125,0
2022-04-24,Amador,005,37829,8569,8509,665,9174,86
2022-04-24,Butte,007,227075,33183,33105,6750,39855,411
2022-04-24,Calaveras,009,45235,7325,7296,361,7657,119
2022-04-24,Colusa,011,21464,3454,3453,1074,4527,21
2022-04-24,Contra Costa,013,1133247,191931,190611,13598,204209,1298
2022-04-24,Del Norte,015,27424,5836,5827,200,6027,50
2022-04-24,El Dorado,017,186661,26951,26837,3265,30102,209
2022-04-24,Fresno,019,978130,232194,231751,24185,255936,2744
2022-04-24,Glenn,021,27897,4991,4989,1620,6609,48
2022-04-24,Humboldt,023,135768,17190,17033,3036,20069,145
2022-04-24,Imperial,025,180216,55550,55434,10865,66299,910
2022-04-24,Inyo,027,18085,4085,4079,511,4590,56
2022-04-24,Kern,029,883053,192376,192012,46492,238504,2267
2022-04-24,Kings,031,150075,51645,51588,3637,55225,444
2022-04-24,Lake,033,64148,10751,10720,904,11624,134
2022-04-24,Lassen,035,31185,8968,8966,890,9856,65
2022-04-24,Los Angeles,037,10098052,2737813,2725630,126590,2852220,31667
2022-04-24,Madera,039,155013,37376,37333,6135,43468,354
2022-04-24,Marin,041,260295,34455,34150,2768,36918,288
2022-04-24,Mariposa,043,17540,2433,2422,206,2628,30
2022-04-24,Mendocino,045,87422,13222,13158,3102,16260,122
2022-04-24,Merced,047,269075,62405,62286,8766,71052,815
2022-04-24,Modoc,049,8938,744,745,253,998,8
2022-04-24,Mono,051,14174,2989,2986,130,3116,6
2022-04-24,Monterey,053,433212,80017,79560,14180,93740,729
2022-04-24,Napa,055,140530,26302,26093,1035,27128,143
2022-04-24,Nevada,057,99092,16093,16052,1232,17284,127
2022-04-24,Orange,059,3164182,551418,549765,42401,592166,6989
2022-04-24,Placer,061,380077,63306,63037,7482,70519,622
2022-04-24,Plumas,063,18699,2984,2934,371,3305,13
2022-04-24,Riverside,065,2383286,594367,592683,28456,621139,6450
2022-04-24,Sacramento,067,1510023,283100,280551,27468,308019,2993
2022-04-24,San Benito,069,59416,12973,12966,520,13486,98
2022-04-24,San Bernardino,071,2135413,570883,566806,25354,592160,7047
2022-04-24,San Diego,073,3302833,760425,758311,53184,811495,5233
2022-04-24,San Francisco,075,870044,129689,128323,8696,137019,857
2022-04-24,San Joaquin,077,732212,167243,166626,10153,176779,2224
2022-04-24,San Luis Obispo,079,281455,52949,52826,3875,56701,476
2022-04-24,San Mateo,081,765935,125507,124106,7376,131482,703
2022-04-24,Santa Barbara,083,443738,86784,86376,4853,91229,685
2022-04-24,Santa Clara,085,1922200,318711,317487,12897,330384,2277
2022-04-24,Santa Cruz,087,273765,49066,48255,2201,50456,261
2022-04-24,Shasta,089,179085,30667,30607,6167,36774,557
2022-04-24,Sierra,091,2930,274,276,49,325,4
2022-04-24,Siskiyou,093,43540,4463,4453,2771,7224,81
2022-04-24,Solano,095,438530,82372,81982,5664,87646,448
2022-04-24,Sonoma,097,501317,85255,84581,2855,87436,486
2022-04-24,Stanislaus,099,539301,117913,117737,17687,135424,1632
2022-04-24,Sutter,101,95872,20573,20605,2151,22756,224
2022-04-24,Tehama,103,63373,12069,12064,2628,14692,201
2022-04-24,Trinity,105,12862,1185,1177,296,1473,20
2022-04-24,Tulare,107,460477,106744,106354,28735,135089,1446
2022-04-24,Tuolumne,109,53932,12707,12664,576,13240,181
2022-04-24,Ventura,111,848112,174647,174091,9516,183607,1479
2022-04-24,Yolo,113,214977,37417,36990,3278,40268,314
2022-04-24,Yuba,115,75493,15920,15888,1228,17116,121
2022-04-23,Alameda,001,1643700,261665,259619,14543,274162,1837
2022-04-23,Alpine,003,1148,124,124,1,125,0
2022-04-23,Amador,005,37829,8563,8509,665,9174,86
2022-04-23,Butte,007,227075,33174,33105,6747,39852,411
2022-04-23,Calaveras,009,45235,7317,7296,361,7657,119
2022-04-23,Colusa,011,21464,3454,3453,1074,4527,21
2022-04-23,Contra Costa,013,1133247,191780,190611,13587,204198,1298
2022-04-23,Del Norte,015,27424,5834,5827,199,6026,50
2022-04-23,El Dorado,017,186661,26941,26837,3264,30101,209
2022-04-23,Fresno,019,978130,232161,231751,24181,255932,2744
2022-04-23,Glenn,021,27897,4991,4989,1620,6609,48
2022-04-23,Humboldt,023,135768,17174,17033,3034,20067,145
2022-04-23,Imperial,025,180216,55541,55434,10863,66297,910
2022-04-23,Inyo,027,18085,4085,4079,510,4589,56
2022-04-23,Kern,029,883053,192351,192012,46477,238489,2267
2022-04-23,Kings,031,150075,51640,51588,3636,55224,444
2022-04-23,Lake,033,64148,10750,10720,904,11624,134
2022-04-23,Lassen,035,31185,8968,8966,890,9856,65
2022-04-23,Los Angeles,037,10098052,2736874,2725630,126495,2852125,31667
2022-04-23,Madera,039,155013,37369,37333,6134,43467,354
2022-04-23,Marin,041,260295,34420,34150,2722,36872,288
2022-04-23,Mariposa,043,17540,2433,2422,206,2628,30
2022-04-23,Mendocino,045,87422,13215,13158,3102,16260,122
2022-04-23,Merced,047,269075,62393,62286,8766,71052,815
2022-04-23,Modoc,049,8938,744,745,253,998,8
2022-04-23,Mono,051,14174,2989,2986,130,3116,6
2022-04-23,Monterey,053,433212,79949,79560,14166,93726,729
2022-04-23,Napa,055,140530,26281,26093,1033,27126,143
2022-04-23,Nevada,057,99092,16087,16052,1230,17282,127
2022-04-23,Orange,059,3164182,551203,549765,42350,592115,6989
2022-04-23,Placer,061,380077,63277,63037,7482,70519,622
2022-04-23,Plumas,063,18699,2984,2934,371,3305,13
2022-04-23,Riverside,065,2383286,594233,592683,28445,621128,6450
2022-04-23,Sacramento,067,1510023,283006,280551,27465,308016,2993
2022-04-23,San Benito,069,59416,12972,12966,520,13486,98
2022-04-23,San Bernardino,071,2135413,570770,566806,25349,592155,7047
2022-04-23,San Diego,073,3302833,760168,758311,53166,811477,5233
2022-04-23,San Francisco,075,870044,129486,128323,8672,136995,857
2022-04-23,San Joaquin,077,732212,167202,166626,10145,176771,2224
2022-04-23,San Luis Obispo,079,281455,52934,52826,3871,56697,476
2022-04-23,San Mateo,081,765935,125349,124106,7365,131471,703
2022-04-23,Santa Barbara,083,443738,86748,86376,4852,91228,685
2022-04-23,Santa Clara,085,1922200,318334,317487,12871,330358,2277
2022-04-23,Santa Cruz,087,273765,49017,48255,2200,50455,261
2022-04-23,Shasta,089,179085,30664,30607,6167,36774,557
2022-04-23,Sierra,091,2930,274,276,49,325,4
2022-04-23,Siskiyou,093,43540,4461,4453,2770,7223,81
2022-04-23,Solano,095,438530,82345,81982,5661,87643,448
2022-04-23,Sonoma,097,501317,85187,84581,2847,87428,486
2022-04-23,Stanislaus,099,539301,117879,117737,17684,135421,1632
2022-04-23,Sutter,101,95872,20567,20605,2151,22756,224
2022-04-23,Tehama,103,63373,12068,12064,2628,14692,201
2022-04-23,Trinity,105,12862,1185,1177,296,1473,20
2022-04-23,Tulare,107,460477,106736,106354,28725,135079,1446
2022-04-23,Tuolumne,109,53932,12703,12664,576,13240,181
2022-04-23,Ventura,111,848112,174587,174091,9509,183600,1479
2022-04-23,Yolo,113,214977,37393,36990,3274,40264,314
2022-04-23,Yuba,115,75493,15918,15888,1228,17116,121
2022-04-22,Alameda,001,1643700,261426,259619,14524,274143,1837
2022-04-22,Alpine,003,1148,124,124,1,125,0
2022-04-22,Amador,005,37829,8562,8509,663,9172,86
2022-04-22,Butte,007,227075,33168,33105,6745,39850,411
2022-04-22,Calaveras,009,45235,7316,7296,361,7657,119
2022-04-22,Colusa,011,21464,3454,3453,1074,4527,21
2022-04-22,Contra Costa,013,1133247,191649,190611,13572,204183,1298
2022-04-22,Del Norte,015,27424,5834,5827,199,6026,50
2022-04-22,El Dorado,017,186661,26927,26837,3259,30096,209
2022-04-22,Fresno,019,978130,232131,231751,24178,255929,2744
2022-04-22,Glenn,021,27897,4990,4989,1620,6609,48
2022-04-22,Humboldt,023,135768,17159,17033,3027,20060,145
2022-04-22,Imperial,025,180216,55536,55434,10863,66297,910
2022-04-22,Inyo,027,18085,4085,4079,509,4588,56
2022-04-22,Kern,029,883053,192331,192012,46473,238485,2267
2022-04-22,Kings,031,150075,51636,51588,3635,55223,444
2022-04-22,Lake,033,64148,10749,10720,904,11624,134
2022-04-22,Lassen,035,31185,8968,8966,890,9856,65
2022-04-22,Los Angeles,037,10098052,2735785,2725630,126434,2852064,31667
2022-04-22,Madera,039,155013,37364,37333,6134,43467,354
2022-04-22,Marin,041,260295,34382,34150,2711,36861,288
2022-04-22,Mariposa,043,17540,2432,2422,206,2628,30
2022-04-22,Mendocino,045,87422,13208,13158,3100,16258,122
2022-04-22,Merced,047,269075,62386,62286,8754,71040,815
2022-04-22,Modoc,049,8938,744,745,253,998,8
2022-04-22,Mono,051,14174,2989,2986,129,3115,6
2022-04-22,Monterey,053,433212,79914,79560,14152,93712,729
2022-04-22,Napa,055,140530,26264,26093,1031,27124,143
2022-04-22,Nevada,057,99092,16087,16052,1230,17282,127
2022-04-22,Orange,059,3164182,551019,549765,42301,592066,6989
2022-04-22,Placer,061,380077,63254,63037,7479,70516,622
2022-04-22,Plumas,063,18699,2984,2934,371,3305,13
2022-04-22,Riverside,065,2383286,594091,592683,28430,621113,6450
2022-04-22,Sacramento,067,1510023,282919,280551,27452,308003,2993
2022-04-22,San Benito,069,59416,12967,12966,520,13486,98
2022-04-22,San Bernardino,071,2135413,570657,566806,25341,592147,7047
2022-04-22,San Diego,073,3302833,759854,758311,53146,811457,5233
2022-04-22,San Francisco,075,870044,129321,128323,8645,136968,857
2022-04-22,San Joaquin,077,732212,167173,166626,10144,176770,2224
2022-04-22,San Luis Obispo,079,281455,52928,52826,3870,56696,476
2022-04-22,San Mateo,081,765935,125188,124106,7351,131457,703
2022-04-22,Santa Barbara,083,443738,86702,86376,4851,91227,685
2022-04-22,Santa Clara,085,1922200,317985,317487,12858,330345,2277
2022-04-22,Santa Cruz,087,273765,48979,48255,2200,50455,261
2022-04-22,Shasta,089,179085,30659,30607,6166,36773,557
2022-04-22,Sierra,091,2930,274,276,48,324,4
2022-04-22,Siskiyou,093,43540,4461,4453,2770,7223,81
2022-04-22,Solano,095,438530,82288,81982,5659,87641,448
2022-04-22,Sonoma,097,501317,85123,84581,2843,87424,486
2022-04-22,Stanislaus,099,539301,117857,117737,17680,135417,1632
2022-04-22,Sutter,101,95872,20561,20605,2151,22756,224
2022-04-22,Tehama,103,63373,12063,12064,2627,14691,201
2022-04-22,Trinity,105,12862,1185,1177,295,1472,20
2022-04-22,Tulare,107,460477,106726,106354,28716,135070,1446
2022-04-22,Tuolumne,109,53932,12696,12664,574,13238,181
2022-04-22,Ventura,111,848112,174512,174091,9498,183589,1479
2022-04-22,Yolo,113,214977,37374,36990,3271,40261,314
2022-04-22,Yuba,115,75493,15916,15888,1227,17115,121
2022-04-21,Alameda,001,1643700,261062,259619,14484,274103,1837
2022-04-21,Alpine,003,1148,124,124,1,125,0
2022-04-21,Amador,005,37829,8559,8509,663,9172,86
2022-04-21,Butte,007,227075,33160,33105,6738,39843,411
2022-04-21,Calaveras,009,45235,7313,7296,361,7657,119
2022-04-21,Colusa,011,21464,3453,3453,1074,4527,21
2022-04-21,Contra Costa,013,1133247,191455,190611,13549,204160,1298
2022-04-21,Del Norte,015,27424,5833,5827,199,6026,50
2022-04-21,El Dorado,017,186661,26912,26837,3258,30095,209
2022-04-21,Fresno,019,978130,232089,231751,24172,255923,2744
2022-04-21,Glenn,021,27897,4990,4989,1619,6608,48
2022-04-21,Humboldt,023,135768,17135,17033,3019,20052,145
2022-04-21,Imperial,025,180216,55527,55434,10863,66297,910
2022-04-21,Inyo,027,18085,4085,4079,509,4588,56
2022-04-21,Kern,029,883053,192297,192012,46457,238469,2267
2022-04-21,Kings,031,150075,51628,51588,3635,55223,444
2022-04-21,Lake,033,64148,10746,10720,903,11623,134
2022-04-21,Lassen,035,31185,8968,8966,890,9856,65
2022-04-21,Los Angeles,037,10098052,2734124,2725630,126324,2851954,31667
2022-04-21,Madera,039,155013,37360,37333,6133,43466,354
2022-04-21,Marin,041,260295,34335,34150,2702,36852,288
2022-04-21,Mariposa,043,17540,2431,2422,206,2628,30
2022-04-21,Mendocino,045,87422,13202,13158,3096,16254,122
2022-04-21,Merced,047,269075,62370,62286,8751,71037,815
2022-04-21,Modoc,049,8938,744,745,253,998,8
2022-04-21,Mono,051,14174,2988,2986,128,3114,6
2022-04-21,Monterey,053,433212,79887,79560,14139,93699,729
2022-04-21,Napa,055,140530,26233,26093,1030,27123,143
2022-04-21,Nevada,057,99092,16083,16052,1230,17282,127
2022-04-21,Orange,059,3164182,550762,549765,42261,592026,6989
2022-04-21,Placer,061,380077,63216,63037,7473,70510,622
2022-04-21,Plumas,063,18699,2984,2934,371,3305,13
2022-04-21,Riverside,065,2383286,593932,592683,28411,621094,6450
2022-04-21,Sacramento,067,1510023,282771,280551,27428,307979,2993
2022-04-21,San Benito,069,59416,12961,12966,520,13486,98
2022-04-21,San Bernardino,071,2135413,570465,566806,25331,592137,7047
2022-04-21,San Diego,073,3302833,759431,758311,53105,811416,5233
2022-04-21,San Francisco,075,870044,129097,128323,8618,136941,857
2022-04-21,San Joaquin,077,732212,167118,166626,10139,176765,2224
2022-04-21,San Luis Obispo,079,281455,52908,52826,3864,56690,476
2022-04-21,San Mateo,081,765935,124986,124106,7330,131436,703
2022-04-21,Santa Barbara,083,443738,86644,86376,4847,91223,685
2022-04-21,Santa Clara,085,1922200,317532,317487,12836,330323,2277
2022-04-21,Santa Cruz,087,273765,48934,48255,2197,50452,261
2022-04-21,Shasta,089,179085,30650,30607,6166,36773,557
2022-04-21,Sierra,091,2930,274,276,48,324,4
2022-04-21,Siskiyou,093,43540,4461,4453,2770,7223,81
2022-04-21,Solano,095,438530,82226,81982,5652,87634,448
2022-04-21,Sonoma,097,501317,85013,84581,2824,87405,486
2022-04-21,Stanislaus,099,539301,117819,117737,17672,135409,1632
2022-04-21,Sutter,101,95872,20552,20605,2150,22755,224
2022-04-21,Tehama,103,63373,12063,12064,2627,14691,201
2022-04-21,Trinity,105,12862,1185,1177,295,1472,20
2022-04-21,Tulare,107,460477,106718,106354,28712,135066,1446
2022-04-21,Tuolumne,109,53932,12691,12664,573,13237,181
2022-04-21,Ventura,111,848112,174428,174091,9493,183584,1479
2022-04-21,Yolo,113,214977,37353,36990,3271,40261,314
2022-04-21,Yuba,115,75493,15914,15888,1227,17115,121
2022-04-20,Alameda,001,1643700,260703,258734,14458,273192,1832
2022-04-20,Alpine,003,1148,124,124,1,125,0
2022-04-20,Amador,005,37829,8557,8494,663,9157,86
2022-04-20,Butte,007,227075,33153,33083,6730,39813,408
2022-04-20,Calaveras,009,45235,7307,7288,360,7648,119
2022-04-20,Colusa,011,21464,3453,3453,1074,4527,21
2022-04-20,Contra Costa,013,1133247,191227,190042,13525,203567,1299
2022-04-20,Del Norte,015,27424,5828,5814,199,6013,50
2022-04-20,El Dorado,017,186661,26897,26821,3253,30074,209
2022-04-20,Fresno,019,978130,232038,231568,24170,255738,2740
2022-04-20,Glenn,021,27897,4989,4988,1616,6604,48
2022-04-20,Humboldt,023,135768,17111,16976,3015,19991,145
2022-04-20,Imperial,025,180216,55520,55405,10860,66265,910
2022-04-20,Inyo,027,18085,4085,4075,508,4583,56
2022-04-20,Kern,029,883053,192259,191915,46440,238355,2262
2022-04-20,Kings,031,150075,51619,51571,3633,55204,445
2022-04-20,Lake,033,64148,10746,10711,903,11614,134
2022-04-20,Lassen,035,31185,8968,8951,890,9841,65
2022-04-20,Los Angeles,037,10098052,2732391,2721699,126212,2847911,31630
2022-04-20,Madera,039,155013,37357,37333,6130,43463,354
2022-04-20,Marin,041,260295,34294,33985,2678,36663,288
2022-04-20,Mariposa,043,17540,2429,2412,206,2618,30
2022-04-20,Mendocino,045,87422,13196,13128,3086,16214,122
2022-04-20,Merced,047,269075,62360,62322,8736,71058,813
2022-04-20,Modoc,049,8938,744,744,253,997,8
2022-04-20,Mono,051,14174,2987,2984,128,3112,6
2022-04-20,Monterey,053,433212,79841,79419,14117,93536,727
2022-04-20,Napa,055,140530,26200,26016,1027,27043,143
2022-04-20,Nevada,057,99092,16073,16034,1228,17262,127
2022-04-20,Orange,059,3164182,550436,549136,42212,591348,6963
2022-04-20,Placer,061,380077,63189,62928,7469,70397,619
2022-04-20,Plumas,063,18699,2984,2932,371,3303,13
2022-04-20,Riverside,065,2383286,593741,592224,28388,620612,6447
2022-04-20,Sacramento,067,1510023,282628,279326,27409,306735,2987
2022-04-20,San Benito,069,59416,12955,12971,520,13491,98
2022-04-20,San Bernardino,071,2135413,570257,565405,25313,590718,6977
2022-04-20,San Diego,073,3302833,758993,757138,53049,810187,5231
2022-04-20,San Francisco,075,870044,128793,127594,8598,136192,854
2022-04-20,San Joaquin,077,732212,167050,166531,10130,176661,2222
2022-04-20,San Luis Obispo,079,281455,52881,52740,3856,56596,476
2022-04-20,San Mateo,081,765935,124769,123279,7298,130577,701
2022-04-20,Santa Barbara,083,443738,86609,86214,4842,91056,685
2022-04-20,Santa Clara,085,1922200,317126,316355,12800,329155,2274
2022-04-20,Santa Cruz,087,273765,48870,47997,2193,50190,261
2022-04-20,Shasta,089,179085,30646,30590,6165,36755,554
2022-04-20,Sierra,091,2930,274,276,48,324,4
2022-04-20,Siskiyou,093,43540,4460,4446,2769,7215,80
2022-04-20,Solano,095,438530,82154,81841,5650,87491,447
2022-04-20,Sonoma,097,501317,84926,84429,2800,87229,485
2022-04-20,Stanislaus,099,539301,117784,117540,17662,135202,1630
2022-04-20,Sutter,101,95872,20545,20632,2150,22782,224
2022-04-20,Tehama,103,63373,12060,12061,2626,14687,199
2022-04-20,Trinity,105,12862,1185,1178,295,1473,20
2022-04-20,Tulare,107,460477,106711,105974,28701,134675,1439
2022-04-20,Tuolumne,109,53932,12686,12648,572,13220,180
2022-04-20,Ventura,111,848112,174342,173904,9484,183388,1475
2022-04-20,Yolo,113,214977,37322,36785,3267,40052,311
2022-04-20,Yuba,115,75493,15910,15868,1225,17093,121
2022-04-19,Alameda,001,1643700,260351,258734,14423,273157,1832
2022-04-19,Alpine,003,1148,124,124,1,125,0
2022-04-19,Amador,005,37829,8553,8494,661,9155,86
2022-04-19,Butte,007,227075,33147,33083,6726,39809,408
2022-04-19,Calaveras,009,45235,7304,7288,360,7648,119
2022-04-19,Colusa,011,21464,3453,3453,1074,4527,21
2022-04-19,Contra Costa,013,1133247,190986,190042,13511,203553,1299
2022-04-19,Del Norte,015,27424,5826,5814,197,6011,50
2022-04-19,El Dorado,017,186661,26882,26821,3250,30071,209
2022-04-19,Fresno,019,978130,231982,231568,24161,255729,2740
2022-04-19,Glenn,021,27897,4988,4988,1616,6604,48
2022-04-19,Humboldt,023,135768,17076,16976,3005,19981,145
2022-04-19,Imperial,025,180216,55513,55405,10856,66261,910
2022-04-19,Inyo,027,18085,4082,4075,508,4583,56
2022-04-19,Kern,029,883053,192224,191915,46428,238343,2262
2022-04-19,Kings,031,150075,51605,51571,3632,55203,445
2022-04-19,Lake,033,64148,10742,10711,903,11614,134
2022-04-19,Lassen,035,31185,8968,8951,890,9841,65
2022-04-19,Los Angeles,037,10098052,2730606,2721699,126085,2847784,31630
2022-04-19,Madera,039,155013,37354,37333,6129,43462,354
2022-04-19,Marin,041,260295,34243,33985,2661,36646,288
2022-04-19,Mariposa,043,17540,2429,2412,205,2617,30
2022-04-19,Mendocino,045,87422,13188,13128,3076,16204,122
2022-04-19,Merced,047,269075,62341,62322,8731,71053,813
2022-04-19,Modoc,049,8938,744,744,253,997,8
2022-04-19,Mono,051,14174,2986,2984,128,3112,6
2022-04-19,Monterey,053,433212,79819,79419,14104,93523,727
2022-04-19,Napa,055,140530,26178,26016,1019,27035,143
2022-04-19,Nevada,057,99092,16068,16034,1226,17260,127
2022-04-19,Orange,059,3164182,550155,549136,42167,591303,6963
2022-04-19,Placer,061,380077,63157,62928,7464,70392,619
2022-04-19,Plumas,063,18699,2984,2932,371,3303,13
2022-04-19,Riverside,065,2383286,593559,592224,28373,620597,6447
2022-04-19,Sacramento,067,1510023,282454,279326,27385,306711,2987
2022-04-19,San Benito,069,59416,12949,12971,520,13491,98
2022-04-19,San Bernardino,071,2135413,570043,565405,25290,590695,6977
2022-04-19,San Diego,073,3302833,758534,757138,52995,810133,5231
2022-04-19,San Francisco,075,870044,128461,127594,8581,136175,854
2022-04-19,San Joaquin,077,732212,166997,166531,10124,176655,2222
2022-04-19,San Luis Obispo,079,281455,52846,52740,3848,56588,476
2022-04-19,San Mateo,081,765935,124538,123279,7276,130555,701
2022-04-19,Santa Barbara,083,443738,86555,86214,4835,91049,685
2022-04-19,Santa Clara,085,1922200,316710,316355,12770,329125,2274
2022-04-19,Santa Cruz,087,273765,48816,47997,2191,50188,261
2022-04-19,Shasta,089,179085,30634,30590,6164,36754,554
2022-04-19,Sierra,091,2930,274,276,48,324,4
2022-04-19,Siskiyou,093,43540,4459,4446,2767,7213,80
2022-04-19,Solano,095,438530,82076,81841,5645,87486,447
2022-04-19,Sonoma,097,501317,84821,84429,2777,87206,485
2022-04-19,Stanislaus,099,539301,117759,117540,17658,135198,1630
2022-04-19,Sutter,101,95872,20545,20632,2150,22782,224
2022-04-19,Tehama,103,63373,12059,12061,2626,14687,199
2022-04-19,Trinity,105,12862,1184,1178,295,1473,20
2022-04-19,Tulare,107,460477,106695,105974,28695,134669,1439
2022-04-19,Tuolumne,109,53932,12684,12648,572,13220,180
2022-04-19,Ventura,111,848112,174249,173904,9474,183378,1475
2022-04-19,Yolo,113,214977,37290,36785,3265,40050,311
2022-04-19,Yuba,115,75493,15903,15868,1225,17093,121
2022-04-18,Alameda,001,1643700,259964,258734,14401,273135,1832
2022-04-18,Alpine,003,1148,124,124,1,125,0
2022-04-18,Amador,005,37829,8552,8494,660,9154,86
2022-04-18,Butte,007,227075,33143,33083,6721,39804,408
2022-04-18,Calaveras,009,45235,7300,7288,359,7647,119
2022-04-18,Colusa,011,21464,3452,3453,1074,4527,21
2022-04-18,Contra Costa,013,1133247,190754,190042,13491,203533,1299
2022-04-18,Del Norte,015,27424,5821,5814,197,6011,50
2022-04-18,El Dorado,017,186661,26865,26821,3247,30068,209
2022-04-18,Fresno,019,978130,231937,231568,24150,255718,2740
2022-04-18,Glenn,021,27897,4987,4988,1615,6603,48
2022-04-18,Humboldt,023,135768,17042,16976,3003,19979,145
2022-04-18,Imperial,025,180216,55501,55405,10854,66259,910
2022-04-18,Inyo,027,18085,4082,4075,508,4583,56
2022-04-18,Kern,029,883053,192180,191915,46416,238331,2262
2022-04-18,Kings,031,150075,51600,51571,3632,55203,445
2022-04-18,Lake,033,64148,10738,10711,903,11614,134
2022-04-18,Lassen,035,31185,8968,8951,890,9841,65
2022-04-18,Los Angeles,037,10098052,2728772,2721699,125971,2847670,31630
2022-04-18,Madera,039,155013,37346,37333,6128,43461,354
2022-04-18,Marin,041,260295,34179,33985,2637,36622,288
2022-04-18,Mariposa,043,17540,2427,2412,205,2617,30
2022-04-18,Mendocino,045,87422,13172,13128,3070,16198,122
2022-04-18,Merced,047,269075,62329,62322,8725,71047,813
2022-04-18,Modoc,049,8938,743,744,253,997,8
2022-04-18,Mono,051,14174,2985,2984,128,3112,6
2022-04-18,Monterey,053,433212,79744,79419,14088,93507,727
2022-04-18,Napa,055,140530,26142,26016,1018,27034,143
2022-04-18,Nevada,057,99092,16058,16034,1224,17258,127
2022-04-18,Orange,059,3164182,549868,549136,42133,591269,6963
2022-04-18,Placer,061,380077,63126,62928,7462,70390,619
2022-04-18,Plumas,063,18699,2984,2932,371,3303,13
2022-04-18,Riverside,065,2383286,593348,592224,28353,620577,6447
2022-04-18,Sacramento,067,1510023,282299,279326,27372,306698,2987
2022-04-18,San Benito,069,59416,12943,12971,520,13491,98
2022-04-18,San Bernardino,071,2135413,569830,565405,25267,590672,6977
2022-04-18,San Diego,073,3302833,758068,757138,52946,810084,5231
2022-04-18,San Francisco,075,870044,128140,127594,8569,136163,854
2022-04-18,San Joaquin,077,732212,166938,166531,10117,176648,2222
2022-04-18,San Luis Obispo,079,281455,52818,52740,3843,56583,476
2022-04-18,San Mateo,081,765935,124308,123279,7254,130533,701
2022-04-18,Santa Barbara,083,443738,86485,86214,4832,91046,685
2022-04-18,Santa Clara,085,1922200,316262,316355,12745,329100,2274
2022-04-18,Santa Cruz,087,273765,48711,47997,2186,50183,261
2022-04-18,Shasta,089,179085,30629,30590,6162,36752,554
2022-04-18,Sierra,091,2930,274,276,48,324,4
2022-04-18,Siskiyou,093,43540,4458,4446,2766,7212,80
2022-04-18,Solano,095,438530,82015,81841,5640,87481,447
2022-04-18,Sonoma,097,501317,84722,84429,2763,87192,485
2022-04-18,Stanislaus,099,539301,117728,117540,17654,135194,1630
2022-04-18,Sutter,101,95872,20543,20632,2147,22779,224
2022-04-18,Tehama,103,63373,12055,12061,2626,14687,199
2022-04-18,Trinity,105,12862,1184,1178,295,1473,20
2022-04-18,Tulare,107,460477,106681,105974,28684,134658,1439
2022-04-18,Tuolumne,109,53932,12676,12648,571,13219,180
2022-04-18,Ventura,111,848112,174154,173904,9467,183371,1475
2022-04-18,Yolo,113,214977,37247,36785,3265,40050,311
2022-04-18,Yuba,115,75493,15894,15868,1222,17090,121
2022-04-17,Alameda,001,1643700,259570,257897,14374,272271,1829
2022-04-17,Alpine,003,1148,124,124,1,125,0
2022-04-17,Amador,005,37829,8546,8491,658,9149,86
2022-04-17,Butte,007,227075,33140,33053,6718,39771,405
2022-04-17,Calaveras,009,45235,7296,7275,357,7632,119
2022-04-17,Colusa,011,21464,3451,3450,1074,4524,21
2022-04-17,Contra Costa,013,1133247,190524,189742,13455,203197,1298
2022-04-17,Del Norte,015,27424,5817,5809,197,6006,50
2022-04-17,El Dorado,017,186661,26853,26796,3246,30042,209
2022-04-17,Fresno,019,978130,231861,231455,24144,255599,2739
2022-04-17,Glenn,021,27897,4987,4991,1615,6606,48
2022-04-17,Humboldt,023,135768,17009,16929,3000,19929,143
2022-04-17,Imperial,025,180216,55493,55371,10852,66223,910
2022-04-17,Inyo,027,18085,4079,4075,508,4583,56
2022-04-17,Kern,029,883053,192144,191866,46401,238267,2258
2022-04-17,Kings,031,150075,51589,51544,3630,55174,445
2022-04-17,Lake,033,64148,10737,10702,903,11605,134
2022-04-17,Lassen,035,31185,8968,8950,890,9840,65
2022-04-17,Los Angeles,037,10098052,2726791,2717479,125853,2843332,31598
2022-04-17,Madera,039,155013,37340,37362,6128,43490,354
2022-04-17,Marin,041,260295,34112,33829,2607,36436,288
2022-04-17,Mariposa,043,17540,2419,2406,205,2611,30
2022-04-17,Mendocino,045,87422,13157,13107,3066,16173,122
2022-04-17,Merced,047,269075,62310,62295,8722,71017,813
2022-04-17,Modoc,049,8938,743,743,253,996,8
2022-04-17,Mono,051,14174,2985,2977,128,3105,6
2022-04-17,Monterey,053,433212,79714,79311,14067,93378,727
2022-04-17,Napa,055,140530,26100,25929,1012,26941,143
2022-04-17,Nevada,057,99092,16042,16014,1221,17235,123
2022-04-17,Orange,059,3164182,549502,548311,42081,590392,6945
2022-04-17,Placer,061,380077,63086,62882,7456,70338,618
2022-04-17,Plumas,063,18699,2984,2929,371,3300,13
2022-04-17,Riverside,065,2383286,593126,591772,28330,620102,6443
2022-04-17,Sacramento,067,1510023,282136,278523,27346,305869,2978
2022-04-17,San Benito,069,59416,12940,12926,519,13445,98
2022-04-17,San Bernardino,071,2135413,569593,564397,25251,589648,6948
2022-04-17,San Diego,073,3302833,757586,756165,52878,809043,5229
2022-04-17,San Francisco,075,870044,127825,126976,8553,135529,854
2022-04-17,San Joaquin,077,732212,166889,166645,10110,176755,2220
2022-04-17,San Luis Obispo,079,281455,52749,52698,3839,56537,476
2022-04-17,San Mateo,081,765935,124071,122652,7240,129892,699
2022-04-17,Santa Barbara,083,443738,86426,86030,4826,90856,684
2022-04-17,Santa Clara,085,1922200,315766,315296,12717,328013,2268
2022-04-17,Santa Cruz,087,273765,48589,47895,2183,50078,261
2022-04-17,Shasta,089,179085,30618,30578,6158,36736,554
2022-04-17,Sierra,091,2930,274,276,48,324,4
2022-04-17,Siskiyou,093,43540,4453,4444,2765,7209,80
2022-04-17,Solano,095,438530,81952,81781,5637,87418,447
2022-04-17,Sonoma,097,501317,84610,84172,2755,86927,485
2022-04-17,Stanislaus,099,539301,117697,117567,17646,135213,1619
2022-04-17,Sutter,101,95872,20537,20621,2146,22767,224
2022-04-17,Tehama,103,63373,12054,12061,2626,14687,199
2022-04-17,Trinity,105,12862,1183,1178,295,1473,20
2022-04-17,Tulare,107,460477,106667,105757,28675,134432,1428
2022-04-17,Tuolumne,109,53932,12670,12640,571,13211,180
2022-04-17,Ventura,111,848112,174059,173665,9455,183120,1474
2022-04-17,Yolo,113,214977,37218,36752,3263,40015,311
2022-04-17,Yuba,115,75493,15886,15857,1222,17079,121
2022-04-16,Alameda,001,1643700,259419,257897,14364,272261,1829
2022-04-16,Alpine,003,1148,124,124,1,125,0
2022-04-16,Amador,005,37829,8545,8491,658,9149,86
2022-04-16,Butte,007,227075,33137,33053,6716,39769,405
2022-04-16,Calaveras,009,45235,7295,7275,357,7632,119
2022-04-16,Colusa,011,21464,3451,3450,1074,4524,21
2022-04-16,Contra Costa,013,1133247,190434,189742,13449,203191,1298
2022-04-16,Del Norte,015,27424,5817,5809,197,6006,50
2022-04-16,El Dorado,017,186661,26842,26796,3246,30042,209
2022-04-16,Fresno,019,978130,231834,231455,24143,255598,2739
2022-04-16,Glenn,021,27897,4987,4991,1615,6606,48
2022-04-16,Humboldt,023,135768,17002,16929,2995,19924,143
2022-04-16,Imperial,025,180216,55487,55371,10851,66222,910
2022-04-16,Inyo,027,18085,4079,4075,508,4583,56
2022-04-16,Kern,029,883053,192134,191866,46388,238254,2258
2022-04-16,Kings,031,150075,51586,51544,3630,55174,445
2022-04-16,Lake,033,64148,10735,10702,903,11605,134
2022-04-16,Lassen,035,31185,8968,8950,890,9840,65
2022-04-16,Los Angeles,037,10098052,2726099,2717479,125803,2843282,31598
2022-04-16,Madera,039,155013,37339,37362,6128,43490,354
2022-04-16,Marin,041,260295,34074,33829,2581,36410,288
2022-04-16,Mariposa,043,17540,2418,2406,205,2611,30
2022-04-16,Mendocino,045,87422,13151,13107,3066,16173,122
2022-04-16,Merced,047,269075,62307,62295,8722,71017,813
2022-04-16,Modoc,049,8938,743,743,253,996,8
2022-04-16,Mono,051,14174,2985,2977,128,3105,6
2022-04-16,Monterey,053,433212,79698,79311,14058,93369,727
2022-04-16,Napa,055,140530,26077,25929,1009,26938,143
2022-04-16,Nevada,057,99092,16039,16014,1220,17234,123
2022-04-16,Orange,059,3164182,549387,548311,42052,590363,6945
2022-04-16,Placer,061,380077,63070,62882,7454,70336,618
2022-04-16,Plumas,063,18699,2982,2929,371,3300,13
2022-04-16,Riverside,065,2383286,593048,591772,28324,620096,6443
2022-04-16,Sacramento,067,1510023,282086,278523,27338,305861,2978
2022-04-16,San Benito,069,59416,12939,12926,519,13445,98
2022-04-16,San Bernardino,071,2135413,569496,564397,25247,589644,6948
2022-04-16,San Diego,073,3302833,757442,756165,52866,809031,5229
2022-04-16,San Francisco,075,870044,127670,126976,8544,135520,854
2022-04-16,San Joaquin,077,732212,166851,166645,10106,176751,2220
2022-04-16,San Luis Obispo,079,281455,52743,52698,3838,56536,476
2022-04-16,San Mateo,081,765935,123975,122652,7234,129886,699
2022-04-16,Santa Barbara,083,443738,86397,86030,4826,90856,684
2022-04-16,Santa Clara,085,1922200,315531,315296,12708,328004,2268
2022-04-16,Santa Cruz,087,273765,48562,47895,2183,50078,261
2022-04-16,Shasta,089,179085,30614,30578,6158,36736,554
2022-04-16,Sierra,091,2930,274,276,48,324,4
2022-04-16,Siskiyou,093,43540,4453,4444,2765,7209,80
2022-04-16,Solano,095,438530,81937,81781,5634,87415,447
2022-04-16,Sonoma,097,501317,84560,84172,2745,86917,485
2022-04-16,Stanislaus,099,539301,117677,117567,17641,135208,1619
2022-04-16,Sutter,101,95872,20534,20621,2146,22767,224
2022-04-16,Tehama,103,63373,12053,12061,2626,14687,199
2022-04-16,Trinity,105,12862,1183,1178,295,1473,20
2022-04-16,Tulare,107,460477,106656,105757,28672,134429,1428
2022-04-16,Tuolumne,109,53932,12669,12640,571,13211,180
2022-04-16,Ventura,111,848112,174032,173665,9452,183117,1474
2022-04-16,Yolo,113,214977,37209,36752,3262,40014,311
2022-04-16,Yuba,115,75493,15884,15857,1222,17079,121
2022-04-15,Alameda,001,1643700,259236,257897,14356,272253,1829
2022-04-15,Alpine,003,1148,124,124,1,125,0
2022-04-15,Amador,005,37829,8544,8491,657,9148,86
2022-04-15,Butte,007,227075,33135,33053,6713,39766,405
2022-04-15,Calaveras,009,45235,7293,7275,357,7632,119
2022-04-15,Colusa,011,21464,3451,3450,1074,4524,21
2022-04-15,Contra Costa,013,1133247,190318,189742,13445,203187,1298
2022-04-15,Del Norte,015,27424,5817,5809,197,6006,50
2022-04-15,El Dorado,017,186661,26828,26796,3245,30041,209
2022-04-15,Fresno,019,978130,231805,231455,24143,255598,2739
2022-04-15,Glenn,021,27897,4987,4991,1615,6606,48
2022-04-15,Humboldt,023,135768,16990,16929,2994,19923,143
2022-04-15,Imperial,025,180216,55485,55371,10851,66222,910
2022-04-15,Inyo,027,18085,4079,4075,507,4582,56
2022-04-15,Kern,029,883053,192120,191866,46380,238246,2258
2022-04-15,Kings,031,150075,51582,51544,3630,55174,445
2022-04-15,Lake,033,64148,10730,10702,903,11605,134
2022-04-15,Lassen,035,31185,8968,8950,890,9840,65
2022-04-15,Los Angeles,037,10098052,2725331,2717479,125737,2843216,31598
2022-04-15,Madera,039,155013,37337,37362,6128,43490,354
2022-04-15,Marin,041,260295,34040,33829,2560,36389,288
2022-04-15,Mariposa,043,17540,2417,2406,205,2611,30
2022-04-15,Mendocino,045,87422,13145,13107,3065,16172,122
2022-04-15,Merced,047,269075,62303,62295,8722,71017,813
2022-04-15,Modoc,049,8938,743,743,253,996,8
2022-04-15,Mono,051,14174,2981,2977,127,3104,6
2022-04-15,Monterey,053,433212,79673,79311,14052,93363,727
2022-04-15,Napa,055,140530,26060,25929,1007,26936,143
2022-04-15,Nevada,057,99092,16037,16014,1219,17233,123
2022-04-15,Orange,059,3164182,549266,548311,42022,590333,6945
2022-04-15,Placer,061,380077,63056,62882,7453,70335,618
2022-04-15,Plumas,063,18699,2982,2929,371,3300,13
2022-04-15,Riverside,065,2383286,592949,591772,28318,620090,6443
2022-04-15,Sacramento,067,1510023,282008,278523,27334,305857,2978
2022-04-15,San Benito,069,59416,12937,12926,518,13444,98
2022-04-15,San Bernardino,071,2135413,569415,564397,25243,589640,6948
2022-04-15,San Diego,073,3302833,757249,756165,52851,809016,5229
2022-04-15,San Francisco,075,870044,127520,126976,8531,135507,854
2022-04-15,San Joaquin,077,732212,166829,166645,10103,176748,2220
2022-04-15,San Luis Obispo,079,281455,52735,52698,3838,56536,476
2022-04-15,San Mateo,081,765935,123844,122652,7223,129875,699
2022-04-15,Santa Barbara,083,443738,86363,86030,4825,90855,684
2022-04-15,Santa Clara,085,1922200,315235,315296,12700,327996,2268
2022-04-15,Santa Cruz,087,273765,48533,47895,2182,50077,261
2022-04-15,Shasta,089,179085,30605,30578,6158,36736,554
2022-04-15,Sierra,091,2930,274,276,48,324,4
2022-04-15,Siskiyou,093,43540,4451,4444,2765,7209,80
2022-04-15,Solano,095,438530,81912,81781,5634,87415,447
2022-04-15,Sonoma,097,501317,84509,84172,2730,86902,485
2022-04-15,Stanislaus,099,539301,117659,117567,17639,135206,1619
2022-04-15,Sutter,101,95872,20531,20621,2146,22767,224
2022-04-15,Tehama,103,63373,12053,12061,2626,14687,199
2022-04-15,Trinity,105,12862,1183,1178,295,1473,20
2022-04-15,Tulare,107,460477,106650,105757,28666,134423,1428
2022-04-15,Tuolumne,109,53932,12667,12640,570,13210,180
2022-04-15,Ventura,111,848112,174003,173665,9445,183110,1474
2022-04-15,Yolo,113,214977,37199,36752,3262,40014,311
2022-04-15,Yuba,115,75493,15881,15857,1222,17079,121
2022-04-14,Alameda,001,1643700,258968,257897,14345,272242,1829
2022-04-14,Alpine,003,1148,124,124,1,125,0
2022-04-14,Amador,005,37829,8544,8491,657,9148,86
2022-04-14,Butte,007,227075,33129,33053,6707,39760,405
2022-04-14,Calaveras,009,45235,7292,7275,357,7632,119
2022-04-14,Colusa,011,21464,3451,3450,1074,4524,21
2022-04-14,Contra Costa,013,1133247,190162,189742,13435,203177,1298
2022-04-14,Del Norte,015,27424,5815,5809,197,6006,50
2022-04-14,El Dorado,017,186661,26825,26796,3243,30039,209
2022-04-14,Fresno,019,978130,231779,231455,24142,255597,2739
2022-04-14,Glenn,021,27897,4986,4991,1613,6604,48
2022-04-14,Humboldt,023,135768,16976,16929,2992,19921,143
2022-04-14,Imperial,025,180216,55475,55371,10851,66222,910
2022-04-14,Inyo,027,18085,4079,4075,506,4581,56
2022-04-14,Kern,029,883053,192100,191866,46372,238238,2258
2022-04-14,Kings,031,150075,51574,51544,3630,55174,445
2022-04-14,Lake,033,64148,10729,10702,903,11605,134
2022-04-14,Lassen,035,31185,8968,8950,889,9839,65
2022-04-14,Los Angeles,037,10098052,2724239,2717479,125646,2843125,31598
2022-04-14,Madera,039,155013,37335,37362,6128,43490,354
2022-04-14,Marin,041,260295,34005,33829,2533,36362,288
2022-04-14,Mariposa,043,17540,2416,2406,205,2611,30
2022-04-14,Mendocino,045,87422,13140,13107,3065,16172,122
2022-04-14,Merced,047,269075,62298,62295,8722,71017,813
2022-04-14,Modoc,049,8938,742,743,253,996,8
2022-04-14,Mono,051,14174,2981,2977,125,3102,6
2022-04-14,Monterey,053,433212,79647,79311,14046,93357,727
2022-04-14,Napa,055,140530,26037,25929,1006,26935,143
2022-04-14,Nevada,057,99092,16029,16014,1218,17232,123
2022-04-14,Orange,059,3164182,549078,548311,41995,590306,6945
2022-04-14,Placer,061,380077,63038,62882,7448,70330,618
2022-04-14,Plumas,063,18699,2982,2929,371,3300,13
2022-04-14,Riverside,065,2383286,592832,591772,28308,620080,6443
2022-04-14,Sacramento,067,1510023,281886,278523,27320,305843,2978
2022-04-14,San Benito,069,59416,12931,12926,518,13444,98
2022-04-14,San Bernardino,071,2135413,569241,564397,25237,589634,6948
2022-04-14,San Diego,073,3302833,756972,756165,52818,808983,5229
2022-04-14,San Francisco,075,870044,127316,126976,8520,135496,854
2022-04-14,San Joaquin,077,732212,166799,166645,10100,176745,2220
2022-04-14,San Luis Obispo,079,281455,52719,52698,3835,56533,476
2022-04-14,San Mateo,081,765935,123688,122652,7204,129856,699
2022-04-14,Santa Barbara,083,443738,86318,86030,4824,90854,684
2022-04-14,Santa Clara,085,1922200,314934,315296,12691,327987,2268
2022-04-14,Santa Cruz,087,273765,48502,47895,2181,50076,261
2022-04-14,Shasta,089,179085,30603,30578,6157,36735,554
2022-04-14,Sierra,091,2930,274,276,48,324,4
2022-04-14,Siskiyou,093,43540,4451,4444,2764,7208,80
2022-04-14,Solano,095,438530,81873,81781,5627,87408,447
2022-04-14,Sonoma,097,501317,84415,84172,2725,86897,485
2022-04-14,Stanislaus,099,539301,117640,117567,17636,135203,1619
2022-04-14,Sutter,101,95872,20529,20621,2137,22758,224
2022-04-14,Tehama,103,63373,12052,12061,2625,14686,199
2022-04-14,Trinity,105,12862,1183,1178,295,1473,20
2022-04-14,Tulare,107,460477,106636,105757,28662,134419,1428
2022-04-14,Tuolumne,109,53932,12663,12640,570,13210,180
2022-04-14,Ventura,111,848112,173952,173665,9438,183103,1474
2022-04-14,Yolo,113,214977,37188,36752,3258,40010,311
2022-04-14,Yuba,115,75493,15878,15857,1222,17079,121
2022-04-13,Alameda,001,1643700,258715,257440,14326,271766,1833
2022-04-13,Alpine,003,1148,124,124,1,125,0
2022-04-13,Amador,005,37829,8542,8490,657,9147,86
2022-04-13,Butte,007,227075,33121,33044,6707,39751,402
2022-04-13,Calaveras,009,45235,7291,7270,357,7627,119
2022-04-13,Colusa,011,21464,3451,3451,1074,4525,21
2022-04-13,Contra Costa,013,1133247,190032,189471,13420,202891,1298
2022-04-13,Del Norte,015,27424,5813,5812,197,6009,50
2022-04-13,El Dorado,017,186661,26821,26794,3243,30037,208
2022-04-13,Fresno,019,978130,231747,231325,24130,255455,2738
2022-04-13,Glenn,021,27897,4985,4989,1613,6602,48
2022-04-13,Humboldt,023,135768,16963,16922,2991,19913,143
2022-04-13,Imperial,025,180216,55463,55353,10846,66199,910
2022-04-13,Inyo,027,18085,4079,4074,503,4577,56
2022-04-13,Kern,029,883053,192077,191859,46366,238225,2249
2022-04-13,Kings,031,150075,51568,51535,3630,55165,443
2022-04-13,Lake,033,64148,10727,10695,903,11598,134
2022-04-13,Lassen,035,31185,8967,8949,889,9838,65
2022-04-13,Los Angeles,037,10098052,2722974,2715722,125572,2841294,31578
2022-04-13,Madera,039,155013,37332,37361,6127,43488,354
2022-04-13,Marin,041,260295,33966,33747,2503,36250,288
2022-04-13,Mariposa,043,17540,2410,2402,205,2607,29
2022-04-13,Mendocino,045,87422,13131,13101,3063,16164,120
2022-04-13,Merced,047,269075,62287,62276,8721,70997,811
2022-04-13,Modoc,049,8938,742,743,253,996,8
2022-04-13,Mono,051,14174,2979,2971,125,3096,6
2022-04-13,Monterey,053,433212,79634,79179,14036,93215,727
2022-04-13,Napa,055,140530,26021,25892,1003,26895,143
2022-04-13,Nevada,057,99092,16023,16002,1218,17220,123
2022-04-13,Orange,059,3164182,548875,547783,41968,589751,6935
2022-04-13,Placer,061,380077,63010,62851,7444,70295,615
2022-04-13,Plumas,063,18699,2981,2923,371,3294,13
2022-04-13,Riverside,065,2383286,592693,591659,28301,619960,6437
2022-04-13,Sacramento,067,1510023,281797,277866,27317,305183,2974
2022-04-13,San Benito,069,59416,12925,12927,518,13445,98
2022-04-13,San Bernardino,071,2135413,569098,563709,25229,588938,6905
2022-04-13,San Diego,073,3302833,756688,755584,52789,808373,5223
2022-04-13,San Francisco,075,870044,127145,126608,8504,135112,850
2022-04-13,San Joaquin,077,732212,166764,166654,10098,176752,2219
2022-04-13,San Luis Obispo,079,281455,52695,52660,3835,56495,476
2022-04-13,San Mateo,081,765935,123538,122167,7181,129348,699
2022-04-13,Santa Barbara,083,443738,86278,85938,4820,90758,684
2022-04-13,Santa Clara,085,1922200,314668,314863,12673,327536,2267
2022-04-13,Santa Cruz,087,273765,48449,47765,2180,49945,260
2022-04-13,Shasta,089,179085,30601,30569,6157,36726,551
2022-04-13,Sierra,091,2930,274,276,48,324,4
2022-04-13,Siskiyou,093,43540,4450,4444,2763,7207,80
2022-04-13,Solano,095,438530,81835,81843,5625,87468,448
2022-04-13,Sonoma,097,501317,84347,84033,2710,86743,485
2022-04-13,Stanislaus,099,539301,117622,117573,17633,135206,1577
2022-04-13,Sutter,101,95872,20525,20610,2137,22747,223
2022-04-13,Tehama,103,63373,12051,12062,2624,14686,200
2022-04-13,Trinity,105,12862,1183,1177,295,1472,20
2022-04-13,Tulare,107,460477,106629,105519,28657,134176,1426
2022-04-13,Tuolumne,109,53932,12657,12639,570,13209,180
2022-04-13,Ventura,111,848112,173894,173558,9434,182992,1474
2022-04-13,Yolo,113,214977,37167,36684,3256,39940,311
2022-04-13,Yuba,115,75493,15874,15851,1222,17073,121
2022-04-12,Alameda,001,1643700,258472,257440,14316,271756,1833
2022-04-12,Alpine,003,1148,124,124,1,125,0
2022-04-12,Amador,005,37829,8541,8490,657,9147,86
2022-04-12,Butte,007,227075,33109,33044,6701,39745,402
2022-04-12,Calaveras,009,45235,7287,7270,356,7626,119
2022-04-12,Colusa,011,21464,3451,3451,1074,4525,21
2022-04-12,Contra Costa,013,1133247,189874,189471,13406,202877,1298
2022-04-12,Del Norte,015,27424,5811,5812,197,6009,50
2022-04-12,El Dorado,017,186661,26809,26794,3243,30037,208
2022-04-12,Fresno,019,978130,231717,231325,24123,255448,2738
2022-04-12,Glenn,021,27897,4985,4989,1613,6602,48
2022-04-12,Humboldt,023,135768,16955,16922,2990,19912,143
2022-04-12,Imperial,025,180216,55458,55353,10837,66190,910
2022-04-12,Inyo,027,18085,4079,4074,502,4576,56
2022-04-12,Kern,029,883053,192058,191859,46357,238216,2249
2022-04-12,Kings,031,150075,51560,51535,3628,55163,443
2022-04-12,Lake,033,64148,10723,10695,902,11597,134
2022-04-12,Lassen,035,31185,8967,8949,889,9838,65
2022-04-12,Los Angeles,037,10098052,2721724,2715722,125472,2841194,31578
2022-04-12,Madera,039,155013,37331,37361,6127,43488,354
2022-04-12,Marin,041,260295,33922,33747,2476,36223,288
2022-04-12,Mariposa,043,17540,2410,2402,205,2607,29
2022-04-12,Mendocino,045,87422,13122,13101,3058,16159,120
2022-04-12,Merced,047,269075,62273,62276,8719,70995,811
2022-04-12,Modoc,049,8938,742,743,252,995,8
2022-04-12,Mono,051,14174,2979,2971,125,3096,6
2022-04-12,Monterey,053,433212,79610,79179,14030,93209,727
2022-04-12,Napa,055,140530,25998,25892,993,26885,143
2022-04-12,Nevada,057,99092,16020,16002,1217,17219,123
2022-04-12,Orange,059,3164182,548621,547783,41934,589717,6935
2022-04-12,Placer,061,380077,62987,62851,7439,70290,615
2022-04-12,Plumas,063,18699,2979,2923,371,3294,13
2022-04-12,Riverside,065,2383286,592548,591659,28279,619938,6437
2022-04-12,Sacramento,067,1510023,281679,277866,27315,305181,2974
2022-04-12,San Benito,069,59416,12921,12927,517,13444,98
2022-04-12,San Bernardino,071,2135413,568925,563709,25223,588932,6905
2022-04-12,San Diego,073,3302833,756358,755584,52750,808334,5223
2022-04-12,San Francisco,075,870044,126937,126608,8488,135096,850
2022-04-12,San Joaquin,077,732212,166732,166654,10096,176750,2219
2022-04-12,San Luis Obispo,079,281455,52662,52660,3830,56490,476
2022-04-12,San Mateo,081,765935,123382,122167,7156,129323,699
2022-04-12,Santa Barbara,083,443738,86231,85938,4817,90755,684
2022-04-12,Santa Clara,085,1922200,314375,314863,12666,327529,2267
2022-04-12,Santa Cruz,087,273765,48371,47765,2178,49943,260
2022-04-12,Shasta,089,179085,30601,30569,6156,36725,551
2022-04-12,Sierra,091,2930,274,276,48,324,4
2022-04-12,Siskiyou,093,43540,4450,4444,2761,7205,80
2022-04-12,Solano,095,438530,81795,81843,5623,87466,448
2022-04-12,Sonoma,097,501317,84289,84033,2704,86737,485
2022-04-12,Stanislaus,099,539301,117602,117573,17627,135200,1577
2022-04-12,Sutter,101,95872,20522,20610,2137,22747,223
2022-04-12,Tehama,103,63373,12049,12062,2624,14686,200
2022-04-12,Trinity,105,12862,1183,1177,295,1472,20
2022-04-12,Tulare,107,460477,106614,105519,28652,134171,1426
2022-04-12,Tuolumne,109,53932,12655,12639,568,13207,180
2022-04-12,Ventura,111,848112,173847,173558,9430,182988,1474
2022-04-12,Yolo,113,214977,37153,36684,3249,39933,311
2022-04-12,Yuba,115,75493,15869,15851,1222,17073,121
2022-04-11,Alameda,001,1643700,258180,256649,14299,270948,1826
2022-04-11,Alpine,003,1148,124,124,1,125,0
2022-04-11,Amador,005,37829,8540,8489,657,9146,86
2022-04-11,Butte,007,227075,33096,33031,6698,39729,399
2022-04-11,Calaveras,009,45235,7284,7260,356,7616,119
2022-04-11,Colusa,011,21464,3449,3449,1074,4523,21
2022-04-11,Contra Costa,013,1133247,189704,189154,13390,202544,1296
2022-04-11,Del Norte,015,27424,5810,5811,197,6008,50
2022-04-11,El Dorado,017,186661,26797,26757,3242,29999,207
2022-04-11,Fresno,019,978130,231697,231090,24122,255212,2731
2022-04-11,Glenn,021,27897,4984,4988,1612,6600,47
2022-04-11,Humboldt,023,135768,16939,16913,2990,19903,141
2022-04-11,Imperial,025,180216,55453,55267,10835,66102,910
2022-04-11,Inyo,027,18085,4079,4071,502,4573,56
2022-04-11,Kern,029,883053,192034,191542,46352,237894,2244
2022-04-11,Kings,031,150075,51556,51519,3628,55147,443
2022-04-11,Lake,033,64148,10722,10690,901,11591,134
2022-04-11,Lassen,035,31185,8967,8948,889,9837,65
2022-04-11,Los Angeles,037,10098052,2720463,2709735,125401,2835136,31509
2022-04-11,Madera,039,155013,37324,37356,6127,43483,354
2022-04-11,Marin,041,260295,33866,33648,2457,36105,288
2022-04-11,Mariposa,043,17540,2409,2394,205,2599,29
2022-04-11,Mendocino,045,87422,13118,13087,3056,16143,120
2022-04-11,Merced,047,269075,62264,62231,8717,70948,811
2022-04-11,Modoc,049,8938,742,743,252,995,8
2022-04-11,Mono,051,14174,2978,2967,124,3091,6
2022-04-11,Monterey,053,433212,79591,79103,14019,93122,727
2022-04-11,Napa,055,140530,25981,25824,991,26815,144
2022-04-11,Nevada,057,99092,16016,15976,1217,17193,123
2022-04-11,Orange,059,3164182,548415,546983,41898,588881,6912
2022-04-11,Placer,061,380077,62964,62831,7437,70268,616
2022-04-11,Plumas,063,18699,2977,2887,371,3258,13
2022-04-11,Riverside,065,2383286,592419,591268,28261,619529,6429
2022-04-11,Sacramento,067,1510023,281579,277125,27312,304437,2972
2022-04-11,San Benito,069,59416,12919,12917,517,13434,98
2022-04-11,San Bernardino,071,2135413,568767,562571,25214,587785,6892
2022-04-11,San Diego,073,3302833,756033,754281,52713,806994,5210
2022-04-11,San Francisco,075,870044,126708,125963,8475,134438,844
2022-04-11,San Joaquin,077,732212,166694,166547,10091,176638,2212
2022-04-11,San Luis Obispo,079,281455,52639,52609,3829,56438,476
2022-04-11,San Mateo,081,765935,123195,121514,7144,128658,698
2022-04-11,Santa Barbara,083,443738,86182,85754,4812,90566,680
2022-04-11,Santa Clara,085,1922200,314028,313965,12651,326616,2266
2022-04-11,Santa Cruz,087,273765,48276,47624,2169,49793,259
2022-04-11,Shasta,089,179085,30596,30586,6155,36741,549
2022-04-11,Sierra,091,2930,274,272,48,320,4
2022-04-11,Siskiyou,093,43540,4450,4444,2759,7203,80
2022-04-11,Solano,095,438530,81767,81886,5622,87508,448
2022-04-11,Sonoma,097,501317,84218,83600,2696,86296,485
2022-04-11,Stanislaus,099,539301,117568,117528,17619,135147,1578
2022-04-11,Sutter,101,95872,20519,20591,2137,22728,223
2022-04-11,Tehama,103,63373,12048,12059,2624,14683,201
2022-04-11,Trinity,105,12862,1183,1177,295,1472,20
2022-04-11,Tulare,107,460477,106603,105278,28644,133922,1415
2022-04-11,Tuolumne,109,53932,12652,12632,568,13200,180
2022-04-11,Ventura,111,848112,173789,173343,9429,182772,1467
2022-04-11,Yolo,113,214977,37134,36587,3246,39833,312
2022-04-11,Yuba,115,75493,15866,15848,1221,17069,121
2022-04-10,Alameda,001,1643700,257843,256649,14285,270934,1826
2022-04-10,Alpine,003,1148,124,124,1,125,0
2022-04-10,Amador,005,37829,8538,8489,657,9146,86
2022-04-10,Butte,007,227075,33092,33031,6695,39726,399
2022-04-10,Calaveras,009,45235,7281,7260,356,7616,119
2022-04-10,Colusa,011,21464,3448,3449,1074,4523,21
2022-04-10,Contra Costa,013,1133247,189542,189154,13373,202527,1296
2022-04-10,Del Norte,015,27424,5807,5811,197,6008,50
2022-04-10,El Dorado,017,186661,26790,26757,3240,29997,207
2022-04-10,Fresno,019,978130,231659,231090,24120,255210,2731
2022-04-10,Glenn,021,27897,4984,4988,1612,6600,47
2022-04-10,Humboldt,023,135768,16930,16913,2989,19902,141
2022-04-10,Imperial,025,180216,55449,55267,10831,66098,910
2022-04-10,Inyo,027,18085,4079,4071,500,4571,56
2022-04-10,Kern,029,883053,192015,191542,46347,237889,2244
2022-04-10,Kings,031,150075,51554,51519,3628,55147,443
2022-04-10,Lake,033,64148,10718,10690,899,11589,134
2022-04-10,Lassen,035,31185,8966,8948,889,9837,65
2022-04-10,Los Angeles,037,10098052,2719156,2709735,125309,2835044,31509
2022-04-10,Madera,039,155013,37319,37356,6126,43482,354
2022-04-10,Marin,041,260295,33826,33648,2428,36076,288
2022-04-10,Mariposa,043,17540,2407,2394,205,2599,29
2022-04-10,Mendocino,045,87422,13110,13087,3055,16142,120
2022-04-10,Merced,047,269075,62252,62231,8714,70945,811
2022-04-10,Modoc,049,8938,742,743,252,995,8
2022-04-10,Mono,051,14174,2973,2967,124,3091,6
2022-04-10,Monterey,053,433212,79576,79103,14009,93112,727
2022-04-10,Napa,055,140530,25959,25824,989,26813,144
2022-04-10,Nevada,057,99092,15999,15976,1217,17193,123
2022-04-10,Orange,059,3164182,548162,546983,41857,588840,6912
2022-04-10,Placer,061,380077,62933,62831,7436,70267,616
2022-04-10,Plumas,063,18699,2975,2887,371,3258,13
2022-04-10,Riverside,065,2383286,592269,591268,28249,619517,6429
2022-04-10,Sacramento,067,1510023,281482,277125,27301,304426,2972
2022-04-10,San Benito,069,59416,12916,12917,517,13434,98
2022-04-10,San Bernardino,071,2135413,568534,562571,25204,587775,6892
2022-04-10,San Diego,073,3302833,755710,754281,52670,806951,5210
2022-04-10,San Francisco,075,870044,126468,125963,8460,134423,844
2022-04-10,San Joaquin,077,732212,166644,166547,10084,176631,2212
2022-04-10,San Luis Obispo,079,281455,52605,52609,3826,56435,476
2022-04-10,San Mateo,081,765935,123028,121514,7132,128646,698
2022-04-10,Santa Barbara,083,443738,86097,85754,4802,90556,680
2022-04-10,Santa Clara,085,1922200,313694,313965,12637,326602,2266
2022-04-10,Santa Cruz,087,273765,48186,47624,2166,49790,259
2022-04-10,Shasta,089,179085,30589,30586,6155,36741,549
2022-04-10,Sierra,091,2930,274,272,48,320,4
2022-04-10,Siskiyou,093,43540,4450,4444,2757,7201,80
2022-04-10,Solano,095,438530,81720,81886,5618,87504,448
2022-04-10,Sonoma,097,501317,84117,83600,2692,86292,485
2022-04-10,Stanislaus,099,539301,117545,117528,17612,135140,1578
2022-04-10,Sutter,101,95872,20515,20591,2133,22724,223
2022-04-10,Tehama,103,63373,12046,12059,2624,14683,201
2022-04-10,Trinity,105,12862,1183,1177,295,1472,20
2022-04-10,Tulare,107,460477,106587,105278,28640,133918,1415
2022-04-10,Tuolumne,109,53932,12645,12632,568,13200,180
2022-04-10,Ventura,111,848112,173711,173343,9426,182769,1467
2022-04-10,Yolo,113,214977,37115,36587,3241,39828,312
2022-04-10,Yuba,115,75493,15865,15848,1221,17069,121
2022-04-09,Alameda,001,1643700,257670,256649,14280,270929,1826
2022-04-09,Alpine,003,1148,124,124,1,125,0
2022-04-09,Amador,005,37829,8538,8489,656,9145,86
2022-04-09,Butte,007,227075,33089,33031,6695,39726,399
2022-04-09,Calaveras,009,45235,7280,7260,356,7616,119
2022-04-09,Colusa,011,21464,3447,3449,1074,4523,21
2022-04-09,Contra Costa,013,1133247,189446,189154,13365,202519,1296
2022-04-09,Del Norte,015,27424,5806,5811,197,6008,50
2022-04-09,El Dorado,017,186661,26783,26757,3240,29997,207
2022-04-09,Fresno,019,978130,231638,231090,24120,255210,2731
2022-04-09,Glenn,021,27897,4984,4988,1612,6600,47
2022-04-09,Humboldt,023,135768,16923,16913,2989,19902,141
2022-04-09,Imperial,025,180216,55445,55267,10830,66097,910
2022-04-09,Inyo,027,18085,4079,4071,500,4571,56
2022-04-09,Kern,029,883053,192005,191542,46342,237884,2244
2022-04-09,Kings,031,150075,51548,51519,3628,55147,443
2022-04-09,Lake,033,64148,10716,10690,899,11589,134
2022-04-09,Lassen,035,31185,8966,8948,889,9837,65
2022-04-09,Los Angeles,037,10098052,2718485,2709735,125240,2834975,31509
2022-04-09,Madera,039,155013,37316,37356,6126,43482,354
2022-04-09,Marin,041,260295,33792,33648,2385,36033,288
2022-04-09,Mariposa,043,17540,2407,2394,205,2599,29
2022-04-09,Mendocino,045,87422,13109,13087,3055,16142,120
2022-04-09,Merced,047,269075,62236,62231,8712,70943,811
2022-04-09,Modoc,049,8938,742,743,252,995,8
2022-04-09,Mono,051,14174,2972,2967,124,3091,6
2022-04-09,Monterey,053,433212,79567,79103,14005,93108,727
2022-04-09,Napa,055,140530,25935,25824,989,26813,144
2022-04-09,Nevada,057,99092,15996,15976,1217,17193,123
2022-04-09,Orange,059,3164182,548038,546983,41835,588818,6912
2022-04-09,Placer,061,380077,62917,62831,7434,70265,616
2022-04-09,Plumas,063,18699,2975,2887,371,3258,13
2022-04-09,Riverside,065,2383286,592179,591268,28239,619507,6429
2022-04-09,Sacramento,067,1510023,281435,277125,27299,304424,2972
2022-04-09,San Benito,069,59416,12915,12917,517,13434,98
2022-04-09,San Bernardino,071,2135413,568471,562571,25199,587770,6892
2022-04-09,San Diego,073,3302833,755562,754281,52656,806937,5210
2022-04-09,San Francisco,075,870044,126347,125963,8454,134417,844
2022-04-09,San Joaquin,077,732212,166630,166547,10081,176628,2212
2022-04-09,San Luis Obispo,079,281455,52605,52609,3823,56432,476
2022-04-09,San Mateo,081,765935,122938,121514,7126,128640,698
2022-04-09,Santa Barbara,083,443738,86065,85754,4802,90556,680
2022-04-09,Santa Clara,085,1922200,313500,313965,12634,326599,2266
2022-04-09,Santa Cruz,087,273765,48153,47624,2164,49788,259
2022-04-09,Shasta,089,179085,30587,30586,6155,36741,549
2022-04-09,Sierra,091,2930,274,272,48,320,4
2022-04-09,Siskiyou,093,43540,4449,4444,2756,7200,80
2022-04-09,Solano,095,438530,81702,81886,5617,87503,448
2022-04-09,Sonoma,097,501317,84079,83600,2688,86288,485
2022-04-09,Stanislaus,099,539301,117532,117528,17610,135138,1578
2022-04-09,Sutter,101,95872,20514,20591,2133,22724,223
2022-04-09,Tehama,103,63373,12046,12059,2624,14683,201
2022-04-09,Trinity,105,12862,1183,1177,295,1472,20
2022-04-09,Tulare,107,460477,106584,105278,28638,133916,1415
2022-04-09,Tuolumne,109,53932,12643,12632,568,13200,180
2022-04-09,Ventura,111,848112,173675,173343,9423,182766,1467
2022-04-09,Yolo,113,214977,37098,36587,3241,39828,312
2022-04-09,Yuba,115,75493,15863,15848,1221,17069,121
2022-04-08,Alameda,001,1643700,257511,256649,14274,270923,1826
2022-04-08,Alpine,003,1148,124,124,1,125,0
2022-04-08,Amador,005,37829,8536,8489,655,9144,86
2022-04-08,Butte,007,227075,33083,33031,6692,39723,399
2022-04-08,Calaveras,009,45235,7278,7260,356,7616,119
2022-04-08,Colusa,011,21464,3447,3449,1074,4523,21
2022-04-08,Contra Costa,013,1133247,189369,189154,13354,202508,1296
2022-04-08,Del Norte,015,27424,5804,5811,197,6008,50
2022-04-08,El Dorado,017,186661,26781,26757,3240,29997,207
2022-04-08,Fresno,019,978130,231617,231090,24119,255209,2731
2022-04-08,Glenn,021,27897,4984,4988,1612,6600,47
2022-04-08,Humboldt,023,135768,16919,16913,2987,19900,141
2022-04-08,Imperial,025,180216,55441,55267,10830,66097,910
2022-04-08,Inyo,027,18085,4077,4071,499,4570,56
2022-04-08,Kern,029,883053,191987,191542,46341,237883,2244
2022-04-08,Kings,031,150075,51543,51519,3628,55147,443
2022-04-08,Lake,033,64148,10716,10690,899,11589,134
2022-04-08,Lassen,035,31185,8966,8948,889,9837,65
2022-04-08,Los Angeles,037,10098052,2717860,2709735,125186,2834921,31509
2022-04-08,Madera,039,155013,37314,37356,6125,43481,354
2022-04-08,Marin,041,260295,33773,33648,2369,36017,288
2022-04-08,Mariposa,043,17540,2407,2394,205,2599,29
2022-04-08,Mendocino,045,87422,13107,13087,3055,16142,120
2022-04-08,Merced,047,269075,62229,62231,8710,70941,811
2022-04-08,Modoc,049,8938,742,743,252,995,8
2022-04-08,Mono,051,14174,2971,2967,124,3091,6
2022-04-08,Monterey,053,433212,79557,79103,14004,93107,727
2022-04-08,Napa,055,140530,25923,25824,982,26806,144
2022-04-08,Nevada,057,99092,15993,15976,1216,17192,123
2022-04-08,Orange,059,3164182,547918,546983,41820,588803,6912
2022-04-08,Placer,061,380077,62899,62831,7432,70263,616
2022-04-08,Plumas,063,18699,2972,2887,371,3258,13
2022-04-08,Riverside,065,2383286,592100,591268,28236,619504,6429
2022-04-08,Sacramento,067,1510023,281388,277125,27297,304422,2972
2022-04-08,San Benito,069,59416,12915,12917,517,13434,98
2022-04-08,San Bernardino,071,2135413,568418,562571,25196,587767,6892
2022-04-08,San Diego,073,3302833,755394,754281,52648,806929,5210
2022-04-08,San Francisco,075,870044,126250,125963,8450,134413,844
2022-04-08,San Joaquin,077,732212,166613,166547,10079,176626,2212
2022-04-08,San Luis Obispo,079,281455,52600,52609,3823,56432,476
2022-04-08,San Mateo,081,765935,122834,121514,7121,128635,698
2022-04-08,Santa Barbara,083,443738,86044,85754,4802,90556,680
2022-04-08,Santa Clara,085,1922200,313319,313965,12626,326591,2266
2022-04-08,Santa Cruz,087,273765,48136,47624,2161,49785,259
2022-04-08,Shasta,089,179085,30584,30586,6155,36741,549
2022-04-08,Sierra,091,2930,274,272,48,320,4
2022-04-08,Siskiyou,093,43540,4449,4444,2756,7200,80
2022-04-08,Solano,095,438530,81682,81886,5616,87502,448
2022-04-08,Sonoma,097,501317,84028,83600,2683,86283,485
2022-04-08,Stanislaus,099,539301,117517,117528,17609,135137,1578
2022-04-08,Sutter,101,95872,20514,20591,2133,22724,223
2022-04-08,Tehama,103,63373,12046,12059,2624,14683,201
2022-04-08,Trinity,105,12862,1183,1177,295,1472,20
2022-04-08,Tulare,107,460477,106580,105278,28634,133912,1415
2022-04-08,Tuolumne,109,53932,12642,12632,568,13200,180
2022-04-08,Ventura,111,848112,173645,173343,9421,182764,1467
2022-04-08,Yolo,113,214977,37090,36587,3240,39827,312
2022-04-08,Yuba,115,75493,15862,15848,1221,17069,121
2022-04-07,Alameda,001,1643700,257318,256649,14266,270915,1826
2022-04-07,Alpine,003,1148,124,124,1,125,0
2022-04-07,Amador,005,37829,8535,8489,653,9142,86
2022-04-07,Butte,007,227075,33080,33031,6691,39722,399
2022-04-07,Calaveras,009,45235,7276,7260,356,7616,119
2022-04-07,Colusa,011,21464,3446,3449,1074,4523,21
2022-04-07,Contra Costa,013,1133247,189249,189154,13343,202497,1296
2022-04-07,Del Norte,015,27424,5803,5811,197,6008,50
2022-04-07,El Dorado,017,186661,26769,26757,3238,29995,207
2022-04-07,Fresno,019,978130,231591,231090,24117,255207,2731
2022-04-07,Glenn,021,27897,4982,4988,1611,6599,47
2022-04-07,Humboldt,023,135768,16912,16913,2985,19898,141
2022-04-07,Imperial,025,180216,55439,55267,10827,66094,910
2022-04-07,Inyo,027,18085,4077,4071,499,4570,56
2022-04-07,Kern,029,883053,191963,191542,46338,237880,2244
2022-04-07,Kings,031,150075,51535,51519,3628,55147,443
2022-04-07,Lake,033,64148,10712,10690,899,11589,134
2022-04-07,Lassen,035,31185,8966,8948,889,9837,65
2022-04-07,Los Angeles,037,10098052,2716949,2709735,125110,2834845,31509
2022-04-07,Madera,039,155013,37309,37356,6125,43481,354
2022-04-07,Marin,041,260295,33755,33648,2349,35997,288
2022-04-07,Mariposa,043,17540,2404,2394,204,2598,29
2022-04-07,Mendocino,045,87422,13103,13087,3054,16141,120
2022-04-07,Merced,047,269075,62220,62231,8706,70937,811
2022-04-07,Modoc,049,8938,742,743,252,995,8
2022-04-07,Mono,051,14174,2971,2967,123,3090,6
2022-04-07,Monterey,053,433212,79537,79103,14000,93103,727
2022-04-07,Napa,055,140530,25906,25824,978,26802,144
2022-04-07,Nevada,057,99092,15986,15976,1215,17191,123
2022-04-07,Orange,059,3164182,547764,546983,41790,588773,6912
2022-04-07,Placer,061,380077,62883,62831,7429,70260,616
2022-04-07,Plumas,063,18699,2972,2887,371,3258,13
2022-04-07,Riverside,065,2383286,591994,591268,28223,619491,6429
2022-04-07,Sacramento,067,1510023,281323,277125,27290,304415,2972
2022-04-07,San Benito,069,59416,12914,12917,517,13434,98
2022-04-07,San Bernardino,071,2135413,568255,562571,25184,587755,6892
2022-04-07,San Diego,073,3302833,755127,754281,52621,806902,5210
2022-04-07,San Francisco,075,870044,126094,125963,8434,134397,844
2022-04-07,San Joaquin,077,732212,166575,166547,10076,176623,2212
2022-04-07,San Luis Obispo,079,281455,52582,52609,3821,56430,476
2022-04-07,San Mateo,081,765935,122713,121514,7105,128619,698
2022-04-07,Santa Barbara,083,443738,86001,85754,4800,90554,680
2022-04-07,Santa Clara,085,1922200,313097,313965,12613,326578,2266
2022-04-07,Santa Cruz,087,273765,48117,47624,2157,49781,259
2022-04-07,Shasta,089,179085,30583,30586,6155,36741,549
2022-04-07,Sierra,091,2930,274,272,48,320,4
2022-04-07,Siskiyou,093,43540,4449,4444,2754,7198,80
2022-04-07,Solano,095,438530,81652,81886,5615,87501,448
2022-04-07,Sonoma,097,501317,83984,83600,2677,86277,485
2022-04-07,Stanislaus,099,539301,117495,117528,17605,135133,1578
2022-04-07,Sutter,101,95872,20511,20591,2132,22723,223
2022-04-07,Tehama,103,63373,12043,12059,2624,14683,201
2022-04-07,Trinity,105,12862,1183,1177,295,1472,20
2022-04-07,Tulare,107,460477,106574,105278,28632,133910,1415
2022-04-07,Tuolumne,109,53932,12640,12632,567,13199,180
2022-04-07,Ventura,111,848112,173616,173343,9419,182762,1467
2022-04-07,Yolo,113,214977,37076,36587,3240,39827,312
2022-04-07,Yuba,115,75493,15860,15848,1221,17069,121
2022-04-06,Alameda,001,1643700,257130,256143,14259,270402,1814
2022-04-06,Alpine,003,1148,124,124,1,125,0
2022-04-06,Amador,005,37829,8534,8488,653,9141,86
2022-04-06,Butte,007,227075,33075,32997,6689,39686,396
2022-04-06,Calaveras,009,45235,7274,7258,356,7614,120
2022-04-06,Colusa,011,21464,3446,3447,1074,4521,21
2022-04-06,Contra Costa,013,1133247,189182,188850,13328,202178,1296
2022-04-06,Del Norte,015,27424,5802,5809,197,6006,50
2022-04-06,El Dorado,017,186661,26766,26744,3238,29982,205
2022-04-06,Fresno,019,978130,231553,230942,24115,255057,2725
2022-04-06,Glenn,021,27897,4982,4986,1610,6596,47
2022-04-06,Humboldt,023,135768,16908,16904,2984,19888,140
2022-04-06,Imperial,025,180216,55432,55294,10827,66121,908
2022-04-06,Inyo,027,18085,4076,4068,497,4565,56
2022-04-06,Kern,029,883053,191941,191449,46335,237784,2234
2022-04-06,Kings,031,150075,51534,51491,3627,55118,443
2022-04-06,Lake,033,64148,10708,10679,899,11578,136
2022-04-06,Lassen,035,31185,8966,8945,889,9834,65
2022-04-06,Los Angeles,037,10098052,2715906,2707306,125046,2832352,31465
2022-04-06,Madera,039,155013,37304,37349,6125,43474,354
2022-04-06,Marin,041,260295,33735,33566,2341,35907,288
2022-04-06,Mariposa,043,17540,2403,2392,204,2596,29
2022-04-06,Mendocino,045,87422,13099,13074,3053,16127,119
2022-04-06,Merced,047,269075,62211,62195,8703,70898,810
2022-04-06,Modoc,049,8938,742,741,252,993,8
2022-04-06,Mono,051,14174,2970,2967,123,3090,6
2022-04-06,Monterey,053,433212,79523,79019,13990,93009,727
2022-04-06,Napa,055,140530,25887,25790,975,26765,143
2022-04-06,Nevada,057,99092,15984,15974,1215,17189,123
2022-04-06,Orange,059,3164182,547592,546491,41763,588254,6887
2022-04-06,Placer,061,380077,62877,62787,7428,70215,615
2022-04-06,Plumas,063,18699,2972,2850,371,3221,13
2022-04-06,Riverside,065,2383286,591897,590826,28218,619044,6424
2022-04-06,Sacramento,067,1510023,281244,276567,27286,303853,2953
2022-04-06,San Benito,069,59416,12913,12908,517,13425,98
2022-04-06,San Bernardino,071,2135413,568122,561648,25182,586830,6883
2022-04-06,San Diego,073,3302833,754830,753402,52585,805987,5192
2022-04-06,San Francisco,075,870044,125936,125536,8427,133963,843
2022-04-06,San Joaquin,077,732212,166544,166415,10073,176488,2207
2022-04-06,San Luis Obispo,079,281455,52560,52557,3819,56376,475
2022-04-06,San Mateo,081,765935,122605,121041,7093,128134,693
2022-04-06,Santa Barbara,083,443738,85962,85630,4796,90426,679
2022-04-06,Santa Clara,085,1922200,312900,313278,12590,325868,2265
2022-04-06,Santa Cruz,087,273765,48062,47446,2151,49597,259
2022-04-06,Shasta,089,179085,30582,30565,6155,36720,529
2022-04-06,Sierra,091,2930,274,272,48,320,4
2022-04-06,Siskiyou,093,43540,4449,4442,2754,7196,80
2022-04-06,Solano,095,438530,81618,81789,5611,87400,447
2022-04-06,Sonoma,097,501317,83924,83361,2670,86031,485
2022-04-06,Stanislaus,099,539301,117479,117534,17599,135133,1578
2022-04-06,Sutter,101,95872,20506,20581,2132,22713,222
2022-04-06,Tehama,103,63373,12043,12049,2624,14673,198
2022-04-06,Trinity,105,12862,1183,1173,295,1468,20
2022-04-06,Tulare,107,460477,106568,104826,28627,133453,1414
2022-04-06,Tuolumne,109,53932,12638,12621,567,13188,180
2022-04-06,Ventura,111,848112,173562,173179,9415,182594,1460
2022-04-06,Yolo,113,214977,37054,36393,3239,39632,314
2022-04-06,Yuba,115,75493,15856,15839,1221,17060,121
2022-04-05,Alameda,001,1643700,256913,256143,14250,270393,1814
2022-04-05,Alpine,003,1148,124,124,1,125,0
2022-04-05,Amador,005,37829,8532,8488,653,9141,86
2022-04-05,Butte,007,227075,33069,32997,6685,39682,396
2022-04-05,Calaveras,009,45235,7270,7258,356,7614,120
2022-04-05,Colusa,011,21464,3444,3447,1073,4520,21
2022-04-05,Contra Costa,013,1133247,189086,188850,13322,202172,1296
2022-04-05,Del Norte,015,27424,5800,5809,197,6006,50
2022-04-05,El Dorado,017,186661,26754,26744,3238,29982,205
2022-04-05,Fresno,019,978130,231521,230942,24108,255050,2725
2022-04-05,Glenn,021,27897,4982,4986,1609,6595,47
2022-04-05,Humboldt,023,135768,16902,16904,2984,19888,140
2022-04-05,Imperial,025,180216,55430,55294,10827,66121,908
2022-04-05,Inyo,027,18085,4075,4068,496,4564,56
2022-04-05,Kern,029,883053,191920,191449,46332,237781,2234
2022-04-05,Kings,031,150075,51531,51491,3627,55118,443
2022-04-05,Lake,033,64148,10705,10679,899,11578,136
2022-04-05,Lassen,035,31185,8966,8945,889,9834,65
2022-04-05,Los Angeles,037,10098052,2714850,2707306,124971,2832277,31465
2022-04-05,Madera,039,155013,37297,37349,6123,43472,354
2022-04-05,Marin,041,260295,33680,33566,2326,35892,288
2022-04-05,Mariposa,043,17540,2403,2392,204,2596,29
2022-04-05,Mendocino,045,87422,13093,13074,3052,16126,119
2022-04-05,Merced,047,269075,62200,62195,8696,70891,810
2022-04-05,Modoc,049,8938,742,741,252,993,8
2022-04-05,Mono,051,14174,2969,2967,123,3090,6
2022-04-05,Monterey,053,433212,79499,79019,13978,92997,727
2022-04-05,Napa,055,140530,25878,25790,970,26760,143
2022-04-05,Nevada,057,99092,15976,15974,1215,17189,123
2022-04-05,Orange,059,3164182,547408,546491,41734,588225,6887
2022-04-05,Placer,061,380077,62851,62787,7428,70215,615
2022-04-05,Plumas,063,18699,2972,2850,371,3221,13
2022-04-05,Riverside,065,2383286,591779,590826,28206,619032,6424
2022-04-05,Sacramento,067,1510023,281167,276567,27281,303848,2953
2022-04-05,San Benito,069,59416,12905,12908,517,13425,98
2022-04-05,San Bernardino,071,2135413,567988,561648,25170,586818,6883
2022-04-05,San Diego,073,3302833,754518,753402,52542,805944,5192
2022-04-05,San Francisco,075,870044,125734,125536,8419,133955,843
2022-04-05,San Joaquin,077,732212,166501,166415,10070,176485,2207
2022-04-05,San Luis Obispo,079,281455,52543,52557,3814,56371,475
2022-04-05,San Mateo,081,765935,122488,121041,7082,128123,693
2022-04-05,Santa Barbara,083,443738,85926,85630,4794,90424,679
2022-04-05,Santa Clara,085,1922200,312639,313278,12577,325855,2265
2022-04-05,Santa Cruz,087,273765,47995,47446,2148,49594,259
2022-04-05,Shasta,089,179085,30582,30565,6153,36718,529
2022-04-05,Sierra,091,2930,274,272,48,320,4
2022-04-05,Siskiyou,093,43540,4449,4442,2754,7196,80
2022-04-05,Solano,095,438530,81568,81789,5608,87397,447
2022-04-05,Sonoma,097,501317,83860,83361,2661,86022,485
2022-04-05,Stanislaus,099,539301,117465,117534,17590,135124,1578
2022-04-05,Sutter,101,95872,20502,20581,2131,22712,222
2022-04-05,Tehama,103,63373,12041,12049,2623,14672,198
2022-04-05,Trinity,105,12862,1183,1173,295,1468,20
2022-04-05,Tulare,107,460477,106557,104826,28624,133450,1414
2022-04-05,Tuolumne,109,53932,12636,12621,567,13188,180
2022-04-05,Ventura,111,848112,173506,173179,9409,182588,1460
2022-04-05,Yolo,113,214977,37041,36393,3236,39629,314
2022-04-05,Yuba,115,75493,15854,15839,1221,17060,121
2022-04-04,Alameda,001,1643700,256679,256143,14236,270379,1814
2022-04-04,Alpine,003,1148,124,124,1,125,0
2022-04-04,Amador,005,37829,8531,8488,652,9140,86
2022-04-04,Butte,007,227075,33064,32997,6682,39679,396
2022-04-04,Calaveras,009,45235,7270,7258,356,7614,120
2022-04-04,Colusa,011,21464,3443,3447,1073,4520,21
2022-04-04,Contra Costa,013,1133247,188985,188850,13318,202168,1296
2022-04-04,Del Norte,015,27424,5800,5809,197,6006,50
2022-04-04,El Dorado,017,186661,26749,26744,3237,29981,205
2022-04-04,Fresno,019,978130,231504,230942,24104,255046,2725
2022-04-04,Glenn,021,27897,4981,4986,1609,6595,47
2022-04-04,Humboldt,023,135768,16894,16904,2979,19883,140
2022-04-04,Imperial,025,180216,55426,55294,10827,66121,908
2022-04-04,Inyo,027,18085,4075,4068,494,4562,56
2022-04-04,Kern,029,883053,191898,191449,46326,237775,2234
2022-04-04,Kings,031,150075,51524,51491,3627,55118,443
2022-04-04,Lake,033,64148,10700,10679,899,11578,136
2022-04-04,Lassen,035,31185,8966,8945,889,9834,65
2022-04-04,Los Angeles,037,10098052,2713743,2707306,124925,2832231,31465
2022-04-04,Madera,039,155013,37293,37349,6123,43472,354
2022-04-04,Marin,041,260295,33663,33566,2317,35883,288
2022-04-04,Mariposa,043,17540,2402,2392,204,2596,29
2022-04-04,Mendocino,045,87422,13087,13074,3052,16126,119
2022-04-04,Merced,047,269075,62190,62195,8691,70886,810
2022-04-04,Modoc,049,8938,742,741,252,993,8
2022-04-04,Mono,051,14174,2969,2967,123,3090,6
2022-04-04,Monterey,053,433212,79483,79019,13972,92991,727
2022-04-04,Napa,055,140530,25861,25790,970,26760,143
2022-04-04,Nevada,057,99092,15972,15974,1215,17189,123
2022-04-04,Orange,059,3164182,547242,546491,41708,588199,6887
2022-04-04,Placer,061,380077,62840,62787,7427,70214,615
2022-04-04,Plumas,063,18699,2971,2850,371,3221,13
2022-04-04,Riverside,065,2383286,591685,590826,28194,619020,6424
2022-04-04,Sacramento,067,1510023,281073,276567,27271,303838,2953
2022-04-04,San Benito,069,59416,12902,12908,517,13425,98
2022-04-04,San Bernardino,071,2135413,567854,561648,25162,586810,6883
2022-04-04,San Diego,073,3302833,754197,753402,52507,805909,5192
2022-04-04,San Francisco,075,870044,125534,125536,8410,133946,843
2022-04-04,San Joaquin,077,732212,166475,166415,10067,176482,2207
2022-04-04,San Luis Obispo,079,281455,52520,52557,3812,56369,475
2022-04-04,San Mateo,081,765935,122351,121041,7068,128109,693
2022-04-04,Santa Barbara,083,443738,85881,85630,4793,90423,679
2022-04-04,Santa Clara,085,1922200,312371,313278,12565,325843,2265
2022-04-04,Santa Cruz,087,273765,47947,47446,2147,49593,259
2022-04-04,Shasta,089,179085,30579,30565,6152,36717,529
2022-04-04,Sierra,091,2930,274,272,48,320,4
2022-04-04,Siskiyou,093,43540,4449,4442,2754,7196,80
2022-04-04,Solano,095,438530,81524,81789,5605,87394,447
2022-04-04,Sonoma,097,501317,83805,83361,2654,86015,485
2022-04-04,Stanislaus,099,539301,117443,117534,17583,135117,1578
2022-04-04,Sutter,101,95872,20499,20581,2131,22712,222
2022-04-04,Tehama,103,63373,12039,12049,2623,14672,198
2022-04-04,Trinity,105,12862,1183,1173,295,1468,20
2022-04-04,Tulare,107,460477,106548,104826,28620,133446,1414
2022-04-04,Tuolumne,109,53932,12630,12621,567,13188,180
2022-04-04,Ventura,111,848112,173464,173179,9407,182586,1460
2022-04-04,Yolo,113,214977,37031,36393,3234,39627,314
2022-04-04,Yuba,115,75493,15852,15839,1221,17060,121
2022-04-03,Alameda,001,1643700,256418,255650,14234,269884,1813
2022-04-03,Alpine,003,1148,124,124,1,125,0
2022-04-03,Amador,005,37829,8531,8485,652,9137,86
2022-04-03,Butte,007,227075,33057,32981,6680,39661,396
2022-04-03,Calaveras,009,45235,7270,7254,356,7610,119
2022-04-03,Colusa,011,21464,3443,3445,1073,4518,21
2022-04-03,Contra Costa,013,1133247,188879,188658,13309,201967,1291
2022-04-03,Del Norte,015,27424,5800,5812,197,6009,50
2022-04-03,El Dorado,017,186661,26735,26732,3236,29968,200
2022-04-03,Fresno,019,978130,231471,230559,24101,254660,2722
2022-04-03,Glenn,021,27897,4981,4982,1609,6591,47
2022-04-03,Humboldt,023,135768,16889,16898,2979,19877,140
2022-04-03,Imperial,025,180216,55424,55266,10824,66090,908
2022-04-03,Inyo,027,18085,4073,4063,494,4557,56
2022-04-03,Kern,029,883053,191873,191384,46321,237705,2224
2022-04-03,Kings,031,150075,51518,51470,3625,55095,443
2022-04-03,Lake,033,64148,10698,10674,899,11573,136
2022-04-03,Lassen,035,31185,8965,8943,889,9832,65
2022-04-03,Los Angeles,037,10098052,2712543,2703576,124841,2828417,31410
2022-04-03,Madera,039,155013,37291,37333,6121,43454,354
2022-04-03,Marin,041,260295,33628,33493,2308,35801,287
2022-04-03,Mariposa,043,17540,2401,2391,204,2595,29
2022-04-03,Mendocino,045,87422,13081,13058,3050,16108,119
2022-04-03,Merced,047,269075,62175,62149,8687,70836,808
2022-04-03,Modoc,049,8938,741,741,252,993,8
2022-04-03,Mono,051,14174,2969,2967,123,3090,6
2022-04-03,Monterey,053,433212,79465,78964,13948,92912,726
2022-04-03,Napa,055,140530,25841,25757,969,26726,143
2022-04-03,Nevada,057,99092,15966,15962,1215,17177,123
2022-04-03,Orange,059,3164182,547040,546047,41682,587729,6880
2022-04-03,Placer,061,380077,62814,62740,7422,70162,614
2022-04-03,Plumas,063,18699,2970,2803,371,3174,14
2022-04-03,Riverside,065,2383286,591527,590563,28177,618740,6418
2022-04-03,Sacramento,067,1510023,280999,276218,27257,303475,2950
2022-04-03,San Benito,069,59416,12898,12901,517,13418,98
2022-04-03,San Bernardino,071,2135413,567705,561362,25157,586519,6865
2022-04-03,San Diego,073,3302833,753865,752281,52470,804751,5178
2022-04-03,San Francisco,075,870044,125305,125075,8404,133479,843
2022-04-03,San Joaquin,077,732212,166418,166336,10062,176398,2202
2022-04-03,San Luis Obispo,079,281455,52501,52512,3812,56324,475
2022-04-03,San Mateo,081,765935,122210,120717,7061,127778,693
2022-04-03,Santa Barbara,083,443738,85837,85611,4791,90402,678
2022-04-03,Santa Clara,085,1922200,312071,312517,12555,325072,2258
2022-04-03,Santa Cruz,087,273765,47892,47371,2145,49516,259
2022-04-03,Shasta,089,179085,30569,30556,6151,36707,530
2022-04-03,Sierra,091,2930,274,273,48,321,4
2022-04-03,Siskiyou,093,43540,4449,4439,2754,7193,80
2022-04-03,Solano,095,438530,81483,81848,5600,87448,446
2022-04-03,Sonoma,097,501317,83727,83235,2647,85882,485
2022-04-03,Stanislaus,099,539301,117413,117536,17578,135114,1581
2022-04-03,Sutter,101,95872,20496,20570,2131,22701,222
2022-04-03,Tehama,103,63373,12036,12046,2623,14669,198
2022-04-03,Trinity,105,12862,1183,1173,295,1468,20
2022-04-03,Tulare,107,460477,106541,104736,28611,133347,1410
2022-04-03,Tuolumne,109,53932,12629,12618,567,13185,180
2022-04-03,Ventura,111,848112,173413,173044,9404,182448,1460
2022-04-03,Yolo,113,214977,37013,36347,3232,39579,313
2022-04-03,Yuba,115,75493,15850,15835,1221,17056,120
2022-04-02,Alameda,001,1643700,256314,255650,14233,269883,1813
2022-04-02,Alpine,003,1148,124,124,1,125,0
2022-04-02,Amador,005,37829,8531,8485,652,9137,86
2022-04-02,Butte,007,227075,33053,32981,6680,39661,396
2022-04-02,Calaveras,009,45235,7270,7254,356,7610,119
2022-04-02,Colusa,011,21464,3443,3445,1073,4518,21
2022-04-02,Contra Costa,013,1133247,188823,188658,13306,201964,1291
2022-04-02,Del Norte,015,27424,5799,5812,197,6009,50
2022-04-02,El Dorado,017,186661,26732,26732,3236,29968,200
2022-04-02,Fresno,019,978130,231442,230559,24100,254659,2722
2022-04-02,Glenn,021,27897,4981,4982,1609,6591,47
2022-04-02,Humboldt,023,135768,16885,16898,2979,19877,140
2022-04-02,Imperial,025,180216,55420,55266,10824,66090,908
2022-04-02,Inyo,027,18085,4073,4063,494,4557,56
2022-04-02,Kern,029,883053,191860,191384,46317,237701,2224
2022-04-02,Kings,031,150075,51515,51470,3625,55095,443
2022-04-02,Lake,033,64148,10697,10674,899,11573,136
2022-04-02,Lassen,035,31185,8965,8943,889,9832,65
2022-04-02,Los Angeles,037,10098052,2712047,2703576,124801,2828377,31410
2022-04-02,Madera,039,155013,37288,37333,6121,43454,354
2022-04-02,Marin,041,260295,33604,33493,2300,35793,287
2022-04-02,Mariposa,043,17540,2400,2391,204,2595,29
2022-04-02,Mendocino,045,87422,13079,13058,3050,16108,119
2022-04-02,Merced,047,269075,62172,62149,8687,70836,808
2022-04-02,Modoc,049,8938,741,741,252,993,8
2022-04-02,Mono,051,14174,2969,2967,122,3089,6
2022-04-02,Monterey,053,433212,79452,78964,13942,92906,726
2022-04-02,Napa,055,140530,25827,25757,968,26725,143
2022-04-02,Nevada,057,99092,15962,15962,1214,17176,123
2022-04-02,Orange,059,3164182,546936,546047,41669,587716,6880
2022-04-02,Placer,061,380077,62804,62740,7420,70160,614
2022-04-02,Plumas,063,18699,2970,2803,371,3174,14
2022-04-02,Riverside,065,2383286,591452,590563,28172,618735,6418
2022-04-02,Sacramento,067,1510023,280962,276218,27256,303474,2950
2022-04-02,San Benito,069,59416,12897,12901,517,13418,98
2022-04-02,San Bernardino,071,2135413,567654,561362,25153,586515,6865
2022-04-02,San Diego,073,3302833,753739,752281,52462,804743,5178
2022-04-02,San Francisco,075,870044,125204,125075,8394,133469,843
2022-04-02,San Joaquin,077,732212,166398,166336,10060,176396,2202
2022-04-02,San Luis Obispo,079,281455,52496,52512,3812,56324,475
2022-04-02,San Mateo,081,765935,122117,120717,7052,127769,693
2022-04-02,Santa Barbara,083,443738,85818,85611,4790,90401,678
2022-04-02,Santa Clara,085,1922200,311907,312517,12551,325068,2258
2022-04-02,Santa Cruz,087,273765,47880,47371,2144,49515,259
2022-04-02,Shasta,089,179085,30568,30556,6151,36707,530
2022-04-02,Sierra,091,2930,274,273,48,321,4
2022-04-02,Siskiyou,093,43540,4448,4439,2753,7192,80
2022-04-02,Solano,095,438530,81468,81848,5600,87448,446
2022-04-02,Sonoma,097,501317,83679,83235,2641,85876,485
2022-04-02,Stanislaus,099,539301,117403,117536,17576,135112,1581
2022-04-02,Sutter,101,95872,20491,20570,2131,22701,222
2022-04-02,Tehama,103,63373,12036,12046,2623,14669,198
2022-04-02,Trinity,105,12862,1183,1173,295,1468,20
2022-04-02,Tulare,107,460477,106538,104736,28611,133347,1410
2022-04-02,Tuolumne,109,53932,12627,12618,567,13185,180
2022-04-02,Ventura,111,848112,173374,173044,9404,182448,1460
2022-04-02,Yolo,113,214977,37004,36347,3229,39576,313
2022-04-02,Yuba,115,75493,15849,15835,1221,17056,120
2022-04-01,Alameda,001,1643700,256200,255650,14229,269879,1813
2022-04-01,Alpine,003,1148,124,124,1,125,0
2022-04-01,Amador,005,37829,8531,8485,652,9137,86
2022-04-01,Butte,007,227075,33049,32981,6676,39657,396
2022-04-01,Calaveras,009,45235,7268,7254,356,7610,119
2022-04-01,Colusa,011,21464,3442,3445,1073,4518,21
2022-04-01,Contra Costa,013,1133247,188771,188658,13305,201963,1291
2022-04-01,Del Norte,015,27424,5797,5812,197,6009,50
2022-04-01,El Dorado,017,186661,26729,26732,3235,29967,200
2022-04-01,Fresno,019,978130,231416,230559,24098,254657,2722
2022-04-01,Glenn,021,27897,4981,4982,1609,6591,47
2022-04-01,Humboldt,023,135768,16883,16898,2979,19877,140
2022-04-01,Imperial,025,180216,55418,55266,10824,66090,908
2022-04-01,Inyo,027,18085,4071,4063,493,4556,56
2022-04-01,Kern,029,883053,191849,191384,46314,237698,2224
2022-04-01,Kings,031,150075,51512,51470,3625,55095,443
2022-04-01,Lake,033,64148,10695,10674,899,11573,136
2022-04-01,Lassen,035,31185,8964,8943,889,9832,65
2022-04-01,Los Angeles,037,10098052,2711547,2703576,124758,2828334,31410
2022-04-01,Madera,039,155013,37287,37333,6121,43454,354
2022-04-01,Marin,041,260295,33586,33493,2293,35786,287
2022-04-01,Mariposa,043,17540,2397,2391,204,2595,29
2022-04-01,Mendocino,045,87422,13076,13058,3050,16108,119
2022-04-01,Merced,047,269075,62165,62149,8685,70834,808
2022-04-01,Modoc,049,8938,741,741,252,993,8
2022-04-01,Mono,051,14174,2969,2967,122,3089,6
2022-04-01,Monterey,053,433212,79435,78964,13939,92903,726
2022-04-01,Napa,055,140530,25819,25757,968,26725,143
2022-04-01,Nevada,057,99092,15962,15962,1213,17175,123
2022-04-01,Orange,059,3164182,546828,546047,41659,587706,6880
2022-04-01,Placer,061,380077,62790,62740,7420,70160,614
2022-04-01,Plumas,063,18699,2970,2803,370,3173,14
2022-04-01,Riverside,065,2383286,591388,590563,28158,618721,6418
2022-04-01,Sacramento,067,1510023,280923,276218,27252,303470,2950
2022-04-01,San Benito,069,59416,12896,12901,517,13418,98
2022-04-01,San Bernardino,071,2135413,567599,561362,25149,586511,6865
2022-04-01,San Diego,073,3302833,753589,752281,52447,804728,5178
2022-04-01,San Francisco,075,870044,125094,125075,8387,133462,843
2022-04-01,San Joaquin,077,732212,166378,166336,10058,176394,2202
2022-04-01,San Luis Obispo,079,281455,52490,52512,3811,56323,475
2022-04-01,San Mateo,081,765935,122055,120717,7046,127763,693
2022-04-01,Santa Barbara,083,443738,85796,85611,4789,90400,678
2022-04-01,Santa Clara,085,1922200,311757,312517,12550,325067,2258
2022-04-01,Santa Cruz,087,273765,47865,47371,2142,49513,259
2022-04-01,Shasta,089,179085,30567,30556,6151,36707,530
2022-04-01,Sierra,091,2930,274,273,48,321,4
2022-04-01,Siskiyou,093,43540,4448,4439,2752,7191,80
2022-04-01,Solano,095,438530,81453,81848,5600,87448,446
2022-04-01,Sonoma,097,501317,83635,83235,2640,85875,485
2022-04-01,Stanislaus,099,539301,117392,117536,17573,135109,1581
2022-04-01,Sutter,101,95872,20491,20570,2131,22701,222
2022-04-01,Tehama,103,63373,12036,12046,2623,14669,198
2022-04-01,Trinity,105,12862,1183,1173,295,1468,20
2022-04-01,Tulare,107,460477,106533,104736,28607,133343,1410
2022-04-01,Tuolumne,109,53932,12626,12618,567,13185,180
2022-04-01,Ventura,111,848112,173343,173044,9400,182444,1460
2022-04-01,Yolo,113,214977,36994,36347,3228,39575,313
2022-04-01,Yuba,115,75493,15848,15835,1221,17056,120
2022-03-31,Alameda,001,1643700,256030,255650,14217,269867,1813
2022-03-31,Alpine,003,1148,124,124,1,125,0
2022-03-31,Amador,005,37829,8531,8485,652,9137,86
2022-03-31,Butte,007,227075,33045,32981,6673,39654,396
2022-03-31,Calaveras,009,45235,7265,7254,356,7610,119
2022-03-31,Colusa,011,21464,3441,3445,1073,4518,21
2022-03-31,Contra Costa,013,1133247,188676,188658,13299,201957,1291
2022-03-31,Del Norte,015,27424,5796,5812,197,6009,50
2022-03-31,El Dorado,017,186661,26721,26732,3235,29967,200
2022-03-31,Fresno,019,978130,231380,230559,24074,254633,2722
2022-03-31,Glenn,021,27897,4979,4982,1609,6591,47
2022-03-31,Humboldt,023,135768,16879,16898,2979,19877,140
2022-03-31,Imperial,025,180216,55415,55266,10823,66089,908
2022-03-31,Inyo,027,18085,4070,4063,490,4553,56
2022-03-31,Kern,029,883053,191833,191384,46305,237689,2224
2022-03-31,Kings,031,150075,51503,51470,3625,55095,443
2022-03-31,Lake,033,64148,10694,10674,898,11572,136
2022-03-31,Lassen,035,31185,8962,8943,889,9832,65
2022-03-31,Los Angeles,037,10098052,2710790,2703576,124706,2828282,31410
2022-03-31,Madera,039,155013,37284,37333,6121,43454,354
2022-03-31,Marin,041,260295,33561,33493,2281,35774,287
2022-03-31,Mariposa,043,17540,2396,2391,203,2594,29
2022-03-31,Mendocino,045,87422,13072,13058,3050,16108,119
2022-03-31,Merced,047,269075,62160,62149,8682,70831,808
2022-03-31,Modoc,049,8938,741,741,252,993,8
2022-03-31,Mono,051,14174,2969,2967,122,3089,6
2022-03-31,Monterey,053,433212,79417,78964,13927,92891,726
2022-03-31,Napa,055,140530,25810,25757,966,26723,143
2022-03-31,Nevada,057,99092,15955,15962,1212,17174,123
2022-03-31,Orange,059,3164182,546680,546047,41644,587691,6880
2022-03-31,Placer,061,380077,62765,62740,7418,70158,614
2022-03-31,Plumas,063,18699,2970,2803,369,3172,14
2022-03-31,Riverside,065,2383286,591280,590563,28154,618717,6418
2022-03-31,Sacramento,067,1510023,280850,276218,27244,303462,2950
2022-03-31,San Benito,069,59416,12895,12901,517,13418,98
2022-03-31,San Bernardino,071,2135413,567499,561362,25137,586499,6865
2022-03-31,San Diego,073,3302833,753344,752281,52421,804702,5178
2022-03-31,San Francisco,075,870044,124934,125075,8374,133449,843
2022-03-31,San Joaquin,077,732212,166344,166336,10044,176380,2202
2022-03-31,San Luis Obispo,079,281455,52476,52512,3810,56322,475
2022-03-31,San Mateo,081,765935,121944,120717,7044,127761,693
2022-03-31,Santa Barbara,083,443738,85768,85611,4788,90399,678
2022-03-31,Santa Clara,085,1922200,311530,312517,12536,325053,2258
2022-03-31,Santa Cruz,087,273765,47846,47371,2140,49511,259
2022-03-31,Shasta,089,179085,30561,30556,6151,36707,530
2022-03-31,Sierra,091,2930,271,273,48,321,4
2022-03-31,Siskiyou,093,43540,4446,4439,2752,7191,80
2022-03-31,Solano,095,438530,81424,81848,5597,87445,446
2022-03-31,Sonoma,097,501317,83591,83235,2634,85869,485
2022-03-31,Stanislaus,099,539301,117375,117536,17568,135104,1581
2022-03-31,Sutter,101,95872,20488,20570,2130,22700,222
2022-03-31,Tehama,103,63373,12036,12046,2622,14668,198
2022-03-31,Trinity,105,12862,1183,1173,295,1468,20
2022-03-31,Tulare,107,460477,106524,104736,28599,133335,1410
2022-03-31,Tuolumne,109,53932,12625,12618,567,13185,180
2022-03-31,Ventura,111,848112,173302,173044,9397,182441,1460
2022-03-31,Yolo,113,214977,36982,36347,3228,39575,313
2022-03-31,Yuba,115,75493,15848,15835,1217,17052,120
2022-03-30,Alameda,001,1643700,255897,255467,14209,269676,1812
2022-03-30,Alpine,003,1148,124,124,1,125,0
2022-03-30,Amador,005,37829,8531,8485,652,9137,86
2022-03-30,Butte,007,227075,33039,32968,6667,39635,396
2022-03-30,Calaveras,009,45235,7263,7253,355,7608,119
2022-03-30,Colusa,011,21464,3441,3445,1073,4518,21
2022-03-30,Contra Costa,013,1133247,188615,188496,13290,201786,1291
2022-03-30,Del Norte,015,27424,5794,5808,197,6005,50
2022-03-30,El Dorado,017,186661,26713,26722,3235,29957,200
2022-03-30,Fresno,019,978130,231369,230448,24068,254516,2720
2022-03-30,Glenn,021,27897,4978,4982,1609,6591,47
2022-03-30,Humboldt,023,135768,16876,16894,2979,19873,140
2022-03-30,Imperial,025,180216,55411,55252,10820,66072,908
2022-03-30,Inyo,027,18085,4069,4062,488,4550,56
2022-03-30,Kern,029,883053,191805,191363,46300,237663,2219
2022-03-30,Kings,031,150075,51497,51446,3623,55069,443
2022-03-30,Lake,033,64148,10692,10674,898,11572,136
2022-03-30,Lassen,035,31185,8962,8943,889,9832,65
2022-03-30,Los Angeles,037,10098052,2709968,2702536,124653,2827189,31384
2022-03-30,Madera,039,155013,37279,37330,6120,43450,354
2022-03-30,Marin,041,260295,33541,33453,2262,35715,287
2022-03-30,Mariposa,043,17540,2396,2390,203,2593,27
2022-03-30,Mendocino,045,87422,13068,13055,3047,16102,118
2022-03-30,Merced,047,269075,62153,62136,8676,70812,808
2022-03-30,Modoc,049,8938,741,739,252,991,8
2022-03-30,Mono,051,14174,2968,2967,122,3089,6
2022-03-30,Monterey,053,433212,79400,78911,13921,92832,726
2022-03-30,Napa,055,140530,25798,25745,965,26710,141
2022-03-30,Nevada,057,99092,15952,15960,1210,17170,123
2022-03-30,Orange,059,3164182,546525,545895,41621,587516,6876
2022-03-30,Placer,061,380077,62750,62705,7414,70119,614
2022-03-30,Plumas,063,18699,2970,2762,367,3129,13
2022-03-30,Riverside,065,2383286,591199,590437,28140,618577,6411
2022-03-30,Sacramento,067,1510023,280782,276081,27237,303318,2949
2022-03-30,San Benito,069,59416,12891,12898,517,13415,98
2022-03-30,San Bernardino,071,2135413,567415,561153,25132,586285,6863
2022-03-30,San Diego,073,3302833,753109,751684,52396,804080,5169
2022-03-30,San Francisco,075,870044,124827,124930,8363,133293,841
2022-03-30,San Joaquin,077,732212,166316,166299,10038,176337,2201
2022-03-30,San Luis Obispo,079,281455,52463,52484,3806,56290,475
2022-03-30,San Mateo,081,765935,121842,120548,7044,127592,693
2022-03-30,Santa Barbara,083,443738,85746,85488,4785,90273,677
2022-03-30,Santa Clara,085,1922200,311349,312253,12516,324769,2258
2022-03-30,Santa Cruz,087,273765,47789,47340,2140,49480,259
2022-03-30,Shasta,089,179085,30558,30555,6151,36706,530
2022-03-30,Sierra,091,2930,271,273,48,321,4
2022-03-30,Siskiyou,093,43540,4446,4439,2752,7191,80
2022-03-30,Solano,095,438530,81405,81816,5594,87410,443
2022-03-30,Sonoma,097,501317,83554,83163,2633,85796,485
2022-03-30,Stanislaus,099,539301,117362,117593,17565,135158,1559
2022-03-30,Sutter,101,95872,20483,20565,2130,22695,222
2022-03-30,Tehama,103,63373,12035,12045,2621,14666,198
2022-03-30,Trinity,105,12862,1182,1173,295,1468,20
2022-03-30,Tulare,107,460477,106518,104667,28593,133260,1410
2022-03-30,Tuolumne,109,53932,12623,12616,567,13183,180
2022-03-30,Ventura,111,848112,173262,172984,9389,182373,1460
2022-03-30,Yolo,113,214977,36975,36325,3225,39550,313
2022-03-30,Yuba,115,75493,15846,15830,1217,17047,120
2022-03-29,Alameda,001,1643700,255773,255261,14199,269460,1810
2022-03-29,Alpine,003,1148,124,124,1,125,0
2022-03-29,Amador,005,37829,8531,8483,652,9135,86
2022-03-29,Butte,007,227075,33037,32954,6666,39620,396
2022-03-29,Calaveras,009,45235,7262,7250,354,7604,119
2022-03-29,Colusa,011,21464,3441,3445,1073,4518,21
2022-03-29,Contra Costa,013,1133247,188527,188359,13283,201642,1290
2022-03-29,Del Norte,015,27424,5793,5806,196,6002,50
2022-03-29,El Dorado,017,186661,26709,26706,3235,29941,200
2022-03-29,Fresno,019,978130,231340,230256,24063,254319,2718
2022-03-29,Glenn,021,27897,4977,4983,1609,6592,47
2022-03-29,Humboldt,023,135768,16873,16892,2976,19868,140
2022-03-29,Imperial,025,180216,55396,55233,10819,66052,908
2022-03-29,Inyo,027,18085,4067,4062,487,4549,56
2022-03-29,Kern,029,883053,191773,191338,46293,237631,2220
2022-03-29,Kings,031,150075,51489,51416,3622,55038,443
2022-03-29,Lake,033,64148,10688,10674,898,11572,136
2022-03-29,Lassen,035,31185,8961,8943,889,9832,65
2022-03-29,Los Angeles,037,10098052,2709136,2702005,124606,2826611,31378
2022-03-29,Madera,039,155013,37270,37325,6118,43443,354
2022-03-29,Marin,041,260295,33521,33431,2257,35688,287
2022-03-29,Mariposa,043,17540,2396,2388,202,2590,23
2022-03-29,Mendocino,045,87422,13064,13053,3046,16099,119
2022-03-29,Merced,047,269075,62141,62123,8675,70798,806
2022-03-29,Modoc,049,8938,739,737,252,989,8
2022-03-29,Mono,051,14174,2968,2966,122,3088,5
2022-03-29,Monterey,053,433212,79388,78774,13913,92687,725
2022-03-29,Napa,055,140530,25791,25732,965,26697,141
2022-03-29,Nevada,057,99092,15944,15956,1210,17166,123
2022-03-29,Orange,059,3164182,546378,545832,41605,587437,6871
2022-03-29,Placer,061,380077,62732,62687,7409,70096,614
2022-03-29,Plumas,063,18699,2968,2761,367,3128,13
2022-03-29,Riverside,065,2383286,591098,590359,28132,618491,6403
2022-03-29,Sacramento,067,1510023,280715,276040,27224,303264,2946
2022-03-29,San Benito,069,59416,12889,12892,517,13409,97
2022-03-29,San Bernardino,071,2135413,567322,561026,25122,586148,6860
2022-03-29,San Diego,073,3302833,752862,751240,52374,803614,5159
2022-03-29,San Francisco,075,870044,124676,124789,8357,133146,840
2022-03-29,San Joaquin,077,732212,166279,166241,10030,176271,2198
2022-03-29,San Luis Obispo,079,281455,52447,52455,3802,56257,472
2022-03-29,San Mateo,081,765935,121749,120435,7041,127476,686
2022-03-29,Santa Barbara,083,443738,85724,85464,4785,90249,676
2022-03-29,Santa Clara,085,1922200,311108,312067,12498,324565,2259
2022-03-29,Santa Cruz,087,273765,47769,47323,2139,49462,259
2022-03-29,Shasta,089,179085,30551,30552,6148,36700,529
2022-03-29,Sierra,091,2930,271,273,48,321,4
2022-03-29,Siskiyou,093,43540,4446,4439,2751,7190,80
2022-03-29,Solano,095,438530,81382,81713,5591,87304,441
2022-03-29,Sonoma,097,501317,83520,83130,2627,85757,485
2022-03-29,Stanislaus,099,539301,117343,117683,17559,135242,1559
2022-03-29,Sutter,101,95872,20481,20556,2129,22685,221
2022-03-29,Tehama,103,63373,12033,12045,2621,14666,198
2022-03-29,Trinity,105,12862,1182,1173,295,1468,20
2022-03-29,Tulare,107,460477,106513,104622,28587,133209,1406
2022-03-29,Tuolumne,109,53932,12620,12615,567,13182,180
2022-03-29,Ventura,111,848112,173207,172946,9388,182334,1460
2022-03-29,Yolo,113,214977,36967,36296,3224,39520,313
2022-03-29,Yuba,115,75493,15842,15824,1216,17040,117
2022-03-28,Alameda,001,1643700,255617,255192,14189,269381,1808
2022-03-28,Alpine,003,1148,124,124,1,125,0
2022-03-28,Amador,005,37829,8530,8480,652,9132,86
2022-03-28,Butte,007,227075,33020,32947,6665,39612,392
2022-03-28,Calaveras,009,45235,7262,7247,354,7601,119
2022-03-28,Colusa,011,21464,3441,3445,1073,4518,21
2022-03-28,Contra Costa,013,1133247,188446,188305,13278,201583,1290
2022-03-28,Del Norte,015,27424,5791,5834,196,6030,50
2022-03-28,El Dorado,017,186661,26702,26703,3233,29936,200
2022-03-28,Fresno,019,978130,231313,230144,24046,254190,2717
2022-03-28,Glenn,021,27897,4977,4983,1609,6592,47
2022-03-28,Humboldt,023,135768,16872,16916,2976,19892,140
2022-03-28,Imperial,025,180216,55384,55245,10819,66064,909
2022-03-28,Inyo,027,18085,4066,4062,487,4549,56
2022-03-28,Kern,029,883053,191749,191333,46283,237616,2212
2022-03-28,Kings,031,150075,51476,51405,3622,55027,443
2022-03-28,Lake,033,64148,10686,10673,898,11571,136
2022-03-28,Lassen,035,31185,8961,8946,889,9835,63
2022-03-28,Los Angeles,037,10098052,2708245,2700997,124567,2825564,31349
2022-03-28,Madera,039,155013,37267,37324,6118,43442,354
2022-03-28,Marin,041,260295,33496,33391,2252,35643,287
2022-03-28,Mariposa,043,17540,2395,2388,202,2590,23
2022-03-28,Mendocino,045,87422,13062,13046,3045,16091,118
2022-03-28,Merced,047,269075,62132,62116,8670,70786,805
2022-03-28,Modoc,049,8938,738,736,252,988,7
2022-03-28,Mono,051,14174,2968,2966,122,3088,5
2022-03-28,Monterey,053,433212,79354,78784,13908,92692,724
2022-03-28,Napa,055,140530,25785,25723,964,26687,140
2022-03-28,Nevada,057,99092,15942,15969,1210,17179,123
2022-03-28,Orange,059,3164182,546246,545700,41577,587277,6860
2022-03-28,Placer,061,380077,62711,62687,7408,70095,613
2022-03-28,Plumas,063,18699,2967,2760,367,3127,13
2022-03-28,Riverside,065,2383286,591001,590298,28122,618420,6397
2022-03-28,Sacramento,067,1510023,280644,275889,27213,303102,2946
2022-03-28,San Benito,069,59416,12889,12889,517,13406,97
2022-03-28,San Bernardino,071,2135413,567239,560836,25109,585945,6858
2022-03-28,San Diego,073,3302833,752617,750659,52340,802999,5155
2022-03-28,San Francisco,075,870044,124534,124678,8346,133024,839
2022-03-28,San Joaquin,077,732212,166247,166247,10026,176273,2196
2022-03-28,San Luis Obispo,079,281455,52422,52434,3798,56232,470
2022-03-28,San Mateo,081,765935,121634,120337,7034,127371,686
2022-03-28,Santa Barbara,083,443738,85696,85442,4783,90225,675
2022-03-28,Santa Clara,085,1922200,310874,311953,12488,324441,2257
2022-03-28,Santa Cruz,087,273765,47736,47324,2139,49463,259
2022-03-28,Shasta,089,179085,30550,30550,6147,36697,527
2022-03-28,Sierra,091,2930,271,273,48,321,4
2022-03-28,Siskiyou,093,43540,4445,4438,2751,7189,80
2022-03-28,Solano,095,438530,81354,81704,5586,87290,441
2022-03-28,Sonoma,097,501317,83477,83105,2622,85727,485
2022-03-28,Stanislaus,099,539301,117331,117783,17554,135337,1562
2022-03-28,Sutter,101,95872,20476,20549,2129,22678,221
2022-03-28,Tehama,103,63373,12032,12041,2620,14661,200
2022-03-28,Trinity,105,12862,1182,1173,295,1468,20
2022-03-28,Tulare,107,460477,106500,104576,28580,133156,1404
2022-03-28,Tuolumne,109,53932,12620,12627,567,13194,180
2022-03-28,Ventura,111,848112,173167,172867,9387,182254,1455
2022-03-28,Yolo,113,214977,36957,36282,3222,39504,312
2022-03-28,Yuba,115,75493,15841,15821,1214,17035,117
2022-03-27,Alameda,001,1643700,255434,255132,14180,269312,1809
2022-03-27,Alpine,003,1148,124,124,1,125,0
2022-03-27,Amador,005,37829,8527,8480,652,9132,86
2022-03-27,Butte,007,227075,33007,32943,6658,39601,392
2022-03-27,Calaveras,009,45235,7260,7245,354,7599,119
2022-03-27,Colusa,011,21464,3441,3445,1072,4517,21
2022-03-27,Contra Costa,013,1133247,188331,188251,13262,201513,1290
2022-03-27,Del Norte,015,27424,5790,5836,196,6032,50
2022-03-27,El Dorado,017,186661,26688,26699,3230,29929,200
2022-03-27,Fresno,019,978130,231266,230049,24028,254077,2717
2022-03-27,Glenn,021,27897,4976,4983,1609,6592,47
2022-03-27,Humboldt,023,135768,16868,16920,2976,19896,140
2022-03-27,Imperial,025,180216,55372,55240,10816,66056,909
2022-03-27,Inyo,027,18085,4065,4062,485,4547,56
2022-03-27,Kern,029,883053,191711,191332,46277,237609,2213
2022-03-27,Kings,031,150075,51467,51400,3622,55022,443
2022-03-27,Lake,033,64148,10685,10672,897,11569,136
2022-03-27,Lassen,035,31185,8961,8946,889,9835,63
2022-03-27,Los Angeles,037,10098052,2707444,2700983,124519,2825502,31348
2022-03-27,Madera,039,155013,37263,37323,6116,43439,354
2022-03-27,Marin,041,260295,33459,33391,2242,35633,287
2022-03-27,Mariposa,043,17540,2395,2390,202,2592,23
2022-03-27,Mendocino,045,87422,13056,13046,3043,16089,118
2022-03-27,Merced,047,269075,62121,62110,8668,70778,805
2022-03-27,Modoc,049,8938,737,736,250,986,7
2022-03-27,Mono,051,14174,2968,2966,122,3088,5
2022-03-27,Monterey,053,433212,79333,78778,13896,92674,724
2022-03-27,Napa,055,140530,25771,25723,964,26687,140
2022-03-27,Nevada,057,99092,15938,15967,1208,17175,123
2022-03-27,Orange,059,3164182,546111,545644,41542,587186,6860
2022-03-27,Placer,061,380077,62692,62680,7408,70088,613
2022-03-27,Plumas,063,18699,2966,2760,365,3125,13
2022-03-27,Riverside,065,2383286,590915,590251,28111,618362,6395
2022-03-27,Sacramento,067,1510023,280563,275854,27206,303060,2941
2022-03-27,San Benito,069,59416,12884,12889,516,13405,97
2022-03-27,San Bernardino,071,2135413,567120,560853,25105,585958,6862
2022-03-27,San Diego,073,3302833,752363,750659,52317,802976,5155
2022-03-27,San Francisco,075,870044,124348,124619,8334,132953,839
2022-03-27,San Joaquin,077,732212,166210,166238,10023,176261,2196
2022-03-27,San Luis Obispo,079,281455,52401,52430,3796,56226,470
2022-03-27,San Mateo,081,765935,121528,120324,7028,127352,686
2022-03-27,Santa Barbara,083,443738,85661,85434,4781,90215,675
2022-03-27,Santa Clara,085,1922200,310663,311822,12481,324303,2257
2022-03-27,Santa Cruz,087,273765,47703,47321,2134,49455,259
2022-03-27,Shasta,089,179085,30545,30550,6145,36695,527
2022-03-27,Sierra,091,2930,271,273,48,321,4
2022-03-27,Siskiyou,093,43540,4445,4436,2750,7186,80
2022-03-27,Solano,095,438530,81313,81691,5583,87274,441
2022-03-27,Sonoma,097,501317,83421,83088,2618,85706,485
2022-03-27,Stanislaus,099,539301,117310,117778,17551,135329,1562
2022-03-27,Sutter,101,95872,20470,20545,2129,22674,221
2022-03-27,Tehama,103,63373,12032,12040,2620,14660,200
2022-03-27,Trinity,105,12862,1182,1173,295,1468,20
2022-03-27,Tulare,107,460477,106491,104582,28570,133152,1404
2022-03-27,Tuolumne,109,53932,12618,12628,567,13195,180
2022-03-27,Ventura,111,848112,173120,172831,9385,182216,1455
2022-03-27,Yolo,113,214977,36945,36232,3219,39451,312
2022-03-27,Yuba,115,75493,15838,15821,1207,17028,117
2022-03-26,Alameda,001,1643700,255356,254691,14178,268869,1803
2022-03-26,Alpine,003,1148,124,124,1,125,0
2022-03-26,Amador,005,37829,8527,8476,652,9128,86
2022-03-26,Butte,007,227075,33003,32929,6656,39585,391
2022-03-26,Calaveras,009,45235,7258,7240,354,7594,120
2022-03-26,Colusa,011,21464,3439,3445,1072,4517,21
2022-03-26,Contra Costa,013,1133247,188276,187990,13259,201249,1285
2022-03-26,Del Norte,015,27424,5788,5831,196,6027,50
2022-03-26,El Dorado,017,186661,26680,26674,3228,29902,200
2022-03-26,Fresno,019,978130,231243,229799,24027,253826,2710
2022-03-26,Glenn,021,27897,4976,4978,1609,6587,47
2022-03-26,Humboldt,023,135768,16864,16911,2976,19887,139
2022-03-26,Imperial,025,180216,55366,55230,10815,66045,913
2022-03-26,Inyo,027,18085,4065,4060,484,4544,56
2022-03-26,Kern,029,883053,191697,191288,46272,237560,2201
2022-03-26,Kings,031,150075,51466,51397,3622,55019,444
2022-03-26,Lake,033,64148,10685,10659,897,11556,136
2022-03-26,Lassen,035,31185,8961,8944,889,9833,63
2022-03-26,Los Angeles,037,10098052,2706998,2698028,124477,2822505,31291
2022-03-26,Madera,039,155013,37260,37321,6114,43435,354
2022-03-26,Marin,041,260295,33449,33317,2238,35555,287
2022-03-26,Mariposa,043,17540,2395,2386,202,2588,23
2022-03-26,Mendocino,045,87422,13053,13038,3043,16081,118
2022-03-26,Merced,047,269075,62115,62083,8666,70749,805
2022-03-26,Modoc,049,8938,737,736,250,986,7
2022-03-26,Mono,051,14174,2968,2966,122,3088,5
2022-03-26,Monterey,053,433212,79326,78688,13894,92582,724
2022-03-26,Napa,055,140530,25768,25701,964,26665,139
2022-03-26,Nevada,057,99092,15934,15960,1208,17168,123
2022-03-26,Orange,059,3164182,546034,545294,41531,586825,6853
2022-03-26,Placer,061,380077,62680,62634,7404,70038,613
2022-03-26,Plumas,063,18699,2966,2758,364,3122,13
2022-03-26,Riverside,065,2383286,590846,590060,28110,618170,6397
2022-03-26,Sacramento,067,1510023,280530,275529,27204,302733,2935
2022-03-26,San Benito,069,59416,12884,12885,516,13401,97
2022-03-26,San Bernardino,071,2135413,567067,560742,25101,585843,6840
2022-03-26,San Diego,073,3302833,752235,750170,52310,802480,5146
2022-03-26,San Francisco,075,870044,124242,124265,8325,132590,839
2022-03-26,San Joaquin,077,732212,166189,166079,10022,176101,2195
2022-03-26,San Luis Obispo,079,281455,52395,52369,3796,56165,469
2022-03-26,San Mateo,081,765935,121470,120165,7020,127185,684
2022-03-26,Santa Barbara,083,443738,85641,85477,4779,90256,674
2022-03-26,Santa Clara,085,1922200,310506,311189,12472,323661,2250
2022-03-26,Santa Cruz,087,273765,47692,47329,2134,49463,259
2022-03-26,Shasta,089,179085,30543,30542,6144,36686,527
2022-03-26,Sierra,091,2930,271,273,48,321,4
2022-03-26,Siskiyou,093,43540,4444,4433,2750,7183,80
2022-03-26,Solano,095,438530,81303,81659,5583,87242,441
2022-03-26,Sonoma,097,501317,83392,83113,2613,85726,485
2022-03-26,Stanislaus,099,539301,117303,117962,17550,135512,1565
2022-03-26,Sutter,101,95872,20468,20536,2129,22665,221
2022-03-26,Tehama,103,63373,12032,12036,2619,14655,195
2022-03-26,Trinity,105,12862,1182,1174,295,1469,20
2022-03-26,Tulare,107,460477,106484,104538,28569,133107,1400
2022-03-26,Tuolumne,109,53932,12616,12628,567,13195,180
2022-03-26,Ventura,111,848112,173080,172690,9381,182071,1455
2022-03-26,Yolo,113,214977,36940,36234,3219,39453,311
2022-03-26,Yuba,115,75493,15837,15807,1207,17014,117
2022-03-25,Alameda,001,1643700,255289,254691,14176,268867,1803
2022-03-25,Alpine,003,1148,124,124,1,125,0
2022-03-25,Amador,005,37829,8526,8476,652,9128,86
2022-03-25,Butte,007,227075,32997,32929,6655,39584,391
2022-03-25,Calaveras,009,45235,7257,7240,354,7594,120
2022-03-25,Colusa,011,21464,3439,3445,1072,4517,21
2022-03-25,Contra Costa,013,1133247,188228,187990,13255,201245,1285
2022-03-25,Del Norte,015,27424,5788,5831,196,6027,50
2022-03-25,El Dorado,017,186661,26676,26674,3228,29902,200
2022-03-25,Fresno,019,978130,231215,229799,24018,253817,2710
2022-03-25,Glenn,021,27897,4976,4978,1609,6587,47
2022-03-25,Humboldt,023,135768,16864,16911,2976,19887,139
2022-03-25,Imperial,025,180216,55361,55230,10814,66044,913
2022-03-25,Inyo,027,18085,4064,4060,484,4544,56
2022-03-25,Kern,029,883053,191687,191288,46271,237559,2201
2022-03-25,Kings,031,150075,51465,51397,3622,55019,444
2022-03-25,Lake,033,64148,10685,10659,897,11556,136
2022-03-25,Lassen,035,31185,8960,8944,889,9833,63
2022-03-25,Los Angeles,037,10098052,2706583,2698028,124446,2822474,31291
2022-03-25,Madera,039,155013,37259,37321,6113,43434,354
2022-03-25,Marin,041,260295,33434,33317,2229,35546,287
2022-03-25,Mariposa,043,17540,2395,2386,202,2588,23
2022-03-25,Mendocino,045,87422,13053,13038,3043,16081,118
2022-03-25,Merced,047,269075,62108,62083,8665,70748,805
2022-03-25,Modoc,049,8938,737,736,250,986,7
2022-03-25,Mono,051,14174,2967,2966,122,3088,5
2022-03-25,Monterey,053,433212,79316,78688,13891,92579,724
2022-03-25,Napa,055,140530,25761,25701,964,26665,139
2022-03-25,Nevada,057,99092,15933,15960,1208,17168,123
2022-03-25,Orange,059,3164182,545960,545294,41514,586808,6853
2022-03-25,Placer,061,380077,62674,62634,7401,70035,613
2022-03-25,Plumas,063,18699,2965,2758,364,3122,13
2022-03-25,Riverside,065,2383286,590784,590060,28099,618159,6397
2022-03-25,Sacramento,067,1510023,280489,275529,27202,302731,2935
2022-03-25,San Benito,069,59416,12884,12885,516,13401,97
2022-03-25,San Bernardino,071,2135413,567028,560742,25098,585840,6840
2022-03-25,San Diego,073,3302833,752110,750170,52300,802470,5146
2022-03-25,San Francisco,075,870044,124162,124265,8311,132576,839
2022-03-25,San Joaquin,077,732212,166175,166079,10019,176098,2195
2022-03-25,San Luis Obispo,079,281455,52392,52369,3795,56164,469
2022-03-25,San Mateo,081,765935,121418,120165,7020,127185,684
2022-03-25,Santa Barbara,083,443738,85626,85477,4777,90254,674
2022-03-25,Santa Clara,085,1922200,310352,311189,12467,323656,2250
2022-03-25,Santa Cruz,087,273765,47684,47329,2134,49463,259
2022-03-25,Shasta,089,179085,30541,30542,6143,36685,527
2022-03-25,Sierra,091,2930,271,273,48,321,4
2022-03-25,Siskiyou,093,43540,4442,4433,2748,7181,80
2022-03-25,Solano,095,438530,81289,81659,5581,87240,441
2022-03-25,Sonoma,097,501317,83356,83113,2613,85726,485
2022-03-25,Stanislaus,099,539301,117288,117962,17549,135511,1565
2022-03-25,Sutter,101,95872,20463,20536,2129,22665,221
2022-03-25,Tehama,103,63373,12030,12036,2619,14655,195
2022-03-25,Trinity,105,12862,1182,1174,295,1469,20
2022-03-25,Tulare,107,460477,106479,104538,28566,133104,1400
2022-03-25,Tuolumne,109,53932,12615,12628,567,13195,180
2022-03-25,Ventura,111,848112,173042,172690,9381,182071,1455
2022-03-25,Yolo,113,214977,36927,36234,3219,39453,311
2022-03-25,Yuba,115,75493,15832,15807,1206,17013,117
2022-03-24,Alameda,001,1643700,255173,254691,14160,268851,1803
2022-03-24,Alpine,003,1148,124,124,1,125,0
2022-03-24,Amador,005,37829,8526,8476,652,9128,86
2022-03-24,Butte,007,227075,32990,32929,6655,39584,391
2022-03-24,Calaveras,009,45235,7254,7240,354,7594,120
2022-03-24,Colusa,011,21464,3439,3445,1072,4517,21
2022-03-24,Contra Costa,013,1133247,188147,187990,13254,201244,1285
2022-03-24,Del Norte,015,27424,5785,5831,196,6027,50
2022-03-24,El Dorado,017,186661,26665,26674,3228,29902,200
2022-03-24,Fresno,019,978130,231172,229799,24006,253805,2710
2022-03-24,Glenn,021,27897,4975,4978,1609,6587,47
2022-03-24,Humboldt,023,135768,16859,16911,2974,19885,139
2022-03-24,Imperial,025,180216,55354,55230,10814,66044,913
2022-03-24,Inyo,027,18085,4063,4060,484,4544,56
2022-03-24,Kern,029,883053,191677,191288,46268,237556,2201
2022-03-24,Kings,031,150075,51456,51397,3620,55017,444
2022-03-24,Lake,033,64148,10684,10659,897,11556,136
2022-03-24,Lassen,035,31185,8959,8944,889,9833,63
2022-03-24,Los Angeles,037,10098052,2706018,2698028,124401,2822429,31291
2022-03-24,Madera,039,155013,37257,37321,6111,43432,354
2022-03-24,Marin,041,260295,33411,33317,2220,35537,287
2022-03-24,Mariposa,043,17540,2395,2386,202,2588,23
2022-03-24,Mendocino,045,87422,13048,13038,3040,16078,118
2022-03-24,Merced,047,269075,62102,62083,8664,70747,805
2022-03-24,Modoc,049,8938,737,736,250,986,7
2022-03-24,Mono,051,14174,2967,2966,122,3088,5
2022-03-24,Monterey,053,433212,79290,78688,13877,92565,724
2022-03-24,Napa,055,140530,25752,25701,964,26665,139
2022-03-24,Nevada,057,99092,15929,15960,1207,17167,123
2022-03-24,Orange,059,3164182,545858,545294,41497,586791,6853
2022-03-24,Placer,061,380077,62654,62634,7400,70034,613
2022-03-24,Plumas,063,18699,2965,2758,364,3122,13
2022-03-24,Riverside,065,2383286,590708,590060,28090,618150,6397
2022-03-24,Sacramento,067,1510023,280419,275529,27197,302726,2935
2022-03-24,San Benito,069,59416,12883,12885,515,13400,97
2022-03-24,San Bernardino,071,2135413,566946,560742,25094,585836,6840
2022-03-24,San Diego,073,3302833,751898,750170,52289,802459,5146
2022-03-24,San Francisco,075,870044,124082,124265,8305,132570,839
2022-03-24,San Joaquin,077,732212,166148,166079,10018,176097,2195
2022-03-24,San Luis Obispo,079,281455,52377,52369,3794,56163,469
2022-03-24,San Mateo,081,765935,121369,120165,7015,127180,684
2022-03-24,Santa Barbara,083,443738,85611,85477,4774,90251,674
2022-03-24,Santa Clara,085,1922200,310208,311189,12449,323638,2250
2022-03-24,Santa Cruz,087,273765,47667,47329,2133,49462,259
2022-03-24,Shasta,089,179085,30533,30542,6143,36685,527
2022-03-24,Sierra,091,2930,271,273,48,321,4
2022-03-24,Siskiyou,093,43540,4439,4433,2748,7181,80
2022-03-24,Solano,095,438530,81270,81659,5580,87239,441
2022-03-24,Sonoma,097,501317,83320,83113,2611,85724,485
2022-03-24,Stanislaus,099,539301,117279,117962,17546,135508,1565
2022-03-24,Sutter,101,95872,20458,20536,2129,22665,221
2022-03-24,Tehama,103,63373,12028,12036,2617,14653,195
2022-03-24,Trinity,105,12862,1182,1174,295,1469,20
2022-03-24,Tulare,107,460477,106469,104538,28560,133098,1400
2022-03-24,Tuolumne,109,53932,12613,12628,567,13195,180
2022-03-24,Ventura,111,848112,172999,172690,9380,182070,1455
2022-03-24,Yolo,113,214977,36920,36234,3215,39449,311
2022-03-24,Yuba,115,75493,15827,15807,1203,17010,117
2022-03-23,Alameda,001,1643700,255038,254559,14149,268708,1802
2022-03-23,Alpine,003,1148,124,124,1,125,0
2022-03-23,Amador,005,37829,8526,8475,652,9127,86
2022-03-23,Butte,007,227075,32977,32920,6654,39574,387
2022-03-23,Calaveras,009,45235,7249,7237,354,7591,120
2022-03-23,Colusa,011,21464,3438,3444,1072,4516,21
2022-03-23,Contra Costa,013,1133247,188049,187898,13242,201140,1279
2022-03-23,Del Norte,015,27424,5783,5830,196,6026,50
2022-03-23,El Dorado,017,186661,26659,26670,3228,29898,200
2022-03-23,Fresno,019,978130,231136,229656,23992,253648,2710
2022-03-23,Glenn,021,27897,4975,4975,1609,6584,47
2022-03-23,Humboldt,023,135768,16858,16908,2972,19880,139
2022-03-23,Imperial,025,180216,55349,55211,10813,66024,909
2022-03-23,Inyo,027,18085,4063,4060,484,4544,56
2022-03-23,Kern,029,883053,191660,191241,46263,237504,2196
2022-03-23,Kings,031,150075,51444,51384,3619,55003,442
2022-03-23,Lake,033,64148,10680,10658,896,11554,135
2022-03-23,Lassen,035,31185,8958,8944,888,9832,63
2022-03-23,Los Angeles,037,10098052,2705340,2697227,124369,2821596,31267
2022-03-23,Madera,039,155013,37252,37317,6107,43424,354
2022-03-23,Marin,041,260295,33386,33274,2215,35489,287
2022-03-23,Mariposa,043,17540,2393,2382,201,2583,11
2022-03-23,Mendocino,045,87422,13044,13033,3039,16072,118
2022-03-23,Merced,047,269075,62092,62056,8660,70716,805
2022-03-23,Modoc,049,8938,737,736,250,986,7
2022-03-23,Mono,051,14174,2967,2966,122,3088,5
2022-03-23,Monterey,053,433212,79272,78655,13852,92507,724
2022-03-23,Napa,055,140530,25739,25691,962,26653,139
2022-03-23,Nevada,057,99092,15927,15958,1207,17165,123
2022-03-23,Orange,059,3164182,545729,545158,41484,586642,6852
2022-03-23,Placer,061,380077,62635,62622,7398,70020,613
2022-03-23,Plumas,063,18699,2965,2747,364,3111,13
2022-03-23,Riverside,065,2383286,590633,589947,28085,618032,6388
2022-03-23,Sacramento,067,1510023,280357,275398,27190,302588,2934
2022-03-23,San Benito,069,59416,12882,12884,515,13399,97
2022-03-23,San Bernardino,071,2135413,566872,560550,25089,585639,6828
2022-03-23,San Diego,073,3302833,751699,749871,52266,802137,5143
2022-03-23,San Francisco,075,870044,123968,124110,8299,132409,838
2022-03-23,San Joaquin,077,732212,166110,166041,10011,176052,2187
2022-03-23,San Luis Obispo,079,281455,52360,52344,3788,56132,469
2022-03-23,San Mateo,081,765935,121286,120080,7005,127085,685
2022-03-23,Santa Barbara,083,443738,85592,85464,4773,90237,673
2022-03-23,Santa Clara,085,1922200,310045,310956,12437,323393,2250
2022-03-23,Santa Cruz,087,273765,47646,47314,2127,49441,259
2022-03-23,Shasta,089,179085,30529,30524,6142,36666,526
2022-03-23,Sierra,091,2930,271,273,48,321,4
2022-03-23,Siskiyou,093,43540,4438,4433,2748,7181,80
2022-03-23,Solano,095,438530,81236,81615,5579,87194,441
2022-03-23,Sonoma,097,501317,83287,83074,2608,85682,482
2022-03-23,Stanislaus,099,539301,117262,118041,17543,135584,1568
2022-03-23,Sutter,101,95872,20455,20532,2129,22661,218
2022-03-23,Tehama,103,63373,12026,12035,2617,14652,195
2022-03-23,Trinity,105,12862,1182,1174,295,1469,20
2022-03-23,Tulare,107,460477,106452,104489,28554,133043,1394
2022-03-23,Tuolumne,109,53932,12612,12629,567,13196,180
2022-03-23,Ventura,111,848112,172949,172647,9378,182025,1455
2022-03-23,Yolo,113,214977,36903,36197,3213,39410,308
2022-03-23,Yuba,115,75493,15820,15801,1202,17003,117
2022-03-22,Alameda,001,1643700,254916,254467,13773,268240,1802
2022-03-22,Alpine,003,1148,124,122,1,123,0
2022-03-22,Amador,005,37829,8525,8462,651,9113,86
2022-03-22,Butte,007,227075,32967,32907,6650,39557,387
2022-03-22,Calaveras,009,45235,7247,7237,354,7591,120
2022-03-22,Colusa,011,21464,3437,3445,1072,4517,21
2022-03-22,Contra Costa,013,1133247,187972,187813,13220,201033,1279
2022-03-22,Del Norte,015,27424,5778,5824,196,6020,50
2022-03-22,El Dorado,017,186661,26652,26661,3228,29889,200
2022-03-22,Fresno,019,978130,231088,229551,23982,253533,2708
2022-03-22,Glenn,021,27897,4972,4971,1609,6580,47
2022-03-22,Humboldt,023,135768,16855,16911,2972,19883,139
2022-03-22,Imperial,025,180216,55338,55170,10810,65980,908
2022-03-22,Inyo,027,18085,4063,4060,484,4544,56
2022-03-22,Kern,029,883053,191636,191213,46254,237467,2195
2022-03-22,Kings,031,150075,51432,51369,3618,54987,442
2022-03-22,Lake,033,64148,10678,10657,895,11552,135
2022-03-22,Lassen,035,31185,8958,8940,887,9827,63
2022-03-22,Los Angeles,037,10098052,2704677,2696746,124320,2821066,31250
2022-03-22,Madera,039,155013,37248,37304,6104,43408,354
2022-03-22,Marin,041,260295,33361,33253,2211,35464,287
2022-03-22,Mariposa,043,17540,2391,2382,201,2583,6
2022-03-22,Mendocino,045,87422,13039,13030,3037,16067,118
2022-03-22,Merced,047,269075,62082,62056,8656,70712,805
2022-03-22,Modoc,049,8938,737,735,250,985,7
2022-03-22,Mono,051,14174,2967,2963,122,3085,5
2022-03-22,Monterey,053,433212,79256,78614,13841,92455,724
2022-03-22,Napa,055,140530,25729,25688,961,26649,139
2022-03-22,Nevada,057,99092,15919,15950,1207,17157,123
2022-03-22,Orange,059,3164182,545584,545075,41464,586539,6843
2022-03-22,Placer,061,380077,62622,62604,7396,70000,610
2022-03-22,Plumas,063,18699,2964,2744,364,3108,13
2022-03-22,Riverside,065,2383286,590559,589816,28082,617898,6383
2022-03-22,Sacramento,067,1510023,280280,275374,27178,302552,2927
2022-03-22,San Benito,069,59416,12881,12884,514,13398,97
2022-03-22,San Bernardino,071,2135413,566790,560371,25069,585440,6811
2022-03-22,San Diego,073,3302833,751490,749647,52246,801893,5141
2022-03-22,San Francisco,075,870044,123860,123998,8293,132291,838
2022-03-22,San Joaquin,077,732212,166082,165992,10007,175999,2187
2022-03-22,San Luis Obispo,079,281455,52352,52257,3788,56045,465
2022-03-22,San Mateo,081,765935,121214,119975,7001,126976,686
2022-03-22,Santa Barbara,083,443738,85576,85457,4772,90229,672
2022-03-22,Santa Clara,085,1922200,309877,310787,12425,323212,2249
2022-03-22,Santa Cruz,087,273765,47627,47287,2126,49413,259
2022-03-22,Shasta,089,179085,30523,30528,6141,36669,525
2022-03-22,Sierra,091,2930,271,273,48,321,4
2022-03-22,Siskiyou,093,43540,4438,4429,2747,7176,80
2022-03-22,Solano,095,438530,81213,81587,5578,87165,440
2022-03-22,Sonoma,097,501317,83259,83042,2604,85646,482
2022-03-22,Stanislaus,099,539301,117245,118025,17540,135565,1568
2022-03-22,Sutter,101,95872,20454,20525,2125,22650,218
2022-03-22,Tehama,103,63373,12024,12034,2617,14651,162
2022-03-22,Trinity,105,12862,1182,1174,295,1469,20
2022-03-22,Tulare,107,460477,106440,104431,28545,132976,1391
2022-03-22,Tuolumne,109,53932,12612,12628,567,13195,180
2022-03-22,Ventura,111,848112,172901,172590,9376,181966,1455
2022-03-22,Yolo,113,214977,36886,36184,3212,39396,308
2022-03-22,Yuba,115,75493,15817,15795,1201,16996,117
2022-03-21,Alameda,001,1643700,254701,254354,13765,268119,1799
2022-03-21,Alpine,003,1148,124,122,1,123,0
2022-03-21,Amador,005,37829,8522,8461,650,9111,85
2022-03-21,Butte,007,227075,32956,32895,6646,39541,385
2022-03-21,Calaveras,009,45235,7246,7237,354,7591,119
2022-03-21,Colusa,011,21464,3437,3445,1072,4517,21
2022-03-21,Contra Costa,013,1133247,187908,187509,13203,200712,1276
2022-03-21,Del Norte,015,27424,5777,5824,196,6020,50
2022-03-21,El Dorado,017,186661,26641,26610,3227,29837,199
2022-03-21,Fresno,019,978130,231040,229374,23973,253347,2707
2022-03-21,Glenn,021,27897,4970,4972,1603,6575,46
2022-03-21,Humboldt,023,135768,16845,16912,2959,19871,139
2022-03-21,Imperial,025,180216,55324,55133,10809,65942,908
2022-03-21,Inyo,027,18085,4062,4060,484,4544,56
2022-03-21,Kern,029,883053,191602,191184,46248,237432,2187
2022-03-21,Kings,031,150075,51418,51366,3616,54982,441
2022-03-21,Lake,033,64148,10676,10655,895,11550,135
2022-03-21,Lassen,035,31185,8957,8939,887,9826,63
2022-03-21,Los Angeles,037,10098052,2703809,2694711,124271,2818982,31218
2022-03-21,Madera,039,155013,37242,37288,6100,43388,354
2022-03-21,Marin,041,260295,33317,33242,2206,35448,287
2022-03-21,Mariposa,043,17540,2390,2383,200,2583,6
2022-03-21,Mendocino,045,87422,13031,13028,3035,16063,118
2022-03-21,Merced,047,269075,62068,62048,8651,70699,803
2022-03-21,Modoc,049,8938,735,734,250,984,7
2022-03-21,Mono,051,14174,2967,2962,122,3084,5
2022-03-21,Monterey,053,433212,79207,78572,13827,92399,724
2022-03-21,Napa,055,140530,25721,25684,959,26643,138
2022-03-21,Nevada,057,99092,15915,15963,1206,17169,123
2022-03-21,Orange,059,3164182,545430,544943,41447,586390,6841
2022-03-21,Placer,061,380077,62603,62550,7395,69945,610
2022-03-21,Plumas,063,18699,2964,2744,364,3108,13
2022-03-21,Riverside,065,2383286,590477,589707,28076,617783,6376
2022-03-21,Sacramento,067,1510023,280189,275334,27164,302498,2925
2022-03-21,San Benito,069,59416,12875,12872,514,13386,97
2022-03-21,San Bernardino,071,2135413,566699,560210,25056,585266,6807
2022-03-21,San Diego,073,3302833,751257,748833,52225,801058,5138
2022-03-21,San Francisco,075,870044,123692,123912,8284,132196,835
2022-03-21,San Joaquin,077,732212,166056,165939,10004,175943,2185
2022-03-21,San Luis Obispo,079,281455,52327,52219,3783,56002,463
2022-03-21,San Mateo,081,765935,121054,119899,6999,126898,684
2022-03-21,Santa Barbara,083,443738,85560,85416,4770,90186,672
2022-03-21,Santa Clara,085,1922200,309612,310509,12422,322931,2245
2022-03-21,Santa Cruz,087,273765,47590,47267,2125,49392,259
2022-03-21,Shasta,089,179085,30517,30523,6139,36662,525
2022-03-21,Sierra,091,2930,271,273,48,321,4
2022-03-21,Siskiyou,093,43540,4438,4426,2747,7173,80
2022-03-21,Solano,095,438530,81185,81399,5578,86977,441
2022-03-21,Sonoma,097,501317,83221,82979,2599,85578,482
2022-03-21,Stanislaus,099,539301,117211,118144,17537,135681,1571
2022-03-21,Sutter,101,95872,20451,20523,2112,22635,218
2022-03-21,Tehama,103,63373,12020,12030,2617,14647,160
2022-03-21,Trinity,105,12862,1182,1174,295,1469,20
2022-03-21,Tulare,107,460477,106420,104350,28540,132890,1389
2022-03-21,Tuolumne,109,53932,12612,12620,567,13187,180
2022-03-21,Ventura,111,848112,172832,172537,9372,181909,1452
2022-03-21,Yolo,113,214977,36871,36141,3210,39351,307
2022-03-21,Yuba,115,75493,15814,15790,1200,16990,117
2022-03-20,Alameda,001,1643700,254561,254293,13754,268047,1801
2022-03-20,Alpine,003,1148,122,122,1,123,0
2022-03-20,Amador,005,37829,8519,8460,650,9110,85
2022-03-20,Butte,007,227075,32942,32892,6642,39534,385
2022-03-20,Calaveras,009,45235,7245,7233,351,7584,119
2022-03-20,Colusa,011,21464,3437,3446,1072,4518,21
2022-03-20,Contra Costa,013,1133247,187804,187467,13192,200659,1276
2022-03-20,Del Norte,015,27424,5774,5821,196,6017,50
2022-03-20,El Dorado,017,186661,26633,26608,3227,29835,199
2022-03-20,Fresno,019,978130,230963,229297,23962,253259,2707
2022-03-20,Glenn,021,27897,4969,4972,1603,6575,46
2022-03-20,Humboldt,023,135768,16843,16913,2957,19870,139
2022-03-20,Imperial,025,180216,55313,55133,10808,65941,908
2022-03-20,Inyo,027,18085,4062,4060,484,4544,56
2022-03-20,Kern,029,883053,191557,191170,46243,237413,2187
2022-03-20,Kings,031,150075,51406,51360,3616,54976,441
2022-03-20,Lake,033,64148,10672,10652,895,11547,135
2022-03-20,Lassen,035,31185,8955,8938,887,9825,63
2022-03-20,Los Angeles,037,10098052,2703015,2694698,124224,2818922,31219
2022-03-20,Madera,039,155013,37237,37284,6096,43380,354
2022-03-20,Marin,041,260295,33301,33232,2205,35437,275
2022-03-20,Mariposa,043,17540,2390,2383,200,2583,6
2022-03-20,Mendocino,045,87422,13024,13027,3030,16057,118
2022-03-20,Merced,047,269075,62057,62041,8645,70686,803
2022-03-20,Modoc,049,8938,735,734,250,984,7
2022-03-20,Mono,051,14174,2965,2962,122,3084,5
2022-03-20,Monterey,053,433212,79174,78566,13816,92382,723
2022-03-20,Napa,055,140530,25709,25682,958,26640,138
2022-03-20,Nevada,057,99092,15911,15964,1206,17170,123
2022-03-20,Orange,059,3164182,545309,544862,41427,586289,6841
2022-03-20,Placer,061,380077,62582,62525,7395,69920,610
2022-03-20,Plumas,063,18699,2964,2744,364,3108,13
2022-03-20,Riverside,065,2383286,590378,589657,28071,617728,6376
2022-03-20,Sacramento,067,1510023,280108,275317,27149,302466,2927
2022-03-20,San Benito,069,59416,12875,12869,513,13382,97
2022-03-20,San Bernardino,071,2135413,566619,560220,25047,585267,6805
2022-03-20,San Diego,073,3302833,751011,748833,52192,801025,5138
2022-03-20,San Francisco,075,870044,123542,123858,8272,132130,835
2022-03-20,San Joaquin,077,732212,166022,165927,10000,175927,2185
2022-03-20,San Luis Obispo,079,281455,52303,52217,3780,55997,463
2022-03-20,San Mateo,081,765935,120995,119901,6993,126894,684
2022-03-20,Santa Barbara,083,443738,85536,85412,4768,90180,672
2022-03-20,Santa Clara,085,1922200,309403,310412,12414,322826,2243
2022-03-20,Santa Cruz,087,273765,47563,47265,2124,49389,259
2022-03-20,Shasta,089,179085,30506,30522,6138,36660,525
2022-03-20,Sierra,091,2930,271,273,48,321,4
2022-03-20,Siskiyou,093,43540,4437,4426,2747,7173,80
2022-03-20,Solano,095,438530,81155,81393,5576,86969,441
2022-03-20,Sonoma,097,501317,83178,82965,2598,85563,481
2022-03-20,Stanislaus,099,539301,117186,118146,17533,135679,1572
2022-03-20,Sutter,101,95872,20444,20519,2102,22621,218
2022-03-20,Tehama,103,63373,12018,12030,2617,14647,160
2022-03-20,Trinity,105,12862,1182,1174,295,1469,20
2022-03-20,Tulare,107,460477,106398,104353,28525,132878,1389
2022-03-20,Tuolumne,109,53932,12607,12617,567,13184,180
2022-03-20,Ventura,111,848112,172779,172514,9367,181881,1451
2022-03-20,Yolo,113,214977,36851,36135,3209,39344,307
2022-03-20,Yuba,115,75493,15806,15787,1198,16985,117
2022-03-19,Alameda,001,1643700,254479,253936,13752,267688,1797
2022-03-19,Alpine,003,1148,122,122,1,123,0
2022-03-19,Amador,005,37829,8516,8456,650,9106,85
2022-03-19,Butte,007,227075,32934,32856,6642,39498,385
2022-03-19,Calaveras,009,45235,7244,7229,351,7580,119
2022-03-19,Colusa,011,21464,3435,3445,1072,4517,21
2022-03-19,Contra Costa,013,1133247,187768,187225,13191,200416,1276
2022-03-19,Del Norte,015,27424,5771,5815,196,6011,48
2022-03-19,El Dorado,017,186661,26629,26618,3227,29845,199
2022-03-19,Fresno,019,978130,230939,228965,23961,252926,2694
2022-03-19,Glenn,021,27897,4969,4971,1603,6574,44
2022-03-19,Humboldt,023,135768,16837,16901,2957,19858,138
2022-03-19,Imperial,025,180216,55312,55038,10807,65845,898
2022-03-19,Inyo,027,18085,4062,4061,484,4545,56
2022-03-19,Kern,029,883053,191544,190943,46235,237178,2184
2022-03-19,Kings,031,150075,51401,51334,3616,54950,441
2022-03-19,Lake,033,64148,10672,10641,895,11536,135
2022-03-19,Lassen,035,31185,8955,8925,887,9812,63
2022-03-19,Los Angeles,037,10098052,2702649,2686759,124190,2810949,31133
2022-03-19,Madera,039,155013,37237,37273,6096,43369,354
2022-03-19,Marin,041,260295,33283,33163,2201,35364,272
2022-03-19,Mariposa,043,17540,2389,2378,200,2578,6
2022-03-19,Mendocino,045,87422,13024,13012,3030,16042,117
2022-03-19,Merced,047,269075,62051,61985,8643,70628,800
2022-03-19,Modoc,049,8938,735,734,250,984,7
2022-03-19,Mono,051,14174,2965,2961,122,3083,5
2022-03-19,Monterey,053,433212,79162,78483,13809,92292,720
2022-03-19,Napa,055,140530,25706,25654,958,26612,138
2022-03-19,Nevada,057,99092,15909,15960,1206,17166,123
2022-03-19,Orange,059,3164182,545237,543907,41411,585318,6817
2022-03-19,Placer,061,380077,62567,62483,7395,69878,605
2022-03-19,Plumas,063,18699,2964,2724,364,3088,13
2022-03-19,Riverside,065,2383286,590326,589017,28063,617080,6359
2022-03-19,Sacramento,067,1510023,280067,274855,27145,302000,2913
2022-03-19,San Benito,069,59416,12874,12859,513,13372,97
2022-03-19,San Bernardino,071,2135413,566573,559935,25045,584980,6778
2022-03-19,San Diego,073,3302833,750908,747344,52180,799524,5133
2022-03-19,San Francisco,075,870044,123474,123587,8269,131856,833
2022-03-19,San Joaquin,077,732212,165997,165765,9997,175762,2181
2022-03-19,San Luis Obispo,079,281455,52297,52174,3780,55954,463
2022-03-19,San Mateo,081,765935,120959,119782,6992,126774,667
2022-03-19,Santa Barbara,083,443738,85521,85336,4767,90103,671
2022-03-19,Santa Clara,085,1922200,309283,309918,12405,322323,2225
2022-03-19,Santa Cruz,087,273765,47555,47203,2120,49323,256
2022-03-19,Shasta,089,179085,30502,30495,6138,36633,525
2022-03-19,Sierra,091,2930,271,273,48,321,4
2022-03-19,Siskiyou,093,43540,4436,4422,2747,7169,76
2022-03-19,Solano,095,438530,81146,81340,5573,86913,441
2022-03-19,Sonoma,097,501317,83160,82838,2595,85433,472
2022-03-19,Stanislaus,099,539301,117176,118138,17531,135669,1568
2022-03-19,Sutter,101,95872,20441,20503,2102,22605,218
2022-03-19,Tehama,103,63373,12018,12007,2617,14624,160
2022-03-19,Trinity,105,12862,1182,1173,295,1468,20
2022-03-19,Tulare,107,460477,106389,104290,28520,132810,1384
2022-03-19,Tuolumne,109,53932,12606,12617,567,13184,180
2022-03-19,Ventura,111,848112,172748,172380,9366,181746,1451
2022-03-19,Yolo,113,214977,36842,36086,3209,39295,306
2022-03-19,Yuba,115,75493,15802,15768,1197,16965,117
2022-03-18,Alameda,001,1643700,254419,253936,13748,267684,1797
2022-03-18,Alpine,003,1148,122,122,1,123,0
2022-03-18,Amador,005,37829,8516,8456,650,9106,85
2022-03-18,Butte,007,227075,32929,32856,6640,39496,385
2022-03-18,Calaveras,009,45235,7244,7229,351,7580,119
2022-03-18,Colusa,011,21464,3435,3445,1072,4517,21
2022-03-18,Contra Costa,013,1133247,187735,187225,13189,200414,1276
2022-03-18,Del Norte,015,27424,5769,5815,195,6010,48
2022-03-18,El Dorado,017,186661,26624,26618,3225,29843,199
2022-03-18,Fresno,019,978130,230906,228965,23961,252926,2694
2022-03-18,Glenn,021,27897,4969,4971,1603,6574,44
2022-03-18,Humboldt,023,135768,16834,16901,2956,19857,138
2022-03-18,Imperial,025,180216,55310,55038,10807,65845,898
2022-03-18,Inyo,027,18085,4062,4061,484,4545,56
2022-03-18,Kern,029,883053,191533,190943,46232,237175,2184
2022-03-18,Kings,031,150075,51395,51334,3616,54950,441
2022-03-18,Lake,033,64148,10670,10641,894,11535,135
2022-03-18,Lassen,035,31185,8954,8925,887,9812,63
2022-03-18,Los Angeles,037,10098052,2702301,2686759,124164,2810923,31133
2022-03-18,Madera,039,155013,37232,37273,6096,43369,354
2022-03-18,Marin,041,260295,33269,33163,2201,35364,272
2022-03-18,Mariposa,043,17540,2388,2378,200,2578,6
2022-03-18,Mendocino,045,87422,13019,13012,3030,16042,117
2022-03-18,Merced,047,269075,62040,61985,8643,70628,800
2022-03-18,Modoc,049,8938,735,734,250,984,7
2022-03-18,Mono,051,14174,2964,2961,122,3083,5
2022-03-18,Monterey,053,433212,79144,78483,13806,92289,720
2022-03-18,Napa,055,140530,25703,25654,958,26612,138
2022-03-18,Nevada,057,99092,15906,15960,1205,17165,123
2022-03-18,Orange,059,3164182,545169,543907,41402,585309,6817
2022-03-18,Placer,061,380077,62559,62483,7395,69878,605
2022-03-18,Plumas,063,18699,2964,2724,364,3088,13
2022-03-18,Riverside,065,2383286,590269,589017,28059,617076,6359
2022-03-18,Sacramento,067,1510023,280032,274855,27140,301995,2913
2022-03-18,San Benito,069,59416,12872,12859,513,13372,97
2022-03-18,San Bernardino,071,2135413,566534,559935,25043,584978,6778
2022-03-18,San Diego,073,3302833,750798,747344,52165,799509,5133
2022-03-18,San Francisco,075,870044,123394,123587,8262,131849,833
2022-03-18,San Joaquin,077,732212,165983,165765,9992,175757,2181
2022-03-18,San Luis Obispo,079,281455,52291,52174,3780,55954,463
2022-03-18,San Mateo,081,765935,120924,119782,6989,126771,667
2022-03-18,Santa Barbara,083,443738,85512,85336,4766,90102,671
2022-03-18,Santa Clara,085,1922200,309180,309918,12402,322320,2225
2022-03-18,Santa Cruz,087,273765,47543,47203,2119,49322,256
2022-03-18,Shasta,089,179085,30501,30495,6138,36633,525
2022-03-18,Sierra,091,2930,271,273,48,321,4
2022-03-18,Siskiyou,093,43540,4436,4422,2747,7169,76
2022-03-18,Solano,095,438530,81135,81340,5567,86907,441
2022-03-18,Sonoma,097,501317,83140,82838,2594,85432,472
2022-03-18,Stanislaus,099,539301,117163,118138,17531,135669,1568
2022-03-18,Sutter,101,95872,20438,20503,2102,22605,218
2022-03-18,Tehama,103,63373,12017,12007,2617,14624,160
2022-03-18,Trinity,105,12862,1182,1173,295,1468,20
2022-03-18,Tulare,107,460477,106383,104290,28514,132804,1384
2022-03-18,Tuolumne,109,53932,12605,12617,567,13184,180
2022-03-18,Ventura,111,848112,172728,172380,9361,181741,1451
2022-03-18,Yolo,113,214977,36831,36086,3209,39295,306
2022-03-18,Yuba,115,75493,15800,15768,1197,16965,117
2022-03-17,Alameda,001,1643700,254321,253936,13741,267677,1797
2022-03-17,Alpine,003,1148,122,122,1,123,0
2022-03-17,Amador,005,37829,8509,8456,650,9106,85
2022-03-17,Butte,007,227075,32915,32856,6638,39494,385
2022-03-17,Calaveras,009,45235,7241,7229,351,7580,119
2022-03-17,Colusa,011,21464,3435,3445,1072,4517,21
2022-03-17,Contra Costa,013,1133247,187671,187225,13179,200404,1276
2022-03-17,Del Norte,015,27424,5767,5815,195,6010,48
2022-03-17,El Dorado,017,186661,26617,26618,3225,29843,199
2022-03-17,Fresno,019,978130,230857,228965,23956,252921,2694
2022-03-17,Glenn,021,27897,4969,4971,1603,6574,44
2022-03-17,Humboldt,023,135768,16830,16901,2954,19855,138
2022-03-17,Imperial,025,180216,55299,55038,10807,65845,898
2022-03-17,Inyo,027,18085,4062,4061,484,4545,56
2022-03-17,Kern,029,883053,191504,190943,46229,237172,2184
2022-03-17,Kings,031,150075,51392,51334,3615,54949,441
2022-03-17,Lake,033,64148,10667,10641,894,11535,135
2022-03-17,Lassen,035,31185,8952,8925,887,9812,63
2022-03-17,Los Angeles,037,10098052,2701644,2686759,124127,2810886,31133
2022-03-17,Madera,039,155013,37228,37273,6095,43368,354
2022-03-17,Marin,041,260295,33257,33163,2200,35363,272
2022-03-17,Mariposa,043,17540,2388,2378,200,2578,6
2022-03-17,Mendocino,045,87422,13016,13012,3027,16039,117
2022-03-17,Merced,047,269075,62034,61985,8641,70626,800
2022-03-17,Modoc,049,8938,735,734,250,984,7
2022-03-17,Mono,051,14174,2964,2961,121,3082,5
2022-03-17,Monterey,053,433212,79122,78483,13800,92283,720
2022-03-17,Napa,055,140530,25698,25654,958,26612,138
2022-03-17,Nevada,057,99092,15903,15960,1205,17165,123
2022-03-17,Orange,059,3164182,545075,543907,41392,585299,6817
2022-03-17,Placer,061,380077,62544,62483,7393,69876,605
2022-03-17,Plumas,063,18699,2963,2724,364,3088,13
2022-03-17,Riverside,065,2383286,590190,589017,28052,617069,6359
2022-03-17,Sacramento,067,1510023,279966,274855,27132,301987,2913
2022-03-17,San Benito,069,59416,12871,12859,513,13372,97
2022-03-17,San Bernardino,071,2135413,566467,559935,25040,584975,6778
2022-03-17,San Diego,073,3302833,750621,747344,52151,799495,5133
2022-03-17,San Francisco,075,870044,123314,123587,8257,131844,833
2022-03-17,San Joaquin,077,732212,165960,165765,9990,175755,2181
2022-03-17,San Luis Obispo,079,281455,52277,52174,3778,55952,463
2022-03-17,San Mateo,081,765935,120878,119782,6985,126767,667
2022-03-17,Santa Barbara,083,443738,85496,85336,4766,90102,671
2022-03-17,Santa Clara,085,1922200,309060,309918,12397,322315,2225
2022-03-17,Santa Cruz,087,273765,47527,47203,2117,49320,256
2022-03-17,Shasta,089,179085,30498,30495,6136,36631,525
2022-03-17,Sierra,091,2930,271,273,48,321,4
2022-03-17,Siskiyou,093,43540,4435,4422,2747,7169,76
2022-03-17,Solano,095,438530,81106,81340,5564,86904,441
2022-03-17,Sonoma,097,501317,83110,82838,2592,85430,472
2022-03-17,Stanislaus,099,539301,117150,118138,17526,135664,1568
2022-03-17,Sutter,101,95872,20428,20503,2088,22591,218
2022-03-17,Tehama,103,63373,12017,12007,2616,14623,160
2022-03-17,Trinity,105,12862,1182,1173,295,1468,20
2022-03-17,Tulare,107,460477,106368,104290,28503,132793,1384
2022-03-17,Tuolumne,109,53932,12602,12617,566,13183,180
2022-03-17,Ventura,111,848112,172681,172380,9359,181739,1451
2022-03-17,Yolo,113,214977,36818,36086,3209,39295,306
2022-03-17,Yuba,115,75493,15798,15768,1196,16964,117
2022-03-16,Alameda,001,1643700,254222,253792,13737,267529,1794
2022-03-16,Alpine,003,1148,122,122,1,123,0
2022-03-16,Amador,005,37829,8501,8449,650,9099,85
2022-03-16,Butte,007,227075,32903,32837,6633,39470,385
2022-03-16,Calaveras,009,45235,7239,7229,351,7580,120
2022-03-16,Colusa,011,21464,3435,3445,1072,4517,22
2022-03-16,Contra Costa,013,1133247,187613,187100,13170,200270,1266
2022-03-16,Del Norte,015,27424,5766,5811,193,6004,48
2022-03-16,El Dorado,017,186661,26605,26602,3224,29826,199
2022-03-16,Fresno,019,978130,230810,228786,23945,252731,2689
2022-03-16,Glenn,021,27897,4969,4969,1602,6571,44
2022-03-16,Humboldt,023,135768,16827,16893,2954,19847,138
2022-03-16,Imperial,025,180216,55287,55002,10806,65808,897
2022-03-16,Inyo,027,18085,4061,4061,484,4545,56
2022-03-16,Kern,029,883053,191460,190835,46222,237057,2170
2022-03-16,Kings,031,150075,51377,51321,3615,54936,437
2022-03-16,Lake,033,64148,10665,10633,893,11526,133
2022-03-16,Lassen,035,31185,8949,8924,887,9811,62
2022-03-16,Los Angeles,037,10098052,2701015,2685789,124086,2809875,31102
2022-03-16,Madera,039,155013,37220,37262,6094,43356,354
2022-03-16,Marin,041,260295,33236,33136,2198,35334,272
2022-03-16,Mariposa,043,17540,2386,2376,200,2576,6
2022-03-16,Mendocino,045,87422,13013,13011,3026,16037,117
2022-03-16,Merced,047,269075,62018,61959,8635,70594,798
2022-03-16,Modoc,049,8938,734,734,250,984,7
2022-03-16,Mono,051,14174,2964,2960,121,3081,5
2022-03-16,Monterey,053,433212,79100,78416,13795,92211,720
2022-03-16,Napa,055,140530,25689,25638,957,26595,138
2022-03-16,Nevada,057,99092,15901,15960,1205,17165,123
2022-03-16,Orange,059,3164182,544953,543326,41368,584694,6791
2022-03-16,Placer,061,380077,62529,62435,7391,69826,605
2022-03-16,Plumas,063,18699,2963,2723,364,3087,13
2022-03-16,Riverside,065,2383286,590090,588761,28049,616810,6351
2022-03-16,Sacramento,067,1510023,279899,274709,27125,301834,2910
2022-03-16,San Benito,069,59416,12866,12854,513,13367,97
2022-03-16,San Bernardino,071,2135413,566387,559746,25033,584779,6775
2022-03-16,San Diego,073,3302833,750410,746970,52127,799097,5126
2022-03-16,San Francisco,075,870044,123214,123446,8249,131695,831
2022-03-16,San Joaquin,077,732212,165913,165703,9987,175690,2169
2022-03-16,San Luis Obispo,079,281455,52259,52132,3774,55906,462
2022-03-16,San Mateo,081,765935,120815,119680,6976,126656,660
2022-03-16,Santa Barbara,083,443738,85463,85322,4761,90083,670
2022-03-16,Santa Clara,085,1922200,308875,309689,12382,322071,2224
2022-03-16,Santa Cruz,087,273765,47498,47161,2117,49278,255
2022-03-16,Shasta,089,179085,30489,30489,6132,36621,527
2022-03-16,Sierra,091,2930,271,273,48,321,4
2022-03-16,Siskiyou,093,43540,4432,4419,2745,7164,76
2022-03-16,Solano,095,438530,81083,81277,5562,86839,440
2022-03-16,Sonoma,097,501317,83065,82791,2583,85374,472
2022-03-16,Stanislaus,099,539301,117124,118072,17524,135596,1567
2022-03-16,Sutter,101,95872,20426,20494,2087,22581,218
2022-03-16,Tehama,103,63373,12015,11999,2616,14615,160
2022-03-16,Trinity,105,12862,1182,1173,295,1468,20
2022-03-16,Tulare,107,460477,106353,104217,28497,132714,1377
2022-03-16,Tuolumne,109,53932,12597,12610,566,13176,180
2022-03-16,Ventura,111,848112,172641,172212,9355,181567,1451
2022-03-16,Yolo,113,214977,36795,36079,3206,39285,307
2022-03-16,Yuba,115,75493,15793,15758,1196,16954,117
2022-03-15,Alameda,001,1643700,254091,253694,13727,267421,1793
2022-03-15,Alpine,003,1148,122,122,1,123,0
2022-03-15,Amador,005,37829,8498,8448,650,9098,85
2022-03-15,Butte,007,227075,32890,32822,6631,39453,385
2022-03-15,Calaveras,009,45235,7237,7236,351,7587,118
2022-03-15,Colusa,011,21464,3435,3445,1072,4517,21
2022-03-15,Contra Costa,013,1133247,187533,187021,13161,200182,1265
2022-03-15,Del Norte,015,27424,5763,5806,190,5996,48
2022-03-15,El Dorado,017,186661,26602,26596,3223,29819,199
2022-03-15,Fresno,019,978130,230767,228631,23935,252566,2689
2022-03-15,Glenn,021,27897,4967,4966,1602,6568,44
2022-03-15,Humboldt,023,135768,16821,16889,2953,19842,138
2022-03-15,Imperial,025,180216,55277,54981,10802,65783,896
2022-03-15,Inyo,027,18085,4061,4062,483,4545,56
2022-03-15,Kern,029,883053,191431,190645,46212,236857,2168
2022-03-15,Kings,031,150075,51358,51317,3611,54928,437
2022-03-15,Lake,033,64148,10661,10631,893,11524,131
2022-03-15,Lassen,035,31185,8947,8926,886,9812,62
2022-03-15,Los Angeles,037,10098052,2700343,2685071,124026,2809097,31077
2022-03-15,Madera,039,155013,37210,37258,6093,43351,354
2022-03-15,Marin,041,260295,33213,33111,2197,35308,272
2022-03-15,Mariposa,043,17540,2384,2377,200,2577,6
2022-03-15,Mendocino,045,87422,13008,13005,3025,16030,117
2022-03-15,Merced,047,269075,62000,61916,8626,70542,798
2022-03-15,Modoc,049,8938,734,733,250,983,7
2022-03-15,Mono,051,14174,2964,2961,121,3082,5
2022-03-15,Monterey,053,433212,79069,78400,13787,92187,718
2022-03-15,Napa,055,140530,25681,25657,955,26612,138
2022-03-15,Nevada,057,99092,15899,15960,1203,17163,123
2022-03-15,Orange,059,3164182,544811,543197,41361,584558,6780
2022-03-15,Placer,061,380077,62511,62398,7387,69785,604
2022-03-15,Plumas,063,18699,2962,2722,364,3086,13
2022-03-15,Riverside,065,2383286,589990,588622,28041,616663,6333
2022-03-15,Sacramento,067,1510023,279817,274633,27118,301751,2907
2022-03-15,San Benito,069,59416,12862,12849,513,13362,95
2022-03-15,San Bernardino,071,2135413,566311,559605,25028,584633,6770
2022-03-15,San Diego,073,3302833,750161,746474,52105,798579,5116
2022-03-15,San Francisco,075,870044,123098,123526,8240,131766,831
2022-03-15,San Joaquin,077,732212,165869,165664,9981,175645,2161
2022-03-15,San Luis Obispo,079,281455,52249,52060,3770,55830,458
2022-03-15,San Mateo,081,765935,120764,119586,6970,126556,649
2022-03-15,Santa Barbara,083,443738,85438,85353,4757,90110,668
2022-03-15,Santa Clara,085,1922200,308715,309535,12370,321905,2224
2022-03-15,Santa Cruz,087,273765,47445,47117,2117,49234,255
2022-03-15,Shasta,089,179085,30480,30476,6129,36605,524
2022-03-15,Sierra,091,2930,271,273,48,321,4
2022-03-15,Siskiyou,093,43540,4432,4420,2745,7165,76
2022-03-15,Solano,095,438530,81048,81260,5561,86821,440
2022-03-15,Sonoma,097,501317,83023,82737,2583,85320,472
2022-03-15,Stanislaus,099,539301,117105,118085,17520,135605,1567
2022-03-15,Sutter,101,95872,20423,20480,2077,22557,217
2022-03-15,Tehama,103,63373,12012,11997,2615,14612,160
2022-03-15,Trinity,105,12862,1182,1173,295,1468,20
2022-03-15,Tulare,107,460477,106334,104153,28485,132638,1375
2022-03-15,Tuolumne,109,53932,12593,12602,566,13168,180
2022-03-15,Ventura,111,848112,172596,172150,9351,181501,1451
2022-03-15,Yolo,113,214977,36780,36079,3200,39279,308
2022-03-15,Yuba,115,75493,15784,15756,1196,16952,116
2022-03-14,Alameda,001,1643700,253975,253629,13723,267352,1791
2022-03-14,Alpine,003,1148,122,122,1,123,0
2022-03-14,Amador,005,37829,8493,8448,650,9098,85
2022-03-14,Butte,007,227075,32872,32812,6630,39442,385
2022-03-14,Calaveras,009,45235,7236,7245,351,7596,118
2022-03-14,Colusa,011,21464,3434,3445,1072,4517,21
2022-03-14,Contra Costa,013,1133247,187440,186969,13152,200121,1265
2022-03-14,Del Norte,015,27424,5757,5807,190,5997,48
2022-03-14,El Dorado,017,186661,26597,26570,3223,29793,199
2022-03-14,Fresno,019,978130,230693,228470,23925,252395,2682
2022-03-14,Glenn,021,27897,4965,4966,1601,6567,44
2022-03-14,Humboldt,023,135768,16814,16890,2951,19841,137
2022-03-14,Imperial,025,180216,55264,54933,10801,65734,897
2022-03-14,Inyo,027,18085,4061,4062,483,4545,56
2022-03-14,Kern,029,883053,191396,190526,46201,236727,2166
2022-03-14,Kings,031,150075,51340,51293,3610,54903,437
2022-03-14,Lake,033,64148,10658,10631,893,11524,131
2022-03-14,Lassen,035,31185,8947,8927,885,9812,62
2022-03-14,Los Angeles,037,10098052,2699718,2683369,123959,2807328,31034
2022-03-14,Madera,039,155013,37204,37255,6092,43347,354
2022-03-14,Marin,041,260295,33184,33099,2197,35296,272
2022-03-14,Mariposa,043,17540,2383,2376,200,2576,6
2022-03-14,Mendocino,045,87422,13003,12992,3018,16010,117
2022-03-14,Merced,047,269075,61982,61905,8624,70529,795
2022-03-14,Modoc,049,8938,733,731,250,981,7
2022-03-14,Mono,051,14174,2963,2961,121,3082,5
2022-03-14,Monterey,053,433212,79055,78376,13750,92126,718
2022-03-14,Napa,055,140530,25666,25649,955,26604,138
2022-03-14,Nevada,057,99092,15897,15954,1203,17157,123
2022-03-14,Orange,059,3164182,544671,543099,41353,584452,6775
2022-03-14,Placer,061,380077,62493,62389,7385,69774,601
2022-03-14,Plumas,063,18699,2962,2711,364,3075,13
2022-03-14,Riverside,065,2383286,589853,588531,28029,616560,6332
2022-03-14,Sacramento,067,1510023,279736,274682,27113,301795,2899
2022-03-14,San Benito,069,59416,12857,12846,512,13358,95
2022-03-14,San Bernardino,071,2135413,566225,559505,25023,584528,6767
2022-03-14,San Diego,073,3302833,749851,745515,52077,797592,5108
2022-03-14,San Francisco,075,870044,123008,123575,8234,131809,824
2022-03-14,San Joaquin,077,732212,165831,165662,9980,175642,2142
2022-03-14,San Luis Obispo,079,281455,52222,52046,3767,55813,458
2022-03-14,San Mateo,081,765935,120691,119564,6967,126531,649
2022-03-14,Santa Barbara,083,443738,85401,85396,4756,90152,667
2022-03-14,Santa Clara,085,1922200,308529,309600,12365,321965,2223
2022-03-14,Santa Cruz,087,273765,47407,47107,2114,49221,255
2022-03-14,Shasta,089,179085,30475,30462,6126,36588,520
2022-03-14,Sierra,091,2930,271,273,48,321,4
2022-03-14,Siskiyou,093,43540,4427,4419,2744,7163,76
2022-03-14,Solano,095,438530,81000,81233,5556,86789,440
2022-03-14,Sonoma,097,501317,82989,82731,2579,85310,473
2022-03-14,Stanislaus,099,539301,117068,118088,17516,135604,1567
2022-03-14,Sutter,101,95872,20416,20478,2077,22555,217
2022-03-14,Tehama,103,63373,12010,11996,2615,14611,160
2022-03-14,Trinity,105,12862,1182,1172,295,1467,20
2022-03-14,Tulare,107,460477,106303,104121,28477,132598,1365
2022-03-14,Tuolumne,109,53932,12592,12567,565,13132,180
2022-03-14,Ventura,111,848112,172543,172107,9349,181456,1442
2022-03-14,Yolo,113,214977,36764,36059,3198,39257,308
2022-03-14,Yuba,115,75493,15773,15748,1196,16944,116
2022-03-13,Alameda,001,1643700,253851,253547,13714,267261,1792
2022-03-13,Alpine,003,1148,122,122,1,123,0
2022-03-13,Amador,005,37829,8491,8444,650,9094,85
2022-03-13,Butte,007,227075,32853,32806,6626,39432,384
2022-03-13,Calaveras,009,45235,7231,7253,351,7604,118
2022-03-13,Colusa,011,21464,3434,3444,1070,4514,21
2022-03-13,Contra Costa,013,1133247,187347,186911,13137,200048,1265
2022-03-13,Del Norte,015,27424,5753,5808,190,5998,48
2022-03-13,El Dorado,017,186661,26592,26563,3222,29785,199
2022-03-13,Fresno,019,978130,230613,228421,23911,252332,2683
2022-03-13,Glenn,021,27897,4961,4966,1600,6566,44
2022-03-13,Humboldt,023,135768,16806,16883,2951,19834,137
2022-03-13,Imperial,025,180216,55254,54934,10799,65733,897
2022-03-13,Inyo,027,18085,4061,4062,482,4544,56
2022-03-13,Kern,029,883053,191342,190495,46187,236682,2166
2022-03-13,Kings,031,150075,51332,51273,3609,54882,437
2022-03-13,Lake,033,64148,10655,10626,893,11519,131
2022-03-13,Lassen,035,31185,8946,8929,884,9813,62
2022-03-13,Los Angeles,037,10098052,2698990,2683351,123915,2807266,31034
2022-03-13,Madera,039,155013,37196,37248,6092,43340,354
2022-03-13,Marin,041,260295,33159,33083,2195,35278,272
2022-03-13,Mariposa,043,17540,2381,2376,200,2576,6
2022-03-13,Mendocino,045,87422,12997,12987,3013,16000,117
2022-03-13,Merced,047,269075,61957,61895,8613,70508,795
2022-03-13,Modoc,049,8938,733,731,250,981,7
2022-03-13,Mono,051,14174,2963,2961,121,3082,5
2022-03-13,Monterey,053,433212,79019,78366,13700,92066,718
2022-03-13,Napa,055,140530,25651,25639,954,26593,138
2022-03-13,Nevada,057,99092,15890,15959,1203,17162,123
2022-03-13,Orange,059,3164182,544550,543036,41329,584365,6774
2022-03-13,Placer,061,380077,62466,62372,7382,69754,601
2022-03-13,Plumas,063,18699,2962,2711,364,3075,13
2022-03-13,Riverside,065,2383286,589719,588487,28023,616510,6332
2022-03-13,Sacramento,067,1510023,279635,274715,27101,301816,2899
2022-03-13,San Benito,069,59416,12851,12844,510,13354,95
2022-03-13,San Bernardino,071,2135413,566130,559450,25012,584462,6767
2022-03-13,San Diego,073,3302833,749501,745515,52043,797558,5108
2022-03-13,San Francisco,075,870044,122885,123622,8228,131850,824
2022-03-13,San Joaquin,077,732212,165783,165641,9978,175619,2142
2022-03-13,San Luis Obispo,079,281455,52192,52040,3764,55804,458
2022-03-13,San Mateo,081,765935,120613,119521,6958,126479,649
2022-03-13,Santa Barbara,083,443738,85360,85453,4754,90207,667
2022-03-13,Santa Clara,085,1922200,308360,309493,12356,321849,2225
2022-03-13,Santa Cruz,087,273765,47356,47087,2113,49200,255
2022-03-13,Shasta,089,179085,30458,30457,6124,36581,520
2022-03-13,Sierra,091,2930,271,273,48,321,4
2022-03-13,Siskiyou,093,43540,4427,4418,2744,7162,76
2022-03-13,Solano,095,438530,80965,81217,5552,86769,440
2022-03-13,Sonoma,097,501317,82952,82711,2576,85287,473
2022-03-13,Stanislaus,099,539301,117035,118075,17513,135588,1567
2022-03-13,Sutter,101,95872,20412,20474,2076,22550,217
2022-03-13,Tehama,103,63373,12009,11997,2614,14611,160
2022-03-13,Trinity,105,12862,1182,1172,295,1467,20
2022-03-13,Tulare,107,460477,106266,104119,28467,132586,1365
2022-03-13,Tuolumne,109,53932,12589,12565,565,13130,180
2022-03-13,Ventura,111,848112,172485,172080,9342,181422,1442
2022-03-13,Yolo,113,214977,36746,36019,3194,39213,308
2022-03-13,Yuba,115,75493,15768,15741,1196,16937,116
2022-03-12,Alameda,001,1643700,253786,253079,13709,266788,1783
2022-03-12,Alpine,003,1148,122,122,1,123,0
2022-03-12,Amador,005,37829,8487,8427,650,9077,84
2022-03-12,Butte,007,227075,32849,32774,6624,39398,380
2022-03-12,Calaveras,009,45235,7230,7253,351,7604,118
2022-03-12,Colusa,011,21464,3434,3440,1070,4510,21
2022-03-12,Contra Costa,013,1133247,187303,186618,13136,199754,1256
2022-03-12,Del Norte,015,27424,5752,5791,190,5981,48
2022-03-12,El Dorado,017,186661,26588,26538,3222,29760,199
2022-03-12,Fresno,019,978130,230591,228041,23911,251952,2653
2022-03-12,Glenn,021,27897,4961,4955,1600,6555,44
2022-03-12,Humboldt,023,135768,16802,16862,2950,19812,137
2022-03-12,Imperial,025,180216,55250,54837,10795,65632,896
2022-03-12,Inyo,027,18085,4061,4056,482,4538,56
2022-03-12,Kern,029,883053,191325,190330,46182,236512,2162
2022-03-12,Kings,031,150075,51326,51145,3609,54754,436
2022-03-12,Lake,033,64148,10652,10594,892,11486,131
2022-03-12,Lassen,035,31185,8945,8915,884,9799,62
2022-03-12,Los Angeles,037,10098052,2698667,2678858,123896,2802754,30901
2022-03-12,Madera,039,155013,37191,37223,6092,43315,354
2022-03-12,Marin,041,260295,33135,33015,2194,35209,272
2022-03-12,Mariposa,043,17540,2381,2372,200,2572,6
2022-03-12,Mendocino,045,87422,12993,12965,3013,15978,117
2022-03-12,Merced,047,269075,61952,61840,8612,70452,795
2022-03-12,Modoc,049,8938,733,730,250,980,7
2022-03-12,Mono,051,14174,2963,2960,120,3080,5
2022-03-12,Monterey,053,433212,79012,78285,13698,91983,716
2022-03-12,Napa,055,140530,25641,25584,953,26537,138
2022-03-12,Nevada,057,99092,15883,15947,1203,17150,123
2022-03-12,Orange,059,3164182,544485,542354,41320,583674,6718
2022-03-12,Placer,061,380077,62457,62282,7382,69664,598
2022-03-12,Plumas,063,18699,2962,2707,364,3071,13
2022-03-12,Riverside,065,2383286,589656,588022,28018,616040,6317
2022-03-12,Sacramento,067,1510023,279596,274519,27097,301616,2886
2022-03-12,San Benito,069,59416,12848,12868,510,13378,95
2022-03-12,San Bernardino,071,2135413,566089,559013,25011,584024,6734
2022-03-12,San Diego,073,3302833,749372,744386,52021,796407,5090
2022-03-12,San Francisco,075,870044,122821,123610,8222,131832,823
2022-03-12,San Joaquin,077,732212,165766,165516,9975,175491,2117
2022-03-12,San Luis Obispo,079,281455,52183,51947,3761,55708,457
2022-03-12,San Mateo,081,765935,120576,119288,6957,126245,641
2022-03-12,Santa Barbara,083,443738,85341,85421,4754,90175,664
2022-03-12,Santa Clara,085,1922200,308262,308989,12350,321339,2208
2022-03-12,Santa Cruz,087,273765,47343,46982,2112,49094,254
2022-03-12,Shasta,089,179085,30446,30419,6122,36541,517
2022-03-12,Sierra,091,2930,271,273,48,321,4
2022-03-12,Siskiyou,093,43540,4427,4405,2744,7149,75
2022-03-12,Solano,095,438530,80951,81058,5552,86610,436
2022-03-12,Sonoma,097,501317,82935,82622,2574,85196,473
2022-03-12,Stanislaus,099,539301,117021,117884,17512,135396,1564
2022-03-12,Sutter,101,95872,20411,20429,2076,22505,217
2022-03-12,Tehama,103,63373,12009,11983,2614,14597,159
2022-03-12,Trinity,105,12862,1181,1172,295,1467,20
2022-03-12,Tulare,107,460477,106260,103994,28462,132456,1358
2022-03-12,Tuolumne,109,53932,12588,12476,565,13041,180
2022-03-12,Ventura,111,848112,172460,171932,9340,181272,1442
2022-03-12,Yolo,113,214977,36739,35982,3192,39174,308
2022-03-12,Yuba,115,75493,15768,15722,1196,16918,116
2022-03-11,Alameda,001,1643700,253719,253079,13709,266788,1783
2022-03-11,Alpine,003,1148,122,122,1,123,0
2022-03-11,Amador,005,37829,8485,8427,650,9077,84
2022-03-11,Butte,007,227075,32845,32774,6623,39397,380
2022-03-11,Calaveras,009,45235,7230,7253,351,7604,118
2022-03-11,Colusa,011,21464,3434,3440,1070,4510,21
2022-03-11,Contra Costa,013,1133247,187255,186618,13134,199752,1256
2022-03-11,Del Norte,015,27424,5748,5791,190,5981,48
2022-03-11,El Dorado,017,186661,26584,26538,3222,29760,199
2022-03-11,Fresno,019,978130,230535,228041,23907,251948,2653
2022-03-11,Glenn,021,27897,4961,4955,1600,6555,44
2022-03-11,Humboldt,023,135768,16797,16862,2948,19810,137
2022-03-11,Imperial,025,180216,55243,54837,10794,65631,896
2022-03-11,Inyo,027,18085,4061,4056,482,4538,56
2022-03-11,Kern,029,883053,191304,190330,46177,236507,2162
2022-03-11,Kings,031,150075,51306,51145,3609,54754,436
2022-03-11,Lake,033,64148,10648,10594,892,11486,131
2022-03-11,Lassen,035,31185,8944,8915,884,9799,62
2022-03-11,Los Angeles,037,10098052,2698343,2678858,123871,2802729,30901
2022-03-11,Madera,039,155013,37186,37223,6092,43315,354
2022-03-11,Marin,041,260295,33119,33015,2193,35208,272
2022-03-11,Mariposa,043,17540,2380,2372,200,2572,6
2022-03-11,Mendocino,045,87422,12987,12965,3013,15978,117
2022-03-11,Merced,047,269075,61942,61840,8610,70450,795
2022-03-11,Modoc,049,8938,733,730,250,980,7
2022-03-11,Mono,051,14174,2962,2960,120,3080,5
2022-03-11,Monterey,053,433212,78999,78285,13692,91977,716
2022-03-11,Napa,055,140530,25630,25584,953,26537,138
2022-03-11,Nevada,057,99092,15880,15947,1203,17150,123
2022-03-11,Orange,059,3164182,544415,542354,41306,583660,6718
2022-03-11,Placer,061,380077,62447,62282,7381,69663,598
2022-03-11,Plumas,063,18699,2960,2707,364,3071,13
2022-03-11,Riverside,065,2383286,589581,588022,28014,616036,6317
2022-03-11,Sacramento,067,1510023,279529,274519,27094,301613,2886
2022-03-11,San Benito,069,59416,12847,12868,510,13378,95
2022-03-11,San Bernardino,071,2135413,566031,559013,25005,584018,6734
2022-03-11,San Diego,073,3302833,749205,744386,52007,796393,5090
2022-03-11,San Francisco,075,870044,122771,123610,8218,131828,823
2022-03-11,San Joaquin,077,732212,165733,165516,9972,175488,2117
2022-03-11,San Luis Obispo,079,281455,52175,51947,3760,55707,457
2022-03-11,San Mateo,081,765935,120527,119288,6954,126242,641
2022-03-11,Santa Barbara,083,443738,85321,85421,4753,90174,664
2022-03-11,Santa Clara,085,1922200,308160,308989,12346,321335,2208
2022-03-11,Santa Cruz,087,273765,47328,46982,2112,49094,254
2022-03-11,Shasta,089,179085,30440,30419,6119,36538,517
2022-03-11,Sierra,091,2930,271,273,48,321,4
2022-03-11,Siskiyou,093,43540,4425,4405,2742,7147,75
2022-03-11,Solano,095,438530,80937,81058,5551,86609,436
2022-03-11,Sonoma,097,501317,82910,82622,2572,85194,473
2022-03-11,Stanislaus,099,539301,117008,117884,17511,135395,1564
2022-03-11,Sutter,101,95872,20409,20429,2076,22505,217
2022-03-11,Tehama,103,63373,12007,11983,2614,14597,159
2022-03-11,Trinity,105,12862,1181,1172,295,1467,20
2022-03-11,Tulare,107,460477,106247,103994,28456,132450,1358
2022-03-11,Tuolumne,109,53932,12586,12476,565,13041,180
2022-03-11,Ventura,111,848112,172424,171932,9335,181267,1442
2022-03-11,Yolo,113,214977,36727,35982,3192,39174,308
2022-03-11,Yuba,115,75493,15765,15722,1196,16918,116
2022-03-10,Alameda,001,1643700,253607,253079,13702,266781,1783
2022-03-10,Alpine,003,1148,122,122,1,123,0
2022-03-10,Amador,005,37829,8484,8427,650,9077,84
2022-03-10,Butte,007,227075,32831,32774,6621,39395,380
2022-03-10,Calaveras,009,45235,7229,7253,350,7603,118
2022-03-10,Colusa,011,21464,3434,3440,1070,4510,21
2022-03-10,Contra Costa,013,1133247,187170,186618,13124,199742,1256
2022-03-10,Del Norte,015,27424,5739,5791,190,5981,48
2022-03-10,El Dorado,017,186661,26572,26538,3221,29759,199
2022-03-10,Fresno,019,978130,230461,228041,23897,251938,2653
2022-03-10,Glenn,021,27897,4959,4955,1600,6555,44
2022-03-10,Humboldt,023,135768,16788,16862,2947,19809,137
2022-03-10,Imperial,025,180216,55233,54837,10793,65630,896
2022-03-10,Inyo,027,18085,4060,4056,482,4538,56
2022-03-10,Kern,029,883053,191271,190330,46162,236492,2162
2022-03-10,Kings,031,150075,51276,51145,3608,54753,436
2022-03-10,Lake,033,64148,10638,10594,891,11485,131
2022-03-10,Lassen,035,31185,8944,8915,884,9799,62
2022-03-10,Los Angeles,037,10098052,2697787,2678858,123832,2802690,30901
2022-03-10,Madera,039,155013,37179,37223,6085,43308,354
2022-03-10,Marin,041,260295,33105,33015,2189,35204,272
2022-03-10,Mariposa,043,17540,2380,2372,200,2572,6
2022-03-10,Mendocino,045,87422,12983,12965,3013,15978,117
2022-03-10,Merced,047,269075,61925,61840,8604,70444,795
2022-03-10,Modoc,049,8938,732,730,250,980,7
2022-03-10,Mono,051,14174,2962,2960,120,3080,5
2022-03-10,Monterey,053,433212,78976,78285,13666,91951,716
2022-03-10,Napa,055,140530,25621,25584,952,26536,138
2022-03-10,Nevada,057,99092,15873,15947,1203,17150,123
2022-03-10,Orange,059,3164182,544292,542354,41289,583643,6718
2022-03-10,Placer,061,380077,62425,62282,7375,69657,598
2022-03-10,Plumas,063,18699,2959,2707,364,3071,13
2022-03-10,Riverside,065,2383286,589466,588022,28007,616029,6317
2022-03-10,Sacramento,067,1510023,279451,274519,27088,301607,2886
2022-03-10,San Benito,069,59416,12846,12868,509,13377,95
2022-03-10,San Bernardino,071,2135413,565955,559013,24998,584011,6734
2022-03-10,San Diego,073,3302833,748942,744386,51976,796362,5090
2022-03-10,San Francisco,075,870044,122704,123610,8211,131821,823
2022-03-10,San Joaquin,077,732212,165703,165516,9970,175486,2117
2022-03-10,San Luis Obispo,079,281455,52152,51947,3757,55704,457
2022-03-10,San Mateo,081,765935,120463,119288,6951,126239,641
2022-03-10,Santa Barbara,083,443738,85289,85421,4752,90173,664
2022-03-10,Santa Clara,085,1922200,308034,308989,12337,321326,2208
2022-03-10,Santa Cruz,087,273765,47296,46982,2112,49094,254
2022-03-10,Shasta,089,179085,30432,30419,6117,36536,517
2022-03-10,Sierra,091,2930,271,273,48,321,4
2022-03-10,Siskiyou,093,43540,4425,4405,2742,7147,75
2022-03-10,Solano,095,438530,80901,81058,5546,86604,436
2022-03-10,Sonoma,097,501317,82883,82622,2572,85194,473
2022-03-10,Stanislaus,099,539301,116970,117884,17509,135393,1564
2022-03-10,Sutter,101,95872,20404,20429,2076,22505,217
2022-03-10,Tehama,103,63373,12006,11983,2614,14597,159
2022-03-10,Trinity,105,12862,1181,1172,295,1467,20
2022-03-10,Tulare,107,460477,106228,103994,28450,132444,1358
2022-03-10,Tuolumne,109,53932,12583,12476,565,13041,180
2022-03-10,Ventura,111,848112,172383,171932,9332,181264,1442
2022-03-10,Yolo,113,214977,36713,35982,3191,39173,308
2022-03-10,Yuba,115,75493,15755,15722,1195,16917,116
2022-03-09,Alameda,001,1643700,253481,252893,13695,266588,1781
2022-03-09,Alpine,003,1148,122,125,1,126,0
2022-03-09,Amador,005,37829,8478,8409,650,9059,84
2022-03-09,Butte,007,227075,32822,32767,6616,39383,380
2022-03-09,Calaveras,009,45235,7227,7249,350,7599,117
2022-03-09,Colusa,011,21464,3433,3439,1070,4509,21
2022-03-09,Contra Costa,013,1133247,187075,186483,13108,199591,1256
2022-03-09,Del Norte,015,27424,5735,5765,190,5955,48
2022-03-09,El Dorado,017,186661,26567,26515,3221,29736,198
2022-03-09,Fresno,019,978130,230362,227885,23889,251774,2653
2022-03-09,Glenn,021,27897,4957,4953,1599,6552,44
2022-03-09,Humboldt,023,135768,16783,16854,2944,19798,137
2022-03-09,Imperial,025,180216,55226,54764,10791,65555,894
2022-03-09,Inyo,027,18085,4060,4056,482,4538,56
2022-03-09,Kern,029,883053,191221,190254,46149,236403,2159
2022-03-09,Kings,031,150075,51256,51122,3608,54730,435
2022-03-09,Lake,033,64148,10631,10586,891,11477,130
2022-03-09,Lassen,035,31185,8944,8901,884,9785,62
2022-03-09,Los Angeles,037,10098052,2697138,2677901,123793,2801694,30842
2022-03-09,Madera,039,155013,37172,37207,6084,43291,354
2022-03-09,Marin,041,260295,33087,32967,2189,35156,272
2022-03-09,Mariposa,043,17540,2377,2372,200,2572,6
2022-03-09,Mendocino,045,87422,12979,12957,3008,15965,117
2022-03-09,Merced,047,269075,61909,61792,8598,70390,792
2022-03-09,Modoc,049,8938,731,730,249,979,7
2022-03-09,Mono,051,14174,2962,2962,120,3082,5
2022-03-09,Monterey,053,433212,78952,78258,13619,91877,716
2022-03-09,Napa,055,140530,25600,25561,951,26512,138
2022-03-09,Nevada,057,99092,15864,15938,1202,17140,123
2022-03-09,Orange,059,3164182,544159,542278,41276,583554,6700
2022-03-09,Placer,061,380077,62402,62242,7371,69613,598
2022-03-09,Plumas,063,18699,2958,2708,364,3072,13
2022-03-09,Riverside,065,2383286,589369,587833,27997,615830,6305
2022-03-09,Sacramento,067,1510023,279367,274373,27071,301444,2877
2022-03-09,San Benito,069,59416,12843,12864,509,13373,95
2022-03-09,San Bernardino,071,2135413,565861,558795,24986,583781,6723
2022-03-09,San Diego,073,3302833,748665,743956,51949,795905,5083
2022-03-09,San Francisco,075,870044,122614,123676,8207,131883,812
2022-03-09,San Joaquin,077,732212,165664,165444,9964,175408,2113
2022-03-09,San Luis Obispo,079,281455,52133,51923,3754,55677,457
2022-03-09,San Mateo,081,765935,120405,119194,6939,126133,639
2022-03-09,Santa Barbara,083,443738,85272,85382,4750,90132,661
2022-03-09,Santa Clara,085,1922200,307898,308765,12326,321091,2206
2022-03-09,Santa Cruz,087,273765,47256,46917,2111,49028,254
2022-03-09,Shasta,089,179085,30410,30407,6116,36523,493
2022-03-09,Sierra,091,2930,271,273,48,321,4
2022-03-09,Siskiyou,093,43540,4423,4403,2741,7144,75
2022-03-09,Solano,095,438530,80865,80984,5544,86528,436
2022-03-09,Sonoma,097,501317,82850,82574,2570,85144,473
2022-03-09,Stanislaus,099,539301,116932,117827,17504,135331,1541
2022-03-09,Sutter,101,95872,20393,20409,2072,22481,217
2022-03-09,Tehama,103,63373,12002,11980,2614,14594,159
2022-03-09,Trinity,105,12862,1181,1174,295,1469,20
2022-03-09,Tulare,107,460477,106200,103932,28436,132368,1350
2022-03-09,Tuolumne,109,53932,12581,12444,565,13009,180
2022-03-09,Ventura,111,848112,172332,171852,9329,181181,1448
2022-03-09,Yolo,113,214977,36694,35973,3176,39149,308
2022-03-09,Yuba,115,75493,15750,15714,1194,16908,115
2022-03-08,Alameda,001,1643700,253326,252744,13683,266427,1769
2022-03-08,Alpine,003,1148,122,125,1,126,0
2022-03-08,Amador,005,37829,8464,8407,650,9057,84
2022-03-08,Butte,007,227075,32808,32759,6611,39370,380
2022-03-08,Calaveras,009,45235,7223,7245,350,7595,117
2022-03-08,Colusa,011,21464,3430,3439,1069,4508,21
2022-03-08,Contra Costa,013,1133247,186989,186396,13094,199490,1256
2022-03-08,Del Norte,015,27424,5730,5763,190,5953,48
2022-03-08,El Dorado,017,186661,26557,26503,3214,29717,197
2022-03-08,Fresno,019,978130,230262,227808,23880,251688,2653
2022-03-08,Glenn,021,27897,4956,4944,1598,6542,43
2022-03-08,Humboldt,023,135768,16771,16837,2931,19768,137
2022-03-08,Imperial,025,180216,55210,54721,10789,65510,890
2022-03-08,Inyo,027,18085,4057,4056,482,4538,56
2022-03-08,Kern,029,883053,191159,190208,46134,236342,2154
2022-03-08,Kings,031,150075,51214,51089,3605,54694,434
2022-03-08,Lake,033,64148,10620,10571,891,11462,130
2022-03-08,Lassen,035,31185,8943,8897,884,9781,62
2022-03-08,Los Angeles,037,10098052,2696445,2677166,123754,2800920,30803
2022-03-08,Madera,039,155013,37160,37185,6083,43268,354
2022-03-08,Marin,041,260295,33048,32943,2188,35131,272
2022-03-08,Mariposa,043,17540,2375,2371,200,2571,6
2022-03-08,Mendocino,045,87422,12975,12950,3007,15957,117
2022-03-08,Merced,047,269075,61889,61767,8587,70354,791
2022-03-08,Modoc,049,8938,730,729,249,978,7
2022-03-08,Mono,051,14174,2961,2961,120,3081,5
2022-03-08,Monterey,053,433212,78932,78247,13580,91827,711
2022-03-08,Napa,055,140530,25575,25528,950,26478,137
2022-03-08,Nevada,057,99092,15854,15939,1201,17140,122
2022-03-08,Orange,059,3164182,544008,542164,41255,583419,6692
2022-03-08,Placer,061,380077,62374,62221,7370,69591,594
2022-03-08,Plumas,063,18699,2958,2703,364,3067,13
2022-03-08,Riverside,065,2383286,589260,587686,27989,615675,6294
2022-03-08,Sacramento,067,1510023,279273,274276,27052,301328,2872
2022-03-08,San Benito,069,59416,12841,12855,509,13364,94
2022-03-08,San Bernardino,071,2135413,565769,558512,24976,583488,6715
2022-03-08,San Diego,073,3302833,748308,743604,51932,795536,5077
2022-03-08,San Francisco,075,870044,122524,123675,8202,131877,807
2022-03-08,San Joaquin,077,732212,165627,165381,9959,175340,2104
2022-03-08,San Luis Obispo,079,281455,52107,51900,3751,55651,451
2022-03-08,San Mateo,081,765935,120323,119103,6929,126032,638
2022-03-08,Santa Barbara,083,443738,85241,85363,4750,90113,659
2022-03-08,Santa Clara,085,1922200,307688,308528,12317,320845,2206
2022-03-08,Santa Cruz,087,273765,47220,46875,2110,48985,254
2022-03-08,Shasta,089,179085,30391,30372,6113,36485,493
2022-03-08,Sierra,091,2930,271,273,48,321,4
2022-03-08,Siskiyou,093,43540,4419,4404,2741,7145,74
2022-03-08,Solano,095,438530,80837,80924,5540,86464,434
2022-03-08,Sonoma,097,501317,82805,82571,2569,85140,473
2022-03-08,Stanislaus,099,539301,116888,117782,17495,135277,1541
2022-03-08,Sutter,101,95872,20384,20403,2072,22475,217
2022-03-08,Tehama,103,63373,11998,11972,2613,14585,158
2022-03-08,Trinity,105,12862,1181,1174,295,1469,20
2022-03-08,Tulare,107,460477,106160,103893,28424,132317,1334
2022-03-08,Tuolumne,109,53932,12576,12427,563,12990,180
2022-03-08,Ventura,111,848112,172269,171806,9322,181128,1447
2022-03-08,Yolo,113,214977,36669,35946,3175,39121,306
2022-03-08,Yuba,115,75493,15743,15705,1193,16898,115
2022-03-07,Alameda,001,1643700,253123,252578,13668,266246,1766
2022-03-07,Alpine,003,1148,122,125,1,126,0
2022-03-07,Amador,005,37829,8461,8368,650,9018,84
2022-03-07,Butte,007,227075,32793,32734,6608,39342,378
2022-03-07,Calaveras,009,45235,7219,7242,350,7592,116
2022-03-07,Colusa,011,21464,3428,3437,1069,4506,21
2022-03-07,Contra Costa,013,1133247,186890,186087,13070,199157,1256
2022-03-07,Del Norte,015,27424,5726,5758,190,5948,48
2022-03-07,El Dorado,017,186661,26551,26487,3213,29700,196
2022-03-07,Fresno,019,978130,230173,227670,23856,251526,2653
2022-03-07,Glenn,021,27897,4950,4939,1598,6537,43
2022-03-07,Humboldt,023,135768,16758,16829,2926,19755,137
2022-03-07,Imperial,025,180216,55187,54712,10784,65496,890
2022-03-07,Inyo,027,18085,4055,4054,482,4536,56
2022-03-07,Kern,029,883053,191098,190163,46109,236272,2152
2022-03-07,Kings,031,150075,51184,51065,3599,54664,433
2022-03-07,Lake,033,64148,10609,10562,890,11452,130
2022-03-07,Lassen,035,31185,8942,8896,884,9780,62
2022-03-07,Los Angeles,037,10098052,2695622,2675497,123714,2799211,30759
2022-03-07,Madera,039,155013,37150,37164,6080,43244,354
2022-03-07,Marin,041,260295,33011,32919,2185,35104,272
2022-03-07,Mariposa,043,17540,2374,2369,200,2569,6
2022-03-07,Mendocino,045,87422,12967,12940,3006,15946,117
2022-03-07,Merced,047,269075,61850,61751,8580,70331,791
2022-03-07,Modoc,049,8938,730,729,249,978,7
2022-03-07,Mono,051,14174,2961,2960,120,3080,5
2022-03-07,Monterey,053,433212,78897,78161,13531,91692,706
2022-03-07,Napa,055,140530,25545,25500,950,26450,136
2022-03-07,Nevada,057,99092,15847,15935,1195,17130,122
2022-03-07,Orange,059,3164182,543832,542028,41229,583257,6687
2022-03-07,Placer,061,380077,62345,62215,7368,69583,591
2022-03-07,Plumas,063,18699,2958,2702,364,3066,13
2022-03-07,Riverside,065,2383286,589128,587537,27981,615518,6279
2022-03-07,Sacramento,067,1510023,279170,274079,27039,301118,2866
2022-03-07,San Benito,069,59416,12835,12843,509,13352,94
2022-03-07,San Bernardino,071,2135413,565660,558265,24964,583229,6703
2022-03-07,San Diego,073,3302833,747963,742287,51889,794176,5068
2022-03-07,San Francisco,075,870044,122421,123655,8196,131851,807
2022-03-07,San Joaquin,077,732212,165574,165343,9951,175294,2091
2022-03-07,San Luis Obispo,079,281455,52065,51874,3746,55620,448
2022-03-07,San Mateo,081,765935,120248,119035,6922,125957,630
2022-03-07,Santa Barbara,083,443738,85203,85345,4749,90094,659
2022-03-07,Santa Clara,085,1922200,307499,308517,12311,320828,2202
2022-03-07,Santa Cruz,087,273765,47169,46823,2109,48932,254
2022-03-07,Shasta,089,179085,30378,30352,6110,36462,493
2022-03-07,Sierra,091,2930,271,273,48,321,4
2022-03-07,Siskiyou,093,43540,4415,4398,2740,7138,74
2022-03-07,Solano,095,438530,80780,80886,5538,86424,435
2022-03-07,Sonoma,097,501317,82762,82530,2568,85098,473
2022-03-07,Stanislaus,099,539301,116850,117713,17487,135200,1537
2022-03-07,Sutter,101,95872,20373,20400,2071,22471,217
2022-03-07,Tehama,103,63373,11992,11966,2610,14576,158
2022-03-07,Trinity,105,12862,1179,1173,295,1468,20
2022-03-07,Tulare,107,460477,106123,103834,28413,132247,1316
2022-03-07,Tuolumne,109,53932,12568,12408,562,12970,179
2022-03-07,Ventura,111,848112,172218,171886,9320,181206,1436
2022-03-07,Yolo,113,214977,36645,35934,3169,39103,306
2022-03-07,Yuba,115,75493,15737,15701,1192,16893,115
2022-03-06,Alameda,001,1643700,252936,252460,13659,266119,1766
2022-03-06,Alpine,003,1148,122,125,1,126,0
2022-03-06,Amador,005,37829,8458,8367,648,9015,84
2022-03-06,Butte,007,227075,32784,32714,6604,39318,376
2022-03-06,Calaveras,009,45235,7217,7236,349,7585,116
2022-03-06,Colusa,011,21464,3428,3435,1068,4503,21
2022-03-06,Contra Costa,013,1133247,186774,185974,13045,199019,1256
2022-03-06,Del Norte,015,27424,5711,5744,188,5932,48
2022-03-06,El Dorado,017,186661,26542,26478,3211,29689,196
2022-03-06,Fresno,019,978130,230029,227514,23845,251359,2653
2022-03-06,Glenn,021,27897,4945,4939,1598,6537,43
2022-03-06,Humboldt,023,135768,16746,16813,2923,19736,137
2022-03-06,Imperial,025,180216,55172,54719,10772,65491,890
2022-03-06,Inyo,027,18085,4052,4053,482,4535,56
2022-03-06,Kern,029,883053,191043,190088,46087,236175,2152
2022-03-06,Kings,031,150075,51115,51050,3596,54646,432
2022-03-06,Lake,033,64148,10595,10539,889,11428,130
2022-03-06,Lassen,035,31185,8929,8887,883,9770,62
2022-03-06,Los Angeles,037,10098052,2694683,2675456,123658,2799114,30759
2022-03-06,Madera,039,155013,37122,37135,6072,43207,354
2022-03-06,Marin,041,260295,32985,32879,2184,35063,272
2022-03-06,Mariposa,043,17540,2373,2365,199,2564,6
2022-03-06,Mendocino,045,87422,12955,12923,3002,15925,116
2022-03-06,Merced,047,269075,61818,61722,8563,70285,791
2022-03-06,Modoc,049,8938,730,729,249,978,7
2022-03-06,Mono,051,14174,2961,2959,120,3079,5
2022-03-06,Monterey,053,433212,78850,78154,13499,91653,706
2022-03-06,Napa,055,140530,25510,25457,948,26405,136
2022-03-06,Nevada,057,99092,15836,15924,1194,17118,122
2022-03-06,Orange,059,3164182,543673,541903,41181,583084,6688
2022-03-06,Placer,061,380077,62313,62185,7364,69549,591
2022-03-06,Plumas,063,18699,2953,2704,364,3068,13
2022-03-06,Riverside,065,2383286,588966,587388,27960,615348,6279
2022-03-06,Sacramento,067,1510023,279033,273935,27015,300950,2869
2022-03-06,San Benito,069,59416,12824,12835,508,13343,94
2022-03-06,San Bernardino,071,2135413,565532,558139,24950,583089,6701
2022-03-06,San Diego,073,3302833,747565,742287,51840,794127,5068
2022-03-06,San Francisco,075,870044,122297,123742,8193,131935,806
2022-03-06,San Joaquin,077,732212,165491,165252,9945,175197,2091
2022-03-06,San Luis Obispo,079,281455,52027,51828,3743,55571,448
2022-03-06,San Mateo,081,765935,120165,118916,6913,125829,630
2022-03-06,Santa Barbara,083,443738,85163,85317,4744,90061,659
2022-03-06,Santa Clara,085,1922200,307242,308250,12309,320559,2201
2022-03-06,Santa Cruz,087,273765,47116,46755,2108,48863,254
2022-03-06,Shasta,089,179085,30353,30332,6093,36425,493
2022-03-06,Sierra,091,2930,271,273,48,321,4
2022-03-06,Siskiyou,093,43540,4411,4398,2738,7136,74
2022-03-06,Solano,095,438530,80724,80833,5532,86365,435
2022-03-06,Sonoma,097,501317,82723,82458,2563,85021,473
2022-03-06,Stanislaus,099,539301,116799,117680,17477,135157,1536
2022-03-06,Sutter,101,95872,20362,20390,2067,22457,217
2022-03-06,Tehama,103,63373,11984,11963,2610,14573,158
2022-03-06,Trinity,105,12862,1179,1172,294,1466,20
2022-03-06,Tulare,107,460477,106062,103794,28398,132192,1316
2022-03-06,Tuolumne,109,53932,12563,12379,560,12939,179
2022-03-06,Ventura,111,848112,172149,171819,9318,181137,1436
2022-03-06,Yolo,113,214977,36621,35882,3165,39047,306
2022-03-06,Yuba,115,75493,15732,15694,1191,16885,115
2022-03-05,Alameda,001,1643700,252821,251988,13654,265642,1760
2022-03-05,Alpine,003,1148,122,125,1,126,0
2022-03-05,Amador,005,37829,8455,8344,648,8992,83
2022-03-05,Butte,007,227075,32777,32663,6599,39262,372
2022-03-05,Calaveras,009,45235,7214,7236,349,7585,116
2022-03-05,Colusa,011,21464,3428,3433,1068,4501,21
2022-03-05,Contra Costa,013,1133247,186711,185734,13039,198773,1235
2022-03-05,Del Norte,015,27424,5708,5725,188,5913,48
2022-03-05,El Dorado,017,186661,26535,26446,3208,29654,193
2022-03-05,Fresno,019,978130,229977,227154,23843,250997,2640
2022-03-05,Glenn,021,27897,4944,4927,1598,6525,43
2022-03-05,Humboldt,023,135768,16739,16781,2921,19702,136
2022-03-05,Imperial,025,180216,55162,54650,10770,65420,880
2022-03-05,Inyo,027,18085,4051,4043,481,4524,56
2022-03-05,Kern,029,883053,191011,189817,46069,235886,2141
2022-03-05,Kings,031,150075,51108,50926,3594,54520,431
2022-03-05,Lake,033,64148,10587,10512,888,11400,130
2022-03-05,Lassen,035,31185,8920,8818,883,9701,62
2022-03-05,Los Angeles,037,10098052,2694328,2671564,123621,2795185,30608
2022-03-05,Madera,039,155013,37108,37100,6072,43172,354
2022-03-05,Marin,041,260295,32973,32829,2184,35013,272
2022-03-05,Mariposa,043,17540,2373,2363,199,2562,6
2022-03-05,Mendocino,045,87422,12952,12845,3001,15846,113
2022-03-05,Merced,047,269075,61808,61653,8563,70216,789
2022-03-05,Modoc,049,8938,730,729,249,978,7
2022-03-05,Mono,051,14174,2961,2961,120,3081,5
2022-03-05,Monterey,053,433212,78831,78028,13492,91520,704
2022-03-05,Napa,055,140530,25492,25405,948,26353,134
2022-03-05,Nevada,057,99092,15832,15907,1194,17101,122
2022-03-05,Orange,059,3164182,543549,541463,41170,582633,6638
2022-03-05,Placer,061,380077,62299,62117,7357,69474,591
2022-03-05,Plumas,063,18699,2952,2701,364,3065,13
2022-03-05,Riverside,065,2383286,588875,586785,27956,614741,6239
2022-03-05,Sacramento,067,1510023,278970,273487,27010,300497,2847
2022-03-05,San Benito,069,59416,12822,12820,508,13328,94
2022-03-05,San Bernardino,071,2135413,565477,557421,24944,582365,6641
2022-03-05,San Diego,073,3302833,747366,740747,51829,792576,5045
2022-03-05,San Francisco,075,870044,122233,123537,8188,131725,798
2022-03-05,San Joaquin,077,732212,165450,165085,9937,175022,2069
2022-03-05,San Luis Obispo,079,281455,52019,51739,3741,55480,446
2022-03-05,San Mateo,081,765935,120109,118646,6910,125556,621
2022-03-05,Santa Barbara,083,443738,85148,85249,4744,89993,655
2022-03-05,Santa Clara,085,1922200,307124,307689,12306,319995,2195
2022-03-05,Santa Cruz,087,273765,47096,46622,2108,48730,253
2022-03-05,Shasta,089,179085,30341,30282,6092,36374,492
2022-03-05,Sierra,091,2930,271,273,47,320,4
2022-03-05,Siskiyou,093,43540,4410,4389,2737,7126,74
2022-03-05,Solano,095,438530,80707,80690,5532,86222,435
2022-03-05,Sonoma,097,501317,82700,82313,2563,84876,473
2022-03-05,Stanislaus,099,539301,116774,117501,17474,134975,1531
2022-03-05,Sutter,101,95872,20355,20346,2067,22413,217
2022-03-05,Tehama,103,63373,11982,11939,2610,14549,158
2022-03-05,Trinity,105,12862,1179,1170,292,1462,20
2022-03-05,Tulare,107,460477,106049,103534,28389,131923,1305
2022-03-05,Tuolumne,109,53932,12559,12325,559,12884,178
2022-03-05,Ventura,111,848112,172107,171666,9316,180982,1436
2022-03-05,Yolo,113,214977,36607,35856,3165,39021,306
2022-03-05,Yuba,115,75493,15724,15666,1191,16857,115
2022-03-04,Alameda,001,1643700,252731,251988,13646,265634,1760
2022-03-04,Alpine,003,1148,122,125,1,126,0
2022-03-04,Amador,005,37829,8454,8344,648,8992,83
2022-03-04,Butte,007,227075,32771,32663,6593,39256,372
2022-03-04,Calaveras,009,45235,7213,7236,349,7585,116
2022-03-04,Colusa,011,21464,3426,3433,1068,4501,21
2022-03-04,Contra Costa,013,1133247,186644,185734,13036,198770,1235
2022-03-04,Del Norte,015,27424,5698,5725,188,5913,48
2022-03-04,El Dorado,017,186661,26531,26446,3208,29654,193
2022-03-04,Fresno,019,978130,229914,227154,23836,250990,2640
2022-03-04,Glenn,021,27897,4943,4927,1598,6525,43
2022-03-04,Humboldt,023,135768,16736,16781,2921,19702,136
2022-03-04,Imperial,025,180216,55155,54650,10766,65416,880
2022-03-04,Inyo,027,18085,4051,4043,481,4524,56
2022-03-04,Kern,029,883053,190969,189817,46057,235874,2141
2022-03-04,Kings,031,150075,51095,50926,3594,54520,431
2022-03-04,Lake,033,64148,10586,10512,888,11400,130
2022-03-04,Lassen,035,31185,8918,8818,883,9701,62
2022-03-04,Los Angeles,037,10098052,2693810,2671564,123591,2795155,30608
2022-03-04,Madera,039,155013,37098,37100,6072,43172,354
2022-03-04,Marin,041,260295,32951,32829,2182,35011,272
2022-03-04,Mariposa,043,17540,2368,2363,199,2562,6
2022-03-04,Mendocino,045,87422,12946,12845,3001,15846,113
2022-03-04,Merced,047,269075,61796,61653,8561,70214,789
2022-03-04,Modoc,049,8938,730,729,249,978,7
2022-03-04,Mono,051,14174,2961,2961,120,3081,5
2022-03-04,Monterey,053,433212,78811,78028,13485,91513,704
2022-03-04,Napa,055,140530,25477,25405,947,26352,134
2022-03-04,Nevada,057,99092,15827,15907,1194,17101,122
2022-03-04,Orange,059,3164182,543429,541463,41151,582614,6638
2022-03-04,Placer,061,380077,62287,62117,7354,69471,591
2022-03-04,Plumas,063,18699,2952,2701,363,3064,13
2022-03-04,Riverside,065,2383286,588787,586785,27955,614740,6239
2022-03-04,Sacramento,067,1510023,278899,273487,27006,300493,2847
2022-03-04,San Benito,069,59416,12818,12820,508,13328,94
2022-03-04,San Bernardino,071,2135413,565396,557421,24943,582364,6641
2022-03-04,San Diego,073,3302833,747127,740747,51812,792559,5045
2022-03-04,San Francisco,075,870044,122174,123537,8181,131718,798
2022-03-04,San Joaquin,077,732212,165419,165085,9936,175021,2069
2022-03-04,San Luis Obispo,079,281455,52011,51739,3740,55479,446
2022-03-04,San Mateo,081,765935,120051,118646,6908,125554,621
2022-03-04,Santa Barbara,083,443738,85126,85249,4744,89993,655
2022-03-04,Santa Clara,085,1922200,306975,307689,12303,319992,2195
2022-03-04,Santa Cruz,087,273765,47074,46622,2108,48730,253
2022-03-04,Shasta,089,179085,30333,30282,6089,36371,492
2022-03-04,Sierra,091,2930,271,273,47,320,4
2022-03-04,Siskiyou,093,43540,4408,4389,2733,7122,74
2022-03-04,Solano,095,438530,80674,80690,5529,86219,435
2022-03-04,Sonoma,097,501317,82671,82313,2562,84875,473
2022-03-04,Stanislaus,099,539301,116756,117501,17472,134973,1531
2022-03-04,Sutter,101,95872,20351,20346,2067,22413,217
2022-03-04,Tehama,103,63373,11979,11939,2610,14549,158
2022-03-04,Trinity,105,12862,1179,1170,292,1462,20
2022-03-04,Tulare,107,460477,106031,103534,28384,131918,1305
2022-03-04,Tuolumne,109,53932,12554,12325,559,12884,178
2022-03-04,Ventura,111,848112,172060,171666,9313,180979,1436
2022-03-04,Yolo,113,214977,36590,35856,3165,39021,306
2022-03-04,Yuba,115,75493,15719,15666,1190,16856,115
2022-03-03,Alameda,001,1643700,252611,251988,13634,265622,1760
2022-03-03,Alpine,003,1148,122,125,1,126,0
2022-03-03,Amador,005,37829,8453,8344,648,8992,83
2022-03-03,Butte,007,227075,32754,32663,6587,39250,372
2022-03-03,Calaveras,009,45235,7201,7236,349,7585,116
2022-03-03,Colusa,011,21464,3426,3433,1068,4501,21
2022-03-03,Contra Costa,013,1133247,186570,185734,13021,198755,1235
2022-03-03,Del Norte,015,27424,5691,5725,188,5913,48
2022-03-03,El Dorado,017,186661,26514,26446,3207,29653,193
2022-03-03,Fresno,019,978130,229784,227154,23828,250982,2640
2022-03-03,Glenn,021,27897,4941,4927,1597,6524,43
2022-03-03,Humboldt,023,135768,16722,16781,2920,19701,136
2022-03-03,Imperial,025,180216,55139,54650,10764,65414,880
2022-03-03,Inyo,027,18085,4050,4043,481,4524,56
2022-03-03,Kern,029,883053,190901,189817,46038,235855,2141
2022-03-03,Kings,031,150075,51072,50926,3591,54517,431
2022-03-03,Lake,033,64148,10580,10512,886,11398,130
2022-03-03,Lassen,035,31185,8910,8818,883,9701,62
2022-03-03,Los Angeles,037,10098052,2693085,2671564,123550,2795114,30608
2022-03-03,Madera,039,155013,37081,37100,6067,43167,354
2022-03-03,Marin,041,260295,32925,32829,2181,35010,272
2022-03-03,Mariposa,043,17540,2367,2363,199,2562,6
2022-03-03,Mendocino,045,87422,12935,12845,2998,15843,113
2022-03-03,Merced,047,269075,61778,61653,8555,70208,789
2022-03-03,Modoc,049,8938,730,729,249,978,7
2022-03-03,Mono,051,14174,2960,2961,120,3081,5
2022-03-03,Monterey,053,433212,78783,78028,13467,91495,704
2022-03-03,Napa,055,140530,25454,25405,946,26351,134
2022-03-03,Nevada,057,99092,15822,15907,1189,17096,122
2022-03-03,Orange,059,3164182,543252,541463,41125,582588,6638
2022-03-03,Placer,061,380077,62265,62117,7350,69467,591
2022-03-03,Plumas,063,18699,2951,2701,363,3064,13
2022-03-03,Riverside,065,2383286,588654,586785,27950,614735,6239
2022-03-03,Sacramento,067,1510023,278787,273487,26988,300475,2847
2022-03-03,San Benito,069,59416,12815,12820,508,13328,94
2022-03-03,San Bernardino,071,2135413,565287,557421,24937,582358,6641
2022-03-03,San Diego,073,3302833,746779,740747,51794,792541,5045
2022-03-03,San Francisco,075,870044,122101,123537,8170,131707,798
2022-03-03,San Joaquin,077,732212,165346,165085,9933,175018,2069
2022-03-03,San Luis Obispo,079,281455,51956,51739,3732,55471,446
2022-03-03,San Mateo,081,765935,119976,118646,6898,125544,621
2022-03-03,Santa Barbara,083,443738,85106,85249,4735,89984,655
2022-03-03,Santa Clara,085,1922200,306794,307689,12288,319977,2195
2022-03-03,Santa Cruz,087,273765,47026,46622,2106,48728,253
2022-03-03,Shasta,089,179085,30316,30282,6085,36367,492
2022-03-03,Sierra,091,2930,271,273,47,320,4
2022-03-03,Siskiyou,093,43540,4405,4389,2733,7122,74
2022-03-03,Solano,095,438530,80625,80690,5527,86217,435
2022-03-03,Sonoma,097,501317,82624,82313,2557,84870,473
2022-03-03,Stanislaus,099,539301,116723,117501,17464,134965,1531
2022-03-03,Sutter,101,95872,20343,20346,2067,22413,217
2022-03-03,Tehama,103,63373,11975,11939,2610,14549,158
2022-03-03,Trinity,105,12862,1178,1170,292,1462,20
2022-03-03,Tulare,107,460477,105987,103534,28374,131908,1305
2022-03-03,Tuolumne,109,53932,12544,12325,559,12884,178
2022-03-03,Ventura,111,848112,172007,171666,9311,180977,1436
2022-03-03,Yolo,113,214977,36567,35856,3158,39014,306
2022-03-03,Yuba,115,75493,15713,15666,1185,16851,115
2022-03-02,Alameda,001,1643700,252430,251886,13617,265503,1759
2022-03-02,Alpine,003,1148,122,125,1,126,0
2022-03-02,Amador,005,37829,8441,8341,648,8989,83
2022-03-02,Butte,007,227075,32742,32636,6582,39218,372
2022-03-02,Calaveras,009,45235,7200,7225,349,7574,116
2022-03-02,Colusa,011,21464,3423,3428,1068,4496,21
2022-03-02,Contra Costa,013,1133247,186478,185589,13002,198591,1236
2022-03-02,Del Norte,015,27424,5684,5708,186,5894,47
2022-03-02,El Dorado,017,186661,26501,26433,3204,29637,192
2022-03-02,Fresno,019,978130,229651,226932,23817,250749,2629
2022-03-02,Glenn,021,27897,4941,4922,1596,6518,43
2022-03-02,Humboldt,023,135768,16712,16747,2913,19660,135
2022-03-02,Imperial,025,180216,55112,54629,10759,65388,878
2022-03-02,Inyo,027,18085,4048,4041,480,4521,56
2022-03-02,Kern,029,883053,190835,189656,46018,235674,2136
2022-03-02,Kings,031,150075,51046,50819,3588,54407,431
2022-03-02,Lake,033,64148,10566,10495,884,11379,130
2022-03-02,Lassen,035,31185,8907,8811,882,9693,62
2022-03-02,Los Angeles,037,10098052,2692200,2670287,123503,2793790,30535
2022-03-02,Madera,039,155013,37064,37077,6065,43142,354
2022-03-02,Marin,041,260295,32908,32794,2180,34974,272
2022-03-02,Mariposa,043,17540,2367,2359,199,2558,6
2022-03-02,Mendocino,045,87422,12922,12832,2993,15825,112
2022-03-02,Merced,047,269075,61751,61606,8545,70151,785
2022-03-02,Modoc,049,8938,730,729,249,978,7
2022-03-02,Mono,051,14174,2960,2961,120,3081,5
2022-03-02,Monterey,053,433212,78747,77963,13444,91407,703
2022-03-02,Napa,055,140530,25403,25382,945,26327,134
2022-03-02,Nevada,057,99092,15811,15920,1188,17108,122
2022-03-02,Orange,059,3164182,543047,541230,41098,582328,6623
2022-03-02,Placer,061,380077,62243,62066,7347,69413,589
2022-03-02,Plumas,063,18699,2951,2700,362,3062,13
2022-03-02,Riverside,065,2383286,588501,586513,27939,614452,6229
2022-03-02,Sacramento,067,1510023,278671,273291,26977,300268,2837
2022-03-02,San Benito,069,59416,12804,12814,508,13322,94
2022-03-02,San Bernardino,071,2135413,565178,557082,24931,582013,6619
2022-03-02,San Diego,073,3302833,746412,739803,51746,791549,5034
2022-03-02,San Francisco,075,870044,122007,123442,8168,131610,792
2022-03-02,San Joaquin,077,732212,165285,164968,9928,174896,2063
2022-03-02,San Luis Obispo,079,281455,51918,51686,3727,55413,446
2022-03-02,San Mateo,081,765935,119890,118518,6882,125400,617
2022-03-02,Santa Barbara,083,443738,85081,85183,4734,89917,655
2022-03-02,Santa Clara,085,1922200,306575,307354,12274,319628,2184
2022-03-02,Santa Cruz,087,273765,46957,46534,2105,48639,253
2022-03-02,Shasta,089,179085,30292,30253,6075,36328,490
2022-03-02,Sierra,091,2930,271,273,47,320,4
2022-03-02,Siskiyou,093,43540,4403,4384,2730,7114,74
2022-03-02,Solano,095,438530,80559,80626,5524,86150,433
2022-03-02,Sonoma,097,501317,82578,82208,2553,84761,473
2022-03-02,Stanislaus,099,539301,116687,117411,17438,134849,1519
2022-03-02,Sutter,101,95872,20321,20317,2049,22366,216
2022-03-02,Tehama,103,63373,11970,11930,2609,14539,158
2022-03-02,Trinity,105,12862,1176,1160,292,1452,20
2022-03-02,Tulare,107,460477,105945,103451,28357,131808,1302
2022-03-02,Tuolumne,109,53932,12539,12297,559,12856,179
2022-03-02,Ventura,111,848112,171954,171770,9307,181077,1427
2022-03-02,Yolo,113,214977,36549,35799,3152,38951,305
2022-03-02,Yuba,115,75493,15700,15653,1180,16833,115
2022-03-01,Alameda,001,1643700,252264,251830,13606,265436,1749
2022-03-01,Alpine,003,1148,122,125,1,126,0
2022-03-01,Amador,005,37829,8393,8334,646,8980,83
2022-03-01,Butte,007,227075,32718,32575,6578,39153,372
2022-03-01,Calaveras,009,45235,7197,7223,348,7571,116
2022-03-01,Colusa,011,21464,3422,3423,1068,4491,21
2022-03-01,Contra Costa,013,1133247,186367,185378,12987,198365,1231
2022-03-01,Del Norte,015,27424,5681,5701,184,5885,45
2022-03-01,El Dorado,017,186661,26483,26413,3202,29615,192
2022-03-01,Fresno,019,978130,229509,226594,23804,250398,2628
2022-03-01,Glenn,021,27897,4940,4919,1594,6513,40
2022-03-01,Humboldt,023,135768,16691,16727,2906,19633,135
2022-03-01,Imperial,025,180216,55094,54570,10753,65323,875
2022-03-01,Inyo,027,18085,4044,4041,479,4520,56
2022-03-01,Kern,029,883053,190760,189365,45994,235359,2120
2022-03-01,Kings,031,150075,51024,50763,3584,54347,427
2022-03-01,Lake,033,64148,10554,10471,882,11353,128
2022-03-01,Lassen,035,31185,8903,8801,882,9683,61
2022-03-01,Los Angeles,037,10098052,2691247,2669489,123445,2792934,30486
2022-03-01,Madera,039,155013,37044,37046,6058,43104,354
2022-03-01,Marin,041,260295,32883,32764,2178,34942,272
2022-03-01,Mariposa,043,17540,2366,2357,198,2555,6
2022-03-01,Mendocino,045,87422,12910,12818,2991,15809,112
2022-03-01,Merced,047,269075,61723,61549,8530,70079,781
2022-03-01,Modoc,049,8938,730,729,249,978,7
2022-03-01,Mono,051,14174,2959,2960,120,3080,6
2022-03-01,Monterey,053,433212,78721,77911,13432,91343,696
2022-03-01,Napa,055,140530,25370,25344,945,26289,134
2022-03-01,Nevada,057,99092,15803,15916,1185,17101,121
2022-03-01,Orange,059,3164182,542824,541054,41062,582116,6612
2022-03-01,Placer,061,380077,62215,62021,7341,69362,583
2022-03-01,Plumas,063,18699,2951,2694,362,3056,13
2022-03-01,Riverside,065,2383286,588334,586184,27938,614122,6198
2022-03-01,Sacramento,067,1510023,278538,273089,26963,300052,2831
2022-03-01,San Benito,069,59416,12800,12806,508,13314,94
2022-03-01,San Bernardino,071,2135413,565042,556743,24928,581671,6588
2022-03-01,San Diego,073,3302833,745971,739136,51705,790841,5029
2022-03-01,San Francisco,075,870044,121904,123481,8162,131643,792
2022-03-01,San Joaquin,077,732212,165218,164894,9923,174817,2062
2022-03-01,San Luis Obispo,079,281455,51882,51592,3723,55315,445
2022-03-01,San Mateo,081,765935,119814,118358,6875,125233,613
2022-03-01,Santa Barbara,083,443738,85042,85134,4730,89864,654
2022-03-01,Santa Clara,085,1922200,306327,306978,12262,319240,2190
2022-03-01,Santa Cruz,087,273765,46907,46471,2102,48573,253
2022-03-01,Shasta,089,179085,30262,30227,6072,36299,489
2022-03-01,Sierra,091,2930,271,274,47,321,5
2022-03-01,Siskiyou,093,43540,4399,4384,2725,7109,74
2022-03-01,Solano,095,438530,80496,80556,5521,86077,434
2022-03-01,Sonoma,097,501317,82508,82103,2547,84650,477
2022-03-01,Stanislaus,099,539301,116634,117308,17413,134721,1521
2022-03-01,Sutter,101,95872,20307,20288,2045,22333,217
2022-03-01,Tehama,103,63373,11963,11923,2606,14529,158
2022-03-01,Trinity,105,12862,1175,1159,292,1451,20
2022-03-01,Tulare,107,460477,105864,103371,28337,131708,1302
2022-03-01,Tuolumne,109,53932,12532,12276,557,12833,175
2022-03-01,Ventura,111,848112,171885,171672,9300,180972,1427
2022-03-01,Yolo,113,214977,36524,35801,3146,38947,299
2022-03-01,Yuba,115,75493,15692,15637,1180,16817,116
2022-02-28,Alameda,001,1643700,252047,251714,13591,265305,1742
2022-02-28,Alpine,003,1148,122,125,1,126,0
2022-02-28,Amador,005,37829,8387,8308,645,8953,83
2022-02-28,Butte,007,227075,32695,32550,6573,39123,368
2022-02-28,Calaveras,009,45235,7194,7220,347,7567,110
2022-02-28,Colusa,011,21464,3419,3422,1066,4488,21
2022-02-28,Contra Costa,013,1133247,186259,185272,12967,198239,1231
2022-02-28,Del Norte,015,27424,5677,5699,183,5882,45
2022-02-28,El Dorado,017,186661,26474,26409,3197,29606,191
2022-02-28,Fresno,019,978130,229312,226519,23782,250301,2622
2022-02-28,Glenn,021,27897,4936,4918,1594,6512,40
2022-02-28,Humboldt,023,135768,16676,16717,2902,19619,135
2022-02-28,Imperial,025,180216,55067,54517,10748,65265,875
2022-02-28,Inyo,027,18085,4044,4041,478,4519,56
2022-02-28,Kern,029,883053,190666,189245,45963,235208,2115
2022-02-28,Kings,031,150075,50985,50741,3583,54324,427
2022-02-28,Lake,033,64148,10543,10468,878,11346,128
2022-02-28,Lassen,035,31185,8846,8794,882,9676,55
2022-02-28,Los Angeles,037,10098052,2690066,2666804,123349,2790153,30410
2022-02-28,Madera,039,155013,37017,37023,6042,43065,354
2022-02-28,Marin,041,260295,32857,32775,2178,34953,272
2022-02-28,Mariposa,043,17540,2363,2354,196,2550,6
2022-02-28,Mendocino,045,87422,12902,12800,2983,15783,112
2022-02-28,Merced,047,269075,61679,61519,8512,70031,781
2022-02-28,Modoc,049,8938,730,727,249,976,7
2022-02-28,Mono,051,14174,2959,2961,120,3081,5
2022-02-28,Monterey,053,433212,78654,77865,13409,91274,693
2022-02-28,Napa,055,140530,25346,25317,945,26262,129
2022-02-28,Nevada,057,99092,15797,15908,1179,17087,121
2022-02-28,Orange,059,3164182,542569,540839,41048,581887,6605
2022-02-28,Placer,061,380077,62183,61976,7335,69311,577
2022-02-28,Plumas,063,18699,2951,2691,361,3052,13
2022-02-28,Riverside,065,2383286,588136,585891,27905,613796,6179
2022-02-28,Sacramento,067,1510023,278402,273038,26938,299976,2825
2022-02-28,San Benito,069,59416,12796,12798,508,13306,94
2022-02-28,San Bernardino,071,2135413,564845,556540,24914,581454,6576
2022-02-28,San Diego,073,3302833,745575,737760,51676,789436,5018
2022-02-28,San Francisco,075,870044,121745,123402,8154,131556,792
2022-02-28,San Joaquin,077,732212,165135,164833,9913,174746,2060
2022-02-28,San Luis Obispo,079,281455,51823,51565,3715,55280,440
2022-02-28,San Mateo,081,765935,119712,118301,6869,125170,611
2022-02-28,Santa Barbara,083,443738,84999,85076,4725,89801,653
2022-02-28,Santa Clara,085,1922200,306050,306930,12240,319170,2180
2022-02-28,Santa Cruz,087,273765,46836,46447,2101,48548,253
2022-02-28,Shasta,089,179085,30236,30213,6068,36281,488
2022-02-28,Sierra,091,2930,271,273,47,320,4
2022-02-28,Siskiyou,093,43540,4396,4382,2719,7101,74
2022-02-28,Solano,095,438530,80431,80544,5510,86054,430
2022-02-28,Sonoma,097,501317,82441,82058,2544,84602,477
2022-02-28,Stanislaus,099,539301,116567,117231,17397,134628,1521
2022-02-28,Sutter,101,95872,20294,20285,2042,22327,214
2022-02-28,Tehama,103,63373,11950,11917,2605,14522,158
2022-02-28,Trinity,105,12862,1175,1160,292,1452,20
2022-02-28,Tulare,107,460477,105814,103304,28319,131623,1300
2022-02-28,Tuolumne,109,53932,12521,12247,556,12803,175
2022-02-28,Ventura,111,848112,171801,171614,9299,180913,1423
2022-02-28,Yolo,113,214977,36487,35754,3139,38893,299
2022-02-28,Yuba,115,75493,15677,15625,1179,16804,115
2022-02-27,Alameda,001,1643700,251768,251624,13582,265206,1744
2022-02-27,Alpine,003,1148,122,125,1,126,0
2022-02-27,Amador,005,37829,8383,8305,642,8947,83
2022-02-27,Butte,007,227075,32658,32551,6561,39112,368
2022-02-27,Calaveras,009,45235,7187,7214,347,7561,110
2022-02-27,Colusa,011,21464,3418,3422,1066,4488,21
2022-02-27,Contra Costa,013,1133247,186130,185185,12947,198132,1230
2022-02-27,Del Norte,015,27424,5659,5691,181,5872,45
2022-02-27,El Dorado,017,186661,26455,26410,3195,29605,191
2022-02-27,Fresno,019,978130,229112,226397,23754,250151,2621
2022-02-27,Glenn,021,27897,4934,4915,1594,6509,40
2022-02-27,Humboldt,023,135768,16654,16713,2895,19608,135
2022-02-27,Imperial,025,180216,55018,54509,10730,65239,875
2022-02-27,Inyo,027,18085,4043,4041,474,4515,56
2022-02-27,Kern,029,883053,190545,189219,45923,235142,2115
2022-02-27,Kings,031,150075,50956,50733,3581,54314,428
2022-02-27,Lake,033,64148,10524,10463,878,11341,128
2022-02-27,Lassen,035,31185,8838,8786,882,9668,55
2022-02-27,Los Angeles,037,10098052,2688761,2666789,123266,2790055,30410
2022-02-27,Madera,039,155013,36991,37009,6034,43043,354
2022-02-27,Marin,041,260295,32819,32756,2176,34932,272
2022-02-27,Mariposa,043,17540,2360,2352,196,2548,6
2022-02-27,Mendocino,045,87422,12883,12798,2970,15768,112
2022-02-27,Merced,047,269075,61628,61491,8495,69986,779
2022-02-27,Modoc,049,8938,729,727,249,976,7
2022-02-27,Mono,051,14174,2958,2960,120,3080,5
2022-02-27,Monterey,053,433212,78594,77851,13384,91235,693
2022-02-27,Napa,055,140530,25307,25316,945,26261,129
2022-02-27,Nevada,057,99092,15789,15900,1175,17075,121
2022-02-27,Orange,059,3164182,542322,540659,41018,581677,6605
2022-02-27,Placer,061,380077,62141,61965,7331,69296,577
2022-02-27,Plumas,063,18699,2948,2691,361,3052,13
2022-02-27,Riverside,065,2383286,587897,585833,27879,613712,6179
2022-02-27,Sacramento,067,1510023,278216,272927,26906,299833,2822
2022-02-27,San Benito,069,59416,12789,12798,508,13306,94
2022-02-27,San Bernardino,071,2135413,564658,556457,24904,581361,6572
2022-02-27,San Diego,073,3302833,745087,737760,51635,789395,5018
2022-02-27,San Francisco,075,870044,121622,123327,8143,131470,791
2022-02-27,San Joaquin,077,732212,165028,164814,9909,174723,2060
2022-02-27,San Luis Obispo,079,281455,51731,51564,3708,55272,439
2022-02-27,San Mateo,081,765935,119597,118244,6864,125108,611
2022-02-27,Santa Barbara,083,443738,84959,85050,4721,89771,653
2022-02-27,Santa Clara,085,1922200,305760,306756,12211,318967,2180
2022-02-27,Santa Cruz,087,273765,46775,46411,2100,48511,253
2022-02-27,Shasta,089,179085,30204,30206,6062,36268,488
2022-02-27,Sierra,091,2930,271,273,47,320,4
2022-02-27,Siskiyou,093,43540,4391,4378,2706,7084,74
2022-02-27,Solano,095,438530,80355,80515,5499,86014,430
2022-02-27,Sonoma,097,501317,82359,82041,2538,84579,476
2022-02-27,Stanislaus,099,539301,116497,117200,17378,134578,1522
2022-02-27,Sutter,101,95872,20277,20280,2036,22316,214
2022-02-27,Tehama,103,63373,11938,11915,2604,14519,158
2022-02-27,Trinity,105,12862,1174,1158,292,1450,20
2022-02-27,Tulare,107,460477,105742,103270,28268,131538,1300
2022-02-27,Tuolumne,109,53932,12507,12243,555,12798,175
2022-02-27,Ventura,111,848112,171725,171660,9296,180956,1423
2022-02-27,Yolo,113,214977,36459,35744,3134,38878,299
2022-02-27,Yuba,115,75493,15666,15619,1177,16796,113
2022-02-26,Alameda,001,1643700,251659,250867,13577,264444,1716
2022-02-26,Alpine,003,1148,122,125,1,126,0
2022-02-26,Amador,005,37829,8380,8282,641,8923,83
2022-02-26,Butte,007,227075,32644,32466,6559,39025,368
2022-02-26,Calaveras,009,45235,7186,7192,347,7539,110
2022-02-26,Colusa,011,21464,3418,3414,1066,4480,21
2022-02-26,Contra Costa,013,1133247,186060,184686,12928,197614,1209
2022-02-26,Del Norte,015,27424,5654,5639,181,5820,45
2022-02-26,El Dorado,017,186661,26444,26355,3191,29546,191
2022-02-26,Fresno,019,978130,229022,225679,23754,249433,2597
2022-02-26,Glenn,021,27897,4932,4909,1593,6502,40
2022-02-26,Humboldt,023,135768,16629,16619,2894,19513,133
2022-02-26,Imperial,025,180216,54990,54367,10728,65095,871
2022-02-26,Inyo,027,18085,4042,4034,469,4503,56
2022-02-26,Kern,029,883053,190496,188584,45904,234488,2106
2022-02-26,Kings,031,150075,50943,50579,3581,54160,423
2022-02-26,Lake,033,64148,10518,10383,878,11261,128
2022-02-26,Lassen,035,31185,8837,8761,882,9643,55
2022-02-26,Los Angeles,037,10098052,2688199,2660973,123226,2784199,30202
2022-02-26,Madera,039,155013,36977,36933,6032,42965,330
2022-02-26,Marin,041,260295,32804,32651,2174,34825,267
2022-02-26,Mariposa,043,17540,2359,2332,196,2528,6
2022-02-26,Mendocino,045,87422,12877,12762,2970,15732,111
2022-02-26,Merced,047,269075,61607,61348,8494,69842,775
2022-02-26,Modoc,049,8938,729,726,249,975,7
2022-02-26,Mono,051,14174,2958,2959,119,3078,5
2022-02-26,Monterey,053,433212,78563,77610,13378,90988,692
2022-02-26,Napa,055,140530,25292,25221,944,26165,130
2022-02-26,Nevada,057,99092,15785,15850,1173,17023,121
2022-02-26,Orange,059,3164182,542212,539992,41001,580993,6540
2022-02-26,Placer,061,380077,62122,61803,7328,69131,573
2022-02-26,Plumas,063,18699,2948,2673,361,3034,13
2022-02-26,Riverside,065,2383286,587779,584835,27870,612705,6143
2022-02-26,Sacramento,067,1510023,278122,272339,26893,299232,2793
2022-02-26,San Benito,069,59416,12785,12770,508,13278,92
2022-02-26,San Bernardino,071,2135413,564570,555668,24899,580567,6505
2022-02-26,San Diego,073,3302833,744853,736049,51613,787662,5002
2022-02-26,San Francisco,075,870044,121553,123079,8135,131214,769
2022-02-26,San Joaquin,077,732212,164993,164418,9908,174326,2048
2022-02-26,San Luis Obispo,079,281455,51717,51358,3705,55063,438
2022-02-26,San Mateo,081,765935,119543,117860,6863,124723,603
2022-02-26,Santa Barbara,083,443738,84928,84830,4721,89551,652
2022-02-26,Santa Clara,085,1922200,305611,305895,12208,318103,2166
2022-02-26,Santa Cruz,087,273765,46753,46186,2100,48286,251
2022-02-26,Shasta,089,179085,30196,30108,6056,36164,485
2022-02-26,Sierra,091,2930,271,270,47,317,1
2022-02-26,Siskiyou,093,43540,4391,4359,2704,7063,72
2022-02-26,Solano,095,438530,80321,80225,5496,85721,428
2022-02-26,Sonoma,097,501317,82323,81702,2536,84238,432
2022-02-26,Stanislaus,099,539301,116459,116896,17373,134269,1503
2022-02-26,Sutter,101,95872,20268,20230,2036,22266,214
2022-02-26,Tehama,103,63373,11932,11878,2602,14480,158
2022-02-26,Trinity,105,12862,1173,1156,292,1448,20
2022-02-26,Tulare,107,460477,105706,102983,28253,131236,1295
2022-02-26,Tuolumne,109,53932,12505,12169,555,12724,175
2022-02-26,Ventura,111,848112,171692,171292,9294,180586,1411
2022-02-26,Yolo,113,214977,36438,35615,3131,38746,296
2022-02-26,Yuba,115,75493,15655,15587,1177,16764,113
2022-02-25,Alameda,001,1643700,251536,250867,13567,264434,1716
2022-02-25,Alpine,003,1148,122,125,1,126,0
2022-02-25,Amador,005,37829,8369,8282,641,8923,83
2022-02-25,Butte,007,227075,32632,32466,6557,39023,368
2022-02-25,Calaveras,009,45235,7184,7192,347,7539,110
2022-02-25,Colusa,011,21464,3418,3414,1066,4480,21
2022-02-25,Contra Costa,013,1133247,185974,184686,12906,197592,1209
2022-02-25,Del Norte,015,27424,5644,5639,181,5820,45
2022-02-25,El Dorado,017,186661,26435,26355,3191,29546,191
2022-02-25,Fresno,019,978130,228925,225679,23747,249426,2597
2022-02-25,Glenn,021,27897,4930,4909,1593,6502,40
2022-02-25,Humboldt,023,135768,16618,16619,2894,19513,133
2022-02-25,Imperial,025,180216,54972,54367,10727,65094,871
2022-02-25,Inyo,027,18085,4041,4034,469,4503,56
2022-02-25,Kern,029,883053,190430,188584,45891,234475,2106
2022-02-25,Kings,031,150075,50929,50579,3580,54159,423
2022-02-25,Lake,033,64148,10503,10383,878,11261,128
2022-02-25,Lassen,035,31185,8834,8761,882,9643,55
2022-02-25,Los Angeles,037,10098052,2687607,2660973,123196,2784169,30202
2022-02-25,Madera,039,155013,36958,36933,6031,42964,330
2022-02-25,Marin,041,260295,32790,32651,2174,34825,267
2022-02-25,Mariposa,043,17540,2356,2332,196,2528,6
2022-02-25,Mendocino,045,87422,12875,12762,2970,15732,111
2022-02-25,Merced,047,269075,61575,61348,8489,69837,775
2022-02-25,Modoc,049,8938,729,726,249,975,7
2022-02-25,Mono,051,14174,2957,2959,119,3078,5
2022-02-25,Monterey,053,433212,78536,77610,13372,90982,692
2022-02-25,Napa,055,140530,25283,25221,944,26165,130
2022-02-25,Nevada,057,99092,15774,15850,1170,17020,121
2022-02-25,Orange,059,3164182,542077,539992,40978,580970,6540
2022-02-25,Placer,061,380077,62106,61803,7322,69125,573
2022-02-25,Plumas,063,18699,2946,2673,360,3033,13
2022-02-25,Riverside,065,2383286,587621,584835,27858,612693,6143
2022-02-25,Sacramento,067,1510023,278023,272339,26888,299227,2793
2022-02-25,San Benito,069,59416,12783,12770,508,13278,92
2022-02-25,San Bernardino,071,2135413,564464,555668,24892,580560,6505
2022-02-25,San Diego,073,3302833,744553,736049,51594,787643,5002
2022-02-25,San Francisco,075,870044,121473,123079,8132,131211,769
2022-02-25,San Joaquin,077,732212,164953,164418,9903,174321,2048
2022-02-25,San Luis Obispo,079,281455,51713,51358,3696,55054,438
2022-02-25,San Mateo,081,765935,119482,117860,6859,124719,603
2022-02-25,Santa Barbara,083,443738,84893,84830,4721,89551,652
2022-02-25,Santa Clara,085,1922200,305427,305895,12205,318100,2166
2022-02-25,Santa Cruz,087,273765,46719,46186,2098,48284,251
2022-02-25,Shasta,089,179085,30186,30108,6054,36162,485
2022-02-25,Sierra,091,2930,271,270,47,317,1
2022-02-25,Siskiyou,093,43540,4391,4359,2703,7062,72
2022-02-25,Solano,095,438530,80292,80225,5495,85720,428
2022-02-25,Sonoma,097,501317,82273,81702,2534,84236,432
2022-02-25,Stanislaus,099,539301,116432,116896,17369,134265,1503
2022-02-25,Sutter,101,95872,20259,20230,2036,22266,214
2022-02-25,Tehama,103,63373,11930,11878,2602,14480,158
2022-02-25,Trinity,105,12862,1173,1156,292,1448,20
2022-02-25,Tulare,107,460477,105671,102983,28231,131214,1295
2022-02-25,Tuolumne,109,53932,12503,12169,555,12724,175
2022-02-25,Ventura,111,848112,171642,171292,9294,180586,1411
2022-02-25,Yolo,113,214977,36423,35615,3131,38746,296
2022-02-25,Yuba,115,75493,15647,15587,1177,16764,113
2022-02-24,Alameda,001,1643700,251329,250867,13558,264425,1716
2022-02-24,Alpine,003,1148,122,125,1,126,0
2022-02-24,Amador,005,37829,8364,8282,640,8922,83
2022-02-24,Butte,007,227075,32611,32466,6552,39018,368
2022-02-24,Calaveras,009,45235,7181,7192,345,7537,110
2022-02-24,Colusa,011,21464,3417,3414,1065,4479,21
2022-02-24,Contra Costa,013,1133247,185846,184686,12898,197584,1209
2022-02-24,Del Norte,015,27424,5629,5639,180,5819,45
2022-02-24,El Dorado,017,186661,26421,26355,3191,29546,191
2022-02-24,Fresno,019,978130,228728,225679,23732,249411,2597
2022-02-24,Glenn,021,27897,4928,4909,1592,6501,40
2022-02-24,Humboldt,023,135768,16600,16619,2893,19512,133
2022-02-24,Imperial,025,180216,54932,54367,10717,65084,871
2022-02-24,Inyo,027,18085,4040,4034,468,4502,56
2022-02-24,Kern,029,883053,190287,188584,45857,234441,2106
2022-02-24,Kings,031,150075,50899,50579,3575,54154,423
2022-02-24,Lake,033,64148,10484,10383,878,11261,128
2022-02-24,Lassen,035,31185,8830,8761,881,9642,55
2022-02-24,Los Angeles,037,10098052,2686450,2660973,123140,2784113,30202
2022-02-24,Madera,039,155013,36931,36933,6029,42962,330
2022-02-24,Marin,041,260295,32770,32651,2173,34824,267
2022-02-24,Mariposa,043,17540,2350,2332,195,2527,6
2022-02-24,Mendocino,045,87422,12868,12762,2966,15728,111
2022-02-24,Merced,047,269075,61545,61348,8480,69828,775
2022-02-24,Modoc,049,8938,728,726,249,975,7
2022-02-24,Mono,051,14174,2956,2959,119,3078,5
2022-02-24,Monterey,053,433212,78483,77610,13363,90973,692
2022-02-24,Napa,055,140530,25242,25221,940,26161,130
2022-02-24,Nevada,057,99092,15760,15850,1170,17020,121
2022-02-24,Orange,059,3164182,541828,539992,40944,580936,6540
2022-02-24,Placer,061,380077,62068,61803,7320,69123,573
2022-02-24,Plumas,063,18699,2941,2673,359,3032,13
2022-02-24,Riverside,065,2383286,587368,584835,27831,612666,6143
2022-02-24,Sacramento,067,1510023,277849,272339,26870,299209,2793
2022-02-24,San Benito,069,59416,12772,12770,507,13277,92
2022-02-24,San Bernardino,071,2135413,564272,555668,24879,580547,6505
2022-02-24,San Diego,073,3302833,744116,736049,51549,787598,5002
2022-02-24,San Francisco,075,870044,121350,123079,8125,131204,769
2022-02-24,San Joaquin,077,732212,164820,164418,9898,174316,2048
2022-02-24,San Luis Obispo,079,281455,51667,51358,3694,55052,438
2022-02-24,San Mateo,081,765935,119390,117860,6852,124712,603
2022-02-24,Santa Barbara,083,443738,84829,84830,4720,89550,652
2022-02-24,Santa Clara,085,1922200,305189,305895,12191,318086,2166
2022-02-24,Santa Cruz,087,273765,46638,46186,2096,48282,251
2022-02-24,Shasta,089,179085,30167,30108,6048,36156,485
2022-02-24,Sierra,091,2930,271,270,47,317,1
2022-02-24,Siskiyou,093,43540,4388,4359,2699,7058,72
2022-02-24,Solano,095,438530,80213,80225,5492,85717,428
2022-02-24,Sonoma,097,501317,82219,81702,2529,84231,432
2022-02-24,Stanislaus,099,539301,116354,116896,17360,134256,1503
2022-02-24,Sutter,101,95872,20245,20230,2020,22250,214
2022-02-24,Tehama,103,63373,11924,11878,2601,14479,158
2022-02-24,Trinity,105,12862,1171,1156,292,1448,20
2022-02-24,Tulare,107,460477,105615,102983,28198,131181,1295
2022-02-24,Tuolumne,109,53932,12492,12169,553,12722,175
2022-02-24,Ventura,111,848112,171563,171292,9291,180583,1411
2022-02-24,Yolo,113,214977,36398,35615,3129,38744,296
2022-02-24,Yuba,115,75493,15634,15587,1177,16764,113
2022-02-23,Alameda,001,1643700,251099,247686,13539,261225,1713
2022-02-23,Alpine,003,1148,122,125,1,126,0
2022-02-23,Amador,005,37829,8347,8274,640,8914,79
2022-02-23,Butte,007,227075,32583,32417,6549,38966,367
2022-02-23,Calaveras,009,45235,7171,7182,344,7526,107
2022-02-23,Colusa,011,21464,3413,3411,1065,4476,21
2022-02-23,Contra Costa,013,1133247,185701,184013,12883,196896,1209
2022-02-23,Del Norte,015,27424,5617,5625,179,5804,45
2022-02-23,El Dorado,017,186661,26405,26317,3187,29504,189
2022-02-23,Fresno,019,978130,228539,225308,23710,249018,2596
2022-02-23,Glenn,021,27897,4924,4909,1590,6499,40
2022-02-23,Humboldt,023,135768,16584,16601,2890,19491,132
2022-02-23,Imperial,025,180216,54894,54292,10703,64995,871
2022-02-23,Inyo,027,18085,4039,4031,465,4496,54
2022-02-23,Kern,029,883053,190180,188432,45807,234239,2106
2022-02-23,Kings,031,150075,50866,50416,3573,53989,423
2022-02-23,Lake,033,64148,10466,10368,877,11245,126
2022-02-23,Lassen,035,31185,8814,8749,881,9630,55
2022-02-23,Los Angeles,037,10098052,2685072,2659569,123094,2782663,30167
2022-02-23,Madera,039,155013,36899,36876,6019,42895,330
2022-02-23,Marin,041,260295,32747,32625,2172,34797,267
2022-02-23,Mariposa,043,17540,2345,2325,194,2519,6
2022-02-23,Mendocino,045,87422,12860,12747,2962,15709,111
2022-02-23,Merced,047,269075,61516,61295,8475,69770,772
2022-02-23,Modoc,049,8938,728,723,248,971,7
2022-02-23,Mono,051,14174,2955,2960,119,3079,5
2022-02-23,Monterey,053,433212,78444,77472,13340,90812,691
2022-02-23,Napa,055,140530,25219,25185,935,26120,128
2022-02-23,Nevada,057,99092,15754,15825,1167,16992,121
2022-02-23,Orange,059,3164182,541519,539631,40921,580552,6520
2022-02-23,Placer,061,380077,62021,61758,7312,69070,573
2022-02-23,Plumas,063,18699,2937,2663,359,3022,13
2022-02-23,Riverside,065,2383286,587075,584381,27794,612175,6119
2022-02-23,Sacramento,067,1510023,277690,272057,26847,298904,2796
2022-02-23,San Benito,069,59416,12765,12756,506,13262,92
2022-02-23,San Bernardino,071,2135413,564106,555238,24861,580099,6479
2022-02-23,San Diego,073,3302833,743594,735406,51508,786914,4988
2022-02-23,San Francisco,075,870044,121223,122127,8123,130250,769
2022-02-23,San Joaquin,077,732212,164728,164257,9893,174150,2042
2022-02-23,San Luis Obispo,079,281455,51619,51264,3692,54956,434
2022-02-23,San Mateo,081,765935,119298,117585,6843,124428,603
2022-02-23,Santa Barbara,083,443738,84769,84760,4716,89476,651
2022-02-23,Santa Clara,085,1922200,304932,305484,12182,317666,2157
2022-02-23,Santa Cruz,087,273765,46569,46059,2095,48154,251
2022-02-23,Shasta,089,179085,30140,30066,6045,36111,481
2022-02-23,Sierra,091,2930,271,270,47,317,1
2022-02-23,Siskiyou,093,43540,4385,4356,2697,7053,71
2022-02-23,Solano,095,438530,80123,80103,5490,85593,427
2022-02-23,Sonoma,097,501317,82166,81594,2527,84121,432
2022-02-23,Stanislaus,099,539301,116278,116789,17351,134140,1482
2022-02-23,Sutter,101,95872,20228,20194,2016,22210,213
2022-02-23,Tehama,103,63373,11914,11863,2601,14464,154
2022-02-23,Trinity,105,12862,1171,1156,292,1448,20
2022-02-23,Tulare,107,460477,105547,102812,28171,130983,1290
2022-02-23,Tuolumne,109,53932,12482,12158,552,12710,175
2022-02-23,Ventura,111,848112,171476,171163,9284,180447,1401
2022-02-23,Yolo,113,214977,36361,35590,3122,38712,296
2022-02-23,Yuba,115,75493,15631,15571,1175,16746,113
2022-02-22,Alameda,001,1643700,250860,247434,13524,260958,1706
2022-02-22,Alpine,003,1148,122,124,1,125,0
2022-02-22,Amador,005,37829,8337,8243,640,8883,79
2022-02-22,Butte,007,227075,32548,32359,6543,38902,366
2022-02-22,Calaveras,009,45235,7162,7178,344,7522,107
2022-02-22,Colusa,011,21464,3413,3402,1063,4465,21
2022-02-22,Contra Costa,013,1133247,185548,183812,12864,196676,1201
2022-02-22,Del Norte,015,27424,5609,5611,178,5789,45
2022-02-22,El Dorado,017,186661,26395,26289,3187,29476,189
2022-02-22,Fresno,019,978130,228309,225104,23679,248783,2592
2022-02-22,Glenn,021,27897,4923,4900,1589,6489,40
2022-02-22,Humboldt,023,135768,16563,16559,2886,19445,132
2022-02-22,Imperial,025,180216,54858,54227,10699,64926,864
2022-02-22,Inyo,027,18085,4038,4026,463,4489,54
2022-02-22,Kern,029,883053,190039,188237,45770,234007,2102
2022-02-22,Kings,031,150075,50803,50359,3570,53929,423
2022-02-22,Lake,033,64148,10455,10353,875,11228,126
2022-02-22,Lassen,035,31185,8810,8730,881,9611,55
2022-02-22,Los Angeles,037,10098052,2683602,2658230,123006,2781236,30129
2022-02-22,Madera,039,155013,36866,36833,6009,42842,330
2022-02-22,Marin,041,260295,32722,32591,2171,34762,267
2022-02-22,Mariposa,043,17540,2337,2322,194,2516,6
2022-02-22,Mendocino,045,87422,12846,12714,2952,15666,110
2022-02-22,Merced,047,269075,61456,61241,8468,69709,770
2022-02-22,Modoc,049,8938,725,720,248,968,6
2022-02-22,Mono,051,14174,2955,2961,119,3080,5
2022-02-22,Monterey,053,433212,78391,77359,13320,90679,690
2022-02-22,Napa,055,140530,25190,25151,934,26085,128
2022-02-22,Nevada,057,99092,15738,15815,1166,16981,121
2022-02-22,Orange,059,3164182,541232,539390,40888,580278,6502
2022-02-22,Placer,061,380077,61983,61709,7307,69016,572
2022-02-22,Plumas,063,18699,2931,2659,357,3016,13
2022-02-22,Riverside,065,2383286,586817,583969,27772,611741,6097
2022-02-22,Sacramento,067,1510023,277499,271789,26823,298612,2775
2022-02-22,San Benito,069,59416,12754,12742,505,13247,92
2022-02-22,San Bernardino,071,2135413,563907,554903,24842,579745,6451
2022-02-22,San Diego,073,3302833,743057,734536,51457,785993,4974
2022-02-22,San Francisco,075,870044,121094,121954,8119,130073,769
2022-02-22,San Joaquin,077,732212,164606,164111,9882,173993,2040
2022-02-22,San Luis Obispo,079,281455,51534,51193,3686,54879,431
2022-02-22,San Mateo,081,765935,119203,117418,6838,124256,603
2022-02-22,Santa Barbara,083,443738,84706,84701,4710,89411,650
2022-02-22,Santa Clara,085,1922200,304653,305045,12176,317221,2155
2022-02-22,Santa Cruz,087,273765,46504,45958,2095,48053,251
2022-02-22,Shasta,089,179085,30116,30024,6040,36064,479
2022-02-22,Sierra,091,2930,271,269,46,315,0
2022-02-22,Siskiyou,093,43540,4382,4350,2692,7042,70
2022-02-22,Solano,095,438530,80047,79968,5488,85456,425
2022-02-22,Sonoma,097,501317,82099,81412,2523,83935,431
2022-02-22,Stanislaus,099,539301,116196,116676,17333,134009,1475
2022-02-22,Sutter,101,95872,20212,20164,2013,22177,210
2022-02-22,Tehama,103,63373,11906,11852,2600,14452,152
2022-02-22,Trinity,105,12862,1171,1147,291,1438,20
2022-02-22,Tulare,107,460477,105437,102717,28137,130854,1287
2022-02-22,Tuolumne,109,53932,12462,12136,551,12687,175
2022-02-22,Ventura,111,848112,171391,171064,9278,180342,1401
2022-02-22,Yolo,113,214977,36324,35527,3116,38643,292
2022-02-22,Yuba,115,75493,15621,15550,1174,16724,110
2022-02-21,Alameda,001,1643700,250571,247434,13508,260942,1704
2022-02-21,Alpine,003,1148,122,124,1,125,0
2022-02-21,Amador,005,37829,8331,8246,640,8886,79
2022-02-21,Butte,007,227075,32508,32356,6520,38876,366
2022-02-21,Calaveras,009,45235,7154,7175,344,7519,107
2022-02-21,Colusa,011,21464,3411,3401,1061,4462,21
2022-02-21,Contra Costa,013,1133247,185321,183701,12850,196551,1201
2022-02-21,Del Norte,015,27424,5591,5601,177,5778,45
2022-02-21,El Dorado,017,186661,26366,26273,3182,29455,189
2022-02-21,Fresno,019,978130,227989,224923,23623,248546,2592
2022-02-21,Glenn,021,27897,4918,4897,1589,6486,40
2022-02-21,Humboldt,023,135768,16519,16548,2878,19426,132
2022-02-21,Imperial,025,180216,54799,54208,10682,64890,864
2022-02-21,Inyo,027,18085,4034,4023,463,4486,54
2022-02-21,Kern,029,883053,189845,188188,45717,233905,2102
2022-02-21,Kings,031,150075,50737,50188,3567,53755,422
2022-02-21,Lake,033,64148,10433,10334,873,11207,126
2022-02-21,Lassen,035,31185,8802,8705,876,9581,55
2022-02-21,Los Angeles,037,10098052,2681801,2656873,122907,2779780,30108
2022-02-21,Madera,039,155013,36826,36796,5988,42784,330
2022-02-21,Marin,041,260295,32698,32570,2171,34741,258
2022-02-21,Mariposa,043,17540,2334,2321,194,2515,6
2022-02-21,Mendocino,045,87422,12820,12706,2940,15646,110
2022-02-21,Merced,047,269075,61399,61209,8451,69660,770
2022-02-21,Modoc,049,8938,724,718,248,966,6
2022-02-21,Mono,051,14174,2954,2960,119,3079,5
2022-02-21,Monterey,053,433212,78297,77354,13278,90632,690
2022-02-21,Napa,055,140530,25149,25126,934,26060,128
2022-02-21,Nevada,057,99092,15726,15810,1163,16973,121
2022-02-21,Orange,059,3164182,540876,539068,40863,579931,6502
2022-02-21,Placer,061,380077,61929,61727,7303,69030,572
2022-02-21,Plumas,063,18699,2927,2657,352,3009,13
2022-02-21,Riverside,065,2383286,586445,583712,27723,611435,6097
2022-02-21,Sacramento,067,1510023,277241,271588,26790,298378,2769
2022-02-21,San Benito,069,59416,12741,12731,505,13236,92
2022-02-21,San Bernardino,071,2135413,563664,554662,24820,579482,6441
2022-02-21,San Diego,073,3302833,742424,732298,51385,783683,4974
2022-02-21,San Francisco,075,870044,120913,121865,8115,129980,769
2022-02-21,San Joaquin,077,732212,164458,164036,9871,173907,2040
2022-02-21,San Luis Obispo,079,281455,51442,51184,3679,54863,429
2022-02-21,San Mateo,081,765935,119111,117259,6830,124089,605
2022-02-21,Santa Barbara,083,443738,84630,84626,4702,89328,650
2022-02-21,Santa Clara,085,1922200,304316,304858,12170,317028,2158
2022-02-21,Santa Cruz,087,273765,46378,45941,2094,48035,251
2022-02-21,Shasta,089,179085,30069,30004,6032,36036,479
2022-02-21,Sierra,091,2930,271,269,46,315,0
2022-02-21,Siskiyou,093,43540,4370,4337,2687,7024,70
2022-02-21,Solano,095,438530,79954,79906,5482,85388,425
2022-02-21,Sonoma,097,501317,81986,81361,2517,83878,431
2022-02-21,Stanislaus,099,539301,116084,116597,17309,133906,1475
2022-02-21,Sutter,101,95872,20185,20152,2011,22163,210
2022-02-21,Tehama,103,63373,11893,11842,2599,14441,152
2022-02-21,Trinity,105,12862,1170,1147,291,1438,20
2022-02-21,Tulare,107,460477,105337,102614,28090,130704,1287
2022-02-21,Tuolumne,109,53932,12453,12126,548,12674,175
2022-02-21,Ventura,111,848112,171251,170939,9269,180208,1401
2022-02-21,Yolo,113,214977,36281,35518,3107,38625,292
2022-02-21,Yuba,115,75493,15601,15546,1165,16711,110
2022-02-20,Alameda,001,1643700,250347,246028,13499,259527,1700
2022-02-20,Alpine,003,1148,122,124,1,125,0
2022-02-20,Amador,005,37829,8320,8203,640,8843,79
2022-02-20,Butte,007,227075,32478,32173,6515,38688,364
2022-02-20,Calaveras,009,45235,7151,7136,343,7479,107
2022-02-20,Colusa,011,21464,3408,3389,1060,4449,21
2022-02-20,Contra Costa,013,1133247,185195,182797,12845,195642,1190
2022-02-20,Del Norte,015,27424,5576,5511,177,5688,45
2022-02-20,El Dorado,017,186661,26345,26101,3181,29282,189
2022-02-20,Fresno,019,978130,227797,223594,23607,247201,2544
2022-02-20,Glenn,021,27897,4915,4881,1589,6470,39
2022-02-20,Humboldt,023,135768,16507,16393,2874,19267,132
2022-02-20,Imperial,025,180216,54738,53967,10669,64636,862
2022-02-20,Inyo,027,18085,4033,4018,462,4480,52
2022-02-20,Kern,029,883053,189714,187158,45673,232831,2095
2022-02-20,Kings,031,150075,50709,49724,3563,53287,421
2022-02-20,Lake,033,64148,10400,10184,872,11056,126
2022-02-20,Lassen,035,31185,8790,8640,876,9516,55
2022-02-20,Los Angeles,037,10098052,2680473,2642878,122821,2765699,29842
2022-02-20,Madera,039,155013,36795,36526,5984,42510,330
2022-02-20,Marin,041,260295,32681,32441,2170,34611,258
2022-02-20,Mariposa,043,17540,2328,2310,192,2502,6
2022-02-20,Mendocino,045,87422,12810,12625,2937,15562,110
2022-02-20,Merced,047,269075,61371,60886,8449,69335,769
2022-02-20,Modoc,049,8938,723,714,248,962,6
2022-02-20,Mono,051,14174,2954,2956,119,3075,5
2022-02-20,Monterey,053,433212,78238,76765,13264,90029,682
2022-02-20,Napa,055,140530,25129,24970,932,25902,127
2022-02-20,Nevada,057,99092,15715,15715,1162,16877,121
2022-02-20,Orange,059,3164182,540557,538019,40827,578846,6416
2022-02-20,Placer,061,380077,61897,61417,7295,68712,560
2022-02-20,Plumas,063,18699,2923,2646,350,2996,13
2022-02-20,Riverside,065,2383286,586171,581788,27695,609483,6087
2022-02-20,Sacramento,067,1510023,277062,270080,26765,296845,2747
2022-02-20,San Benito,069,59416,12738,12665,505,13170,92
2022-02-20,San Bernardino,071,2135413,563457,553151,24802,577953,6400
2022-02-20,San Diego,073,3302833,741821,729549,51331,780880,4947
2022-02-20,San Francisco,075,870044,120773,121197,8105,129302,756
2022-02-20,San Joaquin,077,732212,164335,163083,9860,172943,2033
2022-02-20,San Luis Obispo,079,281455,51411,50823,3675,54498,424
2022-02-20,San Mateo,081,765935,119039,116648,6822,123470,598
2022-02-20,Santa Barbara,083,443738,84586,83988,4700,88688,642
2022-02-20,Santa Clara,085,1922200,304037,303077,12162,315239,2138
2022-02-20,Santa Cruz,087,273765,46312,45532,2091,47623,250
2022-02-20,Shasta,089,179085,30037,29847,6025,35872,479
2022-02-20,Sierra,091,2930,271,269,46,315,0
2022-02-20,Siskiyou,093,43540,4364,4307,2686,6993,70
2022-02-20,Solano,095,438530,79879,78914,5477,84391,424
2022-02-20,Sonoma,097,501317,81910,80843,2514,83357,431
2022-02-20,Stanislaus,099,539301,116016,115976,17292,133268,1454
2022-02-20,Sutter,101,95872,20172,20060,2008,22068,210
2022-02-20,Tehama,103,63373,11881,11760,2596,14356,152
2022-02-20,Trinity,105,12862,1169,1130,291,1421,20
2022-02-20,Tulare,107,460477,105246,101996,28063,130059,1286
2022-02-20,Tuolumne,109,53932,12431,12036,547,12583,175
2022-02-20,Ventura,111,848112,171153,170331,9263,179594,1384
2022-02-20,Yolo,113,214977,36255,35363,3104,38467,293
2022-02-20,Yuba,115,75493,15585,15449,1164,16613,112
2022-02-19,Alameda,001,1643700,250173,246028,13496,259524,1700
2022-02-19,Alpine,003,1148,122,124,1,125,0
2022-02-19,Amador,005,37829,8316,8203,640,8843,79
2022-02-19,Butte,007,227075,32455,32173,6512,38685,364
2022-02-19,Calaveras,009,45235,7151,7136,343,7479,107
2022-02-19,Colusa,011,21464,3407,3389,1058,4447,21
2022-02-19,Contra Costa,013,1133247,185098,182797,12844,195641,1190
2022-02-19,Del Norte,015,27424,5566,5511,176,5687,45
2022-02-19,El Dorado,017,186661,26328,26101,3179,29280,189
2022-02-19,Fresno,019,978130,227679,223594,23598,247192,2544
2022-02-19,Glenn,021,27897,4911,4881,1589,6470,39
2022-02-19,Humboldt,023,135768,16492,16393,2874,19267,132
2022-02-19,Imperial,025,180216,54722,53967,10663,64630,862
2022-02-19,Inyo,027,18085,4032,4018,461,4479,52
2022-02-19,Kern,029,883053,189615,187158,45648,232806,2095
2022-02-19,Kings,031,150075,50686,49724,3561,53285,421
2022-02-19,Lake,033,64148,10392,10184,872,11056,126
2022-02-19,Lassen,035,31185,8778,8640,875,9515,55
2022-02-19,Los Angeles,037,10098052,2679685,2642878,122780,2765658,29842
2022-02-19,Madera,039,155013,36773,36526,5983,42509,330
2022-02-19,Marin,041,260295,32658,32441,2169,34610,258
2022-02-19,Mariposa,043,17540,2325,2310,192,2502,6
2022-02-19,Mendocino,045,87422,12800,12625,2937,15562,110
2022-02-19,Merced,047,269075,61326,60886,8445,69331,769
2022-02-19,Modoc,049,8938,723,714,247,961,6
2022-02-19,Mono,051,14174,2953,2956,119,3075,5
2022-02-19,Monterey,053,433212,78149,76765,13253,90018,682
2022-02-19,Napa,055,140530,25119,24970,932,25902,127
2022-02-19,Nevada,057,99092,15707,15715,1162,16877,121
2022-02-19,Orange,059,3164182,540357,538019,40802,578821,6416
2022-02-19,Placer,061,380077,61850,61417,7294,68711,560
2022-02-19,Plumas,063,18699,2922,2646,350,2996,13
2022-02-19,Riverside,065,2383286,585992,581788,27682,609470,6087
2022-02-19,Sacramento,067,1510023,276923,270080,26754,296834,2747
2022-02-19,San Benito,069,59416,12725,12665,504,13169,92
2022-02-19,San Bernardino,071,2135413,563293,553151,24795,577946,6400
2022-02-19,San Diego,073,3302833,741464,729549,51289,780838,4947
2022-02-19,San Francisco,075,870044,120687,121197,8101,129298,756
2022-02-19,San Joaquin,077,732212,164259,163083,9849,172932,2033
2022-02-19,San Luis Obispo,079,281455,51399,50823,3671,54494,424
2022-02-19,San Mateo,081,765935,118999,116648,6820,123468,598
2022-02-19,Santa Barbara,083,443738,84517,83988,4699,88687,642
2022-02-19,Santa Clara,085,1922200,303843,303077,12160,315237,2138
2022-02-19,Santa Cruz,087,273765,46274,45532,2089,47621,250
2022-02-19,Shasta,089,179085,30023,29847,6022,35869,479
2022-02-19,Sierra,091,2930,271,269,46,315,0
2022-02-19,Siskiyou,093,43540,4362,4307,2686,6993,70
2022-02-19,Solano,095,438530,79837,78914,5476,84390,424
2022-02-19,Sonoma,097,501317,81866,80843,2514,83357,431
2022-02-19,Stanislaus,099,539301,115946,115976,17286,133262,1454
2022-02-19,Sutter,101,95872,20164,20060,2008,22068,210
2022-02-19,Tehama,103,63373,11874,11760,2596,14356,152
2022-02-19,Trinity,105,12862,1167,1130,291,1421,20
2022-02-19,Tulare,107,460477,105198,101996,28037,130033,1286
2022-02-19,Tuolumne,109,53932,12423,12036,547,12583,175
2022-02-19,Ventura,111,848112,171078,170331,9259,179590,1384
2022-02-19,Yolo,113,214977,36224,35363,3100,38463,293
2022-02-19,Yuba,115,75493,15576,15449,1164,16613,112
2022-02-18,Alameda,001,1643700,250008,246028,13488,259516,1700
2022-02-18,Alpine,003,1148,121,124,1,125,0
2022-02-18,Amador,005,37829,8308,8203,638,8841,79
2022-02-18,Butte,007,227075,32435,32173,6506,38679,364
2022-02-18,Calaveras,009,45235,7146,7136,342,7478,107
2022-02-18,Colusa,011,21464,3405,3389,1058,4447,21
2022-02-18,Contra Costa,013,1133247,184991,182797,12838,195635,1190
2022-02-18,Del Norte,015,27424,5555,5511,176,5687,45
2022-02-18,El Dorado,017,186661,26317,26101,3179,29280,189
2022-02-18,Fresno,019,978130,227492,223594,23586,247180,2544
2022-02-18,Glenn,021,27897,4910,4881,1588,6469,39
2022-02-18,Humboldt,023,135768,16475,16393,2869,19262,132
2022-02-18,Imperial,025,180216,54699,53967,10652,64619,862
2022-02-18,Inyo,027,18085,4031,4018,461,4479,52
2022-02-18,Kern,029,883053,189500,187158,45603,232761,2095
2022-02-18,Kings,031,150075,50598,49724,3561,53285,421
2022-02-18,Lake,033,64148,10375,10184,870,11054,126
2022-02-18,Lassen,035,31185,8758,8640,874,9514,55
2022-02-18,Los Angeles,037,10098052,2678710,2642878,122725,2765603,29842
2022-02-18,Madera,039,155013,36750,36526,5981,42507,330
2022-02-18,Marin,041,260295,32640,32441,2167,34608,258
2022-02-18,Mariposa,043,17540,2323,2310,192,2502,6
2022-02-18,Mendocino,045,87422,12789,12625,2937,15562,110
2022-02-18,Merced,047,269075,61282,60886,8435,69321,769
2022-02-18,Modoc,049,8938,723,714,247,961,6
2022-02-18,Mono,051,14174,2953,2956,119,3075,5
2022-02-18,Monterey,053,433212,78076,76765,13245,90010,682
2022-02-18,Napa,055,140530,25101,24970,932,25902,127
2022-02-18,Nevada,057,99092,15699,15715,1162,16877,121
2022-02-18,Orange,059,3164182,540120,538019,40763,578782,6416
2022-02-18,Placer,061,380077,61821,61417,7286,68703,560
2022-02-18,Plumas,063,18699,2919,2646,350,2996,13
2022-02-18,Riverside,065,2383286,585810,581788,27673,609461,6087
2022-02-18,Sacramento,067,1510023,276729,270080,26746,296826,2747
2022-02-18,San Benito,069,59416,12717,12665,504,13169,92
2022-02-18,San Bernardino,071,2135413,563110,553151,24790,577941,6400
2022-02-18,San Diego,073,3302833,741031,729549,51266,780815,4947
2022-02-18,San Francisco,075,870044,120599,121197,8093,129290,756
2022-02-18,San Joaquin,077,732212,164192,163083,9841,172924,2033
2022-02-18,San Luis Obispo,079,281455,51383,50823,3668,54491,424
2022-02-18,San Mateo,081,765935,118934,116648,6817,123465,598
2022-02-18,Santa Barbara,083,443738,84477,83988,4697,88685,642
2022-02-18,Santa Clara,085,1922200,303605,303077,12159,315236,2138
2022-02-18,Santa Cruz,087,273765,46240,45532,2088,47620,250
2022-02-18,Shasta,089,179085,30011,29847,6021,35868,479
2022-02-18,Sierra,091,2930,271,269,46,315,0
2022-02-18,Siskiyou,093,43540,4359,4307,2684,6991,70
2022-02-18,Solano,095,438530,79767,78914,5475,84389,424
2022-02-18,Sonoma,097,501317,81808,80843,2513,83356,431
2022-02-18,Stanislaus,099,539301,115896,115976,17272,133248,1454
2022-02-18,Sutter,101,95872,20153,20060,2008,22068,210
2022-02-18,Tehama,103,63373,11863,11760,2596,14356,152
2022-02-18,Trinity,105,12862,1166,1130,290,1420,20
2022-02-18,Tulare,107,460477,105156,101996,27993,129989,1286
2022-02-18,Tuolumne,109,53932,12417,12036,546,12582,175
2022-02-18,Ventura,111,848112,170987,170331,9255,179586,1384
2022-02-18,Yolo,113,214977,36196,35363,3098,38461,293
2022-02-18,Yuba,115,75493,15563,15449,1164,16613,112
2022-02-17,Alameda,001,1643700,249747,246028,13467,259495,1700
2022-02-17,Alpine,003,1148,121,124,1,125,0
2022-02-17,Amador,005,37829,8304,8203,636,8839,79
2022-02-17,Butte,007,227075,32397,32173,6501,38674,364
2022-02-17,Calaveras,009,45235,7137,7136,339,7475,107
2022-02-17,Colusa,011,21464,3402,3389,1058,4447,21
2022-02-17,Contra Costa,013,1133247,184797,182797,12804,195601,1190
2022-02-17,Del Norte,015,27424,5534,5511,176,5687,45
2022-02-17,El Dorado,017,186661,26292,26101,3169,29270,189
2022-02-17,Fresno,019,978130,227201,223594,23555,247149,2544
2022-02-17,Glenn,021,27897,4908,4881,1585,6466,39
2022-02-17,Humboldt,023,135768,16434,16393,2868,19261,132
2022-02-17,Imperial,025,180216,54624,53967,10635,64602,862
2022-02-17,Inyo,027,18085,4030,4018,460,4478,52
2022-02-17,Kern,029,883053,189347,187158,45553,232711,2095
2022-02-17,Kings,031,150075,50533,49724,3555,53279,421
2022-02-17,Lake,033,64148,10345,10184,866,11050,126
2022-02-17,Lassen,035,31185,8748,8640,872,9512,55
2022-02-17,Los Angeles,037,10098052,2676864,2642878,122644,2765522,29842
2022-02-17,Madera,039,155013,36707,36526,5974,42500,330
2022-02-17,Marin,041,260295,32614,32441,2165,34606,258
2022-02-17,Mariposa,043,17540,2320,2310,191,2501,6
2022-02-17,Mendocino,045,87422,12772,12625,2934,15559,110
2022-02-17,Merced,047,269075,61207,60886,8417,69303,769
2022-02-17,Modoc,049,8938,722,714,247,961,6
2022-02-17,Mono,051,14174,2951,2956,119,3075,5
2022-02-17,Monterey,053,433212,77965,76765,13203,89968,682
2022-02-17,Napa,055,140530,25070,24970,930,25900,127
2022-02-17,Nevada,057,99092,15687,15715,1161,16876,121
2022-02-17,Orange,059,3164182,539784,538019,40735,578754,6416
2022-02-17,Placer,061,380077,61779,61417,7278,68695,560
2022-02-17,Plumas,063,18699,2916,2646,350,2996,13
2022-02-17,Riverside,065,2383286,585423,581788,27646,609434,6087
2022-02-17,Sacramento,067,1510023,276439,270080,26698,296778,2747
2022-02-17,San Benito,069,59416,12706,12665,504,13169,92
2022-02-17,San Bernardino,071,2135413,562809,553151,24776,577927,6400
2022-02-17,San Diego,073,3302833,740413,729549,51220,780769,4947
2022-02-17,San Francisco,075,870044,120464,121197,8082,129279,756
2022-02-17,San Joaquin,077,732212,164030,163083,9827,172910,2033
2022-02-17,San Luis Obispo,079,281455,51278,50823,3660,54483,424
2022-02-17,San Mateo,081,765935,118841,116648,6808,123456,598
2022-02-17,Santa Barbara,083,443738,84376,83988,4689,88677,642
2022-02-17,Santa Clara,085,1922200,303243,303077,12144,315221,2138
2022-02-17,Santa Cruz,087,273765,46159,45532,2086,47618,250
2022-02-17,Shasta,089,179085,29983,29847,6018,35865,479
2022-02-17,Sierra,091,2930,271,269,46,315,0
2022-02-17,Siskiyou,093,43540,4350,4307,2680,6987,70
2022-02-17,Solano,095,438530,79686,78914,5467,84381,424
2022-02-17,Sonoma,097,501317,81740,80843,2506,83349,431
2022-02-17,Stanislaus,099,539301,115792,115976,17255,133231,1454
2022-02-17,Sutter,101,95872,20138,20060,2000,22060,210
2022-02-17,Tehama,103,63373,11854,11760,2595,14355,152
2022-02-17,Trinity,105,12862,1164,1130,288,1418,20
2022-02-17,Tulare,107,460477,105041,101996,27967,129963,1286
2022-02-17,Tuolumne,109,53932,12406,12036,546,12582,175
2022-02-17,Ventura,111,848112,170847,170331,9254,179585,1384
2022-02-17,Yolo,113,214977,36158,35363,3097,38460,293
2022-02-17,Yuba,115,75493,15548,15449,1164,16613,112
2022-02-16,Alameda,001,1643700,249431,245662,13428,259090,1691
2022-02-16,Alpine,003,1148,121,124,1,125,0
2022-02-16,Amador,005,37829,8286,8197,634,8831,77
2022-02-16,Butte,007,227075,32355,32095,6489,38584,363
2022-02-16,Calaveras,009,45235,7131,7129,336,7465,107
2022-02-16,Colusa,011,21464,3397,3384,1058,4442,21
2022-02-16,Contra Costa,013,1133247,184561,182423,12767,195190,1179
2022-02-16,Del Norte,015,27424,5513,5473,172,5645,45
2022-02-16,El Dorado,017,186661,26264,26061,3165,29226,189
2022-02-16,Fresno,019,978130,226841,223056,23504,246560,2542
2022-02-16,Glenn,021,27897,4904,4873,1580,6453,39
2022-02-16,Humboldt,023,135768,16409,16342,2857,19199,132
2022-02-16,Imperial,025,180216,54545,53901,10604,64505,861
2022-02-16,Inyo,027,18085,4026,4013,457,4470,52
2022-02-16,Kern,029,883053,189129,186740,45462,232202,2084
2022-02-16,Kings,031,150075,50480,49575,3546,53121,420
2022-02-16,Lake,033,64148,10318,10145,866,11011,125
2022-02-16,Lassen,035,31185,8715,8618,872,9490,55
2022-02-16,Los Angeles,037,10098052,2674756,2640005,122532,2762537,29749
2022-02-16,Madera,039,155013,36639,36382,5959,42341,330
2022-02-16,Marin,041,260295,32578,32381,2162,34543,257
2022-02-16,Mariposa,043,17540,2319,2305,191,2496,6
2022-02-16,Mendocino,045,87422,12750,12605,2924,15529,108
2022-02-16,Merced,047,269075,61141,60776,8384,69160,767
2022-02-16,Modoc,049,8938,722,711,243,954,6
2022-02-16,Mono,051,14174,2949,2953,119,3072,5
2022-02-16,Monterey,053,433212,77817,76624,13162,89786,682
2022-02-16,Napa,055,140530,25031,24897,927,25824,128
2022-02-16,Nevada,057,99092,15671,15677,1157,16834,121
2022-02-16,Orange,059,3164182,539381,537934,40690,578624,6392
2022-02-16,Placer,061,380077,61736,61278,7265,68543,556
2022-02-16,Plumas,063,18699,2913,2644,348,2992,13
2022-02-16,Riverside,065,2383286,585030,580828,27599,608427,6064
2022-02-16,Sacramento,067,1510023,276115,269416,26642,296058,2736
2022-02-16,San Benito,069,59416,12679,12644,504,13148,92
2022-02-16,San Bernardino,071,2135413,562535,552353,24751,577104,6379
2022-02-16,San Diego,073,3302833,739630,728610,51147,779757,4931
2022-02-16,San Francisco,075,870044,120292,120987,8077,129064,756
2022-02-16,San Joaquin,077,732212,163862,162752,9817,172569,2032
2022-02-16,San Luis Obispo,079,281455,51208,50704,3647,54351,425
2022-02-16,San Mateo,081,765935,118723,116438,6790,123228,595
2022-02-16,Santa Barbara,083,443738,84301,83968,4676,88644,642
2022-02-16,Santa Clara,085,1922200,302863,302439,12109,314548,2130
2022-02-16,Santa Cruz,087,273765,46070,45274,2084,47358,250
2022-02-16,Shasta,089,179085,29944,29767,6006,35773,477
2022-02-16,Sierra,091,2930,270,269,46,315,0
2022-02-16,Siskiyou,093,43540,4343,4302,2674,6976,71
2022-02-16,Solano,095,438530,79571,78742,5460,84202,422
2022-02-16,Sonoma,097,501317,81618,80642,2496,83138,431
2022-02-16,Stanislaus,099,539301,115673,115751,17224,132975,1443
2022-02-16,Sutter,101,95872,20121,20020,1997,22017,210
2022-02-16,Tehama,103,63373,11837,11738,2593,14331,152
2022-02-16,Trinity,105,12862,1164,1130,287,1417,20
2022-02-16,Tulare,107,460477,104917,101817,27914,129731,1281
2022-02-16,Tuolumne,109,53932,12394,11991,545,12536,171
2022-02-16,Ventura,111,848112,170711,170117,9246,179363,1372
2022-02-16,Yolo,113,214977,36107,35284,3094,38378,292
2022-02-16,Yuba,115,75493,15526,15405,1161,16566,110
2022-02-15,Alameda,001,1643700,249081,245265,13398,258663,1683
2022-02-15,Alpine,003,1148,121,124,1,125,0
2022-02-15,Amador,005,37829,8275,8183,633,8816,77
2022-02-15,Butte,007,227075,32306,32011,6475,38486,361
2022-02-15,Calaveras,009,45235,7122,7115,336,7451,106
2022-02-15,Colusa,011,21464,3389,3374,1057,4431,21
2022-02-15,Contra Costa,013,1133247,184304,182041,12735,194776,1179
2022-02-15,Del Norte,015,27424,5486,5439,170,5609,45
2022-02-15,El Dorado,017,186661,26245,25988,3160,29148,189
2022-02-15,Fresno,019,978130,226463,222673,23439,246112,2543
2022-02-15,Glenn,021,27897,4895,4862,1579,6441,39
2022-02-15,Humboldt,023,135768,16366,16297,2842,19139,132
2022-02-15,Imperial,025,180216,54481,53813,10589,64402,860
2022-02-15,Inyo,027,18085,4025,4009,456,4465,52
2022-02-15,Kern,029,883053,188911,186324,45371,231695,2072
2022-02-15,Kings,031,150075,50386,49473,3537,53010,418
2022-02-15,Lake,033,64148,10285,10112,860,10972,123
2022-02-15,Lassen,035,31185,8700,8587,870,9457,55
2022-02-15,Los Angeles,037,10098052,2672499,2638266,122397,2760663,29691
2022-02-15,Madera,039,155013,36574,36260,5938,42198,330
2022-02-15,Marin,041,260295,32536,32355,2160,34515,255
2022-02-15,Mariposa,043,17540,2318,2302,191,2493,6
2022-02-15,Mendocino,045,87422,12733,12580,2905,15485,108
2022-02-15,Merced,047,269075,61058,60674,8353,69027,763
2022-02-15,Modoc,049,8938,720,710,240,950,6
2022-02-15,Mono,051,14174,2948,2952,119,3071,5
2022-02-15,Monterey,053,433212,77690,75530,13102,88632,682
2022-02-15,Napa,055,140530,24981,24832,920,25752,127
2022-02-15,Nevada,057,99092,15644,15643,1156,16799,121
2022-02-15,Orange,059,3164182,538922,537478,40646,578124,6374
2022-02-15,Placer,061,380077,61675,61170,7254,68424,554
2022-02-15,Plumas,063,18699,2909,2638,348,2986,13
2022-02-15,Riverside,065,2383286,584536,579940,27539,607479,6049
2022-02-15,Sacramento,067,1510023,275729,268950,26562,295512,2721
2022-02-15,San Benito,069,59416,12660,12616,504,13120,91
2022-02-15,San Bernardino,071,2135413,562164,551803,24729,576532,6372
2022-02-15,San Diego,073,3302833,738641,727486,51056,778542,4914
2022-02-15,San Francisco,075,870044,120120,120759,8065,128824,756
2022-02-15,San Joaquin,077,732212,163645,162518,9803,172321,2021
2022-02-15,San Luis Obispo,079,281455,51107,50534,3632,54166,419
2022-02-15,San Mateo,081,765935,118587,116253,6768,123021,595
2022-02-15,Santa Barbara,083,443738,84164,83734,4662,88396,640
2022-02-15,Santa Clara,085,1922200,302371,301831,12070,313901,2130
2022-02-15,Santa Cruz,087,273765,45966,45171,2079,47250,250
2022-02-15,Shasta,089,179085,29895,29684,5992,35676,477
2022-02-15,Sierra,091,2930,270,269,46,315,0
2022-02-15,Siskiyou,093,43540,4336,4288,2667,6955,70
2022-02-15,Solano,095,438530,79438,78626,5453,84079,426
2022-02-15,Sonoma,097,501317,81497,80433,2490,82923,431
2022-02-15,Stanislaus,099,539301,115535,115549,17191,132740,1429
2022-02-15,Sutter,101,95872,20093,19980,1992,21972,208
2022-02-15,Tehama,103,63373,11820,11717,2591,14308,151
2022-02-15,Trinity,105,12862,1158,1125,284,1409,20
2022-02-15,Tulare,107,460477,104764,101645,27855,129500,1278
2022-02-15,Tuolumne,109,53932,12374,11945,543,12488,171
2022-02-15,Ventura,111,848112,170539,169942,9238,179180,1372
2022-02-15,Yolo,113,214977,36056,35241,3084,38325,289
2022-02-15,Yuba,115,75493,15497,15372,1156,16528,109
2022-02-14,Alameda,001,1643700,248643,244315,13365,257680,1677
2022-02-14,Alpine,003,1148,121,125,1,126,0
2022-02-14,Amador,005,37829,8260,8164,630,8794,77
2022-02-14,Butte,007,227075,32249,31946,6460,38406,360
2022-02-14,Calaveras,009,45235,7110,7097,334,7431,106
2022-02-14,Colusa,011,21464,3386,3367,1053,4420,21
2022-02-14,Contra Costa,013,1133247,184016,181753,12696,194449,1167
2022-02-14,Del Norte,015,27424,5464,5426,169,5595,45
2022-02-14,El Dorado,017,186661,26211,25915,3151,29066,188
2022-02-14,Fresno,019,978130,225978,222360,23349,245709,2538
2022-02-14,Glenn,021,27897,4889,4854,1579,6433,39
2022-02-14,Humboldt,023,135768,16325,16264,2817,19081,132
2022-02-14,Imperial,025,180216,54409,53765,10560,64325,860
2022-02-14,Inyo,027,18085,4024,4010,455,4465,52
2022-02-14,Kern,029,883053,188565,186037,45262,231299,2063
2022-02-14,Kings,031,150075,50282,49395,3528,52923,419
2022-02-14,Lake,033,64148,10250,10090,857,10947,123
2022-02-14,Lassen,035,31185,8689,8539,868,9407,55
2022-02-14,Los Angeles,037,10098052,2669901,2636064,122268,2758332,29650
2022-02-14,Madera,039,155013,36509,36194,5915,42109,330
2022-02-14,Marin,041,260295,32500,32304,2157,34461,255
2022-02-14,Mariposa,043,17540,2311,2295,191,2486,6
2022-02-14,Mendocino,045,87422,12706,12541,2873,15414,108
2022-02-14,Merced,047,269075,60968,60591,8308,68899,758
2022-02-14,Modoc,049,8938,715,707,240,947,6
2022-02-14,Mono,051,14174,2947,2954,119,3073,5
2022-02-14,Monterey,053,433212,77514,75407,13018,88425,678
2022-02-14,Napa,055,140530,24922,24776,920,25696,127
2022-02-14,Nevada,057,99092,15625,15629,1155,16784,121
2022-02-14,Orange,059,3164182,538415,536924,40580,577504,6355
2022-02-14,Placer,061,380077,61605,61123,7239,68362,554
2022-02-14,Plumas,063,18699,2907,2631,348,2979,13
2022-02-14,Riverside,065,2383286,583981,579174,27469,606643,5994
2022-02-14,Sacramento,067,1510023,275284,268547,26448,294995,2717
2022-02-14,San Benito,069,59416,12636,12598,503,13101,91
2022-02-14,San Bernardino,071,2135413,561732,551338,24709,576047,6372
2022-02-14,San Diego,073,3302833,737651,723902,50963,774865,4894
2022-02-14,San Francisco,075,870044,119930,120581,8055,128636,756
2022-02-14,San Joaquin,077,732212,163405,162363,9780,172143,2018
2022-02-14,San Luis Obispo,079,281455,50995,50465,3622,54087,416
2022-02-14,San Mateo,081,765935,118420,116129,6759,122888,592
2022-02-14,Santa Barbara,083,443738,84018,83697,4652,88349,636
2022-02-14,Santa Clara,085,1922200,301830,301319,12046,313365,2127
2022-02-14,Santa Cruz,087,273765,45802,45042,2075,47117,250
2022-02-14,Shasta,089,179085,29810,29595,5974,35569,474
2022-02-14,Sierra,091,2930,270,269,46,315,0
2022-02-14,Siskiyou,093,43540,4323,4278,2653,6931,69
2022-02-14,Solano,095,438530,79259,78533,5441,83974,427
2022-02-14,Sonoma,097,501317,81351,80336,2480,82816,431
2022-02-14,Stanislaus,099,539301,115358,115426,17145,132571,1406
2022-02-14,Sutter,101,95872,20064,19957,1986,21943,209
2022-02-14,Tehama,103,63373,11797,11686,2590,14276,151
2022-02-14,Trinity,105,12862,1155,1123,284,1407,20
2022-02-14,Tulare,107,460477,104556,101448,27754,129202,1276
2022-02-14,Tuolumne,109,53932,12343,11920,540,12460,170
2022-02-14,Ventura,111,848112,170361,169725,9226,178951,1361
2022-02-14,Yolo,113,214977,35998,35112,3074,38186,286
2022-02-14,Yuba,115,75493,15467,15375,1152,16527,108
2022-02-13,Alameda,001,1643700,248142,243681,13330,257011,1677
2022-02-13,Alpine,003,1148,121,125,1,126,0
2022-02-13,Amador,005,37829,8231,8146,627,8773,77
2022-02-13,Butte,007,227075,32175,31865,6436,38301,360
2022-02-13,Calaveras,009,45235,7102,7083,331,7414,106
2022-02-13,Colusa,011,21464,3382,3366,1051,4417,21
2022-02-13,Contra Costa,013,1133247,183649,181313,12631,193944,1159
2022-02-13,Del Norte,015,27424,5432,5379,169,5548,45
2022-02-13,El Dorado,017,186661,26175,25871,3143,29014,188
2022-02-13,Fresno,019,978130,225435,221686,23282,244968,2537
2022-02-13,Glenn,021,27897,4879,4847,1576,6423,39
2022-02-13,Humboldt,023,135768,16278,16210,2789,18999,132
2022-02-13,Imperial,025,180216,54310,53658,10522,64180,860
2022-02-13,Inyo,027,18085,4021,4006,453,4459,52
2022-02-13,Kern,029,883053,188319,185640,45175,230815,2063
2022-02-13,Kings,031,150075,50155,49243,3514,52757,416
2022-02-13,Lake,033,64148,10188,10042,849,10891,123
2022-02-13,Lassen,035,31185,8658,8503,866,9369,55
2022-02-13,Los Angeles,037,10098052,2666725,2631267,122123,2753390,29595
2022-02-13,Madera,039,155013,36391,36054,5886,41940,330
2022-02-13,Marin,041,260295,32429,32222,2150,34372,255
2022-02-13,Mariposa,043,17540,2305,2292,189,2481,6
2022-02-13,Mendocino,045,87422,12676,12521,2832,15353,108
2022-02-13,Merced,047,269075,60824,60460,8254,68714,758
2022-02-13,Modoc,049,8938,713,704,233,937,6
2022-02-13,Mono,051,14174,2945,2949,119,3068,5
2022-02-13,Monterey,053,433212,77306,75295,12943,88238,678
2022-02-13,Napa,055,140530,24844,24743,917,25660,127
2022-02-13,Nevada,057,99092,15590,15590,1148,16738,121
2022-02-13,Orange,059,3164182,537784,536134,40518,576652,6355
2022-02-13,Placer,061,380077,61528,61020,7215,68235,554
2022-02-13,Plumas,063,18699,2898,2626,345,2971,13
2022-02-13,Riverside,065,2383286,583383,578363,27424,605787,5995
2022-02-13,Sacramento,067,1510023,274774,267947,26315,294262,2699
2022-02-13,San Benito,069,59416,12603,12578,502,13080,91
2022-02-13,San Bernardino,071,2135413,561221,550632,24675,575307,6367
2022-02-13,San Diego,073,3302833,736482,723902,50855,774757,4894
2022-02-13,San Francisco,075,870044,119675,120295,8043,128338,756
2022-02-13,San Joaquin,077,732212,163093,162028,9751,171779,2018
2022-02-13,San Luis Obispo,079,281455,50850,50384,3614,53998,415
2022-02-13,San Mateo,081,765935,118197,115876,6734,122610,592
2022-02-13,Santa Barbara,083,443738,83853,83547,4644,88191,635
2022-02-13,Santa Clara,085,1922200,301182,300412,12009,312421,2114
2022-02-13,Santa Cruz,087,273765,45646,44887,2073,46960,240
2022-02-13,Shasta,089,179085,29728,29531,5949,35480,474
2022-02-13,Sierra,091,2930,270,269,46,315,0
2022-02-13,Siskiyou,093,43540,4316,4264,2637,6901,69
2022-02-13,Solano,095,438530,79103,78424,5416,83840,426
2022-02-13,Sonoma,097,501317,81182,80172,2468,82640,431
2022-02-13,Stanislaus,099,539301,115156,115156,17104,132260,1406
2022-02-13,Sutter,101,95872,20023,19900,1986,21886,209
2022-02-13,Tehama,103,63373,11769,11644,2585,14229,151
2022-02-13,Trinity,105,12862,1152,1120,281,1401,20
2022-02-13,Tulare,107,460477,104332,101135,27660,128795,1276
2022-02-13,Tuolumne,109,53932,12318,11891,535,12426,170
2022-02-13,Ventura,111,848112,170166,169422,9206,178628,1361
2022-02-13,Yolo,113,214977,35931,35057,3062,38119,286
2022-02-13,Yuba,115,75493,15433,15346,1150,16496,107
2022-02-12,Alameda,001,1643700,247922,242137,13316,255453,1668
2022-02-12,Alpine,003,1148,121,124,1,125,0
2022-02-12,Amador,005,37829,8225,8091,627,8718,76
2022-02-12,Butte,007,227075,32148,31601,6431,38032,360
2022-02-12,Calaveras,009,45235,7099,7022,330,7352,106
2022-02-12,Colusa,011,21464,3378,3345,1051,4396,21
2022-02-12,Contra Costa,013,1133247,183459,180270,12624,192894,1141
2022-02-12,Del Norte,015,27424,5412,5262,169,5431,45
2022-02-12,El Dorado,017,186661,26159,25692,3143,28835,188
2022-02-12,Fresno,019,978130,225223,219909,23265,243174,2509
2022-02-12,Glenn,021,27897,4878,4818,1575,6393,39
2022-02-12,Humboldt,023,135768,16255,16058,2785,18843,132
2022-02-12,Imperial,025,180216,54265,53304,10511,63815,860
2022-02-12,Inyo,027,18085,4019,3991,453,4444,52
2022-02-12,Kern,029,883053,188212,184639,45138,229777,2037
2022-02-12,Kings,031,150075,50115,48893,3507,52400,415
2022-02-12,Lake,033,64148,10167,9926,844,10770,123
2022-02-12,Lassen,035,31185,8635,8477,865,9342,55
2022-02-12,Los Angeles,037,10098052,2665581,2616426,122046,2738472,29364
2022-02-12,Madera,039,155013,36358,35710,5879,41589,330
2022-02-12,Marin,041,260295,32396,32048,2147,34195,255
2022-02-12,Mariposa,043,17540,2305,2286,189,2475,6
2022-02-12,Mendocino,045,87422,12660,12439,2832,15271,107
2022-02-12,Merced,047,269075,60772,60187,8249,68436,758
2022-02-12,Modoc,049,8938,713,697,233,930,6
2022-02-12,Mono,051,14174,2945,2939,119,3058,5
2022-02-12,Monterey,053,433212,77246,74842,12918,87760,672
2022-02-12,Napa,055,140530,24816,24530,917,25447,124
2022-02-12,Nevada,057,99092,15578,15499,1146,16645,119
2022-02-12,Orange,059,3164182,537495,534503,40482,574985,6305
2022-02-12,Placer,061,380077,61469,60636,7212,67848,554
2022-02-12,Plumas,063,18699,2897,2617,344,2961,13
2022-02-12,Riverside,065,2383286,583027,575566,27400,602966,5961
2022-02-12,Sacramento,067,1510023,274536,266347,26306,292653,2686
2022-02-12,San Benito,069,59416,12591,12526,502,13028,91
2022-02-12,San Bernardino,071,2135413,560986,548822,24662,573484,6360
2022-02-12,San Diego,073,3302833,735957,720287,50809,771096,4854
2022-02-12,San Francisco,075,870044,119554,119113,8032,127145,740
2022-02-12,San Joaquin,077,732212,162964,161234,9745,170979,2014
2022-02-12,San Luis Obispo,079,281455,50814,50064,3610,53674,416
2022-02-12,San Mateo,081,765935,118106,115235,6726,121961,589
2022-02-12,Santa Barbara,083,443738,83765,83390,4634,88024,631
2022-02-12,Santa Clara,085,1922200,300840,298176,12001,310177,2093
2022-02-12,Santa Cruz,087,273765,45610,44447,2071,46518,239
2022-02-12,Shasta,089,179085,29700,29370,5945,35315,473
2022-02-12,Sierra,091,2930,270,268,46,314,0
2022-02-12,Siskiyou,093,43540,4309,4231,2634,6865,68
2022-02-12,Solano,095,438530,79061,77865,5413,83278,424
2022-02-12,Sonoma,097,501317,81076,79533,2466,81999,431
2022-02-12,Stanislaus,099,539301,115030,114531,17092,131623,1406
2022-02-12,Sutter,101,95872,20008,19800,1986,21786,211
2022-02-12,Tehama,103,63373,11755,11580,2585,14165,151
2022-02-12,Trinity,105,12862,1151,1115,281,1396,20
2022-02-12,Tulare,107,460477,104235,100434,27621,128055,1273
2022-02-12,Tuolumne,109,53932,12300,11754,535,12289,125
2022-02-12,Ventura,111,848112,170058,168736,9201,177937,1340
2022-02-12,Yolo,113,214977,35890,34773,3059,37832,286
2022-02-12,Yuba,115,75493,15417,15242,1149,16391,107
2022-02-11,Alameda,001,1643700,247642,242137,13302,255439,1668
2022-02-11,Alpine,003,1148,121,124,1,125,0
2022-02-11,Amador,005,37829,8212,8091,627,8718,76
2022-02-11,Butte,007,227075,32104,31601,6420,38021,360
2022-02-11,Calaveras,009,45235,7096,7022,330,7352,106
2022-02-11,Colusa,011,21464,3376,3345,1050,4395,21
2022-02-11,Contra Costa,013,1133247,183255,180270,12605,192875,1141
2022-02-11,Del Norte,015,27424,5397,5262,168,5430,45
2022-02-11,El Dorado,017,186661,26139,25692,3142,28834,188
2022-02-11,Fresno,019,978130,224926,219909,23247,243156,2509
2022-02-11,Glenn,021,27897,4874,4818,1575,6393,39
2022-02-11,Humboldt,023,135768,16225,16058,2780,18838,132
2022-02-11,Imperial,025,180216,54235,53304,10500,63804,860
2022-02-11,Inyo,027,18085,4016,3991,448,4439,52
2022-02-11,Kern,029,883053,188049,184639,45084,229723,2037
2022-02-11,Kings,031,150075,50076,48893,3506,52399,415
2022-02-11,Lake,033,64148,10141,9926,842,10768,123
2022-02-11,Lassen,035,31185,8595,8477,865,9342,55
2022-02-11,Los Angeles,037,10098052,2663941,2616426,121957,2738383,29364
2022-02-11,Madera,039,155013,36316,35710,5873,41583,330
2022-02-11,Marin,041,260295,32363,32048,2144,34192,255
2022-02-11,Mariposa,043,17540,2300,2286,189,2475,6
2022-02-11,Mendocino,045,87422,12644,12439,2832,15271,107
2022-02-11,Merced,047,269075,60723,60187,8242,68429,758
2022-02-11,Modoc,049,8938,711,697,233,930,6
2022-02-11,Mono,051,14174,2944,2939,119,3058,5
2022-02-11,Monterey,053,433212,77127,74842,12904,87746,672
2022-02-11,Napa,055,140530,24788,24530,917,25447,124
2022-02-11,Nevada,057,99092,15564,15499,1143,16642,119
2022-02-11,Orange,059,3164182,537145,534503,40418,574921,6305
2022-02-11,Placer,061,380077,61417,60636,7210,67846,554
2022-02-11,Plumas,063,18699,2893,2617,342,2959,13
2022-02-11,Riverside,065,2383286,582605,575566,27384,602950,5961
2022-02-11,Sacramento,067,1510023,274270,266347,26294,292641,2686
2022-02-11,San Benito,069,59416,12586,12526,502,13028,91
2022-02-11,San Bernardino,071,2135413,560666,548822,24647,573469,6360
2022-02-11,San Diego,073,3302833,735240,720287,50752,771039,4854
2022-02-11,San Francisco,075,870044,119434,119113,8016,127129,740
2022-02-11,San Joaquin,077,732212,162795,161234,9733,170967,2014
2022-02-11,San Luis Obispo,079,281455,50777,50064,3606,53670,416
2022-02-11,San Mateo,081,765935,117989,115235,6717,121952,589
2022-02-11,Santa Barbara,083,443738,83680,83390,4633,88023,631
2022-02-11,Santa Clara,085,1922200,300419,298176,11981,310157,2093
2022-02-11,Santa Cruz,087,273765,45518,44447,2071,46518,239
2022-02-11,Shasta,089,179085,29669,29370,5937,35307,473
2022-02-11,Sierra,091,2930,269,268,45,313,0
2022-02-11,Siskiyou,093,43540,4298,4231,2628,6859,68
2022-02-11,Solano,095,438530,78937,77865,5408,83273,424
2022-02-11,Sonoma,097,501317,80987,79533,2461,81994,431
2022-02-11,Stanislaus,099,539301,114929,114531,17078,131609,1406
2022-02-11,Sutter,101,95872,19985,19800,1984,21784,211
2022-02-11,Tehama,103,63373,11742,11580,2584,14164,151
2022-02-11,Trinity,105,12862,1150,1115,280,1395,20
2022-02-11,Tulare,107,460477,104119,100434,27567,128001,1273
2022-02-11,Tuolumne,109,53932,12285,11754,533,12287,125
2022-02-11,Ventura,111,848112,169918,168736,9196,177932,1340
2022-02-11,Yolo,113,214977,35857,34773,3057,37830,286
2022-02-11,Yuba,115,75493,15401,15242,1148,16390,107
2022-02-10,Alameda,001,1643700,247108,242137,13255,255392,1668
2022-02-10,Alpine,003,1148,121,124,1,125,0
2022-02-10,Amador,005,37829,8201,8091,620,8711,76
2022-02-10,Butte,007,227075,32051,31601,6408,38009,360
2022-02-10,Calaveras,009,45235,7084,7022,328,7350,106
2022-02-10,Colusa,011,21464,3370,3345,1048,4393,21
2022-02-10,Contra Costa,013,1133247,182890,180270,12540,192810,1141
2022-02-10,Del Norte,015,27424,5367,5262,166,5428,45
2022-02-10,El Dorado,017,186661,26094,25692,3135,28827,188
2022-02-10,Fresno,019,978130,224337,219909,23158,243067,2509
2022-02-10,Glenn,021,27897,4869,4818,1573,6391,39
2022-02-10,Humboldt,023,135768,16175,16058,2758,18816,132
2022-02-10,Imperial,025,180216,54164,53304,10456,63760,860
2022-02-10,Inyo,027,18085,4012,3991,448,4439,52
2022-02-10,Kern,029,883053,187740,184639,44971,229610,2037
2022-02-10,Kings,031,150075,49964,48893,3495,52388,415
2022-02-10,Lake,033,64148,10110,9926,840,10766,123
2022-02-10,Lassen,035,31185,8581,8477,863,9340,55
2022-02-10,Los Angeles,037,10098052,2660780,2616426,121769,2738195,29364
2022-02-10,Madera,039,155013,36218,35710,5841,41551,330
2022-02-10,Marin,041,260295,32305,32048,2132,34180,255
2022-02-10,Mariposa,043,17540,2296,2286,188,2474,6
2022-02-10,Mendocino,045,87422,12622,12439,2808,15247,107
2022-02-10,Merced,047,269075,60594,60187,8186,68373,758
2022-02-10,Modoc,049,8938,710,697,232,929,6
2022-02-10,Mono,051,14174,2942,2939,118,3057,5
2022-02-10,Monterey,053,433212,76944,74842,12817,87659,672
2022-02-10,Napa,055,140530,24721,24530,915,25445,124
2022-02-10,Nevada,057,99092,15539,15499,1142,16641,119
2022-02-10,Orange,059,3164182,536493,534503,40348,574851,6305
2022-02-10,Placer,061,380077,61337,60636,7201,67837,554
2022-02-10,Plumas,063,18699,2890,2617,335,2952,13
2022-02-10,Riverside,065,2383286,581869,575566,27326,602892,5961
2022-02-10,Sacramento,067,1510023,273789,266347,26202,292549,2686
2022-02-10,San Benito,069,59416,12565,12526,500,13026,91
2022-02-10,San Bernardino,071,2135413,560115,548822,24615,573437,6360
2022-02-10,San Diego,073,3302833,734085,720287,50632,770919,4854
2022-02-10,San Francisco,075,870044,119221,119113,7998,127111,740
2022-02-10,San Joaquin,077,732212,162480,161234,9725,170959,2014
2022-02-10,San Luis Obispo,079,281455,50678,50064,3595,53659,416
2022-02-10,San Mateo,081,765935,117764,115235,6700,121935,589
2022-02-10,Santa Barbara,083,443738,83496,83390,4626,88016,631
2022-02-10,Santa Clara,085,1922200,299745,298176,11923,310099,2093
2022-02-10,Santa Cruz,087,273765,45373,44447,2070,46517,239
2022-02-10,Shasta,089,179085,29607,29370,5917,35287,473
2022-02-10,Sierra,091,2930,269,268,45,313,0
2022-02-10,Siskiyou,093,43540,4293,4231,2615,6846,68
2022-02-10,Solano,095,438530,78745,77865,5390,83255,424
2022-02-10,Sonoma,097,501317,80853,79533,2445,81978,431
2022-02-10,Stanislaus,099,539301,114749,114531,17034,131565,1406
2022-02-10,Sutter,101,95872,19946,19800,1969,21769,211
2022-02-10,Tehama,103,63373,11709,11580,2581,14161,151
2022-02-10,Trinity,105,12862,1147,1115,279,1394,20
2022-02-10,Tulare,107,460477,103918,100434,27486,127920,1273
2022-02-10,Tuolumne,109,53932,12262,11754,528,12282,125
2022-02-10,Ventura,111,848112,169638,168736,9181,177917,1340
2022-02-10,Yolo,113,214977,35779,34773,3051,37824,286
2022-02-10,Yuba,115,75493,15370,15242,1142,16384,107
2022-02-09,Alameda,001,1643700,246577,241141,13196,254337,1668
2022-02-09,Alpine,003,1148,120,124,1,125,0
2022-02-09,Amador,005,37829,8187,8069,615,8684,76
2022-02-09,Butte,007,227075,31958,31433,6392,37825,359
2022-02-09,Calaveras,009,45235,7066,7005,324,7329,106
2022-02-09,Colusa,011,21464,3367,3331,1047,4378,21
2022-02-09,Contra Costa,013,1133247,182537,179695,12493,192188,1132
2022-02-09,Del Norte,015,27424,5320,5204,165,5369,45
2022-02-09,El Dorado,017,186661,26056,25572,3123,28695,186
2022-02-09,Fresno,019,978130,223725,218989,23066,242055,2502
2022-02-09,Glenn,021,27897,4857,4804,1572,6376,39
2022-02-09,Humboldt,023,135768,16128,15929,2733,18662,131
2022-02-09,Imperial,025,180216,54060,53102,10383,63485,858
2022-02-09,Inyo,027,18085,4006,3989,447,4436,52
2022-02-09,Kern,029,883053,187363,184068,44856,228924,2021
2022-02-09,Kings,031,150075,49853,48718,3489,52207,410
2022-02-09,Lake,033,64148,10070,9880,835,10715,124
2022-02-09,Lassen,035,31185,8553,8459,862,9321,55
2022-02-09,Los Angeles,037,10098052,2657099,2611611,121633,2733244,29263
2022-02-09,Madera,039,155013,36120,35559,5808,41367,330
2022-02-09,Marin,041,260295,32255,31965,2125,34090,255
2022-02-09,Mariposa,043,17540,2293,2279,188,2467,6
2022-02-09,Mendocino,045,87422,12588,12378,2779,15157,107
2022-02-09,Merced,047,269075,60464,59952,8134,68086,755
2022-02-09,Modoc,049,8938,707,691,231,922,6
2022-02-09,Mono,051,14174,2940,2937,118,3055,5
2022-02-09,Monterey,053,433212,76744,74500,12726,87226,670
2022-02-09,Napa,055,140530,24676,24429,910,25339,123
2022-02-09,Nevada,057,99092,15519,15446,1140,16586,119
2022-02-09,Orange,059,3164182,535862,534316,40268,574584,6263
2022-02-09,Placer,061,380077,61240,60490,7181,67671,553
2022-02-09,Plumas,063,18699,2885,2609,331,2940,13
2022-02-09,Riverside,065,2383286,581130,573907,27279,601186,5911
2022-02-09,Sacramento,067,1510023,273217,265624,26083,291707,2673
2022-02-09,San Benito,069,59416,12541,12492,500,12992,91
2022-02-09,San Bernardino,071,2135413,559504,547768,24587,572355,6349
2022-02-09,San Diego,073,3302833,732714,717896,50524,768420,4832
2022-02-09,San Francisco,075,870044,118971,118550,7987,126537,731
2022-02-09,San Joaquin,077,732212,162177,160618,9715,170333,2014
2022-02-09,San Luis Obispo,079,281455,50533,49833,3590,53423,414
2022-02-09,San Mateo,081,765935,117575,114890,6659,121549,589
2022-02-09,Santa Barbara,083,443738,83317,82830,4620,87450,629
2022-02-09,Santa Clara,085,1922200,299024,297157,11865,309022,2090
2022-02-09,Santa Cruz,087,273765,45190,44200,2063,46263,239
2022-02-09,Shasta,089,179085,29537,29215,5896,35111,471
2022-02-09,Sierra,091,2930,268,268,44,312,0
2022-02-09,Siskiyou,093,43540,4279,4217,2609,6826,68
2022-02-09,Solano,095,438530,78554,77299,5378,82677,423
2022-02-09,Sonoma,097,501317,80681,79165,2438,81603,431
2022-02-09,Stanislaus,099,539301,114501,114039,16786,130825,1406
2022-02-09,Sutter,101,95872,19904,19758,1956,21714,207
2022-02-09,Tehama,103,63373,11682,11542,2577,14119,149
2022-02-09,Trinity,105,12862,1143,1110,278,1388,20
2022-02-09,Tulare,107,460477,103706,100049,27389,127438,1271
2022-02-09,Tuolumne,109,53932,12225,11702,525,12227,95
2022-02-09,Ventura,111,848112,169401,168253,9169,177422,1325
2022-02-09,Yolo,113,214977,35707,34588,3035,37623,285
2022-02-09,Yuba,115,75493,15339,15187,1130,16317,105
2022-02-08,Alameda,001,1643700,245943,240587,13122,253709,1651
2022-02-08,Alpine,003,1148,120,124,1,125,0
2022-02-08,Amador,005,37829,8179,8050,608,8658,76
2022-02-08,Butte,007,227075,31873,31353,6368,37721,359
2022-02-08,Calaveras,009,45235,7050,6981,322,7303,101
2022-02-08,Colusa,011,21464,3358,3320,1046,4366,21
2022-02-08,Contra Costa,013,1133247,182108,179078,12415,191493,1132
2022-02-08,Del Norte,015,27424,5294,5156,160,5316,44
2022-02-08,El Dorado,017,186661,26010,25446,3112,28558,186
2022-02-08,Fresno,019,978130,222985,218416,22960,241376,2502
2022-02-08,Glenn,021,27897,4840,4784,1568,6352,39
2022-02-08,Humboldt,023,135768,16068,15865,2700,18565,130
2022-02-08,Imperial,025,180216,53931,52977,10338,63315,855
2022-02-08,Inyo,027,18085,4001,3983,447,4430,52
2022-02-08,Kern,029,883053,187032,183519,44723,228242,2010
2022-02-08,Kings,031,150075,49691,48479,3477,51956,411
2022-02-08,Lake,033,64148,10040,9806,829,10635,125
2022-02-08,Lassen,035,31185,8544,8423,858,9281,55
2022-02-08,Los Angeles,037,10098052,2652783,2611204,121443,2732647,29259
2022-02-08,Madera,039,155013,36013,35381,5752,41133,330
2022-02-08,Marin,041,260295,32180,31878,2120,33998,255
2022-02-08,Mariposa,043,17540,2291,2266,180,2446,6
2022-02-08,Mendocino,045,87422,12555,12336,2748,15084,107
2022-02-08,Merced,047,269075,60356,59789,8075,67864,751
2022-02-08,Modoc,049,8938,703,684,231,915,6
2022-02-08,Mono,051,14174,2939,2932,118,3050,5
2022-02-08,Monterey,053,433212,76537,74316,12632,86948,670
2022-02-08,Napa,055,140530,24602,24346,903,25249,121
2022-02-08,Nevada,057,99092,15492,15383,1137,16520,117
2022-02-08,Orange,059,3164182,535177,533507,40180,573687,6205
2022-02-08,Placer,061,380077,61132,60301,7168,67469,553
2022-02-08,Plumas,063,18699,2874,2596,324,2920,13
2022-02-08,Riverside,065,2383286,580303,571892,27203,599095,5908
2022-02-08,Sacramento,067,1510023,272546,264479,25900,290379,2664
2022-02-08,San Benito,069,59416,12517,12434,498,12932,91
2022-02-08,San Bernardino,071,2135413,558815,544658,24542,569200,6335
2022-02-08,San Diego,073,3302833,731116,717896,50395,768291,4832
2022-02-08,San Francisco,075,870044,118659,117942,7978,125920,731
2022-02-08,San Joaquin,077,732212,161799,160147,9696,169843,2005
2022-02-08,San Luis Obispo,079,281455,50366,49556,3558,53114,410
2022-02-08,San Mateo,081,765935,117354,114541,6629,121170,589
2022-02-08,Santa Barbara,083,443738,83148,82461,4594,87055,627
2022-02-08,Santa Clara,085,1922200,298152,295679,11815,307494,2091
2022-02-08,Santa Cruz,087,273765,45038,43884,2058,45942,239
2022-02-08,Shasta,089,179085,29450,29084,5867,34951,470
2022-02-08,Sierra,091,2930,268,267,44,311,0
2022-02-08,Siskiyou,093,43540,4269,4191,2599,6790,68
2022-02-08,Solano,095,438530,78323,77031,5364,82395,421
2022-02-08,Sonoma,097,501317,80464,78798,2416,81214,431
2022-02-08,Stanislaus,099,539301,114247,113733,16710,130443,1406
2022-02-08,Sutter,101,95872,19866,19717,1944,21661,203
2022-02-08,Tehama,103,63373,11658,11491,2569,14060,149
2022-02-08,Trinity,105,12862,1137,1110,278,1388,20
2022-02-08,Tulare,107,460477,103420,99694,27253,126947,1267
2022-02-08,Tuolumne,109,53932,12203,11665,523,12188,92
2022-02-08,Ventura,111,848112,169166,167830,9153,176983,1325
2022-02-08,Yolo,113,214977,35625,34462,3021,37483,281
2022-02-08,Yuba,115,75493,15294,15126,1108,16234,107
2022-02-07,Alameda,001,1643700,245237,238678,13054,251732,1643
2022-02-07,Alpine,003,1148,120,124,1,125,0
2022-02-07,Amador,005,37829,8151,7980,600,8580,75
2022-02-07,Butte,007,227075,31786,31184,6342,37526,355
2022-02-07,Calaveras,009,45235,7028,6910,321,7231,100
2022-02-07,Colusa,011,21464,3348,3283,1040,4323,21
2022-02-07,Contra Costa,013,1133247,181650,177767,12343,190110,1130
2022-02-07,Del Norte,015,27424,5255,5093,155,5248,44
2022-02-07,El Dorado,017,186661,25948,25257,3100,28357,185
2022-02-07,Fresno,019,978130,222137,216495,22814,239309,2493
2022-02-07,Glenn,021,27897,4833,4762,1564,6326,39
2022-02-07,Humboldt,023,135768,15993,15764,2675,18439,129
2022-02-07,Imperial,025,180216,53819,52689,10269,62958,853
2022-02-07,Inyo,027,18085,3996,3976,441,4417,51
2022-02-07,Kern,029,883053,186561,182047,44552,226599,1998
2022-02-07,Kings,031,150075,49507,48147,3460,51607,403
2022-02-07,Lake,033,64148,9994,9519,821,10340,125
2022-02-07,Lassen,035,31185,8525,8362,852,9214,55
2022-02-07,Los Angeles,037,10098052,2648348,2607438,121231,2728669,29210
2022-02-07,Madera,039,155013,35888,35083,5702,40785,330
2022-02-07,Marin,041,260295,32114,31670,2109,33779,255
2022-02-07,Mariposa,043,17540,2286,2253,176,2429,6
2022-02-07,Mendocino,045,87422,12497,12237,2710,14947,107
2022-02-07,Merced,047,269075,60229,59472,7982,67454,748
2022-02-07,Modoc,049,8938,699,679,231,910,6
2022-02-07,Mono,051,14174,2937,2917,118,3035,5
2022-02-07,Monterey,053,433212,76285,69433,12523,81956,670
2022-02-07,Napa,055,140530,24516,23237,893,24130,120
2022-02-07,Nevada,057,99092,15458,15268,1131,16399,113
2022-02-07,Orange,059,3164182,534414,531442,40097,571539,6179
2022-02-07,Placer,061,380077,61008,59894,7153,67047,546
2022-02-07,Plumas,063,18699,2863,2573,315,2888,13
2022-02-07,Riverside,065,2383286,579363,568874,27116,595990,5868
2022-02-07,Sacramento,067,1510023,271869,262834,25708,288542,2631
2022-02-07,San Benito,069,59416,12479,12285,496,12781,90
2022-02-07,San Bernardino,071,2135413,558026,542846,24503,567349,6335
2022-02-07,San Diego,073,3302833,729374,716244,50212,766456,4811
2022-02-07,San Francisco,075,870044,118321,113945,7953,121898,727
2022-02-07,San Joaquin,077,732212,161418,159358,9676,169034,1998
2022-02-07,San Luis Obispo,079,281455,50198,48994,3537,52531,406
2022-02-07,San Mateo,081,765935,117070,107060,6600,113660,589
2022-02-07,Santa Barbara,083,443738,82961,81608,4579,86187,624
2022-02-07,Santa Clara,085,1922200,297203,293360,11767,305127,2085
2022-02-07,Santa Cruz,087,273765,44823,43244,2054,45298,239
2022-02-07,Shasta,089,179085,29361,28900,5840,34740,468
2022-02-07,Sierra,091,2930,268,265,44,309,0
2022-02-07,Siskiyou,093,43540,4258,4157,2583,6740,68
2022-02-07,Solano,095,438530,78066,73934,5338,79272,420
2022-02-07,Sonoma,097,501317,80207,78296,2405,80701,431
2022-02-07,Stanislaus,099,539301,113988,113029,16554,129583,1406
2022-02-07,Sutter,101,95872,19834,19599,1916,21515,203
2022-02-07,Tehama,103,63373,11617,11418,2561,13979,146
2022-02-07,Trinity,105,12862,1133,1109,275,1384,20
2022-02-07,Tulare,107,460477,103062,98774,27109,125883,1263
2022-02-07,Tuolumne,109,53932,12155,11578,519,12097,92
2022-02-07,Ventura,111,848112,168849,166904,9139,176043,1324
2022-02-07,Yolo,113,214977,35515,34007,3006,37013,281
2022-02-07,Yuba,115,75493,15248,14998,1101,16099,105
2022-02-06,Alameda,001,1643700,244331,237188,12970,250158,1643
2022-02-06,Alpine,003,1148,120,123,1,124,0
2022-02-06,Amador,005,37829,8122,7922,588,8510,73
2022-02-06,Butte,007,227075,31659,31021,6296,37317,355
2022-02-06,Calaveras,009,45235,7001,6870,316,7186,99
2022-02-06,Colusa,011,21464,3339,3282,1039,4321,21
2022-02-06,Contra Costa,013,1133247,181026,176863,12184,189047,1128
2022-02-06,Del Norte,015,27424,5199,5038,153,5191,44
2022-02-06,El Dorado,017,186661,25885,25165,3088,28253,185
2022-02-06,Fresno,019,978130,221296,214726,22553,237279,2489
2022-02-06,Glenn,021,27897,4820,4738,1554,6292,39
2022-02-06,Humboldt,023,135768,15906,15658,2635,18293,128
2022-02-06,Imperial,025,180216,53629,52396,10221,62617,853
2022-02-06,Inyo,027,18085,3994,3970,438,4408,51
2022-02-06,Kern,029,883053,186008,181188,44311,225499,1996
2022-02-06,Kings,031,150075,49285,47669,3434,51103,401
2022-02-06,Lake,033,64148,9926,9468,803,10271,125
2022-02-06,Lassen,035,31185,8506,8326,847,9173,55
2022-02-06,Los Angeles,037,10098052,2642825,2602620,120965,2723585,29180
2022-02-06,Madera,039,155013,35703,34901,5608,40509,330
2022-02-06,Marin,041,260295,32017,31488,2096,33584,255
2022-02-06,Mariposa,043,17540,2278,2244,165,2409,6
2022-02-06,Mendocino,045,87422,12454,12169,2640,14809,107
2022-02-06,Merced,047,269075,60010,59112,7820,66932,748
2022-02-06,Modoc,049,8938,694,675,230,905,6
2022-02-06,Mono,051,14174,2932,2901,116,3017,5
2022-02-06,Monterey,053,433212,75920,67912,12357,80269,670
2022-02-06,Napa,055,140530,24397,23230,885,24115,120
2022-02-06,Nevada,057,99092,15393,15192,1118,16310,113
2022-02-06,Orange,059,3164182,533463,527906,39995,567901,6171
2022-02-06,Placer,061,380077,60832,59507,7127,66634,544
2022-02-06,Plumas,063,18699,2849,2559,306,2865,13
2022-02-06,Riverside,065,2383286,578221,568276,27037,595313,5865
2022-02-06,Sacramento,067,1510023,270996,261353,25436,286789,2631
2022-02-06,San Benito,069,59416,12424,12186,488,12674,90
2022-02-06,San Bernardino,071,2135413,557060,541103,24432,565535,6334
2022-02-06,San Diego,073,3302833,727288,709938,49973,759911,4786
2022-02-06,San Francisco,075,870044,117939,113115,7926,121041,728
2022-02-06,San Joaquin,077,732212,160855,158510,9636,168146,1997
2022-02-06,San Luis Obispo,079,281455,49974,48843,3480,52323,405
2022-02-06,San Mateo,081,765935,116731,105556,6560,112116,587
2022-02-06,Santa Barbara,083,443738,82644,81118,4540,85658,623
2022-02-06,Santa Clara,085,1922200,296095,291732,11646,303378,2075
2022-02-06,Santa Cruz,087,273765,44509,42952,2039,44991,239
2022-02-06,Shasta,089,179085,29233,28762,5790,34552,468
2022-02-06,Sierra,091,2930,268,265,44,309,0
2022-02-06,Siskiyou,093,43540,4237,4118,2557,6675,68
2022-02-06,Solano,095,438530,77768,73475,5296,78771,419
2022-02-06,Sonoma,097,501317,79870,77887,2390,80277,431
2022-02-06,Stanislaus,099,539301,113589,112521,16407,128928,1406
2022-02-06,Sutter,101,95872,19790,19523,1873,21396,203
2022-02-06,Tehama,103,63373,11577,11366,2541,13907,146
2022-02-06,Trinity,105,12862,1132,1102,274,1376,20
2022-02-06,Tulare,107,460477,102624,98260,26904,125164,1262
2022-02-06,Tuolumne,109,53932,12104,11507,502,12009,92
2022-02-06,Ventura,111,848112,168473,166235,9128,175363,1323
2022-02-06,Yolo,113,214977,35375,33784,2990,36774,281
2022-02-06,Yuba,115,75493,15201,14917,1092,16009,104
2022-02-05,Alameda,001,1643700,243921,235698,12961,248659,1638
2022-02-05,Alpine,003,1148,120,124,1,125,0
2022-02-05,Amador,005,37829,8113,7855,585,8440,71
2022-02-05,Butte,007,227075,31606,30733,6282,37015,355
2022-02-05,Calaveras,009,45235,6985,6789,316,7105,99
2022-02-05,Colusa,011,21464,3332,3234,1037,4271,21
2022-02-05,Contra Costa,013,1133247,180757,175871,12168,188039,1115
2022-02-05,Del Norte,015,27424,5159,4978,151,5129,44
2022-02-05,El Dorado,017,186661,25855,24813,3086,27899,185
2022-02-05,Fresno,019,978130,220953,213539,22531,236070,2477
2022-02-05,Glenn,021,27897,4818,4691,1547,6238,39
2022-02-05,Humboldt,023,135768,15859,15514,2631,18145,127
2022-02-05,Imperial,025,180216,53568,52153,10208,62361,853
2022-02-05,Inyo,027,18085,3991,3948,438,4386,51
2022-02-05,Kern,029,883053,185800,180296,44206,224502,1987
2022-02-05,Kings,031,150075,49201,47538,3427,50965,402
2022-02-05,Lake,033,64148,9907,9289,796,10085,124
2022-02-05,Lassen,035,31185,8495,8288,845,9133,55
2022-02-05,Los Angeles,037,10098052,2640644,2572702,120838,2693540,28947
2022-02-05,Madera,039,155013,35650,34471,5596,40067,329
2022-02-05,Marin,041,260295,31970,31299,2092,33391,255
2022-02-05,Mariposa,043,17540,2277,2222,164,2386,6
2022-02-05,Mendocino,045,87422,12426,12066,2638,14704,107
2022-02-05,Merced,047,269075,59917,58908,7812,66720,744
2022-02-05,Modoc,049,8938,693,664,230,894,6
2022-02-05,Mono,051,14174,2931,2904,116,3020,5
2022-02-05,Monterey,053,433212,75804,67342,12313,79655,666
2022-02-05,Napa,055,140530,24342,22973,884,23857,118
2022-02-05,Nevada,057,99092,15372,15002,1113,16115,113
2022-02-05,Orange,059,3164182,533022,527516,39904,567420,6134
2022-02-05,Placer,061,380077,60707,59043,7113,66156,533
2022-02-05,Plumas,063,18699,2848,2550,305,2855,13
2022-02-05,Riverside,065,2383286,577622,563991,26966,590957,5827
2022-02-05,Sacramento,067,1510023,270599,259437,25398,284835,2610
2022-02-05,San Benito,069,59416,12379,12142,488,12630,90
2022-02-05,San Bernardino,071,2135413,556557,539312,24410,563722,6322
2022-02-05,San Diego,073,3302833,726419,703957,49900,753857,4735
2022-02-05,San Francisco,075,870044,117730,112481,7897,120378,720
2022-02-05,San Joaquin,077,732212,160669,157420,9625,167045,1989
2022-02-05,San Luis Obispo,079,281455,49937,48361,3478,51839,404
2022-02-05,San Mateo,081,765935,116544,104810,6552,111362,587
2022-02-05,Santa Barbara,083,443738,82482,80478,4528,85006,617
2022-02-05,Santa Clara,085,1922200,295443,289262,11630,300892,2067
2022-02-05,Santa Cruz,087,273765,44436,42553,2036,44589,239
2022-02-05,Shasta,089,179085,29191,28604,5780,34384,466
2022-02-05,Sierra,091,2930,268,262,44,306,0
2022-02-05,Siskiyou,093,43540,4230,4106,2544,6650,67
2022-02-05,Solano,095,438530,77693,73112,5288,78400,415
2022-02-05,Sonoma,097,501317,79706,77213,2386,79599,431
2022-02-05,Stanislaus,099,539301,113389,111783,16387,128170,1406
2022-02-05,Sutter,101,95872,19761,19406,1867,21273,203
2022-02-05,Tehama,103,63373,11558,11259,2534,13793,146
2022-02-05,Trinity,105,12862,1130,1085,274,1359,20
2022-02-05,Tulare,107,460477,102459,97414,26821,124235,1254
2022-02-05,Tuolumne,109,53932,12079,11409,499,11908,91
2022-02-05,Ventura,111,848112,168249,165532,9112,174644,1308
2022-02-05,Yolo,113,214977,35290,33614,2976,36590,281
2022-02-05,Yuba,115,75493,15171,14801,1084,15885,105
2022-02-04,Alameda,001,1643700,243436,235698,12951,248649,1638
2022-02-04,Alpine,003,1148,120,124,1,125,0
2022-02-04,Amador,005,37829,8097,7855,581,8436,71
2022-02-04,Butte,007,227075,31546,30733,6271,37004,355
2022-02-04,Calaveras,009,45235,6975,6789,314,7103,99
2022-02-04,Colusa,011,21464,3327,3234,1035,4269,21
2022-02-04,Contra Costa,013,1133247,180433,175871,12139,188010,1115
2022-02-04,Del Norte,015,27424,5139,4978,151,5129,44
2022-02-04,El Dorado,017,186661,25819,24813,3081,27894,185
2022-02-04,Fresno,019,978130,220473,213539,22498,236037,2477
2022-02-04,Glenn,021,27897,4809,4691,1544,6235,39
2022-02-04,Humboldt,023,135768,15834,15514,2628,18142,127
2022-02-04,Imperial,025,180216,53494,52153,10191,62344,853
2022-02-04,Inyo,027,18085,3988,3948,437,4385,51
2022-02-04,Kern,029,883053,185575,180296,44078,224374,1987
2022-02-04,Kings,031,150075,49125,47538,3420,50958,402
2022-02-04,Lake,033,64148,9885,9289,793,10082,124
2022-02-04,Lassen,035,31185,8472,8288,845,9133,55
2022-02-04,Los Angeles,037,10098052,2638011,2572702,120709,2693411,28947
2022-02-04,Madera,039,155013,35566,34471,5588,40059,329
2022-02-04,Marin,041,260295,31905,31299,2083,33382,255
2022-02-04,Mariposa,043,17540,2275,2222,162,2384,6
2022-02-04,Mendocino,045,87422,12395,12066,2636,14702,107
2022-02-04,Merced,047,269075,59838,58908,7802,66710,744
2022-02-04,Modoc,049,8938,693,664,230,894,6
2022-02-04,Mono,051,14174,2929,2904,116,3020,5
2022-02-04,Monterey,053,433212,75613,67342,12270,79612,666
2022-02-04,Napa,055,140530,24295,22973,880,23853,118
2022-02-04,Nevada,057,99092,15338,15002,1109,16111,113
2022-02-04,Orange,059,3164182,532472,527516,39847,567363,6134
2022-02-04,Placer,061,380077,60605,59043,7102,66145,533
2022-02-04,Plumas,063,18699,2842,2550,304,2854,13
2022-02-04,Riverside,065,2383286,576915,563991,26953,590944,5827
2022-02-04,Sacramento,067,1510023,270100,259437,25375,284812,2610
2022-02-04,San Benito,069,59416,12360,12142,486,12628,90
2022-02-04,San Bernardino,071,2135413,555982,539312,24388,563700,6322
2022-02-04,San Diego,073,3302833,725284,703957,49826,753783,4735
2022-02-04,San Francisco,075,870044,117487,112481,7872,120353,720
2022-02-04,San Joaquin,077,732212,160440,157420,9613,167033,1989
2022-02-04,San Luis Obispo,079,281455,49876,48361,3471,51832,404
2022-02-04,San Mateo,081,765935,116316,104810,6538,111348,587
2022-02-04,Santa Barbara,083,443738,82332,80478,4527,85005,617
2022-02-04,Santa Clara,085,1922200,294774,289262,11609,300871,2067
2022-02-04,Santa Cruz,087,273765,44231,42553,2032,44585,239
2022-02-04,Shasta,089,179085,29142,28604,5769,34373,466
2022-02-04,Sierra,091,2930,268,262,44,306,0
2022-02-04,Siskiyou,093,43540,4222,4106,2537,6643,67
2022-02-04,Solano,095,438530,77501,73112,5252,78364,415
2022-02-04,Sonoma,097,501317,79549,77213,2305,79518,431
2022-02-04,Stanislaus,099,539301,113205,111783,16360,128143,1406
2022-02-04,Sutter,101,95872,19737,19406,1860,21266,203
2022-02-04,Tehama,103,63373,11543,11259,2533,13792,146
2022-02-04,Trinity,105,12862,1129,1085,273,1358,20
2022-02-04,Tulare,107,460477,102274,97414,26738,124152,1254
2022-02-04,Tuolumne,109,53932,12066,11409,498,11907,91
2022-02-04,Ventura,111,848112,167980,165532,9104,174636,1308
2022-02-04,Yolo,113,214977,35196,33614,2969,36583,281
2022-02-04,Yuba,115,75493,15153,14801,1084,15885,105
2022-02-03,Alameda,001,1643700,242667,235698,12888,248586,1638
2022-02-03,Alpine,003,1148,120,124,1,125,0
2022-02-03,Amador,005,37829,8077,7855,576,8431,71
2022-02-03,Butte,007,227075,31437,30733,6243,36976,355
2022-02-03,Calaveras,009,45235,6944,6789,310,7099,99
2022-02-03,Colusa,011,21464,3314,3234,1033,4267,21
2022-02-03,Contra Costa,013,1133247,179837,175871,12038,187909,1115
2022-02-03,Del Norte,015,27424,5098,4978,148,5126,44
2022-02-03,El Dorado,017,186661,25746,24813,3075,27888,185
2022-02-03,Fresno,019,978130,219541,213539,22327,235866,2477
2022-02-03,Glenn,021,27897,4792,4691,1526,6217,39
2022-02-03,Humboldt,023,135768,15757,15514,2592,18106,127
2022-02-03,Imperial,025,180216,53352,52153,10140,62293,853
2022-02-03,Inyo,027,18085,3985,3948,433,4381,51
2022-02-03,Kern,029,883053,185111,180296,43862,224158,1987
2022-02-03,Kings,031,150075,48965,47538,3412,50950,402
2022-02-03,Lake,033,64148,9831,9289,787,10076,124
2022-02-03,Lassen,035,31185,8445,8288,844,9132,55
2022-02-03,Los Angeles,037,10098052,2632578,2572702,120441,2693143,28947
2022-02-03,Madera,039,155013,35427,34471,5542,40013,329
2022-02-03,Marin,041,260295,31809,31299,2078,33377,255
2022-02-03,Mariposa,043,17540,2263,2222,159,2381,6
2022-02-03,Mendocino,045,87422,12351,12066,2612,14678,107
2022-02-03,Merced,047,269075,59690,58908,7706,66614,744
2022-02-03,Modoc,049,8938,690,664,230,894,6
2022-02-03,Mono,051,14174,2924,2904,115,3019,5
2022-02-03,Monterey,053,433212,75326,67342,12071,79413,666
2022-02-03,Napa,055,140530,24162,22973,880,23853,118
2022-02-03,Nevada,057,99092,15297,15002,1098,16100,113
2022-02-03,Orange,059,3164182,531548,527516,39754,567270,6134
2022-02-03,Placer,061,380077,60403,59043,7079,66122,533
2022-02-03,Plumas,063,18699,2828,2550,300,2850,13
2022-02-03,Riverside,065,2383286,575717,563991,26881,590872,5827
2022-02-03,Sacramento,067,1510023,269147,259437,25181,284618,2610
2022-02-03,San Benito,069,59416,12333,12142,483,12625,90
2022-02-03,San Bernardino,071,2135413,554968,539312,24348,563660,6322
2022-02-03,San Diego,073,3302833,723273,703957,49664,753621,4735
2022-02-03,San Francisco,075,870044,117152,112481,7841,120322,720
2022-02-03,San Joaquin,077,732212,159958,157420,9584,167004,1989
2022-02-03,San Luis Obispo,079,281455,49677,48361,3454,51815,404
2022-02-03,San Mateo,081,765935,115964,104810,6504,111314,587
2022-02-03,Santa Barbara,083,443738,81974,80478,4498,84976,617
2022-02-03,Santa Clara,085,1922200,293610,289262,11498,300760,2067
2022-02-03,Santa Cruz,087,273765,43890,42553,2025,44578,239
2022-02-03,Shasta,089,179085,29035,28604,5741,34345,466
2022-02-03,Sierra,091,2930,268,262,44,306,0
2022-02-03,Siskiyou,093,43540,4207,4106,2520,6626,67
2022-02-03,Solano,095,438530,77172,73112,5234,78346,415
2022-02-03,Sonoma,097,501317,79253,77213,2298,79511,431
2022-02-03,Stanislaus,099,539301,112835,111783,16273,128056,1406
2022-02-03,Sutter,101,95872,19685,19406,1841,21247,203
2022-02-03,Tehama,103,63373,11512,11259,2525,13784,146
2022-02-03,Trinity,105,12862,1127,1085,272,1357,20
2022-02-03,Tulare,107,460477,101864,97414,26591,124005,1254
2022-02-03,Tuolumne,109,53932,12025,11409,486,11895,91
2022-02-03,Ventura,111,848112,167595,165532,9094,174626,1308
2022-02-03,Yolo,113,214977,35086,33614,2956,36570,281
2022-02-03,Yuba,115,75493,15102,14801,1068,15869,105
2022-02-02,Alameda,001,1643700,241723,234300,12784,247084,1632
2022-02-02,Alpine,003,1148,120,123,1,124,0
2022-02-02,Amador,005,37829,8047,7781,566,8347,71
2022-02-02,Butte,007,227075,31328,30550,6212,36762,355
2022-02-02,Calaveras,009,45235,6915,6753,306,7059,99
2022-02-02,Colusa,011,21464,3299,3211,1032,4243,21
2022-02-02,Contra Costa,013,1133247,179247,174876,11941,186817,1113
2022-02-02,Del Norte,015,27424,5058,4924,143,5067,44
2022-02-02,El Dorado,017,186661,25679,24690,3056,27746,185
2022-02-02,Fresno,019,978130,218526,211976,22194,234170,2463
2022-02-02,Glenn,021,27897,4768,4667,1516,6183,39
2022-02-02,Humboldt,023,135768,15696,15392,2553,17945,127
2022-02-02,Imperial,025,180216,53155,51875,10012,61887,853
2022-02-02,Inyo,027,18085,3979,3944,432,4376,51
2022-02-02,Kern,029,883053,184514,179386,43643,223029,1974
2022-02-02,Kings,031,150075,48776,47061,3386,50447,401
2022-02-02,Lake,033,64148,9773,9235,780,10015,120
2022-02-02,Lassen,035,31185,8427,8258,835,9093,55
2022-02-02,Los Angeles,037,10098052,2626359,2561902,120051,2681953,28850
2022-02-02,Madera,039,155013,35257,34265,5468,39733,329
2022-02-02,Marin,041,260295,31709,31149,2068,33217,255
2022-02-02,Mariposa,043,17540,2252,2215,155,2370,6
2022-02-02,Mendocino,045,87422,12298,11996,2572,14568,105
2022-02-02,Merced,047,269075,59517,58532,7619,66151,744
2022-02-02,Modoc,049,8938,684,662,230,892,6
2022-02-02,Mono,051,14174,2913,2887,115,3002,5
2022-02-02,Monterey,053,433212,74935,66852,11883,78735,666
2022-02-02,Napa,055,140530,24041,22859,867,23726,117
2022-02-02,Nevada,057,99092,15239,14895,1074,15969,112
2022-02-02,Orange,059,3164182,530492,524418,39660,564078,6127
2022-02-02,Placer,061,380077,60209,58654,7048,65702,533
2022-02-02,Plumas,063,18699,2812,2540,296,2836,12
2022-02-02,Riverside,065,2383286,574431,561220,26833,588053,5827
2022-02-02,Sacramento,067,1510023,268136,258078,24967,283045,2602
2022-02-02,San Benito,069,59416,12294,12058,479,12537,90
2022-02-02,San Bernardino,071,2135413,553958,537485,24282,561767,6317
2022-02-02,San Diego,073,3302833,721033,703957,49484,753441,4735
2022-02-02,San Francisco,075,870044,116783,112008,7825,119833,714
2022-02-02,San Joaquin,077,732212,159383,156537,9560,166097,1986
2022-02-02,San Luis Obispo,079,281455,49479,48119,3441,51560,403
2022-02-02,San Mateo,081,765935,115592,104201,6436,110637,587
2022-02-02,Santa Barbara,083,443738,81631,79979,4467,84446,612
2022-02-02,Santa Clara,085,1922200,292464,287443,11383,298826,2051
2022-02-02,Santa Cruz,087,273765,43600,42127,2014,44141,239
2022-02-02,Shasta,089,179085,28935,28429,5696,34125,465
2022-02-02,Sierra,091,2930,268,262,44,306,0
2022-02-02,Siskiyou,093,43540,4197,4078,2493,6571,67
2022-02-02,Solano,095,438530,76818,72711,5210,77921,414
2022-02-02,Sonoma,097,501317,78942,76681,2285,78966,431
2022-02-02,Stanislaus,099,539301,112438,111167,16140,127307,1403
2022-02-02,Sutter,101,95872,19622,19290,1812,21102,203
2022-02-02,Tehama,103,63373,11456,11193,2506,13699,146
2022-02-02,Trinity,105,12862,1124,1074,270,1344,20
2022-02-02,Tulare,107,460477,101472,96820,26417,123237,1249
2022-02-02,Tuolumne,109,53932,11949,11342,483,11825,91
2022-02-02,Ventura,111,848112,167196,164905,9075,173980,1292
2022-02-02,Yolo,113,214977,34965,33332,2933,36265,281
2022-02-02,Yuba,115,75493,15037,14720,1060,15780,104
2022-02-01,Alameda,001,1643700,240645,233782,12678,246460,1620
2022-02-01,Alpine,003,1148,120,123,1,124,0
2022-02-01,Amador,005,37829,8001,7783,560,8343,73
2022-02-01,Butte,007,227075,31189,30496,6173,36669,355
2022-02-01,Calaveras,009,45235,6878,6749,302,7051,98
2022-02-01,Colusa,011,21464,3281,3202,1010,4212,21
2022-02-01,Contra Costa,013,1133247,178519,174379,11799,186178,1115
2022-02-01,Del Norte,015,27424,5011,4907,140,5047,44
2022-02-01,El Dorado,017,186661,25620,24664,3039,27703,184
2022-02-01,Fresno,019,978130,217360,211352,22030,233382,2464
2022-02-01,Glenn,021,27897,4754,4649,1506,6155,39
2022-02-01,Humboldt,023,135768,15615,15354,2523,17877,127
2022-02-01,Imperial,025,180216,52940,51675,9945,61620,846
2022-02-01,Inyo,027,18085,3969,3928,429,4357,51
2022-02-01,Kern,029,883053,183870,178987,43396,222383,1967
2022-02-01,Kings,031,150075,48518,46959,3362,50321,400
2022-02-01,Lake,033,64148,9716,9211,773,9984,119
2022-02-01,Lassen,035,31185,8408,8231,830,9061,55
2022-02-01,Los Angeles,037,10098052,2619179,2548794,119671,2668465,28752
2022-02-01,Madera,039,155013,35034,34124,5387,39511,329
2022-02-01,Marin,041,260295,31587,31099,2052,33151,255
2022-02-01,Mariposa,043,17540,2245,2210,154,2364,6
2022-02-01,Mendocino,045,87422,12236,11978,2535,14513,105
2022-02-01,Merced,047,269075,59332,58362,7494,65856,743
2022-02-01,Modoc,049,8938,677,664,230,894,6
2022-02-01,Mono,051,14174,2907,2888,115,3003,5
2022-02-01,Monterey,053,433212,74514,66553,11681,78234,665
2022-02-01,Napa,055,140530,23943,22795,850,23645,116
2022-02-01,Nevada,057,99092,15176,14863,1061,15924,112
2022-02-01,Orange,059,3164182,529340,523741,39516,563257,6108
2022-02-01,Placer,061,380077,59965,58486,7008,65494,532
2022-02-01,Plumas,063,18699,2797,2526,293,2819,12
2022-02-01,Riverside,065,2383286,573044,560010,26784,586794,5825
2022-02-01,Sacramento,067,1510023,267085,257504,24689,282193,2593
2022-02-01,San Benito,069,59416,12228,12053,476,12529,90
2022-02-01,San Bernardino,071,2135413,552705,536591,24216,560807,6311
2022-02-01,San Diego,073,3302833,718513,701009,49266,750275,4710
2022-02-01,San Francisco,075,870044,116316,111606,7806,119412,713
2022-02-01,San Joaquin,077,732212,158852,156300,9537,165837,1987
2022-02-01,San Luis Obispo,079,281455,49249,47842,3379,51221,403
2022-02-01,San Mateo,081,765935,115123,103868,6394,110262,589
2022-02-01,Santa Barbara,083,443738,81186,79659,4431,84090,608
2022-02-01,Santa Clara,085,1922200,290943,286109,11277,297386,2070
2022-02-01,Santa Cruz,087,273765,43301,41782,1998,43780,239
2022-02-01,Shasta,089,179085,28810,28382,5643,34025,465
2022-02-01,Sierra,091,2930,266,262,44,306,0
2022-02-01,Siskiyou,093,43540,4183,4072,2466,6538,66
2022-02-01,Solano,095,438530,76545,72494,5194,77688,415
2022-02-01,Sonoma,097,501317,78582,76379,2261,78640,431
2022-02-01,Stanislaus,099,539301,112022,110925,16036,126961,1403
2022-02-01,Sutter,101,95872,19554,19256,1779,21035,202
2022-02-01,Tehama,103,63373,11399,11165,2492,13657,146
2022-02-01,Trinity,105,12862,1120,1073,270,1343,19
2022-02-01,Tulare,107,460477,100980,96467,26195,122662,1247
2022-02-01,Tuolumne,109,53932,11898,11318,474,11792,91
2022-02-01,Ventura,111,848112,166691,164721,9052,173773,1293
2022-02-01,Yolo,113,214977,34816,33257,2904,36161,275
2022-02-01,Yuba,115,75493,14976,14693,1053,15746,103
2022-01-31,Alameda,001,1643700,239302,232743,12559,245302,1607
2022-01-31,Alpine,003,1148,119,123,1,124,0
2022-01-31,Amador,005,37829,7947,7682,543,8225,73
2022-01-31,Butte,007,227075,31027,30371,6134,36505,354
2022-01-31,Calaveras,009,45235,6846,6700,291,6991,96
2022-01-31,Colusa,011,21464,3270,3187,1001,4188,21
2022-01-31,Contra Costa,013,1133247,177719,173466,11671,185137,1115
2022-01-31,Del Norte,015,27424,4978,4879,136,5015,43
2022-01-31,El Dorado,017,186661,25517,24545,3009,27554,184
2022-01-31,Fresno,019,978130,215874,210589,21824,232413,2464
2022-01-31,Glenn,021,27897,4718,4641,1494,6135,39
2022-01-31,Humboldt,023,135768,15527,15308,2490,17798,126
2022-01-31,Imperial,025,180216,52725,51472,9829,61301,846
2022-01-31,Inyo,027,18085,3958,3922,423,4345,50
2022-01-31,Kern,029,883053,183090,178375,43069,221444,1967
2022-01-31,Kings,031,150075,48162,46845,3328,50173,398
2022-01-31,Lake,033,64148,9643,9141,761,9902,119
2022-01-31,Lassen,035,31185,8379,8162,824,8986,55
2022-01-31,Los Angeles,037,10098052,2610929,2541189,119263,2660452,28718
2022-01-31,Madera,039,155013,34823,33886,5291,39177,329
2022-01-31,Marin,041,260295,31462,31023,2035,33058,253
2022-01-31,Mariposa,043,17540,2235,2203,145,2348,6
2022-01-31,Mendocino,045,87422,12170,11896,2492,14388,104
2022-01-31,Merced,047,269075,59054,58198,7302,65500,740
2022-01-31,Modoc,049,8938,674,661,230,891,6
2022-01-31,Mono,051,14174,2893,2889,115,3004,5
2022-01-31,Monterey,053,433212,74064,66117,11459,77576,661
2022-01-31,Napa,055,140530,23776,22707,833,23540,113
2022-01-31,Nevada,057,99092,15099,14813,1048,15861,112
2022-01-31,Orange,059,3164182,528016,522358,39380,561738,6098
2022-01-31,Placer,061,380077,59719,58252,6975,65227,523
2022-01-31,Plumas,063,18699,2784,2513,291,2804,12
2022-01-31,Riverside,065,2383286,571230,558166,26717,584883,5785
2022-01-31,Sacramento,067,1510023,265789,256594,24427,281021,2571
2022-01-31,San Benito,069,59416,12169,11976,475,12451,90
2022-01-31,San Bernardino,071,2135413,551076,535276,24128,559404,6302
2022-01-31,San Diego,073,3302833,715586,698571,49007,747578,4686
2022-01-31,San Francisco,075,870044,115906,111119,7772,118891,712
2022-01-31,San Joaquin,077,732212,158093,155736,9504,165240,1985
2022-01-31,San Luis Obispo,079,281455,48995,47656,3320,50976,395
2022-01-31,San Mateo,081,765935,114610,103313,6334,109647,589
2022-01-31,Santa Barbara,083,443738,80679,79267,4389,83656,606
2022-01-31,Santa Clara,085,1922200,289273,284562,11169,295731,2041
2022-01-31,Santa Cruz,087,273765,42922,41630,1991,43621,239
2022-01-31,Shasta,089,179085,28681,28190,5602,33792,462
2022-01-31,Sierra,091,2930,266,261,44,305,0
2022-01-31,Siskiyou,093,43540,4167,4054,2450,6504,66
2022-01-31,Solano,095,438530,75839,72258,5148,77406,414
2022-01-31,Sonoma,097,501317,78126,76199,2231,78430,431
2022-01-31,Stanislaus,099,539301,111492,110493,15865,126358,1403
2022-01-31,Sutter,101,95872,19474,19189,1726,20915,202
2022-01-31,Tehama,103,63373,11337,11112,2462,13574,145
2022-01-31,Trinity,105,12862,1115,1071,267,1338,19
2022-01-31,Tulare,107,460477,100337,96053,25939,121992,1245
2022-01-31,Tuolumne,109,53932,11806,11278,467,11745,91
2022-01-31,Ventura,111,848112,166155,164060,9028,173088,1286
2022-01-31,Yolo,113,214977,34657,33175,2879,36054,274
2022-01-31,Yuba,115,75493,14914,14652,1033,15685,103
2022-01-30,Alameda,001,1643700,237765,231838,12407,244245,1607
2022-01-30,Alpine,003,1148,119,123,1,124,0
2022-01-30,Amador,005,37829,7896,7644,519,8163,73
2022-01-30,Butte,007,227075,30826,30255,6069,36324,354
2022-01-30,Calaveras,009,45235,6792,6676,277,6953,96
2022-01-30,Colusa,011,21464,3249,3168,989,4157,21
2022-01-30,Contra Costa,013,1133247,176768,172902,11466,184368,1102
2022-01-30,Del Norte,015,27424,4937,4833,133,4966,43
2022-01-30,El Dorado,017,186661,25396,24491,2982,27473,184
2022-01-30,Fresno,019,978130,214310,209645,21562,231207,2463
2022-01-30,Glenn,021,27897,4687,4619,1484,6103,39
2022-01-30,Humboldt,023,135768,15414,15247,2433,17680,126
2022-01-30,Imperial,025,180216,52401,51415,9654,61069,846
2022-01-30,Inyo,027,18085,3941,3921,420,4341,50
2022-01-30,Kern,029,883053,182224,177924,42744,220668,1967
2022-01-30,Kings,031,150075,47809,46654,3269,49923,398
2022-01-30,Lake,033,64148,9554,9080,740,9820,119
2022-01-30,Lassen,035,31185,8357,8158,816,8974,55
2022-01-30,Los Angeles,037,10098052,2600784,2530739,118781,2649520,28678
2022-01-30,Madera,039,155013,34524,33752,5103,38855,329
2022-01-30,Marin,041,260295,31315,30875,2021,32896,253
2022-01-30,Mariposa,043,17540,2223,2177,139,2316,6
2022-01-30,Mendocino,045,87422,12097,11860,2386,14246,104
2022-01-30,Merced,047,269075,58688,58006,7007,65013,740
2022-01-30,Modoc,049,8938,671,661,230,891,6
2022-01-30,Mono,051,14174,2887,2888,115,3003,5
2022-01-30,Monterey,053,433212,73477,65996,11173,77169,661
2022-01-30,Napa,055,140530,23608,22588,816,23404,114
2022-01-30,Nevada,057,99092,15010,14741,1032,15773,112
2022-01-30,Orange,059,3164182,526381,521334,39232,560566,6098
2022-01-30,Placer,061,380077,59383,58030,6934,64964,523
2022-01-30,Plumas,063,18699,2759,2510,277,2787,12
2022-01-30,Riverside,065,2383286,569169,557088,26615,583703,5767
2022-01-30,Sacramento,067,1510023,264329,255715,23921,279636,2572
2022-01-30,San Benito,069,59416,12103,11945,470,12415,90
2022-01-30,San Bernardino,071,2135413,549342,534050,24018,558068,6302
2022-01-30,San Diego,073,3302833,712000,687145,48584,735729,4665
2022-01-30,San Francisco,075,870044,115358,110772,7737,118509,712
2022-01-30,San Joaquin,077,732212,157105,155165,9469,164634,1985
2022-01-30,San Luis Obispo,079,281455,48597,47599,3282,50881,394
2022-01-30,San Mateo,081,765935,114037,102979,6287,109266,589
2022-01-30,Santa Barbara,083,443738,80001,79072,4328,83400,606
2022-01-30,Santa Clara,085,1922200,287308,282846,11038,293884,2035
2022-01-30,Santa Cruz,087,273765,42462,41330,1981,43311,239
2022-01-30,Shasta,089,179085,28517,28105,5516,33621,462
2022-01-30,Sierra,091,2930,266,261,44,305,0
2022-01-30,Siskiyou,093,43540,4137,4039,2403,6442,66
2022-01-30,Solano,095,438530,75315,71857,5101,76958,414
2022-01-30,Sonoma,097,501317,77609,75890,2203,78093,431
2022-01-30,Stanislaus,099,539301,110836,110111,15663,125774,1403
2022-01-30,Sutter,101,95872,19381,19108,1629,20737,202
2022-01-30,Tehama,103,63373,11264,11071,2432,13503,145
2022-01-30,Trinity,105,12862,1109,1068,267,1335,19
2022-01-30,Tulare,107,460477,99588,95676,25645,121321,1245
2022-01-30,Tuolumne,109,53932,11699,11242,430,11672,91
2022-01-30,Ventura,111,848112,165573,163521,8998,172519,1286
2022-01-30,Yolo,113,214977,34439,33043,2846,35889,274
2022-01-30,Yuba,115,75493,14824,14584,1013,15597,103
2022-01-29,Alameda,001,1643700,237092,225602,12390,237992,1605
2022-01-29,Alpine,003,1148,119,123,1,124,0
2022-01-29,Amador,005,37829,7874,7505,516,8021,73
2022-01-29,Butte,007,227075,30741,29557,6045,35602,353
2022-01-29,Calaveras,009,45235,6773,6484,277,6761,96
2022-01-29,Colusa,011,21464,3243,3107,985,4092,21
2022-01-29,Contra Costa,013,1133247,176247,168003,11436,179439,1101
2022-01-29,Del Norte,015,27424,4919,4589,130,4719,43
2022-01-29,El Dorado,017,186661,25354,24008,2975,26983,184
2022-01-29,Fresno,019,978130,213852,202691,21520,224211,2457
2022-01-29,Glenn,021,27897,4680,4516,1477,5993,39
2022-01-29,Humboldt,023,135768,15367,14812,2426,17238,126
2022-01-29,Imperial,025,180216,52286,50153,9598,59751,845
2022-01-29,Inyo,027,18085,3939,3895,412,4307,50
2022-01-29,Kern,029,883053,181883,174456,42577,217033,1962
2022-01-29,Kings,031,150075,47691,45047,3262,48309,397
2022-01-29,Lake,033,64148,9521,8747,736,9483,119
2022-01-29,Lassen,035,31185,8339,7961,813,8774,55
2022-01-29,Los Angeles,037,10098052,2596867,2473332,118511,2591843,28467
2022-01-29,Madera,039,155013,34415,32753,5073,37826,329
2022-01-29,Marin,041,260295,31249,30137,2019,32156,253
2022-01-29,Mariposa,043,17540,2221,2117,137,2254,6
2022-01-29,Mendocino,045,87422,12073,11591,2370,13961,104
2022-01-29,Merced,047,269075,58582,56472,7002,63474,735
2022-01-29,Modoc,049,8938,671,654,230,884,6
2022-01-29,Mono,051,14174,2885,2860,115,2975,5
2022-01-29,Monterey,053,433212,73322,64090,11108,75198,658
2022-01-29,Napa,055,140530,23551,22121,814,22935,113
2022-01-29,Nevada,057,99092,14976,14337,1029,15366,112
2022-01-29,Orange,059,3164182,525676,511255,39125,550380,6038
2022-01-29,Placer,061,380077,59189,56562,6918,63480,523
2022-01-29,Plumas,063,18699,2749,2463,273,2736,12
2022-01-29,Riverside,065,2383286,568146,548121,26573,574694,5726
2022-01-29,Sacramento,067,1510023,263685,249130,23874,273004,2558
2022-01-29,San Benito,069,59416,12046,11670,469,12139,90
2022-01-29,San Bernardino,071,2135413,548595,525249,23973,549222,6297
2022-01-29,San Diego,073,3302833,710671,683027,48486,731513,4643
2022-01-29,San Francisco,075,870044,115083,108265,7689,115954,712
2022-01-29,San Joaquin,077,732212,156860,150849,9447,160296,1971
2022-01-29,San Luis Obispo,079,281455,48508,46374,3278,49652,391
2022-01-29,San Mateo,081,765935,113700,100306,6264,106570,586
2022-01-29,Santa Barbara,083,443738,79779,76546,4321,80867,604
2022-01-29,Santa Clara,085,1922200,286373,273879,11010,284889,2019
2022-01-29,Santa Cruz,087,273765,42330,39228,1979,41207,240
2022-01-29,Shasta,089,179085,28460,27504,5502,33006,452
2022-01-29,Sierra,091,2930,266,260,43,303,0
2022-01-29,Siskiyou,093,43540,4127,3987,2396,6383,66
2022-01-29,Solano,095,438530,75172,69862,5089,74951,407
2022-01-29,Sonoma,097,501317,77395,73439,2198,75637,427
2022-01-29,Stanislaus,099,539301,110587,107668,15616,123284,1403
2022-01-29,Sutter,101,95872,19332,18797,1612,20409,202
2022-01-29,Tehama,103,63373,11230,10880,2423,13303,145
2022-01-29,Trinity,105,12862,1106,1033,266,1299,19
2022-01-29,Tulare,107,460477,99335,93154,25567,118721,1237
2022-01-29,Tuolumne,109,53932,11674,10806,422,11228,91
2022-01-29,Ventura,111,848112,165242,160466,8980,169446,1271
2022-01-29,Yolo,113,214977,34325,32123,2830,34953,275
2022-01-29,Yuba,115,75493,14783,14295,1011,15306,103
2022-01-28,Alameda,001,1643700,236148,225602,12372,237974,1605
2022-01-28,Alpine,003,1148,119,123,1,124,0
2022-01-28,Amador,005,37829,7848,7505,515,8020,73
2022-01-28,Butte,007,227075,30665,29557,6026,35583,353
2022-01-28,Calaveras,009,45235,6755,6484,276,6760,96
2022-01-28,Colusa,011,21464,3238,3107,983,4090,21
2022-01-28,Contra Costa,013,1133247,175723,168003,11399,179402,1101
2022-01-28,Del Norte,015,27424,4895,4589,129,4718,43
2022-01-28,El Dorado,017,186661,25308,24008,2969,26977,184
2022-01-28,Fresno,019,978130,212983,202691,21462,224153,2457
2022-01-28,Glenn,021,27897,4667,4516,1475,5991,39
2022-01-28,Humboldt,023,135768,15331,14812,2416,17228,126
2022-01-28,Imperial,025,180216,52157,50153,9566,59719,845
2022-01-28,Inyo,027,18085,3935,3895,409,4304,50
2022-01-28,Kern,029,883053,181473,174456,42418,216874,1962
2022-01-28,Kings,031,150075,47560,45047,3252,48299,397
2022-01-28,Lake,033,64148,9489,8747,734,9481,119
2022-01-28,Lassen,035,31185,8270,7961,811,8772,55
2022-01-28,Los Angeles,037,10098052,2591126,2473332,118297,2591629,28467
2022-01-28,Madera,039,155013,34287,32753,5056,37809,329
2022-01-28,Marin,041,260295,31157,30137,1997,32134,253
2022-01-28,Mariposa,043,17540,2211,2117,135,2252,6
2022-01-28,Mendocino,045,87422,12029,11591,2368,13959,104
2022-01-28,Merced,047,269075,58484,56472,6987,63459,735
2022-01-28,Modoc,049,8938,670,654,230,884,6
2022-01-28,Mono,051,14174,2880,2860,114,2974,5
2022-01-28,Monterey,053,433212,73120,64090,11059,75149,658
2022-01-28,Napa,055,140530,23473,22121,812,22933,113
2022-01-28,Nevada,057,99092,14939,14337,1027,15364,112
2022-01-28,Orange,059,3164182,524607,511255,39035,550290,6038
2022-01-28,Placer,061,380077,58984,56562,6895,63457,523
2022-01-28,Plumas,063,18699,2741,2463,271,2734,12
2022-01-28,Riverside,065,2383286,566816,548121,26532,574653,5726
2022-01-28,Sacramento,067,1510023,262904,249130,23820,272950,2558
2022-01-28,San Benito,069,59416,12024,11670,464,12134,90
2022-01-28,San Bernardino,071,2135413,547552,525249,23935,549184,6297
2022-01-28,San Diego,073,3302833,708839,683027,48410,731437,4643
2022-01-28,San Francisco,075,870044,114728,108265,7640,115905,712
2022-01-28,San Joaquin,077,732212,156572,150849,9433,160282,1971
2022-01-28,San Luis Obispo,079,281455,48424,46374,3270,49644,391
2022-01-28,San Mateo,081,765935,113348,100306,6242,106548,586
2022-01-28,Santa Barbara,083,443738,79531,76546,4319,80865,604
2022-01-28,Santa Clara,085,1922200,285186,273879,10961,284840,2019
2022-01-28,Santa Cruz,087,273765,42138,39228,1966,41194,240
2022-01-28,Shasta,089,179085,28403,27504,5488,32992,452
2022-01-28,Sierra,091,2930,266,260,43,303,0
2022-01-28,Siskiyou,093,43540,4117,3987,2392,6379,66
2022-01-28,Solano,095,438530,74620,69862,5022,74884,407
2022-01-28,Sonoma,097,501317,77189,73439,2189,75628,427
2022-01-28,Stanislaus,099,539301,110314,107668,15574,123242,1403
2022-01-28,Sutter,101,95872,19288,18797,1610,20407,202
2022-01-28,Tehama,103,63373,11198,10880,2416,13296,145
2022-01-28,Trinity,105,12862,1097,1033,266,1299,19
2022-01-28,Tulare,107,460477,99060,93154,25457,118611,1237
2022-01-28,Tuolumne,109,53932,11641,10806,418,11224,91
2022-01-28,Ventura,111,848112,164788,160466,8959,169425,1271
2022-01-28,Yolo,113,214977,34220,32123,2822,34945,275
2022-01-28,Yuba,115,75493,14743,14295,1006,15301,103
2022-01-27,Alameda,001,1643700,234571,225602,12236,237838,1605
2022-01-27,Alpine,003,1148,119,123,1,124,0
2022-01-27,Amador,005,37829,7801,7505,503,8008,73
2022-01-27,Butte,007,227075,30513,29557,5974,35531,353
2022-01-27,Calaveras,009,45235,6730,6484,260,6744,96
2022-01-27,Colusa,011,21464,3223,3107,979,4086,21
2022-01-27,Contra Costa,013,1133247,174718,168003,11224,179227,1101
2022-01-27,Del Norte,015,27424,4851,4589,125,4714,43
2022-01-27,El Dorado,017,186661,25197,24008,2949,26957,184
2022-01-27,Fresno,019,978130,211357,202691,21244,223935,2457
2022-01-27,Glenn,021,27897,4636,4516,1467,5983,39
2022-01-27,Humboldt,023,135768,15242,14812,2379,17191,126
2022-01-27,Imperial,025,180216,51885,50153,9452,59605,845
2022-01-27,Inyo,027,18085,3928,3895,399,4294,50
2022-01-27,Kern,029,883053,180694,174456,42053,216509,1962
2022-01-27,Kings,031,150075,47216,45047,3213,48260,397
2022-01-27,Lake,033,64148,9436,8747,717,9464,119
2022-01-27,Lassen,035,31185,8227,7961,805,8766,55
2022-01-27,Los Angeles,037,10098052,2579974,2473332,117781,2591113,28467
2022-01-27,Madera,039,155013,34078,32753,4949,37702,329
2022-01-27,Marin,041,260295,30995,30137,1982,32119,253
2022-01-27,Mariposa,043,17540,2188,2117,132,2249,6
2022-01-27,Mendocino,045,87422,11978,11591,2319,13910,104
2022-01-27,Merced,047,269075,58223,56472,6821,63293,735
2022-01-27,Modoc,049,8938,668,654,229,883,6
2022-01-27,Mono,051,14174,2875,2860,114,2974,5
2022-01-27,Monterey,053,433212,72498,64090,10804,74894,658
2022-01-27,Napa,055,140530,23314,22121,784,22905,113
2022-01-27,Nevada,057,99092,14866,14337,999,15336,112
2022-01-27,Orange,059,3164182,522880,511255,38899,550154,6038
2022-01-27,Placer,061,380077,58666,56562,6841,63403,523
2022-01-27,Plumas,063,18699,2730,2463,259,2722,12
2022-01-27,Riverside,065,2383286,564639,548121,26462,574583,5726
2022-01-27,Sacramento,067,1510023,261629,249130,23488,272618,2558
2022-01-27,San Benito,069,59416,11969,11670,459,12129,90
2022-01-27,San Bernardino,071,2135413,545660,525249,23834,549083,6297
2022-01-27,San Diego,073,3302833,705468,683027,48058,731085,4643
2022-01-27,San Francisco,075,870044,114223,108265,7579,115844,712
2022-01-27,San Joaquin,077,732212,155713,150849,9364,160213,1971
2022-01-27,San Luis Obispo,079,281455,48152,46374,3232,49606,391
2022-01-27,San Mateo,081,765935,112765,100306,6173,106479,586
2022-01-27,Santa Barbara,083,443738,79051,76546,4263,80809,604
2022-01-27,Santa Clara,085,1922200,283119,273879,10812,284691,2019
2022-01-27,Santa Cruz,087,273765,41470,39228,1947,41175,240
2022-01-27,Shasta,089,179085,28270,27504,5439,32943,452
2022-01-27,Sierra,091,2930,265,260,42,302,0
2022-01-27,Siskiyou,093,43540,4096,3987,2355,6342,66
2022-01-27,Solano,095,438530,73982,69862,4971,74833,407
2022-01-27,Sonoma,097,501317,76725,73439,2176,75615,427
2022-01-27,Stanislaus,099,539301,109786,107668,15427,123095,1403
2022-01-27,Sutter,101,95872,19183,18797,1585,20382,202
2022-01-27,Tehama,103,63373,11146,10880,2400,13280,145
2022-01-27,Trinity,105,12862,1093,1033,265,1298,19
2022-01-27,Tulare,107,460477,98391,93154,25173,118327,1237
2022-01-27,Tuolumne,109,53932,11589,10806,409,11215,91
2022-01-27,Ventura,111,848112,164137,160466,8926,169392,1271
2022-01-27,Yolo,113,214977,34076,32123,2804,34927,275
2022-01-27,Yuba,115,75493,14664,14295,990,15285,103
2022-01-26,Alameda,001,1643700,232680,222680,12064,234744,1596
2022-01-26,Alpine,003,1148,119,123,1,124,0
2022-01-26,Amador,005,37829,7725,7427,488,7915,73
2022-01-26,Butte,007,227075,30314,29229,5918,35147,353
2022-01-26,Calaveras,009,45235,6692,6387,253,6640,96
2022-01-26,Colusa,011,21464,3207,3094,972,4066,21
2022-01-26,Contra Costa,013,1133247,173588,165972,11059,177031,1095
2022-01-26,Del Norte,015,27424,4794,4542,124,4666,43
2022-01-26,El Dorado,017,186661,25076,23819,2926,26745,181
2022-01-26,Fresno,019,978130,209507,199689,21026,220715,2452
2022-01-26,Glenn,021,27897,4603,4472,1462,5934,39
2022-01-26,Humboldt,023,135768,15143,14715,2334,17049,126
2022-01-26,Imperial,025,180216,51528,49477,9304,58781,839
2022-01-26,Inyo,027,18085,3925,3889,367,4256,50
2022-01-26,Kern,029,883053,179770,173052,41708,214760,1953
2022-01-26,Kings,031,150075,46812,44367,3183,47550,396
2022-01-26,Lake,033,64148,9354,8645,707,9352,119
2022-01-26,Lassen,035,31185,8191,7888,805,8693,55
2022-01-26,Los Angeles,037,10098052,2567746,2450620,117330,2567950,28382
2022-01-26,Madera,039,155013,33838,32323,4812,37135,329
2022-01-26,Marin,041,260295,30813,29813,1965,31778,253
2022-01-26,Mariposa,043,17540,2171,2108,125,2233,6
2022-01-26,Mendocino,045,87422,11931,11453,2268,13721,103
2022-01-26,Merced,047,269075,57856,56060,6643,62703,733
2022-01-26,Modoc,049,8938,667,652,228,880,6
2022-01-26,Mono,051,14174,2872,2852,114,2966,4
2022-01-26,Monterey,053,433212,71941,63264,10507,73771,659
2022-01-26,Napa,055,140530,23158,21864,773,22637,112
2022-01-26,Nevada,057,99092,14773,14128,988,15116,112
2022-01-26,Orange,059,3164182,520892,506419,38735,545154,6007
2022-01-26,Placer,061,380077,58330,55892,6777,62669,524
2022-01-26,Plumas,063,18699,2703,2425,257,2682,12
2022-01-26,Riverside,065,2383286,562114,543788,26343,570131,5701
2022-01-26,Sacramento,067,1510023,259935,246416,23147,269563,2559
2022-01-26,San Benito,069,59416,11898,11563,447,12010,90
2022-01-26,San Bernardino,071,2135413,543430,521699,23725,545424,6291
2022-01-26,San Diego,073,3302833,701255,676392,47699,724091,4622
2022-01-26,San Francisco,075,870044,113587,107174,7545,114719,704
2022-01-26,San Joaquin,077,732212,154724,148770,9310,158080,1971
2022-01-26,San Luis Obispo,079,281455,47848,45716,3205,48921,391
2022-01-26,San Mateo,081,765935,112097,99016,6044,105060,586
2022-01-26,Santa Barbara,083,443738,78523,75548,4202,79750,600
2022-01-26,Santa Clara,085,1922200,281023,270470,10636,281106,2015
2022-01-26,Santa Cruz,087,273765,40951,38298,1933,40231,239
2022-01-26,Shasta,089,179085,28122,27255,5392,32647,452
2022-01-26,Sierra,091,2930,264,260,41,301,0
2022-01-26,Siskiyou,093,43540,4080,3971,2330,6301,66
2022-01-26,Solano,095,438530,73287,69150,4904,74054,401
2022-01-26,Sonoma,097,501317,76165,72509,2141,74650,423
2022-01-26,Stanislaus,099,539301,109228,106582,15207,121789,1396
2022-01-26,Sutter,101,95872,19072,18670,1539,20209,202
2022-01-26,Tehama,103,63373,11092,10749,2383,13132,145
2022-01-26,Trinity,105,12862,1088,1008,265,1273,19
2022-01-26,Tulare,107,460477,97579,91904,24927,116831,1234
2022-01-26,Tuolumne,109,53932,11406,10699,398,11097,91
2022-01-26,Ventura,111,848112,163423,159077,8886,167963,1263
2022-01-26,Yolo,113,214977,33860,31913,2765,34678,275
2022-01-26,Yuba,115,75493,14579,14171,968,15139,103
2022-01-25,Alameda,001,1643700,230792,219753,11882,231635,1589
2022-01-25,Alpine,003,1148,119,122,1,123,0
2022-01-25,Amador,005,37829,7648,7352,477,7829,73
2022-01-25,Butte,007,227075,30106,28887,5845,34732,351
2022-01-25,Calaveras,009,45235,6633,6266,239,6505,95
2022-01-25,Colusa,011,21464,3187,3074,970,4044,21
2022-01-25,Contra Costa,013,1133247,172270,163792,10840,174632,1092
2022-01-25,Del Norte,015,27424,4724,4514,118,4632,43
2022-01-25,El Dorado,017,186661,24940,23339,2900,26239,179
2022-01-25,Fresno,019,978130,207365,198262,20738,219000,2434
2022-01-25,Glenn,021,27897,4571,4418,1446,5864,39
2022-01-25,Humboldt,023,135768,15051,14574,2308,16882,126
2022-01-25,Imperial,025,180216,51071,48913,9079,57992,832
2022-01-25,Inyo,027,18085,3910,3857,322,4179,50
2022-01-25,Kern,029,883053,178759,171695,41248,212943,1947
2022-01-25,Kings,031,150075,46339,43853,3137,46990,396
2022-01-25,Lake,033,64148,9275,8543,695,9238,118
2022-01-25,Lassen,035,31185,8160,7834,794,8628,55
2022-01-25,Los Angeles,037,10098052,2552806,2433516,116688,2550204,28293
2022-01-25,Madera,039,155013,33515,31794,4676,36470,329
2022-01-25,Marin,041,260295,30634,29589,1952,31541,253
2022-01-25,Mariposa,043,17540,2159,2069,119,2188,6
2022-01-25,Mendocino,045,87422,11811,11280,2165,13445,103
2022-01-25,Merced,047,269075,57477,55555,6499,62054,733
2022-01-25,Modoc,049,8938,665,652,228,880,6
2022-01-25,Mono,051,14174,2862,2826,113,2939,4
2022-01-25,Monterey,053,433212,71368,62498,10099,72597,654
2022-01-25,Napa,055,140530,22963,21668,738,22406,111
2022-01-25,Nevada,057,99092,14659,13944,964,14908,112
2022-01-25,Orange,059,3164182,518612,504274,38542,542816,5980
2022-01-25,Placer,061,380077,57930,55465,6704,62169,518
2022-01-25,Plumas,063,18699,2676,2397,253,2650,12
2022-01-25,Riverside,065,2383286,559024,540723,26175,566898,5686
2022-01-25,Sacramento,067,1510023,257987,244468,22602,267070,2545
2022-01-25,San Benito,069,59416,11798,11446,443,11889,88
2022-01-25,San Bernardino,071,2135413,540878,519150,23609,542759,6288
2022-01-25,San Diego,073,3302833,696248,670110,47248,717358,4604
2022-01-25,San Francisco,075,870044,112825,106254,7501,113755,703
2022-01-25,San Joaquin,077,732212,153736,147271,9245,156516,1972
2022-01-25,San Luis Obispo,079,281455,47486,45130,3157,48287,391
2022-01-25,San Mateo,081,765935,111265,98010,5933,103943,586
2022-01-25,Santa Barbara,083,443738,77854,74686,4120,78806,594
2022-01-25,Santa Clara,085,1922200,278412,268031,10431,278462,2006
2022-01-25,Santa Cruz,087,273765,40279,37850,1917,39767,237
2022-01-25,Shasta,089,179085,27959,27090,5325,32415,452
2022-01-25,Sierra,091,2930,264,260,37,297,0
2022-01-25,Siskiyou,093,43540,4056,3958,2295,6253,65
2022-01-25,Solano,095,438530,72719,68657,4847,73504,399
2022-01-25,Sonoma,097,501317,75470,71633,2101,73734,423
2022-01-25,Stanislaus,099,539301,108559,105965,14982,120947,1396
2022-01-25,Sutter,101,95872,18970,18508,1497,20005,200
2022-01-25,Tehama,103,63373,11029,10669,2357,13026,145
2022-01-25,Trinity,105,12862,1081,999,263,1262,19
2022-01-25,Tulare,107,460477,96707,91237,24580,115817,1229
2022-01-25,Tuolumne,109,53932,11224,10516,374,10890,91
2022-01-25,Ventura,111,848112,162567,157971,8840,166811,1263
2022-01-25,Yolo,113,214977,33600,31677,2719,34396,274
2022-01-25,Yuba,115,75493,14495,14038,940,14978,103
2022-01-24,Alameda,001,1643700,228346,216252,11612,227864,1581
2022-01-24,Alpine,003,1148,119,120,1,121,0
2022-01-24,Amador,005,37829,7597,7166,439,7605,73
2022-01-24,Butte,007,227075,29876,28607,5782,34389,350
2022-01-24,Calaveras,009,45235,6585,6172,225,6397,95
2022-01-24,Colusa,011,21464,3168,3052,954,4006,21
2022-01-24,Contra Costa,013,1133247,170784,162161,10623,172784,1092
2022-01-24,Del Norte,015,27424,4664,4460,118,4578,43
2022-01-24,El Dorado,017,186661,24774,23128,2871,25999,179
2022-01-24,Fresno,019,978130,205056,196092,20432,216524,2430
2022-01-24,Glenn,021,27897,4529,4367,1436,5803,39
2022-01-24,Humboldt,023,135768,14939,14416,2262,16678,126
2022-01-24,Imperial,025,180216,50531,48228,8791,57019,824
2022-01-24,Inyo,027,18085,3904,3805,297,4102,50
2022-01-24,Kern,029,883053,177447,169892,40770,210662,1946
2022-01-24,Kings,031,150075,45762,43260,3064,46324,396
2022-01-24,Lake,033,64148,9165,8423,680,9103,118
2022-01-24,Lassen,035,31185,8076,7732,775,8507,55
2022-01-24,Los Angeles,037,10098052,2536267,2391045,115909,2506954,28230
2022-01-24,Madera,039,155013,33076,31339,4488,35827,329
2022-01-24,Marin,041,260295,30405,29301,1915,31216,253
2022-01-24,Mariposa,043,17540,2134,2033,115,2148,6
2022-01-24,Mendocino,045,87422,11707,11002,2084,13086,103
2022-01-24,Merced,047,269075,56984,54970,6214,61184,730
2022-01-24,Modoc,049,8938,662,648,227,875,6
2022-01-24,Mono,051,14174,2852,2802,112,2914,4
2022-01-24,Monterey,053,433212,70507,61975,9736,71711,654
2022-01-24,Napa,055,140530,22783,21494,725,22219,111
2022-01-24,Nevada,057,99092,14531,13774,941,14715,112
2022-01-24,Orange,059,3164182,516037,501634,38280,539914,5969
2022-01-24,Placer,061,380077,57449,54933,6653,61586,518
2022-01-24,Plumas,063,18699,2645,2370,239,2609,12
2022-01-24,Riverside,065,2383286,555301,535962,25965,561927,5661
2022-01-24,Sacramento,067,1510023,255618,241522,22021,263543,2526
2022-01-24,San Benito,069,59416,11701,11331,430,11761,88
2022-01-24,San Bernardino,071,2135413,537952,515604,23445,539049,6285
2022-01-24,San Diego,073,3302833,690575,663580,46697,710277,4586
2022-01-24,San Francisco,075,870044,111863,105418,7405,112823,703
2022-01-24,San Joaquin,077,732212,152423,145984,9169,155153,1959
2022-01-24,San Luis Obispo,079,281455,47013,44616,3102,47718,387
2022-01-24,San Mateo,081,765935,110302,96968,5816,102784,586
2022-01-24,Santa Barbara,083,443738,77042,73866,4024,77890,591
2022-01-24,Santa Clara,085,1922200,275543,265341,10219,275560,2006
2022-01-24,Santa Cruz,087,273765,39483,37188,1895,39083,237
2022-01-24,Shasta,089,179085,27770,26871,5237,32108,452
2022-01-24,Sierra,091,2930,264,258,37,295,0
2022-01-24,Siskiyou,093,43540,4046,3934,2256,6190,64
2022-01-24,Solano,095,438530,72036,68094,4768,72862,400
2022-01-24,Sonoma,097,501317,74554,70733,2069,72802,423
2022-01-24,Stanislaus,099,539301,107805,104933,14706,119639,1395
2022-01-24,Sutter,101,95872,18855,18336,1408,19744,200
2022-01-24,Tehama,103,63373,10958,10567,2337,12904,145
2022-01-24,Trinity,105,12862,1072,978,261,1239,19
2022-01-24,Tulare,107,460477,95635,90089,24179,114268,1219
2022-01-24,Tuolumne,109,53932,11105,10374,365,10739,91
2022-01-24,Ventura,111,848112,161543,156551,8795,165346,1261
2022-01-24,Yolo,113,214977,33308,31480,2681,34161,273
2022-01-24,Yuba,115,75493,14388,13862,899,14761,103
2022-01-23,Alameda,001,1643700,225656,214003,11279,225282,1583
2022-01-23,Alpine,003,1148,119,120,1,121,0
2022-01-23,Amador,005,37829,7542,7090,399,7489,73
2022-01-23,Butte,007,227075,29582,28340,5675,34015,350
2022-01-23,Calaveras,009,45235,6520,6095,202,6297,95
2022-01-23,Colusa,011,21464,3142,3040,947,3987,21
2022-01-23,Contra Costa,013,1133247,168936,160798,10260,171058,1092
2022-01-23,Del Norte,015,27424,4598,4419,112,4531,43
2022-01-23,El Dorado,017,186661,24583,22925,2822,25747,179
2022-01-23,Fresno,019,978130,202586,193642,19952,213594,2430
2022-01-23,Glenn,021,27897,4478,4340,1412,5752,39
2022-01-23,Humboldt,023,135768,14820,14296,2180,16476,126
2022-01-23,Imperial,025,180216,49933,47935,8503,56438,824
2022-01-23,Inyo,027,18085,3877,3781,283,4064,50
2022-01-23,Kern,029,883053,176084,168585,40240,208825,1946
2022-01-23,Kings,031,150075,45126,42622,2960,45582,397
2022-01-23,Lake,033,64148,8995,8363,653,9016,118
2022-01-23,Lassen,035,31185,8025,7710,751,8461,55
2022-01-23,Los Angeles,037,10098052,2515954,2390590,114749,2505339,28231
2022-01-23,Madera,039,155013,32715,30962,4246,35208,329
2022-01-23,Marin,041,260295,30152,29025,1877,30902,253
2022-01-23,Mariposa,043,17540,2119,2011,112,2123,6
2022-01-23,Mendocino,045,87422,11582,10889,1951,12840,103
2022-01-23,Merced,047,269075,56431,54644,5766,60410,730
2022-01-23,Modoc,049,8938,660,645,224,869,6
2022-01-23,Mono,051,14174,2844,2788,110,2898,4
2022-01-23,Monterey,053,433212,69668,61522,9292,70814,654
2022-01-23,Napa,055,140530,22520,21281,712,21993,111
2022-01-23,Nevada,057,99092,14368,13629,913,14542,112
2022-01-23,Orange,059,3164182,512936,498968,37986,536954,5970
2022-01-23,Placer,061,380077,56877,54568,6563,61131,518
2022-01-23,Plumas,063,18699,2612,2368,210,2578,12
2022-01-23,Riverside,065,2383286,550858,532273,25658,557931,5661
2022-01-23,Sacramento,067,1510023,252979,239589,21051,260640,2530
2022-01-23,San Benito,069,59416,11579,11225,419,11644,88
2022-01-23,San Bernardino,071,2135413,534511,512657,23166,535823,6281
2022-01-23,San Diego,073,3302833,683928,640215,45896,686111,4566
2022-01-23,San Francisco,075,870044,110795,104485,7297,111782,704
2022-01-23,San Joaquin,077,732212,150802,144621,9085,153706,1959
2022-01-23,San Luis Obispo,079,281455,46321,44183,3023,47206,386
2022-01-23,San Mateo,081,765935,109183,95940,5668,101608,586
2022-01-23,Santa Barbara,083,443738,75916,73041,3898,76939,590
2022-01-23,Santa Clara,085,1922200,272238,261991,9892,271883,2005
2022-01-23,Santa Cruz,087,273765,38952,36547,1863,38410,237
2022-01-23,Shasta,089,179085,27472,26732,5115,31847,452
2022-01-23,Sierra,091,2930,263,252,37,289,0
2022-01-23,Siskiyou,093,43540,4020,3916,2198,6114,64
2022-01-23,Solano,095,438530,71240,67457,4672,72129,400
2022-01-23,Sonoma,097,501317,73598,69791,2013,71804,423
2022-01-23,Stanislaus,099,539301,106943,104067,14425,118492,1395
2022-01-23,Sutter,101,95872,18698,18175,1293,19468,200
2022-01-23,Tehama,103,63373,10860,10481,2305,12786,145
2022-01-23,Trinity,105,12862,1069,961,259,1220,19
2022-01-23,Tulare,107,460477,94373,89120,23740,112860,1219
2022-01-23,Tuolumne,109,53932,10914,10243,347,10590,91
2022-01-23,Ventura,111,848112,160361,155052,8721,163773,1261
2022-01-23,Yolo,113,214977,32927,30908,2639,33547,273
2022-01-23,Yuba,115,75493,14262,13762,844,14606,103
2022-01-22,Alameda,001,1643700,224564,203927,11245,215172,1575
2022-01-22,Alpine,003,1148,118,119,1,120,0
2022-01-22,Amador,005,37829,7510,6845,394,7239,73
2022-01-22,Butte,007,227075,29464,27232,5651,32883,350
2022-01-22,Calaveras,009,45235,6490,5835,201,6036,95
2022-01-22,Colusa,011,21464,3125,2954,944,3898,21
2022-01-22,Contra Costa,013,1133247,168006,154111,10230,164341,1091
2022-01-22,Del Norte,015,27424,4562,4269,108,4377,43
2022-01-22,El Dorado,017,186661,24514,22273,2812,25085,179
2022-01-22,Fresno,019,978130,201770,185292,19883,205175,2429
2022-01-22,Glenn,021,27897,4472,4174,1409,5583,39
2022-01-22,Humboldt,023,135768,14753,13628,2167,15795,125
2022-01-22,Imperial,025,180216,49743,45741,8443,54184,820
2022-01-22,Inyo,027,18085,3873,3706,259,3965,50
2022-01-22,Kern,029,883053,175460,162902,39935,202837,1946
2022-01-22,Kings,031,150075,44919,40580,2947,43527,396
2022-01-22,Lake,033,64148,8961,8056,645,8701,118
2022-01-22,Lassen,035,31185,7992,7545,744,8289,55
2022-01-22,Los Angeles,037,10098052,2508549,2286280,114240,2400520,28038
2022-01-22,Madera,039,155013,32596,29595,4231,33826,329
2022-01-22,Marin,041,260295,30026,27893,1872,29765,253
2022-01-22,Mariposa,043,17540,2115,1920,112,2032,6
2022-01-22,Mendocino,045,87422,11532,10395,1929,12324,103
2022-01-22,Merced,047,269075,56279,53025,5757,58782,727
2022-01-22,Modoc,049,8938,659,639,224,863,6
2022-01-22,Mono,051,14174,2843,2723,106,2829,4
2022-01-22,Monterey,053,433212,69461,59038,9248,68286,651
2022-01-22,Napa,055,140530,22425,20402,702,21104,111
2022-01-22,Nevada,057,99092,14300,12957,905,13862,112
2022-01-22,Orange,059,3164182,511332,480329,37737,518066,5946
2022-01-22,Placer,061,380077,56609,52557,6524,59081,512
2022-01-22,Plumas,063,18699,2595,2289,206,2495,12
2022-01-22,Riverside,065,2383286,548942,513567,25585,539152,5623
2022-01-22,Sacramento,067,1510023,251929,230206,20945,251151,2510
2022-01-22,San Benito,069,59416,11520,10743,414,11157,88
2022-01-22,San Bernardino,071,2135413,533018,495209,23070,518279,6267
2022-01-22,San Diego,073,3302833,681434,628904,45681,674585,4559
2022-01-22,San Francisco,075,870044,110139,100238,7148,107386,702
2022-01-22,San Joaquin,077,732212,150364,138264,9042,147306,1960
2022-01-22,San Luis Obispo,079,281455,46203,42154,3016,45170,385
2022-01-22,San Mateo,081,765935,108599,91440,5605,97045,585
2022-01-22,Santa Barbara,083,443738,75495,69555,3892,73447,589
2022-01-22,Santa Clara,085,1922200,270561,249205,9825,259030,1993
2022-01-22,Santa Cruz,087,273765,38771,33741,1856,35597,237
2022-01-22,Shasta,089,179085,27379,25919,5093,31012,450
2022-01-22,Sierra,091,2930,263,248,36,284,0
2022-01-22,Siskiyou,093,43540,4002,3845,2177,6022,62
2022-01-22,Solano,095,438530,71017,63882,4633,68515,391
2022-01-22,Sonoma,097,501317,73173,66013,2003,68016,422
2022-01-22,Stanislaus,099,539301,106490,100092,14334,114426,1393
2022-01-22,Sutter,101,95872,18630,17616,1280,18896,199
2022-01-22,Tehama,103,63373,10825,10171,2295,12466,142
2022-01-22,Trinity,105,12862,1067,925,259,1184,19
2022-01-22,Tulare,107,460477,93989,85223,23611,108834,1211
2022-01-22,Tuolumne,109,53932,10846,9731,341,10072,91
2022-01-22,Ventura,111,848112,159668,148742,8687,157429,1250
2022-01-22,Yolo,113,214977,32749,30061,2622,32683,273
2022-01-22,Yuba,115,75493,14172,13288,839,14127,103
2022-01-21,Alameda,001,1643700,222992,203927,11213,215140,1575
2022-01-21,Alpine,003,1148,118,119,1,120,0
2022-01-21,Amador,005,37829,7453,6845,391,7236,73
2022-01-21,Butte,007,227075,29336,27232,5609,32841,350
2022-01-21,Calaveras,009,45235,6445,5835,201,6036,95
2022-01-21,Colusa,011,21464,3118,2954,939,3893,21
2022-01-21,Contra Costa,013,1133247,166956,154111,10151,164262,1091
2022-01-21,Del Norte,015,27424,4521,4269,108,4377,43
2022-01-21,El Dorado,017,186661,24431,22273,2795,25068,179
2022-01-21,Fresno,019,978130,200528,185292,19782,205074,2429
2022-01-21,Glenn,021,27897,4454,4174,1404,5578,39
2022-01-21,Humboldt,023,135768,14684,13628,2148,15776,125
2022-01-21,Imperial,025,180216,49553,45741,8365,54106,820
2022-01-21,Inyo,027,18085,3860,3706,254,3960,50
2022-01-21,Kern,029,883053,174740,162902,39560,202462,1946
2022-01-21,Kings,031,150075,44722,40580,2939,43519,396
2022-01-21,Lake,033,64148,8904,8056,632,8688,118
2022-01-21,Lassen,035,31185,7940,7545,740,8285,55
2022-01-21,Los Angeles,037,10098052,2497246,2286280,113779,2400059,28038
2022-01-21,Madera,039,155013,32305,29595,4203,33798,329
2022-01-21,Marin,041,260295,29849,27893,1852,29745,253
2022-01-21,Mariposa,043,17540,2103,1920,111,2031,6
2022-01-21,Mendocino,045,87422,11451,10395,1926,12321,103
2022-01-21,Merced,047,269075,56118,53025,5753,58778,727
2022-01-21,Modoc,049,8938,658,639,224,863,6
2022-01-21,Mono,051,14174,2829,2723,103,2826,4
2022-01-21,Monterey,053,433212,68990,59038,9116,68154,651
2022-01-21,Napa,055,140530,22305,20402,694,21096,111
2022-01-21,Nevada,057,99092,14203,12957,901,13858,112
2022-01-21,Orange,059,3164182,509092,480329,37491,517820,5946
2022-01-21,Placer,061,380077,56216,52557,6462,59019,512
2022-01-21,Plumas,063,18699,2583,2289,201,2490,12
2022-01-21,Riverside,065,2383286,546285,513567,25506,539073,5623
2022-01-21,Sacramento,067,1510023,250484,230206,20842,251048,2510
2022-01-21,San Benito,069,59416,11485,10743,411,11154,88
2022-01-21,San Bernardino,071,2135413,530991,495209,22994,518203,6267
2022-01-21,San Diego,073,3302833,677235,628904,45505,674409,4559
2022-01-21,San Francisco,075,870044,109379,100238,7060,107298,702
2022-01-21,San Joaquin,077,732212,149769,138264,8981,147245,1960
2022-01-21,San Luis Obispo,079,281455,46077,42154,3013,45167,385
2022-01-21,San Mateo,081,765935,107926,91440,5564,97004,585
2022-01-21,Santa Barbara,083,443738,74993,69555,3882,73437,589
2022-01-21,Santa Clara,085,1922200,268736,249205,9717,258922,1993
2022-01-21,Santa Cruz,087,273765,38053,33741,1843,35584,237
2022-01-21,Shasta,089,179085,27291,25919,5046,30965,450
2022-01-21,Sierra,091,2930,261,248,35,283,0
2022-01-21,Siskiyou,093,43540,3994,3845,2159,6004,62
2022-01-21,Solano,095,438530,70606,63882,4551,68433,391
2022-01-21,Sonoma,097,501317,72648,66013,1993,68006,422
2022-01-21,Stanislaus,099,539301,105986,100092,14274,114366,1393
2022-01-21,Sutter,101,95872,18543,17616,1266,18882,199
2022-01-21,Tehama,103,63373,10789,10171,2293,12464,142
2022-01-21,Trinity,105,12862,1061,925,258,1183,19
2022-01-21,Tulare,107,460477,93512,85223,23447,108670,1211
2022-01-21,Tuolumne,109,53932,10763,9731,334,10065,91
2022-01-21,Ventura,111,848112,158859,148742,8658,157400,1250
2022-01-21,Yolo,113,214977,32584,30061,2599,32660,273
2022-01-21,Yuba,115,75493,14100,13288,832,14120,103
2022-01-20,Alameda,001,1643700,219930,203927,10973,214900,1575
2022-01-20,Alpine,003,1148,118,119,1,120,0
2022-01-20,Amador,005,37829,7388,6845,373,7218,73
2022-01-20,Butte,007,227075,29080,27232,5531,32763,350
2022-01-20,Calaveras,009,45235,6340,5835,192,6027,95
2022-01-20,Colusa,011,21464,3087,2954,927,3881,21
2022-01-20,Contra Costa,013,1133247,164993,154111,9885,163996,1091
2022-01-20,Del Norte,015,27424,4481,4269,105,4374,43
2022-01-20,El Dorado,017,186661,24228,22273,2752,25025,179
2022-01-20,Fresno,019,978130,197925,185292,19411,204703,2429
2022-01-20,Glenn,021,27897,4419,4174,1395,5569,39
2022-01-20,Humboldt,023,135768,14555,13628,2096,15724,125
2022-01-20,Imperial,025,180216,49029,45741,8186,53927,820
2022-01-20,Inyo,027,18085,3848,3706,243,3949,50
2022-01-20,Kern,029,883053,173212,162902,39013,201915,1946
2022-01-20,Kings,031,150075,44167,40580,2896,43476,396
2022-01-20,Lake,033,64148,8809,8056,604,8660,118
2022-01-20,Lassen,035,31185,7889,7545,725,8270,55
2022-01-20,Los Angeles,037,10098052,2472509,2286280,112793,2399073,28038
2022-01-20,Madera,039,155013,31916,29595,4076,33671,329
2022-01-20,Marin,041,260295,29554,27893,1815,29708,253
2022-01-20,Mariposa,043,17540,2076,1920,108,2028,6
2022-01-20,Mendocino,045,87422,11354,10395,1848,12243,103
2022-01-20,Merced,047,269075,55689,53025,5524,58549,727
2022-01-20,Modoc,049,8938,656,639,224,863,6
2022-01-20,Mono,051,14174,2821,2723,102,2825,4
2022-01-20,Monterey,053,433212,68224,59038,8697,67735,651
2022-01-20,Napa,055,140530,22039,20402,655,21057,111
2022-01-20,Nevada,057,99092,14056,12957,878,13835,112
2022-01-20,Orange,059,3164182,505147,480329,37119,517448,5946
2022-01-20,Placer,061,380077,55726,52557,6401,58958,512
2022-01-20,Plumas,063,18699,2556,2289,197,2486,12
2022-01-20,Riverside,065,2383286,541707,513567,25268,538835,5623
2022-01-20,Sacramento,067,1510023,248190,230206,20191,250397,2510
2022-01-20,San Benito,069,59416,11374,10743,398,11141,88
2022-01-20,San Bernardino,071,2135413,526837,495209,22710,517919,6267
2022-01-20,San Diego,073,3302833,670141,628904,44805,673709,4559
2022-01-20,San Francisco,075,870044,108225,100238,6919,107157,702
2022-01-20,San Joaquin,077,732212,148128,138264,8853,147117,1960
2022-01-20,San Luis Obispo,079,281455,45567,42154,2979,45133,385
2022-01-20,San Mateo,081,765935,106698,91440,5358,96798,585
2022-01-20,Santa Barbara,083,443738,74096,69555,3769,73324,589
2022-01-20,Santa Clara,085,1922200,265423,249205,9388,258593,1993
2022-01-20,Santa Cruz,087,273765,37167,33741,1820,35561,237
2022-01-20,Shasta,089,179085,27100,25919,4979,30898,450
2022-01-20,Sierra,091,2930,261,248,33,281,0
2022-01-20,Siskiyou,093,43540,3982,3845,2126,5971,62
2022-01-20,Solano,095,438530,69660,63882,4462,68344,391
2022-01-20,Sonoma,097,501317,71617,66013,1943,67956,422
2022-01-20,Stanislaus,099,539301,105029,100092,14067,114159,1393
2022-01-20,Sutter,101,95872,18378,17616,1237,18853,199
2022-01-20,Tehama,103,63373,10715,10171,2275,12446,142
2022-01-20,Trinity,105,12862,1047,925,257,1182,19
2022-01-20,Tulare,107,460477,92453,85223,23137,108360,1211
2022-01-20,Tuolumne,109,53932,10621,9731,322,10053,91
2022-01-20,Ventura,111,848112,157472,148742,8583,157325,1250
2022-01-20,Yolo,113,214977,32299,30061,2566,32627,273
2022-01-20,Yuba,115,75493,13994,13288,799,14087,103
2022-01-19,Alameda,001,1643700,216541,199739,10633,210372,1571
2022-01-19,Alpine,003,1148,117,119,1,120,0
2022-01-19,Amador,005,37829,7307,6789,331,7120,73
2022-01-19,Butte,007,227075,28776,26839,5456,32295,351
2022-01-19,Calaveras,009,45235,6249,5765,183,5948,95
2022-01-19,Colusa,011,21464,3062,2938,920,3858,21
2022-01-19,Contra Costa,013,1133247,162684,151543,9644,161187,1091
2022-01-19,Del Norte,015,27424,4442,4240,104,4344,43
2022-01-19,El Dorado,017,186661,23975,21953,2710,24663,177
2022-01-19,Fresno,019,978130,195023,181526,19080,200606,2430
2022-01-19,Glenn,021,27897,4368,4127,1385,5512,39
2022-01-19,Humboldt,023,135768,14396,13391,2043,15434,125
2022-01-19,Imperial,025,180216,48299,45156,7981,53137,820
2022-01-19,Inyo,027,18085,3825,3680,204,3884,49
2022-01-19,Kern,029,883053,171449,160747,38328,199075,1946
2022-01-19,Kings,031,150075,43469,40027,2817,42844,395
2022-01-19,Lake,033,64148,8682,7972,591,8563,118
2022-01-19,Lassen,035,31185,7831,7507,703,8210,55
2022-01-19,Los Angeles,037,10098052,2444105,2251718,111355,2363073,27934
2022-01-19,Madera,039,155013,31534,29021,3903,32924,329
2022-01-19,Marin,041,260295,29258,27375,1772,29147,251
2022-01-19,Mariposa,043,17540,2051,1896,102,1998,6
2022-01-19,Mendocino,045,87422,11183,10252,1754,12006,103
2022-01-19,Merced,047,269075,55143,52355,5168,57523,724
2022-01-19,Modoc,049,8938,654,635,223,858,6
2022-01-19,Mono,051,14174,2799,2677,100,2777,4
2022-01-19,Monterey,053,433212,67315,58426,8234,66660,651
2022-01-19,Napa,055,140530,21786,20090,628,20718,110
2022-01-19,Nevada,057,99092,13902,12703,849,13552,112
2022-01-19,Orange,059,3164182,500661,468460,36747,505207,5943
2022-01-19,Placer,061,380077,55158,51545,6330,57875,511
2022-01-19,Plumas,063,18699,2516,2239,190,2429,12
2022-01-19,Riverside,065,2383286,536178,503575,25028,528603,5604
2022-01-19,Sacramento,067,1510023,245297,226035,19450,245485,2512
2022-01-19,San Benito,069,59416,11233,10639,386,11025,88
2022-01-19,San Bernardino,071,2135413,522201,487846,22328,510174,6265
2022-01-19,San Diego,073,3302833,661363,614709,44078,658787,4553
2022-01-19,San Francisco,075,870044,106853,98652,6840,105492,694
2022-01-19,San Joaquin,077,732212,146234,135953,8721,144674,1959
2022-01-19,San Luis Obispo,079,281455,44968,41374,2913,44287,382
2022-01-19,San Mateo,081,765935,105277,89715,5091,94806,585
2022-01-19,Santa Barbara,083,443738,73096,68531,3668,72199,586
2022-01-19,Santa Clara,085,1922200,261691,244922,9023,253945,1991
2022-01-19,Santa Cruz,087,273765,35862,33026,1795,34821,237
2022-01-19,Shasta,089,179085,26834,25355,4907,30262,450
2022-01-19,Sierra,091,2930,261,245,32,277,0
2022-01-19,Siskiyou,093,43540,3958,3821,2070,5891,62
2022-01-19,Solano,095,438530,68818,63003,4334,67337,392
2022-01-19,Sonoma,097,501317,70508,64689,1898,66587,420
2022-01-19,Stanislaus,099,539301,103982,98952,13775,112727,1381
2022-01-19,Sutter,101,95872,18210,17436,1145,18581,199
2022-01-19,Tehama,103,63373,10602,10064,2226,12290,142
2022-01-19,Trinity,105,12862,1035,916,256,1172,19
2022-01-19,Tulare,107,460477,91154,83743,22650,106393,1200
2022-01-19,Tuolumne,109,53932,10464,9613,298,9911,91
2022-01-19,Ventura,111,848112,155958,144738,8510,153248,1234
2022-01-19,Yolo,113,214977,31932,29392,2530,31922,273
2022-01-19,Yuba,115,75493,13831,13114,786,13900,104
2022-01-18,Alameda,001,1643700,213183,195728,10317,206045,1566
2022-01-18,Alpine,003,1148,117,118,1,119,0
2022-01-18,Amador,005,37829,7169,6691,294,6985,73
2022-01-18,Butte,007,227075,28384,26514,5379,31893,347
2022-01-18,Calaveras,009,45235,6161,5684,168,5852,94
2022-01-18,Colusa,011,21464,3018,2903,915,3818,21
2022-01-18,Contra Costa,013,1133247,160677,149446,9276,158722,1085
2022-01-18,Del Norte,015,27424,4372,4229,99,4328,43
2022-01-18,El Dorado,017,186661,23593,21707,2664,24371,175
2022-01-18,Fresno,019,978130,191525,178922,18638,197560,2425
2022-01-18,Glenn,021,27897,4335,4070,1373,5443,39
2022-01-18,Humboldt,023,135768,14228,13218,1971,15189,125
2022-01-18,Imperial,025,180216,47602,44742,7794,52536,819
2022-01-18,Inyo,027,18085,3784,3654,193,3847,49
2022-01-18,Kern,029,883053,169424,158864,37563,196427,1943
2022-01-18,Kings,031,150075,42590,39440,2735,42175,392
2022-01-18,Lake,033,64148,8569,7919,571,8490,117
2022-01-18,Lassen,035,31185,7747,7461,664,8125,55
2022-01-18,Los Angeles,037,10098052,2410656,2227360,109916,2337276,27871
2022-01-18,Madera,039,155013,31012,28717,3709,32426,329
2022-01-18,Marin,041,260295,28957,27036,1729,28765,251
2022-01-18,Mariposa,043,17540,2026,1872,98,1970,6
2022-01-18,Mendocino,045,87422,11013,10114,1666,11780,103
2022-01-18,Merced,047,269075,54529,51746,4886,56632,718
2022-01-18,Modoc,049,8938,652,633,218,851,6
2022-01-18,Mono,051,14174,2778,2643,99,2742,4
2022-01-18,Monterey,053,433212,66539,57846,7750,65596,650
2022-01-18,Napa,055,140530,21453,19911,611,20522,109
2022-01-18,Nevada,057,99092,13720,12584,806,13390,111
2022-01-18,Orange,059,3164182,495316,461324,36236,497560,5938
2022-01-18,Placer,061,380077,54516,50983,6254,57237,508
2022-01-18,Plumas,063,18699,2479,2218,184,2402,12
2022-01-18,Riverside,065,2383286,530198,497278,24719,521997,5599
2022-01-18,Sacramento,067,1510023,242206,223745,18441,242186,2496
2022-01-18,San Benito,069,59416,11092,10520,372,10892,88
2022-01-18,San Bernardino,071,2135413,516855,483753,21894,505647,6258
2022-01-18,San Diego,073,3302833,651142,605137,43042,648179,4547
2022-01-18,San Francisco,075,870044,105390,96505,6724,103229,694
2022-01-18,San Joaquin,077,732212,144295,134365,8504,142869,1957
2022-01-18,San Luis Obispo,079,281455,44283,40848,2826,43674,381
2022-01-18,San Mateo,081,765935,103760,88225,4893,93118,585
2022-01-18,Santa Barbara,083,443738,71875,67216,3495,70711,581
2022-01-18,Santa Clara,085,1922200,257572,240281,8622,248903,1986
2022-01-18,Santa Cruz,087,273765,35212,32203,1760,33963,237
2022-01-18,Shasta,089,179085,26551,25162,4813,29975,448
2022-01-18,Sierra,091,2930,257,244,32,276,0
2022-01-18,Siskiyou,093,43540,3924,3799,2016,5815,62
2022-01-18,Solano,095,438530,67969,62204,4225,66429,391
2022-01-18,Sonoma,097,501317,69122,63714,1842,65556,419
2022-01-18,Stanislaus,099,539301,102767,98000,13413,111413,1379
2022-01-18,Sutter,101,95872,18019,17295,1073,18368,198
2022-01-18,Tehama,103,63373,10503,9975,2173,12148,142
2022-01-18,Trinity,105,12862,1022,907,255,1162,19
2022-01-18,Tulare,107,460477,89685,82667,22218,104885,1196
2022-01-18,Tuolumne,109,53932,10296,9528,286,9814,91
2022-01-18,Ventura,111,848112,154243,143384,8432,151816,1233
2022-01-18,Yolo,113,214977,31534,28786,2479,31265,270
2022-01-18,Yuba,115,75493,13669,12971,760,13731,101
2022-01-17,Alameda,001,1643700,208491,193276,9723,202999,1565
2022-01-17,Alpine,003,1148,116,118,0,118,0
2022-01-17,Amador,005,37829,7055,6640,236,6876,73
2022-01-17,Butte,007,227075,28007,26303,5274,31577,348
2022-01-17,Calaveras,009,45235,6029,5584,140,5724,94
2022-01-17,Colusa,011,21464,2995,2905,908,3813,21
2022-01-17,Contra Costa,013,1133247,157917,147993,8791,156784,1086
2022-01-17,Del Norte,015,27424,4321,4209,92,4301,43
2022-01-17,El Dorado,017,186661,23341,21540,2582,24122,175
2022-01-17,Fresno,019,978130,187815,176959,18132,195091,2426
2022-01-17,Glenn,021,27897,4282,4055,1359,5414,39
2022-01-17,Humboldt,023,135768,14022,13120,1804,14924,125
2022-01-17,Imperial,025,180216,46918,44412,7622,52034,821
2022-01-17,Inyo,027,18085,3762,3650,167,3817,49
2022-01-17,Kern,029,883053,166878,157645,36678,194323,1944
2022-01-17,Kings,031,150075,41460,39143,2613,41756,392
2022-01-17,Lake,033,64148,8420,7864,531,8395,117
2022-01-17,Lassen,035,31185,7645,7417,626,8043,55
2022-01-17,Los Angeles,037,10098052,2371459,2205740,107947,2313687,27832
2022-01-17,Madera,039,155013,30355,28568,3523,32091,329
2022-01-17,Marin,041,260295,28550,26633,1673,28306,251
2022-01-17,Mariposa,043,17540,2000,1862,92,1954,6
2022-01-17,Mendocino,045,87422,10789,10030,1524,11554,103
2022-01-17,Merced,047,269075,53848,51227,4324,55551,718
2022-01-17,Modoc,049,8938,648,630,218,848,6
2022-01-17,Mono,051,14174,2755,2642,98,2740,4
2022-01-17,Monterey,053,433212,65419,57318,7325,64643,647
2022-01-17,Napa,055,140530,21109,19647,588,20235,109
2022-01-17,Nevada,057,99092,13531,12414,768,13182,111
2022-01-17,Orange,059,3164182,489359,457418,35760,493178,5933
2022-01-17,Placer,061,380077,53781,50511,6108,56619,508
2022-01-17,Plumas,063,18699,2433,2205,152,2357,12
2022-01-17,Riverside,065,2383286,523383,491322,24261,515583,5600
2022-01-17,Sacramento,067,1510023,238124,221143,17060,238203,2497
2022-01-17,San Benito,069,59416,10925,10432,344,10776,88
2022-01-17,San Bernardino,071,2135413,510536,480243,21334,501577,6259
2022-01-17,San Diego,073,3302833,638937,569241,41841,611082,4545
2022-01-17,San Francisco,075,870044,103764,95292,6530,101822,694
2022-01-17,San Joaquin,077,732212,141456,133414,8314,141728,1958
2022-01-17,San Luis Obispo,079,281455,43454,40425,2724,43149,379
2022-01-17,San Mateo,081,765935,101792,87013,4635,91648,585
2022-01-17,Santa Barbara,083,443738,70552,66704,3294,69998,581
2022-01-17,Santa Clara,085,1922200,253080,237934,8179,246113,1985
2022-01-17,Santa Cruz,087,273765,34442,31714,1722,33436,237
2022-01-17,Shasta,089,179085,26261,25025,4691,29716,448
2022-01-17,Sierra,091,2930,256,242,32,274,0
2022-01-17,Siskiyou,093,43540,3885,3764,1936,5700,62
2022-01-17,Solano,095,438530,66931,61497,3963,65460,391
2022-01-17,Sonoma,097,501317,67613,62763,1778,64541,419
2022-01-17,Stanislaus,099,539301,101452,96951,12926,109877,1379
2022-01-17,Sutter,101,95872,17812,17159,934,18093,198
2022-01-17,Tehama,103,63373,10381,9912,2114,12026,142
2022-01-17,Trinity,105,12862,1009,906,251,1157,19
2022-01-17,Tulare,107,460477,87921,81741,21649,103390,1199
2022-01-17,Tuolumne,109,53932,10161,9416,252,9668,91
2022-01-17,Ventura,111,848112,152126,142070,8318,150388,1234
2022-01-17,Yolo,113,214977,31004,28638,2412,31050,270
2022-01-17,Yuba,115,75493,13471,12871,704,13575,101
2022-01-16,Alameda,001,1643700,205418,190691,9459,200150,1564
2022-01-16,Alpine,003,1148,116,118,0,118,0
2022-01-16,Amador,005,37829,6981,6618,228,6846,73
2022-01-16,Butte,007,227075,27666,26139,5225,31364,348
2022-01-16,Calaveras,009,45235,5928,5537,136,5673,94
2022-01-16,Colusa,011,21464,2978,2886,896,3782,21
2022-01-16,Contra Costa,013,1133247,156007,146307,8590,154897,1086
2022-01-16,Del Norte,015,27424,4278,4177,90,4267,43
2022-01-16,El Dorado,017,186661,23066,21303,2543,23846,175
2022-01-16,Fresno,019,978130,185102,174818,17774,192592,2425
2022-01-16,Glenn,021,27897,4227,4049,1337,5386,39
2022-01-16,Humboldt,023,135768,13875,13075,1785,14860,125
2022-01-16,Imperial,025,180216,46344,44035,7453,51488,821
2022-01-16,Inyo,027,18085,3725,3602,145,3747,49
2022-01-16,Kern,029,883053,165606,156655,35887,192542,1944
2022-01-16,Kings,031,150075,41089,38861,2584,41445,392
2022-01-16,Lake,033,64148,8316,7823,497,8320,117
2022-01-16,Lassen,035,31185,7602,7391,612,8003,55
2022-01-16,Los Angeles,037,10098052,2348250,2174403,106411,2280814,27805
2022-01-16,Madera,039,155013,29983,28313,3471,31784,329
2022-01-16,Marin,041,260295,28256,26292,1659,27951,251
2022-01-16,Mariposa,043,17540,1973,1851,87,1938,6
2022-01-16,Mendocino,045,87422,10643,9992,1407,11399,102
2022-01-16,Merced,047,269075,53258,50882,4299,55181,718
2022-01-16,Modoc,049,8938,645,629,218,847,6
2022-01-16,Mono,051,14174,2751,2614,96,2710,4
2022-01-16,Monterey,053,433212,64652,57012,7176,64188,647
2022-01-16,Napa,055,140530,20842,19521,577,20098,109
2022-01-16,Nevada,057,99092,13314,12307,749,13056,111
2022-01-16,Orange,059,3164182,483962,451962,35207,487169,5932
2022-01-16,Placer,061,380077,53066,50076,5995,56071,508
2022-01-16,Plumas,063,18699,2398,2204,142,2346,12
2022-01-16,Riverside,065,2383286,517880,485191,24034,509225,5600
2022-01-16,Sacramento,067,1510023,235164,218819,16319,235138,2491
2022-01-16,San Benito,069,59416,10767,10377,342,10719,88
2022-01-16,San Bernardino,071,2135413,506663,474425,21076,495501,6259
2022-01-16,San Diego,073,3302833,631342,569241,41403,610644,4545
2022-01-16,San Francisco,075,870044,102248,94139,6391,100530,694
2022-01-16,San Joaquin,077,732212,139674,132214,8170,140384,1958
2022-01-16,San Luis Obispo,079,281455,42797,40113,2684,42797,379
2022-01-16,San Mateo,081,765935,100266,85966,4540,90506,585
2022-01-16,Santa Barbara,083,443738,69526,66111,3254,69365,582
2022-01-16,Santa Clara,085,1922200,249417,234293,8025,242318,1984
2022-01-16,Santa Cruz,087,273765,33812,31469,1699,33168,237
2022-01-16,Shasta,089,179085,26015,24980,4623,29603,449
2022-01-16,Sierra,091,2930,252,238,31,269,0
2022-01-16,Siskiyou,093,43540,3858,3748,1896,5644,62
2022-01-16,Solano,095,438530,66257,60885,3831,64716,391
2022-01-16,Sonoma,097,501317,66538,61842,1759,63601,419
2022-01-16,Stanislaus,099,539301,100388,96370,12773,109143,1379
2022-01-16,Sutter,101,95872,17611,16996,911,17907,198
2022-01-16,Tehama,103,63373,10298,9868,2092,11960,142
2022-01-16,Trinity,105,12862,1004,889,249,1138,19
2022-01-16,Tulare,107,460477,86594,80867,21377,102244,1199
2022-01-16,Tuolumne,109,53932,10056,9369,243,9612,91
2022-01-16,Ventura,111,848112,150551,140715,8242,148957,1234
2022-01-16,Yolo,113,214977,30612,28481,2358,30839,270
2022-01-16,Yuba,115,75493,13295,12760,698,13458,101
2022-01-15,Alameda,001,1643700,204057,177768,9406,187174,1561
2022-01-15,Alpine,003,1148,116,117,0,117,0
2022-01-15,Amador,005,37829,6949,6434,214,6648,72
2022-01-15,Butte,007,227075,27512,25032,5176,30208,348
2022-01-15,Calaveras,009,45235,5896,5258,136,5394,93
2022-01-15,Colusa,011,21464,2965,2796,888,3684,21
2022-01-15,Contra Costa,013,1133247,154797,137643,8546,146189,1082
2022-01-15,Del Norte,015,27424,4264,4065,88,4153,43
2022-01-15,El Dorado,017,186661,22968,20434,2526,22960,175
2022-01-15,Fresno,019,978130,184172,167361,17687,185048,2415
2022-01-15,Glenn,021,27897,4220,3906,1330,5236,39
2022-01-15,Humboldt,023,135768,13772,12419,1769,14188,123
2022-01-15,Imperial,025,180216,46204,42508,7340,49848,817
2022-01-15,Inyo,027,18085,3715,3395,145,3540,49
2022-01-15,Kern,029,883053,164765,150085,35495,185580,1938
2022-01-15,Kings,031,150075,40839,37221,2572,39793,391
2022-01-15,Lake,033,64148,8277,7641,484,8125,117
2022-01-15,Lassen,035,31185,7561,7274,606,7880,55
2022-01-15,Los Angeles,037,10098052,2336705,2047927,105454,2153381,27641
2022-01-15,Madera,039,155013,29836,27294,3448,30742,329
2022-01-15,Marin,041,260295,28069,25248,1652,26900,251
2022-01-15,Mariposa,043,17540,1966,1762,87,1849,6
2022-01-15,Mendocino,045,87422,10570,9534,1401,10935,102
2022-01-15,Merced,047,269075,53092,48904,4288,53192,715
2022-01-15,Modoc,049,8938,643,628,218,846,6
2022-01-15,Mono,051,14174,2746,2508,95,2603,4
2022-01-15,Monterey,053,433212,64138,55315,7108,62423,647
2022-01-15,Napa,055,140530,20721,17648,572,18220,109
2022-01-15,Nevada,057,99092,13256,11773,735,12508,111
2022-01-15,Orange,059,3164182,481369,433141,34931,468072,5914
2022-01-15,Placer,061,380077,52780,47780,5961,53741,501
2022-01-15,Plumas,063,18699,2377,2158,136,2294,12
2022-01-15,Riverside,065,2383286,515198,466381,23899,490280,5578
2022-01-15,Sacramento,067,1510023,234008,208156,16215,224371,2491
2022-01-15,San Benito,069,59416,10668,9868,336,10204,87
2022-01-15,San Bernardino,071,2135413,504369,454395,20923,475318,6233
2022-01-15,San Diego,073,3302833,627547,559385,41147,600532,4540
2022-01-15,San Francisco,075,870044,101254,88004,6256,94260,692
2022-01-15,San Joaquin,077,732212,139112,125136,8070,133206,1954
2022-01-15,San Luis Obispo,079,281455,42608,38231,2671,40902,374
2022-01-15,San Mateo,081,765935,99310,80494,4499,84993,582
2022-01-15,Santa Barbara,083,443738,68927,62312,3243,65555,579
2022-01-15,Santa Clara,085,1922200,247215,218986,7900,226886,1974
2022-01-15,Santa Cruz,087,273765,33456,29414,1691,31105,235
2022-01-15,Shasta,089,179085,25926,24482,4591,29073,445
2022-01-15,Sierra,091,2930,251,232,30,262,0
2022-01-15,Siskiyou,093,43540,3846,3661,1885,5546,62
2022-01-15,Solano,095,438530,65978,58061,3780,61841,389
2022-01-15,Sonoma,097,501317,65953,58181,1753,59934,418
2022-01-15,Stanislaus,099,539301,99805,92986,12675,105661,1379
2022-01-15,Sutter,101,95872,17521,16345,901,17246,197
2022-01-15,Tehama,103,63373,10249,9572,2073,11645,141
2022-01-15,Trinity,105,12862,1001,872,249,1121,19
2022-01-15,Tulare,107,460477,86149,77769,21253,99022,1192
2022-01-15,Tuolumne,109,53932,9957,9042,238,9280,91
2022-01-15,Ventura,111,848112,149778,134736,8205,142941,1227
2022-01-15,Yolo,113,214977,30432,27311,2338,29649,270
2022-01-15,Yuba,115,75493,13233,12200,694,12894,101
2022-01-14,Alameda,001,1643700,202019,177768,9354,187122,1561
2022-01-14,Alpine,003,1148,116,117,0,117,0
2022-01-14,Amador,005,37829,6873,6434,205,6639,72
2022-01-14,Butte,007,227075,27331,25032,5147,30179,348
2022-01-14,Calaveras,009,45235,5859,5258,135,5393,93
2022-01-14,Colusa,011,21464,2956,2796,878,3674,21
2022-01-14,Contra Costa,013,1133247,153354,137643,8444,146087,1082
2022-01-14,Del Norte,015,27424,4239,4065,87,4152,43
2022-01-14,El Dorado,017,186661,22813,20434,2508,22942,175
2022-01-14,Fresno,019,978130,182518,167361,17611,184972,2415
2022-01-14,Glenn,021,27897,4198,3906,1321,5227,39
2022-01-14,Humboldt,023,135768,13667,12419,1736,14155,123
2022-01-14,Imperial,025,180216,46034,42508,7320,49828,817
2022-01-14,Inyo,027,18085,3690,3395,141,3536,49
2022-01-14,Kern,029,883053,163768,150085,35058,185143,1938
2022-01-14,Kings,031,150075,40589,37221,2563,39784,391
2022-01-14,Lake,033,64148,8220,7641,471,8112,117
2022-01-14,Lassen,035,31185,7531,7274,594,7868,55
2022-01-14,Los Angeles,037,10098052,2317374,2047927,104408,2152335,27641
2022-01-14,Madera,039,155013,29599,27294,3423,30717,329
2022-01-14,Marin,041,260295,27809,25248,1617,26865,251
2022-01-14,Mariposa,043,17540,1951,1762,87,1849,6
2022-01-14,Mendocino,045,87422,10459,9534,1388,10922,102
2022-01-14,Merced,047,269075,52906,48904,4272,53176,715
2022-01-14,Modoc,049,8938,642,628,218,846,6
2022-01-14,Mono,051,14174,2725,2508,93,2601,4
2022-01-14,Monterey,053,433212,63442,55315,7016,62331,647
2022-01-14,Napa,055,140530,20551,17648,566,18214,109
2022-01-14,Nevada,057,99092,13133,11773,722,12495,111
2022-01-14,Orange,059,3164182,477637,433141,34609,467750,5914
2022-01-14,Placer,061,380077,52345,47780,5875,53655,501
2022-01-14,Plumas,063,18699,2369,2158,129,2287,12
2022-01-14,Riverside,065,2383286,511672,466381,23755,490136,5578
2022-01-14,Sacramento,067,1510023,232064,208156,16058,224214,2491
2022-01-14,San Benito,069,59416,10616,9868,335,10203,87
2022-01-14,San Bernardino,071,2135413,501251,454395,20734,475129,6233
2022-01-14,San Diego,073,3302833,621896,559385,40842,600227,4540
2022-01-14,San Francisco,075,870044,100082,88004,6079,94083,692
2022-01-14,San Joaquin,077,732212,138267,125136,7988,133124,1954
2022-01-14,San Luis Obispo,079,281455,42442,38231,2648,40879,374
2022-01-14,San Mateo,081,765935,98084,80494,4470,84964,582
2022-01-14,Santa Barbara,083,443738,68410,62312,3233,65545,579
2022-01-14,Santa Clara,085,1922200,244641,218986,7793,226779,1974
2022-01-14,Santa Cruz,087,273765,33079,29414,1681,31095,235
2022-01-14,Shasta,089,179085,25811,24482,4557,29039,445
2022-01-14,Sierra,091,2930,249,232,28,260,0
2022-01-14,Siskiyou,093,43540,3835,3661,1872,5533,62
2022-01-14,Solano,095,438530,65135,58061,3690,61751,389
2022-01-14,Sonoma,097,501317,65419,58181,1726,59907,418
2022-01-14,Stanislaus,099,539301,99200,92986,12574,105560,1379
2022-01-14,Sutter,101,95872,17395,16345,892,17237,197
2022-01-14,Tehama,103,63373,10196,9572,2060,11632,141
2022-01-14,Trinity,105,12862,996,872,247,1119,19
2022-01-14,Tulare,107,460477,85618,77769,21078,98847,1192
2022-01-14,Tuolumne,109,53932,9834,9042,233,9275,91
2022-01-14,Ventura,111,848112,148673,134736,8147,142883,1227
2022-01-14,Yolo,113,214977,30189,27311,2308,29619,270
2022-01-14,Yuba,115,75493,13130,12200,689,12889,101
2022-01-13,Alameda,001,1643700,197717,177768,9003,186771,1561
2022-01-13,Alpine,003,1148,115,117,0,117,0
2022-01-13,Amador,005,37829,6813,6434,184,6618,72
2022-01-13,Butte,007,227075,27031,25032,5035,30067,348
2022-01-13,Calaveras,009,45235,5768,5258,131,5389,93
2022-01-13,Colusa,011,21464,2925,2796,868,3664,21
2022-01-13,Contra Costa,013,1133247,150832,137643,7988,145631,1082
2022-01-13,Del Norte,015,27424,4203,4065,86,4151,43
2022-01-13,El Dorado,017,186661,22566,20434,2462,22896,175
2022-01-13,Fresno,019,978130,179716,167361,17246,184607,2415
2022-01-13,Glenn,021,27897,4151,3906,1295,5201,39
2022-01-13,Humboldt,023,135768,13514,12419,1674,14093,123
2022-01-13,Imperial,025,180216,45489,42508,7097,49605,817
2022-01-13,Inyo,027,18085,3634,3395,124,3519,49
2022-01-13,Kern,029,883053,162177,150085,34461,184546,1938
2022-01-13,Kings,031,150075,40108,37221,2518,39739,391
2022-01-13,Lake,033,64148,8119,7641,450,8091,117
2022-01-13,Lassen,035,31185,7502,7274,578,7852,55
2022-01-13,Los Angeles,037,10098052,2280898,2047927,102621,2150548,27641
2022-01-13,Madera,039,155013,29138,27294,3329,30623,329
2022-01-13,Marin,041,260295,27463,25248,1573,26821,251
2022-01-13,Mariposa,043,17540,1928,1762,84,1846,6
2022-01-13,Mendocino,045,87422,10368,9534,1320,10854,102
2022-01-13,Merced,047,269075,52248,48904,4010,52914,715
2022-01-13,Modoc,049,8938,639,628,218,846,6
2022-01-13,Mono,051,14174,2702,2508,90,2598,4
2022-01-13,Monterey,053,433212,62504,55315,6728,62043,647
2022-01-13,Napa,055,140530,20254,17648,556,18204,109
2022-01-13,Nevada,057,99092,12945,11773,692,12465,111
2022-01-13,Orange,059,3164182,471191,433141,34154,467295,5914
2022-01-13,Placer,061,380077,51710,47780,5760,53540,501
2022-01-13,Plumas,063,18699,2349,2158,119,2277,12
2022-01-13,Riverside,065,2383286,505378,466381,23425,489806,5578
2022-01-13,Sacramento,067,1510023,228967,208156,15252,223408,2491
2022-01-13,San Benito,069,59416,10512,9868,327,10195,87
2022-01-13,San Bernardino,071,2135413,495556,454395,20257,474652,6233
2022-01-13,San Diego,073,3302833,613365,559385,39968,599353,4540
2022-01-13,San Francisco,075,870044,98345,88004,5881,93885,692
2022-01-13,San Joaquin,077,732212,136197,125136,7838,132974,1954
2022-01-13,San Luis Obispo,079,281455,41840,38231,2543,40774,374
2022-01-13,San Mateo,081,765935,96301,80494,4229,84723,582
2022-01-13,Santa Barbara,083,443738,67413,62312,3047,65359,579
2022-01-13,Santa Clara,085,1922200,240382,218986,7456,226442,1974
2022-01-13,Santa Cruz,087,273765,32265,29414,1659,31073,235
2022-01-13,Shasta,089,179085,25604,24482,4484,28966,445
2022-01-13,Sierra,091,2930,248,232,28,260,0
2022-01-13,Siskiyou,093,43540,3813,3661,1831,5492,62
2022-01-13,Solano,095,438530,64004,58061,3578,61639,389
2022-01-13,Sonoma,097,501317,64353,58181,1668,59849,418
2022-01-13,Stanislaus,099,539301,98083,92986,12292,105278,1379
2022-01-13,Sutter,101,95872,17199,16345,827,17172,197
2022-01-13,Tehama,103,63373,10098,9572,2011,11583,141
2022-01-13,Trinity,105,12862,988,872,247,1119,19
2022-01-13,Tulare,107,460477,84336,77769,20762,98531,1192
2022-01-13,Tuolumne,109,53932,9695,9042,215,9257,91
2022-01-13,Ventura,111,848112,146887,134736,8057,142793,1227
2022-01-13,Yolo,113,214977,29777,27311,2261,29572,270
2022-01-13,Yuba,115,75493,12994,12200,660,12860,101
2022-01-12,Alameda,001,1643700,193094,173001,8542,181543,1563
2022-01-12,Alpine,003,1148,115,117,0,117,0
2022-01-12,Amador,005,37829,6765,6354,170,6524,71
2022-01-12,Butte,007,227075,26705,24631,4947,29578,348
2022-01-12,Calaveras,009,45235,5689,5151,125,5276,93
2022-01-12,Colusa,011,21464,2885,2772,855,3627,21
2022-01-12,Contra Costa,013,1133247,148290,134579,7625,142204,1077
2022-01-12,Del Norte,015,27424,4176,4019,84,4103,43
2022-01-12,El Dorado,017,186661,22243,20092,2421,22513,175
2022-01-12,Fresno,019,978130,176980,165316,16825,182141,2413
2022-01-12,Glenn,021,27897,4099,3859,1273,5132,39
2022-01-12,Humboldt,023,135768,13342,12081,1592,13673,122
2022-01-12,Imperial,025,180216,44833,41985,6783,48768,814
2022-01-12,Inyo,027,18085,3588,3334,108,3442,49
2022-01-12,Kern,029,883053,160037,148435,33723,182158,1933
2022-01-12,Kings,031,150075,39473,36780,2476,39256,391
2022-01-12,Lake,033,64148,8003,7535,406,7941,117
2022-01-12,Lassen,035,31185,7459,7223,551,7774,55
2022-01-12,Los Angeles,037,10098052,2241191,2005065,100366,2105431,27601
2022-01-12,Madera,039,155013,28822,26952,3231,30183,329
2022-01-12,Marin,041,260295,26973,24704,1522,26226,251
2022-01-12,Mariposa,043,17540,1899,1725,82,1807,6
2022-01-12,Mendocino,045,87422,10203,9379,1220,10599,103
2022-01-12,Merced,047,269075,51546,48441,3734,52175,710
2022-01-12,Modoc,049,8938,637,627,218,845,6
2022-01-12,Mono,051,14174,2666,2466,86,2552,4
2022-01-12,Monterey,053,433212,61519,54524,6365,60889,647
2022-01-12,Napa,055,140530,19996,17347,533,17880,109
2022-01-12,Nevada,057,99092,12730,11552,644,12196,111
2022-01-12,Orange,059,3164182,464402,425737,33562,459299,5912
2022-01-12,Placer,061,380077,51054,47004,5647,52651,501
2022-01-12,Plumas,063,18699,2310,2135,108,2243,12
2022-01-12,Riverside,065,2383286,498165,458881,23079,481960,5565
2022-01-12,Sacramento,067,1510023,225376,204696,14353,219049,2479
2022-01-12,San Benito,069,59416,10381,9737,315,10052,87
2022-01-12,San Bernardino,071,2135413,489258,447869,19632,467501,6222
2022-01-12,San Diego,073,3302833,602858,551669,39110,590779,4529
2022-01-12,San Francisco,075,870044,96506,85700,5768,91468,691
2022-01-12,San Joaquin,077,732212,133913,122850,7710,130560,1948
2022-01-12,San Luis Obispo,079,281455,41109,37727,2460,40187,373
2022-01-12,San Mateo,081,765935,94267,78476,3851,82327,582
2022-01-12,Santa Barbara,083,443738,66269,60815,2942,63757,578
2022-01-12,Santa Clara,085,1922200,235890,213177,7073,220250,1971
2022-01-12,Santa Cruz,087,273765,31610,28463,1610,30073,235
2022-01-12,Shasta,089,179085,25387,24324,4418,28742,446
2022-01-12,Sierra,091,2930,247,228,28,256,0
2022-01-12,Siskiyou,093,43540,3786,3639,1784,5423,62
2022-01-12,Solano,095,438530,62958,57052,3456,60508,386
2022-01-12,Sonoma,097,501317,63064,56394,1584,57978,417
2022-01-12,Stanislaus,099,539301,96849,91738,11951,103689,1373
2022-01-12,Sutter,101,95872,17003,16135,794,16929,197
2022-01-12,Tehama,103,63373,10009,9475,1950,11425,141
2022-01-12,Trinity,105,12862,984,868,246,1114,19
2022-01-12,Tulare,107,460477,83201,76943,20351,97294,1192
2022-01-12,Tuolumne,109,53932,9564,8870,197,9067,91
2022-01-12,Ventura,111,848112,144976,132180,7976,140156,1220
2022-01-12,Yolo,113,214977,29366,26888,2183,29071,270
2022-01-12,Yuba,115,75493,12835,12015,633,12648,101
2022-01-11,Alameda,001,1643700,188576,169181,8141,177322,1561
2022-01-11,Alpine,003,1148,115,116,0,116,0
2022-01-11,Amador,005,37829,6681,6317,155,6472,71
2022-01-11,Butte,007,227075,26312,24479,4857,29336,347
2022-01-11,Calaveras,009,45235,5559,5083,111,5194,93
2022-01-11,Colusa,011,21464,2863,2766,841,3607,21
2022-01-11,Contra Costa,013,1133247,145320,132410,7141,139551,1077
2022-01-11,Del Norte,015,27424,4142,4006,82,4088,43
2022-01-11,El Dorado,017,186661,21895,19842,2348,22190,174
2022-01-11,Fresno,019,978130,173938,163509,16478,179987,2404
2022-01-11,Glenn,021,27897,4037,3844,1228,5072,39
2022-01-11,Humboldt,023,135768,13121,11960,1499,13459,122
2022-01-11,Imperial,025,180216,44228,41444,6576,48020,813
2022-01-11,Inyo,027,18085,3490,3278,101,3379,49
2022-01-11,Kern,029,883053,157751,146942,32891,179833,1929
2022-01-11,Kings,031,150075,38886,36524,2445,38969,389
2022-01-11,Lake,033,64148,7925,7494,390,7884,117
2022-01-11,Lassen,035,31185,7410,7210,537,7747,55
2022-01-11,Los Angeles,037,10098052,2198751,1966319,98135,2064454,27563
2022-01-11,Madera,039,155013,28406,26688,3151,29839,329
2022-01-11,Marin,041,260295,26618,24387,1477,25864,251
2022-01-11,Mariposa,043,17540,1877,1718,78,1796,6
2022-01-11,Mendocino,045,87422,10042,9301,1122,10423,102
2022-01-11,Merced,047,269075,50782,48068,3551,51619,708
2022-01-11,Modoc,049,8938,636,626,217,843,6
2022-01-11,Mono,051,14174,2623,2425,85,2510,4
2022-01-11,Monterey,053,433212,60475,53911,6013,59924,646
2022-01-11,Napa,055,140530,19555,17020,485,17505,109
2022-01-11,Nevada,057,99092,12504,11467,609,12076,110
2022-01-11,Orange,059,3164182,456728,417703,32926,450629,5909
2022-01-11,Placer,061,380077,50303,46459,5503,51962,500
2022-01-11,Plumas,063,18699,2275,2099,100,2199,12
2022-01-11,Riverside,065,2383286,490437,453766,22762,476528,5551
2022-01-11,Sacramento,067,1510023,221189,201058,13303,214361,2489
2022-01-11,San Benito,069,59416,10244,9624,302,9926,83
2022-01-11,San Bernardino,071,2135413,481546,442960,19023,461983,6198
2022-01-11,San Diego,073,3302833,590839,536954,38003,574957,4520
2022-01-11,San Francisco,075,870044,94302,83678,5608,89286,691
2022-01-11,San Joaquin,077,732212,131538,121139,7539,128678,1944
2022-01-11,San Luis Obispo,079,281455,40333,37183,2341,39524,372
2022-01-11,San Mateo,081,765935,91970,76756,3629,80385,582
2022-01-11,Santa Barbara,083,443738,64967,59758,2803,62561,578
2022-01-11,Santa Clara,085,1922200,230509,208425,6616,215041,1971
2022-01-11,Santa Cruz,087,273765,31102,27709,1559,29268,232
2022-01-11,Shasta,089,179085,25132,24132,4324,28456,446
2022-01-11,Sierra,091,2930,245,228,28,256,0
2022-01-11,Siskiyou,093,43540,3760,3621,1734,5355,62
2022-01-11,Solano,095,438530,61562,56349,3300,59649,388
2022-01-11,Sonoma,097,501317,61546,55411,1503,56914,416
2022-01-11,Stanislaus,099,539301,95485,90998,11586,102584,1372
2022-01-11,Sutter,101,95872,16802,15993,738,16731,197
2022-01-11,Tehama,103,63373,9878,9406,1902,11308,140
2022-01-11,Trinity,105,12862,972,858,244,1102,19
2022-01-11,Tulare,107,460477,81894,76267,19941,96208,1188
2022-01-11,Tuolumne,109,53932,9406,8811,190,9001,91
2022-01-11,Ventura,111,848112,142744,129548,7835,137383,1220
2022-01-11,Yolo,113,214977,28791,26482,2119,28601,270
2022-01-11,Yuba,115,75493,12661,11912,612,12524,101
2022-01-10,Alameda,001,1643700,183478,165657,7613,173270,1559
2022-01-10,Alpine,003,1148,115,116,0,116,0
2022-01-10,Amador,005,37829,6578,6279,139,6418,71
2022-01-10,Butte,007,227075,25970,24217,4767,28984,347
2022-01-10,Calaveras,009,45235,5460,5025,105,5130,93
2022-01-10,Colusa,011,21464,2835,2758,832,3590,21
2022-01-10,Contra Costa,013,1133247,142593,129951,6629,136580,1077
2022-01-10,Del Norte,015,27424,4119,3970,82,4052,43
2022-01-10,El Dorado,017,186661,21331,19606,2291,21897,172
2022-01-10,Fresno,019,978130,170894,161593,16079,177672,2404
2022-01-10,Glenn,021,27897,3978,3807,1214,5021,39
2022-01-10,Humboldt,023,135768,12877,11778,1366,13144,121
2022-01-10,Imperial,025,180216,43503,41080,6354,47434,811
2022-01-10,Inyo,027,18085,3435,3227,89,3316,49
2022-01-10,Kern,029,883053,155177,145744,32137,177881,1929
2022-01-10,Kings,031,150075,38263,36286,2408,38694,389
2022-01-10,Lake,033,64148,7836,7416,366,7782,117
2022-01-10,Lassen,035,31185,7373,7192,514,7706,55
2022-01-10,Los Angeles,037,10098052,2153230,1932475,95645,2028120,27546
2022-01-10,Madera,039,155013,27953,26501,3049,29550,328
2022-01-10,Marin,041,260295,26131,24023,1403,25426,251
2022-01-10,Mariposa,043,17540,1837,1684,72,1756,6
2022-01-10,Mendocino,045,87422,9869,9163,1034,10197,101
2022-01-10,Merced,047,269075,49972,47632,3270,50902,707
2022-01-10,Modoc,049,8938,635,622,215,837,6
2022-01-10,Mono,051,14174,2557,2415,80,2495,4
2022-01-10,Monterey,053,433212,59519,53485,5696,59181,645
2022-01-10,Napa,055,140530,19177,16775,470,17245,109
2022-01-10,Nevada,057,99092,12281,11300,571,11871,110
2022-01-10,Orange,059,3164182,448038,406170,32071,438241,5906
2022-01-10,Placer,061,380077,49452,45642,5341,50983,498
2022-01-10,Plumas,063,18699,2240,2086,98,2184,12
2022-01-10,Riverside,065,2383286,482184,445536,22308,467844,5546
2022-01-10,Sacramento,067,1510023,216678,198023,12231,210254,2474
2022-01-10,San Benito,069,59416,10072,9467,292,9759,83
2022-01-10,San Bernardino,071,2135413,473354,437207,18296,455503,6184
2022-01-10,San Diego,073,3302833,578129,530506,36865,567371,4500
2022-01-10,San Francisco,075,870044,92507,82209,5347,87556,690
2022-01-10,San Joaquin,077,732212,128869,119587,7252,126839,1927
2022-01-10,San Luis Obispo,079,281455,39518,36618,2243,38861,371
2022-01-10,San Mateo,081,765935,89325,75210,3371,78581,582
2022-01-10,Santa Barbara,083,443738,63707,58957,2613,61570,578
2022-01-10,Santa Clara,085,1922200,224731,203540,6130,209670,1971
2022-01-10,Santa Cruz,087,273765,30262,26906,1520,28426,232
2022-01-10,Shasta,089,179085,24933,23983,4246,28229,446
2022-01-10,Sierra,091,2930,242,223,28,251,0
2022-01-10,Siskiyou,093,43540,3727,3592,1690,5282,62
2022-01-10,Solano,095,438530,60524,55663,3091,58754,385
2022-01-10,Sonoma,097,501317,59997,54478,1456,55934,412
2022-01-10,Stanislaus,099,539301,94156,89997,11256,101253,1372
2022-01-10,Sutter,101,95872,16558,15823,691,16514,196
2022-01-10,Tehama,103,63373,9766,9360,1846,11206,140
2022-01-10,Trinity,105,12862,968,849,242,1091,19
2022-01-10,Tulare,107,460477,80392,75498,19527,95025,1186
2022-01-10,Tuolumne,109,53932,9280,8685,178,8863,91
2022-01-10,Ventura,111,848112,140138,126240,7689,133929,1217
2022-01-10,Yolo,113,214977,28194,26065,2064,28129,270
2022-01-10,Yuba,115,75493,12412,11776,577,12353,101
2022-01-09,Alameda,001,1643700,178986,162701,6938,169639,1561
2022-01-09,Alpine,003,1148,115,116,0,116,0
2022-01-09,Amador,005,37829,6491,6215,127,6342,71
2022-01-09,Butte,007,227075,25581,24018,4652,28670,347
2022-01-09,Calaveras,009,45235,5330,4976,96,5072,93
2022-01-09,Colusa,011,21464,2808,2750,809,3559,21
2022-01-09,Contra Costa,013,1133247,139734,128050,5976,134026,1077
2022-01-09,Del Norte,015,27424,4080,3950,78,4028,43
2022-01-09,El Dorado,017,186661,20969,19430,2225,21655,172
2022-01-09,Fresno,019,978130,168310,159989,15697,175686,2405
2022-01-09,Glenn,021,27897,3923,3797,1193,4990,39
2022-01-09,Humboldt,023,135768,12633,11582,1243,12825,121
2022-01-09,Imperial,025,180216,42661,40608,6085,46693,811
2022-01-09,Inyo,027,18085,3332,3149,80,3229,49
2022-01-09,Kern,029,883053,152718,144819,31388,176207,1927
2022-01-09,Kings,031,150075,37586,36041,2370,38411,389
2022-01-09,Lake,033,64148,7725,7393,321,7714,117
2022-01-09,Lassen,035,31185,7308,7172,485,7657,55
2022-01-09,Los Angeles,037,10098052,2105200,1887830,92640,1980470,27532
2022-01-09,Madera,039,155013,27570,26325,2948,29273,328
2022-01-09,Marin,041,260295,25681,23708,1312,25020,251
2022-01-09,Mariposa,043,17540,1787,1660,71,1731,6
2022-01-09,Mendocino,045,87422,9660,9097,922,10019,101
2022-01-09,Merced,047,269075,49103,47294,2998,50292,706
2022-01-09,Modoc,049,8938,633,619,215,834,6
2022-01-09,Mono,051,14174,2522,2390,73,2463,4
2022-01-09,Monterey,053,433212,58459,53251,5424,58675,645
2022-01-09,Napa,055,140530,18682,16614,454,17068,109
2022-01-09,Nevada,057,99092,12024,11152,510,11662,110
2022-01-09,Orange,059,3164182,438047,400563,31114,431677,5905
2022-01-09,Placer,061,380077,48472,45081,5190,50271,498
2022-01-09,Plumas,063,18699,2201,2081,78,2159,12
2022-01-09,Riverside,065,2383286,473200,440413,21760,462173,5546
2022-01-09,Sacramento,067,1510023,211878,195444,11081,206525,2475
2022-01-09,San Benito,069,59416,9886,9363,264,9627,83
2022-01-09,San Bernardino,071,2135413,465164,430257,17475,447732,6180
2022-01-09,San Diego,073,3302833,564975,478206,35010,513216,4500
2022-01-09,San Francisco,075,870044,90641,80463,5099,85562,690
2022-01-09,San Joaquin,077,732212,125790,118422,7085,125507,1927
2022-01-09,San Luis Obispo,079,281455,38710,36291,2135,38426,371
2022-01-09,San Mateo,081,765935,86814,73867,3040,76907,582
2022-01-09,Santa Barbara,083,443738,62020,58280,2350,60630,578
2022-01-09,Santa Clara,085,1922200,218679,199889,5584,205473,1976
2022-01-09,Santa Cruz,087,273765,29511,26513,1488,28001,232
2022-01-09,Shasta,089,179085,24699,23926,4158,28084,446
2022-01-09,Sierra,091,2930,239,223,26,249,0
2022-01-09,Siskiyou,093,43540,3698,3580,1629,5209,62
2022-01-09,Solano,095,438530,59368,54985,2804,57789,384
2022-01-09,Sonoma,097,501317,58321,53543,1418,54961,412
2022-01-09,Stanislaus,099,539301,92792,89248,10994,100242,1372
2022-01-09,Sutter,101,95872,16270,15695,610,16305,196
2022-01-09,Tehama,103,63373,9646,9306,1794,11100,140
2022-01-09,Trinity,105,12862,964,848,240,1088,19
2022-01-09,Tulare,107,460477,78975,75085,19132,94217,1186
2022-01-09,Tuolumne,109,53932,9124,8595,159,8754,91
2022-01-09,Ventura,111,848112,137081,124269,7449,131718,1217
2022-01-09,Yolo,113,214977,27585,25632,2017,27649,270
2022-01-09,Yuba,115,75493,12215,11666,546,12212,101
2022-01-08,Alameda,001,1643700,177100,148560,6794,155354,1558
2022-01-08,Alpine,003,1148,115,114,0,114,0
2022-01-08,Amador,005,37829,6458,6091,122,6213,71
2022-01-08,Butte,007,227075,25400,23429,4613,28042,347
2022-01-08,Calaveras,009,45235,5284,4823,92,4915,93
2022-01-08,Colusa,011,21464,2800,2713,806,3519,21
2022-01-08,Contra Costa,013,1133247,138229,119907,5896,125803,1077
2022-01-08,Del Norte,015,27424,4063,3902,78,3980,43
2022-01-08,El Dorado,017,186661,20788,18599,2191,20790,172
2022-01-08,Fresno,019,978130,167427,155394,15561,170955,2393
2022-01-08,Glenn,021,27897,3915,3732,1188,4920,39
2022-01-08,Humboldt,023,135768,12513,11149,1217,12366,121
2022-01-08,Imperial,025,180216,42475,39429,5940,45369,800
2022-01-08,Inyo,027,18085,3318,3020,77,3097,49
2022-01-08,Kern,029,883053,151582,140410,30954,171364,1921
2022-01-08,Kings,031,150075,37344,35275,2352,37627,390
2022-01-08,Lake,033,64148,7684,7209,313,7522,117
2022-01-08,Lassen,035,31185,7282,7127,469,7596,55
2022-01-08,Los Angeles,037,10098052,2086817,1765787,90891,1856678,27476
2022-01-08,Madera,039,155013,27402,25767,2911,28678,328
2022-01-08,Marin,041,260295,25396,22377,1301,23678,251
2022-01-08,Mariposa,043,17540,1777,1588,71,1659,6
2022-01-08,Mendocino,045,87422,9586,8792,920,9712,101
2022-01-08,Merced,047,269075,48931,46094,2978,49072,703
2022-01-08,Modoc,049,8938,633,610,215,825,6
2022-01-08,Mono,051,14174,2511,2240,68,2308,4
2022-01-08,Monterey,053,433212,58071,51721,5331,57052,644
2022-01-08,Napa,055,140530,18528,15819,428,16247,109
2022-01-08,Nevada,057,99092,11941,10765,497,11262,110
2022-01-08,Orange,059,3164182,434250,375124,30258,405382,5903
2022-01-08,Placer,061,380077,48031,43172,5148,48320,495
2022-01-08,Plumas,063,18699,2191,2053,73,2126,12
2022-01-08,Riverside,065,2383286,469683,422591,21486,444077,5535
2022-01-08,Sacramento,067,1510023,210446,185118,10916,196034,2470
2022-01-08,San Benito,069,59416,9723,9016,261,9277,83
2022-01-08,San Bernardino,071,2135413,461831,411724,17076,428800,6122
2022-01-08,San Diego,073,3302833,560077,472273,34466,506739,4495
2022-01-08,San Francisco,075,870044,89443,73660,4818,78478,690
2022-01-08,San Joaquin,077,732212,124825,112514,6984,119498,1916
2022-01-08,San Luis Obispo,079,281455,38509,34489,2092,36581,369
2022-01-08,San Mateo,081,765935,85432,67918,2953,70871,582
2022-01-08,Santa Barbara,083,443738,61325,54617,2316,56933,575
2022-01-08,Santa Clara,085,1922200,215646,183842,5376,189218,1966
2022-01-08,Santa Cruz,087,273765,29086,24678,1467,26145,230
2022-01-08,Shasta,089,179085,24611,23585,4126,27711,445
2022-01-08,Sierra,091,2930,235,215,25,240,0
2022-01-08,Siskiyou,093,43540,3686,3545,1615,5160,62
2022-01-08,Solano,095,438530,58960,52452,2735,55187,383
2022-01-08,Sonoma,097,501317,57799,50130,1384,51514,411
2022-01-08,Stanislaus,099,539301,92153,87049,10885,97934,1372
2022-01-08,Sutter,101,95872,16152,15261,597,15858,195
2022-01-08,Tehama,103,63373,9615,9109,1786,10895,140
2022-01-08,Trinity,105,12862,958,836,240,1076,19
2022-01-08,Tulare,107,460477,78582,73600,18995,92595,1185
2022-01-08,Tuolumne,109,53932,9017,8360,156,8516,91
2022-01-08,Ventura,111,848112,135913,117229,7315,124544,1216
2022-01-08,Yolo,113,214977,27292,24006,1987,25993,270
2022-01-08,Yuba,115,75493,12128,11277,543,11820,101
2022-01-07,Alameda,001,1643700,174416,148560,6683,155243,1558
2022-01-07,Alpine,003,1148,115,114,0,114,0
2022-01-07,Amador,005,37829,6409,6091,119,6210,71
2022-01-07,Butte,007,227075,25195,23429,4580,28009,347
2022-01-07,Calaveras,009,45235,5246,4823,92,4915,93
2022-01-07,Colusa,011,21464,2791,2713,795,3508,21
2022-01-07,Contra Costa,013,1133247,136364,119907,5774,125681,1077
2022-01-07,Del Norte,015,27424,4047,3902,77,3979,43
2022-01-07,El Dorado,017,186661,20626,18599,2177,20776,172
2022-01-07,Fresno,019,978130,166066,155394,15463,170857,2393
2022-01-07,Glenn,021,27897,3895,3732,1185,4917,39
2022-01-07,Humboldt,023,135768,12371,11149,1189,12338,121
2022-01-07,Imperial,025,180216,42316,39429,5856,45285,800
2022-01-07,Inyo,027,18085,3299,3020,75,3095,49
2022-01-07,Kern,029,883053,150612,140410,30509,170919,1921
2022-01-07,Kings,031,150075,37167,35275,2338,37613,390
2022-01-07,Lake,033,64148,7637,7209,287,7496,117
2022-01-07,Lassen,035,31185,7269,7127,466,7593,55
2022-01-07,Los Angeles,037,10098052,2055625,1765787,89421,1855208,27476
2022-01-07,Madera,039,155013,27221,25767,2876,28643,328
2022-01-07,Marin,041,260295,25016,22377,1283,23660,251
2022-01-07,Mariposa,043,17540,1761,1588,71,1659,6
2022-01-07,Mendocino,045,87422,9493,8792,919,9711,101
2022-01-07,Merced,047,269075,48766,46094,2954,49048,703
2022-01-07,Modoc,049,8938,632,610,215,825,6
2022-01-07,Mono,051,14174,2473,2240,62,2302,4
2022-01-07,Monterey,053,433212,57652,51721,5237,56958,644
2022-01-07,Napa,055,140530,18301,15819,407,16226,109
2022-01-07,Nevada,057,99092,11813,10765,476,11241,110
2022-01-07,Orange,059,3164182,429439,375124,29637,404761,5903
2022-01-07,Placer,061,380077,47527,43172,5099,48271,495
2022-01-07,Plumas,063,18699,2182,2053,72,2125,12
2022-01-07,Riverside,065,2383286,465852,422591,21256,443847,5535
2022-01-07,Sacramento,067,1510023,208168,185118,10756,195874,2470
2022-01-07,San Benito,069,59416,9678,9016,260,9276,83
2022-01-07,San Bernardino,071,2135413,457898,411724,16843,428567,6122
2022-01-07,San Diego,073,3302833,552947,472273,33919,506192,4495
2022-01-07,San Francisco,075,870044,88002,73660,4558,78218,690
2022-01-07,San Joaquin,077,732212,123877,112514,6922,119436,1916
2022-01-07,San Luis Obispo,079,281455,38294,34489,2037,36526,369
2022-01-07,San Mateo,081,765935,83967,67918,2894,70812,582
2022-01-07,Santa Barbara,083,443738,60626,54617,2294,56911,575
2022-01-07,Santa Clara,085,1922200,212401,183842,5266,189108,1966
2022-01-07,Santa Cruz,087,273765,28606,24678,1451,26129,230
2022-01-07,Shasta,089,179085,24517,23585,4092,27677,445
2022-01-07,Sierra,091,2930,232,215,25,240,0
2022-01-07,Siskiyou,093,43540,3676,3545,1603,5148,62
2022-01-07,Solano,095,438530,58279,52452,2690,55142,383
2022-01-07,Sonoma,097,501317,57197,50130,1296,51426,411
2022-01-07,Stanislaus,099,539301,91627,87049,10798,97847,1372
2022-01-07,Sutter,101,95872,16001,15261,584,15845,195
2022-01-07,Tehama,103,63373,9579,9109,1773,10882,140
2022-01-07,Trinity,105,12862,951,836,239,1075,19
2022-01-07,Tulare,107,460477,78151,73600,18848,92448,1185
2022-01-07,Tuolumne,109,53932,8929,8360,152,8512,91
2022-01-07,Ventura,111,848112,134288,117229,7180,124409,1216
2022-01-07,Yolo,113,214977,26918,24006,1968,25974,270
2022-01-07,Yuba,115,75493,12024,11277,538,11815,101
2022-01-06,Alameda,001,1643700,169059,148560,6270,154830,1558
2022-01-06,Alpine,003,1148,114,114,0,114,0
2022-01-06,Amador,005,37829,6357,6091,113,6204,71
2022-01-06,Butte,007,227075,24903,23429,4495,27924,347
2022-01-06,Calaveras,009,45235,5125,4823,90,4913,93
2022-01-06,Colusa,011,21464,2771,2713,786,3499,21
2022-01-06,Contra Costa,013,1133247,133498,119907,5359,125266,1077
2022-01-06,Del Norte,015,27424,4013,3902,75,3977,43
2022-01-06,El Dorado,017,186661,20293,18599,2137,20736,172
2022-01-06,Fresno,019,978130,163938,155394,15197,170591,2393
2022-01-06,Glenn,021,27897,3868,3732,1159,4891,39
2022-01-06,Humboldt,023,135768,12145,11149,1148,12297,121
2022-01-06,Imperial,025,180216,41727,39429,5653,45082,800
2022-01-06,Inyo,027,18085,3261,3020,75,3095,49
2022-01-06,Kern,029,883053,148942,140410,29832,170242,1921
2022-01-06,Kings,031,150075,36841,35275,2312,37587,390
2022-01-06,Lake,033,64148,7563,7209,275,7484,117
2022-01-06,Lassen,035,31185,7247,7127,460,7587,55
2022-01-06,Los Angeles,037,10098052,2001484,1765787,87049,1852836,27476
2022-01-06,Madera,039,155013,26915,25767,2819,28586,328
2022-01-06,Marin,041,260295,24616,22377,1250,23627,251
2022-01-06,Mariposa,043,17540,1742,1588,70,1658,6
2022-01-06,Mendocino,045,87422,9396,8792,878,9670,101
2022-01-06,Merced,047,269075,48216,46094,2814,48908,703
2022-01-06,Modoc,049,8938,631,610,215,825,6
2022-01-06,Mono,051,14174,2450,2240,59,2299,4
2022-01-06,Monterey,053,433212,56930,51721,4983,56704,644
2022-01-06,Napa,055,140530,17902,15819,398,16217,109
2022-01-06,Nevada,057,99092,11618,10765,464,11229,110
2022-01-06,Orange,059,3164182,419988,375124,28889,404013,5903
2022-01-06,Placer,061,380077,46781,43172,5011,48183,495
2022-01-06,Plumas,063,18699,2164,2053,64,2117,12
2022-01-06,Riverside,065,2383286,458378,422591,20961,443552,5535
2022-01-06,Sacramento,067,1510023,204107,185118,9993,195111,2470
2022-01-06,San Benito,069,59416,9578,9016,253,9269,83
2022-01-06,San Bernardino,071,2135413,450523,411724,16350,428074,6122
2022-01-06,San Diego,073,3302833,541302,472273,32915,505188,4495
2022-01-06,San Francisco,075,870044,85689,73660,4304,77964,690
2022-01-06,San Joaquin,077,732212,121716,112514,6837,119351,1916
2022-01-06,San Luis Obispo,079,281455,37594,34489,1966,36455,369
2022-01-06,San Mateo,081,765935,81549,67918,2713,70631,582
2022-01-06,Santa Barbara,083,443738,59457,54617,2232,56849,575
2022-01-06,Santa Clara,085,1922200,207504,183842,4875,188717,1966
2022-01-06,Santa Cruz,087,273765,28046,24678,1427,26105,230
2022-01-06,Shasta,089,179085,24372,23585,4042,27627,445
2022-01-06,Sierra,091,2930,229,215,25,240,0
2022-01-06,Siskiyou,093,43540,3660,3545,1557,5102,62
2022-01-06,Solano,095,438530,57267,52452,2505,54957,383
2022-01-06,Sonoma,097,501317,55807,50130,1263,51393,411
2022-01-06,Stanislaus,099,539301,90477,87049,10633,97682,1372
2022-01-06,Sutter,101,95872,15824,15261,555,15816,195
2022-01-06,Tehama,103,63373,9502,9109,1746,10855,140
2022-01-06,Trinity,105,12862,944,836,238,1074,19
2022-01-06,Tulare,107,460477,77445,73600,18675,92275,1185
2022-01-06,Tuolumne,109,53932,8820,8360,146,8506,91
2022-01-06,Ventura,111,848112,131594,117229,7022,124251,1216
2022-01-06,Yolo,113,214977,26362,24006,1924,25930,270
2022-01-06,Yuba,115,75493,11889,11277,521,11798,101
2022-01-05,Alameda,001,1643700,163899,144824,5847,150671,1548
2022-01-05,Alpine,003,1148,114,112,0,112,0
2022-01-05,Amador,005,37829,6313,6012,110,6122,70
2022-01-05,Butte,007,227075,24599,23134,4438,27572,343
2022-01-05,Calaveras,009,45235,5069,4758,88,4846,90
2022-01-05,Colusa,011,21464,2759,2704,775,3479,21
2022-01-05,Contra Costa,013,1133247,130491,117188,4910,122098,1071
2022-01-05,Del Norte,015,27424,3992,3862,73,3935,43
2022-01-05,El Dorado,017,186661,19910,18367,2107,20474,171
2022-01-05,Fresno,019,978130,161926,153033,14933,167966,2377
2022-01-05,Glenn,021,27897,3820,3700,1149,4849,39
2022-01-05,Humboldt,023,135768,11941,10938,1100,12038,120
2022-01-05,Imperial,025,180216,41095,38789,5497,44286,800
2022-01-05,Inyo,027,18085,3178,2939,71,3010,49
2022-01-05,Kern,029,883053,147163,138186,29255,167441,1913
2022-01-05,Kings,031,150075,36499,34893,2293,37186,387
2022-01-05,Lake,033,64148,7481,7129,259,7388,117
2022-01-05,Lassen,035,31185,7227,7077,452,7529,55
2022-01-05,Los Angeles,037,10098052,1945211,1729640,84650,1814290,27443
2022-01-05,Madera,039,155013,26676,25392,2727,28119,327
2022-01-05,Marin,041,260295,24271,21829,1197,23026,251
2022-01-05,Mariposa,043,17540,1716,1564,69,1633,6
2022-01-05,Mendocino,045,87422,9265,8625,843,9468,101
2022-01-05,Merced,047,269075,47638,45721,2682,48403,700
2022-01-05,Modoc,049,8938,628,603,215,818,6
2022-01-05,Mono,051,14174,2430,2201,55,2256,4
2022-01-05,Monterey,053,433212,56104,51241,4782,56023,639
2022-01-05,Napa,055,140530,17538,15494,366,15860,108
2022-01-05,Nevada,057,99092,11421,10624,447,11071,110
2022-01-05,Orange,059,3164182,409950,366139,27837,393976,5869
2022-01-05,Placer,061,380077,45897,42456,4915,47371,492
2022-01-05,Plumas,063,18699,2144,2020,62,2082,12
2022-01-05,Riverside,065,2383286,450915,415253,20605,435858,5502
2022-01-05,Sacramento,067,1510023,199327,181488,9006,190494,2455
2022-01-05,San Benito,069,59416,9385,8829,241,9070,83
2022-01-05,San Bernardino,071,2135413,442183,405323,15790,421113,6085
2022-01-05,San Diego,073,3302833,527708,466602,31935,498537,4495
2022-01-05,San Francisco,075,870044,83130,71405,4166,75571,686
2022-01-05,San Joaquin,077,732212,119184,110497,6757,117254,1903
2022-01-05,San Luis Obispo,079,281455,36797,34066,1889,35955,369
2022-01-05,San Mateo,081,765935,79385,66018,2514,68532,578
2022-01-05,Santa Barbara,083,443738,58152,53082,2152,55234,570
2022-01-05,Santa Clara,085,1922200,201746,178629,4457,183086,1961
2022-01-05,Santa Cruz,087,273765,27293,24394,1404,25798,229
2022-01-05,Shasta,089,179085,24215,23361,4013,27374,441
2022-01-05,Sierra,091,2930,226,210,23,233,0
2022-01-05,Siskiyou,093,43540,3650,3513,1528,5041,60
2022-01-05,Solano,095,438530,56221,51505,2369,53874,380
2022-01-05,Sonoma,097,501317,54543,49120,1101,50221,412
2022-01-05,Stanislaus,099,539301,89492,86248,10477,96725,1360
2022-01-05,Sutter,101,95872,15622,15117,515,15632,193
2022-01-05,Tehama,103,63373,9405,9011,1715,10726,140
2022-01-05,Trinity,105,12862,940,822,236,1058,19
2022-01-05,Tulare,107,460477,76666,72718,18499,91217,1173
2022-01-05,Tuolumne,109,53932,8727,8223,139,8362,90
2022-01-05,Ventura,111,848112,128841,114752,6813,121565,1211
2022-01-05,Yolo,113,214977,25751,23401,1880,25281,269
2022-01-05,Yuba,115,75493,11706,11138,495,11633,100
2022-01-04,Alameda,001,1643700,158343,143360,5439,148799,1532
2022-01-04,Alpine,003,1148,114,113,0,113,0
2022-01-04,Amador,005,37829,6246,6025,105,6130,71
2022-01-04,Butte,007,227075,24303,23094,4370,27464,346
2022-01-04,Calaveras,009,45235,4994,4767,85,4852,93
2022-01-04,Colusa,011,21464,2742,2689,768,3457,21
2022-01-04,Contra Costa,013,1133247,127429,116005,4550,120555,1075
2022-01-04,Del Norte,015,27424,3960,3882,70,3952,43
2022-01-04,El Dorado,017,186661,19551,18339,2085,20424,172
2022-01-04,Fresno,019,978130,159769,153244,14679,167923,2380
2022-01-04,Glenn,021,27897,3790,3705,1135,4840,39
2022-01-04,Humboldt,023,135768,11689,10865,1049,11914,120
2022-01-04,Imperial,025,180216,40493,38596,5234,43830,800
2022-01-04,Inyo,027,18085,3094,2870,70,2940,49
2022-01-04,Kern,029,883053,145232,138245,28668,166913,1916
2022-01-04,Kings,031,150075,36176,34931,2277,37208,388
2022-01-04,Lake,033,64148,7440,7152,249,7401,117
2022-01-04,Lassen,035,31185,7204,7111,448,7559,55
2022-01-04,Los Angeles,037,10098052,1885248,1705253,82298,1787551,27419
2022-01-04,Madera,039,155013,26332,25425,2659,28084,328
2022-01-04,Marin,041,260295,23788,21675,1137,22812,251
2022-01-04,Mariposa,043,17540,1680,1564,68,1632,6
2022-01-04,Mendocino,045,87422,9142,8636,819,9455,101
2022-01-04,Merced,047,269075,47027,45583,2553,48136,700
2022-01-04,Modoc,049,8938,625,611,215,826,6
2022-01-04,Mono,051,14174,2381,2190,45,2235,4
2022-01-04,Monterey,053,433212,55369,51176,4557,55733,643
2022-01-04,Napa,055,140530,17036,15370,336,15706,107
2022-01-04,Nevada,057,99092,11264,10608,435,11043,110
2022-01-04,Orange,059,3164182,399198,362051,26696,388747,5897
2022-01-04,Placer,061,380077,45063,42285,4797,47082,494
2022-01-04,Plumas,063,18699,2118,2014,60,2074,12
2022-01-04,Riverside,065,2383286,442381,413366,20253,433619,5504
2022-01-04,Sacramento,067,1510023,194357,181271,8249,189520,2453
2022-01-04,San Benito,069,59416,9197,8763,233,8996,79
2022-01-04,San Bernardino,071,2135413,433407,404409,15252,419661,6060
2022-01-04,San Diego,073,3302833,511312,458499,30974,489473,4487
2022-01-04,San Francisco,075,870044,80285,70666,4020,74686,688
2022-01-04,San Joaquin,077,732212,116772,110374,6603,116977,1911
2022-01-04,San Luis Obispo,079,281455,35988,33788,1801,35589,371
2022-01-04,San Mateo,081,765935,77072,65157,2324,67481,582
2022-01-04,Santa Barbara,083,443738,56628,52449,2074,54523,574
2022-01-04,Santa Clara,085,1922200,195781,176854,3989,180843,1964
2022-01-04,Santa Cruz,087,273765,26532,23904,1368,25272,228
2022-01-04,Shasta,089,179085,24071,23366,3959,27325,442
2022-01-04,Sierra,091,2930,225,214,22,236,0
2022-01-04,Siskiyou,093,43540,3634,3509,1509,5018,61
2022-01-04,Solano,095,438530,54919,51300,2172,53472,383
2022-01-04,Sonoma,097,501317,52834,48653,978,49631,410
2022-01-04,Stanislaus,099,539301,88433,86107,10319,96426,1361
2022-01-04,Sutter,101,95872,15469,15032,491,15523,193
2022-01-04,Tehama,103,63373,9328,9020,1692,10712,140
2022-01-04,Trinity,105,12862,935,833,232,1065,18
2022-01-04,Tulare,107,460477,75872,72893,18294,91187,1172
2022-01-04,Tuolumne,109,53932,8618,8235,134,8369,91
2022-01-04,Ventura,111,848112,125770,114079,6581,120660,1213
2022-01-04,Yolo,113,214977,25101,22938,1835,24773,270
2022-01-04,Yuba,115,75493,11525,11104,480,11584,101
2022-01-03,Alameda,001,1643700,152416,142090,5004,147094,1529
2022-01-03,Alpine,003,1148,113,113,0,113,0
2022-01-03,Amador,005,37829,6185,6004,100,6104,71
2022-01-03,Butte,007,227075,24011,22924,4318,27242,345
2022-01-03,Calaveras,009,45235,4935,4742,80,4822,93
2022-01-03,Colusa,011,21464,2733,2683,761,3444,21
2022-01-03,Contra Costa,013,1133247,124157,114966,3962,118928,1073
2022-01-03,Del Norte,015,27424,3940,3873,66,3939,43
2022-01-03,El Dorado,017,186661,19159,18183,2059,20242,172
2022-01-03,Fresno,019,978130,157788,152674,14478,167152,2379
2022-01-03,Glenn,021,27897,3761,3703,1100,4803,39
2022-01-03,Humboldt,023,135768,11479,10784,1001,11785,119
2022-01-03,Imperial,025,180216,39860,38411,5054,43465,800
2022-01-03,Inyo,027,18085,3025,2845,66,2911,49
2022-01-03,Kern,029,883053,143237,137773,28071,165844,1916
2022-01-03,Kings,031,150075,35855,34817,2248,37065,387
2022-01-03,Lake,033,64148,7338,7134,231,7365,117
2022-01-03,Lassen,035,31185,7186,7103,445,7548,55
2022-01-03,Los Angeles,037,10098052,1824469,1686203,79525,1765728,27394
2022-01-03,Madera,039,155013,26039,25323,2615,27938,320
2022-01-03,Marin,041,260295,23196,21532,1098,22630,251
2022-01-03,Mariposa,043,17540,1638,1559,68,1627,6
2022-01-03,Mendocino,045,87422,8994,8573,769,9342,101
2022-01-03,Merced,047,269075,46433,45459,2446,47905,696
2022-01-03,Modoc,049,8938,622,602,215,817,6
2022-01-03,Mono,051,14174,2302,2172,40,2212,4
2022-01-03,Monterey,053,433212,54541,51047,4348,55395,644
2022-01-03,Napa,055,140530,16528,15260,303,15563,107
2022-01-03,Nevada,057,99092,11096,10572,426,10998,110
2022-01-03,Orange,059,3164182,388025,358052,25501,383553,5894
2022-01-03,Placer,061,380077,44240,42054,4733,46787,489
2022-01-03,Plumas,063,18699,2098,2005,60,2065,12
2022-01-03,Riverside,065,2383286,433899,410155,19756,429911,5504
2022-01-03,Sacramento,067,1510023,189194,179992,7680,187672,2452
2022-01-03,San Benito,069,59416,9033,8688,226,8914,79
2022-01-03,San Bernardino,071,2135413,424887,401938,14790,416728,6056
2022-01-03,San Diego,073,3302833,495171,451154,30011,481165,4476
2022-01-03,San Francisco,075,870044,77485,69315,3771,73086,686
2022-01-03,San Joaquin,077,732212,114464,109757,6471,116228,1903
2022-01-03,San Luis Obispo,079,281455,35174,33667,1708,35375,367
2022-01-03,San Mateo,081,765935,74363,64470,2167,66637,582
2022-01-03,Santa Barbara,083,443738,55167,51912,1979,53891,571
2022-01-03,Santa Clara,085,1922200,189835,174215,3512,177727,1963
2022-01-03,Santa Cruz,087,273765,25721,23765,1335,25100,228
2022-01-03,Shasta,089,179085,23889,23301,3932,27233,440
2022-01-03,Sierra,091,2930,218,213,21,234,0
2022-01-03,Siskiyou,093,43540,3608,3500,1487,4987,61
2022-01-03,Solano,095,438530,53620,51030,1980,53010,380
2022-01-03,Sonoma,097,501317,51133,48391,880,49271,410
2022-01-03,Stanislaus,099,539301,87441,85793,10147,95940,1332
2022-01-03,Sutter,101,95872,15313,14973,470,15443,193
2022-01-03,Tehama,103,63373,9253,9005,1666,10671,140
2022-01-03,Trinity,105,12862,930,833,231,1064,18
2022-01-03,Tulare,107,460477,75172,72664,18072,90736,1167
2022-01-03,Tuolumne,109,53932,8480,8179,130,8309,91
2022-01-03,Ventura,111,848112,122596,112762,6344,119106,1211
2022-01-03,Yolo,113,214977,24419,22563,1772,24335,270
2022-01-03,Yuba,115,75493,11389,11037,461,11498,99
2022-01-02,Alameda,001,1643700,148008,133486,4520,138006,1528
2022-01-02,Alpine,003,1148,111,113,0,113,0
2022-01-02,Amador,005,37829,6119,5913,95,6008,70
2022-01-02,Butte,007,227075,23672,22469,4259,26728,341
2022-01-02,Calaveras,009,45235,4866,4668,72,4740,93
2022-01-02,Colusa,011,21464,2727,2659,750,3409,21
2022-01-02,Contra Costa,013,1133247,120596,109593,3522,113115,1073
2022-01-02,Del Norte,015,27424,3908,3841,64,3905,43
2022-01-02,El Dorado,017,186661,18823,17621,2007,19628,172
2022-01-02,Fresno,019,978130,156068,149927,14247,164174,2379
2022-01-02,Glenn,021,27897,3741,3663,1091,4754,39
2022-01-02,Humboldt,023,135768,11237,10381,923,11304,119
2022-01-02,Imperial,025,180216,39200,37672,4843,42515,800
2022-01-02,Inyo,027,18085,2955,2726,55,2781,49
2022-01-02,Kern,029,883053,141310,136123,27472,163595,1917
2022-01-02,Kings,031,150075,35532,34318,2213,36531,386
2022-01-02,Lake,033,64148,7267,7060,217,7277,117
2022-01-02,Lassen,035,31185,7170,7089,443,7532,55
2022-01-02,Los Angeles,037,10098052,1773330,1596123,76629,1672752,27371
2022-01-02,Madera,039,155013,25784,25002,2556,27558,320
2022-01-02,Marin,041,260295,22633,20475,1027,21502,249
2022-01-02,Mariposa,043,17540,1607,1509,66,1575,6
2022-01-02,Mendocino,045,87422,8870,8422,751,9173,101
2022-01-02,Merced,047,269075,45897,44769,2350,47119,694
2022-01-02,Modoc,049,8938,620,601,214,815,6
2022-01-02,Mono,051,14174,2274,2101,35,2136,4
2022-01-02,Monterey,053,433212,53917,50251,4137,54388,643
2022-01-02,Napa,055,140530,15986,14439,292,14731,107
2022-01-02,Nevada,057,99092,10910,10299,409,10708,110
2022-01-02,Orange,059,3164182,377017,339526,24350,363876,5890
2022-01-02,Placer,061,380077,43512,40857,4646,45503,489
2022-01-02,Plumas,063,18699,2083,1994,56,2050,12
2022-01-02,Riverside,065,2383286,425563,397124,19235,416359,5501
2022-01-02,Sacramento,067,1510023,185111,173562,6819,180381,2448
2022-01-02,San Benito,069,59416,8851,8320,211,8531,79
2022-01-02,San Bernardino,071,2135413,417105,386278,14232,400510,6051
2022-01-02,San Diego,073,3302833,480100,427087,28829,455916,4469
2022-01-02,San Francisco,075,870044,74551,64498,3531,68029,682
2022-01-02,San Joaquin,077,732212,112592,106640,6324,112964,1902
2022-01-02,San Luis Obispo,079,281455,34441,32342,1625,33967,365
2022-01-02,San Mateo,081,765935,71792,60504,1925,62429,581
2022-01-02,Santa Barbara,083,443738,53731,49555,1916,51471,568
2022-01-02,Santa Clara,085,1922200,183694,164547,3111,167658,1969
2022-01-02,Santa Cruz,087,273765,25049,22980,1302,24282,228
2022-01-02,Shasta,089,179085,23701,23161,3883,27044,435
2022-01-02,Sierra,091,2930,217,206,21,227,0
2022-01-02,Siskiyou,093,43540,3583,3474,1464,4938,61
2022-01-02,Solano,095,438530,52679,48957,1815,50772,379
2022-01-02,Sonoma,097,501317,49813,46040,843,46883,410
2022-01-02,Stanislaus,099,539301,86591,84367,10029,94396,1332
2022-01-02,Sutter,101,95872,15140,14741,451,15192,193
2022-01-02,Tehama,103,63373,9188,8944,1643,10587,139
2022-01-02,Trinity,105,12862,928,832,230,1062,17
2022-01-02,Tulare,107,460477,74512,71941,17877,89818,1160
2022-01-02,Tuolumne,109,53932,8374,8044,125,8169,91
2022-01-02,Ventura,111,848112,119673,107992,6123,114115,1211
2022-01-02,Yolo,113,214977,23743,21747,1702,23449,270
2022-01-02,Yuba,115,75493,11267,10844,444,11288,99
2022-01-01,Alameda,001,1643700,146210,133486,4268,137754,1528
2022-01-01,Alpine,003,1148,111,113,0,113,0
2022-01-01,Amador,005,37829,6084,5913,90,6003,70
2022-01-01,Butte,007,227075,23475,22469,4228,26697,341
2022-01-01,Calaveras,009,45235,4830,4668,70,4738,93
2022-01-01,Colusa,011,21464,2723,2659,739,3398,21
2022-01-01,Contra Costa,013,1133247,119235,109593,3394,112987,1073
2022-01-01,Del Norte,015,27424,3902,3841,64,3905,43
2022-01-01,El Dorado,017,186661,18676,17621,1992,19613,172
2022-01-01,Fresno,019,978130,155403,149927,14168,164095,2379
2022-01-01,Glenn,021,27897,3734,3663,1091,4754,39
2022-01-01,Humboldt,023,135768,11100,10381,902,11283,119
2022-01-01,Imperial,025,180216,39053,37672,4795,42467,800
2022-01-01,Inyo,027,18085,2926,2726,53,2779,49
2022-01-01,Kern,029,883053,140617,136123,27162,163285,1917
2022-01-01,Kings,031,150075,35392,34318,2186,36504,386
2022-01-01,Lake,033,64148,7228,7060,212,7272,117
2022-01-01,Lassen,035,31185,7164,7089,438,7527,55
2022-01-01,Los Angeles,037,10098052,1753227,1596123,74662,1670785,27371
2022-01-01,Madera,039,155013,25699,25002,2542,27544,320
2022-01-01,Marin,041,260295,22320,20475,986,21461,249
2022-01-01,Mariposa,043,17540,1596,1509,66,1575,6
2022-01-01,Mendocino,045,87422,8778,8422,745,9167,101
2022-01-01,Merced,047,269075,45764,44769,2340,47109,694
2022-01-01,Modoc,049,8938,617,601,214,815,6
2022-01-01,Mono,051,14174,2250,2101,30,2131,4
2022-01-01,Monterey,053,433212,53608,50251,4052,54303,643
2022-01-01,Napa,055,140530,15835,14439,277,14716,107
2022-01-01,Nevada,057,99092,10836,10299,402,10701,110
2022-01-01,Orange,059,3164182,372795,339526,23639,363165,5890
2022-01-01,Placer,061,380077,43214,40857,4581,45438,489
2022-01-01,Plumas,063,18699,2071,1994,56,2050,12
2022-01-01,Riverside,065,2383286,422074,397124,19031,416155,5501
2022-01-01,Sacramento,067,1510023,183837,173562,6551,180113,2448
2022-01-01,San Benito,069,59416,8761,8320,211,8531,79
2022-01-01,San Bernardino,071,2135413,413961,386278,13942,400220,6051
2022-01-01,San Diego,073,3302833,474167,427087,28311,455398,4469
2022-01-01,San Francisco,075,870044,73154,64498,3319,67817,682
2022-01-01,San Joaquin,077,732212,111894,106640,6251,112891,1902
2022-01-01,San Luis Obispo,079,281455,34240,32342,1615,33957,365
2022-01-01,San Mateo,081,765935,70327,60504,1774,62278,581
2022-01-01,Santa Barbara,083,443738,52994,49555,1880,51435,568
2022-01-01,Santa Clara,085,1922200,180664,164547,2913,167460,1969
2022-01-01,Santa Cruz,087,273765,24729,22980,1284,24264,228
2022-01-01,Shasta,089,179085,23620,23161,3865,27026,435
2022-01-01,Sierra,091,2930,216,206,21,227,0
2022-01-01,Siskiyou,093,43540,3580,3474,1454,4928,61
2022-01-01,Solano,095,438530,52412,48957,1757,50714,379
2022-01-01,Sonoma,097,501317,49420,46040,811,46851,410
2022-01-01,Stanislaus,099,539301,86187,84367,9961,94328,1332
2022-01-01,Sutter,101,95872,15064,14741,449,15190,193
2022-01-01,Tehama,103,63373,9156,8944,1631,10575,139
2022-01-01,Trinity,105,12862,925,832,230,1062,17
2022-01-01,Tulare,107,460477,74268,71941,17771,89712,1160
2022-01-01,Tuolumne,109,53932,8315,8044,122,8166,91
2022-01-01,Ventura,111,848112,118287,107992,5993,113985,1211
2022-01-01,Yolo,113,214977,23324,21747,1662,23409,270
2022-01-01,Yuba,115,75493,11202,10844,438,11282,99
2021-12-31,Alameda,001,1643700,145479,133486,4173,137659,1528
2021-12-31,Alpine,003,1148,111,113,0,113,0
2021-12-31,Amador,005,37829,6061,5913,89,6002,70
2021-12-31,Butte,007,227075,23370,22469,4197,26666,341
2021-12-31,Calaveras,009,45235,4799,4668,70,4738,93
2021-12-31,Colusa,011,21464,2714,2659,733,3392,21
2021-12-31,Contra Costa,013,1133247,118354,109593,3315,112908,1073
2021-12-31,Del Norte,015,27424,3893,3841,62,3903,43
2021-12-31,El Dorado,017,186661,18596,17621,1974,19595,172
2021-12-31,Fresno,019,978130,155099,149927,14146,164073,2379
2021-12-31,Glenn,021,27897,3733,3663,1089,4752,39
2021-12-31,Humboldt,023,135768,11014,10381,883,11264,119
2021-12-31,Imperial,025,180216,38924,37672,4779,42451,800
2021-12-31,Inyo,027,18085,2900,2726,53,2779,49
2021-12-31,Kern,029,883053,140112,136123,27024,163147,1917
2021-12-31,Kings,031,150075,35282,34318,2176,36494,386
2021-12-31,Lake,033,64148,7205,7060,207,7267,117
2021-12-31,Lassen,035,31185,7151,7089,438,7527,55
2021-12-31,Los Angeles,037,10098052,1742457,1596123,73904,1670027,27371
2021-12-31,Madera,039,155013,25631,25002,2525,27527,320
2021-12-31,Marin,041,260295,22165,20475,955,21430,249
2021-12-31,Mariposa,043,17540,1589,1509,65,1574,6
2021-12-31,Mendocino,045,87422,8745,8422,742,9164,101
2021-12-31,Merced,047,269075,45680,44769,2323,47092,694
2021-12-31,Modoc,049,8938,613,601,212,813,6
2021-12-31,Mono,051,14174,2237,2101,29,2130,4
2021-12-31,Monterey,053,433212,53482,50251,3986,54237,643
2021-12-31,Napa,055,140530,15723,14439,267,14706,107
2021-12-31,Nevada,057,99092,10769,10299,396,10695,110
2021-12-31,Orange,059,3164182,370286,339526,23215,362741,5890
2021-12-31,Placer,061,380077,42978,40857,4515,45372,489
2021-12-31,Plumas,063,18699,2066,1994,56,2050,12
2021-12-31,Riverside,065,2383286,420391,397124,18873,415997,5501
2021-12-31,Sacramento,067,1510023,182974,173562,6445,180007,2448
2021-12-31,San Benito,069,59416,8747,8320,210,8530,79
2021-12-31,San Bernardino,071,2135413,411760,386278,13750,400028,6051
2021-12-31,San Diego,073,3302833,470960,427087,27995,455082,4469
2021-12-31,San Francisco,075,870044,72233,64498,3263,67761,682
2021-12-31,San Joaquin,077,732212,111274,106640,6185,112825,1902
2021-12-31,San Luis Obispo,079,281455,34132,32342,1602,33944,365
2021-12-31,San Mateo,081,765935,69453,60504,1720,62224,581
2021-12-31,Santa Barbara,083,443738,52599,49555,1866,51421,568
2021-12-31,Santa Clara,085,1922200,178721,164547,2771,167318,1969
2021-12-31,Santa Cruz,087,273765,24494,22980,1262,24242,228
2021-12-31,Shasta,089,179085,23556,23161,3844,27005,435
2021-12-31,Sierra,091,2930,216,206,21,227,0
2021-12-31,Siskiyou,093,43540,3573,3474,1443,4917,61
2021-12-31,Solano,095,438530,52253,48957,1731,50688,379
2021-12-31,Sonoma,097,501317,49171,46040,798,46838,410
2021-12-31,Stanislaus,099,539301,85861,84367,9917,94284,1332
2021-12-31,Sutter,101,95872,15003,14741,443,15184,193
2021-12-31,Tehama,103,63373,9124,8944,1622,10566,139
2021-12-31,Trinity,105,12862,924,832,230,1062,17
2021-12-31,Tulare,107,460477,74067,71941,17683,89624,1160
2021-12-31,Tuolumne,109,53932,8271,8044,121,8165,91
2021-12-31,Ventura,111,848112,117314,107992,5911,113903,1211
2021-12-31,Yolo,113,214977,23103,21747,1639,23386,270
2021-12-31,Yuba,115,75493,11145,10844,432,11276,99
2021-12-30,Alameda,001,1643700,144223,133486,4043,137529,1528
2021-12-30,Alpine,003,1148,110,113,0,113,0
2021-12-30,Amador,005,37829,6042,5913,88,6001,70
2021-12-30,Butte,007,227075,23245,22469,4175,26644,341
2021-12-30,Calaveras,009,45235,4780,4668,70,4738,93
2021-12-30,Colusa,011,21464,2713,2659,731,3390,21
2021-12-30,Contra Costa,013,1133247,117263,109593,3204,112797,1073
2021-12-30,Del Norte,015,27424,3882,3841,61,3902,43
2021-12-30,El Dorado,017,186661,18491,17621,1953,19574,172
2021-12-30,Fresno,019,978130,154571,149927,14072,163999,2379
2021-12-30,Glenn,021,27897,3728,3663,1086,4749,39
2021-12-30,Humboldt,023,135768,10945,10381,871,11252,119
2021-12-30,Imperial,025,180216,38756,37672,4665,42337,800
2021-12-30,Inyo,027,18085,2882,2726,51,2777,49
2021-12-30,Kern,029,883053,139580,136123,26723,162846,1917
2021-12-30,Kings,031,150075,35163,34318,2161,36479,386
2021-12-30,Lake,033,64148,7191,7060,202,7262,117
2021-12-30,Lassen,035,31185,7145,7089,438,7527,55
2021-12-30,Los Angeles,037,10098052,1719150,1596123,72642,1668765,27371
2021-12-30,Madera,039,155013,25549,25002,2505,27507,320
2021-12-30,Marin,041,260295,21987,20475,931,21406,249
2021-12-30,Mariposa,043,17540,1583,1509,65,1574,6
2021-12-30,Mendocino,045,87422,8728,8422,731,9153,101
2021-12-30,Merced,047,269075,45578,44769,2309,47078,694
2021-12-30,Modoc,049,8938,612,601,212,813,6
2021-12-30,Mono,051,14174,2233,2101,28,2129,4
2021-12-30,Monterey,053,433212,53171,50251,3925,54176,643
2021-12-30,Napa,055,140530,15579,14439,258,14697,107
2021-12-30,Nevada,057,99092,10705,10299,387,10686,110
2021-12-30,Orange,059,3164182,365202,339526,22656,362182,5890
2021-12-30,Placer,061,380077,42701,40857,4467,45324,489
2021-12-30,Plumas,063,18699,2062,1994,55,2049,12
2021-12-30,Riverside,065,2383286,417118,397124,18717,415841,5501
2021-12-30,Sacramento,067,1510023,181713,173562,6297,179859,2448
2021-12-30,San Benito,069,59416,8702,8320,207,8527,79
2021-12-30,San Bernardino,071,2135413,409235,386278,13601,399879,6051
2021-12-30,San Diego,073,3302833,465804,427087,27487,454574,4469
2021-12-30,San Francisco,075,870044,71145,64498,3190,67688,682
2021-12-30,San Joaquin,077,732212,110681,106640,6142,112782,1902
2021-12-30,San Luis Obispo,079,281455,34012,32342,1588,33930,365
2021-12-30,San Mateo,081,765935,68407,60504,1588,62092,581
2021-12-30,Santa Barbara,083,443738,52119,49555,1846,51401,568
2021-12-30,Santa Clara,085,1922200,176444,164547,2647,167194,1969
2021-12-30,Santa Cruz,087,273765,24255,22980,1227,24207,228
2021-12-30,Shasta,089,179085,23505,23161,3838,26999,435
2021-12-30,Sierra,091,2930,216,206,21,227,0
2021-12-30,Siskiyou,093,43540,3564,3474,1441,4915,61
2021-12-30,Solano,095,438530,51904,48957,1684,50641,379
2021-12-30,Sonoma,097,501317,48836,46040,788,46828,410
2021-12-30,Stanislaus,099,539301,85546,84367,9867,94234,1332
2021-12-30,Sutter,101,95872,14941,14741,442,15183,193
2021-12-30,Tehama,103,63373,9096,8944,1616,10560,139
2021-12-30,Trinity,105,12862,921,832,230,1062,17
2021-12-30,Tulare,107,460477,73888,71941,17601,89542,1160
2021-12-30,Tuolumne,109,53932,8232,8044,120,8164,91
2021-12-30,Ventura,111,848112,116056,107992,5809,113801,1211
2021-12-30,Yolo,113,214977,22965,21747,1614,23361,270
2021-12-30,Yuba,115,75493,11098,10844,430,11274,99
2021-12-29,Alameda,001,1643700,141071,131586,3888,135474,1529
2021-12-29,Alpine,003,1148,110,113,0,113,0
2021-12-29,Amador,005,37829,6019,5905,85,5990,70
2021-12-29,Butte,007,227075,23101,22353,4138,26491,338
2021-12-29,Calaveras,009,45235,4752,4646,68,4714,93
2021-12-29,Colusa,011,21464,2703,2657,726,3383,21
2021-12-29,Contra Costa,013,1133247,115169,108165,3078,111243,1072
2021-12-29,Del Norte,015,27424,3868,3826,59,3885,43
2021-12-29,El Dorado,017,186661,18266,17489,1935,19424,172
2021-12-29,Fresno,019,978130,153440,149318,13957,163275,2364
2021-12-29,Glenn,021,27897,3718,3653,1084,4737,39
2021-12-29,Humboldt,023,135768,10837,10249,849,11098,119
2021-12-29,Imperial,025,180216,38521,37460,4596,42056,800
2021-12-29,Inyo,027,18085,2850,2703,51,2754,49
2021-12-29,Kern,029,883053,138778,135648,26334,161982,1913
2021-12-29,Kings,031,150075,35048,34216,2155,36371,386
2021-12-29,Lake,033,64148,7160,7048,200,7248,117
2021-12-29,Lassen,035,31185,7141,7085,437,7522,55
2021-12-29,Los Angeles,037,10098052,1689165,1576414,70917,1647331,27349
2021-12-29,Madera,039,155013,25444,24923,2494,27417,320
2021-12-29,Marin,041,260295,21631,20025,910,20935,249
2021-12-29,Mariposa,043,17540,1561,1507,65,1572,6
2021-12-29,Mendocino,045,87422,8669,8386,727,9113,99
2021-12-29,Merced,047,269075,45362,44548,2295,46843,693
2021-12-29,Modoc,049,8938,609,600,212,812,6
2021-12-29,Mono,051,14174,2209,2056,27,2083,4
2021-12-29,Monterey,053,433212,52759,50097,3820,53917,641
2021-12-29,Napa,055,140530,15254,14247,239,14486,107
2021-12-29,Nevada,057,99092,10614,10274,386,10660,110
2021-12-29,Orange,059,3164182,357664,334557,21978,356535,5887
2021-12-29,Placer,061,380077,42215,40545,4392,44937,489
2021-12-29,Plumas,063,18699,2050,1990,55,2045,12
2021-12-29,Riverside,065,2383286,411692,392989,18506,411495,5486
2021-12-29,Sacramento,067,1510023,179371,172145,6131,178276,2437
2021-12-29,San Benito,069,59416,8559,8239,206,8445,79
2021-12-29,San Bernardino,071,2135413,403896,382872,13387,396259,6049
2021-12-29,San Diego,073,3302833,454920,421045,26772,447817,4461
2021-12-29,San Francisco,075,870044,69447,63117,3118,66235,684
2021-12-29,San Joaquin,077,732212,109501,106063,6070,112133,1891
2021-12-29,San Luis Obispo,079,281455,33618,31936,1539,33475,365
2021-12-29,San Mateo,081,765935,66793,59478,1478,60956,581
2021-12-29,Santa Barbara,083,443738,51279,49003,1821,50824,568
2021-12-29,Santa Clara,085,1922200,173300,162008,2514,164522,1962
2021-12-29,Santa Cruz,087,273765,23977,22669,1195,23864,228
2021-12-29,Shasta,089,179085,23429,23083,3826,26909,435
2021-12-29,Sierra,091,2930,215,206,21,227,0
2021-12-29,Siskiyou,093,43540,3552,3472,1430,4902,61
2021-12-29,Solano,095,438530,51199,48562,1628,50190,379
2021-12-29,Sonoma,097,501317,48037,45479,764,46243,410
2021-12-29,Stanislaus,099,539301,85064,84083,9813,93896,1332
2021-12-29,Sutter,101,95872,14872,14688,440,15128,193
2021-12-29,Tehama,103,63373,9072,8914,1603,10517,138
2021-12-29,Trinity,105,12862,919,832,230,1062,17
2021-12-29,Tulare,107,460477,73596,71752,17484,89236,1160
2021-12-29,Tuolumne,109,53932,8179,8012,119,8131,91
2021-12-29,Ventura,111,848112,114115,106974,5629,112603,1207
2021-12-29,Yolo,113,214977,22726,21564,1583,23147,270
2021-12-29,Yuba,115,75493,11037,10808,426,11234,99
2021-12-28,Alameda,001,1643700,137992,130427,3728,134155,1522
2021-12-28,Alpine,003,1148,110,113,0,113,0
2021-12-28,Amador,005,37829,5999,5900,84,5984,70
2021-12-28,Butte,007,227075,22958,22285,4121,26406,338
2021-12-28,Calaveras,009,45235,4735,4641,67,4708,91
2021-12-28,Colusa,011,21464,2697,2653,724,3377,21
2021-12-28,Contra Costa,013,1133247,112868,107160,2960,110120,1072
2021-12-28,Del Norte,015,27424,3862,3815,59,3874,43
2021-12-28,El Dorado,017,186661,18041,17419,1924,19343,172
2021-12-28,Fresno,019,978130,152358,148987,13873,162860,2365
2021-12-28,Glenn,021,27897,3692,3639,1080,4719,39
2021-12-28,Humboldt,023,135768,10716,10198,825,11023,119
2021-12-28,Imperial,025,180216,38224,37223,4492,41715,800
2021-12-28,Inyo,027,18085,2792,2676,50,2726,48
2021-12-28,Kern,029,883053,138058,135346,25979,161325,1909
2021-12-28,Kings,031,150075,34911,34165,2140,36305,386
2021-12-28,Lake,033,64148,7141,7044,194,7238,116
2021-12-28,Lassen,035,31185,7133,7083,437,7520,55
2021-12-28,Los Angeles,037,10098052,1656926,1561791,69250,1631041,27323
2021-12-28,Madera,039,155013,25319,24865,2474,27339,320
2021-12-28,Marin,041,260295,21218,19739,880,20619,249
2021-12-28,Mariposa,043,17540,1550,1499,64,1563,6
2021-12-28,Mendocino,045,87422,8609,8366,719,9085,98
2021-12-28,Merced,047,269075,45123,44434,2285,46719,691
2021-12-28,Modoc,049,8938,609,599,211,810,6
2021-12-28,Mono,051,14174,2186,2045,25,2070,4
2021-12-28,Monterey,053,433212,52383,49973,3747,53720,639
2021-12-28,Napa,055,140530,14937,14131,212,14343,107
2021-12-28,Nevada,057,99092,10523,10250,383,10633,110
2021-12-28,Orange,059,3164182,349990,331279,21235,352514,5882
2021-12-28,Placer,061,380077,41743,40410,4322,44732,489
2021-12-28,Plumas,063,18699,2047,1989,55,2044,12
2021-12-28,Riverside,065,2383286,406440,390343,18259,408602,5470
2021-12-28,Sacramento,067,1510023,177089,171290,5998,177288,2426
2021-12-28,San Benito,069,59416,8416,8170,204,8374,79
2021-12-28,San Bernardino,071,2135413,398287,381316,13173,394489,6047
2021-12-28,San Diego,073,3302833,444171,417383,26226,443609,4450
2021-12-28,San Francisco,075,870044,67829,61745,3059,64804,682
2021-12-28,San Joaquin,077,732212,108448,105572,6025,111597,1884
2021-12-28,San Luis Obispo,079,281455,33159,31759,1523,33282,365
2021-12-28,San Mateo,081,765935,65282,58712,1389,60101,582
2021-12-28,Santa Barbara,083,443738,50633,48493,1801,50294,568
2021-12-28,Santa Clara,085,1922200,170162,160811,2418,163229,1962
2021-12-28,Santa Cruz,087,273765,23605,22513,1156,23669,228
2021-12-28,Shasta,089,179085,23357,23035,3821,26856,434
2021-12-28,Sierra,091,2930,212,206,21,227,0
2021-12-28,Siskiyou,093,43540,3543,3468,1425,4893,60
2021-12-28,Solano,095,438530,50284,48318,1574,49892,378
2021-12-28,Sonoma,097,501317,47176,45086,738,45824,410
2021-12-28,Stanislaus,099,539301,84584,83946,9760,93706,1331
2021-12-28,Sutter,101,95872,14822,14662,437,15099,193
2021-12-28,Tehama,103,63373,9055,8893,1601,10494,138
2021-12-28,Trinity,105,12862,917,831,229,1060,17
2021-12-28,Tulare,107,460477,73314,71630,17359,88989,1156
2021-12-28,Tuolumne,109,53932,8136,8006,119,8125,91
2021-12-28,Ventura,111,848112,112003,105883,5498,111381,1207
2021-12-28,Yolo,113,214977,22389,21320,1531,22851,270
2021-12-28,Yuba,115,75493,10982,10778,423,11201,99
2021-12-27,Alameda,001,1643700,135426,129910,3588,133498,1530
2021-12-27,Alpine,003,1148,110,113,0,113,0
2021-12-27,Amador,005,37829,5971,5891,84,5975,70
2021-12-27,Butte,007,227075,22824,22234,4098,26332,335
2021-12-27,Calaveras,009,45235,4711,4630,66,4696,91
2021-12-27,Colusa,011,21464,2686,2652,718,3370,21
2021-12-27,Contra Costa,013,1133247,110703,106692,2879,109571,1071
2021-12-27,Del Norte,015,27424,3853,3802,58,3860,43
2021-12-27,El Dorado,017,186661,17882,17361,1911,19272,172
2021-12-27,Fresno,019,978130,151396,148826,13792,162618,2364
2021-12-27,Glenn,021,27897,3684,3634,1074,4708,39
2021-12-27,Humboldt,023,135768,10601,10164,803,10967,119
2021-12-27,Imperial,025,180216,37982,37180,4393,41573,800
2021-12-27,Inyo,027,18085,2763,2662,48,2710,48
2021-12-27,Kern,029,883053,137409,135119,25676,160795,1907
2021-12-27,Kings,031,150075,34762,34126,2127,36253,382
2021-12-27,Lake,033,64148,7118,7037,184,7221,116
2021-12-27,Lassen,035,31185,7127,7080,437,7517,55
2021-12-27,Los Angeles,037,10098052,1620588,1554074,67490,1621564,27300
2021-12-27,Madera,039,155013,25203,24840,2455,27295,320
2021-12-27,Marin,041,260295,20830,19601,853,20454,249
2021-12-27,Mariposa,043,17540,1535,1495,64,1559,6
2021-12-27,Mendocino,045,87422,8542,8351,714,9065,98
2021-12-27,Merced,047,269075,44893,44383,2268,46651,690
2021-12-27,Modoc,049,8938,607,599,211,810,6
2021-12-27,Mono,051,14174,2123,2026,25,2051,4
2021-12-27,Monterey,053,433212,52080,49918,3696,53614,639
2021-12-27,Napa,055,140530,14668,14083,203,14286,107
2021-12-27,Nevada,057,99092,10454,10239,375,10614,110
2021-12-27,Orange,059,3164182,342516,329222,20428,349650,5875
2021-12-27,Placer,061,380077,41360,40263,4273,44536,489
2021-12-27,Plumas,063,18699,2045,1988,53,2041,12
2021-12-27,Riverside,065,2383286,401845,389096,18000,407096,5470
2021-12-27,Sacramento,067,1510023,175070,170858,5826,176684,2422
2021-12-27,San Benito,069,59416,8299,8133,200,8333,79
2021-12-27,San Bernardino,071,2135413,392532,380526,12972,393498,6047
2021-12-27,San Diego,073,3302833,433962,414968,25737,440705,4445
2021-12-27,San Francisco,075,870044,66087,60920,2994,63914,682
2021-12-27,San Joaquin,077,732212,107530,105413,5962,111375,1876
2021-12-27,San Luis Obispo,079,281455,32716,31671,1501,33172,365
2021-12-27,San Mateo,081,765935,63763,58397,1289,59686,581
2021-12-27,Santa Barbara,083,443738,49849,48209,1780,49989,568
2021-12-27,Santa Clara,085,1922200,167193,159904,2291,162195,1961
2021-12-27,Santa Cruz,087,273765,23316,22456,1138,23594,228
2021-12-27,Shasta,089,179085,23294,23015,3810,26825,432
2021-12-27,Sierra,091,2930,212,206,21,227,0
2021-12-27,Siskiyou,093,43540,3534,3466,1420,4886,60
2021-12-27,Solano,095,438530,49551,48172,1526,49698,378
2021-12-27,Sonoma,097,501317,46598,44990,719,45709,410
2021-12-27,Stanislaus,099,539301,84136,83833,9722,93555,1331
2021-12-27,Sutter,101,95872,14766,14642,432,15074,191
2021-12-27,Tehama,103,63373,9040,8887,1594,10481,136
2021-12-27,Trinity,105,12862,917,827,229,1056,17
2021-12-27,Tulare,107,460477,73049,71562,17262,88824,1146
2021-12-27,Tuolumne,109,53932,8099,7978,118,8096,91
2021-12-27,Ventura,111,848112,109914,105212,5362,110574,1206
2021-12-27,Yolo,113,214977,22095,21300,1496,22796,270
2021-12-27,Yuba,115,75493,10921,10759,422,11181,98
2021-12-26,Alameda,001,1643700,133385,127221,3514,130735,1525
2021-12-26,Alpine,003,1148,110,113,0,113,0
2021-12-26,Amador,005,37829,5955,5861,82,5943,70
2021-12-26,Butte,007,227075,22669,22087,4075,26162,330
2021-12-26,Calaveras,009,45235,4689,4591,66,4657,91
2021-12-26,Colusa,011,21464,2675,2647,712,3359,21
2021-12-26,Contra Costa,013,1133247,108943,105022,2780,107802,1071
2021-12-26,Del Norte,015,27424,3848,3795,58,3853,43
2021-12-26,El Dorado,017,186661,17726,17188,1902,19090,172
2021-12-26,Fresno,019,978130,150689,148027,13711,161738,2358
2021-12-26,Glenn,021,27897,3676,3611,1063,4674,39
2021-12-26,Humboldt,023,135768,10457,10052,780,10832,119
2021-12-26,Imperial,025,180216,37677,36878,4301,41179,800
2021-12-26,Inyo,027,18085,2739,2636,45,2681,47
2021-12-26,Kern,029,883053,136691,134591,25419,160010,1908
2021-12-26,Kings,031,150075,34610,34009,2121,36130,379
2021-12-26,Lake,033,64148,7096,7019,181,7200,116
2021-12-26,Lassen,035,31185,7121,7072,436,7508,55
2021-12-26,Los Angeles,037,10098052,1590720,1515469,65683,1581152,27257
2021-12-26,Madera,039,155013,25084,24741,2439,27180,320
2021-12-26,Marin,041,260295,20449,19085,793,19878,249
2021-12-26,Mariposa,043,17540,1529,1480,64,1544,6
2021-12-26,Mendocino,045,87422,8491,8314,712,9026,98
2021-12-26,Merced,047,269075,44642,44208,2257,46465,690
2021-12-26,Modoc,049,8938,606,597,209,806,6
2021-12-26,Mono,051,14174,2097,2000,25,2025,4
2021-12-26,Monterey,053,433212,51801,49709,3647,53356,638
2021-12-26,Napa,055,140530,14432,13809,198,14007,107
2021-12-26,Nevada,057,99092,10394,10153,368,10521,110
2021-12-26,Orange,059,3164182,336182,322991,19625,342616,5863
2021-12-26,Placer,061,380077,41014,39852,4202,44054,489
2021-12-26,Plumas,063,18699,2037,1987,52,2039,12
2021-12-26,Riverside,065,2383286,397661,384567,17830,402397,5470
2021-12-26,Sacramento,067,1510023,173348,169144,5676,174820,2418
2021-12-26,San Benito,069,59416,8210,7991,196,8187,79
2021-12-26,San Bernardino,071,2135413,387880,376052,12793,388845,6043
2021-12-26,San Diego,073,3302833,424996,406616,25240,431856,4442
2021-12-26,San Francisco,075,870044,64517,58229,2932,61161,682
2021-12-26,San Joaquin,077,732212,106714,104590,5909,110499,1872
2021-12-26,San Luis Obispo,079,281455,32277,31290,1483,32773,365
2021-12-26,San Mateo,081,765935,62363,56973,1241,58214,581
2021-12-26,Santa Barbara,083,443738,49174,47553,1750,49303,567
2021-12-26,Santa Clara,085,1922200,164498,156872,2158,159030,1967
2021-12-26,Santa Cruz,087,273765,23031,22176,1124,23300,228
2021-12-26,Shasta,089,179085,23211,22959,3798,26757,432
2021-12-26,Sierra,091,2930,212,202,21,223,0
2021-12-26,Siskiyou,093,43540,3526,3460,1411,4871,60
2021-12-26,Solano,095,438530,49048,47646,1488,49134,377
2021-12-26,Sonoma,097,501317,46101,44358,687,45045,408
2021-12-26,Stanislaus,099,539301,83764,83368,9683,93051,1331
2021-12-26,Sutter,101,95872,14702,14533,429,14962,191
2021-12-26,Tehama,103,63373,9007,8861,1591,10452,136
2021-12-26,Trinity,105,12862,917,826,228,1054,17
2021-12-26,Tulare,107,460477,72802,71292,17151,88443,1137
2021-12-26,Tuolumne,109,53932,8062,7919,118,8037,91
2021-12-26,Ventura,111,848112,108080,103498,5212,108710,1206
2021-12-26,Yolo,113,214977,21809,21084,1456,22540,270
2021-12-26,Yuba,115,75493,10870,10694,420,11114,98
2021-12-25,Alameda,001,1643700,132324,127221,3449,130670,1525
2021-12-25,Alpine,003,1148,110,113,0,113,0
2021-12-25,Amador,005,37829,5936,5861,82,5943,70
2021-12-25,Butte,007,227075,22573,22087,4059,26146,330
2021-12-25,Calaveras,009,45235,4660,4591,65,4656,91
2021-12-25,Colusa,011,21464,2670,2647,706,3353,21
2021-12-25,Contra Costa,013,1133247,108120,105022,2727,107749,1071
2021-12-25,Del Norte,015,27424,3841,3795,57,3852,43
2021-12-25,El Dorado,017,186661,17673,17188,1891,19079,172
2021-12-25,Fresno,019,978130,150378,148027,13663,161690,2358
2021-12-25,Glenn,021,27897,3666,3611,1059,4670,39
2021-12-25,Humboldt,023,135768,10379,10052,773,10825,119
2021-12-25,Imperial,025,180216,37556,36878,4278,41156,800
2021-12-25,Inyo,027,18085,2719,2636,45,2681,47
2021-12-25,Kern,029,883053,136344,134591,25294,159885,1908
2021-12-25,Kings,031,150075,34520,34009,2114,36123,379
2021-12-25,Lake,033,64148,7084,7019,179,7198,116
2021-12-25,Lassen,035,31185,7119,7072,436,7508,55
2021-12-25,Los Angeles,037,10098052,1577908,1515469,64351,1579820,27257
2021-12-25,Madera,039,155013,25036,24741,2433,27174,320
2021-12-25,Marin,041,260295,20109,19085,744,19829,249
2021-12-25,Mariposa,043,17540,1523,1480,64,1544,6
2021-12-25,Mendocino,045,87422,8453,8314,712,9026,98
2021-12-25,Merced,047,269075,44542,44208,2255,46463,690
2021-12-25,Modoc,049,8938,606,597,209,806,6
2021-12-25,Mono,051,14174,2080,2000,25,2025,4
2021-12-25,Monterey,053,433212,51632,49709,3612,53321,638
2021-12-25,Napa,055,140530,14317,13809,190,13999,107
2021-12-25,Nevada,057,99092,10365,10153,368,10521,110
2021-12-25,Orange,059,3164182,333313,322991,19050,342041,5863
2021-12-25,Placer,061,380077,40835,39852,4166,44018,489
2021-12-25,Plumas,063,18699,2035,1987,52,2039,12
2021-12-25,Riverside,065,2383286,395379,384567,17710,402277,5470
2021-12-25,Sacramento,067,1510023,172535,169144,5568,174712,2418
2021-12-25,San Benito,069,59416,8145,7991,196,8187,79
2021-12-25,San Bernardino,071,2135413,385706,376052,12652,388704,6043
2021-12-25,San Diego,073,3302833,420944,406616,24970,431586,4442
2021-12-25,San Francisco,075,870044,63494,58229,2896,61125,682
2021-12-25,San Joaquin,077,732212,106379,104590,5877,110467,1872
2021-12-25,San Luis Obispo,079,281455,32122,31290,1474,32764,365
2021-12-25,San Mateo,081,765935,61333,56973,1198,58171,581
2021-12-25,Santa Barbara,083,443738,48811,47553,1738,49291,567
2021-12-25,Santa Clara,085,1922200,163018,156872,2091,158963,1967
2021-12-25,Santa Cruz,087,273765,22872,22176,1118,23294,228
2021-12-25,Shasta,089,179085,23181,22959,3792,26751,432
2021-12-25,Sierra,091,2930,212,202,21,223,0
2021-12-25,Siskiyou,093,43540,3523,3460,1405,4865,60
2021-12-25,Solano,095,438530,48924,47646,1470,49116,377
2021-12-25,Sonoma,097,501317,45716,44358,661,45019,408
2021-12-25,Stanislaus,099,539301,83551,83368,9660,93028,1331
2021-12-25,Sutter,101,95872,14661,14533,427,14960,191
2021-12-25,Tehama,103,63373,8987,8861,1587,10448,136
2021-12-25,Trinity,105,12862,916,826,228,1054,17
2021-12-25,Tulare,107,460477,72666,71292,17071,88363,1137
2021-12-25,Tuolumne,109,53932,8031,7919,118,8037,91
2021-12-25,Ventura,111,848112,106910,103498,5103,108601,1206
2021-12-25,Yolo,113,214977,21697,21084,1434,22518,270
2021-12-25,Yuba,115,75493,10844,10694,419,11113,98
2021-12-24,Alameda,001,1643700,131717,127221,3431,130652,1525
2021-12-24,Alpine,003,1148,110,113,0,113,0
2021-12-24,Amador,005,37829,5928,5861,81,5942,70
2021-12-24,Butte,007,227075,22518,22087,4046,26133,330
2021-12-24,Calaveras,009,45235,4654,4591,65,4656,91
2021-12-24,Colusa,011,21464,2668,2647,705,3352,21
2021-12-24,Contra Costa,013,1133247,107802,105022,2695,107717,1071
2021-12-24,Del Norte,015,27424,3834,3795,57,3852,43
2021-12-24,El Dorado,017,186661,17621,17188,1886,19074,172
2021-12-24,Fresno,019,978130,150213,148027,13650,161677,2358
2021-12-24,Glenn,021,27897,3665,3611,1059,4670,39
2021-12-24,Humboldt,023,135768,10323,10052,767,10819,119
2021-12-24,Imperial,025,180216,37473,36878,4274,41152,800
2021-12-24,Inyo,027,18085,2699,2636,45,2681,47
2021-12-24,Kern,029,883053,136221,134591,25252,159843,1908
2021-12-24,Kings,031,150075,34453,34009,2113,36122,379
2021-12-24,Lake,033,64148,7080,7019,179,7198,116
2021-12-24,Lassen,035,31185,7116,7072,436,7508,55
2021-12-24,Los Angeles,037,10098052,1573049,1515469,63821,1579290,27257
2021-12-24,Madera,039,155013,25003,24741,2428,27169,320
2021-12-24,Marin,041,260295,19965,19085,713,19798,249
2021-12-24,Mariposa,043,17540,1521,1480,64,1544,6
2021-12-24,Mendocino,045,87422,8436,8314,712,9026,98
2021-12-24,Merced,047,269075,44492,44208,2253,46461,690
2021-12-24,Modoc,049,8938,606,597,209,806,6
2021-12-24,Mono,051,14174,2067,2000,25,2025,4
2021-12-24,Monterey,053,433212,51534,49709,3586,53295,638
2021-12-24,Napa,055,140530,14251,13809,186,13995,107
2021-12-24,Nevada,057,99092,10338,10153,366,10519,110
2021-12-24,Orange,059,3164182,332261,322991,18890,341881,5863
2021-12-24,Placer,061,380077,40717,39852,4150,44002,489
2021-12-24,Plumas,063,18699,2034,1987,52,2039,12
2021-12-24,Riverside,065,2383286,394389,384567,17619,402186,5470
2021-12-24,Sacramento,067,1510023,172221,169144,5532,174676,2418
2021-12-24,San Benito,069,59416,8136,7991,195,8186,79
2021-12-24,San Bernardino,071,2135413,384604,376052,12580,388632,6043
2021-12-24,San Diego,073,3302833,419840,406616,24842,431458,4442
2021-12-24,San Francisco,075,870044,62984,58229,2878,61107,682
2021-12-24,San Joaquin,077,732212,106185,104590,5870,110460,1872
2021-12-24,San Luis Obispo,079,281455,32060,31290,1464,32754,365
2021-12-24,San Mateo,081,765935,60901,56973,1175,58148,581
2021-12-24,Santa Barbara,083,443738,48606,47553,1731,49284,567
2021-12-24,Santa Clara,085,1922200,162198,156872,2057,158929,1967
2021-12-24,Santa Cruz,087,273765,22789,22176,1115,23291,228
2021-12-24,Shasta,089,179085,23149,22959,3788,26747,432
2021-12-24,Sierra,091,2930,211,202,21,223,0
2021-12-24,Siskiyou,093,43540,3518,3460,1401,4861,60
2021-12-24,Solano,095,438530,48872,47646,1468,49114,377
2021-12-24,Sonoma,097,501317,45552,44358,653,45011,408
2021-12-24,Stanislaus,099,539301,83439,83368,9640,93008,1331
2021-12-24,Sutter,101,95872,14641,14533,424,14957,191
2021-12-24,Tehama,103,63373,8978,8861,1584,10445,136
2021-12-24,Trinity,105,12862,914,826,228,1054,17
2021-12-24,Tulare,107,460477,72600,71292,17028,88320,1137
2021-12-24,Tuolumne,109,53932,8006,7919,118,8037,91
2021-12-24,Ventura,111,848112,106462,103498,5047,108545,1206
2021-12-24,Yolo,113,214977,21623,21084,1416,22500,270
2021-12-24,Yuba,115,75493,10821,10694,418,11112,98
2021-12-23,Alameda,001,1643700,131023,127221,3397,130618,1525
2021-12-23,Alpine,003,1148,110,113,0,113,0
2021-12-23,Amador,005,37829,5916,5861,79,5940,70
2021-12-23,Butte,007,227075,22468,22087,4034,26121,330
2021-12-23,Calaveras,009,45235,4643,4591,65,4656,91
2021-12-23,Colusa,011,21464,2662,2647,701,3348,21
2021-12-23,Contra Costa,013,1133247,107374,105022,2650,107672,1071
2021-12-23,Del Norte,015,27424,3831,3795,57,3852,43
2021-12-23,El Dorado,017,186661,17558,17188,1880,19068,172
2021-12-23,Fresno,019,978130,150008,148027,13628,161655,2358
2021-12-23,Glenn,021,27897,3661,3611,1059,4670,39
2021-12-23,Humboldt,023,135768,10270,10052,764,10816,119
2021-12-23,Imperial,025,180216,37400,36878,4246,41124,800
2021-12-23,Inyo,027,18085,2686,2636,45,2681,47
2021-12-23,Kern,029,883053,136069,134591,25154,159745,1908
2021-12-23,Kings,031,150075,34412,34009,2112,36121,379
2021-12-23,Lake,033,64148,7068,7019,177,7196,116
2021-12-23,Lassen,035,31185,7115,7072,436,7508,55
2021-12-23,Los Angeles,037,10098052,1563507,1515469,62719,1578188,27257
2021-12-23,Madera,039,155013,24970,24741,2423,27164,320
2021-12-23,Marin,041,260295,19831,19085,696,19781,249
2021-12-23,Mariposa,043,17540,1516,1480,64,1544,6
2021-12-23,Mendocino,045,87422,8427,8314,712,9026,98
2021-12-23,Merced,047,269075,44443,44208,2251,46459,690
2021-12-23,Modoc,049,8938,606,597,209,806,6
2021-12-23,Mono,051,14174,2046,2000,24,2024,4
2021-12-23,Monterey,053,433212,51415,49709,3565,53274,638
2021-12-23,Napa,055,140530,14170,13809,181,13990,107
2021-12-23,Nevada,057,99092,10315,10153,365,10518,110
2021-12-23,Orange,059,3164182,330571,322991,18557,341548,5863
2021-12-23,Placer,061,380077,40594,39852,4134,43986,489
2021-12-23,Plumas,063,18699,2034,1987,52,2039,12
2021-12-23,Riverside,065,2383286,393174,384567,17550,402117,5470
2021-12-23,Sacramento,067,1510023,171767,169144,5484,174628,2418
2021-12-23,San Benito,069,59416,8117,7991,193,8184,79
2021-12-23,San Bernardino,071,2135413,383443,376052,12473,388525,6043
2021-12-23,San Diego,073,3302833,418002,406616,24642,431258,4442
2021-12-23,San Francisco,075,870044,62257,58229,2850,61079,682
2021-12-23,San Joaquin,077,732212,105967,104590,5857,110447,1872
2021-12-23,San Luis Obispo,079,281455,31988,31290,1460,32750,365
2021-12-23,San Mateo,081,765935,60339,56973,1154,58127,581
2021-12-23,Santa Barbara,083,443738,48407,47553,1729,49282,567
2021-12-23,Santa Clara,085,1922200,161291,156872,1998,158870,1967
2021-12-23,Santa Cruz,087,273765,22673,22176,1103,23279,228
2021-12-23,Shasta,089,179085,23120,22959,3785,26744,432
2021-12-23,Sierra,091,2930,208,202,21,223,0
2021-12-23,Siskiyou,093,43540,3518,3460,1399,4859,60
2021-12-23,Solano,095,438530,48766,47646,1452,49098,377
2021-12-23,Sonoma,097,501317,45375,44358,650,45008,408
2021-12-23,Stanislaus,099,539301,83311,83368,9624,92992,1331
2021-12-23,Sutter,101,95872,14623,14533,423,14956,191
2021-12-23,Tehama,103,63373,8966,8861,1580,10441,136
2021-12-23,Trinity,105,12862,914,826,228,1054,17
2021-12-23,Tulare,107,460477,72524,71292,16983,88275,1137
2021-12-23,Tuolumne,109,53932,7988,7919,117,8036,91
2021-12-23,Ventura,111,848112,105927,103498,4980,108478,1206
2021-12-23,Yolo,113,214977,21551,21084,1398,22482,270
2021-12-23,Yuba,115,75493,10808,10694,418,11112,98
2021-12-22,Alameda,001,1643700,130108,126533,3312,129845,1522
2021-12-22,Alpine,003,1148,110,112,0,112,0
2021-12-22,Amador,005,37829,5903,5850,78,5928,70
2021-12-22,Butte,007,227075,22418,22070,4023,26093,330
2021-12-22,Calaveras,009,45235,4634,4580,65,4645,91
2021-12-22,Colusa,011,21464,2662,2645,698,3343,21
2021-12-22,Contra Costa,013,1133247,106737,104559,2607,107166,1070
2021-12-22,Del Norte,015,27424,3831,3794,57,3851,43
2021-12-22,El Dorado,017,186661,17497,17140,1871,19011,172
2021-12-22,Fresno,019,978130,149726,147838,13594,161432,2349
2021-12-22,Glenn,021,27897,3656,3604,1059,4663,39
2021-12-22,Humboldt,023,135768,10210,10022,759,10781,119
2021-12-22,Imperial,025,180216,37314,36755,4209,40964,798
2021-12-22,Inyo,027,18085,2668,2632,45,2677,47
2021-12-22,Kern,029,883053,135834,134433,25069,159502,1900
2021-12-22,Kings,031,150075,34362,33953,2105,36058,376
2021-12-22,Lake,033,64148,7061,7008,175,7183,116
2021-12-22,Lassen,035,31185,7110,7069,435,7504,55
2021-12-22,Los Angeles,037,10098052,1549972,1507110,61542,1568652,27234
2021-12-22,Madera,039,155013,24931,24702,2419,27121,320
2021-12-22,Marin,041,260295,19610,18927,673,19600,249
2021-12-22,Mariposa,043,17540,1509,1480,64,1544,6
2021-12-22,Mendocino,045,87422,8418,8299,712,9011,99
2021-12-22,Merced,047,269075,44372,44137,2249,46386,689
2021-12-22,Modoc,049,8938,606,595,209,804,6
2021-12-22,Mono,051,14174,2042,1979,24,2003,4
2021-12-22,Monterey,053,433212,51258,49650,3548,53198,639
2021-12-22,Napa,055,140530,14042,13746,171,13917,107
2021-12-22,Nevada,057,99092,10287,10101,360,10461,110
2021-12-22,Orange,059,3164182,328277,321765,18124,339889,5858
2021-12-22,Placer,061,380077,40411,39758,4097,43855,489
2021-12-22,Plumas,063,18699,2030,1986,52,2038,12
2021-12-22,Riverside,065,2383286,391342,383319,17435,400754,5472
2021-12-22,Sacramento,067,1510023,171109,168695,5415,174110,2422
2021-12-22,San Benito,069,59416,8065,7971,191,8162,79
2021-12-22,San Bernardino,071,2135413,381787,375044,12388,387432,6039
2021-12-22,San Diego,073,3302833,413888,404269,24313,428582,4434
2021-12-22,San Francisco,075,870044,61268,57520,2805,60325,682
2021-12-22,San Joaquin,077,732212,105697,104385,5843,110228,1870
2021-12-22,San Luis Obispo,079,281455,31847,31175,1440,32615,365
2021-12-22,San Mateo,081,765935,59656,56604,1125,57729,581
2021-12-22,Santa Barbara,083,443738,48151,47372,1713,49085,566
2021-12-22,Santa Clara,085,1922200,160174,156258,1957,158215,1954
2021-12-22,Santa Cruz,087,273765,22567,22075,1097,23172,228
2021-12-22,Shasta,089,179085,23092,22937,3780,26717,432
2021-12-22,Sierra,091,2930,208,202,21,223,0
2021-12-22,Siskiyou,093,43540,3515,3458,1396,4854,59
2021-12-22,Solano,095,438530,48537,47531,1438,48969,375
2021-12-22,Sonoma,097,501317,45100,44201,639,44840,408
2021-12-22,Stanislaus,099,539301,83169,83245,9609,92854,1331
2021-12-22,Sutter,101,95872,14588,14513,420,14933,191
2021-12-22,Tehama,103,63373,8953,8853,1577,10430,136
2021-12-22,Trinity,105,12862,914,826,228,1054,17
2021-12-22,Tulare,107,460477,72423,71226,16930,88156,1137
2021-12-22,Tuolumne,109,53932,7967,7903,117,8020,91
2021-12-22,Ventura,111,848112,105321,103089,4873,107962,1206
2021-12-22,Yolo,113,214977,21475,21012,1382,22394,270
2021-12-22,Yuba,115,75493,10791,10681,418,11099,98
2021-12-21,Alameda,001,1643700,129123,126007,3256,129263,1518
2021-12-21,Alpine,003,1148,110,112,0,112,0
2021-12-21,Amador,005,37829,5893,5845,78,5923,70
2021-12-21,Butte,007,227075,22355,22041,4010,26051,330
2021-12-21,Calaveras,009,45235,4621,4575,65,4640,91
2021-12-21,Colusa,011,21464,2660,2643,697,3340,21
2021-12-21,Contra Costa,013,1133247,106105,104255,2541,106796,1068
2021-12-21,Del Norte,015,27424,3830,3793,57,3850,43
2021-12-21,El Dorado,017,186661,17433,17098,1859,18957,172
2021-12-21,Fresno,019,978130,149440,147707,13559,161266,2341
2021-12-21,Glenn,021,27897,3642,3602,1059,4661,39
2021-12-21,Humboldt,023,135768,10145,9989,754,10743,118
2021-12-21,Imperial,025,180216,37216,36580,4167,40747,792
2021-12-21,Inyo,027,18085,2656,2627,45,2672,47
2021-12-21,Kern,029,883053,135625,134321,24963,159284,1892
2021-12-21,Kings,031,150075,34302,33914,2104,36018,376
2021-12-21,Lake,033,64148,7056,7004,173,7177,116
2021-12-21,Lassen,035,31185,7108,7069,435,7504,55
2021-12-21,Los Angeles,037,10098052,1536043,1501169,60502,1561671,27220
2021-12-21,Madera,039,155013,24895,24688,2412,27100,320
2021-12-21,Marin,041,260295,19439,18828,638,19466,249
2021-12-21,Mariposa,043,17540,1508,1480,63,1543,6
2021-12-21,Mendocino,045,87422,8402,8282,710,8992,97
2021-12-21,Merced,047,269075,44300,44096,2246,46342,688
2021-12-21,Modoc,049,8938,604,595,207,802,6
2021-12-21,Mono,051,14174,2022,1979,24,2003,4
2021-12-21,Monterey,053,433212,51167,49586,3531,53117,638
2021-12-21,Napa,055,140530,13941,13703,160,13863,107
2021-12-21,Nevada,057,99092,10258,10095,360,10455,110
2021-12-21,Orange,059,3164182,326150,320705,17670,338375,5855
2021-12-21,Placer,061,380077,40271,39649,4068,43717,487
2021-12-21,Plumas,063,18699,2030,1975,52,2027,12
2021-12-21,Riverside,065,2383286,389616,382415,17314,399729,5465
2021-12-21,Sacramento,067,1510023,170457,168422,5359,173781,2419
2021-12-21,San Benito,069,59416,8026,7950,189,8139,79
2021-12-21,San Bernardino,071,2135413,380169,374219,12280,386499,6026
2021-12-21,San Diego,073,3302833,410166,402386,23976,426362,4424
2021-12-21,San Francisco,075,870044,60318,56950,2771,59721,681
2021-12-21,San Joaquin,077,732212,105410,104238,5824,110062,1870
2021-12-21,San Luis Obispo,079,281455,31683,31103,1428,32531,365
2021-12-21,San Mateo,081,765935,59040,56381,1101,57482,581
2021-12-21,Santa Barbara,083,443738,47922,47194,1698,48892,564
2021-12-21,Santa Clara,085,1922200,159152,155769,1915,157684,1951
2021-12-21,Santa Cruz,087,273765,22450,22028,1086,23114,228
2021-12-21,Shasta,089,179085,23062,22920,3776,26696,429
2021-12-21,Sierra,091,2930,206,201,21,222,0
2021-12-21,Siskiyou,093,43540,3514,3455,1396,4851,59
2021-12-21,Solano,095,438530,48382,47474,1431,48905,372
2021-12-21,Sonoma,097,501317,44877,44051,629,44680,408
2021-12-21,Stanislaus,099,539301,83014,83167,9582,92749,1331
2021-12-21,Sutter,101,95872,14565,14492,419,14911,190
2021-12-21,Tehama,103,63373,8945,8849,1572,10421,136
2021-12-21,Trinity,105,12862,913,826,228,1054,17
2021-12-21,Tulare,107,460477,72331,71166,16888,88054,1137
2021-12-21,Tuolumne,109,53932,7943,7893,117,8010,91
2021-12-21,Ventura,111,848112,104703,102631,4760,107391,1205
2021-12-21,Yolo,113,214977,21366,20944,1378,22322,267
2021-12-21,Yuba,115,75493,10774,10668,418,11086,98
2021-12-20,Alameda,001,1643700,128197,125762,3188,128950,1515
2021-12-20,Alpine,003,1148,110,112,0,112,0
2021-12-20,Amador,005,37829,5879,5838,78,5916,70
2021-12-20,Butte,007,227075,22294,22030,4001,26031,329
2021-12-20,Calaveras,009,45235,4611,4569,65,4634,91
2021-12-20,Colusa,011,21464,2658,2644,697,3341,21
2021-12-20,Contra Costa,013,1133247,105570,104051,2494,106545,1068
2021-12-20,Del Norte,015,27424,3828,3792,57,3849,43
2021-12-20,El Dorado,017,186661,17372,17083,1850,18933,172
2021-12-20,Fresno,019,978130,149197,147605,13530,161135,2341
2021-12-20,Glenn,021,27897,3636,3597,1059,4656,39
2021-12-20,Humboldt,023,135768,10102,9973,750,10723,118
2021-12-20,Imperial,025,180216,37099,36532,4137,40669,792
2021-12-20,Inyo,027,18085,2653,2615,45,2660,47
2021-12-20,Kern,029,883053,135427,134203,24903,159106,1883
2021-12-20,Kings,031,150075,34260,33898,2103,36001,376
2021-12-20,Lake,033,64148,7051,6999,173,7172,116
2021-12-20,Lassen,035,31185,7106,7065,434,7499,55
2021-12-20,Los Angeles,037,10098052,1524535,1495251,59769,1555020,27188
2021-12-20,Madera,039,155013,24866,24668,2408,27076,313
2021-12-20,Marin,041,260295,19225,18747,620,19367,249
2021-12-20,Mariposa,043,17540,1499,1479,63,1542,6
2021-12-20,Mendocino,045,87422,8390,8264,708,8972,96
2021-12-20,Merced,047,269075,44243,44071,2241,46312,687
2021-12-20,Modoc,049,8938,604,595,204,799,6
2021-12-20,Mono,051,14174,2000,1973,24,1997,4
2021-12-20,Monterey,053,433212,51070,49556,3511,53067,636
2021-12-20,Napa,055,140530,13857,13672,150,13822,107
2021-12-20,Nevada,057,99092,10218,10079,359,10438,109
2021-12-20,Orange,059,3164182,324544,320235,17350,337585,5852
2021-12-20,Placer,061,380077,40143,39579,4038,43617,485
2021-12-20,Plumas,063,18699,2027,1971,50,2021,12
2021-12-20,Riverside,065,2383286,388168,381841,17224,399065,5452
2021-12-20,Sacramento,067,1510023,169886,168153,5316,173469,2414
2021-12-20,San Benito,069,59416,7982,7934,187,8121,79
2021-12-20,San Bernardino,071,2135413,378682,373881,12195,386076,6023
2021-12-20,San Diego,073,3302833,406928,401483,23735,425218,4412
2021-12-20,San Francisco,075,870044,59260,56661,2710,59371,681
2021-12-20,San Joaquin,077,732212,105167,104188,5815,110003,1865
2021-12-20,San Luis Obispo,079,281455,31570,31075,1420,32495,365
2021-12-20,San Mateo,081,765935,58493,56247,1082,57329,581
2021-12-20,Santa Barbara,083,443738,47713,47131,1693,48824,562
2021-12-20,Santa Clara,085,1922200,158195,155427,1866,157293,1950
2021-12-20,Santa Cruz,087,273765,22369,21989,1081,23070,227
2021-12-20,Shasta,089,179085,23042,22888,3771,26659,429
2021-12-20,Sierra,091,2930,205,201,21,222,0
2021-12-20,Siskiyou,093,43540,3513,3453,1394,4847,59
2021-12-20,Solano,095,438530,48254,47394,1423,48817,370
2021-12-20,Sonoma,097,501317,44684,43982,621,44603,408
2021-12-20,Stanislaus,099,539301,82890,83110,9555,92665,1331
2021-12-20,Sutter,101,95872,14542,14480,419,14899,190
2021-12-20,Tehama,103,63373,8937,8840,1569,10409,136
2021-12-20,Trinity,105,12862,913,826,228,1054,17
2021-12-20,Tulare,107,460477,72237,71124,16828,87952,1129
2021-12-20,Tuolumne,109,53932,7929,7867,113,7980,91
2021-12-20,Ventura,111,848112,104196,102452,4682,107134,1203
2021-12-20,Yolo,113,214977,21273,20903,1366,22269,267
2021-12-20,Yuba,115,75493,10758,10656,415,11071,97
2021-12-19,Alameda,001,1643700,127317,125464,3145,128609,1519
2021-12-19,Alpine,003,1148,110,112,0,112,0
2021-12-19,Amador,005,37829,5867,5832,77,5909,70
2021-12-19,Butte,007,227075,22241,22022,3995,26017,329
2021-12-19,Calaveras,009,45235,4595,4563,64,4627,91
2021-12-19,Colusa,011,21464,2658,2643,694,3337,21
2021-12-19,Contra Costa,013,1133247,105080,103906,2459,106365,1068
2021-12-19,Del Norte,015,27424,3824,3797,57,3854,43
2021-12-19,El Dorado,017,186661,17316,17067,1848,18915,172
2021-12-19,Fresno,019,978130,148957,147505,13504,161009,2341
2021-12-19,Glenn,021,27897,3632,3596,1058,4654,39
2021-12-19,Humboldt,023,135768,10061,9957,745,10702,118
2021-12-19,Imperial,025,180216,36970,36501,4093,40594,792
2021-12-19,Inyo,027,18085,2644,2613,45,2658,47
2021-12-19,Kern,029,883053,135229,134136,24832,158968,1883
2021-12-19,Kings,031,150075,34200,33874,2099,35973,378
2021-12-19,Lake,033,64148,7042,6999,170,7169,116
2021-12-19,Lassen,035,31185,7102,7065,434,7499,55
2021-12-19,Los Angeles,037,10098052,1515532,1495082,59157,1554239,27189
2021-12-19,Madera,039,155013,24841,24642,2402,27044,313
2021-12-19,Marin,041,260295,19049,18707,597,19304,249
2021-12-19,Mariposa,043,17540,1493,1475,63,1538,6
2021-12-19,Mendocino,045,87422,8373,8257,705,8962,96
2021-12-19,Merced,047,269075,44148,44045,2234,46279,687
2021-12-19,Modoc,049,8938,603,595,204,799,6
2021-12-19,Mono,051,14174,1989,1968,23,1991,4
2021-12-19,Monterey,053,433212,50968,49516,3489,53005,636
2021-12-19,Napa,055,140530,13784,13659,141,13800,107
2021-12-19,Nevada,057,99092,10182,10057,356,10413,109
2021-12-19,Orange,059,3164182,323140,319615,17121,336736,5852
2021-12-19,Placer,061,380077,40024,39525,4021,43546,485
2021-12-19,Plumas,063,18699,2024,1971,50,2021,12
2021-12-19,Riverside,065,2383286,386728,381305,17148,398453,5452
2021-12-19,Sacramento,067,1510023,169390,167933,5287,173220,2415
2021-12-19,San Benito,069,59416,7956,7929,186,8115,79
2021-12-19,San Bernardino,071,2135413,377389,373480,12154,385634,6023
2021-12-19,San Diego,073,3302833,404417,398197,23539,421736,4406
2021-12-19,San Francisco,075,870044,58388,56358,2654,59012,681
2021-12-19,San Joaquin,077,732212,104910,104125,5801,109926,1865
2021-12-19,San Luis Obispo,079,281455,31447,31035,1408,32443,366
2021-12-19,San Mateo,081,765935,58027,56132,1067,57199,581
2021-12-19,Santa Barbara,083,443738,47490,47070,1686,48756,562
2021-12-19,Santa Clara,085,1922200,157307,155049,1838,156887,1950
2021-12-19,Santa Cruz,087,273765,22270,21960,1076,23036,227
2021-12-19,Shasta,089,179085,23005,22875,3767,26642,429
2021-12-19,Sierra,091,2930,204,201,21,222,0
2021-12-19,Siskiyou,093,43540,3510,3452,1394,4846,59
2021-12-19,Solano,095,438530,48133,47341,1417,48758,370
2021-12-19,Sonoma,097,501317,44499,43944,619,44563,408
2021-12-19,Stanislaus,099,539301,82752,83040,9524,92564,1331
2021-12-19,Sutter,101,95872,14502,14475,418,14893,190
2021-12-19,Tehama,103,63373,8929,8840,1569,10409,136
2021-12-19,Trinity,105,12862,913,826,228,1054,17
2021-12-19,Tulare,107,460477,72143,71085,16786,87871,1129
2021-12-19,Tuolumne,109,53932,7912,7865,112,7977,91
2021-12-19,Ventura,111,848112,103616,102170,4617,106787,1203
2021-12-19,Yolo,113,214977,21192,20887,1346,22233,267
2021-12-19,Yuba,115,75493,10741,10646,413,11059,97
2021-12-18,Alameda,001,1643700,126912,124583,3120,127703,1512
2021-12-18,Alpine,003,1148,110,110,0,110,0
2021-12-18,Amador,005,37829,5861,5821,77,5898,69
2021-12-18,Butte,007,227075,22224,21956,3990,25946,328
2021-12-18,Calaveras,009,45235,4588,4534,64,4598,91
2021-12-18,Colusa,011,21464,2655,2635,692,3327,21
2021-12-18,Contra Costa,013,1133247,104867,103380,2445,105825,1065
2021-12-18,Del Norte,015,27424,3821,3791,57,3848,43
2021-12-18,El Dorado,017,186661,17288,16968,1845,18813,171
2021-12-18,Fresno,019,978130,148854,147038,13490,160528,2335
2021-12-18,Glenn,021,27897,3629,3590,1058,4648,39
2021-12-18,Humboldt,023,135768,10045,9889,745,10634,118
2021-12-18,Imperial,025,180216,36897,36280,4081,40361,790
2021-12-18,Inyo,027,18085,2638,2607,45,2652,47
2021-12-18,Kern,029,883053,135139,133754,24785,158539,1873
2021-12-18,Kings,031,150075,34168,33783,2095,35878,374
2021-12-18,Lake,033,64148,7041,6976,170,7146,115
2021-12-18,Lassen,035,31185,7100,7061,433,7494,55
2021-12-18,Los Angeles,037,10098052,1511438,1484840,58842,1543682,27135
2021-12-18,Madera,039,155013,24826,24575,2400,26975,313
2021-12-18,Marin,041,260295,18948,18537,585,19122,249
2021-12-18,Mariposa,043,17540,1492,1468,63,1531,6
2021-12-18,Mendocino,045,87422,8367,8219,705,8924,95
2021-12-18,Merced,047,269075,44114,43929,2233,46162,686
2021-12-18,Modoc,049,8938,601,595,204,799,6
2021-12-18,Mono,051,14174,1987,1956,23,1979,4
2021-12-18,Monterey,053,433212,50909,49343,3484,52827,635
2021-12-18,Napa,055,140530,13758,13581,139,13720,107
2021-12-18,Nevada,057,99092,10160,9991,354,10345,108
2021-12-18,Orange,059,3164182,322475,318149,16981,335130,5844
2021-12-18,Placer,061,380077,39923,39336,4007,43343,485
2021-12-18,Plumas,063,18699,2024,1964,50,2014,13
2021-12-18,Riverside,065,2383286,386033,379354,17106,396460,5439
2021-12-18,Sacramento,067,1510023,169154,167046,5267,172313,2404
2021-12-18,San Benito,069,59416,7941,7894,186,8080,79
2021-12-18,San Bernardino,071,2135413,376737,371658,12126,383784,6017
2021-12-18,San Diego,073,3302833,403462,397130,23487,420617,4399
2021-12-18,San Francisco,075,870044,57896,55562,2624,58186,679
2021-12-18,San Joaquin,077,732212,104823,103698,5791,109489,1858
2021-12-18,San Luis Obispo,079,281455,31404,30873,1402,32275,365
2021-12-18,San Mateo,081,765935,57787,55730,1062,56792,580
2021-12-18,Santa Barbara,083,443738,47394,46776,1684,48460,562
2021-12-18,Santa Clara,085,1922200,156855,154243,1825,156068,1946
2021-12-18,Santa Cruz,087,273765,22218,21805,1074,22879,225
2021-12-18,Shasta,089,179085,22984,22811,3767,26578,429
2021-12-18,Sierra,091,2930,204,199,21,220,0
2021-12-18,Siskiyou,093,43540,3508,3441,1393,4834,58
2021-12-18,Solano,095,438530,48087,47174,1415,48589,369
2021-12-18,Sonoma,097,501317,44388,43658,615,44273,407
2021-12-18,Stanislaus,099,539301,82670,82736,9513,92249,1330
2021-12-18,Sutter,101,95872,14484,14435,418,14853,190
2021-12-18,Tehama,103,63373,8923,8814,1568,10382,136
2021-12-18,Trinity,105,12862,913,823,228,1051,17
2021-12-18,Tulare,107,460477,72105,70922,16761,87683,1120
2021-12-18,Tuolumne,109,53932,7898,7834,112,7946,91
2021-12-18,Ventura,111,848112,103330,101612,4593,106205,1201
2021-12-18,Yolo,113,214977,21152,20793,1340,22133,267
2021-12-18,Yuba,115,75493,10728,10599,413,11012,96
2021-12-17,Alameda,001,1643700,126580,124583,3101,127684,1512
2021-12-17,Alpine,003,1148,110,110,0,110,0
2021-12-17,Amador,005,37829,5854,5821,77,5898,69
2021-12-17,Butte,007,227075,22204,21956,3984,25940,328
2021-12-17,Calaveras,009,45235,4584,4534,64,4598,91
2021-12-17,Colusa,011,21464,2654,2635,691,3326,21
2021-12-17,Contra Costa,013,1133247,104665,103380,2441,105821,1065
2021-12-17,Del Norte,015,27424,3820,3791,57,3848,43
2021-12-17,El Dorado,017,186661,17259,16968,1842,18810,171
2021-12-17,Fresno,019,978130,148750,147038,13490,160528,2335
2021-12-17,Glenn,021,27897,3622,3590,1058,4648,39
2021-12-17,Humboldt,023,135768,10025,9889,743,10632,118
2021-12-17,Imperial,025,180216,36835,36280,4063,40343,790
2021-12-17,Inyo,027,18085,2633,2607,45,2652,47
2021-12-17,Kern,029,883053,135048,133754,24743,158497,1873
2021-12-17,Kings,031,150075,34149,33783,2095,35878,374
2021-12-17,Lake,033,64148,7037,6976,170,7146,115
2021-12-17,Lassen,035,31185,7100,7061,432,7493,55
2021-12-17,Los Angeles,037,10098052,1507466,1484840,58599,1543439,27135
2021-12-17,Madera,039,155013,24810,24575,2395,26970,313
2021-12-17,Marin,041,260295,18871,18537,581,19118,249
2021-12-17,Mariposa,043,17540,1488,1468,63,1531,6
2021-12-17,Mendocino,045,87422,8356,8219,705,8924,95
2021-12-17,Merced,047,269075,44087,43929,2232,46161,686
2021-12-17,Modoc,049,8938,601,595,204,799,6
2021-12-17,Mono,051,14174,1984,1956,23,1979,4
2021-12-17,Monterey,053,433212,50851,49343,3479,52822,635
2021-12-17,Napa,055,140530,13731,13581,138,13719,107
2021-12-17,Nevada,057,99092,10149,9991,354,10345,108
2021-12-17,Orange,059,3164182,321911,318149,16913,335062,5844
2021-12-17,Placer,061,380077,39869,39336,4001,43337,485
2021-12-17,Plumas,063,18699,2023,1964,50,2014,13
2021-12-17,Riverside,065,2383286,385381,379354,17095,396449,5439
2021-12-17,Sacramento,067,1510023,168923,167046,5254,172300,2404
2021-12-17,San Benito,069,59416,7939,7894,186,8080,79
2021-12-17,San Bernardino,071,2135413,376192,371658,12109,383767,6017
2021-12-17,San Diego,073,3302833,402521,397130,23439,420569,4399
2021-12-17,San Francisco,075,870044,57570,55562,2594,58156,679
2021-12-17,San Joaquin,077,732212,104749,103698,5773,109471,1858
2021-12-17,San Luis Obispo,079,281455,31376,30873,1398,32271,365
2021-12-17,San Mateo,081,765935,57598,55730,1055,56785,580
2021-12-17,Santa Barbara,083,443738,47317,46776,1678,48454,562
2021-12-17,Santa Clara,085,1922200,156482,154243,1810,156053,1946
2021-12-17,Santa Cruz,087,273765,22172,21805,1071,22876,225
2021-12-17,Shasta,089,179085,22972,22811,3765,26576,429
2021-12-17,Sierra,091,2930,203,199,21,220,0
2021-12-17,Siskiyou,093,43540,3504,3441,1391,4832,58
2021-12-17,Solano,095,438530,48019,47174,1411,48585,369
2021-12-17,Sonoma,097,501317,44291,43658,612,44270,407
2021-12-17,Stanislaus,099,539301,82619,82736,9507,92243,1330
2021-12-17,Sutter,101,95872,14472,14435,416,14851,190
2021-12-17,Tehama,103,63373,8916,8814,1567,10381,136
2021-12-17,Trinity,105,12862,913,823,228,1051,17
2021-12-17,Tulare,107,460477,72063,70922,16731,87653,1120
2021-12-17,Tuolumne,109,53932,7886,7834,112,7946,91
2021-12-17,Ventura,111,848112,103080,101612,4581,106193,1201
2021-12-17,Yolo,113,214977,21119,20793,1334,22127,267
2021-12-17,Yuba,115,75493,10717,10599,410,11009,96
2021-12-16,Alameda,001,1643700,126207,124583,3086,127669,1512
2021-12-16,Alpine,003,1148,108,110,0,110,0
2021-12-16,Amador,005,37829,5846,5821,77,5898,69
2021-12-16,Butte,007,227075,22185,21956,3981,25937,328
2021-12-16,Calaveras,009,45235,4576,4534,64,4598,91
2021-12-16,Colusa,011,21464,2654,2635,691,3326,21
2021-12-16,Contra Costa,013,1133247,104441,103380,2428,105808,1065
2021-12-16,Del Norte,015,27424,3817,3791,57,3848,43
2021-12-16,El Dorado,017,186661,17224,16968,1837,18805,171
2021-12-16,Fresno,019,978130,148590,147038,13483,160521,2335
2021-12-16,Glenn,021,27897,3621,3590,1055,4645,39
2021-12-16,Humboldt,023,135768,10001,9889,733,10622,118
2021-12-16,Imperial,025,180216,36751,36280,4033,40313,790
2021-12-16,Inyo,027,18085,2629,2607,44,2651,47
2021-12-16,Kern,029,883053,134904,133754,24692,158446,1873
2021-12-16,Kings,031,150075,34125,33783,2094,35877,374
2021-12-16,Lake,033,64148,7033,6976,170,7146,115
2021-12-16,Lassen,035,31185,7097,7061,431,7492,55
2021-12-16,Los Angeles,037,10098052,1503230,1484840,58328,1543168,27135
2021-12-16,Madera,039,155013,24781,24575,2391,26966,313
2021-12-16,Marin,041,260295,18825,18537,574,19111,249
2021-12-16,Mariposa,043,17540,1486,1468,63,1531,6
2021-12-16,Mendocino,045,87422,8345,8219,700,8919,95
2021-12-16,Merced,047,269075,44048,43929,2231,46160,686
2021-12-16,Modoc,049,8938,601,595,204,799,6
2021-12-16,Mono,051,14174,1981,1956,23,1979,4
2021-12-16,Monterey,053,433212,50780,49343,3462,52805,635
2021-12-16,Napa,055,140530,13699,13581,138,13719,107
2021-12-16,Nevada,057,99092,10123,9991,354,10345,108
2021-12-16,Orange,059,3164182,321303,318149,16834,334983,5844
2021-12-16,Placer,061,380077,39792,39336,3996,43332,485
2021-12-16,Plumas,063,18699,2023,1964,50,2014,13
2021-12-16,Riverside,065,2383286,384574,379354,17081,396435,5439
2021-12-16,Sacramento,067,1510023,168637,167046,5229,172275,2404
2021-12-16,San Benito,069,59416,7932,7894,186,8080,79
2021-12-16,San Bernardino,071,2135413,375542,371658,12090,383748,6017
2021-12-16,San Diego,073,3302833,401337,397130,23373,420503,4399
2021-12-16,San Francisco,075,870044,57195,55562,2572,58134,679
2021-12-16,San Joaquin,077,732212,104626,103698,5766,109464,1858
2021-12-16,San Luis Obispo,079,281455,31306,30873,1392,32265,365
2021-12-16,San Mateo,081,765935,57398,55730,1052,56782,580
2021-12-16,Santa Barbara,083,443738,47195,46776,1674,48450,562
2021-12-16,Santa Clara,085,1922200,156153,154243,1800,156043,1946
2021-12-16,Santa Cruz,087,273765,22126,21805,1070,22875,225
2021-12-16,Shasta,089,179085,22942,22811,3763,26574,429
2021-12-16,Sierra,091,2930,203,199,21,220,0
2021-12-16,Siskiyou,093,43540,3503,3441,1387,4828,58
2021-12-16,Solano,095,438530,47951,47174,1404,48578,369
2021-12-16,Sonoma,097,501317,44193,43658,610,44268,407
2021-12-16,Stanislaus,099,539301,82532,82736,9493,92229,1330
2021-12-16,Sutter,101,95872,14458,14435,415,14850,190
2021-12-16,Tehama,103,63373,8909,8814,1566,10380,136
2021-12-16,Trinity,105,12862,913,823,228,1051,17
2021-12-16,Tulare,107,460477,72014,70922,16705,87627,1120
2021-12-16,Tuolumne,109,53932,7867,7834,112,7946,91
2021-12-16,Ventura,111,848112,102812,101612,4574,106186,1201
2021-12-16,Yolo,113,214977,21068,20793,1329,22122,267
2021-12-16,Yuba,115,75493,10702,10599,409,11008,96
2021-12-15,Alameda,001,1643700,125880,124342,3074,127416,1509
2021-12-15,Alpine,003,1148,108,109,0,109,0
2021-12-15,Amador,005,37829,5840,5810,77,5887,69
2021-12-15,Butte,007,227075,22163,21922,3980,25902,327
2021-12-15,Calaveras,009,45235,4570,4523,64,4587,89
2021-12-15,Colusa,011,21464,2653,2632,690,3322,21
2021-12-15,Contra Costa,013,1133247,104222,103236,2425,105661,1064
2021-12-15,Del Norte,015,27424,3816,3789,56,3845,43
2021-12-15,El Dorado,017,186661,17192,16936,1831,18767,171
2021-12-15,Fresno,019,978130,148462,146859,13468,160327,2319
2021-12-15,Glenn,021,27897,3621,3589,1055,4644,39
2021-12-15,Humboldt,023,135768,9981,9854,732,10586,118
2021-12-15,Imperial,025,180216,36672,36187,3989,40176,789
2021-12-15,Inyo,027,18085,2624,2606,44,2650,47
2021-12-15,Kern,029,883053,134765,133590,24645,158235,1866
2021-12-15,Kings,031,150075,34096,33716,2090,35806,374
2021-12-15,Lake,033,64148,7024,6968,169,7137,115
2021-12-15,Lassen,035,31185,7097,7062,431,7493,55
2021-12-15,Los Angeles,037,10098052,1499315,1482735,58131,1540866,27116
2021-12-15,Madera,039,155013,24763,24549,2385,26934,313
2021-12-15,Marin,041,260295,18767,18514,569,19083,249
2021-12-15,Mariposa,043,17540,1483,1463,63,1526,6
2021-12-15,Mendocino,045,87422,8340,8209,697,8906,95
2021-12-15,Merced,047,269075,44006,43890,2219,46109,685
2021-12-15,Modoc,049,8938,601,595,204,799,6
2021-12-15,Mono,051,14174,1977,1955,23,1978,4
2021-12-15,Monterey,053,433212,50725,49279,3444,52723,635
2021-12-15,Napa,055,140530,13670,13557,136,13693,107
2021-12-15,Nevada,057,99092,10102,9958,354,10312,107
2021-12-15,Orange,059,3164182,320723,317808,16792,334600,5838
2021-12-15,Placer,061,380077,39737,39264,3986,43250,485
2021-12-15,Plumas,063,18699,2019,1957,50,2007,12
2021-12-15,Riverside,065,2383286,383852,378769,17069,395838,5438
2021-12-15,Sacramento,067,1510023,168329,166793,5208,172001,2401
2021-12-15,San Benito,069,59416,7917,7877,186,8063,79
2021-12-15,San Bernardino,071,2135413,374998,371122,12058,383180,6013
2021-12-15,San Diego,073,3302833,400147,396546,23304,419850,4395
2021-12-15,San Francisco,075,870044,56877,55414,2554,57968,679
2021-12-15,San Joaquin,077,732212,104469,103579,5756,109335,1853
2021-12-15,San Luis Obispo,079,281455,31257,30784,1385,32169,365
2021-12-15,San Mateo,081,765935,57257,55657,1042,56699,580
2021-12-15,Santa Barbara,083,443738,47114,46681,1672,48353,562
2021-12-15,Santa Clara,085,1922200,155840,153928,1779,155707,1944
2021-12-15,Santa Cruz,087,273765,22086,21753,1063,22816,225
2021-12-15,Shasta,089,179085,22927,22778,3759,26537,427
2021-12-15,Sierra,091,2930,203,199,21,220,0
2021-12-15,Siskiyou,093,43540,3502,3434,1386,4820,58
2021-12-15,Solano,095,438530,47880,47098,1397,48495,367
2021-12-15,Sonoma,097,501317,44110,43580,605,44185,407
2021-12-15,Stanislaus,099,539301,82426,82628,9485,92113,1298
2021-12-15,Sutter,101,95872,14438,14428,414,14842,189
2021-12-15,Tehama,103,63373,8902,8806,1565,10371,136
2021-12-15,Trinity,105,12862,912,822,228,1050,17
2021-12-15,Tulare,107,460477,71962,70846,16676,87522,1120
2021-12-15,Tuolumne,109,53932,7858,7818,111,7929,91
2021-12-15,Ventura,111,848112,102597,101447,4568,106015,1199
2021-12-15,Yolo,113,214977,21040,20749,1324,22073,267
2021-12-15,Yuba,115,75493,10691,10587,408,10995,96
2021-12-14,Alameda,001,1643700,125552,124272,3062,127334,1506
2021-12-14,Alpine,003,1148,107,109,0,109,0
2021-12-14,Amador,005,37829,5834,5808,76,5884,69
2021-12-14,Butte,007,227075,22130,21901,3978,25879,326
2021-12-14,Calaveras,009,45235,4558,4517,64,4581,89
2021-12-14,Colusa,011,21464,2651,2628,690,3318,21
2021-12-14,Contra Costa,013,1133247,104038,103135,2421,105556,1064
2021-12-14,Del Norte,015,27424,3813,3788,56,3844,43
2021-12-14,El Dorado,017,186661,17158,16915,1829,18744,170
2021-12-14,Fresno,019,978130,148292,146756,13460,160216,2316
2021-12-14,Glenn,021,27897,3620,3589,1055,4644,39
2021-12-14,Humboldt,023,135768,9969,9836,724,10560,118
2021-12-14,Imperial,025,180216,36599,36049,3946,39995,789
2021-12-14,Inyo,027,18085,2624,2601,44,2645,46
2021-12-14,Kern,029,883053,134627,133498,24596,158094,1863
2021-12-14,Kings,031,150075,34059,33693,2087,35780,373
2021-12-14,Lake,033,64148,7015,6961,169,7130,115
2021-12-14,Lassen,035,31185,7096,7061,431,7492,55
2021-12-14,Los Angeles,037,10098052,1495650,1481131,57949,1539080,27099
2021-12-14,Madera,039,155013,24737,24535,2377,26912,313
2021-12-14,Marin,041,260295,18719,18491,567,19058,249
2021-12-14,Mariposa,043,17540,1480,1463,62,1525,6
2021-12-14,Mendocino,045,87422,8312,8206,695,8901,95
2021-12-14,Merced,047,269075,43960,43870,2217,46087,684
2021-12-14,Modoc,049,8938,600,595,204,799,6
2021-12-14,Mono,051,14174,1970,1955,23,1978,4
2021-12-14,Monterey,053,433212,50642,49237,3433,52670,635
2021-12-14,Napa,055,140530,13641,13528,136,13664,107
2021-12-14,Nevada,057,99092,10076,9956,353,10309,106
2021-12-14,Orange,059,3164182,320169,317465,16738,334203,5827
2021-12-14,Placer,061,380077,39660,39221,3981,43202,482
2021-12-14,Plumas,063,18699,2015,1950,48,1998,12
2021-12-14,Riverside,065,2383286,383159,378227,17052,395279,5427
2021-12-14,Sacramento,067,1510023,168018,166605,5185,171790,2394
2021-12-14,San Benito,069,59416,7898,7871,186,8057,79
2021-12-14,San Bernardino,071,2135413,374378,370604,12028,382632,6013
2021-12-14,San Diego,073,3302833,399008,395876,23253,419129,4393
2021-12-14,San Francisco,075,870044,56564,55278,2542,57820,679
2021-12-14,San Joaquin,077,732212,104322,103488,5738,109226,1848
2021-12-14,San Luis Obispo,079,281455,31197,30753,1381,32134,363
2021-12-14,San Mateo,081,765935,57093,55601,1035,56636,580
2021-12-14,Santa Barbara,083,443738,47012,46648,1667,48315,560
2021-12-14,Santa Clara,085,1922200,155519,153814,1766,155580,1945
2021-12-14,Santa Cruz,087,273765,22021,21737,1058,22795,225
2021-12-14,Shasta,089,179085,22900,22756,3758,26514,427
2021-12-14,Sierra,091,2930,201,199,21,220,0
2021-12-14,Siskiyou,093,43540,3497,3430,1385,4815,58
2021-12-14,Solano,095,438530,47833,47065,1391,48456,367
2021-12-14,Sonoma,097,501317,44028,43538,603,44141,407
2021-12-14,Stanislaus,099,539301,82341,82581,9471,92052,1293
2021-12-14,Sutter,101,95872,14426,14421,413,14834,189
2021-12-14,Tehama,103,63373,8898,8805,1565,10370,134
2021-12-14,Trinity,105,12862,912,821,228,1049,17
2021-12-14,Tulare,107,460477,71891,70803,16645,87448,1120
2021-12-14,Tuolumne,109,53932,7845,7815,111,7926,91
2021-12-14,Ventura,111,848112,102372,101343,4561,105904,1199
2021-12-14,Yolo,113,214977,21006,20734,1310,22044,267
2021-12-14,Yuba,115,75493,10674,10574,408,10982,92
2021-12-13,Alameda,001,1643700,125267,124174,3045,127219,1501
2021-12-13,Alpine,003,1148,107,109,0,109,0
2021-12-13,Amador,005,37829,5830,5797,76,5873,69
2021-12-13,Butte,007,227075,22106,21889,3974,25863,326
2021-12-13,Calaveras,009,45235,4551,4507,63,4570,89
2021-12-13,Colusa,011,21464,2649,2627,690,3317,21
2021-12-13,Contra Costa,013,1133247,103888,103041,2410,105451,1064
2021-12-13,Del Norte,015,27424,3809,3787,56,3843,42
2021-12-13,El Dorado,017,186661,17135,16896,1827,18723,170
2021-12-13,Fresno,019,978130,148140,146641,13450,160091,2312
2021-12-13,Glenn,021,27897,3615,3589,1053,4642,37
2021-12-13,Humboldt,023,135768,9940,9821,720,10541,118
2021-12-13,Imperial,025,180216,36515,35974,3925,39899,787
2021-12-13,Inyo,027,18085,2623,2592,44,2636,46
2021-12-13,Kern,029,883053,134500,133381,24543,157924,1863
2021-12-13,Kings,031,150075,34016,33680,2082,35762,372
2021-12-13,Lake,033,64148,7013,6958,167,7125,115
2021-12-13,Lassen,035,31185,7095,7057,431,7488,55
2021-12-13,Los Angeles,037,10098052,1492847,1480195,57783,1537978,27085
2021-12-13,Madera,039,155013,24709,24527,2372,26899,311
2021-12-13,Marin,041,260295,18659,18471,564,19035,249
2021-12-13,Mariposa,043,17540,1478,1462,62,1524,6
2021-12-13,Mendocino,045,87422,8299,8196,693,8889,95
2021-12-13,Merced,047,269075,43921,43848,2213,46061,682
2021-12-13,Modoc,049,8938,599,595,204,799,6
2021-12-13,Mono,051,14174,1963,1952,23,1975,4
2021-12-13,Monterey,053,433212,50590,49222,3413,52635,631
2021-12-13,Napa,055,140530,13628,13518,136,13654,107
2021-12-13,Nevada,057,99092,10057,9946,352,10298,106
2021-12-13,Orange,059,3164182,319699,317112,16684,333796,5824
2021-12-13,Placer,061,380077,39599,39168,3970,43138,481
2021-12-13,Plumas,063,18699,2011,1943,48,1991,12
2021-12-13,Riverside,065,2383286,382578,377728,17037,394765,5414
2021-12-13,Sacramento,067,1510023,167739,166439,5153,171592,2392
2021-12-13,San Benito,069,59416,7889,7856,186,8042,79
2021-12-13,San Bernardino,071,2135413,373805,370274,12020,382294,6011
2021-12-13,San Diego,073,3302833,398199,395266,23200,418466,4389
2021-12-13,San Francisco,075,870044,56293,55245,2529,57774,678
2021-12-13,San Joaquin,077,732212,104206,103449,5729,109178,1846
2021-12-13,San Luis Obispo,079,281455,31148,30746,1377,32123,363
2021-12-13,San Mateo,081,765935,56933,55569,1026,56595,580
2021-12-13,Santa Barbara,083,443738,46925,46608,1662,48270,560
2021-12-13,Santa Clara,085,1922200,155254,153672,1755,155427,1944
2021-12-13,Santa Cruz,087,273765,21966,21698,1055,22753,225
2021-12-13,Shasta,089,179085,22879,22731,3756,26487,426
2021-12-13,Sierra,091,2930,201,199,21,220,0
2021-12-13,Siskiyou,093,43540,3493,3426,1382,4808,57
2021-12-13,Solano,095,438530,47759,47045,1386,48431,365
2021-12-13,Sonoma,097,501317,43933,43492,601,44093,407
2021-12-13,Stanislaus,099,539301,82226,82507,9448,91955,1282
2021-12-13,Sutter,101,95872,14419,14408,413,14821,188
2021-12-13,Tehama,103,63373,8885,8800,1565,10365,134
2021-12-13,Trinity,105,12862,912,820,228,1048,17
2021-12-13,Tulare,107,460477,71834,70758,16621,87379,1114
2021-12-13,Tuolumne,109,53932,7834,7804,111,7915,91
2021-12-13,Ventura,111,848112,102147,101180,4550,105730,1197
2021-12-13,Yolo,113,214977,20957,20706,1305,22011,267
2021-12-13,Yuba,115,75493,10657,10570,408,10978,92
2021-12-12,Alameda,001,1643700,124981,124075,3032,127107,1503
2021-12-12,Alpine,003,1148,107,109,0,109,0
2021-12-12,Amador,005,37829,5822,5797,75,5872,69
2021-12-12,Butte,007,227075,22082,21874,3971,25845,326
2021-12-12,Calaveras,009,45235,4541,4501,63,4564,89
2021-12-12,Colusa,011,21464,2644,2627,687,3314,21
2021-12-12,Contra Costa,013,1133247,103700,102976,2408,105384,1065
2021-12-12,Del Norte,015,27424,3806,3793,56,3849,42
2021-12-12,El Dorado,017,186661,17099,16890,1819,18709,170
2021-12-12,Fresno,019,978130,147977,146518,13434,159952,2310
2021-12-12,Glenn,021,27897,3612,3589,1053,4642,37
2021-12-12,Humboldt,023,135768,9916,9804,713,10517,118
2021-12-12,Imperial,025,180216,36381,35926,3893,39819,787
2021-12-12,Inyo,027,18085,2618,2592,44,2636,46
2021-12-12,Kern,029,883053,134334,133314,24502,157816,1861
2021-12-12,Kings,031,150075,33965,33661,2080,35741,372
2021-12-12,Lake,033,64148,7006,6955,165,7120,115
2021-12-12,Lassen,035,31185,7094,7057,431,7488,55
2021-12-12,Los Angeles,037,10098052,1489915,1479054,57599,1536653,27074
2021-12-12,Madera,039,155013,24679,24493,2364,26857,311
2021-12-12,Marin,041,260295,18606,18451,560,19011,249
2021-12-12,Mariposa,043,17540,1477,1461,62,1523,6
2021-12-12,Mendocino,045,87422,8286,8190,692,8882,95
2021-12-12,Merced,047,269075,43887,43821,2206,46027,682
2021-12-12,Modoc,049,8938,599,595,203,798,6
2021-12-12,Mono,051,14174,1959,1947,23,1970,4
2021-12-12,Monterey,053,433212,50537,49192,3387,52579,631
2021-12-12,Napa,055,140530,13585,13508,134,13642,107
2021-12-12,Nevada,057,99092,10030,9938,351,10289,106
2021-12-12,Orange,059,3164182,319194,316918,16619,333537,5825
2021-12-12,Placer,061,380077,39534,39139,3964,43103,481
2021-12-12,Plumas,063,18699,2007,1942,46,1988,12
2021-12-12,Riverside,065,2383286,381903,377467,17011,394478,5414
2021-12-12,Sacramento,067,1510023,167473,166291,5132,171423,2392
2021-12-12,San Benito,069,59416,7869,7853,186,8039,79
2021-12-12,San Bernardino,071,2135413,373166,369977,11996,381973,6011
2021-12-12,San Diego,073,3302833,397298,393307,23162,416469,4378
2021-12-12,San Francisco,075,870044,56039,55180,2517,57697,678
2021-12-12,San Joaquin,077,732212,104067,103405,5719,109124,1846
2021-12-12,San Luis Obispo,079,281455,31095,30719,1375,32094,363
2021-12-12,San Mateo,081,765935,56818,55505,1022,56527,580
2021-12-12,Santa Barbara,083,443738,46850,46586,1660,48246,560
2021-12-12,Santa Clara,085,1922200,154975,153452,1741,155193,1945
2021-12-12,Santa Cruz,087,273765,21917,21671,1053,22724,225
2021-12-12,Shasta,089,179085,22851,22732,3755,26487,426
2021-12-12,Sierra,091,2930,201,199,21,220,0
2021-12-12,Siskiyou,093,43540,3493,3424,1382,4806,57
2021-12-12,Solano,095,438530,47693,47021,1381,48402,365
2021-12-12,Sonoma,097,501317,43840,43424,598,44022,407
2021-12-12,Stanislaus,099,539301,82128,82460,9435,91895,1282
2021-12-12,Sutter,101,95872,14408,14396,413,14809,189
2021-12-12,Tehama,103,63373,8874,8796,1563,10359,134
2021-12-12,Trinity,105,12862,910,820,228,1048,17
2021-12-12,Tulare,107,460477,71756,70733,16579,87312,1115
2021-12-12,Tuolumne,109,53932,7817,7794,111,7905,91
2021-12-12,Ventura,111,848112,101953,101105,4536,105641,1197
2021-12-12,Yolo,113,214977,20907,20685,1294,21979,267
2021-12-12,Yuba,115,75493,10643,10565,405,10970,92
2021-12-11,Alameda,001,1643700,124844,123572,3030,126602,1496
2021-12-11,Alpine,003,1148,107,109,0,109,0
2021-12-11,Amador,005,37829,5817,5787,75,5862,69
2021-12-11,Butte,007,227075,22068,21819,3970,25789,326
2021-12-11,Calaveras,009,45235,4533,4469,62,4531,89
2021-12-11,Colusa,011,21464,2640,2619,686,3305,21
2021-12-11,Contra Costa,013,1133247,103614,102618,2406,105024,1061
2021-12-11,Del Norte,015,27424,3806,3778,56,3834,42
2021-12-11,El Dorado,017,186661,17078,16796,1818,18614,170
2021-12-11,Fresno,019,978130,147890,145988,13425,159413,2294
2021-12-11,Glenn,021,27897,3611,3585,1053,4638,37
2021-12-11,Humboldt,023,135768,9899,9721,710,10431,118
2021-12-11,Imperial,025,180216,36322,35635,3883,39518,782
2021-12-11,Inyo,027,18085,2613,2576,44,2620,46
2021-12-11,Kern,029,883053,134265,132852,24467,157319,1854
2021-12-11,Kings,031,150075,33952,33530,2078,35608,371
2021-12-11,Lake,033,64148,7005,6932,163,7095,114
2021-12-11,Lassen,035,31185,7093,7049,431,7480,55
2021-12-11,Los Angeles,037,10098052,1488689,1474030,57507,1531537,27031
2021-12-11,Madera,039,155013,24673,24417,2363,26780,311
2021-12-11,Marin,041,260295,18572,18339,557,18896,249
2021-12-11,Mariposa,043,17540,1476,1450,62,1512,6
2021-12-11,Mendocino,045,87422,8279,8130,692,8822,95
2021-12-11,Merced,047,269075,43868,43690,2205,45895,681
2021-12-11,Modoc,049,8938,599,594,203,797,6
2021-12-11,Mono,051,14174,1955,1926,23,1949,4
2021-12-11,Monterey,053,433212,50509,49008,3384,52392,631
2021-12-11,Napa,055,140530,13568,13459,134,13593,107
2021-12-11,Nevada,057,99092,10016,9880,351,10231,106
2021-12-11,Orange,059,3164182,318941,315759,16591,332350,5805
2021-12-11,Placer,061,380077,39476,38959,3957,42916,481
2021-12-11,Plumas,063,18699,2001,1934,46,1980,12
2021-12-11,Riverside,065,2383286,381484,375649,16996,392645,5408
2021-12-11,Sacramento,067,1510023,167343,165530,5122,170652,2386
2021-12-11,San Benito,069,59416,7855,7808,186,7994,79
2021-12-11,San Bernardino,071,2135413,372806,368145,11986,380131,6007
2021-12-11,San Diego,073,3302833,396874,392274,23124,415398,4374
2021-12-11,San Francisco,075,870044,55886,54869,2512,57381,678
2021-12-11,San Joaquin,077,732212,104006,103013,5715,108728,1842
2021-12-11,San Luis Obispo,079,281455,31073,30567,1371,31938,362
2021-12-11,San Mateo,081,765935,56740,55284,1020,56304,580
2021-12-11,Santa Barbara,083,443738,46815,46309,1660,47969,559
2021-12-11,Santa Clara,085,1922200,154777,152846,1729,154575,1941
2021-12-11,Santa Cruz,087,273765,21893,21557,1053,22610,225
2021-12-11,Shasta,089,179085,22836,22660,3751,26411,419
2021-12-11,Sierra,091,2930,201,199,21,220,0
2021-12-11,Siskiyou,093,43540,3487,3418,1379,4797,57
2021-12-11,Solano,095,438530,47664,46891,1376,48267,365
2021-12-11,Sonoma,097,501317,43792,43227,598,43825,407
2021-12-11,Stanislaus,099,539301,82079,82133,9426,91559,1264
2021-12-11,Sutter,101,95872,14399,14354,413,14767,187
2021-12-11,Tehama,103,63373,8871,8776,1561,10337,134
2021-12-11,Trinity,105,12862,910,819,228,1047,17
2021-12-11,Tulare,107,460477,71713,70523,16569,87092,1103
2021-12-11,Tuolumne,109,53932,7808,7760,111,7871,91
2021-12-11,Ventura,111,848112,101878,100711,4529,105240,1195
2021-12-11,Yolo,113,214977,20888,20608,1290,21898,267
2021-12-11,Yuba,115,75493,10631,10519,404,10923,92
2021-12-10,Alameda,001,1643700,124718,123572,3023,126595,1496
2021-12-10,Alpine,003,1148,106,109,0,109,0
2021-12-10,Amador,005,37829,5810,5787,75,5862,69
2021-12-10,Butte,007,227075,22055,21819,3968,25787,326
2021-12-10,Calaveras,009,45235,4530,4469,62,4531,89
2021-12-10,Colusa,011,21464,2639,2619,686,3305,21
2021-12-10,Contra Costa,013,1133247,103518,102618,2405,105023,1061
2021-12-10,Del Norte,015,27424,3806,3778,56,3834,42
2021-12-10,El Dorado,017,186661,17065,16796,1818,18614,170
2021-12-10,Fresno,019,978130,147802,145988,13414,159402,2294
2021-12-10,Glenn,021,27897,3611,3585,1053,4638,37
2021-12-10,Humboldt,023,135768,9882,9721,708,10429,118
2021-12-10,Imperial,025,180216,36267,35635,3868,39503,782
2021-12-10,Inyo,027,18085,2610,2576,44,2620,46
2021-12-10,Kern,029,883053,134176,132852,24443,157295,1854
2021-12-10,Kings,031,150075,33937,33530,2076,35606,371
2021-12-10,Lake,033,64148,6998,6932,163,7095,114
2021-12-10,Lassen,035,31185,7092,7049,431,7480,55
2021-12-10,Los Angeles,037,10098052,1487587,1474030,57419,1531449,27031
2021-12-10,Madera,039,155013,24655,24417,2361,26778,311
2021-12-10,Marin,041,260295,18550,18339,557,18896,249
2021-12-10,Mariposa,043,17540,1473,1450,62,1512,6
2021-12-10,Mendocino,045,87422,8272,8130,691,8821,95
2021-12-10,Merced,047,269075,43850,43690,2203,45893,681
2021-12-10,Modoc,049,8938,599,594,203,797,6
2021-12-10,Mono,051,14174,1952,1926,23,1949,4
2021-12-10,Monterey,053,433212,50472,49008,3378,52386,631
2021-12-10,Napa,055,140530,13556,13459,133,13592,107
2021-12-10,Nevada,057,99092,10007,9880,351,10231,106
2021-12-10,Orange,059,3164182,318669,315759,16559,332318,5805
2021-12-10,Placer,061,380077,39433,38959,3954,42913,481
2021-12-10,Plumas,063,18699,1999,1934,46,1980,12
2021-12-10,Riverside,065,2383286,381078,375649,16985,392634,5408
2021-12-10,Sacramento,067,1510023,167189,165530,5120,170650,2386
2021-12-10,San Benito,069,59416,7851,7808,186,7994,79
2021-12-10,San Bernardino,071,2135413,372434,368145,11963,380108,6007
2021-12-10,San Diego,073,3302833,396393,392274,23110,415384,4374
2021-12-10,San Francisco,075,870044,55801,54869,2506,57375,678
2021-12-10,San Joaquin,077,732212,103951,103013,5711,108724,1842
2021-12-10,San Luis Obispo,079,281455,31063,30567,1368,31935,362
2021-12-10,San Mateo,081,765935,56683,55284,1017,56301,580
2021-12-10,Santa Barbara,083,443738,46779,46309,1659,47968,559
2021-12-10,Santa Clara,085,1922200,154606,152846,1716,154562,1941
2021-12-10,Santa Cruz,087,273765,21873,21557,1052,22609,225
2021-12-10,Shasta,089,179085,22825,22660,3748,26408,419
2021-12-10,Sierra,091,2930,201,199,21,220,0
2021-12-10,Siskiyou,093,43540,3480,3418,1379,4797,57
2021-12-10,Solano,095,438530,47622,46891,1372,48263,365
2021-12-10,Sonoma,097,501317,43758,43227,597,43824,407
2021-12-10,Stanislaus,099,539301,82013,82133,9420,91553,1264
2021-12-10,Sutter,101,95872,14391,14354,413,14767,187
2021-12-10,Tehama,103,63373,8869,8776,1559,10335,134
2021-12-10,Trinity,105,12862,910,819,228,1047,17
2021-12-10,Tulare,107,460477,71684,70523,16544,87067,1103
2021-12-10,Tuolumne,109,53932,7802,7760,111,7871,91
2021-12-10,Ventura,111,848112,101774,100711,4526,105237,1195
2021-12-10,Yolo,113,214977,20874,20608,1288,21896,267
2021-12-10,Yuba,115,75493,10619,10519,403,10922,92
2021-12-09,Alameda,001,1643700,124573,123572,3018,126590,1496
2021-12-09,Alpine,003,1148,106,109,0,109,0
2021-12-09,Amador,005,37829,5807,5787,74,5861,69
2021-12-09,Butte,007,227075,22034,21819,3965,25784,326
2021-12-09,Calaveras,009,45235,4521,4469,62,4531,89
2021-12-09,Colusa,011,21464,2637,2619,686,3305,21
2021-12-09,Contra Costa,013,1133247,103399,102618,2399,105017,1061
2021-12-09,Del Norte,015,27424,3805,3778,56,3834,42
2021-12-09,El Dorado,017,186661,17037,16796,1813,18609,170
2021-12-09,Fresno,019,978130,147654,145988,13403,159391,2294
2021-12-09,Glenn,021,27897,3611,3585,1053,4638,37
2021-12-09,Humboldt,023,135768,9859,9721,707,10428,118
2021-12-09,Imperial,025,180216,36196,35635,3838,39473,782
2021-12-09,Inyo,027,18085,2608,2576,44,2620,46
2021-12-09,Kern,029,883053,134050,132852,24410,157262,1854
2021-12-09,Kings,031,150075,33911,33530,2073,35603,371
2021-12-09,Lake,033,64148,6990,6932,163,7095,114
2021-12-09,Lassen,035,31185,7090,7049,431,7480,55
2021-12-09,Los Angeles,037,10098052,1486028,1474030,57333,1531363,27031
2021-12-09,Madera,039,155013,24630,24417,2358,26775,311
2021-12-09,Marin,041,260295,18537,18339,555,18894,249
2021-12-09,Mariposa,043,17540,1472,1450,62,1512,6
2021-12-09,Mendocino,045,87422,8259,8130,688,8818,95
2021-12-09,Merced,047,269075,43812,43690,2191,45881,681
2021-12-09,Modoc,049,8938,599,594,203,797,6
2021-12-09,Mono,051,14174,1948,1926,23,1949,4
2021-12-09,Monterey,053,433212,50425,49008,3367,52375,631
2021-12-09,Napa,055,140530,13536,13459,129,13588,107
2021-12-09,Nevada,057,99092,9988,9880,351,10231,106
2021-12-09,Orange,059,3164182,318336,315759,16520,332279,5805
2021-12-09,Placer,061,380077,39390,38959,3941,42900,481
2021-12-09,Plumas,063,18699,1991,1934,46,1980,12
2021-12-09,Riverside,065,2383286,380527,375649,16969,392618,5408
2021-12-09,Sacramento,067,1510023,166971,165530,5105,170635,2386
2021-12-09,San Benito,069,59416,7839,7808,185,7993,79
2021-12-09,San Bernardino,071,2135413,371928,368145,11939,380084,6007
2021-12-09,San Diego,073,3302833,395745,392274,23080,415354,4374
2021-12-09,San Francisco,075,870044,55716,54869,2499,57368,678
2021-12-09,San Joaquin,077,732212,103859,103013,5705,108718,1842
2021-12-09,San Luis Obispo,079,281455,31035,30567,1366,31933,362
2021-12-09,San Mateo,081,765935,56595,55284,1015,56299,580
2021-12-09,Santa Barbara,083,443738,46699,46309,1652,47961,559
2021-12-09,Santa Clara,085,1922200,154392,152846,1705,154551,1941
2021-12-09,Santa Cruz,087,273765,21845,21557,1052,22609,225
2021-12-09,Shasta,089,179085,22809,22660,3747,26407,419
2021-12-09,Sierra,091,2930,201,199,21,220,0
2021-12-09,Siskiyou,093,43540,3476,3418,1378,4796,57
2021-12-09,Solano,095,438530,47585,46891,1370,48261,365
2021-12-09,Sonoma,097,501317,43701,43227,596,43823,407
2021-12-09,Stanislaus,099,539301,81943,82133,9405,91538,1264
2021-12-09,Sutter,101,95872,14376,14354,413,14767,187
2021-12-09,Tehama,103,63373,8862,8776,1557,10333,134
2021-12-09,Trinity,105,12862,910,819,228,1047,17
2021-12-09,Tulare,107,460477,71627,70523,16515,87038,1103
2021-12-09,Tuolumne,109,53932,7791,7760,111,7871,91
2021-12-09,Ventura,111,848112,101629,100711,4514,105225,1195
2021-12-09,Yolo,113,214977,20851,20608,1280,21888,267
2021-12-09,Yuba,115,75493,10611,10519,400,10919,92
2021-12-08,Alameda,001,1643700,124425,123438,3008,126446,1496
2021-12-08,Alpine,003,1148,106,108,0,108,0
2021-12-08,Amador,005,37829,5802,5781,74,5855,69
2021-12-08,Butte,007,227075,22018,21780,3962,25742,326
2021-12-08,Calaveras,009,45235,4512,4455,62,4517,89
2021-12-08,Colusa,011,21464,2634,2619,685,3304,21
2021-12-08,Contra Costa,013,1133247,103269,102506,2398,104904,1058
2021-12-08,Del Norte,015,27424,3804,3767,56,3823,42
2021-12-08,El Dorado,017,186661,17005,16757,1813,18570,170
2021-12-08,Fresno,019,978130,147495,145830,13388,159218,2293
2021-12-08,Glenn,021,27897,3611,3584,1049,4633,37
2021-12-08,Humboldt,023,135768,9837,9704,705,10409,117
2021-12-08,Imperial,025,180216,36116,35537,3807,39344,782
2021-12-08,Inyo,027,18085,2605,2570,44,2614,46
2021-12-08,Kern,029,883053,133927,132709,24362,157071,1846
2021-12-08,Kings,031,150075,33876,33468,2072,35540,371
2021-12-08,Lake,033,64148,6984,6927,162,7089,114
2021-12-08,Lassen,035,31185,7088,7041,429,7470,55
2021-12-08,Los Angeles,037,10098052,1484458,1472410,57221,1529631,27018
2021-12-08,Madera,039,155013,24609,24396,2351,26747,311
2021-12-08,Marin,041,260295,18516,18305,552,18857,249
2021-12-08,Mariposa,043,17540,1469,1447,62,1509,6
2021-12-08,Mendocino,045,87422,8246,8118,687,8805,95
2021-12-08,Merced,047,269075,43780,43631,2184,45815,680
2021-12-08,Modoc,049,8938,599,594,203,797,6
2021-12-08,Mono,051,14174,1942,1924,23,1947,4
2021-12-08,Monterey,053,433212,50360,48957,3352,52309,631
2021-12-08,Napa,055,140530,13522,13421,129,13550,107
2021-12-08,Nevada,057,99092,9972,9862,351,10213,106
2021-12-08,Orange,059,3164182,317986,315421,16482,331903,5795
2021-12-08,Placer,061,380077,39338,38934,3936,42870,478
2021-12-08,Plumas,063,18699,1989,1924,46,1970,12
2021-12-08,Riverside,065,2383286,380012,375099,16946,392045,5404
2021-12-08,Sacramento,067,1510023,166716,165278,5077,170355,2373
2021-12-08,San Benito,069,59416,7830,7793,185,7978,79
2021-12-08,San Bernardino,071,2135413,371449,367516,11911,379427,6006
2021-12-08,San Diego,073,3302833,395090,391676,23048,414724,4369
2021-12-08,San Francisco,075,870044,55629,54792,2491,57283,677
2021-12-08,San Joaquin,077,732212,103757,102877,5696,108573,1841
2021-12-08,San Luis Obispo,079,281455,30987,30519,1361,31880,361
2021-12-08,San Mateo,081,765935,56528,55220,1009,56229,580
2021-12-08,Santa Barbara,083,443738,46644,46250,1649,47899,558
2021-12-08,Santa Clara,085,1922200,154230,152674,1694,154368,1937
2021-12-08,Santa Cruz,087,273765,21799,21505,1050,22555,224
2021-12-08,Shasta,089,179085,22789,22616,3741,26357,419
2021-12-08,Sierra,091,2930,201,199,21,220,0
2021-12-08,Siskiyou,093,43540,3475,3415,1376,4791,57
2021-12-08,Solano,095,438530,47555,46837,1369,48206,365
2021-12-08,Sonoma,097,501317,43638,43179,595,43774,405
2021-12-08,Stanislaus,099,539301,81861,82038,9392,91430,1264
2021-12-08,Sutter,101,95872,14360,14336,411,14747,187
2021-12-08,Tehama,103,63373,8853,8768,1557,10325,133
2021-12-08,Trinity,105,12862,910,818,228,1046,17
2021-12-08,Tulare,107,460477,71564,70472,16490,86962,1102
2021-12-08,Tuolumne,109,53932,7778,7749,111,7860,91
2021-12-08,Ventura,111,848112,101501,100647,4511,105158,1194
2021-12-08,Yolo,113,214977,20825,20575,1274,21849,267
2021-12-08,Yuba,115,75493,10597,10499,397,10896,92
2021-12-07,Alameda,001,1643700,124251,123325,2999,126324,1497
2021-12-07,Alpine,003,1148,106,108,0,108,0
2021-12-07,Amador,005,37829,5799,5778,73,5851,69
2021-12-07,Butte,007,227075,21994,21761,3957,25718,324
2021-12-07,Calaveras,009,45235,4496,4445,62,4507,88
2021-12-07,Colusa,011,21464,2632,2619,685,3304,21
2021-12-07,Contra Costa,013,1133247,103147,102421,2389,104810,1058
2021-12-07,Del Norte,015,27424,3803,3766,56,3822,42
2021-12-07,El Dorado,017,186661,16980,16742,1810,18552,170
2021-12-07,Fresno,019,978130,147348,145715,13373,159088,2289
2021-12-07,Glenn,021,27897,3610,3579,1049,4628,36
2021-12-07,Humboldt,023,135768,9812,9693,700,10393,117
2021-12-07,Imperial,025,180216,36038,35502,3786,39288,778
2021-12-07,Inyo,027,18085,2602,2567,44,2611,46
2021-12-07,Kern,029,883053,133767,132564,24309,156873,1838
2021-12-07,Kings,031,150075,33844,33441,2069,35510,372
2021-12-07,Lake,033,64148,6979,6925,162,7087,113
2021-12-07,Lassen,035,31185,7087,7040,428,7468,55
2021-12-07,Los Angeles,037,10098052,1482652,1470904,57119,1528023,27007
2021-12-07,Madera,039,155013,24586,24367,2344,26711,311
2021-12-07,Marin,041,260295,18482,18284,546,18830,249
2021-12-07,Mariposa,043,17540,1467,1446,62,1508,6
2021-12-07,Mendocino,045,87422,8227,8107,687,8794,95
2021-12-07,Merced,047,269075,43739,43600,2177,45777,675
2021-12-07,Modoc,049,8938,599,594,202,796,6
2021-12-07,Mono,051,14174,1940,1921,23,1944,4
2021-12-07,Monterey,053,433212,50277,48880,3335,52215,631
2021-12-07,Napa,055,140530,13504,13409,129,13538,107
2021-12-07,Nevada,057,99092,9958,9858,350,10208,105
2021-12-07,Orange,059,3164182,317652,315138,16433,331571,5784
2021-12-07,Placer,061,380077,39261,38860,3932,42792,474
2021-12-07,Plumas,063,18699,1985,1915,46,1961,12
2021-12-07,Riverside,065,2383286,379479,374552,16930,391482,5397
2021-12-07,Sacramento,067,1510023,166470,165148,5063,170211,2375
2021-12-07,San Benito,069,59416,7813,7776,185,7961,78
2021-12-07,San Bernardino,071,2135413,370867,366981,11892,378873,6007
2021-12-07,San Diego,073,3302833,394242,391110,23010,414120,4357
2021-12-07,San Francisco,075,870044,55519,54729,2486,57215,676
2021-12-07,San Joaquin,077,732212,103639,102797,5684,108481,1839
2021-12-07,San Luis Obispo,079,281455,30947,30495,1359,31854,361
2021-12-07,San Mateo,081,765935,56436,55163,1003,56166,580
2021-12-07,Santa Barbara,083,443738,46572,46205,1647,47852,556
2021-12-07,Santa Clara,085,1922200,154044,152465,1685,154150,1941
2021-12-07,Santa Cruz,087,273765,21752,21493,1050,22543,224
2021-12-07,Shasta,089,179085,22767,22594,3738,26332,418
2021-12-07,Sierra,091,2930,201,199,21,220,0
2021-12-07,Siskiyou,093,43540,3473,3412,1376,4788,57
2021-12-07,Solano,095,438530,47515,46812,1367,48179,365
2021-12-07,Sonoma,097,501317,43564,43154,594,43748,405
2021-12-07,Stanislaus,099,539301,81784,81980,9381,91361,1258
2021-12-07,Sutter,101,95872,14352,14322,410,14732,186
2021-12-07,Tehama,103,63373,8845,8765,1556,10321,133
2021-12-07,Trinity,105,12862,910,818,228,1046,17
2021-12-07,Tulare,107,460477,71508,70411,16461,86872,1103
2021-12-07,Tuolumne,109,53932,7770,7743,111,7854,91
2021-12-07,Ventura,111,848112,101404,100569,4501,105070,1194
2021-12-07,Yolo,113,214977,20799,20560,1271,21831,263
2021-12-07,Yuba,115,75493,10579,10491,396,10887,91
2021-12-06,Alameda,001,1643700,124085,123227,2996,126223,1496
2021-12-06,Alpine,003,1148,106,108,0,108,0
2021-12-06,Amador,005,37829,5792,5769,72,5841,67
2021-12-06,Butte,007,227075,21976,21732,3954,25686,321
2021-12-06,Calaveras,009,45235,4489,4443,62,4505,88
2021-12-06,Colusa,011,21464,2631,2615,681,3296,21
2021-12-06,Contra Costa,013,1133247,103027,102327,2385,104712,1058
2021-12-06,Del Norte,015,27424,3801,3744,56,3800,42
2021-12-06,El Dorado,017,186661,16955,16726,1808,18534,168
2021-12-06,Fresno,019,978130,147148,145539,13363,158902,2285
2021-12-06,Glenn,021,27897,3607,3577,1048,4625,36
2021-12-06,Humboldt,023,135768,9792,9671,693,10364,117
2021-12-06,Imperial,025,180216,35957,35453,3768,39221,778
2021-12-06,Inyo,027,18085,2596,2562,43,2605,46
2021-12-06,Kern,029,883053,133580,132366,24251,156617,1835
2021-12-06,Kings,031,150075,33811,33399,2064,35463,368
2021-12-06,Lake,033,64148,6975,6922,162,7084,113
2021-12-06,Lassen,035,31185,7082,7032,426,7458,51
2021-12-06,Los Angeles,037,10098052,1480973,1470059,57027,1527086,26993
2021-12-06,Madera,039,155013,24559,24334,2341,26675,307
2021-12-06,Marin,041,260295,18454,18252,544,18796,249
2021-12-06,Mariposa,043,17540,1464,1443,62,1505,6
2021-12-06,Mendocino,045,87422,8214,8079,683,8762,95
2021-12-06,Merced,047,269075,43699,43549,2167,45716,672
2021-12-06,Modoc,049,8938,599,593,202,795,6
2021-12-06,Mono,051,14174,1935,1913,23,1936,4
2021-12-06,Monterey,053,433212,50200,48831,3316,52147,626
2021-12-06,Napa,055,140530,13481,13387,127,13514,107
2021-12-06,Nevada,057,99092,9930,9847,349,10196,105
2021-12-06,Orange,059,3164182,317272,314859,16390,331249,5771
2021-12-06,Placer,061,380077,39203,38785,3927,42712,473
2021-12-06,Plumas,063,18699,1977,1913,46,1959,10
2021-12-06,Riverside,065,2383286,378957,374116,16916,391032,5388
2021-12-06,Sacramento,067,1510023,166193,164926,5042,169968,2367
2021-12-06,San Benito,069,59416,7797,7755,185,7940,78
2021-12-06,San Bernardino,071,2135413,370313,366606,11864,378470,5998
2021-12-06,San Diego,073,3302833,393391,390389,22965,413354,4352
2021-12-06,San Francisco,075,870044,55412,54659,2481,57140,674
2021-12-06,San Joaquin,077,732212,103511,102728,5677,108405,1837
2021-12-06,San Luis Obispo,079,281455,30909,30464,1357,31821,361
2021-12-06,San Mateo,081,765935,56362,55112,1000,56112,580
2021-12-06,Santa Barbara,083,443738,46480,46146,1646,47792,556
2021-12-06,Santa Clara,085,1922200,153835,152310,1668,153978,1937
2021-12-06,Santa Cruz,087,273765,21717,21450,1047,22497,224
2021-12-06,Shasta,089,179085,22744,22556,3730,26286,416
2021-12-06,Sierra,091,2930,200,198,21,219,0
2021-12-06,Siskiyou,093,43540,3471,3409,1371,4780,57
2021-12-06,Solano,095,438530,47470,46748,1366,48114,360
2021-12-06,Sonoma,097,501317,43494,43114,586,43700,405
2021-12-06,Stanislaus,099,539301,81690,81889,9347,91236,1241
2021-12-06,Sutter,101,95872,14340,14319,410,14729,186
2021-12-06,Tehama,103,63373,8837,8760,1556,10316,133
2021-12-06,Trinity,105,12862,910,815,227,1042,17
2021-12-06,Tulare,107,460477,71431,70285,16422,86707,1101
2021-12-06,Tuolumne,109,53932,7756,7726,111,7837,91
2021-12-06,Ventura,111,848112,101302,100426,4493,104919,1194
2021-12-06,Yolo,113,214977,20775,20548,1270,21818,263
2021-12-06,Yuba,115,75493,10564,10480,391,10871,91
2021-12-05,Alameda,001,1643700,123903,123104,2988,126092,1496
2021-12-05,Alpine,003,1148,105,108,0,108,0
2021-12-05,Amador,005,37829,5789,5761,72,5833,67
2021-12-05,Butte,007,227075,21943,21720,3948,25668,320
2021-12-05,Calaveras,009,45235,4472,4434,62,4496,88
2021-12-05,Colusa,011,21464,2630,2615,680,3295,21
2021-12-05,Contra Costa,013,1133247,102896,102251,2375,104626,1058
2021-12-05,Del Norte,015,27424,3799,3751,56,3807,42
2021-12-05,El Dorado,017,186661,16918,16717,1802,18519,168
2021-12-05,Fresno,019,978130,146974,145452,13342,158794,2284
2021-12-05,Glenn,021,27897,3605,3577,1047,4624,36
2021-12-05,Humboldt,023,135768,9762,9662,690,10352,117
2021-12-05,Imperial,025,180216,35863,35422,3739,39161,778
2021-12-05,Inyo,027,18085,2589,2559,43,2602,46
2021-12-05,Kern,029,883053,133415,132286,24199,156485,1833
2021-12-05,Kings,031,150075,33748,33360,2064,35424,369
2021-12-05,Lake,033,64148,6970,6919,161,7080,113
2021-12-05,Lassen,035,31185,7080,7031,426,7457,51
2021-12-05,Los Angeles,037,10098052,1479111,1468937,56886,1525823,26991
2021-12-05,Madera,039,155013,24518,24311,2338,26649,307
2021-12-05,Marin,041,260295,18407,18216,536,18752,249
2021-12-05,Mariposa,043,17540,1461,1440,61,1501,6
2021-12-05,Mendocino,045,87422,8195,8069,677,8746,95
2021-12-05,Merced,047,269075,43654,43534,2158,45692,672
2021-12-05,Modoc,049,8938,599,593,202,795,6
2021-12-05,Mono,051,14174,1928,1907,23,1930,4
2021-12-05,Monterey,053,433212,50128,48813,3284,52097,626
2021-12-05,Napa,055,140530,13455,13382,124,13506,107
2021-12-05,Nevada,057,99092,9909,9827,349,10176,105
2021-12-05,Orange,059,3164182,316837,314560,16347,330907,5771
2021-12-05,Placer,061,380077,39145,38738,3918,42656,473
2021-12-05,Plumas,063,18699,1973,1913,45,1958,9
2021-12-05,Riverside,065,2383286,378300,373827,16886,390713,5388
2021-12-05,Sacramento,067,1510023,165886,164721,5024,169745,2367
2021-12-05,San Benito,069,59416,7780,7748,184,7932,78
2021-12-05,San Bernardino,071,2135413,369611,366282,11817,378099,5998
2021-12-05,San Diego,073,3302833,392590,387979,22916,410895,4351
2021-12-05,San Francisco,075,870044,55311,54603,2479,57082,674
2021-12-05,San Joaquin,077,732212,103370,102698,5672,108370,1837
2021-12-05,San Luis Obispo,079,281455,30839,30454,1354,31808,360
2021-12-05,San Mateo,081,765935,56273,55050,990,56040,580
2021-12-05,Santa Barbara,083,443738,46397,46097,1638,47735,555
2021-12-05,Santa Clara,085,1922200,153580,152114,1648,153762,1933
2021-12-05,Santa Cruz,087,273765,21667,21424,1047,22471,224
2021-12-05,Shasta,089,179085,22687,22550,3729,26279,416
2021-12-05,Sierra,091,2930,200,198,21,219,0
2021-12-05,Siskiyou,093,43540,3469,3409,1369,4778,57
2021-12-05,Solano,095,438530,47407,46715,1364,48079,360
2021-12-05,Sonoma,097,501317,43417,43038,581,43619,405
2021-12-05,Stanislaus,099,539301,81556,81847,9337,91184,1241
2021-12-05,Sutter,101,95872,14316,14303,405,14708,186
2021-12-05,Tehama,103,63373,8829,8755,1555,10310,133
2021-12-05,Trinity,105,12862,909,815,227,1042,17
2021-12-05,Tulare,107,460477,71350,70254,16375,86629,1102
2021-12-05,Tuolumne,109,53932,7743,7718,111,7829,91
2021-12-05,Ventura,111,848112,101166,100367,4480,104847,1194
2021-12-05,Yolo,113,214977,20733,20512,1268,21780,263
2021-12-05,Yuba,115,75493,10551,10467,384,10851,91
2021-12-04,Alameda,001,1643700,123789,122508,2984,125492,1494
2021-12-04,Alpine,003,1148,105,108,0,108,0
2021-12-04,Amador,005,37829,5786,5729,72,5801,67
2021-12-04,Butte,007,227075,21924,21638,3944,25582,318
2021-12-04,Calaveras,009,45235,4464,4392,61,4453,88
2021-12-04,Colusa,011,21464,2630,2600,678,3278,21
2021-12-04,Contra Costa,013,1133247,102824,101824,2369,104193,1056
2021-12-04,Del Norte,015,27424,3796,3726,56,3782,42
2021-12-04,El Dorado,017,186661,16909,16621,1801,18422,168
2021-12-04,Fresno,019,978130,146886,144734,13333,158067,2270
2021-12-04,Glenn,021,27897,3605,3559,1047,4606,36
2021-12-04,Humboldt,023,135768,9747,9596,686,10282,117
2021-12-04,Imperial,025,180216,35809,35206,3726,38932,776
2021-12-04,Inyo,027,18085,2584,2538,43,2581,46
2021-12-04,Kern,029,883053,133335,131771,24176,155947,1817
2021-12-04,Kings,031,150075,33724,33183,2063,35246,367
2021-12-04,Lake,033,64148,6961,6903,161,7064,113
2021-12-04,Lassen,035,31185,7079,7014,424,7438,51
2021-12-04,Los Angeles,037,10098052,1478232,1463270,56809,1520079,26952
2021-12-04,Madera,039,155013,24504,24188,2334,26522,307
2021-12-04,Marin,041,260295,18385,18075,535,18610,249
2021-12-04,Mariposa,043,17540,1457,1421,61,1482,6
2021-12-04,Mendocino,045,87422,8190,7981,677,8658,91
2021-12-04,Merced,047,269075,43627,43337,2156,45493,671
2021-12-04,Modoc,049,8938,599,591,202,793,6
2021-12-04,Mono,051,14174,1928,1883,23,1906,4
2021-12-04,Monterey,053,433212,50096,48682,3277,51959,626
2021-12-04,Napa,055,140530,13445,13327,123,13450,106
2021-12-04,Nevada,057,99092,9901,9752,349,10101,105
2021-12-04,Orange,059,3164182,316607,313112,16321,329433,5748
2021-12-04,Placer,061,380077,39105,38460,3912,42372,473
2021-12-04,Plumas,063,18699,1970,1903,45,1948,7
2021-12-04,Riverside,065,2383286,377941,371768,16880,388648,5381
2021-12-04,Sacramento,067,1510023,165745,163900,5016,168916,2365
2021-12-04,San Benito,069,59416,7754,7688,184,7872,78
2021-12-04,San Bernardino,071,2135413,369222,364154,11803,375957,5983
2021-12-04,San Diego,073,3302833,392109,386710,22886,409596,4350
2021-12-04,San Francisco,075,870044,55243,54286,2476,56762,674
2021-12-04,San Joaquin,077,732212,103316,102286,5670,107956,1835
2021-12-04,San Luis Obispo,079,281455,30818,30318,1350,31668,360
2021-12-04,San Mateo,081,765935,56223,54774,987,55761,579
2021-12-04,Santa Barbara,083,443738,46352,45774,1638,47412,555
2021-12-04,Santa Clara,085,1922200,153426,151275,1634,152909,1928
2021-12-04,Santa Cruz,087,273765,21641,21286,1046,22332,224
2021-12-04,Shasta,089,179085,22670,22418,3727,26145,414
2021-12-04,Sierra,091,2930,200,196,21,217,0
2021-12-04,Siskiyou,093,43540,3467,3398,1369,4767,57
2021-12-04,Solano,095,438530,47387,46529,1363,47892,360
2021-12-04,Sonoma,097,501317,43372,42778,578,43356,405
2021-12-04,Stanislaus,099,539301,81485,81462,9330,90792,1231
2021-12-04,Sutter,101,95872,14308,14258,404,14662,186
2021-12-04,Tehama,103,63373,8827,8742,1555,10297,131
2021-12-04,Trinity,105,12862,908,801,227,1028,17
2021-12-04,Tulare,107,460477,71313,70014,16347,86361,1100
2021-12-04,Tuolumne,109,53932,7738,7676,111,7787,91
2021-12-04,Ventura,111,848112,101075,99751,4476,104227,1192
2021-12-04,Yolo,113,214977,20710,20442,1265,21707,261
2021-12-04,Yuba,115,75493,10540,10418,383,10801,91
2021-12-03,Alameda,001,1643700,123697,122508,2974,125482,1494
2021-12-03,Alpine,003,1148,105,108,0,108,0
2021-12-03,Amador,005,37829,5781,5729,71,5800,67
2021-12-03,Butte,007,227075,21911,21638,3939,25577,318
2021-12-03,Calaveras,009,45235,4455,4392,61,4453,88
2021-12-03,Colusa,011,21464,2628,2600,678,3278,21
2021-12-03,Contra Costa,013,1133247,102751,101824,2364,104188,1056
2021-12-03,Del Norte,015,27424,3794,3726,56,3782,42
2021-12-03,El Dorado,017,186661,16880,16621,1799,18420,168
2021-12-03,Fresno,019,978130,146772,144734,13330,158064,2270
2021-12-03,Glenn,021,27897,3604,3559,1046,4605,36
2021-12-03,Humboldt,023,135768,9730,9596,684,10280,117
2021-12-03,Imperial,025,180216,35765,35206,3696,38902,776
2021-12-03,Inyo,027,18085,2577,2538,43,2581,46
2021-12-03,Kern,029,883053,133264,131771,24141,155912,1817
2021-12-03,Kings,031,150075,33696,33183,2063,35246,367
2021-12-03,Lake,033,64148,6961,6903,161,7064,113
2021-12-03,Lassen,035,31185,7077,7014,423,7437,51
2021-12-03,Los Angeles,037,10098052,1477284,1463270,56728,1519998,26952
2021-12-03,Madera,039,155013,24478,24188,2330,26518,307
2021-12-03,Marin,041,260295,18352,18075,531,18606,249
2021-12-03,Mariposa,043,17540,1455,1421,61,1482,6
2021-12-03,Mendocino,045,87422,8183,7981,677,8658,91
2021-12-03,Merced,047,269075,43604,43337,2153,45490,671
2021-12-03,Modoc,049,8938,599,591,202,793,6
2021-12-03,Mono,051,14174,1922,1883,23,1906,4
2021-12-03,Monterey,053,433212,50057,48682,3266,51948,626
2021-12-03,Napa,055,140530,13433,13327,123,13450,106
2021-12-03,Nevada,057,99092,9890,9752,349,10101,105
2021-12-03,Orange,059,3164182,316336,313112,16289,329401,5748
2021-12-03,Placer,061,380077,39068,38460,3905,42365,473
2021-12-03,Plumas,063,18699,1967,1903,45,1948,7
2021-12-03,Riverside,065,2383286,377549,371768,16874,388642,5381
2021-12-03,Sacramento,067,1510023,165565,163900,5002,168902,2365
2021-12-03,San Benito,069,59416,7747,7688,184,7872,78
2021-12-03,San Bernardino,071,2135413,368778,364154,11793,375947,5983
2021-12-03,San Diego,073,3302833,391634,386710,22862,409572,4350
2021-12-03,San Francisco,075,870044,55174,54286,2472,56758,674
2021-12-03,San Joaquin,077,732212,103259,102286,5669,107955,1835
2021-12-03,San Luis Obispo,079,281455,30792,30318,1347,31665,360
2021-12-03,San Mateo,081,765935,56159,54774,984,55758,579
2021-12-03,Santa Barbara,083,443738,46316,45774,1638,47412,555
2021-12-03,Santa Clara,085,1922200,153244,151275,1619,152894,1928
2021-12-03,Santa Cruz,087,273765,21614,21286,1046,22332,224
2021-12-03,Shasta,089,179085,22655,22418,3727,26145,414
2021-12-03,Sierra,091,2930,200,196,21,217,0
2021-12-03,Siskiyou,093,43540,3464,3398,1367,4765,57
2021-12-03,Solano,095,438530,47345,46529,1362,47891,360
2021-12-03,Sonoma,097,501317,43336,42778,576,43354,405
2021-12-03,Stanislaus,099,539301,81428,81462,9321,90783,1231
2021-12-03,Sutter,101,95872,14295,14258,402,14660,186
2021-12-03,Tehama,103,63373,8826,8742,1554,10296,131
2021-12-03,Trinity,105,12862,908,801,227,1028,17
2021-12-03,Tulare,107,460477,71274,70014,16315,86329,1100
2021-12-03,Tuolumne,109,53932,7729,7676,111,7787,91
2021-12-03,Ventura,111,848112,100988,99751,4469,104220,1192
2021-12-03,Yolo,113,214977,20693,20442,1264,21706,261
2021-12-03,Yuba,115,75493,10532,10418,383,10801,91
2021-12-02,Alameda,001,1643700,123540,122508,2966,125474,1494
2021-12-02,Alpine,003,1148,105,108,0,108,0
2021-12-02,Amador,005,37829,5776,5729,70,5799,67
2021-12-02,Butte,007,227075,21886,21638,3936,25574,318
2021-12-02,Calaveras,009,45235,4445,4392,60,4452,88
2021-12-02,Colusa,011,21464,2627,2600,678,3278,21
2021-12-02,Contra Costa,013,1133247,102636,101824,2360,104184,1056
2021-12-02,Del Norte,015,27424,3786,3726,56,3782,42
2021-12-02,El Dorado,017,186661,16859,16621,1797,18418,168
2021-12-02,Fresno,019,978130,146605,144734,13318,158052,2270
2021-12-02,Glenn,021,27897,3604,3559,1043,4602,36
2021-12-02,Humboldt,023,135768,9711,9596,683,10279,117
2021-12-02,Imperial,025,180216,35697,35206,3673,38879,776
2021-12-02,Inyo,027,18085,2572,2538,43,2581,46
2021-12-02,Kern,029,883053,133093,131771,24088,155859,1817
2021-12-02,Kings,031,150075,33642,33183,2061,35244,367
2021-12-02,Lake,033,64148,6957,6903,161,7064,113
2021-12-02,Lassen,035,31185,7073,7014,423,7437,51
2021-12-02,Los Angeles,037,10098052,1475755,1463270,56641,1519911,26952
2021-12-02,Madera,039,155013,24441,24188,2321,26509,307
2021-12-02,Marin,041,260295,18322,18075,527,18602,249
2021-12-02,Mariposa,043,17540,1453,1421,61,1482,6
2021-12-02,Mendocino,045,87422,8167,7981,676,8657,91
2021-12-02,Merced,047,269075,43558,43337,2148,45485,671
2021-12-02,Modoc,049,8938,598,591,202,793,6
2021-12-02,Mono,051,14174,1916,1883,23,1906,4
2021-12-02,Monterey,053,433212,49980,48682,3244,51926,626
2021-12-02,Napa,055,140530,13420,13327,123,13450,106
2021-12-02,Nevada,057,99092,9872,9752,348,10100,105
2021-12-02,Orange,059,3164182,315993,313112,16252,329364,5748
2021-12-02,Placer,061,380077,39003,38460,3900,42360,473
2021-12-02,Plumas,063,18699,1964,1903,45,1948,7
2021-12-02,Riverside,065,2383286,377021,371768,16864,388632,5381
2021-12-02,Sacramento,067,1510023,165337,163900,4992,168892,2365
2021-12-02,San Benito,069,59416,7727,7688,184,7872,78
2021-12-02,San Bernardino,071,2135413,368233,364154,11774,375928,5983
2021-12-02,San Diego,073,3302833,390988,386710,22807,409517,4350
2021-12-02,San Francisco,075,870044,55079,54286,2467,56753,674
2021-12-02,San Joaquin,077,732212,103145,102286,5664,107950,1835
2021-12-02,San Luis Obispo,079,281455,30758,30318,1340,31658,360
2021-12-02,San Mateo,081,765935,56078,54774,976,55750,579
2021-12-02,Santa Barbara,083,443738,46235,45774,1635,47409,555
2021-12-02,Santa Clara,085,1922200,152998,151275,1602,152877,1928
2021-12-02,Santa Cruz,087,273765,21563,21286,1045,22331,224
2021-12-02,Shasta,089,179085,22622,22418,3726,26144,414
2021-12-02,Sierra,091,2930,200,196,21,217,0
2021-12-02,Siskiyou,093,43540,3463,3398,1360,4758,57
2021-12-02,Solano,095,438530,47294,46529,1360,47889,360
2021-12-02,Sonoma,097,501317,43263,42778,576,43354,405
2021-12-02,Stanislaus,099,539301,81336,81462,9313,90775,1231
2021-12-02,Sutter,101,95872,14282,14258,399,14657,186
2021-12-02,Tehama,103,63373,8819,8742,1552,10294,131
2021-12-02,Trinity,105,12862,908,801,227,1028,17
2021-12-02,Tulare,107,460477,71187,70014,16265,86279,1100
2021-12-02,Tuolumne,109,53932,7714,7676,110,7786,91
2021-12-02,Ventura,111,848112,100863,99751,4467,104218,1192
2021-12-02,Yolo,113,214977,20669,20442,1260,21702,261
2021-12-02,Yuba,115,75493,10516,10418,380,10798,91
2021-12-01,Alameda,001,1643700,123390,122298,2956,125254,1492
2021-12-01,Alpine,003,1148,105,108,0,108,0
2021-12-01,Amador,005,37829,5769,5723,70,5793,67
2021-12-01,Butte,007,227075,21867,21600,3931,25531,318
2021-12-01,Calaveras,009,45235,4440,4371,60,4431,88
2021-12-01,Colusa,011,21464,2620,2595,675,3270,20
2021-12-01,Contra Costa,013,1133247,102528,101651,2349,104000,1048
2021-12-01,Del Norte,015,27424,3784,3722,56,3778,42
2021-12-01,El Dorado,017,186661,16838,16575,1795,18370,166
2021-12-01,Fresno,019,978130,146396,144507,13310,157817,2264
2021-12-01,Glenn,021,27897,3597,3556,1042,4598,36
2021-12-01,Humboldt,023,135768,9687,9573,678,10251,117
2021-12-01,Imperial,025,180216,35617,35085,3646,38731,776
2021-12-01,Inyo,027,18085,2568,2533,43,2576,46
2021-12-01,Kern,029,883053,132946,131580,24033,155613,1804
2021-12-01,Kings,031,150075,33593,33112,2060,35172,364
2021-12-01,Lake,033,64148,6949,6896,160,7056,112
2021-12-01,Lassen,035,31185,7067,7008,421,7429,51
2021-12-01,Los Angeles,037,10098052,1474151,1461394,56546,1517940,26928
2021-12-01,Madera,039,155013,24410,24134,2312,26446,307
2021-12-01,Marin,041,260295,18285,18038,521,18559,249
2021-12-01,Mariposa,043,17540,1449,1415,61,1476,6
2021-12-01,Mendocino,045,87422,8153,7966,671,8637,90
2021-12-01,Merced,047,269075,43502,43259,2127,45386,670
2021-12-01,Modoc,049,8938,598,576,202,778,5
2021-12-01,Mono,051,14174,1911,1876,23,1899,4
2021-12-01,Monterey,053,433212,49931,48611,3235,51846,626
2021-12-01,Napa,055,140530,13403,13319,120,13439,107
2021-12-01,Nevada,057,99092,9859,9706,348,10054,105
2021-12-01,Orange,059,3164182,315628,312772,16214,328986,5735
2021-12-01,Placer,061,380077,38947,38373,3894,42267,472
2021-12-01,Plumas,063,18699,1960,1893,45,1938,7
2021-12-01,Riverside,065,2383286,376496,371189,16847,388036,5369
2021-12-01,Sacramento,067,1510023,165124,163616,4973,168589,2360
2021-12-01,San Benito,069,59416,7713,7669,184,7853,78
2021-12-01,San Bernardino,071,2135413,367644,363368,11747,375115,5973
2021-12-01,San Diego,073,3302833,390189,386056,22752,408808,4346
2021-12-01,San Francisco,075,870044,54997,54199,2460,56659,672
2021-12-01,San Joaquin,077,732212,103037,102109,5663,107772,1834
2021-12-01,San Luis Obispo,079,281455,30716,30238,1336,31574,360
2021-12-01,San Mateo,081,765935,55997,54711,973,55684,579
2021-12-01,Santa Barbara,083,443738,46165,45681,1633,47314,554
2021-12-01,Santa Clara,085,1922200,152778,150961,1585,152546,1925
2021-12-01,Santa Cruz,087,273765,21533,21191,1044,22235,224
2021-12-01,Shasta,089,179085,22590,22375,3720,26095,410
2021-12-01,Sierra,091,2930,200,195,21,216,0
2021-12-01,Siskiyou,093,43540,3460,3391,1360,4751,55
2021-12-01,Solano,095,438530,47250,46485,1360,47845,360
2021-12-01,Sonoma,097,501317,43188,42713,575,43288,405
2021-12-01,Stanislaus,099,539301,81243,81330,9300,90630,1231
2021-12-01,Sutter,101,95872,14267,14229,398,14627,186
2021-12-01,Tehama,103,63373,8809,8728,1552,10280,130
2021-12-01,Trinity,105,12862,903,801,227,1028,17
2021-12-01,Tulare,107,460477,71111,69953,16225,86178,1098
2021-12-01,Tuolumne,109,53932,7706,7655,110,7765,91
2021-12-01,Ventura,111,848112,100757,99680,4456,104136,1191
2021-12-01,Yolo,113,214977,20641,20393,1260,21653,260
2021-12-01,Yuba,115,75493,10505,10401,380,10781,89
2021-11-30,Alameda,001,1643700,123219,122196,2947,125143,1489
2021-11-30,Alpine,003,1148,105,108,0,108,0
2021-11-30,Amador,005,37829,5761,5716,70,5786,66
2021-11-30,Butte,007,227075,21838,21565,3922,25487,318
2021-11-30,Calaveras,009,45235,4422,4360,60,4420,88
2021-11-30,Colusa,011,21464,2619,2592,675,3267,21
2021-11-30,Contra Costa,013,1133247,102391,101538,2342,103880,1046
2021-11-30,Del Norte,015,27424,3778,3718,56,3774,42
2021-11-30,El Dorado,017,186661,16810,16558,1789,18347,166
2021-11-30,Fresno,019,978130,146196,144384,13302,157686,2259
2021-11-30,Glenn,021,27897,3592,3555,1041,4596,36
2021-11-30,Humboldt,023,135768,9656,9539,672,10211,116
2021-11-30,Imperial,025,180216,35509,34999,3618,38617,773
2021-11-30,Inyo,027,18085,2559,2530,43,2573,46
2021-11-30,Kern,029,883053,132772,131451,23976,155427,1799
2021-11-30,Kings,031,150075,33541,33074,2056,35130,362
2021-11-30,Lake,033,64148,6944,6892,158,7050,110
2021-11-30,Lassen,035,31185,7063,7003,420,7423,51
2021-11-30,Los Angeles,037,10098052,1472343,1460177,56444,1516621,26913
2021-11-30,Madera,039,155013,24376,24108,2307,26415,307
2021-11-30,Marin,041,260295,18241,18010,519,18529,249
2021-11-30,Mariposa,043,17540,1443,1412,61,1473,6
2021-11-30,Mendocino,045,87422,8124,7960,665,8625,89
2021-11-30,Merced,047,269075,43432,43200,2119,45319,668
2021-11-30,Modoc,049,8938,597,576,202,778,5
2021-11-30,Mono,051,14174,1908,1873,23,1896,4
2021-11-30,Monterey,053,433212,49867,48581,3225,51806,626
2021-11-30,Napa,055,140530,13383,13308,120,13428,105
2021-11-30,Nevada,057,99092,9843,9699,347,10046,105
2021-11-30,Orange,059,3164182,315207,312451,16172,328623,5724
2021-11-30,Placer,061,380077,38844,38324,3886,42210,470
2021-11-30,Plumas,063,18699,1955,1887,44,1931,7
2021-11-30,Riverside,065,2383286,375810,370739,16822,387561,5358
2021-11-30,Sacramento,067,1510023,164843,163420,4951,168371,2353
2021-11-30,San Benito,069,59416,7691,7645,183,7828,78
2021-11-30,San Bernardino,071,2135413,366969,363006,11725,374731,5967
2021-11-30,San Diego,073,3302833,389261,385405,22705,408110,4340
2021-11-30,San Francisco,075,870044,54890,54147,2451,56598,672
2021-11-30,San Joaquin,077,732212,102911,101972,5655,107627,1834
2021-11-30,San Luis Obispo,079,281455,30691,30200,1333,31533,360
2021-11-30,San Mateo,081,765935,55892,54656,963,55619,579
2021-11-30,Santa Barbara,083,443738,46069,45628,1627,47255,553
2021-11-30,Santa Clara,085,1922200,152517,150799,1567,152366,1929
2021-11-30,Santa Cruz,087,273765,21475,21169,1040,22209,224
2021-11-30,Shasta,089,179085,22560,22347,3717,26064,401
2021-11-30,Sierra,091,2930,197,195,21,216,0
2021-11-30,Siskiyou,093,43540,3456,3385,1357,4742,55
2021-11-30,Solano,095,438530,47187,46434,1354,47788,358
2021-11-30,Sonoma,097,501317,43109,42663,573,43236,405
2021-11-30,Stanislaus,099,539301,81143,81276,9273,90549,1227
2021-11-30,Sutter,101,95872,14256,14210,395,14605,186
2021-11-30,Tehama,103,63373,8802,8727,1551,10278,130
2021-11-30,Trinity,105,12862,902,799,227,1026,17
2021-11-30,Tulare,107,460477,71025,69900,16175,86075,1099
2021-11-30,Tuolumne,109,53932,7691,7643,110,7753,91
2021-11-30,Ventura,111,848112,100604,99601,4444,104045,1191
2021-11-30,Yolo,113,214977,20599,20376,1254,21630,260
2021-11-30,Yuba,115,75493,10486,10398,375,10773,89
2021-11-29,Alameda,001,1643700,123062,122136,2938,125074,1489
2021-11-29,Alpine,003,1148,105,108,0,108,0
2021-11-29,Amador,005,37829,5754,5706,70,5776,66
2021-11-29,Butte,007,227075,21811,21544,3916,25460,314
2021-11-29,Calaveras,009,45235,4406,4353,60,4413,88
2021-11-29,Colusa,011,21464,2617,2585,672,3257,20
2021-11-29,Contra Costa,013,1133247,102243,101441,2334,103775,1046
2021-11-29,Del Norte,015,27424,3775,3704,56,3760,42
2021-11-29,El Dorado,017,186661,16792,16534,1784,18318,166
2021-11-29,Fresno,019,978130,145990,144282,13279,157561,2254
2021-11-29,Glenn,021,27897,3589,3555,1040,4595,36
2021-11-29,Humboldt,023,135768,9639,9514,665,10179,115
2021-11-29,Imperial,025,180216,35445,34960,3597,38557,773
2021-11-29,Inyo,027,18085,2554,2529,43,2572,46
2021-11-29,Kern,029,883053,132588,131362,23934,155296,1789
2021-11-29,Kings,031,150075,33489,33059,2052,35111,363
2021-11-29,Lake,033,64148,6932,6889,158,7047,110
2021-11-29,Lassen,035,31185,7060,7003,418,7421,51
2021-11-29,Los Angeles,037,10098052,1470480,1459446,56357,1515803,26889
2021-11-29,Madera,039,155013,24340,24069,2299,26368,307
2021-11-29,Marin,041,260295,18194,17980,514,18494,249
2021-11-29,Mariposa,043,17540,1435,1409,61,1470,6
2021-11-29,Mendocino,045,87422,8107,7954,661,8615,89
2021-11-29,Merced,047,269075,43358,43167,2111,45278,667
2021-11-29,Modoc,049,8938,596,569,202,771,5
2021-11-29,Mono,051,14174,1891,1859,23,1882,4
2021-11-29,Monterey,053,433212,49806,48548,3209,51757,626
2021-11-29,Napa,055,140530,13373,13304,120,13424,104
2021-11-29,Nevada,057,99092,9829,9689,347,10036,105
2021-11-29,Orange,059,3164182,314804,312203,16126,328329,5709
2021-11-29,Placer,061,380077,38779,38261,3881,42142,470
2021-11-29,Plumas,063,18699,1952,1884,44,1928,7
2021-11-29,Riverside,065,2383286,375272,370334,16811,387145,5358
2021-11-29,Sacramento,067,1510023,164594,163282,4918,168200,2342
2021-11-29,San Benito,069,59416,7672,7631,182,7813,77
2021-11-29,San Bernardino,071,2135413,366361,362694,11692,374386,5962
2021-11-29,San Diego,073,3302833,388370,384853,22671,407524,4335
2021-11-29,San Francisco,075,870044,54792,54125,2447,56572,669
2021-11-29,San Joaquin,077,732212,102772,101927,5648,107575,1834
2021-11-29,San Luis Obispo,079,281455,30657,30165,1329,31494,359
2021-11-29,San Mateo,081,765935,55789,54622,959,55581,579
2021-11-29,Santa Barbara,083,443738,45972,45576,1623,47199,549
2021-11-29,Santa Clara,085,1922200,152245,150620,1561,152181,1925
2021-11-29,Santa Cruz,087,273765,21438,21149,1039,22188,224
2021-11-29,Shasta,089,179085,22525,22315,3713,26028,399
2021-11-29,Sierra,091,2930,197,195,21,216,0
2021-11-29,Siskiyou,093,43540,3453,3374,1350,4724,55
2021-11-29,Solano,095,438530,47135,46412,1352,47764,357
2021-11-29,Sonoma,097,501317,43033,42624,570,43194,405
2021-11-29,Stanislaus,099,539301,81063,81227,9255,90482,1223
2021-11-29,Sutter,101,95872,14240,14204,392,14596,186
2021-11-29,Tehama,103,63373,8797,8720,1546,10266,130
2021-11-29,Trinity,105,12862,897,798,227,1025,17
2021-11-29,Tulare,107,460477,70946,69850,16141,85991,1096
2021-11-29,Tuolumne,109,53932,7678,7627,110,7737,90
2021-11-29,Ventura,111,848112,100484,99520,4434,103954,1190
2021-11-29,Yolo,113,214977,20554,20344,1252,21596,257
2021-11-29,Yuba,115,75493,10469,10395,374,10769,89
2021-11-28,Alameda,001,1643700,122844,122082,2932,125014,1491
2021-11-28,Alpine,003,1148,105,108,0,108,0
2021-11-28,Amador,005,37829,5744,5703,70,5773,66
2021-11-28,Butte,007,227075,21772,21530,3914,25444,313
2021-11-28,Calaveras,009,45235,4384,4350,60,4410,88
2021-11-28,Colusa,011,21464,2613,2586,671,3257,19
2021-11-28,Contra Costa,013,1133247,102069,101355,2324,103679,1046
2021-11-28,Del Norte,015,27424,3770,3703,56,3759,42
2021-11-28,El Dorado,017,186661,16751,16527,1782,18309,166
2021-11-28,Fresno,019,978130,145745,144164,13254,157418,2252
2021-11-28,Glenn,021,27897,3586,3547,1038,4585,36
2021-11-28,Humboldt,023,135768,9607,9499,661,10160,115
2021-11-28,Imperial,025,180216,35337,34929,3573,38502,773
2021-11-28,Inyo,027,18085,2547,2531,43,2574,46
2021-11-28,Kern,029,883053,132381,131279,23877,155156,1789
2021-11-28,Kings,031,150075,33415,33057,2045,35102,364
2021-11-28,Lake,033,64148,6922,6885,157,7042,110
2021-11-28,Lassen,035,31185,7052,7002,414,7416,51
2021-11-28,Los Angeles,037,10098052,1468296,1458646,56269,1514915,26878
2021-11-28,Madera,039,155013,24291,24055,2292,26347,307
2021-11-28,Marin,041,260295,18145,17962,510,18472,249
2021-11-28,Mariposa,043,17540,1431,1406,61,1467,6
2021-11-28,Mendocino,045,87422,8077,7943,656,8599,89
2021-11-28,Merced,047,269075,43292,43166,2096,45262,667
2021-11-28,Modoc,049,8938,595,569,202,771,5
2021-11-28,Mono,051,14174,1885,1841,23,1864,4
2021-11-28,Monterey,053,433212,49741,48537,3190,51727,626
2021-11-28,Napa,055,140530,13360,13303,120,13423,104
2021-11-28,Nevada,057,99092,9802,9684,346,10030,105
2021-11-28,Orange,059,3164182,314419,312028,16083,328111,5693
2021-11-28,Placer,061,380077,38698,38240,3862,42102,470
2021-11-28,Plumas,063,18699,1946,1884,43,1927,7
2021-11-28,Riverside,065,2383286,374611,370051,16789,386840,5358
2021-11-28,Sacramento,067,1510023,164238,163170,4895,168065,2335
2021-11-28,San Benito,069,59416,7653,7623,181,7804,77
2021-11-28,San Bernardino,071,2135413,365633,362407,11664,374071,5958
2021-11-28,San Diego,073,3302833,387478,383025,22607,405632,4325
2021-11-28,San Francisco,075,870044,54716,54082,2442,56524,669
2021-11-28,San Joaquin,077,732212,102591,101895,5631,107526,1834
2021-11-28,San Luis Obispo,079,281455,30593,30152,1325,31477,358
2021-11-28,San Mateo,081,765935,55695,54567,955,55522,579
2021-11-28,Santa Barbara,083,443738,45893,45551,1612,47163,549
2021-11-28,Santa Clara,085,1922200,151945,150436,1546,151982,1920
2021-11-28,Santa Cruz,087,273765,21367,21110,1038,22148,224
2021-11-28,Shasta,089,179085,22485,22316,3711,26027,400
2021-11-28,Sierra,091,2930,197,195,21,216,0
2021-11-28,Siskiyou,093,43540,3447,3372,1346,4718,55
2021-11-28,Solano,095,438530,47073,46385,1351,47736,356
2021-11-28,Sonoma,097,501317,42947,42583,567,43150,405
2021-11-28,Stanislaus,099,539301,80945,81181,9233,90414,1223
2021-11-28,Sutter,101,95872,14218,14192,386,14578,186
2021-11-28,Tehama,103,63373,8789,8720,1542,10262,130
2021-11-28,Trinity,105,12862,896,797,227,1024,17
2021-11-28,Tulare,107,460477,70848,69833,16088,85921,1095
2021-11-28,Tuolumne,109,53932,7657,7620,110,7730,90
2021-11-28,Ventura,111,848112,100328,99486,4423,103909,1190
2021-11-28,Yolo,113,214977,20511,20333,1251,21584,257
2021-11-28,Yuba,115,75493,10451,10391,372,10763,89
2021-11-27,Alameda,001,1643700,122746,121618,2929,124547,1477
2021-11-27,Alpine,003,1148,105,106,0,106,0
2021-11-27,Amador,005,37829,5743,5670,70,5740,66
2021-11-27,Butte,007,227075,21749,21384,3909,25293,309
2021-11-27,Calaveras,009,45235,4378,4294,60,4354,85
2021-11-27,Colusa,011,21464,2612,2568,669,3237,19
2021-11-27,Contra Costa,013,1133247,101984,100961,2323,103284,1045
2021-11-27,Del Norte,015,27424,3763,3661,56,3717,42
2021-11-27,El Dorado,017,186661,16716,16399,1781,18180,161
2021-11-27,Fresno,019,978130,145633,143386,13248,156634,2246
2021-11-27,Glenn,021,27897,3582,3532,1037,4569,36
2021-11-27,Humboldt,023,135768,9579,9399,659,10058,115
2021-11-27,Imperial,025,180216,35254,34611,3557,38168,769
2021-11-27,Inyo,027,18085,2544,2506,43,2549,45
2021-11-27,Kern,029,883053,132297,130245,23848,154093,1773
2021-11-27,Kings,031,150075,33392,32891,2042,34933,358
2021-11-27,Lake,033,64148,6919,6836,156,6992,110
2021-11-27,Lassen,035,31185,7050,6959,413,7372,47
2021-11-27,Los Angeles,037,10098052,1467287,1454495,56199,1510694,26817
2021-11-27,Madera,039,155013,24271,23880,2287,26167,296
2021-11-27,Marin,041,260295,18107,17857,505,18362,248
2021-11-27,Mariposa,043,17540,1429,1374,61,1435,6
2021-11-27,Mendocino,045,87422,8058,7871,656,8527,89
2021-11-27,Merced,047,269075,43257,42921,2093,45014,664
2021-11-27,Modoc,049,8938,593,551,202,753,5
2021-11-27,Mono,051,14174,1883,1810,23,1833,4
2021-11-27,Monterey,053,433212,49708,48400,3176,51576,625
2021-11-27,Napa,055,140530,13346,13256,120,13376,104
2021-11-27,Nevada,057,99092,9780,9584,345,9929,103
2021-11-27,Orange,059,3164182,314167,310809,16046,326855,5665
2021-11-27,Placer,061,380077,38637,38001,3856,41857,468
2021-11-27,Plumas,063,18699,1942,1860,43,1903,7
2021-11-27,Riverside,065,2383286,374253,367601,16782,384383,5306
2021-11-27,Sacramento,067,1510023,164080,162328,4892,167220,2335
2021-11-27,San Benito,069,59416,7637,7575,181,7756,77
2021-11-27,San Bernardino,071,2135413,365201,360033,11655,371688,5932
2021-11-27,San Diego,073,3302833,386976,382634,22581,405215,4319
2021-11-27,San Francisco,075,870044,54666,53830,2439,56269,669
2021-11-27,San Joaquin,077,732212,102524,101368,5628,106996,1833
2021-11-27,San Luis Obispo,079,281455,30558,29983,1321,31304,358
2021-11-27,San Mateo,081,765935,55638,54360,952,55312,577
2021-11-27,Santa Barbara,083,443738,45839,45318,1610,46928,548
2021-11-27,Santa Clara,085,1922200,151738,149700,1539,151239,1922
2021-11-27,Santa Cruz,087,273765,21327,20929,1035,21964,222
2021-11-27,Shasta,089,179085,22462,22151,3710,25861,396
2021-11-27,Sierra,091,2930,196,194,21,215,0
2021-11-27,Siskiyou,093,43540,3444,3336,1344,4680,54
2021-11-27,Solano,095,438530,47037,46163,1348,47511,356
2021-11-27,Sonoma,097,501317,42884,42368,567,42935,405
2021-11-27,Stanislaus,099,539301,80877,80782,9215,89997,1220
2021-11-27,Sutter,101,95872,14210,14127,385,14512,181
2021-11-27,Tehama,103,63373,8787,8675,1541,10216,129
2021-11-27,Trinity,105,12862,896,789,227,1016,17
2021-11-27,Tulare,107,460477,70796,69377,16072,85449,1082
2021-11-27,Tuolumne,109,53932,7644,7574,110,7684,90
2021-11-27,Ventura,111,848112,100255,99163,4416,103579,1188
2021-11-27,Yolo,113,214977,20490,20237,1242,21479,257
2021-11-27,Yuba,115,75493,10440,10335,372,10707,88
2021-11-26,Alameda,001,1643700,122636,121618,2927,124545,1477
2021-11-26,Alpine,003,1148,105,106,0,106,0
2021-11-26,Amador,005,37829,5739,5670,70,5740,66
2021-11-26,Butte,007,227075,21725,21384,3904,25288,309
2021-11-26,Calaveras,009,45235,4369,4294,60,4354,85
2021-11-26,Colusa,011,21464,2610,2568,668,3236,19
2021-11-26,Contra Costa,013,1133247,101897,100961,2319,103280,1045
2021-11-26,Del Norte,015,27424,3760,3661,56,3717,42
2021-11-26,El Dorado,017,186661,16699,16399,1778,18177,161
2021-11-26,Fresno,019,978130,145500,143386,13238,156624,2246
2021-11-26,Glenn,021,27897,3580,3532,1037,4569,36
2021-11-26,Humboldt,023,135768,9560,9399,655,10054,115
2021-11-26,Imperial,025,180216,35197,34611,3544,38155,769
2021-11-26,Inyo,027,18085,2544,2506,43,2549,45
2021-11-26,Kern,029,883053,132214,130245,23804,154049,1773
2021-11-26,Kings,031,150075,33368,32891,2040,34931,358
2021-11-26,Lake,033,64148,6917,6836,156,6992,110
2021-11-26,Lassen,035,31185,7044,6959,413,7372,47
2021-11-26,Los Angeles,037,10098052,1466437,1454495,56136,1510631,26817
2021-11-26,Madera,039,155013,24244,23880,2285,26165,296
2021-11-26,Marin,041,260295,18078,17857,505,18362,248
2021-11-26,Mariposa,043,17540,1423,1374,60,1434,6
2021-11-26,Mendocino,045,87422,8048,7871,656,8527,89
2021-11-26,Merced,047,269075,43227,42921,2088,45009,664
2021-11-26,Modoc,049,8938,591,551,202,753,5
2021-11-26,Mono,051,14174,1872,1810,23,1833,4
2021-11-26,Monterey,053,433212,49664,48400,3169,51569,625
2021-11-26,Napa,055,140530,13330,13256,120,13376,104
2021-11-26,Nevada,057,99092,9769,9584,345,9929,103
2021-11-26,Orange,059,3164182,313898,310809,16014,326823,5665
2021-11-26,Placer,061,380077,38592,38001,3848,41849,468
2021-11-26,Plumas,063,18699,1937,1860,43,1903,7
2021-11-26,Riverside,065,2383286,373852,367601,16775,384376,5306
2021-11-26,Sacramento,067,1510023,163968,162328,4887,167215,2335
2021-11-26,San Benito,069,59416,7629,7575,181,7756,77
2021-11-26,San Bernardino,071,2135413,364773,360033,11648,371681,5932
2021-11-26,San Diego,073,3302833,386419,382634,22569,405203,4319
2021-11-26,San Francisco,075,870044,54619,53830,2437,56267,669
2021-11-26,San Joaquin,077,732212,102467,101368,5627,106995,1833
2021-11-26,San Luis Obispo,079,281455,30516,29983,1318,31301,358
2021-11-26,San Mateo,081,765935,55575,54360,951,55311,577
2021-11-26,Santa Barbara,083,443738,45792,45318,1609,46927,548
2021-11-26,Santa Clara,085,1922200,151569,149700,1531,151231,1922
2021-11-26,Santa Cruz,087,273765,21287,20929,1035,21964,222
2021-11-26,Shasta,089,179085,22443,22151,3708,25859,396
2021-11-26,Sierra,091,2930,196,194,21,215,0
2021-11-26,Siskiyou,093,43540,3441,3336,1343,4679,54
2021-11-26,Solano,095,438530,46996,46163,1347,47510,356
2021-11-26,Sonoma,097,501317,42833,42368,565,42933,405
2021-11-26,Stanislaus,099,539301,80804,80782,9204,89986,1220
2021-11-26,Sutter,101,95872,14197,14127,384,14511,181
2021-11-26,Tehama,103,63373,8785,8675,1540,10215,129
2021-11-26,Trinity,105,12862,895,789,227,1016,17
2021-11-26,Tulare,107,460477,70750,69377,16040,85417,1082
2021-11-26,Tuolumne,109,53932,7634,7574,110,7684,90
2021-11-26,Ventura,111,848112,100175,99163,4411,103574,1188
2021-11-26,Yolo,113,214977,20471,20237,1234,21471,257
2021-11-26,Yuba,115,75493,10434,10335,372,10707,88
2021-11-25,Alameda,001,1643700,122528,121618,2922,124540,1477
2021-11-25,Alpine,003,1148,105,106,0,106,0
2021-11-25,Amador,005,37829,5731,5670,70,5740,66
2021-11-25,Butte,007,227075,21707,21384,3902,25286,309
2021-11-25,Calaveras,009,45235,4364,4294,60,4354,85
2021-11-25,Colusa,011,21464,2607,2568,666,3234,19
2021-11-25,Contra Costa,013,1133247,101793,100961,2315,103276,1045
2021-11-25,Del Norte,015,27424,3755,3661,56,3717,42
2021-11-25,El Dorado,017,186661,16680,16399,1777,18176,161
2021-11-25,Fresno,019,978130,145366,143386,13229,156615,2246
2021-11-25,Glenn,021,27897,3579,3532,1036,4568,36
2021-11-25,Humboldt,023,135768,9541,9399,652,10051,115
2021-11-25,Imperial,025,180216,35152,34611,3532,38143,769
2021-11-25,Inyo,027,18085,2542,2506,43,2549,45
2021-11-25,Kern,029,883053,132116,130245,23758,154003,1773
2021-11-25,Kings,031,150075,33340,32891,2039,34930,358
2021-11-25,Lake,033,64148,6910,6836,156,6992,110
2021-11-25,Lassen,035,31185,7042,6959,412,7371,47
2021-11-25,Los Angeles,037,10098052,1465453,1454495,56079,1510574,26817
2021-11-25,Madera,039,155013,24209,23880,2284,26164,296
2021-11-25,Marin,041,260295,18051,17857,499,18356,248
2021-11-25,Mariposa,043,17540,1420,1374,60,1434,6
2021-11-25,Mendocino,045,87422,8030,7871,656,8527,89
2021-11-25,Merced,047,269075,43188,42921,2082,45003,664
2021-11-25,Modoc,049,8938,590,551,202,753,5
2021-11-25,Mono,051,14174,1861,1810,23,1833,4
2021-11-25,Monterey,053,433212,49620,48400,3160,51560,625
2021-11-25,Napa,055,140530,13322,13256,120,13376,104
2021-11-25,Nevada,057,99092,9750,9584,342,9926,103
2021-11-25,Orange,059,3164182,313636,310809,15982,326791,5665
2021-11-25,Placer,061,380077,38546,38001,3842,41843,468
2021-11-25,Plumas,063,18699,1935,1860,43,1903,7
2021-11-25,Riverside,065,2383286,373438,367601,16768,384369,5306
2021-11-25,Sacramento,067,1510023,163789,162328,4881,167209,2335
2021-11-25,San Benito,069,59416,7622,7575,181,7756,77
2021-11-25,San Bernardino,071,2135413,364380,360033,11631,371664,5932
2021-11-25,San Diego,073,3302833,385972,382634,22550,405184,4319
2021-11-25,San Francisco,075,870044,54569,53830,2434,56264,669
2021-11-25,San Joaquin,077,732212,102383,101368,5623,106991,1833
2021-11-25,San Luis Obispo,079,281455,30486,29983,1316,31299,358
2021-11-25,San Mateo,081,765935,55526,54360,949,55309,577
2021-11-25,Santa Barbara,083,443738,45753,45318,1607,46925,548
2021-11-25,Santa Clara,085,1922200,151412,149700,1526,151226,1922
2021-11-25,Santa Cruz,087,273765,21254,20929,1035,21964,222
2021-11-25,Shasta,089,179085,22417,22151,3708,25859,396
2021-11-25,Sierra,091,2930,196,194,21,215,0
2021-11-25,Siskiyou,093,43540,3438,3336,1343,4679,54
2021-11-25,Solano,095,438530,46959,46163,1346,47509,356
2021-11-25,Sonoma,097,501317,42776,42368,561,42929,405
2021-11-25,Stanislaus,099,539301,80739,80782,9190,89972,1220
2021-11-25,Sutter,101,95872,14181,14127,383,14510,181
2021-11-25,Tehama,103,63373,8777,8675,1540,10215,129
2021-11-25,Trinity,105,12862,895,789,227,1016,17
2021-11-25,Tulare,107,460477,70683,69377,16013,85390,1082
2021-11-25,Tuolumne,109,53932,7622,7574,110,7684,90
2021-11-25,Ventura,111,848112,100108,99163,4408,103571,1188
2021-11-25,Yolo,113,214977,20441,20237,1229,21466,257
2021-11-25,Yuba,115,75493,10425,10335,371,10706,88
2021-11-24,Alameda,001,1643700,122464,121618,2918,124536,1477
2021-11-24,Alpine,003,1148,105,106,0,106,0
2021-11-24,Amador,005,37829,5721,5670,70,5740,66
2021-11-24,Butte,007,227075,21691,21384,3901,25285,309
2021-11-24,Calaveras,009,45235,4357,4294,60,4354,85
2021-11-24,Colusa,011,21464,2607,2568,665,3233,19
2021-11-24,Contra Costa,013,1133247,101756,100961,2312,103273,1045
2021-11-24,Del Norte,015,27424,3752,3661,56,3717,42
2021-11-24,El Dorado,017,186661,16668,16399,1776,18175,161
2021-11-24,Fresno,019,978130,145312,143386,13228,156614,2246
2021-11-24,Glenn,021,27897,3574,3532,1035,4567,36
2021-11-24,Humboldt,023,135768,9526,9399,652,10051,115
2021-11-24,Imperial,025,180216,35124,34611,3526,38137,769
2021-11-24,Inyo,027,18085,2539,2506,43,2549,45
2021-11-24,Kern,029,883053,132054,130245,23746,153991,1773
2021-11-24,Kings,031,150075,33326,32891,2038,34929,358
2021-11-24,Lake,033,64148,6906,6836,156,6992,110
2021-11-24,Lassen,035,31185,7042,6959,412,7371,47
2021-11-24,Los Angeles,037,10098052,1464962,1454495,56035,1510530,26817
2021-11-24,Madera,039,155013,24186,23880,2278,26158,296
2021-11-24,Marin,041,260295,18039,17857,497,18354,248
2021-11-24,Mariposa,043,17540,1420,1374,60,1434,6
2021-11-24,Mendocino,045,87422,8018,7871,656,8527,89
2021-11-24,Merced,047,269075,43156,42921,2079,45000,664
2021-11-24,Modoc,049,8938,590,551,202,753,5
2021-11-24,Mono,051,14174,1858,1810,23,1833,4
2021-11-24,Monterey,053,433212,49607,48400,3158,51558,625
2021-11-24,Napa,055,140530,13318,13256,120,13376,104
2021-11-24,Nevada,057,99092,9735,9584,342,9926,103
2021-11-24,Orange,059,3164182,313481,310809,15967,326776,5665
2021-11-24,Placer,061,380077,38513,38001,3840,41841,468
2021-11-24,Plumas,063,18699,1933,1860,43,1903,7
2021-11-24,Riverside,065,2383286,373258,367601,16762,384363,5306
2021-11-24,Sacramento,067,1510023,163717,162328,4881,167209,2335
2021-11-24,San Benito,069,59416,7620,7575,181,7756,77
2021-11-24,San Bernardino,071,2135413,364169,360033,11621,371654,5932
2021-11-24,San Diego,073,3302833,385715,382634,22537,405171,4319
2021-11-24,San Francisco,075,870044,54538,53830,2432,56262,669
2021-11-24,San Joaquin,077,732212,102342,101368,5620,106988,1833
2021-11-24,San Luis Obispo,079,281455,30467,29983,1316,31299,358
2021-11-24,San Mateo,081,765935,55496,54360,948,55308,577
2021-11-24,Santa Barbara,083,443738,45726,45318,1607,46925,548
2021-11-24,Santa Clara,085,1922200,151316,149700,1525,151225,1922
2021-11-24,Santa Cruz,087,273765,21231,20929,1034,21963,222
2021-11-24,Shasta,089,179085,22406,22151,3705,25856,396
2021-11-24,Sierra,091,2930,196,194,21,215,0
2021-11-24,Siskiyou,093,43540,3435,3336,1343,4679,54
2021-11-24,Solano,095,438530,46931,46163,1344,47507,356
2021-11-24,Sonoma,097,501317,42744,42368,559,42927,405
2021-11-24,Stanislaus,099,539301,80702,80782,9185,89967,1220
2021-11-24,Sutter,101,95872,14168,14127,381,14508,181
2021-11-24,Tehama,103,63373,8774,8675,1539,10214,129
2021-11-24,Trinity,105,12862,895,789,227,1016,17
2021-11-24,Tulare,107,460477,70659,69377,15994,85371,1082
2021-11-24,Tuolumne,109,53932,7618,7574,110,7684,90
2021-11-24,Ventura,111,848112,100073,99163,4404,103567,1188
2021-11-24,Yolo,113,214977,20433,20237,1228,21465,257
2021-11-24,Yuba,115,75493,10421,10335,370,10705,88
2021-11-23,Alameda,001,1643700,122345,121618,2911,124529,1477
2021-11-23,Alpine,003,1148,105,106,0,106,0
2021-11-23,Amador,005,37829,5714,5670,70,5740,66
2021-11-23,Butte,007,227075,21662,21384,3897,25281,309
2021-11-23,Calaveras,009,45235,4351,4294,59,4353,85
2021-11-23,Colusa,011,21464,2603,2568,663,3231,19
2021-11-23,Contra Costa,013,1133247,101649,100961,2310,103271,1045
2021-11-23,Del Norte,015,27424,3749,3661,56,3717,42
2021-11-23,El Dorado,017,186661,16636,16399,1773,18172,161
2021-11-23,Fresno,019,978130,145175,143386,13219,156605,2246
2021-11-23,Glenn,021,27897,3569,3532,1035,4567,36
2021-11-23,Humboldt,023,135768,9504,9399,649,10048,115
2021-11-23,Imperial,025,180216,35055,34611,3507,38118,769
2021-11-23,Inyo,027,18085,2535,2506,43,2549,45
2021-11-23,Kern,029,883053,131946,130245,23697,153942,1773
2021-11-23,Kings,031,150075,33285,32891,2037,34928,358
2021-11-23,Lake,033,64148,6901,6836,156,6992,110
2021-11-23,Lassen,035,31185,7038,6959,409,7368,47
2021-11-23,Los Angeles,037,10098052,1463939,1454495,55967,1510462,26817
2021-11-23,Madera,039,155013,24160,23880,2276,26156,296
2021-11-23,Marin,041,260295,18008,17857,493,18350,248
2021-11-23,Mariposa,043,17540,1417,1374,60,1434,6
2021-11-23,Mendocino,045,87422,7997,7871,653,8524,89
2021-11-23,Merced,047,269075,43118,42921,2078,44999,664
2021-11-23,Modoc,049,8938,588,551,202,753,5
2021-11-23,Mono,051,14174,1844,1810,23,1833,4
2021-11-23,Monterey,053,433212,49571,48400,3152,51552,625
2021-11-23,Napa,055,140530,13309,13256,120,13376,104
2021-11-23,Nevada,057,99092,9706,9584,341,9925,103
2021-11-23,Orange,059,3164182,313231,310809,15931,326740,5665
2021-11-23,Placer,061,380077,38454,38001,3823,41824,468
2021-11-23,Plumas,063,18699,1929,1860,43,1903,7
2021-11-23,Riverside,065,2383286,372875,367601,16749,384350,5306
2021-11-23,Sacramento,067,1510023,163531,162328,4870,167198,2335
2021-11-23,San Benito,069,59416,7611,7575,179,7754,77
2021-11-23,San Bernardino,071,2135413,363754,360033,11606,371639,5932
2021-11-23,San Diego,073,3302833,385224,382634,22514,405148,4319
2021-11-23,San Francisco,075,870044,54479,53830,2429,56259,669
2021-11-23,San Joaquin,077,732212,102233,101368,5609,106977,1833
2021-11-23,San Luis Obispo,079,281455,30432,29983,1313,31296,358
2021-11-23,San Mateo,081,765935,55447,54360,947,55307,577
2021-11-23,Santa Barbara,083,443738,45673,45318,1607,46925,548
2021-11-23,Santa Clara,085,1922200,151105,149700,1513,151213,1922
2021-11-23,Santa Cruz,087,273765,21193,20929,1034,21963,222
2021-11-23,Shasta,089,179085,22370,22151,3703,25854,396
2021-11-23,Sierra,091,2930,196,194,21,215,0
2021-11-23,Siskiyou,093,43540,3430,3336,1342,4678,54
2021-11-23,Solano,095,438530,46877,46163,1340,47503,356
2021-11-23,Sonoma,097,501317,42693,42368,556,42924,405
2021-11-23,Stanislaus,099,539301,80633,80782,9172,89954,1220
2021-11-23,Sutter,101,95872,14152,14127,380,14507,181
2021-11-23,Tehama,103,63373,8761,8675,1538,10213,129
2021-11-23,Trinity,105,12862,894,789,227,1016,17
2021-11-23,Tulare,107,460477,70612,69377,15964,85341,1082
2021-11-23,Tuolumne,109,53932,7606,7574,110,7684,90
2021-11-23,Ventura,111,848112,99990,99163,4398,103561,1188
2021-11-23,Yolo,113,214977,20412,20237,1220,21457,257
2021-11-23,Yuba,115,75493,10409,10335,370,10705,88
2021-11-22,Alameda,001,1643700,122233,121566,2908,124474,1475
2021-11-22,Alpine,003,1148,105,106,0,106,0
2021-11-22,Amador,005,37829,5701,5670,70,5740,66
2021-11-22,Butte,007,227075,21623,21363,3891,25254,305
2021-11-22,Calaveras,009,45235,4339,4294,59,4353,84
2021-11-22,Colusa,011,21464,2600,2565,663,3228,19
2021-11-22,Contra Costa,013,1133247,101561,100877,2305,103182,1045
2021-11-22,Del Norte,015,27424,3746,3659,56,3715,42
2021-11-22,El Dorado,017,186661,16613,16378,1770,18148,161
2021-11-22,Fresno,019,978130,145041,143290,13211,156501,2243
2021-11-22,Glenn,021,27897,3564,3530,1034,4564,36
2021-11-22,Humboldt,023,135768,9478,9389,644,10033,115
2021-11-22,Imperial,025,180216,34994,34562,3493,38055,766
2021-11-22,Inyo,027,18085,2529,2501,43,2544,44
2021-11-22,Kern,029,883053,131785,130091,23646,153737,1762
2021-11-22,Kings,031,150075,33249,32867,2032,34899,358
2021-11-22,Lake,033,64148,6896,6837,156,6993,110
2021-11-22,Lassen,035,31185,7036,6954,408,7362,47
2021-11-22,Los Angeles,037,10098052,1462870,1453945,55885,1509830,26800
2021-11-22,Madera,039,155013,24125,23872,2268,26140,296
2021-11-22,Marin,041,260295,17977,17842,491,18333,248
2021-11-22,Mariposa,043,17540,1413,1372,60,1432,6
2021-11-22,Mendocino,045,87422,7981,7859,652,8511,89
2021-11-22,Merced,047,269075,43067,42898,2067,44965,660
2021-11-22,Modoc,049,8938,587,551,202,753,5
2021-11-22,Mono,051,14174,1837,1809,23,1832,4
2021-11-22,Monterey,053,433212,49544,48374,3148,51522,611
2021-11-22,Napa,055,140530,13301,13255,119,13374,104
2021-11-22,Nevada,057,99092,9689,9575,339,9914,96
2021-11-22,Orange,059,3164182,312991,310654,15905,326559,5663
2021-11-22,Placer,061,380077,38409,37956,3815,41771,465
2021-11-22,Plumas,063,18699,1926,1858,43,1901,7
2021-11-22,Riverside,065,2383286,372438,367301,16740,384041,5283
2021-11-22,Sacramento,067,1510023,163339,162222,4861,167083,2328
2021-11-22,San Benito,069,59416,7591,7567,179,7746,77
2021-11-22,San Bernardino,071,2135413,363341,359851,11596,371447,5916
2021-11-22,San Diego,073,3302833,384728,382132,22490,404622,4317
2021-11-22,San Francisco,075,870044,54387,53778,2423,56201,669
2021-11-22,San Joaquin,077,732212,102108,101299,5604,106903,1833
2021-11-22,San Luis Obispo,079,281455,30406,29963,1310,31273,358
2021-11-22,San Mateo,081,765935,55390,54330,945,55275,577
2021-11-22,Santa Barbara,083,443738,45597,45279,1607,46886,546
2021-11-22,Santa Clara,085,1922200,150920,149541,1503,151044,1919
2021-11-22,Santa Cruz,087,273765,21152,20891,1034,21925,222
2021-11-22,Shasta,089,179085,22356,22116,3698,25814,393
2021-11-22,Sierra,091,2930,196,193,21,214,0
2021-11-22,Siskiyou,093,43540,3425,3336,1340,4676,54
2021-11-22,Solano,095,438530,46828,46153,1338,47491,356
2021-11-22,Sonoma,097,501317,42632,42344,555,42899,404
2021-11-22,Stanislaus,099,539301,80545,80718,9162,89880,1209
2021-11-22,Sutter,101,95872,14136,14125,378,14503,181
2021-11-22,Tehama,103,63373,8754,8669,1533,10202,127
2021-11-22,Trinity,105,12862,893,785,227,1012,17
2021-11-22,Tulare,107,460477,70550,69314,15927,85241,1075
2021-11-22,Tuolumne,109,53932,7591,7567,110,7677,90
2021-11-22,Ventura,111,848112,99924,99114,4395,103509,1186
2021-11-22,Yolo,113,214977,20389,20227,1218,21445,257
2021-11-22,Yuba,115,75493,10400,10332,369,10701,88
2021-11-21,Alameda,001,1643700,122102,121443,2904,124347,1475
2021-11-21,Alpine,003,1148,103,106,0,106,0
2021-11-21,Amador,005,37829,5696,5662,69,5731,66
2021-11-21,Butte,007,227075,21581,21342,3886,25228,306
2021-11-21,Calaveras,009,45235,4330,4287,59,4346,84
2021-11-21,Colusa,011,21464,2596,2562,662,3224,19
2021-11-21,Contra Costa,013,1133247,101459,100807,2299,103106,1045
2021-11-21,Del Norte,015,27424,3742,3659,56,3715,42
2021-11-21,El Dorado,017,186661,16586,16370,1764,18134,161
2021-11-21,Fresno,019,978130,144869,143203,13191,156394,2242
2021-11-21,Glenn,021,27897,3560,3529,1034,4563,36
2021-11-21,Humboldt,023,135768,9455,9378,643,10021,115
2021-11-21,Imperial,025,180216,34905,34527,3483,38010,766
2021-11-21,Inyo,027,18085,2522,2501,43,2544,44
2021-11-21,Kern,029,883053,131621,130020,23600,153620,1762
2021-11-21,Kings,031,150075,33211,32843,2028,34871,356
2021-11-21,Lake,033,64148,6889,6834,156,6990,110
2021-11-21,Lassen,035,31185,7027,6953,408,7361,47
2021-11-21,Los Angeles,037,10098052,1461801,1453181,55828,1509009,26793
2021-11-21,Madera,039,155013,24099,23856,2263,26119,296
2021-11-21,Marin,041,260295,17948,17829,488,18317,248
2021-11-21,Mariposa,043,17540,1412,1371,59,1430,6
2021-11-21,Mendocino,045,87422,7975,7846,649,8495,89
2021-11-21,Merced,047,269075,43012,42881,2063,44944,660
2021-11-21,Modoc,049,8938,583,551,202,753,5
2021-11-21,Mono,051,14174,1827,1799,22,1821,4
2021-11-21,Monterey,053,433212,49498,48358,3139,51497,611
2021-11-21,Napa,055,140530,13288,13250,119,13369,104
2021-11-21,Nevada,057,99092,9663,9556,338,9894,96
2021-11-21,Orange,059,3164182,312735,310477,15873,326350,5663
2021-11-21,Placer,061,380077,38327,37929,3814,41743,465
2021-11-21,Plumas,063,18699,1921,1858,43,1901,7
2021-11-21,Riverside,065,2383286,371946,367093,16732,383825,5283
2021-11-21,Sacramento,067,1510023,163123,162087,4851,166938,2327
2021-11-21,San Benito,069,59416,7577,7563,178,7741,77
2021-11-21,San Bernardino,071,2135413,362854,359621,11559,371180,5912
2021-11-21,San Diego,073,3302833,384190,380747,22465,403212,4317
2021-11-21,San Francisco,075,870044,54318,53741,2418,56159,669
2021-11-21,San Joaquin,077,732212,102003,101264,5591,106855,1833
2021-11-21,San Luis Obispo,079,281455,30368,29948,1310,31258,358
2021-11-21,San Mateo,081,765935,55338,54290,943,55233,577
2021-11-21,Santa Barbara,083,443738,45536,45237,1604,46841,546
2021-11-21,Santa Clara,085,1922200,150715,149387,1483,150870,1918
2021-11-21,Santa Cruz,087,273765,21108,20866,1032,21898,222
2021-11-21,Shasta,089,179085,22326,22112,3696,25808,393
2021-11-21,Sierra,091,2930,196,193,21,214,0
2021-11-21,Siskiyou,093,43540,3420,3333,1339,4672,54
2021-11-21,Solano,095,438530,46772,46122,1331,47453,356
2021-11-21,Sonoma,097,501317,42572,42298,554,42852,404
2021-11-21,Stanislaus,099,539301,80450,80687,9147,89834,1209
2021-11-21,Sutter,101,95872,14122,14111,378,14489,181
2021-11-21,Tehama,103,63373,8748,8669,1532,10201,127
2021-11-21,Trinity,105,12862,891,784,225,1009,17
2021-11-21,Tulare,107,460477,70466,69285,15888,85173,1075
2021-11-21,Tuolumne,109,53932,7583,7560,109,7669,90
2021-11-21,Ventura,111,848112,99833,99081,4391,103472,1186
2021-11-21,Yolo,113,214977,20361,20209,1215,21424,257
2021-11-21,Yuba,115,75493,10391,10326,369,10695,88
2021-11-20,Alameda,001,1643700,122009,121059,2897,123956,1473
2021-11-20,Alpine,003,1148,103,105,0,105,0
2021-11-20,Amador,005,37829,5690,5652,68,5720,66
2021-11-20,Butte,007,227075,21566,21265,3882,25147,300
2021-11-20,Calaveras,009,45235,4321,4268,59,4327,84
2021-11-20,Colusa,011,21464,2595,2549,661,3210,19
2021-11-20,Contra Costa,013,1133247,101382,100491,2295,102786,1043
2021-11-20,Del Norte,015,27424,3739,3637,56,3693,42
2021-11-20,El Dorado,017,186661,16564,16308,1762,18070,161
2021-11-20,Fresno,019,978130,144799,142579,13182,155761,2233
2021-11-20,Glenn,021,27897,3559,3526,1033,4559,35
2021-11-20,Humboldt,023,135768,9442,9302,641,9943,115
2021-11-20,Imperial,025,180216,34853,34312,3477,37789,766
2021-11-20,Inyo,027,18085,2521,2467,43,2510,44
2021-11-20,Kern,029,883053,131521,129488,23563,153051,1750
2021-11-20,Kings,031,150075,33201,32720,2028,34748,354
2021-11-20,Lake,033,64148,6886,6808,156,6964,110
2021-11-20,Lassen,035,31185,7026,6931,408,7339,47
2021-11-20,Los Angeles,037,10098052,1461183,1448963,55780,1504743,26741
2021-11-20,Madera,039,155013,24087,23720,2259,25979,296
2021-11-20,Marin,041,260295,17933,17774,488,18262,248
2021-11-20,Mariposa,043,17540,1411,1354,59,1413,6
2021-11-20,Mendocino,045,87422,7967,7773,649,8422,89
2021-11-20,Merced,047,269075,42986,42692,2063,44755,656
2021-11-20,Modoc,049,8938,582,550,202,752,5
2021-11-20,Mono,051,14174,1821,1767,22,1789,4
2021-11-20,Monterey,053,433212,49485,48260,3131,51391,609
2021-11-20,Napa,055,140530,13285,13184,119,13303,103
2021-11-20,Nevada,057,99092,9647,9480,338,9818,92
2021-11-20,Orange,059,3164182,312536,309672,15856,325528,5658
2021-11-20,Placer,061,380077,38287,37800,3809,41609,462
2021-11-20,Plumas,063,18699,1917,1841,43,1884,7
2021-11-20,Riverside,065,2383286,371673,365809,16720,382529,5265
2021-11-20,Sacramento,067,1510023,163019,161533,4847,166380,2316
2021-11-20,San Benito,069,59416,7573,7533,178,7711,77
2021-11-20,San Bernardino,071,2135413,362581,358322,11548,369870,5897
2021-11-20,San Diego,073,3302833,383857,380147,22439,402586,4311
2021-11-20,San Francisco,075,870044,54279,53525,2417,55942,669
2021-11-20,San Joaquin,077,732212,101953,100922,5586,106508,1832
2021-11-20,San Luis Obispo,079,281455,30354,29815,1309,31124,355
2021-11-20,San Mateo,081,765935,55304,54132,942,55074,577
2021-11-20,Santa Barbara,083,443738,45504,45074,1604,46678,544
2021-11-20,Santa Clara,085,1922200,150608,148829,1482,150311,1917
2021-11-20,Santa Cruz,087,273765,21090,20756,1032,21788,222
2021-11-20,Shasta,089,179085,22302,21968,3695,25663,383
2021-11-20,Sierra,091,2930,196,191,21,212,0
2021-11-20,Siskiyou,093,43540,3417,3313,1339,4652,54
2021-11-20,Solano,095,438530,46751,46006,1331,47337,356
2021-11-20,Sonoma,097,501317,42541,42151,554,42705,403
2021-11-20,Stanislaus,099,539301,80404,80412,9143,89555,1205
2021-11-20,Sutter,101,95872,14114,14074,378,14452,181
2021-11-20,Tehama,103,63373,8743,8648,1532,10180,125
2021-11-20,Trinity,105,12862,887,771,225,996,17
2021-11-20,Tulare,107,460477,70427,69074,15867,84941,1054
2021-11-20,Tuolumne,109,53932,7574,7511,109,7620,90
2021-11-20,Ventura,111,848112,99784,98893,4384,103277,1186
2021-11-20,Yolo,113,214977,20353,20139,1211,21350,257
2021-11-20,Yuba,115,75493,10385,10290,368,10658,88
2021-11-19,Alameda,001,1643700,121933,121059,2894,123953,1473
2021-11-19,Alpine,003,1148,103,105,0,105,0
2021-11-19,Amador,005,37829,5680,5652,68,5720,66
2021-11-19,Butte,007,227075,21543,21265,3875,25140,300
2021-11-19,Calaveras,009,45235,4314,4268,59,4327,84
2021-11-19,Colusa,011,21464,2593,2549,660,3209,19
2021-11-19,Contra Costa,013,1133247,101324,100491,2290,102781,1043
2021-11-19,Del Norte,015,27424,3734,3637,56,3693,42
2021-11-19,El Dorado,017,186661,16543,16308,1760,18068,161
2021-11-19,Fresno,019,978130,144681,142579,13173,155752,2233
2021-11-19,Glenn,021,27897,3558,3526,1032,4558,35
2021-11-19,Humboldt,023,135768,9429,9302,638,9940,115
2021-11-19,Imperial,025,180216,34816,34312,3470,37782,766
2021-11-19,Inyo,027,18085,2517,2467,43,2510,44
2021-11-19,Kern,029,883053,131417,129488,23520,153008,1750
2021-11-19,Kings,031,150075,33175,32720,2026,34746,354
2021-11-19,Lake,033,64148,6883,6808,156,6964,110
2021-11-19,Lassen,035,31185,7022,6931,407,7338,47
2021-11-19,Los Angeles,037,10098052,1460500,1448963,55725,1504688,26741
2021-11-19,Madera,039,155013,24066,23720,2254,25974,296
2021-11-19,Marin,041,260295,17914,17774,486,18260,248
2021-11-19,Mariposa,043,17540,1409,1354,59,1413,6
2021-11-19,Mendocino,045,87422,7947,7773,649,8422,89
2021-11-19,Merced,047,269075,42960,42692,2062,44754,656
2021-11-19,Modoc,049,8938,581,550,202,752,5
2021-11-19,Mono,051,14174,1810,1767,22,1789,4
2021-11-19,Monterey,053,433212,49463,48260,3131,51391,609
2021-11-19,Napa,055,140530,13275,13184,118,13302,103
2021-11-19,Nevada,057,99092,9634,9480,338,9818,92
2021-11-19,Orange,059,3164182,312383,309672,15831,325503,5658
2021-11-19,Placer,061,380077,38250,37800,3805,41605,462
2021-11-19,Plumas,063,18699,1913,1841,43,1884,7
2021-11-19,Riverside,065,2383286,371399,365809,16716,382525,5265
2021-11-19,Sacramento,067,1510023,162894,161533,4843,166376,2316
2021-11-19,San Benito,069,59416,7567,7533,176,7709,77
2021-11-19,San Bernardino,071,2135413,362260,358322,11539,369861,5897
2021-11-19,San Diego,073,3302833,383456,380147,22413,402560,4311
2021-11-19,San Francisco,075,870044,54241,53525,2417,55942,669
2021-11-19,San Joaquin,077,732212,101896,100922,5582,106504,1832
2021-11-19,San Luis Obispo,079,281455,30336,29815,1307,31122,355
2021-11-19,San Mateo,081,765935,55256,54132,938,55070,577
2021-11-19,Santa Barbara,083,443738,45467,45074,1604,46678,544
2021-11-19,Santa Clara,085,1922200,150459,148829,1479,150308,1917
2021-11-19,Santa Cruz,087,273765,21063,20756,1029,21785,222
2021-11-19,Shasta,089,179085,22290,21968,3694,25662,383
2021-11-19,Sierra,091,2930,196,191,21,212,0
2021-11-19,Siskiyou,093,43540,3414,3313,1339,4652,54
2021-11-19,Solano,095,438530,46721,46006,1327,47333,356
2021-11-19,Sonoma,097,501317,42508,42151,551,42702,403
2021-11-19,Stanislaus,099,539301,80347,80412,9133,89545,1205
2021-11-19,Sutter,101,95872,14112,14074,378,14452,181
2021-11-19,Tehama,103,63373,8740,8648,1532,10180,125
2021-11-19,Trinity,105,12862,885,771,225,996,17
2021-11-19,Tulare,107,460477,70386,69074,15839,84913,1054
2021-11-19,Tuolumne,109,53932,7563,7511,109,7620,90
2021-11-19,Ventura,111,848112,99719,98893,4380,103273,1186
2021-11-19,Yolo,113,214977,20342,20139,1209,21348,257
2021-11-19,Yuba,115,75493,10382,10290,368,10658,88
2021-11-18,Alameda,001,1643700,121809,121059,2887,123946,1473
2021-11-18,Alpine,003,1148,103,105,0,105,0
2021-11-18,Amador,005,37829,5678,5652,68,5720,66
2021-11-18,Butte,007,227075,21526,21265,3868,25133,300
2021-11-18,Calaveras,009,45235,4307,4268,58,4326,84
2021-11-18,Colusa,011,21464,2585,2549,660,3209,19
2021-11-18,Contra Costa,013,1133247,101222,100491,2282,102773,1043
2021-11-18,Del Norte,015,27424,3731,3637,56,3693,42
2021-11-18,El Dorado,017,186661,16524,16308,1757,18065,161
2021-11-18,Fresno,019,978130,144541,142579,13163,155742,2233
2021-11-18,Glenn,021,27897,3557,3526,1031,4557,35
2021-11-18,Humboldt,023,135768,9413,9302,633,9935,115
2021-11-18,Imperial,025,180216,34762,34312,3454,37766,766
2021-11-18,Inyo,027,18085,2509,2467,43,2510,44
2021-11-18,Kern,029,883053,131273,129488,23472,152960,1750
2021-11-18,Kings,031,150075,33138,32720,2023,34743,354
2021-11-18,Lake,033,64148,6878,6808,156,6964,110
2021-11-18,Lassen,035,31185,7019,6931,402,7333,47
2021-11-18,Los Angeles,037,10098052,1459509,1448963,55662,1504625,26741
2021-11-18,Madera,039,155013,24041,23720,2250,25970,296
2021-11-18,Marin,041,260295,17898,17774,482,18256,248
2021-11-18,Mariposa,043,17540,1406,1354,59,1413,6
2021-11-18,Mendocino,045,87422,7925,7773,640,8413,89
2021-11-18,Merced,047,269075,42904,42692,2060,44752,656
2021-11-18,Modoc,049,8938,569,550,202,752,5
2021-11-18,Mono,051,14174,1802,1767,22,1789,4
2021-11-18,Monterey,053,433212,49438,48260,3126,51386,609
2021-11-18,Napa,055,140530,13263,13184,117,13301,103
2021-11-18,Nevada,057,99092,9610,9480,338,9818,92
2021-11-18,Orange,059,3164182,312147,309672,15811,325483,5658
2021-11-18,Placer,061,380077,38207,37800,3794,41594,462
2021-11-18,Plumas,063,18699,1912,1841,43,1884,7
2021-11-18,Riverside,065,2383286,371027,365809,16703,382512,5265
2021-11-18,Sacramento,067,1510023,162666,161533,4828,166361,2316
2021-11-18,San Benito,069,59416,7557,7533,176,7709,77
2021-11-18,San Bernardino,071,2135413,361824,358322,11520,369842,5897
2021-11-18,San Diego,073,3302833,382950,380147,22397,402544,4311
2021-11-18,San Francisco,075,870044,54189,53525,2413,55938,669
2021-11-18,San Joaquin,077,732212,101803,100922,5573,106495,1832
2021-11-18,San Luis Obispo,079,281455,30306,29815,1306,31121,355
2021-11-18,San Mateo,081,765935,55197,54132,935,55067,577
2021-11-18,Santa Barbara,083,443738,45421,45074,1597,46671,544
2021-11-18,Santa Clara,085,1922200,150272,148829,1471,150300,1917
2021-11-18,Santa Cruz,087,273765,21012,20756,1028,21784,222
2021-11-18,Shasta,089,179085,22254,21968,3689,25657,383
2021-11-18,Sierra,091,2930,195,191,21,212,0
2021-11-18,Siskiyou,093,43540,3414,3313,1335,4648,54
2021-11-18,Solano,095,438530,46679,46006,1324,47330,356
2021-11-18,Sonoma,097,501317,42459,42151,549,42700,403
2021-11-18,Stanislaus,099,539301,80280,80412,9125,89537,1205
2021-11-18,Sutter,101,95872,14101,14074,377,14451,181
2021-11-18,Tehama,103,63373,8735,8648,1532,10180,125
2021-11-18,Trinity,105,12862,884,771,225,996,17
2021-11-18,Tulare,107,460477,70313,69074,15791,84865,1054
2021-11-18,Tuolumne,109,53932,7553,7511,109,7620,90
2021-11-18,Ventura,111,848112,99642,98893,4376,103269,1186
2021-11-18,Yolo,113,214977,20325,20139,1205,21344,257
2021-11-18,Yuba,115,75493,10376,10290,368,10658,88
2021-11-17,Alameda,001,1643700,121687,120913,2886,123799,1472
2021-11-17,Alpine,003,1148,103,105,0,105,0
2021-11-17,Amador,005,37829,5671,5646,68,5714,66
2021-11-17,Butte,007,227075,21500,21230,3865,25095,300
2021-11-17,Calaveras,009,45235,4300,4259,58,4317,84
2021-11-17,Colusa,011,21464,2582,2546,659,3205,19
2021-11-17,Contra Costa,013,1133247,101130,100387,2278,102665,1039
2021-11-17,Del Norte,015,27424,3728,3630,56,3686,42
2021-11-17,El Dorado,017,186661,16505,16269,1756,18025,161
2021-11-17,Fresno,019,978130,144358,142366,13150,155516,2230
2021-11-17,Glenn,021,27897,3555,3527,1030,4557,34
2021-11-17,Humboldt,023,135768,9402,9270,630,9900,115
2021-11-17,Imperial,025,180216,34706,34256,3432,37688,766
2021-11-17,Inyo,027,18085,2503,2457,43,2500,44
2021-11-17,Kern,029,883053,131100,129307,23430,152737,1743
2021-11-17,Kings,031,150075,33110,32669,2019,34688,352
2021-11-17,Lake,033,64148,6874,6795,155,6950,110
2021-11-17,Lassen,035,31185,7017,6918,402,7320,47
2021-11-17,Los Angeles,037,10098052,1458405,1447947,55596,1503543,26721
2021-11-17,Madera,039,155013,24007,23673,2248,25921,287
2021-11-17,Marin,041,260295,17878,17757,480,18237,248
2021-11-17,Mariposa,043,17540,1402,1353,59,1412,6
2021-11-17,Mendocino,045,87422,7917,7735,639,8374,89
2021-11-17,Merced,047,269075,42845,42612,2055,44667,654
2021-11-17,Modoc,049,8938,565,540,202,742,5
2021-11-17,Mono,051,14174,1798,1765,22,1787,5
2021-11-17,Monterey,053,433212,49390,48221,3115,51336,609
2021-11-17,Napa,055,140530,13239,13167,117,13284,103
2021-11-17,Nevada,057,99092,9597,9447,338,9785,92
2021-11-17,Orange,059,3164182,311899,309396,15777,325173,5651
2021-11-17,Placer,061,380077,38159,37725,3785,41510,460
2021-11-17,Plumas,063,18699,1907,1833,43,1876,7
2021-11-17,Riverside,065,2383286,370616,365406,16690,382096,5229
2021-11-17,Sacramento,067,1510023,162496,161269,4821,166090,2302
2021-11-17,San Benito,069,59416,7550,7524,176,7700,77
2021-11-17,San Bernardino,071,2135413,361460,357947,11503,369450,5893
2021-11-17,San Diego,073,3302833,382452,379769,22371,402140,4301
2021-11-17,San Francisco,075,870044,54134,53469,2410,55879,667
2021-11-17,San Joaquin,077,732212,101701,100764,5568,106332,1828
2021-11-17,San Luis Obispo,079,281455,30280,29731,1303,31034,354
2021-11-17,San Mateo,081,765935,55129,54092,932,55024,577
2021-11-17,Santa Barbara,083,443738,45383,45000,1597,46597,542
2021-11-17,Santa Clara,085,1922200,150108,148626,1463,150089,1915
2021-11-17,Santa Cruz,087,273765,20977,20700,1028,21728,222
2021-11-17,Shasta,089,179085,22221,21883,3687,25570,382
2021-11-17,Sierra,091,2930,194,189,21,210,0
2021-11-17,Siskiyou,093,43540,3410,3307,1332,4639,54
2021-11-17,Solano,095,438530,46646,45948,1323,47271,353
2021-11-17,Sonoma,097,501317,42413,42093,546,42639,403
2021-11-17,Stanislaus,099,539301,80192,80276,9115,89391,1199
2021-11-17,Sutter,101,95872,14087,14064,375,14439,181
2021-11-17,Tehama,103,63373,8725,8633,1529,10162,125
2021-11-17,Trinity,105,12862,883,765,225,990,17
2021-11-17,Tulare,107,460477,70241,68977,15764,84741,1047
2021-11-17,Tuolumne,109,53932,7536,7485,109,7594,90
2021-11-17,Ventura,111,848112,99580,98812,4370,103182,1183
2021-11-17,Yolo,113,214977,20306,20100,1201,21301,257
2021-11-17,Yuba,115,75493,10364,10275,364,10639,88
2021-11-16,Alameda,001,1643700,121577,120809,2882,123691,1467
2021-11-16,Alpine,003,1148,103,105,0,105,0
2021-11-16,Amador,005,37829,5665,5644,68,5712,66
2021-11-16,Butte,007,227075,21475,21208,3860,25068,297
2021-11-16,Calaveras,009,45235,4291,4249,58,4307,83
2021-11-16,Colusa,011,21464,2576,2538,659,3197,19
2021-11-16,Contra Costa,013,1133247,101008,100320,2275,102595,1038
2021-11-16,Del Norte,015,27424,3722,3630,56,3686,42
2021-11-16,El Dorado,017,186661,16480,16248,1754,18002,159
2021-11-16,Fresno,019,978130,144171,142200,13129,155329,2218
2021-11-16,Glenn,021,27897,3554,3527,1027,4554,34
2021-11-16,Humboldt,023,135768,9381,9252,626,9878,115
2021-11-16,Imperial,025,180216,34622,34177,3418,37595,766
2021-11-16,Inyo,027,18085,2496,2449,43,2492,42
2021-11-16,Kern,029,883053,130940,129136,23369,152505,1735
2021-11-16,Kings,031,150075,33059,32614,2012,34626,350
2021-11-16,Lake,033,64148,6869,6789,155,6944,110
2021-11-16,Lassen,035,31185,7007,6915,402,7317,47
2021-11-16,Los Angeles,037,10098052,1457232,1446815,55524,1502339,26703
2021-11-16,Madera,039,155013,23969,23642,2242,25884,287
2021-11-16,Marin,041,260295,17859,17736,479,18215,248
2021-11-16,Mariposa,043,17540,1394,1349,58,1407,6
2021-11-16,Mendocino,045,87422,7875,7723,635,8358,89
2021-11-16,Merced,047,269075,42808,42578,2048,44626,653
2021-11-16,Modoc,049,8938,564,539,201,740,5
2021-11-16,Mono,051,14174,1789,1767,22,1789,4
2021-11-16,Monterey,053,433212,49360,48195,3101,51296,609
2021-11-16,Napa,055,140530,13228,13151,117,13268,103
2021-11-16,Nevada,057,99092,9580,9435,337,9772,92
2021-11-16,Orange,059,3164182,311632,309170,15742,324912,5651
2021-11-16,Placer,061,380077,38117,37676,3779,41455,459
2021-11-16,Plumas,063,18699,1898,1832,43,1875,7
2021-11-16,Riverside,065,2383286,370194,365078,16668,381746,5208
2021-11-16,Sacramento,067,1510023,162316,161102,4808,165910,2299
2021-11-16,San Benito,069,59416,7536,7513,176,7689,77
2021-11-16,San Bernardino,071,2135413,361046,357528,11451,368979,5901
2021-11-16,San Diego,073,3302833,381895,379435,22344,401779,4287
2021-11-16,San Francisco,075,870044,54061,53415,2402,55817,667
2021-11-16,San Joaquin,077,732212,101561,100637,5552,106189,1807
2021-11-16,San Luis Obispo,079,281455,30248,29703,1300,31003,356
2021-11-16,San Mateo,081,765935,55067,54034,930,54964,577
2021-11-16,Santa Barbara,083,443738,45315,44932,1594,46526,539
2021-11-16,Santa Clara,085,1922200,149928,148452,1451,149903,1916
2021-11-16,Santa Cruz,087,273765,20932,20684,1026,21710,222
2021-11-16,Shasta,089,179085,22182,21853,3683,25536,379
2021-11-16,Sierra,091,2930,194,189,21,210,0
2021-11-16,Siskiyou,093,43540,3407,3304,1330,4634,54
2021-11-16,Solano,095,438530,46606,45908,1322,47230,351
2021-11-16,Sonoma,097,501317,42364,42056,545,42601,401
2021-11-16,Stanislaus,099,539301,80097,80214,9091,89305,1196
2021-11-16,Sutter,101,95872,14075,14058,374,14432,181
2021-11-16,Tehama,103,63373,8718,8621,1522,10143,125
2021-11-16,Trinity,105,12862,883,762,224,986,17
2021-11-16,Tulare,107,460477,70161,68881,15727,84608,1039
2021-11-16,Tuolumne,109,53932,7526,7478,109,7587,90
2021-11-16,Ventura,111,848112,99505,98731,4367,103098,1183
2021-11-16,Yolo,113,214977,20267,20077,1198,21275,257
2021-11-16,Yuba,115,75493,10356,10262,362,10624,85
2021-11-15,Alameda,001,1643700,121421,120731,2877,123608,1464
2021-11-15,Alpine,003,1148,103,105,0,105,0
2021-11-15,Amador,005,37829,5661,5637,68,5705,66
2021-11-15,Butte,007,227075,21450,21182,3856,25038,296
2021-11-15,Calaveras,009,45235,4277,4237,58,4295,83
2021-11-15,Colusa,011,21464,2569,2535,656,3191,19
2021-11-15,Contra Costa,013,1133247,100901,100251,2272,102523,1038
2021-11-15,Del Norte,015,27424,3717,3630,55,3685,42
2021-11-15,El Dorado,017,186661,16456,16236,1750,17986,159
2021-11-15,Fresno,019,978130,143947,142015,13108,155123,2210
2021-11-15,Glenn,021,27897,3552,3526,1027,4553,34
2021-11-15,Humboldt,023,135768,9358,9230,618,9848,115
2021-11-15,Imperial,025,180216,34549,34130,3402,37532,766
2021-11-15,Inyo,027,18085,2491,2442,43,2485,42
2021-11-15,Kern,029,883053,130731,128928,23298,152226,1730
2021-11-15,Kings,031,150075,33025,32584,2007,34591,348
2021-11-15,Lake,033,64148,6865,6784,155,6939,109
2021-11-15,Lassen,035,31185,6996,6915,400,7315,47
2021-11-15,Los Angeles,037,10098052,1456036,1446114,55459,1501573,26677
2021-11-15,Madera,039,155013,23930,23605,2231,25836,287
2021-11-15,Marin,041,260295,17842,17723,478,18201,248
2021-11-15,Mariposa,043,17540,1393,1347,56,1403,6
2021-11-15,Mendocino,045,87422,7855,7694,629,8323,89
2021-11-15,Merced,047,269075,42750,42552,2037,44589,648
2021-11-15,Modoc,049,8938,563,538,200,738,5
2021-11-15,Mono,051,14174,1784,1763,22,1785,4
2021-11-15,Monterey,053,433212,49328,48154,3095,51249,609
2021-11-15,Napa,055,140530,13220,13143,117,13260,103
2021-11-15,Nevada,057,99092,9551,9420,336,9756,92
2021-11-15,Orange,059,3164182,311355,308859,15717,324576,5646
2021-11-15,Placer,061,380077,38053,37610,3775,41385,452
2021-11-15,Plumas,063,18699,1891,1829,43,1872,7
2021-11-15,Riverside,065,2383286,369748,364750,16649,381399,5199
2021-11-15,Sacramento,067,1510023,162096,160937,4795,165732,2293
2021-11-15,San Benito,069,59416,7531,7511,175,7686,77
2021-11-15,San Bernardino,071,2135413,360629,357306,11431,368737,5898
2021-11-15,San Diego,073,3302833,381345,378845,22319,401164,4284
2021-11-15,San Francisco,075,870044,53993,53374,2399,55773,667
2021-11-15,San Joaquin,077,732212,101407,100587,5541,106128,1799
2021-11-15,San Luis Obispo,079,281455,30205,29669,1288,30957,351
2021-11-15,San Mateo,081,765935,55014,54010,928,54938,576
2021-11-15,Santa Barbara,083,443738,45259,44879,1588,46467,539
2021-11-15,Santa Clara,085,1922200,149710,148313,1444,149757,1914
2021-11-15,Santa Cruz,087,273765,20890,20630,1025,21655,223
2021-11-15,Shasta,089,179085,22136,21779,3678,25457,374
2021-11-15,Sierra,091,2930,194,189,21,210,0
2021-11-15,Siskiyou,093,43540,3400,3302,1328,4630,54
2021-11-15,Solano,095,438530,46567,45885,1317,47202,351
2021-11-15,Sonoma,097,501317,42313,42021,544,42565,401
2021-11-15,Stanislaus,099,539301,80012,80129,9077,89206,1174
2021-11-15,Sutter,101,95872,14062,14043,373,14416,181
2021-11-15,Tehama,103,63373,8712,8615,1521,10136,125
2021-11-15,Trinity,105,12862,881,757,222,979,17
2021-11-15,Tulare,107,460477,70074,68826,15681,84507,1039
2021-11-15,Tuolumne,109,53932,7515,7461,109,7570,90
2021-11-15,Ventura,111,848112,99421,98605,4362,102967,1183
2021-11-15,Yolo,113,214977,20237,20065,1193,21258,255
2021-11-15,Yuba,115,75493,10337,10254,358,10612,85
2021-11-14,Alameda,001,1643700,121246,120629,2873,123502,1461
2021-11-14,Alpine,003,1148,102,105,0,105,0
2021-11-14,Amador,005,37829,5654,5632,67,5699,66
2021-11-14,Butte,007,227075,21419,21146,3847,24993,296
2021-11-14,Calaveras,009,45235,4266,4222,58,4280,83
2021-11-14,Colusa,011,21464,2567,2532,653,3185,19
2021-11-14,Contra Costa,013,1133247,100793,100188,2270,102458,1038
2021-11-14,Del Norte,015,27424,3714,3629,55,3684,42
2021-11-14,El Dorado,017,186661,16415,16212,1745,17957,159
2021-11-14,Fresno,019,978130,143664,141869,13075,154944,2209
2021-11-14,Glenn,021,27897,3550,3521,1027,4548,34
2021-11-14,Humboldt,023,135768,9328,9215,608,9823,115
2021-11-14,Imperial,025,180216,34446,34078,3387,37465,766
2021-11-14,Inyo,027,18085,2479,2441,43,2484,42
2021-11-14,Kern,029,883053,130491,128842,23228,152070,1730
2021-11-14,Kings,031,150075,32968,32545,2000,34545,349
2021-11-14,Lake,033,64148,6857,6777,155,6932,109
2021-11-14,Lassen,035,31185,6986,6911,399,7310,47
2021-11-14,Los Angeles,037,10098052,1454673,1445284,55383,1500667,26667
2021-11-14,Madera,039,155013,23880,23566,2222,25788,287
2021-11-14,Marin,041,260295,17827,17712,478,18190,247
2021-11-14,Mariposa,043,17540,1383,1337,52,1389,6
2021-11-14,Mendocino,045,87422,7822,7684,624,8308,89
2021-11-14,Merced,047,269075,42660,42513,2031,44544,648
2021-11-14,Modoc,049,8938,561,538,200,738,5
2021-11-14,Mono,051,14174,1772,1760,22,1782,4
2021-11-14,Monterey,053,433212,49273,48135,3077,51212,609
2021-11-14,Napa,055,140530,13202,13132,117,13249,103
2021-11-14,Nevada,057,99092,9523,9408,336,9744,92
2021-11-14,Orange,059,3164182,311036,308699,15696,324395,5646
2021-11-14,Placer,061,380077,37972,37569,3765,41334,452
2021-11-14,Plumas,063,18699,1888,1829,42,1871,7
2021-11-14,Riverside,065,2383286,369250,364490,16632,381122,5199
2021-11-14,Sacramento,067,1510023,161859,160761,4778,165539,2295
2021-11-14,San Benito,069,59416,7520,7507,174,7681,77
2021-11-14,San Bernardino,071,2135413,360049,357014,11414,368428,5897
2021-11-14,San Diego,073,3302833,380739,377633,22288,399921,4280
2021-11-14,San Francisco,075,870044,53918,53338,2394,55732,667
2021-11-14,San Joaquin,077,732212,101279,100518,5536,106054,1799
2021-11-14,San Luis Obispo,079,281455,30123,29645,1284,30929,352
2021-11-14,San Mateo,081,765935,54961,53978,926,54904,576
2021-11-14,Santa Barbara,083,443738,45180,44842,1585,46427,539
2021-11-14,Santa Clara,085,1922200,149511,148152,1436,149588,1913
2021-11-14,Santa Cruz,087,273765,20836,20609,1023,21632,223
2021-11-14,Shasta,089,179085,22084,21771,3665,25436,373
2021-11-14,Sierra,091,2930,194,189,21,210,0
2021-11-14,Siskiyou,093,43540,3391,3302,1327,4629,54
2021-11-14,Solano,095,438530,46511,45860,1310,47170,351
2021-11-14,Sonoma,097,501317,42247,41974,542,42516,401
2021-11-14,Stanislaus,099,539301,79877,80076,9059,89135,1174
2021-11-14,Sutter,101,95872,14045,14031,368,14399,181
2021-11-14,Tehama,103,63373,8702,8607,1519,10126,125
2021-11-14,Trinity,105,12862,878,754,220,974,17
2021-11-14,Tulare,107,460477,69956,68772,15623,84395,1037
2021-11-14,Tuolumne,109,53932,7497,7439,108,7547,90
2021-11-14,Ventura,111,848112,99306,98550,4361,102911,1183
2021-11-14,Yolo,113,214977,20210,20040,1187,21227,255
2021-11-14,Yuba,115,75493,10330,10238,357,10595,85
2021-11-13,Alameda,001,1643700,121174,120407,2871,123278,1454
2021-11-13,Alpine,003,1148,102,105,0,105,0
2021-11-13,Amador,005,37829,5653,5614,67,5681,66
2021-11-13,Butte,007,227075,21399,21104,3844,24948,296
2021-11-13,Calaveras,009,45235,4255,4203,58,4261,83
2021-11-13,Colusa,011,21464,2565,2522,653,3175,19
2021-11-13,Contra Costa,013,1133247,100721,100004,2264,102268,1028
2021-11-13,Del Norte,015,27424,3714,3629,55,3684,42
2021-11-13,El Dorado,017,186661,16403,16163,1742,17905,159
2021-11-13,Fresno,019,978130,143557,141452,13061,154513,2205
2021-11-13,Glenn,021,27897,3550,3514,1026,4540,34
2021-11-13,Humboldt,023,135768,9312,9177,603,9780,115
2021-11-13,Imperial,025,180216,34395,33990,3370,37360,766
2021-11-13,Inyo,027,18085,2473,2436,43,2479,42
2021-11-13,Kern,029,883053,130390,128472,23184,151656,1719
2021-11-13,Kings,031,150075,32951,32452,1999,34451,347
2021-11-13,Lake,033,64148,6852,6769,155,6924,109
2021-11-13,Lassen,035,31185,6981,6897,399,7296,47
2021-11-13,Los Angeles,037,10098052,1454010,1443088,55342,1498430,26649
2021-11-13,Madera,039,155013,23850,23462,2217,25679,287
2021-11-13,Marin,041,260295,17814,17684,476,18160,247
2021-11-13,Mariposa,043,17540,1380,1323,52,1375,6
2021-11-13,Mendocino,045,87422,7803,7652,623,8275,89
2021-11-13,Merced,047,269075,42622,42411,2028,44439,644
2021-11-13,Modoc,049,8938,560,536,200,736,5
2021-11-13,Mono,051,14174,1768,1750,22,1772,4
2021-11-13,Monterey,053,433212,49247,48087,3075,51162,609
2021-11-13,Napa,055,140530,13194,13110,117,13227,103
2021-11-13,Nevada,057,99092,9503,9369,334,9703,92
2021-11-13,Orange,059,3164182,310870,308211,15668,323879,5641
2021-11-13,Placer,061,380077,37922,37453,3762,41215,445
2021-11-13,Plumas,063,18699,1885,1828,42,1870,8
2021-11-13,Riverside,065,2383286,368944,363801,16625,380426,5187
2021-11-13,Sacramento,067,1510023,161722,160397,4765,165162,2291
2021-11-13,San Benito,069,59416,7507,7491,173,7664,77
2021-11-13,San Bernardino,071,2135413,359798,356325,11407,367732,5873
2021-11-13,San Diego,073,3302833,380402,377633,22260,399893,4280
2021-11-13,San Francisco,075,870044,53886,53195,2393,55588,667
2021-11-13,San Joaquin,077,732212,101222,100263,5527,105790,1799
2021-11-13,San Luis Obispo,079,281455,30093,29589,1282,30871,351
2021-11-13,San Mateo,081,765935,54923,53853,925,54778,574
2021-11-13,Santa Barbara,083,443738,45147,44734,1585,46319,537
2021-11-13,Santa Clara,085,1922200,149393,147821,1431,149252,1905
2021-11-13,Santa Cruz,087,273765,20821,20565,1022,21587,223
2021-11-13,Shasta,089,179085,22053,21713,3661,25374,366
2021-11-13,Sierra,091,2930,193,188,21,209,0
2021-11-13,Siskiyou,093,43540,3382,3299,1326,4625,54
2021-11-13,Solano,095,438530,46482,45774,1306,47080,350
2021-11-13,Sonoma,097,501317,42213,41882,541,42423,399
2021-11-13,Stanislaus,099,539301,79802,79872,9045,88917,1174
2021-11-13,Sutter,101,95872,14035,14017,367,14384,181
2021-11-13,Tehama,103,63373,8696,8592,1515,10107,125
2021-11-13,Trinity,105,12862,877,749,220,969,17
2021-11-13,Tulare,107,460477,69890,68619,15600,84219,1033
2021-11-13,Tuolumne,109,53932,7480,7392,108,7500,90
2021-11-13,Ventura,111,848112,99248,98452,4358,102810,1183
2021-11-13,Yolo,113,214977,20196,20009,1182,21191,255
2021-11-13,Yuba,115,75493,10320,10218,355,10573,85
2021-11-12,Alameda,001,1643700,121091,120407,2868,123275,1454
2021-11-12,Alpine,003,1148,102,105,0,105,0
2021-11-12,Amador,005,37829,5647,5614,66,5680,66
2021-11-12,Butte,007,227075,21382,21104,3840,24944,296
2021-11-12,Calaveras,009,45235,4244,4203,58,4261,83
2021-11-12,Colusa,011,21464,2561,2522,652,3174,19
2021-11-12,Contra Costa,013,1133247,100666,100004,2263,102267,1028
2021-11-12,Del Norte,015,27424,3714,3629,55,3684,42
2021-11-12,El Dorado,017,186661,16384,16163,1741,17904,159
2021-11-12,Fresno,019,978130,143414,141452,13047,154499,2205
2021-11-12,Glenn,021,27897,3547,3514,1025,4539,34
2021-11-12,Humboldt,023,135768,9305,9177,601,9778,115
2021-11-12,Imperial,025,180216,34369,33990,3360,37350,766
2021-11-12,Inyo,027,18085,2469,2436,43,2479,42
2021-11-12,Kern,029,883053,130253,128472,23152,151624,1719
2021-11-12,Kings,031,150075,32925,32452,1997,34449,347
2021-11-12,Lake,033,64148,6848,6769,155,6924,109
2021-11-12,Lassen,035,31185,6977,6897,398,7295,47
2021-11-12,Los Angeles,037,10098052,1453280,1443088,55297,1498385,26649
2021-11-12,Madera,039,155013,23821,23462,2212,25674,287
2021-11-12,Marin,041,260295,17798,17684,475,18159,247
2021-11-12,Mariposa,043,17540,1373,1323,52,1375,6
2021-11-12,Mendocino,045,87422,7791,7652,620,8272,89
2021-11-12,Merced,047,269075,42593,42411,2026,44437,644
2021-11-12,Modoc,049,8938,559,536,200,736,5
2021-11-12,Mono,051,14174,1766,1750,22,1772,4
2021-11-12,Monterey,053,433212,49215,48087,3069,51156,609
2021-11-12,Napa,055,140530,13185,13110,117,13227,103
2021-11-12,Nevada,057,99092,9489,9369,333,9702,92
2021-11-12,Orange,059,3164182,310682,308211,15650,323861,5641
2021-11-12,Placer,061,380077,37882,37453,3759,41212,445
2021-11-12,Plumas,063,18699,1879,1828,42,1870,8
2021-11-12,Riverside,065,2383286,368677,363801,16621,380422,5187
2021-11-12,Sacramento,067,1510023,161563,160397,4760,165157,2291
2021-11-12,San Benito,069,59416,7507,7491,173,7664,77
2021-11-12,San Bernardino,071,2135413,359490,356325,11396,367721,5873
2021-11-12,San Diego,073,3302833,380027,377633,22238,399871,4280
2021-11-12,San Francisco,075,870044,53851,53195,2389,55584,667
2021-11-12,San Joaquin,077,732212,101177,100263,5521,105784,1799
2021-11-12,San Luis Obispo,079,281455,30064,29589,1281,30870,351
2021-11-12,San Mateo,081,765935,54873,53853,922,54775,574
2021-11-12,Santa Barbara,083,443738,45092,44734,1584,46318,537
2021-11-12,Santa Clara,085,1922200,149251,147821,1426,149247,1905
2021-11-12,Santa Cruz,087,273765,20794,20565,1020,21585,223
2021-11-12,Shasta,089,179085,22021,21713,3658,25371,366
2021-11-12,Sierra,091,2930,192,188,21,209,0
2021-11-12,Siskiyou,093,43540,3381,3299,1324,4623,54
2021-11-12,Solano,095,438530,46455,45774,1302,47076,350
2021-11-12,Sonoma,097,501317,42173,41882,541,42423,399
2021-11-12,Stanislaus,099,539301,79750,79872,9037,88909,1174
2021-11-12,Sutter,101,95872,14028,14017,367,14384,181
2021-11-12,Tehama,103,63373,8692,8592,1514,10106,125
2021-11-12,Trinity,105,12862,870,749,220,969,17
2021-11-12,Tulare,107,460477,69848,68619,15565,84184,1033
2021-11-12,Tuolumne,109,53932,7467,7392,107,7499,90
2021-11-12,Ventura,111,848112,99183,98452,4357,102809,1183
2021-11-12,Yolo,113,214977,20182,20009,1176,21185,255
2021-11-12,Yuba,115,75493,10311,10218,354,10572,85
2021-11-11,Alameda,001,1643700,120975,120147,2860,123007,1453
2021-11-11,Alpine,003,1148,102,105,0,105,0
2021-11-11,Amador,005,37829,5644,5603,65,5668,66
2021-11-11,Butte,007,227075,21339,21047,3835,24882,293
2021-11-11,Calaveras,009,45235,4226,4179,58,4237,83
2021-11-11,Colusa,011,21464,2553,2518,650,3168,19
2021-11-11,Contra Costa,013,1133247,100561,99808,2258,102066,1028
2021-11-11,Del Norte,015,27424,3712,3622,55,3677,42
2021-11-11,El Dorado,017,186661,16350,16085,1738,17823,159
2021-11-11,Fresno,019,978130,143209,140833,13013,153846,2202
2021-11-11,Glenn,021,27897,3545,3503,1025,4528,34
2021-11-11,Humboldt,023,135768,9282,9125,598,9723,115
2021-11-11,Imperial,025,180216,34300,33844,3338,37182,766
2021-11-11,Inyo,027,18085,2464,2428,43,2471,42
2021-11-11,Kern,029,883053,130069,128023,23088,151111,1709
2021-11-11,Kings,031,150075,32874,32318,1995,34313,345
2021-11-11,Lake,033,64148,6841,6745,155,6900,107
2021-11-11,Lassen,035,31185,6971,6875,398,7273,47
2021-11-11,Los Angeles,037,10098052,1452182,1440436,55238,1495674,26614
2021-11-11,Madera,039,155013,23774,23316,2204,25520,287
2021-11-11,Marin,041,260295,17788,17639,475,18114,247
2021-11-11,Mariposa,043,17540,1363,1317,52,1369,6
2021-11-11,Mendocino,045,87422,7776,7612,611,8223,89
2021-11-11,Merced,047,269075,42537,42292,2023,44315,643
2021-11-11,Modoc,049,8938,557,536,200,736,5
2021-11-11,Mono,051,14174,1762,1743,22,1765,4
2021-11-11,Monterey,053,433212,49180,48008,3057,51065,609
2021-11-11,Napa,055,140530,13177,13075,117,13192,103
2021-11-11,Nevada,057,99092,9467,9308,333,9641,92
2021-11-11,Orange,059,3164182,310408,307674,15612,323286,5633
2021-11-11,Placer,061,380077,37831,37333,3751,41084,440
2021-11-11,Plumas,063,18699,1875,1814,42,1856,7
2021-11-11,Riverside,065,2383286,368244,362930,16603,379533,5175
2021-11-11,Sacramento,067,1510023,161350,159962,4741,164703,2289
2021-11-11,San Benito,069,59416,7499,7473,173,7646,76
2021-11-11,San Bernardino,071,2135413,359062,355413,11383,366796,5849
2021-11-11,San Diego,073,3302833,379512,376428,22215,398643,4272
2021-11-11,San Francisco,075,870044,53792,53063,2387,55450,666
2021-11-11,San Joaquin,077,732212,101082,99937,5506,105443,1799
2021-11-11,San Luis Obispo,079,281455,30013,29532,1279,30811,351
2021-11-11,San Mateo,081,765935,54824,53722,917,54639,574
2021-11-11,Santa Barbara,083,443738,45034,44603,1581,46184,534
2021-11-11,Santa Clara,085,1922200,149069,147458,1420,148878,1901
2021-11-11,Santa Cruz,087,273765,20749,20479,1020,21499,222
2021-11-11,Shasta,089,179085,21974,21600,3656,25256,364
2021-11-11,Sierra,091,2930,191,186,21,207,0
2021-11-11,Siskiyou,093,43540,3375,3297,1323,4620,53
2021-11-11,Solano,095,438530,46418,45679,1301,46980,350
2021-11-11,Sonoma,097,501317,42136,41774,541,42315,395
2021-11-11,Stanislaus,099,539301,79667,79570,9021,88591,1166
2021-11-11,Sutter,101,95872,14014,13993,366,14359,181
2021-11-11,Tehama,103,63373,8680,8565,1512,10077,125
2021-11-11,Trinity,105,12862,869,748,220,968,17
2021-11-11,Tulare,107,460477,69755,68367,15529,83896,1028
2021-11-11,Tuolumne,109,53932,7454,7354,107,7461,90
2021-11-11,Ventura,111,848112,99105,98297,4350,102647,1182
2021-11-11,Yolo,113,214977,20155,19946,1174,21120,255
2021-11-11,Yuba,115,75493,10295,10191,354,10545,85
2021-11-10,Alameda,001,1643700,120866,120147,2850,122997,1453
2021-11-10,Alpine,003,1148,102,105,0,105,0
2021-11-10,Amador,005,37829,5638,5603,65,5668,66
2021-11-10,Butte,007,227075,21313,21047,3831,24878,293
2021-11-10,Calaveras,009,45235,4215,4179,58,4237,83
2021-11-10,Colusa,011,21464,2547,2518,650,3168,19
2021-11-10,Contra Costa,013,1133247,100478,99808,2254,102062,1028
2021-11-10,Del Norte,015,27424,3711,3622,55,3677,42
2021-11-10,El Dorado,017,186661,16334,16085,1737,17822,159
2021-11-10,Fresno,019,978130,143030,140833,12999,153832,2202
2021-11-10,Glenn,021,27897,3545,3503,1024,4527,34
2021-11-10,Humboldt,023,135768,9264,9125,598,9723,115
2021-11-10,Imperial,025,180216,34251,33844,3319,37163,766
2021-11-10,Inyo,027,18085,2457,2428,43,2471,42
2021-11-10,Kern,029,883053,129920,128023,23032,151055,1709
2021-11-10,Kings,031,150075,32841,32318,1993,34311,345
2021-11-10,Lake,033,64148,6831,6745,155,6900,107
2021-11-10,Lassen,035,31185,6966,6875,398,7273,47
2021-11-10,Los Angeles,037,10098052,1451227,1440436,55179,1495615,26614
2021-11-10,Madera,039,155013,23725,23316,2198,25514,287
2021-11-10,Marin,041,260295,17775,17639,473,18112,247
2021-11-10,Mariposa,043,17540,1357,1317,52,1369,6
2021-11-10,Mendocino,045,87422,7764,7612,610,8222,89
2021-11-10,Merced,047,269075,42502,42292,2021,44313,643
2021-11-10,Modoc,049,8938,556,536,199,735,5
2021-11-10,Mono,051,14174,1760,1743,22,1765,4
2021-11-10,Monterey,053,433212,49146,48008,3045,51053,609
2021-11-10,Napa,055,140530,13163,13075,116,13191,103
2021-11-10,Nevada,057,99092,9460,9308,331,9639,92
2021-11-10,Orange,059,3164182,310145,307674,15580,323254,5633
2021-11-10,Placer,061,380077,37785,37333,3744,41077,440
2021-11-10,Plumas,063,18699,1869,1814,41,1855,7
2021-11-10,Riverside,065,2383286,367863,362930,16597,379527,5175
2021-11-10,Sacramento,067,1510023,161195,159962,4731,164693,2289
2021-11-10,San Benito,069,59416,7491,7473,173,7646,76
2021-11-10,San Bernardino,071,2135413,358725,355413,11376,366789,5849
2021-11-10,San Diego,073,3302833,379096,376428,22193,398621,4272
2021-11-10,San Francisco,075,870044,53731,53063,2384,55447,666
2021-11-10,San Joaquin,077,732212,100976,99937,5500,105437,1799
2021-11-10,San Luis Obispo,079,281455,29982,29532,1278,30810,351
2021-11-10,San Mateo,081,765935,54770,53722,916,54638,574
2021-11-10,Santa Barbara,083,443738,44996,44603,1580,46183,534
2021-11-10,Santa Clara,085,1922200,148922,147458,1414,148872,1901
2021-11-10,Santa Cruz,087,273765,20722,20479,1019,21498,222
2021-11-10,Shasta,089,179085,21938,21600,3654,25254,364
2021-11-10,Sierra,091,2930,190,186,21,207,0
2021-11-10,Siskiyou,093,43540,3373,3297,1323,4620,53
2021-11-10,Solano,095,438530,46388,45679,1299,46978,350
2021-11-10,Sonoma,097,501317,42085,41774,541,42315,395
2021-11-10,Stanislaus,099,539301,79566,79570,9005,88575,1166
2021-11-10,Sutter,101,95872,14006,13993,366,14359,181
2021-11-10,Tehama,103,63373,8668,8565,1506,10071,125
2021-11-10,Trinity,105,12862,865,748,219,967,17
2021-11-10,Tulare,107,460477,69695,68367,15488,83855,1028
2021-11-10,Tuolumne,109,53932,7430,7354,107,7461,90
2021-11-10,Ventura,111,848112,99034,98297,4350,102647,1182
2021-11-10,Yolo,113,214977,20136,19946,1173,21119,255
2021-11-10,Yuba,115,75493,10286,10191,354,10545,85
2021-11-09,Alameda,001,1643700,120728,120051,2840,122891,1450
2021-11-09,Alpine,003,1148,102,105,0,105,0
2021-11-09,Amador,005,37829,5634,5596,65,5661,66
2021-11-09,Butte,007,227075,21292,21022,3828,24850,291
2021-11-09,Calaveras,009,45235,4211,4174,58,4232,84
2021-11-09,Colusa,011,21464,2542,2517,649,3166,19
2021-11-09,Contra Costa,013,1133247,100383,99732,2246,101978,1028
2021-11-09,Del Norte,015,27424,3710,3620,55,3675,42
2021-11-09,El Dorado,017,186661,16296,16073,1732,17805,160
2021-11-09,Fresno,019,978130,142787,140666,12984,153650,2188
2021-11-09,Glenn,021,27897,3540,3499,1024,4523,34
2021-11-09,Humboldt,023,135768,9243,9112,593,9705,115
2021-11-09,Imperial,025,180216,34199,33751,3305,37056,766
2021-11-09,Inyo,027,18085,2453,2404,43,2447,42
2021-11-09,Kern,029,883053,129675,127901,22970,150871,1694
2021-11-09,Kings,031,150075,32774,32279,1989,34268,344
2021-11-09,Lake,033,64148,6822,6743,155,6898,106
2021-11-09,Lassen,035,31185,6954,6846,398,7244,47
2021-11-09,Los Angeles,037,10098052,1449980,1439125,55116,1494241,26581
2021-11-09,Madera,039,155013,23675,23285,2189,25474,287
2021-11-09,Marin,041,260295,17756,17630,471,18101,247
2021-11-09,Mariposa,043,17540,1349,1317,51,1368,5
2021-11-09,Mendocino,045,87422,7741,7598,604,8202,85
2021-11-09,Merced,047,269075,42461,42251,2015,44266,613
2021-11-09,Modoc,049,8938,555,536,197,733,5
2021-11-09,Mono,051,14174,1755,1738,22,1760,4
2021-11-09,Monterey,053,433212,49110,47975,3021,50996,609
2021-11-09,Napa,055,140530,13145,13051,116,13167,103
2021-11-09,Nevada,057,99092,9441,9288,331,9619,92
2021-11-09,Orange,059,3164182,309861,307412,15552,322964,5621
2021-11-09,Placer,061,380077,37731,37291,3727,41018,440
2021-11-09,Plumas,063,18699,1867,1802,41,1843,7
2021-11-09,Riverside,065,2383286,367398,362557,16582,379139,5160
2021-11-09,Sacramento,067,1510023,160954,159856,4722,164578,2286
2021-11-09,San Benito,069,59416,7481,7471,172,7643,76
2021-11-09,San Bernardino,071,2135413,358276,354972,11359,366331,5839
2021-11-09,San Diego,073,3302833,378589,375997,22167,398164,4272
2021-11-09,San Francisco,075,870044,53658,52996,2378,55374,666
2021-11-09,San Joaquin,077,732212,100801,99848,5487,105335,1794
2021-11-09,San Luis Obispo,079,281455,29939,29488,1277,30765,350
2021-11-09,San Mateo,081,765935,54723,53697,906,54603,574
2021-11-09,Santa Barbara,083,443738,44929,44579,1573,46152,533
2021-11-09,Santa Clara,085,1922200,148716,147281,1407,148688,1901
2021-11-09,Santa Cruz,087,273765,20688,20463,1018,21481,222
2021-11-09,Shasta,089,179085,21883,21558,3649,25207,364
2021-11-09,Sierra,091,2930,190,186,21,207,0
2021-11-09,Siskiyou,093,43540,3371,3295,1321,4616,52
2021-11-09,Solano,095,438530,46333,45639,1298,46937,350
2021-11-09,Sonoma,097,501317,42028,41727,539,42266,395
2021-11-09,Stanislaus,099,539301,79460,79505,8988,88493,1165
2021-11-09,Sutter,101,95872,13991,13988,364,14352,180
2021-11-09,Tehama,103,63373,8650,8555,1504,10059,125
2021-11-09,Trinity,105,12862,864,746,219,965,17
2021-11-09,Tulare,107,460477,69589,68298,15448,83746,1024
2021-11-09,Tuolumne,109,53932,7410,7347,107,7454,90
2021-11-09,Ventura,111,848112,98955,98202,4345,102547,1182
2021-11-09,Yolo,113,214977,20112,19931,1169,21100,255
2021-11-09,Yuba,115,75493,10269,10175,348,10523,85
2021-11-08,Alameda,001,1643700,120586,119983,2834,122817,1447
2021-11-08,Alpine,003,1148,102,105,0,105,0
2021-11-08,Amador,005,37829,5628,5590,65,5655,66
2021-11-08,Butte,007,227075,21264,21000,3820,24820,288
2021-11-08,Calaveras,009,45235,4203,4166,58,4224,82
2021-11-08,Colusa,011,21464,2541,2514,648,3162,19
2021-11-08,Contra Costa,013,1133247,100280,99669,2242,101911,1028
2021-11-08,Del Norte,015,27424,3706,3619,55,3674,42
2021-11-08,El Dorado,017,186661,16277,16055,1727,17782,156
2021-11-08,Fresno,019,978130,142486,140466,12962,153428,2179
2021-11-08,Glenn,021,27897,3537,3496,1020,4516,34
2021-11-08,Humboldt,023,135768,9216,9095,583,9678,109
2021-11-08,Imperial,025,180216,34119,33690,3287,36977,766
2021-11-08,Inyo,027,18085,2446,2398,43,2441,41
2021-11-08,Kern,029,883053,129439,127722,22887,150609,1692
2021-11-08,Kings,031,150075,32728,32248,1988,34236,344
2021-11-08,Lake,033,64148,6816,6737,155,6892,106
2021-11-08,Lassen,035,31185,6947,6830,396,7226,46
2021-11-08,Los Angeles,037,10098052,1448639,1438322,55056,1493378,26575
2021-11-08,Madera,039,155013,23626,23253,2178,25431,287
2021-11-08,Marin,041,260295,17739,17617,468,18085,247
2021-11-08,Mariposa,043,17540,1341,1316,50,1366,5
2021-11-08,Mendocino,045,87422,7728,7581,598,8179,85
2021-11-08,Merced,047,269075,42392,42224,2005,44229,607
2021-11-08,Modoc,049,8938,554,529,197,726,5
2021-11-08,Mono,051,14174,1751,1739,22,1761,4
2021-11-08,Monterey,053,433212,49069,47942,3000,50942,602
2021-11-08,Napa,055,140530,13131,13045,116,13161,103
2021-11-08,Nevada,057,99092,9422,9278,329,9607,92
2021-11-08,Orange,059,3164182,309588,307156,15521,322677,5616
2021-11-08,Placer,061,380077,37678,37250,3724,40974,439
2021-11-08,Plumas,063,18699,1866,1788,40,1828,7
2021-11-08,Riverside,065,2383286,366943,362201,16568,378769,5152
2021-11-08,Sacramento,067,1510023,160738,159735,4702,164437,2275
2021-11-08,San Benito,069,59416,7479,7461,172,7633,75
2021-11-08,San Bernardino,071,2135413,357767,354741,11341,366082,5836
2021-11-08,San Diego,073,3302833,378000,375557,22120,397677,4259
2021-11-08,San Francisco,075,870044,53605,52942,2372,55314,666
2021-11-08,San Joaquin,077,732212,100687,99736,5485,105221,1794
2021-11-08,San Luis Obispo,079,281455,29887,29464,1272,30736,350
2021-11-08,San Mateo,081,765935,54650,53658,901,54559,574
2021-11-08,Santa Barbara,083,443738,44875,44548,1572,46120,532
2021-11-08,Santa Clara,085,1922200,148487,147183,1401,148584,1899
2021-11-08,Santa Cruz,087,273765,20659,20435,1018,21453,222
2021-11-08,Shasta,089,179085,21836,21504,3643,25147,354
2021-11-08,Sierra,091,2930,190,183,21,204,0
2021-11-08,Siskiyou,093,43540,3367,3290,1310,4600,50
2021-11-08,Solano,095,438530,46292,45613,1294,46907,350
2021-11-08,Sonoma,097,501317,41960,41669,537,42206,395
2021-11-08,Stanislaus,099,539301,79308,79417,8974,88391,1150
2021-11-08,Sutter,101,95872,13983,13976,360,14336,180
2021-11-08,Tehama,103,63373,8641,8534,1504,10038,123
2021-11-08,Trinity,105,12862,864,743,218,961,13
2021-11-08,Tulare,107,460477,69472,68199,15410,83609,1020
2021-11-08,Tuolumne,109,53932,7391,7328,106,7434,90
2021-11-08,Ventura,111,848112,98862,98144,4343,102487,1182
2021-11-08,Yolo,113,214977,20074,19916,1164,21080,255
2021-11-08,Yuba,115,75493,10258,10172,345,10517,83
2021-11-07,Alameda,001,1643700,120430,119902,2828,122730,1444
2021-11-07,Alpine,003,1148,102,105,0,105,0
2021-11-07,Amador,005,37829,5620,5580,63,5643,66
2021-11-07,Butte,007,227075,21223,20969,3811,24780,288
2021-11-07,Calaveras,009,45235,4176,4158,57,4215,82
2021-11-07,Colusa,011,21464,2535,2511,646,3157,19
2021-11-07,Contra Costa,013,1133247,100168,99596,2233,101829,1028
2021-11-07,Del Norte,015,27424,3704,3617,55,3672,42
2021-11-07,El Dorado,017,186661,16240,16040,1724,17764,156
2021-11-07,Fresno,019,978130,142143,140263,12934,153197,2179
2021-11-07,Glenn,021,27897,3530,3493,1019,4512,34
2021-11-07,Humboldt,023,135768,9191,9074,579,9653,109
2021-11-07,Imperial,025,180216,34046,33674,3267,36941,766
2021-11-07,Inyo,027,18085,2433,2394,43,2437,41
2021-11-07,Kern,029,883053,129166,127583,22795,150378,1692
2021-11-07,Kings,031,150075,32638,32221,1985,34206,343
2021-11-07,Lake,033,64148,6800,6734,154,6888,106
2021-11-07,Lassen,035,31185,6938,6819,392,7211,46
2021-11-07,Los Angeles,037,10098052,1447146,1437314,54979,1492293,26573
2021-11-07,Madera,039,155013,23581,23225,2170,25395,287
2021-11-07,Marin,041,260295,17719,17594,467,18061,247
2021-11-07,Mariposa,043,17540,1339,1306,50,1356,5
2021-11-07,Mendocino,045,87422,7700,7567,594,8161,85
2021-11-07,Merced,047,269075,42313,42186,1974,44160,607
2021-11-07,Modoc,049,8938,551,528,196,724,5
2021-11-07,Mono,051,14174,1745,1739,22,1761,4
2021-11-07,Monterey,053,433212,49017,47924,2995,50919,602
2021-11-07,Napa,055,140530,13110,13041,116,13157,103
2021-11-07,Nevada,057,99092,9374,9254,329,9583,92
2021-11-07,Orange,059,3164182,309264,306954,15483,322437,5616
2021-11-07,Placer,061,380077,37602,37202,3709,40911,439
2021-11-07,Plumas,063,18699,1859,1787,39,1826,7
2021-11-07,Riverside,065,2383286,366408,361960,16548,378508,5152
2021-11-07,Sacramento,067,1510023,160506,159549,4685,164234,2277
2021-11-07,San Benito,069,59416,7466,7460,172,7632,75
2021-11-07,San Bernardino,071,2135413,357261,354488,11318,365806,5832
2021-11-07,San Diego,073,3302833,377412,375165,22087,397252,4250
2021-11-07,San Francisco,075,870044,53521,52868,2366,55234,666
2021-11-07,San Joaquin,077,732212,100502,99696,5479,105175,1794
2021-11-07,San Luis Obispo,079,281455,29836,29454,1268,30722,350
2021-11-07,San Mateo,081,765935,54591,53600,899,54499,574
2021-11-07,Santa Barbara,083,443738,44812,44501,1571,46072,532
2021-11-07,Santa Clara,085,1922200,148284,147054,1388,148442,1898
2021-11-07,Santa Cruz,087,273765,20601,20397,1017,21414,222
2021-11-07,Shasta,089,179085,21788,21479,3637,25116,354
2021-11-07,Sierra,091,2930,188,183,21,204,0
2021-11-07,Siskiyou,093,43540,3361,3289,1308,4597,51
2021-11-07,Solano,095,438530,46237,45582,1287,46869,350
2021-11-07,Sonoma,097,501317,41910,41630,536,42166,395
2021-11-07,Stanislaus,099,539301,79153,79351,8952,88303,1150
2021-11-07,Sutter,101,95872,13970,13964,357,14321,180
2021-11-07,Tehama,103,63373,8617,8528,1502,10030,121
2021-11-07,Trinity,105,12862,863,742,217,959,13
2021-11-07,Tulare,107,460477,69319,68145,15367,83512,1020
2021-11-07,Tuolumne,109,53932,7373,7300,104,7404,90
2021-11-07,Ventura,111,848112,98770,98085,4341,102426,1182
2021-11-07,Yolo,113,214977,20053,19899,1159,21058,255
2021-11-07,Yuba,115,75493,10241,10162,340,10502,83
2021-11-06,Alameda,001,1643700,120367,119499,2825,122324,1436
2021-11-06,Alpine,003,1148,102,105,0,105,0
2021-11-06,Amador,005,37829,5614,5557,63,5620,66
2021-11-06,Butte,007,227075,21203,20796,3807,24603,288
2021-11-06,Calaveras,009,45235,4168,4105,57,4162,82
2021-11-06,Colusa,011,21464,2534,2501,645,3146,19
2021-11-06,Contra Costa,013,1133247,100113,99282,2231,101513,1025
2021-11-06,Del Norte,015,27424,3701,3607,55,3662,42
2021-11-06,El Dorado,017,186661,16223,15958,1724,17682,156
2021-11-06,Fresno,019,978130,142024,139249,12929,152178,2170
2021-11-06,Glenn,021,27897,3527,3479,1019,4498,33
2021-11-06,Humboldt,023,135768,9179,8972,575,9547,109
2021-11-06,Imperial,025,180216,34000,33471,3261,36732,766
2021-11-06,Inyo,027,18085,2427,2353,43,2396,41
2021-11-06,Kern,029,883053,129033,126848,22742,149590,1684
2021-11-06,Kings,031,150075,32605,32018,1980,33998,342
2021-11-06,Lake,033,64148,6798,6695,154,6849,106
2021-11-06,Lassen,035,31185,6933,6796,391,7187,46
2021-11-06,Los Angeles,037,10098052,1446372,1433081,54936,1488017,26533
2021-11-06,Madera,039,155013,23545,22994,2160,25154,287
2021-11-06,Marin,041,260295,17700,17520,464,17984,247
2021-11-06,Mariposa,043,17540,1337,1282,50,1332,5
2021-11-06,Mendocino,045,87422,7678,7486,594,8080,85
2021-11-06,Merced,047,269075,42289,41958,1966,43924,604
2021-11-06,Modoc,049,8938,550,523,196,719,5
2021-11-06,Mono,051,14174,1743,1725,22,1747,4
2021-11-06,Monterey,053,433212,48985,47830,2985,50815,602
2021-11-06,Napa,055,140530,13100,12950,116,13066,103
2021-11-06,Nevada,057,99092,9352,9169,328,9497,91
2021-11-06,Orange,059,3164182,309057,306049,15457,321506,5611
2021-11-06,Placer,061,380077,37561,36967,3706,40673,438
2021-11-06,Plumas,063,18699,1855,1755,38,1793,7
2021-11-06,Riverside,065,2383286,366090,360584,16539,377123,5138
2021-11-06,Sacramento,067,1510023,160413,158766,4680,163446,2263
2021-11-06,San Benito,069,59416,7459,7429,172,7601,75
2021-11-06,San Bernardino,071,2135413,356990,353142,11314,364456,5813
2021-11-06,San Diego,073,3302833,377064,373423,22069,395492,4246
2021-11-06,San Francisco,075,870044,53468,52556,2363,54919,666
2021-11-06,San Joaquin,077,732212,100444,99372,5478,104850,1782
2021-11-06,San Luis Obispo,079,281455,29808,29335,1264,30599,350
2021-11-06,San Mateo,081,765935,54557,53442,898,54340,574
2021-11-06,Santa Barbara,083,443738,44776,44301,1570,45871,532
2021-11-06,Santa Clara,085,1922200,148139,146519,1383,147902,1894
2021-11-06,Santa Cruz,087,273765,20582,20311,1015,21326,222
2021-11-06,Shasta,089,179085,21769,21281,3632,24913,349
2021-11-06,Sierra,091,2930,188,181,21,202,0
2021-11-06,Siskiyou,093,43540,3361,3279,1306,4585,48
2021-11-06,Solano,095,438530,46207,45465,1286,46751,350
2021-11-06,Sonoma,097,501317,41860,41398,535,41933,395
2021-11-06,Stanislaus,099,539301,79085,78902,8944,87846,1193
2021-11-06,Sutter,101,95872,13966,13908,356,14264,180
2021-11-06,Tehama,103,63373,8606,8474,1500,9974,120
2021-11-06,Trinity,105,12862,860,732,217,949,11
2021-11-06,Tulare,107,460477,69269,67767,15338,83105,1010
2021-11-06,Tuolumne,109,53932,7360,7245,104,7349,90
2021-11-06,Ventura,111,848112,98704,97770,4336,102106,1180
2021-11-06,Yolo,113,214977,20036,19827,1155,20982,255
2021-11-06,Yuba,115,75493,10227,10107,340,10447,83
2021-11-05,Alameda,001,1643700,120284,119499,2823,122322,1436
2021-11-05,Alpine,003,1148,102,105,0,105,0
2021-11-05,Amador,005,37829,5609,5557,63,5620,66
2021-11-05,Butte,007,227075,21190,20796,3806,24602,288
2021-11-05,Calaveras,009,45235,4163,4105,57,4162,82
2021-11-05,Colusa,011,21464,2534,2501,644,3145,19
2021-11-05,Contra Costa,013,1133247,100049,99282,2229,101511,1025
2021-11-05,Del Norte,015,27424,3699,3607,55,3662,42
2021-11-05,El Dorado,017,186661,16204,15958,1718,17676,156
2021-11-05,Fresno,019,978130,141846,139249,12919,152168,2170
2021-11-05,Glenn,021,27897,3527,3479,1018,4497,33
2021-11-05,Humboldt,023,135768,9165,8972,575,9547,109
2021-11-05,Imperial,025,180216,33965,33471,3258,36729,766
2021-11-05,Inyo,027,18085,2419,2353,43,2396,41
2021-11-05,Kern,029,883053,128906,126848,22686,149534,1684
2021-11-05,Kings,031,150075,32581,32018,1979,33997,342
2021-11-05,Lake,033,64148,6792,6695,154,6849,106
2021-11-05,Lassen,035,31185,6929,6796,390,7186,46
2021-11-05,Los Angeles,037,10098052,1445553,1433081,54898,1487979,26533
2021-11-05,Madera,039,155013,23507,22994,2159,25153,287
2021-11-05,Marin,041,260295,17678,17520,463,17983,247
2021-11-05,Mariposa,043,17540,1334,1282,49,1331,5
2021-11-05,Mendocino,045,87422,7667,7486,593,8079,85
2021-11-05,Merced,047,269075,42263,41958,1957,43915,604
2021-11-05,Modoc,049,8938,550,523,196,719,5
2021-11-05,Mono,051,14174,1742,1725,22,1747,4
2021-11-05,Monterey,053,433212,48955,47830,2983,50813,602
2021-11-05,Napa,055,140530,13078,12950,116,13066,103
2021-11-05,Nevada,057,99092,9339,9169,328,9497,91
2021-11-05,Orange,059,3164182,308860,306049,15435,321484,5611
2021-11-05,Placer,061,380077,37534,36967,3697,40664,438
2021-11-05,Plumas,063,18699,1847,1755,38,1793,7
2021-11-05,Riverside,065,2383286,365749,360584,16529,377113,5138
2021-11-05,Sacramento,067,1510023,160291,158766,4674,163440,2263
2021-11-05,San Benito,069,59416,7457,7429,171,7600,75
2021-11-05,San Bernardino,071,2135413,356660,353142,11303,364445,5813
2021-11-05,San Diego,073,3302833,376699,373423,22057,395480,4246
2021-11-05,San Francisco,075,870044,53417,52556,2360,54916,666
2021-11-05,San Joaquin,077,732212,100391,99372,5469,104841,1782
2021-11-05,San Luis Obispo,079,281455,29785,29335,1264,30599,350
2021-11-05,San Mateo,081,765935,54515,53442,896,54338,574
2021-11-05,Santa Barbara,083,443738,44731,44301,1569,45870,532
2021-11-05,Santa Clara,085,1922200,148001,146519,1382,147901,1894
2021-11-05,Santa Cruz,087,273765,20558,20311,1014,21325,222
2021-11-05,Shasta,089,179085,21737,21281,3627,24908,349
2021-11-05,Sierra,091,2930,188,181,21,202,0
2021-11-05,Siskiyou,093,43540,3356,3279,1305,4584,48
2021-11-05,Solano,095,438530,46162,45465,1283,46748,350
2021-11-05,Sonoma,097,501317,41820,41398,535,41933,395
2021-11-05,Stanislaus,099,539301,79027,78902,8932,87834,1193
2021-11-05,Sutter,101,95872,13958,13908,355,14263,180
2021-11-05,Tehama,103,63373,8599,8474,1499,9973,120
2021-11-05,Trinity,105,12862,860,732,217,949,11
2021-11-05,Tulare,107,460477,69196,67767,15302,83069,1010
2021-11-05,Tuolumne,109,53932,7343,7245,103,7348,90
2021-11-05,Ventura,111,848112,98664,97770,4333,102103,1180
2021-11-05,Yolo,113,214977,20025,19827,1154,20981,255
2021-11-05,Yuba,115,75493,10214,10107,338,10445,83
2021-11-04,Alameda,001,1643700,120167,119499,2817,122316,1436
2021-11-04,Alpine,003,1148,102,105,0,105,0
2021-11-04,Amador,005,37829,5601,5557,63,5620,66
2021-11-04,Butte,007,227075,21148,20796,3796,24592,288
2021-11-04,Calaveras,009,45235,4149,4105,55,4160,82
2021-11-04,Colusa,011,21464,2528,2501,643,3144,19
2021-11-04,Contra Costa,013,1133247,99957,99282,2224,101506,1025
2021-11-04,Del Norte,015,27424,3696,3607,55,3662,42
2021-11-04,El Dorado,017,186661,16178,15958,1714,17672,156
2021-11-04,Fresno,019,978130,141564,139249,12910,152159,2170
2021-11-04,Glenn,021,27897,3522,3479,1017,4496,33
2021-11-04,Humboldt,023,135768,9140,8972,572,9544,109
2021-11-04,Imperial,025,180216,33907,33471,3249,36720,766
2021-11-04,Inyo,027,18085,2411,2353,43,2396,41
2021-11-04,Kern,029,883053,128674,126848,22618,149466,1684
2021-11-04,Kings,031,150075,32502,32018,1969,33987,342
2021-11-04,Lake,033,64148,6782,6695,152,6847,106
2021-11-04,Lassen,035,31185,6919,6796,385,7181,46
2021-11-04,Los Angeles,037,10098052,1444253,1433081,54816,1487897,26533
2021-11-04,Madera,039,155013,23452,22994,2148,25142,287
2021-11-04,Marin,041,260295,17666,17520,461,17981,247
2021-11-04,Mariposa,043,17540,1327,1282,49,1331,5
2021-11-04,Mendocino,045,87422,7654,7486,587,8073,85
2021-11-04,Merced,047,269075,42208,41958,1953,43911,604
2021-11-04,Modoc,049,8938,549,523,196,719,5
2021-11-04,Mono,051,14174,1737,1725,22,1747,4
2021-11-04,Monterey,053,433212,48910,47830,2967,50797,602
2021-11-04,Napa,055,140530,13057,12950,116,13066,103
2021-11-04,Nevada,057,99092,9308,9169,327,9496,91
2021-11-04,Orange,059,3164182,308612,306049,15416,321465,5611
2021-11-04,Placer,061,380077,37462,36967,3688,40655,438
2021-11-04,Plumas,063,18699,1839,1755,34,1789,7
2021-11-04,Riverside,065,2383286,365353,360584,16520,377104,5138
2021-11-04,Sacramento,067,1510023,160057,158766,4654,163420,2263
2021-11-04,San Benito,069,59416,7451,7429,171,7600,75
2021-11-04,San Bernardino,071,2135413,356225,353142,11295,364437,5813
2021-11-04,San Diego,073,3302833,376218,373423,22036,395459,4246
2021-11-04,San Francisco,075,870044,53336,52556,2356,54912,666
2021-11-04,San Joaquin,077,732212,100283,99372,5457,104829,1782
2021-11-04,San Luis Obispo,079,281455,29761,29335,1258,30593,350
2021-11-04,San Mateo,081,765935,54456,53442,890,54332,574
2021-11-04,Santa Barbara,083,443738,44675,44301,1569,45870,532
2021-11-04,Santa Clara,085,1922200,147847,146519,1378,147897,1894
2021-11-04,Santa Cruz,087,273765,20523,20311,1014,21325,222
2021-11-04,Shasta,089,179085,21679,21281,3621,24902,349
2021-11-04,Sierra,091,2930,186,181,21,202,0
2021-11-04,Siskiyou,093,43540,3353,3279,1298,4577,48
2021-11-04,Solano,095,438530,46120,45465,1282,46747,350
2021-11-04,Sonoma,097,501317,41760,41398,535,41933,395
2021-11-04,Stanislaus,099,539301,78889,78902,8924,87826,1193
2021-11-04,Sutter,101,95872,13947,13908,353,14261,180
2021-11-04,Tehama,103,63373,8590,8474,1495,9969,120
2021-11-04,Trinity,105,12862,859,732,217,949,11
2021-11-04,Tulare,107,460477,69080,67767,15256,83023,1010
2021-11-04,Tuolumne,109,53932,7321,7245,101,7346,90
2021-11-04,Ventura,111,848112,98576,97770,4330,102100,1180
2021-11-04,Yolo,113,214977,20000,19827,1148,20975,255
2021-11-04,Yuba,115,75493,10200,10107,336,10443,83
2021-11-03,Alameda,001,1643700,120026,119356,2813,122169,1428
2021-11-03,Alpine,003,1148,102,105,0,105,0
2021-11-03,Amador,005,37829,5595,5545,62,5607,66
2021-11-03,Butte,007,227075,21103,20769,3787,24556,284
2021-11-03,Calaveras,009,45235,4131,4087,54,4141,82
2021-11-03,Colusa,011,21464,2522,2499,643,3142,20
2021-11-03,Contra Costa,013,1133247,99857,99168,2219,101387,1025
2021-11-03,Del Norte,015,27424,3694,3600,54,3654,42
2021-11-03,El Dorado,017,186661,16152,15915,1710,17625,156
2021-11-03,Fresno,019,978130,141200,138873,12886,151759,2166
2021-11-03,Glenn,021,27897,3518,3470,1017,4487,33
2021-11-03,Humboldt,023,135768,9123,8949,567,9516,109
2021-11-03,Imperial,025,180216,33836,33402,3239,36641,766
2021-11-03,Inyo,027,18085,2390,2344,43,2387,41
2021-11-03,Kern,029,883053,128414,126523,22516,149039,1681
2021-11-03,Kings,031,150075,32447,31923,1962,33885,341
2021-11-03,Lake,033,64148,6766,6685,152,6837,106
2021-11-03,Lassen,035,31185,6903,6782,380,7162,46
2021-11-03,Los Angeles,037,10098052,1442903,1431209,54732,1485941,26517
2021-11-03,Madera,039,155013,23385,22893,2139,25032,287
2021-11-03,Marin,041,260295,17645,17491,457,17948,247
2021-11-03,Mariposa,043,17540,1317,1276,49,1325,5
2021-11-03,Mendocino,045,87422,7638,7457,579,8036,84
2021-11-03,Merced,047,269075,42147,41849,1943,43792,597
2021-11-03,Modoc,049,8938,549,521,194,715,5
2021-11-03,Mono,051,14174,1733,1719,22,1741,4
2021-11-03,Monterey,053,433212,48861,47794,2954,50748,601
2021-11-03,Napa,055,140530,13045,12937,115,13052,103
2021-11-03,Nevada,057,99092,9281,9131,326,9457,91
2021-11-03,Orange,059,3164182,308302,305661,15383,321044,5607
2021-11-03,Placer,061,380077,37392,36868,3683,40551,438
2021-11-03,Plumas,063,18699,1828,1739,33,1772,7
2021-11-03,Riverside,065,2383286,364895,360060,16516,376576,5131
2021-11-03,Sacramento,067,1510023,159833,158311,4643,162954,2259
2021-11-03,San Benito,069,59416,7443,7419,171,7590,75
2021-11-03,San Bernardino,071,2135413,355750,352225,11275,363500,5813
2021-11-03,San Diego,073,3302833,375707,372951,22013,394964,4241
2021-11-03,San Francisco,075,870044,53243,52493,2351,54844,663
2021-11-03,San Joaquin,077,732212,100171,99188,5446,104634,1776
2021-11-03,San Luis Obispo,079,281455,29719,29276,1252,30528,348
2021-11-03,San Mateo,081,765935,54392,53396,884,54280,571
2021-11-03,Santa Barbara,083,443738,44618,44220,1566,45786,531
2021-11-03,Santa Clara,085,1922200,147677,146259,1371,147630,1897
2021-11-03,Santa Cruz,087,273765,20488,20275,1014,21289,222
2021-11-03,Shasta,089,179085,21621,21215,3614,24829,346
2021-11-03,Sierra,091,2930,184,180,21,201,0
2021-11-03,Siskiyou,093,43540,3349,3276,1296,4572,46
2021-11-03,Solano,095,438530,46093,45411,1280,46691,351
2021-11-03,Sonoma,097,501317,41683,41326,533,41859,395
2021-11-03,Stanislaus,099,539301,78758,78736,8908,87644,1193
2021-11-03,Sutter,101,95872,13934,13876,351,14227,179
2021-11-03,Tehama,103,63373,8578,8438,1495,9933,118
2021-11-03,Trinity,105,12862,858,730,217,947,11
2021-11-03,Tulare,107,460477,68952,67588,15213,82801,1007
2021-11-03,Tuolumne,109,53932,7304,7218,99,7317,90
2021-11-03,Ventura,111,848112,98467,97682,4326,102008,1178
2021-11-03,Yolo,113,214977,19982,19758,1140,20898,250
2021-11-03,Yuba,115,75493,10188,10092,336,10428,83
2021-11-02,Alameda,001,1643700,119881,119241,2807,122048,1425
2021-11-02,Alpine,003,1148,101,105,0,105,0
2021-11-02,Amador,005,37829,5590,5535,62,5597,66
2021-11-02,Butte,007,227075,21059,20744,3776,24520,282
2021-11-02,Calaveras,009,45235,4108,4075,54,4129,82
2021-11-02,Colusa,011,21464,2517,2497,642,3139,19
2021-11-02,Contra Costa,013,1133247,99754,99080,2207,101287,1025
2021-11-02,Del Norte,015,27424,3692,3596,54,3650,42
2021-11-02,El Dorado,017,186661,16123,15883,1710,17593,154
2021-11-02,Fresno,019,978130,140879,138644,12855,151499,2158
2021-11-02,Glenn,021,27897,3510,3469,1014,4483,33
2021-11-02,Humboldt,023,135768,9081,8937,566,9503,109
2021-11-02,Imperial,025,180216,33763,33371,3227,36598,766
2021-11-02,Inyo,027,18085,2383,2324,43,2367,41
2021-11-02,Kern,029,883053,128159,126311,22394,148705,1665
2021-11-02,Kings,031,150075,32388,31896,1957,33853,339
2021-11-02,Lake,033,64148,6761,6681,151,6832,106
2021-11-02,Lassen,035,31185,6891,6777,377,7154,45
2021-11-02,Los Angeles,037,10098052,1441449,1429601,54656,1484257,26496
2021-11-02,Madera,039,155013,23304,22837,2128,24965,287
2021-11-02,Marin,041,260295,17617,17482,457,17939,247
2021-11-02,Mariposa,043,17540,1306,1270,48,1318,5
2021-11-02,Mendocino,045,87422,7614,7447,567,8014,84
2021-11-02,Merced,047,269075,42080,41785,1935,43720,596
2021-11-02,Modoc,049,8938,546,520,193,713,5
2021-11-02,Mono,051,14174,1729,1718,22,1740,4
2021-11-02,Monterey,053,433212,48810,47775,2936,50711,599
2021-11-02,Napa,055,140530,13027,12930,115,13045,104
2021-11-02,Nevada,057,99092,9251,9122,325,9447,91
2021-11-02,Orange,059,3164182,307987,305369,15336,320705,5600
2021-11-02,Placer,061,380077,37320,36817,3668,40485,438
2021-11-02,Plumas,063,18699,1817,1721,33,1754,7
2021-11-02,Riverside,065,2383286,364443,359586,16496,376082,5116
2021-11-02,Sacramento,067,1510023,159577,158112,4620,162732,2250
2021-11-02,San Benito,069,59416,7427,7407,171,7578,75
2021-11-02,San Bernardino,071,2135413,355276,351832,11221,363053,5813
2021-11-02,San Diego,073,3302833,375112,372440,21983,394423,4232
2021-11-02,San Francisco,075,870044,53124,52450,2347,54797,663
2021-11-02,San Joaquin,077,732212,100037,99076,5435,104511,1772
2021-11-02,San Luis Obispo,079,281455,29686,29224,1248,30472,348
2021-11-02,San Mateo,081,765935,54320,53351,881,54232,571
2021-11-02,Santa Barbara,083,443738,44562,44177,1563,45740,531
2021-11-02,Santa Clara,085,1922200,147483,146115,1364,147479,1896
2021-11-02,Santa Cruz,087,273765,20455,20266,1013,21279,222
2021-11-02,Shasta,089,179085,21547,21127,3604,24731,344
2021-11-02,Sierra,091,2930,184,180,20,200,0
2021-11-02,Siskiyou,093,43540,3347,3272,1293,4565,46
2021-11-02,Solano,095,438530,46053,45378,1274,46652,350
2021-11-02,Sonoma,097,501317,41602,41288,532,41820,395
2021-11-02,Stanislaus,099,539301,78603,78629,8888,87517,1193
2021-11-02,Sutter,101,95872,13913,13868,351,14219,179
2021-11-02,Tehama,103,63373,8562,8422,1492,9914,116
2021-11-02,Trinity,105,12862,858,729,217,946,11
2021-11-02,Tulare,107,460477,68827,67502,15164,82666,1002
2021-11-02,Tuolumne,109,53932,7283,7204,97,7301,90
2021-11-02,Ventura,111,848112,98362,97574,4322,101896,1178
2021-11-02,Yolo,113,214977,19951,19736,1138,20874,250
2021-11-02,Yuba,115,75493,10165,10080,334,10414,83
2021-11-01,Alameda,001,1643700,119741,119159,2804,121963,1421
2021-11-01,Alpine,003,1148,101,105,0,105,0
2021-11-01,Amador,005,37829,5588,5532,62,5594,64
2021-11-01,Butte,007,227075,21009,20710,3771,24481,281
2021-11-01,Calaveras,009,45235,4098,4059,53,4112,82
2021-11-01,Colusa,011,21464,2515,2494,639,3133,19
2021-11-01,Contra Costa,013,1133247,99629,99011,2199,101210,1025
2021-11-01,Del Norte,015,27424,3690,3594,54,3648,42
2021-11-01,El Dorado,017,186661,16099,15858,1704,17562,154
2021-11-01,Fresno,019,978130,140503,138421,12818,151239,2149
2021-11-01,Glenn,021,27897,3503,3461,1012,4473,33
2021-11-01,Humboldt,023,135768,9053,8929,562,9491,108
2021-11-01,Imperial,025,180216,33712,33342,3218,36560,766
2021-11-01,Inyo,027,18085,2371,2307,43,2350,41
2021-11-01,Kern,029,883053,127859,126092,22279,148371,1660
2021-11-01,Kings,031,150075,32335,31866,1953,33819,337
2021-11-01,Lake,033,64148,6750,6676,150,6826,106
2021-11-01,Lassen,035,31185,6876,6775,374,7149,42
2021-11-01,Los Angeles,037,10098052,1440059,1428891,54564,1483455,26483
2021-11-01,Madera,039,155013,23225,22801,2123,24924,283
2021-11-01,Marin,041,260295,17597,17460,455,17915,247
2021-11-01,Mariposa,043,17540,1298,1266,47,1313,5
2021-11-01,Mendocino,045,87422,7581,7422,549,7971,84
2021-11-01,Merced,047,269075,41990,41740,1933,43673,594
2021-11-01,Modoc,049,8938,541,520,191,711,5
2021-11-01,Mono,051,14174,1725,1714,22,1736,3
2021-11-01,Monterey,053,433212,48767,47756,2924,50680,597
2021-11-01,Napa,055,140530,13000,12916,114,13030,101
2021-11-01,Nevada,057,99092,9228,9108,324,9432,91
2021-11-01,Orange,059,3164182,307645,305192,15293,320485,5596
2021-11-01,Placer,061,380077,37237,36747,3656,40403,435
2021-11-01,Plumas,063,18699,1798,1719,33,1752,7
2021-11-01,Riverside,065,2383286,363941,359263,16474,375737,5115
2021-11-01,Sacramento,067,1510023,159305,157893,4596,162489,2239
2021-11-01,San Benito,069,59416,7417,7406,170,7576,73
2021-11-01,San Bernardino,071,2135413,354786,351620,11200,362820,5815
2021-11-01,San Diego,073,3302833,374527,372043,21965,394008,4232
2021-11-01,San Francisco,075,870044,53039,52418,2340,54758,661
2021-11-01,San Joaquin,077,732212,99874,98969,5428,104397,1772
2021-11-01,San Luis Obispo,079,281455,29642,29199,1243,30442,343
2021-11-01,San Mateo,081,765935,54253,53314,877,54191,571
2021-11-01,Santa Barbara,083,443738,44495,44146,1559,45705,529
2021-11-01,Santa Clara,085,1922200,147286,145978,1359,147337,1907
2021-11-01,Santa Cruz,087,273765,20420,20238,1013,21251,221
2021-11-01,Shasta,089,179085,21494,21104,3597,24701,338
2021-11-01,Sierra,091,2930,184,180,20,200,0
2021-11-01,Siskiyou,093,43540,3340,3272,1288,4560,46
2021-11-01,Solano,095,438530,45999,45358,1274,46632,350
2021-11-01,Sonoma,097,501317,41529,41234,531,41765,395
2021-11-01,Stanislaus,099,539301,78474,78534,8873,87407,1193
2021-11-01,Sutter,101,95872,13889,13852,349,14201,179
2021-11-01,Tehama,103,63373,8534,8412,1489,9901,116
2021-11-01,Trinity,105,12862,856,727,217,944,11
2021-11-01,Tulare,107,460477,68682,67388,15112,82500,1002
2021-11-01,Tuolumne,109,53932,7267,7175,96,7271,90
2021-11-01,Ventura,111,848112,98272,97507,4320,101827,1178
2021-11-01,Yolo,113,214977,19931,19708,1131,20839,250
2021-11-01,Yuba,115,75493,10147,10066,332,10398,83
2021-10-31,Alameda,001,1643700,119596,119071,2801,121872,1419
2021-10-31,Alpine,003,1148,101,105,0,105,0
2021-10-31,Amador,005,37829,5577,5518,62,5580,64
2021-10-31,Butte,007,227075,20948,20689,3762,24451,281
2021-10-31,Calaveras,009,45235,4080,4052,52,4104,82
2021-10-31,Colusa,011,21464,2513,2493,636,3129,18
2021-10-31,Contra Costa,013,1133247,99501,98936,2196,101132,1025
2021-10-31,Del Norte,015,27424,3684,3591,54,3645,42
2021-10-31,El Dorado,017,186661,16053,15841,1701,17542,154
2021-10-31,Fresno,019,978130,140096,138165,12781,150946,2147
2021-10-31,Glenn,021,27897,3498,3459,1012,4471,33
2021-10-31,Humboldt,023,135768,9005,8919,556,9475,108
2021-10-31,Imperial,025,180216,33637,33334,3206,36540,766
2021-10-31,Inyo,027,18085,2352,2309,43,2352,41
2021-10-31,Kern,029,883053,127490,125917,22155,148072,1666
2021-10-31,Kings,031,150075,32249,31814,1941,33755,338
2021-10-31,Lake,033,64148,6739,6665,148,6813,106
2021-10-31,Lassen,035,31185,6861,6768,369,7137,42
2021-10-31,Los Angeles,037,10098052,1438512,1427933,54479,1482412,26474
2021-10-31,Madera,039,155013,23130,22744,2110,24854,283
2021-10-31,Marin,041,260295,17569,17443,454,17897,247
2021-10-31,Mariposa,043,17540,1292,1257,46,1303,5
2021-10-31,Mendocino,045,87422,7540,7403,532,7935,84
2021-10-31,Merced,047,269075,41896,41699,1913,43612,589
2021-10-31,Modoc,049,8938,535,517,188,705,5
2021-10-31,Mono,051,14174,1721,1711,22,1733,3
2021-10-31,Monterey,053,433212,48726,47744,2906,50650,596
2021-10-31,Napa,055,140530,12983,12906,112,13018,101
2021-10-31,Nevada,057,99092,9191,9084,319,9403,91
2021-10-31,Orange,059,3164182,307296,305032,15210,320242,5596
2021-10-31,Placer,061,380077,37140,36698,3642,40340,435
2021-10-31,Plumas,063,18699,1780,1716,33,1749,7
2021-10-31,Riverside,065,2383286,363362,359005,16460,375465,5104
2021-10-31,Sacramento,067,1510023,158953,157667,4581,162248,2243
2021-10-31,San Benito,069,59416,7408,7397,168,7565,73
2021-10-31,San Bernardino,071,2135413,354254,351411,11186,362597,5810
2021-10-31,San Diego,073,3302833,373953,371603,21934,393537,4218
2021-10-31,San Francisco,075,870044,52931,52370,2334,54704,661
2021-10-31,San Joaquin,077,732212,99709,98893,5414,104307,1772
2021-10-31,San Luis Obispo,079,281455,29588,29176,1242,30418,343
2021-10-31,San Mateo,081,765935,54194,53284,875,54159,571
2021-10-31,Santa Barbara,083,443738,44425,44113,1554,45667,529
2021-10-31,Santa Clara,085,1922200,147072,145829,1345,147174,1908
2021-10-31,Santa Cruz,087,273765,20385,20218,1012,21230,221
2021-10-31,Shasta,089,179085,21411,21086,3585,24671,338
2021-10-31,Sierra,091,2930,184,180,20,200,0
2021-10-31,Siskiyou,093,43540,3334,3271,1287,4558,46
2021-10-31,Solano,095,438530,45951,45310,1267,46577,350
2021-10-31,Sonoma,097,501317,41459,41183,528,41711,395
2021-10-31,Stanislaus,099,539301,78284,78426,8856,87282,1193
2021-10-31,Sutter,101,95872,13870,13838,346,14184,179
2021-10-31,Tehama,103,63373,8503,8391,1485,9876,116
2021-10-31,Trinity,105,12862,856,724,217,941,11
2021-10-31,Tulare,107,460477,68488,67310,15021,82331,1002
2021-10-31,Tuolumne,109,53932,7238,7141,95,7236,90
2021-10-31,Ventura,111,848112,98151,97460,4315,101775,1178
2021-10-31,Yolo,113,214977,19887,19662,1125,20787,250
2021-10-31,Yuba,115,75493,10129,10051,322,10373,83
2021-10-30,Alameda,001,1643700,119536,118632,2798,121430,1419
2021-10-30,Alpine,003,1148,101,105,0,105,0
2021-10-30,Amador,005,37829,5568,5480,61,5541,64
2021-10-30,Butte,007,227075,20933,20516,3756,24272,277
2021-10-30,Calaveras,009,45235,4073,3992,52,4044,82
2021-10-30,Colusa,011,21464,2513,2484,635,3119,19
2021-10-30,Contra Costa,013,1133247,99438,98562,2195,100757,1024
2021-10-30,Del Norte,015,27424,3681,3574,54,3628,42
2021-10-30,El Dorado,017,186661,16037,15752,1696,17448,154
2021-10-30,Fresno,019,978130,139951,136901,12769,149670,2131
2021-10-30,Glenn,021,27897,3494,3442,1012,4454,33
2021-10-30,Humboldt,023,135768,8990,8871,554,9425,105
2021-10-30,Imperial,025,180216,33592,33156,3202,36358,766
2021-10-30,Inyo,027,18085,2349,2249,43,2292,41
2021-10-30,Kern,029,883053,127337,124892,22084,146976,1653
2021-10-30,Kings,031,150075,32215,31578,1937,33515,337
2021-10-30,Lake,033,64148,6734,6610,148,6758,106
2021-10-30,Lassen,035,31185,6855,6719,367,7086,42
2021-10-30,Los Angeles,037,10098052,1437788,1424257,54426,1478683,26625
2021-10-30,Madera,039,155013,23086,22524,2105,24629,283
2021-10-30,Marin,041,260295,17554,17380,452,17832,247
2021-10-30,Mariposa,043,17540,1289,1228,46,1274,5
2021-10-30,Mendocino,045,87422,7517,7338,530,7868,84
2021-10-30,Merced,047,269075,41856,41428,1911,43339,586
2021-10-30,Modoc,049,8938,533,513,187,700,5
2021-10-30,Mono,051,14174,1721,1684,22,1706,3
2021-10-30,Monterey,053,433212,48709,47649,2900,50549,588
2021-10-30,Napa,055,140530,12969,12863,111,12974,101
2021-10-30,Nevada,057,99092,9172,9015,319,9334,91
2021-10-30,Orange,059,3164182,307117,304120,15188,319308,5588
2021-10-30,Placer,061,380077,37094,36400,3636,40036,434
2021-10-30,Plumas,063,18699,1775,1695,33,1728,7
2021-10-30,Riverside,065,2383286,363060,357645,16451,374096,5088
2021-10-30,Sacramento,067,1510023,158794,157125,4572,161697,2233
2021-10-30,San Benito,069,59416,7401,7362,168,7530,71
2021-10-30,San Bernardino,071,2135413,353977,350076,11172,361248,5777
2021-10-30,San Diego,073,3302833,373579,370006,21912,391918,4213
2021-10-30,San Francisco,075,870044,52902,52161,2332,54493,661
2021-10-30,San Joaquin,077,732212,99653,98314,5413,103727,1768
2021-10-30,San Luis Obispo,079,281455,29556,29053,1239,30292,341
2021-10-30,San Mateo,081,765935,54155,53083,875,53958,571
2021-10-30,Santa Barbara,083,443738,44390,43972,1553,45525,528
2021-10-30,Santa Clara,085,1922200,146967,145262,1341,146603,1903
2021-10-30,Santa Cruz,087,273765,20367,20134,1010,21144,221
2021-10-30,Shasta,089,179085,21367,20878,3579,24457,332
2021-10-30,Sierra,091,2930,184,175,20,195,0
2021-10-30,Siskiyou,093,43540,3333,3257,1284,4541,46
2021-10-30,Solano,095,438530,45930,45146,1265,46411,346
2021-10-30,Sonoma,097,501317,41420,40924,528,41452,393
2021-10-30,Stanislaus,099,539301,78214,77871,8849,86720,1191
2021-10-30,Sutter,101,95872,13857,13773,346,14119,178
2021-10-30,Tehama,103,63373,8492,8307,1480,9787,114
2021-10-30,Trinity,105,12862,854,708,216,924,11
2021-10-30,Tulare,107,460477,68417,66745,14974,81719,995
2021-10-30,Tuolumne,109,53932,7214,7050,94,7144,90
2021-10-30,Ventura,111,848112,98102,97182,4312,101494,1174
2021-10-30,Yolo,113,214977,19868,19568,1123,20691,250
2021-10-30,Yuba,115,75493,10118,9969,322,10291,82
2021-10-29,Alameda,001,1643700,119456,118632,2793,121425,1419
2021-10-29,Alpine,003,1148,101,105,0,105,0
2021-10-29,Amador,005,37829,5557,5480,61,5541,64
2021-10-29,Butte,007,227075,20909,20516,3746,24262,277
2021-10-29,Calaveras,009,45235,4066,3992,52,4044,82
2021-10-29,Colusa,011,21464,2513,2484,633,3117,19
2021-10-29,Contra Costa,013,1133247,99371,98562,2193,100755,1024
2021-10-29,Del Norte,015,27424,3674,3574,54,3628,42
2021-10-29,El Dorado,017,186661,16023,15752,1696,17448,154
2021-10-29,Fresno,019,978130,139736,136901,12754,149655,2131
2021-10-29,Glenn,021,27897,3493,3442,1011,4453,33
2021-10-29,Humboldt,023,135768,8985,8871,553,9424,105
2021-10-29,Imperial,025,180216,33565,33156,3199,36355,766
2021-10-29,Inyo,027,18085,2346,2249,43,2292,41
2021-10-29,Kern,029,883053,127160,124892,21994,146886,1653
2021-10-29,Kings,031,150075,32181,31578,1935,33513,337
2021-10-29,Lake,033,64148,6725,6610,145,6755,106
2021-10-29,Lassen,035,31185,6846,6719,364,7083,42
2021-10-29,Los Angeles,037,10098052,1436941,1424257,54382,1478639,26625
2021-10-29,Madera,039,155013,23034,22524,2100,24624,283
2021-10-29,Marin,041,260295,17538,17380,451,17831,247
2021-10-29,Mariposa,043,17540,1285,1228,46,1274,5
2021-10-29,Mendocino,045,87422,7509,7338,530,7868,84
2021-10-29,Merced,047,269075,41806,41428,1905,43333,586
2021-10-29,Modoc,049,8938,531,513,186,699,5
2021-10-29,Mono,051,14174,1719,1684,22,1706,3
2021-10-29,Monterey,053,433212,48686,47649,2900,50549,588
2021-10-29,Napa,055,140530,12948,12863,111,12974,101
2021-10-29,Nevada,057,99092,9160,9015,319,9334,91
2021-10-29,Orange,059,3164182,306892,304120,15168,319288,5588
2021-10-29,Placer,061,380077,37058,36400,3625,40025,434
2021-10-29,Plumas,063,18699,1769,1695,33,1728,7
2021-10-29,Riverside,065,2383286,362726,357645,16446,374091,5088
2021-10-29,Sacramento,067,1510023,158605,157125,4563,161688,2233
2021-10-29,San Benito,069,59416,7398,7362,168,7530,71
2021-10-29,San Bernardino,071,2135413,353679,350076,11161,361237,5777
2021-10-29,San Diego,073,3302833,373203,370006,21884,391890,4213
2021-10-29,San Francisco,075,870044,52842,52161,2326,54487,661
2021-10-29,San Joaquin,077,732212,99596,98314,5408,103722,1768
2021-10-29,San Luis Obispo,079,281455,29530,29053,1237,30290,341
2021-10-29,San Mateo,081,765935,54112,53083,873,53956,571
2021-10-29,Santa Barbara,083,443738,44350,43972,1550,45522,528
2021-10-29,Santa Clara,085,1922200,146852,145262,1334,146596,1903
2021-10-29,Santa Cruz,087,273765,20360,20134,1009,21143,221
2021-10-29,Shasta,089,179085,21328,20878,3573,24451,332
2021-10-29,Sierra,091,2930,182,175,20,195,0
2021-10-29,Siskiyou,093,43540,3333,3257,1283,4540,46
2021-10-29,Solano,095,438530,45893,45146,1264,46410,346
2021-10-29,Sonoma,097,501317,41399,40924,528,41452,393
2021-10-29,Stanislaus,099,539301,78129,77871,8838,86709,1191
2021-10-29,Sutter,101,95872,13838,13773,346,14119,178
2021-10-29,Tehama,103,63373,8479,8307,1479,9786,114
2021-10-29,Trinity,105,12862,853,708,216,924,11
2021-10-29,Tulare,107,460477,68312,66745,14929,81674,995
2021-10-29,Tuolumne,109,53932,7201,7050,94,7144,90
2021-10-29,Ventura,111,848112,98047,97182,4308,101490,1174
2021-10-29,Yolo,113,214977,19850,19568,1118,20686,250
2021-10-29,Yuba,115,75493,10110,9969,318,10287,82
2021-10-28,Alameda,001,1643700,119334,118632,2786,121418,1419
2021-10-28,Alpine,003,1148,101,105,0,105,0
2021-10-28,Amador,005,37829,5544,5480,61,5541,64
2021-10-28,Butte,007,227075,20866,20516,3737,24253,277
2021-10-28,Calaveras,009,45235,4053,3992,52,4044,82
2021-10-28,Colusa,011,21464,2510,2484,632,3116,19
2021-10-28,Contra Costa,013,1133247,99241,98562,2188,100750,1024
2021-10-28,Del Norte,015,27424,3673,3574,54,3628,42
2021-10-28,El Dorado,017,186661,15997,15752,1693,17445,154
2021-10-28,Fresno,019,978130,139403,136901,12721,149622,2131
2021-10-28,Glenn,021,27897,3490,3442,1009,4451,33
2021-10-28,Humboldt,023,135768,8969,8871,548,9419,105
2021-10-28,Imperial,025,180216,33500,33156,3192,36348,766
2021-10-28,Inyo,027,18085,2329,2249,43,2292,41
2021-10-28,Kern,029,883053,126913,124892,21880,146772,1653
2021-10-28,Kings,031,150075,32112,31578,1930,33508,337
2021-10-28,Lake,033,64148,6715,6610,145,6755,106
2021-10-28,Lassen,035,31185,6836,6719,360,7079,42
2021-10-28,Los Angeles,037,10098052,1435799,1424257,54309,1478566,26625
2021-10-28,Madera,039,155013,22980,22524,2089,24613,283
2021-10-28,Marin,041,260295,17520,17380,450,17830,247
2021-10-28,Mariposa,043,17540,1281,1228,46,1274,5
2021-10-28,Mendocino,045,87422,7496,7338,519,7857,84
2021-10-28,Merced,047,269075,41721,41428,1893,43321,586
2021-10-28,Modoc,049,8938,530,513,186,699,5
2021-10-28,Mono,051,14174,1713,1684,22,1706,3
2021-10-28,Monterey,053,433212,48655,47649,2883,50532,588
2021-10-28,Napa,055,140530,12939,12863,110,12973,101
2021-10-28,Nevada,057,99092,9142,9015,319,9334,91
2021-10-28,Orange,059,3164182,306605,304120,15103,319223,5588
2021-10-28,Placer,061,380077,36979,36400,3616,40016,434
2021-10-28,Plumas,063,18699,1761,1695,33,1728,7
2021-10-28,Riverside,065,2383286,362288,357645,16422,374067,5088
2021-10-28,Sacramento,067,1510023,158339,157125,4551,161676,2233
2021-10-28,San Benito,069,59416,7390,7362,168,7530,71
2021-10-28,San Bernardino,071,2135413,353264,350076,11139,361215,5777
2021-10-28,San Diego,073,3302833,372730,370006,21861,391867,4213
2021-10-28,San Francisco,075,870044,52796,52161,2319,54480,661
2021-10-28,San Joaquin,077,732212,99468,98314,5407,103721,1768
2021-10-28,San Luis Obispo,079,281455,29501,29053,1234,30287,341
2021-10-28,San Mateo,081,765935,54067,53083,871,53954,571
2021-10-28,Santa Barbara,083,443738,44311,43972,1548,45520,528
2021-10-28,Santa Clara,085,1922200,146694,145262,1329,146591,1903
2021-10-28,Santa Cruz,087,273765,20336,20134,1009,21143,221
2021-10-28,Shasta,089,179085,21253,20878,3566,24444,332
2021-10-28,Sierra,091,2930,181,175,20,195,0
2021-10-28,Siskiyou,093,43540,3332,3257,1283,4540,46
2021-10-28,Solano,095,438530,45854,45146,1263,46409,346
2021-10-28,Sonoma,097,501317,41331,40924,527,41451,393
2021-10-28,Stanislaus,099,539301,77976,77871,8822,86693,1191
2021-10-28,Sutter,101,95872,13825,13773,342,14115,178
2021-10-28,Tehama,103,63373,8442,8307,1476,9783,114
2021-10-28,Trinity,105,12862,850,708,216,924,11
2021-10-28,Tulare,107,460477,68173,66745,14873,81618,995
2021-10-28,Tuolumne,109,53932,7170,7050,94,7144,90
2021-10-28,Ventura,111,848112,97962,97182,4305,101487,1174
2021-10-28,Yolo,113,214977,19812,19568,1113,20681,250
2021-10-28,Yuba,115,75493,10081,9969,315,10284,82
2021-10-27,Alameda,001,1643700,119211,118487,2784,121271,1414
2021-10-27,Alpine,003,1148,101,105,0,105,0
2021-10-27,Amador,005,37829,5532,5470,60,5530,64
2021-10-27,Butte,007,227075,20822,20446,3723,24169,274
2021-10-27,Calaveras,009,45235,4035,3970,51,4021,82
2021-10-27,Colusa,011,21464,2509,2480,631,3111,18
2021-10-27,Contra Costa,013,1133247,99133,98442,2176,100618,1018
2021-10-27,Del Norte,015,27424,3666,3571,53,3624,42
2021-10-27,El Dorado,017,186661,15966,15723,1688,17411,154
2021-10-27,Fresno,019,978130,139021,136447,12687,149134,2128
2021-10-27,Glenn,021,27897,3488,3435,1008,4443,33
2021-10-27,Humboldt,023,135768,8949,8851,546,9397,105
2021-10-27,Imperial,025,180216,33461,33068,3187,36255,766
2021-10-27,Inyo,027,18085,2309,2236,43,2279,41
2021-10-27,Kern,029,883053,126644,124557,21780,146337,1647
2021-10-27,Kings,031,150075,32046,31437,1924,33361,335
2021-10-27,Lake,033,64148,6689,6589,145,6734,105
2021-10-27,Lassen,035,31185,6822,6706,358,7064,42
2021-10-27,Los Angeles,037,10098052,1434566,1422615,54251,1476866,26604
2021-10-27,Madera,039,155013,22894,22413,2065,24478,283
2021-10-27,Marin,041,260295,17505,17362,450,17812,247
2021-10-27,Mariposa,043,17540,1268,1228,46,1274,5
2021-10-27,Mendocino,045,87422,7482,7321,512,7833,84
2021-10-27,Merced,047,269075,41624,41310,1879,43189,583
2021-10-27,Modoc,049,8938,526,513,186,699,5
2021-10-27,Mono,051,14174,1710,1682,22,1704,3
2021-10-27,Monterey,053,433212,48618,47610,2862,50472,588
2021-10-27,Napa,055,140530,12924,12856,109,12965,101
2021-10-27,Nevada,057,99092,9124,8987,318,9305,90
2021-10-27,Orange,059,3164182,306284,303825,15053,318878,5584
2021-10-27,Placer,061,380077,36913,36296,3609,39905,434
2021-10-27,Plumas,063,18699,1753,1686,33,1719,7
2021-10-27,Riverside,065,2383286,361858,357152,16414,373566,5081
2021-10-27,Sacramento,067,1510023,158071,156830,4530,161360,2230
2021-10-27,San Benito,069,59416,7383,7337,168,7505,71
2021-10-27,San Bernardino,071,2135413,352841,349624,11117,360741,5770
2021-10-27,San Diego,073,3302833,372154,369579,21837,391416,4207
2021-10-27,San Francisco,075,870044,52745,52108,2315,54423,655
2021-10-27,San Joaquin,077,732212,99310,98168,5392,103560,1753
2021-10-27,San Luis Obispo,079,281455,29462,29002,1232,30234,341
2021-10-27,San Mateo,081,765935,54012,53032,863,53895,571
2021-10-27,Santa Barbara,083,443738,44258,43901,1545,45446,527
2021-10-27,Santa Clara,085,1922200,146517,145081,1321,146402,1902
2021-10-27,Santa Cruz,087,273765,20309,20091,1007,21098,221
2021-10-27,Shasta,089,179085,21177,20813,3558,24371,331
2021-10-27,Sierra,091,2930,180,176,20,196,0
2021-10-27,Siskiyou,093,43540,3329,3256,1279,4535,46
2021-10-27,Solano,095,438530,45809,45089,1255,46344,346
2021-10-27,Sonoma,097,501317,41255,40829,525,41354,393
2021-10-27,Stanislaus,099,539301,77816,77687,8807,86494,1191
2021-10-27,Sutter,101,95872,13811,13754,342,14096,177
2021-10-27,Tehama,103,63373,8420,8265,1474,9739,113
2021-10-27,Trinity,105,12862,850,706,215,921,11
2021-10-27,Tulare,107,460477,68019,66568,14815,81383,991
2021-10-27,Tuolumne,109,53932,7143,7009,93,7102,90
2021-10-27,Ventura,111,848112,97870,97108,4300,101408,1172
2021-10-27,Yolo,113,214977,19783,19517,1106,20623,250
2021-10-27,Yuba,115,75493,10060,9945,313,10258,82
2021-10-26,Alameda,001,1643700,119074,118360,2782,121142,1407
2021-10-26,Alpine,003,1148,101,105,0,105,0
2021-10-26,Amador,005,37829,5524,5465,59,5524,64
2021-10-26,Butte,007,227075,20762,20387,3706,24093,274
2021-10-26,Calaveras,009,45235,4024,3966,51,4017,81
2021-10-26,Colusa,011,21464,2507,2478,630,3108,18
2021-10-26,Contra Costa,013,1133247,99011,98352,2165,100517,1017
2021-10-26,Del Norte,015,27424,3661,3563,53,3616,42
2021-10-26,El Dorado,017,186661,15938,15690,1679,17369,153
2021-10-26,Fresno,019,978130,138572,136211,12642,148853,2122
2021-10-26,Glenn,021,27897,3473,3431,1005,4436,33
2021-10-26,Humboldt,023,135768,8931,8830,540,9370,105
2021-10-26,Imperial,025,180216,33396,33012,3182,36194,766
2021-10-26,Inyo,027,18085,2294,2200,43,2243,41
2021-10-26,Kern,029,883053,126301,124351,21660,146011,1645
2021-10-26,Kings,031,150075,31979,31382,1917,33299,336
2021-10-26,Lake,033,64148,6679,6584,143,6727,105
2021-10-26,Lassen,035,31185,6802,6689,356,7045,42
2021-10-26,Los Angeles,037,10098052,1433219,1421795,54181,1475976,26599
2021-10-26,Madera,039,155013,22804,22363,2054,24417,283
2021-10-26,Marin,041,260295,17488,17354,449,17803,244
2021-10-26,Mariposa,043,17540,1263,1225,45,1270,5
2021-10-26,Mendocino,045,87422,7453,7308,495,7803,83
2021-10-26,Merced,047,269075,41546,41267,1871,43138,583
2021-10-26,Modoc,049,8938,526,513,186,699,5
2021-10-26,Mono,051,14174,1705,1680,22,1702,3
2021-10-26,Monterey,053,433212,48579,47572,2852,50424,588
2021-10-26,Napa,055,140530,12912,12849,109,12958,101
2021-10-26,Nevada,057,99092,9093,8971,317,9288,90
2021-10-26,Orange,059,3164182,306014,303533,15014,318547,5580
2021-10-26,Placer,061,380077,36815,36245,3603,39848,434
2021-10-26,Plumas,063,18699,1744,1645,33,1678,7
2021-10-26,Riverside,065,2383286,361368,356775,16404,373179,5068
2021-10-26,Sacramento,067,1510023,157770,156643,4513,161156,2228
2021-10-26,San Benito,069,59416,7360,7325,168,7493,71
2021-10-26,San Bernardino,071,2135413,352418,349346,11102,360448,5764
2021-10-26,San Diego,073,3302833,371635,369043,21807,390850,4198
2021-10-26,San Francisco,075,870044,52670,52063,2312,54375,655
2021-10-26,San Joaquin,077,732212,99131,98036,5377,103413,1748
2021-10-26,San Luis Obispo,079,281455,29423,28928,1226,30154,337
2021-10-26,San Mateo,081,765935,53940,52974,860,53834,571
2021-10-26,Santa Barbara,083,443738,44212,43835,1544,45379,525
2021-10-26,Santa Clara,085,1922200,146318,144932,1315,146247,1903
2021-10-26,Santa Cruz,087,273765,20278,20067,1006,21073,221
2021-10-26,Shasta,089,179085,21117,20725,3540,24265,330
2021-10-26,Sierra,091,2930,180,169,20,189,0
2021-10-26,Siskiyou,093,43540,3323,3254,1277,4531,46
2021-10-26,Solano,095,438530,45753,45044,1254,46298,344
2021-10-26,Sonoma,097,501317,41173,40794,523,41317,393
2021-10-26,Stanislaus,099,539301,77642,77552,8782,86334,1157
2021-10-26,Sutter,101,95872,13782,13739,341,14080,176
2021-10-26,Tehama,103,63373,8392,8247,1468,9715,112
2021-10-26,Trinity,105,12862,846,705,215,920,11
2021-10-26,Tulare,107,460477,67859,66476,14754,81230,991
2021-10-26,Tuolumne,109,53932,7117,6995,91,7086,90
2021-10-26,Ventura,111,848112,97761,97014,4296,101310,1170
2021-10-26,Yolo,113,214977,19755,19490,1103,20593,248
2021-10-26,Yuba,115,75493,10042,9927,308,10235,82
2021-10-25,Alameda,001,1643700,118929,118319,2780,121099,1404
2021-10-25,Alpine,003,1148,101,105,0,105,0
2021-10-25,Amador,005,37829,5510,5455,59,5514,64
2021-10-25,Butte,007,227075,20688,20331,3698,24029,273
2021-10-25,Calaveras,009,45235,3994,3942,50,3992,82
2021-10-25,Colusa,011,21464,2505,2471,628,3099,18
2021-10-25,Contra Costa,013,1133247,98894,98267,2161,100428,1017
2021-10-25,Del Norte,015,27424,3654,3562,53,3615,42
2021-10-25,El Dorado,017,186661,15903,15663,1677,17340,149
2021-10-25,Fresno,019,978130,138137,135974,12603,148577,2112
2021-10-25,Glenn,021,27897,3470,3421,1004,4425,33
2021-10-25,Humboldt,023,135768,8908,8825,535,9360,105
2021-10-25,Imperial,025,180216,33335,32968,3171,36139,766
2021-10-25,Inyo,027,18085,2276,2183,43,2226,41
2021-10-25,Kern,029,883053,125949,124078,21521,145599,1649
2021-10-25,Kings,031,150075,31890,31329,1908,33237,335
2021-10-25,Lake,033,64148,6666,6571,143,6714,105
2021-10-25,Lassen,035,31185,6791,6688,354,7042,42
2021-10-25,Los Angeles,037,10098052,1431848,1421061,54114,1475175,26579
2021-10-25,Madera,039,155013,22750,22325,2047,24372,281
2021-10-25,Marin,041,260295,17466,17334,447,17781,244
2021-10-25,Mariposa,043,17540,1249,1220,45,1265,5
2021-10-25,Mendocino,045,87422,7423,7296,491,7787,82
2021-10-25,Merced,047,269075,41478,41207,1844,43051,583
2021-10-25,Modoc,049,8938,524,512,184,696,5
2021-10-25,Mono,051,14174,1697,1677,22,1699,3
2021-10-25,Monterey,053,433212,48546,47547,2850,50397,587
2021-10-25,Napa,055,140530,12899,12841,109,12950,100
2021-10-25,Nevada,057,99092,9067,8958,317,9275,90
2021-10-25,Orange,059,3164182,305717,303279,14976,318255,5574
2021-10-25,Placer,061,380077,36708,36153,3593,39746,431
2021-10-25,Plumas,063,18699,1732,1641,33,1674,7
2021-10-25,Riverside,065,2383286,360941,356381,16389,372770,5056
2021-10-25,Sacramento,067,1510023,157467,156516,4487,161003,2235
2021-10-25,San Benito,069,59416,7347,7314,167,7481,71
2021-10-25,San Bernardino,071,2135413,351921,349075,11090,360165,5748
2021-10-25,San Diego,073,3302833,371048,368386,21779,390165,4196
2021-10-25,San Francisco,075,870044,52597,52041,2305,54346,649
2021-10-25,San Joaquin,077,732212,98929,97980,5368,103348,1740
2021-10-25,San Luis Obispo,079,281455,29375,28907,1221,30128,336
2021-10-25,San Mateo,081,765935,53879,52927,856,53783,571
2021-10-25,Santa Barbara,083,443738,44153,43775,1544,45319,525
2021-10-25,Santa Clara,085,1922200,146128,144895,1310,146205,1901
2021-10-25,Santa Cruz,087,273765,20249,20053,1005,21058,221
2021-10-25,Shasta,089,179085,21045,20666,3533,24199,326
2021-10-25,Sierra,091,2930,180,168,20,188,0
2021-10-25,Siskiyou,093,43540,3319,3248,1272,4520,46
2021-10-25,Solano,095,438530,45692,45022,1252,46274,344
2021-10-25,Sonoma,097,501317,41100,40746,521,41267,393
2021-10-25,Stanislaus,099,539301,77450,77452,8753,86205,1145
2021-10-25,Sutter,101,95872,13769,13721,338,14059,176
2021-10-25,Tehama,103,63373,8365,8224,1464,9688,111
2021-10-25,Trinity,105,12862,841,699,214,913,11
2021-10-25,Tulare,107,460477,67664,66357,14692,81049,986
2021-10-25,Tuolumne,109,53932,7083,6952,89,7041,90
2021-10-25,Ventura,111,848112,97670,96932,4293,101225,1167
2021-10-25,Yolo,113,214977,19706,19457,1099,20556,248
2021-10-25,Yuba,115,75493,10026,9924,304,10228,82
2021-10-24,Alameda,001,1643700,118798,117816,2775,120591,1397
2021-10-24,Alpine,003,1148,101,105,0,105,0
2021-10-24,Amador,005,37829,5505,5412,59,5471,64
2021-10-24,Butte,007,227075,20617,20101,3686,23787,273
2021-10-24,Calaveras,009,45235,3975,3865,49,3914,81
2021-10-24,Colusa,011,21464,2501,2458,625,3083,18
2021-10-24,Contra Costa,013,1133247,98776,97855,2152,100007,1008
2021-10-24,Del Norte,015,27424,3650,3540,53,3593,42
2021-10-24,El Dorado,017,186661,15867,15540,1673,17213,149
2021-10-24,Fresno,019,978130,137702,134466,12554,147020,2094
2021-10-24,Glenn,021,27897,3463,3399,1002,4401,33
2021-10-24,Humboldt,023,135768,8895,8753,529,9282,105
2021-10-24,Imperial,025,180216,33257,32777,3164,35941,766
2021-10-24,Inyo,027,18085,2244,2108,43,2151,41
2021-10-24,Kern,029,883053,125615,122939,21403,144342,1636
2021-10-24,Kings,031,150075,31761,30942,1892,32834,325
2021-10-24,Lake,033,64148,6643,6501,142,6643,105
2021-10-24,Lassen,035,31185,6774,6632,353,6985,27
2021-10-24,Los Angeles,037,10098052,1430399,1415919,54046,1469965,26527
2021-10-24,Madera,039,155013,22673,22062,2034,24096,281
2021-10-24,Marin,041,260295,17450,17264,446,17710,244
2021-10-24,Mariposa,043,17540,1246,1184,45,1229,5
2021-10-24,Mendocino,045,87422,7399,7220,480,7700,82
2021-10-24,Merced,047,269075,41357,40808,1838,42646,581
2021-10-24,Modoc,049,8938,523,507,184,691,5
2021-10-24,Mono,051,14174,1692,1655,22,1677,3
2021-10-24,Monterey,053,433212,48498,47456,2839,50295,586
2021-10-24,Napa,055,140530,12888,12789,109,12898,100
2021-10-24,Nevada,057,99092,9044,8861,314,9175,90
2021-10-24,Orange,059,3164182,305367,302237,14938,317175,5546
2021-10-24,Placer,061,380077,36604,35822,3579,39401,426
2021-10-24,Plumas,063,18699,1722,1623,32,1655,7
2021-10-24,Riverside,065,2383286,360467,354688,16369,371057,5041
2021-10-24,Sacramento,067,1510023,157125,155125,4464,159589,2232
2021-10-24,San Benito,069,59416,7327,7280,167,7447,71
2021-10-24,San Bernardino,071,2135413,351370,347681,11078,358759,5688
2021-10-24,San Diego,073,3302833,370445,366085,21748,387833,4183
2021-10-24,San Francisco,075,870044,52534,51820,2299,54119,649
2021-10-24,San Joaquin,077,732212,98756,97440,5362,102802,1721
2021-10-24,San Luis Obispo,079,281455,29314,28755,1214,29969,333
2021-10-24,San Mateo,081,765935,53807,52719,856,53575,571
2021-10-24,Santa Barbara,083,443738,44086,43552,1542,45094,523
2021-10-24,Santa Clara,085,1922200,145937,144276,1300,145576,1897
2021-10-24,Santa Cruz,087,273765,20211,19967,1004,20971,221
2021-10-24,Shasta,089,179085,20945,20386,3527,23913,321
2021-10-24,Sierra,091,2930,180,168,20,188,0
2021-10-24,Siskiyou,093,43540,3312,3231,1268,4499,46
2021-10-24,Solano,095,438530,45642,44861,1247,46108,341
2021-10-24,Sonoma,097,501317,41017,40476,521,40997,393
2021-10-24,Stanislaus,099,539301,77259,76812,8741,85553,1145
2021-10-24,Sutter,101,95872,13742,13616,330,13946,175
2021-10-24,Tehama,103,63373,8317,8105,1452,9557,110
2021-10-24,Trinity,105,12862,837,696,211,907,11
2021-10-24,Tulare,107,460477,67492,65585,14619,80204,978
2021-10-24,Tuolumne,109,53932,7043,6840,87,6927,90
2021-10-24,Ventura,111,848112,97563,96664,4292,100956,1167
2021-10-24,Yolo,113,214977,19657,19280,1096,20376,248
2021-10-24,Yuba,115,75493,10001,9838,303,10141,82
2021-10-23,Alameda,001,1643700,118710,117816,2770,120586,1397
2021-10-23,Alpine,003,1148,101,105,0,105,0
2021-10-23,Amador,005,37829,5498,5412,59,5471,64
2021-10-23,Butte,007,227075,20582,20101,3677,23778,273
2021-10-23,Calaveras,009,45235,3968,3865,48,3913,81
2021-10-23,Colusa,011,21464,2499,2458,624,3082,18
2021-10-23,Contra Costa,013,1133247,98724,97855,2148,100003,1008
2021-10-23,Del Norte,015,27424,3648,3540,53,3593,42
2021-10-23,El Dorado,017,186661,15841,15540,1671,17211,149
2021-10-23,Fresno,019,978130,137524,134466,12540,147006,2094
2021-10-23,Glenn,021,27897,3461,3399,1001,4400,33
2021-10-23,Humboldt,023,135768,8881,8753,524,9277,105
2021-10-23,Imperial,025,180216,33210,32777,3160,35937,766
2021-10-23,Inyo,027,18085,2233,2108,43,2151,41
2021-10-23,Kern,029,883053,125456,122939,21315,144254,1636
2021-10-23,Kings,031,150075,31715,30942,1890,32832,325
2021-10-23,Lake,033,64148,6638,6501,142,6643,105
2021-10-23,Lassen,035,31185,6771,6632,351,6983,27
2021-10-23,Los Angeles,037,10098052,1429723,1415919,53991,1469910,26527
2021-10-23,Madera,039,155013,22624,22062,2026,24088,281
2021-10-23,Marin,041,260295,17433,17264,445,17709,244
2021-10-23,Mariposa,043,17540,1243,1184,44,1228,5
2021-10-23,Mendocino,045,87422,7392,7220,479,7699,82
2021-10-23,Merced,047,269075,41316,40808,1833,42641,581
2021-10-23,Modoc,049,8938,521,507,184,691,5
2021-10-23,Mono,051,14174,1686,1655,22,1677,3
2021-10-23,Monterey,053,433212,48481,47456,2835,50291,586
2021-10-23,Napa,055,140530,12883,12789,109,12898,100
2021-10-23,Nevada,057,99092,9033,8861,312,9173,90
2021-10-23,Orange,059,3164182,305180,302237,14922,317159,5546
2021-10-23,Placer,061,380077,36542,35822,3573,39395,426
2021-10-23,Plumas,063,18699,1721,1623,32,1655,7
2021-10-23,Riverside,065,2383286,360146,354688,16362,371050,5041
2021-10-23,Sacramento,067,1510023,156996,155125,4455,159580,2232
2021-10-23,San Benito,069,59416,7317,7280,167,7447,71
2021-10-23,San Bernardino,071,2135413,351101,347681,11071,358752,5688
2021-10-23,San Diego,073,3302833,370087,366085,21717,387802,4183
2021-10-23,San Francisco,075,870044,52499,51820,2298,54118,649
2021-10-23,San Joaquin,077,732212,98688,97440,5353,102793,1721
2021-10-23,San Luis Obispo,079,281455,29277,28755,1212,29967,333
2021-10-23,San Mateo,081,765935,53769,52719,855,53574,571
2021-10-23,Santa Barbara,083,443738,44055,43552,1540,45092,523
2021-10-23,Santa Clara,085,1922200,145829,144276,1296,145572,1897
2021-10-23,Santa Cruz,087,273765,20199,19967,1004,20971,221
2021-10-23,Shasta,089,179085,20909,20386,3515,23901,321
2021-10-23,Sierra,091,2930,179,168,20,188,0
2021-10-23,Siskiyou,093,43540,3310,3231,1268,4499,46
2021-10-23,Solano,095,438530,45617,44861,1244,46105,341
2021-10-23,Sonoma,097,501317,40977,40476,521,40997,393
2021-10-23,Stanislaus,099,539301,77170,76812,8721,85533,1145
2021-10-23,Sutter,101,95872,13736,13616,329,13945,175
2021-10-23,Tehama,103,63373,8305,8105,1451,9556,110
2021-10-23,Trinity,105,12862,836,696,211,907,11
2021-10-23,Tulare,107,460477,67404,65585,14560,80145,978
2021-10-23,Tuolumne,109,53932,7022,6840,87,6927,90
2021-10-23,Ventura,111,848112,97502,96664,4292,100956,1167
2021-10-23,Yolo,113,214977,19640,19280,1093,20373,248
2021-10-23,Yuba,115,75493,9993,9838,303,10141,82
2021-10-22,Alameda,001,1643700,118626,117816,2767,120583,1397
2021-10-22,Alpine,003,1148,101,105,0,105,0
2021-10-22,Amador,005,37829,5487,5412,59,5471,64
2021-10-22,Butte,007,227075,20550,20101,3673,23774,273
2021-10-22,Calaveras,009,45235,3960,3865,48,3913,81
2021-10-22,Colusa,011,21464,2496,2458,624,3082,18
2021-10-22,Contra Costa,013,1133247,98633,97855,2146,100001,1008
2021-10-22,Del Norte,015,27424,3644,3540,53,3593,42
2021-10-22,El Dorado,017,186661,15828,15540,1669,17209,149
2021-10-22,Fresno,019,978130,137309,134466,12518,146984,2094
2021-10-22,Glenn,021,27897,3451,3399,1001,4400,33
2021-10-22,Humboldt,023,135768,8867,8753,523,9276,105
2021-10-22,Imperial,025,180216,33167,32777,3160,35937,766
2021-10-22,Inyo,027,18085,2220,2108,43,2151,41
2021-10-22,Kern,029,883053,125269,122939,21242,144181,1636
2021-10-22,Kings,031,150075,31680,30942,1889,32831,325
2021-10-22,Lake,033,64148,6628,6501,142,6643,105
2021-10-22,Lassen,035,31185,6764,6632,348,6980,27
2021-10-22,Los Angeles,037,10098052,1428968,1415919,53932,1469851,26527
2021-10-22,Madera,039,155013,22575,22062,2013,24075,281
2021-10-22,Marin,041,260295,17421,17264,445,17709,244
2021-10-22,Mariposa,043,17540,1240,1184,44,1228,5
2021-10-22,Mendocino,045,87422,7378,7220,478,7698,82
2021-10-22,Merced,047,269075,41279,40808,1826,42634,581
2021-10-22,Modoc,049,8938,521,507,184,691,5
2021-10-22,Mono,051,14174,1684,1655,22,1677,3
2021-10-22,Monterey,053,433212,48448,47456,2833,50289,586
2021-10-22,Napa,055,140530,12877,12789,109,12898,100
2021-10-22,Nevada,057,99092,9016,8861,311,9172,90
2021-10-22,Orange,059,3164182,304964,302237,14891,317128,5546
2021-10-22,Placer,061,380077,36514,35822,3564,39386,426
2021-10-22,Plumas,063,18699,1715,1623,32,1655,7
2021-10-22,Riverside,065,2383286,359835,354688,16357,371045,5041
2021-10-22,Sacramento,067,1510023,156810,155125,4445,159570,2232
2021-10-22,San Benito,069,59416,7312,7280,167,7447,71
2021-10-22,San Bernardino,071,2135413,350772,347681,11056,358737,5688
2021-10-22,San Diego,073,3302833,369674,366085,21699,387784,4183
2021-10-22,San Francisco,075,870044,52464,51820,2291,54111,649
2021-10-22,San Joaquin,077,732212,98629,97440,5350,102790,1721
2021-10-22,San Luis Obispo,079,281455,29247,28755,1212,29967,333
2021-10-22,San Mateo,081,765935,53719,52719,848,53567,571
2021-10-22,Santa Barbara,083,443738,44014,43552,1540,45092,523
2021-10-22,Santa Clara,085,1922200,145673,144276,1289,145565,1897
2021-10-22,Santa Cruz,087,273765,20177,19967,1004,20971,221
2021-10-22,Shasta,089,179085,20877,20386,3512,23898,321
2021-10-22,Sierra,091,2930,178,168,19,187,0
2021-10-22,Siskiyou,093,43540,3308,3231,1265,4496,46
2021-10-22,Solano,095,438530,45582,44861,1240,46101,341
2021-10-22,Sonoma,097,501317,40920,40476,521,40997,393
2021-10-22,Stanislaus,099,539301,77067,76812,8703,85515,1145
2021-10-22,Sutter,101,95872,13721,13616,329,13945,175
2021-10-22,Tehama,103,63373,8283,8105,1446,9551,110
2021-10-22,Trinity,105,12862,835,696,211,907,11
2021-10-22,Tulare,107,460477,67318,65585,14506,80091,978
2021-10-22,Tuolumne,109,53932,6987,6840,87,6927,90
2021-10-22,Ventura,111,848112,97449,96664,4286,100950,1167
2021-10-22,Yolo,113,214977,19613,19280,1091,20371,248
2021-10-22,Yuba,115,75493,9979,9838,301,10139,82
2021-10-21,Alameda,001,1643700,118510,117816,2762,120578,1397
2021-10-21,Alpine,003,1148,101,105,0,105,0
2021-10-21,Amador,005,37829,5479,5412,59,5471,64
2021-10-21,Butte,007,227075,20466,20101,3660,23761,273
2021-10-21,Calaveras,009,45235,3941,3865,48,3913,81
2021-10-21,Colusa,011,21464,2492,2458,620,3078,18
2021-10-21,Contra Costa,013,1133247,98518,97855,2140,99995,1008
2021-10-21,Del Norte,015,27424,3638,3540,52,3592,42
2021-10-21,El Dorado,017,186661,15800,15540,1662,17202,149
2021-10-21,Fresno,019,978130,136959,134466,12474,146940,2094
2021-10-21,Glenn,021,27897,3447,3399,998,4397,33
2021-10-21,Humboldt,023,135768,8853,8753,519,9272,105
2021-10-21,Imperial,025,180216,33112,32777,3156,35933,766
2021-10-21,Inyo,027,18085,2198,2108,43,2151,41
2021-10-21,Kern,029,883053,125021,122939,21131,144070,1636
2021-10-21,Kings,031,150075,31582,30942,1883,32825,325
2021-10-21,Lake,033,64148,6614,6501,141,6642,105
2021-10-21,Lassen,035,31185,6751,6632,344,6976,27
2021-10-21,Los Angeles,037,10098052,1427852,1415919,53881,1469800,26527
2021-10-21,Madera,039,155013,22517,22062,2003,24065,281
2021-10-21,Marin,041,260295,17403,17264,445,17709,244
2021-10-21,Mariposa,043,17540,1234,1184,43,1227,5
2021-10-21,Mendocino,045,87422,7360,7220,471,7691,82
2021-10-21,Merced,047,269075,41181,40808,1815,42623,581
2021-10-21,Modoc,049,8938,521,507,184,691,5
2021-10-21,Mono,051,14174,1675,1655,22,1677,3
2021-10-21,Monterey,053,433212,48414,47456,2821,50277,586
2021-10-21,Napa,055,140530,12865,12789,109,12898,100
2021-10-21,Nevada,057,99092,8991,8861,311,9172,90
2021-10-21,Orange,059,3164182,304691,302237,14855,317092,5546
2021-10-21,Placer,061,380077,36425,35822,3551,39373,426
2021-10-21,Plumas,063,18699,1701,1623,32,1655,7
2021-10-21,Riverside,065,2383286,359390,354688,16346,371034,5041
2021-10-21,Sacramento,067,1510023,156491,155125,4419,159544,2232
2021-10-21,San Benito,069,59416,7305,7280,165,7445,71
2021-10-21,San Bernardino,071,2135413,350394,347681,11021,358702,5688
2021-10-21,San Diego,073,3302833,369149,366085,21669,387754,4183
2021-10-21,San Francisco,075,870044,52409,51820,2290,54110,649
2021-10-21,San Joaquin,077,732212,98490,97440,5343,102783,1721
2021-10-21,San Luis Obispo,079,281455,29205,28755,1210,29965,333
2021-10-21,San Mateo,081,765935,53672,52719,847,53566,571
2021-10-21,Santa Barbara,083,443738,43948,43552,1538,45090,523
2021-10-21,Santa Clara,085,1922200,145501,144276,1285,145561,1897
2021-10-21,Santa Cruz,087,273765,20153,19967,1002,20969,221
2021-10-21,Shasta,089,179085,20815,20386,3497,23883,321
2021-10-21,Sierra,091,2930,177,168,18,186,0
2021-10-21,Siskiyou,093,43540,3303,3231,1263,4494,46
2021-10-21,Solano,095,438530,45530,44861,1238,46099,341
2021-10-21,Sonoma,097,501317,40851,40476,519,40995,393
2021-10-21,Stanislaus,099,539301,76898,76812,8692,85504,1145
2021-10-21,Sutter,101,95872,13693,13616,325,13941,175
2021-10-21,Tehama,103,63373,8256,8105,1439,9544,110
2021-10-21,Trinity,105,12862,833,696,211,907,11
2021-10-21,Tulare,107,460477,67128,65585,14435,80020,978
2021-10-21,Tuolumne,109,53932,6949,6840,86,6926,90
2021-10-21,Ventura,111,848112,97358,96664,4284,100948,1167
2021-10-21,Yolo,113,214977,19566,19280,1089,20369,248
2021-10-21,Yuba,115,75493,9955,9838,300,10138,82
2021-10-20,Alameda,001,1643700,118389,117654,2762,120416,1390
2021-10-20,Alpine,003,1148,101,103,0,103,0
2021-10-20,Amador,005,37829,5471,5379,59,5438,64
2021-10-20,Butte,007,227075,20412,20021,3645,23666,270
2021-10-20,Calaveras,009,45235,3921,3844,47,3891,81
2021-10-20,Colusa,011,21464,2488,2454,618,3072,18
2021-10-20,Contra Costa,013,1133247,98402,97721,2136,99857,1008
2021-10-20,Del Norte,015,27424,3634,3536,52,3588,42
2021-10-20,El Dorado,017,186661,15770,15502,1659,17161,149
2021-10-20,Fresno,019,978130,136557,134025,12437,146462,2084
2021-10-20,Glenn,021,27897,3439,3382,997,4379,33
2021-10-20,Humboldt,023,135768,8831,8727,517,9244,105
2021-10-20,Imperial,025,180216,33038,32705,3148,35853,766
2021-10-20,Inyo,027,18085,2178,2077,42,2119,40
2021-10-20,Kern,029,883053,124727,122630,21010,143640,1623
2021-10-20,Kings,031,150075,31505,30805,1873,32678,322
2021-10-20,Lake,033,64148,6592,6475,140,6615,104
2021-10-20,Lassen,035,31185,6736,6622,344,6966,27
2021-10-20,Los Angeles,037,10098052,1426731,1414931,53809,1468740,26506
2021-10-20,Madera,039,155013,22447,21983,1994,23977,281
2021-10-20,Marin,041,260295,17382,17250,443,17693,244
2021-10-20,Mariposa,043,17540,1227,1174,43,1217,5
2021-10-20,Mendocino,045,87422,7332,7189,468,7657,82
2021-10-20,Merced,047,269075,41100,40685,1798,42483,581
2021-10-20,Modoc,049,8938,521,504,184,688,5
2021-10-20,Mono,051,14174,1675,1653,22,1675,3
2021-10-20,Monterey,053,433212,48382,47430,2812,50242,587
2021-10-20,Napa,055,140530,12851,12773,108,12881,100
2021-10-20,Nevada,057,99092,8963,8836,311,9147,90
2021-10-20,Orange,059,3164182,304406,301957,14833,316790,5534
2021-10-20,Placer,061,380077,36335,35729,3542,39271,425
2021-10-20,Plumas,063,18699,1694,1604,32,1636,7
2021-10-20,Riverside,065,2383286,358946,354311,16329,370640,5030
2021-10-20,Sacramento,067,1510023,156191,154822,4396,159218,2222
2021-10-20,San Benito,069,59416,7302,7275,163,7438,71
2021-10-20,San Bernardino,071,2135413,349990,347217,10989,358206,5663
2021-10-20,San Diego,073,3302833,368633,365698,21650,387348,4178
2021-10-20,San Francisco,075,870044,52360,51755,2289,54044,646
2021-10-20,San Joaquin,077,732212,98345,97246,5335,102581,1721
2021-10-20,San Luis Obispo,079,281455,29160,28727,1206,29933,332
2021-10-20,San Mateo,081,765935,53601,52663,839,53502,571
2021-10-20,Santa Barbara,083,443738,43885,43489,1537,45026,523
2021-10-20,Santa Clara,085,1922200,145366,144124,1280,145404,1896
2021-10-20,Santa Cruz,087,273765,20140,19951,1002,20953,219
2021-10-20,Shasta,089,179085,20754,20313,3470,23783,320
2021-10-20,Sierra,091,2930,177,168,18,186,0
2021-10-20,Siskiyou,093,43540,3303,3224,1257,4481,46
2021-10-20,Solano,095,438530,45498,44819,1236,46055,341
2021-10-20,Sonoma,097,501317,40804,40404,519,40923,393
2021-10-20,Stanislaus,099,539301,76748,76631,8673,85304,1145
2021-10-20,Sutter,101,95872,13669,13592,319,13911,175
2021-10-20,Tehama,103,63373,8225,8081,1428,9509,110
2021-10-20,Trinity,105,12862,833,693,210,903,11
2021-10-20,Tulare,107,460477,66954,65413,14389,79802,967
2021-10-20,Tuolumne,109,53932,6926,6803,86,6889,89
2021-10-20,Ventura,111,848112,97276,96610,4280,100890,1166
2021-10-20,Yolo,113,214977,19522,19236,1086,20322,248
2021-10-20,Yuba,115,75493,9938,9808,297,10105,82
2021-10-19,Alameda,001,1643700,118267,117542,2756,120298,1383
2021-10-19,Alpine,003,1148,101,103,0,103,0
2021-10-19,Amador,005,37829,5455,5367,59,5426,64
2021-10-19,Butte,007,227075,20359,19974,3637,23611,268
2021-10-19,Calaveras,009,45235,3904,3826,46,3872,80
2021-10-19,Colusa,011,21464,2485,2447,616,3063,18
2021-10-19,Contra Costa,013,1133247,98311,97613,2131,99744,1004
2021-10-19,Del Norte,015,27424,3627,3531,52,3583,42
2021-10-19,El Dorado,017,186661,15745,15478,1654,17132,149
2021-10-19,Fresno,019,978130,136192,133813,12388,146201,2073
2021-10-19,Glenn,021,27897,3436,3380,995,4375,33
2021-10-19,Humboldt,023,135768,8807,8714,511,9225,105
2021-10-19,Imperial,025,180216,32972,32632,3144,35776,764
2021-10-19,Inyo,027,18085,2147,2045,42,2087,40
2021-10-19,Kern,029,883053,124410,122391,20886,143277,1613
2021-10-19,Kings,031,150075,31411,30757,1866,32623,322
2021-10-19,Lake,033,64148,6588,6465,140,6605,104
2021-10-19,Lassen,035,31185,6730,6612,340,6952,27
2021-10-19,Los Angeles,037,10098052,1425485,1413882,53732,1467614,26473
2021-10-19,Madera,039,155013,22384,21950,1986,23936,281
2021-10-19,Marin,041,260295,17368,17241,440,17681,244
2021-10-19,Mariposa,043,17540,1221,1171,41,1212,5
2021-10-19,Mendocino,045,87422,7317,7172,465,7637,82
2021-10-19,Merced,047,269075,40985,40628,1777,42405,580
2021-10-19,Modoc,049,8938,519,502,184,686,5
2021-10-19,Mono,051,14174,1671,1651,22,1673,3
2021-10-19,Monterey,053,433212,48345,47412,2801,50213,583
2021-10-19,Napa,055,140530,12844,12769,108,12877,100
2021-10-19,Nevada,057,99092,8942,8829,310,9139,90
2021-10-19,Orange,059,3164182,304149,301700,14799,316499,5527
2021-10-19,Placer,061,380077,36214,35663,3527,39190,422
2021-10-19,Plumas,063,18699,1676,1586,32,1618,8
2021-10-19,Riverside,065,2383286,358524,353891,16321,370212,5020
2021-10-19,Sacramento,067,1510023,155885,154570,4370,158940,2227
2021-10-19,San Benito,069,59416,7286,7264,163,7427,71
2021-10-19,San Bernardino,071,2135413,349589,346814,10959,357773,5627
2021-10-19,San Diego,073,3302833,368039,365285,21619,386904,4170
2021-10-19,San Francisco,075,870044,52297,51704,2287,53991,645
2021-10-19,San Joaquin,077,732212,98178,97105,5324,102429,1721
2021-10-19,San Luis Obispo,079,281455,29112,28670,1203,29873,332
2021-10-19,San Mateo,081,765935,53543,52617,837,53454,571
2021-10-19,Santa Barbara,083,443738,43818,43413,1535,44948,522
2021-10-19,Santa Clara,085,1922200,145193,143989,1272,145261,1898
2021-10-19,Santa Cruz,087,273765,20116,19895,1000,20895,218
2021-10-19,Shasta,089,179085,20678,20209,3462,23671,319
2021-10-19,Sierra,091,2930,174,168,18,186,0
2021-10-19,Siskiyou,093,43540,3299,3216,1252,4468,46
2021-10-19,Solano,095,438530,45456,44782,1230,46012,341
2021-10-19,Sonoma,097,501317,40730,40379,518,40897,392
2021-10-19,Stanislaus,099,539301,76606,76526,8661,85187,1145
2021-10-19,Sutter,101,95872,13645,13569,318,13887,174
2021-10-19,Tehama,103,63373,8195,8057,1412,9469,108
2021-10-19,Trinity,105,12862,826,691,210,901,11
2021-10-19,Tulare,107,460477,66767,65253,14320,79573,958
2021-10-19,Tuolumne,109,53932,6897,6782,85,6867,89
2021-10-19,Ventura,111,848112,97200,96539,4275,100814,1166
2021-10-19,Yolo,113,214977,19477,19206,1081,20287,248
2021-10-19,Yuba,115,75493,9920,9796,296,10092,82
2021-10-18,Alameda,001,1643700,118131,117506,2747,120253,1381
2021-10-18,Alpine,003,1148,101,103,0,103,0
2021-10-18,Amador,005,37829,5444,5345,59,5404,64
2021-10-18,Butte,007,227075,20308,19921,3629,23550,265
2021-10-18,Calaveras,009,45235,3879,3819,45,3864,80
2021-10-18,Colusa,011,21464,2484,2444,614,3058,18
2021-10-18,Contra Costa,013,1133247,98199,97585,2127,99712,995
2021-10-18,Del Norte,015,27424,3620,3529,52,3581,41
2021-10-18,El Dorado,017,186661,15714,15452,1652,17104,149
2021-10-18,Fresno,019,978130,135789,133688,12345,146033,2063
2021-10-18,Glenn,021,27897,3432,3370,991,4361,32
2021-10-18,Humboldt,023,135768,8788,8699,503,9202,104
2021-10-18,Imperial,025,180216,32881,32558,3144,35702,764
2021-10-18,Inyo,027,18085,2129,2020,42,2062,40
2021-10-18,Kern,029,883053,124111,122231,20791,143022,1605
2021-10-18,Kings,031,150075,31296,30698,1853,32551,320
2021-10-18,Lake,033,64148,6569,6455,136,6591,104
2021-10-18,Lassen,035,31185,6710,6607,337,6944,26
2021-10-18,Los Angeles,037,10098052,1424242,1413291,53655,1466946,26446
2021-10-18,Madera,039,155013,22330,21909,1973,23882,277
2021-10-18,Marin,041,260295,17348,17232,437,17669,244
2021-10-18,Mariposa,043,17540,1213,1160,41,1201,5
2021-10-18,Mendocino,045,87422,7298,7156,457,7613,82
2021-10-18,Merced,047,269075,40862,40573,1766,42339,579
2021-10-18,Modoc,049,8938,519,498,184,682,5
2021-10-18,Mono,051,14174,1665,1648,21,1669,3
2021-10-18,Monterey,053,433212,48323,47389,2796,50185,583
2021-10-18,Napa,055,140530,12829,12762,108,12870,100
2021-10-18,Nevada,057,99092,8923,8816,310,9126,90
2021-10-18,Orange,059,3164182,303810,301573,14765,316338,5524
2021-10-18,Placer,061,380077,36137,35598,3523,39121,420
2021-10-18,Plumas,063,18699,1668,1579,32,1611,6
2021-10-18,Riverside,065,2383286,358108,353699,16307,370006,5008
2021-10-18,Sacramento,067,1510023,155580,154428,4338,158766,2203
2021-10-18,San Benito,069,59416,7274,7253,163,7416,71
2021-10-18,San Bernardino,071,2135413,349167,346742,10944,357686,5606
2021-10-18,San Diego,073,3302833,367473,364948,21581,386529,4169
2021-10-18,San Francisco,075,870044,52234,51671,2281,53952,644
2021-10-18,San Joaquin,077,732212,98012,97041,5314,102355,1721
2021-10-18,San Luis Obispo,079,281455,29073,28644,1200,29844,331
2021-10-18,San Mateo,081,765935,53478,52594,836,53430,571
2021-10-18,Santa Barbara,083,443738,43759,43386,1533,44919,522
2021-10-18,Santa Clara,085,1922200,145038,143891,1263,145154,1895
2021-10-18,Santa Cruz,087,273765,20102,19876,998,20874,218
2021-10-18,Shasta,089,179085,20598,20146,3451,23597,313
2021-10-18,Sierra,091,2930,174,166,18,184,0
2021-10-18,Siskiyou,093,43540,3296,3210,1244,4454,42
2021-10-18,Solano,095,438530,45412,44758,1227,45985,339
2021-10-18,Sonoma,097,501317,40666,40349,515,40864,392
2021-10-18,Stanislaus,099,539301,76442,76466,8647,85113,1145
2021-10-18,Sutter,101,95872,13611,13557,316,13873,172
2021-10-18,Tehama,103,63373,8160,8042,1400,9442,107
2021-10-18,Trinity,105,12862,825,688,210,898,11
2021-10-18,Tulare,107,460477,66591,65171,14254,79425,958
2021-10-18,Tuolumne,109,53932,6868,6755,85,6840,89
2021-10-18,Ventura,111,848112,97105,96506,4272,100778,1165
2021-10-18,Yolo,113,214977,19439,19197,1078,20275,248
2021-10-18,Yuba,115,75493,9893,9782,294,10076,82
2021-10-17,Alameda,001,1643700,117978,117423,2742,120165,1376
2021-10-17,Alpine,003,1148,101,103,0,103,0
2021-10-17,Amador,005,37829,5421,5341,58,5399,64
2021-10-17,Butte,007,227075,20223,19897,3620,23517,265
2021-10-17,Calaveras,009,45235,3863,3805,45,3850,80
2021-10-17,Colusa,011,21464,2479,2442,607,3049,18
2021-10-17,Contra Costa,013,1133247,98076,97485,2116,99601,995
2021-10-17,Del Norte,015,27424,3615,3526,52,3578,41
2021-10-17,El Dorado,017,186661,15656,15438,1645,17083,149
2021-10-17,Fresno,019,978130,135322,133429,12304,145733,2063
2021-10-17,Glenn,021,27897,3422,3364,986,4350,32
2021-10-17,Humboldt,023,135768,8768,8690,500,9190,104
2021-10-17,Imperial,025,180216,32798,32520,3137,35657,764
2021-10-17,Inyo,027,18085,2101,2000,42,2042,40
2021-10-17,Kern,029,883053,123761,122085,20691,142776,1603
2021-10-17,Kings,031,150075,31183,30636,1844,32480,315
2021-10-17,Lake,033,64148,6553,6437,136,6573,104
2021-10-17,Lassen,035,31185,6698,6605,333,6938,26
2021-10-17,Los Angeles,037,10098052,1422904,1412371,53579,1465950,26443
2021-10-17,Madera,039,155013,22268,21869,1962,23831,277
2021-10-17,Marin,041,260295,17326,17211,437,17648,243
2021-10-17,Mariposa,043,17540,1206,1150,41,1191,5
2021-10-17,Mendocino,045,87422,7269,7148,451,7599,82
2021-10-17,Merced,047,269075,40736,40531,1750,42281,579
2021-10-17,Modoc,049,8938,516,498,182,680,5
2021-10-17,Mono,051,14174,1663,1640,20,1660,3
2021-10-17,Monterey,053,433212,48282,47369,2786,50155,583
2021-10-17,Napa,055,140530,12814,12753,105,12858,100
2021-10-17,Nevada,057,99092,8906,8794,309,9103,90
2021-10-17,Orange,059,3164182,303495,301414,14732,316146,5524
2021-10-17,Placer,061,380077,36038,35559,3508,39067,420
2021-10-17,Plumas,063,18699,1644,1571,31,1602,6
2021-10-17,Riverside,065,2383286,357624,353500,16293,369793,5008
2021-10-17,Sacramento,067,1510023,155181,154080,4320,158400,2213
2021-10-17,San Benito,069,59416,7265,7250,162,7412,71
2021-10-17,San Bernardino,071,2135413,348737,346524,10924,357448,5597
2021-10-17,San Diego,073,3302833,366865,364675,21553,386228,4163
2021-10-17,San Francisco,075,870044,52162,51625,2271,53896,644
2021-10-17,San Joaquin,077,732212,97839,96950,5305,102255,1721
2021-10-17,San Luis Obispo,079,281455,29021,28604,1192,29796,331
2021-10-17,San Mateo,081,765935,53426,52541,832,53373,571
2021-10-17,Santa Barbara,083,443738,43696,43344,1532,44876,522
2021-10-17,Santa Clara,085,1922200,144862,143768,1254,145022,1895
2021-10-17,Santa Cruz,087,273765,20074,19861,996,20857,218
2021-10-17,Shasta,089,179085,20508,20116,3441,23557,312
2021-10-17,Sierra,091,2930,172,165,18,183,0
2021-10-17,Siskiyou,093,43540,3288,3204,1241,4445,42
2021-10-17,Solano,095,438530,45355,44722,1226,45948,340
2021-10-17,Sonoma,097,501317,40590,40306,514,40820,392
2021-10-17,Stanislaus,099,539301,76245,76354,8632,84986,1145
2021-10-17,Sutter,101,95872,13594,13543,314,13857,172
2021-10-17,Tehama,103,63373,8128,8015,1383,9398,107
2021-10-17,Trinity,105,12862,822,686,209,895,11
2021-10-17,Tulare,107,460477,66406,65057,14180,79237,958
2021-10-17,Tuolumne,109,53932,6834,6735,84,6819,89
2021-10-17,Ventura,111,848112,97005,96458,4269,100727,1165
2021-10-17,Yolo,113,214977,19397,19171,1069,20240,248
2021-10-17,Yuba,115,75493,9867,9771,292,10063,82
2021-10-16,Alameda,001,1643700,117887,117027,2740,119767,1365
2021-10-16,Alpine,003,1148,100,102,0,102,0
2021-10-16,Amador,005,37829,5414,5310,58,5368,64
2021-10-16,Butte,007,227075,20192,19612,3613,23225,260
2021-10-16,Calaveras,009,45235,3856,3771,45,3816,80
2021-10-16,Colusa,011,21464,2475,2431,604,3035,18
2021-10-16,Contra Costa,013,1133247,97985,97107,2109,99216,982
2021-10-16,Del Norte,015,27424,3612,3516,52,3568,41
2021-10-16,El Dorado,017,186661,15635,15315,1643,16958,149
2021-10-16,Fresno,019,978130,135169,132433,12287,144720,2051
2021-10-16,Glenn,021,27897,3416,3331,986,4317,26
2021-10-16,Humboldt,023,135768,8756,8621,495,9116,104
2021-10-16,Imperial,025,180216,32783,32368,3135,35503,764
2021-10-16,Inyo,027,18085,2087,1932,42,1974,39
2021-10-16,Kern,029,883053,123606,121354,20609,141963,1590
2021-10-16,Kings,031,150075,31137,30418,1841,32259,314
2021-10-16,Lake,033,64148,6542,6378,136,6514,104
2021-10-16,Lassen,035,31185,6689,6559,328,6887,26
2021-10-16,Los Angeles,037,10098052,1422253,1409418,53525,1462943,26398
2021-10-16,Madera,039,155013,22224,21707,1958,23665,277
2021-10-16,Marin,041,260295,17316,17148,437,17585,243
2021-10-16,Mariposa,043,17540,1203,1096,41,1137,5
2021-10-16,Mendocino,045,87422,7258,7099,451,7550,82
2021-10-16,Merced,047,269075,40704,40265,1748,42013,577
2021-10-16,Modoc,049,8938,513,492,182,674,5
2021-10-16,Mono,051,14174,1659,1628,20,1648,3
2021-10-16,Monterey,053,433212,48265,47293,2778,50071,582
2021-10-16,Napa,055,140530,12803,12706,105,12811,100
2021-10-16,Nevada,057,99092,8886,8739,309,9048,90
2021-10-16,Orange,059,3164182,303319,300722,14707,315429,5509
2021-10-16,Placer,061,380077,35954,35343,3502,38845,412
2021-10-16,Plumas,063,18699,1639,1542,30,1572,6
2021-10-16,Riverside,065,2383286,357355,352435,16281,368716,4990
2021-10-16,Sacramento,067,1510023,154981,153264,4316,157580,2192
2021-10-16,San Benito,069,59416,7252,7210,161,7371,71
2021-10-16,San Bernardino,071,2135413,348531,345418,10917,356335,5566
2021-10-16,San Diego,073,3302833,366542,363109,21537,384646,4151
2021-10-16,San Francisco,075,870044,52115,51436,2267,53703,645
2021-10-16,San Joaquin,077,732212,97767,96507,5302,101809,1708
2021-10-16,San Luis Obispo,079,281455,28995,28460,1191,29651,329
2021-10-16,San Mateo,081,765935,53377,52399,831,53230,569
2021-10-16,Santa Barbara,083,443738,43660,43175,1531,44706,521
2021-10-16,Santa Clara,085,1922200,144762,143282,1246,144528,1890
2021-10-16,Santa Cruz,087,273765,20059,19794,995,20789,218
2021-10-16,Shasta,089,179085,20458,19932,3430,23362,309
2021-10-16,Sierra,091,2930,170,160,18,178,0
2021-10-16,Siskiyou,093,43540,3286,3173,1234,4407,42
2021-10-16,Solano,095,438530,45329,44585,1222,45807,334
2021-10-16,Sonoma,097,501317,40550,40195,514,40709,390
2021-10-16,Stanislaus,099,539301,76159,75868,8622,84490,1142
2021-10-16,Sutter,101,95872,13575,13471,313,13784,169
2021-10-16,Tehama,103,63373,8115,7907,1378,9285,104
2021-10-16,Trinity,105,12862,822,679,209,888,11
2021-10-16,Tulare,107,460477,66268,64489,14148,78637,951
2021-10-16,Tuolumne,109,53932,6802,6666,84,6750,89
2021-10-16,Ventura,111,848112,96973,96181,4264,100445,1164
2021-10-16,Yolo,113,214977,19370,19078,1063,20141,247
2021-10-16,Yuba,115,75493,9843,9705,289,9994,82
2021-10-15,Alameda,001,1643700,117816,117027,2736,119763,1365
2021-10-15,Alpine,003,1148,100,102,0,102,0
2021-10-15,Amador,005,37829,5390,5310,58,5368,64
2021-10-15,Butte,007,227075,20155,19612,3606,23218,260
2021-10-15,Calaveras,009,45235,3850,3771,45,3816,80
2021-10-15,Colusa,011,21464,2473,2431,601,3032,18
2021-10-15,Contra Costa,013,1133247,97903,97107,2105,99212,982
2021-10-15,Del Norte,015,27424,3610,3516,52,3568,41
2021-10-15,El Dorado,017,186661,15615,15315,1638,16953,149
2021-10-15,Fresno,019,978130,134916,132433,12278,144711,2051
2021-10-15,Glenn,021,27897,3410,3331,985,4316,26
2021-10-15,Humboldt,023,135768,8747,8621,493,9114,104
2021-10-15,Imperial,025,180216,32736,32368,3131,35499,764
2021-10-15,Inyo,027,18085,2069,1932,42,1974,39
2021-10-15,Kern,029,883053,123470,121354,20534,141888,1590
2021-10-15,Kings,031,150075,31082,30418,1837,32255,314
2021-10-15,Lake,033,64148,6533,6378,136,6514,104
2021-10-15,Lassen,035,31185,6677,6559,327,6886,26
2021-10-15,Los Angeles,037,10098052,1421562,1409418,53476,1462894,26398
2021-10-15,Madera,039,155013,22180,21707,1950,23657,277
2021-10-15,Marin,041,260295,17305,17148,437,17585,243
2021-10-15,Mariposa,043,17540,1195,1096,41,1137,5
2021-10-15,Mendocino,045,87422,7243,7099,451,7550,82
2021-10-15,Merced,047,269075,40674,40265,1745,42010,577
2021-10-15,Modoc,049,8938,512,492,182,674,5
2021-10-15,Mono,051,14174,1656,1628,20,1648,3
2021-10-15,Monterey,053,433212,48243,47293,2776,50069,582
2021-10-15,Napa,055,140530,12799,12706,105,12811,100
2021-10-15,Nevada,057,99092,8871,8739,309,9048,90
2021-10-15,Orange,059,3164182,303151,300722,14688,315410,5509
2021-10-15,Placer,061,380077,35900,35343,3496,38839,412
2021-10-15,Plumas,063,18699,1631,1542,30,1572,6
2021-10-15,Riverside,065,2383286,357113,352435,16276,368711,4990
2021-10-15,Sacramento,067,1510023,154794,153264,4306,157570,2192
2021-10-15,San Benito,069,59416,7249,7210,161,7371,71
2021-10-15,San Bernardino,071,2135413,348296,345418,10914,356332,5566
2021-10-15,San Diego,073,3302833,366178,363109,21512,384621,4151
2021-10-15,San Francisco,075,870044,52074,51436,2260,53696,645
2021-10-15,San Joaquin,077,732212,97689,96507,5295,101802,1708
2021-10-15,San Luis Obispo,079,281455,28974,28460,1189,29649,329
2021-10-15,San Mateo,081,765935,53333,52399,830,53229,569
2021-10-15,Santa Barbara,083,443738,43622,43175,1531,44706,521
2021-10-15,Santa Clara,085,1922200,144640,143282,1238,144520,1890
2021-10-15,Santa Cruz,087,273765,20048,19794,995,20789,218
2021-10-15,Shasta,089,179085,20401,19932,3422,23354,309
2021-10-15,Sierra,091,2930,170,160,18,178,0
2021-10-15,Siskiyou,093,43540,3285,3173,1231,4404,42
2021-10-15,Solano,095,438530,45303,44585,1222,45807,334
2021-10-15,Sonoma,097,501317,40516,40195,513,40708,390
2021-10-15,Stanislaus,099,539301,76079,75868,8606,84474,1142
2021-10-15,Sutter,101,95872,13558,13471,311,13782,169
2021-10-15,Tehama,103,63373,8094,7907,1372,9279,104
2021-10-15,Trinity,105,12862,822,679,209,888,11
2021-10-15,Tulare,107,460477,66189,64489,14111,78600,951
2021-10-15,Tuolumne,109,53932,6779,6666,82,6748,89
2021-10-15,Ventura,111,848112,96931,96181,4261,100442,1164
2021-10-15,Yolo,113,214977,19355,19078,1059,20137,247
2021-10-15,Yuba,115,75493,9833,9705,288,9993,82
2021-10-14,Alameda,001,1643700,117706,117027,2731,119758,1365
2021-10-14,Alpine,003,1148,100,102,0,102,0
2021-10-14,Amador,005,37829,5379,5310,58,5368,64
2021-10-14,Butte,007,227075,20103,19612,3601,23213,260
2021-10-14,Calaveras,009,45235,3837,3771,44,3815,80
2021-10-14,Colusa,011,21464,2471,2431,599,3030,18
2021-10-14,Contra Costa,013,1133247,97768,97107,2097,99204,982
2021-10-14,Del Norte,015,27424,3604,3516,52,3568,41
2021-10-14,El Dorado,017,186661,15577,15315,1635,16950,149
2021-10-14,Fresno,019,978130,134621,132433,12247,144680,2051
2021-10-14,Glenn,021,27897,3405,3331,984,4315,26
2021-10-14,Humboldt,023,135768,8730,8621,490,9111,104
2021-10-14,Imperial,025,180216,32673,32368,3124,35492,764
2021-10-14,Inyo,027,18085,2050,1932,42,1974,39
2021-10-14,Kern,029,883053,123200,121354,20434,141788,1590
2021-10-14,Kings,031,150075,31017,30418,1829,32247,314
2021-10-14,Lake,033,64148,6512,6378,135,6513,104
2021-10-14,Lassen,035,31185,6671,6559,326,6885,26
2021-10-14,Los Angeles,037,10098052,1420579,1409418,53424,1462842,26398
2021-10-14,Madera,039,155013,22115,21707,1944,23651,277
2021-10-14,Marin,041,260295,17300,17148,435,17583,243
2021-10-14,Mariposa,043,17540,1182,1096,40,1136,5
2021-10-14,Mendocino,045,87422,7229,7099,449,7548,82
2021-10-14,Merced,047,269075,40586,40265,1731,41996,577
2021-10-14,Modoc,049,8938,512,492,182,674,5
2021-10-14,Mono,051,14174,1649,1628,20,1648,3
2021-10-14,Monterey,053,433212,48217,47293,2771,50064,582
2021-10-14,Napa,055,140530,12784,12706,105,12811,100
2021-10-14,Nevada,057,99092,8844,8739,307,9046,90
2021-10-14,Orange,059,3164182,302942,300722,14671,315393,5509
2021-10-14,Placer,061,380077,35833,35343,3482,38825,412
2021-10-14,Plumas,063,18699,1616,1542,30,1572,6
2021-10-14,Riverside,065,2383286,356716,352435,16265,368700,4990
2021-10-14,Sacramento,067,1510023,154542,153264,4284,157548,2192
2021-10-14,San Benito,069,59416,7238,7210,161,7371,71
2021-10-14,San Bernardino,071,2135413,347936,345418,10908,356326,5566
2021-10-14,San Diego,073,3302833,365730,363109,21485,384594,4151
2021-10-14,San Francisco,075,870044,52018,51436,2256,53692,645
2021-10-14,San Joaquin,077,732212,97560,96507,5286,101793,1708
2021-10-14,San Luis Obispo,079,281455,28930,28460,1185,29645,329
2021-10-14,San Mateo,081,765935,53285,52399,829,53228,569
2021-10-14,Santa Barbara,083,443738,43566,43175,1526,44701,521
2021-10-14,Santa Clara,085,1922200,144499,143282,1232,144514,1890
2021-10-14,Santa Cruz,087,273765,20025,19794,995,20789,218
2021-10-14,Shasta,089,179085,20344,19932,3410,23342,309
2021-10-14,Sierra,091,2930,169,160,18,178,0
2021-10-14,Siskiyou,093,43540,3282,3173,1223,4396,42
2021-10-14,Solano,095,438530,45253,44585,1214,45799,334
2021-10-14,Sonoma,097,501317,40465,40195,510,40705,390
2021-10-14,Stanislaus,099,539301,75933,75868,8593,84461,1142
2021-10-14,Sutter,101,95872,13538,13471,310,13781,169
2021-10-14,Tehama,103,63373,8063,7907,1365,9272,104
2021-10-14,Trinity,105,12862,821,679,208,887,11
2021-10-14,Tulare,107,460477,66005,64489,14063,78552,951
2021-10-14,Tuolumne,109,53932,6748,6666,81,6747,89
2021-10-14,Ventura,111,848112,96863,96181,4255,100436,1164
2021-10-14,Yolo,113,214977,19322,19078,1052,20130,247
2021-10-14,Yuba,115,75493,9819,9705,279,9984,82
2021-10-13,Alameda,001,1643700,117599,116914,2726,119640,1360
2021-10-13,Alpine,003,1148,100,102,0,102,0
2021-10-13,Amador,005,37829,5365,5305,58,5363,63
2021-10-13,Butte,007,227075,20028,19546,3596,23142,257
2021-10-13,Calaveras,009,45235,3816,3756,42,3798,79
2021-10-13,Colusa,011,21464,2464,2430,595,3025,18
2021-10-13,Contra Costa,013,1133247,97652,96975,2096,99071,969
2021-10-13,Del Norte,015,27424,3599,3512,52,3564,39
2021-10-13,El Dorado,017,186661,15553,15302,1630,16932,149
2021-10-13,Fresno,019,978130,134287,132055,12214,144269,2048
2021-10-13,Glenn,021,27897,3400,3327,980,4307,26
2021-10-13,Humboldt,023,135768,8719,8604,486,9090,102
2021-10-13,Imperial,025,180216,32613,32317,3121,35438,762
2021-10-13,Inyo,027,18085,2013,1907,42,1949,39
2021-10-13,Kern,029,883053,122956,120956,20339,141295,1586
2021-10-13,Kings,031,150075,30936,30246,1822,32068,312
2021-10-13,Lake,033,64148,6492,6371,135,6506,103
2021-10-13,Lassen,035,31185,6660,6535,320,6855,25
2021-10-13,Los Angeles,037,10098052,1419523,1408384,53366,1461750,26379
2021-10-13,Madera,039,155013,22062,21609,1930,23539,277
2021-10-13,Marin,041,260295,17276,17137,434,17571,243
2021-10-13,Mariposa,043,17540,1168,1090,40,1130,5
2021-10-13,Mendocino,045,87422,7213,7088,441,7529,82
2021-10-13,Merced,047,269075,40501,40164,1720,41884,577
2021-10-13,Modoc,049,8938,510,490,180,670,5
2021-10-13,Mono,051,14174,1649,1612,20,1632,3
2021-10-13,Monterey,053,433212,48198,47273,2764,50037,582
2021-10-13,Napa,055,140530,12773,12695,103,12798,100
2021-10-13,Nevada,057,99092,8822,8725,307,9032,90
2021-10-13,Orange,059,3164182,302734,300468,14655,315123,5503
2021-10-13,Placer,061,380077,35766,35254,3473,38727,412
2021-10-13,Plumas,063,18699,1602,1514,30,1544,6
2021-10-13,Riverside,065,2383286,356386,352044,16252,368296,4978
2021-10-13,Sacramento,067,1510023,154293,153141,4262,157403,2182
2021-10-13,San Benito,069,59416,7232,7196,160,7356,71
2021-10-13,San Bernardino,071,2135413,347611,344951,10891,355842,5562
2021-10-13,San Diego,073,3302833,365294,362564,21463,384027,4141
2021-10-13,San Francisco,075,870044,51976,51379,2252,53631,644
2021-10-13,San Joaquin,077,732212,97417,96343,5281,101624,1696
2021-10-13,San Luis Obispo,079,281455,28892,28397,1182,29579,330
2021-10-13,San Mateo,081,765935,53234,52352,825,53177,569
2021-10-13,Santa Barbara,083,443738,43514,43109,1526,44635,518
2021-10-13,Santa Clara,085,1922200,144361,143064,1231,144295,1886
2021-10-13,Santa Cruz,087,273765,19999,19763,994,20757,217
2021-10-13,Shasta,089,179085,20274,19802,3389,23191,307
2021-10-13,Sierra,091,2930,169,155,18,173,0
2021-10-13,Siskiyou,093,43540,3274,3173,1222,4395,42
2021-10-13,Solano,095,438530,45214,44558,1211,45769,334
2021-10-13,Sonoma,097,501317,40409,40122,510,40632,390
2021-10-13,Stanislaus,099,539301,75791,75698,8583,84281,1136
2021-10-13,Sutter,101,95872,13508,13458,308,13766,169
2021-10-13,Tehama,103,63373,8027,7849,1359,9208,103
2021-10-13,Trinity,105,12862,818,677,208,885,11
2021-10-13,Tulare,107,460477,65825,64297,14007,78304,945
2021-10-13,Tuolumne,109,53932,6734,6644,80,6724,89
2021-10-13,Ventura,111,848112,96789,96099,4249,100348,1162
2021-10-13,Yolo,113,214977,19293,19023,1050,20073,247
2021-10-13,Yuba,115,75493,9794,9690,265,9955,80
2021-10-12,Alameda,001,1643700,117495,116813,2722,119535,1357
2021-10-12,Alpine,003,1148,100,102,0,102,0
2021-10-12,Amador,005,37829,5354,5301,58,5359,63
2021-10-12,Butte,007,227075,19958,19506,3584,23090,256
2021-10-12,Calaveras,009,45235,3801,3750,42,3792,75
2021-10-12,Colusa,011,21464,2461,2428,593,3021,18
2021-10-12,Contra Costa,013,1133247,97538,96894,2087,98981,960
2021-10-12,Del Norte,015,27424,3593,3511,52,3563,39
2021-10-12,El Dorado,017,186661,15519,15287,1628,16915,148
2021-10-12,Fresno,019,978130,133924,131848,12183,144031,2042
2021-10-12,Glenn,021,27897,3385,3321,979,4300,26
2021-10-12,Humboldt,023,135768,8692,8587,480,9067,102
2021-10-12,Imperial,025,180216,32561,32267,3119,35386,762
2021-10-12,Inyo,027,18085,1981,1889,42,1931,39
2021-10-12,Kern,029,883053,122669,120826,20228,141054,1580
2021-10-12,Kings,031,150075,30862,30200,1811,32011,312
2021-10-12,Lake,033,64148,6477,6372,133,6505,97
2021-10-12,Lassen,035,31185,6650,6526,319,6845,25
2021-10-12,Los Angeles,037,10098052,1418456,1407462,53318,1460780,26362
2021-10-12,Madera,039,155013,21991,21574,1917,23491,277
2021-10-12,Marin,041,260295,17253,17126,434,17560,242
2021-10-12,Mariposa,043,17540,1154,1088,40,1128,5
2021-10-12,Mendocino,045,87422,7184,7077,438,7515,82
2021-10-12,Merced,047,269075,40422,40113,1714,41827,567
2021-10-12,Modoc,049,8938,505,485,179,664,5
2021-10-12,Mono,051,14174,1647,1608,20,1628,3
2021-10-12,Monterey,053,433212,48167,47254,2756,50010,582
2021-10-12,Napa,055,140530,12759,12671,103,12774,97
2021-10-12,Nevada,057,99092,8810,8720,306,9026,89
2021-10-12,Orange,059,3164182,302480,300256,14629,314885,5499
2021-10-12,Placer,061,380077,35703,35214,3465,38679,404
2021-10-12,Plumas,063,18699,1588,1488,29,1517,6
2021-10-12,Riverside,065,2383286,356060,351771,16238,368009,4973
2021-10-12,Sacramento,067,1510023,153988,152935,4237,157172,2170
2021-10-12,San Benito,069,59416,7218,7193,160,7353,71
2021-10-12,San Bernardino,071,2135413,347296,344788,10880,355668,5563
2021-10-12,San Diego,073,3302833,364771,362256,21434,383690,4137
2021-10-12,San Francisco,075,870044,51913,51301,2251,53552,643
2021-10-12,San Joaquin,077,732212,97280,96237,5276,101513,1690
2021-10-12,San Luis Obispo,079,281455,28845,28379,1181,29560,327
2021-10-12,San Mateo,081,765935,53184,52328,824,53152,569
2021-10-12,Santa Barbara,083,443738,43453,43076,1526,44602,515
2021-10-12,Santa Clara,085,1922200,144207,142954,1229,144183,1882
2021-10-12,Santa Cruz,087,273765,19974,19757,994,20751,218
2021-10-12,Shasta,089,179085,20200,19731,3368,23099,304
2021-10-12,Sierra,091,2930,169,153,18,171,0
2021-10-12,Siskiyou,093,43540,3263,3166,1216,4382,42
2021-10-12,Solano,095,438530,45172,44516,1205,45721,329
2021-10-12,Sonoma,097,501317,40368,40105,509,40614,390
2021-10-12,Stanislaus,099,539301,75639,75589,8570,84159,1126
2021-10-12,Sutter,101,95872,13485,13436,304,13740,168
2021-10-12,Tehama,103,63373,7995,7820,1355,9175,103
2021-10-12,Trinity,105,12862,815,676,208,884,11
2021-10-12,Tulare,107,460477,65640,64216,13950,78166,944
2021-10-12,Tuolumne,109,53932,6717,6637,79,6716,89
2021-10-12,Ventura,111,848112,96688,96022,4244,100266,1160
2021-10-12,Yolo,113,214977,19266,18987,1042,20029,247
2021-10-12,Yuba,115,75493,9779,9676,261,9937,70
2021-10-11,Alameda,001,1643700,117354,116759,2721,119480,1358
2021-10-11,Alpine,003,1148,100,102,0,102,0
2021-10-11,Amador,005,37829,5342,5286,58,5344,62
2021-10-11,Butte,007,227075,19899,19452,3579,23031,253
2021-10-11,Calaveras,009,45235,3780,3750,42,3792,75
2021-10-11,Colusa,011,21464,2457,2427,585,3012,18
2021-10-11,Contra Costa,013,1133247,97402,96832,2082,98914,960
2021-10-11,Del Norte,015,27424,3590,3510,48,3558,39
2021-10-11,El Dorado,017,186661,15490,15273,1624,16897,146
2021-10-11,Fresno,019,978130,133594,131703,12148,143851,2036
2021-10-11,Glenn,021,27897,3368,3308,976,4284,26
2021-10-11,Humboldt,023,135768,8667,8571,473,9044,101
2021-10-11,Imperial,025,180216,32511,32207,3113,35320,762
2021-10-11,Inyo,027,18085,1958,1862,41,1903,39
2021-10-11,Kern,029,883053,122433,120684,20132,140816,1575
2021-10-11,Kings,031,150075,30773,30180,1801,31981,309
2021-10-11,Lake,033,64148,6461,6361,129,6490,97
2021-10-11,Lassen,035,31185,6630,6499,316,6815,25
2021-10-11,Los Angeles,037,10098052,1417408,1406826,53267,1460093,26346
2021-10-11,Madera,039,155013,21934,21555,1900,23455,272
2021-10-11,Marin,041,260295,17235,17121,430,17551,242
2021-10-11,Mariposa,043,17540,1124,1083,39,1122,5
2021-10-11,Mendocino,045,87422,7168,7064,434,7498,82
2021-10-11,Merced,047,269075,40306,40064,1689,41753,566
2021-10-11,Modoc,049,8938,502,482,176,658,5
2021-10-11,Mono,051,14174,1637,1604,20,1624,3
2021-10-11,Monterey,053,433212,48138,47241,2749,49990,580
2021-10-11,Napa,055,140530,12736,12654,101,12755,96
2021-10-11,Nevada,057,99092,8790,8716,305,9021,90
2021-10-11,Orange,059,3164182,302252,299941,14599,314540,5499
2021-10-11,Placer,061,380077,35634,35173,3448,38621,404
2021-10-11,Plumas,063,18699,1570,1469,27,1496,6
2021-10-11,Riverside,065,2383286,355716,351444,16233,367677,4973
2021-10-11,Sacramento,067,1510023,153698,152681,4206,156887,2169
2021-10-11,San Benito,069,59416,7197,7184,158,7342,71
2021-10-11,San Bernardino,071,2135413,346910,344594,10872,355466,5549
2021-10-11,San Diego,073,3302833,364250,361712,21402,383114,4124
2021-10-11,San Francisco,075,870044,51842,51275,2247,53522,643
2021-10-11,San Joaquin,077,732212,97126,96152,5265,101417,1681
2021-10-11,San Luis Obispo,079,281455,28798,28355,1176,29531,327
2021-10-11,San Mateo,081,765935,53136,52298,823,53121,569
2021-10-11,Santa Barbara,083,443738,43406,43018,1525,44543,515
2021-10-11,Santa Clara,085,1922200,144045,142836,1225,144061,1882
2021-10-11,Santa Cruz,087,273765,19950,19745,993,20738,217
2021-10-11,Shasta,089,179085,20121,19662,3352,23014,295
2021-10-11,Sierra,091,2930,166,147,17,164,0
2021-10-11,Siskiyou,093,43540,3256,3159,1212,4371,42
2021-10-11,Solano,095,438530,45123,44474,1202,45676,329
2021-10-11,Sonoma,097,501317,40323,40067,509,40576,390
2021-10-11,Stanislaus,099,539301,75467,75478,8549,84027,1118
2021-10-11,Sutter,101,95872,13466,13427,302,13729,165
2021-10-11,Tehama,103,63373,7954,7795,1346,9141,102
2021-10-11,Trinity,105,12862,809,675,207,882,11
2021-10-11,Tulare,107,460477,65460,64094,13883,77977,942
2021-10-11,Tuolumne,109,53932,6679,6602,79,6681,89
2021-10-11,Ventura,111,848112,96591,95876,4237,100113,1160
2021-10-11,Yolo,113,214977,19220,18977,1039,20016,247
2021-10-11,Yuba,115,75493,9762,9657,249,9906,69
2021-10-10,Alameda,001,1643700,117235,116679,2717,119396,1358
2021-10-10,Alpine,003,1148,100,102,0,102,0
2021-10-10,Amador,005,37829,5328,5278,58,5336,62
2021-10-10,Butte,007,227075,19835,19430,3565,22995,253
2021-10-10,Calaveras,009,45235,3768,3747,42,3789,75
2021-10-10,Colusa,011,21464,2456,2425,584,3009,18
2021-10-10,Contra Costa,013,1133247,97303,96760,2076,98836,960
2021-10-10,Del Norte,015,27424,3586,3507,48,3555,39
2021-10-10,El Dorado,017,186661,15459,15250,1618,16868,146
2021-10-10,Fresno,019,978130,133264,131434,12117,143551,2035
2021-10-10,Glenn,021,27897,3364,3297,974,4271,26
2021-10-10,Humboldt,023,135768,8645,8554,469,9023,101
2021-10-10,Imperial,025,180216,32437,32167,3112,35279,762
2021-10-10,Inyo,027,18085,1937,1857,41,1898,39
2021-10-10,Kern,029,883053,122107,120552,20028,140580,1573
2021-10-10,Kings,031,150075,30684,30122,1791,31913,308
2021-10-10,Lake,033,64148,6445,6349,128,6477,97
2021-10-10,Lassen,035,31185,6610,6495,315,6810,26
2021-10-10,Los Angeles,037,10098052,1416219,1406034,53193,1459227,26338
2021-10-10,Madera,039,155013,21888,21486,1891,23377,272
2021-10-10,Marin,041,260295,17218,17112,430,17542,242
2021-10-10,Mariposa,043,17540,1121,1074,39,1113,5
2021-10-10,Mendocino,045,87422,7153,7060,426,7486,81
2021-10-10,Merced,047,269075,40221,40036,1671,41707,566
2021-10-10,Modoc,049,8938,502,482,176,658,5
2021-10-10,Mono,051,14174,1636,1596,20,1616,3
2021-10-10,Monterey,053,433212,48108,47228,2748,49976,580
2021-10-10,Napa,055,140530,12713,12641,101,12742,96
2021-10-10,Nevada,057,99092,8778,8689,305,8994,90
2021-10-10,Orange,059,3164182,301990,299787,14571,314358,5499
2021-10-10,Placer,061,380077,35541,35128,3436,38564,404
2021-10-10,Plumas,063,18699,1554,1468,25,1493,6
2021-10-10,Riverside,065,2383286,355343,351248,16214,367462,4973
2021-10-10,Sacramento,067,1510023,153431,152405,4189,156594,2178
2021-10-10,San Benito,069,59416,7192,7180,157,7337,71
2021-10-10,San Bernardino,071,2135413,346604,344423,10864,355287,5551
2021-10-10,San Diego,073,3302833,363724,361038,21355,382393,4113
2021-10-10,San Francisco,075,870044,51795,51216,2244,53460,643
2021-10-10,San Joaquin,077,732212,96955,96084,5248,101332,1681
2021-10-10,San Luis Obispo,079,281455,28754,28343,1176,29519,326
2021-10-10,San Mateo,081,765935,53094,52273,822,53095,569
2021-10-10,Santa Barbara,083,443738,43359,42987,1524,44511,515
2021-10-10,Santa Clara,085,1922200,143880,142768,1218,143986,1881
2021-10-10,Santa Cruz,087,273765,19930,19727,993,20720,217
2021-10-10,Shasta,089,179085,20033,19635,3343,22978,296
2021-10-10,Sierra,091,2930,164,147,17,164,0
2021-10-10,Siskiyou,093,43540,3242,3155,1205,4360,42
2021-10-10,Solano,095,438530,45067,44431,1202,45633,329
2021-10-10,Sonoma,097,501317,40271,40027,509,40536,390
2021-10-10,Stanislaus,099,539301,75290,75403,8535,83938,1118
2021-10-10,Sutter,101,95872,13442,13412,297,13709,165
2021-10-10,Tehama,103,63373,7916,7764,1337,9101,102
2021-10-10,Trinity,105,12862,808,669,206,875,11
2021-10-10,Tulare,107,460477,65288,63930,13833,77763,940
2021-10-10,Tuolumne,109,53932,6655,6580,78,6658,89
2021-10-10,Ventura,111,848112,96502,95829,4237,100066,1160
2021-10-10,Yolo,113,214977,19188,18952,1034,19986,247
2021-10-10,Yuba,115,75493,9746,9641,244,9885,69
2021-10-09,Alameda,001,1643700,117136,116253,2715,118968,1356
2021-10-09,Alpine,003,1148,99,102,0,102,0
2021-10-09,Amador,005,37829,5326,5237,57,5294,62
2021-10-09,Butte,007,227075,19804,19277,3562,22839,250
2021-10-09,Calaveras,009,45235,3764,3716,42,3758,75
2021-10-09,Colusa,011,21464,2452,2419,583,3002,18
2021-10-09,Contra Costa,013,1133247,97232,96378,2070,98448,958
2021-10-09,Del Norte,015,27424,3585,3495,48,3543,39
2021-10-09,El Dorado,017,186661,15441,15153,1615,16768,144
2021-10-09,Fresno,019,978130,133132,130508,12098,142606,2018
2021-10-09,Glenn,021,27897,3360,3277,972,4249,26
2021-10-09,Humboldt,023,135768,8631,8448,467,8915,97
2021-10-09,Imperial,025,180216,32403,31989,3110,35099,760
2021-10-09,Inyo,027,18085,1928,1808,41,1849,39
2021-10-09,Kern,029,883053,121968,119795,20001,139796,1559
2021-10-09,Kings,031,150075,30635,29894,1789,31683,308
2021-10-09,Lake,033,64148,6426,6283,127,6410,97
2021-10-09,Lassen,035,31185,6605,6442,314,6756,25
2021-10-09,Los Angeles,037,10098052,1415630,1402810,53154,1455964,26280
2021-10-09,Madera,039,155013,21855,21313,1877,23190,271
2021-10-09,Marin,041,260295,17213,17049,428,17477,242
2021-10-09,Mariposa,043,17540,1114,1042,38,1080,5
2021-10-09,Mendocino,045,87422,7146,7011,425,7436,82
2021-10-09,Merced,047,269075,40179,39784,1671,41455,565
2021-10-09,Modoc,049,8938,500,477,175,652,5
2021-10-09,Mono,051,14174,1633,1577,20,1597,3
2021-10-09,Monterey,053,433212,48096,47168,2745,49913,577
2021-10-09,Napa,055,140530,12709,12586,101,12687,96
2021-10-09,Nevada,057,99092,8767,8613,304,8917,90
2021-10-09,Orange,059,3164182,301809,299089,14552,313641,5457
2021-10-09,Placer,061,380077,35503,34877,3429,38306,393
2021-10-09,Plumas,063,18699,1543,1418,25,1443,6
2021-10-09,Riverside,065,2383286,355092,350082,16197,366279,4965
2021-10-09,Sacramento,067,1510023,153221,151566,4176,155742,2160
2021-10-09,San Benito,069,59416,7184,7123,157,7280,71
2021-10-09,San Bernardino,071,2135413,346420,343452,10860,354312,5556
2021-10-09,San Diego,073,3302833,363409,359909,21350,381259,4111
2021-10-09,San Francisco,075,870044,51747,50960,2237,53197,643
2021-10-09,San Joaquin,077,732212,96889,95606,5243,100849,1669
2021-10-09,San Luis Obispo,079,281455,28737,28197,1174,29371,324
2021-10-09,San Mateo,081,765935,53063,52121,821,52942,569
2021-10-09,Santa Barbara,083,443738,43332,42735,1524,44259,514
2021-10-09,Santa Clara,085,1922200,143757,142298,1212,143510,1873
2021-10-09,Santa Cruz,087,273765,19920,19635,992,20627,217
2021-10-09,Shasta,089,179085,19983,19437,3338,22775,290
2021-10-09,Sierra,091,2930,161,141,17,158,0
2021-10-09,Siskiyou,093,43540,3241,3124,1204,4328,42
2021-10-09,Solano,095,438530,45050,44265,1201,45466,329
2021-10-09,Sonoma,097,501317,40227,39848,508,40356,387
2021-10-09,Stanislaus,099,539301,75200,74899,8525,83424,1114
2021-10-09,Sutter,101,95872,13433,13314,295,13609,165
2021-10-09,Tehama,103,63373,7905,7670,1332,9002,99
2021-10-09,Trinity,105,12862,807,660,206,866,11
2021-10-09,Tulare,107,460477,65180,63398,13811,77209,932
2021-10-09,Tuolumne,109,53932,6636,6521,78,6599,89
2021-10-09,Ventura,111,848112,96448,95542,4234,99776,1158
2021-10-09,Yolo,113,214977,19166,18850,1031,19881,247
2021-10-09,Yuba,115,75493,9734,9551,242,9793,69
2021-10-08,Alameda,001,1643700,117055,116253,2712,118965,1356
2021-10-08,Alpine,003,1148,99,102,0,102,0
2021-10-08,Amador,005,37829,5313,5237,57,5294,62
2021-10-08,Butte,007,227075,19775,19277,3558,22835,250
2021-10-08,Calaveras,009,45235,3759,3716,42,3758,75
2021-10-08,Colusa,011,21464,2450,2419,583,3002,18
2021-10-08,Contra Costa,013,1133247,97188,96378,2065,98443,958
2021-10-08,Del Norte,015,27424,3584,3495,48,3543,39
2021-10-08,El Dorado,017,186661,15421,15153,1611,16764,144
2021-10-08,Fresno,019,978130,132935,130508,12077,142585,2018
2021-10-08,Glenn,021,27897,3352,3277,970,4247,26
2021-10-08,Humboldt,023,135768,8620,8448,464,8912,97
2021-10-08,Imperial,025,180216,32373,31989,3106,35095,760
2021-10-08,Inyo,027,18085,1910,1808,41,1849,39
2021-10-08,Kern,029,883053,121831,119795,19959,139754,1559
2021-10-08,Kings,031,150075,30541,29894,1788,31682,308
2021-10-08,Lake,033,64148,6418,6283,127,6410,97
2021-10-08,Lassen,035,31185,6591,6442,311,6753,25
2021-10-08,Los Angeles,037,10098052,1414969,1402810,53117,1455927,26280
2021-10-08,Madera,039,155013,21796,21313,1870,23183,271
2021-10-08,Marin,041,260295,17202,17049,427,17476,242
2021-10-08,Mariposa,043,17540,1107,1042,36,1078,5
2021-10-08,Mendocino,045,87422,7133,7011,425,7436,82
2021-10-08,Merced,047,269075,40147,39784,1668,41452,565
2021-10-08,Modoc,049,8938,498,477,175,652,5
2021-10-08,Mono,051,14174,1630,1577,20,1597,3
2021-10-08,Monterey,053,433212,48069,47168,2743,49911,577
2021-10-08,Napa,055,140530,12693,12586,101,12687,96
2021-10-08,Nevada,057,99092,8754,8613,304,8917,90
2021-10-08,Orange,059,3164182,301662,299089,14532,313621,5457
2021-10-08,Placer,061,380077,35465,34877,3421,38298,393
2021-10-08,Plumas,063,18699,1531,1418,25,1443,6
2021-10-08,Riverside,065,2383286,354823,350082,16186,366268,4965
2021-10-08,Sacramento,067,1510023,153056,151566,4162,155728,2160
2021-10-08,San Benito,069,59416,7180,7123,155,7278,71
2021-10-08,San Bernardino,071,2135413,346212,343452,10852,354304,5556
2021-10-08,San Diego,073,3302833,363074,359909,21331,381240,4111
2021-10-08,San Francisco,075,870044,51700,50960,2228,53188,643
2021-10-08,San Joaquin,077,732212,96821,95606,5237,100843,1669
2021-10-08,San Luis Obispo,079,281455,28710,28197,1173,29370,324
2021-10-08,San Mateo,081,765935,53035,52121,821,52942,569
2021-10-08,Santa Barbara,083,443738,43297,42735,1523,44258,514
2021-10-08,Santa Clara,085,1922200,143644,142298,1207,143505,1873
2021-10-08,Santa Cruz,087,273765,19905,19635,992,20627,217
2021-10-08,Shasta,089,179085,19941,19437,3332,22769,290
2021-10-08,Sierra,091,2930,159,141,15,156,0
2021-10-08,Siskiyou,093,43540,3233,3124,1203,4327,42
2021-10-08,Solano,095,438530,45011,44265,1200,45465,329
2021-10-08,Sonoma,097,501317,40191,39848,508,40356,387
2021-10-08,Stanislaus,099,539301,75131,74899,8516,83415,1114
2021-10-08,Sutter,101,95872,13419,13314,293,13607,165
2021-10-08,Tehama,103,63373,7888,7670,1330,9000,99
2021-10-08,Trinity,105,12862,806,660,206,866,11
2021-10-08,Tulare,107,460477,65062,63398,13779,77177,932
2021-10-08,Tuolumne,109,53932,6613,6521,78,6599,89
2021-10-08,Ventura,111,848112,96397,95542,4228,99770,1158
2021-10-08,Yolo,113,214977,19153,18850,1027,19877,247
2021-10-08,Yuba,115,75493,9714,9551,241,9792,69
2021-10-07,Alameda,001,1643700,116935,116253,2711,118964,1356
2021-10-07,Alpine,003,1148,99,102,0,102,0
2021-10-07,Amador,005,37829,5306,5237,57,5294,62
2021-10-07,Butte,007,227075,19726,19277,3547,22824,250
2021-10-07,Calaveras,009,45235,3747,3716,42,3758,75
2021-10-07,Colusa,011,21464,2447,2419,577,2996,18
2021-10-07,Contra Costa,013,1133247,97064,96378,2061,98439,958
2021-10-07,Del Norte,015,27424,3581,3495,48,3543,39
2021-10-07,El Dorado,017,186661,15385,15153,1607,16760,144
2021-10-07,Fresno,019,978130,132661,130508,12053,142561,2018
2021-10-07,Glenn,021,27897,3345,3277,968,4245,26
2021-10-07,Humboldt,023,135768,8594,8448,461,8909,97
2021-10-07,Imperial,025,180216,32302,31989,3093,35082,760
2021-10-07,Inyo,027,18085,1891,1808,41,1849,39
2021-10-07,Kern,029,883053,121600,119795,19893,139688,1559
2021-10-07,Kings,031,150075,30476,29894,1782,31676,308
2021-10-07,Lake,033,64148,6407,6283,127,6410,97
2021-10-07,Lassen,035,31185,6573,6442,309,6751,25
2021-10-07,Los Angeles,037,10098052,1414011,1402810,53072,1455882,26280
2021-10-07,Madera,039,155013,21723,21313,1856,23169,271
2021-10-07,Marin,041,260295,17184,17049,427,17476,242
2021-10-07,Mariposa,043,17540,1099,1042,36,1078,5
2021-10-07,Mendocino,045,87422,7123,7011,421,7432,82
2021-10-07,Merced,047,269075,40080,39784,1651,41435,565
2021-10-07,Modoc,049,8938,495,477,174,651,5
2021-10-07,Mono,051,14174,1621,1577,20,1597,3
2021-10-07,Monterey,053,433212,48044,47168,2734,49902,577
2021-10-07,Napa,055,140530,12678,12586,101,12687,96
2021-10-07,Nevada,057,99092,8726,8613,304,8917,90
2021-10-07,Orange,059,3164182,301436,299089,14518,313607,5457
2021-10-07,Placer,061,380077,35403,34877,3414,38291,393
2021-10-07,Plumas,063,18699,1514,1418,25,1443,6
2021-10-07,Riverside,065,2383286,354490,350082,16174,366256,4965
2021-10-07,Sacramento,067,1510023,152774,151566,4135,155701,2160
2021-10-07,San Benito,069,59416,7164,7123,153,7276,71
2021-10-07,San Bernardino,071,2135413,345941,343452,10844,354296,5556
2021-10-07,San Diego,073,3302833,362662,359909,21310,381219,4111
2021-10-07,San Francisco,075,870044,51630,50960,2225,53185,643
2021-10-07,San Joaquin,077,732212,96667,95606,5229,100835,1669
2021-10-07,San Luis Obispo,079,281455,28659,28197,1171,29368,324
2021-10-07,San Mateo,081,765935,52995,52121,819,52940,569
2021-10-07,Santa Barbara,083,443738,43229,42735,1517,44252,514
2021-10-07,Santa Clara,085,1922200,143493,142298,1201,143499,1873
2021-10-07,Santa Cruz,087,273765,19885,19635,991,20626,217
2021-10-07,Shasta,089,179085,19852,19437,3317,22754,290
2021-10-07,Sierra,091,2930,158,141,15,156,0
2021-10-07,Siskiyou,093,43540,3229,3124,1198,4322,42
2021-10-07,Solano,095,438530,44966,44265,1196,45461,329
2021-10-07,Sonoma,097,501317,40154,39848,506,40354,387
2021-10-07,Stanislaus,099,539301,74969,74899,8491,83390,1114
2021-10-07,Sutter,101,95872,13397,13314,290,13604,165
2021-10-07,Tehama,103,63373,7855,7670,1324,8994,99
2021-10-07,Trinity,105,12862,804,660,206,866,11
2021-10-07,Tulare,107,460477,64896,63398,13741,77139,932
2021-10-07,Tuolumne,109,53932,6591,6521,78,6599,89
2021-10-07,Ventura,111,848112,96324,95542,4225,99767,1158
2021-10-07,Yolo,113,214977,19120,18850,1022,19872,247
2021-10-07,Yuba,115,75493,9688,9551,234,9785,69
2021-10-06,Alameda,001,1643700,116800,116058,2705,118763,1353
2021-10-06,Alpine,003,1148,99,102,0,102,0
2021-10-06,Amador,005,37829,5303,5205,57,5262,62
2021-10-06,Butte,007,227075,19664,19208,3540,22748,247
2021-10-06,Calaveras,009,45235,3738,3669,42,3711,75
2021-10-06,Colusa,011,21464,2445,2414,570,2984,18
2021-10-06,Contra Costa,013,1133247,96937,96184,2057,98241,953
2021-10-06,Del Norte,015,27424,3578,3490,45,3535,39
2021-10-06,El Dorado,017,186661,15360,15078,1604,16682,140
2021-10-06,Fresno,019,978130,132371,130074,12028,142102,2008
2021-10-06,Glenn,021,27897,3336,3270,966,4236,26
2021-10-06,Humboldt,023,135768,8579,8416,454,8870,94
2021-10-06,Imperial,025,180216,32249,31930,3082,35012,760
2021-10-06,Inyo,027,18085,1876,1806,41,1847,39
2021-10-06,Kern,029,883053,121343,119491,19800,139291,1552
2021-10-06,Kings,031,150075,30410,29785,1774,31559,308
2021-10-06,Lake,033,64148,6393,6271,127,6398,97
2021-10-06,Lassen,035,31185,6557,6429,308,6737,25
2021-10-06,Los Angeles,037,10098052,1413051,1401675,53024,1454699,26252
2021-10-06,Madera,039,155013,21668,21230,1846,23076,269
2021-10-06,Marin,041,260295,17175,17042,424,17466,242
2021-10-06,Mariposa,043,17540,1092,1036,36,1072,5
2021-10-06,Mendocino,045,87422,7114,6986,419,7405,81
2021-10-06,Merced,047,269075,40005,39666,1639,41305,563
2021-10-06,Modoc,049,8938,495,477,172,649,5
2021-10-06,Mono,051,14174,1609,1568,20,1588,3
2021-10-06,Monterey,053,433212,48011,47136,2729,49865,577
2021-10-06,Napa,055,140530,12654,12552,100,12652,96
2021-10-06,Nevada,057,99092,8710,8582,303,8885,90
2021-10-06,Orange,059,3164182,301198,298785,14505,313290,5448
2021-10-06,Placer,061,380077,35352,34764,3408,38172,390
2021-10-06,Plumas,063,18699,1491,1383,25,1408,6
2021-10-06,Riverside,065,2383286,354134,349645,16153,365798,4953
2021-10-06,Sacramento,067,1510023,152521,151164,4104,155268,2141
2021-10-06,San Benito,069,59416,7149,7108,153,7261,69
2021-10-06,San Bernardino,071,2135413,345648,343022,10837,353859,5551
2021-10-06,San Diego,073,3302833,362163,359564,21282,380846,4104
2021-10-06,San Francisco,075,870044,51567,50894,2222,53116,641
2021-10-06,San Joaquin,077,732212,96533,95418,5217,100635,1658
2021-10-06,San Luis Obispo,079,281455,28609,28170,1165,29335,323
2021-10-06,San Mateo,081,765935,52945,52056,814,52870,569
2021-10-06,Santa Barbara,083,443738,43146,42687,1515,44202,513
2021-10-06,Santa Clara,085,1922200,143341,142124,1196,143320,1872
2021-10-06,Santa Cruz,087,273765,19856,19604,989,20593,217
2021-10-06,Shasta,089,179085,19777,19325,3304,22629,287
2021-10-06,Sierra,091,2930,156,138,15,153,0
2021-10-06,Siskiyou,093,43540,3219,3116,1191,4307,42
2021-10-06,Solano,095,438530,44932,44185,1195,45380,328
2021-10-06,Sonoma,097,501317,40104,39787,505,40292,383
2021-10-06,Stanislaus,099,539301,74827,74699,8478,83177,1114
2021-10-06,Sutter,101,95872,13376,13284,288,13572,164
2021-10-06,Tehama,103,63373,7819,7629,1317,8946,99
2021-10-06,Trinity,105,12862,801,656,206,862,11
2021-10-06,Tulare,107,460477,64716,63198,13682,76880,926
2021-10-06,Tuolumne,109,53932,6566,6486,78,6564,89
2021-10-06,Ventura,111,848112,96233,95449,4217,99666,1158
2021-10-06,Yolo,113,214977,19088,18815,1017,19832,247
2021-10-06,Yuba,115,75493,9664,9520,233,9753,69
2021-10-05,Alameda,001,1643700,116656,115968,2700,118668,1350
2021-10-05,Alpine,003,1148,99,102,0,102,0
2021-10-05,Amador,005,37829,5282,5194,56,5250,61
2021-10-05,Butte,007,227075,19615,19137,3530,22667,246
2021-10-05,Calaveras,009,45235,3722,3657,42,3699,73
2021-10-05,Colusa,011,21464,2438,2414,569,2983,18
2021-10-05,Contra Costa,013,1133247,96821,96108,2051,98159,941
2021-10-05,Del Norte,015,27424,3576,3485,44,3529,39
2021-10-05,El Dorado,017,186661,15321,15052,1601,16653,140
2021-10-05,Fresno,019,978130,132031,129957,11991,141948,1987
2021-10-05,Glenn,021,27897,3326,3270,963,4233,26
2021-10-05,Humboldt,023,135768,8548,8398,450,8848,94
2021-10-05,Imperial,025,180216,32201,31909,3077,34986,759
2021-10-05,Inyo,027,18085,1859,1800,41,1841,39
2021-10-05,Kern,029,883053,121078,119260,19698,138958,1540
2021-10-05,Kings,031,150075,30335,29749,1768,31517,301
2021-10-05,Lake,033,64148,6372,6264,126,6390,97
2021-10-05,Lassen,035,31185,6538,6417,306,6723,25
2021-10-05,Los Angeles,037,10098052,1411907,1400300,52971,1453271,26223
2021-10-05,Madera,039,155013,21610,21183,1833,23016,269
2021-10-05,Marin,041,260295,17163,17024,424,17448,242
2021-10-05,Mariposa,043,17540,1073,1033,33,1066,5
2021-10-05,Mendocino,045,87422,7098,6972,412,7384,79
2021-10-05,Merced,047,269075,39939,39608,1631,41239,562
2021-10-05,Modoc,049,8938,491,475,171,646,5
2021-10-05,Mono,051,14174,1601,1565,20,1585,3
2021-10-05,Monterey,053,433212,47994,47087,2719,49806,573
2021-10-05,Napa,055,140530,12630,12533,100,12633,96
2021-10-05,Nevada,057,99092,8680,8576,303,8879,90
2021-10-05,Orange,059,3164182,300921,298589,14473,313062,5441
2021-10-05,Placer,061,380077,35272,34728,3401,38129,382
2021-10-05,Plumas,063,18699,1466,1357,25,1382,6
2021-10-05,Riverside,065,2383286,353774,349365,16138,365503,4942
2021-10-05,Sacramento,067,1510023,152247,151111,4076,155187,2126
2021-10-05,San Benito,069,59416,7131,7103,151,7254,69
2021-10-05,San Bernardino,071,2135413,345319,342711,10830,353541,5557
2021-10-05,San Diego,073,3302833,361579,359194,21255,380449,4092
2021-10-05,San Francisco,075,870044,51470,50826,2219,53045,641
2021-10-05,San Joaquin,077,732212,96380,95276,5190,100466,1651
2021-10-05,San Luis Obispo,079,281455,28565,28113,1163,29276,324
2021-10-05,San Mateo,081,765935,52899,52008,814,52822,569
2021-10-05,Santa Barbara,083,443738,43068,42595,1511,44106,511
2021-10-05,Santa Clara,085,1922200,143182,141971,1189,143160,1873
2021-10-05,Santa Cruz,087,273765,19814,19582,989,20571,216
2021-10-05,Shasta,089,179085,19703,19285,3291,22576,286
2021-10-05,Sierra,091,2930,152,136,15,151,0
2021-10-05,Siskiyou,093,43540,3205,3107,1191,4298,42
2021-10-05,Solano,095,438530,44861,44149,1193,45342,325
2021-10-05,Sonoma,097,501317,40049,39756,500,40256,383
2021-10-05,Stanislaus,099,539301,74665,74599,8461,83060,1114
2021-10-05,Sutter,101,95872,13348,13270,287,13557,164
2021-10-05,Tehama,103,63373,7789,7607,1308,8915,98
2021-10-05,Trinity,105,12862,798,655,206,861,11
2021-10-05,Tulare,107,460477,64509,63093,13628,76721,920
2021-10-05,Tuolumne,109,53932,6551,6473,77,6550,89
2021-10-05,Ventura,111,848112,96127,95351,4216,99567,1155
2021-10-05,Yolo,113,214977,19052,18782,1011,19793,245
2021-10-05,Yuba,115,75493,9632,9504,230,9734,69
2021-10-04,Alameda,001,1643700,116493,115845,2697,118542,1347
2021-10-04,Alpine,003,1148,99,102,0,102,0
2021-10-04,Amador,005,37829,5272,5163,55,5218,61
2021-10-04,Butte,007,227075,19538,19081,3518,22599,245
2021-10-04,Calaveras,009,45235,3713,3641,42,3683,73
2021-10-04,Colusa,011,21464,2437,2414,567,2981,18
2021-10-04,Contra Costa,013,1133247,96680,95958,2046,98004,937
2021-10-04,Del Norte,015,27424,3574,3485,40,3525,39
2021-10-04,El Dorado,017,186661,15274,15031,1594,16625,138
2021-10-04,Fresno,019,978130,131721,129665,11961,141626,1978
2021-10-04,Glenn,021,27897,3319,3270,960,4230,26
2021-10-04,Humboldt,023,135768,8516,8355,442,8797,94
2021-10-04,Imperial,025,180216,32152,31866,3070,34936,757
2021-10-04,Inyo,027,18085,1847,1792,38,1830,39
2021-10-04,Kern,029,883053,120787,118984,19577,138561,1531
2021-10-04,Kings,031,150075,30242,29702,1765,31467,303
2021-10-04,Lake,033,64148,6359,6248,126,6374,97
2021-10-04,Lassen,035,31185,6521,6405,306,6711,25
2021-10-04,Los Angeles,037,10098052,1410792,1399604,52911,1452515,26186
2021-10-04,Madera,039,155013,21546,21126,1821,22947,266
2021-10-04,Marin,041,260295,17147,17008,423,17431,242
2021-10-04,Mariposa,043,17540,1061,1024,33,1057,5
2021-10-04,Mendocino,045,87422,7080,6947,409,7356,79
2021-10-04,Merced,047,269075,39824,39565,1615,41180,558
2021-10-04,Modoc,049,8938,488,473,171,644,5
2021-10-04,Mono,051,14174,1594,1561,20,1581,3
2021-10-04,Monterey,053,433212,47973,47058,2712,49770,571
2021-10-04,Napa,055,140530,12606,12506,100,12606,96
2021-10-04,Nevada,057,99092,8660,8563,303,8866,90
2021-10-04,Orange,059,3164182,300625,298165,14441,312606,5438
2021-10-04,Placer,061,380077,35190,34630,3373,38003,379
2021-10-04,Plumas,063,18699,1444,1329,25,1354,6
2021-10-04,Riverside,065,2383286,353394,348828,16128,364956,4923
2021-10-04,Sacramento,067,1510023,151923,150887,4049,154936,2115
2021-10-04,San Benito,069,59416,7118,7099,151,7250,69
2021-10-04,San Bernardino,071,2135413,344958,342418,10818,353236,5551
2021-10-04,San Diego,073,3302833,361000,358525,21224,379749,4090
2021-10-04,San Francisco,075,870044,51375,50798,2215,53013,638
2021-10-04,San Joaquin,077,732212,96183,95198,5170,100368,1649
2021-10-04,San Luis Obispo,079,281455,28520,28090,1157,29247,323
2021-10-04,San Mateo,081,765935,52839,51958,813,52771,569
2021-10-04,Santa Barbara,083,443738,42983,42585,1510,44095,511
2021-10-04,Santa Clara,085,1922200,143038,141840,1183,143023,1869
2021-10-04,Santa Cruz,087,273765,19785,19559,988,20547,216
2021-10-04,Shasta,089,179085,19596,19170,3277,22447,279
2021-10-04,Sierra,091,2930,145,136,14,150,0
2021-10-04,Siskiyou,093,43540,3196,3103,1176,4279,42
2021-10-04,Solano,095,438530,44802,44092,1189,45281,322
2021-10-04,Sonoma,097,501317,39983,39720,500,40220,381
2021-10-04,Stanislaus,099,539301,74513,74444,8442,82886,1106
2021-10-04,Sutter,101,95872,13319,13261,286,13547,164
2021-10-04,Tehama,103,63373,7748,7585,1302,8887,95
2021-10-04,Trinity,105,12862,797,649,205,854,11
2021-10-04,Tulare,107,460477,64322,62957,13559,76516,920
2021-10-04,Tuolumne,109,53932,6525,6442,77,6519,89
2021-10-04,Ventura,111,848112,96035,95170,4210,99380,1153
2021-10-04,Yolo,113,214977,19008,18761,1007,19768,242
2021-10-04,Yuba,115,75493,9593,9481,228,9709,68
2021-10-03,Alameda,001,1643700,116352,115751,2687,118438,1349
2021-10-03,Alpine,003,1148,99,102,0,102,0
2021-10-03,Amador,005,37829,5254,5160,53,5213,61
2021-10-03,Butte,007,227075,19465,19066,3501,22567,245
2021-10-03,Calaveras,009,45235,3696,3632,42,3674,73
2021-10-03,Colusa,011,21464,2436,2413,564,2977,18
2021-10-03,Contra Costa,013,1133247,96548,95890,2039,97929,937
2021-10-03,Del Norte,015,27424,3568,3483,39,3522,39
2021-10-03,El Dorado,017,186661,15216,15014,1587,16601,139
2021-10-03,Fresno,019,978130,131340,129365,11919,141284,1978
2021-10-03,Glenn,021,27897,3312,3266,952,4218,26
2021-10-03,Humboldt,023,135768,8471,8352,438,8790,94
2021-10-03,Imperial,025,180216,32085,31844,3062,34906,757
2021-10-03,Inyo,027,18085,1826,1788,38,1826,39
2021-10-03,Kern,029,883053,120482,118851,19455,138306,1535
2021-10-03,Kings,031,150075,30141,29623,1758,31381,300
2021-10-03,Lake,033,64148,6333,6239,126,6365,97
2021-10-03,Lassen,035,31185,6499,6400,304,6704,25
2021-10-03,Los Angeles,037,10098052,1409522,1398790,52856,1451646,26179
2021-10-03,Madera,039,155013,21474,21066,1811,22877,266
2021-10-03,Marin,041,260295,17124,16995,418,17413,242
2021-10-03,Mariposa,043,17540,1054,1011,33,1044,5
2021-10-03,Mendocino,045,87422,7060,6939,400,7339,79
2021-10-03,Merced,047,269075,39717,39516,1595,41111,558
2021-10-03,Modoc,049,8938,487,472,170,642,5
2021-10-03,Mono,051,14174,1590,1554,20,1574,3
2021-10-03,Monterey,053,433212,47948,47049,2701,49750,571
2021-10-03,Napa,055,140530,12578,12489,98,12587,96
2021-10-03,Nevada,057,99092,8625,8545,303,8848,90
2021-10-03,Orange,059,3164182,300343,298027,14421,312448,5447
2021-10-03,Placer,061,380077,35051,34596,3356,37952,379
2021-10-03,Plumas,063,18699,1416,1328,25,1353,6
2021-10-03,Riverside,065,2383286,352963,348593,16107,364700,4924
2021-10-03,Sacramento,067,1510023,151634,150664,4020,154684,2120
2021-10-03,San Benito,069,59416,7109,7095,151,7246,69
2021-10-03,San Bernardino,071,2135413,344548,342302,10811,353113,5555
2021-10-03,San Diego,073,3302833,360404,358153,21192,379345,4081
2021-10-03,San Francisco,075,870044,51287,50733,2212,52945,638
2021-10-03,San Joaquin,077,732212,95994,95133,5162,100295,1649
2021-10-03,San Luis Obispo,079,281455,28453,28065,1152,29217,325
2021-10-03,San Mateo,081,765935,52772,51923,812,52735,569
2021-10-03,Santa Barbara,083,443738,42887,42550,1502,44052,511
2021-10-03,Santa Clara,085,1922200,142868,141737,1175,142912,1869
2021-10-03,Santa Cruz,087,273765,19745,19548,986,20534,216
2021-10-03,Shasta,089,179085,19491,19132,3249,22381,279
2021-10-03,Sierra,091,2930,142,136,14,150,0
2021-10-03,Siskiyou,093,43540,3183,3096,1165,4261,42
2021-10-03,Solano,095,438530,44738,44051,1186,45237,322
2021-10-03,Sonoma,097,501317,39917,39679,500,40179,381
2021-10-03,Stanislaus,099,539301,74326,74366,8424,82790,1106
2021-10-03,Sutter,101,95872,13304,13248,282,13530,164
2021-10-03,Tehama,103,63373,7705,7564,1297,8861,94
2021-10-03,Trinity,105,12862,793,647,203,850,11
2021-10-03,Tulare,107,460477,64119,62860,13486,76346,924
2021-10-03,Tuolumne,109,53932,6496,6430,75,6505,89
2021-10-03,Ventura,111,848112,95930,95108,4207,99315,1153
2021-10-03,Yolo,113,214977,18979,18720,999,19719,242
2021-10-03,Yuba,115,75493,9574,9462,227,9689,68
2021-10-02,Alameda,001,1643700,116245,115185,2683,117868,1343
2021-10-02,Alpine,003,1148,99,102,0,102,0
2021-10-02,Amador,005,37829,5245,5105,53,5158,61
2021-10-02,Butte,007,227075,19434,18911,3494,22405,243
2021-10-02,Calaveras,009,45235,3689,3585,42,3627,72
2021-10-02,Colusa,011,21464,2435,2403,562,2965,18
2021-10-02,Contra Costa,013,1133247,96477,95369,2035,97404,933
2021-10-02,Del Norte,015,27424,3563,3468,39,3507,39
2021-10-02,El Dorado,017,186661,15190,14887,1586,16473,136
2021-10-02,Fresno,019,978130,131169,128450,11906,140356,1964
2021-10-02,Glenn,021,27897,3307,3234,952,4186,26
2021-10-02,Humboldt,023,135768,8452,8244,438,8682,94
2021-10-02,Imperial,025,180216,32050,31674,3059,34733,757
2021-10-02,Inyo,027,18085,1817,1746,38,1784,39
2021-10-02,Kern,029,883053,120349,117962,19373,137335,1524
2021-10-02,Kings,031,150075,30092,29339,1754,31093,301
2021-10-02,Lake,033,64148,6324,6191,126,6317,97
2021-10-02,Lassen,035,31185,6494,6360,304,6664,25
2021-10-02,Los Angeles,037,10098052,1408915,1395070,52819,1447889,26126
2021-10-02,Madera,039,155013,21449,20931,1802,22733,266
2021-10-02,Marin,041,260295,17119,16936,415,17351,242
2021-10-02,Mariposa,043,17540,1052,967,33,1000,5
2021-10-02,Mendocino,045,87422,7050,6869,400,7269,78
2021-10-02,Merced,047,269075,39690,39196,1591,40787,552
2021-10-02,Modoc,049,8938,485,468,170,638,5
2021-10-02,Mono,051,14174,1588,1540,20,1560,3
2021-10-02,Monterey,053,433212,47893,46964,2700,49664,571
2021-10-02,Napa,055,140530,12567,12433,98,12531,96
2021-10-02,Nevada,057,99092,8614,8474,302,8776,87
2021-10-02,Orange,059,3164182,300178,297307,14401,311708,5435
2021-10-02,Placer,061,380077,34985,34377,3347,37724,381
2021-10-02,Plumas,063,18699,1405,1298,25,1323,6
2021-10-02,Riverside,065,2383286,352722,347227,16096,363323,4895
2021-10-02,Sacramento,067,1510023,151460,149897,4012,153909,2099
2021-10-02,San Benito,069,59416,7102,7055,151,7206,69
2021-10-02,San Bernardino,071,2135413,344365,341212,10759,351971,5540
2021-10-02,San Diego,073,3302833,360082,356454,21170,377624,4078
2021-10-02,San Francisco,075,870044,51238,50393,2207,52600,634
2021-10-02,San Joaquin,077,732212,95929,94599,5156,99755,1646
2021-10-02,San Luis Obispo,079,281455,28429,27915,1152,29067,323
2021-10-02,San Mateo,081,765935,52731,51767,808,52575,573
2021-10-02,Santa Barbara,083,443738,42847,42423,1502,43925,508
2021-10-02,Santa Clara,085,1922200,142754,141231,1171,142402,1862
2021-10-02,Santa Cruz,087,273765,19728,19461,985,20446,214
2021-10-02,Shasta,089,179085,19445,18912,3243,22155,270
2021-10-02,Sierra,091,2930,141,131,14,145,0
2021-10-02,Siskiyou,093,43540,3182,3053,1162,4215,42
2021-10-02,Solano,095,438530,44693,43800,1185,44985,321
2021-10-02,Sonoma,097,501317,39883,39497,499,39996,382
2021-10-02,Stanislaus,099,539301,74240,73859,8411,82270,1099
2021-10-02,Sutter,101,95872,13295,13160,281,13441,160
2021-10-02,Tehama,103,63373,7690,7453,1297,8750,93
2021-10-02,Trinity,105,12862,790,625,203,828,10
2021-10-02,Tulare,107,460477,64043,62247,13459,75706,908
2021-10-02,Tuolumne,109,53932,6482,6369,75,6444,89
2021-10-02,Ventura,111,848112,95858,94854,4202,99056,1148
2021-10-02,Yolo,113,214977,18954,18640,995,19635,242
2021-10-02,Yuba,115,75493,9555,9370,226,9596,66
2021-10-01,Alameda,001,1643700,116168,115185,2676,117861,1343
2021-10-01,Alpine,003,1148,99,102,0,102,0
2021-10-01,Amador,005,37829,5225,5105,53,5158,61
2021-10-01,Butte,007,227075,19393,18911,3488,22399,243
2021-10-01,Calaveras,009,45235,3679,3585,42,3627,72
2021-10-01,Colusa,011,21464,2433,2403,562,2965,18
2021-10-01,Contra Costa,013,1133247,96380,95369,2031,97400,933
2021-10-01,Del Norte,015,27424,3560,3468,38,3506,39
2021-10-01,El Dorado,017,186661,15173,14887,1582,16469,136
2021-10-01,Fresno,019,978130,130981,128450,11896,140346,1964
2021-10-01,Glenn,021,27897,3305,3234,951,4185,26
2021-10-01,Humboldt,023,135768,8435,8244,438,8682,94
2021-10-01,Imperial,025,180216,32032,31674,3050,34724,757
2021-10-01,Inyo,027,18085,1808,1746,38,1784,39
2021-10-01,Kern,029,883053,120196,117962,19315,137277,1524
2021-10-01,Kings,031,150075,30058,29339,1748,31087,301
2021-10-01,Lake,033,64148,6314,6191,126,6317,97
2021-10-01,Lassen,035,31185,6483,6360,303,6663,25
2021-10-01,Los Angeles,037,10098052,1408154,1395070,52774,1447844,26126
2021-10-01,Madera,039,155013,21399,20931,1793,22724,266
2021-10-01,Marin,041,260295,17104,16936,414,17350,242
2021-10-01,Mariposa,043,17540,1045,967,33,1000,5
2021-10-01,Mendocino,045,87422,7038,6869,400,7269,78
2021-10-01,Merced,047,269075,39646,39196,1582,40778,552
2021-10-01,Modoc,049,8938,484,468,170,638,5
2021-10-01,Mono,051,14174,1585,1540,20,1560,3
2021-10-01,Monterey,053,433212,47872,46964,2697,49661,571
2021-10-01,Napa,055,140530,12557,12433,97,12530,96
2021-10-01,Nevada,057,99092,8600,8474,301,8775,87
2021-10-01,Orange,059,3164182,299994,297307,14381,311688,5435
2021-10-01,Placer,061,380077,34951,34377,3343,37720,381
2021-10-01,Plumas,063,18699,1396,1298,25,1323,6
2021-10-01,Riverside,065,2383286,352429,347227,16088,363315,4895
2021-10-01,Sacramento,067,1510023,151307,149897,4001,153898,2099
2021-10-01,San Benito,069,59416,7100,7055,149,7204,69
2021-10-01,San Bernardino,071,2135413,344165,341212,10756,351968,5540
2021-10-01,San Diego,073,3302833,359715,356454,21149,377603,4078
2021-10-01,San Francisco,075,870044,51197,50393,2205,52598,634
2021-10-01,San Joaquin,077,732212,95859,94599,5152,99751,1646
2021-10-01,San Luis Obispo,079,281455,28405,27915,1149,29064,323
2021-10-01,San Mateo,081,765935,52691,51767,805,52572,573
2021-10-01,Santa Barbara,083,443738,42811,42423,1502,43925,508
2021-10-01,Santa Clara,085,1922200,142661,141231,1166,142397,1862
2021-10-01,Santa Cruz,087,273765,19708,19461,984,20445,214
2021-10-01,Shasta,089,179085,19391,18912,3235,22147,270
2021-10-01,Sierra,091,2930,141,131,14,145,0
2021-10-01,Siskiyou,093,43540,3181,3053,1159,4212,42
2021-10-01,Solano,095,438530,44641,43800,1179,44979,321
2021-10-01,Sonoma,097,501317,39851,39497,498,39995,382
2021-10-01,Stanislaus,099,539301,74156,73859,8400,82259,1099
2021-10-01,Sutter,101,95872,13279,13160,279,13439,160
2021-10-01,Tehama,103,63373,7678,7453,1295,8748,93
2021-10-01,Trinity,105,12862,788,625,203,828,10
2021-10-01,Tulare,107,460477,63940,62247,13424,75671,908
2021-10-01,Tuolumne,109,53932,6465,6369,75,6444,89
2021-10-01,Ventura,111,848112,95791,94854,4197,99051,1148
2021-10-01,Yolo,113,214977,18930,18640,991,19631,242
2021-10-01,Yuba,115,75493,9533,9370,226,9596,66
2021-09-30,Alameda,001,1643700,116022,115185,2673,117858,1343
2021-09-30,Alpine,003,1148,99,102,0,102,0
2021-09-30,Amador,005,37829,5213,5105,53,5158,61
2021-09-30,Butte,007,227075,19344,18911,3479,22390,243
2021-09-30,Calaveras,009,45235,3665,3585,42,3627,72
2021-09-30,Colusa,011,21464,2430,2403,561,2964,18
2021-09-30,Contra Costa,013,1133247,96275,95369,2025,97394,933
2021-09-30,Del Norte,015,27424,3556,3468,35,3503,39
2021-09-30,El Dorado,017,186661,15147,14887,1574,16461,136
2021-09-30,Fresno,019,978130,130705,128450,11862,140312,1964
2021-09-30,Glenn,021,27897,3295,3234,949,4183,26
2021-09-30,Humboldt,023,135768,8403,8244,432,8676,94
2021-09-30,Imperial,025,180216,31980,31674,3048,34722,757
2021-09-30,Inyo,027,18085,1798,1746,38,1784,39
2021-09-30,Kern,029,883053,119952,117962,19233,137195,1524
2021-09-30,Kings,031,150075,29968,29339,1744,31083,301
2021-09-30,Lake,033,64148,6296,6191,126,6317,97
2021-09-30,Lassen,035,31185,6469,6360,303,6663,25
2021-09-30,Los Angeles,037,10098052,1406949,1395070,52714,1447784,26126
2021-09-30,Madera,039,155013,21316,20931,1778,22709,266
2021-09-30,Marin,041,260295,17084,16936,413,17349,242
2021-09-30,Mariposa,043,17540,1023,967,33,1000,5
2021-09-30,Mendocino,045,87422,7029,6869,391,7260,78
2021-09-30,Merced,047,269075,39549,39196,1578,40774,552
2021-09-30,Modoc,049,8938,484,468,169,637,5
2021-09-30,Mono,051,14174,1577,1540,20,1560,3
2021-09-30,Monterey,053,433212,47842,46964,2685,49649,571
2021-09-30,Napa,055,140530,12537,12433,97,12530,96
2021-09-30,Nevada,057,99092,8583,8474,300,8774,87
2021-09-30,Orange,059,3164182,299722,297307,14342,311649,5435
2021-09-30,Placer,061,380077,34897,34377,3323,37700,381
2021-09-30,Plumas,063,18699,1378,1298,25,1323,6
2021-09-30,Riverside,065,2383286,351996,347227,16067,363294,4895
2021-09-30,Sacramento,067,1510023,151046,149897,3975,153872,2099
2021-09-30,San Benito,069,59416,7094,7055,149,7204,69
2021-09-30,San Bernardino,071,2135413,343855,341212,10742,351954,5540
2021-09-30,San Diego,073,3302833,359221,356454,21123,377577,4078
2021-09-30,San Francisco,075,870044,51120,50393,2201,52594,634
2021-09-30,San Joaquin,077,732212,95729,94599,5144,99743,1646
2021-09-30,San Luis Obispo,079,281455,28357,27915,1145,29060,323
2021-09-30,San Mateo,081,765935,52642,51767,802,52569,573
2021-09-30,Santa Barbara,083,443738,42754,42423,1501,43924,508
2021-09-30,Santa Clara,085,1922200,142510,141231,1163,142394,1862
2021-09-30,Santa Cruz,087,273765,19668,19461,983,20444,214
2021-09-30,Shasta,089,179085,19329,18912,3220,22132,270
2021-09-30,Sierra,091,2930,140,131,14,145,0
2021-09-30,Siskiyou,093,43540,3173,3053,1154,4207,42
2021-09-30,Solano,095,438530,44587,43800,1176,44976,321
2021-09-30,Sonoma,097,501317,39802,39497,498,39995,382
2021-09-30,Stanislaus,099,539301,73996,73859,8381,82240,1099
2021-09-30,Sutter,101,95872,13258,13160,279,13439,160
2021-09-30,Tehama,103,63373,7641,7453,1283,8736,93
2021-09-30,Trinity,105,12862,784,625,203,828,10
2021-09-30,Tulare,107,460477,63764,62247,13366,75613,908
2021-09-30,Tuolumne,109,53932,6442,6369,75,6444,89
2021-09-30,Ventura,111,848112,95686,94854,4190,99044,1148
2021-09-30,Yolo,113,214977,18891,18640,988,19628,242
2021-09-30,Yuba,115,75493,9510,9370,225,9595,66
2021-09-29,Alameda,001,1643700,115877,114998,2670,117668,1339
2021-09-29,Alpine,003,1148,99,101,0,101,0
2021-09-29,Amador,005,37829,5191,5058,53,5111,61
2021-09-29,Butte,007,227075,19290,18835,3472,22307,242
2021-09-29,Calaveras,009,45235,3648,3553,41,3594,72
2021-09-29,Colusa,011,21464,2428,2401,561,2962,18
2021-09-29,Contra Costa,013,1133247,96161,95213,2017,97230,929
2021-09-29,Del Norte,015,27424,3550,3467,35,3502,39
2021-09-29,El Dorado,017,186661,15113,14834,1567,16401,136
2021-09-29,Fresno,019,978130,130405,128068,11841,139909,1957
2021-09-29,Glenn,021,27897,3290,3213,947,4160,26
2021-09-29,Humboldt,023,135768,8379,8203,431,8634,94
2021-09-29,Imperial,025,180216,31913,31600,3043,34643,757
2021-09-29,Inyo,027,18085,1788,1740,37,1777,39
2021-09-29,Kern,029,883053,119717,117605,19157,136762,1513
2021-09-29,Kings,031,150075,29886,29195,1729,30924,299
2021-09-29,Lake,033,64148,6276,6164,126,6290,97
2021-09-29,Lassen,035,31185,6455,6347,303,6650,25
2021-09-29,Los Angeles,037,10098052,1405737,1393617,52642,1446259,26098
2021-09-29,Madera,039,155013,21271,20818,1762,22580,266
2021-09-29,Marin,041,260295,17066,16921,411,17332,242
2021-09-29,Mariposa,043,17540,1008,963,33,996,5
2021-09-29,Mendocino,045,87422,7017,6821,383,7204,78
2021-09-29,Merced,047,269075,39455,39026,1567,40593,552
2021-09-29,Modoc,049,8938,482,468,169,637,5
2021-09-29,Mono,051,14174,1575,1527,20,1547,3
2021-09-29,Monterey,053,433212,47804,46917,2671,49588,571
2021-09-29,Napa,055,140530,12517,12416,93,12509,96
2021-09-29,Nevada,057,99092,8570,8434,300,8734,87
2021-09-29,Orange,059,3164182,299453,296936,14306,311242,5429
2021-09-29,Placer,061,380077,34833,34271,3300,37571,379
2021-09-29,Plumas,063,18699,1359,1289,25,1314,6
2021-09-29,Riverside,065,2383286,351562,346558,16054,362612,4886
2021-09-29,Sacramento,067,1510023,150795,149686,3965,153651,2099
2021-09-29,San Benito,069,59416,7083,7039,149,7188,69
2021-09-29,San Bernardino,071,2135413,343533,340672,10728,351400,5539
2021-09-29,San Diego,073,3302833,358719,355899,21093,376992,4066
2021-09-29,San Francisco,075,870044,51035,50286,2197,52483,629
2021-09-29,San Joaquin,077,732212,95571,94356,5122,99478,1645
2021-09-29,San Luis Obispo,079,281455,28311,27800,1139,28939,323
2021-09-29,San Mateo,081,765935,52582,51673,800,52473,573
2021-09-29,Santa Barbara,083,443738,42682,42328,1498,43826,507
2021-09-29,Santa Clara,085,1922200,142375,141036,1157,142193,1861
2021-09-29,Santa Cruz,087,273765,19650,19425,982,20407,214
2021-09-29,Shasta,089,179085,19263,18805,3208,22013,271
2021-09-29,Sierra,091,2930,136,130,14,144,0
2021-09-29,Siskiyou,093,43540,3160,3043,1147,4190,42
2021-09-29,Solano,095,438530,44531,43724,1169,44893,321
2021-09-29,Sonoma,097,501317,39741,39426,496,39922,370
2021-09-29,Stanislaus,099,539301,73865,73634,8370,82004,1096
2021-09-29,Sutter,101,95872,13231,13135,276,13411,155
2021-09-29,Tehama,103,63373,7611,7409,1268,8677,88
2021-09-29,Trinity,105,12862,780,616,203,819,10
2021-09-29,Tulare,107,460477,63591,62046,13307,75353,908
2021-09-29,Tuolumne,109,53932,6425,6336,75,6411,89
2021-09-29,Ventura,111,848112,95596,94753,4186,98939,1144
2021-09-29,Yolo,113,214977,18858,18587,983,19570,239
2021-09-29,Yuba,115,75493,9479,9351,221,9572,66
2021-09-28,Alameda,001,1643700,115719,114869,2664,117533,1333
2021-09-28,Alpine,003,1148,99,101,0,101,0
2021-09-28,Amador,005,37829,5169,5049,53,5102,61
2021-09-28,Butte,007,227075,19241,18764,3459,22223,241
2021-09-28,Calaveras,009,45235,3628,3530,41,3571,72
2021-09-28,Colusa,011,21464,2425,2399,559,2958,18
2021-09-28,Contra Costa,013,1133247,96020,95115,2012,97127,929
2021-09-28,Del Norte,015,27424,3547,3462,35,3497,39
2021-09-28,El Dorado,017,186661,15067,14793,1563,16356,133
2021-09-28,Fresno,019,978130,130060,127877,11807,139684,1948
2021-09-28,Glenn,021,27897,3285,3205,946,4151,26
2021-09-28,Humboldt,023,135768,8338,8159,428,8587,91
2021-09-28,Imperial,025,180216,31868,31543,3039,34582,757
2021-09-28,Inyo,027,18085,1774,1708,36,1744,39
2021-09-28,Kern,029,883053,119448,117420,19062,136482,1506
2021-09-28,Kings,031,150075,29784,29141,1721,30862,295
2021-09-28,Lake,033,64148,6261,6155,126,6281,95
2021-09-28,Lassen,035,31185,6449,6340,299,6639,25
2021-09-28,Los Angeles,037,10098052,1404443,1392445,52573,1445018,26068
2021-09-28,Madera,039,155013,21217,20764,1746,22510,266
2021-09-28,Marin,041,260295,17047,16887,409,17296,242
2021-09-28,Mariposa,043,17540,1003,952,33,985,5
2021-09-28,Mendocino,045,87422,6995,6804,381,7185,78
2021-09-28,Merced,047,269075,39368,38953,1554,40507,551
2021-09-28,Modoc,049,8938,481,467,169,636,5
2021-09-28,Mono,051,14174,1565,1527,20,1547,3
2021-09-28,Monterey,053,433212,47767,46859,2662,49521,571
2021-09-28,Napa,055,140530,12500,12388,92,12480,96
2021-09-28,Nevada,057,99092,8547,8409,299,8708,84
2021-09-28,Orange,059,3164182,299201,296596,14278,310874,5421
2021-09-28,Placer,061,380077,34768,34187,3282,37469,370
2021-09-28,Plumas,063,18699,1350,1276,25,1301,6
2021-09-28,Riverside,065,2383286,351103,346096,16033,362129,4874
2021-09-28,Sacramento,067,1510023,150505,149310,3943,153253,2086
2021-09-28,San Benito,069,59416,7066,7028,148,7176,69
2021-09-28,San Bernardino,071,2135413,343185,340342,10711,351053,5540
2021-09-28,San Diego,073,3302833,358159,355373,21061,376434,4054
2021-09-28,San Francisco,075,870044,50934,50234,2196,52430,627
2021-09-28,San Joaquin,077,732212,95417,94194,5109,99303,1639
2021-09-28,San Luis Obispo,079,281455,28277,27755,1134,28889,321
2021-09-28,San Mateo,081,765935,52537,51620,799,52419,571
2021-09-28,Santa Barbara,083,443738,42609,42226,1497,43723,506
2021-09-28,Santa Clara,085,1922200,142214,140886,1148,142034,1858
2021-09-28,Santa Cruz,087,273765,19609,19324,981,20305,214
2021-09-28,Shasta,089,179085,19202,18701,3194,21895,267
2021-09-28,Sierra,091,2930,135,130,13,143,0
2021-09-28,Siskiyou,093,43540,3148,3032,1144,4176,42
2021-09-28,Solano,095,438530,44458,43652,1166,44818,316
2021-09-28,Sonoma,097,501317,39694,39395,495,39890,370
2021-09-28,Stanislaus,099,539301,73694,73528,8358,81886,1094
2021-09-28,Sutter,101,95872,13212,13102,272,13374,155
2021-09-28,Tehama,103,63373,7593,7382,1253,8635,88
2021-09-28,Trinity,105,12862,777,613,203,816,10
2021-09-28,Tulare,107,460477,63432,61916,13248,75164,905
2021-09-28,Tuolumne,109,53932,6399,6308,75,6383,89
2021-09-28,Ventura,111,848112,95470,94632,4183,98815,1143
2021-09-28,Yolo,113,214977,18832,18564,980,19544,239
2021-09-28,Yuba,115,75493,9460,9323,220,9543,66
2021-09-27,Alameda,001,1643700,115526,114731,2655,117386,1327
2021-09-27,Alpine,003,1148,99,101,0,101,0
2021-09-27,Amador,005,37829,5155,5017,53,5070,59
2021-09-27,Butte,007,227075,19182,18687,3443,22130,239
2021-09-27,Calaveras,009,45235,3608,3514,40,3554,70
2021-09-27,Colusa,011,21464,2424,2393,558,2951,18
2021-09-27,Contra Costa,013,1133247,95889,94979,2003,96982,924
2021-09-27,Del Norte,015,27424,3545,3468,33,3501,37
2021-09-27,El Dorado,017,186661,15028,14764,1556,16320,132
2021-09-27,Fresno,019,978130,129739,127475,11772,139247,1942
2021-09-27,Glenn,021,27897,3272,3189,942,4131,26
2021-09-27,Humboldt,023,135768,8298,8118,428,8546,91
2021-09-27,Imperial,025,180216,31805,31491,3032,34523,756
2021-09-27,Inyo,027,18085,1762,1698,36,1734,39
2021-09-27,Kern,029,883053,119173,117064,18964,136028,1503
2021-09-27,Kings,031,150075,29686,28998,1709,30707,297
2021-09-27,Lake,033,64148,6241,6126,124,6250,95
2021-09-27,Lassen,035,31185,6434,6327,295,6622,25
2021-09-27,Los Angeles,037,10098052,1403106,1391538,52504,1444042,26040
2021-09-27,Madera,039,155013,21152,20691,1738,22429,262
2021-09-27,Marin,041,260295,17026,16861,408,17269,242
2021-09-27,Mariposa,043,17540,993,931,33,964,5
2021-09-27,Mendocino,045,87422,6969,6761,374,7135,74
2021-09-27,Merced,047,269075,39268,38840,1548,40388,548
2021-09-27,Modoc,049,8938,480,465,167,632,5
2021-09-27,Mono,051,14174,1553,1525,20,1545,3
2021-09-27,Monterey,053,433212,47724,46811,2650,49461,571
2021-09-27,Napa,055,140530,12476,12354,91,12445,95
2021-09-27,Nevada,057,99092,8523,8379,296,8675,84
2021-09-27,Orange,059,3164182,298896,296334,14247,310581,5409
2021-09-27,Placer,061,380077,34681,34087,3277,37364,370
2021-09-27,Plumas,063,18699,1340,1269,25,1294,6
2021-09-27,Riverside,065,2383286,350661,345529,16023,361552,4864
2021-09-27,Sacramento,067,1510023,150187,149096,3921,153017,2076
2021-09-27,San Benito,069,59416,7049,7017,148,7165,67
2021-09-27,San Bernardino,071,2135413,342770,339952,10686,350638,5544
2021-09-27,San Diego,073,3302833,357501,354755,21036,375791,4054
2021-09-27,San Francisco,075,870044,50850,50157,2192,52349,622
2021-09-27,San Joaquin,077,732212,95233,94085,5106,99191,1633
2021-09-27,San Luis Obispo,079,281455,28222,27674,1131,28805,320
2021-09-27,San Mateo,081,765935,52461,51552,799,52351,571
2021-09-27,Santa Barbara,083,443738,42542,42012,1493,43505,505
2021-09-27,Santa Clara,085,1922200,142032,140802,1138,141940,1853
2021-09-27,Santa Cruz,087,273765,19585,19292,980,20272,214
2021-09-27,Shasta,089,179085,19121,18599,3167,21766,267
2021-09-27,Sierra,091,2930,135,128,13,141,0
2021-09-27,Siskiyou,093,43540,3136,3015,1139,4154,42
2021-09-27,Solano,095,438530,44383,43582,1160,44742,314
2021-09-27,Sonoma,097,501317,39640,39347,495,39842,370
2021-09-27,Stanislaus,099,539301,73540,73370,8338,81708,1091
2021-09-27,Sutter,101,95872,13181,13082,269,13351,155
2021-09-27,Tehama,103,63373,7552,7345,1244,8589,88
2021-09-27,Trinity,105,12862,766,605,202,807,9
2021-09-27,Tulare,107,460477,63232,61708,13177,74885,904
2021-09-27,Tuolumne,109,53932,6378,6264,75,6339,89
2021-09-27,Ventura,111,848112,95345,94477,4179,98656,1138
2021-09-27,Yolo,113,214977,18799,18524,979,19503,239
2021-09-27,Yuba,115,75493,9423,9292,216,9508,64
2021-09-26,Alameda,001,1643700,115330,114601,2648,117249,1326
2021-09-26,Alpine,003,1148,99,101,0,101,0
2021-09-26,Amador,005,37829,5123,5001,52,5053,59
2021-09-26,Butte,007,227075,19107,18634,3426,22060,238
2021-09-26,Calaveras,009,45235,3586,3505,40,3545,70
2021-09-26,Colusa,011,21464,2419,2392,556,2948,18
2021-09-26,Contra Costa,013,1133247,95714,94877,1990,96867,924
2021-09-26,Del Norte,015,27424,3540,3466,32,3498,37
2021-09-26,El Dorado,017,186661,14986,14738,1548,16286,132
2021-09-26,Fresno,019,978130,129381,127235,11726,138961,1939
2021-09-26,Glenn,021,27897,3264,3182,938,4120,26
2021-09-26,Humboldt,023,135768,8263,8098,427,8525,91
2021-09-26,Imperial,025,180216,31744,31462,3031,34493,756
2021-09-26,Inyo,027,18085,1747,1685,36,1721,39
2021-09-26,Kern,029,883053,118835,116927,18854,135781,1502
2021-09-26,Kings,031,150075,29585,28930,1698,30628,293
2021-09-26,Lake,033,64148,6224,6113,124,6237,95
2021-09-26,Lassen,035,31185,6424,6319,290,6609,25
2021-09-26,Los Angeles,037,10098052,1401617,1390577,52433,1443010,26035
2021-09-26,Madera,039,155013,21078,20629,1719,22348,262
2021-09-26,Marin,041,260295,17003,16860,408,17268,242
2021-09-26,Mariposa,043,17540,987,929,33,962,5
2021-09-26,Mendocino,045,87422,6935,6744,359,7103,74
2021-09-26,Merced,047,269075,39107,38717,1540,40257,548
2021-09-26,Modoc,049,8938,480,465,166,631,5
2021-09-26,Mono,051,14174,1549,1516,20,1536,3
2021-09-26,Monterey,053,433212,47677,46792,2636,49428,571
2021-09-26,Napa,055,140530,12452,12340,90,12430,95
2021-09-26,Nevada,057,99092,8492,8356,291,8647,84
2021-09-26,Orange,059,3164182,298557,296085,14214,310299,5409
2021-09-26,Placer,061,380077,34587,34043,3267,37310,370
2021-09-26,Plumas,063,18699,1322,1268,25,1293,6
2021-09-26,Riverside,065,2383286,350129,345257,16009,361266,4864
2021-09-26,Sacramento,067,1510023,149783,148745,3902,152647,2071
2021-09-26,San Benito,069,59416,7032,7012,147,7159,67
2021-09-26,San Bernardino,071,2135413,342312,339771,10671,350442,5545
2021-09-26,San Diego,073,3302833,356858,354414,20995,375409,4051
2021-09-26,San Francisco,075,870044,50724,50092,2183,52275,622
2021-09-26,San Joaquin,077,732212,95030,93935,5092,99027,1633
2021-09-26,San Luis Obispo,079,281455,28148,27624,1126,28750,319
2021-09-26,San Mateo,081,765935,52392,51496,797,52293,571
2021-09-26,Santa Barbara,083,443738,42455,41946,1490,43436,505
2021-09-26,Santa Clara,085,1922200,141832,140667,1134,141801,1852
2021-09-26,Santa Cruz,087,273765,19560,19279,980,20259,214
2021-09-26,Shasta,089,179085,19012,18566,3144,21710,266
2021-09-26,Sierra,091,2930,135,128,13,141,0
2021-09-26,Siskiyou,093,43540,3122,2998,1129,4127,42
2021-09-26,Solano,095,438530,44316,43537,1159,44696,314
2021-09-26,Sonoma,097,501317,39581,39302,495,39797,370
2021-09-26,Stanislaus,099,539301,73340,73243,8310,81553,1091
2021-09-26,Sutter,101,95872,13144,13045,268,13313,155
2021-09-26,Tehama,103,63373,7494,7323,1233,8556,88
2021-09-26,Trinity,105,12862,763,591,202,793,9
2021-09-26,Tulare,107,460477,63011,61560,13099,74659,904
2021-09-26,Tuolumne,109,53932,6350,6236,73,6309,89
2021-09-26,Ventura,111,848112,95231,94391,4172,98563,1138
2021-09-26,Yolo,113,214977,18762,18496,971,19467,239
2021-09-26,Yuba,115,75493,9396,9275,216,9491,64
2021-09-25,Alameda,001,1643700,115251,114014,2645,116659,1324
2021-09-25,Alpine,003,1148,99,101,0,101,0
2021-09-25,Amador,005,37829,5109,4934,52,4986,59
2021-09-25,Butte,007,227075,19078,18396,3417,21813,236
2021-09-25,Calaveras,009,45235,3583,3461,40,3501,70
2021-09-25,Colusa,011,21464,2416,2387,554,2941,16
2021-09-25,Contra Costa,013,1133247,95643,94337,1986,96323,924
2021-09-25,Del Norte,015,27424,3539,3404,32,3436,35
2021-09-25,El Dorado,017,186661,14963,14641,1544,16185,130
2021-09-25,Fresno,019,978130,129236,126299,11710,138009,1927
2021-09-25,Glenn,021,27897,3259,3144,937,4081,25
2021-09-25,Humboldt,023,135768,8244,8014,425,8439,88
2021-09-25,Imperial,025,180216,31717,31280,3031,34311,755
2021-09-25,Inyo,027,18085,1739,1657,36,1693,39
2021-09-25,Kern,029,883053,118680,116021,18786,134807,1485
2021-09-25,Kings,031,150075,29534,28636,1695,30331,293
2021-09-25,Lake,033,64148,6219,6046,122,6168,92
2021-09-25,Lassen,035,31185,6412,6248,289,6537,25
2021-09-25,Los Angeles,037,10098052,1400902,1386417,52392,1438809,25964
2021-09-25,Madera,039,155013,21053,20432,1713,22145,262
2021-09-25,Marin,041,260295,16994,16802,406,17208,242
2021-09-25,Mariposa,043,17540,982,906,33,939,5
2021-09-25,Mendocino,045,87422,6916,6657,358,7015,74
2021-09-25,Merced,047,269075,39061,38393,1538,39931,546
2021-09-25,Modoc,049,8938,480,460,166,626,5
2021-09-25,Mono,051,14174,1546,1501,20,1521,3
2021-09-25,Monterey,053,433212,47647,46653,2634,49287,567
2021-09-25,Napa,055,140530,12432,12266,90,12356,95
2021-09-25,Nevada,057,99092,8475,8285,291,8576,84
2021-09-25,Orange,059,3164182,298384,294514,14196,308710,5374
2021-09-25,Placer,061,380077,34523,33764,3264,37028,367
2021-09-25,Plumas,063,18699,1318,1238,25,1263,6
2021-09-25,Riverside,065,2383286,349806,343463,16001,359464,4843
2021-09-25,Sacramento,067,1510023,149608,147728,3893,151621,2049
2021-09-25,San Benito,069,59416,7027,6965,147,7112,67
2021-09-25,San Bernardino,071,2135413,342078,338413,10657,349070,5540
2021-09-25,San Diego,073,3302833,356508,352017,20969,372986,4039
2021-09-25,San Francisco,075,870044,50680,49840,2182,52022,615
2021-09-25,San Joaquin,077,732212,94944,93273,5090,98363,1628
2021-09-25,San Luis Obispo,079,281455,28110,27447,1122,28569,318
2021-09-25,San Mateo,081,765935,52328,51266,795,52061,568
2021-09-25,Santa Barbara,083,443738,42397,41728,1490,43218,505
2021-09-25,Santa Clara,085,1922200,141726,140023,1132,141155,1844
2021-09-25,Santa Cruz,087,273765,19544,19200,978,20178,214
2021-09-25,Shasta,089,179085,18961,18256,3135,21391,262
2021-09-25,Sierra,091,2930,134,127,13,140,0
2021-09-25,Siskiyou,093,43540,3115,2956,1119,4075,41
2021-09-25,Solano,095,438530,44275,43331,1156,44487,312
2021-09-25,Sonoma,097,501317,39540,39112,495,39607,369
2021-09-25,Stanislaus,099,539301,73230,72628,8296,80924,1091
2021-09-25,Sutter,101,95872,13126,12976,265,13241,154
2021-09-25,Tehama,103,63373,7479,7200,1231,8431,86
2021-09-25,Trinity,105,12862,763,576,202,778,9
2021-09-25,Tulare,107,460477,62929,60909,13055,73964,898
2021-09-25,Tuolumne,109,53932,6338,6168,73,6241,89
2021-09-25,Ventura,111,848112,95164,94059,4168,98227,1129
2021-09-25,Yolo,113,214977,18740,18393,970,19363,239
2021-09-25,Yuba,115,75493,9376,9191,216,9407,61
2021-09-24,Alameda,001,1643700,115147,114014,2641,116655,1324
2021-09-24,Alpine,003,1148,99,101,0,101,0
2021-09-24,Amador,005,37829,5079,4934,52,4986,59
2021-09-24,Butte,007,227075,19026,18396,3408,21804,236
2021-09-24,Calaveras,009,45235,3576,3461,39,3500,70
2021-09-24,Colusa,011,21464,2413,2387,553,2940,16
2021-09-24,Contra Costa,013,1133247,95533,94337,1982,96319,924
2021-09-24,Del Norte,015,27424,3536,3404,32,3436,35
2021-09-24,El Dorado,017,186661,14945,14641,1540,16181,130
2021-09-24,Fresno,019,978130,129038,126299,11698,137997,1927
2021-09-24,Glenn,021,27897,3251,3144,937,4081,25
2021-09-24,Humboldt,023,135768,8225,8014,422,8436,88
2021-09-24,Imperial,025,180216,31679,31280,3029,34309,755
2021-09-24,Inyo,027,18085,1730,1657,36,1693,39
2021-09-24,Kern,029,883053,118544,116021,18720,134741,1485
2021-09-24,Kings,031,150075,29493,28636,1690,30326,293
2021-09-24,Lake,033,64148,6211,6046,122,6168,92
2021-09-24,Lassen,035,31185,6404,6248,288,6536,25
2021-09-24,Los Angeles,037,10098052,1400019,1386417,52350,1438767,25964
2021-09-24,Madera,039,155013,21022,20432,1704,22136,262
2021-09-24,Marin,041,260295,16980,16802,405,17207,242
2021-09-24,Mariposa,043,17540,970,906,33,939,5
2021-09-24,Mendocino,045,87422,6903,6657,358,7015,74
2021-09-24,Merced,047,269075,39017,38393,1538,39931,546
2021-09-24,Modoc,049,8938,480,460,165,625,5
2021-09-24,Mono,051,14174,1541,1501,20,1521,3
2021-09-24,Monterey,053,433212,47626,46653,2626,49279,567
2021-09-24,Napa,055,140530,12413,12266,90,12356,95
2021-09-24,Nevada,057,99092,8461,8285,288,8573,84
2021-09-24,Orange,059,3164182,298177,294514,14178,308692,5374
2021-09-24,Placer,061,380077,34468,33764,3251,37015,367
2021-09-24,Plumas,063,18699,1314,1238,25,1263,6
2021-09-24,Riverside,065,2383286,349472,343463,15992,359455,4843
2021-09-24,Sacramento,067,1510023,149423,147728,3889,151617,2049
2021-09-24,San Benito,069,59416,7021,6965,147,7112,67
2021-09-24,San Bernardino,071,2135413,341810,338413,10647,349060,5540
2021-09-24,San Diego,073,3302833,356154,352017,20954,372971,4039
2021-09-24,San Francisco,075,870044,50616,49840,2174,52014,615
2021-09-24,San Joaquin,077,732212,94831,93273,5088,98361,1628
2021-09-24,San Luis Obispo,079,281455,28079,27447,1117,28564,318
2021-09-24,San Mateo,081,765935,52268,51266,794,52060,568
2021-09-24,Santa Barbara,083,443738,42357,41728,1489,43217,505
2021-09-24,Santa Clara,085,1922200,141614,140023,1131,141154,1844
2021-09-24,Santa Cruz,087,273765,19521,19200,977,20177,214
2021-09-24,Shasta,089,179085,18907,18256,3121,21377,262
2021-09-24,Sierra,091,2930,133,127,13,140,0
2021-09-24,Siskiyou,093,43540,3106,2956,1113,4069,41
2021-09-24,Solano,095,438530,44238,43331,1154,44485,312
2021-09-24,Sonoma,097,501317,39507,39112,495,39607,369
2021-09-24,Stanislaus,099,539301,73114,72628,8281,80909,1091
2021-09-24,Sutter,101,95872,13107,12976,264,13240,154
2021-09-24,Tehama,103,63373,7467,7200,1226,8426,86
2021-09-24,Trinity,105,12862,760,576,202,778,9
2021-09-24,Tulare,107,460477,62838,60909,13013,73922,898
2021-09-24,Tuolumne,109,53932,6309,6168,73,6241,89
2021-09-24,Ventura,111,848112,95086,94059,4161,98220,1129
2021-09-24,Yolo,113,214977,18708,18393,967,19360,239
2021-09-24,Yuba,115,75493,9357,9191,216,9407,61
2021-09-23,Alameda,001,1643700,114989,114014,2635,116649,1324
2021-09-23,Alpine,003,1148,99,101,0,101,0
2021-09-23,Amador,005,37829,5066,4934,52,4986,59
2021-09-23,Butte,007,227075,18964,18396,3384,21780,236
2021-09-23,Calaveras,009,45235,3555,3461,39,3500,70
2021-09-23,Colusa,011,21464,2411,2387,550,2937,16
2021-09-23,Contra Costa,013,1133247,95392,94337,1975,96312,924
2021-09-23,Del Norte,015,27424,3527,3404,31,3435,35
2021-09-23,El Dorado,017,186661,14919,14641,1534,16175,130
2021-09-23,Fresno,019,978130,128741,126299,11679,137978,1927
2021-09-23,Glenn,021,27897,3237,3144,934,4078,25
2021-09-23,Humboldt,023,135768,8200,8014,420,8434,88
2021-09-23,Imperial,025,180216,31643,31280,3029,34309,755
2021-09-23,Inyo,027,18085,1716,1657,36,1693,39
2021-09-23,Kern,029,883053,118286,116021,18639,134660,1485
2021-09-23,Kings,031,150075,29389,28636,1681,30317,293
2021-09-23,Lake,033,64148,6201,6046,122,6168,92
2021-09-23,Lassen,035,31185,6395,6248,283,6531,25
2021-09-23,Los Angeles,037,10098052,1398822,1386417,52286,1438703,25964
2021-09-23,Madera,039,155013,20940,20432,1700,22132,262
2021-09-23,Marin,041,260295,16965,16802,402,17204,242
2021-09-23,Mariposa,043,17540,957,906,33,939,5
2021-09-23,Mendocino,045,87422,6881,6657,353,7010,74
2021-09-23,Merced,047,269075,38914,38393,1531,39924,546
2021-09-23,Modoc,049,8938,479,460,165,625,5
2021-09-23,Mono,051,14174,1538,1501,20,1521,3
2021-09-23,Monterey,053,433212,47577,46653,2614,49267,567
2021-09-23,Napa,055,140530,12396,12266,90,12356,95
2021-09-23,Nevada,057,99092,8434,8285,288,8573,84
2021-09-23,Orange,059,3164182,297880,294514,14154,308668,5374
2021-09-23,Placer,061,380077,34392,33764,3244,37008,367
2021-09-23,Plumas,063,18699,1297,1238,24,1262,6
2021-09-23,Riverside,065,2383286,349019,343463,15985,359448,4843
2021-09-23,Sacramento,067,1510023,149093,147728,3869,151597,2049
2021-09-23,San Benito,069,59416,7010,6965,147,7112,67
2021-09-23,San Bernardino,071,2135413,341446,338413,10632,349045,5540
2021-09-23,San Diego,073,3302833,355690,352017,20915,372932,4039
2021-09-23,San Francisco,075,870044,50543,49840,2172,52012,615
2021-09-23,San Joaquin,077,732212,94658,93273,5073,98346,1628
2021-09-23,San Luis Obispo,079,281455,28036,27447,1115,28562,318
2021-09-23,San Mateo,081,765935,52193,51266,793,52059,568
2021-09-23,Santa Barbara,083,443738,42279,41728,1486,43214,505
2021-09-23,Santa Clara,085,1922200,141463,140023,1124,141147,1844
2021-09-23,Santa Cruz,087,273765,19490,19200,977,20177,214
2021-09-23,Shasta,089,179085,18827,18256,3104,21360,262
2021-09-23,Sierra,091,2930,133,127,13,140,0
2021-09-23,Siskiyou,093,43540,3102,2956,1102,4058,41
2021-09-23,Solano,095,438530,44170,43331,1151,44482,312
2021-09-23,Sonoma,097,501317,39448,39112,492,39604,369
2021-09-23,Stanislaus,099,539301,72958,72628,8249,80877,1091
2021-09-23,Sutter,101,95872,13078,12976,264,13240,154
2021-09-23,Tehama,103,63373,7426,7200,1221,8421,86
2021-09-23,Trinity,105,12862,746,576,201,777,9
2021-09-23,Tulare,107,460477,62661,60909,12959,73868,898
2021-09-23,Tuolumne,109,53932,6284,6168,72,6240,89
2021-09-23,Ventura,111,848112,94982,94059,4154,98213,1129
2021-09-23,Yolo,113,214977,18677,18393,962,19355,239
2021-09-23,Yuba,115,75493,9329,9191,215,9406,61
2021-09-22,Alameda,001,1643700,114834,113862,2631,116493,1322
2021-09-22,Alpine,003,1148,99,100,0,100,0
2021-09-22,Amador,005,37829,5050,4915,52,4967,59
2021-09-22,Butte,007,227075,18903,18337,3369,21706,235
2021-09-22,Calaveras,009,45235,3539,3448,39,3487,70
2021-09-22,Colusa,011,21464,2406,2384,549,2933,16
2021-09-22,Contra Costa,013,1133247,95207,94209,1966,96175,924
2021-09-22,Del Norte,015,27424,3516,3386,30,3416,35
2021-09-22,El Dorado,017,186661,14883,14605,1527,16132,127
2021-09-22,Fresno,019,978130,128484,126006,11664,137670,1908
2021-09-22,Glenn,021,27897,3230,3138,933,4071,25
2021-09-22,Humboldt,023,135768,8178,7998,412,8410,80
2021-09-22,Imperial,025,180216,31591,31243,3022,34265,755
2021-09-22,Inyo,027,18085,1706,1651,36,1687,39
2021-09-22,Kern,029,883053,118045,115757,18517,134274,1477
2021-09-22,Kings,031,150075,29304,28589,1675,30264,292
2021-09-22,Lake,033,64148,6189,6035,122,6157,93
2021-09-22,Lassen,035,31185,6375,6209,279,6488,25
2021-09-22,Los Angeles,037,10098052,1397497,1384719,52231,1436950,25930
2021-09-22,Madera,039,155013,20883,20382,1690,22072,262
2021-09-22,Marin,041,260295,16954,16782,399,17181,242
2021-09-22,Mariposa,043,17540,951,901,33,934,5
2021-09-22,Mendocino,045,87422,6854,6624,347,6971,70
2021-09-22,Merced,047,269075,38781,38305,1529,39834,541
2021-09-22,Modoc,049,8938,476,458,165,623,5
2021-09-22,Mono,051,14174,1529,1496,19,1515,3
2021-09-22,Monterey,053,433212,47526,46615,2607,49222,566
2021-09-22,Napa,055,140530,12373,12248,89,12337,95
2021-09-22,Nevada,057,99092,8411,8273,285,8558,84
2021-09-22,Orange,059,3164182,297604,294214,14136,308350,5366
2021-09-22,Placer,061,380077,34304,33661,3231,36892,367
2021-09-22,Plumas,063,18699,1284,1230,24,1254,6
2021-09-22,Riverside,065,2383286,348484,342946,15960,358906,4830
2021-09-22,Sacramento,067,1510023,148779,147533,3838,151371,2043
2021-09-22,San Benito,069,59416,6999,6961,145,7106,67
2021-09-22,San Bernardino,071,2135413,341051,337938,10623,348561,5528
2021-09-22,San Diego,073,3302833,355231,351132,20891,372023,4027
2021-09-22,San Francisco,075,870044,50458,49734,2167,51901,610
2021-09-22,San Joaquin,077,732212,94426,93010,5047,98057,1626
2021-09-22,San Luis Obispo,079,281455,27988,27398,1111,28509,315
2021-09-22,San Mateo,081,765935,52120,51197,789,51986,568
2021-09-22,Santa Barbara,083,443738,42216,41678,1485,43163,504
2021-09-22,Santa Clara,085,1922200,141299,139803,1117,140920,1844
2021-09-22,Santa Cruz,087,273765,19452,19177,977,20154,214
2021-09-22,Shasta,089,179085,18737,18153,3093,21246,260
2021-09-22,Sierra,091,2930,133,127,13,140,0
2021-09-22,Siskiyou,093,43540,3085,2947,1092,4039,41
2021-09-22,Solano,095,438530,44105,43269,1150,44419,312
2021-09-22,Sonoma,097,501317,39395,39063,491,39554,369
2021-09-22,Stanislaus,099,539301,72793,72355,8230,80585,1091
2021-09-22,Sutter,101,95872,13058,12960,261,13221,153
2021-09-22,Tehama,103,63373,7399,7173,1218,8391,86
2021-09-22,Trinity,105,12862,745,572,201,773,9
2021-09-22,Tulare,107,460477,62452,60776,12889,73665,896
2021-09-22,Tuolumne,109,53932,6263,6155,71,6226,89
2021-09-22,Ventura,111,848112,94877,93978,4148,98126,1122
2021-09-22,Yolo,113,214977,18638,18342,955,19297,239
2021-09-22,Yuba,115,75493,9300,9169,210,9379,61
2021-09-21,Alameda,001,1643700,114680,113765,2631,116396,1321
2021-09-21,Alpine,003,1148,99,100,0,100,0
2021-09-21,Amador,005,37829,5028,4897,52,4949,59
2021-09-21,Butte,007,227075,18806,18229,3331,21560,232
2021-09-21,Calaveras,009,45235,3522,3437,39,3476,70
2021-09-21,Colusa,011,21464,2403,2378,548,2926,16
2021-09-21,Contra Costa,013,1133247,95013,94101,1952,96053,924
2021-09-21,Del Norte,015,27424,3504,3378,30,3408,34
2021-09-21,El Dorado,017,186661,14853,14578,1520,16098,127
2021-09-21,Fresno,019,978130,128133,125789,11637,137426,1892
2021-09-21,Glenn,021,27897,3223,3134,929,4063,25
2021-09-21,Humboldt,023,135768,8146,7955,407,8362,80
2021-09-21,Imperial,025,180216,31534,31185,3020,34205,755
2021-09-21,Inyo,027,18085,1696,1646,36,1682,39
2021-09-21,Kern,029,883053,117753,115534,18403,133937,1467
2021-09-21,Kings,031,150075,29216,28545,1667,30212,291
2021-09-21,Lake,033,64148,6166,6013,122,6135,90
2021-09-21,Lassen,035,31185,6357,6159,275,6434,25
2021-09-21,Los Angeles,037,10098052,1396040,1383277,52174,1435451,25893
2021-09-21,Madera,039,155013,20823,20317,1680,21997,262
2021-09-21,Marin,041,260295,16939,16748,398,17146,242
2021-09-21,Mariposa,043,17540,946,894,32,926,5
2021-09-21,Mendocino,045,87422,6816,6580,336,6916,68
2021-09-21,Merced,047,269075,38659,38225,1525,39750,539
2021-09-21,Modoc,049,8938,473,458,165,623,5
2021-09-21,Mono,051,14174,1527,1495,18,1513,3
2021-09-21,Monterey,053,433212,47457,46583,2595,49178,565
2021-09-21,Napa,055,140530,12352,12238,89,12327,95
2021-09-21,Nevada,057,99092,8384,8259,276,8535,84
2021-09-21,Orange,059,3164182,297273,293898,14106,308004,5357
2021-09-21,Placer,061,380077,34203,33609,3220,36829,365
2021-09-21,Plumas,063,18699,1277,1225,24,1249,5
2021-09-21,Riverside,065,2383286,347924,342460,15936,358396,4817
2021-09-21,Sacramento,067,1510023,148397,147378,3810,151188,2027
2021-09-21,San Benito,069,59416,6988,6950,144,7094,67
2021-09-21,San Bernardino,071,2135413,340613,337387,10606,347993,5520
2021-09-21,San Diego,073,3302833,354615,350265,20865,371130,4021
2021-09-21,San Francisco,075,870044,50362,49653,2163,51816,609
2021-09-21,San Joaquin,077,732212,94192,92762,5036,97798,1621
2021-09-21,San Luis Obispo,079,281455,27929,27318,1107,28425,314
2021-09-21,San Mateo,081,765935,52051,51136,789,51925,568
2021-09-21,Santa Barbara,083,443738,42147,41644,1481,43125,503
2021-09-21,Santa Clara,085,1922200,141082,139657,1113,140770,1843
2021-09-21,Santa Cruz,087,273765,19422,19140,976,20116,212
2021-09-21,Shasta,089,179085,18609,18027,3069,21096,258
2021-09-21,Sierra,091,2930,133,127,13,140,0
2021-09-21,Siskiyou,093,43540,3071,2927,1078,4005,36
2021-09-21,Solano,095,438530,44029,43220,1150,44370,311
2021-09-21,Sonoma,097,501317,39342,39042,491,39533,369
2021-09-21,Stanislaus,099,539301,72609,72211,8208,80419,1091
2021-09-21,Sutter,101,95872,13035,12930,258,13188,153
2021-09-21,Tehama,103,63373,7353,7151,1214,8365,85
2021-09-21,Trinity,105,12862,734,572,199,771,9
2021-09-21,Tulare,107,460477,62238,60607,12828,73435,896
2021-09-21,Tuolumne,109,53932,6231,6139,71,6210,89
2021-09-21,Ventura,111,848112,94772,93818,4140,97958,1120
2021-09-21,Yolo,113,214977,18602,18313,952,19265,239
2021-09-21,Yuba,115,75493,9272,9135,210,9345,61
2021-09-20,Alameda,001,1643700,114499,113637,2627,116264,1320
2021-09-20,Alpine,003,1148,99,100,0,100,0
2021-09-20,Amador,005,37829,5010,4883,51,4934,59
2021-09-20,Butte,007,227075,18724,18135,3315,21450,231
2021-09-20,Calaveras,009,45235,3500,3395,38,3433,66
2021-09-20,Colusa,011,21464,2401,2376,545,2921,16
2021-09-20,Contra Costa,013,1133247,94863,93919,1946,95865,924
2021-09-20,Del Norte,015,27424,3496,3374,29,3403,34
2021-09-20,El Dorado,017,186661,14820,14545,1508,16053,127
2021-09-20,Fresno,019,978130,127720,125287,11609,136896,1889
2021-09-20,Glenn,021,27897,3212,3112,926,4038,25
2021-09-20,Humboldt,023,135768,8110,7938,402,8340,80
2021-09-20,Imperial,025,180216,31451,31146,3019,34165,755
2021-09-20,Inyo,027,18085,1688,1641,35,1676,39
2021-09-20,Kern,029,883053,117414,115271,18271,133542,1459
2021-09-20,Kings,031,150075,29129,28471,1661,30132,285
2021-09-20,Lake,033,64148,6151,5984,121,6105,87
2021-09-20,Lassen,035,31185,6327,6132,275,6407,25
2021-09-20,Los Angeles,037,10098052,1394518,1382206,52094,1434300,25858
2021-09-20,Madera,039,155013,20770,20203,1673,21876,257
2021-09-20,Marin,041,260295,16914,16732,396,17128,242
2021-09-20,Mariposa,043,17540,935,887,32,919,5
2021-09-20,Mendocino,045,87422,6782,6568,330,6898,67
2021-09-20,Merced,047,269075,38548,38144,1514,39658,536
2021-09-20,Modoc,049,8938,472,457,163,620,5
2021-09-20,Mono,051,14174,1521,1480,18,1498,3
2021-09-20,Monterey,053,433212,47415,46506,2577,49083,565
2021-09-20,Napa,055,140530,12327,12209,88,12297,95
2021-09-20,Nevada,057,99092,8364,8228,274,8502,84
2021-09-20,Orange,059,3164182,296930,293642,14079,307721,5354
2021-09-20,Placer,061,380077,34112,33531,3205,36736,364
2021-09-20,Plumas,063,18699,1272,1211,24,1235,5
2021-09-20,Riverside,065,2383286,347424,341961,15923,357884,4802
2021-09-20,Sacramento,067,1510023,148024,147016,3776,150792,2016
2021-09-20,San Benito,069,59416,6979,6947,143,7090,67
2021-09-20,San Bernardino,071,2135413,340217,337059,10590,347649,5507
2021-09-20,San Diego,073,3302833,353938,349579,20828,370407,4009
2021-09-20,San Francisco,075,870044,50255,49559,2162,51721,605
2021-09-20,San Joaquin,077,732212,93948,92614,5023,97637,1615
2021-09-20,San Luis Obispo,079,281455,27853,27259,1099,28358,313
2021-09-20,San Mateo,081,765935,51964,51100,786,51886,567
2021-09-20,Santa Barbara,083,443738,42048,41589,1477,43066,500
2021-09-20,Santa Clara,085,1922200,140881,139578,1111,140689,1841
2021-09-20,Santa Cruz,087,273765,19390,19121,976,20097,211
2021-09-20,Shasta,089,179085,18510,17893,3038,20931,258
2021-09-20,Sierra,091,2930,131,126,13,139,0
2021-09-20,Siskiyou,093,43540,3049,2902,1065,3967,35
2021-09-20,Solano,095,438530,43961,43152,1142,44294,312
2021-09-20,Sonoma,097,501317,39296,38991,491,39482,369
2021-09-20,Stanislaus,099,539301,72410,72031,8189,80220,1091
2021-09-20,Sutter,101,95872,12999,12896,253,13149,153
2021-09-20,Tehama,103,63373,7321,7121,1202,8323,84
2021-09-20,Trinity,105,12862,728,568,198,766,7
2021-09-20,Tulare,107,460477,62036,60302,12773,73075,896
2021-09-20,Tuolumne,109,53932,6205,6113,71,6184,89
2021-09-20,Ventura,111,848112,94659,93700,4133,97833,1120
2021-09-20,Yolo,113,214977,18556,18287,950,19237,239
2021-09-20,Yuba,115,75493,9236,9107,208,9315,61
2021-09-19,Alameda,001,1643700,114283,113446,2622,116068,1320
2021-09-19,Alpine,003,1148,99,100,0,100,0
2021-09-19,Amador,005,37829,4970,4875,50,4925,59
2021-09-19,Butte,007,227075,18631,18063,3288,21351,230
2021-09-19,Calaveras,009,45235,3476,3390,35,3425,66
2021-09-19,Colusa,011,21464,2399,2375,543,2918,16
2021-09-19,Contra Costa,013,1133247,94678,93788,1936,95724,924
2021-09-19,Del Norte,015,27424,3470,3344,28,3372,34
2021-09-19,El Dorado,017,186661,14767,14512,1502,16014,127
2021-09-19,Fresno,019,978130,127314,124985,11564,136549,1888
2021-09-19,Glenn,021,27897,3203,3102,923,4025,25
2021-09-19,Humboldt,023,135768,8065,7914,400,8314,80
2021-09-19,Imperial,025,180216,31382,31122,3016,34138,755
2021-09-19,Inyo,027,18085,1679,1639,35,1674,39
2021-09-19,Kern,029,883053,117102,115074,18165,133239,1459
2021-09-19,Kings,031,150075,29001,28416,1652,30068,284
2021-09-19,Lake,033,64148,6120,5962,121,6083,87
2021-09-19,Lassen,035,31185,6307,6129,269,6398,25
2021-09-19,Los Angeles,037,10098052,1392540,1381200,51997,1433197,25852
2021-09-19,Madera,039,155013,20691,20161,1662,21823,257
2021-09-19,Marin,041,260295,16885,16711,394,17105,242
2021-09-19,Mariposa,043,17540,927,881,32,913,5
2021-09-19,Mendocino,045,87422,6737,6538,324,6862,67
2021-09-19,Merced,047,269075,38391,38068,1505,39573,535
2021-09-19,Modoc,049,8938,469,457,161,618,5
2021-09-19,Mono,051,14174,1516,1480,18,1498,3
2021-09-19,Monterey,053,433212,47360,46486,2574,49060,565
2021-09-19,Napa,055,140530,12306,12190,86,12276,95
2021-09-19,Nevada,057,99092,8336,8203,272,8475,84
2021-09-19,Orange,059,3164182,296562,293258,14057,307315,5354
2021-09-19,Placer,061,380077,33999,33406,3187,36593,364
2021-09-19,Plumas,063,18699,1264,1211,24,1235,5
2021-09-19,Riverside,065,2383286,346831,341566,15914,357480,4804
2021-09-19,Sacramento,067,1510023,147664,146603,3730,150333,2012
2021-09-19,San Benito,069,59416,6960,6942,143,7085,67
2021-09-19,San Bernardino,071,2135413,339726,336688,10579,347267,5506
2021-09-19,San Diego,073,3302833,353224,349225,20791,370016,4006
2021-09-19,San Francisco,075,870044,50147,49458,2153,51611,605
2021-09-19,San Joaquin,077,732212,93651,92467,5012,97479,1615
2021-09-19,San Luis Obispo,079,281455,27752,27208,1090,28298,313
2021-09-19,San Mateo,081,765935,51866,51028,785,51813,567
2021-09-19,Santa Barbara,083,443738,41942,41512,1477,42989,500
2021-09-19,Santa Clara,085,1922200,140695,139410,1106,140516,1841
2021-09-19,Santa Cruz,087,273765,19351,19096,976,20072,211
2021-09-19,Shasta,089,179085,18396,17813,3003,20816,258
2021-09-19,Sierra,091,2930,130,126,13,139,0
2021-09-19,Siskiyou,093,43540,3023,2882,1056,3938,35
2021-09-19,Solano,095,438530,43872,43056,1137,44193,312
2021-09-19,Sonoma,097,501317,39224,38956,487,39443,369
2021-09-19,Stanislaus,099,539301,72166,71830,8164,79994,1091
2021-09-19,Sutter,101,95872,12972,12868,246,13114,153
2021-09-19,Tehama,103,63373,7267,7081,1193,8274,84
2021-09-19,Trinity,105,12862,717,562,196,758,7
2021-09-19,Tulare,107,460477,61775,60160,12678,72838,896
2021-09-19,Tuolumne,109,53932,6163,6097,71,6168,89
2021-09-19,Ventura,111,848112,94497,93491,4124,97615,1120
2021-09-19,Yolo,113,214977,18507,18238,944,19182,239
2021-09-19,Yuba,115,75493,9210,9087,207,9294,61
2021-09-18,Alameda,001,1643700,114182,113300,2621,115921,1320
2021-09-18,Alpine,003,1148,99,100,0,100,0
2021-09-18,Amador,005,37829,4960,4850,50,4900,59
2021-09-18,Butte,007,227075,18594,17961,3274,21235,230
2021-09-18,Calaveras,009,45235,3471,3361,34,3395,66
2021-09-18,Colusa,011,21464,2399,2373,542,2915,16
2021-09-18,Contra Costa,013,1133247,94588,93656,1932,95588,924
2021-09-18,Del Norte,015,27424,3462,3326,26,3352,34
2021-09-18,El Dorado,017,186661,14744,14472,1499,15971,127
2021-09-18,Fresno,019,978130,127172,124771,11546,136317,1889
2021-09-18,Glenn,021,27897,3194,3086,920,4006,25
2021-09-18,Humboldt,023,135768,8051,7881,399,8280,80
2021-09-18,Imperial,025,180216,31358,31096,3015,34111,755
2021-09-18,Inyo,027,18085,1673,1636,35,1671,39
2021-09-18,Kern,029,883053,116947,114781,18101,132882,1459
2021-09-18,Kings,031,150075,28953,28330,1647,29977,285
2021-09-18,Lake,033,64148,6103,5936,121,6057,87
2021-09-18,Lassen,035,31185,6297,6121,267,6388,25
2021-09-18,Los Angeles,037,10098052,1391781,1379880,51946,1431826,25849
2021-09-18,Madera,039,155013,20647,20126,1652,21778,257
2021-09-18,Marin,041,260295,16868,16685,393,17078,242
2021-09-18,Mariposa,043,17540,924,871,32,903,5
2021-09-18,Mendocino,045,87422,6716,6523,324,6847,67
2021-09-18,Merced,047,269075,38354,37977,1499,39476,535
2021-09-18,Modoc,049,8938,469,457,160,617,5
2021-09-18,Mono,051,14174,1513,1480,18,1498,3
2021-09-18,Monterey,053,433212,47322,46466,2571,49037,565
2021-09-18,Napa,055,140530,12294,12168,86,12254,95
2021-09-18,Nevada,057,99092,8319,8183,272,8455,84
2021-09-18,Orange,059,3164182,296368,293005,14043,307048,5354
2021-09-18,Placer,061,380077,33927,33309,3184,36493,364
2021-09-18,Plumas,063,18699,1263,1204,24,1228,5
2021-09-18,Riverside,065,2383286,346446,341136,15899,357035,4802
2021-09-18,Sacramento,067,1510023,147482,146162,3721,149883,2016
2021-09-18,San Benito,069,59416,6956,6937,143,7080,67
2021-09-18,San Bernardino,071,2135413,339453,336380,10566,346946,5501
2021-09-18,San Diego,073,3302833,352826,348848,20778,369626,4006
2021-09-18,San Francisco,075,870044,50084,49359,2148,51507,605
2021-09-18,San Joaquin,077,732212,93541,92242,5000,97242,1615
2021-09-18,San Luis Obispo,079,281455,27715,27181,1087,28268,313
2021-09-18,San Mateo,081,765935,51815,50961,783,51744,567
2021-09-18,Santa Barbara,083,443738,41877,41465,1477,42942,500
2021-09-18,Santa Clara,085,1922200,140575,139233,1103,140336,1841
2021-09-18,Santa Cruz,087,273765,19331,19079,976,20055,211
2021-09-18,Shasta,089,179085,18333,17777,2987,20764,258
2021-09-18,Sierra,091,2930,129,125,13,138,0
2021-09-18,Siskiyou,093,43540,3020,2875,1050,3925,35
2021-09-18,Solano,095,438530,43832,42966,1134,44100,312
2021-09-18,Sonoma,097,501317,39189,38891,485,39376,369
2021-09-18,Stanislaus,099,539301,72021,71587,8139,79726,1091
2021-09-18,Sutter,101,95872,12958,12829,246,13075,153
2021-09-18,Tehama,103,63373,7253,7055,1186,8241,84
2021-09-18,Trinity,105,12862,715,561,196,757,7
2021-09-18,Tulare,107,460477,61699,60003,12626,72629,896
2021-09-18,Tuolumne,109,53932,6148,6069,71,6140,89
2021-09-18,Ventura,111,848112,94429,93424,4119,97543,1120
2021-09-18,Yolo,113,214977,18480,18213,939,19152,239
2021-09-18,Yuba,115,75493,9196,9061,206,9267,61
2021-09-17,Alameda,001,1643700,114056,113070,2619,115689,1320
2021-09-17,Alpine,003,1148,99,99,0,99,0
2021-09-17,Amador,005,37829,4944,4835,49,4884,58
2021-09-17,Butte,007,227075,18542,17870,3265,21135,230
2021-09-17,Calaveras,009,45235,3459,3338,33,3371,66
2021-09-17,Colusa,011,21464,2398,2369,537,2906,16
2021-09-17,Contra Costa,013,1133247,94485,93485,1929,95414,924
2021-09-17,Del Norte,015,27424,3457,3311,24,3335,34
2021-09-17,El Dorado,017,186661,14725,14421,1497,15918,127
2021-09-17,Fresno,019,978130,126953,124296,11530,135826,1882
2021-09-17,Glenn,021,27897,3177,3072,916,3988,25
2021-09-17,Humboldt,023,135768,8030,7850,399,8249,80
2021-09-17,Imperial,025,180216,31332,31031,3014,34045,755
2021-09-17,Inyo,027,18085,1665,1634,35,1669,39
2021-09-17,Kern,029,883053,116756,114303,18004,132307,1456
2021-09-17,Kings,031,150075,28888,28240,1645,29885,281
2021-09-17,Lake,033,64148,6090,5915,121,6036,87
2021-09-17,Lassen,035,31185,6282,6080,265,6345,25
2021-09-17,Los Angeles,037,10098052,1390804,1377905,51879,1429784,25820
2021-09-17,Madera,039,155013,20596,20040,1640,21680,257
2021-09-17,Marin,041,260295,16855,16658,391,17049,242
2021-09-17,Mariposa,043,17540,922,869,32,901,5
2021-09-17,Mendocino,045,87422,6697,6498,324,6822,67
2021-09-17,Merced,047,269075,38307,37803,1497,39300,533
2021-09-17,Modoc,049,8938,469,456,160,616,5
2021-09-17,Mono,051,14174,1509,1457,18,1475,3
2021-09-17,Monterey,053,433212,47299,46421,2570,48991,564
2021-09-17,Napa,055,140530,12273,12153,86,12239,95
2021-09-17,Nevada,057,99092,8304,8157,272,8429,84
2021-09-17,Orange,059,3164182,296149,292685,14025,306710,5346
2021-09-17,Placer,061,380077,33866,33188,3174,36362,362
2021-09-17,Plumas,063,18699,1254,1192,23,1215,5
2021-09-17,Riverside,065,2383286,346046,340445,15888,356333,4792
2021-09-17,Sacramento,067,1510023,147283,145985,3710,149695,1999
2021-09-17,San Benito,069,59416,6953,6929,143,7072,67
2021-09-17,San Bernardino,071,2135413,339097,335810,10559,346369,5488
2021-09-17,San Diego,073,3302833,352391,348098,20761,368859,4002
2021-09-17,San Francisco,075,870044,50032,49249,2143,51392,605
2021-09-17,San Joaquin,077,732212,93403,91977,4989,96966,1610
2021-09-17,San Luis Obispo,079,281455,27681,27102,1076,28178,311
2021-09-17,San Mateo,081,765935,51762,50854,782,51636,564
2021-09-17,Santa Barbara,083,443738,41814,41354,1476,42830,498
2021-09-17,Santa Clara,085,1922200,140426,138939,1101,140040,1838
2021-09-17,Santa Cruz,087,273765,19307,19039,976,20015,211
2021-09-17,Shasta,089,179085,18263,17617,2974,20591,254
2021-09-17,Sierra,091,2930,129,124,13,137,0
2021-09-17,Siskiyou,093,43540,3005,2852,1050,3902,35
2021-09-17,Solano,095,438530,43769,42898,1130,44028,312
2021-09-17,Sonoma,097,501317,39152,38808,484,39292,369
2021-09-17,Stanislaus,099,539301,71914,71408,8121,79529,1091
2021-09-17,Sutter,101,95872,12942,12799,243,13042,153
2021-09-17,Tehama,103,63373,7229,7020,1174,8194,84
2021-09-17,Trinity,105,12862,710,556,195,751,7
2021-09-17,Tulare,107,460477,61584,59689,12591,72280,895
2021-09-17,Tuolumne,109,53932,6129,6047,71,6118,89
2021-09-17,Ventura,111,848112,94317,93273,4117,97390,1116
2021-09-17,Yolo,113,214977,18449,18177,935,19112,239
2021-09-17,Yuba,115,75493,9169,9019,205,9224,61
2021-09-16,Alameda,001,1643700,113879,112770,2616,115386,1318
2021-09-16,Alpine,003,1148,99,99,0,99,0
2021-09-16,Amador,005,37829,4924,4819,49,4868,58
2021-09-16,Butte,007,227075,18468,17750,3249,20999,230
2021-09-16,Calaveras,009,45235,3427,3313,33,3346,66
2021-09-16,Colusa,011,21464,2396,2363,535,2898,16
2021-09-16,Contra Costa,013,1133247,94313,93213,1921,95134,917
2021-09-16,Del Norte,015,27424,3439,3285,24,3309,34
2021-09-16,El Dorado,017,186661,14684,14372,1489,15861,127
2021-09-16,Fresno,019,978130,126596,123853,11487,135340,1868
2021-09-16,Glenn,021,27897,3167,3068,914,3982,24
2021-09-16,Humboldt,023,135768,7996,7809,389,8198,80
2021-09-16,Imperial,025,180216,31289,30966,3006,33972,753
2021-09-16,Inyo,027,18085,1663,1623,35,1658,39
2021-09-16,Kern,029,883053,116485,113828,17936,131764,1448
2021-09-16,Kings,031,150075,28802,28114,1636,29750,280
2021-09-16,Lake,033,64148,6066,5890,118,6008,87
2021-09-16,Lassen,035,31185,6247,6028,260,6288,25
2021-09-16,Los Angeles,037,10098052,1389414,1376277,51814,1428091,25796
2021-09-16,Madera,039,155013,20518,19974,1634,21608,257
2021-09-16,Marin,041,260295,16828,16625,390,17015,242
2021-09-16,Mariposa,043,17540,916,849,32,881,6
2021-09-16,Mendocino,045,87422,6659,6445,313,6758,67
2021-09-16,Merced,047,269075,38200,37675,1494,39169,532
2021-09-16,Modoc,049,8938,467,455,160,615,5
2021-09-16,Mono,051,14174,1503,1449,18,1467,3
2021-09-16,Monterey,053,433212,47245,46342,2564,48906,562
2021-09-16,Napa,055,140530,12248,12115,82,12197,95
2021-09-16,Nevada,057,99092,8277,8121,271,8392,84
2021-09-16,Orange,059,3164182,295803,292183,14005,306188,5340
2021-09-16,Placer,061,380077,33770,33037,3154,36191,354
2021-09-16,Plumas,063,18699,1245,1178,23,1201,5
2021-09-16,Riverside,065,2383286,345515,339770,15874,355644,4786
2021-09-16,Sacramento,067,1510023,146927,145754,3678,149432,1996
2021-09-16,San Benito,069,59416,6940,6913,142,7055,67
2021-09-16,San Bernardino,071,2135413,338670,335129,10552,345681,5474
2021-09-16,San Diego,073,3302833,351767,347472,20722,368194,3994
2021-09-16,San Francisco,075,870044,49946,49133,2134,51267,605
2021-09-16,San Joaquin,077,732212,93165,91650,4945,96595,1608
2021-09-16,San Luis Obispo,079,281455,27608,27044,1072,28116,310
2021-09-16,San Mateo,081,765935,51685,50773,780,51553,564
2021-09-16,Santa Barbara,083,443738,41748,41272,1473,42745,497
2021-09-16,Santa Clara,085,1922200,140270,138685,1097,139782,1835
2021-09-16,Santa Cruz,087,273765,19280,19011,976,19987,211
2021-09-16,Shasta,089,179085,18138,17438,2940,20378,251
2021-09-16,Sierra,091,2930,129,123,13,136,0
2021-09-16,Siskiyou,093,43540,2985,2819,1043,3862,35
2021-09-16,Solano,095,438530,43697,42792,1121,43913,312
2021-09-16,Sonoma,097,501317,39089,38707,483,39190,369
2021-09-16,Stanislaus,099,539301,71681,71105,8104,79209,1091
2021-09-16,Sutter,101,95872,12898,12729,237,12966,152
2021-09-16,Tehama,103,63373,7190,6953,1163,8116,83
2021-09-16,Trinity,105,12862,707,547,194,741,7
2021-09-16,Tulare,107,460477,61362,59459,12516,71975,894
2021-09-16,Tuolumne,109,53932,6109,5999,70,6069,89
2021-09-16,Ventura,111,848112,94177,93087,4113,97200,1110
2021-09-16,Yolo,113,214977,18417,18135,933,19068,239
2021-09-16,Yuba,115,75493,9135,8981,202,9183,61
2021-09-15,Alameda,001,1643700,113714,112498,2609,115107,1317
2021-09-15,Alpine,003,1148,99,99,0,99,0
2021-09-15,Amador,005,37829,4916,4792,49,4841,58
2021-09-15,Butte,007,227075,18369,17664,3231,20895,228
2021-09-15,Calaveras,009,45235,3398,3293,31,3324,66
2021-09-15,Colusa,011,21464,2394,2352,532,2884,16
2021-09-15,Contra Costa,013,1133247,94133,92989,1909,94898,913
2021-09-15,Del Norte,015,27424,3426,3271,22,3293,34
2021-09-15,El Dorado,017,186661,14658,14309,1481,15790,127
2021-09-15,Fresno,019,978130,126217,123370,11429,134799,1867
2021-09-15,Glenn,021,27897,3155,3051,909,3960,20
2021-09-15,Humboldt,023,135768,7961,7754,384,8138,52
2021-09-15,Imperial,025,180216,31234,30891,3001,33892,753
2021-09-15,Inyo,027,18085,1659,1614,35,1649,39
2021-09-15,Kern,029,883053,116138,113546,17837,131383,1434
2021-09-15,Kings,031,150075,28723,27991,1627,29618,279
2021-09-15,Lake,033,64148,6034,5852,117,5969,85
2021-09-15,Lassen,035,31185,6187,6018,255,6273,25
2021-09-15,Los Angeles,037,10098052,1387913,1374307,51745,1426052,25767
2021-09-15,Madera,039,155013,20443,19880,1626,21506,257
2021-09-15,Marin,041,260295,16793,16592,385,16977,242
2021-09-15,Mariposa,043,17540,904,843,32,875,5
2021-09-15,Mendocino,045,87422,6629,6399,308,6707,66
2021-09-15,Merced,047,269075,38092,37508,1492,39000,529
2021-09-15,Modoc,049,8938,467,454,160,614,5
2021-09-15,Mono,051,14174,1497,1445,18,1463,3
2021-09-15,Monterey,053,433212,47175,46317,2552,48869,562
2021-09-15,Napa,055,140530,12227,12082,82,12164,95
2021-09-15,Nevada,057,99092,8255,8081,268,8349,84
2021-09-15,Orange,059,3164182,295479,291834,13986,305820,5328
2021-09-15,Placer,061,380077,33658,32860,3133,35993,352
2021-09-15,Plumas,063,18699,1240,1164,22,1186,5
2021-09-15,Riverside,065,2383286,344932,339077,15850,354927,4769
2021-09-15,Sacramento,067,1510023,146500,145202,3647,148849,1981
2021-09-15,San Benito,069,59416,6937,6902,142,7044,67
2021-09-15,San Bernardino,071,2135413,338207,334556,10538,345094,5470
2021-09-15,San Diego,073,3302833,351140,346933,20694,367627,3983
2021-09-15,San Francisco,075,870044,49835,48999,2129,51128,605
2021-09-15,San Joaquin,077,732212,92889,91322,4903,96225,1607
2021-09-15,San Luis Obispo,079,281455,27525,26943,1066,28009,306
2021-09-15,San Mateo,081,765935,51603,50691,777,51468,564
2021-09-15,Santa Barbara,083,443738,41645,41077,1468,42545,497
2021-09-15,Santa Clara,085,1922200,140097,138410,1092,139502,1833
2021-09-15,Santa Cruz,087,273765,19242,18984,974,19958,210
2021-09-15,Shasta,089,179085,18027,17317,2919,20236,250
2021-09-15,Sierra,091,2930,129,123,13,136,0
2021-09-15,Siskiyou,093,43540,2965,2804,1013,3817,35
2021-09-15,Solano,095,438530,43625,42682,1116,43798,312
2021-09-15,Sonoma,097,501317,39031,38629,482,39111,369
2021-09-15,Stanislaus,099,539301,71457,70852,8082,78934,1091
2021-09-15,Sutter,101,95872,12865,12699,232,12931,151
2021-09-15,Tehama,103,63373,7149,6894,1154,8048,79
2021-09-15,Trinity,105,12862,705,541,192,733,7
2021-09-15,Tulare,107,460477,61103,59149,12455,71604,890
2021-09-15,Tuolumne,109,53932,6083,5969,70,6039,89
2021-09-15,Ventura,111,848112,94034,92960,4106,97066,1109
2021-09-15,Yolo,113,214977,18383,18064,926,18990,239
2021-09-15,Yuba,115,75493,9101,8953,202,9155,61
2021-09-14,Alameda,001,1643700,113508,112329,2604,114933,1316
2021-09-14,Alpine,003,1148,99,98,0,98,0
2021-09-14,Amador,005,37829,4896,4790,49,4839,57
2021-09-14,Butte,007,227075,18234,17516,3208,20724,226
2021-09-14,Calaveras,009,45235,3378,3280,28,3308,66
2021-09-14,Colusa,011,21464,2390,2344,528,2872,16
2021-09-14,Contra Costa,013,1133247,93935,92822,1901,94723,908
2021-09-14,Del Norte,015,27424,3410,3252,21,3273,32
2021-09-14,El Dorado,017,186661,14605,14247,1473,15720,123
2021-09-14,Fresno,019,978130,125742,123151,11376,134527,1856
2021-09-14,Glenn,021,27897,3138,3045,905,3950,20
2021-09-14,Humboldt,023,135768,7927,7717,379,8096,52
2021-09-14,Imperial,025,180216,31185,30845,2998,33843,752
2021-09-14,Inyo,027,18085,1650,1605,34,1639,39
2021-09-14,Kern,029,883053,115755,113250,17711,130961,1428
2021-09-14,Kings,031,150075,28647,27955,1619,29574,278
2021-09-14,Lake,033,64148,6002,5845,117,5962,83
2021-09-14,Lassen,035,31185,6173,5977,250,6227,25
2021-09-14,Los Angeles,037,10098052,1386074,1372831,51662,1424493,25729
2021-09-14,Madera,039,155013,20361,19800,1615,21415,254
2021-09-14,Marin,041,260295,16765,16584,383,16967,242
2021-09-14,Mariposa,043,17540,893,834,31,865,5
2021-09-14,Mendocino,045,87422,6593,6372,296,6668,65
2021-09-14,Merced,047,269075,37942,37430,1488,38918,526
2021-09-14,Modoc,049,8938,466,453,160,613,5
2021-09-14,Mono,051,14174,1493,1440,18,1458,4
2021-09-14,Monterey,053,433212,47134,46224,2540,48764,558
2021-09-14,Napa,055,140530,12194,12070,81,12151,91
2021-09-14,Nevada,057,99092,8221,8056,268,8324,83
2021-09-14,Orange,059,3164182,295086,291423,13962,305385,5319
2021-09-14,Placer,061,380077,33526,32735,3113,35848,350
2021-09-14,Plumas,063,18699,1225,1148,22,1170,5
2021-09-14,Riverside,065,2383286,344292,338534,15819,354353,4748
2021-09-14,Sacramento,067,1510023,146115,145051,3599,148650,1977
2021-09-14,San Benito,069,59416,6927,6887,142,7029,64
2021-09-14,San Bernardino,071,2135413,337710,333968,10512,344480,5465
2021-09-14,San Diego,073,3302833,350474,346204,20643,366847,3966
2021-09-14,San Francisco,075,870044,49701,48998,2127,51125,603
2021-09-14,San Joaquin,077,732212,92650,91128,4893,96021,1596
2021-09-14,San Luis Obispo,079,281455,27452,26845,1061,27906,304
2021-09-14,San Mateo,081,765935,51505,50602,774,51376,564
2021-09-14,Santa Barbara,083,443738,41549,40783,1459,42242,495
2021-09-14,Santa Clara,085,1922200,139862,138321,1089,139410,1828
2021-09-14,Santa Cruz,087,273765,19202,18965,972,19937,210
2021-09-14,Shasta,089,179085,17896,17152,2898,20050,246
2021-09-14,Sierra,091,2930,129,123,13,136,0
2021-09-14,Siskiyou,093,43540,2941,2756,996,3752,35
2021-09-14,Solano,095,438530,43542,42599,1113,43712,307
2021-09-14,Sonoma,097,501317,38962,38595,478,39073,369
2021-09-14,Stanislaus,099,539301,71198,70697,8054,78751,1091
2021-09-14,Sutter,101,95872,12823,12670,225,12895,149
2021-09-14,Tehama,103,63373,7095,6859,1146,8005,80
2021-09-14,Trinity,105,12862,699,538,191,729,7
2021-09-14,Tulare,107,460477,60850,58961,12383,71344,888
2021-09-14,Tuolumne,109,53932,6062,5951,68,6019,89
2021-09-14,Ventura,111,848112,93849,92841,4089,96930,1107
2021-09-14,Yolo,113,214977,18339,18039,921,18960,239
2021-09-14,Yuba,115,75493,9065,8928,202,9130,61
2021-09-13,Alameda,001,1643700,113292,112159,2599,114758,1309
2021-09-13,Alpine,003,1148,98,98,0,98,0
2021-09-13,Amador,005,37829,4878,4761,49,4810,56
2021-09-13,Butte,007,227075,18109,17393,3181,20574,225
2021-09-13,Calaveras,009,45235,3352,3253,27,3280,65
2021-09-13,Colusa,011,21464,2381,2346,524,2870,16
2021-09-13,Contra Costa,013,1133247,93689,92658,1896,94554,908
2021-09-13,Del Norte,015,27424,3374,3232,21,3253,28
2021-09-13,El Dorado,017,186661,14544,14194,1465,15659,119
2021-09-13,Fresno,019,978130,125275,122650,11310,133960,1853
2021-09-13,Glenn,021,27897,3124,3026,898,3924,20
2021-09-13,Humboldt,023,135768,7895,7659,376,8035,52
2021-09-13,Imperial,025,180216,31132,30802,2995,33797,751
2021-09-13,Inyo,027,18085,1643,1602,34,1636,39
2021-09-13,Kern,029,883053,115372,112930,17589,130519,1424
2021-09-13,Kings,031,150075,28537,27858,1607,29465,275
2021-09-13,Lake,033,64148,5980,5809,117,5926,82
2021-09-13,Lassen,035,31185,6138,5953,249,6202,25
2021-09-13,Los Angeles,037,10098052,1384209,1371423,51594,1423017,25703
2021-09-13,Madera,039,155013,20291,19735,1600,21335,252
2021-09-13,Marin,041,260295,16729,16557,382,16939,242
2021-09-13,Mariposa,043,17540,879,825,31,856,5
2021-09-13,Mendocino,045,87422,6558,6323,287,6610,61
2021-09-13,Merced,047,269075,37791,37291,1483,38774,521
2021-09-13,Modoc,049,8938,465,451,160,611,5
2021-09-13,Mono,051,14174,1487,1435,18,1453,3
2021-09-13,Monterey,053,433212,47043,46188,2527,48715,558
2021-09-13,Napa,055,140530,12176,12039,81,12120,91
2021-09-13,Nevada,057,99092,8195,8021,266,8287,83
2021-09-13,Orange,059,3164182,294654,291128,13941,305069,5312
2021-09-13,Placer,061,380077,33361,32617,3096,35713,343
2021-09-13,Plumas,063,18699,1216,1142,22,1164,5
2021-09-13,Riverside,065,2383286,343647,337876,15801,353677,4731
2021-09-13,Sacramento,067,1510023,145628,144537,3565,148102,1956
2021-09-13,San Benito,069,59416,6912,6867,141,7008,64
2021-09-13,San Bernardino,071,2135413,337219,333613,10487,344100,5441
2021-09-13,San Diego,073,3302833,349685,345647,20591,366238,3961
2021-09-13,San Francisco,075,870044,49572,48914,2121,51035,603
2021-09-13,San Joaquin,077,732212,92365,90966,4875,95841,1581
2021-09-13,San Luis Obispo,079,281455,27355,26805,1058,27863,300
2021-09-13,San Mateo,081,765935,51415,50525,769,51294,564
2021-09-13,Santa Barbara,083,443738,41430,40661,1452,42113,494
2021-09-13,Santa Clara,085,1922200,139614,138152,1084,139236,1820
2021-09-13,Santa Cruz,087,273765,19162,18917,971,19888,210
2021-09-13,Shasta,089,179085,17766,17033,2857,19890,243
2021-09-13,Sierra,091,2930,129,123,13,136,0
2021-09-13,Siskiyou,093,43540,2926,2745,984,3729,35
2021-09-13,Solano,095,438530,43438,42501,1110,43611,306
2021-09-13,Sonoma,097,501317,38895,38513,475,38988,368
2021-09-13,Stanislaus,099,539301,70944,70477,8018,78495,1091
2021-09-13,Sutter,101,95872,12765,12624,221,12845,145
2021-09-13,Tehama,103,63373,7032,6803,1134,7937,79
2021-09-13,Trinity,105,12862,697,533,189,722,7
2021-09-13,Tulare,107,460477,60566,58768,12323,71091,887
2021-09-13,Tuolumne,109,53932,6031,5909,68,5977,89
2021-09-13,Ventura,111,848112,93687,92679,4081,96760,1107
2021-09-13,Yolo,113,214977,18294,17974,915,18889,239
2021-09-13,Yuba,115,75493,9020,8884,201,9085,61
2021-09-12,Alameda,001,1643700,113029,111961,2596,114557,1309
2021-09-12,Alpine,003,1148,98,98,0,98,0
2021-09-12,Amador,005,37829,4857,4752,49,4801,56
2021-09-12,Butte,007,227075,17964,17257,3137,20394,221
2021-09-12,Calaveras,009,45235,3322,3236,23,3259,65
2021-09-12,Colusa,011,21464,2378,2344,523,2867,16
2021-09-12,Contra Costa,013,1133247,93421,92498,1884,94382,908
2021-09-12,Del Norte,015,27424,3339,3200,21,3221,28
2021-09-12,El Dorado,017,186661,14471,14167,1449,15616,119
2021-09-12,Fresno,019,978130,124755,122407,11253,133660,1853
2021-09-12,Glenn,021,27897,3107,3016,893,3909,20
2021-09-12,Humboldt,023,135768,7825,7636,365,8001,52
2021-09-12,Imperial,025,180216,31069,30790,2990,33780,751
2021-09-12,Inyo,027,18085,1633,1596,32,1628,39
2021-09-12,Kern,029,883053,114960,112602,17430,130032,1424
2021-09-12,Kings,031,150075,28426,27764,1590,29354,274
2021-09-12,Lake,033,64148,5940,5781,115,5896,82
2021-09-12,Lassen,035,31185,6101,5943,239,6182,25
2021-09-12,Los Angeles,037,10098052,1382148,1365968,51519,1417487,25630
2021-09-12,Madera,039,155013,20204,19691,1587,21278,252
2021-09-12,Marin,041,260295,16706,16526,382,16908,242
2021-09-12,Mariposa,043,17540,868,811,29,840,5
2021-09-12,Mendocino,045,87422,6518,6283,278,6561,61
2021-09-12,Merced,047,269075,37619,37172,1472,38644,521
2021-09-12,Modoc,049,8938,465,451,159,610,5
2021-09-12,Mono,051,14174,1480,1431,18,1449,3
2021-09-12,Monterey,053,433212,46944,46167,2517,48684,558
2021-09-12,Napa,055,140530,12146,12011,81,12092,91
2021-09-12,Nevada,057,99092,8155,7987,265,8252,83
2021-09-12,Orange,059,3164182,294190,290718,13920,304638,5312
2021-09-12,Placer,061,380077,33212,32520,3072,35592,343
2021-09-12,Plumas,063,18699,1197,1138,22,1160,5
2021-09-12,Riverside,065,2383286,342964,337332,15767,353099,4731
2021-09-12,Sacramento,067,1510023,145121,144030,3525,147555,1959
2021-09-12,San Benito,069,59416,6893,6852,140,6992,64
2021-09-12,San Bernardino,071,2135413,336605,333049,10474,343523,5439
2021-09-12,San Diego,073,3302833,348865,345058,20515,365573,3942
2021-09-12,San Francisco,075,870044,49461,48819,2114,50933,603
2021-09-12,San Joaquin,077,732212,92036,90730,4867,95597,1581
2021-09-12,San Luis Obispo,079,281455,27236,26729,1045,27774,299
2021-09-12,San Mateo,081,765935,51307,50432,765,51197,564
2021-09-12,Santa Barbara,083,443738,41318,40600,1445,42045,494
2021-09-12,Santa Clara,085,1922200,139358,137899,1081,138980,1820
2021-09-12,Santa Cruz,087,273765,19129,18892,970,19862,210
2021-09-12,Shasta,089,179085,17601,16957,2799,19756,243
2021-09-12,Sierra,091,2930,129,123,13,136,0
2021-09-12,Siskiyou,093,43540,2898,2730,969,3699,35
2021-09-12,Solano,095,438530,43332,42409,1105,43514,306
2021-09-12,Sonoma,097,501317,38815,38456,473,38929,368
2021-09-12,Stanislaus,099,539301,70645,70184,7979,78163,1091
2021-09-12,Sutter,101,95872,12723,12589,215,12804,145
2021-09-12,Tehama,103,63373,6968,6732,1122,7854,79
2021-09-12,Trinity,105,12862,693,529,187,716,7
2021-09-12,Tulare,107,460477,60213,58582,12263,70845,887
2021-09-12,Tuolumne,109,53932,5998,5888,68,5956,89
2021-09-12,Ventura,111,848112,93560,92496,4075,96571,1107
2021-09-12,Yolo,113,214977,18228,17943,907,18850,239
2021-09-12,Yuba,115,75493,8985,8842,201,9043,61
2021-09-11,Alameda,001,1643700,112903,111715,2594,114309,1309
2021-09-11,Alpine,003,1148,98,98,0,98,0
2021-09-11,Amador,005,37829,4844,4728,48,4776,56
2021-09-11,Butte,007,227075,17882,17218,3110,20328,221
2021-09-11,Calaveras,009,45235,3314,3208,22,3230,65
2021-09-11,Colusa,011,21464,2377,2338,520,2858,16
2021-09-11,Contra Costa,013,1133247,93302,92269,1879,94148,908
2021-09-11,Del Norte,015,27424,3323,3184,21,3205,28
2021-09-11,El Dorado,017,186661,14452,14117,1443,15560,119
2021-09-11,Fresno,019,978130,124575,122224,11228,133452,1853
2021-09-11,Glenn,021,27897,3097,3007,890,3897,20
2021-09-11,Humboldt,023,135768,7803,7615,362,7977,52
2021-09-11,Imperial,025,180216,31044,30760,2986,33746,751
2021-09-11,Inyo,027,18085,1630,1590,32,1622,39
2021-09-11,Kern,029,883053,114710,112205,17314,129519,1424
2021-09-11,Kings,031,150075,28377,27631,1584,29215,275
2021-09-11,Lake,033,64148,5919,5761,115,5876,82
2021-09-11,Lassen,035,31185,6086,5930,235,6165,25
2021-09-11,Los Angeles,037,10098052,1381182,1365831,51454,1417285,25630
2021-09-11,Madera,039,155013,20151,19648,1582,21230,252
2021-09-11,Marin,041,260295,16678,16496,381,16877,242
2021-09-11,Mariposa,043,17540,863,799,29,828,5
2021-09-11,Mendocino,045,87422,6494,6257,278,6535,61
2021-09-11,Merced,047,269075,37565,37042,1469,38511,521
2021-09-11,Modoc,049,8938,465,449,159,608,5
2021-09-11,Mono,051,14174,1474,1431,18,1449,3
2021-09-11,Monterey,053,433212,46907,46140,2514,48654,558
2021-09-11,Napa,055,140530,12123,11991,81,12072,91
2021-09-11,Nevada,057,99092,8140,7967,265,8232,83
2021-09-11,Orange,059,3164182,293888,290429,13903,304332,5306
2021-09-11,Placer,061,380077,33129,32414,3061,35475,344
2021-09-11,Plumas,063,18699,1190,1112,22,1134,5
2021-09-11,Riverside,065,2383286,342526,336585,15753,352338,4731
2021-09-11,Sacramento,067,1510023,144820,143557,3513,147070,1955
2021-09-11,San Benito,069,59416,6880,6844,140,6984,64
2021-09-11,San Bernardino,071,2135413,336263,332512,10460,342972,5430
2021-09-11,San Diego,073,3302833,348375,344355,20491,364846,3942
2021-09-11,San Francisco,075,870044,49406,48660,2109,50769,603
2021-09-11,San Joaquin,077,732212,91891,90482,4860,95342,1581
2021-09-11,San Luis Obispo,079,281455,27190,26651,1044,27695,299
2021-09-11,San Mateo,081,765935,51235,50341,764,51105,564
2021-09-11,Santa Barbara,083,443738,41245,40451,1445,41896,494
2021-09-11,Santa Clara,085,1922200,139208,137659,1078,138737,1820
2021-09-11,Santa Cruz,087,273765,19100,18865,970,19835,210
2021-09-11,Shasta,089,179085,17507,16877,2779,19656,243
2021-09-11,Sierra,091,2930,129,123,13,136,0
2021-09-11,Siskiyou,093,43540,2881,2717,966,3683,35
2021-09-11,Solano,095,438530,43281,42344,1102,43446,306
2021-09-11,Sonoma,097,501317,38768,38399,471,38870,368
2021-09-11,Stanislaus,099,539301,70520,69974,7966,77940,1091
2021-09-11,Sutter,101,95872,12697,12538,212,12750,145
2021-09-11,Tehama,103,63373,6947,6703,1114,7817,79
2021-09-11,Trinity,105,12862,686,526,187,713,7
2021-09-11,Tulare,107,460477,60101,58321,12216,70537,889
2021-09-11,Tuolumne,109,53932,5979,5879,65,5944,89
2021-09-11,Ventura,111,848112,93478,92328,4070,96398,1107
2021-09-11,Yolo,113,214977,18204,17906,902,18808,239
2021-09-11,Yuba,115,75493,8960,8813,201,9014,61
2021-09-10,Alameda,001,1643700,112713,111386,2593,113979,1306
2021-09-10,Alpine,003,1148,97,97,0,97,0
2021-09-10,Amador,005,37829,4832,4706,48,4754,56
2021-09-10,Butte,007,227075,17807,17051,3094,20145,222
2021-09-10,Calaveras,009,45235,3305,3183,22,3205,65
2021-09-10,Colusa,011,21464,2373,2327,517,2844,16
2021-09-10,Contra Costa,013,1133247,93179,92024,1877,93901,908
2021-09-10,Del Norte,015,27424,3308,3128,20,3148,28
2021-09-10,El Dorado,017,186661,14422,14051,1439,15490,119
2021-09-10,Fresno,019,978130,124252,121659,11198,132857,1846
2021-09-10,Glenn,021,27897,3090,2977,889,3866,20
2021-09-10,Humboldt,023,135768,7771,7543,358,7901,52
2021-09-10,Imperial,025,180216,31021,30716,2984,33700,751
2021-09-10,Inyo,027,18085,1626,1590,32,1622,39
2021-09-10,Kern,029,883053,114456,111832,17198,129030,1419
2021-09-10,Kings,031,150075,28303,27473,1575,29048,274
2021-09-10,Lake,033,64148,5903,5713,113,5826,79
2021-09-10,Lassen,035,31185,6078,5914,232,6146,25
2021-09-10,Los Angeles,037,10098052,1379974,1365709,51387,1417096,25630
2021-09-10,Madera,039,155013,20105,19520,1575,21095,252
2021-09-10,Marin,041,260295,16658,16458,378,16836,242
2021-09-10,Mariposa,043,17540,858,795,29,824,5
2021-09-10,Mendocino,045,87422,6462,6184,277,6461,61
2021-09-10,Merced,047,269075,37513,36884,1468,38352,521
2021-09-10,Modoc,049,8938,465,448,159,607,5
2021-09-10,Mono,051,14174,1469,1422,18,1440,3
2021-09-10,Monterey,053,433212,46863,46084,2512,48596,557
2021-09-10,Napa,055,140530,12098,11948,81,12029,90
2021-09-10,Nevada,057,99092,8122,7932,264,8196,83
2021-09-10,Orange,059,3164182,293580,290022,13893,303915,5302
2021-09-10,Placer,061,380077,33027,32264,3048,35312,343
2021-09-10,Plumas,063,18699,1182,1111,22,1133,5
2021-09-10,Riverside,065,2383286,342053,335988,15746,351734,4720
2021-09-10,Sacramento,067,1510023,144477,143244,3505,146749,1950
2021-09-10,San Benito,069,59416,6876,6824,140,6964,64
2021-09-10,San Bernardino,071,2135413,335844,331894,10450,342344,5422
2021-09-10,San Diego,073,3302833,347810,343173,20454,363627,3941
2021-09-10,San Francisco,075,870044,49327,48518,2102,50620,602
2021-09-10,San Joaquin,077,732212,91712,90208,4854,95062,1573
2021-09-10,San Luis Obispo,079,281455,27157,26526,1042,27568,299
2021-09-10,San Mateo,081,765935,51168,50251,763,51014,564
2021-09-10,Santa Barbara,083,443738,41192,40321,1442,41763,492
2021-09-10,Santa Clara,085,1922200,139024,137337,1077,138414,1817
2021-09-10,Santa Cruz,087,273765,19081,18785,969,19754,210
2021-09-10,Shasta,089,179085,17413,16667,2751,19418,242
2021-09-10,Sierra,091,2930,129,117,13,130,0
2021-09-10,Siskiyou,093,43540,2869,2702,962,3664,35
2021-09-10,Solano,095,438530,43207,42230,1095,43325,305
2021-09-10,Sonoma,097,501317,38710,38271,470,38741,368
2021-09-10,Stanislaus,099,539301,70364,69617,7942,77559,1091
2021-09-10,Sutter,101,95872,12663,12468,212,12680,145
2021-09-10,Tehama,103,63373,6914,6652,1108,7760,77
2021-09-10,Trinity,105,12862,682,524,187,711,7
2021-09-10,Tulare,107,460477,59953,57930,12169,70099,883
2021-09-10,Tuolumne,109,53932,5960,5842,64,5906,89
2021-09-10,Ventura,111,848112,93381,92145,4066,96211,1104
2021-09-10,Yolo,113,214977,18179,17825,897,18722,239
2021-09-10,Yuba,115,75493,8941,8760,200,8960,62
2021-09-09,Alameda,001,1643700,112494,111014,2589,113603,1306
2021-09-09,Alpine,003,1148,97,94,0,94,0
2021-09-09,Amador,005,37829,4811,4698,47,4745,56
2021-09-09,Butte,007,227075,17661,16874,3068,19942,221
2021-09-09,Calaveras,009,45235,3271,3165,22,3187,65
2021-09-09,Colusa,011,21464,2366,2321,516,2837,16
2021-09-09,Contra Costa,013,1133247,92969,91687,1872,93559,904
2021-09-09,Del Norte,015,27424,3285,3102,20,3122,28
2021-09-09,El Dorado,017,186661,14365,13970,1429,15399,119
2021-09-09,Fresno,019,978130,123777,121040,11151,132191,1838
2021-09-09,Glenn,021,27897,3078,2947,885,3832,20
2021-09-09,Humboldt,023,135768,7721,7471,352,7823,52
2021-09-09,Imperial,025,180216,30983,30661,2981,33642,751
2021-09-09,Inyo,027,18085,1619,1586,32,1618,39
2021-09-09,Kern,029,883053,114108,111390,17041,128431,1414
2021-09-09,Kings,031,150075,28202,27282,1564,28846,273
2021-09-09,Lake,033,64148,5879,5638,111,5749,79
2021-09-09,Lassen,035,31185,6028,5860,226,6086,25
2021-09-09,Los Angeles,037,10098052,1378109,1363735,51312,1415047,25583
2021-09-09,Madera,039,155013,20032,19401,1562,20963,252
2021-09-09,Marin,041,260295,16635,16416,375,16791,242
2021-09-09,Mariposa,043,17540,845,779,28,807,5
2021-09-09,Mendocino,045,87422,6428,6089,268,6357,61
2021-09-09,Merced,047,269075,37359,36634,1455,38089,516
2021-09-09,Modoc,049,8938,465,448,159,607,5
2021-09-09,Mono,051,14174,1459,1420,18,1438,3
2021-09-09,Monterey,053,433212,46809,45991,2501,48492,556
2021-09-09,Napa,055,140530,12066,11878,81,11959,90
2021-09-09,Nevada,057,99092,8084,7855,264,8119,82
2021-09-09,Orange,059,3164182,293171,289109,13862,302971,5299
2021-09-09,Placer,061,380077,32909,32048,3033,35081,342
2021-09-09,Plumas,063,18699,1171,1098,22,1120,5
2021-09-09,Riverside,065,2383286,341414,334774,15728,350502,4701
2021-09-09,Sacramento,067,1510023,143997,142728,3459,146187,1929
2021-09-09,San Benito,069,59416,6866,6820,139,6959,64
2021-09-09,San Bernardino,071,2135413,335279,331040,10438,341478,5417
2021-09-09,San Diego,073,3302833,347085,342149,20397,362546,3929
2021-09-09,San Francisco,075,870044,49213,48404,2093,50497,597
2021-09-09,San Joaquin,077,732212,91437,89874,4836,94710,1570
2021-09-09,San Luis Obispo,079,281455,27075,26472,1039,27511,296
2021-09-09,San Mateo,081,765935,51046,50143,760,50903,561
2021-09-09,Santa Barbara,083,443738,41086,40180,1438,41618,490
2021-09-09,Santa Clara,085,1922200,138801,137017,1072,138089,1816
2021-09-09,Santa Cruz,087,273765,19035,18728,969,19697,210
2021-09-09,Shasta,089,179085,17267,16401,2709,19110,238
2021-09-09,Sierra,091,2930,129,115,13,128,0
2021-09-09,Siskiyou,093,43540,2846,2683,948,3631,35
2021-09-09,Solano,095,438530,43091,42081,1091,43172,303
2021-09-09,Sonoma,097,501317,38642,38171,469,38640,360
2021-09-09,Stanislaus,099,539301,70085,69178,7909,77087,1074
2021-09-09,Sutter,101,95872,12608,12396,210,12606,144
2021-09-09,Tehama,103,63373,6860,6554,1103,7657,75
2021-09-09,Trinity,105,12862,676,523,185,708,6
2021-09-09,Tulare,107,460477,59711,57564,12109,69673,879
2021-09-09,Tuolumne,109,53932,5932,5802,63,5865,89
2021-09-09,Ventura,111,848112,93236,91610,4057,95667,1098
2021-09-09,Yolo,113,214977,18122,17724,894,18618,239
2021-09-09,Yuba,115,75493,8896,8707,197,8904,55
2021-09-08,Alameda,001,1643700,112246,110781,2586,113367,1305
2021-09-08,Alpine,003,1148,97,94,0,94,0
2021-09-08,Amador,005,37829,4799,4693,47,4740,56
2021-09-08,Butte,007,227075,17527,16775,3050,19825,220
2021-09-08,Calaveras,009,45235,3253,3157,22,3179,63
2021-09-08,Colusa,011,21464,2364,2308,516,2824,16
2021-09-08,Contra Costa,013,1133247,92690,91471,1867,93338,900
2021-09-08,Del Norte,015,27424,3262,3085,20,3105,25
2021-09-08,El Dorado,017,186661,14285,13928,1408,15336,119
2021-09-08,Fresno,019,978130,123279,120644,11085,131729,1831
2021-09-08,Glenn,021,27897,3063,2942,876,3818,20
2021-09-08,Humboldt,023,135768,7677,7438,344,7782,52
2021-09-08,Imperial,025,180216,30950,30609,2968,33577,751
2021-09-08,Inyo,027,18085,1608,1580,32,1612,39
2021-09-08,Kern,029,883053,113710,110933,16901,127834,1409
2021-09-08,Kings,031,150075,28073,27235,1549,28784,267
2021-09-08,Lake,033,64148,5849,5618,109,5727,79
2021-09-08,Lassen,035,31185,6010,5848,219,6067,25
2021-09-08,Los Angeles,037,10098052,1376040,1362029,51223,1413252,25533
2021-09-08,Madera,039,155013,19972,19352,1548,20900,252
2021-09-08,Marin,041,260295,16607,16386,374,16760,242
2021-09-08,Mariposa,043,17540,833,777,27,804,5
2021-09-08,Mendocino,045,87422,6384,6069,259,6328,61
2021-09-08,Merced,047,269075,37198,36500,1443,37943,516
2021-09-08,Modoc,049,8938,465,448,159,607,5
2021-09-08,Mono,051,14174,1453,1418,18,1436,3
2021-09-08,Monterey,053,433212,46760,45959,2495,48454,554
2021-09-08,Napa,055,140530,12031,11842,79,11921,90
2021-09-08,Nevada,057,99092,8049,7843,263,8106,82
2021-09-08,Orange,059,3164182,292762,288511,13838,302349,5290
2021-09-08,Placer,061,380077,32772,31852,3016,34868,337
2021-09-08,Plumas,063,18699,1164,1072,22,1094,5
2021-09-08,Riverside,065,2383286,340655,334037,15703,349740,4683
2021-09-08,Sacramento,067,1510023,143518,142448,3410,145858,1921
2021-09-08,San Benito,069,59416,6848,6800,139,6939,64
2021-09-08,San Bernardino,071,2135413,334676,330279,10422,340701,5411
2021-09-08,San Diego,073,3302833,346160,341437,20346,361783,3926
2021-09-08,San Francisco,075,870044,49075,48263,2089,50352,589
2021-09-08,San Joaquin,077,732212,91158,89631,4812,94443,1561
2021-09-08,San Luis Obispo,079,281455,26981,26303,1034,27337,294
2021-09-08,San Mateo,081,765935,50942,50051,760,50811,561
2021-09-08,Santa Barbara,083,443738,40974,40000,1434,41434,490
2021-09-08,Santa Clara,085,1922200,138568,136836,1068,137904,1810
2021-09-08,Santa Cruz,087,273765,18998,18699,969,19668,210
2021-09-08,Shasta,089,179085,17112,16227,2662,18889,234
2021-09-08,Sierra,091,2930,129,113,13,126,0
2021-09-08,Siskiyou,093,43540,2813,2643,937,3580,35
2021-09-08,Solano,095,438530,42999,41971,1088,43059,302
2021-09-08,Sonoma,097,501317,38558,38075,468,38543,360
2021-09-08,Stanislaus,099,539301,69854,68945,7870,76815,1074
2021-09-08,Sutter,101,95872,12543,12349,207,12556,144
2021-09-08,Tehama,103,63373,6793,6520,1086,7606,75
2021-09-08,Trinity,105,12862,673,520,181,701,6
2021-09-08,Tulare,107,460477,59387,57425,12053,69478,876
2021-09-08,Tuolumne,109,53932,5900,5783,61,5844,89
2021-09-08,Ventura,111,848112,93084,91345,4039,95384,1096
2021-09-08,Yolo,113,214977,18040,17680,889,18569,239
2021-09-08,Yuba,115,75493,8854,8675,195,8870,55
2021-09-07,Alameda,001,1643700,111945,110550,2579,113129,1301
2021-09-07,Alpine,003,1148,96,94,0,94,0
2021-09-07,Amador,005,37829,4772,4679,47,4726,53
2021-09-07,Butte,007,227075,17371,16723,3013,19736,220
2021-09-07,Calaveras,009,45235,3213,3140,20,3160,63
2021-09-07,Colusa,011,21464,2354,2306,514,2820,16
2021-09-07,Contra Costa,013,1133247,92427,91167,1861,93028,891
2021-09-07,Del Norte,015,27424,3248,3081,20,3101,24
2021-09-07,El Dorado,017,186661,14213,13892,1393,15285,119
2021-09-07,Fresno,019,978130,122721,120268,10988,131256,1828
2021-09-07,Glenn,021,27897,3051,2937,870,3807,20
2021-09-07,Humboldt,023,135768,7617,7397,327,7724,52
2021-09-07,Imperial,025,180216,30910,30584,2960,33544,751
2021-09-07,Inyo,027,18085,1602,1579,31,1610,39
2021-09-07,Kern,029,883053,113278,110674,16740,127414,1408
2021-09-07,Kings,031,150075,27949,27169,1531,28700,267
2021-09-07,Lake,033,64148,5806,5597,101,5698,78
2021-09-07,Lassen,035,31185,5992,5842,213,6055,21
2021-09-07,Los Angeles,037,10098052,1373805,1360407,51131,1411538,25486
2021-09-07,Madera,039,155013,19885,19316,1540,20856,249
2021-09-07,Marin,041,260295,16568,16363,374,16737,242
2021-09-07,Mariposa,043,17540,817,771,27,798,5
2021-09-07,Mendocino,045,87422,6324,6036,249,6285,61
2021-09-07,Merced,047,269075,37024,36400,1437,37837,513
2021-09-07,Modoc,049,8938,463,449,159,608,5
2021-09-07,Mono,051,14174,1444,1416,18,1434,3
2021-09-07,Monterey,053,433212,46677,45911,2483,48394,543
2021-09-07,Napa,055,140530,11990,11814,79,11893,90
2021-09-07,Nevada,057,99092,8022,7829,263,8092,82
2021-09-07,Orange,059,3164182,292333,288225,13807,302032,5274
2021-09-07,Placer,061,380077,32619,31710,2988,34698,337
2021-09-07,Plumas,063,18699,1149,1071,22,1093,5
2021-09-07,Riverside,065,2383286,339868,333390,15684,349074,4666
2021-09-07,Sacramento,067,1510023,142978,142364,3364,145728,1905
2021-09-07,San Benito,069,59416,6830,6786,139,6925,64
2021-09-07,San Bernardino,071,2135413,333929,329962,10398,340360,5407
2021-09-07,San Diego,073,3302833,345157,340709,20280,360989,3922
2021-09-07,San Francisco,075,870044,48935,48175,2084,50259,589
2021-09-07,San Joaquin,077,732212,90823,89468,4798,94266,1548
2021-09-07,San Luis Obispo,079,281455,26863,26253,1025,27278,287
2021-09-07,San Mateo,081,765935,50849,49913,759,50672,561
2021-09-07,Santa Barbara,083,443738,40848,39957,1429,41386,489
2021-09-07,Santa Clara,085,1922200,138280,136631,1063,137694,1807
2021-09-07,Santa Cruz,087,273765,18949,18669,967,19636,210
2021-09-07,Shasta,089,179085,16956,16096,2609,18705,226
2021-09-07,Sierra,091,2930,129,111,13,124,0
2021-09-07,Siskiyou,093,43540,2787,2607,920,3527,34
2021-09-07,Solano,095,438530,42869,41862,1084,42946,300
2021-09-07,Sonoma,097,501317,38474,38013,466,38479,358
2021-09-07,Stanislaus,099,539301,69583,68831,7842,76673,1074
2021-09-07,Sutter,101,95872,12469,12310,201,12511,138
2021-09-07,Tehama,103,63373,6741,6482,1066,7548,74
2021-09-07,Trinity,105,12862,667,517,181,698,6
2021-09-07,Tulare,107,460477,59037,57228,11974,69202,874
2021-09-07,Tuolumne,109,53932,5863,5759,61,5820,88
2021-09-07,Ventura,111,848112,92873,91246,4029,95275,1093
2021-09-07,Yolo,113,214977,17971,17653,884,18537,235
2021-09-07,Yuba,115,75493,8811,8642,190,8832,55
2021-09-06,Alameda,001,1643700,111632,110357,2571,112928,1301
2021-09-06,Alpine,003,1148,94,94,0,94,0
2021-09-06,Amador,005,37829,4756,4648,46,4694,53
2021-09-06,Butte,007,227075,17179,16588,2970,19558,218
2021-09-06,Calaveras,009,45235,3191,3122,20,3142,63
2021-09-06,Colusa,011,21464,2347,2306,510,2816,16
2021-09-06,Contra Costa,013,1133247,92132,90971,1851,92822,891
2021-09-06,Del Norte,015,27424,3207,3037,19,3056,24
2021-09-06,El Dorado,017,186661,14144,13848,1377,15225,119
2021-09-06,Fresno,019,978130,122147,119738,10913,130651,1828
2021-09-06,Glenn,021,27897,3022,2912,862,3774,20
2021-09-06,Humboldt,023,135768,7541,7320,309,7629,52
2021-09-06,Imperial,025,180216,30847,30576,2954,33530,751
2021-09-06,Inyo,027,18085,1593,1578,19,1597,39
2021-09-06,Kern,029,883053,112766,110347,16552,126899,1408
2021-09-06,Kings,031,150075,27806,27094,1516,28610,264
2021-09-06,Lake,033,64148,5742,5548,94,5642,78
2021-09-06,Lassen,035,31185,5966,5822,203,6025,21
2021-09-06,Los Angeles,037,10098052,1371426,1359348,51015,1410363,25477
2021-09-06,Madera,039,155013,19782,19191,1517,20708,249
2021-09-06,Marin,041,260295,16528,16356,374,16730,242
2021-09-06,Mariposa,043,17540,805,764,27,791,5
2021-09-06,Mendocino,045,87422,6254,5984,236,6220,61
2021-09-06,Merced,047,269075,36810,36300,1423,37723,513
2021-09-06,Modoc,049,8938,460,449,159,608,5
2021-09-06,Mono,051,14174,1440,1416,18,1434,3
2021-09-06,Monterey,053,433212,46583,45833,2466,48299,541
2021-09-06,Napa,055,140530,11947,11792,78,11870,90
2021-09-06,Nevada,057,99092,7974,7748,261,8009,82
2021-09-06,Orange,059,3164182,291839,287948,13754,301702,5274
2021-09-06,Placer,061,380077,32442,31595,2950,34545,337
2021-09-06,Plumas,063,18699,1128,1068,19,1087,5
2021-09-06,Riverside,065,2383286,339053,333052,15664,348716,4666
2021-09-06,Sacramento,067,1510023,142337,141730,3296,145026,1905
2021-09-06,San Benito,069,59416,6807,6777,136,6913,64
2021-09-06,San Bernardino,071,2135413,333045,329693,10367,340060,5398
2021-09-06,San Diego,073,3302833,344147,340222,20183,360405,3922
2021-09-06,San Francisco,075,870044,48801,48120,2077,50197,589
2021-09-06,San Joaquin,077,732212,90477,89293,4772,94065,1548
2021-09-06,San Luis Obispo,079,281455,26734,26183,1021,27204,286
2021-09-06,San Mateo,081,765935,50720,49859,757,50616,561
2021-09-06,Santa Barbara,083,443738,40718,39876,1420,41296,489
2021-09-06,Santa Clara,085,1922200,137989,136458,1061,137519,1807
2021-09-06,Santa Cruz,087,273765,18900,18615,964,19579,210
2021-09-06,Shasta,089,179085,16775,15985,2555,18540,226
2021-09-06,Sierra,091,2930,129,109,13,122,0
2021-09-06,Siskiyou,093,43540,2743,2595,886,3481,34
2021-09-06,Solano,095,438530,42721,41774,1077,42851,300
2021-09-06,Sonoma,097,501317,38353,37929,465,38394,358
2021-09-06,Stanislaus,099,539301,69242,68596,7798,76394,1074
2021-09-06,Sutter,101,95872,12407,12238,192,12430,138
2021-09-06,Tehama,103,63373,6679,6413,1039,7452,74
2021-09-06,Trinity,105,12862,664,515,179,694,6
2021-09-06,Tulare,107,460477,58679,57068,11894,68962,874
2021-09-06,Tuolumne,109,53932,5827,5697,61,5758,88
2021-09-06,Ventura,111,848112,92696,91132,4017,95149,1093
2021-09-06,Yolo,113,214977,17886,17576,878,18454,235
2021-09-06,Yuba,115,75493,8761,8584,186,8770,55
2021-09-05,Alameda,001,1643700,111441,110173,2568,112741,1301
2021-09-05,Alpine,003,1148,94,94,0,94,0
2021-09-05,Amador,005,37829,4744,4642,46,4688,53
2021-09-05,Butte,007,227075,17089,16504,2942,19446,218
2021-09-05,Calaveras,009,45235,3185,3106,20,3126,63
2021-09-05,Colusa,011,21464,2339,2305,508,2813,16
2021-09-05,Contra Costa,013,1133247,91947,90862,1846,92708,891
2021-09-05,Del Norte,015,27424,3187,3023,19,3042,24
2021-09-05,El Dorado,017,186661,14115,13827,1363,15190,119
2021-09-05,Fresno,019,978130,121848,119384,10871,130255,1828
2021-09-05,Glenn,021,27897,3008,2899,860,3759,20
2021-09-05,Humboldt,023,135768,7508,7312,306,7618,52
2021-09-05,Imperial,025,180216,30818,30548,2952,33500,751
2021-09-05,Inyo,027,18085,1590,1572,19,1591,39
2021-09-05,Kern,029,883053,112466,110073,16393,126466,1408
2021-09-05,Kings,031,150075,27729,26989,1512,28501,264
2021-09-05,Lake,033,64148,5722,5525,94,5619,78
2021-09-05,Lassen,035,31185,5944,5820,199,6019,21
2021-09-05,Los Angeles,037,10098052,1370133,1357748,50944,1408692,25465
2021-09-05,Madera,039,155013,19741,19155,1506,20661,249
2021-09-05,Marin,041,260295,16509,16342,373,16715,242
2021-09-05,Mariposa,043,17540,801,761,27,788,5
2021-09-05,Mendocino,045,87422,6220,5965,236,6201,61
2021-09-05,Merced,047,269075,36735,36243,1421,37664,513
2021-09-05,Modoc,049,8938,460,447,159,606,5
2021-09-05,Mono,051,14174,1440,1416,18,1434,3
2021-09-05,Monterey,053,433212,46554,45795,2457,48252,540
2021-09-05,Napa,055,140530,11922,11770,78,11848,90
2021-09-05,Nevada,057,99092,7952,7722,260,7982,82
2021-09-05,Orange,059,3164182,291551,287614,13737,301351,5274
2021-09-05,Placer,061,380077,32314,31487,2936,34423,337
2021-09-05,Plumas,063,18699,1121,1067,19,1086,5
2021-09-05,Riverside,065,2383286,338598,332604,15652,348256,4654
2021-09-05,Sacramento,067,1510023,141899,141276,3278,144554,1905
2021-09-05,San Benito,069,59416,6806,6764,136,6900,64
2021-09-05,San Bernardino,071,2135413,332662,329062,10352,339414,5392
2021-09-05,San Diego,073,3302833,343593,339427,20142,359569,3914
2021-09-05,San Francisco,075,870044,48723,48035,2072,50107,589
2021-09-05,San Joaquin,077,732212,90310,89121,4755,93876,1548
2021-09-05,San Luis Obispo,079,281455,26685,26098,1020,27118,285
2021-09-05,San Mateo,081,765935,50652,49809,753,50562,561
2021-09-05,Santa Barbara,083,443738,40651,39762,1417,41179,489
2021-09-05,Santa Clara,085,1922200,137779,136146,1059,137205,1807
2021-09-05,Santa Cruz,087,273765,18880,18588,962,19550,210
2021-09-05,Shasta,089,179085,16692,15960,2529,18489,226
2021-09-05,Sierra,091,2930,128,109,13,122,0
2021-09-05,Siskiyou,093,43540,2726,2585,872,3457,34
2021-09-05,Solano,095,438530,42626,41687,1072,42759,300
2021-09-05,Sonoma,097,501317,38268,37881,464,38345,358
2021-09-05,Stanislaus,099,539301,69103,68434,7773,76207,1074
2021-09-05,Sutter,101,95872,12377,12179,186,12365,138
2021-09-05,Tehama,103,63373,6653,6400,1033,7433,74
2021-09-05,Trinity,105,12862,658,505,178,683,6
2021-09-05,Tulare,107,460477,58509,56915,11850,68765,874
2021-09-05,Tuolumne,109,53932,5815,5688,61,5749,88
2021-09-05,Ventura,111,848112,92560,91004,4013,95017,1093
2021-09-05,Yolo,113,214977,17849,17557,872,18429,235
2021-09-05,Yuba,115,75493,8734,8521,184,8705,55
2021-09-04,Alameda,001,1643700,111318,109944,2561,112505,1301
2021-09-04,Alpine,003,1148,94,94,0,94,0
2021-09-04,Amador,005,37829,4726,4637,45,4682,53
2021-09-04,Butte,007,227075,17031,16403,2927,19330,218
2021-09-04,Calaveras,009,45235,3173,3087,19,3106,63
2021-09-04,Colusa,011,21464,2337,2301,508,2809,16
2021-09-04,Contra Costa,013,1133247,91830,90623,1843,92466,891
2021-09-04,Del Norte,015,27424,3176,2984,19,3003,24
2021-09-04,El Dorado,017,186661,14089,13782,1354,15136,119
2021-09-04,Fresno,019,978130,121652,119033,10850,129883,1828
2021-09-04,Glenn,021,27897,2998,2878,854,3732,20
2021-09-04,Humboldt,023,135768,7477,7298,300,7598,52
2021-09-04,Imperial,025,180216,30795,30526,2950,33476,751
2021-09-04,Inyo,027,18085,1588,1571,19,1590,39
2021-09-04,Kern,029,883053,112222,109751,16262,126013,1408
2021-09-04,Kings,031,150075,27642,26896,1506,28402,263
2021-09-04,Lake,033,64148,5704,5507,94,5601,78
2021-09-04,Lassen,035,31185,5929,5814,191,6005,21
2021-09-04,Los Angeles,037,10098052,1369183,1355634,50886,1406520,25454
2021-09-04,Madera,039,155013,19708,19112,1499,20611,249
2021-09-04,Marin,041,260295,16493,16319,372,16691,242
2021-09-04,Mariposa,043,17540,796,759,27,786,5
2021-09-04,Mendocino,045,87422,6184,5933,236,6169,61
2021-09-04,Merced,047,269075,36691,36083,1416,37499,513
2021-09-04,Modoc,049,8938,460,447,159,606,5
2021-09-04,Mono,051,14174,1437,1417,18,1435,3
2021-09-04,Monterey,053,433212,46523,45756,2453,48209,540
2021-09-04,Napa,055,140530,11897,11760,76,11836,90
2021-09-04,Nevada,057,99092,7937,7691,259,7950,82
2021-09-04,Orange,059,3164182,291288,287244,13716,300960,5274
2021-09-04,Placer,061,380077,32210,31374,2919,34293,337
2021-09-04,Plumas,063,18699,1113,1067,19,1086,5
2021-09-04,Riverside,065,2383286,338128,331958,15640,347598,4654
2021-09-04,Sacramento,067,1510023,141606,140735,3270,144005,1896
2021-09-04,San Benito,069,59416,6797,6758,136,6894,64
2021-09-04,San Bernardino,071,2135413,332330,328425,10338,338763,5393
2021-09-04,San Diego,073,3302833,343159,338748,20120,358868,3914
2021-09-04,San Francisco,075,870044,48648,47937,2063,50000,589
2021-09-04,San Joaquin,077,732212,90194,88846,4747,93593,1548
2021-09-04,San Luis Obispo,079,281455,26653,26020,1020,27040,285
2021-09-04,San Mateo,081,765935,50598,49721,753,50474,560
2021-09-04,Santa Barbara,083,443738,40585,39667,1415,41082,489
2021-09-04,Santa Clara,085,1922200,137593,135845,1056,136901,1806
2021-09-04,Santa Cruz,087,273765,18862,18579,958,19537,210
2021-09-04,Shasta,089,179085,16615,15924,2503,18427,226
2021-09-04,Sierra,091,2930,126,108,13,121,0
2021-09-04,Siskiyou,093,43540,2700,2563,861,3424,34
2021-09-04,Solano,095,438530,42553,41614,1070,42684,300
2021-09-04,Sonoma,097,501317,38235,37809,464,38273,358
2021-09-04,Stanislaus,099,539301,68956,68210,7748,75958,1074
2021-09-04,Sutter,101,95872,12336,12137,185,12322,138
2021-09-04,Tehama,103,63373,6628,6367,1015,7382,74
2021-09-04,Trinity,105,12862,656,497,178,675,6
2021-09-04,Tulare,107,460477,58401,56719,11807,68526,874
2021-09-04,Tuolumne,109,53932,5797,5667,59,5726,88
2021-09-04,Ventura,111,848112,92425,90904,4010,94914,1090
2021-09-04,Yolo,113,214977,17813,17522,868,18390,235
2021-09-04,Yuba,115,75493,8705,8475,183,8658,55
2021-09-03,Alameda,001,1643700,111163,109636,2558,112194,1301
2021-09-03,Alpine,003,1148,94,94,0,94,0
2021-09-03,Amador,005,37829,4704,4614,45,4659,53
2021-09-03,Butte,007,227075,16941,16259,2901,19160,215
2021-09-03,Calaveras,009,45235,3163,3069,19,3088,63
2021-09-03,Colusa,011,21464,2332,2295,507,2802,16
2021-09-03,Contra Costa,013,1133247,91678,90299,1840,92139,886
2021-09-03,Del Norte,015,27424,3148,2943,18,2961,24
2021-09-03,El Dorado,017,186661,14056,13710,1350,15060,119
2021-09-03,Fresno,019,978130,121317,118508,10828,129336,1822
2021-09-03,Glenn,021,27897,2989,2867,847,3714,20
2021-09-03,Humboldt,023,135768,7452,7194,295,7489,52
2021-09-03,Imperial,025,180216,30772,30475,2945,33420,751
2021-09-03,Inyo,027,18085,1583,1567,19,1586,39
2021-09-03,Kern,029,883053,112006,109296,16151,125447,1407
2021-09-03,Kings,031,150075,27558,26753,1503,28256,263
2021-09-03,Lake,033,64148,5684,5479,92,5571,78
2021-09-03,Lassen,035,31185,5912,5789,186,5975,21
2021-09-03,Los Angeles,037,10098052,1367851,1351185,50819,1402004,25384
2021-09-03,Madera,039,155013,19623,19021,1493,20514,247
2021-09-03,Marin,041,260295,16471,16293,371,16664,242
2021-09-03,Mariposa,043,17540,789,753,25,778,5
2021-09-03,Mendocino,045,87422,6149,5891,236,6127,61
2021-09-03,Merced,047,269075,36637,35941,1407,37348,512
2021-09-03,Modoc,049,8938,460,445,159,604,5
2021-09-03,Mono,051,14174,1436,1410,18,1428,3
2021-09-03,Monterey,053,433212,46485,45707,2449,48156,540
2021-09-03,Napa,055,140530,11876,11733,76,11809,89
2021-09-03,Nevada,057,99092,7903,7632,259,7891,82
2021-09-03,Orange,059,3164182,290970,286818,13688,300506,5253
2021-09-03,Placer,061,380077,32103,31238,2895,34133,335
2021-09-03,Plumas,063,18699,1102,1057,19,1076,5
2021-09-03,Riverside,065,2383286,337596,331011,15624,346635,4653
2021-09-03,Sacramento,067,1510023,141237,139982,3251,143233,1886
2021-09-03,San Benito,069,59416,6791,6746,136,6882,64
2021-09-03,San Bernardino,071,2135413,331915,327599,10327,337926,5381
2021-09-03,San Diego,073,3302833,342539,337627,20087,357714,3911
2021-09-03,San Francisco,075,870044,48572,47822,2057,49879,589
2021-09-03,San Joaquin,077,732212,90041,88366,4739,93105,1540
2021-09-03,San Luis Obispo,079,281455,26577,25917,1018,26935,283
2021-09-03,San Mateo,081,765935,50503,49617,751,50368,560
2021-09-03,Santa Barbara,083,443738,40518,39507,1412,40919,489
2021-09-03,Santa Clara,085,1922200,137391,135522,1052,136574,1801
2021-09-03,Santa Cruz,087,273765,18837,18532,958,19490,210
2021-09-03,Shasta,089,179085,16540,15778,2479,18257,226
2021-09-03,Sierra,091,2930,124,105,13,118,0
2021-09-03,Siskiyou,093,43540,2688,2529,848,3377,34
2021-09-03,Solano,095,438530,42457,41457,1067,42524,300
2021-09-03,Sonoma,097,501317,38172,37699,464,38163,358
2021-09-03,Stanislaus,099,539301,68781,67887,7722,75609,1074
2021-09-03,Sutter,101,95872,12297,12073,184,12257,139
2021-09-03,Tehama,103,63373,6589,6334,1008,7342,72
2021-09-03,Trinity,105,12862,654,490,173,663,6
2021-09-03,Tulare,107,460477,58274,56401,11754,68155,872
2021-09-03,Tuolumne,109,53932,5755,5630,59,5689,88
2021-09-03,Ventura,111,848112,92291,90742,4006,94748,1088
2021-09-03,Yolo,113,214977,17790,17446,862,18308,235
2021-09-03,Yuba,115,75493,8674,8412,183,8595,55
2021-09-02,Alameda,001,1643700,110905,109377,2555,111932,1301
2021-09-02,Alpine,003,1148,93,92,0,92,0
2021-09-02,Amador,005,37829,4688,4606,45,4651,53
2021-09-02,Butte,007,227075,16815,16154,2882,19036,215
2021-09-02,Calaveras,009,45235,3150,3042,19,3061,62
2021-09-02,Colusa,011,21464,2328,2290,507,2797,16
2021-09-02,Contra Costa,013,1133247,91495,90038,1829,91867,886
2021-09-02,Del Norte,015,27424,3117,2891,18,2909,24
2021-09-02,El Dorado,017,186661,13997,13641,1325,14966,119
2021-09-02,Fresno,019,978130,120829,117974,10773,128747,1804
2021-09-02,Glenn,021,27897,2973,2855,841,3696,20
2021-09-02,Humboldt,023,135768,7405,7141,284,7425,52
2021-09-02,Imperial,025,180216,30728,30449,2940,33389,751
2021-09-02,Inyo,027,18085,1578,1564,18,1582,39
2021-09-02,Kern,029,883053,111594,108930,16007,124937,1404
2021-09-02,Kings,031,150075,27465,26638,1493,28131,263
2021-09-02,Lake,033,64148,5654,5432,88,5520,78
2021-09-02,Lassen,035,31185,5898,5747,179,5926,21
2021-09-02,Los Angeles,037,10098052,1365989,1351105,50724,1401829,25382
2021-09-02,Madera,039,155013,19532,18937,1474,20411,247
2021-09-02,Marin,041,260295,16458,16244,369,16613,242
2021-09-02,Mariposa,043,17540,782,745,22,767,5
2021-09-02,Mendocino,045,87422,6107,5848,233,6081,61
2021-09-02,Merced,047,269075,36474,35820,1400,37220,508
2021-09-02,Modoc,049,8938,460,437,159,596,5
2021-09-02,Mono,051,14174,1436,1409,18,1427,3
2021-09-02,Monterey,053,433212,46419,45648,2434,48082,539
2021-09-02,Napa,055,140530,11847,11684,76,11760,88
2021-09-02,Nevada,057,99092,7851,7575,258,7833,82
2021-09-02,Orange,059,3164182,290510,286326,13654,299980,5240
2021-09-02,Placer,061,380077,31965,31067,2866,33933,330
2021-09-02,Plumas,063,18699,1091,1045,18,1063,5
2021-09-02,Riverside,065,2383286,336881,330190,15599,345789,4644
2021-09-02,Sacramento,067,1510023,140654,139274,3212,142486,1882
2021-09-02,San Benito,069,59416,6786,6734,135,6869,64
2021-09-02,San Bernardino,071,2135413,331308,326940,10254,337194,5369
2021-09-02,San Diego,073,3302833,341573,336382,20034,356416,3909
2021-09-02,San Francisco,075,870044,48464,47674,2053,49727,587
2021-09-02,San Joaquin,077,732212,89757,88056,4715,92771,1540
2021-09-02,San Luis Obispo,079,281455,26492,25851,1013,26864,283
2021-09-02,San Mateo,081,765935,50404,49490,748,50238,558
2021-09-02,Santa Barbara,083,443738,40428,39386,1399,40785,486
2021-09-02,Santa Clara,085,1922200,137090,135216,1046,136262,1799
2021-09-02,Santa Cruz,087,273765,18803,18473,955,19428,210
2021-09-02,Shasta,089,179085,16402,15670,2450,18120,224
2021-09-02,Sierra,091,2930,124,105,13,118,0
2021-09-02,Siskiyou,093,43540,2667,2513,820,3333,34
2021-09-02,Solano,095,438530,42351,41293,1064,42357,294
2021-09-02,Sonoma,097,501317,38091,37558,464,38022,352
2021-09-02,Stanislaus,099,539301,68540,67576,7700,75276,1074
2021-09-02,Sutter,101,95872,12228,11995,180,12175,138
2021-09-02,Tehama,103,63373,6531,6265,989,7254,72
2021-09-02,Trinity,105,12862,650,484,171,655,6
2021-09-02,Tulare,107,460477,58044,56105,11701,67806,872
2021-09-02,Tuolumne,109,53932,5699,5578,59,5637,88
2021-09-02,Ventura,111,848112,92108,90610,4001,94611,1084
2021-09-02,Yolo,113,214977,17720,17357,851,18208,235
2021-09-02,Yuba,115,75493,8614,8363,183,8546,55
2021-09-01,Alameda,001,1643700,110639,109075,2549,111624,1299
2021-09-01,Alpine,003,1148,93,92,0,92,0
2021-09-01,Amador,005,37829,4672,4599,44,4643,53
2021-09-01,Butte,007,227075,16701,16046,2856,18902,215
2021-09-01,Calaveras,009,45235,3138,3023,19,3042,59
2021-09-01,Colusa,011,21464,2323,2281,506,2787,16
2021-09-01,Contra Costa,013,1133247,91260,89834,1822,91656,877
2021-09-01,Del Norte,015,27424,3084,2860,18,2878,24
2021-09-01,El Dorado,017,186661,13941,13577,1296,14873,119
2021-09-01,Fresno,019,978130,120338,117492,10703,128195,1800
2021-09-01,Glenn,021,27897,2948,2846,833,3679,20
2021-09-01,Humboldt,023,135768,7358,7090,277,7367,52
2021-09-01,Imperial,025,180216,30690,30393,2935,33328,750
2021-09-01,Inyo,027,18085,1574,1561,17,1578,39
2021-09-01,Kern,029,883053,111163,108449,15865,124314,1400
2021-09-01,Kings,031,150075,27352,26443,1482,27925,263
2021-09-01,Lake,033,64148,5613,5396,83,5479,77
2021-09-01,Lassen,035,31185,5876,5731,175,5906,21
2021-09-01,Los Angeles,037,10098052,1363724,1348589,50620,1399209,25341
2021-09-01,Madera,039,155013,19454,18852,1459,20311,247
2021-09-01,Marin,041,260295,16436,16224,364,16588,240
2021-09-01,Mariposa,043,17540,774,735,22,757,5
2021-09-01,Mendocino,045,87422,6064,5821,228,6049,59
2021-09-01,Merced,047,269075,36297,35686,1390,37076,500
2021-09-01,Modoc,049,8938,454,436,157,593,5
2021-09-01,Mono,051,14174,1436,1400,18,1418,3
2021-09-01,Monterey,053,433212,46339,45590,2419,48009,539
2021-09-01,Napa,055,140530,11814,11653,76,11729,88
2021-09-01,Nevada,057,99092,7798,7508,257,7765,82
2021-09-01,Orange,059,3164182,290037,285840,13616,299456,5233
2021-09-01,Placer,061,380077,31810,30902,2852,33754,330
2021-09-01,Plumas,063,18699,1083,1033,18,1051,5
2021-09-01,Riverside,065,2383286,336065,329388,15569,344957,4634
2021-09-01,Sacramento,067,1510023,140045,138499,3166,141665,1875
2021-09-01,San Benito,069,59416,6769,6716,135,6851,64
2021-09-01,San Bernardino,071,2135413,330656,326250,10225,336475,5364
2021-09-01,San Diego,073,3302833,340543,335302,19978,355280,3908
2021-09-01,San Francisco,075,870044,48355,47538,2046,49584,584
2021-09-01,San Joaquin,077,732212,89435,87640,4692,92332,1540
2021-09-01,San Luis Obispo,079,281455,26396,25691,1008,26699,283
2021-09-01,San Mateo,081,765935,50284,49394,742,50136,558
2021-09-01,Santa Barbara,083,443738,40311,39263,1383,40646,483
2021-09-01,Santa Clara,085,1922200,136822,134855,1039,135894,1796
2021-09-01,Santa Cruz,087,273765,18756,18453,953,19406,210
2021-09-01,Shasta,089,179085,16270,15552,2409,17961,221
2021-09-01,Sierra,091,2930,123,98,13,111,0
2021-09-01,Siskiyou,093,43540,2637,2482,800,3282,34
2021-09-01,Solano,095,438530,42200,41194,1058,42252,293
2021-09-01,Sonoma,097,501317,37996,37454,463,37917,352
2021-09-01,Stanislaus,099,539301,68256,67287,7669,74956,1075
2021-09-01,Sutter,101,95872,12164,11945,173,12118,136
2021-09-01,Tehama,103,63373,6497,6228,972,7200,72
2021-09-01,Trinity,105,12862,649,482,168,650,5
2021-09-01,Tulare,107,460477,57761,55768,11664,67432,870
2021-09-01,Tuolumne,109,53932,5660,5553,59,5612,88
2021-09-01,Ventura,111,848112,91893,90471,3985,94456,1089
2021-09-01,Yolo,113,214977,17664,17264,845,18109,235
2021-09-01,Yuba,115,75493,8552,8308,183,8491,55
2021-08-31,Alameda,001,1643700,110346,108837,2542,111379,1297
2021-08-31,Alpine,003,1148,91,92,0,92,0
2021-08-31,Amador,005,37829,4651,4555,44,4599,53
2021-08-31,Butte,007,227075,16558,15896,2815,18711,216
2021-08-31,Calaveras,009,45235,3098,3008,19,3027,59
2021-08-31,Colusa,011,21464,2321,2275,504,2779,16
2021-08-31,Contra Costa,013,1133247,90965,89546,1810,91356,871
2021-08-31,Del Norte,015,27424,3048,2830,18,2848,19
2021-08-31,El Dorado,017,186661,13870,13539,1278,14817,119
2021-08-31,Fresno,019,978130,119762,117155,10624,127779,1801
2021-08-31,Glenn,021,27897,2932,2829,822,3651,20
2021-08-31,Humboldt,023,135768,7283,7030,264,7294,52
2021-08-31,Imperial,025,180216,30653,30348,2927,33275,750
2021-08-31,Inyo,027,18085,1570,1550,17,1567,39
2021-08-31,Kern,029,883053,110661,108151,15686,123837,1393
2021-08-31,Kings,031,150075,27210,26405,1468,27873,260
2021-08-31,Lake,033,64148,5569,5359,80,5439,74
2021-08-31,Lassen,035,31185,5850,5702,172,5874,21
2021-08-31,Los Angeles,037,10098052,1361136,1346686,50540,1397226,25303
2021-08-31,Madera,039,155013,19364,18811,1441,20252,247
2021-08-31,Marin,041,260295,16407,16215,361,16576,240
2021-08-31,Mariposa,043,17540,766,732,22,754,5
2021-08-31,Mendocino,045,87422,6022,5777,226,6003,59
2021-08-31,Merced,047,269075,36127,35512,1385,36897,498
2021-08-31,Modoc,049,8938,453,436,157,593,5
2021-08-31,Mono,051,14174,1424,1398,18,1416,3
2021-08-31,Monterey,053,433212,46255,45550,2406,47956,539
2021-08-31,Napa,055,140530,11767,11618,76,11694,88
2021-08-31,Nevada,057,99092,7731,7460,257,7717,82
2021-08-31,Orange,059,3164182,289438,285310,13582,298892,5229
2021-08-31,Placer,061,380077,31621,30745,2814,33559,325
2021-08-31,Plumas,063,18699,1079,1018,17,1035,5
2021-08-31,Riverside,065,2383286,335091,328556,15536,344092,4627
2021-08-31,Sacramento,067,1510023,139360,137879,3134,141013,1863
2021-08-31,San Benito,069,59416,6757,6694,133,6827,64
2021-08-31,San Bernardino,071,2135413,329909,325446,10205,335651,5350
2021-08-31,San Diego,073,3302833,339284,334377,19920,354297,3888
2021-08-31,San Francisco,075,870044,48205,47440,2035,49475,581
2021-08-31,San Joaquin,077,732212,88990,87365,4677,92042,1540
2021-08-31,San Luis Obispo,079,281455,26273,25518,1004,26522,282
2021-08-31,San Mateo,081,765935,50172,49299,742,50041,556
2021-08-31,Santa Barbara,083,443738,40160,39091,1377,40468,481
2021-08-31,Santa Clara,085,1922200,136472,134637,1032,135669,1793
2021-08-31,Santa Cruz,087,273765,18717,18419,950,19369,210
2021-08-31,Shasta,089,179085,16118,15368,2382,17750,220
2021-08-31,Sierra,091,2930,120,95,13,108,0
2021-08-31,Siskiyou,093,43540,2617,2435,784,3219,33
2021-08-31,Solano,095,438530,42061,41067,1051,42118,289
2021-08-31,Sonoma,097,501317,37900,37379,461,37840,352
2021-08-31,Stanislaus,099,539301,67901,67004,7634,74638,1075
2021-08-31,Sutter,101,95872,12099,11901,169,12070,136
2021-08-31,Tehama,103,63373,6436,6169,941,7110,72
2021-08-31,Trinity,105,12862,643,480,168,648,3
2021-08-31,Tulare,107,460477,57427,55567,11593,67160,870
2021-08-31,Tuolumne,109,53932,5624,5516,59,5575,88
2021-08-31,Ventura,111,848112,91674,90292,3973,94265,1081
2021-08-31,Yolo,113,214977,17583,17205,836,18041,234
2021-08-31,Yuba,115,75493,8498,8253,183,8436,54
2021-08-30,Alameda,001,1643700,110021,107734,2531,110265,1296
2021-08-30,Alpine,003,1148,91,92,0,92,0
2021-08-30,Amador,005,37829,4640,4507,44,4551,53
2021-08-30,Butte,007,227075,16407,15719,2782,18501,214
2021-08-30,Calaveras,009,45235,3083,2975,19,2994,59
2021-08-30,Colusa,011,21464,2312,2271,501,2772,16
2021-08-30,Contra Costa,013,1133247,90706,87679,1800,89479,872
2021-08-30,Del Norte,015,27424,3006,2796,17,2813,11
2021-08-30,El Dorado,017,186661,13801,13217,1261,14478,119
2021-08-30,Fresno,019,978130,119189,115867,10552,126419,1790
2021-08-30,Glenn,021,27897,2921,2804,816,3620,20
2021-08-30,Humboldt,023,135768,7229,6930,258,7188,52
2021-08-30,Imperial,025,180216,30615,30311,2922,33233,750
2021-08-30,Inyo,027,18085,1565,1544,17,1561,39
2021-08-30,Kern,029,883053,110182,107615,15522,123137,1389
2021-08-30,Kings,031,150075,27094,26236,1453,27689,259
2021-08-30,Lake,033,64148,5534,5323,77,5400,74
2021-08-30,Lassen,035,31185,5828,5667,166,5833,21
2021-08-30,Los Angeles,037,10098052,1358676,1344949,50454,1395403,25269
2021-08-30,Madera,039,155013,19282,18622,1421,20043,247
2021-08-30,Marin,041,260295,16376,16160,361,16521,240
2021-08-30,Mariposa,043,17540,760,715,21,736,5
2021-08-30,Mendocino,045,87422,5988,5721,222,5943,55
2021-08-30,Merced,047,269075,35999,35335,1381,36716,497
2021-08-30,Modoc,049,8938,451,436,156,592,5
2021-08-30,Mono,051,14174,1423,1390,18,1408,3
2021-08-30,Monterey,053,433212,46193,45463,2389,47852,539
2021-08-30,Napa,055,140530,11718,11579,74,11653,87
2021-08-30,Nevada,057,99092,7672,7356,254,7610,82
2021-08-30,Orange,059,3164182,288856,284750,13533,298283,5223
2021-08-30,Placer,061,380077,31456,29825,2791,32616,319
2021-08-30,Plumas,063,18699,1062,998,17,1015,5
2021-08-30,Riverside,065,2383286,334194,327593,15505,343098,4623
2021-08-30,Sacramento,067,1510023,138702,134571,3088,137659,1847
2021-08-30,San Benito,069,59416,6748,6663,133,6796,64
2021-08-30,San Bernardino,071,2135413,329231,324870,10175,335045,5348
2021-08-30,San Diego,073,3302833,338013,333011,19840,352851,3885
2021-08-30,San Francisco,075,870044,48066,46966,2021,48987,581
2021-08-30,San Joaquin,077,732212,88659,86203,4656,90859,1528
2021-08-30,San Luis Obispo,079,281455,26148,25422,997,26419,280
2021-08-30,San Mateo,081,765935,50046,48839,736,49575,554
2021-08-30,Santa Barbara,083,443738,40009,38998,1372,40370,481
2021-08-30,Santa Clara,085,1922200,136151,133281,1025,134306,1789
2021-08-30,Santa Cruz,087,273765,18663,18326,946,19272,210
2021-08-30,Shasta,089,179085,15989,15238,2340,17578,217
2021-08-30,Sierra,091,2930,118,91,13,104,0
2021-08-30,Siskiyou,093,43540,2604,2411,773,3184,33
2021-08-30,Solano,095,438530,41900,39986,1047,41033,290
2021-08-30,Sonoma,097,501317,37794,36764,461,37225,352
2021-08-30,Stanislaus,099,539301,67562,66173,7603,73776,1074
2021-08-30,Sutter,101,95872,12029,11791,162,11953,136
2021-08-30,Tehama,103,63373,6357,6085,917,7002,71
2021-08-30,Trinity,105,12862,632,468,165,633,3
2021-08-30,Tulare,107,460477,57115,55140,11517,66657,870
2021-08-30,Tuolumne,109,53932,5578,5492,59,5551,74
2021-08-30,Ventura,111,848112,91458,90149,3961,94110,1082
2021-08-30,Yolo,113,214977,17521,17071,832,17903,231
2021-08-30,Yuba,115,75493,8424,8129,182,8311,54
2021-08-29,Alameda,001,1643700,109676,107494,2519,110013,1296
2021-08-29,Alpine,003,1148,91,92,0,92,0
2021-08-29,Amador,005,37829,4626,4501,44,4545,53
2021-08-29,Butte,007,227075,16236,15602,2745,18347,214
2021-08-29,Calaveras,009,45235,3050,2970,19,2989,59
2021-08-29,Colusa,011,21464,2305,2260,495,2755,16
2021-08-29,Contra Costa,013,1133247,90409,87439,1795,89234,872
2021-08-29,Del Norte,015,27424,2963,2752,17,2769,11
2021-08-29,El Dorado,017,186661,13745,13166,1250,14416,119
2021-08-29,Fresno,019,978130,118592,115502,10482,125984,1790
2021-08-29,Glenn,021,27897,2903,2778,809,3587,20
2021-08-29,Humboldt,023,135768,7185,6922,243,7165,52
2021-08-29,Imperial,025,180216,30554,30293,2911,33204,750
2021-08-29,Inyo,027,18085,1555,1543,16,1559,39
2021-08-29,Kern,029,883053,109731,107324,15352,122676,1389
2021-08-29,Kings,031,150075,26941,26143,1438,27581,259
2021-08-29,Lake,033,64148,5494,5293,67,5360,74
2021-08-29,Lassen,035,31185,5805,5666,162,5828,21
2021-08-29,Los Angeles,037,10098052,1355916,1342541,50342,1392883,25263
2021-08-29,Madera,039,155013,19195,18594,1405,19999,247
2021-08-29,Marin,041,260295,16345,16134,359,16493,240
2021-08-29,Mariposa,043,17540,754,709,19,728,5
2021-08-29,Mendocino,045,87422,5930,5689,209,5898,55
2021-08-29,Merced,047,269075,35760,35250,1369,36619,497
2021-08-29,Modoc,049,8938,448,436,156,592,5
2021-08-29,Mono,051,14174,1416,1387,18,1405,3
2021-08-29,Monterey,053,433212,46087,45424,2365,47789,539
2021-08-29,Napa,055,140530,11687,11552,74,11626,87
2021-08-29,Nevada,057,99092,7615,7294,253,7547,82
2021-08-29,Orange,059,3164182,288229,284432,13490,297922,5223
2021-08-29,Placer,061,380077,31283,29674,2750,32424,319
2021-08-29,Plumas,063,18699,1051,996,17,1013,5
2021-08-29,Riverside,065,2383286,333337,326987,15484,342471,4623
2021-08-29,Sacramento,067,1510023,137949,133981,3039,137020,1843
2021-08-29,San Benito,069,59416,6723,6646,133,6779,64
2021-08-29,San Bernardino,071,2135413,328445,324266,10141,334407,5347
2021-08-29,San Diego,073,3302833,336907,332014,19744,351758,3880
2021-08-29,San Francisco,075,870044,47931,46885,2009,48894,581
2021-08-29,San Joaquin,077,732212,88212,85922,4635,90557,1528
2021-08-29,San Luis Obispo,079,281455,25949,25288,989,26277,280
2021-08-29,San Mateo,081,765935,49933,48737,731,49468,554
2021-08-29,Santa Barbara,083,443738,39843,38900,1368,40268,481
2021-08-29,Santa Clara,085,1922200,135798,132979,1019,133998,1789
2021-08-29,Santa Cruz,087,273765,18616,18285,944,19229,210
2021-08-29,Shasta,089,179085,15835,15198,2313,17511,217
2021-08-29,Sierra,091,2930,116,91,13,104,0
2021-08-29,Siskiyou,093,43540,2557,2407,753,3160,33
2021-08-29,Solano,095,438530,41746,39887,1040,40927,290
2021-08-29,Sonoma,097,501317,37658,36650,457,37107,352
2021-08-29,Stanislaus,099,539301,67217,65956,7567,73523,1074
2021-08-29,Sutter,101,95872,11970,11719,155,11874,136
2021-08-29,Tehama,103,63373,6286,6040,894,6934,71
2021-08-29,Trinity,105,12862,629,468,161,629,3
2021-08-29,Tulare,107,460477,56782,54974,11433,66407,870
2021-08-29,Tuolumne,109,53932,5553,5478,58,5536,74
2021-08-29,Ventura,111,848112,91200,90114,3952,94066,1082
2021-08-29,Yolo,113,214977,17421,17015,820,17835,231
2021-08-29,Yuba,115,75493,8360,8042,182,8224,54
2021-08-28,Alameda,001,1643700,109510,107007,2510,109517,1296
2021-08-28,Alpine,003,1148,91,92,0,92,0
2021-08-28,Amador,005,37829,4607,4484,43,4527,53
2021-08-28,Butte,007,227075,16177,15487,2717,18204,214
2021-08-28,Calaveras,009,45235,3040,2926,19,2945,59
2021-08-28,Colusa,011,21464,2301,2252,493,2745,16
2021-08-28,Contra Costa,013,1133247,90197,86938,1792,88730,872
2021-08-28,Del Norte,015,27424,2936,2734,16,2750,11
2021-08-28,El Dorado,017,186661,13705,13089,1244,14333,119
2021-08-28,Fresno,019,978130,118351,115079,10451,125530,1792
2021-08-28,Glenn,021,27897,2894,2773,802,3575,20
2021-08-28,Humboldt,023,135768,7150,6887,238,7125,52
2021-08-28,Imperial,025,180216,30527,30260,2908,33168,750
2021-08-28,Inyo,027,18085,1553,1539,16,1555,39
2021-08-28,Kern,029,883053,109493,107012,15210,122222,1389
2021-08-28,Kings,031,150075,26874,26059,1435,27494,257
2021-08-28,Lake,033,64148,5471,5267,63,5330,74
2021-08-28,Lassen,035,31185,5790,5665,161,5826,21
2021-08-28,Los Angeles,037,10098052,1354707,1337097,50269,1387366,25234
2021-08-28,Madera,039,155013,19144,18553,1391,19944,247
2021-08-28,Marin,041,260295,16330,16106,359,16465,240
2021-08-28,Mariposa,043,17540,752,704,19,723,5
2021-08-28,Mendocino,045,87422,5905,5658,209,5867,55
2021-08-28,Merced,047,269075,35708,35108,1366,36474,497
2021-08-28,Modoc,049,8938,448,436,155,591,5
2021-08-28,Mono,051,14174,1413,1385,18,1403,3
2021-08-28,Monterey,053,433212,46045,45394,2360,47754,539
2021-08-28,Napa,055,140530,11664,11512,73,11585,88
2021-08-28,Nevada,057,99092,7591,7238,251,7489,82
2021-08-28,Orange,059,3164182,287871,283953,13441,297394,5222
2021-08-28,Placer,061,380077,31174,29428,2737,32165,319
2021-08-28,Plumas,063,18699,1044,991,17,1008,5
2021-08-28,Riverside,065,2383286,332749,326222,15474,341696,4623
2021-08-28,Sacramento,067,1510023,137558,132985,3023,136008,1844
2021-08-28,San Benito,069,59416,6716,6636,133,6769,64
2021-08-28,San Bernardino,071,2135413,327997,323672,10133,333805,5348
2021-08-28,San Diego,073,3302833,336323,331330,19708,351038,3880
2021-08-28,San Francisco,075,870044,47859,46654,2002,48656,581
2021-08-28,San Joaquin,077,732212,88043,85481,4626,90107,1527
2021-08-28,San Luis Obispo,079,281455,25882,25138,984,26122,280
2021-08-28,San Mateo,081,765935,49859,48575,727,49302,554
2021-08-28,Santa Barbara,083,443738,39772,38780,1367,40147,481
2021-08-28,Santa Clara,085,1922200,135591,132488,1017,133505,1789
2021-08-28,Santa Cruz,087,273765,18600,18240,941,19181,210
2021-08-28,Shasta,089,179085,15732,15147,2294,17441,217
2021-08-28,Sierra,091,2930,112,91,13,104,0
2021-08-28,Siskiyou,093,43540,2549,2402,742,3144,33
2021-08-28,Solano,095,438530,41697,39610,1039,40649,290
2021-08-28,Sonoma,097,501317,37585,36466,455,36921,352
2021-08-28,Stanislaus,099,539301,67059,65670,7550,73220,1074
2021-08-28,Sutter,101,95872,11949,11669,154,11823,136
2021-08-28,Tehama,103,63373,6261,6004,881,6885,71
2021-08-28,Trinity,105,12862,625,463,160,623,3
2021-08-28,Tulare,107,460477,56652,54746,11391,66137,870
2021-08-28,Tuolumne,109,53932,5537,5469,58,5527,74
2021-08-28,Ventura,111,848112,91082,89934,3950,93884,1081
2021-08-28,Yolo,113,214977,17385,16907,813,17720,231
2021-08-28,Yuba,115,75493,8329,7985,181,8166,55
2021-08-27,Alameda,001,1643700,109300,106622,2507,109129,1296
2021-08-27,Alpine,003,1148,91,92,0,92,0
2021-08-27,Amador,005,37829,4591,4458,42,4500,53
2021-08-27,Butte,007,227075,16097,15277,2698,17975,214
2021-08-27,Calaveras,009,45235,3026,2903,19,2922,59
2021-08-27,Colusa,011,21464,2295,2240,491,2731,16
2021-08-27,Contra Costa,013,1133247,89999,86386,1789,88175,872
2021-08-27,Del Norte,015,27424,2904,2695,16,2711,11
2021-08-27,El Dorado,017,186661,13666,12968,1240,14208,119
2021-08-27,Fresno,019,978130,117917,114481,10427,124908,1774
2021-08-27,Glenn,021,27897,2876,2754,793,3547,20
2021-08-27,Humboldt,023,135768,7117,6782,235,7017,52
2021-08-27,Imperial,025,180216,30507,30201,2905,33106,750
2021-08-27,Inyo,027,18085,1552,1529,16,1545,39
2021-08-27,Kern,029,883053,109199,106570,15100,121670,1385
2021-08-27,Kings,031,150075,26795,25957,1433,27390,257
2021-08-27,Lake,033,64148,5446,5228,62,5290,74
2021-08-27,Lassen,035,31185,5774,5646,156,5802,21
2021-08-27,Los Angeles,037,10098052,1353181,1337006,50204,1387210,25230
2021-08-27,Madera,039,155013,19088,18476,1378,19854,247
2021-08-27,Marin,041,260295,16314,16055,357,16412,240
2021-08-27,Mariposa,043,17540,746,690,19,709,5
2021-08-27,Mendocino,045,87422,5874,5602,208,5810,55
2021-08-27,Merced,047,269075,35654,34906,1357,36263,495
2021-08-27,Modoc,049,8938,448,434,155,589,5
2021-08-27,Mono,051,14174,1408,1385,18,1403,3
2021-08-27,Monterey,053,433212,45996,45337,2352,47689,539
2021-08-27,Napa,055,140530,11630,11460,73,11533,87
2021-08-27,Nevada,057,99092,7551,7169,249,7418,82
2021-08-27,Orange,059,3164182,287510,283407,13402,296809,5206
2021-08-27,Placer,061,380077,31044,29157,2717,31874,320
2021-08-27,Plumas,063,18699,1038,984,17,1001,5
2021-08-27,Riverside,065,2383286,332231,325379,15459,340838,4622
2021-08-27,Sacramento,067,1510023,137123,131921,3010,134931,1838
2021-08-27,San Benito,069,59416,6710,6622,133,6755,64
2021-08-27,San Bernardino,071,2135413,327472,322893,10115,333008,5342
2021-08-27,San Diego,073,3302833,335542,330162,19654,349816,3877
2021-08-27,San Francisco,075,870044,47783,46456,1984,48440,581
2021-08-27,San Joaquin,077,732212,87860,84949,4607,89556,1524
2021-08-27,San Luis Obispo,079,281455,25834,24952,981,25933,280
2021-08-27,San Mateo,081,765935,49784,48424,723,49147,553
2021-08-27,Santa Barbara,083,443738,39680,38675,1365,40040,480
2021-08-27,Santa Clara,085,1922200,135361,132011,1014,133025,1783
2021-08-27,Santa Cruz,087,273765,18561,18163,937,19100,210
2021-08-27,Shasta,089,179085,15652,14996,2278,17274,217
2021-08-27,Sierra,091,2930,111,91,13,104,0
2021-08-27,Siskiyou,093,43540,2534,2358,728,3086,33
2021-08-27,Solano,095,438530,41583,39347,1035,40382,287
2021-08-27,Sonoma,097,501317,37513,36326,454,36780,342
2021-08-27,Stanislaus,099,539301,66849,65167,7512,72679,1061
2021-08-27,Sutter,101,95872,11903,11590,152,11742,135
2021-08-27,Tehama,103,63373,6228,5964,866,6830,71
2021-08-27,Trinity,105,12862,625,458,159,617,3
2021-08-27,Tulare,107,460477,56517,54443,11346,65789,870
2021-08-27,Tuolumne,109,53932,5505,5438,58,5496,74
2021-08-27,Ventura,111,848112,90953,89774,3946,93720,1076
2021-08-27,Yolo,113,214977,17342,16805,808,17613,231
2021-08-27,Yuba,115,75493,8272,7926,181,8107,54
2021-08-26,Alameda,001,1643700,109025,106146,2498,108644,1296
2021-08-26,Alpine,003,1148,91,92,0,92,0
2021-08-26,Amador,005,37829,4576,4442,41,4483,53
2021-08-26,Butte,007,227075,15964,15159,2663,17822,214
2021-08-26,Calaveras,009,45235,3015,2873,19,2892,59
2021-08-26,Colusa,011,21464,2288,2234,487,2721,16
2021-08-26,Contra Costa,013,1133247,89640,85808,1783,87591,866
2021-08-26,Del Norte,015,27424,2868,2625,16,2641,8
2021-08-26,El Dorado,017,186661,13597,12863,1226,14089,118
2021-08-26,Fresno,019,978130,117413,113854,10373,124227,1770
2021-08-26,Glenn,021,27897,2858,2740,784,3524,20
2021-08-26,Humboldt,023,135768,7059,6695,225,6920,53
2021-08-26,Imperial,025,180216,30458,30121,2897,33018,748
2021-08-26,Inyo,027,18085,1542,1521,15,1536,39
2021-08-26,Kern,029,883053,108771,106051,14957,121008,1380
2021-08-26,Kings,031,150075,26672,25838,1425,27263,260
2021-08-26,Lake,033,64148,5400,5196,59,5255,74
2021-08-26,Lassen,035,31185,5762,5626,154,5780,21
2021-08-26,Los Angeles,037,10098052,1350910,1334372,50109,1384481,25199
2021-08-26,Madera,039,155013,19018,18393,1365,19758,247
2021-08-26,Marin,041,260295,16285,15983,354,16337,240
2021-08-26,Mariposa,043,17540,736,677,19,696,5
2021-08-26,Mendocino,045,87422,5836,5533,203,5736,55
2021-08-26,Merced,047,269075,35487,34755,1336,36091,495
2021-08-26,Modoc,049,8938,448,433,155,588,5
2021-08-26,Mono,051,14174,1404,1385,18,1403,3
2021-08-26,Monterey,053,433212,45923,45265,2341,47606,539
2021-08-26,Napa,055,140530,11608,11394,72,11466,87
2021-08-26,Nevada,057,99092,7492,7086,246,7332,80
2021-08-26,Orange,059,3164182,287018,282814,13378,296192,5200
2021-08-26,Placer,061,380077,30875,28898,2691,31589,319
2021-08-26,Plumas,063,18699,1031,971,16,987,5
2021-08-26,Riverside,065,2383286,331439,324486,15438,339924,4615
2021-08-26,Sacramento,067,1510023,136590,130977,2969,133946,1827
2021-08-26,San Benito,069,59416,6700,6604,133,6737,64
2021-08-26,San Bernardino,071,2135413,326814,322100,10091,332191,5339
2021-08-26,San Diego,073,3302833,334516,328276,19588,347864,3869
2021-08-26,San Francisco,075,870044,47656,46288,1979,48267,581
2021-08-26,San Joaquin,077,732212,87482,84429,4585,89014,1513
2021-08-26,San Luis Obispo,079,281455,25685,24831,974,25805,278
2021-08-26,San Mateo,081,765935,49656,48263,721,48984,553
2021-08-26,Santa Barbara,083,443738,39596,38566,1364,39930,479
2021-08-26,Santa Clara,085,1922200,135035,131443,1010,132453,1782
2021-08-26,Santa Cruz,087,273765,18501,18072,935,19007,210
2021-08-26,Shasta,089,179085,15530,14891,2250,17141,217
2021-08-26,Sierra,091,2930,109,90,13,103,0
2021-08-26,Siskiyou,093,43540,2512,2342,715,3057,33
2021-08-26,Solano,095,438530,41434,39027,1027,40054,286
2021-08-26,Sonoma,097,501317,37424,36102,454,36556,337
2021-08-26,Stanislaus,099,539301,66551,64785,7471,72256,1061
2021-08-26,Sutter,101,95872,11843,11499,149,11648,135
2021-08-26,Tehama,103,63373,6170,5913,853,6766,68
2021-08-26,Trinity,105,12862,620,450,157,607,3
2021-08-26,Tulare,107,460477,56260,54157,11300,65457,870
2021-08-26,Tuolumne,109,53932,5485,5387,58,5445,74
2021-08-26,Ventura,111,848112,90767,89595,3937,93532,1080
2021-08-26,Yolo,113,214977,17277,16727,797,17524,231
2021-08-26,Yuba,115,75493,8199,7834,179,8013,54
2021-08-25,Alameda,001,1643700,108702,105636,2491,108127,1296
2021-08-25,Alpine,003,1148,91,92,0,92,0
2021-08-25,Amador,005,37829,4561,4415,41,4456,53
2021-08-25,Butte,007,227075,15857,15039,2621,17660,214
2021-08-25,Calaveras,009,45235,2996,2851,19,2870,59
2021-08-25,Colusa,011,21464,2281,2227,478,2705,16
2021-08-25,Contra Costa,013,1133247,89256,85322,1777,87099,863
2021-08-25,Del Norte,015,27424,2823,2573,16,2589,8
2021-08-25,El Dorado,017,186661,13538,12787,1210,13997,118
2021-08-25,Fresno,019,978130,116872,113384,10331,123715,1761
2021-08-25,Glenn,021,27897,2840,2728,769,3497,20
2021-08-25,Humboldt,023,135768,6990,6653,215,6868,52
2021-08-25,Imperial,025,180216,30421,30085,2891,32976,748
2021-08-25,Inyo,027,18085,1538,1518,15,1533,39
2021-08-25,Kern,029,883053,108340,105687,14801,120488,1379
2021-08-25,Kings,031,150075,26565,25676,1418,27094,258
2021-08-25,Lake,033,64148,5370,5163,56,5219,74
2021-08-25,Lassen,035,31185,5745,5583,153,5736,21
2021-08-25,Los Angeles,037,10098052,1348307,1331400,50011,1381411,25170
2021-08-25,Madera,039,155013,18954,18311,1342,19653,247
2021-08-25,Marin,041,260295,16263,15938,348,16286,240
2021-08-25,Mariposa,043,17540,730,676,19,695,5
2021-08-25,Mendocino,045,87422,5801,5486,197,5683,53
2021-08-25,Merced,047,269075,35355,34600,1323,35923,492
2021-08-25,Modoc,049,8938,448,433,155,588,5
2021-08-25,Mono,051,14174,1400,1382,18,1400,3
2021-08-25,Monterey,053,433212,45849,45196,2326,47522,539
2021-08-25,Napa,055,140530,11574,11348,71,11419,87
2021-08-25,Nevada,057,99092,7426,7000,245,7245,77
2021-08-25,Orange,059,3164182,286492,282061,13344,295405,5193
2021-08-25,Placer,061,380077,30699,28740,2658,31398,319
2021-08-25,Plumas,063,18699,1016,962,16,978,5
2021-08-25,Riverside,065,2383286,330594,323548,15416,338964,4610
2021-08-25,Sacramento,067,1510023,135910,130046,2930,132976,1827
2021-08-25,San Benito,069,59416,6679,6587,132,6719,64
2021-08-25,San Bernardino,071,2135413,326120,321228,10070,331298,5337
2021-08-25,San Diego,073,3302833,333248,327166,19503,346669,3859
2021-08-25,San Francisco,075,870044,47507,46107,1974,48081,578
2021-08-25,San Joaquin,077,732212,87096,84002,4569,88571,1510
2021-08-25,San Luis Obispo,079,281455,25493,24607,970,25577,276
2021-08-25,San Mateo,081,765935,49533,48153,718,48871,553
2021-08-25,Santa Barbara,083,443738,39467,38450,1364,39814,479
2021-08-25,Santa Clara,085,1922200,134666,130995,1007,132002,1783
2021-08-25,Santa Cruz,087,273765,18441,17987,932,18919,210
2021-08-25,Shasta,089,179085,15403,14752,2218,16970,217
2021-08-25,Sierra,091,2930,106,90,13,103,0
2021-08-25,Siskiyou,093,43540,2467,2322,696,3018,33
2021-08-25,Solano,095,438530,41263,38848,1015,39863,286
2021-08-25,Sonoma,097,501317,37300,35986,451,36437,336
2021-08-25,Stanislaus,099,539301,66270,64441,7439,71880,1061
2021-08-25,Sutter,101,95872,11775,11451,145,11596,134
2021-08-25,Tehama,103,63373,6111,5861,836,6697,68
2021-08-25,Trinity,105,12862,614,450,156,606,3
2021-08-25,Tulare,107,460477,55975,53877,11229,65106,866
2021-08-25,Tuolumne,109,53932,5459,5354,58,5412,74
2021-08-25,Ventura,111,848112,90583,89379,3923,93302,1068
2021-08-25,Yolo,113,214977,17212,16667,787,17454,231
2021-08-25,Yuba,115,75493,8133,7771,178,7949,54
2021-08-24,Alameda,001,1643700,108385,105319,2479,107798,1296
2021-08-24,Alpine,003,1148,91,92,0,92,0
2021-08-24,Amador,005,37829,4542,4380,41,4421,50
2021-08-24,Butte,007,227075,15702,14964,2587,17551,214
2021-08-24,Calaveras,009,45235,2957,2811,19,2830,59
2021-08-24,Colusa,011,21464,2273,2221,473,2694,16
2021-08-24,Contra Costa,013,1133247,88893,84963,1771,86734,857
2021-08-24,Del Norte,015,27424,2796,2543,16,2559,8
2021-08-24,El Dorado,017,186661,13461,12732,1194,13926,118
2021-08-24,Fresno,019,978130,116266,113024,10267,123291,1761
2021-08-24,Glenn,021,27897,2824,2717,762,3479,20
2021-08-24,Humboldt,023,135768,6927,6585,202,6787,52
2021-08-24,Imperial,025,180216,30360,30045,2885,32930,748
2021-08-24,Inyo,027,18085,1533,1512,15,1527,39
2021-08-24,Kern,029,883053,107876,105399,14633,120032,1375
2021-08-24,Kings,031,150075,26444,25629,1402,27031,258
2021-08-24,Lake,033,64148,5335,5135,56,5191,72
2021-08-24,Lassen,035,31185,5729,5576,151,5727,21
2021-08-24,Los Angeles,037,10098052,1345441,1328777,49902,1378679,25135
2021-08-24,Madera,039,155013,18878,18251,1325,19576,247
2021-08-24,Marin,041,260295,16227,15900,344,16244,240
2021-08-24,Mariposa,043,17540,723,670,19,689,5
2021-08-24,Mendocino,045,87422,5758,5416,190,5606,52
2021-08-24,Merced,047,269075,35187,34490,1312,35802,491
2021-08-24,Modoc,049,8938,448,432,155,587,5
2021-08-24,Mono,051,14174,1398,1382,18,1400,3
2021-08-24,Monterey,053,433212,45783,45126,2308,47434,539
2021-08-24,Napa,055,140530,11541,11299,70,11369,85
2021-08-24,Nevada,057,99092,7356,6981,243,7224,77
2021-08-24,Orange,059,3164182,285893,281461,13318,294779,5187
2021-08-24,Placer,061,380077,30496,28618,2619,31237,318
2021-08-24,Plumas,063,18699,1006,953,16,969,5
2021-08-24,Riverside,065,2383286,329721,322620,15385,338005,4605
2021-08-24,Sacramento,067,1510023,135226,129542,2882,132424,1812
2021-08-24,San Benito,069,59416,6666,6576,132,6708,64
2021-08-24,San Bernardino,071,2135413,325366,320300,10040,330340,5328
2021-08-24,San Diego,073,3302833,331805,325823,19394,345217,3851
2021-08-24,San Francisco,075,870044,47332,46010,1963,47973,574
2021-08-24,San Joaquin,077,732212,86656,83684,4531,88215,1508
2021-08-24,San Luis Obispo,079,281455,25315,24443,959,25402,274
2021-08-24,San Mateo,081,765935,49384,48050,716,48766,553
2021-08-24,Santa Barbara,083,443738,39336,38307,1363,39670,478
2021-08-24,Santa Clara,085,1922200,134242,130763,1003,131766,1779
2021-08-24,Santa Cruz,087,273765,18366,17928,926,18854,209
2021-08-24,Shasta,089,179085,15295,14664,2186,16850,217
2021-08-24,Sierra,091,2930,103,90,13,103,0
2021-08-24,Siskiyou,093,43540,2445,2294,681,2975,33
2021-08-24,Solano,095,438530,41054,38724,1003,39727,283
2021-08-24,Sonoma,097,501317,37172,35849,449,36298,336
2021-08-24,Stanislaus,099,539301,65941,64195,7385,71580,1058
2021-08-24,Sutter,101,95872,11708,11384,142,11526,134
2021-08-24,Tehama,103,63373,6065,5826,822,6648,67
2021-08-24,Trinity,105,12862,603,446,148,594,3
2021-08-24,Tulare,107,460477,55623,53702,11139,64841,856
2021-08-24,Tuolumne,109,53932,5428,5287,58,5345,74
2021-08-24,Ventura,111,848112,90399,89167,3912,93079,1068
2021-08-24,Yolo,113,214977,17136,16492,774,17266,231
2021-08-24,Yuba,115,75493,8050,7723,176,7899,54
2021-08-23,Alameda,001,1643700,107972,104922,2466,107388,1294
2021-08-23,Alpine,003,1148,91,91,0,91,0
2021-08-23,Amador,005,37829,4528,4369,41,4410,50
2021-08-23,Butte,007,227075,15557,14847,2552,17399,211
2021-08-23,Calaveras,009,45235,2929,2803,19,2822,59
2021-08-23,Colusa,011,21464,2269,2206,470,2676,16
2021-08-23,Contra Costa,013,1133247,88515,84651,1764,86415,857
2021-08-23,Del Norte,015,27424,2750,2499,16,2515,8
2021-08-23,El Dorado,017,186661,13358,12684,1172,13856,118
2021-08-23,Fresno,019,978130,115705,112445,10217,122662,1759
2021-08-23,Glenn,021,27897,2808,2696,752,3448,20
2021-08-23,Humboldt,023,135768,6854,6498,188,6686,52
2021-08-23,Imperial,025,180216,30309,30011,2882,32893,748
2021-08-23,Inyo,027,18085,1526,1509,15,1524,39
2021-08-23,Kern,029,883053,107421,104995,14478,119473,1375
2021-08-23,Kings,031,150075,26313,25465,1396,26861,257
2021-08-23,Lake,033,64148,5295,5099,54,5153,69
2021-08-23,Lassen,035,31185,5717,5562,151,5713,21
2021-08-23,Los Angeles,037,10098052,1342477,1326412,49770,1376182,25096
2021-08-23,Madera,039,155013,18792,18155,1310,19465,246
2021-08-23,Marin,041,260295,16179,15856,340,16196,240
2021-08-23,Mariposa,043,17540,712,645,19,664,5
2021-08-23,Mendocino,045,87422,5691,5374,183,5557,51
2021-08-23,Merced,047,269075,35005,34322,1307,35629,488
2021-08-23,Modoc,049,8938,445,431,154,585,6
2021-08-23,Mono,051,14174,1394,1384,18,1402,3
2021-08-23,Monterey,053,433212,45683,45047,2297,47344,538
2021-08-23,Napa,055,140530,11503,11257,70,11327,85
2021-08-23,Nevada,057,99092,7275,6930,241,7171,77
2021-08-23,Orange,059,3164182,285259,280891,13283,294174,5181
2021-08-23,Placer,061,380077,30296,28540,2581,31121,314
2021-08-23,Plumas,063,18699,998,934,16,950,5
2021-08-23,Riverside,065,2383286,328808,321650,15359,337009,4598
2021-08-23,Sacramento,067,1510023,134439,128969,2815,131784,1807
2021-08-23,San Benito,069,59416,6648,6562,130,6692,64
2021-08-23,San Bernardino,071,2135413,324561,319577,10001,329578,5324
2021-08-23,San Diego,073,3302833,330371,324536,19271,343807,3848
2021-08-23,San Francisco,075,870044,47177,45945,1954,47899,573
2021-08-23,San Joaquin,077,732212,86223,83466,4498,87964,1499
2021-08-23,San Luis Obispo,079,281455,25133,24317,957,25274,274
2021-08-23,San Mateo,081,765935,49246,47935,713,48648,553
2021-08-23,Santa Barbara,083,443738,39157,38181,1361,39542,478
2021-08-23,Santa Clara,085,1922200,133842,130489,999,131488,1778
2021-08-23,Santa Cruz,087,273765,18309,17871,924,18795,209
2021-08-23,Shasta,089,179085,15168,14537,2147,16684,216
2021-08-23,Sierra,091,2930,103,90,13,103,0
2021-08-23,Siskiyou,093,43540,2424,2274,660,2934,33
2021-08-23,Solano,095,438530,40901,38612,994,39606,283
2021-08-23,Sonoma,097,501317,37052,35769,448,36217,336
2021-08-23,Stanislaus,099,539301,65607,63922,7346,71268,1058
2021-08-23,Sutter,101,95872,11619,11314,134,11448,133
2021-08-23,Tehama,103,63373,6011,5805,804,6609,67
2021-08-23,Trinity,105,12862,600,435,145,580,3
2021-08-23,Tulare,107,460477,55316,53370,11067,64437,856
2021-08-23,Tuolumne,109,53932,5386,5240,58,5298,73
2021-08-23,Ventura,111,848112,90180,88960,3900,92860,1063
2021-08-23,Yolo,113,214977,17048,16445,759,17204,226
2021-08-23,Yuba,115,75493,7979,7653,174,7827,54
2021-08-22,Alameda,001,1643700,107525,104539,2438,106977,1294
2021-08-22,Alpine,003,1148,91,91,0,91,0
2021-08-22,Amador,005,37829,4498,4349,41,4390,50
2021-08-22,Butte,007,227075,15417,14791,2516,17307,211
2021-08-22,Calaveras,009,45235,2892,2771,19,2790,59
2021-08-22,Colusa,011,21464,2262,2201,464,2665,16
2021-08-22,Contra Costa,013,1133247,87974,84371,1751,86122,857
2021-08-22,Del Norte,015,27424,2690,2455,16,2471,8
2021-08-22,El Dorado,017,186661,13254,12629,1151,13780,118
2021-08-22,Fresno,019,978130,115105,112057,10148,122205,1759
2021-08-22,Glenn,021,27897,2780,2678,739,3417,20
2021-08-22,Humboldt,023,135768,6776,6483,170,6653,52
2021-08-22,Imperial,025,180216,30251,29993,2877,32870,748
2021-08-22,Inyo,027,18085,1520,1505,15,1520,39
2021-08-22,Kern,029,883053,106895,104691,14324,119015,1375
2021-08-22,Kings,031,150075,26155,25391,1379,26770,257
2021-08-22,Lake,033,64148,5250,5069,51,5120,69
2021-08-22,Lassen,035,31185,5685,5556,147,5703,21
2021-08-22,Los Angeles,037,10098052,1339169,1324151,49635,1373786,25089
2021-08-22,Madera,039,155013,18673,18120,1295,19415,246
2021-08-22,Marin,041,260295,16127,15822,332,16154,240
2021-08-22,Mariposa,043,17540,702,638,17,655,5
2021-08-22,Mendocino,045,87422,5632,5336,183,5519,51
2021-08-22,Merced,047,269075,34802,34234,1294,35528,488
2021-08-22,Modoc,049,8938,443,431,154,585,6
2021-08-22,Mono,051,14174,1392,1378,18,1396,3
2021-08-22,Monterey,053,433212,45584,45017,2283,47300,538
2021-08-22,Napa,055,140530,11458,11231,70,11301,85
2021-08-22,Nevada,057,99092,7201,6864,239,7103,77
2021-08-22,Orange,059,3164182,284566,280390,13238,293628,5181
2021-08-22,Placer,061,380077,30087,28395,2545,30940,314
2021-08-22,Plumas,063,18699,980,923,15,938,5
2021-08-22,Riverside,065,2383286,327787,320836,15311,336147,4594
2021-08-22,Sacramento,067,1510023,133662,128231,2775,131006,1802
2021-08-22,San Benito,069,59416,6632,6550,130,6680,64
2021-08-22,San Bernardino,071,2135413,323593,318839,9966,328805,5324
2021-08-22,San Diego,073,3302833,329050,323591,19165,342756,3848
2021-08-22,San Francisco,075,870044,47011,45831,1944,47775,573
2021-08-22,San Joaquin,077,732212,85765,83121,4463,87584,1498
2021-08-22,San Luis Obispo,079,281455,24927,24250,950,25200,274
2021-08-22,San Mateo,081,765935,49070,47821,708,48529,553
2021-08-22,Santa Barbara,083,443738,38976,38099,1353,39452,478
2021-08-22,Santa Clara,085,1922200,133425,130189,992,131181,1778
2021-08-22,Santa Cruz,087,273765,18251,17823,919,18742,209
2021-08-22,Shasta,089,179085,15031,14478,2111,16589,216
2021-08-22,Sierra,091,2930,103,87,13,100,0
2021-08-22,Siskiyou,093,43540,2395,2261,642,2903,33
2021-08-22,Solano,095,438530,40702,38489,981,39470,283
2021-08-22,Sonoma,097,501317,36896,35676,445,36121,336
2021-08-22,Stanislaus,099,539301,65255,63683,7256,70939,1058
2021-08-22,Sutter,101,95872,11537,11251,130,11381,133
2021-08-22,Tehama,103,63373,5965,5791,785,6576,67
2021-08-22,Trinity,105,12862,593,433,143,576,3
2021-08-22,Tulare,107,460477,54997,53220,10982,64202,856
2021-08-22,Tuolumne,109,53932,5343,5214,58,5272,73
2021-08-22,Ventura,111,848112,89971,88791,3883,92674,1063
2021-08-22,Yolo,113,214977,16945,16374,750,17124,226
2021-08-22,Yuba,115,75493,7906,7626,173,7799,54
2021-08-21,Alameda,001,1643700,107320,104281,2431,106712,1294
2021-08-21,Alpine,003,1148,91,91,0,91,0
2021-08-21,Amador,005,37829,4488,4338,39,4377,50
2021-08-21,Butte,007,227075,15349,14714,2495,17209,211
2021-08-21,Calaveras,009,45235,2876,2744,19,2763,59
2021-08-21,Colusa,011,21464,2256,2192,460,2652,16
2021-08-21,Contra Costa,013,1133247,87715,84136,1743,85879,857
2021-08-21,Del Norte,015,27424,2667,2409,16,2425,8
2021-08-21,El Dorado,017,186661,13210,12590,1147,13737,118
2021-08-21,Fresno,019,978130,114905,111765,10135,121900,1759
2021-08-21,Glenn,021,27897,2767,2654,731,3385,20
2021-08-21,Humboldt,023,135768,6738,6446,164,6610,52
2021-08-21,Imperial,025,180216,30208,29976,2874,32850,748
2021-08-21,Inyo,027,18085,1517,1500,15,1515,39
2021-08-21,Kern,029,883053,106640,104443,14200,118643,1375
2021-08-21,Kings,031,150075,26084,25313,1374,26687,257
2021-08-21,Lake,033,64148,5230,5055,49,5104,69
2021-08-21,Lassen,035,31185,5671,5553,147,5700,21
2021-08-21,Los Angeles,037,10098052,1337870,1321308,49541,1370849,25080
2021-08-21,Madera,039,155013,18635,18067,1289,19356,246
2021-08-21,Marin,041,260295,16093,15775,330,16105,240
2021-08-21,Mariposa,043,17540,692,634,17,651,5
2021-08-21,Mendocino,045,87422,5586,5307,182,5489,51
2021-08-21,Merced,047,269075,34697,34148,1289,35437,488
2021-08-21,Modoc,049,8938,443,430,154,584,6
2021-08-21,Mono,051,14174,1392,1378,18,1396,3
2021-08-21,Monterey,053,433212,45537,44969,2276,47245,538
2021-08-21,Napa,055,140530,11423,11211,70,11281,85
2021-08-21,Nevada,057,99092,7157,6810,237,7047,77
2021-08-21,Orange,059,3164182,284114,279855,13204,293059,5181
2021-08-21,Placer,061,380077,29949,28289,2520,30809,314
2021-08-21,Plumas,063,18699,976,916,14,930,5
2021-08-21,Riverside,065,2383286,327207,320086,15298,335384,4594
2021-08-21,Sacramento,067,1510023,133167,127751,2763,130514,1809
2021-08-21,San Benito,069,59416,6622,6542,129,6671,64
2021-08-21,San Bernardino,071,2135413,323142,318293,9945,328238,5324
2021-08-21,San Diego,073,3302833,328394,322620,19116,341736,3848
2021-08-21,San Francisco,075,870044,46909,45637,1937,47574,573
2021-08-21,San Joaquin,077,732212,85549,82825,4449,87274,1498
2021-08-21,San Luis Obispo,079,281455,24869,24169,950,25119,273
2021-08-21,San Mateo,081,765935,48975,47685,708,48393,553
2021-08-21,Santa Barbara,083,443738,38894,37951,1349,39300,478
2021-08-21,Santa Clara,085,1922200,133160,129911,988,130899,1778
2021-08-21,Santa Cruz,087,273765,18214,17763,914,18677,209
2021-08-21,Shasta,089,179085,14957,14417,2097,16514,217
2021-08-21,Sierra,091,2930,98,85,13,98,0
2021-08-21,Siskiyou,093,43540,2381,2246,631,2877,33
2021-08-21,Solano,095,438530,40591,38423,971,39394,281
2021-08-21,Sonoma,097,501317,36809,35582,444,36026,336
2021-08-21,Stanislaus,099,539301,65073,63512,7238,70750,1058
2021-08-21,Sutter,101,95872,11492,11204,128,11332,133
2021-08-21,Tehama,103,63373,5940,5757,778,6535,67
2021-08-21,Trinity,105,12862,588,431,141,572,3
2021-08-21,Tulare,107,460477,54854,53045,10938,63983,857
2021-08-21,Tuolumne,109,53932,5312,5193,58,5251,73
2021-08-21,Ventura,111,848112,89826,88558,3868,92426,1063
2021-08-21,Yolo,113,214977,16898,16322,744,17066,226
2021-08-21,Yuba,115,75493,7860,7580,172,7752,54
2021-08-20,Alameda,001,1643700,107080,103812,2423,106235,1294
2021-08-20,Alpine,003,1148,91,91,0,91,0
2021-08-20,Amador,005,37829,4462,4323,39,4362,50
2021-08-20,Butte,007,227075,15276,14617,2474,17091,211
2021-08-20,Calaveras,009,45235,2855,2717,19,2736,59
2021-08-20,Colusa,011,21464,2251,2178,458,2636,16
2021-08-20,Contra Costa,013,1133247,87440,83721,1736,85457,857
2021-08-20,Del Norte,015,27424,2635,2316,16,2332,8
2021-08-20,El Dorado,017,186661,13172,12495,1139,13634,118
2021-08-20,Fresno,019,978130,114549,111315,10101,121416,1759
2021-08-20,Glenn,021,27897,2760,2642,721,3363,20
2021-08-20,Humboldt,023,135768,6686,6349,159,6508,52
2021-08-20,Imperial,025,180216,30185,29934,2874,32808,747
2021-08-20,Inyo,027,18085,1511,1495,15,1510,39
2021-08-20,Kern,029,883053,106356,104048,14072,118120,1373
2021-08-20,Kings,031,150075,26018,25241,1372,26613,256
2021-08-20,Lake,033,64148,5215,5024,46,5070,69
2021-08-20,Lassen,035,31185,5651,5539,147,5686,21
2021-08-20,Los Angeles,037,10098052,1335992,1317541,49440,1366981,25049
2021-08-20,Madera,039,155013,18586,18018,1274,19292,246
2021-08-20,Marin,041,260295,16075,15727,326,16053,240
2021-08-20,Mariposa,043,17540,687,630,17,647,5
2021-08-20,Mendocino,045,87422,5540,5241,181,5422,51
2021-08-20,Merced,047,269075,34633,34035,1279,35314,486
2021-08-20,Modoc,049,8938,443,429,154,583,6
2021-08-20,Mono,051,14174,1391,1368,18,1386,3
2021-08-20,Monterey,053,433212,45499,44890,2269,47159,538
2021-08-20,Napa,055,140530,11391,11152,70,11222,83
2021-08-20,Nevada,057,99092,7115,6753,231,6984,77
2021-08-20,Orange,059,3164182,283669,279193,13183,292376,5179
2021-08-20,Placer,061,380077,29854,28156,2491,30647,313
2021-08-20,Plumas,063,18699,966,908,14,922,5
2021-08-20,Riverside,065,2383286,326511,319072,15267,334339,4594
2021-08-20,Sacramento,067,1510023,132692,127226,2746,129972,1797
2021-08-20,San Benito,069,59416,6608,6508,129,6637,64
2021-08-20,San Bernardino,071,2135413,322529,317372,9916,327288,5322
2021-08-20,San Diego,073,3302833,327485,321102,19046,340148,3846
2021-08-20,San Francisco,075,870044,46812,45432,1922,47354,573
2021-08-20,San Joaquin,077,732212,85319,82419,4431,86850,1496
2021-08-20,San Luis Obispo,079,281455,24791,23986,946,24932,273
2021-08-20,San Mateo,081,765935,48862,47561,705,48266,551
2021-08-20,Santa Barbara,083,443738,38809,37794,1344,39138,477
2021-08-20,Santa Clara,085,1922200,132877,129510,983,130493,1774
2021-08-20,Santa Cruz,087,273765,18174,17701,911,18612,209
2021-08-20,Shasta,089,179085,14877,14277,2078,16355,215
2021-08-20,Sierra,091,2930,97,83,13,96,0
2021-08-20,Siskiyou,093,43540,2365,2226,626,2852,33
2021-08-20,Solano,095,438530,40451,38214,960,39174,277
2021-08-20,Sonoma,097,501317,36741,35416,443,35859,336
2021-08-20,Stanislaus,099,539301,64884,63219,7214,70433,1047
2021-08-20,Sutter,101,95872,11436,11136,127,11263,133
2021-08-20,Tehama,103,63373,5924,5730,766,6496,66
2021-08-20,Trinity,105,12862,588,422,140,562,3
2021-08-20,Tulare,107,460477,54724,52855,10895,63750,856
2021-08-20,Tuolumne,109,53932,5288,5153,57,5210,73
2021-08-20,Ventura,111,848112,89659,88285,3865,92150,1061
2021-08-20,Yolo,113,214977,16844,16236,738,16974,225
2021-08-20,Yuba,115,75493,7819,7523,172,7695,54
2021-08-19,Alameda,001,1643700,106629,103276,2401,105677,1294
2021-08-19,Alpine,003,1148,91,91,0,91,0
2021-08-19,Amador,005,37829,4455,4317,39,4356,50
2021-08-19,Butte,007,227075,15142,14518,2445,16963,211
2021-08-19,Calaveras,009,45235,2835,2673,19,2692,59
2021-08-19,Colusa,011,21464,2242,2167,453,2620,16
2021-08-19,Contra Costa,013,1133247,87002,83296,1722,85018,852
2021-08-19,Del Norte,015,27424,2585,2257,16,2273,8
2021-08-19,El Dorado,017,186661,13087,12410,1120,13530,118
2021-08-19,Fresno,019,978130,114109,110947,10047,120994,1759
2021-08-19,Glenn,021,27897,2742,2629,714,3343,20
2021-08-19,Humboldt,023,135768,6624,6246,153,6399,52
2021-08-19,Imperial,025,180216,30139,29865,2869,32734,747
2021-08-19,Inyo,027,18085,1504,1494,15,1509,39
2021-08-19,Kern,029,883053,105960,103731,13931,117662,1371
2021-08-19,Kings,031,150075,25887,25128,1360,26488,256
2021-08-19,Lake,033,64148,5183,4991,42,5033,69
2021-08-19,Lassen,035,31185,5633,5520,146,5666,21
2021-08-19,Los Angeles,037,10098052,1333011,1314453,49297,1363750,25020
2021-08-19,Madera,039,155013,18524,17947,1259,19206,246
2021-08-19,Marin,041,260295,16042,15672,323,15995,240
2021-08-19,Mariposa,043,17540,672,618,17,635,5
2021-08-19,Mendocino,045,87422,5507,5167,178,5345,51
2021-08-19,Merced,047,269075,34498,33851,1266,35117,486
2021-08-19,Modoc,049,8938,443,427,154,581,6
2021-08-19,Mono,051,14174,1387,1349,18,1367,3
2021-08-19,Monterey,053,433212,45426,44821,2259,47080,538
2021-08-19,Napa,055,140530,11339,11104,70,11174,83
2021-08-19,Nevada,057,99092,7051,6695,229,6924,77
2021-08-19,Orange,059,3164182,283034,278562,13132,291694,5172
2021-08-19,Placer,061,380077,29674,27953,2473,30426,313
2021-08-19,Plumas,063,18699,953,896,14,910,5
2021-08-19,Riverside,065,2383286,325483,318056,15238,333294,4589
2021-08-19,Sacramento,067,1510023,131988,126720,2711,129431,1801
2021-08-19,San Benito,069,59416,6590,6493,128,6621,64
2021-08-19,San Bernardino,071,2135413,321705,316398,9893,326291,5318
2021-08-19,San Diego,073,3302833,326235,319582,18948,338530,3839
2021-08-19,San Francisco,075,870044,46649,45220,1909,47129,571
2021-08-19,San Joaquin,077,732212,84874,82047,4380,86427,1491
2021-08-19,San Luis Obispo,079,281455,24653,23878,939,24817,271
2021-08-19,San Mateo,081,765935,48730,47431,703,48134,551
2021-08-19,Santa Barbara,083,443738,38664,37693,1341,39034,477
2021-08-19,Santa Clara,085,1922200,132487,129133,976,130109,1774
2021-08-19,Santa Cruz,087,273765,18111,17644,904,18548,209
2021-08-19,Shasta,089,179085,14753,14200,2055,16255,214
2021-08-19,Sierra,091,2930,93,83,13,96,0
2021-08-19,Siskiyou,093,43540,2350,2218,614,2832,33
2021-08-19,Solano,095,438530,40293,38025,948,38973,273
2021-08-19,Sonoma,097,501317,36653,35233,442,35675,336
2021-08-19,Stanislaus,099,539301,64542,62928,7170,70098,1047
2021-08-19,Sutter,101,95872,11351,11057,126,11183,133
2021-08-19,Tehama,103,63373,5888,5683,739,6422,66
2021-08-19,Trinity,105,12862,584,414,138,552,3
2021-08-19,Tulare,107,460477,54492,52685,10831,63516,856
2021-08-19,Tuolumne,109,53932,5252,5112,56,5168,64
2021-08-19,Ventura,111,848112,89456,88073,3850,91923,1060
2021-08-19,Yolo,113,214977,16759,16153,730,16883,225
2021-08-19,Yuba,115,75493,7766,7458,171,7629,51
2021-08-18,Alameda,001,1643700,106212,102696,2379,105075,1294
2021-08-18,Alpine,003,1148,90,91,0,91,0
2021-08-18,Amador,005,37829,4438,4279,38,4317,50
2021-08-18,Butte,007,227075,15032,14426,2419,16845,208
2021-08-18,Calaveras,009,45235,2798,2643,18,2661,59
2021-08-18,Colusa,011,21464,2234,2160,449,2609,16
2021-08-18,Contra Costa,013,1133247,86502,82767,1716,84483,851
2021-08-18,Del Norte,015,27424,2528,2219,16,2235,8
2021-08-18,El Dorado,017,186661,12997,12306,1106,13412,118
2021-08-18,Fresno,019,978130,113655,110523,9984,120507,1759
2021-08-18,Glenn,021,27897,2710,2623,706,3329,20
2021-08-18,Humboldt,023,135768,6552,6195,148,6343,52
2021-08-18,Imperial,025,180216,30106,29821,2867,32688,746
2021-08-18,Inyo,027,18085,1501,1494,15,1509,39
2021-08-18,Kern,029,883053,105613,103440,13836,117276,1370
2021-08-18,Kings,031,150075,25778,24984,1352,26336,256
2021-08-18,Lake,033,64148,5142,4957,41,4998,69
2021-08-18,Lassen,035,31185,5614,5506,145,5651,21
2021-08-18,Los Angeles,037,10098052,1329862,1311477,49163,1360640,24984
2021-08-18,Madera,039,155013,18464,17871,1246,19117,246
2021-08-18,Marin,041,260295,16004,15610,320,15930,240
2021-08-18,Mariposa,043,17540,659,615,16,631,5
2021-08-18,Mendocino,045,87422,5456,5129,176,5305,51
2021-08-18,Merced,047,269075,34333,33708,1255,34963,484
2021-08-18,Modoc,049,8938,443,427,153,580,6
2021-08-18,Mono,051,14174,1384,1344,18,1362,3
2021-08-18,Monterey,053,433212,45342,44735,2242,46977,532
2021-08-18,Napa,055,140530,11300,11060,69,11129,83
2021-08-18,Nevada,057,99092,6985,6633,229,6862,76
2021-08-18,Orange,059,3164182,282397,277795,13077,290872,5168
2021-08-18,Placer,061,380077,29447,27741,2445,30186,312
2021-08-18,Plumas,063,18699,944,874,14,888,5
2021-08-18,Riverside,065,2383286,324483,317107,15204,332311,4585
2021-08-18,Sacramento,067,1510023,131228,125599,2679,128278,1781
2021-08-18,San Benito,069,59416,6579,6481,127,6608,64
2021-08-18,San Bernardino,071,2135413,320905,315477,9874,325351,5304
2021-08-18,San Diego,073,3302833,324894,318152,18882,337034,3834
2021-08-18,San Francisco,075,870044,46446,44957,1899,46856,568
2021-08-18,San Joaquin,077,732212,84422,81601,4349,85950,1491
2021-08-18,San Luis Obispo,079,281455,24503,23726,926,24652,270
2021-08-18,San Mateo,081,765935,48566,47255,702,47957,551
2021-08-18,Santa Barbara,083,443738,38533,37599,1335,38934,475
2021-08-18,Santa Clara,085,1922200,132123,128563,973,129536,1773
2021-08-18,Santa Cruz,087,273765,18056,17566,900,18466,209
2021-08-18,Shasta,089,179085,14654,14087,2036,16123,213
2021-08-18,Sierra,091,2930,92,83,13,96,0
2021-08-18,Siskiyou,093,43540,2321,2204,602,2806,33
2021-08-18,Solano,095,438530,40087,37812,933,38745,271
2021-08-18,Sonoma,097,501317,36509,35063,441,35504,333
2021-08-18,Stanislaus,099,539301,64212,62613,7126,69739,1047
2021-08-18,Sutter,101,95872,11279,11004,121,11125,130
2021-08-18,Tehama,103,63373,5853,5653,729,6382,66
2021-08-18,Trinity,105,12862,577,409,135,544,3
2021-08-18,Tulare,107,460477,54252,52486,10762,63248,856
2021-08-18,Tuolumne,109,53932,5216,5081,54,5135,64
2021-08-18,Ventura,111,848112,89224,87835,3840,91675,1055
2021-08-18,Yolo,113,214977,16676,16047,711,16758,225
2021-08-18,Yuba,115,75493,7701,7391,171,7562,51
2021-08-17,Alameda,001,1643700,105812,102379,2364,104743,1290
2021-08-17,Alpine,003,1148,90,91,0,91,0
2021-08-17,Amador,005,37829,4409,4266,38,4304,50
2021-08-17,Butte,007,227075,14925,14357,2385,16742,206
2021-08-17,Calaveras,009,45235,2764,2624,18,2642,59
2021-08-17,Colusa,011,21464,2225,2156,445,2601,16
2021-08-17,Contra Costa,013,1133247,86056,82482,1705,84187,848
2021-08-17,Del Norte,015,27424,2474,2188,16,2204,8
2021-08-17,El Dorado,017,186661,12910,12242,1092,13334,118
2021-08-17,Fresno,019,978130,113171,110263,9919,120182,1755
2021-08-17,Glenn,021,27897,2696,2608,697,3305,20
2021-08-17,Humboldt,023,135768,6472,6155,146,6301,52
2021-08-17,Imperial,025,180216,30055,29768,2863,32631,746
2021-08-17,Inyo,027,18085,1498,1492,15,1507,39
2021-08-17,Kern,029,883053,105219,103048,13712,116760,1367
2021-08-17,Kings,031,150075,25672,24930,1341,26271,254
2021-08-17,Lake,033,64148,5099,4930,35,4965,68
2021-08-17,Lassen,035,31185,5597,5499,143,5642,21
2021-08-17,Los Angeles,037,10098052,1326308,1307999,49033,1357032,24952
2021-08-17,Madera,039,155013,18390,17838,1226,19064,246
2021-08-17,Marin,041,260295,15948,15570,320,15890,240
2021-08-17,Mariposa,043,17540,651,609,15,624,5
2021-08-17,Mendocino,045,87422,5401,5097,176,5273,51
2021-08-17,Merced,047,269075,34183,33508,1245,34753,482
2021-08-17,Modoc,049,8938,440,424,151,575,6
2021-08-17,Mono,051,14174,1379,1341,18,1359,3
2021-08-17,Monterey,053,433212,45258,44672,2232,46904,528
2021-08-17,Napa,055,140530,11259,11007,68,11075,83
2021-08-17,Nevada,057,99092,6910,6605,227,6832,75
2021-08-17,Orange,059,3164182,281750,277121,13041,290162,5164
2021-08-17,Placer,061,380077,29232,27634,2416,30050,312
2021-08-17,Plumas,063,18699,932,860,14,874,5
2021-08-17,Riverside,065,2383286,323471,316051,15161,331212,4582
2021-08-17,Sacramento,067,1510023,130434,125151,2636,127787,1774
2021-08-17,San Benito,069,59416,6560,6470,127,6597,64
2021-08-17,San Bernardino,071,2135413,319968,314402,9834,324236,5302
2021-08-17,San Diego,073,3302833,323284,317058,18784,335842,3824
2021-08-17,San Francisco,075,870044,46246,44820,1893,46713,567
2021-08-17,San Joaquin,077,732212,83953,81300,4316,85616,1489
2021-08-17,San Luis Obispo,079,281455,24347,23556,923,24479,268
2021-08-17,San Mateo,081,765935,48411,47127,697,47824,551
2021-08-17,Santa Barbara,083,443738,38374,37478,1328,38806,475
2021-08-17,Santa Clara,085,1922200,131720,128354,966,129320,1773
2021-08-17,Santa Cruz,087,273765,17971,17528,899,18427,209
2021-08-17,Shasta,089,179085,14523,14012,2017,16029,214
2021-08-17,Sierra,091,2930,91,82,13,95,0
2021-08-17,Siskiyou,093,43540,2305,2183,589,2772,33
2021-08-17,Solano,095,438530,39858,37662,920,38582,269
2021-08-17,Sonoma,097,501317,36361,34943,437,35380,333
2021-08-17,Stanislaus,099,539301,63872,62385,7066,69451,1047
2021-08-17,Sutter,101,95872,11207,10973,121,11094,130
2021-08-17,Tehama,103,63373,5819,5612,707,6319,66
2021-08-17,Trinity,105,12862,572,406,132,538,3
2021-08-17,Tulare,107,460477,53984,52362,10697,63059,856
2021-08-17,Tuolumne,109,53932,5173,5042,53,5095,64
2021-08-17,Ventura,111,848112,88986,87601,3819,91420,1053
2021-08-17,Yolo,113,214977,16587,15975,697,16672,225
2021-08-17,Yuba,115,75493,7630,7355,171,7526,51
2021-08-16,Alameda,001,1643700,105308,102052,2355,104407,1287
2021-08-16,Alpine,003,1148,90,91,0,91,0
2021-08-16,Amador,005,37829,4399,4235,38,4273,50
2021-08-16,Butte,007,227075,14807,14283,2350,16633,206
2021-08-16,Calaveras,009,45235,2704,2609,17,2626,57
2021-08-16,Colusa,011,21464,2214,2147,441,2588,16
2021-08-16,Contra Costa,013,1133247,85512,82070,1695,83765,848
2021-08-16,Del Norte,015,27424,2397,2125,16,2141,8
2021-08-16,El Dorado,017,186661,12809,12139,1079,13218,118
2021-08-16,Fresno,019,978130,112673,109623,9867,119490,1753
2021-08-16,Glenn,021,27897,2677,2593,691,3284,20
2021-08-16,Humboldt,023,135768,6401,6064,125,6189,52
2021-08-16,Imperial,025,180216,30014,29737,2848,32585,746
2021-08-16,Inyo,027,18085,1495,1490,15,1505,39
2021-08-16,Kern,029,883053,104844,102690,13596,116286,1367
2021-08-16,Kings,031,150075,25569,24817,1331,26148,254
2021-08-16,Lake,033,64148,5072,4898,34,4932,68
2021-08-16,Lassen,035,31185,5581,5481,135,5616,21
2021-08-16,Los Angeles,037,10098052,1322926,1305330,48888,1354218,24923
2021-08-16,Madera,039,155013,18315,17756,1205,18961,246
2021-08-16,Marin,041,260295,15889,15497,319,15816,239
2021-08-16,Mariposa,043,17540,634,597,15,612,5
2021-08-16,Mendocino,045,87422,5345,5037,174,5211,49
2021-08-16,Merced,047,269075,33982,33364,1232,34596,481
2021-08-16,Modoc,049,8938,438,421,150,571,5
2021-08-16,Mono,051,14174,1374,1339,18,1357,3
2021-08-16,Monterey,053,433212,45179,44595,2220,46815,527
2021-08-16,Napa,055,140530,11230,10946,68,11014,83
2021-08-16,Nevada,057,99092,6855,6535,226,6761,74
2021-08-16,Orange,059,3164182,280956,275985,12995,288980,5161
2021-08-16,Placer,061,380077,29049,27384,2384,29768,306
2021-08-16,Plumas,063,18699,921,851,14,865,5
2021-08-16,Riverside,065,2383286,322380,314774,15124,329898,4582
2021-08-16,Sacramento,067,1510023,129624,124554,2593,127147,1762
2021-08-16,San Benito,069,59416,6536,6452,127,6579,64
2021-08-16,San Bernardino,071,2135413,319005,313617,9807,323424,5301
2021-08-16,San Diego,073,3302833,321687,315348,18644,333992,3824
2021-08-16,San Francisco,075,870044,46042,44681,1885,46566,567
2021-08-16,San Joaquin,077,732212,83450,81087,4289,85376,1488
2021-08-16,San Luis Obispo,079,281455,24197,23452,915,24367,265
2021-08-16,San Mateo,081,765935,48228,47024,690,47714,548
2021-08-16,Santa Barbara,083,443738,38203,37358,1323,38681,475
2021-08-16,Santa Clara,085,1922200,131256,127978,962,128940,1773
2021-08-16,Santa Cruz,087,273765,17907,17491,893,18384,209
2021-08-16,Shasta,089,179085,14434,13862,2001,15863,211
2021-08-16,Sierra,091,2930,88,82,13,95,0
2021-08-16,Siskiyou,093,43540,2288,2169,569,2738,33
2021-08-16,Solano,095,438530,39577,37436,906,38342,263
2021-08-16,Sonoma,097,501317,36193,34844,435,35279,333
2021-08-16,Stanislaus,099,539301,63533,62033,7014,69047,1039
2021-08-16,Sutter,101,95872,11138,10902,120,11022,130
2021-08-16,Tehama,103,63373,5756,5565,702,6267,66
2021-08-16,Trinity,105,12862,566,400,131,531,3
2021-08-16,Tulare,107,460477,53741,52162,10627,62789,856
2021-08-16,Tuolumne,109,53932,5134,4984,52,5036,64
2021-08-16,Ventura,111,848112,88741,86954,3801,90755,1052
2021-08-16,Yolo,113,214977,16486,15922,689,16611,225
2021-08-16,Yuba,115,75493,7546,7314,170,7484,51
2021-08-15,Alameda,001,1643700,104814,101660,2338,103998,1287
2021-08-15,Alpine,003,1148,90,91,0,91,0
2021-08-15,Amador,005,37829,4371,4231,38,4269,49
2021-08-15,Butte,007,227075,14683,14263,2327,16590,206
2021-08-15,Calaveras,009,45235,2661,2599,17,2616,57
2021-08-15,Colusa,011,21464,2202,2140,431,2571,16
2021-08-15,Contra Costa,013,1133247,85030,81781,1680,83461,848
2021-08-15,Del Norte,015,27424,2330,2060,16,2076,8
2021-08-15,El Dorado,017,186661,12674,12057,1062,13119,118
2021-08-15,Fresno,019,978130,112193,109382,9801,119183,1753
2021-08-15,Glenn,021,27897,2654,2592,679,3271,20
2021-08-15,Humboldt,023,135768,6326,6024,119,6143,52
2021-08-15,Imperial,025,180216,29948,29711,2844,32555,746
2021-08-15,Inyo,027,18085,1494,1489,15,1504,39
2021-08-15,Kern,029,883053,104400,102524,13483,116007,1367
2021-08-15,Kings,031,150075,25424,24736,1321,26057,254
2021-08-15,Lake,033,64148,5013,4886,33,4919,68
2021-08-15,Lassen,035,31185,5564,5482,134,5616,21
2021-08-15,Los Angeles,037,10098052,1319394,1302882,48716,1351598,24918
2021-08-15,Madera,039,155013,18227,17714,1189,18903,246
2021-08-15,Marin,041,260295,15830,15461,317,15778,239
2021-08-15,Mariposa,043,17540,627,591,14,605,5
2021-08-15,Mendocino,045,87422,5288,5022,168,5190,49
2021-08-15,Merced,047,269075,33737,33305,1221,34526,481
2021-08-15,Modoc,049,8938,436,421,150,571,5
2021-08-15,Mono,051,14174,1370,1334,18,1352,3
2021-08-15,Monterey,053,433212,45057,44567,2198,46765,527
2021-08-15,Napa,055,140530,11175,10919,68,10987,83
2021-08-15,Nevada,057,99092,6770,6486,226,6712,74
2021-08-15,Orange,059,3164182,280185,275447,12954,288401,5161
2021-08-15,Placer,061,380077,28827,27220,2336,29556,306
2021-08-15,Plumas,063,18699,909,850,14,864,5
2021-08-15,Riverside,065,2383286,321241,314133,15097,329230,4582
2021-08-15,Sacramento,067,1510023,128807,123924,2561,126485,1761
2021-08-15,San Benito,069,59416,6518,6446,126,6572,64
2021-08-15,San Bernardino,071,2135413,317930,313120,9777,322897,5301
2021-08-15,San Diego,073,3302833,320217,314247,18517,332764,3824
2021-08-15,San Francisco,075,870044,45818,44531,1868,46399,567
2021-08-15,San Joaquin,077,732212,82962,80832,4250,85082,1488
2021-08-15,San Luis Obispo,079,281455,24000,23404,905,24309,265
2021-08-15,San Mateo,081,765935,48040,46897,684,47581,548
2021-08-15,Santa Barbara,083,443738,38031,37276,1316,38592,475
2021-08-15,Santa Clara,085,1922200,130823,127715,956,128671,1773
2021-08-15,Santa Cruz,087,273765,17837,17440,886,18326,209
2021-08-15,Shasta,089,179085,14331,13835,1976,15811,211
2021-08-15,Sierra,091,2930,87,82,12,94,0
2021-08-15,Siskiyou,093,43540,2267,2169,555,2724,33
2021-08-15,Solano,095,438530,39321,37320,895,38215,263
2021-08-15,Sonoma,097,501317,35997,34706,427,35133,333
2021-08-15,Stanislaus,099,539301,63165,61795,6935,68730,1039
2021-08-15,Sutter,101,95872,11047,10863,120,10983,130
2021-08-15,Tehama,103,63373,5707,5550,696,6246,66
2021-08-15,Trinity,105,12862,562,400,130,530,3
2021-08-15,Tulare,107,460477,53484,52046,10567,62613,856
2021-08-15,Tuolumne,109,53932,5096,4934,50,4984,64
2021-08-15,Ventura,111,848112,88436,86797,3787,90584,1052
2021-08-15,Yolo,113,214977,16390,15873,679,16552,225
2021-08-15,Yuba,115,75493,7469,7265,169,7434,51
2021-08-14,Alameda,001,1643700,104597,101305,2334,103639,1287
2021-08-14,Alpine,003,1148,90,91,0,91,0
2021-08-14,Amador,005,37829,4353,4206,38,4244,49
2021-08-14,Butte,007,227075,14647,14192,2311,16503,206
2021-08-14,Calaveras,009,45235,2654,2579,17,2596,57
2021-08-14,Colusa,011,21464,2191,2134,427,2561,16
2021-08-14,Contra Costa,013,1133247,84782,81458,1672,83130,848
2021-08-14,Del Norte,015,27424,2303,2015,16,2031,8
2021-08-14,El Dorado,017,186661,12638,12019,1054,13073,118
2021-08-14,Fresno,019,978130,112032,109056,9771,118827,1753
2021-08-14,Glenn,021,27897,2643,2583,676,3259,20
2021-08-14,Humboldt,023,135768,6273,5998,115,6113,52
2021-08-14,Imperial,025,180216,29921,29671,2844,32515,746
2021-08-14,Inyo,027,18085,1492,1487,15,1502,39
2021-08-14,Kern,029,883053,104205,102306,13387,115693,1367
2021-08-14,Kings,031,150075,25326,24647,1312,25959,254
2021-08-14,Lake,033,64148,4996,4850,32,4882,68
2021-08-14,Lassen,035,31185,5557,5475,133,5608,21
2021-08-14,Los Angeles,037,10098052,1317621,1299346,48576,1347922,24911
2021-08-14,Madera,039,155013,18180,17691,1184,18875,246
2021-08-14,Marin,041,260295,15796,15441,317,15758,239
2021-08-14,Mariposa,043,17540,623,584,14,598,5
2021-08-14,Mendocino,045,87422,5252,4977,165,5142,49
2021-08-14,Merced,047,269075,33673,33234,1215,34449,481
2021-08-14,Modoc,049,8938,436,421,150,571,5
2021-08-14,Mono,051,14174,1365,1332,18,1350,3
2021-08-14,Monterey,053,433212,45012,44514,2195,46709,527
2021-08-14,Napa,055,140530,11145,10878,67,10945,83
2021-08-14,Nevada,057,99092,6735,6419,225,6644,74
2021-08-14,Orange,059,3164182,279751,274732,12926,287658,5161
2021-08-14,Placer,061,380077,28681,27115,2312,29427,306
2021-08-14,Plumas,063,18699,899,849,14,863,5
2021-08-14,Riverside,065,2383286,320525,313264,15076,328340,4582
2021-08-14,Sacramento,067,1510023,128313,123438,2543,125981,1758
2021-08-14,San Benito,069,59416,6505,6428,126,6554,64
2021-08-14,San Bernardino,071,2135413,317379,312142,9756,321898,5301
2021-08-14,San Diego,073,3302833,319546,313589,18449,332038,3824
2021-08-14,San Francisco,075,870044,45689,44353,1849,46202,567
2021-08-14,San Joaquin,077,732212,82746,80585,4235,84820,1488
2021-08-14,San Luis Obispo,079,281455,23939,23328,902,24230,265
2021-08-14,San Mateo,081,765935,47921,46792,680,47472,548
2021-08-14,Santa Barbara,083,443738,37937,37118,1313,38431,475
2021-08-14,Santa Clara,085,1922200,130544,127432,953,128385,1772
2021-08-14,Santa Cruz,087,273765,17798,17384,885,18269,209
2021-08-14,Shasta,089,179085,14256,13813,1955,15768,211
2021-08-14,Sierra,091,2930,86,81,12,93,0
2021-08-14,Siskiyou,093,43540,2257,2160,545,2705,33
2021-08-14,Solano,095,438530,39234,37237,883,38120,263
2021-08-14,Sonoma,097,501317,35874,34606,425,35031,333
2021-08-14,Stanislaus,099,539301,62991,61564,6890,68454,1039
2021-08-14,Sutter,101,95872,11002,10808,119,10927,130
2021-08-14,Tehama,103,63373,5683,5530,692,6222,66
2021-08-14,Trinity,105,12862,556,399,130,529,3
2021-08-14,Tulare,107,460477,53348,51951,10521,62472,856
2021-08-14,Tuolumne,109,53932,5061,4924,50,4974,64
2021-08-14,Ventura,111,848112,88280,86569,3767,90336,1052
2021-08-14,Yolo,113,214977,16345,15815,669,16484,225
2021-08-14,Yuba,115,75493,7420,7223,169,7392,51
2021-08-13,Alameda,001,1643700,104300,100930,2326,103256,1284
2021-08-13,Alpine,003,1148,90,91,0,91,0
2021-08-13,Amador,005,37829,4325,4169,38,4207,49
2021-08-13,Butte,007,227075,14577,14100,2295,16395,206
2021-08-13,Calaveras,009,45235,2647,2564,17,2581,57
2021-08-13,Colusa,011,21464,2184,2123,422,2545,16
2021-08-13,Contra Costa,013,1133247,84470,81046,1664,82710,848
2021-08-13,Del Norte,015,27424,2262,1973,16,1989,8
2021-08-13,El Dorado,017,186661,12598,11951,1042,12993,118
2021-08-13,Fresno,019,978130,111740,108638,9747,118385,1753
2021-08-13,Glenn,021,27897,2632,2574,672,3246,20
2021-08-13,Humboldt,023,135768,6226,5882,112,5994,52
2021-08-13,Imperial,025,180216,29894,29654,2843,32497,745
2021-08-13,Inyo,027,18085,1491,1484,15,1499,39
2021-08-13,Kern,029,883053,103996,102029,13278,115307,1364
2021-08-13,Kings,031,150075,25241,24531,1305,25836,253
2021-08-13,Lake,033,64148,4973,4811,31,4842,68
2021-08-13,Lassen,035,31185,5549,5455,132,5587,21
2021-08-13,Los Angeles,037,10098052,1315299,1295406,48439,1343845,24891
2021-08-13,Madera,039,155013,18131,17614,1175,18789,246
2021-08-13,Marin,041,260295,15765,15380,317,15697,239
2021-08-13,Mariposa,043,17540,617,577,14,591,5
2021-08-13,Mendocino,045,87422,5199,4924,163,5087,49
2021-08-13,Merced,047,269075,33626,33111,1209,34320,480
2021-08-13,Modoc,049,8938,435,421,149,570,5
2021-08-13,Mono,051,14174,1362,1331,18,1349,3
2021-08-13,Monterey,053,433212,44952,44450,2193,46643,527
2021-08-13,Napa,055,140530,11109,10830,67,10897,83
2021-08-13,Nevada,057,99092,6694,6356,224,6580,74
2021-08-13,Orange,059,3164182,279256,274004,12877,286881,5159
2021-08-13,Placer,061,380077,28581,26987,2285,29272,306
2021-08-13,Plumas,063,18699,885,842,14,856,5
2021-08-13,Riverside,065,2383286,319787,312408,15051,327459,4581
2021-08-13,Sacramento,067,1510023,127843,122868,2516,125384,1758
2021-08-13,San Benito,069,59416,6499,6422,124,6546,64
2021-08-13,San Bernardino,071,2135413,316711,311378,9737,321115,5301
2021-08-13,San Diego,073,3302833,318500,312293,18370,330663,3821
2021-08-13,San Francisco,075,870044,45553,44196,1826,46022,567
2021-08-13,San Joaquin,077,732212,82528,80232,4219,84451,1481
2021-08-13,San Luis Obispo,079,281455,23876,23226,899,24125,265
2021-08-13,San Mateo,081,765935,47802,46660,679,47339,548
2021-08-13,Santa Barbara,083,443738,37852,37023,1309,38332,474
2021-08-13,Santa Clara,085,1922200,130257,126958,947,127905,1769
2021-08-13,Santa Cruz,087,273765,17758,17332,878,18210,209
2021-08-13,Shasta,089,179085,14193,13698,1941,15639,211
2021-08-13,Sierra,091,2930,85,81,12,93,0
2021-08-13,Siskiyou,093,43540,2248,2147,541,2688,33
2021-08-13,Solano,095,438530,39100,37104,875,37979,264
2021-08-13,Sonoma,097,501317,35769,34464,425,34889,333
2021-08-13,Stanislaus,099,539301,62820,61294,6847,68141,1039
2021-08-13,Sutter,101,95872,10958,10751,118,10869,130
2021-08-13,Tehama,103,63373,5659,5496,690,6186,66
2021-08-13,Trinity,105,12862,552,392,130,522,3
2021-08-13,Tulare,107,460477,53244,51770,10446,62216,856
2021-08-13,Tuolumne,109,53932,5028,4899,49,4948,64
2021-08-13,Ventura,111,848112,88122,86368,3754,90122,1052
2021-08-13,Yolo,113,214977,16291,15761,659,16420,225
2021-08-13,Yuba,115,75493,7382,7184,169,7353,51
2021-08-12,Alameda,001,1643700,103807,100472,2313,102785,1284
2021-08-12,Alpine,003,1148,90,91,0,91,0
2021-08-12,Amador,005,37829,4295,4161,37,4198,49
2021-08-12,Butte,007,227075,14507,14006,2277,16283,206
2021-08-12,Calaveras,009,45235,2632,2531,17,2548,57
2021-08-12,Colusa,011,21464,2179,2111,421,2532,17
2021-08-12,Contra Costa,013,1133247,83988,80738,1649,82387,846
2021-08-12,Del Norte,015,27424,2190,1923,16,1939,8
2021-08-12,El Dorado,017,186661,12484,11880,1033,12913,118
2021-08-12,Fresno,019,978130,111318,108193,9679,117872,1753
2021-08-12,Glenn,021,27897,2624,2559,660,3219,20
2021-08-12,Humboldt,023,135768,6157,5845,108,5953,52
2021-08-12,Imperial,025,180216,29838,29585,2837,32422,745
2021-08-12,Inyo,027,18085,1489,1483,15,1498,39
2021-08-12,Kern,029,883053,103707,101698,13198,114896,1364
2021-08-12,Kings,031,150075,25141,24423,1296,25719,252
2021-08-12,Lake,033,64148,4947,4774,31,4805,68
2021-08-12,Lassen,035,31185,5527,5428,131,5559,21
2021-08-12,Los Angeles,037,10098052,1312110,1291875,48305,1340180,24874
2021-08-12,Madera,039,155013,18067,17564,1163,18727,246
2021-08-12,Marin,041,260295,15716,15277,314,15591,239
2021-08-12,Mariposa,043,17540,608,568,13,581,5
2021-08-12,Mendocino,045,87422,5169,4873,157,5030,49
2021-08-12,Merced,047,269075,33502,32960,1202,34162,480
2021-08-12,Modoc,049,8938,434,423,149,572,5
2021-08-12,Mono,051,14174,1357,1325,18,1343,3
2021-08-12,Monterey,053,433212,44876,44383,2176,46559,527
2021-08-12,Napa,055,140530,11060,10780,66,10846,83
2021-08-12,Nevada,057,99092,6633,6283,224,6507,74
2021-08-12,Orange,059,3164182,278578,273167,12819,285986,5158
2021-08-12,Placer,061,380077,28383,26856,2262,29118,306
2021-08-12,Plumas,063,18699,877,829,14,843,5
2021-08-12,Riverside,065,2383286,318777,311304,15018,326322,4575
2021-08-12,Sacramento,067,1510023,127072,122222,2486,124708,1758
2021-08-12,San Benito,069,59416,6482,6398,122,6520,64
2021-08-12,San Bernardino,071,2135413,315834,310420,9708,320128,5297
2021-08-12,San Diego,073,3302833,317131,310596,18281,328877,3821
2021-08-12,San Francisco,075,870044,45346,43774,1813,45587,564
2021-08-12,San Joaquin,077,732212,82132,79945,4196,84141,1479
2021-08-12,San Luis Obispo,079,281455,23776,23101,885,23986,264
2021-08-12,San Mateo,081,765935,47658,46435,676,47111,548
2021-08-12,Santa Barbara,083,443738,37715,36881,1301,38182,473
2021-08-12,Santa Clara,085,1922200,129808,126614,941,127555,1769
2021-08-12,Santa Cruz,087,273765,17694,17261,877,18138,209
2021-08-12,Shasta,089,179085,14107,13621,1914,15535,211
2021-08-12,Sierra,091,2930,85,81,12,93,0
2021-08-12,Siskiyou,093,43540,2241,2134,531,2665,33
2021-08-12,Solano,095,438530,38871,36980,866,37846,262
2021-08-12,Sonoma,097,501317,35621,34299,422,34721,333
2021-08-12,Stanislaus,099,539301,62556,61026,6788,67814,1039
2021-08-12,Sutter,101,95872,10897,10695,116,10811,130
2021-08-12,Tehama,103,63373,5629,5462,681,6143,66
2021-08-12,Trinity,105,12862,548,386,129,515,3
2021-08-12,Tulare,107,460477,53098,51632,10397,62029,856
2021-08-12,Tuolumne,109,53932,4981,4845,47,4892,64
2021-08-12,Ventura,111,848112,87884,86106,3730,89836,1052
2021-08-12,Yolo,113,214977,16219,15686,646,16332,224
2021-08-12,Yuba,115,75493,7334,7128,168,7296,51
2021-08-11,Alameda,001,1643700,103290,100040,2309,102349,1281
2021-08-11,Alpine,003,1148,90,91,0,91,0
2021-08-11,Amador,005,37829,4271,4127,37,4164,49
2021-08-11,Butte,007,227075,14407,13905,2252,16157,206
2021-08-11,Calaveras,009,45235,2610,2505,17,2522,57
2021-08-11,Colusa,011,21464,2169,2101,419,2520,16
2021-08-11,Contra Costa,013,1133247,83488,80275,1631,81906,843
2021-08-11,Del Norte,015,27424,2131,1893,16,1909,8
2021-08-11,El Dorado,017,186661,12373,11799,1021,12820,119
2021-08-11,Fresno,019,978130,110864,107773,9632,117405,1751
2021-08-11,Glenn,021,27897,2615,2547,650,3197,20
2021-08-11,Humboldt,023,135768,6110,5765,107,5872,52
2021-08-11,Imperial,025,180216,29795,29565,2833,32398,745
2021-08-11,Inyo,027,18085,1489,1483,15,1498,39
2021-08-11,Kern,029,883053,103393,101448,13088,114536,1363
2021-08-11,Kings,031,150075,25028,24304,1287,25591,250
2021-08-11,Lake,033,64148,4910,4713,30,4743,68
2021-08-11,Lassen,035,31185,5518,5408,129,5537,21
2021-08-11,Los Angeles,037,10098052,1308786,1288238,48117,1336355,24851
2021-08-11,Madera,039,155013,18017,17511,1152,18663,245
2021-08-11,Marin,041,260295,15667,15235,314,15549,239
2021-08-11,Mariposa,043,17540,598,554,12,566,5
2021-08-11,Mendocino,045,87422,5100,4796,148,4944,49
2021-08-11,Merced,047,269075,33369,32802,1198,34000,479
2021-08-11,Modoc,049,8938,434,421,149,570,5
2021-08-11,Mono,051,14174,1352,1320,18,1338,3
2021-08-11,Monterey,053,433212,44777,44314,2158,46472,527
2021-08-11,Napa,055,140530,11019,10732,66,10798,83
2021-08-11,Nevada,057,99092,6579,6172,221,6393,74
2021-08-11,Orange,059,3164182,277721,272212,12772,284984,5155
2021-08-11,Placer,061,380077,28171,26687,2236,28923,305
2021-08-11,Plumas,063,18699,868,824,14,838,5
2021-08-11,Riverside,065,2383286,317784,310265,14983,325248,4570
2021-08-11,Sacramento,067,1510023,126279,121603,2447,124050,1757
2021-08-11,San Benito,069,59416,6469,6381,122,6503,64
2021-08-11,San Bernardino,071,2135413,314940,309498,9687,319185,5296
2021-08-11,San Diego,073,3302833,315661,309406,18177,327583,3818
2021-08-11,San Francisco,075,870044,45121,43555,1805,45360,564
2021-08-11,San Joaquin,077,732212,81725,79641,4168,83809,1478
2021-08-11,San Luis Obispo,079,281455,23672,22920,878,23798,264
2021-08-11,San Mateo,081,765935,47490,46300,673,46973,548
2021-08-11,Santa Barbara,083,443738,37551,36699,1292,37991,472
2021-08-11,Santa Clara,085,1922200,129327,126301,933,127234,1769
2021-08-11,Santa Cruz,087,273765,17629,17191,874,18065,209
2021-08-11,Shasta,089,179085,14033,13546,1898,15444,211
2021-08-11,Sierra,091,2930,84,81,12,93,0
2021-08-11,Siskiyou,093,43540,2227,2124,524,2648,33
2021-08-11,Solano,095,438530,38636,36862,852,37714,262
2021-08-11,Sonoma,097,501317,35442,34188,417,34605,333
2021-08-11,Stanislaus,099,539301,62226,60767,6758,67525,1037
2021-08-11,Sutter,101,95872,10825,10628,116,10744,130
2021-08-11,Tehama,103,63373,5600,5410,664,6074,66
2021-08-11,Trinity,105,12862,546,385,129,514,3
2021-08-11,Tulare,107,460477,52930,51464,10352,61816,854
2021-08-11,Tuolumne,109,53932,4949,4794,47,4841,64
2021-08-11,Ventura,111,848112,87632,85863,3709,89572,1051
2021-08-11,Yolo,113,214977,16144,15593,630,16223,218
2021-08-11,Yuba,115,75493,7275,7063,167,7230,53
2021-08-10,Alameda,001,1643700,102810,99771,2301,102072,1281
2021-08-10,Alpine,003,1148,90,91,0,91,0
2021-08-10,Amador,005,37829,4255,4093,37,4130,49
2021-08-10,Butte,007,227075,14324,13853,2231,16084,205
2021-08-10,Calaveras,009,45235,2585,2491,15,2506,57
2021-08-10,Colusa,011,21464,2156,2088,410,2498,16
2021-08-10,Contra Costa,013,1133247,82944,80018,1621,81639,840
2021-08-10,Del Norte,015,27424,2087,1870,16,1886,8
2021-08-10,El Dorado,017,186661,12272,11734,1010,12744,117
2021-08-10,Fresno,019,978130,110408,107616,9576,117192,1747
2021-08-10,Glenn,021,27897,2602,2538,640,3178,20
2021-08-10,Humboldt,023,135768,6056,5718,104,5822,52
2021-08-10,Imperial,025,180216,29760,29522,2827,32349,745
2021-08-10,Inyo,027,18085,1489,1482,15,1497,39
2021-08-10,Kern,029,883053,103064,101254,12992,114246,1359
2021-08-10,Kings,031,150075,24902,24252,1271,25523,251
2021-08-10,Lake,033,64148,4869,4700,30,4730,67
2021-08-10,Lassen,035,31185,5500,5401,129,5530,21
2021-08-10,Los Angeles,037,10098052,1305035,1285140,47945,1333085,24821
2021-08-10,Madera,039,155013,17944,17481,1142,18623,245
2021-08-10,Marin,041,260295,15620,15194,314,15508,239
2021-08-10,Mariposa,043,17540,585,550,12,562,5
2021-08-10,Mendocino,045,87422,5055,4775,144,4919,49
2021-08-10,Merced,047,269075,33222,32721,1189,33910,477
2021-08-10,Modoc,049,8938,433,421,149,570,5
2021-08-10,Mono,051,14174,1347,1320,18,1338,3
2021-08-10,Monterey,053,433212,44715,44259,2143,46402,527
2021-08-10,Napa,055,140530,10963,10703,65,10768,83
2021-08-10,Nevada,057,99092,6514,6151,220,6371,73
2021-08-10,Orange,059,3164182,276842,271688,12724,284412,5155
2021-08-10,Placer,061,380077,27952,26561,2194,28755,305
2021-08-10,Plumas,063,18699,859,816,14,830,5
2021-08-10,Riverside,065,2383286,316669,309529,14957,324486,4564
2021-08-10,Sacramento,067,1510023,125426,121159,2417,123576,1755
2021-08-10,San Benito,069,59416,6455,6371,122,6493,64
2021-08-10,San Bernardino,071,2135413,314018,308672,9669,318341,5295
2021-08-10,San Diego,073,3302833,314019,308288,18085,326373,3815
2021-08-10,San Francisco,075,870044,44868,43389,1790,45179,564
2021-08-10,San Joaquin,077,732212,81327,79391,4151,83542,1478
2021-08-10,San Luis Obispo,079,281455,23546,22776,876,23652,264
2021-08-10,San Mateo,081,765935,47318,46184,671,46855,548
2021-08-10,Santa Barbara,083,443738,37386,36574,1285,37859,472
2021-08-10,Santa Clara,085,1922200,128864,126019,926,126945,1770
2021-08-10,Santa Cruz,087,273765,17546,17142,872,18014,209
2021-08-10,Shasta,089,179085,13955,13461,1874,15335,211
2021-08-10,Sierra,091,2930,84,76,12,88,0
2021-08-10,Siskiyou,093,43540,2218,2088,517,2605,33
2021-08-10,Solano,095,438530,38390,36767,841,37608,262
2021-08-10,Sonoma,097,501317,35297,34054,414,34468,333
2021-08-10,Stanislaus,099,539301,61880,60605,6721,67326,1037
2021-08-10,Sutter,101,95872,10760,10569,116,10685,130
2021-08-10,Tehama,103,63373,5571,5392,659,6051,66
2021-08-10,Trinity,105,12862,546,384,129,513,3
2021-08-10,Tulare,107,460477,52765,51390,10300,61690,854
2021-08-10,Tuolumne,109,53932,4920,4780,45,4825,64
2021-08-10,Ventura,111,848112,87342,85714,3688,89402,1051
2021-08-10,Yolo,113,214977,16057,15568,620,16188,218
2021-08-10,Yuba,115,75493,7225,7028,167,7195,50
2021-08-09,Alameda,001,1643700,102254,99496,2297,101793,1276
2021-08-09,Alpine,003,1148,90,91,0,91,0
2021-08-09,Amador,005,37829,4229,4078,37,4115,48
2021-08-09,Butte,007,227075,14225,13813,2203,16016,205
2021-08-09,Calaveras,009,45235,2559,2472,15,2487,57
2021-08-09,Colusa,011,21464,2146,2075,402,2477,16
2021-08-09,Contra Costa,013,1133247,82400,79740,1609,81349,840
2021-08-09,Del Norte,015,27424,2019,1848,16,1864,8
2021-08-09,El Dorado,017,186661,12165,11672,996,12668,117
2021-08-09,Fresno,019,978130,109914,107310,9538,116848,1747
2021-08-09,Glenn,021,27897,2591,2532,628,3160,20
2021-08-09,Humboldt,023,135768,5965,5632,102,5734,52
2021-08-09,Imperial,025,180216,29715,29512,2823,32335,745
2021-08-09,Inyo,027,18085,1489,1481,15,1496,39
2021-08-09,Kern,029,883053,102752,101069,12906,113975,1359
2021-08-09,Kings,031,150075,24794,24155,1256,25411,250
2021-08-09,Lake,033,64148,4834,4670,28,4698,66
2021-08-09,Lassen,035,31185,5478,5393,128,5521,21
2021-08-09,Los Angeles,037,10098052,1301023,1282891,47737,1330628,24798
2021-08-09,Madera,039,155013,17885,17429,1122,18551,245
2021-08-09,Marin,041,260295,15567,15154,313,15467,239
2021-08-09,Mariposa,043,17540,572,545,12,557,5
2021-08-09,Mendocino,045,87422,5004,4732,136,4868,49
2021-08-09,Merced,047,269075,33076,32666,1182,33848,477
2021-08-09,Modoc,049,8938,433,419,149,568,5
2021-08-09,Mono,051,14174,1344,1337,18,1355,3
2021-08-09,Monterey,053,433212,44642,44190,2127,46317,527
2021-08-09,Napa,055,140530,10916,10679,65,10744,83
2021-08-09,Nevada,057,99092,6443,6088,219,6307,73
2021-08-09,Orange,059,3164182,275804,271036,12668,283704,5153
2021-08-09,Placer,061,380077,27729,26457,2163,28620,305
2021-08-09,Plumas,063,18699,842,803,14,817,5
2021-08-09,Riverside,065,2383286,315593,308678,14937,323615,4562
2021-08-09,Sacramento,067,1510023,124591,120812,2392,123204,1748
2021-08-09,San Benito,069,59416,6435,6359,120,6479,63
2021-08-09,San Bernardino,071,2135413,313034,308038,9646,317684,5295
2021-08-09,San Diego,073,3302833,312360,306855,17986,324841,3811
2021-08-09,San Francisco,075,870044,44622,43261,1772,45033,564
2021-08-09,San Joaquin,077,732212,80944,79198,4133,83331,1469
2021-08-09,San Luis Obispo,079,281455,23407,22695,867,23562,264
2021-08-09,San Mateo,081,765935,47146,46040,667,46707,548
2021-08-09,Santa Barbara,083,443738,37202,36474,1277,37751,470
2021-08-09,Santa Clara,085,1922200,128361,125791,917,126708,2187
2021-08-09,Santa Cruz,087,273765,17484,17082,872,17954,209
2021-08-09,Shasta,089,179085,13838,13397,1863,15260,210
2021-08-09,Sierra,091,2930,83,75,12,87,0
2021-08-09,Siskiyou,093,43540,2206,2047,501,2548,32
2021-08-09,Solano,095,438530,38114,36653,839,37492,262
2021-08-09,Sonoma,097,501317,35116,33933,412,34345,333
2021-08-09,Stanislaus,099,539301,61603,60410,6670,67080,1037
2021-08-09,Sutter,101,95872,10711,10525,113,10638,129
2021-08-09,Tehama,103,63373,5528,5373,657,6030,66
2021-08-09,Trinity,105,12862,544,378,127,505,3
2021-08-09,Tulare,107,460477,52604,51274,10235,61509,854
2021-08-09,Tuolumne,109,53932,4878,4745,45,4790,64
2021-08-09,Ventura,111,848112,87070,85514,3677,89191,1047
2021-08-09,Yolo,113,214977,15979,15521,599,16120,218
2021-08-09,Yuba,115,75493,7166,6994,167,7161,50
2021-08-08,Alameda,001,1643700,101700,99135,2291,101426,1276
2021-08-08,Alpine,003,1148,90,91,0,91,0
2021-08-08,Amador,005,37829,4195,4057,36,4093,48
2021-08-08,Butte,007,227075,14143,13791,2185,15976,205
2021-08-08,Calaveras,009,45235,2528,2462,15,2477,57
2021-08-08,Colusa,011,21464,2129,2070,395,2465,16
2021-08-08,Contra Costa,013,1133247,81876,79454,1602,81056,840
2021-08-08,Del Norte,015,27424,1973,1810,16,1826,8
2021-08-08,El Dorado,017,186661,12045,11631,985,12616,117
2021-08-08,Fresno,019,978130,109471,107078,9500,116578,1747
2021-08-08,Glenn,021,27897,2583,2527,621,3148,20
2021-08-08,Humboldt,023,135768,5877,5571,102,5673,52
2021-08-08,Imperial,025,180216,29691,29485,2813,32298,745
2021-08-08,Inyo,027,18085,1489,1481,15,1496,39
2021-08-08,Kern,029,883053,102432,100909,12794,113703,1359
2021-08-08,Kings,031,150075,24680,24095,1247,25342,250
2021-08-08,Lake,033,64148,4784,4636,27,4663,66
2021-08-08,Lassen,035,31185,5463,5391,127,5518,21
2021-08-08,Los Angeles,037,10098052,1296769,1279982,47551,1327533,24793
2021-08-08,Madera,039,155013,17806,17398,1105,18503,245
2021-08-08,Marin,041,260295,15514,15124,311,15435,239
2021-08-08,Mariposa,043,17540,568,538,12,550,5
2021-08-08,Mendocino,045,87422,4942,4702,123,4825,49
2021-08-08,Merced,047,269075,32929,32634,1173,33807,477
2021-08-08,Modoc,049,8938,432,419,148,567,5
2021-08-08,Mono,051,14174,1340,1336,18,1354,3
2021-08-08,Monterey,053,433212,44572,44171,2116,46287,527
2021-08-08,Napa,055,140530,10880,10668,65,10733,83
2021-08-08,Nevada,057,99092,6359,6009,217,6226,73
2021-08-08,Orange,059,3164182,274891,270532,12626,283158,5153
2021-08-08,Placer,061,380077,27520,26332,2122,28454,305
2021-08-08,Plumas,063,18699,833,803,14,817,5
2021-08-08,Riverside,065,2383286,314472,308042,14913,322955,4562
2021-08-08,Sacramento,067,1510023,123763,120109,2380,122489,1744
2021-08-08,San Benito,069,59416,6418,6350,119,6469,63
2021-08-08,San Bernardino,071,2135413,311888,307378,9616,316994,5295
2021-08-08,San Diego,073,3302833,311020,305983,17888,323871,3811
2021-08-08,San Francisco,075,870044,44362,43098,1749,44847,564
2021-08-08,San Joaquin,077,732212,80494,79002,4117,83119,1469
2021-08-08,San Luis Obispo,079,281455,23233,22668,859,23527,263
2021-08-08,San Mateo,081,765935,46956,45927,664,46591,548
2021-08-08,Santa Barbara,083,443738,37025,36417,1270,37687,470
2021-08-08,Santa Clara,085,1922200,127909,125553,912,126465,2187
2021-08-08,Santa Cruz,087,273765,17413,17035,867,17902,209
2021-08-08,Shasta,089,179085,13753,13381,1852,15233,210
2021-08-08,Sierra,091,2930,83,74,12,86,0
2021-08-08,Siskiyou,093,43540,2190,2041,496,2537,32
2021-08-08,Solano,095,438530,37862,36551,835,37386,262
2021-08-08,Sonoma,097,501317,34872,33805,411,34216,333
2021-08-08,Stanislaus,099,539301,61280,60269,6625,66894,1037
2021-08-08,Sutter,101,95872,10651,10481,112,10593,129
2021-08-08,Tehama,103,63373,5490,5359,654,6013,66
2021-08-08,Trinity,105,12862,539,378,127,505,3
2021-08-08,Tulare,107,460477,52424,51220,10175,61395,854
2021-08-08,Tuolumne,109,53932,4839,4731,45,4776,64
2021-08-08,Ventura,111,848112,86779,85382,3667,89049,1047
2021-08-08,Yolo,113,214977,15887,15477,592,16069,218
2021-08-08,Yuba,115,75493,7127,6967,167,7134,50
2021-08-07,Alameda,001,1643700,101451,98812,2285,101097,1276
2021-08-07,Alpine,003,1148,90,91,0,91,0
2021-08-07,Amador,005,37829,4178,4041,35,4076,48
2021-08-07,Butte,007,227075,14091,13714,2173,15887,205
2021-08-07,Calaveras,009,45235,2517,2446,15,2461,57
2021-08-07,Colusa,011,21464,2124,2067,386,2453,16
2021-08-07,Contra Costa,013,1133247,81580,79168,1599,80767,840
2021-08-07,Del Norte,015,27424,1941,1791,16,1807,8
2021-08-07,El Dorado,017,186661,11996,11575,978,12553,117
2021-08-07,Fresno,019,978130,109267,106861,9473,116334,1747
2021-08-07,Glenn,021,27897,2575,2515,620,3135,20
2021-08-07,Humboldt,023,135768,5827,5510,99,5609,52
2021-08-07,Imperial,025,180216,29672,29470,2813,32283,745
2021-08-07,Inyo,027,18085,1487,1476,15,1491,39
2021-08-07,Kern,029,883053,102274,100693,12739,113432,1359
2021-08-07,Kings,031,150075,24620,24048,1241,25289,250
2021-08-07,Lake,033,64148,4763,4613,27,4640,66
2021-08-07,Lassen,035,31185,5459,5386,127,5513,21
2021-08-07,Los Angeles,037,10098052,1294743,1276853,47399,1324252,24786
2021-08-07,Madera,039,155013,17771,17366,1100,18466,245
2021-08-07,Marin,041,260295,15480,15085,310,15395,239
2021-08-07,Mariposa,043,17540,565,530,12,542,5
2021-08-07,Mendocino,045,87422,4906,4690,121,4811,49
2021-08-07,Merced,047,269075,32865,32569,1170,33739,477
2021-08-07,Modoc,049,8938,432,419,148,567,5
2021-08-07,Mono,051,14174,1337,1329,18,1347,3
2021-08-07,Monterey,053,433212,44520,44124,2111,46235,527
2021-08-07,Napa,055,140530,10859,10658,64,10722,83
2021-08-07,Nevada,057,99092,6309,5967,215,6182,73
2021-08-07,Orange,059,3164182,274298,269900,12595,282495,5153
2021-08-07,Placer,061,380077,27332,26244,2114,28358,305
2021-08-07,Plumas,063,18699,828,801,14,815,5
2021-08-07,Riverside,065,2383286,313800,307326,14906,322232,4562
2021-08-07,Sacramento,067,1510023,123262,119636,2376,122012,1744
2021-08-07,San Benito,069,59416,6408,6332,119,6451,63
2021-08-07,San Bernardino,071,2135413,311299,306663,9599,316262,5295
2021-08-07,San Diego,073,3302833,310266,304974,17853,322827,3811
2021-08-07,San Francisco,075,870044,44191,42926,1731,44657,564
2021-08-07,San Joaquin,077,732212,80330,78769,4103,82872,1469
2021-08-07,San Luis Obispo,079,281455,23164,22579,858,23437,263
2021-08-07,San Mateo,081,765935,46828,45804,662,46466,548
2021-08-07,Santa Barbara,083,443738,36929,36303,1264,37567,470
2021-08-07,Santa Clara,085,1922200,127638,125196,907,126103,2188
2021-08-07,Santa Cruz,087,273765,17370,16994,865,17859,209
2021-08-07,Shasta,089,179085,13697,13361,1844,15205,210
2021-08-07,Sierra,091,2930,83,74,12,86,0
2021-08-07,Siskiyou,093,43540,2178,2039,494,2533,32
2021-08-07,Solano,095,438530,37746,36458,827,37285,262
2021-08-07,Sonoma,097,501317,34750,33716,411,34127,333
2021-08-07,Stanislaus,099,539301,61111,60093,6595,66688,1037
2021-08-07,Sutter,101,95872,10614,10447,112,10559,129
2021-08-07,Tehama,103,63373,5480,5343,649,5992,66
2021-08-07,Trinity,105,12862,535,377,126,503,3
2021-08-07,Tulare,107,460477,52337,51133,10137,61270,854
2021-08-07,Tuolumne,109,53932,4809,4721,45,4766,64
2021-08-07,Ventura,111,848112,86599,85232,3652,88884,1047
2021-08-07,Yolo,113,214977,15843,15423,585,16008,218
2021-08-07,Yuba,115,75493,7102,6937,165,7102,50
2021-08-06,Alameda,001,1643700,101125,98487,2277,100764,1275
2021-08-06,Alpine,003,1148,90,91,0,91,0
2021-08-06,Amador,005,37829,4157,4002,35,4037,48
2021-08-06,Butte,007,227075,14041,13626,2158,15784,205
2021-08-06,Calaveras,009,45235,2505,2419,15,2434,57
2021-08-06,Colusa,011,21464,2117,2045,380,2425,16
2021-08-06,Contra Costa,013,1133247,81285,78796,1593,80389,840
2021-08-06,Del Norte,015,27424,1914,1755,15,1770,8
2021-08-06,El Dorado,017,186661,11946,11498,966,12464,117
2021-08-06,Fresno,019,978130,109003,106542,9446,115988,1747
2021-08-06,Glenn,021,27897,2560,2504,617,3121,20
2021-08-06,Humboldt,023,135768,5776,5421,96,5517,52
2021-08-06,Imperial,025,180216,29661,29404,2809,32213,745
2021-08-06,Inyo,027,18085,1484,1471,15,1486,39
2021-08-06,Kern,029,883053,102097,100427,12654,113081,1359
2021-08-06,Kings,031,150075,24565,23974,1237,25211,250
2021-08-06,Lake,033,64148,4740,4557,27,4584,66
2021-08-06,Lassen,035,31185,5437,5368,127,5495,21
2021-08-06,Los Angeles,037,10098052,1292257,1273081,47247,1320328,24772
2021-08-06,Madera,039,155013,17732,17324,1091,18415,245
2021-08-06,Marin,041,260295,15447,15051,310,15361,239
2021-08-06,Mariposa,043,17540,556,511,12,523,5
2021-08-06,Mendocino,045,87422,4864,4649,120,4769,49
2021-08-06,Merced,047,269075,32805,32456,1167,33623,477
2021-08-06,Modoc,049,8938,432,419,148,567,5
2021-08-06,Mono,051,14174,1336,1328,18,1346,3
2021-08-06,Monterey,053,433212,44452,44058,2098,46156,527
2021-08-06,Napa,055,140530,10832,10620,64,10684,83
2021-08-06,Nevada,057,99092,6253,5874,215,6089,73
2021-08-06,Orange,059,3164182,273733,269077,12578,281655,5151
2021-08-06,Placer,061,380077,27209,26086,2092,28178,305
2021-08-06,Plumas,063,18699,819,795,14,809,5
2021-08-06,Riverside,065,2383286,313090,306304,14895,321199,4562
2021-08-06,Sacramento,067,1510023,122770,119169,2356,121525,1740
2021-08-06,San Benito,069,59416,6391,6315,119,6434,63
2021-08-06,San Bernardino,071,2135413,310598,305806,9590,315396,5286
2021-08-06,San Diego,073,3302833,309226,303691,17804,321495,3810
2021-08-06,San Francisco,075,870044,44034,42659,1713,44372,565
2021-08-06,San Joaquin,077,732212,80181,78405,4091,82496,1469
2021-08-06,San Luis Obispo,079,281455,23096,22472,853,23325,263
2021-08-06,San Mateo,081,765935,46675,45665,657,46322,548
2021-08-06,Santa Barbara,083,443738,36840,36208,1260,37468,470
2021-08-06,Santa Clara,085,1922200,127348,124767,901,125668,2185
2021-08-06,Santa Cruz,087,273765,17326,16924,861,17785,207
2021-08-06,Shasta,089,179085,13631,13284,1838,15122,210
2021-08-06,Sierra,091,2930,83,73,12,85,0
2021-08-06,Siskiyou,093,43540,2168,2030,490,2520,32
2021-08-06,Solano,095,438530,37636,36351,818,37169,262
2021-08-06,Sonoma,097,501317,34664,33594,410,34004,333
2021-08-06,Stanislaus,099,539301,60973,59854,6574,66428,1037
2021-08-06,Sutter,101,95872,10571,10391,112,10503,128
2021-08-06,Tehama,103,63373,5456,5325,647,5972,66
2021-08-06,Trinity,105,12862,534,371,125,496,3
2021-08-06,Tulare,107,460477,52236,51018,10090,61108,854
2021-08-06,Tuolumne,109,53932,4782,4674,45,4719,64
2021-08-06,Ventura,111,848112,86428,85046,3640,88686,1047
2021-08-06,Yolo,113,214977,15790,15299,580,15879,218
2021-08-06,Yuba,115,75493,7079,6904,165,7069,50
2021-08-05,Alameda,001,1643700,100638,98052,2272,100324,1275
2021-08-05,Alpine,003,1148,90,91,0,91,0
2021-08-05,Amador,005,37829,4137,3992,35,4027,48
2021-08-05,Butte,007,227075,13980,13564,2135,15699,206
2021-08-05,Calaveras,009,45235,2485,2397,15,2412,57
2021-08-05,Colusa,011,21464,2105,2036,376,2412,16
2021-08-05,Contra Costa,013,1133247,80857,78514,1586,80100,840
2021-08-05,Del Norte,015,27424,1887,1731,15,1746,8
2021-08-05,El Dorado,017,186661,11862,11408,956,12364,117
2021-08-05,Fresno,019,978130,108632,106219,9408,115627,1747
2021-08-05,Glenn,021,27897,2554,2494,614,3108,20
2021-08-05,Humboldt,023,135768,5702,5328,95,5423,52
2021-08-05,Imperial,025,180216,29630,29383,2805,32188,745
2021-08-05,Inyo,027,18085,1480,1468,15,1483,38
2021-08-05,Kern,029,883053,101875,100091,12569,112660,1358
2021-08-05,Kings,031,150075,24481,23906,1231,25137,249
2021-08-05,Lake,033,64148,4701,4490,25,4515,66
2021-08-05,Lassen,035,31185,5429,5344,127,5471,21
2021-08-05,Los Angeles,037,10098052,1289037,1269445,47112,1316557,24756
2021-08-05,Madera,039,155013,17691,17301,1083,18384,245
2021-08-05,Marin,041,260295,15403,15005,306,15311,239
2021-08-05,Mariposa,043,17540,545,504,11,515,5
2021-08-05,Mendocino,045,87422,4821,4597,111,4708,49
2021-08-05,Merced,047,269075,32738,32381,1156,33537,477
2021-08-05,Modoc,049,8938,431,418,148,566,5
2021-08-05,Mono,051,14174,1328,1309,18,1327,3
2021-08-05,Monterey,053,433212,44395,43992,2080,46072,527
2021-08-05,Napa,055,140530,10796,10591,62,10653,83
2021-08-05,Nevada,057,99092,6171,5778,212,5990,73
2021-08-05,Orange,059,3164182,272952,268329,12552,280881,5149
2021-08-05,Placer,061,380077,27008,25965,2065,28030,305
2021-08-05,Plumas,063,18699,810,787,14,801,5
2021-08-05,Riverside,065,2383286,312173,305415,14868,320283,4562
2021-08-05,Sacramento,067,1510023,122060,118590,2343,120933,1739
2021-08-05,San Benito,069,59416,6373,6305,119,6424,63
2021-08-05,San Bernardino,071,2135413,309761,304956,9569,314525,5284
2021-08-05,San Diego,073,3302833,307954,302220,17722,319942,3806
2021-08-05,San Francisco,075,870044,43824,42301,1704,44005,564
2021-08-05,San Joaquin,077,732212,79820,78151,4073,82224,1468
2021-08-05,San Luis Obispo,079,281455,22981,22362,847,23209,263
2021-08-05,San Mateo,081,765935,46502,45554,655,46209,548
2021-08-05,Santa Barbara,083,443738,36733,36112,1257,37369,470
2021-08-05,Santa Clara,085,1922200,127015,124490,901,125391,2185
2021-08-05,Santa Cruz,087,273765,17282,16867,858,17725,207
2021-08-05,Shasta,089,179085,13573,13217,1830,15047,210
2021-08-05,Sierra,091,2930,78,73,12,85,0
2021-08-05,Siskiyou,093,43540,2147,2024,480,2504,32
2021-08-05,Solano,095,438530,37455,36250,811,37061,262
2021-08-05,Sonoma,097,501317,34529,33455,409,33864,330
2021-08-05,Stanislaus,099,539301,60756,59692,6535,66227,1037
2021-08-05,Sutter,101,95872,10516,10349,112,10461,127
2021-08-05,Tehama,103,63373,5438,5305,644,5949,66
2021-08-05,Trinity,105,12862,528,367,125,492,3
2021-08-05,Tulare,107,460477,52119,50889,10035,60924,854
2021-08-05,Tuolumne,109,53932,4752,4619,45,4664,64
2021-08-05,Ventura,111,848112,86177,84837,3626,88463,1047
2021-08-05,Yolo,113,214977,15723,15250,570,15820,218
2021-08-05,Yuba,115,75493,7036,6872,163,7035,50
2021-08-04,Alameda,001,1643700,100137,97477,2261,99738,1274
2021-08-04,Alpine,003,1148,90,91,0,91,0
2021-08-04,Amador,005,37829,4107,3962,34,3996,48
2021-08-04,Butte,007,227075,13912,13509,2118,15627,205
2021-08-04,Calaveras,009,45235,2460,2374,15,2389,57
2021-08-04,Colusa,011,21464,2093,2025,370,2395,16
2021-08-04,Contra Costa,013,1133247,80341,77966,1581,79547,840
2021-08-04,Del Norte,015,27424,1864,1701,15,1716,8
2021-08-04,El Dorado,017,186661,11784,11319,945,12264,117
2021-08-04,Fresno,019,978130,108264,105899,9367,115266,1747
2021-08-04,Glenn,021,27897,2546,2487,612,3099,20
2021-08-04,Humboldt,023,135768,5626,5271,94,5365,52
2021-08-04,Imperial,025,180216,29582,29375,2803,32178,745
2021-08-04,Inyo,027,18085,1479,1465,15,1480,38
2021-08-04,Kern,029,883053,101625,99868,12484,112352,1358
2021-08-04,Kings,031,150075,24409,23840,1223,25063,250
2021-08-04,Lake,033,64148,4671,4423,20,4443,65
2021-08-04,Lassen,035,31185,5421,5340,127,5467,21
2021-08-04,Los Angeles,037,10098052,1285551,1265788,46949,1312737,24737
2021-08-04,Madera,039,155013,17656,17251,1076,18327,245
2021-08-04,Marin,041,260295,15356,14950,304,15254,239
2021-08-04,Mariposa,043,17540,530,497,11,508,5
2021-08-04,Mendocino,045,87422,4797,4560,107,4667,49
2021-08-04,Merced,047,269075,32600,32274,1151,33425,476
2021-08-04,Modoc,049,8938,431,416,148,564,5
2021-08-04,Mono,051,14174,1324,1307,18,1325,3
2021-08-04,Monterey,053,433212,44330,43926,2069,45995,526
2021-08-04,Napa,055,140530,10759,10544,62,10606,82
2021-08-04,Nevada,057,99092,6107,5702,211,5913,73
2021-08-04,Orange,059,3164182,272078,267199,12513,279712,5146
2021-08-04,Placer,061,380077,26791,25688,2045,27733,305
2021-08-04,Plumas,063,18699,804,784,14,798,5
2021-08-04,Riverside,065,2383286,311248,304272,14842,319114,4562
2021-08-04,Sacramento,067,1510023,121302,117882,2317,120199,1736
2021-08-04,San Benito,069,59416,6358,6300,119,6419,63
2021-08-04,San Bernardino,071,2135413,308905,304164,9551,313715,5285
2021-08-04,San Diego,073,3302833,306440,301100,17656,318756,3805
2021-08-04,San Francisco,075,870044,43570,41913,1691,43604,562
2021-08-04,San Joaquin,077,732212,79463,77846,4061,81907,1466
2021-08-04,San Luis Obispo,079,281455,22873,22245,841,23086,262
2021-08-04,San Mateo,081,765935,46330,45392,654,46046,548
2021-08-04,Santa Barbara,083,443738,36604,36013,1249,37262,470
2021-08-04,Santa Clara,085,1922200,126624,124127,894,125021,2183
2021-08-04,Santa Cruz,087,273765,17220,16820,851,17671,208
2021-08-04,Shasta,089,179085,13522,13134,1819,14953,211
2021-08-04,Sierra,091,2930,78,73,12,85,0
2021-08-04,Siskiyou,093,43540,2127,2010,475,2485,32
2021-08-04,Solano,095,438530,37255,36025,802,36827,262
2021-08-04,Sonoma,097,501317,34357,33311,407,33718,330
2021-08-04,Stanislaus,099,539301,60533,59396,6497,65893,1037
2021-08-04,Sutter,101,95872,10479,10294,112,10406,127
2021-08-04,Tehama,103,63373,5412,5281,639,5920,66
2021-08-04,Trinity,105,12862,526,362,122,484,3
2021-08-04,Tulare,107,460477,52009,50797,9991,60788,855
2021-08-04,Tuolumne,109,53932,4727,4584,45,4629,64
2021-08-04,Ventura,111,848112,85919,84406,3604,88010,1047
2021-08-04,Yolo,113,214977,15644,15189,557,15746,215
2021-08-04,Yuba,115,75493,6996,6827,161,6988,50
2021-08-03,Alameda,001,1643700,99690,97275,2256,99531,1270
2021-08-03,Alpine,003,1148,90,91,0,91,0
2021-08-03,Amador,005,37829,4071,3953,34,3987,48
2021-08-03,Butte,007,227075,13844,13468,2103,15571,205
2021-08-03,Calaveras,009,45235,2438,2356,15,2371,57
2021-08-03,Colusa,011,21464,2080,2023,364,2387,16
2021-08-03,Contra Costa,013,1133247,79859,77739,1574,79313,836
2021-08-03,Del Norte,015,27424,1832,1691,14,1705,8
2021-08-03,El Dorado,017,186661,11694,11255,935,12190,117
2021-08-03,Fresno,019,978130,107902,105732,9335,115067,1746
2021-08-03,Glenn,021,27897,2539,2481,606,3087,20
2021-08-03,Humboldt,023,135768,5561,5199,89,5288,52
2021-08-03,Imperial,025,180216,29560,29333,2796,32129,745
2021-08-03,Inyo,027,18085,1476,1459,15,1474,38
2021-08-03,Kern,029,883053,101363,99708,12405,112113,1358
2021-08-03,Kings,031,150075,24321,23780,1216,24996,249
2021-08-03,Lake,033,64148,4615,4408,16,4424,66
2021-08-03,Lassen,035,31185,5411,5341,127,5468,21
2021-08-03,Los Angeles,037,10098052,1281812,1262678,46769,1309447,24721
2021-08-03,Madera,039,155013,17615,17220,1061,18281,245
2021-08-03,Marin,041,260295,15307,14906,301,15207,243
2021-08-03,Mariposa,043,17540,519,495,11,506,5
2021-08-03,Mendocino,045,87422,4748,4546,106,4652,49
2021-08-03,Merced,047,269075,32517,32197,1149,33346,476
2021-08-03,Modoc,049,8938,431,416,148,564,5
2021-08-03,Mono,051,14174,1319,1303,18,1321,3
2021-08-03,Monterey,053,433212,44266,43872,2056,45928,525
2021-08-03,Napa,055,140530,10716,10527,61,10588,82
2021-08-03,Nevada,057,99092,6026,5685,210,5895,73
2021-08-03,Orange,059,3164182,271339,266649,12483,279132,5146
2021-08-03,Placer,061,380077,26590,25624,2021,27645,305
2021-08-03,Plumas,063,18699,797,779,14,793,5
2021-08-03,Riverside,065,2383286,310324,303499,14815,318314,4562
2021-08-03,Sacramento,067,1510023,120557,117591,2296,119887,1732
2021-08-03,San Benito,069,59416,6343,6284,118,6402,63
2021-08-03,San Bernardino,071,2135413,307984,303386,9531,312917,5265
2021-08-03,San Diego,073,3302833,305002,300189,17546,317735,3803
2021-08-03,San Francisco,075,870044,43288,41758,1671,43429,562
2021-08-03,San Joaquin,077,732212,79114,77615,4040,81655,1461
2021-08-03,San Luis Obispo,079,281455,22733,22166,834,23000,264
2021-08-03,San Mateo,081,765935,46137,45255,649,45904,548
2021-08-03,Santa Barbara,083,443738,36485,35912,1243,37155,469
2021-08-03,Santa Clara,085,1922200,126203,123914,888,124802,2183
2021-08-03,Santa Cruz,087,273765,17154,16778,848,17626,207
2021-08-03,Shasta,089,179085,13448,13091,1808,14899,211
2021-08-03,Sierra,091,2930,78,72,12,84,0
2021-08-03,Siskiyou,093,43540,2116,1998,470,2468,32
2021-08-03,Solano,095,438530,37035,35953,790,36743,261
2021-08-03,Sonoma,097,501317,34176,33243,406,33649,330
2021-08-03,Stanislaus,099,539301,60312,59282,6478,65760,1037
2021-08-03,Sutter,101,95872,10439,10263,111,10374,127
2021-08-03,Tehama,103,63373,5387,5269,634,5903,66
2021-08-03,Trinity,105,12862,523,361,119,480,3
2021-08-03,Tulare,107,460477,51914,50729,9945,60674,854
2021-08-03,Tuolumne,109,53932,4692,4563,45,4608,64
2021-08-03,Ventura,111,848112,85675,84270,3583,87853,1046
2021-08-03,Yolo,113,214977,15552,15149,543,15692,215
2021-08-03,Yuba,115,75493,6959,6781,159,6940,50
2021-08-02,Alameda,001,1643700,99133,96954,2251,99205,1270
2021-08-02,Alpine,003,1148,90,91,0,91,0
2021-08-02,Amador,005,37829,4051,3927,34,3961,48
2021-08-02,Butte,007,227075,13764,13442,2084,15526,205
2021-08-02,Calaveras,009,45235,2412,2347,15,2362,57
2021-08-02,Colusa,011,21464,2068,2019,361,2380,16
2021-08-02,Contra Costa,013,1133247,79350,77516,1560,79076,836
2021-08-02,Del Norte,015,27424,1802,1653,14,1667,8
2021-08-02,El Dorado,017,186661,11590,11226,921,12147,116
2021-08-02,Fresno,019,978130,107556,105471,9298,114769,1744
2021-08-02,Glenn,021,27897,2531,2477,603,3080,20
2021-08-02,Humboldt,023,135768,5478,5161,87,5248,52
2021-08-02,Imperial,025,180216,29527,29302,2793,32095,743
2021-08-02,Inyo,027,18085,1470,1455,15,1470,38
2021-08-02,Kern,029,883053,101108,99556,12312,111868,1357
2021-08-02,Kings,031,150075,24251,23722,1210,24932,249
2021-08-02,Lake,033,64148,4572,4375,16,4391,66
2021-08-02,Lassen,035,31185,5388,5338,125,5463,21
2021-08-02,Los Angeles,037,10098052,1278091,1260807,46560,1307367,24705
2021-08-02,Madera,039,155013,17571,17158,1048,18206,245
2021-08-02,Marin,041,260295,15264,14859,299,15158,239
2021-08-02,Mariposa,043,17540,510,490,11,501,5
2021-08-02,Mendocino,045,87422,4708,4512,103,4615,49
2021-08-02,Merced,047,269075,32419,32163,1142,33305,474
2021-08-02,Modoc,049,8938,431,415,148,563,5
2021-08-02,Mono,051,14174,1312,1296,18,1314,3
2021-08-02,Monterey,053,433212,44206,43842,2048,45890,525
2021-08-02,Napa,055,140530,10673,10490,58,10548,82
2021-08-02,Nevada,057,99092,5955,5611,209,5820,73
2021-08-02,Orange,059,3164182,270425,266050,12437,278487,5146
2021-08-02,Placer,061,380077,26443,25516,1987,27503,306
2021-08-02,Plumas,063,18699,790,762,14,776,5
2021-08-02,Riverside,065,2383286,309386,302756,14800,317556,4562
2021-08-02,Sacramento,067,1510023,119860,117183,2275,119458,1728
2021-08-02,San Benito,069,59416,6324,6276,117,6393,63
2021-08-02,San Bernardino,071,2135413,307108,303000,9499,312499,5253
2021-08-02,San Diego,073,3302833,303522,299021,17466,316487,3798
2021-08-02,San Francisco,075,870044,43001,41553,1647,43200,562
2021-08-02,San Joaquin,077,732212,78771,77447,4013,81460,1461
2021-08-02,San Luis Obispo,079,281455,22639,22093,827,22920,261
2021-08-02,San Mateo,081,765935,45961,45154,636,45790,548
2021-08-02,Santa Barbara,083,443738,36346,35851,1237,37088,469
2021-08-02,Santa Clara,085,1922200,125733,123655,880,124535,2183
2021-08-02,Santa Cruz,087,273765,17096,16746,844,17590,207
2021-08-02,Shasta,089,179085,13385,13049,1794,14843,212
2021-08-02,Sierra,091,2930,78,71,12,83,0
2021-08-02,Siskiyou,093,43540,2105,1992,456,2448,31
2021-08-02,Solano,095,438530,36787,35852,777,36629,260
2021-08-02,Sonoma,097,501317,33950,33132,401,33533,330
2021-08-02,Stanislaus,099,539301,60093,59160,6450,65610,1037
2021-08-02,Sutter,101,95872,10393,10220,111,10331,127
2021-08-02,Tehama,103,63373,5363,5260,630,5890,66
2021-08-02,Trinity,105,12862,518,359,118,477,3
2021-08-02,Tulare,107,460477,51812,50640,9871,60511,854
2021-08-02,Tuolumne,109,53932,4625,4524,45,4569,64
2021-08-02,Ventura,111,848112,85490,84143,3560,87703,1044
2021-08-02,Yolo,113,214977,15454,15072,525,15597,215
2021-08-02,Yuba,115,75493,6917,6743,156,6899,50
2021-08-01,Alameda,001,1643700,98599,96775,2245,99020,1270
2021-08-01,Alpine,003,1148,90,91,0,91,0
2021-08-01,Amador,005,37829,4013,3923,34,3957,48
2021-08-01,Butte,007,227075,13683,13406,2067,15473,205
2021-08-01,Calaveras,009,45235,2388,2341,15,2356,57
2021-08-01,Colusa,011,21464,2057,2014,359,2373,16
2021-08-01,Contra Costa,013,1133247,78915,77360,1552,78912,836
2021-08-01,Del Norte,015,27424,1770,1642,14,1656,8
2021-08-01,El Dorado,017,186661,11489,11189,910,12099,116
2021-08-01,Fresno,019,978130,107230,105339,9251,114590,1744
2021-08-01,Glenn,021,27897,2525,2476,600,3076,20
2021-08-01,Humboldt,023,135768,5401,5118,83,5201,52
2021-08-01,Imperial,025,180216,29492,29297,2788,32085,743
2021-08-01,Inyo,027,18085,1468,1454,15,1469,38
2021-08-01,Kern,029,883053,100830,99396,12238,111634,1357
2021-08-01,Kings,031,150075,24164,23700,1205,24905,249
2021-08-01,Lake,033,64148,4493,4356,16,4372,66
2021-08-01,Lassen,035,31185,5375,5336,123,5459,21
2021-08-01,Los Angeles,037,10098052,1274404,1258461,46336,1304797,24700
2021-08-01,Madera,039,155013,17514,17146,1043,18189,245
2021-08-01,Marin,041,260295,15187,14844,298,15142,239
2021-08-01,Mariposa,043,17540,503,482,11,493,5
2021-08-01,Mendocino,045,87422,4662,4476,99,4575,49
2021-08-01,Merced,047,269075,32327,32144,1136,33280,474
2021-08-01,Modoc,049,8938,429,413,148,561,5
2021-08-01,Mono,051,14174,1309,1294,18,1312,3
2021-08-01,Monterey,053,433212,44159,43808,2035,45843,525
2021-08-01,Napa,055,140530,10625,10473,56,10529,82
2021-08-01,Nevada,057,99092,5868,5561,208,5769,73
2021-08-01,Orange,059,3164182,269612,265467,12394,277861,5146
2021-08-01,Placer,061,380077,26228,25464,1957,27421,306
2021-08-01,Plumas,063,18699,784,761,14,775,5
2021-08-01,Riverside,065,2383286,308453,302256,14782,317038,4562
2021-08-01,Sacramento,067,1510023,119124,116923,2259,119182,1727
2021-08-01,San Benito,069,59416,6307,6271,117,6388,63
2021-08-01,San Bernardino,071,2135413,306173,302542,9489,312031,5248
2021-08-01,San Diego,073,3302833,302336,298002,17401,315403,3798
2021-08-01,San Francisco,075,870044,42663,41432,1634,43066,562
2021-08-01,San Joaquin,077,732212,78404,77338,3986,81324,1461
2021-08-01,San Luis Obispo,079,281455,22536,22083,822,22905,261
2021-08-01,San Mateo,081,765935,45779,45036,628,45664,548
2021-08-01,Santa Barbara,083,443738,36222,35809,1233,37042,469
2021-08-01,Santa Clara,085,1922200,125321,123511,872,124383,2183
2021-08-01,Santa Cruz,087,273765,17017,16709,837,17546,207
2021-08-01,Shasta,089,179085,13314,13036,1785,14821,212
2021-08-01,Sierra,091,2930,76,71,12,83,0
2021-08-01,Siskiyou,093,43540,2099,1989,450,2439,31
2021-08-01,Solano,095,438530,36552,35800,768,36568,260
2021-08-01,Sonoma,097,501317,33758,33076,398,33474,330
2021-08-01,Stanislaus,099,539301,59856,59078,6418,65496,1037
2021-08-01,Sutter,101,95872,10338,10198,108,10306,127
2021-08-01,Tehama,103,63373,5346,5252,626,5878,66
2021-08-01,Trinity,105,12862,515,359,117,476,3
2021-08-01,Tulare,107,460477,51655,50600,9810,60410,854
2021-08-01,Tuolumne,109,53932,4587,4489,45,4534,64
2021-08-01,Ventura,111,848112,85260,84040,3545,87585,1044
2021-08-01,Yolo,113,214977,15382,15042,516,15558,215
2021-08-01,Yuba,115,75493,6880,6721,155,6876,50
2021-07-31,Alameda,001,1643700,98268,95279,2239,97518,1265
2021-07-31,Alpine,003,1148,90,89,0,89,0
2021-07-31,Amador,005,37829,3993,3877,34,3911,48
2021-07-31,Butte,007,227075,13650,13235,2047,15282,205
2021-07-31,Calaveras,009,45235,2379,2294,15,2309,57
2021-07-31,Colusa,011,21464,2051,2006,357,2363,16
2021-07-31,Contra Costa,013,1133247,78636,75866,1550,77416,832
2021-07-31,Del Norte,015,27424,1744,1576,14,1590,8
2021-07-31,El Dorado,017,186661,11436,11017,904,11921,116
2021-07-31,Fresno,019,978130,107071,104639,9237,113876,1744
2021-07-31,Glenn,021,27897,2520,2465,595,3060,20
2021-07-31,Humboldt,023,135768,5346,4978,82,5060,52
2021-07-31,Imperial,025,180216,29475,29164,2785,31949,743
2021-07-31,Inyo,027,18085,1465,1442,15,1457,38
2021-07-31,Kern,029,883053,100665,98903,12179,111082,1357
2021-07-31,Kings,031,150075,24111,23548,1200,24748,248
2021-07-31,Lake,033,64148,4468,4238,16,4254,66
2021-07-31,Lassen,035,31185,5368,5320,123,5443,21
2021-07-31,Los Angeles,037,10098052,1272208,1248545,46189,1294734,24691
2021-07-31,Madera,039,155013,17481,17058,1037,18095,245
2021-07-31,Marin,041,260295,15143,14701,297,14998,239
2021-07-31,Mariposa,043,17540,494,470,11,481,5
2021-07-31,Mendocino,045,87422,4637,4400,96,4496,49
2021-07-31,Merced,047,269075,32279,31959,1131,33090,474
2021-07-31,Modoc,049,8938,429,413,148,561,5
2021-07-31,Mono,051,14174,1307,1287,18,1305,3
2021-07-31,Monterey,053,433212,44120,43720,2025,45745,525
2021-07-31,Napa,055,140530,10605,10401,55,10456,82
2021-07-31,Nevada,057,99092,5829,5373,207,5580,72
2021-07-31,Orange,059,3164182,269038,263446,12375,275821,5144
2021-07-31,Placer,061,380077,26095,25104,1950,27054,306
2021-07-31,Plumas,063,18699,781,743,14,757,5
2021-07-31,Riverside,065,2383286,307837,300315,14772,315087,4554
2021-07-31,Sacramento,067,1510023,118712,115259,2253,117512,1720
2021-07-31,San Benito,069,59416,6296,6251,117,6368,63
2021-07-31,San Bernardino,071,2135413,305602,300726,9486,310212,5240
2021-07-31,San Diego,073,3302833,301663,295054,17355,312409,3798
2021-07-31,San Francisco,075,870044,42436,40412,1614,42026,562
2021-07-31,San Joaquin,077,732212,78239,76575,3973,80548,1443
2021-07-31,San Luis Obispo,079,281455,22482,21922,820,22742,260
2021-07-31,San Mateo,081,765935,45622,44622,623,45245,548
2021-07-31,Santa Barbara,083,443738,36141,35531,1232,36763,467
2021-07-31,Santa Clara,085,1922200,125066,122614,870,123484,2099
2021-07-31,Santa Cruz,087,273765,16978,16576,836,17412,207
2021-07-31,Shasta,089,179085,13277,12918,1777,14695,212
2021-07-31,Sierra,091,2930,76,68,12,80,0
2021-07-31,Siskiyou,093,43540,2090,1976,444,2420,31
2021-07-31,Solano,095,438530,36451,35340,760,36100,263
2021-07-31,Sonoma,097,501317,33632,32601,398,32999,329
2021-07-31,Stanislaus,099,539301,59697,58586,6395,64981,1035
2021-07-31,Sutter,101,95872,10304,10068,107,10175,127
2021-07-31,Tehama,103,63373,5331,5216,623,5839,66
2021-07-31,Trinity,105,12862,514,354,116,470,3
2021-07-31,Tulare,107,460477,51566,50409,9757,60166,854
2021-07-31,Tuolumne,109,53932,4548,4362,45,4407,64
2021-07-31,Ventura,111,848112,85099,83509,3528,87037,1044
2021-07-31,Yolo,113,214977,15334,14863,505,15368,215
2021-07-31,Yuba,115,75493,6857,6615,151,6766,50
2021-07-30,Alameda,001,1643700,97936,95279,2235,97514,1265
2021-07-30,Alpine,003,1148,90,89,0,89,0
2021-07-30,Amador,005,37829,3970,3877,34,3911,48
2021-07-30,Butte,007,227075,13595,13235,2034,15269,205
2021-07-30,Calaveras,009,45235,2369,2294,15,2309,57
2021-07-30,Colusa,011,21464,2047,2006,355,2361,16
2021-07-30,Contra Costa,013,1133247,78392,75866,1546,77412,832
2021-07-30,Del Norte,015,27424,1726,1576,14,1590,8
2021-07-30,El Dorado,017,186661,11403,11017,898,11915,116
2021-07-30,Fresno,019,978130,106877,104639,9225,113864,1744
2021-07-30,Glenn,021,27897,2515,2465,594,3059,20
2021-07-30,Humboldt,023,135768,5282,4978,79,5057,52
2021-07-30,Imperial,025,180216,29461,29164,2782,31946,743
2021-07-30,Inyo,027,18085,1464,1442,15,1457,38
2021-07-30,Kern,029,883053,100541,98903,12132,111035,1357
2021-07-30,Kings,031,150075,24071,23548,1196,24744,248
2021-07-30,Lake,033,64148,4440,4238,16,4254,66
2021-07-30,Lassen,035,31185,5364,5320,123,5443,21
2021-07-30,Los Angeles,037,10098052,1269887,1248545,46038,1294583,24691
2021-07-30,Madera,039,155013,17439,17058,1034,18092,245
2021-07-30,Marin,041,260295,15109,14701,297,14998,239
2021-07-30,Mariposa,043,17540,490,470,11,481,5
2021-07-30,Mendocino,045,87422,4607,4400,95,4495,49
2021-07-30,Merced,047,269075,32238,31959,1127,33086,474
2021-07-30,Modoc,049,8938,427,413,148,561,5
2021-07-30,Mono,051,14174,1302,1287,18,1305,3
2021-07-30,Monterey,053,433212,44086,43720,2016,45736,525
2021-07-30,Napa,055,140530,10583,10401,54,10455,82
2021-07-30,Nevada,057,99092,5772,5373,207,5580,72
2021-07-30,Orange,059,3164182,268412,263446,12349,275795,5144
2021-07-30,Placer,061,380077,26006,25104,1932,27036,306
2021-07-30,Plumas,063,18699,776,743,14,757,5
2021-07-30,Riverside,065,2383286,307199,300315,14762,315077,4554
2021-07-30,Sacramento,067,1510023,118261,115259,2249,117508,1720
2021-07-30,San Benito,069,59416,6289,6251,117,6368,63
2021-07-30,San Bernardino,071,2135413,305088,300726,9480,310206,5240
2021-07-30,San Diego,073,3302833,300890,295054,17297,312351,3798
2021-07-30,San Francisco,075,870044,42223,40412,1599,42011,562
2021-07-30,San Joaquin,077,732212,78085,76575,3968,80543,1443
2021-07-30,San Luis Obispo,079,281455,22444,21922,816,22738,260
2021-07-30,San Mateo,081,765935,45497,44622,610,45232,548
2021-07-30,Santa Barbara,083,443738,36072,35531,1226,36757,467
2021-07-30,Santa Clara,085,1922200,124842,122614,868,123482,2099
2021-07-30,Santa Cruz,087,273765,16952,16576,834,17410,207
2021-07-30,Shasta,089,179085,13232,12918,1777,14695,212
2021-07-30,Sierra,091,2930,75,68,12,80,0
2021-07-30,Siskiyou,093,43540,2081,1976,443,2419,31
2021-07-30,Solano,095,438530,36360,35340,744,36084,263
2021-07-30,Sonoma,097,501317,33537,32601,398,32999,329
2021-07-30,Stanislaus,099,539301,59551,58586,6375,64961,1035
2021-07-30,Sutter,101,95872,10269,10068,107,10175,127
2021-07-30,Tehama,103,63373,5320,5216,623,5839,66
2021-07-30,Trinity,105,12862,514,354,116,470,3
2021-07-30,Tulare,107,460477,51523,50409,9722,60131,854
2021-07-30,Tuolumne,109,53932,4530,4362,45,4407,64
2021-07-30,Ventura,111,848112,84935,83509,3513,87022,1044
2021-07-30,Yolo,113,214977,15273,14863,501,15364,215
2021-07-30,Yuba,115,75493,6821,6615,150,6765,50
2021-07-29,Alameda,001,1643700,97517,95279,2229,97508,1265
2021-07-29,Alpine,003,1148,90,89,0,89,0
2021-07-29,Amador,005,37829,3951,3877,34,3911,48
2021-07-29,Butte,007,227075,13548,13235,2026,15261,205
2021-07-29,Calaveras,009,45235,2355,2294,15,2309,57
2021-07-29,Colusa,011,21464,2040,2006,355,2361,16
2021-07-29,Contra Costa,013,1133247,77953,75866,1542,77408,832
2021-07-29,Del Norte,015,27424,1702,1576,14,1590,8
2021-07-29,El Dorado,017,186661,11339,11017,886,11903,116
2021-07-29,Fresno,019,978130,106612,104639,9197,113836,1744
2021-07-29,Glenn,021,27897,2505,2465,593,3058,20
2021-07-29,Humboldt,023,135768,5222,4978,77,5055,52
2021-07-29,Imperial,025,180216,29416,29164,2780,31944,743
2021-07-29,Inyo,027,18085,1460,1442,15,1457,38
2021-07-29,Kern,029,883053,100334,98903,12054,110957,1357
2021-07-29,Kings,031,150075,24025,23548,1192,24740,248
2021-07-29,Lake,033,64148,4405,4238,16,4254,66
2021-07-29,Lassen,035,31185,5356,5320,120,5440,21
2021-07-29,Los Angeles,037,10098052,1266794,1248545,45854,1294399,24691
2021-07-29,Madera,039,155013,17392,17058,1030,18088,245
2021-07-29,Marin,041,260295,15066,14701,297,14998,239
2021-07-29,Mariposa,043,17540,486,470,11,481,5
2021-07-29,Mendocino,045,87422,4584,4400,93,4493,49
2021-07-29,Merced,047,269075,32183,31959,1127,33086,474
2021-07-29,Modoc,049,8938,427,413,148,561,5
2021-07-29,Mono,051,14174,1300,1287,18,1305,3
2021-07-29,Monterey,053,433212,44037,43720,2006,45726,525
2021-07-29,Napa,055,140530,10551,10401,52,10453,82
2021-07-29,Nevada,057,99092,5720,5373,206,5579,72
2021-07-29,Orange,059,3164182,267700,263446,12317,275763,5144
2021-07-29,Placer,061,380077,25883,25104,1917,27021,306
2021-07-29,Plumas,063,18699,768,743,14,757,5
2021-07-29,Riverside,065,2383286,306494,300315,14738,315053,4554
2021-07-29,Sacramento,067,1510023,117706,115259,2236,117495,1720
2021-07-29,San Benito,069,59416,6278,6251,117,6368,63
2021-07-29,San Bernardino,071,2135413,304450,300726,9470,310196,5240
2021-07-29,San Diego,073,3302833,299832,295054,17229,312283,3798
2021-07-29,San Francisco,075,870044,41976,40412,1578,41990,562
2021-07-29,San Joaquin,077,732212,77829,76575,3960,80535,1443
2021-07-29,San Luis Obispo,079,281455,22390,21922,814,22736,260
2021-07-29,San Mateo,081,765935,45370,44622,600,45222,548
2021-07-29,Santa Barbara,083,443738,35986,35531,1225,36756,467
2021-07-29,Santa Clara,085,1922200,124545,122614,865,123479,2099
2021-07-29,Santa Cruz,087,273765,16899,16576,832,17408,207
2021-07-29,Shasta,089,179085,13178,12918,1768,14686,212
2021-07-29,Sierra,091,2930,75,68,12,80,0
2021-07-29,Siskiyou,093,43540,2076,1976,441,2417,31
2021-07-29,Solano,095,438530,36200,35340,734,36074,263
2021-07-29,Sonoma,097,501317,33363,32601,396,32997,329
2021-07-29,Stanislaus,099,539301,59379,58586,6360,64946,1035
2021-07-29,Sutter,101,95872,10223,10068,106,10174,127
2021-07-29,Tehama,103,63373,5308,5216,617,5833,66
2021-07-29,Trinity,105,12862,512,354,115,469,3
2021-07-29,Tulare,107,460477,51433,50409,9682,60091,854
2021-07-29,Tuolumne,109,53932,4490,4362,44,4406,64
2021-07-29,Ventura,111,848112,84769,83509,3506,87015,1044
2021-07-29,Yolo,113,214977,15204,14863,487,15350,215
2021-07-29,Yuba,115,75493,6772,6615,147,6762,50
2021-07-28,Alameda,001,1643700,97050,94965,2222,97187,1262
2021-07-28,Alpine,003,1148,90,89,0,89,0
2021-07-28,Amador,005,37829,3937,3870,34,3904,48
2021-07-28,Butte,007,227075,13491,13184,2013,15197,205
2021-07-28,Calaveras,009,45235,2335,2289,15,2304,57
2021-07-28,Colusa,011,21464,2037,2001,354,2355,16
2021-07-28,Contra Costa,013,1133247,77466,75487,1534,77021,832
2021-07-28,Del Norte,015,27424,1669,1545,14,1559,8
2021-07-28,El Dorado,017,186661,11290,10967,876,11843,116
2021-07-28,Fresno,019,978130,106364,104458,9176,113634,1744
2021-07-28,Glenn,021,27897,2502,2464,590,3054,20
2021-07-28,Humboldt,023,135768,5171,4946,76,5022,52
2021-07-28,Imperial,025,180216,29369,29096,2780,31876,743
2021-07-28,Inyo,027,18085,1454,1439,14,1453,38
2021-07-28,Kern,029,883053,100178,98781,12008,110789,1352
2021-07-28,Kings,031,150075,23961,23503,1182,24685,248
2021-07-28,Lake,033,64148,4359,4191,15,4206,65
2021-07-28,Lassen,035,31185,5348,5318,120,5438,21
2021-07-28,Los Angeles,037,10098052,1263629,1245485,45667,1291152,24673
2021-07-28,Madera,039,155013,17351,17024,1024,18048,245
2021-07-28,Marin,041,260295,15011,14652,297,14949,239
2021-07-28,Mariposa,043,17540,479,469,11,480,5
2021-07-28,Mendocino,045,87422,4556,4377,93,4470,49
2021-07-28,Merced,047,269075,32127,31886,1123,33009,474
2021-07-28,Modoc,049,8938,425,413,148,561,5
2021-07-28,Mono,051,14174,1299,1286,18,1304,3
2021-07-28,Monterey,053,433212,43990,43668,1996,45664,524
2021-07-28,Napa,055,140530,10511,10376,50,10426,82
2021-07-28,Nevada,057,99092,5666,5320,206,5526,72
2021-07-28,Orange,059,3164182,266907,262735,12287,275022,5143
2021-07-28,Placer,061,380077,25736,24978,1901,26879,306
2021-07-28,Plumas,063,18699,763,754,14,768,5
2021-07-28,Riverside,065,2383286,305727,299611,14719,314330,4554
2021-07-28,Sacramento,067,1510023,117055,114665,2216,116881,1714
2021-07-28,San Benito,069,59416,6267,6236,117,6353,63
2021-07-28,San Bernardino,071,2135413,303828,300121,9458,309579,5236
2021-07-28,San Diego,073,3302833,298559,294176,17156,311332,3798
2021-07-28,San Francisco,075,870044,41673,40144,1552,41696,561
2021-07-28,San Joaquin,077,732212,77578,76312,3930,80242,1443
2021-07-28,San Luis Obispo,079,281455,22331,21865,813,22678,260
2021-07-28,San Mateo,081,765935,45220,44477,591,45068,547
2021-07-28,Santa Barbara,083,443738,35911,35431,1220,36651,467
2021-07-28,Santa Clara,085,1922200,124284,122345,863,123208,2099
2021-07-28,Santa Cruz,087,273765,16861,16551,831,17382,207
2021-07-28,Shasta,089,179085,13133,12882,1758,14640,212
2021-07-28,Sierra,091,2930,71,67,12,79,0
2021-07-28,Siskiyou,093,43540,2067,1971,438,2409,31
2021-07-28,Solano,095,438530,36026,35204,727,35931,262
2021-07-28,Sonoma,097,501317,33220,32434,393,32827,328
2021-07-28,Stanislaus,099,539301,59182,58427,6344,64771,1035
2021-07-28,Sutter,101,95872,10191,10033,105,10138,126
2021-07-28,Tehama,103,63373,5296,5209,614,5823,66
2021-07-28,Trinity,105,12862,511,352,115,467,3
2021-07-28,Tulare,107,460477,51345,50363,9635,59998,854
2021-07-28,Tuolumne,109,53932,4451,4313,44,4357,64
2021-07-28,Ventura,111,848112,84573,83360,3490,86850,1043
2021-07-28,Yolo,113,214977,15132,14801,478,15279,215
2021-07-28,Yuba,115,75493,6739,6591,146,6737,51
2021-07-27,Alameda,001,1643700,96645,94682,2213,96895,1256
2021-07-27,Alpine,003,1148,90,89,0,89,0
2021-07-27,Amador,005,37829,3921,3861,34,3895,48
2021-07-27,Butte,007,227075,13443,13127,2002,15129,205
2021-07-27,Calaveras,009,45235,2325,2280,15,2295,57
2021-07-27,Colusa,011,21464,2028,1999,353,2352,16
2021-07-27,Contra Costa,013,1133247,76981,75227,1530,76757,830
2021-07-27,Del Norte,015,27424,1649,1538,14,1552,8
2021-07-27,El Dorado,017,186661,11230,10941,866,11807,116
2021-07-27,Fresno,019,978130,106071,104288,9152,113440,1746
2021-07-27,Glenn,021,27897,2494,2460,588,3048,20
2021-07-27,Humboldt,023,135768,5117,4925,75,5000,52
2021-07-27,Imperial,025,180216,29324,29048,2779,31827,743
2021-07-27,Inyo,027,18085,1452,1430,14,1444,38
2021-07-27,Kern,029,883053,100008,98724,11952,110676,1352
2021-07-27,Kings,031,150075,23904,23463,1172,24635,248
2021-07-27,Lake,033,64148,4320,4157,15,4172,65
2021-07-27,Lassen,035,31185,5342,5315,120,5435,21
2021-07-27,Los Angeles,037,10098052,1260171,1243336,45456,1288792,24658
2021-07-27,Madera,039,155013,17298,16998,1018,18016,245
2021-07-27,Marin,041,260295,14963,14631,294,14925,239
2021-07-27,Mariposa,043,17540,476,468,11,479,5
2021-07-27,Mendocino,045,87422,4533,4371,93,4464,49
2021-07-27,Merced,047,269075,32060,31825,1120,32945,473
2021-07-27,Modoc,049,8938,424,413,148,561,5
2021-07-27,Mono,051,14174,1295,1288,18,1306,3
2021-07-27,Monterey,053,433212,43950,43646,1985,45631,523
2021-07-27,Napa,055,140530,10481,10354,50,10404,82
2021-07-27,Nevada,057,99092,5589,5305,204,5509,72
2021-07-27,Orange,059,3164182,266163,262193,12262,274455,5143
2021-07-27,Placer,061,380077,25577,24916,1875,26791,306
2021-07-27,Plumas,063,18699,760,752,14,766,5
2021-07-27,Riverside,065,2383286,304998,299160,14700,313860,4554
2021-07-27,Sacramento,067,1510023,116452,114413,2207,116620,1710
2021-07-27,San Benito,069,59416,6258,6229,117,6346,63
2021-07-27,San Bernardino,071,2135413,303140,299593,9436,309029,5236
2021-07-27,San Diego,073,3302833,297472,293408,17077,310485,3798
2021-07-27,San Francisco,075,870044,41315,39939,1534,41473,561
2021-07-27,San Joaquin,077,732212,77315,76166,3911,80077,1442
2021-07-27,San Luis Obispo,079,281455,22276,21803,804,22607,260
2021-07-27,San Mateo,081,765935,45069,44378,588,44966,547
2021-07-27,Santa Barbara,083,443738,35816,35355,1218,36573,467
2021-07-27,Santa Clara,085,1922200,123990,122154,861,123015,2099
2021-07-27,Santa Cruz,087,273765,16815,16523,830,17353,207
2021-07-27,Shasta,089,179085,13083,12846,1745,14591,212
2021-07-27,Sierra,091,2930,71,65,12,77,0
2021-07-27,Siskiyou,093,43540,2062,1964,435,2399,31
2021-07-27,Solano,095,438530,35894,35093,717,35810,261
2021-07-27,Sonoma,097,501317,33076,32367,391,32758,328
2021-07-27,Stanislaus,099,539301,59013,58333,6316,64649,1033
2021-07-27,Sutter,101,95872,10150,9998,105,10103,115
2021-07-27,Tehama,103,63373,5275,5192,612,5804,66
2021-07-27,Trinity,105,12862,510,351,115,466,3
2021-07-27,Tulare,107,460477,51279,50324,9604,59928,854
2021-07-27,Tuolumne,109,53932,4399,4282,44,4326,64
2021-07-27,Ventura,111,848112,84365,83189,3478,86667,1043
2021-07-27,Yolo,113,214977,15058,14759,473,15232,215
2021-07-27,Yuba,115,75493,6717,6564,144,6708,51
2021-07-26,Alameda,001,1643700,96202,94436,2207,96643,1259
2021-07-26,Alpine,003,1148,90,89,0,89,0
2021-07-26,Amador,005,37829,3911,3854,34,3888,48
2021-07-26,Butte,007,227075,13388,13082,1991,15073,203
2021-07-26,Calaveras,009,45235,2319,2276,15,2291,57
2021-07-26,Colusa,011,21464,2021,1996,351,2347,16
2021-07-26,Contra Costa,013,1133247,76484,74854,1523,76377,830
2021-07-26,Del Norte,015,27424,1628,1530,14,1544,8
2021-07-26,El Dorado,017,186661,11166,10899,863,11762,116
2021-07-26,Fresno,019,978130,105867,104143,9128,113271,1742
2021-07-26,Glenn,021,27897,2492,2461,587,3048,20
2021-07-26,Humboldt,023,135768,5078,4906,73,4979,52
2021-07-26,Imperial,025,180216,29284,29034,2779,31813,743
2021-07-26,Inyo,027,18085,1447,1429,14,1443,38
2021-07-26,Kern,029,883053,99842,98633,11887,110520,1351
2021-07-26,Kings,031,150075,23855,23426,1168,24594,247
2021-07-26,Lake,033,64148,4299,4133,15,4148,65
2021-07-26,Lassen,035,31185,5338,5314,120,5434,21
2021-07-26,Los Angeles,037,10098052,1256834,1241527,45284,1286811,24647
2021-07-26,Madera,039,155013,17270,16971,1011,17982,245
2021-07-26,Marin,041,260295,14906,14579,293,14872,239
2021-07-26,Mariposa,043,17540,475,467,11,478,5
2021-07-26,Mendocino,045,87422,4512,4354,93,4447,49
2021-07-26,Merced,047,269075,31969,31774,1116,32890,473
2021-07-26,Modoc,049,8938,424,413,148,561,5
2021-07-26,Mono,051,14174,1294,1286,18,1304,3
2021-07-26,Monterey,053,433212,43907,43595,1972,45567,521
2021-07-26,Napa,055,140530,10458,10332,50,10382,82
2021-07-26,Nevada,057,99092,5503,5280,204,5484,72
2021-07-26,Orange,059,3164182,265524,261803,12241,274044,5142
2021-07-26,Placer,061,380077,25441,24842,1854,26696,304
2021-07-26,Plumas,063,18699,756,750,14,764,5
2021-07-26,Riverside,065,2383286,304305,298626,14686,313312,4553
2021-07-26,Sacramento,067,1510023,115853,113986,2191,116177,1705
2021-07-26,San Benito,069,59416,6252,6222,117,6339,63
2021-07-26,San Bernardino,071,2135413,302525,299238,9424,308662,5237
2021-07-26,San Diego,073,3302833,296365,292688,16995,309683,3793
2021-07-26,San Francisco,075,870044,40954,39800,1508,41308,561
2021-07-26,San Joaquin,077,732212,77080,76033,3907,79940,1440
2021-07-26,San Luis Obispo,079,281455,22227,21752,801,22553,260
2021-07-26,San Mateo,081,765935,44921,44297,579,44876,547
2021-07-26,Santa Barbara,083,443738,35743,35311,1206,36517,467
2021-07-26,Santa Clara,085,1922200,123681,121978,852,122830,2099
2021-07-26,Santa Cruz,087,273765,16775,16493,827,17320,207
2021-07-26,Shasta,089,179085,13034,12819,1732,14551,211
2021-07-26,Sierra,091,2930,70,65,12,77,0
2021-07-26,Siskiyou,093,43540,2059,1962,433,2395,31
2021-07-26,Solano,095,438530,35739,34990,709,35699,259
2021-07-26,Sonoma,097,501317,32940,32283,389,32672,328
2021-07-26,Stanislaus,099,539301,58868,58219,6296,64515,1033
2021-07-26,Sutter,101,95872,10110,9963,102,10065,115
2021-07-26,Tehama,103,63373,5265,5183,608,5791,66
2021-07-26,Trinity,105,12862,510,351,114,465,3
2021-07-26,Tulare,107,460477,51213,50265,9573,59838,854
2021-07-26,Tuolumne,109,53932,4368,4271,44,4315,64
2021-07-26,Ventura,111,848112,84192,83072,3463,86535,1041
2021-07-26,Yolo,113,214977,14997,14727,461,15188,215
2021-07-26,Yuba,115,75493,6683,6538,142,6680,51
2021-07-25,Alameda,001,1643700,95709,94146,2201,96347,1259
2021-07-25,Alpine,003,1148,88,89,0,89,0
2021-07-25,Amador,005,37829,3896,3848,34,3882,48
2021-07-25,Butte,007,227075,13349,13074,1981,15055,203
2021-07-25,Calaveras,009,45235,2310,2275,15,2290,57
2021-07-25,Colusa,011,21464,2012,1996,347,2343,16
2021-07-25,Contra Costa,013,1133247,75999,74634,1509,76143,830
2021-07-25,Del Norte,015,27424,1607,1526,14,1540,8
2021-07-25,El Dorado,017,186661,11109,10878,860,11738,116
2021-07-25,Fresno,019,978130,105626,104019,9112,113131,1742
2021-07-25,Glenn,021,27897,2483,2461,585,3046,20
2021-07-25,Humboldt,023,135768,5019,4892,72,4964,52
2021-07-25,Imperial,025,180216,29247,29037,2779,31816,743
2021-07-25,Inyo,027,18085,1442,1427,14,1441,38
2021-07-25,Kern,029,883053,99670,98503,11816,110319,1351
2021-07-25,Kings,031,150075,23801,23396,1164,24560,247
2021-07-25,Lake,033,64148,4246,4109,14,4123,65
2021-07-25,Lassen,035,31185,5333,5314,120,5434,21
2021-07-25,Los Angeles,037,10098052,1253420,1239596,45088,1284684,24643
2021-07-25,Madera,039,155013,17233,16947,1004,17951,245
2021-07-25,Marin,041,260295,14856,14558,290,14848,239
2021-07-25,Mariposa,043,17540,472,465,11,476,5
2021-07-25,Mendocino,045,87422,4483,4335,91,4426,49
2021-07-25,Merced,047,269075,31896,31760,1114,32874,473
2021-07-25,Modoc,049,8938,424,413,148,561,5
2021-07-25,Mono,051,14174,1291,1286,18,1304,3
2021-07-25,Monterey,053,433212,43869,43590,1964,45554,521
2021-07-25,Napa,055,140530,10422,10316,49,10365,82
2021-07-25,Nevada,057,99092,5438,5256,201,5457,72
2021-07-25,Orange,059,3164182,264816,261351,12218,273569,5142
2021-07-25,Placer,061,380077,25319,24755,1833,26588,304
2021-07-25,Plumas,063,18699,754,750,14,764,5
2021-07-25,Riverside,065,2383286,303540,298181,14668,312849,4553
2021-07-25,Sacramento,067,1510023,115303,113611,2175,115786,1704
2021-07-25,San Benito,069,59416,6245,6217,117,6334,63
2021-07-25,San Bernardino,071,2135413,301865,298982,9418,308400,5237
2021-07-25,San Diego,073,3302833,295302,290626,16921,307547,3793
2021-07-25,San Francisco,075,870044,40604,39663,1482,41145,561
2021-07-25,San Joaquin,077,732212,76825,75926,3888,79814,1440
2021-07-25,San Luis Obispo,079,281455,22154,21741,798,22539,260
2021-07-25,San Mateo,081,765935,44758,44189,573,44762,547
2021-07-25,Santa Barbara,083,443738,35663,35261,1203,36464,467
2021-07-25,Santa Clara,085,1922200,123351,121800,847,122647,2099
2021-07-25,Santa Cruz,087,273765,16728,16474,826,17300,207
2021-07-25,Shasta,089,179085,12987,12815,1727,14542,211
2021-07-25,Sierra,091,2930,70,65,12,77,0
2021-07-25,Siskiyou,093,43540,2051,1963,430,2393,31
2021-07-25,Solano,095,438530,35547,34863,706,35569,259
2021-07-25,Sonoma,097,501317,32815,32202,386,32588,328
2021-07-25,Stanislaus,099,539301,58702,58154,6291,64445,1033
2021-07-25,Sutter,101,95872,10057,9937,100,10037,115
2021-07-25,Tehama,103,63373,5249,5181,607,5788,66
2021-07-25,Trinity,105,12862,508,351,112,463,3
2021-07-25,Tulare,107,460477,51138,50221,9535,59756,854
2021-07-25,Tuolumne,109,53932,4316,4267,44,4311,64
2021-07-25,Ventura,111,848112,83978,82986,3440,86426,1041
2021-07-25,Yolo,113,214977,14936,14693,447,15140,215
2021-07-25,Yuba,115,75493,6650,6519,142,6661,51
2021-07-24,Alameda,001,1643700,95432,93170,2197,95367,1259
2021-07-24,Alpine,003,1148,88,89,0,89,0
2021-07-24,Amador,005,37829,3887,3816,34,3850,48
2021-07-24,Butte,007,227075,13320,12982,1979,14961,203
2021-07-24,Calaveras,009,45235,2305,2267,15,2282,57
2021-07-24,Colusa,011,21464,2011,1992,345,2337,16
2021-07-24,Contra Costa,013,1133247,75771,73682,1506,75188,830
2021-07-24,Del Norte,015,27424,1596,1497,14,1511,8
2021-07-24,El Dorado,017,186661,11075,10773,857,11630,116
2021-07-24,Fresno,019,978130,105508,103637,9102,112739,1736
2021-07-24,Glenn,021,27897,2481,2457,585,3042,20
2021-07-24,Humboldt,023,135768,4984,4780,71,4851,52
2021-07-24,Imperial,025,180216,29227,28996,2779,31775,742
2021-07-24,Inyo,027,18085,1439,1424,14,1438,38
2021-07-24,Kern,029,883053,99592,98261,11794,110055,1350
2021-07-24,Kings,031,150075,23770,23304,1161,24465,246
2021-07-24,Lake,033,64148,4223,3963,14,3977,64
2021-07-24,Lassen,035,31185,5332,5311,120,5431,21
2021-07-24,Los Angeles,037,10098052,1251643,1232164,44956,1277120,24623
2021-07-24,Madera,039,155013,17209,16885,1002,17887,245
2021-07-24,Marin,041,260295,14817,14454,290,14744,238
2021-07-24,Mariposa,043,17540,472,453,11,464,5
2021-07-24,Mendocino,045,87422,4458,4293,91,4384,49
2021-07-24,Merced,047,269075,31874,31661,1113,32774,473
2021-07-24,Modoc,049,8938,424,413,148,561,5
2021-07-24,Mono,051,14174,1289,1284,18,1302,3
2021-07-24,Monterey,053,433212,43844,43525,1957,45482,521
2021-07-24,Napa,055,140530,10406,10230,49,10279,81
2021-07-24,Nevada,057,99092,5406,5183,201,5384,72
2021-07-24,Orange,059,3164182,264351,259973,12206,272179,5141
2021-07-24,Placer,061,380077,25236,24530,1828,26358,303
2021-07-24,Plumas,063,18699,753,737,14,751,4
2021-07-24,Riverside,065,2383286,303072,296912,14658,311570,4552
2021-07-24,Sacramento,067,1510023,114988,112438,2171,114609,1698
2021-07-24,San Benito,069,59416,6241,6200,116,6316,63
2021-07-24,San Bernardino,071,2135413,301474,297899,9409,307308,5236
2021-07-24,San Diego,073,3302833,294836,289368,16893,306261,3788
2021-07-24,San Francisco,075,870044,40430,38954,1466,40420,561
2021-07-24,San Joaquin,077,732212,76697,75461,3877,79338,1436
2021-07-24,San Luis Obispo,079,281455,22123,21616,796,22412,260
2021-07-24,San Mateo,081,765935,44641,43880,567,44447,542
2021-07-24,Santa Barbara,083,443738,35604,35071,1199,36270,465
2021-07-24,Santa Clara,085,1922200,123139,121092,846,121938,2099
2021-07-24,Santa Cruz,087,273765,16705,16416,826,17242,207
2021-07-24,Shasta,089,179085,12959,12759,1724,14483,211
2021-07-24,Sierra,091,2930,69,64,12,76,0
2021-07-24,Siskiyou,093,43540,2051,1951,430,2381,31
2021-07-24,Solano,095,438530,35455,34499,697,35196,259
2021-07-24,Sonoma,097,501317,32690,31928,384,32312,327
2021-07-24,Stanislaus,099,539301,58610,57879,6281,64160,1030
2021-07-24,Sutter,101,95872,10030,9890,100,9990,115
2021-07-24,Tehama,103,63373,5242,5166,605,5771,65
2021-07-24,Trinity,105,12862,508,345,112,457,3
2021-07-24,Tulare,107,460477,51095,50104,9517,59621,854
2021-07-24,Tuolumne,109,53932,4290,4216,44,4260,64
2021-07-24,Ventura,111,848112,83851,82687,3423,86110,1041
2021-07-24,Yolo,113,214977,14898,14557,444,15001,214
2021-07-24,Yuba,115,75493,6631,6449,142,6591,51
2021-07-23,Alameda,001,1643700,95180,93170,2192,95362,1259
2021-07-23,Alpine,003,1148,88,89,0,89,0
2021-07-23,Amador,005,37829,3880,3816,34,3850,48
2021-07-23,Butte,007,227075,13291,12982,1971,14953,203
2021-07-23,Calaveras,009,45235,2295,2267,15,2282,57
2021-07-23,Colusa,011,21464,2010,1992,345,2337,16
2021-07-23,Contra Costa,013,1133247,75511,73682,1496,75178,830
2021-07-23,Del Norte,015,27424,1588,1497,14,1511,8
2021-07-23,El Dorado,017,186661,11046,10773,853,11626,116
2021-07-23,Fresno,019,978130,105376,103637,9092,112729,1736
2021-07-23,Glenn,021,27897,2479,2457,582,3039,20
2021-07-23,Humboldt,023,135768,4962,4780,68,4848,52
2021-07-23,Imperial,025,180216,29215,28996,2779,31775,742
2021-07-23,Inyo,027,18085,1436,1424,14,1438,38
2021-07-23,Kern,029,883053,99510,98261,11768,110029,1350
2021-07-23,Kings,031,150075,23739,23304,1158,24462,246
2021-07-23,Lake,033,64148,4194,3963,14,3977,64
2021-07-23,Lassen,035,31185,5330,5311,120,5431,21
2021-07-23,Los Angeles,037,10098052,1249709,1232164,44845,1277009,24623
2021-07-23,Madera,039,155013,17179,16885,997,17882,245
2021-07-23,Marin,041,260295,14780,14454,288,14742,238
2021-07-23,Mariposa,043,17540,469,453,11,464,5
2021-07-23,Mendocino,045,87422,4445,4293,91,4384,49
2021-07-23,Merced,047,269075,31849,31661,1113,32774,473
2021-07-23,Modoc,049,8938,424,413,148,561,5
2021-07-23,Mono,051,14174,1288,1284,18,1302,3
2021-07-23,Monterey,053,433212,43818,43525,1957,45482,521
2021-07-23,Napa,055,140530,10385,10230,49,10279,81
2021-07-23,Nevada,057,99092,5362,5183,201,5384,72
2021-07-23,Orange,059,3164182,263901,259973,12183,272156,5141
2021-07-23,Placer,061,380077,25156,24530,1812,26342,303
2021-07-23,Plumas,063,18699,751,737,14,751,4
2021-07-23,Riverside,065,2383286,302606,296912,14646,311558,4552
2021-07-23,Sacramento,067,1510023,114634,112438,2169,114607,1698
2021-07-23,San Benito,069,59416,6235,6200,116,6316,63
2021-07-23,San Bernardino,071,2135413,301094,297899,9400,307299,5236
2021-07-23,San Diego,073,3302833,294230,289368,16845,306213,3788
2021-07-23,San Francisco,075,870044,40243,38954,1453,40407,561
2021-07-23,San Joaquin,077,732212,76593,75461,3862,79323,1436
2021-07-23,San Luis Obispo,079,281455,22084,21616,796,22412,260
2021-07-23,San Mateo,081,765935,44538,43880,562,44442,542
2021-07-23,Santa Barbara,083,443738,35539,35071,1198,36269,465
2021-07-23,Santa Clara,085,1922200,122920,121092,843,121935,2099
2021-07-23,Santa Cruz,087,273765,16680,16416,826,17242,207
2021-07-23,Shasta,089,179085,12932,12759,1721,14480,211
2021-07-23,Sierra,091,2930,69,64,12,76,0
2021-07-23,Siskiyou,093,43540,2049,1951,430,2381,31
2021-07-23,Solano,095,438530,35363,34499,693,35192,259
2021-07-23,Sonoma,097,501317,32595,31928,383,32311,327
2021-07-23,Stanislaus,099,539301,58534,57879,6272,64151,1030
2021-07-23,Sutter,101,95872,10001,9890,100,9990,115
2021-07-23,Tehama,103,63373,5233,5166,605,5771,65
2021-07-23,Trinity,105,12862,507,345,111,456,3
2021-07-23,Tulare,107,460477,51049,50104,9492,59596,854
2021-07-23,Tuolumne,109,53932,4268,4216,44,4260,64
2021-07-23,Ventura,111,848112,83689,82687,3405,86092,1041
2021-07-23,Yolo,113,214977,14861,14557,437,14994,214
2021-07-23,Yuba,115,75493,6605,6449,141,6590,51
2021-07-22,Alameda,001,1643700,94826,93170,2187,95357,1259
2021-07-22,Alpine,003,1148,88,89,0,89,0
2021-07-22,Amador,005,37829,3871,3816,34,3850,48
2021-07-22,Butte,007,227075,13257,12982,1962,14944,203
2021-07-22,Calaveras,009,45235,2285,2267,15,2282,57
2021-07-22,Colusa,011,21464,2008,1992,342,2334,16
2021-07-22,Contra Costa,013,1133247,75171,73682,1491,75173,830
2021-07-22,Del Norte,015,27424,1571,1497,14,1511,8
2021-07-22,El Dorado,017,186661,11011,10773,845,11618,116
2021-07-22,Fresno,019,978130,105247,103637,9082,112719,1736
2021-07-22,Glenn,021,27897,2475,2457,582,3039,20
2021-07-22,Humboldt,023,135768,4931,4780,66,4846,52
2021-07-22,Imperial,025,180216,29185,28996,2779,31775,742
2021-07-22,Inyo,027,18085,1434,1424,14,1438,38
2021-07-22,Kern,029,883053,99395,98261,11727,109988,1350
2021-07-22,Kings,031,150075,23700,23304,1156,24460,246
2021-07-22,Lake,033,64148,4143,3963,14,3977,64
2021-07-22,Lassen,035,31185,5327,5311,120,5431,21
2021-07-22,Los Angeles,037,10098052,1247284,1232164,44660,1276824,24623
2021-07-22,Madera,039,155013,17144,16885,995,17880,245
2021-07-22,Marin,041,260295,14739,14454,287,14741,238
2021-07-22,Mariposa,043,17540,462,453,11,464,5
2021-07-22,Mendocino,045,87422,4432,4293,90,4383,49
2021-07-22,Merced,047,269075,31807,31661,1111,32772,473
2021-07-22,Modoc,049,8938,424,413,148,561,5
2021-07-22,Mono,051,14174,1287,1284,18,1302,3
2021-07-22,Monterey,053,433212,43790,43525,1951,45476,521
2021-07-22,Napa,055,140530,10367,10230,49,10279,81
2021-07-22,Nevada,057,99092,5336,5183,200,5383,72
2021-07-22,Orange,059,3164182,263348,259973,12174,272147,5141
2021-07-22,Placer,061,380077,25062,24530,1801,26331,303
2021-07-22,Plumas,063,18699,750,737,14,751,4
2021-07-22,Riverside,065,2383286,302097,296912,14625,311537,4552
2021-07-22,Sacramento,067,1510023,114196,112438,2160,114598,1698
2021-07-22,San Benito,069,59416,6228,6200,116,6316,63
2021-07-22,San Bernardino,071,2135413,300691,297899,9384,307283,5236
2021-07-22,San Diego,073,3302833,293502,289368,16785,306153,3788
2021-07-22,San Francisco,075,870044,40030,38954,1441,40395,561
2021-07-22,San Joaquin,077,732212,76450,75461,3849,79310,1436
2021-07-22,San Luis Obispo,079,281455,22046,21616,792,22408,260
2021-07-22,San Mateo,081,765935,44426,43880,557,44437,542
2021-07-22,Santa Barbara,083,443738,35473,35071,1196,36267,465
2021-07-22,Santa Clara,085,1922200,122678,121092,840,121932,2099
2021-07-22,Santa Cruz,087,273765,16643,16416,825,17241,207
2021-07-22,Shasta,089,179085,12908,12759,1717,14476,211
2021-07-22,Sierra,091,2930,67,64,12,76,0
2021-07-22,Siskiyou,093,43540,2046,1951,430,2381,31
2021-07-22,Solano,095,438530,35217,34499,686,35185,259
2021-07-22,Sonoma,097,501317,32485,31928,381,32309,327
2021-07-22,Stanislaus,099,539301,58406,57879,6260,64139,1030
2021-07-22,Sutter,101,95872,9980,9890,100,9990,115
2021-07-22,Tehama,103,63373,5227,5166,605,5771,65
2021-07-22,Trinity,105,12862,507,345,111,456,3
2021-07-22,Tulare,107,460477,51006,50104,9464,59568,854
2021-07-22,Tuolumne,109,53932,4256,4216,44,4260,64
2021-07-22,Ventura,111,848112,83555,82687,3392,86079,1041
2021-07-22,Yolo,113,214977,14823,14557,436,14993,214
2021-07-22,Yuba,115,75493,6574,6449,138,6587,51
2021-07-21,Alameda,001,1643700,94506,92840,2183,95023,1256
2021-07-21,Alpine,003,1148,88,89,0,89,0
2021-07-21,Amador,005,37829,3858,3813,34,3847,48
2021-07-21,Butte,007,227075,13216,12939,1957,14896,203
2021-07-21,Calaveras,009,45235,2281,2257,15,2272,57
2021-07-21,Colusa,011,21464,2004,1988,341,2329,16
2021-07-21,Contra Costa,013,1133247,74907,73320,1482,74802,827
2021-07-21,Del Norte,015,27424,1561,1492,14,1506,8
2021-07-21,El Dorado,017,186661,10975,10742,841,11583,116
2021-07-21,Fresno,019,978130,105099,103504,9073,112577,1736
2021-07-21,Glenn,021,27897,2473,2455,581,3036,20
2021-07-21,Humboldt,023,135768,4899,4763,64,4827,52
2021-07-21,Imperial,025,180216,29173,28964,2776,31740,742
2021-07-21,Inyo,027,18085,1434,1423,14,1437,38
2021-07-21,Kern,029,883053,99277,98152,11686,109838,1350
2021-07-21,Kings,031,150075,23672,23270,1152,24422,246
2021-07-21,Lake,033,64148,4077,3896,14,3910,64
2021-07-21,Lassen,035,31185,5324,5310,120,5430,21
2021-07-21,Los Angeles,037,10098052,1244777,1229598,44522,1274120,24609
2021-07-21,Madera,039,155013,17120,16858,992,17850,245
2021-07-21,Marin,041,260295,14690,14427,287,14714,238
2021-07-21,Mariposa,043,17540,458,449,11,460,5
2021-07-21,Mendocino,045,87422,4414,4274,90,4364,49
2021-07-21,Merced,047,269075,31768,31607,1107,32714,473
2021-07-21,Modoc,049,8938,424,413,148,561,5
2021-07-21,Mono,051,14174,1284,1282,18,1300,3
2021-07-21,Monterey,053,433212,43760,43502,1947,45449,515
2021-07-21,Napa,055,140530,10341,10209,49,10258,81
2021-07-21,Nevada,057,99092,5301,5152,200,5352,72
2021-07-21,Orange,059,3164182,262795,259615,12143,271758,5139
2021-07-21,Placer,061,380077,24953,24441,1790,26231,303
2021-07-21,Plumas,063,18699,750,736,14,750,4
2021-07-21,Riverside,065,2383286,301584,296419,14608,311027,4552
2021-07-21,Sacramento,067,1510023,113774,112043,2149,114192,1696
2021-07-21,San Benito,069,59416,6218,6196,116,6312,63
2021-07-21,San Bernardino,071,2135413,300239,297519,9376,306895,5230
2021-07-21,San Diego,073,3302833,292651,288682,16722,305404,3787
2021-07-21,San Francisco,075,870044,39805,38699,1436,40135,559
2021-07-21,San Joaquin,077,732212,76261,75288,3837,79125,1434
2021-07-21,San Luis Obispo,079,281455,22009,21579,789,22368,260
2021-07-21,San Mateo,081,765935,44334,43755,553,44308,542
2021-07-21,Santa Barbara,083,443738,35414,34998,1180,36178,465
2021-07-21,Santa Clara,085,1922200,122468,120838,838,121676,2099
2021-07-21,Santa Cruz,087,273765,16609,16407,825,17232,207
2021-07-21,Shasta,089,179085,12875,12751,1714,14465,211
2021-07-21,Sierra,091,2930,67,64,12,76,0
2021-07-21,Siskiyou,093,43540,2044,1943,428,2371,31
2021-07-21,Solano,095,438530,35059,34374,681,35055,258
2021-07-21,Sonoma,097,501317,32369,31789,381,32170,327
2021-07-21,Stanislaus,099,539301,58304,57774,6250,64024,1028
2021-07-21,Sutter,101,95872,9956,9862,100,9962,113
2021-07-21,Tehama,103,63373,5223,5161,605,5766,65
2021-07-21,Trinity,105,12862,505,345,110,455,3
2021-07-21,Tulare,107,460477,50946,50066,9438,59504,854
2021-07-21,Tuolumne,109,53932,4219,4156,44,4200,64
2021-07-21,Ventura,111,848112,83433,82573,3380,85953,1041
2021-07-21,Yolo,113,214977,14781,14525,435,14960,213
2021-07-21,Yuba,115,75493,6546,6425,138,6563,52
2021-07-20,Alameda,001,1643700,94132,92625,2169,94794,1256
2021-07-20,Alpine,003,1148,88,89,0,89,0
2021-07-20,Amador,005,37829,3847,3807,34,3841,48
2021-07-20,Butte,007,227075,13179,12916,1952,14868,203
2021-07-20,Calaveras,009,45235,2278,2249,15,2264,57
2021-07-20,Colusa,011,21464,2004,1985,341,2326,16
2021-07-20,Contra Costa,013,1133247,74623,73143,1464,74607,825
2021-07-20,Del Norte,015,27424,1551,1490,14,1504,8
2021-07-20,El Dorado,017,186661,10935,10727,837,11564,116
2021-07-20,Fresno,019,978130,104963,103438,9054,112492,1736
2021-07-20,Glenn,021,27897,2473,2453,581,3034,20
2021-07-20,Humboldt,023,135768,4854,4735,62,4797,52
2021-07-20,Imperial,025,180216,29153,28933,2776,31709,742
2021-07-20,Inyo,027,18085,1430,1420,14,1434,36
2021-07-20,Kern,029,883053,99165,98082,11658,109740,1350
2021-07-20,Kings,031,150075,23631,23254,1148,24402,246
2021-07-20,Lake,033,64148,4052,3871,14,3885,64
2021-07-20,Lassen,035,31185,5324,5306,120,5426,21
2021-07-20,Los Angeles,037,10098052,1241984,1227404,44354,1271758,24603
2021-07-20,Madera,039,155013,17099,16856,988,17844,245
2021-07-20,Marin,041,260295,14654,14396,284,14680,234
2021-07-20,Mariposa,043,17540,456,448,11,459,5
2021-07-20,Mendocino,045,87422,4397,4259,90,4349,49
2021-07-20,Merced,047,269075,31729,31578,1100,32678,473
2021-07-20,Modoc,049,8938,424,413,148,561,5
2021-07-20,Mono,051,14174,1280,1281,18,1299,3
2021-07-20,Monterey,053,433212,43729,43481,1944,45425,515
2021-07-20,Napa,055,140530,10318,10191,49,10240,81
2021-07-20,Nevada,057,99092,5282,5148,199,5347,72
2021-07-20,Orange,059,3164182,262238,259303,12111,271414,5139
2021-07-20,Placer,061,380077,24861,24408,1767,26175,303
2021-07-20,Plumas,063,18699,748,736,14,750,4
2021-07-20,Riverside,065,2383286,301049,296118,14594,310712,4543
2021-07-20,Sacramento,067,1510023,113334,111796,2119,113915,1695
2021-07-20,San Benito,069,59416,6211,6196,116,6312,63
2021-07-20,San Bernardino,071,2135413,299828,297222,9351,306573,5231
2021-07-20,San Diego,073,3302833,291725,288209,16626,304835,3786
2021-07-20,San Francisco,075,870044,39546,38536,1425,39961,558
2021-07-20,San Joaquin,077,732212,76089,75198,3824,79022,1433
2021-07-20,San Luis Obispo,079,281455,21963,21556,788,22344,259
2021-07-20,San Mateo,081,765935,44216,43670,552,44222,542
2021-07-20,Santa Barbara,083,443738,35344,34935,1174,36109,462
2021-07-20,Santa Clara,085,1922200,122211,120704,835,121539,2098
2021-07-20,Santa Cruz,087,273765,16580,16399,825,17224,207
2021-07-20,Shasta,089,179085,12849,12734,1710,14444,211
2021-07-20,Sierra,091,2930,67,64,12,76,0
2021-07-20,Siskiyou,093,43540,2040,1931,427,2358,31
2021-07-20,Solano,095,438530,34924,34337,674,35011,258
2021-07-20,Sonoma,097,501317,32250,31763,380,32143,326
2021-07-20,Stanislaus,099,539301,58189,57706,6244,63950,1028
2021-07-20,Sutter,101,95872,9929,9854,97,9951,114
2021-07-20,Tehama,103,63373,5221,5153,605,5758,65
2021-07-20,Trinity,105,12862,503,344,109,453,3
2021-07-20,Tulare,107,460477,50904,50047,9421,59468,854
2021-07-20,Tuolumne,109,53932,4200,4156,44,4200,64
2021-07-20,Ventura,111,848112,83280,82504,3363,85867,1041
2021-07-20,Yolo,113,214977,14715,14495,432,14927,213
2021-07-20,Yuba,115,75493,6521,6393,135,6528,52
2021-07-19,Alameda,001,1643700,93758,92357,2153,94510,1256
2021-07-19,Alpine,003,1148,88,89,0,89,0
2021-07-19,Amador,005,37829,3843,3802,34,3836,48
2021-07-19,Butte,007,227075,13135,12901,1946,14847,202
2021-07-19,Calaveras,009,45235,2274,2245,15,2260,57
2021-07-19,Colusa,011,21464,2002,1981,340,2321,16
2021-07-19,Contra Costa,013,1133247,74310,72935,1444,74379,825
2021-07-19,Del Norte,015,27424,1538,1484,14,1498,8
2021-07-19,El Dorado,017,186661,10905,10703,829,11532,114
2021-07-19,Fresno,019,978130,104833,103350,9041,112391,1731
2021-07-19,Glenn,021,27897,2473,2452,580,3032,20
2021-07-19,Humboldt,023,135768,4824,4719,60,4779,52
2021-07-19,Imperial,025,180216,29126,28888,2775,31663,742
2021-07-19,Inyo,027,18085,1429,1417,14,1431,36
2021-07-19,Kern,029,883053,99051,97999,11624,109623,1349
2021-07-19,Kings,031,150075,23601,23221,1142,24363,246
2021-07-19,Lake,033,64148,4016,3848,14,3862,64
2021-07-19,Lassen,035,31185,5323,5305,120,5425,21
2021-07-19,Los Angeles,037,10098052,1239385,1225946,44159,1270105,24600
2021-07-19,Madera,039,155013,17076,16846,985,17831,244
2021-07-19,Marin,041,260295,14619,14369,281,14650,234
2021-07-19,Mariposa,043,17540,450,447,11,458,5
2021-07-19,Mendocino,045,87422,4379,4251,90,4341,49
2021-07-19,Merced,047,269075,31665,31565,1093,32658,472
2021-07-19,Modoc,049,8938,423,413,148,561,5
2021-07-19,Mono,051,14174,1278,1280,18,1298,3
2021-07-19,Monterey,053,433212,43705,43436,1943,45379,515
2021-07-19,Napa,055,140530,10293,10180,47,10227,81
2021-07-19,Nevada,057,99092,5254,5133,198,5331,72
2021-07-19,Orange,059,3164182,261715,258927,12079,271006,5138
2021-07-19,Placer,061,380077,24762,24359,1745,26104,303
2021-07-19,Plumas,063,18699,748,730,14,744,4
2021-07-19,Riverside,065,2383286,300559,295736,14556,310292,4543
2021-07-19,Sacramento,067,1510023,112970,111470,2095,113565,1696
2021-07-19,San Benito,069,59416,6208,6193,116,6309,63
2021-07-19,San Bernardino,071,2135413,299456,296929,9333,306262,5235
2021-07-19,San Diego,073,3302833,290828,287695,16521,304216,3786
2021-07-19,San Francisco,075,870044,39274,38463,1412,39875,560
2021-07-19,San Joaquin,077,732212,75924,75086,3818,78904,1431
2021-07-19,San Luis Obispo,079,281455,21918,21531,784,22315,259
2021-07-19,San Mateo,081,765935,44074,43563,543,44106,542
2021-07-19,Santa Barbara,083,443738,35272,34904,1172,36076,461
2021-07-19,Santa Clara,085,1922200,121953,120554,834,121388,2098
2021-07-19,Santa Cruz,087,273765,16564,16387,825,17212,207
2021-07-19,Shasta,089,179085,12831,12723,1708,14431,209
2021-07-19,Sierra,091,2930,66,64,12,76,0
2021-07-19,Siskiyou,093,43540,2035,1927,425,2352,31
2021-07-19,Solano,095,438530,34749,34262,663,34925,261
2021-07-19,Sonoma,097,501317,32129,31713,379,32092,325
2021-07-19,Stanislaus,099,539301,58088,57644,6234,63878,1027
2021-07-19,Sutter,101,95872,9913,9834,97,9931,114
2021-07-19,Tehama,103,63373,5215,5152,603,5755,65
2021-07-19,Trinity,105,12862,503,344,108,452,3
2021-07-19,Tulare,107,460477,50857,49994,9404,59398,855
2021-07-19,Tuolumne,109,53932,4190,4151,44,4195,64
2021-07-19,Ventura,111,848112,83184,82409,3341,85750,1041
2021-07-19,Yolo,113,214977,14683,14439,430,14869,213
2021-07-19,Yuba,115,75493,6497,6370,135,6505,52
2021-07-18,Alameda,001,1643700,93402,92162,2140,94302,1256
2021-07-18,Alpine,003,1148,88,89,0,89,0
2021-07-18,Amador,005,37829,3832,3799,34,3833,48
2021-07-18,Butte,007,227075,13092,12888,1941,14829,202
2021-07-18,Calaveras,009,45235,2271,2243,15,2258,57
2021-07-18,Colusa,011,21464,2002,1981,339,2320,16
2021-07-18,Contra Costa,013,1133247,73994,72849,1426,74275,825
2021-07-18,Del Norte,015,27424,1529,1482,14,1496,8
2021-07-18,El Dorado,017,186661,10867,10687,821,11508,114
2021-07-18,Fresno,019,978130,104679,103298,9023,112321,1731
2021-07-18,Glenn,021,27897,2472,2452,579,3031,20
2021-07-18,Humboldt,023,135768,4788,4714,60,4774,52
2021-07-18,Imperial,025,180216,29089,28877,2774,31651,742
2021-07-18,Inyo,027,18085,1425,1417,14,1431,36
2021-07-18,Kern,029,883053,98925,97963,11582,109545,1349
2021-07-18,Kings,031,150075,23580,23203,1138,24341,246
2021-07-18,Lake,033,64148,3980,3825,14,3839,64
2021-07-18,Lassen,035,31185,5323,5305,120,5425,21
2021-07-18,Los Angeles,037,10098052,1236696,1224691,43968,1268659,24598
2021-07-18,Madera,039,155013,17051,16838,981,17819,244
2021-07-18,Marin,041,260295,14583,14358,279,14637,234
2021-07-18,Mariposa,043,17540,449,447,11,458,5
2021-07-18,Mendocino,045,87422,4358,4246,90,4336,49
2021-07-18,Merced,047,269075,31634,31537,1091,32628,471
2021-07-18,Modoc,049,8938,423,413,148,561,5
2021-07-18,Mono,051,14174,1277,1280,18,1298,3
2021-07-18,Monterey,053,433212,43687,43422,1934,45356,515
2021-07-18,Napa,055,140530,10276,10174,44,10218,81
2021-07-18,Nevada,057,99092,5228,5124,198,5322,72
2021-07-18,Orange,059,3164182,261230,258724,12049,270773,5138
2021-07-18,Placer,061,380077,24695,24313,1718,26031,303
2021-07-18,Plumas,063,18699,748,730,14,744,4
2021-07-18,Riverside,065,2383286,300067,295522,14514,310036,4543
2021-07-18,Sacramento,067,1510023,112538,111255,2063,113318,1696
2021-07-18,San Benito,069,59416,6200,6191,116,6307,63
2021-07-18,San Bernardino,071,2135413,298982,296739,9318,306057,5233
2021-07-18,San Diego,073,3302833,290011,286287,16437,302724,3786
2021-07-18,San Francisco,075,870044,39040,38367,1401,39768,560
2021-07-18,San Joaquin,077,732212,75747,74997,3805,78802,1431
2021-07-18,San Luis Obispo,079,281455,21883,21527,781,22308,259
2021-07-18,San Mateo,081,765935,43961,43506,537,44043,542
2021-07-18,Santa Barbara,083,443738,35207,34880,1170,36050,461
2021-07-18,Santa Clara,085,1922200,121739,120438,827,121265,2098
2021-07-18,Santa Cruz,087,273765,16532,16372,824,17196,207
2021-07-18,Shasta,089,179085,12806,12714,1704,14418,209
2021-07-18,Sierra,091,2930,66,64,12,76,0
2021-07-18,Siskiyou,093,43540,2029,1927,420,2347,31
2021-07-18,Solano,095,438530,34621,34215,659,34874,261
2021-07-18,Sonoma,097,501317,32024,31675,378,32053,325
2021-07-18,Stanislaus,099,539301,57977,57600,6209,63809,1028
2021-07-18,Sutter,101,95872,9881,9826,97,9923,114
2021-07-18,Tehama,103,63373,5212,5150,602,5752,65
2021-07-18,Trinity,105,12862,503,344,108,452,3
2021-07-18,Tulare,107,460477,50804,49985,9381,59366,855
2021-07-18,Tuolumne,109,53932,4172,4149,44,4193,64
2021-07-18,Ventura,111,848112,83070,82361,3317,85678,1041
2021-07-18,Yolo,113,214977,14624,14425,424,14849,213
2021-07-18,Yuba,115,75493,6456,6357,135,6492,52
2021-07-17,Alameda,001,1643700,93185,91346,2128,93474,1255
2021-07-17,Alpine,003,1148,88,89,0,89,0
2021-07-17,Amador,005,37829,3823,3785,34,3819,48
2021-07-17,Butte,007,227075,13078,12824,1936,14760,202
2021-07-17,Calaveras,009,45235,2265,2237,15,2252,57
2021-07-17,Colusa,011,21464,1999,1976,339,2315,16
2021-07-17,Contra Costa,013,1133247,73812,72254,1413,73667,824
2021-07-17,Del Norte,015,27424,1521,1475,14,1489,8
2021-07-17,El Dorado,017,186661,10840,10622,817,11439,114
2021-07-17,Fresno,019,978130,104606,103055,9009,112064,1730
2021-07-17,Glenn,021,27897,2471,2451,579,3030,20
2021-07-17,Humboldt,023,135768,4775,4654,59,4713,52
2021-07-17,Imperial,025,180216,29073,28840,2774,31614,742
2021-07-17,Inyo,027,18085,1425,1416,14,1430,36
2021-07-17,Kern,029,883053,98868,97796,11545,109341,1348
2021-07-17,Kings,031,150075,23560,23163,1137,24300,246
2021-07-17,Lake,033,64148,3955,3760,14,3774,64
2021-07-17,Lassen,035,31185,5323,5302,120,5422,21
2021-07-17,Los Angeles,037,10098052,1235171,1219733,43825,1263558,24582
2021-07-17,Madera,039,155013,17043,16804,981,17785,240
2021-07-17,Marin,041,260295,14565,14297,277,14574,234
2021-07-17,Mariposa,043,17540,449,445,11,456,5
2021-07-17,Mendocino,045,87422,4346,4209,90,4299,49
2021-07-17,Merced,047,269075,31613,31451,1087,32538,471
2021-07-17,Modoc,049,8938,423,412,148,560,5
2021-07-17,Mono,051,14174,1275,1277,18,1295,3
2021-07-17,Monterey,053,433212,43664,43367,1929,45296,515
2021-07-17,Napa,055,140530,10260,10129,44,10173,81
2021-07-17,Nevada,057,99092,5213,5066,198,5264,72
2021-07-17,Orange,059,3164182,260923,257805,12010,269815,5136
2021-07-17,Placer,061,380077,24628,24169,1704,25873,303
2021-07-17,Plumas,063,18699,743,721,14,735,4
2021-07-17,Riverside,065,2383286,299760,294751,14482,309233,4542
2021-07-17,Sacramento,067,1510023,112303,110432,2041,112473,1694
2021-07-17,San Benito,069,59416,6194,6181,116,6297,63
2021-07-17,San Bernardino,071,2135413,298746,296048,9299,305347,5218
2021-07-17,San Diego,073,3302833,289604,285698,16369,302067,3786
2021-07-17,San Francisco,075,870044,38918,37978,1397,39375,560
2021-07-17,San Joaquin,077,732212,75660,74695,3799,78494,1430
2021-07-17,San Luis Obispo,079,281455,21856,21462,781,22243,258
2021-07-17,San Mateo,081,765935,43890,43324,536,43860,542
2021-07-17,Santa Barbara,083,443738,35166,34769,1167,35936,461
2021-07-17,Santa Clara,085,1922200,121567,119980,824,120804,2097
2021-07-17,Santa Cruz,087,273765,16525,16337,824,17161,207
2021-07-17,Shasta,089,179085,12791,12683,1699,14382,210
2021-07-17,Sierra,091,2930,66,62,12,74,0
2021-07-17,Siskiyou,093,43540,2024,1922,417,2339,29
2021-07-17,Solano,095,438530,34556,34015,651,34666,263
2021-07-17,Sonoma,097,501317,31956,31536,377,31913,322
2021-07-17,Stanislaus,099,539301,57900,57400,6195,63595,1028
2021-07-17,Sutter,101,95872,9871,9778,97,9875,114
2021-07-17,Tehama,103,63373,5209,5145,602,5747,64
2021-07-17,Trinity,105,12862,502,341,108,449,3
2021-07-17,Tulare,107,460477,50783,49937,9369,59306,854
2021-07-17,Tuolumne,109,53932,4162,4131,44,4175,64
2021-07-17,Ventura,111,848112,83001,82125,3306,85431,1041
2021-07-17,Yolo,113,214977,14592,14356,417,14773,213
2021-07-17,Yuba,115,75493,6445,6309,135,6444,52
2021-07-16,Alameda,001,1643700,92946,91346,2116,93462,1255
2021-07-16,Alpine,003,1148,88,89,0,89,0
2021-07-16,Amador,005,37829,3820,3785,34,3819,48
2021-07-16,Butte,007,227075,13053,12824,1933,14757,202
2021-07-16,Calaveras,009,45235,2264,2237,15,2252,57
2021-07-16,Colusa,011,21464,1997,1976,338,2314,16
2021-07-16,Contra Costa,013,1133247,73623,72254,1409,73663,824
2021-07-16,Del Norte,015,27424,1519,1475,14,1489,8
2021-07-16,El Dorado,017,186661,10821,10622,816,11438,114
2021-07-16,Fresno,019,978130,104554,103055,8989,112044,1730
2021-07-16,Glenn,021,27897,2471,2451,579,3030,20
2021-07-16,Humboldt,023,135768,4753,4654,59,4713,52
2021-07-16,Imperial,025,180216,29061,28840,2774,31614,742
2021-07-16,Inyo,027,18085,1423,1416,14,1430,36
2021-07-16,Kern,029,883053,98806,97796,11505,109301,1348
2021-07-16,Kings,031,150075,23535,23163,1135,24298,246
2021-07-16,Lake,033,64148,3928,3760,14,3774,64
2021-07-16,Lassen,035,31185,5322,5302,120,5422,21
2021-07-16,Los Angeles,037,10098052,1233670,1219733,43680,1263413,24582
2021-07-16,Madera,039,155013,17025,16804,981,17785,240
2021-07-16,Marin,041,260295,14541,14297,274,14571,234
2021-07-16,Mariposa,043,17540,449,445,11,456,5
2021-07-16,Mendocino,045,87422,4337,4209,89,4298,49
2021-07-16,Merced,047,269075,31591,31451,1085,32536,471
2021-07-16,Modoc,049,8938,423,412,148,560,5
2021-07-16,Mono,051,14174,1274,1277,18,1295,3
2021-07-16,Monterey,053,433212,43642,43367,1928,45295,515
2021-07-16,Napa,055,140530,10236,10129,43,10172,81
2021-07-16,Nevada,057,99092,5203,5066,198,5264,72
2021-07-16,Orange,059,3164182,260651,257805,11970,269775,5136
2021-07-16,Placer,061,380077,24575,24169,1699,25868,303
2021-07-16,Plumas,063,18699,742,721,14,735,4
2021-07-16,Riverside,065,2383286,299484,294751,14456,309207,4542
2021-07-16,Sacramento,067,1510023,112086,110432,2028,112460,1694
2021-07-16,San Benito,069,59416,6192,6181,116,6297,63
2021-07-16,San Bernardino,071,2135413,298468,296048,9282,305330,5218
2021-07-16,San Diego,073,3302833,289161,285698,16322,302020,3786
2021-07-16,San Francisco,075,870044,38801,37978,1392,39370,560
2021-07-16,San Joaquin,077,732212,75565,74695,3796,78491,1430
2021-07-16,San Luis Obispo,079,281455,21839,21462,781,22243,258
2021-07-16,San Mateo,081,765935,43837,43324,535,43859,542
2021-07-16,Santa Barbara,083,443738,35128,34769,1167,35936,461
2021-07-16,Santa Clara,085,1922200,121420,119980,816,120796,2097
2021-07-16,Santa Cruz,087,273765,16512,16337,824,17161,207
2021-07-16,Shasta,089,179085,12781,12683,1698,14381,210
2021-07-16,Sierra,091,2930,66,62,12,74,0
2021-07-16,Siskiyou,093,43540,2022,1922,415,2337,29
2021-07-16,Solano,095,438530,34489,34015,643,34658,263
2021-07-16,Sonoma,097,501317,31904,31536,374,31910,322
2021-07-16,Stanislaus,099,539301,57850,57400,6185,63585,1028
2021-07-16,Sutter,101,95872,9859,9778,97,9875,114
2021-07-16,Tehama,103,63373,5207,5145,602,5747,64
2021-07-16,Trinity,105,12862,502,341,107,448,3
2021-07-16,Tulare,107,460477,50759,49937,9359,59296,854
2021-07-16,Tuolumne,109,53932,4156,4131,44,4175,64
2021-07-16,Ventura,111,848112,82936,82125,3299,85424,1041
2021-07-16,Yolo,113,214977,14566,14356,413,14769,213
2021-07-16,Yuba,115,75493,6423,6309,134,6443,52
2021-07-15,Alameda,001,1643700,92650,91346,2106,93452,1255
2021-07-15,Alpine,003,1148,88,89,0,89,0
2021-07-15,Amador,005,37829,3817,3785,34,3819,48
2021-07-15,Butte,007,227075,13027,12824,1931,14755,202
2021-07-15,Calaveras,009,45235,2261,2237,15,2252,57
2021-07-15,Colusa,011,21464,1996,1976,337,2313,16
2021-07-15,Contra Costa,013,1133247,73410,72254,1402,73656,824
2021-07-15,Del Norte,015,27424,1516,1475,14,1489,8
2021-07-15,El Dorado,017,186661,10794,10622,814,11436,114
2021-07-15,Fresno,019,978130,104457,103055,8969,112024,1730
2021-07-15,Glenn,021,27897,2471,2451,579,3030,20
2021-07-15,Humboldt,023,135768,4735,4654,58,4712,52
2021-07-15,Imperial,025,180216,29038,28840,2774,31614,742
2021-07-15,Inyo,027,18085,1423,1416,14,1430,36
2021-07-15,Kern,029,883053,98736,97796,11477,109273,1348
2021-07-15,Kings,031,150075,23497,23163,1132,24295,246
2021-07-15,Lake,033,64148,3889,3760,14,3774,64
2021-07-15,Lassen,035,31185,5321,5302,120,5422,21
2021-07-15,Los Angeles,037,10098052,1231691,1219733,43521,1263254,24582
2021-07-15,Madera,039,155013,17003,16804,977,17781,240
2021-07-15,Marin,041,260295,14516,14297,274,14571,234
2021-07-15,Mariposa,043,17540,449,445,11,456,5
2021-07-15,Mendocino,045,87422,4329,4209,88,4297,49
2021-07-15,Merced,047,269075,31561,31451,1085,32536,471
2021-07-15,Modoc,049,8938,423,412,148,560,5
2021-07-15,Mono,051,14174,1274,1277,18,1295,3
2021-07-15,Monterey,053,433212,43613,43367,1925,45292,515
2021-07-15,Napa,055,140530,10211,10129,42,10171,81
2021-07-15,Nevada,057,99092,5186,5066,197,5263,72
2021-07-15,Orange,059,3164182,260300,257805,11939,269744,5136
2021-07-15,Placer,061,380077,24515,24169,1682,25851,303
2021-07-15,Plumas,063,18699,741,721,14,735,4
2021-07-15,Riverside,065,2383286,299162,294751,14441,309192,4542
2021-07-15,Sacramento,067,1510023,111782,110432,2011,112443,1694
2021-07-15,San Benito,069,59416,6190,6181,116,6297,63
2021-07-15,San Bernardino,071,2135413,298163,296048,9267,305315,5218
2021-07-15,San Diego,073,3302833,288523,285698,16244,301942,3786
2021-07-15,San Francisco,075,870044,38649,37978,1384,39362,560
2021-07-15,San Joaquin,077,732212,75448,74695,3791,78486,1430
2021-07-15,San Luis Obispo,079,281455,21807,21462,781,22243,258
2021-07-15,San Mateo,081,765935,43733,43324,530,43854,542
2021-07-15,Santa Barbara,083,443738,35072,34769,1166,35935,461
2021-07-15,Santa Clara,085,1922200,121298,119980,813,120793,2097
2021-07-15,Santa Cruz,087,273765,16499,16337,824,17161,207
2021-07-15,Shasta,089,179085,12773,12683,1694,14377,210
2021-07-15,Sierra,091,2930,66,62,12,74,0
2021-07-15,Siskiyou,093,43540,2021,1922,415,2337,29
2021-07-15,Solano,095,438530,34414,34015,637,34652,263
2021-07-15,Sonoma,097,501317,31843,31536,374,31910,322
2021-07-15,Stanislaus,099,539301,57781,57400,6172,63572,1028
2021-07-15,Sutter,101,95872,9839,9778,96,9874,114
2021-07-15,Tehama,103,63373,5201,5145,601,5746,64
2021-07-15,Trinity,105,12862,502,341,107,448,3
2021-07-15,Tulare,107,460477,50739,49937,9342,59279,854
2021-07-15,Tuolumne,109,53932,4144,4131,44,4175,64
2021-07-15,Ventura,111,848112,82859,82125,3294,85419,1041
2021-07-15,Yolo,113,214977,14539,14356,412,14768,213
2021-07-15,Yuba,115,75493,6408,6309,133,6442,52
2021-07-14,Alameda,001,1643700,92389,91092,2088,93180,1255
2021-07-14,Alpine,003,1148,88,89,0,89,0
2021-07-14,Amador,005,37829,3809,3784,34,3818,48
2021-07-14,Butte,007,227075,13000,12813,1924,14737,202
2021-07-14,Calaveras,009,45235,2254,2234,15,2249,57
2021-07-14,Colusa,011,21464,1993,1974,337,2311,16
2021-07-14,Contra Costa,013,1133247,73183,72091,1390,73481,823
2021-07-14,Del Norte,015,27424,1515,1472,14,1486,8
2021-07-14,El Dorado,017,186661,10768,10598,811,11409,114
2021-07-14,Fresno,019,978130,104377,102966,8958,111924,1728
2021-07-14,Glenn,021,27897,2471,2449,579,3028,20
2021-07-14,Humboldt,023,135768,4712,4644,56,4700,52
2021-07-14,Imperial,025,180216,29009,28822,2774,31596,742
2021-07-14,Inyo,027,18085,1422,1415,14,1429,36
2021-07-14,Kern,029,883053,98672,97736,11452,109188,1346
2021-07-14,Kings,031,150075,23484,23142,1132,24274,246
2021-07-14,Lake,033,64148,3856,3739,14,3753,63
2021-07-14,Lassen,035,31185,5320,5298,120,5418,21
2021-07-14,Los Angeles,037,10098052,1229680,1218265,43378,1261643,24578
2021-07-14,Madera,039,155013,16991,16786,975,17761,240
2021-07-14,Marin,041,260295,14482,14269,272,14541,233
2021-07-14,Mariposa,043,17540,447,445,11,456,5
2021-07-14,Mendocino,045,87422,4316,4193,88,4281,49
2021-07-14,Merced,047,269075,31524,31412,1081,32493,471
2021-07-14,Modoc,049,8938,423,412,148,560,4
2021-07-14,Mono,051,14174,1274,1278,18,1296,3
2021-07-14,Monterey,053,433212,43589,43347,1923,45270,504
2021-07-14,Napa,055,140530,10189,10121,42,10163,81
2021-07-14,Nevada,057,99092,5166,5058,197,5255,72
2021-07-14,Orange,059,3164182,259983,257558,11909,269467,5137
2021-07-14,Placer,061,380077,24462,24125,1670,25795,303
2021-07-14,Plumas,063,18699,734,719,14,733,4
2021-07-14,Riverside,065,2383286,298838,294511,14425,308936,4542
2021-07-14,Sacramento,067,1510023,111454,110193,1987,112180,1688
2021-07-14,San Benito,069,59416,6187,6177,116,6293,63
2021-07-14,San Bernardino,071,2135413,297863,295820,9252,305072,5193
2021-07-14,San Diego,073,3302833,287951,285269,16164,301433,3786
2021-07-14,San Francisco,075,870044,38510,37836,1378,39214,559
2021-07-14,San Joaquin,077,732212,75356,74599,3782,78381,1416
2021-07-14,San Luis Obispo,079,281455,21785,21444,779,22223,258
2021-07-14,San Mateo,081,765935,43634,43249,526,43775,542
2021-07-14,Santa Barbara,083,443738,35030,34719,1164,35883,461
2021-07-14,Santa Clara,085,1922200,121148,119844,810,120654,2098
2021-07-14,Santa Cruz,087,273765,16487,16326,824,17150,207
2021-07-14,Shasta,089,179085,12753,12669,1691,14360,209
2021-07-14,Sierra,091,2930,66,62,12,74,0
2021-07-14,Siskiyou,093,43540,2014,1922,412,2334,29
2021-07-14,Solano,095,438530,34341,33948,637,34585,268
2021-07-14,Sonoma,097,501317,31791,31470,374,31844,322
2021-07-14,Stanislaus,099,539301,57706,57340,6160,63500,1028
2021-07-14,Sutter,101,95872,9817,9766,96,9862,114
2021-07-14,Tehama,103,63373,5199,5142,601,5743,64
2021-07-14,Trinity,105,12862,502,341,107,448,3
2021-07-14,Tulare,107,460477,50722,49908,9328,59236,853
2021-07-14,Tuolumne,109,53932,4141,4128,43,4171,64
2021-07-14,Ventura,111,848112,82765,82041,3283,85324,1040
2021-07-14,Yolo,113,214977,14506,14332,409,14741,213
2021-07-14,Yuba,115,75493,6390,6294,133,6427,52
2021-07-13,Alameda,001,1643700,92124,90874,2078,92952,1255
2021-07-13,Alpine,003,1148,88,89,0,89,0
2021-07-13,Amador,005,37829,3802,3783,34,3817,48
2021-07-13,Butte,007,227075,12986,12802,1923,14725,202
2021-07-13,Calaveras,009,45235,2250,2230,15,2245,57
2021-07-13,Colusa,011,21464,1991,1972,333,2305,16
2021-07-13,Contra Costa,013,1133247,72957,71963,1381,73344,823
2021-07-13,Del Norte,015,27424,1511,1471,14,1485,8
2021-07-13,El Dorado,017,186661,10750,10581,808,11389,114
2021-07-13,Fresno,019,978130,104301,102909,8948,111857,1727
2021-07-13,Glenn,021,27897,2469,2448,579,3027,20
2021-07-13,Humboldt,023,135768,4697,4634,56,4690,51
2021-07-13,Imperial,025,180216,28998,28792,2774,31566,741
2021-07-13,Inyo,027,18085,1421,1415,14,1429,36
2021-07-13,Kern,029,883053,98583,97698,11413,109111,1346
2021-07-13,Kings,031,150075,23466,23132,1132,24264,246
2021-07-13,Lake,033,64148,3829,3719,13,3732,63
2021-07-13,Lassen,035,31185,5318,5292,120,5412,21
2021-07-13,Los Angeles,037,10098052,1227831,1217184,43209,1260393,24569
2021-07-13,Madera,039,155013,16981,16773,971,17744,240
2021-07-13,Marin,041,260295,14453,14254,271,14525,233
2021-07-13,Mariposa,043,17540,446,443,11,454,5
2021-07-13,Mendocino,045,87422,4309,4185,88,4273,49
2021-07-13,Merced,047,269075,31503,31379,1078,32457,471
2021-07-13,Modoc,049,8938,423,411,148,559,4
2021-07-13,Mono,051,14174,1273,1277,18,1295,3
2021-07-13,Monterey,053,433212,43571,43333,1919,45252,504
2021-07-13,Napa,055,140530,10168,10118,42,10160,81
2021-07-13,Nevada,057,99092,5141,5053,197,5250,72
2021-07-13,Orange,059,3164182,259653,257339,11880,269219,5136
2021-07-13,Placer,061,380077,24416,24091,1657,25748,303
2021-07-13,Plumas,063,18699,733,716,14,730,4
2021-07-13,Riverside,065,2383286,298515,294302,14398,308700,4541
2021-07-13,Sacramento,067,1510023,111144,109990,1964,111954,1687
2021-07-13,San Benito,069,59416,6185,6173,116,6289,63
2021-07-13,San Bernardino,071,2135413,297587,295596,9230,304826,5183
2021-07-13,San Diego,073,3302833,287403,284997,16085,301082,3785
2021-07-13,San Francisco,075,870044,38366,37725,1372,39097,559
2021-07-13,San Joaquin,077,732212,75240,74500,3779,78279,1417
2021-07-13,San Luis Obispo,079,281455,21759,21423,776,22199,258
2021-07-13,San Mateo,081,765935,43565,43180,525,43705,542
2021-07-13,Santa Barbara,083,443738,34981,34679,1161,35840,461
2021-07-13,Santa Clara,085,1922200,120995,119727,806,120533,2098
2021-07-13,Santa Cruz,087,273765,16478,16315,822,17137,207
2021-07-13,Shasta,089,179085,12740,12659,1684,14343,209
2021-07-13,Sierra,091,2930,66,62,12,74,0
2021-07-13,Siskiyou,093,43540,2013,1916,410,2326,29
2021-07-13,Solano,095,438530,34276,33918,631,34549,268
2021-07-13,Sonoma,097,501317,31732,31431,374,31805,322
2021-07-13,Stanislaus,099,539301,57636,57282,6145,63427,1028
2021-07-13,Sutter,101,95872,9799,9752,95,9847,114
2021-07-13,Tehama,103,63373,5192,5144,601,5745,64
2021-07-13,Trinity,105,12862,502,341,106,447,3
2021-07-13,Tulare,107,460477,50697,49891,9312,59203,853
2021-07-13,Tuolumne,109,53932,4133,4122,42,4164,64
2021-07-13,Ventura,111,848112,82680,81982,3258,85240,1040
2021-07-13,Yolo,113,214977,14478,14320,402,14722,213
2021-07-13,Yuba,115,75493,6373,6279,133,6412,52
2021-07-12,Alameda,001,1643700,91864,90720,2071,92791,1254
2021-07-12,Alpine,003,1148,88,89,0,89,0
2021-07-12,Amador,005,37829,3795,3781,34,3815,47
2021-07-12,Butte,007,227075,12966,12796,1921,14717,202
2021-07-12,Calaveras,009,45235,2248,2228,15,2243,57
2021-07-12,Colusa,011,21464,1987,1971,332,2303,16
2021-07-12,Contra Costa,013,1133247,72756,71833,1376,73209,823
2021-07-12,Del Norte,015,27424,1508,1469,14,1483,8
2021-07-12,El Dorado,017,186661,10722,10569,806,11375,114
2021-07-12,Fresno,019,978130,104207,102853,8935,111788,1728
2021-07-12,Glenn,021,27897,2469,2446,579,3025,20
2021-07-12,Humboldt,023,135768,4681,4621,56,4677,51
2021-07-12,Imperial,025,180216,28968,28789,2774,31563,741
2021-07-12,Inyo,027,18085,1421,1415,14,1429,36
2021-07-12,Kern,029,883053,98514,97660,11388,109048,1346
2021-07-12,Kings,031,150075,23446,23124,1130,24254,246
2021-07-12,Lake,033,64148,3808,3706,13,3719,63
2021-07-12,Lassen,035,31185,5317,5292,120,5412,21
2021-07-12,Los Angeles,037,10098052,1226042,1216230,43072,1259302,24559
2021-07-12,Madera,039,155013,16970,16772,971,17743,240
2021-07-12,Marin,041,260295,14428,14238,270,14508,233
2021-07-12,Mariposa,043,17540,446,442,11,453,5
2021-07-12,Mendocino,045,87422,4298,4175,88,4263,49
2021-07-12,Merced,047,269075,31472,31374,1077,32451,471
2021-07-12,Modoc,049,8938,422,411,148,559,4
2021-07-12,Mono,051,14174,1271,1275,18,1293,3
2021-07-12,Monterey,053,433212,43550,43315,1915,45230,504
2021-07-12,Napa,055,140530,10150,10104,41,10145,81
2021-07-12,Nevada,057,99092,5118,5046,197,5243,72
2021-07-12,Orange,059,3164182,259300,257171,11855,269026,5136
2021-07-12,Placer,061,380077,24365,24052,1651,25703,302
2021-07-12,Plumas,063,18699,733,716,14,730,4
2021-07-12,Riverside,065,2383286,298207,294108,14368,308476,4541
2021-07-12,Sacramento,067,1510023,110929,109849,1938,111787,1685
2021-07-12,San Benito,069,59416,6182,6166,116,6282,63
2021-07-12,San Bernardino,071,2135413,297316,295447,9216,304663,5171
2021-07-12,San Diego,073,3302833,286934,284648,16009,300657,3785
2021-07-12,San Francisco,075,870044,38219,37656,1369,39025,559
2021-07-12,San Joaquin,077,732212,75146,74424,3769,78193,1415
2021-07-12,San Luis Obispo,079,281455,21740,21408,775,22183,258
2021-07-12,San Mateo,081,765935,43472,43138,518,43656,542
2021-07-12,Santa Barbara,083,443738,34938,34664,1159,35823,461
2021-07-12,Santa Clara,085,1922200,120830,119634,803,120437,2098
2021-07-12,Santa Cruz,087,273765,16453,16310,821,17131,207
2021-07-12,Shasta,089,179085,12733,12648,1681,14329,208
2021-07-12,Sierra,091,2930,66,62,12,74,0
2021-07-12,Siskiyou,093,43540,2008,1916,405,2321,29
2021-07-12,Solano,095,438530,34186,33859,622,34481,268
2021-07-12,Sonoma,097,501317,31684,31377,373,31750,322
2021-07-12,Stanislaus,099,539301,57567,57243,6138,63381,1028
2021-07-12,Sutter,101,95872,9782,9736,94,9830,114
2021-07-12,Tehama,103,63373,5187,5138,600,5738,63
2021-07-12,Trinity,105,12862,498,340,104,444,3
2021-07-12,Tulare,107,460477,50669,49882,9299,59181,853
2021-07-12,Tuolumne,109,53932,4129,4116,42,4158,64
2021-07-12,Ventura,111,848112,82579,81919,3237,85156,1040
2021-07-12,Yolo,113,214977,14450,14303,398,14701,213
2021-07-12,Yuba,115,75493,6358,6266,133,6399,52
2021-07-11,Alameda,001,1643700,91534,90597,2058,92655,1254
2021-07-11,Alpine,003,1148,88,89,0,89,0
2021-07-11,Amador,005,37829,3793,3779,34,3813,47
2021-07-11,Butte,007,227075,12944,12794,1915,14709,202
2021-07-11,Calaveras,009,45235,2246,2226,14,2240,57
2021-07-11,Colusa,011,21464,1986,1971,331,2302,16
2021-07-11,Contra Costa,013,1133247,72546,71744,1369,73113,823
2021-07-11,Del Norte,015,27424,1504,1467,13,1480,8
2021-07-11,El Dorado,017,186661,10693,10554,804,11358,114
2021-07-11,Fresno,019,978130,104112,102813,8915,111728,1728
2021-07-11,Glenn,021,27897,2468,2446,579,3025,20
2021-07-11,Humboldt,023,135768,4668,4611,55,4666,51
2021-07-11,Imperial,025,180216,28950,28787,2773,31560,741
2021-07-11,Inyo,027,18085,1419,1415,14,1429,36
2021-07-11,Kern,029,883053,98441,97637,11372,109009,1346
2021-07-11,Kings,031,150075,23415,23116,1127,24243,246
2021-07-11,Lake,033,64148,3777,3699,13,3712,63
2021-07-11,Lassen,035,31185,5314,5291,120,5411,21
2021-07-11,Los Angeles,037,10098052,1224292,1215182,42914,1258096,24558
2021-07-11,Madera,039,155013,16951,16766,970,17736,240
2021-07-11,Marin,041,260295,14402,14231,270,14501,233
2021-07-11,Mariposa,043,17540,445,442,11,453,5
2021-07-11,Mendocino,045,87422,4278,4167,88,4255,49
2021-07-11,Merced,047,269075,31448,31366,1072,32438,471
2021-07-11,Modoc,049,8938,421,411,148,559,4
2021-07-11,Mono,051,14174,1271,1275,18,1293,3
2021-07-11,Monterey,053,433212,43531,43307,1911,45218,504
2021-07-11,Napa,055,140530,10146,10100,41,10141,81
2021-07-11,Nevada,057,99092,5107,5035,196,5231,72
2021-07-11,Orange,059,3164182,258987,257009,11826,268835,5136
2021-07-11,Placer,061,380077,24308,24017,1639,25656,302
2021-07-11,Plumas,063,18699,733,716,14,730,4
2021-07-11,Riverside,065,2383286,297943,293969,14350,308319,4541
2021-07-11,Sacramento,067,1510023,110650,109696,1928,111624,1685
2021-07-11,San Benito,069,59416,6177,6163,116,6279,63
2021-07-11,San Bernardino,071,2135413,297009,295342,9191,304533,5167
2021-07-11,San Diego,073,3302833,286520,283819,15923,299742,3784
2021-07-11,San Francisco,075,870044,38090,37596,1363,38959,559
2021-07-11,San Joaquin,077,732212,75029,74376,3752,78128,1415
2021-07-11,San Luis Obispo,079,281455,21707,21403,774,22177,258
2021-07-11,San Mateo,081,765935,43393,43107,511,43618,542
2021-07-11,Santa Barbara,083,443738,34891,34646,1159,35805,461
2021-07-11,Santa Clara,085,1922200,120676,119549,802,120351,2098
2021-07-11,Santa Cruz,087,273765,16437,16303,821,17124,207
2021-07-11,Shasta,089,179085,12716,12647,1679,14326,208
2021-07-11,Sierra,091,2930,66,62,12,74,0
2021-07-11,Siskiyou,093,43540,2004,1915,403,2318,29
2021-07-11,Solano,095,438530,34104,33837,618,34455,268
2021-07-11,Sonoma,097,501317,31602,31352,373,31725,322
2021-07-11,Stanislaus,099,539301,57502,57230,6127,63357,1028
2021-07-11,Sutter,101,95872,9768,9728,94,9822,114
2021-07-11,Tehama,103,63373,5184,5138,600,5738,63
2021-07-11,Trinity,105,12862,497,340,104,444,3
2021-07-11,Tulare,107,460477,50644,49877,9281,59158,853
2021-07-11,Tuolumne,109,53932,4123,4116,42,4158,64
2021-07-11,Ventura,111,848112,82506,81875,3217,85092,1040
2021-07-11,Yolo,113,214977,14424,14285,392,14677,213
2021-07-11,Yuba,115,75493,6347,6260,133,6393,52
2021-07-10,Alameda,001,1643700,91383,90090,2054,92144,1252
2021-07-10,Alpine,003,1148,88,89,0,89,0
2021-07-10,Amador,005,37829,3787,3773,34,3807,47
2021-07-10,Butte,007,227075,12933,12764,1912,14676,202
2021-07-10,Calaveras,009,45235,2245,2214,14,2228,57
2021-07-10,Colusa,011,21464,1984,1969,331,2300,16
2021-07-10,Contra Costa,013,1133247,72446,71376,1368,72744,821
2021-07-10,Del Norte,015,27424,1502,1451,13,1464,8
2021-07-10,El Dorado,017,186661,10677,10508,800,11308,114
2021-07-10,Fresno,019,978130,104079,102675,8908,111583,1730
2021-07-10,Glenn,021,27897,2465,2440,578,3018,20
2021-07-10,Humboldt,023,135768,4659,4574,55,4629,51
2021-07-10,Imperial,025,180216,28937,28729,2773,31502,741
2021-07-10,Inyo,027,18085,1418,1415,14,1429,36
2021-07-10,Kern,029,883053,98401,97538,11355,108893,1346
2021-07-10,Kings,031,150075,23408,23090,1126,24216,246
2021-07-10,Lake,033,64148,3760,3667,13,3680,63
2021-07-10,Lassen,035,31185,5314,5290,120,5410,21
2021-07-10,Los Angeles,037,10098052,1223270,1212043,42811,1254854,24542
2021-07-10,Madera,039,155013,16945,16744,967,17711,241
2021-07-10,Marin,041,260295,14388,14194,270,14464,233
2021-07-10,Mariposa,043,17540,445,442,11,453,5
2021-07-10,Mendocino,045,87422,4271,4153,87,4240,49
2021-07-10,Merced,047,269075,31435,31328,1072,32400,470
2021-07-10,Modoc,049,8938,421,410,148,558,4
2021-07-10,Mono,051,14174,1271,1275,18,1293,3
2021-07-10,Monterey,053,433212,43517,43251,1909,45160,499
2021-07-10,Napa,055,140530,10134,10077,41,10118,81
2021-07-10,Nevada,057,99092,5098,5000,196,5196,72
2021-07-10,Orange,059,3164182,258809,256438,11810,268248,5135
2021-07-10,Placer,061,380077,24279,23916,1629,25545,302
2021-07-10,Plumas,063,18699,732,717,14,731,4
2021-07-10,Riverside,065,2383286,297753,293474,14336,307810,4541
2021-07-10,Sacramento,067,1510023,110501,109091,1923,111014,1682
2021-07-10,San Benito,069,59416,6172,6141,116,6257,63
2021-07-10,San Bernardino,071,2135413,296821,294932,9179,304111,5117
2021-07-10,San Diego,073,3302833,286231,283577,15870,299447,3783
2021-07-10,San Francisco,075,870044,38007,37338,1360,38698,559
2021-07-10,San Joaquin,077,732212,74972,74150,3746,77896,1412
2021-07-10,San Luis Obispo,079,281455,21696,21375,773,22148,258
2021-07-10,San Mateo,081,765935,43341,42948,509,43457,542
2021-07-10,Santa Barbara,083,443738,34864,34595,1159,35754,460
2021-07-10,Santa Clara,085,1922200,120573,119330,799,120129,2094
2021-07-10,Santa Cruz,087,273765,16430,16286,821,17107,207
2021-07-10,Shasta,089,179085,12703,12623,1674,14297,206
2021-07-10,Sierra,091,2930,66,61,12,73,0
2021-07-10,Siskiyou,093,43540,2002,1909,400,2309,29
2021-07-10,Solano,095,438530,34062,33678,612,34290,268
2021-07-10,Sonoma,097,501317,31551,31231,373,31604,317
2021-07-10,Stanislaus,099,539301,57466,57104,6117,63221,1026
2021-07-10,Sutter,101,95872,9756,9692,94,9786,114
2021-07-10,Tehama,103,63373,5181,5131,600,5731,63
2021-07-10,Trinity,105,12862,497,341,104,445,3
2021-07-10,Tulare,107,460477,50634,49850,9275,59125,853
2021-07-10,Tuolumne,109,53932,4121,4114,42,4156,64
2021-07-10,Ventura,111,848112,82461,81713,3199,84912,1039
2021-07-10,Yolo,113,214977,14403,14250,389,14639,213
2021-07-10,Yuba,115,75493,6337,6238,133,6371,52
2021-07-09,Alameda,001,1643700,91223,90090,2049,92139,1252
2021-07-09,Alpine,003,1148,88,89,0,89,0
2021-07-09,Amador,005,37829,3786,3773,34,3807,47
2021-07-09,Butte,007,227075,12922,12764,1910,14674,202
2021-07-09,Calaveras,009,45235,2243,2214,14,2228,57
2021-07-09,Colusa,011,21464,1983,1969,331,2300,16
2021-07-09,Contra Costa,013,1133247,72321,71376,1366,72742,821
2021-07-09,Del Norte,015,27424,1497,1451,13,1464,8
2021-07-09,El Dorado,017,186661,10662,10508,799,11307,114
2021-07-09,Fresno,019,978130,104023,102675,8901,111576,1730
2021-07-09,Glenn,021,27897,2464,2440,576,3016,20
2021-07-09,Humboldt,023,135768,4640,4574,55,4629,51
2021-07-09,Imperial,025,180216,28929,28729,2772,31501,741
2021-07-09,Inyo,027,18085,1417,1415,14,1429,36
2021-07-09,Kern,029,883053,98363,97538,11343,108881,1346
2021-07-09,Kings,031,150075,23397,23090,1125,24215,246
2021-07-09,Lake,033,64148,3746,3667,13,3680,63
2021-07-09,Lassen,035,31185,5312,5290,119,5409,21
2021-07-09,Los Angeles,037,10098052,1222266,1212043,42738,1254781,24542
2021-07-09,Madera,039,155013,16935,16744,966,17710,241
2021-07-09,Marin,041,260295,14367,14194,269,14463,233
2021-07-09,Mariposa,043,17540,445,442,11,453,5
2021-07-09,Mendocino,045,87422,4264,4153,87,4240,49
2021-07-09,Merced,047,269075,31420,31328,1072,32400,470
2021-07-09,Modoc,049,8938,421,410,148,558,4
2021-07-09,Mono,051,14174,1271,1275,18,1293,3
2021-07-09,Monterey,053,433212,43508,43251,1909,45160,499
2021-07-09,Napa,055,140530,10127,10077,41,10118,81
2021-07-09,Nevada,057,99092,5089,5000,196,5196,72
2021-07-09,Orange,059,3164182,258604,256438,11796,268234,5135
2021-07-09,Placer,061,380077,24257,23916,1623,25539,302
2021-07-09,Plumas,063,18699,730,717,14,731,4
2021-07-09,Riverside,065,2383286,297567,293474,14323,307797,4541
2021-07-09,Sacramento,067,1510023,110347,109091,1914,111005,1682
2021-07-09,San Benito,069,59416,6170,6141,116,6257,63
2021-07-09,San Bernardino,071,2135413,296669,294932,9172,304104,5117
2021-07-09,San Diego,073,3302833,285942,283577,15822,299399,3783
2021-07-09,San Francisco,075,870044,37927,37338,1353,38691,559
2021-07-09,San Joaquin,077,732212,74898,74150,3739,77889,1412
2021-07-09,San Luis Obispo,079,281455,21684,21375,773,22148,258
2021-07-09,San Mateo,081,765935,43297,42948,505,43453,542
2021-07-09,Santa Barbara,083,443738,34843,34595,1158,35753,460
2021-07-09,Santa Clara,085,1922200,120463,119330,799,120129,2094
2021-07-09,Santa Cruz,087,273765,16427,16286,821,17107,207
2021-07-09,Shasta,089,179085,12697,12623,1669,14292,206
2021-07-09,Sierra,091,2930,66,61,12,73,0
2021-07-09,Siskiyou,093,43540,2000,1909,399,2308,29
2021-07-09,Solano,095,438530,34026,33678,608,34286,268
2021-07-09,Sonoma,097,501317,31515,31231,373,31604,317
2021-07-09,Stanislaus,099,539301,57437,57104,6115,63219,1026
2021-07-09,Sutter,101,95872,9747,9692,94,9786,114
2021-07-09,Tehama,103,63373,5179,5131,600,5731,63
2021-07-09,Trinity,105,12862,496,341,101,442,3
2021-07-09,Tulare,107,460477,50621,49850,9269,59119,853
2021-07-09,Tuolumne,109,53932,4117,4114,42,4156,64
2021-07-09,Ventura,111,848112,82406,81713,3190,84903,1039
2021-07-09,Yolo,113,214977,14388,14250,385,14635,213
2021-07-09,Yuba,115,75493,6324,6238,133,6371,52
2021-07-08,Alameda,001,1643700,91016,90090,2046,92136,1252
2021-07-08,Alpine,003,1148,88,89,0,89,0
2021-07-08,Amador,005,37829,3784,3773,34,3807,47
2021-07-08,Butte,007,227075,12909,12764,1907,14671,202
2021-07-08,Calaveras,009,45235,2240,2214,13,2227,57
2021-07-08,Colusa,011,21464,1983,1969,331,2300,16
2021-07-08,Contra Costa,013,1133247,72193,71376,1361,72737,821
2021-07-08,Del Norte,015,27424,1495,1451,13,1464,8
2021-07-08,El Dorado,017,186661,10645,10508,794,11302,114
2021-07-08,Fresno,019,978130,103961,102675,8890,111565,1730
2021-07-08,Glenn,021,27897,2464,2440,576,3016,20
2021-07-08,Humboldt,023,135768,4624,4574,54,4628,51
2021-07-08,Imperial,025,180216,28917,28729,2771,31500,741
2021-07-08,Inyo,027,18085,1417,1415,14,1429,36
2021-07-08,Kern,029,883053,98315,97538,11328,108866,1346
2021-07-08,Kings,031,150075,23388,23090,1125,24215,246
2021-07-08,Lake,033,64148,3732,3667,13,3680,63
2021-07-08,Lassen,035,31185,5309,5290,119,5409,21
2021-07-08,Los Angeles,037,10098052,1221051,1212043,42643,1254686,24542
2021-07-08,Madera,039,155013,16919,16744,966,17710,241
2021-07-08,Marin,041,260295,14353,14194,269,14463,233
2021-07-08,Mariposa,043,17540,444,442,11,453,5
2021-07-08,Mendocino,045,87422,4261,4153,87,4240,49
2021-07-08,Merced,047,269075,31406,31328,1070,32398,470
2021-07-08,Modoc,049,8938,421,410,148,558,4
2021-07-08,Mono,051,14174,1271,1275,18,1293,3
2021-07-08,Monterey,053,433212,43488,43251,1903,45154,499
2021-07-08,Napa,055,140530,10123,10077,41,10118,81
2021-07-08,Nevada,057,99092,5083,5000,196,5196,72
2021-07-08,Orange,059,3164182,258409,256438,11774,268212,5135
2021-07-08,Placer,061,380077,24218,23916,1615,25531,302
2021-07-08,Plumas,063,18699,729,717,14,731,4
2021-07-08,Riverside,065,2383286,297366,293474,14307,307781,4541
2021-07-08,Sacramento,067,1510023,110125,109091,1907,110998,1682
2021-07-08,San Benito,069,59416,6167,6141,116,6257,63
2021-07-08,San Bernardino,071,2135413,296494,294932,9163,304095,5117
2021-07-08,San Diego,073,3302833,285615,283577,15774,299351,3783
2021-07-08,San Francisco,075,870044,37847,37338,1349,38687,559
2021-07-08,San Joaquin,077,732212,74810,74150,3726,77876,1412
2021-07-08,San Luis Obispo,079,281455,21672,21375,770,22145,258
2021-07-08,San Mateo,081,765935,43246,42948,504,43452,542
2021-07-08,Santa Barbara,083,443738,34816,34595,1156,35751,460
2021-07-08,Santa Clara,085,1922200,120370,119330,798,120128,2094
2021-07-08,Santa Cruz,087,273765,16421,16286,821,17107,207
2021-07-08,Shasta,089,179085,12691,12623,1665,14288,206
2021-07-08,Sierra,091,2930,66,61,12,73,0
2021-07-08,Siskiyou,093,43540,1995,1909,396,2305,29
2021-07-08,Solano,095,438530,33971,33678,602,34280,268
2021-07-08,Sonoma,097,501317,31484,31231,372,31603,317
2021-07-08,Stanislaus,099,539301,57411,57104,6111,63215,1026
2021-07-08,Sutter,101,95872,9733,9692,92,9784,114
2021-07-08,Tehama,103,63373,5176,5131,599,5730,63
2021-07-08,Trinity,105,12862,496,341,101,442,3
2021-07-08,Tulare,107,460477,50603,49850,9261,59111,853
2021-07-08,Tuolumne,109,53932,4115,4114,42,4156,64
2021-07-08,Ventura,111,848112,82342,81713,3174,84887,1039
2021-07-08,Yolo,113,214977,14369,14250,383,14633,213
2021-07-08,Yuba,115,75493,6316,6238,133,6371,52
2021-07-07,Alameda,001,1643700,90831,89995,2040,92035,1253
2021-07-07,Alpine,003,1148,88,89,0,89,0
2021-07-07,Amador,005,37829,3779,3770,34,3804,47
2021-07-07,Butte,007,227075,12896,12750,1902,14652,202
2021-07-07,Calaveras,009,45235,2233,2212,13,2225,57
2021-07-07,Colusa,011,21464,1979,1969,331,2300,16
2021-07-07,Contra Costa,013,1133247,72046,71308,1359,72667,821
2021-07-07,Del Norte,015,27424,1490,1446,13,1459,8
2021-07-07,El Dorado,017,186661,10625,10494,792,11286,114
2021-07-07,Fresno,019,978130,103911,102639,8883,111522,1729
2021-07-07,Glenn,021,27897,2464,2441,576,3017,20
2021-07-07,Humboldt,023,135768,4610,4566,54,4620,51
2021-07-07,Imperial,025,180216,28910,28701,2771,31472,740
2021-07-07,Inyo,027,18085,1416,1415,14,1429,36
2021-07-07,Kern,029,883053,98271,97507,11313,108820,1348
2021-07-07,Kings,031,150075,23375,23085,1122,24207,245
2021-07-07,Lake,033,64148,3713,3660,13,3673,63
2021-07-07,Lassen,035,31185,5309,5286,119,5405,21
2021-07-07,Los Angeles,037,10098052,1219872,1211316,42538,1253854,24531
2021-07-07,Madera,039,155013,16908,16733,964,17697,241
2021-07-07,Marin,041,260295,14334,14183,268,14451,233
2021-07-07,Mariposa,043,17540,442,442,11,453,5
2021-07-07,Mendocino,045,87422,4252,4145,87,4232,49
2021-07-07,Merced,047,269075,31391,31317,1070,32387,470
2021-07-07,Modoc,049,8938,421,410,148,558,4
2021-07-07,Mono,051,14174,1270,1274,18,1292,3
2021-07-07,Monterey,053,433212,43463,43233,1901,45134,494
2021-07-07,Napa,055,140530,10112,10078,41,10119,81
2021-07-07,Nevada,057,99092,5076,4996,196,5192,72
2021-07-07,Orange,059,3164182,258183,256301,11752,268053,5132
2021-07-07,Placer,061,380077,24182,23901,1605,25506,302
2021-07-07,Plumas,063,18699,729,710,14,724,4
2021-07-07,Riverside,065,2383286,297151,293331,14297,307628,4538
2021-07-07,Sacramento,067,1510023,109934,108954,1899,110853,1682
2021-07-07,San Benito,069,59416,6162,6137,116,6253,63
2021-07-07,San Bernardino,071,2135413,296326,294787,9156,303943,5087
2021-07-07,San Diego,073,3302833,285295,283377,15734,299111,3782
2021-07-07,San Francisco,075,870044,37755,37284,1346,38630,558
2021-07-07,San Joaquin,077,732212,74734,74095,3710,77805,1410
2021-07-07,San Luis Obispo,079,281455,21663,21360,768,22128,258
2021-07-07,San Mateo,081,765935,43192,42908,501,43409,542
2021-07-07,Santa Barbara,083,443738,34790,34582,1156,35738,460
2021-07-07,Santa Clara,085,1922200,120272,119250,797,120047,2094
2021-07-07,Santa Cruz,087,273765,16412,16279,820,17099,207
2021-07-07,Shasta,089,179085,12683,12613,1662,14275,206
2021-07-07,Sierra,091,2930,66,60,12,72,0
2021-07-07,Siskiyou,093,43540,1989,1908,392,2300,29
2021-07-07,Solano,095,438530,33922,33659,595,34254,268
2021-07-07,Sonoma,097,501317,31438,31172,372,31544,316
2021-07-07,Stanislaus,099,539301,57379,57102,6106,63208,1028
2021-07-07,Sutter,101,95872,9723,9683,92,9775,114
2021-07-07,Tehama,103,63373,5175,5129,599,5728,63
2021-07-07,Trinity,105,12862,496,341,101,442,3
2021-07-07,Tulare,107,460477,50599,49835,9252,59087,853
2021-07-07,Tuolumne,109,53932,4111,4115,41,4156,64
2021-07-07,Ventura,111,848112,82298,81608,3160,84768,1036
2021-07-07,Yolo,113,214977,14359,14236,380,14616,213
2021-07-07,Yuba,115,75493,6300,6233,133,6366,51
2021-07-06,Alameda,001,1643700,90633,89918,2032,91950,1253
2021-07-06,Alpine,003,1148,88,89,0,89,0
2021-07-06,Amador,005,37829,3778,3768,33,3801,47
2021-07-06,Butte,007,227075,12883,12744,1899,14643,201
2021-07-06,Calaveras,009,45235,2233,2211,13,2224,55
2021-07-06,Colusa,011,21464,1978,1967,328,2295,16
2021-07-06,Contra Costa,013,1133247,71918,71262,1356,72618,820
2021-07-06,Del Norte,015,27424,1486,1445,13,1458,8
2021-07-06,El Dorado,017,186661,10607,10484,791,11275,113
2021-07-06,Fresno,019,978130,103859,102616,8871,111487,1727
2021-07-06,Glenn,021,27897,2463,2438,576,3014,20
2021-07-06,Humboldt,023,135768,4596,4565,53,4618,49
2021-07-06,Imperial,025,180216,28895,28693,2769,31462,739
2021-07-06,Inyo,027,18085,1416,1412,14,1426,36
2021-07-06,Kern,029,883053,98229,97491,11302,108793,1346
2021-07-06,Kings,031,150075,23367,23077,1121,24198,245
2021-07-06,Lake,033,64148,3703,3659,13,3672,63
2021-07-06,Lassen,035,31185,5308,5288,118,5406,21
2021-07-06,Los Angeles,037,10098052,1218653,1210965,42439,1253404,24525
2021-07-06,Madera,039,155013,16896,16730,964,17694,241
2021-07-06,Marin,041,260295,14320,14181,268,14449,233
2021-07-06,Mariposa,043,17540,442,442,11,453,5
2021-07-06,Mendocino,045,87422,4245,4143,87,4230,49
2021-07-06,Merced,047,269075,31374,31317,1069,32386,470
2021-07-06,Modoc,049,8938,421,411,148,559,4
2021-07-06,Mono,051,14174,1269,1274,18,1292,3
2021-07-06,Monterey,053,433212,43440,43224,1900,45124,494
2021-07-06,Napa,055,140530,10101,10081,41,10122,81
2021-07-06,Nevada,057,99092,5067,4988,196,5184,72
2021-07-06,Orange,059,3164182,257939,256227,11735,267962,5129
2021-07-06,Placer,061,380077,24141,23876,1599,25475,302
2021-07-06,Plumas,063,18699,728,708,14,722,4
2021-07-06,Riverside,065,2383286,296949,293227,14279,307506,4539
2021-07-06,Sacramento,067,1510023,109723,108850,1891,110741,1679
2021-07-06,San Benito,069,59416,6158,6137,116,6253,63
2021-07-06,San Bernardino,071,2135413,296147,294712,9143,303855,5056
2021-07-06,San Diego,073,3302833,284938,283278,15675,298953,3782
2021-07-06,San Francisco,075,870044,37638,37251,1345,38596,558
2021-07-06,San Joaquin,077,732212,74664,74019,3698,77717,1410
2021-07-06,San Luis Obispo,079,281455,21646,21354,767,22121,257
2021-07-06,San Mateo,081,765935,43117,42895,501,43396,541
2021-07-06,Santa Barbara,083,443738,34771,34572,1154,35726,460
2021-07-06,Santa Clara,085,1922200,120154,119194,794,119988,2095
2021-07-06,Santa Cruz,087,273765,16407,16274,819,17093,207
2021-07-06,Shasta,089,179085,12673,12606,1660,14266,205
2021-07-06,Sierra,091,2930,65,60,12,72,0
2021-07-06,Siskiyou,093,43540,1986,1905,388,2293,29
2021-07-06,Solano,095,438530,33871,33619,592,34211,268
2021-07-06,Sonoma,097,501317,31375,31130,371,31501,316
2021-07-06,Stanislaus,099,539301,57332,57120,6095,63215,1029
2021-07-06,Sutter,101,95872,9714,9674,91,9765,114
2021-07-06,Tehama,103,63373,5172,5126,598,5724,63
2021-07-06,Trinity,105,12862,496,341,101,442,3
2021-07-06,Tulare,107,460477,50584,49826,9241,59067,853
2021-07-06,Tuolumne,109,53932,4109,4113,41,4154,64
2021-07-06,Ventura,111,848112,82258,81534,3134,84668,1033
2021-07-06,Yolo,113,214977,14337,14227,377,14604,213
2021-07-06,Yuba,115,75493,6289,6231,133,6364,51
2021-07-05,Alameda,001,1643700,90455,89892,2027,91919,1253
2021-07-05,Alpine,003,1148,88,89,0,89,0
2021-07-05,Amador,005,37829,3776,3768,33,3801,47
2021-07-05,Butte,007,227075,12875,12740,1889,14629,201
2021-07-05,Calaveras,009,45235,2231,2211,13,2224,55
2021-07-05,Colusa,011,21464,1976,1966,327,2293,16
2021-07-05,Contra Costa,013,1133247,71790,71235,1356,72591,820
2021-07-05,Del Norte,015,27424,1482,1446,13,1459,8
2021-07-05,El Dorado,017,186661,10582,10481,791,11272,113
2021-07-05,Fresno,019,978130,103800,102592,8856,111448,1727
2021-07-05,Glenn,021,27897,2460,2438,575,3013,20
2021-07-05,Humboldt,023,135768,4582,4563,53,4616,49
2021-07-05,Imperial,025,180216,28876,28689,2769,31458,739
2021-07-05,Inyo,027,18085,1416,1412,14,1426,36
2021-07-05,Kern,029,883053,98182,97479,11281,108760,1346
2021-07-05,Kings,031,150075,23359,23065,1118,24183,245
2021-07-05,Lake,033,64148,3685,3645,13,3658,63
2021-07-05,Lassen,035,31185,5305,5288,117,5405,21
2021-07-05,Los Angeles,037,10098052,1217462,1210653,42336,1252989,24522
2021-07-05,Madera,039,155013,16885,16722,963,17685,241
2021-07-05,Marin,041,260295,14299,14178,268,14446,233
2021-07-05,Mariposa,043,17540,442,441,11,452,5
2021-07-05,Mendocino,045,87422,4240,4139,86,4225,49
2021-07-05,Merced,047,269075,31354,31312,1069,32381,470
2021-07-05,Modoc,049,8938,421,410,148,558,4
2021-07-05,Mono,051,14174,1269,1273,18,1291,3
2021-07-05,Monterey,053,433212,43420,43218,1895,45113,494
2021-07-05,Napa,055,140530,10095,10074,41,10115,81
2021-07-05,Nevada,057,99092,5049,4980,195,5175,72
2021-07-05,Orange,059,3164182,257738,256173,11717,267890,5129
2021-07-05,Placer,061,380077,24094,23867,1591,25458,302
2021-07-05,Plumas,063,18699,727,708,14,722,4
2021-07-05,Riverside,065,2383286,296758,293193,14267,307460,4539
2021-07-05,Sacramento,067,1510023,109541,108758,1882,110640,1679
2021-07-05,San Benito,069,59416,6151,6137,116,6253,63
2021-07-05,San Bernardino,071,2135413,295984,294647,9136,303783,5037
2021-07-05,San Diego,073,3302833,284575,282834,15631,298465,3782
2021-07-05,San Francisco,075,870044,37552,37237,1340,38577,558
2021-07-05,San Joaquin,077,732212,74594,73999,3693,77692,1410
2021-07-05,San Luis Obispo,079,281455,21633,21351,766,22117,257
2021-07-05,San Mateo,081,765935,43065,42876,498,43374,541
2021-07-05,Santa Barbara,083,443738,34751,34569,1154,35723,460
2021-07-05,Santa Clara,085,1922200,120048,119184,792,119976,2095
2021-07-05,Santa Cruz,087,273765,16398,16273,818,17091,208
2021-07-05,Shasta,089,179085,12664,12603,1658,14261,205
2021-07-05,Sierra,091,2930,65,60,12,72,0
2021-07-05,Siskiyou,093,43540,1984,1904,387,2291,29
2021-07-05,Solano,095,438530,33801,33612,586,34198,268
2021-07-05,Sonoma,097,501317,31322,31116,371,31487,316
2021-07-05,Stanislaus,099,539301,57302,57109,6084,63193,1029
2021-07-05,Sutter,101,95872,9702,9667,91,9758,114
2021-07-05,Tehama,103,63373,5171,5125,598,5723,63
2021-07-05,Trinity,105,12862,495,341,100,441,3
2021-07-05,Tulare,107,460477,50566,49818,9238,59056,853
2021-07-05,Tuolumne,109,53932,4105,4112,41,4153,64
2021-07-05,Ventura,111,848112,82207,81519,3115,84634,1033
2021-07-05,Yolo,113,214977,14317,14225,369,14594,213
2021-07-05,Yuba,115,75493,6281,6223,133,6356,51
2021-07-04,Alameda,001,1643700,90290,89683,2024,91707,1253
2021-07-04,Alpine,003,1148,88,89,0,89,0
2021-07-04,Amador,005,37829,3775,3758,33,3791,46
2021-07-04,Butte,007,227075,12865,12684,1889,14573,201
2021-07-04,Calaveras,009,45235,2227,2200,13,2213,55
2021-07-04,Colusa,011,21464,1976,1969,327,2296,15
2021-07-04,Contra Costa,013,1133247,71684,70941,1351,72292,818
2021-07-04,Del Norte,015,27424,1479,1439,13,1452,8
2021-07-04,El Dorado,017,186661,10573,10433,790,11223,113
2021-07-04,Fresno,019,978130,103754,102512,8839,111351,1727
2021-07-04,Glenn,021,27897,2458,2442,574,3016,20
2021-07-04,Humboldt,023,135768,4574,4530,53,4583,49
2021-07-04,Imperial,025,180216,28870,28661,2769,31430,739
2021-07-04,Inyo,027,18085,1416,1412,14,1426,35
2021-07-04,Kern,029,883053,98163,97421,11272,108693,1347
2021-07-04,Kings,031,150075,23351,23051,1118,24169,245
2021-07-04,Lake,033,64148,3675,3623,13,3636,62
2021-07-04,Lassen,035,31185,5304,5277,117,5394,20
2021-07-04,Los Angeles,037,10098052,1216602,1208705,42249,1250954,24506
2021-07-04,Madera,039,155013,16873,16696,961,17657,240
2021-07-04,Marin,041,260295,14284,14143,268,14411,233
2021-07-04,Mariposa,043,17540,442,441,11,452,5
2021-07-04,Mendocino,045,87422,4230,4122,86,4208,49
2021-07-04,Merced,047,269075,31343,31297,1069,32366,469
2021-07-04,Modoc,049,8938,421,410,148,558,4
2021-07-04,Mono,051,14174,1269,1275,18,1293,3
2021-07-04,Monterey,053,433212,43404,43212,1894,45106,492
2021-07-04,Napa,055,140530,10087,10045,40,10085,81
2021-07-04,Nevada,057,99092,5039,4966,195,5161,72
2021-07-04,Orange,059,3164182,257563,255823,11696,267519,5126
2021-07-04,Placer,061,380077,24057,23764,1584,25348,299
2021-07-04,Plumas,063,18699,727,707,14,721,4
2021-07-04,Riverside,065,2383286,296598,293260,14261,307521,4536
2021-07-04,Sacramento,067,1510023,109371,108257,1876,110133,1676
2021-07-04,San Benito,069,59416,6144,6108,116,6224,63
2021-07-04,San Bernardino,071,2135413,295817,294294,9129,303423,5003
2021-07-04,San Diego,073,3302833,284351,282692,15593,298285,3780
2021-07-04,San Francisco,075,870044,37494,37107,1334,38441,558
2021-07-04,San Joaquin,077,732212,74528,73841,3685,77526,1409
2021-07-04,San Luis Obispo,079,281455,21627,21330,765,22095,256
2021-07-04,San Mateo,081,765935,43031,42691,498,43189,541
2021-07-04,Santa Barbara,083,443738,34728,34526,1153,35679,456
2021-07-04,Santa Clara,085,1922200,119958,118966,791,119757,2090
2021-07-04,Santa Cruz,087,273765,16387,16254,818,17072,208
2021-07-04,Shasta,089,179085,12660,12582,1657,14239,204
2021-07-04,Sierra,091,2930,64,60,12,72,0
2021-07-04,Siskiyou,093,43540,1980,1899,386,2285,29
2021-07-04,Solano,095,438530,33760,33486,584,34070,268
2021-07-04,Sonoma,097,501317,31292,31000,370,31370,316
2021-07-04,Stanislaus,099,539301,57287,57018,6078,63096,1018
2021-07-04,Sutter,101,95872,9691,9644,91,9735,114
2021-07-04,Tehama,103,63373,5167,5124,598,5722,63
2021-07-04,Trinity,105,12862,494,341,100,441,3
2021-07-04,Tulare,107,460477,50556,49789,9235,59024,853
2021-07-04,Tuolumne,109,53932,4097,4113,41,4154,64
2021-07-04,Ventura,111,848112,82149,81425,3104,84529,1033
2021-07-04,Yolo,113,214977,14297,14188,366,14554,213
2021-07-04,Yuba,115,75493,6273,6197,133,6330,51
2021-07-03,Alameda,001,1643700,90202,89683,2016,91699,1253
2021-07-03,Alpine,003,1148,88,89,0,89,0
2021-07-03,Amador,005,37829,3775,3758,33,3791,46
2021-07-03,Butte,007,227075,12861,12684,1888,14572,201
2021-07-03,Calaveras,009,45235,2225,2200,13,2213,55
2021-07-03,Colusa,011,21464,1975,1969,327,2296,15
2021-07-03,Contra Costa,013,1133247,71625,70941,1348,72289,818
2021-07-03,Del Norte,015,27424,1476,1439,13,1452,8
2021-07-03,El Dorado,017,186661,10566,10433,788,11221,113
2021-07-03,Fresno,019,978130,103730,102512,8830,111342,1727
2021-07-03,Glenn,021,27897,2458,2442,574,3016,20
2021-07-03,Humboldt,023,135768,4569,4530,53,4583,49
2021-07-03,Imperial,025,180216,28860,28661,2769,31430,739
2021-07-03,Inyo,027,18085,1416,1412,14,1426,35
2021-07-03,Kern,029,883053,98143,97421,11264,108685,1347
2021-07-03,Kings,031,150075,23351,23051,1117,24168,245
2021-07-03,Lake,033,64148,3665,3623,13,3636,62
2021-07-03,Lassen,035,31185,5303,5277,117,5394,20
2021-07-03,Los Angeles,037,10098052,1216174,1208705,42218,1250923,24506
2021-07-03,Madera,039,155013,16864,16696,958,17654,240
2021-07-03,Marin,041,260295,14280,14143,268,14411,233
2021-07-03,Mariposa,043,17540,442,441,11,452,5
2021-07-03,Mendocino,045,87422,4229,4122,86,4208,49
2021-07-03,Merced,047,269075,31330,31297,1068,32365,469
2021-07-03,Modoc,049,8938,420,410,148,558,4
2021-07-03,Mono,051,14174,1268,1275,18,1293,3
2021-07-03,Monterey,053,433212,43392,43212,1891,45103,492
2021-07-03,Napa,055,140530,10082,10045,40,10085,81
2021-07-03,Nevada,057,99092,5025,4966,195,5161,72
2021-07-03,Orange,059,3164182,257479,255823,11689,267512,5126
2021-07-03,Placer,061,380077,24038,23764,1581,25345,299
2021-07-03,Plumas,063,18699,727,707,14,721,4
2021-07-03,Riverside,065,2383286,296506,293260,14257,307517,4536
2021-07-03,Sacramento,067,1510023,109297,108257,1873,110130,1676
2021-07-03,San Benito,069,59416,6137,6108,116,6224,63
2021-07-03,San Bernardino,071,2135413,295727,294294,9126,303420,5003
2021-07-03,San Diego,073,3302833,284220,282692,15574,298266,3780
2021-07-03,San Francisco,075,870044,37453,37107,1331,38438,558
2021-07-03,San Joaquin,077,732212,74492,73841,3680,77521,1409
2021-07-03,San Luis Obispo,079,281455,21615,21330,765,22095,256
2021-07-03,San Mateo,081,765935,43006,42691,497,43188,541
2021-07-03,Santa Barbara,083,443738,34719,34526,1152,35678,456
2021-07-03,Santa Clara,085,1922200,119911,118966,791,119757,2090
2021-07-03,Santa Cruz,087,273765,16380,16254,818,17072,208
2021-07-03,Shasta,089,179085,12656,12582,1655,14237,204
2021-07-03,Sierra,091,2930,64,60,12,72,0
2021-07-03,Siskiyou,093,43540,1979,1899,385,2284,29
2021-07-03,Solano,095,438530,33716,33486,584,34070,268
2021-07-03,Sonoma,097,501317,31258,31000,370,31370,316
2021-07-03,Stanislaus,099,539301,57276,57018,6070,63088,1018
2021-07-03,Sutter,101,95872,9681,9644,91,9735,114
2021-07-03,Tehama,103,63373,5165,5124,598,5722,63
2021-07-03,Trinity,105,12862,494,341,100,441,3
2021-07-03,Tulare,107,460477,50550,49789,9229,59018,853
2021-07-03,Tuolumne,109,53932,4096,4113,41,4154,64
2021-07-03,Ventura,111,848112,82119,81425,3096,84521,1033
2021-07-03,Yolo,113,214977,14287,14188,363,14551,213
2021-07-03,Yuba,115,75493,6267,6197,133,6330,51
2021-07-02,Alameda,001,1643700,90120,89683,2015,91698,1253
2021-07-02,Alpine,003,1148,88,89,0,89,0
2021-07-02,Amador,005,37829,3773,3758,33,3791,46
2021-07-02,Butte,007,227075,12854,12684,1888,14572,201
2021-07-02,Calaveras,009,45235,2223,2200,13,2213,55
2021-07-02,Colusa,011,21464,1974,1969,326,2295,15
2021-07-02,Contra Costa,013,1133247,71555,70941,1344,72285,818
2021-07-02,Del Norte,015,27424,1476,1439,13,1452,8
2021-07-02,El Dorado,017,186661,10558,10433,788,11221,113
2021-07-02,Fresno,019,978130,103701,102512,8824,111336,1727
2021-07-02,Glenn,021,27897,2457,2442,573,3015,20
2021-07-02,Humboldt,023,135768,4566,4530,52,4582,49
2021-07-02,Imperial,025,180216,28854,28661,2768,31429,739
2021-07-02,Inyo,027,18085,1416,1412,14,1426,35
2021-07-02,Kern,029,883053,98125,97421,11255,108676,1347
2021-07-02,Kings,031,150075,23341,23051,1117,24168,245
2021-07-02,Lake,033,64148,3659,3623,13,3636,62
2021-07-02,Lassen,035,31185,5303,5277,117,5394,20
2021-07-02,Los Angeles,037,10098052,1215700,1208705,42180,1250885,24506
2021-07-02,Madera,039,155013,16855,16696,957,17653,240
2021-07-02,Marin,041,260295,14276,14143,268,14411,233
2021-07-02,Mariposa,043,17540,442,441,11,452,5
2021-07-02,Mendocino,045,87422,4225,4122,85,4207,49
2021-07-02,Merced,047,269075,31321,31297,1068,32365,469
2021-07-02,Modoc,049,8938,420,410,148,558,4
2021-07-02,Mono,051,14174,1267,1275,18,1293,3
2021-07-02,Monterey,053,433212,43384,43212,1890,45102,492
2021-07-02,Napa,055,140530,10077,10045,40,10085,81
2021-07-02,Nevada,057,99092,5016,4966,195,5161,72
2021-07-02,Orange,059,3164182,257368,255823,11682,267505,5126
2021-07-02,Placer,061,380077,24021,23764,1574,25338,299
2021-07-02,Plumas,063,18699,727,707,14,721,4
2021-07-02,Riverside,065,2383286,296409,293260,14252,307512,4536
2021-07-02,Sacramento,067,1510023,109219,108257,1872,110129,1676
2021-07-02,San Benito,069,59416,6134,6108,116,6224,63
2021-07-02,San Bernardino,071,2135413,295640,294294,9124,303418,5003
2021-07-02,San Diego,073,3302833,284075,282692,15548,298240,3780
2021-07-02,San Francisco,075,870044,37404,37107,1329,38436,558
2021-07-02,San Joaquin,077,732212,74459,73841,3674,77515,1409
2021-07-02,San Luis Obispo,079,281455,21609,21330,764,22094,256
2021-07-02,San Mateo,081,765935,42970,42691,497,43188,541
2021-07-02,Santa Barbara,083,443738,34709,34526,1152,35678,456
2021-07-02,Santa Clara,085,1922200,119833,118966,791,119757,2090
2021-07-02,Santa Cruz,087,273765,16376,16254,818,17072,208
2021-07-02,Shasta,089,179085,12652,12582,1655,14237,204
2021-07-02,Sierra,091,2930,63,60,12,72,0
2021-07-02,Siskiyou,093,43540,1976,1899,384,2283,29
2021-07-02,Solano,095,438530,33691,33486,584,34070,268
2021-07-02,Sonoma,097,501317,31235,31000,370,31370,316
2021-07-02,Stanislaus,099,539301,57259,57018,6069,63087,1018
2021-07-02,Sutter,101,95872,9677,9644,91,9735,114
2021-07-02,Tehama,103,63373,5163,5124,596,5720,63
2021-07-02,Trinity,105,12862,494,341,100,441,3
2021-07-02,Tulare,107,460477,50540,49789,9221,59010,853
2021-07-02,Tuolumne,109,53932,4093,4113,41,4154,64
2021-07-02,Ventura,111,848112,82076,81425,3088,84513,1033
2021-07-02,Yolo,113,214977,14271,14188,361,14549,213
2021-07-02,Yuba,115,75493,6259,6197,133,6330,51
2021-07-01,Alameda,001,1643700,90020,89683,2013,91696,1253
2021-07-01,Alpine,003,1148,88,89,0,89,0
2021-07-01,Amador,005,37829,3772,3758,33,3791,46
2021-07-01,Butte,007,227075,12842,12684,1886,14570,201
2021-07-01,Calaveras,009,45235,2221,2200,13,2213,55
2021-07-01,Colusa,011,21464,1974,1969,324,2293,15
2021-07-01,Contra Costa,013,1133247,71483,70941,1344,72285,818
2021-07-01,Del Norte,015,27424,1475,1439,13,1452,8
2021-07-01,El Dorado,017,186661,10546,10433,788,11221,113
2021-07-01,Fresno,019,978130,103662,102512,8819,111331,1727
2021-07-01,Glenn,021,27897,2457,2442,573,3015,20
2021-07-01,Humboldt,023,135768,4564,4530,52,4582,49
2021-07-01,Imperial,025,180216,28837,28661,2768,31429,739
2021-07-01,Inyo,027,18085,1416,1412,14,1426,35
2021-07-01,Kern,029,883053,98099,97421,11245,108666,1347
2021-07-01,Kings,031,150075,23327,23051,1117,24168,245
2021-07-01,Lake,033,64148,3656,3623,13,3636,62
2021-07-01,Lassen,035,31185,5301,5277,117,5394,20
2021-07-01,Los Angeles,037,10098052,1215101,1208705,42125,1250830,24506
2021-07-01,Madera,039,155013,16846,16696,956,17652,240
2021-07-01,Marin,041,260295,14272,14143,268,14411,233
2021-07-01,Mariposa,043,17540,442,441,11,452,5
2021-07-01,Mendocino,045,87422,4221,4122,84,4206,49
2021-07-01,Merced,047,269075,31315,31297,1068,32365,469
2021-07-01,Modoc,049,8938,420,410,148,558,4
2021-07-01,Mono,051,14174,1266,1275,18,1293,3
2021-07-01,Monterey,053,433212,43376,43212,1886,45098,492
2021-07-01,Napa,055,140530,10070,10045,40,10085,81
2021-07-01,Nevada,057,99092,5011,4966,195,5161,72
2021-07-01,Orange,059,3164182,257247,255823,11663,267486,5126
2021-07-01,Placer,061,380077,24002,23764,1571,25335,299
2021-07-01,Plumas,063,18699,724,707,12,719,4
2021-07-01,Riverside,065,2383286,296300,293260,14244,307504,4536
2021-07-01,Sacramento,067,1510023,109093,108257,1865,110122,1676
2021-07-01,San Benito,069,59416,6130,6108,116,6224,63
2021-07-01,San Bernardino,071,2135413,295520,294294,9119,303413,5003
2021-07-01,San Diego,073,3302833,283897,282692,15511,298203,3780
2021-07-01,San Francisco,075,870044,37368,37107,1327,38434,558
2021-07-01,San Joaquin,077,732212,74408,73841,3670,77511,1409
2021-07-01,San Luis Obispo,079,281455,21594,21330,763,22093,256
2021-07-01,San Mateo,081,765935,42942,42691,496,43187,541
2021-07-01,Santa Barbara,083,443738,34696,34526,1152,35678,456
2021-07-01,Santa Clara,085,1922200,119784,118966,791,119757,2090
2021-07-01,Santa Cruz,087,273765,16371,16254,818,17072,208
2021-07-01,Shasta,089,179085,12644,12582,1654,14236,204
2021-07-01,Sierra,091,2930,63,60,12,72,0
2021-07-01,Siskiyou,093,43540,1976,1899,384,2283,29
2021-07-01,Solano,095,438530,33650,33486,583,34069,268
2021-07-01,Sonoma,097,501317,31191,31000,370,31370,316
2021-07-01,Stanislaus,099,539301,57242,57018,6065,63083,1018
2021-07-01,Sutter,101,95872,9668,9644,91,9735,114
2021-07-01,Tehama,103,63373,5163,5124,595,5719,63
2021-07-01,Trinity,105,12862,494,341,100,441,3
2021-07-01,Tulare,107,460477,50531,49789,9214,59003,853
2021-07-01,Tuolumne,109,53932,4086,4113,41,4154,64
2021-07-01,Ventura,111,848112,82045,81425,3077,84502,1033
2021-07-01,Yolo,113,214977,14255,14188,359,14547,213
2021-07-01,Yuba,115,75493,6252,6197,133,6330,51
2021-06-30,Alameda,001,1643700,89941,89597,2008,91605,1256
2021-06-30,Alpine,003,1148,88,89,0,89,0
2021-06-30,Amador,005,37829,3770,3756,33,3789,46
2021-06-30,Butte,007,227075,12835,12676,1877,14553,201
2021-06-30,Calaveras,009,45235,2215,2198,13,2211,55
2021-06-30,Colusa,011,21464,1972,1967,321,2288,15
2021-06-30,Contra Costa,013,1133247,71418,70869,1341,72210,818
2021-06-30,Del Norte,015,27424,1470,1435,13,1448,8
2021-06-30,El Dorado,017,186661,10527,10420,788,11208,113
2021-06-30,Fresno,019,978130,103625,102490,8816,111306,1727
2021-06-30,Glenn,021,27897,2455,2440,573,3013,20
2021-06-30,Humboldt,023,135768,4548,4522,50,4572,49
2021-06-30,Imperial,025,180216,28829,28651,2768,31419,739
2021-06-30,Inyo,027,18085,1416,1409,14,1423,35
2021-06-30,Kern,029,883053,98058,97267,11233,108500,1348
2021-06-30,Kings,031,150075,23322,23038,1116,24154,245
2021-06-30,Lake,033,64148,3643,3601,13,3614,56
2021-06-30,Lassen,035,31185,5296,5269,117,5386,20
2021-06-30,Los Angeles,037,10098052,1214429,1208246,42080,1250326,24499
2021-06-30,Madera,039,155013,16838,16688,954,17642,240
2021-06-30,Marin,041,260295,14263,14133,267,14400,232
2021-06-30,Mariposa,043,17540,441,441,11,452,5
2021-06-30,Mendocino,045,87422,4211,4115,84,4199,49
2021-06-30,Merced,047,269075,31305,31286,1068,32354,469
2021-06-30,Modoc,049,8938,420,410,148,558,4
2021-06-30,Mono,051,14174,1266,1275,18,1293,3
2021-06-30,Monterey,053,433212,43371,43209,1884,45093,492
2021-06-30,Napa,055,140530,10062,10039,40,10079,81
2021-06-30,Nevada,057,99092,5000,4958,195,5153,72
2021-06-30,Orange,059,3164182,257120,255764,11652,267416,5125
2021-06-30,Placer,061,380077,23978,23721,1568,25289,299
2021-06-30,Plumas,063,18699,724,705,12,717,4
2021-06-30,Riverside,065,2383286,296186,293280,14234,307514,4535
2021-06-30,Sacramento,067,1510023,108954,108137,1861,109998,1676
2021-06-30,San Benito,069,59416,6126,6105,116,6221,63
2021-06-30,San Bernardino,071,2135413,295360,294211,9114,303325,4975
2021-06-30,San Diego,073,3302833,283761,282583,15483,298066,3780
2021-06-30,San Francisco,075,870044,37319,37065,1322,38387,558
2021-06-30,San Joaquin,077,732212,74346,73777,3669,77446,1409
2021-06-30,San Luis Obispo,079,281455,21581,21326,762,22088,256
2021-06-30,San Mateo,081,765935,42905,42599,495,43094,537
2021-06-30,Santa Barbara,083,443738,34680,34521,1152,35673,456
2021-06-30,Santa Clara,085,1922200,119737,118930,788,119718,2090
2021-06-30,Santa Cruz,087,273765,16365,16250,818,17068,208
2021-06-30,Shasta,089,179085,12638,12564,1654,14218,204
2021-06-30,Sierra,091,2930,63,60,12,72,0
2021-06-30,Siskiyou,093,43540,1974,1900,381,2281,29
2021-06-30,Solano,095,438530,33611,33453,581,34034,268
2021-06-30,Sonoma,097,501317,31161,30947,370,31317,316
2021-06-30,Stanislaus,099,539301,57225,56997,6064,63061,1018
2021-06-30,Sutter,101,95872,9658,9638,91,9729,114
2021-06-30,Tehama,103,63373,5161,5124,595,5719,63
2021-06-30,Trinity,105,12862,494,341,100,441,3
2021-06-30,Tulare,107,460477,50520,49764,9203,58967,853
2021-06-30,Tuolumne,109,53932,4083,4112,41,4153,64
2021-06-30,Ventura,111,848112,82002,81392,3072,84464,1032
2021-06-30,Yolo,113,214977,14249,14178,356,14534,213
2021-06-30,Yuba,115,75493,6245,6191,133,6324,51
2021-06-29,Alameda,001,1643700,89834,89519,2007,91526,1257
2021-06-29,Alpine,003,1148,88,89,0,89,0
2021-06-29,Amador,005,37829,3766,3754,33,3787,46
2021-06-29,Butte,007,227075,12827,12669,1877,14546,201
2021-06-29,Calaveras,009,45235,2209,2198,13,2211,55
2021-06-29,Colusa,011,21464,1970,1967,321,2288,15
2021-06-29,Contra Costa,013,1133247,71344,70775,1340,72115,817
2021-06-29,Del Norte,015,27424,1469,1435,13,1448,8
2021-06-29,El Dorado,017,186661,10514,10403,784,11187,113
2021-06-29,Fresno,019,978130,103592,102464,8813,111277,1725
2021-06-29,Glenn,021,27897,2454,2439,573,3012,20
2021-06-29,Humboldt,023,135768,4544,4514,49,4563,49
2021-06-29,Imperial,025,180216,28820,28645,2767,31412,737
2021-06-29,Inyo,027,18085,1416,1408,14,1422,35
2021-06-29,Kern,029,883053,98037,97173,11227,108400,1347
2021-06-29,Kings,031,150075,23313,23035,1115,24150,245
2021-06-29,Lake,033,64148,3637,3594,13,3607,56
2021-06-29,Lassen,035,31185,5289,5268,117,5385,20
2021-06-29,Los Angeles,037,10098052,1213820,1207895,42049,1249944,24498
2021-06-29,Madera,039,155013,16834,16680,953,17633,240
2021-06-29,Marin,041,260295,14251,14127,267,14394,232
2021-06-29,Mariposa,043,17540,441,441,11,452,5
2021-06-29,Mendocino,045,87422,4207,4107,83,4190,49
2021-06-29,Merced,047,269075,31293,31277,1068,32345,469
2021-06-29,Modoc,049,8938,419,408,148,556,3
2021-06-29,Mono,051,14174,1266,1275,18,1293,3
2021-06-29,Monterey,053,433212,43361,43196,1882,45078,471
2021-06-29,Napa,055,140530,10056,10033,40,10073,81
2021-06-29,Nevada,057,99092,4993,4952,195,5147,72
2021-06-29,Orange,059,3164182,257020,255686,11637,267323,5124
2021-06-29,Placer,061,380077,23958,23693,1566,25259,299
2021-06-29,Plumas,063,18699,724,704,12,716,4
2021-06-29,Riverside,065,2383286,296087,292962,14227,307189,4524
2021-06-29,Sacramento,067,1510023,108802,108067,1858,109925,1677
2021-06-29,San Benito,069,59416,6115,6099,116,6215,63
2021-06-29,San Bernardino,071,2135413,295248,294118,9112,303230,4940
2021-06-29,San Diego,073,3302833,283605,282499,15456,297955,3780
2021-06-29,San Francisco,075,870044,37281,37041,1319,38360,558
2021-06-29,San Joaquin,077,732212,74298,73724,3666,77390,1409
2021-06-29,San Luis Obispo,079,281455,21571,21324,761,22085,256
2021-06-29,San Mateo,081,765935,42871,42540,495,43035,540
2021-06-29,Santa Barbara,083,443738,34670,34507,1151,35658,455
2021-06-29,Santa Clara,085,1922200,119683,118893,787,119680,2090
2021-06-29,Santa Cruz,087,273765,16359,16249,818,17067,208
2021-06-29,Shasta,089,179085,12626,12564,1653,14217,204
2021-06-29,Sierra,091,2930,63,59,12,71,0
2021-06-29,Siskiyou,093,43540,1971,1897,377,2274,29
2021-06-29,Solano,095,438530,33578,33440,579,34019,268
2021-06-29,Sonoma,097,501317,31119,30950,368,31318,316
2021-06-29,Stanislaus,099,539301,57204,56980,6057,63037,1018
2021-06-29,Sutter,101,95872,9647,9634,91,9725,114
2021-06-29,Tehama,103,63373,5161,5124,595,5719,63
2021-06-29,Trinity,105,12862,494,341,100,441,3
2021-06-29,Tulare,107,460477,50507,49751,9198,58949,852
2021-06-29,Tuolumne,109,53932,4081,4111,41,4152,64
2021-06-29,Ventura,111,848112,81964,81363,3066,84429,1032
2021-06-29,Yolo,113,214977,14237,14171,355,14526,213
2021-06-29,Yuba,115,75493,6235,6188,133,6321,51
2021-06-28,Alameda,001,1643700,89741,89638,2004,91642,1259
2021-06-28,Alpine,003,1148,88,89,0,89,0
2021-06-28,Amador,005,37829,3765,3753,33,3786,46
2021-06-28,Butte,007,227075,12818,12697,1875,14572,198
2021-06-28,Calaveras,009,45235,2206,2203,13,2216,55
2021-06-28,Colusa,011,21464,1968,1974,321,2295,15
2021-06-28,Contra Costa,013,1133247,71270,70807,1338,72145,816
2021-06-28,Del Norte,015,27424,1469,1436,13,1449,8
2021-06-28,El Dorado,017,186661,10504,10422,780,11202,115
2021-06-28,Fresno,019,978130,103561,103121,8811,111932,1727
2021-06-28,Glenn,021,27897,2454,2439,573,3012,20
2021-06-28,Humboldt,023,135768,4537,4520,48,4568,49
2021-06-28,Imperial,025,180216,28812,28981,2766,31747,741
2021-06-28,Inyo,027,18085,1413,1407,14,1421,35
2021-06-28,Kern,029,883053,98018,97252,11222,108474,1348
2021-06-28,Kings,031,150075,23307,23134,1115,24249,246
2021-06-28,Lake,033,64148,3629,3591,13,3604,56
2021-06-28,Lassen,035,31185,5287,5268,117,5385,20
2021-06-28,Los Angeles,037,10098052,1213301,1207714,42014,1249728,24496
2021-06-28,Madera,039,155013,16823,16683,952,17635,240
2021-06-28,Marin,041,260295,14236,14186,267,14453,232
2021-06-28,Mariposa,043,17540,441,440,11,451,5
2021-06-28,Mendocino,045,87422,4198,4102,82,4184,49
2021-06-28,Merced,047,269075,31281,31277,1068,32345,469
2021-06-28,Modoc,049,8938,419,411,147,558,3
2021-06-28,Mono,051,14174,1266,1276,18,1294,3
2021-06-28,Monterey,053,433212,43357,43202,1881,45083,462
2021-06-28,Napa,055,140530,10047,10050,39,10089,81
2021-06-28,Nevada,057,99092,4989,4951,195,5146,72
2021-06-28,Orange,059,3164182,256930,255755,11623,267378,5123
2021-06-28,Placer,061,380077,23938,23756,1562,25318,299
2021-06-28,Plumas,063,18699,722,704,12,716,4
2021-06-28,Riverside,065,2383286,295961,292647,14214,306861,4507
2021-06-28,Sacramento,067,1510023,108670,108342,1853,110195,1675
2021-06-28,San Benito,069,59416,6113,6101,116,6217,63
2021-06-28,San Bernardino,071,2135413,295147,294151,9107,303258,4928
2021-06-28,San Diego,073,3302833,283441,282417,15427,297844,3780
2021-06-28,San Francisco,075,870044,37245,37372,1317,38689,559
2021-06-28,San Joaquin,077,732212,74251,73973,3662,77635,1411
2021-06-28,San Luis Obispo,079,281455,21567,21340,760,22100,256
2021-06-28,San Mateo,081,765935,42837,42927,494,43421,540
2021-06-28,Santa Barbara,083,443738,34663,34534,1149,35683,455
2021-06-28,Santa Clara,085,1922200,119619,120377,786,121163,2103
2021-06-28,Santa Cruz,087,273765,16354,16245,818,17063,208
2021-06-28,Shasta,089,179085,12622,12642,1651,14293,203
2021-06-28,Sierra,091,2930,63,58,12,70,0
2021-06-28,Siskiyou,093,43540,1970,1896,377,2273,29
2021-06-28,Solano,095,438530,33542,33524,577,34101,267
2021-06-28,Sonoma,097,501317,31082,31137,367,31504,315
2021-06-28,Stanislaus,099,539301,57186,57047,6053,63100,1018
2021-06-28,Sutter,101,95872,9643,9682,91,9773,114
2021-06-28,Tehama,103,63373,5159,5122,595,5717,63
2021-06-28,Trinity,105,12862,494,341,100,441,3
2021-06-28,Tulare,107,460477,50497,49751,9194,58945,850
2021-06-28,Tuolumne,109,53932,4074,4121,41,4162,64
2021-06-28,Ventura,111,848112,81907,81393,3061,84454,1032
2021-06-28,Yolo,113,214977,14228,14199,352,14551,213
2021-06-28,Yuba,115,75493,6230,6207,133,6340,51
2021-06-27,Alameda,001,1643700,89654,89611,2000,91611,1259
2021-06-27,Alpine,003,1148,88,89,0,89,0
2021-06-27,Amador,005,37829,3764,3752,33,3785,46
2021-06-27,Butte,007,227075,12809,12696,1874,14570,198
2021-06-27,Calaveras,009,45235,2205,2203,13,2216,55
2021-06-27,Colusa,011,21464,1968,1974,321,2295,15
2021-06-27,Contra Costa,013,1133247,71184,70762,1334,72096,816
2021-06-27,Del Norte,015,27424,1466,1436,13,1449,8
2021-06-27,El Dorado,017,186661,10492,10418,777,11195,115
2021-06-27,Fresno,019,978130,103532,103110,8809,111919,1727
2021-06-27,Glenn,021,27897,2453,2439,572,3011,20
2021-06-27,Humboldt,023,135768,4525,4513,45,4558,49
2021-06-27,Imperial,025,180216,28798,28987,2766,31753,741
2021-06-27,Inyo,027,18085,1413,1407,14,1421,35
2021-06-27,Kern,029,883053,97992,97249,11215,108464,1348
2021-06-27,Kings,031,150075,23297,23132,1115,24247,246
2021-06-27,Lake,033,64148,3622,3581,13,3594,56
2021-06-27,Lassen,035,31185,5286,5265,117,5382,20
2021-06-27,Los Angeles,037,10098052,1212756,1207461,41973,1249434,24493
2021-06-27,Madera,039,155013,16815,16680,952,17632,240
2021-06-27,Marin,041,260295,14227,14182,267,14449,232
2021-06-27,Mariposa,043,17540,441,440,11,451,5
2021-06-27,Mendocino,045,87422,4191,4100,82,4182,49
2021-06-27,Merced,047,269075,31269,31266,1068,32334,469
2021-06-27,Modoc,049,8938,419,411,147,558,3
2021-06-27,Mono,051,14174,1266,1279,18,1297,3
2021-06-27,Monterey,053,433212,43344,43199,1881,45080,462
2021-06-27,Napa,055,140530,10041,10046,39,10085,81
2021-06-27,Nevada,057,99092,4983,4946,195,5141,72
2021-06-27,Orange,059,3164182,256816,255710,11612,267322,5123
2021-06-27,Placer,061,380077,23905,23731,1559,25290,299
2021-06-27,Plumas,063,18699,722,704,12,716,4
2021-06-27,Riverside,065,2383286,295859,292641,14207,306848,4507
2021-06-27,Sacramento,067,1510023,108535,108279,1849,110128,1675
2021-06-27,San Benito,069,59416,6107,6101,116,6217,63
2021-06-27,San Bernardino,071,2135413,295034,294115,9105,303220,4927
2021-06-27,San Diego,073,3302833,283301,282359,15401,297760,3780
2021-06-27,San Francisco,075,870044,37208,37360,1316,38676,559
2021-06-27,San Joaquin,077,732212,74215,73960,3660,77620,1411
2021-06-27,San Luis Obispo,079,281455,21560,21340,759,22099,256
2021-06-27,San Mateo,081,765935,42808,42925,491,43416,539
2021-06-27,Santa Barbara,083,443738,34649,34533,1147,35680,455
2021-06-27,Santa Clara,085,1922200,119568,120352,785,121137,2103
2021-06-27,Santa Cruz,087,273765,16345,16241,818,17059,208
2021-06-27,Shasta,089,179085,12616,12640,1650,14290,203
2021-06-27,Sierra,091,2930,63,58,12,70,0
2021-06-27,Siskiyou,093,43540,1968,1896,376,2272,29
2021-06-27,Solano,095,438530,33514,33516,577,34093,267
2021-06-27,Sonoma,097,501317,31044,31129,367,31496,315
2021-06-27,Stanislaus,099,539301,57146,57021,6050,63071,1018
2021-06-27,Sutter,101,95872,9637,9678,91,9769,114
2021-06-27,Tehama,103,63373,5155,5122,595,5717,63
2021-06-27,Trinity,105,12862,494,341,99,440,3
2021-06-27,Tulare,107,460477,50484,49749,9187,58936,850
2021-06-27,Tuolumne,109,53932,4072,4121,41,4162,64
2021-06-27,Ventura,111,848112,81873,81361,3052,84413,1032
2021-06-27,Yolo,113,214977,14213,14194,348,14542,213
2021-06-27,Yuba,115,75493,6224,6205,133,6338,51
2021-06-26,Alameda,001,1643700,89597,89560,1998,91558,1259
2021-06-26,Alpine,003,1148,88,89,0,89,0
2021-06-26,Amador,005,37829,3764,3748,33,3781,46
2021-06-26,Butte,007,227075,12805,12693,1871,14564,198
2021-06-26,Calaveras,009,45235,2203,2202,13,2215,55
2021-06-26,Colusa,011,21464,1968,1973,321,2294,15
2021-06-26,Contra Costa,013,1133247,71141,70712,1333,72045,816
2021-06-26,Del Norte,015,27424,1465,1432,13,1445,8
2021-06-26,El Dorado,017,186661,10484,10414,776,11190,115
2021-06-26,Fresno,019,978130,103512,103091,8807,111898,1727
2021-06-26,Glenn,021,27897,2451,2441,572,3013,20
2021-06-26,Humboldt,023,135768,4522,4509,45,4554,49
2021-06-26,Imperial,025,180216,28794,28970,2766,31736,741
2021-06-26,Inyo,027,18085,1413,1407,14,1421,35
2021-06-26,Kern,029,883053,97966,97239,11206,108445,1348
2021-06-26,Kings,031,150075,23293,23128,1114,24242,246
2021-06-26,Lake,033,64148,3611,3576,13,3589,56
2021-06-26,Lassen,035,31185,5283,5263,117,5380,20
2021-06-26,Los Angeles,037,10098052,1212450,1207198,41940,1249138,24490
2021-06-26,Madera,039,155013,16808,16679,951,17630,240
2021-06-26,Marin,041,260295,14218,14180,267,14447,232
2021-06-26,Mariposa,043,17540,441,440,11,451,5
2021-06-26,Mendocino,045,87422,4189,4096,82,4178,49
2021-06-26,Merced,047,269075,31263,31259,1067,32326,469
2021-06-26,Modoc,049,8938,419,411,147,558,3
2021-06-26,Mono,051,14174,1266,1279,18,1297,3
2021-06-26,Monterey,053,433212,43341,43192,1881,45073,462
2021-06-26,Napa,055,140530,10035,10043,39,10082,81
2021-06-26,Nevada,057,99092,4978,4939,195,5134,72
2021-06-26,Orange,059,3164182,256737,255640,11605,267245,5123
2021-06-26,Placer,061,380077,23891,23702,1557,25259,299
2021-06-26,Plumas,063,18699,722,704,12,716,4
2021-06-26,Riverside,065,2383286,295801,292480,14201,306681,4505
2021-06-26,Sacramento,067,1510023,108464,108179,1847,110026,1675
2021-06-26,San Benito,069,59416,6103,6100,116,6216,63
2021-06-26,San Bernardino,071,2135413,294939,294034,9100,303134,4928
2021-06-26,San Diego,073,3302833,283216,282263,15383,297646,3780
2021-06-26,San Francisco,075,870044,37176,37348,1315,38663,559
2021-06-26,San Joaquin,077,732212,74186,73928,3659,77587,1411
2021-06-26,San Luis Obispo,079,281455,21559,21330,758,22088,256
2021-06-26,San Mateo,081,765935,42788,42898,491,43389,539
2021-06-26,Santa Barbara,083,443738,34640,34525,1147,35672,455
2021-06-26,Santa Clara,085,1922200,119535,120321,785,121106,2103
2021-06-26,Santa Cruz,087,273765,16342,16239,818,17057,208
2021-06-26,Shasta,089,179085,12612,12635,1646,14281,203
2021-06-26,Sierra,091,2930,63,58,12,70,0
2021-06-26,Siskiyou,093,43540,1967,1896,375,2271,29
2021-06-26,Solano,095,438530,33496,33489,575,34064,267
2021-06-26,Sonoma,097,501317,31018,31088,367,31455,315
2021-06-26,Stanislaus,099,539301,57130,57006,6048,63054,1018
2021-06-26,Sutter,101,95872,9636,9669,91,9760,114
2021-06-26,Tehama,103,63373,5155,5119,595,5714,63
2021-06-26,Trinity,105,12862,494,341,99,440,3
2021-06-26,Tulare,107,460477,50478,49745,9187,58932,850
2021-06-26,Tuolumne,109,53932,4072,4121,41,4162,64
2021-06-26,Ventura,111,848112,81849,81352,3051,84403,1032
2021-06-26,Yolo,113,214977,14205,14184,348,14532,213
2021-06-26,Yuba,115,75493,6221,6200,133,6333,51
2021-06-25,Alameda,001,1643700,89530,89453,1996,91449,1271
2021-06-25,Alpine,003,1148,88,89,0,89,0
2021-06-25,Amador,005,37829,3763,3746,33,3779,46
2021-06-25,Butte,007,227075,12800,12682,1868,14550,198
2021-06-25,Calaveras,009,45235,2202,2201,13,2214,55
2021-06-25,Colusa,011,21464,1968,1972,321,2293,15
2021-06-25,Contra Costa,013,1133247,71105,70659,1333,71992,815
2021-06-25,Del Norte,015,27424,1465,1426,13,1439,8
2021-06-25,El Dorado,017,186661,10476,10406,773,11179,115
2021-06-25,Fresno,019,978130,103494,103073,8803,111876,1727
2021-06-25,Glenn,021,27897,2451,2441,572,3013,20
2021-06-25,Humboldt,023,135768,4516,4503,43,4546,49
2021-06-25,Imperial,025,180216,28791,28968,2766,31734,740
2021-06-25,Inyo,027,18085,1412,1406,14,1420,35
2021-06-25,Kern,029,883053,97947,97182,11202,108384,1347
2021-06-25,Kings,031,150075,23287,23118,1114,24232,246
2021-06-25,Lake,033,64148,3605,3571,13,3584,56
2021-06-25,Lassen,035,31185,5282,5259,117,5376,20
2021-06-25,Los Angeles,037,10098052,1212169,1206909,41923,1248832,24483
2021-06-25,Madera,039,155013,16805,16670,951,17621,240
2021-06-25,Marin,041,260295,14215,14179,267,14446,232
2021-06-25,Mariposa,043,17540,441,440,11,451,5
2021-06-25,Mendocino,045,87422,4186,4089,82,4171,49
2021-06-25,Merced,047,269075,31255,31256,1067,32323,467
2021-06-25,Modoc,049,8938,419,411,147,558,3
2021-06-25,Mono,051,14174,1266,1279,18,1297,3
2021-06-25,Monterey,053,433212,43336,43184,1880,45064,462
2021-06-25,Napa,055,140530,10030,10037,39,10076,81
2021-06-25,Nevada,057,99092,4975,4932,195,5127,72
2021-06-25,Orange,059,3164182,256666,255574,11603,267177,5119
2021-06-25,Placer,061,380077,23872,23672,1556,25228,299
2021-06-25,Plumas,063,18699,722,702,11,713,4
2021-06-25,Riverside,065,2383286,295733,291663,14194,305857,4490
2021-06-25,Sacramento,067,1510023,108392,108034,1844,109878,1673
2021-06-25,San Benito,069,59416,6099,6098,116,6214,63
2021-06-25,San Bernardino,071,2135413,294884,293941,9098,303039,4911
2021-06-25,San Diego,073,3302833,283156,282157,15370,297527,3779
2021-06-25,San Francisco,075,870044,37153,37338,1314,38652,559
2021-06-25,San Joaquin,077,732212,74153,73860,3657,77517,1410
2021-06-25,San Luis Obispo,079,281455,21556,21325,757,22082,256
2021-06-25,San Mateo,081,765935,42770,42849,491,43340,537
2021-06-25,Santa Barbara,083,443738,34631,34518,1146,35664,454
2021-06-25,Santa Clara,085,1922200,119515,120272,785,121057,2103
2021-06-25,Santa Cruz,087,273765,16339,16230,816,17046,208
2021-06-25,Shasta,089,179085,12602,12633,1645,14278,202
2021-06-25,Sierra,091,2930,63,58,12,70,0
2021-06-25,Siskiyou,093,43540,1966,1894,375,2269,29
2021-06-25,Solano,095,438530,33476,33449,575,34024,267
2021-06-25,Sonoma,097,501317,30995,31043,367,31410,314
2021-06-25,Stanislaus,099,539301,57114,56973,6041,63014,1018
2021-06-25,Sutter,101,95872,9629,9664,91,9755,114
2021-06-25,Tehama,103,63373,5154,5119,595,5714,63
2021-06-25,Trinity,105,12862,494,338,99,437,3
2021-06-25,Tulare,107,460477,50471,49731,9184,58915,850
2021-06-25,Tuolumne,109,53932,4071,4121,41,4162,64
2021-06-25,Ventura,111,848112,81820,81342,3045,84387,1032
2021-06-25,Yolo,113,214977,14199,14172,348,14520,213
2021-06-25,Yuba,115,75493,6217,6195,133,6328,51
2021-06-24,Alameda,001,1643700,89459,89358,1993,91351,1268
2021-06-24,Alpine,003,1148,88,89,0,89,0
2021-06-24,Amador,005,37829,3759,3745,33,3778,46
2021-06-24,Butte,007,227075,12794,12673,1866,14539,198
2021-06-24,Calaveras,009,45235,2199,2202,13,2215,55
2021-06-24,Colusa,011,21464,1967,1972,321,2293,15
2021-06-24,Contra Costa,013,1133247,71046,70590,1333,71923,813
2021-06-24,Del Norte,015,27424,1464,1421,13,1434,8
2021-06-24,El Dorado,017,186661,10469,10402,773,11175,115
2021-06-24,Fresno,019,978130,103474,103061,8801,111862,1727
2021-06-24,Glenn,021,27897,2450,2439,572,3011,20
2021-06-24,Humboldt,023,135768,4511,4493,43,4536,49
2021-06-24,Imperial,025,180216,28788,28981,2766,31747,740
2021-06-24,Inyo,027,18085,1411,1406,14,1420,35
2021-06-24,Kern,029,883053,97928,97129,11189,108318,1346
2021-06-24,Kings,031,150075,23283,23114,1112,24226,246
2021-06-24,Lake,033,64148,3599,3571,13,3584,56
2021-06-24,Lassen,035,31185,5281,5258,117,5375,20
2021-06-24,Los Angeles,037,10098052,1211845,1206590,41900,1248490,24480
2021-06-24,Madera,039,155013,16794,16662,950,17612,240
2021-06-24,Marin,041,260295,14211,14180,267,14447,232
2021-06-24,Mariposa,043,17540,441,440,11,451,5
2021-06-24,Mendocino,045,87422,4178,4085,82,4167,49
2021-06-24,Merced,047,269075,31245,31248,1066,32314,466
2021-06-24,Modoc,049,8938,419,411,147,558,3
2021-06-24,Mono,051,14174,1266,1276,18,1294,3
2021-06-24,Monterey,053,433212,43329,43180,1880,45060,451
2021-06-24,Napa,055,140530,10028,10036,39,10075,80
2021-06-24,Nevada,057,99092,4973,4927,195,5122,72
2021-06-24,Orange,059,3164182,256602,255520,11595,267115,5117
2021-06-24,Placer,061,380077,23847,23659,1554,25213,299
2021-06-24,Plumas,063,18699,721,702,11,713,4
2021-06-24,Riverside,065,2383286,295653,291067,14183,305250,4473
2021-06-24,Sacramento,067,1510023,108304,107965,1842,109807,1672
2021-06-24,San Benito,069,59416,6096,6098,116,6214,63
2021-06-24,San Bernardino,071,2135413,294814,293895,9093,302988,4898
2021-06-24,San Diego,073,3302833,283052,282053,15357,297410,3778
2021-06-24,San Francisco,075,870044,37131,37320,1312,38632,559
2021-06-24,San Joaquin,077,732212,74105,73814,3657,77471,1408
2021-06-24,San Luis Obispo,079,281455,21550,21326,757,22083,256
2021-06-24,San Mateo,081,765935,42744,42814,490,43304,542
2021-06-24,Santa Barbara,083,443738,34625,34512,1145,35657,454
2021-06-24,Santa Clara,085,1922200,119484,120274,784,121058,2103
2021-06-24,Santa Cruz,087,273765,16338,16227,816,17043,208
2021-06-24,Shasta,089,179085,12597,12629,1641,14270,202
2021-06-24,Sierra,091,2930,63,58,12,70,0
2021-06-24,Siskiyou,093,43540,1966,1892,375,2267,28
2021-06-24,Solano,095,438530,33453,33432,573,34005,267
2021-06-24,Sonoma,097,501317,30966,31020,367,31387,314
2021-06-24,Stanislaus,099,539301,57088,56946,6041,62987,1018
2021-06-24,Sutter,101,95872,9622,9660,91,9751,113
2021-06-24,Tehama,103,63373,5151,5115,595,5710,63
2021-06-24,Trinity,105,12862,493,338,99,437,3
2021-06-24,Tulare,107,460477,50460,49730,9182,58912,850
2021-06-24,Tuolumne,109,53932,4069,4120,41,4161,64
2021-06-24,Ventura,111,848112,81792,81332,3044,84376,1032
2021-06-24,Yolo,113,214977,14190,14169,345,14514,213
2021-06-24,Yuba,115,75493,6212,6195,133,6328,51
2021-06-23,Alameda,001,1643700,89387,89338,1992,91330,1266
2021-06-23,Alpine,003,1148,88,88,0,88,0
2021-06-23,Amador,005,37829,3757,3743,33,3776,46
2021-06-23,Butte,007,227075,12787,12666,1866,14532,198
2021-06-23,Calaveras,009,45235,2198,2199,13,2212,55
2021-06-23,Colusa,011,21464,1966,1972,321,2293,15
2021-06-23,Contra Costa,013,1133247,70981,70526,1332,71858,813
2021-06-23,Del Norte,015,27424,1460,1418,13,1431,8
2021-06-23,El Dorado,017,186661,10460,10395,770,11165,115
2021-06-23,Fresno,019,978130,103445,103020,8799,111819,1724
2021-06-23,Glenn,021,27897,2450,2437,571,3008,20
2021-06-23,Humboldt,023,135768,4502,4490,43,4533,48
2021-06-23,Imperial,025,180216,28781,28908,2766,31674,740
2021-06-23,Inyo,027,18085,1411,1406,14,1420,35
2021-06-23,Kern,029,883053,97900,97078,11176,108254,1345
2021-06-23,Kings,031,150075,23276,23105,1110,24215,245
2021-06-23,Lake,033,64148,3590,3566,13,3579,53
2021-06-23,Lassen,035,31185,5278,5257,117,5374,20
2021-06-23,Los Angeles,037,10098052,1211508,1206358,41890,1248248,24472
2021-06-23,Madera,039,155013,16787,16660,950,17610,240
2021-06-23,Marin,041,260295,14205,14177,267,14444,230
2021-06-23,Mariposa,043,17540,441,439,11,450,5
2021-06-23,Mendocino,045,87422,4174,4078,82,4160,49
2021-06-23,Merced,047,269075,31236,31260,1066,32326,465
2021-06-23,Modoc,049,8938,417,407,147,554,3
2021-06-23,Mono,051,14174,1266,1279,18,1297,3
2021-06-23,Monterey,053,433212,43320,43166,1880,45046,439
2021-06-23,Napa,055,140530,10019,10032,39,10071,80
2021-06-23,Nevada,057,99092,4970,4924,195,5119,72
2021-06-23,Orange,059,3164182,256536,255479,11587,267066,5116
2021-06-23,Placer,061,380077,23818,23630,1549,25179,299
2021-06-23,Plumas,063,18699,720,701,11,712,4
2021-06-23,Riverside,065,2383286,295570,290343,14181,304524,4462
2021-06-23,Sacramento,067,1510023,108212,107868,1837,109705,1671
2021-06-23,San Benito,069,59416,6092,6097,116,6213,63
2021-06-23,San Bernardino,071,2135413,294735,293816,9088,302904,4886
2021-06-23,San Diego,073,3302833,282952,281937,15336,297273,3777
2021-06-23,San Francisco,075,870044,37107,37304,1310,38614,559
2021-06-23,San Joaquin,077,732212,74066,73764,3655,77419,1405
2021-06-23,San Luis Obispo,079,281455,21546,21323,756,22079,257
2021-06-23,San Mateo,081,765935,42728,42756,490,43246,542
2021-06-23,Santa Barbara,083,443738,34615,34505,1145,35650,454
2021-06-23,Santa Clara,085,1922200,119455,120233,784,121017,2098
2021-06-23,Santa Cruz,087,273765,16334,16215,816,17031,209
2021-06-23,Shasta,089,179085,12590,12604,1639,14243,202
2021-06-23,Sierra,091,2930,63,57,12,69,0
2021-06-23,Siskiyou,093,43540,1964,1892,375,2267,28
2021-06-23,Solano,095,438530,33409,33408,573,33981,267
2021-06-23,Sonoma,097,501317,30926,30959,365,31324,314
2021-06-23,Stanislaus,099,539301,57058,56926,6040,62966,1017
2021-06-23,Sutter,101,95872,9616,9653,91,9744,113
2021-06-23,Tehama,103,63373,5151,5119,594,5713,63
2021-06-23,Trinity,105,12862,493,338,99,437,3
2021-06-23,Tulare,107,460477,50453,49711,9178,58889,850
2021-06-23,Tuolumne,109,53932,4066,4120,41,4161,64
2021-06-23,Ventura,111,848112,81769,81312,3041,84353,1032
2021-06-23,Yolo,113,214977,14180,14161,345,14506,212
2021-06-23,Yuba,115,75493,6209,6190,133,6323,51
2021-06-22,Alameda,001,1643700,89320,89308,1992,91300,1263
2021-06-22,Alpine,003,1148,88,88,0,88,0
2021-06-22,Amador,005,37829,3754,3743,33,3776,46
2021-06-22,Butte,007,227075,12783,12662,1863,14525,198
2021-06-22,Calaveras,009,45235,2197,2198,13,2211,55
2021-06-22,Colusa,011,21464,1965,1971,321,2292,15
2021-06-22,Contra Costa,013,1133247,70925,70480,1331,71811,813
2021-06-22,Del Norte,015,27424,1457,1417,13,1430,8
2021-06-22,El Dorado,017,186661,10455,10380,769,11149,113
2021-06-22,Fresno,019,978130,103426,102996,8795,111791,1724
2021-06-22,Glenn,021,27897,2449,2435,569,3004,19
2021-06-22,Humboldt,023,135768,4492,4483,43,4526,42
2021-06-22,Imperial,025,180216,28776,28880,2766,31646,740
2021-06-22,Inyo,027,18085,1411,1405,14,1419,35
2021-06-22,Kern,029,883053,97887,97013,11172,108185,1342
2021-06-22,Kings,031,150075,23268,23098,1109,24207,245
2021-06-22,Lake,033,64148,3588,3564,13,3577,45
2021-06-22,Lassen,035,31185,5273,5254,117,5371,20
2021-06-22,Los Angeles,037,10098052,1211194,1206146,41878,1248024,24461
2021-06-22,Madera,039,155013,16782,16652,950,17602,240
2021-06-22,Marin,041,260295,14203,14174,267,14441,230
2021-06-22,Mariposa,043,17540,441,439,11,450,5
2021-06-22,Mendocino,045,87422,4168,4072,82,4154,49
2021-06-22,Merced,047,269075,31225,31267,1066,32333,464
2021-06-22,Modoc,049,8938,415,405,146,551,3
2021-06-22,Mono,051,14174,1266,1277,18,1295,3
2021-06-22,Monterey,053,433212,43317,43162,1879,45041,427
2021-06-22,Napa,055,140530,10015,10029,39,10068,80
2021-06-22,Nevada,057,99092,4964,4923,195,5118,72
2021-06-22,Orange,059,3164182,256467,255452,11576,267028,5114
2021-06-22,Placer,061,380077,23796,23603,1549,25152,299
2021-06-22,Plumas,063,18699,720,697,11,708,4
2021-06-22,Riverside,065,2383286,295509,289839,14177,304016,4456
2021-06-22,Sacramento,067,1510023,108111,107801,1832,109633,1670
2021-06-22,San Benito,069,59416,6091,6098,116,6214,63
2021-06-22,San Bernardino,071,2135413,294660,293770,9082,302852,4873
2021-06-22,San Diego,073,3302833,282848,281867,15313,297180,3771
2021-06-22,San Francisco,075,870044,37093,37287,1310,38597,556
2021-06-22,San Joaquin,077,732212,74036,73723,3653,77376,1405
2021-06-22,San Luis Obispo,079,281455,21543,21321,755,22076,257
2021-06-22,San Mateo,081,765935,42714,42725,485,43210,542
2021-06-22,Santa Barbara,083,443738,34604,34500,1144,35644,454
2021-06-22,Santa Clara,085,1922200,119423,120194,784,120978,2095
2021-06-22,Santa Cruz,087,273765,16329,16218,816,17034,209
2021-06-22,Shasta,089,179085,12579,12616,1636,14252,202
2021-06-22,Sierra,091,2930,62,57,12,69,0
2021-06-22,Siskiyou,093,43540,1964,1892,375,2267,28
2021-06-22,Solano,095,438530,33391,33397,572,33969,267
2021-06-22,Sonoma,097,501317,30886,30933,365,31298,314
2021-06-22,Stanislaus,099,539301,57042,56915,6038,62953,1017
2021-06-22,Sutter,101,95872,9609,9649,91,9740,113
2021-06-22,Tehama,103,63373,5149,5118,593,5711,63
2021-06-22,Trinity,105,12862,491,337,99,436,3
2021-06-22,Tulare,107,460477,50443,49706,9173,58879,850
2021-06-22,Tuolumne,109,53932,4064,4119,41,4160,64
2021-06-22,Ventura,111,848112,81755,81300,3040,84340,1032
2021-06-22,Yolo,113,214977,14175,14157,343,14500,212
2021-06-22,Yuba,115,75493,6205,6181,133,6314,51
2021-06-21,Alameda,001,1643700,89263,89281,1991,91272,1262
2021-06-21,Alpine,003,1148,88,88,0,88,0
2021-06-21,Amador,005,37829,3748,3742,33,3775,46
2021-06-21,Butte,007,227075,12777,12668,1861,14529,195
2021-06-21,Calaveras,009,45235,2195,2194,13,2207,55
2021-06-21,Colusa,011,21464,1964,1970,320,2290,15
2021-06-21,Contra Costa,013,1133247,70854,70439,1329,71768,813
2021-06-21,Del Norte,015,27424,1453,1416,13,1429,8
2021-06-21,El Dorado,017,186661,10449,10375,768,11143,113
2021-06-21,Fresno,019,978130,103406,102971,8792,111763,1724
2021-06-21,Glenn,021,27897,2448,2433,569,3002,19
2021-06-21,Humboldt,023,135768,4483,4478,42,4520,42
2021-06-21,Imperial,025,180216,28772,28855,2766,31621,740
2021-06-21,Inyo,027,18085,1410,1405,14,1419,35
2021-06-21,Kern,029,883053,97858,96995,11163,108158,1342
2021-06-21,Kings,031,150075,23261,23091,1106,24197,245
2021-06-21,Lake,033,64148,3582,3563,13,3576,45
2021-06-21,Lassen,035,31185,5271,5233,117,5350,19
2021-06-21,Los Angeles,037,10098052,1210902,1205994,41857,1247851,24459
2021-06-21,Madera,039,155013,16773,16647,950,17597,240
2021-06-21,Marin,041,260295,14199,14173,267,14440,230
2021-06-21,Mariposa,043,17540,441,439,11,450,5
2021-06-21,Mendocino,045,87422,4165,4085,82,4167,49
2021-06-21,Merced,047,269075,31215,31264,1065,32329,465
2021-06-21,Modoc,049,8938,415,405,146,551,3
2021-06-21,Mono,051,14174,1266,1277,18,1295,3
2021-06-21,Monterey,053,433212,43314,43157,1879,45036,427
2021-06-21,Napa,055,140530,10010,10028,39,10067,80
2021-06-21,Nevada,057,99092,4960,4921,195,5116,72
2021-06-21,Orange,059,3164182,256394,255400,11569,266969,5113
2021-06-21,Placer,061,380077,23772,23577,1549,25126,298
2021-06-21,Plumas,063,18699,718,697,11,708,4
2021-06-21,Riverside,065,2383286,295433,289797,14172,303969,4456
2021-06-21,Sacramento,067,1510023,107999,107757,1831,109588,1669
2021-06-21,San Benito,069,59416,6087,6098,116,6214,63
2021-06-21,San Bernardino,071,2135413,294573,293736,9078,302814,4850
2021-06-21,San Diego,073,3302833,282743,281811,15293,297104,3771
2021-06-21,San Francisco,075,870044,37077,37275,1309,38584,556
2021-06-21,San Joaquin,077,732212,73995,73687,3652,77339,1405
2021-06-21,San Luis Obispo,079,281455,21534,21316,755,22071,257
2021-06-21,San Mateo,081,765935,42698,42685,484,43169,542
2021-06-21,Santa Barbara,083,443738,34599,34492,1144,35636,455
2021-06-21,Santa Clara,085,1922200,119390,120192,783,120975,2093
2021-06-21,Santa Cruz,087,273765,16327,16212,816,17028,208
2021-06-21,Shasta,089,179085,12566,12617,1633,14250,201
2021-06-21,Sierra,091,2930,62,57,12,69,0
2021-06-21,Siskiyou,093,43540,1964,1892,375,2267,27
2021-06-21,Solano,095,438530,33368,33383,571,33954,266
2021-06-21,Sonoma,097,501317,30863,30912,365,31277,314
2021-06-21,Stanislaus,099,539301,57012,56891,6033,62924,1017
2021-06-21,Sutter,101,95872,9606,9649,91,9740,113
2021-06-21,Tehama,103,63373,5149,5115,592,5707,63
2021-06-21,Trinity,105,12862,491,337,99,436,3
2021-06-21,Tulare,107,460477,50432,49689,9169,58858,849
2021-06-21,Tuolumne,109,53932,4060,4119,41,4160,63
2021-06-21,Ventura,111,848112,81727,81291,3036,84327,1031
2021-06-21,Yolo,113,214977,14169,14165,343,14508,212
2021-06-21,Yuba,115,75493,6204,6172,133,6305,51
2021-06-20,Alameda,001,1643700,89198,89255,1990,91245,1263
2021-06-20,Alpine,003,1148,88,88,0,88,0
2021-06-20,Amador,005,37829,3745,3740,33,3773,46
2021-06-20,Butte,007,227075,12770,12668,1860,14528,194
2021-06-20,Calaveras,009,45235,2194,2193,13,2206,55
2021-06-20,Colusa,011,21464,1964,1970,320,2290,15
2021-06-20,Contra Costa,013,1133247,70797,70401,1327,71728,813
2021-06-20,Del Norte,015,27424,1449,1416,13,1429,8
2021-06-20,El Dorado,017,186661,10435,10372,765,11137,113
2021-06-20,Fresno,019,978130,103365,102947,8789,111736,1724
2021-06-20,Glenn,021,27897,2448,2434,569,3003,19
2021-06-20,Humboldt,023,135768,4477,4472,42,4514,42
2021-06-20,Imperial,025,180216,28763,28855,2766,31621,740
2021-06-20,Inyo,027,18085,1409,1405,14,1419,35
2021-06-20,Kern,029,883053,97837,96985,11152,108137,1342
2021-06-20,Kings,031,150075,23256,23088,1104,24192,245
2021-06-20,Lake,033,64148,3580,3563,13,3576,45
2021-06-20,Lassen,035,31185,5268,5230,117,5347,19
2021-06-20,Los Angeles,037,10098052,1210603,1205874,41849,1247723,24456
2021-06-20,Madera,039,155013,16765,16638,948,17586,240
2021-06-20,Marin,041,260295,14196,14166,267,14433,230
2021-06-20,Mariposa,043,17540,439,439,11,450,5
2021-06-20,Mendocino,045,87422,4158,4080,82,4162,49
2021-06-20,Merced,047,269075,31202,31265,1065,32330,465
2021-06-20,Modoc,049,8938,415,405,146,551,3
2021-06-20,Mono,051,14174,1266,1275,18,1293,3
2021-06-20,Monterey,053,433212,43305,43156,1878,45034,427
2021-06-20,Napa,055,140530,10003,10026,38,10064,80
2021-06-20,Nevada,057,99092,4953,4919,195,5114,72
2021-06-20,Orange,059,3164182,256330,255377,11558,266935,5113
2021-06-20,Placer,061,380077,23738,23562,1545,25107,298
2021-06-20,Plumas,063,18699,717,697,11,708,4
2021-06-20,Riverside,065,2383286,295354,289770,14161,303931,4456
2021-06-20,Sacramento,067,1510023,107888,107700,1828,109528,1669
2021-06-20,San Benito,069,59416,6087,6098,116,6214,63
2021-06-20,San Bernardino,071,2135413,294473,293713,9074,302787,4845
2021-06-20,San Diego,073,3302833,282637,281750,15271,297021,3771
2021-06-20,San Francisco,075,870044,37054,37269,1309,38578,556
2021-06-20,San Joaquin,077,732212,73950,73676,3643,77319,1405
2021-06-20,San Luis Obispo,079,281455,21532,21313,755,22068,257
2021-06-20,San Mateo,081,765935,42669,42681,484,43165,542
2021-06-20,Santa Barbara,083,443738,34590,34487,1144,35631,455
2021-06-20,Santa Clara,085,1922200,119355,120163,783,120946,2093
2021-06-20,Santa Cruz,087,273765,16321,16210,816,17026,208
2021-06-20,Shasta,089,179085,12561,12617,1631,14248,201
2021-06-20,Sierra,091,2930,62,57,12,69,0
2021-06-20,Siskiyou,093,43540,1963,1891,375,2266,27
2021-06-20,Solano,095,438530,33346,33361,569,33930,266
2021-06-20,Sonoma,097,501317,30816,30884,362,31246,314
2021-06-20,Stanislaus,099,539301,56980,56868,6032,62900,1017
2021-06-20,Sutter,101,95872,9603,9645,91,9736,113
2021-06-20,Tehama,103,63373,5145,5115,592,5707,63
2021-06-20,Trinity,105,12862,491,337,99,436,3
2021-06-20,Tulare,107,460477,50423,49685,9167,58852,849
2021-06-20,Tuolumne,109,53932,4057,4117,41,4158,63
2021-06-20,Ventura,111,848112,81711,81282,3034,84316,1031
2021-06-20,Yolo,113,214977,14162,14160,343,14503,212
2021-06-20,Yuba,115,75493,6197,6167,133,6300,51
2021-06-19,Alameda,001,1643700,89163,89202,1990,91192,1263
2021-06-19,Alpine,003,1148,88,88,0,88,0
2021-06-19,Amador,005,37829,3743,3739,33,3772,46
2021-06-19,Butte,007,227075,12766,12659,1860,14519,194
2021-06-19,Calaveras,009,45235,2194,2192,13,2205,55
2021-06-19,Colusa,011,21464,1964,1969,320,2289,15
2021-06-19,Contra Costa,013,1133247,70766,70334,1326,71660,813
2021-06-19,Del Norte,015,27424,1448,1416,13,1429,8
2021-06-19,El Dorado,017,186661,10434,10363,764,11127,113
2021-06-19,Fresno,019,978130,103352,102922,8786,111708,1724
2021-06-19,Glenn,021,27897,2447,2434,568,3002,19
2021-06-19,Humboldt,023,135768,4466,4463,42,4505,42
2021-06-19,Imperial,025,180216,28762,28813,2766,31579,740
2021-06-19,Inyo,027,18085,1409,1405,14,1419,35
2021-06-19,Kern,029,883053,97821,96966,11148,108114,1342
2021-06-19,Kings,031,150075,23253,23086,1104,24190,245
2021-06-19,Lake,033,64148,3576,3563,13,3576,45
2021-06-19,Lassen,035,31185,5267,5225,117,5342,19
2021-06-19,Los Angeles,037,10098052,1210403,1205602,41834,1247436,24454
2021-06-19,Madera,039,155013,16763,16632,948,17580,240
2021-06-19,Marin,041,260295,14188,14152,267,14419,230
2021-06-19,Mariposa,043,17540,439,439,11,450,5
2021-06-19,Mendocino,045,87422,4152,4077,82,4159,49
2021-06-19,Merced,047,269075,31200,31256,1065,32321,465
2021-06-19,Modoc,049,8938,414,402,146,548,3
2021-06-19,Mono,051,14174,1266,1275,18,1293,3
2021-06-19,Monterey,053,433212,43299,43153,1878,45031,427
2021-06-19,Napa,055,140530,9999,10025,38,10063,80
2021-06-19,Nevada,057,99092,4948,4910,195,5105,72
2021-06-19,Orange,059,3164182,256283,255329,11555,266884,5112
2021-06-19,Placer,061,380077,23722,23537,1542,25079,298
2021-06-19,Plumas,063,18699,716,697,11,708,4
2021-06-19,Riverside,065,2383286,295308,289720,14161,303881,4456
2021-06-19,Sacramento,067,1510023,107842,107631,1825,109456,1669
2021-06-19,San Benito,069,59416,6086,6098,116,6214,63
2021-06-19,San Bernardino,071,2135413,294429,293673,9071,302744,4844
2021-06-19,San Diego,073,3302833,282577,281682,15257,296939,3771
2021-06-19,San Francisco,075,870044,37041,37256,1309,38565,556
2021-06-19,San Joaquin,077,732212,73934,73652,3639,77291,1405
2021-06-19,San Luis Obispo,079,281455,21530,21308,755,22063,257
2021-06-19,San Mateo,081,765935,42651,42646,482,43128,542
2021-06-19,Santa Barbara,083,443738,34588,34472,1144,35616,455
2021-06-19,Santa Clara,085,1922200,119332,120110,782,120892,2093
2021-06-19,Santa Cruz,087,273765,16316,16206,816,17022,208
2021-06-19,Shasta,089,179085,12559,12615,1630,14245,201
2021-06-19,Sierra,091,2930,62,57,12,69,0
2021-06-19,Siskiyou,093,43540,1963,1891,374,2265,27
2021-06-19,Solano,095,438530,33336,33341,568,33909,266
2021-06-19,Sonoma,097,501317,30775,30841,361,31202,314
2021-06-19,Stanislaus,099,539301,56961,56847,6029,62876,1017
2021-06-19,Sutter,101,95872,9600,9645,91,9736,113
2021-06-19,Tehama,103,63373,5144,5115,592,5707,63
2021-06-19,Trinity,105,12862,491,337,99,436,3
2021-06-19,Tulare,107,460477,50416,49681,9162,58843,849
2021-06-19,Tuolumne,109,53932,4057,4117,41,4158,63
2021-06-19,Ventura,111,848112,81698,81270,3033,84303,1031
2021-06-19,Yolo,113,214977,14158,14156,342,14498,212
2021-06-19,Yuba,115,75493,6196,6157,133,6290,51
2021-06-18,Alameda,001,1643700,89126,89123,1990,91113,1263
2021-06-18,Alpine,003,1148,88,88,0,88,0
2021-06-18,Amador,005,37829,3743,3739,33,3772,46
2021-06-18,Butte,007,227075,12763,12653,1857,14510,194
2021-06-18,Calaveras,009,45235,2194,2191,13,2204,55
2021-06-18,Colusa,011,21464,1963,1969,320,2289,15
2021-06-18,Contra Costa,013,1133247,70724,70271,1324,71595,813
2021-06-18,Del Norte,015,27424,1448,1415,13,1428,8
2021-06-18,El Dorado,017,186661,10431,10348,762,11110,113
2021-06-18,Fresno,019,978130,103336,102894,8784,111678,1722
2021-06-18,Glenn,021,27897,2446,2430,568,2998,19
2021-06-18,Humboldt,023,135768,4458,4450,42,4492,42
2021-06-18,Imperial,025,180216,28760,28809,2766,31575,740
2021-06-18,Inyo,027,18085,1409,1405,14,1419,35
2021-06-18,Kern,029,883053,97810,96948,11142,108090,1341
2021-06-18,Kings,031,150075,23248,23082,1104,24186,245
2021-06-18,Lake,033,64148,3572,3563,13,3576,45
2021-06-18,Lassen,035,31185,5266,5224,117,5341,19
2021-06-18,Los Angeles,037,10098052,1210246,1205472,41817,1247289,24451
2021-06-18,Madera,039,155013,16757,16625,948,17573,241
2021-06-18,Marin,041,260295,14185,14147,267,14414,230
2021-06-18,Mariposa,043,17540,439,439,11,450,5
2021-06-18,Mendocino,045,87422,4147,4068,82,4150,49
2021-06-18,Merced,047,269075,31198,31262,1065,32327,464
2021-06-18,Modoc,049,8938,414,402,146,548,3
2021-06-18,Mono,051,14174,1265,1275,17,1292,3
2021-06-18,Monterey,053,433212,43296,43148,1878,45026,427
2021-06-18,Napa,055,140530,9995,10021,38,10059,80
2021-06-18,Nevada,057,99092,4940,4903,195,5098,72
2021-06-18,Orange,059,3164182,256246,255274,11552,266826,5108
2021-06-18,Placer,061,380077,23714,23500,1539,25039,298
2021-06-18,Plumas,063,18699,716,697,11,708,4
2021-06-18,Riverside,065,2383286,295260,289676,14160,303836,4457
2021-06-18,Sacramento,067,1510023,107794,107570,1825,109395,1669
2021-06-18,San Benito,069,59416,6085,6097,116,6213,63
2021-06-18,San Bernardino,071,2135413,294384,293629,9067,302696,4826
2021-06-18,San Diego,073,3302833,282501,281608,15246,296854,3771
2021-06-18,San Francisco,075,870044,37032,37246,1309,38555,556
2021-06-18,San Joaquin,077,732212,73916,73623,3637,77260,1403
2021-06-18,San Luis Obispo,079,281455,21526,21301,754,22055,257
2021-06-18,San Mateo,081,765935,42640,42630,481,43111,542
2021-06-18,Santa Barbara,083,443738,34578,34469,1144,35613,455
2021-06-18,Santa Clara,085,1922200,119311,120081,780,120861,2093
2021-06-18,Santa Cruz,087,273765,16312,16202,816,17018,208
2021-06-18,Shasta,089,179085,12555,12607,1628,14235,201
2021-06-18,Sierra,091,2930,61,57,12,69,0
2021-06-18,Siskiyou,093,43540,1963,1890,374,2264,27
2021-06-18,Solano,095,438530,33322,33323,568,33891,266
2021-06-18,Sonoma,097,501317,30757,30816,360,31176,313
2021-06-18,Stanislaus,099,539301,56946,56803,6027,62830,1012
2021-06-18,Sutter,101,95872,9597,9643,91,9734,113
2021-06-18,Tehama,103,63373,5142,5114,592,5706,63
2021-06-18,Trinity,105,12862,491,337,98,435,3
2021-06-18,Tulare,107,460477,50414,49664,9155,58819,849
2021-06-18,Tuolumne,109,53932,4055,4116,41,4157,63
2021-06-18,Ventura,111,848112,81688,81256,3028,84284,1031
2021-06-18,Yolo,113,214977,14155,14148,340,14488,212
2021-06-18,Yuba,115,75493,6190,6150,133,6283,51
2021-06-17,Alameda,001,1643700,89079,89087,1990,91077,1262
2021-06-17,Alpine,003,1148,88,88,0,88,0
2021-06-17,Amador,005,37829,3741,3731,33,3764,46
2021-06-17,Butte,007,227075,12753,12644,1856,14500,194
2021-06-17,Calaveras,009,45235,2193,2189,13,2202,55
2021-06-17,Colusa,011,21464,1962,1969,320,2289,15
2021-06-17,Contra Costa,013,1133247,70685,70190,1320,71510,810
2021-06-17,Del Norte,015,27424,1446,1413,13,1426,8
2021-06-17,El Dorado,017,186661,10421,10341,762,11103,113
2021-06-17,Fresno,019,978130,103310,102867,8780,111647,1722
2021-06-17,Glenn,021,27897,2446,2430,568,2998,19
2021-06-17,Humboldt,023,135768,4449,4438,42,4480,42
2021-06-17,Imperial,025,180216,28752,28801,2766,31567,741
2021-06-17,Inyo,027,18085,1409,1405,14,1419,35
2021-06-17,Kern,029,883053,97795,96840,11136,107976,1340
2021-06-17,Kings,031,150075,23244,23078,1103,24181,245
2021-06-17,Lake,033,64148,3569,3563,9,3572,45
2021-06-17,Lassen,035,31185,5262,5223,117,5340,19
2021-06-17,Los Angeles,037,10098052,1210034,1205301,41788,1247089,24444
2021-06-17,Madera,039,155013,16752,16618,948,17566,241
2021-06-17,Marin,041,260295,14185,14141,267,14408,229
2021-06-17,Mariposa,043,17540,439,439,11,450,5
2021-06-17,Mendocino,045,87422,4140,4054,82,4136,49
2021-06-17,Merced,047,269075,31193,31262,1065,32327,464
2021-06-17,Modoc,049,8938,413,401,146,547,3
2021-06-17,Mono,051,14174,1264,1275,17,1292,3
2021-06-17,Monterey,053,433212,43288,43140,1878,45018,416
2021-06-17,Napa,055,140530,9995,10014,38,10052,80
2021-06-17,Nevada,057,99092,4936,4898,195,5093,72
2021-06-17,Orange,059,3164182,256200,255240,11541,266781,5109
2021-06-17,Placer,061,380077,23698,23461,1537,24998,298
2021-06-17,Plumas,063,18699,715,697,11,708,4
2021-06-17,Riverside,065,2383286,295206,289627,14158,303785,4458
2021-06-17,Sacramento,067,1510023,107730,107492,1823,109315,1666
2021-06-17,San Benito,069,59416,6085,6097,116,6213,63
2021-06-17,San Bernardino,071,2135413,294343,293560,9067,302627,4811
2021-06-17,San Diego,073,3302833,282425,281531,15232,296763,3771
2021-06-17,San Francisco,075,870044,37021,37243,1308,38551,556
2021-06-17,San Joaquin,077,732212,73893,73560,3632,77192,1403
2021-06-17,San Luis Obispo,079,281455,21524,21297,754,22051,257
2021-06-17,San Mateo,081,765935,42634,42615,481,43096,542
2021-06-17,Santa Barbara,083,443738,34572,34466,1144,35610,453
2021-06-17,Santa Clara,085,1922200,119286,120032,779,120811,2093
2021-06-17,Santa Cruz,087,273765,16308,16197,816,17013,208
2021-06-17,Shasta,089,179085,12547,12597,1628,14225,201
2021-06-17,Sierra,091,2930,61,56,12,68,0
2021-06-17,Siskiyou,093,43540,1962,1889,374,2263,27
2021-06-17,Solano,095,438530,33301,33296,567,33863,266
2021-06-17,Sonoma,097,501317,30726,30793,360,31153,323
2021-06-17,Stanislaus,099,539301,56915,56752,6022,62774,1012
2021-06-17,Sutter,101,95872,9594,9629,91,9720,113
2021-06-17,Tehama,103,63373,5141,5112,590,5702,63
2021-06-17,Trinity,105,12862,490,337,98,435,3
2021-06-17,Tulare,107,460477,50409,49649,9147,58796,849
2021-06-17,Tuolumne,109,53932,4054,4116,41,4157,63
2021-06-17,Ventura,111,848112,81679,81248,3025,84273,1030
2021-06-17,Yolo,113,214977,14147,14141,340,14481,212
2021-06-17,Yuba,115,75493,6181,6140,133,6273,51
2021-06-16,Alameda,001,1643700,89030,89045,1989,91034,1265
2021-06-16,Alpine,003,1148,88,88,0,88,0
2021-06-16,Amador,005,37829,3740,3730,33,3763,46
2021-06-16,Butte,007,227075,12751,12635,1854,14489,194
2021-06-16,Calaveras,009,45235,2191,2188,13,2201,55
2021-06-16,Colusa,011,21464,1962,1967,320,2287,15
2021-06-16,Contra Costa,013,1133247,70633,70136,1319,71455,810
2021-06-16,Del Norte,015,27424,1443,1413,13,1426,8
2021-06-16,El Dorado,017,186661,10415,10334,761,11095,113
2021-06-16,Fresno,019,978130,103280,102842,8776,111618,1722
2021-06-16,Glenn,021,27897,2446,2430,568,2998,19
2021-06-16,Humboldt,023,135768,4440,4427,41,4468,42
2021-06-16,Imperial,025,180216,28749,28796,2766,31562,741
2021-06-16,Inyo,027,18085,1408,1405,14,1419,35
2021-06-16,Kern,029,883053,97773,96789,11129,107918,1339
2021-06-16,Kings,031,150075,23243,23072,1102,24174,245
2021-06-16,Lake,033,64148,3569,3562,9,3571,45
2021-06-16,Lassen,035,31185,5259,5216,117,5333,19
2021-06-16,Los Angeles,037,10098052,1209810,1205102,41777,1246879,24439
2021-06-16,Madera,039,155013,16748,16603,948,17551,240
2021-06-16,Marin,041,260295,14183,14137,267,14404,229
2021-06-16,Mariposa,043,17540,439,437,11,448,5
2021-06-16,Mendocino,045,87422,4132,4041,82,4123,49
2021-06-16,Merced,047,269075,31185,31250,1065,32315,463
2021-06-16,Modoc,049,8938,412,383,145,528,3
2021-06-16,Mono,051,14174,1264,1275,17,1292,3
2021-06-16,Monterey,053,433212,43285,43122,1878,45000,416
2021-06-16,Napa,055,140530,9991,10011,38,10049,80
2021-06-16,Nevada,057,99092,4931,4894,195,5089,72
2021-06-16,Orange,059,3164182,256146,255188,11533,266721,5109
2021-06-16,Placer,061,380077,23688,23425,1533,24958,298
2021-06-16,Plumas,063,18699,715,697,11,708,4
2021-06-16,Riverside,065,2383286,295145,289539,14156,303695,4457
2021-06-16,Sacramento,067,1510023,107660,107422,1819,109241,1665
2021-06-16,San Benito,069,59416,6085,6090,116,6206,63
2021-06-16,San Bernardino,071,2135413,294294,293499,9065,302564,4797
2021-06-16,San Diego,073,3302833,282346,281423,15219,296642,3770
2021-06-16,San Francisco,075,870044,37008,37222,1306,38528,555
2021-06-16,San Joaquin,077,732212,73854,73530,3628,77158,1399
2021-06-16,San Luis Obispo,079,281455,21519,21294,754,22048,257
2021-06-16,San Mateo,081,765935,42618,42601,481,43082,542
2021-06-16,Santa Barbara,083,443738,34566,34459,1144,35603,460
2021-06-16,Santa Clara,085,1922200,119254,119982,779,120761,2087
2021-06-16,Santa Cruz,087,273765,16305,16187,816,17003,208
2021-06-16,Shasta,089,179085,12542,12592,1627,14219,200
2021-06-16,Sierra,091,2930,61,56,12,68,0
2021-06-16,Siskiyou,093,43540,1961,1886,374,2260,26
2021-06-16,Solano,095,438530,33273,33276,567,33843,266
2021-06-16,Sonoma,097,501317,30690,30741,360,31101,323
2021-06-16,Stanislaus,099,539301,56884,56738,6020,62758,984
2021-06-16,Sutter,101,95872,9590,9620,91,9711,113
2021-06-16,Tehama,103,63373,5139,5106,590,5696,63
2021-06-16,Trinity,105,12862,489,332,98,430,3
2021-06-16,Tulare,107,460477,50404,49578,9143,58721,849
2021-06-16,Tuolumne,109,53932,4054,4110,41,4151,63
2021-06-16,Ventura,111,848112,81665,81229,3023,84252,1029
2021-06-16,Yolo,113,214977,14138,14135,339,14474,212
2021-06-16,Yuba,115,75493,6171,6134,133,6267,51
2021-06-15,Alameda,001,1643700,88987,89008,1989,90997,1262
2021-06-15,Alpine,003,1148,88,88,0,88,0
2021-06-15,Amador,005,37829,3737,3723,33,3756,46
2021-06-15,Butte,007,227075,12743,12620,1853,14473,194
2021-06-15,Calaveras,009,45235,2190,2188,13,2201,55
2021-06-15,Colusa,011,21464,1962,1967,318,2285,15
2021-06-15,Contra Costa,013,1133247,70571,70101,1319,71420,810
2021-06-15,Del Norte,015,27424,1442,1411,13,1424,8
2021-06-15,El Dorado,017,186661,10406,10330,761,11091,113
2021-06-15,Fresno,019,978130,103248,102828,8775,111603,1722
2021-06-15,Glenn,021,27897,2445,2426,568,2994,19
2021-06-15,Humboldt,023,135768,4431,4414,40,4454,42
2021-06-15,Imperial,025,180216,28743,28789,2766,31555,741
2021-06-15,Inyo,027,18085,1408,1405,14,1419,35
2021-06-15,Kern,029,883053,97745,96782,11121,107903,1338
2021-06-15,Kings,031,150075,23237,23070,1100,24170,245
2021-06-15,Lake,033,64148,3568,3559,9,3568,45
2021-06-15,Lassen,035,31185,5258,5211,117,5328,19
2021-06-15,Los Angeles,037,10098052,1209578,1204926,41769,1246695,24435
2021-06-15,Madera,039,155013,16741,16600,947,17547,240
2021-06-15,Marin,041,260295,14175,14135,267,14402,229
2021-06-15,Mariposa,043,17540,439,437,11,448,5
2021-06-15,Mendocino,045,87422,4125,4034,82,4116,49
2021-06-15,Merced,047,269075,31179,31244,1065,32309,461
2021-06-15,Modoc,049,8938,411,383,145,528,3
2021-06-15,Mono,051,14174,1264,1275,17,1292,3
2021-06-15,Monterey,053,433212,43279,43118,1878,44996,416
2021-06-15,Napa,055,140530,9989,10010,38,10048,80
2021-06-15,Nevada,057,99092,4928,4888,195,5083,72
2021-06-15,Orange,059,3164182,256105,255127,11524,266651,5105
2021-06-15,Placer,061,380077,23666,23396,1532,24928,298
2021-06-15,Plumas,063,18699,714,697,11,708,4
2021-06-15,Riverside,065,2383286,295085,289508,14152,303660,4455
2021-06-15,Sacramento,067,1510023,107585,107370,1813,109183,1662
2021-06-15,San Benito,069,59416,6084,6089,116,6205,63
2021-06-15,San Bernardino,071,2135413,294244,293463,9059,302522,4790
2021-06-15,San Diego,073,3302833,282262,281375,15204,296579,3770
2021-06-15,San Francisco,075,870044,36999,37210,1305,38515,555
2021-06-15,San Joaquin,077,732212,73814,73494,3623,77117,1399
2021-06-15,San Luis Obispo,079,281455,21514,21293,753,22046,257
2021-06-15,San Mateo,081,765935,42604,42593,481,43074,543
2021-06-15,Santa Barbara,083,443738,34561,34451,1144,35595,460
2021-06-15,Santa Clara,085,1922200,119216,119963,779,120742,2086
2021-06-15,Santa Cruz,087,273765,16299,16180,815,16995,208
2021-06-15,Shasta,089,179085,12536,12583,1627,14210,201
2021-06-15,Sierra,091,2930,60,55,12,67,0
2021-06-15,Siskiyou,093,43540,1960,1887,374,2261,26
2021-06-15,Solano,095,438530,33254,33264,567,33831,266
2021-06-15,Sonoma,097,501317,30651,30707,359,31066,323
2021-06-15,Stanislaus,099,539301,56856,56724,6017,62741,979
2021-06-15,Sutter,101,95872,9581,9616,91,9707,113
2021-06-15,Tehama,103,63373,5137,5102,590,5692,63
2021-06-15,Trinity,105,12862,488,332,97,429,3
2021-06-15,Tulare,107,460477,50397,49561,9140,58701,848
2021-06-15,Tuolumne,109,53932,4054,4111,41,4152,63
2021-06-15,Ventura,111,848112,81654,81215,3020,84235,1029
2021-06-15,Yolo,113,214977,14134,14127,337,14464,212
2021-06-15,Yuba,115,75493,6160,6130,133,6263,51
2021-06-14,Alameda,001,1643700,88938,88966,1989,90955,1264
2021-06-14,Alpine,003,1148,88,88,0,88,0
2021-06-14,Amador,005,37829,3736,3722,33,3755,46
2021-06-14,Butte,007,227075,12732,12613,1849,14462,194
2021-06-14,Calaveras,009,45235,2189,2190,13,2203,55
2021-06-14,Colusa,011,21464,1961,1966,318,2284,15
2021-06-14,Contra Costa,013,1133247,70518,70069,1317,71386,810
2021-06-14,Del Norte,015,27424,1442,1411,13,1424,8
2021-06-14,El Dorado,017,186661,10397,10327,760,11087,113
2021-06-14,Fresno,019,978130,103226,102812,8773,111585,1719
2021-06-14,Glenn,021,27897,2445,2426,568,2994,19
2021-06-14,Humboldt,023,135768,4423,4407,39,4446,42
2021-06-14,Imperial,025,180216,28731,28836,2766,31602,741
2021-06-14,Inyo,027,18085,1407,1405,14,1419,35
2021-06-14,Kern,029,883053,97725,96760,11111,107871,1337
2021-06-14,Kings,031,150075,23234,23071,1099,24170,245
2021-06-14,Lake,033,64148,3567,3557,9,3566,45
2021-06-14,Lassen,035,31185,5255,5209,116,5325,19
2021-06-14,Los Angeles,037,10098052,1209343,1204748,41759,1246507,24434
2021-06-14,Madera,039,155013,16735,16597,946,17543,240
2021-06-14,Marin,041,260295,14173,14133,267,14400,229
2021-06-14,Mariposa,043,17540,438,437,11,448,5
2021-06-14,Mendocino,045,87422,4119,4028,82,4110,49
2021-06-14,Merced,047,269075,31170,31241,1064,32305,461
2021-06-14,Modoc,049,8938,402,382,143,525,3
2021-06-14,Mono,051,14174,1264,1275,17,1292,3
2021-06-14,Monterey,053,433212,43276,43110,1878,44988,415
2021-06-14,Napa,055,140530,9985,10000,38,10038,80
2021-06-14,Nevada,057,99092,4921,4885,195,5080,72
2021-06-14,Orange,059,3164182,256067,255069,11519,266588,5103
2021-06-14,Placer,061,380077,23641,23379,1531,24910,298
2021-06-14,Plumas,063,18699,714,696,11,707,4
2021-06-14,Riverside,065,2383286,295031,289476,14152,303628,4453
2021-06-14,Sacramento,067,1510023,107531,107334,1808,109142,1661
2021-06-14,San Benito,069,59416,6084,6087,116,6203,63
2021-06-14,San Bernardino,071,2135413,294188,293446,9055,302501,4790
2021-06-14,San Diego,073,3302833,282156,281314,15184,296498,3770
2021-06-14,San Francisco,075,870044,36986,37206,1305,38511,555
2021-06-14,San Joaquin,077,732212,73785,73453,3623,77076,1398
2021-06-14,San Luis Obispo,079,281455,21512,21302,753,22055,256
2021-06-14,San Mateo,081,765935,42591,42619,480,43099,543
2021-06-14,Santa Barbara,083,443738,34558,34449,1144,35593,460
2021-06-14,Santa Clara,085,1922200,119185,119957,778,120735,2085
2021-06-14,Santa Cruz,087,273765,16296,16175,815,16990,208
2021-06-14,Shasta,089,179085,12525,12561,1624,14185,201
2021-06-14,Sierra,091,2930,59,55,12,67,0
2021-06-14,Siskiyou,093,43540,1960,1886,374,2260,26
2021-06-14,Solano,095,438530,33237,33243,566,33809,266
2021-06-14,Sonoma,097,501317,30619,30679,358,31037,323
2021-06-14,Stanislaus,099,539301,56820,56689,6014,62703,975
2021-06-14,Sutter,101,95872,9578,9607,91,9698,112
2021-06-14,Tehama,103,63373,5135,5102,590,5692,63
2021-06-14,Trinity,105,12862,488,332,97,429,3
2021-06-14,Tulare,107,460477,50392,49538,9137,58675,848
2021-06-14,Tuolumne,109,53932,4051,4108,41,4149,63
2021-06-14,Ventura,111,848112,81644,81209,3020,84229,1028
2021-06-14,Yolo,113,214977,14126,14123,337,14460,212
2021-06-14,Yuba,115,75493,6153,6127,133,6260,50
2021-06-13,Alameda,001,1643700,88881,88947,1988,90935,1264
2021-06-13,Alpine,003,1148,87,88,0,88,0
2021-06-13,Amador,005,37829,3732,3721,33,3754,46
2021-06-13,Butte,007,227075,12721,12586,1846,14432,194
2021-06-13,Calaveras,009,45235,2189,2189,13,2202,55
2021-06-13,Colusa,011,21464,1961,1965,317,2282,15
2021-06-13,Contra Costa,013,1133247,70464,70040,1315,71355,810
2021-06-13,Del Norte,015,27424,1440,1412,13,1425,8
2021-06-13,El Dorado,017,186661,10388,10324,760,11084,113
2021-06-13,Fresno,019,978130,103195,102795,8768,111563,1719
2021-06-13,Glenn,021,27897,2444,2425,566,2991,19
2021-06-13,Humboldt,023,135768,4410,4401,39,4440,42
2021-06-13,Imperial,025,180216,28722,28800,2766,31566,741
2021-06-13,Inyo,027,18085,1407,1405,14,1419,35
2021-06-13,Kern,029,883053,97701,96743,11099,107842,1337
2021-06-13,Kings,031,150075,23229,23069,1098,24167,245
2021-06-13,Lake,033,64148,3567,3556,9,3565,45
2021-06-13,Lassen,035,31185,5250,5209,116,5325,19
2021-06-13,Los Angeles,037,10098052,1209080,1204614,41746,1246360,24433
2021-06-13,Madera,039,155013,16721,16590,946,17536,240
2021-06-13,Marin,041,260295,14167,14126,267,14393,229
2021-06-13,Mariposa,043,17540,438,434,11,445,5
2021-06-13,Mendocino,045,87422,4112,4026,82,4108,49
2021-06-13,Merced,047,269075,31164,31240,1063,32303,461
2021-06-13,Modoc,049,8938,400,382,141,523,3
2021-06-13,Mono,051,14174,1264,1275,17,1292,3
2021-06-13,Monterey,053,433212,43268,43108,1878,44986,415
2021-06-13,Napa,055,140530,9979,9995,38,10033,80
2021-06-13,Nevada,057,99092,4916,4883,195,5078,72
2021-06-13,Orange,059,3164182,256012,255043,11516,266559,5103
2021-06-13,Placer,061,380077,23615,23365,1529,24894,295
2021-06-13,Plumas,063,18699,713,696,11,707,4
2021-06-13,Riverside,065,2383286,294964,289447,14149,303596,4453
2021-06-13,Sacramento,067,1510023,107455,107289,1805,109094,1658
2021-06-13,San Benito,069,59416,6084,6086,116,6202,63
2021-06-13,San Bernardino,071,2135413,294136,293416,9050,302466,4788
2021-06-13,San Diego,073,3302833,282077,281268,15168,296436,3770
2021-06-13,San Francisco,075,870044,36973,37197,1305,38502,555
2021-06-13,San Joaquin,077,732212,73749,73438,3621,77059,1398
2021-06-13,San Luis Obispo,079,281455,21506,21298,752,22050,256
2021-06-13,San Mateo,081,765935,42578,42611,480,43091,542
2021-06-13,Santa Barbara,083,443738,34547,34449,1143,35592,460
2021-06-13,Santa Clara,085,1922200,119161,119946,778,120724,2085
2021-06-13,Santa Cruz,087,273765,16289,16172,815,16987,208
2021-06-13,Shasta,089,179085,12516,12560,1623,14183,201
2021-06-13,Sierra,091,2930,59,55,12,67,0
2021-06-13,Siskiyou,093,43540,1959,1885,374,2259,26
2021-06-13,Solano,095,438530,33216,33234,566,33800,266
2021-06-13,Sonoma,097,501317,30584,30663,356,31019,323
2021-06-13,Stanislaus,099,539301,56794,56671,6011,62682,975
2021-06-13,Sutter,101,95872,9571,9603,91,9694,112
2021-06-13,Tehama,103,63373,5133,5100,590,5690,63
2021-06-13,Trinity,105,12862,487,332,97,429,3
2021-06-13,Tulare,107,460477,50383,49537,9132,58669,848
2021-06-13,Tuolumne,109,53932,4049,4107,40,4147,63
2021-06-13,Ventura,111,848112,81630,81201,3020,84221,1028
2021-06-13,Yolo,113,214977,14117,14120,335,14455,212
2021-06-13,Yuba,115,75493,6146,6125,133,6258,50
2021-06-12,Alameda,001,1643700,88854,88901,1988,90889,1271
2021-06-12,Alpine,003,1148,87,88,0,88,0
2021-06-12,Amador,005,37829,3731,3721,33,3754,46
2021-06-12,Butte,007,227075,12717,12576,1846,14422,194
2021-06-12,Calaveras,009,45235,2189,2189,13,2202,55
2021-06-12,Colusa,011,21464,1961,1965,317,2282,15
2021-06-12,Contra Costa,013,1133247,70433,69989,1312,71301,810
2021-06-12,Del Norte,015,27424,1440,1412,13,1425,8
2021-06-12,El Dorado,017,186661,10383,10320,759,11079,113
2021-06-12,Fresno,019,978130,103185,102783,8767,111550,1720
2021-06-12,Glenn,021,27897,2442,2425,566,2991,19
2021-06-12,Humboldt,023,135768,4402,4396,39,4435,42
2021-06-12,Imperial,025,180216,28719,28799,2766,31565,741
2021-06-12,Inyo,027,18085,1407,1405,14,1419,35
2021-06-12,Kern,029,883053,97686,96731,11095,107826,1337
2021-06-12,Kings,031,150075,23227,23067,1098,24165,245
2021-06-12,Lake,033,64148,3566,3552,9,3561,45
2021-06-12,Lassen,035,31185,5250,5208,116,5324,19
2021-06-12,Los Angeles,037,10098052,1208943,1204439,41740,1246179,24434
2021-06-12,Madera,039,155013,16717,16586,946,17532,240
2021-06-12,Marin,041,260295,14164,14121,267,14388,229
2021-06-12,Mariposa,043,17540,438,434,11,445,5
2021-06-12,Mendocino,045,87422,4109,4024,82,4106,49
2021-06-12,Merced,047,269075,31161,31236,1063,32299,461
2021-06-12,Modoc,049,8938,399,382,141,523,3
2021-06-12,Mono,051,14174,1264,1275,17,1292,3
2021-06-12,Monterey,053,433212,43263,43103,1878,44981,415
2021-06-12,Napa,055,140530,9975,9986,38,10024,80
2021-06-12,Nevada,057,99092,4910,4878,195,5073,72
2021-06-12,Orange,059,3164182,255979,255004,11514,266518,5103
2021-06-12,Placer,061,380077,23596,23345,1529,24874,295
2021-06-12,Plumas,063,18699,713,696,11,707,4
2021-06-12,Riverside,065,2383286,294922,289413,14146,303559,4453
2021-06-12,Sacramento,067,1510023,107395,107199,1802,109001,1658
2021-06-12,San Benito,069,59416,6082,6083,116,6199,63
2021-06-12,San Bernardino,071,2135413,294101,293375,9048,302423,4788
2021-06-12,San Diego,073,3302833,282020,281203,15159,296362,3770
2021-06-12,San Francisco,075,870044,36963,37189,1305,38494,555
2021-06-12,San Joaquin,077,732212,73730,73413,3620,77033,1398
2021-06-12,San Luis Obispo,079,281455,21503,21293,752,22045,256
2021-06-12,San Mateo,081,765935,42573,42604,480,43084,542
2021-06-12,Santa Barbara,083,443738,34542,34450,1143,35593,460
2021-06-12,Santa Clara,085,1922200,119121,119894,778,120672,2085
2021-06-12,Santa Cruz,087,273765,16281,16170,815,16985,208
2021-06-12,Shasta,089,179085,12513,12556,1622,14178,201
2021-06-12,Sierra,091,2930,59,55,12,67,0
2021-06-12,Siskiyou,093,43540,1958,1884,374,2258,25
2021-06-12,Solano,095,438530,33207,33219,566,33785,266
2021-06-12,Sonoma,097,501317,30555,30647,356,31003,323
2021-06-12,Stanislaus,099,539301,56777,56649,6010,62659,974
2021-06-12,Sutter,101,95872,9567,9603,91,9694,112
2021-06-12,Tehama,103,63373,5133,5099,589,5688,63
2021-06-12,Trinity,105,12862,487,332,97,429,3
2021-06-12,Tulare,107,460477,50378,49533,9125,58658,848
2021-06-12,Tuolumne,109,53932,4048,4105,40,4145,63
2021-06-12,Ventura,111,848112,81618,81197,3020,84217,1028
2021-06-12,Yolo,113,214977,14114,14118,334,14452,212
2021-06-12,Yuba,115,75493,6141,6120,133,6253,50
2021-06-11,Alameda,001,1643700,88826,88844,1988,90832,1278
2021-06-11,Alpine,003,1148,87,88,0,88,0
2021-06-11,Amador,005,37829,3730,3710,33,3743,46
2021-06-11,Butte,007,227075,12713,12576,1844,14420,194
2021-06-11,Calaveras,009,45235,2189,2188,13,2201,55
2021-06-11,Colusa,011,21464,1960,1964,317,2281,15
2021-06-11,Contra Costa,013,1133247,70400,69940,1310,71250,808
2021-06-11,Del Norte,015,27424,1440,1409,13,1422,8
2021-06-11,El Dorado,017,186661,10380,10316,759,11075,113
2021-06-11,Fresno,019,978130,103166,102770,8766,111536,1720
2021-06-11,Glenn,021,27897,2442,2425,566,2991,19
2021-06-11,Humboldt,023,135768,4398,4389,39,4428,42
2021-06-11,Imperial,025,180216,28714,28793,2766,31559,741
2021-06-11,Inyo,027,18085,1407,1405,14,1419,35
2021-06-11,Kern,029,883053,97674,96718,11092,107810,1340
2021-06-11,Kings,031,150075,23223,23069,1097,24166,245
2021-06-11,Lake,033,64148,3565,3550,9,3559,45
2021-06-11,Lassen,035,31185,5249,5204,116,5320,18
2021-06-11,Los Angeles,037,10098052,1208796,1204259,41725,1245984,24434
2021-06-11,Madera,039,155013,16714,16582,946,17528,240
2021-06-11,Marin,041,260295,14161,14116,267,14383,229
2021-06-11,Mariposa,043,17540,438,434,11,445,5
2021-06-11,Mendocino,045,87422,4106,4022,82,4104,49
2021-06-11,Merced,047,269075,31156,31231,1063,32294,461
2021-06-11,Modoc,049,8938,399,382,140,522,3
2021-06-11,Mono,051,14174,1264,1274,17,1291,3
2021-06-11,Monterey,053,433212,43259,43097,1878,44975,415
2021-06-11,Napa,055,140530,9972,9977,38,10015,80
2021-06-11,Nevada,057,99092,4908,4873,195,5068,72
2021-06-11,Orange,059,3164182,255945,254975,11511,266486,5101
2021-06-11,Placer,061,380077,23591,23330,1529,24859,294
2021-06-11,Plumas,063,18699,713,696,11,707,4
2021-06-11,Riverside,065,2383286,294884,289376,14141,303517,4451
2021-06-11,Sacramento,067,1510023,107335,107119,1801,108920,1659
2021-06-11,San Benito,069,59416,6081,6082,116,6198,63
2021-06-11,San Bernardino,071,2135413,294065,293335,9044,302379,4788
2021-06-11,San Diego,073,3302833,281980,281144,15152,296296,3768
2021-06-11,San Francisco,075,870044,36958,37177,1305,38482,555
2021-06-11,San Joaquin,077,732212,73713,73347,3617,76964,1397
2021-06-11,San Luis Obispo,079,281455,21502,21288,752,22040,256
2021-06-11,San Mateo,081,765935,42559,42585,480,43065,542
2021-06-11,Santa Barbara,083,443738,34539,34438,1143,35581,460
2021-06-11,Santa Clara,085,1922200,119101,119860,778,120638,2083
2021-06-11,Santa Cruz,087,273765,16273,16164,815,16979,208
2021-06-11,Shasta,089,179085,12505,12550,1620,14170,201
2021-06-11,Sierra,091,2930,59,55,12,67,0
2021-06-11,Siskiyou,093,43540,1957,1882,374,2256,25
2021-06-11,Solano,095,438530,33187,33179,565,33744,266
2021-06-11,Sonoma,097,501317,30537,30624,356,30980,323
2021-06-11,Stanislaus,099,539301,56751,56617,6006,62623,974
2021-06-11,Sutter,101,95872,9564,9600,90,9690,112
2021-06-11,Tehama,103,63373,5132,5099,589,5688,63
2021-06-11,Trinity,105,12862,487,331,97,428,3
2021-06-11,Tulare,107,460477,50372,49516,9124,58640,848
2021-06-11,Tuolumne,109,53932,4045,4104,40,4144,63
2021-06-11,Ventura,111,848112,81608,81189,3020,84209,1026
2021-06-11,Yolo,113,214977,14107,14111,330,14441,212
2021-06-11,Yuba,115,75493,6137,6113,133,6246,50
2021-06-10,Alameda,001,1643700,88782,88806,1987,90793,1275
2021-06-10,Alpine,003,1148,87,88,0,88,0
2021-06-10,Amador,005,37829,3726,3709,33,3742,46
2021-06-10,Butte,007,227075,12696,12565,1844,14409,194
2021-06-10,Calaveras,009,45235,2188,2188,13,2201,55
2021-06-10,Colusa,011,21464,1958,1964,317,2281,15
2021-06-10,Contra Costa,013,1133247,70346,69876,1310,71186,807
2021-06-10,Del Norte,015,27424,1440,1405,13,1418,8
2021-06-10,El Dorado,017,186661,10373,10314,755,11069,113
2021-06-10,Fresno,019,978130,103140,102724,8765,111489,1717
2021-06-10,Glenn,021,27897,2442,2425,566,2991,19
2021-06-10,Humboldt,023,135768,4390,4384,39,4423,42
2021-06-10,Imperial,025,180216,28708,28779,2766,31545,739
2021-06-10,Inyo,027,18085,1407,1405,14,1419,35
2021-06-10,Kern,029,883053,97660,96706,11087,107793,1336
2021-06-10,Kings,031,150075,23222,23067,1097,24164,245
2021-06-10,Lake,033,64148,3560,3550,9,3559,45
2021-06-10,Lassen,035,31185,5247,5201,116,5317,18
2021-06-10,Los Angeles,037,10098052,1208631,1204110,41708,1245818,24440
2021-06-10,Madera,039,155013,16707,16581,945,17526,240
2021-06-10,Marin,041,260295,14158,14118,267,14385,229
2021-06-10,Mariposa,043,17540,436,434,11,445,5
2021-06-10,Mendocino,045,87422,4101,4016,82,4098,48
2021-06-10,Merced,047,269075,31148,31231,1060,32291,461
2021-06-10,Modoc,049,8938,398,381,140,521,3
2021-06-10,Mono,051,14174,1263,1274,17,1291,3
2021-06-10,Monterey,053,433212,43253,43090,1878,44968,415
2021-06-10,Napa,055,140530,9971,9974,38,10012,80
2021-06-10,Nevada,057,99092,4903,4866,195,5061,72
2021-06-10,Orange,059,3164182,255915,254950,11504,266454,5097
2021-06-10,Placer,061,380077,23578,23296,1529,24825,293
2021-06-10,Plumas,063,18699,713,696,11,707,4
2021-06-10,Riverside,065,2383286,294842,289335,14136,303471,4450
2021-06-10,Sacramento,067,1510023,107273,107049,1801,108850,1658
2021-06-10,San Benito,069,59416,6081,6079,116,6195,63
2021-06-10,San Bernardino,071,2135413,294024,293281,9041,302322,4782
2021-06-10,San Diego,073,3302833,281922,281052,15135,296187,3766
2021-06-10,San Francisco,075,870044,36948,37159,1303,38462,552
2021-06-10,San Joaquin,077,732212,73679,73276,3616,76892,1393
2021-06-10,San Luis Obispo,079,281455,21499,21280,752,22032,256
2021-06-10,San Mateo,081,765935,42552,42562,480,43042,666
2021-06-10,Santa Barbara,083,443738,34535,34434,1143,35577,460
2021-06-10,Santa Clara,085,1922200,119066,119832,777,120609,2075
2021-06-10,Santa Cruz,087,273765,16272,16159,815,16974,208
2021-06-10,Shasta,089,179085,12495,12536,1619,14155,201
2021-06-10,Sierra,091,2930,58,55,12,67,0
2021-06-10,Siskiyou,093,43540,1957,1881,374,2255,25
2021-06-10,Solano,095,438530,33170,33150,564,33714,265
2021-06-10,Sonoma,097,501317,30502,30571,354,30925,323
2021-06-10,Stanislaus,099,539301,56730,56588,6002,62590,974
2021-06-10,Sutter,101,95872,9557,9594,90,9684,112
2021-06-10,Tehama,103,63373,5132,5096,589,5685,63
2021-06-10,Trinity,105,12862,487,331,97,428,3
2021-06-10,Tulare,107,460477,50364,49503,9124,58627,848
2021-06-10,Tuolumne,109,53932,4045,4100,40,4140,63
2021-06-10,Ventura,111,848112,81597,81172,3019,84191,1026
2021-06-10,Yolo,113,214977,14104,14107,330,14437,212
2021-06-10,Yuba,115,75493,6133,6112,133,6245,50
2021-06-09,Alameda,001,1643700,88739,88762,1986,90748,1271
2021-06-09,Alpine,003,1148,87,88,0,88,0
2021-06-09,Amador,005,37829,3722,3706,33,3739,46
2021-06-09,Butte,007,227075,12690,12555,1842,14397,194
2021-06-09,Calaveras,009,45235,2186,2184,13,2197,55
2021-06-09,Colusa,011,21464,1958,1962,316,2278,15
2021-06-09,Contra Costa,013,1133247,70309,69829,1309,71138,803
2021-06-09,Del Norte,015,27424,1436,1403,13,1416,8
2021-06-09,El Dorado,017,186661,10370,10312,754,11066,113
2021-06-09,Fresno,019,978130,103120,102690,8761,111451,1717
2021-06-09,Glenn,021,27897,2441,2424,566,2990,19
2021-06-09,Humboldt,023,135768,4385,4379,38,4417,42
2021-06-09,Imperial,025,180216,28705,28754,2766,31520,739
2021-06-09,Inyo,027,18085,1407,1405,14,1419,35
2021-06-09,Kern,029,883053,97646,96697,11078,107775,1328
2021-06-09,Kings,031,150075,23220,23061,1097,24158,245
2021-06-09,Lake,033,64148,3557,3541,9,3550,45
2021-06-09,Lassen,035,31185,5246,5200,116,5316,18
2021-06-09,Los Angeles,037,10098052,1208446,1203955,41695,1245650,24432
2021-06-09,Madera,039,155013,16702,16580,945,17525,240
2021-06-09,Marin,041,260295,14153,14114,267,14381,229
2021-06-09,Mariposa,043,17540,436,434,11,445,5
2021-06-09,Mendocino,045,87422,4095,4008,82,4090,47
2021-06-09,Merced,047,269075,31144,31225,1060,32285,461
2021-06-09,Modoc,049,8938,396,377,139,516,3
2021-06-09,Mono,051,14174,1263,1274,17,1291,3
2021-06-09,Monterey,053,433212,43246,43082,1878,44960,415
2021-06-09,Napa,055,140530,9965,9971,38,10009,80
2021-06-09,Nevada,057,99092,4893,4863,194,5057,72
2021-06-09,Orange,059,3164182,255871,254893,11499,266392,5080
2021-06-09,Placer,061,380077,23559,23237,1529,24766,293
2021-06-09,Plumas,063,18699,712,697,11,708,4
2021-06-09,Riverside,065,2383286,294796,289299,14134,303433,4450
2021-06-09,Sacramento,067,1510023,107211,106971,1798,108769,1657
2021-06-09,San Benito,069,59416,6078,6078,116,6194,63
2021-06-09,San Bernardino,071,2135413,293982,293222,9041,302263,4782
2021-06-09,San Diego,073,3302833,281858,280941,15123,296064,3765
2021-06-09,San Francisco,075,870044,36935,37143,1302,38445,552
2021-06-09,San Joaquin,077,732212,73653,73232,3615,76847,1392
2021-06-09,San Luis Obispo,079,281455,21498,21259,752,22011,256
2021-06-09,San Mateo,081,765935,42536,42502,478,42980,666
2021-06-09,Santa Barbara,083,443738,34524,34422,1143,35565,460
2021-06-09,Santa Clara,085,1922200,119028,119793,776,120569,2068
2021-06-09,Santa Cruz,087,273765,16269,16155,815,16970,208
2021-06-09,Shasta,089,179085,12485,12521,1617,14138,201
2021-06-09,Sierra,091,2930,57,55,12,67,0
2021-06-09,Siskiyou,093,43540,1956,1871,374,2245,25
2021-06-09,Solano,095,438530,33154,33137,563,33700,264
2021-06-09,Sonoma,097,501317,30480,30540,354,30894,323
2021-06-09,Stanislaus,099,539301,56710,56560,5999,62559,974
2021-06-09,Sutter,101,95872,9548,9586,89,9675,111
2021-06-09,Tehama,103,63373,5131,5093,589,5682,63
2021-06-09,Trinity,105,12862,486,331,97,428,3
2021-06-09,Tulare,107,460477,50360,49496,9122,58618,847
2021-06-09,Tuolumne,109,53932,4042,4100,40,4140,63
2021-06-09,Ventura,111,848112,81587,81154,3018,84172,1026
2021-06-09,Yolo,113,214977,14102,14102,329,14431,212
2021-06-09,Yuba,115,75493,6129,6109,133,6242,50
2021-06-08,Alameda,001,1643700,88691,88731,1986,90717,1267
2021-06-08,Alpine,003,1148,87,88,0,88,0
2021-06-08,Amador,005,37829,3721,3704,33,3737,46
2021-06-08,Butte,007,227075,12684,12540,1840,14380,194
2021-06-08,Calaveras,009,45235,2185,2181,13,2194,55
2021-06-08,Colusa,011,21464,1958,1961,316,2277,15
2021-06-08,Contra Costa,013,1133247,70261,69762,1308,71070,803
2021-06-08,Del Norte,015,27424,1434,1402,13,1415,8
2021-06-08,El Dorado,017,186661,10365,10306,752,11058,113
2021-06-08,Fresno,019,978130,103095,102680,8759,111439,1717
2021-06-08,Glenn,021,27897,2440,2423,566,2989,19
2021-06-08,Humboldt,023,135768,4380,4363,38,4401,42
2021-06-08,Imperial,025,180216,28696,28752,2766,31518,738
2021-06-08,Inyo,027,18085,1407,1405,14,1419,35
2021-06-08,Kern,029,883053,97627,96671,11071,107742,1325
2021-06-08,Kings,031,150075,23219,23036,1097,24133,245
2021-06-08,Lake,033,64148,3556,3540,9,3549,45
2021-06-08,Lassen,035,31185,5246,5200,116,5316,18
2021-06-08,Los Angeles,037,10098052,1208249,1203794,41683,1245477,24426
2021-06-08,Madera,039,155013,16696,16579,944,17523,240
2021-06-08,Marin,041,260295,14151,14111,266,14377,229
2021-06-08,Mariposa,043,17540,436,434,11,445,5
2021-06-08,Mendocino,045,87422,4088,4002,82,4084,47
2021-06-08,Merced,047,269075,31136,31225,1060,32285,461
2021-06-08,Modoc,049,8938,390,377,138,515,3
2021-06-08,Mono,051,14174,1263,1274,17,1291,3
2021-06-08,Monterey,053,433212,43240,43078,1877,44955,415
2021-06-08,Napa,055,140530,9961,9962,38,10000,80
2021-06-08,Nevada,057,99092,4888,4861,194,5055,72
2021-06-08,Orange,059,3164182,255829,254852,11492,266344,5078
2021-06-08,Placer,061,380077,23541,23209,1525,24734,293
2021-06-08,Plumas,063,18699,712,692,11,703,4
2021-06-08,Riverside,065,2383286,294760,289268,14126,303394,4452
2021-06-08,Sacramento,067,1510023,107149,106901,1795,108696,1654
2021-06-08,San Benito,069,59416,6076,6076,116,6192,63
2021-06-08,San Bernardino,071,2135413,293933,293186,9037,302223,4778
2021-06-08,San Diego,073,3302833,281795,280879,15114,295993,3764
2021-06-08,San Francisco,075,870044,36920,37134,1301,38435,552
2021-06-08,San Joaquin,077,732212,73609,73186,3610,76796,1390
2021-06-08,San Luis Obispo,079,281455,21492,21251,751,22002,255
2021-06-08,San Mateo,081,765935,42523,42488,478,42966,663
2021-06-08,Santa Barbara,083,443738,34520,34418,1143,35561,459
2021-06-08,Santa Clara,085,1922200,119007,119770,775,120545,2068
2021-06-08,Santa Cruz,087,273765,16266,16160,815,16975,208
2021-06-08,Shasta,089,179085,12470,12498,1617,14115,201
2021-06-08,Sierra,091,2930,57,55,12,67,0
2021-06-08,Siskiyou,093,43540,1954,1870,372,2242,21
2021-06-08,Solano,095,438530,33133,33130,563,33693,259
2021-06-08,Sonoma,097,501317,30453,30523,352,30875,323
2021-06-08,Stanislaus,099,539301,56683,56548,5997,62545,973
2021-06-08,Sutter,101,95872,9545,9581,89,9670,111
2021-06-08,Tehama,103,63373,5128,5093,589,5682,63
2021-06-08,Trinity,105,12862,486,330,96,426,3
2021-06-08,Tulare,107,460477,50348,49485,9117,58602,847
2021-06-08,Tuolumne,109,53932,4039,4099,40,4139,63
2021-06-08,Ventura,111,848112,81571,81142,3017,84159,1026
2021-06-08,Yolo,113,214977,14097,14099,328,14427,212
2021-06-08,Yuba,115,75493,6127,6103,133,6236,50
2021-06-07,Alameda,001,1643700,88634,88688,1986,90674,1267
2021-06-07,Alpine,003,1148,87,88,0,88,0
2021-06-07,Amador,005,37829,3711,3697,33,3730,46
2021-06-07,Butte,007,227075,12677,12533,1839,14372,194
2021-06-07,Calaveras,009,45235,2184,2181,13,2194,55
2021-06-07,Colusa,011,21464,1957,1960,316,2276,15
2021-06-07,Contra Costa,013,1133247,70204,69718,1307,71025,817
2021-06-07,Del Norte,015,27424,1434,1401,13,1414,8
2021-06-07,El Dorado,017,186661,10360,10305,752,11057,113
2021-06-07,Fresno,019,978130,103064,102659,8751,111410,1717
2021-06-07,Glenn,021,27897,2440,2423,566,2989,19
2021-06-07,Humboldt,023,135768,4372,4354,38,4392,42
2021-06-07,Imperial,025,180216,28694,28754,2766,31520,738
2021-06-07,Inyo,027,18085,1407,1404,14,1418,35
2021-06-07,Kern,029,883053,97611,96645,11064,107709,1324
2021-06-07,Kings,031,150075,23215,23023,1097,24120,244
2021-06-07,Lake,033,64148,3554,3540,9,3549,45
2021-06-07,Lassen,035,31185,5241,5198,116,5314,18
2021-06-07,Los Angeles,037,10098052,1208025,1203664,41668,1245332,24413
2021-06-07,Madera,039,155013,16689,16572,944,17516,240
2021-06-07,Marin,041,260295,14147,14108,265,14373,229
2021-06-07,Mariposa,043,17540,436,434,11,445,5
2021-06-07,Mendocino,045,87422,4082,3998,82,4080,47
2021-06-07,Merced,047,269075,31124,31212,1059,32271,459
2021-06-07,Modoc,049,8938,389,375,135,510,3
2021-06-07,Mono,051,14174,1263,1275,17,1292,3
2021-06-07,Monterey,053,433212,43233,43077,1877,44954,415
2021-06-07,Napa,055,140530,9953,9962,38,10000,80
2021-06-07,Nevada,057,99092,4886,4860,194,5054,72
2021-06-07,Orange,059,3164182,255789,254808,11484,266292,5073
2021-06-07,Placer,061,380077,23522,23176,1523,24699,293
2021-06-07,Plumas,063,18699,712,692,11,703,4
2021-06-07,Riverside,065,2383286,294717,289232,14122,303354,4451
2021-06-07,Sacramento,067,1510023,107073,106841,1792,108633,1655
2021-06-07,San Benito,069,59416,6075,6074,116,6190,63
2021-06-07,San Bernardino,071,2135413,293895,293129,9036,302165,4775
2021-06-07,San Diego,073,3302833,281713,280808,15101,295909,3764
2021-06-07,San Francisco,075,870044,36904,37122,1301,38423,552
2021-06-07,San Joaquin,077,732212,73564,73130,3603,76733,1388
2021-06-07,San Luis Obispo,079,281455,21479,21252,751,22003,255
2021-06-07,San Mateo,081,765935,42507,42479,478,42957,664
2021-06-07,Santa Barbara,083,443738,34514,34407,1143,35550,459
2021-06-07,Santa Clara,085,1922200,118975,119743,775,120518,2066
2021-06-07,Santa Cruz,087,273765,16265,16159,815,16974,208
2021-06-07,Shasta,089,179085,12456,12483,1612,14095,200
2021-06-07,Sierra,091,2930,57,55,12,67,0
2021-06-07,Siskiyou,093,43540,1954,1869,372,2241,21
2021-06-07,Solano,095,438530,33111,33124,562,33686,258
2021-06-07,Sonoma,097,501317,30417,30504,351,30855,323
2021-06-07,Stanislaus,099,539301,56650,56521,5995,62516,972
2021-06-07,Sutter,101,95872,9541,9571,89,9660,111
2021-06-07,Tehama,103,63373,5124,5092,587,5679,63
2021-06-07,Trinity,105,12862,486,329,96,425,3
2021-06-07,Tulare,107,460477,50342,49471,9117,58588,847
2021-06-07,Tuolumne,109,53932,4038,4098,40,4138,63
2021-06-07,Ventura,111,848112,81554,81137,3015,84152,1025
2021-06-07,Yolo,113,214977,14092,14097,327,14424,211
2021-06-07,Yuba,115,75493,6125,6099,130,6229,49
2021-06-06,Alameda,001,1643700,88596,88636,1985,90621,1267
2021-06-06,Alpine,003,1148,87,88,0,88,0
2021-06-06,Amador,005,37829,3708,3696,33,3729,46
2021-06-06,Butte,007,227075,12666,12527,1838,14365,194
2021-06-06,Calaveras,009,45235,2183,2181,13,2194,55
2021-06-06,Colusa,011,21464,1955,1959,316,2275,15
2021-06-06,Contra Costa,013,1133247,70139,69659,1305,70964,817
2021-06-06,Del Norte,015,27424,1429,1401,13,1414,8
2021-06-06,El Dorado,017,186661,10353,10294,752,11046,113
2021-06-06,Fresno,019,978130,103031,102642,8748,111390,1717
2021-06-06,Glenn,021,27897,2439,2423,566,2989,19
2021-06-06,Humboldt,023,135768,4361,4353,38,4391,42
2021-06-06,Imperial,025,180216,28688,28762,2766,31528,738
2021-06-06,Inyo,027,18085,1406,1404,14,1418,35
2021-06-06,Kern,029,883053,97593,96623,11057,107680,1324
2021-06-06,Kings,031,150075,23209,23021,1097,24118,244
2021-06-06,Lake,033,64148,3554,3535,9,3544,45
2021-06-06,Lassen,035,31185,5239,5191,116,5307,18
2021-06-06,Los Angeles,037,10098052,1207824,1203539,41653,1245192,24410
2021-06-06,Madera,039,155013,16682,16567,944,17511,240
2021-06-06,Marin,041,260295,14141,14106,264,14370,229
2021-06-06,Mariposa,043,17540,435,435,11,446,5
2021-06-06,Mendocino,045,87422,4078,3993,82,4075,47
2021-06-06,Merced,047,269075,31118,31215,1058,32273,459
2021-06-06,Modoc,049,8938,389,375,134,509,3
2021-06-06,Mono,051,14174,1263,1275,17,1292,3
2021-06-06,Monterey,053,433212,43228,43078,1877,44955,415
2021-06-06,Napa,055,140530,9947,9963,38,10001,80
2021-06-06,Nevada,057,99092,4879,4854,193,5047,72
2021-06-06,Orange,059,3164182,255753,254782,11479,266261,5073
2021-06-06,Placer,061,380077,23497,23156,1520,24676,293
2021-06-06,Plumas,063,18699,712,692,11,703,4
2021-06-06,Riverside,065,2383286,294678,289201,14116,303317,4451
2021-06-06,Sacramento,067,1510023,106987,106749,1791,108540,1655
2021-06-06,San Benito,069,59416,6069,6074,116,6190,63
2021-06-06,San Bernardino,071,2135413,293839,293117,9027,302144,4773
2021-06-06,San Diego,073,3302833,281633,280743,15084,295827,3764
2021-06-06,San Francisco,075,870044,36891,37118,1299,38417,552
2021-06-06,San Joaquin,077,732212,73532,73105,3599,76704,1388
2021-06-06,San Luis Obispo,079,281455,21476,21246,751,21997,255
2021-06-06,San Mateo,081,765935,42490,42457,478,42935,664
2021-06-06,Santa Barbara,083,443738,34510,34403,1142,35545,459
2021-06-06,Santa Clara,085,1922200,118953,119711,775,120486,2066
2021-06-06,Santa Cruz,087,273765,16264,16158,815,16973,208
2021-06-06,Shasta,089,179085,12441,12478,1609,14087,200
2021-06-06,Sierra,091,2930,57,55,12,67,0
2021-06-06,Siskiyou,093,43540,1951,1869,372,2241,21
2021-06-06,Solano,095,438530,33084,33093,562,33655,258
2021-06-06,Sonoma,097,501317,30386,30478,350,30828,323
2021-06-06,Stanislaus,099,539301,56614,56486,5992,62478,972
2021-06-06,Sutter,101,95872,9534,9567,89,9656,111
2021-06-06,Tehama,103,63373,5114,5092,585,5677,63
2021-06-06,Trinity,105,12862,486,328,96,424,3
2021-06-06,Tulare,107,460477,50334,49466,9112,58578,847
2021-06-06,Tuolumne,109,53932,4036,4097,40,4137,63
2021-06-06,Ventura,111,848112,81543,81130,3012,84142,1025
2021-06-06,Yolo,113,214977,14084,14089,326,14415,210
2021-06-06,Yuba,115,75493,6117,6096,130,6226,49
2021-06-05,Alameda,001,1643700,88563,88612,1985,90597,1268
2021-06-05,Alpine,003,1148,87,88,0,88,0
2021-06-05,Amador,005,37829,3708,3694,33,3727,46
2021-06-05,Butte,007,227075,12660,12514,1837,14351,194
2021-06-05,Calaveras,009,45235,2183,2181,13,2194,55
2021-06-05,Colusa,011,21464,1955,1959,316,2275,15
2021-06-05,Contra Costa,013,1133247,70110,69601,1305,70906,817
2021-06-05,Del Norte,015,27424,1429,1400,13,1413,8
2021-06-05,El Dorado,017,186661,10351,10288,751,11039,113
2021-06-05,Fresno,019,978130,103022,102626,8748,111374,1717
2021-06-05,Glenn,021,27897,2438,2423,566,2989,19
2021-06-05,Humboldt,023,135768,4356,4346,38,4384,42
2021-06-05,Imperial,025,180216,28685,28764,2766,31530,738
2021-06-05,Inyo,027,18085,1406,1405,14,1419,35
2021-06-05,Kern,029,883053,97580,96597,11053,107650,1324
2021-06-05,Kings,031,150075,23206,23017,1097,24114,244
2021-06-05,Lake,033,64148,3551,3534,9,3543,45
2021-06-05,Lassen,035,31185,5238,5191,116,5307,18
2021-06-05,Los Angeles,037,10098052,1207697,1203338,41642,1244980,24411
2021-06-05,Madera,039,155013,16678,16563,944,17507,240
2021-06-05,Marin,041,260295,14139,14101,264,14365,229
2021-06-05,Mariposa,043,17540,435,435,11,446,5
2021-06-05,Mendocino,045,87422,4075,3989,82,4071,47
2021-06-05,Merced,047,269075,31116,31212,1057,32269,459
2021-06-05,Modoc,049,8938,389,375,133,508,3
2021-06-05,Mono,051,14174,1263,1274,17,1291,3
2021-06-05,Monterey,053,433212,43224,43071,1876,44947,415
2021-06-05,Napa,055,140530,9942,9960,38,9998,80
2021-06-05,Nevada,057,99092,4877,4849,193,5042,72
2021-06-05,Orange,059,3164182,255729,254752,11476,266228,5069
2021-06-05,Placer,061,380077,23481,23133,1520,24653,293
2021-06-05,Plumas,063,18699,712,692,11,703,4
2021-06-05,Riverside,065,2383286,294643,289157,14112,303269,4451
2021-06-05,Sacramento,067,1510023,106935,106688,1789,108477,1655
2021-06-05,San Benito,069,59416,6067,6074,116,6190,63
2021-06-05,San Bernardino,071,2135413,293806,293081,9025,302106,4772
2021-06-05,San Diego,073,3302833,281592,280676,15071,295747,3764
2021-06-05,San Francisco,075,870044,36882,37111,1299,38410,552
2021-06-05,San Joaquin,077,732212,73516,73078,3593,76671,1388
2021-06-05,San Luis Obispo,079,281455,21473,21236,751,21987,255
2021-06-05,San Mateo,081,765935,42480,42433,478,42911,664
2021-06-05,Santa Barbara,083,443738,34507,34399,1141,35540,459
2021-06-05,Santa Clara,085,1922200,118931,119676,773,120449,2066
2021-06-05,Santa Cruz,087,273765,16264,16154,815,16969,208
2021-06-05,Shasta,089,179085,12431,12472,1608,14080,200
2021-06-05,Sierra,091,2930,57,55,12,67,0
2021-06-05,Siskiyou,093,43540,1951,1867,372,2239,21
2021-06-05,Solano,095,438530,33069,33074,562,33636,257
2021-06-05,Sonoma,097,501317,30359,30450,348,30798,323
2021-06-05,Stanislaus,099,539301,56606,56463,5990,62453,973
2021-06-05,Sutter,101,95872,9531,9559,89,9648,111
2021-06-05,Tehama,103,63373,5113,5092,584,5676,63
2021-06-05,Trinity,105,12862,486,328,96,424,3
2021-06-05,Tulare,107,460477,50328,49463,9112,58575,847
2021-06-05,Tuolumne,109,53932,4034,4098,40,4138,63
2021-06-05,Ventura,111,848112,81534,81119,3010,84129,1025
2021-06-05,Yolo,113,214977,14082,14088,326,14414,210
2021-06-05,Yuba,115,75493,6116,6087,130,6217,49
2021-06-04,Alameda,001,1643700,88536,88585,1982,90567,1263
2021-06-04,Alpine,003,1148,87,88,0,88,0
2021-06-04,Amador,005,37829,3708,3690,33,3723,46
2021-06-04,Butte,007,227075,12649,12494,1834,14328,193
2021-06-04,Calaveras,009,45235,2183,2179,13,2192,55
2021-06-04,Colusa,011,21464,1955,1959,316,2275,15
2021-06-04,Contra Costa,013,1133247,70075,69540,1302,70842,816
2021-06-04,Del Norte,015,27424,1429,1398,13,1411,8
2021-06-04,El Dorado,017,186661,10347,10284,749,11033,112
2021-06-04,Fresno,019,978130,103006,102601,8748,111349,1712
2021-06-04,Glenn,021,27897,2438,2423,565,2988,19
2021-06-04,Humboldt,023,135768,4351,4327,38,4365,42
2021-06-04,Imperial,025,180216,28681,28753,2766,31519,738
2021-06-04,Inyo,027,18085,1406,1404,14,1418,35
2021-06-04,Kern,029,883053,97562,96573,11051,107624,1327
2021-06-04,Kings,031,150075,23205,23002,1097,24099,244
2021-06-04,Lake,033,64148,3549,3528,9,3537,45
2021-06-04,Lassen,035,31185,5238,5180,116,5296,18
2021-06-04,Los Angeles,037,10098052,1207573,1203106,41633,1244739,24400
2021-06-04,Madera,039,155013,16676,16557,944,17501,240
2021-06-04,Marin,041,260295,14138,14099,263,14362,229
2021-06-04,Mariposa,043,17540,435,435,11,446,5
2021-06-04,Mendocino,045,87422,4066,3983,82,4065,47
2021-06-04,Merced,047,269075,31111,31204,1056,32260,459
2021-06-04,Modoc,049,8938,387,375,133,508,3
2021-06-04,Mono,051,14174,1263,1275,17,1292,3
2021-06-04,Monterey,053,433212,43220,43068,1876,44944,415
2021-06-04,Napa,055,140530,9938,9958,38,9996,80
2021-06-04,Nevada,057,99092,4873,4844,193,5037,72
2021-06-04,Orange,059,3164182,255692,254730,11472,266202,5059
2021-06-04,Placer,061,380077,23465,23110,1519,24629,293
2021-06-04,Plumas,063,18699,712,691,11,702,4
2021-06-04,Riverside,065,2383286,294617,289098,14108,303206,4452
2021-06-04,Sacramento,067,1510023,106881,106616,1788,108404,1654
2021-06-04,San Benito,069,59416,6065,6073,116,6189,63
2021-06-04,San Bernardino,071,2135413,293782,293056,9023,302079,4768
2021-06-04,San Diego,073,3302833,281549,280556,15064,295620,3763
2021-06-04,San Francisco,075,870044,36877,37079,1298,38377,551
2021-06-04,San Joaquin,077,732212,73497,73039,3591,76630,1388
2021-06-04,San Luis Obispo,079,281455,21470,21234,750,21984,255
2021-06-04,San Mateo,081,765935,42468,42413,478,42891,478
2021-06-04,Santa Barbara,083,443738,34501,34402,1140,35542,459
2021-06-04,Santa Clara,085,1922200,118901,119619,773,120392,2065
2021-06-04,Santa Cruz,087,273765,16261,16150,815,16965,207
2021-06-04,Shasta,089,179085,12425,12458,1603,14061,200
2021-06-04,Sierra,091,2930,57,55,12,67,0
2021-06-04,Siskiyou,093,43540,1950,1865,372,2237,21
2021-06-04,Solano,095,438530,33058,33058,562,33620,256
2021-06-04,Sonoma,097,501317,30338,30411,348,30759,323
2021-06-04,Stanislaus,099,539301,56591,56442,5988,62430,973
2021-06-04,Sutter,101,95872,9526,9554,89,9643,111
2021-06-04,Tehama,103,63373,5108,5090,584,5674,63
2021-06-04,Trinity,105,12862,486,328,96,424,3
2021-06-04,Tulare,107,460477,50319,49452,9110,58562,847
2021-06-04,Tuolumne,109,53932,4033,4095,40,4135,63
2021-06-04,Ventura,111,848112,81527,81104,3008,84112,1023
2021-06-04,Yolo,113,214977,14080,14083,326,14409,210
2021-06-04,Yuba,115,75493,6113,6084,130,6214,49
2021-06-03,Alameda,001,1643700,88498,88555,1979,90534,1257
2021-06-03,Alpine,003,1148,87,88,0,88,0
2021-06-03,Amador,005,37829,3700,3688,33,3721,46
2021-06-03,Butte,007,227075,12645,12478,1833,14311,193
2021-06-03,Calaveras,009,45235,2183,2179,13,2192,55
2021-06-03,Colusa,011,21464,1955,1957,316,2273,15
2021-06-03,Contra Costa,013,1133247,70021,69500,1297,70797,816
2021-06-03,Del Norte,015,27424,1427,1397,13,1410,8
2021-06-03,El Dorado,017,186661,10341,10284,746,11030,112
2021-06-03,Fresno,019,978130,102989,102566,8748,111314,1709
2021-06-03,Glenn,021,27897,2438,2421,565,2986,19
2021-06-03,Humboldt,023,135768,4343,4314,38,4352,42
2021-06-03,Imperial,025,180216,28670,28737,2766,31503,738
2021-06-03,Inyo,027,18085,1406,1404,14,1418,35
2021-06-03,Kern,029,883053,97535,96507,11037,107544,1326
2021-06-03,Kings,031,150075,23201,22982,1097,24079,244
2021-06-03,Lake,033,64148,3547,3526,9,3535,45
2021-06-03,Lassen,035,31185,5229,5177,116,5293,12
2021-06-03,Los Angeles,037,10098052,1207398,1202923,41625,1244548,24386
2021-06-03,Madera,039,155013,16669,16554,944,17498,240
2021-06-03,Marin,041,260295,14133,14095,263,14358,230
2021-06-03,Mariposa,043,17540,435,435,11,446,5
2021-06-03,Mendocino,045,87422,4059,3978,82,4060,47
2021-06-03,Merced,047,269075,31108,31199,1056,32255,459
2021-06-03,Modoc,049,8938,386,376,132,508,3
2021-06-03,Mono,051,14174,1263,1275,17,1292,3
2021-06-03,Monterey,053,433212,43217,43063,1876,44939,415
2021-06-03,Napa,055,140530,9931,9957,38,9995,81
2021-06-03,Nevada,057,99092,4869,4837,193,5030,72
2021-06-03,Orange,059,3164182,255664,254676,11462,266138,5056
2021-06-03,Placer,061,380077,23456,23100,1518,24618,293
2021-06-03,Plumas,063,18699,712,691,11,702,4
2021-06-03,Riverside,065,2383286,294562,289035,14104,303139,4447
2021-06-03,Sacramento,067,1510023,106802,106526,1786,108312,1654
2021-06-03,San Benito,069,59416,6065,6073,116,6189,63
2021-06-03,San Bernardino,071,2135413,293750,293021,9023,302044,4762
2021-06-03,San Diego,073,3302833,281485,280430,15054,295484,3761
2021-06-03,San Francisco,075,870044,36871,37072,1298,38370,551
2021-06-03,San Joaquin,077,732212,73469,72989,3587,76576,1388
2021-06-03,San Luis Obispo,079,281455,21465,21224,750,21974,255
2021-06-03,San Mateo,081,765935,42455,42396,478,42874,467
2021-06-03,Santa Barbara,083,443738,34498,34391,1140,35531,459
2021-06-03,Santa Clara,085,1922200,118879,119592,771,120363,2058
2021-06-03,Santa Cruz,087,273765,16259,16144,815,16959,207
2021-06-03,Shasta,089,179085,12410,12441,1600,14041,199
2021-06-03,Sierra,091,2930,57,55,12,67,0
2021-06-03,Siskiyou,093,43540,1950,1862,371,2233,21
2021-06-03,Solano,095,438530,33044,33019,562,33581,256
2021-06-03,Sonoma,097,501317,30316,30383,347,30730,322
2021-06-03,Stanislaus,099,539301,56573,56401,5982,62383,973
2021-06-03,Sutter,101,95872,9517,9539,89,9628,111
2021-06-03,Tehama,103,63373,5108,5087,584,5671,63
2021-06-03,Trinity,105,12862,486,328,96,424,3
2021-06-03,Tulare,107,460477,50316,49442,9106,58548,848
2021-06-03,Tuolumne,109,53932,4031,4095,40,4135,63
2021-06-03,Ventura,111,848112,81515,81078,3006,84084,1023
2021-06-03,Yolo,113,214977,14076,14078,323,14401,210
2021-06-03,Yuba,115,75493,6106,6077,130,6207,49
2021-06-02,Alameda,001,1643700,88453,88525,1977,90502,1254
2021-06-02,Alpine,003,1148,87,88,0,88,0
2021-06-02,Amador,005,37829,3698,3687,33,3720,46
2021-06-02,Butte,007,227075,12625,12432,1830,14262,193
2021-06-02,Calaveras,009,45235,2180,2174,13,2187,55
2021-06-02,Colusa,011,21464,1954,1957,316,2273,15
2021-06-02,Contra Costa,013,1133247,69970,69455,1295,70750,814
2021-06-02,Del Norte,015,27424,1425,1395,13,1408,8
2021-06-02,El Dorado,017,186661,10337,10275,746,11021,110
2021-06-02,Fresno,019,978130,102965,102547,8745,111292,1707
2021-06-02,Glenn,021,27897,2438,2421,565,2986,19
2021-06-02,Humboldt,023,135768,4328,4302,38,4340,42
2021-06-02,Imperial,025,180216,28664,28737,2765,31502,738
2021-06-02,Inyo,027,18085,1405,1403,14,1417,35
2021-06-02,Kern,029,883053,97508,96481,11030,107511,1326
2021-06-02,Kings,031,150075,23199,22981,1096,24077,244
2021-06-02,Lake,033,64148,3542,3522,9,3531,45
2021-06-02,Lassen,035,31185,5228,5177,116,5293,6
2021-06-02,Los Angeles,037,10098052,1207194,1202760,41616,1244376,24375
2021-06-02,Madera,039,155013,16661,16550,944,17494,240
2021-06-02,Marin,041,260295,14131,14091,262,14353,229
2021-06-02,Mariposa,043,17540,435,434,11,445,5
2021-06-02,Mendocino,045,87422,4053,3970,82,4052,47
2021-06-02,Merced,047,269075,31095,31195,1055,32250,458
2021-06-02,Modoc,049,8938,385,375,131,506,3
2021-06-02,Mono,051,14174,1263,1275,17,1292,3
2021-06-02,Monterey,053,433212,43215,43056,1876,44932,380
2021-06-02,Napa,055,140530,9930,9953,38,9991,82
2021-06-02,Nevada,057,99092,4866,4833,193,5026,72
2021-06-02,Orange,059,3164182,255615,254637,11455,266092,5055
2021-06-02,Placer,061,380077,23435,23058,1516,24574,293
2021-06-02,Plumas,063,18699,712,690,11,701,4
2021-06-02,Riverside,065,2383286,294504,289012,14094,303106,4445
2021-06-02,Sacramento,067,1510023,106737,106435,1780,108215,1649
2021-06-02,San Benito,069,59416,6064,6073,116,6189,63
2021-06-02,San Bernardino,071,2135413,293702,293004,9018,302022,4760
2021-06-02,San Diego,073,3302833,281405,280347,15033,295380,3760
2021-06-02,San Francisco,075,870044,36851,37050,1297,38347,550
2021-06-02,San Joaquin,077,732212,73438,72893,3584,76477,1387
2021-06-02,San Luis Obispo,079,281455,21458,21214,749,21963,255
2021-06-02,San Mateo,081,765935,42445,42383,477,42860,464
2021-06-02,Santa Barbara,083,443738,34491,34381,1140,35521,456
2021-06-02,Santa Clara,085,1922200,118851,119553,770,120323,2058
2021-06-02,Santa Cruz,087,273765,16256,16144,815,16959,207
2021-06-02,Shasta,089,179085,12392,12426,1595,14021,199
2021-06-02,Sierra,091,2930,57,55,12,67,0
2021-06-02,Siskiyou,093,43540,1950,1861,369,2230,21
2021-06-02,Solano,095,438530,33032,33007,561,33568,256
2021-06-02,Sonoma,097,501317,30297,30359,342,30701,322
2021-06-02,Stanislaus,099,539301,56555,56377,5977,62354,973
2021-06-02,Sutter,101,95872,9514,9533,89,9622,111
2021-06-02,Tehama,103,63373,5105,5081,584,5665,63
2021-06-02,Trinity,105,12862,484,328,96,424,3
2021-06-02,Tulare,107,460477,50307,49434,9102,58536,846
2021-06-02,Tuolumne,109,53932,4030,4095,40,4135,63
2021-06-02,Ventura,111,848112,81490,81033,3006,84039,1020
2021-06-02,Yolo,113,214977,14073,14074,322,14396,210
2021-06-02,Yuba,115,75493,6100,6072,130,6202,48
2021-06-01,Alameda,001,1643700,88418,88472,1975,90447,1253
2021-06-01,Alpine,003,1148,87,88,0,88,0
2021-06-01,Amador,005,37829,3696,3687,33,3720,46
2021-06-01,Butte,007,227075,12611,12427,1829,14256,193
2021-06-01,Calaveras,009,45235,2178,2173,13,2186,55
2021-06-01,Colusa,011,21464,1953,1955,315,2270,15
2021-06-01,Contra Costa,013,1133247,69912,69404,1295,70699,813
2021-06-01,Del Norte,015,27424,1424,1394,13,1407,8
2021-06-01,El Dorado,017,186661,10331,10271,746,11017,110
2021-06-01,Fresno,019,978130,102941,102534,8742,111276,1706
2021-06-01,Glenn,021,27897,2438,2422,565,2987,18
2021-06-01,Humboldt,023,135768,4318,4299,38,4337,42
2021-06-01,Imperial,025,180216,28660,28722,2763,31485,736
2021-06-01,Inyo,027,18085,1405,1403,14,1417,35
2021-06-01,Kern,029,883053,97481,96477,11022,107499,1319
2021-06-01,Kings,031,150075,23195,22977,1096,24073,244
2021-06-01,Lake,033,64148,3541,3523,9,3532,45
2021-06-01,Lassen,035,31185,5221,5172,116,5288,6
2021-06-01,Los Angeles,037,10098052,1206959,1202673,41602,1244275,24367
2021-06-01,Madera,039,155013,16652,16549,943,17492,240
2021-06-01,Marin,041,260295,14129,14081,262,14343,229
2021-06-01,Mariposa,043,17540,435,431,11,442,5
2021-06-01,Mendocino,045,87422,4046,3966,82,4048,47
2021-06-01,Merced,047,269075,31085,31195,1055,32250,456
2021-06-01,Modoc,049,8938,383,375,131,506,3
2021-06-01,Mono,051,14174,1263,1275,17,1292,3
2021-06-01,Monterey,053,433212,43209,43051,1876,44927,379
2021-06-01,Napa,055,140530,9928,9949,38,9987,82
2021-06-01,Nevada,057,99092,4861,4825,193,5018,72
2021-06-01,Orange,059,3164182,255579,254603,11447,266050,5051
2021-06-01,Placer,061,380077,23405,23021,1514,24535,293
2021-06-01,Plumas,063,18699,711,690,11,701,4
2021-06-01,Riverside,065,2383286,294451,288996,14088,303084,4442
2021-06-01,Sacramento,067,1510023,106665,106330,1778,108108,1644
2021-06-01,San Benito,069,59416,6063,6073,115,6188,63
2021-06-01,San Bernardino,071,2135413,293676,292990,9017,302007,4758
2021-06-01,San Diego,073,3302833,281301,280305,15016,295321,3756
2021-06-01,San Francisco,075,870044,36835,37031,1297,38328,550
2021-06-01,San Joaquin,077,732212,73406,72858,3582,76440,1383
2021-06-01,San Luis Obispo,079,281455,21453,21217,749,21966,256
2021-06-01,San Mateo,081,765935,42429,42383,476,42859,462
2021-06-01,Santa Barbara,083,443738,34487,34374,1140,35514,456
2021-06-01,Santa Clara,085,1922200,118823,119528,770,120298,2057
2021-06-01,Santa Cruz,087,273765,16252,16143,814,16957,207
2021-06-01,Shasta,089,179085,12383,12409,1590,13999,199
2021-06-01,Sierra,091,2930,57,55,12,67,0
2021-06-01,Siskiyou,093,43540,1943,1860,368,2228,21
2021-06-01,Solano,095,438530,33007,32974,560,33534,256
2021-06-01,Sonoma,097,501317,30258,30324,341,30665,322
2021-06-01,Stanislaus,099,539301,56539,56348,5975,62323,973
2021-06-01,Sutter,101,95872,9507,9528,89,9617,111
2021-06-01,Tehama,103,63373,5103,5079,584,5663,63
2021-06-01,Trinity,105,12862,483,328,95,423,3
2021-06-01,Tulare,107,460477,50299,49419,9098,58517,845
2021-06-01,Tuolumne,109,53932,4030,4094,40,4134,63
2021-06-01,Ventura,111,848112,81474,81018,3005,84023,1021
2021-06-01,Yolo,113,214977,14067,14067,322,14389,210
2021-06-01,Yuba,115,75493,6096,6067,130,6197,48
2021-05-31,Alameda,001,1643700,88381,88458,1971,90429,1253
2021-05-31,Alpine,003,1148,87,88,0,88,0
2021-05-31,Amador,005,37829,3690,3687,33,3720,46
2021-05-31,Butte,007,227075,12598,12429,1829,14258,193
2021-05-31,Calaveras,009,45235,2177,2171,13,2184,55
2021-05-31,Colusa,011,21464,1953,1956,314,2270,15
2021-05-31,Contra Costa,013,1133247,69875,69390,1293,70683,813
2021-05-31,Del Norte,015,27424,1421,1394,13,1407,8
2021-05-31,El Dorado,017,186661,10325,10271,744,11015,110
2021-05-31,Fresno,019,978130,102904,102507,8742,111249,1706
2021-05-31,Glenn,021,27897,2437,2422,564,2986,18
2021-05-31,Humboldt,023,135768,4305,4295,38,4333,42
2021-05-31,Imperial,025,180216,28654,28732,2760,31492,736
2021-05-31,Inyo,027,18085,1404,1403,14,1417,35
2021-05-31,Kern,029,883053,97445,96457,11013,107470,1319
2021-05-31,Kings,031,150075,23191,22977,1096,24073,244
2021-05-31,Lake,033,64148,3536,3523,9,3532,45
2021-05-31,Lassen,035,31185,5219,5172,115,5287,6
2021-05-31,Los Angeles,037,10098052,1206715,1202567,41594,1244161,24364
2021-05-31,Madera,039,155013,16651,16543,942,17485,240
2021-05-31,Marin,041,260295,14127,14080,262,14342,229
2021-05-31,Mariposa,043,17540,435,430,11,441,5
2021-05-31,Mendocino,045,87422,4036,3961,82,4043,47
2021-05-31,Merced,047,269075,31080,31194,1055,32249,456
2021-05-31,Modoc,049,8938,382,374,131,505,3
2021-05-31,Mono,051,14174,1263,1275,17,1292,3
2021-05-31,Monterey,053,433212,43205,43051,1876,44927,379
2021-05-31,Napa,055,140530,9921,9948,38,9986,82
2021-05-31,Nevada,057,99092,4851,4823,192,5015,72
2021-05-31,Orange,059,3164182,255551,254572,11439,266011,5051
2021-05-31,Placer,061,380077,23378,23019,1510,24529,293
2021-05-31,Plumas,063,18699,710,690,11,701,4
2021-05-31,Riverside,065,2383286,294394,288970,14076,303046,4442
2021-05-31,Sacramento,067,1510023,106568,106278,1772,108050,1644
2021-05-31,San Benito,069,59416,6063,6072,115,6187,63
2021-05-31,San Bernardino,071,2135413,293628,292973,9016,301989,4758
2021-05-31,San Diego,073,3302833,281197,280254,15004,295258,3756
2021-05-31,San Francisco,075,870044,36820,37022,1296,38318,550
2021-05-31,San Joaquin,077,732212,73357,72856,3576,76432,1383
2021-05-31,San Luis Obispo,079,281455,21445,21215,749,21964,256
2021-05-31,San Mateo,081,765935,42413,42389,476,42865,442
2021-05-31,Santa Barbara,083,443738,34474,34369,1138,35507,456
2021-05-31,Santa Clara,085,1922200,118779,119515,770,120285,2057
2021-05-31,Santa Cruz,087,273765,16249,16139,814,16953,207
2021-05-31,Shasta,089,179085,12367,12408,1587,13995,199
2021-05-31,Sierra,091,2930,57,55,12,67,0
2021-05-31,Siskiyou,093,43540,1942,1856,367,2223,21
2021-05-31,Solano,095,438530,32957,32973,560,33533,256
2021-05-31,Sonoma,097,501317,30215,30314,341,30655,322
2021-05-31,Stanislaus,099,539301,56497,56335,5972,62307,973
2021-05-31,Sutter,101,95872,9488,9523,89,9612,111
2021-05-31,Tehama,103,63373,5100,5076,583,5659,63
2021-05-31,Trinity,105,12862,483,328,95,423,3
2021-05-31,Tulare,107,460477,50288,49404,9093,58497,845
2021-05-31,Tuolumne,109,53932,4028,4095,40,4135,63
2021-05-31,Ventura,111,848112,81459,81017,3002,84019,1021
2021-05-31,Yolo,113,214977,14063,14064,322,14386,210
2021-05-31,Yuba,115,75493,6090,6063,127,6190,48
2021-05-30,Alameda,001,1643700,88358,88429,1971,90400,1253
2021-05-30,Alpine,003,1148,87,88,0,88,0
2021-05-30,Amador,005,37829,3686,3685,33,3718,46
2021-05-30,Butte,007,227075,12588,12427,1827,14254,190
2021-05-30,Calaveras,009,45235,2173,2166,13,2179,55
2021-05-30,Colusa,011,21464,1953,1954,314,2268,15
2021-05-30,Contra Costa,013,1133247,69841,69381,1291,70672,813
2021-05-30,Del Norte,015,27424,1420,1393,13,1406,8
2021-05-30,El Dorado,017,186661,10322,10271,744,11015,110
2021-05-30,Fresno,019,978130,102887,102499,8738,111237,1706
2021-05-30,Glenn,021,27897,2437,2422,563,2985,18
2021-05-30,Humboldt,023,135768,4297,4291,38,4329,42
2021-05-30,Imperial,025,180216,28650,28732,2759,31491,736
2021-05-30,Inyo,027,18085,1404,1403,14,1417,35
2021-05-30,Kern,029,883053,97429,96443,11010,107453,1319
2021-05-30,Kings,031,150075,23190,22974,1095,24069,244
2021-05-30,Lake,033,64148,3536,3517,9,3526,45
2021-05-30,Lassen,035,31185,5217,5171,115,5286,6
2021-05-30,Los Angeles,037,10098052,1206603,1202425,41587,1244012,24360
2021-05-30,Madera,039,155013,16647,16538,942,17480,240
2021-05-30,Marin,041,260295,14123,14083,261,14344,229
2021-05-30,Mariposa,043,17540,435,430,11,441,5
2021-05-30,Mendocino,045,87422,4029,3955,82,4037,47
2021-05-30,Merced,047,269075,31076,31189,1054,32243,456
2021-05-30,Modoc,049,8938,382,374,131,505,3
2021-05-30,Mono,051,14174,1263,1275,17,1292,3
2021-05-30,Monterey,053,433212,43202,43049,1876,44925,379
2021-05-30,Napa,055,140530,9920,9948,38,9986,82
2021-05-30,Nevada,057,99092,4845,4818,192,5010,72
2021-05-30,Orange,059,3164182,255528,254559,11438,265997,5051
2021-05-30,Placer,061,380077,23372,23016,1510,24526,293
2021-05-30,Plumas,063,18699,708,690,11,701,4
2021-05-30,Riverside,065,2383286,294373,288961,14074,303035,4442
2021-05-30,Sacramento,067,1510023,106523,106252,1770,108022,1644
2021-05-30,San Benito,069,59416,6063,6072,115,6187,63
2021-05-30,San Bernardino,071,2135413,293602,292981,9015,301996,4758
2021-05-30,San Diego,073,3302833,281141,280209,14999,295208,3756
2021-05-30,San Francisco,075,870044,36801,37016,1296,38312,550
2021-05-30,San Joaquin,077,732212,73340,72853,3575,76428,1383
2021-05-30,San Luis Obispo,079,281455,21436,21211,748,21959,256
2021-05-30,San Mateo,081,765935,42405,42386,476,42862,439
2021-05-30,Santa Barbara,083,443738,34470,34369,1138,35507,456
2021-05-30,Santa Clara,085,1922200,118757,119510,766,120276,2057
2021-05-30,Santa Cruz,087,273765,16247,16140,814,16954,207
2021-05-30,Shasta,089,179085,12365,12408,1584,13992,199
2021-05-30,Sierra,091,2930,57,55,12,67,0
2021-05-30,Siskiyou,093,43540,1942,1856,367,2223,21
2021-05-30,Solano,095,438530,32946,32952,559,33511,256
2021-05-30,Sonoma,097,501317,30198,30310,340,30650,322
2021-05-30,Stanislaus,099,539301,56486,56323,5971,62294,973
2021-05-30,Sutter,101,95872,9487,9519,88,9607,111
2021-05-30,Tehama,103,63373,5100,5073,583,5656,63
2021-05-30,Trinity,105,12862,483,328,95,423,3
2021-05-30,Tulare,107,460477,50281,49397,9084,58481,845
2021-05-30,Tuolumne,109,53932,4028,4094,40,4134,63
2021-05-30,Ventura,111,848112,81455,81012,3001,84013,1021
2021-05-30,Yolo,113,214977,14058,14059,321,14380,210
2021-05-30,Yuba,115,75493,6083,6063,126,6189,48
2021-05-29,Alameda,001,1643700,88335,88433,1969,90402,1253
2021-05-29,Alpine,003,1148,87,88,0,88,0
2021-05-29,Amador,005,37829,3685,3683,33,3716,46
2021-05-29,Butte,007,227075,12582,12425,1827,14252,190
2021-05-29,Calaveras,009,45235,2172,2166,13,2179,55
2021-05-29,Colusa,011,21464,1950,1954,314,2268,15
2021-05-29,Contra Costa,013,1133247,69808,69351,1291,70642,813
2021-05-29,Del Norte,015,27424,1420,1391,13,1404,8
2021-05-29,El Dorado,017,186661,10321,10269,742,11011,110
2021-05-29,Fresno,019,978130,102875,102470,8735,111205,1706
2021-05-29,Glenn,021,27897,2437,2422,562,2984,18
2021-05-29,Humboldt,023,135768,4291,4283,38,4321,42
2021-05-29,Imperial,025,180216,28647,28729,2758,31487,736
2021-05-29,Inyo,027,18085,1404,1404,14,1418,35
2021-05-29,Kern,029,883053,97418,96424,10997,107421,1319
2021-05-29,Kings,031,150075,23189,22970,1094,24064,244
2021-05-29,Lake,033,64148,3536,3515,9,3524,45
2021-05-29,Lassen,035,31185,5217,5171,115,5286,6
2021-05-29,Los Angeles,037,10098052,1206480,1202264,41583,1243847,24359
2021-05-29,Madera,039,155013,16645,16535,942,17477,240
2021-05-29,Marin,041,260295,14119,14071,260,14331,229
2021-05-29,Mariposa,043,17540,434,428,11,439,5
2021-05-29,Mendocino,045,87422,4023,3952,82,4034,47
2021-05-29,Merced,047,269075,31064,31187,1054,32241,456
2021-05-29,Modoc,049,8938,382,374,131,505,3
2021-05-29,Mono,051,14174,1263,1275,17,1292,3
2021-05-29,Monterey,053,433212,43200,43042,1876,44918,379
2021-05-29,Napa,055,140530,9917,9948,38,9986,82
2021-05-29,Nevada,057,99092,4844,4816,192,5008,72
2021-05-29,Orange,059,3164182,255506,254537,11428,265965,5049
2021-05-29,Placer,061,380077,23357,23009,1509,24518,293
2021-05-29,Plumas,063,18699,708,689,11,700,4
2021-05-29,Riverside,065,2383286,294353,288908,14073,302981,4442
2021-05-29,Sacramento,067,1510023,106493,106218,1769,107987,1643
2021-05-29,San Benito,069,59416,6062,6072,115,6187,63
2021-05-29,San Bernardino,071,2135413,293570,292961,9014,301975,4757
2021-05-29,San Diego,073,3302833,281082,280151,14994,295145,3756
2021-05-29,San Francisco,075,870044,36792,37008,1296,38304,550
2021-05-29,San Joaquin,077,732212,73324,72827,3573,76400,1383
2021-05-29,San Luis Obispo,079,281455,21434,21201,748,21949,256
2021-05-29,San Mateo,081,765935,42397,42375,475,42850,439
2021-05-29,Santa Barbara,083,443738,34466,34367,1138,35505,456
2021-05-29,Santa Clara,085,1922200,118733,119498,765,120263,2056
2021-05-29,Santa Cruz,087,273765,16246,16137,814,16951,207
2021-05-29,Shasta,089,179085,12357,12401,1583,13984,199
2021-05-29,Sierra,091,2930,57,55,12,67,0
2021-05-29,Siskiyou,093,43540,1937,1856,367,2223,21
2021-05-29,Solano,095,438530,32937,32917,559,33476,256
2021-05-29,Sonoma,097,501317,30175,30298,339,30637,322
2021-05-29,Stanislaus,099,539301,56468,56305,5969,62274,974
2021-05-29,Sutter,101,95872,9483,9516,88,9604,111
2021-05-29,Tehama,103,63373,5099,5070,583,5653,63
2021-05-29,Trinity,105,12862,483,328,95,423,3
2021-05-29,Tulare,107,460477,50271,49392,9080,58472,845
2021-05-29,Tuolumne,109,53932,4028,4093,40,4133,63
2021-05-29,Ventura,111,848112,81447,81008,3001,84009,1021
2021-05-29,Yolo,113,214977,14057,14055,321,14376,210
2021-05-29,Yuba,115,75493,6083,6059,126,6185,48
2021-05-28,Alameda,001,1643700,88311,88391,1965,90356,1261
2021-05-28,Alpine,003,1148,87,88,0,88,0
2021-05-28,Amador,005,37829,3685,3680,33,3713,46
2021-05-28,Butte,007,227075,12579,12407,1826,14233,190
2021-05-28,Calaveras,009,45235,2171,2165,13,2178,55
2021-05-28,Colusa,011,21464,1950,1954,312,2266,15
2021-05-28,Contra Costa,013,1133247,69772,69290,1290,70580,813
2021-05-28,Del Norte,015,27424,1419,1390,13,1403,8
2021-05-28,El Dorado,017,186661,10318,10265,742,11007,110
2021-05-28,Fresno,019,978130,102860,102437,8735,111172,1705
2021-05-28,Glenn,021,27897,2437,2419,562,2981,18
2021-05-28,Humboldt,023,135768,4284,4265,38,4303,42
2021-05-28,Imperial,025,180216,28644,28722,2758,31480,736
2021-05-28,Inyo,027,18085,1404,1404,14,1418,35
2021-05-28,Kern,029,883053,97401,96396,10989,107385,1320
2021-05-28,Kings,031,150075,23187,22962,1094,24056,244
2021-05-28,Lake,033,64148,3534,3515,9,3524,45
2021-05-28,Lassen,035,31185,5217,5169,115,5284,6
2021-05-28,Los Angeles,037,10098052,1206370,1202103,41572,1243675,24357
2021-05-28,Madera,039,155013,16643,16530,942,17472,240
2021-05-28,Marin,041,260295,14118,14063,259,14322,229
2021-05-28,Mariposa,043,17540,434,428,11,439,5
2021-05-28,Mendocino,045,87422,4018,3947,82,4029,47
2021-05-28,Merced,047,269075,31061,31176,1054,32230,455
2021-05-28,Modoc,049,8938,382,374,131,505,3
2021-05-28,Mono,051,14174,1263,1274,17,1291,3
2021-05-28,Monterey,053,433212,43199,43036,1876,44912,379
2021-05-28,Napa,055,140530,9917,9941,38,9979,82
2021-05-28,Nevada,057,99092,4842,4813,192,5005,71
2021-05-28,Orange,059,3164182,255486,254494,11426,265920,5047
2021-05-28,Placer,061,380077,23347,22987,1507,24494,293
2021-05-28,Plumas,063,18699,706,688,11,699,4
2021-05-28,Riverside,065,2383286,294331,288872,14071,302943,4442
2021-05-28,Sacramento,067,1510023,106437,106131,1767,107898,1642
2021-05-28,San Benito,069,59416,6062,6074,115,6189,63
2021-05-28,San Bernardino,071,2135413,293547,292905,9014,301919,4757
2021-05-28,San Diego,073,3302833,281019,280043,14983,295026,3756
2021-05-28,San Francisco,075,870044,36786,36987,1296,38283,546
2021-05-28,San Joaquin,077,732212,73294,72793,3571,76364,1383
2021-05-28,San Luis Obispo,079,281455,21429,21190,746,21936,256
2021-05-28,San Mateo,081,765935,42391,42364,475,42839,439
2021-05-28,Santa Barbara,083,443738,34465,34371,1138,35509,455
2021-05-28,Santa Clara,085,1922200,118709,119462,765,120227,2056
2021-05-28,Santa Cruz,087,273765,16245,16129,814,16943,207
2021-05-28,Shasta,089,179085,12348,12383,1581,13964,198
2021-05-28,Sierra,091,2930,57,54,12,66,0
2021-05-28,Siskiyou,093,43540,1935,1850,367,2217,19
2021-05-28,Solano,095,438530,32922,32892,559,33451,256
2021-05-28,Sonoma,097,501317,30156,30270,339,30609,321
2021-05-28,Stanislaus,099,539301,56450,56278,5966,62244,974
2021-05-28,Sutter,101,95872,9479,9511,88,9599,111
2021-05-28,Tehama,103,63373,5093,5064,583,5647,63
2021-05-28,Trinity,105,12862,483,328,95,423,3
2021-05-28,Tulare,107,460477,50266,49375,9071,58446,846
2021-05-28,Tuolumne,109,53932,4028,4090,40,4130,63
2021-05-28,Ventura,111,848112,81436,80985,3000,83985,1021
2021-05-28,Yolo,113,214977,14054,14050,320,14370,210
2021-05-28,Yuba,115,75493,6081,6050,125,6175,48
2021-05-27,Alameda,001,1643700,88276,88342,1964,90306,1274
2021-05-27,Alpine,003,1148,87,88,0,88,0
2021-05-27,Amador,005,37829,3682,3680,33,3713,46
2021-05-27,Butte,007,227075,12574,12401,1825,14226,190
2021-05-27,Calaveras,009,45235,2170,2163,13,2176,55
2021-05-27,Colusa,011,21464,1947,1952,312,2264,15
2021-05-27,Contra Costa,013,1133247,69730,69245,1288,70533,813
2021-05-27,Del Norte,015,27424,1419,1388,13,1401,8
2021-05-27,El Dorado,017,186661,10317,10248,742,10990,112
2021-05-27,Fresno,019,978130,102843,102413,8732,111145,1704
2021-05-27,Glenn,021,27897,2437,2415,562,2977,18
2021-05-27,Humboldt,023,135768,4276,4260,38,4298,42
2021-05-27,Imperial,025,180216,28633,28728,2758,31486,736
2021-05-27,Inyo,027,18085,1404,1404,14,1418,35
2021-05-27,Kern,029,883053,97385,96364,10981,107345,1322
2021-05-27,Kings,031,150075,23184,22953,1094,24047,245
2021-05-27,Lake,033,64148,3529,3509,9,3518,45
2021-05-27,Lassen,035,31185,5216,5170,114,5284,6
2021-05-27,Los Angeles,037,10098052,1206206,1201927,41556,1243483,24348
2021-05-27,Madera,039,155013,16634,16527,942,17469,240
2021-05-27,Marin,041,260295,14114,14061,259,14320,229
2021-05-27,Mariposa,043,17540,432,427,11,438,5
2021-05-27,Mendocino,045,87422,4012,3945,82,4027,47
2021-05-27,Merced,047,269075,31049,31161,1054,32215,455
2021-05-27,Modoc,049,8938,381,374,131,505,3
2021-05-27,Mono,051,14174,1263,1276,17,1293,3
2021-05-27,Monterey,053,433212,43193,43032,1876,44908,379
2021-05-27,Napa,055,140530,9916,9934,38,9972,82
2021-05-27,Nevada,057,99092,4838,4807,190,4997,71
2021-05-27,Orange,059,3164182,255449,254438,11422,265860,5059
2021-05-27,Placer,061,380077,23338,22966,1507,24473,293
2021-05-27,Plumas,063,18699,706,687,11,698,4
2021-05-27,Riverside,065,2383286,294295,288835,14066,302901,4443
2021-05-27,Sacramento,067,1510023,106362,106015,1765,107780,1642
2021-05-27,San Benito,069,59416,6061,6074,115,6189,63
2021-05-27,San Bernardino,071,2135413,293511,292755,9012,301767,4756
2021-05-27,San Diego,073,3302833,280945,279960,14969,294929,3756
2021-05-27,San Francisco,075,870044,36780,36980,1293,38273,546
2021-05-27,San Joaquin,077,732212,73262,72714,3567,76281,1388
2021-05-27,San Luis Obispo,079,281455,21424,21171,746,21917,256
2021-05-27,San Mateo,081,765935,42382,42345,475,42820,436
2021-05-27,Santa Barbara,083,443738,34460,34355,1138,35493,456
2021-05-27,Santa Clara,085,1922200,118688,119452,765,120217,2053
2021-05-27,Santa Cruz,087,273765,16243,16134,814,16948,207
2021-05-27,Shasta,089,179085,12338,12380,1581,13961,202
2021-05-27,Sierra,091,2930,57,54,12,66,0
2021-05-27,Siskiyou,093,43540,1932,1846,367,2213,18
2021-05-27,Solano,095,438530,32881,32855,558,33413,257
2021-05-27,Sonoma,097,501317,30129,30253,335,30588,321
2021-05-27,Stanislaus,099,539301,56425,56207,5965,62172,974
2021-05-27,Sutter,101,95872,9475,9501,88,9589,111
2021-05-27,Tehama,103,63373,5090,5064,582,5646,63
2021-05-27,Trinity,105,12862,483,328,95,423,3
2021-05-27,Tulare,107,460477,50252,49366,9062,58428,840
2021-05-27,Tuolumne,109,53932,4027,4090,40,4130,66
2021-05-27,Ventura,111,848112,81423,80965,2997,83962,1023
2021-05-27,Yolo,113,214977,14051,14036,320,14356,213
2021-05-27,Yuba,115,75493,6076,6040,124,6164,48
2021-05-26,Alameda,001,1643700,88247,88297,1964,90261,1266
2021-05-26,Alpine,003,1148,87,88,0,88,0
2021-05-26,Amador,005,37829,3682,3679,33,3712,46
2021-05-26,Butte,007,227075,12565,12332,1824,14156,190
2021-05-26,Calaveras,009,45235,2169,2154,13,2167,55
2021-05-26,Colusa,011,21464,1946,1952,312,2264,15
2021-05-26,Contra Costa,013,1133247,69693,69210,1288,70498,812
2021-05-26,Del Norte,015,27424,1419,1386,12,1398,8
2021-05-26,El Dorado,017,186661,10313,10242,741,10983,112
2021-05-26,Fresno,019,978130,102811,102374,8727,111101,1702
2021-05-26,Glenn,021,27897,2436,2415,562,2977,18
2021-05-26,Humboldt,023,135768,4271,4246,38,4284,42
2021-05-26,Imperial,025,180216,28628,28712,2756,31468,734
2021-05-26,Inyo,027,18085,1404,1403,14,1417,36
2021-05-26,Kern,029,883053,97360,96343,10974,107317,1320
2021-05-26,Kings,031,150075,23180,22950,1093,24043,245
2021-05-26,Lake,033,64148,3528,3508,9,3517,45
2021-05-26,Lassen,035,31185,5215,5164,114,5278,6
2021-05-26,Los Angeles,037,10098052,1206040,1198100,41539,1239639,24221
2021-05-26,Madera,039,155013,16631,16520,942,17462,240
2021-05-26,Marin,041,260295,14111,14061,258,14319,227
2021-05-26,Mariposa,043,17540,432,427,11,438,5
2021-05-26,Mendocino,045,87422,4006,3938,82,4020,47
2021-05-26,Merced,047,269075,31040,31139,1054,32193,455
2021-05-26,Modoc,049,8938,381,371,130,501,3
2021-05-26,Mono,051,14174,1263,1274,17,1291,3
2021-05-26,Monterey,053,433212,43187,43018,1875,44893,379
2021-05-26,Napa,055,140530,9909,9932,36,9968,82
2021-05-26,Nevada,057,99092,4833,4803,190,4993,70
2021-05-26,Orange,059,3164182,255413,254368,11419,265787,5058
2021-05-26,Placer,061,380077,23314,22940,1507,24447,293
2021-05-26,Plumas,063,18699,705,685,11,696,4
2021-05-26,Riverside,065,2383286,294249,288782,14059,302841,4443
2021-05-26,Sacramento,067,1510023,106276,105919,1761,107680,1637
2021-05-26,San Benito,069,59416,6061,6074,115,6189,63
2021-05-26,San Bernardino,071,2135413,293476,292662,9011,301673,4755
2021-05-26,San Diego,073,3302833,280870,279859,14959,294818,3755
2021-05-26,San Francisco,075,870044,36768,36954,1293,38247,546
2021-05-26,San Joaquin,077,732212,73220,72681,3564,76245,1388
2021-05-26,San Luis Obispo,079,281455,21418,21163,746,21909,256
2021-05-26,San Mateo,081,765935,42374,42331,475,42806,436
2021-05-26,Santa Barbara,083,443738,34451,34348,1138,35486,459
2021-05-26,Santa Clara,085,1922200,118661,119421,764,120185,2031
2021-05-26,Santa Cruz,087,273765,16242,16139,814,16953,207
2021-05-26,Shasta,089,179085,12323,12357,1578,13935,202
2021-05-26,Sierra,091,2930,57,54,12,66,0
2021-05-26,Siskiyou,093,43540,1930,1847,365,2212,18
2021-05-26,Solano,095,438530,32845,32831,558,33389,257
2021-05-26,Sonoma,097,501317,30102,30230,335,30565,321
2021-05-26,Stanislaus,099,539301,56403,56193,5963,62156,974
2021-05-26,Sutter,101,95872,9470,9495,88,9583,112
2021-05-26,Tehama,103,63373,5089,5054,579,5633,63
2021-05-26,Trinity,105,12862,483,328,95,423,3
2021-05-26,Tulare,107,460477,50245,49352,9058,58410,839
2021-05-26,Tuolumne,109,53932,4023,4088,39,4127,66
2021-05-26,Ventura,111,848112,81400,80944,2995,83939,1023
2021-05-26,Yolo,113,214977,14048,14025,320,14345,213
2021-05-26,Yuba,115,75493,6071,6036,124,6160,49
2021-05-25,Alameda,001,1643700,88217,88237,1964,90201,1263
2021-05-25,Alpine,003,1148,87,88,0,88,0
2021-05-25,Amador,005,37829,3677,3676,33,3709,46
2021-05-25,Butte,007,227075,12554,12295,1823,14118,189
2021-05-25,Calaveras,009,45235,2167,2148,13,2161,55
2021-05-25,Colusa,011,21464,1945,1949,312,2261,15
2021-05-25,Contra Costa,013,1133247,69641,69167,1283,70450,809
2021-05-25,Del Norte,015,27424,1419,1385,12,1397,8
2021-05-25,El Dorado,017,186661,10306,10240,740,10980,112
2021-05-25,Fresno,019,978130,102790,102329,8725,111054,1701
2021-05-25,Glenn,021,27897,2435,2414,561,2975,17
2021-05-25,Humboldt,023,135768,4264,4231,36,4267,42
2021-05-25,Imperial,025,180216,28621,28586,2756,31342,735
2021-05-25,Inyo,027,18085,1404,1402,14,1416,36
2021-05-25,Kern,029,883053,97329,96319,10960,107279,1319
2021-05-25,Kings,031,150075,23173,22944,1093,24037,245
2021-05-25,Lake,033,64148,3527,3508,9,3517,44
2021-05-25,Lassen,035,31185,5211,5164,114,5278,6
2021-05-25,Los Angeles,037,10098052,1205859,1197940,41520,1239460,24212
2021-05-25,Madera,039,155013,16626,16519,941,17460,240
2021-05-25,Marin,041,260295,14105,14053,258,14311,227
2021-05-25,Mariposa,043,17540,431,427,11,438,5
2021-05-25,Mendocino,045,87422,4001,3928,82,4010,47
2021-05-25,Merced,047,269075,31019,31132,1054,32186,455
2021-05-25,Modoc,049,8938,380,367,130,497,3
2021-05-25,Mono,051,14174,1263,1274,17,1291,3
2021-05-25,Monterey,053,433212,43183,43012,1874,44886,379
2021-05-25,Napa,055,140530,9907,9926,36,9962,82
2021-05-25,Nevada,057,99092,4827,4795,190,4985,70
2021-05-25,Orange,059,3164182,255384,254321,11418,265739,5057
2021-05-25,Placer,061,380077,23303,22920,1505,24425,292
2021-05-25,Plumas,063,18699,705,684,11,695,4
2021-05-25,Riverside,065,2383286,294210,288725,14056,302781,4443
2021-05-25,Sacramento,067,1510023,106195,105828,1757,107585,1633
2021-05-25,San Benito,069,59416,6061,6073,115,6188,63
2021-05-25,San Bernardino,071,2135413,293416,292485,9009,301494,4755
2021-05-25,San Diego,073,3302833,280788,279786,14954,294740,3753
2021-05-25,San Francisco,075,870044,36745,36939,1293,38232,546
2021-05-25,San Joaquin,077,732212,73178,72628,3561,76189,1387
2021-05-25,San Luis Obispo,079,281455,21415,21153,746,21899,256
2021-05-25,San Mateo,081,765935,42364,42268,475,42743,435
2021-05-25,Santa Barbara,083,443738,34448,34337,1138,35475,459
2021-05-25,Santa Clara,085,1922200,118637,119393,763,120156,2032
2021-05-25,Santa Cruz,087,273765,16237,16141,814,16955,207
2021-05-25,Shasta,089,179085,12314,12328,1576,13904,202
2021-05-25,Sierra,091,2930,56,54,12,66,0
2021-05-25,Siskiyou,093,43540,1929,1845,364,2209,18
2021-05-25,Solano,095,438530,32826,32817,557,33374,256
2021-05-25,Sonoma,097,501317,30073,30207,334,30541,321
2021-05-25,Stanislaus,099,539301,56367,56168,5960,62128,974
2021-05-25,Sutter,101,95872,9466,9495,88,9583,112
2021-05-25,Tehama,103,63373,5087,5048,578,5626,63
2021-05-25,Trinity,105,12862,483,328,94,422,3
2021-05-25,Tulare,107,460477,50235,49326,9050,58376,838
2021-05-25,Tuolumne,109,53932,4023,4084,39,4123,66
2021-05-25,Ventura,111,848112,81382,80905,2995,83900,1022
2021-05-25,Yolo,113,214977,14040,14018,318,14336,213
2021-05-25,Yuba,115,75493,6064,6028,124,6152,49
2021-05-24,Alameda,001,1643700,88177,88182,1963,90145,1263
2021-05-24,Alpine,003,1148,87,88,0,88,0
2021-05-24,Amador,005,37829,3675,3675,33,3708,46
2021-05-24,Butte,007,227075,12541,12279,1820,14099,189
2021-05-24,Calaveras,009,45235,2165,2146,13,2159,54
2021-05-24,Colusa,011,21464,1945,1949,312,2261,15
2021-05-24,Contra Costa,013,1133247,69600,69107,1279,70386,809
2021-05-24,Del Norte,015,27424,1418,1384,12,1396,8
2021-05-24,El Dorado,017,186661,10296,10227,739,10966,112
2021-05-24,Fresno,019,978130,102748,102289,8724,111013,1698
2021-05-24,Glenn,021,27897,2435,2413,561,2974,17
2021-05-24,Humboldt,023,135768,4257,4225,36,4261,42
2021-05-24,Imperial,025,180216,28619,28575,2756,31331,735
2021-05-24,Inyo,027,18085,1404,1402,14,1416,36
2021-05-24,Kern,029,883053,97302,96296,10955,107251,1319
2021-05-24,Kings,031,150075,23169,22940,1093,24033,246
2021-05-24,Lake,033,64148,3525,3506,9,3515,43
2021-05-24,Lassen,035,31185,5207,5163,114,5277,6
2021-05-24,Los Angeles,037,10098052,1205684,1197782,41506,1239288,24201
2021-05-24,Madera,039,155013,16622,16513,940,17453,239
2021-05-24,Marin,041,260295,14103,14051,258,14309,227
2021-05-24,Mariposa,043,17540,430,427,11,438,5
2021-05-24,Mendocino,045,87422,3999,3919,82,4001,47
2021-05-24,Merced,047,269075,31009,31128,1053,32181,455
2021-05-24,Modoc,049,8938,380,366,129,495,3
2021-05-24,Mono,051,14174,1263,1270,17,1287,3
2021-05-24,Monterey,053,433212,43178,43005,1873,44878,379
2021-05-24,Napa,055,140530,9907,9924,36,9960,82
2021-05-24,Nevada,057,99092,4824,4790,190,4980,70
2021-05-24,Orange,059,3164182,255350,254287,11408,265695,5056
2021-05-24,Placer,061,380077,23284,22895,1504,24399,292
2021-05-24,Plumas,063,18699,704,683,11,694,4
2021-05-24,Riverside,065,2383286,294153,288669,14046,302715,4442
2021-05-24,Sacramento,067,1510023,106080,105716,1756,107472,1632
2021-05-24,San Benito,069,59416,6061,6072,115,6187,63
2021-05-24,San Bernardino,071,2135413,293376,292343,9008,301351,4747
2021-05-24,San Diego,073,3302833,280680,279715,14944,294659,3749
2021-05-24,San Francisco,075,870044,36725,36934,1291,38225,547
2021-05-24,San Joaquin,077,732212,73146,72586,3560,76146,1371
2021-05-24,San Luis Obispo,079,281455,21397,21146,745,21891,256
2021-05-24,San Mateo,081,765935,42354,42249,475,42724,433
2021-05-24,Santa Barbara,083,443738,34443,34322,1138,35460,459
2021-05-24,Santa Clara,085,1922200,118605,119358,763,120121,2030
2021-05-24,Santa Cruz,087,273765,16231,16135,814,16949,207
2021-05-24,Shasta,089,179085,12297,12315,1573,13888,201
2021-05-24,Sierra,091,2930,56,54,12,66,0
2021-05-24,Siskiyou,093,43540,1926,1840,364,2204,17
2021-05-24,Solano,095,438530,32801,32792,556,33348,254
2021-05-24,Sonoma,097,501317,30058,30187,334,30521,321
2021-05-24,Stanislaus,099,539301,56333,56128,5956,62084,974
2021-05-24,Sutter,101,95872,9460,9486,88,9574,113
2021-05-24,Tehama,103,63373,5084,5043,576,5619,63
2021-05-24,Trinity,105,12862,483,328,94,422,3
2021-05-24,Tulare,107,460477,50228,49318,9046,58364,838
2021-05-24,Tuolumne,109,53932,4023,4083,39,4122,65
2021-05-24,Ventura,111,848112,81369,80876,2993,83869,1022
2021-05-24,Yolo,113,214977,14023,14012,316,14328,213
2021-05-24,Yuba,115,75493,6055,6022,124,6146,49
2021-05-23,Alameda,001,1643700,88113,88157,1960,90117,1263
2021-05-23,Alpine,003,1148,87,88,0,88,0
2021-05-23,Amador,005,37829,3674,3673,33,3706,46
2021-05-23,Butte,007,227075,12527,12271,1819,14090,189
2021-05-23,Calaveras,009,45235,2157,2144,13,2157,54
2021-05-23,Colusa,011,21464,1945,1949,310,2259,15
2021-05-23,Contra Costa,013,1133247,69556,69075,1277,70352,809
2021-05-23,Del Norte,015,27424,1414,1383,12,1395,8
2021-05-23,El Dorado,017,186661,10290,10222,739,10961,112
2021-05-23,Fresno,019,978130,102703,102270,8719,110989,1698
2021-05-23,Glenn,021,27897,2433,2413,561,2974,17
2021-05-23,Humboldt,023,135768,4240,4216,36,4252,42
2021-05-23,Imperial,025,180216,28613,28569,2755,31324,735
2021-05-23,Inyo,027,18085,1404,1402,14,1416,36
2021-05-23,Kern,029,883053,97278,96282,10947,107229,1319
2021-05-23,Kings,031,150075,23156,22939,1091,24030,246
2021-05-23,Lake,033,64148,3522,3504,9,3513,43
2021-05-23,Lassen,035,31185,5203,5163,113,5276,6
2021-05-23,Los Angeles,037,10098052,1205495,1197633,41495,1239128,24197
2021-05-23,Madera,039,155013,16616,16504,940,17444,239
2021-05-23,Marin,041,260295,14094,14048,257,14305,227
2021-05-23,Mariposa,043,17540,430,427,11,438,5
2021-05-23,Mendocino,045,87422,3993,3913,81,3994,47
2021-05-23,Merced,047,269075,30999,31118,1053,32171,455
2021-05-23,Modoc,049,8938,376,366,129,495,3
2021-05-23,Mono,051,14174,1262,1270,17,1287,3
2021-05-23,Monterey,053,433212,43168,43003,1873,44876,379
2021-05-23,Napa,055,140530,9903,9923,36,9959,82
2021-05-23,Nevada,057,99092,4814,4790,190,4980,70
2021-05-23,Orange,059,3164182,255312,254277,11402,265679,5050
2021-05-23,Placer,061,380077,23264,22888,1504,24392,292
2021-05-23,Plumas,063,18699,703,683,11,694,4
2021-05-23,Riverside,065,2383286,294084,288641,14042,302683,4442
2021-05-23,Sacramento,067,1510023,105964,105663,1753,107416,1632
2021-05-23,San Benito,069,59416,6060,6072,115,6187,63
2021-05-23,San Bernardino,071,2135413,293325,292327,9007,301334,4747
2021-05-23,San Diego,073,3302833,280590,279690,14933,294623,3751
2021-05-23,San Francisco,075,870044,36714,36927,1290,38217,547
2021-05-23,San Joaquin,077,732212,73097,72571,3557,76128,1371
2021-05-23,San Luis Obispo,079,281455,21387,21141,744,21885,256
2021-05-23,San Mateo,081,765935,42337,42248,475,42723,433
2021-05-23,Santa Barbara,083,443738,34436,34319,1138,35457,459
2021-05-23,Santa Clara,085,1922200,118581,119333,763,120096,2030
2021-05-23,Santa Cruz,087,273765,16228,16130,814,16944,207
2021-05-23,Shasta,089,179085,12280,12313,1569,13882,201
2021-05-23,Sierra,091,2930,56,54,12,66,0
2021-05-23,Siskiyou,093,43540,1921,1826,357,2183,17
2021-05-23,Solano,095,438530,32783,32780,555,33335,254
2021-05-23,Sonoma,097,501317,30029,30168,333,30501,321
2021-05-23,Stanislaus,099,539301,56285,56104,5953,62057,974
2021-05-23,Sutter,101,95872,9451,9479,88,9567,113
2021-05-23,Tehama,103,63373,5077,5041,574,5615,63
2021-05-23,Trinity,105,12862,483,328,94,422,3
2021-05-23,Tulare,107,460477,50214,49310,9042,58352,838
2021-05-23,Tuolumne,109,53932,4020,4081,39,4120,65
2021-05-23,Ventura,111,848112,81339,80872,2992,83864,1022
2021-05-23,Yolo,113,214977,14011,14004,313,14317,213
2021-05-23,Yuba,115,75493,6050,6017,124,6141,49
2021-05-22,Alameda,001,1643700,88086,88101,1960,90061,1263
2021-05-22,Alpine,003,1148,87,88,0,88,0
2021-05-22,Amador,005,37829,3673,3672,33,3705,46
2021-05-22,Butte,007,227075,12515,12265,1818,14083,189
2021-05-22,Calaveras,009,45235,2153,2141,13,2154,54
2021-05-22,Colusa,011,21464,1941,1949,309,2258,15
2021-05-22,Contra Costa,013,1133247,69523,69004,1276,70280,809
2021-05-22,Del Norte,015,27424,1413,1381,12,1393,8
2021-05-22,El Dorado,017,186661,10285,10215,739,10954,112
2021-05-22,Fresno,019,978130,102689,102238,8717,110955,1698
2021-05-22,Glenn,021,27897,2433,2412,561,2973,17
2021-05-22,Humboldt,023,135768,4231,4194,35,4229,42
2021-05-22,Imperial,025,180216,28604,28574,2755,31329,735
2021-05-22,Inyo,027,18085,1404,1402,14,1416,36
2021-05-22,Kern,029,883053,97266,96260,10940,107200,1319
2021-05-22,Kings,031,150075,23156,22936,1091,24027,246
2021-05-22,Lake,033,64148,3519,3502,9,3511,43
2021-05-22,Lassen,035,31185,5203,5163,113,5276,6
2021-05-22,Los Angeles,037,10098052,1205384,1197454,41487,1238941,24192
2021-05-22,Madera,039,155013,16613,16503,940,17443,239
2021-05-22,Marin,041,260295,14091,14043,257,14300,227
2021-05-22,Mariposa,043,17540,430,427,11,438,5
2021-05-22,Mendocino,045,87422,3987,3908,81,3989,47
2021-05-22,Merced,047,269075,30989,31099,1053,32152,455
2021-05-22,Modoc,049,8938,376,366,129,495,3
2021-05-22,Mono,051,14174,1260,1270,17,1287,3
2021-05-22,Monterey,053,433212,43162,42998,1873,44871,379
2021-05-22,Napa,055,140530,9901,9918,36,9954,82
2021-05-22,Nevada,057,99092,4807,4787,189,4976,70
2021-05-22,Orange,059,3164182,255291,254238,11396,265634,5048
2021-05-22,Placer,061,380077,23250,22865,1503,24368,292
2021-05-22,Plumas,063,18699,702,683,11,694,4
2021-05-22,Riverside,065,2383286,294052,288580,14041,302621,4442
2021-05-22,Sacramento,067,1510023,105889,105551,1750,107301,1632
2021-05-22,San Benito,069,59416,6060,6071,115,6186,63
2021-05-22,San Bernardino,071,2135413,293300,292292,9007,301299,4747
2021-05-22,San Diego,073,3302833,280531,279614,14925,294539,3751
2021-05-22,San Francisco,075,870044,36704,36906,1288,38194,547
2021-05-22,San Joaquin,077,732212,73075,72528,3554,76082,1371
2021-05-22,San Luis Obispo,079,281455,21379,21134,743,21877,256
2021-05-22,San Mateo,081,765935,42327,42218,475,42693,433
2021-05-22,Santa Barbara,083,443738,34432,34313,1137,35450,459
2021-05-22,Santa Clara,085,1922200,118557,119292,763,120055,2030
2021-05-22,Santa Cruz,087,273765,16228,16125,814,16939,207
2021-05-22,Shasta,089,179085,12273,12307,1566,13873,201
2021-05-22,Sierra,091,2930,56,54,12,66,0
2021-05-22,Siskiyou,093,43540,1920,1824,356,2180,17
2021-05-22,Solano,095,438530,32770,32753,555,33308,254
2021-05-22,Sonoma,097,501317,30017,30154,333,30487,321
2021-05-22,Stanislaus,099,539301,56262,56069,5951,62020,974
2021-05-22,Sutter,101,95872,9446,9476,88,9564,113
2021-05-22,Tehama,103,63373,5076,5036,574,5610,63
2021-05-22,Trinity,105,12862,483,328,94,422,3
2021-05-22,Tulare,107,460477,50208,49299,9037,58336,838
2021-05-22,Tuolumne,109,53932,4020,4078,39,4117,65
2021-05-22,Ventura,111,848112,81335,80859,2992,83851,1022
2021-05-22,Yolo,113,214977,14009,13997,313,14310,213
2021-05-22,Yuba,115,75493,6047,6010,124,6134,49
2021-05-21,Alameda,001,1643700,88060,88041,1959,90000,1263
2021-05-21,Alpine,003,1148,87,88,0,88,0
2021-05-21,Amador,005,37829,3670,3672,33,3705,46
2021-05-21,Butte,007,227075,12509,12236,1816,14052,188
2021-05-21,Calaveras,009,45235,2151,2138,13,2151,54
2021-05-21,Colusa,011,21464,1941,1947,309,2256,15
2021-05-21,Contra Costa,013,1133247,69480,68965,1275,70240,810
2021-05-21,Del Norte,015,27424,1412,1376,12,1388,8
2021-05-21,El Dorado,017,186661,10281,10204,739,10943,112
2021-05-21,Fresno,019,978130,102661,102189,8715,110904,1698
2021-05-21,Glenn,021,27897,2432,2408,561,2969,17
2021-05-21,Humboldt,023,135768,4224,4175,35,4210,42
2021-05-21,Imperial,025,180216,28597,28572,2754,31326,732
2021-05-21,Inyo,027,18085,1404,1402,14,1416,36
2021-05-21,Kern,029,883053,97252,96233,10933,107166,1318
2021-05-21,Kings,031,150075,23156,22927,1091,24018,246
2021-05-21,Lake,033,64148,3517,3500,9,3509,43
2021-05-21,Lassen,035,31185,5202,5161,113,5274,6
2021-05-21,Los Angeles,037,10098052,1205272,1197263,41478,1238741,24180
2021-05-21,Madera,039,155013,16612,16500,939,17439,238
2021-05-21,Marin,041,260295,14086,14042,257,14299,227
2021-05-21,Mariposa,043,17540,429,427,11,438,5
2021-05-21,Mendocino,045,87422,3981,3897,81,3978,47
2021-05-21,Merced,047,269075,30981,31076,1053,32129,455
2021-05-21,Modoc,049,8938,376,365,129,494,3
2021-05-21,Mono,051,14174,1260,1269,17,1286,3
2021-05-21,Monterey,053,433212,43160,42995,1873,44868,379
2021-05-21,Napa,055,140530,9897,9913,36,9949,82
2021-05-21,Nevada,057,99092,4806,4779,189,4968,70
2021-05-21,Orange,059,3164182,255272,254171,11394,265565,5042
2021-05-21,Placer,061,380077,23241,22853,1503,24356,292
2021-05-21,Plumas,063,18699,702,683,10,693,4
2021-05-21,Riverside,065,2383286,294025,288499,14034,302533,4442
2021-05-21,Sacramento,067,1510023,105822,105476,1747,107223,1632
2021-05-21,San Benito,069,59416,6060,6068,115,6183,63
2021-05-21,San Bernardino,071,2135413,293268,292205,9004,301209,4744
2021-05-21,San Diego,073,3302833,280458,279554,14915,294469,3748
2021-05-21,San Francisco,075,870044,36699,36879,1288,38167,546
2021-05-21,San Joaquin,077,732212,73055,72467,3552,76019,1371
2021-05-21,San Luis Obispo,079,281455,21373,21128,740,21868,256
2021-05-21,San Mateo,081,765935,42314,42163,474,42637,432
2021-05-21,Santa Barbara,083,443738,34427,34302,1137,35439,459
2021-05-21,Santa Clara,085,1922200,118530,119247,763,120010,2029
2021-05-21,Santa Cruz,087,273765,16224,16120,814,16934,207
2021-05-21,Shasta,089,179085,12256,12289,1564,13853,201
2021-05-21,Sierra,091,2930,56,54,12,66,0
2021-05-21,Siskiyou,093,43540,1919,1815,356,2171,16
2021-05-21,Solano,095,438530,32755,32742,555,33297,254
2021-05-21,Sonoma,097,501317,30004,30126,333,30459,321
2021-05-21,Stanislaus,099,539301,56233,56036,5949,61985,975
2021-05-21,Sutter,101,95872,9444,9470,88,9558,113
2021-05-21,Tehama,103,63373,5070,5030,574,5604,63
2021-05-21,Trinity,105,12862,483,329,93,422,3
2021-05-21,Tulare,107,460477,50203,49271,9035,58306,838
2021-05-21,Tuolumne,109,53932,4018,4079,39,4118,65
2021-05-21,Ventura,111,848112,81327,80821,2989,83810,1021
2021-05-21,Yolo,113,214977,14003,13983,313,14296,213
2021-05-21,Yuba,115,75493,6041,6006,124,6130,49
2021-05-20,Alameda,001,1643700,88016,87975,1958,89933,1264
2021-05-20,Alpine,003,1148,87,88,0,88,0
2021-05-20,Amador,005,37829,3669,3671,33,3704,46
2021-05-20,Butte,007,227075,12502,12220,1813,14033,188
2021-05-20,Calaveras,009,45235,2147,2138,13,2151,54
2021-05-20,Colusa,011,21464,1940,1946,307,2253,15
2021-05-20,Contra Costa,013,1133247,69435,68913,1273,70186,809
2021-05-20,Del Norte,015,27424,1412,1373,12,1385,8
2021-05-20,El Dorado,017,186661,10271,10188,739,10927,112
2021-05-20,Fresno,019,978130,102639,102135,8713,110848,1696
2021-05-20,Glenn,021,27897,2429,2406,561,2967,17
2021-05-20,Humboldt,023,135768,4207,4162,34,4196,42
2021-05-20,Imperial,025,180216,28592,28551,2754,31305,732
2021-05-20,Inyo,027,18085,1404,1402,14,1416,36
2021-05-20,Kern,029,883053,97231,96204,10926,107130,1317
2021-05-20,Kings,031,150075,23154,22922,1091,24013,246
2021-05-20,Lake,033,64148,3514,3500,9,3509,43
2021-05-20,Lassen,035,31185,5200,5160,112,5272,6
2021-05-20,Los Angeles,037,10098052,1205116,1197073,41468,1238541,24168
2021-05-20,Madera,039,155013,16606,16499,937,17436,238
2021-05-20,Marin,041,260295,14082,14036,256,14292,227
2021-05-20,Mariposa,043,17540,429,426,11,437,5
2021-05-20,Mendocino,045,87422,3974,3897,81,3978,47
2021-05-20,Merced,047,269075,30968,31046,1052,32098,454
2021-05-20,Modoc,049,8938,376,365,129,494,3
2021-05-20,Mono,051,14174,1259,1269,17,1286,3
2021-05-20,Monterey,053,433212,43154,42984,1872,44856,379
2021-05-20,Napa,055,140530,9894,9913,36,9949,82
2021-05-20,Nevada,057,99092,4805,4775,189,4964,70
2021-05-20,Orange,059,3164182,255229,254127,11391,265518,5038
2021-05-20,Placer,061,380077,23228,22823,1502,24325,292
2021-05-20,Plumas,063,18699,700,682,10,692,4
2021-05-20,Riverside,065,2383286,293977,288453,14029,302482,4442
2021-05-20,Sacramento,067,1510023,105726,105414,1744,107158,1629
2021-05-20,San Benito,069,59416,6059,6067,115,6182,63
2021-05-20,San Bernardino,071,2135413,293222,292153,9003,301156,4728
2021-05-20,San Diego,073,3302833,280370,279490,14903,294393,3749
2021-05-20,San Francisco,075,870044,36690,36860,1288,38148,546
2021-05-20,San Joaquin,077,732212,73017,72388,3550,75938,1371
2021-05-20,San Luis Obispo,079,281455,21361,21095,738,21833,256
2021-05-20,San Mateo,081,765935,42300,42152,472,42624,432
2021-05-20,Santa Barbara,083,443738,34423,34293,1137,35430,459
2021-05-20,Santa Clara,085,1922200,118509,119222,763,119985,2029
2021-05-20,Santa Cruz,087,273765,16219,16119,814,16933,207
2021-05-20,Shasta,089,179085,12243,12266,1561,13827,200
2021-05-20,Sierra,091,2930,56,54,12,66,0
2021-05-20,Siskiyou,093,43540,1912,1811,355,2166,16
2021-05-20,Solano,095,438530,32740,32725,555,33280,253
2021-05-20,Sonoma,097,501317,29987,30107,332,30439,321
2021-05-20,Stanislaus,099,539301,56208,55979,5947,61926,970
2021-05-20,Sutter,101,95872,9440,9467,88,9555,113
2021-05-20,Tehama,103,63373,5068,5029,574,5603,63
2021-05-20,Trinity,105,12862,483,329,92,421,3
2021-05-20,Tulare,107,460477,50192,49217,9032,58249,837
2021-05-20,Tuolumne,109,53932,4017,4077,39,4116,65
2021-05-20,Ventura,111,848112,81316,80800,2989,83789,1019
2021-05-20,Yolo,113,214977,13998,13973,313,14286,211
2021-05-20,Yuba,115,75493,6032,6002,124,6126,49
2021-05-19,Alameda,001,1643700,87976,87889,1956,89845,1260
2021-05-19,Alpine,003,1148,87,88,0,88,0
2021-05-19,Amador,005,37829,3669,3669,33,3702,46
2021-05-19,Butte,007,227075,12492,12198,1813,14011,188
2021-05-19,Calaveras,009,45235,2143,2132,13,2145,54
2021-05-19,Colusa,011,21464,1940,1945,305,2250,15
2021-05-19,Contra Costa,013,1133247,69388,68836,1273,70109,808
2021-05-19,Del Norte,015,27424,1410,1371,12,1383,8
2021-05-19,El Dorado,017,186661,10266,10179,738,10917,112
2021-05-19,Fresno,019,978130,102609,102085,8710,110795,1693
2021-05-19,Glenn,021,27897,2429,2404,561,2965,17
2021-05-19,Humboldt,023,135768,4197,4143,34,4177,42
2021-05-19,Imperial,025,180216,28583,28550,2754,31304,732
2021-05-19,Inyo,027,18085,1404,1402,14,1416,36
2021-05-19,Kern,029,883053,97202,96173,10918,107091,1316
2021-05-19,Kings,031,150075,23148,22919,1091,24010,246
2021-05-19,Lake,033,64148,3514,3497,9,3506,43
2021-05-19,Lassen,035,31185,5199,5157,112,5269,6
2021-05-19,Los Angeles,037,10098052,1204920,1196856,41454,1238310,24143
2021-05-19,Madera,039,155013,16603,16496,937,17433,238
2021-05-19,Marin,041,260295,14078,14033,254,14287,227
2021-05-19,Mariposa,043,17540,429,425,11,436,5
2021-05-19,Mendocino,045,87422,3970,3886,81,3967,47
2021-05-19,Merced,047,269075,30952,31044,1052,32096,452
2021-05-19,Modoc,049,8938,376,364,126,490,3
2021-05-19,Mono,051,14174,1259,1266,17,1283,3
2021-05-19,Monterey,053,433212,43149,42973,1871,44844,379
2021-05-19,Napa,055,140530,9891,9906,36,9942,82
2021-05-19,Nevada,057,99092,4803,4769,189,4958,70
2021-05-19,Orange,059,3164182,255192,254087,11381,265468,5035
2021-05-19,Placer,061,380077,23209,22784,1497,24281,291
2021-05-19,Plumas,063,18699,700,682,10,692,4
2021-05-19,Riverside,065,2383286,293930,288398,14027,302425,4442
2021-05-19,Sacramento,067,1510023,105649,105225,1743,106968,1629
2021-05-19,San Benito,069,59416,6058,6064,115,6179,63
2021-05-19,San Bernardino,071,2135413,293178,292078,9000,301078,4725
2021-05-19,San Diego,073,3302833,280285,279345,14882,294227,3746
2021-05-19,San Francisco,075,870044,36677,36835,1287,38122,546
2021-05-19,San Joaquin,077,732212,72974,72338,3545,75883,1369
2021-05-19,San Luis Obispo,079,281455,21353,21085,737,21822,256
2021-05-19,San Mateo,081,765935,42293,42126,472,42598,429
2021-05-19,Santa Barbara,083,443738,34415,34292,1137,35429,459
2021-05-19,Santa Clara,085,1922200,118469,119176,762,119938,2015
2021-05-19,Santa Cruz,087,273765,16215,16121,813,16934,207
2021-05-19,Shasta,089,179085,12225,12233,1558,13791,200
2021-05-19,Sierra,091,2930,56,54,12,66,0
2021-05-19,Siskiyou,093,43540,1909,1803,354,2157,16
2021-05-19,Solano,095,438530,32713,32678,553,33231,253
2021-05-19,Sonoma,097,501317,29972,30080,332,30412,321
2021-05-19,Stanislaus,099,539301,56190,55912,5942,61854,967
2021-05-19,Sutter,101,95872,9433,9459,87,9546,113
2021-05-19,Tehama,103,63373,5059,5026,568,5594,63
2021-05-19,Trinity,105,12862,483,329,92,421,3
2021-05-19,Tulare,107,460477,50179,49163,9027,58190,837
2021-05-19,Tuolumne,109,53932,4017,4074,39,4113,64
2021-05-19,Ventura,111,848112,81301,80747,2988,83735,1019
2021-05-19,Yolo,113,214977,13991,13961,312,14273,211
2021-05-19,Yuba,115,75493,6028,5993,124,6117,49
2021-05-18,Alameda,001,1643700,87902,87816,1956,89772,1254
2021-05-18,Alpine,003,1148,87,88,0,88,0
2021-05-18,Amador,005,37829,3669,3669,33,3702,46
2021-05-18,Butte,007,227075,12479,12164,1810,13974,191
2021-05-18,Calaveras,009,45235,2139,2131,13,2144,54
2021-05-18,Colusa,011,21464,1940,1943,305,2248,14
2021-05-18,Contra Costa,013,1133247,69331,68750,1272,70022,808
2021-05-18,Del Norte,015,27424,1407,1371,12,1383,8
2021-05-18,El Dorado,017,186661,10255,10169,737,10906,112
2021-05-18,Fresno,019,978130,102573,102056,8707,110763,1690
2021-05-18,Glenn,021,27897,2423,2403,560,2963,17
2021-05-18,Humboldt,023,135768,4179,4132,34,4166,42
2021-05-18,Imperial,025,180216,28577,28538,2752,31290,730
2021-05-18,Inyo,027,18085,1404,1401,14,1415,36
2021-05-18,Kern,029,883053,97168,96128,10904,107032,1315
2021-05-18,Kings,031,150075,23142,22916,1091,24007,247
2021-05-18,Lake,033,64148,3512,3495,9,3504,43
2021-05-18,Lassen,035,31185,5198,5157,111,5268,6
2021-05-18,Los Angeles,037,10098052,1204741,1196668,41443,1238111,24133
2021-05-18,Madera,039,155013,16593,16491,936,17427,238
2021-05-18,Marin,041,260295,14075,14026,254,14280,227
2021-05-18,Mariposa,043,17540,429,424,11,435,5
2021-05-18,Mendocino,045,87422,3958,3877,80,3957,47
2021-05-18,Merced,047,269075,30933,31036,1052,32088,452
2021-05-18,Modoc,049,8938,375,364,125,489,3
2021-05-18,Mono,051,14174,1258,1265,17,1282,3
2021-05-18,Monterey,053,433212,43143,43001,1871,44872,379
2021-05-18,Napa,055,140530,9891,9905,36,9941,82
2021-05-18,Nevada,057,99092,4796,4762,189,4951,70
2021-05-18,Orange,059,3164182,255151,254041,11371,265412,5031
2021-05-18,Placer,061,380077,23176,22726,1493,24219,291
2021-05-18,Plumas,063,18699,700,682,10,692,4
2021-05-18,Riverside,065,2383286,293875,288354,14020,302374,4438
2021-05-18,Sacramento,067,1510023,105547,105083,1741,106824,1629
2021-05-18,San Benito,069,59416,6057,6065,115,6180,63
2021-05-18,San Bernardino,071,2135413,293120,292014,8995,301009,4722
2021-05-18,San Diego,073,3302833,280177,279254,14873,294127,3742
2021-05-18,San Francisco,075,870044,36657,36818,1287,38105,546
2021-05-18,San Joaquin,077,732212,72927,72282,3541,75823,1368
2021-05-18,San Luis Obispo,079,281455,21343,21080,735,21815,256
2021-05-18,San Mateo,081,765935,42281,42099,471,42570,428
2021-05-18,Santa Barbara,083,443738,34406,34278,1137,35415,459
2021-05-18,Santa Clara,085,1922200,118442,119171,762,119933,2014
2021-05-18,Santa Cruz,087,273765,16207,16137,813,16950,207
2021-05-18,Shasta,089,179085,12207,12197,1552,13749,200
2021-05-18,Sierra,091,2930,56,54,12,66,0
2021-05-18,Siskiyou,093,43540,1908,1799,354,2153,16
2021-05-18,Solano,095,438530,32688,32644,553,33197,253
2021-05-18,Sonoma,097,501317,29952,30054,331,30385,321
2021-05-18,Stanislaus,099,539301,56155,55860,5942,61802,959
2021-05-18,Sutter,101,95872,9425,9453,87,9540,113
2021-05-18,Tehama,103,63373,5053,5020,566,5586,63
2021-05-18,Trinity,105,12862,483,329,91,420,3
2021-05-18,Tulare,107,460477,50171,49142,9022,58164,836
2021-05-18,Tuolumne,109,53932,4015,4073,39,4112,64
2021-05-18,Ventura,111,848112,81285,80726,2985,83711,1017
2021-05-18,Yolo,113,214977,13984,13951,311,14262,211
2021-05-18,Yuba,115,75493,6024,5989,123,6112,49
2021-05-17,Alameda,001,1643700,87849,87766,1953,89719,1253
2021-05-17,Alpine,003,1148,87,88,0,88,0
2021-05-17,Amador,005,37829,3666,3668,33,3701,46
2021-05-17,Butte,007,227075,12471,12144,1810,13954,192
2021-05-17,Calaveras,009,45235,2139,2131,13,2144,53
2021-05-17,Colusa,011,21464,1940,1943,305,2248,14
2021-05-17,Contra Costa,013,1133247,69276,68720,1271,69991,805
2021-05-17,Del Norte,015,27424,1402,1369,12,1381,8
2021-05-17,El Dorado,017,186661,10238,10163,737,10900,112
2021-05-17,Fresno,019,978130,102529,102013,8699,110712,1690
2021-05-17,Glenn,021,27897,2423,2401,560,2961,17
2021-05-17,Humboldt,023,135768,4168,4112,34,4146,42
2021-05-17,Imperial,025,180216,28571,28533,2750,31283,729
2021-05-17,Inyo,027,18085,1404,1401,14,1415,36
2021-05-17,Kern,029,883053,97139,96095,10887,106982,1315
2021-05-17,Kings,031,150075,23139,22918,1091,24009,246
2021-05-17,Lake,033,64148,3507,3489,9,3498,43
2021-05-17,Lassen,035,31185,5195,5156,110,5266,6
2021-05-17,Los Angeles,037,10098052,1204563,1196556,41437,1237993,24123
2021-05-17,Madera,039,155013,16586,16486,936,17422,238
2021-05-17,Marin,041,260295,14069,14021,254,14275,227
2021-05-17,Mariposa,043,17540,428,423,11,434,5
2021-05-17,Mendocino,045,87422,3949,3868,80,3948,46
2021-05-17,Merced,047,269075,30918,31031,1052,32083,450
2021-05-17,Modoc,049,8938,374,362,125,487,3
2021-05-17,Mono,051,14174,1254,1265,17,1282,3
2021-05-17,Monterey,053,433212,43136,42995,1871,44866,379
2021-05-17,Napa,055,140530,9890,9894,36,9930,82
2021-05-17,Nevada,057,99092,4792,4761,188,4949,70
2021-05-17,Orange,059,3164182,255104,253993,11364,265357,5031
2021-05-17,Placer,061,380077,23153,22706,1486,24192,289
2021-05-17,Plumas,063,18699,700,682,10,692,4
2021-05-17,Riverside,065,2383286,293806,288304,14016,302320,4433
2021-05-17,Sacramento,067,1510023,105439,105035,1739,106774,1629
2021-05-17,San Benito,069,59416,6054,6067,115,6182,63
2021-05-17,San Bernardino,071,2135413,293071,291989,8987,300976,4724
2021-05-17,San Diego,073,3302833,280045,279146,14851,293997,3742
2021-05-17,San Francisco,075,870044,36645,36816,1285,38101,546
2021-05-17,San Joaquin,077,732212,72889,72234,3538,75772,1359
2021-05-17,San Luis Obispo,079,281455,21334,21079,733,21812,256
2021-05-17,San Mateo,081,765935,42253,42083,471,42554,428
2021-05-17,Santa Barbara,083,443738,34399,34275,1137,35412,459
2021-05-17,Santa Clara,085,1922200,118405,119116,760,119876,2015
2021-05-17,Santa Cruz,087,273765,16204,16151,813,16964,206
2021-05-17,Shasta,089,179085,12185,12163,1551,13714,200
2021-05-17,Sierra,091,2930,56,54,12,66,0
2021-05-17,Siskiyou,093,43540,1899,1795,351,2146,15
2021-05-17,Solano,095,438530,32670,32627,552,33179,253
2021-05-17,Sonoma,097,501317,29929,30043,330,30373,321
2021-05-17,Stanislaus,099,539301,56109,55839,5935,61774,951
2021-05-17,Sutter,101,95872,9418,9447,87,9534,113
2021-05-17,Tehama,103,63373,5049,5016,565,5581,63
2021-05-17,Trinity,105,12862,483,328,91,419,3
2021-05-17,Tulare,107,460477,50149,49107,9017,58124,836
2021-05-17,Tuolumne,109,53932,4015,4071,39,4110,64
2021-05-17,Ventura,111,848112,81265,80699,2985,83684,1017
2021-05-17,Yolo,113,214977,13977,13941,311,14252,211
2021-05-17,Yuba,115,75493,6016,5987,123,6110,49
2021-05-16,Alameda,001,1643700,87785,87743,1953,89696,1253
2021-05-16,Alpine,003,1148,87,88,0,88,0
2021-05-16,Amador,005,37829,3665,3667,33,3700,46
2021-05-16,Butte,007,227075,12457,12140,1809,13949,192
2021-05-16,Calaveras,009,45235,2137,2129,13,2142,53
2021-05-16,Colusa,011,21464,1938,1943,305,2248,14
2021-05-16,Contra Costa,013,1133247,69208,68694,1268,69962,805
2021-05-16,Del Norte,015,27424,1399,1365,12,1377,8
2021-05-16,El Dorado,017,186661,10222,10159,736,10895,112
2021-05-16,Fresno,019,978130,102485,101987,8693,110680,1690
2021-05-16,Glenn,021,27897,2423,2401,559,2960,17
2021-05-16,Humboldt,023,135768,4153,4104,34,4138,42
2021-05-16,Imperial,025,180216,28560,28516,2749,31265,729
2021-05-16,Inyo,027,18085,1404,1401,14,1415,36
2021-05-16,Kern,029,883053,97106,96083,10867,106950,1315
2021-05-16,Kings,031,150075,23135,22918,1088,24006,246
2021-05-16,Lake,033,64148,3504,3489,9,3498,43
2021-05-16,Lassen,035,31185,5194,5156,110,5266,6
2021-05-16,Los Angeles,037,10098052,1204340,1196397,41421,1237818,24120
2021-05-16,Madera,039,155013,16581,16483,933,17416,238
2021-05-16,Marin,041,260295,14066,14015,254,14269,227
2021-05-16,Mariposa,043,17540,428,423,11,434,5
2021-05-16,Mendocino,045,87422,3939,3863,80,3943,46
2021-05-16,Merced,047,269075,30897,31023,1050,32073,450
2021-05-16,Modoc,049,8938,374,362,125,487,3
2021-05-16,Mono,051,14174,1254,1265,17,1282,3
2021-05-16,Monterey,053,433212,43131,42991,1871,44862,379
2021-05-16,Napa,055,140530,9887,9891,36,9927,82
2021-05-16,Nevada,057,99092,4788,4755,188,4943,70
2021-05-16,Orange,059,3164182,255072,253962,11361,265323,5031
2021-05-16,Placer,061,380077,23121,22696,1480,24176,289
2021-05-16,Plumas,063,18699,699,682,10,692,4
2021-05-16,Riverside,065,2383286,293730,288259,14008,302267,4433
2021-05-16,Sacramento,067,1510023,105325,105013,1737,106750,1628
2021-05-16,San Benito,069,59416,6053,6067,114,6181,63
2021-05-16,San Bernardino,071,2135413,292999,291940,8985,300925,4724
2021-05-16,San Diego,073,3302833,279927,279099,14838,293937,3742
2021-05-16,San Francisco,075,870044,36622,36808,1284,38092,546
2021-05-16,San Joaquin,077,732212,72840,72218,3533,75751,1359
2021-05-16,San Luis Obispo,079,281455,21326,21072,731,21803,256
2021-05-16,San Mateo,081,765935,42242,42063,470,42533,428
2021-05-16,Santa Barbara,083,443738,34392,34270,1137,35407,459
2021-05-16,Santa Clara,085,1922200,118376,119098,759,119857,2015
2021-05-16,Santa Cruz,087,273765,16202,16143,813,16956,206
2021-05-16,Shasta,089,179085,12169,12156,1547,13703,200
2021-05-16,Sierra,091,2930,56,54,12,66,0
2021-05-16,Siskiyou,093,43540,1895,1790,350,2140,15
2021-05-16,Solano,095,438530,32637,32619,550,33169,253
2021-05-16,Sonoma,097,501317,29910,30033,330,30363,321
2021-05-16,Stanislaus,099,539301,56060,55814,5923,61737,951
2021-05-16,Sutter,101,95872,9411,9445,87,9532,113
2021-05-16,Tehama,103,63373,5045,5013,564,5577,63
2021-05-16,Trinity,105,12862,483,328,91,419,3
2021-05-16,Tulare,107,460477,50132,49091,9014,58105,837
2021-05-16,Tuolumne,109,53932,4011,4070,39,4109,64
2021-05-16,Ventura,111,848112,81234,80689,2985,83674,1017
2021-05-16,Yolo,113,214977,13962,13938,311,14249,211
2021-05-16,Yuba,115,75493,6013,5987,123,6110,49
2021-05-15,Alameda,001,1643700,87759,87677,1952,89629,1252
2021-05-15,Alpine,003,1148,87,88,0,88,0
2021-05-15,Amador,005,37829,3665,3666,33,3699,46
2021-05-15,Butte,007,227075,12450,12095,1808,13903,192
2021-05-15,Calaveras,009,45235,2136,2126,13,2139,53
2021-05-15,Colusa,011,21464,1938,1941,303,2244,14
2021-05-15,Contra Costa,013,1133247,69162,68658,1268,69926,805
2021-05-15,Del Norte,015,27424,1394,1359,12,1371,8
2021-05-15,El Dorado,017,186661,10210,10156,735,10891,112
2021-05-15,Fresno,019,978130,102448,101957,8690,110647,1690
2021-05-15,Glenn,021,27897,2423,2400,559,2959,17
2021-05-15,Humboldt,023,135768,4143,4080,34,4114,42
2021-05-15,Imperial,025,180216,28557,28504,2748,31252,729
2021-05-15,Inyo,027,18085,1404,1402,14,1416,36
2021-05-15,Kern,029,883053,97092,96061,10852,106913,1315
2021-05-15,Kings,031,150075,23134,22913,1088,24001,246
2021-05-15,Lake,033,64148,3503,3485,9,3494,43
2021-05-15,Lassen,035,31185,5191,5156,109,5265,6
2021-05-15,Los Angeles,037,10098052,1204216,1196255,41408,1237663,24115
2021-05-15,Madera,039,155013,16578,16482,933,17415,238
2021-05-15,Marin,041,260295,14062,14012,254,14266,227
2021-05-15,Mariposa,043,17540,428,423,11,434,5
2021-05-15,Mendocino,045,87422,3936,3861,80,3941,46
2021-05-15,Merced,047,269075,30876,31012,1050,32062,450
2021-05-15,Modoc,049,8938,374,362,125,487,3
2021-05-15,Mono,051,14174,1254,1265,17,1282,3
2021-05-15,Monterey,053,433212,43127,42982,1871,44853,379
2021-05-15,Napa,055,140530,9884,9887,36,9923,82
2021-05-15,Nevada,057,99092,4787,4755,188,4943,70
2021-05-15,Orange,059,3164182,255045,253919,11354,265273,5030
2021-05-15,Placer,061,380077,23100,22688,1480,24168,289
2021-05-15,Plumas,063,18699,699,681,10,691,4
2021-05-15,Riverside,065,2383286,293688,288203,14003,302206,4433
2021-05-15,Sacramento,067,1510023,105253,104929,1734,106663,1628
2021-05-15,San Benito,069,59416,6053,6066,114,6180,63
2021-05-15,San Bernardino,071,2135413,292957,291892,8983,300875,4724
2021-05-15,San Diego,073,3302833,279856,278991,14823,293814,3737
2021-05-15,San Francisco,075,870044,36606,36795,1282,38077,546
2021-05-15,San Joaquin,077,732212,72814,72197,3531,75728,1359
2021-05-15,San Luis Obispo,079,281455,21323,21061,730,21791,256
2021-05-15,San Mateo,081,765935,42226,42059,470,42529,428
2021-05-15,Santa Barbara,083,443738,34384,34259,1137,35396,459
2021-05-15,Santa Clara,085,1922200,118355,119060,759,119819,2016
2021-05-15,Santa Cruz,087,273765,16198,16137,813,16950,206
2021-05-15,Shasta,089,179085,12157,12152,1544,13696,200
2021-05-15,Sierra,091,2930,56,54,12,66,0
2021-05-15,Siskiyou,093,43540,1889,1788,348,2136,15
2021-05-15,Solano,095,438530,32628,32604,549,33153,253
2021-05-15,Sonoma,097,501317,29891,30020,330,30350,321
2021-05-15,Stanislaus,099,539301,56030,55795,5916,61711,952
2021-05-15,Sutter,101,95872,9409,9436,87,9523,113
2021-05-15,Tehama,103,63373,5041,5012,563,5575,63
2021-05-15,Trinity,105,12862,483,328,91,419,3
2021-05-15,Tulare,107,460477,50122,49080,9010,58090,837
2021-05-15,Tuolumne,109,53932,4009,4064,39,4103,63
2021-05-15,Ventura,111,848112,81223,80662,2985,83647,1017
2021-05-15,Yolo,113,214977,13955,13932,310,14242,211
2021-05-15,Yuba,115,75493,6010,5979,122,6101,49
2021-05-14,Alameda,001,1643700,87725,87621,1949,89570,1249
2021-05-14,Alpine,003,1148,87,88,0,88,0
2021-05-14,Amador,005,37829,3665,3665,33,3698,46
2021-05-14,Butte,007,227075,12441,12076,1805,13881,192
2021-05-14,Calaveras,009,45235,2132,2121,13,2134,53
2021-05-14,Colusa,011,21464,1937,1940,302,2242,14
2021-05-14,Contra Costa,013,1133247,69120,68589,1266,69855,806
2021-05-14,Del Norte,015,27424,1394,1355,12,1367,8
2021-05-14,El Dorado,017,186661,10203,10143,734,10877,113
2021-05-14,Fresno,019,978130,102419,101917,8684,110601,1688
2021-05-14,Glenn,021,27897,2422,2398,559,2957,17
2021-05-14,Humboldt,023,135768,4136,4050,34,4084,37
2021-05-14,Imperial,025,180216,28550,28485,2747,31232,728
2021-05-14,Inyo,027,18085,1404,1400,14,1414,36
2021-05-14,Kern,029,883053,97062,96033,10843,106876,1311
2021-05-14,Kings,031,150075,23133,22910,1088,23998,246
2021-05-14,Lake,033,64148,3499,3483,9,3492,43
2021-05-14,Lassen,035,31185,5191,5154,109,5263,6
2021-05-14,Los Angeles,037,10098052,1204082,1196038,41403,1237441,24101
2021-05-14,Madera,039,155013,16575,16474,933,17407,238
2021-05-14,Marin,041,260295,14058,14010,254,14264,227
2021-05-14,Mariposa,043,17540,428,422,11,433,5
2021-05-14,Mendocino,045,87422,3934,3855,80,3935,46
2021-05-14,Merced,047,269075,30866,31010,1050,32060,450
2021-05-14,Modoc,049,8938,374,362,125,487,3
2021-05-14,Mono,051,14174,1253,1265,17,1282,3
2021-05-14,Monterey,053,433212,43122,42973,1871,44844,380
2021-05-14,Napa,055,140530,9881,9883,36,9919,82
2021-05-14,Nevada,057,99092,4782,4745,188,4933,70
2021-05-14,Orange,059,3164182,255011,253855,11347,265202,5028
2021-05-14,Placer,061,380077,23081,22660,1474,24134,287
2021-05-14,Plumas,063,18699,698,680,10,690,4
2021-05-14,Riverside,065,2383286,293638,288140,14000,302140,4433
2021-05-14,Sacramento,067,1510023,105164,104828,1733,106561,1627
2021-05-14,San Benito,069,59416,6053,6064,114,6178,63
2021-05-14,San Bernardino,071,2135413,292909,291834,8983,300817,4721
2021-05-14,San Diego,073,3302833,279783,278853,14812,293665,3732
2021-05-14,San Francisco,075,870044,36597,36771,1278,38049,545
2021-05-14,San Joaquin,077,732212,72782,72160,3524,75684,1359
2021-05-14,San Luis Obispo,079,281455,21319,21051,730,21781,256
2021-05-14,San Mateo,081,765935,42216,42041,470,42511,428
2021-05-14,Santa Barbara,083,443738,34374,34243,1137,35380,456
2021-05-14,Santa Clara,085,1922200,118326,119006,759,119765,2014
2021-05-14,Santa Cruz,087,273765,16193,16130,813,16943,207
2021-05-14,Shasta,089,179085,12151,12130,1539,13669,200
2021-05-14,Sierra,091,2930,56,54,12,66,0
2021-05-14,Siskiyou,093,43540,1882,1779,347,2126,14
2021-05-14,Solano,095,438530,32608,32585,548,33133,252
2021-05-14,Sonoma,097,501317,29872,30007,330,30337,321
2021-05-14,Stanislaus,099,539301,55997,55752,5910,61662,950
2021-05-14,Sutter,101,95872,9400,9433,85,9518,113
2021-05-14,Tehama,103,63373,5034,5005,563,5568,63
2021-05-14,Trinity,105,12862,483,328,91,419,3
2021-05-14,Tulare,107,460477,50105,49060,9005,58065,836
2021-05-14,Tuolumne,109,53932,4009,4060,39,4099,63
2021-05-14,Ventura,111,848112,81209,80628,2985,83613,1014
2021-05-14,Yolo,113,214977,13950,13922,306,14228,210
2021-05-14,Yuba,115,75493,6006,5970,122,6092,47
2021-05-13,Alameda,001,1643700,87682,87557,1948,89505,1250
2021-05-13,Alpine,003,1148,87,88,0,88,0
2021-05-13,Amador,005,37829,3665,3662,33,3695,46
2021-05-13,Butte,007,227075,12426,12051,1804,13855,196
2021-05-13,Calaveras,009,45235,2132,2120,13,2133,53
2021-05-13,Colusa,011,21464,1936,1939,298,2237,14
2021-05-13,Contra Costa,013,1133247,69072,68522,1265,69787,806
2021-05-13,Del Norte,015,27424,1392,1354,12,1366,8
2021-05-13,El Dorado,017,186661,10200,10133,734,10867,112
2021-05-13,Fresno,019,978130,102390,101862,8683,110545,1687
2021-05-13,Glenn,021,27897,2421,2395,559,2954,17
2021-05-13,Humboldt,023,135768,4118,4027,34,4061,37
2021-05-13,Imperial,025,180216,28535,28468,2745,31213,729
2021-05-13,Inyo,027,18085,1404,1400,14,1414,36
2021-05-13,Kern,029,883053,97038,95996,10825,106821,1311
2021-05-13,Kings,031,150075,23132,22904,1088,23992,246
2021-05-13,Lake,033,64148,3498,3479,9,3488,43
2021-05-13,Lassen,035,31185,5191,5152,108,5260,6
2021-05-13,Los Angeles,037,10098052,1203893,1195504,41389,1236893,24083
2021-05-13,Madera,039,155013,16567,16467,933,17400,238
2021-05-13,Marin,041,260295,14053,14004,252,14256,227
2021-05-13,Mariposa,043,17540,428,422,11,433,5
2021-05-13,Mendocino,045,87422,3930,3846,80,3926,46
2021-05-13,Merced,047,269075,30859,30989,1049,32038,450
2021-05-13,Modoc,049,8938,374,362,125,487,3
2021-05-13,Mono,051,14174,1253,1265,17,1282,3
2021-05-13,Monterey,053,433212,43107,42966,1871,44837,380
2021-05-13,Napa,055,140530,9874,9877,36,9913,82
2021-05-13,Nevada,057,99092,4778,4743,187,4930,70
2021-05-13,Orange,059,3164182,254966,253778,11345,265123,5026
2021-05-13,Placer,061,380077,23054,22668,1467,24135,288
2021-05-13,Plumas,063,18699,698,680,10,690,4
2021-05-13,Riverside,065,2383286,293572,288067,13995,302062,4433
2021-05-13,Sacramento,067,1510023,105078,104711,1731,106442,1626
2021-05-13,San Benito,069,59416,6051,6062,114,6176,63
2021-05-13,San Bernardino,071,2135413,292843,291765,8983,300748,4722
2021-05-13,San Diego,073,3302833,279669,278592,14795,293387,3729
2021-05-13,San Francisco,075,870044,36573,36741,1276,38017,544
2021-05-13,San Joaquin,077,732212,72740,72096,3520,75616,1357
2021-05-13,San Luis Obispo,079,281455,21304,21043,729,21772,255
2021-05-13,San Mateo,081,765935,42199,42059,470,42529,426
2021-05-13,Santa Barbara,083,443738,34362,34242,1137,35379,456
2021-05-13,Santa Clara,085,1922200,118299,118952,759,119711,2013
2021-05-13,Santa Cruz,087,273765,16187,16129,813,16942,208
2021-05-13,Shasta,089,179085,12131,12111,1535,13646,200
2021-05-13,Sierra,091,2930,56,54,12,66,0
2021-05-13,Siskiyou,093,43540,1875,1769,344,2113,14
2021-05-13,Solano,095,438530,32595,32548,546,33094,252
2021-05-13,Sonoma,097,501317,29847,29991,330,30321,321
2021-05-13,Stanislaus,099,539301,55960,55678,5904,61582,949
2021-05-13,Sutter,101,95872,9395,9431,84,9515,112
2021-05-13,Tehama,103,63373,5029,4997,563,5560,63
2021-05-13,Trinity,105,12862,482,327,90,417,3
2021-05-13,Tulare,107,460477,50079,49032,8997,58029,837
2021-05-13,Tuolumne,109,53932,4008,4059,39,4098,63
2021-05-13,Ventura,111,848112,81179,80615,2984,83599,1012
2021-05-13,Yolo,113,214977,13941,13914,304,14218,210
2021-05-13,Yuba,115,75493,5997,5962,122,6084,47
2021-05-12,Alameda,001,1643700,87650,87482,1946,89428,1261
2021-05-12,Alpine,003,1148,87,88,0,88,0
2021-05-12,Amador,005,37829,3665,3658,33,3691,46
2021-05-12,Butte,007,227075,12416,12026,1804,13830,199
2021-05-12,Calaveras,009,45235,2129,2119,13,2132,53
2021-05-12,Colusa,011,21464,1934,1939,297,2236,14
2021-05-12,Contra Costa,013,1133247,69013,68462,1259,69721,805
2021-05-12,Del Norte,015,27424,1390,1352,12,1364,8
2021-05-12,El Dorado,017,186661,10191,10123,734,10857,112
2021-05-12,Fresno,019,978130,102341,101838,8672,110510,1688
2021-05-12,Glenn,021,27897,2418,2391,559,2950,17
2021-05-12,Humboldt,023,135768,4090,3982,34,4016,37
2021-05-12,Imperial,025,180216,28517,28443,2742,31185,726
2021-05-12,Inyo,027,18085,1404,1400,14,1414,36
2021-05-12,Kern,029,883053,97002,95955,10818,106773,1310
2021-05-12,Kings,031,150075,23130,22896,1088,23984,246
2021-05-12,Lake,033,64148,3496,3476,9,3485,43
2021-05-12,Lassen,035,31185,5189,5151,108,5259,6
2021-05-12,Los Angeles,037,10098052,1203710,1195318,41372,1236690,24067
2021-05-12,Madera,039,155013,16560,16462,932,17394,238
2021-05-12,Marin,041,260295,14048,13997,252,14249,227
2021-05-12,Mariposa,043,17540,428,422,11,433,5
2021-05-12,Mendocino,045,87422,3920,3836,80,3916,46
2021-05-12,Merced,047,269075,30843,30941,1049,31990,450
2021-05-12,Modoc,049,8938,373,362,125,487,3
2021-05-12,Mono,051,14174,1253,1265,17,1282,3
2021-05-12,Monterey,053,433212,43095,42950,1870,44820,380
2021-05-12,Napa,055,140530,9868,9870,36,9906,82
2021-05-12,Nevada,057,99092,4774,4738,187,4925,70
2021-05-12,Orange,059,3164182,254915,253587,11341,264928,5024
2021-05-12,Placer,061,380077,23036,22652,1460,24112,288
2021-05-12,Plumas,063,18699,698,681,10,691,4
2021-05-12,Riverside,065,2383286,293502,287830,13991,301821,4431
2021-05-12,Sacramento,067,1510023,104982,104592,1729,106321,1621
2021-05-12,San Benito,069,59416,6051,6062,114,6176,63
2021-05-12,San Bernardino,071,2135413,292795,291505,8978,300483,4715
2021-05-12,San Diego,073,3302833,279565,278402,14774,293176,3729
2021-05-12,San Francisco,075,870044,36553,36720,1275,37995,544
2021-05-12,San Joaquin,077,732212,72686,72043,3516,75559,1356
2021-05-12,San Luis Obispo,079,281455,21294,21021,729,21750,255
2021-05-12,San Mateo,081,765935,42190,42038,468,42506,426
2021-05-12,Santa Barbara,083,443738,34354,34218,1137,35355,456
2021-05-12,Santa Clara,085,1922200,118255,118897,759,119656,2005
2021-05-12,Santa Cruz,087,273765,16181,16123,813,16936,207
2021-05-12,Shasta,089,179085,12111,12092,1533,13625,200
2021-05-12,Sierra,091,2930,56,54,12,66,0
2021-05-12,Siskiyou,093,43540,1871,1760,343,2103,13
2021-05-12,Solano,095,438530,32571,32519,546,33065,252
2021-05-12,Sonoma,097,501317,29835,29976,330,30306,320
2021-05-12,Stanislaus,099,539301,55920,55632,5897,61529,919
2021-05-12,Sutter,101,95872,9392,9427,84,9511,112
2021-05-12,Tehama,103,63373,5024,4989,563,5552,62
2021-05-12,Trinity,105,12862,482,327,90,417,3
2021-05-12,Tulare,107,460477,50063,49001,8989,57990,838
2021-05-12,Tuolumne,109,53932,4007,4056,39,4095,63
2021-05-12,Ventura,111,848112,81160,80577,2984,83561,1010
2021-05-12,Yolo,113,214977,13933,13910,303,14213,210
2021-05-12,Yuba,115,75493,5994,5956,122,6078,47
2021-05-11,Alameda,001,1643700,87585,87413,1942,89355,1290
2021-05-11,Alpine,003,1148,87,88,0,88,0
2021-05-11,Amador,005,37829,3663,3657,33,3690,46
2021-05-11,Butte,007,227075,12401,12008,1801,13809,199
2021-05-11,Calaveras,009,45235,2129,2118,13,2131,52
2021-05-11,Colusa,011,21464,1933,1939,297,2236,14
2021-05-11,Contra Costa,013,1133247,68953,68406,1258,69664,806
2021-05-11,Del Norte,015,27424,1388,1347,12,1359,8
2021-05-11,El Dorado,017,186661,10185,10108,733,10841,112
2021-05-11,Fresno,019,978130,102295,101792,8667,110459,1686
2021-05-11,Glenn,021,27897,2417,2387,558,2945,17
2021-05-11,Humboldt,023,135768,4069,3964,33,3997,37
2021-05-11,Imperial,025,180216,28509,28413,2738,31151,722
2021-05-11,Inyo,027,18085,1403,1402,14,1416,36
2021-05-11,Kern,029,883053,96974,95938,10805,106743,1310
2021-05-11,Kings,031,150075,23122,22887,1088,23975,246
2021-05-11,Lake,033,64148,3496,3473,9,3482,43
2021-05-11,Lassen,035,31185,5187,5148,108,5256,6
2021-05-11,Los Angeles,037,10098052,1203470,1195100,41355,1236455,24048
2021-05-11,Madera,039,155013,16556,16459,931,17390,238
2021-05-11,Marin,041,260295,14041,13987,252,14239,227
2021-05-11,Mariposa,043,17540,428,421,11,432,5
2021-05-11,Mendocino,045,87422,3912,3821,80,3901,46
2021-05-11,Merced,047,269075,30834,30893,1049,31942,449
2021-05-11,Modoc,049,8938,373,362,124,486,3
2021-05-11,Mono,051,14174,1253,1265,17,1282,3
2021-05-11,Monterey,053,433212,43087,42934,1869,44803,380
2021-05-11,Napa,055,140530,9861,9870,36,9906,81
2021-05-11,Nevada,057,99092,4770,4737,187,4924,70
2021-05-11,Orange,059,3164182,254852,253545,11333,264878,5017
2021-05-11,Placer,061,380077,23014,22615,1456,24071,287
2021-05-11,Plumas,063,18699,696,679,10,689,4
2021-05-11,Riverside,065,2383286,293440,287757,13986,301743,4429
2021-05-11,Sacramento,067,1510023,104883,104496,1726,106222,1616
2021-05-11,San Benito,069,59416,6048,6058,114,6172,63
2021-05-11,San Bernardino,071,2135413,292735,291421,8976,300397,4707
2021-05-11,San Diego,073,3302833,279430,278308,14755,293063,3725
2021-05-11,San Francisco,075,870044,36533,36707,1275,37982,543
2021-05-11,San Joaquin,077,732212,72638,71999,3513,75512,1356
2021-05-11,San Luis Obispo,079,281455,21287,21008,727,21735,255
2021-05-11,San Mateo,081,765935,42171,41985,467,42452,425
2021-05-11,Santa Barbara,083,443738,34344,34207,1137,35344,456
2021-05-11,Santa Clara,085,1922200,118208,118857,758,119615,2005
2021-05-11,Santa Cruz,087,273765,16177,16113,813,16926,206
2021-05-11,Shasta,089,179085,12088,12050,1527,13577,200
2021-05-11,Sierra,091,2930,56,54,12,66,0
2021-05-11,Siskiyou,093,43540,1861,1756,341,2097,13
2021-05-11,Solano,095,438530,32553,32499,544,33043,250
2021-05-11,Sonoma,097,501317,29820,29966,330,30296,318
2021-05-11,Stanislaus,099,539301,55873,55589,5893,61482,909
2021-05-11,Sutter,101,95872,9385,9417,84,9501,112
2021-05-11,Tehama,103,63373,5020,4985,562,5547,62
2021-05-11,Trinity,105,12862,482,327,89,416,3
2021-05-11,Tulare,107,460477,50035,48974,8975,57949,837
2021-05-11,Tuolumne,109,53932,4006,4056,39,4095,63
2021-05-11,Ventura,111,848112,81136,80544,2981,83525,1008
2021-05-11,Yolo,113,214977,13919,13902,300,14202,210
2021-05-11,Yuba,115,75493,5985,5950,122,6072,46
2021-05-10,Alameda,001,1643700,87514,87366,1941,89307,1284
2021-05-10,Alpine,003,1148,87,88,0,88,0
2021-05-10,Amador,005,37829,3662,3657,33,3690,46
2021-05-10,Butte,007,227075,12385,11993,1797,13790,199
2021-05-10,Calaveras,009,45235,2122,2118,13,2131,52
2021-05-10,Colusa,011,21464,1933,1939,297,2236,14
2021-05-10,Contra Costa,013,1133247,68889,68357,1258,69615,806
2021-05-10,Del Norte,015,27424,1385,1339,12,1351,8
2021-05-10,El Dorado,017,186661,10171,10093,733,10826,113
2021-05-10,Fresno,019,978130,102263,101755,8660,110415,1682
2021-05-10,Glenn,021,27897,2416,2384,556,2940,17
2021-05-10,Humboldt,023,135768,4039,3961,33,3994,36
2021-05-10,Imperial,025,180216,28495,28397,2734,31131,722
2021-05-10,Inyo,027,18085,1403,1401,14,1415,36
2021-05-10,Kern,029,883053,96930,95920,10791,106711,1310
2021-05-10,Kings,031,150075,23111,22884,1087,23971,246
2021-05-10,Lake,033,64148,3488,3471,9,3480,43
2021-05-10,Lassen,035,31185,5183,5148,108,5256,5
2021-05-10,Los Angeles,037,10098052,1203207,1194976,41338,1236314,24030
2021-05-10,Madera,039,155013,16546,16450,931,17381,238
2021-05-10,Marin,041,260295,14038,13981,252,14233,228
2021-05-10,Mariposa,043,17540,427,420,11,431,5
2021-05-10,Mendocino,045,87422,3906,3818,80,3898,46
2021-05-10,Merced,047,269075,30823,30880,1049,31929,448
2021-05-10,Modoc,049,8938,373,361,124,485,3
2021-05-10,Mono,051,14174,1253,1265,17,1282,3
2021-05-10,Monterey,053,433212,43081,42927,1864,44791,380
2021-05-10,Napa,055,140530,9859,9860,36,9896,81
2021-05-10,Nevada,057,99092,4763,4735,187,4922,70
2021-05-10,Orange,059,3164182,254799,253484,11327,264811,5008
2021-05-10,Placer,061,380077,22992,22590,1453,24043,286
2021-05-10,Plumas,063,18699,695,679,10,689,4
2021-05-10,Riverside,065,2383286,293371,287689,13980,301669,4427
2021-05-10,Sacramento,067,1510023,104770,104378,1721,106099,1613
2021-05-10,San Benito,069,59416,6047,6058,114,6172,63
2021-05-10,San Bernardino,071,2135413,292683,291360,8975,300335,4707
2021-05-10,San Diego,073,3302833,279266,278183,14728,292911,3725
2021-05-10,San Francisco,075,870044,36514,36683,1275,37958,543
2021-05-10,San Joaquin,077,732212,72601,71954,3498,75452,1356
2021-05-10,San Luis Obispo,079,281455,21269,20993,726,21719,256
2021-05-10,San Mateo,081,765935,42154,41926,467,42393,424
2021-05-10,Santa Barbara,083,443738,34336,34201,1137,35338,456
2021-05-10,Santa Clara,085,1922200,118149,118822,758,119580,2003
2021-05-10,Santa Cruz,087,273765,16172,16114,813,16927,206
2021-05-10,Shasta,089,179085,12074,12036,1523,13559,200
2021-05-10,Sierra,091,2930,56,54,12,66,0
2021-05-10,Siskiyou,093,43540,1851,1752,339,2091,13
2021-05-10,Solano,095,438530,32533,32466,542,33008,250
2021-05-10,Sonoma,097,501317,29805,29955,329,30284,318
2021-05-10,Stanislaus,099,539301,55799,55541,5887,61428,898
2021-05-10,Sutter,101,95872,9379,9412,84,9496,111
2021-05-10,Tehama,103,63373,5016,4980,562,5542,62
2021-05-10,Trinity,105,12862,482,327,87,414,3
2021-05-10,Tulare,107,460477,50012,48956,8969,57925,837
2021-05-10,Tuolumne,109,53932,4002,4054,38,4092,63
2021-05-10,Ventura,111,848112,81120,80501,2979,83480,1008
2021-05-10,Yolo,113,214977,13907,13898,298,14196,209
2021-05-10,Yuba,115,75493,5983,5942,122,6064,46
2021-05-09,Alameda,001,1643700,87443,87292,1938,89230,1284
2021-05-09,Alpine,003,1148,87,88,0,88,0
2021-05-09,Amador,005,37829,3660,3655,33,3688,46
2021-05-09,Butte,007,227075,12367,11985,1793,13778,199
2021-05-09,Calaveras,009,45235,2121,2116,13,2129,52
2021-05-09,Colusa,011,21464,1932,1940,297,2237,14
2021-05-09,Contra Costa,013,1133247,68826,68302,1256,69558,806
2021-05-09,Del Norte,015,27424,1378,1338,12,1350,8
2021-05-09,El Dorado,017,186661,10157,10089,730,10819,113
2021-05-09,Fresno,019,978130,102225,101729,8651,110380,1682
2021-05-09,Glenn,021,27897,2409,2382,553,2935,17
2021-05-09,Humboldt,023,135768,4019,3950,33,3983,36
2021-05-09,Imperial,025,180216,28472,28388,2726,31114,722
2021-05-09,Inyo,027,18085,1403,1401,13,1414,36
2021-05-09,Kern,029,883053,96902,95903,10781,106684,1310
2021-05-09,Kings,031,150075,23102,22878,1087,23965,246
2021-05-09,Lake,033,64148,3484,3471,9,3480,43
2021-05-09,Lassen,035,31185,5181,5147,108,5255,5
2021-05-09,Los Angeles,037,10098052,1202946,1194820,41322,1236142,24026
2021-05-09,Madera,039,155013,16537,16444,925,17369,238
2021-05-09,Marin,041,260295,14027,13979,251,14230,228
2021-05-09,Mariposa,043,17540,424,420,11,431,5
2021-05-09,Mendocino,045,87422,3896,3814,80,3894,46
2021-05-09,Merced,047,269075,30800,30883,1049,31932,448
2021-05-09,Modoc,049,8938,373,360,124,484,3
2021-05-09,Mono,051,14174,1253,1264,17,1281,3
2021-05-09,Monterey,053,433212,43063,42918,1864,44782,380
2021-05-09,Napa,055,140530,9848,9857,36,9893,81
2021-05-09,Nevada,057,99092,4756,4727,187,4914,70
2021-05-09,Orange,059,3164182,254745,253451,11319,264770,5008
2021-05-09,Placer,061,380077,22966,22566,1450,24016,286
2021-05-09,Plumas,063,18699,694,679,10,689,4
2021-05-09,Riverside,065,2383286,293291,287644,13974,301618,4427
2021-05-09,Sacramento,067,1510023,104621,104309,1715,106024,1612
2021-05-09,San Benito,069,59416,6045,6056,114,6170,63
2021-05-09,San Bernardino,071,2135413,292600,291337,8969,300306,4707
2021-05-09,San Diego,073,3302833,279099,277950,14706,292656,3725
2021-05-09,San Francisco,075,870044,36488,36669,1273,37942,543
2021-05-09,San Joaquin,077,732212,72555,71927,3497,75424,1356
2021-05-09,San Luis Obispo,079,281455,21258,20999,726,21725,256
2021-05-09,San Mateo,081,765935,42125,41903,467,42370,424
2021-05-09,Santa Barbara,083,443738,34323,34196,1136,35332,456
2021-05-09,Santa Clara,085,1922200,118095,118798,757,119555,2003
2021-05-09,Santa Cruz,087,273765,16166,16094,813,16907,206
2021-05-09,Shasta,089,179085,12044,12034,1518,13552,200
2021-05-09,Sierra,091,2930,56,54,12,66,0
2021-05-09,Siskiyou,093,43540,1844,1741,336,2077,13
2021-05-09,Solano,095,438530,32494,32434,539,32973,250
2021-05-09,Sonoma,097,501317,29791,29953,328,30281,318
2021-05-09,Stanislaus,099,539301,55733,55511,5883,61394,898
2021-05-09,Sutter,101,95872,9373,9413,84,9497,111
2021-05-09,Tehama,103,63373,5011,4979,562,5541,62
2021-05-09,Trinity,105,12862,482,327,87,414,3
2021-05-09,Tulare,107,460477,49985,48948,8964,57912,837
2021-05-09,Tuolumne,109,53932,4000,4053,38,4091,63
2021-05-09,Ventura,111,848112,81105,80487,2978,83465,1008
2021-05-09,Yolo,113,214977,13897,13897,297,14194,209
2021-05-09,Yuba,115,75493,5977,5934,122,6056,46
2021-05-08,Alameda,001,1643700,87401,87213,1934,89147,1284
2021-05-08,Alpine,003,1148,87,88,0,88,0
2021-05-08,Amador,005,37829,3658,3652,33,3685,46
2021-05-08,Butte,007,227075,12355,11962,1792,13754,199
2021-05-08,Calaveras,009,45235,2120,2114,13,2127,52
2021-05-08,Colusa,011,21464,1932,1939,297,2236,14
2021-05-08,Contra Costa,013,1133247,68793,68223,1254,69477,803
2021-05-08,Del Norte,015,27424,1375,1335,12,1347,8
2021-05-08,El Dorado,017,186661,10143,10079,730,10809,113
2021-05-08,Fresno,019,978130,102189,101676,8646,110322,1682
2021-05-08,Glenn,021,27897,2407,2382,551,2933,17
2021-05-08,Humboldt,023,135768,4003,3939,33,3972,36
2021-05-08,Imperial,025,180216,28464,28373,2726,31099,721
2021-05-08,Inyo,027,18085,1403,1402,13,1415,36
2021-05-08,Kern,029,883053,96877,95880,10768,106648,1310
2021-05-08,Kings,031,150075,23099,22872,1086,23958,246
2021-05-08,Lake,033,64148,3483,3470,9,3479,43
2021-05-08,Lassen,035,31185,5180,5145,108,5253,5
2021-05-08,Los Angeles,037,10098052,1202794,1194584,41306,1235890,24022
2021-05-08,Madera,039,155013,16533,16442,925,17367,238
2021-05-08,Marin,041,260295,14024,13974,250,14224,228
2021-05-08,Mariposa,043,17540,424,420,11,431,5
2021-05-08,Mendocino,045,87422,3891,3810,79,3889,46
2021-05-08,Merced,047,269075,30791,30876,1049,31925,448
2021-05-08,Modoc,049,8938,373,360,123,483,3
2021-05-08,Mono,051,14174,1253,1262,17,1279,3
2021-05-08,Monterey,053,433212,43058,42914,1863,44777,380
2021-05-08,Napa,055,140530,9841,9853,36,9889,81
2021-05-08,Nevada,057,99092,4753,4716,187,4903,70
2021-05-08,Orange,059,3164182,254711,253412,11316,264728,5006
2021-05-08,Placer,061,380077,22948,22547,1448,23995,286
2021-05-08,Plumas,063,18699,693,679,10,689,4
2021-05-08,Riverside,065,2383286,293248,287574,13972,301546,4427
2021-05-08,Sacramento,067,1510023,104536,104208,1712,105920,1610
2021-05-08,San Benito,069,59416,6044,6048,114,6162,63
2021-05-08,San Bernardino,071,2135413,292557,291296,8969,300265,4707
2021-05-08,San Diego,073,3302833,279016,277760,14688,292448,3725
2021-05-08,San Francisco,075,870044,36465,36642,1273,37915,543
2021-05-08,San Joaquin,077,732212,72526,71869,3488,75357,1356
2021-05-08,San Luis Obispo,079,281455,21247,20992,726,21718,256
2021-05-08,San Mateo,081,765935,42114,41871,467,42338,424
2021-05-08,Santa Barbara,083,443738,34310,34185,1136,35321,456
2021-05-08,Santa Clara,085,1922200,118064,118751,757,119508,2003
2021-05-08,Santa Cruz,087,273765,16163,16089,813,16902,206
2021-05-08,Shasta,089,179085,12034,12030,1514,13544,200
2021-05-08,Sierra,091,2930,56,54,12,66,0
2021-05-08,Siskiyou,093,43540,1843,1741,332,2073,13
2021-05-08,Solano,095,438530,32470,32395,537,32932,249
2021-05-08,Sonoma,097,501317,29778,29942,328,30270,318
2021-05-08,Stanislaus,099,539301,55702,55467,5879,61346,898
2021-05-08,Sutter,101,95872,9370,9413,84,9497,111
2021-05-08,Tehama,103,63373,5009,4977,562,5539,62
2021-05-08,Trinity,105,12862,482,327,87,414,3
2021-05-08,Tulare,107,460477,49971,48929,8954,57883,837
2021-05-08,Tuolumne,109,53932,3999,4050,38,4088,63
2021-05-08,Ventura,111,848112,81094,80481,2975,83456,1008
2021-05-08,Yolo,113,214977,13894,13894,296,14190,209
2021-05-08,Yuba,115,75493,5969,5928,122,6050,46
2021-05-07,Alameda,001,1643700,87347,87128,1933,89061,1280
2021-05-07,Alpine,003,1148,87,88,0,88,0
2021-05-07,Amador,005,37829,3655,3651,33,3684,46
2021-05-07,Butte,007,227075,12334,11943,1789,13732,199
2021-05-07,Calaveras,009,45235,2118,2114,13,2127,52
2021-05-07,Colusa,011,21464,1932,1937,297,2234,14
2021-05-07,Contra Costa,013,1133247,68746,68156,1252,69408,804
2021-05-07,Del Norte,015,27424,1370,1329,12,1341,8
2021-05-07,El Dorado,017,186661,10130,10065,728,10793,112
2021-05-07,Fresno,019,978130,102156,101625,8645,110270,1684
2021-05-07,Glenn,021,27897,2404,2381,550,2931,17
2021-05-07,Humboldt,023,135768,3988,3919,33,3952,36
2021-05-07,Imperial,025,180216,28456,28352,2726,31078,721
2021-05-07,Inyo,027,18085,1403,1402,13,1415,36
2021-05-07,Kern,029,883053,96864,95839,10756,106595,1308
2021-05-07,Kings,031,150075,23098,22857,1085,23942,246
2021-05-07,Lake,033,64148,3481,3467,9,3476,43
2021-05-07,Lassen,035,31185,5179,5144,107,5251,5
2021-05-07,Los Angeles,037,10098052,1202615,1194294,41299,1235593,24008
2021-05-07,Madera,039,155013,16528,16439,924,17363,238
2021-05-07,Marin,041,260295,14020,13968,250,14218,228
2021-05-07,Mariposa,043,17540,423,419,11,430,5
2021-05-07,Mendocino,045,87422,3885,3805,79,3884,46
2021-05-07,Merced,047,269075,30788,30862,1049,31911,446
2021-05-07,Modoc,049,8938,373,360,123,483,3
2021-05-07,Mono,051,14174,1252,1261,17,1278,3
2021-05-07,Monterey,053,433212,43052,42909,1861,44770,380
2021-05-07,Napa,055,140530,9840,9849,36,9885,81
2021-05-07,Nevada,057,99092,4749,4704,187,4891,70
2021-05-07,Orange,059,3164182,254671,253338,11307,264645,5000
2021-05-07,Placer,061,380077,22928,22524,1446,23970,286
2021-05-07,Plumas,063,18699,693,678,10,688,4
2021-05-07,Riverside,065,2383286,293190,287479,13971,301450,4426
2021-05-07,Sacramento,067,1510023,104464,104068,1707,105775,1609
2021-05-07,San Benito,069,59416,6043,6048,114,6162,63
2021-05-07,San Bernardino,071,2135413,292515,291185,8964,300149,4697
2021-05-07,San Diego,073,3302833,278930,277534,14672,292206,3718
2021-05-07,San Francisco,075,870044,36452,36616,1272,37888,543
2021-05-07,San Joaquin,077,732212,72486,71804,3486,75290,1351
2021-05-07,San Luis Obispo,079,281455,21240,20979,726,21705,256
2021-05-07,San Mateo,081,765935,42099,41844,467,42311,424
2021-05-07,Santa Barbara,083,443738,34300,34166,1136,35302,453
2021-05-07,Santa Clara,085,1922200,118031,118691,756,119447,2002
2021-05-07,Santa Cruz,087,273765,16160,16074,813,16887,206
2021-05-07,Shasta,089,179085,12012,12005,1512,13517,200
2021-05-07,Sierra,091,2930,56,54,12,66,0
2021-05-07,Siskiyou,093,43540,1840,1723,332,2055,13
2021-05-07,Solano,095,438530,32442,32352,535,32887,249
2021-05-07,Sonoma,097,501317,29760,29925,326,30251,318
2021-05-07,Stanislaus,099,539301,55661,55407,5874,61281,896
2021-05-07,Sutter,101,95872,9370,9407,83,9490,111
2021-05-07,Tehama,103,63373,5002,4974,562,5536,57
2021-05-07,Trinity,105,12862,482,327,87,414,3
2021-05-07,Tulare,107,460477,49954,48913,8949,57862,837
2021-05-07,Tuolumne,109,53932,3997,4048,38,4086,63
2021-05-07,Ventura,111,848112,81070,80444,2975,83419,1008
2021-05-07,Yolo,113,214977,13888,13875,295,14170,209
2021-05-07,Yuba,115,75493,5959,5910,122,6032,46
2021-05-06,Alameda,001,1643700,87271,87028,1930,88958,1278
2021-05-06,Alpine,003,1148,87,88,0,88,0
2021-05-06,Amador,005,37829,3653,3650,33,3683,46
2021-05-06,Butte,007,227075,12314,11929,1784,13713,198
2021-05-06,Calaveras,009,45235,2117,2111,13,2124,52
2021-05-06,Colusa,011,21464,1932,1935,297,2232,14
2021-05-06,Contra Costa,013,1133247,68691,68076,1249,69325,802
2021-05-06,Del Norte,015,27424,1362,1324,12,1336,6
2021-05-06,El Dorado,017,186661,10123,10048,728,10776,112
2021-05-06,Fresno,019,978130,102112,101536,8641,110177,1680
2021-05-06,Glenn,021,27897,2403,2380,549,2929,17
2021-05-06,Humboldt,023,135768,3963,3898,33,3931,36
2021-05-06,Imperial,025,180216,28445,28311,2725,31036,720
2021-05-06,Inyo,027,18085,1403,1401,13,1414,36
2021-05-06,Kern,029,883053,96839,95801,10739,106540,1307
2021-05-06,Kings,031,150075,23091,22848,1084,23932,246
2021-05-06,Lake,033,64148,3480,3465,9,3474,43
2021-05-06,Lassen,035,31185,5178,5143,107,5250,1
2021-05-06,Los Angeles,037,10098052,1202373,1193954,41283,1235237,23991
2021-05-06,Madera,039,155013,16520,16430,924,17354,238
2021-05-06,Marin,041,260295,14016,13956,250,14206,228
2021-05-06,Mariposa,043,17540,422,419,11,430,5
2021-05-06,Mendocino,045,87422,3874,3802,79,3881,46
2021-05-06,Merced,047,269075,30773,30863,1048,31911,444
2021-05-06,Modoc,049,8938,373,360,123,483,3
2021-05-06,Mono,051,14174,1250,1261,17,1278,3
2021-05-06,Monterey,053,433212,43037,42899,1861,44760,379
2021-05-06,Napa,055,140530,9834,9843,36,9879,81
2021-05-06,Nevada,057,99092,4748,4687,187,4874,70
2021-05-06,Orange,059,3164182,254603,253286,11301,264587,4991
2021-05-06,Placer,061,380077,22906,22493,1446,23939,286
2021-05-06,Plumas,063,18699,693,678,10,688,4
2021-05-06,Riverside,065,2383286,293117,287399,13966,301365,4422
2021-05-06,Sacramento,067,1510023,104347,103956,1704,105660,1609
2021-05-06,San Benito,069,59416,6042,6045,114,6159,63
2021-05-06,San Bernardino,071,2135413,292445,291085,8963,300048,4683
2021-05-06,San Diego,073,3302833,278803,277324,14649,291973,3716
2021-05-06,San Francisco,075,870044,36437,36599,1272,37871,543
2021-05-06,San Joaquin,077,732212,72431,71729,3483,75212,1350
2021-05-06,San Luis Obispo,079,281455,21228,20965,724,21689,256
2021-05-06,San Mateo,081,765935,42080,41802,466,42268,424
2021-05-06,Santa Barbara,083,443738,34287,34152,1136,35288,453
2021-05-06,Santa Clara,085,1922200,117990,118591,756,119347,2001
2021-05-06,Santa Cruz,087,273765,16153,16050,813,16863,206
2021-05-06,Shasta,089,179085,11990,11983,1506,13489,199
2021-05-06,Sierra,091,2930,56,54,12,66,0
2021-05-06,Siskiyou,093,43540,1830,1711,331,2042,12
2021-05-06,Solano,095,438530,32416,32320,527,32847,249
2021-05-06,Sonoma,097,501317,29752,29911,326,30237,318
2021-05-06,Stanislaus,099,539301,55605,55323,5869,61192,834
2021-05-06,Sutter,101,95872,9364,9396,83,9479,111
2021-05-06,Tehama,103,63373,4997,4970,562,5532,53
2021-05-06,Trinity,105,12862,482,327,87,414,3
2021-05-06,Tulare,107,460477,49929,48890,8934,57824,836
2021-05-06,Tuolumne,109,53932,3993,4047,38,4085,63
2021-05-06,Ventura,111,848112,81039,80411,2972,83383,1005
2021-05-06,Yolo,113,214977,13881,13871,291,14162,209
2021-05-06,Yuba,115,75493,5947,5901,122,6023,46
2021-05-05,Alameda,001,1643700,87209,86950,1928,88878,1278
2021-05-05,Alpine,003,1148,87,88,0,88,0
2021-05-05,Amador,005,37829,3650,3650,33,3683,46
2021-05-05,Butte,007,227075,12296,11907,1781,13688,198
2021-05-05,Calaveras,009,45235,2113,2103,13,2116,52
2021-05-05,Colusa,011,21464,1931,1933,297,2230,14
2021-05-05,Contra Costa,013,1133247,68626,67997,1245,69242,803
2021-05-05,Del Norte,015,27424,1359,1317,12,1329,6
2021-05-05,El Dorado,017,186661,10112,10020,727,10747,111
2021-05-05,Fresno,019,978130,102063,101491,8632,110123,1680
2021-05-05,Glenn,021,27897,2400,2380,548,2928,17
2021-05-05,Humboldt,023,135768,3944,3886,32,3918,36
2021-05-05,Imperial,025,180216,28404,28295,2718,31013,720
2021-05-05,Inyo,027,18085,1402,1401,13,1414,36
2021-05-05,Kern,029,883053,96795,95753,10735,106488,1304
2021-05-05,Kings,031,150075,23085,22840,1083,23923,246
2021-05-05,Lake,033,64148,3477,3458,9,3467,43
2021-05-05,Lassen,035,31185,5178,5143,106,5249,1
2021-05-05,Los Angeles,037,10098052,1202102,1193608,41269,1234877,23977
2021-05-05,Madera,039,155013,16518,16423,924,17347,235
2021-05-05,Marin,041,260295,14008,13950,249,14199,228
2021-05-05,Mariposa,043,17540,422,418,11,429,5
2021-05-05,Mendocino,045,87422,3870,3799,79,3878,46
2021-05-05,Merced,047,269075,30752,30844,1048,31892,444
2021-05-05,Modoc,049,8938,372,361,122,483,3
2021-05-05,Mono,051,14174,1250,1260,17,1277,3
2021-05-05,Monterey,053,433212,43024,42870,1858,44728,379
2021-05-05,Napa,055,140530,9828,9833,36,9869,81
2021-05-05,Nevada,057,99092,4745,4666,187,4853,70
2021-05-05,Orange,059,3164182,254545,253237,11296,264533,4978
2021-05-05,Placer,061,380077,22874,22362,1442,23804,287
2021-05-05,Plumas,063,18699,693,677,10,687,4
2021-05-05,Riverside,065,2383286,293022,287353,13956,301309,4414
2021-05-05,Sacramento,067,1510023,104259,103476,1699,105175,1607
2021-05-05,San Benito,069,59416,6033,6046,114,6160,63
2021-05-05,San Bernardino,071,2135413,292370,291008,8959,299967,4677
2021-05-05,San Diego,073,3302833,278666,277098,14630,291728,3716
2021-05-05,San Francisco,075,870044,36423,36577,1271,37848,543
2021-05-05,San Joaquin,077,732212,72378,71638,3480,75118,1345
2021-05-05,San Luis Obispo,079,281455,21220,20958,724,21682,256
2021-05-05,San Mateo,081,765935,42051,41755,465,42220,415
2021-05-05,Santa Barbara,083,443738,34272,34139,1135,35274,453
2021-05-05,Santa Clara,085,1922200,117960,118482,752,119234,1992
2021-05-05,Santa Cruz,087,273765,16147,16013,813,16826,207
2021-05-05,Shasta,089,179085,11974,11939,1502,13441,200
2021-05-05,Sierra,091,2930,56,54,12,66,0
2021-05-05,Siskiyou,093,43540,1813,1706,323,2029,11
2021-05-05,Solano,095,438530,32381,32250,525,32775,249
2021-05-05,Sonoma,097,501317,29739,29879,326,30205,318
2021-05-05,Stanislaus,099,539301,55548,55231,5867,61098,807
2021-05-05,Sutter,101,95872,9358,9387,83,9470,111
2021-05-05,Tehama,103,63373,4993,4968,562,5530,53
2021-05-05,Trinity,105,12862,482,326,87,413,3
2021-05-05,Tulare,107,460477,49905,48875,8927,57802,835
2021-05-05,Tuolumne,109,53932,3990,4040,38,4078,63
2021-05-05,Ventura,111,848112,81011,80372,2968,83340,1005
2021-05-05,Yolo,113,214977,13877,13846,289,14135,209
2021-05-05,Yuba,115,75493,5937,5895,121,6016,44
2021-05-04,Alameda,001,1643700,87117,86894,1928,88822,1277
2021-05-04,Alpine,003,1148,87,88,0,88,0
2021-05-04,Amador,005,37829,3650,3650,33,3683,46
2021-05-04,Butte,007,227075,12272,11883,1780,13663,198
2021-05-04,Calaveras,009,45235,2108,2100,13,2113,52
2021-05-04,Colusa,011,21464,1930,1933,297,2230,14
2021-05-04,Contra Costa,013,1133247,68546,67931,1243,69174,799
2021-05-04,Del Norte,015,27424,1359,1314,12,1326,6
2021-05-04,El Dorado,017,186661,10101,10009,723,10732,110
2021-05-04,Fresno,019,978130,102008,101451,8625,110076,1677
2021-05-04,Glenn,021,27897,2397,2379,545,2924,17
2021-05-04,Humboldt,023,135768,3918,3877,32,3909,36
2021-05-04,Imperial,025,180216,28384,28276,2714,30990,720
2021-05-04,Inyo,027,18085,1402,1399,13,1412,36
2021-05-04,Kern,029,883053,96759,95720,10717,106437,1301
2021-05-04,Kings,031,150075,23071,22822,1080,23902,246
2021-05-04,Lake,033,64148,3476,3454,9,3463,43
2021-05-04,Lassen,035,31185,5177,5142,106,5248,1
2021-05-04,Los Angeles,037,10098052,1201814,1193453,41257,1234710,23957
2021-05-04,Madera,039,155013,16517,16418,924,17342,235
2021-05-04,Marin,041,260295,14000,13935,249,14184,228
2021-05-04,Mariposa,043,17540,422,418,11,429,5
2021-05-04,Mendocino,045,87422,3865,3794,79,3873,46
2021-05-04,Merced,047,269075,30735,30829,1048,31877,444
2021-05-04,Modoc,049,8938,371,360,121,481,3
2021-05-04,Mono,051,14174,1250,1260,17,1277,3
2021-05-04,Monterey,053,433212,43012,42845,1857,44702,380
2021-05-04,Napa,055,140530,9819,9824,36,9860,81
2021-05-04,Nevada,057,99092,4738,4656,187,4843,70
2021-05-04,Orange,059,3164182,254477,253177,11286,264463,4977
2021-05-04,Placer,061,380077,22845,22326,1439,23765,287
2021-05-04,Plumas,063,18699,692,675,10,685,4
2021-05-04,Riverside,065,2383286,292938,287285,13949,301234,4411
2021-05-04,Sacramento,067,1510023,104130,103383,1694,105077,1604
2021-05-04,San Benito,069,59416,6032,6039,114,6153,63
2021-05-04,San Bernardino,071,2135413,292293,290934,8952,299886,4668
2021-05-04,San Diego,073,3302833,278499,276879,14613,291492,3713
2021-05-04,San Francisco,075,870044,36405,36550,1271,37821,541
2021-05-04,San Joaquin,077,732212,72317,71582,3475,75057,1342
2021-05-04,San Luis Obispo,079,281455,21214,20923,722,21645,255
2021-05-04,San Mateo,081,765935,42025,41708,465,42173,415
2021-05-04,Santa Barbara,083,443738,34256,34131,1134,35265,453
2021-05-04,Santa Clara,085,1922200,117897,118431,751,119182,1988
2021-05-04,Santa Cruz,087,273765,16141,16005,813,16818,207
2021-05-04,Shasta,089,179085,11954,11923,1496,13419,198
2021-05-04,Sierra,091,2930,56,54,12,66,0
2021-05-04,Siskiyou,093,43540,1806,1694,321,2015,11
2021-05-04,Solano,095,438530,32340,32220,523,32743,249
2021-05-04,Sonoma,097,501317,29719,29867,325,30192,318
2021-05-04,Stanislaus,099,539301,55492,55165,5864,61029,807
2021-05-04,Sutter,101,95872,9353,9375,83,9458,111
2021-05-04,Tehama,103,63373,4990,4959,561,5520,53
2021-05-04,Trinity,105,12862,482,326,87,413,3
2021-05-04,Tulare,107,460477,49878,48857,8918,57775,835
2021-05-04,Tuolumne,109,53932,3988,4041,38,4079,61
2021-05-04,Ventura,111,848112,80982,80351,2966,83317,1005
2021-05-04,Yolo,113,214977,13864,13820,287,14107,208
2021-05-04,Yuba,115,75493,5931,5891,121,6012,44
2021-05-03,Alameda,001,1643700,87041,86845,1922,88767,1272
2021-05-03,Alpine,003,1148,87,88,0,88,0
2021-05-03,Amador,005,37829,3650,3651,33,3684,46
2021-05-03,Butte,007,227075,12262,11864,1777,13641,198
2021-05-03,Calaveras,009,45235,2107,2099,13,2112,50
2021-05-03,Colusa,011,21464,1929,1931,295,2226,14
2021-05-03,Contra Costa,013,1133247,68487,67895,1239,69134,799
2021-05-03,Del Norte,015,27424,1354,1306,11,1317,6
2021-05-03,El Dorado,017,186661,10083,9984,718,10702,110
2021-05-03,Fresno,019,978130,101952,101405,8614,110019,1678
2021-05-03,Glenn,021,27897,2397,2375,544,2919,17
2021-05-03,Humboldt,023,135768,3903,3865,32,3897,36
2021-05-03,Imperial,025,180216,28362,28280,2711,30991,720
2021-05-03,Inyo,027,18085,1401,1398,13,1411,36
2021-05-03,Kern,029,883053,96722,95693,10705,106398,1299
2021-05-03,Kings,031,150075,23062,22821,1080,23901,246
2021-05-03,Lake,033,64148,3474,3446,9,3455,43
2021-05-03,Lassen,035,31185,5176,5142,106,5248,1
2021-05-03,Los Angeles,037,10098052,1201545,1193261,41231,1234492,23942
2021-05-03,Madera,039,155013,16512,16414,923,17337,235
2021-05-03,Marin,041,260295,13994,13927,249,14176,228
2021-05-03,Mariposa,043,17540,422,418,11,429,5
2021-05-03,Mendocino,045,87422,3858,3792,79,3871,46
2021-05-03,Merced,047,269075,30724,30814,1046,31860,444
2021-05-03,Modoc,049,8938,371,360,121,481,3
2021-05-03,Mono,051,14174,1250,1259,17,1276,3
2021-05-03,Monterey,053,433212,43000,42837,1855,44692,380
2021-05-03,Napa,055,140530,9814,9815,36,9851,81
2021-05-03,Nevada,057,99092,4730,4650,187,4837,70
2021-05-03,Orange,059,3164182,254418,253107,11277,264384,4968
2021-05-03,Placer,061,380077,22814,22289,1433,23722,287
2021-05-03,Plumas,063,18699,691,675,10,685,4
2021-05-03,Riverside,065,2383286,292864,287233,13948,301181,4412
2021-05-03,Sacramento,067,1510023,103977,103303,1684,104987,1602
2021-05-03,San Benito,069,59416,6031,6038,114,6152,63
2021-05-03,San Bernardino,071,2135413,292225,290886,8949,299835,4659
2021-05-03,San Diego,073,3302833,278336,276693,14588,291281,3712
2021-05-03,San Francisco,075,870044,36379,36538,1271,37809,541
2021-05-03,San Joaquin,077,732212,72267,71504,3472,74976,1325
2021-05-03,San Luis Obispo,079,281455,21198,20915,719,21634,254
2021-05-03,San Mateo,081,765935,42002,41689,464,42153,413
2021-05-03,Santa Barbara,083,443738,34244,34119,1134,35253,453
2021-05-03,Santa Clara,085,1922200,117843,118373,750,119123,1988
2021-05-03,Santa Cruz,087,273765,16138,16000,813,16813,207
2021-05-03,Shasta,089,179085,11931,11890,1491,13381,197
2021-05-03,Sierra,091,2930,56,54,12,66,0
2021-05-03,Siskiyou,093,43540,1800,1683,315,1998,11
2021-05-03,Solano,095,438530,32299,32201,522,32723,249
2021-05-03,Sonoma,097,501317,29707,29855,322,30177,318
2021-05-03,Stanislaus,099,539301,55426,55116,5855,60971,774
2021-05-03,Sutter,101,95872,9341,9370,83,9453,111
2021-05-03,Tehama,103,63373,4982,4952,561,5513,53
2021-05-03,Trinity,105,12862,482,326,87,413,3
2021-05-03,Tulare,107,460477,49861,48844,8908,57752,835
2021-05-03,Tuolumne,109,53932,3987,4038,38,4076,61
2021-05-03,Ventura,111,848112,80960,80291,2966,83257,1005
2021-05-03,Yolo,113,214977,13851,13809,285,14094,208
2021-05-03,Yuba,115,75493,5926,5880,121,6001,44
2021-05-02,Alameda,001,1643700,86956,86784,1921,88705,1272
2021-05-02,Alpine,003,1148,87,88,0,88,0
2021-05-02,Amador,005,37829,3650,3650,33,3683,46
2021-05-02,Butte,007,227075,12238,11859,1774,13633,198
2021-05-02,Calaveras,009,45235,2103,2098,13,2111,50
2021-05-02,Colusa,011,21464,1928,1931,294,2225,14
2021-05-02,Contra Costa,013,1133247,68402,67843,1237,69080,800
2021-05-02,Del Norte,015,27424,1347,1305,11,1316,6
2021-05-02,El Dorado,017,186661,10068,9962,717,10679,110
2021-05-02,Fresno,019,978130,101880,101372,8603,109975,1678
2021-05-02,Glenn,021,27897,2396,2374,542,2916,17
2021-05-02,Humboldt,023,135768,3891,3858,31,3889,36
2021-05-02,Imperial,025,180216,28328,28275,2702,30977,721
2021-05-02,Inyo,027,18085,1399,1398,13,1411,36
2021-05-02,Kern,029,883053,96664,95668,10698,106366,1299
2021-05-02,Kings,031,150075,23044,22816,1079,23895,246
2021-05-02,Lake,033,64148,3472,3443,9,3452,43
2021-05-02,Lassen,035,31185,5175,5142,105,5247,1
2021-05-02,Los Angeles,037,10098052,1201195,1193056,41208,1234264,23943
2021-05-02,Madera,039,155013,16506,16410,923,17333,235
2021-05-02,Marin,041,260295,13984,13917,249,14166,228
2021-05-02,Mariposa,043,17540,422,419,11,430,5
2021-05-02,Mendocino,045,87422,3853,3787,79,3866,46
2021-05-02,Merced,047,269075,30704,30793,1042,31835,444
2021-05-02,Modoc,049,8938,370,360,121,481,3
2021-05-02,Mono,051,14174,1249,1259,17,1276,3
2021-05-02,Monterey,053,433212,42986,42837,1854,44691,380
2021-05-02,Napa,055,140530,9810,9805,36,9841,81
2021-05-02,Nevada,057,99092,4714,4635,187,4822,70
2021-05-02,Orange,059,3164182,254344,253025,11263,264288,4968
2021-05-02,Placer,061,380077,22785,22264,1430,23694,287
2021-05-02,Plumas,063,18699,691,675,10,685,4
2021-05-02,Riverside,065,2383286,292764,287197,13938,301135,4412
2021-05-02,Sacramento,067,1510023,103837,103153,1677,104830,1602
2021-05-02,San Benito,069,59416,6026,6037,114,6151,63
2021-05-02,San Bernardino,071,2135413,292126,290859,8947,299806,4655
2021-05-02,San Diego,073,3302833,278140,276521,14561,291082,3712
2021-05-02,San Francisco,075,870044,36353,36522,1271,37793,541
2021-05-02,San Joaquin,077,732212,72203,71447,3465,74912,1325
2021-05-02,San Luis Obispo,079,281455,21177,20910,718,21628,254
2021-05-02,San Mateo,081,765935,41986,41656,463,42119,412
2021-05-02,Santa Barbara,083,443738,34230,34106,1134,35240,453
2021-05-02,Santa Clara,085,1922200,117769,118321,750,119071,1988
2021-05-02,Santa Cruz,087,273765,16133,15995,812,16807,207
2021-05-02,Shasta,089,179085,11915,11885,1483,13368,197
2021-05-02,Sierra,091,2930,56,54,12,66,0
2021-05-02,Siskiyou,093,43540,1789,1661,314,1975,11
2021-05-02,Solano,095,438530,32260,32151,518,32669,249
2021-05-02,Sonoma,097,501317,29685,29842,322,30164,318
2021-05-02,Stanislaus,099,539301,55352,55057,5848,60905,774
2021-05-02,Sutter,101,95872,9335,9363,83,9446,111
2021-05-02,Tehama,103,63373,4977,4950,559,5509,53
2021-05-02,Trinity,105,12862,482,326,87,413,3
2021-05-02,Tulare,107,460477,49843,48834,8900,57734,835
2021-05-02,Tuolumne,109,53932,3984,4038,38,4076,61
2021-05-02,Ventura,111,848112,80922,80284,2965,83249,1005
2021-05-02,Yolo,113,214977,13839,13799,284,14083,208
2021-05-02,Yuba,115,75493,5916,5879,121,6000,44
2021-05-01,Alameda,001,1643700,86913,86704,1918,88622,1270
2021-05-01,Alpine,003,1148,87,88,0,88,0
2021-05-01,Amador,005,37829,3650,3650,33,3683,46
2021-05-01,Butte,007,227075,12224,11845,1769,13614,198
2021-05-01,Calaveras,009,45235,2101,2096,13,2109,50
2021-05-01,Colusa,011,21464,1927,1931,294,2225,14
2021-05-01,Contra Costa,013,1133247,68350,67779,1234,69013,800
2021-05-01,Del Norte,015,27424,1346,1292,11,1303,6
2021-05-01,El Dorado,017,186661,10054,9944,715,10659,110
2021-05-01,Fresno,019,978130,101835,101326,8597,109923,1678
2021-05-01,Glenn,021,27897,2393,2369,541,2910,17
2021-05-01,Humboldt,023,135768,3877,3845,31,3876,36
2021-05-01,Imperial,025,180216,28321,28262,2702,30964,721
2021-05-01,Inyo,027,18085,1399,1397,13,1410,36
2021-05-01,Kern,029,883053,96637,95645,10687,106332,1299
2021-05-01,Kings,031,150075,23041,22797,1078,23875,246
2021-05-01,Lake,033,64148,3470,3441,9,3450,43
2021-05-01,Lassen,035,31185,5173,5142,105,5247,1
2021-05-01,Los Angeles,037,10098052,1201026,1192781,41193,1233974,23946
2021-05-01,Madera,039,155013,16502,16408,923,17331,235
2021-05-01,Marin,041,260295,13977,13902,249,14151,228
2021-05-01,Mariposa,043,17540,422,418,11,429,5
2021-05-01,Mendocino,045,87422,3851,3782,79,3861,46
2021-05-01,Merced,047,269075,30687,30771,1041,31812,444
2021-05-01,Modoc,049,8938,370,361,121,482,3
2021-05-01,Mono,051,14174,1249,1258,17,1275,3
2021-05-01,Monterey,053,433212,42980,42828,1854,44682,379
2021-05-01,Napa,055,140530,9807,9800,36,9836,81
2021-05-01,Nevada,057,99092,4709,4625,187,4812,70
2021-05-01,Orange,059,3164182,254301,252969,11252,264221,4964
2021-05-01,Placer,061,380077,22759,22240,1428,23668,287
2021-05-01,Plumas,063,18699,690,675,10,685,4
2021-05-01,Riverside,065,2383286,292725,287129,13936,301065,4412
2021-05-01,Sacramento,067,1510023,103756,103043,1676,104719,1602
2021-05-01,San Benito,069,59416,6023,6030,114,6144,63
2021-05-01,San Bernardino,071,2135413,292083,290802,8945,299747,4652
2021-05-01,San Diego,073,3302833,278016,276367,14540,290907,3706
2021-05-01,San Francisco,075,870044,36338,36496,1271,37767,541
2021-05-01,San Joaquin,077,732212,72154,71389,3463,74852,1325
2021-05-01,San Luis Obispo,079,281455,21172,20896,718,21614,254
2021-05-01,San Mateo,081,765935,41957,41617,462,42079,411
2021-05-01,Santa Barbara,083,443738,34225,34085,1133,35218,453
2021-05-01,Santa Clara,085,1922200,117717,118265,748,119013,1988
2021-05-01,Santa Cruz,087,273765,16130,15984,812,16796,207
2021-05-01,Shasta,089,179085,11895,11878,1475,13353,197
2021-05-01,Sierra,091,2930,56,53,12,65,0
2021-05-01,Siskiyou,093,43540,1781,1653,313,1966,11
2021-05-01,Solano,095,438530,32230,32124,510,32634,249
2021-05-01,Sonoma,097,501317,29682,29835,322,30157,318
2021-05-01,Stanislaus,099,539301,55317,55005,5842,60847,774
2021-05-01,Sutter,101,95872,9332,9358,83,9441,110
2021-05-01,Tehama,103,63373,4976,4950,558,5508,53
2021-05-01,Trinity,105,12862,482,326,86,412,3
2021-05-01,Tulare,107,460477,49836,48818,8894,57712,835
2021-05-01,Tuolumne,109,53932,3978,4035,38,4073,61
2021-05-01,Ventura,111,848112,80904,80268,2965,83233,1005
2021-05-01,Yolo,113,214977,13832,13784,282,14066,208
2021-05-01,Yuba,115,75493,5914,5875,121,5996,44
2021-04-30,Alameda,001,1643700,86852,86602,1915,88517,1268
2021-04-30,Alpine,003,1148,87,88,0,88,0
2021-04-30,Amador,005,37829,3648,3650,33,3683,46
2021-04-30,Butte,007,227075,12205,11812,1765,13577,197
2021-04-30,Calaveras,009,45235,2100,2087,13,2100,50
2021-04-30,Colusa,011,21464,1927,1931,293,2224,14
2021-04-30,Contra Costa,013,1133247,68302,67684,1231,68915,800
2021-04-30,Del Norte,015,27424,1334,1276,11,1287,6
2021-04-30,El Dorado,017,186661,10040,9906,715,10621,110
2021-04-30,Fresno,019,978130,101789,101263,8593,109856,1670
2021-04-30,Glenn,021,27897,2392,2369,541,2910,17
2021-04-30,Humboldt,023,135768,3864,3834,31,3865,36
2021-04-30,Imperial,025,180216,28312,28244,2699,30943,721
2021-04-30,Inyo,027,18085,1399,1397,13,1410,36
2021-04-30,Kern,029,883053,96620,95605,10683,106288,1298
2021-04-30,Kings,031,150075,23038,22793,1077,23870,246
2021-04-30,Lake,033,64148,3466,3440,9,3449,43
2021-04-30,Lassen,035,31185,5172,5140,105,5245,1
2021-04-30,Los Angeles,037,10098052,1200815,1192393,41180,1233573,23919
2021-04-30,Madera,039,155013,16496,16395,923,17318,235
2021-04-30,Marin,041,260295,13969,13895,247,14142,228
2021-04-30,Mariposa,043,17540,422,417,11,428,5
2021-04-30,Mendocino,045,87422,3847,3777,79,3856,46
2021-04-30,Merced,047,269075,30674,30740,1040,31780,444
2021-04-30,Modoc,049,8938,369,360,121,481,3
2021-04-30,Mono,051,14174,1249,1258,17,1275,3
2021-04-30,Monterey,053,433212,42966,42810,1853,44663,379
2021-04-30,Napa,055,140530,9803,9792,36,9828,81
2021-04-30,Nevada,057,99092,4701,4608,187,4795,70
2021-04-30,Orange,059,3164182,254244,252883,11246,264129,4956
2021-04-30,Placer,061,380077,22740,22190,1424,23614,287
2021-04-30,Plumas,063,18699,690,677,10,687,4
2021-04-30,Riverside,065,2383286,292667,287030,13929,300959,4412
2021-04-30,Sacramento,067,1510023,103655,102864,1672,104536,1596
2021-04-30,San Benito,069,59416,6019,6024,113,6137,63
2021-04-30,San Bernardino,071,2135413,292022,290704,8944,299648,4640
2021-04-30,San Diego,073,3302833,277920,276157,14529,290686,3702
2021-04-30,San Francisco,075,870044,36327,36453,1270,37723,538
2021-04-30,San Joaquin,077,732212,72102,71311,3460,74771,1306
2021-04-30,San Luis Obispo,079,281455,21166,20884,718,21602,255
2021-04-30,San Mateo,081,765935,41943,41583,461,42044,380
2021-04-30,Santa Barbara,083,443738,34212,34061,1133,35194,451
2021-04-30,Santa Clara,085,1922200,117659,118170,744,118914,1988
2021-04-30,Santa Cruz,087,273765,16125,15975,812,16787,207
2021-04-30,Shasta,089,179085,11874,11848,1472,13320,197
2021-04-30,Sierra,091,2930,56,53,12,65,0
2021-04-30,Siskiyou,093,43540,1770,1628,310,1938,11
2021-04-30,Solano,095,438530,32198,32050,507,32557,249
2021-04-30,Sonoma,097,501317,29672,29816,320,30136,318
2021-04-30,Stanislaus,099,539301,55266,54938,5839,60777,774
2021-04-30,Sutter,101,95872,9330,9353,83,9436,110
2021-04-30,Tehama,103,63373,4973,4944,558,5502,53
2021-04-30,Trinity,105,12862,482,326,86,412,3
2021-04-30,Tulare,107,460477,49826,48797,8878,57675,836
2021-04-30,Tuolumne,109,53932,3977,4033,38,4071,61
2021-04-30,Ventura,111,848112,80864,80232,2960,83192,1004
2021-04-30,Yolo,113,214977,13820,13756,282,14038,208
2021-04-30,Yuba,115,75493,5906,5870,121,5991,44
2021-04-29,Alameda,001,1643700,86786,86490,1914,88404,1263
2021-04-29,Alpine,003,1148,87,88,0,88,0
2021-04-29,Amador,005,37829,3648,3649,33,3682,46
2021-04-29,Butte,007,227075,12190,11787,1763,13550,196
2021-04-29,Calaveras,009,45235,2097,2082,13,2095,50
2021-04-29,Colusa,011,21464,1927,1929,293,2222,14
2021-04-29,Contra Costa,013,1133247,68247,67606,1228,68834,795
2021-04-29,Del Norte,015,27424,1330,1271,11,1282,6
2021-04-29,El Dorado,017,186661,10020,9884,712,10596,107
2021-04-29,Fresno,019,978130,101735,101189,8582,109771,1667
2021-04-29,Glenn,021,27897,2389,2369,541,2910,17
2021-04-29,Humboldt,023,135768,3850,3815,31,3846,36
2021-04-29,Imperial,025,180216,28300,28235,2698,30933,720
2021-04-29,Inyo,027,18085,1399,1396,13,1409,36
2021-04-29,Kern,029,883053,96587,95547,10679,106226,1295
2021-04-29,Kings,031,150075,23028,22777,1072,23849,245
2021-04-29,Lake,033,64148,3458,3438,9,3447,43
2021-04-29,Lassen,035,31185,5172,5140,105,5245,1
2021-04-29,Los Angeles,037,10098052,1200537,1192068,41160,1233228,23899
2021-04-29,Madera,039,155013,16491,16383,922,17305,235
2021-04-29,Marin,041,260295,13965,13884,239,14123,228
2021-04-29,Mariposa,043,17540,421,416,11,427,5
2021-04-29,Mendocino,045,87422,3841,3774,79,3853,46
2021-04-29,Merced,047,269075,30655,30706,1039,31745,444
2021-04-29,Modoc,049,8938,369,360,121,481,3
2021-04-29,Mono,051,14174,1246,1259,17,1276,3
2021-04-29,Monterey,053,433212,42949,42797,1852,44649,379
2021-04-29,Napa,055,140530,9789,9789,36,9825,81
2021-04-29,Nevada,057,99092,4690,4590,187,4777,70
2021-04-29,Orange,059,3164182,254174,252823,11231,264054,4934
2021-04-29,Placer,061,380077,22715,22161,1422,23583,286
2021-04-29,Plumas,063,18699,689,676,10,686,4
2021-04-29,Riverside,065,2383286,292599,286947,13926,300873,4409
2021-04-29,Sacramento,067,1510023,103522,102686,1662,104348,1593
2021-04-29,San Benito,069,59416,6018,6023,113,6136,63
2021-04-29,San Bernardino,071,2135413,291950,290606,8939,299545,4609
2021-04-29,San Diego,073,3302833,277769,275961,14512,290473,3700
2021-04-29,San Francisco,075,870044,36301,36412,1270,37682,537
2021-04-29,San Joaquin,077,732212,72036,71225,3455,74680,1301
2021-04-29,San Luis Obispo,079,281455,21155,20876,718,21594,255
2021-04-29,San Mateo,081,765935,41915,41538,460,41998,358
2021-04-29,Santa Barbara,083,443738,34196,34039,1131,35170,448
2021-04-29,Santa Clara,085,1922200,117604,118082,741,118823,1984
2021-04-29,Santa Cruz,087,273765,16119,15961,812,16773,205
2021-04-29,Shasta,089,179085,11843,11836,1464,13300,193
2021-04-29,Sierra,091,2930,56,53,12,65,0
2021-04-29,Siskiyou,093,43540,1761,1615,307,1922,11
2021-04-29,Solano,095,438530,32157,32002,503,32505,248
2021-04-29,Sonoma,097,501317,29657,29785,317,30102,318
2021-04-29,Stanislaus,099,539301,55199,54836,5834,60670,774
2021-04-29,Sutter,101,95872,9323,9346,83,9429,110
2021-04-29,Tehama,103,63373,4965,4939,558,5497,53
2021-04-29,Trinity,105,12862,482,326,86,412,3
2021-04-29,Tulare,107,460477,49808,48785,8866,57651,832
2021-04-29,Tuolumne,109,53932,3976,4030,38,4068,58
2021-04-29,Ventura,111,848112,80830,80188,2958,83146,1002
2021-04-29,Yolo,113,214977,13800,13745,281,14026,205
2021-04-29,Yuba,115,75493,5896,5865,121,5986,44
2021-04-28,Alameda,001,1643700,86714,86390,1910,88300,1260
2021-04-28,Alpine,003,1148,87,88,0,88,0
2021-04-28,Amador,005,37829,3648,3646,33,3679,46
2021-04-28,Butte,007,227075,12170,11762,1758,13520,196
2021-04-28,Calaveras,009,45235,2093,2078,12,2090,50
2021-04-28,Colusa,011,21464,1924,1927,292,2219,14
2021-04-28,Contra Costa,013,1133247,68187,67539,1226,68765,795
2021-04-28,Del Norte,015,27424,1322,1267,11,1278,6
2021-04-28,El Dorado,017,186661,9995,9873,712,10585,107
2021-04-28,Fresno,019,978130,101688,101161,8572,109733,1666
2021-04-28,Glenn,021,27897,2386,2368,541,2909,17
2021-04-28,Humboldt,023,135768,3834,3796,31,3827,36
2021-04-28,Imperial,025,180216,28286,28177,2697,30874,720
2021-04-28,Inyo,027,18085,1399,1396,12,1408,36
2021-04-28,Kern,029,883053,96558,95494,10670,106164,1295
2021-04-28,Kings,031,150075,23016,22767,1070,23837,245
2021-04-28,Lake,033,64148,3455,3433,9,3442,43
2021-04-28,Lassen,035,31185,5172,5138,105,5243,1
2021-04-28,Los Angeles,037,10098052,1200238,1191729,41133,1232862,23858
2021-04-28,Madera,039,155013,16487,16372,922,17294,235
2021-04-28,Marin,041,260295,13954,13866,239,14105,227
2021-04-28,Mariposa,043,17540,418,415,11,426,5
2021-04-28,Mendocino,045,87422,3835,3770,77,3847,46
2021-04-28,Merced,047,269075,30637,30649,1039,31688,443
2021-04-28,Modoc,049,8938,369,360,121,481,3
2021-04-28,Mono,051,14174,1246,1258,17,1275,3
2021-04-28,Monterey,053,433212,42944,42776,1852,44628,379
2021-04-28,Napa,055,140530,9778,9777,36,9813,81
2021-04-28,Nevada,057,99092,4670,4570,187,4757,70
2021-04-28,Orange,059,3164182,254094,252747,11218,263965,4931
2021-04-28,Placer,061,380077,22688,22115,1421,23536,285
2021-04-28,Plumas,063,18699,689,676,10,686,4
2021-04-28,Riverside,065,2383286,292543,286868,13920,300788,4407
2021-04-28,Sacramento,067,1510023,103400,102613,1658,104271,1591
2021-04-28,San Benito,069,59416,6016,6021,113,6134,63
2021-04-28,San Bernardino,071,2135413,291870,290548,8929,299477,4582
2021-04-28,San Diego,073,3302833,277615,275821,14498,290319,3698
2021-04-28,San Francisco,075,870044,36271,36382,1269,37651,534
2021-04-28,San Joaquin,077,732212,71956,71171,3447,74618,1301
2021-04-28,San Luis Obispo,079,281455,21147,20851,718,21569,255
2021-04-28,San Mateo,081,765935,41890,41498,458,41956,358
2021-04-28,Santa Barbara,083,443738,34182,34003,1131,35134,448
2021-04-28,Santa Clara,085,1922200,117535,117997,739,118736,1969
2021-04-28,Santa Cruz,087,273765,16115,15943,811,16754,205
2021-04-28,Shasta,089,179085,11827,11815,1457,13272,192
2021-04-28,Sierra,091,2930,56,51,12,63,0
2021-04-28,Siskiyou,093,43540,1748,1603,304,1907,11
2021-04-28,Solano,095,438530,32125,31982,498,32480,248
2021-04-28,Sonoma,097,501317,29643,29773,313,30086,318
2021-04-28,Stanislaus,099,539301,55144,54745,5831,60576,774
2021-04-28,Sutter,101,95872,9318,9343,83,9426,110
2021-04-28,Tehama,103,63373,4960,4930,557,5487,53
2021-04-28,Trinity,105,12862,482,326,86,412,3
2021-04-28,Tulare,107,460477,49790,48754,8851,57605,832
2021-04-28,Tuolumne,109,53932,3973,4029,38,4067,58
2021-04-28,Ventura,111,848112,80795,80172,2956,83128,1000
2021-04-28,Yolo,113,214977,13786,13721,280,14001,205
2021-04-28,Yuba,115,75493,5890,5857,121,5978,44
2021-04-27,Alameda,001,1643700,86624,86301,1904,88205,1260
2021-04-27,Alpine,003,1148,87,88,0,88,0
2021-04-27,Amador,005,37829,3648,3645,33,3678,46
2021-04-27,Butte,007,227075,12145,11738,1752,13490,196
2021-04-27,Calaveras,009,45235,2091,2076,12,2088,50
2021-04-27,Colusa,011,21464,1923,1926,292,2218,14
2021-04-27,Contra Costa,013,1133247,68118,67470,1222,68692,791
2021-04-27,Del Norte,015,27424,1310,1266,11,1277,6
2021-04-27,El Dorado,017,186661,9966,9866,709,10575,106
2021-04-27,Fresno,019,978130,101623,101138,8562,109700,1663
2021-04-27,Glenn,021,27897,2386,2368,541,2909,17
2021-04-27,Humboldt,023,135768,3822,3780,31,3811,35
2021-04-27,Imperial,025,180216,28270,28149,2691,30840,720
2021-04-27,Inyo,027,18085,1399,1396,12,1408,36
2021-04-27,Kern,029,883053,96501,95466,10659,106125,1295
2021-04-27,Kings,031,150075,23001,22759,1068,23827,244
2021-04-27,Lake,033,64148,3454,3431,9,3440,43
2021-04-27,Lassen,035,31185,5172,5137,105,5242,1
2021-04-27,Los Angeles,037,10098052,1199914,1191504,41103,1232607,23825
2021-04-27,Madera,039,155013,16480,16365,922,17287,235
2021-04-27,Marin,041,260295,13932,13855,239,14094,227
2021-04-27,Mariposa,043,17540,417,413,11,424,5
2021-04-27,Mendocino,045,87422,3831,3765,77,3842,46
2021-04-27,Merced,047,269075,30596,30620,1039,31659,443
2021-04-27,Modoc,049,8938,368,360,121,481,3
2021-04-27,Mono,051,14174,1246,1257,17,1274,3
2021-04-27,Monterey,053,433212,42926,42752,1849,44601,379
2021-04-27,Napa,055,140530,9771,9774,34,9808,81
2021-04-27,Nevada,057,99092,4655,4557,187,4744,70
2021-04-27,Orange,059,3164182,254024,252667,11213,263880,4925
2021-04-27,Placer,061,380077,22659,22050,1417,23467,285
2021-04-27,Plumas,063,18699,688,675,10,685,4
2021-04-27,Riverside,065,2383286,292467,286820,13916,300736,4405
2021-04-27,Sacramento,067,1510023,103271,102595,1648,104243,1589
2021-04-27,San Benito,069,59416,6011,6016,113,6129,63
2021-04-27,San Bernardino,071,2135413,291802,290461,8924,299385,4575
2021-04-27,San Diego,073,3302833,277458,275685,14478,290163,3692
2021-04-27,San Francisco,075,870044,36243,36358,1268,37626,533
2021-04-27,San Joaquin,077,732212,71903,71104,3441,74545,1301
2021-04-27,San Luis Obispo,079,281455,21140,20841,718,21559,255
2021-04-27,San Mateo,081,765935,41855,41474,457,41931,358
2021-04-27,Santa Barbara,083,443738,34158,33973,1130,35103,448
2021-04-27,Santa Clara,085,1922200,117485,117945,738,118683,1969
2021-04-27,Santa Cruz,087,273765,16108,15905,810,16715,205
2021-04-27,Shasta,089,179085,11799,11802,1450,13252,192
2021-04-27,Sierra,091,2930,56,51,12,63,0
2021-04-27,Siskiyou,093,43540,1733,1597,303,1900,11
2021-04-27,Solano,095,438530,32077,31964,497,32461,248
2021-04-27,Sonoma,097,501317,29625,29761,312,30073,318
2021-04-27,Stanislaus,099,539301,55074,54695,5823,60518,752
2021-04-27,Sutter,101,95872,9313,9342,83,9425,110
2021-04-27,Tehama,103,63373,4957,4922,553,5475,53
2021-04-27,Trinity,105,12862,482,326,86,412,3
2021-04-27,Tulare,107,460477,49774,48744,8842,57586,832
2021-04-27,Tuolumne,109,53932,3970,4028,38,4066,58
2021-04-27,Ventura,111,848112,80766,80152,2954,83106,1000
2021-04-27,Yolo,113,214977,13773,13697,278,13975,205
2021-04-27,Yuba,115,75493,5890,5853,121,5974,44
2021-04-26,Alameda,001,1643700,86530,86230,1901,88131,1256
2021-04-26,Alpine,003,1148,87,88,0,88,0
2021-04-26,Amador,005,37829,3647,3645,33,3678,46
2021-04-26,Butte,007,227075,12121,11720,1748,13468,196
2021-04-26,Calaveras,009,45235,2085,2074,12,2086,50
2021-04-26,Colusa,011,21464,1923,1925,291,2216,14
2021-04-26,Contra Costa,013,1133247,68051,67392,1218,68610,789
2021-04-26,Del Norte,015,27424,1301,1263,11,1274,6
2021-04-26,El Dorado,017,186661,9945,9849,708,10557,106
2021-04-26,Fresno,019,978130,101568,101099,8548,109647,1662
2021-04-26,Glenn,021,27897,2384,2367,541,2908,17
2021-04-26,Humboldt,023,135768,3812,3764,30,3794,35
2021-04-26,Imperial,025,180216,28257,28148,2688,30836,720
2021-04-26,Inyo,027,18085,1398,1396,12,1408,36
2021-04-26,Kern,029,883053,96474,95429,10653,106082,1295
2021-04-26,Kings,031,150075,22998,22756,1065,23821,244
2021-04-26,Lake,033,64148,3449,3428,9,3437,43
2021-04-26,Lassen,035,31185,5172,5138,105,5243,1
2021-04-26,Los Angeles,037,10098052,1199584,1191253,41084,1232337,23802
2021-04-26,Madera,039,155013,16468,16353,921,17274,231
2021-04-26,Marin,041,260295,13917,13849,239,14088,227
2021-04-26,Mariposa,043,17540,416,410,11,421,5
2021-04-26,Mendocino,045,87422,3829,3757,76,3833,46
2021-04-26,Merced,047,269075,30579,30611,1036,31647,443
2021-04-26,Modoc,049,8938,368,360,121,481,3
2021-04-26,Mono,051,14174,1246,1258,17,1275,3
2021-04-26,Monterey,053,433212,42910,42740,1848,44588,379
2021-04-26,Napa,055,140530,9759,9769,34,9803,79
2021-04-26,Nevada,057,99092,4634,4548,187,4735,70
2021-04-26,Orange,059,3164182,253940,252592,11202,263794,4919
2021-04-26,Placer,061,380077,22631,22032,1412,23444,285
2021-04-26,Plumas,063,18699,688,670,10,680,4
2021-04-26,Riverside,065,2383286,292405,286724,13908,300632,4401
2021-04-26,Sacramento,067,1510023,103099,102459,1635,104094,1587
2021-04-26,San Benito,069,59416,6009,6013,113,6126,63
2021-04-26,San Bernardino,071,2135413,291751,290394,8923,299317,4572
2021-04-26,San Diego,073,3302833,277283,275541,14450,289991,3692
2021-04-26,San Francisco,075,870044,36215,36330,1267,37597,532
2021-04-26,San Joaquin,077,732212,71837,71050,3433,74483,1301
2021-04-26,San Luis Obispo,079,281455,21132,20830,717,21547,255
2021-04-26,San Mateo,081,765935,41825,41457,457,41914,357
2021-04-26,Santa Barbara,083,443738,34127,33948,1130,35078,448
2021-04-26,Santa Clara,085,1922200,117385,117874,735,118609,1968
2021-04-26,Santa Cruz,087,273765,16099,15877,810,16687,205
2021-04-26,Shasta,089,179085,11782,11787,1444,13231,192
2021-04-26,Sierra,091,2930,55,51,12,63,0
2021-04-26,Siskiyou,093,43540,1723,1592,300,1892,11
2021-04-26,Solano,095,438530,32032,31913,495,32408,247
2021-04-26,Sonoma,097,501317,29602,29755,310,30065,318
2021-04-26,Stanislaus,099,539301,54984,54638,5817,60455,744
2021-04-26,Sutter,101,95872,9308,9328,83,9411,110
2021-04-26,Tehama,103,63373,4952,4920,550,5470,53
2021-04-26,Trinity,105,12862,482,326,86,412,3
2021-04-26,Tulare,107,460477,49754,48735,8833,57568,831
2021-04-26,Tuolumne,109,53932,3969,4024,38,4062,58
2021-04-26,Ventura,111,848112,80741,80137,2951,83088,999
2021-04-26,Yolo,113,214977,13753,13684,275,13959,205
2021-04-26,Yuba,115,75493,5888,5851,121,5972,44
2021-04-25,Alameda,001,1643700,86428,86162,1894,88056,1256
2021-04-25,Alpine,003,1148,87,87,0,87,0
2021-04-25,Amador,005,37829,3646,3643,33,3676,46
2021-04-25,Butte,007,227075,12092,11709,1741,13450,196
2021-04-25,Calaveras,009,45235,2080,2072,11,2083,50
2021-04-25,Colusa,011,21464,1922,1924,291,2215,14
2021-04-25,Contra Costa,013,1133247,67959,67316,1217,68533,789
2021-04-25,Del Norte,015,27424,1295,1259,11,1270,6
2021-04-25,El Dorado,017,186661,9929,9837,706,10543,106
2021-04-25,Fresno,019,978130,101509,101061,8536,109597,1662
2021-04-25,Glenn,021,27897,2384,2366,541,2907,17
2021-04-25,Humboldt,023,135768,3799,3751,30,3781,35
2021-04-25,Imperial,025,180216,28231,28136,2685,30821,720
2021-04-25,Inyo,027,18085,1398,1396,12,1408,36
2021-04-25,Kern,029,883053,96408,95398,10640,106038,1295
2021-04-25,Kings,031,150075,22984,22755,1063,23818,244
2021-04-25,Lake,033,64148,3447,3427,9,3436,43
2021-04-25,Lassen,035,31185,5170,5138,105,5243,1
2021-04-25,Los Angeles,037,10098052,1199248,1190970,41064,1232034,23799
2021-04-25,Madera,039,155013,16456,16346,921,17267,231
2021-04-25,Marin,041,260295,13908,13852,239,14091,227
2021-04-25,Mariposa,043,17540,416,410,11,421,5
2021-04-25,Mendocino,045,87422,3822,3757,76,3833,46
2021-04-25,Merced,047,269075,30545,30586,1035,31621,443
2021-04-25,Modoc,049,8938,368,360,121,481,3
2021-04-25,Mono,051,14174,1246,1257,17,1274,3
2021-04-25,Monterey,053,433212,42897,42737,1846,44583,379
2021-04-25,Napa,055,140530,9754,9762,34,9796,79
2021-04-25,Nevada,057,99092,4622,4536,187,4723,70
2021-04-25,Orange,059,3164182,253864,252531,11195,263726,4919
2021-04-25,Placer,061,380077,22585,22011,1404,23415,285
2021-04-25,Plumas,063,18699,687,670,10,680,4
2021-04-25,Riverside,065,2383286,292311,286651,13902,300553,4401
2021-04-25,Sacramento,067,1510023,102931,102319,1625,103944,1587
2021-04-25,San Benito,069,59416,6007,6014,112,6126,63
2021-04-25,San Bernardino,071,2135413,291676,290357,8915,299272,4571
2021-04-25,San Diego,073,3302833,277070,275412,14417,289829,3692
2021-04-25,San Francisco,075,870044,36184,36310,1267,37577,532
2021-04-25,San Joaquin,077,732212,71742,70987,3423,74410,1301
2021-04-25,San Luis Obispo,079,281455,21113,20820,715,21535,255
2021-04-25,San Mateo,081,765935,41790,41465,456,41921,356
2021-04-25,Santa Barbara,083,443738,34101,33931,1130,35061,448
2021-04-25,Santa Clara,085,1922200,117306,117778,733,118511,1968
2021-04-25,Santa Cruz,087,273765,16093,15868,808,16676,205
2021-04-25,Shasta,089,179085,11759,11784,1439,13223,192
2021-04-25,Sierra,091,2930,55,51,12,63,0
2021-04-25,Siskiyou,093,43540,1712,1580,298,1878,11
2021-04-25,Solano,095,438530,31985,31864,487,32351,247
2021-04-25,Sonoma,097,501317,29584,29756,310,30066,318
2021-04-25,Stanislaus,099,539301,54888,54543,5809,60352,744
2021-04-25,Sutter,101,95872,9302,9326,83,9409,110
2021-04-25,Tehama,103,63373,4948,4916,548,5464,53
2021-04-25,Trinity,105,12862,482,326,86,412,3
2021-04-25,Tulare,107,460477,49738,48728,8819,57547,831
2021-04-25,Tuolumne,109,53932,3967,4022,38,4060,58
2021-04-25,Ventura,111,848112,80717,80110,2951,83061,999
2021-04-25,Yolo,113,214977,13728,13667,273,13940,205
2021-04-25,Yuba,115,75493,5885,5849,120,5969,44
2021-04-24,Alameda,001,1643700,86374,86016,1892,87908,1257
2021-04-24,Alpine,003,1148,87,86,0,86,0
2021-04-24,Amador,005,37829,3645,3640,33,3673,46
2021-04-24,Butte,007,227075,12076,11678,1739,13417,196
2021-04-24,Calaveras,009,45235,2076,2067,11,2078,50
2021-04-24,Colusa,011,21464,1921,1921,291,2212,14
2021-04-24,Contra Costa,013,1133247,67889,67222,1215,68437,789
2021-04-24,Del Norte,015,27424,1290,1255,11,1266,6
2021-04-24,El Dorado,017,186661,9918,9814,705,10519,106
2021-04-24,Fresno,019,978130,101478,100991,8530,109521,1662
2021-04-24,Glenn,021,27897,2384,2363,541,2904,17
2021-04-24,Humboldt,023,135768,3785,3722,30,3752,35
2021-04-24,Imperial,025,180216,28224,28124,2684,30808,720
2021-04-24,Inyo,027,18085,1397,1396,12,1408,36
2021-04-24,Kern,029,883053,96389,95365,10630,105995,1295
2021-04-24,Kings,031,150075,22981,22749,1063,23812,244
2021-04-24,Lake,033,64148,3446,3426,9,3435,43
2021-04-24,Lassen,035,31185,5169,5137,105,5242,1
2021-04-24,Los Angeles,037,10098052,1199019,1190603,41048,1231651,23802
2021-04-24,Madera,039,155013,16453,16338,921,17259,231
2021-04-24,Marin,041,260295,13900,13847,239,14086,227
2021-04-24,Mariposa,043,17540,416,409,11,420,5
2021-04-24,Mendocino,045,87422,3820,3754,74,3828,46
2021-04-24,Merced,047,269075,30525,30559,1035,31594,443
2021-04-24,Modoc,049,8938,368,360,121,481,3
2021-04-24,Mono,051,14174,1246,1256,17,1273,3
2021-04-24,Monterey,053,433212,42885,42727,1845,44572,379
2021-04-24,Napa,055,140530,9748,9756,34,9790,79
2021-04-24,Nevada,057,99092,4615,4522,187,4709,70
2021-04-24,Orange,059,3164182,253820,252441,11189,263630,4910
2021-04-24,Placer,061,380077,22572,21983,1403,23386,285
2021-04-24,Plumas,063,18699,686,670,10,680,4
2021-04-24,Riverside,065,2383286,292243,286552,13898,300450,4400
2021-04-24,Sacramento,067,1510023,102848,102179,1618,103797,1587
2021-04-24,San Benito,069,59416,6005,6007,112,6119,63
2021-04-24,San Bernardino,071,2135413,291627,290264,8914,299178,4568
2021-04-24,San Diego,073,3302833,276966,275252,14397,289649,3688
2021-04-24,San Francisco,075,870044,36155,36285,1263,37548,532
2021-04-24,San Joaquin,077,732212,71699,70911,3420,74331,1301
2021-04-24,San Luis Obispo,079,281455,21103,20797,714,21511,255
2021-04-24,San Mateo,081,765935,41777,41424,454,41878,355
2021-04-24,Santa Barbara,083,443738,34086,33911,1129,35040,448
2021-04-24,Santa Clara,085,1922200,117251,117674,731,118405,1968
2021-04-24,Santa Cruz,087,273765,16085,15840,808,16648,205
2021-04-24,Shasta,089,179085,11741,11770,1436,13206,192
2021-04-24,Sierra,091,2930,55,51,12,63,0
2021-04-24,Siskiyou,093,43540,1702,1574,297,1871,11
2021-04-24,Solano,095,438530,31962,31821,484,32305,247
2021-04-24,Sonoma,097,501317,29582,29739,310,30049,318
2021-04-24,Stanislaus,099,539301,54839,54455,5806,60261,744
2021-04-24,Sutter,101,95872,9299,9316,83,9399,110
2021-04-24,Tehama,103,63373,4943,4907,548,5455,53
2021-04-24,Trinity,105,12862,482,326,86,412,3
2021-04-24,Tulare,107,460477,49727,48705,8809,57514,830
2021-04-24,Tuolumne,109,53932,3963,4020,38,4058,58
2021-04-24,Ventura,111,848112,80704,80097,2949,83046,999
2021-04-24,Yolo,113,214977,13717,13653,273,13926,205
2021-04-24,Yuba,115,75493,5883,5837,120,5957,44
2021-04-23,Alameda,001,1643700,86300,85935,1889,87824,1256
2021-04-23,Alpine,003,1148,86,86,0,86,0
2021-04-23,Amador,005,37829,3644,3637,33,3670,46
2021-04-23,Butte,007,227075,12055,11672,1734,13406,196
2021-04-23,Calaveras,009,45235,2073,2064,11,2075,50
2021-04-23,Colusa,011,21464,1920,1921,291,2212,14
2021-04-23,Contra Costa,013,1133247,67835,67164,1213,68377,785
2021-04-23,Del Norte,015,27424,1289,1254,11,1265,6
2021-04-23,El Dorado,017,186661,9901,9788,702,10490,106
2021-04-23,Fresno,019,978130,101437,100928,8524,109452,1662
2021-04-23,Glenn,021,27897,2384,2361,540,2901,17
2021-04-23,Humboldt,023,135768,3775,3698,30,3728,35
2021-04-23,Imperial,025,180216,28209,28108,2683,30791,720
2021-04-23,Inyo,027,18085,1397,1395,12,1407,36
2021-04-23,Kern,029,883053,96364,95330,10624,105954,1295
2021-04-23,Kings,031,150075,22978,22735,1063,23798,244
2021-04-23,Lake,033,64148,3444,3425,9,3434,43
2021-04-23,Lassen,035,31185,5169,5141,105,5246,1
2021-04-23,Los Angeles,037,10098052,1198754,1190264,41023,1231287,23785
2021-04-23,Madera,039,155013,16444,16328,921,17249,231
2021-04-23,Marin,041,260295,13895,13838,239,14077,227
2021-04-23,Mariposa,043,17540,415,405,11,416,5
2021-04-23,Mendocino,045,87422,3818,3745,73,3818,46
2021-04-23,Merced,047,269075,30508,30530,1034,31564,443
2021-04-23,Modoc,049,8938,368,360,121,481,3
2021-04-23,Mono,051,14174,1244,1256,17,1273,3
2021-04-23,Monterey,053,433212,42879,42722,1845,44567,377
2021-04-23,Napa,055,140530,9743,9752,34,9786,79
2021-04-23,Nevada,057,99092,4606,4510,187,4697,70
2021-04-23,Orange,059,3164182,253776,252399,11182,263581,4904
2021-04-23,Placer,061,380077,22549,21959,1402,23361,282
2021-04-23,Plumas,063,18699,685,670,10,680,4
2021-04-23,Riverside,065,2383286,292184,286456,13893,300349,4399
2021-04-23,Sacramento,067,1510023,102761,102041,1615,103656,1586
2021-04-23,San Benito,069,59416,6003,6005,112,6117,63
2021-04-23,San Bernardino,071,2135413,291576,290189,8913,299102,4568
2021-04-23,San Diego,073,3302833,276828,275097,14374,289471,3684
2021-04-23,San Francisco,075,870044,36139,36252,1262,37514,532
2021-04-23,San Joaquin,077,732212,71643,70840,3417,74257,1295
2021-04-23,San Luis Obispo,079,281455,21094,20781,713,21494,255
2021-04-23,San Mateo,081,765935,41751,41386,454,41840,355
2021-04-23,Santa Barbara,083,443738,34076,33895,1127,35022,447
2021-04-23,Santa Clara,085,1922200,117189,117593,730,118323,1965
2021-04-23,Santa Cruz,087,273765,16078,15802,808,16610,205
2021-04-23,Shasta,089,179085,11734,11759,1435,13194,192
2021-04-23,Sierra,091,2930,55,51,12,63,0
2021-04-23,Siskiyou,093,43540,1690,1567,296,1863,11
2021-04-23,Solano,095,438530,31930,31784,480,32264,247
2021-04-23,Sonoma,097,501317,29568,29727,310,30037,318
2021-04-23,Stanislaus,099,539301,54777,54391,5798,60189,744
2021-04-23,Sutter,101,95872,9297,9312,83,9395,110
2021-04-23,Tehama,103,63373,4940,4906,548,5454,53
2021-04-23,Trinity,105,12862,482,326,86,412,3
2021-04-23,Tulare,107,460477,49710,48694,8801,57495,829
2021-04-23,Tuolumne,109,53932,3962,4020,38,4058,58
2021-04-23,Ventura,111,848112,80685,80095,2949,83044,996
2021-04-23,Yolo,113,214977,13706,13647,272,13919,205
2021-04-23,Yuba,115,75493,5880,5828,120,5948,44
2021-04-22,Alameda,001,1643700,86210,85829,1888,87717,1253
2021-04-22,Alpine,003,1148,86,86,0,86,0
2021-04-22,Amador,005,37829,3643,3633,33,3666,46
2021-04-22,Butte,007,227075,12041,11656,1731,13387,196
2021-04-22,Calaveras,009,45235,2071,2059,11,2070,50
2021-04-22,Colusa,011,21464,1918,1920,289,2209,14
2021-04-22,Contra Costa,013,1133247,67763,67029,1208,68237,782
2021-04-22,Del Norte,015,27424,1284,1252,11,1263,6
2021-04-22,El Dorado,017,186661,9890,9773,699,10472,106
2021-04-22,Fresno,019,978130,101392,100864,8513,109377,1657
2021-04-22,Glenn,021,27897,2383,2361,540,2901,17
2021-04-22,Humboldt,023,135768,3766,3680,30,3710,35
2021-04-22,Imperial,025,180216,28188,28096,2680,30776,720
2021-04-22,Inyo,027,18085,1396,1394,12,1406,36
2021-04-22,Kern,029,883053,96321,95292,10608,105900,1299
2021-04-22,Kings,031,150075,22968,22725,1063,23788,243
2021-04-22,Lake,033,64148,3442,3423,9,3432,43
2021-04-22,Lassen,035,31185,5169,5155,105,5260,1
2021-04-22,Los Angeles,037,10098052,1198433,1189878,41002,1230880,23762
2021-04-22,Madera,039,155013,16425,16316,921,17237,231
2021-04-22,Marin,041,260295,13887,13832,239,14071,227
2021-04-22,Mariposa,043,17540,414,403,11,414,5
2021-04-22,Mendocino,045,87422,3812,3729,73,3802,46
2021-04-22,Merced,047,269075,30473,30490,1033,31523,443
2021-04-22,Modoc,049,8938,368,360,121,481,3
2021-04-22,Mono,051,14174,1244,1254,17,1271,3
2021-04-22,Monterey,053,433212,42872,42708,1843,44551,377
2021-04-22,Napa,055,140530,9733,9734,34,9768,79
2021-04-22,Nevada,057,99092,4596,4504,185,4689,70
2021-04-22,Orange,059,3164182,253703,252307,11169,263476,4898
2021-04-22,Placer,061,380077,22517,21916,1398,23314,282
2021-04-22,Plumas,063,18699,684,670,10,680,4
2021-04-22,Riverside,065,2383286,292085,286362,13884,300246,4398
2021-04-22,Sacramento,067,1510023,102612,101870,1606,103476,1585
2021-04-22,San Benito,069,59416,5999,5998,112,6110,63
2021-04-22,San Bernardino,071,2135413,291505,290125,8904,299029,4571
2021-04-22,San Diego,073,3302833,276662,275913,14352,290265,3684
2021-04-22,San Francisco,075,870044,36116,36218,1259,37477,532
2021-04-22,San Joaquin,077,732212,71584,70751,3410,74161,1295
2021-04-22,San Luis Obispo,079,281455,21080,20761,713,21474,255
2021-04-22,San Mateo,081,765935,41725,41345,452,41797,355
2021-04-22,Santa Barbara,083,443738,34053,33870,1126,34996,446
2021-04-22,Santa Clara,085,1922200,117101,117457,726,118183,1954
2021-04-22,Santa Cruz,087,273765,16075,15737,807,16544,205
2021-04-22,Shasta,089,179085,11719,11738,1433,13171,192
2021-04-22,Sierra,091,2930,55,51,12,63,0
2021-04-22,Siskiyou,093,43540,1686,1564,295,1859,11
2021-04-22,Solano,095,438530,31884,31731,477,32208,247
2021-04-22,Sonoma,097,501317,29553,29705,306,30011,318
2021-04-22,Stanislaus,099,539301,54704,54313,5792,60105,744
2021-04-22,Sutter,101,95872,9293,9302,83,9385,110
2021-04-22,Tehama,103,63373,4934,4896,544,5440,53
2021-04-22,Trinity,105,12862,482,326,86,412,3
2021-04-22,Tulare,107,460477,49690,48669,8792,57461,828
2021-04-22,Tuolumne,109,53932,3958,4020,38,4058,58
2021-04-22,Ventura,111,848112,80659,80073,2947,83020,996
2021-04-22,Yolo,113,214977,13685,13616,272,13888,205
2021-04-22,Yuba,115,75493,5870,5825,120,5945,44
2021-04-21,Alameda,001,1643700,86131,85762,1886,87648,1249
2021-04-21,Alpine,003,1148,86,86,0,86,0
2021-04-21,Amador,005,37829,3640,3632,33,3665,46
2021-04-21,Butte,007,227075,12021,11643,1729,13372,196
2021-04-21,Calaveras,009,45235,2061,2057,11,2068,50
2021-04-21,Colusa,011,21464,1916,1920,288,2208,14
2021-04-21,Contra Costa,013,1133247,67697,66981,1207,68188,782
2021-04-21,Del Norte,015,27424,1280,1252,11,1263,6
2021-04-21,El Dorado,017,186661,9873,9760,696,10456,106
2021-04-21,Fresno,019,978130,101336,100838,8507,109345,1654
2021-04-21,Glenn,021,27897,2382,2361,540,2901,17
2021-04-21,Humboldt,023,135768,3747,3642,30,3672,35
2021-04-21,Imperial,025,180216,28176,28052,2679,30731,719
2021-04-21,Inyo,027,18085,1396,1392,12,1404,36
2021-04-21,Kern,029,883053,96275,95257,10598,105855,1297
2021-04-21,Kings,031,150075,22961,22713,1062,23775,243
2021-04-21,Lake,033,64148,3439,3421,9,3430,43
2021-04-21,Lassen,035,31185,5168,5156,105,5261,1
2021-04-21,Los Angeles,037,10098052,1198093,1189530,40982,1230512,23729
2021-04-21,Madera,039,155013,16420,16309,921,17230,231
2021-04-21,Marin,041,260295,13872,13822,239,14061,227
2021-04-21,Mariposa,043,17540,413,402,11,413,5
2021-04-21,Mendocino,045,87422,3810,3729,73,3802,46
2021-04-21,Merced,047,269075,30453,30471,1031,31502,442
2021-04-21,Modoc,049,8938,368,360,121,481,3
2021-04-21,Mono,051,14174,1244,1254,17,1271,3
2021-04-21,Monterey,053,433212,42857,42699,1841,44540,377
2021-04-21,Napa,055,140530,9727,9727,34,9761,79
2021-04-21,Nevada,057,99092,4582,4499,185,4684,70
2021-04-21,Orange,059,3164182,253627,252243,11156,263399,4889
2021-04-21,Placer,061,380077,22486,21896,1393,23289,282
2021-04-21,Plumas,063,18699,684,670,10,680,4
2021-04-21,Riverside,065,2383286,291991,286299,13877,300176,4388
2021-04-21,Sacramento,067,1510023,102483,101803,1600,103403,1579
2021-04-21,San Benito,069,59416,5996,5998,112,6110,63
2021-04-21,San Bernardino,071,2135413,291429,290049,8902,298951,4572
2021-04-21,San Diego,073,3302833,276453,275632,14314,289946,3681
2021-04-21,San Francisco,075,870044,36096,36194,1258,37452,529
2021-04-21,San Joaquin,077,732212,71529,70687,3400,74087,1295
2021-04-21,San Luis Obispo,079,281455,21065,20724,712,21436,255
2021-04-21,San Mateo,081,765935,41694,41318,451,41769,355
2021-04-21,Santa Barbara,083,443738,34034,33830,1125,34955,445
2021-04-21,Santa Clara,085,1922200,117023,117318,720,118038,1946
2021-04-21,Santa Cruz,087,273765,16066,15698,807,16505,204
2021-04-21,Shasta,089,179085,11700,11722,1431,13153,192
2021-04-21,Sierra,091,2930,55,51,12,63,0
2021-04-21,Siskiyou,093,43540,1679,1557,295,1852,11
2021-04-21,Solano,095,438530,31845,31712,476,32188,244
2021-04-21,Sonoma,097,501317,29541,29697,304,30001,318
2021-04-21,Stanislaus,099,539301,54643,54290,5786,60076,742
2021-04-21,Sutter,101,95872,9285,9297,83,9380,110
2021-04-21,Tehama,103,63373,4927,4893,543,5436,53
2021-04-21,Trinity,105,12862,482,326,86,412,3
2021-04-21,Tulare,107,460477,49675,48653,8779,57432,828
2021-04-21,Tuolumne,109,53932,3955,4019,38,4057,58
2021-04-21,Ventura,111,848112,80627,80039,2944,82983,996
2021-04-21,Yolo,113,214977,13665,13606,271,13877,200
2021-04-21,Yuba,115,75493,5863,5822,119,5941,44
2021-04-20,Alameda,001,1643700,86036,85652,1884,87536,1248
2021-04-20,Alpine,003,1148,85,85,0,85,0
2021-04-20,Amador,005,37829,3639,3631,33,3664,46
2021-04-20,Butte,007,227075,12002,11619,1727,13346,196
2021-04-20,Calaveras,009,45235,2060,2053,11,2064,50
2021-04-20,Colusa,011,21464,1916,1915,287,2202,14
2021-04-20,Contra Costa,013,1133247,67613,66889,1204,68093,782
2021-04-20,Del Norte,015,27424,1279,1250,11,1261,6
2021-04-20,El Dorado,017,186661,9845,9743,694,10437,106
2021-04-20,Fresno,019,978130,101278,100768,8497,109265,1650
2021-04-20,Glenn,021,27897,2380,2359,539,2898,17
2021-04-20,Humboldt,023,135768,3729,3612,30,3642,35
2021-04-20,Imperial,025,180216,28157,28024,2675,30699,719
2021-04-20,Inyo,027,18085,1396,1393,12,1405,36
2021-04-20,Kern,029,883053,96239,95223,10581,105804,1295
2021-04-20,Kings,031,150075,22955,22693,1059,23752,243
2021-04-20,Lake,033,64148,3437,3418,9,3427,43
2021-04-20,Lassen,035,31185,5168,5155,105,5260,1
2021-04-20,Los Angeles,037,10098052,1197746,1189256,40952,1230208,23694
2021-04-20,Madera,039,155013,16414,16301,921,17222,231
2021-04-20,Marin,041,260295,13858,13807,239,14046,227
2021-04-20,Mariposa,043,17540,412,402,11,413,5
2021-04-20,Mendocino,045,87422,3809,3726,73,3799,46
2021-04-20,Merced,047,269075,30426,30439,1030,31469,441
2021-04-20,Modoc,049,8938,368,359,121,480,3
2021-04-20,Mono,051,14174,1243,1254,17,1271,3
2021-04-20,Monterey,053,433212,42846,42663,1838,44501,363
2021-04-20,Napa,055,140530,9723,9711,34,9745,79
2021-04-20,Nevada,057,99092,4564,4485,185,4670,70
2021-04-20,Orange,059,3164182,253537,252134,11144,263278,4887
2021-04-20,Placer,061,380077,22452,21846,1389,23235,282
2021-04-20,Plumas,063,18699,683,670,10,680,4
2021-04-20,Riverside,065,2383286,291894,286194,13872,300066,4388
2021-04-20,Sacramento,067,1510023,102345,101629,1592,103221,1574
2021-04-20,San Benito,069,59416,5993,5988,112,6100,63
2021-04-20,San Bernardino,071,2135413,291349,289905,8900,298805,4569
2021-04-20,San Diego,073,3302833,276222,275369,14281,289650,3674
2021-04-20,San Francisco,075,870044,36077,36117,1257,37374,529
2021-04-20,San Joaquin,077,732212,71456,70590,3391,73981,1289
2021-04-20,San Luis Obispo,079,281455,21042,20691,704,21395,254
2021-04-20,San Mateo,081,765935,41663,41251,451,41702,355
2021-04-20,Santa Barbara,083,443738,34015,33803,1125,34928,445
2021-04-20,Santa Clara,085,1922200,116925,117228,716,117944,1944
2021-04-20,Santa Cruz,087,273765,16054,15647,807,16454,204
2021-04-20,Shasta,089,179085,11684,11677,1428,13105,189
2021-04-20,Sierra,091,2930,55,51,12,63,0
2021-04-20,Siskiyou,093,43540,1671,1551,294,1845,10
2021-04-20,Solano,095,438530,31790,31673,472,32145,243
2021-04-20,Sonoma,097,501317,29532,29676,302,29978,311
2021-04-20,Stanislaus,099,539301,54578,54236,5773,60009,735
2021-04-20,Sutter,101,95872,9281,9279,83,9362,109
2021-04-20,Tehama,103,63373,4922,4887,542,5429,52
2021-04-20,Trinity,105,12862,482,326,86,412,3
2021-04-20,Tulare,107,460477,49652,48650,8771,57421,831
2021-04-20,Tuolumne,109,53932,3955,4014,38,4052,58
2021-04-20,Ventura,111,848112,80599,80018,2942,82960,995
2021-04-20,Yolo,113,214977,13645,13581,270,13851,200
2021-04-20,Yuba,115,75493,5853,5814,119,5933,44
2021-04-19,Alameda,001,1643700,85916,85583,1881,87464,1247
2021-04-19,Alpine,003,1148,85,85,0,85,0
2021-04-19,Amador,005,37829,3638,3629,33,3662,46
2021-04-19,Butte,007,227075,11984,11601,1722,13323,196
2021-04-19,Calaveras,009,45235,2058,2050,11,2061,50
2021-04-19,Colusa,011,21464,1916,1913,286,2199,14
2021-04-19,Contra Costa,013,1133247,67535,66833,1202,68035,782
2021-04-19,Del Norte,015,27424,1277,1247,11,1258,6
2021-04-19,El Dorado,017,186661,9829,9726,689,10415,106
2021-04-19,Fresno,019,978130,101210,100702,8485,109187,1646
2021-04-19,Glenn,021,27897,2380,2358,538,2896,17
2021-04-19,Humboldt,023,135768,3709,3602,28,3630,35
2021-04-19,Imperial,025,180216,28136,27995,2675,30670,719
2021-04-19,Inyo,027,18085,1396,1392,12,1404,36
2021-04-19,Kern,029,883053,96209,95162,10566,105728,1290
2021-04-19,Kings,031,150075,22939,22688,1059,23747,243
2021-04-19,Lake,033,64148,3436,3416,9,3425,43
2021-04-19,Lassen,035,31185,5167,5156,105,5261,1
2021-04-19,Los Angeles,037,10098052,1197369,1188945,40927,1229872,23666
2021-04-19,Madera,039,155013,16403,16289,920,17209,231
2021-04-19,Marin,041,260295,13847,13804,238,14042,226
2021-04-19,Mariposa,043,17540,411,401,11,412,5
2021-04-19,Mendocino,045,87422,3807,3722,73,3795,46
2021-04-19,Merced,047,269075,30397,30422,1029,31451,441
2021-04-19,Modoc,049,8938,368,359,121,480,3
2021-04-19,Mono,051,14174,1242,1254,17,1271,3
2021-04-19,Monterey,053,433212,42833,42642,1833,44475,356
2021-04-19,Napa,055,140530,9715,9680,34,9714,79
2021-04-19,Nevada,057,99092,4548,4477,185,4662,70
2021-04-19,Orange,059,3164182,253419,252013,11129,263142,4883
2021-04-19,Placer,061,380077,22429,21814,1385,23199,282
2021-04-19,Plumas,063,18699,683,665,10,675,4
2021-04-19,Riverside,065,2383286,291798,286087,13862,299949,4371
2021-04-19,Sacramento,067,1510023,102209,101482,1582,103064,1572
2021-04-19,San Benito,069,59416,5985,5989,112,6101,63
2021-04-19,San Bernardino,071,2135413,291263,289738,8894,298632,4561
2021-04-19,San Diego,073,3302833,275974,275113,14248,289361,3674
2021-04-19,San Francisco,075,870044,36041,36094,1254,37348,529
2021-04-19,San Joaquin,077,732212,71376,70514,3384,73898,1289
2021-04-19,San Luis Obispo,079,281455,21016,20669,698,21367,254
2021-04-19,San Mateo,081,765935,41630,41226,450,41676,355
2021-04-19,Santa Barbara,083,443738,34001,33786,1125,34911,446
2021-04-19,Santa Clara,085,1922200,116814,117099,712,117811,1944
2021-04-19,Santa Cruz,087,273765,16042,15600,807,16407,204
2021-04-19,Shasta,089,179085,11669,11662,1420,13082,189
2021-04-19,Sierra,091,2930,55,51,12,63,0
2021-04-19,Siskiyou,093,43540,1661,1544,294,1838,10
2021-04-19,Solano,095,438530,31751,31643,467,32110,239
2021-04-19,Sonoma,097,501317,29513,29667,302,29969,311
2021-04-19,Stanislaus,099,539301,54502,54179,5769,59948,728
2021-04-19,Sutter,101,95872,9270,9269,83,9352,109
2021-04-19,Tehama,103,63373,4916,4878,542,5420,52
2021-04-19,Trinity,105,12862,482,326,85,411,3
2021-04-19,Tulare,107,460477,49636,48630,8758,57388,831
2021-04-19,Tuolumne,109,53932,3954,4010,38,4048,58
2021-04-19,Ventura,111,848112,80573,80000,2940,82940,996
2021-04-19,Yolo,113,214977,13633,13572,267,13839,200
2021-04-19,Yuba,115,75493,5846,5804,118,5922,44
2021-04-18,Alameda,001,1643700,85802,85481,1873,87354,1247
2021-04-18,Alpine,003,1148,85,85,0,85,0
2021-04-18,Amador,005,37829,3635,3627,33,3660,46
2021-04-18,Butte,007,227075,11966,11591,1717,13308,196
2021-04-18,Calaveras,009,45235,2052,2047,11,2058,50
2021-04-18,Colusa,011,21464,1912,1912,285,2197,14
2021-04-18,Contra Costa,013,1133247,67432,66750,1198,67948,782
2021-04-18,Del Norte,015,27424,1277,1240,11,1251,6
2021-04-18,El Dorado,017,186661,9806,9710,687,10397,106
2021-04-18,Fresno,019,978130,101152,100621,8479,109100,1646
2021-04-18,Glenn,021,27897,2375,2358,538,2896,17
2021-04-18,Humboldt,023,135768,3681,3590,28,3618,35
2021-04-18,Imperial,025,180216,28121,27991,2670,30661,719
2021-04-18,Inyo,027,18085,1395,1392,12,1404,36
2021-04-18,Kern,029,883053,96173,95129,10550,105679,1290
2021-04-18,Kings,031,150075,22930,22685,1059,23744,243
2021-04-18,Lake,033,64148,3435,3413,9,3422,43
2021-04-18,Lassen,035,31185,5164,5156,105,5261,1
2021-04-18,Los Angeles,037,10098052,1196908,1188620,40904,1229524,23648
2021-04-18,Madera,039,155013,16392,16277,919,17196,231
2021-04-18,Marin,041,260295,13840,13801,237,14038,226
2021-04-18,Mariposa,043,17540,410,400,10,410,5
2021-04-18,Mendocino,045,87422,3804,3722,73,3795,46
2021-04-18,Merced,047,269075,30360,30405,1027,31432,441
2021-04-18,Modoc,049,8938,368,359,121,480,3
2021-04-18,Mono,051,14174,1242,1254,17,1271,3
2021-04-18,Monterey,053,433212,42821,42638,1832,44470,356
2021-04-18,Napa,055,140530,9699,9674,34,9708,79
2021-04-18,Nevada,057,99092,4533,4464,185,4649,70
2021-04-18,Orange,059,3164182,253305,251940,11122,263062,4883
2021-04-18,Placer,061,380077,22386,21783,1379,23162,282
2021-04-18,Plumas,063,18699,682,665,10,675,4
2021-04-18,Riverside,065,2383286,291708,286043,13858,299901,4371
2021-04-18,Sacramento,067,1510023,102034,101354,1576,102930,1572
2021-04-18,San Benito,069,59416,5983,5989,112,6101,63
2021-04-18,San Bernardino,071,2135413,291170,289691,8885,298576,4556
2021-04-18,San Diego,073,3302833,275695,274961,14213,289174,3674
2021-04-18,San Francisco,075,870044,36004,36073,1250,37323,525
2021-04-18,San Joaquin,077,732212,71295,70466,3375,73841,1289
2021-04-18,San Luis Obispo,079,281455,20994,20656,692,21348,254
2021-04-18,San Mateo,081,765935,41601,41201,449,41650,352
2021-04-18,Santa Barbara,083,443738,33966,33769,1124,34893,446
2021-04-18,Santa Clara,085,1922200,116646,116996,706,117702,1944
2021-04-18,Santa Cruz,087,273765,16032,15580,806,16386,204
2021-04-18,Shasta,089,179085,11648,11658,1417,13075,189
2021-04-18,Sierra,091,2930,55,51,12,63,0
2021-04-18,Siskiyou,093,43540,1650,1538,293,1831,10
2021-04-18,Solano,095,438530,31701,31606,466,32072,239
2021-04-18,Sonoma,097,501317,29497,29660,300,29960,311
2021-04-18,Stanislaus,099,539301,54420,54132,5762,59894,728
2021-04-18,Sutter,101,95872,9256,9261,83,9344,109
2021-04-18,Tehama,103,63373,4907,4877,541,5418,52
2021-04-18,Trinity,105,12862,482,326,85,411,3
2021-04-18,Tulare,107,460477,49624,48618,8752,57370,829
2021-04-18,Tuolumne,109,53932,3953,4008,37,4045,58
2021-04-18,Ventura,111,848112,80542,79984,2936,82920,996
2021-04-18,Yolo,113,214977,13621,13562,265,13827,200
2021-04-18,Yuba,115,75493,5839,5804,118,5922,44
2021-04-17,Alameda,001,1643700,85729,85367,1869,87236,1247
2021-04-17,Alpine,003,1148,85,85,0,85,0
2021-04-17,Amador,005,37829,3633,3625,33,3658,46
2021-04-17,Butte,007,227075,11946,11573,1713,13286,196
2021-04-17,Calaveras,009,45235,2050,2045,11,2056,50
2021-04-17,Colusa,011,21464,1912,1912,285,2197,14
2021-04-17,Contra Costa,013,1133247,67384,66657,1190,67847,782
2021-04-17,Del Norte,015,27424,1277,1238,11,1249,6
2021-04-17,El Dorado,017,186661,9791,9692,684,10376,106
2021-04-17,Fresno,019,978130,101119,100562,8474,109036,1646
2021-04-17,Glenn,021,27897,2375,2357,538,2895,17
2021-04-17,Humboldt,023,135768,3657,3579,28,3607,35
2021-04-17,Imperial,025,180216,28110,27987,2669,30656,719
2021-04-17,Inyo,027,18085,1392,1392,12,1404,36
2021-04-17,Kern,029,883053,96155,95102,10546,105648,1290
2021-04-17,Kings,031,150075,22925,22678,1058,23736,243
2021-04-17,Lake,033,64148,3434,3409,9,3418,43
2021-04-17,Lassen,035,31185,5164,5154,105,5259,1
2021-04-17,Los Angeles,037,10098052,1196651,1188262,40872,1229134,23653
2021-04-17,Madera,039,155013,16388,16260,918,17178,231
2021-04-17,Marin,041,260295,13836,13797,237,14034,226
2021-04-17,Mariposa,043,17540,409,398,10,408,5
2021-04-17,Mendocino,045,87422,3801,3721,73,3794,46
2021-04-17,Merced,047,269075,30344,30392,1026,31418,441
2021-04-17,Modoc,049,8938,368,357,121,478,3
2021-04-17,Mono,051,14174,1242,1253,17,1270,3
2021-04-17,Monterey,053,433212,42812,42630,1830,44460,356
2021-04-17,Napa,055,140530,9695,9666,34,9700,79
2021-04-17,Nevada,057,99092,4525,4457,185,4642,70
2021-04-17,Orange,059,3164182,253236,251873,11110,262983,4878
2021-04-17,Placer,061,380077,22363,21736,1374,23110,282
2021-04-17,Plumas,063,18699,681,666,10,676,4
2021-04-17,Riverside,065,2383286,291639,285963,13850,299813,4371
2021-04-17,Sacramento,067,1510023,101924,101172,1565,102737,1572
2021-04-17,San Benito,069,59416,5977,5986,112,6098,63
2021-04-17,San Bernardino,071,2135413,291115,289624,8882,298506,4555
2021-04-17,San Diego,073,3302833,275548,274812,14179,288991,3674
2021-04-17,San Francisco,075,870044,35982,36032,1247,37279,523
2021-04-17,San Joaquin,077,732212,71255,70372,3365,73737,1288
2021-04-17,San Luis Obispo,079,281455,20981,20642,689,21331,254
2021-04-17,San Mateo,081,765935,41578,41157,449,41606,352
2021-04-17,Santa Barbara,083,443738,33935,33738,1122,34860,446
2021-04-17,Santa Clara,085,1922200,116554,116887,704,117591,1944
2021-04-17,Santa Cruz,087,273765,16026,15571,806,16377,204
2021-04-17,Shasta,089,179085,11633,11647,1416,13063,189
2021-04-17,Sierra,091,2930,55,51,12,63,0
2021-04-17,Siskiyou,093,43540,1645,1539,290,1829,10
2021-04-17,Solano,095,438530,31670,31541,463,32004,239
2021-04-17,Sonoma,097,501317,29490,29637,300,29937,311
2021-04-17,Stanislaus,099,539301,54383,54058,5757,59815,728
2021-04-17,Sutter,101,95872,9250,9252,83,9335,109
2021-04-17,Tehama,103,63373,4901,4875,540,5415,52
2021-04-17,Trinity,105,12862,482,326,85,411,3
2021-04-17,Tulare,107,460477,49612,48603,8748,57351,829
2021-04-17,Tuolumne,109,53932,3951,4005,37,4042,58
2021-04-17,Ventura,111,848112,80521,79964,2936,82900,996
2021-04-17,Yolo,113,214977,13611,13580,265,13845,200
2021-04-17,Yuba,115,75493,5834,5802,117,5919,44
2021-04-16,Alameda,001,1643700,85650,85243,1867,87110,1245
2021-04-16,Alpine,003,1148,85,85,0,85,0
2021-04-16,Amador,005,37829,3628,3621,33,3654,46
2021-04-16,Butte,007,227075,11934,11549,1711,13260,196
2021-04-16,Calaveras,009,45235,2048,2042,11,2053,50
2021-04-16,Colusa,011,21464,1910,1911,285,2196,14
2021-04-16,Contra Costa,013,1133247,67330,66569,1187,67756,782
2021-04-16,Del Norte,015,27424,1276,1237,11,1248,6
2021-04-16,El Dorado,017,186661,9771,9665,680,10345,106
2021-04-16,Fresno,019,978130,101069,100500,8468,108968,1643
2021-04-16,Glenn,021,27897,2375,2355,538,2893,17
2021-04-16,Humboldt,023,135768,3636,3570,27,3597,35
2021-04-16,Imperial,025,180216,28100,27962,2669,30631,719
2021-04-16,Inyo,027,18085,1392,1392,12,1404,36
2021-04-16,Kern,029,883053,96126,95066,10543,105609,1288
2021-04-16,Kings,031,150075,22921,22667,1057,23724,243
2021-04-16,Lake,033,64148,3428,3406,9,3415,43
2021-04-16,Lassen,035,31185,5163,5155,105,5260,1
2021-04-16,Los Angeles,037,10098052,1196350,1187818,40836,1228654,23627
2021-04-16,Madera,039,155013,16382,16250,917,17167,231
2021-04-16,Marin,041,260295,13833,13788,237,14025,226
2021-04-16,Mariposa,043,17540,408,396,9,405,5
2021-04-16,Mendocino,045,87422,3799,3719,73,3792,46
2021-04-16,Merced,047,269075,30329,30355,1026,31381,438
2021-04-16,Modoc,049,8938,368,355,121,476,3
2021-04-16,Mono,051,14174,1242,1253,17,1270,3
2021-04-16,Monterey,053,433212,42801,42620,1827,44447,351
2021-04-16,Napa,055,140530,9687,9653,34,9687,79
2021-04-16,Nevada,057,99092,4516,4443,185,4628,70
2021-04-16,Orange,059,3164182,253172,251770,11101,262871,4873
2021-04-16,Placer,061,380077,22336,21680,1369,23049,282
2021-04-16,Plumas,063,18699,680,665,10,675,4
2021-04-16,Riverside,065,2383286,291562,285818,13848,299666,4369
2021-04-16,Sacramento,067,1510023,101827,100993,1560,102553,1572
2021-04-16,San Benito,069,59416,5975,5982,112,6094,63
2021-04-16,San Bernardino,071,2135413,291068,289424,8881,298305,4550
2021-04-16,San Diego,073,3302833,275394,274567,14161,288728,3662
2021-04-16,San Francisco,075,870044,35956,35993,1243,37236,517
2021-04-16,San Joaquin,077,732212,71188,70280,3357,73637,1288
2021-04-16,San Luis Obispo,079,281455,20969,20623,688,21311,253
2021-04-16,San Mateo,081,765935,41549,41107,448,41555,352
2021-04-16,Santa Barbara,083,443738,33917,33703,1122,34825,446
2021-04-16,Santa Clara,085,1922200,116454,116693,701,117394,1941
2021-04-16,Santa Cruz,087,273765,16024,15539,806,16345,204
2021-04-16,Shasta,089,179085,11621,11623,1414,13037,189
2021-04-16,Sierra,091,2930,55,51,12,63,0
2021-04-16,Siskiyou,093,43540,1641,1530,288,1818,10
2021-04-16,Solano,095,438530,31631,31470,460,31930,239
2021-04-16,Sonoma,097,501317,29479,29617,300,29917,311
2021-04-16,Stanislaus,099,539301,54335,53983,5755,59738,728
2021-04-16,Sutter,101,95872,9244,9247,83,9330,109
2021-04-16,Tehama,103,63373,4900,4866,540,5406,52
2021-04-16,Trinity,105,12862,482,326,85,411,3
2021-04-16,Tulare,107,460477,49600,48583,8744,57327,830
2021-04-16,Tuolumne,109,53932,3948,4005,37,4042,58
2021-04-16,Ventura,111,848112,80496,79942,2931,82873,994
2021-04-16,Yolo,113,214977,13598,13559,263,13822,198
2021-04-16,Yuba,115,75493,5831,5795,116,5911,44
2021-04-15,Alameda,001,1643700,85543,85089,1865,86954,1246
2021-04-15,Alpine,003,1148,85,85,0,85,0
2021-04-15,Amador,005,37829,3627,3616,33,3649,46
2021-04-15,Butte,007,227075,11919,11529,1707,13236,196
2021-04-15,Calaveras,009,45235,2048,2039,11,2050,50
2021-04-15,Colusa,011,21464,1908,1909,284,2193,14
2021-04-15,Contra Costa,013,1133247,67257,66480,1183,67663,781
2021-04-15,Del Norte,015,27424,1269,1235,11,1246,6
2021-04-15,El Dorado,017,186661,9758,9639,678,10317,106
2021-04-15,Fresno,019,978130,101007,100431,8462,108893,1642
2021-04-15,Glenn,021,27897,2375,2354,538,2892,17
2021-04-15,Humboldt,023,135768,3615,3561,27,3588,35
2021-04-15,Imperial,025,180216,28072,27920,2666,30586,718
2021-04-15,Inyo,027,18085,1392,1393,12,1405,36
2021-04-15,Kern,029,883053,96093,94989,10529,105518,1289
2021-04-15,Kings,031,150075,22907,22648,1057,23705,242
2021-04-15,Lake,033,64148,3427,3399,9,3408,43
2021-04-15,Lassen,035,31185,5162,5152,105,5257,1
2021-04-15,Los Angeles,037,10098052,1195948,1187274,40800,1228074,23598
2021-04-15,Madera,039,155013,16367,16234,917,17151,231
2021-04-15,Marin,041,260295,13829,13783,236,14019,226
2021-04-15,Mariposa,043,17540,406,395,9,404,5
2021-04-15,Mendocino,045,87422,3798,3714,73,3787,46
2021-04-15,Merced,047,269075,30303,30325,1025,31350,437
2021-04-15,Modoc,049,8938,368,355,121,476,3
2021-04-15,Mono,051,14174,1241,1253,17,1270,3
2021-04-15,Monterey,053,433212,42791,42604,1825,44429,347
2021-04-15,Napa,055,140530,9679,9645,34,9679,79
2021-04-15,Nevada,057,99092,4504,4434,184,4618,70
2021-04-15,Orange,059,3164182,253077,251679,11088,262767,4857
2021-04-15,Placer,061,380077,22305,21614,1362,22976,281
2021-04-15,Plumas,063,18699,678,665,10,675,4
2021-04-15,Riverside,065,2383286,291458,285698,13841,299539,4363
2021-04-15,Sacramento,067,1510023,101697,100782,1546,102328,1570
2021-04-15,San Benito,069,59416,5972,5969,111,6080,63
2021-04-15,San Bernardino,071,2135413,290979,289288,8874,298162,4544
2021-04-15,San Diego,073,3302833,275148,274250,14102,288352,3653
2021-04-15,San Francisco,075,870044,35937,35947,1241,37188,510
2021-04-15,San Joaquin,077,732212,71107,70189,3349,73538,1288
2021-04-15,San Luis Obispo,079,281455,20953,20591,685,21276,253
2021-04-15,San Mateo,081,765935,41510,41050,447,41497,352
2021-04-15,Santa Barbara,083,443738,33899,33672,1118,34790,446
2021-04-15,Santa Clara,085,1922200,116348,116602,697,117299,1927
2021-04-15,Santa Cruz,087,273765,16014,15509,806,16315,203
2021-04-15,Shasta,089,179085,11607,11597,1410,13007,191
2021-04-15,Sierra,091,2930,55,51,12,63,0
2021-04-15,Siskiyou,093,43540,1635,1524,287,1811,10
2021-04-15,Solano,095,438530,31593,31394,459,31853,239
2021-04-15,Sonoma,097,501317,29465,29587,300,29887,311
2021-04-15,Stanislaus,099,539301,54281,53918,5746,59664,728
2021-04-15,Sutter,101,95872,9237,9237,83,9320,109
2021-04-15,Tehama,103,63373,4899,4854,539,5393,52
2021-04-15,Trinity,105,12862,482,326,85,411,3
2021-04-15,Tulare,107,460477,49579,48556,8744,57300,829
2021-04-15,Tuolumne,109,53932,3948,4003,37,4040,57
2021-04-15,Ventura,111,848112,80477,79917,2929,82846,989
2021-04-15,Yolo,113,214977,13579,13547,261,13808,198
2021-04-15,Yuba,115,75493,5828,5788,116,5904,44
2021-04-14,Alameda,001,1643700,85446,85009,1864,86873,1247
2021-04-14,Alpine,003,1148,85,85,0,85,0
2021-04-14,Amador,005,37829,3626,3613,33,3646,46
2021-04-14,Butte,007,227075,11906,11513,1706,13219,196
2021-04-14,Calaveras,009,45235,2047,2037,11,2048,50
2021-04-14,Colusa,011,21464,1908,1905,284,2189,14
2021-04-14,Contra Costa,013,1133247,67171,66400,1177,67577,781
2021-04-14,Del Norte,015,27424,1269,1228,11,1239,6
2021-04-14,El Dorado,017,186661,9743,9625,673,10298,106
2021-04-14,Fresno,019,978130,100950,100376,8449,108825,1640
2021-04-14,Glenn,021,27897,2375,2353,538,2891,17
2021-04-14,Humboldt,023,135768,3593,3551,26,3577,35
2021-04-14,Imperial,025,180216,28050,27907,2664,30571,718
2021-04-14,Inyo,027,18085,1392,1392,12,1404,36
2021-04-14,Kern,029,883053,96068,94947,10522,105469,1287
2021-04-14,Kings,031,150075,22898,22641,1055,23696,243
2021-04-14,Lake,033,64148,3422,3396,9,3405,43
2021-04-14,Lassen,035,31185,5161,5151,105,5256,1
2021-04-14,Los Angeles,037,10098052,1195550,1186821,40755,1227576,23579
2021-04-14,Madera,039,155013,16358,16218,917,17135,231
2021-04-14,Marin,041,260295,13827,13768,235,14003,226
2021-04-14,Mariposa,043,17540,405,394,9,403,5
2021-04-14,Mendocino,045,87422,3793,3711,73,3784,46
2021-04-14,Merced,047,269075,30287,30296,1023,31319,436
2021-04-14,Modoc,049,8938,368,355,121,476,3
2021-04-14,Mono,051,14174,1240,1252,17,1269,3
2021-04-14,Monterey,053,433212,42775,42595,1821,44416,347
2021-04-14,Napa,055,140530,9668,9643,34,9677,79
2021-04-14,Nevada,057,99092,4497,4421,184,4605,70
2021-04-14,Orange,059,3164182,252972,251568,11068,262636,4849
2021-04-14,Placer,061,380077,22272,21575,1361,22936,280
2021-04-14,Plumas,063,18699,678,665,10,675,4
2021-04-14,Riverside,065,2383286,291348,285583,13835,299418,4358
2021-04-14,Sacramento,067,1510023,101522,100645,1532,102177,1570
2021-04-14,San Benito,069,59416,5970,5960,111,6071,62
2021-04-14,San Bernardino,071,2135413,290912,289078,8871,297949,4523
2021-04-14,San Diego,073,3302833,274938,273969,14073,288042,3648
2021-04-14,San Francisco,075,870044,35899,35898,1240,37138,510
2021-04-14,San Joaquin,077,732212,71037,70095,3343,73438,1288
2021-04-14,San Luis Obispo,079,281455,20930,20561,675,21236,253
2021-04-14,San Mateo,081,765935,41470,40982,444,41426,352
2021-04-14,Santa Barbara,083,443738,33870,33650,1118,34768,445
2021-04-14,Santa Clara,085,1922200,116231,116488,694,117182,1922
2021-04-14,Santa Cruz,087,273765,16004,15481,806,16287,203
2021-04-14,Shasta,089,179085,11581,11581,1408,12989,190
2021-04-14,Sierra,091,2930,55,51,12,63,0
2021-04-14,Siskiyou,093,43540,1627,1518,286,1804,10
2021-04-14,Solano,095,438530,31540,31357,452,31809,239
2021-04-14,Sonoma,097,501317,29457,29572,298,29870,311
2021-04-14,Stanislaus,099,539301,54210,53836,5737,59573,727
2021-04-14,Sutter,101,95872,9229,9230,83,9313,106
2021-04-14,Tehama,103,63373,4893,4853,538,5391,52
2021-04-14,Trinity,105,12862,482,326,85,411,3
2021-04-14,Tulare,107,460477,49553,48527,8741,57268,827
2021-04-14,Tuolumne,109,53932,3947,3997,37,4034,57
2021-04-14,Ventura,111,848112,80441,79891,2927,82818,986
2021-04-14,Yolo,113,214977,13563,13530,259,13789,198
2021-04-14,Yuba,115,75493,5826,5778,116,5894,44
2021-04-13,Alameda,001,1643700,85340,84921,1861,86782,1239
2021-04-13,Alpine,003,1148,85,85,0,85,0
2021-04-13,Amador,005,37829,3623,3609,33,3642,46
2021-04-13,Butte,007,227075,11888,11497,1703,13200,196
2021-04-13,Calaveras,009,45235,2044,2035,11,2046,50
2021-04-13,Colusa,011,21464,1906,1905,282,2187,14
2021-04-13,Contra Costa,013,1133247,67082,66304,1177,67481,778
2021-04-13,Del Norte,015,27424,1264,1221,11,1232,6
2021-04-13,El Dorado,017,186661,9717,9609,670,10279,106
2021-04-13,Fresno,019,978130,100868,100357,8443,108800,1636
2021-04-13,Glenn,021,27897,2374,2351,538,2889,17
2021-04-13,Humboldt,023,135768,3576,3540,26,3566,35
2021-04-13,Imperial,025,180216,28031,27887,2656,30543,718
2021-04-13,Inyo,027,18085,1392,1391,12,1403,36
2021-04-13,Kern,029,883053,96024,94908,10510,105418,1285
2021-04-13,Kings,031,150075,22882,22636,1054,23690,243
2021-04-13,Lake,033,64148,3419,3390,9,3399,43
2021-04-13,Lassen,035,31185,5160,5147,105,5252,1
2021-04-13,Los Angeles,037,10098052,1195094,1186482,40713,1227195,23526
2021-04-13,Madera,039,155013,16348,16207,915,17122,231
2021-04-13,Marin,041,260295,13819,13760,234,13994,224
2021-04-13,Mariposa,043,17540,404,394,6,400,5
2021-04-13,Mendocino,045,87422,3787,3702,73,3775,46
2021-04-13,Merced,047,269075,30257,30276,1020,31296,435
2021-04-13,Modoc,049,8938,368,355,121,476,3
2021-04-13,Mono,051,14174,1240,1251,17,1268,3
2021-04-13,Monterey,053,433212,42764,42577,1821,44398,347
2021-04-13,Napa,055,140530,9658,9627,34,9661,79
2021-04-13,Nevada,057,99092,4485,4415,184,4599,69
2021-04-13,Orange,059,3164182,252877,251491,11050,262541,4836
2021-04-13,Placer,061,380077,22235,21534,1358,22892,280
2021-04-13,Plumas,063,18699,677,665,10,675,4
2021-04-13,Riverside,065,2383286,291229,285505,13829,299334,4348
2021-04-13,Sacramento,067,1510023,101347,100551,1527,102078,1569
2021-04-13,San Benito,069,59416,5967,5946,111,6057,62
2021-04-13,San Bernardino,071,2135413,290796,288929,8865,297794,4521
2021-04-13,San Diego,073,3302833,274684,273709,14038,287747,3623
2021-04-13,San Francisco,075,870044,35863,35869,1236,37105,506
2021-04-13,San Joaquin,077,732212,70929,70034,3335,73369,1288
2021-04-13,San Luis Obispo,079,281455,20903,20536,665,21201,253
2021-04-13,San Mateo,081,765935,41425,40955,444,41399,353
2021-04-13,Santa Barbara,083,443738,33847,33613,1115,34728,444
2021-04-13,Santa Clara,085,1922200,116102,116363,693,117056,1923
2021-04-13,Santa Cruz,087,273765,15997,15449,806,16255,203
2021-04-13,Shasta,089,179085,11561,11536,1405,12941,189
2021-04-13,Sierra,091,2930,55,51,12,63,0
2021-04-13,Siskiyou,093,43540,1619,1511,281,1792,10
2021-04-13,Solano,095,438530,31491,31335,448,31783,239
2021-04-13,Sonoma,097,501317,29449,29544,297,29841,311
2021-04-13,Stanislaus,099,539301,54138,53797,5728,59525,722
2021-04-13,Sutter,101,95872,9225,9226,83,9309,106
2021-04-13,Tehama,103,63373,4886,4850,535,5385,52
2021-04-13,Trinity,105,12862,482,326,85,411,3
2021-04-13,Tulare,107,460477,49540,48511,8738,57249,825
2021-04-13,Tuolumne,109,53932,3945,3995,37,4032,57
2021-04-13,Ventura,111,848112,80409,79854,2925,82779,986
2021-04-13,Yolo,113,214977,13551,13516,258,13774,198
2021-04-13,Yuba,115,75493,5817,5776,116,5892,44
2021-04-12,Alameda,001,1643700,85238,84817,1860,86677,1238
2021-04-12,Alpine,003,1148,85,85,0,85,0
2021-04-12,Amador,005,37829,3622,3607,33,3640,46
2021-04-12,Butte,007,227075,11873,11488,1699,13187,193
2021-04-12,Calaveras,009,45235,2041,2033,11,2044,50
2021-04-12,Colusa,011,21464,1904,1904,280,2184,14
2021-04-12,Contra Costa,013,1133247,67002,66176,1177,67353,777
2021-04-12,Del Norte,015,27424,1261,1216,11,1227,6
2021-04-12,El Dorado,017,186661,9700,9588,668,10256,106
2021-04-12,Fresno,019,978130,100807,100277,8419,108696,1633
2021-04-12,Glenn,021,27897,2373,2349,538,2887,17
2021-04-12,Humboldt,023,135768,3562,3533,25,3558,35
2021-04-12,Imperial,025,180216,28001,27851,2651,30502,717
2021-04-12,Inyo,027,18085,1392,1390,12,1402,36
2021-04-12,Kern,029,883053,95987,94861,10499,105360,1283
2021-04-12,Kings,031,150075,22874,22621,1053,23674,241
2021-04-12,Lake,033,64148,3415,3380,9,3389,43
2021-04-12,Lassen,035,31185,5159,5147,105,5252,1
2021-04-12,Los Angeles,037,10098052,1194589,1186145,40675,1226820,23505
2021-04-12,Madera,039,155013,16336,16174,913,17087,231
2021-04-12,Marin,041,260295,13806,13751,232,13983,224
2021-04-12,Mariposa,043,17540,403,394,6,400,5
2021-04-12,Mendocino,045,87422,3786,3699,73,3772,46
2021-04-12,Merced,047,269075,30226,30261,1017,31278,435
2021-04-12,Modoc,049,8938,366,352,121,473,3
2021-04-12,Mono,051,14174,1240,1251,17,1268,3
2021-04-12,Monterey,053,433212,42750,42555,1819,44374,346
2021-04-12,Napa,055,140530,9644,9603,34,9637,80
2021-04-12,Nevada,057,99092,4474,4408,184,4592,69
2021-04-12,Orange,059,3164182,252791,251350,11028,262378,4826
2021-04-12,Placer,061,380077,22184,21475,1355,22830,278
2021-04-12,Plumas,063,18699,675,666,10,676,4
2021-04-12,Riverside,065,2383286,291118,285361,13823,299184,4336
2021-04-12,Sacramento,067,1510023,101173,100394,1522,101916,1566
2021-04-12,San Benito,069,59416,5959,5942,110,6052,62
2021-04-12,San Bernardino,071,2135413,290689,288736,8853,297589,4493
2021-04-12,San Diego,073,3302833,274423,273431,14009,287440,3621
2021-04-12,San Francisco,075,870044,35829,35841,1235,37076,506
2021-04-12,San Joaquin,077,732212,70857,69968,3328,73296,1288
2021-04-12,San Luis Obispo,079,281455,20858,20515,652,21167,253
2021-04-12,San Mateo,081,765935,41383,40920,440,41360,353
2021-04-12,Santa Barbara,083,443738,33816,33606,1115,34721,444
2021-04-12,Santa Clara,085,1922200,115974,116252,691,116943,1923
2021-04-12,Santa Cruz,087,273765,15977,15406,806,16212,203
2021-04-12,Shasta,089,179085,11544,11509,1401,12910,189
2021-04-12,Sierra,091,2930,55,51,12,63,0
2021-04-12,Siskiyou,093,43540,1608,1511,278,1789,7
2021-04-12,Solano,095,438530,31449,31305,445,31750,238
2021-04-12,Sonoma,097,501317,29421,29500,297,29797,310
2021-04-12,Stanislaus,099,539301,54072,53722,5721,59443,707
2021-04-12,Sutter,101,95872,9214,9221,83,9304,106
2021-04-12,Tehama,103,63373,4877,4834,531,5365,52
2021-04-12,Trinity,105,12862,482,324,85,409,3
2021-04-12,Tulare,107,460477,49520,48495,8728,57223,824
2021-04-12,Tuolumne,109,53932,3941,3993,37,4030,57
2021-04-12,Ventura,111,848112,80376,79818,2923,82741,985
2021-04-12,Yolo,113,214977,13537,13510,257,13767,198
2021-04-12,Yuba,115,75493,5811,5773,116,5889,43
2021-04-11,Alameda,001,1643700,85101,84756,1854,86610,1238
2021-04-11,Alpine,003,1148,85,85,0,85,0
2021-04-11,Amador,005,37829,3620,3605,33,3638,46
2021-04-11,Butte,007,227075,11839,11487,1695,13182,193
2021-04-11,Calaveras,009,45235,2037,2036,11,2047,50
2021-04-11,Colusa,011,21464,1903,1904,279,2183,14
2021-04-11,Contra Costa,013,1133247,66893,66107,1175,67282,777
2021-04-11,Del Norte,015,27424,1255,1214,11,1225,6
2021-04-11,El Dorado,017,186661,9686,9575,665,10240,106
2021-04-11,Fresno,019,978130,100739,100230,8409,108639,1633
2021-04-11,Glenn,021,27897,2368,2348,538,2886,17
2021-04-11,Humboldt,023,135768,3552,3523,25,3548,35
2021-04-11,Imperial,025,180216,27977,27841,2649,30490,717
2021-04-11,Inyo,027,18085,1392,1390,12,1402,36
2021-04-11,Kern,029,883053,95926,94830,10491,105321,1283
2021-04-11,Kings,031,150075,22865,22618,1050,23668,241
2021-04-11,Lake,033,64148,3411,3377,9,3386,43
2021-04-11,Lassen,035,31185,5155,5147,105,5252,1
2021-04-11,Los Angeles,037,10098052,1194077,1185757,40633,1226390,23503
2021-04-11,Madera,039,155013,16317,16166,912,17078,231
2021-04-11,Marin,041,260295,13799,13741,231,13972,226
2021-04-11,Mariposa,043,17540,403,394,6,400,5
2021-04-11,Mendocino,045,87422,3784,3696,73,3769,46
2021-04-11,Merced,047,269075,30188,30249,1016,31265,435
2021-04-11,Modoc,049,8938,365,352,119,471,3
2021-04-11,Mono,051,14174,1239,1250,17,1267,3
2021-04-11,Monterey,053,433212,42744,42547,1812,44359,346
2021-04-11,Napa,055,140530,9633,9592,34,9626,80
2021-04-11,Nevada,057,99092,4460,4394,184,4578,69
2021-04-11,Orange,059,3164182,252664,251233,11017,262250,4826
2021-04-11,Placer,061,380077,22127,21458,1350,22808,278
2021-04-11,Plumas,063,18699,675,666,10,676,4
2021-04-11,Riverside,065,2383286,290985,285269,13813,299082,4336
2021-04-11,Sacramento,067,1510023,101003,100296,1510,101806,1566
2021-04-11,San Benito,069,59416,5951,5941,109,6050,62
2021-04-11,San Bernardino,071,2135413,290580,288686,8847,297533,4492
2021-04-11,San Diego,073,3302833,274125,273287,13950,287237,3621
2021-04-11,San Francisco,075,870044,35793,35815,1232,37047,498
2021-04-11,San Joaquin,077,732212,70771,69939,3317,73256,1288
2021-04-11,San Luis Obispo,079,281455,20832,20501,649,21150,253
2021-04-11,San Mateo,081,765935,41325,40901,439,41340,353
2021-04-11,Santa Barbara,083,443738,33781,33591,1114,34705,444
2021-04-11,Santa Clara,085,1922200,115838,116161,688,116849,1923
2021-04-11,Santa Cruz,087,273765,15965,15382,806,16188,203
2021-04-11,Shasta,089,179085,11500,11504,1400,12904,189
2021-04-11,Sierra,091,2930,55,51,12,63,0
2021-04-11,Siskiyou,093,43540,1601,1509,275,1784,7
2021-04-11,Solano,095,438530,31396,31268,441,31709,238
2021-04-11,Sonoma,097,501317,29395,29496,293,29789,310
2021-04-11,Stanislaus,099,539301,53989,53683,5712,59395,707
2021-04-11,Sutter,101,95872,9205,9222,83,9305,106
2021-04-11,Tehama,103,63373,4874,4832,529,5361,52
2021-04-11,Trinity,105,12862,482,324,85,409,3
2021-04-11,Tulare,107,460477,49506,48479,8721,57200,824
2021-04-11,Tuolumne,109,53932,3939,3993,37,4030,57
2021-04-11,Ventura,111,848112,80328,79800,2917,82717,985
2021-04-11,Yolo,113,214977,13517,13496,255,13751,198
2021-04-11,Yuba,115,75493,5801,5768,116,5884,43
2021-04-10,Alameda,001,1643700,85037,84626,1854,86480,1238
2021-04-10,Alpine,003,1148,85,85,0,85,0
2021-04-10,Amador,005,37829,3618,3603,33,3636,46
2021-04-10,Butte,007,227075,11828,11482,1694,13176,193
2021-04-10,Calaveras,009,45235,2035,2032,11,2043,50
2021-04-10,Colusa,011,21464,1903,1902,279,2181,14
2021-04-10,Contra Costa,013,1133247,66832,66001,1172,67173,778
2021-04-10,Del Norte,015,27424,1252,1212,11,1223,6
2021-04-10,El Dorado,017,186661,9674,9549,662,10211,106
2021-04-10,Fresno,019,978130,100706,100135,8402,108537,1633
2021-04-10,Glenn,021,27897,2368,2343,538,2881,17
2021-04-10,Humboldt,023,135768,3542,3508,25,3533,35
2021-04-10,Imperial,025,180216,27963,27816,2649,30465,717
2021-04-10,Inyo,027,18085,1392,1387,12,1399,36
2021-04-10,Kern,029,883053,95912,94802,10485,105287,1284
2021-04-10,Kings,031,150075,22861,22614,1048,23662,241
2021-04-10,Lake,033,64148,3406,3368,9,3377,43
2021-04-10,Lassen,035,31185,5155,5146,104,5250,1
2021-04-10,Los Angeles,037,10098052,1193802,1185246,40616,1225862,23493
2021-04-10,Madera,039,155013,16309,16143,911,17054,231
2021-04-10,Marin,041,260295,13794,13731,231,13962,226
2021-04-10,Mariposa,043,17540,400,393,6,399,5
2021-04-10,Mendocino,045,87422,3782,3696,73,3769,46
2021-04-10,Merced,047,269075,30168,30225,1015,31240,435
2021-04-10,Modoc,049,8938,365,352,119,471,3
2021-04-10,Mono,051,14174,1239,1249,17,1266,3
2021-04-10,Monterey,053,433212,42733,42527,1811,44338,346
2021-04-10,Napa,055,140530,9626,9569,34,9603,79
2021-04-10,Nevada,057,99092,4453,4379,184,4563,69
2021-04-10,Orange,059,3164182,252571,251139,11010,262149,4818
2021-04-10,Placer,061,380077,22096,21402,1344,22746,278
2021-04-10,Plumas,063,18699,675,666,10,676,4
2021-04-10,Riverside,065,2383286,290905,285082,13805,298887,4336
2021-04-10,Sacramento,067,1510023,100900,100048,1508,101556,1566
2021-04-10,San Benito,069,59416,5940,5932,108,6040,62
2021-04-10,San Bernardino,071,2135413,290516,288590,8840,297430,4489
2021-04-10,San Diego,073,3302833,273909,273058,13930,286988,3613
2021-04-10,San Francisco,075,870044,35763,35774,1229,37003,498
2021-04-10,San Joaquin,077,732212,70736,69852,3307,73159,1288
2021-04-10,San Luis Obispo,079,281455,20816,20461,648,21109,253
2021-04-10,San Mateo,081,765935,41292,40878,439,41317,350
2021-04-10,Santa Barbara,083,443738,33753,33541,1112,34653,444
2021-04-10,Santa Clara,085,1922200,115742,116015,687,116702,1923
2021-04-10,Santa Cruz,087,273765,15959,15360,806,16166,203
2021-04-10,Shasta,089,179085,11491,11492,1397,12889,189
2021-04-10,Sierra,091,2930,55,51,12,63,0
2021-04-10,Siskiyou,093,43540,1598,1512,275,1787,7
2021-04-10,Solano,095,438530,31362,31218,437,31655,238
2021-04-10,Sonoma,097,501317,29380,29469,293,29762,310
2021-04-10,Stanislaus,099,539301,53954,53596,5706,59302,707
2021-04-10,Sutter,101,95872,9203,9214,83,9297,106
2021-04-10,Tehama,103,63373,4872,4820,527,5347,52
2021-04-10,Trinity,105,12862,482,324,85,409,3
2021-04-10,Tulare,107,460477,49497,48470,8715,57185,824
2021-04-10,Tuolumne,109,53932,3936,3991,37,4028,57
2021-04-10,Ventura,111,848112,80300,79758,2915,82673,985
2021-04-10,Yolo,113,214977,13509,13494,254,13748,198
2021-04-10,Yuba,115,75493,5798,5757,115,5872,43
2021-04-09,Alameda,001,1643700,84970,84404,1846,86250,1237
2021-04-09,Alpine,003,1148,85,85,0,85,0
2021-04-09,Amador,005,37829,3617,3600,33,3633,46
2021-04-09,Butte,007,227075,11818,11454,1693,13147,193
2021-04-09,Calaveras,009,45235,2034,2028,11,2039,50
2021-04-09,Colusa,011,21464,1903,1898,279,2177,14
2021-04-09,Contra Costa,013,1133247,66739,65857,1166,67023,777
2021-04-09,Del Norte,015,27424,1251,1207,11,1218,6
2021-04-09,El Dorado,017,186661,9651,9528,658,10186,106
2021-04-09,Fresno,019,978130,100672,100027,8397,108424,1630
2021-04-09,Glenn,021,27897,2368,2337,538,2875,17
2021-04-09,Humboldt,023,135768,3533,3496,25,3521,35
2021-04-09,Imperial,025,180216,27948,27764,2647,30411,717
2021-04-09,Inyo,027,18085,1391,1386,12,1398,36
2021-04-09,Kern,029,883053,95874,94675,10483,105158,1282
2021-04-09,Kings,031,150075,22852,22595,1045,23640,242
2021-04-09,Lake,033,64148,3402,3362,9,3371,43
2021-04-09,Lassen,035,31185,5155,5140,104,5244,1
2021-04-09,Los Angeles,037,10098052,1193432,1184501,40587,1225088,23458
2021-04-09,Madera,039,155013,16306,16118,911,17029,231
2021-04-09,Marin,041,260295,13787,13721,231,13952,226
2021-04-09,Mariposa,043,17540,400,393,6,399,5
2021-04-09,Mendocino,045,87422,3780,3693,73,3766,46
2021-04-09,Merced,047,269075,30139,30179,1014,31193,435
2021-04-09,Modoc,049,8938,364,352,119,471,3
2021-04-09,Mono,051,14174,1239,1247,17,1264,3
2021-04-09,Monterey,053,433212,42724,42481,1807,44288,344
2021-04-09,Napa,055,140530,9607,9574,34,9608,80
2021-04-09,Nevada,057,99092,4445,4373,184,4557,69
2021-04-09,Orange,059,3164182,252497,250852,11005,261857,4813
2021-04-09,Placer,061,380077,22065,21327,1336,22663,278
2021-04-09,Plumas,063,18699,674,666,10,676,4
2021-04-09,Riverside,065,2383286,290822,284562,13799,298361,4325
2021-04-09,Sacramento,067,1510023,100745,99722,1502,101224,1564
2021-04-09,San Benito,069,59416,5935,5925,107,6032,62
2021-04-09,San Bernardino,071,2135413,290447,288000,8837,296837,4467
2021-04-09,San Diego,073,3302833,273711,272697,13888,286585,3600
2021-04-09,San Francisco,075,870044,35722,35716,1224,36940,497
2021-04-09,San Joaquin,077,732212,70672,69675,3295,72970,1281
2021-04-09,San Luis Obispo,079,281455,20801,20427,648,21075,252
2021-04-09,San Mateo,081,765935,41256,40800,438,41238,350
2021-04-09,Santa Barbara,083,443738,33730,33424,1109,34533,444
2021-04-09,Santa Clara,085,1922200,115658,115749,685,116434,1923
2021-04-09,Santa Cruz,087,273765,15954,15331,806,16137,203
2021-04-09,Shasta,089,179085,11481,11478,1394,12872,188
2021-04-09,Sierra,091,2930,55,51,12,63,0
2021-04-09,Siskiyou,093,43540,1595,1510,274,1784,7
2021-04-09,Solano,095,438530,31329,31166,432,31598,238
2021-04-09,Sonoma,097,501317,29367,29433,293,29726,310
2021-04-09,Stanislaus,099,539301,53899,53504,5697,59201,705
2021-04-09,Sutter,101,95872,9196,9201,83,9284,106
2021-04-09,Tehama,103,63373,4866,4806,527,5333,52
2021-04-09,Trinity,105,12862,481,324,85,409,3
2021-04-09,Tulare,107,460477,49493,48430,8709,57139,824
2021-04-09,Tuolumne,109,53932,3935,3986,37,4023,57
2021-04-09,Ventura,111,848112,80272,79698,2915,82613,987
2021-04-09,Yolo,113,214977,13497,13478,252,13730,198
2021-04-09,Yuba,115,75493,5791,5754,115,5869,43
2021-04-08,Alameda,001,1643700,84864,84213,1843,86056,1232
2021-04-08,Alpine,003,1148,85,85,0,85,0
2021-04-08,Amador,005,37829,3613,3595,33,3628,46
2021-04-08,Butte,007,227075,11807,11414,1692,13106,193
2021-04-08,Calaveras,009,45235,2032,2027,11,2038,50
2021-04-08,Colusa,011,21464,1902,1897,279,2176,14
2021-04-08,Contra Costa,013,1133247,66629,65706,1163,66869,775
2021-04-08,Del Norte,015,27424,1245,1201,11,1212,6
2021-04-08,El Dorado,017,186661,9635,9513,653,10166,106
2021-04-08,Fresno,019,978130,100609,99935,8390,108325,1627
2021-04-08,Glenn,021,27897,2367,2337,538,2875,17
2021-04-08,Humboldt,023,135768,3523,3486,25,3511,35
2021-04-08,Imperial,025,180216,27920,27744,2643,30387,713
2021-04-08,Inyo,027,18085,1390,1386,12,1398,36
2021-04-08,Kern,029,883053,95828,94493,10470,104963,1281
2021-04-08,Kings,031,150075,22845,22589,1043,23632,243
2021-04-08,Lake,033,64148,3395,3360,9,3369,43
2021-04-08,Lassen,035,31185,5154,5136,104,5240,1
2021-04-08,Los Angeles,037,10098052,1192935,1184443,40549,1224992,23416
2021-04-08,Madera,039,155013,16294,16103,911,17014,231
2021-04-08,Marin,041,260295,13780,13704,231,13935,226
2021-04-08,Mariposa,043,17540,399,393,6,399,5
2021-04-08,Mendocino,045,87422,3778,3690,73,3763,45
2021-04-08,Merced,047,269075,30117,30163,1014,31177,430
2021-04-08,Modoc,049,8938,364,352,119,471,3
2021-04-08,Mono,051,14174,1237,1247,17,1264,3
2021-04-08,Monterey,053,433212,42702,42437,1802,44239,342
2021-04-08,Napa,055,140530,9590,9569,34,9603,80
2021-04-08,Nevada,057,99092,4434,4367,184,4551,69
2021-04-08,Orange,059,3164182,252387,250529,10990,261519,4797
2021-04-08,Placer,061,380077,22023,21258,1327,22585,277
2021-04-08,Plumas,063,18699,674,665,10,675,4
2021-04-08,Riverside,065,2383286,290708,283853,13794,297647,4296
2021-04-08,Sacramento,067,1510023,100605,99319,1491,100810,1561
2021-04-08,San Benito,069,59416,5932,5914,105,6019,62
2021-04-08,San Bernardino,071,2135413,290350,287190,8834,296024,4445
2021-04-08,San Diego,073,3302833,273481,272495,13852,286347,3592
2021-04-08,San Francisco,075,870044,35699,35657,1223,36880,494
2021-04-08,San Joaquin,077,732212,70600,69479,3289,72768,1279
2021-04-08,San Luis Obispo,079,281455,20782,20402,646,21048,252
2021-04-08,San Mateo,081,765935,41216,40749,438,41187,350
2021-04-08,Santa Barbara,083,443738,33706,33309,1108,34417,444
2021-04-08,Santa Clara,085,1922200,115552,115487,684,116171,1905
2021-04-08,Santa Cruz,087,273765,15947,15296,806,16102,203
2021-04-08,Shasta,089,179085,11471,11466,1390,12856,186
2021-04-08,Sierra,091,2930,55,51,12,63,0
2021-04-08,Siskiyou,093,43540,1592,1511,274,1785,7
2021-04-08,Solano,095,438530,31280,31120,432,31552,238
2021-04-08,Sonoma,097,501317,29347,29410,292,29702,310
2021-04-08,Stanislaus,099,539301,53821,53401,5687,59088,706
2021-04-08,Sutter,101,95872,9192,9195,83,9278,106
2021-04-08,Tehama,103,63373,4862,4802,527,5329,52
2021-04-08,Trinity,105,12862,481,324,85,409,3
2021-04-08,Tulare,107,460477,49480,48409,8699,57108,821
2021-04-08,Tuolumne,109,53932,3935,3986,37,4023,57
2021-04-08,Ventura,111,848112,80235,79626,2911,82537,986
2021-04-08,Yolo,113,214977,13488,13468,251,13719,198
2021-04-08,Yuba,115,75493,5787,5743,115,5858,43
2021-04-07,Alameda,001,1643700,84780,84130,1841,85971,1224
2021-04-07,Alpine,003,1148,85,85,0,85,0
2021-04-07,Amador,005,37829,3610,3590,33,3623,46
2021-04-07,Butte,007,227075,11803,11405,1689,13094,193
2021-04-07,Calaveras,009,45235,2031,2022,11,2033,50
2021-04-07,Colusa,011,21464,1898,1894,278,2172,14
2021-04-07,Contra Costa,013,1133247,66543,65619,1162,66781,775
2021-04-07,Del Norte,015,27424,1243,1198,11,1209,6
2021-04-07,El Dorado,017,186661,9614,9500,647,10147,106
2021-04-07,Fresno,019,978130,100544,99865,8379,108244,1627
2021-04-07,Glenn,021,27897,2365,2337,537,2874,17
2021-04-07,Humboldt,023,135768,3510,3484,25,3509,35
2021-04-07,Imperial,025,180216,27896,27704,2637,30341,713
2021-04-07,Inyo,027,18085,1389,1386,12,1398,36
2021-04-07,Kern,029,883053,95792,94456,10455,104911,1275
2021-04-07,Kings,031,150075,22843,22589,1043,23632,243
2021-04-07,Lake,033,64148,3393,3358,9,3367,43
2021-04-07,Lassen,035,31185,5154,5137,104,5241,1
2021-04-07,Los Angeles,037,10098052,1192498,1183862,40528,1224390,23372
2021-04-07,Madera,039,155013,16275,16090,910,17000,231
2021-04-07,Marin,041,260295,13769,13688,229,13917,225
2021-04-07,Mariposa,043,17540,398,391,6,397,5
2021-04-07,Mendocino,045,87422,3777,3691,73,3764,45
2021-04-07,Merced,047,269075,30094,30132,1009,31141,430
2021-04-07,Modoc,049,8938,364,351,119,470,3
2021-04-07,Mono,051,14174,1237,1246,17,1263,3
2021-04-07,Monterey,053,433212,42684,42427,1801,44228,341
2021-04-07,Napa,055,140530,9576,9556,34,9590,80
2021-04-07,Nevada,057,99092,4428,4364,184,4548,69
2021-04-07,Orange,059,3164182,252263,250378,10967,261345,4778
2021-04-07,Placer,061,380077,21978,21227,1319,22546,276
2021-04-07,Plumas,063,18699,674,665,10,675,4
2021-04-07,Riverside,065,2383286,290588,283749,13784,297533,4285
2021-04-07,Sacramento,067,1510023,100437,99202,1485,100687,1544
2021-04-07,San Benito,069,59416,5927,5912,104,6016,62
2021-04-07,San Bernardino,071,2135413,290232,286978,8829,295807,4433
2021-04-07,San Diego,073,3302833,273255,272195,13823,286018,3588
2021-04-07,San Francisco,075,870044,35659,35618,1219,36837,493
2021-04-07,San Joaquin,077,732212,70530,69375,3284,72659,1278
2021-04-07,San Luis Obispo,079,281455,20756,20373,643,21016,252
2021-04-07,San Mateo,081,765935,41172,40693,438,41131,350
2021-04-07,Santa Barbara,083,443738,33680,33289,1105,34394,444
2021-04-07,Santa Clara,085,1922200,115420,115311,682,115993,1900
2021-04-07,Santa Cruz,087,273765,15936,15275,806,16081,203
2021-04-07,Shasta,089,179085,11459,11456,1385,12841,184
2021-04-07,Sierra,091,2930,55,51,12,63,0
2021-04-07,Siskiyou,093,43540,1586,1512,273,1785,7
2021-04-07,Solano,095,438530,31229,31097,431,31528,238
2021-04-07,Sonoma,097,501317,29329,29394,291,29685,310
2021-04-07,Stanislaus,099,539301,53752,53344,5677,59021,686
2021-04-07,Sutter,101,95872,9189,9188,83,9271,106
2021-04-07,Tehama,103,63373,4854,4802,525,5327,52
2021-04-07,Trinity,105,12862,481,322,85,407,3
2021-04-07,Tulare,107,460477,49465,48386,8689,57075,820
2021-04-07,Tuolumne,109,53932,3933,3982,37,4019,57
2021-04-07,Ventura,111,848112,80201,79595,2909,82504,986
2021-04-07,Yolo,113,214977,13473,13450,249,13699,198
2021-04-07,Yuba,115,75493,5783,5737,115,5852,43
2021-04-06,Alameda,001,1643700,84668,84091,1837,85928,1223
2021-04-06,Alpine,003,1148,85,85,0,85,0
2021-04-06,Amador,005,37829,3609,3587,33,3620,45
2021-04-06,Butte,007,227075,11788,11396,1687,13083,193
2021-04-06,Calaveras,009,45235,2027,2021,11,2032,50
2021-04-06,Colusa,011,21464,1896,1894,276,2170,14
2021-04-06,Contra Costa,013,1133247,66465,65575,1161,66736,774
2021-04-06,Del Norte,015,27424,1238,1197,11,1208,6
2021-04-06,El Dorado,017,186661,9584,9489,645,10134,106
2021-04-06,Fresno,019,978130,100480,99814,8373,108187,1626
2021-04-06,Glenn,021,27897,2364,2335,536,2871,17
2021-04-06,Humboldt,023,135768,3501,3477,25,3502,35
2021-04-06,Imperial,025,180216,27862,27661,2627,30288,713
2021-04-06,Inyo,027,18085,1389,1379,12,1391,36
2021-04-06,Kern,029,883053,95748,94422,10449,104871,1259
2021-04-06,Kings,031,150075,22837,22587,1043,23630,240
2021-04-06,Lake,033,64148,3390,3358,9,3367,43
2021-04-06,Lassen,035,31185,5152,5137,104,5241,1
2021-04-06,Los Angeles,037,10098052,1191985,1183499,40489,1223988,23323
2021-04-06,Madera,039,155013,16255,16085,905,16990,230
2021-04-06,Marin,041,260295,13760,13675,225,13900,224
2021-04-06,Mariposa,043,17540,398,390,6,396,5
2021-04-06,Mendocino,045,87422,3775,3686,73,3759,45
2021-04-06,Merced,047,269075,30065,30100,1004,31104,430
2021-04-06,Modoc,049,8938,363,351,119,470,3
2021-04-06,Mono,051,14174,1237,1246,17,1263,3
2021-04-06,Monterey,053,433212,42675,42412,1800,44212,341
2021-04-06,Napa,055,140530,9557,9509,34,9543,78
2021-04-06,Nevada,057,99092,4418,4356,182,4538,69
2021-04-06,Orange,059,3164182,252154,250304,10953,261257,4771
2021-04-06,Placer,061,380077,21930,21184,1317,22501,276
2021-04-06,Plumas,063,18699,674,665,10,675,4
2021-04-06,Riverside,065,2383286,290407,283622,13773,297395,4264
2021-04-06,Sacramento,067,1510023,100228,99110,1479,100589,1537
2021-04-06,San Benito,069,59416,5918,5907,104,6011,62
2021-04-06,San Bernardino,071,2135413,290118,286792,8819,295611,4428
2021-04-06,San Diego,073,3302833,272993,271867,13795,285662,3585
2021-04-06,San Francisco,075,870044,35616,35572,1219,36791,488
2021-04-06,San Joaquin,077,732212,70447,69316,3272,72588,1278
2021-04-06,San Luis Obispo,079,281455,20734,20350,640,20990,252
2021-04-06,San Mateo,081,765935,41124,40649,437,41086,350
2021-04-06,Santa Barbara,083,443738,33662,33257,1104,34361,443
2021-04-06,Santa Clara,085,1922200,115249,115184,681,115865,1900
2021-04-06,Santa Cruz,087,273765,15926,15252,806,16058,203
2021-04-06,Shasta,089,179085,11438,11443,1383,12826,184
2021-04-06,Sierra,091,2930,55,51,12,63,0
2021-04-06,Siskiyou,093,43540,1582,1510,272,1782,7
2021-04-06,Solano,095,438530,31182,31078,430,31508,237
2021-04-06,Sonoma,097,501317,29304,29386,289,29675,311
2021-04-06,Stanislaus,099,539301,53695,53304,5671,58975,686
2021-04-06,Sutter,101,95872,9179,9179,83,9262,106
2021-04-06,Tehama,103,63373,4845,4798,525,5323,52
2021-04-06,Trinity,105,12862,481,321,85,406,3
2021-04-06,Tulare,107,460477,49422,48372,8685,57057,819
2021-04-06,Tuolumne,109,53932,3933,3981,37,4018,57
2021-04-06,Ventura,111,848112,80164,79556,2907,82463,983
2021-04-06,Yolo,113,214977,13460,13443,248,13691,198
2021-04-06,Yuba,115,75493,5779,5733,114,5847,43
2021-04-05,Alameda,001,1643700,84552,84007,1833,85840,1219
2021-04-05,Alpine,003,1148,85,85,0,85,0
2021-04-05,Amador,005,37829,3606,3584,33,3617,45
2021-04-05,Butte,007,227075,11773,11384,1686,13070,193
2021-04-05,Calaveras,009,45235,2025,2019,11,2030,50
2021-04-05,Colusa,011,21464,1896,1894,275,2169,14
2021-04-05,Contra Costa,013,1133247,66399,65457,1159,66616,774
2021-04-05,Del Norte,015,27424,1236,1189,11,1200,6
2021-04-05,El Dorado,017,186661,9569,9463,645,10108,106
2021-04-05,Fresno,019,978130,100392,99755,8365,108120,1622
2021-04-05,Glenn,021,27897,2363,2335,536,2871,17
2021-04-05,Humboldt,023,135768,3492,3475,25,3500,35
2021-04-05,Imperial,025,180216,27830,27604,2622,30226,710
2021-04-05,Inyo,027,18085,1386,1377,12,1389,36
2021-04-05,Kern,029,883053,95693,94401,10424,104825,1249
2021-04-05,Kings,031,150075,22833,22580,1043,23623,239
2021-04-05,Lake,033,64148,3382,3359,9,3368,43
2021-04-05,Lassen,035,31185,5152,5138,103,5241,1
2021-04-05,Los Angeles,037,10098052,1191450,1183200,40439,1223639,23302
2021-04-05,Madera,039,155013,16241,16065,904,16969,230
2021-04-05,Marin,041,260295,13746,13666,221,13887,221
2021-04-05,Mariposa,043,17540,398,390,6,396,5
2021-04-05,Mendocino,045,87422,3773,3687,73,3760,45
2021-04-05,Merced,047,269075,30039,30068,1002,31070,427
2021-04-05,Modoc,049,8938,361,346,119,465,3
2021-04-05,Mono,051,14174,1237,1246,17,1263,3
2021-04-05,Monterey,053,433212,42662,42396,1796,44192,341
2021-04-05,Napa,055,140530,9534,9492,34,9526,78
2021-04-05,Nevada,057,99092,4407,4346,182,4528,69
2021-04-05,Orange,059,3164182,252039,250177,10929,261106,4759
2021-04-05,Placer,061,380077,21884,21133,1310,22443,276
2021-04-05,Plumas,063,18699,674,666,10,676,4
2021-04-05,Riverside,065,2383286,290270,283549,13761,297310,4237
2021-04-05,Sacramento,067,1510023,100066,98908,1471,100379,1533
2021-04-05,San Benito,069,59416,5912,5904,104,6008,61
2021-04-05,San Bernardino,071,2135413,290008,286597,8816,295413,4425
2021-04-05,San Diego,073,3302833,272744,271655,13754,285409,3583
2021-04-05,San Francisco,075,870044,35585,35538,1219,36757,488
2021-04-05,San Joaquin,077,732212,70358,69214,3263,72477,1268
2021-04-05,San Luis Obispo,079,281455,20697,20333,640,20973,252
2021-04-05,San Mateo,081,765935,41080,40609,436,41045,350
2021-04-05,Santa Barbara,083,443738,33627,33235,1104,34339,443
2021-04-05,Santa Clara,085,1922200,115082,115091,678,115769,1893
2021-04-05,Santa Cruz,087,273765,15919,15228,806,16034,201
2021-04-05,Shasta,089,179085,11417,11435,1380,12815,184
2021-04-05,Sierra,091,2930,55,50,12,62,0
2021-04-05,Siskiyou,093,43540,1579,1509,270,1779,7
2021-04-05,Solano,095,438530,31141,31026,428,31454,237
2021-04-05,Sonoma,097,501317,29272,29361,287,29648,311
2021-04-05,Stanislaus,099,539301,53615,53238,5668,58906,686
2021-04-05,Sutter,101,95872,9172,9169,83,9252,106
2021-04-05,Tehama,103,63373,4839,4794,525,5319,52
2021-04-05,Trinity,105,12862,480,321,85,406,3
2021-04-05,Tulare,107,460477,49410,48356,8678,57034,818
2021-04-05,Tuolumne,109,53932,3932,3980,37,4017,57
2021-04-05,Ventura,111,848112,80133,79549,2904,82453,983
2021-04-05,Yolo,113,214977,13446,13427,247,13674,198
2021-04-05,Yuba,115,75493,5774,5728,113,5841,43
2021-04-04,Alameda,001,1643700,84434,83951,1829,85780,1219
2021-04-04,Alpine,003,1148,85,85,0,85,0
2021-04-04,Amador,005,37829,3600,3582,33,3615,45
2021-04-04,Butte,007,227075,11758,11375,1685,13060,193
2021-04-04,Calaveras,009,45235,2021,2020,11,2031,50
2021-04-04,Colusa,011,21464,1895,1893,275,2168,14
2021-04-04,Contra Costa,013,1133247,66293,65408,1154,66562,774
2021-04-04,Del Norte,015,27424,1228,1186,11,1197,6
2021-04-04,El Dorado,017,186661,9550,9455,641,10096,106
2021-04-04,Fresno,019,978130,100318,99702,8352,108054,1622
2021-04-04,Glenn,021,27897,2360,2335,535,2870,17
2021-04-04,Humboldt,023,135768,3481,3472,25,3497,35
2021-04-04,Imperial,025,180216,27774,27588,2620,30208,710
2021-04-04,Inyo,027,18085,1382,1377,12,1389,36
2021-04-04,Kern,029,883053,95649,94388,10403,104791,1247
2021-04-04,Kings,031,150075,22831,22580,1042,23622,239
2021-04-04,Lake,033,64148,3376,3355,8,3363,43
2021-04-04,Lassen,035,31185,5150,5138,103,5241,1
2021-04-04,Los Angeles,037,10098052,1190906,1182872,40394,1223266,23301
2021-04-04,Madera,039,155013,16215,16052,900,16952,230
2021-04-04,Marin,041,260295,13733,13663,220,13883,221
2021-04-04,Mariposa,043,17540,398,390,6,396,5
2021-04-04,Mendocino,045,87422,3770,3684,73,3757,45
2021-04-04,Merced,047,269075,29996,30048,999,31047,427
2021-04-04,Modoc,049,8938,361,346,119,465,3
2021-04-04,Mono,051,14174,1236,1245,17,1262,3
2021-04-04,Monterey,053,433212,42645,42391,1795,44186,341
2021-04-04,Napa,055,140530,9522,9486,34,9520,78
2021-04-04,Nevada,057,99092,4395,4337,182,4519,69
2021-04-04,Orange,059,3164182,251905,250117,10913,261030,4759
2021-04-04,Placer,061,380077,21838,21104,1292,22396,276
2021-04-04,Plumas,063,18699,674,666,10,676,4
2021-04-04,Riverside,065,2383286,290144,283537,13757,297294,4237
2021-04-04,Sacramento,067,1510023,99867,98821,1462,100283,1531
2021-04-04,San Benito,069,59416,5902,5901,100,6001,61
2021-04-04,San Bernardino,071,2135413,289868,286561,8808,295369,4423
2021-04-04,San Diego,073,3302833,272432,271528,13713,285241,3583
2021-04-04,San Francisco,075,870044,35531,35525,1216,36741,488
2021-04-04,San Joaquin,077,732212,70257,69147,3251,72398,1268
2021-04-04,San Luis Obispo,079,281455,20665,20328,632,20960,252
2021-04-04,San Mateo,081,765935,41037,40587,433,41020,350
2021-04-04,Santa Barbara,083,443738,33591,33213,1104,34317,443
2021-04-04,Santa Clara,085,1922200,114916,114976,671,115647,1893
2021-04-04,Santa Cruz,087,273765,15910,15219,806,16025,201
2021-04-04,Shasta,089,179085,11391,11433,1379,12812,184
2021-04-04,Sierra,091,2930,55,50,12,62,0
2021-04-04,Siskiyou,093,43540,1576,1509,266,1775,7
2021-04-04,Solano,095,438530,31094,31002,426,31428,237
2021-04-04,Sonoma,097,501317,29240,29340,285,29625,311
2021-04-04,Stanislaus,099,539301,53522,53181,5660,58841,686
2021-04-04,Sutter,101,95872,9165,9164,83,9247,106
2021-04-04,Tehama,103,63373,4827,4792,524,5316,52
2021-04-04,Trinity,105,12862,478,321,85,406,3
2021-04-04,Tulare,107,460477,49394,48343,8670,57013,818
2021-04-04,Tuolumne,109,53932,3924,3980,37,4017,57
2021-04-04,Ventura,111,848112,80090,79526,2902,82428,983
2021-04-04,Yolo,113,214977,13425,13425,246,13671,198
2021-04-04,Yuba,115,75493,5767,5722,113,5835,43
2021-04-03,Alameda,001,1643700,84367,83861,1827,85688,1218
2021-04-03,Alpine,003,1148,85,85,0,85,0
2021-04-03,Amador,005,37829,3597,3577,33,3610,45
2021-04-03,Butte,007,227075,11754,11359,1681,13040,193
2021-04-03,Calaveras,009,45235,2019,2019,11,2030,50
2021-04-03,Colusa,011,21464,1895,1891,275,2166,14
2021-04-03,Contra Costa,013,1133247,66221,65338,1154,66492,774
2021-04-03,Del Norte,015,27424,1223,1183,11,1194,6
2021-04-03,El Dorado,017,186661,9541,9448,640,10088,106
2021-04-03,Fresno,019,978130,100261,99602,8346,107948,1622
2021-04-03,Glenn,021,27897,2359,2334,534,2868,17
2021-04-03,Humboldt,023,135768,3479,3467,25,3492,35
2021-04-03,Imperial,025,180216,27758,27572,2617,30189,710
2021-04-03,Inyo,027,18085,1381,1376,12,1388,36
2021-04-03,Kern,029,883053,95623,94369,10387,104756,1243
2021-04-03,Kings,031,150075,22829,22580,1042,23622,239
2021-04-03,Lake,033,64148,3375,3350,8,3358,43
2021-04-03,Lassen,035,31185,5149,5136,103,5239,1
2021-04-03,Los Angeles,037,10098052,1190603,1182402,40377,1222779,23301
2021-04-03,Madera,039,155013,16206,16051,898,16949,230
2021-04-03,Marin,041,260295,13725,13658,219,13877,221
2021-04-03,Mariposa,043,17540,398,390,5,395,5
2021-04-03,Mendocino,045,87422,3769,3684,73,3757,45
2021-04-03,Merced,047,269075,29981,30031,999,31030,427
2021-04-03,Modoc,049,8938,361,346,119,465,3
2021-04-03,Mono,051,14174,1236,1245,17,1262,3
2021-04-03,Monterey,053,433212,42632,42376,1793,44169,341
2021-04-03,Napa,055,140530,9513,9473,34,9507,78
2021-04-03,Nevada,057,99092,4391,4323,182,4505,69
2021-04-03,Orange,059,3164182,251825,249982,10895,260877,4755
2021-04-03,Placer,061,380077,21807,21060,1288,22348,276
2021-04-03,Plumas,063,18699,674,666,10,676,4
2021-04-03,Riverside,065,2383286,290066,283423,13754,297177,4237
2021-04-03,Sacramento,067,1510023,99759,98660,1456,100116,1531
2021-04-03,San Benito,069,59416,5899,5893,99,5992,61
2021-04-03,San Bernardino,071,2135413,289803,286473,8802,295275,4422
2021-04-03,San Diego,073,3302833,272263,271335,13696,285031,3571
2021-04-03,San Francisco,075,870044,35512,35488,1214,36702,489
2021-04-03,San Joaquin,077,732212,70216,69100,3235,72335,1268
2021-04-03,San Luis Obispo,079,281455,20646,20301,632,20933,252
2021-04-03,San Mateo,081,765935,41012,40560,433,40993,350
2021-04-03,Santa Barbara,083,443738,33565,33172,1103,34275,443
2021-04-03,Santa Clara,085,1922200,114808,114865,669,115534,1893
2021-04-03,Santa Cruz,087,273765,15903,15205,806,16011,201
2021-04-03,Shasta,089,179085,11383,11418,1379,12797,184
2021-04-03,Sierra,091,2930,55,50,12,62,0
2021-04-03,Siskiyou,093,43540,1575,1509,266,1775,7
2021-04-03,Solano,095,438530,31073,30970,423,31393,237
2021-04-03,Sonoma,097,501317,29224,29315,284,29599,311
2021-04-03,Stanislaus,099,539301,53487,53137,5654,58791,686
2021-04-03,Sutter,101,95872,9159,9158,83,9241,106
2021-04-03,Tehama,103,63373,4819,4788,524,5312,52
2021-04-03,Trinity,105,12862,478,321,85,406,3
2021-04-03,Tulare,107,460477,49384,48327,8666,56993,818
2021-04-03,Tuolumne,109,53932,3924,3980,37,4017,57
2021-04-03,Ventura,111,848112,80069,79489,2900,82389,983
2021-04-03,Yolo,113,214977,13419,13414,246,13660,198
2021-04-03,Yuba,115,75493,5761,5716,113,5829,43
2021-04-02,Alameda,001,1643700,84293,83776,1824,85600,1217
2021-04-02,Alpine,003,1148,85,85,0,85,0
2021-04-02,Amador,005,37829,3593,3573,32,3605,45
2021-04-02,Butte,007,227075,11746,11350,1681,13031,193
2021-04-02,Calaveras,009,45235,2017,2010,11,2021,50
2021-04-02,Colusa,011,21464,1895,1891,275,2166,14
2021-04-02,Contra Costa,013,1133247,66157,65299,1153,66452,774
2021-04-02,Del Norte,015,27424,1220,1174,11,1185,6
2021-04-02,El Dorado,017,186661,9528,9437,637,10074,106
2021-04-02,Fresno,019,978130,100207,99551,8335,107886,1620
2021-04-02,Glenn,021,27897,2359,2331,534,2865,17
2021-04-02,Humboldt,023,135768,3475,3465,25,3490,35
2021-04-02,Imperial,025,180216,27746,27553,2611,30164,710
2021-04-02,Inyo,027,18085,1381,1377,12,1389,36
2021-04-02,Kern,029,883053,95605,94348,10384,104732,1233
2021-04-02,Kings,031,150075,22829,22571,1039,23610,239
2021-04-02,Lake,033,64148,3373,3348,8,3356,43
2021-04-02,Lassen,035,31185,5149,5134,103,5237,1
2021-04-02,Los Angeles,037,10098052,1190294,1181682,40354,1222036,23264
2021-04-02,Madera,039,155013,16197,16036,897,16933,230
2021-04-02,Marin,041,260295,13717,13649,219,13868,221
2021-04-02,Mariposa,043,17540,396,390,5,395,5
2021-04-02,Mendocino,045,87422,3766,3682,73,3755,45
2021-04-02,Merced,047,269075,29956,29998,999,30997,426
2021-04-02,Modoc,049,8938,358,346,119,465,3
2021-04-02,Mono,051,14174,1236,1246,17,1263,3
2021-04-02,Monterey,053,433212,42622,42359,1790,44149,341
2021-04-02,Napa,055,140530,9498,9453,34,9487,78
2021-04-02,Nevada,057,99092,4387,4323,182,4505,69
2021-04-02,Orange,059,3164182,251729,249891,10882,260773,4748
2021-04-02,Placer,061,380077,21771,21035,1282,22317,275
2021-04-02,Plumas,063,18699,674,666,10,676,4
2021-04-02,Riverside,065,2383286,289980,283328,13745,297073,4213
2021-04-02,Sacramento,067,1510023,99652,98648,1449,100097,1527
2021-04-02,San Benito,069,59416,5897,5888,97,5985,61
2021-04-02,San Bernardino,071,2135413,289730,286308,8798,295106,4417
2021-04-02,San Diego,073,3302833,272077,271036,13670,284706,3568
2021-04-02,San Francisco,075,870044,35477,35451,1212,36663,488
2021-04-02,San Joaquin,077,732212,70151,68996,3220,72216,1268
2021-04-02,San Luis Obispo,079,281455,20629,20271,631,20902,252
2021-04-02,San Mateo,081,765935,40970,40514,433,40947,350
2021-04-02,Santa Barbara,083,443738,33537,33145,1103,34248,443
2021-04-02,Santa Clara,085,1922200,114697,114777,667,115444,1882
2021-04-02,Santa Cruz,087,273765,15895,15216,806,16022,202
2021-04-02,Shasta,089,179085,11378,11377,1371,12748,181
2021-04-02,Sierra,091,2930,55,50,12,62,0
2021-04-02,Siskiyou,093,43540,1575,1508,265,1773,7
2021-04-02,Solano,095,438530,31044,30951,420,31371,237
2021-04-02,Sonoma,097,501317,29203,29288,283,29571,311
2021-04-02,Stanislaus,099,539301,53442,53073,5648,58721,687
2021-04-02,Sutter,101,95872,9151,9131,83,9214,106
2021-04-02,Tehama,103,63373,4812,4775,523,5298,52
2021-04-02,Trinity,105,12862,478,320,85,405,3
2021-04-02,Tulare,107,460477,49378,48306,8660,56966,818
2021-04-02,Tuolumne,109,53932,3921,3980,37,4017,57
2021-04-02,Ventura,111,848112,80041,79434,2898,82332,982
2021-04-02,Yolo,113,214977,13409,13381,246,13627,197
2021-04-02,Yuba,115,75493,5757,5709,113,5822,44
2021-04-01,Alameda,001,1643700,84214,83574,1819,85393,1216
2021-04-01,Alpine,003,1148,85,85,0,85,0
2021-04-01,Amador,005,37829,3589,3558,32,3590,45
2021-04-01,Butte,007,227075,11728,11328,1679,13007,193
2021-04-01,Calaveras,009,45235,2013,2006,11,2017,50
2021-04-01,Colusa,011,21464,1892,1890,275,2165,14
2021-04-01,Contra Costa,013,1133247,66097,65176,1151,66327,771
2021-04-01,Del Norte,015,27424,1215,1138,11,1149,6
2021-04-01,El Dorado,017,186661,9519,9393,633,10026,106
2021-04-01,Fresno,019,978130,100154,99317,8327,107644,1616
2021-04-01,Glenn,021,27897,2359,2322,533,2855,17
2021-04-01,Humboldt,023,135768,3471,3464,25,3489,35
2021-04-01,Imperial,025,180216,27716,27520,2605,30125,710
2021-04-01,Inyo,027,18085,1380,1374,12,1386,36
2021-04-01,Kern,029,883053,95569,94244,10372,104616,1233
2021-04-01,Kings,031,150075,22822,22560,1038,23598,239
2021-04-01,Lake,033,64148,3368,3337,8,3345,43
2021-04-01,Lassen,035,31185,5148,5132,103,5235,1
2021-04-01,Los Angeles,037,10098052,1189802,1181101,40325,1221426,23220
2021-04-01,Madera,039,155013,16181,16023,897,16920,230
2021-04-01,Marin,041,260295,13707,13635,219,13854,221
2021-04-01,Mariposa,043,17540,394,389,5,394,5
2021-04-01,Mendocino,045,87422,3766,3680,73,3753,45
2021-04-01,Merced,047,269075,29923,29820,999,30819,425
2021-04-01,Modoc,049,8938,357,346,119,465,3
2021-04-01,Mono,051,14174,1236,1245,17,1262,3
2021-04-01,Monterey,053,433212,42614,42324,1788,44112,339
2021-04-01,Napa,055,140530,9486,9410,34,9444,78
2021-04-01,Nevada,057,99092,4377,4288,181,4469,68
2021-04-01,Orange,059,3164182,251609,249617,10865,260482,4742
2021-04-01,Placer,061,380077,21732,20909,1270,22179,274
2021-04-01,Plumas,063,18699,674,664,10,674,4
2021-04-01,Riverside,065,2383286,289875,283128,13742,296870,4193
2021-04-01,Sacramento,067,1510023,99508,97952,1435,99387,1521
2021-04-01,San Benito,069,59416,5889,5878,96,5974,61
2021-04-01,San Bernardino,071,2135413,289613,286086,8789,294875,4404
2021-04-01,San Diego,073,3302833,271853,270540,13640,284180,3555
2021-04-01,San Francisco,075,870044,35456,35386,1209,36595,488
2021-04-01,San Joaquin,077,732212,70069,68802,3212,72014,1262
2021-04-01,San Luis Obispo,079,281455,20600,20235,630,20865,252
2021-04-01,San Mateo,081,765935,40929,40454,433,40887,350
2021-04-01,Santa Barbara,083,443738,33490,33096,1098,34194,443
2021-04-01,Santa Clara,085,1922200,114584,114606,666,115272,1874
2021-04-01,Santa Cruz,087,273765,15880,15271,806,16077,202
2021-04-01,Shasta,089,179085,11363,11355,1366,12721,181
2021-04-01,Sierra,091,2930,55,50,12,62,0
2021-04-01,Siskiyou,093,43540,1573,1507,264,1771,7
2021-04-01,Solano,095,438530,31011,30850,417,31267,237
2021-04-01,Sonoma,097,501317,29172,29241,276,29517,311
2021-04-01,Stanislaus,099,539301,53379,52825,5642,58467,687
2021-04-01,Sutter,101,95872,9139,9105,83,9188,106
2021-04-01,Tehama,103,63373,4806,4764,520,5284,52
2021-04-01,Trinity,105,12862,478,319,85,404,3
2021-04-01,Tulare,107,460477,49355,48279,8650,56929,817
2021-04-01,Tuolumne,109,53932,3919,3978,37,4015,57
2021-04-01,Ventura,111,848112,80017,79369,2897,82266,977
2021-04-01,Yolo,113,214977,13396,13342,246,13588,197
2021-04-01,Yuba,115,75493,5752,5694,113,5807,44
2021-03-31,Alameda,001,1643700,84133,83475,1814,85289,1215
2021-03-31,Alpine,003,1148,85,85,0,85,0
2021-03-31,Amador,005,37829,3586,3556,32,3588,45
2021-03-31,Butte,007,227075,11718,11321,1676,12997,193
2021-03-31,Calaveras,009,45235,2011,2005,11,2016,50
2021-03-31,Colusa,011,21464,1892,1890,275,2165,14
2021-03-31,Contra Costa,013,1133247,66012,65109,1150,66259,769
2021-03-31,Del Norte,015,27424,1206,1129,11,1140,6
2021-03-31,El Dorado,017,186661,9502,9390,633,10023,106
2021-03-31,Fresno,019,978130,100061,99240,8310,107550,1616
2021-03-31,Glenn,021,27897,2355,2318,531,2849,17
2021-03-31,Humboldt,023,135768,3465,3460,25,3485,35
2021-03-31,Imperial,025,180216,27696,27506,2604,30110,710
2021-03-31,Inyo,027,18085,1377,1373,11,1384,35
2021-03-31,Kern,029,883053,95526,94205,10363,104568,1229
2021-03-31,Kings,031,150075,22819,22540,1038,23578,239
2021-03-31,Lake,033,64148,3364,3332,8,3340,43
2021-03-31,Lassen,035,31185,5144,5132,103,5235,1
2021-03-31,Los Angeles,037,10098052,1189333,1180538,40286,1220824,23171
2021-03-31,Madera,039,155013,16167,16015,896,16911,229
2021-03-31,Marin,041,260295,13696,13624,219,13843,221
2021-03-31,Mariposa,043,17540,394,389,5,394,5
2021-03-31,Mendocino,045,87422,3760,3675,73,3748,45
2021-03-31,Merced,047,269075,29894,29780,999,30779,423
2021-03-31,Modoc,049,8938,357,346,119,465,3
2021-03-31,Mono,051,14174,1236,1245,17,1262,3
2021-03-31,Monterey,053,433212,42597,42309,1786,44095,338
2021-03-31,Napa,055,140530,9468,9401,34,9435,78
2021-03-31,Nevada,057,99092,4371,4283,181,4464,68
2021-03-31,Orange,059,3164182,251498,249518,10850,260368,4731
2021-03-31,Placer,061,380077,21682,20885,1263,22148,271
2021-03-31,Plumas,063,18699,673,663,10,673,4
2021-03-31,Riverside,065,2383286,289773,283006,13732,296738,4171
2021-03-31,Sacramento,067,1510023,99333,97760,1428,99188,1519
2021-03-31,San Benito,069,59416,5879,5875,96,5971,61
2021-03-31,San Bernardino,071,2135413,289519,285916,8786,294702,4356
2021-03-31,San Diego,073,3302833,271622,270288,13605,283893,3555
2021-03-31,San Francisco,075,870044,35411,35347,1208,36555,474
2021-03-31,San Joaquin,077,732212,69980,68685,3196,71881,1259
2021-03-31,San Luis Obispo,079,281455,20578,20215,629,20844,251
2021-03-31,San Mateo,081,765935,40899,40423,433,40856,350
2021-03-31,Santa Barbara,083,443738,33458,33052,1096,34148,443
2021-03-31,Santa Clara,085,1922200,114457,114499,666,115165,1874
2021-03-31,Santa Cruz,087,273765,15867,15295,805,16100,201
2021-03-31,Shasta,089,179085,11351,11327,1358,12685,179
2021-03-31,Sierra,091,2930,55,50,12,62,0
2021-03-31,Siskiyou,093,43540,1572,1505,264,1769,7
2021-03-31,Solano,095,438530,30965,30824,416,31240,235
2021-03-31,Sonoma,097,501317,29145,29216,276,29492,311
2021-03-31,Stanislaus,099,539301,53311,52782,5630,58412,687
2021-03-31,Sutter,101,95872,9128,9111,83,9194,106
2021-03-31,Tehama,103,63373,4801,4762,518,5280,52
2021-03-31,Trinity,105,12862,478,319,85,404,3
2021-03-31,Tulare,107,460477,49335,48261,8634,56895,816
2021-03-31,Tuolumne,109,53932,3918,3976,37,4013,57
2021-03-31,Ventura,111,848112,79985,79326,2893,82219,969
2021-03-31,Yolo,113,214977,13379,13359,245,13604,197
2021-03-31,Yuba,115,75493,5745,5686,113,5799,44
2021-03-30,Alameda,001,1643700,84033,83395,1811,85206,1211
2021-03-30,Alpine,003,1148,85,85,0,85,0
2021-03-30,Amador,005,37829,3583,3551,32,3583,45
2021-03-30,Butte,007,227075,11706,11296,1673,12969,193
2021-03-30,Calaveras,009,45235,2007,1997,11,2008,50
2021-03-30,Colusa,011,21464,1891,1890,274,2164,14
2021-03-30,Contra Costa,013,1133247,65923,65041,1148,66189,767
2021-03-30,Del Norte,015,27424,1198,1118,10,1128,6
2021-03-30,El Dorado,017,186661,9483,9381,630,10011,105
2021-03-30,Fresno,019,978130,99996,99156,8297,107453,1609
2021-03-30,Glenn,021,27897,2355,2310,530,2840,17
2021-03-30,Humboldt,023,135768,3463,3461,25,3486,35
2021-03-30,Imperial,025,180216,27668,27471,2602,30073,706
2021-03-30,Inyo,027,18085,1377,1374,11,1385,35
2021-03-30,Kern,029,883053,95484,94151,10354,104505,1221
2021-03-30,Kings,031,150075,22815,22530,1036,23566,238
2021-03-30,Lake,033,64148,3358,3330,8,3338,43
2021-03-30,Lassen,035,31185,5144,5132,103,5235,1
2021-03-30,Los Angeles,037,10098052,1188837,1180044,40263,1220307,23136
2021-03-30,Madera,039,155013,16157,16003,892,16895,229
2021-03-30,Marin,041,260295,13687,13611,211,13822,221
2021-03-30,Mariposa,043,17540,394,388,5,393,5
2021-03-30,Mendocino,045,87422,3758,3670,73,3743,45
2021-03-30,Merced,047,269075,29857,29731,999,30730,423
2021-03-30,Modoc,049,8938,356,346,119,465,3
2021-03-30,Mono,051,14174,1235,1245,17,1262,3
2021-03-30,Monterey,053,433212,42571,42308,1784,44092,338
2021-03-30,Napa,055,140530,9453,9391,34,9425,78
2021-03-30,Nevada,057,99092,4359,4266,180,4446,68
2021-03-30,Orange,059,3164182,251369,249412,10823,260235,4727
2021-03-30,Placer,061,380077,21642,20866,1257,22123,271
2021-03-30,Plumas,063,18699,673,661,10,671,4
2021-03-30,Riverside,065,2383286,289648,282930,13723,296653,4154
2021-03-30,Sacramento,067,1510023,99196,97718,1424,99142,1516
2021-03-30,San Benito,069,59416,5873,5870,96,5966,61
2021-03-30,San Bernardino,071,2135413,289411,285758,8777,294535,4343
2021-03-30,San Diego,073,3302833,271383,269998,13567,283565,3555
2021-03-30,San Francisco,075,870044,35361,35325,1207,36532,474
2021-03-30,San Joaquin,077,732212,69892,68613,3186,71799,1232
2021-03-30,San Luis Obispo,079,281455,20558,20194,629,20823,251
2021-03-30,San Mateo,081,765935,40855,40377,433,40810,349
2021-03-30,Santa Barbara,083,443738,33433,33016,1096,34112,441
2021-03-30,Santa Clara,085,1922200,114334,114413,665,115078,1873
2021-03-30,Santa Cruz,087,273765,15861,15278,805,16083,201
2021-03-30,Shasta,089,179085,11343,11316,1357,12673,184
2021-03-30,Sierra,091,2930,55,50,12,62,0
2021-03-30,Siskiyou,093,43540,1571,1501,264,1765,7
2021-03-30,Solano,095,438530,30935,30802,415,31217,232
2021-03-30,Sonoma,097,501317,29113,29198,276,29474,311
2021-03-30,Stanislaus,099,539301,53233,52690,5622,58312,677
2021-03-30,Sutter,101,95872,9124,9107,82,9189,106
2021-03-30,Tehama,103,63373,4792,4748,517,5265,52
2021-03-30,Trinity,105,12862,478,316,85,401,3
2021-03-30,Tulare,107,460477,49320,48249,8625,56874,815
2021-03-30,Tuolumne,109,53932,3913,3972,37,4009,57
2021-03-30,Ventura,111,848112,79941,79282,2890,82172,958
2021-03-30,Yolo,113,214977,13366,13353,245,13598,195
2021-03-30,Yuba,115,75493,5734,5679,107,5786,42
2021-03-29,Alameda,001,1643700,83931,83338,1809,85147,1211
2021-03-29,Alpine,003,1148,85,85,0,85,0
2021-03-29,Amador,005,37829,3577,3549,32,3581,45
2021-03-29,Butte,007,227075,11697,11291,1670,12961,191
2021-03-29,Calaveras,009,45235,2005,1998,11,2009,50
2021-03-29,Colusa,011,21464,1891,1889,273,2162,14
2021-03-29,Contra Costa,013,1133247,65854,64971,1147,66118,767
2021-03-29,Del Norte,015,27424,1193,1116,9,1125,6
2021-03-29,El Dorado,017,186661,9463,9374,624,9998,105
2021-03-29,Fresno,019,978130,99913,99085,8282,107367,1606
2021-03-29,Glenn,021,27897,2348,2310,530,2840,17
2021-03-29,Humboldt,023,135768,3458,3459,25,3484,34
2021-03-29,Imperial,025,180216,27647,27442,2600,30042,704
2021-03-29,Inyo,027,18085,1377,1372,11,1383,35
2021-03-29,Kern,029,883053,95437,94098,10334,104432,1220
2021-03-29,Kings,031,150075,22803,22522,1035,23557,238
2021-03-29,Lake,033,64148,3355,3325,8,3333,43
2021-03-29,Lassen,035,31185,5144,5131,103,5234,1
2021-03-29,Los Angeles,037,10098052,1188343,1179736,40222,1219958,23108
2021-03-29,Madera,039,155013,16137,15987,890,16877,210
2021-03-29,Marin,041,260295,13675,13600,207,13807,220
2021-03-29,Mariposa,043,17540,393,388,5,393,5
2021-03-29,Mendocino,045,87422,3755,3667,73,3740,45
2021-03-29,Merced,047,269075,29833,29699,999,30698,422
2021-03-29,Modoc,049,8938,355,344,119,463,3
2021-03-29,Mono,051,14174,1234,1243,17,1260,3
2021-03-29,Monterey,053,433212,42555,42305,1779,44084,337
2021-03-29,Napa,055,140530,9437,9379,34,9413,78
2021-03-29,Nevada,057,99092,4352,4258,180,4438,68
2021-03-29,Orange,059,3164182,251257,249295,10811,260106,4713
2021-03-29,Placer,061,380077,21607,20827,1250,22077,267
2021-03-29,Plumas,063,18699,672,660,10,670,4
2021-03-29,Riverside,065,2383286,289545,282867,13722,296589,4133
2021-03-29,Sacramento,067,1510023,99002,97577,1416,98993,1514
2021-03-29,San Benito,069,59416,5866,5865,96,5961,61
2021-03-29,San Bernardino,071,2135413,289313,285615,8773,294388,4335
2021-03-29,San Diego,073,3302833,271117,269771,13541,283312,3547
2021-03-29,San Francisco,075,870044,35326,35291,1204,36495,474
2021-03-29,San Joaquin,077,732212,69806,68537,3173,71710,1211
2021-03-29,San Luis Obispo,079,281455,20523,20176,628,20804,250
2021-03-29,San Mateo,081,765935,40813,40357,432,40789,348
2021-03-29,Santa Barbara,083,443738,33399,32983,1095,34078,439
2021-03-29,Santa Clara,085,1922200,114226,114335,660,114995,1871
2021-03-29,Santa Cruz,087,273765,15850,15249,804,16053,201
2021-03-29,Shasta,089,179085,11325,11313,1355,12668,183
2021-03-29,Sierra,091,2930,55,50,12,62,0
2021-03-29,Siskiyou,093,43540,1569,1497,263,1760,6
2021-03-29,Solano,095,438530,30896,30762,413,31175,232
2021-03-29,Sonoma,097,501317,29090,29184,273,29457,310
2021-03-29,Stanislaus,099,539301,53150,52614,5614,58228,677
2021-03-29,Sutter,101,95872,9117,9105,82,9187,106
2021-03-29,Tehama,103,63373,4784,4742,516,5258,52
2021-03-29,Trinity,105,12862,478,314,85,399,3
2021-03-29,Tulare,107,460477,49292,48226,8614,56840,815
2021-03-29,Tuolumne,109,53932,3911,3969,37,4006,57
2021-03-29,Ventura,111,848112,79899,79252,2890,82142,956
2021-03-29,Yolo,113,214977,13347,13346,245,13591,195
2021-03-29,Yuba,115,75493,5727,5671,106,5777,42
2021-03-28,Alameda,001,1643700,83810,83239,1807,85046,1212
2021-03-28,Alpine,003,1148,85,85,0,85,0
2021-03-28,Amador,005,37829,3573,3541,32,3573,45
2021-03-28,Butte,007,227075,11684,11285,1668,12953,191
2021-03-28,Calaveras,009,45235,2003,1995,11,2006,50
2021-03-28,Colusa,011,21464,1890,1889,273,2162,14
2021-03-28,Contra Costa,013,1133247,65780,64878,1143,66021,767
2021-03-28,Del Norte,015,27424,1186,1107,7,1114,6
2021-03-28,El Dorado,017,186661,9448,9371,622,9993,105
2021-03-28,Fresno,019,978130,99831,99004,8270,107274,1606
2021-03-28,Glenn,021,27897,2344,2309,528,2837,17
2021-03-28,Humboldt,023,135768,3455,3452,24,3476,34
2021-03-28,Imperial,025,180216,27620,27426,2597,30023,704
2021-03-28,Inyo,027,18085,1376,1372,11,1383,35
2021-03-28,Kern,029,883053,95392,94084,10323,104407,1219
2021-03-28,Kings,031,150075,22798,22514,1032,23546,238
2021-03-28,Lake,033,64148,3350,3320,8,3328,43
2021-03-28,Lassen,035,31185,5144,5131,102,5233,1
2021-03-28,Los Angeles,037,10098052,1187792,1179316,40164,1219480,23101
2021-03-28,Madera,039,155013,16122,15973,889,16862,210
2021-03-28,Marin,041,260295,13662,13594,205,13799,221
2021-03-28,Mariposa,043,17540,393,388,5,393,5
2021-03-28,Mendocino,045,87422,3753,3666,73,3739,45
2021-03-28,Merced,047,269075,29776,29679,999,30678,422
2021-03-28,Modoc,049,8938,355,344,119,463,3
2021-03-28,Mono,051,14174,1233,1242,17,1259,3
2021-03-28,Monterey,053,433212,42532,42294,1775,44069,337
2021-03-28,Napa,055,140530,9423,9368,34,9402,78
2021-03-28,Nevada,057,99092,4338,4239,180,4419,68
2021-03-28,Orange,059,3164182,251102,249238,10801,260039,4713
2021-03-28,Placer,061,380077,21563,20796,1244,22040,267
2021-03-28,Plumas,063,18699,670,657,10,667,4
2021-03-28,Riverside,065,2383286,289431,282811,13713,296524,4132
2021-03-28,Sacramento,067,1510023,98828,97425,1410,98835,1514
2021-03-28,San Benito,069,59416,5861,5862,96,5958,61
2021-03-28,San Bernardino,071,2135413,289193,285570,8764,294334,4332
2021-03-28,San Diego,073,3302833,270841,269476,13512,282988,3547
2021-03-28,San Francisco,075,870044,35280,35286,1200,36486,474
2021-03-28,San Joaquin,077,732212,69681,68459,3154,71613,1211
2021-03-28,San Luis Obispo,079,281455,20488,20172,625,20797,250
2021-03-28,San Mateo,081,765935,40768,40305,432,40737,348
2021-03-28,Santa Barbara,083,443738,33357,32953,1094,34047,439
2021-03-28,Santa Clara,085,1922200,114126,114232,656,114888,1871
2021-03-28,Santa Cruz,087,273765,15835,15238,803,16041,201
2021-03-28,Shasta,089,179085,11299,11308,1344,12652,183
2021-03-28,Sierra,091,2930,55,50,12,62,0
2021-03-28,Siskiyou,093,43540,1569,1497,262,1759,6
2021-03-28,Solano,095,438530,30859,30719,411,31130,232
2021-03-28,Sonoma,097,501317,29054,29161,271,29432,310
2021-03-28,Stanislaus,099,539301,53062,52567,5599,58166,678
2021-03-28,Sutter,101,95872,9108,9094,82,9176,106
2021-03-28,Tehama,103,63373,4774,4740,514,5254,52
2021-03-28,Trinity,105,12862,476,314,84,398,3
2021-03-28,Tulare,107,460477,49263,48218,8608,56826,815
2021-03-28,Tuolumne,109,53932,3908,3969,36,4005,57
2021-03-28,Ventura,111,848112,79848,79222,2885,82107,956
2021-03-28,Yolo,113,214977,13330,13325,244,13569,194
2021-03-28,Yuba,115,75493,5723,5662,106,5768,42
2021-03-27,Alameda,001,1643700,83739,83169,1803,84972,1211
2021-03-27,Alpine,003,1148,85,85,0,85,0
2021-03-27,Amador,005,37829,3568,3538,32,3570,45
2021-03-27,Butte,007,227075,11677,11278,1667,12945,191
2021-03-27,Calaveras,009,45235,2000,1992,11,2003,50
2021-03-27,Colusa,011,21464,1890,1889,273,2162,14
2021-03-27,Contra Costa,013,1133247,65710,64804,1140,65944,767
2021-03-27,Del Norte,015,27424,1176,1104,7,1111,6
2021-03-27,El Dorado,017,186661,9434,9367,622,9989,105
2021-03-27,Fresno,019,978130,99778,98901,8264,107165,1606
2021-03-27,Glenn,021,27897,2343,2308,528,2836,17
2021-03-27,Humboldt,023,135768,3450,3442,24,3466,34
2021-03-27,Imperial,025,180216,27608,27406,2594,30000,704
2021-03-27,Inyo,027,18085,1374,1372,11,1383,35
2021-03-27,Kern,029,883053,95372,94041,10311,104352,1217
2021-03-27,Kings,031,150075,22795,22502,1032,23534,238
2021-03-27,Lake,033,64148,3348,3317,8,3325,43
2021-03-27,Lassen,035,31185,5144,5129,102,5231,1
2021-03-27,Los Angeles,037,10098052,1187477,1178831,40137,1218968,23103
2021-03-27,Madera,039,155013,16115,15968,887,16855,210
2021-03-27,Marin,041,260295,13657,13579,205,13784,222
2021-03-27,Mariposa,043,17540,393,386,5,391,5
2021-03-27,Mendocino,045,87422,3751,3666,73,3739,45
2021-03-27,Merced,047,269075,29743,29647,997,30644,422
2021-03-27,Modoc,049,8938,355,344,119,463,3
2021-03-27,Mono,051,14174,1231,1241,17,1258,3
2021-03-27,Monterey,053,433212,42522,42271,1775,44046,337
2021-03-27,Napa,055,140530,9411,9360,34,9394,78
2021-03-27,Nevada,057,99092,4328,4231,180,4411,68
2021-03-27,Orange,059,3164182,251009,249160,10785,259945,4698
2021-03-27,Placer,061,380077,21543,20717,1237,21954,267
2021-03-27,Plumas,063,18699,669,655,10,665,4
2021-03-27,Riverside,065,2383286,289369,282707,13705,296412,4132
2021-03-27,Sacramento,067,1510023,98738,97247,1408,98655,1513
2021-03-27,San Benito,069,59416,5859,5862,94,5956,61
2021-03-27,San Bernardino,071,2135413,289130,285480,8762,294242,4325
2021-03-27,San Diego,073,3302833,270670,269271,13490,282761,3540
2021-03-27,San Francisco,075,870044,35257,35244,1198,36442,474
2021-03-27,San Joaquin,077,732212,69621,68365,3146,71511,1211
2021-03-27,San Luis Obispo,079,281455,20477,20153,622,20775,250
2021-03-27,San Mateo,081,765935,40745,40264,432,40696,348
2021-03-27,Santa Barbara,083,443738,33334,32921,1094,34015,439
2021-03-27,Santa Clara,085,1922200,114030,114124,654,114778,1871
2021-03-27,Santa Cruz,087,273765,15829,15215,803,16018,201
2021-03-27,Shasta,089,179085,11288,11288,1342,12630,183
2021-03-27,Sierra,091,2930,55,50,12,62,0
2021-03-27,Siskiyou,093,43540,1569,1497,262,1759,6
2021-03-27,Solano,095,438530,30831,30669,410,31079,232
2021-03-27,Sonoma,097,501317,29039,29133,269,29402,310
2021-03-27,Stanislaus,099,539301,52997,52497,5591,58088,678
2021-03-27,Sutter,101,95872,9101,9093,82,9175,106
2021-03-27,Tehama,103,63373,4768,4738,512,5250,52
2021-03-27,Trinity,105,12862,476,313,84,397,3
2021-03-27,Tulare,107,460477,49247,48203,8600,56803,813
2021-03-27,Tuolumne,109,53932,3905,3968,36,4004,57
2021-03-27,Ventura,111,848112,79821,79184,2883,82067,956
2021-03-27,Yolo,113,214977,13325,13317,243,13560,194
2021-03-27,Yuba,115,75493,5721,5657,106,5763,42
2021-03-26,Alameda,001,1643700,83677,83043,1801,84844,1208
2021-03-26,Alpine,003,1148,85,85,0,85,0
2021-03-26,Amador,005,37829,3563,3532,32,3564,45
2021-03-26,Butte,007,227075,11667,11278,1667,12945,191
2021-03-26,Calaveras,009,45235,1998,1989,11,2000,50
2021-03-26,Colusa,011,21464,1890,1889,273,2162,14
2021-03-26,Contra Costa,013,1133247,65650,64699,1137,65836,761
2021-03-26,Del Norte,015,27424,1173,1101,7,1108,6
2021-03-26,El Dorado,017,186661,9429,9353,622,9975,105
2021-03-26,Fresno,019,978130,99716,98731,8254,106985,1601
2021-03-26,Glenn,021,27897,2343,2307,527,2834,17
2021-03-26,Humboldt,023,135768,3448,3431,24,3455,34
2021-03-26,Imperial,025,180216,27584,27374,2594,29968,701
2021-03-26,Inyo,027,18085,1373,1369,11,1380,35
2021-03-26,Kern,029,883053,95346,93949,10305,104254,1211
2021-03-26,Kings,031,150075,22787,22493,1030,23523,239
2021-03-26,Lake,033,64148,3347,3314,8,3322,43
2021-03-26,Lassen,035,31185,5143,5131,102,5233,1
2021-03-26,Los Angeles,037,10098052,1187139,1178213,40124,1218337,23080
2021-03-26,Madera,039,155013,16105,15952,887,16839,210
2021-03-26,Marin,041,260295,13651,13553,200,13753,221
2021-03-26,Mariposa,043,17540,393,386,5,391,5
2021-03-26,Mendocino,045,87422,3750,3664,73,3737,45
2021-03-26,Merced,047,269075,29720,29613,995,30608,419
2021-03-26,Modoc,049,8938,355,344,119,463,3
2021-03-26,Mono,051,14174,1230,1236,17,1253,3
2021-03-26,Monterey,053,433212,42509,42241,1771,44012,338
2021-03-26,Napa,055,140530,9401,9349,34,9383,78
2021-03-26,Nevada,057,99092,4308,4222,180,4402,83
2021-03-26,Orange,059,3164182,250946,248995,10771,259766,4671
2021-03-26,Placer,061,380077,21517,20679,1236,21915,259
2021-03-26,Plumas,063,18699,668,654,10,664,4
2021-03-26,Riverside,065,2383286,289291,282602,13699,296301,4109
2021-03-26,Sacramento,067,1510023,98638,97040,1403,98443,1509
2021-03-26,San Benito,069,59416,5856,5855,94,5949,61
2021-03-26,San Bernardino,071,2135413,289074,285313,8760,294073,4288
2021-03-26,San Diego,073,3302833,270492,269045,13464,282509,3525
2021-03-26,San Francisco,075,870044,35231,35186,1198,36384,472
2021-03-26,San Joaquin,077,732212,69558,68249,3142,71391,1202
2021-03-26,San Luis Obispo,079,281455,20464,20118,622,20740,250
2021-03-26,San Mateo,081,765935,40710,40199,432,40631,348
2021-03-26,Santa Barbara,083,443738,33304,32895,1093,33988,439
2021-03-26,Santa Clara,085,1922200,113932,113959,653,114612,1868
2021-03-26,Santa Cruz,087,273765,15814,15199,802,16001,201
2021-03-26,Shasta,089,179085,11279,11276,1336,12612,182
2021-03-26,Sierra,091,2930,55,50,12,62,0
2021-03-26,Siskiyou,093,43540,1569,1493,261,1754,6
2021-03-26,Solano,095,438530,30806,30640,410,31050,205
2021-03-26,Sonoma,097,501317,29023,29101,266,29367,310
2021-03-26,Stanislaus,099,539301,52929,52420,5587,58007,678
2021-03-26,Sutter,101,95872,9098,9082,82,9164,104
2021-03-26,Tehama,103,63373,4767,4722,511,5233,51
2021-03-26,Trinity,105,12862,476,311,84,395,3
2021-03-26,Tulare,107,460477,49232,48179,8592,56771,813
2021-03-26,Tuolumne,109,53932,3904,3965,36,4001,57
2021-03-26,Ventura,111,848112,79787,79122,2881,82003,953
2021-03-26,Yolo,113,214977,13318,13299,241,13540,194
2021-03-26,Yuba,115,75493,5711,5653,106,5759,42
2021-03-25,Alameda,001,1643700,83582,82945,1799,84744,1206
2021-03-25,Alpine,003,1148,85,84,0,84,0
2021-03-25,Amador,005,37829,3561,3530,32,3562,45
2021-03-25,Butte,007,227075,11657,11270,1667,12937,188
2021-03-25,Calaveras,009,45235,1997,1982,11,1993,50
2021-03-25,Colusa,011,21464,1890,1888,273,2161,14
2021-03-25,Contra Costa,013,1133247,65583,64606,1133,65739,757
2021-03-25,Del Norte,015,27424,1167,1095,7,1102,6
2021-03-25,El Dorado,017,186661,9419,9331,622,9953,105
2021-03-25,Fresno,019,978130,99598,98602,8241,106843,1593
2021-03-25,Glenn,021,27897,2342,2302,526,2828,17
2021-03-25,Humboldt,023,135768,3443,3423,24,3447,34
2021-03-25,Imperial,025,180216,27568,27352,2593,29945,699
2021-03-25,Inyo,027,18085,1373,1369,11,1380,35
2021-03-25,Kern,029,883053,95314,93857,10300,104157,1206
2021-03-25,Kings,031,150075,22777,22472,1030,23502,237
2021-03-25,Lake,033,64148,3342,3312,8,3320,43
2021-03-25,Lassen,035,31185,5143,5129,102,5231,1
2021-03-25,Los Angeles,037,10098052,1186705,1177490,40089,1217579,23051
2021-03-25,Madera,039,155013,16086,15937,885,16822,210
2021-03-25,Marin,041,260295,13641,13538,197,13735,219
2021-03-25,Mariposa,043,17540,393,386,5,391,5
2021-03-25,Mendocino,045,87422,3749,3664,73,3737,45
2021-03-25,Merced,047,269075,29686,29576,987,30563,416
2021-03-25,Modoc,049,8938,355,343,119,462,3
2021-03-25,Mono,051,14174,1230,1235,17,1252,3
2021-03-25,Monterey,053,433212,42488,42220,1766,43986,336
2021-03-25,Napa,055,140530,9382,9321,34,9355,78
2021-03-25,Nevada,057,99092,4290,4202,178,4380,84
2021-03-25,Orange,059,3164182,250830,248871,10751,259622,4655
2021-03-25,Placer,061,380077,21476,20639,1229,21868,252
2021-03-25,Plumas,063,18699,668,654,10,664,4
2021-03-25,Riverside,065,2383286,289194,282492,13688,296180,4078
2021-03-25,Sacramento,067,1510023,98493,96823,1400,98223,1505
2021-03-25,San Benito,069,59416,5853,5850,94,5944,61
2021-03-25,San Bernardino,071,2135413,288993,285134,8755,293889,4222
2021-03-25,San Diego,073,3302833,270264,268623,13433,282056,3520
2021-03-25,San Francisco,075,870044,35192,35154,1196,36350,468
2021-03-25,San Joaquin,077,732212,69461,68089,3103,71192,1196
2021-03-25,San Luis Obispo,079,281455,20446,20076,622,20698,250
2021-03-25,San Mateo,081,765935,40670,40147,432,40579,348
2021-03-25,Santa Barbara,083,443738,33277,32857,1093,33950,439
2021-03-25,Santa Clara,085,1922200,113828,113877,651,114528,1868
2021-03-25,Santa Cruz,087,273765,15793,15170,802,15972,201
2021-03-25,Shasta,089,179085,11262,11262,1333,12595,181
2021-03-25,Sierra,091,2930,55,50,12,62,0
2021-03-25,Siskiyou,093,43540,1567,1491,260,1751,6
2021-03-25,Solano,095,438530,30745,30583,408,30991,193
2021-03-25,Sonoma,097,501317,28989,29060,262,29322,310
2021-03-25,Stanislaus,099,539301,52862,52321,5580,57901,678
2021-03-25,Sutter,101,95872,9089,9069,82,9151,104
2021-03-25,Tehama,103,63373,4765,4719,510,5229,52
2021-03-25,Trinity,105,12862,476,310,84,394,3
2021-03-25,Tulare,107,460477,49205,48148,8579,56727,811
2021-03-25,Tuolumne,109,53932,3903,3962,36,3998,57
2021-03-25,Ventura,111,848112,79746,79045,2877,81922,952
2021-03-25,Yolo,113,214977,13312,13287,241,13528,194
2021-03-25,Yuba,115,75493,5705,5647,100,5747,42
2021-03-24,Alameda,001,1643700,83488,82871,1796,84667,1199
2021-03-24,Alpine,003,1148,85,84,0,84,0
2021-03-24,Amador,005,37829,3555,3529,32,3561,45
2021-03-24,Butte,007,227075,11647,11252,1663,12915,187
2021-03-24,Calaveras,009,45235,1994,1975,11,1986,50
2021-03-24,Colusa,011,21464,1890,1886,273,2159,14
2021-03-24,Contra Costa,013,1133247,65503,64539,1132,65671,755
2021-03-24,Del Norte,015,27424,1162,1087,7,1094,6
2021-03-24,El Dorado,017,186661,9413,9319,621,9940,105
2021-03-24,Fresno,019,978130,99508,98437,8226,106663,1585
2021-03-24,Glenn,021,27897,2341,2297,525,2822,17
2021-03-24,Humboldt,023,135768,3440,3414,24,3438,34
2021-03-24,Imperial,025,180216,27559,27325,2593,29918,699
2021-03-24,Inyo,027,18085,1373,1368,11,1379,35
2021-03-24,Kern,029,883053,95266,93800,10291,104091,1198
2021-03-24,Kings,031,150075,22762,22456,1028,23484,237
2021-03-24,Lake,033,64148,3338,3307,8,3315,43
2021-03-24,Lassen,035,31185,5141,5130,101,5231,1
2021-03-24,Los Angeles,037,10098052,1186226,1177015,40055,1217070,22993
2021-03-24,Madera,039,155013,16077,15918,884,16802,210
2021-03-24,Marin,041,260295,13627,13526,195,13721,219
2021-03-24,Mariposa,043,17540,393,384,5,389,5
2021-03-24,Mendocino,045,87422,3746,3660,73,3733,45
2021-03-24,Merced,047,269075,29645,29525,987,30512,415
2021-03-24,Modoc,049,8938,354,341,119,460,3
2021-03-24,Mono,051,14174,1229,1243,17,1260,3
2021-03-24,Monterey,053,433212,42466,42201,1763,43964,335
2021-03-24,Napa,055,140530,9362,9310,34,9344,78
2021-03-24,Nevada,057,99092,4276,4191,177,4368,85
2021-03-24,Orange,059,3164182,250716,248775,10733,259508,4638
2021-03-24,Placer,061,380077,21446,20606,1221,21827,250
2021-03-24,Plumas,063,18699,666,652,10,662,4
2021-03-24,Riverside,065,2383286,289110,282410,13685,296095,4058
2021-03-24,Sacramento,067,1510023,98318,96628,1388,98016,1500
2021-03-24,San Benito,069,59416,5852,5847,94,5941,61
2021-03-24,San Bernardino,071,2135413,288907,284983,8753,293736,4170
2021-03-24,San Diego,073,3302833,270050,268413,13405,281818,3509
2021-03-24,San Francisco,075,870044,35164,35103,1193,36296,462
2021-03-24,San Joaquin,077,732212,69390,67978,3091,71069,1196
2021-03-24,San Luis Obispo,079,281455,20416,20021,621,20642,250
2021-03-24,San Mateo,081,765935,40620,40083,432,40515,348
2021-03-24,Santa Barbara,083,443738,33249,32810,1093,33903,438
2021-03-24,Santa Clara,085,1922200,113712,113757,648,114405,1851
2021-03-24,Santa Cruz,087,273765,15779,15138,801,15939,202
2021-03-24,Shasta,089,179085,11243,11243,1331,12574,181
2021-03-24,Sierra,091,2930,55,50,12,62,0
2021-03-24,Siskiyou,093,43540,1565,1490,260,1750,6
2021-03-24,Solano,095,438530,30708,30552,407,30959,178
2021-03-24,Sonoma,097,501317,28969,29034,258,29292,310
2021-03-24,Stanislaus,099,539301,52786,52259,5571,57830,677
2021-03-24,Sutter,101,95872,9073,9049,82,9131,104
2021-03-24,Tehama,103,63373,4759,4719,509,5228,49
2021-03-24,Trinity,105,12862,475,310,84,394,3
2021-03-24,Tulare,107,460477,49194,48109,8566,56675,808
2021-03-24,Tuolumne,109,53932,3902,3961,36,3997,57
2021-03-24,Ventura,111,848112,79694,78993,2870,81863,944
2021-03-24,Yolo,113,214977,13300,13269,241,13510,194
2021-03-24,Yuba,115,75493,5699,5634,97,5731,42
2021-03-23,Alameda,001,1643700,83385,82799,1792,84591,1190
2021-03-23,Alpine,003,1148,85,84,0,84,0
2021-03-23,Amador,005,37829,3549,3524,32,3556,45
2021-03-23,Butte,007,227075,11635,11227,1662,12889,187
2021-03-23,Calaveras,009,45235,1992,1971,11,1982,50
2021-03-23,Colusa,011,21464,1888,1885,272,2157,14
2021-03-23,Contra Costa,013,1133247,65404,64491,1131,65622,750
2021-03-23,Del Norte,015,27424,1157,1082,7,1089,6
2021-03-23,El Dorado,017,186661,9403,9318,619,9937,105
2021-03-23,Fresno,019,978130,99395,98362,8200,106562,1575
2021-03-23,Glenn,021,27897,2336,2293,523,2816,17
2021-03-23,Humboldt,023,135768,3431,3405,24,3429,34
2021-03-23,Imperial,025,180216,27551,27320,2593,29913,699
2021-03-23,Inyo,027,18085,1371,1364,11,1375,35
2021-03-23,Kern,029,883053,95159,93728,10284,104012,1191
2021-03-23,Kings,031,150075,22751,22439,1026,23465,237
2021-03-23,Lake,033,64148,3336,3294,8,3302,43
2021-03-23,Lassen,035,31185,5141,5130,101,5231,1
2021-03-23,Los Angeles,037,10098052,1185706,1176572,40017,1216589,22904
2021-03-23,Madera,039,155013,16061,15908,883,16791,210
2021-03-23,Marin,041,260295,13604,13514,193,13707,221
2021-03-23,Mariposa,043,17540,392,384,5,389,5
2021-03-23,Mendocino,045,87422,3744,3652,73,3725,45
2021-03-23,Merced,047,269075,29612,29485,987,30472,415
2021-03-23,Modoc,049,8938,353,342,119,461,3
2021-03-23,Mono,051,14174,1228,1263,17,1280,3
2021-03-23,Monterey,053,433212,42455,42180,1761,43941,335
2021-03-23,Napa,055,140530,9337,9299,34,9333,78
2021-03-23,Nevada,057,99092,4257,4179,176,4355,89
2021-03-23,Orange,059,3164182,250590,248661,10715,259376,4626
2021-03-23,Placer,061,380077,21411,20567,1217,21784,248
2021-03-23,Plumas,063,18699,666,652,10,662,4
2021-03-23,Riverside,065,2383286,289010,282317,13678,295995,4035
2021-03-23,Sacramento,067,1510023,98126,96521,1382,97903,1496
2021-03-23,San Benito,069,59416,5847,5845,93,5938,61
2021-03-23,San Bernardino,071,2135413,288823,284875,8745,293620,4134
2021-03-23,San Diego,073,3302833,269805,268156,13373,281529,3498
2021-03-23,San Francisco,075,870044,35106,35071,1187,36258,462
2021-03-23,San Joaquin,077,732212,69294,67903,3073,70976,1182
2021-03-23,San Luis Obispo,079,281455,20375,20009,620,20629,250
2021-03-23,San Mateo,081,765935,40564,40032,431,40463,348
2021-03-23,Santa Barbara,083,443738,33211,32771,1092,33863,438
2021-03-23,Santa Clara,085,1922200,113596,113645,645,114290,1848
2021-03-23,Santa Cruz,087,273765,15764,15106,801,15907,201
2021-03-23,Shasta,089,179085,11230,11234,1330,12564,175
2021-03-23,Sierra,091,2930,55,50,12,62,0
2021-03-23,Siskiyou,093,43540,1560,1485,258,1743,6
2021-03-23,Solano,095,438530,30667,30524,406,30930,178
2021-03-23,Sonoma,097,501317,28932,29020,257,29277,310
2021-03-23,Stanislaus,099,539301,52687,52148,5563,57711,677
2021-03-23,Sutter,101,95872,9065,9039,82,9121,104
2021-03-23,Tehama,103,63373,4750,4707,508,5215,46
2021-03-23,Trinity,105,12862,475,310,84,394,3
2021-03-23,Tulare,107,460477,49167,48095,8550,56645,808
2021-03-23,Tuolumne,109,53932,3899,3957,36,3993,57
2021-03-23,Ventura,111,848112,79633,78930,2867,81797,932
2021-03-23,Yolo,113,214977,13289,13255,241,13496,194
2021-03-23,Yuba,115,75493,5694,5628,97,5725,42
2021-03-22,Alameda,001,1643700,83292,82748,1786,84534,1189
2021-03-22,Alpine,003,1148,84,83,0,83,0
2021-03-22,Amador,005,37829,3541,3522,32,3554,44
2021-03-22,Butte,007,227075,11626,11211,1660,12871,185
2021-03-22,Calaveras,009,45235,1988,1963,11,1974,49
2021-03-22,Colusa,011,21464,1886,1885,272,2157,13
2021-03-22,Contra Costa,013,1133247,65309,64432,1129,65561,740
2021-03-22,Del Norte,015,27424,1151,1082,7,1089,6
2021-03-22,El Dorado,017,186661,9387,9310,616,9926,105
2021-03-22,Fresno,019,978130,99297,98276,8187,106463,1556
2021-03-22,Glenn,021,27897,2328,2291,523,2814,17
2021-03-22,Humboldt,023,135768,3426,3403,24,3427,34
2021-03-22,Imperial,025,180216,27536,27302,2589,29891,699
2021-03-22,Inyo,027,18085,1368,1363,11,1374,35
2021-03-22,Kern,029,883053,95088,93675,10267,103942,1178
2021-03-22,Kings,031,150075,22738,22433,1021,23454,236
2021-03-22,Lake,033,64148,3335,3290,8,3298,43
2021-03-22,Lassen,035,31185,5139,5129,101,5230,1
2021-03-22,Los Angeles,037,10098052,1185193,1176205,39985,1216190,22843
2021-03-22,Madera,039,155013,16046,15904,883,16787,210
2021-03-22,Marin,041,260295,13595,13501,192,13693,221
2021-03-22,Mariposa,043,17540,391,381,5,386,5
2021-03-22,Mendocino,045,87422,3742,3653,73,3726,45
2021-03-22,Merced,047,269075,29569,29468,984,30452,413
2021-03-22,Modoc,049,8938,351,342,119,461,3
2021-03-22,Mono,051,14174,1223,1263,17,1280,3
2021-03-22,Monterey,053,433212,42439,42161,1759,43920,335
2021-03-22,Napa,055,140530,9326,9288,34,9322,77
2021-03-22,Nevada,057,99092,4246,4174,172,4346,89
2021-03-22,Orange,059,3164182,250439,248517,10681,259198,4599
2021-03-22,Placer,061,380077,21376,20543,1212,21755,242
2021-03-22,Plumas,063,18699,666,652,10,662,4
2021-03-22,Riverside,065,2383286,288910,282242,13667,295909,4009
2021-03-22,Sacramento,067,1510023,97948,96385,1373,97758,1493
2021-03-22,San Benito,069,59416,5844,5844,92,5936,61
2021-03-22,San Bernardino,071,2135413,288735,284771,8733,293504,4107
2021-03-22,San Diego,073,3302833,269593,267913,13353,281266,3494
2021-03-22,San Francisco,075,870044,35064,35040,1183,36223,462
2021-03-22,San Joaquin,077,732212,69202,67815,3055,70870,1182
2021-03-22,San Luis Obispo,079,281455,20351,20000,619,20619,250
2021-03-22,San Mateo,081,765935,40513,40024,430,40454,348
2021-03-22,Santa Barbara,083,443738,33167,32756,1090,33846,437
2021-03-22,Santa Clara,085,1922200,113476,113575,645,114220,1845
2021-03-22,Santa Cruz,087,273765,15752,15077,800,15877,201
2021-03-22,Shasta,089,179085,11216,11218,1329,12547,150
2021-03-22,Sierra,091,2930,55,50,12,62,0
2021-03-22,Siskiyou,093,43540,1559,1487,257,1744,5
2021-03-22,Solano,095,438530,30627,30490,402,30892,171
2021-03-22,Sonoma,097,501317,28903,29010,253,29263,310
2021-03-22,Stanislaus,099,539301,52603,52083,5558,57641,677
2021-03-22,Sutter,101,95872,9052,9024,82,9106,104
2021-03-22,Tehama,103,63373,4742,4704,508,5212,45
2021-03-22,Trinity,105,12862,475,310,84,394,3
2021-03-22,Tulare,107,460477,49152,48074,8530,56604,807
2021-03-22,Tuolumne,109,53932,3896,3954,36,3990,57
2021-03-22,Ventura,111,848112,79587,78890,2864,81754,927
2021-03-22,Yolo,113,214977,13277,13243,240,13483,190
2021-03-22,Yuba,115,75493,5683,5627,95,5722,42
2021-03-21,Alameda,001,1643700,83201,82684,1783,84467,1187
2021-03-21,Alpine,003,1148,84,83,0,83,0
2021-03-21,Amador,005,37829,3537,3519,32,3551,44
2021-03-21,Butte,007,227075,11610,11208,1655,12863,185
2021-03-21,Calaveras,009,45235,1982,1962,11,1973,49
2021-03-21,Colusa,011,21464,1886,1885,272,2157,13
2021-03-21,Contra Costa,013,1133247,65227,64382,1125,65507,740
2021-03-21,Del Norte,015,27424,1136,1076,7,1083,6
2021-03-21,El Dorado,017,186661,9377,9302,611,9913,105
2021-03-21,Fresno,019,978130,99183,98211,8163,106374,1556
2021-03-21,Glenn,021,27897,2325,2288,522,2810,17
2021-03-21,Humboldt,023,135768,3421,3402,24,3426,34
2021-03-21,Imperial,025,180216,27519,27267,2584,29851,699
2021-03-21,Inyo,027,18085,1368,1363,11,1374,35
2021-03-21,Kern,029,883053,95022,93649,10258,103907,1170
2021-03-21,Kings,031,150075,22721,22422,1021,23443,236
2021-03-21,Lake,033,64148,3331,3286,8,3294,43
2021-03-21,Lassen,035,31185,5139,5129,101,5230,1
2021-03-21,Los Angeles,037,10098052,1184659,1175684,39938,1215622,22834
2021-03-21,Madera,039,155013,16026,15895,881,16776,210
2021-03-21,Marin,041,260295,13579,13495,191,13686,220
2021-03-21,Mariposa,043,17540,391,381,5,386,5
2021-03-21,Mendocino,045,87422,3739,3651,73,3724,45
2021-03-21,Merced,047,269075,29509,29446,978,30424,413
2021-03-21,Modoc,049,8938,351,341,119,460,3
2021-03-21,Mono,051,14174,1218,1263,17,1280,3
2021-03-21,Monterey,053,433212,42414,42153,1756,43909,335
2021-03-21,Napa,055,140530,9306,9282,34,9316,77
2021-03-21,Nevada,057,99092,4233,4169,172,4341,89
2021-03-21,Orange,059,3164182,250306,248442,10655,259097,4598
2021-03-21,Placer,061,380077,21340,20520,1204,21724,242
2021-03-21,Plumas,063,18699,666,653,10,663,4
2021-03-21,Riverside,065,2383286,288803,282187,13656,295843,4009
2021-03-21,Sacramento,067,1510023,97754,96269,1366,97635,1489
2021-03-21,San Benito,069,59416,5838,5842,92,5934,61
2021-03-21,San Bernardino,071,2135413,288644,284732,8727,293459,4094
2021-03-21,San Diego,073,3302833,269333,267724,13327,281051,3494
2021-03-21,San Francisco,075,870044,35017,35012,1176,36188,460
2021-03-21,San Joaquin,077,732212,69080,67729,3037,70766,1182
2021-03-21,San Luis Obispo,079,281455,20319,19979,617,20596,250
2021-03-21,San Mateo,081,765935,40468,39988,429,40417,344
2021-03-21,Santa Barbara,083,443738,33128,32743,1089,33832,437
2021-03-21,Santa Clara,085,1922200,113347,113487,642,114129,1840
2021-03-21,Santa Cruz,087,273765,15745,15064,800,15864,199
2021-03-21,Shasta,089,179085,11196,11215,1328,12543,150
2021-03-21,Sierra,091,2930,55,50,12,62,0
2021-03-21,Siskiyou,093,43540,1559,1486,256,1742,5
2021-03-21,Solano,095,438530,30587,30474,399,30873,171
2021-03-21,Sonoma,097,501317,28874,28986,252,29238,310
2021-03-21,Stanislaus,099,539301,52513,52014,5556,57570,677
2021-03-21,Sutter,101,95872,9039,9021,82,9103,104
2021-03-21,Tehama,103,63373,4738,4701,508,5209,45
2021-03-21,Trinity,105,12862,473,310,84,394,3
2021-03-21,Tulare,107,460477,49136,48060,8518,56578,807
2021-03-21,Tuolumne,109,53932,3894,3953,36,3989,57
2021-03-21,Ventura,111,848112,79524,78863,2859,81722,927
2021-03-21,Yolo,113,214977,13255,13235,240,13475,190
2021-03-21,Yuba,115,75493,5673,5624,95,5719,42
2021-03-20,Alameda,001,1643700,83133,82614,1781,84395,1178
2021-03-20,Alpine,003,1148,84,83,0,83,0
2021-03-20,Amador,005,37829,3535,3518,32,3550,44
2021-03-20,Butte,007,227075,11604,11199,1653,12852,185
2021-03-20,Calaveras,009,45235,1978,1961,11,1972,49
2021-03-20,Colusa,011,21464,1886,1883,272,2155,12
2021-03-20,Contra Costa,013,1133247,65167,64313,1125,65438,713
2021-03-20,Del Norte,015,27424,1135,1075,7,1082,6
2021-03-20,El Dorado,017,186661,9371,9290,611,9901,105
2021-03-20,Fresno,019,978130,99123,98112,8156,106268,1532
2021-03-20,Glenn,021,27897,2324,2288,520,2808,17
2021-03-20,Humboldt,023,135768,3414,3399,24,3423,33
2021-03-20,Imperial,025,180216,27513,27239,2582,29821,695
2021-03-20,Inyo,027,18085,1368,1362,11,1373,35
2021-03-20,Kern,029,883053,94993,93606,10254,103860,1155
2021-03-20,Kings,031,150075,22716,22415,1020,23435,236
2021-03-20,Lake,033,64148,3327,3280,8,3288,43
2021-03-20,Lassen,035,31185,5139,5128,101,5229,1
2021-03-20,Los Angeles,037,10098052,1184357,1175290,39914,1215204,22810
2021-03-20,Madera,039,155013,16018,15891,880,16771,210
2021-03-20,Marin,041,260295,13567,13470,187,13657,220
2021-03-20,Mariposa,043,17540,390,381,5,386,5
2021-03-20,Mendocino,045,87422,3738,3639,73,3712,43
2021-03-20,Merced,047,269075,29478,29411,975,30386,412
2021-03-20,Modoc,049,8938,350,341,119,460,3
2021-03-20,Mono,051,14174,1218,1256,17,1273,3
2021-03-20,Monterey,053,433212,42405,42146,1755,43901,334
2021-03-20,Napa,055,140530,9298,9274,34,9308,77
2021-03-20,Nevada,057,99092,4222,4164,171,4335,89
2021-03-20,Orange,059,3164182,250225,248348,10643,258991,4522
2021-03-20,Placer,061,380077,21317,20505,1202,21707,242
2021-03-20,Plumas,063,18699,663,652,10,662,4
2021-03-20,Riverside,065,2383286,288728,282081,13652,295733,4000
2021-03-20,Sacramento,067,1510023,97643,96126,1363,97489,1488
2021-03-20,San Benito,069,59416,5834,5840,92,5932,61
2021-03-20,San Bernardino,071,2135413,288579,284690,8723,293413,3965
2021-03-20,San Diego,073,3302833,269162,267532,13320,280852,3493
2021-03-20,San Francisco,075,870044,34994,34968,1169,36137,453
2021-03-20,San Joaquin,077,732212,69039,67662,3030,70692,1161
2021-03-20,San Luis Obispo,079,281455,20303,19951,611,20562,250
2021-03-20,San Mateo,081,765935,40434,39958,428,40386,344
2021-03-20,Santa Barbara,083,443738,33103,32723,1088,33811,434
2021-03-20,Santa Clara,085,1922200,113255,113384,641,114025,1799
2021-03-20,Santa Cruz,087,273765,15729,15053,800,15853,199
2021-03-20,Shasta,089,179085,11190,11211,1328,12539,147
2021-03-20,Sierra,091,2930,55,50,12,62,0
2021-03-20,Siskiyou,093,43540,1559,1483,256,1739,5
2021-03-20,Solano,095,438530,30557,30439,399,30838,170
2021-03-20,Sonoma,097,501317,28859,28962,252,29214,309
2021-03-20,Stanislaus,099,539301,52457,51925,5549,57474,673
2021-03-20,Sutter,101,95872,9031,9014,82,9096,103
2021-03-20,Tehama,103,63373,4733,4696,506,5202,33
2021-03-20,Trinity,105,12862,472,310,84,394,3
2021-03-20,Tulare,107,460477,49121,48030,8501,56531,804
2021-03-20,Tuolumne,109,53932,3891,3950,36,3986,57
2021-03-20,Ventura,111,848112,79489,78818,2857,81675,922
2021-03-20,Yolo,113,214977,13251,13226,240,13466,190
2021-03-20,Yuba,115,75493,5670,5621,94,5715,42
2021-03-19,Alameda,001,1643700,83061,82499,1780,84279,1187
2021-03-19,Alpine,003,1148,83,82,0,82,0
2021-03-19,Amador,005,37829,3532,3515,32,3547,44
2021-03-19,Butte,007,227075,11596,11191,1650,12841,185
2021-03-19,Calaveras,009,45235,1977,1957,11,1968,49
2021-03-19,Colusa,011,21464,1885,1883,272,2155,12
2021-03-19,Contra Costa,013,1133247,65108,64195,1122,65317,737
2021-03-19,Del Norte,015,27424,1129,1071,5,1076,6
2021-03-19,El Dorado,017,186661,9362,9274,611,9885,105
2021-03-19,Fresno,019,978130,99039,97969,8142,106111,1527
2021-03-19,Glenn,021,27897,2324,2282,520,2802,17
2021-03-19,Humboldt,023,135768,3405,3388,24,3412,33
2021-03-19,Imperial,025,180216,27501,27218,2578,29796,695
2021-03-19,Inyo,027,18085,1366,1356,11,1367,35
2021-03-19,Kern,029,883053,94960,93534,10241,103775,1152
2021-03-19,Kings,031,150075,22707,22369,1017,23386,235
2021-03-19,Lake,033,64148,3321,3262,8,3270,43
2021-03-19,Lassen,035,31185,5139,5126,101,5227,1
2021-03-19,Los Angeles,037,10098052,1184022,1174818,39897,1214715,22752
2021-03-19,Madera,039,155013,16011,15877,879,16756,210
2021-03-19,Marin,041,260295,13555,13441,187,13628,220
2021-03-19,Mariposa,043,17540,389,380,5,385,5
2021-03-19,Mendocino,045,87422,3737,3639,73,3712,45
2021-03-19,Merced,047,269075,29451,29376,972,30348,412
2021-03-19,Modoc,049,8938,350,341,119,460,3
2021-03-19,Mono,051,14174,1216,1244,17,1261,3
2021-03-19,Monterey,053,433212,42396,42125,1753,43878,335
2021-03-19,Napa,055,140530,9286,9256,34,9290,77
2021-03-19,Nevada,057,99092,4211,4156,171,4327,88
2021-03-19,Orange,059,3164182,250125,248146,10633,258779,4501
2021-03-19,Placer,061,380077,21299,20451,1200,21651,242
2021-03-19,Plumas,063,18699,663,650,10,660,4
2021-03-19,Riverside,065,2383286,288645,281937,13647,295584,3989
2021-03-19,Sacramento,067,1510023,97540,95934,1360,97294,1486
2021-03-19,San Benito,069,59416,5834,5845,92,5937,61
2021-03-19,San Bernardino,071,2135413,288506,284501,8721,293222,4017
2021-03-19,San Diego,073,3302833,269027,267173,13310,280483,3491
2021-03-19,San Francisco,075,870044,34949,34936,1166,36102,461
2021-03-19,San Joaquin,077,732212,68969,67515,3016,70531,1180
2021-03-19,San Luis Obispo,079,281455,20283,19913,609,20522,249
2021-03-19,San Mateo,081,765935,40410,39893,428,40321,344
2021-03-19,Santa Barbara,083,443738,33073,32685,1087,33772,435
2021-03-19,Santa Clara,085,1922200,113180,113232,640,113872,1797
2021-03-19,Santa Cruz,087,273765,15722,15026,800,15826,199
2021-03-19,Shasta,089,179085,11183,11104,1326,12430,103
2021-03-19,Sierra,091,2930,54,49,12,61,0
2021-03-19,Siskiyou,093,43540,1559,1480,255,1735,5
2021-03-19,Solano,095,438530,30527,30395,397,30792,172
2021-03-19,Sonoma,097,501317,28838,28932,250,29182,292
2021-03-19,Stanislaus,099,539301,52399,51755,5546,57301,679
2021-03-19,Sutter,101,95872,9029,9005,82,9087,103
2021-03-19,Tehama,103,63373,4726,4685,506,5191,33
2021-03-19,Trinity,105,12862,472,310,84,394,3
2021-03-19,Tulare,107,460477,49098,47989,8478,56467,805
2021-03-19,Tuolumne,109,53932,3888,3946,36,3982,57
2021-03-19,Ventura,111,848112,79456,78753,2853,81606,920
2021-03-19,Yolo,113,214977,13243,13197,240,13437,189
2021-03-19,Yuba,115,75493,5667,5615,93,5708,42
2021-03-18,Alameda,001,1643700,82981,82419,1777,84196,1189
2021-03-18,Alpine,003,1148,83,82,0,82,0
2021-03-18,Amador,005,37829,3528,3513,32,3545,44
2021-03-18,Butte,007,227075,11585,11179,1648,12827,185
2021-03-18,Calaveras,009,45235,1975,1954,11,1965,49
2021-03-18,Colusa,011,21464,1885,1882,272,2154,12
2021-03-18,Contra Costa,013,1133247,65035,64103,1119,65222,739
2021-03-18,Del Norte,015,27424,1120,1059,5,1064,6
2021-03-18,El Dorado,017,186661,9349,9261,610,9871,105
2021-03-18,Fresno,019,978130,98942,97856,8127,105983,1527
2021-03-18,Glenn,021,27897,2320,2275,519,2794,17
2021-03-18,Humboldt,023,135768,3397,3381,24,3405,34
2021-03-18,Imperial,025,180216,27486,27190,2573,29763,695
2021-03-18,Inyo,027,18085,1363,1354,11,1365,35
2021-03-18,Kern,029,883053,94903,93458,10227,103685,1158
2021-03-18,Kings,031,150075,22700,22354,1016,23370,235
2021-03-18,Lake,033,64148,3318,3260,8,3268,43
2021-03-18,Lassen,035,31185,5138,5126,101,5227,1
2021-03-18,Los Angeles,037,10098052,1183589,1174205,39868,1214073,22689
2021-03-18,Madera,039,155013,15999,15860,876,16736,211
2021-03-18,Marin,041,260295,13537,13435,186,13621,219
2021-03-18,Mariposa,043,17540,387,380,5,385,5
2021-03-18,Mendocino,045,87422,3727,3630,73,3703,45
2021-03-18,Merced,047,269075,29416,29317,972,30289,410
2021-03-18,Modoc,049,8938,350,341,119,460,3
2021-03-18,Mono,051,14174,1212,1215,16,1231,3
2021-03-18,Monterey,053,433212,42384,42105,1753,43858,335
2021-03-18,Napa,055,140530,9277,9243,34,9277,77
2021-03-18,Nevada,057,99092,4204,4154,171,4325,74
2021-03-18,Orange,059,3164182,250022,248050,10620,258670,4514
2021-03-18,Placer,061,380077,21267,20421,1197,21618,243
2021-03-18,Plumas,063,18699,661,648,10,658,4
2021-03-18,Riverside,065,2383286,288564,281789,13640,295429,3957
2021-03-18,Sacramento,067,1510023,97392,95819,1356,97175,1481
2021-03-18,San Benito,069,59416,5832,5842,92,5934,61
2021-03-18,San Bernardino,071,2135413,288425,284294,8691,292985,4076
2021-03-18,San Diego,073,3302833,268874,266752,13300,280052,3478
2021-03-18,San Francisco,075,870044,34910,34904,1165,36069,461
2021-03-18,San Joaquin,077,732212,68869,67301,3004,70305,1169
2021-03-18,San Luis Obispo,079,281455,20254,19894,608,20502,249
2021-03-18,San Mateo,081,765935,40369,39874,428,40302,344
2021-03-18,Santa Barbara,083,443738,33032,32640,1087,33727,434
2021-03-18,Santa Clara,085,1922200,113063,113119,636,113755,1808
2021-03-18,Santa Cruz,087,273765,15712,14998,800,15798,198
2021-03-18,Shasta,089,179085,11169,11059,1324,12383,100
2021-03-18,Sierra,091,2930,54,49,12,61,0
2021-03-18,Siskiyou,093,43540,1556,1480,254,1734,5
2021-03-18,Solano,095,438530,30485,30352,394,30746,172
2021-03-18,Sonoma,097,501317,28817,28915,248,29163,292
2021-03-18,Stanislaus,099,539301,52328,51615,5542,57157,682
2021-03-18,Sutter,101,95872,9017,8999,82,9081,103
2021-03-18,Tehama,103,63373,4720,4683,505,5188,35
2021-03-18,Trinity,105,12862,472,310,84,394,3
2021-03-18,Tulare,107,460477,49079,47964,8463,56427,805
2021-03-18,Tuolumne,109,53932,3887,3942,36,3978,57
2021-03-18,Ventura,111,848112,79396,78697,2853,81550,918
2021-03-18,Yolo,113,214977,13230,13183,240,13423,191
2021-03-18,Yuba,115,75493,5663,5612,93,5705,42
2021-03-17,Alameda,001,1643700,82905,82353,1772,84125,1185
2021-03-17,Alpine,003,1148,83,82,0,82,0
2021-03-17,Amador,005,37829,3526,3511,32,3543,44
2021-03-17,Butte,007,227075,11576,11170,1646,12816,185
2021-03-17,Calaveras,009,45235,1972,1946,11,1957,49
2021-03-17,Colusa,011,21464,1884,1882,272,2154,12
2021-03-17,Contra Costa,013,1133247,64966,64026,1118,65144,737
2021-03-17,Del Norte,015,27424,1116,1053,5,1058,6
2021-03-17,El Dorado,017,186661,9339,9252,610,9862,105
2021-03-17,Fresno,019,978130,98831,97727,8109,105836,1507
2021-03-17,Glenn,021,27897,2313,2269,518,2787,17
2021-03-17,Humboldt,023,135768,3389,3365,24,3389,33
2021-03-17,Imperial,025,180216,27469,27168,2570,29738,691
2021-03-17,Inyo,027,18085,1361,1351,11,1362,35
2021-03-17,Kern,029,883053,94847,93392,10214,103606,1149
2021-03-17,Kings,031,150075,22684,22336,1015,23351,233
2021-03-17,Lake,033,64148,3311,3251,8,3259,43
2021-03-17,Lassen,035,31185,5137,5125,101,5226,1
2021-03-17,Los Angeles,037,10098052,1183136,1173416,39835,1213251,22602
2021-03-17,Madera,039,155013,15992,15835,876,16711,214
2021-03-17,Marin,041,260295,13520,13428,185,13613,218
2021-03-17,Mariposa,043,17540,387,379,5,384,5
2021-03-17,Mendocino,045,87422,3723,3625,73,3698,44
2021-03-17,Merced,047,269075,29388,29250,968,30218,408
2021-03-17,Modoc,049,8938,350,341,119,460,3
2021-03-17,Mono,051,14174,1210,1212,16,1228,3
2021-03-17,Monterey,053,433212,42366,42061,1750,43811,334
2021-03-17,Napa,055,140530,9262,9219,34,9253,76
2021-03-17,Nevada,057,99092,4194,4145,171,4316,74
2021-03-17,Orange,059,3164182,249903,247943,10592,258535,4502
2021-03-17,Placer,061,380077,21240,20369,1195,21564,243
2021-03-17,Plumas,063,18699,660,645,10,655,4
2021-03-17,Riverside,065,2383286,288448,281649,13632,295281,3925
2021-03-17,Sacramento,067,1510023,97264,95650,1351,97001,1477
2021-03-17,San Benito,069,59416,5829,5841,92,5933,61
2021-03-17,San Bernardino,071,2135413,288308,284170,8686,292856,4049
2021-03-17,San Diego,073,3302833,268663,266313,13282,279595,3470
2021-03-17,San Francisco,075,870044,34875,34873,1164,36037,457
2021-03-17,San Joaquin,077,732212,68784,67093,2988,70081,1164
2021-03-17,San Luis Obispo,079,281455,20231,19858,604,20462,249
2021-03-17,San Mateo,081,765935,40339,39838,427,40265,344
2021-03-17,Santa Barbara,083,443738,33010,32585,1086,33671,433
2021-03-17,Santa Clara,085,1922200,112970,112983,635,113618,1805
2021-03-17,Santa Cruz,087,273765,15704,14967,800,15767,199
2021-03-17,Shasta,089,179085,11164,11045,1321,12366,100
2021-03-17,Sierra,091,2930,54,49,12,61,0
2021-03-17,Siskiyou,093,43540,1555,1479,252,1731,5
2021-03-17,Solano,095,438530,30459,30320,392,30712,171
2021-03-17,Sonoma,097,501317,28793,28877,247,29124,292
2021-03-17,Stanislaus,099,539301,52253,51524,5535,57059,682
2021-03-17,Sutter,101,95872,9007,8982,82,9064,103
2021-03-17,Tehama,103,63373,4715,4670,505,5175,34
2021-03-17,Trinity,105,12862,472,308,84,392,3
2021-03-17,Tulare,107,460477,49059,47929,8453,56382,805
2021-03-17,Tuolumne,109,53932,3884,3938,36,3974,57
2021-03-17,Ventura,111,848112,79340,78648,2850,81498,916
2021-03-17,Yolo,113,214977,13213,13169,240,13409,190
2021-03-17,Yuba,115,75493,5660,5603,93,5696,42
2021-03-16,Alameda,001,1643700,82793,82259,1770,84029,1177
2021-03-16,Alpine,003,1148,83,82,0,82,0
2021-03-16,Amador,005,37829,3524,3510,32,3542,44
2021-03-16,Butte,007,227075,11564,11154,1645,12799,184
2021-03-16,Calaveras,009,45235,1967,1945,11,1956,49
2021-03-16,Colusa,011,21464,1883,1882,272,2154,12
2021-03-16,Contra Costa,013,1133247,64883,63951,1115,65066,736
2021-03-16,Del Norte,015,27424,1108,1048,5,1053,6
2021-03-16,El Dorado,017,186661,9324,9249,610,9859,105
2021-03-16,Fresno,019,978130,98693,97638,8088,105726,1498
2021-03-16,Glenn,021,27897,2305,2267,514,2781,17
2021-03-16,Humboldt,023,135768,3385,3351,24,3375,33
2021-03-16,Imperial,025,180216,27458,27143,2567,29710,689
2021-03-16,Inyo,027,18085,1360,1346,11,1357,35
2021-03-16,Kern,029,883053,94781,93340,10199,103539,1144
2021-03-16,Kings,031,150075,22648,22320,1014,23334,233
2021-03-16,Lake,033,64148,3303,3246,8,3254,43
2021-03-16,Lassen,035,31185,5136,5126,101,5227,1
2021-03-16,Los Angeles,037,10098052,1182603,1172676,39797,1212473,22527
2021-03-16,Madera,039,155013,15976,15822,874,16696,214
2021-03-16,Marin,041,260295,13502,13419,185,13604,218
2021-03-16,Mariposa,043,17540,384,379,5,384,5
2021-03-16,Mendocino,045,87422,3718,3623,73,3696,44
2021-03-16,Merced,047,269075,29335,29198,967,30165,407
2021-03-16,Modoc,049,8938,350,341,119,460,3
2021-03-16,Mono,051,14174,1209,1207,16,1223,3
2021-03-16,Monterey,053,433212,42347,42023,1750,43773,334
2021-03-16,Napa,055,140530,9252,9209,34,9243,75
2021-03-16,Nevada,057,99092,4185,4132,170,4302,67
2021-03-16,Orange,059,3164182,249764,247843,10573,258416,4479
2021-03-16,Placer,061,380077,21207,20339,1191,21530,240
2021-03-16,Plumas,063,18699,659,643,10,653,4
2021-03-16,Riverside,065,2383286,288334,281540,13619,295159,3893
2021-03-16,Sacramento,067,1510023,97121,95522,1347,96869,1466
2021-03-16,San Benito,069,59416,5824,5831,92,5923,61
2021-03-16,San Bernardino,071,2135413,288178,283980,8679,292659,4032
2021-03-16,San Diego,073,3302833,268431,265903,13269,279172,3462
2021-03-16,San Francisco,075,870044,34846,34833,1159,35992,456
2021-03-16,San Joaquin,077,732212,68682,66856,2975,69831,1163
2021-03-16,San Luis Obispo,079,281455,20201,19832,602,20434,248
2021-03-16,San Mateo,081,765935,40305,39806,425,40231,344
2021-03-16,Santa Barbara,083,443738,32978,32556,1085,33641,433
2021-03-16,Santa Clara,085,1922200,112852,112845,632,113477,1797
2021-03-16,Santa Cruz,087,273765,15698,14926,800,15726,199
2021-03-16,Shasta,089,179085,11148,11035,1318,12353,100
2021-03-16,Sierra,091,2930,53,49,12,61,0
2021-03-16,Siskiyou,093,43540,1552,1477,252,1729,5
2021-03-16,Solano,095,438530,30425,30298,390,30688,171
2021-03-16,Sonoma,097,501317,28760,28850,245,29095,291
2021-03-16,Stanislaus,099,539301,52173,51410,5528,56938,683
2021-03-16,Sutter,101,95872,8999,8970,82,9052,102
2021-03-16,Tehama,103,63373,4712,4660,504,5164,34
2021-03-16,Trinity,105,12862,472,308,83,391,3
2021-03-16,Tulare,107,460477,49011,47895,8445,56340,803
2021-03-16,Tuolumne,109,53932,3881,3938,36,3974,57
2021-03-16,Ventura,111,848112,79274,78671,2843,81514,916
2021-03-16,Yolo,113,214977,13198,13162,240,13402,190
2021-03-16,Yuba,115,75493,5657,5596,92,5688,42
2021-03-15,Alameda,001,1643700,82704,82159,1770,83929,1167
2021-03-15,Alpine,003,1148,83,82,0,82,0
2021-03-15,Amador,005,37829,3523,3506,32,3538,44
2021-03-15,Butte,007,227075,11551,11141,1641,12782,185
2021-03-15,Calaveras,009,45235,1966,1941,11,1952,49
2021-03-15,Colusa,011,21464,1883,1883,272,2155,12
2021-03-15,Contra Costa,013,1133247,64821,63847,1114,64961,732
2021-03-15,Del Norte,015,27424,1105,1048,5,1053,6
2021-03-15,El Dorado,017,186661,9318,9235,609,9844,103
2021-03-15,Fresno,019,978130,98566,97520,8073,105593,1496
2021-03-15,Glenn,021,27897,2300,2261,511,2772,15
2021-03-15,Humboldt,023,135768,3379,3337,24,3361,32
2021-03-15,Imperial,025,180216,27438,27122,2564,29686,684
2021-03-15,Inyo,027,18085,1360,1346,11,1357,35
2021-03-15,Kern,029,883053,94721,93266,10192,103458,1141
2021-03-15,Kings,031,150075,22631,22294,1008,23302,233
2021-03-15,Lake,033,64148,3291,3237,8,3245,43
2021-03-15,Lassen,035,31185,5136,5125,101,5226,1
2021-03-15,Los Angeles,037,10098052,1182031,1172445,39765,1212210,22477
2021-03-15,Madera,039,155013,15965,15806,872,16678,214
2021-03-15,Marin,041,260295,13496,13408,184,13592,218
2021-03-15,Mariposa,043,17540,384,376,5,381,5
2021-03-15,Mendocino,045,87422,3714,3615,73,3688,44
2021-03-15,Merced,047,269075,29297,29169,965,30134,407
2021-03-15,Modoc,049,8938,350,340,119,459,3
2021-03-15,Mono,051,14174,1208,1206,16,1222,3
2021-03-15,Monterey,053,433212,42319,42011,1747,43758,333
2021-03-15,Napa,055,140530,9241,9196,34,9230,75
2021-03-15,Nevada,057,99092,4180,4123,169,4292,66
2021-03-15,Orange,059,3164182,249651,247697,10552,258249,4481
2021-03-15,Placer,061,380077,21184,20308,1191,21499,238
2021-03-15,Plumas,063,18699,659,642,10,652,4
2021-03-15,Riverside,065,2383286,288182,281367,13609,294976,3856
2021-03-15,Sacramento,067,1510023,96968,95414,1341,96755,1463
2021-03-15,San Benito,069,59416,5821,5831,92,5923,61
2021-03-15,San Bernardino,071,2135413,288086,283815,8671,292486,4004
2021-03-15,San Diego,073,3302833,268182,265646,13253,278899,3452
2021-03-15,San Francisco,075,870044,34811,34820,1155,35975,456
2021-03-15,San Joaquin,077,732212,68578,66622,2962,69584,1140
2021-03-15,San Luis Obispo,079,281455,20170,19813,598,20411,247
2021-03-15,San Mateo,081,765935,40251,39765,425,40190,344
2021-03-15,Santa Barbara,083,443738,32955,32529,1082,33611,431
2021-03-15,Santa Clara,085,1922200,112751,112729,630,113359,1798
2021-03-15,Santa Cruz,087,273765,15692,14899,798,15697,200
2021-03-15,Shasta,089,179085,11132,11019,1313,12332,92
2021-03-15,Sierra,091,2930,53,49,12,61,0
2021-03-15,Siskiyou,093,43540,1552,1475,252,1727,5
2021-03-15,Solano,095,438530,30396,30258,389,30647,171
2021-03-15,Sonoma,097,501317,28742,28814,242,29056,285
2021-03-15,Stanislaus,099,539301,52095,51357,5521,56878,683
2021-03-15,Sutter,101,95872,8993,8962,82,9044,102
2021-03-15,Tehama,103,63373,4697,4650,503,5153,34
2021-03-15,Trinity,105,12862,472,308,83,391,3
2021-03-15,Tulare,107,460477,48981,47857,8430,56287,800
2021-03-15,Tuolumne,109,53932,3879,3937,35,3972,57
2021-03-15,Ventura,111,848112,79218,78626,2842,81468,910
2021-03-15,Yolo,113,214977,13179,13131,238,13369,190
2021-03-15,Yuba,115,75493,5652,5585,91,5676,42
2021-03-14,Alameda,001,1643700,82621,82116,1767,83883,1168
2021-03-14,Alpine,003,1148,83,82,0,82,0
2021-03-14,Amador,005,37829,3518,3504,32,3536,44
2021-03-14,Butte,007,227075,11538,11140,1637,12777,185
2021-03-14,Calaveras,009,45235,1962,1939,11,1950,49
2021-03-14,Colusa,011,21464,1883,1883,272,2155,12
2021-03-14,Contra Costa,013,1133247,64716,63808,1113,64921,731
2021-03-14,Del Norte,015,27424,1091,1048,5,1053,6
2021-03-14,El Dorado,017,186661,9308,9231,609,9840,103
2021-03-14,Fresno,019,978130,98458,97461,8055,105516,1496
2021-03-14,Glenn,021,27897,2295,2260,508,2768,15
2021-03-14,Humboldt,023,135768,3365,3335,24,3359,32
2021-03-14,Imperial,025,180216,27423,27122,2559,29681,685
2021-03-14,Inyo,027,18085,1356,1346,11,1357,35
2021-03-14,Kern,029,883053,94638,93252,10174,103426,1141
2021-03-14,Kings,031,150075,22612,22292,1006,23298,232
2021-03-14,Lake,033,64148,3286,3237,8,3245,43
2021-03-14,Lassen,035,31185,5134,5125,101,5226,1
2021-03-14,Los Angeles,037,10098052,1181461,1172100,39730,1211830,22476
2021-03-14,Madera,039,155013,15940,15804,872,16676,214
2021-03-14,Marin,041,260295,13480,13405,182,13587,218
2021-03-14,Mariposa,043,17540,382,376,5,381,5
2021-03-14,Mendocino,045,87422,3709,3613,73,3686,44
2021-03-14,Merced,047,269075,29229,29149,961,30110,407
2021-03-14,Modoc,049,8938,350,340,119,459,3
2021-03-14,Mono,051,14174,1202,1206,16,1222,3
2021-03-14,Monterey,053,433212,42295,42007,1743,43750,333
2021-03-14,Napa,055,140530,9223,9194,34,9228,75
2021-03-14,Nevada,057,99092,4174,4122,167,4289,66
2021-03-14,Orange,059,3164182,249517,247656,10532,258188,4460
2021-03-14,Placer,061,380077,21149,20288,1183,21471,238
2021-03-14,Plumas,063,18699,657,642,10,652,4
2021-03-14,Riverside,065,2383286,288024,281332,13601,294933,3845
2021-03-14,Sacramento,067,1510023,96790,95343,1336,96679,1462
2021-03-14,San Benito,069,59416,5812,5829,92,5921,61
2021-03-14,San Bernardino,071,2135413,287962,283791,8660,292451,3996
2021-03-14,San Diego,073,3302833,267947,265468,13240,278708,3452
2021-03-14,San Francisco,075,870044,34772,34810,1152,35962,455
2021-03-14,San Joaquin,077,732212,68450,66563,2945,69508,1140
2021-03-14,San Luis Obispo,079,281455,20141,19806,596,20402,247
2021-03-14,San Mateo,081,765935,40212,39744,425,40169,342
2021-03-14,Santa Barbara,083,443738,32911,32514,1080,33594,431
2021-03-14,Santa Clara,085,1922200,112623,112648,629,113277,1796
2021-03-14,Santa Cruz,087,273765,15675,14887,796,15683,200
2021-03-14,Shasta,089,179085,11116,11019,1306,12325,92
2021-03-14,Sierra,091,2930,53,49,12,61,0
2021-03-14,Siskiyou,093,43540,1549,1473,252,1725,5
2021-03-14,Solano,095,438530,30364,30230,384,30614,171
2021-03-14,Sonoma,097,501317,28707,28798,238,29036,284
2021-03-14,Stanislaus,099,539301,51975,51306,5513,56819,690
2021-03-14,Sutter,101,95872,8977,8958,82,9040,102
2021-03-14,Tehama,103,63373,4690,4650,502,5152,34
2021-03-14,Trinity,105,12862,471,308,82,390,3
2021-03-14,Tulare,107,460477,48948,47845,8409,56254,800
2021-03-14,Tuolumne,109,53932,3877,3937,35,3972,57
2021-03-14,Ventura,111,848112,79170,78611,2836,81447,910
2021-03-14,Yolo,113,214977,13156,13128,235,13363,189
2021-03-14,Yuba,115,75493,5642,5583,91,5674,42
2021-03-13,Alameda,001,1643700,82561,82010,1767,83777,1168
2021-03-13,Alpine,003,1148,83,82,0,82,0
2021-03-13,Amador,005,37829,3515,3504,32,3536,44
2021-03-13,Butte,007,227075,11529,11131,1636,12767,185
2021-03-13,Calaveras,009,45235,1961,1939,11,1950,49
2021-03-13,Colusa,011,21464,1883,1882,272,2154,12
2021-03-13,Contra Costa,013,1133247,64655,63689,1113,64802,731
2021-03-13,Del Norte,015,27424,1087,1041,5,1046,6
2021-03-13,El Dorado,017,186661,9300,9221,609,9830,103
2021-03-13,Fresno,019,978130,98399,97324,8035,105359,1495
2021-03-13,Glenn,021,27897,2294,2260,507,2767,15
2021-03-13,Humboldt,023,135768,3358,3325,24,3349,32
2021-03-13,Imperial,025,180216,27417,27099,2555,29654,677
2021-03-13,Inyo,027,18085,1355,1344,11,1355,35
2021-03-13,Kern,029,883053,94599,93197,10168,103365,1140
2021-03-13,Kings,031,150075,22596,22265,1005,23270,232
2021-03-13,Lake,033,64148,3279,3234,7,3241,43
2021-03-13,Lassen,035,31185,5134,5125,101,5226,1
2021-03-13,Los Angeles,037,10098052,1181145,1171505,39687,1211192,22451
2021-03-13,Madera,039,155013,15928,15780,872,16652,214
2021-03-13,Marin,041,260295,13474,13391,180,13571,218
2021-03-13,Mariposa,043,17540,381,376,5,381,5
2021-03-13,Mendocino,045,87422,3705,3611,73,3684,44
2021-03-13,Merced,047,269075,29198,29106,961,30067,406
2021-03-13,Modoc,049,8938,350,340,118,458,3
2021-03-13,Mono,051,14174,1202,1207,16,1223,3
2021-03-13,Monterey,053,433212,42285,41989,1741,43730,332
2021-03-13,Napa,055,140530,9217,9190,34,9224,75
2021-03-13,Nevada,057,99092,4167,4111,166,4277,66
2021-03-13,Orange,059,3164182,249436,247514,10516,258030,4423
2021-03-13,Placer,061,380077,21128,20238,1180,21418,239
2021-03-13,Plumas,063,18699,655,642,10,652,4
2021-03-13,Riverside,065,2383286,287932,281191,13593,294784,3848
2021-03-13,Sacramento,067,1510023,96704,95192,1334,96526,1461
2021-03-13,San Benito,069,59416,5809,5823,92,5915,61
2021-03-13,San Bernardino,071,2135413,287908,283727,8654,292381,3972
2021-03-13,San Diego,073,3302833,267792,265270,13226,278496,3444
2021-03-13,San Francisco,075,870044,34755,34784,1143,35927,455
2021-03-13,San Joaquin,077,732212,68394,66480,2923,69403,1141
2021-03-13,San Luis Obispo,079,281455,20123,19789,595,20384,247
2021-03-13,San Mateo,081,765935,40185,39689,424,40113,341
2021-03-13,Santa Barbara,083,443738,32886,32486,1079,33565,431
2021-03-13,Santa Clara,085,1922200,112538,112531,628,113159,1790
2021-03-13,Santa Cruz,087,273765,15668,14875,796,15671,199
2021-03-13,Shasta,089,179085,11108,11021,1303,12324,108
2021-03-13,Sierra,091,2930,52,49,12,61,0
2021-03-13,Siskiyou,093,43540,1547,1470,252,1722,5
2021-03-13,Solano,095,438530,30347,30198,384,30582,171
2021-03-13,Sonoma,097,501317,28687,28762,234,28996,285
2021-03-13,Stanislaus,099,539301,51924,51257,5508,56765,695
2021-03-13,Sutter,101,95872,8970,8948,82,9030,102
2021-03-13,Tehama,103,63373,4688,4647,502,5149,33
2021-03-13,Trinity,105,12862,471,306,82,388,3
2021-03-13,Tulare,107,460477,48922,47818,8401,56219,798
2021-03-13,Tuolumne,109,53932,3874,3937,35,3972,57
2021-03-13,Ventura,111,848112,79118,78693,2836,81529,906
2021-03-13,Yolo,113,214977,13147,13087,235,13322,189
2021-03-13,Yuba,115,75493,5641,5577,91,5668,42
2021-03-12,Alameda,001,1643700,82484,81898,1766,83664,1164
2021-03-12,Alpine,003,1148,83,82,0,82,0
2021-03-12,Amador,005,37829,3512,3503,32,3535,44
2021-03-12,Butte,007,227075,11519,11126,1634,12760,184
2021-03-12,Calaveras,009,45235,1961,1916,11,1927,49
2021-03-12,Colusa,011,21464,1883,1883,272,2155,12
2021-03-12,Contra Costa,013,1133247,64579,63583,1113,64696,728
2021-03-12,Del Norte,015,27424,1081,1033,5,1038,6
2021-03-12,El Dorado,017,186661,9291,9219,609,9828,103
2021-03-12,Fresno,019,978130,98302,97185,8024,105209,1489
2021-03-12,Glenn,021,27897,2293,2258,506,2764,15
2021-03-12,Humboldt,023,135768,3353,3315,24,3339,32
2021-03-12,Imperial,025,180216,27406,27071,2553,29624,677
2021-03-12,Inyo,027,18085,1353,1339,11,1350,35
2021-03-12,Kern,029,883053,94565,93142,10152,103294,1132
2021-03-12,Kings,031,150075,22577,22233,1005,23238,232
2021-03-12,Lake,033,64148,3273,3226,6,3232,43
2021-03-12,Lassen,035,31185,5134,5125,100,5225,1
2021-03-12,Los Angeles,037,10098052,1180746,1170860,39670,1210530,22409
2021-03-12,Madera,039,155013,15916,15761,869,16630,214
2021-03-12,Marin,041,260295,13467,13375,180,13555,218
2021-03-12,Mariposa,043,17540,379,376,5,381,5
2021-03-12,Mendocino,045,87422,3702,3605,73,3678,43
2021-03-12,Merced,047,269075,29167,29064,961,30025,403
2021-03-12,Modoc,049,8938,350,340,118,458,3
2021-03-12,Mono,051,14174,1201,1206,16,1222,3
2021-03-12,Monterey,053,433212,42271,41964,1736,43700,329
2021-03-12,Napa,055,140530,9208,9180,34,9214,75
2021-03-12,Nevada,057,99092,4157,4101,166,4267,66
2021-03-12,Orange,059,3164182,249343,247388,10505,257893,4401
2021-03-12,Placer,061,380077,21095,20210,1175,21385,239
2021-03-12,Plumas,063,18699,654,641,10,651,4
2021-03-12,Riverside,065,2383286,287833,281037,13585,294622,3854
2021-03-12,Sacramento,067,1510023,96580,95061,1327,96388,1460
2021-03-12,San Benito,069,59416,5806,5817,92,5909,61
2021-03-12,San Bernardino,071,2135413,287852,283558,8649,292207,3917
2021-03-12,San Diego,073,3302833,267629,264886,13218,278104,3434
2021-03-12,San Francisco,075,870044,34734,34758,1140,35898,452
2021-03-12,San Joaquin,077,732212,68323,66482,2914,69396,1144
2021-03-12,San Luis Obispo,079,281455,20110,19769,593,20362,247
2021-03-12,San Mateo,081,765935,40149,39638,422,40060,341
2021-03-12,Santa Barbara,083,443738,32863,32457,1076,33533,429
2021-03-12,Santa Clara,085,1922200,112443,112396,627,113023,1766
2021-03-12,Santa Cruz,087,273765,15656,14846,794,15640,195
2021-03-12,Shasta,089,179085,11099,11143,1301,12444,153
2021-03-12,Sierra,091,2930,52,49,12,61,0
2021-03-12,Siskiyou,093,43540,1547,1468,251,1719,5
2021-03-12,Solano,095,438530,30328,30180,383,30563,171
2021-03-12,Sonoma,097,501317,28660,28714,234,28948,285
2021-03-12,Stanislaus,099,539301,51866,51146,5501,56647,701
2021-03-12,Sutter,101,95872,8964,8940,82,9022,101
2021-03-12,Tehama,103,63373,4684,4638,501,5139,33
2021-03-12,Trinity,105,12862,470,306,81,387,3
2021-03-12,Tulare,107,460477,48897,47772,8395,56167,798
2021-03-12,Tuolumne,109,53932,3873,3936,35,3971,57
2021-03-12,Ventura,111,848112,79072,78698,2832,81530,899
2021-03-12,Yolo,113,214977,13137,13061,228,13289,189
2021-03-12,Yuba,115,75493,5634,5563,90,5653,42
2021-03-11,Alameda,001,1643700,82392,81809,1761,83570,1164
2021-03-11,Alpine,003,1148,83,78,0,78,0
2021-03-11,Amador,005,37829,3511,3498,32,3530,42
2021-03-11,Butte,007,227075,11508,11110,1632,12742,185
2021-03-11,Calaveras,009,45235,1958,1915,11,1926,49
2021-03-11,Colusa,011,21464,1883,1883,272,2155,12
2021-03-11,Contra Costa,013,1133247,64506,63469,1111,64580,728
2021-03-11,Del Norte,015,27424,1076,1027,5,1032,6
2021-03-11,El Dorado,017,186661,9277,9211,609,9820,101
2021-03-11,Fresno,019,978130,98186,97026,7995,105021,1481
2021-03-11,Glenn,021,27897,2290,2255,506,2761,15
2021-03-11,Humboldt,023,135768,3336,3302,24,3326,32
2021-03-11,Imperial,025,180216,27399,27045,2549,29594,675
2021-03-11,Inyo,027,18085,1348,1335,11,1346,35
2021-03-11,Kern,029,883053,94509,93052,10113,103165,1121
2021-03-11,Kings,031,150075,22562,22183,1002,23185,230
2021-03-11,Lake,033,64148,3269,3214,6,3220,42
2021-03-11,Lassen,035,31185,5133,5124,100,5224,1
2021-03-11,Los Angeles,037,10098052,1180214,1170111,39638,1209749,22316
2021-03-11,Madera,039,155013,15905,15725,867,16592,214
2021-03-11,Marin,041,260295,13455,13356,179,13535,217
2021-03-11,Mariposa,043,17540,379,376,5,381,5
2021-03-11,Mendocino,045,87422,3695,3604,73,3677,42
2021-03-11,Merced,047,269075,29119,29001,960,29961,401
2021-03-11,Modoc,049,8938,350,340,118,458,3
2021-03-11,Mono,051,14174,1200,1206,16,1222,3
2021-03-11,Monterey,053,433212,42248,41936,1730,43666,329
2021-03-11,Napa,055,140530,9195,9173,34,9207,75
2021-03-11,Nevada,057,99092,4145,4085,164,4249,66
2021-03-11,Orange,059,3164182,249205,247217,10487,257704,4373
2021-03-11,Placer,061,380077,21053,20178,1171,21349,239
2021-03-11,Plumas,063,18699,653,640,10,650,4
2021-03-11,Riverside,065,2383286,287663,280881,13572,294453,3842
2021-03-11,Sacramento,067,1510023,96439,94912,1324,96236,1455
2021-03-11,San Benito,069,59416,5803,5816,92,5908,61
2021-03-11,San Bernardino,071,2135413,287753,283312,8643,291955,3869
2021-03-11,San Diego,073,3302833,267465,264524,13202,277726,3422
2021-03-11,San Francisco,075,870044,34698,34722,1134,35856,452
2021-03-11,San Joaquin,077,732212,68211,66522,2906,69428,1157
2021-03-11,San Luis Obispo,079,281455,20085,19748,592,20340,247
2021-03-11,San Mateo,081,765935,40112,39590,421,40011,341
2021-03-11,Santa Barbara,083,443738,32835,32408,1071,33479,430
2021-03-11,Santa Clara,085,1922200,112314,112246,624,112870,1765
2021-03-11,Santa Cruz,087,273765,15644,14812,793,15605,193
2021-03-11,Shasta,089,179085,11089,11139,1296,12435,158
2021-03-11,Sierra,091,2930,52,48,12,60,0
2021-03-11,Siskiyou,093,43540,1544,1466,250,1716,5
2021-03-11,Solano,095,438530,30300,30138,382,30520,171
2021-03-11,Sonoma,097,501317,28631,28677,234,28911,285
2021-03-11,Stanislaus,099,539301,51781,51038,5493,56531,707
2021-03-11,Sutter,101,95872,8958,8933,82,9015,101
2021-03-11,Tehama,103,63373,4676,4632,501,5133,33
2021-03-11,Trinity,105,12862,469,304,80,384,3
2021-03-11,Tulare,107,460477,48860,47709,8384,56093,797
2021-03-11,Tuolumne,109,53932,3871,3934,35,3969,57
2021-03-11,Ventura,111,848112,79022,78697,2828,81525,889
2021-03-11,Yolo,113,214977,13119,13041,227,13268,190
2021-03-11,Yuba,115,75493,5630,5553,90,5643,42
2021-03-10,Alameda,001,1643700,82286,81701,1756,83457,1160
2021-03-10,Alpine,003,1148,82,78,0,78,0
2021-03-10,Amador,005,37829,3509,3496,32,3528,42
2021-03-10,Butte,007,227075,11498,11096,1632,12728,185
2021-03-10,Calaveras,009,45235,1952,1913,11,1924,48
2021-03-10,Colusa,011,21464,1883,1882,272,2154,12
2021-03-10,Contra Costa,013,1133247,64405,63372,1107,64479,725
2021-03-10,Del Norte,015,27424,1074,1020,5,1025,5
2021-03-10,El Dorado,017,186661,9264,9203,609,9812,100
2021-03-10,Fresno,019,978130,98079,96866,7979,104845,1471
2021-03-10,Glenn,021,27897,2287,2253,504,2757,15
2021-03-10,Humboldt,023,135768,3326,3296,23,3319,32
2021-03-10,Imperial,025,180216,27384,27051,2549,29600,675
2021-03-10,Inyo,027,18085,1348,1328,11,1339,35
2021-03-10,Kern,029,883053,94443,92965,10092,103057,1102
2021-03-10,Kings,031,150075,22543,22166,1000,23166,226
2021-03-10,Lake,033,64148,3259,3207,6,3213,42
2021-03-10,Lassen,035,31185,5133,5120,100,5220,1
2021-03-10,Los Angeles,037,10098052,1179667,1169079,39611,1208690,22199
2021-03-10,Madera,039,155013,15884,15705,864,16569,212
2021-03-10,Marin,041,260295,13445,13348,178,13526,216
2021-03-10,Mariposa,043,17540,379,376,5,381,5
2021-03-10,Mendocino,045,87422,3690,3602,73,3675,42
2021-03-10,Merced,047,269075,29081,28927,957,29884,401
2021-03-10,Modoc,049,8938,349,338,118,456,3
2021-03-10,Mono,051,14174,1196,1204,16,1220,3
2021-03-10,Monterey,053,433212,42226,41920,1726,43646,329
2021-03-10,Napa,055,140530,9186,9165,34,9199,75
2021-03-10,Nevada,057,99092,4141,4074,164,4238,66
2021-03-10,Orange,059,3164182,249057,247075,10472,257547,4342
2021-03-10,Placer,061,380077,21019,20144,1165,21309,239
2021-03-10,Plumas,063,18699,652,639,10,649,4
2021-03-10,Riverside,065,2383286,287522,280708,13558,294266,3822
2021-03-10,Sacramento,067,1510023,96309,94796,1318,96114,1452
2021-03-10,San Benito,069,59416,5794,5811,92,5903,61
2021-03-10,San Bernardino,071,2135413,287661,283140,8637,291777,3841
2021-03-10,San Diego,073,3302833,267243,264094,13190,277284,3413
2021-03-10,San Francisco,075,870044,34663,34688,1126,35814,450
2021-03-10,San Joaquin,077,732212,68109,66483,2889,69372,1156
2021-03-10,San Luis Obispo,079,281455,20061,19710,588,20298,247
2021-03-10,San Mateo,081,765935,40088,39571,421,39992,338
2021-03-10,Santa Barbara,083,443738,32808,32356,1068,33424,429
2021-03-10,Santa Clara,085,1922200,112205,112103,620,112723,1759
2021-03-10,Santa Cruz,087,273765,15629,14790,792,15582,192
2021-03-10,Shasta,089,179085,11079,11125,1293,12418,155
2021-03-10,Sierra,091,2930,52,48,12,60,0
2021-03-10,Siskiyou,093,43540,1542,1458,250,1708,5
2021-03-10,Solano,095,438530,30270,30111,381,30492,170
2021-03-10,Sonoma,097,501317,28596,28638,233,28871,286
2021-03-10,Stanislaus,099,539301,51694,50968,5474,56442,706
2021-03-10,Sutter,101,95872,8947,8918,82,9000,101
2021-03-10,Tehama,103,63373,4665,4623,500,5123,33
2021-03-10,Trinity,105,12862,469,304,80,384,3
2021-03-10,Tulare,107,460477,48812,47659,8366,56025,793
2021-03-10,Tuolumne,109,53932,3870,3931,35,3966,57
2021-03-10,Ventura,111,848112,78945,78609,2826,81435,878
2021-03-10,Yolo,113,214977,13095,13021,227,13248,189
2021-03-10,Yuba,115,75493,5617,5545,89,5634,42
2021-03-09,Alameda,001,1643700,82201,81618,1756,83374,1151
2021-03-09,Alpine,003,1148,82,78,0,78,0
2021-03-09,Amador,005,37829,3507,3494,32,3526,42
2021-03-09,Butte,007,227075,11485,11092,1631,12723,185
2021-03-09,Calaveras,009,45235,1950,1913,11,1924,48
2021-03-09,Colusa,011,21464,1883,1880,272,2152,11
2021-03-09,Contra Costa,013,1133247,64314,63314,1105,64419,723
2021-03-09,Del Norte,015,27424,1066,1017,5,1022,5
2021-03-09,El Dorado,017,186661,9256,9198,609,9807,98
2021-03-09,Fresno,019,978130,97960,96744,7952,104696,1463
2021-03-09,Glenn,021,27897,2283,2251,502,2753,15
2021-03-09,Humboldt,023,135768,3314,3288,22,3310,32
2021-03-09,Imperial,025,180216,27374,27045,2545,29590,675
2021-03-09,Inyo,027,18085,1346,1324,11,1335,35
2021-03-09,Kern,029,883053,94364,92924,10074,102998,1088
2021-03-09,Kings,031,150075,22518,22143,998,23141,226
2021-03-09,Lake,033,64148,3253,3202,6,3208,42
2021-03-09,Lassen,035,31185,5133,5120,100,5220,1
2021-03-09,Los Angeles,037,10098052,1179069,1167967,39577,1207544,22080
2021-03-09,Madera,039,155013,15873,15701,862,16563,211
2021-03-09,Marin,041,260295,13427,13335,176,13511,214
2021-03-09,Mariposa,043,17540,379,376,5,381,5
2021-03-09,Mendocino,045,87422,3686,3595,73,3668,42
2021-03-09,Merced,047,269075,29021,28876,954,29830,399
2021-03-09,Modoc,049,8938,349,338,117,455,3
2021-03-09,Mono,051,14174,1195,1203,16,1219,3
2021-03-09,Monterey,053,433212,42207,41894,1718,43612,329
2021-03-09,Napa,055,140530,9172,9155,34,9189,75
2021-03-09,Nevada,057,99092,4133,4062,164,4226,66
2021-03-09,Orange,059,3164182,248915,246989,10452,257441,4310
2021-03-09,Placer,061,380077,20977,20122,1160,21282,239
2021-03-09,Plumas,063,18699,649,639,10,649,4
2021-03-09,Riverside,065,2383286,287387,280562,13554,294116,3821
2021-03-09,Sacramento,067,1510023,96142,94720,1312,96032,1442
2021-03-09,San Benito,069,59416,5790,5800,92,5892,61
2021-03-09,San Bernardino,071,2135413,287547,282971,8631,291602,3823
2021-03-09,San Diego,073,3302833,267011,263745,13169,276914,3405
2021-03-09,San Francisco,075,870044,34632,34654,1122,35776,450
2021-03-09,San Joaquin,077,732212,67981,66383,2879,69262,1150
2021-03-09,San Luis Obispo,079,281455,20043,19672,581,20253,245
2021-03-09,San Mateo,081,765935,40041,39535,419,39954,336
2021-03-09,Santa Barbara,083,443738,32767,32314,1066,33380,428
2021-03-09,Santa Clara,085,1922200,112094,111963,615,112578,1756
2021-03-09,Santa Cruz,087,273765,15607,14764,791,15555,188
2021-03-09,Shasta,089,179085,11072,11113,1288,12401,155
2021-03-09,Sierra,091,2930,52,48,12,60,0
2021-03-09,Siskiyou,093,43540,1538,1447,248,1695,5
2021-03-09,Solano,095,438530,30234,30090,379,30469,169
2021-03-09,Sonoma,097,501317,28546,28601,230,28831,284
2021-03-09,Stanislaus,099,539301,51597,50884,5465,56349,703
2021-03-09,Sutter,101,95872,8934,8914,82,8996,101
2021-03-09,Tehama,103,63373,4660,4620,500,5120,33
2021-03-09,Trinity,105,12862,469,304,80,384,3
2021-03-09,Tulare,107,460477,48785,47637,8345,55982,792
2021-03-09,Tuolumne,109,53932,3868,3929,35,3964,56
2021-03-09,Ventura,111,848112,78882,78526,2824,81350,863
2021-03-09,Yolo,113,214977,13083,13015,226,13241,189
2021-03-09,Yuba,115,75493,5610,5539,89,5628,42
2021-03-08,Alameda,001,1643700,82090,81543,1755,83298,1142
2021-03-08,Alpine,003,1148,82,78,0,78,0
2021-03-08,Amador,005,37829,3504,3490,32,3522,42
2021-03-08,Butte,007,227075,11472,11082,1630,12712,185
2021-03-08,Calaveras,009,45235,1946,1909,11,1920,48
2021-03-08,Colusa,011,21464,1883,1877,272,2149,11
2021-03-08,Contra Costa,013,1133247,64218,63240,1105,64345,719
2021-03-08,Del Norte,015,27424,1061,1012,5,1017,5
2021-03-08,El Dorado,017,186661,9253,9188,608,9796,97
2021-03-08,Fresno,019,978130,97861,96665,7931,104596,1442
2021-03-08,Glenn,021,27897,2282,2249,502,2751,15
2021-03-08,Humboldt,023,135768,3300,3278,22,3300,31
2021-03-08,Imperial,025,180216,27366,27033,2542,29575,663
2021-03-08,Inyo,027,18085,1344,1320,11,1331,35
2021-03-08,Kern,029,883053,94297,92857,10054,102911,1087
2021-03-08,Kings,031,150075,22497,22130,996,23126,226
2021-03-08,Lake,033,64148,3241,3195,6,3201,42
2021-03-08,Lassen,035,31185,5133,5119,100,5219,1
2021-03-08,Los Angeles,037,10098052,1178451,1163409,39545,1202954,21868
2021-03-08,Madera,039,155013,15863,15691,860,16551,211
2021-03-08,Marin,041,260295,13407,13328,174,13502,214
2021-03-08,Mariposa,043,17540,379,376,5,381,5
2021-03-08,Mendocino,045,87422,3684,3590,72,3662,42
2021-03-08,Merced,047,269075,28961,28841,953,29794,398
2021-03-08,Modoc,049,8938,349,338,117,455,3
2021-03-08,Mono,051,14174,1194,1200,16,1216,3
2021-03-08,Monterey,053,433212,42186,41863,1717,43580,328
2021-03-08,Napa,055,140530,9169,9146,34,9180,75
2021-03-08,Nevada,057,99092,4125,4059,164,4223,66
2021-03-08,Orange,059,3164182,248741,246900,10420,257320,4243
2021-03-08,Placer,061,380077,20942,20102,1149,21251,239
2021-03-08,Plumas,063,18699,648,635,10,645,4
2021-03-08,Riverside,065,2383286,287235,280463,13544,294007,3783
2021-03-08,Sacramento,067,1510023,95972,94654,1307,95961,1438
2021-03-08,San Benito,069,59416,5787,5797,92,5889,61
2021-03-08,San Bernardino,071,2135413,287437,282894,8624,291518,3811
2021-03-08,San Diego,073,3302833,266770,263272,13154,276426,3390
2021-03-08,San Francisco,075,870044,34606,34634,1118,35752,446
2021-03-08,San Joaquin,077,732212,67864,66307,2870,69177,1139
2021-03-08,San Luis Obispo,079,281455,20000,19656,578,20234,245
2021-03-08,San Mateo,081,765935,39992,39492,417,39909,335
2021-03-08,Santa Barbara,083,443738,32735,32293,1066,33359,427
2021-03-08,Santa Clara,085,1922200,111966,111882,613,112495,1756
2021-03-08,Santa Cruz,087,273765,15587,14729,791,15520,188
2021-03-08,Shasta,089,179085,11064,11088,1283,12371,155
2021-03-08,Sierra,091,2930,52,48,12,60,0
2021-03-08,Siskiyou,093,43540,1537,1440,248,1688,5
2021-03-08,Solano,095,438530,30194,30068,377,30445,169
2021-03-08,Sonoma,097,501317,28502,28571,229,28800,284
2021-03-08,Stanislaus,099,539301,51518,50825,5459,56284,690
2021-03-08,Sutter,101,95872,8931,8905,82,8987,100
2021-03-08,Tehama,103,63373,4656,4615,500,5115,33
2021-03-08,Trinity,105,12862,468,302,80,382,3
2021-03-08,Tulare,107,460477,48744,47587,8320,55907,791
2021-03-08,Tuolumne,109,53932,3867,3921,35,3956,56
2021-03-08,Ventura,111,848112,78809,78526,2816,81342,852
2021-03-08,Yolo,113,214977,13060,13000,225,13225,189
2021-03-08,Yuba,115,75493,5600,5530,89,5619,42
2021-03-07,Alameda,001,1643700,81970,81413,1754,83167,1145
2021-03-07,Alpine,003,1148,82,78,0,78,0
2021-03-07,Amador,005,37829,3501,3489,32,3521,42
2021-03-07,Butte,007,227075,11456,11075,1629,12704,185
2021-03-07,Calaveras,009,45235,1942,1906,11,1917,48
2021-03-07,Colusa,011,21464,1883,1876,272,2148,11
2021-03-07,Contra Costa,013,1133247,64119,63148,1103,64251,719
2021-03-07,Del Norte,015,27424,1056,1010,5,1015,5
2021-03-07,El Dorado,017,186661,9250,9184,607,9791,97
2021-03-07,Fresno,019,978130,97683,96549,7909,104458,1442
2021-03-07,Glenn,021,27897,2280,2244,502,2746,15
2021-03-07,Humboldt,023,135768,3290,3274,22,3296,31
2021-03-07,Imperial,025,180216,27357,27019,2540,29559,658
2021-03-07,Inyo,027,18085,1341,1320,11,1331,35
2021-03-07,Kern,029,883053,94210,92746,10024,102770,1086
2021-03-07,Kings,031,150075,22475,22103,996,23099,224
2021-03-07,Lake,033,64148,3235,3192,6,3198,42
2021-03-07,Lassen,035,31185,5132,5119,100,5219,1
2021-03-07,Los Angeles,037,10098052,1177726,1162749,39509,1202258,21857
2021-03-07,Madera,039,155013,15844,15675,860,16535,211
2021-03-07,Marin,041,260295,13399,13313,172,13485,214
2021-03-07,Mariposa,043,17540,378,376,5,381,5
2021-03-07,Mendocino,045,87422,3680,3581,72,3653,42
2021-03-07,Merced,047,269075,28887,28829,949,29778,399
2021-03-07,Modoc,049,8938,349,338,117,455,3
2021-03-07,Mono,051,14174,1192,1199,16,1215,3
2021-03-07,Monterey,053,433212,42165,41858,1714,43572,328
2021-03-07,Napa,055,140530,9159,9137,34,9171,75
2021-03-07,Nevada,057,99092,4111,4052,163,4215,66
2021-03-07,Orange,059,3164182,248550,246771,10392,257163,4218
2021-03-07,Placer,061,380077,20901,20070,1145,21215,239
2021-03-07,Plumas,063,18699,647,635,10,645,4
2021-03-07,Riverside,065,2383286,287086,280379,13535,293914,3779
2021-03-07,Sacramento,067,1510023,95795,94513,1300,95813,1437
2021-03-07,San Benito,069,59416,5780,5795,92,5887,61
2021-03-07,San Bernardino,071,2135413,287286,282860,8619,291479,3810
2021-03-07,San Diego,073,3302833,266489,262965,13130,276095,3390
2021-03-07,San Francisco,075,870044,34572,34594,1113,35707,445
2021-03-07,San Joaquin,077,732212,67728,66252,2856,69108,1139
2021-03-07,San Luis Obispo,079,281455,19963,19614,576,20190,245
2021-03-07,San Mateo,081,765935,39952,39436,414,39850,329
2021-03-07,Santa Barbara,083,443738,32688,32218,1065,33283,425
2021-03-07,Santa Clara,085,1922200,111821,111745,609,112354,1752
2021-03-07,Santa Cruz,087,273765,15565,14715,790,15505,189
2021-03-07,Shasta,089,179085,11051,11083,1275,12358,156
2021-03-07,Sierra,091,2930,51,48,12,60,0
2021-03-07,Siskiyou,093,43540,1536,1435,244,1679,5
2021-03-07,Solano,095,438530,30157,30027,377,30404,169
2021-03-07,Sonoma,097,501317,28453,28533,227,28760,284
2021-03-07,Stanislaus,099,539301,51386,50783,5442,56225,699
2021-03-07,Sutter,101,95872,8921,8900,82,8982,100
2021-03-07,Tehama,103,63373,4648,4614,499,5113,33
2021-03-07,Trinity,105,12862,468,302,80,382,3
2021-03-07,Tulare,107,460477,48685,47569,8289,55858,790
2021-03-07,Tuolumne,109,53932,3866,3922,34,3956,56
2021-03-07,Ventura,111,848112,78717,78487,2814,81301,851
2021-03-07,Yolo,113,214977,13041,12988,225,13213,189
2021-03-07,Yuba,115,75493,5595,5516,89,5605,42
2021-03-06,Alameda,001,1643700,81912,81310,1753,83063,1143
2021-03-06,Alpine,003,1148,82,78,0,78,0
2021-03-06,Amador,005,37829,3497,3487,32,3519,42
2021-03-06,Butte,007,227075,11451,11065,1628,12693,185
2021-03-06,Calaveras,009,45235,1938,1904,11,1915,48
2021-03-06,Colusa,011,21464,1881,1874,272,2146,11
2021-03-06,Contra Costa,013,1133247,64058,63040,1099,64139,719
2021-03-06,Del Norte,015,27424,1051,1000,5,1005,5
2021-03-06,El Dorado,017,186661,9246,9166,607,9773,97
2021-03-06,Fresno,019,978130,97588,96366,7898,104264,1440
2021-03-06,Glenn,021,27897,2280,2241,502,2743,15
2021-03-06,Humboldt,023,135768,3280,3260,22,3282,31
2021-03-06,Imperial,025,180216,27352,27009,2535,29544,658
2021-03-06,Inyo,027,18085,1338,1312,11,1323,35
2021-03-06,Kern,029,883053,94164,92684,10004,102688,1082
2021-03-06,Kings,031,150075,22460,22094,996,23090,224
2021-03-06,Lake,033,64148,3233,3189,6,3195,42
2021-03-06,Lassen,035,31185,5132,5119,100,5219,1
2021-03-06,Los Angeles,037,10098052,1177288,1161745,39479,1201224,21843
2021-03-06,Madera,039,155013,15835,15646,858,16504,211
2021-03-06,Marin,041,260295,13390,13289,172,13461,213
2021-03-06,Mariposa,043,17540,378,376,5,381,5
2021-03-06,Mendocino,045,87422,3678,3579,72,3651,42
2021-03-06,Merced,047,269075,28845,28771,949,29720,399
2021-03-06,Modoc,049,8938,348,338,117,455,3
2021-03-06,Mono,051,14174,1191,1198,16,1214,3
2021-03-06,Monterey,053,433212,42160,41838,1711,43549,327
2021-03-06,Napa,055,140530,9151,9129,34,9163,75
2021-03-06,Nevada,057,99092,4105,4044,163,4207,66
2021-03-06,Orange,059,3164182,248457,246634,10378,257012,4165
2021-03-06,Placer,061,380077,20878,20030,1143,21173,239
2021-03-06,Plumas,063,18699,647,634,10,644,4
2021-03-06,Riverside,065,2383286,286993,280225,13527,293752,3781
2021-03-06,Sacramento,067,1510023,95707,94332,1291,95623,1436
2021-03-06,San Benito,069,59416,5775,5793,92,5885,61
2021-03-06,San Bernardino,071,2135413,287202,282737,8617,291354,3791
2021-03-06,San Diego,073,3302833,266302,262778,13113,275891,3385
2021-03-06,San Francisco,075,870044,34541,34560,1109,35669,435
2021-03-06,San Joaquin,077,732212,67654,66162,2846,69008,1138
2021-03-06,San Luis Obispo,079,281455,19943,19592,574,20166,245
2021-03-06,San Mateo,081,765935,39927,39384,414,39798,329
2021-03-06,Santa Barbara,083,443738,32657,32176,1064,33240,424
2021-03-06,Santa Clara,085,1922200,111726,111570,606,112176,1749
2021-03-06,Santa Cruz,087,273765,15554,14701,790,15491,188
2021-03-06,Shasta,089,179085,11042,11076,1273,12349,158
2021-03-06,Sierra,091,2930,51,48,12,60,0
2021-03-06,Siskiyou,093,43540,1534,1432,244,1676,5
2021-03-06,Solano,095,438530,30128,30000,376,30376,169
2021-03-06,Sonoma,097,501317,28430,28484,225,28709,284
2021-03-06,Stanislaus,099,539301,51316,50691,5436,56127,711
2021-03-06,Sutter,101,95872,8915,8887,82,8969,100
2021-03-06,Tehama,103,63373,4646,4610,496,5106,33
2021-03-06,Trinity,105,12862,468,302,80,382,3
2021-03-06,Tulare,107,460477,48653,47515,8261,55776,789
2021-03-06,Tuolumne,109,53932,3864,3920,34,3954,56
2021-03-06,Ventura,111,848112,78661,78439,2813,81252,848
2021-03-06,Yolo,113,214977,13035,12951,225,13176,189
2021-03-06,Yuba,115,75493,5586,5504,89,5593,42
2021-03-05,Alameda,001,1643700,81826,81215,1751,82966,1141
2021-03-05,Alpine,003,1148,82,78,0,78,0
2021-03-05,Amador,005,37829,3496,3484,32,3516,42
2021-03-05,Butte,007,227075,11440,11050,1627,12677,185
2021-03-05,Calaveras,009,45235,1935,1902,11,1913,48
2021-03-05,Colusa,011,21464,1881,1874,272,2146,11
2021-03-05,Contra Costa,013,1133247,63978,62886,1096,63982,711
2021-03-05,Del Norte,015,27424,1047,995,5,1000,5
2021-03-05,El Dorado,017,186661,9241,9150,606,9756,97
2021-03-05,Fresno,019,978130,97480,96184,7879,104063,1432
2021-03-05,Glenn,021,27897,2277,2241,501,2742,15
2021-03-05,Humboldt,023,135768,3273,3234,22,3256,31
2021-03-05,Imperial,025,180216,27342,26970,2526,29496,651
2021-03-05,Inyo,027,18085,1334,1309,11,1320,35
2021-03-05,Kern,029,883053,94124,92601,9991,102592,1076
2021-03-05,Kings,031,150075,22442,22063,995,23058,224
2021-03-05,Lake,033,64148,3231,3185,6,3191,42
2021-03-05,Lassen,035,31185,5132,5117,98,5215,1
2021-03-05,Los Angeles,037,10098052,1176796,1160688,39450,1200138,21745
2021-03-05,Madera,039,155013,15825,15624,856,16480,211
2021-03-05,Marin,041,260295,13378,13275,171,13446,215
2021-03-05,Mariposa,043,17540,378,375,5,380,4
2021-03-05,Mendocino,045,87422,3675,3577,72,3649,42
2021-03-05,Merced,047,269075,28812,28734,948,29682,399
2021-03-05,Modoc,049,8938,348,337,117,454,3
2021-03-05,Mono,051,14174,1190,1197,16,1213,3
2021-03-05,Monterey,053,433212,42147,41802,1711,43513,325
2021-03-05,Napa,055,140530,9143,9109,34,9143,75
2021-03-05,Nevada,057,99092,4101,4033,163,4196,66
2021-03-05,Orange,059,3164182,248344,246489,10365,256854,4108
2021-03-05,Placer,061,380077,20852,19973,1139,21112,239
2021-03-05,Plumas,063,18699,647,635,10,645,4
2021-03-05,Riverside,065,2383286,286881,280075,13522,293597,3781
2021-03-05,Sacramento,067,1510023,95611,94182,1284,95466,1430
2021-03-05,San Benito,069,59416,5772,5790,92,5882,61
2021-03-05,San Bernardino,071,2135413,287109,282640,8613,291253,3774
2021-03-05,San Diego,073,3302833,266069,262357,13096,275453,3371
2021-03-05,San Francisco,075,870044,34501,34526,1105,35631,430
2021-03-05,San Joaquin,077,732212,67574,66041,2837,68878,1133
2021-03-05,San Luis Obispo,079,281455,19922,19557,572,20129,244
2021-03-05,San Mateo,081,765935,39895,39305,414,39719,326
2021-03-05,Santa Barbara,083,443738,32620,32139,1059,33198,424
2021-03-05,Santa Clara,085,1922200,111631,111384,606,111990,1745
2021-03-05,Santa Cruz,087,273765,15543,14694,790,15484,188
2021-03-05,Shasta,089,179085,11030,11062,1267,12329,148
2021-03-05,Sierra,091,2930,51,48,12,60,0
2021-03-05,Siskiyou,093,43540,1529,1429,243,1672,5
2021-03-05,Solano,095,438530,30111,29951,374,30325,168
2021-03-05,Sonoma,097,501317,28404,28417,225,28642,279
2021-03-05,Stanislaus,099,539301,51265,50606,5426,56032,721
2021-03-05,Sutter,101,95872,8908,8876,82,8958,100
2021-03-05,Tehama,103,63373,4637,4606,496,5102,33
2021-03-05,Trinity,105,12862,468,302,80,382,3
2021-03-05,Tulare,107,460477,48624,47469,8242,55711,789
2021-03-05,Tuolumne,109,53932,3862,3917,34,3951,56
2021-03-05,Ventura,111,848112,78594,78368,2812,81180,839
2021-03-05,Yolo,113,214977,13023,12920,224,13144,188
2021-03-05,Yuba,115,75493,5574,5496,89,5585,42
2021-03-04,Alameda,001,1643700,81716,81115,1751,82866,1136
2021-03-04,Alpine,003,1148,82,78,0,78,0
2021-03-04,Amador,005,37829,3495,3480,32,3512,42
2021-03-04,Butte,007,227075,11433,11033,1626,12659,185
2021-03-04,Calaveras,009,45235,1934,1896,11,1907,48
2021-03-04,Colusa,011,21464,1879,1873,267,2140,11
2021-03-04,Contra Costa,013,1133247,63878,62789,1094,63883,708
2021-03-04,Del Norte,015,27424,1039,989,5,994,5
2021-03-04,El Dorado,017,186661,9226,9133,606,9739,97
2021-03-04,Fresno,019,978130,97316,96023,7859,103882,1422
2021-03-04,Glenn,021,27897,2270,2236,500,2736,15
2021-03-04,Humboldt,023,135768,3259,3212,22,3234,31
2021-03-04,Imperial,025,180216,27329,26946,2523,29469,646
2021-03-04,Inyo,027,18085,1331,1300,11,1311,35
2021-03-04,Kern,029,883053,94035,92525,9972,102497,1070
2021-03-04,Kings,031,150075,22416,22025,992,23017,224
2021-03-04,Lake,033,64148,3223,3181,6,3187,42
2021-03-04,Lassen,035,31185,5132,5116,98,5214,1
2021-03-04,Los Angeles,037,10098052,1176186,1159405,39401,1198806,21610
2021-03-04,Madera,039,155013,15790,15596,853,16449,208
2021-03-04,Marin,041,260295,13362,13240,168,13408,215
2021-03-04,Mariposa,043,17540,378,376,5,381,4
2021-03-04,Mendocino,045,87422,3672,3569,72,3641,42
2021-03-04,Merced,047,269075,28761,28671,946,29617,396
2021-03-04,Modoc,049,8938,347,336,117,453,3
2021-03-04,Mono,051,14174,1190,1197,16,1213,3
2021-03-04,Monterey,053,433212,42127,41771,1709,43480,325
2021-03-04,Napa,055,140530,9135,9094,34,9128,74
2021-03-04,Nevada,057,99092,4091,4020,163,4183,66
2021-03-04,Orange,059,3164182,248187,246354,10348,256702,4096
2021-03-04,Placer,061,380077,20820,19900,1133,21033,239
2021-03-04,Plumas,063,18699,647,634,10,644,4
2021-03-04,Riverside,065,2383286,286751,279871,13509,293380,3766
2021-03-04,Sacramento,067,1510023,95476,93982,1281,95263,1426
2021-03-04,San Benito,069,59416,5772,5781,92,5873,61
2021-03-04,San Bernardino,071,2135413,286979,282407,8609,291016,3757
2021-03-04,San Diego,073,3302833,265809,261858,13052,274910,3359
2021-03-04,San Francisco,075,870044,34466,34480,1102,35582,426
2021-03-04,San Joaquin,077,732212,67480,65931,2827,68758,1129
2021-03-04,San Luis Obispo,079,281455,19885,19520,570,20090,243
2021-03-04,San Mateo,081,765935,39851,39225,413,39638,322
2021-03-04,Santa Barbara,083,443738,32583,32090,1058,33148,423
2021-03-04,Santa Clara,085,1922200,111497,111194,604,111798,1723
2021-03-04,Santa Cruz,087,273765,15524,14669,790,15459,186
2021-03-04,Shasta,089,179085,11027,11050,1258,12308,150
2021-03-04,Sierra,091,2930,51,48,12,60,0
2021-03-04,Siskiyou,093,43540,1522,1427,243,1670,5
2021-03-04,Solano,095,438530,30084,29905,373,30278,168
2021-03-04,Sonoma,097,501317,28349,28379,224,28603,279
2021-03-04,Stanislaus,099,539301,51178,50521,5418,55939,731
2021-03-04,Sutter,101,95872,8896,8849,82,8931,100
2021-03-04,Tehama,103,63373,4630,4604,496,5100,33
2021-03-04,Trinity,105,12862,468,302,80,382,3
2021-03-04,Tulare,107,460477,48579,47398,8217,55615,784
2021-03-04,Tuolumne,109,53932,3856,3916,34,3950,56
2021-03-04,Ventura,111,848112,78504,78184,2809,80993,831
2021-03-04,Yolo,113,214977,13003,12895,224,13119,189
2021-03-04,Yuba,115,75493,5562,5483,89,5572,41
2021-03-03,Alameda,001,1643700,81595,80972,1750,82722,1127
2021-03-03,Alpine,003,1148,82,77,0,77,0
2021-03-03,Amador,005,37829,3493,3478,31,3509,42
2021-03-03,Butte,007,227075,11425,11014,1625,12639,184
2021-03-03,Calaveras,009,45235,1933,1893,11,1904,48
2021-03-03,Colusa,011,21464,1878,1873,267,2140,11
2021-03-03,Contra Costa,013,1133247,63779,62668,1091,63759,708
2021-03-03,Del Norte,015,27424,1036,988,5,993,5
2021-03-03,El Dorado,017,186661,9216,9121,606,9727,97
2021-03-03,Fresno,019,978130,97172,95893,7841,103734,1415
2021-03-03,Glenn,021,27897,2270,2233,500,2733,15
2021-03-03,Humboldt,023,135768,3248,3196,22,3218,30
2021-03-03,Imperial,025,180216,27313,26939,2519,29458,640
2021-03-03,Inyo,027,18085,1323,1294,11,1305,35
2021-03-03,Kern,029,883053,93959,92434,9955,102389,1063
2021-03-03,Kings,031,150075,22400,22009,991,23000,223
2021-03-03,Lake,033,64148,3216,3175,6,3181,40
2021-03-03,Lassen,035,31185,5132,5115,98,5213,1
2021-03-03,Los Angeles,037,10098052,1175545,1157911,39361,1197272,21500
2021-03-03,Madera,039,155013,15771,15553,847,16400,203
2021-03-03,Marin,041,260295,13348,13216,168,13384,214
2021-03-03,Mariposa,043,17540,377,376,5,381,4
2021-03-03,Mendocino,045,87422,3664,3564,72,3636,42
2021-03-03,Merced,047,269075,28709,28625,946,29571,393
2021-03-03,Modoc,049,8938,347,333,116,449,3
2021-03-03,Mono,051,14174,1190,1191,16,1207,3
2021-03-03,Monterey,053,433212,42095,41731,1706,43437,325
2021-03-03,Napa,055,140530,9127,9090,34,9124,72
2021-03-03,Nevada,057,99092,4081,4009,163,4172,66
2021-03-03,Orange,059,3164182,248042,246120,10333,256453,4072
2021-03-03,Placer,061,380077,20794,19851,1130,20981,239
2021-03-03,Plumas,063,18699,646,631,10,641,4
2021-03-03,Riverside,065,2383286,286618,279626,13503,293129,3735
2021-03-03,Sacramento,067,1510023,95315,93819,1273,95092,1419
2021-03-03,San Benito,069,59416,5771,5774,92,5866,61
2021-03-03,San Bernardino,071,2135413,286838,282138,8603,290741,3664
2021-03-03,San Diego,073,3302833,265545,261350,13021,274371,3342
2021-03-03,San Francisco,075,870044,34434,34443,1099,35542,426
2021-03-03,San Joaquin,077,732212,67367,65855,2820,68675,1115
2021-03-03,San Luis Obispo,079,281455,19859,19479,567,20046,241
2021-03-03,San Mateo,081,765935,39805,39189,412,39601,319
2021-03-03,Santa Barbara,083,443738,32545,32027,1058,33085,421
2021-03-03,Santa Clara,085,1922200,111343,110991,602,111593,1720
2021-03-03,Santa Cruz,087,273765,15513,14645,790,15435,185
2021-03-03,Shasta,089,179085,11017,11023,1251,12274,150
2021-03-03,Sierra,091,2930,51,48,12,60,0
2021-03-03,Siskiyou,093,43540,1520,1424,243,1667,5
2021-03-03,Solano,095,438530,30048,29866,372,30238,167
2021-03-03,Sonoma,097,501317,28310,28307,223,28530,279
2021-03-03,Stanislaus,099,539301,51100,50438,5411,55849,730
2021-03-03,Sutter,101,95872,8888,8840,82,8922,99
2021-03-03,Tehama,103,63373,4628,4601,496,5097,32
2021-03-03,Trinity,105,12862,468,302,80,382,3
2021-03-03,Tulare,107,460477,48528,47348,8186,55534,778
2021-03-03,Tuolumne,109,53932,3854,3914,33,3947,56
2021-03-03,Ventura,111,848112,78420,78057,2804,80861,822
2021-03-03,Yolo,113,214977,12990,12890,224,13114,189
2021-03-03,Yuba,115,75493,5549,5479,89,5568,41
2021-03-02,Alameda,001,1643700,81474,80904,1748,82652,1116
2021-03-02,Alpine,003,1148,82,77,0,77,0
2021-03-02,Amador,005,37829,3491,3474,31,3505,42
2021-03-02,Butte,007,227075,11415,11007,1622,12629,182
2021-03-02,Calaveras,009,45235,1925,1890,11,1901,48
2021-03-02,Colusa,011,21464,1878,1872,266,2138,11
2021-03-02,Contra Costa,013,1133247,63668,62557,1087,63644,694
2021-03-02,Del Norte,015,27424,1029,983,5,988,5
2021-03-02,El Dorado,017,186661,9208,9116,606,9722,98
2021-03-02,Fresno,019,978130,97026,95785,7815,103600,1410
2021-03-02,Glenn,021,27897,2264,2232,499,2731,15
2021-03-02,Humboldt,023,135768,3229,3184,22,3206,30
2021-03-02,Imperial,025,180216,27303,26926,2517,29443,637
2021-03-02,Inyo,027,18085,1319,1292,11,1303,35
2021-03-02,Kern,029,883053,93853,92313,9928,102241,1046
2021-03-02,Kings,031,150075,22348,21999,988,22987,217
2021-03-02,Lake,033,64148,3210,3169,6,3175,40
2021-03-02,Lassen,035,31185,5127,5115,97,5212,1
2021-03-02,Los Angeles,037,10098052,1174910,1156826,39315,1196141,21395
2021-03-02,Madera,039,155013,15751,15523,844,16367,194
2021-03-02,Marin,041,260295,13325,13186,167,13353,214
2021-03-02,Mariposa,043,17540,377,376,5,381,4
2021-03-02,Mendocino,045,87422,3661,3562,71,3633,41
2021-03-02,Merced,047,269075,28652,28598,946,29544,389
2021-03-02,Modoc,049,8938,347,332,116,448,3
2021-03-02,Mono,051,14174,1189,1191,16,1207,3
2021-03-02,Monterey,053,433212,42068,41716,1706,43422,325
2021-03-02,Napa,055,140530,9116,9080,34,9114,71
2021-03-02,Nevada,057,99092,4072,3983,162,4145,66
2021-03-02,Orange,059,3164182,247897,246004,10315,256319,4037
2021-03-02,Placer,061,380077,20741,19828,1127,20955,239
2021-03-02,Plumas,063,18699,643,628,10,638,4
2021-03-02,Riverside,065,2383286,286445,279486,13495,292981,3721
2021-03-02,Sacramento,067,1510023,95148,93690,1272,94962,1411
2021-03-02,San Benito,069,59416,5764,5770,92,5862,60
2021-03-02,San Bernardino,071,2135413,286704,281919,8597,290516,3604
2021-03-02,San Diego,073,3302833,265301,260998,12999,273997,3317
2021-03-02,San Francisco,075,870044,34394,34387,1095,35482,424
2021-03-02,San Joaquin,077,732212,67259,65769,2802,68571,1111
2021-03-02,San Luis Obispo,079,281455,19827,19452,567,20019,241
2021-03-02,San Mateo,081,765935,39753,39148,411,39559,317
2021-03-02,Santa Barbara,083,443738,32496,31964,1054,33018,416
2021-03-02,Santa Clara,085,1922200,111164,110832,601,111433,1706
2021-03-02,Santa Cruz,087,273765,15499,14611,788,15399,185
2021-03-02,Shasta,089,179085,11003,11012,1240,12252,149
2021-03-02,Sierra,091,2930,51,48,12,60,0
2021-03-02,Siskiyou,093,43540,1516,1412,241,1653,5
2021-03-02,Solano,095,438530,30015,29827,370,30197,167
2021-03-02,Sonoma,097,501317,28255,28261,223,28484,279
2021-03-02,Stanislaus,099,539301,51013,50359,5399,55758,724
2021-03-02,Sutter,101,95872,8879,8832,82,8914,99
2021-03-02,Tehama,103,63373,4624,4597,495,5092,32
2021-03-02,Trinity,105,12862,468,301,80,381,3
2021-03-02,Tulare,107,460477,48465,47326,8166,55492,783
2021-03-02,Tuolumne,109,53932,3850,3908,33,3941,53
2021-03-02,Ventura,111,848112,78327,77952,2800,80752,780
2021-03-02,Yolo,113,214977,12974,12867,224,13091,189
2021-03-02,Yuba,115,75493,5541,5475,89,5564,41
2021-03-01,Alameda,001,1643700,81347,80805,1746,82551,1105
2021-03-01,Alpine,003,1148,80,77,0,77,0
2021-03-01,Amador,005,37829,3488,3469,31,3500,42
2021-03-01,Butte,007,227075,11400,10981,1617,12598,180
2021-03-01,Calaveras,009,45235,1920,1885,11,1896,46
2021-03-01,Colusa,011,21464,1877,1871,266,2137,11
2021-03-01,Contra Costa,013,1133247,63558,62458,1086,63544,694
2021-03-01,Del Norte,015,27424,1024,982,5,987,5
2021-03-01,El Dorado,017,186661,9184,9085,606,9691,98
2021-03-01,Fresno,019,978130,96888,95677,7792,103469,1405
2021-03-01,Glenn,021,27897,2259,2232,498,2730,15
2021-03-01,Humboldt,023,135768,3210,3179,22,3201,30
2021-03-01,Imperial,025,180216,27293,26913,2509,29422,636
2021-03-01,Inyo,027,18085,1316,1285,11,1296,35
2021-03-01,Kern,029,883053,93764,92219,9902,102121,1041
2021-03-01,Kings,031,150075,22331,21988,982,22970,217
2021-03-01,Lake,033,64148,3205,3164,6,3170,40
2021-03-01,Lassen,035,31185,5125,5111,97,5208,1
2021-03-01,Los Angeles,037,10098052,1174252,1155984,39273,1195257,21293
2021-03-01,Madera,039,155013,15722,15505,833,16338,194
2021-03-01,Marin,041,260295,13297,13161,166,13327,214
2021-03-01,Mariposa,043,17540,377,375,5,380,4
2021-03-01,Mendocino,045,87422,3654,3561,71,3632,41
2021-03-01,Merced,047,269075,28607,28575,942,29517,385
2021-03-01,Modoc,049,8938,344,331,115,446,3
2021-03-01,Mono,051,14174,1188,1192,16,1208,3
2021-03-01,Monterey,053,433212,42043,41697,1704,43401,324
2021-03-01,Napa,055,140530,9107,9056,34,9090,70
2021-03-01,Nevada,057,99092,4053,3979,162,4141,66
2021-03-01,Orange,059,3164182,247702,245852,10300,256152,3976
2021-03-01,Placer,061,380077,20702,19803,1124,20927,239
2021-03-01,Plumas,063,18699,643,628,10,638,4
2021-03-01,Riverside,065,2383286,286228,279323,13488,292811,3680
2021-03-01,Sacramento,067,1510023,95003,93546,1270,94816,1401
2021-03-01,San Benito,069,59416,5759,5772,92,5864,57
2021-03-01,San Bernardino,071,2135413,286561,281685,8593,290278,3603
2021-03-01,San Diego,073,3302833,264983,260622,12966,273588,3303
2021-03-01,San Francisco,075,870044,34350,34318,1087,35405,424
2021-03-01,San Joaquin,077,732212,67150,65699,2791,68490,1097
2021-03-01,San Luis Obispo,079,281455,19805,19429,565,19994,239
2021-03-01,San Mateo,081,765935,39701,39096,410,39506,314
2021-03-01,Santa Barbara,083,443738,32453,31909,1053,32962,413
2021-03-01,Santa Clara,085,1922200,111005,110684,598,111282,1704
2021-03-01,Santa Cruz,087,273765,15480,14575,787,15362,185
2021-03-01,Shasta,089,179085,10991,10990,1237,12227,149
2021-03-01,Sierra,091,2930,51,48,12,60,0
2021-03-01,Siskiyou,093,43540,1512,1408,239,1647,5
2021-03-01,Solano,095,438530,29972,29779,369,30148,166
2021-03-01,Sonoma,097,501317,28207,28222,221,28443,278
2021-03-01,Stanislaus,099,539301,50937,50293,5393,55686,722
2021-03-01,Sutter,101,95872,8868,8825,82,8907,99
2021-03-01,Tehama,103,63373,4618,4595,495,5090,32
2021-03-01,Trinity,105,12862,468,298,79,377,3
2021-03-01,Tulare,107,460477,48427,47275,8133,55408,781
2021-03-01,Tuolumne,109,53932,3847,3907,33,3940,53
2021-03-01,Ventura,111,848112,78246,77849,2798,80647,775
2021-03-01,Yolo,113,214977,12957,12854,222,13076,188
2021-03-01,Yuba,115,75493,5529,5466,89,5555,41
2021-02-28,Alameda,001,1643700,81226,80727,1744,82471,1105
2021-02-28,Alpine,003,1148,80,77,0,77,0
2021-02-28,Amador,005,37829,3483,3466,30,3496,42
2021-02-28,Butte,007,227075,11385,10970,1617,12587,180
2021-02-28,Calaveras,009,45235,1916,1881,11,1892,46
2021-02-28,Colusa,011,21464,1877,1871,265,2136,11
2021-02-28,Contra Costa,013,1133247,63431,62386,1081,63467,694
2021-02-28,Del Norte,015,27424,1022,981,5,986,5
2021-02-28,El Dorado,017,186661,9173,9082,606,9688,98
2021-02-28,Fresno,019,978130,96706,95548,7758,103306,1405
2021-02-28,Glenn,021,27897,2257,2230,496,2726,15
2021-02-28,Humboldt,023,135768,3187,3179,22,3201,30
2021-02-28,Imperial,025,180216,27267,26909,2505,29414,636
2021-02-28,Inyo,027,18085,1311,1282,11,1293,35
2021-02-28,Kern,029,883053,93649,92169,9881,102050,1012
2021-02-28,Kings,031,150075,22310,21967,981,22948,217
2021-02-28,Lake,033,64148,3200,3164,6,3170,40
2021-02-28,Lassen,035,31185,5124,5106,97,5203,1
2021-02-28,Los Angeles,037,10098052,1173465,1155141,39211,1194352,21261
2021-02-28,Madera,039,155013,15680,15496,830,16326,199
2021-02-28,Marin,041,260295,13274,13152,164,13316,214
2021-02-28,Mariposa,043,17540,377,374,5,379,4
2021-02-28,Mendocino,045,87422,3648,3558,71,3629,41
2021-02-28,Merced,047,269075,28544,28546,941,29487,384
2021-02-28,Modoc,049,8938,344,331,115,446,3
2021-02-28,Mono,051,14174,1185,1192,16,1208,3
2021-02-28,Monterey,053,433212,42011,41683,1702,43385,323
2021-02-28,Napa,055,140530,9088,9053,34,9087,70
2021-02-28,Nevada,057,99092,4040,3972,162,4134,66
2021-02-28,Orange,059,3164182,247504,245706,10293,255999,3970
2021-02-28,Placer,061,380077,20656,19775,1122,20897,239
2021-02-28,Plumas,063,18699,643,628,10,638,4
2021-02-28,Riverside,065,2383286,285995,279214,13477,292691,3661
2021-02-28,Sacramento,067,1510023,94819,93463,1265,94728,1398
2021-02-28,San Benito,069,59416,5748,5772,92,5864,57
2021-02-28,San Bernardino,071,2135413,286420,281620,8581,290201,3595
2021-02-28,San Diego,073,3302833,264686,260353,12932,273285,3303
2021-02-28,San Francisco,075,870044,34308,34291,1081,35372,417
2021-02-28,San Joaquin,077,732212,67042,65662,2782,68444,1097
2021-02-28,San Luis Obispo,079,281455,19769,19422,563,19985,237
2021-02-28,San Mateo,081,765935,39648,39059,409,39468,314
2021-02-28,Santa Barbara,083,443738,32400,31877,1053,32930,413
2021-02-28,Santa Clara,085,1922200,110806,110556,595,111151,1704
2021-02-28,Santa Cruz,087,273765,15451,14571,784,15355,185
2021-02-28,Shasta,089,179085,10970,10990,1233,12223,149
2021-02-28,Sierra,091,2930,51,48,12,60,0
2021-02-28,Siskiyou,093,43540,1504,1408,239,1647,5
2021-02-28,Solano,095,438530,29917,29758,363,30121,166
2021-02-28,Sonoma,097,501317,28144,28193,220,28413,279
2021-02-28,Stanislaus,099,539301,50847,50228,5380,55608,728
2021-02-28,Sutter,101,95872,8853,8825,82,8907,99
2021-02-28,Tehama,103,63373,4612,4590,495,5085,32
2021-02-28,Trinity,105,12862,468,298,79,377,3
2021-02-28,Tulare,107,460477,48365,47258,8102,55360,780
2021-02-28,Tuolumne,109,53932,3842,3905,33,3938,53
2021-02-28,Ventura,111,848112,78134,77749,2795,80544,775
2021-02-28,Yolo,113,214977,12934,12851,222,13073,188
2021-02-28,Yuba,115,75493,5519,5461,89,5550,41
2021-02-27,Alameda,001,1643700,81153,80565,1742,82307,1108
2021-02-27,Alpine,003,1148,80,77,0,77,0
2021-02-27,Amador,005,37829,3481,3463,30,3493,42
2021-02-27,Butte,007,227075,11373,10962,1617,12579,180
2021-02-27,Calaveras,009,45235,1911,1875,11,1886,46
2021-02-27,Colusa,011,21464,1876,1869,265,2134,11
2021-02-27,Contra Costa,013,1133247,63361,62248,1078,63326,693
2021-02-27,Del Norte,015,27424,1020,978,5,983,5
2021-02-27,El Dorado,017,186661,9169,9072,606,9678,98
2021-02-27,Fresno,019,978130,96629,95393,7747,103140,1400
2021-02-27,Glenn,021,27897,2256,2225,495,2720,15
2021-02-27,Humboldt,023,135768,3181,3167,22,3189,30
2021-02-27,Imperial,025,180216,27259,26903,2503,29406,633
2021-02-27,Inyo,027,18085,1308,1275,11,1286,35
2021-02-27,Kern,029,883053,93588,92053,9866,101919,996
2021-02-27,Kings,031,150075,22300,21955,978,22933,216
2021-02-27,Lake,033,64148,3197,3156,6,3162,40
2021-02-27,Lassen,035,31185,5124,5106,97,5203,1
2021-02-27,Los Angeles,037,10098052,1172967,1154275,39184,1193459,21158
2021-02-27,Madera,039,155013,15663,15467,829,16296,199
2021-02-27,Marin,041,260295,13250,13134,164,13298,214
2021-02-27,Mariposa,043,17540,377,374,5,379,4
2021-02-27,Mendocino,045,87422,3645,3555,71,3626,41
2021-02-27,Merced,047,269075,28502,28501,933,29434,384
2021-02-27,Modoc,049,8938,344,331,114,445,3
2021-02-27,Mono,051,14174,1183,1191,16,1207,3
2021-02-27,Monterey,053,433212,42002,41665,1701,43366,322
2021-02-27,Napa,055,140530,9077,9038,34,9072,71
2021-02-27,Nevada,057,99092,4034,3960,162,4122,66
2021-02-27,Orange,059,3164182,247377,245542,10282,255824,3960
2021-02-27,Placer,061,380077,20620,19726,1119,20845,239
2021-02-27,Plumas,063,18699,643,628,10,638,4
2021-02-27,Riverside,065,2383286,285885,279048,13467,292515,3663
2021-02-27,Sacramento,067,1510023,94736,93281,1255,94536,1396
2021-02-27,San Benito,069,59416,5747,5767,91,5858,57
2021-02-27,San Bernardino,071,2135413,286341,281471,8574,290045,3527
2021-02-27,San Diego,073,3302833,264496,260091,12894,272985,3284
2021-02-27,San Francisco,075,870044,34274,34260,1078,35338,413
2021-02-27,San Joaquin,077,732212,66996,65578,2780,68358,1100
2021-02-27,San Luis Obispo,079,281455,19748,19411,562,19973,237
2021-02-27,San Mateo,081,765935,39607,38998,408,39406,313
2021-02-27,Santa Barbara,083,443738,32366,31805,1052,32857,411
2021-02-27,Santa Clara,085,1922200,110658,110361,593,110954,1703
2021-02-27,Santa Cruz,087,273765,15442,14552,783,15335,185
2021-02-27,Shasta,089,179085,10964,10985,1229,12214,149
2021-02-27,Sierra,091,2930,51,48,12,60,0
2021-02-27,Siskiyou,093,43540,1502,1407,238,1645,5
2021-02-27,Solano,095,438530,29889,29718,362,30080,165
2021-02-27,Sonoma,097,501317,28100,28141,214,28355,281
2021-02-27,Stanislaus,099,539301,50792,50147,5370,55517,733
2021-02-27,Sutter,101,95872,8848,8820,82,8902,99
2021-02-27,Tehama,103,63373,4608,4584,494,5078,32
2021-02-27,Trinity,105,12862,468,298,79,377,3
2021-02-27,Tulare,107,460477,48328,47209,8076,55285,770
2021-02-27,Tuolumne,109,53932,3839,3899,33,3932,53
2021-02-27,Ventura,111,848112,78061,77623,2792,80415,771
2021-02-27,Yolo,113,214977,12922,12834,222,13056,188
2021-02-27,Yuba,115,75493,5516,5450,89,5539,39
2021-02-26,Alameda,001,1643700,81058,80387,1737,82124,1106
2021-02-26,Alpine,003,1148,80,77,0,77,0
2021-02-26,Amador,005,37829,3475,3457,30,3487,42
2021-02-26,Butte,007,227075,11363,10941,1617,12558,180
2021-02-26,Calaveras,009,45235,1909,1873,11,1884,46
2021-02-26,Colusa,011,21464,1876,1865,265,2130,11
2021-02-26,Contra Costa,013,1133247,63278,62114,1078,63192,685
2021-02-26,Del Norte,015,27424,1016,968,5,973,5
2021-02-26,El Dorado,017,186661,9164,9038,604,9642,98
2021-02-26,Fresno,019,978130,96527,95202,7739,102941,1391
2021-02-26,Glenn,021,27897,2253,2220,495,2715,15
2021-02-26,Humboldt,023,135768,3175,3152,22,3174,30
2021-02-26,Imperial,025,180216,27252,26888,2501,29389,631
2021-02-26,Inyo,027,18085,1306,1271,11,1282,34
2021-02-26,Kern,029,883053,93509,91884,9850,101734,997
2021-02-26,Kings,031,150075,22284,21917,975,22892,216
2021-02-26,Lake,033,64148,3192,3153,6,3159,40
2021-02-26,Lassen,035,31185,5124,5102,97,5199,1
2021-02-26,Los Angeles,037,10098052,1172390,1153131,39122,1192253,21070
2021-02-26,Madera,039,155013,15647,15436,827,16263,199
2021-02-26,Marin,041,260295,13237,13091,164,13255,214
2021-02-26,Mariposa,043,17540,377,375,5,380,4
2021-02-26,Mendocino,045,87422,3640,3549,71,3620,41
2021-02-26,Merced,047,269075,28468,28455,932,29387,382
2021-02-26,Modoc,049,8938,343,330,114,444,3
2021-02-26,Mono,051,14174,1181,1191,16,1207,3
2021-02-26,Monterey,053,433212,41976,41607,1700,43307,322
2021-02-26,Napa,055,140530,9071,9014,34,9048,70
2021-02-26,Nevada,057,99092,4023,3952,162,4114,66
2021-02-26,Orange,059,3164182,247238,245278,10272,255550,3918
2021-02-26,Placer,061,380077,20594,19712,1113,20825,239
2021-02-26,Plumas,063,18699,643,628,10,638,4
2021-02-26,Riverside,065,2383286,285741,278772,13461,292233,3653
2021-02-26,Sacramento,067,1510023,94613,93180,1252,94432,1390
2021-02-26,San Benito,069,59416,5746,5759,91,5850,57
2021-02-26,San Bernardino,071,2135413,286241,281132,8572,289704,3461
2021-02-26,San Diego,073,3302833,264268,259641,12873,272514,3271
2021-02-26,San Francisco,075,870044,34244,34213,1074,35287,413
2021-02-26,San Joaquin,077,732212,66915,65492,2774,68266,1070
2021-02-26,San Luis Obispo,079,281455,19732,19359,560,19919,234
2021-02-26,San Mateo,081,765935,39561,38922,408,39330,313
2021-02-26,Santa Barbara,083,443738,32322,31724,1051,32775,410
2021-02-26,Santa Clara,085,1922200,110526,110168,591,110759,1700
2021-02-26,Santa Cruz,087,273765,15430,14528,782,15310,185
2021-02-26,Shasta,089,179085,10957,10972,1220,12192,149
2021-02-26,Sierra,091,2930,51,47,12,59,0
2021-02-26,Siskiyou,093,43540,1502,1401,237,1638,5
2021-02-26,Solano,095,438530,29855,29651,361,30012,165
2021-02-26,Sonoma,097,501317,28071,28063,213,28276,280
2021-02-26,Stanislaus,099,539301,50736,50054,5362,55416,737
2021-02-26,Sutter,101,95872,8839,8806,82,8888,99
2021-02-26,Tehama,103,63373,4606,4581,494,5075,32
2021-02-26,Trinity,105,12862,467,298,79,377,3
2021-02-26,Tulare,107,460477,48293,47135,8045,55180,770
2021-02-26,Tuolumne,109,53932,3838,3896,33,3929,53
2021-02-26,Ventura,111,848112,77961,77534,2788,80322,765
2021-02-26,Yolo,113,214977,12915,12816,222,13038,188
2021-02-26,Yuba,115,75493,5511,5438,89,5527,39
2021-02-25,Alameda,001,1643700,80936,80181,1736,81917,1093
2021-02-25,Alpine,003,1148,80,77,0,77,0
2021-02-25,Amador,005,37829,3472,3448,30,3478,41
2021-02-25,Butte,007,227075,11342,10922,1612,12534,178
2021-02-25,Calaveras,009,45235,1901,1868,11,1879,46
2021-02-25,Colusa,011,21464,1873,1863,264,2127,11
2021-02-25,Contra Costa,013,1133247,63176,61910,1078,62988,686
2021-02-25,Del Norte,015,27424,1006,966,5,971,5
2021-02-25,El Dorado,017,186661,9148,9012,604,9616,98
2021-02-25,Fresno,019,978130,96383,95015,7717,102732,1377
2021-02-25,Glenn,021,27897,2250,2219,494,2713,15
2021-02-25,Humboldt,023,135768,3168,3129,22,3151,30
2021-02-25,Imperial,025,180216,27245,26855,2497,29352,628
2021-02-25,Inyo,027,18085,1300,1264,11,1275,33
2021-02-25,Kern,029,883053,93393,91735,9825,101560,992
2021-02-25,Kings,031,150075,22275,21900,972,22872,216
2021-02-25,Lake,033,64148,3183,3141,6,3147,40
2021-02-25,Lassen,035,31185,5123,5097,96,5193,1
2021-02-25,Los Angeles,037,10098052,1171646,1151846,39063,1190909,20931
2021-02-25,Madera,039,155013,15612,15414,823,16237,194
2021-02-25,Marin,041,260295,13214,13067,164,13231,214
2021-02-25,Mariposa,043,17540,377,375,5,380,4
2021-02-25,Mendocino,045,87422,3635,3542,71,3613,41
2021-02-25,Merced,047,269075,28419,28383,930,29313,382
2021-02-25,Modoc,049,8938,343,329,114,443,3
2021-02-25,Mono,051,14174,1180,1190,16,1206,3
2021-02-25,Monterey,053,433212,41951,41564,1695,43259,321
2021-02-25,Napa,055,140530,9045,8998,34,9032,70
2021-02-25,Nevada,057,99092,4006,3940,161,4101,66
2021-02-25,Orange,059,3164182,247065,245000,10262,255262,3882
2021-02-25,Placer,061,380077,20555,19661,1111,20772,239
2021-02-25,Plumas,063,18699,643,626,10,636,4
2021-02-25,Riverside,065,2383286,285553,278544,13440,291984,3646
2021-02-25,Sacramento,067,1510023,94455,92961,1240,94201,1386
2021-02-25,San Benito,069,59416,5741,5752,91,5843,58
2021-02-25,San Bernardino,071,2135413,286106,280946,8564,289510,3409
2021-02-25,San Diego,073,3302833,263974,258979,12843,271822,3260
2021-02-25,San Francisco,075,870044,34201,34138,1071,35209,408
2021-02-25,San Joaquin,077,732212,66831,65389,2762,68151,1047
2021-02-25,San Luis Obispo,079,281455,19711,19335,558,19893,234
2021-02-25,San Mateo,081,765935,39514,38872,408,39280,300
2021-02-25,Santa Barbara,083,443738,32245,31631,1050,32681,408
2021-02-25,Santa Clara,085,1922200,110361,109923,590,110513,1677
2021-02-25,Santa Cruz,087,273765,15411,14492,781,15273,185
2021-02-25,Shasta,089,179085,10945,10947,1215,12162,148
2021-02-25,Sierra,091,2930,51,47,12,59,0
2021-02-25,Siskiyou,093,43540,1497,1390,234,1624,4
2021-02-25,Solano,095,438530,29823,29616,361,29977,161
2021-02-25,Sonoma,097,501317,28017,28004,210,28214,278
2021-02-25,Stanislaus,099,539301,50645,49964,5352,55316,738
2021-02-25,Sutter,101,95872,8825,8789,81,8870,99
2021-02-25,Tehama,103,63373,4603,4578,492,5070,32
2021-02-25,Trinity,105,12862,467,297,79,376,3
2021-02-25,Tulare,107,460477,48243,47052,8019,55071,765
2021-02-25,Tuolumne,109,53932,3835,3894,33,3927,53
2021-02-25,Ventura,111,848112,77853,77395,2782,80177,751
2021-02-25,Yolo,113,214977,12898,12787,222,13009,188
2021-02-25,Yuba,115,75493,5504,5429,89,5518,39
2021-02-24,Alameda,001,1643700,80816,80070,1732,81802,1082
2021-02-24,Alpine,003,1148,79,77,0,77,0
2021-02-24,Amador,005,37829,3467,3444,30,3474,41
2021-02-24,Butte,007,227075,11329,10915,1608,12523,178
2021-02-24,Calaveras,009,45235,1897,1864,11,1875,31
2021-02-24,Colusa,011,21464,1871,1863,264,2127,11
2021-02-24,Contra Costa,013,1133247,63068,61776,1078,62854,663
2021-02-24,Del Norte,015,27424,1005,960,4,964,5
2021-02-24,El Dorado,017,186661,9136,8993,604,9597,98
2021-02-24,Fresno,019,978130,96235,94794,7701,102495,1369
2021-02-24,Glenn,021,27897,2249,2210,494,2704,14
2021-02-24,Humboldt,023,135768,3156,3123,22,3145,29
2021-02-24,Imperial,025,180216,27232,26843,2492,29335,596
2021-02-24,Inyo,027,18085,1295,1253,11,1264,32
2021-02-24,Kern,029,883053,93260,91525,9809,101334,992
2021-02-24,Kings,031,150075,22250,21871,970,22841,216
2021-02-24,Lake,033,64148,3176,3134,6,3140,40
2021-02-24,Lassen,035,31185,5119,5095,95,5190,1
2021-02-24,Los Angeles,037,10098052,1170884,1150322,39019,1189341,20817
2021-02-24,Madera,039,155013,15585,15390,823,16213,194
2021-02-24,Marin,041,260295,13191,13044,163,13207,214
2021-02-24,Mariposa,043,17540,377,374,5,379,4
2021-02-24,Mendocino,045,87422,3628,3540,71,3611,41
2021-02-24,Merced,047,269075,28381,28295,925,29220,383
2021-02-24,Modoc,049,8938,342,329,114,443,3
2021-02-24,Mono,051,14174,1178,1189,16,1205,3
2021-02-24,Monterey,053,433212,41926,41495,1693,43188,320
2021-02-24,Napa,055,140530,9028,8976,33,9009,70
2021-02-24,Nevada,057,99092,3996,3927,161,4088,66
2021-02-24,Orange,059,3164182,246847,244743,10249,254992,3835
2021-02-24,Placer,061,380077,20516,19648,1105,20753,239
2021-02-24,Plumas,063,18699,641,626,10,636,4
2021-02-24,Riverside,065,2383286,285325,278293,13431,291724,3603
2021-02-24,Sacramento,067,1510023,94301,92742,1235,93977,1375
2021-02-24,San Benito,069,59416,5740,5743,91,5834,57
2021-02-24,San Bernardino,071,2135413,285954,280583,8560,289143,3360
2021-02-24,San Diego,073,3302833,263679,258460,12827,271287,3230
2021-02-24,San Francisco,075,870044,34155,34061,1068,35129,406
2021-02-24,San Joaquin,077,732212,66721,65274,2760,68034,1019
2021-02-24,San Luis Obispo,079,281455,19688,19309,556,19865,233
2021-02-24,San Mateo,081,765935,39477,38763,408,39171,300
2021-02-24,Santa Barbara,083,443738,32193,31563,1047,32610,405
2021-02-24,Santa Clara,085,1922200,110213,109671,589,110260,1674
2021-02-24,Santa Cruz,087,273765,15390,14458,781,15239,185
2021-02-24,Shasta,089,179085,10931,10922,1212,12134,148
2021-02-24,Sierra,091,2930,51,47,12,59,0
2021-02-24,Siskiyou,093,43540,1490,1385,230,1615,4
2021-02-24,Solano,095,438530,29783,29577,359,29936,158
2021-02-24,Sonoma,097,501317,27953,27954,206,28160,278
2021-02-24,Stanislaus,099,539301,50574,49851,5344,55195,732
2021-02-24,Sutter,101,95872,8815,8778,81,8859,99
2021-02-24,Tehama,103,63373,4600,4566,492,5058,31
2021-02-24,Trinity,105,12862,467,294,78,372,3
2021-02-24,Tulare,107,460477,48187,46976,7991,54967,759
2021-02-24,Tuolumne,109,53932,3832,3887,33,3920,53
2021-02-24,Ventura,111,848112,77745,77238,2781,80019,718
2021-02-24,Yolo,113,214977,12885,12760,218,12978,188
2021-02-24,Yuba,115,75493,5493,5425,87,5512,39
2021-02-23,Alameda,001,1643700,80678,79948,1730,81678,1070
2021-02-23,Alpine,003,1148,78,77,0,77,0
2021-02-23,Amador,005,37829,3465,3440,30,3470,41
2021-02-23,Butte,007,227075,11313,10887,1605,12492,176
2021-02-23,Calaveras,009,45235,1896,1863,11,1874,21
2021-02-23,Colusa,011,21464,1868,1862,264,2126,11
2021-02-23,Contra Costa,013,1133247,62934,61613,1075,62688,661
2021-02-23,Del Norte,015,27424,1003,953,4,957,3
2021-02-23,El Dorado,017,186661,9123,8969,604,9573,96
2021-02-23,Fresno,019,978130,96074,94741,7687,102428,1356
2021-02-23,Glenn,021,27897,2247,2209,494,2703,14
2021-02-23,Humboldt,023,135768,3139,3108,22,3130,29
2021-02-23,Imperial,025,180216,27212,26816,2487,29303,591
2021-02-23,Inyo,027,18085,1291,1250,11,1261,32
2021-02-23,Kern,029,883053,93121,91390,9780,101170,982
2021-02-23,Kings,031,150075,22235,21839,966,22805,216
2021-02-23,Lake,033,64148,3168,3121,6,3127,40
2021-02-23,Lassen,035,31185,5116,5092,95,5187,1
2021-02-23,Los Angeles,037,10098052,1170013,1148965,38965,1187930,19887
2021-02-23,Madera,039,155013,15571,15352,817,16169,193
2021-02-23,Marin,041,260295,13171,13015,162,13177,214
2021-02-23,Mariposa,043,17540,377,374,5,379,4
2021-02-23,Mendocino,045,87422,3626,3540,70,3610,41
2021-02-23,Merced,047,269075,28301,28209,918,29127,381
2021-02-23,Modoc,049,8938,341,328,113,441,3
2021-02-23,Mono,051,14174,1178,1189,16,1205,3
2021-02-23,Monterey,053,433212,41886,41439,1688,43127,317
2021-02-23,Napa,055,140530,9016,8967,33,9000,70
2021-02-23,Nevada,057,99092,3988,3912,161,4073,66
2021-02-23,Orange,059,3164182,246649,244566,10230,254796,3843
2021-02-23,Placer,061,380077,20491,19608,1101,20709,238
2021-02-23,Plumas,063,18699,640,626,10,636,4
2021-02-23,Riverside,065,2383286,285088,278075,13416,291491,3599
2021-02-23,Sacramento,067,1510023,94144,92632,1229,93861,1370
2021-02-23,San Benito,069,59416,5734,5731,90,5821,57
2021-02-23,San Bernardino,071,2135413,285765,280279,8555,288834,3283
2021-02-23,San Diego,073,3302833,263302,257802,12797,270599,3218
2021-02-23,San Francisco,075,870044,34107,33994,1067,35061,405
2021-02-23,San Joaquin,077,732212,66621,65141,2753,67894,1004
2021-02-23,San Luis Obispo,079,281455,19659,19233,555,19788,230
2021-02-23,San Mateo,081,765935,39416,38662,408,39070,299
2021-02-23,Santa Barbara,083,443738,32138,31483,1045,32528,402
2021-02-23,Santa Clara,085,1922200,110016,109449,586,110035,1661
2021-02-23,Santa Cruz,087,273765,15361,14435,779,15214,178
2021-02-23,Shasta,089,179085,10919,10903,1208,12111,146
2021-02-23,Sierra,091,2930,51,47,12,59,0
2021-02-23,Siskiyou,093,43540,1485,1380,228,1608,4
2021-02-23,Solano,095,438530,29743,29545,356,29901,154
2021-02-23,Sonoma,097,501317,27910,27882,203,28085,278
2021-02-23,Stanislaus,099,539301,50496,49749,5328,55077,722
2021-02-23,Sutter,101,95872,8802,8766,81,8847,98
2021-02-23,Tehama,103,63373,4594,4556,491,5047,30
2021-02-23,Trinity,105,12862,467,292,77,369,3
2021-02-23,Tulare,107,460477,48109,46937,7957,54894,757
2021-02-23,Tuolumne,109,53932,3828,3864,33,3897,53
2021-02-23,Ventura,111,848112,77629,77093,2772,79865,689
2021-02-23,Yolo,113,214977,12856,12729,218,12947,188
2021-02-23,Yuba,115,75493,5480,5417,86,5503,38
2021-02-22,Alameda,001,1643700,80527,79796,1726,81522,1062
2021-02-22,Alpine,003,1148,78,77,0,77,0
2021-02-22,Amador,005,37829,3460,3438,30,3468,39
2021-02-22,Butte,007,227075,11300,10855,1600,12455,176
2021-02-22,Calaveras,009,45235,1894,1862,11,1873,21
2021-02-22,Colusa,011,21464,1868,1860,264,2124,11
2021-02-22,Contra Costa,013,1133247,62805,61478,1074,62552,661
2021-02-22,Del Norte,015,27424,1002,948,4,952,3
2021-02-22,El Dorado,017,186661,9106,8940,604,9544,96
2021-02-22,Fresno,019,978130,95912,94584,7670,102254,1351
2021-02-22,Glenn,021,27897,2242,2207,492,2699,14
2021-02-22,Humboldt,023,135768,3127,3095,22,3117,29
2021-02-22,Imperial,025,180216,27190,26778,2480,29258,590
2021-02-22,Inyo,027,18085,1286,1248,11,1259,32
2021-02-22,Kern,029,883053,93004,91201,9758,100959,982
2021-02-22,Kings,031,150075,22212,21801,963,22764,214
2021-02-22,Lake,033,64148,3162,3107,6,3113,40
2021-02-22,Lassen,035,31185,5116,5088,94,5182,1
2021-02-22,Los Angeles,037,10098052,1169141,1147541,38908,1186449,19730
2021-02-22,Madera,039,155013,15546,15325,813,16138,193
2021-02-22,Marin,041,260295,13146,12991,159,13150,213
2021-02-22,Mariposa,043,17540,376,374,5,379,4
2021-02-22,Mendocino,045,87422,3620,3535,70,3605,41
2021-02-22,Merced,047,269075,28238,28166,915,29081,379
2021-02-22,Modoc,049,8938,341,329,113,442,3
2021-02-22,Mono,051,14174,1174,1189,16,1205,3
2021-02-22,Monterey,053,433212,41841,41397,1682,43079,311
2021-02-22,Napa,055,140530,8989,8950,33,8983,69
2021-02-22,Nevada,057,99092,3979,3900,159,4059,66
2021-02-22,Orange,059,3164182,246413,244118,10212,254330,3843
2021-02-22,Placer,061,380077,20454,19587,1093,20680,238
2021-02-22,Plumas,063,18699,640,625,10,635,4
2021-02-22,Riverside,065,2383286,284825,277730,13408,291138,3567
2021-02-22,Sacramento,067,1510023,93977,92476,1218,93694,1359
2021-02-22,San Benito,069,59416,5732,5723,90,5813,57
2021-02-22,San Bernardino,071,2135413,285585,279984,8542,288526,3259
2021-02-22,San Diego,073,3302833,262892,257348,12764,270112,3189
2021-02-22,San Francisco,075,870044,34047,33947,1062,35009,405
2021-02-22,San Joaquin,077,732212,66525,65060,2740,67800,1001
2021-02-22,San Luis Obispo,079,281455,19622,19198,553,19751,229
2021-02-22,San Mateo,081,765935,39359,38542,405,38947,282
2021-02-22,Santa Barbara,083,443738,32072,31421,1042,32463,399
2021-02-22,Santa Clara,085,1922200,109807,109213,575,109788,1655
2021-02-22,Santa Cruz,087,273765,15335,14417,779,15196,176
2021-02-22,Shasta,089,179085,10904,10872,1203,12075,145
2021-02-22,Sierra,091,2930,51,47,12,59,0
2021-02-22,Siskiyou,093,43540,1479,1373,227,1600,4
2021-02-22,Solano,095,438530,29704,29508,355,29863,150
2021-02-22,Sonoma,097,501317,27865,27845,202,28047,278
2021-02-22,Stanislaus,099,539301,50395,49630,5310,54940,722
2021-02-22,Sutter,101,95872,8794,8698,81,8779,98
2021-02-22,Tehama,103,63373,4590,4550,490,5040,30
2021-02-22,Trinity,105,12862,467,287,76,363,3
2021-02-22,Tulare,107,460477,48047,46879,7925,54804,751
2021-02-22,Tuolumne,109,53932,3824,3856,33,3889,53
2021-02-22,Ventura,111,848112,77501,76947,2767,79714,677
2021-02-22,Yolo,113,214977,12829,12689,218,12907,183
2021-02-22,Yuba,115,75493,5477,5404,85,5489,38
2021-02-21,Alameda,001,1643700,80335,79649,1721,81370,1061
2021-02-21,Alpine,003,1148,78,77,0,77,0
2021-02-21,Amador,005,37829,3452,3435,30,3465,39
2021-02-21,Butte,007,227075,11282,10855,1598,12453,176
2021-02-21,Calaveras,009,45235,1893,1860,11,1871,21
2021-02-21,Colusa,011,21464,1867,1860,260,2120,11
2021-02-21,Contra Costa,013,1133247,62649,61364,1071,62435,661
2021-02-21,Del Norte,015,27424,996,942,4,946,3
2021-02-21,El Dorado,017,186661,9088,8927,603,9530,96
2021-02-21,Fresno,019,978130,95770,94374,7653,102027,1349
2021-02-21,Glenn,021,27897,2240,2201,490,2691,14
2021-02-21,Humboldt,023,135768,3115,3096,22,3118,29
2021-02-21,Imperial,025,180216,27176,26779,2478,29257,590
2021-02-21,Inyo,027,18085,1280,1232,11,1243,32
2021-02-21,Kern,029,883053,92879,91141,9720,100861,980
2021-02-21,Kings,031,150075,22176,21784,961,22745,213
2021-02-21,Lake,033,64148,3154,3100,6,3106,40
2021-02-21,Lassen,035,31185,5108,5077,94,5171,1
2021-02-21,Los Angeles,037,10098052,1168105,1146756,38860,1185616,19711
2021-02-21,Madera,039,155013,15513,15298,810,16108,192
2021-02-21,Marin,041,260295,13117,12968,159,13127,212
2021-02-21,Mariposa,043,17540,376,373,5,378,4
2021-02-21,Mendocino,045,87422,3615,3535,70,3605,41
2021-02-21,Merced,047,269075,28164,28106,899,29005,379
2021-02-21,Modoc,049,8938,338,329,113,442,3
2021-02-21,Mono,051,14174,1174,1189,16,1205,3
2021-02-21,Monterey,053,433212,41785,41373,1675,43048,309
2021-02-21,Napa,055,140530,8975,8929,33,8962,69
2021-02-21,Nevada,057,99092,3966,3895,159,4054,66
2021-02-21,Orange,059,3164182,246116,243985,10195,254180,3801
2021-02-21,Placer,061,380077,20418,19553,1089,20642,238
2021-02-21,Plumas,063,18699,640,625,10,635,4
2021-02-21,Riverside,065,2383286,284591,277555,13395,290950,3564
2021-02-21,Sacramento,067,1510023,93767,92288,1205,93493,1354
2021-02-21,San Benito,069,59416,5722,5716,87,5803,57
2021-02-21,San Bernardino,071,2135413,285360,279870,8528,288398,3247
2021-02-21,San Diego,073,3302833,262458,257027,12718,269745,3190
2021-02-21,San Francisco,075,870044,33983,33891,1058,34949,405
2021-02-21,San Joaquin,077,732212,66385,64997,2728,67725,1001
2021-02-21,San Luis Obispo,079,281455,19589,19178,551,19729,229
2021-02-21,San Mateo,081,765935,39297,38448,401,38849,282
2021-02-21,Santa Barbara,083,443738,32010,31374,1039,32413,399
2021-02-21,Santa Clara,085,1922200,109581,108992,566,109558,1654
2021-02-21,Santa Cruz,087,273765,15312,14401,778,15179,176
2021-02-21,Shasta,089,179085,10890,10867,1198,12065,145
2021-02-21,Sierra,091,2930,51,47,12,59,0
2021-02-21,Siskiyou,093,43540,1473,1371,227,1598,4
2021-02-21,Solano,095,438530,29649,29471,354,29825,150
2021-02-21,Sonoma,097,501317,27801,27793,195,27988,278
2021-02-21,Stanislaus,099,539301,50282,49527,5296,54823,726
2021-02-21,Sutter,101,95872,8777,8687,80,8767,97
2021-02-21,Tehama,103,63373,4581,4547,490,5037,30
2021-02-21,Trinity,105,12862,465,286,76,362,3
2021-02-21,Tulare,107,460477,47979,46830,7890,54720,749
2021-02-21,Tuolumne,109,53932,3810,3828,33,3861,53
2021-02-21,Ventura,111,848112,77352,76862,2753,79615,677
2021-02-21,Yolo,113,214977,12798,12670,218,12888,183
2021-02-21,Yuba,115,75493,5469,5396,84,5480,38
2021-02-20,Alameda,001,1643700,80244,79496,1716,81212,1055
2021-02-20,Alpine,003,1148,78,77,0,77,0
2021-02-20,Amador,005,37829,3450,3432,30,3462,39
2021-02-20,Butte,007,227075,11274,10838,1597,12435,176
2021-02-20,Calaveras,009,45235,1892,1858,11,1869,21
2021-02-20,Colusa,011,21464,1866,1858,260,2118,11
2021-02-20,Contra Costa,013,1133247,62565,61205,1069,62274,663
2021-02-20,Del Norte,015,27424,992,937,4,941,3
2021-02-20,El Dorado,017,186661,9078,8911,603,9514,96
2021-02-20,Fresno,019,978130,95686,94234,7633,101867,1341
2021-02-20,Glenn,021,27897,2236,2199,489,2688,14
2021-02-20,Humboldt,023,135768,3107,3073,22,3095,29
2021-02-20,Imperial,025,180216,27166,26771,2478,29249,590
2021-02-20,Inyo,027,18085,1276,1226,11,1237,32
2021-02-20,Kern,029,883053,92808,91025,9688,100713,968
2021-02-20,Kings,031,150075,22158,21773,960,22733,212
2021-02-20,Lake,033,64148,3147,3089,6,3095,40
2021-02-20,Lassen,035,31185,5106,5067,94,5161,1
2021-02-20,Los Angeles,037,10098052,1167538,1145594,38817,1184411,19630
2021-02-20,Madera,039,155013,15493,15274,809,16083,191
2021-02-20,Marin,041,260295,13096,12945,157,13102,211
2021-02-20,Mariposa,043,17540,376,372,5,377,4
2021-02-20,Mendocino,045,87422,3613,3533,70,3603,40
2021-02-20,Merced,047,269075,28121,28066,896,28962,379
2021-02-20,Modoc,049,8938,338,328,113,441,3
2021-02-20,Mono,051,14174,1173,1187,16,1203,3
2021-02-20,Monterey,053,433212,41763,41313,1673,42986,309
2021-02-20,Napa,055,140530,8966,8910,33,8943,69
2021-02-20,Nevada,057,99092,3956,3887,158,4045,66
2021-02-20,Orange,059,3164182,245946,243761,10181,253942,3755
2021-02-20,Placer,061,380077,20377,19509,1085,20594,236
2021-02-20,Plumas,063,18699,640,626,10,636,4
2021-02-20,Riverside,065,2383286,284437,277267,13386,290653,3559
2021-02-20,Sacramento,067,1510023,93644,92057,1203,93260,1352
2021-02-20,San Benito,069,59416,5711,5709,87,5796,57
2021-02-20,San Bernardino,071,2135413,285258,279608,8523,288131,3203
2021-02-20,San Diego,073,3302833,262216,256510,12689,269199,3188
2021-02-20,San Francisco,075,870044,33941,33820,1049,34869,399
2021-02-20,San Joaquin,077,732212,66315,64916,2723,67639,1001
2021-02-20,San Luis Obispo,079,281455,19565,19138,550,19688,229
2021-02-20,San Mateo,081,765935,39253,38371,400,38771,282
2021-02-20,Santa Barbara,083,443738,31976,31289,1038,32327,396
2021-02-20,Santa Clara,085,1922200,109403,108728,563,109291,1649
2021-02-20,Santa Cruz,087,273765,15301,14378,776,15154,176
2021-02-20,Shasta,089,179085,10876,10850,1193,12043,146
2021-02-20,Sierra,091,2930,51,47,12,59,0
2021-02-20,Siskiyou,093,43540,1470,1366,227,1593,4
2021-02-20,Solano,095,438530,29635,29440,352,29792,150
2021-02-20,Sonoma,097,501317,27772,27703,193,27896,278
2021-02-20,Stanislaus,099,539301,50231,49445,5282,54727,733
2021-02-20,Sutter,101,95872,8771,8681,80,8761,97
2021-02-20,Tehama,103,63373,4577,4545,490,5035,30
2021-02-20,Trinity,105,12862,464,285,75,360,3
2021-02-20,Tulare,107,460477,47943,46769,7868,54637,739
2021-02-20,Tuolumne,109,53932,3805,3823,33,3856,53
2021-02-20,Ventura,111,848112,77257,76757,2750,79507,671
2021-02-20,Yolo,113,214977,12784,12639,217,12856,183
2021-02-20,Yuba,115,75493,5466,5386,84,5470,38
2021-02-19,Alameda,001,1643700,80143,79318,1712,81030,1047
2021-02-19,Alpine,003,1148,78,77,0,77,0
2021-02-19,Amador,005,37829,3446,3427,30,3457,39
2021-02-19,Butte,007,227075,11260,10823,1590,12413,176
2021-02-19,Calaveras,009,45235,1891,1856,11,1867,21
2021-02-19,Colusa,011,21464,1866,1858,260,2118,11
2021-02-19,Contra Costa,013,1133247,62453,61017,1066,62083,651
2021-02-19,Del Norte,015,27424,987,932,4,936,2
2021-02-19,El Dorado,017,186661,9069,8882,602,9484,96
2021-02-19,Fresno,019,978130,95555,93973,7617,101590,1330
2021-02-19,Glenn,021,27897,2231,2199,488,2687,14
2021-02-19,Humboldt,023,135768,3095,3037,22,3059,29
2021-02-19,Imperial,025,180216,27160,26751,2475,29226,589
2021-02-19,Inyo,027,18085,1271,1212,11,1223,32
2021-02-19,Kern,029,883053,92739,90807,9647,100454,963
2021-02-19,Kings,031,150075,22144,21724,958,22682,211
2021-02-19,Lake,033,64148,3141,3078,6,3084,40
2021-02-19,Lassen,035,31185,5105,5057,94,5151,1
2021-02-19,Los Angeles,037,10098052,1166789,1143828,38777,1182605,19498
2021-02-19,Madera,039,155013,15476,15222,807,16029,188
2021-02-19,Marin,041,260295,13078,12919,156,13075,210
2021-02-19,Mariposa,043,17540,376,371,5,376,4
2021-02-19,Mendocino,045,87422,3611,3526,70,3596,39
2021-02-19,Merced,047,269075,28091,27985,893,28878,376
2021-02-19,Modoc,049,8938,338,328,113,441,3
2021-02-19,Mono,051,14174,1173,1186,16,1202,3
2021-02-19,Monterey,053,433212,41736,41209,1669,42878,309
2021-02-19,Napa,055,140530,8953,8899,33,8932,69
2021-02-19,Nevada,057,99092,3950,3863,158,4021,66
2021-02-19,Orange,059,3164182,245770,243397,10168,253565,3715
2021-02-19,Placer,061,380077,20355,19457,1085,20542,236
2021-02-19,Plumas,063,18699,638,624,10,634,4
2021-02-19,Riverside,065,2383286,284268,276941,13369,290310,3541
2021-02-19,Sacramento,067,1510023,93523,91815,1199,93014,1351
2021-02-19,San Benito,069,59416,5706,5699,87,5786,57
2021-02-19,San Bernardino,071,2135413,285122,279209,8518,287727,3117
2021-02-19,San Diego,073,3302833,261925,255799,12666,268465,3169
2021-02-19,San Francisco,075,870044,33893,33746,1043,34789,387
2021-02-19,San Joaquin,077,732212,66239,64774,2714,67488,988
2021-02-19,San Luis Obispo,079,281455,19534,19061,548,19609,230
2021-02-19,San Mateo,081,765935,39195,38256,398,38654,282
2021-02-19,Santa Barbara,083,443738,31912,31204,1037,32241,392
2021-02-19,Santa Clara,085,1922200,109191,108400,561,108961,1634
2021-02-19,Santa Cruz,087,273765,15286,14354,776,15130,176
2021-02-19,Shasta,089,179085,10865,10833,1190,12023,140
2021-02-19,Sierra,091,2930,51,47,12,59,0
2021-02-19,Siskiyou,093,43540,1466,1363,225,1588,4
2021-02-19,Solano,095,438530,29610,29383,351,29734,150
2021-02-19,Sonoma,097,501317,27725,27595,191,27786,280
2021-02-19,Stanislaus,099,539301,50170,49282,5266,54548,739
2021-02-19,Sutter,101,95872,8761,8665,80,8745,96
2021-02-19,Tehama,103,63373,4575,4535,490,5025,30
2021-02-19,Trinity,105,12862,462,282,73,355,3
2021-02-19,Tulare,107,460477,47898,46662,7843,54505,736
2021-02-19,Tuolumne,109,53932,3798,3817,33,3850,52
2021-02-19,Ventura,111,848112,77178,76582,2747,79329,667
2021-02-19,Yolo,113,214977,12768,12606,217,12823,183
2021-02-19,Yuba,115,75493,5456,5376,84,5460,38
2021-02-18,Alameda,001,1643700,80009,79111,1704,80815,1012
2021-02-18,Alpine,003,1148,78,77,0,77,0
2021-02-18,Amador,005,37829,3442,3417,29,3446,38
2021-02-18,Butte,007,227075,11242,10791,1588,12379,175
2021-02-18,Calaveras,009,45235,1886,1873,11,1884,21
2021-02-18,Colusa,011,21464,1864,1856,258,2114,11
2021-02-18,Contra Costa,013,1133247,62338,60868,1064,61932,640
2021-02-18,Del Norte,015,27424,982,929,4,933,2
2021-02-18,El Dorado,017,186661,9054,8850,601,9451,94
2021-02-18,Fresno,019,978130,95385,93734,7592,101326,1323
2021-02-18,Glenn,021,27897,2225,2195,488,2683,14
2021-02-18,Humboldt,023,135768,3083,3023,22,3045,29
2021-02-18,Imperial,025,180216,27134,26731,2468,29199,591
2021-02-18,Inyo,027,18085,1267,1213,10,1223,32
2021-02-18,Kern,029,883053,92585,90655,9617,100272,961
2021-02-18,Kings,031,150075,22120,21648,957,22605,211
2021-02-18,Lake,033,64148,3136,3066,6,3072,40
2021-02-18,Lassen,035,31185,5096,5052,94,5146,1
2021-02-18,Los Angeles,037,10098052,1165831,1141930,38712,1180642,19358
2021-02-18,Madera,039,155013,15454,15175,802,15977,188
2021-02-18,Marin,041,260295,13065,12895,155,13050,209
2021-02-18,Mariposa,043,17540,375,369,5,374,4
2021-02-18,Mendocino,045,87422,3608,3519,69,3588,39
2021-02-18,Merced,047,269075,28042,27870,887,28757,372
2021-02-18,Modoc,049,8938,336,327,112,439,3
2021-02-18,Mono,051,14174,1173,1182,16,1198,3
2021-02-18,Monterey,053,433212,41678,41091,1660,42751,307
2021-02-18,Napa,055,140530,8936,8877,33,8910,68
2021-02-18,Nevada,057,99092,3941,3836,157,3993,66
2021-02-18,Orange,059,3164182,245547,243098,10151,253249,3673
2021-02-18,Placer,061,380077,20328,19429,1084,20513,232
2021-02-18,Plumas,063,18699,638,624,10,634,4
2021-02-18,Riverside,065,2383286,283980,276595,13348,289943,3510
2021-02-18,Sacramento,067,1510023,93361,91476,1193,92669,1334
2021-02-18,San Benito,069,59416,5703,5697,86,5783,58
2021-02-18,San Bernardino,071,2135413,284912,278887,8504,287391,3066
2021-02-18,San Diego,073,3302833,261571,254987,12643,267630,3135
2021-02-18,San Francisco,075,870044,33835,33650,1040,34690,386
2021-02-18,San Joaquin,077,732212,66156,64634,2704,67338,982
2021-02-18,San Luis Obispo,079,281455,19492,18987,545,19532,230
2021-02-18,San Mateo,081,765935,39133,38185,394,38579,282
2021-02-18,Santa Barbara,083,443738,31834,31054,1030,32084,387
2021-02-18,Santa Clara,085,1922200,108966,108210,558,108768,1605
2021-02-18,Santa Cruz,087,273765,15260,14314,776,15090,176
2021-02-18,Shasta,089,179085,10847,10811,1187,11998,139
2021-02-18,Sierra,091,2930,50,47,12,59,0
2021-02-18,Siskiyou,093,43540,1461,1359,224,1583,4
2021-02-18,Solano,095,438530,29584,29349,350,29699,150
2021-02-18,Sonoma,097,501317,27657,27512,190,27702,281
2021-02-18,Stanislaus,099,539301,50069,49150,5249,54399,738
2021-02-18,Sutter,101,95872,8753,8654,80,8734,96
2021-02-18,Tehama,103,63373,4572,4528,490,5018,30
2021-02-18,Trinity,105,12862,461,282,73,355,3
2021-02-18,Tulare,107,460477,47835,46591,7803,54394,728
2021-02-18,Tuolumne,109,53932,3761,3811,33,3844,52
2021-02-18,Ventura,111,848112,77046,76442,2739,79181,659
2021-02-18,Yolo,113,214977,12742,12549,214,12763,183
2021-02-18,Yuba,115,75493,5439,5358,84,5442,38
2021-02-17,Alameda,001,1643700,79848,78895,1702,80597,1002
2021-02-17,Alpine,003,1148,78,77,0,77,0
2021-02-17,Amador,005,37829,3438,3415,29,3444,38
2021-02-17,Butte,007,227075,11224,10770,1584,12354,174
2021-02-17,Calaveras,009,45235,1886,1876,11,1887,21
2021-02-17,Colusa,011,21464,1861,1854,258,2112,10
2021-02-17,Contra Costa,013,1133247,62200,60723,1061,61784,635
2021-02-17,Del Norte,015,27424,975,920,4,924,2
2021-02-17,El Dorado,017,186661,9043,8847,601,9448,94
2021-02-17,Fresno,019,978130,95246,93555,7565,101120,1307
2021-02-17,Glenn,021,27897,2224,2189,487,2676,14
2021-02-17,Humboldt,023,135768,3068,3006,22,3028,29
2021-02-17,Imperial,025,180216,27120,26726,2464,29190,580
2021-02-17,Inyo,027,18085,1259,1197,10,1207,32
2021-02-17,Kern,029,883053,92467,90454,9572,100026,962
2021-02-17,Kings,031,150075,22082,21617,953,22570,211
2021-02-17,Lake,033,64148,3126,3057,2,3059,38
2021-02-17,Lassen,035,31185,5091,5052,93,5145,1
2021-02-17,Los Angeles,037,10098052,1164778,1139786,38648,1178434,19213
2021-02-17,Madera,039,155013,15429,15135,793,15928,177
2021-02-17,Marin,041,260295,13040,12881,155,13036,207
2021-02-17,Mariposa,043,17540,375,368,4,372,4
2021-02-17,Mendocino,045,87422,3606,3494,68,3562,39
2021-02-17,Merced,047,269075,27987,27824,878,28702,372
2021-02-17,Modoc,049,8938,336,327,112,439,3
2021-02-17,Mono,051,14174,1173,1180,16,1196,3
2021-02-17,Monterey,053,433212,41623,41014,1648,42662,304
2021-02-17,Napa,055,140530,8922,8865,33,8898,68
2021-02-17,Nevada,057,99092,3922,3822,154,3976,52
2021-02-17,Orange,059,3164182,245285,242716,10118,252834,3626
2021-02-17,Placer,061,380077,20295,19405,1080,20485,230
2021-02-17,Plumas,063,18699,637,623,10,633,4
2021-02-17,Riverside,065,2383286,283692,276289,13327,289616,3491
2021-02-17,Sacramento,067,1510023,93202,91309,1186,92495,1326
2021-02-17,San Benito,069,59416,5697,5661,86,5747,57
2021-02-17,San Bernardino,071,2135413,284707,278461,8485,286946,3020
2021-02-17,San Diego,073,3302833,261193,254177,12622,266799,3099
2021-02-17,San Francisco,075,870044,33759,33558,1035,34593,379
2021-02-17,San Joaquin,077,732212,66050,64556,2698,67254,979
2021-02-17,San Luis Obispo,079,281455,19447,18964,545,19509,230
2021-02-17,San Mateo,081,765935,39068,38124,393,38517,282
2021-02-17,Santa Barbara,083,443738,31766,30927,1029,31956,384
2021-02-17,Santa Clara,085,1922200,108734,107949,556,108505,1592
2021-02-17,Santa Cruz,087,273765,15227,14268,773,15041,174
2021-02-17,Shasta,089,179085,10827,10770,1186,11956,139
2021-02-17,Sierra,091,2930,50,47,12,59,0
2021-02-17,Siskiyou,093,43540,1455,1352,221,1573,4
2021-02-17,Solano,095,438530,29527,29288,350,29638,149
2021-02-17,Sonoma,097,501317,27585,27408,185,27593,281
2021-02-17,Stanislaus,099,539301,49958,49050,5233,54283,730
2021-02-17,Sutter,101,95872,8743,8681,80,8761,95
2021-02-17,Tehama,103,63373,4569,4511,490,5001,30
2021-02-17,Trinity,105,12862,461,277,71,348,3
2021-02-17,Tulare,107,460477,47770,46495,7777,54272,726
2021-02-17,Tuolumne,109,53932,3752,3806,33,3839,49
2021-02-17,Ventura,111,848112,76924,76234,2733,78967,646
2021-02-17,Yolo,113,214977,12723,12506,212,12718,182
2021-02-17,Yuba,115,75493,5430,5345,84,5429,38
2021-02-16,Alameda,001,1643700,79678,78756,1699,80455,997
2021-02-16,Alpine,003,1148,78,76,0,76,0
2021-02-16,Amador,005,37829,3431,3413,29,3442,39
2021-02-16,Butte,007,227075,11198,10748,1581,12329,164
2021-02-16,Calaveras,009,45235,1884,1872,11,1883,21
2021-02-16,Colusa,011,21464,1858,1852,256,2108,10
2021-02-16,Contra Costa,013,1133247,62049,60564,1056,61620,631
2021-02-16,Del Norte,015,27424,967,913,4,917,2
2021-02-16,El Dorado,017,186661,9033,8836,600,9436,94
2021-02-16,Fresno,019,978130,95081,93363,7535,100898,1293
2021-02-16,Glenn,021,27897,2220,2189,483,2672,14
2021-02-16,Humboldt,023,135768,3045,2994,21,3015,29
2021-02-16,Imperial,025,180216,27107,26711,2460,29171,580
2021-02-16,Inyo,027,18085,1251,1191,10,1201,32
2021-02-16,Kern,029,883053,92335,90267,9542,99809,959
2021-02-16,Kings,031,150075,22036,21583,949,22532,206
2021-02-16,Lake,033,64148,3119,3041,2,3043,38
2021-02-16,Lassen,035,31185,5079,5047,93,5140,1
2021-02-16,Los Angeles,037,10098052,1163524,1138262,38587,1176849,19044
2021-02-16,Madera,039,155013,15391,15120,788,15908,172
2021-02-16,Marin,041,260295,13012,12832,155,12987,205
2021-02-16,Mariposa,043,17540,375,367,4,371,4
2021-02-16,Mendocino,045,87422,3602,3489,68,3557,39
2021-02-16,Merced,047,269075,27906,27724,872,28596,368
2021-02-16,Modoc,049,8938,336,326,112,438,3
2021-02-16,Mono,051,14174,1173,1180,16,1196,3
2021-02-16,Monterey,053,433212,41547,40962,1639,42601,303
2021-02-16,Napa,055,140530,8909,8854,33,8887,66
2021-02-16,Nevada,057,99092,3909,3774,153,3927,47
2021-02-16,Orange,059,3164182,244963,242382,10102,252484,3612
2021-02-16,Placer,061,380077,20262,19367,1077,20444,230
2021-02-16,Plumas,063,18699,637,619,10,629,4
2021-02-16,Riverside,065,2383286,283388,275954,13304,289258,3471
2021-02-16,Sacramento,067,1510023,92948,91246,1180,92426,1305
2021-02-16,San Benito,069,59416,5689,5659,85,5744,56
2021-02-16,San Bernardino,071,2135413,284485,277947,8474,286421,2978
2021-02-16,San Diego,073,3302833,260728,253638,12583,266221,3042
2021-02-16,San Francisco,075,870044,33688,33491,1030,34521,373
2021-02-16,San Joaquin,077,732212,65920,64448,2695,67143,979
2021-02-16,San Luis Obispo,079,281455,19402,18925,542,19467,229
2021-02-16,San Mateo,081,765935,39009,38041,391,38432,277
2021-02-16,Santa Barbara,083,443738,31692,30865,1026,31891,378
2021-02-16,Santa Clara,085,1922200,108482,107754,553,108307,1591
2021-02-16,Santa Cruz,087,273765,15207,14256,772,15028,174
2021-02-16,Shasta,089,179085,10812,10736,1184,11920,139
2021-02-16,Sierra,091,2930,50,47,12,59,0
2021-02-16,Siskiyou,093,43540,1451,1351,221,1572,4
2021-02-16,Solano,095,438530,29489,29246,349,29595,148
2021-02-16,Sonoma,097,501317,27526,27380,179,27559,279
2021-02-16,Stanislaus,099,539301,49834,48927,5219,54146,716
2021-02-16,Sutter,101,95872,8720,8671,80,8751,95
2021-02-16,Tehama,103,63373,4560,4501,488,4989,30
2021-02-16,Trinity,105,12862,457,275,71,346,3
2021-02-16,Tulare,107,460477,47706,46444,7733,54177,716
2021-02-16,Tuolumne,109,53932,3750,3796,33,3829,49
2021-02-16,Ventura,111,848112,76782,76043,2729,78772,631
2021-02-16,Yolo,113,214977,12694,12457,212,12669,175
2021-02-16,Yuba,115,75493,5423,5332,83,5415,38
2021-02-15,Alameda,001,1643700,79481,78647,1688,80335,996
2021-02-15,Alpine,003,1148,78,76,0,76,0
2021-02-15,Amador,005,37829,3427,3409,29,3438,39
2021-02-15,Butte,007,227075,11180,10723,1577,12300,155
2021-02-15,Calaveras,009,45235,1880,1871,11,1882,21
2021-02-15,Colusa,011,21464,1858,1849,252,2101,10
2021-02-15,Contra Costa,013,1133247,61877,60444,1050,61494,631
2021-02-15,Del Norte,015,27424,963,913,4,917,2
2021-02-15,El Dorado,017,186661,9016,8816,600,9416,94
2021-02-15,Fresno,019,978130,94882,93231,7496,100727,1288
2021-02-15,Glenn,021,27897,2218,2185,482,2667,14
2021-02-15,Humboldt,023,135768,3038,2997,21,3018,29
2021-02-15,Imperial,025,180216,27087,26700,2457,29157,580
2021-02-15,Inyo,027,18085,1232,1184,10,1194,32
2021-02-15,Kern,029,883053,92191,90181,9510,99691,959
2021-02-15,Kings,031,150075,21991,21574,945,22519,205
2021-02-15,Lake,033,64148,3105,3030,1,3031,38
2021-02-15,Lassen,035,31185,5077,5047,92,5139,1
2021-02-15,Los Angeles,037,10098052,1162136,1137164,38524,1175688,18925
2021-02-15,Madera,039,155013,15360,15108,786,15894,106
2021-02-15,Marin,041,260295,12991,12810,152,12962,203
2021-02-15,Mariposa,043,17540,373,367,4,371,4
2021-02-15,Mendocino,045,87422,3590,3481,68,3549,39
2021-02-15,Merced,047,269075,27832,27656,864,28520,368
2021-02-15,Modoc,049,8938,336,326,112,438,3
2021-02-15,Mono,051,14174,1170,1178,16,1194,3
2021-02-15,Monterey,053,433212,41483,40911,1626,42537,302
2021-02-15,Napa,055,140530,8895,8837,33,8870,57
2021-02-15,Nevada,057,99092,3892,3767,152,3919,47
2021-02-15,Orange,059,3164182,244644,242176,10073,252249,3586
2021-02-15,Placer,061,380077,20236,19361,1076,20437,230
2021-02-15,Plumas,063,18699,637,620,10,630,4
2021-02-15,Riverside,065,2383286,283034,275771,13285,289056,3468
2021-02-15,Sacramento,067,1510023,92621,91091,1175,92266,1304
2021-02-15,San Benito,069,59416,5683,5649,85,5734,56
2021-02-15,San Bernardino,071,2135413,284233,277869,8466,286335,2945
2021-02-15,San Diego,073,3302833,260214,252940,12552,265492,3037
2021-02-15,San Francisco,075,870044,33615,33454,1024,34478,373
2021-02-15,San Joaquin,077,732212,65755,64382,2688,67070,979
2021-02-15,San Luis Obispo,079,281455,19349,18891,540,19431,227
2021-02-15,San Mateo,081,765935,38930,37969,388,38357,277
2021-02-15,Santa Barbara,083,443738,31589,30810,1023,31833,378
2021-02-15,Santa Clara,085,1922200,108252,107630,551,108181,1588
2021-02-15,Santa Cruz,087,273765,15175,14239,769,15008,175
2021-02-15,Shasta,089,179085,10792,10730,1179,11909,139
2021-02-15,Sierra,091,2930,50,47,12,59,0
2021-02-15,Siskiyou,093,43540,1443,1345,220,1565,4
2021-02-15,Solano,095,438530,29434,29225,349,29574,148
2021-02-15,Sonoma,097,501317,27442,27359,175,27534,276
2021-02-15,Stanislaus,099,539301,49705,48808,5206,54014,716
2021-02-15,Sutter,101,95872,8705,8652,80,8732,95
2021-02-15,Tehama,103,63373,4551,4492,487,4979,30
2021-02-15,Trinity,105,12862,456,274,71,345,3
2021-02-15,Tulare,107,460477,47635,46344,7694,54038,715
2021-02-15,Tuolumne,109,53932,3740,3794,33,3827,49
2021-02-15,Ventura,111,848112,76627,75889,2726,78615,629
2021-02-15,Yolo,113,214977,12659,12412,206,12618,175
2021-02-15,Yuba,115,75493,5406,5320,82,5402,38
2021-02-14,Alameda,001,1643700,79330,78442,1687,80129,995
2021-02-14,Alpine,003,1148,78,76,0,76,0
2021-02-14,Amador,005,37829,3422,3398,29,3427,39
2021-02-14,Butte,007,227075,11156,10717,1574,12291,155
2021-02-14,Calaveras,009,45235,1876,1866,11,1877,21
2021-02-14,Colusa,011,21464,1854,1845,249,2094,10
2021-02-14,Contra Costa,013,1133247,61727,60272,1047,61319,631
2021-02-14,Del Norte,015,27424,959,911,4,915,2
2021-02-14,El Dorado,017,186661,8985,8790,599,9389,94
2021-02-14,Fresno,019,978130,94711,93065,7473,100538,1287
2021-02-14,Glenn,021,27897,2215,2184,482,2666,14
2021-02-14,Humboldt,023,135768,3025,2992,21,3013,29
2021-02-14,Imperial,025,180216,27080,26696,2456,29152,580
2021-02-14,Inyo,027,18085,1226,1177,10,1187,32
2021-02-14,Kern,029,883053,92031,90038,9457,99495,959
2021-02-14,Kings,031,150075,21965,21538,943,22481,205
2021-02-14,Lake,033,64148,3094,3030,1,3031,38
2021-02-14,Lassen,035,31185,5073,5037,92,5129,1
2021-02-14,Los Angeles,037,10098052,1160792,1135450,38439,1173889,18898
2021-02-14,Madera,039,155013,15328,15089,782,15871,106
2021-02-14,Marin,041,260295,12967,12784,152,12936,201
2021-02-14,Mariposa,043,17540,373,365,4,369,4
2021-02-14,Mendocino,045,87422,3584,3475,68,3543,39
2021-02-14,Merced,047,269075,27750,27601,859,28460,368
2021-02-14,Modoc,049,8938,336,326,112,438,3
2021-02-14,Mono,051,14174,1169,1180,16,1196,3
2021-02-14,Monterey,053,433212,41432,40842,1621,42463,302
2021-02-14,Napa,055,140530,8875,8826,33,8859,57
2021-02-14,Nevada,057,99092,3876,3761,152,3913,47
2021-02-14,Orange,059,3164182,244330,241859,10054,251913,3564
2021-02-14,Placer,061,380077,20197,19313,1071,20384,230
2021-02-14,Plumas,063,18699,636,620,10,630,4
2021-02-14,Riverside,065,2383286,282702,275518,13266,288784,3471
2021-02-14,Sacramento,067,1510023,92414,90856,1171,92027,1304
2021-02-14,San Benito,069,59416,5674,5641,84,5725,56
2021-02-14,San Bernardino,071,2135413,283927,277664,8446,286110,2929
2021-02-14,San Diego,073,3302833,259722,252247,12505,264752,3037
2021-02-14,San Francisco,075,870044,33541,33374,1016,34390,372
2021-02-14,San Joaquin,077,732212,65657,64243,2674,66917,979
2021-02-14,San Luis Obispo,079,281455,19311,18868,537,19405,225
2021-02-14,San Mateo,081,765935,38845,37859,388,38247,277
2021-02-14,Santa Barbara,083,443738,31497,30744,1019,31763,377
2021-02-14,Santa Clara,085,1922200,108053,107412,547,107959,1582
2021-02-14,Santa Cruz,087,273765,15147,14225,764,14989,175
2021-02-14,Shasta,089,179085,10760,10720,1174,11894,139
2021-02-14,Sierra,091,2930,50,47,12,59,0
2021-02-14,Siskiyou,093,43540,1439,1340,220,1560,4
2021-02-14,Solano,095,438530,29392,29150,346,29496,148
2021-02-14,Sonoma,097,501317,27367,27266,173,27439,276
2021-02-14,Stanislaus,099,539301,49595,48672,5191,53863,716
2021-02-14,Sutter,101,95872,8682,8642,80,8722,95
2021-02-14,Tehama,103,63373,4545,4490,484,4974,30
2021-02-14,Trinity,105,12862,456,272,71,343,3
2021-02-14,Tulare,107,460477,47550,46263,7645,53908,715
2021-02-14,Tuolumne,109,53932,3739,3764,33,3797,49
2021-02-14,Ventura,111,848112,76458,75742,2715,78457,629
2021-02-14,Yolo,113,214977,12630,12399,205,12604,175
2021-02-14,Yuba,115,75493,5396,5314,82,5396,38
2021-02-13,Alameda,001,1643700,79208,78246,1684,79930,995
2021-02-13,Alpine,003,1148,78,76,0,76,0
2021-02-13,Amador,005,37829,3419,3387,29,3416,38
2021-02-13,Butte,007,227075,11140,10699,1572,12271,155
2021-02-13,Calaveras,009,45235,1873,1863,11,1874,21
2021-02-13,Colusa,011,21464,1854,1837,249,2086,10
2021-02-13,Contra Costa,013,1133247,61606,60100,1047,61147,629
2021-02-13,Del Norte,015,27424,957,908,4,912,2
2021-02-13,El Dorado,017,186661,8973,8758,598,9356,93
2021-02-13,Fresno,019,978130,94597,92807,7451,100258,1287
2021-02-13,Glenn,021,27897,2214,2182,480,2662,14
2021-02-13,Humboldt,023,135768,3012,2974,20,2994,29
2021-02-13,Imperial,025,180216,27073,26680,2454,29134,580
2021-02-13,Inyo,027,18085,1222,1168,10,1178,32
2021-02-13,Kern,029,883053,91942,89915,9431,99346,957
2021-02-13,Kings,031,150075,21950,21513,941,22454,205
2021-02-13,Lake,033,64148,3085,3025,1,3026,37
2021-02-13,Lassen,035,31185,5070,5028,92,5120,1
2021-02-13,Los Angeles,037,10098052,1159933,1133752,38391,1172143,18822
2021-02-13,Madera,039,155013,15319,15053,778,15831,106
2021-02-13,Marin,041,260295,12943,12757,152,12909,201
2021-02-13,Mariposa,043,17540,373,365,4,369,4
2021-02-13,Mendocino,045,87422,3574,3466,68,3534,38
2021-02-13,Merced,047,269075,27706,27541,856,28397,368
2021-02-13,Modoc,049,8938,336,325,112,437,3
2021-02-13,Mono,051,14174,1169,1176,16,1192,3
2021-02-13,Monterey,053,433212,41400,40731,1620,42351,301
2021-02-13,Napa,055,140530,8866,8809,33,8842,57
2021-02-13,Nevada,057,99092,3867,3742,151,3893,47
2021-02-13,Orange,059,3164182,244124,241545,10035,251580,3520
2021-02-13,Placer,061,380077,20177,19214,1071,20285,230
2021-02-13,Plumas,063,18699,636,616,10,626,4
2021-02-13,Riverside,065,2383286,282474,275276,13257,288533,3462
2021-02-13,Sacramento,067,1510023,92247,90401,1168,91569,1302
2021-02-13,San Benito,069,59416,5657,5633,84,5717,56
2021-02-13,San Bernardino,071,2135413,283775,277405,8434,285839,2899
2021-02-13,San Diego,073,3302833,259390,251679,12493,264172,3009
2021-02-13,San Francisco,075,870044,33491,33291,1006,34297,364
2021-02-13,San Joaquin,077,732212,65588,64105,2664,66769,977
2021-02-13,San Luis Obispo,079,281455,19283,18803,531,19334,225
2021-02-13,San Mateo,081,765935,38792,37745,388,38133,277
2021-02-13,Santa Barbara,083,443738,31445,30594,1017,31611,374
2021-02-13,Santa Clara,085,1922200,107864,107125,543,107668,1570
2021-02-13,Santa Cruz,087,273765,15120,14198,763,14961,173
2021-02-13,Shasta,089,179085,10747,10713,1169,11882,139
2021-02-13,Sierra,091,2930,50,47,12,59,0
2021-02-13,Siskiyou,093,43540,1436,1336,220,1556,4
2021-02-13,Solano,095,438530,29356,29084,346,29430,148
2021-02-13,Sonoma,097,501317,27319,27157,171,27328,276
2021-02-13,Stanislaus,099,539301,49524,48568,5185,53753,697
2021-02-13,Sutter,101,95872,8670,8626,80,8706,94
2021-02-13,Tehama,103,63373,4534,4484,483,4967,30
2021-02-13,Trinity,105,12862,455,272,70,342,3
2021-02-13,Tulare,107,460477,47499,46162,7614,53776,709
2021-02-13,Tuolumne,109,53932,3738,3752,33,3785,49
2021-02-13,Ventura,111,848112,76318,75481,2709,78190,618
2021-02-13,Yolo,113,214977,12617,12374,204,12578,175
2021-02-13,Yuba,115,75493,5388,5289,82,5371,38
2021-02-12,Alameda,001,1643700,79060,77958,1678,79636,974
2021-02-12,Alpine,003,1148,78,76,0,76,0
2021-02-12,Amador,005,37829,3415,3381,29,3410,38
2021-02-12,Butte,007,227075,11127,10655,1565,12220,155
2021-02-12,Calaveras,009,45235,1870,1860,11,1871,21
2021-02-12,Colusa,011,21464,1854,1836,249,2085,10
2021-02-12,Contra Costa,013,1133247,61455,59878,1043,60921,620
2021-02-12,Del Norte,015,27424,947,901,4,905,2
2021-02-12,El Dorado,017,186661,8957,8725,595,9320,92
2021-02-12,Fresno,019,978130,94443,92520,7431,99951,1273
2021-02-12,Glenn,021,27897,2211,2175,480,2655,14
2021-02-12,Humboldt,023,135768,3004,2961,20,2981,29
2021-02-12,Imperial,025,180216,27065,26646,2451,29097,585
2021-02-12,Inyo,027,18085,1216,1156,10,1166,32
2021-02-12,Kern,029,883053,91828,89532,9397,98929,949
2021-02-12,Kings,031,150075,21918,21462,936,22398,202
2021-02-12,Lake,033,64148,3080,3012,1,3013,36
2021-02-12,Lassen,035,31185,5068,5015,92,5107,1
2021-02-12,Los Angeles,037,10098052,1158727,1131185,38322,1169507,18637
2021-02-12,Madera,039,155013,15292,15022,775,15797,106
2021-02-12,Marin,041,260295,12917,12720,152,12872,200
2021-02-12,Mariposa,043,17540,372,365,4,369,4
2021-02-12,Mendocino,045,87422,3572,3447,68,3515,38
2021-02-12,Merced,047,269075,27655,27453,853,28306,367
2021-02-12,Modoc,049,8938,336,324,112,436,3
2021-02-12,Mono,051,14174,1168,1172,16,1188,3
2021-02-12,Monterey,053,433212,41352,40633,1611,42244,297
2021-02-12,Napa,055,140530,8854,8785,33,8818,55
2021-02-12,Nevada,057,99092,3862,3728,151,3879,47
2021-02-12,Orange,059,3164182,243885,241075,10020,251095,3505
2021-02-12,Placer,061,380077,20135,19174,1066,20240,230
2021-02-12,Plumas,063,18699,635,614,10,624,4
2021-02-12,Riverside,065,2383286,282195,274792,13240,288032,3438
2021-02-12,Sacramento,067,1510023,92045,90252,1167,91419,1295
2021-02-12,San Benito,069,59416,5641,5622,83,5705,56
2021-02-12,San Bernardino,071,2135413,283585,276890,8423,285313,2827
2021-02-12,San Diego,073,3302833,259004,250788,12467,263255,2979
2021-02-12,San Francisco,075,870044,33431,33179,1002,34181,359
2021-02-12,San Joaquin,077,732212,65493,63966,2656,66622,975
2021-02-12,San Luis Obispo,079,281455,19242,18687,530,19217,224
2021-02-12,San Mateo,081,765935,38720,37560,388,37948,254
2021-02-12,Santa Barbara,083,443738,31374,30454,1012,31466,372
2021-02-12,Santa Clara,085,1922200,107692,106759,540,107299,1543
2021-02-12,Santa Cruz,087,273765,15100,14147,763,14910,170
2021-02-12,Shasta,089,179085,10729,10693,1159,11852,142
2021-02-12,Sierra,091,2930,49,45,12,57,0
2021-02-12,Siskiyou,093,43540,1432,1324,217,1541,4
2021-02-12,Solano,095,438530,29324,28996,343,29339,147
2021-02-12,Sonoma,097,501317,27264,27064,167,27231,275
2021-02-12,Stanislaus,099,539301,49436,48418,5163,53581,697
2021-02-12,Sutter,101,95872,8657,8609,80,8689,93
2021-02-12,Tehama,103,63373,4527,4470,482,4952,27
2021-02-12,Trinity,105,12862,455,269,70,339,3
2021-02-12,Tulare,107,460477,47421,46016,7587,53603,710
2021-02-12,Tuolumne,109,53932,3735,3736,32,3768,49
2021-02-12,Ventura,111,848112,76148,75210,2703,77913,605
2021-02-12,Yolo,113,214977,12596,12340,204,12544,175
2021-02-12,Yuba,115,75493,5380,5274,82,5356,38
2021-02-11,Alameda,001,1643700,78833,77564,1673,79237,960
2021-02-11,Alpine,003,1148,77,76,0,76,0
2021-02-11,Amador,005,37829,3411,3368,29,3397,35
2021-02-11,Butte,007,227075,11104,10624,1564,12188,155
2021-02-11,Calaveras,009,45235,1867,1856,11,1867,21
2021-02-11,Colusa,011,21464,1849,1823,247,2070,10
2021-02-11,Contra Costa,013,1133247,61288,59633,1039,60672,605
2021-02-11,Del Norte,015,27424,942,894,4,898,2
2021-02-11,El Dorado,017,186661,8936,8698,595,9293,92
2021-02-11,Fresno,019,978130,94290,92168,7406,99574,1255
2021-02-11,Glenn,021,27897,2206,2166,479,2645,14
2021-02-11,Humboldt,023,135768,2991,2954,19,2973,29
2021-02-11,Imperial,025,180216,27041,26545,2449,28994,578
2021-02-11,Inyo,027,18085,1207,1144,10,1154,32
2021-02-11,Kern,029,883053,91637,89224,9354,98578,941
2021-02-11,Kings,031,150075,21888,21373,933,22306,202
2021-02-11,Lake,033,64148,3070,3002,1,3003,36
2021-02-11,Lassen,035,31185,5057,5004,89,5093,1
2021-02-11,Los Angeles,037,10098052,1157096,1128437,38253,1166690,18500
2021-02-11,Madera,039,155013,15271,14984,773,15757,106
2021-02-11,Marin,041,260295,12880,12682,152,12834,200
2021-02-11,Mariposa,043,17540,372,361,4,365,4
2021-02-11,Mendocino,045,87422,3565,3420,68,3488,38
2021-02-11,Merced,047,269075,27589,27325,849,28174,363
2021-02-11,Modoc,049,8938,335,317,112,429,3
2021-02-11,Mono,051,14174,1164,1173,16,1189,3
2021-02-11,Monterey,053,433212,41246,40469,1605,42074,295
2021-02-11,Napa,055,140530,8833,8777,33,8810,55
2021-02-11,Nevada,057,99092,3846,3720,151,3871,47
2021-02-11,Orange,059,3164182,243519,240590,9996,250586,3476
2021-02-11,Placer,061,380077,20095,19118,1065,20183,224
2021-02-11,Plumas,063,18699,634,592,10,602,4
2021-02-11,Riverside,065,2383286,281829,274313,13225,287538,3394
2021-02-11,Sacramento,067,1510023,91802,89988,1161,91149,1286
2021-02-11,San Benito,069,59416,5632,5609,83,5692,56
2021-02-11,San Bernardino,071,2135413,283285,276349,8409,284758,2774
2021-02-11,San Diego,073,3302833,258451,249971,12433,262404,2955
2021-02-11,San Francisco,075,870044,33347,33076,993,34069,356
2021-02-11,San Joaquin,077,732212,65324,63719,2646,66365,971
2021-02-11,San Luis Obispo,079,281455,19177,18615,526,19141,219
2021-02-11,San Mateo,081,765935,38629,37439,386,37825,253
2021-02-11,Santa Barbara,083,443738,31277,30375,1007,31382,370
2021-02-11,Santa Clara,085,1922200,107432,106392,534,106926,1507
2021-02-11,Santa Cruz,087,273765,15077,14088,758,14846,165
2021-02-11,Shasta,089,179085,10705,10672,1155,11827,140
2021-02-11,Sierra,091,2930,49,45,12,57,0
2021-02-11,Siskiyou,093,43540,1417,1320,217,1537,4
2021-02-11,Solano,095,438530,29271,28885,343,29228,138
2021-02-11,Sonoma,097,501317,27179,26971,164,27135,272
2021-02-11,Stanislaus,099,539301,49291,48205,5151,53356,697
2021-02-11,Sutter,101,95872,8643,8590,79,8669,93
2021-02-11,Tehama,103,63373,4521,4463,482,4945,26
2021-02-11,Trinity,105,12862,455,269,70,339,3
2021-02-11,Tulare,107,460477,47326,45897,7546,53443,706
2021-02-11,Tuolumne,109,53932,3698,3716,32,3748,48
2021-02-11,Ventura,111,848112,75946,74959,2694,77653,590
2021-02-11,Yolo,113,214977,12572,12303,202,12505,173
2021-02-11,Yuba,115,75493,5366,5261,81,5342,38
2021-02-10,Alameda,001,1643700,78630,77344,1672,79016,944
2021-02-10,Alpine,003,1148,77,76,0,76,0
2021-02-10,Amador,005,37829,3399,3348,29,3377,35
2021-02-10,Butte,007,227075,11076,10594,1563,12157,155
2021-02-10,Calaveras,009,45235,1865,1850,11,1861,21
2021-02-10,Colusa,011,21464,1842,1815,245,2060,10
2021-02-10,Contra Costa,013,1133247,61113,59488,1037,60525,590
2021-02-10,Del Norte,015,27424,936,888,4,892,2
2021-02-10,El Dorado,017,186661,8905,8682,591,9273,87
2021-02-10,Fresno,019,978130,94115,91876,7380,99256,1247
2021-02-10,Glenn,021,27897,2202,2160,477,2637,14
2021-02-10,Humboldt,023,135768,2983,2924,19,2943,29
2021-02-10,Imperial,025,180216,27003,26522,2446,28968,578
2021-02-10,Inyo,027,18085,1195,1138,10,1148,30
2021-02-10,Kern,029,883053,91431,88933,9300,98233,926
2021-02-10,Kings,031,150075,21845,21294,931,22225,197
2021-02-10,Lake,033,64148,3057,2975,1,2976,36
2021-02-10,Lassen,035,31185,5053,4993,89,5082,1
2021-02-10,Los Angeles,037,10098052,1155349,1125437,38124,1163561,18338
2021-02-10,Madera,039,155013,15232,14925,771,15696,105
2021-02-10,Marin,041,260295,12843,12651,152,12803,199
2021-02-10,Mariposa,043,17540,370,360,4,364,4
2021-02-10,Mendocino,045,87422,3550,3395,68,3463,38
2021-02-10,Merced,047,269075,27506,27246,838,28084,359
2021-02-10,Modoc,049,8938,334,315,110,425,3
2021-02-10,Mono,051,14174,1159,1170,16,1186,3
2021-02-10,Monterey,053,433212,41169,40366,1590,41956,288
2021-02-10,Napa,055,140530,8814,8769,33,8802,55
2021-02-10,Nevada,057,99092,3831,3693,149,3842,47
2021-02-10,Orange,059,3164182,243102,239974,9965,249939,3439
2021-02-10,Placer,061,380077,20056,19062,1060,20122,220
2021-02-10,Plumas,063,18699,631,589,10,599,2
2021-02-10,Riverside,065,2383286,281402,273721,13215,286936,3374
2021-02-10,Sacramento,067,1510023,91551,89653,1157,90810,1275
2021-02-10,San Benito,069,59416,5618,5591,83,5674,55
2021-02-10,San Bernardino,071,2135413,282928,275616,8393,284009,2696
2021-02-10,San Diego,073,3302833,257869,248858,12395,261253,2904
2021-02-10,San Francisco,075,870044,33264,32955,990,33945,351
2021-02-10,San Joaquin,077,732212,65182,63484,2632,66116,954
2021-02-10,San Luis Obispo,079,281455,19098,18549,524,19073,216
2021-02-10,San Mateo,081,765935,38539,37323,386,37709,245
2021-02-10,Santa Barbara,083,443738,31186,30216,1002,31218,359
2021-02-10,Santa Clara,085,1922200,107192,106048,531,106579,1489
2021-02-10,Santa Cruz,087,273765,15041,14007,756,14763,165
2021-02-10,Shasta,089,179085,10682,10645,1152,11797,142
2021-02-10,Sierra,091,2930,49,45,12,57,0
2021-02-10,Siskiyou,093,43540,1412,1314,216,1530,4
2021-02-10,Solano,095,438530,29196,28835,341,29176,137
2021-02-10,Sonoma,097,501317,27084,26881,162,27043,271
2021-02-10,Stanislaus,099,539301,49174,48016,5135,53151,696
2021-02-10,Sutter,101,95872,8626,8571,79,8650,93
2021-02-10,Tehama,103,63373,4513,4445,482,4927,23
2021-02-10,Trinity,105,12862,452,268,70,338,3
2021-02-10,Tulare,107,460477,47209,45782,7507,53289,696
2021-02-10,Tuolumne,109,53932,3690,3691,32,3723,48
2021-02-10,Ventura,111,848112,75718,74651,2677,77328,580
2021-02-10,Yolo,113,214977,12548,12276,201,12477,174
2021-02-10,Yuba,115,75493,5348,5241,81,5322,38
2021-02-09,Alameda,001,1643700,78366,77018,1668,78686,936
2021-02-09,Alpine,003,1148,77,76,0,76,0
2021-02-09,Amador,005,37829,3391,3347,29,3376,35
2021-02-09,Butte,007,227075,11050,10563,1560,12123,153
2021-02-09,Calaveras,009,45235,1861,1847,11,1858,21
2021-02-09,Colusa,011,21464,1833,1812,240,2052,10
2021-02-09,Contra Costa,013,1133247,60924,59307,1031,60338,583
2021-02-09,Del Norte,015,27424,930,886,4,890,2
2021-02-09,El Dorado,017,186661,8878,8663,590,9253,87
2021-02-09,Fresno,019,978130,93873,91730,7352,99082,1211
2021-02-09,Glenn,021,27897,2198,2156,477,2633,14
2021-02-09,Humboldt,023,135768,2975,2904,19,2923,29
2021-02-09,Imperial,025,180216,26972,26509,2443,28952,568
2021-02-09,Inyo,027,18085,1187,1137,10,1147,30
2021-02-09,Kern,029,883053,91179,88684,9254,97938,920
2021-02-09,Kings,031,150075,21803,21275,929,22204,196
2021-02-09,Lake,033,64148,3046,2955,1,2956,36
2021-02-09,Lassen,035,31185,5046,4983,89,5072,1
2021-02-09,Los Angeles,037,10098052,1153375,1122745,38040,1160785,18198
2021-02-09,Madera,039,155013,15212,14912,768,15680,105
2021-02-09,Marin,041,260295,12810,12623,151,12774,197
2021-02-09,Mariposa,043,17540,368,355,4,359,4
2021-02-09,Mendocino,045,87422,3532,3369,68,3437,38
2021-02-09,Merced,047,269075,27408,27166,833,27999,354
2021-02-09,Modoc,049,8938,333,316,110,426,3
2021-02-09,Mono,051,14174,1158,1167,16,1183,3
2021-02-09,Monterey,053,433212,41061,40279,1577,41856,285
2021-02-09,Napa,055,140530,8801,8749,33,8782,55
2021-02-09,Nevada,057,99092,3815,3687,149,3836,44
2021-02-09,Orange,059,3164182,242690,239169,9934,249103,3406
2021-02-09,Placer,061,380077,19991,19008,1053,20061,220
2021-02-09,Plumas,063,18699,631,584,10,594,2
2021-02-09,Riverside,065,2383286,280908,273465,13198,286663,3334
2021-02-09,Sacramento,067,1510023,91240,89378,1156,90534,1265
2021-02-09,San Benito,069,59416,5606,5566,82,5648,54
2021-02-09,San Bernardino,071,2135413,282553,274998,8380,283378,2613
2021-02-09,San Diego,073,3302833,257211,248048,12352,260400,2853
2021-02-09,San Francisco,075,870044,33185,32782,980,33762,349
2021-02-09,San Joaquin,077,732212,65008,63341,2627,65968,937
2021-02-09,San Luis Obispo,079,281455,19039,18489,523,19012,216
2021-02-09,San Mateo,081,765935,38408,37227,385,37612,235
2021-02-09,Santa Barbara,083,443738,31074,30118,996,31114,351
2021-02-09,Santa Clara,085,1922200,106886,105762,528,106290,1463
2021-02-09,Santa Cruz,087,273765,14991,13958,751,14709,162
2021-02-09,Shasta,089,179085,10654,10595,1150,11745,139
2021-02-09,Sierra,091,2930,49,44,12,56,0
2021-02-09,Siskiyou,093,43540,1404,1306,214,1520,4
2021-02-09,Solano,095,438530,29117,28769,338,29107,131
2021-02-09,Sonoma,097,501317,26994,26826,160,26986,267
2021-02-09,Stanislaus,099,539301,49014,47906,5119,53025,679
2021-02-09,Sutter,101,95872,8610,8541,79,8620,92
2021-02-09,Tehama,103,63373,4506,4416,481,4897,22
2021-02-09,Trinity,105,12862,452,266,70,336,3
2021-02-09,Tulare,107,460477,47075,45704,7453,53157,686
2021-02-09,Tuolumne,109,53932,3671,3673,32,3705,48
2021-02-09,Ventura,111,848112,75466,74333,2669,77002,567
2021-02-09,Yolo,113,214977,12506,12220,201,12421,174
2021-02-09,Yuba,115,75493,5339,5235,81,5316,35
2021-02-08,Alameda,001,1643700,78103,76735,1663,78398,924
2021-02-08,Alpine,003,1148,77,73,0,73,0
2021-02-08,Amador,005,37829,3384,3344,28,3372,33
2021-02-08,Butte,007,227075,11028,10524,1556,12080,152
2021-02-08,Calaveras,009,45235,1860,1840,11,1851,21
2021-02-08,Colusa,011,21464,1825,1802,236,2038,10
2021-02-08,Contra Costa,013,1133247,60713,59039,1029,60068,567
2021-02-08,Del Norte,015,27424,927,885,4,889,2
2021-02-08,El Dorado,017,186661,8847,8627,588,9215,86
2021-02-08,Fresno,019,978130,93660,91430,7326,98756,1207
2021-02-08,Glenn,021,27897,2194,2148,475,2623,14
2021-02-08,Humboldt,023,135768,2967,2902,19,2921,29
2021-02-08,Imperial,025,180216,26950,26526,2441,28967,567
2021-02-08,Inyo,027,18085,1174,1126,10,1136,30
2021-02-08,Kern,029,883053,90962,88380,9194,97574,920
2021-02-08,Kings,031,150075,21741,21232,926,22158,195
2021-02-08,Lake,033,64148,3027,2949,1,2950,36
2021-02-08,Lassen,035,31185,5033,4976,89,5065,1
2021-02-08,Los Angeles,037,10098052,1151279,1120179,37918,1158097,17977
2021-02-08,Madera,039,155013,15176,14887,761,15648,93
2021-02-08,Marin,041,260295,12780,12591,151,12742,194
2021-02-08,Mariposa,043,17540,368,355,4,359,4
2021-02-08,Mendocino,045,87422,3518,3355,68,3423,38
2021-02-08,Merced,047,269075,27324,27082,828,27910,346
2021-02-08,Modoc,049,8938,331,318,110,428,3
2021-02-08,Mono,051,14174,1158,1165,16,1181,3
2021-02-08,Monterey,053,433212,40941,40186,1558,41744,283
2021-02-08,Napa,055,140530,8786,8719,33,8752,55
2021-02-08,Nevada,057,99092,3803,3671,149,3820,44
2021-02-08,Orange,059,3164182,242223,238715,9911,248626,3361
2021-02-08,Placer,061,380077,19949,18944,1047,19991,211
2021-02-08,Plumas,063,18699,630,584,10,594,2
2021-02-08,Riverside,065,2383286,280339,272904,13172,286076,3301
2021-02-08,Sacramento,067,1510023,90954,89267,1153,90420,1247
2021-02-08,San Benito,069,59416,5601,5553,81,5634,52
2021-02-08,San Bernardino,071,2135413,282150,274661,8374,283035,2587
2021-02-08,San Diego,073,3302833,256468,247259,12311,259570,2821
2021-02-08,San Francisco,075,870044,33091,32679,972,33651,348
2021-02-08,San Joaquin,077,732212,64846,63148,2617,65765,929
2021-02-08,San Luis Obispo,079,281455,18982,18421,518,18939,214
2021-02-08,San Mateo,081,765935,38299,37084,385,37469,232
2021-02-08,Santa Barbara,083,443738,30959,29978,989,30967,340
2021-02-08,Santa Clara,085,1922200,106562,105413,520,105933,1456
2021-02-08,Santa Cruz,087,273765,14952,13921,745,14666,161
2021-02-08,Shasta,089,179085,10627,10574,1144,11718,137
2021-02-08,Sierra,091,2930,49,44,12,56,0
2021-02-08,Siskiyou,093,43540,1401,1303,214,1517,4
2021-02-08,Solano,095,438530,29051,28644,336,28980,130
2021-02-08,Sonoma,097,501317,26903,26760,159,26919,259
2021-02-08,Stanislaus,099,539301,48859,47704,5091,52795,679
2021-02-08,Sutter,101,95872,8591,8526,79,8605,92
2021-02-08,Tehama,103,63373,4495,4403,478,4881,22
2021-02-08,Trinity,105,12862,450,266,70,336,3
2021-02-08,Tulare,107,460477,46967,45617,7413,53030,673
2021-02-08,Tuolumne,109,53932,3663,3647,32,3679,48
2021-02-08,Ventura,111,848112,75209,74068,2663,76731,565
2021-02-08,Yolo,113,214977,12474,12169,200,12369,162
2021-02-08,Yuba,115,75493,5323,5215,81,5296,35
2021-02-07,Alameda,001,1643700,77801,76500,1655,78155,924
2021-02-07,Alpine,003,1148,74,72,0,72,0
2021-02-07,Amador,005,37829,3363,3343,28,3371,33
2021-02-07,Butte,007,227075,10995,10513,1548,12061,152
2021-02-07,Calaveras,009,45235,1856,1837,11,1848,21
2021-02-07,Colusa,011,21464,1814,1795,234,2029,10
2021-02-07,Contra Costa,013,1133247,60471,58836,1024,59860,566
2021-02-07,Del Norte,015,27424,923,881,4,885,2
2021-02-07,El Dorado,017,186661,8818,8596,586,9182,86
2021-02-07,Fresno,019,978130,93430,91184,7288,98472,1207
2021-02-07,Glenn,021,27897,2190,2141,470,2611,14
2021-02-07,Humboldt,023,135768,2946,2895,19,2914,28
2021-02-07,Imperial,025,180216,26923,26518,2436,28954,567
2021-02-07,Inyo,027,18085,1163,1124,10,1134,27
2021-02-07,Kern,029,883053,90715,88146,9136,97282,920
2021-02-07,Kings,031,150075,21680,21180,923,22103,192
2021-02-07,Lake,033,64148,3012,2940,1,2941,36
2021-02-07,Lassen,035,31185,5022,4973,89,5062,1
2021-02-07,Los Angeles,037,10098052,1148521,1117551,37789,1155340,17889
2021-02-07,Madera,039,155013,15142,14850,757,15607,93
2021-02-07,Marin,041,260295,12747,12571,149,12720,194
2021-02-07,Mariposa,043,17540,367,355,4,359,4
2021-02-07,Mendocino,045,87422,3501,3348,68,3416,38
2021-02-07,Merced,047,269075,27212,26977,816,27793,346
2021-02-07,Modoc,049,8938,331,317,106,423,3
2021-02-07,Mono,051,14174,1155,1165,16,1181,3
2021-02-07,Monterey,053,433212,40805,40113,1539,41652,283
2021-02-07,Napa,055,140530,8763,8701,33,8734,55
2021-02-07,Nevada,057,99092,3792,3643,149,3792,44
2021-02-07,Orange,059,3164182,241624,238155,9877,248032,3336
2021-02-07,Placer,061,380077,19902,18903,1034,19937,211
2021-02-07,Plumas,063,18699,630,584,10,594,2
2021-02-07,Riverside,065,2383286,279811,272301,13151,285452,3267
2021-02-07,Sacramento,067,1510023,90622,88919,1146,90065,1246
2021-02-07,San Benito,069,59416,5582,5548,80,5628,52
2021-02-07,San Bernardino,071,2135413,281555,274316,8349,282665,2587
2021-02-07,San Diego,073,3302833,255682,246561,12247,258808,2821
2021-02-07,San Francisco,075,870044,32971,32609,960,33569,348
2021-02-07,San Joaquin,077,732212,64571,63051,2602,65653,929
2021-02-07,San Luis Obispo,079,281455,18910,18349,511,18860,214
2021-02-07,San Mateo,081,765935,38165,36984,383,37367,232
2021-02-07,Santa Barbara,083,443738,30819,29815,978,30793,340
2021-02-07,Santa Clara,085,1922200,106223,105118,510,105628,1450
2021-02-07,Santa Cruz,087,273765,14898,13887,740,14627,161
2021-02-07,Shasta,089,179085,10607,10570,1136,11706,137
2021-02-07,Sierra,091,2930,49,43,12,55,0
2021-02-07,Siskiyou,093,43540,1394,1295,212,1507,4
2021-02-07,Solano,095,438530,28940,28567,335,28902,130
2021-02-07,Sonoma,097,501317,26796,26684,155,26839,257
2021-02-07,Stanislaus,099,539301,48669,47551,5059,52610,679
2021-02-07,Sutter,101,95872,8563,8515,79,8594,92
2021-02-07,Tehama,103,63373,4479,4396,477,4873,22
2021-02-07,Trinity,105,12862,447,264,68,332,3
2021-02-07,Tulare,107,460477,46845,45520,7335,52855,671
2021-02-07,Tuolumne,109,53932,3639,3619,31,3650,48
2021-02-07,Ventura,111,848112,74898,73759,2651,76410,561
2021-02-07,Yolo,113,214977,12429,12135,200,12335,162
2021-02-07,Yuba,115,75493,5308,5198,79,5277,35
2021-02-06,Alameda,001,1643700,77647,76170,1644,77814,922
2021-02-06,Alpine,003,1148,74,72,0,72,0
2021-02-06,Amador,005,37829,3357,3306,28,3334,33
2021-02-06,Butte,007,227075,10978,10480,1544,12024,150
2021-02-06,Calaveras,009,45235,1854,1832,11,1843,21
2021-02-06,Colusa,011,21464,1812,1791,233,2024,10
2021-02-06,Contra Costa,013,1133247,60324,58567,1018,59585,566
2021-02-06,Del Norte,015,27424,919,879,4,883,2
2021-02-06,El Dorado,017,186661,8811,8575,582,9157,86
2021-02-06,Fresno,019,978130,93317,90944,7267,98211,1207
2021-02-06,Glenn,021,27897,2188,2136,469,2605,14
2021-02-06,Humboldt,023,135768,2935,2880,19,2899,28
2021-02-06,Imperial,025,180216,26911,26514,2435,28949,567
2021-02-06,Inyo,027,18085,1160,1113,10,1123,27
2021-02-06,Kern,029,883053,90561,87919,9090,97009,912
2021-02-06,Kings,031,150075,21650,21156,923,22079,190
2021-02-06,Lake,033,64148,3007,2920,1,2921,34
2021-02-06,Lassen,035,31185,5018,4964,88,5052,1
2021-02-06,Los Angeles,037,10098052,1147166,1114718,37691,1152409,17793
2021-02-06,Madera,039,155013,15121,14807,755,15562,93
2021-02-06,Marin,041,260295,12727,12531,149,12680,194
2021-02-06,Mariposa,043,17540,366,355,3,358,4
2021-02-06,Mendocino,045,87422,3483,3316,67,3383,38
2021-02-06,Merced,047,269075,27126,26881,808,27689,346
2021-02-06,Modoc,049,8938,331,313,106,419,3
2021-02-06,Mono,051,14174,1154,1159,16,1175,3
2021-02-06,Monterey,053,433212,40747,39995,1531,41526,282
2021-02-06,Napa,055,140530,8750,8639,33,8672,55
2021-02-06,Nevada,057,99092,3780,3624,149,3773,43
2021-02-06,Orange,059,3164182,241261,237391,9843,247234,3293
2021-02-06,Placer,061,380077,19865,18836,1031,19867,211
2021-02-06,Plumas,063,18699,630,584,10,594,2
2021-02-06,Riverside,065,2383286,279442,271741,13132,284873,3243
2021-02-06,Sacramento,067,1510023,90405,88532,1136,89668,1237
2021-02-06,San Benito,069,59416,5564,5516,80,5596,52
2021-02-06,San Bernardino,071,2135413,281246,273718,8326,282044,2564
2021-02-06,San Diego,073,3302833,255186,245331,12212,257543,2812
2021-02-06,San Francisco,075,870044,32897,32437,950,33387,346
2021-02-06,San Joaquin,077,732212,64492,62840,2591,65431,906
2021-02-06,San Luis Obispo,079,281455,18868,18284,507,18791,214
2021-02-06,San Mateo,081,765935,38097,36824,380,37204,232
2021-02-06,Santa Barbara,083,443738,30743,29645,976,30621,337
2021-02-06,Santa Clara,085,1922200,106001,104639,505,105144,1439
2021-02-06,Santa Cruz,087,273765,14867,13845,736,14581,161
2021-02-06,Shasta,089,179085,10596,10561,1134,11695,137
2021-02-06,Sierra,091,2930,49,43,12,55,0
2021-02-06,Siskiyou,093,43540,1391,1289,211,1500,4
2021-02-06,Solano,095,438530,28904,28446,334,28780,129
2021-02-06,Sonoma,097,501317,26759,26564,153,26717,257
2021-02-06,Stanislaus,099,539301,48573,47325,5043,52368,679
2021-02-06,Sutter,101,95872,8555,8485,79,8564,92
2021-02-06,Tehama,103,63373,4470,4380,476,4856,22
2021-02-06,Trinity,105,12862,447,263,68,331,3
2021-02-06,Tulare,107,460477,46777,45349,7288,52637,664
2021-02-06,Tuolumne,109,53932,3632,3612,31,3643,48
2021-02-06,Ventura,111,848112,74718,73431,2645,76076,552
2021-02-06,Yolo,113,214977,12406,12061,200,12261,161
2021-02-06,Yuba,115,75493,5298,5177,78,5255,35
2021-02-05,Alameda,001,1643700,77419,75716,1642,77358,916
2021-02-05,Alpine,003,1148,74,72,0,72,0
2021-02-05,Amador,005,37829,3352,3299,27,3326,33
2021-02-05,Butte,007,227075,10959,10421,1537,11958,150
2021-02-05,Calaveras,009,45235,1850,1818,11,1829,21
2021-02-05,Colusa,011,21464,1808,1785,233,2018,10
2021-02-05,Contra Costa,013,1133247,60163,58195,1016,59211,560
2021-02-05,Del Norte,015,27424,918,874,4,878,2
2021-02-05,El Dorado,017,186661,8791,8527,580,9107,86
2021-02-05,Fresno,019,978130,93115,90513,7246,97759,1194
2021-02-05,Glenn,021,27897,2185,2122,463,2585,14
2021-02-05,Humboldt,023,135768,2925,2857,19,2876,28
2021-02-05,Imperial,025,180216,26892,26474,2434,28908,557
2021-02-05,Inyo,027,18085,1156,1104,10,1114,27
2021-02-05,Kern,029,883053,90392,87470,9023,96493,906
2021-02-05,Kings,031,150075,21612,21021,920,21941,190
2021-02-05,Lake,033,64148,2995,2906,1,2907,33
2021-02-05,Lassen,035,31185,5014,4936,88,5024,1
2021-02-05,Los Angeles,037,10098052,1145064,1110384,37560,1147944,17608
2021-02-05,Madera,039,155013,15087,14752,750,15502,95
2021-02-05,Marin,041,260295,12692,12479,149,12628,193
2021-02-05,Mariposa,043,17540,366,352,3,355,4
2021-02-05,Mendocino,045,87422,3469,3272,67,3339,38
2021-02-05,Merced,047,269075,27066,26760,807,27567,345
2021-02-05,Modoc,049,8938,331,312,106,418,3
2021-02-05,Mono,051,14174,1153,1157,16,1173,3
2021-02-05,Monterey,053,433212,40680,39840,1520,41360,281
2021-02-05,Napa,055,140530,8736,8598,33,8631,55
2021-02-05,Nevada,057,99092,3777,3607,149,3756,43
2021-02-05,Orange,059,3164182,240834,236335,9816,246151,3260
2021-02-05,Placer,061,380077,19829,18756,1029,19785,211
2021-02-05,Plumas,063,18699,628,578,10,588,2
2021-02-05,Riverside,065,2383286,279028,270666,13113,283779,3235
2021-02-05,Sacramento,067,1510023,90225,87992,1129,89121,1231
2021-02-05,San Benito,069,59416,5553,5502,80,5582,51
2021-02-05,San Bernardino,071,2135413,280902,272938,8308,281246,2495
2021-02-05,San Diego,073,3302833,254610,244066,12177,256243,2777
2021-02-05,San Francisco,075,870044,32807,32229,939,33168,337
2021-02-05,San Joaquin,077,732212,64342,62565,2583,65148,902
2021-02-05,San Luis Obispo,079,281455,18807,18152,503,18655,213
2021-02-05,San Mateo,081,765935,38014,36582,379,36961,227
2021-02-05,Santa Barbara,083,443738,30646,29455,963,30418,334
2021-02-05,Santa Clara,085,1922200,105753,104112,503,104615,1421
2021-02-05,Santa Cruz,087,273765,14846,13776,734,14510,161
2021-02-05,Shasta,089,179085,10580,10507,1127,11634,136
2021-02-05,Sierra,091,2930,49,42,12,54,0
2021-02-05,Siskiyou,093,43540,1384,1276,209,1485,4
2021-02-05,Solano,095,438530,28854,28283,334,28617,127
2021-02-05,Sonoma,097,501317,26690,26423,150,26573,252
2021-02-05,Stanislaus,099,539301,48428,47024,5025,52049,678
2021-02-05,Sutter,101,95872,8535,8443,79,8522,92
2021-02-05,Tehama,103,63373,4461,4355,475,4830,22
2021-02-05,Trinity,105,12862,446,260,68,328,3
2021-02-05,Tulare,107,460477,46701,45138,7238,52376,663
2021-02-05,Tuolumne,109,53932,3606,3595,31,3626,45
2021-02-05,Ventura,111,848112,74473,72953,2633,75586,546
2021-02-05,Yolo,113,214977,12387,12025,195,12220,162
2021-02-05,Yuba,115,75493,5281,5145,78,5223,35
2021-02-04,Alameda,001,1643700,77134,75422,1636,77058,899
2021-02-04,Alpine,003,1148,73,72,0,72,0
2021-02-04,Amador,005,37829,3349,3288,27,3315,33
2021-02-04,Butte,007,227075,10926,10386,1529,11915,147
2021-02-04,Calaveras,009,45235,1848,1808,11,1819,21
2021-02-04,Colusa,011,21464,1804,1777,231,2008,10
2021-02-04,Contra Costa,013,1133247,59975,57991,1012,59003,550
2021-02-04,Del Norte,015,27424,912,870,4,874,2
2021-02-04,El Dorado,017,186661,8765,8490,577,9067,86
2021-02-04,Fresno,019,978130,92900,90126,7219,97345,1114
2021-02-04,Glenn,021,27897,2180,2102,462,2564,14
2021-02-04,Humboldt,023,135768,2915,2827,19,2846,28
2021-02-04,Imperial,025,180216,26847,26411,2432,28843,556
2021-02-04,Inyo,027,18085,1144,1084,10,1094,27
2021-02-04,Kern,029,883053,90118,87156,8946,96102,898
2021-02-04,Kings,031,150075,21561,20918,913,21831,187
2021-02-04,Lake,033,64148,2983,2882,1,2883,34
2021-02-04,Lassen,035,31185,5011,4927,88,5015,1
2021-02-04,Los Angeles,037,10098052,1142265,1106323,37433,1143756,17396
2021-02-04,Madera,039,155013,15057,14706,747,15453,95
2021-02-04,Marin,041,260295,12656,12431,149,12580,192
2021-02-04,Mariposa,043,17540,366,348,3,351,4
2021-02-04,Mendocino,045,87422,3451,3240,65,3305,38
2021-02-04,Merced,047,269075,26972,26629,804,27433,345
2021-02-04,Modoc,049,8938,331,309,106,415,3
2021-02-04,Mono,051,14174,1151,1153,16,1169,3
2021-02-04,Monterey,053,433212,40569,39619,1503,41122,279
2021-02-04,Napa,055,140530,8707,8573,33,8606,55
2021-02-04,Nevada,057,99092,3757,3590,148,3738,37
2021-02-04,Orange,059,3164182,240191,235677,9774,245451,3238
2021-02-04,Placer,061,380077,19769,18711,1020,19731,210
2021-02-04,Plumas,063,18699,625,562,10,572,2
2021-02-04,Riverside,065,2383286,278264,269851,13074,282925,3230
2021-02-04,Sacramento,067,1510023,89924,87658,1119,88777,1222
2021-02-04,San Benito,069,59416,5539,5488,79,5567,51
2021-02-04,San Bernardino,071,2135413,280353,272223,8288,280511,2409
2021-02-04,San Diego,073,3302833,253822,242613,12111,254724,2738
2021-02-04,San Francisco,075,870044,32693,32116,930,33046,326
2021-02-04,San Joaquin,077,732212,64117,62374,2575,64949,883
2021-02-04,San Luis Obispo,079,281455,18740,18058,501,18559,211
2021-02-04,San Mateo,081,765935,37893,36437,376,36813,226
2021-02-04,Santa Barbara,083,443738,30511,29344,946,30290,322
2021-02-04,Santa Clara,085,1922200,105410,103781,500,104281,1404
2021-02-04,Santa Cruz,087,273765,14813,13713,726,14439,156
2021-02-04,Shasta,089,179085,10554,10466,1122,11588,131
2021-02-04,Sierra,091,2930,49,42,12,54,0
2021-02-04,Siskiyou,093,43540,1375,1273,209,1482,4
2021-02-04,Solano,095,438530,28751,28192,332,28524,120
2021-02-04,Sonoma,097,501317,26608,26276,146,26422,249
2021-02-04,Stanislaus,099,539301,48266,46822,5006,51828,678
2021-02-04,Sutter,101,95872,8515,8401,79,8480,92
2021-02-04,Tehama,103,63373,4444,4327,474,4801,21
2021-02-04,Trinity,105,12862,445,260,67,327,3
2021-02-04,Tulare,107,460477,46573,44983,7176,52159,656
2021-02-04,Tuolumne,109,53932,3566,3585,31,3616,45
2021-02-04,Ventura,111,848112,74141,72595,2620,75215,537
2021-02-04,Yolo,113,214977,12353,11982,194,12176,161
2021-02-04,Yuba,115,75493,5255,5135,78,5213,34
2021-02-03,Alameda,001,1643700,76809,74968,1632,76600,880
2021-02-03,Alpine,003,1148,73,72,0,72,0
2021-02-03,Amador,005,37829,3345,3281,27,3308,33
2021-02-03,Butte,007,227075,10895,10355,1522,11877,144
2021-02-03,Calaveras,009,45235,1833,1799,11,1810,21
2021-02-03,Colusa,011,21464,1799,1773,230,2003,10
2021-02-03,Contra Costa,013,1133247,59735,57762,1000,58762,537
2021-02-03,Del Norte,015,27424,907,869,4,873,2
2021-02-03,El Dorado,017,186661,8744,8428,576,9004,86
2021-02-03,Fresno,019,978130,92679,89748,7180,96928,1015
2021-02-03,Glenn,021,27897,2170,2098,461,2559,14
2021-02-03,Humboldt,023,135768,2905,2800,19,2819,27
2021-02-03,Imperial,025,180216,26811,26363,2426,28789,547
2021-02-03,Inyo,027,18085,1134,1071,10,1081,27
2021-02-03,Kern,029,883053,89875,86771,8905,95676,877
2021-02-03,Kings,031,150075,21500,20831,911,21742,172
2021-02-03,Lake,033,64148,2965,2869,1,2870,33
2021-02-03,Lassen,035,31185,4999,4910,88,4998,1
2021-02-03,Los Angeles,037,10098052,1139183,1101890,37309,1139199,17163
2021-02-03,Madera,039,155013,15018,14605,745,15350,94
2021-02-03,Marin,041,260295,12621,12406,149,12555,190
2021-02-03,Mariposa,043,17540,365,347,3,350,4
2021-02-03,Mendocino,045,87422,3425,3236,64,3300,38
2021-02-03,Merced,047,269075,26857,26520,799,27319,343
2021-02-03,Modoc,049,8938,330,308,106,414,3
2021-02-03,Mono,051,14174,1144,1146,16,1162,3
2021-02-03,Monterey,053,433212,40442,39500,1486,40986,279
2021-02-03,Napa,055,140530,8672,8534,33,8567,54
2021-02-03,Nevada,057,99092,3743,3572,148,3720,35
2021-02-03,Orange,059,3164182,239447,234738,9742,244480,3189
2021-02-03,Placer,061,380077,19714,18646,1018,19664,210
2021-02-03,Plumas,063,18699,625,559,10,569,2
2021-02-03,Riverside,065,2383286,277523,269019,13043,282062,3195
2021-02-03,Sacramento,067,1510023,89601,87415,1115,88530,1212
2021-02-03,San Benito,069,59416,5521,5463,76,5539,51
2021-02-03,San Bernardino,071,2135413,279866,271477,8265,279742,2308
2021-02-03,San Diego,073,3302833,252920,241015,12065,253080,2683
2021-02-03,San Francisco,075,870044,32563,31983,925,32908,325
2021-02-03,San Joaquin,077,732212,63889,61976,2565,64541,880
2021-02-03,San Luis Obispo,079,281455,18662,17922,498,18420,206
2021-02-03,San Mateo,081,765935,37755,36227,372,36599,225
2021-02-03,Santa Barbara,083,443738,30362,29121,936,30057,315
2021-02-03,Santa Clara,085,1922200,105094,103278,498,103776,1364
2021-02-03,Santa Cruz,087,273765,14758,13611,720,14331,154
2021-02-03,Shasta,089,179085,10511,10422,1117,11539,130
2021-02-03,Sierra,091,2930,49,42,12,54,0
2021-02-03,Siskiyou,093,43540,1364,1268,208,1476,4
2021-02-03,Solano,095,438530,28629,28057,332,28389,119
2021-02-03,Sonoma,097,501317,26524,26155,145,26300,248
2021-02-03,Stanislaus,099,539301,48090,46598,4987,51585,662
2021-02-03,Sutter,101,95872,8490,8379,79,8458,90
2021-02-03,Tehama,103,63373,4426,4309,471,4780,21
2021-02-03,Trinity,105,12862,445,260,66,326,3
2021-02-03,Tulare,107,460477,46401,44838,7120,51958,640
2021-02-03,Tuolumne,109,53932,3555,3568,31,3599,45
2021-02-03,Ventura,111,848112,73804,72124,2610,74734,526
2021-02-03,Yolo,113,214977,12328,11933,193,12126,161
2021-02-03,Yuba,115,75493,5237,5124,78,5202,34
2021-02-02,Alameda,001,1643700,76464,74642,1620,76262,869
2021-02-02,Alpine,003,1148,73,72,0,72,0
2021-02-02,Amador,005,37829,3314,3275,27,3302,33
2021-02-02,Butte,007,227075,10869,10307,1513,11820,141
2021-02-02,Calaveras,009,45235,1824,1786,11,1797,21
2021-02-02,Colusa,011,21464,1791,1769,225,1994,9
2021-02-02,Contra Costa,013,1133247,59456,57551,996,58547,536
2021-02-02,Del Norte,015,27424,901,868,4,872,2
2021-02-02,El Dorado,017,186661,8704,8405,576,8981,84
2021-02-02,Fresno,019,978130,92378,89542,7144,96686,1009
2021-02-02,Glenn,021,27897,2158,2090,458,2548,14
2021-02-02,Humboldt,023,135768,2893,2784,19,2803,25
2021-02-02,Imperial,025,180216,26758,26317,2420,28737,535
2021-02-02,Inyo,027,18085,1131,1074,10,1084,27
2021-02-02,Kern,029,883053,89572,86485,8829,95314,867
2021-02-02,Kings,031,150075,21422,20785,903,21688,172
2021-02-02,Lake,033,64148,2945,2857,1,2858,33
2021-02-02,Lassen,035,31185,4992,4908,88,4996,1
2021-02-02,Los Angeles,037,10098052,1135799,1097573,37146,1134719,16913
2021-02-02,Madera,039,155013,14967,14595,740,15335,94
2021-02-02,Marin,041,260295,12592,12367,149,12516,189
2021-02-02,Mariposa,043,17540,362,345,3,348,4
2021-02-02,Mendocino,045,87422,3392,3210,64,3274,38
2021-02-02,Merced,047,269075,26760,26427,792,27219,340
2021-02-02,Modoc,049,8938,325,306,106,412,3
2021-02-02,Mono,051,14174,1142,1147,16,1163,3
2021-02-02,Monterey,053,433212,40307,39371,1472,40843,278
2021-02-02,Napa,055,140530,8643,8505,33,8538,53
2021-02-02,Nevada,057,99092,3728,3548,148,3696,20
2021-02-02,Orange,059,3164182,238645,233783,9707,243490,3152
2021-02-02,Placer,061,380077,19656,18615,1014,19629,205
2021-02-02,Plumas,063,18699,625,560,10,570,2
2021-02-02,Riverside,065,2383286,276664,267901,13009,280910,3169
2021-02-02,Sacramento,067,1510023,89311,87107,1104,88211,1202
2021-02-02,San Benito,069,59416,5507,5444,75,5519,50
2021-02-02,San Bernardino,071,2135413,279187,270486,8235,278721,2244
2021-02-02,San Diego,073,3302833,251881,240047,11978,252025,2629
2021-02-02,San Francisco,075,870044,32409,31788,915,32703,324
2021-02-02,San Joaquin,077,732212,63668,61708,2551,64259,878
2021-02-02,San Luis Obispo,079,281455,18568,17811,496,18307,201
2021-02-02,San Mateo,081,765935,37591,36004,366,36370,225
2021-02-02,Santa Barbara,083,443738,30191,28951,929,29880,304
2021-02-02,Santa Clara,085,1922200,104628,102872,493,103365,1349
2021-02-02,Santa Cruz,087,273765,14699,13572,716,14288,150
2021-02-02,Shasta,089,179085,10485,10371,1107,11478,128
2021-02-02,Sierra,091,2930,49,42,12,54,0
2021-02-02,Siskiyou,093,43540,1357,1252,205,1457,4
2021-02-02,Solano,095,438530,28533,27963,328,28291,118
2021-02-02,Sonoma,097,501317,26408,26054,145,26199,247
2021-02-02,Stanislaus,099,539301,47870,46306,4955,51261,641
2021-02-02,Sutter,101,95872,8467,8340,79,8419,89
2021-02-02,Tehama,103,63373,4412,4289,470,4759,21
2021-02-02,Trinity,105,12862,445,260,66,326,3
2021-02-02,Tulare,107,460477,46245,44720,7054,51774,625
2021-02-02,Tuolumne,109,53932,3543,3548,31,3579,39
2021-02-02,Ventura,111,848112,73386,71557,2600,74157,514
2021-02-02,Yolo,113,214977,12283,11886,186,12072,158
2021-02-02,Yuba,115,75493,5219,5111,77,5188,34
2021-02-01,Alameda,001,1643700,76108,74374,1615,75989,858
2021-02-01,Alpine,003,1148,73,72,0,72,0
2021-02-01,Amador,005,37829,3303,3234,27,3261,32
2021-02-01,Butte,007,227075,10825,10263,1509,11772,141
2021-02-01,Calaveras,009,45235,1817,1785,11,1796,21
2021-02-01,Colusa,011,21464,1786,1763,216,1979,9
2021-02-01,Contra Costa,013,1133247,59213,57324,995,58319,531
2021-02-01,Del Norte,015,27424,897,865,4,869,2
2021-02-01,El Dorado,017,186661,8665,8337,576,8913,83
2021-02-01,Fresno,019,978130,92046,89272,7109,96381,994
2021-02-01,Glenn,021,27897,2142,2086,450,2536,14
2021-02-01,Humboldt,023,135768,2872,2773,18,2791,25
2021-02-01,Imperial,025,180216,26714,26224,2418,28642,530
2021-02-01,Inyo,027,18085,1121,1072,10,1082,27
2021-02-01,Kern,029,883053,89175,86170,8760,94930,862
2021-02-01,Kings,031,150075,21331,20746,895,21641,172
2021-02-01,Lake,033,64148,2929,2843,1,2844,33
2021-02-01,Lassen,035,31185,4972,4907,88,4995,1
2021-02-01,Los Angeles,037,10098052,1131974,1094341,36978,1131319,16695
2021-02-01,Madera,039,155013,14932,14572,737,15309,94
2021-02-01,Marin,041,260295,12553,12341,148,12489,188
2021-02-01,Mariposa,043,17540,360,344,3,347,4
2021-02-01,Mendocino,045,87422,3359,3192,64,3256,37
2021-02-01,Merced,047,269075,26636,26282,783,27065,337
2021-02-01,Modoc,049,8938,319,303,102,405,1
2021-02-01,Mono,051,14174,1139,1145,16,1161,3
2021-02-01,Monterey,053,433212,40123,39196,1450,40646,278
2021-02-01,Napa,055,140530,8611,8449,33,8482,52
2021-02-01,Nevada,057,99092,3711,3535,147,3682,20
2021-02-01,Orange,059,3164182,237732,233155,9661,242816,3100
2021-02-01,Placer,061,380077,19590,18574,1007,19581,204
2021-02-01,Plumas,063,18699,623,554,10,564,2
2021-02-01,Riverside,065,2383286,275726,267025,12972,279997,3092
2021-02-01,Sacramento,067,1510023,88910,86856,1093,87949,1193
2021-02-01,San Benito,069,59416,5489,5432,75,5507,48
2021-02-01,San Bernardino,071,2135413,278491,270012,8195,278207,2172
2021-02-01,San Diego,073,3302833,250657,239121,11902,251023,2619
2021-02-01,San Francisco,075,870044,32274,31703,903,32606,324
2021-02-01,San Joaquin,077,732212,63462,61542,2540,64082,877
2021-02-01,San Luis Obispo,079,281455,18448,17690,489,18179,199
2021-02-01,San Mateo,081,765935,37442,35843,366,36209,220
2021-02-01,Santa Barbara,083,443738,30022,28837,921,29758,297
2021-02-01,Santa Clara,085,1922200,104211,102462,492,102954,1343
2021-02-01,Santa Cruz,087,273765,14646,13524,714,14238,149
2021-02-01,Shasta,089,179085,10460,10329,1101,11430,112
2021-02-01,Sierra,091,2930,49,42,12,54,0
2021-02-01,Siskiyou,093,43540,1350,1238,202,1440,4
2021-02-01,Solano,095,438530,28428,27844,327,28171,117
2021-02-01,Sonoma,097,501317,26320,26011,144,26155,243
2021-02-01,Stanislaus,099,539301,47613,46112,4927,51039,642
2021-02-01,Sutter,101,95872,8428,8313,79,8392,89
2021-02-01,Tehama,103,63373,4386,4263,470,4733,21
2021-02-01,Trinity,105,12862,443,260,66,326,3
2021-02-01,Tulare,107,460477,46100,44569,6973,51542,618
2021-02-01,Tuolumne,109,53932,3535,3534,31,3565,39
2021-02-01,Ventura,111,848112,72981,71104,2583,73687,502
2021-02-01,Yolo,113,214977,12235,11824,178,12002,151
2021-02-01,Yuba,115,75493,5205,5084,76,5160,33
2021-01-31,Alameda,001,1643700,75680,73979,1607,75586,857
2021-01-31,Alpine,003,1148,73,72,0,72,0
2021-01-31,Amador,005,37829,3293,3212,25,3237,32
2021-01-31,Butte,007,227075,10780,10215,1499,11714,140
2021-01-31,Calaveras,009,45235,1797,1778,11,1789,21
2021-01-31,Colusa,011,21464,1780,1754,211,1965,9
2021-01-31,Contra Costa,013,1133247,58881,57079,995,58074,531
2021-01-31,Del Norte,015,27424,895,865,4,869,2
2021-01-31,El Dorado,017,186661,8629,8317,574,8891,83
2021-01-31,Fresno,019,978130,91734,88852,7055,95907,994
2021-01-31,Glenn,021,27897,2131,2083,449,2532,14
2021-01-31,Humboldt,023,135768,2856,2767,18,2785,25
2021-01-31,Imperial,025,180216,26642,26206,2409,28615,530
2021-01-31,Inyo,027,18085,1108,1072,10,1082,27
2021-01-31,Kern,029,883053,88679,85872,8674,94546,861
2021-01-31,Kings,031,150075,21246,20709,883,21592,172
2021-01-31,Lake,033,64148,2908,2826,1,2827,33
2021-01-31,Lassen,035,31185,4956,4900,88,4988,1
2021-01-31,Los Angeles,037,10098052,1127348,1090304,36774,1127078,16609
2021-01-31,Madera,039,155013,14878,14496,729,15225,94
2021-01-31,Marin,041,260295,12506,12297,144,12441,185
2021-01-31,Mariposa,043,17540,358,344,3,347,4
2021-01-31,Mendocino,045,87422,3336,3181,63,3244,37
2021-01-31,Merced,047,269075,26492,26222,778,27000,337
2021-01-31,Modoc,049,8938,316,304,100,404,1
2021-01-31,Mono,051,14174,1136,1146,16,1162,3
2021-01-31,Monterey,053,433212,39944,39035,1423,40458,278
2021-01-31,Napa,055,140530,8569,8404,33,8437,52
2021-01-31,Nevada,057,99092,3689,3518,145,3663,20
2021-01-31,Orange,059,3164182,236715,232347,9619,241966,3053
2021-01-31,Placer,061,380077,19513,18506,996,19502,204
2021-01-31,Plumas,063,18699,622,554,10,564,2
2021-01-31,Riverside,065,2383286,274709,266145,12925,279070,3074
2021-01-31,Sacramento,067,1510023,88467,86560,1079,87639,1186
2021-01-31,San Benito,069,59416,5467,5425,73,5498,48
2021-01-31,San Bernardino,071,2135413,277463,269533,8164,277697,2156
2021-01-31,San Diego,073,3302833,249344,238039,11788,249827,2619
2021-01-31,San Francisco,075,870044,32083,31563,892,32455,323
2021-01-31,San Joaquin,077,732212,63061,61379,2531,63910,877
2021-01-31,San Luis Obispo,079,281455,18314,17615,484,18099,199
2021-01-31,San Mateo,081,765935,37252,35659,363,36022,219
2021-01-31,Santa Barbara,083,443738,29778,28570,912,29482,297
2021-01-31,Santa Clara,085,1922200,103661,101986,483,102469,1330
2021-01-31,Santa Cruz,087,273765,14551,13469,700,14169,149
2021-01-31,Shasta,089,179085,10415,10313,1092,11405,112
2021-01-31,Sierra,091,2930,48,43,12,55,0
2021-01-31,Siskiyou,093,43540,1340,1238,202,1440,4
2021-01-31,Solano,095,438530,28298,27678,326,28004,118
2021-01-31,Sonoma,097,501317,26217,25925,143,26068,243
2021-01-31,Stanislaus,099,539301,47329,45971,4895,50866,642
2021-01-31,Sutter,101,95872,8383,8289,79,8368,89
2021-01-31,Tehama,103,63373,4364,4256,469,4725,21
2021-01-31,Trinity,105,12862,441,260,66,326,3
2021-01-31,Tulare,107,460477,45932,44440,6892,51332,618
2021-01-31,Tuolumne,109,53932,3497,3519,31,3550,39
2021-01-31,Ventura,111,848112,72386,70635,2570,73205,502
2021-01-31,Yolo,113,214977,12174,11771,172,11943,151
2021-01-31,Yuba,115,75493,5185,5071,76,5147,33
2021-01-30,Alameda,001,1643700,75475,73622,1602,75224,850
2021-01-30,Alpine,003,1148,73,72,0,72,0
2021-01-30,Amador,005,37829,3289,3181,25,3206,32
2021-01-30,Butte,007,227075,10746,10177,1490,11667,139
2021-01-30,Calaveras,009,45235,1784,1763,11,1774,21
2021-01-30,Colusa,011,21464,1778,1748,211,1959,9
2021-01-30,Contra Costa,013,1133247,58698,56763,991,57754,531
2021-01-30,Del Norte,015,27424,894,865,4,869,2
2021-01-30,El Dorado,017,186661,8609,8299,573,8872,83
2021-01-30,Fresno,019,978130,91554,88476,7035,95511,964
2021-01-30,Glenn,021,27897,2128,2074,447,2521,14
2021-01-30,Humboldt,023,135768,2845,2742,18,2760,24
2021-01-30,Imperial,025,180216,26618,26160,2407,28567,530
2021-01-30,Inyo,027,18085,1104,1068,10,1078,27
2021-01-30,Kern,029,883053,88478,85572,8608,94180,848
2021-01-30,Kings,031,150075,21175,20605,878,21483,169
2021-01-30,Lake,033,64148,2902,2809,1,2810,33
2021-01-30,Lassen,035,31185,4952,4890,88,4978,1
2021-01-30,Los Angeles,037,10098052,1124949,1084763,36632,1121395,16484
2021-01-30,Madera,039,155013,14836,14443,724,15167,94
2021-01-30,Marin,041,260295,12478,12225,143,12368,185
2021-01-30,Mariposa,043,17540,356,344,3,347,4
2021-01-30,Mendocino,045,87422,3322,3153,62,3215,36
2021-01-30,Merced,047,269075,26418,26078,776,26854,335
2021-01-30,Modoc,049,8938,316,303,100,403,1
2021-01-30,Mono,051,14174,1136,1143,16,1159,3
2021-01-30,Monterey,053,433212,39884,38847,1420,40267,277
2021-01-30,Napa,055,140530,8553,8342,33,8375,52
2021-01-30,Nevada,057,99092,3670,3499,145,3644,20
2021-01-30,Orange,059,3164182,236170,231358,9582,240940,3013
2021-01-30,Placer,061,380077,19460,18430,990,19420,205
2021-01-30,Plumas,063,18699,620,554,10,564,2
2021-01-30,Riverside,065,2383286,274111,265137,12894,278031,3061
2021-01-30,Sacramento,067,1510023,88275,86388,1074,87462,1184
2021-01-30,San Benito,069,59416,5449,5401,72,5473,48
2021-01-30,San Bernardino,071,2135413,277039,268660,8145,276805,2122
2021-01-30,San Diego,073,3302833,248579,236765,11743,248508,2603
2021-01-30,San Francisco,075,870044,31982,31427,889,32316,316
2021-01-30,San Joaquin,077,732212,62929,61120,2522,63642,864
2021-01-30,San Luis Obispo,079,281455,18234,17522,482,18004,198
2021-01-30,San Mateo,081,765935,37113,35451,362,35813,219
2021-01-30,Santa Barbara,083,443738,29636,28342,910,29252,296
2021-01-30,Santa Clara,085,1922200,103314,101471,480,101951,1307
2021-01-30,Santa Cruz,087,273765,14511,13383,699,14082,149
2021-01-30,Shasta,089,179085,10396,10283,1089,11372,112
2021-01-30,Sierra,091,2930,48,43,12,55,0
2021-01-30,Siskiyou,093,43540,1337,1236,201,1437,4
2021-01-30,Solano,095,438530,28215,27511,324,27835,118
2021-01-30,Sonoma,097,501317,26169,25810,140,25950,243
2021-01-30,Stanislaus,099,539301,47199,45697,4868,50565,642
2021-01-30,Sutter,101,95872,8367,8226,79,8305,87
2021-01-30,Tehama,103,63373,4351,4229,468,4697,21
2021-01-30,Trinity,105,12862,441,259,66,325,3
2021-01-30,Tulare,107,460477,45796,44203,6855,51058,615
2021-01-30,Tuolumne,109,53932,3493,3508,31,3539,36
2021-01-30,Ventura,111,848112,72073,69931,2556,72487,493
2021-01-30,Yolo,113,214977,12160,11698,171,11869,151
2021-01-30,Yuba,115,75493,5175,5042,75,5117,33
2021-01-29,Alameda,001,1643700,75207,73210,1595,74805,841
2021-01-29,Alpine,003,1148,73,72,0,72,0
2021-01-29,Amador,005,37829,3277,3134,24,3158,32
2021-01-29,Butte,007,227075,10714,10122,1480,11602,138
2021-01-29,Calaveras,009,45235,1773,1757,11,1768,21
2021-01-29,Colusa,011,21464,1774,1734,210,1944,8
2021-01-29,Contra Costa,013,1133247,58527,56318,989,57307,529
2021-01-29,Del Norte,015,27424,893,865,4,869,2
2021-01-29,El Dorado,017,186661,8592,8231,572,8803,83
2021-01-29,Fresno,019,978130,91339,87936,6997,94933,962
2021-01-29,Glenn,021,27897,2123,2061,446,2507,14
2021-01-29,Humboldt,023,135768,2832,2707,18,2725,24
2021-01-29,Imperial,025,180216,26603,26045,2404,28449,521
2021-01-29,Inyo,027,18085,1092,1048,10,1058,27
2021-01-29,Kern,029,883053,88251,85044,8556,93600,836
2021-01-29,Kings,031,150075,21136,20466,873,21339,169
2021-01-29,Lake,033,64148,2893,2792,1,2793,32
2021-01-29,Lassen,035,31185,4949,4874,88,4962,1
2021-01-29,Los Angeles,037,10098052,1121459,1078329,36478,1114807,16190
2021-01-29,Madera,039,155013,14785,14377,724,15101,94
2021-01-29,Marin,041,260295,12433,12145,142,12287,185
2021-01-29,Mariposa,043,17540,355,342,3,345,4
2021-01-29,Mendocino,045,87422,3313,3131,61,3192,36
2021-01-29,Merced,047,269075,26344,25865,771,26636,334
2021-01-29,Modoc,049,8938,315,297,100,397,1
2021-01-29,Mono,051,14174,1134,1139,16,1155,3
2021-01-29,Monterey,053,433212,39769,38539,1412,39951,277
2021-01-29,Napa,055,140530,8522,8276,33,8309,52
2021-01-29,Nevada,057,99092,3661,3487,144,3631,20
2021-01-29,Orange,059,3164182,235492,229917,9544,239461,2967
2021-01-29,Placer,061,380077,19407,18367,986,19353,203
2021-01-29,Plumas,063,18699,619,548,10,558,2
2021-01-29,Riverside,065,2383286,273309,263504,12861,276365,3008
2021-01-29,Sacramento,067,1510023,88021,86320,1070,87390,1169
2021-01-29,San Benito,069,59416,5441,5386,72,5458,48
2021-01-29,San Bernardino,071,2135413,276527,267490,8105,275595,2095
2021-01-29,San Diego,073,3302833,247637,234637,11665,246302,2571
2021-01-29,San Francisco,075,870044,31842,31294,881,32175,307
2021-01-29,San Joaquin,077,732212,62784,60899,2508,63407,858
2021-01-29,San Luis Obispo,079,281455,18174,17440,477,17917,193
2021-01-29,San Mateo,081,765935,36979,35223,359,35582,218
2021-01-29,Santa Barbara,083,443738,29502,28105,904,29009,291
2021-01-29,Santa Clara,085,1922200,102951,101010,478,101488,1273
2021-01-29,Santa Cruz,087,273765,14458,13311,696,14007,148
2021-01-29,Shasta,089,179085,10379,10220,1085,11305,112
2021-01-29,Sierra,091,2930,48,43,12,55,0
2021-01-29,Siskiyou,093,43540,1336,1227,201,1428,4
2021-01-29,Solano,095,438530,28132,27352,322,27674,116
2021-01-29,Sonoma,097,501317,26113,25710,139,25849,243
2021-01-29,Stanislaus,099,539301,47056,45466,4846,50312,642
2021-01-29,Sutter,101,95872,8348,8181,79,8260,87
2021-01-29,Tehama,103,63373,4339,4191,466,4657,20
2021-01-29,Trinity,105,12862,441,260,66,326,3
2021-01-29,Tulare,107,460477,45689,43925,6816,50741,606
2021-01-29,Tuolumne,109,53932,3483,3483,31,3514,36
2021-01-29,Ventura,111,848112,71649,69511,2542,72053,484
2021-01-29,Yolo,113,214977,12122,11612,170,11782,151
2021-01-29,Yuba,115,75493,5159,5018,75,5093,32
2021-01-28,Alameda,001,1643700,74783,72758,1587,74345,833
2021-01-28,Alpine,003,1148,73,72,0,72,0
2021-01-28,Amador,005,37829,3240,3124,24,3148,31
2021-01-28,Butte,007,227075,10673,10037,1469,11506,138
2021-01-28,Calaveras,009,45235,1760,1747,10,1757,21
2021-01-28,Colusa,011,21464,1767,1731,206,1937,8
2021-01-28,Contra Costa,013,1133247,58284,55999,979,56978,525
2021-01-28,Del Norte,015,27424,892,862,4,866,2
2021-01-28,El Dorado,017,186661,8578,8198,567,8765,79
2021-01-28,Fresno,019,978130,91051,87401,6948,94349,949
2021-01-28,Glenn,021,27897,2118,2043,439,2482,14
2021-01-28,Humboldt,023,135768,2815,2686,18,2704,24
2021-01-28,Imperial,025,180216,26559,25984,2397,28381,517
2021-01-28,Inyo,027,18085,1087,1039,10,1049,27
2021-01-28,Kern,029,883053,87922,84708,8472,93180,817
2021-01-28,Kings,031,150075,21076,20328,869,21197,167
2021-01-28,Lake,033,64148,2878,2772,1,2773,32
2021-01-28,Lassen,035,31185,4943,4865,88,4953,1
2021-01-28,Los Angeles,037,10098052,1117549,1072412,36290,1108702,15967
2021-01-28,Madera,039,155013,14729,14301,720,15021,94
2021-01-28,Marin,041,260295,12380,12079,141,12220,183
2021-01-28,Mariposa,043,17540,355,334,3,337,4
2021-01-28,Mendocino,045,87422,3296,3110,61,3171,36
2021-01-28,Merced,047,269075,26222,25620,759,26379,328
2021-01-28,Modoc,049,8938,314,297,100,397,0
2021-01-28,Mono,051,14174,1132,1131,16,1147,3
2021-01-28,Monterey,053,433212,39576,38312,1393,39705,274
2021-01-28,Napa,055,140530,8475,8233,33,8266,50
2021-01-28,Nevada,057,99092,3646,3452,143,3595,19
2021-01-28,Orange,059,3164182,234512,228636,9514,238150,2860
2021-01-28,Placer,061,380077,19346,18246,983,19229,198
2021-01-28,Plumas,063,18699,618,547,10,557,2
2021-01-28,Riverside,065,2383286,272529,262342,12813,275155,2981
2021-01-28,Sacramento,067,1510023,87659,85698,1059,86757,1149
2021-01-28,San Benito,069,59416,5423,5344,71,5415,47
2021-01-28,San Bernardino,071,2135413,275824,266456,8084,274540,2057
2021-01-28,San Diego,073,3302833,246484,232967,11576,244543,2534
2021-01-28,San Francisco,075,870044,31705,31193,865,32058,290
2021-01-28,San Joaquin,077,732212,62517,60627,2493,63120,854
2021-01-28,San Luis Obispo,079,281455,18074,17279,475,17754,189
2021-01-28,San Mateo,081,765935,36810,34931,343,35274,218
2021-01-28,Santa Barbara,083,443738,29278,27674,891,28565,284
2021-01-28,Santa Clara,085,1922200,102484,100470,476,100946,1219
2021-01-28,Santa Cruz,087,273765,14369,13188,690,13878,145
2021-01-28,Shasta,089,179085,10345,10176,1077,11253,110
2021-01-28,Sierra,091,2930,48,43,12,55,0
2021-01-28,Siskiyou,093,43540,1329,1218,199,1417,4
2021-01-28,Solano,095,438530,27972,27163,321,27484,114
2021-01-28,Sonoma,097,501317,26022,25564,139,25703,236
2021-01-28,Stanislaus,099,539301,46846,45162,4826,49988,640
2021-01-28,Sutter,101,95872,8301,8136,79,8215,85
2021-01-28,Tehama,103,63373,4316,4163,463,4626,20
2021-01-28,Trinity,105,12862,439,260,66,326,3
2021-01-28,Tulare,107,460477,45533,43742,6738,50480,595
2021-01-28,Tuolumne,109,53932,3469,3472,31,3503,32
2021-01-28,Ventura,111,848112,71136,68896,2525,71421,475
2021-01-28,Yolo,113,214977,12079,11500,165,11665,151
2021-01-28,Yuba,115,75493,5143,4994,74,5068,32
2021-01-27,Alameda,001,1643700,74364,72188,1579,73767,815
2021-01-27,Alpine,003,1148,73,72,0,72,0
2021-01-27,Amador,005,37829,3224,3116,24,3140,31
2021-01-27,Butte,007,227075,10634,9988,1456,11444,138
2021-01-27,Calaveras,009,45235,1751,1737,10,1747,21
2021-01-27,Colusa,011,21464,1761,1724,204,1928,8
2021-01-27,Contra Costa,013,1133247,57985,55578,976,56554,507
2021-01-27,Del Norte,015,27424,891,859,4,863,2
2021-01-27,El Dorado,017,186661,8552,8141,566,8707,76
2021-01-27,Fresno,019,978130,90759,86886,6906,93792,938
2021-01-27,Glenn,021,27897,2114,2042,438,2480,14
2021-01-27,Humboldt,023,135768,2793,2630,18,2648,24
2021-01-27,Imperial,025,180216,26505,25861,2382,28243,504
2021-01-27,Inyo,027,18085,1083,1023,10,1033,27
2021-01-27,Kern,029,883053,87611,84244,8402,92646,809
2021-01-27,Kings,031,150075,20970,20211,861,21072,167
2021-01-27,Lake,033,64148,2858,2750,1,2751,32
2021-01-27,Lassen,035,31185,4937,4851,88,4939,1
2021-01-27,Los Angeles,037,10098052,1112739,1066569,36081,1102650,15757
2021-01-27,Madera,039,155013,14688,14194,715,14909,86
2021-01-27,Marin,041,260295,12343,12028,140,12168,180
2021-01-27,Mariposa,043,17540,355,333,3,336,4
2021-01-27,Mendocino,045,87422,3276,3095,61,3156,36
2021-01-27,Merced,047,269075,26063,25439,748,26187,315
2021-01-27,Modoc,049,8938,314,297,97,394,0
2021-01-27,Mono,051,14174,1130,1131,16,1147,3
2021-01-27,Monterey,053,433212,39368,38139,1374,39513,268
2021-01-27,Napa,055,140530,8402,8187,33,8220,46
2021-01-27,Nevada,057,99092,3624,3431,143,3574,18
2021-01-27,Orange,059,3164182,233394,227110,9460,236570,2832
2021-01-27,Placer,061,380077,19274,18106,972,19078,198
2021-01-27,Plumas,063,18699,618,544,10,554,2
2021-01-27,Riverside,065,2383286,271332,260796,12761,273557,2931
2021-01-27,Sacramento,067,1510023,87299,85428,1048,86476,1142
2021-01-27,San Benito,069,59416,5408,5284,71,5355,47
2021-01-27,San Bernardino,071,2135413,274973,265153,8053,273206,2019
2021-01-27,San Diego,073,3302833,245155,231478,11471,242949,2465
2021-01-27,San Francisco,075,870044,31561,31082,858,31940,287
2021-01-27,San Joaquin,077,732212,62247,60131,2472,62603,853
2021-01-27,San Luis Obispo,079,281455,17966,17119,471,17590,188
2021-01-27,San Mateo,081,765935,36655,34619,340,34959,216
2021-01-27,Santa Barbara,083,443738,29101,27435,885,28320,282
2021-01-27,Santa Clara,085,1922200,102080,99732,472,100204,1184
2021-01-27,Santa Cruz,087,273765,14299,13111,687,13798,143
2021-01-27,Shasta,089,179085,10311,10106,1071,11177,105
2021-01-27,Sierra,091,2930,48,44,12,56,0
2021-01-27,Siskiyou,093,43540,1324,1214,196,1410,4
2021-01-27,Solano,095,438530,27795,26982,314,27296,112
2021-01-27,Sonoma,097,501317,25923,25361,135,25496,237
2021-01-27,Stanislaus,099,539301,46663,44874,4800,49674,624
2021-01-27,Sutter,101,95872,8257,8093,78,8171,83
2021-01-27,Tehama,103,63373,4296,4133,459,4592,20
2021-01-27,Trinity,105,12862,439,260,66,326,3
2021-01-27,Tulare,107,460477,45346,43462,6667,50129,583
2021-01-27,Tuolumne,109,53932,3459,3464,31,3495,32
2021-01-27,Ventura,111,848112,70663,68291,2500,70791,468
2021-01-27,Yolo,113,214977,12031,11427,161,11588,151
2021-01-27,Yuba,115,75493,5127,4968,74,5042,32
2021-01-26,Alameda,001,1643700,73992,71851,1562,73413,789
2021-01-26,Alpine,003,1148,73,72,0,72,0
2021-01-26,Amador,005,37829,3213,3113,24,3137,31
2021-01-26,Butte,007,227075,10592,9943,1450,11393,136
2021-01-26,Calaveras,009,45235,1741,1723,10,1733,21
2021-01-26,Colusa,011,21464,1754,1719,201,1920,8
2021-01-26,Contra Costa,013,1133247,57706,55337,968,56305,491
2021-01-26,Del Norte,015,27424,890,856,4,860,2
2021-01-26,El Dorado,017,186661,8526,8115,563,8678,71
2021-01-26,Fresno,019,978130,90401,86673,6862,93535,923
2021-01-26,Glenn,021,27897,2104,2034,433,2467,13
2021-01-26,Humboldt,023,135768,2772,2612,17,2629,24
2021-01-26,Imperial,025,180216,26432,25812,2369,28181,498
2021-01-26,Inyo,027,18085,1076,1018,10,1028,27
2021-01-26,Kern,029,883053,87188,83868,8325,92193,790
2021-01-26,Kings,031,150075,20911,20156,856,21012,159
2021-01-26,Lake,033,64148,2849,2748,1,2749,32
2021-01-26,Lassen,035,31185,4931,4844,88,4932,1
2021-01-26,Los Angeles,037,10098052,1107456,1060492,35875,1096367,15458
2021-01-26,Madera,039,155013,14631,14130,709,14839,86
2021-01-26,Marin,041,260295,12298,11993,138,12131,179
2021-01-26,Mariposa,043,17540,353,332,3,335,3
2021-01-26,Mendocino,045,87422,3250,3076,60,3136,36
2021-01-26,Merced,047,269075,25923,25359,740,26099,309
2021-01-26,Modoc,049,8938,307,291,96,387,0
2021-01-26,Mono,051,14174,1128,1120,16,1136,3
2021-01-26,Monterey,053,433212,39174,37963,1354,39317,255
2021-01-26,Napa,055,140530,8345,8145,33,8178,43
2021-01-26,Nevada,057,99092,3617,3410,142,3552,18
2021-01-26,Orange,059,3164182,232270,225987,9415,235402,2760
2021-01-26,Placer,061,380077,19198,18016,970,18986,193
2021-01-26,Plumas,063,18699,616,536,10,546,2
2021-01-26,Riverside,065,2383286,269964,259399,12697,272096,2898
2021-01-26,Sacramento,067,1510023,86941,85062,1041,86103,1127
2021-01-26,San Benito,069,59416,5394,5251,70,5321,45
2021-01-26,San Bernardino,071,2135413,273971,263736,8009,271745,1970
2021-01-26,San Diego,073,3302833,243659,230063,11369,241432,2421
2021-01-26,San Francisco,075,870044,31429,30874,839,31713,286
2021-01-26,San Joaquin,077,732212,61993,59889,2456,62345,847
2021-01-26,San Luis Obispo,079,281455,17885,17016,468,17484,186
2021-01-26,San Mateo,081,765935,36461,34441,329,34770,213
2021-01-26,Santa Barbara,083,443738,28927,27321,873,28194,273
2021-01-26,Santa Clara,085,1922200,101601,99215,469,99684,1171
2021-01-26,Santa Cruz,087,273765,14233,13045,681,13726,134
2021-01-26,Shasta,089,179085,10276,10036,1063,11099,103
2021-01-26,Sierra,091,2930,48,43,12,55,0
2021-01-26,Siskiyou,093,43540,1309,1208,194,1402,4
2021-01-26,Solano,095,438530,27639,26858,308,27166,110
2021-01-26,Sonoma,097,501317,25804,25273,133,25406,236
2021-01-26,Stanislaus,099,539301,46481,44703,4758,49461,599
2021-01-26,Sutter,101,95872,8214,8067,78,8145,83
2021-01-26,Tehama,103,63373,4263,4115,459,4574,20
2021-01-26,Trinity,105,12862,439,260,66,326,3
2021-01-26,Tulare,107,460477,45143,43394,6597,49991,579
2021-01-26,Tuolumne,109,53932,3449,3451,31,3482,30
2021-01-26,Ventura,111,848112,70130,67526,2474,70000,448
2021-01-26,Yolo,113,214977,11986,11361,158,11519,148
2021-01-26,Yuba,115,75493,5102,4944,72,5016,31
2021-01-25,Alameda,001,1643700,73563,71255,1552,72807,780
2021-01-25,Alpine,003,1148,73,72,0,72,0
2021-01-25,Amador,005,37829,3173,3074,24,3098,30
2021-01-25,Butte,007,227075,10525,9865,1442,11307,133
2021-01-25,Calaveras,009,45235,1726,1713,10,1723,21
2021-01-25,Colusa,011,21464,1742,1709,197,1906,8
2021-01-25,Contra Costa,013,1133247,57350,54989,961,55950,488
2021-01-25,Del Norte,015,27424,889,855,4,859,2
2021-01-25,El Dorado,017,186661,8501,8060,563,8623,66
2021-01-25,Fresno,019,978130,90030,86336,6830,93166,913
2021-01-25,Glenn,021,27897,2095,2028,433,2461,13
2021-01-25,Humboldt,023,135768,2738,2587,17,2604,24
2021-01-25,Imperial,025,180216,26383,25745,2361,28106,491
2021-01-25,Inyo,027,18085,1070,1015,10,1025,27
2021-01-25,Kern,029,883053,86801,83401,8239,91640,787
2021-01-25,Kings,031,150075,20791,20067,852,20919,159
2021-01-25,Lake,033,64148,2830,2729,1,2730,32
2021-01-25,Lassen,035,31185,4904,4835,88,4923,1
2021-01-25,Los Angeles,037,10098052,1101499,1055181,35646,1090827,15163
2021-01-25,Madera,039,155013,14577,14068,704,14772,86
2021-01-25,Marin,041,260295,12246,11923,134,12057,177
2021-01-25,Mariposa,043,17540,350,331,3,334,3
2021-01-25,Mendocino,045,87422,3239,3054,60,3114,35
2021-01-25,Merced,047,269075,25784,25181,731,25912,305
2021-01-25,Modoc,049,8938,306,288,92,380,0
2021-01-25,Mono,051,14174,1125,1114,15,1129,3
2021-01-25,Monterey,053,433212,38921,37726,1335,39061,255
2021-01-25,Napa,055,140530,8311,8057,32,8089,43
2021-01-25,Nevada,057,99092,3603,3365,142,3507,18
2021-01-25,Orange,059,3164182,231061,225105,9369,234474,2696
2021-01-25,Placer,061,380077,19111,17936,955,18891,193
2021-01-25,Plumas,063,18699,613,533,10,543,2
2021-01-25,Riverside,065,2383286,268225,258082,12641,270723,2789
2021-01-25,Sacramento,067,1510023,86500,84653,1033,85686,1118
2021-01-25,San Benito,069,59416,5358,5238,69,5307,43
2021-01-25,San Bernardino,071,2135413,273025,263174,7973,271147,1947
2021-01-25,San Diego,073,3302833,242046,228630,11297,239927,2375
2021-01-25,San Francisco,075,870044,31279,30734,816,31550,288
2021-01-25,San Joaquin,077,732212,61699,59291,2431,61722,838
2021-01-25,San Luis Obispo,079,281455,17751,16868,463,17331,179
2021-01-25,San Mateo,081,765935,36227,34187,323,34510,213
2021-01-25,Santa Barbara,083,443738,28692,27065,863,27928,269
2021-01-25,Santa Clara,085,1922200,101032,98647,461,99108,1143
2021-01-25,Santa Cruz,087,273765,14146,12973,676,13649,133
2021-01-25,Shasta,089,179085,10235,9991,1052,11043,103
2021-01-25,Sierra,091,2930,48,42,12,54,0
2021-01-25,Siskiyou,093,43540,1301,1205,191,1396,4
2021-01-25,Solano,095,438530,27471,26648,307,26955,109
2021-01-25,Sonoma,097,501317,25697,25160,131,25291,233
2021-01-25,Stanislaus,099,539301,46235,44293,4715,49008,599
2021-01-25,Sutter,101,95872,8171,8023,78,8101,83
2021-01-25,Tehama,103,63373,4236,4082,455,4537,20
2021-01-25,Trinity,105,12862,439,262,66,328,3
2021-01-25,Tulare,107,460477,44927,43124,6492,49616,578
2021-01-25,Tuolumne,109,53932,3440,3422,31,3453,29
2021-01-25,Ventura,111,848112,69496,66910,2457,69367,439
2021-01-25,Yolo,113,214977,11900,11276,157,11433,140
2021-01-25,Yuba,115,75493,5080,4900,70,4970,31
2021-01-24,Alameda,001,1643700,73058,70823,1541,72364,780
2021-01-24,Alpine,003,1148,73,72,0,72,0
2021-01-24,Amador,005,37829,3140,3054,24,3078,30
2021-01-24,Butte,007,227075,10441,9820,1425,11245,133
2021-01-24,Calaveras,009,45235,1713,1704,10,1714,21
2021-01-24,Colusa,011,21464,1731,1689,191,1880,8
2021-01-24,Contra Costa,013,1133247,56963,54694,948,55642,488
2021-01-24,Del Norte,015,27424,885,855,4,859,2
2021-01-24,El Dorado,017,186661,8466,8003,559,8562,66
2021-01-24,Fresno,019,978130,89593,85808,6791,92599,911
2021-01-24,Glenn,021,27897,2087,2026,432,2458,13
2021-01-24,Humboldt,023,135768,2699,2562,17,2579,24
2021-01-24,Imperial,025,180216,26288,25707,2337,28044,488
2021-01-24,Inyo,027,18085,1054,1007,10,1017,27
2021-01-24,Kern,029,883053,86364,83125,8131,91256,785
2021-01-24,Kings,031,150075,20663,19988,836,20824,159
2021-01-24,Lake,033,64148,2812,2724,0,2724,32
2021-01-24,Lassen,035,31185,4893,4828,85,4913,1
2021-01-24,Los Angeles,037,10098052,1095094,1048757,35335,1084092,15119
2021-01-24,Madera,039,155013,14487,14000,698,14698,86
2021-01-24,Marin,041,260295,12179,11872,132,12004,177
2021-01-24,Mariposa,043,17540,346,322,3,325,3
2021-01-24,Mendocino,045,87422,3218,3037,59,3096,33
2021-01-24,Merced,047,269075,25573,25047,721,25768,305
2021-01-24,Modoc,049,8938,306,285,92,377,0
2021-01-24,Mono,051,14174,1118,1113,15,1128,3
2021-01-24,Monterey,053,433212,38650,37527,1301,38828,254
2021-01-24,Napa,055,140530,8269,8005,32,8037,43
2021-01-24,Nevada,057,99092,3561,3349,140,3489,18
2021-01-24,Orange,059,3164182,229630,223853,9299,233152,2632
2021-01-24,Placer,061,380077,18996,17839,935,18774,193
2021-01-24,Plumas,063,18699,610,532,10,542,2
2021-01-24,Riverside,065,2383286,266583,256767,12564,269331,2761
2021-01-24,Sacramento,067,1510023,85946,84110,1025,85135,1112
2021-01-24,San Benito,069,59416,5316,5223,66,5289,43
2021-01-24,San Bernardino,071,2135413,271699,262370,7919,270289,1935
2021-01-24,San Diego,073,3302833,240352,227193,11166,238359,2375
2021-01-24,San Francisco,075,870044,31091,30559,794,31353,275
2021-01-24,San Joaquin,077,732212,61270,59021,2415,61436,838
2021-01-24,San Luis Obispo,079,281455,17627,16758,461,17219,179
2021-01-24,San Mateo,081,765935,35981,33956,318,34274,213
2021-01-24,Santa Barbara,083,443738,28376,26735,853,27588,269
2021-01-24,Santa Clara,085,1922200,100384,98103,456,98559,1109
2021-01-24,Santa Cruz,087,273765,14060,12905,668,13573,133
2021-01-24,Shasta,089,179085,10164,9978,1043,11021,103
2021-01-24,Sierra,091,2930,47,42,12,54,0
2021-01-24,Siskiyou,093,43540,1294,1195,191,1386,4
2021-01-24,Solano,095,438530,27283,26515,303,26818,109
2021-01-24,Sonoma,097,501317,25534,25045,130,25175,233
2021-01-24,Stanislaus,099,539301,45926,44031,4653,48684,599
2021-01-24,Sutter,101,95872,8107,7980,78,8058,83
2021-01-24,Tehama,103,63373,4196,4062,450,4512,20
2021-01-24,Trinity,105,12862,439,262,66,328,3
2021-01-24,Tulare,107,460477,44708,43006,6399,49405,577
2021-01-24,Tuolumne,109,53932,3430,3416,31,3447,29
2021-01-24,Ventura,111,848112,68785,66347,2433,68780,439
2021-01-24,Yolo,113,214977,11816,11210,153,11363,140
2021-01-24,Yuba,115,75493,5040,4875,69,4944,31
2021-01-23,Alameda,001,1643700,72809,70080,1534,71614,780
2021-01-23,Alpine,003,1148,73,72,0,72,0
2021-01-23,Amador,005,37829,3137,3049,24,3073,30
2021-01-23,Butte,007,227075,10412,9757,1422,11179,133
2021-01-23,Calaveras,009,45235,1710,1695,10,1705,21
2021-01-23,Colusa,011,21464,1727,1672,190,1862,8
2021-01-23,Contra Costa,013,1133247,56751,54162,941,55103,487
2021-01-23,Del Norte,015,27424,884,855,4,859,2
2021-01-23,El Dorado,017,186661,8450,7984,557,8541,66
2021-01-23,Fresno,019,978130,89408,85274,6762,92036,910
2021-01-23,Glenn,021,27897,2084,2015,428,2443,13
2021-01-23,Humboldt,023,135768,2680,2493,16,2509,23
2021-01-23,Imperial,025,180216,26254,25581,2327,27908,487
2021-01-23,Inyo,027,18085,1045,987,10,997,27
2021-01-23,Kern,029,883053,86120,82602,8063,90665,783
2021-01-23,Kings,031,150075,20619,19904,834,20738,159
2021-01-23,Lake,033,64148,2804,2673,0,2673,32
2021-01-23,Lassen,035,31185,4892,4816,82,4898,1
2021-01-23,Los Angeles,037,10098052,1091866,1040961,35173,1076134,15034
2021-01-23,Madera,039,155013,14451,13858,695,14553,86
2021-01-23,Marin,041,260295,12123,11796,130,11926,177
2021-01-23,Mariposa,043,17540,346,323,3,326,3
2021-01-23,Mendocino,045,87422,3204,2991,59,3050,32
2021-01-23,Merced,047,269075,25481,24787,706,25493,303
2021-01-23,Modoc,049,8938,306,285,92,377,0
2021-01-23,Mono,051,14174,1116,1111,15,1126,3
2021-01-23,Monterey,053,433212,38567,37165,1296,38461,253
2021-01-23,Napa,055,140530,8244,7893,32,7925,43
2021-01-23,Nevada,057,99092,3550,3332,139,3471,18
2021-01-23,Orange,059,3164182,228862,221722,9259,230981,2618
2021-01-23,Placer,061,380077,18945,17617,930,18547,193
2021-01-23,Plumas,063,18699,609,528,10,538,2
2021-01-23,Riverside,065,2383286,265683,253636,12512,266148,2733
2021-01-23,Sacramento,067,1510023,85717,83408,1022,84430,1108
2021-01-23,San Benito,069,59416,5292,5166,65,5231,43
2021-01-23,San Bernardino,071,2135413,271150,260381,7888,268269,1922
2021-01-23,San Diego,073,3302833,239291,225556,11094,236650,2344
2021-01-23,San Francisco,075,870044,30986,30308,765,31073,268
2021-01-23,San Joaquin,077,732212,61144,58164,2405,60569,836
2021-01-23,San Luis Obispo,079,281455,17563,16652,458,17110,176
2021-01-23,San Mateo,081,765935,35805,33696,307,34003,213
2021-01-23,Santa Barbara,083,443738,28191,26234,844,27078,264
2021-01-23,Santa Clara,085,1922200,100028,97189,455,97644,1086
2021-01-23,Santa Cruz,087,273765,14002,12771,665,13436,127
2021-01-23,Shasta,089,179085,10135,9951,1042,10993,103
2021-01-23,Sierra,091,2930,47,41,12,53,0
2021-01-23,Siskiyou,093,43540,1284,1190,190,1380,4
2021-01-23,Solano,095,438530,27190,26261,301,26562,107
2021-01-23,Sonoma,097,501317,25454,24790,130,24920,232
2021-01-23,Stanislaus,099,539301,45759,43723,4622,48345,599
2021-01-23,Sutter,101,95872,8089,7943,77,8020,80
2021-01-23,Tehama,103,63373,4177,4006,449,4455,20
2021-01-23,Trinity,105,12862,439,262,66,328,3
2021-01-23,Tulare,107,460477,44555,42661,6339,49000,575
2021-01-23,Tuolumne,109,53932,3423,3407,31,3438,29
2021-01-23,Ventura,111,848112,68335,65581,2410,67991,438
2021-01-23,Yolo,113,214977,11774,11087,149,11236,141
2021-01-23,Yuba,115,75493,5028,4831,68,4899,30
2021-01-22,Alameda,001,1643700,72488,69693,1528,71221,751
2021-01-22,Alpine,003,1148,73,71,0,71,0
2021-01-22,Amador,005,37829,3132,3042,24,3066,30
2021-01-22,Butte,007,227075,10367,9711,1409,11120,133
2021-01-22,Calaveras,009,45235,1701,1672,10,1682,21
2021-01-22,Colusa,011,21464,1725,1668,190,1858,7
2021-01-22,Contra Costa,013,1133247,56516,53887,935,54822,485
2021-01-22,Del Norte,015,27424,883,852,4,856,2
2021-01-22,El Dorado,017,186661,8416,7877,554,8431,64
2021-01-22,Fresno,019,978130,89067,84744,6734,91478,892
2021-01-22,Glenn,021,27897,2079,1985,422,2407,13
2021-01-22,Humboldt,023,135768,2656,2452,16,2468,23
2021-01-22,Imperial,025,180216,26219,25562,2312,27874,474
2021-01-22,Inyo,027,18085,1034,961,10,971,26
2021-01-22,Kern,029,883053,85823,82101,7987,90088,771
2021-01-22,Kings,031,150075,20543,19760,830,20590,159
2021-01-22,Lake,033,64148,2792,2681,0,2681,32
2021-01-22,Lassen,035,31185,4883,4765,81,4846,1
2021-01-22,Los Angeles,037,10098052,1087402,1031177,34982,1066159,14777
2021-01-22,Madera,039,155013,14391,13781,694,14475,86
2021-01-22,Marin,041,260295,12086,11769,128,11897,177
2021-01-22,Mariposa,043,17540,346,323,3,326,3
2021-01-22,Mendocino,045,87422,3179,2994,58,3052,32
2021-01-22,Merced,047,269075,25358,24616,698,25314,290
2021-01-22,Modoc,049,8938,306,285,92,377,0
2021-01-22,Mono,051,14174,1116,1108,15,1123,3
2021-01-22,Monterey,053,433212,38415,36909,1291,38200,253
2021-01-22,Napa,055,140530,8198,7828,32,7860,40
2021-01-22,Nevada,057,99092,3525,3296,138,3434,18
2021-01-22,Orange,059,3164182,227910,220384,9212,229596,2542
2021-01-22,Placer,061,380077,18888,17636,915,18551,193
2021-01-22,Plumas,063,18699,607,522,10,532,2
2021-01-22,Riverside,065,2383286,264538,252440,12444,264884,2710
2021-01-22,Sacramento,067,1510023,85387,82861,1014,83875,1094
2021-01-22,San Benito,069,59416,5266,5143,65,5208,43
2021-01-22,San Bernardino,071,2135413,270334,259121,7855,266976,1849
2021-01-22,San Diego,073,3302833,238051,222576,11029,233605,2301
2021-01-22,San Francisco,075,870044,30873,30027,748,30775,266
2021-01-22,San Joaquin,077,732212,60963,58485,2393,60878,812
2021-01-22,San Luis Obispo,079,281455,17474,16336,455,16791,172
2021-01-22,San Mateo,081,765935,35583,33401,304,33705,211
2021-01-22,Santa Barbara,083,443738,27990,25989,833,26822,256
2021-01-22,Santa Clara,085,1922200,99591,96435,452,96887,1062
2021-01-22,Santa Cruz,087,273765,13944,12687,661,13348,123
2021-01-22,Shasta,089,179085,10115,9866,1040,10906,103
2021-01-22,Sierra,091,2930,47,40,12,52,0
2021-01-22,Siskiyou,093,43540,1280,1182,188,1370,4
2021-01-22,Solano,095,438530,27100,26048,299,26347,107
2021-01-22,Sonoma,097,501317,25369,24659,130,24789,232
2021-01-22,Stanislaus,099,539301,45593,43489,4596,48085,599
2021-01-22,Sutter,101,95872,8064,7878,77,7955,80
2021-01-22,Tehama,103,63373,4160,3993,447,4440,19
2021-01-22,Trinity,105,12862,438,263,66,329,3
2021-01-22,Tulare,107,460477,44375,42307,6269,48576,573
2021-01-22,Tuolumne,109,53932,3395,3379,31,3410,29
2021-01-22,Ventura,111,848112,67829,64404,2392,66796,426
2021-01-22,Yolo,113,214977,11740,11014,142,11156,141
2021-01-22,Yuba,115,75493,5004,4789,66,4855,29
2021-01-21,Alameda,001,1643700,72052,69314,1511,70825,739
2021-01-21,Alpine,003,1148,73,71,0,71,0
2021-01-21,Amador,005,37829,3110,3038,24,3062,29
2021-01-21,Butte,007,227075,10302,9643,1403,11046,130
2021-01-21,Calaveras,009,45235,1692,1647,10,1657,21
2021-01-21,Colusa,011,21464,1718,1662,187,1849,7
2021-01-21,Contra Costa,013,1133247,56103,53595,921,54516,478
2021-01-21,Del Norte,015,27424,881,850,3,853,2
2021-01-21,El Dorado,017,186661,8367,7823,551,8374,58
2021-01-21,Fresno,019,978130,88662,84137,6694,90831,889
2021-01-21,Glenn,021,27897,2071,1964,417,2381,13
2021-01-21,Humboldt,023,135768,2633,2423,16,2439,23
2021-01-21,Imperial,025,180216,26129,25509,2298,27807,463
2021-01-21,Inyo,027,18085,1025,946,10,956,26
2021-01-21,Kern,029,883053,85410,81328,7872,89200,769
2021-01-21,Kings,031,150075,20472,19633,812,20445,158
2021-01-21,Lake,033,64148,2776,2669,0,2669,32
2021-01-21,Lassen,035,31185,4876,4763,81,4844,1
2021-01-21,Los Angeles,037,10098052,1080739,1023055,34662,1057717,14537
2021-01-21,Madera,039,155013,14323,13664,686,14350,86
2021-01-21,Marin,041,260295,12031,11732,126,11858,173
2021-01-21,Mariposa,043,17540,342,322,3,325,3
2021-01-21,Mendocino,045,87422,3156,2967,56,3023,32
2021-01-21,Merced,047,269075,25203,24426,691,25117,245
2021-01-21,Modoc,049,8938,303,284,91,375,0
2021-01-21,Mono,051,14174,1111,1104,15,1119,3
2021-01-21,Monterey,053,433212,38134,36149,1281,37430,253
2021-01-21,Napa,055,140530,8134,7774,32,7806,40
2021-01-21,Nevada,057,99092,3496,3274,137,3411,18
2021-01-21,Orange,059,3164182,226532,218867,9157,228024,2540
2021-01-21,Placer,061,380077,18809,17553,911,18464,190
2021-01-21,Plumas,063,18699,603,518,10,528,2
2021-01-21,Riverside,065,2383286,262816,251007,12364,263371,2676
2021-01-21,Sacramento,067,1510023,84908,82303,993,83296,1084
2021-01-21,San Benito,069,59416,5236,5100,60,5160,43
2021-01-21,San Bernardino,071,2135413,268990,257754,7790,265544,1832
2021-01-21,San Diego,073,3302833,236276,219729,10922,230651,2222
2021-01-21,San Francisco,075,870044,30696,29801,714,30515,266
2021-01-21,San Joaquin,077,732212,60654,58270,2373,60643,806
2021-01-21,San Luis Obispo,079,281455,17388,16153,447,16600,169
2021-01-21,San Mateo,081,765935,35337,33156,291,33447,210
2021-01-21,Santa Barbara,083,443738,27702,25654,820,26474,253
2021-01-21,Santa Clara,085,1922200,98967,96028,445,96473,1062
2021-01-21,Santa Cruz,087,273765,13859,12548,651,13199,119
2021-01-21,Shasta,089,179085,10072,9795,1025,10820,98
2021-01-21,Sierra,091,2930,47,40,12,52,0
2021-01-21,Siskiyou,093,43540,1277,1178,185,1363,4
2021-01-21,Solano,095,438530,26920,25885,295,26180,106
2021-01-21,Sonoma,097,501317,25230,24440,128,24568,230
2021-01-21,Stanislaus,099,539301,45295,43223,4552,47775,599
2021-01-21,Sutter,101,95872,8030,7822,77,7899,80
2021-01-21,Tehama,103,63373,4122,3938,447,4385,19
2021-01-21,Trinity,105,12862,438,261,66,327,3
2021-01-21,Tulare,107,460477,44164,42082,6193,48275,569
2021-01-21,Tuolumne,109,53932,3385,3365,30,3395,29
2021-01-21,Ventura,111,848112,67135,63995,2371,66366,420
2021-01-21,Yolo,113,214977,11649,10940,134,11074,141
2021-01-21,Yuba,115,75493,4972,4757,65,4822,29
2021-01-20,Alameda,001,1643700,71575,68785,1496,70281,702
2021-01-20,Alpine,003,1148,73,71,0,71,0
2021-01-20,Amador,005,37829,3079,3036,24,3060,29
2021-01-20,Butte,007,227075,10246,9582,1392,10974,130
2021-01-20,Calaveras,009,45235,1670,1637,9,1646,21
2021-01-20,Colusa,011,21464,1701,1630,182,1812,7
2021-01-20,Contra Costa,013,1133247,55646,53108,914,54022,461
2021-01-20,Del Norte,015,27424,880,848,3,851,2
2021-01-20,El Dorado,017,186661,8317,7785,548,8333,53
2021-01-20,Fresno,019,978130,88243,83591,6641,90232,872
2021-01-20,Glenn,021,27897,2052,1955,415,2370,13
2021-01-20,Humboldt,023,135768,2590,2390,16,2406,22
2021-01-20,Imperial,025,180216,26057,25380,2263,27643,461
2021-01-20,Inyo,027,18085,1015,901,10,911,26
2021-01-20,Kern,029,883053,84961,80701,7764,88465,754
2021-01-20,Kings,031,150075,20382,19522,804,20326,146
2021-01-20,Lake,033,64148,2755,2646,0,2646,31
2021-01-20,Lassen,035,31185,4868,4758,79,4837,1
2021-01-20,Los Angeles,037,10098052,1073242,1015608,34375,1049983,14299
2021-01-20,Madera,039,155013,14259,13585,681,14266,86
2021-01-20,Marin,041,260295,11977,11684,124,11808,171
2021-01-20,Mariposa,043,17540,340,322,3,325,3
2021-01-20,Mendocino,045,87422,3141,2957,56,3013,32
2021-01-20,Merced,047,269075,25030,24220,669,24889,243
2021-01-20,Modoc,049,8938,302,282,91,373,0
2021-01-20,Mono,051,14174,1104,1105,14,1119,3
2021-01-20,Monterey,053,433212,37822,35960,1261,37221,249
2021-01-20,Napa,055,140530,8065,7731,31,7762,40
2021-01-20,Nevada,057,99092,3464,3238,137,3375,18
2021-01-20,Orange,059,3164182,224997,216893,9095,225988,2500
2021-01-20,Placer,061,380077,18716,17455,893,18348,186
2021-01-20,Plumas,063,18699,601,512,10,522,2
2021-01-20,Riverside,065,2383286,260770,248686,12277,260963,2615
2021-01-20,Sacramento,067,1510023,84348,81687,983,82670,1072
2021-01-20,San Benito,069,59416,5205,5036,59,5095,35
2021-01-20,San Bernardino,071,2135413,267636,255921,7742,263663,1801
2021-01-20,San Diego,073,3302833,234421,218553,10818,229371,2174
2021-01-20,San Francisco,075,870044,30508,29665,694,30359,262
2021-01-20,San Joaquin,077,732212,60250,58025,2364,60389,783
2021-01-20,San Luis Obispo,079,281455,17207,15936,438,16374,164
2021-01-20,San Mateo,081,765935,35110,32929,290,33219,210
2021-01-20,Santa Barbara,083,443738,27385,25312,808,26120,248
2021-01-20,Santa Clara,085,1922200,98285,94995,443,95438,1040
2021-01-20,Santa Cruz,087,273765,13752,12460,638,13098,107
2021-01-20,Shasta,089,179085,10020,9697,1015,10712,98
2021-01-20,Sierra,091,2930,47,40,12,52,0
2021-01-20,Siskiyou,093,43540,1270,1163,184,1347,4
2021-01-20,Solano,095,438530,26727,25659,291,25950,106
2021-01-20,Sonoma,097,501317,25093,24262,126,24388,223
2021-01-20,Stanislaus,099,539301,45015,42955,4514,47469,585
2021-01-20,Sutter,101,95872,7979,7772,75,7847,80
2021-01-20,Tehama,103,63373,4096,3892,445,4337,19
2021-01-20,Trinity,105,12862,438,260,66,326,3
2021-01-20,Tulare,107,460477,43906,41799,6100,47899,559
2021-01-20,Tuolumne,109,53932,3371,3355,29,3384,29
2021-01-20,Ventura,111,848112,66175,63413,2342,65755,395
2021-01-20,Yolo,113,214977,11581,10852,131,10983,141
2021-01-20,Yuba,115,75493,4945,4729,65,4794,29
2021-01-19,Alameda,001,1643700,70931,68434,1487,69921,680
2021-01-19,Alpine,003,1148,73,71,0,71,0
2021-01-19,Amador,005,37829,3070,3024,24,3048,28
2021-01-19,Butte,007,227075,10182,9528,1377,10905,129
2021-01-19,Calaveras,009,45235,1655,1621,8,1629,21
2021-01-19,Colusa,011,21464,1679,1617,179,1796,7
2021-01-19,Contra Costa,013,1133247,55152,52730,903,53633,448
2021-01-19,Del Norte,015,27424,878,843,3,846,2
2021-01-19,El Dorado,017,186661,8257,7743,540,8283,47
2021-01-19,Fresno,019,978130,87721,83200,6589,89789,857
2021-01-19,Glenn,021,27897,2040,1948,410,2358,13
2021-01-19,Humboldt,023,135768,2566,2359,13,2372,22
2021-01-19,Imperial,025,180216,25976,25333,2247,27580,452
2021-01-19,Inyo,027,18085,1008,891,10,901,26
2021-01-19,Kern,029,883053,84371,80272,7656,87928,742
2021-01-19,Kings,031,150075,20243,19375,793,20168,143
2021-01-19,Lake,033,64148,2740,2625,0,2625,31
2021-01-19,Lassen,035,31185,4861,4753,79,4832,1
2021-01-19,Los Angeles,037,10098052,1064566,1010375,34104,1044479,14014
2021-01-19,Madera,039,155013,14143,13528,674,14202,86
2021-01-19,Marin,041,260295,11920,11654,120,11774,169
2021-01-19,Mariposa,043,17540,340,322,3,325,3
2021-01-19,Mendocino,045,87422,3124,2930,56,2986,32
2021-01-19,Merced,047,269075,24818,24108,660,24768,242
2021-01-19,Modoc,049,8938,301,281,91,372,0
2021-01-19,Mono,051,14174,1103,1106,14,1120,3
2021-01-19,Monterey,053,433212,37519,35840,1240,37080,248
2021-01-19,Napa,055,140530,8006,7672,31,7703,38
2021-01-19,Nevada,057,99092,3446,3216,135,3351,18
2021-01-19,Orange,059,3164182,223260,215244,9026,224270,2468
2021-01-19,Placer,061,380077,18619,17348,883,18231,182
2021-01-19,Plumas,063,18699,594,509,10,519,2
2021-01-19,Riverside,065,2383286,258684,246248,12198,258446,2585
2021-01-19,Sacramento,067,1510023,83811,81183,963,82146,1053
2021-01-19,San Benito,069,59416,5159,4988,58,5046,35
2021-01-19,San Bernardino,071,2135413,265905,253651,7684,261335,1777
2021-01-19,San Diego,073,3302833,231998,216833,10720,227553,2109
2021-01-19,San Francisco,075,870044,30289,29502,663,30165,261
2021-01-19,San Joaquin,077,732212,59866,57655,2351,60006,782
2021-01-19,San Luis Obispo,079,281455,16943,15855,435,16290,161
2021-01-19,San Mateo,081,765935,34825,32730,279,33009,208
2021-01-19,Santa Barbara,083,443738,27001,24991,792,25783,236
2021-01-19,Santa Clara,085,1922200,97508,94483,441,94924,1010
2021-01-19,Santa Cruz,087,273765,13635,12410,630,13040,106
2021-01-19,Shasta,089,179085,9984,9614,1005,10619,93
2021-01-19,Sierra,091,2930,47,40,10,50,0
2021-01-19,Siskiyou,093,43540,1262,1149,183,1332,4
2021-01-19,Solano,095,438530,26480,25520,290,25810,106
2021-01-19,Sonoma,097,501317,24913,24133,124,24257,223
2021-01-19,Stanislaus,099,539301,44667,42723,4469,47192,561
2021-01-19,Sutter,101,95872,7929,7709,69,7778,80
2021-01-19,Tehama,103,63373,4064,3876,443,4319,19
2021-01-19,Trinity,105,12862,437,260,66,326,3
2021-01-19,Tulare,107,460477,43628,41559,6004,47563,549
2021-01-19,Tuolumne,109,53932,3344,3328,29,3357,29
2021-01-19,Ventura,111,848112,65496,62656,2315,64971,383
2021-01-19,Yolo,113,214977,11494,10789,130,10919,134
2021-01-19,Yuba,115,75493,4912,4695,64,4759,29
2021-01-18,Alameda,001,1643700,70299,67938,1469,69407,680
2021-01-18,Alpine,003,1148,73,71,0,71,0
2021-01-18,Amador,005,37829,3056,3016,24,3040,28
2021-01-18,Butte,007,227075,10097,9474,1366,10840,129
2021-01-18,Calaveras,009,45235,1634,1617,7,1624,21
2021-01-18,Colusa,011,21464,1662,1608,178,1786,7
2021-01-18,Contra Costa,013,1133247,54635,52323,895,53218,448
2021-01-18,Del Norte,015,27424,877,840,3,843,2
2021-01-18,El Dorado,017,186661,8189,7707,538,8245,47
2021-01-18,Fresno,019,978130,87109,82485,6522,89007,857
2021-01-18,Glenn,021,27897,2023,1935,406,2341,13
2021-01-18,Humboldt,023,135768,2528,2343,13,2356,22
2021-01-18,Imperial,025,180216,25907,25317,2222,27539,452
2021-01-18,Inyo,027,18085,996,872,10,882,26
2021-01-18,Kern,029,883053,83733,79930,7565,87495,740
2021-01-18,Kings,031,150075,20073,19267,781,20048,141
2021-01-18,Lake,033,64148,2723,2591,0,2591,30
2021-01-18,Lassen,035,31185,4825,4749,78,4827,1
2021-01-18,Los Angeles,037,10098052,1055068,1002614,33813,1036427,13828
2021-01-18,Madera,039,155013,14030,13443,666,14109,85
2021-01-18,Marin,041,260295,11873,11607,118,11725,165
2021-01-18,Mariposa,043,17540,337,320,2,322,3
2021-01-18,Mendocino,045,87422,3101,2919,56,2975,31
2021-01-18,Merced,047,269075,24573,23927,644,24571,242
2021-01-18,Modoc,049,8938,298,281,88,369,0
2021-01-18,Mono,051,14174,1100,1101,14,1115,3
2021-01-18,Monterey,053,433212,37076,35549,1226,36775,247
2021-01-18,Napa,055,140530,7932,7601,31,7632,38
2021-01-18,Nevada,057,99092,3408,3199,134,3333,17
2021-01-18,Orange,059,3164182,221359,213866,8970,222836,2405
2021-01-18,Placer,061,380077,18503,17263,874,18137,182
2021-01-18,Plumas,063,18699,590,506,10,516,2
2021-01-18,Riverside,065,2383286,256372,244151,12104,256255,2568
2021-01-18,Sacramento,067,1510023,83141,80546,947,81493,1046
2021-01-18,San Benito,069,59416,5109,4963,56,5019,35
2021-01-18,San Bernardino,071,2135413,264146,252808,7625,260433,1775
2021-01-18,San Diego,073,3302833,229350,214335,10591,224926,2103
2021-01-18,San Francisco,075,870044,30083,29321,639,29960,259
2021-01-18,San Joaquin,077,732212,59348,57405,2329,59734,782
2021-01-18,San Luis Obispo,079,281455,16756,15742,425,16167,158
2021-01-18,San Mateo,081,765935,34512,32515,260,32775,208
2021-01-18,Santa Barbara,083,443738,26622,24638,778,25416,235
2021-01-18,Santa Clara,085,1922200,96619,93688,437,94125,992
2021-01-18,Santa Cruz,087,273765,13502,12298,617,12915,106
2021-01-18,Shasta,089,179085,9945,9600,995,10595,92
2021-01-18,Sierra,091,2930,46,40,10,50,0
2021-01-18,Siskiyou,093,43540,1250,1144,182,1326,4
2021-01-18,Solano,095,438530,26203,25344,285,25629,105
2021-01-18,Sonoma,097,501317,24645,24068,123,24191,223
2021-01-18,Stanislaus,099,539301,44310,42413,4413,46826,562
2021-01-18,Sutter,101,95872,7872,7680,67,7747,78
2021-01-18,Tehama,103,63373,4020,3854,436,4290,19
2021-01-18,Trinity,105,12862,437,260,66,326,3
2021-01-18,Tulare,107,460477,43339,41196,5893,47089,549
2021-01-18,Tuolumne,109,53932,3319,3318,28,3346,28
2021-01-18,Ventura,111,848112,65066,61859,2292,64151,379
2021-01-18,Yolo,113,214977,11365,10620,127,10747,134
2021-01-18,Yuba,115,75493,4884,4671,62,4733,29
2021-01-17,Alameda,001,1643700,69735,67375,1451,68826,676
2021-01-17,Alpine,003,1148,73,71,0,71,0
2021-01-17,Amador,005,37829,3049,3001,24,3025,28
2021-01-17,Butte,007,227075,10022,9411,1342,10753,129
2021-01-17,Calaveras,009,45235,1621,1608,7,1615,21
2021-01-17,Colusa,011,21464,1648,1588,174,1762,7
2021-01-17,Contra Costa,013,1133247,54145,51932,885,52817,447
2021-01-17,Del Norte,015,27424,877,838,3,841,2
2021-01-17,El Dorado,017,186661,8133,7659,526,8185,47
2021-01-17,Fresno,019,978130,86556,82039,6446,88485,857
2021-01-17,Glenn,021,27897,2013,1924,400,2324,9
2021-01-17,Humboldt,023,135768,2491,2322,11,2333,22
2021-01-17,Imperial,025,180216,25837,25253,2178,27431,451
2021-01-17,Inyo,027,18085,990,864,10,874,26
2021-01-17,Kern,029,883053,83185,79489,7478,86967,738
2021-01-17,Kings,031,150075,19937,19201,767,19968,131
2021-01-17,Lake,033,64148,2707,2572,0,2572,30
2021-01-17,Lassen,035,31185,4817,4740,77,4817,1
2021-01-17,Los Angeles,037,10098052,1048421,993028,33412,1026440,13741
2021-01-17,Madera,039,155013,13938,13328,661,13989,85
2021-01-17,Marin,041,260295,11820,11552,116,11668,164
2021-01-17,Mariposa,043,17540,337,319,2,321,3
2021-01-17,Mendocino,045,87422,3073,2912,55,2967,31
2021-01-17,Merced,047,269075,24360,23800,626,24426,242
2021-01-17,Modoc,049,8938,297,279,88,367,0
2021-01-17,Mono,051,14174,1093,1091,13,1104,3
2021-01-17,Monterey,053,433212,36833,35340,1200,36540,244
2021-01-17,Napa,055,140530,7876,7521,31,7552,38
2021-01-17,Nevada,057,99092,3383,3176,132,3308,17
2021-01-17,Orange,059,3164182,219358,212389,8895,221284,2359
2021-01-17,Placer,061,380077,18398,17194,859,18053,181
2021-01-17,Plumas,063,18699,589,505,9,514,2
2021-01-17,Riverside,065,2383286,254263,242206,11986,254192,2534
2021-01-17,Sacramento,067,1510023,82539,80154,935,81089,1045
2021-01-17,San Benito,069,59416,5071,4941,56,4997,35
2021-01-17,San Bernardino,071,2135413,262022,251487,7537,259024,1775
2021-01-17,San Diego,073,3302833,227156,211785,10484,222269,2103
2021-01-17,San Francisco,075,870044,29897,29139,601,29740,255
2021-01-17,San Joaquin,077,732212,58990,57094,2314,59408,780
2021-01-17,San Luis Obispo,079,281455,16634,15658,416,16074,157
2021-01-17,San Mateo,081,765935,34260,32186,237,32423,208
2021-01-17,Santa Barbara,083,443738,26162,24401,765,25166,235
2021-01-17,Santa Clara,085,1922200,95872,92752,434,93186,976
2021-01-17,Santa Cruz,087,273765,13390,12196,614,12810,106
2021-01-17,Shasta,089,179085,9887,9588,987,10575,92
2021-01-17,Sierra,091,2930,46,38,9,47,0
2021-01-17,Siskiyou,093,43540,1243,1136,179,1315,4
2021-01-17,Solano,095,438530,25974,25216,283,25499,105
2021-01-17,Sonoma,097,501317,24471,23871,123,23994,223
2021-01-17,Stanislaus,099,539301,43989,42221,4349,46570,562
2021-01-17,Sutter,101,95872,7809,7604,66,7670,77
2021-01-17,Tehama,103,63373,3989,3837,432,4269,18
2021-01-17,Trinity,105,12862,437,261,66,327,3
2021-01-17,Tulare,107,460477,43047,41016,5777,46793,549
2021-01-17,Tuolumne,109,53932,3302,3287,28,3315,27
2021-01-17,Ventura,111,848112,64218,61257,2244,63501,376
2021-01-17,Yolo,113,214977,11266,10519,125,10644,134
2021-01-17,Yuba,115,75493,4834,4640,59,4699,28
2021-01-16,Alameda,001,1643700,69413,66583,1438,68021,673
2021-01-16,Alpine,003,1148,73,71,0,71,0
2021-01-16,Amador,005,37829,3046,2986,24,3010,28
2021-01-16,Butte,007,227075,9989,9359,1322,10681,129
2021-01-16,Calaveras,009,45235,1608,1596,7,1603,21
2021-01-16,Colusa,011,21464,1636,1578,174,1752,7
2021-01-16,Contra Costa,013,1133247,53880,51363,878,52241,443
2021-01-16,Del Norte,015,27424,872,833,3,836,2
2021-01-16,El Dorado,017,186661,8111,7575,525,8100,47
2021-01-16,Fresno,019,978130,86282,81294,6391,87685,846
2021-01-16,Glenn,021,27897,2009,1894,397,2291,9
2021-01-16,Humboldt,023,135768,2471,2294,9,2303,22
2021-01-16,Imperial,025,180216,25802,25140,2171,27311,451
2021-01-16,Inyo,027,18085,986,845,10,855,25
2021-01-16,Kern,029,883053,82818,78865,7424,86289,733
2021-01-16,Kings,031,150075,19881,19072,764,19836,131
2021-01-16,Lake,033,64148,2696,2504,0,2504,30
2021-01-16,Lassen,035,31185,4805,4719,77,4796,1
2021-01-16,Los Angeles,037,10098052,1044338,982684,33172,1015856,13654
2021-01-16,Madera,039,155013,13871,13193,657,13850,85
2021-01-16,Marin,041,260295,11777,11482,116,11598,164
2021-01-16,Mariposa,043,17540,336,317,2,319,3
2021-01-16,Mendocino,045,87422,3059,2890,52,2942,31
2021-01-16,Merced,047,269075,24272,23478,612,24090,242
2021-01-16,Modoc,049,8938,297,278,88,366,0
2021-01-16,Mono,051,14174,1091,1079,13,1092,3
2021-01-16,Monterey,053,433212,36722,34972,1182,36154,243
2021-01-16,Napa,055,140530,7837,7356,31,7387,39
2021-01-16,Nevada,057,99092,3350,3144,132,3276,17
2021-01-16,Orange,059,3164182,218323,210111,8838,218949,2312
2021-01-16,Placer,061,380077,18334,16995,857,17852,177
2021-01-16,Plumas,063,18699,587,502,9,511,2
2021-01-16,Riverside,065,2383286,252906,239412,11871,251283,2506
2021-01-16,Sacramento,067,1510023,82164,79122,918,80040,1033
2021-01-16,San Benito,069,59416,5039,4875,56,4931,35
2021-01-16,San Bernardino,071,2135413,261230,249401,7470,256871,1755
2021-01-16,San Diego,073,3302833,225858,209895,10387,220282,2065
2021-01-16,San Francisco,075,870044,29769,28853,570,29423,244
2021-01-16,San Joaquin,077,732212,58743,56642,2283,58925,776
2021-01-16,San Luis Obispo,079,281455,16533,15466,414,15880,152
2021-01-16,San Mateo,081,765935,34096,31805,231,32036,208
2021-01-16,Santa Barbara,083,443738,25962,24088,761,24849,229
2021-01-16,Santa Clara,085,1922200,95403,91584,427,92011,954
2021-01-16,Santa Cruz,087,273765,13331,12026,612,12638,106
2021-01-16,Shasta,089,179085,9854,9547,983,10530,92
2021-01-16,Sierra,091,2930,45,38,9,47,0
2021-01-16,Siskiyou,093,43540,1238,1124,179,1303,4
2021-01-16,Solano,095,438530,25865,24732,278,25010,103
2021-01-16,Sonoma,097,501317,24380,23607,122,23729,223
2021-01-16,Stanislaus,099,539301,43802,41809,4298,46107,562
2021-01-16,Sutter,101,95872,7777,7560,66,7626,76
2021-01-16,Tehama,103,63373,3975,3783,432,4215,18
2021-01-16,Trinity,105,12862,437,261,66,327,3
2021-01-16,Tulare,107,460477,42867,40655,5704,46359,542
2021-01-16,Tuolumne,109,53932,3294,3269,28,3297,27
2021-01-16,Ventura,111,848112,63666,60368,2214,62582,369
2021-01-16,Yolo,113,214977,11217,10406,124,10530,134
2021-01-16,Yuba,115,75493,4804,4602,59,4661,27
2021-01-15,Alameda,001,1643700,68989,65416,1427,66843,672
2021-01-15,Alpine,003,1148,73,71,0,71,0
2021-01-15,Amador,005,37829,3039,2953,24,2977,28
2021-01-15,Butte,007,227075,9948,9233,1307,10540,129
2021-01-15,Calaveras,009,45235,1601,1538,7,1545,21
2021-01-15,Colusa,011,21464,1625,1541,169,1710,7
2021-01-15,Contra Costa,013,1133247,53551,50408,871,51279,428
2021-01-15,Del Norte,015,27424,868,828,2,830,2
2021-01-15,El Dorado,017,186661,8062,7439,516,7955,47
2021-01-15,Fresno,019,978130,85745,79950,6355,86305,832
2021-01-15,Glenn,021,27897,2005,1824,394,2218,9
2021-01-15,Humboldt,023,135768,2444,2218,8,2226,22
2021-01-15,Imperial,025,180216,25768,24944,2165,27109,446
2021-01-15,Inyo,027,18085,968,814,10,824,25
2021-01-15,Kern,029,883053,82404,77873,7359,85232,719
2021-01-15,Kings,031,150075,19772,18661,758,19419,131
2021-01-15,Lake,033,64148,2670,2434,0,2434,28
2021-01-15,Lassen,035,31185,4794,4693,75,4768,1
2021-01-15,Los Angeles,037,10098052,1037290,968979,32884,1001863,13404
2021-01-15,Madera,039,155013,13786,12883,654,13537,85
2021-01-15,Marin,041,260295,11726,11310,116,11426,160
2021-01-15,Mariposa,043,17540,334,307,2,309,3
2021-01-15,Mendocino,045,87422,3048,2835,52,2887,31
2021-01-15,Merced,047,269075,24159,23060,608,23668,239
2021-01-15,Modoc,049,8938,297,278,86,364,0
2021-01-15,Mono,051,14174,1088,1057,13,1070,3
2021-01-15,Monterey,053,433212,36506,34460,1122,35582,243
2021-01-15,Napa,055,140530,7775,7231,31,7262,38
2021-01-15,Nevada,057,99092,3337,3099,129,3228,17
2021-01-15,Orange,059,3164182,216970,207129,8786,215915,2254
2021-01-15,Placer,061,380077,18230,16712,848,17560,173
2021-01-15,Plumas,063,18699,584,499,9,508,2
2021-01-15,Riverside,065,2383286,251041,235235,11791,247026,2458
2021-01-15,Sacramento,067,1510023,81742,80279,910,81189,1023
2021-01-15,San Benito,069,59416,5000,4766,54,4820,35
2021-01-15,San Bernardino,071,2135413,260065,246182,7412,253594,1726
2021-01-15,San Diego,073,3302833,224109,206868,10322,217190,2037
2021-01-15,San Francisco,075,870044,29594,28574,550,29124,242
2021-01-15,San Joaquin,077,732212,58509,55885,2269,58154,748
2021-01-15,San Luis Obispo,079,281455,16400,15129,409,15538,148
2021-01-15,San Mateo,081,765935,33851,31291,227,31518,208
2021-01-15,Santa Barbara,083,443738,25678,23487,757,24244,226
2021-01-15,Santa Clara,085,1922200,94750,90103,422,90525,942
2021-01-15,Santa Cruz,087,273765,13222,11776,598,12374,105
2021-01-15,Shasta,089,179085,9815,9459,976,10435,91
2021-01-15,Sierra,091,2930,44,36,7,43,0
2021-01-15,Siskiyou,093,43540,1234,1119,178,1297,4
2021-01-15,Solano,095,438530,25715,24222,275,24497,103
2021-01-15,Sonoma,097,501317,24249,23204,121,23325,222
2021-01-15,Stanislaus,099,539301,43552,41178,4256,45434,562
2021-01-15,Sutter,101,95872,7730,7484,65,7549,75
2021-01-15,Tehama,103,63373,3953,3714,431,4145,17
2021-01-15,Trinity,105,12862,437,262,66,328,3
2021-01-15,Tulare,107,460477,42624,39951,5619,45570,535
2021-01-15,Tuolumne,109,53932,3278,3231,28,3259,27
2021-01-15,Ventura,111,848112,62922,59061,2181,61242,353
2021-01-15,Yolo,113,214977,11161,10240,123,10363,134
2021-01-15,Yuba,115,75493,4783,4549,59,4608,27
2021-01-14,Alameda,001,1643700,68358,64364,1411,65775,686
2021-01-14,Alpine,003,1148,73,71,0,71,0
2021-01-14,Amador,005,37829,3033,2940,24,2964,28
2021-01-14,Butte,007,227075,9862,9127,1285,10412,129
2021-01-14,Calaveras,009,45235,1584,1513,7,1520,21
2021-01-14,Colusa,011,21464,1610,1535,162,1697,7
2021-01-14,Contra Costa,013,1133247,52997,49545,857,50402,415
2021-01-14,Del Norte,015,27424,862,821,2,823,2
2021-01-14,El Dorado,017,186661,7988,7321,508,7829,45
2021-01-14,Fresno,019,978130,85112,79033,6275,85308,814
2021-01-14,Glenn,021,27897,1993,1798,389,2187,9
2021-01-14,Humboldt,023,135768,2401,2169,8,2177,22
2021-01-14,Imperial,025,180216,25659,24882,2130,27012,447
2021-01-14,Inyo,027,18085,961,790,10,800,25
2021-01-14,Kern,029,883053,81732,77070,7257,84327,705
2021-01-14,Kings,031,150075,19642,18405,754,19159,108
2021-01-14,Lake,033,64148,2627,2378,0,2378,27
2021-01-14,Lassen,035,31185,4784,4673,73,4746,1
2021-01-14,Los Angeles,037,10098052,1027273,954652,32505,987157,13147
2021-01-14,Madera,039,155013,13672,12742,643,13385,85
2021-01-14,Marin,041,260295,11652,11155,115,11270,159
2021-01-14,Mariposa,043,17540,331,302,2,304,3
2021-01-14,Mendocino,045,87422,3034,2801,50,2851,31
2021-01-14,Merced,047,269075,23932,22780,598,23378,239
2021-01-14,Modoc,049,8938,297,273,86,359,0
2021-01-14,Mono,051,14174,1080,1020,13,1033,3
2021-01-14,Monterey,053,433212,36085,34105,1100,35205,242
2021-01-14,Napa,055,140530,7690,7117,31,7148,38
2021-01-14,Nevada,057,99092,3310,3075,127,3202,17
2021-01-14,Orange,059,3164182,215037,204442,8700,213142,2162
2021-01-14,Placer,061,380077,18068,16488,841,17329,169
2021-01-14,Plumas,063,18699,576,496,9,505,2
2021-01-14,Riverside,065,2383286,248395,231684,11692,243376,2357
2021-01-14,Sacramento,067,1510023,81103,79137,886,80023,1007
2021-01-14,San Benito,069,59416,4964,4678,53,4731,35
2021-01-14,San Bernardino,071,2135413,258096,243379,7342,250721,1750
2021-01-14,San Diego,073,3302833,221715,204173,10202,214375,2005
2021-01-14,San Francisco,075,870044,29349,28200,502,28702,238
2021-01-14,San Joaquin,077,732212,57993,55058,2255,57313,739
2021-01-14,San Luis Obispo,079,281455,16238,14851,400,15251,146
2021-01-14,San Mateo,081,765935,33482,30694,218,30912,208
2021-01-14,Santa Barbara,083,443738,25257,23126,739,23865,219
2021-01-14,Santa Clara,085,1922200,93820,88505,415,88920,910
2021-01-14,Santa Cruz,087,273765,13075,11583,582,12165,109
2021-01-14,Shasta,089,179085,9766,9334,960,10294,90
2021-01-14,Sierra,091,2930,44,35,6,41,0
2021-01-14,Siskiyou,093,43540,1222,1108,175,1283,3
2021-01-14,Solano,095,438530,25456,23782,271,24053,103
2021-01-14,Sonoma,097,501317,24009,22910,121,23031,202
2021-01-14,Stanislaus,099,539301,43226,40597,4215,44812,574
2021-01-14,Sutter,101,95872,7671,7416,62,7478,74
2021-01-14,Tehama,103,63373,3925,3664,427,4091,17
2021-01-14,Trinity,105,12862,437,261,65,326,3
2021-01-14,Tulare,107,460477,42239,39565,5511,45076,533
2021-01-14,Tuolumne,109,53932,3257,3215,28,3243,28
2021-01-14,Ventura,111,848112,62050,57941,2144,60085,347
2021-01-14,Yolo,113,214977,11053,10097,117,10214,135
2021-01-14,Yuba,115,75493,4750,4496,59,4555,27
2021-01-13,Alameda,001,1643700,67603,63568,1395,64963,690
2021-01-13,Alpine,003,1148,73,71,0,71,0
2021-01-13,Amador,005,37829,3019,2914,24,2938,26
2021-01-13,Butte,007,227075,9780,9013,1270,10283,126
2021-01-13,Calaveras,009,45235,1562,1493,7,1500,21
2021-01-13,Colusa,011,21464,1598,1524,154,1678,7
2021-01-13,Contra Costa,013,1133247,52418,48877,845,49722,403
2021-01-13,Del Norte,015,27424,858,820,2,822,2
2021-01-13,El Dorado,017,186661,7895,7247,500,7747,43
2021-01-13,Fresno,019,978130,84393,78278,6233,84511,804
2021-01-13,Glenn,021,27897,1977,1792,380,2172,9
2021-01-13,Humboldt,023,135768,2368,2114,8,2122,22
2021-01-13,Imperial,025,180216,25535,24717,2097,26814,463
2021-01-13,Inyo,027,18085,949,785,10,795,25
2021-01-13,Kern,029,883053,81071,76049,7167,83216,704
2021-01-13,Kings,031,150075,19475,18121,732,18853,108
2021-01-13,Lake,033,64148,2584,2305,0,2305,27
2021-01-13,Lassen,035,31185,4777,4663,72,4735,1
2021-01-13,Los Angeles,037,10098052,1016488,937985,32095,970080,12873
2021-01-13,Madera,039,155013,13546,12570,638,13208,85
2021-01-13,Marin,041,260295,11596,11039,115,11154,161
2021-01-13,Mariposa,043,17540,329,304,2,306,3
2021-01-13,Mendocino,045,87422,3014,2790,50,2840,31
2021-01-13,Merced,047,269075,23693,22497,584,23081,241
2021-01-13,Modoc,049,8938,296,274,83,357,0
2021-01-13,Mono,051,14174,1076,1017,13,1030,3
2021-01-13,Monterey,053,433212,35661,33748,1076,34824,241
2021-01-13,Napa,055,140530,7576,7028,31,7059,36
2021-01-13,Nevada,057,99092,3286,3037,124,3161,17
2021-01-13,Orange,059,3164182,212946,201158,8630,209788,2172
2021-01-13,Placer,061,380077,17941,16272,827,17099,172
2021-01-13,Plumas,063,18699,574,490,9,499,2
2021-01-13,Riverside,065,2383286,245247,228192,11574,239766,2278
2021-01-13,Sacramento,067,1510023,80443,78268,879,79147,996
2021-01-13,San Benito,069,59416,4907,4583,52,4635,35
2021-01-13,San Bernardino,071,2135413,255721,240191,7270,247461,1759
2021-01-13,San Diego,073,3302833,219102,201578,10099,211677,1952
2021-01-13,San Francisco,075,870044,29110,27863,480,28343,238
2021-01-13,San Joaquin,077,732212,57370,54373,2225,56598,738
2021-01-13,San Luis Obispo,079,281455,16083,14625,389,15014,140
2021-01-13,San Mateo,081,765935,33142,30195,216,30411,207
2021-01-13,Santa Barbara,083,443738,24815,22714,723,23437,216
2021-01-13,Santa Clara,085,1922200,92844,87187,412,87599,911
2021-01-13,Santa Cruz,087,273765,12902,11423,568,11991,110
2021-01-13,Shasta,089,179085,9702,9180,946,10126,93
2021-01-13,Sierra,091,2930,44,33,6,39,0
2021-01-13,Siskiyou,093,43540,1216,1102,171,1273,3
2021-01-13,Solano,095,438530,25171,23503,269,23772,105
2021-01-13,Sonoma,097,501317,23759,22610,120,22730,206
2021-01-13,Stanislaus,099,539301,42834,40167,4162,44329,574
2021-01-13,Sutter,101,95872,7625,7350,61,7411,73
2021-01-13,Tehama,103,63373,3875,3589,422,4011,17
2021-01-13,Trinity,105,12862,437,260,65,325,3
2021-01-13,Tulare,107,460477,41833,39129,5407,44536,522
2021-01-13,Tuolumne,109,53932,3243,3196,28,3224,28
2021-01-13,Ventura,111,848112,61038,56453,2104,58557,338
2021-01-13,Yolo,113,214977,10952,9933,113,10046,135
2021-01-13,Yuba,115,75493,4708,4448,56,4504,27
2021-01-12,Alameda,001,1643700,66772,62642,1377,64019,677
2021-01-12,Alpine,003,1148,73,71,0,71,0
2021-01-12,Amador,005,37829,3002,2897,24,2921,26
2021-01-12,Butte,007,227075,9692,8883,1254,10137,124
2021-01-12,Calaveras,009,45235,1526,1475,7,1482,21
2021-01-12,Colusa,011,21464,1586,1510,150,1660,7
2021-01-12,Contra Costa,013,1133247,51777,48242,831,49073,399
2021-01-12,Del Norte,015,27424,853,816,2,818,2
2021-01-12,El Dorado,017,186661,7812,7156,489,7645,41
2021-01-12,Fresno,019,978130,83521,77651,6164,83815,796
2021-01-12,Glenn,021,27897,1952,1781,376,2157,9
2021-01-12,Humboldt,023,135768,2314,2077,7,2084,22
2021-01-12,Imperial,025,180216,25445,24566,2056,26622,457
2021-01-12,Inyo,027,18085,931,773,10,783,25
2021-01-12,Kern,029,883053,80364,75320,7071,82391,689
2021-01-12,Kings,031,150075,19263,18072,722,18794,108
2021-01-12,Lake,033,64148,2537,2260,0,2260,27
2021-01-12,Lassen,035,31185,4755,4659,70,4729,1
2021-01-12,Los Angeles,037,10098052,1004834,926295,31685,957980,12610
2021-01-12,Madera,039,155013,13406,12485,629,13114,85
2021-01-12,Marin,041,260295,11487,10960,115,11075,157
2021-01-12,Mariposa,043,17540,326,302,2,304,3
2021-01-12,Mendocino,045,87422,2994,2762,46,2808,31
2021-01-12,Merced,047,269075,23442,22172,562,22734,239
2021-01-12,Modoc,049,8938,294,274,83,357,0
2021-01-12,Mono,051,14174,1066,1008,13,1021,3
2021-01-12,Monterey,053,433212,35170,33381,1059,34440,240
2021-01-12,Napa,055,140530,7493,6936,31,6967,36
2021-01-12,Nevada,057,99092,3258,3014,122,3136,17
2021-01-12,Orange,059,3164182,210658,198260,8543,206803,2142
2021-01-12,Placer,061,380077,17771,16087,821,16908,163
2021-01-12,Plumas,063,18699,568,483,9,492,2
2021-01-12,Riverside,065,2383286,242116,225580,11434,237014,2266
2021-01-12,Sacramento,067,1510023,79715,77201,871,78072,985
2021-01-12,San Benito,069,59416,4839,4515,52,4567,35
2021-01-12,San Bernardino,071,2135413,253156,237008,7201,244209,1739
2021-01-12,San Diego,073,3302833,216188,198317,9982,208299,1898
2021-01-12,San Francisco,075,870044,28835,27531,447,27978,238
2021-01-12,San Joaquin,077,732212,56730,53630,2198,55828,725
2021-01-12,San Luis Obispo,079,281455,15837,14367,381,14748,132
2021-01-12,San Mateo,081,765935,32751,29747,204,29951,206
2021-01-12,Santa Barbara,083,443738,24393,22182,703,22885,209
2021-01-12,Santa Clara,085,1922200,91767,86075,404,86479,904
2021-01-12,Santa Cruz,087,273765,12687,11267,552,11819,110
2021-01-12,Shasta,089,179085,9629,9086,933,10019,84
2021-01-12,Sierra,091,2930,43,33,6,39,0
2021-01-12,Siskiyou,093,43540,1206,1091,164,1255,3
2021-01-12,Solano,095,438530,24868,23160,264,23424,102
2021-01-12,Sonoma,097,501317,23454,22403,120,22523,205
2021-01-12,Stanislaus,099,539301,42395,39615,4126,43741,571
2021-01-12,Sutter,101,95872,7562,7276,60,7336,73
2021-01-12,Tehama,103,63373,3837,3567,417,3984,17
2021-01-12,Trinity,105,12862,437,258,65,323,3
2021-01-12,Tulare,107,460477,41374,38797,5291,44088,509
2021-01-12,Tuolumne,109,53932,3210,3178,28,3206,28
2021-01-12,Ventura,111,848112,60066,55342,2071,57413,324
2021-01-12,Yolo,113,214977,10816,9857,103,9960,133
2021-01-12,Yuba,115,75493,4666,4389,56,4445,27
2021-01-11,Alameda,001,1643700,65904,61949,1359,63308,652
2021-01-11,Alpine,003,1148,73,70,0,70,0
2021-01-11,Amador,005,37829,2988,2867,24,2891,24
2021-01-11,Butte,007,227075,9579,8757,1236,9993,119
2021-01-11,Calaveras,009,45235,1507,1460,7,1467,21
2021-01-11,Colusa,011,21464,1569,1494,145,1639,7
2021-01-11,Contra Costa,013,1133247,51101,47728,822,48550,398
2021-01-11,Del Norte,015,27424,849,810,2,812,2
2021-01-11,El Dorado,017,186661,7718,6987,481,7468,36
2021-01-11,Fresno,019,978130,82641,76581,6087,82668,775
2021-01-11,Glenn,021,27897,1925,1763,370,2133,9
2021-01-11,Humboldt,023,135768,2275,2069,7,2076,22
2021-01-11,Imperial,025,180216,25330,24418,2020,26438,453
2021-01-11,Inyo,027,18085,913,763,10,773,25
2021-01-11,Kern,029,883053,79504,74489,6972,81461,682
2021-01-11,Kings,031,150075,19000,17909,714,18623,108
2021-01-11,Lake,033,64148,2485,2205,0,2205,26
2021-01-11,Lassen,035,31185,4732,4647,69,4716,1
2021-01-11,Los Angeles,037,10098052,991613,914434,31217,945651,12304
2021-01-11,Madera,039,155013,13272,12366,618,12984,85
2021-01-11,Marin,041,260295,11390,10814,112,10926,156
2021-01-11,Mariposa,043,17540,319,296,2,298,3
2021-01-11,Mendocino,045,87422,2966,2728,46,2774,31
2021-01-11,Merced,047,269075,23119,21884,547,22431,238
2021-01-11,Modoc,049,8938,293,271,82,353,0
2021-01-11,Mono,051,14174,1060,1006,13,1019,3
2021-01-11,Monterey,053,433212,34631,32858,996,33854,239
2021-01-11,Napa,055,140530,7391,6822,31,6853,36
2021-01-11,Nevada,057,99092,3230,2980,122,3102,17
2021-01-11,Orange,059,3164182,208073,196340,8442,204782,2113
2021-01-11,Placer,061,380077,17591,15919,811,16730,163
2021-01-11,Plumas,063,18699,564,477,9,486,2
2021-01-11,Riverside,065,2383286,238604,222907,11287,234194,2222
2021-01-11,Sacramento,067,1510023,78784,76009,855,76864,974
2021-01-11,San Benito,069,59416,4765,4482,45,4527,34
2021-01-11,San Bernardino,071,2135413,250359,235543,7101,242644,1739
2021-01-11,San Diego,073,3302833,212919,194793,9822,204615,1857
2021-01-11,San Francisco,075,870044,28559,27264,426,27690,238
2021-01-11,San Joaquin,077,732212,56118,53002,2168,55170,725
2021-01-11,San Luis Obispo,079,281455,15466,14213,373,14586,126
2021-01-11,San Mateo,081,765935,32307,29355,192,29547,206
2021-01-11,Santa Barbara,083,443738,23943,21740,691,22431,200
2021-01-11,Santa Clara,085,1922200,90561,84851,395,85246,877
2021-01-11,Santa Cruz,087,273765,12507,11093,528,11621,106
2021-01-11,Shasta,089,179085,9531,8977,920,9897,81
2021-01-11,Sierra,091,2930,41,33,6,39,0
2021-01-11,Siskiyou,093,43540,1197,1087,162,1249,3
2021-01-11,Solano,095,438530,24548,22893,259,23152,101
2021-01-11,Sonoma,097,501317,23208,22191,120,22311,205
2021-01-11,Stanislaus,099,539301,41903,39149,4076,43225,571
2021-01-11,Sutter,101,95872,7503,7204,59,7263,71
2021-01-11,Tehama,103,63373,3774,3524,395,3919,17
2021-01-11,Trinity,105,12862,437,256,65,321,2
2021-01-11,Tulare,107,460477,40959,38380,5212,43592,497
2021-01-11,Tuolumne,109,53932,3199,3165,28,3193,27
2021-01-11,Ventura,111,848112,58930,54202,2048,56250,320
2021-01-11,Yolo,113,214977,10608,9699,101,9800,129
2021-01-11,Yuba,115,75493,4627,4349,49,4398,27
2021-01-10,Alameda,001,1643700,64903,61111,1331,62442,650
2021-01-10,Alpine,003,1148,73,70,0,70,0
2021-01-10,Amador,005,37829,2964,2861,24,2885,24
2021-01-10,Butte,007,227075,9458,8665,1210,9875,119
2021-01-10,Calaveras,009,45235,1483,1449,7,1456,21
2021-01-10,Colusa,011,21464,1545,1478,143,1621,7
2021-01-10,Contra Costa,013,1133247,50317,47109,804,47913,398
2021-01-10,Del Norte,015,27424,846,809,2,811,2
2021-01-10,El Dorado,017,186661,7631,6904,463,7367,36
2021-01-10,Fresno,019,978130,81830,75621,5964,81585,775
2021-01-10,Glenn,021,27897,1906,1746,362,2108,9
2021-01-10,Humboldt,023,135768,2214,2049,7,2056,22
2021-01-10,Imperial,025,180216,25170,24233,1969,26202,453
2021-01-10,Inyo,027,18085,885,748,10,758,25
2021-01-10,Kern,029,883053,78672,73712,6839,80551,679
2021-01-10,Kings,031,150075,18781,17812,707,18519,108
2021-01-10,Lake,033,64148,2431,2174,0,2174,26
2021-01-10,Lassen,035,31185,4710,4642,69,4711,1
2021-01-10,Los Angeles,037,10098052,977008,901783,30591,932374,12170
2021-01-10,Madera,039,155013,13083,12179,603,12782,85
2021-01-10,Marin,041,260295,11269,10737,111,10848,155
2021-01-10,Mariposa,043,17540,319,291,2,293,3
2021-01-10,Mendocino,045,87422,2935,2706,42,2748,31
2021-01-10,Merced,047,269075,22845,21691,535,22226,238
2021-01-10,Modoc,049,8938,293,271,80,351,0
2021-01-10,Mono,051,14174,1042,965,13,978,3
2021-01-10,Monterey,053,433212,34191,32571,963,33534,237
2021-01-10,Napa,055,140530,7287,6687,29,6716,36
2021-01-10,Nevada,057,99092,3211,2959,118,3077,17
2021-01-10,Orange,059,3164182,205306,193766,8318,202084,2104
2021-01-10,Placer,061,380077,17404,15779,791,16570,163
2021-01-10,Plumas,063,18699,554,477,9,486,2
2021-01-10,Riverside,065,2383286,235236,219486,11099,230585,2216
2021-01-10,Sacramento,067,1510023,77823,75394,827,76221,965
2021-01-10,San Benito,069,59416,4666,4434,44,4478,34
2021-01-10,San Bernardino,071,2135413,246830,232171,6997,239168,1736
2021-01-10,San Diego,073,3302833,209252,191886,9655,201541,1857
2021-01-10,San Francisco,075,870044,28174,27054,395,27449,238
2021-01-10,San Joaquin,077,732212,55259,52535,2135,54670,725
2021-01-10,San Luis Obispo,079,281455,15137,13968,361,14329,122
2021-01-10,San Mateo,081,765935,31816,28972,178,29150,206
2021-01-10,Santa Barbara,083,443738,23384,21290,676,21966,200
2021-01-10,Santa Clara,085,1922200,89388,83779,386,84165,858
2021-01-10,Santa Cruz,087,273765,12294,10951,507,11458,106
2021-01-10,Shasta,089,179085,9419,8936,905,9841,81
2021-01-10,Sierra,091,2930,40,32,6,38,0
2021-01-10,Siskiyou,093,43540,1191,1075,159,1234,3
2021-01-10,Solano,095,438530,24145,22621,256,22877,101
2021-01-10,Sonoma,097,501317,22932,21925,119,22044,204
2021-01-10,Stanislaus,099,539301,41330,38809,3997,42806,571
2021-01-10,Sutter,101,95872,7442,7133,56,7189,71
2021-01-10,Tehama,103,63373,3701,3504,382,3886,17
2021-01-10,Trinity,105,12862,437,253,63,316,2
2021-01-10,Tulare,107,460477,40543,38012,5090,43102,497
2021-01-10,Tuolumne,109,53932,3165,3143,27,3170,27
2021-01-10,Ventura,111,848112,57660,53095,2004,55099,319
2021-01-10,Yolo,113,214977,10456,9610,100,9710,129
2021-01-10,Yuba,115,75493,4575,4300,46,4346,27
2021-01-09,Alameda,001,1643700,64359,60125,1315,61440,649
2021-01-09,Alpine,003,1148,73,70,0,70,0
2021-01-09,Amador,005,37829,2957,2809,24,2833,24
2021-01-09,Butte,007,227075,9379,8552,1186,9738,118
2021-01-09,Calaveras,009,45235,1473,1425,7,1432,21
2021-01-09,Colusa,011,21464,1539,1468,142,1610,7
2021-01-09,Contra Costa,013,1133247,49965,46406,789,47195,393
2021-01-09,Del Norte,015,27424,844,802,2,804,2
2021-01-09,El Dorado,017,186661,7599,6800,460,7260,36
2021-01-09,Fresno,019,978130,81421,74816,5924,80740,773
2021-01-09,Glenn,021,27897,1891,1707,359,2066,9
2021-01-09,Humboldt,023,135768,2196,2026,7,2033,22
2021-01-09,Imperial,025,180216,25102,24028,1955,25983,448
2021-01-09,Inyo,027,18085,875,734,10,744,25
2021-01-09,Kern,029,883053,78204,73015,6762,79777,677
2021-01-09,Kings,031,150075,18686,17679,703,18382,108
2021-01-09,Lake,033,64148,2396,2144,0,2144,26
2021-01-09,Lassen,035,31185,4698,4613,68,4681,1
2021-01-09,Los Angeles,037,10098052,971434,887949,30153,918102,12011
2021-01-09,Madera,039,155013,12992,12063,598,12661,85
2021-01-09,Marin,041,260295,11208,10634,110,10744,154
2021-01-09,Mariposa,043,17540,316,287,2,289,3
2021-01-09,Mendocino,045,87422,2917,2664,42,2706,31
2021-01-09,Merced,047,269075,22703,21357,526,21883,237
2021-01-09,Modoc,049,8938,293,271,79,350,0
2021-01-09,Mono,051,14174,1037,964,13,977,3
2021-01-09,Monterey,053,433212,34040,31948,953,32901,235
2021-01-09,Napa,055,140530,7217,6594,26,6620,36
2021-01-09,Nevada,057,99092,3189,2932,115,3047,17
2021-01-09,Orange,059,3164182,203798,191004,8225,199229,2034
2021-01-09,Placer,061,380077,17296,15609,789,16398,162
2021-01-09,Plumas,063,18699,552,477,9,486,2
2021-01-09,Riverside,065,2383286,233480,216076,10962,227038,2201
2021-01-09,Sacramento,067,1510023,77290,74482,822,75304,953
2021-01-09,San Benito,069,59416,4615,4335,44,4379,34
2021-01-09,San Bernardino,071,2135413,245640,228857,6929,235786,1714
2021-01-09,San Diego,073,3302833,207559,188598,9535,198133,1824
2021-01-09,San Francisco,075,870044,28000,26708,352,27060,235
2021-01-09,San Joaquin,077,732212,54910,51927,2115,54042,724
2021-01-09,San Luis Obispo,079,281455,15013,13647,350,13997,121
2021-01-09,San Mateo,081,765935,31517,28512,171,28683,205
2021-01-09,Santa Barbara,083,443738,23171,20971,671,21642,197
2021-01-09,Santa Clara,085,1922200,88550,82269,374,82643,808
2021-01-09,Santa Cruz,087,273765,12198,10717,501,11218,107
2021-01-09,Shasta,089,179085,9386,8893,901,9794,81
2021-01-09,Sierra,091,2930,38,32,6,38,0
2021-01-09,Siskiyou,093,43540,1187,1062,155,1217,3
2021-01-09,Solano,095,438530,23987,22226,255,22481,101
2021-01-09,Sonoma,097,501317,22810,21393,119,21512,202
2021-01-09,Stanislaus,099,539301,41039,38403,3962,42365,567
2021-01-09,Sutter,101,95872,7406,7072,55,7127,69
2021-01-09,Tehama,103,63373,3669,3451,371,3822,15
2021-01-09,Trinity,105,12862,437,252,63,315,2
2021-01-09,Tulare,107,460477,40289,37684,5024,42708,496
2021-01-09,Tuolumne,109,53932,3157,3117,26,3143,26
2021-01-09,Ventura,111,848112,56831,51988,1978,53966,306
2021-01-09,Yolo,113,214977,10383,9524,97,9621,129
2021-01-09,Yuba,115,75493,4545,4265,46,4311,27
2021-01-08,Alameda,001,1643700,63793,59172,1306,60478,646
2021-01-08,Alpine,003,1148,73,70,0,70,0
2021-01-08,Amador,005,37829,2950,2792,24,2816,24
2021-01-08,Butte,007,227075,9319,8430,1172,9602,115
2021-01-08,Calaveras,009,45235,1459,1385,7,1392,21
2021-01-08,Colusa,011,21464,1526,1448,141,1589,7
2021-01-08,Contra Costa,013,1133247,49438,45667,785,46452,381
2021-01-08,Del Norte,015,27424,842,795,2,797,2
2021-01-08,El Dorado,017,186661,7529,6690,448,7138,36
2021-01-08,Fresno,019,978130,80606,73689,5863,79552,771
2021-01-08,Glenn,021,27897,1876,1680,354,2034,9
2021-01-08,Humboldt,023,135768,2172,1988,7,1995,22
2021-01-08,Imperial,025,180216,25036,23751,1940,25691,446
2021-01-08,Inyo,027,18085,861,682,10,692,24
2021-01-08,Kern,029,883053,77641,71978,6688,78666,674
2021-01-08,Kings,031,150075,18558,17441,698,18139,108
2021-01-08,Lake,033,64148,2371,2098,0,2098,26
2021-01-08,Lassen,035,31185,4690,4598,66,4664,1
2021-01-08,Los Angeles,037,10098052,960634,871188,29725,900913,11796
2021-01-08,Madera,039,155013,12841,11846,589,12435,85
2021-01-08,Marin,041,260295,11115,10531,109,10640,153
2021-01-08,Mariposa,043,17540,315,273,2,275,3
2021-01-08,Mendocino,045,87422,2898,2634,39,2673,31
2021-01-08,Merced,047,269075,22508,20862,521,21383,236
2021-01-08,Modoc,049,8938,293,266,79,345,0
2021-01-08,Mono,051,14174,1027,951,13,964,3
2021-01-08,Monterey,053,433212,33786,31543,942,32485,224
2021-01-08,Napa,055,140530,7147,6544,26,6570,32
2021-01-08,Nevada,057,99092,3167,2888,115,3003,17
2021-01-08,Orange,059,3164182,201804,186608,8138,194746,1991
2021-01-08,Placer,061,380077,17165,15401,782,16183,161
2021-01-08,Plumas,063,18699,546,465,9,474,2
2021-01-08,Riverside,065,2383286,231077,212122,10831,222953,2184
2021-01-08,Sacramento,067,1510023,76717,73245,816,74061,939
2021-01-08,San Benito,069,59416,4578,4225,43,4268,33
2021-01-08,San Bernardino,071,2135413,243764,224267,6859,231126,1703
2021-01-08,San Diego,073,3302833,205022,185060,9441,194501,1771
2021-01-08,San Francisco,075,870044,27751,26378,329,26707,207
2021-01-08,San Joaquin,077,732212,54576,50990,2087,53077,710
2021-01-08,San Luis Obispo,079,281455,14880,13286,338,13624,119
2021-01-08,San Mateo,081,765935,31167,28072,168,28240,204
2021-01-08,Santa Barbara,083,443738,22885,20461,666,21127,189
2021-01-08,Santa Clara,085,1922200,87547,80561,371,80932,789
2021-01-08,Santa Cruz,087,273765,12057,10486,493,10979,106
2021-01-08,Shasta,089,179085,9336,8772,886,9658,81
2021-01-08,Sierra,091,2930,38,31,6,37,0
2021-01-08,Siskiyou,093,43540,1184,1027,154,1181,3
2021-01-08,Solano,095,438530,23816,21832,252,22084,100
2021-01-08,Sonoma,097,501317,22668,21178,119,21297,201
2021-01-08,Stanislaus,099,539301,40741,37858,3927,41785,566
2021-01-08,Sutter,101,95872,7356,6982,55,7037,68
2021-01-08,Tehama,103,63373,3646,3406,367,3773,15
2021-01-08,Trinity,105,12862,437,247,63,310,2
2021-01-08,Tulare,107,460477,40017,36946,4923,41869,491
2021-01-08,Tuolumne,109,53932,3149,3099,26,3125,19
2021-01-08,Ventura,111,848112,55965,50553,1954,52507,294
2021-01-08,Yolo,113,214977,10295,9391,93,9484,129
2021-01-08,Yuba,115,75493,4503,4195,45,4240,26
2021-01-07,Alameda,001,1643700,62936,57921,1279,59200,632
2021-01-07,Alpine,003,1148,71,70,0,70,0
2021-01-07,Amador,005,37829,2937,2740,23,2763,24
2021-01-07,Butte,007,227075,9222,8278,1151,9429,112
2021-01-07,Calaveras,009,45235,1442,1342,6,1348,21
2021-01-07,Colusa,011,21464,1514,1420,134,1554,7
2021-01-07,Contra Costa,013,1133247,48661,44756,769,45525,376
2021-01-07,Del Norte,015,27424,840,791,2,793,2
2021-01-07,El Dorado,017,186661,7428,6545,436,6981,36
2021-01-07,Fresno,019,978130,79650,72557,5764,78321,765
2021-01-07,Glenn,021,27897,1858,1639,344,1983,9
2021-01-07,Humboldt,023,135768,2145,1954,7,1961,22
2021-01-07,Imperial,025,180216,24846,23608,1887,25495,431
2021-01-07,Inyo,027,18085,848,656,10,666,20
2021-01-07,Kern,029,883053,76779,70953,6537,77490,660
2021-01-07,Kings,031,150075,18430,17238,689,17927,108
2021-01-07,Lake,033,64148,2317,2054,0,2054,26
2021-01-07,Lassen,035,31185,4685,4581,64,4645,1
2021-01-07,Los Angeles,037,10098052,945720,853187,29188,882375,11480
2021-01-07,Madera,039,155013,12684,11644,578,12222,76
2021-01-07,Marin,041,260295,11026,10364,107,10471,153
2021-01-07,Mariposa,043,17540,313,264,2,266,3
2021-01-07,Mendocino,045,87422,2843,2585,34,2619,30
2021-01-07,Merced,047,269075,22187,20510,505,21015,234
2021-01-07,Modoc,049,8938,293,265,79,344,0
2021-01-07,Mono,051,14174,1016,905,13,918,3
2021-01-07,Monterey,053,433212,33281,30903,919,31822,222
2021-01-07,Napa,055,140530,7037,6408,26,6434,32
2021-01-07,Nevada,057,99092,3133,2847,110,2957,17
2021-01-07,Orange,059,3164182,198960,181922,8040,189962,1974
2021-01-07,Placer,061,380077,16986,15155,753,15908,144
2021-01-07,Plumas,063,18699,544,454,9,463,2
2021-01-07,Riverside,065,2383286,227614,208177,10675,218852,2156
2021-01-07,Sacramento,067,1510023,75809,72342,795,73137,919
2021-01-07,San Benito,069,59416,4517,4112,39,4151,33
2021-01-07,San Bernardino,071,2135413,240309,219691,6777,226468,1666
2021-01-07,San Diego,073,3302833,201716,180510,9263,189773,1738
2021-01-07,San Francisco,075,870044,27422,25885,314,26199,202
2021-01-07,San Joaquin,077,732212,53895,50156,2057,52213,689
2021-01-07,San Luis Obispo,079,281455,14641,12810,325,13135,118
2021-01-07,San Mateo,081,765935,30658,27494,164,27658,201
2021-01-07,Santa Barbara,083,443738,22458,19931,655,20586,187
2021-01-07,Santa Clara,085,1922200,86373,78808,368,79176,775
2021-01-07,Santa Cruz,087,273765,11848,10228,485,10713,104
2021-01-07,Shasta,089,179085,9248,8612,878,9490,81
2021-01-07,Sierra,091,2930,38,31,6,37,0
2021-01-07,Siskiyou,093,43540,1179,1010,152,1162,3
2021-01-07,Solano,095,438530,23424,21384,248,21632,100
2021-01-07,Sonoma,097,501317,22407,20857,118,20975,200
2021-01-07,Stanislaus,099,539301,40324,37296,3874,41170,553
2021-01-07,Sutter,101,95872,7297,6890,54,6944,65
2021-01-07,Tehama,103,63373,3622,3330,359,3689,15
2021-01-07,Trinity,105,12862,437,247,63,310,2
2021-01-07,Tulare,107,460477,39617,36397,4790,41187,482
2021-01-07,Tuolumne,109,53932,3129,3068,25,3093,14
2021-01-07,Ventura,111,848112,54804,49083,1926,51009,288
2021-01-07,Yolo,113,214977,10154,9207,91,9298,128
2021-01-07,Yuba,115,75493,4461,4128,45,4173,25
2021-01-06,Alameda,001,1643700,62082,57081,1250,58331,616
2021-01-06,Alpine,003,1148,71,70,0,70,0
2021-01-06,Amador,005,37829,2916,2717,22,2739,24
2021-01-06,Butte,007,227075,9107,8147,1131,9278,110
2021-01-06,Calaveras,009,45235,1419,1321,6,1327,21
2021-01-06,Colusa,011,21464,1493,1385,129,1514,7
2021-01-06,Contra Costa,013,1133247,47868,44054,753,44807,358
2021-01-06,Del Norte,015,27424,834,780,2,782,2
2021-01-06,El Dorado,017,186661,7316,6397,423,6820,35
2021-01-06,Fresno,019,978130,78807,71404,5662,77066,752
2021-01-06,Glenn,021,27897,1832,1622,339,1961,9
2021-01-06,Humboldt,023,135768,2119,1912,7,1919,22
2021-01-06,Imperial,025,180216,24601,23400,1845,25245,431
2021-01-06,Inyo,027,18085,832,630,10,640,20
2021-01-06,Kern,029,883053,75835,69893,6406,76299,646
2021-01-06,Kings,031,150075,18232,17019,669,17688,108
2021-01-06,Lake,033,64148,2280,2033,0,2033,26
2021-01-06,Lassen,035,31185,4673,4560,60,4620,1
2021-01-06,Los Angeles,037,10098052,929777,835052,28489,863541,11285
2021-01-06,Madera,039,155013,12548,11407,572,11979,67
2021-01-06,Marin,041,260295,10898,10282,106,10388,153
2021-01-06,Mariposa,043,17540,310,259,2,261,3
2021-01-06,Mendocino,045,87422,2813,2561,34,2595,30
2021-01-06,Merced,047,269075,21850,20258,489,20747,232
2021-01-06,Modoc,049,8938,293,263,79,342,0
2021-01-06,Mono,051,14174,985,905,13,918,3
2021-01-06,Monterey,053,433212,32681,30387,887,31274,222
2021-01-06,Napa,055,140530,6907,6342,26,6368,32
2021-01-06,Nevada,057,99092,3113,2805,109,2914,15
2021-01-06,Orange,059,3164182,195508,177686,7899,185585,1935
2021-01-06,Placer,061,380077,16798,14940,735,15675,134
2021-01-06,Plumas,063,18699,536,445,9,454,2
2021-01-06,Riverside,065,2383286,223594,203714,10489,214203,2121
2021-01-06,Sacramento,067,1510023,74785,71572,778,72350,909
2021-01-06,San Benito,069,59416,4441,4031,38,4069,32
2021-01-06,San Bernardino,071,2135413,236594,215286,6669,221955,1634
2021-01-06,San Diego,073,3302833,198217,176660,9092,185752,1691
2021-01-06,San Francisco,075,870044,27053,25424,306,25730,199
2021-01-06,San Joaquin,077,732212,53140,49286,2016,51302,673
2021-01-06,San Luis Obispo,079,281455,14248,12305,318,12623,115
2021-01-06,San Mateo,081,765935,30233,27050,161,27211,200
2021-01-06,Santa Barbara,083,443738,21969,19453,646,20099,177
2021-01-06,Santa Clara,085,1922200,85004,77485,361,77846,746
2021-01-06,Santa Cruz,087,273765,11629,9954,467,10421,97
2021-01-06,Shasta,089,179085,9177,8482,871,9353,78
2021-01-06,Sierra,091,2930,37,31,6,37,0
2021-01-06,Siskiyou,093,43540,1167,998,148,1146,3
2021-01-06,Solano,095,438530,23041,21102,245,21347,99
2021-01-06,Sonoma,097,501317,22100,20558,118,20676,196
2021-01-06,Stanislaus,099,539301,39757,36751,3815,40566,553
2021-01-06,Sutter,101,95872,7216,6839,53,6892,59
2021-01-06,Tehama,103,63373,3594,3306,353,3659,15
2021-01-06,Trinity,105,12862,437,246,63,309,2
2021-01-06,Tulare,107,460477,39065,35882,4693,40575,465
2021-01-06,Tuolumne,109,53932,3109,3008,25,3033,14
2021-01-06,Ventura,111,848112,53561,47428,1902,49330,280
2021-01-06,Yolo,113,214977,9989,9083,88,9171,127
2021-01-06,Yuba,115,75493,4412,4097,45,4142,25
2021-01-05,Alameda,001,1643700,60964,56432,1216,57648,602
2021-01-05,Alpine,003,1148,71,70,0,70,0
2021-01-05,Amador,005,37829,2876,2695,22,2717,24
2021-01-05,Butte,007,227075,8966,8008,1103,9111,107
2021-01-05,Calaveras,009,45235,1373,1292,6,1298,21
2021-01-05,Colusa,011,21464,1468,1376,123,1499,7
2021-01-05,Contra Costa,013,1133247,46993,43442,741,44183,353
2021-01-05,Del Norte,015,27424,827,770,2,772,2
2021-01-05,El Dorado,017,186661,7198,6270,402,6672,32
2021-01-05,Fresno,019,978130,77585,70971,5568,76539,741
2021-01-05,Glenn,021,27897,1809,1608,323,1931,9
2021-01-05,Humboldt,023,135768,2083,1884,7,1891,22
2021-01-05,Imperial,025,180216,24428,23165,1802,24967,421
2021-01-05,Inyo,027,18085,818,627,10,637,20
2021-01-05,Kern,029,883053,74758,68257,6266,74523,624
2021-01-05,Kings,031,150075,18033,16860,646,17506,108
2021-01-05,Lake,033,64148,2233,2015,0,2015,25
2021-01-05,Lassen,035,31185,4658,4554,56,4610,1
2021-01-05,Los Angeles,037,10098052,911046,823783,27818,851601,11028
2021-01-05,Madera,039,155013,12372,11359,559,11918,67
2021-01-05,Marin,041,260295,10745,10214,105,10319,151
2021-01-05,Mariposa,043,17540,304,257,2,259,3
2021-01-05,Mendocino,045,87422,2777,2501,34,2535,30
2021-01-05,Merced,047,269075,21499,20051,477,20528,230
2021-01-05,Modoc,049,8938,293,254,79,333,0
2021-01-05,Mono,051,14174,979,896,13,909,3
2021-01-05,Monterey,053,433212,32132,30045,854,30899,213
2021-01-05,Napa,055,140530,6820,6264,26,6290,29
2021-01-05,Nevada,057,99092,3085,2781,107,2888,15
2021-01-05,Orange,059,3164182,191872,174869,7704,182573,1918
2021-01-05,Placer,061,380077,16574,14723,712,15435,133
2021-01-05,Plumas,063,18699,529,428,9,437,2
2021-01-05,Riverside,065,2383286,219468,200439,10314,210753,2069
2021-01-05,Sacramento,067,1510023,73857,70677,752,71429,888
2021-01-05,San Benito,069,59416,4339,3961,36,3997,28
2021-01-05,San Bernardino,071,2135413,232649,212522,6554,219076,1615
2021-01-05,San Diego,073,3302833,194078,172845,8878,181723,1654
2021-01-05,San Francisco,075,870044,26686,24989,288,25277,196
2021-01-05,San Joaquin,077,732212,52268,48969,1969,50938,663
2021-01-05,San Luis Obispo,079,281455,13849,12027,308,12335,106
2021-01-05,San Mateo,081,765935,29752,26486,159,26645,198
2021-01-05,Santa Barbara,083,443738,21523,19063,637,19700,172
2021-01-05,Santa Clara,085,1922200,83474,76355,348,76703,729
2021-01-05,Santa Cruz,087,273765,11356,9753,443,10196,93
2021-01-05,Shasta,089,179085,9070,8345,853,9198,73
2021-01-05,Sierra,091,2930,37,31,6,37,0
2021-01-05,Siskiyou,093,43540,1155,985,146,1131,3
2021-01-05,Solano,095,438530,22634,20860,240,21100,97
2021-01-05,Sonoma,097,501317,21741,20247,117,20364,194
2021-01-05,Stanislaus,099,539301,39212,36363,3764,40127,553
2021-01-05,Sutter,101,95872,7119,6769,52,6821,59
2021-01-05,Tehama,103,63373,3538,3255,348,3603,9
2021-01-05,Trinity,105,12862,437,246,63,309,2
2021-01-05,Tulare,107,460477,38451,35585,4548,40133,455
2021-01-05,Tuolumne,109,53932,3085,2996,20,3016,13
2021-01-05,Ventura,111,848112,52315,46456,1880,48336,264
2021-01-05,Yolo,113,214977,9814,8980,87,9067,127
2021-01-05,Yuba,115,75493,4353,4053,44,4097,21
2021-01-04,Alameda,001,1643700,59738,55899,1182,57081,583
2021-01-04,Alpine,003,1148,71,68,0,68,0
2021-01-04,Amador,005,37829,2836,2596,22,2618,24
2021-01-04,Butte,007,227075,8807,7893,1082,8975,105
2021-01-04,Calaveras,009,45235,1332,1276,5,1281,21
2021-01-04,Colusa,011,21464,1443,1368,109,1477,7
2021-01-04,Contra Costa,013,1133247,46132,43019,715,43734,353
2021-01-04,Del Norte,015,27424,817,770,2,772,2
2021-01-04,El Dorado,017,186661,7064,6152,386,6538,27
2021-01-04,Fresno,019,978130,76316,69871,5470,75341,726
2021-01-04,Glenn,021,27897,1776,1590,318,1908,9
2021-01-04,Humboldt,023,135768,2047,1845,7,1852,22
2021-01-04,Imperial,025,180216,24277,23035,1749,24784,420
2021-01-04,Inyo,027,18085,792,623,10,633,20
2021-01-04,Kern,029,883053,73674,67418,6069,73487,623
2021-01-04,Kings,031,150075,17756,16801,621,17422,108
2021-01-04,Lake,033,64148,2194,1984,0,1984,25
2021-01-04,Lassen,035,31185,4636,4550,55,4605,1
2021-01-04,Los Angeles,037,10098052,890932,813022,26948,839970,10790
2021-01-04,Madera,039,155013,12152,11204,537,11741,67
2021-01-04,Marin,041,260295,10608,10115,102,10217,151
2021-01-04,Mariposa,043,17540,298,253,2,255,3
2021-01-04,Mendocino,045,87422,2737,2460,30,2490,28
2021-01-04,Merced,047,269075,21084,19804,458,20262,230
2021-01-04,Modoc,049,8938,277,250,77,327,0
2021-01-04,Mono,051,14174,968,895,13,908,3
2021-01-04,Monterey,053,433212,31512,29659,832,30491,212
2021-01-04,Napa,055,140530,6679,6187,26,6213,29
2021-01-04,Nevada,057,99092,3047,2765,104,2869,15
2021-01-04,Orange,059,3164182,187982,172458,7577,180035,1918
2021-01-04,Placer,061,380077,16315,14622,699,15321,133
2021-01-04,Plumas,063,18699,519,419,9,428,1
2021-01-04,Riverside,065,2383286,214914,196809,10123,206932,2066
2021-01-04,Sacramento,067,1510023,72803,70164,742,70906,870
2021-01-04,San Benito,069,59416,4226,3914,36,3950,28
2021-01-04,San Bernardino,071,2135413,228397,210868,6403,217271,1615
2021-01-04,San Diego,073,3302833,189504,171031,8682,179713,1598
2021-01-04,San Francisco,075,870044,26298,24753,282,25035,191
2021-01-04,San Joaquin,077,732212,51367,48644,1927,50571,661
2021-01-04,San Luis Obispo,079,281455,13363,11945,300,12245,96
2021-01-04,San Mateo,081,765935,29188,26150,154,26304,198
2021-01-04,Santa Barbara,083,443738,21000,18735,606,19341,165
2021-01-04,Santa Clara,085,1922200,81718,75297,340,75637,727
2021-01-04,Santa Cruz,087,273765,11068,9680,426,10106,85
2021-01-04,Shasta,089,179085,8965,8224,836,9060,72
2021-01-04,Sierra,091,2930,36,30,6,36,0
2021-01-04,Siskiyou,093,43540,1138,980,143,1123,3
2021-01-04,Solano,095,438530,22134,20588,233,20821,97
2021-01-04,Sonoma,097,501317,21403,20210,116,20326,194
2021-01-04,Stanislaus,099,539301,38650,36141,3707,39848,553
2021-01-04,Sutter,101,95872,7023,6712,51,6763,56
2021-01-04,Tehama,103,63373,3465,3190,343,3533,9
2021-01-04,Trinity,105,12862,434,245,63,308,2
2021-01-04,Tulare,107,460477,37894,35060,4445,39505,455
2021-01-04,Tuolumne,109,53932,3060,2987,20,3007,13
2021-01-04,Ventura,111,848112,50813,45014,1860,46874,255
2021-01-04,Yolo,113,214977,9620,8834,81,8915,121
2021-01-04,Yuba,115,75493,4295,4023,44,4067,21
2021-01-03,Alameda,001,1643700,58476,55082,1155,56237,580
2021-01-03,Alpine,003,1148,69,68,0,68,0
2021-01-03,Amador,005,37829,2772,2565,22,2587,24
2021-01-03,Butte,007,227075,8613,7837,1036,8873,105
2021-01-03,Calaveras,009,45235,1295,1249,3,1252,21
2021-01-03,Colusa,011,21464,1414,1337,103,1440,7
2021-01-03,Contra Costa,013,1133247,45242,42432,690,43122,352
2021-01-03,Del Norte,015,27424,805,768,2,770,2
2021-01-03,El Dorado,017,186661,6936,6034,369,6403,27
2021-01-03,Fresno,019,978130,75166,69326,5351,74677,719
2021-01-03,Glenn,021,27897,1750,1581,312,1893,9
2021-01-03,Humboldt,023,135768,2010,1833,7,1840,21
2021-01-03,Imperial,025,180216,24030,22951,1671,24622,419
2021-01-03,Inyo,027,18085,774,615,10,625,20
2021-01-03,Kern,029,883053,72414,66895,5891,72786,609
2021-01-03,Kings,031,150075,17480,16593,591,17184,108
2021-01-03,Lake,033,64148,2141,1976,0,1976,24
2021-01-03,Lassen,035,31185,4603,4531,54,4585,1
2021-01-03,Los Angeles,037,10098052,868897,792168,25881,818049,10633
2021-01-03,Madera,039,155013,11929,11152,514,11666,67
2021-01-03,Marin,041,260295,10457,10034,97,10131,150
2021-01-03,Mariposa,043,17540,291,248,2,250,3
2021-01-03,Mendocino,045,87422,2697,2445,29,2474,24
2021-01-03,Merced,047,269075,20616,19600,431,20031,230
2021-01-03,Modoc,049,8938,273,245,76,321,0
2021-01-03,Mono,051,14174,943,893,13,906,3
2021-01-03,Monterey,053,433212,30919,29357,797,30154,191
2021-01-03,Napa,055,140530,6578,6094,26,6120,29
2021-01-03,Nevada,057,99092,2986,2742,101,2843,15
2021-01-03,Orange,059,3164182,183794,169881,7384,177265,1919
2021-01-03,Placer,061,380077,16066,14319,675,14994,133
2021-01-03,Plumas,063,18699,506,416,9,425,1
2021-01-03,Riverside,065,2383286,210037,195048,9877,204925,2005
2021-01-03,Sacramento,067,1510023,71596,68558,721,69279,859
2021-01-03,San Benito,069,59416,4129,3882,35,3917,28
2021-01-03,San Bernardino,071,2135413,223080,208294,6230,214524,1592
2021-01-03,San Diego,073,3302833,184244,168018,8453,176471,1592
2021-01-03,San Francisco,075,870044,25801,24588,264,24852,193
2021-01-03,San Joaquin,077,732212,50250,47899,1870,49769,661
2021-01-03,San Luis Obispo,079,281455,12893,11636,291,11927,95
2021-01-03,San Mateo,081,765935,28594,25770,147,25917,196
2021-01-03,Santa Barbara,083,443738,20267,18267,589,18856,164
2021-01-03,Santa Clara,085,1922200,80131,74534,334,74868,720
2021-01-03,Santa Cruz,087,273765,10764,9528,411,9939,84
2021-01-03,Shasta,089,179085,8839,8192,796,8988,72
2021-01-03,Sierra,091,2930,36,30,6,36,0
2021-01-03,Siskiyou,093,43540,1105,976,134,1110,3
2021-01-03,Solano,095,438530,21605,20105,227,20332,97
2021-01-03,Sonoma,097,501317,21015,19982,113,20095,193
2021-01-03,Stanislaus,099,539301,37943,35762,3622,39384,553
2021-01-03,Sutter,101,95872,6926,6664,50,6714,53
2021-01-03,Tehama,103,63373,3408,3176,336,3512,9
2021-01-03,Trinity,105,12862,429,243,61,304,2
2021-01-03,Tulare,107,460477,37331,34747,4297,39044,455
2021-01-03,Tuolumne,109,53932,3000,2978,17,2995,13
2021-01-03,Ventura,111,848112,48989,43748,1842,45590,254
2021-01-03,Yolo,113,214977,9464,8674,77,8751,121
2021-01-03,Yuba,115,75493,4241,3966,43,4009,20
2021-01-02,Alameda,001,1643700,57848,54518,1124,55642,581
2021-01-02,Alpine,003,1148,69,68,0,68,0
2021-01-02,Amador,005,37829,2753,2540,22,2562,24
2021-01-02,Butte,007,227075,8507,7750,1014,8764,105
2021-01-02,Calaveras,009,45235,1275,1230,3,1233,21
2021-01-02,Colusa,011,21464,1404,1332,102,1434,7
2021-01-02,Contra Costa,013,1133247,44709,41993,679,42672,352
2021-01-02,Del Norte,015,27424,803,764,2,766,2
2021-01-02,El Dorado,017,186661,6881,5959,365,6324,27
2021-01-02,Fresno,019,978130,74622,68740,5237,73977,717
2021-01-02,Glenn,021,27897,1733,1546,311,1857,9
2021-01-02,Humboldt,023,135768,1983,1815,7,1822,21
2021-01-02,Imperial,025,180216,23944,22867,1635,24502,420
2021-01-02,Inyo,027,18085,761,609,10,619,20
2021-01-02,Kern,029,883053,71694,66457,5779,72236,610
2021-01-02,Kings,031,150075,17386,16515,587,17102,108
2021-01-02,Lake,033,64148,2105,1925,0,1925,24
2021-01-02,Lassen,035,31185,4592,4457,53,4510,1
2021-01-02,Los Angeles,037,10098052,860536,791892,25181,817073,10633
2021-01-02,Madera,039,155013,11818,11039,502,11541,67
2021-01-02,Marin,041,260295,10411,9924,94,10018,151
2021-01-02,Mariposa,043,17540,284,243,2,245,3
2021-01-02,Mendocino,045,87422,2654,2428,28,2456,24
2021-01-02,Merced,047,269075,20474,19395,414,19809,230
2021-01-02,Modoc,049,8938,272,245,76,321,0
2021-01-02,Mono,051,14174,932,884,13,897,3
2021-01-02,Monterey,053,433212,30706,28991,785,29776,191
2021-01-02,Napa,055,140530,6519,5994,26,6020,29
2021-01-02,Nevada,057,99092,2957,2706,97,2803,15
2021-01-02,Orange,059,3164182,181586,168457,7235,175692,1918
2021-01-02,Placer,061,380077,15893,14182,666,14848,133
2021-01-02,Plumas,063,18699,503,413,9,422,1
2021-01-02,Riverside,065,2383286,207396,192069,9651,201720,2008
2021-01-02,Sacramento,067,1510023,70962,67810,704,68514,858
2021-01-02,San Benito,069,59416,4046,3829,35,3864,28
2021-01-02,San Bernardino,071,2135413,221422,206939,6105,213044,1597
2021-01-02,San Diego,073,3302833,181645,164498,8256,172754,1592
2021-01-02,San Francisco,075,870044,25541,24414,257,24671,194
2021-01-02,San Joaquin,077,732212,49869,47310,1841,49151,662
2021-01-02,San Luis Obispo,079,281455,12757,11467,285,11752,95
2021-01-02,San Mateo,081,765935,28258,25483,139,25622,196
2021-01-02,Santa Barbara,083,443738,19978,18135,586,18721,164
2021-01-02,Santa Clara,085,1922200,78945,73662,328,73990,720
2021-01-02,Santa Cruz,087,273765,10609,9340,402,9742,85
2021-01-02,Shasta,089,179085,8773,8154,785,8939,72
2021-01-02,Sierra,091,2930,36,28,6,34,0
2021-01-02,Siskiyou,093,43540,1094,949,132,1081,3
2021-01-02,Solano,095,438530,21405,19805,217,20022,97
2021-01-02,Sonoma,097,501317,20846,19761,113,19874,194
2021-01-02,Stanislaus,099,539301,37610,35431,3557,38988,553
2021-01-02,Sutter,101,95872,6874,6621,50,6671,53
2021-01-02,Tehama,103,63373,3381,3146,332,3478,9
2021-01-02,Trinity,105,12862,426,243,61,304,2
2021-01-02,Tulare,107,460477,37013,34479,4222,38701,455
2021-01-02,Tuolumne,109,53932,2986,2942,15,2957,13
2021-01-02,Ventura,111,848112,47834,43397,1807,45204,254
2021-01-02,Yolo,113,214977,9366,8571,75,8646,122
2021-01-02,Yuba,115,75493,4202,3930,42,3972,21
2021-01-01,Alameda,001,1643700,57192,53518,1110,54628,579
2021-01-01,Alpine,003,1148,69,68,0,68,0
2021-01-01,Amador,005,37829,2727,2513,20,2533,24
2021-01-01,Butte,007,227075,8405,7589,992,8581,105
2021-01-01,Calaveras,009,45235,1260,1186,3,1189,21
2021-01-01,Colusa,011,21464,1395,1314,100,1414,7
2021-01-01,Contra Costa,013,1133247,44228,41412,661,42073,351
2021-01-01,Del Norte,015,27424,796,758,2,760,2
2021-01-01,El Dorado,017,186661,6789,5832,357,6189,27
2021-01-01,Fresno,019,978130,73549,67484,5151,72635,717
2021-01-01,Glenn,021,27897,1716,1520,302,1822,9
2021-01-01,Humboldt,023,135768,1944,1783,7,1790,21
2021-01-01,Imperial,025,180216,23855,22715,1583,24298,418
2021-01-01,Inyo,027,18085,737,606,10,616,20
2021-01-01,Kern,029,883053,70867,65571,5671,71242,609
2021-01-01,Kings,031,150075,17203,16358,580,16938,108
2021-01-01,Lake,033,64148,2072,1888,0,1888,24
2021-01-01,Lassen,035,31185,4586,4377,53,4430,1
2021-01-01,Los Angeles,037,10098052,846332,775578,24493,800071,10515
2021-01-01,Madera,039,155013,11658,10752,493,11245,66
2021-01-01,Marin,041,260295,10304,9821,93,9914,148
2021-01-01,Mariposa,043,17540,276,236,2,238,3
2021-01-01,Mendocino,045,87422,2600,2400,28,2428,24
2021-01-01,Merced,047,269075,20290,19118,398,19516,229
2021-01-01,Modoc,049,8938,272,241,76,317,0
2021-01-01,Mono,051,14174,914,884,12,896,3
2021-01-01,Monterey,053,433212,30466,28465,776,29241,191
2021-01-01,Napa,055,140530,6433,5899,26,5925,28
2021-01-01,Nevada,057,99092,2933,2663,97,2760,15
2021-01-01,Orange,059,3164182,178787,165440,7091,172531,1893
2021-01-01,Placer,061,380077,15703,13987,651,14638,133
2021-01-01,Plumas,063,18699,498,412,9,421,1
2021-01-01,Riverside,065,2383286,204208,188674,9393,198067,1990
2021-01-01,Sacramento,067,1510023,70364,66956,687,67643,848
2021-01-01,San Benito,069,59416,4008,3773,35,3808,28
2021-01-01,San Bernardino,071,2135413,218586,203651,5973,209624,1590
2021-01-01,San Diego,073,3302833,178572,160071,8077,168148,1592
2021-01-01,San Francisco,075,870044,25266,24145,246,24391,187
2021-01-01,San Joaquin,077,732212,49576,46640,1795,48435,657
2021-01-01,San Luis Obispo,079,281455,12529,11160,277,11437,94
2021-01-01,San Mateo,081,765935,27810,25041,135,25176,194
2021-01-01,Santa Barbara,083,443738,19658,17759,576,18335,164
2021-01-01,Santa Clara,085,1922200,77662,71904,322,72226,680
2021-01-01,Santa Cruz,087,273765,10429,9146,392,9538,84
2021-01-01,Shasta,089,179085,8692,8102,768,8870,72
2021-01-01,Sierra,091,2930,36,26,6,32,0
2021-01-01,Siskiyou,093,43540,1080,944,127,1071,3
2021-01-01,Solano,095,438530,21190,19393,215,19608,97
2021-01-01,Sonoma,097,501317,20650,19513,113,19626,189
2021-01-01,Stanislaus,099,539301,37322,34978,3495,38473,553
2021-01-01,Sutter,101,95872,6817,6553,49,6602,52
2021-01-01,Tehama,103,63373,3323,3079,325,3404,9
2021-01-01,Trinity,105,12862,426,243,61,304,2
2021-01-01,Tulare,107,460477,36601,33994,4127,38121,454
2021-01-01,Tuolumne,109,53932,2970,2909,15,2924,13
2021-01-01,Ventura,111,848112,46341,42026,1780,43806,253
2021-01-01,Yolo,113,214977,9255,8461,72,8533,120
2021-01-01,Yuba,115,75493,4148,3845,41,3886,19
2020-12-31,Alameda,001,1643700,56640,52475,1079,53554,579
2020-12-31,Alpine,003,1148,69,66,0,66,0
2020-12-31,Amador,005,37829,2713,2493,20,2513,24
2020-12-31,Butte,007,227075,8330,7405,973,8378,105
2020-12-31,Calaveras,009,45235,1249,1161,3,1164,21
2020-12-31,Colusa,011,21464,1386,1301,97,1398,7
2020-12-31,Contra Costa,013,1133247,43839,40512,646,41158,336
2020-12-31,Del Norte,015,27424,795,748,2,750,2
2020-12-31,El Dorado,017,186661,6737,5662,348,6010,26
2020-12-31,Fresno,019,978130,73116,66442,5089,71531,711
2020-12-31,Glenn,021,27897,1689,1484,294,1778,9
2020-12-31,Humboldt,023,135768,1927,1713,7,1720,21
2020-12-31,Imperial,025,180216,23784,22494,1567,24061,417
2020-12-31,Inyo,027,18085,729,591,10,601,20
2020-12-31,Kern,029,883053,70395,64904,5579,70483,609
2020-12-31,Kings,031,150075,17128,16077,572,16649,108
2020-12-31,Lake,033,64148,2057,1848,0,1848,23
2020-12-31,Lassen,035,31185,4580,4340,52,4392,1
2020-12-31,Los Angeles,037,10098052,840998,755844,24030,779874,10320
2020-12-31,Madera,039,155013,11585,10609,485,11094,64
2020-12-31,Marin,041,260295,10261,9731,92,9823,148
2020-12-31,Mariposa,043,17540,274,217,2,219,3
2020-12-31,Mendocino,045,87422,2585,2367,24,2391,24
2020-12-31,Merced,047,269075,20200,18808,388,19196,226
2020-12-31,Modoc,049,8938,272,238,76,314,0
2020-12-31,Mono,051,14174,906,868,12,880,3
2020-12-31,Monterey,053,433212,30237,27720,764,28484,188
2020-12-31,Napa,055,140530,6370,5801,26,5827,28
2020-12-31,Nevada,057,99092,2910,2619,95,2714,15
2020-12-31,Orange,059,3164182,176900,161586,6958,168544,1866
2020-12-31,Placer,061,380077,15547,13708,648,14356,126
2020-12-31,Plumas,063,18699,493,401,8,409,1
2020-12-31,Riverside,065,2383286,202533,184193,9260,193453,1958
2020-12-31,Sacramento,067,1510023,69835,65817,677,66494,830
2020-12-31,San Benito,069,59416,3984,3673,35,3708,28
2020-12-31,San Bernardino,071,2135413,216946,199115,5905,205020,1586
2020-12-31,San Diego,073,3302833,176809,155593,7978,163571,1534
2020-12-31,San Francisco,075,870044,25034,23740,239,23979,183
2020-12-31,San Joaquin,077,732212,49257,45764,1756,47520,646
2020-12-31,San Luis Obispo,079,281455,12415,10846,277,11123,89
2020-12-31,San Mateo,081,765935,27480,24570,129,24699,192
2020-12-31,Santa Barbara,083,443738,19414,17434,569,18003,161
2020-12-31,Santa Clara,085,1922200,76855,70032,317,70349,665
2020-12-31,Santa Cruz,087,273765,10311,8909,380,9289,84
2020-12-31,Shasta,089,179085,8626,7996,758,8754,69
2020-12-31,Sierra,091,2930,36,26,6,32,0
2020-12-31,Siskiyou,093,43540,1064,940,124,1064,3
2020-12-31,Solano,095,438530,20959,18942,214,19156,97
2020-12-31,Sonoma,097,501317,20529,19129,112,19241,188
2020-12-31,Stanislaus,099,539301,37014,34398,3447,37845,552
2020-12-31,Sutter,101,95872,6786,6432,49,6481,51
2020-12-31,Tehama,103,63373,3288,3036,324,3360,9
2020-12-31,Trinity,105,12862,425,241,61,302,2
2020-12-31,Tulare,107,460477,36426,33412,4064,37476,446
2020-12-31,Tuolumne,109,53932,2961,2902,15,2917,12
2020-12-31,Ventura,111,848112,45830,40854,1763,42617,251
2020-12-31,Yolo,113,214977,9168,8295,71,8366,117
2020-12-31,Yuba,115,75493,4107,3799,40,3839,18
2020-12-30,Alameda,001,1643700,55864,50158,1026,51184,573
2020-12-30,Alpine,003,1148,69,66,0,66,0
2020-12-30,Amador,005,37829,2693,2418,19,2437,24
2020-12-30,Butte,007,227075,8168,7140,953,8093,103
2020-12-30,Calaveras,009,45235,1224,1135,3,1138,21
2020-12-30,Colusa,011,21464,1370,1289,91,1380,7
2020-12-30,Contra Costa,013,1133247,43255,39601,634,40235,337
2020-12-30,Del Norte,015,27424,790,726,2,728,2
2020-12-30,El Dorado,017,186661,6636,5595,338,5933,27
2020-12-30,Fresno,019,978130,72270,65566,4936,70502,711
2020-12-30,Glenn,021,27897,1658,1471,281,1752,9
2020-12-30,Humboldt,023,135768,1893,1654,7,1661,22
2020-12-30,Imperial,025,180216,23615,22098,1490,23588,412
2020-12-30,Inyo,027,18085,722,572,10,582,20
2020-12-30,Kern,029,883053,69667,63292,5435,68727,604
2020-12-30,Kings,031,150075,17009,15862,564,16426,108
2020-12-30,Lake,033,64148,2035,1731,0,1731,23
2020-12-30,Lassen,035,31185,4571,4300,52,4352,1
2020-12-30,Los Angeles,037,10098052,830088,741907,23340,765247,10046
2020-12-30,Madera,039,155013,11475,10249,474,10723,65
2020-12-30,Marin,041,260295,10171,9569,85,9654,148
2020-12-30,Mariposa,043,17540,270,214,2,216,3
2020-12-30,Mendocino,045,87422,2567,2291,21,2312,24
2020-12-30,Merced,047,269075,19910,18519,378,18897,225
2020-12-30,Modoc,049,8938,269,234,76,310,0
2020-12-30,Mono,051,14174,903,868,12,880,3
2020-12-30,Monterey,053,433212,29607,26977,742,27719,186
2020-12-30,Napa,055,140530,6264,5754,26,5780,28
2020-12-30,Nevada,057,99092,2875,2595,93,2688,15
2020-12-30,Orange,059,3164182,174242,153951,6768,160719,1863
2020-12-30,Placer,061,380077,15316,13540,636,14176,127
2020-12-30,Plumas,063,18699,488,397,8,405,1
2020-12-30,Riverside,065,2383286,199585,176402,9075,185477,1919
2020-12-30,Sacramento,067,1510023,68962,64119,660,64779,847
2020-12-30,San Benito,069,59416,3903,3464,31,3495,29
2020-12-30,San Bernardino,071,2135413,214379,192648,5819,198467,1591
2020-12-30,San Diego,073,3302833,173176,152510,7803,160313,1472
2020-12-30,San Francisco,075,870044,24741,23099,234,23333,182
2020-12-30,San Joaquin,077,732212,48564,44465,1714,46179,634
2020-12-30,San Luis Obispo,079,281455,12147,10542,269,10811,89
2020-12-30,San Mateo,081,765935,27052,24150,125,24275,190
2020-12-30,Santa Barbara,083,443738,19012,16895,547,17442,161
2020-12-30,Santa Clara,085,1922200,75604,67218,313,67531,661
2020-12-30,Santa Cruz,087,273765,10115,8787,371,9158,86
2020-12-30,Shasta,089,179085,8512,7818,744,8562,69
2020-12-30,Sierra,091,2930,36,25,6,31,0
2020-12-30,Siskiyou,093,43540,1057,913,115,1028,3
2020-12-30,Solano,095,438530,20567,18300,211,18511,96
2020-12-30,Sonoma,097,501317,20272,18947,112,19059,191
2020-12-30,Stanislaus,099,539301,36550,33730,3372,37102,526
2020-12-30,Sutter,101,95872,6725,6328,47,6375,51
2020-12-30,Tehama,103,63373,3244,2969,320,3289,9
2020-12-30,Trinity,105,12862,424,231,60,291,2
2020-12-30,Tulare,107,460477,35876,32413,4000,36413,430
2020-12-30,Tuolumne,109,53932,2951,2772,13,2785,12
2020-12-30,Ventura,111,848112,44542,39039,1739,40778,251
2020-12-30,Yolo,113,214977,9060,8067,69,8136,117
2020-12-30,Yuba,115,75493,4036,3612,40,3652,18
2020-12-29,Alameda,001,1643700,54796,50946,990,51936,552
2020-12-29,Alpine,003,1148,69,65,0,65,0
2020-12-29,Amador,005,37829,2641,2388,18,2406,23
2020-12-29,Butte,007,227075,7995,7178,929,8107,98
2020-12-29,Calaveras,009,45235,1180,1111,2,1113,21
2020-12-29,Colusa,011,21464,1349,1272,86,1358,7
2020-12-29,Contra Costa,013,1133247,42456,39225,603,39828,325
2020-12-29,Del Norte,015,27424,783,724,2,726,2
2020-12-29,El Dorado,017,186661,6507,5551,325,5876,22
2020-12-29,Fresno,019,978130,70894,65149,4781,69930,688
2020-12-29,Glenn,021,27897,1624,1454,274,1728,9
2020-12-29,Humboldt,023,135768,1846,1616,7,1623,19
2020-12-29,Imperial,025,180216,23402,22105,1405,23510,407
2020-12-29,Inyo,027,18085,705,571,10,581,19
2020-12-29,Kern,029,883053,68501,63096,5263,68359,589
2020-12-29,Kings,031,150075,16840,15777,552,16329,108
2020-12-29,Lake,033,64148,2004,1805,0,1805,22
2020-12-29,Lassen,035,31185,4556,4288,52,4340,1
2020-12-29,Los Angeles,037,10098052,809902,731907,22477,754384,9786
2020-12-29,Madera,039,155013,11161,10251,459,10710,64
2020-12-29,Marin,041,260295,10019,9595,82,9677,146
2020-12-29,Mariposa,043,17540,262,212,2,214,3
2020-12-29,Mendocino,045,87422,2524,2249,20,2269,24
2020-12-29,Merced,047,269075,19560,18464,362,18826,221
2020-12-29,Modoc,049,8938,266,232,76,308,0
2020-12-29,Mono,051,14174,894,868,12,880,3
2020-12-29,Monterey,053,433212,28957,26894,715,27609,185
2020-12-29,Napa,055,140530,6146,5663,26,5689,28
2020-12-29,Nevada,057,99092,2827,2550,92,2642,15
2020-12-29,Orange,059,3164182,170451,154411,6600,161011,1839
2020-12-29,Placer,061,380077,15104,13392,615,14007,126
2020-12-29,Plumas,063,18699,479,395,8,403,1
2020-12-29,Riverside,065,2383286,194985,177624,8821,186445,1904
2020-12-29,Sacramento,067,1510023,67911,65078,646,65724,820
2020-12-29,San Benito,069,59416,3784,3474,30,3504,25
2020-12-29,San Bernardino,071,2135413,209559,190476,5682,196158,1557
2020-12-29,San Diego,073,3302833,168953,150062,7572,157634,1435
2020-12-29,San Francisco,075,870044,24402,22996,226,23222,178
2020-12-29,San Joaquin,077,732212,47644,44699,1659,46358,622
2020-12-29,San Luis Obispo,079,281455,11851,10387,261,10648,80
2020-12-29,San Mateo,081,765935,26509,23773,113,23886,189
2020-12-29,Santa Barbara,083,443738,18543,16797,521,17318,155
2020-12-29,Santa Clara,085,1922200,74056,67581,310,67891,621
2020-12-29,Santa Cruz,087,273765,9846,8492,362,8854,84
2020-12-29,Shasta,089,179085,8408,7782,729,8511,65
2020-12-29,Sierra,091,2930,34,24,5,29,0
2020-12-29,Siskiyou,093,43540,1042,926,113,1039,3
2020-12-29,Solano,095,438530,20185,18412,206,18618,96
2020-12-29,Sonoma,097,501317,19938,18790,110,18900,187
2020-12-29,Stanislaus,099,539301,36075,33775,3302,37077,508
2020-12-29,Sutter,101,95872,6658,6302,47,6349,50
2020-12-29,Tehama,103,63373,3176,2962,308,3270,9
2020-12-29,Trinity,105,12862,423,241,60,301,2
2020-12-29,Tulare,107,460477,35218,32545,3868,36413,419
2020-12-29,Tuolumne,109,53932,2910,2797,13,2810,12
2020-12-29,Ventura,111,848112,43287,38669,1713,40382,235
2020-12-29,Yolo,113,214977,8931,8124,67,8191,111
2020-12-29,Yuba,115,75493,3954,3723,40,3763,18
2020-12-28,Alameda,001,1643700,53761,50405,970,51375,551
2020-12-28,Alpine,003,1148,68,65,0,65,0
2020-12-28,Amador,005,37829,2571,2255,18,2273,23
2020-12-28,Butte,007,227075,7828,7053,898,7951,86
2020-12-28,Calaveras,009,45235,1157,1102,2,1104,21
2020-12-28,Colusa,011,21464,1324,1255,74,1329,7
2020-12-28,Contra Costa,013,1133247,41517,38872,576,39448,324
2020-12-28,Del Norte,015,27424,773,718,2,720,2
2020-12-28,El Dorado,017,186661,6351,5441,313,5754,18
2020-12-28,Fresno,019,978130,69624,64274,4630,68904,679
2020-12-28,Glenn,021,27897,1590,1435,262,1697,9
2020-12-28,Humboldt,023,135768,1811,1579,7,1586,19
2020-12-28,Imperial,025,180216,23143,22003,1332,23335,405
2020-12-28,Inyo,027,18085,698,569,10,579,19
2020-12-28,Kern,029,883053,67433,62392,5059,67451,579
2020-12-28,Kings,031,150075,16623,15733,535,16268,108
2020-12-28,Lake,033,64148,1963,1785,0,1785,22
2020-12-28,Lassen,035,31185,4449,4284,51,4335,1
2020-12-28,Los Angeles,037,10098052,787551,720699,21674,742373,9544
2020-12-28,Madera,039,155013,10987,10123,436,10559,64
2020-12-28,Marin,041,260295,9911,9546,76,9622,145
2020-12-28,Mariposa,043,17540,238,211,2,213,3
2020-12-28,Mendocino,045,87422,2489,2214,20,2234,23
2020-12-28,Merced,047,269075,19239,18245,343,18588,213
2020-12-28,Modoc,049,8938,261,220,75,295,0
2020-12-28,Mono,051,14174,890,848,12,860,3
2020-12-28,Monterey,053,433212,28107,26529,704,27233,182
2020-12-28,Napa,055,140530,6037,5576,26,5602,26
2020-12-28,Nevada,057,99092,2779,2532,88,2620,15
2020-12-28,Orange,059,3164182,166346,152089,6423,158512,1839
2020-12-28,Placer,061,380077,14764,13234,588,13822,126
2020-12-28,Plumas,063,18699,475,391,8,399,0
2020-12-28,Riverside,065,2383286,190085,174029,8531,182560,1855
2020-12-28,Sacramento,067,1510023,66674,64322,622,64944,813
2020-12-28,San Benito,069,59416,3715,3429,29,3458,24
2020-12-28,San Bernardino,071,2135413,204468,188919,5565,194484,1552
2020-12-28,San Diego,073,3302833,164209,147528,7390,154918,1404
2020-12-28,San Francisco,075,870044,24041,22726,221,22947,178
2020-12-28,San Joaquin,077,732212,46711,44172,1627,45799,618
2020-12-28,San Luis Obispo,079,281455,11499,10260,257,10517,76
2020-12-28,San Mateo,081,765935,26035,23467,109,23576,189
2020-12-28,Santa Barbara,083,443738,18075,16579,509,17088,155
2020-12-28,Santa Clara,085,1922200,72569,66418,303,66721,619
2020-12-28,Santa Cruz,087,273765,9578,8310,352,8662,81
2020-12-28,Shasta,089,179085,8291,7688,716,8404,65
2020-12-28,Sierra,091,2930,32,24,4,28,0
2020-12-28,Siskiyou,093,43540,1026,915,108,1023,3
2020-12-28,Solano,095,438530,19613,18171,200,18371,96
2020-12-28,Sonoma,097,501317,19591,18667,108,18775,185
2020-12-28,Stanislaus,099,539301,35527,33473,3238,36711,507
2020-12-28,Sutter,101,95872,6578,6253,47,6300,49
2020-12-28,Tehama,103,63373,3124,2934,301,3235,9
2020-12-28,Trinity,105,12862,421,240,60,300,2
2020-12-28,Tulare,107,460477,34534,32010,3761,35771,404
2020-12-28,Tuolumne,109,53932,2893,2777,13,2790,12
2020-12-28,Ventura,111,848112,41618,37151,1666,38817,230
2020-12-28,Yolo,113,214977,8776,8031,66,8097,111
2020-12-28,Yuba,115,75493,3893,3679,39,3718,18
2020-12-27,Alameda,001,1643700,52518,49764,943,50707,551
2020-12-27,Alpine,003,1148,66,65,0,65,0
2020-12-27,Amador,005,37829,2450,2218,18,2236,23
2020-12-27,Butte,007,227075,7673,7016,859,7875,86
2020-12-27,Calaveras,009,45235,1110,1097,2,1099,21
2020-12-27,Colusa,011,21464,1299,1253,71,1324,7
2020-12-27,Contra Costa,013,1133247,40584,38428,547,38975,324
2020-12-27,Del Norte,015,27424,750,712,2,714,2
2020-12-27,El Dorado,017,186661,6137,5388,290,5678,18
2020-12-27,Fresno,019,978130,68375,63811,4424,68235,679
2020-12-27,Glenn,021,27897,1562,1434,248,1682,9
2020-12-27,Humboldt,023,135768,1767,1575,7,1582,17
2020-12-27,Imperial,025,180216,22844,21934,1220,23154,405
2020-12-27,Inyo,027,18085,676,565,9,574,18
2020-12-27,Kern,029,883053,66152,61914,4888,66802,568
2020-12-27,Kings,031,150075,16387,15593,501,16094,108
2020-12-27,Lake,033,64148,1907,1769,0,1769,22
2020-12-27,Lassen,035,31185,4372,4230,44,4274,1
2020-12-27,Los Angeles,037,10098052,766054,707260,20789,728049,9476
2020-12-27,Madera,039,155013,10729,10005,426,10431,64
2020-12-27,Marin,041,260295,9788,9477,71,9548,144
2020-12-27,Mariposa,043,17540,231,208,2,210,3
2020-12-27,Mendocino,045,87422,2442,2209,20,2229,23
2020-12-27,Merced,047,269075,18871,18075,327,18402,213
2020-12-27,Modoc,049,8938,252,221,71,292,0
2020-12-27,Mono,051,14174,877,849,12,861,3
2020-12-27,Monterey,053,433212,27548,26322,687,27009,181
2020-12-27,Napa,055,140530,5903,5496,26,5522,26
2020-12-27,Nevada,057,99092,2743,2519,88,2607,15
2020-12-27,Orange,059,3164182,161948,149276,6235,155511,1839
2020-12-27,Placer,061,380077,14469,13017,556,13573,126
2020-12-27,Plumas,063,18699,469,390,8,398,0
2020-12-27,Riverside,065,2383286,185169,171995,8225,180220,1836
2020-12-27,Sacramento,067,1510023,65466,63416,600,64016,811
2020-12-27,San Benito,069,59416,3629,3394,29,3423,24
2020-12-27,San Bernardino,071,2135413,199391,186776,5428,192204,1551
2020-12-27,San Diego,073,3302833,159802,145777,7203,152980,1402
2020-12-27,San Francisco,075,870044,23696,22514,212,22726,178
2020-12-27,San Joaquin,077,732212,45675,43529,1577,45106,618
2020-12-27,San Luis Obispo,079,281455,11091,10154,252,10406,76
2020-12-27,San Mateo,081,765935,25470,23136,105,23241,187
2020-12-27,Santa Barbara,083,443738,17547,16364,482,16846,155
2020-12-27,Santa Clara,085,1922200,70945,65288,298,65586,619
2020-12-27,Santa Cruz,087,273765,9313,8234,343,8577,81
2020-12-27,Shasta,089,179085,8164,7671,694,8365,65
2020-12-27,Sierra,091,2930,32,24,3,27,0
2020-12-27,Siskiyou,093,43540,1016,914,103,1017,3
2020-12-27,Solano,095,438530,19118,17840,194,18034,96
2020-12-27,Sonoma,097,501317,19299,18487,107,18594,185
2020-12-27,Stanislaus,099,539301,34907,33076,3142,36218,506
2020-12-27,Sutter,101,95872,6497,6218,45,6263,48
2020-12-27,Tehama,103,63373,3055,2922,285,3207,9
2020-12-27,Trinity,105,12862,414,240,58,298,2
2020-12-27,Tulare,107,460477,33937,31864,3642,35506,400
2020-12-27,Tuolumne,109,53932,2787,2750,11,2761,12
2020-12-27,Ventura,111,848112,40555,36661,1613,38274,230
2020-12-27,Yolo,113,214977,8586,7919,62,7981,111
2020-12-27,Yuba,115,75493,3829,3665,37,3702,18
2020-12-26,Alameda,001,1643700,51905,49084,930,50014,551
2020-12-26,Alpine,003,1148,66,65,0,65,0
2020-12-26,Amador,005,37829,2436,2189,18,2207,23
2020-12-26,Butte,007,227075,7578,6968,834,7802,86
2020-12-26,Calaveras,009,45235,1104,1084,2,1086,21
2020-12-26,Colusa,011,21464,1289,1240,71,1311,7
2020-12-26,Contra Costa,013,1133247,40118,38008,532,38540,324
2020-12-26,Del Norte,015,27424,744,709,2,711,2
2020-12-26,El Dorado,017,186661,6082,5279,286,5565,18
2020-12-26,Fresno,019,978130,67905,63080,4361,67441,679
2020-12-26,Glenn,021,27897,1541,1413,243,1656,9
2020-12-26,Humboldt,023,135768,1729,1545,7,1552,17
2020-12-26,Imperial,025,180216,22752,21734,1168,22902,405
2020-12-26,Inyo,027,18085,663,554,9,563,18
2020-12-26,Kern,029,883053,65481,61174,4739,65913,564
2020-12-26,Kings,031,150075,16269,15517,497,16014,108
2020-12-26,Lake,033,64148,1866,1710,0,1710,22
2020-12-26,Lassen,035,31185,4351,3981,44,4025,1
2020-12-26,Los Angeles,037,10098052,757497,694149,20284,714433,9424
2020-12-26,Madera,039,155013,10652,9908,414,10322,64
2020-12-26,Marin,041,260295,9753,9413,70,9483,143
2020-12-26,Mariposa,043,17540,230,206,2,208,3
2020-12-26,Mendocino,045,87422,2396,2194,20,2214,23
2020-12-26,Merced,047,269075,18712,17890,322,18212,213
2020-12-26,Modoc,049,8938,249,222,71,293,0
2020-12-26,Mono,051,14174,871,850,12,862,3
2020-12-26,Monterey,053,433212,27411,26010,678,26688,182
2020-12-26,Napa,055,140530,5845,5427,26,5453,26
2020-12-26,Nevada,057,99092,2715,2480,88,2568,15
2020-12-26,Orange,059,3164182,159742,147304,6142,153446,1838
2020-12-26,Placer,061,380077,14298,12816,541,13357,122
2020-12-26,Plumas,063,18699,466,381,8,389,0
2020-12-26,Riverside,065,2383286,182684,169360,8064,177424,1834
2020-12-26,Sacramento,067,1510023,64843,62435,590,63025,807
2020-12-26,San Benito,069,59416,3556,3330,29,3359,24
2020-12-26,San Bernardino,071,2135413,197722,185111,5346,190457,1551
2020-12-26,San Diego,073,3302833,157277,142644,7056,149700,1402
2020-12-26,San Francisco,075,870044,23458,22319,212,22531,177
2020-12-26,San Joaquin,077,732212,45290,42887,1528,44415,618
2020-12-26,San Luis Obispo,079,281455,11004,9945,247,10192,76
2020-12-26,San Mateo,081,765935,25131,22908,100,23008,187
2020-12-26,Santa Barbara,083,443738,17308,16159,476,16635,155
2020-12-26,Santa Clara,085,1922200,69873,64185,296,64481,618
2020-12-26,Santa Cruz,087,273765,9187,8113,334,8447,81
2020-12-26,Shasta,089,179085,8105,7641,681,8322,65
2020-12-26,Sierra,091,2930,32,24,3,27,0
2020-12-26,Siskiyou,093,43540,1009,909,99,1008,2
2020-12-26,Solano,095,438530,18873,17528,194,17722,96
2020-12-26,Sonoma,097,501317,19096,18261,105,18366,184
2020-12-26,Stanislaus,099,539301,34609,32678,3090,35768,505
2020-12-26,Sutter,101,95872,6438,6121,45,6166,48
2020-12-26,Tehama,103,63373,3026,2884,279,3163,9
2020-12-26,Trinity,105,12862,412,237,57,294,2
2020-12-26,Tulare,107,460477,33634,31665,3587,35252,398
2020-12-26,Tuolumne,109,53932,2776,2703,11,2714,12
2020-12-26,Ventura,111,848112,39590,36064,1582,37646,230
2020-12-26,Yolo,113,214977,8483,7785,59,7844,111
2020-12-26,Yuba,115,75493,3801,3599,37,3636,18
2020-12-25,Alameda,001,1643700,51336,48365,915,49280,542
2020-12-25,Alpine,003,1148,66,64,0,64,0
2020-12-25,Amador,005,37829,2393,2172,18,2190,23
2020-12-25,Butte,007,227075,7480,6873,815,7688,85
2020-12-25,Calaveras,009,45235,1101,1062,2,1064,21
2020-12-25,Colusa,011,21464,1277,1219,70,1289,7
2020-12-25,Contra Costa,013,1133247,39647,37480,506,37986,324
2020-12-25,Del Norte,015,27424,741,692,2,694,2
2020-12-25,El Dorado,017,186661,6017,5170,273,5443,16
2020-12-25,Fresno,019,978130,67041,62251,4279,66530,679
2020-12-25,Glenn,021,27897,1525,1390,236,1626,9
2020-12-25,Humboldt,023,135768,1689,1532,7,1539,16
2020-12-25,Imperial,025,180216,22657,21646,1157,22803,405
2020-12-25,Inyo,027,18085,653,546,9,555,18
2020-12-25,Kern,029,883053,64752,60417,4592,65009,562
2020-12-25,Kings,031,150075,16158,15460,493,15953,108
2020-12-25,Lake,033,64148,1846,1669,0,1669,20
2020-12-25,Lassen,035,31185,4336,3926,44,3970,1
2020-12-25,Los Angeles,037,10098052,743845,665600,19611,685211,9292
2020-12-25,Madera,039,155013,10484,9770,407,10177,64
2020-12-25,Marin,041,260295,9704,9375,67,9442,143
2020-12-25,Mariposa,043,17540,224,203,2,205,3
2020-12-25,Mendocino,045,87422,2353,2176,20,2196,23
2020-12-25,Merced,047,269075,18551,17726,314,18040,213
2020-12-25,Modoc,049,8938,248,221,71,292,0
2020-12-25,Mono,051,14174,869,843,12,855,3
2020-12-25,Monterey,053,433212,27135,25788,669,26457,182
2020-12-25,Napa,055,140530,5768,5351,26,5377,26
2020-12-25,Nevada,057,99092,2689,2458,86,2544,15
2020-12-25,Orange,059,3164182,157063,144542,5950,150492,1814
2020-12-25,Placer,061,380077,14111,12660,519,13179,122
2020-12-25,Plumas,063,18699,459,381,8,389,0
2020-12-25,Riverside,065,2383286,179399,166690,7748,174438,1825
2020-12-25,Sacramento,067,1510023,64149,61630,564,62194,796
2020-12-25,San Benito,069,59416,3516,3281,27,3308,24
2020-12-25,San Bernardino,071,2135413,195099,181812,5230,187042,1546
2020-12-25,San Diego,073,3302833,154797,139958,6878,146836,1402
2020-12-25,San Francisco,075,870044,23181,22130,207,22337,175
2020-12-25,San Joaquin,077,732212,44981,42089,1473,43562,614
2020-12-25,San Luis Obispo,079,281455,10821,9749,240,9989,76
2020-12-25,San Mateo,081,765935,24809,22568,98,22666,187
2020-12-25,Santa Barbara,083,443738,17084,15936,469,16405,155
2020-12-25,Santa Clara,085,1922200,68756,63173,287,63460,612
2020-12-25,Santa Cruz,087,273765,9043,8018,312,8330,81
2020-12-25,Shasta,089,179085,8031,7612,658,8270,65
2020-12-25,Sierra,091,2930,32,24,3,27,0
2020-12-25,Siskiyou,093,43540,1003,905,96,1001,2
2020-12-25,Solano,095,438530,18701,17280,192,17472,96
2020-12-25,Sonoma,097,501317,18921,18035,103,18138,184
2020-12-25,Stanislaus,099,539301,34308,32290,3039,35329,498
2020-12-25,Sutter,101,95872,6379,6051,44,6095,47
2020-12-25,Tehama,103,63373,2977,2839,266,3105,9
2020-12-25,Trinity,105,12862,408,236,57,293,2
2020-12-25,Tulare,107,460477,33244,31323,3522,34845,398
2020-12-25,Tuolumne,109,53932,2757,2674,11,2685,12
2020-12-25,Ventura,111,848112,38434,35514,1534,37048,230
2020-12-25,Yolo,113,214977,8387,7700,57,7757,111
2020-12-25,Yuba,115,75493,3765,3549,36,3585,17
2020-12-24,Alameda,001,1643700,50985,47527,895,48422,541
2020-12-24,Alpine,003,1148,66,64,0,64,0
2020-12-24,Amador,005,37829,2381,2145,18,2163,23
2020-12-24,Butte,007,227075,7441,6716,800,7516,84
2020-12-24,Calaveras,009,45235,1098,1032,2,1034,21
2020-12-24,Colusa,011,21464,1272,1188,68,1256,7
2020-12-24,Contra Costa,013,1133247,39405,36623,495,37118,311
2020-12-24,Del Norte,015,27424,741,678,2,680,2
2020-12-24,El Dorado,017,186661,5991,5042,265,5307,16
2020-12-24,Fresno,019,978130,66818,61435,4265,65700,663
2020-12-24,Glenn,021,27897,1514,1363,228,1591,9
2020-12-24,Humboldt,023,135768,1666,1516,7,1523,16
2020-12-24,Imperial,025,180216,22607,21545,1148,22693,402
2020-12-24,Inyo,027,18085,651,532,9,541,17
2020-12-24,Kern,029,883053,64465,59601,4579,64180,556
2020-12-24,Kings,031,150075,16118,15211,492,15703,108
2020-12-24,Lake,033,64148,1831,1629,0,1629,20
2020-12-24,Lassen,035,31185,4323,3894,44,3938,1
2020-12-24,Los Angeles,037,10098052,739672,664840,19353,684193,9288
2020-12-24,Madera,039,155013,10444,9547,400,9947,63
2020-12-24,Marin,041,260295,9670,9287,67,9354,143
2020-12-24,Mariposa,043,17540,220,197,2,199,3
2020-12-24,Mendocino,045,87422,2342,2150,20,2170,23
2020-12-24,Merced,047,269075,18480,17485,310,17795,212
2020-12-24,Modoc,049,8938,248,220,70,290,0
2020-12-24,Mono,051,14174,867,817,12,829,3
2020-12-24,Monterey,053,433212,27023,25131,662,25793,180
2020-12-24,Napa,055,140530,5713,5265,26,5291,26
2020-12-24,Nevada,057,99092,2665,2429,86,2515,15
2020-12-24,Orange,059,3164182,155582,141205,5899,147104,1775
2020-12-24,Placer,061,380077,14022,12457,512,12969,121
2020-12-24,Plumas,063,18699,456,376,8,384,0
2020-12-24,Riverside,065,2383286,178464,162435,7708,170143,1816
2020-12-24,Sacramento,067,1510023,63874,60596,562,61158,788
2020-12-24,San Benito,069,59416,3485,3183,27,3210,24
2020-12-24,San Bernardino,071,2135413,194050,176866,5196,182062,1533
2020-12-24,San Diego,073,3302833,153713,136952,6846,143798,1382
2020-12-24,San Francisco,075,870044,23013,21830,204,22034,175
2020-12-24,San Joaquin,077,732212,44816,41324,1455,42779,611
2020-12-24,San Luis Obispo,079,281455,10752,9504,238,9742,77
2020-12-24,San Mateo,081,765935,24613,22093,98,22191,186
2020-12-24,Santa Barbara,083,443738,16979,15644,461,16105,153
2020-12-24,Santa Clara,085,1922200,68148,61742,280,62022,591
2020-12-24,Santa Cruz,087,273765,8972,7856,300,8156,82
2020-12-24,Shasta,089,179085,7990,7540,641,8181,65
2020-12-24,Sierra,091,2930,29,23,1,24,0
2020-12-24,Siskiyou,093,43540,998,900,90,990,2
2020-12-24,Solano,095,438530,18560,16872,187,17059,96
2020-12-24,Sonoma,097,501317,18821,17710,103,17813,183
2020-12-24,Stanislaus,099,539301,34104,31848,3013,34861,498
2020-12-24,Sutter,101,95872,6338,5960,43,6003,47
2020-12-24,Tehama,103,63373,2959,2779,264,3043,9
2020-12-24,Trinity,105,12862,407,235,57,292,2
2020-12-24,Tulare,107,460477,33125,30827,3496,34323,390
2020-12-24,Tuolumne,109,53932,2749,2653,11,2664,12
2020-12-24,Ventura,111,848112,38154,34400,1527,35927,224
2020-12-24,Yolo,113,214977,8345,7566,55,7621,113
2020-12-24,Yuba,115,75493,3740,3483,36,3519,16
2020-12-23,Alameda,001,1643700,50406,46753,868,47621,537
2020-12-23,Alpine,003,1148,66,64,0,64,0
2020-12-23,Amador,005,37829,2312,2108,17,2125,23
2020-12-23,Butte,007,227075,7352,6588,774,7362,84
2020-12-23,Calaveras,009,45235,1090,1002,1,1003,21
2020-12-23,Colusa,011,21464,1261,1167,67,1234,7
2020-12-23,Contra Costa,013,1133247,39005,36190,482,36672,311
2020-12-23,Del Norte,015,27424,734,670,2,672,2
2020-12-23,El Dorado,017,186661,5916,4967,257,5224,14
2020-12-23,Fresno,019,978130,66208,60488,4200,64688,654
2020-12-23,Glenn,021,27897,1500,1349,224,1573,9
2020-12-23,Humboldt,023,135768,1641,1458,7,1465,16
2020-12-23,Imperial,025,180216,22512,21323,1119,22442,399
2020-12-23,Inyo,027,18085,639,517,9,526,17
2020-12-23,Kern,029,883053,63947,58656,4485,63141,549
2020-12-23,Kings,031,150075,16040,14923,489,15412,105
2020-12-23,Lake,033,64148,1817,1595,0,1595,20
2020-12-23,Lassen,035,31185,4313,3865,41,3906,1
2020-12-23,Los Angeles,037,10098052,730611,651958,18824,670782,9146
2020-12-23,Madera,039,155013,10285,9371,386,9757,63
2020-12-23,Marin,041,260295,9612,9199,64,9263,142
2020-12-23,Mariposa,043,17540,218,194,2,196,3
2020-12-23,Mendocino,045,87422,2330,2121,20,2141,23
2020-12-23,Merced,047,269075,18324,17250,302,17552,203
2020-12-23,Modoc,049,8938,244,197,69,266,0
2020-12-23,Mono,051,14174,864,814,12,826,3
2020-12-23,Monterey,053,433212,26723,24856,655,25511,176
2020-12-23,Napa,055,140530,5645,5172,26,5198,25
2020-12-23,Nevada,057,99092,2620,2406,85,2491,15
2020-12-23,Orange,059,3164182,153132,138050,5732,143782,1771
2020-12-23,Placer,061,380077,13812,12213,504,12717,111
2020-12-23,Plumas,063,18699,449,369,8,377,0
2020-12-23,Riverside,065,2383286,176193,158110,7550,165660,1790
2020-12-23,Sacramento,067,1510023,63224,59661,549,60210,779
2020-12-23,San Benito,069,59416,3431,3073,25,3098,24
2020-12-23,San Bernardino,071,2135413,192006,172888,5127,178015,1509
2020-12-23,San Diego,073,3302833,151287,134695,6709,141404,1350
2020-12-23,San Francisco,075,870044,22791,21498,201,21699,174
2020-12-23,San Joaquin,077,732212,44292,35664,1413,37077,602
2020-12-23,San Luis Obispo,079,281455,10610,9267,233,9500,74
2020-12-23,San Mateo,081,765935,24311,21780,96,21876,186
2020-12-23,Santa Barbara,083,443738,16771,15399,435,15834,152
2020-12-23,Santa Clara,085,1922200,67238,60455,275,60730,579
2020-12-23,Santa Cruz,087,273765,8812,7637,282,7919,75
2020-12-23,Shasta,089,179085,7918,7487,635,8122,66
2020-12-23,Sierra,091,2930,27,23,1,24,0
2020-12-23,Siskiyou,093,43540,977,891,89,980,2
2020-12-23,Solano,095,438530,18352,16626,183,16809,95
2020-12-23,Sonoma,097,501317,18617,17397,103,17500,182
2020-12-23,Stanislaus,099,539301,33750,31492,2960,34452,499
2020-12-23,Sutter,101,95872,6272,5871,43,5914,46
2020-12-23,Tehama,103,63373,2941,2737,257,2994,9
2020-12-23,Trinity,105,12862,407,234,56,290,2
2020-12-23,Tulare,107,460477,32832,30315,3457,33772,385
2020-12-23,Tuolumne,109,53932,2710,2540,11,2551,12
2020-12-23,Ventura,111,848112,37757,33377,1498,34875,216
2020-12-23,Yolo,113,214977,8267,7508,55,7563,112
2020-12-23,Yuba,115,75493,3687,3438,36,3474,14
2020-12-22,Alameda,001,1643700,49520,45751,837,46588,534
2020-12-22,Alpine,003,1148,66,64,0,64,0
2020-12-22,Amador,005,37829,2301,1839,17,1856,23
2020-12-22,Butte,007,227075,7224,6467,759,7226,85
2020-12-22,Calaveras,009,45235,1063,988,0,988,21
2020-12-22,Colusa,011,21464,1238,1150,64,1214,7
2020-12-22,Contra Costa,013,1133247,38379,35681,470,36151,301
2020-12-22,Del Norte,015,27424,727,666,2,668,2
2020-12-22,El Dorado,017,186661,5793,4885,245,5130,12
2020-12-22,Fresno,019,978130,65173,59640,4093,63733,640
2020-12-22,Glenn,021,27897,1477,1337,213,1550,9
2020-12-22,Humboldt,023,135768,1608,1440,7,1447,16
2020-12-22,Imperial,025,180216,22325,21128,1075,22203,398
2020-12-22,Inyo,027,18085,619,506,9,515,17
2020-12-22,Kern,029,883053,62994,57816,4348,62164,547
2020-12-22,Kings,031,150075,15898,14855,483,15338,102
2020-12-22,Lake,033,64148,1792,1569,0,1569,20
2020-12-22,Lassen,035,31185,4171,3848,39,3887,1
2020-12-22,Los Angeles,037,10098052,713346,635931,18147,654078,9013
2020-12-22,Madera,039,155013,10167,9187,370,9557,63
2020-12-22,Marin,041,260295,9548,9115,63,9178,142
2020-12-22,Mariposa,043,17540,215,194,2,196,3
2020-12-22,Mendocino,045,87422,2297,2092,20,2112,23
2020-12-22,Merced,047,269075,18078,17012,297,17309,201
2020-12-22,Modoc,049,8938,236,182,68,250,0
2020-12-22,Mono,051,14174,858,786,12,798,3
2020-12-22,Monterey,053,433212,26053,24152,634,24786,176
2020-12-22,Napa,055,140530,5556,5059,26,5085,23
2020-12-22,Nevada,057,99092,2592,2367,84,2451,14
2020-12-22,Orange,059,3164182,149792,134850,5559,140409,1774
2020-12-22,Placer,061,380077,13568,11943,484,12427,105
2020-12-22,Plumas,063,18699,443,360,8,368,0
2020-12-22,Riverside,065,2383286,172382,155059,7280,162339,1777
2020-12-22,Sacramento,067,1510023,62296,57966,530,58496,772
2020-12-22,San Benito,069,59416,3353,2998,25,3023,24
2020-12-22,San Bernardino,071,2135413,187416,169266,4979,174245,1500
2020-12-22,San Diego,073,3302833,147928,132097,6547,138644,1311
2020-12-22,San Francisco,075,870044,22521,21232,197,21429,174
2020-12-22,San Joaquin,077,732212,43531,39423,1364,40787,592
2020-12-22,San Luis Obispo,079,281455,10265,9174,228,9402,69
2020-12-22,San Mateo,081,765935,23985,21382,80,21462,186
2020-12-22,Santa Barbara,083,443738,16506,15189,425,15614,150
2020-12-22,Santa Clara,085,1922200,66070,59192,267,59459,569
2020-12-22,Santa Cruz,087,273765,8633,7471,256,7727,72
2020-12-22,Shasta,089,179085,7839,7371,618,7989,64
2020-12-22,Sierra,091,2930,27,23,0,23,0
2020-12-22,Siskiyou,093,43540,971,880,88,968,2
2020-12-22,Solano,095,438530,17949,16229,180,16409,95
2020-12-22,Sonoma,097,501317,18297,17216,103,17319,180
2020-12-22,Stanislaus,099,539301,33366,30914,2888,33802,499
2020-12-22,Sutter,101,95872,6213,5791,42,5833,46
2020-12-22,Tehama,103,63373,2891,2688,251,2939,9
2020-12-22,Trinity,105,12862,406,231,56,287,2
2020-12-22,Tulare,107,460477,32367,30025,3391,33416,377
2020-12-22,Tuolumne,109,53932,2659,2526,11,2537,12
2020-12-22,Ventura,111,848112,36992,32488,1455,33943,213
2020-12-22,Yolo,113,214977,8154,7388,54,7442,113
2020-12-22,Yuba,115,75493,3636,3379,36,3415,14
2020-12-21,Alameda,001,1643700,48620,44756,811,45567,518
2020-12-21,Alpine,003,1148,65,64,0,64,0
2020-12-21,Amador,005,37829,2224,1815,17,1832,23
2020-12-21,Butte,007,227075,7069,6335,735,7070,81
2020-12-21,Calaveras,009,45235,1033,963,0,963,21
2020-12-21,Colusa,011,21464,1211,1135,59,1194,7
2020-12-21,Contra Costa,013,1133247,37626,35207,433,35640,300
2020-12-21,Del Norte,015,27424,712,660,2,662,2
2020-12-21,El Dorado,017,186661,5647,4805,232,5037,10
2020-12-21,Fresno,019,978130,64021,58568,3950,62518,634
2020-12-21,Glenn,021,27897,1445,1323,205,1528,9
2020-12-21,Humboldt,023,135768,1585,1419,7,1426,16
2020-12-21,Imperial,025,180216,22056,20994,1032,22026,395
2020-12-21,Inyo,027,18085,598,482,9,491,17
2020-12-21,Kern,029,883053,62103,56836,4211,61047,541
2020-12-21,Kings,031,150075,15648,14760,468,15228,100
2020-12-21,Lake,033,64148,1738,1538,0,1538,20
2020-12-21,Lassen,035,31185,4011,3798,37,3835,1
2020-12-21,Los Angeles,037,10098052,694257,624129,17471,641600,8918
2020-12-21,Madera,039,155013,9973,9069,350,9419,63
2020-12-21,Marin,041,260295,9479,9035,63,9098,142
2020-12-21,Mariposa,043,17540,210,186,2,188,3
2020-12-21,Mendocino,045,87422,2266,2066,20,2086,23
2020-12-21,Merced,047,269075,17828,16710,281,16991,198
2020-12-21,Modoc,049,8938,222,181,67,248,0
2020-12-21,Mono,051,14174,846,781,12,793,3
2020-12-21,Monterey,053,433212,25522,23673,620,24293,174
2020-12-21,Napa,055,140530,5469,4952,26,4978,23
2020-12-21,Nevada,057,99092,2559,2337,84,2421,13
2020-12-21,Orange,059,3164182,146380,130444,5406,135850,1772
2020-12-21,Placer,061,380077,13336,11715,465,12180,105
2020-12-21,Plumas,063,18699,439,353,8,361,0
2020-12-21,Riverside,065,2383286,168155,151713,6955,158668,1743
2020-12-21,Sacramento,067,1510023,61276,57064,513,57577,759
2020-12-21,San Benito,069,59416,3285,2921,25,2946,22
2020-12-21,San Bernardino,071,2135413,182621,165086,4813,169899,1476
2020-12-21,San Diego,073,3302833,144477,129716,6383,136099,1284
2020-12-21,San Francisco,075,870044,22235,21086,195,21281,174
2020-12-21,San Joaquin,077,732212,42735,38811,1314,40125,586
2020-12-21,San Luis Obispo,079,281455,10076,9006,223,9229,64
2020-12-21,San Mateo,081,765935,23580,21035,77,21112,185
2020-12-21,Santa Barbara,083,443738,16232,14988,420,15408,149
2020-12-21,Santa Clara,085,1922200,64876,57699,255,57954,570
2020-12-21,Santa Cruz,087,273765,8421,7315,243,7558,69
2020-12-21,Shasta,089,179085,7774,7299,608,7907,64
2020-12-21,Sierra,091,2930,24,23,0,23,0
2020-12-21,Siskiyou,093,43540,964,878,87,965,2
2020-12-21,Solano,095,438530,17479,15878,175,16053,95
2020-12-21,Sonoma,097,501317,18024,17075,99,17174,176
2020-12-21,Stanislaus,099,539301,32909,30437,2813,33250,499
2020-12-21,Sutter,101,95872,6118,5708,42,5750,46
2020-12-21,Tehama,103,63373,2826,2656,242,2898,9
2020-12-21,Trinity,105,12862,404,226,54,280,2
2020-12-21,Tulare,107,460477,31869,29482,3302,32784,373
2020-12-21,Tuolumne,109,53932,2634,2423,9,2432,12
2020-12-21,Ventura,111,848112,35912,31759,1418,33177,212
2020-12-21,Yolo,113,214977,8009,7266,50,7316,109
2020-12-21,Yuba,115,75493,3577,3329,36,3365,14
2020-12-20,Alameda,001,1643700,47740,44004,789,44793,516
2020-12-20,Alpine,003,1148,65,64,0,64,0
2020-12-20,Amador,005,37829,2166,1771,17,1788,23
2020-12-20,Butte,007,227075,6923,6228,699,6927,81
2020-12-20,Calaveras,009,45235,1009,926,0,926,21
2020-12-20,Colusa,011,21464,1183,1121,53,1174,7
2020-12-20,Contra Costa,013,1133247,37039,34798,416,35214,301
2020-12-20,Del Norte,015,27424,690,652,2,654,2
2020-12-20,El Dorado,017,186661,5522,4697,223,4920,10
2020-12-20,Fresno,019,978130,63030,57616,3813,61429,634
2020-12-20,Glenn,021,27897,1436,1295,198,1493,9
2020-12-20,Humboldt,023,135768,1548,1386,6,1392,15
2020-12-20,Imperial,025,180216,21816,20882,928,21810,395
2020-12-20,Inyo,027,18085,583,476,9,485,17
2020-12-20,Kern,029,883053,61005,55983,4056,60039,540
2020-12-20,Kings,031,150075,15428,14629,452,15081,100
2020-12-20,Lake,033,64148,1692,1463,0,1463,20
2020-12-20,Lassen,035,31185,3957,3669,35,3704,1
2020-12-20,Los Angeles,037,10098052,676172,612975,16737,629712,8862
2020-12-20,Madera,039,155013,9763,8871,341,9212,63
2020-12-20,Marin,041,260295,9381,8948,60,9008,142
2020-12-20,Mariposa,043,17540,209,179,2,181,3
2020-12-20,Mendocino,045,87422,2241,2033,20,2053,23
2020-12-20,Merced,047,269075,17512,16435,274,16709,198
2020-12-20,Modoc,049,8938,222,181,65,246,0
2020-12-20,Mono,051,14174,828,774,12,786,3
2020-12-20,Monterey,053,433212,25039,23250,579,23829,173
2020-12-20,Napa,055,140530,5348,4865,24,4889,23
2020-12-20,Nevada,057,99092,2513,2289,78,2367,13
2020-12-20,Orange,059,3164182,142878,128780,5256,134036,1763
2020-12-20,Placer,061,380077,13111,11496,446,11942,105
2020-12-20,Plumas,063,18699,431,347,8,355,0
2020-12-20,Riverside,065,2383286,163949,148714,6663,155377,1742
2020-12-20,Sacramento,067,1510023,60276,56017,493,56510,755
2020-12-20,San Benito,069,59416,3213,2885,24,2909,21
2020-12-20,San Bernardino,071,2135413,177633,162810,4655,167465,1458
2020-12-20,San Diego,073,3302833,140759,126465,6213,132678,1280
2020-12-20,San Francisco,075,870044,21920,20937,192,21129,174
2020-12-20,San Joaquin,077,732212,41892,38268,1253,39521,587
2020-12-20,San Luis Obispo,079,281455,9784,8881,217,9098,63
2020-12-20,San Mateo,081,765935,23146,20764,73,20837,185
2020-12-20,Santa Barbara,083,443738,15910,14817,400,15217,148
2020-12-20,Santa Clara,085,1922200,63466,56860,249,57109,566
2020-12-20,Santa Cruz,087,273765,8213,7178,230,7408,69
2020-12-20,Shasta,089,179085,7660,7256,594,7850,64
2020-12-20,Sierra,091,2930,24,22,0,22,0
2020-12-20,Siskiyou,093,43540,954,870,86,956,2
2020-12-20,Solano,095,438530,17101,15533,164,15697,95
2020-12-20,Sonoma,097,501317,17748,16802,98,16900,175
2020-12-20,Stanislaus,099,539301,32382,29995,2711,32706,498
2020-12-20,Sutter,101,95872,6031,5601,42,5643,43
2020-12-20,Tehama,103,63373,2777,2602,223,2825,9
2020-12-20,Trinity,105,12862,396,221,53,274,2
2020-12-20,Tulare,107,460477,31352,29078,3206,32284,373
2020-12-20,Tuolumne,109,53932,2524,2152,8,2160,12
2020-12-20,Ventura,111,848112,35210,31335,1385,32720,210
2020-12-20,Yolo,113,214977,7857,7121,47,7168,109
2020-12-20,Yuba,115,75493,3530,3254,34,3288,12
2020-12-19,Alameda,001,1643700,47293,43109,782,43891,516
2020-12-19,Alpine,003,1148,65,64,0,64,0
2020-12-19,Amador,005,37829,2142,1754,17,1771,23
2020-12-19,Butte,007,227075,6823,6118,676,6794,81
2020-12-19,Calaveras,009,45235,992,900,0,900,21
2020-12-19,Colusa,011,21464,1175,1096,50,1146,7
2020-12-19,Contra Costa,013,1133247,36725,34321,402,34723,301
2020-12-19,Del Norte,015,27424,688,641,1,642,2
2020-12-19,El Dorado,017,186661,5455,4588,215,4803,10
2020-12-19,Fresno,019,978130,62705,55428,3745,59173,634
2020-12-19,Glenn,021,27897,1401,1286,197,1483,9
2020-12-19,Humboldt,023,135768,1531,1357,6,1363,15
2020-12-19,Imperial,025,180216,21723,20711,882,21593,395
2020-12-19,Inyo,027,18085,576,475,9,484,17
2020-12-19,Kern,029,883053,60520,55118,3949,59067,540
2020-12-19,Kings,031,150075,15349,14474,450,14924,100
2020-12-19,Lake,033,64148,1657,1438,0,1438,20
2020-12-19,Lassen,035,31185,3929,3595,35,3630,1
2020-12-19,Los Angeles,037,10098052,669066,599888,16203,616091,8804
2020-12-19,Madera,039,155013,9671,8717,329,9046,63
2020-12-19,Marin,041,260295,9341,8864,60,8924,142
2020-12-19,Mariposa,043,17540,207,177,2,179,3
2020-12-19,Mendocino,045,87422,2216,2008,20,2028,23
2020-12-19,Merced,047,269075,17373,16230,266,16496,198
2020-12-19,Modoc,049,8938,219,181,65,246,0
2020-12-19,Mono,051,14174,821,766,12,778,3
2020-12-19,Monterey,053,433212,24924,22799,574,23373,172
2020-12-19,Napa,055,140530,5286,4772,24,4796,23
2020-12-19,Nevada,057,99092,2491,2260,78,2338,13
2020-12-19,Orange,059,3164182,140956,125574,5105,130679,1733
2020-12-19,Placer,061,380077,12956,11246,440,11686,105
2020-12-19,Plumas,063,18699,428,343,8,351,0
2020-12-19,Riverside,065,2383286,161962,146703,6427,153130,1737
2020-12-19,Sacramento,067,1510023,59744,55169,479,55648,746
2020-12-19,San Benito,069,59416,3167,2820,23,2843,21
2020-12-19,San Bernardino,071,2135413,176061,159883,4548,164431,1433
2020-12-19,San Diego,073,3302833,138992,122972,6074,129046,1280
2020-12-19,San Francisco,075,870044,21769,20643,192,20835,174
2020-12-19,San Joaquin,077,732212,41490,37340,1203,38543,586
2020-12-19,San Luis Obispo,079,281455,9713,8788,214,9002,63
2020-12-19,San Mateo,081,765935,22936,20393,66,20459,182
2020-12-19,Santa Barbara,083,443738,15754,14667,394,15061,148
2020-12-19,Santa Clara,085,1922200,62652,55540,245,55785,558
2020-12-19,Santa Cruz,087,273765,8109,7054,225,7279,68
2020-12-19,Shasta,089,179085,7608,7221,582,7803,63
2020-12-19,Sierra,091,2930,24,23,0,23,0
2020-12-19,Siskiyou,093,43540,950,853,85,938,2
2020-12-19,Solano,095,438530,16935,15204,160,15364,95
2020-12-19,Sonoma,097,501317,17639,16553,98,16651,175
2020-12-19,Stanislaus,099,539301,32061,29555,2638,32193,498
2020-12-19,Sutter,101,95872,5974,5506,42,5548,41
2020-12-19,Tehama,103,63373,2728,2574,221,2795,9
2020-12-19,Trinity,105,12862,395,219,53,272,2
2020-12-19,Tulare,107,460477,31128,28734,3140,31874,375
2020-12-19,Tuolumne,109,53932,2511,2107,8,2115,12
2020-12-19,Ventura,111,848112,34929,30843,1355,32198,209
2020-12-19,Yolo,113,214977,7788,7025,46,7071,109
2020-12-19,Yuba,115,75493,3498,3168,34,3202,11
2020-12-18,Alameda,001,1643700,46757,42196,765,42961,515
2020-12-18,Alpine,003,1148,65,64,0,64,0
2020-12-18,Amador,005,37829,2125,1727,15,1742,20
2020-12-18,Butte,007,227075,6738,5891,650,6541,81
2020-12-18,Calaveras,009,45235,982,870,0,870,21
2020-12-18,Colusa,011,21464,1166,1068,50,1118,7
2020-12-18,Contra Costa,013,1133247,36440,33610,390,34000,300
2020-12-18,Del Norte,015,27424,683,627,0,627,2
2020-12-18,El Dorado,017,186661,5393,4494,206,4700,10
2020-12-18,Fresno,019,978130,61878,52643,3681,56324,613
2020-12-18,Glenn,021,27897,1384,1264,192,1456,9
2020-12-18,Humboldt,023,135768,1516,1331,6,1337,15
2020-12-18,Imperial,025,180216,21644,20430,835,21265,393
2020-12-18,Inyo,027,18085,556,454,9,463,17
2020-12-18,Kern,029,883053,59859,54220,3864,58084,533
2020-12-18,Kings,031,150075,15223,14284,444,14728,98
2020-12-18,Lake,033,64148,1645,1397,0,1397,20
2020-12-18,Lassen,035,31185,3921,3486,35,3521,1
2020-12-18,Los Angeles,037,10098052,656927,586413,15704,602117,8744
2020-12-18,Madera,039,155013,9569,8609,324,8933,63
2020-12-18,Marin,041,260295,9257,8799,60,8859,142
2020-12-18,Mariposa,043,17540,204,176,2,178,3
2020-12-18,Mendocino,045,87422,2198,1977,20,1997,24
2020-12-18,Merced,047,269075,17292,15956,263,16219,195
2020-12-18,Modoc,049,8938,219,179,65,244,0
2020-12-18,Mono,051,14174,813,731,12,743,3
2020-12-18,Monterey,053,433212,24630,22336,568,22904,165
2020-12-18,Napa,055,140530,5237,4688,24,4712,23
2020-12-18,Nevada,057,99092,2474,2220,77,2297,13
2020-12-18,Orange,059,3164182,138522,121681,4955,126636,1725
2020-12-18,Placer,061,380077,12785,10995,431,11426,104
2020-12-18,Plumas,063,18699,422,336,8,344,0
2020-12-18,Riverside,065,2383286,159122,142375,6158,148533,1733
2020-12-18,Sacramento,067,1510023,59118,53980,463,54443,736
2020-12-18,San Benito,069,59416,3118,2744,23,2767,21
2020-12-18,San Bernardino,071,2135413,173763,154272,4414,158686,1430
2020-12-18,San Diego,073,3302833,136814,120463,5935,126398,1253
2020-12-18,San Francisco,075,870044,21602,20315,186,20501,173
2020-12-18,San Joaquin,077,732212,41131,36484,1172,37656,559
2020-12-18,San Luis Obispo,079,281455,9615,8598,209,8807,62
2020-12-18,San Mateo,081,765935,22623,19971,62,20033,182
2020-12-18,Santa Barbara,083,443738,15613,14361,381,14742,148
2020-12-18,Santa Clara,085,1922200,61780,53992,236,54228,539
2020-12-18,Santa Cruz,087,273765,7993,6838,217,7055,68
2020-12-18,Shasta,089,179085,7570,7114,571,7685,62
2020-12-18,Sierra,091,2930,24,23,0,23,0
2020-12-18,Siskiyou,093,43540,948,840,85,925,2
2020-12-18,Solano,095,438530,16782,14667,156,14823,95
2020-12-18,Sonoma,097,501317,17520,16261,98,16359,173
2020-12-18,Stanislaus,099,539301,31787,28967,2602,31569,490
2020-12-18,Sutter,101,95872,5890,5399,42,5441,39
2020-12-18,Tehama,103,63373,2713,2523,211,2734,9
2020-12-18,Trinity,105,12862,394,215,53,268,2
2020-12-18,Tulare,107,460477,30851,28322,3062,31384,370
2020-12-18,Tuolumne,109,53932,2500,2067,8,2075,12
2020-12-18,Ventura,111,848112,34425,29907,1312,31219,209
2020-12-18,Yolo,113,214977,7720,6901,45,6946,109
2020-12-18,Yuba,115,75493,3440,3097,34,3131,11
2020-12-17,Alameda,001,1643700,45950,41548,732,42280,508
2020-12-17,Alpine,003,1148,65,64,0,64,0
2020-12-17,Amador,005,37829,2077,1703,13,1716,19
2020-12-17,Butte,007,227075,6612,5746,632,6378,78
2020-12-17,Calaveras,009,45235,959,848,0,848,21
2020-12-17,Colusa,011,21464,1155,1053,48,1101,7
2020-12-17,Contra Costa,013,1133247,35916,33006,356,33362,293
2020-12-17,Del Norte,015,27424,678,583,0,583,1
2020-12-17,El Dorado,017,186661,5247,4327,193,4520,9
2020-12-17,Fresno,019,978130,61015,49918,3555,53473,597
2020-12-17,Glenn,021,27897,1360,1244,185,1429,9
2020-12-17,Humboldt,023,135768,1483,1322,6,1328,14
2020-12-17,Imperial,025,180216,21479,20208,767,20975,391
2020-12-17,Inyo,027,18085,538,450,7,457,16
2020-12-17,Kern,029,883053,58902,53683,3729,57412,526
2020-12-17,Kings,031,150075,15120,14057,429,14486,98
2020-12-17,Lake,033,64148,1620,1374,0,1374,20
2020-12-17,Lassen,035,31185,3885,3417,35,3452,1
2020-12-17,Los Angeles,037,10098052,641266,571093,15152,586245,8657
2020-12-17,Madera,039,155013,9452,8465,320,8785,62
2020-12-17,Marin,041,260295,9193,8721,58,8779,142
2020-12-17,Mariposa,043,17540,200,172,2,174,3
2020-12-17,Mendocino,045,87422,2164,1942,20,1962,23
2020-12-17,Merced,047,269075,17028,15648,255,15903,192
2020-12-17,Modoc,049,8938,216,179,65,244,0
2020-12-17,Mono,051,14174,800,718,12,730,3
2020-12-17,Monterey,053,433212,24111,21951,553,22504,163
2020-12-17,Napa,055,140530,5125,4612,24,4636,23
2020-12-17,Nevada,057,99092,2433,2173,74,2247,13
2020-12-17,Orange,059,3164182,135146,118367,4819,123186,1725
2020-12-17,Placer,061,380077,12511,10756,417,11173,99
2020-12-17,Plumas,063,18699,413,324,8,332,0
2020-12-17,Riverside,065,2383286,155237,139325,5943,145268,1696
2020-12-17,Sacramento,067,1510023,58212,53189,441,53630,721
2020-12-17,San Benito,069,59416,3049,2645,22,2667,20
2020-12-17,San Bernardino,071,2135413,169824,149838,4298,154136,1425
2020-12-17,San Diego,073,3302833,134013,116852,5779,122631,1239
2020-12-17,San Francisco,075,870044,21315,19939,181,20120,170
2020-12-17,San Joaquin,077,732212,40406,35894,1136,37030,554
2020-12-17,San Luis Obispo,079,281455,9495,8365,207,8572,59
2020-12-17,San Mateo,081,765935,22253,19647,62,19709,181
2020-12-17,Santa Barbara,083,443738,15380,14207,374,14581,147
2020-12-17,Santa Clara,085,1922200,60612,52559,230,52789,527
2020-12-17,Santa Cruz,087,273765,7838,6687,204,6891,64
2020-12-17,Shasta,089,179085,7493,7000,552,7552,62
2020-12-17,Sierra,091,2930,23,23,0,23,0
2020-12-17,Siskiyou,093,43540,941,827,84,911,2
2020-12-17,Solano,095,438530,16476,14361,154,14515,96
2020-12-17,Sonoma,097,501317,17248,15993,97,16090,171
2020-12-17,Stanislaus,099,539301,31361,28582,2543,31125,489
2020-12-17,Sutter,101,95872,5791,5309,40,5349,39
2020-12-17,Tehama,103,63373,2664,2480,205,2685,9
2020-12-17,Trinity,105,12862,389,213,53,266,2
2020-12-17,Tulare,107,460477,30458,27852,2983,30835,358
2020-12-17,Tuolumne,109,53932,2209,1992,8,2000,11
2020-12-17,Ventura,111,848112,33815,29404,1275,30679,208
2020-12-17,Yolo,113,214977,7595,6800,44,6844,105
2020-12-17,Yuba,115,75493,3381,3035,32,3067,12
2020-12-16,Alameda,001,1643700,45097,40751,707,41458,497
2020-12-16,Alpine,003,1148,65,64,0,64,0
2020-12-16,Amador,005,37829,2030,1693,12,1705,19
2020-12-16,Butte,007,227075,6423,5659,604,6263,76
2020-12-16,Calaveras,009,45235,924,821,0,821,21
2020-12-16,Colusa,011,21464,1142,1038,45,1083,7
2020-12-16,Contra Costa,013,1133247,35358,32429,336,32765,293
2020-12-16,Del Norte,015,27424,676,575,0,575,1
2020-12-16,El Dorado,017,186661,5126,4237,184,4421,9
2020-12-16,Fresno,019,978130,60057,49173,3459,52632,584
2020-12-16,Glenn,021,27897,1342,1236,174,1410,9
2020-12-16,Humboldt,023,135768,1451,1308,5,1313,12
2020-12-16,Imperial,025,180216,21297,19980,701,20681,388
2020-12-16,Inyo,027,18085,525,444,7,451,16
2020-12-16,Kern,029,883053,58025,52896,3596,56492,522
2020-12-16,Kings,031,150075,14940,13734,412,14146,99
2020-12-16,Lake,033,64148,1580,1363,0,1363,20
2020-12-16,Lassen,035,31185,3852,3396,34,3430,1
2020-12-16,Los Angeles,037,10098052,624740,557907,14467,572374,8561
2020-12-16,Madera,039,155013,9327,8278,312,8590,62
2020-12-16,Marin,041,260295,9122,8641,58,8699,142
2020-12-16,Mariposa,043,17540,197,175,2,177,3
2020-12-16,Mendocino,045,87422,2129,1929,20,1949,23
2020-12-16,Merced,047,269075,16742,15443,251,15694,190
2020-12-16,Modoc,049,8938,213,178,65,243,0
2020-12-16,Mono,051,14174,781,702,12,714,3
2020-12-16,Monterey,053,433212,23552,21107,542,21649,163
2020-12-16,Napa,055,140530,5028,4544,24,4568,23
2020-12-16,Nevada,057,99092,2397,2149,72,2221,13
2020-12-16,Orange,059,3164182,131672,115260,4652,119912,1712
2020-12-16,Placer,061,380077,12274,10554,396,10950,96
2020-12-16,Plumas,063,18699,404,319,8,327,0
2020-12-16,Riverside,065,2383286,151113,135751,5694,141445,1664
2020-12-16,Sacramento,067,1510023,57239,52166,416,52582,715
2020-12-16,San Benito,069,59416,2958,2582,22,2604,20
2020-12-16,San Bernardino,071,2135413,165216,143565,4163,147728,1403
2020-12-16,San Diego,073,3302833,130909,114248,5625,119873,1217
2020-12-16,San Francisco,075,870044,21056,19624,181,19805,170
2020-12-16,San Joaquin,077,732212,39581,35010,1096,36106,547
2020-12-16,San Luis Obispo,079,281455,9300,8252,198,8450,58
2020-12-16,San Mateo,081,765935,21927,19292,58,19350,179
2020-12-16,Santa Barbara,083,443738,15129,13966,362,14328,144
2020-12-16,Santa Clara,085,1922200,59368,51502,227,51729,523
2020-12-16,Santa Cruz,087,273765,7654,6536,193,6729,63
2020-12-16,Shasta,089,179085,7420,6914,529,7443,62
2020-12-16,Sierra,091,2930,23,23,0,23,0
2020-12-16,Siskiyou,093,43540,933,818,84,902,2
2020-12-16,Solano,095,438530,16009,14157,150,14307,96
2020-12-16,Sonoma,097,501317,16992,15768,97,15865,170
2020-12-16,Stanislaus,099,539301,30859,28279,2470,30749,489
2020-12-16,Sutter,101,95872,5711,5223,40,5263,39
2020-12-16,Tehama,103,63373,2631,2441,180,2621,9
2020-12-16,Trinity,105,12862,383,212,53,265,2
2020-12-16,Tulare,107,460477,30035,27500,2883,30383,352
2020-12-16,Tuolumne,109,53932,2166,1941,8,1949,11
2020-12-16,Ventura,111,848112,33041,28566,1232,29798,203
2020-12-16,Yolo,113,214977,7467,6649,43,6692,103
2020-12-16,Yuba,115,75493,3295,2980,31,3011,11
2020-12-15,Alameda,001,1643700,44242,40026,685,40711,492
2020-12-15,Alpine,003,1148,65,64,0,64,0
2020-12-15,Amador,005,37829,1917,1669,10,1679,19
2020-12-15,Butte,007,227075,6284,5565,575,6140,75
2020-12-15,Calaveras,009,45235,892,799,0,799,21
2020-12-15,Colusa,011,21464,1129,1026,44,1070,7
2020-12-15,Contra Costa,013,1133247,34700,31423,322,31745,281
2020-12-15,Del Norte,015,27424,665,564,0,564,1
2020-12-15,El Dorado,017,186661,5018,4113,170,4283,9
2020-12-15,Fresno,019,978130,58684,47316,3325,50641,574
2020-12-15,Glenn,021,27897,1329,1207,158,1365,9
2020-12-15,Humboldt,023,135768,1431,1276,5,1281,12
2020-12-15,Imperial,025,180216,21077,19756,622,20378,380
2020-12-15,Inyo,027,18085,512,394,7,401,16
2020-12-15,Kern,029,883053,57014,52002,3491,55493,511
2020-12-15,Kings,031,150075,14776,13652,393,14045,97
2020-12-15,Lake,033,64148,1555,1341,0,1341,21
2020-12-15,Lassen,035,31185,3680,3378,33,3411,1
2020-12-15,Los Angeles,037,10098052,608358,536258,13825,550083,8429
2020-12-15,Madera,039,155013,9173,8118,305,8423,60
2020-12-15,Marin,041,260295,9014,8528,56,8584,141
2020-12-15,Mariposa,043,17540,193,171,2,173,3
2020-12-15,Mendocino,045,87422,2102,1883,20,1903,24
2020-12-15,Merced,047,269075,16444,15120,247,15367,190
2020-12-15,Modoc,049,8938,211,179,65,244,0
2020-12-15,Mono,051,14174,765,702,12,714,3
2020-12-15,Monterey,053,433212,22954,19905,481,20386,161
2020-12-15,Napa,055,140530,4925,4440,24,4464,23
2020-12-15,Nevada,057,99092,2364,2117,70,2187,11
2020-12-15,Orange,059,3164182,128016,112893,4499,117392,1689
2020-12-15,Placer,061,380077,12040,10301,374,10675,95
2020-12-15,Plumas,063,18699,399,313,8,321,0
2020-12-15,Riverside,065,2383286,147055,131822,5415,137237,1624
2020-12-15,Sacramento,067,1510023,56221,51076,403,51479,703
2020-12-15,San Benito,069,59416,2879,2520,21,2541,19
2020-12-15,San Bernardino,071,2135413,160753,137548,4012,141560,1351
2020-12-15,San Diego,073,3302833,127343,111441,5462,116903,1194
2020-12-15,San Francisco,075,870044,20746,19283,178,19461,171
2020-12-15,San Joaquin,077,732212,38657,33849,1060,34909,537
2020-12-15,San Luis Obispo,079,281455,9191,8074,195,8269,55
2020-12-15,San Mateo,081,765935,21517,18907,56,18963,178
2020-12-15,Santa Barbara,083,443738,14902,13782,354,14136,144
2020-12-15,Santa Clara,085,1922200,57933,50311,224,50535,505
2020-12-15,Santa Cruz,087,273765,7469,6361,179,6540,59
2020-12-15,Shasta,089,179085,7361,6794,504,7298,54
2020-12-15,Sierra,091,2930,23,23,0,23,0
2020-12-15,Siskiyou,093,43540,924,812,83,895,2
2020-12-15,Solano,095,438530,15659,13796,150,13946,95
2020-12-15,Sonoma,097,501317,16771,15406,97,15503,167
2020-12-15,Stanislaus,099,539301,30346,27823,2389,30212,485
2020-12-15,Sutter,101,95872,5613,5080,39,5119,36
2020-12-15,Tehama,103,63373,2593,2392,174,2566,9
2020-12-15,Trinity,105,12862,375,213,51,264,1
2020-12-15,Tulare,107,460477,29546,27026,2793,29819,342
2020-12-15,Tuolumne,109,53932,2136,1874,8,1882,8
2020-12-15,Ventura,111,848112,32419,27936,1185,29121,201
2020-12-15,Yolo,113,214977,7344,6531,41,6572,104
2020-12-15,Yuba,115,75493,3201,2891,30,2921,11
2020-12-14,Alameda,001,1643700,43341,39252,666,39918,487
2020-12-14,Alpine,003,1148,65,63,0,63,0
2020-12-14,Amador,005,37829,1845,1609,10,1619,19
2020-12-14,Butte,007,227075,6116,5202,558,5760,75
2020-12-14,Calaveras,009,45235,854,718,0,718,21
2020-12-14,Colusa,011,21464,1105,949,43,992,7
2020-12-14,Contra Costa,013,1133247,34003,30594,308,30902,281
2020-12-14,Del Norte,015,27424,659,560,0,560,1
2020-12-14,El Dorado,017,186661,4862,4018,154,4172,9
2020-12-14,Fresno,019,978130,57660,44726,3146,47872,560
2020-12-14,Glenn,021,27897,1303,1186,150,1336,9
2020-12-14,Humboldt,023,135768,1418,1256,5,1261,9
2020-12-14,Imperial,025,180216,20838,19608,544,20152,379
2020-12-14,Inyo,027,18085,498,382,7,389,16
2020-12-14,Kern,029,883053,55977,50538,3369,53907,510
2020-12-14,Kings,031,150075,14591,13491,366,13857,97
2020-12-14,Lake,033,64148,1506,1301,0,1301,21
2020-12-14,Lassen,035,31185,3582,2905,30,2935,1
2020-12-14,Los Angeles,037,10098052,590728,524668,13186,537854,8340
2020-12-14,Madera,039,155013,8906,8011,296,8307,60
2020-12-14,Marin,041,260295,8931,8475,55,8530,141
2020-12-14,Mariposa,043,17540,192,171,2,173,3
2020-12-14,Mendocino,045,87422,2081,1845,20,1865,24
2020-12-14,Merced,047,269075,16036,14572,233,14805,189
2020-12-14,Modoc,049,8938,205,180,63,243,0
2020-12-14,Mono,051,14174,757,685,12,697,3
2020-12-14,Monterey,053,433212,22432,19154,475,19629,155
2020-12-14,Napa,055,140530,4832,4289,24,4313,22
2020-12-14,Nevada,057,99092,2326,2070,67,2137,11
2020-12-14,Orange,059,3164182,124129,108602,4363,112965,1688
2020-12-14,Placer,061,380077,11759,9551,363,9914,95
2020-12-14,Plumas,063,18699,387,309,8,317,0
2020-12-14,Riverside,065,2383286,142926,123715,5153,128868,1588
2020-12-14,Sacramento,067,1510023,55114,50304,378,50682,691
2020-12-14,San Benito,069,59416,2813,2467,20,2487,19
2020-12-14,San Bernardino,071,2135413,156305,129151,3884,133035,1347
2020-12-14,San Diego,073,3302833,123607,109578,5277,114855,1162
2020-12-14,San Francisco,075,870044,20370,18904,176,19080,171
2020-12-14,San Joaquin,077,732212,37814,32522,1014,33536,534
2020-12-14,San Luis Obispo,079,281455,8945,7791,191,7982,52
2020-12-14,San Mateo,081,765935,21019,18361,53,18414,178
2020-12-14,Santa Barbara,083,443738,14629,13587,346,13933,144
2020-12-14,Santa Clara,085,1922200,56372,49180,212,49392,502
2020-12-14,Santa Cruz,087,273765,7283,6049,164,6213,54
2020-12-14,Shasta,089,179085,7272,6665,485,7150,54
2020-12-14,Sierra,091,2930,23,21,0,21,0
2020-12-14,Siskiyou,093,43540,901,764,77,841,2
2020-12-14,Solano,095,438530,15298,13352,149,13501,93
2020-12-14,Sonoma,097,501317,16465,14807,96,14903,167
2020-12-14,Stanislaus,099,539301,29812,27311,2340,29651,485
2020-12-14,Sutter,101,95872,5509,5001,32,5033,35
2020-12-14,Tehama,103,63373,2550,2344,171,2515,9
2020-12-14,Trinity,105,12862,371,205,49,254,1
2020-12-14,Tulare,107,460477,29073,25735,2702,28437,341
2020-12-14,Tuolumne,109,53932,2083,1647,8,1655,8
2020-12-14,Ventura,111,848112,31496,27436,1126,28562,202
2020-12-14,Yolo,113,214977,7183,6389,40,6429,95
2020-12-14,Yuba,115,75493,3139,2851,30,2881,11
2020-12-13,Alameda,001,1643700,42143,38064,641,38705,486
2020-12-13,Alpine,003,1148,65,63,0,63,0
2020-12-13,Amador,005,37829,1789,1457,9,1466,19
2020-12-13,Butte,007,227075,5968,5103,518,5621,75
2020-12-13,Calaveras,009,45235,818,710,0,710,21
2020-12-13,Colusa,011,21464,1089,945,40,985,7
2020-12-13,Contra Costa,013,1133247,33275,29667,302,29969,281
2020-12-13,Del Norte,015,27424,606,542,0,542,1
2020-12-13,El Dorado,017,186661,4761,3770,143,3913,9
2020-12-13,Fresno,019,978130,56553,44114,2987,47101,559
2020-12-13,Glenn,021,27897,1290,1171,139,1310,9
2020-12-13,Humboldt,023,135768,1395,1238,4,1242,9
2020-12-13,Imperial,025,180216,20548,19472,421,19893,379
2020-12-13,Inyo,027,18085,477,380,7,387,16
2020-12-13,Kern,029,883053,54946,49051,3212,52263,510
2020-12-13,Kings,031,150075,14311,13357,348,13705,97
2020-12-13,Lake,033,64148,1464,1271,0,1271,21
2020-12-13,Lassen,035,31185,3475,2867,25,2892,1
2020-12-13,Los Angeles,037,10098052,573113,517472,12485,529957,8294
2020-12-13,Madera,039,155013,8724,7909,282,8191,60
2020-12-13,Marin,041,260295,8811,8409,55,8464,141
2020-12-13,Mariposa,043,17540,188,167,2,169,3
2020-12-13,Mendocino,045,87422,2047,1793,20,1813,24
2020-12-13,Merced,047,269075,15685,14384,230,14614,189
2020-12-13,Modoc,049,8938,192,179,57,236,0
2020-12-13,Mono,051,14174,741,675,12,687,3
2020-12-13,Monterey,053,433212,22011,18913,461,19374,153
2020-12-13,Napa,055,140530,4726,4194,24,4218,22
2020-12-13,Nevada,057,99092,2278,2030,65,2095,11
2020-12-13,Orange,059,3164182,120195,104768,4189,108957,1688
2020-12-13,Placer,061,380077,11445,9405,345,9750,95
2020-12-13,Plumas,063,18699,381,291,8,299,0
2020-12-13,Riverside,065,2383286,138799,119691,4890,124581,1581
2020-12-13,Sacramento,067,1510023,53845,49480,349,49829,682
2020-12-13,San Benito,069,59416,2744,2408,19,2427,19
2020-12-13,San Bernardino,071,2135413,151407,126718,3723,130441,1333
2020-12-13,San Diego,073,3302833,120007,107372,5108,112480,1162
2020-12-13,San Francisco,075,870044,20025,18686,167,18853,167
2020-12-13,San Joaquin,077,732212,37009,32170,974,33144,534
2020-12-13,San Luis Obispo,079,281455,8755,7625,183,7808,52
2020-12-13,San Mateo,081,765935,20528,18090,47,18137,177
2020-12-13,Santa Barbara,083,443738,14359,13249,331,13580,144
2020-12-13,Santa Clara,085,1922200,54945,47920,203,48123,499
2020-12-13,Santa Cruz,087,273765,7034,5986,153,6139,54
2020-12-13,Shasta,089,179085,7198,6647,459,7106,54
2020-12-13,Sierra,091,2930,23,21,0,21,0
2020-12-13,Siskiyou,093,43540,889,762,72,834,2
2020-12-13,Solano,095,438530,14860,13276,146,13422,93
2020-12-13,Sonoma,097,501317,16151,14495,95,14590,167
2020-12-13,Stanislaus,099,539301,29247,26569,2278,28847,485
2020-12-13,Sutter,101,95872,5382,4798,28,4826,34
2020-12-13,Tehama,103,63373,2505,2325,156,2481,9
2020-12-13,Trinity,105,12862,365,204,49,253,1
2020-12-13,Tulare,107,460477,28583,25496,2615,28111,340
2020-12-13,Tuolumne,109,53932,2021,1611,8,1619,8
2020-12-13,Ventura,111,848112,30493,26588,1064,27652,202
2020-12-13,Yolo,113,214977,7000,6265,34,6299,95
2020-12-13,Yuba,115,75493,3074,2754,27,2781,11
2020-12-12,Alameda,001,1643700,41700,37027,621,37648,486
2020-12-12,Alpine,003,1148,65,63,0,63,0
2020-12-12,Amador,005,37829,1761,1236,8,1244,19
2020-12-12,Butte,007,227075,5895,4972,506,5478,73
2020-12-12,Calaveras,009,45235,808,708,0,708,21
2020-12-12,Colusa,011,21464,1069,945,39,984,7
2020-12-12,Contra Costa,013,1133247,32931,29506,293,29799,281
2020-12-12,Del Norte,015,27424,598,529,0,529,1
2020-12-12,El Dorado,017,186661,4686,3706,125,3831,9
2020-12-12,Fresno,019,978130,56202,43756,2927,46683,559
2020-12-12,Glenn,021,27897,1282,1143,135,1278,8
2020-12-12,Humboldt,023,135768,1376,1208,4,1212,9
2020-12-12,Imperial,025,180216,20462,18947,363,19310,379
2020-12-12,Inyo,027,18085,473,380,7,387,16
2020-12-12,Kern,029,883053,54426,48194,3122,51316,507
2020-12-12,Kings,031,150075,14222,13205,344,13549,96
2020-12-12,Lake,033,64148,1448,1232,0,1232,21
2020-12-12,Lassen,035,31185,3452,2866,22,2888,1
2020-12-12,Los Angeles,037,10098052,566309,504317,11982,516299,8269
2020-12-12,Madera,039,155013,8597,7765,279,8044,59
2020-12-12,Marin,041,260295,8757,8363,54,8417,141
2020-12-12,Mariposa,043,17540,187,164,2,166,3
2020-12-12,Mendocino,045,87422,2011,1771,20,1791,24
2020-12-12,Merced,047,269075,15594,14181,226,14407,188
2020-12-12,Modoc,049,8938,191,169,54,223,0
2020-12-12,Mono,051,14174,734,640,12,652,3
2020-12-12,Monterey,053,433212,21898,18596,432,19028,151
2020-12-12,Napa,055,140530,4681,4113,24,4137,22
2020-12-12,Nevada,057,99092,2260,1981,63,2044,10
2020-12-12,Orange,059,3164182,118309,100468,4041,104509,1674
2020-12-12,Placer,061,380077,11280,9390,340,9730,95
2020-12-12,Plumas,063,18699,375,291,8,299,0
2020-12-12,Riverside,065,2383286,136742,118335,4685,123020,1579
2020-12-12,Sacramento,067,1510023,53261,48319,336,48655,673
2020-12-12,San Benito,069,59416,2688,2355,19,2374,19
2020-12-12,San Bernardino,071,2135413,149774,125741,3620,129361,1321
2020-12-12,San Diego,073,3302833,118386,104958,5011,109969,1151
2020-12-12,San Francisco,075,870044,19835,18413,163,18576,167
2020-12-12,San Joaquin,077,732212,36682,32200,943,33143,534
2020-12-12,San Luis Obispo,079,281455,8656,7462,177,7639,50
2020-12-12,San Mateo,081,765935,20307,17574,46,17620,177
2020-12-12,Santa Barbara,083,443738,14207,13174,323,13497,144
2020-12-12,Santa Clara,085,1922200,53995,45892,200,46092,498
2020-12-12,Santa Cruz,087,273765,6936,5905,144,6049,54
2020-12-12,Shasta,089,179085,7165,6551,441,6992,54
2020-12-12,Sierra,091,2930,23,21,0,21,0
2020-12-12,Siskiyou,093,43540,887,762,69,831,2
2020-12-12,Solano,095,438530,14662,12748,139,12887,93
2020-12-12,Sonoma,097,501317,16030,14466,95,14561,166
2020-12-12,Stanislaus,099,539301,28946,26246,2227,28473,483
2020-12-12,Sutter,101,95872,5320,4717,28,4745,32
2020-12-12,Tehama,103,63373,2487,2252,150,2402,9
2020-12-12,Trinity,105,12862,363,204,47,251,1
2020-12-12,Tulare,107,460477,28324,25333,2557,27890,341
2020-12-12,Tuolumne,109,53932,1978,1536,8,1544,8
2020-12-12,Ventura,111,848112,30049,25955,1031,26986,202
2020-12-12,Yolo,113,214977,6918,6116,32,6148,95
2020-12-12,Yuba,115,75493,3047,2692,26,2718,10
2020-12-11,Alameda,001,1643700,41133,36281,609,36890,482
2020-12-11,Alpine,003,1148,65,63,0,63,0
2020-12-11,Amador,005,37829,1745,1213,8,1221,19
2020-12-11,Butte,007,227075,5822,4941,488,5429,73
2020-12-11,Calaveras,009,45235,792,697,0,697,21
2020-12-11,Colusa,011,21464,1059,923,37,960,7
2020-12-11,Contra Costa,013,1133247,32508,29036,289,29325,282
2020-12-11,Del Norte,015,27424,592,505,0,505,1
2020-12-11,El Dorado,017,186661,4605,3669,110,3779,9
2020-12-11,Fresno,019,978130,55190,43071,2861,45932,550
2020-12-11,Glenn,021,27897,1266,1135,130,1265,8
2020-12-11,Humboldt,023,135768,1358,1190,4,1194,9
2020-12-11,Imperial,025,180216,20372,18599,319,18918,377
2020-12-11,Inyo,027,18085,462,372,7,379,16
2020-12-11,Kern,029,883053,53748,47664,3058,50722,502
2020-12-11,Kings,031,150075,14078,13118,340,13458,94
2020-12-11,Lake,033,64148,1435,1205,0,1205,21
2020-12-11,Lassen,035,31185,3440,2790,21,2811,1
2020-12-11,Los Angeles,037,10098052,554503,493592,11571,505163,8198
2020-12-11,Madera,039,155013,8506,7648,269,7917,59
2020-12-11,Marin,041,260295,8663,8317,53,8370,141
2020-12-11,Mariposa,043,17540,186,164,2,166,3
2020-12-11,Mendocino,045,87422,1987,1769,20,1789,24
2020-12-11,Merced,047,269075,15474,14038,218,14256,186
2020-12-11,Modoc,049,8938,191,168,53,221,0
2020-12-11,Mono,051,14174,724,631,12,643,3
2020-12-11,Monterey,053,433212,21597,18421,427,18848,150
2020-12-11,Napa,055,140530,4626,4054,24,4078,22
2020-12-11,Nevada,057,99092,2243,1959,60,2019,10
2020-12-11,Orange,059,3164182,115999,98357,3939,102296,1656
2020-12-11,Placer,061,380077,11118,8904,324,9228,93
2020-12-11,Plumas,063,18699,367,286,8,294,0
2020-12-11,Riverside,065,2383286,133674,115329,4465,119794,1573
2020-12-11,Sacramento,067,1510023,52599,47468,328,47796,669
2020-12-11,San Benito,069,59416,2637,2319,19,2338,19
2020-12-11,San Bernardino,071,2135413,147084,123092,3504,126596,1313
2020-12-11,San Diego,073,3302833,116426,102468,4928,107396,1137
2020-12-11,San Francisco,075,870044,19605,18246,162,18408,165
2020-12-11,San Joaquin,077,732212,36336,32044,915,32959,534
2020-12-11,San Luis Obispo,079,281455,8495,7415,175,7590,49
2020-12-11,San Mateo,081,765935,20036,17240,35,17275,177
2020-12-11,Santa Barbara,083,443738,14064,12997,315,13312,144
2020-12-11,Santa Clara,085,1922200,52991,45101,191,45292,494
2020-12-11,Santa Cruz,087,273765,6823,5764,135,5899,50
2020-12-11,Shasta,089,179085,7120,6459,434,6893,54
2020-12-11,Sierra,091,2930,23,19,0,19,0
2020-12-11,Siskiyou,093,43540,880,753,66,819,2
2020-12-11,Solano,095,438530,14476,12554,135,12689,92
2020-12-11,Sonoma,097,501317,15863,14298,93,14391,166
2020-12-11,Stanislaus,099,539301,28678,25928,2183,28111,464
2020-12-11,Sutter,101,95872,5257,4600,27,4627,30
2020-12-11,Tehama,103,63373,2457,2232,146,2378,9
2020-12-11,Trinity,105,12862,360,204,47,251,1
2020-12-11,Tulare,107,460477,27964,24953,2510,27463,338
2020-12-11,Tuolumne,109,53932,1964,1510,8,1518,8
2020-12-11,Ventura,111,848112,29443,24999,1009,26008,202
2020-12-11,Yolo,113,214977,6812,6006,31,6037,95
2020-12-11,Yuba,115,75493,2987,2649,25,2674,10
2020-12-10,Alameda,001,1643700,40363,35686,587,36273,477
2020-12-10,Alpine,003,1148,65,63,0,63,0
2020-12-10,Amador,005,37829,1688,1191,8,1199,18
2020-12-10,Butte,007,227075,5706,4863,461,5324,72
2020-12-10,Calaveras,009,45235,774,684,0,684,21
2020-12-10,Colusa,011,21464,1036,909,34,943,7
2020-12-10,Contra Costa,013,1133247,31826,28413,283,28696,276
2020-12-10,Del Norte,015,27424,582,501,0,501,1
2020-12-10,El Dorado,017,186661,4487,3557,105,3662,9
2020-12-10,Fresno,019,978130,54212,42461,2719,45180,540
2020-12-10,Glenn,021,27897,1246,1126,121,1247,8
2020-12-10,Humboldt,023,135768,1338,1140,4,1144,9
2020-12-10,Imperial,025,180216,20158,18333,242,18575,370
2020-12-10,Inyo,027,18085,441,365,7,372,15
2020-12-10,Kern,029,883053,52765,47176,2892,50068,499
2020-12-10,Kings,031,150075,13920,12993,334,13327,92
2020-12-10,Lake,033,64148,1394,1167,0,1167,21
2020-12-10,Lassen,035,31185,3418,2764,17,2781,0
2020-12-10,Los Angeles,037,10098052,540535,480354,11034,491388,8149
2020-12-10,Madera,039,155013,8399,7445,254,7699,59
2020-12-10,Marin,041,260295,8610,8245,52,8297,140
2020-12-10,Mariposa,043,17540,185,160,2,162,3
2020-12-10,Mendocino,045,87422,1961,1748,17,1765,24
2020-12-10,Merced,047,269075,15228,13756,215,13971,186
2020-12-10,Modoc,049,8938,186,165,51,216,0
2020-12-10,Mono,051,14174,719,601,12,613,3
2020-12-10,Monterey,053,433212,21116,18266,417,18683,145
2020-12-10,Napa,055,140530,4540,3974,23,3997,22
2020-12-10,Nevada,057,99092,2207,1919,60,1979,10
2020-12-10,Orange,059,3164182,112904,95297,3777,99074,1651
2020-12-10,Placer,061,380077,10865,8906,305,9211,90
2020-12-10,Plumas,063,18699,356,281,8,289,0
2020-12-10,Riverside,065,2383286,129987,112794,4196,116990,1552
2020-12-10,Sacramento,067,1510023,51699,46471,306,46777,664
2020-12-10,San Benito,069,59416,2577,2268,18,2286,19
2020-12-10,San Bernardino,071,2135413,142848,120186,3330,123516,1306
2020-12-10,San Diego,073,3302833,113901,99601,4779,104380,1114
2020-12-10,San Francisco,075,870044,19293,17945,154,18099,164
2020-12-10,San Joaquin,077,732212,35700,31228,885,32113,534
2020-12-10,San Luis Obispo,079,281455,8332,7245,164,7409,49
2020-12-10,San Mateo,081,765935,19591,16701,25,16726,177
2020-12-10,Santa Barbara,083,443738,13885,12788,306,13094,143
2020-12-10,Santa Clara,085,1922200,51855,43939,176,44115,491
2020-12-10,Santa Cruz,087,273765,6656,5645,122,5767,48
2020-12-10,Shasta,089,179085,7052,6312,409,6721,53
2020-12-10,Sierra,091,2930,23,18,0,18,0
2020-12-10,Siskiyou,093,43540,870,712,65,777,2
2020-12-10,Solano,095,438530,14110,12017,129,12146,90
2020-12-10,Sonoma,097,501317,15608,14282,91,14373,167
2020-12-10,Stanislaus,099,539301,28215,25582,2114,27696,464
2020-12-10,Sutter,101,95872,5127,4528,25,4553,27
2020-12-10,Tehama,103,63373,2413,2190,138,2328,9
2020-12-10,Trinity,105,12862,356,202,45,247,1
2020-12-10,Tulare,107,460477,27508,24506,2444,26950,337
2020-12-10,Tuolumne,109,53932,1722,1451,8,1459,8
2020-12-10,Ventura,111,848112,28592,24075,965,25040,202
2020-12-10,Yolo,113,214977,6691,5896,30,5926,95
2020-12-10,Yuba,115,75493,2923,2604,24,2628,10
2020-12-09,Alameda,001,1643700,39524,35047,564,35611,470
2020-12-09,Alpine,003,1148,65,58,0,58,0
2020-12-09,Amador,005,37829,1645,1121,8,1129,19
2020-12-09,Butte,007,227075,5563,4733,441,5174,70
2020-12-09,Calaveras,009,45235,747,670,0,670,21
2020-12-09,Colusa,011,21464,1021,896,33,929,7
2020-12-09,Contra Costa,013,1133247,31121,28308,272,28580,273
2020-12-09,Del Norte,015,27424,569,481,0,481,2
2020-12-09,El Dorado,017,186661,4352,3449,97,3546,8
2020-12-09,Fresno,019,978130,53210,41954,2566,44520,533
2020-12-09,Glenn,021,27897,1232,1107,115,1222,8
2020-12-09,Humboldt,023,135768,1306,1086,4,1090,10
2020-12-09,Imperial,025,180216,19903,17757,206,17963,368
2020-12-09,Inyo,027,18085,428,356,7,363,15
2020-12-09,Kern,029,883053,51607,46379,2746,49125,494
2020-12-09,Kings,031,150075,13775,12716,326,13042,92
2020-12-09,Lake,033,64148,1366,1158,0,1158,20
2020-12-09,Lassen,035,31185,3349,2331,15,2346,0
2020-12-09,Los Angeles,037,10098052,527054,467971,10484,478455,8075
2020-12-09,Madera,039,155013,8286,7216,251,7467,59
2020-12-09,Marin,041,260295,8548,8182,51,8233,138
2020-12-09,Mariposa,043,17540,183,154,2,156,3
2020-12-09,Mendocino,045,87422,1935,1703,16,1719,24
2020-12-09,Merced,047,269075,14987,13588,208,13796,183
2020-12-09,Modoc,049,8938,181,146,42,188,0
2020-12-09,Mono,051,14174,707,601,12,613,3
2020-12-09,Monterey,053,433212,20715,17891,409,18300,143
2020-12-09,Napa,055,140530,4454,3858,22,3880,21
2020-12-09,Nevada,057,99092,2154,1864,60,1924,10
2020-12-09,Orange,059,3164182,109817,93763,3603,97366,1629
2020-12-09,Placer,061,380077,10604,8588,291,8879,85
2020-12-09,Plumas,063,18699,348,271,8,279,0
2020-12-09,Riverside,065,2383286,126290,110376,3989,114365,1543
2020-12-09,Sacramento,067,1510023,50636,45284,279,45563,659
2020-12-09,San Benito,069,59416,2504,2217,16,2233,19
2020-12-09,San Bernardino,071,2135413,138569,114516,3133,117649,1305
2020-12-09,San Diego,073,3302833,110921,97551,4640,102191,1103
2020-12-09,San Francisco,075,870044,18992,17628,153,17781,163
2020-12-09,San Joaquin,077,732212,34881,30539,860,31399,531
2020-12-09,San Luis Obispo,079,281455,8113,7105,156,7261,47
2020-12-09,San Mateo,081,765935,19141,16422,24,16446,175
2020-12-09,Santa Barbara,083,443738,13685,12630,296,12926,142
2020-12-09,Santa Clara,085,1922200,50703,42912,160,43072,489
2020-12-09,Santa Cruz,087,273765,6497,5527,107,5634,47
2020-12-09,Shasta,089,179085,6987,6105,395,6500,52
2020-12-09,Sierra,091,2930,23,18,0,18,0
2020-12-09,Siskiyou,093,43540,859,713,64,777,2
2020-12-09,Solano,095,438530,13762,11862,121,11983,90
2020-12-09,Sonoma,097,501317,15352,13994,88,14082,164
2020-12-09,Stanislaus,099,539301,27717,25157,2053,27210,463
2020-12-09,Sutter,101,95872,5009,4418,21,4439,24
2020-12-09,Tehama,103,63373,2377,2102,134,2236,9
2020-12-09,Trinity,105,12862,348,199,42,241,0
2020-12-09,Tulare,107,460477,26913,24124,2365,26489,334
2020-12-09,Tuolumne,109,53932,1689,1319,8,1327,8
2020-12-09,Ventura,111,848112,27729,23830,923,24753,201
2020-12-09,Yolo,113,214977,6566,5760,28,5788,95
2020-12-09,Yuba,115,75493,2855,2513,23,2536,10
2020-12-08,Alameda,001,1643700,38623,34373,548,34921,469
2020-12-08,Alpine,003,1148,64,53,0,53,0
2020-12-08,Amador,005,37829,1359,1043,8,1051,17
2020-12-08,Butte,007,227075,5405,4651,400,5051,70
2020-12-08,Calaveras,009,45235,723,657,0,657,21
2020-12-08,Colusa,011,21464,1005,875,32,907,6
2020-12-08,Contra Costa,013,1133247,30419,27926,255,28181,270
2020-12-08,Del Norte,015,27424,553,465,0,465,2
2020-12-08,El Dorado,017,186661,4228,3296,84,3380,8
2020-12-08,Fresno,019,978130,51947,41574,2410,43984,529
2020-12-08,Glenn,021,27897,1212,1094,107,1201,8
2020-12-08,Humboldt,023,135768,1280,1059,4,1063,10
2020-12-08,Imperial,025,180216,19388,17568,198,17766,363
2020-12-08,Inyo,027,18085,405,333,7,340,15
2020-12-08,Kern,029,883053,50313,45116,2590,47706,487
2020-12-08,Kings,031,150075,13621,12623,317,12940,90
2020-12-08,Lake,033,64148,1324,1127,0,1127,20
2020-12-08,Lassen,035,31185,3193,2165,15,2180,0
2020-12-08,Los Angeles,037,10098052,514358,459738,10005,469743,8004
2020-12-08,Madera,039,155013,8155,7082,238,7320,59
2020-12-08,Marin,041,260295,8468,8099,50,8149,137
2020-12-08,Mariposa,043,17540,179,150,2,152,2
2020-12-08,Mendocino,045,87422,1893,1666,16,1682,23
2020-12-08,Merced,047,269075,14675,13380,207,13587,181
2020-12-08,Modoc,049,8938,173,138,39,177,0
2020-12-08,Mono,051,14174,693,597,12,609,3
2020-12-08,Monterey,053,433212,20144,17752,402,18154,134
2020-12-08,Napa,055,140530,4367,3778,21,3799,22
2020-12-08,Nevada,057,99092,2100,1809,57,1866,11
2020-12-08,Orange,059,3164182,106596,91406,3437,94843,1629
2020-12-08,Placer,061,380077,10336,8224,286,8510,82
2020-12-08,Plumas,063,18699,338,258,8,266,0
2020-12-08,Riverside,065,2383286,122927,107620,3809,111429,1514
2020-12-08,Sacramento,067,1510023,49572,44635,264,44899,649
2020-12-08,San Benito,069,59416,2451,2180,16,2196,18
2020-12-08,San Bernardino,071,2135413,134222,110676,3007,113683,1301
2020-12-08,San Diego,073,3302833,107550,95447,4483,99930,1088
2020-12-08,San Francisco,075,870044,18682,17384,151,17535,162
2020-12-08,San Joaquin,077,732212,33986,30225,827,31052,530
2020-12-08,San Luis Obispo,079,281455,7984,6903,145,7048,45
2020-12-08,San Mateo,081,765935,18741,16305,24,16329,175
2020-12-08,Santa Barbara,083,443738,13501,12516,287,12803,141
2020-12-08,Santa Clara,085,1922200,49398,41309,151,41460,484
2020-12-08,Santa Cruz,087,273765,6319,5374,105,5479,45
2020-12-08,Shasta,089,179085,6878,5946,387,6333,50
2020-12-08,Sierra,091,2930,22,18,0,18,0
2020-12-08,Siskiyou,093,43540,845,704,62,766,2
2020-12-08,Solano,095,438530,13360,11669,119,11788,89
2020-12-08,Sonoma,097,501317,15093,13601,87,13688,164
2020-12-08,Stanislaus,099,539301,27228,24793,1988,26781,461
2020-12-08,Sutter,101,95872,4914,4342,20,4362,24
2020-12-08,Tehama,103,63373,2304,2057,126,2183,9
2020-12-08,Trinity,105,12862,339,198,41,239,0
2020-12-08,Tulare,107,460477,26310,23607,2304,25911,330
2020-12-08,Tuolumne,109,53932,1665,1264,8,1272,7
2020-12-08,Ventura,111,848112,27066,23665,880,24545,195
2020-12-08,Yolo,113,214977,6434,5560,28,5588,90
2020-12-08,Yuba,115,75493,2778,2477,23,2500,10
2020-12-07,Alameda,001,1643700,37757,33887,512,34399,466
2020-12-07,Alpine,003,1148,63,53,0,53,0
2020-12-07,Amador,005,37829,1284,993,7,1000,17
2020-12-07,Butte,007,227075,5270,4604,378,4982,67
2020-12-07,Calaveras,009,45235,691,606,0,606,21
2020-12-07,Colusa,011,21464,980,825,27,852,6
2020-12-07,Contra Costa,013,1133247,29803,27307,242,27549,270
2020-12-07,Del Norte,015,27424,541,424,0,424,2
2020-12-07,El Dorado,017,186661,4049,3275,77,3352,8
2020-12-07,Fresno,019,978130,50472,41098,2287,43385,526
2020-12-07,Glenn,021,27897,1193,1085,101,1186,8
2020-12-07,Humboldt,023,135768,1245,1023,4,1027,9
2020-12-07,Imperial,025,180216,18966,17234,188,17422,364
2020-12-07,Inyo,027,18085,390,333,7,340,15
2020-12-07,Kern,029,883053,49288,44409,2454,46863,486
2020-12-07,Kings,031,150075,13478,12412,307,12719,90
2020-12-07,Lake,033,64148,1297,1090,0,1090,20
2020-12-07,Lassen,035,31185,3096,2167,15,2182,0
2020-12-07,Los Angeles,037,10098052,500689,451052,9567,460619,7937
2020-12-07,Madera,039,155013,7890,6935,233,7168,59
2020-12-07,Marin,041,260295,8410,8049,49,8098,136
2020-12-07,Mariposa,043,17540,176,146,2,148,2
2020-12-07,Mendocino,045,87422,1857,1638,14,1652,23
2020-12-07,Merced,047,269075,14316,13250,197,13447,179
2020-12-07,Modoc,049,8938,166,128,36,164,0
2020-12-07,Mono,051,14174,680,590,12,602,3
2020-12-07,Monterey,053,433212,19663,17746,390,18136,132
2020-12-07,Napa,055,140530,4276,3684,21,3705,21
2020-12-07,Nevada,057,99092,2051,1777,56,1833,11
2020-12-07,Orange,059,3164182,103331,89793,3317,93110,1628
2020-12-07,Placer,061,380077,10009,7911,272,8183,82
2020-12-07,Plumas,063,18699,326,256,5,261,0
2020-12-07,Riverside,065,2383286,119728,102363,3626,105989,1491
2020-12-07,Sacramento,067,1510023,48477,43419,247,43666,638
2020-12-07,San Benito,069,59416,2400,2165,15,2180,18
2020-12-07,San Bernardino,071,2135413,130268,108161,2888,111049,1295
2020-12-07,San Diego,073,3302833,104761,94171,4302,98473,1062
2020-12-07,San Francisco,075,870044,18391,17220,144,17364,161
2020-12-07,San Joaquin,077,732212,33111,28188,800,28988,530
2020-12-07,San Luis Obispo,079,281455,7802,6782,138,6920,45
2020-12-07,San Mateo,081,765935,18300,16029,23,16052,175
2020-12-07,Santa Barbara,083,443738,13259,12362,277,12639,141
2020-12-07,Santa Clara,085,1922200,48015,40621,142,40763,484
2020-12-07,Santa Cruz,087,273765,6154,5152,99,5251,41
2020-12-07,Shasta,089,179085,6755,5742,372,6114,50
2020-12-07,Sierra,091,2930,20,18,0,18,0
2020-12-07,Siskiyou,093,43540,818,652,62,714,2
2020-12-07,Solano,095,438530,13021,11354,115,11469,89
2020-12-07,Sonoma,097,501317,14809,13376,87,13463,164
2020-12-07,Stanislaus,099,539301,26670,24479,1935,26414,454
2020-12-07,Sutter,101,95872,4773,4106,20,4126,24
2020-12-07,Tehama,103,63373,2253,2030,121,2151,9
2020-12-07,Trinity,105,12862,335,194,41,235,0
2020-12-07,Tulare,107,460477,25774,22760,2247,25007,328
2020-12-07,Tuolumne,109,53932,1580,1256,7,1263,7
2020-12-07,Ventura,111,848112,26479,23354,844,24198,191
2020-12-07,Yolo,113,214977,6271,5537,27,5564,90
2020-12-07,Yuba,115,75493,2710,2428,21,2449,10
2020-12-06,Alameda,001,1643700,36767,33477,492,33969,465
2020-12-06,Alpine,003,1148,59,53,0,53,0
2020-12-06,Amador,005,37829,1221,952,6,958,17
2020-12-06,Butte,007,227075,5117,4527,345,4872,67
2020-12-06,Calaveras,009,45235,672,606,0,606,21
2020-12-06,Colusa,011,21464,963,824,23,847,6
2020-12-06,Contra Costa,013,1133247,29196,26566,235,26801,270
2020-12-06,Del Norte,015,27424,486,414,0,414,2
2020-12-06,El Dorado,017,186661,3912,3086,72,3158,8
2020-12-06,Fresno,019,978130,49516,40869,2171,43040,526
2020-12-06,Glenn,021,27897,1183,1067,97,1164,8
2020-12-06,Humboldt,023,135768,1220,1004,4,1008,9
2020-12-06,Imperial,025,180216,18651,16922,179,17101,364
2020-12-06,Inyo,027,18085,377,333,7,340,15
2020-12-06,Kern,029,883053,48299,43899,2284,46183,486
2020-12-06,Kings,031,150075,13206,12056,290,12346,90
2020-12-06,Lake,033,64148,1260,1075,0,1075,20
2020-12-06,Lassen,035,31185,2991,2168,13,2181,0
2020-12-06,Los Angeles,037,10098052,487097,443230,9127,452357,7910
2020-12-06,Madera,039,155013,7718,6826,224,7050,59
2020-12-06,Marin,041,260295,8329,8013,47,8060,136
2020-12-06,Mariposa,043,17540,175,144,2,146,2
2020-12-06,Mendocino,045,87422,1817,1614,14,1628,23
2020-12-06,Merced,047,269075,13981,12928,188,13116,179
2020-12-06,Modoc,049,8938,153,125,29,154,0
2020-12-06,Mono,051,14174,658,586,10,596,3
2020-12-06,Monterey,053,433212,19044,17426,380,17806,130
2020-12-06,Napa,055,140530,4164,3644,21,3665,21
2020-12-06,Nevada,057,99092,1992,1710,53,1763,10
2020-12-06,Orange,059,3164182,100267,87737,3187,90924,1627
2020-12-06,Placer,061,380077,9728,7837,252,8089,82
2020-12-06,Plumas,063,18699,313,254,4,258,0
2020-12-06,Riverside,065,2383286,116634,100088,3402,103490,1482
2020-12-06,Sacramento,067,1510023,47238,42808,231,43039,638
2020-12-06,San Benito,069,59416,2363,2135,15,2150,18
2020-12-06,San Bernardino,071,2135413,126116,106927,2731,109658,1286
2020-12-06,San Diego,073,3302833,101728,92173,4148,96321,1062
2020-12-06,San Francisco,075,870044,18069,17107,137,17244,161
2020-12-06,San Joaquin,077,732212,32277,28188,771,28959,530
2020-12-06,San Luis Obispo,079,281455,7636,6723,133,6856,45
2020-12-06,San Mateo,081,765935,17795,15855,20,15875,175
2020-12-06,Santa Barbara,083,443738,13027,12252,268,12520,141
2020-12-06,Santa Clara,085,1922200,46640,39112,136,39248,482
2020-12-06,Santa Cruz,087,273765,5980,5069,93,5162,40
2020-12-06,Shasta,089,179085,6614,5743,351,6094,49
2020-12-06,Sierra,091,2930,20,17,0,17,0
2020-12-06,Siskiyou,093,43540,800,652,60,712,2
2020-12-06,Solano,095,438530,12734,11354,105,11459,88
2020-12-06,Sonoma,097,501317,14520,13238,86,13324,164
2020-12-06,Stanislaus,099,539301,26118,24036,1871,25907,454
2020-12-06,Sutter,101,95872,4657,4009,19,4028,21
2020-12-06,Tehama,103,63373,2194,1982,111,2093,9
2020-12-06,Trinity,105,12862,328,181,39,220,0
2020-12-06,Tulare,107,460477,25249,22756,2178,24934,327
2020-12-06,Tuolumne,109,53932,1484,1210,7,1217,7
2020-12-06,Ventura,111,848112,25937,23035,817,23852,191
2020-12-06,Yolo,113,214977,6110,5465,22,5487,90
2020-12-06,Yuba,115,75493,2666,2340,20,2360,10
2020-12-05,Alameda,001,1643700,36409,32781,481,33262,465
2020-12-05,Alpine,003,1148,58,53,0,53,0
2020-12-05,Amador,005,37829,1197,847,6,853,17
2020-12-05,Butte,007,227075,5049,4455,326,4781,66
2020-12-05,Calaveras,009,45235,660,606,0,606,21
2020-12-05,Colusa,011,21464,945,825,20,845,6
2020-12-05,Contra Costa,013,1133247,28904,26217,228,26445,270
2020-12-05,Del Norte,015,27424,480,408,0,408,2
2020-12-05,El Dorado,017,186661,3847,3061,67,3128,8
2020-12-05,Fresno,019,978130,49197,40568,2116,42684,525
2020-12-05,Glenn,021,27897,1170,1056,91,1147,8
2020-12-05,Humboldt,023,135768,1187,979,4,983,9
2020-12-05,Imperial,025,180216,18483,16544,178,16722,362
2020-12-05,Inyo,027,18085,372,332,7,339,15
2020-12-05,Kern,029,883053,47835,43332,2199,45531,484
2020-12-05,Kings,031,150075,13125,11898,287,12185,90
2020-12-05,Lake,033,64148,1233,1069,0,1069,20
2020-12-05,Lassen,035,31185,2800,2168,11,2179,0
2020-12-05,Los Angeles,037,10098052,481297,433120,8809,441929,7888
2020-12-05,Madera,039,155013,7625,6619,217,6836,59
2020-12-05,Marin,041,260295,8302,7961,47,8008,136
2020-12-05,Mariposa,043,17540,170,143,2,145,2
2020-12-05,Mendocino,045,87422,1778,1585,14,1599,23
2020-12-05,Merced,047,269075,13874,12747,177,12924,180
2020-12-05,Modoc,049,8938,153,118,28,146,0
2020-12-05,Mono,051,14174,653,554,10,564,3
2020-12-05,Monterey,053,433212,18898,17077,376,17453,127
2020-12-05,Napa,055,140530,4093,3565,21,3586,21
2020-12-05,Nevada,057,99092,1977,1642,51,1693,10
2020-12-05,Orange,059,3164182,98803,85735,3091,88826,1612
2020-12-05,Placer,061,380077,9608,7811,243,8054,78
2020-12-05,Plumas,063,18699,306,246,1,247,0
2020-12-05,Riverside,065,2383286,115022,98612,3225,101837,1477
2020-12-05,Sacramento,067,1510023,46573,41878,216,42094,625
2020-12-05,San Benito,069,59416,2319,2073,15,2088,18
2020-12-05,San Bernardino,071,2135413,124591,105382,2602,107984,1283
2020-12-05,San Diego,073,3302833,100376,90470,4067,94537,1055
2020-12-05,San Francisco,075,870044,17885,16786,133,16919,161
2020-12-05,San Joaquin,077,732212,32012,28105,738,28843,523
2020-12-05,San Luis Obispo,079,281455,7569,6623,130,6753,44
2020-12-05,San Mateo,081,765935,17538,15512,20,15532,175
2020-12-05,Santa Barbara,083,443738,12927,12107,262,12369,141
2020-12-05,Santa Clara,085,1922200,45898,38339,131,38470,474
2020-12-05,Santa Cruz,087,273765,5906,4997,91,5088,40
2020-12-05,Shasta,089,179085,6553,5653,340,5993,49
2020-12-05,Sierra,091,2930,20,17,0,17,0
2020-12-05,Siskiyou,093,43540,792,649,59,708,2
2020-12-05,Solano,095,438530,12565,11351,103,11454,87
2020-12-05,Sonoma,097,501317,14424,13137,86,13223,164
2020-12-05,Stanislaus,099,539301,25804,23662,1836,25498,454
2020-12-05,Sutter,101,95872,4592,3937,19,3956,20
2020-12-05,Tehama,103,63373,2178,1926,109,2035,9
2020-12-05,Trinity,105,12862,327,177,39,216,0
2020-12-05,Tulare,107,460477,25033,22660,2120,24780,324
2020-12-05,Tuolumne,109,53932,1427,1180,7,1187,7
2020-12-05,Ventura,111,848112,25566,22710,803,23513,191
2020-12-05,Yolo,113,214977,6034,5351,21,5372,90
2020-12-05,Yuba,115,75493,2629,2275,20,2295,10
2020-12-04,Alameda,001,1643700,35862,31871,468,32339,465
2020-12-04,Alpine,003,1148,58,53,0,53,0
2020-12-04,Amador,005,37829,1183,766,3,769,16
2020-12-04,Butte,007,227075,4977,4336,305,4641,65
2020-12-04,Calaveras,009,45235,655,585,0,585,21
2020-12-04,Colusa,011,21464,931,790,18,808,6
2020-12-04,Contra Costa,013,1133247,28558,25705,216,25921,264
2020-12-04,Del Norte,015,27424,469,401,0,401,2
2020-12-04,El Dorado,017,186661,3759,2933,64,2997,7
2020-12-04,Fresno,019,978130,48488,40108,2048,42156,522
2020-12-04,Glenn,021,27897,1164,1017,83,1100,8
2020-12-04,Humboldt,023,135768,1169,960,4,964,9
2020-12-04,Imperial,025,180216,18241,16484,178,16662,362
2020-12-04,Inyo,027,18085,364,324,7,331,15
2020-12-04,Kern,029,883053,47284,42497,2096,44593,485
2020-12-04,Kings,031,150075,13032,11767,281,12048,88
2020-12-04,Lake,033,64148,1205,1018,0,1018,20
2020-12-04,Lassen,035,31185,2793,2167,10,2177,0
2020-12-04,Los Angeles,037,10098052,472677,424164,8514,432678,7845
2020-12-04,Madera,039,155013,7534,6479,214,6693,58
2020-12-04,Marin,041,260295,8251,7896,44,7940,136
2020-12-04,Mariposa,043,17540,170,136,2,138,2
2020-12-04,Mendocino,045,87422,1759,1563,13,1576,23
2020-12-04,Merced,047,269075,13759,12474,169,12643,177
2020-12-04,Modoc,049,8938,153,115,28,143,0
2020-12-04,Mono,051,14174,648,549,10,559,3
2020-12-04,Monterey,053,433212,18686,16737,367,17104,127
2020-12-04,Napa,055,140530,4039,3432,21,3453,19
2020-12-04,Nevada,057,99092,1952,1560,48,1608,10
2020-12-04,Orange,059,3164182,96881,83738,3026,86764,1597
2020-12-04,Placer,061,380077,9484,7461,229,7690,76
2020-12-04,Plumas,063,18699,299,232,0,232,0
2020-12-04,Riverside,065,2383286,112823,95255,3068,98323,1475
2020-12-04,Sacramento,067,1510023,45809,41061,199,41260,618
2020-12-04,San Benito,069,59416,2286,2006,15,2021,17
2020-12-04,San Bernardino,071,2135413,122316,102418,2494,104912,1290
2020-12-04,San Diego,073,3302833,98892,88183,3980,92163,1047
2020-12-04,San Francisco,075,870044,17694,16499,133,16632,161
2020-12-04,San Joaquin,077,732212,31575,27806,701,28507,522
2020-12-04,San Luis Obispo,079,281455,7484,6473,127,6600,42
2020-12-04,San Mateo,081,765935,17250,15112,19,15131,173
2020-12-04,Santa Barbara,083,443738,12821,11947,255,12202,141
2020-12-04,Santa Clara,085,1922200,44975,37465,125,37590,468
2020-12-04,Santa Cruz,087,273765,5819,4985,89,5074,32
2020-12-04,Shasta,089,179085,6465,5439,330,5769,49
2020-12-04,Sierra,091,2930,19,17,0,17,0
2020-12-04,Siskiyou,093,43540,785,639,56,695,2
2020-12-04,Solano,095,438530,12419,11037,100,11137,87
2020-12-04,Sonoma,097,501317,14276,12962,85,13047,164
2020-12-04,Stanislaus,099,539301,25534,23206,1791,24997,448
2020-12-04,Sutter,101,95872,4520,3791,14,3805,20
2020-12-04,Tehama,103,63373,2138,1876,104,1980,9
2020-12-04,Trinity,105,12862,325,172,39,211,0
2020-12-04,Tulare,107,460477,24750,22273,2048,24321,322
2020-12-04,Tuolumne,109,53932,1396,1134,7,1141,7
2020-12-04,Ventura,111,848112,25189,22024,786,22810,189
2020-12-04,Yolo,113,214977,5960,5294,20,5314,87
2020-12-04,Yuba,115,75493,2586,2225,19,2244,10
2020-12-03,Alameda,001,1643700,35097,31184,449,31633,465
2020-12-03,Alpine,003,1148,57,53,0,53,0
2020-12-03,Amador,005,37829,1132,653,3,656,16
2020-12-03,Butte,007,227075,4881,4305,286,4591,65
2020-12-03,Calaveras,009,45235,636,572,0,572,21
2020-12-03,Colusa,011,21464,918,774,17,791,6
2020-12-03,Contra Costa,013,1133247,28057,25464,209,25673,265
2020-12-03,Del Norte,015,27424,465,388,0,388,2
2020-12-03,El Dorado,017,186661,3633,2740,62,2802,6
2020-12-03,Fresno,019,978130,47735,39680,1976,41656,516
2020-12-03,Glenn,021,27897,1146,997,75,1072,8
2020-12-03,Humboldt,023,135768,1139,923,4,927,9
2020-12-03,Imperial,025,180216,18036,16436,166,16602,359
2020-12-03,Inyo,027,18085,361,321,7,328,15
2020-12-03,Kern,029,883053,46438,42062,1995,44057,483
2020-12-03,Kings,031,150075,12933,11658,269,11927,87
2020-12-03,Lake,033,64148,1190,991,0,991,20
2020-12-03,Lassen,035,31185,2753,2128,9,2137,0
2020-12-03,Los Angeles,037,10098052,462583,415805,8152,423957,7787
2020-12-03,Madera,039,155013,7411,6398,209,6607,58
2020-12-03,Marin,041,260295,8191,7861,40,7901,136
2020-12-03,Mariposa,043,17540,166,132,2,134,2
2020-12-03,Mendocino,045,87422,1742,1547,10,1557,23
2020-12-03,Merced,047,269075,13514,12310,161,12471,177
2020-12-03,Modoc,049,8938,151,114,28,142,0
2020-12-03,Mono,051,14174,626,527,10,537,3
2020-12-03,Monterey,053,433212,18224,16218,356,16574,125
2020-12-03,Napa,055,140530,3925,3360,21,3381,19
2020-12-03,Nevada,057,99092,1874,1472,47,1519,10
2020-12-03,Orange,059,3164182,94347,82187,2956,85143,1591
2020-12-03,Placer,061,380077,9282,7270,213,7483,73
2020-12-03,Plumas,063,18699,284,223,0,223,0
2020-12-03,Riverside,065,2383286,110059,92489,2906,95395,1461
2020-12-03,Sacramento,067,1510023,44750,40280,186,40466,614
2020-12-03,San Benito,069,59416,2240,1967,15,1982,16
2020-12-03,San Bernardino,071,2135413,118988,100787,2410,103197,1283
2020-12-03,San Diego,073,3302833,97077,86144,3862,90006,1040
2020-12-03,San Francisco,075,870044,17472,16236,132,16368,161
2020-12-03,San Joaquin,077,732212,30852,27239,656,27895,522
2020-12-03,San Luis Obispo,079,281455,7316,6388,126,6514,42
2020-12-03,San Mateo,081,765935,16897,14909,19,14928,173
2020-12-03,Santa Barbara,083,443738,12692,11829,249,12078,141
2020-12-03,Santa Clara,085,1922200,43781,36621,119,36740,465
2020-12-03,Santa Cruz,087,273765,5675,4850,85,4935,28
2020-12-03,Shasta,089,179085,6356,5330,323,5653,48
2020-12-03,Sierra,091,2930,19,17,0,17,0
2020-12-03,Siskiyou,093,43540,770,629,53,682,2
2020-12-03,Solano,095,438530,12205,10857,97,10954,87
2020-12-03,Sonoma,097,501317,14033,12772,84,12856,164
2020-12-03,Stanislaus,099,539301,25124,22821,1743,24564,447
2020-12-03,Sutter,101,95872,4436,3727,14,3741,20
2020-12-03,Tehama,103,63373,2085,1832,97,1929,9
2020-12-03,Trinity,105,12862,322,166,39,205,0
2020-12-03,Tulare,107,460477,24350,21993,1955,23948,321
2020-12-03,Tuolumne,109,53932,1354,1105,7,1112,7
2020-12-03,Ventura,111,848112,24486,21555,773,22328,187
2020-12-03,Yolo,113,214977,5822,5069,20,5089,87
2020-12-03,Yuba,115,75493,2516,2182,18,2200,10
2020-12-02,Alameda,001,1643700,34471,30697,440,31137,463
2020-12-02,Alpine,003,1148,56,52,0,52,0
2020-12-02,Amador,005,37829,1060,585,3,588,16
2020-12-02,Butte,007,227075,4758,4243,276,4519,65
2020-12-02,Calaveras,009,45235,620,553,0,553,21
2020-12-02,Colusa,011,21464,902,756,16,772,6
2020-12-02,Contra Costa,013,1133247,27599,25147,197,25344,264
2020-12-02,Del Norte,015,27424,451,384,0,384,2
2020-12-02,El Dorado,017,186661,3531,2638,57,2695,5
2020-12-02,Fresno,019,978130,46979,39324,1877,41201,507
2020-12-02,Glenn,021,27897,1129,995,67,1062,7
2020-12-02,Humboldt,023,135768,1113,899,4,903,9
2020-12-02,Imperial,025,180216,17613,16360,159,16519,356
2020-12-02,Inyo,027,18085,354,314,7,321,15
2020-12-02,Kern,029,883053,45541,41660,1898,43558,479
2020-12-02,Kings,031,150075,12580,11531,255,11786,86
2020-12-02,Lake,033,64148,1159,971,0,971,20
2020-12-02,Lassen,035,31185,2694,2115,9,2124,0
2020-12-02,Los Angeles,037,10098052,452531,408289,7817,416106,7739
2020-12-02,Madera,039,155013,7287,6370,203,6573,57
2020-12-02,Marin,041,260295,8144,7819,38,7857,136
2020-12-02,Mariposa,043,17540,163,131,2,133,2
2020-12-02,Mendocino,045,87422,1709,1524,10,1534,23
2020-12-02,Merced,047,269075,13271,12168,153,12321,173
2020-12-02,Modoc,049,8938,148,113,28,141,0
2020-12-02,Mono,051,14174,617,520,10,530,3
2020-12-02,Monterey,053,433212,17744,16064,317,16381,121
2020-12-02,Napa,055,140530,3822,3298,20,3318,19
2020-12-02,Nevada,057,99092,1812,1430,46,1476,9
2020-12-02,Orange,059,3164182,92149,81046,2876,83922,1569
2020-12-02,Placer,061,380077,9048,6941,199,7140,73
2020-12-02,Plumas,063,18699,271,218,0,218,0
2020-12-02,Riverside,065,2383286,107340,90089,2726,92815,1451
2020-12-02,Sacramento,067,1510023,43710,39334,175,39509,597
2020-12-02,San Benito,069,59416,2175,1921,15,1936,16
2020-12-02,San Bernardino,071,2135413,115417,98567,2303,100870,1240
2020-12-02,San Diego,073,3302833,95161,84640,3747,88387,1035
2020-12-02,San Francisco,075,870044,17236,16058,130,16188,157
2020-12-02,San Joaquin,077,732212,30231,26740,632,27372,519
2020-12-02,San Luis Obispo,079,281455,7217,6324,124,6448,42
2020-12-02,San Mateo,081,765935,16534,14757,18,14775,170
2020-12-02,Santa Barbara,083,443738,12541,11705,237,11942,140
2020-12-02,Santa Clara,085,1922200,42666,35878,119,35997,458
2020-12-02,Santa Cruz,087,273765,5543,4766,82,4848,27
2020-12-02,Shasta,089,179085,6233,5188,306,5494,47
2020-12-02,Sierra,091,2930,19,17,0,17,0
2020-12-02,Siskiyou,093,43540,754,624,51,675,1
2020-12-02,Solano,095,438530,11959,10701,93,10794,87
2020-12-02,Sonoma,097,501317,13794,12635,83,12718,163
2020-12-02,Stanislaus,099,539301,24623,22615,1688,24303,448
2020-12-02,Sutter,101,95872,4277,3604,14,3618,18
2020-12-02,Tehama,103,63373,2041,1800,82,1882,9
2020-12-02,Trinity,105,12862,312,165,38,203,0
2020-12-02,Tulare,107,460477,23970,21789,1876,23665,321
2020-12-02,Tuolumne,109,53932,1313,1076,7,1083,7
2020-12-02,Ventura,111,848112,24075,21208,755,21963,186
2020-12-02,Yolo,113,214977,5711,5053,19,5072,87
2020-12-02,Yuba,115,75493,2439,2119,17,2136,10
2020-12-01,Alameda,001,1643700,33780,30252,428,30680,460
2020-12-01,Alpine,003,1148,56,41,0,41,0
2020-12-01,Amador,005,37829,913,575,2,577,16
2020-12-01,Butte,007,227075,4652,4177,262,4439,65
2020-12-01,Calaveras,009,45235,602,544,0,544,21
2020-12-01,Colusa,011,21464,885,747,16,763,6
2020-12-01,Contra Costa,013,1133247,27029,24788,189,24977,264
2020-12-01,Del Norte,015,27424,423,357,0,357,2
2020-12-01,El Dorado,017,186661,3386,2542,52,2594,4
2020-12-01,Fresno,019,978130,46077,39004,1799,40803,505
2020-12-01,Glenn,021,27897,1108,989,62,1051,7
2020-12-01,Humboldt,023,135768,1083,886,4,890,9
2020-12-01,Imperial,025,180216,17296,16278,156,16434,356
2020-12-01,Inyo,027,18085,347,304,7,311,15
2020-12-01,Kern,029,883053,44738,41345,1767,43112,478
2020-12-01,Kings,031,150075,12265,11415,241,11656,86
2020-12-01,Lake,033,64148,1141,969,0,969,19
2020-12-01,Lassen,035,31185,2528,2047,8,2055,0
2020-12-01,Los Angeles,037,10098052,442160,403266,7498,410764,7704
2020-12-01,Madera,039,155013,7170,6270,193,6463,57
2020-12-01,Marin,041,260295,8074,7787,37,7824,136
2020-12-01,Mariposa,043,17540,158,128,2,130,2
2020-12-01,Mendocino,045,87422,1675,1497,10,1507,23
2020-12-01,Merced,047,269075,13028,12032,144,12176,172
2020-12-01,Modoc,049,8938,143,113,24,137,0
2020-12-01,Mono,051,14174,604,520,10,530,3
2020-12-01,Monterey,053,433212,17237,15835,306,16141,121
2020-12-01,Napa,055,140530,3738,3124,19,3143,19
2020-12-01,Nevada,057,99092,1750,1411,45,1456,9
2020-12-01,Orange,059,3164182,90050,79468,2788,82256,1567
2020-12-01,Placer,061,380077,8724,6794,192,6986,72
2020-12-01,Plumas,063,18699,259,201,0,201,0
2020-12-01,Riverside,065,2383286,104531,88530,2564,91094,1448
2020-12-01,Sacramento,067,1510023,42661,38966,171,39137,589
2020-12-01,San Benito,069,59416,2120,1888,15,1903,15
2020-12-01,San Bernardino,071,2135413,111942,95854,2179,98033,1220
2020-12-01,San Diego,073,3302833,92904,83423,3637,87060,1019
2020-12-01,San Francisco,075,870044,16953,15797,126,15923,157
2020-12-01,San Joaquin,077,732212,29431,26432,610,27042,514
2020-12-01,San Luis Obispo,079,281455,7075,6264,119,6383,40
2020-12-01,San Mateo,081,765935,16209,14495,18,14513,170
2020-12-01,Santa Barbara,083,443738,12402,11611,227,11838,140
2020-12-01,Santa Clara,085,1922200,41411,35397,113,35510,452
2020-12-01,Santa Cruz,087,273765,5385,4638,74,4712,27
2020-12-01,Shasta,089,179085,6108,5077,286,5363,47
2020-12-01,Sierra,091,2930,19,17,0,17,0
2020-12-01,Siskiyou,093,43540,740,608,47,655,1
2020-12-01,Solano,095,438530,11699,10604,88,10692,87
2020-12-01,Sonoma,097,501317,13589,12491,80,12571,163
2020-12-01,Stanislaus,099,539301,24166,22351,1631,23982,447
2020-12-01,Sutter,101,95872,4135,3538,14,3552,17
2020-12-01,Tehama,103,63373,1975,1773,72,1845,9
2020-12-01,Trinity,105,12862,298,165,32,197,0
2020-12-01,Tulare,107,460477,23515,21645,1807,23452,319
2020-12-01,Tuolumne,109,53932,1277,1052,5,1057,7
2020-12-01,Ventura,111,848112,23462,20604,733,21337,186
2020-12-01,Yolo,113,214977,5571,4928,19,4947,86
2020-12-01,Yuba,115,75493,2373,2088,16,2104,10
2020-11-30,Alameda,001,1643700,32962,29972,411,30383,457
2020-11-30,Alpine,003,1148,54,41,0,41,0
2020-11-30,Amador,005,37829,872,559,2,561,16
2020-11-30,Butte,007,227075,4534,4148,246,4394,65
2020-11-30,Calaveras,009,45235,580,478,0,478,21
2020-11-30,Colusa,011,21464,858,737,12,749,6
2020-11-30,Contra Costa,013,1133247,26446,24365,185,24550,264
2020-11-30,Del Norte,015,27424,400,339,0,339,2
2020-11-30,El Dorado,017,186661,3212,2488,46,2534,4
2020-11-30,Fresno,019,978130,44966,38712,1685,40397,500
2020-11-30,Glenn,021,27897,1085,954,57,1011,5
2020-11-30,Humboldt,023,135768,1036,870,4,874,9
2020-11-30,Imperial,025,180216,17041,16212,135,16347,356
2020-11-30,Inyo,027,18085,342,304,6,310,15
2020-11-30,Kern,029,883053,43976,40941,1631,42572,473
2020-11-30,Kings,031,150075,12117,11346,226,11572,85
2020-11-30,Lake,033,64148,1109,939,0,939,18
2020-11-30,Lassen,035,31185,2436,1793,8,1801,0
2020-11-30,Los Angeles,037,10098052,431492,396202,7168,403370,7658
2020-11-30,Madera,039,155013,7004,6210,179,6389,57
2020-11-30,Marin,041,260295,8031,7764,36,7800,136
2020-11-30,Mariposa,043,17540,151,123,2,125,2
2020-11-30,Mendocino,045,87422,1647,1482,10,1492,23
2020-11-30,Merced,047,269075,12753,11913,133,12046,172
2020-11-30,Modoc,049,8938,133,113,24,137,0
2020-11-30,Mono,051,14174,582,519,10,529,3
2020-11-30,Monterey,053,433212,16807,15837,298,16135,119
2020-11-30,Napa,055,140530,3638,3091,19,3110,18
2020-11-30,Nevada,057,99092,1664,1347,42,1389,9
2020-11-30,Orange,059,3164182,87941,78711,2691,81402,1568
2020-11-30,Placer,061,380077,8428,6575,179,6754,72
2020-11-30,Plumas,063,18699,248,192,0,192,0
2020-11-30,Riverside,065,2383286,101538,87722,2417,90139,1446
2020-11-30,Sacramento,067,1510023,41581,37834,162,37996,586
2020-11-30,San Benito,069,59416,2073,1875,14,1889,15
2020-11-30,San Bernardino,071,2135413,108210,92704,2067,94771,1220
2020-11-30,San Diego,073,3302833,90541,82045,3510,85555,997
2020-11-30,San Francisco,075,870044,16653,15638,123,15761,157
2020-11-30,San Joaquin,077,732212,28724,25742,584,26326,509
2020-11-30,San Luis Obispo,079,281455,6941,6224,117,6341,36
2020-11-30,San Mateo,081,765935,15850,14276,18,14294,170
2020-11-30,Santa Barbara,083,443738,12224,11572,219,11791,140
2020-11-30,Santa Clara,085,1922200,40204,35019,112,35131,451
2020-11-30,Santa Cruz,087,273765,5247,4558,70,4628,26
2020-11-30,Shasta,089,179085,5963,4933,257,5190,44
2020-11-30,Sierra,091,2930,19,16,0,16,0
2020-11-30,Siskiyou,093,43540,731,605,43,648,1
2020-11-30,Solano,095,438530,11437,10392,83,10475,87
2020-11-30,Sonoma,097,501317,13344,12232,76,12308,163
2020-11-30,Stanislaus,099,539301,23704,22110,1587,23697,446
2020-11-30,Sutter,101,95872,3978,3430,13,3443,16
2020-11-30,Tehama,103,63373,1926,1724,65,1789,9
2020-11-30,Trinity,105,12862,292,162,32,194,0
2020-11-30,Tulare,107,460477,23129,20833,1713,22546,319
2020-11-30,Tuolumne,109,53932,1233,1027,5,1032,7
2020-11-30,Ventura,111,848112,22706,20308,717,21025,180
2020-11-30,Yolo,113,214977,5460,4894,19,4913,81
2020-11-30,Yuba,115,75493,2312,2028,14,2042,10
2020-11-29,Alameda,001,1643700,32176,29918,387,30305,457
2020-11-29,Alpine,003,1148,51,41,0,41,0
2020-11-29,Amador,005,37829,721,548,2,550,16
2020-11-29,Butte,007,227075,4432,4008,229,4237,65
2020-11-29,Calaveras,009,45235,548,478,0,478,21
2020-11-29,Colusa,011,21464,829,723,8,731,6
2020-11-29,Contra Costa,013,1133247,25943,24165,179,24344,264
2020-11-29,Del Norte,015,27424,394,339,0,339,2
2020-11-29,El Dorado,017,186661,3081,2447,45,2492,4
2020-11-29,Fresno,019,978130,44014,38568,1613,40181,500
2020-11-29,Glenn,021,27897,1062,951,55,1006,4
2020-11-29,Humboldt,023,135768,1007,856,4,860,9
2020-11-29,Imperial,025,180216,16811,16138,108,16246,356
2020-11-29,Inyo,027,18085,327,289,6,295,15
2020-11-29,Kern,029,883053,43213,40596,1483,42079,473
2020-11-29,Kings,031,150075,11966,11247,208,11455,85
2020-11-29,Lake,033,64148,1085,927,0,927,18
2020-11-29,Lassen,035,31185,2333,1793,8,1801,0
2020-11-29,Los Angeles,037,10098052,421088,391162,6870,398032,7642
2020-11-29,Madera,039,155013,6861,6184,173,6357,57
2020-11-29,Marin,041,260295,7965,7739,33,7772,135
2020-11-29,Mariposa,043,17540,147,123,2,125,2
2020-11-29,Mendocino,045,87422,1613,1473,10,1483,23
2020-11-29,Merced,047,269075,12514,11773,124,11897,172
2020-11-29,Modoc,049,8938,129,105,22,127,0
2020-11-29,Mono,051,14174,559,515,9,524,3
2020-11-29,Monterey,053,433212,16494,15621,291,15912,119
2020-11-29,Napa,055,140530,3533,3090,18,3108,18
2020-11-29,Nevada,057,99092,1584,1311,40,1351,9
2020-11-29,Orange,059,3164182,85921,78057,2644,80701,1567
2020-11-29,Placer,061,380077,8130,6535,167,6702,72
2020-11-29,Plumas,063,18699,243,191,0,191,0
2020-11-29,Riverside,065,2383286,99144,87383,2263,89646,1442
2020-11-29,Sacramento,067,1510023,40504,37415,153,37568,585
2020-11-29,San Benito,069,59416,2029,1860,14,1874,15
2020-11-29,San Bernardino,071,2135413,104860,92052,1951,94003,1223
2020-11-29,San Diego,073,3302833,88130,81086,3357,84443,997
2020-11-29,San Francisco,075,870044,16372,15571,116,15687,153
2020-11-29,San Joaquin,077,732212,27981,25740,578,26318,509
2020-11-29,San Luis Obispo,079,281455,6818,6145,117,6262,36
2020-11-29,San Mateo,081,765935,15518,14177,18,14195,169
2020-11-29,Santa Barbara,083,443738,12069,11520,215,11735,140
2020-11-29,Santa Clara,085,1922200,38999,34234,106,34340,451
2020-11-29,Santa Cruz,087,273765,5088,4490,68,4558,26
2020-11-29,Shasta,089,179085,5791,4935,229,5164,43
2020-11-29,Sierra,091,2930,19,16,0,16,0
2020-11-29,Siskiyou,093,43540,708,590,41,631,1
2020-11-29,Solano,095,438530,11205,10393,79,10472,87
2020-11-29,Sonoma,097,501317,13092,12052,72,12124,163
2020-11-29,Stanislaus,099,539301,23208,21701,1553,23254,446
2020-11-29,Sutter,101,95872,3863,3297,13,3310,16
2020-11-29,Tehama,103,63373,1875,1710,51,1761,9
2020-11-29,Trinity,105,12862,289,159,30,189,0
2020-11-29,Tulare,107,460477,22760,20793,1636,22429,319
2020-11-29,Tuolumne,109,53932,1196,988,5,993,7
2020-11-29,Ventura,111,848112,22022,19952,704,20656,179
2020-11-29,Yolo,113,214977,5322,4830,18,4848,80
2020-11-29,Yuba,115,75493,2256,1959,14,1973,10
2020-11-28,Alameda,001,1643700,31867,29368,382,29750,456
2020-11-28,Alpine,003,1148,51,41,0,41,0
2020-11-28,Amador,005,37829,644,536,2,538,16
2020-11-28,Butte,007,227075,4374,3894,225,4119,65
2020-11-28,Calaveras,009,45235,544,478,0,478,21
2020-11-28,Colusa,011,21464,820,711,6,717,6
2020-11-28,Contra Costa,013,1133247,25610,23798,175,23973,264
2020-11-28,Del Norte,015,27424,384,328,0,328,2
2020-11-28,El Dorado,017,186661,3013,2415,39,2454,4
2020-11-28,Fresno,019,978130,43667,38288,1573,39861,500
2020-11-28,Glenn,021,27897,1051,925,51,976,4
2020-11-28,Humboldt,023,135768,972,844,4,848,9
2020-11-28,Imperial,025,180216,16745,16019,106,16125,356
2020-11-28,Inyo,027,18085,319,289,6,295,15
2020-11-28,Kern,029,883053,42850,40255,1394,41649,473
2020-11-28,Kings,031,150075,11901,11070,201,11271,85
2020-11-28,Lake,033,64148,1070,920,0,920,18
2020-11-28,Lassen,035,31185,2266,1714,8,1722,0
2020-11-28,Los Angeles,037,10098052,416173,386194,6712,392906,7625
2020-11-28,Madera,039,155013,6759,6119,166,6285,57
2020-11-28,Marin,041,260295,7935,7696,29,7725,135
2020-11-28,Mariposa,043,17540,144,120,2,122,2
2020-11-28,Mendocino,045,87422,1582,1458,10,1468,22
2020-11-28,Merced,047,269075,12416,11688,118,11806,172
2020-11-28,Modoc,049,8938,126,103,22,125,0
2020-11-28,Mono,051,14174,553,505,9,514,3
2020-11-28,Monterey,053,433212,16328,15328,287,15615,118
2020-11-28,Napa,055,140530,3481,3033,18,3051,18
2020-11-28,Nevada,057,99092,1555,1272,38,1310,9
2020-11-28,Orange,059,3164182,84823,76882,2597,79479,1568
2020-11-28,Placer,061,380077,7969,6497,164,6661,70
2020-11-28,Plumas,063,18699,236,188,0,188,0
2020-11-28,Riverside,065,2383286,97734,86854,2160,89014,1440
2020-11-28,Sacramento,067,1510023,39926,36905,149,37054,580
2020-11-28,San Benito,069,59416,1982,1835,14,1849,15
2020-11-28,San Bernardino,071,2135413,103457,91183,1848,93031,1224
2020-11-28,San Diego,073,3302833,86876,80020,3273,83293,997
2020-11-28,San Francisco,075,870044,16196,15450,108,15558,153
2020-11-28,San Joaquin,077,732212,27781,25742,563,26305,509
2020-11-28,San Luis Obispo,079,281455,6748,6106,113,6219,36
2020-11-28,San Mateo,081,765935,15327,14040,18,14058,169
2020-11-28,Santa Barbara,083,443738,11967,11481,210,11691,140
2020-11-28,Santa Clara,085,1922200,38255,33701,104,33805,449
2020-11-28,Santa Cruz,087,273765,5011,4426,68,4494,26
2020-11-28,Shasta,089,179085,5714,4882,222,5104,43
2020-11-28,Sierra,091,2930,19,16,0,16,0
2020-11-28,Siskiyou,093,43540,698,558,38,596,1
2020-11-28,Solano,095,438530,11086,10252,77,10329,87
2020-11-28,Sonoma,097,501317,12988,12008,63,12071,162
2020-11-28,Stanislaus,099,539301,22969,21574,1518,23092,446
2020-11-28,Sutter,101,95872,3779,3244,13,3257,15
2020-11-28,Tehama,103,63373,1856,1678,46,1724,9
2020-11-28,Trinity,105,12862,286,157,28,185,0
2020-11-28,Tulare,107,460477,22563,20701,1594,22295,319
2020-11-28,Tuolumne,109,53932,1174,976,5,981,7
2020-11-28,Ventura,111,848112,21724,19510,694,20204,179
2020-11-28,Yolo,113,214977,5248,4739,16,4755,80
2020-11-28,Yuba,115,75493,2203,1912,14,1926,10
2020-11-27,Alameda,001,1643700,31428,29064,371,29435,450
2020-11-27,Alpine,003,1148,51,41,0,41,0
2020-11-27,Amador,005,37829,597,498,1,499,16
2020-11-27,Butte,007,227075,4333,3894,219,4113,65
2020-11-27,Calaveras,009,45235,535,478,0,478,21
2020-11-27,Colusa,011,21464,803,694,4,698,6
2020-11-27,Contra Costa,013,1133247,25351,23463,169,23632,264
2020-11-27,Del Norte,015,27424,378,307,0,307,2
2020-11-27,El Dorado,017,186661,2942,2238,36,2274,4
2020-11-27,Fresno,019,978130,43261,37994,1515,39509,500
2020-11-27,Glenn,021,27897,1038,891,46,937,4
2020-11-27,Humboldt,023,135768,953,795,3,798,9
2020-11-27,Imperial,025,180216,16677,15960,97,16057,356
2020-11-27,Inyo,027,18085,313,289,6,295,15
2020-11-27,Kern,029,883053,42426,39707,1324,41031,473
2020-11-27,Kings,031,150075,11815,10667,183,10850,85
2020-11-27,Lake,033,64148,1034,909,0,909,18
2020-11-27,Lassen,035,31185,2254,1714,8,1722,0
2020-11-27,Los Angeles,037,10098052,409665,382740,6558,389298,7606
2020-11-27,Madera,039,155013,6687,6050,160,6210,57
2020-11-27,Marin,041,260295,7892,7660,29,7689,135
2020-11-27,Mariposa,043,17540,142,118,2,120,2
2020-11-27,Mendocino,045,87422,1568,1387,9,1396,22
2020-11-27,Merced,047,269075,12310,11550,111,11661,172
2020-11-27,Modoc,049,8938,125,100,22,122,0
2020-11-27,Mono,051,14174,549,498,9,507,3
2020-11-27,Monterey,053,433212,16160,14753,287,15040,113
2020-11-27,Napa,055,140530,3441,2988,18,3006,18
2020-11-27,Nevada,057,99092,1525,1184,36,1220,9
2020-11-27,Orange,059,3164182,83534,75151,2558,77709,1568
2020-11-27,Placer,061,380077,7809,6283,154,6437,68
2020-11-27,Plumas,063,18699,233,188,0,188,0
2020-11-27,Riverside,065,2383286,96123,85769,2007,87776,1440
2020-11-27,Sacramento,067,1510023,39305,36579,145,36724,579
2020-11-27,San Benito,069,59416,1948,1805,13,1818,15
2020-11-27,San Bernardino,071,2135413,101944,90254,1766,92020,1224
2020-11-27,San Diego,073,3302833,85682,78161,3184,81345,996
2020-11-27,San Francisco,075,870044,16040,15377,106,15483,153
2020-11-27,San Joaquin,077,732212,27560,25741,543,26284,509
2020-11-27,San Luis Obispo,079,281455,6665,6039,110,6149,36
2020-11-27,San Mateo,081,765935,15125,13872,17,13889,169
2020-11-27,Santa Barbara,083,443738,11874,11340,207,11547,140
2020-11-27,Santa Clara,085,1922200,37579,32935,97,33032,449
2020-11-27,Santa Cruz,087,273765,4940,4358,66,4424,26
2020-11-27,Shasta,089,179085,5637,4710,209,4919,43
2020-11-27,Sierra,091,2930,18,16,0,16,0
2020-11-27,Siskiyou,093,43540,683,554,35,589,1
2020-11-27,Solano,095,438530,10967,10044,74,10118,87
2020-11-27,Sonoma,097,501317,12855,11924,61,11985,162
2020-11-27,Stanislaus,099,539301,22741,21185,1488,22673,446
2020-11-27,Sutter,101,95872,3712,3101,13,3114,15
2020-11-27,Tehama,103,63373,1828,1649,42,1691,9
2020-11-27,Trinity,105,12862,282,151,28,179,0
2020-11-27,Tulare,107,460477,22375,20634,1537,22171,319
2020-11-27,Tuolumne,109,53932,1142,881,5,886,7
2020-11-27,Ventura,111,848112,21400,19379,672,20051,179
2020-11-27,Yolo,113,214977,5199,4737,16,4753,79
2020-11-27,Yuba,115,75493,2174,1864,13,1877,10
2020-11-26,Alameda,001,1643700,31016,28797,353,29150,447
2020-11-26,Alpine,003,1148,51,41,0,41,0
2020-11-26,Amador,005,37829,589,488,1,489,16
2020-11-26,Butte,007,227075,4270,3894,213,4107,65
2020-11-26,Calaveras,009,45235,507,478,0,478,21
2020-11-26,Colusa,011,21464,789,694,4,698,6
2020-11-26,Contra Costa,013,1133247,25017,23468,163,23631,264
2020-11-26,Del Norte,015,27424,367,307,0,307,2
2020-11-26,El Dorado,017,186661,2861,2217,34,2251,4
2020-11-26,Fresno,019,978130,42855,37724,1470,39194,500
2020-11-26,Glenn,021,27897,1022,892,44,936,4
2020-11-26,Humboldt,023,135768,930,795,2,797,9
2020-11-26,Imperial,025,180216,16567,15722,93,15815,355
2020-11-26,Inyo,027,18085,312,289,6,295,15
2020-11-26,Kern,029,883053,41976,39123,1262,40385,471
2020-11-26,Kings,031,150075,11760,10475,171,10646,85
2020-11-26,Lake,033,64148,1021,890,0,890,18
2020-11-26,Lassen,035,31185,2239,1714,8,1722,0
2020-11-26,Los Angeles,037,10098052,404509,378340,6323,384663,7581
2020-11-26,Madera,039,155013,6612,6003,154,6157,57
2020-11-26,Marin,041,260295,7855,7610,29,7639,135
2020-11-26,Mariposa,043,17540,137,116,2,118,2
2020-11-26,Mendocino,045,87422,1554,1387,7,1394,22
2020-11-26,Merced,047,269075,12163,11440,109,11549,172
2020-11-26,Modoc,049,8938,123,100,22,122,0
2020-11-26,Mono,051,14174,541,485,9,494,2
2020-11-26,Monterey,053,433212,15924,14750,279,15029,113
2020-11-26,Napa,055,140530,3377,2988,18,3006,18
2020-11-26,Nevada,057,99092,1480,1184,36,1220,9
2020-11-26,Orange,059,3164182,82146,74264,2496,76760,1563
2020-11-26,Placer,061,380077,7647,6278,145,6423,68
2020-11-26,Plumas,063,18699,225,188,0,188,0
2020-11-26,Riverside,065,2383286,94519,85774,1883,87657,1440
2020-11-26,Sacramento,067,1510023,38663,35854,137,35991,580
2020-11-26,San Benito,069,59416,1921,1769,13,1782,15
2020-11-26,San Bernardino,071,2135413,100289,89727,1674,91401,1223
2020-11-26,San Diego,073,3302833,84072,76359,3080,79439,996
2020-11-26,San Francisco,075,870044,15904,15156,103,15259,153
2020-11-26,San Joaquin,077,732212,27304,25738,531,26269,509
2020-11-26,San Luis Obispo,079,281455,6572,5964,107,6071,36
2020-11-26,San Mateo,081,765935,14936,13715,16,13731,169
2020-11-26,Santa Barbara,083,443738,11793,11277,206,11483,139
2020-11-26,Santa Clara,085,1922200,36936,32411,89,32500,446
2020-11-26,Santa Cruz,087,273765,4809,4269,60,4329,26
2020-11-26,Shasta,089,179085,5554,4712,198,4910,43
2020-11-26,Sierra,091,2930,18,15,0,15,0
2020-11-26,Siskiyou,093,43540,673,526,34,560,1
2020-11-26,Solano,095,438530,10824,9941,72,10013,87
2020-11-26,Sonoma,097,501317,12707,11922,59,11981,162
2020-11-26,Stanislaus,099,539301,22508,21186,1447,22633,445
2020-11-26,Sutter,101,95872,3618,3101,12,3113,15
2020-11-26,Tehama,103,63373,1785,1612,39,1651,9
2020-11-26,Trinity,105,12862,278,139,28,167,0
2020-11-26,Tulare,107,460477,22136,20649,1473,22122,319
2020-11-26,Tuolumne,109,53932,1114,871,5,876,7
2020-11-26,Ventura,111,848112,20904,19058,658,19716,179
2020-11-26,Yolo,113,214977,5112,4566,16,4582,76
2020-11-26,Yuba,115,75493,2114,1865,11,1876,10
2020-11-25,Alameda,001,1643700,30801,28378,345,28723,447
2020-11-25,Alpine,003,1148,51,41,0,41,0
2020-11-25,Amador,005,37829,579,484,1,485,16
2020-11-25,Butte,007,227075,4239,3848,210,4058,64
2020-11-25,Calaveras,009,45235,504,475,0,475,21
2020-11-25,Colusa,011,21464,772,693,4,697,6
2020-11-25,Contra Costa,013,1133247,24862,23307,162,23469,263
2020-11-25,Del Norte,015,27424,366,304,0,304,2
2020-11-25,El Dorado,017,186661,2825,2154,34,2188,4
2020-11-25,Fresno,019,978130,42622,37349,1448,38797,494
2020-11-25,Glenn,021,27897,1005,891,42,933,4
2020-11-25,Humboldt,023,135768,922,777,2,779,9
2020-11-25,Imperial,025,180216,16496,15640,92,15732,355
2020-11-25,Inyo,027,18085,310,289,6,295,15
2020-11-25,Kern,029,883053,41820,38878,1243,40121,467
2020-11-25,Kings,031,150075,11725,10417,167,10584,85
2020-11-25,Lake,033,64148,1004,878,0,878,18
2020-11-25,Lassen,035,31185,2196,1701,8,1709,0
2020-11-25,Los Angeles,037,10098052,401479,373919,6220,380139,7545
2020-11-25,Madera,039,155013,6590,5989,151,6140,57
2020-11-25,Marin,041,260295,7828,7601,28,7629,135
2020-11-25,Mariposa,043,17540,136,114,2,116,2
2020-11-25,Mendocino,045,87422,1535,1373,7,1380,22
2020-11-25,Merced,047,269075,12105,11346,109,11455,172
2020-11-25,Modoc,049,8938,123,96,22,118,0
2020-11-25,Mono,051,14174,536,487,9,496,2
2020-11-25,Monterey,053,433212,15807,14695,277,14972,113
2020-11-25,Napa,055,140530,3344,2945,18,2963,17
2020-11-25,Nevada,057,99092,1462,1170,34,1204,9
2020-11-25,Orange,059,3164182,81392,73014,2476,75490,1551
2020-11-25,Placer,061,380077,7570,6221,144,6365,68
2020-11-25,Plumas,063,18699,220,183,0,183,0
2020-11-25,Riverside,065,2383286,93975,85077,1865,86942,1438
2020-11-25,Sacramento,067,1510023,38327,35687,134,35821,574
2020-11-25,San Benito,069,59416,1898,1764,13,1777,15
2020-11-25,San Bernardino,071,2135413,99449,88469,1645,90114,1225
2020-11-25,San Diego,073,3302833,83415,75307,3044,78351,988
2020-11-25,San Francisco,075,870044,15799,15053,101,15154,153
2020-11-25,San Joaquin,077,732212,27177,25556,519,26075,515
2020-11-25,San Luis Obispo,079,281455,6529,5913,106,6019,34
2020-11-25,San Mateo,081,765935,14821,13614,16,13630,170
2020-11-25,Santa Barbara,083,443738,11743,11183,206,11389,138
2020-11-25,Santa Clara,085,1922200,36490,32032,88,32120,442
2020-11-25,Santa Cruz,087,273765,4757,4202,59,4261,25
2020-11-25,Shasta,089,179085,5508,4588,191,4779,43
2020-11-25,Sierra,091,2930,18,15,0,15,0
2020-11-25,Siskiyou,093,43540,666,499,34,533,1
2020-11-25,Solano,095,438530,10719,9832,71,9903,87
2020-11-25,Sonoma,097,501317,12644,11775,58,11833,162
2020-11-25,Stanislaus,099,539301,22377,21022,1420,22442,445
2020-11-25,Sutter,101,95872,3574,3064,12,3076,14
2020-11-25,Tehama,103,63373,1773,1587,33,1620,9
2020-11-25,Trinity,105,12862,276,135,28,163,0
2020-11-25,Tulare,107,460477,22046,20528,1442,21970,318
2020-11-25,Tuolumne,109,53932,1097,842,5,847,7
2020-11-25,Ventura,111,848112,20809,18914,652,19566,179
2020-11-25,Yolo,113,214977,5076,4527,16,4543,76
2020-11-25,Yuba,115,75493,2088,1840,11,1851,10
2020-11-24,Alameda,001,1643700,30322,28030,334,28364,444
2020-11-24,Alpine,003,1148,51,41,0,41,0
2020-11-24,Amador,005,37829,554,470,1,471,16
2020-11-24,Butte,007,227075,4154,3798,202,4000,63
2020-11-24,Calaveras,009,45235,497,466,0,466,21
2020-11-24,Colusa,011,21464,754,682,4,686,6
2020-11-24,Contra Costa,013,1133247,24510,23072,156,23228,259
2020-11-24,Del Norte,015,27424,357,298,0,298,2
2020-11-24,El Dorado,017,186661,2720,2005,33,2038,4
2020-11-24,Fresno,019,978130,42219,37021,1372,38393,493
2020-11-24,Glenn,021,27897,987,883,38,921,4
2020-11-24,Humboldt,023,135768,903,774,2,776,9
2020-11-24,Imperial,025,180216,16393,15600,87,15687,355
2020-11-24,Inyo,027,18085,309,282,6,288,15
2020-11-24,Kern,029,883053,41346,38551,1165,39716,465
2020-11-24,Kings,031,150075,11458,10338,154,10492,85
2020-11-24,Lake,033,64148,988,872,0,872,18
2020-11-24,Lassen,035,31185,2173,1657,8,1665,0
2020-11-24,Los Angeles,037,10098052,395169,370008,5984,375992,7501
2020-11-24,Madera,039,155013,6505,5881,145,6026,57
2020-11-24,Marin,041,260295,7781,7591,28,7619,135
2020-11-24,Mariposa,043,17540,126,114,1,115,2
2020-11-24,Mendocino,045,87422,1513,1346,6,1352,22
2020-11-24,Merced,047,269075,11917,11268,103,11371,171
2020-11-24,Modoc,049,8938,119,91,22,113,0
2020-11-24,Mono,051,14174,532,483,9,492,2
2020-11-24,Monterey,053,433212,15545,14354,265,14619,113
2020-11-24,Napa,055,140530,3278,2904,18,2922,17
2020-11-24,Nevada,057,99092,1398,1156,32,1188,9
2020-11-24,Orange,059,3164182,79950,71975,2395,74370,1547
2020-11-24,Placer,061,380077,7389,6147,137,6284,67
2020-11-24,Plumas,063,18699,217,180,0,180,0
2020-11-24,Riverside,065,2383286,92216,83685,1736,85421,1420
2020-11-24,Sacramento,067,1510023,37646,35097,127,35224,568
2020-11-24,San Benito,069,59416,1867,1740,12,1752,15
2020-11-24,San Bernardino,071,2135413,97107,86645,1543,88188,1226
2020-11-24,San Diego,073,3302833,82005,74363,2973,77336,984
2020-11-24,San Francisco,075,870044,15604,14874,97,14971,153
2020-11-24,San Joaquin,077,732212,26861,25318,491,25809,517
2020-11-24,San Luis Obispo,079,281455,6466,5805,105,5910,34
2020-11-24,San Mateo,081,765935,14612,13558,15,13573,170
2020-11-24,Santa Barbara,083,443738,11637,11154,204,11358,138
2020-11-24,Santa Clara,085,1922200,35699,31564,84,31648,438
2020-11-24,Santa Cruz,087,273765,4644,4132,58,4190,25
2020-11-24,Shasta,089,179085,5408,4410,172,4582,43
2020-11-24,Sierra,091,2930,18,15,0,15,0
2020-11-24,Siskiyou,093,43540,648,473,31,504,1
2020-11-24,Solano,095,438530,10548,9716,70,9786,86
2020-11-24,Sonoma,097,501317,12464,11644,55,11699,162
2020-11-24,Stanislaus,099,539301,22135,20830,1377,22207,438
2020-11-24,Sutter,101,95872,3468,2974,12,2986,14
2020-11-24,Tehama,103,63373,1724,1565,28,1593,9
2020-11-24,Trinity,105,12862,269,129,27,156,0
2020-11-24,Tulare,107,460477,21797,20319,1378,21697,315
2020-11-24,Tuolumne,109,53932,1068,832,5,837,7
2020-11-24,Ventura,111,848112,20427,18637,642,19279,179
2020-11-24,Yolo,113,214977,4992,4420,16,4436,76
2020-11-24,Yuba,115,75493,2037,1804,9,1813,10
2020-11-23,Alameda,001,1643700,29906,27718,322,28040,444
2020-11-23,Alpine,003,1148,49,41,0,41,0
2020-11-23,Amador,005,37829,513,457,1,458,16
2020-11-23,Butte,007,227075,4090,3765,196,3961,61
2020-11-23,Calaveras,009,45235,480,434,0,434,21
2020-11-23,Colusa,011,21464,740,662,4,666,6
2020-11-23,Contra Costa,013,1133247,24238,22674,151,22825,260
2020-11-23,Del Norte,015,27424,335,296,0,296,2
2020-11-23,El Dorado,017,186661,2600,2005,32,2037,4
2020-11-23,Fresno,019,978130,41770,36688,1310,37998,488
2020-11-23,Glenn,021,27897,961,853,38,891,4
2020-11-23,Humboldt,023,135768,890,746,2,748,9
2020-11-23,Imperial,025,180216,16224,15104,82,15186,355
2020-11-23,Inyo,027,18085,301,279,6,285,15
2020-11-23,Kern,029,883053,40833,38245,1102,39347,463
2020-11-23,Kings,031,150075,11038,10204,147,10351,85
2020-11-23,Lake,033,64148,965,840,0,840,18
2020-11-23,Lassen,035,31185,2093,1271,7,1278,0
2020-11-23,Los Angeles,037,10098052,389071,366374,5736,372110,7447
2020-11-23,Madera,039,155013,6379,5787,141,5928,56
2020-11-23,Marin,041,260295,7739,7543,28,7571,135
2020-11-23,Mariposa,043,17540,125,97,1,98,2
2020-11-23,Mendocino,045,87422,1483,1330,6,1336,22
2020-11-23,Merced,047,269075,11729,11148,100,11248,169
2020-11-23,Modoc,049,8938,105,91,21,112,0
2020-11-23,Mono,051,14174,519,480,9,489,2
2020-11-23,Monterey,053,433212,15266,14265,259,14524,112
2020-11-23,Napa,055,140530,3212,2811,17,2828,17
2020-11-23,Nevada,057,99092,1309,1087,32,1119,9
2020-11-23,Orange,059,3164182,78546,71074,2349,73423,1546
2020-11-23,Placer,061,380077,7187,5999,136,6135,66
2020-11-23,Plumas,063,18699,213,172,0,172,0
2020-11-23,Riverside,065,2383286,90437,82175,1671,83846,1415
2020-11-23,Sacramento,067,1510023,37076,34141,120,34261,556
2020-11-23,San Benito,069,59416,1839,1729,11,1740,15
2020-11-23,San Bernardino,071,2135413,94999,84387,1479,85866,1224
2020-11-23,San Diego,073,3302833,80543,72817,2885,75702,968
2020-11-23,San Francisco,075,870044,15446,14646,95,14741,153
2020-11-23,San Joaquin,077,732212,26512,24622,487,25109,517
2020-11-23,San Luis Obispo,079,281455,6384,5772,103,5875,34
2020-11-23,San Mateo,081,765935,14422,13364,15,13379,170
2020-11-23,Santa Barbara,083,443738,11530,10944,200,11144,137
2020-11-23,Santa Clara,085,1922200,35049,31064,81,31145,435
2020-11-23,Santa Cruz,087,273765,4534,4003,54,4057,25
2020-11-23,Shasta,089,179085,5290,4100,160,4260,43
2020-11-23,Sierra,091,2930,17,15,0,15,0
2020-11-23,Siskiyou,093,43540,621,460,30,490,0
2020-11-23,Solano,095,438530,10391,9394,67,9461,86
2020-11-23,Sonoma,097,501317,12291,11507,51,11558,160
2020-11-23,Stanislaus,099,539301,21842,20487,1344,21831,436
2020-11-23,Sutter,101,95872,3331,2840,11,2851,14
2020-11-23,Tehama,103,63373,1674,1526,24,1550,9
2020-11-23,Trinity,105,12862,260,120,25,145,0
2020-11-23,Tulare,107,460477,21503,19818,1312,21130,315
2020-11-23,Tuolumne,109,53932,1028,774,5,779,7
2020-11-23,Ventura,111,848112,20052,18480,629,19109,179
2020-11-23,Yolo,113,214977,4911,4265,15,4280,75
2020-11-23,Yuba,115,75493,1970,1702,9,1711,10
2020-11-22,Alameda,001,1643700,29469,27472,311,27783,444
2020-11-22,Alpine,003,1148,46,41,0,41,0
2020-11-22,Amador,005,37829,501,450,1,451,16
2020-11-22,Butte,007,227075,4039,3712,189,3901,61
2020-11-22,Calaveras,009,45235,468,434,0,434,21
2020-11-22,Colusa,011,21464,722,642,3,645,6
2020-11-22,Contra Costa,013,1133247,23933,22407,146,22553,260
2020-11-22,Del Norte,015,27424,311,271,0,271,2
2020-11-22,El Dorado,017,186661,2490,1917,29,1946,4
2020-11-22,Fresno,019,978130,41288,36315,1255,37570,488
2020-11-22,Glenn,021,27897,939,832,34,866,4
2020-11-22,Humboldt,023,135768,874,729,2,731,9
2020-11-22,Imperial,025,180216,16018,15109,37,15146,355
2020-11-22,Inyo,027,18085,295,279,6,285,15
2020-11-22,Kern,029,883053,40254,37904,1068,38972,463
2020-11-22,Kings,031,150075,10939,10035,138,10173,85
2020-11-22,Lake,033,64148,943,834,0,834,18
2020-11-22,Lassen,035,31185,1928,1211,6,1217,0
2020-11-22,Los Angeles,037,10098052,382793,360341,5487,365828,7438
2020-11-22,Madera,039,155013,6299,5745,130,5875,56
2020-11-22,Marin,041,260295,7704,7506,27,7533,135
2020-11-22,Mariposa,043,17540,124,95,1,96,2
2020-11-22,Mendocino,045,87422,1459,1285,5,1290,22
2020-11-22,Merced,047,269075,11580,10939,100,11039,169
2020-11-22,Modoc,049,8938,104,87,19,106,0
2020-11-22,Mono,051,14174,504,481,9,490,2
2020-11-22,Monterey,053,433212,15024,13887,253,14140,111
2020-11-22,Napa,055,140530,3131,2778,17,2795,17
2020-11-22,Nevada,057,99092,1251,1052,32,1084,9
2020-11-22,Orange,059,3164182,77135,69913,2310,72223,1546
2020-11-22,Placer,061,380077,6960,5880,126,6006,66
2020-11-22,Plumas,063,18699,200,172,0,172,0
2020-11-22,Riverside,065,2383286,88842,81565,1610,83175,1409
2020-11-22,Sacramento,067,1510023,36344,33421,107,33528,555
2020-11-22,San Benito,069,59416,1810,1704,11,1715,15
2020-11-22,San Bernardino,071,2135413,92655,83505,1409,84914,1224
2020-11-22,San Diego,073,3302833,78806,71649,2810,74459,968
2020-11-22,San Francisco,075,870044,15275,14515,94,14609,153
2020-11-22,San Joaquin,077,732212,26212,24619,475,25094,517
2020-11-22,San Luis Obispo,079,281455,6276,5664,102,5766,34
2020-11-22,San Mateo,081,765935,14216,13228,15,13243,170
2020-11-22,Santa Barbara,083,443738,11395,10946,195,11141,137
2020-11-22,Santa Clara,085,1922200,34371,30633,79,30712,434
2020-11-22,Santa Cruz,087,273765,4452,3896,47,3943,25
2020-11-22,Shasta,089,179085,5134,4100,142,4242,43
2020-11-22,Sierra,091,2930,17,13,0,13,0
2020-11-22,Siskiyou,093,43540,589,411,30,441,0
2020-11-22,Solano,095,438530,10220,9363,63,9426,86
2020-11-22,Sonoma,097,501317,12133,11415,49,11464,159
2020-11-22,Stanislaus,099,539301,21515,20223,1314,21537,436
2020-11-22,Sutter,101,95872,3214,2677,11,2688,13
2020-11-22,Tehama,103,63373,1640,1457,19,1476,9
2020-11-22,Trinity,105,12862,254,114,25,139,0
2020-11-22,Tulare,107,460477,21250,19818,1242,21060,314
2020-11-22,Tuolumne,109,53932,1002,689,5,694,7
2020-11-22,Ventura,111,848112,19691,18105,615,18720,179
2020-11-22,Yolo,113,214977,4811,4206,15,4221,75
2020-11-22,Yuba,115,75493,1917,1672,9,1681,10
2020-11-21,Alameda,001,1643700,29282,27424,309,27733,444
2020-11-21,Alpine,003,1148,46,41,0,41,0
2020-11-21,Amador,005,37829,487,450,1,451,16
2020-11-21,Butte,007,227075,3991,3664,186,3850,61
2020-11-21,Calaveras,009,45235,462,434,0,434,21
2020-11-21,Colusa,011,21464,713,642,3,645,6
2020-11-21,Contra Costa,013,1133247,23780,22338,144,22482,260
2020-11-21,Del Norte,015,27424,306,271,0,271,2
2020-11-21,El Dorado,017,186661,2441,1900,28,1928,4
2020-11-21,Fresno,019,978130,41032,35973,1221,37194,482
2020-11-21,Glenn,021,27897,934,829,32,861,4
2020-11-21,Humboldt,023,135768,864,728,2,730,9
2020-11-21,Imperial,025,180216,15941,15053,37,15090,355
2020-11-21,Inyo,027,18085,293,283,6,289,15
2020-11-21,Kern,029,883053,39998,37403,1033,38436,463
2020-11-21,Kings,031,150075,10891,10019,134,10153,85
2020-11-21,Lake,033,64148,930,832,0,832,18
2020-11-21,Lassen,035,31185,1861,1211,6,1217,0
2020-11-21,Los Angeles,037,10098052,379613,357754,5343,363097,7428
2020-11-21,Madera,039,155013,6262,5706,130,5836,56
2020-11-21,Marin,041,260295,7681,7488,26,7514,134
2020-11-21,Mariposa,043,17540,124,92,1,93,2
2020-11-21,Mendocino,045,87422,1428,1282,5,1287,22
2020-11-21,Merced,047,269075,11519,10849,99,10948,169
2020-11-21,Modoc,049,8938,100,87,18,105,0
2020-11-21,Mono,051,14174,499,469,9,478,2
2020-11-21,Monterey,053,433212,14926,13886,248,14134,110
2020-11-21,Napa,055,140530,3097,2757,17,2774,17
2020-11-21,Nevada,057,99092,1239,1018,31,1049,9
2020-11-21,Orange,059,3164182,76334,69021,2280,71301,1543
2020-11-21,Placer,061,380077,6846,5778,123,5901,65
2020-11-21,Plumas,063,18699,195,172,0,172,0
2020-11-21,Riverside,065,2383286,88065,80676,1564,82240,1407
2020-11-21,Sacramento,067,1510023,35948,33133,99,33232,548
2020-11-21,San Benito,069,59416,1791,1691,11,1702,15
2020-11-21,San Bernardino,071,2135413,91779,83206,1333,84539,1222
2020-11-21,San Diego,073,3302833,78027,70711,2755,73466,966
2020-11-21,San Francisco,075,870044,15172,14445,93,14538,153
2020-11-21,San Joaquin,077,732212,26079,24620,460,25080,517
2020-11-21,San Luis Obispo,079,281455,6223,5618,99,5717,34
2020-11-21,San Mateo,081,765935,14115,13138,15,13153,170
2020-11-21,Santa Barbara,083,443738,11343,10922,192,11114,137
2020-11-21,Santa Clara,085,1922200,33987,30377,76,30453,433
2020-11-21,Santa Cruz,087,273765,4395,3898,47,3945,25
2020-11-21,Shasta,089,179085,5060,4095,139,4234,42
2020-11-21,Sierra,091,2930,17,13,0,13,0
2020-11-21,Siskiyou,093,43540,573,403,30,433,0
2020-11-21,Solano,095,438530,10130,9290,60,9350,86
2020-11-21,Sonoma,097,501317,12058,11394,47,11441,158
2020-11-21,Stanislaus,099,539301,21372,20111,1289,21400,435
2020-11-21,Sutter,101,95872,3154,2615,10,2625,13
2020-11-21,Tehama,103,63373,1620,1435,18,1453,9
2020-11-21,Trinity,105,12862,251,110,24,134,0
2020-11-21,Tulare,107,460477,21124,19752,1208,20960,313
2020-11-21,Tuolumne,109,53932,983,690,5,695,7
2020-11-21,Ventura,111,848112,19527,18040,605,18645,177
2020-11-21,Yolo,113,214977,4737,4147,14,4161,75
2020-11-21,Yuba,115,75493,1885,1643,9,1652,10
2020-11-20,Alameda,001,1643700,29067,27221,302,27523,444
2020-11-20,Alpine,003,1148,46,20,0,20,0
2020-11-20,Amador,005,37829,483,446,1,447,16
2020-11-20,Butte,007,227075,3959,3618,182,3800,60
2020-11-20,Calaveras,009,45235,450,424,0,424,21
2020-11-20,Colusa,011,21464,705,631,2,633,6
2020-11-20,Contra Costa,013,1133247,23594,22116,140,22256,260
2020-11-20,Del Norte,015,27424,302,264,0,264,2
2020-11-20,El Dorado,017,186661,2345,1868,26,1894,4
2020-11-20,Fresno,019,978130,40738,35635,1191,36826,480
2020-11-20,Glenn,021,27897,922,826,30,856,4
2020-11-20,Humboldt,023,135768,855,714,1,715,9
2020-11-20,Imperial,025,180216,15879,14864,33,14897,353
2020-11-20,Inyo,027,18085,291,262,6,268,15
2020-11-20,Kern,029,883053,39705,37143,1008,38151,462
2020-11-20,Kings,031,150075,10843,9903,133,10036,85
2020-11-20,Lake,033,64148,921,820,0,820,18
2020-11-20,Lassen,035,31185,1776,1212,5,1217,0
2020-11-20,Los Angeles,037,10098052,375726,353554,5181,358735,7398
2020-11-20,Madera,039,155013,6169,5635,129,5764,54
2020-11-20,Marin,041,260295,7657,7467,25,7492,134
2020-11-20,Mariposa,043,17540,116,89,1,90,2
2020-11-20,Mendocino,045,87422,1408,1269,5,1274,22
2020-11-20,Merced,047,269075,11433,10729,99,10828,167
2020-11-20,Modoc,049,8938,100,83,18,101,0
2020-11-20,Mono,051,14174,497,469,9,478,2
2020-11-20,Monterey,053,433212,14801,13738,239,13977,110
2020-11-20,Napa,055,140530,3067,2718,17,2735,17
2020-11-20,Nevada,057,99092,1221,990,30,1020,9
2020-11-20,Orange,059,3164182,75497,68212,2242,70454,1532
2020-11-20,Placer,061,380077,6711,5687,108,5795,66
2020-11-20,Plumas,063,18699,193,163,0,163,0
2020-11-20,Riverside,065,2383286,87054,79613,1501,81114,1405
2020-11-20,Sacramento,067,1510023,35572,32832,92,32924,549
2020-11-20,San Benito,069,59416,1779,1668,11,1679,15
2020-11-20,San Bernardino,071,2135413,90412,81203,1250,82453,1220
2020-11-20,San Diego,073,3302833,77029,69233,2673,71906,960
2020-11-20,San Francisco,075,870044,15068,14327,92,14419,153
2020-11-20,San Joaquin,077,732212,25925,24460,447,24907,515
2020-11-20,San Luis Obispo,079,281455,6167,5524,96,5620,34
2020-11-20,San Mateo,081,765935,13982,12980,14,12994,169
2020-11-20,Santa Barbara,083,443738,11287,10825,186,11011,136
2020-11-20,Santa Clara,085,1922200,33565,30002,71,30073,431
2020-11-20,Santa Cruz,087,273765,4329,3815,47,3862,25
2020-11-20,Shasta,089,179085,4987,3861,134,3995,42
2020-11-20,Sierra,091,2930,17,12,0,12,0
2020-11-20,Siskiyou,093,43540,560,387,29,416,0
2020-11-20,Solano,095,438530,10038,9216,58,9274,85
2020-11-20,Sonoma,097,501317,11974,11316,46,11362,158
2020-11-20,Stanislaus,099,539301,21217,19889,1263,21152,433
2020-11-20,Sutter,101,95872,3104,2580,10,2590,13
2020-11-20,Tehama,103,63373,1604,1410,15,1425,9
2020-11-20,Trinity,105,12862,250,102,24,126,0
2020-11-20,Tulare,107,460477,20991,19568,1169,20737,311
2020-11-20,Tuolumne,109,53932,944,662,5,667,7
2020-11-20,Ventura,111,848112,19359,17741,577,18318,175
2020-11-20,Yolo,113,214977,4659,4081,13,4094,74
2020-11-20,Yuba,115,75493,1857,1611,9,1620,10
2020-11-19,Alameda,001,1643700,28722,26971,294,27265,441
2020-11-19,Alpine,003,1148,43,20,0,20,0
2020-11-19,Amador,005,37829,479,436,1,437,16
2020-11-19,Butte,007,227075,3910,3576,175,3751,60
2020-11-19,Calaveras,009,45235,440,417,0,417,21
2020-11-19,Colusa,011,21464,687,621,2,623,6
2020-11-19,Contra Costa,013,1133247,23322,21886,137,22023,259
2020-11-19,Del Norte,015,27424,294,251,0,251,2
2020-11-19,El Dorado,017,186661,2271,1825,22,1847,4
2020-11-19,Fresno,019,978130,40289,35278,1134,36412,478
2020-11-19,Glenn,021,27897,900,806,29,835,4
2020-11-19,Humboldt,023,135768,835,693,1,694,9
2020-11-19,Imperial,025,180216,15669,14507,33,14540,349
2020-11-19,Inyo,027,18085,289,262,6,268,15
2020-11-19,Kern,029,883053,39285,36779,966,37745,459
2020-11-19,Kings,031,150075,10695,9763,125,9888,85
2020-11-19,Lake,033,64148,907,809,0,809,18
2020-11-19,Lassen,035,31185,1659,1201,3,1204,0
2020-11-19,Los Angeles,037,10098052,370703,349493,5011,354504,7365
2020-11-19,Madera,039,155013,6098,5540,121,5661,54
2020-11-19,Marin,041,260295,7626,7451,25,7476,134
2020-11-19,Mariposa,043,17540,109,88,0,88,2
2020-11-19,Mendocino,045,87422,1387,1237,5,1242,23
2020-11-19,Merced,047,269075,11292,10634,93,10727,167
2020-11-19,Modoc,049,8938,97,82,18,100,0
2020-11-19,Mono,051,14174,489,468,9,477,2
2020-11-19,Monterey,053,433212,14586,13369,227,13596,108
2020-11-19,Napa,055,140530,3013,2641,17,2658,17
2020-11-19,Nevada,057,99092,1180,945,29,974,9
2020-11-19,Orange,059,3164182,74235,66998,2197,69195,1530
2020-11-19,Placer,061,380077,6520,5612,107,5719,65
2020-11-19,Plumas,063,18699,188,158,0,158,0
2020-11-19,Riverside,065,2383286,85569,78535,1430,79965,1402
2020-11-19,Sacramento,067,1510023,35058,32367,90,32457,546
2020-11-19,San Benito,069,59416,1756,1643,11,1654,15
2020-11-19,San Bernardino,071,2135413,88516,79244,1170,80414,1215
2020-11-19,San Diego,073,3302833,75779,68142,2569,70711,952
2020-11-19,San Francisco,075,870044,14911,14178,86,14264,153
2020-11-19,San Joaquin,077,732212,25605,24270,436,24706,516
2020-11-19,San Luis Obispo,079,281455,6090,5410,92,5502,34
2020-11-19,San Mateo,081,765935,13844,12714,14,12728,169
2020-11-19,Santa Barbara,083,443738,11207,10741,183,10924,136
2020-11-19,Santa Clara,085,1922200,33006,29630,70,29700,424
2020-11-19,Santa Cruz,087,273765,4239,3679,45,3724,25
2020-11-19,Shasta,089,179085,4849,3685,124,3809,42
2020-11-19,Sierra,091,2930,17,11,0,11,0
2020-11-19,Siskiyou,093,43540,535,360,28,388,0
2020-11-19,Solano,095,438530,9901,9093,54,9147,84
2020-11-19,Sonoma,097,501317,11804,11205,44,11249,156
2020-11-19,Stanislaus,099,539301,20976,19736,1221,20957,433
2020-11-19,Sutter,101,95872,3005,2509,10,2519,13
2020-11-19,Tehama,103,63373,1570,1373,12,1385,9
2020-11-19,Trinity,105,12862,244,97,24,121,0
2020-11-19,Tulare,107,460477,20769,19384,1104,20488,304
2020-11-19,Tuolumne,109,53932,912,602,5,607,7
2020-11-19,Ventura,111,848112,19006,17300,564,17864,174
2020-11-19,Yolo,113,214977,4565,3973,13,3986,72
2020-11-19,Yuba,115,75493,1817,1568,9,1577,10
2020-11-18,Alameda,001,1643700,28459,26610,289,26899,440
2020-11-18,Alpine,003,1148,42,16,0,16,0
2020-11-18,Amador,005,37829,474,430,1,431,16
2020-11-18,Butte,007,227075,3857,3537,162,3699,59
2020-11-18,Calaveras,009,45235,436,409,0,409,21
2020-11-18,Colusa,011,21464,674,611,2,613,6
2020-11-18,Contra Costa,013,1133247,23055,21685,133,21818,258
2020-11-18,Del Norte,015,27424,281,240,0,240,2
2020-11-18,El Dorado,017,186661,2183,1799,21,1820,4
2020-11-18,Fresno,019,978130,39849,34997,1083,36080,474
2020-11-18,Glenn,021,27897,883,803,27,830,4
2020-11-18,Humboldt,023,135768,821,690,1,691,9
2020-11-18,Imperial,025,180216,15446,14428,33,14461,348
2020-11-18,Inyo,027,18085,287,262,6,268,15
2020-11-18,Kern,029,883053,38896,36537,916,37453,456
2020-11-18,Kings,031,150075,10547,9696,122,9818,85
2020-11-18,Lake,033,64148,894,802,0,802,18
2020-11-18,Lassen,035,31185,1559,1124,3,1127,0
2020-11-18,Los Angeles,037,10098052,365834,344675,4827,349502,7338
2020-11-18,Madera,039,155013,6011,5519,109,5628,54
2020-11-18,Marin,041,260295,7602,7435,25,7460,134
2020-11-18,Mariposa,043,17540,106,88,0,88,2
2020-11-18,Mendocino,045,87422,1367,1237,5,1242,23
2020-11-18,Merced,047,269075,11176,10536,92,10628,166
2020-11-18,Modoc,049,8938,94,77,18,95,0
2020-11-18,Mono,051,14174,484,468,9,477,2
2020-11-18,Monterey,053,433212,14391,13340,213,13553,108
2020-11-18,Napa,055,140530,2967,2607,17,2624,17
2020-11-18,Nevada,057,99092,1140,933,27,960,9
2020-11-18,Orange,059,3164182,73137,66381,2172,68553,1521
2020-11-18,Placer,061,380077,6342,5543,102,5645,64
2020-11-18,Plumas,063,18699,183,143,0,143,0
2020-11-18,Riverside,065,2383286,84104,77739,1327,79066,1387
2020-11-18,Sacramento,067,1510023,34433,31816,82,31898,541
2020-11-18,San Benito,069,59416,1731,1632,10,1642,15
2020-11-18,San Bernardino,071,2135413,86754,77400,1090,78490,1206
2020-11-18,San Diego,073,3302833,74485,67243,2509,69752,945
2020-11-18,San Francisco,075,870044,14767,14057,84,14141,153
2020-11-18,San Joaquin,077,732212,25339,24146,422,24568,517
2020-11-18,San Luis Obispo,079,281455,6014,5322,91,5413,34
2020-11-18,San Mateo,081,765935,13691,12631,13,12644,169
2020-11-18,Santa Barbara,083,443738,11128,10684,176,10860,136
2020-11-18,Santa Clara,085,1922200,32541,29285,65,29350,421
2020-11-18,Santa Cruz,087,273765,4147,3618,43,3661,25
2020-11-18,Shasta,089,179085,4715,3547,120,3667,42
2020-11-18,Sierra,091,2930,17,11,0,11,0
2020-11-18,Siskiyou,093,43540,503,351,27,378,0
2020-11-18,Solano,095,438530,9769,8994,52,9046,84
2020-11-18,Sonoma,097,501317,11697,11129,41,11170,155
2020-11-18,Stanislaus,099,539301,20734,19609,1196,20805,431
2020-11-18,Sutter,101,95872,2887,2442,10,2452,13
2020-11-18,Tehama,103,63373,1531,1338,12,1350,8
2020-11-18,Trinity,105,12862,230,95,23,118,0
2020-11-18,Tulare,107,460477,20559,19286,1053,20339,306
2020-11-18,Tuolumne,109,53932,877,590,5,595,7
2020-11-18,Ventura,111,848112,18681,17169,549,17718,173
2020-11-18,Yolo,113,214977,4491,3929,13,3942,71
2020-11-18,Yuba,115,75493,1763,1540,9,1549,10
2020-11-17,Alameda,001,1643700,28133,26425,279,26704,439
2020-11-17,Alpine,003,1148,40,12,0,12,0
2020-11-17,Amador,005,37829,463,423,1,424,16
2020-11-17,Butte,007,227075,3815,3500,152,3652,59
2020-11-17,Calaveras,009,45235,421,405,0,405,21
2020-11-17,Colusa,011,21464,663,606,1,607,6
2020-11-17,Contra Costa,013,1133247,22783,21557,128,21685,256
2020-11-17,Del Norte,015,27424,275,233,0,233,2
2020-11-17,El Dorado,017,186661,2124,1758,21,1779,4
2020-11-17,Fresno,019,978130,39251,34765,1024,35789,472
2020-11-17,Glenn,021,27897,872,795,26,821,4
2020-11-17,Humboldt,023,135768,799,685,1,686,9
2020-11-17,Imperial,025,180216,15209,14204,31,14235,346
2020-11-17,Inyo,027,18085,286,263,6,269,15
2020-11-17,Kern,029,883053,38447,36164,863,37027,455
2020-11-17,Kings,031,150075,10474,9653,115,9768,85
2020-11-17,Lake,033,64148,874,792,0,792,18
2020-11-17,Lassen,035,31185,1480,1124,3,1127,0
2020-11-17,Los Angeles,037,10098052,360889,340933,4665,345598,7302
2020-11-17,Madera,039,155013,5922,5485,102,5587,54
2020-11-17,Marin,041,260295,7570,7404,24,7428,134
2020-11-17,Mariposa,043,17540,103,87,0,87,2
2020-11-17,Mendocino,045,87422,1346,1216,5,1221,23
2020-11-17,Merced,047,269075,11032,10457,86,10543,162
2020-11-17,Modoc,049,8938,88,71,17,88,0
2020-11-17,Mono,051,14174,479,459,9,468,2
2020-11-17,Monterey,053,433212,14161,13220,203,13423,108
2020-11-17,Napa,055,140530,2913,2568,17,2585,17
2020-11-17,Nevada,057,99092,1099,918,26,944,9
2020-11-17,Orange,059,3164182,71986,65757,2145,67902,1519
2020-11-17,Placer,061,380077,6180,5435,96,5531,63
2020-11-17,Plumas,063,18699,175,142,0,142,0
2020-11-17,Riverside,065,2383286,82717,77079,1236,78315,1379
2020-11-17,Sacramento,067,1510023,33834,31341,78,31419,538
2020-11-17,San Benito,069,59416,1715,1611,4,1615,15
2020-11-17,San Bernardino,071,2135413,84941,76134,1000,77134,1188
2020-11-17,San Diego,073,3302833,73232,66321,2453,68774,933
2020-11-17,San Francisco,075,870044,14601,13952,83,14035,153
2020-11-17,San Joaquin,077,732212,25067,23997,402,24399,516
2020-11-17,San Luis Obispo,079,281455,5918,5235,91,5326,34
2020-11-17,San Mateo,081,765935,13529,12491,12,12503,169
2020-11-17,Santa Barbara,083,443738,11043,10597,171,10768,136
2020-11-17,Santa Clara,085,1922200,31994,29013,64,29077,419
2020-11-17,Santa Cruz,087,273765,4062,3548,40,3588,25
2020-11-17,Shasta,089,179085,4557,3457,108,3565,40
2020-11-17,Sierra,091,2930,15,11,0,11,0
2020-11-17,Siskiyou,093,43540,455,333,26,359,0
2020-11-17,Solano,095,438530,9624,8905,51,8956,84
2020-11-17,Sonoma,097,501317,11563,11084,40,11124,155
2020-11-17,Stanislaus,099,539301,20510,19466,1168,20634,425
2020-11-17,Sutter,101,95872,2804,2370,9,2379,12
2020-11-17,Tehama,103,63373,1481,1290,12,1302,7
2020-11-17,Trinity,105,12862,213,83,23,106,0
2020-11-17,Tulare,107,460477,20328,19176,991,20167,305
2020-11-17,Tuolumne,109,53932,839,568,5,573,7
2020-11-17,Ventura,111,848112,18409,16797,531,17328,173
2020-11-17,Yolo,113,214977,4314,3887,12,3899,70
2020-11-17,Yuba,115,75493,1715,1519,9,1528,10
2020-11-16,Alameda,001,1643700,27786,26063,274,26337,436
2020-11-16,Alpine,003,1148,37,12,0,12,0
2020-11-16,Amador,005,37829,455,414,1,415,16
2020-11-16,Butte,007,227075,3776,3490,144,3634,58
2020-11-16,Calaveras,009,45235,413,402,0,402,21
2020-11-16,Colusa,011,21464,654,601,1,602,6
2020-11-16,Contra Costa,013,1133247,22515,21386,123,21509,256
2020-11-16,Del Norte,015,27424,268,225,0,225,2
2020-11-16,El Dorado,017,186661,2064,1694,19,1713,4
2020-11-16,Fresno,019,978130,38761,34593,970,35563,471
2020-11-16,Glenn,021,27897,860,786,25,811,4
2020-11-16,Humboldt,023,135768,783,660,1,661,9
2020-11-16,Imperial,025,180216,14961,14111,31,14142,346
2020-11-16,Inyo,027,18085,283,263,6,269,15
2020-11-16,Kern,029,883053,38053,36049,820,36869,455
2020-11-16,Kings,031,150075,10207,9569,111,9680,85
2020-11-16,Lake,033,64148,862,784,0,784,18
2020-11-16,Lassen,035,31185,1299,1124,3,1127,0
2020-11-16,Los Angeles,037,10098052,356140,338778,4493,343271,7277
2020-11-16,Madera,039,155013,5835,5433,96,5529,54
2020-11-16,Marin,041,260295,7541,7359,24,7383,134
2020-11-16,Mariposa,043,17540,100,86,0,86,2
2020-11-16,Mendocino,045,87422,1321,1209,5,1214,23
2020-11-16,Merced,047,269075,10894,10399,83,10482,162
2020-11-16,Modoc,049,8938,86,71,17,88,0
2020-11-16,Mono,051,14174,477,453,9,462,2
2020-11-16,Monterey,053,433212,13915,13089,193,13282,107
2020-11-16,Napa,055,140530,2837,2536,17,2553,17
2020-11-16,Nevada,057,99092,1056,889,24,913,9
2020-11-16,Orange,059,3164182,70888,65396,2131,67527,1519
2020-11-16,Placer,061,380077,6061,5387,87,5474,63
2020-11-16,Plumas,063,18699,168,127,0,127,0
2020-11-16,Riverside,065,2383286,81343,76449,1171,77620,1379
2020-11-16,Sacramento,067,1510023,33196,30954,71,31025,534
2020-11-16,San Benito,069,59416,1697,1603,3,1606,15
2020-11-16,San Bernardino,071,2135413,83114,74401,931,75332,1186
2020-11-16,San Diego,073,3302833,71921,65603,2381,67984,926
2020-11-16,San Francisco,075,870044,14442,13847,80,13927,153
2020-11-16,San Joaquin,077,732212,24779,23515,392,23907,513
2020-11-16,San Luis Obispo,079,281455,5815,5161,86,5247,34
2020-11-16,San Mateo,081,765935,13369,12398,12,12410,169
2020-11-16,Santa Barbara,083,443738,10978,10565,167,10732,135
2020-11-16,Santa Clara,085,1922200,31428,28673,63,28736,419
2020-11-16,Santa Cruz,087,273765,3989,3520,40,3560,25
2020-11-16,Shasta,089,179085,4409,3284,103,3387,37
2020-11-16,Sierra,091,2930,15,11,0,11,0
2020-11-16,Siskiyou,093,43540,428,294,26,320,0
2020-11-16,Solano,095,438530,9425,8827,51,8878,84
2020-11-16,Sonoma,097,501317,11472,10961,39,11000,155
2020-11-16,Stanislaus,099,539301,20274,19333,1141,20474,425
2020-11-16,Sutter,101,95872,2698,2322,9,2331,12
2020-11-16,Tehama,103,63373,1435,1261,8,1269,7
2020-11-16,Trinity,105,12862,201,67,23,90,0
2020-11-16,Tulare,107,460477,20149,18891,937,19828,305
2020-11-16,Tuolumne,109,53932,803,543,5,548,7
2020-11-16,Ventura,111,848112,18071,16691,523,17214,172
2020-11-16,Yolo,113,214977,4219,3858,12,3870,70
2020-11-16,Yuba,115,75493,1679,1500,8,1508,10
2020-11-15,Alameda,001,1643700,27468,25879,268,26147,436
2020-11-15,Alpine,003,1148,35,12,0,12,0
2020-11-15,Amador,005,37829,443,409,1,410,16
2020-11-15,Butte,007,227075,3722,3452,135,3587,58
2020-11-15,Calaveras,009,45235,399,386,0,386,21
2020-11-15,Colusa,011,21464,645,601,1,602,6
2020-11-15,Contra Costa,013,1133247,22216,21179,122,21301,256
2020-11-15,Del Norte,015,27424,253,224,0,224,2
2020-11-15,El Dorado,017,186661,2002,1683,17,1700,4
2020-11-15,Fresno,019,978130,38247,34297,932,35229,471
2020-11-15,Glenn,021,27897,848,783,24,807,4
2020-11-15,Humboldt,023,135768,754,653,1,654,9
2020-11-15,Imperial,025,180216,14724,13940,31,13971,346
2020-11-15,Inyo,027,18085,273,263,6,269,15
2020-11-15,Kern,029,883053,37648,35911,785,36696,455
2020-11-15,Kings,031,150075,10014,9533,107,9640,85
2020-11-15,Lake,033,64148,853,777,0,777,17
2020-11-15,Lassen,035,31185,1252,1124,3,1127,0
2020-11-15,Los Angeles,037,10098052,351097,336035,4321,340356,7271
2020-11-15,Madera,039,155013,5738,5391,90,5481,54
2020-11-15,Marin,041,260295,7515,7347,24,7371,133
2020-11-15,Mariposa,043,17540,97,86,0,86,2
2020-11-15,Mendocino,045,87422,1302,1197,5,1202,22
2020-11-15,Merced,047,269075,10761,10350,83,10433,162
2020-11-15,Modoc,049,8938,85,68,17,85,0
2020-11-15,Mono,051,14174,475,453,9,462,2
2020-11-15,Monterey,053,433212,13719,12999,180,13179,107
2020-11-15,Napa,055,140530,2778,2509,15,2524,17
2020-11-15,Nevada,057,99092,1001,859,24,883,9
2020-11-15,Orange,059,3164182,69847,65008,2115,67123,1519
2020-11-15,Placer,061,380077,5906,5330,79,5409,63
2020-11-15,Plumas,063,18699,162,127,0,127,0
2020-11-15,Riverside,065,2383286,80020,75531,1112,76643,1374
2020-11-15,Sacramento,067,1510023,32570,30601,66,30667,534
2020-11-15,San Benito,069,59416,1672,1589,2,1591,15
2020-11-15,San Bernardino,071,2135413,80964,73769,856,74625,1185
2020-11-15,San Diego,073,3302833,70420,64770,2324,67094,926
2020-11-15,San Francisco,075,870044,14267,13757,79,13836,153
2020-11-15,San Joaquin,077,732212,24569,23516,376,23892,513
2020-11-15,San Luis Obispo,079,281455,5694,5120,84,5204,34
2020-11-15,San Mateo,081,765935,13192,12348,12,12360,169
2020-11-15,Santa Barbara,083,443738,10883,10516,165,10681,135
2020-11-15,Santa Clara,085,1922200,30973,28289,62,28351,418
2020-11-15,Santa Cruz,087,273765,3851,3439,39,3478,25
2020-11-15,Shasta,089,179085,4236,3290,94,3384,37
2020-11-15,Sierra,091,2930,15,11,0,11,0
2020-11-15,Siskiyou,093,43540,409,294,26,320,0
2020-11-15,Solano,095,438530,9264,8713,48,8761,84
2020-11-15,Sonoma,097,501317,11353,10833,38,10871,154
2020-11-15,Stanislaus,099,539301,20002,19228,1116,20344,425
2020-11-15,Sutter,101,95872,2608,2230,9,2239,12
2020-11-15,Tehama,103,63373,1384,1222,7,1229,7
2020-11-15,Trinity,105,12862,191,67,21,88,0
2020-11-15,Tulare,107,460477,19932,18891,884,19775,305
2020-11-15,Tuolumne,109,53932,761,486,5,491,7
2020-11-15,Ventura,111,848112,17797,16564,515,17079,172
2020-11-15,Yolo,113,214977,4116,3819,11,3830,67
2020-11-15,Yuba,115,75493,1638,1470,7,1477,10
2020-11-14,Alameda,001,1643700,27201,25714,266,25980,435
2020-11-14,Alpine,003,1148,35,12,0,12,0
2020-11-14,Amador,005,37829,434,404,0,404,16
2020-11-14,Butte,007,227075,3686,3434,121,3555,58
2020-11-14,Calaveras,009,45235,398,386,0,386,21
2020-11-14,Colusa,011,21464,633,601,1,602,6
2020-11-14,Contra Costa,013,1133247,22077,20975,115,21090,256
2020-11-14,Del Norte,015,27424,247,219,0,219,2
2020-11-14,El Dorado,017,186661,1958,1648,17,1665,4
2020-11-14,Fresno,019,978130,37997,33969,895,34864,471
2020-11-14,Glenn,021,27897,839,772,21,793,3
2020-11-14,Humboldt,023,135768,739,643,1,644,9
2020-11-14,Imperial,025,180216,14631,13932,30,13962,346
2020-11-14,Inyo,027,18085,272,263,6,269,15
2020-11-14,Kern,029,883053,37439,35626,766,36392,454
2020-11-14,Kings,031,150075,9979,9490,104,9594,85
2020-11-14,Lake,033,64148,844,773,0,773,17
2020-11-14,Lassen,035,31185,1238,833,3,836,0
2020-11-14,Los Angeles,037,10098052,348389,333021,4212,337233,7269
2020-11-14,Madera,039,155013,5708,5371,88,5459,54
2020-11-14,Marin,041,260295,7499,7325,24,7349,133
2020-11-14,Mariposa,043,17540,96,86,0,86,2
2020-11-14,Mendocino,045,87422,1286,1181,5,1186,22
2020-11-14,Merced,047,269075,10705,10286,81,10367,161
2020-11-14,Modoc,049,8938,84,64,16,80,0
2020-11-14,Mono,051,14174,475,453,9,462,2
2020-11-14,Monterey,053,433212,13623,12854,170,13024,105
2020-11-14,Napa,055,140530,2744,2473,15,2488,17
2020-11-14,Nevada,057,99092,985,835,24,859,9
2020-11-14,Orange,059,3164182,69226,64340,2104,66444,1517
2020-11-14,Placer,061,380077,5830,5215,73,5288,63
2020-11-14,Plumas,063,18699,157,128,0,128,0
2020-11-14,Riverside,065,2383286,79280,74910,1073,75983,1373
2020-11-14,Sacramento,067,1510023,32244,30298,66,30364,532
2020-11-14,San Benito,069,59416,1657,1573,2,1575,15
2020-11-14,San Bernardino,071,2135413,80030,72868,824,73692,1184
2020-11-14,San Diego,073,3302833,69655,63715,2272,65987,926
2020-11-14,San Francisco,075,870044,14179,13661,78,13739,153
2020-11-14,San Joaquin,077,732212,24478,23516,368,23884,511
2020-11-14,San Luis Obispo,079,281455,5631,5073,79,5152,34
2020-11-14,San Mateo,081,765935,13084,12293,12,12305,169
2020-11-14,Santa Barbara,083,443738,10829,10482,163,10645,135
2020-11-14,Santa Clara,085,1922200,30688,27962,60,28022,416
2020-11-14,Santa Cruz,087,273765,3796,3402,39,3441,25
2020-11-14,Shasta,089,179085,4155,3195,92,3287,37
2020-11-14,Sierra,091,2930,15,11,0,11,0
2020-11-14,Siskiyou,093,43540,396,292,26,318,0
2020-11-14,Solano,095,438530,9184,8655,47,8702,84
2020-11-14,Sonoma,097,501317,11300,10769,38,10807,154
2020-11-14,Stanislaus,099,539301,19859,19068,1094,20162,424
2020-11-14,Sutter,101,95872,2563,2182,9,2191,12
2020-11-14,Tehama,103,63373,1363,1206,6,1212,7
2020-11-14,Trinity,105,12862,186,67,21,88,0
2020-11-14,Tulare,107,460477,19837,18853,856,19709,305
2020-11-14,Tuolumne,109,53932,733,448,5,453,7
2020-11-14,Ventura,111,848112,17651,16297,504,16801,172
2020-11-14,Yolo,113,214977,4073,3765,9,3774,65
2020-11-14,Yuba,115,75493,1609,1453,7,1460,10
2020-11-13,Alameda,001,1643700,26985,25515,261,25776,434
2020-11-13,Alpine,003,1148,35,12,0,12,0
2020-11-13,Amador,005,37829,431,397,0,397,16
2020-11-13,Butte,007,227075,3662,3402,112,3514,58
2020-11-13,Calaveras,009,45235,394,378,0,378,21
2020-11-13,Colusa,011,21464,625,598,1,599,6
2020-11-13,Contra Costa,013,1133247,21904,20799,115,20914,256
2020-11-13,Del Norte,015,27424,244,208,0,208,2
2020-11-13,El Dorado,017,186661,1913,1611,16,1627,4
2020-11-13,Fresno,019,978130,37751,33693,881,34574,470
2020-11-13,Glenn,021,27897,825,755,17,772,3
2020-11-13,Humboldt,023,135768,724,638,1,639,9
2020-11-13,Imperial,025,180216,14561,13790,29,13819,341
2020-11-13,Inyo,027,18085,271,262,6,268,15
2020-11-13,Kern,029,883053,37237,35431,749,36180,453
2020-11-13,Kings,031,150075,9920,9428,103,9531,85
2020-11-13,Lake,033,64148,838,770,0,770,17
2020-11-13,Lassen,035,31185,1229,832,3,835,0
2020-11-13,Los Angeles,037,10098052,345263,329364,4105,333469,7248
2020-11-13,Madera,039,155013,5668,5340,87,5427,54
2020-11-13,Marin,041,260295,7486,7307,23,7330,133
2020-11-13,Mariposa,043,17540,94,86,0,86,2
2020-11-13,Mendocino,045,87422,1274,1173,5,1178,22
2020-11-13,Merced,047,269075,10649,10185,78,10263,159
2020-11-13,Modoc,049,8938,84,63,14,77,0
2020-11-13,Mono,051,14174,475,448,8,456,2
2020-11-13,Monterey,053,433212,13427,12681,158,12839,104
2020-11-13,Napa,055,140530,2705,2440,15,2455,17
2020-11-13,Nevada,057,99092,966,798,24,822,9
2020-11-13,Orange,059,3164182,68627,63804,2084,65888,1514
2020-11-13,Placer,061,380077,5725,5122,67,5189,63
2020-11-13,Plumas,063,18699,151,125,0,125,0
2020-11-13,Riverside,065,2383286,78542,74138,1044,75182,1372
2020-11-13,Sacramento,067,1510023,31926,29787,61,29848,524
2020-11-13,San Benito,069,59416,1645,1553,1,1554,15
2020-11-13,San Bernardino,071,2135413,78981,71895,803,72698,1184
2020-11-13,San Diego,073,3302833,68808,62978,2234,65212,921
2020-11-13,San Francisco,075,870044,14086,13516,76,13592,146
2020-11-13,San Joaquin,077,732212,24383,23314,362,23676,510
2020-11-13,San Luis Obispo,079,281455,5564,4960,76,5036,34
2020-11-13,San Mateo,081,765935,12990,12182,12,12194,169
2020-11-13,Santa Barbara,083,443738,10777,10405,161,10566,134
2020-11-13,Santa Clara,085,1922200,30361,27609,58,27667,415
2020-11-13,Santa Cruz,087,273765,3723,3343,39,3382,25
2020-11-13,Shasta,089,179085,4071,2983,88,3071,37
2020-11-13,Sierra,091,2930,15,11,0,11,0
2020-11-13,Siskiyou,093,43540,391,280,25,305,0
2020-11-13,Solano,095,438530,9093,8525,47,8572,84
2020-11-13,Sonoma,097,501317,11239,10685,36,10721,151
2020-11-13,Stanislaus,099,539301,19734,18936,1066,20002,422
2020-11-13,Sutter,101,95872,2517,2121,8,2129,12
2020-11-13,Tehama,103,63373,1336,1167,6,1173,7
2020-11-13,Trinity,105,12862,184,64,21,85,0
2020-11-13,Tulare,107,460477,19713,18714,815,19529,305
2020-11-13,Tuolumne,109,53932,700,427,5,432,7
2020-11-13,Ventura,111,848112,17505,16172,490,16662,171
2020-11-13,Yolo,113,214977,4022,3716,9,3725,65
2020-11-13,Yuba,115,75493,1582,1435,7,1442,10
2020-11-12,Alameda,001,1643700,26718,25345,261,25606,432
2020-11-12,Alpine,003,1148,34,12,0,12,0
2020-11-12,Amador,005,37829,430,392,0,392,16
2020-11-12,Butte,007,227075,3613,3347,109,3456,58
2020-11-12,Calaveras,009,45235,389,373,0,373,21
2020-11-12,Colusa,011,21464,620,591,1,592,6
2020-11-12,Contra Costa,013,1133247,21697,20619,113,20732,255
2020-11-12,Del Norte,015,27424,237,203,0,203,2
2020-11-12,El Dorado,017,186661,1867,1573,12,1585,4
2020-11-12,Fresno,019,978130,37402,33459,839,34298,468
2020-11-12,Glenn,021,27897,806,727,17,744,3
2020-11-12,Humboldt,023,135768,711,625,1,626,9
2020-11-12,Imperial,025,180216,14396,13619,29,13648,341
2020-11-12,Inyo,027,18085,270,255,6,261,15
2020-11-12,Kern,029,883053,36973,35207,734,35941,451
2020-11-12,Kings,031,150075,9853,9335,102,9437,85
2020-11-12,Lake,033,64148,829,764,0,764,17
2020-11-12,Lassen,035,31185,1160,832,2,834,0
2020-11-12,Los Angeles,037,10098052,341522,327001,4004,331005,7223
2020-11-12,Madera,039,155013,5633,5273,82,5355,54
2020-11-12,Marin,041,260295,7457,7268,23,7291,133
2020-11-12,Mariposa,043,17540,92,84,0,84,2
2020-11-12,Mendocino,045,87422,1255,1142,5,1147,22
2020-11-12,Merced,047,269075,10535,10107,75,10182,158
2020-11-12,Modoc,049,8938,84,63,14,77,0
2020-11-12,Mono,051,14174,474,442,8,450,2
2020-11-12,Monterey,053,433212,13306,12489,144,12633,100
2020-11-12,Napa,055,140530,2643,2398,15,2413,16
2020-11-12,Nevada,057,99092,943,780,23,803,9
2020-11-12,Orange,059,3164182,67882,63232,2065,65297,1514
2020-11-12,Placer,061,380077,5615,5044,58,5102,62
2020-11-12,Plumas,063,18699,147,121,0,121,0
2020-11-12,Riverside,065,2383286,77611,73381,1001,74382,1362
2020-11-12,Sacramento,067,1510023,31435,29459,54,29513,520
2020-11-12,San Benito,069,59416,1625,1525,1,1526,15
2020-11-12,San Bernardino,071,2135413,77615,70758,764,71522,1183
2020-11-12,San Diego,073,3302833,67828,62336,2183,64519,918
2020-11-12,San Francisco,075,870044,13987,13289,75,13364,146
2020-11-12,San Joaquin,077,732212,24190,23002,341,23343,509
2020-11-12,San Luis Obispo,079,281455,5500,4898,75,4973,33
2020-11-12,San Mateo,081,765935,12865,12086,11,12097,169
2020-11-12,Santa Barbara,083,443738,10715,10325,156,10481,134
2020-11-12,Santa Clara,085,1922200,29985,27261,57,27318,414
2020-11-12,Santa Cruz,087,273765,3640,3317,37,3354,25
2020-11-12,Shasta,089,179085,3934,2825,77,2902,37
2020-11-12,Sierra,091,2930,15,11,0,11,0
2020-11-12,Siskiyou,093,43540,374,275,20,295,0
2020-11-12,Solano,095,438530,8993,8417,46,8463,85
2020-11-12,Sonoma,097,501317,11137,10602,35,10637,151
2020-11-12,Stanislaus,099,539301,19565,18787,1037,19824,422
2020-11-12,Sutter,101,95872,2434,2075,7,2082,12
2020-11-12,Tehama,103,63373,1309,1117,6,1123,7
2020-11-12,Trinity,105,12862,176,62,20,82,0
2020-11-12,Tulare,107,460477,19601,18545,777,19322,305
2020-11-12,Tuolumne,109,53932,661,353,5,358,7
2020-11-12,Ventura,111,848112,17255,16013,484,16497,158
2020-11-12,Yolo,113,214977,3978,3646,9,3655,63
2020-11-12,Yuba,115,75493,1547,1410,7,1417,10
2020-11-11,Alameda,001,1643700,26475,25140,259,25399,429
2020-11-11,Alpine,003,1148,29,12,0,12,0
2020-11-11,Amador,005,37829,423,389,0,389,16
2020-11-11,Butte,007,227075,3587,3348,96,3444,58
2020-11-11,Calaveras,009,45235,379,373,0,373,21
2020-11-11,Colusa,011,21464,614,591,1,592,6
2020-11-11,Contra Costa,013,1133247,21479,20452,111,20563,255
2020-11-11,Del Norte,015,27424,230,203,0,203,2
2020-11-11,El Dorado,017,186661,1821,1564,11,1575,4
2020-11-11,Fresno,019,978130,37083,33287,804,34091,468
2020-11-11,Glenn,021,27897,790,722,16,738,3
2020-11-11,Humboldt,023,135768,697,623,1,624,9
2020-11-11,Imperial,025,180216,14226,13623,27,13650,340
2020-11-11,Inyo,027,18085,268,255,6,261,15
2020-11-11,Kern,029,883053,36698,35014,717,35731,449
2020-11-11,Kings,031,150075,9747,9263,99,9362,85
2020-11-11,Lake,033,64148,819,763,0,763,17
2020-11-11,Lassen,035,31185,1135,831,2,833,0
2020-11-11,Los Angeles,037,10098052,338157,324567,3920,328487,7220
2020-11-11,Madera,039,155013,5598,5248,80,5328,54
2020-11-11,Marin,041,260295,7434,7268,23,7291,133
2020-11-11,Mariposa,043,17540,92,84,0,84,2
2020-11-11,Mendocino,045,87422,1243,1142,5,1147,22
2020-11-11,Merced,047,269075,10464,10074,73,10147,157
2020-11-11,Modoc,049,8938,80,62,13,75,0
2020-11-11,Mono,051,14174,472,443,8,451,2
2020-11-11,Monterey,053,433212,13162,12417,140,12557,100
2020-11-11,Napa,055,140530,2594,2365,12,2377,15
2020-11-11,Nevada,057,99092,901,741,23,764,9
2020-11-11,Orange,059,3164182,67243,62929,2041,64970,1506
2020-11-11,Placer,061,380077,5531,4981,50,5031,60
2020-11-11,Plumas,063,18699,145,111,0,111,0
2020-11-11,Riverside,065,2383286,76708,72953,955,73908,1361
2020-11-11,Sacramento,067,1510023,30978,28968,52,29020,520
2020-11-11,San Benito,069,59416,1611,1512,1,1513,15
2020-11-11,San Bernardino,071,2135413,76328,70374,737,71111,1182
2020-11-11,San Diego,073,3302833,66893,61746,2122,63868,918
2020-11-11,San Francisco,075,870044,13879,13287,74,13361,146
2020-11-11,San Joaquin,077,732212,24030,23001,335,23336,509
2020-11-11,San Luis Obispo,079,281455,5424,4832,72,4904,33
2020-11-11,San Mateo,081,765935,12751,12008,11,12019,169
2020-11-11,Santa Barbara,083,443738,10649,10278,156,10434,134
2020-11-11,Santa Clara,085,1922200,29633,27075,56,27131,413
2020-11-11,Santa Cruz,087,273765,3572,3247,37,3284,25
2020-11-11,Shasta,089,179085,3810,2766,67,2833,36
2020-11-11,Sierra,091,2930,13,11,0,11,0
2020-11-11,Siskiyou,093,43540,343,261,17,278,0
2020-11-11,Solano,095,438530,8875,8353,44,8397,85
2020-11-11,Sonoma,097,501317,11063,10498,35,10533,150
2020-11-11,Stanislaus,099,539301,19428,18671,1007,19678,422
2020-11-11,Sutter,101,95872,2386,2049,6,2055,12
2020-11-11,Tehama,103,63373,1267,1105,5,1110,7
2020-11-11,Trinity,105,12862,165,62,20,82,0
2020-11-11,Tulare,107,460477,19470,18500,746,19246,305
2020-11-11,Tuolumne,109,53932,605,354,4,358,7
2020-11-11,Ventura,111,848112,17040,15801,471,16272,158
2020-11-11,Yolo,113,214977,3927,3606,9,3615,63
2020-11-11,Yuba,115,75493,1532,1400,7,1407,10
2020-11-10,Alameda,001,1643700,26245,25008,256,25264,424
2020-11-10,Alpine,003,1148,29,9,0,9,0
2020-11-10,Amador,005,37829,417,384,0,384,16
2020-11-10,Butte,007,227075,3551,3327,92,3419,58
2020-11-10,Calaveras,009,45235,374,367,0,367,21
2020-11-10,Colusa,011,21464,606,590,1,591,6
2020-11-10,Contra Costa,013,1133247,21272,20326,109,20435,255
2020-11-10,Del Norte,015,27424,224,196,0,196,2
2020-11-10,El Dorado,017,186661,1760,1551,11,1562,4
2020-11-10,Fresno,019,978130,36813,33024,766,33790,465
2020-11-10,Glenn,021,27897,782,719,12,731,3
2020-11-10,Humboldt,023,135768,680,610,1,611,9
2020-11-10,Imperial,025,180216,14096,13570,27,13597,338
2020-11-10,Inyo,027,18085,267,252,6,258,14
2020-11-10,Kern,029,883053,36422,34858,698,35556,448
2020-11-10,Kings,031,150075,9700,9236,92,9328,85
2020-11-10,Lake,033,64148,809,762,0,762,16
2020-11-10,Lassen,035,31185,1120,830,2,832,0
2020-11-10,Los Angeles,037,10098052,334905,322569,3806,326375,7205
2020-11-10,Madera,039,155013,5556,5229,74,5303,54
2020-11-10,Marin,041,260295,7415,7259,23,7282,133
2020-11-10,Mariposa,043,17540,90,84,0,84,2
2020-11-10,Mendocino,045,87422,1235,1137,5,1142,22
2020-11-10,Merced,047,269075,10402,9992,67,10059,157
2020-11-10,Modoc,049,8938,78,61,13,74,0
2020-11-10,Mono,051,14174,470,443,8,451,2
2020-11-10,Monterey,053,433212,13027,12335,132,12467,100
2020-11-10,Napa,055,140530,2556,2341,10,2351,15
2020-11-10,Nevada,057,99092,885,734,23,757,9
2020-11-10,Orange,059,3164182,66693,62597,2031,64628,1504
2020-11-10,Placer,061,380077,5451,4902,49,4951,60
2020-11-10,Plumas,063,18699,141,108,0,108,0
2020-11-10,Riverside,065,2383286,76066,72316,928,73244,1359
2020-11-10,Sacramento,067,1510023,30571,28677,49,28726,519
2020-11-10,San Benito,069,59416,1596,1508,1,1509,15
2020-11-10,San Bernardino,071,2135413,75157,69666,704,70370,1182
2020-11-10,San Diego,073,3302833,66002,61085,2085,63170,915
2020-11-10,San Francisco,075,870044,13762,13210,74,13284,146
2020-11-10,San Joaquin,077,732212,23865,22865,328,23193,508
2020-11-10,San Luis Obispo,079,281455,5361,4780,69,4849,33
2020-11-10,San Mateo,081,765935,12650,11939,11,11950,169
2020-11-10,Santa Barbara,083,443738,10582,10252,152,10404,134
2020-11-10,Santa Clara,085,1922200,29288,26917,55,26972,409
2020-11-10,Santa Cruz,087,273765,3508,3221,37,3258,25
2020-11-10,Shasta,089,179085,3667,2686,59,2745,36
2020-11-10,Sierra,091,2930,12,10,0,10,0
2020-11-10,Siskiyou,093,43540,326,263,16,279,0
2020-11-10,Solano,095,438530,8777,8299,44,8343,85
2020-11-10,Sonoma,097,501317,10976,10414,35,10449,150
2020-11-10,Stanislaus,099,539301,19294,18592,983,19575,420
2020-11-10,Sutter,101,95872,2291,2035,5,2040,12
2020-11-10,Tehama,103,63373,1242,1099,4,1103,7
2020-11-10,Trinity,105,12862,156,62,18,80,0
2020-11-10,Tulare,107,460477,19355,18430,722,19152,305
2020-11-10,Tuolumne,109,53932,556,353,4,357,7
2020-11-10,Ventura,111,848112,16857,15625,469,16094,158
2020-11-10,Yolo,113,214977,3866,3573,9,3582,63
2020-11-10,Yuba,115,75493,1509,1392,7,1399,10
2020-11-09,Alameda,001,1643700,25998,24899,252,25151,424
2020-11-09,Alpine,003,1148,27,6,0,6,0
2020-11-09,Amador,005,37829,408,380,0,380,16
2020-11-09,Butte,007,227075,3506,3301,83,3384,57
2020-11-09,Calaveras,009,45235,370,360,0,360,21
2020-11-09,Colusa,011,21464,600,583,1,584,6
2020-11-09,Contra Costa,013,1133247,21099,20193,107,20300,255
2020-11-09,Del Norte,015,27424,218,195,0,195,2
2020-11-09,El Dorado,017,186661,1719,1515,11,1526,4
2020-11-09,Fresno,019,978130,36502,32755,726,33481,465
2020-11-09,Glenn,021,27897,776,714,9,723,3
2020-11-09,Humboldt,023,135768,667,607,1,608,9
2020-11-09,Imperial,025,180216,13979,13508,26,13534,338
2020-11-09,Inyo,027,18085,267,252,6,258,14
2020-11-09,Kern,029,883053,36191,34764,662,35426,448
2020-11-09,Kings,031,150075,9630,9141,90,9231,84
2020-11-09,Lake,033,64148,800,755,0,755,16
2020-11-09,Lassen,035,31185,1024,799,2,801,0
2020-11-09,Los Angeles,037,10098052,331808,320370,3731,324101,7180
2020-11-09,Madera,039,155013,5510,5209,71,5280,54
2020-11-09,Marin,041,260295,7389,7237,22,7259,131
2020-11-09,Mariposa,043,17540,90,84,0,84,2
2020-11-09,Mendocino,045,87422,1223,1132,5,1137,22
2020-11-09,Merced,047,269075,10299,9922,64,9986,157
2020-11-09,Modoc,049,8938,74,54,12,66,0
2020-11-09,Mono,051,14174,467,352,8,360,2
2020-11-09,Monterey,053,433212,12880,12148,124,12272,98
2020-11-09,Napa,055,140530,2513,2309,10,2319,15
2020-11-09,Nevada,057,99092,848,729,22,751,9
2020-11-09,Orange,059,3164182,66052,62335,2018,64353,1501
2020-11-09,Placer,061,380077,5366,4843,37,4880,60
2020-11-09,Plumas,063,18699,134,102,0,102,0
2020-11-09,Riverside,065,2383286,75283,72059,894,72953,1346
2020-11-09,Sacramento,067,1510023,30099,28200,49,28249,516
2020-11-09,San Benito,069,59416,1587,1506,1,1507,15
2020-11-09,San Bernardino,071,2135413,74102,69015,662,69677,1182
2020-11-09,San Diego,073,3302833,65147,60572,2045,62617,908
2020-11-09,San Francisco,075,870044,13642,12984,71,13055,146
2020-11-09,San Joaquin,077,732212,23700,22512,323,22835,505
2020-11-09,San Luis Obispo,079,281455,5274,4746,67,4813,32
2020-11-09,San Mateo,081,765935,12543,11857,11,11868,169
2020-11-09,Santa Barbara,083,443738,10525,10214,146,10360,134
2020-11-09,Santa Clara,085,1922200,28893,26693,55,26748,409
2020-11-09,Santa Cruz,087,273765,3450,3194,37,3231,25
2020-11-09,Shasta,089,179085,3513,2581,50,2631,36
2020-11-09,Sierra,091,2930,10,10,0,10,0
2020-11-09,Siskiyou,093,43540,315,257,14,271,0
2020-11-09,Solano,095,438530,8661,8254,43,8297,85
2020-11-09,Sonoma,097,501317,10868,10310,35,10345,150
2020-11-09,Stanislaus,099,539301,19140,18482,966,19448,418
2020-11-09,Sutter,101,95872,2224,2010,4,2014,12
2020-11-09,Tehama,103,63373,1205,1071,3,1074,7
2020-11-09,Trinity,105,12862,149,46,18,64,0
2020-11-09,Tulare,107,460477,19235,18272,690,18962,304
2020-11-09,Tuolumne,109,53932,502,346,4,350,7
2020-11-09,Ventura,111,848112,16655,15568,466,16034,156
2020-11-09,Yolo,113,214977,3805,3522,9,3531,62
2020-11-09,Yuba,115,75493,1476,1380,7,1387,10
2020-11-08,Alameda,001,1643700,25768,24731,252,24983,424
2020-11-08,Alpine,003,1148,24,6,0,6,0
2020-11-08,Amador,005,37829,401,376,0,376,16
2020-11-08,Butte,007,227075,3468,3285,76,3361,57
2020-11-08,Calaveras,009,45235,368,360,0,360,21
2020-11-08,Colusa,011,21464,597,583,1,584,6
2020-11-08,Contra Costa,013,1133247,20929,20031,105,20136,254
2020-11-08,Del Norte,015,27424,210,195,0,195,2
2020-11-08,El Dorado,017,186661,1681,1502,11,1513,4
2020-11-08,Fresno,019,978130,36166,32619,688,33307,465
2020-11-08,Glenn,021,27897,770,707,8,715,3
2020-11-08,Humboldt,023,135768,651,605,1,606,9
2020-11-08,Imperial,025,180216,13863,13428,26,13454,338
2020-11-08,Inyo,027,18085,263,252,6,258,14
2020-11-08,Kern,029,883053,35972,34644,644,35288,448
2020-11-08,Kings,031,150075,9497,9026,87,9113,84
2020-11-08,Lake,033,64148,792,754,0,754,16
2020-11-08,Lassen,035,31185,876,799,2,801,0
2020-11-08,Los Angeles,037,10098052,328682,318960,3664,322624,7176
2020-11-08,Madera,039,155013,5441,5196,68,5264,54
2020-11-08,Marin,041,260295,7369,7227,22,7249,131
2020-11-08,Mariposa,043,17540,90,83,0,83,2
2020-11-08,Mendocino,045,87422,1214,1129,5,1134,22
2020-11-08,Merced,047,269075,10224,9885,62,9947,157
2020-11-08,Modoc,049,8938,70,54,12,66,0
2020-11-08,Mono,051,14174,461,352,8,360,2
2020-11-08,Monterey,053,433212,12735,12122,113,12235,98
2020-11-08,Napa,055,140530,2474,2274,10,2284,15
2020-11-08,Nevada,057,99092,832,715,22,737,9
2020-11-08,Orange,059,3164182,65463,62034,2004,64038,1501
2020-11-08,Placer,061,380077,5263,4800,32,4832,60
2020-11-08,Plumas,063,18699,129,102,0,102,0
2020-11-08,Riverside,065,2383286,74628,71442,852,72294,1345
2020-11-08,Sacramento,067,1510023,29539,28059,46,28105,515
2020-11-08,San Benito,069,59416,1572,1496,1,1497,15
2020-11-08,San Bernardino,071,2135413,72850,68412,623,69035,1182
2020-11-08,San Diego,073,3302833,64302,60199,2001,62200,908
2020-11-08,San Francisco,075,870044,13511,12985,66,13051,146
2020-11-08,San Joaquin,077,732212,23506,22514,319,22833,505
2020-11-08,San Luis Obispo,079,281455,5208,4698,62,4760,32
2020-11-08,San Mateo,081,765935,12425,11783,11,11794,169
2020-11-08,Santa Barbara,083,443738,10455,10180,144,10324,134
2020-11-08,Santa Clara,085,1922200,28519,26442,54,26496,410
2020-11-08,Santa Cruz,087,273765,3393,3134,37,3171,25
2020-11-08,Shasta,089,179085,3377,2582,44,2626,36
2020-11-08,Sierra,091,2930,10,7,0,7,0
2020-11-08,Siskiyou,093,43540,303,246,13,259,0
2020-11-08,Solano,095,438530,8540,8132,42,8174,85
2020-11-08,Sonoma,097,501317,10761,10229,35,10264,149
2020-11-08,Stanislaus,099,539301,18965,18413,945,19358,418
2020-11-08,Sutter,101,95872,2166,1980,4,1984,12
2020-11-08,Tehama,103,63373,1180,1054,3,1057,7
2020-11-08,Trinity,105,12862,146,46,17,63,0
2020-11-08,Tulare,107,460477,19092,18272,660,18932,304
2020-11-08,Tuolumne,109,53932,475,341,4,345,7
2020-11-08,Ventura,111,848112,16460,15504,458,15962,156
2020-11-08,Yolo,113,214977,3744,3492,9,3501,61
2020-11-08,Yuba,115,75493,1455,1369,7,1376,10
2020-11-07,Alameda,001,1643700,25658,24578,250,24828,424
2020-11-07,Alpine,003,1148,24,6,0,6,0
2020-11-07,Amador,005,37829,398,375,0,375,16
2020-11-07,Butte,007,227075,3456,3277,71,3348,57
2020-11-07,Calaveras,009,45235,366,360,0,360,21
2020-11-07,Colusa,011,21464,597,583,1,584,6
2020-11-07,Contra Costa,013,1133247,20828,19943,104,20047,254
2020-11-07,Del Norte,015,27424,206,194,0,194,2
2020-11-07,El Dorado,017,186661,1656,1495,10,1505,4
2020-11-07,Fresno,019,978130,36012,32497,665,33162,465
2020-11-07,Glenn,021,27897,762,707,8,715,3
2020-11-07,Humboldt,023,135768,640,590,1,591,9
2020-11-07,Imperial,025,180216,13805,13388,25,13413,338
2020-11-07,Inyo,027,18085,261,252,6,258,14
2020-11-07,Kern,029,883053,35817,34513,634,35147,448
2020-11-07,Kings,031,150075,9464,9005,81,9086,84
2020-11-07,Lake,033,64148,788,751,0,751,16
2020-11-07,Lassen,035,31185,860,799,2,801,0
2020-11-07,Los Angeles,037,10098052,327174,316756,3596,320352,7174
2020-11-07,Madera,039,155013,5419,5177,66,5243,54
2020-11-07,Marin,041,260295,7358,7215,22,7237,131
2020-11-07,Mariposa,043,17540,90,81,0,81,2
2020-11-07,Mendocino,045,87422,1203,1118,5,1123,22
2020-11-07,Merced,047,269075,10192,9855,58,9913,157
2020-11-07,Modoc,049,8938,70,51,12,63,0
2020-11-07,Mono,051,14174,458,352,8,360,2
2020-11-07,Monterey,053,433212,12665,12030,109,12139,98
2020-11-07,Napa,055,140530,2444,2260,9,2269,15
2020-11-07,Nevada,057,99092,815,710,22,732,9
2020-11-07,Orange,059,3164182,65176,62038,1998,64036,1505
2020-11-07,Placer,061,380077,5200,4745,32,4777,60
2020-11-07,Plumas,063,18699,127,94,0,94,0
2020-11-07,Riverside,065,2383286,74233,71153,825,71978,1345
2020-11-07,Sacramento,067,1510023,29289,27773,46,27819,515
2020-11-07,San Benito,069,59416,1560,1489,1,1490,15
2020-11-07,San Bernardino,071,2135413,72334,67935,612,68547,1182
2020-11-07,San Diego,073,3302833,63790,59682,1969,61651,909
2020-11-07,San Francisco,075,870044,13450,12980,65,13045,146
2020-11-07,San Joaquin,077,732212,23397,22517,313,22830,505
2020-11-07,San Luis Obispo,079,281455,5159,4668,59,4727,32
2020-11-07,San Mateo,081,765935,12362,11711,11,11722,169
2020-11-07,Santa Barbara,083,443738,10413,10157,142,10299,134
2020-11-07,Santa Clara,085,1922200,28315,26244,53,26297,410
2020-11-07,Santa Cruz,087,273765,3355,3130,37,3167,25
2020-11-07,Shasta,089,179085,3310,2547,42,2589,36
2020-11-07,Sierra,091,2930,10,7,0,7,0
2020-11-07,Siskiyou,093,43540,299,241,13,254,0
2020-11-07,Solano,095,438530,8488,8066,42,8108,85
2020-11-07,Sonoma,097,501317,10715,10200,35,10235,149
2020-11-07,Stanislaus,099,539301,18856,18386,928,19314,418
2020-11-07,Sutter,101,95872,2126,1973,4,1977,12
2020-11-07,Tehama,103,63373,1156,1043,3,1046,7
2020-11-07,Trinity,105,12862,146,42,16,58,0
2020-11-07,Tulare,107,460477,19036,18229,643,18872,304
2020-11-07,Tuolumne,109,53932,464,327,4,331,7
2020-11-07,Ventura,111,848112,16400,15364,453,15817,156
2020-11-07,Yolo,113,214977,3713,3486,9,3495,61
2020-11-07,Yuba,115,75493,1440,1349,7,1356,10
2020-11-06,Alameda,001,1643700,25526,24389,248,24637,420
2020-11-06,Alpine,003,1148,24,6,0,6,0
2020-11-06,Amador,005,37829,396,369,0,369,16
2020-11-06,Butte,007,227075,3431,3254,63,3317,57
2020-11-06,Calaveras,009,45235,365,359,0,359,21
2020-11-06,Colusa,011,21464,595,580,1,581,6
2020-11-06,Contra Costa,013,1133247,20679,19744,104,19848,252
2020-11-06,Del Norte,015,27424,203,194,0,194,2
2020-11-06,El Dorado,017,186661,1630,1475,10,1485,4
2020-11-06,Fresno,019,978130,35824,32278,649,32927,460
2020-11-06,Glenn,021,27897,756,707,7,714,3
2020-11-06,Humboldt,023,135768,637,587,1,588,9
2020-11-06,Imperial,025,180216,13752,13230,25,13255,338
2020-11-06,Inyo,027,18085,259,246,6,252,14
2020-11-06,Kern,029,883053,35653,34360,616,34976,443
2020-11-06,Kings,031,150075,9440,8883,79,8962,83
2020-11-06,Lake,033,64148,787,741,0,741,16
2020-11-06,Lassen,035,31185,852,794,2,796,0
2020-11-06,Los Angeles,037,10098052,325200,314356,3544,317900,7160
2020-11-06,Madera,039,155013,5403,5136,65,5201,54
2020-11-06,Marin,041,260295,7337,7184,22,7206,131
2020-11-06,Mariposa,043,17540,89,79,0,79,2
2020-11-06,Mendocino,045,87422,1198,1113,5,1118,22
2020-11-06,Merced,047,269075,10152,9778,55,9833,157
2020-11-06,Modoc,049,8938,70,48,12,60,0
2020-11-06,Mono,051,14174,452,308,8,316,1
2020-11-06,Monterey,053,433212,12548,11914,108,12022,96
2020-11-06,Napa,055,140530,2419,2189,9,2198,15
2020-11-06,Nevada,057,99092,802,692,21,713,9
2020-11-06,Orange,059,3164182,64873,61049,1987,63036,1494
2020-11-06,Placer,061,380077,5127,4680,32,4712,60
2020-11-06,Plumas,063,18699,122,90,0,90,0
2020-11-06,Riverside,065,2383286,73784,70409,784,71193,1341
2020-11-06,Sacramento,067,1510023,28997,27489,44,27533,514
2020-11-06,San Benito,069,59416,1551,1479,1,1480,15
2020-11-06,San Bernardino,071,2135413,71735,66740,591,67331,1179
2020-11-06,San Diego,073,3302833,63266,59143,1937,61080,907
2020-11-06,San Francisco,075,870044,13380,12825,64,12889,146
2020-11-06,San Joaquin,077,732212,23312,22424,303,22727,502
2020-11-06,San Luis Obispo,079,281455,5094,4531,53,4584,32
2020-11-06,San Mateo,081,765935,12287,11587,11,11598,168
2020-11-06,Santa Barbara,083,443738,10377,10118,137,10255,133
2020-11-06,Santa Clara,085,1922200,28073,25831,53,25884,402
2020-11-06,Santa Cruz,087,273765,3318,3063,37,3100,25
2020-11-06,Shasta,089,179085,3237,2475,41,2516,35
2020-11-06,Sierra,091,2930,9,7,0,7,0
2020-11-06,Siskiyou,093,43540,286,237,12,249,0
2020-11-06,Solano,095,438530,8423,7959,42,8001,85
2020-11-06,Sonoma,097,501317,10665,10142,35,10177,149
2020-11-06,Stanislaus,099,539301,18769,18250,919,19169,417
2020-11-06,Sutter,101,95872,2099,1937,2,1939,12
2020-11-06,Tehama,103,63373,1135,1024,3,1027,6
2020-11-06,Trinity,105,12862,143,41,16,57,0
2020-11-06,Tulare,107,460477,18972,18136,618,18754,300
2020-11-06,Tuolumne,109,53932,443,316,4,320,5
2020-11-06,Ventura,111,848112,16314,15222,450,15672,154
2020-11-06,Yolo,113,214977,3684,3420,9,3429,62
2020-11-06,Yuba,115,75493,1427,1335,7,1342,10
2020-11-05,Alameda,001,1643700,25350,24270,248,24518,420
2020-11-05,Alpine,003,1148,24,6,0,6,0
2020-11-05,Amador,005,37829,393,363,0,363,16
2020-11-05,Butte,007,227075,3408,3239,57,3296,57
2020-11-05,Calaveras,009,45235,358,333,0,333,19
2020-11-05,Colusa,011,21464,591,574,1,575,6
2020-11-05,Contra Costa,013,1133247,20497,19656,102,19758,252
2020-11-05,Del Norte,015,27424,201,192,0,192,2
2020-11-05,El Dorado,017,186661,1606,1466,10,1476,4
2020-11-05,Fresno,019,978130,35581,32056,624,32680,460
2020-11-05,Glenn,021,27897,736,702,7,709,3
2020-11-05,Humboldt,023,135768,627,581,1,582,9
2020-11-05,Imperial,025,180216,13660,13178,24,13202,337
2020-11-05,Inyo,027,18085,259,247,6,253,14
2020-11-05,Kern,029,883053,35452,34232,602,34834,443
2020-11-05,Kings,031,150075,9285,8846,76,8922,83
2020-11-05,Lake,033,64148,783,739,0,739,16
2020-11-05,Lassen,035,31185,821,782,2,784,0
2020-11-05,Los Angeles,037,10098052,322844,312381,3491,315872,7146
2020-11-05,Madera,039,155013,5364,5129,62,5191,54
2020-11-05,Marin,041,260295,7315,7171,22,7193,131
2020-11-05,Mariposa,043,17540,88,79,0,79,2
2020-11-05,Mendocino,045,87422,1186,1112,5,1117,22
2020-11-05,Merced,047,269075,10093,9753,50,9803,155
2020-11-05,Modoc,049,8938,69,47,11,58,0
2020-11-05,Mono,051,14174,450,307,8,315,1
2020-11-05,Monterey,053,433212,12438,11784,104,11888,96
2020-11-05,Napa,055,140530,2392,2158,9,2167,15
2020-11-05,Nevada,057,99092,780,687,20,707,9
2020-11-05,Orange,059,3164182,64426,60740,1977,62717,1484
2020-11-05,Placer,061,380077,5058,4627,27,4654,60
2020-11-05,Plumas,063,18699,114,90,0,90,0
2020-11-05,Riverside,065,2383286,73073,70094,726,70820,1338
2020-11-05,Sacramento,067,1510023,28616,27232,43,27275,512
2020-11-05,San Benito,069,59416,1536,1477,1,1478,15
2020-11-05,San Bernardino,071,2135413,70906,66407,578,66985,1174
2020-11-05,San Diego,073,3302833,62640,58659,1911,60570,904
2020-11-05,San Francisco,075,870044,13268,12726,63,12789,146
2020-11-05,San Joaquin,077,732212,23148,22318,299,22617,502
2020-11-05,San Luis Obispo,079,281455,5027,4459,51,4510,32
2020-11-05,San Mateo,081,765935,12193,11535,11,11546,168
2020-11-05,Santa Barbara,083,443738,10333,10080,134,10214,133
2020-11-05,Santa Clara,085,1922200,27806,25651,53,25704,402
2020-11-05,Santa Cruz,087,273765,3280,3023,37,3060,25
2020-11-05,Shasta,089,179085,3147,2401,40,2441,34
2020-11-05,Sierra,091,2930,9,6,0,6,0
2020-11-05,Siskiyou,093,43540,275,228,12,240,0
2020-11-05,Solano,095,438530,8340,7842,42,7884,85
2020-11-05,Sonoma,097,501317,10553,10064,34,10098,145
2020-11-05,Stanislaus,099,539301,18655,18194,906,19100,417
2020-11-05,Sutter,101,95872,2067,1925,2,1927,12
2020-11-05,Tehama,103,63373,1113,1015,2,1017,6
2020-11-05,Trinity,105,12862,127,41,15,56,0
2020-11-05,Tulare,107,460477,18884,18049,592,18641,301
2020-11-05,Tuolumne,109,53932,414,312,4,316,5
2020-11-05,Ventura,111,848112,16148,15113,439,15552,155
2020-11-05,Yolo,113,214977,3634,3391,9,3400,61
2020-11-05,Yuba,115,75493,1409,1322,7,1329,10
2020-11-04,Alameda,001,1643700,25173,24172,246,24418,418
2020-11-04,Alpine,003,1148,20,5,0,5,0
2020-11-04,Amador,005,37829,390,362,0,362,16
2020-11-04,Butte,007,227075,3382,3218,54,3272,57
2020-11-04,Calaveras,009,45235,355,290,0,290,19
2020-11-04,Colusa,011,21464,589,571,1,572,6
2020-11-04,Contra Costa,013,1133247,20330,19472,99,19571,251
2020-11-04,Del Norte,015,27424,197,188,0,188,2
2020-11-04,El Dorado,017,186661,1591,1448,7,1455,4
2020-11-04,Fresno,019,978130,35349,31952,596,32548,457
2020-11-04,Glenn,021,27897,732,701,6,707,3
2020-11-04,Humboldt,023,135768,618,571,1,572,9
2020-11-04,Imperial,025,180216,13562,13087,24,13111,335
2020-11-04,Inyo,027,18085,258,247,6,253,14
2020-11-04,Kern,029,883053,35297,34027,591,34618,439
2020-11-04,Kings,031,150075,9251,8817,74,8891,83
2020-11-04,Lake,033,64148,776,735,0,735,16
2020-11-04,Lassen,035,31185,816,781,2,783,0
2020-11-04,Los Angeles,037,10098052,320533,310456,3411,313867,7124
2020-11-04,Madera,039,155013,5344,5083,58,5141,54
2020-11-04,Marin,041,260295,7303,7157,22,7179,131
2020-11-04,Mariposa,043,17540,88,79,0,79,2
2020-11-04,Mendocino,045,87422,1168,1089,5,1094,22
2020-11-04,Merced,047,269075,10043,9717,48,9765,153
2020-11-04,Modoc,049,8938,59,47,11,58,0
2020-11-04,Mono,051,14174,447,237,7,244,1
2020-11-04,Monterey,053,433212,12234,11743,98,11841,96
2020-11-04,Napa,055,140530,2338,2133,9,2142,15
2020-11-04,Nevada,057,99092,761,675,20,695,9
2020-11-04,Orange,059,3164182,63992,60463,1954,62417,1483
2020-11-04,Placer,061,380077,4979,4526,24,4550,60
2020-11-04,Plumas,063,18699,112,88,0,88,0
2020-11-04,Riverside,065,2383286,72456,69562,667,70229,1335
2020-11-04,Sacramento,067,1510023,28265,27005,42,27047,510
2020-11-04,San Benito,069,59416,1521,1464,1,1465,15
2020-11-04,San Bernardino,071,2135413,70109,65891,555,66446,1169
2020-11-04,San Diego,073,3302833,61994,58126,1885,60011,904
2020-11-04,San Francisco,075,870044,13184,12649,60,12709,146
2020-11-04,San Joaquin,077,732212,23011,22197,286,22483,500
2020-11-04,San Luis Obispo,079,281455,4960,4389,49,4438,32
2020-11-04,San Mateo,081,765935,12098,11456,11,11467,168
2020-11-04,Santa Barbara,083,443738,10295,10026,133,10159,132
2020-11-04,Santa Clara,085,1922200,27543,25487,53,25540,393
2020-11-04,Santa Cruz,087,273765,3243,2997,37,3034,25
2020-11-04,Shasta,089,179085,3016,2321,35,2356,34
2020-11-04,Sierra,091,2930,9,6,0,6,0
2020-11-04,Siskiyou,093,43540,266,222,12,234,0
2020-11-04,Solano,095,438530,8241,7733,42,7775,85
2020-11-04,Sonoma,097,501317,10459,9965,34,9999,142
2020-11-04,Stanislaus,099,539301,18538,18114,891,19005,416
2020-11-04,Sutter,101,95872,2033,1916,2,1918,12
2020-11-04,Tehama,103,63373,1088,997,2,999,6
2020-11-04,Trinity,105,12862,123,37,15,52,0
2020-11-04,Tulare,107,460477,18775,17952,564,18516,298
2020-11-04,Tuolumne,109,53932,390,310,4,314,5
2020-11-04,Ventura,111,848112,16008,14936,436,15372,155
2020-11-04,Yolo,113,214977,3593,3361,9,3370,62
2020-11-04,Yuba,115,75493,1388,1312,7,1319,10
2020-11-03,Alameda,001,1643700,24989,24055,244,24299,418
2020-11-03,Alpine,003,1148,19,4,0,4,0
2020-11-03,Amador,005,37829,385,361,0,361,16
2020-11-03,Butte,007,227075,3358,3211,49,3260,57
2020-11-03,Calaveras,009,45235,351,287,0,287,19
2020-11-03,Colusa,011,21464,584,572,1,573,6
2020-11-03,Contra Costa,013,1133247,20175,19416,99,19515,250
2020-11-03,Del Norte,015,27424,196,187,0,187,2
2020-11-03,El Dorado,017,186661,1569,1445,6,1451,4
2020-11-03,Fresno,019,978130,35081,31856,573,32429,457
2020-11-03,Glenn,021,27897,726,698,6,704,3
2020-11-03,Humboldt,023,135768,612,570,1,571,8
2020-11-03,Imperial,025,180216,13473,13044,23,13067,335
2020-11-03,Inyo,027,18085,257,244,6,250,14
2020-11-03,Kern,029,883053,35106,33957,580,34537,439
2020-11-03,Kings,031,150075,9088,8783,69,8852,83
2020-11-03,Lake,033,64148,766,732,0,732,16
2020-11-03,Lassen,035,31185,807,782,2,784,0
2020-11-03,Los Angeles,037,10098052,318078,308812,3343,312155,7104
2020-11-03,Madera,039,155013,5307,5058,57,5115,54
2020-11-03,Marin,041,260295,7283,7147,21,7168,131
2020-11-03,Mariposa,043,17540,87,79,0,79,2
2020-11-03,Mendocino,045,87422,1153,1084,5,1089,22
2020-11-03,Merced,047,269075,9990,9713,47,9760,153
2020-11-03,Modoc,049,8938,57,47,9,56,0
2020-11-03,Mono,051,14174,443,210,7,217,1
2020-11-03,Monterey,053,433212,12165,11703,91,11794,94
2020-11-03,Napa,055,140530,2302,2130,9,2139,15
2020-11-03,Nevada,057,99092,741,670,19,689,9
2020-11-03,Orange,059,3164182,63562,60283,1942,62225,1477
2020-11-03,Placer,061,380077,4905,4514,24,4538,60
2020-11-03,Plumas,063,18699,109,86,0,86,0
2020-11-03,Riverside,065,2383286,71837,69300,642,69942,1325
2020-11-03,Sacramento,067,1510023,27885,26841,41,26882,510
2020-11-03,San Benito,069,59416,1511,1463,1,1464,15
2020-11-03,San Bernardino,071,2135413,69297,65320,547,65867,1159
2020-11-03,San Diego,073,3302833,61318,57722,1841,59563,901
2020-11-03,San Francisco,075,870044,13061,12585,60,12645,146
2020-11-03,San Joaquin,077,732212,22876,22109,280,22389,500
2020-11-03,San Luis Obispo,079,281455,4876,4371,47,4418,32
2020-11-03,San Mateo,081,765935,12003,11406,11,11417,162
2020-11-03,Santa Barbara,083,443738,10241,10008,128,10136,132
2020-11-03,Santa Clara,085,1922200,27271,25386,52,25438,393
2020-11-03,Santa Cruz,087,273765,3193,2980,36,3016,25
2020-11-03,Shasta,089,179085,2922,2288,28,2316,33
2020-11-03,Sierra,091,2930,7,6,0,6,0
2020-11-03,Siskiyou,093,43540,262,219,11,230,0
2020-11-03,Solano,095,438530,8158,7691,42,7733,85
2020-11-03,Sonoma,097,501317,10357,9906,34,9940,142
2020-11-03,Stanislaus,099,539301,18417,18080,880,18960,416
2020-11-03,Sutter,101,95872,2000,1914,2,1916,12
2020-11-03,Tehama,103,63373,1067,988,2,990,6
2020-11-03,Trinity,105,12862,116,36,14,50,0
2020-11-03,Tulare,107,460477,18669,17890,539,18429,297
2020-11-03,Tuolumne,109,53932,367,302,4,306,5
2020-11-03,Ventura,111,848112,15881,14816,429,15245,155
2020-11-03,Yolo,113,214977,3542,3343,9,3352,61
2020-11-03,Yuba,115,75493,1375,1295,7,1302,10
2020-11-02,Alameda,001,1643700,24793,23991,241,24232,419
2020-11-02,Alpine,003,1148,16,4,0,4,0
2020-11-02,Amador,005,37829,377,357,0,357,16
2020-11-02,Butte,007,227075,3338,3198,46,3244,57
2020-11-02,Calaveras,009,45235,351,282,0,282,18
2020-11-02,Colusa,011,21464,579,571,1,572,6
2020-11-02,Contra Costa,013,1133247,20022,19339,98,19437,250
2020-11-02,Del Norte,015,27424,193,175,0,175,2
2020-11-02,El Dorado,017,186661,1545,1405,6,1411,4
2020-11-02,Fresno,019,978130,34812,31738,556,32294,451
2020-11-02,Glenn,021,27897,720,692,5,697,3
2020-11-02,Humboldt,023,135768,603,569,1,570,8
2020-11-02,Imperial,025,180216,13393,13004,22,13026,334
2020-11-02,Inyo,027,18085,254,243,6,249,14
2020-11-02,Kern,029,883053,34948,33834,570,34404,437
2020-11-02,Kings,031,150075,9058,8654,66,8720,82
2020-11-02,Lake,033,64148,760,728,0,728,17
2020-11-02,Lassen,035,31185,799,782,2,784,0
2020-11-02,Los Angeles,037,10098052,315734,307620,3266,310886,7079
2020-11-02,Madera,039,155013,5276,5033,56,5089,54
2020-11-02,Marin,041,260295,7265,7132,20,7152,125
2020-11-02,Mariposa,043,17540,87,79,0,79,2
2020-11-02,Mendocino,045,87422,1139,1076,5,1081,21
2020-11-02,Merced,047,269075,9928,9664,41,9705,152
2020-11-02,Modoc,049,8938,54,45,5,50,0
2020-11-02,Mono,051,14174,441,211,7,218,1
2020-11-02,Monterey,053,433212,12058,11602,88,11690,93
2020-11-02,Napa,055,140530,2260,2081,9,2090,15
2020-11-02,Nevada,057,99092,725,656,19,675,9
2020-11-02,Orange,059,3164182,63157,59996,1926,61922,1474
2020-11-02,Placer,061,380077,4837,4461,22,4483,60
2020-11-02,Plumas,063,18699,101,86,0,86,0
2020-11-02,Riverside,065,2383286,71206,68833,601,69434,1321
2020-11-02,Sacramento,067,1510023,27543,26676,39,26715,508
2020-11-02,San Benito,069,59416,1499,1459,1,1460,15
2020-11-02,San Bernardino,071,2135413,68442,64629,536,65165,1157
2020-11-02,San Diego,073,3302833,60595,57429,1796,59225,891
2020-11-02,San Francisco,075,870044,12964,12436,59,12495,145
2020-11-02,San Joaquin,077,732212,22736,21919,272,22191,500
2020-11-02,San Luis Obispo,079,281455,4776,4303,44,4347,31
2020-11-02,San Mateo,081,765935,11894,11328,11,11339,161
2020-11-02,Santa Barbara,083,443738,10200,9985,123,10108,130
2020-11-02,Santa Clara,085,1922200,26981,25222,52,25274,387
2020-11-02,Santa Cruz,087,273765,3151,2943,36,2979,25
2020-11-02,Shasta,089,179085,2819,2174,24,2198,33
2020-11-02,Sierra,091,2930,7,6,0,6,0
2020-11-02,Siskiyou,093,43540,252,216,11,227,0
2020-11-02,Solano,095,438530,8040,7665,42,7707,84
2020-11-02,Sonoma,097,501317,10275,9796,33,9829,140
2020-11-02,Stanislaus,099,539301,18321,18005,871,18876,412
2020-11-02,Sutter,101,95872,1976,1895,2,1897,12
2020-11-02,Tehama,103,63373,1044,971,2,973,6
2020-11-02,Trinity,105,12862,110,30,14,44,0
2020-11-02,Tulare,107,460477,18576,17774,518,18292,299
2020-11-02,Tuolumne,109,53932,346,302,4,306,5
2020-11-02,Ventura,111,848112,15740,14767,415,15182,156
2020-11-02,Yolo,113,214977,3493,3318,9,3327,61
2020-11-02,Yuba,115,75493,1362,1280,7,1287,10
2020-11-01,Alameda,001,1643700,24630,23892,239,24131,419
2020-11-01,Alpine,003,1148,10,4,0,4,0
2020-11-01,Amador,005,37829,374,352,0,352,16
2020-11-01,Butte,007,227075,3314,3185,45,3230,57
2020-11-01,Calaveras,009,45235,350,282,0,282,18
2020-11-01,Colusa,011,21464,577,567,1,568,6
2020-11-01,Contra Costa,013,1133247,19848,19246,97,19343,250
2020-11-01,Del Norte,015,27424,189,175,0,175,2
2020-11-01,El Dorado,017,186661,1529,1394,6,1400,4
2020-11-01,Fresno,019,978130,34555,31613,536,32149,451
2020-11-01,Glenn,021,27897,711,688,3,691,3
2020-11-01,Humboldt,023,135768,595,568,1,569,8
2020-11-01,Imperial,025,180216,13302,12969,20,12989,334
2020-11-01,Inyo,027,18085,252,241,6,247,14
2020-11-01,Kern,029,883053,34767,33760,476,34236,437
2020-11-01,Kings,031,150075,9020,8641,65,8706,82
2020-11-01,Lake,033,64148,754,727,0,727,17
2020-11-01,Lassen,035,31185,799,782,2,784,0
2020-11-01,Los Angeles,037,10098052,313168,306217,3174,309391,7077
2020-11-01,Madera,039,155013,5228,5019,54,5073,54
2020-11-01,Marin,041,260295,7248,7124,20,7144,125
2020-11-01,Mariposa,043,17540,83,79,0,79,2
2020-11-01,Mendocino,045,87422,1126,1074,5,1079,21
2020-11-01,Merced,047,269075,9867,9626,41,9667,152
2020-11-01,Modoc,049,8938,53,45,5,50,0
2020-11-01,Mono,051,14174,412,211,6,217,1
2020-11-01,Monterey,053,433212,11951,11587,85,11672,93
2020-11-01,Napa,055,140530,2226,2067,9,2076,15
2020-11-01,Nevada,057,99092,709,646,18,664,9
2020-11-01,Orange,059,3164182,62755,59733,1899,61632,1475
2020-11-01,Placer,061,380077,4771,4422,21,4443,58
2020-11-01,Plumas,063,18699,96,86,0,86,0
2020-11-01,Riverside,065,2383286,70576,68493,565,69058,1319
2020-11-01,Sacramento,067,1510023,27221,26442,39,26481,508
2020-11-01,San Benito,069,59416,1484,1451,1,1452,15
2020-11-01,San Bernardino,071,2135413,67600,64339,515,64854,1157
2020-11-01,San Diego,073,3302833,59907,57122,1756,58878,891
2020-11-01,San Francisco,075,870044,12841,12436,54,12490,145
2020-11-01,San Joaquin,077,732212,22608,21919,266,22185,500
2020-11-01,San Luis Obispo,079,281455,4696,4303,43,4346,31
2020-11-01,San Mateo,081,765935,11813,11280,11,11291,160
2020-11-01,Santa Barbara,083,443738,10149,9969,107,10076,130
2020-11-01,Santa Clara,085,1922200,26701,25090,52,25142,386
2020-11-01,Santa Cruz,087,273765,3098,2921,36,2957,25
2020-11-01,Shasta,089,179085,2684,2172,23,2195,33
2020-11-01,Sierra,091,2930,7,6,0,6,0
2020-11-01,Siskiyou,093,43540,247,205,11,216,0
2020-11-01,Solano,095,438530,7950,7591,42,7633,84
2020-11-01,Sonoma,097,501317,10183,9688,33,9721,140
2020-11-01,Stanislaus,099,539301,18220,17961,851,18812,412
2020-11-01,Sutter,101,95872,1950,1888,1,1889,12
2020-11-01,Tehama,103,63373,1027,965,2,967,5
2020-11-01,Trinity,105,12862,108,30,13,43,0
2020-11-01,Tulare,107,460477,18464,17774,487,18261,299
2020-11-01,Tuolumne,109,53932,324,295,4,299,5
2020-11-01,Ventura,111,848112,15591,14686,384,15070,156
2020-11-01,Yolo,113,214977,3445,3303,9,3312,60
2020-11-01,Yuba,115,75493,1345,1273,7,1280,10
2020-10-31,Alameda,001,1643700,24514,23780,235,24015,416
2020-10-31,Alpine,003,1148,10,4,0,4,0
2020-10-31,Amador,005,37829,370,347,0,347,16
2020-10-31,Butte,007,227075,3301,3172,43,3215,57
2020-10-31,Calaveras,009,45235,350,280,0,280,18
2020-10-31,Colusa,011,21464,575,555,1,556,6
2020-10-31,Contra Costa,013,1133247,19743,19161,97,19258,249
2020-10-31,Del Norte,015,27424,188,175,0,175,2
2020-10-31,El Dorado,017,186661,1520,1390,6,1396,4
2020-10-31,Fresno,019,978130,34418,31558,533,32091,451
2020-10-31,Glenn,021,27897,709,678,3,681,3
2020-10-31,Humboldt,023,135768,592,561,1,562,8
2020-10-31,Imperial,025,180216,13260,12912,20,12932,334
2020-10-31,Inyo,027,18085,251,241,6,247,14
2020-10-31,Kern,029,883053,34664,33666,466,34132,437
2020-10-31,Kings,031,150075,8999,8612,64,8676,82
2020-10-31,Lake,033,64148,750,724,0,724,16
2020-10-31,Lassen,035,31185,794,782,2,784,0
2020-10-31,Los Angeles,037,10098052,311794,304704,3131,307835,7073
2020-10-31,Madera,039,155013,5210,5013,51,5064,54
2020-10-31,Marin,041,260295,7232,7112,20,7132,125
2020-10-31,Mariposa,043,17540,83,79,0,79,2
2020-10-31,Mendocino,045,87422,1118,1066,5,1071,21
2020-10-31,Merced,047,269075,9834,9597,40,9637,151
2020-10-31,Modoc,049,8938,52,34,4,38,0
2020-10-31,Mono,051,14174,263,194,5,199,1
2020-10-31,Monterey,053,433212,11883,11539,81,11620,93
2020-10-31,Napa,055,140530,2207,2040,9,2049,15
2020-10-31,Nevada,057,99092,691,644,18,662,9
2020-10-31,Orange,059,3164182,62497,59488,1881,61369,1473
2020-10-31,Placer,061,380077,4721,4374,20,4394,58
2020-10-31,Plumas,063,18699,95,85,0,85,0
2020-10-31,Riverside,065,2383286,70219,68178,542,68720,1319
2020-10-31,Sacramento,067,1510023,27022,26316,37,26353,507
2020-10-31,San Benito,069,59416,1477,1448,1,1449,15
2020-10-31,San Bernardino,071,2135413,67175,64016,505,64521,1157
2020-10-31,San Diego,073,3302833,59454,56769,1728,58497,891
2020-10-31,San Francisco,075,870044,12767,12438,53,12491,145
2020-10-31,San Joaquin,077,732212,22533,21918,257,22175,500
2020-10-31,San Luis Obispo,079,281455,4627,4285,40,4325,31
2020-10-31,San Mateo,081,765935,11761,11253,11,11264,160
2020-10-31,Santa Barbara,083,443738,10120,9957,99,10056,130
2020-10-31,Santa Clara,085,1922200,26532,24957,52,25009,379
2020-10-31,Santa Cruz,087,273765,3063,2895,35,2930,25
2020-10-31,Shasta,089,179085,2630,2122,22,2144,33
2020-10-31,Sierra,091,2930,7,6,0,6,0
2020-10-31,Siskiyou,093,43540,245,200,11,211,0
2020-10-31,Solano,095,438530,7886,7545,42,7587,84
2020-10-31,Sonoma,097,501317,10130,9648,33,9681,140
2020-10-31,Stanislaus,099,539301,18157,17920,835,18755,412
2020-10-31,Sutter,101,95872,1941,1876,1,1877,12
2020-10-31,Tehama,103,63373,1017,953,2,955,5
2020-10-31,Trinity,105,12862,105,30,13,43,0
2020-10-31,Tulare,107,460477,18415,17758,479,18237,299
2020-10-31,Tuolumne,109,53932,317,290,4,294,5
2020-10-31,Ventura,111,848112,15507,14635,366,15001,155
2020-10-31,Yolo,113,214977,3410,3290,9,3299,60
2020-10-31,Yuba,115,75493,1329,1260,6,1266,10
2020-10-30,Alameda,001,1643700,24435,23676,233,23909,401
2020-10-30,Alpine,003,1148,10,4,0,4,0
2020-10-30,Amador,005,37829,370,344,0,344,16
2020-10-30,Butte,007,227075,3296,3160,43,3203,57
2020-10-30,Calaveras,009,45235,349,279,0,279,18
2020-10-30,Colusa,011,21464,573,554,1,555,6
2020-10-30,Contra Costa,013,1133247,19671,19074,97,19171,249
2020-10-30,Del Norte,015,27424,187,175,0,175,2
2020-10-30,El Dorado,017,186661,1507,1386,6,1392,4
2020-10-30,Fresno,019,978130,34296,31409,524,31933,446
2020-10-30,Glenn,021,27897,703,674,2,676,3
2020-10-30,Humboldt,023,135768,591,561,1,562,7
2020-10-30,Imperial,025,180216,13219,12853,20,12873,334
2020-10-30,Inyo,027,18085,250,241,6,247,14
2020-10-30,Kern,029,883053,34571,33583,465,34048,437
2020-10-30,Kings,031,150075,8989,8564,62,8626,82
2020-10-30,Lake,033,64148,750,720,0,720,16
2020-10-30,Lassen,035,31185,788,777,2,779,0
2020-10-30,Los Angeles,037,10098052,310357,303425,3097,306522,7060
2020-10-30,Madera,039,155013,5198,4991,49,5040,54
2020-10-30,Marin,041,260295,7212,7097,20,7117,125
2020-10-30,Mariposa,043,17540,83,78,0,78,2
2020-10-30,Mendocino,045,87422,1116,1062,5,1067,21
2020-10-30,Merced,047,269075,9802,9539,40,9579,150
2020-10-30,Modoc,049,8938,51,34,3,37,0
2020-10-30,Mono,051,14174,262,193,5,198,1
2020-10-30,Monterey,053,433212,11820,11491,76,11567,92
2020-10-30,Napa,055,140530,2189,2028,9,2037,15
2020-10-30,Nevada,057,99092,685,634,18,652,9
2020-10-30,Orange,059,3164182,62255,59334,1869,61203,1469
2020-10-30,Placer,061,380077,4674,4335,20,4355,58
2020-10-30,Plumas,063,18699,92,80,0,80,0
2020-10-30,Riverside,065,2383286,69879,67752,522,68274,1317
2020-10-30,Sacramento,067,1510023,26874,26147,37,26184,505
2020-10-30,San Benito,069,59416,1471,1440,1,1441,15
2020-10-30,San Bernardino,071,2135413,66759,63512,502,64014,1156
2020-10-30,San Diego,073,3302833,59049,56387,1706,58093,888
2020-10-30,San Francisco,075,870044,12712,12384,53,12437,145
2020-10-30,San Joaquin,077,732212,22466,21849,251,22100,500
2020-10-30,San Luis Obispo,079,281455,4584,4256,40,4296,31
2020-10-30,San Mateo,081,765935,11702,11207,11,11218,159
2020-10-30,Santa Barbara,083,443738,10097,9937,99,10036,128
2020-10-30,Santa Clara,085,1922200,26383,24811,52,24863,378
2020-10-30,Santa Cruz,087,273765,3045,2874,35,2909,25
2020-10-30,Shasta,089,179085,2586,2048,21,2069,32
2020-10-30,Sierra,091,2930,7,6,0,6,0
2020-10-30,Siskiyou,093,43540,245,192,11,203,0
2020-10-30,Solano,095,438530,7825,7497,42,7539,84
2020-10-30,Sonoma,097,501317,10055,9602,33,9635,140
2020-10-30,Stanislaus,099,539301,18109,17861,819,18680,410
2020-10-30,Sutter,101,95872,1928,1860,1,1861,12
2020-10-30,Tehama,103,63373,1013,932,2,934,5
2020-10-30,Trinity,105,12862,105,29,13,42,0
2020-10-30,Tulare,107,460477,18370,17682,464,18146,299
2020-10-30,Tuolumne,109,53932,310,286,4,290,4
2020-10-30,Ventura,111,848112,15434,14578,354,14932,154
2020-10-30,Yolo,113,214977,3393,3263,9,3272,60
2020-10-30,Yuba,115,75493,1321,1256,6,1262,10
2020-10-29,Alameda,001,1643700,24271,23530,232,23762,401
2020-10-29,Alpine,003,1148,7,4,0,4,0
2020-10-29,Amador,005,37829,366,338,0,338,16
2020-10-29,Butte,007,227075,3278,3143,42,3185,57
2020-10-29,Calaveras,009,45235,347,278,0,278,13
2020-10-29,Colusa,011,21464,569,552,1,553,6
2020-10-29,Contra Costa,013,1133247,19572,18933,96,19029,249
2020-10-29,Del Norte,015,27424,185,174,0,174,2
2020-10-29,El Dorado,017,186661,1485,1370,6,1376,4
2020-10-29,Fresno,019,978130,34139,31321,517,31838,445
2020-10-29,Glenn,021,27897,701,673,2,675,3
2020-10-29,Humboldt,023,135768,586,559,1,560,7
2020-10-29,Imperial,025,180216,13175,12769,20,12789,334
2020-10-29,Inyo,027,18085,248,238,6,244,14
2020-10-29,Kern,029,883053,34470,33460,461,33921,437
2020-10-29,Kings,031,150075,8835,8502,61,8563,82
2020-10-29,Lake,033,64148,747,702,0,702,16
2020-10-29,Lassen,035,31185,787,772,2,774,0
2020-10-29,Los Angeles,037,10098052,308728,302246,3051,305297,7046
2020-10-29,Madera,039,155013,5168,4970,47,5017,53
2020-10-29,Marin,041,260295,7198,7083,20,7103,125
2020-10-29,Mariposa,043,17540,81,78,0,78,2
2020-10-29,Mendocino,045,87422,1110,1058,5,1063,21
2020-10-29,Merced,047,269075,9750,9496,40,9536,150
2020-10-29,Modoc,049,8938,49,31,3,34,0
2020-10-29,Mono,051,14174,255,176,5,181,1
2020-10-29,Monterey,053,433212,11739,11425,74,11499,92
2020-10-29,Napa,055,140530,2165,2009,9,2018,15
2020-10-29,Nevada,057,99092,678,632,18,650,9
2020-10-29,Orange,059,3164182,61987,59046,1849,60895,1464
2020-10-29,Placer,061,380077,4629,4270,18,4288,58
2020-10-29,Plumas,063,18699,90,69,0,69,0
2020-10-29,Riverside,065,2383286,69502,67268,492,67760,1304
2020-10-29,Sacramento,067,1510023,26661,25978,36,26014,507
2020-10-29,San Benito,069,59416,1466,1431,1,1432,15
2020-10-29,San Bernardino,071,2135413,66192,62968,492,63460,1150
2020-10-29,San Diego,073,3302833,58583,55916,1677,57593,885
2020-10-29,San Francisco,075,870044,12633,12312,53,12365,145
2020-10-29,San Joaquin,077,732212,22382,21736,239,21975,498
2020-10-29,San Luis Obispo,079,281455,4553,4223,39,4262,31
2020-10-29,San Mateo,081,765935,11656,11145,11,11156,157
2020-10-29,Santa Barbara,083,443738,10064,9902,97,9999,128
2020-10-29,Santa Clara,085,1922200,26232,24614,52,24666,377
2020-10-29,Santa Cruz,087,273765,3020,2850,35,2885,24
2020-10-29,Shasta,089,179085,2523,2008,21,2029,32
2020-10-29,Sierra,091,2930,6,6,0,6,0
2020-10-29,Siskiyou,093,43540,229,185,11,196,0
2020-10-29,Solano,095,438530,7763,7453,42,7495,78
2020-10-29,Sonoma,097,501317,9990,9533,33,9566,140
2020-10-29,Stanislaus,099,539301,18056,17790,798,18588,410
2020-10-29,Sutter,101,95872,1920,1852,1,1853,12
2020-10-29,Tehama,103,63373,995,925,2,927,5
2020-10-29,Trinity,105,12862,100,28,12,40,0
2020-10-29,Tulare,107,460477,18292,17627,445,18072,299
2020-10-29,Tuolumne,109,53932,305,279,4,283,4
2020-10-29,Ventura,111,848112,15343,14486,350,14836,154
2020-10-29,Yolo,113,214977,3364,3246,9,3255,60
2020-10-29,Yuba,115,75493,1310,1248,6,1254,10
2020-10-28,Alameda,001,1643700,24171,23468,231,23699,400
2020-10-28,Alpine,003,1148,6,4,0,4,0
2020-10-28,Amador,005,37829,363,337,0,337,16
2020-10-28,Butte,007,227075,3262,3134,39,3173,56
2020-10-28,Calaveras,009,45235,346,278,0,278,13
2020-10-28,Colusa,011,21464,566,551,1,552,6
2020-10-28,Contra Costa,013,1133247,19485,18828,95,18923,246
2020-10-28,Del Norte,015,27424,182,173,0,173,2
2020-10-28,El Dorado,017,186661,1473,1363,6,1369,4
2020-10-28,Fresno,019,978130,34017,31195,511,31706,444
2020-10-28,Glenn,021,27897,697,673,2,675,3
2020-10-28,Humboldt,023,135768,582,559,1,560,7
2020-10-28,Imperial,025,180216,13126,12730,20,12750,333
2020-10-28,Inyo,027,18085,248,238,6,244,14
2020-10-28,Kern,029,883053,34368,33424,442,33866,436
2020-10-28,Kings,031,150075,8813,8486,60,8546,82
2020-10-28,Lake,033,64148,744,700,0,700,15
2020-10-28,Lassen,035,31185,783,771,2,773,0
2020-10-28,Los Angeles,037,10098052,307269,300726,3009,303735,7031
2020-10-28,Madera,039,155013,5151,4954,46,5000,53
2020-10-28,Marin,041,260295,7187,7079,20,7099,126
2020-10-28,Mariposa,043,17540,81,78,0,78,2
2020-10-28,Mendocino,045,87422,1109,1037,5,1042,20
2020-10-28,Merced,047,269075,9724,9480,39,9519,150
2020-10-28,Modoc,049,8938,48,31,2,33,0
2020-10-28,Mono,051,14174,237,176,5,181,1
2020-10-28,Monterey,053,433212,11681,11330,72,11402,89
2020-10-28,Napa,055,140530,2139,1998,8,2006,15
2020-10-28,Nevada,057,99092,670,629,18,647,9
2020-10-28,Orange,059,3164182,61723,58801,1833,60634,1459
2020-10-28,Placer,061,380077,4573,4236,18,4254,57
2020-10-28,Plumas,063,18699,89,67,0,67,0
2020-10-28,Riverside,065,2383286,69104,67003,468,67471,1302
2020-10-28,Sacramento,067,1510023,26465,25838,35,25873,506
2020-10-28,San Benito,069,59416,1458,1429,1,1430,15
2020-10-28,San Bernardino,071,2135413,65733,62778,483,63261,1154
2020-10-28,San Diego,073,3302833,58200,55556,1648,57204,881
2020-10-28,San Francisco,075,870044,12575,12261,52,12313,145
2020-10-28,San Joaquin,077,732212,22298,21707,228,21935,498
2020-10-28,San Luis Obispo,079,281455,4509,4197,36,4233,31
2020-10-28,San Mateo,081,765935,11589,11101,11,11112,157
2020-10-28,Santa Barbara,083,443738,10040,9872,95,9967,127
2020-10-28,Santa Clara,085,1922200,26088,24503,52,24555,375
2020-10-28,Santa Cruz,087,273765,2989,2836,35,2871,24
2020-10-28,Shasta,089,179085,2443,1996,20,2016,31
2020-10-28,Sierra,091,2930,6,6,0,6,0
2020-10-28,Siskiyou,093,43540,226,182,10,192,0
2020-10-28,Solano,095,438530,7704,7362,42,7404,77
2020-10-28,Sonoma,097,501317,9900,9457,28,9485,140
2020-10-28,Stanislaus,099,539301,17991,17765,788,18553,409
2020-10-28,Sutter,101,95872,1911,1840,1,1841,12
2020-10-28,Tehama,103,63373,984,921,2,923,5
2020-10-28,Trinity,105,12862,93,28,11,39,0
2020-10-28,Tulare,107,460477,18235,17569,429,17998,297
2020-10-28,Tuolumne,109,53932,302,277,4,281,4
2020-10-28,Ventura,111,848112,15270,14409,341,14750,153
2020-10-28,Yolo,113,214977,3340,3230,9,3239,60
2020-10-28,Yuba,115,75493,1298,1245,6,1251,10
2020-10-27,Alameda,001,1643700,24057,23365,229,23594,400
2020-10-27,Alpine,003,1148,6,3,0,3,0
2020-10-27,Amador,005,37829,360,335,0,335,16
2020-10-27,Butte,007,227075,3247,3107,36,3143,56
2020-10-27,Calaveras,009,45235,344,277,0,277,13
2020-10-27,Colusa,011,21464,561,549,1,550,6
2020-10-27,Contra Costa,013,1133247,19379,18766,95,18861,246
2020-10-27,Del Norte,015,27424,179,173,0,173,2
2020-10-27,El Dorado,017,186661,1460,1351,6,1357,4
2020-10-27,Fresno,019,978130,33898,31096,506,31602,442
2020-10-27,Glenn,021,27897,695,667,1,668,3
2020-10-27,Humboldt,023,135768,579,559,1,560,7
2020-10-27,Imperial,025,180216,13077,12680,19,12699,333
2020-10-27,Inyo,027,18085,248,231,6,237,14
2020-10-27,Kern,029,883053,34251,33328,438,33766,436
2020-10-27,Kings,031,150075,8782,8411,60,8471,83
2020-10-27,Lake,033,64148,741,700,0,700,15
2020-10-27,Lassen,035,31185,781,764,2,766,0
2020-10-27,Los Angeles,037,10098052,305885,299438,2980,302418,7008
2020-10-27,Madera,039,155013,5121,4942,45,4987,53
2020-10-27,Marin,041,260295,7171,7070,20,7090,126
2020-10-27,Mariposa,043,17540,80,78,0,78,2
2020-10-27,Mendocino,045,87422,1103,1033,4,1037,20
2020-10-27,Merced,047,269075,9683,9449,39,9488,150
2020-10-27,Modoc,049,8938,46,31,2,33,0
2020-10-27,Mono,051,14174,223,169,5,174,1
2020-10-27,Monterey,053,433212,11625,11261,70,11331,88
2020-10-27,Napa,055,140530,2123,1979,8,1987,15
2020-10-27,Nevada,057,99092,664,622,18,640,8
2020-10-27,Orange,059,3164182,61451,58550,1817,60367,1448
2020-10-27,Placer,061,380077,4524,4197,16,4213,57
2020-10-27,Plumas,063,18699,86,63,0,63,0
2020-10-27,Riverside,065,2383286,68751,66699,423,67122,1299
2020-10-27,Sacramento,067,1510023,26278,25701,33,25734,501
2020-10-27,San Benito,069,59416,1453,1428,1,1429,15
2020-10-27,San Bernardino,071,2135413,65272,62357,470,62827,1154
2020-10-27,San Diego,073,3302833,57727,55226,1625,56851,877
2020-10-27,San Francisco,075,870044,12500,12218,51,12269,140
2020-10-27,San Joaquin,077,732212,22207,21637,219,21856,496
2020-10-27,San Luis Obispo,079,281455,4482,4148,32,4180,31
2020-10-27,San Mateo,081,765935,11541,11074,11,11085,156
2020-10-27,Santa Barbara,083,443738,10010,9874,94,9968,125
2020-10-27,Santa Clara,085,1922200,25946,24368,52,24420,367
2020-10-27,Santa Cruz,087,273765,2959,2815,34,2849,24
2020-10-27,Shasta,089,179085,2357,1962,20,1982,29
2020-10-27,Sierra,091,2930,6,6,0,6,0
2020-10-27,Siskiyou,093,43540,217,181,10,191,0
2020-10-27,Solano,095,438530,7635,7298,42,7340,77
2020-10-27,Sonoma,097,501317,9833,9389,28,9417,140
2020-10-27,Stanislaus,099,539301,17923,17720,781,18501,408
2020-10-27,Sutter,101,95872,1898,1832,1,1833,12
2020-10-27,Tehama,103,63373,970,913,2,915,5
2020-10-27,Trinity,105,12862,90,28,11,39,0
2020-10-27,Tulare,107,460477,18172,17520,406,17926,296
2020-10-27,Tuolumne,109,53932,298,275,4,279,4
2020-10-27,Ventura,111,848112,15187,14347,334,14681,153
2020-10-27,Yolo,113,214977,3326,3216,9,3225,58
2020-10-27,Yuba,115,75493,1285,1235,6,1241,10
2020-10-26,Alameda,001,1643700,23944,23284,228,23512,398
2020-10-26,Alpine,003,1148,4,3,0,3,0
2020-10-26,Amador,005,37829,356,331,0,331,16
2020-10-26,Butte,007,227075,3236,3095,34,3129,56
2020-10-26,Calaveras,009,45235,340,274,0,274,13
2020-10-26,Colusa,011,21464,559,548,1,549,6
2020-10-26,Contra Costa,013,1133247,19283,18718,94,18812,245
2020-10-26,Del Norte,015,27424,179,171,0,171,2
2020-10-26,El Dorado,017,186661,1446,1336,6,1342,4
2020-10-26,Fresno,019,978130,33785,30969,499,31468,441
2020-10-26,Glenn,021,27897,688,660,1,661,3
2020-10-26,Humboldt,023,135768,571,554,1,555,7
2020-10-26,Imperial,025,180216,13023,12654,16,12670,333
2020-10-26,Inyo,027,18085,248,226,6,232,14
2020-10-26,Kern,029,883053,34167,33233,433,33666,432
2020-10-26,Kings,031,150075,8760,8264,58,8322,82
2020-10-26,Lake,033,64148,739,697,0,697,15
2020-10-26,Lassen,035,31185,778,764,2,766,0
2020-10-26,Los Angeles,037,10098052,304456,297961,2938,300899,6979
2020-10-26,Madera,039,155013,5100,4922,44,4966,53
2020-10-26,Marin,041,260295,7165,7064,19,7083,104
2020-10-26,Mariposa,043,17540,80,77,0,77,2
2020-10-26,Mendocino,045,87422,1095,1026,4,1030,20
2020-10-26,Merced,047,269075,9636,9375,38,9413,150
2020-10-26,Modoc,049,8938,44,28,0,28,0
2020-10-26,Mono,051,14174,217,167,5,172,1
2020-10-26,Monterey,053,433212,11574,11207,66,11273,87
2020-10-26,Napa,055,140530,2091,1966,8,1974,14
2020-10-26,Nevada,057,99092,657,618,18,636,8
2020-10-26,Orange,059,3164182,61248,58377,1798,60175,1442
2020-10-26,Placer,061,380077,4482,4161,15,4176,57
2020-10-26,Plumas,063,18699,84,63,0,63,0
2020-10-26,Riverside,065,2383286,68299,66475,397,66872,1294
2020-10-26,Sacramento,067,1510023,26097,25555,31,25586,496
2020-10-26,San Benito,069,59416,1445,1424,1,1425,15
2020-10-26,San Bernardino,071,2135413,64801,61871,467,62338,1153
2020-10-26,San Diego,073,3302833,57334,54957,1587,56544,870
2020-10-26,San Francisco,075,870044,12440,12072,51,12123,138
2020-10-26,San Joaquin,077,732212,22124,21459,213,21672,495
2020-10-26,San Luis Obispo,079,281455,4456,4133,32,4165,31
2020-10-26,San Mateo,081,765935,11497,11037,11,11048,156
2020-10-26,Santa Barbara,083,443738,9987,9827,94,9921,122
2020-10-26,Santa Clara,085,1922200,25756,24258,51,24309,365
2020-10-26,Santa Cruz,087,273765,2933,2808,34,2842,24
2020-10-26,Shasta,089,179085,2303,1889,20,1909,29
2020-10-26,Sierra,091,2930,6,6,0,6,0
2020-10-26,Siskiyou,093,43540,209,179,10,189,0
2020-10-26,Solano,095,438530,7555,7271,42,7313,62
2020-10-26,Sonoma,097,501317,9754,9315,28,9343,140
2020-10-26,Stanislaus,099,539301,17873,17666,771,18437,400
2020-10-26,Sutter,101,95872,1890,1817,1,1818,12
2020-10-26,Tehama,103,63373,950,892,2,894,5
2020-10-26,Trinity,105,12862,89,26,11,37,0
2020-10-26,Tulare,107,460477,18095,17432,383,17815,296
2020-10-26,Tuolumne,109,53932,289,271,4,275,4
2020-10-26,Ventura,111,848112,15117,14330,331,14661,154
2020-10-26,Yolo,113,214977,3307,3206,9,3215,58
2020-10-26,Yuba,115,75493,1269,1226,6,1232,10
2020-10-25,Alameda,001,1643700,23838,23192,228,23420,398
2020-10-25,Alpine,003,1148,3,3,0,3,0
2020-10-25,Amador,005,37829,345,330,0,330,16
2020-10-25,Butte,007,227075,3217,3087,34,3121,56
2020-10-25,Calaveras,009,45235,339,274,0,274,13
2020-10-25,Colusa,011,21464,555,548,1,549,6
2020-10-25,Contra Costa,013,1133247,19181,18640,94,18734,245
2020-10-25,Del Norte,015,27424,175,171,0,171,2
2020-10-25,El Dorado,017,186661,1431,1328,6,1334,4
2020-10-25,Fresno,019,978130,33651,30858,486,31344,441
2020-10-25,Glenn,021,27897,685,652,1,653,3
2020-10-25,Humboldt,023,135768,568,554,1,555,7
2020-10-25,Imperial,025,180216,12974,12572,16,12588,333
2020-10-25,Inyo,027,18085,245,226,6,232,14
2020-10-25,Kern,029,883053,34060,33185,429,33614,432
2020-10-25,Kings,031,150075,8727,8246,56,8302,82
2020-10-25,Lake,033,64148,722,695,0,695,15
2020-10-25,Lassen,035,31185,776,764,2,766,0
2020-10-25,Los Angeles,037,10098052,302894,297110,2901,300011,6973
2020-10-25,Madera,039,155013,5070,4909,39,4948,53
2020-10-25,Marin,041,260295,7155,7052,19,7071,102
2020-10-25,Mariposa,043,17540,80,77,0,77,2
2020-10-25,Mendocino,045,87422,1088,1024,4,1028,20
2020-10-25,Merced,047,269075,9571,9352,36,9388,150
2020-10-25,Modoc,049,8938,39,28,0,28,0
2020-10-25,Mono,051,14174,209,167,5,172,1
2020-10-25,Monterey,053,433212,11491,11182,61,11243,87
2020-10-25,Napa,055,140530,2061,1962,8,1970,14
2020-10-25,Nevada,057,99092,649,616,18,634,8
2020-10-25,Orange,059,3164182,60960,58185,1789,59974,1443
2020-10-25,Placer,061,380077,4430,4140,15,4155,57
2020-10-25,Plumas,063,18699,84,63,0,63,0
2020-10-25,Riverside,065,2383286,67848,66192,381,66573,1289
2020-10-25,Sacramento,067,1510023,25881,25445,28,25473,496
2020-10-25,San Benito,069,59416,1438,1423,1,1424,15
2020-10-25,San Bernardino,071,2135413,64260,61551,455,62006,1153
2020-10-25,San Diego,073,3302833,56871,54599,1555,56154,870
2020-10-25,San Francisco,075,870044,12367,12072,51,12123,137
2020-10-25,San Joaquin,077,732212,22016,21459,205,21664,495
2020-10-25,San Luis Obispo,079,281455,4414,4126,30,4156,31
2020-10-25,San Mateo,081,765935,11452,10987,11,10998,156
2020-10-25,Santa Barbara,083,443738,9967,9814,94,9908,122
2020-10-25,Santa Clara,085,1922200,25568,24087,51,24138,365
2020-10-25,Santa Cruz,087,273765,2906,2789,34,2823,24
2020-10-25,Shasta,089,179085,2239,1889,20,1909,29
2020-10-25,Sierra,091,2930,6,6,0,6,0
2020-10-25,Siskiyou,093,43540,206,176,10,186,0
2020-10-25,Solano,095,438530,7477,7197,42,7239,60
2020-10-25,Sonoma,097,501317,9661,9235,27,9262,140
2020-10-25,Stanislaus,099,539301,17816,17641,761,18402,400
2020-10-25,Sutter,101,95872,1872,1811,1,1812,12
2020-10-25,Tehama,103,63373,933,880,2,882,5
2020-10-25,Trinity,105,12862,85,26,11,37,0
2020-10-25,Tulare,107,460477,18022,17431,373,17804,296
2020-10-25,Tuolumne,109,53932,284,271,4,275,4
2020-10-25,Ventura,111,848112,15024,14300,325,14625,154
2020-10-25,Yolo,113,214977,3286,3190,9,3199,58
2020-10-25,Yuba,115,75493,1261,1219,6,1225,10
2020-10-24,Alameda,001,1643700,23767,23099,225,23324,398
2020-10-24,Alpine,003,1148,3,3,0,3,0
2020-10-24,Amador,005,37829,344,328,0,328,16
2020-10-24,Butte,007,227075,3208,3078,34,3112,56
2020-10-24,Calaveras,009,45235,337,274,0,274,13
2020-10-24,Colusa,011,21464,550,548,1,549,6
2020-10-24,Contra Costa,013,1133247,19114,18567,94,18661,244
2020-10-24,Del Norte,015,27424,174,171,0,171,2
2020-10-24,El Dorado,017,186661,1415,1317,6,1323,4
2020-10-24,Fresno,019,978130,33590,30752,481,31233,441
2020-10-24,Glenn,021,27897,682,650,1,651,3
2020-10-24,Humboldt,023,135768,566,553,1,554,7
2020-10-24,Imperial,025,180216,12947,12469,16,12485,333
2020-10-24,Inyo,027,18085,245,226,6,232,14
2020-10-24,Kern,029,883053,34002,33105,423,33528,432
2020-10-24,Kings,031,150075,8717,8228,55,8283,82
2020-10-24,Lake,033,64148,717,696,0,696,15
2020-10-24,Lassen,035,31185,775,764,2,766,0
2020-10-24,Los Angeles,037,10098052,302075,296323,2879,299202,6969
2020-10-24,Madera,039,155013,5057,4898,38,4936,53
2020-10-24,Marin,041,260295,7146,7042,19,7061,102
2020-10-24,Mariposa,043,17540,80,77,0,77,2
2020-10-24,Mendocino,045,87422,1076,1022,4,1026,20
2020-10-24,Merced,047,269075,9547,9351,36,9387,150
2020-10-24,Modoc,049,8938,38,28,0,28,0
2020-10-24,Mono,051,14174,195,167,5,172,1
2020-10-24,Monterey,053,433212,11422,11153,60,11213,87
2020-10-24,Napa,055,140530,2044,1957,8,1965,14
2020-10-24,Nevada,057,99092,645,608,18,626,8
2020-10-24,Orange,059,3164182,60805,57928,1779,59707,1441
2020-10-24,Placer,061,380077,4399,4093,15,4108,57
2020-10-24,Plumas,063,18699,78,63,0,63,0
2020-10-24,Riverside,065,2383286,67640,65902,366,66268,1288
2020-10-24,Sacramento,067,1510023,25800,25372,28,25400,496
2020-10-24,San Benito,069,59416,1433,1417,1,1418,15
2020-10-24,San Bernardino,071,2135413,64020,61351,446,61797,1153
2020-10-24,San Diego,073,3302833,56594,54330,1542,55872,868
2020-10-24,San Francisco,075,870044,12309,12073,50,12123,137
2020-10-24,San Joaquin,077,732212,21963,21458,200,21658,495
2020-10-24,San Luis Obispo,079,281455,4391,4119,29,4148,31
2020-10-24,San Mateo,081,765935,11413,10942,11,10953,155
2020-10-24,Santa Barbara,083,443738,9950,9781,94,9875,122
2020-10-24,Santa Clara,085,1922200,25481,23978,51,24029,365
2020-10-24,Santa Cruz,087,273765,2887,2775,34,2809,24
2020-10-24,Shasta,089,179085,2194,1878,20,1898,29
2020-10-24,Sierra,091,2930,6,6,0,6,0
2020-10-24,Siskiyou,093,43540,205,174,10,184,0
2020-10-24,Solano,095,438530,7424,7189,42,7231,60
2020-10-24,Sonoma,097,501317,9627,9179,27,9206,140
2020-10-24,Stanislaus,099,539301,17772,17574,745,18319,400
2020-10-24,Sutter,101,95872,1863,1804,1,1805,12
2020-10-24,Tehama,103,63373,925,872,2,874,5
2020-10-24,Trinity,105,12862,85,25,11,36,0
2020-10-24,Tulare,107,460477,17999,17406,362,17768,295
2020-10-24,Tuolumne,109,53932,281,269,4,273,4
2020-10-24,Ventura,111,848112,14971,14240,324,14564,154
2020-10-24,Yolo,113,214977,3274,3164,9,3173,57
2020-10-24,Yuba,115,75493,1258,1210,6,1216,10
2020-10-23,Alameda,001,1643700,23695,23047,223,23270,393
2020-10-23,Alpine,003,1148,3,3,0,3,0
2020-10-23,Amador,005,37829,343,324,0,324,16
2020-10-23,Butte,007,227075,3199,3059,34,3093,55
2020-10-23,Calaveras,009,45235,336,273,0,273,13
2020-10-23,Colusa,011,21464,550,547,1,548,6
2020-10-23,Contra Costa,013,1133247,19044,18483,93,18576,244
2020-10-23,Del Norte,015,27424,174,171,0,171,2
2020-10-23,El Dorado,017,186661,1406,1310,6,1316,4
2020-10-23,Fresno,019,978130,33523,30590,478,31068,441
2020-10-23,Glenn,021,27897,679,644,1,645,3
2020-10-23,Humboldt,023,135768,564,553,1,554,7
2020-10-23,Imperial,025,180216,12916,12398,15,12413,333
2020-10-23,Inyo,027,18085,244,226,6,232,14
2020-10-23,Kern,029,883053,33934,33077,418,33495,431
2020-10-23,Kings,031,150075,8708,8218,55,8273,82
2020-10-23,Lake,033,64148,715,689,0,689,15
2020-10-23,Lassen,035,31185,774,764,2,766,0
2020-10-23,Los Angeles,037,10098052,300993,294287,2851,297138,6956
2020-10-23,Madera,039,155013,5052,4888,38,4926,53
2020-10-23,Marin,041,260295,7133,7029,19,7048,102
2020-10-23,Mariposa,043,17540,80,77,0,77,2
2020-10-23,Mendocino,045,87422,1073,1019,4,1023,20
2020-10-23,Merced,047,269075,9533,9327,36,9363,149
2020-10-23,Modoc,049,8938,38,28,0,28,0
2020-10-23,Mono,051,14174,194,159,5,164,1
2020-10-23,Monterey,053,433212,11375,11099,56,11155,86
2020-10-23,Napa,055,140530,2036,1942,8,1950,14
2020-10-23,Nevada,057,99092,642,604,18,622,8
2020-10-23,Orange,059,3164182,60635,57595,1764,59359,1430
2020-10-23,Placer,061,380077,4352,4073,15,4088,57
2020-10-23,Plumas,063,18699,75,63,0,63,0
2020-10-23,Riverside,065,2383286,67401,65512,358,65870,1279
2020-10-23,Sacramento,067,1510023,25695,25224,28,25252,496
2020-10-23,San Benito,069,59416,1431,1412,1,1413,15
2020-10-23,San Bernardino,071,2135413,63734,60854,432,61286,1150
2020-10-23,San Diego,073,3302833,56288,53944,1515,55459,867
2020-10-23,San Francisco,075,870044,12278,12015,50,12065,137
2020-10-23,San Joaquin,077,732212,21907,21361,194,21555,495
2020-10-23,San Luis Obispo,079,281455,4366,4102,29,4131,31
2020-10-23,San Mateo,081,765935,11364,10872,11,10883,155
2020-10-23,Santa Barbara,083,443738,9934,9751,94,9845,121
2020-10-23,Santa Clara,085,1922200,25379,23822,51,23873,364
2020-10-23,Santa Cruz,087,273765,2873,2757,34,2791,24
2020-10-23,Shasta,089,179085,2157,1846,19,1865,29
2020-10-23,Sierra,091,2930,6,6,0,6,0
2020-10-23,Siskiyou,093,43540,201,172,10,182,0
2020-10-23,Solano,095,438530,7393,7174,42,7216,59
2020-10-23,Sonoma,097,501317,9570,9112,27,9139,139
2020-10-23,Stanislaus,099,539301,17735,17496,738,18234,395
2020-10-23,Sutter,101,95872,1856,1797,1,1798,12
2020-10-23,Tehama,103,63373,916,862,2,864,5
2020-10-23,Trinity,105,12862,85,26,11,37,0
2020-10-23,Tulare,107,460477,17954,17334,350,17684,295
2020-10-23,Tuolumne,109,53932,279,254,4,258,4
2020-10-23,Ventura,111,848112,14942,14192,324,14516,155
2020-10-23,Yolo,113,214977,3262,3140,9,3149,57
2020-10-23,Yuba,115,75493,1254,1206,6,1212,10
2020-10-22,Alameda,001,1643700,23593,22915,223,23138,393
2020-10-22,Alpine,003,1148,3,3,0,3,0
2020-10-22,Amador,005,37829,339,317,0,317,16
2020-10-22,Butte,007,227075,3189,3046,32,3078,55
2020-10-22,Calaveras,009,45235,333,273,0,273,13
2020-10-22,Colusa,011,21464,550,547,1,548,6
2020-10-22,Contra Costa,013,1133247,18973,18393,93,18486,243
2020-10-22,Del Norte,015,27424,173,168,0,168,2
2020-10-22,El Dorado,017,186661,1396,1308,6,1314,4
2020-10-22,Fresno,019,978130,33413,30471,470,30941,438
2020-10-22,Glenn,021,27897,672,643,1,644,3
2020-10-22,Humboldt,023,135768,562,548,1,549,7
2020-10-22,Imperial,025,180216,12863,12311,15,12326,333
2020-10-22,Inyo,027,18085,241,220,6,226,14
2020-10-22,Kern,029,883053,33853,32991,415,33406,431
2020-10-22,Kings,031,150075,8457,8201,55,8256,82
2020-10-22,Lake,033,64148,711,678,0,678,15
2020-10-22,Lassen,035,31185,771,764,2,766,0
2020-10-22,Los Angeles,037,10098052,299617,291599,2792,294391,6935
2020-10-22,Madera,039,155013,5031,4847,38,4885,52
2020-10-22,Marin,041,260295,7126,7014,19,7033,102
2020-10-22,Mariposa,043,17540,80,77,0,77,2
2020-10-22,Mendocino,045,87422,1068,1016,4,1020,20
2020-10-22,Merced,047,269075,9505,9323,36,9359,149
2020-10-22,Modoc,049,8938,34,26,0,26,0
2020-10-22,Mono,051,14174,189,156,5,161,1
2020-10-22,Monterey,053,433212,11316,11059,53,11112,84
2020-10-22,Napa,055,140530,2021,1928,8,1936,14
2020-10-22,Nevada,057,99092,636,600,18,618,8
2020-10-22,Orange,059,3164182,60420,57418,1747,59165,1422
2020-10-22,Placer,061,380077,4303,4036,15,4051,57
2020-10-22,Plumas,063,18699,72,62,0,62,0
2020-10-22,Riverside,065,2383286,67065,65104,338,65442,1279
2020-10-22,Sacramento,067,1510023,25555,25054,28,25082,492
2020-10-22,San Benito,069,59416,1427,1403,1,1404,15
2020-10-22,San Bernardino,071,2135413,63333,60402,417,60819,1149
2020-10-22,San Diego,073,3302833,55901,53514,1496,55010,866
2020-10-22,San Francisco,075,870044,12220,11991,48,12039,137
2020-10-22,San Joaquin,077,732212,21834,21282,188,21470,495
2020-10-22,San Luis Obispo,079,281455,4350,4081,29,4110,31
2020-10-22,San Mateo,081,765935,11308,10796,11,10807,155
2020-10-22,Santa Barbara,083,443738,9900,9710,92,9802,120
2020-10-22,Santa Clara,085,1922200,25225,23621,51,23672,363
2020-10-22,Santa Cruz,087,273765,2855,2738,33,2771,24
2020-10-22,Shasta,089,179085,2111,1799,19,1818,29
2020-10-22,Sierra,091,2930,6,6,0,6,0
2020-10-22,Siskiyou,093,43540,201,169,10,179,0
2020-10-22,Solano,095,438530,7347,7116,42,7158,59
2020-10-22,Sonoma,097,501317,9504,9052,26,9078,139
2020-10-22,Stanislaus,099,539301,17681,17440,726,18166,395
2020-10-22,Sutter,101,95872,1842,1794,1,1795,12
2020-10-22,Tehama,103,63373,905,852,2,854,5
2020-10-22,Trinity,105,12862,84,26,11,37,0
2020-10-22,Tulare,107,460477,17888,17265,337,17602,293
2020-10-22,Tuolumne,109,53932,277,252,4,256,4
2020-10-22,Ventura,111,848112,14895,14124,322,14446,154
2020-10-22,Yolo,113,214977,3250,3116,9,3125,58
2020-10-22,Yuba,115,75493,1247,1199,5,1204,10
2020-10-21,Alameda,001,1643700,23505,22853,221,23074,392
2020-10-21,Alpine,003,1148,3,3,0,3,0
2020-10-21,Amador,005,37829,334,313,0,313,16
2020-10-21,Butte,007,227075,3177,3041,32,3073,55
2020-10-21,Calaveras,009,45235,332,272,0,272,13
2020-10-21,Colusa,011,21464,550,546,1,547,6
2020-10-21,Contra Costa,013,1133247,18899,18299,93,18392,243
2020-10-21,Del Norte,015,27424,173,169,0,169,2
2020-10-21,El Dorado,017,186661,1384,1305,5,1310,4
2020-10-21,Fresno,019,978130,33317,30328,465,30793,433
2020-10-21,Glenn,021,27897,667,640,1,641,3
2020-10-21,Humboldt,023,135768,561,548,1,549,7
2020-10-21,Imperial,025,180216,12806,12210,15,12225,331
2020-10-21,Inyo,027,18085,237,220,5,225,14
2020-10-21,Kern,029,883053,33778,32956,413,33369,430
2020-10-21,Kings,031,150075,8430,8186,55,8241,80
2020-10-21,Lake,033,64148,710,676,0,676,15
2020-10-21,Lassen,035,31185,770,764,2,766,0
2020-10-21,Los Angeles,037,10098052,298277,288096,2750,290846,6923
2020-10-21,Madera,039,155013,5006,4831,38,4869,52
2020-10-21,Marin,041,260295,7117,7002,19,7021,102
2020-10-21,Mariposa,043,17540,80,77,0,77,2
2020-10-21,Mendocino,045,87422,1066,1011,4,1015,21
2020-10-21,Merced,047,269075,9481,9319,34,9353,149
2020-10-21,Modoc,049,8938,33,26,0,26,0
2020-10-21,Mono,051,14174,187,156,5,161,1
2020-10-21,Monterey,053,433212,11278,11005,52,11057,83
2020-10-21,Napa,055,140530,2006,1918,8,1926,13
2020-10-21,Nevada,057,99092,630,597,18,615,8
2020-10-21,Orange,059,3164182,60207,57189,1738,58927,1409
2020-10-21,Placer,061,380077,4266,4007,15,4022,56
2020-10-21,Plumas,063,18699,69,58,0,58,0
2020-10-21,Riverside,065,2383286,66769,64778,314,65092,1278
2020-10-21,Sacramento,067,1510023,25362,24908,28,24936,490
2020-10-21,San Benito,069,59416,1426,1401,1,1402,14
2020-10-21,San Bernardino,071,2135413,62924,59948,410,60358,1141
2020-10-21,San Diego,073,3302833,55549,53279,1468,54747,863
2020-10-21,San Francisco,075,870044,12171,11976,47,12023,137
2020-10-21,San Joaquin,077,732212,21758,21201,182,21383,495
2020-10-21,San Luis Obispo,079,281455,4323,4055,27,4082,31
2020-10-21,San Mateo,081,765935,11259,10730,11,10741,155
2020-10-21,Santa Barbara,083,443738,9882,9681,91,9772,121
2020-10-21,Santa Clara,085,1922200,25099,23537,51,23588,361
2020-10-21,Santa Cruz,087,273765,2832,2729,33,2762,24
2020-10-21,Shasta,089,179085,2075,1777,19,1796,27
2020-10-21,Sierra,091,2930,6,6,0,6,0
2020-10-21,Siskiyou,093,43540,197,169,10,179,0
2020-10-21,Solano,095,438530,7301,7088,42,7130,59
2020-10-21,Sonoma,097,501317,9424,8987,26,9013,138
2020-10-21,Stanislaus,099,539301,17631,17419,718,18137,392
2020-10-21,Sutter,101,95872,1828,1786,1,1787,12
2020-10-21,Tehama,103,63373,889,824,2,826,5
2020-10-21,Trinity,105,12862,78,25,10,35,0
2020-10-21,Tulare,107,460477,17850,17204,323,17527,292
2020-10-21,Tuolumne,109,53932,276,251,4,255,4
2020-10-21,Ventura,111,848112,14832,14050,319,14369,153
2020-10-21,Yolo,113,214977,3231,3095,9,3104,58
2020-10-21,Yuba,115,75493,1238,1194,5,1199,10
2020-10-20,Alameda,001,1643700,23402,22750,217,22967,391
2020-10-20,Alpine,003,1148,3,3,0,3,0
2020-10-20,Amador,005,37829,333,313,0,313,16
2020-10-20,Butte,007,227075,3165,3027,32,3059,56
2020-10-20,Calaveras,009,45235,331,273,0,273,13
2020-10-20,Colusa,011,21464,547,546,1,547,6
2020-10-20,Contra Costa,013,1133247,18807,18246,93,18339,241
2020-10-20,Del Norte,015,27424,172,169,0,169,2
2020-10-20,El Dorado,017,186661,1378,1295,5,1300,4
2020-10-20,Fresno,019,978130,33214,30220,459,30679,431
2020-10-20,Glenn,021,27897,662,638,1,639,3
2020-10-20,Humboldt,023,135768,557,545,1,546,7
2020-10-20,Imperial,025,180216,12738,12114,15,12129,330
2020-10-20,Inyo,027,18085,237,218,5,223,14
2020-10-20,Kern,029,883053,33703,32889,400,33289,429
2020-10-20,Kings,031,150075,8412,8178,54,8232,80
2020-10-20,Lake,033,64148,708,675,0,675,15
2020-10-20,Lassen,035,31185,769,757,2,759,0
2020-10-20,Los Angeles,037,10098052,296785,287727,2699,290426,6891
2020-10-20,Madera,039,155013,4989,4823,38,4861,52
2020-10-20,Marin,041,260295,7102,6994,19,7013,101
2020-10-20,Mariposa,043,17540,79,77,0,77,2
2020-10-20,Mendocino,045,87422,1064,1004,4,1008,21
2020-10-20,Merced,047,269075,9459,9323,34,9357,149
2020-10-20,Modoc,049,8938,32,26,0,26,0
2020-10-20,Mono,051,14174,187,156,5,161,1
2020-10-20,Monterey,053,433212,11235,10942,49,10991,81
2020-10-20,Napa,055,140530,1987,1912,8,1920,13
2020-10-20,Nevada,057,99092,620,596,18,614,8
2020-10-20,Orange,059,3164182,59943,56914,1728,58642,1397
2020-10-20,Placer,061,380077,4228,3997,15,4012,56
2020-10-20,Plumas,063,18699,66,53,0,53,0
2020-10-20,Riverside,065,2383286,66390,64452,302,64754,1275
2020-10-20,Sacramento,067,1510023,25234,24767,27,24794,485
2020-10-20,San Benito,069,59416,1423,1398,1,1399,14
2020-10-20,San Bernardino,071,2135413,62540,59571,408,59979,1109
2020-10-20,San Diego,073,3302833,55213,53004,1448,54452,857
2020-10-20,San Francisco,075,870044,12124,12013,46,12059,126
2020-10-20,San Joaquin,077,732212,21679,21173,172,21345,490
2020-10-20,San Luis Obispo,079,281455,4305,4043,26,4069,31
2020-10-20,San Mateo,081,765935,11212,10659,11,10670,155
2020-10-20,Santa Barbara,083,443738,9853,9664,89,9753,121
2020-10-20,Santa Clara,085,1922200,24962,23406,51,23457,358
2020-10-20,Santa Cruz,087,273765,2809,2710,33,2743,23
2020-10-20,Shasta,089,179085,2052,1747,19,1766,20
2020-10-20,Sierra,091,2930,6,6,0,6,0
2020-10-20,Siskiyou,093,43540,189,168,10,178,0
2020-10-20,Solano,095,438530,7252,7044,42,7086,57
2020-10-20,Sonoma,097,501317,9361,8904,24,8928,135
2020-10-20,Stanislaus,099,539301,17577,17367,714,18081,393
2020-10-20,Sutter,101,95872,1819,1783,1,1784,12
2020-10-20,Tehama,103,63373,874,813,2,815,5
2020-10-20,Trinity,105,12862,77,25,10,35,0
2020-10-20,Tulare,107,460477,17783,17156,318,17474,289
2020-10-20,Tuolumne,109,53932,274,250,4,254,4
2020-10-20,Ventura,111,848112,14768,13980,317,14297,152
2020-10-20,Yolo,113,214977,3208,3083,9,3092,56
2020-10-20,Yuba,115,75493,1228,1191,5,1196,10
2020-10-19,Alameda,001,1643700,23292,22647,216,22863,392
2020-10-19,Alpine,003,1148,3,3,0,3,0
2020-10-19,Amador,005,37829,327,313,0,313,16
2020-10-19,Butte,007,227075,3154,3026,32,3058,55
2020-10-19,Calaveras,009,45235,330,268,0,268,13
2020-10-19,Colusa,011,21464,547,544,1,545,6
2020-10-19,Contra Costa,013,1133247,18709,18173,93,18266,239
2020-10-19,Del Norte,015,27424,169,167,0,167,2
2020-10-19,El Dorado,017,186661,1357,1287,5,1292,4
2020-10-19,Fresno,019,978130,33105,30152,453,30605,431
2020-10-19,Glenn,021,27897,657,635,0,635,3
2020-10-19,Humboldt,023,135768,557,543,1,544,7
2020-10-19,Imperial,025,180216,12684,12036,14,12050,330
2020-10-19,Inyo,027,18085,236,218,5,223,14
2020-10-19,Kern,029,883053,33627,32840,397,33237,428
2020-10-19,Kings,031,150075,8394,8173,54,8227,80
2020-10-19,Lake,033,64148,705,673,0,673,15
2020-10-19,Lassen,035,31185,768,757,2,759,0
2020-10-19,Los Angeles,037,10098052,295298,287119,2661,289780,6858
2020-10-19,Madera,039,155013,4974,4787,38,4825,52
2020-10-19,Marin,041,260295,7084,6981,19,7000,100
2020-10-19,Mariposa,043,17540,79,77,0,77,2
2020-10-19,Mendocino,045,87422,1059,1001,4,1005,21
2020-10-19,Merced,047,269075,9434,9305,30,9335,148
2020-10-19,Modoc,049,8938,31,26,0,26,0
2020-10-19,Mono,051,14174,182,156,5,161,1
2020-10-19,Monterey,053,433212,11174,10907,49,10956,80
2020-10-19,Napa,055,140530,1975,1892,8,1900,12
2020-10-19,Nevada,057,99092,617,590,18,608,8
2020-10-19,Orange,059,3164182,59660,56652,1713,58365,1396
2020-10-19,Placer,061,380077,4179,3962,15,3977,49
2020-10-19,Plumas,063,18699,64,52,0,52,0
2020-10-19,Riverside,065,2383286,65959,64016,286,64302,1272
2020-10-19,Sacramento,067,1510023,25095,24542,27,24569,483
2020-10-19,San Benito,069,59416,1416,1395,1,1396,14
2020-10-19,San Bernardino,071,2135413,62089,59265,396,59661,1100
2020-10-19,San Diego,073,3302833,54827,52739,1423,54162,853
2020-10-19,San Francisco,075,870044,12080,11879,46,11925,126
2020-10-19,San Joaquin,077,732212,21604,20930,164,21094,489
2020-10-19,San Luis Obispo,079,281455,4289,4016,26,4042,31
2020-10-19,San Mateo,081,765935,11166,10568,11,10579,154
2020-10-19,Santa Barbara,083,443738,9818,9632,89,9721,121
2020-10-19,Santa Clara,085,1922200,24812,23301,51,23352,352
2020-10-19,Santa Cruz,087,273765,2792,2705,33,2738,19
2020-10-19,Shasta,089,179085,2008,1709,18,1727,20
2020-10-19,Sierra,091,2930,6,6,0,6,0
2020-10-19,Siskiyou,093,43540,182,167,10,177,0
2020-10-19,Solano,095,438530,7211,7003,42,7045,57
2020-10-19,Sonoma,097,501317,9274,8830,24,8854,135
2020-10-19,Stanislaus,099,539301,17526,17342,704,18046,390
2020-10-19,Sutter,101,95872,1814,1773,1,1774,12
2020-10-19,Tehama,103,63373,871,793,2,795,5
2020-10-19,Trinity,105,12862,75,23,10,33,0
2020-10-19,Tulare,107,460477,17733,17047,311,17358,291
2020-10-19,Tuolumne,109,53932,272,247,4,251,4
2020-10-19,Ventura,111,848112,14702,13930,314,14244,152
2020-10-19,Yolo,113,214977,3195,3069,9,3078,56
2020-10-19,Yuba,115,75493,1221,1183,5,1188,10
2020-10-18,Alameda,001,1643700,23188,22546,215,22761,392
2020-10-18,Alpine,003,1148,3,3,0,3,0
2020-10-18,Amador,005,37829,316,313,0,313,16
2020-10-18,Butte,007,227075,3141,3019,32,3051,55
2020-10-18,Calaveras,009,45235,329,267,0,267,13
2020-10-18,Colusa,011,21464,545,544,1,545,6
2020-10-18,Contra Costa,013,1133247,18610,18120,93,18213,237
2020-10-18,Del Norte,015,27424,169,167,0,167,2
2020-10-18,El Dorado,017,186661,1348,1283,5,1288,4
2020-10-18,Fresno,019,978130,32976,30051,445,30496,430
2020-10-18,Glenn,021,27897,655,634,0,634,3
2020-10-18,Humboldt,023,135768,554,540,1,541,7
2020-10-18,Imperial,025,180216,12621,11987,13,12000,330
2020-10-18,Inyo,027,18085,233,215,5,220,14
2020-10-18,Kern,029,883053,33554,32799,390,33189,428
2020-10-18,Kings,031,150075,8379,8159,54,8213,80
2020-10-18,Lake,033,64148,698,670,0,670,15
2020-10-18,Lassen,035,31185,768,757,2,759,0
2020-10-18,Los Angeles,037,10098052,293590,286187,2618,288805,6857
2020-10-18,Madera,039,155013,4949,4770,37,4807,52
2020-10-18,Marin,041,260295,7063,6969,19,6988,99
2020-10-18,Mariposa,043,17540,79,77,0,77,2
2020-10-18,Mendocino,045,87422,1057,988,4,992,21
2020-10-18,Merced,047,269075,9399,9292,30,9322,148
2020-10-18,Modoc,049,8938,30,26,0,26,0
2020-10-18,Mono,051,14174,177,155,5,160,1
2020-10-18,Monterey,053,433212,11121,10872,49,10921,80
2020-10-18,Napa,055,140530,1962,1882,8,1890,12
2020-10-18,Nevada,057,99092,611,582,18,600,8
2020-10-18,Orange,059,3164182,59363,56394,1696,58090,1396
2020-10-18,Placer,061,380077,4131,3938,15,3953,49
2020-10-18,Plumas,063,18699,62,52,0,52,0
2020-10-18,Riverside,065,2383286,65646,63765,265,64030,1270
2020-10-18,Sacramento,067,1510023,24939,24425,27,24452,482
2020-10-18,San Benito,069,59416,1409,1395,1,1396,14
2020-10-18,San Bernardino,071,2135413,61589,58893,388,59281,1098
2020-10-18,San Diego,073,3302833,54438,52359,1402,53761,853
2020-10-18,San Francisco,075,870044,12041,11878,46,11924,126
2020-10-18,San Joaquin,077,732212,21521,20931,151,21082,489
2020-10-18,San Luis Obispo,079,281455,4258,4009,24,4033,31
2020-10-18,San Mateo,081,765935,11107,10503,11,10514,154
2020-10-18,Santa Barbara,083,443738,9779,9608,88,9696,121
2020-10-18,Santa Clara,085,1922200,24639,23169,51,23220,352
2020-10-18,Santa Cruz,087,273765,2778,2692,33,2725,19
2020-10-18,Shasta,089,179085,1983,1708,18,1726,20
2020-10-18,Sierra,091,2930,6,6,0,6,0
2020-10-18,Siskiyou,093,43540,182,167,10,177,0
2020-10-18,Solano,095,438530,7164,6962,42,7004,57
2020-10-18,Sonoma,097,501317,9197,8781,23,8804,134
2020-10-18,Stanislaus,099,539301,17470,17290,695,17985,390
2020-10-18,Sutter,101,95872,1805,1764,1,1765,12
2020-10-18,Tehama,103,63373,839,774,2,776,5
2020-10-18,Trinity,105,12862,75,20,10,30,0
2020-10-18,Tulare,107,460477,17639,17048,302,17350,290
2020-10-18,Tuolumne,109,53932,266,245,4,249,4
2020-10-18,Ventura,111,848112,14622,13901,313,14214,151
2020-10-18,Yolo,113,214977,3156,3059,9,3068,55
2020-10-18,Yuba,115,75493,1210,1176,5,1181,10
2020-10-17,Alameda,001,1643700,23142,22394,213,22607,398
2020-10-17,Alpine,003,1148,3,3,0,3,0
2020-10-17,Amador,005,37829,314,309,0,309,16
2020-10-17,Butte,007,227075,3133,3012,30,3042,55
2020-10-17,Calaveras,009,45235,329,267,0,267,13
2020-10-17,Colusa,011,21464,544,544,1,545,6
2020-10-17,Contra Costa,013,1133247,18557,18005,93,18098,237
2020-10-17,Del Norte,015,27424,169,167,0,167,2
2020-10-17,El Dorado,017,186661,1344,1277,5,1282,4
2020-10-17,Fresno,019,978130,32922,29911,443,30354,430
2020-10-17,Glenn,021,27897,652,633,0,633,3
2020-10-17,Humboldt,023,135768,551,535,1,536,7
2020-10-17,Imperial,025,180216,12593,11962,13,11975,330
2020-10-17,Inyo,027,18085,228,212,5,217,14
2020-10-17,Kern,029,883053,33503,32710,387,33097,428
2020-10-17,Kings,031,150075,8373,8151,53,8204,80
2020-10-17,Lake,033,64148,695,663,0,663,15
2020-10-17,Lassen,035,31185,768,757,2,759,0
2020-10-17,Los Angeles,037,10098052,292837,285858,2591,288449,6844
2020-10-17,Madera,039,155013,4943,4759,37,4796,53
2020-10-17,Marin,041,260295,7060,6958,19,6977,99
2020-10-17,Mariposa,043,17540,78,77,0,77,2
2020-10-17,Mendocino,045,87422,1050,977,4,981,21
2020-10-17,Merced,047,269075,9385,9275,30,9305,148
2020-10-17,Modoc,049,8938,30,26,0,26,0
2020-10-17,Mono,051,14174,176,155,5,160,1
2020-10-17,Monterey,053,433212,11081,10807,48,10855,80
2020-10-17,Napa,055,140530,1953,1866,8,1874,12
2020-10-17,Nevada,057,99092,610,580,18,598,8
2020-10-17,Orange,059,3164182,59221,56197,1689,57886,1396
2020-10-17,Placer,061,380077,4104,3898,15,3913,49
2020-10-17,Plumas,063,18699,62,52,0,52,0
2020-10-17,Riverside,065,2383286,65448,63171,255,63426,1270
2020-10-17,Sacramento,067,1510023,24855,24304,27,24331,482
2020-10-17,San Benito,069,59416,1405,1389,1,1390,14
2020-10-17,San Bernardino,071,2135413,61318,58415,381,58796,1097
2020-10-17,San Diego,073,3302833,54213,51986,1391,53377,853
2020-10-17,San Francisco,075,870044,12013,11877,45,11922,126
2020-10-17,San Joaquin,077,732212,21467,20932,145,21077,489
2020-10-17,San Luis Obispo,079,281455,4243,3979,24,4003,31
2020-10-17,San Mateo,081,765935,11079,10423,11,10434,153
2020-10-17,Santa Barbara,083,443738,9760,9588,86,9674,121
2020-10-17,Santa Clara,085,1922200,24550,22997,51,23048,349
2020-10-17,Santa Cruz,087,273765,2764,2680,33,2713,19
2020-10-17,Shasta,089,179085,1957,1679,18,1697,20
2020-10-17,Sierra,091,2930,6,6,0,6,0
2020-10-17,Siskiyou,093,43540,181,167,10,177,0
2020-10-17,Solano,095,438530,7138,6929,42,6971,57
2020-10-17,Sonoma,097,501317,9154,8725,23,8748,134
2020-10-17,Stanislaus,099,539301,17430,17232,686,17918,390
2020-10-17,Sutter,101,95872,1803,1762,1,1763,12
2020-10-17,Tehama,103,63373,823,764,2,766,5
2020-10-17,Trinity,105,12862,75,20,10,30,0
2020-10-17,Tulare,107,460477,17609,16995,293,17288,290
2020-10-17,Tuolumne,109,53932,266,241,4,245,4
2020-10-17,Ventura,111,848112,14577,13845,310,14155,151
2020-10-17,Yolo,113,214977,3141,3045,8,3053,55
2020-10-17,Yuba,115,75493,1205,1164,5,1169,10
2020-10-16,Alameda,001,1643700,23088,22315,213,22528,397
2020-10-16,Alpine,003,1148,3,3,0,3,0
2020-10-16,Amador,005,37829,314,309,0,309,16
2020-10-16,Butte,007,227075,3122,3004,30,3034,54
2020-10-16,Calaveras,009,45235,329,267,0,267,13
2020-10-16,Colusa,011,21464,543,544,1,545,6
2020-10-16,Contra Costa,013,1133247,18504,17956,93,18049,237
2020-10-16,Del Norte,015,27424,169,166,0,166,2
2020-10-16,El Dorado,017,186661,1338,1273,5,1278,4
2020-10-16,Fresno,019,978130,32846,29796,442,30238,427
2020-10-16,Glenn,021,27897,647,632,0,632,3
2020-10-16,Humboldt,023,135768,551,533,1,534,7
2020-10-16,Imperial,025,180216,12553,11885,13,11898,330
2020-10-16,Inyo,027,18085,224,212,5,217,14
2020-10-16,Kern,029,883053,33460,32660,385,33045,428
2020-10-16,Kings,031,150075,8364,8146,52,8198,80
2020-10-16,Lake,033,64148,693,644,0,644,14
2020-10-16,Lassen,035,31185,768,757,2,759,0
2020-10-16,Los Angeles,037,10098052,291775,284988,2570,287558,6835
2020-10-16,Madera,039,155013,4931,4736,36,4772,53
2020-10-16,Marin,041,260295,7050,6933,19,6952,99
2020-10-16,Mariposa,043,17540,78,76,0,76,2
2020-10-16,Mendocino,045,87422,1043,974,4,978,21
2020-10-16,Merced,047,269075,9368,9246,30,9276,148
2020-10-16,Modoc,049,8938,30,26,0,26,0
2020-10-16,Mono,051,14174,174,155,5,160,1
2020-10-16,Monterey,053,433212,11046,10727,48,10775,79
2020-10-16,Napa,055,140530,1944,1855,8,1863,12
2020-10-16,Nevada,057,99092,608,579,18,597,8
2020-10-16,Orange,059,3164182,59043,56091,1682,57773,1388
2020-10-16,Placer,061,380077,4084,3864,15,3879,49
2020-10-16,Plumas,063,18699,61,52,0,52,0
2020-10-16,Riverside,065,2383286,65222,62986,254,63240,1267
2020-10-16,Sacramento,067,1510023,24761,24144,27,24171,479
2020-10-16,San Benito,069,59416,1402,1388,1,1389,14
2020-10-16,San Bernardino,071,2135413,61049,58233,381,58614,1069
2020-10-16,San Diego,073,3302833,53971,51785,1377,53162,850
2020-10-16,San Francisco,075,870044,11991,11840,44,11884,126
2020-10-16,San Joaquin,077,732212,21422,20910,144,21054,489
2020-10-16,San Luis Obispo,079,281455,4227,3952,24,3976,32
2020-10-16,San Mateo,081,765935,11053,10405,11,10416,153
2020-10-16,Santa Barbara,083,443738,9741,9549,86,9635,119
2020-10-16,Santa Clara,085,1922200,24463,22920,51,22971,345
2020-10-16,Santa Cruz,087,273765,2751,2666,33,2699,20
2020-10-16,Shasta,089,179085,1935,1660,18,1678,20
2020-10-16,Sierra,091,2930,6,6,0,6,0
2020-10-16,Siskiyou,093,43540,179,167,10,177,0
2020-10-16,Solano,095,438530,7115,6879,42,6921,55
2020-10-16,Sonoma,097,501317,9098,8652,23,8675,133
2020-10-16,Stanislaus,099,539301,17396,17201,678,17879,366
2020-10-16,Sutter,101,95872,1795,1756,1,1757,12
2020-10-16,Tehama,103,63373,822,737,2,739,3
2020-10-16,Trinity,105,12862,75,20,10,30,0
2020-10-16,Tulare,107,460477,17577,16965,285,17250,290
2020-10-16,Tuolumne,109,53932,264,237,4,241,4
2020-10-16,Ventura,111,848112,14534,13805,305,14110,152
2020-10-16,Yolo,113,214977,3132,3030,8,3038,55
2020-10-16,Yuba,115,75493,1205,1155,5,1160,10
2020-10-15,Alameda,001,1643700,23020,22267,212,22479,390
2020-10-15,Alpine,003,1148,3,3,0,3,0
2020-10-15,Amador,005,37829,314,309,0,309,16
2020-10-15,Butte,007,227075,3110,3000,29,3029,54
2020-10-15,Calaveras,009,45235,328,267,0,267,13
2020-10-15,Colusa,011,21464,542,543,1,544,6
2020-10-15,Contra Costa,013,1133247,18437,17893,92,17985,237
2020-10-15,Del Norte,015,27424,169,164,0,164,2
2020-10-15,El Dorado,017,186661,1333,1265,5,1270,4
2020-10-15,Fresno,019,978130,32749,29727,439,30166,425
2020-10-15,Glenn,021,27897,642,632,0,632,3
2020-10-15,Humboldt,023,135768,547,531,1,532,7
2020-10-15,Imperial,025,180216,12512,11820,12,11832,330
2020-10-15,Inyo,027,18085,224,210,5,215,14
2020-10-15,Kern,029,883053,33379,32593,382,32975,427
2020-10-15,Kings,031,150075,8349,8134,52,8186,80
2020-10-15,Lake,033,64148,691,642,0,642,14
2020-10-15,Lassen,035,31185,767,752,2,754,0
2020-10-15,Los Angeles,037,10098052,290490,284019,2536,286555,6807
2020-10-15,Madera,039,155013,4919,4723,35,4758,50
2020-10-15,Marin,041,260295,7042,6912,19,6931,99
2020-10-15,Mariposa,043,17540,78,76,0,76,2
2020-10-15,Mendocino,045,87422,1037,963,4,967,21
2020-10-15,Merced,047,269075,9341,9213,30,9243,147
2020-10-15,Modoc,049,8938,30,26,0,26,0
2020-10-15,Mono,051,14174,174,155,5,160,1
2020-10-15,Monterey,053,433212,10979,10677,47,10724,79
2020-10-15,Napa,055,140530,1931,1842,8,1850,12
2020-10-15,Nevada,057,99092,604,575,18,593,8
2020-10-15,Orange,059,3164182,58827,55952,1670,57622,1379
2020-10-15,Placer,061,380077,4055,3848,15,3863,48
2020-10-15,Plumas,063,18699,58,52,0,52,0
2020-10-15,Riverside,065,2383286,64889,62819,251,63070,1266
2020-10-15,Sacramento,067,1510023,24645,24068,27,24095,474
2020-10-15,San Benito,069,59416,1399,1384,1,1385,14
2020-10-15,San Bernardino,071,2135413,60710,58068,378,58446,1067
2020-10-15,San Diego,073,3302833,53687,51472,1361,52833,847
2020-10-15,San Francisco,075,870044,11963,11808,41,11849,126
2020-10-15,San Joaquin,077,732212,21349,20880,138,21018,487
2020-10-15,San Luis Obispo,079,281455,4210,3934,24,3958,32
2020-10-15,San Mateo,081,765935,11013,10340,11,10351,152
2020-10-15,Santa Barbara,083,443738,9717,9526,85,9611,117
2020-10-15,Santa Clara,085,1922200,24347,22808,51,22859,343
2020-10-15,Santa Cruz,087,273765,2737,2656,33,2689,13
2020-10-15,Shasta,089,179085,1924,1635,18,1653,20
2020-10-15,Sierra,091,2930,6,6,0,6,0
2020-10-15,Siskiyou,093,43540,175,166,10,176,0
2020-10-15,Solano,095,438530,7076,6830,42,6872,55
2020-10-15,Sonoma,097,501317,9006,8571,23,8594,133
2020-10-15,Stanislaus,099,539301,17358,17151,664,17815,366
2020-10-15,Sutter,101,95872,1792,1752,1,1753,12
2020-10-15,Tehama,103,63373,795,726,2,728,3
2020-10-15,Trinity,105,12862,75,20,10,30,0
2020-10-15,Tulare,107,460477,17517,16918,270,17188,289
2020-10-15,Tuolumne,109,53932,262,236,4,240,4
2020-10-15,Ventura,111,848112,14478,13750,300,14050,152
2020-10-15,Yolo,113,214977,3112,3014,8,3022,55
2020-10-15,Yuba,115,75493,1198,1151,5,1156,10
2020-10-14,Alameda,001,1643700,22921,22227,211,22438,398
2020-10-14,Alpine,003,1148,3,3,0,3,0
2020-10-14,Amador,005,37829,312,308,0,308,16
2020-10-14,Butte,007,227075,3102,2995,29,3024,54
2020-10-14,Calaveras,009,45235,328,266,0,266,12
2020-10-14,Colusa,011,21464,542,543,1,544,6
2020-10-14,Contra Costa,013,1133247,18380,17820,90,17910,236
2020-10-14,Del Norte,015,27424,168,163,0,163,2
2020-10-14,El Dorado,017,186661,1327,1264,5,1269,4
2020-10-14,Fresno,019,978130,32634,29650,433,30083,424
2020-10-14,Glenn,021,27897,641,629,0,629,3
2020-10-14,Humboldt,023,135768,544,531,1,532,7
2020-10-14,Imperial,025,180216,12475,11765,10,11775,330
2020-10-14,Inyo,027,18085,223,209,4,213,14
2020-10-14,Kern,029,883053,33304,32528,380,32908,425
2020-10-14,Kings,031,150075,8331,8118,52,8170,80
2020-10-14,Lake,033,64148,690,642,0,642,14
2020-10-14,Lassen,035,31185,765,752,2,754,0
2020-10-14,Los Angeles,037,10098052,289177,282918,2492,285410,6786
2020-10-14,Madera,039,155013,4904,4713,34,4747,50
2020-10-14,Marin,041,260295,7036,6907,19,6926,99
2020-10-14,Mariposa,043,17540,77,76,0,76,2
2020-10-14,Mendocino,045,87422,1031,955,4,959,21
2020-10-14,Merced,047,269075,9316,9201,28,9229,147
2020-10-14,Modoc,049,8938,30,27,0,27,0
2020-10-14,Mono,051,14174,174,155,5,160,1
2020-10-14,Monterey,053,433212,10929,10616,47,10663,78
2020-10-14,Napa,055,140530,1914,1837,8,1845,12
2020-10-14,Nevada,057,99092,602,573,18,591,7
2020-10-14,Orange,059,3164182,58613,55756,1661,57417,1348
2020-10-14,Placer,061,380077,4032,3829,15,3844,48
2020-10-14,Plumas,063,18699,54,52,0,52,0
2020-10-14,Riverside,065,2383286,64606,62607,250,62857,1261
2020-10-14,Sacramento,067,1510023,24501,24013,27,24040,472
2020-10-14,San Benito,069,59416,1397,1381,0,1381,14
2020-10-14,San Bernardino,071,2135413,60383,57774,374,58148,1063
2020-10-14,San Diego,073,3302833,53368,51329,1337,52666,844
2020-10-14,San Francisco,075,870044,11931,11783,40,11823,123
2020-10-14,San Joaquin,077,732212,21270,20845,124,20969,487
2020-10-14,San Luis Obispo,079,281455,4187,3901,23,3924,32
2020-10-14,San Mateo,081,765935,10962,10309,11,10320,132
2020-10-14,Santa Barbara,083,443738,9683,9509,85,9594,117
2020-10-14,Santa Clara,085,1922200,24198,22735,51,22786,343
2020-10-14,Santa Cruz,087,273765,2727,2618,33,2651,13
2020-10-14,Shasta,089,179085,1886,1553,18,1571,20
2020-10-14,Sierra,091,2930,6,6,0,6,0
2020-10-14,Siskiyou,093,43540,175,166,10,176,0
2020-10-14,Solano,095,438530,7020,6786,42,6828,55
2020-10-14,Sonoma,097,501317,8953,8514,23,8537,133
2020-10-14,Stanislaus,099,539301,17313,17105,661,17766,365
2020-10-14,Sutter,101,95872,1783,1747,1,1748,12
2020-10-14,Tehama,103,63373,784,721,2,723,3
2020-10-14,Trinity,105,12862,74,20,10,30,0
2020-10-14,Tulare,107,460477,17455,16863,257,17120,287
2020-10-14,Tuolumne,109,53932,261,236,4,240,4
2020-10-14,Ventura,111,848112,14425,13697,296,13993,152
2020-10-14,Yolo,113,214977,3094,3007,7,3014,55
2020-10-14,Yuba,115,75493,1190,1147,5,1152,10
2020-10-13,Alameda,001,1643700,22816,22185,209,22394,389
2020-10-13,Alpine,003,1148,3,3,0,3,0
2020-10-13,Amador,005,37829,310,306,0,306,16
2020-10-13,Butte,007,227075,3093,2992,29,3021,54
2020-10-13,Calaveras,009,45235,324,262,0,262,12
2020-10-13,Colusa,011,21464,542,541,1,542,6
2020-10-13,Contra Costa,013,1133247,18322,17783,90,17873,234
2020-10-13,Del Norte,015,27424,168,163,0,163,2
2020-10-13,El Dorado,017,186661,1318,1262,5,1267,4
2020-10-13,Fresno,019,978130,32512,29579,429,30008,424
2020-10-13,Glenn,021,27897,640,629,0,629,3
2020-10-13,Humboldt,023,135768,542,523,1,524,7
2020-10-13,Imperial,025,180216,12440,11727,9,11736,327
2020-10-13,Inyo,027,18085,220,207,4,211,14
2020-10-13,Kern,029,883053,33229,32497,378,32875,419
2020-10-13,Kings,031,150075,8322,8111,52,8163,80
2020-10-13,Lake,033,64148,687,639,0,639,12
2020-10-13,Lassen,035,31185,763,752,2,754,0
2020-10-13,Los Angeles,037,10098052,287898,281716,2450,284166,6767
2020-10-13,Madera,039,155013,4886,4700,34,4734,50
2020-10-13,Marin,041,260295,7014,6900,18,6918,97
2020-10-13,Mariposa,043,17540,77,76,0,76,2
2020-10-13,Mendocino,045,87422,1022,950,4,954,21
2020-10-13,Merced,047,269075,9299,9181,28,9209,146
2020-10-13,Modoc,049,8938,29,28,0,28,0
2020-10-13,Mono,051,14174,174,155,4,159,1
2020-10-13,Monterey,053,433212,10868,10574,46,10620,78
2020-10-13,Napa,055,140530,1905,1825,8,1833,12
2020-10-13,Nevada,057,99092,595,572,18,590,7
2020-10-13,Orange,059,3164182,58400,55515,1648,57163,1326
2020-10-13,Placer,061,380077,3994,3825,15,3840,48
2020-10-13,Plumas,063,18699,52,51,0,51,0
2020-10-13,Riverside,065,2383286,64286,62279,248,62527,1254
2020-10-13,Sacramento,067,1510023,24424,23930,27,23957,466
2020-10-13,San Benito,069,59416,1389,1380,0,1380,14
2020-10-13,San Bernardino,071,2135413,60044,57411,372,57783,1061
2020-10-13,San Diego,073,3302833,53075,51026,1320,52346,840
2020-10-13,San Francisco,075,870044,11896,11659,40,11699,122
2020-10-13,San Joaquin,077,732212,21209,20822,120,20942,481
2020-10-13,San Luis Obispo,079,281455,4169,3892,22,3914,32
2020-10-13,San Mateo,081,765935,10919,10286,11,10297,130
2020-10-13,Santa Barbara,083,443738,9652,9489,85,9574,117
2020-10-13,Santa Clara,085,1922200,24071,22678,51,22729,343
2020-10-13,Santa Cruz,087,273765,2709,2603,33,2636,13
2020-10-13,Shasta,089,179085,1862,1606,18,1624,20
2020-10-13,Sierra,091,2930,6,6,0,6,0
2020-10-13,Siskiyou,093,43540,174,163,10,173,0
2020-10-13,Solano,095,438530,6985,6761,42,6803,55
2020-10-13,Sonoma,097,501317,8870,8456,23,8479,133
2020-10-13,Stanislaus,099,539301,17268,17082,656,17738,362
2020-10-13,Sutter,101,95872,1774,1748,1,1749,12
2020-10-13,Tehama,103,63373,776,717,2,719,3
2020-10-13,Trinity,105,12862,70,19,9,28,0
2020-10-13,Tulare,107,460477,17396,16822,249,17071,286
2020-10-13,Tuolumne,109,53932,259,235,4,239,4
2020-10-13,Ventura,111,848112,14370,13645,292,13937,151
2020-10-13,Yolo,113,214977,3086,2983,6,2989,55
2020-10-13,Yuba,115,75493,1185,1143,5,1148,10
2020-10-12,Alameda,001,1643700,22736,22126,208,22334,389
2020-10-12,Alpine,003,1148,3,3,0,3,0
2020-10-12,Amador,005,37829,309,305,0,305,16
2020-10-12,Butte,007,227075,3087,2975,29,3004,54
2020-10-12,Calaveras,009,45235,324,262,0,262,12
2020-10-12,Colusa,011,21464,542,541,1,542,6
2020-10-12,Contra Costa,013,1133247,18247,17728,90,17818,233
2020-10-12,Del Norte,015,27424,168,161,0,161,2
2020-10-12,El Dorado,017,186661,1315,1254,5,1259,4
2020-10-12,Fresno,019,978130,32379,29523,425,29948,421
2020-10-12,Glenn,021,27897,639,626,0,626,3
2020-10-12,Humboldt,023,135768,539,522,1,523,7
2020-10-12,Imperial,025,180216,12401,11689,9,11698,328
2020-10-12,Inyo,027,18085,217,201,4,205,14
2020-10-12,Kern,029,883053,33136,32425,375,32800,419
2020-10-12,Kings,031,150075,8316,8106,51,8157,80
2020-10-12,Lake,033,64148,681,633,0,633,12
2020-10-12,Lassen,035,31185,763,752,2,754,0
2020-10-12,Los Angeles,037,10098052,286680,280961,2423,283384,6747
2020-10-12,Madera,039,155013,4867,4689,34,4723,50
2020-10-12,Marin,041,260295,6997,6886,18,6904,97
2020-10-12,Mariposa,043,17540,77,76,0,76,2
2020-10-12,Mendocino,045,87422,1016,947,4,951,21
2020-10-12,Merced,047,269075,9278,9141,28,9169,146
2020-10-12,Modoc,049,8938,29,27,0,27,0
2020-10-12,Mono,051,14174,174,154,4,158,1
2020-10-12,Monterey,053,433212,10802,10473,46,10519,77
2020-10-12,Napa,055,140530,1897,1819,8,1827,11
2020-10-12,Nevada,057,99092,591,570,18,588,7
2020-10-12,Orange,059,3164182,58171,55373,1638,57011,1326
2020-10-12,Placer,061,380077,3962,3808,14,3822,48
2020-10-12,Plumas,063,18699,52,51,0,51,0
2020-10-12,Riverside,065,2383286,63975,62279,244,62523,1254
2020-10-12,Sacramento,067,1510023,24318,23807,27,23834,466
2020-10-12,San Benito,069,59416,1386,1376,0,1376,13
2020-10-12,San Bernardino,071,2135413,59668,57235,371,57606,1061
2020-10-12,San Diego,073,3302833,52785,50748,1293,52041,826
2020-10-12,San Francisco,075,870044,11864,11659,40,11699,122
2020-10-12,San Joaquin,077,732212,21146,20701,114,20815,480
2020-10-12,San Luis Obispo,079,281455,4141,3874,22,3896,32
2020-10-12,San Mateo,081,765935,10871,10262,11,10273,130
2020-10-12,Santa Barbara,083,443738,9614,9462,85,9547,117
2020-10-12,Santa Clara,085,1922200,23955,22578,51,22629,343
2020-10-12,Santa Cruz,087,273765,2692,2590,33,2623,13
2020-10-12,Shasta,089,179085,1837,1515,18,1533,20
2020-10-12,Sierra,091,2930,6,6,0,6,0
2020-10-12,Siskiyou,093,43540,173,162,10,172,0
2020-10-12,Solano,095,438530,6946,6742,42,6784,55
2020-10-12,Sonoma,097,501317,8799,8377,23,8400,133
2020-10-12,Stanislaus,099,539301,17219,17051,647,17698,361
2020-10-12,Sutter,101,95872,1766,1741,1,1742,12
2020-10-12,Tehama,103,63373,760,708,2,710,3
2020-10-12,Trinity,105,12862,69,19,9,28,0
2020-10-12,Tulare,107,460477,17344,16742,242,16984,286
2020-10-12,Tuolumne,109,53932,254,234,4,238,4
2020-10-12,Ventura,111,848112,14308,13617,288,13905,151
2020-10-12,Yolo,113,214977,3071,2964,6,2970,55
2020-10-12,Yuba,115,75493,1174,1141,5,1146,10
2020-10-11,Alameda,001,1643700,22646,22057,204,22261,392
2020-10-11,Alpine,003,1148,3,3,0,3,0
2020-10-11,Amador,005,37829,307,305,0,305,16
2020-10-11,Butte,007,227075,3079,2967,28,2995,54
2020-10-11,Calaveras,009,45235,322,262,0,262,12
2020-10-11,Colusa,011,21464,540,541,1,542,6
2020-10-11,Contra Costa,013,1133247,18163,17678,90,17768,233
2020-10-11,Del Norte,015,27424,166,161,0,161,2
2020-10-11,El Dorado,017,186661,1306,1242,5,1247,4
2020-10-11,Fresno,019,978130,32241,29419,417,29836,421
2020-10-11,Glenn,021,27897,637,625,0,625,3
2020-10-11,Humboldt,023,135768,538,521,1,522,7
2020-10-11,Imperial,025,180216,12341,11614,9,11623,328
2020-10-11,Inyo,027,18085,213,201,4,205,14
2020-10-11,Kern,029,883053,33049,32399,366,32765,418
2020-10-11,Kings,031,150075,8299,8094,50,8144,80
2020-10-11,Lake,033,64148,668,631,0,631,12
2020-10-11,Lassen,035,31185,762,752,2,754,0
2020-10-11,Los Angeles,037,10098052,285240,280190,2382,282572,6745
2020-10-11,Madera,039,155013,4839,4680,33,4713,50
2020-10-11,Marin,041,260295,6988,6870,18,6888,97
2020-10-11,Mariposa,043,17540,77,76,0,76,2
2020-10-11,Mendocino,045,87422,1009,944,4,948,21
2020-10-11,Merced,047,269075,9260,9124,28,9152,146
2020-10-11,Modoc,049,8938,29,27,0,27,0
2020-10-11,Mono,051,14174,174,154,4,158,1
2020-10-11,Monterey,053,433212,10751,10445,44,10489,77
2020-10-11,Napa,055,140530,1881,1811,8,1819,11
2020-10-11,Nevada,057,99092,589,569,18,587,7
2020-10-11,Orange,059,3164182,57941,55202,1632,56834,1326
2020-10-11,Placer,061,380077,3941,3787,14,3801,48
2020-10-11,Plumas,063,18699,52,51,0,51,0
2020-10-11,Riverside,065,2383286,63686,62112,240,62352,1254
2020-10-11,Sacramento,067,1510023,24176,23778,27,23805,466
2020-10-11,San Benito,069,59416,1385,1374,0,1374,13
2020-10-11,San Bernardino,071,2135413,59215,56997,369,57366,1061
2020-10-11,San Diego,073,3302833,52435,50553,1271,51824,826
2020-10-11,San Francisco,075,870044,11821,11659,40,11699,122
2020-10-11,San Joaquin,077,732212,21071,20700,104,20804,480
2020-10-11,San Luis Obispo,079,281455,4124,3874,21,3895,32
2020-10-11,San Mateo,081,765935,10839,10240,11,10251,130
2020-10-11,Santa Barbara,083,443738,9583,9440,84,9524,117
2020-10-11,Santa Clara,085,1922200,23812,22487,50,22537,336
2020-10-11,Santa Cruz,087,273765,2678,2578,33,2611,13
2020-10-11,Shasta,089,179085,1807,1515,17,1532,20
2020-10-11,Sierra,091,2930,6,6,0,6,0
2020-10-11,Siskiyou,093,43540,172,162,10,172,0
2020-10-11,Solano,095,438530,6892,6685,42,6727,53
2020-10-11,Sonoma,097,501317,8742,8319,23,8342,133
2020-10-11,Stanislaus,099,539301,17155,17007,631,17638,360
2020-10-11,Sutter,101,95872,1763,1742,1,1743,12
2020-10-11,Tehama,103,63373,736,702,2,704,3
2020-10-11,Trinity,105,12862,69,19,9,28,0
2020-10-11,Tulare,107,460477,17280,16741,234,16975,286
2020-10-11,Tuolumne,109,53932,249,234,4,238,4
2020-10-11,Ventura,111,848112,14247,13604,283,13887,151
2020-10-11,Yolo,113,214977,3041,2952,6,2958,55
2020-10-11,Yuba,115,75493,1162,1137,5,1142,10
2020-10-10,Alameda,001,1643700,22596,21979,203,22182,398
2020-10-10,Alpine,003,1148,3,3,0,3,0
2020-10-10,Amador,005,37829,306,304,0,304,16
2020-10-10,Butte,007,227075,3074,2962,27,2989,54
2020-10-10,Calaveras,009,45235,321,262,0,262,12
2020-10-10,Colusa,011,21464,540,541,1,542,6
2020-10-10,Contra Costa,013,1133247,18127,17566,89,17655,233
2020-10-10,Del Norte,015,27424,166,161,0,161,2
2020-10-10,El Dorado,017,186661,1304,1240,5,1245,4
2020-10-10,Fresno,019,978130,32177,29286,415,29701,421
2020-10-10,Glenn,021,27897,637,623,0,623,3
2020-10-10,Humboldt,023,135768,535,518,1,519,7
2020-10-10,Imperial,025,180216,12326,11591,9,11600,327
2020-10-10,Inyo,027,18085,210,201,4,205,14
2020-10-10,Kern,029,883053,33012,32338,366,32704,418
2020-10-10,Kings,031,150075,8295,8078,50,8128,80
2020-10-10,Lake,033,64148,667,630,0,630,11
2020-10-10,Lassen,035,31185,762,752,2,754,0
2020-10-10,Los Angeles,037,10098052,284520,279213,2348,281561,6743
2020-10-10,Madera,039,155013,4826,4662,33,4695,50
2020-10-10,Marin,041,260295,6979,6852,18,6870,97
2020-10-10,Mariposa,043,17540,77,76,0,76,2
2020-10-10,Mendocino,045,87422,1002,935,4,939,21
2020-10-10,Merced,047,269075,9254,9105,27,9132,146
2020-10-10,Modoc,049,8938,29,27,0,27,0
2020-10-10,Mono,051,14174,174,154,4,158,1
2020-10-10,Monterey,053,433212,10718,10410,44,10454,75
2020-10-10,Napa,055,140530,1874,1804,8,1812,11
2020-10-10,Nevada,057,99092,586,564,18,582,6
2020-10-10,Orange,059,3164182,57820,54965,1627,56592,1324
2020-10-10,Placer,061,380077,3924,3757,14,3771,48
2020-10-10,Plumas,063,18699,52,51,0,51,0
2020-10-10,Riverside,065,2383286,63483,61845,238,62083,1254
2020-10-10,Sacramento,067,1510023,24109,23689,27,23716,466
2020-10-10,San Benito,069,59416,1383,1370,0,1370,13
2020-10-10,San Bernardino,071,2135413,59052,56683,367,57050,1061
2020-10-10,San Diego,073,3302833,52205,50145,1253,51398,825
2020-10-10,San Francisco,075,870044,11800,11663,40,11703,122
2020-10-10,San Joaquin,077,732212,21043,20700,100,20800,481
2020-10-10,San Luis Obispo,079,281455,4104,3832,21,3853,32
2020-10-10,San Mateo,081,765935,10802,10218,11,10229,130
2020-10-10,Santa Barbara,083,443738,9572,9417,84,9501,116
2020-10-10,Santa Clara,085,1922200,23721,22354,50,22404,330
2020-10-10,Santa Cruz,087,273765,2664,2572,33,2605,13
2020-10-10,Shasta,089,179085,1790,1473,17,1490,20
2020-10-10,Sierra,091,2930,6,6,0,6,0
2020-10-10,Siskiyou,093,43540,172,161,10,171,0
2020-10-10,Solano,095,438530,6866,6655,42,6697,53
2020-10-10,Sonoma,097,501317,8722,8235,23,8258,133
2020-10-10,Stanislaus,099,539301,17120,16960,623,17583,360
2020-10-10,Sutter,101,95872,1760,1735,1,1736,12
2020-10-10,Tehama,103,63373,729,693,2,695,3
2020-10-10,Trinity,105,12862,69,19,9,28,0
2020-10-10,Tulare,107,460477,17245,16709,229,16938,286
2020-10-10,Tuolumne,109,53932,249,233,4,237,4
2020-10-10,Ventura,111,848112,14222,13520,283,13803,151
2020-10-10,Yolo,113,214977,3032,2939,6,2945,55
2020-10-10,Yuba,115,75493,1160,1134,5,1139,10
2020-10-09,Alameda,001,1643700,22548,21924,203,22127,399
2020-10-09,Alpine,003,1148,3,3,0,3,0
2020-10-09,Amador,005,37829,306,303,0,303,16
2020-10-09,Butte,007,227075,3071,2956,27,2983,51
2020-10-09,Calaveras,009,45235,319,262,0,262,11
2020-10-09,Colusa,011,21464,540,541,1,542,6
2020-10-09,Contra Costa,013,1133247,18077,17487,89,17576,229
2020-10-09,Del Norte,015,27424,165,161,0,161,2
2020-10-09,El Dorado,017,186661,1300,1234,5,1239,4
2020-10-09,Fresno,019,978130,32104,29208,413,29621,417
2020-10-09,Glenn,021,27897,632,617,0,617,3
2020-10-09,Humboldt,023,135768,533,516,1,517,7
2020-10-09,Imperial,025,180216,12299,11516,9,11525,330
2020-10-09,Inyo,027,18085,207,200,4,204,14
2020-10-09,Kern,029,883053,32969,32237,364,32601,417
2020-10-09,Kings,031,150075,8288,7993,48,8041,80
2020-10-09,Lake,033,64148,657,610,0,610,11
2020-10-09,Lassen,035,31185,762,751,2,753,0
2020-10-09,Los Angeles,037,10098052,283386,278039,2323,280362,6715
2020-10-09,Madera,039,155013,4816,4646,33,4679,50
2020-10-09,Marin,041,260295,6965,6838,18,6856,96
2020-10-09,Mariposa,043,17540,77,76,0,76,2
2020-10-09,Mendocino,045,87422,992,933,4,937,20
2020-10-09,Merced,047,269075,9240,9095,27,9122,145
2020-10-09,Modoc,049,8938,29,27,0,27,0
2020-10-09,Mono,051,14174,174,154,4,158,1
2020-10-09,Monterey,053,433212,10684,10369,44,10413,75
2020-10-09,Napa,055,140530,1864,1795,8,1803,11
2020-10-09,Nevada,057,99092,581,561,18,579,6
2020-10-09,Orange,059,3164182,57648,54746,1622,56368,1305
2020-10-09,Placer,061,380077,3910,3737,14,3751,48
2020-10-09,Plumas,063,18699,52,50,0,50,0
2020-10-09,Riverside,065,2383286,63247,61529,237,61766,1252
2020-10-09,Sacramento,067,1510023,24039,23606,27,23633,457
2020-10-09,San Benito,069,59416,1378,1367,0,1367,13
2020-10-09,San Bernardino,071,2135413,58812,56434,365,56799,1057
2020-10-09,San Diego,073,3302833,51929,49825,1242,51067,821
2020-10-09,San Francisco,075,870044,11770,11620,40,11660,120
2020-10-09,San Joaquin,077,732212,21013,20648,92,20740,481
2020-10-09,San Luis Obispo,079,281455,4085,3810,21,3831,32
2020-10-09,San Mateo,081,765935,10774,10140,11,10151,130
2020-10-09,Santa Barbara,083,443738,9544,9396,84,9480,116
2020-10-09,Santa Clara,085,1922200,23619,22251,49,22300,328
2020-10-09,Santa Cruz,087,273765,2655,2555,33,2588,13
2020-10-09,Shasta,089,179085,1764,1353,16,1369,20
2020-10-09,Sierra,091,2930,6,6,0,6,0
2020-10-09,Siskiyou,093,43540,170,156,10,166,0
2020-10-09,Solano,095,438530,6827,6614,42,6656,53
2020-10-09,Sonoma,097,501317,8668,8133,23,8156,133
2020-10-09,Stanislaus,099,539301,17096,16904,614,17518,362
2020-10-09,Sutter,101,95872,1756,1732,1,1733,12
2020-10-09,Tehama,103,63373,723,682,2,684,3
2020-10-09,Trinity,105,12862,69,25,9,34,0
2020-10-09,Tulare,107,460477,17205,16644,220,16864,286
2020-10-09,Tuolumne,109,53932,246,230,4,234,4
2020-10-09,Ventura,111,848112,14186,13469,280,13749,151
2020-10-09,Yolo,113,214977,3025,2928,6,2934,55
2020-10-09,Yuba,115,75493,1159,1129,5,1134,10
2020-10-08,Alameda,001,1643700,22467,21826,202,22028,395
2020-10-08,Alpine,003,1148,3,3,0,3,0
2020-10-08,Amador,005,37829,305,302,0,302,16
2020-10-08,Butte,007,227075,3061,2935,27,2962,51
2020-10-08,Calaveras,009,45235,318,262,0,262,11
2020-10-08,Colusa,011,21464,540,539,1,540,6
2020-10-08,Contra Costa,013,1133247,18017,17418,88,17506,228
2020-10-08,Del Norte,015,27424,165,151,0,151,2
2020-10-08,El Dorado,017,186661,1299,1230,5,1235,4
2020-10-08,Fresno,019,978130,31999,29111,413,29524,416
2020-10-08,Glenn,021,27897,629,616,0,616,3
2020-10-08,Humboldt,023,135768,529,515,1,516,7
2020-10-08,Imperial,025,180216,12260,11405,9,11414,330
2020-10-08,Inyo,027,18085,204,199,4,203,14
2020-10-08,Kern,029,883053,32911,32169,359,32528,411
2020-10-08,Kings,031,150075,8282,7968,48,8016,80
2020-10-08,Lake,033,64148,652,604,0,604,11
2020-10-08,Lassen,035,31185,757,751,2,753,0
2020-10-08,Los Angeles,037,10098052,282186,276763,2283,279046,6699
2020-10-08,Madera,039,155013,4797,4637,33,4670,50
2020-10-08,Marin,041,260295,6951,6810,18,6828,96
2020-10-08,Mariposa,043,17540,77,76,0,76,2
2020-10-08,Mendocino,045,87422,987,930,4,934,20
2020-10-08,Merced,047,269075,9220,9069,27,9096,144
2020-10-08,Modoc,049,8938,29,27,0,27,0
2020-10-08,Mono,051,14174,174,153,4,157,1
2020-10-08,Monterey,053,433212,10617,10343,44,10387,75
2020-10-08,Napa,055,140530,1849,1779,8,1787,11
2020-10-08,Nevada,057,99092,578,556,18,574,6
2020-10-08,Orange,059,3164182,57455,54523,1611,56134,1293
2020-10-08,Placer,061,380077,3892,3715,14,3729,48
2020-10-08,Plumas,063,18699,52,50,0,50,0
2020-10-08,Riverside,065,2383286,62978,61105,235,61340,1244
2020-10-08,Sacramento,067,1510023,23931,23482,27,23509,454
2020-10-08,San Benito,069,59416,1373,1367,0,1367,13
2020-10-08,San Bernardino,071,2135413,58446,56152,364,56516,1048
2020-10-08,San Diego,073,3302833,51649,49468,1210,50678,819
2020-10-08,San Francisco,075,870044,11732,11608,40,11648,115
2020-10-08,San Joaquin,077,732212,20961,20576,87,20663,478
2020-10-08,San Luis Obispo,079,281455,4069,3785,21,3806,32
2020-10-08,San Mateo,081,765935,10742,10044,11,10055,130
2020-10-08,Santa Barbara,083,443738,9516,9374,84,9458,116
2020-10-08,Santa Clara,085,1922200,23517,22095,49,22144,323
2020-10-08,Santa Cruz,087,273765,2643,2535,33,2568,13
2020-10-08,Shasta,089,179085,1730,1305,16,1321,20
2020-10-08,Sierra,091,2930,6,6,0,6,0
2020-10-08,Siskiyou,093,43540,170,156,10,166,0
2020-10-08,Solano,095,438530,6803,6556,42,6598,53
2020-10-08,Sonoma,097,501317,8602,8063,23,8086,132
2020-10-08,Stanislaus,099,539301,17050,16821,606,17427,360
2020-10-08,Sutter,101,95872,1756,1725,1,1726,12
2020-10-08,Tehama,103,63373,714,676,2,678,3
2020-10-08,Trinity,105,12862,68,25,9,34,0
2020-10-08,Tulare,107,460477,17144,16573,211,16784,283
2020-10-08,Tuolumne,109,53932,245,230,4,234,4
2020-10-08,Ventura,111,848112,14138,13399,278,13677,151
2020-10-08,Yolo,113,214977,3008,2914,6,2920,55
2020-10-08,Yuba,115,75493,1154,1126,5,1131,10
2020-10-07,Alameda,001,1643700,22390,21736,202,21938,395
2020-10-07,Alpine,003,1148,3,3,0,3,0
2020-10-07,Amador,005,37829,305,302,0,302,16
2020-10-07,Butte,007,227075,3049,2927,27,2954,47
2020-10-07,Calaveras,009,45235,316,262,0,262,11
2020-10-07,Colusa,011,21464,539,539,0,539,6
2020-10-07,Contra Costa,013,1133247,17947,17346,87,17433,225
2020-10-07,Del Norte,015,27424,164,149,0,149,2
2020-10-07,El Dorado,017,186661,1291,1219,5,1224,4
2020-10-07,Fresno,019,978130,31878,29069,408,29477,413
2020-10-07,Glenn,021,27897,629,615,0,615,3
2020-10-07,Humboldt,023,135768,526,512,1,513,7
2020-10-07,Imperial,025,180216,12223,11289,8,11297,330
2020-10-07,Inyo,027,18085,204,199,4,203,14
2020-10-07,Kern,029,883053,32838,32068,358,32426,410
2020-10-07,Kings,031,150075,8267,7948,48,7996,80
2020-10-07,Lake,033,64148,651,599,0,599,11
2020-10-07,Lassen,035,31185,757,751,2,753,0
2020-10-07,Los Angeles,037,10098052,281005,275559,2249,277808,6681
2020-10-07,Madera,039,155013,4777,4618,33,4651,50
2020-10-07,Marin,041,260295,6924,6790,18,6808,95
2020-10-07,Mariposa,043,17540,77,75,0,75,2
2020-10-07,Mendocino,045,87422,981,927,4,931,19
2020-10-07,Merced,047,269075,9183,9045,26,9071,144
2020-10-07,Modoc,049,8938,29,27,0,27,0
2020-10-07,Mono,051,14174,173,153,3,156,1
2020-10-07,Monterey,053,433212,10558,10272,44,10316,75
2020-10-07,Napa,055,140530,1836,1774,8,1782,11
2020-10-07,Nevada,057,99092,574,552,18,570,6
2020-10-07,Orange,059,3164182,57237,54332,1600,55932,1277
2020-10-07,Placer,061,380077,3876,3693,14,3707,48
2020-10-07,Plumas,063,18699,52,50,0,50,0
2020-10-07,Riverside,065,2383286,62631,60857,231,61088,1241
2020-10-07,Sacramento,067,1510023,23834,23380,27,23407,452
2020-10-07,San Benito,069,59416,1370,1363,0,1363,13
2020-10-07,San Bernardino,071,2135413,58097,55738,363,56101,1043
2020-10-07,San Diego,073,3302833,51333,49177,1186,50363,813
2020-10-07,San Francisco,075,870044,11697,11551,40,11591,115
2020-10-07,San Joaquin,077,732212,20909,20527,80,20607,478
2020-10-07,San Luis Obispo,079,281455,4039,3749,21,3770,32
2020-10-07,San Mateo,081,765935,10699,9980,11,9991,130
2020-10-07,Santa Barbara,083,443738,9490,9350,83,9433,116
2020-10-07,Santa Clara,085,1922200,23389,21993,49,22042,320
2020-10-07,Santa Cruz,087,273765,2631,2518,33,2551,14
2020-10-07,Shasta,089,179085,1687,1268,16,1284,20
2020-10-07,Sierra,091,2930,6,6,0,6,0
2020-10-07,Siskiyou,093,43540,168,154,10,164,0
2020-10-07,Solano,095,438530,6768,6526,42,6568,53
2020-10-07,Sonoma,097,501317,8527,7993,22,8015,130
2020-10-07,Stanislaus,099,539301,17015,16786,600,17386,357
2020-10-07,Sutter,101,95872,1753,1723,1,1724,12
2020-10-07,Tehama,103,63373,705,666,2,668,3
2020-10-07,Trinity,105,12862,64,25,8,33,0
2020-10-07,Tulare,107,460477,17101,16483,202,16685,282
2020-10-07,Tuolumne,109,53932,245,227,4,231,3
2020-10-07,Ventura,111,848112,14088,13333,272,13605,150
2020-10-07,Yolo,113,214977,2982,2904,6,2910,55
2020-10-07,Yuba,115,75493,1148,1120,5,1125,10
2020-10-06,Alameda,001,1643700,22299,21698,200,21898,385
2020-10-06,Alpine,003,1148,3,3,0,3,0
2020-10-06,Amador,005,37829,303,301,0,301,16
2020-10-06,Butte,007,227075,3042,2925,27,2952,47
2020-10-06,Calaveras,009,45235,316,261,0,261,11
2020-10-06,Colusa,011,21464,538,538,0,538,6
2020-10-06,Contra Costa,013,1133247,17868,17295,87,17382,219
2020-10-06,Del Norte,015,27424,164,144,0,144,2
2020-10-06,El Dorado,017,186661,1287,1211,5,1216,4
2020-10-06,Fresno,019,978130,31734,29022,405,29427,412
2020-10-06,Glenn,021,27897,626,604,0,604,3
2020-10-06,Humboldt,023,135768,523,508,1,509,7
2020-10-06,Imperial,025,180216,12185,11196,8,11204,327
2020-10-06,Inyo,027,18085,202,198,4,202,14
2020-10-06,Kern,029,883053,32761,32006,356,32362,407
2020-10-06,Kings,031,150075,8251,7943,48,7991,81
2020-10-06,Lake,033,64148,645,596,0,596,11
2020-10-06,Lassen,035,31185,757,743,2,745,0
2020-10-06,Los Angeles,037,10098052,279769,274115,2199,276314,6657
2020-10-06,Madera,039,155013,4765,4608,33,4641,50
2020-10-06,Marin,041,260295,6909,6766,18,6784,91
2020-10-06,Mariposa,043,17540,77,75,0,75,2
2020-10-06,Mendocino,045,87422,974,920,4,924,19
2020-10-06,Merced,047,269075,9147,9034,25,9059,143
2020-10-06,Modoc,049,8938,29,26,0,26,0
2020-10-06,Mono,051,14174,173,153,3,156,1
2020-10-06,Monterey,053,433212,10503,10235,42,10277,72
2020-10-06,Napa,055,140530,1830,1770,8,1778,11
2020-10-06,Nevada,057,99092,571,551,18,569,6
2020-10-06,Orange,059,3164182,57022,54203,1591,55794,1273
2020-10-06,Placer,061,380077,3854,3680,14,3694,48
2020-10-06,Plumas,063,18699,52,49,0,49,0
2020-10-06,Riverside,065,2383286,62366,60593,228,60821,1238
2020-10-06,Sacramento,067,1510023,23747,23322,27,23349,442
2020-10-06,San Benito,069,59416,1369,1358,0,1358,12
2020-10-06,San Bernardino,071,2135413,57782,55416,359,55775,1040
2020-10-06,San Diego,073,3302833,50996,48823,1169,49992,806
2020-10-06,San Francisco,075,870044,11671,11513,39,11552,115
2020-10-06,San Joaquin,077,732212,20869,20481,77,20558,477
2020-10-06,San Luis Obispo,079,281455,4005,3723,21,3744,32
2020-10-06,San Mateo,081,765935,10666,9934,11,9945,129
2020-10-06,Santa Barbara,083,443738,9461,9331,82,9413,116
2020-10-06,Santa Clara,085,1922200,23294,21914,49,21963,320
2020-10-06,Santa Cruz,087,273765,2609,2510,33,2543,12
2020-10-06,Shasta,089,179085,1647,1242,16,1258,18
2020-10-06,Sierra,091,2930,6,6,0,6,0
2020-10-06,Siskiyou,093,43540,168,154,10,164,0
2020-10-06,Solano,095,438530,6722,6506,42,6548,52
2020-10-06,Sonoma,097,501317,8434,7895,22,7917,130
2020-10-06,Stanislaus,099,539301,16970,16759,594,17353,354
2020-10-06,Sutter,101,95872,1751,1722,1,1723,12
2020-10-06,Tehama,103,63373,696,660,2,662,3
2020-10-06,Trinity,105,12862,64,25,8,33,0
2020-10-06,Tulare,107,460477,17059,16456,194,16650,280
2020-10-06,Tuolumne,109,53932,244,227,4,231,2
2020-10-06,Ventura,111,848112,14021,13242,267,13509,150
2020-10-06,Yolo,113,214977,2968,2899,6,2905,56
2020-10-06,Yuba,115,75493,1147,1114,5,1119,10
2020-10-05,Alameda,001,1643700,22211,21637,197,21834,383
2020-10-05,Alpine,003,1148,3,2,0,2,0
2020-10-05,Amador,005,37829,303,299,0,299,16
2020-10-05,Butte,007,227075,3032,2910,27,2937,46
2020-10-05,Calaveras,009,45235,316,259,0,259,11
2020-10-05,Colusa,011,21464,538,537,0,537,6
2020-10-05,Contra Costa,013,1133247,17791,17250,87,17337,216
2020-10-05,Del Norte,015,27424,161,142,0,142,2
2020-10-05,El Dorado,017,186661,1283,1202,5,1207,4
2020-10-05,Fresno,019,978130,31617,29136,405,29541,408
2020-10-05,Glenn,021,27897,624,603,0,603,3
2020-10-05,Humboldt,023,135768,522,506,1,507,6
2020-10-05,Imperial,025,180216,12145,11169,8,11177,327
2020-10-05,Inyo,027,18085,202,197,4,201,14
2020-10-05,Kern,029,883053,32682,31933,352,32285,404
2020-10-05,Kings,031,150075,8154,7932,48,7980,80
2020-10-05,Lake,033,64148,641,592,0,592,10
2020-10-05,Lassen,035,31185,756,743,2,745,0
2020-10-05,Los Angeles,037,10098052,278680,273200,2158,275358,6632
2020-10-05,Madera,039,155013,4757,4598,31,4629,50
2020-10-05,Marin,041,260295,6892,6751,18,6769,91
2020-10-05,Mariposa,043,17540,77,75,0,75,2
2020-10-05,Mendocino,045,87422,966,913,4,917,19
2020-10-05,Merced,047,269075,9128,9021,24,9045,143
2020-10-05,Modoc,049,8938,29,26,0,26,0
2020-10-05,Mono,051,14174,173,152,3,155,1
2020-10-05,Monterey,053,433212,10456,10187,42,10229,72
2020-10-05,Napa,055,140530,1819,1760,8,1768,11
2020-10-05,Nevada,057,99092,568,550,17,567,6
2020-10-05,Orange,059,3164182,56806,54103,1578,55681,1271
2020-10-05,Placer,061,380077,3828,3670,14,3684,46
2020-10-05,Plumas,063,18699,51,49,0,49,0
2020-10-05,Riverside,065,2383286,62046,60454,224,60678,1232
2020-10-05,Sacramento,067,1510023,23643,23207,27,23234,438
2020-10-05,San Benito,069,59416,1366,1356,0,1356,12
2020-10-05,San Bernardino,071,2135413,57474,55100,358,55458,1031
2020-10-05,San Diego,073,3302833,50660,48662,1145,49807,803
2020-10-05,San Francisco,075,870044,11632,11476,36,11512,110
2020-10-05,San Joaquin,077,732212,20798,20319,74,20393,476
2020-10-05,San Luis Obispo,079,281455,3978,3710,21,3731,32
2020-10-05,San Mateo,081,765935,10639,9896,11,9907,128
2020-10-05,Santa Barbara,083,443738,9439,9309,82,9391,116
2020-10-05,Santa Clara,085,1922200,23176,21861,49,21910,319
2020-10-05,Santa Cruz,087,273765,2597,2492,33,2525,9
2020-10-05,Shasta,089,179085,1615,1158,16,1174,18
2020-10-05,Sierra,091,2930,6,6,0,6,0
2020-10-05,Siskiyou,093,43540,168,153,10,163,0
2020-10-05,Solano,095,438530,6683,6475,42,6517,52
2020-10-05,Sonoma,097,501317,8342,7817,22,7839,130
2020-10-05,Stanislaus,099,539301,16935,16730,587,17317,351
2020-10-05,Sutter,101,95872,1743,1719,1,1720,12
2020-10-05,Tehama,103,63373,688,642,2,644,3
2020-10-05,Trinity,105,12862,62,22,8,30,0
2020-10-05,Tulare,107,460477,17000,16343,189,16532,278
2020-10-05,Tuolumne,109,53932,241,226,4,230,2
2020-10-05,Ventura,111,848112,13952,13224,247,13471,149
2020-10-05,Yolo,113,214977,2949,2889,6,2895,56
2020-10-05,Yuba,115,75493,1134,1108,5,1113,9
2020-10-04,Alameda,001,1643700,22115,21597,197,21794,383
2020-10-04,Alpine,003,1148,3,2,0,2,0
2020-10-04,Amador,005,37829,302,297,0,297,16
2020-10-04,Butte,007,227075,3018,2903,27,2930,46
2020-10-04,Calaveras,009,45235,316,259,0,259,11
2020-10-04,Colusa,011,21464,537,537,0,537,6
2020-10-04,Contra Costa,013,1133247,17726,17192,87,17279,214
2020-10-04,Del Norte,015,27424,157,142,0,142,2
2020-10-04,El Dorado,017,186661,1279,1196,5,1201,4
2020-10-04,Fresno,019,978130,31494,29065,405,29470,408
2020-10-04,Glenn,021,27897,622,601,0,601,3
2020-10-04,Humboldt,023,135768,521,506,1,507,6
2020-10-04,Imperial,025,180216,12106,11127,8,11135,327
2020-10-04,Inyo,027,18085,199,195,4,199,14
2020-10-04,Kern,029,883053,32608,31906,348,32254,404
2020-10-04,Kings,031,150075,8139,7919,48,7967,80
2020-10-04,Lake,033,64148,627,589,0,589,10
2020-10-04,Lassen,035,31185,756,743,2,745,0
2020-10-04,Los Angeles,037,10098052,277291,272822,2110,274932,6625
2020-10-04,Madera,039,155013,4741,4587,31,4618,50
2020-10-04,Marin,041,260295,6872,6741,18,6759,91
2020-10-04,Mariposa,043,17540,77,75,0,75,2
2020-10-04,Mendocino,045,87422,953,905,4,909,18
2020-10-04,Merced,047,269075,9103,9006,24,9030,140
2020-10-04,Modoc,049,8938,29,26,0,26,0
2020-10-04,Mono,051,14174,172,152,2,154,1
2020-10-04,Monterey,053,433212,10415,10141,41,10182,72
2020-10-04,Napa,055,140530,1807,1759,8,1767,11
2020-10-04,Nevada,057,99092,564,547,16,563,6
2020-10-04,Orange,059,3164182,56570,53966,1569,55535,1270
2020-10-04,Placer,061,380077,3807,3664,14,3678,46
2020-10-04,Plumas,063,18699,51,49,0,49,0
2020-10-04,Riverside,065,2383286,61760,60251,220,60471,1226
2020-10-04,Sacramento,067,1510023,23530,23162,27,23189,438
2020-10-04,San Benito,069,59416,1366,1355,0,1355,12
2020-10-04,San Bernardino,071,2135413,57026,55100,356,55456,1031
2020-10-04,San Diego,073,3302833,50293,48438,1120,49558,803
2020-10-04,San Francisco,075,870044,11600,11474,34,11508,110
2020-10-04,San Joaquin,077,732212,20721,20320,68,20388,476
2020-10-04,San Luis Obispo,079,281455,3953,3688,21,3709,31
2020-10-04,San Mateo,081,765935,10579,9858,11,9869,128
2020-10-04,Santa Barbara,083,443738,9413,9276,80,9356,116
2020-10-04,Santa Clara,085,1922200,23039,21780,49,21829,316
2020-10-04,Santa Cruz,087,273765,2581,2483,33,2516,9
2020-10-04,Shasta,089,179085,1517,1158,15,1173,18
2020-10-04,Sierra,091,2930,6,6,0,6,0
2020-10-04,Siskiyou,093,43540,168,153,10,163,0
2020-10-04,Solano,095,438530,6632,6445,42,6487,52
2020-10-04,Sonoma,097,501317,8254,7794,22,7816,129
2020-10-04,Stanislaus,099,539301,16885,16711,578,17289,351
2020-10-04,Sutter,101,95872,1740,1711,1,1712,11
2020-10-04,Tehama,103,63373,673,637,2,639,3
2020-10-04,Trinity,105,12862,61,21,8,29,0
2020-10-04,Tulare,107,460477,16923,16343,178,16521,278
2020-10-04,Tuolumne,109,53932,239,226,4,230,2
2020-10-04,Ventura,111,848112,13870,13197,230,13427,149
2020-10-04,Yolo,113,214977,2938,2875,6,2881,56
2020-10-04,Yuba,115,75493,1130,1103,5,1108,9
2020-10-03,Alameda,001,1643700,22069,21510,196,21706,386
2020-10-03,Alpine,003,1148,3,2,0,2,0
2020-10-03,Amador,005,37829,301,296,0,296,16
2020-10-03,Butte,007,227075,3012,2894,27,2921,46
2020-10-03,Calaveras,009,45235,316,259,0,259,11
2020-10-03,Colusa,011,21464,536,537,0,537,6
2020-10-03,Contra Costa,013,1133247,17676,17087,85,17172,213
2020-10-03,Del Norte,015,27424,153,142,0,142,2
2020-10-03,El Dorado,017,186661,1272,1188,5,1193,4
2020-10-03,Fresno,019,978130,31434,28975,404,29379,408
2020-10-03,Glenn,021,27897,620,601,0,601,3
2020-10-03,Humboldt,023,135768,520,504,1,505,6
2020-10-03,Imperial,025,180216,12083,11090,8,11098,327
2020-10-03,Inyo,027,18085,199,194,4,198,14
2020-10-03,Kern,029,883053,32558,31864,344,32208,403
2020-10-03,Kings,031,150075,8135,7887,48,7935,80
2020-10-03,Lake,033,64148,617,588,0,588,10
2020-10-03,Lassen,035,31185,756,743,2,745,0
2020-10-03,Los Angeles,037,10098052,276586,271869,2081,273950,6620
2020-10-03,Madera,039,155013,4724,4565,31,4596,50
2020-10-03,Marin,041,260295,6866,6728,18,6746,91
2020-10-03,Mariposa,043,17540,77,75,0,75,2
2020-10-03,Mendocino,045,87422,951,898,4,902,18
2020-10-03,Merced,047,269075,9090,8986,24,9010,139
2020-10-03,Modoc,049,8938,29,26,0,26,0
2020-10-03,Mono,051,14174,171,152,2,154,1
2020-10-03,Monterey,053,433212,10381,10092,38,10130,72
2020-10-03,Napa,055,140530,1803,1752,8,1760,11
2020-10-03,Nevada,057,99092,563,544,16,560,6
2020-10-03,Orange,059,3164182,56453,53573,1564,55137,1268
2020-10-03,Placer,061,380077,3796,3648,14,3662,47
2020-10-03,Plumas,063,18699,51,48,0,48,0
2020-10-03,Riverside,065,2383286,61608,59991,218,60209,1226
2020-10-03,Sacramento,067,1510023,23479,23076,27,23103,437
2020-10-03,San Benito,069,59416,1366,1351,0,1351,12
2020-10-03,San Bernardino,071,2135413,56853,55004,353,55357,1031
2020-10-03,San Diego,073,3302833,50062,48202,1103,49305,798
2020-10-03,San Francisco,075,870044,11575,11475,32,11507,110
2020-10-03,San Joaquin,077,732212,20695,20322,68,20390,476
2020-10-03,San Luis Obispo,079,281455,3929,3670,21,3691,31
2020-10-03,San Mateo,081,765935,10553,9822,10,9832,128
2020-10-03,Santa Barbara,083,443738,9400,9256,80,9336,116
2020-10-03,Santa Clara,085,1922200,22959,21672,49,21721,309
2020-10-03,Santa Cruz,087,273765,2573,2476,33,2509,9
2020-10-03,Shasta,089,179085,1489,1117,14,1131,18
2020-10-03,Sierra,091,2930,6,6,0,6,0
2020-10-03,Siskiyou,093,43540,168,152,10,162,0
2020-10-03,Solano,095,438530,6606,6419,42,6461,52
2020-10-03,Sonoma,097,501317,8211,7747,22,7769,129
2020-10-03,Stanislaus,099,539301,16852,16645,574,17219,351
2020-10-03,Sutter,101,95872,1736,1705,1,1706,11
2020-10-03,Tehama,103,63373,667,630,2,632,3
2020-10-03,Trinity,105,12862,61,15,8,23,0
2020-10-03,Tulare,107,460477,16879,16322,174,16496,278
2020-10-03,Tuolumne,109,53932,238,224,4,228,2
2020-10-03,Ventura,111,848112,13831,13150,226,13376,148
2020-10-03,Yolo,113,214977,2931,2863,6,2869,56
2020-10-03,Yuba,115,75493,1122,1097,5,1102,8
2020-10-02,Alameda,001,1643700,22014,21404,195,21599,382
2020-10-02,Alpine,003,1148,3,2,0,2,0
2020-10-02,Amador,005,37829,300,296,0,296,16
2020-10-02,Butte,007,227075,3002,2879,27,2906,46
2020-10-02,Calaveras,009,45235,315,259,0,259,11
2020-10-02,Colusa,011,21464,535,537,0,537,6
2020-10-02,Contra Costa,013,1133247,17633,17002,84,17086,213
2020-10-02,Del Norte,015,27424,152,141,0,141,2
2020-10-02,El Dorado,017,186661,1265,1168,5,1173,4
2020-10-02,Fresno,019,978130,31351,28855,404,29259,403
2020-10-02,Glenn,021,27897,615,594,0,594,3
2020-10-02,Humboldt,023,135768,519,503,1,504,6
2020-10-02,Imperial,025,180216,12061,11024,8,11032,327
2020-10-02,Inyo,027,18085,197,191,4,195,14
2020-10-02,Kern,029,883053,32506,31790,342,32132,399
2020-10-02,Kings,031,150075,8126,7716,48,7764,79
2020-10-02,Lake,033,64148,611,579,0,579,10
2020-10-02,Lassen,035,31185,756,742,2,744,0
2020-10-02,Los Angeles,037,10098052,275684,270935,2054,272989,6602
2020-10-02,Madera,039,155013,4715,4537,31,4568,49
2020-10-02,Marin,041,260295,6849,6717,18,6735,91
2020-10-02,Mariposa,043,17540,77,75,0,75,2
2020-10-02,Mendocino,045,87422,946,883,4,887,18
2020-10-02,Merced,047,269075,9080,8961,24,8985,139
2020-10-02,Modoc,049,8938,29,26,0,26,0
2020-10-02,Mono,051,14174,171,150,2,152,1
2020-10-02,Monterey,053,433212,10347,9997,38,10035,71
2020-10-02,Napa,055,140530,1797,1737,8,1745,11
2020-10-02,Nevada,057,99092,560,543,16,559,6
2020-10-02,Orange,059,3164182,56322,53299,1557,54856,1262
2020-10-02,Placer,061,380077,3776,3612,14,3626,46
2020-10-02,Plumas,063,18699,51,48,0,48,0
2020-10-02,Riverside,065,2383286,61387,59673,215,59888,1223
2020-10-02,Sacramento,067,1510023,23414,22818,27,22845,436
2020-10-02,San Benito,069,59416,1362,1347,0,1347,12
2020-10-02,San Bernardino,071,2135413,56665,54613,353,54966,1028
2020-10-02,San Diego,073,3302833,49809,47793,1088,48881,794
2020-10-02,San Francisco,075,870044,11552,11398,32,11430,110
2020-10-02,San Joaquin,077,732212,20661,20235,67,20302,474
2020-10-02,San Luis Obispo,079,281455,3906,3654,21,3675,31
2020-10-02,San Mateo,081,765935,10512,9745,10,9755,128
2020-10-02,Santa Barbara,083,443738,9377,9234,80,9314,116
2020-10-02,Santa Clara,085,1922200,22873,21545,48,21593,305
2020-10-02,Santa Cruz,087,273765,2556,2463,33,2496,9
2020-10-02,Shasta,089,179085,1454,1046,14,1060,18
2020-10-02,Sierra,091,2930,6,6,0,6,0
2020-10-02,Siskiyou,093,43540,168,151,10,161,0
2020-10-02,Solano,095,438530,6576,6385,42,6427,52
2020-10-02,Sonoma,097,501317,8154,7662,22,7684,125
2020-10-02,Stanislaus,099,539301,16811,16609,565,17174,349
2020-10-02,Sutter,101,95872,1735,1693,1,1694,11
2020-10-02,Tehama,103,63373,662,619,2,621,3
2020-10-02,Trinity,105,12862,61,15,8,23,0
2020-10-02,Tulare,107,460477,16838,16245,167,16412,278
2020-10-02,Tuolumne,109,53932,236,225,4,229,2
2020-10-02,Ventura,111,848112,13792,13120,221,13341,146
2020-10-02,Yolo,113,214977,2926,2845,6,2851,55
2020-10-02,Yuba,115,75493,1120,1090,5,1095,8
2020-10-01,Alameda,001,1643700,21953,21349,191,21540,383
2020-10-01,Alpine,003,1148,3,2,0,2,0
2020-10-01,Amador,005,37829,300,294,0,294,16
2020-10-01,Butte,007,227075,2994,2865,27,2892,45
2020-10-01,Calaveras,009,45235,315,257,0,257,11
2020-10-01,Colusa,011,21464,535,536,0,536,6
2020-10-01,Contra Costa,013,1133247,17570,16898,84,16982,211
2020-10-01,Del Norte,015,27424,147,140,0,140,2
2020-10-01,El Dorado,017,186661,1261,1162,4,1166,4
2020-10-01,Fresno,019,978130,31270,28796,402,29198,397
2020-10-01,Glenn,021,27897,611,593,0,593,3
2020-10-01,Humboldt,023,135768,519,499,1,500,6
2020-10-01,Imperial,025,180216,12018,10928,8,10936,325
2020-10-01,Inyo,027,18085,197,191,4,195,14
2020-10-01,Kern,029,883053,32443,31678,337,32015,399
2020-10-01,Kings,031,150075,8115,7688,45,7733,79
2020-10-01,Lake,033,64148,605,572,0,572,11
2020-10-01,Lassen,035,31185,753,742,2,744,0
2020-10-01,Los Angeles,037,10098052,274642,271513,2020,273533,6621
2020-10-01,Madera,039,155013,4692,4508,31,4539,48
2020-10-01,Marin,041,260295,6835,6710,18,6728,92
2020-10-01,Mariposa,043,17540,77,76,0,76,2
2020-10-01,Mendocino,045,87422,941,874,4,878,19
2020-10-01,Merced,047,269075,9052,8942,24,8966,138
2020-10-01,Modoc,049,8938,29,26,0,26,0
2020-10-01,Mono,051,14174,169,150,2,152,1
2020-10-01,Monterey,053,433212,10271,9958,38,9996,71
2020-10-01,Napa,055,140530,1789,1729,8,1737,11
2020-10-01,Nevada,057,99092,559,543,16,559,6
2020-10-01,Orange,059,3164182,56157,53088,1544,54632,1257
2020-10-01,Placer,061,380077,3749,3599,14,3613,45
2020-10-01,Plumas,063,18699,51,48,0,48,0
2020-10-01,Riverside,065,2383286,61135,59293,209,59502,1223
2020-10-01,Sacramento,067,1510023,23302,22714,26,22740,433
2020-10-01,San Benito,069,59416,1360,1346,0,1346,12
2020-10-01,San Bernardino,071,2135413,56371,54350,350,54700,1021
2020-10-01,San Diego,073,3302833,49527,47487,1068,48555,792
2020-10-01,San Francisco,075,870044,11521,11284,30,11314,110
2020-10-01,San Joaquin,077,732212,20614,20204,64,20268,471
2020-10-01,San Luis Obispo,079,281455,3879,3625,21,3646,31
2020-10-01,San Mateo,081,765935,10467,9681,10,9691,128
2020-10-01,Santa Barbara,083,443738,9337,9215,80,9295,118
2020-10-01,Santa Clara,085,1922200,22772,21398,48,21446,305
2020-10-01,Santa Cruz,087,273765,2541,2418,33,2451,10
2020-10-01,Shasta,089,179085,1403,991,14,1005,18
2020-10-01,Sierra,091,2930,6,6,0,6,0
2020-10-01,Siskiyou,093,43540,165,150,10,160,0
2020-10-01,Solano,095,438530,6538,6352,42,6394,52
2020-10-01,Sonoma,097,501317,8087,7569,22,7591,125
2020-10-01,Stanislaus,099,539301,16778,16555,559,17114,346
2020-10-01,Sutter,101,95872,1730,1684,1,1685,11
2020-10-01,Tehama,103,63373,652,606,2,608,3
2020-10-01,Trinity,105,12862,61,15,8,23,0
2020-10-01,Tulare,107,460477,16763,16182,164,16346,275
2020-10-01,Tuolumne,109,53932,236,223,4,227,2
2020-10-01,Ventura,111,848112,13740,13057,207,13264,146
2020-10-01,Yolo,113,214977,2908,2833,6,2839,55
2020-10-01,Yuba,115,75493,1116,1082,5,1087,8
2020-09-30,Alameda,001,1643700,21875,21271,188,21459,380
2020-09-30,Alpine,003,1148,3,2,0,2,0
2020-09-30,Amador,005,37829,300,294,0,294,16
2020-09-30,Butte,007,227075,2986,2858,27,2885,44
2020-09-30,Calaveras,009,45235,314,258,0,258,11
2020-09-30,Colusa,011,21464,534,534,0,534,6
2020-09-30,Contra Costa,013,1133247,17502,16819,84,16903,211
2020-09-30,Del Norte,015,27424,146,140,0,140,2
2020-09-30,El Dorado,017,186661,1249,1157,4,1161,4
2020-09-30,Fresno,019,978130,31179,28706,399,29105,395
2020-09-30,Glenn,021,27897,606,592,0,592,3
2020-09-30,Humboldt,023,135768,517,497,1,498,6
2020-09-30,Imperial,025,180216,11993,10868,8,10876,287
2020-09-30,Inyo,027,18085,196,189,4,193,14
2020-09-30,Kern,029,883053,32368,31601,336,31937,398
2020-09-30,Kings,031,150075,8086,7685,45,7730,79
2020-09-30,Lake,033,64148,599,567,0,567,10
2020-09-30,Lassen,035,31185,750,742,2,744,0
2020-09-30,Los Angeles,037,10098052,273417,270260,1987,272247,6568
2020-09-30,Madera,039,155013,4683,4477,31,4508,47
2020-09-30,Marin,041,260295,6811,6700,17,6717,91
2020-09-30,Mariposa,043,17540,77,76,0,76,2
2020-09-30,Mendocino,045,87422,935,867,4,871,17
2020-09-30,Merced,047,269075,9032,8926,24,8950,136
2020-09-30,Modoc,049,8938,29,26,0,26,0
2020-09-30,Mono,051,14174,169,150,2,152,1
2020-09-30,Monterey,053,433212,10221,9898,37,9935,70
2020-09-30,Napa,055,140530,1775,1728,8,1736,11
2020-09-30,Nevada,057,99092,557,540,16,556,6
2020-09-30,Orange,059,3164182,55966,52916,1527,54443,1251
2020-09-30,Placer,061,380077,3728,3585,14,3599,43
2020-09-30,Plumas,063,18699,51,48,0,48,0
2020-09-30,Riverside,065,2383286,60780,59074,205,59279,1220
2020-09-30,Sacramento,067,1510023,23198,22613,26,22639,429
2020-09-30,San Benito,069,59416,1357,1342,0,1342,12
2020-09-30,San Bernardino,071,2135413,56093,53988,348,54336,1018
2020-09-30,San Diego,073,3302833,49223,47182,1047,48229,783
2020-09-30,San Francisco,075,870044,11491,11247,30,11277,106
2020-09-30,San Joaquin,077,732212,20531,20150,62,20212,461
2020-09-30,San Luis Obispo,079,281455,3854,3597,21,3618,31
2020-09-30,San Mateo,081,765935,10425,9634,10,9644,128
2020-09-30,Santa Barbara,083,443738,9311,9186,80,9266,115
2020-09-30,Santa Clara,085,1922200,22667,21318,48,21366,302
2020-09-30,Santa Cruz,087,273765,2528,2405,33,2438,10
2020-09-30,Shasta,089,179085,1347,976,13,989,17
2020-09-30,Sierra,091,2930,6,6,0,6,0
2020-09-30,Siskiyou,093,43540,163,150,10,160,0
2020-09-30,Solano,095,438530,6496,6315,42,6357,51
2020-09-30,Sonoma,097,501317,7998,7494,22,7516,125
2020-09-30,Stanislaus,099,539301,16731,16531,553,17084,343
2020-09-30,Sutter,101,95872,1714,1680,1,1681,10
2020-09-30,Tehama,103,63373,646,594,2,596,3
2020-09-30,Trinity,105,12862,58,15,8,23,0
2020-09-30,Tulare,107,460477,16697,16117,157,16274,274
2020-09-30,Tuolumne,109,53932,234,224,4,228,2
2020-09-30,Ventura,111,848112,13705,12968,191,13159,145
2020-09-30,Yolo,113,214977,2895,2822,6,2828,55
2020-09-30,Yuba,115,75493,1113,1075,5,1080,8
2020-09-29,Alameda,001,1643700,21798,21241,185,21426,374
2020-09-29,Alpine,003,1148,3,2,0,2,0
2020-09-29,Amador,005,37829,298,294,0,294,16
2020-09-29,Butte,007,227075,2972,2848,27,2875,44
2020-09-29,Calaveras,009,45235,312,261,0,261,11
2020-09-29,Colusa,011,21464,534,534,0,534,6
2020-09-29,Contra Costa,013,1133247,17447,16716,82,16798,209
2020-09-29,Del Norte,015,27424,142,142,0,142,2
2020-09-29,El Dorado,017,186661,1240,1151,4,1155,4
2020-09-29,Fresno,019,978130,31084,28621,398,29019,394
2020-09-29,Glenn,021,27897,602,589,0,589,3
2020-09-29,Humboldt,023,135768,515,497,1,498,6
2020-09-29,Imperial,025,180216,11959,10811,8,10819,283
2020-09-29,Inyo,027,18085,195,188,4,192,14
2020-09-29,Kern,029,883053,32313,31534,335,31869,397
2020-09-29,Kings,031,150075,8030,7681,45,7726,78
2020-09-29,Lake,033,64148,597,566,0,566,11
2020-09-29,Lassen,035,31185,750,741,2,743,0
2020-09-29,Los Angeles,037,10098052,272202,269246,1958,271204,6545
2020-09-29,Madera,039,155013,4659,4453,31,4484,47
2020-09-29,Marin,041,260295,6790,6692,17,6709,91
2020-09-29,Mariposa,043,17540,77,74,0,74,2
2020-09-29,Mendocino,045,87422,925,854,4,858,17
2020-09-29,Merced,047,269075,9019,8892,22,8914,136
2020-09-29,Modoc,049,8938,29,26,0,26,0
2020-09-29,Mono,051,14174,169,149,2,151,1
2020-09-29,Monterey,053,433212,10166,9826,35,9861,70
2020-09-29,Napa,055,140530,1772,1727,8,1735,11
2020-09-29,Nevada,057,99092,552,539,16,555,6
2020-09-29,Orange,059,3164182,55780,52755,1516,54271,1231
2020-09-29,Placer,061,380077,3706,3570,14,3584,42
2020-09-29,Plumas,063,18699,51,48,0,48,0
2020-09-29,Riverside,065,2383286,60450,58863,198,59061,1208
2020-09-29,Sacramento,067,1510023,23077,22547,26,22573,425
2020-09-29,San Benito,069,59416,1352,1341,0,1341,12
2020-09-29,San Bernardino,071,2135413,55782,53753,347,54100,1012
2020-09-29,San Diego,073,3302833,48946,46987,1024,48011,781
2020-09-29,San Francisco,075,870044,11455,11142,30,11172,104
2020-09-29,San Joaquin,077,732212,20465,20094,60,20154,454
2020-09-29,San Luis Obispo,079,281455,3832,3581,21,3602,31
2020-09-29,San Mateo,081,765935,10378,9619,10,9629,127
2020-09-29,Santa Barbara,083,443738,9291,9149,79,9228,114
2020-09-29,Santa Clara,085,1922200,22531,21233,47,21280,302
2020-09-29,Santa Cruz,087,273765,2513,2383,32,2415,10
2020-09-29,Shasta,089,179085,1286,943,13,956,17
2020-09-29,Sierra,091,2930,6,6,0,6,0
2020-09-29,Siskiyou,093,43540,157,150,10,160,0
2020-09-29,Solano,095,438530,6462,6303,42,6345,51
2020-09-29,Sonoma,097,501317,7926,7426,22,7448,125
2020-09-29,Stanislaus,099,539301,16701,16505,547,17052,341
2020-09-29,Sutter,101,95872,1708,1677,1,1678,10
2020-09-29,Tehama,103,63373,628,585,2,587,2
2020-09-29,Trinity,105,12862,56,16,8,24,0
2020-09-29,Tulare,107,460477,16633,16055,150,16205,270
2020-09-29,Tuolumne,109,53932,234,224,4,228,2
2020-09-29,Ventura,111,848112,13648,12875,188,13063,145
2020-09-29,Yolo,113,214977,2882,2818,6,2824,55
2020-09-29,Yuba,115,75493,1111,1071,5,1076,8
2020-09-28,Alameda,001,1643700,21711,21133,185,21318,370
2020-09-28,Alpine,003,1148,3,2,0,2,0
2020-09-28,Amador,005,37829,296,294,0,294,16
2020-09-28,Butte,007,227075,2957,2837,27,2864,44
2020-09-28,Calaveras,009,45235,312,257,0,257,11
2020-09-28,Colusa,011,21464,533,531,0,531,6
2020-09-28,Contra Costa,013,1133247,17382,16653,82,16735,195
2020-09-28,Del Norte,015,27424,142,138,0,138,2
2020-09-28,El Dorado,017,186661,1233,1144,4,1148,4
2020-09-28,Fresno,019,978130,31002,28517,390,28907,389
2020-09-28,Glenn,021,27897,600,585,0,585,3
2020-09-28,Humboldt,023,135768,509,495,1,496,6
2020-09-28,Imperial,025,180216,11924,10777,8,10785,283
2020-09-28,Inyo,027,18085,194,188,4,192,14
2020-09-28,Kern,029,883053,32248,31481,330,31811,395
2020-09-28,Kings,031,150075,7889,7661,43,7704,78
2020-09-28,Lake,033,64148,593,559,0,559,10
2020-09-28,Lassen,035,31185,749,737,2,739,0
2020-09-28,Los Angeles,037,10098052,271096,268404,1928,270332,6508
2020-09-28,Madera,039,155013,4638,4438,31,4469,47
2020-09-28,Marin,041,260295,6774,6676,17,6693,91
2020-09-28,Mariposa,043,17540,77,74,0,74,2
2020-09-28,Mendocino,045,87422,910,850,4,854,17
2020-09-28,Merced,047,269075,8991,8869,22,8891,136
2020-09-28,Modoc,049,8938,29,26,0,26,0
2020-09-28,Mono,051,14174,169,148,2,150,1
2020-09-28,Monterey,053,433212,10101,9780,33,9813,69
2020-09-28,Napa,055,140530,1760,1705,8,1713,11
2020-09-28,Nevada,057,99092,544,538,16,554,6
2020-09-28,Orange,059,3164182,55574,52633,1507,54140,1196
2020-09-28,Placer,061,380077,3685,3572,14,3586,42
2020-09-28,Plumas,063,18699,50,48,0,48,0
2020-09-28,Riverside,065,2383286,60152,58570,189,58759,1198
2020-09-28,Sacramento,067,1510023,22930,22392,26,22418,423
2020-09-28,San Benito,069,59416,1349,1336,0,1336,11
2020-09-28,San Bernardino,071,2135413,55433,53501,347,53848,988
2020-09-28,San Diego,073,3302833,48628,46736,1004,47740,776
2020-09-28,San Francisco,075,870044,11421,11114,30,11144,100
2020-09-28,San Joaquin,077,732212,20416,19982,59,20041,448
2020-09-28,San Luis Obispo,079,281455,3811,3567,21,3588,31
2020-09-28,San Mateo,081,765935,10328,9582,10,9592,127
2020-09-28,Santa Barbara,083,443738,9273,9121,79,9200,114
2020-09-28,Santa Clara,085,1922200,22414,21180,47,21227,271
2020-09-28,Santa Cruz,087,273765,2503,2359,32,2391,9
2020-09-28,Shasta,089,179085,1232,883,10,893,17
2020-09-28,Sierra,091,2930,6,6,0,6,0
2020-09-28,Siskiyou,093,43540,157,149,10,159,0
2020-09-28,Solano,095,438530,6426,6254,42,6296,51
2020-09-28,Sonoma,097,501317,7850,7369,22,7391,125
2020-09-28,Stanislaus,099,539301,16661,16467,540,17007,336
2020-09-28,Sutter,101,95872,1701,1676,1,1677,10
2020-09-28,Tehama,103,63373,620,579,2,581,2
2020-09-28,Trinity,105,12862,56,16,8,24,0
2020-09-28,Tulare,107,460477,16580,15918,145,16063,270
2020-09-28,Tuolumne,109,53932,234,225,4,229,2
2020-09-28,Ventura,111,848112,13570,12812,181,12993,139
2020-09-28,Yolo,113,214977,2865,2809,6,2815,55
2020-09-28,Yuba,115,75493,1108,1062,5,1067,7
2020-09-27,Alameda,001,1643700,21630,21077,181,21258,370
2020-09-27,Alpine,003,1148,3,2,0,2,0
2020-09-27,Amador,005,37829,296,291,0,291,16
2020-09-27,Butte,007,227075,2945,2833,27,2860,44
2020-09-27,Calaveras,009,45235,311,257,0,257,11
2020-09-27,Colusa,011,21464,532,531,0,531,6
2020-09-27,Contra Costa,013,1133247,17280,16596,81,16677,195
2020-09-27,Del Norte,015,27424,142,138,0,138,2
2020-09-27,El Dorado,017,186661,1218,1130,4,1134,4
2020-09-27,Fresno,019,978130,30896,28441,390,28831,389
2020-09-27,Glenn,021,27897,596,576,0,576,3
2020-09-27,Humboldt,023,135768,507,492,1,493,6
2020-09-27,Imperial,025,180216,11890,10743,8,10751,283
2020-09-27,Inyo,027,18085,192,188,4,192,14
2020-09-27,Kern,029,883053,32129,31462,327,31789,395
2020-09-27,Kings,031,150075,7869,7641,43,7684,78
2020-09-27,Lake,033,64148,589,555,0,555,10
2020-09-27,Lassen,035,31185,749,737,2,739,0
2020-09-27,Los Angeles,037,10098052,269918,267754,1908,269662,6507
2020-09-27,Madera,039,155013,4609,4416,31,4447,47
2020-09-27,Marin,041,260295,6764,6663,17,6680,91
2020-09-27,Mariposa,043,17540,77,74,0,74,2
2020-09-27,Mendocino,045,87422,904,846,4,850,17
2020-09-27,Merced,047,269075,8957,8853,22,8875,136
2020-09-27,Modoc,049,8938,29,26,0,26,0
2020-09-27,Mono,051,14174,169,148,2,150,1
2020-09-27,Monterey,053,433212,10041,9724,32,9756,69
2020-09-27,Napa,055,140530,1755,1690,8,1698,11
2020-09-27,Nevada,057,99092,543,537,16,553,6
2020-09-27,Orange,059,3164182,55299,52458,1498,53956,1195
2020-09-27,Placer,061,380077,3672,3562,14,3576,42
2020-09-27,Plumas,063,18699,50,48,0,48,0
2020-09-27,Riverside,065,2383286,59856,58509,181,58690,1191
2020-09-27,Sacramento,067,1510023,22832,22356,26,22382,422
2020-09-27,San Benito,069,59416,1349,1331,0,1331,11
2020-09-27,San Bernardino,071,2135413,54997,53127,347,53474,988
2020-09-27,San Diego,073,3302833,48284,46612,987,47599,776
2020-09-27,San Francisco,075,870044,11369,11114,30,11144,100
2020-09-27,San Joaquin,077,732212,20356,19981,59,20040,448
2020-09-27,San Luis Obispo,079,281455,3790,3562,21,3583,31
2020-09-27,San Mateo,081,765935,10260,9566,10,9576,127
2020-09-27,Santa Barbara,083,443738,9252,9090,78,9168,114
2020-09-27,Santa Clara,085,1922200,22305,21091,47,21138,271
2020-09-27,Santa Cruz,087,273765,2481,2359,32,2391,9
2020-09-27,Shasta,089,179085,1189,883,9,892,17
2020-09-27,Sierra,091,2930,6,6,0,6,0
2020-09-27,Siskiyou,093,43540,156,149,10,159,0
2020-09-27,Solano,095,438530,6391,6211,41,6252,51
2020-09-27,Sonoma,097,501317,7769,7336,22,7358,124
2020-09-27,Stanislaus,099,539301,16610,16448,534,16982,336
2020-09-27,Sutter,101,95872,1694,1672,1,1673,10
2020-09-27,Tehama,103,63373,603,573,2,575,2
2020-09-27,Trinity,105,12862,56,16,8,24,0
2020-09-27,Tulare,107,460477,16502,15918,136,16054,270
2020-09-27,Tuolumne,109,53932,233,224,4,228,2
2020-09-27,Ventura,111,848112,13481,12775,172,12947,139
2020-09-27,Yolo,113,214977,2851,2796,6,2802,55
2020-09-27,Yuba,115,75493,1098,1059,5,1064,7
2020-09-26,Alameda,001,1643700,21572,21019,180,21199,370
2020-09-26,Alpine,003,1148,3,2,0,2,0
2020-09-26,Amador,005,37829,295,291,0,291,16
2020-09-26,Butte,007,227075,2937,2827,27,2854,44
2020-09-26,Calaveras,009,45235,311,257,0,257,11
2020-09-26,Colusa,011,21464,532,529,0,529,6
2020-09-26,Contra Costa,013,1133247,17237,16508,81,16589,194
2020-09-26,Del Norte,015,27424,142,138,0,138,2
2020-09-26,El Dorado,017,186661,1213,1127,4,1131,4
2020-09-26,Fresno,019,978130,30829,28336,390,28726,389
2020-09-26,Glenn,021,27897,596,576,0,576,3
2020-09-26,Humboldt,023,135768,507,491,1,492,6
2020-09-26,Imperial,025,180216,11873,10721,8,10729,283
2020-09-26,Inyo,027,18085,191,187,4,191,14
2020-09-26,Kern,029,883053,32078,31410,327,31737,394
2020-09-26,Kings,031,150075,7857,7537,43,7580,78
2020-09-26,Lake,033,64148,586,549,0,549,10
2020-09-26,Lassen,035,31185,749,737,2,739,0
2020-09-26,Los Angeles,037,10098052,269283,266931,1894,268825,6497
2020-09-26,Madera,039,155013,4593,4410,31,4441,47
2020-09-26,Marin,041,260295,6751,6641,17,6658,91
2020-09-26,Mariposa,043,17540,76,74,0,74,2
2020-09-26,Mendocino,045,87422,899,836,4,840,17
2020-09-26,Merced,047,269075,8945,8841,21,8862,136
2020-09-26,Modoc,049,8938,29,26,0,26,0
2020-09-26,Mono,051,14174,169,148,2,150,1
2020-09-26,Monterey,053,433212,10014,9651,32,9683,68
2020-09-26,Napa,055,140530,1753,1681,8,1689,11
2020-09-26,Nevada,057,99092,543,534,16,550,6
2020-09-26,Orange,059,3164182,55160,52203,1492,53695,1194
2020-09-26,Placer,061,380077,3659,3551,14,3565,42
2020-09-26,Plumas,063,18699,49,48,0,48,0
2020-09-26,Riverside,065,2383286,59721,58076,179,58255,1190
2020-09-26,Sacramento,067,1510023,22776,22269,26,22295,421
2020-09-26,San Benito,069,59416,1347,1325,0,1325,11
2020-09-26,San Bernardino,071,2135413,54864,53122,347,53469,988
2020-09-26,San Diego,073,3302833,48079,46333,973,47306,775
2020-09-26,San Francisco,075,870044,11341,11113,30,11143,100
2020-09-26,San Joaquin,077,732212,20321,19982,57,20039,449
2020-09-26,San Luis Obispo,079,281455,3774,3546,21,3567,31
2020-09-26,San Mateo,081,765935,10226,9509,10,9519,127
2020-09-26,Santa Barbara,083,443738,9241,9061,78,9139,114
2020-09-26,Santa Clara,085,1922200,22234,20967,46,21013,270
2020-09-26,Santa Cruz,087,273765,2473,2336,32,2368,9
2020-09-26,Shasta,089,179085,1139,856,8,864,17
2020-09-26,Sierra,091,2930,6,6,0,6,0
2020-09-26,Siskiyou,093,43540,155,149,10,159,0
2020-09-26,Solano,095,438530,6372,6209,41,6250,51
2020-09-26,Sonoma,097,501317,7744,7285,21,7306,124
2020-09-26,Stanislaus,099,539301,16585,16421,525,16946,336
2020-09-26,Sutter,101,95872,1689,1662,1,1663,10
2020-09-26,Tehama,103,63373,591,560,2,562,2
2020-09-26,Trinity,105,12862,54,16,8,24,0
2020-09-26,Tulare,107,460477,16476,15881,134,16015,270
2020-09-26,Tuolumne,109,53932,233,223,4,227,2
2020-09-26,Ventura,111,848112,13446,12729,171,12900,137
2020-09-26,Yolo,113,214977,2849,2789,6,2795,55
2020-09-26,Yuba,115,75493,1094,1056,5,1061,7
2020-09-25,Alameda,001,1643700,21518,20911,180,21091,367
2020-09-25,Alpine,003,1148,3,2,0,2,0
2020-09-25,Amador,005,37829,295,289,0,289,16
2020-09-25,Butte,007,227075,2932,2819,27,2846,43
2020-09-25,Calaveras,009,45235,311,257,0,257,11
2020-09-25,Colusa,011,21464,532,528,0,528,6
2020-09-25,Contra Costa,013,1133247,17178,16401,81,16482,194
2020-09-25,Del Norte,015,27424,142,138,0,138,2
2020-09-25,El Dorado,017,186661,1209,1104,4,1108,4
2020-09-25,Fresno,019,978130,30769,28199,389,28588,385
2020-09-25,Glenn,021,27897,594,570,0,570,3
2020-09-25,Humboldt,023,135768,506,489,1,490,5
2020-09-25,Imperial,025,180216,11855,10681,8,10689,283
2020-09-25,Inyo,027,18085,189,187,4,191,14
2020-09-25,Kern,029,883053,32025,31333,325,31658,393
2020-09-25,Kings,031,150075,7852,7450,43,7493,77
2020-09-25,Lake,033,64148,585,539,0,539,9
2020-09-25,Lassen,035,31185,749,737,2,739,0
2020-09-25,Los Angeles,037,10098052,268494,265713,1880,267593,6483
2020-09-25,Madera,039,155013,4574,4369,31,4400,48
2020-09-25,Marin,041,260295,6748,6622,17,6639,90
2020-09-25,Mariposa,043,17540,76,74,0,74,2
2020-09-25,Mendocino,045,87422,884,819,3,822,17
2020-09-25,Merced,047,269075,8929,8830,21,8851,135
2020-09-25,Modoc,049,8938,29,26,0,26,0
2020-09-25,Mono,051,14174,169,149,2,151,1
2020-09-25,Monterey,053,433212,9962,9581,32,9613,68
2020-09-25,Napa,055,140530,1751,1669,8,1677,11
2020-09-25,Nevada,057,99092,541,529,16,545,6
2020-09-25,Orange,059,3164182,55033,52031,1484,53515,1184
2020-09-25,Placer,061,380077,3648,3527,14,3541,41
2020-09-25,Plumas,063,18699,49,48,0,48,0
2020-09-25,Riverside,065,2383286,59545,57783,174,57957,1183
2020-09-25,Sacramento,067,1510023,22699,22132,26,22158,418
2020-09-25,San Benito,069,59416,1346,1318,0,1318,11
2020-09-25,San Bernardino,071,2135413,54710,52814,347,53161,987
2020-09-25,San Diego,073,3302833,47877,46003,957,46960,775
2020-09-25,San Francisco,075,870044,11307,11066,29,11095,100
2020-09-25,San Joaquin,077,732212,20269,19909,57,19966,449
2020-09-25,San Luis Obispo,079,281455,3762,3512,21,3533,31
2020-09-25,San Mateo,081,765935,10190,9447,10,9457,127
2020-09-25,Santa Barbara,083,443738,9217,9026,78,9104,114
2020-09-25,Santa Clara,085,1922200,22170,20812,45,20857,265
2020-09-25,Santa Cruz,087,273765,2461,2309,31,2340,9
2020-09-25,Shasta,089,179085,1105,806,8,814,16
2020-09-25,Sierra,091,2930,6,6,0,6,0
2020-09-25,Siskiyou,093,43540,155,149,10,159,0
2020-09-25,Solano,095,438530,6356,6179,41,6220,50
2020-09-25,Sonoma,097,501317,7704,7202,21,7223,124
2020-09-25,Stanislaus,099,539301,16567,16381,523,16904,326
2020-09-25,Sutter,101,95872,1686,1655,1,1656,10
2020-09-25,Tehama,103,63373,583,546,2,548,2
2020-09-25,Trinity,105,12862,54,15,8,23,0
2020-09-25,Tulare,107,460477,16436,15815,132,15947,267
2020-09-25,Tuolumne,109,53932,233,223,4,227,2
2020-09-25,Ventura,111,848112,13403,12664,168,12832,137
2020-09-25,Yolo,113,214977,2841,2784,6,2790,55
2020-09-25,Yuba,115,75493,1089,1049,5,1054,5
2020-09-24,Alameda,001,1643700,21443,20838,177,21015,364
2020-09-24,Alpine,003,1148,3,2,0,2,0
2020-09-24,Amador,005,37829,295,288,0,288,16
2020-09-24,Butte,007,227075,2921,2803,27,2830,43
2020-09-24,Calaveras,009,45235,311,258,0,258,11
2020-09-24,Colusa,011,21464,532,523,0,523,6
2020-09-24,Contra Costa,013,1133247,17096,16252,81,16333,192
2020-09-24,Del Norte,015,27424,138,137,0,137,2
2020-09-24,El Dorado,017,186661,1200,1093,4,1097,4
2020-09-24,Fresno,019,978130,30663,28106,385,28491,375
2020-09-24,Glenn,021,27897,590,567,0,567,3
2020-09-24,Humboldt,023,135768,503,482,1,483,5
2020-09-24,Imperial,025,180216,11831,10622,8,10630,283
2020-09-24,Inyo,027,18085,189,187,4,191,13
2020-09-24,Kern,029,883053,31962,31273,323,31596,388
2020-09-24,Kings,031,150075,7836,7428,43,7471,76
2020-09-24,Lake,033,64148,576,531,0,531,9
2020-09-24,Lassen,035,31185,748,737,2,739,0
2020-09-24,Los Angeles,037,10098052,267452,264374,1862,266236,6452
2020-09-24,Madera,039,155013,4555,4344,31,4375,48
2020-09-24,Marin,041,260295,6720,6588,17,6605,85
2020-09-24,Mariposa,043,17540,76,74,0,74,2
2020-09-24,Mendocino,045,87422,880,810,3,813,17
2020-09-24,Merced,047,269075,8900,8813,20,8833,135
2020-09-24,Modoc,049,8938,29,24,0,24,0
2020-09-24,Mono,051,14174,169,149,2,151,1
2020-09-24,Monterey,053,433212,9896,9544,30,9574,67
2020-09-24,Napa,055,140530,1739,1661,8,1669,11
2020-09-24,Nevada,057,99092,540,527,16,543,6
2020-09-24,Orange,059,3164182,54825,51749,1466,53215,1164
2020-09-24,Placer,061,380077,3633,3514,14,3528,41
2020-09-24,Plumas,063,18699,49,48,0,48,0
2020-09-24,Riverside,065,2383286,59279,57491,168,57659,1172
2020-09-24,Sacramento,067,1510023,22573,21985,25,22010,417
2020-09-24,San Benito,069,59416,1344,1308,0,1308,11
2020-09-24,San Bernardino,071,2135413,54373,52455,346,52801,988
2020-09-24,San Diego,073,3302833,47608,45598,942,46540,773
2020-09-24,San Francisco,075,870044,11260,10992,29,11021,99
2020-09-24,San Joaquin,077,732212,20231,19851,55,19906,444
2020-09-24,San Luis Obispo,079,281455,3746,3480,21,3501,31
2020-09-24,San Mateo,081,765935,10142,9376,10,9386,127
2020-09-24,Santa Barbara,083,443738,9164,8988,77,9065,114
2020-09-24,Santa Clara,085,1922200,22082,20689,45,20734,262
2020-09-24,Santa Cruz,087,273765,2441,2300,29,2329,9
2020-09-24,Shasta,089,179085,1068,773,5,778,14
2020-09-24,Sierra,091,2930,6,6,0,6,0
2020-09-24,Siskiyou,093,43540,155,149,10,159,0
2020-09-24,Solano,095,438530,6323,6137,41,6178,49
2020-09-24,Sonoma,097,501317,7623,7163,21,7184,122
2020-09-24,Stanislaus,099,539301,16530,16326,518,16844,326
2020-09-24,Sutter,101,95872,1683,1646,1,1647,10
2020-09-24,Tehama,103,63373,580,540,2,542,2
2020-09-24,Trinity,105,12862,54,15,8,23,0
2020-09-24,Tulare,107,460477,16371,15754,131,15885,267
2020-09-24,Tuolumne,109,53932,233,224,4,228,2
2020-09-24,Ventura,111,848112,13321,12617,167,12784,138
2020-09-24,Yolo,113,214977,2834,2776,6,2782,55
2020-09-24,Yuba,115,75493,1084,1042,5,1047,5
2020-09-23,Alameda,001,1643700,21375,20718,175,20893,361
2020-09-23,Alpine,003,1148,3,2,0,2,0
2020-09-23,Amador,005,37829,294,288,0,288,16
2020-09-23,Butte,007,227075,2913,2790,27,2817,43
2020-09-23,Calaveras,009,45235,310,258,0,258,11
2020-09-23,Colusa,011,21464,531,521,0,521,6
2020-09-23,Contra Costa,013,1133247,17034,16167,80,16247,192
2020-09-23,Del Norte,015,27424,136,137,0,137,2
2020-09-23,El Dorado,017,186661,1186,1088,4,1092,4
2020-09-23,Fresno,019,978130,30568,28019,383,28402,371
2020-09-23,Glenn,021,27897,583,561,0,561,3
2020-09-23,Humboldt,023,135768,499,477,1,478,5
2020-09-23,Imperial,025,180216,11805,10587,8,10595,284
2020-09-23,Inyo,027,18085,188,177,4,181,13
2020-09-23,Kern,029,883053,31918,31172,321,31493,387
2020-09-23,Kings,031,150075,7814,7406,43,7449,76
2020-09-23,Lake,033,64148,571,519,0,519,9
2020-09-23,Lassen,035,31185,748,736,2,738,0
2020-09-23,Los Angeles,037,10098052,266436,263318,1833,265151,6421
2020-09-23,Madera,039,155013,4540,4311,31,4342,48
2020-09-23,Marin,041,260295,6701,6567,17,6584,85
2020-09-23,Mariposa,043,17540,76,74,0,74,2
2020-09-23,Mendocino,045,87422,879,801,2,803,17
2020-09-23,Merced,047,269075,8879,8785,18,8803,134
2020-09-23,Modoc,049,8938,29,24,0,24,0
2020-09-23,Mono,051,14174,169,149,2,151,1
2020-09-23,Monterey,053,433212,9827,9452,29,9481,67
2020-09-23,Napa,055,140530,1730,1653,8,1661,11
2020-09-23,Nevada,057,99092,539,523,16,539,6
2020-09-23,Orange,059,3164182,54598,51658,1458,53116,1155
2020-09-23,Placer,061,380077,3621,3506,14,3520,41
2020-09-23,Plumas,063,18699,49,48,0,48,0
2020-09-23,Riverside,065,2383286,58973,57257,165,57422,1165
2020-09-23,Sacramento,067,1510023,22496,21821,25,21846,415
2020-09-23,San Benito,069,59416,1338,1305,0,1305,10
2020-09-23,San Bernardino,071,2135413,54079,52132,344,52476,973
2020-09-23,San Diego,073,3302833,47332,45427,923,46350,767
2020-09-23,San Francisco,075,870044,11211,10926,29,10955,95
2020-09-23,San Joaquin,077,732212,20178,19785,55,19840,439
2020-09-23,San Luis Obispo,079,281455,3728,3447,21,3468,31
2020-09-23,San Mateo,081,765935,10102,9351,10,9361,127
2020-09-23,Santa Barbara,083,443738,9135,8952,77,9029,112
2020-09-23,Santa Clara,085,1922200,21971,20575,42,20617,260
2020-09-23,Santa Cruz,087,273765,2422,2283,29,2312,9
2020-09-23,Shasta,089,179085,1029,756,4,760,14
2020-09-23,Sierra,091,2930,6,6,0,6,0
2020-09-23,Siskiyou,093,43540,155,149,10,159,0
2020-09-23,Solano,095,438530,6297,6123,41,6164,50
2020-09-23,Sonoma,097,501317,7547,7091,21,7112,122
2020-09-23,Stanislaus,099,539301,16500,16271,515,16786,317
2020-09-23,Sutter,101,95872,1679,1646,1,1647,10
2020-09-23,Tehama,103,63373,574,533,2,535,2
2020-09-23,Trinity,105,12862,53,15,8,23,0
2020-09-23,Tulare,107,460477,16306,15664,130,15794,266
2020-09-23,Tuolumne,109,53932,233,223,4,227,2
2020-09-23,Ventura,111,848112,13265,12591,164,12755,137
2020-09-23,Yolo,113,214977,2816,2766,6,2772,55
2020-09-23,Yuba,115,75493,1082,1038,5,1043,5
2020-09-22,Alameda,001,1643700,21295,20607,173,20780,355
2020-09-22,Alpine,003,1148,2,2,0,2,0
2020-09-22,Amador,005,37829,293,287,0,287,16
2020-09-22,Butte,007,227075,2908,2776,27,2803,43
2020-09-22,Calaveras,009,45235,310,258,0,258,11
2020-09-22,Colusa,011,21464,529,518,0,518,6
2020-09-22,Contra Costa,013,1133247,16944,16090,80,16170,190
2020-09-22,Del Norte,015,27424,136,137,0,137,2
2020-09-22,El Dorado,017,186661,1167,1076,4,1080,4
2020-09-22,Fresno,019,978130,30473,27944,380,28324,369
2020-09-22,Glenn,021,27897,580,560,0,560,3
2020-09-22,Humboldt,023,135768,498,476,1,477,5
2020-09-22,Imperial,025,180216,11776,10529,8,10537,284
2020-09-22,Inyo,027,18085,188,177,4,181,13
2020-09-22,Kern,029,883053,31850,31110,314,31424,383
2020-09-22,Kings,031,150075,7757,7395,42,7437,76
2020-09-22,Lake,033,64148,563,516,0,516,9
2020-09-22,Lassen,035,31185,747,736,2,738,0
2020-09-22,Los Angeles,037,10098052,265370,262117,1808,263925,6394
2020-09-22,Madera,039,155013,4524,4303,31,4334,47
2020-09-22,Marin,041,260295,6687,6561,17,6578,84
2020-09-22,Mariposa,043,17540,76,74,0,74,2
2020-09-22,Mendocino,045,87422,859,794,1,795,18
2020-09-22,Merced,047,269075,8849,8769,18,8787,132
2020-09-22,Modoc,049,8938,29,24,0,24,0
2020-09-22,Mono,051,14174,168,149,2,151,1
2020-09-22,Monterey,053,433212,9769,9393,28,9421,67
2020-09-22,Napa,055,140530,1713,1652,8,1660,11
2020-09-22,Nevada,057,99092,539,523,16,539,6
2020-09-22,Orange,059,3164182,54348,51528,1449,52977,1132
2020-09-22,Placer,061,380077,3609,3492,14,3506,40
2020-09-22,Plumas,063,18699,49,48,0,48,0
2020-09-22,Riverside,065,2383286,58489,57066,161,57227,1162
2020-09-22,Sacramento,067,1510023,22376,21745,25,21770,410
2020-09-22,San Benito,069,59416,1333,1305,0,1305,10
2020-09-22,San Bernardino,071,2135413,53805,51899,344,52243,971
2020-09-22,San Diego,073,3302833,47025,45149,904,46053,765
2020-09-22,San Francisco,075,870044,11167,10893,28,10921,95
2020-09-22,San Joaquin,077,732212,20131,19755,54,19809,426
2020-09-22,San Luis Obispo,079,281455,3706,3420,21,3441,31
2020-09-22,San Mateo,081,765935,10064,9291,10,9301,127
2020-09-22,Santa Barbara,083,443738,9105,8927,76,9003,111
2020-09-22,Santa Clara,085,1922200,21852,20514,42,20556,253
2020-09-22,Santa Cruz,087,273765,2399,2264,29,2293,8
2020-09-22,Shasta,089,179085,994,723,4,727,14
2020-09-22,Sierra,091,2930,6,6,0,6,0
2020-09-22,Siskiyou,093,43540,155,149,10,159,0
2020-09-22,Solano,095,438530,6266,6107,41,6148,48
2020-09-22,Sonoma,097,501317,7468,7068,20,7088,117
2020-09-22,Stanislaus,099,539301,16477,16231,508,16739,316
2020-09-22,Sutter,101,95872,1673,1638,1,1639,10
2020-09-22,Tehama,103,63373,566,529,2,531,2
2020-09-22,Trinity,105,12862,53,15,8,23,0
2020-09-22,Tulare,107,460477,16239,15616,126,15742,263
2020-09-22,Tuolumne,109,53932,232,224,4,228,1
2020-09-22,Ventura,111,848112,13213,12507,160,12667,136
2020-09-22,Yolo,113,214977,2809,2763,6,2769,54
2020-09-22,Yuba,115,75493,1073,1035,5,1040,5
2020-09-21,Alameda,001,1643700,21216,20501,172,20673,343
2020-09-21,Alpine,003,1148,2,2,0,2,0
2020-09-21,Amador,005,37829,291,286,0,286,16
2020-09-21,Butte,007,227075,2894,2769,27,2796,41
2020-09-21,Calaveras,009,45235,308,256,0,256,10
2020-09-21,Colusa,011,21464,528,517,0,517,6
2020-09-21,Contra Costa,013,1133247,16857,16008,80,16088,189
2020-09-21,Del Norte,015,27424,136,132,0,132,2
2020-09-21,El Dorado,017,186661,1158,1074,4,1078,4
2020-09-21,Fresno,019,978130,30371,27843,373,28216,362
2020-09-21,Glenn,021,27897,576,556,0,556,3
2020-09-21,Humboldt,023,135768,494,473,1,474,5
2020-09-21,Imperial,025,180216,11745,10521,8,10529,284
2020-09-21,Inyo,027,18085,187,177,4,181,12
2020-09-21,Kern,029,883053,31778,31031,312,31343,379
2020-09-21,Kings,031,150075,7644,7297,41,7338,76
2020-09-21,Lake,033,64148,558,508,0,508,8
2020-09-21,Lassen,035,31185,745,735,2,737,0
2020-09-21,Los Angeles,037,10098052,264283,261418,1763,263181,6360
2020-09-21,Madera,039,155013,4513,4275,30,4305,47
2020-09-21,Marin,041,260295,6676,6538,16,6554,84
2020-09-21,Mariposa,043,17540,75,74,0,74,2
2020-09-21,Mendocino,045,87422,844,778,0,778,18
2020-09-21,Merced,047,269075,8830,8749,16,8765,128
2020-09-21,Modoc,049,8938,29,22,0,22,0
2020-09-21,Mono,051,14174,168,147,2,149,1
2020-09-21,Monterey,053,433212,9705,9331,25,9356,66
2020-09-21,Napa,055,140530,1702,1641,8,1649,11
2020-09-21,Nevada,057,99092,537,515,16,531,6
2020-09-21,Orange,059,3164182,54126,51363,1442,52805,1110
2020-09-21,Placer,061,380077,3599,3473,14,3487,40
2020-09-21,Plumas,063,18699,49,47,0,47,0
2020-09-21,Riverside,065,2383286,58217,57001,154,57155,1153
2020-09-21,Sacramento,067,1510023,22195,21568,25,21593,404
2020-09-21,San Benito,069,59416,1331,1298,0,1298,10
2020-09-21,San Bernardino,071,2135413,53519,51654,344,51998,970
2020-09-21,San Diego,073,3302833,46741,44927,883,45810,760
2020-09-21,San Francisco,075,870044,11119,10743,28,10771,95
2020-09-21,San Joaquin,077,732212,20073,19579,54,19633,423
2020-09-21,San Luis Obispo,079,281455,3680,3406,21,3427,27
2020-09-21,San Mateo,081,765935,10012,9239,10,9249,127
2020-09-21,Santa Barbara,083,443738,9077,8911,76,8987,110
2020-09-21,Santa Clara,085,1922200,21751,20432,42,20474,252
2020-09-21,Santa Cruz,087,273765,2382,2257,27,2284,8
2020-09-21,Shasta,089,179085,944,696,4,700,14
2020-09-21,Sierra,091,2930,6,6,0,6,0
2020-09-21,Siskiyou,093,43540,155,146,10,156,0
2020-09-21,Solano,095,438530,6242,6019,41,6060,46
2020-09-21,Sonoma,097,501317,7392,7017,20,7037,117
2020-09-21,Stanislaus,099,539301,16447,16186,508,16694,310
2020-09-21,Sutter,101,95872,1666,1634,1,1635,10
2020-09-21,Tehama,103,63373,547,513,2,515,2
2020-09-21,Trinity,105,12862,53,15,8,23,0
2020-09-21,Tulare,107,460477,16165,15528,117,15645,260
2020-09-21,Tuolumne,109,53932,232,221,4,225,1
2020-09-21,Ventura,111,848112,13129,12477,154,12631,133
2020-09-21,Yolo,113,214977,2803,2752,6,2758,54
2020-09-21,Yuba,115,75493,1069,1033,5,1038,1
2020-09-20,Alameda,001,1643700,21116,20425,169,20594,343
2020-09-20,Alpine,003,1148,2,2,0,2,0
2020-09-20,Amador,005,37829,290,286,0,286,16
2020-09-20,Butte,007,227075,2882,2764,27,2791,39
2020-09-20,Calaveras,009,45235,304,256,0,256,10
2020-09-20,Colusa,011,21464,526,510,0,510,6
2020-09-20,Contra Costa,013,1133247,16723,15917,79,15996,189
2020-09-20,Del Norte,015,27424,134,132,0,132,2
2020-09-20,El Dorado,017,186661,1143,1073,4,1077,4
2020-09-20,Fresno,019,978130,30257,27769,368,28137,362
2020-09-20,Glenn,021,27897,572,550,0,550,3
2020-09-20,Humboldt,023,135768,494,472,1,473,5
2020-09-20,Imperial,025,180216,11718,10496,7,10503,284
2020-09-20,Inyo,027,18085,187,177,4,181,12
2020-09-20,Kern,029,883053,31695,30992,308,31300,379
2020-09-20,Kings,031,150075,7597,7159,40,7199,76
2020-09-20,Lake,033,64148,546,492,0,492,8
2020-09-20,Lassen,035,31185,745,735,2,737,0
2020-09-20,Los Angeles,037,10098052,263053,260770,1738,262508,6347
2020-09-20,Madera,039,155013,4493,4257,30,4287,47
2020-09-20,Marin,041,260295,6650,6533,16,6549,83
2020-09-20,Mariposa,043,17540,75,74,0,74,2
2020-09-20,Mendocino,045,87422,832,765,0,765,18
2020-09-20,Merced,047,269075,8803,8745,16,8761,128
2020-09-20,Modoc,049,8938,27,22,0,22,0
2020-09-20,Mono,051,14174,167,147,2,149,1
2020-09-20,Monterey,053,433212,9626,9312,25,9337,65
2020-09-20,Napa,055,140530,1693,1626,8,1634,11
2020-09-20,Nevada,057,99092,534,511,16,527,6
2020-09-20,Orange,059,3164182,53885,51233,1432,52665,1110
2020-09-20,Placer,061,380077,3584,3452,14,3466,40
2020-09-20,Plumas,063,18699,49,47,0,47,0
2020-09-20,Riverside,065,2383286,58016,56783,148,56931,1147
2020-09-20,Sacramento,067,1510023,22008,21394,24,21418,401
2020-09-20,San Benito,069,59416,1320,1291,0,1291,9
2020-09-20,San Bernardino,071,2135413,53200,51559,342,51901,970
2020-09-20,San Diego,073,3302833,46368,44579,854,45433,760
2020-09-20,San Francisco,075,870044,11065,10743,28,10771,95
2020-09-20,San Joaquin,077,732212,20008,19578,47,19625,423
2020-09-20,San Luis Obispo,079,281455,3652,3393,21,3414,27
2020-09-20,San Mateo,081,765935,9946,9198,10,9208,127
2020-09-20,Santa Barbara,083,443738,9041,8880,75,8955,110
2020-09-20,Santa Clara,085,1922200,21630,20330,41,20371,252
2020-09-20,Santa Cruz,087,273765,2362,2199,27,2226,8
2020-09-20,Shasta,089,179085,903,696,3,699,14
2020-09-20,Sierra,091,2930,6,6,0,6,0
2020-09-20,Siskiyou,093,43540,155,146,10,156,0
2020-09-20,Solano,095,438530,6198,6020,41,6061,46
2020-09-20,Sonoma,097,501317,7288,6954,20,6974,117
2020-09-20,Stanislaus,099,539301,16416,16159,501,16660,310
2020-09-20,Sutter,101,95872,1660,1624,1,1625,10
2020-09-20,Tehama,103,63373,534,509,2,511,2
2020-09-20,Trinity,105,12862,53,15,8,23,0
2020-09-20,Tulare,107,460477,16079,15528,111,15639,260
2020-09-20,Tuolumne,109,53932,232,221,4,225,1
2020-09-20,Ventura,111,848112,13063,12406,150,12556,133
2020-09-20,Yolo,113,214977,2795,2745,6,2751,54
2020-09-20,Yuba,115,75493,1062,1029,5,1034,1
2020-09-19,Alameda,001,1643700,21066,20349,166,20515,343
2020-09-19,Alpine,003,1148,2,2,0,2,0
2020-09-19,Amador,005,37829,290,285,0,285,16
2020-09-19,Butte,007,227075,2876,2748,27,2775,38
2020-09-19,Calaveras,009,45235,304,256,0,256,10
2020-09-19,Colusa,011,21464,526,507,0,507,6
2020-09-19,Contra Costa,013,1133247,16660,15783,79,15862,186
2020-09-19,Del Norte,015,27424,133,132,0,132,2
2020-09-19,El Dorado,017,186661,1137,1068,3,1071,4
2020-09-19,Fresno,019,978130,30184,27668,368,28036,362
2020-09-19,Glenn,021,27897,569,547,0,547,3
2020-09-19,Humboldt,023,135768,493,471,1,472,5
2020-09-19,Imperial,025,180216,11703,10496,7,10503,284
2020-09-19,Inyo,027,18085,187,177,4,181,12
2020-09-19,Kern,029,883053,31641,30886,305,31191,379
2020-09-19,Kings,031,150075,7591,7130,40,7170,76
2020-09-19,Lake,033,64148,546,465,0,465,8
2020-09-19,Lassen,035,31185,745,731,2,733,0
2020-09-19,Los Angeles,037,10098052,262427,259801,1724,261525,6325
2020-09-19,Madera,039,155013,4470,4237,30,4267,47
2020-09-19,Marin,041,260295,6643,6513,15,6528,81
2020-09-19,Mariposa,043,17540,75,74,0,74,2
2020-09-19,Mendocino,045,87422,829,750,0,750,18
2020-09-19,Merced,047,269075,8792,8717,15,8732,128
2020-09-19,Modoc,049,8938,27,22,0,22,0
2020-09-19,Mono,051,14174,167,147,2,149,1
2020-09-19,Monterey,053,433212,9584,9237,25,9262,65
2020-09-19,Napa,055,140530,1685,1614,8,1622,11
2020-09-19,Nevada,057,99092,532,505,16,521,6
2020-09-19,Orange,059,3164182,53757,50999,1425,52424,1105
2020-09-19,Placer,061,380077,3575,3412,14,3426,40
2020-09-19,Plumas,063,18699,49,47,0,47,0
2020-09-19,Riverside,065,2383286,57889,56562,147,56709,1147
2020-09-19,Sacramento,067,1510023,21954,21297,24,21321,396
2020-09-19,San Benito,069,59416,1316,1276,0,1276,9
2020-09-19,San Bernardino,071,2135413,53044,51353,339,51692,971
2020-09-19,San Diego,073,3302833,46140,44295,831,45126,773
2020-09-19,San Francisco,075,870044,11032,10741,28,10769,95
2020-09-19,San Joaquin,077,732212,19971,19580,47,19627,424
2020-09-19,San Luis Obispo,079,281455,3631,3369,21,3390,27
2020-09-19,San Mateo,081,765935,9915,9158,10,9168,127
2020-09-19,Santa Barbara,083,443738,9021,8862,75,8937,106
2020-09-19,Santa Clara,085,1922200,21541,20170,41,20211,251
2020-09-19,Santa Cruz,087,273765,2348,2198,26,2224,8
2020-09-19,Shasta,089,179085,876,687,3,690,14
2020-09-19,Sierra,091,2930,6,6,0,6,0
2020-09-19,Siskiyou,093,43540,155,146,10,156,0
2020-09-19,Solano,095,438530,6182,5998,41,6039,46
2020-09-19,Sonoma,097,501317,7255,6905,20,6925,117
2020-09-19,Stanislaus,099,539301,16376,16109,494,16603,313
2020-09-19,Sutter,101,95872,1659,1602,1,1603,10
2020-09-19,Tehama,103,63373,529,498,2,500,2
2020-09-19,Trinity,105,12862,53,15,8,23,0
2020-09-19,Tulare,107,460477,16030,15485,108,15593,260
2020-09-19,Tuolumne,109,53932,232,217,4,221,1
2020-09-19,Ventura,111,848112,13031,12328,150,12478,133
2020-09-19,Yolo,113,214977,2787,2739,6,2745,54
2020-09-19,Yuba,115,75493,1055,1023,5,1028,1
2020-09-18,Alameda,001,1643700,21001,20222,160,20382,341
2020-09-18,Alpine,003,1148,2,2,0,2,0
2020-09-18,Amador,005,37829,290,285,0,285,16
2020-09-18,Butte,007,227075,2874,2738,27,2765,37
2020-09-18,Calaveras,009,45235,304,255,0,255,9
2020-09-18,Colusa,011,21464,526,504,0,504,6
2020-09-18,Contra Costa,013,1133247,16575,15667,79,15746,185
2020-09-18,Del Norte,015,27424,133,131,0,131,2
2020-09-18,El Dorado,017,186661,1124,1063,3,1066,4
2020-09-18,Fresno,019,978130,30119,27560,368,27928,359
2020-09-18,Glenn,021,27897,566,541,0,541,3
2020-09-18,Humboldt,023,135768,490,470,1,471,5
2020-09-18,Imperial,025,180216,11688,10460,7,10467,283
2020-09-18,Inyo,027,18085,187,177,4,181,12
2020-09-18,Kern,029,883053,31583,30742,302,31044,373
2020-09-18,Kings,031,150075,7581,7062,40,7102,74
2020-09-18,Lake,033,64148,540,458,0,458,8
2020-09-18,Lassen,035,31185,744,731,2,733,0
2020-09-18,Los Angeles,037,10098052,261666,258488,1706,260194,6324
2020-09-18,Madera,039,155013,4458,4211,30,4241,45
2020-09-18,Marin,041,260295,6628,6475,15,6490,81
2020-09-18,Mariposa,043,17540,75,74,0,74,2
2020-09-18,Mendocino,045,87422,821,739,0,739,18
2020-09-18,Merced,047,269075,8780,8691,14,8705,127
2020-09-18,Modoc,049,8938,27,22,0,22,0
2020-09-18,Mono,051,14174,165,147,2,149,1
2020-09-18,Monterey,053,433212,9543,9183,25,9208,64
2020-09-18,Napa,055,140530,1679,1604,8,1612,11
2020-09-18,Nevada,057,99092,529,504,16,520,6
2020-09-18,Orange,059,3164182,53610,50733,1413,52146,1107
2020-09-18,Placer,061,380077,3564,3389,14,3403,40
2020-09-18,Plumas,063,18699,49,45,0,45,0
2020-09-18,Riverside,065,2383286,57767,56248,142,56390,1143
2020-09-18,Sacramento,067,1510023,21871,21105,24,21129,391
2020-09-18,San Benito,069,59416,1308,1257,0,1257,8
2020-09-18,San Bernardino,071,2135413,52899,51106,336,51442,970
2020-09-18,San Diego,073,3302833,45890,44009,826,44835,757
2020-09-18,San Francisco,075,870044,10994,10644,27,10671,95
2020-09-18,San Joaquin,077,732212,19927,19531,46,19577,423
2020-09-18,San Luis Obispo,079,281455,3607,3328,21,3349,27
2020-09-18,San Mateo,081,765935,9875,9062,10,9072,127
2020-09-18,Santa Barbara,083,443738,9000,8824,75,8899,107
2020-09-18,Santa Clara,085,1922200,21443,20058,41,20099,252
2020-09-18,Santa Cruz,087,273765,2327,2180,25,2205,8
2020-09-18,Shasta,089,179085,841,668,3,671,14
2020-09-18,Sierra,091,2930,6,6,0,6,0
2020-09-18,Siskiyou,093,43540,154,146,10,156,0
2020-09-18,Solano,095,438530,6166,5961,41,6002,46
2020-09-18,Sonoma,097,501317,7207,6856,20,6876,114
2020-09-18,Stanislaus,099,539301,16348,16042,488,16530,277
2020-09-18,Sutter,101,95872,1652,1586,1,1587,10
2020-09-18,Tehama,103,63373,529,490,2,492,2
2020-09-18,Trinity,105,12862,53,15,7,22,0
2020-09-18,Tulare,107,460477,15997,15435,104,15539,259
2020-09-18,Tuolumne,109,53932,231,216,4,220,1
2020-09-18,Ventura,111,848112,12970,12236,146,12382,133
2020-09-18,Yolo,113,214977,2781,2732,6,2738,54
2020-09-18,Yuba,115,75493,1051,1020,5,1025,1
2020-09-17,Alameda,001,1643700,20902,20146,160,20306,339
2020-09-17,Alpine,003,1148,2,2,0,2,0
2020-09-17,Amador,005,37829,288,284,0,284,16
2020-09-17,Butte,007,227075,2856,2720,27,2747,38
2020-09-17,Calaveras,009,45235,304,254,0,254,9
2020-09-17,Colusa,011,21464,524,499,0,499,6
2020-09-17,Contra Costa,013,1133247,16486,15576,79,15655,184
2020-09-17,Del Norte,015,27424,133,131,0,131,2
2020-09-17,El Dorado,017,186661,1115,1057,3,1060,4
2020-09-17,Fresno,019,978130,30009,27487,363,27850,355
2020-09-17,Glenn,021,27897,565,541,0,541,3
2020-09-17,Humboldt,023,135768,484,466,1,467,5
2020-09-17,Imperial,025,180216,11671,10436,7,10443,281
2020-09-17,Inyo,027,18085,187,176,4,180,12
2020-09-17,Kern,029,883053,31522,30627,295,30922,372
2020-09-17,Kings,031,150075,7510,7015,40,7055,72
2020-09-17,Lake,033,64148,530,433,0,433,8
2020-09-17,Lassen,035,31185,742,731,2,733,0
2020-09-17,Los Angeles,037,10098052,260724,257246,1691,258937,6318
2020-09-17,Madera,039,155013,4424,4152,30,4182,45
2020-09-17,Marin,041,260295,6607,6457,15,6472,81
2020-09-17,Mariposa,043,17540,75,74,0,74,2
2020-09-17,Mendocino,045,87422,810,737,0,737,18
2020-09-17,Merced,047,269075,8761,8671,14,8685,119
2020-09-17,Modoc,049,8938,27,22,0,22,0
2020-09-17,Mono,051,14174,165,147,2,149,1
2020-09-17,Monterey,053,433212,9481,9113,25,9138,62
2020-09-17,Napa,055,140530,1668,1592,8,1600,11
2020-09-17,Nevada,057,99092,527,494,16,510,6
2020-09-17,Orange,059,3164182,53429,50537,1401,51938,1098
2020-09-17,Placer,061,380077,3543,3368,14,3382,40
2020-09-17,Plumas,063,18699,49,45,0,45,0
2020-09-17,Riverside,065,2383286,57541,56007,141,56148,1134
2020-09-17,Sacramento,067,1510023,21636,20895,24,20919,385
2020-09-17,San Benito,069,59416,1305,1252,0,1252,8
2020-09-17,San Bernardino,071,2135413,52697,50770,336,51106,904
2020-09-17,San Diego,073,3302833,45610,43621,814,44435,754
2020-09-17,San Francisco,075,870044,10899,10564,27,10591,95
2020-09-17,San Joaquin,077,732212,19868,19439,46,19485,416
2020-09-17,San Luis Obispo,079,281455,3577,3299,21,3320,27
2020-09-17,San Mateo,081,765935,9833,8984,10,8994,127
2020-09-17,Santa Barbara,083,443738,8976,8779,75,8854,107
2020-09-17,Santa Clara,085,1922200,21326,19825,41,19866,254
2020-09-17,Santa Cruz,087,273765,2311,2155,25,2180,7
2020-09-17,Shasta,089,179085,802,660,3,663,12
2020-09-17,Sierra,091,2930,6,6,0,6,0
2020-09-17,Siskiyou,093,43540,154,146,10,156,0
2020-09-17,Solano,095,438530,6143,5915,41,5956,44
2020-09-17,Sonoma,097,501317,7143,6754,20,6774,114
2020-09-17,Stanislaus,099,539301,16315,15984,484,16468,277
2020-09-17,Sutter,101,95872,1647,1572,1,1573,10
2020-09-17,Tehama,103,63373,515,487,2,489,2
2020-09-17,Trinity,105,12862,53,15,7,22,0
2020-09-17,Tulare,107,460477,15944,15344,102,15446,258
2020-09-17,Tuolumne,109,53932,230,214,4,218,1
2020-09-17,Ventura,111,848112,12883,12167,142,12309,130
2020-09-17,Yolo,113,214977,2772,2724,6,2730,53
2020-09-17,Yuba,115,75493,1047,1015,5,1020,1
2020-09-16,Alameda,001,1643700,20804,20009,158,20167,333
2020-09-16,Alpine,003,1148,2,2,0,2,0
2020-09-16,Amador,005,37829,288,284,0,284,16
2020-09-16,Butte,007,227075,2846,2704,26,2730,38
2020-09-16,Calaveras,009,45235,304,254,0,254,9
2020-09-16,Colusa,011,21464,522,497,0,497,6
2020-09-16,Contra Costa,013,1133247,16400,15473,79,15552,183
2020-09-16,Del Norte,015,27424,133,131,0,131,2
2020-09-16,El Dorado,017,186661,1107,1049,3,1052,4
2020-09-16,Fresno,019,978130,29902,27381,361,27742,343
2020-09-16,Glenn,021,27897,563,539,0,539,3
2020-09-16,Humboldt,023,135768,483,455,1,456,4
2020-09-16,Imperial,025,180216,11648,10401,7,10408,277
2020-09-16,Inyo,027,18085,186,176,4,180,12
2020-09-16,Kern,029,883053,31462,30570,294,30864,371
2020-09-16,Kings,031,150075,7485,7002,37,7039,71
2020-09-16,Lake,033,64148,519,417,0,417,6
2020-09-16,Lassen,035,31185,741,730,2,732,0
2020-09-16,Los Angeles,037,10098052,259744,256101,1674,257775,6299
2020-09-16,Madera,039,155013,4401,4138,30,4168,45
2020-09-16,Marin,041,260295,6579,6430,15,6445,77
2020-09-16,Mariposa,043,17540,75,74,0,74,2
2020-09-16,Mendocino,045,87422,801,727,0,727,18
2020-09-16,Merced,047,269075,8740,8646,14,8660,118
2020-09-16,Modoc,049,8938,27,22,0,22,0
2020-09-16,Mono,051,14174,165,147,2,149,1
2020-09-16,Monterey,053,433212,9427,8997,25,9022,62
2020-09-16,Napa,055,140530,1654,1587,8,1595,11
2020-09-16,Nevada,057,99092,522,495,15,510,6
2020-09-16,Orange,059,3164182,53228,50414,1392,51806,1096
2020-09-16,Placer,061,380077,3525,3351,14,3365,39
2020-09-16,Plumas,063,18699,49,45,0,45,0
2020-09-16,Riverside,065,2383286,57347,55811,133,55944,1127
2020-09-16,Sacramento,067,1510023,21541,20610,24,20634,377
2020-09-16,San Benito,069,59416,1297,1244,0,1244,8
2020-09-16,San Bernardino,071,2135413,52472,50509,335,50844,907
2020-09-16,San Diego,073,3302833,45318,43447,793,44240,748
2020-09-16,San Francisco,075,870044,10852,10502,27,10529,90
2020-09-16,San Joaquin,077,732212,19814,19377,45,19422,409
2020-09-16,San Luis Obispo,079,281455,3546,3285,21,3306,28
2020-09-16,San Mateo,081,765935,9768,8944,10,8954,127
2020-09-16,Santa Barbara,083,443738,8943,8764,75,8839,107
2020-09-16,Santa Clara,085,1922200,21207,19684,41,19725,253
2020-09-16,Santa Cruz,087,273765,2270,2089,24,2113,7
2020-09-16,Shasta,089,179085,776,635,3,638,11
2020-09-16,Sierra,091,2930,6,6,0,6,0
2020-09-16,Siskiyou,093,43540,153,145,10,155,0
2020-09-16,Solano,095,438530,6113,5899,41,5940,44
2020-09-16,Sonoma,097,501317,7082,6731,20,6751,104
2020-09-16,Stanislaus,099,539301,16267,15897,476,16373,263
2020-09-16,Sutter,101,95872,1634,1567,1,1568,10
2020-09-16,Tehama,103,63373,507,485,2,487,2
2020-09-16,Trinity,105,12862,53,15,7,22,0
2020-09-16,Tulare,107,460477,15899,15314,95,15409,258
2020-09-16,Tuolumne,109,53932,229,210,4,214,1
2020-09-16,Ventura,111,848112,12812,12073,140,12213,130
2020-09-16,Yolo,113,214977,2765,2709,6,2715,53
2020-09-16,Yuba,115,75493,1045,1000,5,1005,1
2020-09-15,Alameda,001,1643700,20697,19931,155,20086,327
2020-09-15,Alpine,003,1148,2,2,0,2,0
2020-09-15,Amador,005,37829,287,282,0,282,16
2020-09-15,Butte,007,227075,2833,2695,24,2719,38
2020-09-15,Calaveras,009,45235,304,248,0,248,5
2020-09-15,Colusa,011,21464,516,497,0,497,6
2020-09-15,Contra Costa,013,1133247,16297,15423,78,15501,180
2020-09-15,Del Norte,015,27424,133,129,0,129,2
2020-09-15,El Dorado,017,186661,1102,1046,3,1049,4
2020-09-15,Fresno,019,978130,29795,27312,356,27668,343
2020-09-15,Glenn,021,27897,562,531,0,531,3
2020-09-15,Humboldt,023,135768,481,456,1,457,4
2020-09-15,Imperial,025,180216,11623,10376,7,10383,277
2020-09-15,Inyo,027,18085,186,176,4,180,12
2020-09-15,Kern,029,883053,31349,30429,291,30720,368
2020-09-15,Kings,031,150075,7327,6977,37,7014,70
2020-09-15,Lake,033,64148,505,416,0,416,4
2020-09-15,Lassen,035,31185,737,719,2,721,0
2020-09-15,Los Angeles,037,10098052,258634,255048,1652,256700,6269
2020-09-15,Madera,039,155013,4382,4122,30,4152,45
2020-09-15,Marin,041,260295,6548,6423,15,6438,77
2020-09-15,Mariposa,043,17540,75,74,0,74,2
2020-09-15,Mendocino,045,87422,783,724,0,724,18
2020-09-15,Merced,047,269075,8710,8633,14,8647,114
2020-09-15,Modoc,049,8938,26,21,0,21,0
2020-09-15,Mono,051,14174,165,147,2,149,1
2020-09-15,Monterey,053,433212,9378,8943,25,8968,62
2020-09-15,Napa,055,140530,1640,1580,8,1588,11
2020-09-15,Nevada,057,99092,517,494,15,509,6
2020-09-15,Orange,059,3164182,53046,50294,1377,51671,1088
2020-09-15,Placer,061,380077,3501,3331,14,3345,38
2020-09-15,Plumas,063,18699,49,44,0,44,0
2020-09-15,Riverside,065,2383286,57053,55569,123,55692,1118
2020-09-15,Sacramento,067,1510023,21398,20487,24,20511,372
2020-09-15,San Benito,069,59416,1290,1237,0,1237,7
2020-09-15,San Bernardino,071,2135413,52256,50333,334,50667,904
2020-09-15,San Diego,073,3302833,44999,43183,773,43956,742
2020-09-15,San Francisco,075,870044,10794,10414,27,10441,90
2020-09-15,San Joaquin,077,732212,19762,19313,45,19358,401
2020-09-15,San Luis Obispo,079,281455,3526,3262,21,3283,28
2020-09-15,San Mateo,081,765935,9698,8895,10,8905,127
2020-09-15,Santa Barbara,083,443738,8918,8724,74,8798,104
2020-09-15,Santa Clara,085,1922200,21071,19610,41,19651,252
2020-09-15,Santa Cruz,087,273765,2244,2079,23,2102,7
2020-09-15,Shasta,089,179085,764,627,3,630,11
2020-09-15,Sierra,091,2930,6,6,0,6,0
2020-09-15,Siskiyou,093,43540,153,143,10,153,0
2020-09-15,Solano,095,438530,6079,5878,41,5919,45
2020-09-15,Sonoma,097,501317,7043,6701,20,6721,104
2020-09-15,Stanislaus,099,539301,16219,15880,474,16354,260
2020-09-15,Sutter,101,95872,1623,1556,1,1557,10
2020-09-15,Tehama,103,63373,495,484,2,486,2
2020-09-15,Trinity,105,12862,53,15,7,22,0
2020-09-15,Tulare,107,460477,15823,15203,93,15296,254
2020-09-15,Tuolumne,109,53932,229,209,4,213,1
2020-09-15,Ventura,111,848112,12759,11932,139,12071,128
2020-09-15,Yolo,113,214977,2761,2708,6,2714,53
2020-09-15,Yuba,115,75493,1039,991,4,995,1
2020-09-14,Alameda,001,1643700,20570,19851,154,20005,306
2020-09-14,Alpine,003,1148,2,2,0,2,0
2020-09-14,Amador,005,37829,285,281,0,281,16
2020-09-14,Butte,007,227075,2816,2642,24,2666,37
2020-09-14,Calaveras,009,45235,304,244,0,244,3
2020-09-14,Colusa,011,21464,515,486,0,486,6
2020-09-14,Contra Costa,013,1133247,16173,15354,77,15431,174
2020-09-14,Del Norte,015,27424,130,116,0,116,2
2020-09-14,El Dorado,017,186661,1098,1039,3,1042,3
2020-09-14,Fresno,019,978130,29710,27232,353,27585,344
2020-09-14,Glenn,021,27897,554,521,0,521,3
2020-09-14,Humboldt,023,135768,478,437,1,438,4
2020-09-14,Imperial,025,180216,11603,10340,7,10347,273
2020-09-14,Inyo,027,18085,186,176,4,180,12
2020-09-14,Kern,029,883053,31261,30344,290,30634,368
2020-09-14,Kings,031,150075,7246,6950,37,6987,70
2020-09-14,Lake,033,64148,485,407,0,407,4
2020-09-14,Lassen,035,31185,737,719,2,721,0
2020-09-14,Los Angeles,037,10098052,257607,254622,1627,256249,6226
2020-09-14,Madera,039,155013,4368,4104,30,4134,45
2020-09-14,Marin,041,260295,6527,6409,15,6424,70
2020-09-14,Mariposa,043,17540,75,74,0,74,2
2020-09-14,Mendocino,045,87422,766,710,0,710,17
2020-09-14,Merced,047,269075,8691,8593,14,8607,112
2020-09-14,Modoc,049,8938,26,21,0,21,0
2020-09-14,Mono,051,14174,165,147,2,149,1
2020-09-14,Monterey,053,433212,9307,8845,24,8869,61
2020-09-14,Napa,055,140530,1623,1576,8,1584,11
2020-09-14,Nevada,057,99092,512,489,15,504,6
2020-09-14,Orange,059,3164182,52885,50149,1361,51510,1079
2020-09-14,Placer,061,380077,3480,3302,14,3316,38
2020-09-14,Plumas,063,18699,48,42,0,42,0
2020-09-14,Riverside,065,2383286,56834,55488,118,55606,1113
2020-09-14,Sacramento,067,1510023,21203,20377,23,20400,367
2020-09-14,San Benito,069,59416,1275,1233,0,1233,7
2020-09-14,San Bernardino,071,2135413,52031,50163,333,50496,895
2020-09-14,San Diego,073,3302833,44688,42889,753,43642,734
2020-09-14,San Francisco,075,870044,10727,10255,25,10280,90
2020-09-14,San Joaquin,077,732212,19688,19111,44,19155,397
2020-09-14,San Luis Obispo,079,281455,3501,3248,21,3269,25
2020-09-14,San Mateo,081,765935,9637,8847,10,8857,127
2020-09-14,Santa Barbara,083,443738,8892,8692,74,8766,104
2020-09-14,Santa Clara,085,1922200,20883,19545,41,19586,247
2020-09-14,Santa Cruz,087,273765,2223,2016,22,2038,7
2020-09-14,Shasta,089,179085,741,584,3,587,10
2020-09-14,Sierra,091,2930,6,6,0,6,0
2020-09-14,Siskiyou,093,43540,152,143,10,153,0
2020-09-14,Solano,095,438530,6044,5834,41,5875,44
2020-09-14,Sonoma,097,501317,6981,6630,20,6650,102
2020-09-14,Stanislaus,099,539301,16174,15812,471,16283,253
2020-09-14,Sutter,101,95872,1612,1549,1,1550,10
2020-09-14,Tehama,103,63373,493,475,2,477,1
2020-09-14,Trinity,105,12862,52,14,7,21,0
2020-09-14,Tulare,107,460477,15753,15096,87,15183,254
2020-09-14,Tuolumne,109,53932,228,208,4,212,1
2020-09-14,Ventura,111,848112,12657,11903,136,12039,125
2020-09-14,Yolo,113,214977,2750,2687,6,2693,53
2020-09-14,Yuba,115,75493,1031,977,4,981,1
2020-09-13,Alameda,001,1643700,20464,19815,151,19966,306
2020-09-13,Alpine,003,1148,2,2,0,2,0
2020-09-13,Amador,005,37829,282,279,0,279,16
2020-09-13,Butte,007,227075,2794,2640,24,2664,37
2020-09-13,Calaveras,009,45235,303,246,0,246,3
2020-09-13,Colusa,011,21464,511,486,0,486,6
2020-09-13,Contra Costa,013,1133247,16065,15284,77,15361,172
2020-09-13,Del Norte,015,27424,127,116,0,116,1
2020-09-13,El Dorado,017,186661,1093,1035,3,1038,2
2020-09-13,Fresno,019,978130,29602,27196,344,27540,345
2020-09-13,Glenn,021,27897,550,517,0,517,3
2020-09-13,Humboldt,023,135768,478,434,1,435,4
2020-09-13,Imperial,025,180216,11566,10304,6,10310,273
2020-09-13,Inyo,027,18085,186,176,4,180,12
2020-09-13,Kern,029,883053,31168,30277,283,30560,368
2020-09-13,Kings,031,150075,7227,6937,37,6974,70
2020-09-13,Lake,033,64148,466,397,0,397,4
2020-09-13,Lassen,035,31185,734,719,2,721,0
2020-09-13,Los Angeles,037,10098052,256458,253950,1611,255561,6203
2020-09-13,Madera,039,155013,4311,4090,30,4120,45
2020-09-13,Marin,041,260295,6506,6395,15,6410,70
2020-09-13,Mariposa,043,17540,75,74,0,74,2
2020-09-13,Mendocino,045,87422,759,707,0,707,17
2020-09-13,Merced,047,269075,8657,8575,14,8589,112
2020-09-13,Modoc,049,8938,26,21,0,21,0
2020-09-13,Mono,051,14174,165,147,2,149,1
2020-09-13,Monterey,053,433212,9225,8826,23,8849,61
2020-09-13,Napa,055,140530,1616,1563,8,1571,11
2020-09-13,Nevada,057,99092,504,486,15,501,6
2020-09-13,Orange,059,3164182,52669,50061,1354,51415,1075
2020-09-13,Placer,061,380077,3450,3291,14,3305,38
2020-09-13,Plumas,063,18699,48,42,0,42,0
2020-09-13,Riverside,065,2383286,56627,55235,107,55342,1108
2020-09-13,Sacramento,067,1510023,20857,20279,23,20302,367
2020-09-13,San Benito,069,59416,1267,1217,0,1217,7
2020-09-13,San Bernardino,071,2135413,51745,49968,331,50299,895
2020-09-13,San Diego,073,3302833,44362,42681,719,43400,734
2020-09-13,San Francisco,075,870044,10649,10254,25,10279,90
2020-09-13,San Joaquin,077,732212,19616,19110,43,19153,396
2020-09-13,San Luis Obispo,079,281455,3464,3240,21,3261,24
2020-09-13,San Mateo,081,765935,9576,8811,10,8821,127
2020-09-13,Santa Barbara,083,443738,8855,8690,74,8764,104
2020-09-13,Santa Clara,085,1922200,20746,19456,40,19496,245
2020-09-13,Santa Cruz,087,273765,2190,2016,20,2036,7
2020-09-13,Shasta,089,179085,729,583,3,586,10
2020-09-13,Sierra,091,2930,6,6,0,6,0
2020-09-13,Siskiyou,093,43540,152,143,9,152,0
2020-09-13,Solano,095,438530,5998,5810,41,5851,43
2020-09-13,Sonoma,097,501317,6916,6592,20,6612,95
2020-09-13,Stanislaus,099,539301,16111,15759,459,16218,253
2020-09-13,Sutter,101,95872,1600,1539,1,1540,10
2020-09-13,Tehama,103,63373,489,476,2,478,1
2020-09-13,Trinity,105,12862,52,14,7,21,0
2020-09-13,Tulare,107,460477,15682,15098,86,15184,254
2020-09-13,Tuolumne,109,53932,224,208,4,212,1
2020-09-13,Ventura,111,848112,12549,11855,135,11990,123
2020-09-13,Yolo,113,214977,2738,2675,6,2681,53
2020-09-13,Yuba,115,75493,1026,967,4,971,1
2020-09-12,Alameda,001,1643700,20405,19758,151,19909,307
2020-09-12,Alpine,003,1148,2,2,0,2,0
2020-09-12,Amador,005,37829,281,278,0,278,16
2020-09-12,Butte,007,227075,2787,2629,23,2652,37
2020-09-12,Calaveras,009,45235,301,246,0,246,3
2020-09-12,Colusa,011,21464,507,486,0,486,6
2020-09-12,Contra Costa,013,1133247,15989,15135,76,15211,174
2020-09-12,Del Norte,015,27424,126,116,0,116,1
2020-09-12,El Dorado,017,186661,1086,1034,3,1037,2
2020-09-12,Fresno,019,978130,29531,27076,344,27420,345
2020-09-12,Glenn,021,27897,549,517,0,517,3
2020-09-12,Humboldt,023,135768,477,430,1,431,4
2020-09-12,Imperial,025,180216,11554,10305,6,10311,273
2020-09-12,Inyo,027,18085,186,177,4,181,12
2020-09-12,Kern,029,883053,31102,30202,283,30485,368
2020-09-12,Kings,031,150075,7217,6895,37,6932,70
2020-09-12,Lake,033,64148,460,393,0,393,4
2020-09-12,Lassen,035,31185,734,719,2,721,0
2020-09-12,Los Angeles,037,10098052,255899,253156,1590,254746,6193
2020-09-12,Madera,039,155013,4300,4058,30,4088,43
2020-09-12,Marin,041,260295,6497,6393,15,6408,69
2020-09-12,Mariposa,043,17540,75,72,0,72,2
2020-09-12,Mendocino,045,87422,756,700,0,700,17
2020-09-12,Merced,047,269075,8648,8533,14,8547,112
2020-09-12,Modoc,049,8938,25,21,0,21,0
2020-09-12,Mono,051,14174,165,147,2,149,1
2020-09-12,Monterey,053,433212,9189,8743,23,8766,61
2020-09-12,Napa,055,140530,1613,1556,8,1564,11
2020-09-12,Nevada,057,99092,503,482,15,497,6
2020-09-12,Orange,059,3164182,52554,49895,1351,51246,1078
2020-09-12,Placer,061,380077,3433,3280,14,3294,38
2020-09-12,Plumas,063,18699,48,42,0,42,0
2020-09-12,Riverside,065,2383286,56498,55058,103,55161,1108
2020-09-12,Sacramento,067,1510023,20788,20184,23,20207,367
2020-09-12,San Benito,069,59416,1264,1208,0,1208,7
2020-09-12,San Bernardino,071,2135413,51654,49945,329,50274,896
2020-09-12,San Diego,073,3302833,44167,42416,710,43126,747
2020-09-12,San Francisco,075,870044,10604,10257,25,10282,90
2020-09-12,San Joaquin,077,732212,19588,19108,43,19151,396
2020-09-12,San Luis Obispo,079,281455,3437,3220,21,3241,24
2020-09-12,San Mateo,081,765935,9531,8759,10,8769,127
2020-09-12,Santa Barbara,083,443738,8841,8642,74,8716,104
2020-09-12,Santa Clara,085,1922200,20662,19330,40,19370,237
2020-09-12,Santa Cruz,087,273765,2178,2016,20,2036,7
2020-09-12,Shasta,089,179085,717,569,3,572,10
2020-09-12,Sierra,091,2930,6,6,0,6,0
2020-09-12,Siskiyou,093,43540,152,141,9,150,0
2020-09-12,Solano,095,438530,5974,5772,41,5813,43
2020-09-12,Sonoma,097,501317,6891,6531,20,6551,95
2020-09-12,Stanislaus,099,539301,16079,15675,456,16131,253
2020-09-12,Sutter,101,95872,1594,1529,1,1530,10
2020-09-12,Tehama,103,63373,486,471,2,473,1
2020-09-12,Trinity,105,12862,52,15,7,22,0
2020-09-12,Tulare,107,460477,15636,15018,85,15103,254
2020-09-12,Tuolumne,109,53932,224,208,4,212,1
2020-09-12,Ventura,111,848112,12498,11759,133,11892,123
2020-09-12,Yolo,113,214977,2731,2646,6,2652,53
2020-09-12,Yuba,115,75493,1022,963,4,967,1
2020-09-11,Alameda,001,1643700,20350,19625,150,19775,298
2020-09-11,Alpine,003,1148,2,2,0,2,0
2020-09-11,Amador,005,37829,281,277,0,277,16
2020-09-11,Butte,007,227075,2776,2605,23,2628,37
2020-09-11,Calaveras,009,45235,300,242,0,242,1
2020-09-11,Colusa,011,21464,506,484,0,484,6
2020-09-11,Contra Costa,013,1133247,15937,15001,73,15074,173
2020-09-11,Del Norte,015,27424,126,115,0,115,1
2020-09-11,El Dorado,017,186661,1083,1024,3,1027,2
2020-09-11,Fresno,019,978130,29451,26917,343,27260,344
2020-09-11,Glenn,021,27897,544,515,0,515,3
2020-09-11,Humboldt,023,135768,475,426,1,427,4
2020-09-11,Imperial,025,180216,11536,10286,6,10292,273
2020-09-11,Inyo,027,18085,186,176,4,180,12
2020-09-11,Kern,029,883053,31034,30059,282,30341,365
2020-09-11,Kings,031,150075,7200,6770,37,6807,70
2020-09-11,Lake,033,64148,453,382,0,382,4
2020-09-11,Lassen,035,31185,734,719,2,721,0
2020-09-11,Los Angeles,037,10098052,255218,252057,1579,253636,6172
2020-09-11,Madera,039,155013,4281,4018,30,4048,43
2020-09-11,Marin,041,260295,6494,6364,15,6379,69
2020-09-11,Mariposa,043,17540,75,72,0,72,2
2020-09-11,Mendocino,045,87422,745,700,0,700,17
2020-09-11,Merced,047,269075,8627,8489,14,8503,109
2020-09-11,Modoc,049,8938,25,21,0,21,0
2020-09-11,Mono,051,14174,165,145,2,147,1
2020-09-11,Monterey,053,433212,9141,8595,23,8618,61
2020-09-11,Napa,055,140530,1602,1543,8,1551,11
2020-09-11,Nevada,057,99092,496,483,15,498,6
2020-09-11,Orange,059,3164182,52425,49755,1339,51094,1068
2020-09-11,Placer,061,380077,3418,3254,14,3268,37
2020-09-11,Plumas,063,18699,48,42,0,42,0
2020-09-11,Riverside,065,2383286,56363,54717,100,54817,1099
2020-09-11,Sacramento,067,1510023,20703,20012,23,20035,358
2020-09-11,San Benito,069,59416,1254,1202,0,1202,7
2020-09-11,San Bernardino,071,2135413,51555,49682,329,50011,871
2020-09-11,San Diego,073,3302833,43947,41971,704,42675,730
2020-09-11,San Francisco,075,870044,10556,10133,24,10157,89
2020-09-11,San Joaquin,077,732212,19540,19019,43,19062,391
2020-09-11,San Luis Obispo,079,281455,3419,3190,21,3211,24
2020-09-11,San Mateo,081,765935,9489,8611,10,8621,127
2020-09-11,Santa Barbara,083,443738,8808,8592,73,8665,103
2020-09-11,Santa Clara,085,1922200,20573,19065,40,19105,234
2020-09-11,Santa Cruz,087,273765,2161,1997,20,2017,7
2020-09-11,Shasta,089,179085,707,568,3,571,10
2020-09-11,Sierra,091,2930,6,6,0,6,0
2020-09-11,Siskiyou,093,43540,151,139,9,148,0
2020-09-11,Solano,095,438530,5957,5742,41,5783,42
2020-09-11,Sonoma,097,501317,6846,6469,20,6489,91
2020-09-11,Stanislaus,099,539301,16041,15613,453,16066,253
2020-09-11,Sutter,101,95872,1584,1505,1,1506,11
2020-09-11,Tehama,103,63373,483,466,2,468,1
2020-09-11,Trinity,105,12862,52,16,7,23,0
2020-09-11,Tulare,107,460477,15605,14932,83,15015,251
2020-09-11,Tuolumne,109,53932,224,208,4,212,1
2020-09-11,Ventura,111,848112,12444,11700,131,11831,123
2020-09-11,Yolo,113,214977,2720,2632,6,2638,53
2020-09-11,Yuba,115,75493,1014,946,4,950,1
2020-09-10,Alameda,001,1643700,20276,19509,150,19659,292
2020-09-10,Alpine,003,1148,2,2,0,2,0
2020-09-10,Amador,005,37829,280,277,0,277,16
2020-09-10,Butte,007,227075,2759,2590,23,2613,37
2020-09-10,Calaveras,009,45235,300,244,0,244,1
2020-09-10,Colusa,011,21464,504,482,0,482,6
2020-09-10,Contra Costa,013,1133247,15867,14909,73,14982,172
2020-09-10,Del Norte,015,27424,125,112,0,112,1
2020-09-10,El Dorado,017,186661,1080,1020,3,1023,2
2020-09-10,Fresno,019,978130,29329,26783,343,27126,338
2020-09-10,Glenn,021,27897,534,511,0,511,3
2020-09-10,Humboldt,023,135768,464,422,1,423,4
2020-09-10,Imperial,025,180216,11520,10251,6,10257,270
2020-09-10,Inyo,027,18085,185,176,4,180,11
2020-09-10,Kern,029,883053,30952,29988,278,30266,363
2020-09-10,Kings,031,150075,7170,6739,37,6776,70
2020-09-10,Lake,033,64148,446,377,0,377,4
2020-09-10,Lassen,035,31185,733,716,2,718,0
2020-09-10,Los Angeles,037,10098052,254239,251003,1558,252561,6132
2020-09-10,Madera,039,155013,4263,3979,30,4009,43
2020-09-10,Marin,041,260295,6482,6344,15,6359,68
2020-09-10,Mariposa,043,17540,75,72,0,72,2
2020-09-10,Mendocino,045,87422,735,697,0,697,16
2020-09-10,Merced,047,269075,8581,8461,14,8475,109
2020-09-10,Modoc,049,8938,25,21,0,21,0
2020-09-10,Mono,051,14174,165,145,2,147,1
2020-09-10,Monterey,053,433212,9071,8570,23,8593,59
2020-09-10,Napa,055,140530,1596,1536,8,1544,11
2020-09-10,Nevada,057,99092,492,478,15,493,6
2020-09-10,Orange,059,3164182,52262,49617,1333,50950,1057
2020-09-10,Placer,061,380077,3398,3233,14,3247,37
2020-09-10,Plumas,063,18699,48,42,0,42,0
2020-09-10,Riverside,065,2383286,56044,54417,97,54514,1091
2020-09-10,Sacramento,067,1510023,20581,19618,22,19640,354
2020-09-10,San Benito,069,59416,1248,1201,0,1201,5
2020-09-10,San Bernardino,071,2135413,51366,49467,327,49794,867
2020-09-10,San Diego,073,3302833,43681,41610,677,42287,725
2020-09-10,San Francisco,075,870044,10479,10082,24,10106,89
2020-09-10,San Joaquin,077,732212,19487,18854,43,18897,389
2020-09-10,San Luis Obispo,079,281455,3405,3161,20,3181,24
2020-09-10,San Mateo,081,765935,9443,8529,10,8539,125
2020-09-10,Santa Barbara,083,443738,8763,8552,73,8625,100
2020-09-10,Santa Clara,085,1922200,20459,18870,40,18910,231
2020-09-10,Santa Cruz,087,273765,2146,1986,18,2004,7
2020-09-10,Shasta,089,179085,696,566,3,569,10
2020-09-10,Sierra,091,2930,6,6,0,6,0
2020-09-10,Siskiyou,093,43540,151,137,9,146,0
2020-09-10,Solano,095,438530,5917,5696,41,5737,42
2020-09-10,Sonoma,097,501317,6797,6424,20,6444,91
2020-09-10,Stanislaus,099,539301,15987,15509,448,15957,243
2020-09-10,Sutter,101,95872,1572,1494,1,1495,11
2020-09-10,Tehama,103,63373,476,466,2,468,1
2020-09-10,Trinity,105,12862,52,15,7,22,0
2020-09-10,Tulare,107,460477,15550,14860,80,14940,250
2020-09-10,Tuolumne,109,53932,223,205,4,209,1
2020-09-10,Ventura,111,848112,12350,11600,124,11724,122
2020-09-10,Yolo,113,214977,2715,2612,6,2618,53
2020-09-10,Yuba,115,75493,1008,941,4,945,1
2020-09-09,Alameda,001,1643700,20197,19399,149,19548,289
2020-09-09,Alpine,003,1148,2,2,0,2,0
2020-09-09,Amador,005,37829,279,276,0,276,16
2020-09-09,Butte,007,227075,2742,2561,23,2584,37
2020-09-09,Calaveras,009,45235,300,242,0,242,1
2020-09-09,Colusa,011,21464,499,479,0,479,6
2020-09-09,Contra Costa,013,1133247,15781,14816,73,14889,171
2020-09-09,Del Norte,015,27424,121,109,0,109,1
2020-09-09,El Dorado,017,186661,1077,1020,3,1023,2
2020-09-09,Fresno,019,978130,29226,26724,338,27062,329
2020-09-09,Glenn,021,27897,531,508,0,508,3
2020-09-09,Humboldt,023,135768,462,420,1,421,4
2020-09-09,Imperial,025,180216,11499,10233,6,10239,268
2020-09-09,Inyo,027,18085,184,173,4,177,2
2020-09-09,Kern,029,883053,30854,29925,275,30200,355
2020-09-09,Kings,031,150075,7152,6721,37,6758,72
2020-09-09,Lake,033,64148,438,371,0,371,4
2020-09-09,Lassen,035,31185,732,714,2,716,0
2020-09-09,Los Angeles,037,10098052,253364,249876,1540,251416,6091
2020-09-09,Madera,039,155013,4237,3926,30,3956,43
2020-09-09,Marin,041,260295,6463,6321,15,6336,68
2020-09-09,Mariposa,043,17540,74,72,0,72,2
2020-09-09,Mendocino,045,87422,727,695,0,695,16
2020-09-09,Merced,047,269075,8555,8441,14,8455,107
2020-09-09,Modoc,049,8938,24,20,0,20,0
2020-09-09,Mono,051,14174,165,145,2,147,1
2020-09-09,Monterey,053,433212,8999,8527,23,8550,59
2020-09-09,Napa,055,140530,1586,1531,8,1539,11
2020-09-09,Nevada,057,99092,488,476,15,491,6
2020-09-09,Orange,059,3164182,52082,49394,1325,50719,1054
2020-09-09,Placer,061,380077,3378,3222,14,3236,36
2020-09-09,Plumas,063,18699,46,42,0,42,0
2020-09-09,Riverside,065,2383286,55814,54320,94,54414,1081
2020-09-09,Sacramento,067,1510023,20475,19474,21,19495,347
2020-09-09,San Benito,069,59416,1244,1199,0,1199,5
2020-09-09,San Bernardino,071,2135413,51168,49264,326,49590,866
2020-09-09,San Diego,073,3302833,43392,41326,665,41991,721
2020-09-09,San Francisco,075,870044,10429,9996,23,10019,86
2020-09-09,San Joaquin,077,732212,19423,18799,42,18841,388
2020-09-09,San Luis Obispo,079,281455,3387,3131,20,3151,24
2020-09-09,San Mateo,081,765935,9382,8478,10,8488,125
2020-09-09,Santa Barbara,083,443738,8720,8528,73,8601,97
2020-09-09,Santa Clara,085,1922200,20327,18759,40,18799,228
2020-09-09,Santa Cruz,087,273765,2123,1967,18,1985,7
2020-09-09,Shasta,089,179085,684,562,3,565,10
2020-09-09,Sierra,091,2930,6,6,0,6,0
2020-09-09,Siskiyou,093,43540,149,137,9,146,0
2020-09-09,Solano,095,438530,5885,5680,41,5721,36
2020-09-09,Sonoma,097,501317,6731,6397,20,6417,92
2020-09-09,Stanislaus,099,539301,15948,15469,437,15906,243
2020-09-09,Sutter,101,95872,1564,1487,1,1488,11
2020-09-09,Tehama,103,63373,473,462,2,464,1
2020-09-09,Trinity,105,12862,52,14,7,21,0
2020-09-09,Tulare,107,460477,15501,14787,75,14862,249
2020-09-09,Tuolumne,109,53932,222,204,3,207,1
2020-09-09,Ventura,111,848112,12259,11497,121,11618,121
2020-09-09,Yolo,113,214977,2704,2604,6,2610,53
2020-09-09,Yuba,115,75493,1003,936,4,940,1
2020-09-08,Alameda,001,1643700,20089,19293,149,19442,288
2020-09-08,Alpine,003,1148,2,2,0,2,0
2020-09-08,Amador,005,37829,279,276,0,276,16
2020-09-08,Butte,007,227075,2724,2453,23,2476,36
2020-09-08,Calaveras,009,45235,298,233,0,233,1
2020-09-08,Colusa,011,21464,497,475,0,475,6
2020-09-08,Contra Costa,013,1133247,15653,14740,70,14810,171
2020-09-08,Del Norte,015,27424,121,109,0,109,2
2020-09-08,El Dorado,017,186661,1074,1011,3,1014,2
2020-09-08,Fresno,019,978130,29106,26640,334,26974,329
2020-09-08,Glenn,021,27897,527,492,0,492,3
2020-09-08,Humboldt,023,135768,460,420,1,421,4
2020-09-08,Imperial,025,180216,11483,10198,6,10204,267
2020-09-08,Inyo,027,18085,184,169,4,173,2
2020-09-08,Kern,029,883053,30768,29850,273,30123,351
2020-09-08,Kings,031,150075,7114,6658,37,6695,72
2020-09-08,Lake,033,64148,428,370,0,370,4
2020-09-08,Lassen,035,31185,732,710,2,712,0
2020-09-08,Los Angeles,037,10098052,252435,249217,1512,250729,6034
2020-09-08,Madera,039,155013,4213,3904,30,3934,43
2020-09-08,Marin,041,260295,6432,6313,15,6328,68
2020-09-08,Mariposa,043,17540,74,72,0,72,2
2020-09-08,Mendocino,045,87422,720,690,0,690,16
2020-09-08,Merced,047,269075,8532,8381,14,8395,104
2020-09-08,Modoc,049,8938,24,20,0,20,0
2020-09-08,Mono,051,14174,165,145,2,147,1
2020-09-08,Monterey,053,433212,8914,8491,23,8514,59
2020-09-08,Napa,055,140530,1582,1518,8,1526,11
2020-09-08,Nevada,057,99092,488,470,15,485,6
2020-09-08,Orange,059,3164182,51941,49214,1321,50535,1044
2020-09-08,Placer,061,380077,3364,3205,14,3219,36
2020-09-08,Plumas,063,18699,46,42,0,42,0
2020-09-08,Riverside,065,2383286,55600,54168,91,54259,1069
2020-09-08,Sacramento,067,1510023,20240,19411,20,19431,347
2020-09-08,San Benito,069,59416,1237,1188,0,1188,5
2020-09-08,San Bernardino,071,2135413,50980,49034,324,49358,856
2020-09-08,San Diego,073,3302833,43076,41079,653,41732,709
2020-09-08,San Francisco,075,870044,10356,9821,23,9844,86
2020-09-08,San Joaquin,077,732212,19345,18550,42,18592,388
2020-09-08,San Luis Obispo,079,281455,3372,3120,20,3140,23
2020-09-08,San Mateo,081,765935,9306,8460,10,8470,125
2020-09-08,Santa Barbara,083,443738,8686,8488,72,8560,96
2020-09-08,Santa Clara,085,1922200,20151,18645,40,18685,228
2020-09-08,Santa Cruz,087,273765,2095,1903,18,1921,7
2020-09-08,Shasta,089,179085,676,556,3,559,10
2020-09-08,Sierra,091,2930,6,6,0,6,0
2020-09-08,Siskiyou,093,43540,147,136,9,145,0
2020-09-08,Solano,095,438530,5848,5654,41,5695,36
2020-09-08,Sonoma,097,501317,6662,6356,20,6376,92
2020-09-08,Stanislaus,099,539301,15884,15415,425,15840,238
2020-09-08,Sutter,101,95872,1548,1473,1,1474,11
2020-09-08,Tehama,103,63373,469,458,2,460,1
2020-09-08,Trinity,105,12862,51,13,7,20,0
2020-09-08,Tulare,107,460477,15421,14635,74,14709,249
2020-09-08,Tuolumne,109,53932,221,197,3,200,1
2020-09-08,Ventura,111,848112,12190,11475,118,11593,118
2020-09-08,Yolo,113,214977,2694,2580,6,2586,53
2020-09-08,Yuba,115,75493,991,923,4,927,1
2020-09-07,Alameda,001,1643700,19967,19188,143,19331,281
2020-09-07,Alpine,003,1148,2,2,0,2,0
2020-09-07,Amador,005,37829,279,276,0,276,16
2020-09-07,Butte,007,227075,2691,2450,22,2472,30
2020-09-07,Calaveras,009,45235,288,234,0,234,1
2020-09-07,Colusa,011,21464,496,475,0,475,6
2020-09-07,Contra Costa,013,1133247,15540,14637,67,14704,172
2020-09-07,Del Norte,015,27424,121,109,0,109,2
2020-09-07,El Dorado,017,186661,1063,1011,3,1014,2
2020-09-07,Fresno,019,978130,29012,26565,331,26896,329
2020-09-07,Glenn,021,27897,522,488,0,488,3
2020-09-07,Humboldt,023,135768,451,416,1,417,4
2020-09-07,Imperial,025,180216,11452,10199,6,10205,267
2020-09-07,Inyo,027,18085,184,169,4,173,2
2020-09-07,Kern,029,883053,30647,29790,268,30058,348
2020-09-07,Kings,031,150075,6989,6630,37,6667,72
2020-09-07,Lake,033,64148,405,367,0,367,2
2020-09-07,Lassen,035,31185,732,709,2,711,0
2020-09-07,Los Angeles,037,10098052,251389,248804,1490,250294,6030
2020-09-07,Madera,039,155013,4182,3889,29,3918,43
2020-09-07,Marin,041,260295,6402,6296,15,6311,67
2020-09-07,Mariposa,043,17540,74,72,0,72,2
2020-09-07,Mendocino,045,87422,712,687,0,687,16
2020-09-07,Merced,047,269075,8485,8381,14,8395,104
2020-09-07,Modoc,049,8938,23,20,0,20,0
2020-09-07,Mono,051,14174,165,145,2,147,1
2020-09-07,Monterey,053,433212,8835,8463,23,8486,57
2020-09-07,Napa,055,140530,1570,1514,8,1522,11
2020-09-07,Nevada,057,99092,486,469,15,484,6
2020-09-07,Orange,059,3164182,51767,49132,1317,50449,1042
2020-09-07,Placer,061,380077,3334,3188,13,3201,36
2020-09-07,Plumas,063,18699,45,42,0,42,0
2020-09-07,Riverside,065,2383286,55325,54178,85,54263,1069
2020-09-07,Sacramento,067,1510023,19997,19292,19,19311,345
2020-09-07,San Benito,069,59416,1231,1180,0,1180,4
2020-09-07,San Bernardino,071,2135413,50752,49043,322,49365,821
2020-09-07,San Diego,073,3302833,42676,40868,626,41494,708
2020-09-07,San Francisco,075,870044,10305,9813,22,9835,85
2020-09-07,San Joaquin,077,732212,19264,18552,40,18592,386
2020-09-07,San Luis Obispo,079,281455,3335,3116,20,3136,23
2020-09-07,San Mateo,081,765935,9224,8409,10,8419,125
2020-09-07,Santa Barbara,083,443738,8642,8479,72,8551,95
2020-09-07,Santa Clara,085,1922200,19993,18596,39,18635,226
2020-09-07,Santa Cruz,087,273765,2067,1902,18,1920,7
2020-09-07,Shasta,089,179085,666,556,3,559,10
2020-09-07,Sierra,091,2930,6,6,0,6,0
2020-09-07,Siskiyou,093,43540,146,133,9,142,0
2020-09-07,Solano,095,438530,5783,5640,41,5681,36
2020-09-07,Sonoma,097,501317,6595,6268,20,6288,85
2020-09-07,Stanislaus,099,539301,15819,15343,413,15756,236
2020-09-07,Sutter,101,95872,1531,1468,1,1469,11
2020-09-07,Tehama,103,63373,466,453,2,455,1
2020-09-07,Trinity,105,12862,51,13,7,20,0
2020-09-07,Tulare,107,460477,15316,14637,72,14709,249
2020-09-07,Tuolumne,109,53932,220,196,3,199,1
2020-09-07,Ventura,111,848112,12095,11463,115,11578,118
2020-09-07,Yolo,113,214977,2677,2565,5,2570,53
2020-09-07,Yuba,115,75493,975,923,3,926,1
2020-09-06,Alameda,001,1643700,19909,19029,141,19170,281
2020-09-06,Alpine,003,1148,2,2,0,2,0
2020-09-06,Amador,005,37829,277,275,0,275,16
2020-09-06,Butte,007,227075,2682,2446,22,2468,30
2020-09-06,Calaveras,009,45235,288,235,0,235,1
2020-09-06,Colusa,011,21464,492,475,0,475,6
2020-09-06,Contra Costa,013,1133247,15460,14565,66,14631,171
2020-09-06,Del Norte,015,27424,121,109,0,109,2
2020-09-06,El Dorado,017,186661,1061,1008,3,1011,2
2020-09-06,Fresno,019,978130,28948,26471,329,26800,329
2020-09-06,Glenn,021,27897,516,474,0,474,3
2020-09-06,Humboldt,023,135768,448,404,1,405,4
2020-09-06,Imperial,025,180216,11435,10152,6,10158,267
2020-09-06,Inyo,027,18085,184,169,4,173,2
2020-09-06,Kern,029,883053,30591,29699,264,29963,348
2020-09-06,Kings,031,150075,6969,6561,36,6597,72
2020-09-06,Lake,033,64148,402,362,0,362,2
2020-09-06,Lassen,035,31185,732,709,2,711,0
2020-09-06,Los Angeles,037,10098052,250757,248316,1476,249792,6004
2020-09-06,Madera,039,155013,4138,3867,29,3896,42
2020-09-06,Marin,041,260295,6390,6276,15,6291,67
2020-09-06,Mariposa,043,17540,74,72,0,72,2
2020-09-06,Mendocino,045,87422,711,672,0,672,16
2020-09-06,Merced,047,269075,8465,8327,14,8341,104
2020-09-06,Modoc,049,8938,23,20,0,20,0
2020-09-06,Mono,051,14174,164,145,2,147,1
2020-09-06,Monterey,053,433212,8795,8403,22,8425,56
2020-09-06,Napa,055,140530,1566,1501,6,1507,11
2020-09-06,Nevada,057,99092,486,467,14,481,6
2020-09-06,Orange,059,3164182,51654,48931,1313,50244,1042
2020-09-06,Placer,061,380077,3317,3169,13,3182,36
2020-09-06,Plumas,063,18699,44,42,0,42,0
2020-09-06,Riverside,065,2383286,55209,53970,83,54053,1069
2020-09-06,Sacramento,067,1510023,19902,19128,19,19147,340
2020-09-06,San Benito,069,59416,1229,1178,0,1178,4
2020-09-06,San Bernardino,071,2135413,50644,48923,322,49245,823
2020-09-06,San Diego,073,3302833,42428,40652,620,41272,707
2020-09-06,San Francisco,075,870044,10231,9813,22,9835,85
2020-09-06,San Joaquin,077,732212,19215,18558,40,18598,386
2020-09-06,San Luis Obispo,079,281455,3324,3101,20,3121,23
2020-09-06,San Mateo,081,765935,9171,8387,10,8397,125
2020-09-06,Santa Barbara,083,443738,8613,8434,72,8506,95
2020-09-06,Santa Clara,085,1922200,19892,18495,39,18534,207
2020-09-06,Santa Cruz,087,273765,2060,1902,18,1920,7
2020-09-06,Shasta,089,179085,660,550,3,553,10
2020-09-06,Sierra,091,2930,6,6,0,6,0
2020-09-06,Siskiyou,093,43540,146,132,9,141,0
2020-09-06,Solano,095,438530,5757,5619,41,5660,37
2020-09-06,Sonoma,097,501317,6566,6212,20,6232,85
2020-09-06,Stanislaus,099,539301,15775,15288,409,15697,236
2020-09-06,Sutter,101,95872,1518,1451,1,1452,11
2020-09-06,Tehama,103,63373,465,455,2,457,1
2020-09-06,Trinity,105,12862,50,13,7,20,0
2020-09-06,Tulare,107,460477,15273,14636,71,14707,249
2020-09-06,Tuolumne,109,53932,217,194,3,197,1
2020-09-06,Ventura,111,848112,12050,11315,115,11430,118
2020-09-06,Yolo,113,214977,2663,2556,5,2561,53
2020-09-06,Yuba,115,75493,966,913,3,916,1
2020-09-05,Alameda,001,1643700,19864,18973,139,19112,279
2020-09-05,Alpine,003,1148,2,2,0,2,0
2020-09-05,Amador,005,37829,277,274,0,274,16
2020-09-05,Butte,007,227075,2666,2406,21,2427,30
2020-09-05,Calaveras,009,45235,288,237,0,237,1
2020-09-05,Colusa,011,21464,488,472,0,472,6
2020-09-05,Contra Costa,013,1133247,15383,14456,64,14520,173
2020-09-05,Del Norte,015,27424,121,109,0,109,2
2020-09-05,El Dorado,017,186661,1061,1007,3,1010,2
2020-09-05,Fresno,019,978130,28880,26325,329,26654,331
2020-09-05,Glenn,021,27897,515,474,0,474,3
2020-09-05,Humboldt,023,135768,446,402,1,403,4
2020-09-05,Imperial,025,180216,11418,10151,6,10157,268
2020-09-05,Inyo,027,18085,184,169,4,173,2
2020-09-05,Kern,029,883053,30531,29645,260,29905,347
2020-09-05,Kings,031,150075,6960,6518,36,6554,66
2020-09-05,Lake,033,64148,399,359,0,359,2
2020-09-05,Lassen,035,31185,732,709,2,711,0
2020-09-05,Los Angeles,037,10098052,250222,247572,1464,249036,6001
2020-09-05,Madera,039,155013,4097,3851,29,3880,42
2020-09-05,Marin,041,260295,6383,6259,15,6274,66
2020-09-05,Mariposa,043,17540,74,72,0,72,2
2020-09-05,Mendocino,045,87422,710,658,0,658,16
2020-09-05,Merced,047,269075,8433,8297,12,8309,104
2020-09-05,Modoc,049,8938,23,19,0,19,0
2020-09-05,Mono,051,14174,164,145,2,147,1
2020-09-05,Monterey,053,433212,8765,8301,22,8323,56
2020-09-05,Napa,055,140530,1560,1484,6,1490,11
2020-09-05,Nevada,057,99092,483,461,14,475,6
2020-09-05,Orange,059,3164182,51552,48726,1308,50034,1039
2020-09-05,Placer,061,380077,3306,3141,13,3154,35
2020-09-05,Plumas,063,18699,44,42,0,42,0
2020-09-05,Riverside,065,2383286,55103,53780,83,53863,1066
2020-09-05,Sacramento,067,1510023,19811,18955,19,18974,339
2020-09-05,San Benito,069,59416,1227,1153,0,1153,4
2020-09-05,San Bernardino,071,2135413,50568,48800,321,49121,825
2020-09-05,San Diego,073,3302833,42235,40344,608,40952,717
2020-09-05,San Francisco,075,870044,10198,9812,21,9833,85
2020-09-05,San Joaquin,077,732212,19187,18557,40,18597,386
2020-09-05,San Luis Obispo,079,281455,3314,3083,20,3103,23
2020-09-05,San Mateo,081,765935,9126,8352,10,8362,124
2020-09-05,Santa Barbara,083,443738,8597,8404,72,8476,96
2020-09-05,Santa Clara,085,1922200,19809,18311,39,18350,207
2020-09-05,Santa Cruz,087,273765,2052,1904,18,1922,7
2020-09-05,Shasta,089,179085,659,544,3,547,10
2020-09-05,Sierra,091,2930,6,6,0,6,0
2020-09-05,Siskiyou,093,43540,145,131,9,140,0
2020-09-05,Solano,095,438530,5745,5579,41,5620,37
2020-09-05,Sonoma,097,501317,6533,6149,20,6169,85
2020-09-05,Stanislaus,099,539301,15727,15198,405,15603,236
2020-09-05,Sutter,101,95872,1511,1445,1,1446,11
2020-09-05,Tehama,103,63373,464,447,2,449,1
2020-09-05,Trinity,105,12862,50,13,7,20,0
2020-09-05,Tulare,107,460477,15215,14576,69,14645,249
2020-09-05,Tuolumne,109,53932,217,194,3,197,1
2020-09-05,Ventura,111,848112,12007,11254,115,11369,118
2020-09-05,Yolo,113,214977,2653,2534,5,2539,53
2020-09-05,Yuba,115,75493,960,902,3,905,1
2020-09-04,Alameda,001,1643700,19796,18843,137,18980,276
2020-09-04,Alpine,003,1148,2,2,0,2,0
2020-09-04,Amador,005,37829,276,274,0,274,16
2020-09-04,Butte,007,227075,2643,2325,21,2346,28
2020-09-04,Calaveras,009,45235,286,237,0,237,1
2020-09-04,Colusa,011,21464,486,467,0,467,6
2020-09-04,Contra Costa,013,1133247,15303,14355,63,14418,164
2020-09-04,Del Norte,015,27424,121,109,0,109,2
2020-09-04,El Dorado,017,186661,1057,992,3,995,2
2020-09-04,Fresno,019,978130,28775,26147,328,26475,321
2020-09-04,Glenn,021,27897,507,463,0,463,3
2020-09-04,Humboldt,023,135768,441,390,1,391,4
2020-09-04,Imperial,025,180216,11409,10136,6,10142,267
2020-09-04,Inyo,027,18085,184,169,4,173,2
2020-09-04,Kern,029,883053,30463,29526,257,29783,345
2020-09-04,Kings,031,150075,6947,6259,36,6295,66
2020-09-04,Lake,033,64148,399,347,0,347,2
2020-09-04,Lassen,035,31185,732,708,2,710,0
2020-09-04,Los Angeles,037,10098052,249656,246396,1444,247840,5977
2020-09-04,Madera,039,155013,4084,3838,29,3867,42
2020-09-04,Marin,041,260295,6371,6251,15,6266,66
2020-09-04,Mariposa,043,17540,74,72,0,72,2
2020-09-04,Mendocino,045,87422,708,646,0,646,16
2020-09-04,Merced,047,269075,8413,8214,12,8226,104
2020-09-04,Modoc,049,8938,23,15,0,15,0
2020-09-04,Mono,051,14174,164,145,2,147,1
2020-09-04,Monterey,053,433212,8720,8208,22,8230,56
2020-09-04,Napa,055,140530,1551,1475,6,1481,11
2020-09-04,Nevada,057,99092,480,455,14,469,6
2020-09-04,Orange,059,3164182,51428,48488,1301,49789,1031
2020-09-04,Placer,061,380077,3294,3101,13,3114,35
2020-09-04,Plumas,063,18699,44,42,0,42,0
2020-09-04,Riverside,065,2383286,54990,53606,78,53684,1066
2020-09-04,Sacramento,067,1510023,19723,18765,19,18784,337
2020-09-04,San Benito,069,59416,1218,1137,0,1137,4
2020-09-04,San Bernardino,071,2135413,50475,48497,319,48816,800
2020-09-04,San Diego,073,3302833,42005,39901,599,40500,701
2020-09-04,San Francisco,075,870044,10158,9694,20,9714,85
2020-09-04,San Joaquin,077,732212,19133,18438,40,18478,376
2020-09-04,San Luis Obispo,079,281455,3299,3049,19,3068,21
2020-09-04,San Mateo,081,765935,9082,8275,10,8285,122
2020-09-04,Santa Barbara,083,443738,8567,8340,72,8412,96
2020-09-04,Santa Clara,085,1922200,19701,18074,39,18113,209
2020-09-04,Santa Cruz,087,273765,2035,1896,17,1913,7
2020-09-04,Shasta,089,179085,656,536,3,539,10
2020-09-04,Sierra,091,2930,6,6,0,6,0
2020-09-04,Siskiyou,093,43540,145,129,9,138,0
2020-09-04,Solano,095,438530,5732,5552,41,5593,37
2020-09-04,Sonoma,097,501317,6468,6050,20,6070,85
2020-09-04,Stanislaus,099,539301,15693,15074,396,15470,233
2020-09-04,Sutter,101,95872,1495,1425,1,1426,11
2020-09-04,Tehama,103,63373,460,442,2,444,1
2020-09-04,Trinity,105,12862,50,13,7,20,0
2020-09-04,Tulare,107,460477,15187,14501,65,14566,247
2020-09-04,Tuolumne,109,53932,217,193,3,196,1
2020-09-04,Ventura,111,848112,11965,11171,115,11286,114
2020-09-04,Yolo,113,214977,2639,2495,5,2500,53
2020-09-04,Yuba,115,75493,955,884,3,887,1
2020-09-03,Alameda,001,1643700,19693,18687,137,18824,275
2020-09-03,Alpine,003,1148,2,2,0,2,0
2020-09-03,Amador,005,37829,276,274,0,274,16
2020-09-03,Butte,007,227075,2598,2274,21,2295,27
2020-09-03,Calaveras,009,45235,285,238,0,238,1
2020-09-03,Colusa,011,21464,484,464,0,464,6
2020-09-03,Contra Costa,013,1133247,15196,14206,60,14266,159
2020-09-03,Del Norte,015,27424,118,109,0,109,2
2020-09-03,El Dorado,017,186661,1053,983,3,986,2
2020-09-03,Fresno,019,978130,28656,25978,323,26301,313
2020-09-03,Glenn,021,27897,503,460,0,460,3
2020-09-03,Humboldt,023,135768,436,390,1,391,4
2020-09-03,Imperial,025,180216,11388,10083,6,10089,255
2020-09-03,Inyo,027,18085,182,171,4,175,3
2020-09-03,Kern,029,883053,30371,29426,243,29669,340
2020-09-03,Kings,031,150075,6867,6200,36,6236,64
2020-09-03,Lake,033,64148,390,347,0,347,2
2020-09-03,Lassen,035,31185,732,707,2,709,0
2020-09-03,Los Angeles,037,10098052,248794,245026,1424,246450,5931
2020-09-03,Madera,039,155013,4065,3780,29,3809,43
2020-09-03,Marin,041,260295,6352,6175,15,6190,66
2020-09-03,Mariposa,043,17540,74,71,0,71,2
2020-09-03,Mendocino,045,87422,699,638,0,638,16
2020-09-03,Merced,047,269075,8371,8136,12,8148,105
2020-09-03,Modoc,049,8938,23,14,0,14,0
2020-09-03,Mono,051,14174,163,144,2,146,1
2020-09-03,Monterey,053,433212,8666,8128,22,8150,56
2020-09-03,Napa,055,140530,1544,1466,6,1472,10
2020-09-03,Nevada,057,99092,477,453,14,467,6
2020-09-03,Orange,059,3164182,51241,48226,1286,49512,1009
2020-09-03,Placer,061,380077,3276,3069,13,3082,34
2020-09-03,Plumas,063,18699,44,39,0,39,0
2020-09-03,Riverside,065,2383286,54810,53341,74,53415,1052
2020-09-03,Sacramento,067,1510023,19595,18553,18,18571,328
2020-09-03,San Benito,069,59416,1207,1121,0,1121,4
2020-09-03,San Bernardino,071,2135413,50309,48165,318,48483,800
2020-09-03,San Diego,073,3302833,41691,39448,583,40031,700
2020-09-03,San Francisco,075,870044,10092,9636,18,9654,84
2020-09-03,San Joaquin,077,732212,19056,18331,40,18371,371
2020-09-03,San Luis Obispo,079,281455,3282,3023,19,3042,21
2020-09-03,San Mateo,081,765935,9008,8211,10,8221,122
2020-09-03,Santa Barbara,083,443738,8519,8277,72,8349,96
2020-09-03,Santa Clara,085,1922200,19520,17879,39,17918,208
2020-09-03,Santa Cruz,087,273765,2020,1870,17,1887,7
2020-09-03,Shasta,089,179085,651,535,3,538,10
2020-09-03,Sierra,091,2930,6,6,0,6,0
2020-09-03,Siskiyou,093,43540,145,128,9,137,0
2020-09-03,Solano,095,438530,5712,5499,40,5539,36
2020-09-03,Sonoma,097,501317,6407,5997,20,6017,62
2020-09-03,Stanislaus,099,539301,15641,14985,392,15377,217
2020-09-03,Sutter,101,95872,1485,1412,1,1413,11
2020-09-03,Tehama,103,63373,456,436,2,438,1
2020-09-03,Trinity,105,12862,48,13,7,20,0
2020-09-03,Tulare,107,460477,15121,14408,64,14472,244
2020-09-03,Tuolumne,109,53932,217,193,3,196,1
2020-09-03,Ventura,111,848112,11847,11109,112,11221,112
2020-09-03,Yolo,113,214977,2623,2475,5,2480,53
2020-09-03,Yuba,115,75493,948,867,3,870,1
2020-09-02,Alameda,001,1643700,19575,18522,134,18656,260
2020-09-02,Alpine,003,1148,2,2,0,2,0
2020-09-02,Amador,005,37829,276,245,0,245,14
2020-09-02,Butte,007,227075,2552,2241,21,2262,27
2020-09-02,Calaveras,009,45235,284,235,0,235,1
2020-09-02,Colusa,011,21464,480,460,0,460,6
2020-09-02,Contra Costa,013,1133247,15107,14097,58,14155,159
2020-09-02,Del Norte,015,27424,117,109,0,109,2
2020-09-02,El Dorado,017,186661,1049,975,2,977,2
2020-09-02,Fresno,019,978130,28508,25785,320,26105,292
2020-09-02,Glenn,021,27897,498,457,0,457,3
2020-09-02,Humboldt,023,135768,433,381,1,382,4
2020-09-02,Imperial,025,180216,11372,9832,6,9838,255
2020-09-02,Inyo,027,18085,182,171,4,175,3
2020-09-02,Kern,029,883053,30279,29288,237,29525,335
2020-09-02,Kings,031,150075,6782,6142,36,6178,64
2020-09-02,Lake,033,64148,386,342,0,342,2
2020-09-02,Lassen,035,31185,730,706,2,708,0
2020-09-02,Los Angeles,037,10098052,247863,243999,1396,245395,5887
2020-09-02,Madera,039,155013,4045,3735,29,3764,41
2020-09-02,Marin,041,260295,6337,6131,15,6146,66
2020-09-02,Mariposa,043,17540,74,71,0,71,2
2020-09-02,Mendocino,045,87422,689,636,0,636,15
2020-09-02,Merced,047,269075,8340,8097,11,8108,103
2020-09-02,Modoc,049,8938,22,11,0,11,0
2020-09-02,Mono,051,14174,163,145,2,147,1
2020-09-02,Monterey,053,433212,8602,8070,22,8092,56
2020-09-02,Napa,055,140530,1532,1454,6,1460,10
2020-09-02,Nevada,057,99092,471,452,13,465,6
2020-09-02,Orange,059,3164182,51060,47871,1276,49147,994
2020-09-02,Placer,061,380077,3251,3047,12,3059,33
2020-09-02,Plumas,063,18699,44,39,0,39,0
2020-09-02,Riverside,065,2383286,54608,52923,71,52994,1032
2020-09-02,Sacramento,067,1510023,19362,18355,17,18372,316
2020-09-02,San Benito,069,59416,1194,1107,0,1107,4
2020-09-02,San Bernardino,071,2135413,50145,47766,315,48081,794
2020-09-02,San Diego,073,3302833,41371,39123,569,39692,695
2020-09-02,San Francisco,075,870044,10023,9587,18,9605,84
2020-09-02,San Joaquin,077,732212,18975,18194,39,18233,352
2020-09-02,San Luis Obispo,079,281455,3256,3002,18,3020,21
2020-09-02,San Mateo,081,765935,8951,8148,10,8158,122
2020-09-02,Santa Barbara,083,443738,8464,8206,71,8277,94
2020-09-02,Santa Clara,085,1922200,19366,17673,39,17712,206
2020-09-02,Santa Cruz,087,273765,1997,1850,17,1867,7
2020-09-02,Shasta,089,179085,650,531,3,534,10
2020-09-02,Sierra,091,2930,6,6,0,6,0
2020-09-02,Siskiyou,093,43540,144,127,9,136,0
2020-09-02,Solano,095,438530,5684,5463,40,5503,36
2020-09-02,Sonoma,097,501317,6345,5846,20,5866,62
2020-09-02,Stanislaus,099,539301,15571,14854,385,15239,220
2020-09-02,Sutter,101,95872,1470,1401,1,1402,10
2020-09-02,Tehama,103,63373,453,429,2,431,1
2020-09-02,Trinity,105,12862,48,13,7,20,0
2020-09-02,Tulare,107,460477,15054,14298,63,14361,244
2020-09-02,Tuolumne,109,53932,217,190,3,193,1
2020-09-02,Ventura,111,848112,11760,11031,111,11142,111
2020-09-02,Yolo,113,214977,2602,2449,5,2454,54
2020-09-02,Yuba,115,75493,941,856,3,859,1
2020-09-01,Alameda,001,1643700,19436,18382,131,18513,248
2020-09-01,Alpine,003,1148,2,2,0,2,0
2020-09-01,Amador,005,37829,275,244,0,244,13
2020-09-01,Butte,007,227075,2495,2146,21,2167,26
2020-09-01,Calaveras,009,45235,276,228,0,228,1
2020-09-01,Colusa,011,21464,476,454,0,454,6
2020-09-01,Contra Costa,013,1133247,15013,13998,56,14054,158
2020-09-01,Del Norte,015,27424,116,108,0,108,2
2020-09-01,El Dorado,017,186661,1041,972,2,974,2
2020-09-01,Fresno,019,978130,28361,25542,317,25859,290
2020-09-01,Glenn,021,27897,491,449,0,449,3
2020-09-01,Humboldt,023,135768,427,378,1,379,4
2020-09-01,Imperial,025,180216,11346,9782,6,9788,250
2020-09-01,Inyo,027,18085,182,171,4,175,3
2020-09-01,Kern,029,883053,30188,29162,232,29394,332
2020-09-01,Kings,031,150075,6751,6088,36,6124,62
2020-09-01,Lake,033,64148,383,341,0,341,2
2020-09-01,Lassen,035,31185,727,706,2,708,0
2020-09-01,Los Angeles,037,10098052,246771,242633,1373,244006,5832
2020-09-01,Madera,039,155013,4016,3703,28,3731,41
2020-09-01,Marin,041,260295,6322,6102,15,6117,67
2020-09-01,Mariposa,043,17540,73,72,0,72,2
2020-09-01,Mendocino,045,87422,674,626,0,626,15
2020-09-01,Merced,047,269075,8287,8046,10,8056,103
2020-09-01,Modoc,049,8938,20,10,0,10,0
2020-09-01,Mono,051,14174,163,145,2,147,1
2020-09-01,Monterey,053,433212,8496,7926,22,7948,56
2020-09-01,Napa,055,140530,1517,1446,6,1452,10
2020-09-01,Nevada,057,99092,465,450,13,463,6
2020-09-01,Orange,059,3164182,50896,47671,1257,48928,976
2020-09-01,Placer,061,380077,3229,3013,12,3025,33
2020-09-01,Plumas,063,18699,44,39,0,39,0
2020-09-01,Riverside,065,2383286,54390,52785,70,52855,1027
2020-09-01,Sacramento,067,1510023,19178,18217,16,18233,305
2020-09-01,San Benito,069,59416,1182,1089,0,1089,4
2020-09-01,San Bernardino,071,2135413,49938,47371,314,47685,786
2020-09-01,San Diego,073,3302833,41013,38873,531,39404,688
2020-09-01,San Francisco,075,870044,9954,9492,18,9510,83
2020-09-01,San Joaquin,077,732212,18893,17915,38,17953,341
2020-09-01,San Luis Obispo,079,281455,3230,2970,18,2988,21
2020-09-01,San Mateo,081,765935,8871,8132,10,8142,122
2020-09-01,Santa Barbara,083,443738,8414,8142,70,8212,93
2020-09-01,Santa Clara,085,1922200,19187,17319,39,17358,204
2020-09-01,Santa Cruz,087,273765,1973,1752,17,1769,7
2020-09-01,Shasta,089,179085,642,527,3,530,9
2020-09-01,Sierra,091,2930,6,6,0,6,0
2020-09-01,Siskiyou,093,43540,141,128,8,136,0
2020-09-01,Solano,095,438530,5658,5438,40,5478,34
2020-09-01,Sonoma,097,501317,6255,5733,20,5753,60
2020-09-01,Stanislaus,099,539301,15495,14784,375,15159,212
2020-09-01,Sutter,101,95872,1459,1389,1,1390,10
2020-09-01,Tehama,103,63373,449,422,2,424,1
2020-09-01,Trinity,105,12862,47,13,6,19,0
2020-09-01,Tulare,107,460477,14971,14156,63,14219,241
2020-09-01,Tuolumne,109,53932,211,183,3,186,1
2020-09-01,Ventura,111,848112,11682,10899,106,11005,108
2020-09-01,Yolo,113,214977,2586,2440,5,2445,51
2020-09-01,Yuba,115,75493,932,841,3,844,1
2020-08-31,Alameda,001,1643700,19291,18148,131,18279,248
2020-08-31,Alpine,003,1148,2,2,0,2,0
2020-08-31,Amador,005,37829,275,243,0,243,13
2020-08-31,Butte,007,227075,2431,2069,21,2090,26
2020-08-31,Calaveras,009,45235,271,212,0,212,1
2020-08-31,Colusa,011,21464,475,443,0,443,6
2020-08-31,Contra Costa,013,1133247,14886,13902,53,13955,153
2020-08-31,Del Norte,015,27424,116,108,0,108,2
2020-08-31,El Dorado,017,186661,1034,965,2,967,2
2020-08-31,Fresno,019,978130,28140,25185,311,25496,290
2020-08-31,Glenn,021,27897,479,437,0,437,3
2020-08-31,Humboldt,023,135768,425,374,1,375,4
2020-08-31,Imperial,025,180216,11315,9759,6,9765,250
2020-08-31,Inyo,027,18085,181,160,4,164,3
2020-08-31,Kern,029,883053,30090,29067,231,29298,318
2020-08-31,Kings,031,150075,6483,6037,36,6073,62
2020-08-31,Lake,033,64148,367,341,0,341,2
2020-08-31,Lassen,035,31185,724,706,2,708,0
2020-08-31,Los Angeles,037,10098052,245669,241793,1345,243138,5787
2020-08-31,Madera,039,155013,3993,3662,27,3689,35
2020-08-31,Marin,041,260295,6286,6074,15,6089,67
2020-08-31,Mariposa,043,17540,73,69,0,69,2
2020-08-31,Mendocino,045,87422,662,618,0,618,15
2020-08-31,Merced,047,269075,8225,7991,10,8001,79
2020-08-31,Modoc,049,8938,18,10,0,10,0
2020-08-31,Mono,051,14174,163,145,2,147,1
2020-08-31,Monterey,053,433212,8389,7839,22,7861,56
2020-08-31,Napa,055,140530,1509,1434,6,1440,10
2020-08-31,Nevada,057,99092,463,447,13,460,6
2020-08-31,Orange,059,3164182,50696,47392,1229,48621,965
2020-08-31,Placer,061,380077,3180,2989,12,3001,33
2020-08-31,Plumas,063,18699,43,39,0,39,0
2020-08-31,Riverside,065,2383286,54168,52508,68,52576,1020
2020-08-31,Sacramento,067,1510023,18941,17999,16,18015,303
2020-08-31,San Benito,069,59416,1166,1080,0,1080,4
2020-08-31,San Bernardino,071,2135413,49726,47370,313,47683,755
2020-08-31,San Diego,073,3302833,40646,38606,498,39104,682
2020-08-31,San Francisco,075,870044,9875,9293,15,9308,83
2020-08-31,San Joaquin,077,732212,18806,17807,37,17844,338
2020-08-31,San Luis Obispo,079,281455,3207,2951,17,2968,21
2020-08-31,San Mateo,081,765935,8801,8065,10,8075,122
2020-08-31,Santa Barbara,083,443738,8368,8124,70,8194,94
2020-08-31,Santa Clara,085,1922200,18998,17211,39,17250,202
2020-08-31,Santa Cruz,087,273765,1948,1742,17,1759,7
2020-08-31,Shasta,089,179085,637,528,3,531,9
2020-08-31,Sierra,091,2930,6,6,0,6,0
2020-08-31,Siskiyou,093,43540,140,127,8,135,0
2020-08-31,Solano,095,438530,5626,5302,39,5341,34
2020-08-31,Sonoma,097,501317,6180,5650,20,5670,60
2020-08-31,Stanislaus,099,539301,15420,14685,366,15051,213
2020-08-31,Sutter,101,95872,1444,1365,1,1366,10
2020-08-31,Tehama,103,63373,446,421,2,423,1
2020-08-31,Trinity,105,12862,47,13,6,19,0
2020-08-31,Tulare,107,460477,14884,13985,61,14046,237
2020-08-31,Tuolumne,109,53932,211,178,3,181,1
2020-08-31,Ventura,111,848112,11594,10866,105,10971,108
2020-08-31,Yolo,113,214977,2568,2423,5,2428,51
2020-08-31,Yuba,115,75493,918,830,3,833,1
2020-08-30,Alameda,001,1643700,19167,18099,129,18228,248
2020-08-30,Alpine,003,1148,2,2,0,2,0
2020-08-30,Amador,005,37829,274,240,0,240,13
2020-08-30,Butte,007,227075,2350,1988,21,2009,26
2020-08-30,Calaveras,009,45235,262,211,0,211,1
2020-08-30,Colusa,011,21464,474,440,0,440,6
2020-08-30,Contra Costa,013,1133247,14748,13780,53,13833,150
2020-08-30,Del Norte,015,27424,115,108,0,108,2
2020-08-30,El Dorado,017,186661,1024,962,2,964,2
2020-08-30,Fresno,019,978130,28014,24963,310,25273,291
2020-08-30,Glenn,021,27897,472,437,0,437,3
2020-08-30,Humboldt,023,135768,414,362,1,363,4
2020-08-30,Imperial,025,180216,11297,9703,6,9709,250
2020-08-30,Inyo,027,18085,181,160,4,164,3
2020-08-30,Kern,029,883053,29997,28987,231,29218,317
2020-08-30,Kings,031,150075,6437,6000,36,6036,62
2020-08-30,Lake,033,64148,362,334,0,334,2
2020-08-30,Lassen,035,31185,722,706,2,708,0
2020-08-30,Los Angeles,037,10098052,244532,240775,1313,242088,5772
2020-08-30,Madera,039,155013,3964,3626,27,3653,33
2020-08-30,Marin,041,260295,6256,6060,15,6075,66
2020-08-30,Mariposa,043,17540,73,69,0,69,2
2020-08-30,Mendocino,045,87422,656,611,0,611,13
2020-08-30,Merced,047,269075,8150,7960,10,7970,79
2020-08-30,Modoc,049,8938,13,10,0,10,0
2020-08-30,Mono,051,14174,163,145,2,147,1
2020-08-30,Monterey,053,433212,8305,7816,22,7838,54
2020-08-30,Napa,055,140530,1497,1423,6,1429,10
2020-08-30,Nevada,057,99092,460,445,13,458,6
2020-08-30,Orange,059,3164182,50500,47283,1215,48498,965
2020-08-30,Placer,061,380077,3147,2961,12,2973,32
2020-08-30,Plumas,063,18699,42,39,0,39,0
2020-08-30,Riverside,065,2383286,53989,52227,66,52293,1017
2020-08-30,Sacramento,067,1510023,18763,17751,16,17767,300
2020-08-30,San Benito,069,59416,1156,1071,0,1071,4
2020-08-30,San Bernardino,071,2135413,49469,47201,313,47514,755
2020-08-30,San Diego,073,3302833,40248,38302,477,38779,682
2020-08-30,San Francisco,075,870044,9777,9294,12,9306,83
2020-08-30,San Joaquin,077,732212,18689,17637,36,17673,338
2020-08-30,San Luis Obispo,079,281455,3182,2934,17,2951,21
2020-08-30,San Mateo,081,765935,8724,8013,9,8022,122
2020-08-30,Santa Barbara,083,443738,8308,8088,70,8158,93
2020-08-30,Santa Clara,085,1922200,18822,17045,39,17084,202
2020-08-30,Santa Cruz,087,273765,1922,1743,17,1760,7
2020-08-30,Shasta,089,179085,634,525,3,528,9
2020-08-30,Sierra,091,2930,6,6,0,6,0
2020-08-30,Siskiyou,093,43540,138,125,8,133,0
2020-08-30,Solano,095,438530,5582,5303,39,5342,34
2020-08-30,Sonoma,097,501317,6121,5590,20,5610,60
2020-08-30,Stanislaus,099,539301,15349,14580,357,14937,209
2020-08-30,Sutter,101,95872,1422,1351,1,1352,10
2020-08-30,Tehama,103,63373,437,419,2,421,1
2020-08-30,Trinity,105,12862,47,13,6,19,0
2020-08-30,Tulare,107,460477,14789,13985,60,14045,236
2020-08-30,Tuolumne,109,53932,207,178,3,181,1
2020-08-30,Ventura,111,848112,11481,10775,100,10875,108
2020-08-30,Yolo,113,214977,2540,2391,4,2395,51
2020-08-30,Yuba,115,75493,904,832,3,835,1
2020-08-29,Alameda,001,1643700,19100,17888,129,18017,250
2020-08-29,Alpine,003,1148,2,2,0,2,0
2020-08-29,Amador,005,37829,274,239,0,239,13
2020-08-29,Butte,007,227075,2319,1948,21,1969,26
2020-08-29,Calaveras,009,45235,258,211,0,211,1
2020-08-29,Colusa,011,21464,471,440,0,440,6
2020-08-29,Contra Costa,013,1133247,14675,13663,52,13715,159
2020-08-29,Del Norte,015,27424,115,108,0,108,1
2020-08-29,El Dorado,017,186661,1021,958,2,960,2
2020-08-29,Fresno,019,978130,27959,24821,310,25131,291
2020-08-29,Glenn,021,27897,466,437,0,437,3
2020-08-29,Humboldt,023,135768,411,363,1,364,4
2020-08-29,Imperial,025,180216,11282,9698,6,9704,250
2020-08-29,Inyo,027,18085,181,160,4,164,3
2020-08-29,Kern,029,883053,29956,28947,230,29177,317
2020-08-29,Kings,031,150075,6422,5906,36,5942,62
2020-08-29,Lake,033,64148,361,329,0,329,2
2020-08-29,Lassen,035,31185,722,706,2,708,0
2020-08-29,Los Angeles,037,10098052,243902,239815,1300,241115,5762
2020-08-29,Madera,039,155013,3955,3605,26,3631,33
2020-08-29,Marin,041,260295,6244,6007,15,6022,64
2020-08-29,Mariposa,043,17540,73,69,0,69,2
2020-08-29,Mendocino,045,87422,652,596,0,596,13
2020-08-29,Merced,047,269075,8120,7867,10,7877,79
2020-08-29,Modoc,049,8938,13,9,0,9,0
2020-08-29,Mono,051,14174,163,145,2,147,1
2020-08-29,Monterey,053,433212,8260,7680,22,7702,53
2020-08-29,Napa,055,140530,1494,1413,6,1419,10
2020-08-29,Nevada,057,99092,460,442,13,455,5
2020-08-29,Orange,059,3164182,50390,47007,1205,48212,960
2020-08-29,Placer,061,380077,3130,2935,12,2947,32
2020-08-29,Plumas,063,18699,41,39,0,39,0
2020-08-29,Riverside,065,2383286,53877,51918,64,51982,1016
2020-08-29,Sacramento,067,1510023,18691,17588,16,17604,291
2020-08-29,San Benito,069,59416,1147,1045,0,1045,4
2020-08-29,San Bernardino,071,2135413,49354,46849,313,47162,755
2020-08-29,San Diego,073,3302833,39982,38049,459,38508,694
2020-08-29,San Francisco,075,870044,9749,9291,11,9302,83
2020-08-29,San Joaquin,077,732212,18645,17493,36,17529,335
2020-08-29,San Luis Obispo,079,281455,3157,2917,17,2934,21
2020-08-29,San Mateo,081,765935,8682,7928,9,7937,122
2020-08-29,Santa Barbara,083,443738,8282,8052,69,8121,93
2020-08-29,Santa Clara,085,1922200,18725,16898,38,16936,202
2020-08-29,Santa Cruz,087,273765,1910,1746,17,1763,7
2020-08-29,Shasta,089,179085,626,522,3,525,9
2020-08-29,Sierra,091,2930,6,6,0,6,0
2020-08-29,Siskiyou,093,43540,138,121,8,129,0
2020-08-29,Solano,095,438530,5561,5303,39,5342,34
2020-08-29,Sonoma,097,501317,6086,5537,20,5557,60
2020-08-29,Stanislaus,099,539301,15300,14479,347,14826,208
2020-08-29,Sutter,101,95872,1417,1333,1,1334,9
2020-08-29,Tehama,103,63373,436,417,2,419,1
2020-08-29,Trinity,105,12862,46,11,6,17,0
2020-08-29,Tulare,107,460477,14751,13890,59,13949,236
2020-08-29,Tuolumne,109,53932,207,178,3,181,1
2020-08-29,Ventura,111,848112,11439,10705,100,10805,108
2020-08-29,Yolo,113,214977,2522,2357,4,2361,51
2020-08-29,Yuba,115,75493,895,822,3,825,1
2020-08-28,Alameda,001,1643700,19017,17729,128,17857,237
2020-08-28,Alpine,003,1148,2,2,0,2,0
2020-08-28,Amador,005,37829,274,234,0,234,13
2020-08-28,Butte,007,227075,2289,1886,21,1907,25
2020-08-28,Calaveras,009,45235,256,207,0,207,1
2020-08-28,Colusa,011,21464,470,441,0,441,6
2020-08-28,Contra Costa,013,1133247,14604,13522,51,13573,158
2020-08-28,Del Norte,015,27424,115,107,0,107,1
2020-08-28,El Dorado,017,186661,1015,949,2,951,2
2020-08-28,Fresno,019,978130,27825,24612,310,24922,282
2020-08-28,Glenn,021,27897,459,429,0,429,3
2020-08-28,Humboldt,023,135768,407,362,1,363,4
2020-08-28,Imperial,025,180216,11268,9656,6,9662,241
2020-08-28,Inyo,027,18085,180,160,4,164,2
2020-08-28,Kern,029,883053,29908,28744,230,28974,306
2020-08-28,Kings,031,150075,6415,5829,35,5864,62
2020-08-28,Lake,033,64148,356,320,0,320,2
2020-08-28,Lassen,035,31185,722,704,2,706,0
2020-08-28,Los Angeles,037,10098052,243092,238544,1275,239819,5740
2020-08-28,Madera,039,155013,3936,3552,26,3578,33
2020-08-28,Marin,041,260295,6222,5991,15,6006,63
2020-08-28,Mariposa,043,17540,73,67,0,67,2
2020-08-28,Mendocino,045,87422,647,588,0,588,11
2020-08-28,Merced,047,269075,8090,7803,10,7813,77
2020-08-28,Modoc,049,8938,13,6,0,6,0
2020-08-28,Mono,051,14174,163,145,2,147,1
2020-08-28,Monterey,053,433212,8203,7591,22,7613,53
2020-08-28,Napa,055,140530,1486,1403,5,1408,10
2020-08-28,Nevada,057,99092,459,438,13,451,5
2020-08-28,Orange,059,3164182,50290,46696,1190,47886,942
2020-08-28,Placer,061,380077,3119,2891,12,2903,32
2020-08-28,Plumas,063,18699,41,39,0,39,0
2020-08-28,Riverside,065,2383286,53746,51510,60,51570,1008
2020-08-28,Sacramento,067,1510023,18594,17119,16,17135,283
2020-08-28,San Benito,069,59416,1131,1016,0,1016,3
2020-08-28,San Bernardino,071,2135413,49236,46553,309,46862,754
2020-08-28,San Diego,073,3302833,39752,37786,444,38230,676
2020-08-28,San Francisco,075,870044,9697,9135,11,9146,83
2020-08-28,San Joaquin,077,732212,18592,17114,35,17149,314
2020-08-28,San Luis Obispo,079,281455,3140,2849,17,2866,20
2020-08-28,San Mateo,081,765935,8635,7783,8,7791,121
2020-08-28,Santa Barbara,083,443738,8250,8001,69,8070,92
2020-08-28,Santa Clara,085,1922200,18594,16696,38,16734,201
2020-08-28,Santa Cruz,087,273765,1898,1747,17,1764,7
2020-08-28,Shasta,089,179085,622,516,3,519,9
2020-08-28,Sierra,091,2930,6,6,0,6,0
2020-08-28,Siskiyou,093,43540,136,119,8,127,0
2020-08-28,Solano,095,438530,5542,5219,39,5258,34
2020-08-28,Sonoma,097,501317,6051,5425,19,5444,58
2020-08-28,Stanislaus,099,539301,15258,14176,343,14519,190
2020-08-28,Sutter,101,95872,1407,1308,1,1309,9
2020-08-28,Tehama,103,63373,431,410,2,412,1
2020-08-28,Trinity,105,12862,46,11,6,17,0
2020-08-28,Tulare,107,460477,14705,13776,59,13835,236
2020-08-28,Tuolumne,109,53932,207,176,3,179,1
2020-08-28,Ventura,111,848112,11403,10606,98,10704,103
2020-08-28,Yolo,113,214977,2513,2323,4,2327,51
2020-08-28,Yuba,115,75493,886,810,3,813,1
2020-08-27,Alameda,001,1643700,18872,17584,125,17709,234
2020-08-27,Alpine,003,1148,2,2,0,2,0
2020-08-27,Amador,005,37829,273,233,0,233,13
2020-08-27,Butte,007,227075,2223,1803,20,1823,25
2020-08-27,Calaveras,009,45235,250,204,0,204,1
2020-08-27,Colusa,011,21464,468,438,0,438,6
2020-08-27,Contra Costa,013,1133247,14503,13379,50,13429,158
2020-08-27,Del Norte,015,27424,115,107,0,107,1
2020-08-27,El Dorado,017,186661,1011,942,2,944,2
2020-08-27,Fresno,019,978130,27642,24367,305,24672,272
2020-08-27,Glenn,021,27897,451,429,0,429,3
2020-08-27,Humboldt,023,135768,399,358,1,359,4
2020-08-27,Imperial,025,180216,11241,9608,6,9614,235
2020-08-27,Inyo,027,18085,180,157,3,160,2
2020-08-27,Kern,029,883053,29836,28635,221,28856,294
2020-08-27,Kings,031,150075,6393,5759,35,5794,62
2020-08-27,Lake,033,64148,354,314,0,314,2
2020-08-27,Lassen,035,31185,722,703,2,705,0
2020-08-27,Los Angeles,037,10098052,242090,237103,1259,238362,5704
2020-08-27,Madera,039,155013,3910,3465,26,3491,33
2020-08-27,Marin,041,260295,6198,5929,15,5944,62
2020-08-27,Mariposa,043,17540,73,67,0,67,2
2020-08-27,Mendocino,045,87422,638,581,0,581,10
2020-08-27,Merced,047,269075,8046,7765,10,7775,75
2020-08-27,Modoc,049,8938,11,5,0,5,0
2020-08-27,Mono,051,14174,163,145,2,147,1
2020-08-27,Monterey,053,433212,8109,7501,22,7523,52
2020-08-27,Napa,055,140530,1480,1397,5,1402,10
2020-08-27,Nevada,057,99092,456,435,13,448,5
2020-08-27,Orange,059,3164182,50133,46449,1179,47628,935
2020-08-27,Placer,061,380077,3088,2869,12,2881,32
2020-08-27,Plumas,063,18699,40,39,0,39,0
2020-08-27,Riverside,065,2383286,53537,51306,57,51363,999
2020-08-27,Sacramento,067,1510023,18396,16875,16,16891,281
2020-08-27,San Benito,069,59416,1115,987,0,987,3
2020-08-27,San Bernardino,071,2135413,49010,46345,303,46648,751
2020-08-27,San Diego,073,3302833,39481,37501,424,37925,673
2020-08-27,San Francisco,075,870044,9631,9014,11,9025,83
2020-08-27,San Joaquin,077,732212,18512,16989,35,17024,314
2020-08-27,San Luis Obispo,079,281455,3115,2808,17,2825,20
2020-08-27,San Mateo,081,765935,8526,7728,8,7736,121
2020-08-27,Santa Barbara,083,443738,8212,7934,69,8003,92
2020-08-27,Santa Clara,085,1922200,18411,16495,38,16533,199
2020-08-27,Santa Cruz,087,273765,1881,1734,17,1751,7
2020-08-27,Shasta,089,179085,616,512,3,515,9
2020-08-27,Sierra,091,2930,6,6,0,6,0
2020-08-27,Siskiyou,093,43540,136,118,8,126,0
2020-08-27,Solano,095,438530,5504,5167,39,5206,34
2020-08-27,Sonoma,097,501317,5939,5357,19,5376,58
2020-08-27,Stanislaus,099,539301,15177,14080,340,14420,186
2020-08-27,Sutter,101,95872,1387,1296,1,1297,9
2020-08-27,Tehama,103,63373,427,398,2,400,1
2020-08-27,Trinity,105,12862,46,11,6,17,0
2020-08-27,Tulare,107,460477,14613,13666,58,13724,231
2020-08-27,Tuolumne,109,53932,202,174,3,177,1
2020-08-27,Ventura,111,848112,11340,10483,94,10577,102
2020-08-27,Yolo,113,214977,2489,2293,4,2297,51
2020-08-27,Yuba,115,75493,875,807,3,810,1
2020-08-26,Alameda,001,1643700,18710,17373,125,17498,233
2020-08-26,Alpine,003,1148,2,2,0,2,0
2020-08-26,Amador,005,37829,273,229,0,229,13
2020-08-26,Butte,007,227075,2156,1765,18,1783,25
2020-08-26,Calaveras,009,45235,243,201,0,201,1
2020-08-26,Colusa,011,21464,462,433,0,433,5
2020-08-26,Contra Costa,013,1133247,14366,13248,50,13298,157
2020-08-26,Del Norte,015,27424,114,86,0,86,1
2020-08-26,El Dorado,017,186661,1009,938,2,940,2
2020-08-26,Fresno,019,978130,27494,24071,303,24374,255
2020-08-26,Glenn,021,27897,449,429,0,429,3
2020-08-26,Humboldt,023,135768,387,357,1,358,4
2020-08-26,Imperial,025,180216,11219,9453,6,9459,227
2020-08-26,Inyo,027,18085,177,157,3,160,2
2020-08-26,Kern,029,883053,29697,28507,218,28725,286
2020-08-26,Kings,031,150075,6372,5720,35,5755,62
2020-08-26,Lake,033,64148,349,308,0,308,2
2020-08-26,Lassen,035,31185,722,702,2,704,0
2020-08-26,Los Angeles,037,10098052,241077,235499,1228,236727,5665
2020-08-26,Madera,039,155013,3881,3458,26,3484,32
2020-08-26,Marin,041,260295,6181,5887,15,5902,56
2020-08-26,Mariposa,043,17540,73,68,0,68,2
2020-08-26,Mendocino,045,87422,627,581,0,581,10
2020-08-26,Merced,047,269075,8013,7720,10,7730,74
2020-08-26,Modoc,049,8938,8,5,0,5,0
2020-08-26,Mono,051,14174,163,141,2,143,1
2020-08-26,Monterey,053,433212,8016,7439,22,7461,51
2020-08-26,Napa,055,140530,1467,1382,5,1387,10
2020-08-26,Nevada,057,99092,453,432,13,445,2
2020-08-26,Orange,059,3164182,49949,46157,1163,47320,905
2020-08-26,Placer,061,380077,3066,2846,10,2856,32
2020-08-26,Plumas,063,18699,39,39,0,39,0
2020-08-26,Riverside,065,2383286,53295,51138,57,51195,987
2020-08-26,Sacramento,067,1510023,18233,16708,16,16724,271
2020-08-26,San Benito,069,59416,1100,978,0,978,3
2020-08-26,San Bernardino,071,2135413,48802,45840,299,46139,743
2020-08-26,San Diego,073,3302833,39143,37224,397,37621,668
2020-08-26,San Francisco,075,870044,9556,8938,11,8949,81
2020-08-26,San Joaquin,077,732212,18423,16845,34,16879,309
2020-08-26,San Luis Obispo,079,281455,3087,2761,17,2778,20
2020-08-26,San Mateo,081,765935,8459,7655,8,7663,121
2020-08-26,Santa Barbara,083,443738,8178,7904,69,7973,90
2020-08-26,Santa Clara,085,1922200,18235,16283,38,16321,198
2020-08-26,Santa Cruz,087,273765,1870,1726,17,1743,7
2020-08-26,Shasta,089,179085,611,511,3,514,9
2020-08-26,Sierra,091,2930,6,6,0,6,0
2020-08-26,Siskiyou,093,43540,133,109,8,117,0
2020-08-26,Solano,095,438530,5480,5131,38,5169,34
2020-08-26,Sonoma,097,501317,5866,5283,19,5302,58
2020-08-26,Stanislaus,099,539301,15100,13964,334,14298,186
2020-08-26,Sutter,101,95872,1369,1275,1,1276,9
2020-08-26,Tehama,103,63373,424,396,2,398,1
2020-08-26,Trinity,105,12862,45,10,6,16,0
2020-08-26,Tulare,107,460477,14546,13568,58,13626,232
2020-08-26,Tuolumne,109,53932,201,172,3,175,1
2020-08-26,Ventura,111,848112,11268,10412,87,10499,100
2020-08-26,Yolo,113,214977,2467,2279,4,2283,49
2020-08-26,Yuba,115,75493,860,779,3,782,1
2020-08-25,Alameda,001,1643700,18553,17278,125,17403,232
2020-08-25,Alpine,003,1148,2,2,0,2,0
2020-08-25,Amador,005,37829,273,227,0,227,13
2020-08-25,Butte,007,227075,2089,1718,18,1736,24
2020-08-25,Calaveras,009,45235,241,196,0,196,1
2020-08-25,Colusa,011,21464,455,430,0,430,5
2020-08-25,Contra Costa,013,1133247,14228,13181,49,13230,156
2020-08-25,Del Norte,015,27424,113,83,0,83,1
2020-08-25,El Dorado,017,186661,1006,928,2,930,2
2020-08-25,Fresno,019,978130,27306,23932,302,24234,250
2020-08-25,Glenn,021,27897,446,429,0,429,3
2020-08-25,Humboldt,023,135768,382,342,1,343,4
2020-08-25,Imperial,025,180216,11191,9381,6,9387,217
2020-08-25,Inyo,027,18085,175,144,3,147,1
2020-08-25,Kern,029,883053,29560,28416,218,28634,285
2020-08-25,Kings,031,150075,6215,5702,35,5737,59
2020-08-25,Lake,033,64148,344,304,0,304,2
2020-08-25,Lassen,035,31185,721,692,2,694,0
2020-08-25,Los Angeles,037,10098052,239783,233961,1178,235139,5612
2020-08-25,Madera,039,155013,3866,3446,25,3471,32
2020-08-25,Marin,041,260295,6143,5860,15,5875,56
2020-08-25,Mariposa,043,17540,73,67,0,67,2
2020-08-25,Mendocino,045,87422,619,571,0,571,10
2020-08-25,Merced,047,269075,7946,7693,9,7702,69
2020-08-25,Modoc,049,8938,8,5,0,5,0
2020-08-25,Mono,051,14174,163,129,2,131,1
2020-08-25,Monterey,053,433212,7936,7333,22,7355,51
2020-08-25,Napa,055,140530,1460,1374,5,1379,10
2020-08-25,Nevada,057,99092,449,430,13,443,2
2020-08-25,Orange,059,3164182,49755,45737,1147,46884,902
2020-08-25,Placer,061,380077,3047,2829,7,2836,31
2020-08-25,Plumas,063,18699,39,39,0,39,0
2020-08-25,Riverside,065,2383286,53063,50889,57,50946,981
2020-08-25,Sacramento,067,1510023,18080,16601,16,16617,265
2020-08-25,San Benito,069,59416,1084,973,0,973,3
2020-08-25,San Bernardino,071,2135413,48567,45544,296,45840,727
2020-08-25,San Diego,073,3302833,38864,36996,375,37371,665
2020-08-25,San Francisco,075,870044,9478,8848,11,8859,81
2020-08-25,San Joaquin,077,732212,18296,16795,34,16829,306
2020-08-25,San Luis Obispo,079,281455,3028,2731,16,2747,20
2020-08-25,San Mateo,081,765935,8399,7636,8,7644,120
2020-08-25,Santa Barbara,083,443738,8126,7854,69,7923,90
2020-08-25,Santa Clara,085,1922200,18063,16199,38,16237,194
2020-08-25,Santa Cruz,087,273765,1851,1708,17,1725,7
2020-08-25,Shasta,089,179085,607,511,3,514,9
2020-08-25,Sierra,091,2930,6,6,0,6,0
2020-08-25,Siskiyou,093,43540,132,109,8,117,0
2020-08-25,Solano,095,438530,5419,5114,38,5152,34
2020-08-25,Sonoma,097,501317,5780,5148,19,5167,56
2020-08-25,Stanislaus,099,539301,14992,13886,323,14209,182
2020-08-25,Sutter,101,95872,1352,1259,1,1260,9
2020-08-25,Tehama,103,63373,421,394,2,396,1
2020-08-25,Trinity,105,12862,44,10,6,16,0
2020-08-25,Tulare,107,460477,14443,13514,57,13571,224
2020-08-25,Tuolumne,109,53932,199,172,3,175,1
2020-08-25,Ventura,111,848112,11183,10313,82,10395,99
2020-08-25,Yolo,113,214977,2454,2254,4,2258,50
2020-08-25,Yuba,115,75493,850,775,3,778,1
2020-08-24,Alameda,001,1643700,18358,16913,124,17037,231
2020-08-24,Alpine,003,1148,2,2,0,2,0
2020-08-24,Amador,005,37829,271,227,0,227,13
2020-08-24,Butte,007,227075,2005,1649,18,1667,23
2020-08-24,Calaveras,009,45235,231,187,0,187,1
2020-08-24,Colusa,011,21464,451,425,0,425,5
2020-08-24,Contra Costa,013,1133247,14113,12906,47,12953,153
2020-08-24,Del Norte,015,27424,113,80,0,80,1
2020-08-24,El Dorado,017,186661,998,908,2,910,2
2020-08-24,Fresno,019,978130,27118,23618,295,23913,235
2020-08-24,Glenn,021,27897,444,421,0,421,2
2020-08-24,Humboldt,023,135768,378,340,1,341,4
2020-08-24,Imperial,025,180216,11158,9323,6,9329,210
2020-08-24,Inyo,027,18085,171,144,3,147,2
2020-08-24,Kern,029,883053,29462,28157,212,28369,277
2020-08-24,Kings,031,150075,6127,5652,35,5687,60
2020-08-24,Lake,033,64148,329,302,0,302,2
2020-08-24,Lassen,035,31185,721,693,2,695,0
2020-08-24,Los Angeles,037,10098052,238422,233036,1159,234195,5562
2020-08-24,Madera,039,155013,3839,3418,25,3443,32
2020-08-24,Marin,041,260295,6080,5834,15,5849,56
2020-08-24,Mariposa,043,17540,71,66,0,66,2
2020-08-24,Mendocino,045,87422,604,550,0,550,10
2020-08-24,Merced,047,269075,7868,7605,9,7614,69
2020-08-24,Modoc,049,8938,8,5,0,5,0
2020-08-24,Mono,051,14174,163,129,2,131,1
2020-08-24,Monterey,053,433212,7827,7212,21,7233,50
2020-08-24,Napa,055,140530,1447,1358,5,1363,10
2020-08-24,Nevada,057,99092,444,423,13,436,2
2020-08-24,Orange,059,3164182,49562,45536,1137,46673,887
2020-08-24,Placer,061,380077,3001,2793,7,2800,31
2020-08-24,Plumas,063,18699,39,37,0,37,0
2020-08-24,Riverside,065,2383286,52785,50496,57,50553,975
2020-08-24,Sacramento,067,1510023,17883,16318,16,16334,249
2020-08-24,San Benito,069,59416,1063,961,0,961,3
2020-08-24,San Bernardino,071,2135413,48304,45199,294,45493,720
2020-08-24,San Diego,073,3302833,38576,36729,347,37076,660
2020-08-24,San Francisco,075,870044,9395,8621,10,8631,81
2020-08-24,San Joaquin,077,732212,18155,16565,33,16598,305
2020-08-24,San Luis Obispo,079,281455,3000,2705,16,2721,20
2020-08-24,San Mateo,081,765935,8332,7502,8,7510,120
2020-08-24,Santa Barbara,083,443738,8085,7784,69,7853,90
2020-08-24,Santa Clara,085,1922200,17859,16049,38,16087,192
2020-08-24,Santa Cruz,087,273765,1831,1627,16,1643,6
2020-08-24,Shasta,089,179085,605,505,3,508,9
2020-08-24,Sierra,091,2930,6,6,0,6,0
2020-08-24,Siskiyou,093,43540,128,107,8,115,0
2020-08-24,Solano,095,438530,5370,4979,36,5015,32
2020-08-24,Sonoma,097,501317,5678,5071,19,5090,56
2020-08-24,Stanislaus,099,539301,14894,13521,309,13830,171
2020-08-24,Sutter,101,95872,1333,1219,1,1220,9
2020-08-24,Tehama,103,63373,416,388,2,390,1
2020-08-24,Trinity,105,12862,44,10,6,16,0
2020-08-24,Tulare,107,460477,14336,13360,56,13416,223
2020-08-24,Tuolumne,109,53932,198,170,3,173,1
2020-08-24,Ventura,111,848112,11103,10261,78,10339,99
2020-08-24,Yolo,113,214977,2420,2239,4,2243,47
2020-08-24,Yuba,115,75493,833,750,3,753,1
2020-08-23,Alameda,001,1643700,18135,16786,123,16909,231
2020-08-23,Alpine,003,1148,2,2,0,2,0
2020-08-23,Amador,005,37829,268,227,0,227,13
2020-08-23,Butte,007,227075,1890,1637,18,1655,23
2020-08-23,Calaveras,009,45235,221,187,0,187,1
2020-08-23,Colusa,011,21464,444,424,0,424,5
2020-08-23,Contra Costa,013,1133247,13954,12642,47,12689,153
2020-08-23,Del Norte,015,27424,113,80,0,80,1
2020-08-23,El Dorado,017,186661,985,901,2,903,2
2020-08-23,Fresno,019,978130,26913,23414,291,23705,235
2020-08-23,Glenn,021,27897,437,421,0,421,2
2020-08-23,Humboldt,023,135768,376,341,1,342,4
2020-08-23,Imperial,025,180216,11129,9243,6,9249,210
2020-08-23,Inyo,027,18085,168,144,3,147,2
2020-08-23,Kern,029,883053,29313,28028,207,28235,277
2020-08-23,Kings,031,150075,6084,5628,35,5663,60
2020-08-23,Lake,033,64148,325,299,0,299,2
2020-08-23,Lassen,035,31185,720,693,2,695,0
2020-08-23,Los Angeles,037,10098052,236826,231833,1089,232922,5549
2020-08-23,Madera,039,155013,3807,3401,24,3425,32
2020-08-23,Marin,041,260295,6041,5807,14,5821,50
2020-08-23,Mariposa,043,17540,71,66,0,66,2
2020-08-23,Mendocino,045,87422,600,550,0,550,10
2020-08-23,Merced,047,269075,7799,7574,8,7582,69
2020-08-23,Modoc,049,8938,7,5,0,5,0
2020-08-23,Mono,051,14174,163,129,2,131,1
2020-08-23,Monterey,053,433212,7737,7173,21,7194,50
2020-08-23,Napa,055,140530,1435,1348,5,1353,10
2020-08-23,Nevada,057,99092,439,421,13,434,2
2020-08-23,Orange,059,3164182,49324,45267,1125,46392,887
2020-08-23,Placer,061,380077,2962,2772,7,2779,31
2020-08-23,Plumas,063,18699,39,37,0,37,0
2020-08-23,Riverside,065,2383286,52515,50293,55,50348,955
2020-08-23,Sacramento,067,1510023,17659,16084,15,16099,243
2020-08-23,San Benito,069,59416,1050,938,0,938,3
2020-08-23,San Bernardino,071,2135413,48036,45010,284,45294,719
2020-08-23,San Diego,073,3302833,38255,36542,320,36862,660
2020-08-23,San Francisco,075,870044,9300,8564,9,8573,80
2020-08-23,San Joaquin,077,732212,18022,16069,32,16101,305
2020-08-23,San Luis Obispo,079,281455,2958,2679,16,2695,20
2020-08-23,San Mateo,081,765935,8237,7450,8,7458,120
2020-08-23,Santa Barbara,083,443738,8017,7725,69,7794,90
2020-08-23,Santa Clara,085,1922200,17664,15912,36,15948,191
2020-08-23,Santa Cruz,087,273765,1805,1627,16,1643,6
2020-08-23,Shasta,089,179085,600,501,3,504,9
2020-08-23,Sierra,091,2930,6,6,0,6,0
2020-08-23,Siskiyou,093,43540,123,107,8,115,0
2020-08-23,Solano,095,438530,5312,4977,34,5011,32
2020-08-23,Sonoma,097,501317,5590,5018,19,5037,56
2020-08-23,Stanislaus,099,539301,14759,13483,286,13769,171
2020-08-23,Sutter,101,95872,1311,1203,1,1204,9
2020-08-23,Tehama,103,63373,406,381,2,383,1
2020-08-23,Trinity,105,12862,44,10,6,16,0
2020-08-23,Tulare,107,460477,14204,13303,53,13356,223
2020-08-23,Tuolumne,109,53932,195,164,3,167,1
2020-08-23,Ventura,111,848112,11002,10126,74,10200,99
2020-08-23,Yolo,113,214977,2392,2210,4,2214,47
2020-08-23,Yuba,115,75493,812,750,3,753,1
2020-08-22,Alameda,001,1643700,18041,16648,122,16770,231
2020-08-22,Alpine,003,1148,2,2,0,2,0
2020-08-22,Amador,005,37829,267,224,0,224,13
2020-08-22,Butte,007,227075,1839,1618,18,1636,22
2020-08-22,Calaveras,009,45235,218,187,0,187,1
2020-08-22,Colusa,011,21464,440,419,0,419,5
2020-08-22,Contra Costa,013,1133247,13867,12522,47,12569,153
2020-08-22,Del Norte,015,27424,112,80,0,80,1
2020-08-22,El Dorado,017,186661,983,900,2,902,2
2020-08-22,Fresno,019,978130,26816,23197,290,23487,235
2020-08-22,Glenn,021,27897,436,421,0,421,2
2020-08-22,Humboldt,023,135768,366,334,1,335,4
2020-08-22,Imperial,025,180216,11121,9244,6,9250,210
2020-08-22,Inyo,027,18085,168,144,3,147,1
2020-08-22,Kern,029,883053,29259,27807,207,28014,277
2020-08-22,Kings,031,150075,6075,5447,35,5482,60
2020-08-22,Lake,033,64148,323,291,0,291,2
2020-08-22,Lassen,035,31185,720,693,2,695,0
2020-08-22,Los Angeles,037,10098052,236167,230858,1071,231929,5540
2020-08-22,Madera,039,155013,3788,3330,24,3354,32
2020-08-22,Marin,041,260295,6029,5789,14,5803,49
2020-08-22,Mariposa,043,17540,71,66,0,66,2
2020-08-22,Mendocino,045,87422,597,529,0,529,10
2020-08-22,Merced,047,269075,7771,7493,8,7501,69
2020-08-22,Modoc,049,8938,7,5,0,5,0
2020-08-22,Mono,051,14174,163,129,2,131,1
2020-08-22,Monterey,053,433212,7689,7081,21,7102,50
2020-08-22,Napa,055,140530,1430,1328,5,1333,11
2020-08-22,Nevada,057,99092,439,411,13,424,2
2020-08-22,Orange,059,3164182,49183,45131,1119,46250,885
2020-08-22,Placer,061,380077,2948,2734,7,2741,30
2020-08-22,Plumas,063,18699,39,37,0,37,0
2020-08-22,Riverside,065,2383286,52367,49944,54,49998,953
2020-08-22,Sacramento,067,1510023,17547,15516,15,15531,239
2020-08-22,San Benito,069,59416,1034,912,0,912,3
2020-08-22,San Bernardino,071,2135413,47907,44803,280,45083,719
2020-08-22,San Diego,073,3302833,38073,36205,309,36514,673
2020-08-22,San Francisco,075,870044,9240,8568,9,8577,80
2020-08-22,San Joaquin,077,732212,17966,16068,32,16100,305
2020-08-22,San Luis Obispo,079,281455,2932,2660,16,2676,20
2020-08-22,San Mateo,081,765935,8190,7361,8,7369,120
2020-08-22,Santa Barbara,083,443738,7991,7685,69,7754,90
2020-08-22,Santa Clara,085,1922200,17556,15590,36,15626,190
2020-08-22,Santa Cruz,087,273765,1789,1628,15,1643,6
2020-08-22,Shasta,089,179085,598,493,3,496,9
2020-08-22,Sierra,091,2930,6,6,0,6,0
2020-08-22,Siskiyou,093,43540,123,106,8,114,0
2020-08-22,Solano,095,438530,5282,4944,33,4977,32
2020-08-22,Sonoma,097,501317,5544,4891,19,4910,57
2020-08-22,Stanislaus,099,539301,14709,13380,269,13649,170
2020-08-22,Sutter,101,95872,1304,1189,1,1190,8
2020-08-22,Tehama,103,63373,405,368,2,370,1
2020-08-22,Trinity,105,12862,44,8,6,14,0
2020-08-22,Tulare,107,460477,14137,13196,53,13249,222
2020-08-22,Tuolumne,109,53932,193,162,3,165,1
2020-08-22,Ventura,111,848112,10947,9959,72,10031,99
2020-08-22,Yolo,113,214977,2376,2188,4,2192,47
2020-08-22,Yuba,115,75493,800,738,3,741,1
2020-08-21,Alameda,001,1643700,17949,16413,122,16535,232
2020-08-21,Alpine,003,1148,2,2,0,2,0
2020-08-21,Amador,005,37829,266,223,0,223,11
2020-08-21,Butte,007,227075,1800,1582,18,1600,19
2020-08-21,Calaveras,009,45235,218,182,0,182,1
2020-08-21,Colusa,011,21464,438,418,0,418,5
2020-08-21,Contra Costa,013,1133247,13777,12333,46,12379,149
2020-08-21,Del Norte,015,27424,112,78,0,78,1
2020-08-21,El Dorado,017,186661,979,885,2,887,2
2020-08-21,Fresno,019,978130,26646,22840,289,23129,232
2020-08-21,Glenn,021,27897,432,418,0,418,2
2020-08-21,Humboldt,023,135768,363,331,1,332,4
2020-08-21,Imperial,025,180216,11105,9166,6,9172,204
2020-08-21,Inyo,027,18085,168,144,3,147,1
2020-08-21,Kern,029,883053,29200,27567,205,27772,269
2020-08-21,Kings,031,150075,6053,5391,35,5426,60
2020-08-21,Lake,033,64148,321,281,0,281,2
2020-08-21,Lassen,035,31185,720,693,2,695,0
2020-08-21,Los Angeles,037,10098052,235294,229235,1051,230286,5494
2020-08-21,Madera,039,155013,3758,3271,24,3295,31
2020-08-21,Marin,041,260295,6009,5762,14,5776,49
2020-08-21,Mariposa,043,17540,71,66,0,66,2
2020-08-21,Mendocino,045,87422,587,505,0,505,10
2020-08-21,Merced,047,269075,7742,7357,8,7365,69
2020-08-21,Modoc,049,8938,7,5,0,5,0
2020-08-21,Mono,051,14174,163,128,2,130,1
2020-08-21,Monterey,053,433212,7617,6974,21,6995,49
2020-08-21,Napa,055,140530,1421,1317,5,1322,10
2020-08-21,Nevada,057,99092,438,406,13,419,2
2020-08-21,Orange,059,3164182,49042,44625,1110,45735,875
2020-08-21,Placer,061,380077,2932,2698,6,2704,30
2020-08-21,Plumas,063,18699,39,36,0,36,0
2020-08-21,Riverside,065,2383286,52172,49409,54,49463,932
2020-08-21,Sacramento,067,1510023,17424,15247,15,15262,237
2020-08-21,San Benito,069,59416,1024,891,0,891,3
2020-08-21,San Bernardino,071,2135413,47787,44249,276,44525,668
2020-08-21,San Diego,073,3302833,37869,35914,292,36206,652
2020-08-21,San Francisco,075,870044,9190,8375,9,8384,80
2020-08-21,San Joaquin,077,732212,17883,15888,30,15918,301
2020-08-21,San Luis Obispo,079,281455,2909,2640,16,2656,19
2020-08-21,San Mateo,081,765935,8132,7253,8,7261,120
2020-08-21,Santa Barbara,083,443738,7950,7645,69,7714,86
2020-08-21,Santa Clara,085,1922200,17404,15399,36,15435,190
2020-08-21,Santa Cruz,087,273765,1777,1617,15,1632,6
2020-08-21,Shasta,089,179085,598,486,3,489,9
2020-08-21,Sierra,091,2930,6,6,0,6,0
2020-08-21,Siskiyou,093,43540,123,103,6,109,0
2020-08-21,Solano,095,438530,5259,4891,32,4923,32
2020-08-21,Sonoma,097,501317,5474,4816,19,4835,57
2020-08-21,Stanislaus,099,539301,14640,13282,254,13536,161
2020-08-21,Sutter,101,95872,1291,1173,1,1174,8
2020-08-21,Tehama,103,63373,403,357,2,359,1
2020-08-21,Trinity,105,12862,44,8,6,14,0
2020-08-21,Tulare,107,460477,14065,13002,52,13054,217
2020-08-21,Tuolumne,109,53932,185,161,3,164,1
2020-08-21,Ventura,111,848112,10882,9865,70,9935,98
2020-08-21,Yolo,113,214977,2361,2164,4,2168,46
2020-08-21,Yuba,115,75493,796,717,3,720,1
2020-08-20,Alameda,001,1643700,17790,16174,122,16296,229
2020-08-20,Alpine,003,1148,2,2,0,2,0
2020-08-20,Amador,005,37829,264,222,0,222,11
2020-08-20,Butte,007,227075,1749,1549,18,1567,18
2020-08-20,Calaveras,009,45235,215,179,0,179,1
2020-08-20,Colusa,011,21464,436,415,0,415,5
2020-08-20,Contra Costa,013,1133247,13649,12108,45,12153,144
2020-08-20,Del Norte,015,27424,112,78,0,78,1
2020-08-20,El Dorado,017,186661,975,881,2,883,2
2020-08-20,Fresno,019,978130,26464,22535,284,22819,228
2020-08-20,Glenn,021,27897,427,414,0,414,2
2020-08-20,Humboldt,023,135768,358,318,1,319,4
2020-08-20,Imperial,025,180216,11086,9086,6,9092,196
2020-08-20,Inyo,027,18085,167,144,3,147,1
2020-08-20,Kern,029,883053,29032,27337,194,27531,267
2020-08-20,Kings,031,150075,6013,5347,34,5381,59
2020-08-20,Lake,033,64148,316,280,0,280,2
2020-08-20,Lassen,035,31185,719,693,2,695,0
2020-08-20,Los Angeles,037,10098052,234070,227492,1032,228524,5445
2020-08-20,Madera,039,155013,3732,3197,24,3221,31
2020-08-20,Marin,041,260295,5991,5745,14,5759,47
2020-08-20,Mariposa,043,17540,71,67,0,67,2
2020-08-20,Mendocino,045,87422,576,497,0,497,10
2020-08-20,Merced,047,269075,7667,7173,8,7181,68
2020-08-20,Modoc,049,8938,7,5,0,5,0
2020-08-20,Mono,051,14174,163,128,2,130,1
2020-08-20,Monterey,053,433212,7546,6892,21,6913,47
2020-08-20,Napa,055,140530,1413,1306,5,1311,10
2020-08-20,Nevada,057,99092,437,401,13,414,2
2020-08-20,Orange,059,3164182,48815,44299,1099,45398,849
2020-08-20,Placer,061,380077,2916,2681,6,2687,30
2020-08-20,Plumas,063,18699,39,36,0,36,0
2020-08-20,Riverside,065,2383286,51953,48953,53,49006,927
2020-08-20,Sacramento,067,1510023,17182,14992,15,15007,231
2020-08-20,San Benito,069,59416,1011,866,0,866,3
2020-08-20,San Bernardino,071,2135413,47531,43627,272,43899,665
2020-08-20,San Diego,073,3302833,37649,35610,274,35884,644
2020-08-20,San Francisco,075,870044,9104,8262,9,8271,72
2020-08-20,San Joaquin,077,732212,17790,15778,30,15808,297
2020-08-20,San Luis Obispo,079,281455,2889,2590,16,2606,19
2020-08-20,San Mateo,081,765935,8067,7188,8,7196,120
2020-08-20,Santa Barbara,083,443738,7912,7571,69,7640,81
2020-08-20,Santa Clara,085,1922200,17231,15162,36,15198,190
2020-08-20,Santa Cruz,087,273765,1764,1581,15,1596,6
2020-08-20,Shasta,089,179085,597,478,3,481,9
2020-08-20,Sierra,091,2930,6,6,0,6,0
2020-08-20,Siskiyou,093,43540,122,102,1,103,0
2020-08-20,Solano,095,438530,5215,4843,32,4875,31
2020-08-20,Sonoma,097,501317,5402,4737,19,4756,54
2020-08-20,Stanislaus,099,539301,14544,13120,245,13365,161
2020-08-20,Sutter,101,95872,1267,1158,1,1159,8
2020-08-20,Tehama,103,63373,397,350,2,352,1
2020-08-20,Trinity,105,12862,44,8,6,14,0
2020-08-20,Tulare,107,460477,13957,12907,51,12958,217
2020-08-20,Tuolumne,109,53932,181,159,3,162,1
2020-08-20,Ventura,111,848112,10769,9744,69,9813,93
2020-08-20,Yolo,113,214977,2339,2150,4,2154,47
2020-08-20,Yuba,115,75493,779,709,3,712,1
2020-08-19,Alameda,001,1643700,17632,15874,121,15995,226
2020-08-19,Alpine,003,1148,2,2,0,2,0
2020-08-19,Amador,005,37829,263,219,0,219,9
2020-08-19,Butte,007,227075,1706,1517,18,1535,16
2020-08-19,Calaveras,009,45235,212,177,0,177,1
2020-08-19,Colusa,011,21464,435,415,0,415,5
2020-08-19,Contra Costa,013,1133247,13537,11895,43,11938,142
2020-08-19,Del Norte,015,27424,112,78,0,78,1
2020-08-19,El Dorado,017,186661,969,870,2,872,2
2020-08-19,Fresno,019,978130,26275,22167,275,22442,221
2020-08-19,Glenn,021,27897,425,414,0,414,2
2020-08-19,Humboldt,023,135768,355,316,1,317,4
2020-08-19,Imperial,025,180216,11058,9041,6,9047,192
2020-08-19,Inyo,027,18085,165,140,3,143,1
2020-08-19,Kern,029,883053,28915,27142,190,27332,263
2020-08-19,Kings,031,150075,5840,5301,32,5333,59
2020-08-19,Lake,033,64148,313,277,0,277,2
2020-08-19,Lassen,035,31185,711,693,2,695,0
2020-08-19,Los Angeles,037,10098052,232796,226006,992,226998,5399
2020-08-19,Madera,039,155013,3698,3158,22,3180,30
2020-08-19,Marin,041,260295,5967,5723,13,5736,46
2020-08-19,Mariposa,043,17540,71,64,0,64,2
2020-08-19,Mendocino,045,87422,560,495,0,495,8
2020-08-19,Merced,047,269075,7540,7082,5,7087,66
2020-08-19,Modoc,049,8938,7,5,0,5,0
2020-08-19,Mono,051,14174,163,128,2,130,1
2020-08-19,Monterey,053,433212,7446,6693,21,6714,45
2020-08-19,Napa,055,140530,1408,1293,5,1298,10
2020-08-19,Nevada,057,99092,430,398,13,411,2
2020-08-19,Orange,059,3164182,48610,43938,1096,45034,829
2020-08-19,Placer,061,380077,2894,2659,6,2665,28
2020-08-19,Plumas,063,18699,39,36,0,36,0
2020-08-19,Riverside,065,2383286,51704,48741,53,48794,922
2020-08-19,Sacramento,067,1510023,17001,14764,15,14779,229
2020-08-19,San Benito,069,59416,994,853,0,853,3
2020-08-19,San Bernardino,071,2135413,47233,43224,266,43490,661
2020-08-19,San Diego,073,3302833,37399,35378,259,35637,638
2020-08-19,San Francisco,075,870044,9039,8236,9,8245,72
2020-08-19,San Joaquin,077,732212,17664,15677,29,15706,296
2020-08-19,San Luis Obispo,079,281455,2849,2553,16,2569,19
2020-08-19,San Mateo,081,765935,7998,7146,8,7154,119
2020-08-19,Santa Barbara,083,443738,7863,7499,69,7568,80
2020-08-19,Santa Clara,085,1922200,17085,14994,36,15030,189
2020-08-19,Santa Cruz,087,273765,1738,1554,15,1569,6
2020-08-19,Shasta,089,179085,593,475,3,478,9
2020-08-19,Sierra,091,2930,6,6,0,6,0
2020-08-19,Siskiyou,093,43540,121,103,1,104,0
2020-08-19,Solano,095,438530,5174,4807,32,4839,31
2020-08-19,Sonoma,097,501317,5323,4614,19,4633,54
2020-08-19,Stanislaus,099,539301,14441,13084,223,13307,160
2020-08-19,Sutter,101,95872,1233,1146,1,1147,8
2020-08-19,Tehama,103,63373,391,342,2,344,1
2020-08-19,Trinity,105,12862,43,8,6,14,0
2020-08-19,Tulare,107,460477,13859,12756,51,12807,217
2020-08-19,Tuolumne,109,53932,178,159,3,162,1
2020-08-19,Ventura,111,848112,10677,9587,67,9654,91
2020-08-19,Yolo,113,214977,2317,2126,4,2130,47
2020-08-19,Yuba,115,75493,767,701,3,704,1
2020-08-18,Alameda,001,1643700,17455,15627,119,15746,223
2020-08-18,Alpine,003,1148,2,2,0,2,0
2020-08-18,Amador,005,37829,262,215,0,215,9
2020-08-18,Butte,007,227075,1673,1491,18,1509,16
2020-08-18,Calaveras,009,45235,208,174,0,174,1
2020-08-18,Colusa,011,21464,434,415,0,415,5
2020-08-18,Contra Costa,013,1133247,13417,11689,41,11730,141
2020-08-18,Del Norte,015,27424,111,78,0,78,0
2020-08-18,El Dorado,017,186661,964,866,2,868,2
2020-08-18,Fresno,019,978130,26054,21798,269,22067,212
2020-08-18,Glenn,021,27897,425,407,0,407,2
2020-08-18,Humboldt,023,135768,353,315,1,316,4
2020-08-18,Imperial,025,180216,11024,8968,6,8974,189
2020-08-18,Inyo,027,18085,164,140,3,143,1
2020-08-18,Kern,029,883053,28762,26978,186,27164,263
2020-08-18,Kings,031,150075,5805,5269,31,5300,58
2020-08-18,Lake,033,64148,310,274,0,274,2
2020-08-18,Lassen,035,31185,711,693,2,695,0
2020-08-18,Los Angeles,037,10098052,231537,224218,955,225173,5339
2020-08-18,Madera,039,155013,3670,3125,22,3147,28
2020-08-18,Marin,041,260295,5937,5708,13,5721,47
2020-08-18,Mariposa,043,17540,71,61,0,61,2
2020-08-18,Mendocino,045,87422,551,468,0,468,8
2020-08-18,Merced,047,269075,7492,6940,5,6945,66
2020-08-18,Modoc,049,8938,7,5,0,5,0
2020-08-18,Mono,051,14174,162,129,2,131,1
2020-08-18,Monterey,053,433212,7354,6691,20,6711,44
2020-08-18,Napa,055,140530,1405,1274,5,1279,10
2020-08-18,Nevada,057,99092,423,389,13,402,2
2020-08-18,Orange,059,3164182,48385,43659,1081,44740,809
2020-08-18,Placer,061,380077,2868,2644,5,2649,28
2020-08-18,Plumas,063,18699,39,34,0,34,0
2020-08-18,Riverside,065,2383286,51372,48447,53,48500,917
2020-08-18,Sacramento,067,1510023,16771,14610,14,14624,222
2020-08-18,San Benito,069,59416,974,836,0,836,3
2020-08-18,San Bernardino,071,2135413,46952,42827,260,43087,648
2020-08-18,San Diego,073,3302833,37106,35164,227,35391,633
2020-08-18,San Francisco,075,870044,8953,8016,9,8025,72
2020-08-18,San Joaquin,077,732212,17548,15509,28,15537,290
2020-08-18,San Luis Obispo,079,281455,2824,2535,15,2550,18
2020-08-18,San Mateo,081,765935,7936,7074,8,7082,119
2020-08-18,Santa Barbara,083,443738,7821,7472,69,7541,81
2020-08-18,Santa Clara,085,1922200,16912,14786,35,14821,184
2020-08-18,Santa Cruz,087,273765,1725,1509,15,1524,6
2020-08-18,Shasta,089,179085,589,468,3,471,9
2020-08-18,Sierra,091,2930,6,6,0,6,0
2020-08-18,Siskiyou,093,43540,120,103,1,104,0
2020-08-18,Solano,095,438530,5147,4700,32,4732,31
2020-08-18,Sonoma,097,501317,5254,4506,19,4525,48
2020-08-18,Stanislaus,099,539301,14343,12935,207,13142,149
2020-08-18,Sutter,101,95872,1214,1126,1,1127,8
2020-08-18,Tehama,103,63373,381,333,2,335,1
2020-08-18,Trinity,105,12862,41,8,6,14,0
2020-08-18,Tulare,107,460477,13728,12637,48,12685,212
2020-08-18,Tuolumne,109,53932,175,159,3,162,1
2020-08-18,Ventura,111,848112,10587,9536,62,9598,89
2020-08-18,Yolo,113,214977,2295,2102,4,2106,47
2020-08-18,Yuba,115,75493,759,679,3,682,1
2020-08-17,Alameda,001,1643700,17262,15454,118,15572,221
2020-08-17,Alpine,003,1148,2,2,0,2,0
2020-08-17,Amador,005,37829,262,215,0,215,9
2020-08-17,Butte,007,227075,1628,1463,18,1481,15
2020-08-17,Calaveras,009,45235,204,167,0,167,1
2020-08-17,Colusa,011,21464,431,408,0,408,5
2020-08-17,Contra Costa,013,1133247,13280,11442,41,11483,141
2020-08-17,Del Norte,015,27424,107,77,0,77,0
2020-08-17,El Dorado,017,186661,961,846,2,848,2
2020-08-17,Fresno,019,978130,25846,21316,262,21578,211
2020-08-17,Glenn,021,27897,424,402,0,402,2
2020-08-17,Humboldt,023,135768,349,302,1,303,4
2020-08-17,Imperial,025,180216,10983,8897,6,8903,188
2020-08-17,Inyo,027,18085,156,124,3,127,1
2020-08-17,Kern,029,883053,28615,26773,175,26948,249
2020-08-17,Kings,031,150075,5767,5249,31,5280,58
2020-08-17,Lake,033,64148,305,270,0,270,2
2020-08-17,Lassen,035,31185,711,666,2,668,0
2020-08-17,Los Angeles,037,10098052,230020,223418,908,224326,5282
2020-08-17,Madera,039,155013,3627,3050,21,3071,26
2020-08-17,Marin,041,260295,5914,5683,12,5695,46
2020-08-17,Mariposa,043,17540,71,61,0,61,2
2020-08-17,Mendocino,045,87422,533,454,0,454,8
2020-08-17,Merced,047,269075,7397,6814,5,6819,66
2020-08-17,Modoc,049,8938,7,5,0,5,0
2020-08-17,Mono,051,14174,162,126,2,128,1
2020-08-17,Monterey,053,433212,7254,6553,20,6573,44
2020-08-17,Napa,055,140530,1384,1255,5,1260,10
2020-08-17,Nevada,057,99092,418,383,13,396,2
2020-08-17,Orange,059,3164182,48175,43621,1068,44689,804
2020-08-17,Placer,061,380077,2843,2609,5,2614,28
2020-08-17,Plumas,063,18699,39,33,0,33,0
2020-08-17,Riverside,065,2383286,51040,48062,51,48113,916
2020-08-17,Sacramento,067,1510023,16551,14333,14,14347,219
2020-08-17,San Benito,069,59416,959,822,0,822,2
2020-08-17,San Bernardino,071,2135413,46608,42005,252,42257,604
2020-08-17,San Diego,073,3302833,36840,34962,213,35175,626
2020-08-17,San Francisco,075,870044,8882,7600,9,7609,72
2020-08-17,San Joaquin,077,732212,17386,15323,27,15350,280
2020-08-17,San Luis Obispo,079,281455,2791,2527,15,2542,18
2020-08-17,San Mateo,081,765935,7879,6987,7,6994,118
2020-08-17,Santa Barbara,083,443738,7779,7438,69,7507,80
2020-08-17,Santa Clara,085,1922200,16690,14546,35,14581,183
2020-08-17,Santa Cruz,087,273765,1709,1453,14,1467,6
2020-08-17,Shasta,089,179085,583,467,3,470,9
2020-08-17,Sierra,091,2930,6,6,0,6,0
2020-08-17,Siskiyou,093,43540,119,103,0,103,0
2020-08-17,Solano,095,438530,5090,4479,32,4511,31
2020-08-17,Sonoma,097,501317,5166,4402,17,4419,48
2020-08-17,Stanislaus,099,539301,14218,12745,200,12945,148
2020-08-17,Sutter,101,95872,1198,1071,1,1072,8
2020-08-17,Tehama,103,63373,372,324,2,326,1
2020-08-17,Trinity,105,12862,41,8,6,14,0
2020-08-17,Tulare,107,460477,13615,12487,47,12534,210
2020-08-17,Tuolumne,109,53932,172,157,3,160,1
2020-08-17,Ventura,111,848112,10464,9490,57,9547,89
2020-08-17,Yolo,113,214977,2268,2083,4,2087,47
2020-08-17,Yuba,115,75493,744,647,3,650,1
2020-08-16,Alameda,001,1643700,16971,15338,118,15456,221
2020-08-16,Alpine,003,1148,2,2,0,2,0
2020-08-16,Amador,005,37829,259,215,0,215,9
2020-08-16,Butte,007,227075,1590,1432,18,1450,15
2020-08-16,Calaveras,009,45235,197,167,0,167,1
2020-08-16,Colusa,011,21464,429,407,0,407,5
2020-08-16,Contra Costa,013,1133247,13094,11255,41,11296,140
2020-08-16,Del Norte,015,27424,103,77,0,77,0
2020-08-16,El Dorado,017,186661,949,843,2,845,2
2020-08-16,Fresno,019,978130,25625,21010,257,21267,211
2020-08-16,Glenn,021,27897,422,400,0,400,2
2020-08-16,Humboldt,023,135768,347,301,1,302,4
2020-08-16,Imperial,025,180216,10939,8883,6,8889,188
2020-08-16,Inyo,027,18085,149,125,2,127,1
2020-08-16,Kern,029,883053,28416,26520,167,26687,249
2020-08-16,Kings,031,150075,5736,5146,31,5177,58
2020-08-16,Lake,033,64148,301,269,0,269,2
2020-08-16,Lassen,035,31185,711,666,2,668,0
2020-08-16,Los Angeles,037,10098052,228450,222236,878,223114,5263
2020-08-16,Madera,039,155013,3582,3013,21,3034,26
2020-08-16,Marin,041,260295,5888,5664,12,5676,46
2020-08-16,Mariposa,043,17540,71,61,0,61,2
2020-08-16,Mendocino,045,87422,525,451,0,451,8
2020-08-16,Merced,047,269075,7315,6744,5,6749,66
2020-08-16,Modoc,049,8938,7,5,0,5,0
2020-08-16,Mono,051,14174,162,126,2,128,1
2020-08-16,Monterey,053,433212,7156,6516,19,6535,44
2020-08-16,Napa,055,140530,1366,1241,3,1244,10
2020-08-16,Nevada,057,99092,409,379,13,392,2
2020-08-16,Orange,059,3164182,47926,43303,1057,44360,803
2020-08-16,Placer,061,380077,2814,2583,4,2587,28
2020-08-16,Plumas,063,18699,39,33,0,33,0
2020-08-16,Riverside,065,2383286,50709,47669,50,47719,910
2020-08-16,Sacramento,067,1510023,16311,14210,14,14224,219
2020-08-16,San Benito,069,59416,930,815,0,815,2
2020-08-16,San Bernardino,071,2135413,46184,41724,244,41968,603
2020-08-16,San Diego,073,3302833,36576,34680,198,34878,626
2020-08-16,San Francisco,075,870044,8795,7602,9,7611,72
2020-08-16,San Joaquin,077,732212,17183,15288,27,15315,280
2020-08-16,San Luis Obispo,079,281455,2762,2494,15,2509,17
2020-08-16,San Mateo,081,765935,7805,6942,7,6949,118
2020-08-16,Santa Barbara,083,443738,7730,7368,69,7437,79
2020-08-16,Santa Clara,085,1922200,16492,14329,35,14364,183
2020-08-16,Santa Cruz,087,273765,1682,1449,13,1462,6
2020-08-16,Shasta,089,179085,576,465,3,468,9
2020-08-16,Sierra,091,2930,6,6,0,6,0
2020-08-16,Siskiyou,093,43540,118,102,0,102,0
2020-08-16,Solano,095,438530,5030,4479,32,4511,31
2020-08-16,Sonoma,097,501317,5062,4329,17,4346,46
2020-08-16,Stanislaus,099,539301,14060,12668,190,12858,148
2020-08-16,Sutter,101,95872,1180,1071,1,1072,8
2020-08-16,Tehama,103,63373,362,318,2,320,1
2020-08-16,Trinity,105,12862,38,8,6,14,0
2020-08-16,Tulare,107,460477,13483,12334,44,12378,211
2020-08-16,Tuolumne,109,53932,172,156,3,159,1
2020-08-16,Ventura,111,848112,10355,9408,52,9460,89
2020-08-16,Yolo,113,214977,2249,2057,4,2061,47
2020-08-16,Yuba,115,75493,735,647,2,649,1
2020-08-15,Alameda,001,1643700,16894,15165,118,15283,221
2020-08-15,Alpine,003,1148,2,2,0,2,0
2020-08-15,Amador,005,37829,259,210,0,210,9
2020-08-15,Butte,007,227075,1568,1409,18,1427,15
2020-08-15,Calaveras,009,45235,195,167,0,167,1
2020-08-15,Colusa,011,21464,428,401,0,401,5
2020-08-15,Contra Costa,013,1133247,12998,11106,41,11147,138
2020-08-15,Del Norte,015,27424,103,77,0,77,0
2020-08-15,El Dorado,017,186661,944,838,2,840,2
2020-08-15,Fresno,019,978130,25509,20603,255,20858,211
2020-08-15,Glenn,021,27897,422,398,0,398,2
2020-08-15,Humboldt,023,135768,346,301,1,302,4
2020-08-15,Imperial,025,180216,10919,8794,6,8800,188
2020-08-15,Inyo,027,18085,149,123,2,125,1
2020-08-15,Kern,029,883053,28328,26338,167,26505,249
2020-08-15,Kings,031,150075,5718,5039,31,5070,56
2020-08-15,Lake,033,64148,299,268,0,268,2
2020-08-15,Lassen,035,31185,711,666,2,668,0
2020-08-15,Los Angeles,037,10098052,227700,221043,868,221911,5252
2020-08-15,Madera,039,155013,3532,2950,21,2971,26
2020-08-15,Marin,041,260295,5881,5628,12,5640,46
2020-08-15,Mariposa,043,17540,71,61,0,61,2
2020-08-15,Mendocino,045,87422,521,444,0,444,8
2020-08-15,Merced,047,269075,7281,6656,5,6661,66
2020-08-15,Modoc,049,8938,7,5,0,5,0
2020-08-15,Mono,051,14174,162,126,2,128,1
2020-08-15,Monterey,053,433212,7111,6162,19,6181,44
2020-08-15,Napa,055,140530,1356,1232,3,1235,10
2020-08-15,Nevada,057,99092,409,376,13,389,2
2020-08-15,Orange,059,3164182,47813,42811,1046,43857,801
2020-08-15,Placer,061,380077,2793,2551,4,2555,27
2020-08-15,Plumas,063,18699,39,33,0,33,0
2020-08-15,Riverside,065,2383286,50558,46720,50,46770,910
2020-08-15,Sacramento,067,1510023,16201,14018,14,14032,219
2020-08-15,San Benito,069,59416,917,805,0,805,2
2020-08-15,San Bernardino,071,2135413,46032,41231,242,41473,602
2020-08-15,San Diego,073,3302833,36410,34346,184,34530,639
2020-08-15,San Francisco,075,870044,8731,7601,9,7610,69
2020-08-15,San Joaquin,077,732212,17110,15113,27,15140,280
2020-08-15,San Luis Obispo,079,281455,2745,2461,15,2476,17
2020-08-15,San Mateo,081,765935,7768,6860,7,6867,118
2020-08-15,Santa Barbara,083,443738,7702,7338,69,7407,79
2020-08-15,Santa Clara,085,1922200,16396,14105,35,14140,183
2020-08-15,Santa Cruz,087,273765,1661,1449,13,1462,6
2020-08-15,Shasta,089,179085,573,458,3,461,9
2020-08-15,Sierra,091,2930,6,6,0,6,0
2020-08-15,Siskiyou,093,43540,117,100,0,100,0
2020-08-15,Solano,095,438530,5008,4477,32,4509,31
2020-08-15,Sonoma,097,501317,5007,4134,17,4151,45
2020-08-15,Stanislaus,099,539301,13996,12541,189,12730,149
2020-08-15,Sutter,101,95872,1169,1046,1,1047,8
2020-08-15,Tehama,103,63373,361,312,2,314,1
2020-08-15,Trinity,105,12862,36,6,6,12,0
2020-08-15,Tulare,107,460477,13445,12262,44,12306,211
2020-08-15,Tuolumne,109,53932,172,155,3,158,1
2020-08-15,Ventura,111,848112,10296,9379,50,9429,89
2020-08-15,Yolo,113,214977,2237,2031,4,2035,46
2020-08-15,Yuba,115,75493,731,623,2,625,1
2020-08-14,Alameda,001,1643700,16755,14909,118,15027,221
2020-08-14,Alpine,003,1148,2,2,0,2,0
2020-08-14,Amador,005,37829,259,209,0,209,9
2020-08-14,Butte,007,227075,1559,1384,18,1402,15
2020-08-14,Calaveras,009,45235,191,165,0,165,1
2020-08-14,Colusa,011,21464,426,399,0,399,5
2020-08-14,Contra Costa,013,1133247,12886,10893,41,10934,137
2020-08-14,Del Norte,015,27424,103,76,0,76,0
2020-08-14,El Dorado,017,186661,936,827,2,829,2
2020-08-14,Fresno,019,978130,25375,19900,255,20155,208
2020-08-14,Glenn,021,27897,420,395,0,395,2
2020-08-14,Humboldt,023,135768,340,294,1,295,4
2020-08-14,Imperial,025,180216,10895,8756,6,8762,185
2020-08-14,Inyo,027,18085,148,115,2,117,1
2020-08-14,Kern,029,883053,28224,25893,166,26059,249
2020-08-14,Kings,031,150075,5704,4953,31,4984,56
2020-08-14,Lake,033,64148,290,267,0,267,2
2020-08-14,Lassen,035,31185,711,665,2,667,0
2020-08-14,Los Angeles,037,10098052,226533,219083,851,219934,5222
2020-08-14,Madera,039,155013,3502,2876,21,2897,26
2020-08-14,Marin,041,260295,5870,5601,12,5613,46
2020-08-14,Mariposa,043,17540,70,61,0,61,2
2020-08-14,Mendocino,045,87422,512,432,0,432,8
2020-08-14,Merced,047,269075,7251,6466,5,6471,67
2020-08-14,Modoc,049,8938,7,5,0,5,0
2020-08-14,Mono,051,14174,162,126,2,128,1
2020-08-14,Monterey,053,433212,7060,6121,19,6140,41
2020-08-14,Napa,055,140530,1346,1230,3,1233,10
2020-08-14,Nevada,057,99092,405,377,13,390,2
2020-08-14,Orange,059,3164182,47663,42399,1033,43432,798
2020-08-14,Placer,061,380077,2774,2546,4,2550,26
2020-08-14,Plumas,063,18699,38,33,0,33,0
2020-08-14,Riverside,065,2383286,50329,46456,50,46506,891
2020-08-14,Sacramento,067,1510023,16052,13645,14,13659,212
2020-08-14,San Benito,069,59416,900,783,0,783,2
2020-08-14,San Bernardino,071,2135413,45845,40442,239,40681,594
2020-08-14,San Diego,073,3302833,36216,34067,177,34244,622
2020-08-14,San Francisco,075,870044,8672,7467,9,7476,69
2020-08-14,San Joaquin,077,732212,17010,14925,27,14952,276
2020-08-14,San Luis Obispo,079,281455,2730,2422,15,2437,17
2020-08-14,San Mateo,081,765935,7709,6655,7,6662,118
2020-08-14,Santa Barbara,083,443738,7652,7302,69,7371,77
2020-08-14,Santa Clara,085,1922200,16230,13785,34,13819,183
2020-08-14,Santa Cruz,087,273765,1639,1418,12,1430,6
2020-08-14,Shasta,089,179085,568,446,3,449,9
2020-08-14,Sierra,091,2930,6,5,0,5,0
2020-08-14,Siskiyou,093,43540,117,98,0,98,0
2020-08-14,Solano,095,438530,4987,4421,32,4453,31
2020-08-14,Sonoma,097,501317,4947,4087,14,4101,45
2020-08-14,Stanislaus,099,539301,13918,12379,185,12564,140
2020-08-14,Sutter,101,95872,1161,1039,1,1040,8
2020-08-14,Tehama,103,63373,357,305,2,307,1
2020-08-14,Trinity,105,12862,36,6,6,12,0
2020-08-14,Tulare,107,460477,13368,12009,44,12053,211
2020-08-14,Tuolumne,109,53932,171,155,3,158,1
2020-08-14,Ventura,111,848112,10221,9313,50,9363,89
2020-08-14,Yolo,113,214977,2223,1991,4,1995,45
2020-08-14,Yuba,115,75493,715,606,2,608,1
2020-08-13,Alameda,001,1643700,16477,14385,118,14503,218
2020-08-13,Alpine,003,1148,2,2,0,2,0
2020-08-13,Amador,005,37829,259,198,0,198,8
2020-08-13,Butte,007,227075,1534,1345,18,1363,15
2020-08-13,Calaveras,009,45235,189,162,0,162,1
2020-08-13,Colusa,011,21464,426,395,0,395,5
2020-08-13,Contra Costa,013,1133247,12732,10545,40,10585,136
2020-08-13,Del Norte,015,27424,102,74,0,74,0
2020-08-13,El Dorado,017,186661,931,803,2,805,2
2020-08-13,Fresno,019,978130,25148,19157,249,19406,201
2020-08-13,Glenn,021,27897,416,392,0,392,1
2020-08-13,Humboldt,023,135768,332,281,1,282,4
2020-08-13,Imperial,025,180216,10864,8640,6,8646,170
2020-08-13,Inyo,027,18085,144,97,2,99,1
2020-08-13,Kern,029,883053,28057,25472,163,25635,242
2020-08-13,Kings,031,150075,5669,4824,31,4855,52
2020-08-13,Lake,033,64148,285,263,0,263,2
2020-08-13,Lassen,035,31185,711,652,2,654,0
2020-08-13,Los Angeles,037,10098052,225156,216497,830,217327,5179
2020-08-13,Madera,039,155013,3458,2675,20,2695,25
2020-08-13,Marin,041,260295,5854,5503,12,5515,44
2020-08-13,Mariposa,043,17540,69,61,0,61,2
2020-08-13,Mendocino,045,87422,507,401,0,401,8
2020-08-13,Merced,047,269075,7134,5945,5,5950,63
2020-08-13,Modoc,049,8938,7,5,0,5,0
2020-08-13,Mono,051,14174,162,124,2,126,1
2020-08-13,Monterey,053,433212,6977,5925,19,5944,38
2020-08-13,Napa,055,140530,1337,1179,3,1182,10
2020-08-13,Nevada,057,99092,401,362,13,375,1
2020-08-13,Orange,059,3164182,47424,42019,1021,43040,773
2020-08-13,Placer,061,380077,2751,2460,4,2464,26
2020-08-13,Plumas,063,18699,38,32,0,32,0
2020-08-13,Riverside,065,2383286,50033,45327,50,45377,885
2020-08-13,Sacramento,067,1510023,15849,13237,14,13251,197
2020-08-13,San Benito,069,59416,871,757,0,757,2
2020-08-13,San Bernardino,071,2135413,45450,39395,233,39628,591
2020-08-13,San Diego,073,3302833,35980,33661,159,33820,627
2020-08-13,San Francisco,075,870044,8578,7277,9,7286,69
2020-08-13,San Joaquin,077,732212,16855,14537,26,14563,261
2020-08-13,San Luis Obispo,079,281455,2708,2283,15,2298,16
2020-08-13,San Mateo,081,765935,7647,6503,7,6510,117
2020-08-13,Santa Barbara,083,443738,7607,7129,68,7197,74
2020-08-13,Santa Clara,085,1922200,16007,13257,34,13291,182
2020-08-13,Santa Cruz,087,273765,1614,1383,12,1395,6
2020-08-13,Shasta,089,179085,563,428,3,431,9
2020-08-13,Sierra,091,2930,6,5,0,5,0
2020-08-13,Siskiyou,093,43540,117,95,0,95,0
2020-08-13,Solano,095,438530,4950,4305,32,4337,31
2020-08-13,Sonoma,097,501317,4873,3902,14,3916,45
2020-08-13,Stanislaus,099,539301,13788,11953,169,12122,136
2020-08-13,Sutter,101,95872,1139,992,1,993,8
2020-08-13,Tehama,103,63373,348,302,2,304,1
2020-08-13,Trinity,105,12862,35,6,6,12,0
2020-08-13,Tulare,107,460477,13224,11692,41,11733,210
2020-08-13,Tuolumne,109,53932,170,152,3,155,1
2020-08-13,Ventura,111,848112,10132,9114,50,9164,90
2020-08-13,Yolo,113,214977,2196,1938,4,1942,44
2020-08-13,Yuba,115,75493,699,568,2,570,1
2020-08-12,Alameda,001,1643700,16264,14214,118,14332,215
2020-08-12,Alpine,003,1148,2,2,0,2,0
2020-08-12,Amador,005,37829,256,197,0,197,8
2020-08-12,Butte,007,227075,1506,1317,18,1335,15
2020-08-12,Calaveras,009,45235,186,157,0,157,1
2020-08-12,Colusa,011,21464,421,394,0,394,5
2020-08-12,Contra Costa,013,1133247,12587,10304,39,10343,134
2020-08-12,Del Norte,015,27424,101,74,0,74,0
2020-08-12,El Dorado,017,186661,913,794,2,796,2
2020-08-12,Fresno,019,978130,24918,18690,243,18933,194
2020-08-12,Glenn,021,27897,413,388,0,388,1
2020-08-12,Humboldt,023,135768,325,281,1,282,4
2020-08-12,Imperial,025,180216,10841,8566,6,8572,167
2020-08-12,Inyo,027,18085,127,97,2,99,1
2020-08-12,Kern,029,883053,27865,25191,161,25352,232
2020-08-12,Kings,031,150075,5630,4736,31,4767,50
2020-08-12,Lake,033,64148,283,253,0,253,2
2020-08-12,Lassen,035,31185,710,651,2,653,0
2020-08-12,Los Angeles,037,10098052,223755,214542,814,215356,5119
2020-08-12,Madera,039,155013,3424,2681,18,2699,23
2020-08-12,Marin,041,260295,5832,5423,12,5435,44
2020-08-12,Mariposa,043,17540,69,61,0,61,2
2020-08-12,Mendocino,045,87422,488,386,0,386,9
2020-08-12,Merced,047,269075,7072,5777,5,5782,66
2020-08-12,Modoc,049,8938,7,5,0,5,0
2020-08-12,Mono,051,14174,161,124,2,126,1
2020-08-12,Monterey,053,433212,6873,5919,19,5938,38
2020-08-12,Napa,055,140530,1327,1161,3,1164,10
2020-08-12,Nevada,057,99092,396,357,13,370,1
2020-08-12,Orange,059,3164182,47174,41576,997,42573,754
2020-08-12,Placer,061,380077,2719,2417,4,2421,25
2020-08-12,Plumas,063,18699,38,31,0,31,0
2020-08-12,Riverside,065,2383286,49685,44747,50,44797,867
2020-08-12,Sacramento,067,1510023,15637,12528,14,12542,189
2020-08-12,San Benito,069,59416,858,751,0,751,2
2020-08-12,San Bernardino,071,2135413,45107,38811,224,39035,589
2020-08-12,San Diego,073,3302833,35771,33395,139,33534,608
2020-08-12,San Francisco,075,870044,8495,7194,9,7203,66
2020-08-12,San Joaquin,077,732212,16709,14154,26,14180,253
2020-08-12,San Luis Obispo,079,281455,2683,2263,15,2278,15
2020-08-12,San Mateo,081,765935,7568,6427,7,6434,117
2020-08-12,Santa Barbara,083,443738,7547,7049,66,7115,74
2020-08-12,Santa Clara,085,1922200,15831,13002,34,13036,182
2020-08-12,Santa Cruz,087,273765,1585,1382,11,1393,6
2020-08-12,Shasta,089,179085,559,417,3,420,9
2020-08-12,Sierra,091,2930,5,4,0,4,0
2020-08-12,Siskiyou,093,43540,116,90,0,90,0
2020-08-12,Solano,095,438530,4905,4258,32,4290,31
2020-08-12,Sonoma,097,501317,4799,3847,14,3861,47
2020-08-12,Stanislaus,099,539301,13649,11682,161,11843,136
2020-08-12,Sutter,101,95872,1115,987,1,988,7
2020-08-12,Tehama,103,63373,338,289,2,291,1
2020-08-12,Trinity,105,12862,34,6,6,12,0
2020-08-12,Tulare,107,460477,13096,11460,41,11501,211
2020-08-12,Tuolumne,109,53932,169,150,3,153,1
2020-08-12,Ventura,111,848112,10045,9005,50,9055,87
2020-08-12,Yolo,113,214977,2172,1921,4,1925,44
2020-08-12,Yuba,115,75493,677,549,1,550,1
2020-08-11,Alameda,001,1643700,16003,13960,115,14075,204
2020-08-11,Alpine,003,1148,2,2,0,2,0
2020-08-11,Amador,005,37829,250,187,0,187,3
2020-08-11,Butte,007,227075,1479,1296,18,1314,15
2020-08-11,Calaveras,009,45235,184,161,0,161,1
2020-08-11,Colusa,011,21464,416,390,0,390,5
2020-08-11,Contra Costa,013,1133247,12398,10012,37,10049,131
2020-08-11,Del Norte,015,27424,100,73,0,73,0
2020-08-11,El Dorado,017,186661,906,786,2,788,2
2020-08-11,Fresno,019,978130,24596,18344,240,18584,187
2020-08-11,Glenn,021,27897,411,380,0,380,1
2020-08-11,Humboldt,023,135768,320,283,1,284,4
2020-08-11,Imperial,025,180216,10786,8518,6,8524,165
2020-08-11,Inyo,027,18085,122,97,2,99,1
2020-08-11,Kern,029,883053,27530,25042,159,25201,230
2020-08-11,Kings,031,150075,5439,4696,31,4727,50
2020-08-11,Lake,033,64148,280,243,0,243,2
2020-08-11,Lassen,035,31185,704,605,2,607,0
2020-08-11,Los Angeles,037,10098052,222254,212421,789,213210,5065
2020-08-11,Madera,039,155013,3370,2673,18,2691,22
2020-08-11,Marin,041,260295,5805,5287,11,5298,44
2020-08-11,Mariposa,043,17540,68,60,0,60,2
2020-08-11,Mendocino,045,87422,478,385,0,385,9
2020-08-11,Merced,047,269075,6977,5322,4,5326,65
2020-08-11,Modoc,049,8938,7,5,0,5,0
2020-08-11,Mono,051,14174,161,124,2,126,1
2020-08-11,Monterey,053,433212,6764,5624,19,5643,36
2020-08-11,Napa,055,140530,1316,1143,2,1145,11
2020-08-11,Nevada,057,99092,393,358,13,371,1
2020-08-11,Orange,059,3164182,46954,41205,975,42180,742
2020-08-11,Placer,061,380077,2687,2393,4,2397,24
2020-08-11,Plumas,063,18699,38,31,0,31,0
2020-08-11,Riverside,065,2383286,49328,44237,50,44287,836
2020-08-11,Sacramento,067,1510023,15346,12298,14,12312,182
2020-08-11,San Benito,069,59416,846,750,0,750,2
2020-08-11,San Bernardino,071,2135413,44766,38467,217,38684,584
2020-08-11,San Diego,073,3302833,35504,33159,120,33279,602
2020-08-11,San Francisco,075,870044,8399,6988,9,6997,66
2020-08-11,San Joaquin,077,732212,16531,13997,21,14018,251
2020-08-11,San Luis Obispo,079,281455,2626,2234,15,2249,15
2020-08-11,San Mateo,081,765935,7494,6339,7,6346,117
2020-08-11,Santa Barbara,083,443738,7498,6942,66,7008,70
2020-08-11,Santa Clara,085,1922200,15610,12920,34,12954,183
2020-08-11,Santa Cruz,087,273765,1562,1352,11,1363,4
2020-08-11,Shasta,089,179085,555,416,3,419,9
2020-08-11,Sierra,091,2930,5,4,0,4,0
2020-08-11,Siskiyou,093,43540,116,90,0,90,0
2020-08-11,Solano,095,438530,4857,4206,31,4237,31
2020-08-11,Sonoma,097,501317,4704,3752,14,3766,45
2020-08-11,Stanislaus,099,539301,13545,11592,149,11741,128
2020-08-11,Sutter,101,95872,1093,964,1,965,7
2020-08-11,Tehama,103,63373,334,289,2,291,1
2020-08-11,Trinity,105,12862,34,5,6,11,0
2020-08-11,Tulare,107,460477,12971,11392,40,11432,201
2020-08-11,Tuolumne,109,53932,164,146,3,149,1
2020-08-11,Ventura,111,848112,9977,8953,49,9002,88
2020-08-11,Yolo,113,214977,2150,1912,4,1916,44
2020-08-11,Yuba,115,75493,666,540,1,541,1
2020-08-10,Alameda,001,1643700,15762,13420,114,13534,203
2020-08-10,Alpine,003,1148,2,2,0,2,0
2020-08-10,Amador,005,37829,249,172,0,172,2
2020-08-10,Butte,007,227075,1455,1174,16,1190,15
2020-08-10,Calaveras,009,45235,174,121,0,121,1
2020-08-10,Colusa,011,21464,414,387,0,387,4
2020-08-10,Contra Costa,013,1133247,12245,9454,35,9489,130
2020-08-10,Del Norte,015,27424,98,69,0,69,0
2020-08-10,El Dorado,017,186661,894,771,2,773,2
2020-08-10,Fresno,019,978130,24315,17978,239,18217,183
2020-08-10,Glenn,021,27897,408,381,0,381,1
2020-08-10,Humboldt,023,135768,314,277,1,278,4
2020-08-10,Imperial,025,180216,10742,8465,6,8471,165
2020-08-10,Inyo,027,18085,122,97,2,99,1
2020-08-10,Kern,029,883053,27304,24499,158,24657,215
2020-08-10,Kings,031,150075,5333,4588,31,4619,50
2020-08-10,Lake,033,64148,273,239,0,239,2
2020-08-10,Lassen,035,31185,704,588,2,590,0
2020-08-10,Los Angeles,037,10098052,220677,211035,771,211806,5003
2020-08-10,Madera,039,155013,3337,2365,17,2382,22
2020-08-10,Marin,041,260295,5760,5242,10,5252,44
2020-08-10,Mariposa,043,17540,68,57,0,57,2
2020-08-10,Mendocino,045,87422,454,364,0,364,1
2020-08-10,Merced,047,269075,6896,4913,4,4917,51
2020-08-10,Modoc,049,8938,7,5,0,5,0
2020-08-10,Mono,051,14174,161,123,2,125,1
2020-08-10,Monterey,053,433212,6654,5358,19,5377,34
2020-08-10,Napa,055,140530,1298,1084,2,1086,8
2020-08-10,Nevada,057,99092,385,356,13,369,1
2020-08-10,Orange,059,3164182,46684,40445,957,41402,721
2020-08-10,Placer,061,380077,2648,2298,4,2302,21
2020-08-10,Plumas,063,18699,38,27,0,27,0
2020-08-10,Riverside,065,2383286,48944,43296,49,43345,830
2020-08-10,Sacramento,067,1510023,15035,12059,14,12073,168
2020-08-10,San Benito,069,59416,833,743,0,743,2
2020-08-10,San Bernardino,071,2135413,44388,37367,208,37575,579
2020-08-10,San Diego,073,3302833,35238,32977,104,33081,594
2020-08-10,San Francisco,075,870044,8309,6816,8,6824,66
2020-08-10,San Joaquin,077,732212,16349,13308,21,13329,240
2020-08-10,San Luis Obispo,079,281455,2527,2208,14,2222,15
2020-08-10,San Mateo,081,765935,7417,6222,7,6229,117
2020-08-10,Santa Barbara,083,443738,7443,6869,66,6935,66
2020-08-10,Santa Clara,085,1922200,15350,12615,33,12648,182
2020-08-10,Santa Cruz,087,273765,1542,1239,10,1249,4
2020-08-10,Shasta,089,179085,551,384,3,387,9
2020-08-10,Sierra,091,2930,5,3,0,3,0
2020-08-10,Siskiyou,093,43540,113,88,0,88,0
2020-08-10,Solano,095,438530,4797,4101,31,4132,31
2020-08-10,Sonoma,097,501317,4535,3640,10,3650,42
2020-08-10,Stanislaus,099,539301,13363,10855,132,10987,106
2020-08-10,Sutter,101,95872,1068,865,1,866,7
2020-08-10,Tehama,103,63373,327,282,2,284,1
2020-08-10,Trinity,105,12862,31,5,6,11,0
2020-08-10,Tulare,107,460477,12798,10750,38,10788,194
2020-08-10,Tuolumne,109,53932,164,143,2,145,1
2020-08-10,Ventura,111,848112,9893,8851,48,8899,85
2020-08-10,Yolo,113,214977,2127,1840,4,1844,45
2020-08-10,Yuba,115,75493,649,527,1,528,1
2020-08-09,Alameda,001,1643700,15481,13241,112,13353,203
2020-08-09,Alpine,003,1148,2,2,0,2,0
2020-08-09,Amador,005,37829,244,153,0,153,2
2020-08-09,Butte,007,227075,1411,1155,16,1171,15
2020-08-09,Calaveras,009,45235,169,122,0,122,1
2020-08-09,Colusa,011,21464,410,371,0,371,4
2020-08-09,Contra Costa,013,1133247,12017,9214,34,9248,130
2020-08-09,Del Norte,015,27424,98,69,0,69,0
2020-08-09,El Dorado,017,186661,886,748,2,750,2
2020-08-09,Fresno,019,978130,24006,17846,235,18081,183
2020-08-09,Glenn,021,27897,406,354,0,354,1
2020-08-09,Humboldt,023,135768,308,279,1,280,4
2020-08-09,Imperial,025,180216,10699,8310,5,8315,165
2020-08-09,Inyo,027,18085,117,86,1,87,1
2020-08-09,Kern,029,883053,27048,23680,158,23838,215
2020-08-09,Kings,031,150075,5290,4446,30,4476,50
2020-08-09,Lake,033,64148,266,225,0,225,2
2020-08-09,Lassen,035,31185,698,589,2,591,0
2020-08-09,Los Angeles,037,10098052,218616,208810,749,209559,4984
2020-08-09,Madera,039,155013,3278,2322,13,2335,22
2020-08-09,Marin,041,260295,5717,5204,10,5214,44
2020-08-09,Mariposa,043,17540,66,56,0,56,2
2020-08-09,Mendocino,045,87422,444,283,0,283,1
2020-08-09,Merced,047,269075,6799,4735,3,4738,51
2020-08-09,Modoc,049,8938,7,4,0,4,0
2020-08-09,Mono,051,14174,160,113,2,115,1
2020-08-09,Monterey,053,433212,6530,5199,19,5218,34
2020-08-09,Napa,055,140530,1279,1062,2,1064,8
2020-08-09,Nevada,057,99092,377,332,13,345,1
2020-08-09,Orange,059,3164182,46385,39244,942,40186,722
2020-08-09,Placer,061,380077,2619,2211,4,2215,20
2020-08-09,Plumas,063,18699,38,27,0,27,0
2020-08-09,Riverside,065,2383286,48598,41894,49,41943,828
2020-08-09,Sacramento,067,1510023,14755,11301,14,11315,167
2020-08-09,San Benito,069,59416,814,687,0,687,2
2020-08-09,San Bernardino,071,2135413,43912,36092,208,36300,579
2020-08-09,San Diego,073,3302833,34947,32749,93,32842,594
2020-08-09,San Francisco,075,870044,8194,6820,8,6828,66
2020-08-09,San Joaquin,077,732212,16145,12933,20,12953,240
2020-08-09,San Luis Obispo,079,281455,2491,2124,14,2138,15
2020-08-09,San Mateo,081,765935,7322,6094,7,6101,117
2020-08-09,Santa Barbara,083,443738,7355,6669,66,6735,66
2020-08-09,Santa Clara,085,1922200,15080,11878,33,11911,181
2020-08-09,Santa Cruz,087,273765,1518,1246,10,1256,4
2020-08-09,Shasta,089,179085,547,361,3,364,9
2020-08-09,Sierra,091,2930,5,3,0,3,0
2020-08-09,Siskiyou,093,43540,112,74,0,74,0
2020-08-09,Solano,095,438530,4744,3954,30,3984,31
2020-08-09,Sonoma,097,501317,4399,3531,8,3539,41
2020-08-09,Stanislaus,099,539301,13155,10264,119,10383,106
2020-08-09,Sutter,101,95872,1034,857,1,858,7
2020-08-09,Tehama,103,63373,319,265,2,267,1
2020-08-09,Trinity,105,12862,31,5,6,11,0
2020-08-09,Tulare,107,460477,12606,10630,35,10665,194
2020-08-09,Tuolumne,109,53932,161,143,2,145,1
2020-08-09,Ventura,111,848112,9745,8633,47,8680,85
2020-08-09,Yolo,113,214977,2096,1765,4,1769,44
2020-08-09,Yuba,115,75493,629,442,1,443,1
2020-08-08,Alameda,001,1643700,15371,13087,112,13199,204
2020-08-08,Alpine,003,1148,2,2,0,2,0
2020-08-08,Amador,005,37829,244,139,0,139,2
2020-08-08,Butte,007,227075,1393,1140,16,1156,15
2020-08-08,Calaveras,009,45235,168,122,0,122,1
2020-08-08,Colusa,011,21464,409,368,0,368,4
2020-08-08,Contra Costa,013,1133247,11908,9104,34,9138,129
2020-08-08,Del Norte,015,27424,97,69,0,69,0
2020-08-08,El Dorado,017,186661,879,734,2,736,2
2020-08-08,Fresno,019,978130,23869,17538,233,17771,183
2020-08-08,Glenn,021,27897,406,344,0,344,1
2020-08-08,Humboldt,023,135768,305,277,1,278,4
2020-08-08,Imperial,025,180216,10684,8213,5,8218,165
2020-08-08,Inyo,027,18085,113,86,1,87,1
2020-08-08,Kern,029,883053,26934,22803,158,22961,215
2020-08-08,Kings,031,150075,5276,4367,30,4397,49
2020-08-08,Lake,033,64148,264,221,0,221,2
2020-08-08,Lassen,035,31185,698,589,2,591,0
2020-08-08,Los Angeles,037,10098052,217731,206971,738,207709,4974
2020-08-08,Madera,039,155013,3247,2275,13,2288,22
2020-08-08,Marin,041,260295,5697,5118,10,5128,44
2020-08-08,Mariposa,043,17540,65,55,0,55,2
2020-08-08,Mendocino,045,87422,442,264,0,264,1
2020-08-08,Merced,047,269075,6759,4570,3,4573,51
2020-08-08,Modoc,049,8938,7,4,0,4,0
2020-08-08,Mono,051,14174,160,113,2,115,1
2020-08-08,Monterey,053,433212,6472,5101,19,5120,33
2020-08-08,Napa,055,140530,1271,1062,2,1064,8
2020-08-08,Nevada,057,99092,375,325,13,338,1
2020-08-08,Orange,059,3164182,46255,38688,933,39621,718
2020-08-08,Placer,061,380077,2602,2153,4,2157,20
2020-08-08,Plumas,063,18699,38,27,0,27,0
2020-08-08,Riverside,065,2383286,48394,41412,49,41461,823
2020-08-08,Sacramento,067,1510023,14626,11144,14,11158,166
2020-08-08,San Benito,069,59416,806,684,0,684,2
2020-08-08,San Bernardino,071,2135413,43716,35691,207,35898,531
2020-08-08,San Diego,073,3302833,34758,32332,84,32416,593
2020-08-08,San Francisco,075,870044,8128,6820,8,6828,66
2020-08-08,San Joaquin,077,732212,16064,12559,19,12578,240
2020-08-08,San Luis Obispo,079,281455,2468,2081,14,2095,15
2020-08-08,San Mateo,081,765935,7264,6021,7,6028,117
2020-08-08,Santa Barbara,083,443738,7317,6598,66,6664,66
2020-08-08,Santa Clara,085,1922200,14928,11615,33,11648,181
2020-08-08,Santa Cruz,087,273765,1504,1247,10,1257,4
2020-08-08,Shasta,089,179085,545,343,3,346,9
2020-08-08,Sierra,091,2930,5,3,0,3,0
2020-08-08,Siskiyou,093,43540,112,73,0,73,0
2020-08-08,Solano,095,438530,4723,3889,29,3918,31
2020-08-08,Sonoma,097,501317,4368,3399,8,3407,41
2020-08-08,Stanislaus,099,539301,13080,9963,114,10077,105
2020-08-08,Sutter,101,95872,1024,830,1,831,7
2020-08-08,Tehama,103,63373,318,251,2,253,1
2020-08-08,Trinity,105,12862,31,5,6,11,0
2020-08-08,Tulare,107,460477,12530,10505,35,10540,192
2020-08-08,Tuolumne,109,53932,161,143,2,145,1
2020-08-08,Ventura,111,848112,9690,8462,46,8508,85
2020-08-08,Yolo,113,214977,2083,1725,4,1729,44
2020-08-08,Yuba,115,75493,620,430,1,431,1
2020-08-07,Alameda,001,1643700,15261,12805,112,12917,204
2020-08-07,Alpine,003,1148,2,2,0,2,0
2020-08-07,Amador,005,37829,242,125,0,125,2
2020-08-07,Butte,007,227075,1375,1092,16,1108,13
2020-08-07,Calaveras,009,45235,168,119,0,119,1
2020-08-07,Colusa,011,21464,408,358,0,358,4
2020-08-07,Contra Costa,013,1133247,11760,8810,34,8844,126
2020-08-07,Del Norte,015,27424,97,69,0,69,0
2020-08-07,El Dorado,017,186661,874,724,2,726,2
2020-08-07,Fresno,019,978130,23709,17290,233,17523,171
2020-08-07,Glenn,021,27897,405,339,0,339,1
2020-08-07,Humboldt,023,135768,301,274,1,275,4
2020-08-07,Imperial,025,180216,10659,8085,5,8090,164
2020-08-07,Inyo,027,18085,112,81,1,82,1
2020-08-07,Kern,029,883053,26808,22143,155,22298,206
2020-08-07,Kings,031,150075,5259,4315,30,4345,48
2020-08-07,Lake,033,64148,262,215,0,215,1
2020-08-07,Lassen,035,31185,697,588,2,590,0
2020-08-07,Los Angeles,037,10098052,216265,204406,726,205132,4924
2020-08-07,Madera,039,155013,3215,2245,13,2258,20
2020-08-07,Marin,041,260295,5668,5094,10,5104,43
2020-08-07,Mariposa,043,17540,65,53,0,53,2
2020-08-07,Mendocino,045,87422,428,262,0,262,1
2020-08-07,Merced,047,269075,6716,4358,3,4361,30
2020-08-07,Modoc,049,8938,7,4,0,4,0
2020-08-07,Mono,051,14174,160,112,2,114,1
2020-08-07,Monterey,053,433212,6397,5041,19,5060,33
2020-08-07,Napa,055,140530,1266,1055,2,1057,8
2020-08-07,Nevada,057,99092,372,324,13,337,1
2020-08-07,Orange,059,3164182,46043,38459,916,39375,701
2020-08-07,Placer,061,380077,2584,2078,4,2082,20
2020-08-07,Plumas,063,18699,38,25,0,25,0
2020-08-07,Riverside,065,2383286,48131,40902,48,40950,810
2020-08-07,Sacramento,067,1510023,14481,10798,14,10812,160
2020-08-07,San Benito,069,59416,800,647,0,647,2
2020-08-07,San Bernardino,071,2135413,43469,35200,206,35406,524
2020-08-07,San Diego,073,3302833,34573,31781,81,31862,586
2020-08-07,San Francisco,075,870044,8050,6765,8,6773,66
2020-08-07,San Joaquin,077,732212,15979,12392,19,12411,223
2020-08-07,San Luis Obispo,079,281455,2437,2050,14,2064,14
2020-08-07,San Mateo,081,765935,7204,5948,7,5955,117
2020-08-07,Santa Barbara,083,443738,7266,6509,66,6575,66
2020-08-07,Santa Clara,085,1922200,14729,11409,33,11442,180
2020-08-07,Santa Cruz,087,273765,1486,1234,10,1244,5
2020-08-07,Shasta,089,179085,540,342,3,345,9
2020-08-07,Sierra,091,2930,5,3,0,3,0
2020-08-07,Siskiyou,093,43540,109,73,0,73,0
2020-08-07,Solano,095,438530,4691,3844,28,3872,31
2020-08-07,Sonoma,097,501317,4304,3329,8,3337,34
2020-08-07,Stanislaus,099,539301,12958,9665,104,9769,98
2020-08-07,Sutter,101,95872,1020,807,1,808,6
2020-08-07,Tehama,103,63373,314,246,2,248,1
2020-08-07,Trinity,105,12862,30,5,6,11,0
2020-08-07,Tulare,107,460477,12453,10292,35,10327,195
2020-08-07,Tuolumne,109,53932,160,136,2,138,1
2020-08-07,Ventura,111,848112,9630,8356,44,8400,84
2020-08-07,Yolo,113,214977,2056,1689,4,1693,37
2020-08-07,Yuba,115,75493,615,413,1,414,1
2020-08-06,Alameda,001,1643700,15039,12474,111,12585,200
2020-08-06,Alpine,003,1148,2,2,0,2,0
2020-08-06,Amador,005,37829,228,125,0,125,0
2020-08-06,Butte,007,227075,1356,1060,16,1076,13
2020-08-06,Calaveras,009,45235,166,117,0,117,1
2020-08-06,Colusa,011,21464,405,358,0,358,3
2020-08-06,Contra Costa,013,1133247,11566,8583,33,8616,124
2020-08-06,Del Norte,015,27424,97,69,0,69,0
2020-08-06,El Dorado,017,186661,863,703,2,705,1
2020-08-06,Fresno,019,978130,23411,17031,226,17257,161
2020-08-06,Glenn,021,27897,400,332,0,332,1
2020-08-06,Humboldt,023,135768,296,266,1,267,4
2020-08-06,Imperial,025,180216,10616,8064,5,8069,163
2020-08-06,Inyo,027,18085,104,83,1,84,1
2020-08-06,Kern,029,883053,26572,21843,154,21997,197
2020-08-06,Kings,031,150075,5197,4264,29,4293,47
2020-08-06,Lake,033,64148,259,209,0,209,1
2020-08-06,Lassen,035,31185,695,588,2,590,0
2020-08-06,Los Angeles,037,10098052,214194,201372,710,202082,4874
2020-08-06,Madera,039,155013,3167,2240,12,2252,19
2020-08-06,Marin,041,260295,5636,5058,10,5068,43
2020-08-06,Mariposa,043,17540,64,52,0,52,2
2020-08-06,Mendocino,045,87422,414,260,0,260,1
2020-08-06,Merced,047,269075,6614,4235,3,4238,30
2020-08-06,Modoc,049,8938,7,4,0,4,0
2020-08-06,Mono,051,14174,159,111,2,113,1
2020-08-06,Monterey,053,433212,6288,5001,18,5019,33
2020-08-06,Napa,055,140530,1252,1032,2,1034,8
2020-08-06,Nevada,057,99092,367,321,13,334,1
2020-08-06,Orange,059,3164182,45751,38399,911,39310,694
2020-08-06,Placer,061,380077,2558,2045,4,2049,20
2020-08-06,Plumas,063,18699,37,25,0,25,0
2020-08-06,Riverside,065,2383286,47737,40269,48,40317,781
2020-08-06,Sacramento,067,1510023,14252,10548,14,10562,153
2020-08-06,San Benito,069,59416,792,626,0,626,2
2020-08-06,San Bernardino,071,2135413,43064,34819,204,35023,516
2020-08-06,San Diego,073,3302833,34306,31129,74,31203,583
2020-08-06,San Francisco,075,870044,7957,6737,7,6744,60
2020-08-06,San Joaquin,077,732212,15819,12269,19,12288,203
2020-08-06,San Luis Obispo,079,281455,2413,2000,13,2013,13
2020-08-06,San Mateo,081,765935,7104,5885,7,5892,117
2020-08-06,Santa Barbara,083,443738,7206,6620,66,6686,65
2020-08-06,Santa Clara,085,1922200,14500,11280,33,11313,178
2020-08-06,Santa Cruz,087,273765,1465,1215,10,1225,4
2020-08-06,Shasta,089,179085,531,343,3,346,9
2020-08-06,Sierra,091,2930,5,3,0,3,0
2020-08-06,Siskiyou,093,43540,109,73,0,73,0
2020-08-06,Solano,095,438530,4647,3784,28,3812,29
2020-08-06,Sonoma,097,501317,4240,3259,8,3267,33
2020-08-06,Stanislaus,099,539301,12808,9566,88,9654,98
2020-08-06,Sutter,101,95872,989,797,1,798,6
2020-08-06,Tehama,103,63373,311,242,2,244,1
2020-08-06,Trinity,105,12862,27,5,6,11,0
2020-08-06,Tulare,107,460477,12294,10169,35,10204,195
2020-08-06,Tuolumne,109,53932,159,136,2,138,1
2020-08-06,Ventura,111,848112,9515,8245,41,8286,80
2020-08-06,Yolo,113,214977,2032,1662,4,1666,36
2020-08-06,Yuba,115,75493,606,407,0,407,1
2020-08-05,Alameda,001,1643700,14825,12140,111,12251,193
2020-08-05,Alpine,003,1148,2,2,0,2,0
2020-08-05,Amador,005,37829,218,123,0,123,0
2020-08-05,Butte,007,227075,1322,1038,15,1053,13
2020-08-05,Calaveras,009,45235,163,116,0,116,1
2020-08-05,Colusa,011,21464,401,354,0,354,3
2020-08-05,Contra Costa,013,1133247,11397,8362,33,8395,122
2020-08-05,Del Norte,015,27424,96,69,0,69,0
2020-08-05,El Dorado,017,186661,855,692,2,694,1
2020-08-05,Fresno,019,978130,23167,16625,221,16846,159
2020-08-05,Glenn,021,27897,397,330,0,330,1
2020-08-05,Humboldt,023,135768,294,249,1,250,4
2020-08-05,Imperial,025,180216,10581,8036,5,8041,163
2020-08-05,Inyo,027,18085,102,62,1,63,1
2020-08-05,Kern,029,883053,26384,21540,149,21689,194
2020-08-05,Kings,031,150075,5152,4192,27,4219,47
2020-08-05,Lake,033,64148,252,209,0,209,1
2020-08-05,Lassen,035,31185,648,557,2,559,0
2020-08-05,Los Angeles,037,10098052,212277,198355,690,199045,4832
2020-08-05,Madera,039,155013,3125,2172,12,2184,19
2020-08-05,Marin,041,260295,5604,5036,10,5046,43
2020-08-05,Mariposa,043,17540,64,52,0,52,2
2020-08-05,Mendocino,045,87422,402,248,0,248,1
2020-08-05,Merced,047,269075,6479,4119,3,4122,30
2020-08-05,Modoc,049,8938,7,3,0,3,0
2020-08-05,Mono,051,14174,159,104,2,106,1
2020-08-05,Monterey,053,433212,6173,4936,18,4954,32
2020-08-05,Napa,055,140530,1240,1020,2,1022,8
2020-08-05,Nevada,057,99092,358,327,13,340,2
2020-08-05,Orange,059,3164182,45442,37907,903,38810,663
2020-08-05,Placer,061,380077,2517,1989,4,1993,18
2020-08-05,Plumas,063,18699,36,25,0,25,0
2020-08-05,Riverside,065,2383286,47345,39454,46,39500,761
2020-08-05,Sacramento,067,1510023,14033,10261,13,10274,151
2020-08-05,San Benito,069,59416,783,613,0,613,2
2020-08-05,San Bernardino,071,2135413,42602,34442,199,34641,504
2020-08-05,San Diego,073,3302833,34082,30866,58,30924,578
2020-08-05,San Francisco,075,870044,7864,6701,7,6708,60
2020-08-05,San Joaquin,077,732212,15656,12148,19,12167,199
2020-08-05,San Luis Obispo,079,281455,2389,1928,13,1941,13
2020-08-05,San Mateo,081,765935,7008,5695,7,5702,116
2020-08-05,Santa Barbara,083,443738,7146,6597,66,6663,63
2020-08-05,Santa Clara,085,1922200,14266,11074,33,11107,176
2020-08-05,Santa Cruz,087,273765,1445,1192,8,1200,4
2020-08-05,Shasta,089,179085,525,338,3,341,9
2020-08-05,Sierra,091,2930,5,3,0,3,0
2020-08-05,Siskiyou,093,43540,105,72,0,72,0
2020-08-05,Solano,095,438530,4596,3750,27,3777,29
2020-08-05,Sonoma,097,501317,4157,3173,8,3181,33
2020-08-05,Stanislaus,099,539301,12649,9408,83,9491,97
2020-08-05,Sutter,101,95872,978,780,1,781,6
2020-08-05,Tehama,103,63373,308,231,2,233,1
2020-08-05,Trinity,105,12862,27,5,6,11,0
2020-08-05,Tulare,107,460477,12154,9924,35,9959,192
2020-08-05,Tuolumne,109,53932,159,137,2,139,0
2020-08-05,Ventura,111,848112,9399,8162,37,8199,75
2020-08-05,Yolo,113,214977,2004,1634,4,1638,36
2020-08-05,Yuba,115,75493,589,400,0,400,1
2020-08-04,Alameda,001,1643700,14608,11983,110,12093,192
2020-08-04,Alpine,003,1148,2,2,0,2,0
2020-08-04,Amador,005,37829,203,123,0,123,0
2020-08-04,Butte,007,227075,1298,1011,15,1026,10
2020-08-04,Calaveras,009,45235,159,116,0,116,1
2020-08-04,Colusa,011,21464,396,354,0,354,3
2020-08-04,Contra Costa,013,1133247,11230,8210,33,8243,122
2020-08-04,Del Norte,015,27424,94,69,0,69,0
2020-08-04,El Dorado,017,186661,845,668,2,670,1
2020-08-04,Fresno,019,978130,22882,16272,214,16486,154
2020-08-04,Glenn,021,27897,396,325,0,325,1
2020-08-04,Humboldt,023,135768,284,241,1,242,4
2020-08-04,Imperial,025,180216,10544,7974,5,7979,163
2020-08-04,Inyo,027,18085,88,59,1,60,1
2020-08-04,Kern,029,883053,26101,21403,149,21552,190
2020-08-04,Kings,031,150075,5087,4163,27,4190,47
2020-08-04,Lake,033,64148,252,206,0,206,1
2020-08-04,Lassen,035,31185,645,556,2,558,0
2020-08-04,Los Angeles,037,10098052,210347,196014,659,196673,4764
2020-08-04,Madera,039,155013,3082,2161,8,2169,19
2020-08-04,Marin,041,260295,5573,5020,9,5029,43
2020-08-04,Mariposa,043,17540,64,51,0,51,2
2020-08-04,Mendocino,045,87422,377,248,0,248,1
2020-08-04,Merced,047,269075,6365,4085,3,4088,30
2020-08-04,Modoc,049,8938,7,3,0,3,0
2020-08-04,Mono,051,14174,158,104,1,105,1
2020-08-04,Monterey,053,433212,6059,4892,18,4910,32
2020-08-04,Napa,055,140530,1227,994,0,994,8
2020-08-04,Nevada,057,99092,357,322,13,335,2
2020-08-04,Orange,059,3164182,45066,37844,896,38740,659
2020-08-04,Placer,061,380077,2480,1964,4,1968,17
2020-08-04,Plumas,063,18699,36,25,0,25,0
2020-08-04,Riverside,065,2383286,46960,38991,45,39036,743
2020-08-04,Sacramento,067,1510023,13815,10205,13,10218,146
2020-08-04,San Benito,069,59416,767,608,0,608,2
2020-08-04,San Bernardino,071,2135413,42052,34215,194,34409,495
2020-08-04,San Diego,073,3302833,33789,30518,46,30564,568
2020-08-04,San Francisco,075,870044,7776,6568,7,6575,60
2020-08-04,San Joaquin,077,732212,15527,12087,16,12103,189
2020-08-04,San Luis Obispo,079,281455,2359,1886,13,1899,13
2020-08-04,San Mateo,081,765935,6902,5690,7,5697,116
2020-08-04,Santa Barbara,083,443738,7086,6591,66,6657,61
2020-08-04,Santa Clara,085,1922200,13965,10986,32,11018,175
2020-08-04,Santa Cruz,087,273765,1426,1202,8,1210,4
2020-08-04,Shasta,089,179085,519,335,3,338,9
2020-08-04,Sierra,091,2930,5,1,0,1,0
2020-08-04,Siskiyou,093,43540,103,71,0,71,0
2020-08-04,Solano,095,438530,4525,3690,27,3717,29
2020-08-04,Sonoma,097,501317,4090,3108,8,3116,33
2020-08-04,Stanislaus,099,539301,12481,9359,75,9434,97
2020-08-04,Sutter,101,95872,964,761,1,762,6
2020-08-04,Tehama,103,63373,301,226,2,228,1
2020-08-04,Trinity,105,12862,27,5,6,11,0
2020-08-04,Tulare,107,460477,11974,9866,35,9901,192
2020-08-04,Tuolumne,109,53932,158,127,2,129,0
2020-08-04,Ventura,111,848112,9285,8134,35,8169,75
2020-08-04,Yolo,113,214977,1978,1626,4,1630,37
2020-08-04,Yuba,115,75493,574,398,0,398,1
2020-08-03,Alameda,001,1643700,14424,11817,106,11923,189
2020-08-03,Alpine,003,1148,2,2,0,2,0
2020-08-03,Amador,005,37829,199,119,0,119,0
2020-08-03,Butte,007,227075,1252,989,14,1003,9
2020-08-03,Calaveras,009,45235,156,117,0,117,1
2020-08-03,Colusa,011,21464,392,336,0,336,2
2020-08-03,Contra Costa,013,1133247,11033,8069,30,8099,120
2020-08-03,Del Norte,015,27424,90,68,0,68,0
2020-08-03,El Dorado,017,186661,834,645,2,647,1
2020-08-03,Fresno,019,978130,22588,15945,208,16153,151
2020-08-03,Glenn,021,27897,389,316,0,316,1
2020-08-03,Humboldt,023,135768,277,234,1,235,4
2020-08-03,Imperial,025,180216,10489,7953,5,7958,161
2020-08-03,Inyo,027,18085,85,57,1,58,1
2020-08-03,Kern,029,883053,25734,21285,141,21426,176
2020-08-03,Kings,031,150075,4975,4107,26,4133,47
2020-08-03,Lake,033,64148,245,201,0,201,1
2020-08-03,Lassen,035,31185,645,555,2,557,0
2020-08-03,Los Angeles,037,10098052,208316,194103,629,194732,4706
2020-08-03,Madera,039,155013,3033,2143,7,2150,18
2020-08-03,Marin,041,260295,5526,5001,9,5010,43
2020-08-03,Mariposa,043,17540,63,52,0,52,2
2020-08-03,Mendocino,045,87422,354,248,0,248,1
2020-08-03,Merced,047,269075,6243,4028,3,4031,29
2020-08-03,Modoc,049,8938,7,2,0,2,0
2020-08-03,Mono,051,14174,158,104,1,105,1
2020-08-03,Monterey,053,433212,5908,4806,15,4821,28
2020-08-03,Napa,055,140530,1213,973,0,973,8
2020-08-03,Nevada,057,99092,352,315,13,328,2
2020-08-03,Orange,059,3164182,44672,37705,886,38591,651
2020-08-03,Placer,061,380077,2425,1947,3,1950,16
2020-08-03,Plumas,063,18699,36,25,0,25,0
2020-08-03,Riverside,065,2383286,46492,38642,45,38687,740
2020-08-03,Sacramento,067,1510023,13620,10143,13,10156,142
2020-08-03,San Benito,069,59416,755,603,0,603,2
2020-08-03,San Bernardino,071,2135413,41525,33979,188,34167,444
2020-08-03,San Diego,073,3302833,33475,30228,36,30264,565
2020-08-03,San Francisco,075,870044,7682,6319,7,6326,60
2020-08-03,San Joaquin,077,732212,15331,12007,15,12022,189
2020-08-03,San Luis Obispo,079,281455,2317,1863,10,1873,14
2020-08-03,San Mateo,081,765935,6821,5661,7,5668,115
2020-08-03,Santa Barbara,083,443738,7042,6580,66,6646,59
2020-08-03,Santa Clara,085,1922200,13689,10747,32,10779,172
2020-08-03,Santa Cruz,087,273765,1406,1154,8,1162,4
2020-08-03,Shasta,089,179085,512,322,3,325,9
2020-08-03,Sierra,091,2930,5,1,0,1,0
2020-08-03,Siskiyou,093,43540,99,67,0,67,0
2020-08-03,Solano,095,438530,4456,3610,26,3636,29
2020-08-03,Sonoma,097,501317,3989,3079,7,3086,33
2020-08-03,Stanislaus,099,539301,12272,9308,67,9375,96
2020-08-03,Sutter,101,95872,940,713,1,714,6
2020-08-03,Tehama,103,63373,293,225,2,227,1
2020-08-03,Trinity,105,12862,27,5,6,11,0
2020-08-03,Tulare,107,460477,11790,9703,35,9738,188
2020-08-03,Tuolumne,109,53932,158,123,2,125,0
2020-08-03,Ventura,111,848112,9194,8084,32,8116,74
2020-08-03,Yolo,113,214977,1943,1598,3,1601,37
2020-08-03,Yuba,115,75493,550,393,0,393,1
2020-08-02,Alameda,001,1643700,14178,11696,94,11790,188
2020-08-02,Alpine,003,1148,2,2,0,2,0
2020-08-02,Amador,005,37829,194,117,0,117,0
2020-08-02,Butte,007,227075,1217,987,14,1001,9
2020-08-02,Calaveras,009,45235,153,116,0,116,1
2020-08-02,Colusa,011,21464,387,335,0,335,2
2020-08-02,Contra Costa,013,1133247,10794,7995,30,8025,118
2020-08-02,Del Norte,015,27424,89,68,0,68,0
2020-08-02,El Dorado,017,186661,824,643,2,645,1
2020-08-02,Fresno,019,978130,22313,15759,202,15961,151
2020-08-02,Glenn,021,27897,388,315,0,315,1
2020-08-02,Humboldt,023,135768,272,232,1,233,4
2020-08-02,Imperial,025,180216,10426,7919,5,7924,157
2020-08-02,Inyo,027,18085,84,45,1,46,1
2020-08-02,Kern,029,883053,25436,21162,139,21301,176
2020-08-02,Kings,031,150075,4913,3964,25,3989,47
2020-08-02,Lake,033,64148,240,201,0,201,1
2020-08-02,Lassen,035,31185,645,555,2,557,0
2020-08-02,Los Angeles,037,10098052,206231,192480,611,193091,4698
2020-08-02,Madera,039,155013,2967,2123,5,2128,18
2020-08-02,Marin,041,260295,5491,4985,9,4994,43
2020-08-02,Mariposa,043,17540,61,52,0,52,2
2020-08-02,Mendocino,045,87422,344,247,0,247,1
2020-08-02,Merced,047,269075,6101,4011,3,4014,29
2020-08-02,Modoc,049,8938,7,2,0,2,0
2020-08-02,Mono,051,14174,151,104,1,105,1
2020-08-02,Monterey,053,433212,5782,4698,15,4713,28
2020-08-02,Napa,055,140530,1198,956,0,956,8
2020-08-02,Nevada,057,99092,349,314,13,327,2
2020-08-02,Orange,059,3164182,44291,37266,875,38141,651
2020-08-02,Placer,061,380077,2386,1920,3,1923,15
2020-08-02,Plumas,063,18699,36,25,0,25,0
2020-08-02,Riverside,065,2383286,46059,38507,44,38551,735
2020-08-02,Sacramento,067,1510023,13341,10099,13,10112,142
2020-08-02,San Benito,069,59416,741,599,0,599,2
2020-08-02,San Bernardino,071,2135413,40923,33643,184,33827,443
2020-08-02,San Diego,073,3302833,33135,29885,27,29912,565
2020-08-02,San Francisco,075,870044,7564,6297,7,6304,60
2020-08-02,San Joaquin,077,732212,15045,11937,13,11950,189
2020-08-02,San Luis Obispo,079,281455,2254,1821,10,1831,14
2020-08-02,San Mateo,081,765935,6706,5618,7,5625,115
2020-08-02,Santa Barbara,083,443738,6952,6532,66,6598,59
2020-08-02,Santa Clara,085,1922200,13471,10577,32,10609,172
2020-08-02,Santa Cruz,087,273765,1386,1162,8,1170,4
2020-08-02,Shasta,089,179085,508,318,3,321,9
2020-08-02,Sierra,091,2930,4,1,0,1,0
2020-08-02,Siskiyou,093,43540,99,65,0,65,0
2020-08-02,Solano,095,438530,4398,3609,26,3635,29
2020-08-02,Sonoma,097,501317,3905,3005,7,3012,33
2020-08-02,Stanislaus,099,539301,12057,9277,62,9339,96
2020-08-02,Sutter,101,95872,905,714,1,715,6
2020-08-02,Tehama,103,63373,287,222,2,224,1
2020-08-02,Trinity,105,12862,27,5,6,11,0
2020-08-02,Tulare,107,460477,11581,9593,35,9628,188
2020-08-02,Tuolumne,109,53932,155,123,2,125,0
2020-08-02,Ventura,111,848112,9047,8014,32,8046,73
2020-08-02,Yolo,113,214977,1918,1588,3,1591,37
2020-08-02,Yuba,115,75493,530,393,0,393,1
2020-08-01,Alameda,001,1643700,14066,11590,94,11684,188
2020-08-01,Alpine,003,1148,2,2,0,2,0
2020-08-01,Amador,005,37829,190,109,0,109,0
2020-08-01,Butte,007,227075,1203,976,14,990,9
2020-08-01,Calaveras,009,45235,149,116,0,116,1
2020-08-01,Colusa,011,21464,386,327,0,327,2
2020-08-01,Contra Costa,013,1133247,10661,7867,29,7896,116
2020-08-01,Del Norte,015,27424,89,68,0,68,0
2020-08-01,El Dorado,017,186661,821,637,2,639,1
2020-08-01,Fresno,019,978130,22176,15448,202,15650,149
2020-08-01,Glenn,021,27897,387,311,0,311,1
2020-08-01,Humboldt,023,135768,271,232,1,233,4
2020-08-01,Imperial,025,180216,10390,7919,5,7924,156
2020-08-01,Inyo,027,18085,82,45,1,46,1
2020-08-01,Kern,029,883053,25278,20796,135,20931,176
2020-08-01,Kings,031,150075,4887,3948,25,3973,47
2020-08-01,Lake,033,64148,238,194,0,194,1
2020-08-01,Lassen,035,31185,644,555,2,557,0
2020-08-01,Los Angeles,037,10098052,205338,191023,584,191607,4674
2020-08-01,Madera,039,155013,2928,2103,5,2108,18
2020-08-01,Marin,041,260295,5476,4945,9,4954,43
2020-08-01,Mariposa,043,17540,61,50,0,50,2
2020-08-01,Mendocino,045,87422,337,243,0,243,1
2020-08-01,Merced,047,269075,6053,3972,3,3975,29
2020-08-01,Modoc,049,8938,7,2,0,2,0
2020-08-01,Mono,051,14174,150,104,1,105,1
2020-08-01,Monterey,053,433212,5715,4611,14,4625,28
2020-08-01,Napa,055,140530,1189,923,0,923,8
2020-08-01,Nevada,057,99092,345,305,13,318,2
2020-08-01,Orange,059,3164182,44064,36703,869,37572,648
2020-08-01,Placer,061,380077,2352,1891,3,1894,14
2020-08-01,Plumas,063,18699,35,25,0,25,0
2020-08-01,Riverside,065,2383286,45847,38216,42,38258,704
2020-08-01,Sacramento,067,1510023,13190,10044,13,10057,141
2020-08-01,San Benito,069,59416,730,579,0,579,2
2020-08-01,San Bernardino,071,2135413,40687,32947,183,33130,440
2020-08-01,San Diego,073,3302833,32918,29579,19,29598,565
2020-08-01,San Francisco,075,870044,7502,6296,7,6303,60
2020-08-01,San Joaquin,077,732212,14972,11807,12,11819,189
2020-08-01,San Luis Obispo,079,281455,2225,1798,10,1808,13
2020-08-01,San Mateo,081,765935,6652,5520,7,5527,115
2020-08-01,Santa Barbara,083,443738,6912,6465,66,6531,59
2020-08-01,Santa Clara,085,1922200,13320,10281,31,10312,171
2020-08-01,Santa Cruz,087,273765,1370,1164,8,1172,4
2020-08-01,Shasta,089,179085,503,312,3,315,9
2020-08-01,Sierra,091,2930,3,1,0,1,0
2020-08-01,Siskiyou,093,43540,99,64,0,64,0
2020-08-01,Solano,095,438530,4364,3591,25,3616,29
2020-08-01,Sonoma,097,501317,3859,2890,7,2897,29
2020-08-01,Stanislaus,099,539301,11939,9221,54,9275,96
2020-08-01,Sutter,101,95872,901,714,1,715,6
2020-08-01,Tehama,103,63373,284,220,2,222,1
2020-08-01,Trinity,105,12862,27,5,6,11,0
2020-08-01,Tulare,107,460477,11513,9520,35,9555,188
2020-08-01,Tuolumne,109,53932,155,123,2,125,0
2020-08-01,Ventura,111,848112,9001,7819,32,7851,73
2020-08-01,Yolo,113,214977,1908,1557,3,1560,37
2020-08-01,Yuba,115,75493,525,387,0,387,1
2020-07-31,Alameda,001,1643700,13935,11441,94,11535,187
2020-07-31,Alpine,003,1148,2,2,0,2,0
2020-07-31,Amador,005,37829,189,98,0,98,0
2020-07-31,Butte,007,227075,1180,925,14,939,7
2020-07-31,Calaveras,009,45235,149,112,0,112,1
2020-07-31,Colusa,011,21464,376,319,0,319,2
2020-07-31,Contra Costa,013,1133247,10513,7697,28,7725,113
2020-07-31,Del Norte,015,27424,88,68,0,68,0
2020-07-31,El Dorado,017,186661,810,616,2,618,1
2020-07-31,Fresno,019,978130,21956,15083,202,15285,133
2020-07-31,Glenn,021,27897,380,304,0,304,1
2020-07-31,Humboldt,023,135768,264,229,1,230,4
2020-07-31,Imperial,025,180216,10358,7886,5,7891,155
2020-07-31,Inyo,027,18085,72,45,1,46,1
2020-07-31,Kern,029,883053,25037,20061,131,20192,173
2020-07-31,Kings,031,150075,4859,3807,25,3832,45
2020-07-31,Lake,033,64148,237,191,0,191,1
2020-07-31,Lassen,035,31185,639,544,2,546,0
2020-07-31,Los Angeles,037,10098052,203738,188688,571,189259,4628
2020-07-31,Madera,039,155013,2881,2036,5,2041,19
2020-07-31,Marin,041,260295,5432,4885,6,4891,43
2020-07-31,Mariposa,043,17540,61,49,0,49,2
2020-07-31,Mendocino,045,87422,322,232,0,232,1
2020-07-31,Merced,047,269075,5970,3789,3,3792,30
2020-07-31,Modoc,049,8938,6,0,0,0,0
2020-07-31,Mono,051,14174,149,104,1,105,1
2020-07-31,Monterey,053,433212,5623,4493,14,4507,24
2020-07-31,Napa,055,140530,1177,897,0,897,7
2020-07-31,Nevada,057,99092,343,302,13,315,2
2020-07-31,Orange,059,3164182,43765,36196,853,37049,620
2020-07-31,Placer,061,380077,2327,1853,3,1856,14
2020-07-31,Plumas,063,18699,34,25,0,25,0
2020-07-31,Riverside,065,2383286,45457,37612,41,37653,694
2020-07-31,Sacramento,067,1510023,13012,9872,13,9885,132
2020-07-31,San Benito,069,59416,722,567,0,567,2
2020-07-31,San Bernardino,071,2135413,40357,32332,182,32514,434
2020-07-31,San Diego,073,3302833,32684,29050,11,29061,561
2020-07-31,San Francisco,075,870044,7403,6126,7,6133,60
2020-07-31,San Joaquin,077,732212,14832,11561,12,11573,177
2020-07-31,San Luis Obispo,079,281455,2156,1746,10,1756,12
2020-07-31,San Mateo,081,765935,6580,5416,7,5423,115
2020-07-31,Santa Barbara,083,443738,6845,6375,66,6441,58
2020-07-31,Santa Clara,085,1922200,13099,9863,31,9894,171
2020-07-31,Santa Cruz,087,273765,1347,1118,8,1126,4
2020-07-31,Shasta,089,179085,493,305,3,308,9
2020-07-31,Sierra,091,2930,3,1,0,1,0
2020-07-31,Siskiyou,093,43540,97,61,0,61,0
2020-07-31,Solano,095,438530,4317,3510,24,3534,29
2020-07-31,Sonoma,097,501317,3801,2745,7,2752,27
2020-07-31,Stanislaus,099,539301,11832,9061,49,9110,94
2020-07-31,Sutter,101,95872,896,714,1,715,6
2020-07-31,Tehama,103,63373,281,213,2,215,1
2020-07-31,Trinity,105,12862,27,5,6,11,0
2020-07-31,Tulare,107,460477,11392,9365,35,9400,184
2020-07-31,Tuolumne,109,53932,155,120,2,122,0
2020-07-31,Ventura,111,848112,8926,7521,32,7553,71
2020-07-31,Yolo,113,214977,1882,1522,3,1525,38
2020-07-31,Yuba,115,75493,516,369,0,369,1
2020-07-30,Alameda,001,1643700,13732,11303,54,11357,185
2020-07-30,Alpine,003,1148,2,2,0,2,0
2020-07-30,Amador,005,37829,171,97,0,97,0
2020-07-30,Butte,007,227075,1164,915,14,929,7
2020-07-30,Calaveras,009,45235,145,111,0,111,1
2020-07-30,Colusa,011,21464,373,315,0,315,2
2020-07-30,Contra Costa,013,1133247,10328,7615,27,7642,112
2020-07-30,Del Norte,015,27424,88,68,0,68,0
2020-07-30,El Dorado,017,186661,803,608,2,610,1
2020-07-30,Fresno,019,978130,21620,14793,196,14989,133
2020-07-30,Glenn,021,27897,373,297,0,297,1
2020-07-30,Humboldt,023,135768,262,228,1,229,4
2020-07-30,Imperial,025,180216,10299,7849,5,7854,151
2020-07-30,Inyo,027,18085,68,44,1,45,1
2020-07-30,Kern,029,883053,24744,19552,127,19679,171
2020-07-30,Kings,031,150075,4755,3785,25,3810,43
2020-07-30,Lake,033,64148,231,181,0,181,1
2020-07-30,Lassen,035,31185,636,544,2,546,0
2020-07-30,Los Angeles,037,10098052,201708,186177,539,186716,4564
2020-07-30,Madera,039,155013,2811,2007,5,2012,18
2020-07-30,Marin,041,260295,5390,4835,5,4840,39
2020-07-30,Mariposa,043,17540,61,49,0,49,1
2020-07-30,Mendocino,045,87422,315,232,0,232,1
2020-07-30,Merced,047,269075,5805,3695,3,3698,30
2020-07-30,Modoc,049,8938,6,0,0,0,0
2020-07-30,Mono,051,14174,148,104,1,105,1
2020-07-30,Monterey,053,433212,5511,4352,14,4366,24
2020-07-30,Napa,055,140530,1160,874,0,874,7
2020-07-30,Nevada,057,99092,338,292,13,305,2
2020-07-30,Orange,059,3164182,43350,36105,828,36933,607
2020-07-30,Placer,061,380077,2276,1821,3,1824,14
2020-07-30,Plumas,063,18699,33,25,0,25,0
2020-07-30,Riverside,065,2383286,44916,37308,41,37349,685
2020-07-30,Sacramento,067,1510023,12793,9704,13,9717,126
2020-07-30,San Benito,069,59416,709,558,0,558,2
2020-07-30,San Bernardino,071,2135413,39834,32010,182,32192,427
2020-07-30,San Diego,073,3302833,32337,28670,9,28679,558
2020-07-30,San Francisco,075,870044,7303,6107,7,6114,59
2020-07-30,San Joaquin,077,732212,14638,11435,12,11447,161
2020-07-30,San Luis Obispo,079,281455,2120,1703,10,1713,12
2020-07-30,San Mateo,081,765935,6485,5369,7,5376,115
2020-07-30,Santa Barbara,083,443738,6765,6273,66,6339,52
2020-07-30,Santa Clara,085,1922200,12863,9708,30,9738,170
2020-07-30,Santa Cruz,087,273765,1319,1087,8,1095,4
2020-07-30,Shasta,089,179085,489,306,3,309,8
2020-07-30,Sierra,091,2930,3,1,0,1,0
2020-07-30,Siskiyou,093,43540,96,60,0,60,0
2020-07-30,Solano,095,438530,4266,3463,24,3487,29
2020-07-30,Sonoma,097,501317,3729,2684,7,2691,25
2020-07-30,Stanislaus,099,539301,11619,8890,41,8931,94
2020-07-30,Sutter,101,95872,877,698,1,699,6
2020-07-30,Tehama,103,63373,278,208,2,210,1
2020-07-30,Trinity,105,12862,26,4,6,10,0
2020-07-30,Tulare,107,460477,11263,9167,35,9202,177
2020-07-30,Tuolumne,109,53932,154,119,2,121,0
2020-07-30,Ventura,111,848112,8814,7304,30,7334,69
2020-07-30,Yolo,113,214977,1862,1511,3,1514,37
2020-07-30,Yuba,115,75493,503,362,0,362,1
2020-07-29,Alameda,001,1643700,13513,11177,49,11226,180
2020-07-29,Alpine,003,1148,2,2,0,2,0
2020-07-29,Amador,005,37829,163,80,0,80,0
2020-07-29,Butte,007,227075,1138,889,12,901,7
2020-07-29,Calaveras,009,45235,139,107,0,107,1
2020-07-29,Colusa,011,21464,369,302,0,302,2
2020-07-29,Contra Costa,013,1133247,10124,7520,27,7547,108
2020-07-29,Del Norte,015,27424,88,68,0,68,0
2020-07-29,El Dorado,017,186661,793,588,2,590,1
2020-07-29,Fresno,019,978130,21328,14312,196,14508,125
2020-07-29,Glenn,021,27897,366,294,0,294,1
2020-07-29,Humboldt,023,135768,259,221,1,222,4
2020-07-29,Imperial,025,180216,10251,7825,5,7830,147
2020-07-29,Inyo,027,18085,63,44,1,45,1
2020-07-29,Kern,029,883053,24406,19073,124,19197,162
2020-07-29,Kings,031,150075,4707,3755,25,3780,43
2020-07-29,Lake,033,64148,229,179,0,179,1
2020-07-29,Lassen,035,31185,621,513,2,515,0
2020-07-29,Los Angeles,037,10098052,199683,183600,522,184122,4523
2020-07-29,Madera,039,155013,2757,1941,5,1946,18
2020-07-29,Marin,041,260295,5352,4747,5,4752,34
2020-07-29,Mariposa,043,17540,60,47,0,47,1
2020-07-29,Mendocino,045,87422,307,228,0,228,0
2020-07-29,Merced,047,269075,5665,3605,3,3608,25
2020-07-29,Modoc,049,8938,5,0,0,0,0
2020-07-29,Mono,051,14174,145,102,1,103,1
2020-07-29,Monterey,053,433212,5411,4252,14,4266,24
2020-07-29,Napa,055,140530,1132,866,0,866,7
2020-07-29,Nevada,057,99092,334,288,13,301,1
2020-07-29,Orange,059,3164182,42916,35339,816,36155,589
2020-07-29,Placer,061,380077,2244,1798,3,1801,14
2020-07-29,Plumas,063,18699,33,25,0,25,0
2020-07-29,Riverside,065,2383286,44324,36968,41,37009,678
2020-07-29,Sacramento,067,1510023,12547,9538,13,9551,122
2020-07-29,San Benito,069,59416,694,537,0,537,2
2020-07-29,San Bernardino,071,2135413,39345,31168,171,31339,417
2020-07-29,San Diego,073,3302833,32012,28289,8,28297,552
2020-07-29,San Francisco,075,870044,7209,6041,7,6048,56
2020-07-29,San Joaquin,077,732212,14390,11249,9,11258,154
2020-07-29,San Luis Obispo,079,281455,2099,1673,10,1683,11
2020-07-29,San Mateo,081,765935,6397,5305,7,5312,114
2020-07-29,Santa Barbara,083,443738,6698,6215,66,6281,31
2020-07-29,Santa Clara,085,1922200,12656,9567,30,9597,165
2020-07-29,Santa Cruz,087,273765,1295,1051,8,1059,4
2020-07-29,Shasta,089,179085,477,297,3,300,8
2020-07-29,Sierra,091,2930,2,1,0,1,0
2020-07-29,Siskiyou,093,43540,94,58,0,58,0
2020-07-29,Solano,095,438530,4212,3380,24,3404,29
2020-07-29,Sonoma,097,501317,3652,2598,7,2605,26
2020-07-29,Stanislaus,099,539301,11398,8745,35,8780,94
2020-07-29,Sutter,101,95872,849,678,1,679,6
2020-07-29,Tehama,103,63373,274,206,2,208,1
2020-07-29,Trinity,105,12862,26,4,6,10,0
2020-07-29,Tulare,107,460477,11092,9028,35,9063,156
2020-07-29,Tuolumne,109,53932,154,118,2,120,0
2020-07-29,Ventura,111,848112,8709,7161,30,7191,68
2020-07-29,Yolo,113,214977,1836,1488,3,1491,36
2020-07-29,Yuba,115,75493,487,350,0,350,1
2020-07-28,Alameda,001,1643700,13284,10875,48,10923,180
2020-07-28,Alpine,003,1148,2,2,0,2,0
2020-07-28,Amador,005,37829,153,77,0,77,0
2020-07-28,Butte,007,227075,1103,857,12,869,7
2020-07-28,Calaveras,009,45235,138,105,0,105,1
2020-07-28,Colusa,011,21464,363,290,0,290,2
2020-07-28,Contra Costa,013,1133247,9902,7426,27,7453,107
2020-07-28,Del Norte,015,27424,87,68,0,68,0
2020-07-28,El Dorado,017,186661,778,558,2,560,1
2020-07-28,Fresno,019,978130,20992,13933,190,14123,125
2020-07-28,Glenn,021,27897,364,289,0,289,1
2020-07-28,Humboldt,023,135768,258,218,1,219,4
2020-07-28,Imperial,025,180216,10215,7804,5,7809,145
2020-07-28,Inyo,027,18085,61,43,1,44,1
2020-07-28,Kern,029,883053,24043,18834,118,18952,155
2020-07-28,Kings,031,150075,4661,3721,25,3746,41
2020-07-28,Lake,033,64148,225,179,0,179,1
2020-07-28,Lassen,035,31185,615,508,2,510,0
2020-07-28,Los Angeles,037,10098052,197453,179107,499,179606,4435
2020-07-28,Madera,039,155013,2691,1889,5,1894,18
2020-07-28,Marin,041,260295,5283,4698,5,4703,23
2020-07-28,Mariposa,043,17540,58,45,0,45,1
2020-07-28,Mendocino,045,87422,296,222,0,222,0
2020-07-28,Merced,047,269075,5520,3446,3,3449,23
2020-07-28,Modoc,049,8938,4,0,0,0,0
2020-07-28,Mono,051,14174,144,102,1,103,1
2020-07-28,Monterey,053,433212,5291,4047,14,4061,22
2020-07-28,Napa,055,140530,1110,824,0,824,6
2020-07-28,Nevada,057,99092,329,278,13,291,1
2020-07-28,Orange,059,3164182,42458,34832,802,35634,582
2020-07-28,Placer,061,380077,2209,1759,3,1762,14
2020-07-28,Plumas,063,18699,33,22,0,22,0
2020-07-28,Riverside,065,2383286,43722,36458,41,36499,668
2020-07-28,Sacramento,067,1510023,12288,9429,12,9441,117
2020-07-28,San Benito,069,59416,684,503,0,503,2
2020-07-28,San Bernardino,071,2135413,38821,30493,167,30660,412
2020-07-28,San Diego,073,3302833,31662,28007,6,28013,547
2020-07-28,San Francisco,075,870044,7096,5888,7,5895,56
2020-07-28,San Joaquin,077,732212,14107,10958,7,10965,141
2020-07-28,San Luis Obispo,079,281455,2066,1636,10,1646,9
2020-07-28,San Mateo,081,765935,6324,5171,7,5178,114
2020-07-28,Santa Barbara,083,443738,6635,6110,64,6174,31
2020-07-28,Santa Clara,085,1922200,12422,9307,30,9337,165
2020-07-28,Santa Cruz,087,273765,1268,1018,8,1026,4
2020-07-28,Shasta,089,179085,465,275,3,278,8
2020-07-28,Sierra,091,2930,2,1,0,1,0
2020-07-28,Siskiyou,093,43540,90,57,0,57,0
2020-07-28,Solano,095,438530,4165,3292,23,3315,29
2020-07-28,Sonoma,097,501317,3578,2553,7,2560,20
2020-07-28,Stanislaus,099,539301,11176,8492,27,8519,92
2020-07-28,Sutter,101,95872,812,653,0,653,2
2020-07-28,Tehama,103,63373,269,199,2,201,1
2020-07-28,Trinity,105,12862,26,3,6,9,0
2020-07-28,Tulare,107,460477,10905,8787,35,8822,96
2020-07-28,Tuolumne,109,53932,153,116,2,118,0
2020-07-28,Ventura,111,848112,8583,7045,29,7074,68
2020-07-28,Yolo,113,214977,1808,1459,3,1462,36
2020-07-28,Yuba,115,75493,470,333,0,333,1
2020-07-27,Alameda,001,1643700,13057,10645,45,10690,176
2020-07-27,Alpine,003,1148,2,2,0,2,0
2020-07-27,Amador,005,37829,148,72,0,72,0
2020-07-27,Butte,007,227075,1076,843,12,855,7
2020-07-27,Calaveras,009,45235,134,103,0,103,1
2020-07-27,Colusa,011,21464,356,271,0,271,2
2020-07-27,Contra Costa,013,1133247,9680,7256,27,7283,104
2020-07-27,Del Norte,015,27424,86,67,0,67,0
2020-07-27,El Dorado,017,186661,766,548,2,550,1
2020-07-27,Fresno,019,978130,20644,13485,184,13669,117
2020-07-27,Glenn,021,27897,362,277,0,277,1
2020-07-27,Humboldt,023,135768,253,218,1,219,4
2020-07-27,Imperial,025,180216,10165,7789,5,7794,144
2020-07-27,Inyo,027,18085,61,43,1,44,1
2020-07-27,Kern,029,883053,23541,17994,112,18106,148
2020-07-27,Kings,031,150075,4412,3685,25,3710,39
2020-07-27,Lake,033,64148,221,176,0,176,1
2020-07-27,Lassen,035,31185,615,503,2,505,0
2020-07-27,Los Angeles,037,10098052,195030,176351,481,176832,4379
2020-07-27,Madera,039,155013,2626,1793,5,1798,17
2020-07-27,Marin,041,260295,5195,4669,5,4674,22
2020-07-27,Mariposa,043,17540,58,43,0,43,1
2020-07-27,Mendocino,045,87422,282,209,0,209,0
2020-07-27,Merced,047,269075,5380,3292,3,3295,23
2020-07-27,Modoc,049,8938,3,0,0,0,0
2020-07-27,Mono,051,14174,140,99,1,100,1
2020-07-27,Monterey,053,433212,5102,3960,14,3974,21
2020-07-27,Napa,055,140530,1095,769,0,769,6
2020-07-27,Nevada,057,99092,325,268,13,281,1
2020-07-27,Orange,059,3164182,42018,34649,786,35435,566
2020-07-27,Placer,061,380077,2159,1679,3,1682,12
2020-07-27,Plumas,063,18699,33,22,0,22,0
2020-07-27,Riverside,065,2383286,43043,35822,41,35863,667
2020-07-27,Sacramento,067,1510023,11995,9091,12,9103,114
2020-07-27,San Benito,069,59416,669,498,0,498,2
2020-07-27,San Bernardino,071,2135413,38229,29928,157,30085,401
2020-07-27,San Diego,073,3302833,31288,27509,5,27514,533
2020-07-27,San Francisco,075,870044,7009,5825,7,5832,55
2020-07-27,San Joaquin,077,732212,13818,10728,7,10735,129
2020-07-27,San Luis Obispo,079,281455,2021,1612,10,1622,9
2020-07-27,San Mateo,081,765935,6215,5108,7,5115,113
2020-07-27,Santa Barbara,083,443738,6556,6026,62,6088,30
2020-07-27,Santa Clara,085,1922200,12153,9157,29,9186,166
2020-07-27,Santa Cruz,087,273765,1244,984,8,992,4
2020-07-27,Shasta,089,179085,458,275,3,278,8
2020-07-27,Sierra,091,2930,2,1,0,1,0
2020-07-27,Siskiyou,093,43540,88,54,0,54,0
2020-07-27,Solano,095,438530,4098,3198,22,3220,29
2020-07-27,Sonoma,097,501317,3487,2504,7,2511,20
2020-07-27,Stanislaus,099,539301,10950,8288,19,8307,84
2020-07-27,Sutter,101,95872,786,620,0,620,2
2020-07-27,Tehama,103,63373,261,192,2,194,1
2020-07-27,Trinity,105,12862,26,3,6,9,0
2020-07-27,Tulare,107,460477,10687,8462,35,8497,172
2020-07-27,Tuolumne,109,53932,150,115,2,117,0
2020-07-27,Ventura,111,848112,8455,6998,28,7026,68
2020-07-27,Yolo,113,214977,1763,1439,3,1442,33
2020-07-27,Yuba,115,75493,450,328,0,328,1
2020-07-26,Alameda,001,1643700,12819,10489,44,10533,176
2020-07-26,Alpine,003,1148,2,2,0,2,0
2020-07-26,Amador,005,37829,142,67,0,67,0
2020-07-26,Butte,007,227075,1039,822,12,834,5
2020-07-26,Calaveras,009,45235,131,103,0,103,1
2020-07-26,Colusa,011,21464,347,270,0,270,2
2020-07-26,Contra Costa,013,1133247,9443,7095,27,7122,104
2020-07-26,Del Norte,015,27424,84,67,0,67,0
2020-07-26,El Dorado,017,186661,748,539,2,541,1
2020-07-26,Fresno,019,978130,20253,13209,176,13385,117
2020-07-26,Glenn,021,27897,354,265,0,265,1
2020-07-26,Humboldt,023,135768,247,214,1,215,4
2020-07-26,Imperial,025,180216,10092,7781,5,7786,144
2020-07-26,Inyo,027,18085,56,43,1,44,1
2020-07-26,Kern,029,883053,23016,17394,109,17503,148
2020-07-26,Kings,031,150075,4353,3591,25,3616,39
2020-07-26,Lake,033,64148,213,174,0,174,1
2020-07-26,Lassen,035,31185,574,503,2,505,0
2020-07-26,Los Angeles,037,10098052,192463,174322,463,174785,4364
2020-07-26,Madera,039,155013,2539,1744,5,1749,17
2020-07-26,Marin,041,260295,5149,4595,5,4600,22
2020-07-26,Mariposa,043,17540,56,43,0,43,1
2020-07-26,Mendocino,045,87422,273,206,0,206,0
2020-07-26,Merced,047,269075,5200,3251,2,3253,23
2020-07-26,Modoc,049,8938,3,0,0,0,0
2020-07-26,Mono,051,14174,136,82,1,83,1
2020-07-26,Monterey,053,433212,4936,3901,14,3915,21
2020-07-26,Napa,055,140530,1076,769,0,769,6
2020-07-26,Nevada,057,99092,322,261,13,274,1
2020-07-26,Orange,059,3164182,41493,34352,754,35106,564
2020-07-26,Placer,061,380077,2095,1628,3,1631,12
2020-07-26,Plumas,063,18699,33,22,0,22,0
2020-07-26,Riverside,065,2383286,42482,35636,41,35677,665
2020-07-26,Sacramento,067,1510023,11690,8972,12,8984,114
2020-07-26,San Benito,069,59416,657,495,0,495,2
2020-07-26,San Bernardino,071,2135413,37588,29545,148,29693,400
2020-07-26,San Diego,073,3302833,30892,26986,4,26990,533
2020-07-26,San Francisco,075,870044,6901,5823,7,5830,55
2020-07-26,San Joaquin,077,732212,13525,10637,7,10644,129
2020-07-26,San Luis Obispo,079,281455,1978,1565,10,1575,8
2020-07-26,San Mateo,081,765935,6109,5078,7,5085,113
2020-07-26,Santa Barbara,083,443738,6455,5939,62,6001,30
2020-07-26,Santa Clara,085,1922200,11924,8986,29,9015,166
2020-07-26,Santa Cruz,087,273765,1217,970,8,978,4
2020-07-26,Shasta,089,179085,451,265,3,268,8
2020-07-26,Sierra,091,2930,2,1,0,1,0
2020-07-26,Siskiyou,093,43540,86,54,0,54,0
2020-07-26,Solano,095,438530,4018,3197,20,3217,29
2020-07-26,Sonoma,097,501317,3398,2503,6,2509,20
2020-07-26,Stanislaus,099,539301,10689,8228,18,8246,84
2020-07-26,Sutter,101,95872,772,612,0,612,2
2020-07-26,Tehama,103,63373,254,175,2,177,1
2020-07-26,Trinity,105,12862,26,3,6,9,0
2020-07-26,Tulare,107,460477,10481,8392,35,8427,172
2020-07-26,Tuolumne,109,53932,145,113,2,115,0
2020-07-26,Ventura,111,848112,8248,6844,28,6872,67
2020-07-26,Yolo,113,214977,1732,1408,3,1411,33
2020-07-26,Yuba,115,75493,431,313,0,313,1
2020-07-25,Alameda,001,1643700,12722,10361,42,10403,176
2020-07-25,Alpine,003,1148,2,2,0,2,0
2020-07-25,Amador,005,37829,139,67,0,67,0
2020-07-25,Butte,007,227075,1030,810,12,822,5
2020-07-25,Calaveras,009,45235,127,103,0,103,1
2020-07-25,Colusa,011,21464,340,265,0,265,2
2020-07-25,Contra Costa,013,1133247,9298,6920,27,6947,104
2020-07-25,Del Norte,015,27424,84,67,0,67,0
2020-07-25,El Dorado,017,186661,737,528,2,530,1
2020-07-25,Fresno,019,978130,20067,12866,176,13042,117
2020-07-25,Glenn,021,27897,352,260,0,260,1
2020-07-25,Humboldt,023,135768,244,212,1,213,4
2020-07-25,Imperial,025,180216,10066,7727,5,7732,144
2020-07-25,Inyo,027,18085,55,43,1,44,1
2020-07-25,Kern,029,883053,22798,16910,108,17018,148
2020-07-25,Kings,031,150075,4336,3516,25,3541,39
2020-07-25,Lake,033,64148,211,173,0,173,1
2020-07-25,Lassen,035,31185,574,503,2,505,0
2020-07-25,Los Angeles,037,10098052,191332,172611,456,173067,4357
2020-07-25,Madera,039,155013,2507,1724,5,1729,17
2020-07-25,Marin,041,260295,5133,4562,5,4567,22
2020-07-25,Mariposa,043,17540,55,43,0,43,1
2020-07-25,Mendocino,045,87422,267,190,0,190,0
2020-07-25,Merced,047,269075,5121,3176,2,3178,23
2020-07-25,Modoc,049,8938,3,0,0,0,0
2020-07-25,Mono,051,14174,136,82,1,83,1
2020-07-25,Monterey,053,433212,4859,3805,14,3819,21
2020-07-25,Napa,055,140530,1063,746,0,746,6
2020-07-25,Nevada,057,99092,320,257,13,270,1
2020-07-25,Orange,059,3164182,41274,33978,733,34711,561
2020-07-25,Placer,061,380077,2079,1596,3,1599,12
2020-07-25,Plumas,063,18699,33,22,0,22,0
2020-07-25,Riverside,065,2383286,42213,34921,41,34962,655
2020-07-25,Sacramento,067,1510023,11544,8674,12,8686,113
2020-07-25,San Benito,069,59416,641,492,0,492,2
2020-07-25,San Bernardino,071,2135413,37310,29265,145,29410,394
2020-07-25,San Diego,073,3302833,30631,26703,3,26706,533
2020-07-25,San Francisco,075,870044,6843,5644,7,5651,55
2020-07-25,San Joaquin,077,732212,13399,10347,6,10353,129
2020-07-25,San Luis Obispo,079,281455,1958,1530,9,1539,8
2020-07-25,San Mateo,081,765935,6046,5023,7,5030,113
2020-07-25,Santa Barbara,083,443738,6420,5880,62,5942,30
2020-07-25,Santa Clara,085,1922200,11790,8767,29,8796,166
2020-07-25,Santa Cruz,087,273765,1200,939,8,947,4
2020-07-25,Shasta,089,179085,446,263,1,264,8
2020-07-25,Sierra,091,2930,2,1,0,1,0
2020-07-25,Siskiyou,093,43540,84,54,0,54,0
2020-07-25,Solano,095,438530,3978,3107,18,3125,29
2020-07-25,Sonoma,097,501317,3359,2412,6,2418,20
2020-07-25,Stanislaus,099,539301,10586,7994,15,8009,84
2020-07-25,Sutter,101,95872,753,603,0,603,2
2020-07-25,Tehama,103,63373,253,169,2,171,1
2020-07-25,Trinity,105,12862,26,3,6,9,0
2020-07-25,Tulare,107,460477,10381,8310,35,8345,172
2020-07-25,Tuolumne,109,53932,144,99,2,101,0
2020-07-25,Ventura,111,848112,8175,6662,28,6690,62
2020-07-25,Yolo,113,214977,1717,1357,3,1360,35
2020-07-25,Yuba,115,75493,425,312,0,312,1
2020-07-24,Alameda,001,1643700,12580,10216,39,10255,176
2020-07-24,Alpine,003,1148,2,2,0,2,0
2020-07-24,Amador,005,37829,137,66,0,66,0
2020-07-24,Butte,007,227075,1018,751,12,763,5
2020-07-24,Calaveras,009,45235,123,102,0,102,0
2020-07-24,Colusa,011,21464,337,255,0,255,2
2020-07-24,Contra Costa,013,1133247,9152,6814,27,6841,100
2020-07-24,Del Norte,015,27424,84,66,0,66,0
2020-07-24,El Dorado,017,186661,715,516,2,518,1
2020-07-24,Fresno,019,978130,19841,12564,176,12740,115
2020-07-24,Glenn,021,27897,349,251,0,251,1
2020-07-24,Humboldt,023,135768,241,210,1,211,4
2020-07-24,Imperial,025,180216,10044,7686,5,7691,141
2020-07-24,Inyo,027,18085,55,41,1,42,1
2020-07-24,Kern,029,883053,22557,16124,108,16232,143
2020-07-24,Kings,031,150075,4306,3471,25,3496,39
2020-07-24,Lake,033,64148,209,167,0,167,1
2020-07-24,Lassen,035,31185,574,503,2,505,0
2020-07-24,Los Angeles,037,10098052,189315,169078,445,169523,4302
2020-07-24,Madera,039,155013,2474,1679,5,1684,16
2020-07-24,Marin,041,260295,5106,4517,5,4522,22
2020-07-24,Mariposa,043,17540,55,41,0,41,1
2020-07-24,Mendocino,045,87422,260,188,0,188,0
2020-07-24,Merced,047,269075,5036,3100,2,3102,23
2020-07-24,Modoc,049,8938,3,0,0,0,0
2020-07-24,Mono,051,14174,135,82,1,83,1
2020-07-24,Monterey,053,433212,4787,3748,14,3762,21
2020-07-24,Napa,055,140530,1050,741,0,741,6
2020-07-24,Nevada,057,99092,317,255,13,268,1
2020-07-24,Orange,059,3164182,40987,33530,717,34247,557
2020-07-24,Placer,061,380077,2048,1551,3,1554,12
2020-07-24,Plumas,063,18699,33,22,0,22,0
2020-07-24,Riverside,065,2383286,41790,34513,40,34553,631
2020-07-24,Sacramento,067,1510023,11356,8570,12,8582,110
2020-07-24,San Benito,069,59416,634,485,0,485,2
2020-07-24,San Bernardino,071,2135413,36937,28990,140,29130,386
2020-07-24,San Diego,073,3302833,30331,26100,3,26103,524
2020-07-24,San Francisco,075,870044,6749,5611,7,5618,55
2020-07-24,San Joaquin,077,732212,13250,10190,6,10196,118
2020-07-24,San Luis Obispo,079,281455,1934,1476,9,1485,8
2020-07-24,San Mateo,081,765935,5983,4954,7,4961,112
2020-07-24,Santa Barbara,083,443738,6367,5776,60,5836,30
2020-07-24,Santa Clara,085,1922200,11625,8658,29,8687,165
2020-07-24,Santa Cruz,087,273765,1180,930,8,938,4
2020-07-24,Shasta,089,179085,438,262,1,263,8
2020-07-24,Sierra,091,2930,2,1,0,1,0
2020-07-24,Siskiyou,093,43540,84,53,0,53,0
2020-07-24,Solano,095,438530,3942,3062,15,3077,29
2020-07-24,Sonoma,097,501317,3307,2345,6,2351,20
2020-07-24,Stanislaus,099,539301,10414,7861,12,7873,82
2020-07-24,Sutter,101,95872,742,593,0,593,2
2020-07-24,Tehama,103,63373,245,170,2,172,1
2020-07-24,Trinity,105,12862,25,3,6,9,0
2020-07-24,Tulare,107,460477,10287,8167,33,8200,167
2020-07-24,Tuolumne,109,53932,138,99,2,101,0
2020-07-24,Ventura,111,848112,8090,6553,28,6581,60
2020-07-24,Yolo,113,214977,1703,1329,3,1332,35
2020-07-24,Yuba,115,75493,410,307,0,307,1
2020-07-23,Alameda,001,1643700,12339,9924,39,9963,171
2020-07-23,Alpine,003,1148,2,2,0,2,0
2020-07-23,Amador,005,37829,120,61,0,61,0
2020-07-23,Butte,007,227075,1003,726,11,737,5
2020-07-23,Calaveras,009,45235,116,102,0,102,0
2020-07-23,Colusa,011,21464,329,242,0,242,2
2020-07-23,Contra Costa,013,1133247,8952,6619,25,6644,98
2020-07-23,Del Norte,015,27424,84,66,0,66,0
2020-07-23,El Dorado,017,186661,704,491,2,493,1
2020-07-23,Fresno,019,978130,19485,12164,173,12337,112
2020-07-23,Glenn,021,27897,344,246,0,246,1
2020-07-23,Humboldt,023,135768,240,208,1,209,4
2020-07-23,Imperial,025,180216,9994,7604,5,7609,138
2020-07-23,Inyo,027,18085,53,38,1,39,1
2020-07-23,Kern,029,883053,22150,14491,104,14595,128
2020-07-23,Kings,031,150075,4194,3371,25,3396,39
2020-07-23,Lake,033,64148,200,160,0,160,1
2020-07-23,Lassen,035,31185,571,503,2,505,0
2020-07-23,Los Angeles,037,10098052,186770,167198,418,167616,4265
2020-07-23,Madera,039,155013,2408,1659,4,1663,13
2020-07-23,Marin,041,260295,5054,4423,5,4428,22
2020-07-23,Mariposa,043,17540,55,40,0,40,1
2020-07-23,Mendocino,045,87422,250,178,0,178,0
2020-07-23,Merced,047,269075,4879,2972,2,2974,22
2020-07-23,Modoc,049,8938,3,0,0,0,0
2020-07-23,Mono,051,14174,131,82,1,83,1
2020-07-23,Monterey,053,433212,4669,3655,14,3669,21
2020-07-23,Napa,055,140530,1026,713,0,713,5
2020-07-23,Nevada,057,99092,314,247,13,260,1
2020-07-23,Orange,059,3164182,40490,32863,687,33550,544
2020-07-23,Placer,061,380077,2005,1519,3,1522,12
2020-07-23,Plumas,063,18699,32,21,0,21,0
2020-07-23,Riverside,065,2383286,41185,33833,40,33873,630
2020-07-23,Sacramento,067,1510023,11123,8222,12,8234,108
2020-07-23,San Benito,069,59416,619,478,0,478,2
2020-07-23,San Bernardino,071,2135413,36417,28121,134,28255,369
2020-07-23,San Diego,073,3302833,29957,25109,3,25112,505
2020-07-23,San Francisco,075,870044,6648,5543,7,5550,55
2020-07-23,San Joaquin,077,732212,13031,9861,6,9867,111
2020-07-23,San Luis Obispo,079,281455,1905,1438,9,1447,7
2020-07-23,San Mateo,081,765935,5878,4895,7,4902,113
2020-07-23,Santa Barbara,083,443738,6294,5628,60,5688,30
2020-07-23,Santa Clara,085,1922200,11407,8458,29,8487,165
2020-07-23,Santa Cruz,087,273765,1144,887,8,895,3
2020-07-23,Shasta,089,179085,427,254,1,255,9
2020-07-23,Sierra,091,2930,2,1,0,1,0
2020-07-23,Siskiyou,093,43540,82,53,0,53,0
2020-07-23,Solano,095,438530,3878,2962,13,2975,29
2020-07-23,Sonoma,097,501317,3231,2289,6,2295,18
2020-07-23,Stanislaus,099,539301,10172,7603,12,7615,71
2020-07-23,Sutter,101,95872,709,570,0,570,2
2020-07-23,Tehama,103,63373,239,158,2,160,1
2020-07-23,Trinity,105,12862,24,3,6,9,0
2020-07-23,Tulare,107,460477,10098,7898,33,7931,168
2020-07-23,Tuolumne,109,53932,138,93,2,95,0
2020-07-23,Ventura,111,848112,7966,6303,28,6331,56
2020-07-23,Yolo,113,214977,1684,1279,3,1282,35
2020-07-23,Yuba,115,75493,390,297,0,297,1
2020-07-22,Alameda,001,1643700,12120,9678,38,9716,169
2020-07-22,Alpine,003,1148,2,2,0,2,0
2020-07-22,Amador,005,37829,118,58,0,58,0
2020-07-22,Butte,007,227075,967,694,11,705,5
2020-07-22,Calaveras,009,45235,116,98,0,98,0
2020-07-22,Colusa,011,21464,322,236,0,236,0
2020-07-22,Contra Costa,013,1133247,8726,6401,25,6426,98
2020-07-22,Del Norte,015,27424,84,66,0,66,0
2020-07-22,El Dorado,017,186661,691,466,2,468,1
2020-07-22,Fresno,019,978130,19122,11756,167,11923,110
2020-07-22,Glenn,021,27897,338,236,0,236,1
2020-07-22,Humboldt,023,135768,238,201,1,202,4
2020-07-22,Imperial,025,180216,9934,7533,5,7538,134
2020-07-22,Inyo,027,18085,49,38,1,39,1
2020-07-22,Kern,029,883053,21718,13513,96,13609,127
2020-07-22,Kings,031,150075,4138,3271,25,3296,38
2020-07-22,Lake,033,64148,197,160,0,160,1
2020-07-22,Lassen,035,31185,568,500,2,502,0
2020-07-22,Los Angeles,037,10098052,184120,165242,395,165637,4218
2020-07-22,Madera,039,155013,2333,1578,4,1582,10
2020-07-22,Marin,041,260295,4998,4373,5,4378,23
2020-07-22,Mariposa,043,17540,55,38,0,38,1
2020-07-22,Mendocino,045,87422,243,166,0,166,0
2020-07-22,Merced,047,269075,4753,2828,2,2830,15
2020-07-22,Modoc,049,8938,3,0,0,0,0
2020-07-22,Mono,051,14174,128,82,1,83,1
2020-07-22,Monterey,053,433212,4568,3533,14,3547,20
2020-07-22,Napa,055,140530,1004,687,0,687,5
2020-07-22,Nevada,057,99092,308,239,12,251,1
2020-07-22,Orange,059,3164182,39991,32047,678,32725,522
2020-07-22,Placer,061,380077,1949,1469,3,1472,12
2020-07-22,Plumas,063,18699,31,20,0,20,0
2020-07-22,Riverside,065,2383286,40549,33093,40,33133,612
2020-07-22,Sacramento,067,1510023,10861,8028,11,8039,106
2020-07-22,San Benito,069,59416,605,465,0,465,2
2020-07-22,San Bernardino,071,2135413,35895,26820,123,26943,348
2020-07-22,San Diego,073,3302833,29569,25109,2,25111,505
2020-07-22,San Francisco,075,870044,6544,5473,6,5479,53
2020-07-22,San Joaquin,077,732212,12755,9628,6,9634,102
2020-07-22,San Luis Obispo,079,281455,1859,1373,9,1382,7
2020-07-22,San Mateo,081,765935,5789,4796,7,4803,112
2020-07-22,Santa Barbara,083,443738,6210,5508,58,5566,29
2020-07-22,Santa Clara,085,1922200,11162,8266,29,8295,166
2020-07-22,Santa Cruz,087,273765,1120,866,8,874,3
2020-07-22,Shasta,089,179085,417,246,1,247,9
2020-07-22,Sierra,091,2930,1,1,0,1,0
2020-07-22,Siskiyou,093,43540,81,52,0,52,0
2020-07-22,Solano,095,438530,3817,2839,12,2851,29
2020-07-22,Sonoma,097,501317,3154,2255,6,2261,17
2020-07-22,Stanislaus,099,539301,10001,7401,12,7413,71
2020-07-22,Sutter,101,95872,685,551,0,551,2
2020-07-22,Tehama,103,63373,231,155,2,157,1
2020-07-22,Trinity,105,12862,23,3,6,9,0
2020-07-22,Tulare,107,460477,9865,7640,33,7673,167
2020-07-22,Tuolumne,109,53932,134,91,2,93,0
2020-07-22,Ventura,111,848112,7838,6223,26,6249,56
2020-07-22,Yolo,113,214977,1641,1233,3,1236,34
2020-07-22,Yuba,115,75493,375,288,0,288,1
2020-07-21,Alameda,001,1643700,11906,9390,38,9428,166
2020-07-21,Alpine,003,1148,2,2,0,2,0
2020-07-21,Amador,005,37829,113,55,0,55,0
2020-07-21,Butte,007,227075,922,659,10,669,5
2020-07-21,Calaveras,009,45235,110,96,0,96,0
2020-07-21,Colusa,011,21464,298,227,0,227,0
2020-07-21,Contra Costa,013,1133247,8484,6210,25,6235,98
2020-07-21,Del Norte,015,27424,84,66,0,66,0
2020-07-21,El Dorado,017,186661,683,440,2,442,1
2020-07-21,Fresno,019,978130,18723,11412,161,11573,107
2020-07-21,Glenn,021,27897,331,229,0,229,1
2020-07-21,Humboldt,023,135768,236,198,1,199,4
2020-07-21,Imperial,025,180216,9885,7458,5,7463,128
2020-07-21,Inyo,027,18085,48,38,1,39,1
2020-07-21,Kern,029,883053,21296,11998,90,12088,119
2020-07-21,Kings,031,150075,4073,3187,24,3211,38
2020-07-21,Lake,033,64148,197,157,0,157,1
2020-07-21,Lassen,035,31185,566,474,2,476,0
2020-07-21,Los Angeles,037,10098052,181135,162205,372,162577,4159
2020-07-21,Madera,039,155013,2268,1508,3,1511,10
2020-07-21,Marin,041,260295,4926,4318,5,4323,21
2020-07-21,Mariposa,043,17540,54,37,0,37,1
2020-07-21,Mendocino,045,87422,232,160,0,160,0
2020-07-21,Merced,047,269075,4574,2725,2,2727,15
2020-07-21,Modoc,049,8938,3,0,0,0,0
2020-07-21,Mono,051,14174,124,79,1,80,1
2020-07-21,Monterey,053,433212,4436,3404,13,3417,20
2020-07-21,Napa,055,140530,977,660,0,660,5
2020-07-21,Nevada,057,99092,306,228,10,238,1
2020-07-21,Orange,059,3164182,39494,31356,646,32002,515
2020-07-21,Placer,061,380077,1908,1413,3,1416,11
2020-07-21,Plumas,063,18699,31,19,0,19,0
2020-07-21,Riverside,065,2383286,39847,32231,40,32271,583
2020-07-21,Sacramento,067,1510023,10589,7789,10,7799,102
2020-07-21,San Benito,069,59416,594,444,0,444,2
2020-07-21,San Bernardino,071,2135413,35246,25323,116,25439,343
2020-07-21,San Diego,073,3302833,29120,24522,2,24524,487
2020-07-21,San Francisco,075,870044,6435,5377,6,5383,53
2020-07-21,San Joaquin,077,732212,12426,9150,6,9156,99
2020-07-21,San Luis Obispo,079,281455,1810,1338,9,1347,7
2020-07-21,San Mateo,081,765935,5697,4733,7,4740,111
2020-07-21,Santa Barbara,083,443738,6130,5422,57,5479,29
2020-07-21,Santa Clara,085,1922200,10899,7989,29,8018,164
2020-07-21,Santa Cruz,087,273765,1087,835,8,843,3
2020-07-21,Shasta,089,179085,409,241,1,242,9
2020-07-21,Sierra,091,2930,1,1,0,1,0
2020-07-21,Siskiyou,093,43540,81,48,0,48,0
2020-07-21,Solano,095,438530,3744,2727,12,2739,27
2020-07-21,Sonoma,097,501317,3097,2200,6,2206,17
2020-07-21,Stanislaus,099,539301,9738,6984,12,6996,69
2020-07-21,Sutter,101,95872,669,533,0,533,2
2020-07-21,Tehama,103,63373,221,150,2,152,1
2020-07-21,Trinity,105,12862,23,2,6,8,0
2020-07-21,Tulare,107,460477,9663,7447,33,7480,167
2020-07-21,Tuolumne,109,53932,132,75,2,77,0
2020-07-21,Ventura,111,848112,7706,6131,26,6157,55
2020-07-21,Yolo,113,214977,1587,1204,3,1207,34
2020-07-21,Yuba,115,75493,369,269,0,269,1
2020-07-20,Alameda,001,1643700,11652,9244,37,9281,162
2020-07-20,Alpine,003,1148,2,2,0,2,0
2020-07-20,Amador,005,37829,110,53,0,53,0
2020-07-20,Butte,007,227075,885,586,10,596,4
2020-07-20,Calaveras,009,45235,107,90,0,90,0
2020-07-20,Colusa,011,21464,287,217,0,217,0
2020-07-20,Contra Costa,013,1133247,8276,5823,25,5848,97
2020-07-20,Del Norte,015,27424,84,61,0,61,0
2020-07-20,El Dorado,017,186661,660,407,2,409,0
2020-07-20,Fresno,019,978130,18282,10891,160,11051,106
2020-07-20,Glenn,021,27897,323,225,0,225,1
2020-07-20,Humboldt,023,135768,229,194,1,195,4
2020-07-20,Imperial,025,180216,9845,7337,5,7342,124
2020-07-20,Inyo,027,18085,46,38,1,39,1
2020-07-20,Kern,029,883053,20786,10908,86,10994,118
2020-07-20,Kings,031,150075,4023,3093,24,3117,37
2020-07-20,Lake,033,64148,194,147,0,147,1
2020-07-20,Lassen,035,31185,564,474,2,476,0
2020-07-20,Los Angeles,037,10098052,178175,159202,345,159547,4108
2020-07-20,Madera,039,155013,2193,1433,3,1436,10
2020-07-20,Marin,041,260295,4844,4255,5,4260,21
2020-07-20,Mariposa,043,17540,53,36,0,36,1
2020-07-20,Mendocino,045,87422,219,153,0,153,0
2020-07-20,Merced,047,269075,4404,2584,2,2586,15
2020-07-20,Modoc,049,8938,3,0,0,0,0
2020-07-20,Mono,051,14174,118,78,1,79,1
2020-07-20,Monterey,053,433212,4330,3205,13,3218,19
2020-07-20,Napa,055,140530,942,632,0,632,5
2020-07-20,Nevada,057,99092,298,218,10,228,1
2020-07-20,Orange,059,3164182,38884,30337,616,30953,507
2020-07-20,Placer,061,380077,1856,1364,3,1367,11
2020-07-20,Plumas,063,18699,30,17,0,17,0
2020-07-20,Riverside,065,2383286,39016,31163,40,31203,581
2020-07-20,Sacramento,067,1510023,10261,7369,10,7379,99
2020-07-20,San Benito,069,59416,576,433,0,433,2
2020-07-20,San Bernardino,071,2135413,34435,24226,112,24338,338
2020-07-20,San Diego,073,3302833,28678,24137,2,24139,478
2020-07-20,San Francisco,075,870044,6314,5090,6,5096,53
2020-07-20,San Joaquin,077,732212,12070,8583,6,8589,97
2020-07-20,San Luis Obispo,079,281455,1768,1282,9,1291,6
2020-07-20,San Mateo,081,765935,5596,4609,7,4616,111
2020-07-20,Santa Barbara,083,443738,6020,5266,55,5321,29
2020-07-20,Santa Clara,085,1922200,10670,7711,28,7739,164
2020-07-20,Santa Cruz,087,273765,1055,758,8,766,3
2020-07-20,Shasta,089,179085,394,233,1,234,9
2020-07-20,Sierra,091,2930,1,1,0,1,0
2020-07-20,Siskiyou,093,43540,77,42,0,42,0
2020-07-20,Solano,095,438530,3661,2537,12,2549,26
2020-07-20,Sonoma,097,501317,2990,2148,6,2154,17
2020-07-20,Stanislaus,099,539301,9455,6835,12,6847,58
2020-07-20,Sutter,101,95872,636,507,0,507,2
2020-07-20,Tehama,103,63373,211,146,2,148,1
2020-07-20,Trinity,105,12862,23,2,6,8,0
2020-07-20,Tulare,107,460477,9429,6974,33,7007,166
2020-07-20,Tuolumne,109,53932,131,75,2,77,0
2020-07-20,Ventura,111,848112,7572,5912,26,5938,52
2020-07-20,Yolo,113,214977,1547,1155,3,1158,30
2020-07-20,Yuba,115,75493,349,258,0,258,1
2020-07-19,Alameda,001,1643700,11412,9227,31,9258,162
2020-07-19,Alpine,003,1148,2,2,0,2,0
2020-07-19,Amador,005,37829,103,51,0,51,0
2020-07-19,Butte,007,227075,860,555,10,565,4
2020-07-19,Calaveras,009,45235,105,89,0,89,0
2020-07-19,Colusa,011,21464,279,187,0,187,0
2020-07-19,Contra Costa,013,1133247,7985,5691,23,5714,95
2020-07-19,Del Norte,015,27424,83,61,0,61,0
2020-07-19,El Dorado,017,186661,642,385,2,387,0
2020-07-19,Fresno,019,978130,17758,10639,148,10787,106
2020-07-19,Glenn,021,27897,309,215,0,215,0
2020-07-19,Humboldt,023,135768,221,195,1,196,4
2020-07-19,Imperial,025,180216,9754,7280,5,7285,124
2020-07-19,Inyo,027,18085,42,38,1,39,1
2020-07-19,Kern,029,883053,20169,10094,79,10173,115
2020-07-19,Kings,031,150075,3937,3035,24,3059,37
2020-07-19,Lake,033,64148,189,144,0,144,1
2020-07-19,Lassen,035,31185,545,474,2,476,0
2020-07-19,Los Angeles,037,10098052,174733,156039,322,156361,4100
2020-07-19,Madera,039,155013,2116,1301,3,1304,10
2020-07-19,Marin,041,260295,4789,4172,5,4177,21
2020-07-19,Mariposa,043,17540,49,35,0,35,1
2020-07-19,Mendocino,045,87422,214,137,0,137,0
2020-07-19,Merced,047,269075,4197,2460,2,2462,15
2020-07-19,Modoc,049,8938,3,0,0,0,0
2020-07-19,Mono,051,14174,107,63,1,64,1
2020-07-19,Monterey,053,433212,4210,3079,13,3092,18
2020-07-19,Napa,055,140530,913,612,0,612,5
2020-07-19,Nevada,057,99092,292,210,10,220,1
2020-07-19,Orange,059,3164182,38320,29941,603,30544,505
2020-07-19,Placer,061,380077,1808,1246,3,1249,11
2020-07-19,Plumas,063,18699,30,17,0,17,0
2020-07-19,Riverside,065,2383286,38311,30340,40,30380,581
2020-07-19,Sacramento,067,1510023,9869,6985,10,6995,97
2020-07-19,San Benito,069,59416,560,412,0,412,2
2020-07-19,San Bernardino,071,2135413,33661,23928,100,24028,337
2020-07-19,San Diego,073,3302833,28177,23684,2,23686,478
2020-07-19,San Francisco,075,870044,6168,5094,6,5100,52
2020-07-19,San Joaquin,077,732212,11664,8308,6,8314,93
2020-07-19,San Luis Obispo,079,281455,1724,1262,8,1270,6
2020-07-19,San Mateo,081,765935,5490,4522,7,4529,110
2020-07-19,Santa Barbara,083,443738,5918,5145,52,5197,29
2020-07-19,Santa Clara,085,1922200,10426,7403,28,7431,164
2020-07-19,Santa Cruz,087,273765,1011,753,8,761,3
2020-07-19,Shasta,089,179085,381,218,1,219,9
2020-07-19,Sierra,091,2930,1,1,0,1,0
2020-07-19,Siskiyou,093,43540,75,42,0,42,0
2020-07-19,Solano,095,438530,3556,2551,12,2563,26
2020-07-19,Sonoma,097,501317,2890,2074,6,2080,17
2020-07-19,Stanislaus,099,539301,9159,6508,12,6520,58
2020-07-19,Sutter,101,95872,605,480,0,480,2
2020-07-19,Tehama,103,63373,207,138,2,140,1
2020-07-19,Trinity,105,12862,23,2,6,8,0
2020-07-19,Tulare,107,460477,9181,6856,33,6889,166
2020-07-19,Tuolumne,109,53932,126,75,2,77,0
2020-07-19,Ventura,111,848112,7382,5706,26,5732,52
2020-07-19,Yolo,113,214977,1507,1127,3,1130,30
2020-07-19,Yuba,115,75493,329,240,0,240,1
2020-07-18,Alameda,001,1643700,11275,9089,30,9119,162
2020-07-18,Alpine,003,1148,2,2,0,2,0
2020-07-18,Amador,005,37829,99,49,0,49,0
2020-07-18,Butte,007,227075,851,551,10,561,4
2020-07-18,Calaveras,009,45235,101,89,0,89,0
2020-07-18,Colusa,011,21464,274,182,0,182,0
2020-07-18,Contra Costa,013,1133247,7851,5617,23,5640,95
2020-07-18,Del Norte,015,27424,83,61,0,61,0
2020-07-18,El Dorado,017,186661,639,385,2,387,0
2020-07-18,Fresno,019,978130,17509,10381,146,10527,106
2020-07-18,Glenn,021,27897,303,212,0,212,0
2020-07-18,Humboldt,023,135768,218,189,1,190,4
2020-07-18,Imperial,025,180216,9723,7268,5,7273,124
2020-07-18,Inyo,027,18085,42,38,1,39,1
2020-07-18,Kern,029,883053,19866,9250,76,9326,114
2020-07-18,Kings,031,150075,3897,2996,23,3019,37
2020-07-18,Lake,033,64148,186,142,0,142,1
2020-07-18,Lassen,035,31185,544,474,2,476,0
2020-07-18,Los Angeles,037,10098052,173287,153265,311,153576,4088
2020-07-18,Madera,039,155013,2070,1260,3,1263,9
2020-07-18,Marin,041,260295,4760,4089,5,4094,21
2020-07-18,Mariposa,043,17540,49,35,0,35,1
2020-07-18,Mendocino,045,87422,208,137,0,137,0
2020-07-18,Merced,047,269075,4078,2424,2,2426,15
2020-07-18,Modoc,049,8938,3,0,0,0,0
2020-07-18,Mono,051,14174,105,54,1,55,1
2020-07-18,Monterey,053,433212,4142,3020,13,3033,17
2020-07-18,Napa,055,140530,902,609,0,609,5
2020-07-18,Nevada,057,99092,288,204,9,213,1
2020-07-18,Orange,059,3164182,38001,29603,582,30185,493
2020-07-18,Placer,061,380077,1785,1233,3,1236,11
2020-07-18,Plumas,063,18699,30,17,0,17,0
2020-07-18,Riverside,065,2383286,37957,30245,39,30284,581
2020-07-18,Sacramento,067,1510023,9624,6739,10,6749,95
2020-07-18,San Benito,069,59416,545,407,0,407,2
2020-07-18,San Bernardino,071,2135413,33201,23680,93,23773,336
2020-07-18,San Diego,073,3302833,27874,23116,2,23118,478
2020-07-18,San Francisco,075,870044,6066,5051,6,5057,52
2020-07-18,San Joaquin,077,732212,11451,8118,6,8124,93
2020-07-18,San Luis Obispo,079,281455,1689,1234,8,1242,6
2020-07-18,San Mateo,081,765935,5430,4488,7,4495,110
2020-07-18,Santa Barbara,083,443738,5858,5110,50,5160,29
2020-07-18,Santa Clara,085,1922200,10276,7255,27,7282,164
2020-07-18,Santa Cruz,087,273765,994,751,8,759,3
2020-07-18,Shasta,089,179085,372,216,1,217,9
2020-07-18,Sierra,091,2930,1,1,0,1,0
2020-07-18,Siskiyou,093,43540,71,42,0,42,0
2020-07-18,Solano,095,438530,3515,2503,12,2515,26
2020-07-18,Sonoma,097,501317,2839,2019,6,2025,15
2020-07-18,Stanislaus,099,539301,9024,6344,12,6356,58
2020-07-18,Sutter,101,95872,599,473,0,473,2
2020-07-18,Tehama,103,63373,202,136,2,138,1
2020-07-18,Trinity,105,12862,23,2,6,8,0
2020-07-18,Tulare,107,460477,9090,6810,32,6842,167
2020-07-18,Tuolumne,109,53932,123,75,2,77,0
2020-07-18,Ventura,111,848112,7300,5630,26,5656,52
2020-07-18,Yolo,113,214977,1479,1077,3,1080,30
2020-07-18,Yuba,115,75493,318,237,0,237,1
2020-07-17,Alameda,001,1643700,11135,8893,29,8922,160
2020-07-17,Alpine,003,1148,2,1,0,1,0
2020-07-17,Amador,005,37829,97,48,0,48,0
2020-07-17,Butte,007,227075,837,497,10,507,4
2020-07-17,Calaveras,009,45235,99,86,0,86,0
2020-07-17,Colusa,011,21464,272,146,0,146,0
2020-07-17,Contra Costa,013,1133247,7703,5483,23,5506,93
2020-07-17,Del Norte,015,27424,82,60,0,60,0
2020-07-17,El Dorado,017,186661,623,368,2,370,0
2020-07-17,Fresno,019,978130,17211,9954,146,10100,104
2020-07-17,Glenn,021,27897,296,203,0,203,0
2020-07-17,Humboldt,023,135768,217,185,1,186,4
2020-07-17,Imperial,025,180216,9701,7193,5,7198,120
2020-07-17,Inyo,027,18085,42,38,1,39,1
2020-07-17,Kern,029,883053,19546,8291,75,8366,113
2020-07-17,Kings,031,150075,3858,2978,23,3001,37
2020-07-17,Lake,033,64148,184,139,0,139,1
2020-07-17,Lassen,035,31185,525,391,2,393,0
2020-07-17,Los Angeles,037,10098052,170916,150481,299,150780,4052
2020-07-17,Madera,039,155013,2026,1214,3,1217,9
2020-07-17,Marin,041,260295,4723,3839,5,3844,21
2020-07-17,Mariposa,043,17540,47,35,0,35,1
2020-07-17,Mendocino,045,87422,200,126,0,126,0
2020-07-17,Merced,047,269075,4002,2328,2,2330,12
2020-07-17,Modoc,049,8938,2,0,0,0,0
2020-07-17,Mono,051,14174,100,54,1,55,1
2020-07-17,Monterey,053,433212,4013,2922,13,2935,18
2020-07-17,Napa,055,140530,888,598,0,598,5
2020-07-17,Nevada,057,99092,281,200,9,209,1
2020-07-17,Orange,059,3164182,37538,28962,549,29511,485
2020-07-17,Placer,061,380077,1756,1207,3,1210,11
2020-07-17,Plumas,063,18699,27,16,0,16,0
2020-07-17,Riverside,065,2383286,37358,29639,39,29678,580
2020-07-17,Sacramento,067,1510023,9380,6563,10,6573,95
2020-07-17,San Benito,069,59416,530,399,0,399,2
2020-07-17,San Bernardino,071,2135413,32681,23057,90,23147,322
2020-07-17,San Diego,073,3302833,27486,22491,2,22493,472
2020-07-17,San Francisco,075,870044,5972,4967,6,4973,52
2020-07-17,San Joaquin,077,732212,11207,7925,6,7931,86
2020-07-17,San Luis Obispo,079,281455,1652,1190,8,1198,6
2020-07-17,San Mateo,081,765935,5333,4407,7,4414,110
2020-07-17,Santa Barbara,083,443738,5786,5001,49,5050,29
2020-07-17,Santa Clara,085,1922200,10058,7080,27,7107,164
2020-07-17,Santa Cruz,087,273765,972,716,8,724,3
2020-07-17,Shasta,089,179085,360,213,1,214,8
2020-07-17,Sierra,091,2930,1,1,0,1,0
2020-07-17,Siskiyou,093,43540,70,40,0,40,0
2020-07-17,Solano,095,438530,3466,2452,12,2464,26
2020-07-17,Sonoma,097,501317,2790,1982,6,1988,15
2020-07-17,Stanislaus,099,539301,8850,6220,12,6232,56
2020-07-17,Sutter,101,95872,586,458,0,458,2
2020-07-17,Tehama,103,63373,198,128,2,130,1
2020-07-17,Trinity,105,12862,23,2,6,8,0
2020-07-17,Tulare,107,460477,8954,6671,32,6703,166
2020-07-17,Tuolumne,109,53932,122,73,2,75,0
2020-07-17,Ventura,111,848112,7216,5451,26,5477,51
2020-07-17,Yolo,113,214977,1455,1055,3,1058,30
2020-07-17,Yuba,115,75493,308,231,0,231,1
2020-07-16,Alameda,001,1643700,10901,8719,24,8743,153
2020-07-16,Alpine,003,1148,2,1,0,1,0
2020-07-16,Amador,005,37829,94,46,0,46,0
2020-07-16,Butte,007,227075,800,465,9,474,4
2020-07-16,Calaveras,009,45235,97,82,0,82,0
2020-07-16,Colusa,011,21464,263,140,0,140,0
2020-07-16,Contra Costa,013,1133247,7491,5338,17,5355,91
2020-07-16,Del Norte,015,27424,82,60,0,60,0
2020-07-16,El Dorado,017,186661,606,357,2,359,0
2020-07-16,Fresno,019,978130,16700,9481,137,9618,101
2020-07-16,Glenn,021,27897,287,190,0,190,0
2020-07-16,Humboldt,023,135768,215,184,1,185,4
2020-07-16,Imperial,025,180216,9607,7148,5,7153,113
2020-07-16,Inyo,027,18085,42,38,1,39,1
2020-07-16,Kern,029,883053,19024,7435,73,7508,112
2020-07-16,Kings,031,150075,3691,2937,23,2960,37
2020-07-16,Lake,033,64148,179,128,0,128,1
2020-07-16,Lassen,035,31185,524,355,2,357,0
2020-07-16,Los Angeles,037,10098052,167697,147759,274,148033,3994
2020-07-16,Madera,039,155013,1962,1192,3,1195,8
2020-07-16,Marin,041,260295,4651,3546,5,3551,21
2020-07-16,Mariposa,043,17540,45,34,0,34,1
2020-07-16,Mendocino,045,87422,195,121,0,121,0
2020-07-16,Merced,047,269075,3840,2228,2,2230,12
2020-07-16,Modoc,049,8938,1,0,0,0,0
2020-07-16,Mono,051,14174,97,53,1,54,1
2020-07-16,Monterey,053,433212,3908,2857,12,2869,18
2020-07-16,Napa,055,140530,859,581,0,581,5
2020-07-16,Nevada,057,99092,278,191,9,200,1
2020-07-16,Orange,059,3164182,36837,28525,513,29038,471
2020-07-16,Placer,061,380077,1708,1168,3,1171,11
2020-07-16,Plumas,063,18699,25,16,0,16,0
2020-07-16,Riverside,065,2383286,36613,28904,37,28941,577
2020-07-16,Sacramento,067,1510023,9067,6440,9,6449,91
2020-07-16,San Benito,069,59416,513,389,0,389,2
2020-07-16,San Bernardino,071,2135413,31820,22355,72,22427,321
2020-07-16,San Diego,073,3302833,26999,21857,2,21859,465
2020-07-16,San Francisco,075,870044,5831,4838,6,4844,52
2020-07-16,San Joaquin,077,732212,10844,7713,6,7719,82
2020-07-16,San Luis Obispo,079,281455,1608,1146,8,1154,6
2020-07-16,San Mateo,081,765935,5229,4336,7,4343,110
2020-07-16,Santa Barbara,083,443738,5691,4872,48,4920,28
2020-07-16,Santa Clara,085,1922200,9778,6990,25,7015,164
2020-07-16,Santa Cruz,087,273765,931,698,8,706,3
2020-07-16,Shasta,089,179085,345,208,1,209,7
2020-07-16,Sierra,091,2930,1,1,0,1,0
2020-07-16,Siskiyou,093,43540,67,39,0,39,0
2020-07-16,Solano,095,438530,3372,2372,12,2384,25
2020-07-16,Sonoma,097,501317,2700,1954,6,1960,14
2020-07-16,Stanislaus,099,539301,8567,6077,11,6088,56
2020-07-16,Sutter,101,95872,570,444,0,444,2
2020-07-16,Tehama,103,63373,188,126,2,128,1
2020-07-16,Trinity,105,12862,23,2,5,7,0
2020-07-16,Tulare,107,460477,8738,6467,31,6498,163
2020-07-16,Tuolumne,109,53932,117,71,2,73,0
2020-07-16,Ventura,111,848112,7054,5231,26,5257,50
2020-07-16,Yolo,113,214977,1413,1034,3,1037,29
2020-07-16,Yuba,115,75493,290,221,0,221,1
2020-07-15,Alameda,001,1643700,10696,8615,19,8634,153
2020-07-15,Alpine,003,1148,2,1,0,1,0
2020-07-15,Amador,005,37829,73,44,0,44,0
2020-07-15,Butte,007,227075,758,420,9,429,4
2020-07-15,Calaveras,009,45235,97,75,0,75,0
2020-07-15,Colusa,011,21464,258,135,0,135,0
2020-07-15,Contra Costa,013,1133247,7260,5246,17,5263,90
2020-07-15,Del Norte,015,27424,81,60,0,60,0
2020-07-15,El Dorado,017,186661,582,339,2,341,0
2020-07-15,Fresno,019,978130,16226,9124,130,9254,101
2020-07-15,Glenn,021,27897,278,184,0,184,0
2020-07-15,Humboldt,023,135768,213,181,1,182,4
2020-07-15,Imperial,025,180216,9540,7110,5,7115,110
2020-07-15,Inyo,027,18085,42,36,1,37,1
2020-07-15,Kern,029,883053,18404,7155,70,7225,108
2020-07-15,Kings,031,150075,3630,2906,23,2929,37
2020-07-15,Lake,033,64148,177,122,0,122,1
2020-07-15,Lassen,035,31185,520,319,2,321,0
2020-07-15,Los Angeles,037,10098052,164232,143343,259,143602,3946
2020-07-15,Madera,039,155013,1893,1147,3,1150,4
2020-07-15,Marin,041,260295,4596,3458,5,3463,21
2020-07-15,Mariposa,043,17540,45,34,0,34,1
2020-07-15,Mendocino,045,87422,192,119,0,119,0
2020-07-15,Merced,047,269075,3690,2156,2,2158,12
2020-07-15,Modoc,049,8938,1,0,0,0,0
2020-07-15,Mono,051,14174,95,52,1,53,1
2020-07-15,Monterey,053,433212,3796,2780,12,2792,18
2020-07-15,Napa,055,140530,833,573,0,573,5
2020-07-15,Nevada,057,99092,274,185,7,192,1
2020-07-15,Orange,059,3164182,36037,27718,479,28197,454
2020-07-15,Placer,061,380077,1650,1145,3,1148,11
2020-07-15,Plumas,063,18699,25,16,0,16,0
2020-07-15,Riverside,065,2383286,35831,28492,35,28527,568
2020-07-15,Sacramento,067,1510023,8686,6217,9,6226,91
2020-07-15,San Benito,069,59416,504,388,0,388,2
2020-07-15,San Bernardino,071,2135413,31031,21508,56,21564,317
2020-07-15,San Diego,073,3302833,26532,21448,2,21450,448
2020-07-15,San Francisco,075,870044,5717,4757,6,4763,50
2020-07-15,San Joaquin,077,732212,10412,7381,5,7386,75
2020-07-15,San Luis Obispo,079,281455,1565,1097,8,1105,6
2020-07-15,San Mateo,081,765935,5116,4258,7,4265,109
2020-07-15,Santa Barbara,083,443738,5577,4733,48,4781,28
2020-07-15,Santa Clara,085,1922200,9474,6900,25,6925,164
2020-07-15,Santa Cruz,087,273765,895,660,7,667,3
2020-07-15,Shasta,089,179085,336,193,1,194,7
2020-07-15,Sierra,091,2930,1,1,0,1,0
2020-07-15,Siskiyou,093,43540,66,38,0,38,0
2020-07-15,Solano,095,438530,3277,2343,12,2355,25
2020-07-15,Sonoma,097,501317,2602,1920,6,1926,14
2020-07-15,Stanislaus,099,539301,8270,5777,11,5788,56
2020-07-15,Sutter,101,95872,544,433,0,433,2
2020-07-15,Tehama,103,63373,180,126,2,128,1
2020-07-15,Trinity,105,12862,22,2,5,7,0
2020-07-15,Tulare,107,460477,8527,6320,30,6350,156
2020-07-15,Tuolumne,109,53932,110,68,2,70,0
2020-07-15,Ventura,111,848112,6877,5087,26,5113,50
2020-07-15,Yolo,113,214977,1380,1002,3,1005,27
2020-07-15,Yuba,115,75493,278,221,0,221,1
2020-07-14,Alameda,001,1643700,10354,8388,13,8401,151
2020-07-14,Alpine,003,1148,2,1,0,1,0
2020-07-14,Amador,005,37829,69,44,0,44,0
2020-07-14,Butte,007,227075,712,382,9,391,4
2020-07-14,Calaveras,009,45235,95,74,0,74,0
2020-07-14,Colusa,011,21464,248,128,0,128,0
2020-07-14,Contra Costa,013,1133247,7023,5110,15,5125,90
2020-07-14,Del Norte,015,27424,80,60,0,60,0
2020-07-14,El Dorado,017,186661,567,324,2,326,0
2020-07-14,Fresno,019,978130,15806,8941,125,9066,98
2020-07-14,Glenn,021,27897,268,177,0,177,0
2020-07-14,Humboldt,023,135768,210,175,1,176,4
2020-07-14,Imperial,025,180216,9412,7095,5,7100,109
2020-07-14,Inyo,027,18085,42,35,1,36,1
2020-07-14,Kern,029,883053,17645,6979,57,7036,107
2020-07-14,Kings,031,150075,3563,2867,22,2889,37
2020-07-14,Lake,033,64148,171,120,0,120,1
2020-07-14,Lassen,035,31185,503,263,2,265,0
2020-07-14,Los Angeles,037,10098052,161097,140632,230,140862,3900
2020-07-14,Madera,039,155013,1819,1118,3,1121,4
2020-07-14,Marin,041,260295,4482,3451,5,3456,21
2020-07-14,Mariposa,043,17540,41,32,0,32,1
2020-07-14,Mendocino,045,87422,184,110,0,110,0
2020-07-14,Merced,047,269075,3511,2084,2,2086,12
2020-07-14,Modoc,049,8938,1,0,0,0,0
2020-07-14,Mono,051,14174,85,48,1,49,1
2020-07-14,Monterey,053,433212,3683,2724,12,2736,18
2020-07-14,Napa,055,140530,777,557,0,557,4
2020-07-14,Nevada,057,99092,257,180,6,186,1
2020-07-14,Orange,059,3164182,35157,26915,431,27346,432
2020-07-14,Placer,061,380077,1592,1122,3,1125,11
2020-07-14,Plumas,063,18699,24,14,0,14,0
2020-07-14,Riverside,065,2383286,35074,27850,34,27884,547
2020-07-14,Sacramento,067,1510023,8332,5978,9,5987,87
2020-07-14,San Benito,069,59416,485,360,0,360,2
2020-07-14,San Bernardino,071,2135413,30180,20489,46,20535,316
2020-07-14,San Diego,073,3302833,25912,20887,2,20889,436
2020-07-14,San Francisco,075,870044,5567,4659,5,4664,50
2020-07-14,San Joaquin,077,732212,9984,7143,5,7148,75
2020-07-14,San Luis Obispo,079,281455,1527,1060,8,1068,5
2020-07-14,San Mateo,081,765935,5023,4173,7,4180,108
2020-07-14,Santa Barbara,083,443738,5453,4641,46,4687,28
2020-07-14,Santa Clara,085,1922200,9146,6686,22,6708,164
2020-07-14,Santa Cruz,087,273765,856,639,7,646,3
2020-07-14,Shasta,089,179085,327,190,1,191,7
2020-07-14,Sierra,091,2930,1,1,0,1,0
2020-07-14,Siskiyou,093,43540,65,38,0,38,0
2020-07-14,Solano,095,438530,3177,2266,10,2276,25
2020-07-14,Sonoma,097,501317,2509,1866,6,1872,14
2020-07-14,Stanislaus,099,539301,7896,5631,10,5641,53
2020-07-14,Sutter,101,95872,525,405,0,405,2
2020-07-14,Tehama,103,63373,168,123,2,125,1
2020-07-14,Trinity,105,12862,21,2,5,7,0
2020-07-14,Tulare,107,460477,8281,6199,30,6229,156
2020-07-14,Tuolumne,109,53932,105,68,2,70,0
2020-07-14,Ventura,111,848112,6716,4950,26,4976,50
2020-07-14,Yolo,113,214977,1332,966,3,969,27
2020-07-14,Yuba,115,75493,261,210,0,210,1
2020-07-13,Alameda,001,1643700,10045,8115,13,8128,148
2020-07-13,Alpine,003,1148,2,1,0,1,0
2020-07-13,Amador,005,37829,65,42,0,42,0
2020-07-13,Butte,007,227075,676,354,9,363,4
2020-07-13,Calaveras,009,45235,87,63,0,63,0
2020-07-13,Colusa,011,21464,242,116,0,116,0
2020-07-13,Contra Costa,013,1133247,6751,4882,13,4895,88
2020-07-13,Del Norte,015,27424,74,59,0,59,0
2020-07-13,El Dorado,017,186661,536,298,2,300,0
2020-07-13,Fresno,019,978130,15377,8666,120,8786,95
2020-07-13,Glenn,021,27897,261,168,0,168,0
2020-07-13,Humboldt,023,135768,205,174,1,175,4
2020-07-13,Imperial,025,180216,9327,7052,5,7057,109
2020-07-13,Inyo,027,18085,41,35,1,36,1
2020-07-13,Kern,029,883053,16960,6808,52,6860,107
2020-07-13,Kings,031,150075,3512,2824,22,2846,37
2020-07-13,Lake,033,64148,166,118,0,118,1
2020-07-13,Lassen,035,31185,498,237,2,239,0
2020-07-13,Los Angeles,037,10098052,157865,136368,216,136584,3829
2020-07-13,Madera,039,155013,1750,1059,3,1062,4
2020-07-13,Marin,041,260295,4378,3402,5,3407,21
2020-07-13,Mariposa,043,17540,40,31,0,31,1
2020-07-13,Mendocino,045,87422,180,87,0,87,0
2020-07-13,Merced,047,269075,3362,2007,2,2009,12
2020-07-13,Modoc,049,8938,1,0,0,0,0
2020-07-13,Mono,051,14174,81,47,0,47,1
2020-07-13,Monterey,053,433212,3560,2613,9,2622,18
2020-07-13,Napa,055,140530,741,534,0,534,4
2020-07-13,Nevada,057,99092,243,172,6,178,1
2020-07-13,Orange,059,3164182,34292,25978,399,26377,423
2020-07-13,Placer,061,380077,1547,1096,3,1099,11
2020-07-13,Plumas,063,18699,22,14,0,14,0
2020-07-13,Riverside,065,2383286,34149,27136,32,27168,545
2020-07-13,Sacramento,067,1510023,8035,5747,9,5756,85
2020-07-13,San Benito,069,59416,472,343,0,343,2
2020-07-13,San Bernardino,071,2135413,29302,19610,40,19650,313
2020-07-13,San Diego,073,3302833,25345,20348,2,20350,422
2020-07-13,San Francisco,075,870044,5440,4534,4,4538,50
2020-07-13,San Joaquin,077,732212,9568,6927,5,6932,71
2020-07-13,San Luis Obispo,079,281455,1496,989,8,997,5
2020-07-13,San Mateo,081,765935,4892,4057,7,4064,108
2020-07-13,Santa Barbara,083,443738,5339,4441,45,4486,28
2020-07-13,Santa Clara,085,1922200,8823,6488,21,6509,164
2020-07-13,Santa Cruz,087,273765,818,574,7,581,3
2020-07-13,Shasta,089,179085,316,185,1,186,6
2020-07-13,Sierra,091,2930,1,1,0,1,0
2020-07-13,Siskiyou,093,43540,61,37,0,37,0
2020-07-13,Solano,095,438530,3065,2046,10,2056,23
2020-07-13,Sonoma,097,501317,2398,1818,6,1824,14
2020-07-13,Stanislaus,099,539301,7593,5324,9,5333,53
2020-07-13,Sutter,101,95872,487,379,0,379,2
2020-07-13,Tehama,103,63373,155,112,2,114,1
2020-07-13,Trinity,105,12862,21,2,5,7,0
2020-07-13,Tulare,107,460477,8020,5930,28,5958,147
2020-07-13,Tuolumne,109,53932,97,56,2,58,0
2020-07-13,Ventura,111,848112,6526,4800,23,4823,50
2020-07-13,Yolo,113,214977,1286,941,3,944,27
2020-07-13,Yuba,115,75493,246,194,0,194,1
2020-07-12,Alameda,001,1643700,9774,8056,13,8069,148
2020-07-12,Alpine,003,1148,2,1,0,1,0
2020-07-12,Amador,005,37829,55,40,0,40,0
2020-07-12,Butte,007,227075,626,341,8,349,4
2020-07-12,Calaveras,009,45235,87,62,0,62,0
2020-07-12,Colusa,011,21464,208,116,0,116,0
2020-07-12,Contra Costa,013,1133247,6480,4708,11,4719,88
2020-07-12,Del Norte,015,27424,63,59,0,59,0
2020-07-12,El Dorado,017,186661,514,290,2,292,0
2020-07-12,Fresno,019,978130,14951,8407,115,8522,95
2020-07-12,Glenn,021,27897,248,166,0,166,0
2020-07-12,Humboldt,023,135768,201,174,1,175,4
2020-07-12,Imperial,025,180216,9210,6999,5,7004,109
2020-07-12,Inyo,027,18085,39,35,1,36,1
2020-07-12,Kern,029,883053,16216,6662,49,6711,105
2020-07-12,Kings,031,150075,3450,2779,22,2801,34
2020-07-12,Lake,033,64148,157,114,0,114,1
2020-07-12,Lassen,035,31185,491,237,2,239,0
2020-07-12,Los Angeles,037,10098052,154447,133830,187,134017,3816
2020-07-12,Madera,039,155013,1695,1025,3,1028,4
2020-07-12,Marin,041,260295,4301,3358,5,3363,21
2020-07-12,Mariposa,043,17540,39,31,0,31,1
2020-07-12,Mendocino,045,87422,161,88,0,88,0
2020-07-12,Merced,047,269075,3232,1908,2,1910,12
2020-07-12,Modoc,049,8938,1,0,0,0,0
2020-07-12,Mono,051,14174,71,45,0,45,1
2020-07-12,Monterey,053,433212,3445,2521,9,2530,18
2020-07-12,Napa,055,140530,709,519,0,519,4
2020-07-12,Nevada,057,99092,233,166,6,172,1
2020-07-12,Orange,059,3164182,33416,25399,390,25789,422
2020-07-12,Placer,061,380077,1491,1058,3,1061,11
2020-07-12,Plumas,063,18699,21,14,0,14,0
2020-07-12,Riverside,065,2383286,33391,26404,32,26436,542
2020-07-12,Sacramento,067,1510023,7723,5515,7,5522,85
2020-07-12,San Benito,069,59416,457,324,0,324,2
2020-07-12,San Bernardino,071,2135413,28390,19042,36,19078,312
2020-07-12,San Diego,073,3302833,24715,19929,2,19931,422
2020-07-12,San Francisco,075,870044,5290,4535,4,4539,50
2020-07-12,San Joaquin,077,732212,9206,6703,5,6708,71
2020-07-12,San Luis Obispo,079,281455,1449,972,7,979,5
2020-07-12,San Mateo,081,765935,4774,3988,7,3995,108
2020-07-12,Santa Barbara,083,443738,5209,4353,44,4397,28
2020-07-12,Santa Clara,085,1922200,8585,6252,20,6272,164
2020-07-12,Santa Cruz,087,273765,776,573,5,578,3
2020-07-12,Shasta,089,179085,310,173,1,174,6
2020-07-12,Sierra,091,2930,1,1,0,1,0
2020-07-12,Siskiyou,093,43540,59,36,0,36,0
2020-07-12,Solano,095,438530,2940,2037,10,2047,23
2020-07-12,Sonoma,097,501317,2304,1743,6,1749,13
2020-07-12,Stanislaus,099,539301,7289,5177,9,5186,53
2020-07-12,Sutter,101,95872,469,362,0,362,2
2020-07-12,Tehama,103,63373,148,111,2,113,1
2020-07-12,Trinity,105,12862,21,2,5,7,0
2020-07-12,Tulare,107,460477,7765,5864,27,5891,146
2020-07-12,Tuolumne,109,53932,89,52,2,54,0
2020-07-12,Ventura,111,848112,6310,4724,22,4746,50
2020-07-12,Yolo,113,214977,1245,889,3,892,27
2020-07-12,Yuba,115,75493,235,188,0,188,1
2020-07-11,Alameda,001,1643700,9672,7845,13,7858,148
2020-07-11,Alpine,003,1148,2,1,0,1,0
2020-07-11,Amador,005,37829,51,37,0,37,0
2020-07-11,Butte,007,227075,610,325,8,333,4
2020-07-11,Calaveras,009,45235,84,62,0,62,0
2020-07-11,Colusa,011,21464,203,110,0,110,0
2020-07-11,Contra Costa,013,1133247,6364,4650,11,4661,87
2020-07-11,Del Norte,015,27424,63,59,0,59,0
2020-07-11,El Dorado,017,186661,503,283,2,285,0
2020-07-11,Fresno,019,978130,14691,8086,113,8199,95
2020-07-11,Glenn,021,27897,240,161,0,161,0
2020-07-11,Humboldt,023,135768,200,174,1,175,4
2020-07-11,Imperial,025,180216,9171,6884,5,6889,109
2020-07-11,Inyo,027,18085,39,35,1,36,1
2020-07-11,Kern,029,883053,15859,6509,48,6557,103
2020-07-11,Kings,031,150075,3423,2753,22,2775,33
2020-07-11,Lake,033,64148,156,110,0,110,1
2020-07-11,Lassen,035,31185,490,237,2,239,0
2020-07-11,Los Angeles,037,10098052,152729,130479,177,130656,3802
2020-07-11,Madera,039,155013,1654,988,3,991,4
2020-07-11,Marin,041,260295,4273,3191,5,3196,21
2020-07-11,Mariposa,043,17540,39,31,0,31,1
2020-07-11,Mendocino,045,87422,157,88,0,88,0
2020-07-11,Merced,047,269075,3151,1851,2,1853,12
2020-07-11,Modoc,049,8938,1,0,0,0,0
2020-07-11,Mono,051,14174,68,45,0,45,1
2020-07-11,Monterey,053,433212,3356,2376,8,2384,18
2020-07-11,Napa,055,140530,697,509,0,509,4
2020-07-11,Nevada,057,99092,224,163,5,168,1
2020-07-11,Orange,059,3164182,33039,24430,376,24806,422
2020-07-11,Placer,061,380077,1456,1029,3,1032,11
2020-07-11,Plumas,063,18699,21,12,0,12,0
2020-07-11,Riverside,065,2383286,33000,25994,32,26026,538
2020-07-11,Sacramento,067,1510023,7549,5367,7,5374,84
2020-07-11,San Benito,069,59416,442,314,0,314,2
2020-07-11,San Bernardino,071,2135413,27953,18907,34,18941,310
2020-07-11,San Diego,073,3302833,24323,19371,2,19373,422
2020-07-11,San Francisco,075,870044,5194,4430,3,4433,50
2020-07-11,San Joaquin,077,732212,9028,6518,5,6523,72
2020-07-11,San Luis Obispo,079,281455,1401,930,7,937,4
2020-07-11,San Mateo,081,765935,4706,3956,7,3963,108
2020-07-11,Santa Barbara,083,443738,5140,4283,43,4326,28
2020-07-11,Santa Clara,085,1922200,8426,5959,20,5979,164
2020-07-11,Santa Cruz,087,273765,745,571,5,576,3
2020-07-11,Shasta,089,179085,303,168,1,169,6
2020-07-11,Sierra,091,2930,1,1,0,1,0
2020-07-11,Siskiyou,093,43540,59,36,0,36,0
2020-07-11,Solano,095,438530,2899,2034,10,2044,23
2020-07-11,Sonoma,097,501317,2266,1690,6,1696,13
2020-07-11,Stanislaus,099,539301,7148,4911,9,4920,51
2020-07-11,Sutter,101,95872,453,352,0,352,2
2020-07-11,Tehama,103,63373,146,111,2,113,1
2020-07-11,Trinity,105,12862,21,2,5,7,0
2020-07-11,Tulare,107,460477,7659,5780,27,5807,149
2020-07-11,Tuolumne,109,53932,87,50,2,52,0
2020-07-11,Ventura,111,848112,6214,4545,21,4566,49
2020-07-11,Yolo,113,214977,1216,833,3,836,27
2020-07-11,Yuba,115,75493,225,175,0,175,1
2020-07-10,Alameda,001,1643700,9515,7551,13,7564,147
2020-07-10,Alpine,003,1148,2,1,0,1,0
2020-07-10,Amador,005,37829,47,37,0,37,0
2020-07-10,Butte,007,227075,599,318,8,326,4
2020-07-10,Calaveras,009,45235,84,61,0,61,0
2020-07-10,Colusa,011,21464,197,103,0,103,0
2020-07-10,Contra Costa,013,1133247,6221,4482,11,4493,86
2020-07-10,Del Norte,015,27424,63,57,0,57,0
2020-07-10,El Dorado,017,186661,485,266,2,268,0
2020-07-10,Fresno,019,978130,14359,7760,110,7870,93
2020-07-10,Glenn,021,27897,235,157,0,157,0
2020-07-10,Humboldt,023,135768,199,168,1,169,4
2020-07-10,Imperial,025,180216,9126,6878,4,6882,98
2020-07-10,Inyo,027,18085,39,35,1,36,1
2020-07-10,Kern,029,883053,15426,6344,47,6391,102
2020-07-10,Kings,031,150075,3387,2707,22,2729,33
2020-07-10,Lake,033,64148,149,104,0,104,1
2020-07-10,Lassen,035,31185,489,235,2,237,0
2020-07-10,Los Angeles,037,10098052,150311,127503,171,127674,3750
2020-07-10,Madera,039,155013,1608,914,3,917,4
2020-07-10,Marin,041,260295,4210,3101,5,3106,21
2020-07-10,Mariposa,043,17540,38,31,0,31,1
2020-07-10,Mendocino,045,87422,149,88,0,88,0
2020-07-10,Merced,047,269075,3072,1802,2,1804,12
2020-07-10,Modoc,049,8938,1,0,0,0,0
2020-07-10,Mono,051,14174,67,45,0,45,1
2020-07-10,Monterey,053,433212,3278,2285,8,2293,18
2020-07-10,Napa,055,140530,686,496,0,496,4
2020-07-10,Nevada,057,99092,219,161,5,166,1
2020-07-10,Orange,059,3164182,32452,23692,373,24065,416
2020-07-10,Placer,061,380077,1414,1002,3,1005,11
2020-07-10,Plumas,063,18699,19,12,0,12,0
2020-07-10,Riverside,065,2383286,32482,25481,32,25513,533
2020-07-10,Sacramento,067,1510023,7294,5181,7,5188,81
2020-07-10,San Benito,069,59416,433,302,0,302,2
2020-07-10,San Bernardino,071,2135413,27428,18242,31,18273,308
2020-07-10,San Diego,073,3302833,23939,18862,2,18864,420
2020-07-10,San Francisco,075,870044,5103,4305,3,4308,50
2020-07-10,San Joaquin,077,732212,8795,6225,5,6230,67
2020-07-10,San Luis Obispo,079,281455,1363,891,7,898,4
2020-07-10,San Mateo,081,765935,4641,3844,7,3851,107
2020-07-10,Santa Barbara,083,443738,5043,4177,42,4219,28
2020-07-10,Santa Clara,085,1922200,8202,5819,20,5839,164
2020-07-10,Santa Cruz,087,273765,717,540,5,545,3
2020-07-10,Shasta,089,179085,299,158,1,159,6
2020-07-10,Sierra,091,2930,1,1,0,1,0
2020-07-10,Siskiyou,093,43540,59,31,0,31,0
2020-07-10,Solano,095,438530,2852,1950,10,1960,23
2020-07-10,Sonoma,097,501317,2219,1606,5,1611,13
2020-07-10,Stanislaus,099,539301,6978,4781,9,4790,46
2020-07-10,Sutter,101,95872,446,338,0,338,2
2020-07-10,Tehama,103,63373,145,107,2,109,1
2020-07-10,Trinity,105,12862,21,2,5,7,0
2020-07-10,Tulare,107,460477,7522,5677,27,5704,150
2020-07-10,Tuolumne,109,53932,86,49,2,51,0
2020-07-10,Ventura,111,848112,6100,4416,21,4437,48
2020-07-10,Yolo,113,214977,1192,794,3,797,27
2020-07-10,Yuba,115,75493,211,164,0,164,1
2020-07-09,Alameda,001,1643700,9279,7433,13,7446,146
2020-07-09,Alpine,003,1148,2,1,0,1,0
2020-07-09,Amador,005,37829,44,36,0,36,0
2020-07-09,Butte,007,227075,567,295,8,303,4
2020-07-09,Calaveras,009,45235,83,59,0,59,0
2020-07-09,Colusa,011,21464,189,97,0,97,0
2020-07-09,Contra Costa,013,1133247,5978,4388,11,4399,86
2020-07-09,Del Norte,015,27424,63,57,0,57,0
2020-07-09,El Dorado,017,186661,460,255,2,257,0
2020-07-09,Fresno,019,978130,13905,7385,107,7492,90
2020-07-09,Glenn,021,27897,225,150,0,150,0
2020-07-09,Humboldt,023,135768,196,166,1,167,4
2020-07-09,Imperial,025,180216,9029,6778,4,6782,87
2020-07-09,Inyo,027,18085,37,35,1,36,1
2020-07-09,Kern,029,883053,14781,6100,45,6145,95
2020-07-09,Kings,031,150075,3323,2686,21,2707,33
2020-07-09,Lake,033,64148,146,99,0,99,1
2020-07-09,Lassen,035,31185,433,221,2,223,0
2020-07-09,Los Angeles,037,10098052,147053,125062,147,125209,3698
2020-07-09,Madera,039,155013,1531,850,3,853,4
2020-07-09,Marin,041,260295,4058,2975,4,2979,20
2020-07-09,Mariposa,043,17540,38,32,0,32,1
2020-07-09,Mendocino,045,87422,145,88,0,88,0
2020-07-09,Merced,047,269075,2939,1728,2,1730,11
2020-07-09,Modoc,049,8938,1,0,0,0,0
2020-07-09,Mono,051,14174,63,45,0,45,1
2020-07-09,Monterey,053,433212,3153,2223,8,2231,17
2020-07-09,Napa,055,140530,669,468,0,468,4
2020-07-09,Nevada,057,99092,213,156,5,161,1
2020-07-09,Orange,059,3164182,31482,22960,355,23315,407
2020-07-09,Placer,061,380077,1372,982,3,985,11
2020-07-09,Plumas,063,18699,19,12,0,12,0
2020-07-09,Riverside,065,2383286,31589,24980,31,25011,529
2020-07-09,Sacramento,067,1510023,6967,4950,7,4957,81
2020-07-09,San Benito,069,59416,417,295,0,295,2
2020-07-09,San Bernardino,071,2135413,26555,17339,25,17364,307
2020-07-09,San Diego,073,3302833,23347,18404,2,18406,415
2020-07-09,San Francisco,075,870044,4971,4143,3,4146,50
2020-07-09,San Joaquin,077,732212,8436,6004,5,6009,66
2020-07-09,San Luis Obispo,079,281455,1323,869,7,876,3
2020-07-09,San Mateo,081,765935,4515,3792,7,3799,106
2020-07-09,Santa Barbara,083,443738,4911,4068,42,4110,28
2020-07-09,Santa Clara,085,1922200,7945,5638,19,5657,164
2020-07-09,Santa Cruz,087,273765,690,526,5,531,3
2020-07-09,Shasta,089,179085,293,155,1,156,5
2020-07-09,Sierra,091,2930,1,1,0,1,0
2020-07-09,Siskiyou,093,43540,55,31,0,31,0
2020-07-09,Solano,095,438530,2754,1892,10,1902,23
2020-07-09,Sonoma,097,501317,2133,1584,5,1589,13
2020-07-09,Stanislaus,099,539301,6663,4633,8,4641,46
2020-07-09,Sutter,101,95872,429,321,0,321,2
2020-07-09,Tehama,103,63373,140,102,2,104,1
2020-07-09,Trinity,105,12862,21,2,5,7,0
2020-07-09,Tulare,107,460477,7303,5501,26,5527,146
2020-07-09,Tuolumne,109,53932,85,47,2,49,0
2020-07-09,Ventura,111,848112,5932,4278,21,4299,47
2020-07-09,Yolo,113,214977,1144,764,3,767,27
2020-07-09,Yuba,115,75493,194,152,0,152,1
2020-07-08,Alameda,001,1643700,8987,7335,13,7348,142
2020-07-08,Alpine,003,1148,2,1,0,1,0
2020-07-08,Amador,005,37829,41,35,0,35,0
2020-07-08,Butte,007,227075,530,281,8,289,3
2020-07-08,Calaveras,009,45235,78,58,0,58,0
2020-07-08,Colusa,011,21464,176,90,0,90,0
2020-07-08,Contra Costa,013,1133247,5732,4268,9,4277,84
2020-07-08,Del Norte,015,27424,61,57,0,57,0
2020-07-08,El Dorado,017,186661,438,248,2,250,0
2020-07-08,Fresno,019,978130,13488,7102,99,7201,86
2020-07-08,Glenn,021,27897,214,146,0,146,0
2020-07-08,Humboldt,023,135768,193,162,1,163,4
2020-07-08,Imperial,025,180216,8942,6727,4,6731,76
2020-07-08,Inyo,027,18085,37,35,1,36,1
2020-07-08,Kern,029,883053,14203,5873,43,5916,91
2020-07-08,Kings,031,150075,3263,2629,18,2647,33
2020-07-08,Lake,033,64148,139,97,0,97,1
2020-07-08,Lassen,035,31185,337,221,2,223,0
2020-07-08,Los Angeles,037,10098052,143853,123462,120,123582,3650
2020-07-08,Madera,039,155013,1461,828,3,831,4
2020-07-08,Marin,041,260295,3959,2756,4,2760,17
2020-07-08,Mariposa,043,17540,38,31,0,31,1
2020-07-08,Mendocino,045,87422,132,84,0,84,0
2020-07-08,Merced,047,269075,2819,1578,2,1580,11
2020-07-08,Modoc,049,8938,1,0,0,0,0
2020-07-08,Mono,051,14174,60,45,0,45,1
2020-07-08,Monterey,053,433212,3035,2182,7,2189,17
2020-07-08,Napa,055,140530,647,468,0,468,4
2020-07-08,Nevada,057,99092,204,156,5,161,1
2020-07-08,Orange,059,3164182,30531,22088,350,22438,378
2020-07-08,Placer,061,380077,1325,948,3,951,11
2020-07-08,Plumas,063,18699,19,12,0,12,0
2020-07-08,Riverside,065,2383286,30625,24042,30,24072,508
2020-07-08,Sacramento,067,1510023,6679,4799,7,4806,80
2020-07-08,San Benito,069,59416,401,282,0,282,2
2020-07-08,San Bernardino,071,2135413,25701,16510,21,16531,296
2020-07-08,San Diego,073,3302833,22777,17844,2,17846,406
2020-07-08,San Francisco,075,870044,4882,4093,3,4096,50
2020-07-08,San Joaquin,077,732212,8093,5759,5,5764,61
2020-07-08,San Luis Obispo,079,281455,1271,825,7,832,2
2020-07-08,San Mateo,081,765935,4394,3733,7,3740,106
2020-07-08,Santa Barbara,083,443738,4792,3985,42,4027,28
2020-07-08,Santa Clara,085,1922200,7712,5510,19,5529,164
2020-07-08,Santa Cruz,087,273765,657,509,4,513,3
2020-07-08,Shasta,089,179085,284,148,1,149,6
2020-07-08,Sierra,091,2930,1,1,0,1,0
2020-07-08,Siskiyou,093,43540,55,31,0,31,0
2020-07-08,Solano,095,438530,2638,1821,10,1831,23
2020-07-08,Sonoma,097,501317,2058,1495,5,1500,9
2020-07-08,Stanislaus,099,539301,6363,4344,8,4352,46
2020-07-08,Sutter,101,95872,404,298,0,298,2
2020-07-08,Tehama,103,63373,134,100,2,102,1
2020-07-08,Trinity,105,12862,20,2,5,7,0
2020-07-08,Tulare,107,460477,7111,5307,21,5328,138
2020-07-08,Tuolumne,109,53932,81,42,2,44,0
2020-07-08,Ventura,111,848112,5767,4139,21,4160,47
2020-07-08,Yolo,113,214977,1100,727,3,730,26
2020-07-08,Yuba,115,75493,181,145,0,145,1
2020-07-07,Alameda,001,1643700,8667,7097,12,7109,141
2020-07-07,Alpine,003,1148,2,1,0,1,0
2020-07-07,Amador,005,37829,41,33,0,33,0
2020-07-07,Butte,007,227075,487,269,8,277,3
2020-07-07,Calaveras,009,45235,76,58,0,58,0
2020-07-07,Colusa,011,21464,143,84,0,84,0
2020-07-07,Contra Costa,013,1133247,5496,4131,8,4139,84
2020-07-07,Del Norte,015,27424,61,57,0,57,0
2020-07-07,El Dorado,017,186661,418,244,2,246,0
2020-07-07,Fresno,019,978130,13035,6738,99,6837,84
2020-07-07,Glenn,021,27897,205,145,0,145,0
2020-07-07,Humboldt,023,135768,190,150,1,151,4
2020-07-07,Imperial,025,180216,8842,6678,4,6682,51
2020-07-07,Inyo,027,18085,36,32,1,33,1
2020-07-07,Kern,029,883053,13504,5645,39,5684,88
2020-07-07,Kings,031,150075,3200,2623,16,2639,33
2020-07-07,Lake,033,64148,129,94,0,94,1
2020-07-07,Lassen,035,31185,266,219,2,221,0
2020-07-07,Los Angeles,037,10098052,140287,121026,112,121138,3588
2020-07-07,Madera,039,155013,1417,794,3,797,4
2020-07-07,Marin,041,260295,3870,2627,4,2631,17
2020-07-07,Mariposa,043,17540,38,31,0,31,1
2020-07-07,Mendocino,045,87422,124,82,0,82,0
2020-07-07,Merced,047,269075,2645,1531,2,1533,10
2020-07-07,Modoc,049,8938,1,0,0,0,0
2020-07-07,Mono,051,14174,59,42,0,42,1
2020-07-07,Monterey,053,433212,2892,2166,7,2173,17
2020-07-07,Napa,055,140530,628,459,0,459,4
2020-07-07,Nevada,057,99092,198,150,5,155,1
2020-07-07,Orange,059,3164182,29520,21741,336,22077,373
2020-07-07,Placer,061,380077,1284,930,3,933,11
2020-07-07,Plumas,063,18699,17,12,0,12,0
2020-07-07,Riverside,065,2383286,29609,23279,30,23309,499
2020-07-07,Sacramento,067,1510023,6336,4592,7,4599,76
2020-07-07,San Benito,069,59416,383,274,0,274,2
2020-07-07,San Bernardino,071,2135413,24831,16004,19,16023,277
2020-07-07,San Diego,073,3302833,22058,17580,2,17582,399
2020-07-07,San Francisco,075,870044,4789,4045,2,4047,50
2020-07-07,San Joaquin,077,732212,7751,5547,5,5552,59
2020-07-07,San Luis Obispo,079,281455,1210,795,7,802,2
2020-07-07,San Mateo,081,765935,4279,3691,7,3698,106
2020-07-07,Santa Barbara,083,443738,4664,3866,41,3907,27
2020-07-07,Santa Clara,085,1922200,7443,5438,19,5457,164
2020-07-07,Santa Cruz,087,273765,623,502,3,505,2
2020-07-07,Shasta,089,179085,271,144,1,145,6
2020-07-07,Sierra,091,2930,1,1,0,1,0
2020-07-07,Siskiyou,093,43540,54,30,0,30,0
2020-07-07,Solano,095,438530,2527,1776,9,1785,22
2020-07-07,Sonoma,097,501317,1988,1473,5,1478,8
2020-07-07,Stanislaus,099,539301,6024,4101,8,4109,46
2020-07-07,Sutter,101,95872,378,273,0,273,2
2020-07-07,Tehama,103,63373,125,95,2,97,1
2020-07-07,Trinity,105,12862,20,2,5,7,0
2020-07-07,Tulare,107,460477,6931,5189,19,5208,137
2020-07-07,Tuolumne,109,53932,75,40,2,42,0
2020-07-07,Ventura,111,848112,5598,3992,19,4011,46
2020-07-07,Yolo,113,214977,1032,706,3,709,26
2020-07-07,Yuba,115,75493,161,138,0,138,1
2020-07-06,Alameda,001,1643700,8429,6970,12,6982,141
2020-07-06,Alpine,003,1148,1,1,0,1,0
2020-07-06,Amador,005,37829,39,33,0,33,0
2020-07-06,Butte,007,227075,431,257,8,265,2
2020-07-06,Calaveras,009,45235,73,45,0,45,0
2020-07-06,Colusa,011,21464,134,80,0,80,0
2020-07-06,Contra Costa,013,1133247,5265,3901,7,3908,83
2020-07-06,Del Norte,015,27424,60,57,0,57,0
2020-07-06,El Dorado,017,186661,403,232,1,233,0
2020-07-06,Fresno,019,978130,12567,6364,93,6457,82
2020-07-06,Glenn,021,27897,197,129,0,129,0
2020-07-06,Humboldt,023,135768,188,148,1,149,3
2020-07-06,Imperial,025,180216,8723,6443,4,6447,47
2020-07-06,Inyo,027,18085,36,32,1,33,1
2020-07-06,Kern,029,883053,12698,5491,38,5529,82
2020-07-06,Kings,031,150075,3149,2583,11,2594,33
2020-07-06,Lake,033,64148,122,93,0,93,1
2020-07-06,Lassen,035,31185,264,219,2,221,0
2020-07-06,Los Angeles,037,10098052,136685,116707,98,116805,3541
2020-07-06,Madera,039,155013,1347,734,3,737,4
2020-07-06,Marin,041,260295,3630,2136,4,2140,17
2020-07-06,Mariposa,043,17540,36,31,0,31,1
2020-07-06,Mendocino,045,87422,107,72,0,72,0
2020-07-06,Merced,047,269075,2494,1396,2,1398,10
2020-07-06,Modoc,049,8938,1,0,0,0,0
2020-07-06,Mono,051,14174,58,40,0,40,1
2020-07-06,Monterey,053,433212,2803,2078,7,2085,15
2020-07-06,Napa,055,140530,610,454,0,454,4
2020-07-06,Nevada,057,99092,192,146,5,151,1
2020-07-06,Orange,059,3164182,28458,20167,298,20465,372
2020-07-06,Placer,061,380077,1222,904,3,907,11
2020-07-06,Plumas,063,18699,17,11,0,11,0
2020-07-06,Riverside,065,2383286,28554,22485,29,22514,477
2020-07-06,Sacramento,067,1510023,5985,4420,7,4427,71
2020-07-06,San Benito,069,59416,368,264,0,264,2
2020-07-06,San Bernardino,071,2135413,23977,15346,16,15362,272
2020-07-06,San Diego,073,3302833,21326,17002,2,17004,387
2020-07-06,San Francisco,075,870044,4668,3861,2,3863,50
2020-07-06,San Joaquin,077,732212,7381,5104,5,5109,57
2020-07-06,San Luis Obispo,079,281455,1152,751,7,758,2
2020-07-06,San Mateo,081,765935,4187,3650,6,3656,106
2020-07-06,Santa Barbara,083,443738,4527,3763,40,3803,27
2020-07-06,Santa Clara,085,1922200,7172,5369,19,5388,165
2020-07-06,Santa Cruz,087,273765,601,466,2,468,2
2020-07-06,Shasta,089,179085,261,143,1,144,6
2020-07-06,Sierra,091,2930,1,1,0,1,0
2020-07-06,Siskiyou,093,43540,50,30,0,30,0
2020-07-06,Solano,095,438530,2394,1668,9,1677,22
2020-07-06,Sonoma,097,501317,1923,1369,5,1374,8
2020-07-06,Stanislaus,099,539301,5623,3983,8,3991,46
2020-07-06,Sutter,101,95872,351,250,0,250,2
2020-07-06,Tehama,103,63373,122,95,2,97,1
2020-07-06,Trinity,105,12862,19,2,5,7,0
2020-07-06,Tulare,107,460477,6726,5039,17,5056,136
2020-07-06,Tuolumne,109,53932,72,30,2,32,0
2020-07-06,Ventura,111,848112,5405,3912,19,3931,44
2020-07-06,Yolo,113,214977,976,685,3,688,26
2020-07-06,Yuba,115,75493,147,124,0,124,1
2020-07-05,Alameda,001,1643700,8177,6861,12,6873,141
2020-07-05,Alpine,003,1148,1,1,0,1,0
2020-07-05,Amador,005,37829,37,31,0,31,0
2020-07-05,Butte,007,227075,396,248,8,256,2
2020-07-05,Calaveras,009,45235,69,45,0,45,0
2020-07-05,Colusa,011,21464,124,79,0,79,0
2020-07-05,Contra Costa,013,1133247,5025,3665,6,3671,80
2020-07-05,Del Norte,015,27424,60,57,0,57,0
2020-07-05,El Dorado,017,186661,385,227,1,228,0
2020-07-05,Fresno,019,978130,12001,6186,92,6278,82
2020-07-05,Glenn,021,27897,194,129,0,129,0
2020-07-05,Humboldt,023,135768,184,147,1,148,3
2020-07-05,Imperial,025,180216,8589,6441,4,6445,47
2020-07-05,Inyo,027,18085,35,32,1,33,1
2020-07-05,Kern,029,883053,11989,5351,38,5389,82
2020-07-05,Kings,031,150075,3066,2546,10,2556,31
2020-07-05,Lake,033,64148,122,92,0,92,1
2020-07-05,Lassen,035,31185,258,219,2,221,0
2020-07-05,Los Angeles,037,10098052,133463,115133,92,115225,3495
2020-07-05,Madera,039,155013,1269,564,3,567,4
2020-07-05,Marin,041,260295,3447,2080,4,2084,17
2020-07-05,Mariposa,043,17540,36,31,0,31,1
2020-07-05,Mendocino,045,87422,104,72,0,72,0
2020-07-05,Merced,047,269075,2349,1340,2,1342,10
2020-07-05,Modoc,049,8938,1,0,0,0,0
2020-07-05,Mono,051,14174,54,39,0,39,1
2020-07-05,Monterey,053,433212,2700,1994,7,2001,15
2020-07-05,Napa,055,140530,580,450,0,450,4
2020-07-05,Nevada,057,99092,186,141,5,146,1
2020-07-05,Orange,059,3164182,27517,19430,285,19715,372
2020-07-05,Placer,061,380077,1165,855,3,858,11
2020-07-05,Plumas,063,18699,16,11,0,11,0
2020-07-05,Riverside,065,2383286,27698,21511,29,21540,474
2020-07-05,Sacramento,067,1510023,5670,4265,6,4271,71
2020-07-05,San Benito,069,59416,349,258,0,258,2
2020-07-05,San Bernardino,071,2135413,23100,15026,16,15042,270
2020-07-05,San Diego,073,3302833,20635,16728,2,16730,387
2020-07-05,San Francisco,075,870044,4550,3861,2,3863,50
2020-07-05,San Joaquin,077,732212,7062,5015,5,5020,57
2020-07-05,San Luis Obispo,079,281455,1073,730,7,737,2
2020-07-05,San Mateo,081,765935,4076,3575,6,3581,106
2020-07-05,Santa Barbara,083,443738,4380,3671,37,3708,27
2020-07-05,Santa Clara,085,1922200,6879,5237,19,5256,162
2020-07-05,Santa Cruz,087,273765,583,467,0,467,2
2020-07-05,Shasta,089,179085,255,138,1,139,6
2020-07-05,Sierra,091,2930,1,1,0,1,0
2020-07-05,Siskiyou,093,43540,46,30,0,30,0
2020-07-05,Solano,095,438530,2274,1547,9,1556,22
2020-07-05,Sonoma,097,501317,1842,1369,5,1374,8
2020-07-05,Stanislaus,099,539301,5292,3777,7,3784,45
2020-07-05,Sutter,101,95872,323,241,0,241,2
2020-07-05,Tehama,103,63373,120,95,2,97,1
2020-07-05,Trinity,105,12862,19,2,5,7,0
2020-07-05,Tulare,107,460477,6467,4981,15,4996,135
2020-07-05,Tuolumne,109,53932,67,30,2,32,0
2020-07-05,Ventura,111,848112,5202,3866,19,3885,44
2020-07-05,Yolo,113,214977,936,644,3,647,26
2020-07-05,Yuba,115,75493,137,115,0,115,1
2020-07-04,Alameda,001,1643700,8065,6737,12,6749,141
2020-07-04,Alpine,003,1148,1,1,0,1,0
2020-07-04,Amador,005,37829,36,31,0,31,0
2020-07-04,Butte,007,227075,378,224,8,232,2
2020-07-04,Calaveras,009,45235,69,45,0,45,0
2020-07-04,Colusa,011,21464,123,76,0,76,0
2020-07-04,Contra Costa,013,1133247,4877,3583,6,3589,80
2020-07-04,Del Norte,015,27424,60,50,0,50,0
2020-07-04,El Dorado,017,186661,366,211,1,212,0
2020-07-04,Fresno,019,978130,11684,5999,90,6089,82
2020-07-04,Glenn,021,27897,187,128,0,128,0
2020-07-04,Humboldt,023,135768,177,144,1,145,3
2020-07-04,Imperial,025,180216,8540,6441,4,6445,47
2020-07-04,Inyo,027,18085,35,32,1,33,1
2020-07-04,Kern,029,883053,11685,5231,38,5269,81
2020-07-04,Kings,031,150075,3023,2509,10,2519,31
2020-07-04,Lake,033,64148,115,86,0,86,1
2020-07-04,Lassen,035,31185,258,219,2,221,0
2020-07-04,Los Angeles,037,10098052,131647,107256,81,107337,3462
2020-07-04,Madera,039,155013,1223,568,3,571,4
2020-07-04,Marin,041,260295,3418,1962,4,1966,17
2020-07-04,Mariposa,043,17540,36,28,0,28,1
2020-07-04,Mendocino,045,87422,104,72,0,72,0
2020-07-04,Merced,047,269075,2247,1252,2,1254,10
2020-07-04,Modoc,049,8938,1,0,0,0,0
2020-07-04,Mono,051,14174,54,37,0,37,1
2020-07-04,Monterey,053,433212,2620,1878,7,1885,15
2020-07-04,Napa,055,140530,571,426,0,426,4
2020-07-04,Nevada,057,99092,183,125,5,130,1
2020-07-04,Orange,059,3164182,27084,19247,272,19519,372
2020-07-04,Placer,061,380077,1130,796,3,799,11
2020-07-04,Plumas,063,18699,16,11,0,11,0
2020-07-04,Riverside,065,2383286,27331,21508,29,21537,474
2020-07-04,Sacramento,067,1510023,5499,4039,6,4045,71
2020-07-04,San Benito,069,59416,336,255,0,255,2
2020-07-04,San Bernardino,071,2135413,22674,14636,14,14650,270
2020-07-04,San Diego,073,3302833,20175,16166,2,16168,387
2020-07-04,San Francisco,075,870044,4458,3861,2,3863,50
2020-07-04,San Joaquin,077,732212,6849,4807,5,4812,57
2020-07-04,San Luis Obispo,079,281455,1033,699,7,706,2
2020-07-04,San Mateo,081,765935,4013,3532,6,3538,106
2020-07-04,Santa Barbara,083,443738,4305,3520,35,3555,27
2020-07-04,Santa Clara,085,1922200,6687,5045,18,5063,161
2020-07-04,Santa Cruz,087,273765,573,466,0,466,2
2020-07-04,Shasta,089,179085,252,135,1,136,6
2020-07-04,Sierra,091,2930,1,1,0,1,0
2020-07-04,Siskiyou,093,43540,39,30,0,30,0
2020-07-04,Solano,095,438530,2238,1548,9,1557,22
2020-07-04,Sonoma,097,501317,1816,1370,5,1375,8
2020-07-04,Stanislaus,099,539301,5134,3572,7,3579,44
2020-07-04,Sutter,101,95872,304,225,0,225,2
2020-07-04,Tehama,103,63373,117,92,2,94,1
2020-07-04,Trinity,105,12862,19,2,5,7,0
2020-07-04,Tulare,107,460477,6355,4802,14,4816,135
2020-07-04,Tuolumne,109,53932,63,30,2,32,0
2020-07-04,Ventura,111,848112,5078,3687,19,3706,44
2020-07-04,Yolo,113,214977,911,615,3,618,26
2020-07-04,Yuba,115,75493,130,102,0,102,1
2020-07-03,Alameda,001,1643700,7944,6486,12,6498,141
2020-07-03,Alpine,003,1148,1,1,0,1,0
2020-07-03,Amador,005,37829,36,25,0,25,0
2020-07-03,Butte,007,227075,366,212,8,220,2
2020-07-03,Calaveras,009,45235,69,44,0,44,0
2020-07-03,Colusa,011,21464,117,70,0,70,0
2020-07-03,Contra Costa,013,1133247,4743,3447,6,3453,78
2020-07-03,Del Norte,015,27424,60,50,0,50,0
2020-07-03,El Dorado,017,186661,354,201,1,202,0
2020-07-03,Fresno,019,978130,11379,5783,87,5870,81
2020-07-03,Glenn,021,27897,182,122,0,122,0
2020-07-03,Humboldt,023,135768,173,143,1,144,3
2020-07-03,Imperial,025,180216,8492,6345,4,6349,47
2020-07-03,Inyo,027,18085,35,32,1,33,1
2020-07-03,Kern,029,883053,11424,5213,38,5251,81
2020-07-03,Kings,031,150075,2987,2492,10,2502,31
2020-07-03,Lake,033,64148,108,83,0,83,0
2020-07-03,Lassen,035,31185,258,219,2,221,0
2020-07-03,Los Angeles,037,10098052,130130,107236,77,107313,3461
2020-07-03,Madera,039,155013,1178,565,3,568,4
2020-07-03,Marin,041,260295,3390,1776,4,1780,17
2020-07-03,Mariposa,043,17540,36,28,0,28,1
2020-07-03,Mendocino,045,87422,103,72,0,72,0
2020-07-03,Merced,047,269075,2181,1188,2,1190,10
2020-07-03,Modoc,049,8938,1,0,0,0,0
2020-07-03,Mono,051,14174,54,37,0,37,1
2020-07-03,Monterey,053,433212,2550,1804,7,1811,15
2020-07-03,Napa,055,140530,553,388,0,388,4
2020-07-03,Nevada,057,99092,182,125,5,130,1
2020-07-03,Orange,059,3164182,26693,18819,264,19083,366
2020-07-03,Placer,061,380077,1103,745,3,748,11
2020-07-03,Plumas,063,18699,16,11,0,11,0
2020-07-03,Riverside,065,2383286,27025,21171,29,21200,472
2020-07-03,Sacramento,067,1510023,5365,3711,6,3717,71
2020-07-03,San Benito,069,59416,329,243,0,243,2
2020-07-03,San Bernardino,071,2135413,22285,14040,14,14054,269
2020-07-03,San Diego,073,3302833,19720,15698,2,15700,387
2020-07-03,San Francisco,075,870044,4411,3781,2,3783,50
2020-07-03,San Joaquin,077,732212,6710,4416,4,4420,56
2020-07-03,San Luis Obispo,079,281455,998,676,7,683,2
2020-07-03,San Mateo,081,765935,3956,3439,6,3445,106
2020-07-03,Santa Barbara,083,443738,4218,3406,34,3440,27
2020-07-03,Santa Clara,085,1922200,6575,4820,18,4838,161
2020-07-03,Santa Cruz,087,273765,559,436,0,436,2
2020-07-03,Shasta,089,179085,244,113,1,114,6
2020-07-03,Sierra,091,2930,1,1,0,1,0
2020-07-03,Siskiyou,093,43540,36,30,0,30,0
2020-07-03,Solano,095,438530,2194,1496,8,1504,22
2020-07-03,Sonoma,097,501317,1767,1282,5,1287,8
2020-07-03,Stanislaus,099,539301,5010,3021,7,3028,43
2020-07-03,Sutter,101,95872,294,205,0,205,2
2020-07-03,Tehama,103,63373,115,89,2,91,1
2020-07-03,Trinity,105,12862,19,2,5,7,0
2020-07-03,Tulare,107,460477,6240,4656,14,4670,134
2020-07-03,Tuolumne,109,53932,61,27,2,29,0
2020-07-03,Ventura,111,848112,4982,3536,19,3555,44
2020-07-03,Yolo,113,214977,877,586,3,589,25
2020-07-03,Yuba,115,75493,125,96,0,96,1
2020-07-02,Alameda,001,1643700,7818,6386,12,6398,139
2020-07-02,Alpine,003,1148,1,1,0,1,0
2020-07-02,Amador,005,37829,35,23,0,23,0
2020-07-02,Butte,007,227075,349,199,8,207,2
2020-07-02,Calaveras,009,45235,65,42,0,42,0
2020-07-02,Colusa,011,21464,109,60,0,60,0
2020-07-02,Contra Costa,013,1133247,4559,3347,6,3353,77
2020-07-02,Del Norte,015,27424,59,50,0,50,0
2020-07-02,El Dorado,017,186661,343,193,1,194,0
2020-07-02,Fresno,019,978130,10919,5402,86,5488,78
2020-07-02,Glenn,021,27897,176,114,0,114,0
2020-07-02,Humboldt,023,135768,169,138,1,139,3
2020-07-02,Imperial,025,180216,8391,6236,4,6240,47
2020-07-02,Inyo,027,18085,35,29,1,30,1
2020-07-02,Kern,029,883053,10888,5036,36,5072,78
2020-07-02,Kings,031,150075,2936,2419,10,2429,31
2020-07-02,Lake,033,64148,104,81,0,81,0
2020-07-02,Lassen,035,31185,256,218,2,220,0
2020-07-02,Los Angeles,037,10098052,128113,107144,54,107198,3458
2020-07-02,Madera,039,155013,1110,548,3,551,4
2020-07-02,Marin,041,260295,3304,1706,4,1710,17
2020-07-02,Mariposa,043,17540,35,28,0,28,1
2020-07-02,Mendocino,045,87422,99,71,0,71,0
2020-07-02,Merced,047,269075,2084,1122,2,1124,10
2020-07-02,Modoc,049,8938,1,0,0,0,0
2020-07-02,Mono,051,14174,54,37,0,37,1
2020-07-02,Monterey,053,433212,2490,1796,7,1803,15
2020-07-02,Napa,055,140530,536,352,0,352,4
2020-07-02,Nevada,057,99092,176,118,4,122,1
2020-07-02,Orange,059,3164182,25929,17056,251,17307,360
2020-07-02,Placer,061,380077,1079,740,3,743,11
2020-07-02,Plumas,063,18699,15,8,0,8,0
2020-07-02,Riverside,065,2383286,26452,20253,29,20282,458
2020-07-02,Sacramento,067,1510023,5138,3587,6,3593,70
2020-07-02,San Benito,069,59416,321,236,0,236,2
2020-07-02,San Bernardino,071,2135413,21749,13185,14,13199,260
2020-07-02,San Diego,073,3302833,19255,15208,2,15210,377
2020-07-02,San Francisco,075,870044,4316,3676,2,3678,50
2020-07-02,San Joaquin,077,732212,6363,4243,4,4247,56
2020-07-02,San Luis Obispo,079,281455,953,659,7,666,2
2020-07-02,San Mateo,081,765935,3876,3390,6,3396,107
2020-07-02,Santa Barbara,083,443738,4118,3385,32,3417,27
2020-07-02,Santa Clara,085,1922200,6449,4722,18,4740,160
2020-07-02,Santa Cruz,087,273765,536,414,0,414,2
2020-07-02,Shasta,089,179085,241,110,1,111,5
2020-07-02,Sierra,091,2930,1,1,0,1,0
2020-07-02,Siskiyou,093,43540,36,30,0,30,0
2020-07-02,Solano,095,438530,2111,1429,8,1437,21
2020-07-02,Sonoma,097,501317,1709,1244,5,1249,6
2020-07-02,Stanislaus,099,539301,4838,2850,7,2857,41
2020-07-02,Sutter,101,95872,282,195,0,195,2
2020-07-02,Tehama,103,63373,113,86,2,88,1
2020-07-02,Trinity,105,12862,19,2,5,7,0
2020-07-02,Tulare,107,460477,6073,4559,13,4572,132
2020-07-02,Tuolumne,109,53932,58,23,2,25,0
2020-07-02,Ventura,111,848112,4826,3394,19,3413,42
2020-07-02,Yolo,113,214977,845,554,3,557,24
2020-07-02,Yuba,115,75493,115,93,0,93,1
2020-07-01,Alameda,001,1643700,7596,6125,12,6137,137
2020-07-01,Alpine,003,1148,1,1,0,1,0
2020-07-01,Amador,005,37829,34,22,0,22,0
2020-07-01,Butte,007,227075,324,185,8,193,2
2020-07-01,Calaveras,009,45235,63,37,0,37,0
2020-07-01,Colusa,011,21464,103,53,0,53,0
2020-07-01,Contra Costa,013,1133247,4347,3259,6,3265,76
2020-07-01,Del Norte,015,27424,59,50,0,50,0
2020-07-01,El Dorado,017,186661,316,183,1,184,0
2020-07-01,Fresno,019,978130,10485,5111,83,5194,76
2020-07-01,Glenn,021,27897,170,110,0,110,0
2020-07-01,Humboldt,023,135768,164,134,0,134,3
2020-07-01,Imperial,025,180216,8294,6150,4,6154,46
2020-07-01,Inyo,027,18085,34,30,1,31,1
2020-07-01,Kern,029,883053,10255,4853,34,4887,78
2020-07-01,Kings,031,150075,2868,2360,10,2370,30
2020-07-01,Lake,033,64148,103,75,0,75,0
2020-07-01,Lassen,035,31185,255,217,2,219,0
2020-07-01,Los Angeles,037,10098052,124910,105325,45,105370,3408
2020-07-01,Madera,039,155013,1069,519,3,522,4
2020-07-01,Marin,041,260295,3147,1636,4,1640,17
2020-07-01,Mariposa,043,17540,35,29,0,29,1
2020-07-01,Mendocino,045,87422,95,70,0,70,0
2020-07-01,Merced,047,269075,1986,1052,2,1054,10
2020-07-01,Modoc,049,8938,1,0,0,0,0
2020-07-01,Mono,051,14174,51,37,0,37,1
2020-07-01,Monterey,053,433212,2382,1703,6,1709,15
2020-07-01,Napa,055,140530,513,347,0,347,4
2020-07-01,Nevada,057,99092,166,115,4,119,1
2020-07-01,Orange,059,3164182,25044,15662,230,15892,343
2020-07-01,Placer,061,380077,1032,713,3,716,11
2020-07-01,Plumas,063,18699,13,8,0,8,0
2020-07-01,Riverside,065,2383286,25610,19537,28,19565,457
2020-07-01,Sacramento,067,1510023,4883,3425,6,3431,64
2020-07-01,San Benito,069,59416,312,219,0,219,2
2020-07-01,San Bernardino,071,2135413,20854,12712,11,12723,253
2020-07-01,San Diego,073,3302833,18687,14624,2,14626,372
2020-07-01,San Francisco,075,870044,4223,3626,2,3628,50
2020-07-01,San Joaquin,077,732212,6005,3990,4,3994,54
2020-07-01,San Luis Obispo,079,281455,926,613,7,620,1
2020-07-01,San Mateo,081,765935,3814,3326,6,3332,84
2020-07-01,Santa Barbara,083,443738,3998,3268,31,3299,27
2020-07-01,Santa Clara,085,1922200,6261,4547,17,4564,159
2020-07-01,Santa Cruz,087,273765,512,398,0,398,2
2020-07-01,Shasta,089,179085,236,104,1,105,5
2020-07-01,Sierra,091,2930,1,1,0,1,0
2020-07-01,Siskiyou,093,43540,36,28,0,28,0
2020-07-01,Solano,095,438530,2022,1350,8,1358,21
2020-07-01,Sonoma,097,501317,1614,1178,5,1183,6
2020-07-01,Stanislaus,099,539301,4559,2619,7,2626,41
2020-07-01,Sutter,101,95872,269,188,0,188,2
2020-07-01,Tehama,103,63373,106,80,2,82,1
2020-07-01,Trinity,105,12862,19,2,4,6,0
2020-07-01,Tulare,107,460477,5895,4359,13,4372,128
2020-07-01,Tuolumne,109,53932,55,17,2,19,0
2020-07-01,Ventura,111,848112,4683,3224,17,3241,41
2020-07-01,Yolo,113,214977,794,526,3,529,24
2020-07-01,Yuba,115,75493,110,57,0,57,1
2020-06-30,Alameda,001,1643700,7347,5959,10,5969,137
2020-06-30,Alpine,003,1148,1,1,0,1,0
2020-06-30,Amador,005,37829,34,21,0,21,0
2020-06-30,Butte,007,227075,307,163,8,171,2
2020-06-30,Calaveras,009,45235,58,31,0,31,0
2020-06-30,Colusa,011,21464,94,33,0,33,0
2020-06-30,Contra Costa,013,1133247,4140,3140,6,3146,75
2020-06-30,Del Norte,015,27424,59,48,0,48,0
2020-06-30,El Dorado,017,186661,303,175,1,176,0
2020-06-30,Fresno,019,978130,10038,4826,77,4903,75
2020-06-30,Glenn,021,27897,165,96,0,96,0
2020-06-30,Humboldt,023,135768,160,132,0,132,3
2020-06-30,Imperial,025,180216,8196,5968,4,5972,45
2020-06-30,Inyo,027,18085,34,30,1,31,1
2020-06-30,Kern,029,883053,9608,4721,31,4752,75
2020-06-30,Kings,031,150075,2819,2315,7,2322,30
2020-06-30,Lake,033,64148,95,56,0,56,0
2020-06-30,Lassen,035,31185,248,215,2,217,0
2020-06-30,Los Angeles,037,10098052,121330,103640,42,103682,3378
2020-06-30,Madera,039,155013,1012,475,3,478,4
2020-06-30,Marin,041,260295,3076,1614,4,1618,17
2020-06-30,Mariposa,043,17540,34,27,0,27,1
2020-06-30,Mendocino,045,87422,90,65,0,65,0
2020-06-30,Merced,047,269075,1849,970,2,972,10
2020-06-30,Modoc,049,8938,1,0,0,0,0
2020-06-30,Mono,051,14174,49,36,0,36,1
2020-06-30,Monterey,053,433212,2285,1657,6,1663,15
2020-06-30,Napa,055,140530,488,342,0,342,4
2020-06-30,Nevada,057,99092,158,113,4,117,1
2020-06-30,Orange,059,3164182,24113,14354,220,14574,335
2020-06-30,Placer,061,380077,1005,667,3,670,11
2020-06-30,Plumas,063,18699,12,8,0,8,0
2020-06-30,Riverside,065,2383286,24893,18656,27,18683,449
2020-06-30,Sacramento,067,1510023,4594,3246,6,3252,64
2020-06-30,San Benito,069,59416,301,200,0,200,2
2020-06-30,San Bernardino,071,2135413,19872,12375,10,12385,249
2020-06-30,San Diego,073,3302833,17982,14150,2,14152,365
2020-06-30,San Francisco,075,870044,4118,3555,1,3556,50
2020-06-30,San Joaquin,077,732212,5630,3744,4,3748,52
2020-06-30,San Luis Obispo,079,281455,888,583,7,590,1
2020-06-30,San Mateo,081,765935,3736,3268,6,3274,84
2020-06-30,Santa Barbara,083,443738,3882,3102,31,3133,25
2020-06-30,Santa Clara,085,1922200,6059,4346,17,4363,157
2020-06-30,Santa Cruz,087,273765,486,379,0,379,2
2020-06-30,Shasta,089,179085,220,100,1,101,5
2020-06-30,Sierra,091,2930,1,1,0,1,0
2020-06-30,Siskiyou,093,43540,35,26,0,26,0
2020-06-30,Solano,095,438530,1930,1256,8,1264,21
2020-06-30,Sonoma,097,501317,1550,1122,5,1127,6
2020-06-30,Stanislaus,099,539301,4261,2578,7,2585,41
2020-06-30,Sutter,101,95872,246,168,0,168,2
2020-06-30,Tehama,103,63373,104,75,2,77,1
2020-06-30,Trinity,105,12862,19,2,4,6,0
2020-06-30,Tulare,107,460477,5686,4207,13,4220,117
2020-06-30,Tuolumne,109,53932,51,16,2,18,0
2020-06-30,Ventura,111,848112,4549,3030,17,3047,40
2020-06-30,Yolo,113,214977,756,515,3,518,24
2020-06-30,Yuba,115,75493,106,55,0,55,1
2020-06-29,Alameda,001,1643700,7138,5766,10,5776,135
2020-06-29,Alpine,003,1148,1,1,0,1,0
2020-06-29,Amador,005,37829,31,20,0,20,0
2020-06-29,Butte,007,227075,286,157,8,165,2
2020-06-29,Calaveras,009,45235,56,30,0,30,0
2020-06-29,Colusa,011,21464,89,17,0,17,0
2020-06-29,Contra Costa,013,1133247,3977,2976,5,2981,75
2020-06-29,Del Norte,015,27424,59,47,0,47,0
2020-06-29,El Dorado,017,186661,289,163,0,163,0
2020-06-29,Fresno,019,978130,9690,4531,75,4606,74
2020-06-29,Glenn,021,27897,156,77,0,77,0
2020-06-29,Humboldt,023,135768,159,128,0,128,3
2020-06-29,Imperial,025,180216,8065,5512,4,5516,45
2020-06-29,Inyo,027,18085,33,29,0,29,1
2020-06-29,Kern,029,883053,8945,4613,29,4642,73
2020-06-29,Kings,031,150075,2754,2280,7,2287,20
2020-06-29,Lake,033,64148,88,53,0,53,0
2020-06-29,Lassen,035,31185,240,77,2,79,0
2020-06-29,Los Angeles,037,10098052,118292,100846,36,100882,3337
2020-06-29,Madera,039,155013,955,422,3,425,4
2020-06-29,Marin,041,260295,3000,1517,4,1521,17
2020-06-29,Mariposa,043,17540,32,25,0,25,1
2020-06-29,Mendocino,045,87422,87,63,0,63,0
2020-06-29,Merced,047,269075,1743,848,2,850,10
2020-06-29,Modoc,049,8938,1,0,0,0,0
2020-06-29,Mono,051,14174,47,35,0,35,1
2020-06-29,Monterey,053,433212,2213,1614,6,1620,14
2020-06-29,Napa,055,140530,466,317,0,317,4
2020-06-29,Nevada,057,99092,155,107,3,110,1
2020-06-29,Orange,059,3164182,23123,13682,204,13886,324
2020-06-29,Placer,061,380077,969,628,3,631,11
2020-06-29,Plumas,063,18699,12,6,0,6,0
2020-06-29,Riverside,065,2383286,23859,17683,27,17710,432
2020-06-29,Sacramento,067,1510023,4307,2985,6,2991,62
2020-06-29,San Benito,069,59416,286,193,0,193,2
2020-06-29,San Bernardino,071,2135413,18911,11643,10,11653,245
2020-06-29,San Diego,073,3302833,17404,13834,2,13836,361
2020-06-29,San Francisco,075,870044,4041,3389,1,3390,50
2020-06-29,San Joaquin,077,732212,5272,3202,4,3206,52
2020-06-29,San Luis Obispo,079,281455,854,544,7,551,1
2020-06-29,San Mateo,081,765935,3682,3170,6,3176,84
2020-06-29,Santa Barbara,083,443738,3773,2933,30,2963,25
2020-06-29,Santa Clara,085,1922200,5888,4231,17,4248,157
2020-06-29,Santa Cruz,087,273765,468,348,0,348,2
2020-06-29,Shasta,089,179085,212,94,1,95,5
2020-06-29,Sierra,091,2930,1,1,0,1,0
2020-06-29,Siskiyou,093,43540,35,25,0,25,0
2020-06-29,Solano,095,438530,1828,1077,8,1085,21
2020-06-29,Sonoma,097,501317,1478,1103,5,1108,5
2020-06-29,Stanislaus,099,539301,4055,2400,6,2406,36
2020-06-29,Sutter,101,95872,224,152,0,152,2
2020-06-29,Tehama,103,63373,100,63,2,65,1
2020-06-29,Trinity,105,12862,18,2,4,6,0
2020-06-29,Tulare,107,460477,5531,3906,12,3918,117
2020-06-29,Tuolumne,109,53932,47,16,2,18,0
2020-06-29,Ventura,111,848112,4402,2794,17,2811,40
2020-06-29,Yolo,113,214977,723,483,3,486,24
2020-06-29,Yuba,115,75493,93,55,0,55,1
2020-06-28,Alameda,001,1643700,6879,5698,10,5708,135
2020-06-28,Alpine,003,1148,1,1,0,1,0
2020-06-28,Amador,005,37829,29,20,0,20,0
2020-06-28,Butte,007,227075,266,150,8,158,2
2020-06-28,Calaveras,009,45235,51,30,0,30,0
2020-06-28,Colusa,011,21464,74,17,0,17,0
2020-06-28,Contra Costa,013,1133247,3787,2803,4,2807,73
2020-06-28,Del Norte,015,27424,58,47,0,47,0
2020-06-28,El Dorado,017,186661,277,162,0,162,0
2020-06-28,Fresno,019,978130,9328,4365,75,4440,74
2020-06-28,Glenn,021,27897,148,77,0,77,0
2020-06-28,Humboldt,023,135768,156,127,0,127,3
2020-06-28,Imperial,025,180216,7876,5513,4,5517,45
2020-06-28,Inyo,027,18085,33,29,0,29,1
2020-06-28,Kern,029,883053,8394,4541,27,4568,72
2020-06-28,Kings,031,150075,2694,2234,7,2241,18
2020-06-28,Lake,033,64148,84,53,0,53,0
2020-06-28,Lassen,035,31185,240,77,2,79,0
2020-06-28,Los Angeles,037,10098052,115091,98003,32,98035,3316
2020-06-28,Madera,039,155013,907,424,3,427,4
2020-06-28,Marin,041,260295,2654,1473,4,1477,17
2020-06-28,Mariposa,043,17540,32,24,0,24,1
2020-06-28,Mendocino,045,87422,85,63,0,63,0
2020-06-28,Merced,047,269075,1630,814,2,816,10
2020-06-28,Modoc,049,8938,1,0,0,0,0
2020-06-28,Mono,051,14174,47,35,0,35,1
2020-06-28,Monterey,053,433212,2131,1560,6,1566,13
2020-06-28,Napa,055,140530,432,307,0,307,4
2020-06-28,Nevada,057,99092,144,102,3,105,1
2020-06-28,Orange,059,3164182,22149,13213,186,13399,324
2020-06-28,Placer,061,380077,930,618,3,621,11
2020-06-28,Plumas,063,18699,11,6,0,6,0
2020-06-28,Riverside,065,2383286,23031,16848,26,16874,432
2020-06-28,Sacramento,067,1510023,4079,2803,6,2809,63
2020-06-28,San Benito,069,59416,275,190,0,190,2
2020-06-28,San Bernardino,071,2135413,18158,11344,9,11353,245
2020-06-28,San Diego,073,3302833,16859,13333,2,13335,361
2020-06-28,San Francisco,075,870044,3962,3388,1,3389,50
2020-06-28,San Joaquin,077,732212,4935,3201,4,3205,52
2020-06-28,San Luis Obispo,079,281455,815,531,6,537,1
2020-06-28,San Mateo,081,765935,3604,3124,6,3130,84
2020-06-28,Santa Barbara,083,443738,3628,2872,30,2902,25
2020-06-28,Santa Clara,085,1922200,5726,4131,17,4148,156
2020-06-28,Santa Cruz,087,273765,445,349,0,349,2
2020-06-28,Shasta,089,179085,199,89,0,89,5
2020-06-28,Sierra,091,2930,1,1,0,1,0
2020-06-28,Siskiyou,093,43540,35,25,0,25,0
2020-06-28,Solano,095,438530,1753,1077,8,1085,21
2020-06-28,Sonoma,097,501317,1424,1084,5,1089,5
2020-06-28,Stanislaus,099,539301,3849,2376,6,2382,36
2020-06-28,Sutter,101,95872,198,145,0,145,2
2020-06-28,Tehama,103,63373,93,63,2,65,1
2020-06-28,Trinity,105,12862,17,2,4,6,0
2020-06-28,Tulare,107,460477,5363,3812,12,3824,117
2020-06-28,Tuolumne,109,53932,42,14,2,16,0
2020-06-28,Ventura,111,848112,4244,2650,17,2667,40
2020-06-28,Yolo,113,214977,688,468,3,471,24
2020-06-28,Yuba,115,75493,89,39,0,39,1
2020-06-27,Alameda,001,1643700,6783,5581,10,5591,135
2020-06-27,Alpine,003,1148,1,1,0,1,0
2020-06-27,Amador,005,37829,27,20,0,20,0
2020-06-27,Butte,007,227075,258,137,8,145,2
2020-06-27,Calaveras,009,45235,49,30,0,30,0
2020-06-27,Colusa,011,21464,68,17,0,17,0
2020-06-27,Contra Costa,013,1133247,3692,2717,3,2720,72
2020-06-27,Del Norte,015,27424,58,47,0,47,0
2020-06-27,El Dorado,017,186661,271,159,0,159,0
2020-06-27,Fresno,019,978130,9082,4238,75,4313,74
2020-06-27,Glenn,021,27897,144,77,0,77,0
2020-06-27,Humboldt,023,135768,154,127,0,127,3
2020-06-27,Imperial,025,180216,7815,5513,4,5517,45
2020-06-27,Inyo,027,18085,33,29,0,29,1
2020-06-27,Kern,029,883053,8130,4411,26,4437,70
2020-06-27,Kings,031,150075,2668,2187,7,2194,18
2020-06-27,Lake,033,64148,81,42,0,42,0
2020-06-27,Lassen,035,31185,240,33,2,35,0
2020-06-27,Los Angeles,037,10098052,113349,95341,29,95370,3291
2020-06-27,Madera,039,155013,864,427,2,429,4
2020-06-27,Marin,041,260295,2609,1423,4,1427,17
2020-06-27,Mariposa,043,17540,31,22,0,22,1
2020-06-27,Mendocino,045,87422,85,63,0,63,0
2020-06-27,Merced,047,269075,1572,807,1,808,10
2020-06-27,Modoc,049,8938,1,0,0,0,0
2020-06-27,Mono,051,14174,46,35,0,35,1
2020-06-27,Monterey,053,433212,2067,1455,6,1461,12
2020-06-27,Napa,055,140530,422,282,0,282,3
2020-06-27,Nevada,057,99092,140,102,2,104,1
2020-06-27,Orange,059,3164182,21638,12951,181,13132,320
2020-06-27,Placer,061,380077,909,584,3,587,10
2020-06-27,Plumas,063,18699,11,6,0,6,0
2020-06-27,Riverside,065,2383286,22642,16209,26,16235,432
2020-06-27,Sacramento,067,1510023,3962,2685,6,2691,63
2020-06-27,San Benito,069,59416,268,182,0,182,2
2020-06-27,San Bernardino,071,2135413,17780,11238,9,11247,243
2020-06-27,San Diego,073,3302833,16494,12836,2,12838,360
2020-06-27,San Francisco,075,870044,3907,3332,1,3333,49
2020-06-27,San Joaquin,077,732212,4769,2995,4,2999,52
2020-06-27,San Luis Obispo,079,281455,792,505,6,511,1
2020-06-27,San Mateo,081,765935,3547,3083,6,3089,83
2020-06-27,Santa Barbara,083,443738,3556,2799,30,2829,25
2020-06-27,Santa Clara,085,1922200,5620,4006,17,4023,157
2020-06-27,Santa Cruz,087,273765,438,347,0,347,2
2020-06-27,Shasta,089,179085,193,87,0,87,5
2020-06-27,Sierra,091,2930,1,1,0,1,0
2020-06-27,Siskiyou,093,43540,35,25,0,25,0
2020-06-27,Solano,095,438530,1720,1076,8,1084,21
2020-06-27,Sonoma,097,501317,1393,1004,5,1009,5
2020-06-27,Stanislaus,099,539301,3749,2164,6,2170,36
2020-06-27,Sutter,101,95872,191,141,0,141,2
2020-06-27,Tehama,103,63373,90,63,2,65,1
2020-06-27,Trinity,105,12862,17,2,4,6,0
2020-06-27,Tulare,107,460477,5267,3810,12,3822,117
2020-06-27,Tuolumne,109,53932,41,13,2,15,0
2020-06-27,Ventura,111,848112,4144,2471,17,2488,40
2020-06-27,Yolo,113,214977,664,432,3,435,24
2020-06-27,Yuba,115,75493,81,39,0,39,1
2020-06-26,Alameda,001,1643700,6697,5502,9,5511,132
2020-06-26,Alpine,003,1148,1,1,0,1,0
2020-06-26,Amador,005,37829,26,20,0,20,0
2020-06-26,Butte,007,227075,243,135,8,143,2
2020-06-26,Calaveras,009,45235,47,30,0,30,0
2020-06-26,Colusa,011,21464,63,17,0,17,0
2020-06-26,Contra Costa,013,1133247,3579,2676,3,2679,72
2020-06-26,Del Norte,015,27424,57,47,0,47,0
2020-06-26,El Dorado,017,186661,263,159,0,159,0
2020-06-26,Fresno,019,978130,8856,4166,75,4241,74
2020-06-26,Glenn,021,27897,137,71,0,71,0
2020-06-26,Humboldt,023,135768,152,126,0,126,3
2020-06-26,Imperial,025,180216,7752,5400,4,5404,44
2020-06-26,Inyo,027,18085,32,29,0,29,1
2020-06-26,Kern,029,883053,7800,4366,26,4392,70
2020-06-26,Kings,031,150075,2636,2176,6,2182,18
2020-06-26,Lake,033,64148,80,42,0,42,0
2020-06-26,Lassen,035,31185,239,30,2,32,0
2020-06-26,Los Angeles,037,10098052,111184,93328,29,93357,3275
2020-06-26,Madera,039,155013,832,409,2,411,4
2020-06-26,Marin,041,260295,2572,1406,4,1410,17
2020-06-26,Mariposa,043,17540,30,21,0,21,1
2020-06-26,Mendocino,045,87422,82,63,0,63,0
2020-06-26,Merced,047,269075,1526,797,1,798,10
2020-06-26,Modoc,049,8938,1,0,0,0,0
2020-06-26,Mono,051,14174,45,35,0,35,1
2020-06-26,Monterey,053,433212,2015,1449,6,1455,12
2020-06-26,Napa,055,140530,412,277,0,277,3
2020-06-26,Nevada,057,99092,136,101,1,102,1
2020-06-26,Orange,059,3164182,20962,12659,178,12837,320
2020-06-26,Placer,061,380077,880,584,3,587,10
2020-06-26,Plumas,063,18699,11,6,0,6,0
2020-06-26,Riverside,065,2383286,22179,15858,26,15884,430
2020-06-26,Sacramento,067,1510023,3797,2687,6,2693,63
2020-06-26,San Benito,069,59416,264,176,0,176,2
2020-06-26,San Bernardino,071,2135413,17403,11111,9,11120,243
2020-06-26,San Diego,073,3302833,16129,12402,2,12404,358
2020-06-26,San Francisco,075,870044,3852,3330,1,3331,49
2020-06-26,San Joaquin,077,732212,4555,2943,4,2947,52
2020-06-26,San Luis Obispo,079,281455,777,498,6,504,1
2020-06-26,San Mateo,081,765935,3495,3055,6,3061,83
2020-06-26,Santa Barbara,083,443738,3466,2784,28,2812,25
2020-06-26,Santa Clara,085,1922200,5519,3968,17,3985,156
2020-06-26,Santa Cruz,087,273765,431,344,0,344,2
2020-06-26,Shasta,089,179085,186,86,0,86,5
2020-06-26,Sierra,091,2930,1,1,0,1,0
2020-06-26,Siskiyou,093,43540,34,24,0,24,0
2020-06-26,Solano,095,438530,1678,1068,8,1076,21
2020-06-26,Sonoma,097,501317,1361,977,5,982,5
2020-06-26,Stanislaus,099,539301,3636,2157,6,2163,36
2020-06-26,Sutter,101,95872,184,138,0,138,2
2020-06-26,Tehama,103,63373,87,63,2,65,1
2020-06-26,Trinity,105,12862,17,2,4,6,0
2020-06-26,Tulare,107,460477,5178,3720,12,3732,117
2020-06-26,Tuolumne,109,53932,39,10,2,12,0
2020-06-26,Ventura,111,848112,4058,2444,17,2461,40
2020-06-26,Yolo,113,214977,641,418,3,421,24
2020-06-26,Yuba,115,75493,75,38,0,38,1
2020-06-25,Alameda,001,1643700,6508,5398,9,5407,130
2020-06-25,Alpine,003,1148,1,1,0,1,0
2020-06-25,Amador,005,37829,25,18,0,18,0
2020-06-25,Butte,007,227075,238,127,8,135,1
2020-06-25,Calaveras,009,45235,42,26,0,26,0
2020-06-25,Colusa,011,21464,53,14,0,14,0
2020-06-25,Contra Costa,013,1133247,3394,2591,3,2594,71
2020-06-25,Del Norte,015,27424,55,47,0,47,0
2020-06-25,El Dorado,017,186661,255,150,0,150,0
2020-06-25,Fresno,019,978130,8543,3938,74,4012,71
2020-06-25,Glenn,021,27897,132,59,0,59,0
2020-06-25,Humboldt,023,135768,151,121,0,121,3
2020-06-25,Imperial,025,180216,7623,5192,4,5196,44
2020-06-25,Inyo,027,18085,29,27,0,27,1
2020-06-25,Kern,029,883053,7375,4236,23,4259,69
2020-06-25,Kings,031,150075,2584,2110,6,2116,17
2020-06-25,Lake,033,64148,79,42,0,42,0
2020-06-25,Lassen,035,31185,233,13,2,15,0
2020-06-25,Los Angeles,037,10098052,108418,91524,29,91553,3239
2020-06-25,Madera,039,155013,788,380,2,382,4
2020-06-25,Marin,041,260295,2470,1321,4,1325,17
2020-06-25,Mariposa,043,17540,29,20,0,20,1
2020-06-25,Mendocino,045,87422,79,61,0,61,0
2020-06-25,Merced,047,269075,1439,747,1,748,10
2020-06-25,Modoc,049,8938,1,0,0,0,0
2020-06-25,Mono,051,14174,44,35,0,35,1
2020-06-25,Monterey,053,433212,1927,1426,5,1431,12
2020-06-25,Napa,055,140530,394,260,0,260,3
2020-06-25,Nevada,057,99092,128,92,1,93,1
2020-06-25,Orange,059,3164182,20040,12221,176,12397,311
2020-06-25,Placer,061,380077,826,574,3,577,10
2020-06-25,Plumas,063,18699,10,6,0,6,0
2020-06-25,Riverside,065,2383286,21424,15224,26,15250,427
2020-06-25,Sacramento,067,1510023,3574,2519,6,2525,62
2020-06-25,San Benito,069,59416,256,174,0,174,2
2020-06-25,San Bernardino,071,2135413,16650,10590,9,10599,242
2020-06-25,San Diego,073,3302833,15590,11963,2,11965,352
2020-06-25,San Francisco,075,870044,3786,3252,1,3253,48
2020-06-25,San Joaquin,077,732212,4282,2803,4,2807,50
2020-06-25,San Luis Obispo,079,281455,745,473,6,479,1
2020-06-25,San Mateo,081,765935,3427,2996,6,3002,82
2020-06-25,Santa Barbara,083,443738,3361,2622,27,2649,25
2020-06-25,Santa Clara,085,1922200,5370,3871,17,3888,156
2020-06-25,Santa Cruz,087,273765,419,335,0,335,2
2020-06-25,Shasta,089,179085,176,84,0,84,5
2020-06-25,Sierra,091,2930,1,1,0,1,0
2020-06-25,Siskiyou,093,43540,33,24,0,24,0
2020-06-25,Solano,095,438530,1625,1034,8,1042,21
2020-06-25,Sonoma,097,501317,1313,953,4,957,5
2020-06-25,Stanislaus,099,539301,3424,2130,6,2136,36
2020-06-25,Sutter,101,95872,172,126,0,126,2
2020-06-25,Tehama,103,63373,83,59,2,61,1
2020-06-25,Trinity,105,12862,17,2,4,6,0
2020-06-25,Tulare,107,460477,5047,3656,12,3668,117
2020-06-25,Tuolumne,109,53932,38,10,1,11,0
2020-06-25,Ventura,111,848112,3876,2346,16,2362,40
2020-06-25,Yolo,113,214977,612,397,3,400,24
2020-06-25,Yuba,115,75493,64,38,0,38,1
2020-06-24,Alameda,001,1643700,6346,5242,9,5251,123
2020-06-24,Alpine,003,1148,1,1,0,1,0
2020-06-24,Amador,005,37829,23,16,0,16,0
2020-06-24,Butte,007,227075,222,119,7,126,1
2020-06-24,Calaveras,009,45235,40,26,0,26,0
2020-06-24,Colusa,011,21464,44,11,0,11,0
2020-06-24,Contra Costa,013,1133247,3239,2520,3,2523,66
2020-06-24,Del Norte,015,27424,49,47,0,47,0
2020-06-24,El Dorado,017,186661,239,149,0,149,0
2020-06-24,Fresno,019,978130,8212,3765,74,3839,71
2020-06-24,Glenn,021,27897,124,54,0,54,0
2020-06-24,Humboldt,023,135768,151,117,0,117,3
2020-06-24,Imperial,025,180216,7505,5138,4,5142,38
2020-06-24,Inyo,027,18085,29,28,0,28,1
2020-06-24,Kern,029,883053,6982,4155,21,4176,67
2020-06-24,Kings,031,150075,2520,2063,6,2069,16
2020-06-24,Lake,033,64148,66,40,0,40,0
2020-06-24,Lassen,035,31185,232,9,2,11,0
2020-06-24,Los Angeles,037,10098052,105656,89566,29,89595,3186
2020-06-24,Madera,039,155013,766,373,2,375,4
2020-06-24,Marin,041,260295,2242,1261,4,1265,17
2020-06-24,Mariposa,043,17540,28,19,0,19,1
2020-06-24,Mendocino,045,87422,79,60,0,60,0
2020-06-24,Merced,047,269075,1353,696,1,697,8
2020-06-24,Modoc,049,8938,1,0,0,0,0
2020-06-24,Mono,051,14174,42,35,0,35,1
2020-06-24,Monterey,053,433212,1850,1407,5,1412,12
2020-06-24,Napa,055,140530,377,258,0,258,3
2020-06-24,Nevada,057,99092,122,92,1,93,1
2020-06-24,Orange,059,3164182,19043,11804,158,11962,303
2020-06-24,Placer,061,380077,787,548,3,551,10
2020-06-24,Plumas,063,18699,10,6,0,6,0
2020-06-24,Riverside,065,2383286,20576,14946,26,14972,410
2020-06-24,Sacramento,067,1510023,3370,2446,5,2451,62
2020-06-24,San Benito,069,59416,252,171,0,171,2
2020-06-24,San Bernardino,071,2135413,15836,10211,9,10220,239
2020-06-24,San Diego,073,3302833,15087,11628,2,11630,347
2020-06-24,San Francisco,075,870044,3723,3216,1,3217,48
2020-06-24,San Joaquin,077,732212,4061,2680,4,2684,49
2020-06-24,San Luis Obispo,079,281455,714,461,5,466,1
2020-06-24,San Mateo,081,765935,3370,2964,6,2970,82
2020-06-24,Santa Barbara,083,443738,3242,2569,25,2594,22
2020-06-24,Santa Clara,085,1922200,5239,3812,17,3829,155
2020-06-24,Santa Cruz,087,273765,407,329,0,329,2
2020-06-24,Shasta,089,179085,168,83,0,83,5
2020-06-24,Sierra,091,2930,1,1,0,1,0
2020-06-24,Siskiyou,093,43540,32,24,0,24,0
2020-06-24,Solano,095,438530,1535,979,7,986,21
2020-06-24,Sonoma,097,501317,1264,933,4,937,4
2020-06-24,Stanislaus,099,539301,3245,2039,6,2045,36
2020-06-24,Sutter,101,95872,159,118,0,118,2
2020-06-24,Tehama,103,63373,81,55,2,57,1
2020-06-24,Trinity,105,12862,16,2,3,5,0
2020-06-24,Tulare,107,460477,4892,3541,10,3551,116
2020-06-24,Tuolumne,109,53932,33,9,1,10,0
2020-06-24,Ventura,111,848112,3535,2314,16,2330,42
2020-06-24,Yolo,113,214977,577,376,3,379,24
2020-06-24,Yuba,115,75493,58,37,0,37,1
2020-06-23,Alameda,001,1643700,6165,5159,9,5168,121
2020-06-23,Alpine,003,1148,1,1,0,1,0
2020-06-23,Amador,005,37829,22,13,0,13,0
2020-06-23,Butte,007,227075,204,111,7,118,1
2020-06-23,Calaveras,009,45235,40,26,0,26,0
2020-06-23,Colusa,011,21464,40,7,0,7,0
2020-06-23,Contra Costa,013,1133247,3113,2453,3,2456,60
2020-06-23,Del Norte,015,27424,48,46,0,46,0
2020-06-23,El Dorado,017,186661,230,142,0,142,0
2020-06-23,Fresno,019,978130,7560,3569,72,3641,67
2020-06-23,Glenn,021,27897,120,47,0,47,0
2020-06-23,Humboldt,023,135768,151,110,0,110,3
2020-06-23,Imperial,025,180216,7342,5025,4,5029,38
2020-06-23,Inyo,027,18085,29,26,0,26,1
2020-06-23,Kern,029,883053,6614,4087,18,4105,64
2020-06-23,Kings,031,150075,2455,1727,6,1733,16
2020-06-23,Lake,033,64148,60,40,0,40,0
2020-06-23,Lassen,035,31185,228,9,2,11,0
2020-06-23,Los Angeles,037,10098052,102714,88433,28,88461,3152
2020-06-23,Madera,039,155013,727,369,2,371,4
2020-06-23,Marin,041,260295,1974,1139,4,1143,17
2020-06-23,Mariposa,043,17540,26,18,0,18,1
2020-06-23,Mendocino,045,87422,78,61,0,61,0
2020-06-23,Merced,047,269075,1255,656,1,657,8
2020-06-23,Modoc,049,8938,1,0,0,0,0
2020-06-23,Mono,051,14174,42,35,0,35,1
2020-06-23,Monterey,053,433212,1780,1346,5,1351,12
2020-06-23,Napa,055,140530,362,230,0,230,3
2020-06-23,Nevada,057,99092,116,81,1,82,1
2020-06-23,Orange,059,3164182,18074,11071,155,11226,278
2020-06-23,Placer,061,380077,761,525,3,528,10
2020-06-23,Plumas,063,18699,9,6,0,6,0
2020-06-23,Riverside,065,2383286,19557,14469,26,14495,406
2020-06-23,Sacramento,067,1510023,3191,2374,5,2379,62
2020-06-23,San Benito,069,59416,238,167,0,167,2
2020-06-23,San Bernardino,071,2135413,15056,9771,9,9780,229
2020-06-23,San Diego,073,3302833,14567,11296,2,11298,341
2020-06-23,San Francisco,075,870044,3649,3177,1,3178,48
2020-06-23,San Joaquin,077,732212,3802,2502,4,2506,48
2020-06-23,San Luis Obispo,079,281455,683,445,5,450,1
2020-06-23,San Mateo,081,765935,3305,2907,6,2913,81
2020-06-23,Santa Barbara,083,443738,3147,2498,25,2523,22
2020-06-23,Santa Clara,085,1922200,5093,3700,17,3717,155
2020-06-23,Santa Cruz,087,273765,397,313,0,313,2
2020-06-23,Shasta,089,179085,159,81,0,81,5
2020-06-23,Sierra,091,2930,1,1,0,1,0
2020-06-23,Siskiyou,093,43540,30,24,0,24,0
2020-06-23,Solano,095,438530,1478,941,6,947,21
2020-06-23,Sonoma,097,501317,1211,912,4,916,4
2020-06-23,Stanislaus,099,539301,3069,1850,6,1856,35
2020-06-23,Sutter,101,95872,149,112,0,112,2
2020-06-23,Tehama,103,63373,79,50,2,52,1
2020-06-23,Trinity,105,12862,16,2,3,5,0
2020-06-23,Tulare,107,460477,4770,3456,10,3466,111
2020-06-23,Tuolumne,109,53932,28,9,0,9,0
2020-06-23,Ventura,111,848112,3375,2209,15,2224,40
2020-06-23,Yolo,113,214977,551,350,0,350,24
2020-06-23,Yuba,115,75493,55,35,0,35,1
2020-06-22,Alameda,001,1643700,6014,4944,9,4953,121
2020-06-22,Alpine,003,1148,1,1,0,1,0
2020-06-22,Amador,005,37829,19,12,0,12,0
2020-06-22,Butte,007,227075,185,104,7,111,1
2020-06-22,Calaveras,009,45235,38,20,0,20,0
2020-06-22,Colusa,011,21464,37,7,0,7,0
2020-06-22,Contra Costa,013,1133247,2971,2363,3,2366,60
2020-06-22,Del Norte,015,27424,48,46,0,46,0
2020-06-22,El Dorado,017,186661,221,137,0,137,0
2020-06-22,Fresno,019,978130,7028,3425,72,3497,67
2020-06-22,Glenn,021,27897,111,40,0,40,0
2020-06-22,Humboldt,023,135768,148,110,0,110,3
2020-06-22,Imperial,025,180216,7185,4700,4,4704,38
2020-06-22,Inyo,027,18085,29,26,0,26,1
2020-06-22,Kern,029,883053,6262,3982,16,3998,60
2020-06-22,Kings,031,150075,2406,1513,6,1519,13
2020-06-22,Lake,033,64148,54,37,0,37,0
2020-06-22,Lassen,035,31185,118,7,2,9,0
2020-06-22,Los Angeles,037,10098052,99817,85925,26,85951,3117
2020-06-22,Madera,039,155013,702,333,2,335,4
2020-06-22,Marin,041,260295,1717,1029,4,1033,17
2020-06-22,Mariposa,043,17540,25,18,0,18,1
2020-06-22,Mendocino,045,87422,73,48,0,48,0
2020-06-22,Merced,047,269075,1166,619,1,620,8
2020-06-22,Modoc,049,8938,1,0,0,0,0
2020-06-22,Mono,051,14174,42,34,0,34,1
2020-06-22,Monterey,053,433212,1719,1293,5,1298,12
2020-06-22,Napa,055,140530,338,222,0,222,3
2020-06-22,Nevada,057,99092,111,79,1,80,1
2020-06-22,Orange,059,3164182,17142,10711,152,10863,275
2020-06-22,Placer,061,380077,735,512,3,515,9
2020-06-22,Plumas,063,18699,7,6,0,6,0
2020-06-22,Riverside,065,2383286,18585,13948,26,13974,403
2020-06-22,Sacramento,067,1510023,2974,2243,5,2248,62
2020-06-22,San Benito,069,59416,229,164,0,164,2
2020-06-22,San Bernardino,071,2135413,14282,9133,9,9142,229
2020-06-22,San Diego,073,3302833,14075,11098,2,11100,338
2020-06-22,San Francisco,075,870044,3556,3000,1,3001,47
2020-06-22,San Joaquin,077,732212,3554,2332,4,2336,48
2020-06-22,San Luis Obispo,079,281455,650,422,5,427,1
2020-06-22,San Mateo,081,765935,3232,2813,5,2818,81
2020-06-22,Santa Barbara,083,443738,3055,2447,25,2472,21
2020-06-22,Santa Clara,085,1922200,4930,3580,17,3597,155
2020-06-22,Santa Cruz,087,273765,384,290,0,290,3
2020-06-22,Shasta,089,179085,156,77,0,77,5
2020-06-22,Sierra,091,2930,1,1,0,1,0
2020-06-22,Siskiyou,093,43540,30,23,0,23,0
2020-06-22,Solano,095,438530,1400,784,5,789,21
2020-06-22,Sonoma,097,501317,1166,860,2,862,4
2020-06-22,Stanislaus,099,539301,2884,1784,6,1790,35
2020-06-22,Sutter,101,95872,140,100,0,100,2
2020-06-22,Tehama,103,63373,75,38,2,40,1
2020-06-22,Trinity,105,12862,16,2,3,5,0
2020-06-22,Tulare,107,460477,4633,3185,10,3195,111
2020-06-22,Tuolumne,109,53932,19,8,0,8,0
2020-06-22,Ventura,111,848112,3226,2065,15,2080,39
2020-06-22,Yolo,113,214977,525,333,0,333,24
2020-06-22,Yuba,115,75493,50,36,0,36,1
2020-06-21,Alameda,001,1643700,5819,4835,9,4844,121
2020-06-21,Alpine,003,1148,1,1,0,1,0
2020-06-21,Amador,005,37829,14,12,0,12,0
2020-06-21,Butte,007,227075,171,97,7,104,1
2020-06-21,Calaveras,009,45235,38,20,0,20,0
2020-06-21,Colusa,011,21464,29,7,0,7,0
2020-06-21,Contra Costa,013,1133247,2845,2282,3,2285,60
2020-06-21,Del Norte,015,27424,47,46,0,46,0
2020-06-21,El Dorado,017,186661,212,132,0,132,0
2020-06-21,Fresno,019,978130,6458,3296,70,3366,67
2020-06-21,Glenn,021,27897,102,40,0,40,0
2020-06-21,Humboldt,023,135768,143,108,0,108,3
2020-06-21,Imperial,025,180216,7002,4701,4,4705,38
2020-06-21,Inyo,027,18085,27,26,0,26,1
2020-06-21,Kern,029,883053,5970,3918,14,3932,60
2020-06-21,Kings,031,150075,2342,1334,6,1340,11
2020-06-21,Lake,033,64148,49,36,0,36,0
2020-06-21,Lassen,035,31185,25,7,2,9,0
2020-06-21,Los Angeles,037,10098052,96935,83383,25,83408,3101
2020-06-21,Madera,039,155013,668,319,2,321,4
2020-06-21,Marin,041,260295,1560,907,4,911,17
2020-06-21,Mariposa,043,17540,22,18,0,18,1
2020-06-21,Mendocino,045,87422,70,48,0,48,0
2020-06-21,Merced,047,269075,1071,577,1,578,8
2020-06-21,Modoc,049,8938,1,0,0,0,0
2020-06-21,Mono,051,14174,42,34,0,34,1
2020-06-21,Monterey,053,433212,1646,1227,5,1232,12
2020-06-21,Napa,055,140530,323,218,0,218,3
2020-06-21,Nevada,057,99092,108,79,1,80,1
2020-06-21,Orange,059,3164182,16309,10563,148,10711,275
2020-06-21,Placer,061,380077,695,498,3,501,9
2020-06-21,Plumas,063,18699,7,6,0,6,0
2020-06-21,Riverside,065,2383286,17879,13528,25,13553,402
2020-06-21,Sacramento,067,1510023,2773,2156,4,2160,62
2020-06-21,San Benito,069,59416,215,151,0,151,2
2020-06-21,San Bernardino,071,2135413,13508,8925,8,8933,229
2020-06-21,San Diego,073,3302833,13529,10796,2,10798,338
2020-06-21,San Francisco,075,870044,3450,3000,1,3001,47
2020-06-21,San Joaquin,077,732212,3318,2188,4,2192,48
2020-06-21,San Luis Obispo,079,281455,624,418,5,423,1
2020-06-21,San Mateo,081,765935,3174,2781,5,2786,81
2020-06-21,Santa Barbara,083,443738,2948,2430,24,2454,21
2020-06-21,Santa Clara,085,1922200,4793,3514,17,3531,154
2020-06-21,Santa Cruz,087,273765,374,290,0,290,3
2020-06-21,Shasta,089,179085,146,75,0,75,5
2020-06-21,Sierra,091,2930,1,1,0,1,0
2020-06-21,Siskiyou,093,43540,30,23,0,23,0
2020-06-21,Solano,095,438530,1300,783,4,787,21
2020-06-21,Sonoma,097,501317,1116,836,2,838,4
2020-06-21,Stanislaus,099,539301,2698,1688,6,1694,35
2020-06-21,Sutter,101,95872,132,96,0,96,2
2020-06-21,Tehama,103,63373,64,35,2,37,1
2020-06-21,Trinity,105,12862,15,2,3,5,0
2020-06-21,Tulare,107,460477,4464,3173,10,3183,111
2020-06-21,Tuolumne,109,53932,17,8,0,8,0
2020-06-21,Ventura,111,848112,3048,2021,15,2036,39
2020-06-21,Yolo,113,214977,493,323,0,323,24
2020-06-21,Yuba,115,75493,46,35,0,35,1
2020-06-20,Alameda,001,1643700,5757,4758,9,4767,119
2020-06-20,Alpine,003,1148,1,1,0,1,0
2020-06-20,Amador,005,37829,14,12,0,12,0
2020-06-20,Butte,007,227075,164,94,7,101,1
2020-06-20,Calaveras,009,45235,38,20,0,20,0
2020-06-20,Colusa,011,21464,26,7,0,7,0
2020-06-20,Contra Costa,013,1133247,2786,2231,3,2234,54
2020-06-20,Del Norte,015,27424,47,46,0,46,0
2020-06-20,El Dorado,017,186661,207,130,0,130,0
2020-06-20,Fresno,019,978130,6332,3222,67,3289,67
2020-06-20,Glenn,021,27897,97,40,0,40,0
2020-06-20,Humboldt,023,135768,143,108,0,108,3
2020-06-20,Imperial,025,180216,6921,4616,4,4620,37
2020-06-20,Inyo,027,18085,27,26,0,26,1
2020-06-20,Kern,029,883053,5805,3836,14,3850,59
2020-06-20,Kings,031,150075,2318,1331,6,1337,9
2020-06-20,Lake,033,64148,49,37,0,37,0
2020-06-20,Lassen,035,31185,24,7,2,9,0
2020-06-20,Los Angeles,037,10098052,95364,81604,24,81628,3093
2020-06-20,Madera,039,155013,635,321,2,323,4
2020-06-20,Marin,041,260295,1540,879,4,883,17
2020-06-20,Mariposa,043,17540,22,18,0,18,1
2020-06-20,Mendocino,045,87422,69,48,0,48,0
2020-06-20,Merced,047,269075,1031,566,1,567,8
2020-06-20,Modoc,049,8938,1,0,0,0,0
2020-06-20,Mono,051,14174,42,34,0,34,1
2020-06-20,Monterey,053,433212,1610,1181,5,1186,12
2020-06-20,Napa,055,140530,314,212,0,212,3
2020-06-20,Nevada,057,99092,105,73,1,74,1
2020-06-20,Orange,059,3164182,15959,10284,144,10428,273
2020-06-20,Placer,061,380077,670,483,3,486,9
2020-06-20,Plumas,063,18699,6,6,0,6,0
2020-06-20,Riverside,065,2383286,17580,13021,25,13046,402
2020-06-20,Sacramento,067,1510023,2702,2069,4,2073,63
2020-06-20,San Benito,069,59416,211,139,0,139,2
2020-06-20,San Bernardino,071,2135413,13146,8718,8,8726,229
2020-06-20,San Diego,073,3302833,13206,10486,2,10488,338
2020-06-20,San Francisco,075,870044,3406,2999,1,3000,47
2020-06-20,San Joaquin,077,732212,3236,2046,4,2050,48
2020-06-20,San Luis Obispo,079,281455,610,405,5,410,1
2020-06-20,San Mateo,081,765935,3126,2755,5,2760,81
2020-06-20,Santa Barbara,083,443738,2891,2358,23,2381,21
2020-06-20,Santa Clara,085,1922200,4719,3435,17,3452,154
2020-06-20,Santa Cruz,087,273765,372,287,0,287,3
2020-06-20,Shasta,089,179085,140,66,0,66,5
2020-06-20,Sierra,091,2930,1,1,0,1,0
2020-06-20,Siskiyou,093,43540,29,22,0,22,0
2020-06-20,Solano,095,438530,1276,784,4,788,21
2020-06-20,Sonoma,097,501317,1080,806,2,808,4
2020-06-20,Stanislaus,099,539301,2590,1598,6,1604,35
2020-06-20,Sutter,101,95872,130,89,0,89,2
2020-06-20,Tehama,103,63373,62,35,2,37,1
2020-06-20,Trinity,105,12862,15,2,3,5,0
2020-06-20,Tulare,107,460477,4391,3172,10,3182,111
2020-06-20,Tuolumne,109,53932,14,8,0,8,0
2020-06-20,Ventura,111,848112,2983,1946,15,1961,37
2020-06-20,Yolo,113,214977,477,309,0,309,24
2020-06-20,Yuba,115,75493,44,34,0,34,1
2020-06-19,Alameda,001,1643700,5686,4646,9,4655,119
2020-06-19,Alpine,003,1148,1,1,0,1,0
2020-06-19,Amador,005,37829,14,12,0,12,0
2020-06-19,Butte,007,227075,159,91,7,98,1
2020-06-19,Calaveras,009,45235,37,20,0,20,0
2020-06-19,Colusa,011,21464,24,7,0,7,0
2020-06-19,Contra Costa,013,1133247,2706,2106,3,2109,54
2020-06-19,Del Norte,015,27424,47,46,0,46,0
2020-06-19,El Dorado,017,186661,198,124,0,124,0
2020-06-19,Fresno,019,978130,6170,3109,65,3174,61
2020-06-19,Glenn,021,27897,91,40,0,40,0
2020-06-19,Humboldt,023,135768,141,106,0,106,3
2020-06-19,Imperial,025,180216,6830,4504,4,4508,36
2020-06-19,Inyo,027,18085,27,26,0,26,1
2020-06-19,Kern,029,883053,5582,3742,13,3755,57
2020-06-19,Kings,031,150075,2297,1285,6,1291,9
2020-06-19,Lake,033,64148,46,36,0,36,0
2020-06-19,Lassen,035,31185,23,7,2,9,0
2020-06-19,Los Angeles,037,10098052,93382,79572,23,79595,3047
2020-06-19,Madera,039,155013,616,300,2,302,4
2020-06-19,Marin,041,260295,1511,829,4,833,17
2020-06-19,Mariposa,043,17540,21,18,0,18,1
2020-06-19,Mendocino,045,87422,68,48,0,48,0
2020-06-19,Merced,047,269075,986,529,1,530,8
2020-06-19,Modoc,049,8938,1,0,0,0,0
2020-06-19,Mono,051,14174,42,34,0,34,1
2020-06-19,Monterey,053,433212,1581,1159,5,1164,12
2020-06-19,Napa,055,140530,304,209,0,209,3
2020-06-19,Nevada,057,99092,102,71,1,72,1
2020-06-19,Orange,059,3164182,15426,9972,137,10109,260
2020-06-19,Placer,061,380077,652,464,3,467,9
2020-06-19,Plumas,063,18699,6,5,0,5,0
2020-06-19,Riverside,065,2383286,17175,12710,25,12735,398
2020-06-19,Sacramento,067,1510023,2619,1976,4,1980,64
2020-06-19,San Benito,069,59416,210,136,0,136,2
2020-06-19,San Bernardino,071,2135413,12741,8454,7,8461,226
2020-06-19,San Diego,073,3302833,12843,10352,2,10354,332
2020-06-19,San Francisco,075,870044,3351,2968,1,2969,47
2020-06-19,San Joaquin,077,732212,3113,1969,4,1973,48
2020-06-19,San Luis Obispo,079,281455,594,392,5,397,1
2020-06-19,San Mateo,081,765935,3087,2713,5,2718,81
2020-06-19,Santa Barbara,083,443738,2818,2284,21,2305,21
2020-06-19,Santa Clara,085,1922200,4645,3376,17,3393,154
2020-06-19,Santa Cruz,087,273765,362,283,0,283,3
2020-06-19,Shasta,089,179085,137,58,0,58,5
2020-06-19,Sierra,091,2930,1,1,0,1,0
2020-06-19,Siskiyou,093,43540,29,21,0,21,0
2020-06-19,Solano,095,438530,1238,755,4,759,21
2020-06-19,Sonoma,097,501317,1053,803,2,805,4
2020-06-19,Stanislaus,099,539301,2480,1549,6,1555,35
2020-06-19,Sutter,101,95872,129,89,0,89,2
2020-06-19,Tehama,103,63373,61,35,2,37,1
2020-06-19,Trinity,105,12862,15,2,3,5,0
2020-06-19,Tulare,107,460477,4320,3053,10,3063,107
2020-06-19,Tuolumne,109,53932,13,8,0,8,0
2020-06-19,Ventura,111,848112,2899,1865,15,1880,37
2020-06-19,Yolo,113,214977,458,303,0,303,24
2020-06-19,Yuba,115,75493,43,33,0,33,1
2020-06-18,Alameda,001,1643700,5556,4589,9,4598,118
2020-06-18,Alpine,003,1148,1,1,0,1,0
2020-06-18,Amador,005,37829,13,12,0,12,0
2020-06-18,Butte,007,227075,154,88,7,95,1
2020-06-18,Calaveras,009,45235,37,20,0,20,0
2020-06-18,Colusa,011,21464,20,7,0,7,0
2020-06-18,Contra Costa,013,1133247,2600,2072,3,2075,53
2020-06-18,Del Norte,015,27424,47,46,0,46,0
2020-06-18,El Dorado,017,186661,194,121,0,121,0
2020-06-18,Fresno,019,978130,5903,2947,64,3011,57
2020-06-18,Glenn,021,27897,82,35,0,35,0
2020-06-18,Humboldt,023,135768,140,106,0,106,3
2020-06-18,Imperial,025,180216,6680,4366,4,4370,36
2020-06-18,Inyo,027,18085,26,25,0,25,1
2020-06-18,Kern,029,883053,5364,3634,13,3647,57
2020-06-18,Kings,031,150075,2238,1141,6,1147,8
2020-06-18,Lake,033,64148,45,36,0,36,0
2020-06-18,Lassen,035,31185,22,5,2,7,0
2020-06-18,Los Angeles,037,10098052,91113,78244,23,78267,3009
2020-06-18,Madera,039,155013,581,288,2,290,4
2020-06-18,Marin,041,260295,1448,819,4,823,17
2020-06-18,Mariposa,043,17540,19,18,0,18,1
2020-06-18,Mendocino,045,87422,64,45,0,45,0
2020-06-18,Merced,047,269075,934,486,1,487,7
2020-06-18,Modoc,049,8938,1,0,0,0,0
2020-06-18,Mono,051,14174,42,34,0,34,1
2020-06-18,Monterey,053,433212,1513,1127,5,1132,12
2020-06-18,Napa,055,140530,289,205,0,205,3
2020-06-18,Nevada,057,99092,98,68,1,69,1
2020-06-18,Orange,059,3164182,14771,9597,118,9715,255
2020-06-18,Placer,061,380077,629,457,3,460,9
2020-06-18,Plumas,063,18699,6,5,0,5,0
2020-06-18,Riverside,065,2383286,16559,12410,25,12435,392
2020-06-18,Sacramento,067,1510023,2503,1938,4,1942,63
2020-06-18,San Benito,069,59416,204,134,0,134,2
2020-06-18,San Bernardino,071,2135413,12101,8141,7,8148,226
2020-06-18,San Diego,073,3302833,12421,10094,2,10096,331
2020-06-18,San Francisco,075,870044,3302,2951,1,2952,47
2020-06-18,San Joaquin,077,732212,2961,1908,4,1912,47
2020-06-18,San Luis Obispo,079,281455,574,378,5,383,1
2020-06-18,San Mateo,081,765935,3048,2674,5,2679,78
2020-06-18,Santa Barbara,083,443738,2744,2201,21,2222,19
2020-06-18,Santa Clara,085,1922200,4542,3338,17,3355,152
2020-06-18,Santa Cruz,087,273765,345,275,0,275,3
2020-06-18,Shasta,089,179085,126,51,0,51,4
2020-06-18,Sierra,091,2930,1,1,0,1,0
2020-06-18,Siskiyou,093,43540,29,18,0,18,0
2020-06-18,Solano,095,438530,1200,735,4,739,21
2020-06-18,Sonoma,097,501317,1011,789,2,791,4
2020-06-18,Stanislaus,099,539301,2346,1495,6,1501,35
2020-06-18,Sutter,101,95872,125,85,0,85,2
2020-06-18,Tehama,103,63373,56,31,2,33,1
2020-06-18,Trinity,105,12862,15,2,3,5,0
2020-06-18,Tulare,107,460477,4198,3005,10,3015,107
2020-06-18,Tuolumne,109,53932,12,8,0,8,0
2020-06-18,Ventura,111,848112,2773,1781,15,1796,37
2020-06-18,Yolo,113,214977,425,294,0,294,24
2020-06-18,Yuba,115,75493,42,32,0,32,1
2020-06-17,Alameda,001,1643700,5433,4485,9,4494,117
2020-06-17,Alpine,003,1148,1,1,0,1,0
2020-06-17,Amador,005,37829,12,10,0,10,0
2020-06-17,Butte,007,227075,145,81,7,88,1
2020-06-17,Calaveras,009,45235,37,20,0,20,0
2020-06-17,Colusa,011,21464,19,7,0,7,0
2020-06-17,Contra Costa,013,1133247,2503,2020,3,2023,45
2020-06-17,Del Norte,015,27424,47,45,0,45,0
2020-06-17,El Dorado,017,186661,187,116,0,116,0
2020-06-17,Fresno,019,978130,5677,2801,61,2862,56
2020-06-17,Glenn,021,27897,75,31,0,31,0
2020-06-17,Humboldt,023,135768,138,105,0,105,3
2020-06-17,Imperial,025,180216,6507,4108,4,4112,36
2020-06-17,Inyo,027,18085,25,25,0,25,1
2020-06-17,Kern,029,883053,5163,3547,13,3560,56
2020-06-17,Kings,031,150075,2208,1097,6,1103,7
2020-06-17,Lake,033,64148,44,32,0,32,0
2020-06-17,Lassen,035,31185,18,5,2,7,0
2020-06-17,Los Angeles,037,10098052,88805,77166,22,77188,2973
2020-06-17,Madera,039,155013,559,258,2,260,4
2020-06-17,Marin,041,260295,1256,771,3,774,17
2020-06-17,Mariposa,043,17540,18,18,0,18,1
2020-06-17,Mendocino,045,87422,62,42,0,42,0
2020-06-17,Merced,047,269075,862,460,1,461,7
2020-06-17,Modoc,049,8938,1,0,0,0,0
2020-06-17,Mono,051,14174,42,34,0,34,1
2020-06-17,Monterey,053,433212,1461,1077,5,1082,12
2020-06-17,Napa,055,140530,274,202,0,202,3
2020-06-17,Nevada,057,99092,94,57,1,58,1
2020-06-17,Orange,059,3164182,14165,9278,112,9390,230
2020-06-17,Placer,061,380077,609,427,3,430,9
2020-06-17,Plumas,063,18699,6,5,0,5,0
2020-06-17,Riverside,065,2383286,15923,11859,25,11884,370
2020-06-17,Sacramento,067,1510023,2396,1889,4,1893,63
2020-06-17,San Benito,069,59416,199,116,0,116,2
2020-06-17,San Bernardino,071,2135413,11552,7670,7,7677,225
2020-06-17,San Diego,073,3302833,12042,9856,2,9858,327
2020-06-17,San Francisco,075,870044,3263,2906,1,2907,46
2020-06-17,San Joaquin,077,732212,2788,1825,4,1829,46
2020-06-17,San Luis Obispo,079,281455,555,362,5,367,1
2020-06-17,San Mateo,081,765935,3001,2649,5,2654,78
2020-06-17,Santa Barbara,083,443738,2671,2147,19,2166,19
2020-06-17,Santa Clara,085,1922200,4449,3264,16,3280,148
2020-06-17,Santa Cruz,087,273765,339,265,0,265,2
2020-06-17,Shasta,089,179085,124,51,0,51,4
2020-06-17,Sierra,091,2930,1,1,0,1,0
2020-06-17,Siskiyou,093,43540,28,16,0,16,0
2020-06-17,Solano,095,438530,1150,722,4,726,21
2020-06-17,Sonoma,097,501317,985,748,2,750,4
2020-06-17,Stanislaus,099,539301,2223,1387,6,1393,35
2020-06-17,Sutter,101,95872,119,79,0,79,2
2020-06-17,Tehama,103,63373,41,24,2,26,1
2020-06-17,Trinity,105,12862,14,2,3,5,0
2020-06-17,Tulare,107,460477,4088,2882,10,2892,106
2020-06-17,Tuolumne,109,53932,12,7,0,7,0
2020-06-17,Ventura,111,848112,2673,1729,15,1744,37
2020-06-17,Yolo,113,214977,405,277,0,277,24
2020-06-17,Yuba,115,75493,41,30,0,30,1
2020-06-16,Alameda,001,1643700,5315,4428,9,4437,113
2020-06-16,Alpine,003,1148,1,1,0,1,0
2020-06-16,Amador,005,37829,12,10,0,10,0
2020-06-16,Butte,007,227075,141,79,7,86,1
2020-06-16,Calaveras,009,45235,34,19,0,19,0
2020-06-16,Colusa,011,21464,16,7,0,7,0
2020-06-16,Contra Costa,013,1133247,2412,1971,2,1973,45
2020-06-16,Del Norte,015,27424,47,45,0,45,0
2020-06-16,El Dorado,017,186661,181,115,0,115,0
2020-06-16,Fresno,019,978130,5439,2731,59,2790,50
2020-06-16,Glenn,021,27897,71,30,0,30,0
2020-06-16,Humboldt,023,135768,135,105,0,105,3
2020-06-16,Imperial,025,180216,6348,3939,4,3943,36
2020-06-16,Inyo,027,18085,25,24,0,24,1
2020-06-16,Kern,029,883053,4940,3496,13,3509,55
2020-06-16,Kings,031,150075,2162,1044,6,1050,6
2020-06-16,Lake,033,64148,44,31,0,31,0
2020-06-16,Lassen,035,31185,15,5,2,7,0
2020-06-16,Los Angeles,037,10098052,86482,75051,22,75073,2942
2020-06-16,Madera,039,155013,533,239,2,241,3
2020-06-16,Marin,041,260295,1203,725,3,728,17
2020-06-16,Mariposa,043,17540,18,17,0,17,1
2020-06-16,Mendocino,045,87422,61,35,0,35,0
2020-06-16,Merced,047,269075,814,436,1,437,7
2020-06-16,Modoc,049,8938,1,0,0,0,0
2020-06-16,Mono,051,14174,42,34,0,34,1
2020-06-16,Monterey,053,433212,1413,1019,5,1024,12
2020-06-16,Napa,055,140530,259,196,0,196,3
2020-06-16,Nevada,057,99092,91,53,1,54,1
2020-06-16,Orange,059,3164182,13581,9163,107,9270,223
2020-06-16,Placer,061,380077,577,392,3,395,9
2020-06-16,Plumas,063,18699,6,5,0,5,0
2020-06-16,Riverside,065,2383286,15248,11638,25,11663,364
2020-06-16,Sacramento,067,1510023,2286,1825,4,1829,60
2020-06-16,San Benito,069,59416,191,110,0,110,2
2020-06-16,San Bernardino,071,2135413,11008,7463,7,7470,225
2020-06-16,San Diego,073,3302833,11680,9732,1,9733,323
2020-06-16,San Francisco,075,870044,3212,2893,1,2894,46
2020-06-16,San Joaquin,077,732212,2635,1718,4,1722,47
2020-06-16,San Luis Obispo,079,281455,531,343,5,348,1
2020-06-16,San Mateo,081,765935,2947,2618,5,2623,77
2020-06-16,Santa Barbara,083,443738,2604,2090,19,2109,16
2020-06-16,Santa Clara,085,1922200,4338,3228,15,3243,148
2020-06-16,Santa Cruz,087,273765,323,257,0,257,2
2020-06-16,Shasta,089,179085,115,51,0,51,4
2020-06-16,Sierra,091,2930,1,1,0,1,0
2020-06-16,Siskiyou,093,43540,27,15,0,15,0
2020-06-16,Solano,095,438530,1060,694,4,698,19
2020-06-16,Sonoma,097,501317,953,739,2,741,4
2020-06-16,Stanislaus,099,539301,2070,1278,6,1284,36
2020-06-16,Sutter,101,95872,112,73,0,73,2
2020-06-16,Tehama,103,63373,37,24,2,26,1
2020-06-16,Trinity,105,12862,14,2,3,5,0
2020-06-16,Tulare,107,460477,3969,2802,10,2812,96
2020-06-16,Tuolumne,109,53932,12,7,0,7,0
2020-06-16,Ventura,111,848112,2573,1676,15,1691,37
2020-06-16,Yolo,113,214977,382,262,0,262,24
2020-06-16,Yuba,115,75493,39,29,0,29,1
2020-06-15,Alameda,001,1643700,5189,4323,9,4332,112
2020-06-15,Alpine,003,1148,1,1,0,1,0
2020-06-15,Amador,005,37829,12,10,0,10,0
2020-06-15,Butte,007,227075,133,78,7,85,1
2020-06-15,Calaveras,009,45235,34,18,0,18,0
2020-06-15,Colusa,011,21464,14,7,0,7,0
2020-06-15,Contra Costa,013,1133247,2335,1918,2,1920,43
2020-06-15,Del Norte,015,27424,47,45,0,45,0
2020-06-15,El Dorado,017,186661,171,114,0,114,0
2020-06-15,Fresno,019,978130,5227,2616,58,2674,48
2020-06-15,Glenn,021,27897,66,21,0,21,0
2020-06-15,Humboldt,023,135768,133,105,0,105,3
2020-06-15,Imperial,025,180216,6173,3726,4,3730,36
2020-06-15,Inyo,027,18085,25,23,0,23,1
2020-06-15,Kern,029,883053,4716,3417,13,3430,55
2020-06-15,Kings,031,150075,2085,1022,6,1028,6
2020-06-15,Lake,033,64148,44,31,0,31,0
2020-06-15,Lassen,035,31185,15,5,2,7,0
2020-06-15,Los Angeles,037,10098052,84293,73705,22,73727,2908
2020-06-15,Madera,039,155013,511,203,2,205,3
2020-06-15,Marin,041,260295,1036,708,3,711,17
2020-06-15,Mariposa,043,17540,18,17,0,17,1
2020-06-15,Mendocino,045,87422,52,33,0,33,0
2020-06-15,Merced,047,269075,768,414,1,415,7
2020-06-15,Modoc,049,8938,1,0,0,0,0
2020-06-15,Mono,051,14174,42,34,0,34,1
2020-06-15,Monterey,053,433212,1347,998,5,1003,12
2020-06-15,Napa,055,140530,251,187,0,187,3
2020-06-15,Nevada,057,99092,85,52,1,53,1
2020-06-15,Orange,059,3164182,13013,8944,99,9043,212
2020-06-15,Placer,061,380077,555,386,3,389,9
2020-06-15,Plumas,063,18699,6,4,0,4,0
2020-06-15,Riverside,065,2383286,14630,11376,24,11400,364
2020-06-15,Sacramento,067,1510023,2170,1791,4,1795,60
2020-06-15,San Benito,069,59416,185,108,0,108,2
2020-06-15,San Bernardino,071,2135413,10505,7189,7,7196,224
2020-06-15,San Diego,073,3302833,11340,9612,1,9613,320
2020-06-15,San Francisco,075,870044,3168,2833,1,2834,45
2020-06-15,San Joaquin,077,732212,2499,1667,4,1671,43
2020-06-15,San Luis Obispo,079,281455,516,332,5,337,1
2020-06-15,San Mateo,081,765935,2900,2591,5,2596,75
2020-06-15,Santa Barbara,083,443738,2536,2054,19,2073,16
2020-06-15,Santa Clara,085,1922200,4238,3204,15,3219,148
2020-06-15,Santa Cruz,087,273765,312,254,0,254,2
2020-06-15,Shasta,089,179085,109,50,0,50,4
2020-06-15,Sierra,091,2930,1,1,0,1,0
2020-06-15,Siskiyou,093,43540,26,14,0,14,0
2020-06-15,Solano,095,438530,1000,638,4,642,19
2020-06-15,Sonoma,097,501317,924,726,2,728,4
2020-06-15,Stanislaus,099,539301,1953,1253,6,1259,35
2020-06-15,Sutter,101,95872,102,71,0,71,2
2020-06-15,Tehama,103,63373,37,17,2,19,1
2020-06-15,Trinity,105,12862,13,2,3,5,0
2020-06-15,Tulare,107,460477,3855,2662,10,2672,96
2020-06-15,Tuolumne,109,53932,11,7,0,7,0
2020-06-15,Ventura,111,848112,2492,1656,15,1671,37
2020-06-15,Yolo,113,214977,362,255,0,255,24
2020-06-15,Yuba,115,75493,39,28,0,28,1
2020-06-14,Alameda,001,1643700,5044,4271,9,4280,112
2020-06-14,Alpine,003,1148,1,1,0,1,0
2020-06-14,Amador,005,37829,12,10,0,10,0
2020-06-14,Butte,007,227075,125,78,7,85,1
2020-06-14,Calaveras,009,45235,33,18,0,18,0
2020-06-14,Colusa,011,21464,13,7,0,7,0
2020-06-14,Contra Costa,013,1133247,2266,1893,2,1895,43
2020-06-14,Del Norte,015,27424,47,45,0,45,0
2020-06-14,El Dorado,017,186661,167,110,0,110,0
2020-06-14,Fresno,019,978130,5042,2585,57,2642,48
2020-06-14,Glenn,021,27897,51,21,0,21,0
2020-06-14,Humboldt,023,135768,129,105,0,105,3
2020-06-14,Imperial,025,180216,5942,3730,4,3734,36
2020-06-14,Inyo,027,18085,24,23,0,23,1
2020-06-14,Kern,029,883053,4505,3328,13,3341,55
2020-06-14,Kings,031,150075,2034,1022,5,1027,6
2020-06-14,Lake,033,64148,41,31,0,31,0
2020-06-14,Lassen,035,31185,15,5,2,7,0
2020-06-14,Los Angeles,037,10098052,81966,72932,21,72953,2887
2020-06-14,Madera,039,155013,492,203,2,205,3
2020-06-14,Marin,041,260295,871,689,2,691,17
2020-06-14,Mariposa,043,17540,18,16,0,16,1
2020-06-14,Mendocino,045,87422,49,33,0,33,0
2020-06-14,Merced,047,269075,717,403,1,404,7
2020-06-14,Modoc,049,8938,1,0,0,0,0
2020-06-14,Mono,051,14174,42,34,0,34,1
2020-06-14,Monterey,053,433212,1286,949,5,954,12
2020-06-14,Napa,055,140530,229,181,0,181,3
2020-06-14,Nevada,057,99092,81,52,1,53,1
2020-06-14,Orange,059,3164182,12586,8744,94,8838,211
2020-06-14,Placer,061,380077,529,369,3,372,9
2020-06-14,Plumas,063,18699,5,4,0,4,0
2020-06-14,Riverside,065,2383286,14187,11218,24,11242,364
2020-06-14,Sacramento,067,1510023,2083,1750,4,1754,60
2020-06-14,San Benito,069,59416,174,104,0,104,2
2020-06-14,San Bernardino,071,2135413,9965,7015,7,7022,224
2020-06-14,San Diego,073,3302833,10965,9442,1,9443,319
2020-06-14,San Francisco,075,870044,3128,2834,1,2835,45
2020-06-14,San Joaquin,077,732212,2348,1603,4,1607,43
2020-06-14,San Luis Obispo,079,281455,501,330,5,335,1
2020-06-14,San Mateo,081,765935,2842,2571,5,2576,75
2020-06-14,Santa Barbara,083,443738,2459,2049,19,2068,17
2020-06-14,Santa Clara,085,1922200,4143,3178,15,3193,148
2020-06-14,Santa Cruz,087,273765,298,254,0,254,2
2020-06-14,Shasta,089,179085,103,48,0,48,4
2020-06-14,Sierra,091,2930,1,1,0,1,0
2020-06-14,Siskiyou,093,43540,25,13,0,13,0
2020-06-14,Solano,095,438530,951,638,4,642,19
2020-06-14,Sonoma,097,501317,896,724,2,726,4
2020-06-14,Stanislaus,099,539301,1805,1159,6,1165,35
2020-06-14,Sutter,101,95872,97,63,0,63,2
2020-06-14,Tehama,103,63373,34,17,2,19,1
2020-06-14,Trinity,105,12862,13,2,3,5,0
2020-06-14,Tulare,107,460477,3721,2646,10,2656,96
2020-06-14,Tuolumne,109,53932,11,7,0,7,0
2020-06-14,Ventura,111,848112,2393,1610,14,1624,37
2020-06-14,Yolo,113,214977,346,254,0,254,24
2020-06-14,Yuba,115,75493,38,28,0,28,1
2020-06-13,Alameda,001,1643700,4981,4196,9,4205,112
2020-06-13,Alpine,003,1148,1,1,0,1,0
2020-06-13,Amador,005,37829,11,10,0,10,0
2020-06-13,Butte,007,227075,116,72,7,79,1
2020-06-13,Calaveras,009,45235,31,18,0,18,0
2020-06-13,Colusa,011,21464,12,7,0,7,0
2020-06-13,Contra Costa,013,1133247,2230,1868,2,1870,43
2020-06-13,Del Norte,015,27424,47,45,0,45,0
2020-06-13,El Dorado,017,186661,163,110,0,110,0
2020-06-13,Fresno,019,978130,4944,2499,57,2556,48
2020-06-13,Glenn,021,27897,49,21,0,21,0
2020-06-13,Humboldt,023,135768,128,104,0,104,3
2020-06-13,Imperial,025,180216,5869,3646,4,3650,36
2020-06-13,Inyo,027,18085,24,23,0,23,1
2020-06-13,Kern,029,883053,4396,3239,13,3252,55
2020-06-13,Kings,031,150075,2014,1023,5,1028,6
2020-06-13,Lake,033,64148,40,29,0,29,0
2020-06-13,Lassen,035,31185,15,5,2,7,0
2020-06-13,Los Angeles,037,10098052,80928,71938,21,71959,2874
2020-06-13,Madera,039,155013,488,203,2,205,3
2020-06-13,Marin,041,260295,840,677,2,679,17
2020-06-13,Mariposa,043,17540,18,16,0,16,1
2020-06-13,Mendocino,045,87422,49,33,0,33,0
2020-06-13,Merced,047,269075,699,376,1,377,7
2020-06-13,Modoc,049,8938,1,0,0,0,0
2020-06-13,Mono,051,14174,42,35,0,35,1
2020-06-13,Monterey,053,433212,1248,900,5,905,11
2020-06-13,Napa,055,140530,226,171,0,171,3
2020-06-13,Nevada,057,99092,79,52,1,53,1
2020-06-13,Orange,059,3164182,12342,8581,91,8672,211
2020-06-13,Placer,061,380077,512,346,3,349,9
2020-06-13,Plumas,063,18699,5,4,0,4,0
2020-06-13,Riverside,065,2383286,13908,10931,24,10955,364
2020-06-13,Sacramento,067,1510023,2028,1713,4,1717,60
2020-06-13,San Benito,069,59416,167,99,0,99,2
2020-06-13,San Bernardino,071,2135413,9742,6885,7,6892,224
2020-06-13,San Diego,073,3302833,10793,9316,1,9317,319
2020-06-13,San Francisco,075,870044,3108,2834,1,2835,44
2020-06-13,San Joaquin,077,732212,2267,1461,4,1465,43
2020-06-13,San Luis Obispo,079,281455,490,326,5,331,1
2020-06-13,San Mateo,081,765935,2819,2551,5,2556,75
2020-06-13,Santa Barbara,083,443738,2401,1999,19,2018,15
2020-06-13,Santa Clara,085,1922200,4100,3141,15,3156,148
2020-06-13,Santa Cruz,087,273765,292,254,0,254,2
2020-06-13,Shasta,089,179085,101,48,0,48,4
2020-06-13,Sierra,091,2930,1,1,0,1,0
2020-06-13,Siskiyou,093,43540,25,13,0,13,0
2020-06-13,Solano,095,438530,923,637,4,641,19
2020-06-13,Sonoma,097,501317,881,711,2,713,4
2020-06-13,Stanislaus,099,539301,1748,1122,6,1128,33
2020-06-13,Sutter,101,95872,96,62,0,62,2
2020-06-13,Tehama,103,63373,33,17,2,19,1
2020-06-13,Trinity,105,12862,13,2,3,5,0
2020-06-13,Tulare,107,460477,3689,2626,10,2636,96
2020-06-13,Tuolumne,109,53932,10,7,0,7,0
2020-06-13,Ventura,111,848112,2347,1567,14,1581,37
2020-06-13,Yolo,113,214977,326,251,0,251,24
2020-06-13,Yuba,115,75493,38,28,0,28,1
2020-06-12,Alameda,001,1643700,4908,4167,9,4176,109
2020-06-12,Alpine,003,1148,1,1,0,1,0
2020-06-12,Amador,005,37829,11,10,0,10,0
2020-06-12,Butte,007,227075,112,71,7,78,1
2020-06-12,Calaveras,009,45235,28,18,0,18,0
2020-06-12,Colusa,011,21464,12,7,0,7,0
2020-06-12,Contra Costa,013,1133247,2193,1827,2,1829,43
2020-06-12,Del Norte,015,27424,47,45,0,45,0
2020-06-12,El Dorado,017,186661,163,110,0,110,0
2020-06-12,Fresno,019,978130,4806,2428,57,2485,47
2020-06-12,Glenn,021,27897,46,21,0,21,0
2020-06-12,Humboldt,023,135768,126,105,0,105,3
2020-06-12,Imperial,025,180216,5785,3543,4,3547,36
2020-06-12,Inyo,027,18085,24,23,0,23,1
2020-06-12,Kern,029,883053,4279,3152,13,3165,54
2020-06-12,Kings,031,150075,2001,987,5,992,6
2020-06-12,Lake,033,64148,39,29,0,29,0
2020-06-12,Lassen,035,31185,15,5,2,7,0
2020-06-12,Los Angeles,037,10098052,79523,70385,21,70406,2814
2020-06-12,Madera,039,155013,463,187,2,189,3
2020-06-12,Marin,041,260295,837,649,2,651,17
2020-06-12,Mariposa,043,17540,18,16,0,16,1
2020-06-12,Mendocino,045,87422,49,33,0,33,0
2020-06-12,Merced,047,269075,665,372,1,373,7
2020-06-12,Modoc,049,8938,1,0,0,0,0
2020-06-12,Mono,051,14174,39,35,0,35,1
2020-06-12,Monterey,053,433212,1207,864,4,868,11
2020-06-12,Napa,055,140530,223,162,0,162,3
2020-06-12,Nevada,057,99092,73,52,1,53,1
2020-06-12,Orange,059,3164182,12036,8440,90,8530,203
2020-06-12,Placer,061,380077,495,333,3,336,9
2020-06-12,Plumas,063,18699,5,4,0,4,0
2020-06-12,Riverside,065,2383286,13571,10616,24,10640,364
2020-06-12,Sacramento,067,1510023,1973,1702,4,1706,60
2020-06-12,San Benito,069,59416,160,96,0,96,2
2020-06-12,San Bernardino,071,2135413,9474,6707,7,6714,223
2020-06-12,San Diego,073,3302833,10623,9132,1,9133,313
2020-06-12,San Francisco,075,870044,3074,2823,1,2824,44
2020-06-12,San Joaquin,077,732212,2187,1406,4,1410,43
2020-06-12,San Luis Obispo,079,281455,474,321,5,326,1
2020-06-12,San Mateo,081,765935,2784,2533,5,2538,75
2020-06-12,Santa Barbara,083,443738,2347,1969,19,1988,14
2020-06-12,Santa Clara,085,1922200,4056,3099,15,3114,149
2020-06-12,Santa Cruz,087,273765,284,251,0,251,2
2020-06-12,Shasta,089,179085,94,48,0,48,5
2020-06-12,Sierra,091,2930,1,1,0,1,0
2020-06-12,Siskiyou,093,43540,25,13,0,13,0
2020-06-12,Solano,095,438530,909,620,4,624,19
2020-06-12,Sonoma,097,501317,862,696,2,698,4
2020-06-12,Stanislaus,099,539301,1689,1092,6,1098,33
2020-06-12,Sutter,101,95872,95,56,0,56,2
2020-06-12,Tehama,103,63373,32,13,2,15,1
2020-06-12,Trinity,105,12862,13,2,3,5,0
2020-06-12,Tulare,107,460477,3635,2552,10,2562,95
2020-06-12,Tuolumne,109,53932,10,7,0,7,0
2020-06-12,Ventura,111,848112,2295,1534,14,1548,35
2020-06-12,Yolo,113,214977,314,243,0,243,24
2020-06-12,Yuba,115,75493,36,27,0,27,1
2020-06-11,Alameda,001,1643700,4778,4073,8,4081,108
2020-06-11,Alpine,003,1148,1,1,0,1,0
2020-06-11,Amador,005,37829,10,10,0,10,0
2020-06-11,Butte,007,227075,106,72,7,79,1
2020-06-11,Calaveras,009,45235,27,16,0,16,0
2020-06-11,Colusa,011,21464,12,7,0,7,0
2020-06-11,Contra Costa,013,1133247,2140,1797,2,1799,43
2020-06-11,Del Norte,015,27424,47,45,0,45,0
2020-06-11,El Dorado,017,186661,155,109,0,109,0
2020-06-11,Fresno,019,978130,4652,2338,57,2395,45
2020-06-11,Glenn,021,27897,42,21,0,21,0
2020-06-11,Humboldt,023,135768,122,113,0,113,3
2020-06-11,Imperial,025,180216,5629,3463,4,3467,36
2020-06-11,Inyo,027,18085,22,23,0,23,1
2020-06-11,Kern,029,883053,4127,3047,11,3058,54
2020-06-11,Kings,031,150075,1968,963,5,968,6
2020-06-11,Lake,033,64148,39,28,0,28,0
2020-06-11,Lassen,035,31185,15,5,2,7,0
2020-06-11,Los Angeles,037,10098052,77859,68807,20,68827,2800
2020-06-11,Madera,039,155013,445,178,2,180,3
2020-06-11,Marin,041,260295,789,637,2,639,17
2020-06-11,Mariposa,043,17540,18,16,0,16,1
2020-06-11,Mendocino,045,87422,40,35,0,35,0
2020-06-11,Merced,047,269075,625,370,1,371,7
2020-06-11,Modoc,049,8938,1,0,0,0,0
2020-06-11,Mono,051,14174,39,35,0,35,1
2020-06-11,Monterey,053,433212,1160,813,4,817,11
2020-06-11,Napa,055,140530,214,162,0,162,3
2020-06-11,Nevada,057,99092,67,50,1,51,1
2020-06-11,Orange,059,3164182,11728,8304,89,8393,188
2020-06-11,Placer,061,380077,476,321,3,324,9
2020-06-11,Plumas,063,18699,5,4,0,4,0
2020-06-11,Riverside,065,2383286,13218,10014,24,10038,361
2020-06-11,Sacramento,067,1510023,1925,1669,4,1673,60
2020-06-11,San Benito,069,59416,154,94,0,94,2
2020-06-11,San Bernardino,071,2135413,9177,6509,7,6516,221
2020-06-11,San Diego,073,3302833,10393,9000,0,9000,308
2020-06-11,San Francisco,075,870044,3045,2766,1,2767,44
2020-06-11,San Joaquin,077,732212,2075,1351,4,1355,43
2020-06-11,San Luis Obispo,079,281455,460,307,5,312,1
2020-06-11,San Mateo,081,765935,2746,2499,5,2504,74
2020-06-11,Santa Barbara,083,443738,2286,1895,19,1914,14
2020-06-11,Santa Clara,085,1922200,3989,3049,15,3064,149
2020-06-11,Santa Cruz,087,273765,280,247,0,247,2
2020-06-11,Shasta,089,179085,87,47,0,47,5
2020-06-11,Sierra,091,2930,1,1,0,1,0
2020-06-11,Siskiyou,093,43540,25,14,0,14,0
2020-06-11,Solano,095,438530,883,616,4,620,19
2020-06-11,Sonoma,097,501317,840,682,2,684,4
2020-06-11,Stanislaus,099,539301,1598,1062,6,1068,30
2020-06-11,Sutter,101,95872,92,56,0,56,2
2020-06-11,Tehama,103,63373,27,10,2,12,1
2020-06-11,Trinity,105,12862,11,2,3,5,0
2020-06-11,Tulare,107,460477,3536,2473,10,2483,95
2020-06-11,Tuolumne,109,53932,10,7,0,7,0
2020-06-11,Ventura,111,848112,2218,1491,13,1504,34
2020-06-11,Yolo,113,214977,306,230,0,230,24
2020-06-11,Yuba,115,75493,36,27,0,27,1
2020-06-10,Alameda,001,1643700,4678,4027,7,4034,107
2020-06-10,Alpine,003,1148,1,1,0,1,0
2020-06-10,Amador,005,37829,10,10,0,10,0
2020-06-10,Butte,007,227075,102,71,7,78,1
2020-06-10,Calaveras,009,45235,27,16,0,16,0
2020-06-10,Colusa,011,21464,11,7,0,7,0
2020-06-10,Contra Costa,013,1133247,2096,1778,2,1780,43
2020-06-10,Del Norte,015,27424,47,45,0,45,0
2020-06-10,El Dorado,017,186661,152,109,0,109,0
2020-06-10,Fresno,019,978130,4475,2324,57,2381,45
2020-06-10,Glenn,021,27897,39,21,0,21,0
2020-06-10,Humboldt,023,135768,118,112,0,112,3
2020-06-10,Imperial,025,180216,5481,3454,4,3458,36
2020-06-10,Inyo,027,18085,22,23,0,23,1
2020-06-10,Kern,029,883053,4002,3000,10,3010,54
2020-06-10,Kings,031,150075,1922,952,4,956,6
2020-06-10,Lake,033,64148,39,28,0,28,0
2020-06-10,Lassen,035,31185,15,5,2,7,0
2020-06-10,Los Angeles,037,10098052,76338,67018,20,67038,2752
2020-06-10,Madera,039,155013,431,176,1,177,3
2020-06-10,Marin,041,260295,757,633,2,635,17
2020-06-10,Mariposa,043,17540,17,16,0,16,1
2020-06-10,Mendocino,045,87422,39,35,0,35,0
2020-06-10,Merced,047,269075,592,370,1,371,7
2020-06-10,Modoc,049,8938,1,0,0,0,0
2020-06-10,Mono,051,14174,39,35,0,35,1
2020-06-10,Monterey,053,433212,1106,791,4,795,11
2020-06-10,Napa,055,140530,211,159,0,159,3
2020-06-10,Nevada,057,99092,65,50,1,51,1
2020-06-10,Orange,059,3164182,11452,8222,85,8307,184
2020-06-10,Placer,061,380077,451,309,3,312,9
2020-06-10,Plumas,063,18699,5,4,0,4,0
2020-06-10,Riverside,065,2383286,12895,9857,24,9881,361
2020-06-10,Sacramento,067,1510023,1886,1643,2,1645,59
2020-06-10,San Benito,069,59416,145,94,0,94,2
2020-06-10,San Bernardino,071,2135413,8884,6438,7,6445,219
2020-06-10,San Diego,073,3302833,10229,8839,0,8839,305
2020-06-10,San Francisco,075,870044,3020,2774,1,2775,44
2020-06-10,San Joaquin,077,732212,1946,1282,4,1286,41
2020-06-10,San Luis Obispo,079,281455,440,306,5,311,1
2020-06-10,San Mateo,081,765935,2706,2492,5,2497,74
2020-06-10,Santa Barbara,083,443738,2230,1878,19,1897,13
2020-06-10,Santa Clara,085,1922200,3938,3032,15,3047,149
2020-06-10,Santa Cruz,087,273765,276,242,0,242,2
2020-06-10,Shasta,089,179085,82,45,0,45,5
2020-06-10,Sierra,091,2930,1,1,0,1,0
2020-06-10,Siskiyou,093,43540,25,14,0,14,0
2020-06-10,Solano,095,438530,847,608,4,612,19
2020-06-10,Sonoma,097,501317,822,673,2,675,4
2020-06-10,Stanislaus,099,539301,1508,1030,6,1036,29
2020-06-10,Sutter,101,95872,91,56,0,56,2
2020-06-10,Tehama,103,63373,25,10,2,12,1
2020-06-10,Trinity,105,12862,11,2,3,5,0
2020-06-10,Tulare,107,460477,3443,2455,10,2465,95
2020-06-10,Tuolumne,109,53932,10,7,0,7,0
2020-06-10,Ventura,111,848112,2172,1446,12,1458,34
2020-06-10,Yolo,113,214977,298,226,0,226,24
2020-06-10,Yuba,115,75493,35,27,0,27,1
2020-06-09,Alameda,001,1643700,4568,3963,7,3970,103
2020-06-09,Alpine,003,1148,1,1,0,1,0
2020-06-09,Amador,005,37829,10,10,0,10,0
2020-06-09,Butte,007,227075,101,70,6,76,1
2020-06-09,Calaveras,009,45235,27,16,0,16,0
2020-06-09,Colusa,011,21464,10,7,0,7,0
2020-06-09,Contra Costa,013,1133247,2055,1744,2,1746,42
2020-06-09,Del Norte,015,27424,47,45,0,45,0
2020-06-09,El Dorado,017,186661,142,108,0,108,0
2020-06-09,Fresno,019,978130,4323,2278,57,2335,43
2020-06-09,Glenn,021,27897,38,19,0,19,0
2020-06-09,Humboldt,023,135768,116,113,0,113,2
2020-06-09,Imperial,025,180216,5329,3067,4,3071,36
2020-06-09,Inyo,027,18085,22,22,0,22,1
2020-06-09,Kern,029,883053,3874,2920,10,2930,51
2020-06-09,Kings,031,150075,1890,934,4,938,6
2020-06-09,Lake,033,64148,39,28,0,28,0
2020-06-09,Lassen,035,31185,15,5,2,7,0
2020-06-09,Los Angeles,037,10098052,74679,65827,20,65847,2692
2020-06-09,Madera,039,155013,416,172,1,173,3
2020-06-09,Marin,041,260295,721,616,2,618,17
2020-06-09,Mariposa,043,17540,17,16,0,16,1
2020-06-09,Mendocino,045,87422,35,35,0,35,0
2020-06-09,Merced,047,269075,563,349,1,350,7
2020-06-09,Modoc,049,8938,1,0,0,0,0
2020-06-09,Mono,051,14174,39,35,0,35,1
2020-06-09,Monterey,053,433212,1065,772,4,776,11
2020-06-09,Napa,055,140530,201,156,0,156,3
2020-06-09,Nevada,057,99092,57,50,1,51,1
2020-06-09,Orange,059,3164182,11211,7991,83,8074,174
2020-06-09,Placer,061,380077,438,301,3,304,9
2020-06-09,Plumas,063,18699,5,4,0,4,0
2020-06-09,Riverside,065,2383286,12517,9511,24,9535,354
2020-06-09,Sacramento,067,1510023,1832,1625,2,1627,59
2020-06-09,San Benito,069,59416,139,95,0,95,2
2020-06-09,San Bernardino,071,2135413,8560,6268,6,6274,217
2020-06-09,San Diego,073,3302833,10044,8731,0,8731,301
2020-06-09,San Francisco,075,870044,2995,2749,1,2750,44
2020-06-09,San Joaquin,077,732212,1840,1240,4,1244,41
2020-06-09,San Luis Obispo,079,281455,427,301,4,305,1
2020-06-09,San Mateo,081,765935,2675,2463,5,2468,74
2020-06-09,Santa Barbara,083,443738,2174,1854,19,1873,13
2020-06-09,Santa Clara,085,1922200,3870,3006,14,3020,147
2020-06-09,Santa Cruz,087,273765,270,237,0,237,2
2020-06-09,Shasta,089,179085,78,44,0,44,4
2020-06-09,Sierra,091,2930,1,1,0,1,0
2020-06-09,Siskiyou,093,43540,20,10,0,10,0
2020-06-09,Solano,095,438530,812,596,4,600,18
2020-06-09,Sonoma,097,501317,799,661,2,663,4
2020-06-09,Stanislaus,099,539301,1407,993,6,999,25
2020-06-09,Sutter,101,95872,88,56,0,56,2
2020-06-09,Tehama,103,63373,25,9,2,11,1
2020-06-09,Trinity,105,12862,10,2,3,5,0
2020-06-09,Tulare,107,460477,3377,2393,10,2403,91
2020-06-09,Tuolumne,109,53932,10,8,0,8,0
2020-06-09,Ventura,111,848112,2106,1407,12,1419,34
2020-06-09,Yolo,113,214977,287,226,0,226,24
2020-06-09,Yuba,115,75493,34,27,0,27,1
2020-06-08,Alameda,001,1643700,4487,3937,7,3944,103
2020-06-08,Alpine,003,1148,1,1,0,1,0
2020-06-08,Amador,005,37829,10,10,0,10,0
2020-06-08,Butte,007,227075,97,68,6,74,1
2020-06-08,Calaveras,009,45235,27,16,0,16,0
2020-06-08,Colusa,011,21464,9,7,0,7,0
2020-06-08,Contra Costa,013,1133247,2012,1714,2,1716,41
2020-06-08,Del Norte,015,27424,47,45,0,45,0
2020-06-08,El Dorado,017,186661,138,107,0,107,0
2020-06-08,Fresno,019,978130,4199,2194,56,2250,42
2020-06-08,Glenn,021,27897,36,17,0,17,0
2020-06-08,Humboldt,023,135768,116,112,0,112,2
2020-06-08,Imperial,025,180216,5177,3051,4,3055,21
2020-06-08,Inyo,027,18085,22,22,0,22,1
2020-06-08,Kern,029,883053,3743,2853,9,2862,49
2020-06-08,Kings,031,150075,1814,892,4,896,6
2020-06-08,Lake,033,64148,39,28,0,28,0
2020-06-08,Lassen,035,31185,15,4,2,6,0
2020-06-08,Los Angeles,037,10098052,73219,64634,20,64654,2640
2020-06-08,Madera,039,155013,386,154,1,155,3
2020-06-08,Marin,041,260295,680,596,2,598,17
2020-06-08,Mariposa,043,17540,16,16,0,16,1
2020-06-08,Mendocino,045,87422,33,32,0,32,0
2020-06-08,Merced,047,269075,529,331,1,332,7
2020-06-08,Modoc,049,8938,1,0,0,0,0
2020-06-08,Mono,051,14174,39,35,0,35,1
2020-06-08,Monterey,053,433212,1014,751,3,754,10
2020-06-08,Napa,055,140530,185,151,0,151,3
2020-06-08,Nevada,057,99092,56,50,1,51,1
2020-06-08,Orange,059,3164182,10960,7786,81,7867,160
2020-06-08,Placer,061,380077,421,290,3,293,9
2020-06-08,Plumas,063,18699,5,4,0,4,0
2020-06-08,Riverside,065,2383286,12148,9246,24,9270,347
2020-06-08,Sacramento,067,1510023,1782,1591,2,1593,59
2020-06-08,San Benito,069,59416,132,93,0,93,2
2020-06-08,San Bernardino,071,2135413,8241,6122,6,6128,214
2020-06-08,San Diego,073,3302833,9887,8621,0,8621,296
2020-06-08,San Francisco,075,870044,2968,2715,1,2716,43
2020-06-08,San Joaquin,077,732212,1733,1198,4,1202,40
2020-06-08,San Luis Obispo,079,281455,421,300,4,304,1
2020-06-08,San Mateo,081,765935,2644,2431,4,2435,74
2020-06-08,Santa Barbara,083,443738,2119,1824,17,1841,13
2020-06-08,Santa Clara,085,1922200,3824,2971,14,2985,146
2020-06-08,Santa Cruz,087,273765,269,234,0,234,2
2020-06-08,Shasta,089,179085,74,43,0,43,4
2020-06-08,Sierra,091,2930,1,1,0,1,0
2020-06-08,Siskiyou,093,43540,20,8,0,8,0
2020-06-08,Solano,095,438530,785,560,4,564,19
2020-06-08,Sonoma,097,501317,783,654,2,656,4
2020-06-08,Stanislaus,099,539301,1325,956,6,962,28
2020-06-08,Sutter,101,95872,81,55,0,55,2
2020-06-08,Tehama,103,63373,19,8,2,10,1
2020-06-08,Trinity,105,12862,10,2,3,5,0
2020-06-08,Tulare,107,460477,3294,2301,10,2311,91
2020-06-08,Tuolumne,109,53932,9,8,0,8,0
2020-06-08,Ventura,111,848112,2048,1382,12,1394,30
2020-06-08,Yolo,113,214977,276,228,0,228,24
2020-06-08,Yuba,115,75493,32,27,0,27,1
2020-06-07,Alameda,001,1643700,4374,3866,7,3873,102
2020-06-07,Alpine,003,1148,1,1,0,1,0
2020-06-07,Amador,005,37829,10,10,0,10,0
2020-06-07,Butte,007,227075,95,64,5,69,1
2020-06-07,Calaveras,009,45235,25,16,0,16,0
2020-06-07,Colusa,011,21464,9,7,0,7,0
2020-06-07,Contra Costa,013,1133247,1961,1653,1,1654,38
2020-06-07,Del Norte,015,27424,45,45,0,45,0
2020-06-07,El Dorado,017,186661,138,104,0,104,0
2020-06-07,Fresno,019,978130,4069,2144,56,2200,41
2020-06-07,Glenn,021,27897,29,16,0,16,0
2020-06-07,Humboldt,023,135768,116,112,0,112,2
2020-06-07,Imperial,025,180216,5026,3048,4,3052,19
2020-06-07,Inyo,027,18085,22,21,0,21,1
2020-06-07,Kern,029,883053,3612,2771,9,2780,46
2020-06-07,Kings,031,150075,1765,882,4,886,6
2020-06-07,Lake,033,64148,36,28,0,28,0
2020-06-07,Lassen,035,31185,14,4,2,6,0
2020-06-07,Los Angeles,037,10098052,71516,63750,20,63770,2629
2020-06-07,Madera,039,155013,369,149,1,150,3
2020-06-07,Marin,041,260295,666,584,2,586,17
2020-06-07,Mariposa,043,17540,16,16,0,16,1
2020-06-07,Mendocino,045,87422,33,32,0,32,0
2020-06-07,Merced,047,269075,496,318,1,319,7
2020-06-07,Modoc,049,8938,1,0,0,0,0
2020-06-07,Mono,051,14174,39,35,0,35,1
2020-06-07,Monterey,053,433212,968,732,3,735,10
2020-06-07,Napa,055,140530,177,142,0,142,3
2020-06-07,Nevada,057,99092,55,50,1,51,1
2020-06-07,Orange,059,3164182,10703,7643,79,7722,158
2020-06-07,Placer,061,380077,400,273,2,275,9
2020-06-07,Plumas,063,18699,5,4,0,4,0
2020-06-07,Riverside,065,2383286,11852,9105,24,9129,344
2020-06-07,Sacramento,067,1510023,1734,1568,2,1570,59
2020-06-07,San Benito,069,59416,129,92,0,92,2
2020-06-07,San Bernardino,071,2135413,7955,6033,6,6039,214
2020-06-07,San Diego,073,3302833,9708,8478,0,8478,296
2020-06-07,San Francisco,075,870044,2924,2674,0,2674,43
2020-06-07,San Joaquin,077,732212,1632,1126,4,1130,37
2020-06-07,San Luis Obispo,079,281455,411,296,4,300,1
2020-06-07,San Mateo,081,765935,2617,2399,4,2403,73
2020-06-07,Santa Barbara,083,443738,2064,1818,17,1835,13
2020-06-07,Santa Clara,085,1922200,3772,2947,14,2961,146
2020-06-07,Santa Cruz,087,273765,261,230,0,230,2
2020-06-07,Shasta,089,179085,73,41,0,41,4
2020-06-07,Sierra,091,2930,1,1,0,1,0
2020-06-07,Siskiyou,093,43540,20,8,0,8,0
2020-06-07,Solano,095,438530,762,560,4,564,19
2020-06-07,Sonoma,097,501317,752,639,2,641,4
2020-06-07,Stanislaus,099,539301,1245,905,5,910,28
2020-06-07,Sutter,101,95872,73,55,0,55,2
2020-06-07,Tehama,103,63373,16,8,2,10,1
2020-06-07,Trinity,105,12862,8,2,3,5,0
2020-06-07,Tulare,107,460477,3172,2219,10,2229,90
2020-06-07,Tuolumne,109,53932,9,4,0,4,0
2020-06-07,Ventura,111,848112,1982,1337,12,1349,30
2020-06-07,Yolo,113,214977,266,224,0,224,24
2020-06-07,Yuba,115,75493,32,27,0,27,1
2020-06-06,Alameda,001,1643700,4329,3801,7,3808,102
2020-06-06,Alpine,003,1148,1,1,0,1,0
2020-06-06,Amador,005,37829,10,10,0,10,0
2020-06-06,Butte,007,227075,94,63,5,68,1
2020-06-06,Calaveras,009,45235,23,16,0,16,0
2020-06-06,Colusa,011,21464,9,7,0,7,0
2020-06-06,Contra Costa,013,1133247,1940,1619,1,1620,37
2020-06-06,Del Norte,015,27424,45,45,0,45,0
2020-06-06,El Dorado,017,186661,133,104,0,104,0
2020-06-06,Fresno,019,978130,4014,2117,56,2173,41
2020-06-06,Glenn,021,27897,27,16,0,16,0
2020-06-06,Humboldt,023,135768,116,112,0,112,2
2020-06-06,Imperial,025,180216,4950,3047,4,3051,19
2020-06-06,Inyo,027,18085,22,21,0,21,1
2020-06-06,Kern,029,883053,3541,2695,9,2704,46
2020-06-06,Kings,031,150075,1746,882,4,886,6
2020-06-06,Lake,033,64148,36,28,0,28,0
2020-06-06,Lassen,035,31185,14,4,2,6,0
2020-06-06,Los Angeles,037,10098052,70767,62269,20,62289,2607
2020-06-06,Madera,039,155013,360,149,1,150,3
2020-06-06,Marin,041,260295,661,556,2,558,17
2020-06-06,Mariposa,043,17540,16,16,0,16,1
2020-06-06,Mendocino,045,87422,33,32,0,32,0
2020-06-06,Merced,047,269075,495,315,1,316,7
2020-06-06,Modoc,049,8938,1,0,0,0,0
2020-06-06,Mono,051,14174,39,35,0,35,1
2020-06-06,Monterey,053,433212,944,679,3,682,10
2020-06-06,Napa,055,140530,171,136,0,136,3
2020-06-06,Nevada,057,99092,54,50,1,51,1
2020-06-06,Orange,059,3164182,10544,7576,78,7654,157
2020-06-06,Placer,061,380077,388,270,2,272,9
2020-06-06,Plumas,063,18699,5,4,0,4,0
2020-06-06,Riverside,065,2383286,11674,8935,24,8959,345
2020-06-06,Sacramento,067,1510023,1711,1533,2,1535,59
2020-06-06,San Benito,069,59416,119,92,0,92,2
2020-06-06,San Bernardino,071,2135413,7807,5946,6,5952,214
2020-06-06,San Diego,073,3302833,9587,8347,0,8347,296
2020-06-06,San Francisco,075,870044,2909,2674,0,2674,43
2020-06-06,San Joaquin,077,732212,1592,1076,4,1080,37
2020-06-06,San Luis Obispo,079,281455,405,295,4,299,1
2020-06-06,San Mateo,081,765935,2602,2342,4,2346,72
2020-06-06,Santa Barbara,083,443738,2025,1815,17,1832,13
2020-06-06,Santa Clara,085,1922200,3731,2934,14,2948,144
2020-06-06,Santa Cruz,087,273765,259,226,0,226,2
2020-06-06,Shasta,089,179085,73,40,0,40,4
2020-06-06,Sierra,091,2930,1,1,0,1,0
2020-06-06,Siskiyou,093,43540,18,8,0,8,0
2020-06-06,Solano,095,438530,747,560,4,564,19
2020-06-06,Sonoma,097,501317,740,622,2,624,4
2020-06-06,Stanislaus,099,539301,1211,858,5,863,27
2020-06-06,Sutter,101,95872,73,51,0,51,2
2020-06-06,Tehama,103,63373,15,8,2,10,1
2020-06-06,Trinity,105,12862,8,2,2,4,0
2020-06-06,Tulare,107,460477,3139,2213,10,2223,90
2020-06-06,Tuolumne,109,53932,9,4,0,4,0
2020-06-06,Ventura,111,848112,1958,1303,12,1315,30
2020-06-06,Yolo,113,214977,264,223,0,223,24
2020-06-06,Yuba,115,75493,32,27,0,27,1
2020-06-05,Alameda,001,1643700,4278,3734,7,3741,102
2020-06-05,Alpine,003,1148,1,1,0,1,0
2020-06-05,Amador,005,37829,10,10,0,10,0
2020-06-05,Butte,007,227075,91,61,5,66,1
2020-06-05,Calaveras,009,45235,22,16,0,16,0
2020-06-05,Colusa,011,21464,9,7,0,7,0
2020-06-05,Contra Costa,013,1133247,1925,1575,1,1576,37
2020-06-05,Del Norte,015,27424,45,45,0,45,0
2020-06-05,El Dorado,017,186661,131,101,0,101,0
2020-06-05,Fresno,019,978130,3950,2051,55,2106,38
2020-06-05,Glenn,021,27897,25,16,0,16,0
2020-06-05,Humboldt,023,135768,115,111,0,111,2
2020-06-05,Imperial,025,180216,4844,2778,4,2782,19
2020-06-05,Inyo,027,18085,22,21,0,21,1
2020-06-05,Kern,029,883053,3452,2624,9,2633,46
2020-06-05,Kings,031,150075,1731,865,4,869,6
2020-06-05,Lake,033,64148,35,28,0,28,0
2020-06-05,Lassen,035,31185,13,4,2,6,0
2020-06-05,Los Angeles,037,10098052,69620,60955,20,60975,2553
2020-06-05,Madera,039,155013,338,144,1,145,3
2020-06-05,Marin,041,260295,652,546,2,548,17
2020-06-05,Mariposa,043,17540,16,16,0,16,1
2020-06-05,Mendocino,045,87422,33,32,0,32,0
2020-06-05,Merced,047,269075,493,309,1,310,7
2020-06-05,Modoc,049,8938,1,0,0,0,0
2020-06-05,Mono,051,14174,39,35,0,35,1
2020-06-05,Monterey,053,433212,912,649,3,652,10
2020-06-05,Napa,055,140530,168,123,0,123,3
2020-06-05,Nevada,057,99092,54,50,1,51,1
2020-06-05,Orange,059,3164182,10349,7391,76,7467,153
2020-06-05,Placer,061,380077,378,265,2,267,9
2020-06-05,Plumas,063,18699,5,4,0,4,0
2020-06-05,Riverside,065,2383286,11415,8700,24,8724,345
2020-06-05,Sacramento,067,1510023,1689,1514,2,1516,59
2020-06-05,San Benito,069,59416,117,92,0,92,2
2020-06-05,San Bernardino,071,2135413,7625,5869,5,5874,212
2020-06-05,San Diego,073,3302833,9472,8182,0,8182,294
2020-06-05,San Francisco,075,870044,2891,2675,0,2675,43
2020-06-05,San Joaquin,077,732212,1513,1046,4,1050,36
2020-06-05,San Luis Obispo,079,281455,398,293,4,297,1
2020-06-05,San Mateo,081,765935,2577,2331,4,2335,72
2020-06-05,Santa Barbara,083,443738,1994,1795,17,1812,13
2020-06-05,Santa Clara,085,1922200,3696,2902,14,2916,144
2020-06-05,Santa Cruz,087,273765,256,222,0,222,2
2020-06-05,Shasta,089,179085,72,40,0,40,4
2020-06-05,Sierra,091,2930,1,1,0,1,0
2020-06-05,Siskiyou,093,43540,16,8,0,8,0
2020-06-05,Solano,095,438530,740,558,4,562,19
2020-06-05,Sonoma,097,501317,719,618,2,620,4
2020-06-05,Stanislaus,099,539301,1178,842,5,847,27
2020-06-05,Sutter,101,95872,73,49,0,49,2
2020-06-05,Tehama,103,63373,15,7,2,9,1
2020-06-05,Trinity,105,12862,8,1,2,3,0
2020-06-05,Tulare,107,460477,3090,2180,10,2190,90
2020-06-05,Tuolumne,109,53932,9,4,0,4,0
2020-06-05,Ventura,111,848112,1925,1274,12,1286,30
2020-06-05,Yolo,113,214977,263,216,0,216,24
2020-06-05,Yuba,115,75493,32,27,0,27,1
2020-06-04,Alameda,001,1643700,4179,3643,7,3650,99
2020-06-04,Alpine,003,1148,1,1,0,1,0
2020-06-04,Amador,005,37829,10,10,0,10,0
2020-06-04,Butte,007,227075,87,57,4,61,1
2020-06-04,Calaveras,009,45235,22,15,0,15,0
2020-06-04,Colusa,011,21464,9,7,0,7,0
2020-06-04,Contra Costa,013,1133247,1867,1551,1,1552,37
2020-06-04,Del Norte,015,27424,45,45,0,45,0
2020-06-04,El Dorado,017,186661,129,101,0,101,0
2020-06-04,Fresno,019,978130,3844,2007,54,2061,35
2020-06-04,Glenn,021,27897,22,16,0,16,0
2020-06-04,Humboldt,023,135768,115,109,0,109,2
2020-06-04,Imperial,025,180216,4662,2631,4,2635,19
2020-06-04,Inyo,027,18085,22,20,0,20,1
2020-06-04,Kern,029,883053,3336,2530,9,2539,46
2020-06-04,Kings,031,150075,1661,842,4,846,6
2020-06-04,Lake,033,64148,34,27,0,27,0
2020-06-04,Lassen,035,31185,11,4,2,6,0
2020-06-04,Los Angeles,037,10098052,68154,59596,20,59616,2515
2020-06-04,Madera,039,155013,330,127,1,128,3
2020-06-04,Marin,041,260295,630,533,2,535,14
2020-06-04,Mariposa,043,17540,16,16,0,16,1
2020-06-04,Mendocino,045,87422,33,29,0,29,0
2020-06-04,Merced,047,269075,473,304,1,305,7
2020-06-04,Modoc,049,8938,1,0,0,0,0
2020-06-04,Mono,051,14174,39,35,0,35,1
2020-06-04,Monterey,053,433212,877,621,2,623,10
2020-06-04,Napa,055,140530,164,117,0,117,3
2020-06-04,Nevada,057,99092,53,49,1,50,1
2020-06-04,Orange,059,3164182,10097,7192,75,7267,148
2020-06-04,Placer,061,380077,362,256,2,258,9
2020-06-04,Plumas,063,18699,4,4,0,4,0
2020-06-04,Riverside,065,2383286,11137,8473,24,8497,341
2020-06-04,Sacramento,067,1510023,1662,1492,2,1494,58
2020-06-04,San Benito,069,59416,115,88,0,88,2
2020-06-04,San Bernardino,071,2135413,7357,5726,5,5731,207
2020-06-04,San Diego,073,3302833,9309,7942,0,7942,288
2020-06-04,San Francisco,075,870044,2858,2636,0,2636,43
2020-06-04,San Joaquin,077,732212,1451,1016,4,1020,36
2020-06-04,San Luis Obispo,079,281455,387,288,4,292,1
2020-06-04,San Mateo,081,765935,2550,2284,4,2288,72
2020-06-04,Santa Barbara,083,443738,1963,1750,16,1766,13
2020-06-04,Santa Clara,085,1922200,3662,2871,14,2885,144
2020-06-04,Santa Cruz,087,273765,250,218,0,218,2
2020-06-04,Shasta,089,179085,66,40,0,40,4
2020-06-04,Sierra,091,2930,1,1,0,1,0
2020-06-04,Siskiyou,093,43540,15,8,0,8,0
2020-06-04,Solano,095,438530,723,551,4,555,19
2020-06-04,Sonoma,097,501317,700,591,1,592,4
2020-06-04,Stanislaus,099,539301,1102,806,5,811,28
2020-06-04,Sutter,101,95872,68,46,0,46,2
2020-06-04,Tehama,103,63373,14,6,1,7,1
2020-06-04,Trinity,105,12862,8,1,2,3,0
2020-06-04,Tulare,107,460477,2973,2086,10,2096,90
2020-06-04,Tuolumne,109,53932,8,4,0,4,0
2020-06-04,Ventura,111,848112,1881,1236,11,1247,30
2020-06-04,Yolo,113,214977,258,216,0,216,24
2020-06-04,Yuba,115,75493,31,27,0,27,1
2020-06-03,Alameda,001,1643700,4120,3589,6,3595,99
2020-06-03,Alpine,003,1148,1,1,0,1,0
2020-06-03,Amador,005,37829,10,10,0,10,0
2020-06-03,Butte,007,227075,85,53,4,57,1
2020-06-03,Calaveras,009,45235,21,15,0,15,0
2020-06-03,Colusa,011,21464,9,7,0,7,0
2020-06-03,Contra Costa,013,1133247,1819,1511,1,1512,37
2020-06-03,Del Norte,015,27424,45,39,0,39,0
2020-06-03,El Dorado,017,186661,126,90,0,90,0
2020-06-03,Fresno,019,978130,3745,1943,54,1997,35
2020-06-03,Glenn,021,27897,22,16,0,16,0
2020-06-03,Humboldt,023,135768,115,103,0,103,2
2020-06-03,Imperial,025,180216,4489,2540,4,2544,19
2020-06-03,Inyo,027,18085,22,20,0,20,1
2020-06-03,Kern,029,883053,3240,2452,8,2460,44
2020-06-03,Kings,031,150075,1596,744,4,748,6
2020-06-03,Lake,033,64148,32,26,0,26,0
2020-06-03,Lassen,035,31185,11,4,2,6,0
2020-06-03,Los Angeles,037,10098052,66546,58166,20,58186,2472
2020-06-03,Madera,039,155013,322,117,1,118,3
2020-06-03,Marin,041,260295,612,527,2,529,14
2020-06-03,Mariposa,043,17540,16,16,0,16,1
2020-06-03,Mendocino,045,87422,32,29,0,29,0
2020-06-03,Merced,047,269075,459,299,1,300,7
2020-06-03,Modoc,049,8938,1,0,0,0,0
2020-06-03,Mono,051,14174,39,35,0,35,1
2020-06-03,Monterey,053,433212,849,592,2,594,10
2020-06-03,Napa,055,140530,163,116,0,116,3
2020-06-03,Nevada,057,99092,52,43,1,44,1
2020-06-03,Orange,059,3164182,9871,6939,73,7012,145
2020-06-03,Placer,061,380077,342,243,2,245,9
2020-06-03,Plumas,063,18699,4,4,0,4,0
2020-06-03,Riverside,065,2383286,10862,8208,24,8232,335
2020-06-03,Sacramento,067,1510023,1632,1457,2,1459,58
2020-06-03,San Benito,069,59416,109,88,0,88,2
2020-06-03,San Bernardino,071,2135413,7134,5565,5,5570,203
2020-06-03,San Diego,073,3302833,9161,7800,0,7800,283
2020-06-03,San Francisco,075,870044,2827,2608,0,2608,43
2020-06-03,San Joaquin,077,732212,1387,1004,4,1008,35
2020-06-03,San Luis Obispo,079,281455,382,279,4,283,1
2020-06-03,San Mateo,081,765935,2522,2243,4,2247,71
2020-06-03,Santa Barbara,083,443738,1929,1722,15,1737,12
2020-06-03,Santa Clara,085,1922200,3620,2836,14,2850,144
2020-06-03,Santa Cruz,087,273765,244,217,0,217,2
2020-06-03,Shasta,089,179085,63,40,0,40,4
2020-06-03,Sierra,091,2930,1,1,0,1,0
2020-06-03,Siskiyou,093,43540,14,8,0,8,0
2020-06-03,Solano,095,438530,698,543,2,545,18
2020-06-03,Sonoma,097,501317,688,578,1,579,4
2020-06-03,Stanislaus,099,539301,1062,780,5,785,27
2020-06-03,Sutter,101,95872,60,45,0,45,2
2020-06-03,Tehama,103,63373,14,6,1,7,1
2020-06-03,Trinity,105,12862,8,1,2,3,0
2020-06-03,Tulare,107,460477,2904,2041,10,2051,88
2020-06-03,Tuolumne,109,53932,6,4,0,4,0
2020-06-03,Ventura,111,848112,1814,1202,11,1213,30
2020-06-03,Yolo,113,214977,254,213,0,213,24
2020-06-03,Yuba,115,75493,31,27,0,27,1
2020-06-02,Alameda,001,1643700,4044,3517,6,3523,99
2020-06-02,Alpine,003,1148,1,1,0,1,0
2020-06-02,Amador,005,37829,10,10,0,10,0
2020-06-02,Butte,007,227075,81,51,3,54,1
2020-06-02,Calaveras,009,45235,21,15,0,15,0
2020-06-02,Colusa,011,21464,9,7,0,7,0
2020-06-02,Contra Costa,013,1133247,1787,1505,1,1506,37
2020-06-02,Del Norte,015,27424,45,39,0,39,0
2020-06-02,El Dorado,017,186661,125,88,0,88,0
2020-06-02,Fresno,019,978130,3632,1917,54,1971,34
2020-06-02,Glenn,021,27897,21,16,0,16,0
2020-06-02,Humboldt,023,135768,115,101,0,101,2
2020-06-02,Imperial,025,180216,4296,2459,4,2463,19
2020-06-02,Inyo,027,18085,20,20,0,20,1
2020-06-02,Kern,029,883053,3141,2406,6,2412,41
2020-06-02,Kings,031,150075,1568,720,4,724,5
2020-06-02,Lake,033,64148,32,25,0,25,0
2020-06-02,Lassen,035,31185,10,4,2,6,0
2020-06-02,Los Angeles,037,10098052,65144,57144,20,57164,2430
2020-06-02,Madera,039,155013,301,110,1,111,2
2020-06-02,Marin,041,260295,585,509,2,511,14
2020-06-02,Mariposa,043,17540,16,16,0,16,1
2020-06-02,Mendocino,045,87422,32,29,0,29,0
2020-06-02,Merced,047,269075,443,297,1,298,6
2020-06-02,Modoc,049,8938,1,0,0,0,0
2020-06-02,Mono,051,14174,39,35,0,35,1
2020-06-02,Monterey,053,433212,819,582,2,584,10
2020-06-02,Napa,055,140530,154,116,0,116,3
2020-06-02,Nevada,057,99092,51,41,1,42,1
2020-06-02,Orange,059,3164182,9670,6790,72,6862,142
2020-06-02,Placer,061,380077,328,226,2,228,9
2020-06-02,Plumas,063,18699,4,4,0,4,0
2020-06-02,Riverside,065,2383286,10566,8091,22,8113,330
2020-06-02,Sacramento,067,1510023,1603,1428,2,1430,58
2020-06-02,San Benito,069,59416,108,86,0,86,2
2020-06-02,San Bernardino,071,2135413,6927,5438,5,5443,202
2020-06-02,San Diego,073,3302833,9015,7676,0,7676,276
2020-06-02,San Francisco,075,870044,2792,2554,0,2554,43
2020-06-02,San Joaquin,077,732212,1321,985,4,989,35
2020-06-02,San Luis Obispo,079,281455,377,275,4,279,1
2020-06-02,San Mateo,081,765935,2487,2203,4,2207,71
2020-06-02,Santa Barbara,083,443738,1889,1703,15,1718,12
2020-06-02,Santa Clara,085,1922200,3570,2819,14,2833,144
2020-06-02,Santa Cruz,087,273765,239,215,0,215,2
2020-06-02,Shasta,089,179085,62,38,0,38,4
2020-06-02,Sierra,091,2930,1,1,0,1,0
2020-06-02,Siskiyou,093,43540,13,8,0,8,0
2020-06-02,Solano,095,438530,683,537,1,538,18
2020-06-02,Sonoma,097,501317,677,571,1,572,4
2020-06-02,Stanislaus,099,539301,1003,772,5,777,27
2020-06-02,Sutter,101,95872,57,43,0,43,2
2020-06-02,Tehama,103,63373,14,6,1,7,1
2020-06-02,Trinity,105,12862,8,1,2,3,0
2020-06-02,Tulare,107,460477,2824,2012,10,2022,86
2020-06-02,Tuolumne,109,53932,6,4,0,4,0
2020-06-02,Ventura,111,848112,1761,1178,11,1189,30
2020-06-02,Yolo,113,214977,252,213,0,213,24
2020-06-02,Yuba,115,75493,31,27,0,27,1
2020-06-01,Alameda,001,1643700,3978,3460,6,3466,98
2020-06-01,Alpine,003,1148,1,1,0,1,0
2020-06-01,Amador,005,37829,10,10,0,10,0
2020-06-01,Butte,007,227075,80,50,2,52,1
2020-06-01,Calaveras,009,45235,21,15,0,15,0
2020-06-01,Colusa,011,21464,9,7,0,7,0
2020-06-01,Contra Costa,013,1133247,1751,1486,1,1487,37
2020-06-01,Del Norte,015,27424,45,38,0,38,0
2020-06-01,El Dorado,017,186661,123,88,0,88,0
2020-06-01,Fresno,019,978130,3537,1854,52,1906,33
2020-06-01,Glenn,021,27897,21,16,0,16,0
2020-06-01,Humboldt,023,135768,115,98,0,98,2
2020-06-01,Imperial,025,180216,4074,2366,4,2370,14
2020-06-01,Inyo,027,18085,20,20,0,20,1
2020-06-01,Kern,029,883053,3058,2366,6,2372,38
2020-06-01,Kings,031,150075,1300,703,4,707,4
2020-06-01,Lake,033,64148,32,22,0,22,0
2020-06-01,Lassen,035,31185,10,4,2,6,0
2020-06-01,Los Angeles,037,10098052,63679,55899,20,55919,2367
2020-06-01,Madera,039,155013,289,103,1,104,2
2020-06-01,Marin,041,260295,544,495,2,497,14
2020-06-01,Mariposa,043,17540,16,16,0,16,1
2020-06-01,Mendocino,045,87422,32,28,0,28,0
2020-06-01,Merced,047,269075,424,289,1,290,6
2020-06-01,Modoc,049,8938,1,0,0,0,0
2020-06-01,Mono,051,14174,39,35,0,35,1
2020-06-01,Monterey,053,433212,795,554,2,556,10
2020-06-01,Napa,055,140530,151,114,0,114,3
2020-06-01,Nevada,057,99092,51,41,1,42,1
2020-06-01,Orange,059,3164182,9473,6640,71,6711,135
2020-06-01,Placer,061,380077,316,218,2,220,9
2020-06-01,Plumas,063,18699,4,4,0,4,0
2020-06-01,Riverside,065,2383286,10114,7921,21,7942,322
2020-06-01,Sacramento,067,1510023,1564,1415,2,1417,58
2020-06-01,San Benito,069,59416,105,86,0,86,2
2020-06-01,San Bernardino,071,2135413,6721,5310,5,5315,202
2020-06-01,San Diego,073,3302833,8835,7556,0,7556,269
2020-06-01,San Francisco,075,870044,2755,2546,0,2546,43
2020-06-01,San Joaquin,077,732212,1256,957,4,961,35
2020-06-01,San Luis Obispo,079,281455,373,275,4,279,1
2020-06-01,San Mateo,081,765935,2457,2190,4,2194,71
2020-06-01,Santa Barbara,083,443738,1855,1671,14,1685,10
2020-06-01,Santa Clara,085,1922200,3532,2797,13,2810,142
2020-06-01,Santa Cruz,087,273765,235,215,0,215,2
2020-06-01,Shasta,089,179085,62,38,0,38,4
2020-06-01,Sierra,091,2930,1,1,0,1,0
2020-06-01,Siskiyou,093,43540,13,7,0,7,0
2020-06-01,Solano,095,438530,659,529,1,530,17
2020-06-01,Sonoma,097,501317,661,565,1,566,4
2020-06-01,Stanislaus,099,539301,966,758,5,763,27
2020-06-01,Sutter,101,95872,52,43,0,43,2
2020-06-01,Tehama,103,63373,11,5,1,6,1
2020-06-01,Trinity,105,12862,7,1,2,3,0
2020-06-01,Tulare,107,460477,2709,1976,10,1986,84
2020-06-01,Tuolumne,109,53932,5,4,0,4,0
2020-06-01,Ventura,111,848112,1708,1163,11,1174,29
2020-06-01,Yolo,113,214977,249,212,0,212,24
2020-06-01,Yuba,115,75493,30,26,0,26,1
2020-05-31,Alameda,001,1643700,3873,3362,6,3368,98
2020-05-31,Alpine,003,1148,1,1,0,1,0
2020-05-31,Amador,005,37829,10,10,0,10,0
2020-05-31,Butte,007,227075,78,51,2,53,0
2020-05-31,Calaveras,009,45235,18,15,0,15,0
2020-05-31,Colusa,011,21464,9,5,0,5,0
2020-05-31,Contra Costa,013,1133247,1717,1458,1,1459,37
2020-05-31,Del Norte,015,27424,45,37,0,37,0
2020-05-31,El Dorado,017,186661,119,88,0,88,0
2020-05-31,Fresno,019,978130,3372,1780,46,1826,31
2020-05-31,Glenn,021,27897,20,16,0,16,0
2020-05-31,Humboldt,023,135768,113,98,0,98,2
2020-05-31,Imperial,025,180216,3807,2197,4,2201,14
2020-05-31,Inyo,027,18085,20,20,0,20,1
2020-05-31,Kern,029,883053,2923,2300,6,2306,38
2020-05-31,Kings,031,150075,1263,703,4,707,3
2020-05-31,Lake,033,64148,32,19,0,19,0
2020-05-31,Lassen,035,31185,10,4,2,6,0
2020-05-31,Los Angeles,037,10098052,62388,54925,20,54945,2344
2020-05-31,Madera,039,155013,271,101,1,102,2
2020-05-31,Marin,041,260295,534,486,2,488,14
2020-05-31,Mariposa,043,17540,16,16,0,16,1
2020-05-31,Mendocino,045,87422,32,24,0,24,0
2020-05-31,Merced,047,269075,397,288,0,288,6
2020-05-31,Modoc,049,8938,0,0,0,0,0
2020-05-31,Mono,051,14174,39,34,0,34,1
2020-05-31,Monterey,053,433212,721,545,2,547,10
2020-05-31,Napa,055,140530,149,114,0,114,3
2020-05-31,Nevada,057,99092,50,41,1,42,1
2020-05-31,Orange,059,3164182,9263,6532,70,6602,135
2020-05-31,Placer,061,380077,294,215,2,217,9
2020-05-31,Plumas,063,18699,4,4,0,4,0
2020-05-31,Riverside,065,2383286,9858,7704,21,7725,321
2020-05-31,Sacramento,067,1510023,1533,1398,2,1400,57
2020-05-31,San Benito,069,59416,99,85,0,85,2
2020-05-31,San Bernardino,071,2135413,6453,5185,5,5190,198
2020-05-31,San Diego,073,3302833,8641,7483,0,7483,269
2020-05-31,San Francisco,075,870044,2719,2501,0,2501,43
2020-05-31,San Joaquin,077,732212,1191,888,4,892,34
2020-05-31,San Luis Obispo,079,281455,363,271,4,275,1
2020-05-31,San Mateo,081,765935,2411,2169,4,2173,71
2020-05-31,Santa Barbara,083,443738,1804,1662,13,1675,9
2020-05-31,Santa Clara,085,1922200,3488,2785,13,2798,142
2020-05-31,Santa Cruz,087,273765,232,210,0,210,2
2020-05-31,Shasta,089,179085,60,38,0,38,4
2020-05-31,Sierra,091,2930,1,1,0,1,0
2020-05-31,Siskiyou,093,43540,12,7,0,7,0
2020-05-31,Solano,095,438530,633,512,1,513,6
2020-05-31,Sonoma,097,501317,641,555,1,556,4
2020-05-31,Stanislaus,099,539301,912,738,5,743,27
2020-05-31,Sutter,101,95872,50,42,0,42,2
2020-05-31,Tehama,103,63373,10,4,1,5,1
2020-05-31,Trinity,105,12862,7,1,2,3,0
2020-05-31,Tulare,107,460477,2636,1884,10,1894,82
2020-05-31,Tuolumne,109,53932,5,4,0,4,0
2020-05-31,Ventura,111,848112,1647,1151,11,1162,30
2020-05-31,Yolo,113,214977,243,211,0,211,24
2020-05-31,Yuba,115,75493,30,26,0,26,1
2020-05-30,Alameda,001,1643700,3847,3304,6,3310,96
2020-05-30,Alpine,003,1148,1,1,0,1,0
2020-05-30,Amador,005,37829,10,10,0,10,0
2020-05-30,Butte,007,227075,77,44,2,46,0
2020-05-30,Calaveras,009,45235,17,15,0,15,0
2020-05-30,Colusa,011,21464,8,5,0,5,0
2020-05-30,Contra Costa,013,1133247,1701,1429,1,1430,37
2020-05-30,Del Norte,015,27424,45,37,0,37,0
2020-05-30,El Dorado,017,186661,118,86,0,86,0
2020-05-30,Fresno,019,978130,3311,1744,45,1789,31
2020-05-30,Glenn,021,27897,19,16,0,16,0
2020-05-30,Humboldt,023,135768,112,98,0,98,2
2020-05-30,Imperial,025,180216,3717,2091,4,2095,14
2020-05-30,Inyo,027,18085,20,20,0,20,1
2020-05-30,Kern,029,883053,2854,2217,6,2223,38
2020-05-30,Kings,031,150075,1249,703,4,707,3
2020-05-30,Lake,033,64148,31,18,0,18,0
2020-05-30,Lassen,035,31185,10,4,2,6,0
2020-05-30,Los Angeles,037,10098052,61851,53627,20,53647,2319
2020-05-30,Madera,039,155013,266,101,1,102,2
2020-05-30,Marin,041,260295,534,462,2,464,14
2020-05-30,Mariposa,043,17540,16,16,0,16,1
2020-05-30,Mendocino,045,87422,32,24,0,24,0
2020-05-30,Merced,047,269075,396,285,0,285,6
2020-05-30,Modoc,049,8938,0,0,0,0,0
2020-05-30,Mono,051,14174,39,34,0,34,1
2020-05-30,Monterey,053,433212,705,520,2,522,10
2020-05-30,Napa,055,140530,147,113,0,113,3
2020-05-30,Nevada,057,99092,50,41,1,42,1
2020-05-30,Orange,059,3164182,9106,6354,70,6424,134
2020-05-30,Placer,061,380077,286,199,1,200,9
2020-05-30,Plumas,063,18699,4,4,0,4,0
2020-05-30,Riverside,065,2383286,9714,7492,21,7513,316
2020-05-30,Sacramento,067,1510023,1522,1384,2,1386,57
2020-05-30,San Benito,069,59416,98,85,0,85,2
2020-05-30,San Bernardino,071,2135413,6344,5122,5,5127,198
2020-05-30,San Diego,073,3302833,8548,7387,0,7387,269
2020-05-30,San Francisco,075,870044,2694,2496,0,2496,41
2020-05-30,San Joaquin,077,732212,1153,888,4,892,34
2020-05-30,San Luis Obispo,079,281455,358,270,4,274,1
2020-05-30,San Mateo,081,765935,2387,2129,4,2133,71
2020-05-30,Santa Barbara,083,443738,1785,1660,13,1673,9
2020-05-30,Santa Clara,085,1922200,3472,2741,13,2754,141
2020-05-30,Santa Cruz,087,273765,232,206,0,206,2
2020-05-30,Shasta,089,179085,60,36,0,36,4
2020-05-30,Sierra,091,2930,1,1,0,1,0
2020-05-30,Siskiyou,093,43540,11,7,0,7,0
2020-05-30,Solano,095,438530,626,512,1,513,6
2020-05-30,Sonoma,097,501317,631,551,1,552,4
2020-05-30,Stanislaus,099,539301,895,712,5,717,27
2020-05-30,Sutter,101,95872,49,40,0,40,2
2020-05-30,Tehama,103,63373,10,4,1,5,1
2020-05-30,Trinity,105,12862,7,1,2,3,0
2020-05-30,Tulare,107,460477,2599,1879,10,1889,81
2020-05-30,Tuolumne,109,53932,5,4,0,4,0
2020-05-30,Ventura,111,848112,1630,1116,11,1127,30
2020-05-30,Yolo,113,214977,239,210,0,210,24
2020-05-30,Yuba,115,75493,30,25,0,25,1
2020-05-29,Alameda,001,1643700,3812,3209,6,3215,96
2020-05-29,Alpine,003,1148,1,1,0,1,0
2020-05-29,Amador,005,37829,10,10,0,10,0
2020-05-29,Butte,007,227075,72,41,2,43,0
2020-05-29,Calaveras,009,45235,17,15,0,15,0
2020-05-29,Colusa,011,21464,8,5,0,5,0
2020-05-29,Contra Costa,013,1133247,1685,1411,1,1412,37
2020-05-29,Del Norte,015,27424,45,37,0,37,0
2020-05-29,El Dorado,017,186661,117,85,0,85,0
2020-05-29,Fresno,019,978130,3261,1687,45,1732,31
2020-05-29,Glenn,021,27897,19,14,0,14,0
2020-05-29,Humboldt,023,135768,111,98,0,98,2
2020-05-29,Imperial,025,180216,3599,1607,4,1611,14
2020-05-29,Inyo,027,18085,20,20,0,20,1
2020-05-29,Kern,029,883053,2796,2128,6,2134,36
2020-05-29,Kings,031,150075,1238,693,4,697,3
2020-05-29,Lake,033,64148,30,17,0,17,0
2020-05-29,Lassen,035,31185,10,0,2,2,0
2020-05-29,Los Angeles,037,10098052,60896,51578,20,51598,2273
2020-05-29,Madera,039,155013,251,98,1,99,2
2020-05-29,Marin,041,260295,526,448,2,450,14
2020-05-29,Mariposa,043,17540,16,16,0,16,1
2020-05-29,Mendocino,045,87422,30,25,0,25,0
2020-05-29,Merced,047,269075,391,285,0,285,7
2020-05-29,Modoc,049,8938,0,0,0,0,0
2020-05-29,Mono,051,14174,38,34,0,34,1
2020-05-29,Monterey,053,433212,675,479,2,481,10
2020-05-29,Napa,055,140530,144,113,0,113,3
2020-05-29,Nevada,057,99092,50,41,1,42,1
2020-05-29,Orange,059,3164182,8921,6176,67,6243,133
2020-05-29,Placer,061,380077,264,199,1,200,9
2020-05-29,Plumas,063,18699,4,4,0,4,0
2020-05-29,Riverside,065,2383286,9528,7376,21,7397,313
2020-05-29,Sacramento,067,1510023,1499,1360,2,1362,57
2020-05-29,San Benito,069,59416,98,84,0,84,2
2020-05-29,San Bernardino,071,2135413,6236,4983,5,4988,196
2020-05-29,San Diego,073,3302833,8425,7242,0,7242,266
2020-05-29,San Francisco,075,870044,2670,2453,0,2453,41
2020-05-29,San Joaquin,077,732212,1116,855,4,859,34
2020-05-29,San Luis Obispo,079,281455,354,270,4,274,1
2020-05-29,San Mateo,081,765935,2371,2103,4,2107,71
2020-05-29,Santa Barbara,083,443738,1758,1656,13,1669,9
2020-05-29,Santa Clara,085,1922200,3444,2707,13,2720,141
2020-05-29,Santa Cruz,087,273765,229,203,0,203,2
2020-05-29,Shasta,089,179085,60,36,0,36,4
2020-05-29,Sierra,091,2930,1,1,0,1,0
2020-05-29,Siskiyou,093,43540,11,7,0,7,0
2020-05-29,Solano,095,438530,618,498,1,499,6
2020-05-29,Sonoma,097,501317,620,537,1,538,4
2020-05-29,Stanislaus,099,539301,865,698,5,703,27
2020-05-29,Sutter,101,95872,47,40,0,40,2
2020-05-29,Tehama,103,63373,9,4,1,5,1
2020-05-29,Trinity,105,12862,7,1,2,3,0
2020-05-29,Tulare,107,460477,2561,1852,10,1862,80
2020-05-29,Tuolumne,109,53932,5,4,0,4,0
2020-05-29,Ventura,111,848112,1606,1093,11,1104,29
2020-05-29,Yolo,113,214977,235,211,0,211,24
2020-05-29,Yuba,115,75493,29,25,0,25,1
2020-05-28,Alameda,001,1643700,3712,3083,6,3089,94
2020-05-28,Alpine,003,1148,1,1,0,1,0
2020-05-28,Amador,005,37829,10,10,0,10,0
2020-05-28,Butte,007,227075,71,40,2,42,0
2020-05-28,Calaveras,009,45235,16,15,0,15,0
2020-05-28,Colusa,011,21464,8,5,0,5,0
2020-05-28,Contra Costa,013,1133247,1646,1392,1,1393,37
2020-05-28,Del Norte,015,27424,45,37,0,37,0
2020-05-28,El Dorado,017,186661,114,82,0,82,0
2020-05-28,Fresno,019,978130,3180,1653,44,1697,31
2020-05-28,Glenn,021,27897,18,14,0,14,0
2020-05-28,Humboldt,023,135768,110,97,0,97,2
2020-05-28,Imperial,025,180216,3404,1430,4,1434,14
2020-05-28,Inyo,027,18085,20,20,0,20,1
2020-05-28,Kern,029,883053,2718,2069,6,2075,36
2020-05-28,Kings,031,150075,901,626,4,630,3
2020-05-28,Lake,033,64148,29,17,0,17,0
2020-05-28,Lassen,035,31185,10,0,2,2,0
2020-05-28,Los Angeles,037,10098052,59316,49861,20,49881,2222
2020-05-28,Madera,039,155013,233,93,1,94,2
2020-05-28,Marin,041,260295,501,443,2,445,14
2020-05-28,Mariposa,043,17540,16,16,0,16,1
2020-05-28,Mendocino,045,87422,28,24,0,24,0
2020-05-28,Merced,047,269075,382,283,0,283,7
2020-05-28,Modoc,049,8938,0,0,0,0,0
2020-05-28,Mono,051,14174,38,34,0,34,1
2020-05-28,Monterey,053,433212,643,471,2,473,10
2020-05-28,Napa,055,140530,141,113,0,113,3
2020-05-28,Nevada,057,99092,45,41,1,42,1
2020-05-28,Orange,059,3164182,8725,6045,67,6112,130
2020-05-28,Placer,061,380077,257,196,1,197,9
2020-05-28,Plumas,063,18699,4,4,0,4,0
2020-05-28,Riverside,065,2383286,9124,7240,20,7260,304
2020-05-28,Sacramento,067,1510023,1479,1339,2,1341,57
2020-05-28,San Benito,069,59416,97,82,0,82,2
2020-05-28,San Bernardino,071,2135413,6071,4831,5,4836,191
2020-05-28,San Diego,073,3302833,8268,7102,0,7102,260
2020-05-28,San Francisco,075,870044,2636,2417,0,2417,40
2020-05-28,San Joaquin,077,732212,1081,840,4,844,34
2020-05-28,San Luis Obispo,079,281455,351,267,4,271,1
2020-05-28,San Mateo,081,765935,2344,2070,4,2074,71
2020-05-28,Santa Barbara,083,443738,1729,1642,12,1654,9
2020-05-28,Santa Clara,085,1922200,3404,2698,13,2711,140
2020-05-28,Santa Cruz,087,273765,228,201,0,201,2
2020-05-28,Shasta,089,179085,58,36,0,36,4
2020-05-28,Sierra,091,2930,1,1,0,1,0
2020-05-28,Siskiyou,093,43540,9,6,0,6,0
2020-05-28,Solano,095,438530,601,489,1,490,6
2020-05-28,Sonoma,097,501317,598,529,1,530,4
2020-05-28,Stanislaus,099,539301,824,684,5,689,27
2020-05-28,Sutter,101,95872,47,40,0,40,2
2020-05-28,Tehama,103,63373,9,4,1,5,1
2020-05-28,Trinity,105,12862,6,1,2,3,0
2020-05-28,Tulare,107,460477,2525,1832,10,1842,79
2020-05-28,Tuolumne,109,53932,5,4,0,4,0
2020-05-28,Ventura,111,848112,1573,1083,11,1094,29
2020-05-28,Yolo,113,214977,232,206,0,206,22
2020-05-28,Yuba,115,75493,28,24,0,24,1
2020-05-27,Alameda,001,1643700,3629,3037,6,3043,94
2020-05-27,Alpine,003,1148,1,1,0,1,0
2020-05-27,Amador,005,37829,10,10,0,10,0
2020-05-27,Butte,007,227075,68,40,1,41,0
2020-05-27,Calaveras,009,45235,15,15,0,15,0
2020-05-27,Colusa,011,21464,8,5,0,5,0
2020-05-27,Contra Costa,013,1133247,1606,1373,1,1374,37
2020-05-27,Del Norte,015,27424,45,34,0,34,0
2020-05-27,El Dorado,017,186661,113,82,0,82,0
2020-05-27,Fresno,019,978130,3092,1620,44,1664,27
2020-05-27,Glenn,021,27897,18,14,0,14,0
2020-05-27,Humboldt,023,135768,110,86,0,86,2
2020-05-27,Imperial,025,180216,3224,1369,4,1373,14
2020-05-27,Inyo,027,18085,20,20,0,20,1
2020-05-27,Kern,029,883053,2653,1999,6,2005,37
2020-05-27,Kings,031,150075,874,586,4,590,3
2020-05-27,Lake,033,64148,29,13,0,13,0
2020-05-27,Lassen,035,31185,10,0,2,2,0
2020-05-27,Los Angeles,037,10098052,57941,48711,20,48731,2177
2020-05-27,Madera,039,155013,224,91,1,92,2
2020-05-27,Marin,041,260295,472,439,2,441,14
2020-05-27,Mariposa,043,17540,16,16,0,16,1
2020-05-27,Mendocino,045,87422,27,21,0,21,0
2020-05-27,Merced,047,269075,378,278,0,278,7
2020-05-27,Modoc,049,8938,0,0,0,0,0
2020-05-27,Mono,051,14174,38,34,0,34,1
2020-05-27,Monterey,053,433212,603,443,2,445,8
2020-05-27,Napa,055,140530,136,112,0,112,3
2020-05-27,Nevada,057,99092,44,41,1,42,1
2020-05-27,Orange,059,3164182,8570,5849,67,5916,121
2020-05-27,Placer,061,380077,238,196,0,196,9
2020-05-27,Plumas,063,18699,4,4,0,4,0
2020-05-27,Riverside,065,2383286,8745,7156,20,7176,299
2020-05-27,Sacramento,067,1510023,1451,1318,2,1320,50
2020-05-27,San Benito,069,59416,94,74,0,74,2
2020-05-27,San Bernardino,071,2135413,5887,4708,5,4713,183
2020-05-27,San Diego,073,3302833,8117,6985,0,6985,255
2020-05-27,San Francisco,075,870044,2607,2394,0,2394,40
2020-05-27,San Joaquin,077,732212,1039,825,4,829,34
2020-05-27,San Luis Obispo,079,281455,346,266,4,270,1
2020-05-27,San Mateo,081,765935,2304,2045,4,2049,71
2020-05-27,Santa Barbara,083,443738,1714,1629,12,1641,9
2020-05-27,Santa Clara,085,1922200,3371,2680,13,2693,140
2020-05-27,Santa Cruz,087,273765,224,202,0,202,2
2020-05-27,Shasta,089,179085,55,36,0,36,4
2020-05-27,Sierra,091,2930,1,1,0,1,0
2020-05-27,Siskiyou,093,43540,9,6,0,6,0
2020-05-27,Solano,095,438530,581,477,1,478,5
2020-05-27,Sonoma,097,501317,584,521,1,522,4
2020-05-27,Stanislaus,099,539301,799,675,5,680,27
2020-05-27,Sutter,101,95872,46,40,0,40,2
2020-05-27,Tehama,103,63373,9,3,1,4,1
2020-05-27,Trinity,105,12862,6,1,2,3,0
2020-05-27,Tulare,107,460477,2473,1817,10,1827,77
2020-05-27,Tuolumne,109,53932,5,4,0,4,0
2020-05-27,Ventura,111,848112,1548,1065,11,1076,28
2020-05-27,Yolo,113,214977,231,204,0,204,22
2020-05-27,Yuba,115,75493,28,24,0,24,1
2020-05-26,Alameda,001,1643700,3534,2956,6,2962,92
2020-05-26,Alpine,003,1148,1,1,0,1,0
2020-05-26,Amador,005,37829,10,10,0,10,0
2020-05-26,Butte,007,227075,66,37,1,38,0
2020-05-26,Calaveras,009,45235,15,13,0,13,0
2020-05-26,Colusa,011,21464,8,4,0,4,0
2020-05-26,Contra Costa,013,1133247,1571,1352,1,1353,37
2020-05-26,Del Norte,015,27424,44,30,0,30,0
2020-05-26,El Dorado,017,186661,109,79,0,79,0
2020-05-26,Fresno,019,978130,3005,1496,44,1540,22
2020-05-26,Glenn,021,27897,16,12,0,12,0
2020-05-26,Humboldt,023,135768,108,81,0,81,2
2020-05-26,Imperial,025,180216,3009,1369,4,1373,14
2020-05-26,Inyo,027,18085,20,20,0,20,1
2020-05-26,Kern,029,883053,2575,1890,6,1896,31
2020-05-26,Kings,031,150075,806,449,3,452,2
2020-05-26,Lake,033,64148,27,12,0,12,0
2020-05-26,Lassen,035,31185,9,0,2,2,0
2020-05-26,Los Angeles,037,10098052,56474,47760,20,47780,2121
2020-05-26,Madera,039,155013,209,83,1,84,2
2020-05-26,Marin,041,260295,460,424,2,426,14
2020-05-26,Mariposa,043,17540,16,16,0,16,1
2020-05-26,Mendocino,045,87422,25,20,0,20,0
2020-05-26,Merced,047,269075,363,266,0,266,7
2020-05-26,Modoc,049,8938,0,1,0,1,0
2020-05-26,Mono,051,14174,37,34,0,34,1
2020-05-26,Monterey,053,433212,575,424,1,425,8
2020-05-26,Napa,055,140530,131,109,0,109,3
2020-05-26,Nevada,057,99092,43,41,1,42,1
2020-05-26,Orange,059,3164182,8300,5651,66,5717,115
2020-05-26,Placer,061,380077,233,188,0,188,9
2020-05-26,Plumas,063,18699,4,4,0,4,0
2020-05-26,Riverside,065,2383286,8298,6917,20,6937,284
2020-05-26,Sacramento,067,1510023,1425,1298,2,1300,50
2020-05-26,San Benito,069,59416,89,69,0,69,2
2020-05-26,San Bernardino,071,2135413,5719,4430,5,4435,175
2020-05-26,San Diego,073,3302833,7974,6884,0,6884,249
2020-05-26,San Francisco,075,870044,2574,2363,0,2363,40
2020-05-26,San Joaquin,077,732212,992,760,4,764,33
2020-05-26,San Luis Obispo,079,281455,344,260,4,264,1
2020-05-26,San Mateo,081,765935,2266,1967,3,1970,71
2020-05-26,Santa Barbara,083,443738,1697,1590,11,1601,9
2020-05-26,Santa Clara,085,1922200,3339,2659,13,2672,139
2020-05-26,Santa Cruz,087,273765,222,197,0,197,2
2020-05-26,Shasta,089,179085,55,36,0,36,4
2020-05-26,Sierra,091,2930,1,1,0,1,0
2020-05-26,Siskiyou,093,43540,8,6,0,6,0
2020-05-26,Solano,095,438530,563,470,1,471,5
2020-05-26,Sonoma,097,501317,576,509,0,509,4
2020-05-26,Stanislaus,099,539301,779,663,5,668,27
2020-05-26,Sutter,101,95872,45,39,0,39,2
2020-05-26,Tehama,103,63373,8,2,1,3,1
2020-05-26,Trinity,105,12862,6,1,2,3,0
2020-05-26,Tulare,107,460477,2417,1768,10,1778,76
2020-05-26,Tuolumne,109,53932,5,2,0,2,0
2020-05-26,Ventura,111,848112,1511,1033,8,1041,27
2020-05-26,Yolo,113,214977,225,198,0,198,22
2020-05-26,Yuba,115,75493,27,24,0,24,1
2020-05-25,Alameda,001,1643700,3441,2900,5,2905,92
2020-05-25,Alpine,003,1148,1,1,0,1,0
2020-05-25,Amador,005,37829,10,10,0,10,0
2020-05-25,Butte,007,227075,63,37,1,38,0
2020-05-25,Calaveras,009,45235,15,13,0,13,0
2020-05-25,Colusa,011,21464,7,4,0,4,0
2020-05-25,Contra Costa,013,1133247,1539,1348,1,1349,37
2020-05-25,Del Norte,015,27424,44,20,0,20,0
2020-05-25,El Dorado,017,186661,101,78,0,78,0
2020-05-25,Fresno,019,978130,2901,1496,42,1538,22
2020-05-25,Glenn,021,27897,16,12,0,12,0
2020-05-25,Humboldt,023,135768,107,81,0,81,2
2020-05-25,Imperial,025,180216,2798,1369,4,1373,14
2020-05-25,Inyo,027,18085,19,20,0,20,1
2020-05-25,Kern,029,883053,2504,1890,6,1896,31
2020-05-25,Kings,031,150075,776,447,3,450,2
2020-05-25,Lake,033,64148,25,13,0,13,0
2020-05-25,Lassen,035,31185,9,0,2,2,0
2020-05-25,Los Angeles,037,10098052,54664,45952,19,45971,2094
2020-05-25,Madera,039,155013,196,83,1,84,2
2020-05-25,Marin,041,260295,442,415,2,417,14
2020-05-25,Mariposa,043,17540,16,15,0,15,1
2020-05-25,Mendocino,045,87422,22,19,0,19,0
2020-05-25,Merced,047,269075,356,262,0,262,6
2020-05-25,Modoc,049,8938,0,1,0,1,0
2020-05-25,Mono,051,14174,37,34,0,34,1
2020-05-25,Monterey,053,433212,545,418,1,419,8
2020-05-25,Napa,055,140530,131,107,0,107,3
2020-05-25,Nevada,057,99092,43,41,1,42,1
2020-05-25,Orange,059,3164182,8078,5601,65,5666,115
2020-05-25,Placer,061,380077,229,186,0,186,9
2020-05-25,Plumas,063,18699,4,4,0,4,0
2020-05-25,Riverside,065,2383286,8067,6900,20,6920,284
2020-05-25,Sacramento,067,1510023,1405,1290,1,1291,50
2020-05-25,San Benito,069,59416,88,70,0,70,2
2020-05-25,San Bernardino,071,2135413,5529,4393,4,4397,175
2020-05-25,San Diego,073,3302833,7798,6799,0,6799,249
2020-05-25,San Francisco,075,870044,2537,2358,0,2358,40
2020-05-25,San Joaquin,077,732212,966,760,4,764,33
2020-05-25,San Luis Obispo,079,281455,341,260,4,264,1
2020-05-25,San Mateo,081,765935,2229,1938,3,1941,71
2020-05-25,Santa Barbara,083,443738,1687,1590,11,1601,9
2020-05-25,Santa Clara,085,1922200,3306,2647,13,2660,139
2020-05-25,Santa Cruz,087,273765,220,191,0,191,2
2020-05-25,Shasta,089,179085,54,36,0,36,4
2020-05-25,Sierra,091,2930,1,1,0,1,0
2020-05-25,Siskiyou,093,43540,8,6,0,6,0
2020-05-25,Solano,095,438530,549,437,1,438,5
2020-05-25,Sonoma,097,501317,564,496,0,496,4
2020-05-25,Stanislaus,099,539301,749,651,5,656,27
2020-05-25,Sutter,101,95872,45,38,0,38,2
2020-05-25,Tehama,103,63373,7,2,1,3,1
2020-05-25,Trinity,105,12862,6,1,2,3,0
2020-05-25,Tulare,107,460477,2353,1747,10,1757,76
2020-05-25,Tuolumne,109,53932,5,2,0,2,0
2020-05-25,Ventura,111,848112,1470,1020,8,1028,27
2020-05-25,Yolo,113,214977,223,197,0,197,22
2020-05-25,Yuba,115,75493,26,24,0,24,1
2020-05-24,Alameda,001,1643700,3368,2830,5,2835,92
2020-05-24,Alpine,003,1148,1,1,0,1,0
2020-05-24,Amador,005,37829,10,9,0,9,0
2020-05-24,Butte,007,227075,61,35,1,36,0
2020-05-24,Calaveras,009,45235,15,13,0,13,0
2020-05-24,Colusa,011,21464,7,4,0,4,0
2020-05-24,Contra Costa,013,1133247,1511,1325,1,1326,37
2020-05-24,Del Norte,015,27424,43,16,0,16,0
2020-05-24,El Dorado,017,186661,100,76,0,76,0
2020-05-24,Fresno,019,978130,2834,1455,41,1496,22
2020-05-24,Glenn,021,27897,15,12,0,12,0
2020-05-24,Humboldt,023,135768,107,81,0,81,2
2020-05-24,Imperial,025,180216,2672,1369,4,1373,14
2020-05-24,Inyo,027,18085,19,20,0,20,1
2020-05-24,Kern,029,883053,2431,1861,5,1866,31
2020-05-24,Kings,031,150075,765,446,3,449,2
2020-05-24,Lake,033,64148,24,12,0,12,0
2020-05-24,Lassen,035,31185,8,0,2,2,0
2020-05-24,Los Angeles,037,10098052,53649,44954,19,44973,2085
2020-05-24,Madera,039,155013,190,83,1,84,2
2020-05-24,Marin,041,260295,440,401,2,403,14
2020-05-24,Mariposa,043,17540,16,15,0,15,1
2020-05-24,Mendocino,045,87422,21,19,0,19,0
2020-05-24,Merced,047,269075,355,258,0,258,6
2020-05-24,Modoc,049,8938,0,0,0,0,0
2020-05-24,Mono,051,14174,37,34,0,34,1
2020-05-24,Monterey,053,433212,517,405,1,406,8
2020-05-24,Napa,055,140530,129,104,0,104,3
2020-05-24,Nevada,057,99092,43,41,1,42,1
2020-05-24,Orange,059,3164182,7924,5439,64,5503,113
2020-05-24,Placer,061,380077,221,184,0,184,9
2020-05-24,Plumas,063,18699,4,4,0,4,0
2020-05-24,Riverside,065,2383286,7926,6571,20,6591,284
2020-05-24,Sacramento,067,1510023,1389,1283,1,1284,50
2020-05-24,San Benito,069,59416,87,67,0,67,2
2020-05-24,San Bernardino,071,2135413,5421,4262,4,4266,175
2020-05-24,San Diego,073,3302833,7655,6703,0,6703,249
2020-05-24,San Francisco,075,870044,2513,2318,0,2318,40
2020-05-24,San Joaquin,077,732212,947,760,4,764,33
2020-05-24,San Luis Obispo,079,281455,339,257,4,261,1
2020-05-24,San Mateo,081,765935,2194,1925,3,1928,71
2020-05-24,Santa Barbara,083,443738,1675,1573,11,1584,9
2020-05-24,Santa Clara,085,1922200,3286,2623,13,2636,139
2020-05-24,Santa Cruz,087,273765,217,185,0,185,2
2020-05-24,Shasta,089,179085,53,36,0,36,4
2020-05-24,Sierra,091,2930,1,1,0,1,0
2020-05-24,Siskiyou,093,43540,7,6,0,6,0
2020-05-24,Solano,095,438530,541,436,0,436,5
2020-05-24,Sonoma,097,501317,553,485,0,485,4
2020-05-24,Stanislaus,099,539301,729,634,5,639,27
2020-05-24,Sutter,101,95872,45,38,0,38,2
2020-05-24,Tehama,103,63373,5,2,1,3,1
2020-05-24,Trinity,105,12862,6,1,2,3,0
2020-05-24,Tulare,107,460477,2307,1684,10,1694,74
2020-05-24,Tuolumne,109,53932,5,2,0,2,0
2020-05-24,Ventura,111,848112,1458,982,8,990,27
2020-05-24,Yolo,113,214977,221,192,0,192,22
2020-05-24,Yuba,115,75493,26,24,0,24,1
2020-05-23,Alameda,001,1643700,3327,2783,5,2788,91
2020-05-23,Alpine,003,1148,1,1,0,1,0
2020-05-23,Amador,005,37829,10,9,0,9,0
2020-05-23,Butte,007,227075,60,34,1,35,0
2020-05-23,Calaveras,009,45235,15,13,0,13,0
2020-05-23,Colusa,011,21464,7,4,0,4,0
2020-05-23,Contra Costa,013,1133247,1500,1302,1,1303,36
2020-05-23,Del Norte,015,27424,43,10,0,10,0
2020-05-23,El Dorado,017,186661,100,74,0,74,0
2020-05-23,Fresno,019,978130,2814,1447,41,1488,21
2020-05-23,Glenn,021,27897,15,12,0,12,0
2020-05-23,Humboldt,023,135768,105,80,0,80,2
2020-05-23,Imperial,025,180216,2584,1283,4,1287,14
2020-05-23,Inyo,027,18085,19,20,0,20,1
2020-05-23,Kern,029,883053,2388,1806,5,1811,31
2020-05-23,Kings,031,150075,761,444,3,447,2
2020-05-23,Lake,033,64148,23,10,0,10,0
2020-05-23,Lassen,035,31185,8,0,2,2,0
2020-05-23,Los Angeles,037,10098052,53107,44029,19,44048,2069
2020-05-23,Madera,039,155013,186,83,1,84,2
2020-05-23,Marin,041,260295,440,393,1,394,14
2020-05-23,Mariposa,043,17540,16,15,0,15,1
2020-05-23,Mendocino,045,87422,21,13,0,13,0
2020-05-23,Merced,047,269075,352,247,0,247,6
2020-05-23,Modoc,049,8938,0,0,0,0,0
2020-05-23,Mono,051,14174,36,34,0,34,1
2020-05-23,Monterey,053,433212,503,397,1,398,8
2020-05-23,Napa,055,140530,125,101,0,101,3
2020-05-23,Nevada,057,99092,43,41,1,42,1
2020-05-23,Orange,059,3164182,7765,5313,63,5376,113
2020-05-23,Placer,061,380077,215,184,0,184,9
2020-05-23,Plumas,063,18699,4,4,0,4,0
2020-05-23,Riverside,065,2383286,7835,6460,20,6480,284
2020-05-23,Sacramento,067,1510023,1373,1275,1,1276,50
2020-05-23,San Benito,069,59416,82,67,0,67,2
2020-05-23,San Bernardino,071,2135413,5326,4172,4,4176,175
2020-05-23,San Diego,073,3302833,7564,6561,0,6561,249
2020-05-23,San Francisco,075,870044,2494,2312,0,2312,40
2020-05-23,San Joaquin,077,732212,932,759,4,763,33
2020-05-23,San Luis Obispo,079,281455,335,256,4,260,1
2020-05-23,San Mateo,081,765935,2166,1862,3,1865,71
2020-05-23,Santa Barbara,083,443738,1667,1566,11,1577,9
2020-05-23,Santa Clara,085,1922200,3272,2593,12,2605,139
2020-05-23,Santa Cruz,087,273765,215,177,0,177,2
2020-05-23,Shasta,089,179085,53,35,0,35,4
2020-05-23,Sierra,091,2930,1,1,0,1,0
2020-05-23,Siskiyou,093,43540,7,6,0,6,0
2020-05-23,Solano,095,438530,536,435,0,435,5
2020-05-23,Sonoma,097,501317,539,462,0,462,4
2020-05-23,Stanislaus,099,539301,721,625,5,630,27
2020-05-23,Sutter,101,95872,44,38,0,38,2
2020-05-23,Tehama,103,63373,5,2,1,3,1
2020-05-23,Trinity,105,12862,6,1,2,3,0
2020-05-23,Tulare,107,460477,2286,1682,10,1692,73
2020-05-23,Tuolumne,109,53932,5,2,0,2,0
2020-05-23,Ventura,111,848112,1438,961,8,969,27
2020-05-23,Yolo,113,214977,220,188,0,188,22
2020-05-23,Yuba,115,75493,26,24,0,24,1
2020-05-22,Alameda,001,1643700,3273,2722,5,2727,91
2020-05-22,Alpine,003,1148,1,1,0,1,0
2020-05-22,Amador,005,37829,10,9,0,9,0
2020-05-22,Butte,007,227075,58,34,1,35,0
2020-05-22,Calaveras,009,45235,15,13,0,13,0
2020-05-22,Colusa,011,21464,7,4,0,4,0
2020-05-22,Contra Costa,013,1133247,1488,1272,1,1273,36
2020-05-22,Del Norte,015,27424,41,9,0,9,0
2020-05-22,El Dorado,017,186661,97,74,0,74,0
2020-05-22,Fresno,019,978130,2755,1399,40,1439,20
2020-05-22,Glenn,021,27897,15,12,0,12,0
2020-05-22,Humboldt,023,135768,105,80,0,80,2
2020-05-22,Imperial,025,180216,2483,1214,4,1218,14
2020-05-22,Inyo,027,18085,19,20,0,20,1
2020-05-22,Kern,029,883053,2339,1749,5,1754,28
2020-05-22,Kings,031,150075,758,428,3,431,2
2020-05-22,Lake,033,64148,22,10,0,10,0
2020-05-22,Lassen,035,31185,6,0,2,2,0
2020-05-22,Los Angeles,037,10098052,52315,43025,19,43044,2027
2020-05-22,Madera,039,155013,182,82,1,83,2
2020-05-22,Marin,041,260295,436,372,1,373,14
2020-05-22,Mariposa,043,17540,16,15,0,15,1
2020-05-22,Mendocino,045,87422,20,13,0,13,0
2020-05-22,Merced,047,269075,352,233,0,233,6
2020-05-22,Modoc,049,8938,0,0,0,0,0
2020-05-22,Mono,051,14174,36,34,0,34,1
2020-05-22,Monterey,053,433212,492,372,1,373,8
2020-05-22,Napa,055,140530,123,97,0,97,3
2020-05-22,Nevada,057,99092,42,41,1,42,1
2020-05-22,Orange,059,3164182,7568,5144,61,5205,113
2020-05-22,Placer,061,380077,215,181,0,181,9
2020-05-22,Plumas,063,18699,4,4,0,4,0
2020-05-22,Riverside,065,2383286,7720,6351,20,6371,283
2020-05-22,Sacramento,067,1510023,1357,1262,1,1263,50
2020-05-22,San Benito,069,59416,81,64,0,64,2
2020-05-22,San Bernardino,071,2135413,5251,4107,4,4111,173
2020-05-22,San Diego,073,3302833,7478,6436,0,6436,242
2020-05-22,San Francisco,075,870044,2476,2251,0,2251,40
2020-05-22,San Joaquin,077,732212,919,747,4,751,33
2020-05-22,San Luis Obispo,079,281455,335,254,4,258,1
2020-05-22,San Mateo,081,765935,2147,1847,3,1850,71
2020-05-22,Santa Barbara,083,443738,1657,1554,11,1565,9
2020-05-22,Santa Clara,085,1922200,3252,2537,12,2549,139
2020-05-22,Santa Cruz,087,273765,212,171,0,171,2
2020-05-22,Shasta,089,179085,53,34,0,34,4
2020-05-22,Sierra,091,2930,1,0,0,0,0
2020-05-22,Siskiyou,093,43540,7,6,0,6,0
2020-05-22,Solano,095,438530,533,431,0,431,4
2020-05-22,Sonoma,097,501317,535,444,0,444,4
2020-05-22,Stanislaus,099,539301,711,616,5,621,27
2020-05-22,Sutter,101,95872,44,38,0,38,2
2020-05-22,Tehama,103,63373,5,2,0,2,1
2020-05-22,Trinity,105,12862,6,1,2,3,0
2020-05-22,Tulare,107,460477,2256,1662,10,1672,73
2020-05-22,Tuolumne,109,53932,5,2,0,2,0
2020-05-22,Ventura,111,848112,1420,937,8,945,27
2020-05-22,Yolo,113,214977,218,187,0,187,22
2020-05-22,Yuba,115,75493,26,24,0,24,1
2020-05-21,Alameda,001,1643700,3208,2606,5,2611,89
2020-05-21,Alpine,003,1148,1,1,0,1,0
2020-05-21,Amador,005,37829,10,9,0,9,0
2020-05-21,Butte,007,227075,57,31,1,32,0
2020-05-21,Calaveras,009,45235,14,13,0,13,0
2020-05-21,Colusa,011,21464,7,4,0,4,0
2020-05-21,Contra Costa,013,1133247,1452,1243,1,1244,36
2020-05-21,Del Norte,015,27424,38,9,0,9,0
2020-05-21,El Dorado,017,186661,95,67,0,67,0
2020-05-21,Fresno,019,978130,2663,1362,39,1401,20
2020-05-21,Glenn,021,27897,14,12,0,12,0
2020-05-21,Humboldt,023,135768,104,79,0,79,0
2020-05-21,Imperial,025,180216,2322,1096,4,1100,14
2020-05-21,Inyo,027,18085,19,20,0,20,1
2020-05-21,Kern,029,883053,2263,1684,4,1688,27
2020-05-21,Kings,031,150075,737,417,2,419,2
2020-05-21,Lake,033,64148,17,10,0,10,0
2020-05-21,Lassen,035,31185,6,0,2,2,0
2020-05-21,Los Angeles,037,10098052,51281,42063,19,42082,1996
2020-05-21,Madera,039,155013,179,82,1,83,2
2020-05-21,Marin,041,260295,425,359,1,360,14
2020-05-21,Mariposa,043,17540,16,15,0,15,1
2020-05-21,Mendocino,045,87422,20,12,0,12,0
2020-05-21,Merced,047,269075,341,226,0,226,6
2020-05-21,Modoc,049,8938,0,0,0,0,0
2020-05-21,Mono,051,14174,36,33,0,33,1
2020-05-21,Monterey,053,433212,481,363,1,364,8
2020-05-21,Napa,055,140530,121,96,0,96,3
2020-05-21,Nevada,057,99092,42,41,1,42,1
2020-05-21,Orange,059,3164182,7365,4975,60,5035,106
2020-05-21,Placer,061,380077,208,176,0,176,8
2020-05-21,Plumas,063,18699,4,4,0,4,0
2020-05-21,Riverside,065,2383286,7534,6245,20,6265,279
2020-05-21,Sacramento,067,1510023,1344,1258,1,1259,56
2020-05-21,San Benito,069,59416,78,61,0,61,2
2020-05-21,San Bernardino,071,2135413,5104,3950,4,3954,167
2020-05-21,San Diego,073,3302833,7342,6317,0,6317,241
2020-05-21,San Francisco,075,870044,2452,2248,0,2248,37
2020-05-21,San Joaquin,077,732212,883,730,4,734,33
2020-05-21,San Luis Obispo,079,281455,335,251,3,254,1
2020-05-21,San Mateo,081,765935,2111,1791,3,1794,74
2020-05-21,Santa Barbara,083,443738,1642,1541,11,1552,10
2020-05-21,Santa Clara,085,1922200,3229,2520,12,2532,138
2020-05-21,Santa Cruz,087,273765,204,164,0,164,3
2020-05-21,Shasta,089,179085,51,34,0,34,4
2020-05-21,Sierra,091,2930,1,0,0,0,0
2020-05-21,Siskiyou,093,43540,7,6,0,6,0
2020-05-21,Solano,095,438530,524,424,0,424,4
2020-05-21,Sonoma,097,501317,517,427,0,427,4
2020-05-21,Stanislaus,099,539301,700,602,5,607,27
2020-05-21,Sutter,101,95872,43,38,0,38,2
2020-05-21,Tehama,103,63373,4,2,0,2,1
2020-05-21,Trinity,105,12862,5,1,2,3,0
2020-05-21,Tulare,107,460477,2206,1606,8,1614,73
2020-05-21,Tuolumne,109,53932,3,2,0,2,0
2020-05-21,Ventura,111,848112,1371,907,8,915,30
2020-05-21,Yolo,113,214977,215,185,0,185,22
2020-05-21,Yuba,115,75493,26,24,0,24,1
2020-05-20,Alameda,001,1643700,3135,2554,5,2559,89
2020-05-20,Alpine,003,1148,1,1,0,1,0
2020-05-20,Amador,005,37829,10,9,0,9,0
2020-05-20,Butte,007,227075,54,30,1,31,0
2020-05-20,Calaveras,009,45235,14,13,0,13,0
2020-05-20,Colusa,011,21464,7,3,0,3,0
2020-05-20,Contra Costa,013,1133247,1422,1223,1,1224,33
2020-05-20,Del Norte,015,27424,31,9,0,9,0
2020-05-20,El Dorado,017,186661,94,67,0,67,0
2020-05-20,Fresno,019,978130,2590,1329,38,1367,17
2020-05-20,Glenn,021,27897,13,12,0,12,0
2020-05-20,Humboldt,023,135768,101,73,0,73,0
2020-05-20,Imperial,025,180216,2209,1047,4,1051,14
2020-05-20,Inyo,027,18085,19,20,0,20,1
2020-05-20,Kern,029,883053,2200,1639,3,1642,27
2020-05-20,Kings,031,150075,593,403,2,405,2
2020-05-20,Lake,033,64148,17,9,0,9,0
2020-05-20,Lassen,035,31185,5,0,2,2,0
2020-05-20,Los Angeles,037,10098052,50286,40932,19,40951,1955
2020-05-20,Madera,039,155013,177,82,1,83,2
2020-05-20,Marin,041,260295,398,348,1,349,14
2020-05-20,Mariposa,043,17540,16,15,0,15,1
2020-05-20,Mendocino,045,87422,20,12,0,12,0
2020-05-20,Merced,047,269075,334,225,0,225,6
2020-05-20,Modoc,049,8938,0,0,0,0,0
2020-05-20,Mono,051,14174,36,33,0,33,1
2020-05-20,Monterey,053,433212,467,356,1,357,8
2020-05-20,Napa,055,140530,114,93,0,93,3
2020-05-20,Nevada,057,99092,42,41,1,42,1
2020-05-20,Orange,059,3164182,7157,4866,58,4924,96
2020-05-20,Placer,061,380077,206,176,0,176,8
2020-05-20,Plumas,063,18699,4,4,0,4,0
2020-05-20,Riverside,065,2383286,7391,6090,20,6110,265
2020-05-20,Sacramento,067,1510023,1334,1244,1,1245,56
2020-05-20,San Benito,069,59416,77,61,0,61,2
2020-05-20,San Bernardino,071,2135413,4976,3771,4,3775,161
2020-05-20,San Diego,073,3302833,7225,6142,0,6142,230
2020-05-20,San Francisco,075,870044,2429,2199,0,2199,37
2020-05-20,San Joaquin,077,732212,847,713,4,717,33
2020-05-20,San Luis Obispo,079,281455,328,249,3,252,1
2020-05-20,San Mateo,081,765935,2058,1739,3,1742,74
2020-05-20,Santa Barbara,083,443738,1623,1524,11,1535,10
2020-05-20,Santa Clara,085,1922200,3208,2508,11,2519,138
2020-05-20,Santa Cruz,087,273765,201,163,0,163,3
2020-05-20,Shasta,089,179085,51,34,0,34,4
2020-05-20,Sierra,091,2930,1,0,0,0,0
2020-05-20,Siskiyou,093,43540,7,6,0,6,0
2020-05-20,Solano,095,438530,519,418,0,418,4
2020-05-20,Sonoma,097,501317,508,411,0,411,4
2020-05-20,Stanislaus,099,539301,684,584,4,588,25
2020-05-20,Sutter,101,95872,43,38,0,38,2
2020-05-20,Tehama,103,63373,4,2,0,2,1
2020-05-20,Trinity,105,12862,4,1,1,2,0
2020-05-20,Tulare,107,460477,2165,1585,8,1593,71
2020-05-20,Tuolumne,109,53932,3,2,0,2,0
2020-05-20,Ventura,111,848112,1335,879,8,887,29
2020-05-20,Yolo,113,214977,212,184,0,184,22
2020-05-20,Yuba,115,75493,26,23,0,23,1
2020-05-19,Alameda,001,1643700,3058,2493,3,2496,88
2020-05-19,Alpine,003,1148,1,1,0,1,0
2020-05-19,Amador,005,37829,10,9,0,9,0
2020-05-19,Butte,007,227075,52,25,1,26,0
2020-05-19,Calaveras,009,45235,14,13,0,13,0
2020-05-19,Colusa,011,21464,5,3,0,3,0
2020-05-19,Contra Costa,013,1133247,1398,1205,1,1206,33
2020-05-19,Del Norte,015,27424,28,8,0,8,0
2020-05-19,El Dorado,017,186661,91,67,0,67,0
2020-05-19,Fresno,019,978130,2476,1288,37,1325,15
2020-05-19,Glenn,021,27897,13,12,0,12,0
2020-05-19,Humboldt,023,135768,101,72,0,72,0
2020-05-19,Imperial,025,180216,2047,1012,4,1016,14
2020-05-19,Inyo,027,18085,19,20,0,20,1
2020-05-19,Kern,029,883053,2102,1601,3,1604,26
2020-05-19,Kings,031,150075,582,393,2,395,2
2020-05-19,Lake,033,64148,14,11,0,11,0
2020-05-19,Lassen,035,31185,5,0,2,2,0
2020-05-19,Los Angeles,037,10098052,49081,39670,19,39689,1906
2020-05-19,Madera,039,155013,173,80,1,81,2
2020-05-19,Marin,041,260295,374,340,1,341,14
2020-05-19,Mariposa,043,17540,16,15,0,15,1
2020-05-19,Mendocino,045,87422,20,12,0,12,0
2020-05-19,Merced,047,269075,326,222,0,222,5
2020-05-19,Modoc,049,8938,0,0,0,0,0
2020-05-19,Mono,051,14174,36,33,0,33,1
2020-05-19,Monterey,053,433212,455,350,1,351,8
2020-05-19,Napa,055,140530,113,93,0,93,3
2020-05-19,Nevada,057,99092,42,41,1,42,1
2020-05-19,Orange,059,3164182,6963,4746,56,4802,90
2020-05-19,Placer,061,380077,204,177,0,177,8
2020-05-19,Plumas,063,18699,4,5,0,5,0
2020-05-19,Riverside,065,2383286,7231,5963,19,5982,265
2020-05-19,Sacramento,067,1510023,1320,1239,1,1240,57
2020-05-19,San Benito,069,59416,75,59,0,59,2
2020-05-19,San Bernardino,071,2135413,4826,3656,4,3660,158
2020-05-19,San Diego,073,3302833,7081,6028,0,6028,222
2020-05-19,San Francisco,075,870044,2395,2186,0,2186,37
2020-05-19,San Joaquin,077,732212,825,705,4,709,33
2020-05-19,San Luis Obispo,079,281455,327,245,3,248,1
2020-05-19,San Mateo,081,765935,2017,1704,3,1707,71
2020-05-19,Santa Barbara,083,443738,1609,1521,11,1532,10
2020-05-19,Santa Clara,085,1922200,3158,2480,11,2491,138
2020-05-19,Santa Cruz,087,273765,190,161,0,161,3
2020-05-19,Shasta,089,179085,51,34,0,34,4
2020-05-19,Sierra,091,2930,0,0,0,0,0
2020-05-19,Siskiyou,093,43540,7,6,0,6,0
2020-05-19,Solano,095,438530,505,415,0,415,4
2020-05-19,Sonoma,097,501317,497,389,0,389,4
2020-05-19,Stanislaus,099,539301,670,582,4,586,25
2020-05-19,Sutter,101,95872,43,38,0,38,2
2020-05-19,Tehama,103,63373,4,2,0,2,1
2020-05-19,Trinity,105,12862,3,1,0,1,0
2020-05-19,Tulare,107,460477,2117,1551,8,1559,68
2020-05-19,Tuolumne,109,53932,3,2,0,2,0
2020-05-19,Ventura,111,848112,1294,861,7,868,28
2020-05-19,Yolo,113,214977,210,183,0,183,22
2020-05-19,Yuba,115,75493,26,23,0,23,1
2020-05-18,Alameda,001,1643700,2985,2442,3,2445,84
2020-05-18,Alpine,003,1148,1,1,0,1,0
2020-05-18,Amador,005,37829,10,8,0,8,0
2020-05-18,Butte,007,227075,50,24,1,25,0
2020-05-18,Calaveras,009,45235,14,13,0,13,0
2020-05-18,Colusa,011,21464,5,3,0,3,0
2020-05-18,Contra Costa,013,1133247,1367,1173,1,1174,33
2020-05-18,Del Norte,015,27424,23,8,0,8,0
2020-05-18,El Dorado,017,186661,89,67,0,67,0
2020-05-18,Fresno,019,978130,2398,1244,36,1280,14
2020-05-18,Glenn,021,27897,13,11,0,11,0
2020-05-18,Humboldt,023,135768,101,70,0,70,0
2020-05-18,Imperial,025,180216,1894,767,4,771,14
2020-05-18,Inyo,027,18085,19,20,0,20,1
2020-05-18,Kern,029,883053,2053,1566,3,1569,26
2020-05-18,Kings,031,150075,551,381,2,383,2
2020-05-18,Lake,033,64148,13,9,0,9,0
2020-05-18,Lassen,035,31185,5,0,2,2,0
2020-05-18,Los Angeles,037,10098052,48060,38477,19,38496,1825
2020-05-18,Madera,039,155013,167,74,1,75,2
2020-05-18,Marin,041,260295,361,329,1,330,14
2020-05-18,Mariposa,043,17540,16,15,0,15,1
2020-05-18,Mendocino,045,87422,15,12,0,12,0
2020-05-18,Merced,047,269075,317,217,0,217,5
2020-05-18,Modoc,049,8938,0,0,0,0,0
2020-05-18,Mono,051,14174,36,33,0,33,1
2020-05-18,Monterey,053,433212,444,345,1,346,8
2020-05-18,Napa,055,140530,109,92,0,92,3
2020-05-18,Nevada,057,99092,42,41,1,42,1
2020-05-18,Orange,059,3164182,6774,4558,54,4612,88
2020-05-18,Placer,061,380077,202,176,0,176,8
2020-05-18,Plumas,063,18699,4,5,0,5,0
2020-05-18,Riverside,065,2383286,7031,5873,18,5891,253
2020-05-18,Sacramento,067,1510023,1314,1233,0,1233,57
2020-05-18,San Benito,069,59416,73,59,0,59,2
2020-05-18,San Bernardino,071,2135413,4679,3558,4,3562,156
2020-05-18,San Diego,073,3302833,6948,5948,0,5948,211
2020-05-18,San Francisco,075,870044,2372,2183,0,2183,36
2020-05-18,San Joaquin,077,732212,813,697,4,701,33
2020-05-18,San Luis Obispo,079,281455,323,243,3,246,1
2020-05-18,San Mateo,081,765935,1979,1701,3,1704,68
2020-05-18,Santa Barbara,083,443738,1598,1501,11,1512,10
2020-05-18,Santa Clara,085,1922200,3125,2468,11,2479,137
2020-05-18,Santa Cruz,087,273765,188,160,0,160,3
2020-05-18,Shasta,089,179085,50,34,0,34,4
2020-05-18,Sierra,091,2930,0,0,0,0,0
2020-05-18,Siskiyou,093,43540,7,6,0,6,0
2020-05-18,Solano,095,438530,495,398,0,398,4
2020-05-18,Sonoma,097,501317,479,387,0,387,4
2020-05-18,Stanislaus,099,539301,658,572,4,576,25
2020-05-18,Sutter,101,95872,43,38,0,38,2
2020-05-18,Tehama,103,63373,4,2,0,2,1
2020-05-18,Trinity,105,12862,3,1,0,1,0
2020-05-18,Tulare,107,460477,2073,1491,8,1499,63
2020-05-18,Tuolumne,109,53932,3,2,0,2,0
2020-05-18,Ventura,111,848112,1271,850,6,856,27
2020-05-18,Yolo,113,214977,205,183,0,183,22
2020-05-18,Yuba,115,75493,26,23,0,23,1
2020-05-17,Alameda,001,1643700,2890,2389,3,2392,83
2020-05-17,Alpine,003,1148,1,1,0,1,0
2020-05-17,Amador,005,37829,10,8,0,8,0
2020-05-17,Butte,007,227075,49,23,1,24,0
2020-05-17,Calaveras,009,45235,14,13,0,13,0
2020-05-17,Colusa,011,21464,3,3,0,3,0
2020-05-17,Contra Costa,013,1133247,1328,1155,1,1156,33
2020-05-17,Del Norte,015,27424,23,7,0,7,0
2020-05-17,El Dorado,017,186661,89,65,0,65,0
2020-05-17,Fresno,019,978130,2292,1213,33,1246,14
2020-05-17,Glenn,021,27897,13,9,0,9,0
2020-05-17,Humboldt,023,135768,94,70,0,70,0
2020-05-17,Imperial,025,180216,1746,715,4,719,14
2020-05-17,Inyo,027,18085,19,20,0,20,1
2020-05-17,Kern,029,883053,1975,1546,3,1549,26
2020-05-17,Kings,031,150075,504,356,2,358,2
2020-05-17,Lake,033,64148,13,7,0,7,0
2020-05-17,Lassen,035,31185,5,0,2,2,0
2020-05-17,Los Angeles,037,10098052,46820,37996,19,38015,1807
2020-05-17,Madera,039,155013,165,69,1,70,2
2020-05-17,Marin,041,260295,350,315,1,316,14
2020-05-17,Mariposa,043,17540,15,15,0,15,1
2020-05-17,Mendocino,045,87422,14,10,0,10,0
2020-05-17,Merced,047,269075,306,214,0,214,5
2020-05-17,Modoc,049,8938,0,0,0,0,0
2020-05-17,Mono,051,14174,36,32,0,32,1
2020-05-17,Monterey,053,433212,424,342,1,343,8
2020-05-17,Napa,055,140530,105,89,0,89,3
2020-05-17,Nevada,057,99092,42,41,1,42,1
2020-05-17,Orange,059,3164182,6595,4466,53,4519,88
2020-05-17,Placer,061,380077,197,175,0,175,8
2020-05-17,Plumas,063,18699,4,4,0,4,0
2020-05-17,Riverside,065,2383286,6858,5776,18,5794,245
2020-05-17,Sacramento,067,1510023,1303,1224,0,1224,56
2020-05-17,San Benito,069,59416,72,59,0,59,2
2020-05-17,San Bernardino,071,2135413,4529,3467,4,3471,155
2020-05-17,San Diego,073,3302833,6816,5838,0,5838,209
2020-05-17,San Francisco,075,870044,2345,2132,0,2132,36
2020-05-17,San Joaquin,077,732212,783,688,4,692,32
2020-05-17,San Luis Obispo,079,281455,321,242,3,245,1
2020-05-17,San Mateo,081,765935,1942,1680,3,1683,68
2020-05-17,Santa Barbara,083,443738,1577,1457,11,1468,10
2020-05-17,Santa Clara,085,1922200,3087,2453,11,2464,135
2020-05-17,Santa Cruz,087,273765,177,155,0,155,3
2020-05-17,Shasta,089,179085,49,34,0,34,4
2020-05-17,Sierra,091,2930,0,0,0,0,0
2020-05-17,Siskiyou,093,43540,7,6,0,6,0
2020-05-17,Solano,095,438530,483,392,0,392,4
2020-05-17,Sonoma,097,501317,458,376,0,376,4
2020-05-17,Stanislaus,099,539301,647,566,4,570,25
2020-05-17,Sutter,101,95872,42,38,0,38,2
2020-05-17,Tehama,103,63373,3,2,0,2,1
2020-05-17,Trinity,105,12862,2,1,0,1,0
2020-05-17,Tulare,107,460477,1997,1430,7,1437,63
2020-05-17,Tuolumne,109,53932,3,2,0,2,0
2020-05-17,Ventura,111,848112,1226,838,6,844,27
2020-05-17,Yolo,113,214977,203,182,0,182,22
2020-05-17,Yuba,115,75493,26,21,0,21,1
2020-05-16,Alameda,001,1643700,2840,2327,3,2330,83
2020-05-16,Alpine,003,1148,1,1,0,1,0
2020-05-16,Amador,005,37829,10,8,0,8,0
2020-05-16,Butte,007,227075,44,22,1,23,0
2020-05-16,Calaveras,009,45235,14,13,0,13,0
2020-05-16,Colusa,011,21464,3,3,0,3,0
2020-05-16,Contra Costa,013,1133247,1310,1136,1,1137,33
2020-05-16,Del Norte,015,27424,19,4,0,4,0
2020-05-16,El Dorado,017,186661,89,65,0,65,0
2020-05-16,Fresno,019,978130,2235,1177,33,1210,14
2020-05-16,Glenn,021,27897,13,9,0,9,0
2020-05-16,Humboldt,023,135768,92,69,0,69,0
2020-05-16,Imperial,025,180216,1682,712,4,716,14
2020-05-16,Inyo,027,18085,19,20,0,20,1
2020-05-16,Kern,029,883053,1939,1509,3,1512,26
2020-05-16,Kings,031,150075,494,356,2,358,2
2020-05-16,Lake,033,64148,13,7,0,7,0
2020-05-16,Lassen,035,31185,4,0,2,2,0
2020-05-16,Los Angeles,037,10098052,46243,37352,19,37371,1778
2020-05-16,Madera,039,155013,163,70,1,71,2
2020-05-16,Marin,041,260295,346,297,1,298,14
2020-05-16,Mariposa,043,17540,15,15,0,15,1
2020-05-16,Mendocino,045,87422,14,10,0,10,0
2020-05-16,Merced,047,269075,304,201,0,201,5
2020-05-16,Modoc,049,8938,0,0,0,0,0
2020-05-16,Mono,051,14174,36,32,0,32,1
2020-05-16,Monterey,053,433212,409,329,1,330,8
2020-05-16,Napa,055,140530,105,86,0,86,3
2020-05-16,Nevada,057,99092,42,41,1,42,1
2020-05-16,Orange,059,3164182,6519,4396,52,4448,87
2020-05-16,Placer,061,380077,195,174,0,174,8
2020-05-16,Plumas,063,18699,4,4,0,4,0
2020-05-16,Riverside,065,2383286,6773,5633,18,5651,243
2020-05-16,Sacramento,067,1510023,1296,1209,0,1209,55
2020-05-16,San Benito,069,59416,67,58,0,58,2
2020-05-16,San Bernardino,071,2135413,4457,3362,4,3366,155
2020-05-16,San Diego,073,3302833,6730,5664,0,5664,209
2020-05-16,San Francisco,075,870044,2322,2094,0,2094,36
2020-05-16,San Joaquin,077,732212,775,668,4,672,32
2020-05-16,San Luis Obispo,079,281455,320,240,3,243,1
2020-05-16,San Mateo,081,765935,1927,1652,3,1655,68
2020-05-16,Santa Barbara,083,443738,1566,1422,10,1432,10
2020-05-16,Santa Clara,085,1922200,3069,2420,11,2431,135
2020-05-16,Santa Cruz,087,273765,174,154,0,154,3
2020-05-16,Shasta,089,179085,49,33,0,33,4
2020-05-16,Sierra,091,2930,0,0,0,0,0
2020-05-16,Siskiyou,093,43540,7,6,0,6,0
2020-05-16,Solano,095,438530,478,392,0,392,4
2020-05-16,Sonoma,097,501317,445,356,0,356,4
2020-05-16,Stanislaus,099,539301,638,546,4,550,24
2020-05-16,Sutter,101,95872,42,35,0,35,2
2020-05-16,Tehama,103,63373,3,2,0,2,1
2020-05-16,Trinity,105,12862,2,1,0,1,0
2020-05-16,Tulare,107,460477,1979,1426,7,1433,63
2020-05-16,Tuolumne,109,53932,3,2,0,2,0
2020-05-16,Ventura,111,848112,1200,813,6,819,25
2020-05-16,Yolo,113,214977,202,181,0,181,22
2020-05-16,Yuba,115,75493,26,21,0,21,1
2020-05-15,Alameda,001,1643700,2806,2289,3,2292,83
2020-05-15,Alpine,003,1148,1,1,0,1,0
2020-05-15,Amador,005,37829,10,8,0,8,0
2020-05-15,Butte,007,227075,42,22,1,23,0
2020-05-15,Calaveras,009,45235,14,13,0,13,0
2020-05-15,Colusa,011,21464,3,3,0,3,0
2020-05-15,Contra Costa,013,1133247,1292,1106,1,1107,33
2020-05-15,Del Norte,015,27424,14,4,0,4,0
2020-05-15,El Dorado,017,186661,89,64,0,64,0
2020-05-15,Fresno,019,978130,2168,1126,33,1159,14
2020-05-15,Glenn,021,27897,13,9,0,9,0
2020-05-15,Humboldt,023,135768,91,60,0,60,0
2020-05-15,Imperial,025,180216,1598,680,0,680,14
2020-05-15,Inyo,027,18085,19,20,0,20,1
2020-05-15,Kern,029,883053,1883,1472,3,1475,25
2020-05-15,Kings,031,150075,491,347,2,349,2
2020-05-15,Lake,033,64148,13,7,0,7,0
2020-05-15,Lassen,035,31185,4,0,2,2,0
2020-05-15,Los Angeles,037,10098052,45457,36317,19,36336,1734
2020-05-15,Madera,039,155013,162,71,1,72,2
2020-05-15,Marin,041,260295,338,295,1,296,14
2020-05-15,Mariposa,043,17540,15,15,0,15,1
2020-05-15,Mendocino,045,87422,14,10,0,10,0
2020-05-15,Merced,047,269075,301,191,0,191,5
2020-05-15,Modoc,049,8938,0,0,0,0,0
2020-05-15,Mono,051,14174,36,31,0,31,1
2020-05-15,Monterey,053,433212,403,321,1,322,8
2020-05-15,Napa,055,140530,105,83,0,83,3
2020-05-15,Nevada,057,99092,42,41,1,42,1
2020-05-15,Orange,059,3164182,6346,4281,52,4333,87
2020-05-15,Placer,061,380077,193,174,0,174,8
2020-05-15,Plumas,063,18699,4,4,0,4,0
2020-05-15,Riverside,065,2383286,6659,5496,18,5514,233
2020-05-15,Sacramento,067,1510023,1286,1203,0,1203,55
2020-05-15,San Benito,069,59416,64,57,0,57,2
2020-05-15,San Bernardino,071,2135413,4379,3225,4,3229,153
2020-05-15,San Diego,073,3302833,6623,5525,0,5525,208
2020-05-15,San Francisco,075,870044,2306,2062,0,2062,36
2020-05-15,San Joaquin,077,732212,769,656,4,660,32
2020-05-15,San Luis Obispo,079,281455,318,237,3,240,1
2020-05-15,San Mateo,081,765935,1905,1612,3,1615,68
2020-05-15,Santa Barbara,083,443738,1557,1409,9,1418,10
2020-05-15,Santa Clara,085,1922200,3026,2395,10,2405,135
2020-05-15,Santa Cruz,087,273765,173,146,0,146,3
2020-05-15,Shasta,089,179085,48,33,0,33,4
2020-05-15,Sierra,091,2930,0,0,0,0,0
2020-05-15,Siskiyou,093,43540,6,5,0,5,0
2020-05-15,Solano,095,438530,474,388,0,388,4
2020-05-15,Sonoma,097,501317,437,349,0,349,4
2020-05-15,Stanislaus,099,539301,631,540,4,544,23
2020-05-15,Sutter,101,95872,41,35,0,35,2
2020-05-15,Tehama,103,63373,3,1,0,1,1
2020-05-15,Trinity,105,12862,2,1,0,1,0
2020-05-15,Tulare,107,460477,1951,1356,7,1363,61
2020-05-15,Tuolumne,109,53932,3,2,0,2,0
2020-05-15,Ventura,111,848112,1182,789,5,794,25
2020-05-15,Yolo,113,214977,201,182,0,182,22
2020-05-15,Yuba,115,75493,26,21,0,21,1
2020-05-14,Alameda,001,1643700,2713,2255,3,2258,80
2020-05-14,Alpine,003,1148,1,1,0,1,0
2020-05-14,Amador,005,37829,10,8,0,8,0
2020-05-14,Butte,007,227075,40,22,1,23,0
2020-05-14,Calaveras,009,45235,14,13,0,13,0
2020-05-14,Colusa,011,21464,3,3,0,3,0
2020-05-14,Contra Costa,013,1133247,1266,1090,1,1091,32
2020-05-14,Del Norte,015,27424,14,4,0,4,0
2020-05-14,El Dorado,017,186661,80,59,0,59,0
2020-05-14,Fresno,019,978130,2108,1038,29,1067,12
2020-05-14,Glenn,021,27897,12,8,0,8,0
2020-05-14,Humboldt,023,135768,89,59,0,59,0
2020-05-14,Imperial,025,180216,1481,652,0,652,13
2020-05-14,Inyo,027,18085,19,20,0,20,1
2020-05-14,Kern,029,883053,1841,1430,3,1433,21
2020-05-14,Kings,031,150075,475,342,2,344,1
2020-05-14,Lake,033,64148,13,7,0,7,0
2020-05-14,Lassen,035,31185,4,0,2,2,0
2020-05-14,Los Angeles,037,10098052,44282,35427,19,35446,1693
2020-05-14,Madera,039,155013,153,69,1,70,2
2020-05-14,Marin,041,260295,320,283,1,284,14
2020-05-14,Mariposa,043,17540,15,15,0,15,0
2020-05-14,Mendocino,045,87422,13,10,0,10,0
2020-05-14,Merced,047,269075,290,182,0,182,3
2020-05-14,Modoc,049,8938,0,0,0,0,0
2020-05-14,Mono,051,14174,36,31,0,31,1
2020-05-14,Monterey,053,433212,393,317,1,318,7
2020-05-14,Napa,055,140530,103,83,0,83,3
2020-05-14,Nevada,057,99092,41,41,1,42,1
2020-05-14,Orange,059,3164182,6170,4163,50,4213,83
2020-05-14,Placer,061,380077,193,172,0,172,8
2020-05-14,Plumas,063,18699,4,4,0,4,0
2020-05-14,Riverside,065,2383286,6475,5339,18,5357,224
2020-05-14,Sacramento,067,1510023,1274,1181,0,1181,55
2020-05-14,San Benito,069,59416,62,56,0,56,2
2020-05-14,San Bernardino,071,2135413,4200,3149,4,3153,149
2020-05-14,San Diego,073,3302833,6488,5393,0,5393,200
2020-05-14,San Francisco,075,870044,2273,2029,0,2029,36
2020-05-14,San Joaquin,077,732212,754,643,4,647,31
2020-05-14,San Luis Obispo,079,281455,315,236,3,239,1
2020-05-14,San Mateo,081,765935,1873,1588,3,1591,67
2020-05-14,Santa Barbara,083,443738,1545,1395,9,1404,11
2020-05-14,Santa Clara,085,1922200,3003,2380,10,2390,134
2020-05-14,Santa Cruz,087,273765,171,145,0,145,3
2020-05-14,Shasta,089,179085,48,33,0,33,4
2020-05-14,Sierra,091,2930,0,0,0,0,0
2020-05-14,Siskiyou,093,43540,6,5,0,5,0
2020-05-14,Solano,095,438530,465,372,0,372,4
2020-05-14,Sonoma,097,501317,420,333,0,333,4
2020-05-14,Stanislaus,099,539301,612,533,4,537,23
2020-05-14,Sutter,101,95872,41,34,0,34,2
2020-05-14,Tehama,103,63373,3,1,0,1,1
2020-05-14,Trinity,105,12862,2,1,0,1,0
2020-05-14,Tulare,107,460477,1912,1317,7,1324,55
2020-05-14,Tuolumne,109,53932,3,2,0,2,0
2020-05-14,Ventura,111,848112,1151,760,5,765,25
2020-05-14,Yolo,113,214977,201,180,0,180,22
2020-05-14,Yuba,115,75493,26,21,0,21,1
2020-05-13,Alameda,001,1643700,2655,2181,3,2184,78
2020-05-13,Alpine,003,1148,1,1,0,1,0
2020-05-13,Amador,005,37829,10,8,0,8,0
2020-05-13,Butte,007,227075,40,21,1,22,0
2020-05-13,Calaveras,009,45235,14,13,0,13,0
2020-05-13,Colusa,011,21464,3,3,0,3,0
2020-05-13,Contra Costa,013,1133247,1244,1082,1,1083,32
2020-05-13,Del Norte,015,27424,13,4,0,4,0
2020-05-13,El Dorado,017,186661,79,58,0,58,0
2020-05-13,Fresno,019,978130,2011,993,29,1022,10
2020-05-13,Glenn,021,27897,11,6,0,6,0
2020-05-13,Humboldt,023,135768,83,58,0,58,0
2020-05-13,Imperial,025,180216,1411,610,0,610,11
2020-05-13,Inyo,027,18085,19,20,0,20,1
2020-05-13,Kern,029,883053,1795,1390,3,1393,19
2020-05-13,Kings,031,150075,461,314,2,316,1
2020-05-13,Lake,033,64148,13,7,0,7,0
2020-05-13,Lassen,035,31185,4,0,2,2,0
2020-05-13,Los Angeles,037,10098052,42976,34574,19,34593,1643
2020-05-13,Madera,039,155013,144,69,1,70,2
2020-05-13,Marin,041,260295,307,278,1,279,14
2020-05-13,Mariposa,043,17540,15,15,0,15,0
2020-05-13,Mendocino,045,87422,13,10,0,10,0
2020-05-13,Merced,047,269075,287,176,0,176,3
2020-05-13,Modoc,049,8938,0,0,0,0,0
2020-05-13,Mono,051,14174,35,31,0,31,1
2020-05-13,Monterey,053,433212,383,309,1,310,6
2020-05-13,Napa,055,140530,103,81,0,81,3
2020-05-13,Nevada,057,99092,41,41,1,42,1
2020-05-13,Orange,059,3164182,5924,4025,48,4073,79
2020-05-13,Placer,061,380077,192,170,0,170,8
2020-05-13,Plumas,063,18699,4,4,0,4,0
2020-05-13,Riverside,065,2383286,6352,5204,18,5222,216
2020-05-13,Sacramento,067,1510023,1259,1173,0,1173,53
2020-05-13,San Benito,069,59416,62,55,0,55,2
2020-05-13,San Bernardino,071,2135413,3944,3064,3,3067,140
2020-05-13,San Diego,073,3302833,6352,5280,0,5280,194
2020-05-13,San Francisco,075,870044,2245,2004,0,2004,35
2020-05-13,San Joaquin,077,732212,733,639,3,642,31
2020-05-13,San Luis Obispo,079,281455,313,231,3,234,1
2020-05-13,San Mateo,081,765935,1841,1550,3,1553,66
2020-05-13,Santa Barbara,083,443738,1534,1382,9,1391,10
2020-05-13,Santa Clara,085,1922200,2983,2370,10,2380,132
2020-05-13,Santa Cruz,087,273765,167,142,0,142,2
2020-05-13,Shasta,089,179085,48,32,0,32,4
2020-05-13,Sierra,091,2930,0,0,0,0,0
2020-05-13,Siskiyou,093,43540,6,5,0,5,0
2020-05-13,Solano,095,438530,452,368,0,368,4
2020-05-13,Sonoma,097,501317,410,330,0,330,4
2020-05-13,Stanislaus,099,539301,603,521,4,525,15
2020-05-13,Sutter,101,95872,41,33,0,33,2
2020-05-13,Tehama,103,63373,3,1,0,1,1
2020-05-13,Trinity,105,12862,2,2,0,2,0
2020-05-13,Tulare,107,460477,1879,1283,7,1290,54
2020-05-13,Tuolumne,109,53932,3,2,0,2,0
2020-05-13,Ventura,111,848112,1120,742,5,747,25
2020-05-13,Yolo,113,214977,199,178,0,178,22
2020-05-13,Yuba,115,75493,24,19,0,19,1
2020-05-12,Alameda,001,1643700,2591,2146,3,2149,74
2020-05-12,Alpine,003,1148,1,1,0,1,0
2020-05-12,Amador,005,37829,10,8,0,8,0
2020-05-12,Butte,007,227075,38,20,1,21,0
2020-05-12,Calaveras,009,45235,13,13,0,13,0
2020-05-12,Colusa,011,21464,3,3,0,3,0
2020-05-12,Contra Costa,013,1133247,1213,1067,1,1068,32
2020-05-12,Del Norte,015,27424,10,3,0,3,0
2020-05-12,El Dorado,017,186661,76,56,0,56,0
2020-05-12,Fresno,019,978130,1927,978,27,1005,9
2020-05-12,Glenn,021,27897,10,6,0,6,0
2020-05-12,Humboldt,023,135768,80,58,0,58,0
2020-05-12,Imperial,025,180216,1280,602,0,602,9
2020-05-12,Inyo,027,18085,19,20,0,20,1
2020-05-12,Kern,029,883053,1754,1363,3,1366,18
2020-05-12,Kings,031,150075,440,302,2,304,1
2020-05-12,Lake,033,64148,13,7,0,7,0
2020-05-12,Lassen,035,31185,4,0,2,2,0
2020-05-12,Los Angeles,037,10098052,41981,33281,18,33299,1601
2020-05-12,Madera,039,155013,138,69,1,70,2
2020-05-12,Marin,041,260295,302,274,1,275,14
2020-05-12,Mariposa,043,17540,15,15,0,15,0
2020-05-12,Mendocino,045,87422,13,10,0,10,0
2020-05-12,Merced,047,269075,276,175,0,175,3
2020-05-12,Modoc,049,8938,0,0,0,0,0
2020-05-12,Mono,051,14174,35,31,0,31,1
2020-05-12,Monterey,053,433212,376,298,1,299,6
2020-05-12,Napa,055,140530,101,80,0,80,3
2020-05-12,Nevada,057,99092,41,41,1,42,1
2020-05-12,Orange,059,3164182,5741,3843,46,3889,78
2020-05-12,Placer,061,380077,191,170,0,170,8
2020-05-12,Plumas,063,18699,4,4,0,4,0
2020-05-12,Riverside,065,2383286,6229,5134,18,5152,210
2020-05-12,Sacramento,067,1510023,1239,1166,0,1166,52
2020-05-12,San Benito,069,59416,62,55,0,55,2
2020-05-12,San Bernardino,071,2135413,3792,2997,3,3000,131
2020-05-12,San Diego,073,3302833,6208,3,0,3,0
2020-05-12,San Francisco,075,870044,2210,1981,0,1981,35
2020-05-12,San Joaquin,077,732212,718,625,3,628,30
2020-05-12,San Luis Obispo,079,281455,310,226,3,229,1
2020-05-12,San Mateo,081,765935,1815,1533,3,1536,66
2020-05-12,Santa Barbara,083,443738,1503,1377,9,1386,10
2020-05-12,Santa Clara,085,1922200,2953,2362,10,2372,131
2020-05-12,Santa Cruz,087,273765,165,141,0,141,2
2020-05-12,Shasta,089,179085,47,33,0,33,4
2020-05-12,Sierra,091,2930,0,0,0,0,0
2020-05-12,Siskiyou,093,43540,6,5,0,5,0
2020-05-12,Solano,095,438530,444,361,0,361,4
2020-05-12,Sonoma,097,501317,387,308,0,308,4
2020-05-12,Stanislaus,099,539301,596,515,4,519,15
2020-05-12,Sutter,101,95872,41,33,0,33,2
2020-05-12,Tehama,103,63373,3,1,0,1,1
2020-05-12,Trinity,105,12862,2,1,0,1,0
2020-05-12,Tulare,107,460477,1847,1261,7,1268,52
2020-05-12,Tuolumne,109,53932,3,2,0,2,0
2020-05-12,Ventura,111,848112,1064,718,5,723,20
2020-05-12,Yolo,113,214977,198,176,0,176,22
2020-05-12,Yuba,115,75493,24,19,0,19,1
2020-05-11,Alameda,001,1643700,2541,2103,3,2106,71
2020-05-11,Alpine,003,1148,1,1,0,1,0
2020-05-11,Amador,005,37829,10,8,0,8,0
2020-05-11,Butte,007,227075,37,19,1,20,0
2020-05-11,Calaveras,009,45235,13,13,0,13,0
2020-05-11,Colusa,011,21464,3,3,0,3,0
2020-05-11,Contra Costa,013,1133247,1199,1052,1,1053,32
2020-05-11,Del Norte,015,27424,8,3,0,3,0
2020-05-11,El Dorado,017,186661,76,55,0,55,0
2020-05-11,Fresno,019,978130,1835,937,26,963,8
2020-05-11,Glenn,021,27897,10,6,0,6,0
2020-05-11,Humboldt,023,135768,77,56,0,56,0
2020-05-11,Imperial,025,180216,1174,562,0,562,9
2020-05-11,Inyo,027,18085,19,20,0,20,1
2020-05-11,Kern,029,883053,1702,1331,3,1334,17
2020-05-11,Kings,031,150075,417,289,1,290,1
2020-05-11,Lake,033,64148,12,7,0,7,0
2020-05-11,Lassen,035,31185,4,0,2,2,0
2020-05-11,Los Angeles,037,10098052,40803,32279,18,32297,1553
2020-05-11,Madera,039,155013,129,68,1,69,2
2020-05-11,Marin,041,260295,293,271,1,272,14
2020-05-11,Mariposa,043,17540,15,15,0,15,0
2020-05-11,Mendocino,045,87422,13,10,0,10,0
2020-05-11,Merced,047,269075,261,158,0,158,3
2020-05-11,Modoc,049,8938,0,0,0,0,0
2020-05-11,Mono,051,14174,35,30,0,30,1
2020-05-11,Monterey,053,433212,373,286,1,287,6
2020-05-11,Napa,055,140530,95,79,0,79,2
2020-05-11,Nevada,057,99092,41,41,1,42,1
2020-05-11,Orange,059,3164182,5526,3699,39,3738,77
2020-05-11,Placer,061,380077,191,170,0,170,8
2020-05-11,Plumas,063,18699,4,4,0,4,0
2020-05-11,Riverside,065,2383286,6071,5082,17,5099,203
2020-05-11,Sacramento,067,1510023,1224,1160,0,1160,52
2020-05-11,San Benito,069,59416,60,52,0,52,2
2020-05-11,San Bernardino,071,2135413,3682,2945,3,2948,124
2020-05-11,San Diego,073,3302833,6055,5067,0,5067,175
2020-05-11,San Francisco,075,870044,2163,1974,0,1974,35
2020-05-11,San Joaquin,077,732212,708,620,3,623,30
2020-05-11,San Luis Obispo,079,281455,308,224,3,227,1
2020-05-11,San Mateo,081,765935,1789,1499,2,1501,66
2020-05-11,Santa Barbara,083,443738,1492,1372,8,1380,10
2020-05-11,Santa Clara,085,1922200,2936,2340,10,2350,129
2020-05-11,Santa Cruz,087,273765,162,140,0,140,2
2020-05-11,Shasta,089,179085,47,31,0,31,4
2020-05-11,Sierra,091,2930,0,0,0,0,0
2020-05-11,Siskiyou,093,43540,6,5,0,5,0
2020-05-11,Solano,095,438530,439,354,0,354,4
2020-05-11,Sonoma,097,501317,377,303,0,303,3
2020-05-11,Stanislaus,099,539301,586,507,4,511,14
2020-05-11,Sutter,101,95872,40,32,0,32,2
2020-05-11,Tehama,103,63373,3,1,0,1,1
2020-05-11,Trinity,105,12862,2,1,0,1,0
2020-05-11,Tulare,107,460477,1798,1203,7,1210,49
2020-05-11,Tuolumne,109,53932,3,2,0,2,0
2020-05-11,Ventura,111,848112,1003,698,4,702,19
2020-05-11,Yolo,113,214977,198,174,0,174,20
2020-05-11,Yuba,115,75493,24,18,0,18,1
2020-05-10,Alameda,001,1643700,2464,2047,3,2050,71
2020-05-10,Alpine,003,1148,1,1,0,1,0
2020-05-10,Amador,005,37829,10,8,0,8,0
2020-05-10,Butte,007,227075,32,18,1,19,0
2020-05-10,Calaveras,009,45235,13,13,0,13,0
2020-05-10,Colusa,011,21464,3,3,0,3,0
2020-05-10,Contra Costa,013,1133247,1185,1046,0,1046,31
2020-05-10,Del Norte,015,27424,7,3,0,3,0
2020-05-10,El Dorado,017,186661,76,55,0,55,0
2020-05-10,Fresno,019,978130,1750,894,26,920,8
2020-05-10,Glenn,021,27897,10,6,0,6,0
2020-05-10,Humboldt,023,135768,73,56,0,56,0
2020-05-10,Imperial,025,180216,1079,509,0,509,7
2020-05-10,Inyo,027,18085,19,20,0,20,1
2020-05-10,Kern,029,883053,1651,1300,2,1302,16
2020-05-10,Kings,031,150075,404,266,1,267,1
2020-05-10,Lake,033,64148,12,7,0,7,0
2020-05-10,Lassen,035,31185,4,0,2,2,0
2020-05-10,Los Angeles,037,10098052,39542,31711,18,31729,1514
2020-05-10,Madera,039,155013,127,65,1,66,2
2020-05-10,Marin,041,260295,285,267,1,268,14
2020-05-10,Mariposa,043,17540,15,15,0,15,0
2020-05-10,Mendocino,045,87422,12,10,0,10,0
2020-05-10,Merced,047,269075,246,154,0,154,3
2020-05-10,Modoc,049,8938,0,0,0,0,0
2020-05-10,Mono,051,14174,35,27,0,27,1
2020-05-10,Monterey,053,433212,359,282,1,283,6
2020-05-10,Napa,055,140530,89,79,0,79,2
2020-05-10,Nevada,057,99092,41,41,1,42,1
2020-05-10,Orange,059,3164182,5383,3627,39,3666,76
2020-05-10,Placer,061,380077,190,168,0,168,8
2020-05-10,Plumas,063,18699,4,4,0,4,0
2020-05-10,Riverside,065,2383286,5949,4951,17,4968,193
2020-05-10,Sacramento,067,1510023,1208,1152,0,1152,52
2020-05-10,San Benito,069,59416,60,52,0,52,2
2020-05-10,San Bernardino,071,2135413,3584,2910,3,2913,121
2020-05-10,San Diego,073,3302833,5903,4928,0,4928,175
2020-05-10,San Francisco,075,870044,2145,1953,0,1953,35
2020-05-10,San Joaquin,077,732212,693,611,3,614,29
2020-05-10,San Luis Obispo,079,281455,305,218,3,221,1
2020-05-10,San Mateo,081,765935,1767,1463,2,1465,65
2020-05-10,Santa Barbara,083,443738,1481,1323,8,1331,10
2020-05-10,Santa Clara,085,1922200,2909,2331,10,2341,129
2020-05-10,Santa Cruz,087,273765,161,139,0,139,2
2020-05-10,Shasta,089,179085,47,31,0,31,4
2020-05-10,Sierra,091,2930,0,0,0,0,0
2020-05-10,Siskiyou,093,43540,5,5,0,5,0
2020-05-10,Solano,095,438530,429,322,0,322,4
2020-05-10,Sonoma,097,501317,367,290,0,290,3
2020-05-10,Stanislaus,099,539301,579,498,4,502,14
2020-05-10,Sutter,101,95872,37,31,0,31,2
2020-05-10,Tehama,103,63373,3,1,0,1,1
2020-05-10,Trinity,105,12862,2,1,0,1,0
2020-05-10,Tulare,107,460477,1727,1143,7,1150,47
2020-05-10,Tuolumne,109,53932,3,2,0,2,0
2020-05-10,Ventura,111,848112,945,690,2,692,19
2020-05-10,Yolo,113,214977,198,173,0,173,20
2020-05-10,Yuba,115,75493,23,17,0,17,1
2020-05-09,Alameda,001,1643700,2421,2011,3,2014,71
2020-05-09,Alpine,003,1148,1,1,0,1,0
2020-05-09,Amador,005,37829,9,8,0,8,0
2020-05-09,Butte,007,227075,31,18,1,19,0
2020-05-09,Calaveras,009,45235,13,13,0,13,0
2020-05-09,Colusa,011,21464,3,3,0,3,0
2020-05-09,Contra Costa,013,1133247,1171,1039,0,1039,31
2020-05-09,Del Norte,015,27424,7,3,0,3,0
2020-05-09,El Dorado,017,186661,73,54,0,54,0
2020-05-09,Fresno,019,978130,1712,861,25,886,8
2020-05-09,Glenn,021,27897,9,6,0,6,0
2020-05-09,Humboldt,023,135768,71,55,0,55,0
2020-05-09,Imperial,025,180216,1023,474,0,474,7
2020-05-09,Inyo,027,18085,19,20,0,20,1
2020-05-09,Kern,029,883053,1615,1262,1,1263,15
2020-05-09,Kings,031,150075,399,264,1,265,1
2020-05-09,Lake,033,64148,12,7,0,7,0
2020-05-09,Lassen,035,31185,4,0,2,2,0
2020-05-09,Los Angeles,037,10098052,38920,31268,18,31286,1499
2020-05-09,Madera,039,155013,126,61,1,62,2
2020-05-09,Marin,041,260295,284,261,1,262,14
2020-05-09,Mariposa,043,17540,15,15,0,15,0
2020-05-09,Mendocino,045,87422,12,10,0,10,0
2020-05-09,Merced,047,269075,242,153,0,153,3
2020-05-09,Modoc,049,8938,0,0,0,0,0
2020-05-09,Mono,051,14174,35,27,0,27,1
2020-05-09,Monterey,053,433212,352,273,0,273,6
2020-05-09,Napa,055,140530,88,78,0,78,2
2020-05-09,Nevada,057,99092,41,41,1,42,1
2020-05-09,Orange,059,3164182,5301,3506,38,3544,75
2020-05-09,Placer,061,380077,189,168,0,168,8
2020-05-09,Plumas,063,18699,4,4,0,4,0
2020-05-09,Riverside,065,2383286,5854,4871,17,4888,183
2020-05-09,Sacramento,067,1510023,1204,1150,0,1150,52
2020-05-09,San Benito,069,59416,59,52,0,52,2
2020-05-09,San Bernardino,071,2135413,3528,2825,3,2828,121
2020-05-09,San Diego,073,3302833,5791,4778,0,4778,175
2020-05-09,San Francisco,075,870044,2130,1944,0,1944,34
2020-05-09,San Joaquin,077,732212,684,605,3,608,28
2020-05-09,San Luis Obispo,079,281455,301,213,3,216,1
2020-05-09,San Mateo,081,765935,1748,1453,2,1455,65
2020-05-09,Santa Barbara,083,443738,1473,1245,8,1253,10
2020-05-09,Santa Clara,085,1922200,2895,2317,10,2327,128
2020-05-09,Santa Cruz,087,273765,160,138,0,138,2
2020-05-09,Shasta,089,179085,47,31,0,31,4
2020-05-09,Sierra,091,2930,0,0,0,0,0
2020-05-09,Siskiyou,093,43540,5,5,0,5,0
2020-05-09,Solano,095,438530,423,321,0,321,4
2020-05-09,Sonoma,097,501317,363,288,0,288,3
2020-05-09,Stanislaus,099,539301,571,491,4,495,12
2020-05-09,Sutter,101,95872,37,31,0,31,2
2020-05-09,Tehama,103,63373,2,1,0,1,1
2020-05-09,Trinity,105,12862,2,1,0,1,0
2020-05-09,Tulare,107,460477,1699,1083,7,1090,47
2020-05-09,Tuolumne,109,53932,3,2,0,2,0
2020-05-09,Ventura,111,848112,924,679,2,681,19
2020-05-09,Yolo,113,214977,198,172,0,172,18
2020-05-09,Yuba,115,75493,23,17,0,17,1
2020-05-08,Alameda,001,1643700,2378,1955,3,1958,70
2020-05-08,Alpine,003,1148,1,1,0,1,0
2020-05-08,Amador,005,37829,9,8,0,8,0
2020-05-08,Butte,007,227075,31,18,1,19,0
2020-05-08,Calaveras,009,45235,13,13,0,13,0
2020-05-08,Colusa,011,21464,3,3,0,3,0
2020-05-08,Contra Costa,013,1133247,1159,1024,0,1024,29
2020-05-08,Del Norte,015,27424,7,3,0,3,0
2020-05-08,El Dorado,017,186661,72,54,0,54,0
2020-05-08,Fresno,019,978130,1670,838,23,861,8
2020-05-08,Glenn,021,27897,8,6,0,6,0
2020-05-08,Humboldt,023,135768,68,54,0,54,0
2020-05-08,Imperial,025,180216,978,467,0,467,7
2020-05-08,Inyo,027,18085,19,20,0,20,1
2020-05-08,Kern,029,883053,1584,1214,1,1215,13
2020-05-08,Kings,031,150075,390,236,1,237,1
2020-05-08,Lake,033,64148,12,7,0,7,0
2020-05-08,Lassen,035,31185,4,0,2,2,0
2020-05-08,Los Angeles,037,10098052,38188,30357,18,30375,1447
2020-05-08,Madera,039,155013,123,57,1,58,2
2020-05-08,Marin,041,260295,284,257,1,258,14
2020-05-08,Mariposa,043,17540,15,15,0,15,0
2020-05-08,Mendocino,045,87422,12,10,0,10,0
2020-05-08,Merced,047,269075,241,151,0,151,3
2020-05-08,Modoc,049,8938,0,0,0,0,0
2020-05-08,Mono,051,14174,32,27,0,27,1
2020-05-08,Monterey,053,433212,344,265,0,265,6
2020-05-08,Napa,055,140530,87,78,0,78,2
2020-05-08,Nevada,057,99092,41,41,1,42,1
2020-05-08,Orange,059,3164182,5155,3395,38,3433,72
2020-05-08,Placer,061,380077,187,166,0,166,8
2020-05-08,Plumas,063,18699,4,4,0,4,0
2020-05-08,Riverside,065,2383286,5754,4672,16,4688,181
2020-05-08,Sacramento,067,1510023,1199,1145,0,1145,51
2020-05-08,San Benito,069,59416,59,51,0,51,2
2020-05-08,San Bernardino,071,2135413,3480,2631,3,2634,119
2020-05-08,San Diego,073,3302833,5684,4664,0,4664,169
2020-05-08,San Francisco,075,870044,2112,1890,0,1890,33
2020-05-08,San Joaquin,077,732212,677,595,3,598,28
2020-05-08,San Luis Obispo,079,281455,298,210,3,213,1
2020-05-08,San Mateo,081,765935,1663,1423,2,1425,62
2020-05-08,Santa Barbara,083,443738,1464,1054,6,1060,8
2020-05-08,Santa Clara,085,1922200,2872,2285,10,2295,128
2020-05-08,Santa Cruz,087,273765,156,137,0,137,2
2020-05-08,Shasta,089,179085,47,31,0,31,4
2020-05-08,Sierra,091,2930,0,0,0,0,0
2020-05-08,Siskiyou,093,43540,5,5,0,5,0
2020-05-08,Solano,095,438530,418,314,0,314,4
2020-05-08,Sonoma,097,501317,358,285,0,285,3
2020-05-08,Stanislaus,099,539301,557,487,4,491,12
2020-05-08,Sutter,101,95872,37,30,0,30,2
2020-05-08,Tehama,103,63373,2,1,0,1,1
2020-05-08,Trinity,105,12862,2,0,0,0,0
2020-05-08,Tulare,107,460477,1654,1050,6,1056,43
2020-05-08,Tuolumne,109,53932,3,2,0,2,0
2020-05-08,Ventura,111,848112,906,665,2,667,19
2020-05-08,Yolo,113,214977,197,172,0,172,18
2020-05-08,Yuba,115,75493,22,16,0,16,1
2020-05-07,Alameda,001,1643700,2318,1914,3,1917,68
2020-05-07,Alpine,003,1148,1,1,0,1,0
2020-05-07,Amador,005,37829,9,8,0,8,0
2020-05-07,Butte,007,227075,31,19,1,20,0
2020-05-07,Calaveras,009,45235,13,13,0,13,0
2020-05-07,Colusa,011,21464,3,3,0,3,0
2020-05-07,Contra Costa,013,1133247,1145,1005,0,1005,29
2020-05-07,Del Norte,015,27424,6,3,0,3,0
2020-05-07,El Dorado,017,186661,71,54,0,54,0
2020-05-07,Fresno,019,978130,1584,812,22,834,8
2020-05-07,Glenn,021,27897,8,5,0,5,0
2020-05-07,Humboldt,023,135768,67,54,0,54,0
2020-05-07,Imperial,025,180216,915,442,0,442,6
2020-05-07,Inyo,027,18085,19,20,0,20,1
2020-05-07,Kern,029,883053,1540,1176,1,1177,13
2020-05-07,Kings,031,150075,367,219,1,220,1
2020-05-07,Lake,033,64148,11,7,0,7,0
2020-05-07,Lassen,035,31185,4,0,2,2,0
2020-05-07,Los Angeles,037,10098052,37067,29544,18,29562,1399
2020-05-07,Madera,039,155013,119,54,1,55,2
2020-05-07,Marin,041,260295,277,252,1,253,14
2020-05-07,Mariposa,043,17540,15,15,0,15,0
2020-05-07,Mendocino,045,87422,12,10,0,10,0
2020-05-07,Merced,047,269075,233,146,0,146,3
2020-05-07,Modoc,049,8938,0,0,0,0,0
2020-05-07,Mono,051,14174,32,26,0,26,1
2020-05-07,Monterey,053,433212,336,249,0,249,6
2020-05-07,Napa,055,140530,87,78,0,78,2
2020-05-07,Nevada,057,99092,41,41,1,42,1
2020-05-07,Orange,059,3164182,4970,3283,37,3320,69
2020-05-07,Placer,061,380077,187,165,0,165,8
2020-05-07,Plumas,063,18699,4,4,0,4,0
2020-05-07,Riverside,065,2383286,5638,4608,16,4624,170
2020-05-07,Sacramento,067,1510023,1193,1139,0,1139,50
2020-05-07,San Benito,069,59416,59,50,0,50,2
2020-05-07,San Bernardino,071,2135413,3388,2522,3,2525,115
2020-05-07,San Diego,073,3302833,5527,4431,0,4431,165
2020-05-07,San Francisco,075,870044,2081,1852,0,1852,33
2020-05-07,San Joaquin,077,732212,664,583,3,586,28
2020-05-07,San Luis Obispo,079,281455,287,209,3,212,1
2020-05-07,San Mateo,081,765935,1641,1398,2,1400,58
2020-05-07,Santa Barbara,083,443738,1437,720,5,725,8
2020-05-07,Santa Clara,085,1922200,2834,2281,10,2291,127
2020-05-07,Santa Cruz,087,273765,153,136,0,136,2
2020-05-07,Shasta,089,179085,46,31,0,31,4
2020-05-07,Sierra,091,2930,0,0,0,0,0
2020-05-07,Siskiyou,093,43540,5,5,0,5,0
2020-05-07,Solano,095,438530,412,307,0,307,4
2020-05-07,Sonoma,097,501317,346,282,0,282,3
2020-05-07,Stanislaus,099,539301,548,466,4,470,10
2020-05-07,Sutter,101,95872,37,29,0,29,2
2020-05-07,Tehama,103,63373,2,1,0,1,1
2020-05-07,Trinity,105,12862,2,0,0,0,0
2020-05-07,Tulare,107,460477,1586,1001,6,1007,41
2020-05-07,Tuolumne,109,53932,3,2,0,2,0
2020-05-07,Ventura,111,848112,882,647,1,648,19
2020-05-07,Yolo,113,214977,196,172,0,172,18
2020-05-07,Yuba,115,75493,22,16,0,16,1
2020-05-06,Alameda,001,1643700,2280,1864,3,1867,67
2020-05-06,Alpine,003,1148,1,1,0,1,0
2020-05-06,Amador,005,37829,9,8,0,8,0
2020-05-06,Butte,007,227075,30,19,1,20,0
2020-05-06,Calaveras,009,45235,13,13,0,13,0
2020-05-06,Colusa,011,21464,3,3,0,3,0
2020-05-06,Contra Costa,013,1133247,1124,990,0,990,29
2020-05-06,Del Norte,015,27424,6,3,0,3,0
2020-05-06,El Dorado,017,186661,69,53,0,53,0
2020-05-06,Fresno,019,978130,1521,773,20,793,8
2020-05-06,Glenn,021,27897,8,3,0,3,0
2020-05-06,Humboldt,023,135768,66,54,0,54,0
2020-05-06,Imperial,025,180216,847,399,0,399,6
2020-05-06,Inyo,027,18085,19,20,0,20,1
2020-05-06,Kern,029,883053,1484,1112,1,1113,12
2020-05-06,Kings,031,150075,349,208,1,209,1
2020-05-06,Lake,033,64148,11,7,0,7,0
2020-05-06,Lassen,035,31185,4,0,2,2,0
2020-05-06,Los Angeles,037,10098052,36062,28687,18,28705,1347
2020-05-06,Madera,039,155013,117,55,1,56,2
2020-05-06,Marin,041,260295,270,244,1,245,14
2020-05-06,Mariposa,043,17540,15,14,0,14,0
2020-05-06,Mendocino,045,87422,12,10,0,10,0
2020-05-06,Merced,047,269075,226,140,0,140,3
2020-05-06,Modoc,049,8938,0,0,0,0,0
2020-05-06,Mono,051,14174,32,26,0,26,1
2020-05-06,Monterey,053,433212,328,246,0,246,6
2020-05-06,Napa,055,140530,86,78,0,78,2
2020-05-06,Nevada,057,99092,41,41,1,42,1
2020-05-06,Orange,059,3164182,4786,3156,36,3192,66
2020-05-06,Placer,061,380077,184,164,0,164,8
2020-05-06,Plumas,063,18699,4,4,0,4,0
2020-05-06,Riverside,065,2383286,5494,4535,16,4551,163
2020-05-06,Sacramento,067,1510023,1187,1135,0,1135,49
2020-05-06,San Benito,069,59416,58,50,0,50,2
2020-05-06,San Bernardino,071,2135413,3266,2426,2,2428,110
2020-05-06,San Diego,073,3302833,5394,4321,0,4321,158
2020-05-06,San Francisco,075,870044,2056,1804,0,1804,32
2020-05-06,San Joaquin,077,732212,651,581,3,584,28
2020-05-06,San Luis Obispo,079,281455,284,207,3,210,1
2020-05-06,San Mateo,081,765935,1610,1348,2,1350,57
2020-05-06,Santa Barbara,083,443738,1396,565,4,569,8
2020-05-06,Santa Clara,085,1922200,2817,2270,9,2279,127
2020-05-06,Santa Cruz,087,273765,149,135,0,135,2
2020-05-06,Shasta,089,179085,45,31,0,31,4
2020-05-06,Sierra,091,2930,0,0,0,0,0
2020-05-06,Siskiyou,093,43540,5,5,0,5,0
2020-05-06,Solano,095,438530,402,300,0,300,4
2020-05-06,Sonoma,097,501317,330,269,0,269,3
2020-05-06,Stanislaus,099,539301,532,434,4,438,9
2020-05-06,Sutter,101,95872,37,29,0,29,2
2020-05-06,Tehama,103,63373,2,1,0,1,1
2020-05-06,Trinity,105,12862,2,0,0,0,0
2020-05-06,Tulare,107,460477,1538,963,6,969,40
2020-05-06,Tuolumne,109,53932,3,2,0,2,0
2020-05-06,Ventura,111,848112,855,619,1,620,19
2020-05-06,Yolo,113,214977,195,172,0,172,18
2020-05-06,Yuba,115,75493,22,15,0,15,1
2020-05-05,Alameda,001,1643700,2237,1819,3,1822,67
2020-05-05,Alpine,003,1148,1,1,0,1,0
2020-05-05,Amador,005,37829,9,8,0,8,0
2020-05-05,Butte,007,227075,29,19,1,20,0
2020-05-05,Calaveras,009,45235,13,13,0,13,0
2020-05-05,Colusa,011,21464,3,3,0,3,0
2020-05-05,Contra Costa,013,1133247,1106,976,0,976,29
2020-05-05,Del Norte,015,27424,6,3,0,3,0
2020-05-05,El Dorado,017,186661,67,54,0,54,0
2020-05-05,Fresno,019,978130,1448,726,18,744,8
2020-05-05,Glenn,021,27897,8,3,0,3,0
2020-05-05,Humboldt,023,135768,63,54,0,54,0
2020-05-05,Imperial,025,180216,792,389,0,389,6
2020-05-05,Inyo,027,18085,19,20,0,20,1
2020-05-05,Kern,029,883053,1432,1084,1,1085,11
2020-05-05,Kings,031,150075,331,187,1,188,1
2020-05-05,Lake,033,64148,10,7,0,7,0
2020-05-05,Lassen,035,31185,4,0,2,2,0
2020-05-05,Los Angeles,037,10098052,34990,27867,18,27885,1289
2020-05-05,Madera,039,155013,113,53,1,54,2
2020-05-05,Marin,041,260295,264,244,1,245,14
2020-05-05,Mariposa,043,17540,15,14,0,14,0
2020-05-05,Mendocino,045,87422,12,10,0,10,0
2020-05-05,Merced,047,269075,221,141,0,141,3
2020-05-05,Modoc,049,8938,0,0,0,0,0
2020-05-05,Mono,051,14174,32,25,0,25,1
2020-05-05,Monterey,053,433212,314,240,0,240,6
2020-05-05,Napa,055,140530,86,74,0,74,2
2020-05-05,Nevada,057,99092,41,41,1,42,1
2020-05-05,Orange,059,3164182,4662,3041,36,3077,63
2020-05-05,Placer,061,380077,184,162,0,162,8
2020-05-05,Plumas,063,18699,4,4,0,4,0
2020-05-05,Riverside,065,2383286,5384,4309,16,4325,161
2020-05-05,Sacramento,067,1510023,1180,1125,0,1125,48
2020-05-05,San Benito,069,59416,57,50,0,50,2
2020-05-05,San Bernardino,071,2135413,3173,2345,2,2347,104
2020-05-05,San Diego,073,3302833,5251,4162,0,4162,150
2020-05-05,San Francisco,075,870044,2021,1779,0,1779,31
2020-05-05,San Joaquin,077,732212,642,577,3,580,26
2020-05-05,San Luis Obispo,079,281455,282,203,3,206,1
2020-05-05,San Mateo,081,765935,1578,1335,2,1337,56
2020-05-05,Santa Barbara,083,443738,1175,541,4,545,7
2020-05-05,Santa Clara,085,1922200,2771,2249,8,2257,124
2020-05-05,Santa Cruz,087,273765,146,134,0,134,2
2020-05-05,Shasta,089,179085,44,31,0,31,4
2020-05-05,Sierra,091,2930,0,0,0,0,0
2020-05-05,Siskiyou,093,43540,5,5,0,5,0
2020-05-05,Solano,095,438530,386,299,0,299,4
2020-05-05,Sonoma,097,501317,327,263,0,263,3
2020-05-05,Stanislaus,099,539301,520,430,4,434,9
2020-05-05,Sutter,101,95872,36,29,0,29,2
2020-05-05,Tehama,103,63373,2,1,0,1,1
2020-05-05,Trinity,105,12862,2,0,0,0,0
2020-05-05,Tulare,107,460477,1440,869,6,875,40
2020-05-05,Tuolumne,109,53932,3,2,0,2,0
2020-05-05,Ventura,111,848112,831,607,1,608,19
2020-05-05,Yolo,113,214977,193,171,0,171,18
2020-05-05,Yuba,115,75493,22,15,0,15,1
2020-05-04,Alameda,001,1643700,2178,1762,3,1765,65
2020-05-04,Alpine,003,1148,1,1,0,1,0
2020-05-04,Amador,005,37829,8,8,0,8,0
2020-05-04,Butte,007,227075,28,16,1,17,0
2020-05-04,Calaveras,009,45235,13,13,0,13,0
2020-05-04,Colusa,011,21464,3,3,0,3,0
2020-05-04,Contra Costa,013,1133247,1088,949,0,949,28
2020-05-04,Del Norte,015,27424,5,3,0,3,0
2020-05-04,El Dorado,017,186661,66,51,0,51,0
2020-05-04,Fresno,019,978130,1378,680,17,697,8
2020-05-04,Glenn,021,27897,8,4,0,4,0
2020-05-04,Humboldt,023,135768,61,54,0,54,0
2020-05-04,Imperial,025,180216,740,351,0,351,6
2020-05-04,Inyo,027,18085,19,20,0,20,1
2020-05-04,Kern,029,883053,1390,1047,1,1048,8
2020-05-04,Kings,031,150075,314,153,1,154,1
2020-05-04,Lake,033,64148,9,7,0,7,0
2020-05-04,Lassen,035,31185,3,0,2,2,0
2020-05-04,Los Angeles,037,10098052,33693,26243,16,26259,1235
2020-05-04,Madera,039,155013,110,52,1,53,2
2020-05-04,Marin,041,260295,259,244,1,245,13
2020-05-04,Mariposa,043,17540,15,13,0,13,0
2020-05-04,Mendocino,045,87422,12,10,0,10,0
2020-05-04,Merced,047,269075,221,138,0,138,3
2020-05-04,Modoc,049,8938,0,0,0,0,0
2020-05-04,Mono,051,14174,32,25,0,25,1
2020-05-04,Monterey,053,433212,303,237,0,237,6
2020-05-04,Napa,055,140530,86,72,0,72,2
2020-05-04,Nevada,057,99092,41,41,1,42,1
2020-05-04,Orange,059,3164182,4524,2931,33,2964,57
2020-05-04,Placer,061,380077,182,162,0,162,8
2020-05-04,Plumas,063,18699,4,4,0,4,0
2020-05-04,Riverside,065,2383286,5290,4221,16,4237,147
2020-05-04,Sacramento,067,1510023,1170,1119,0,1119,44
2020-05-04,San Benito,069,59416,55,49,0,49,2
2020-05-04,San Bernardino,071,2135413,3033,2184,2,2186,99
2020-05-04,San Diego,073,3302833,5110,4022,0,4022,144
2020-05-04,San Francisco,075,870044,1983,1760,0,1760,31
2020-05-04,San Joaquin,077,732212,628,574,3,577,26
2020-05-04,San Luis Obispo,079,281455,279,202,3,205,1
2020-05-04,San Mateo,081,765935,1553,1313,2,1315,53
2020-05-04,Santa Barbara,083,443738,927,524,4,528,7
2020-05-04,Santa Clara,085,1922200,2756,2238,8,2246,119
2020-05-04,Santa Cruz,087,273765,145,133,0,133,2
2020-05-04,Shasta,089,179085,42,31,0,31,4
2020-05-04,Sierra,091,2930,0,0,0,0,0
2020-05-04,Siskiyou,093,43540,5,5,0,5,0
2020-05-04,Solano,095,438530,372,293,0,293,4
2020-05-04,Sonoma,097,501317,313,256,0,256,4
2020-05-04,Stanislaus,099,539301,514,422,4,426,8
2020-05-04,Sutter,101,95872,33,28,0,28,2
2020-05-04,Tehama,103,63373,2,1,0,1,1
2020-05-04,Trinity,105,12862,1,0,0,0,0
2020-05-04,Tulare,107,460477,1361,760,6,766,40
2020-05-04,Tuolumne,109,53932,3,3,0,3,0
2020-05-04,Ventura,111,848112,810,590,1,591,19
2020-05-04,Yolo,113,214977,192,171,0,171,18
2020-05-04,Yuba,115,75493,19,16,0,16,1
2020-05-03,Alameda,001,1643700,2121,1731,3,1734,64
2020-05-03,Alpine,003,1148,1,1,0,1,0
2020-05-03,Amador,005,37829,8,8,0,8,0
2020-05-03,Butte,007,227075,28,17,1,18,0
2020-05-03,Calaveras,009,45235,13,13,0,13,0
2020-05-03,Colusa,011,21464,3,3,0,3,0
2020-05-03,Contra Costa,013,1133247,1072,945,0,945,28
2020-05-03,Del Norte,015,27424,5,3,0,3,0
2020-05-03,El Dorado,017,186661,64,49,0,49,0
2020-05-03,Fresno,019,978130,1286,646,15,661,8
2020-05-03,Glenn,021,27897,7,5,0,5,0
2020-05-03,Humboldt,023,135768,60,54,0,54,0
2020-05-03,Imperial,025,180216,684,351,0,351,6
2020-05-03,Inyo,027,18085,19,20,0,20,1
2020-05-03,Kern,029,883053,1335,1025,1,1026,8
2020-05-03,Kings,031,150075,294,137,1,138,1
2020-05-03,Lake,033,64148,9,7,0,7,0
2020-05-03,Lassen,035,31185,3,0,2,2,0
2020-05-03,Los Angeles,037,10098052,32708,25708,16,25724,1210
2020-05-03,Madera,039,155013,103,46,1,47,2
2020-05-03,Marin,041,260295,254,243,1,244,13
2020-05-03,Mariposa,043,17540,15,13,0,13,0
2020-05-03,Mendocino,045,87422,12,10,0,10,0
2020-05-03,Merced,047,269075,213,134,0,134,3
2020-05-03,Modoc,049,8938,0,0,0,0,0
2020-05-03,Mono,051,14174,32,25,0,25,1
2020-05-03,Monterey,053,433212,294,235,0,235,6
2020-05-03,Napa,055,140530,86,72,0,72,2
2020-05-03,Nevada,057,99092,41,41,1,42,1
2020-05-03,Orange,059,3164182,4350,2859,32,2891,55
2020-05-03,Placer,061,380077,182,161,0,161,8
2020-05-03,Plumas,063,18699,4,4,0,4,0
2020-05-03,Riverside,065,2383286,5185,4034,16,4050,139
2020-05-03,Sacramento,067,1510023,1161,1109,0,1109,43
2020-05-03,San Benito,069,59416,55,49,0,49,2
2020-05-03,San Bernardino,071,2135413,2972,2123,2,2125,99
2020-05-03,San Diego,073,3302833,4972,3929,0,3929,142
2020-05-03,San Francisco,075,870044,1954,1692,0,1692,30
2020-05-03,San Joaquin,077,732212,621,570,3,573,26
2020-05-03,San Luis Obispo,079,281455,276,200,3,203,1
2020-05-03,San Mateo,081,765935,1525,1277,2,1279,53
2020-05-03,Santa Barbara,083,443738,568,512,4,516,7
2020-05-03,Santa Clara,085,1922200,2719,2235,8,2243,116
2020-05-03,Santa Cruz,087,273765,145,133,0,133,2
2020-05-03,Shasta,089,179085,40,31,0,31,4
2020-05-03,Sierra,091,2930,0,0,0,0,0
2020-05-03,Siskiyou,093,43540,5,5,0,5,0
2020-05-03,Solano,095,438530,362,266,0,266,4
2020-05-03,Sonoma,097,501317,304,254,0,254,4
2020-05-03,Stanislaus,099,539301,486,411,4,415,8
2020-05-03,Sutter,101,95872,31,28,0,28,2
2020-05-03,Tehama,103,63373,2,1,0,1,1
2020-05-03,Trinity,105,12862,1,0,0,0,0
2020-05-03,Tulare,107,460477,1282,736,6,742,40
2020-05-03,Tuolumne,109,53932,3,3,0,3,0
2020-05-03,Ventura,111,848112,776,583,1,584,19
2020-05-03,Yolo,113,214977,191,171,0,171,18
2020-05-03,Yuba,115,75493,19,16,0,16,1
2020-05-02,Alameda,001,1643700,2084,1678,3,1681,63
2020-05-02,Alpine,003,1148,1,1,0,1,0
2020-05-02,Amador,005,37829,8,8,0,8,0
2020-05-02,Butte,007,227075,28,17,1,18,0
2020-05-02,Calaveras,009,45235,13,13,0,13,0
2020-05-02,Colusa,011,21464,3,3,0,3,0
2020-05-02,Contra Costa,013,1133247,1054,929,0,929,28
2020-05-02,Del Norte,015,27424,5,3,0,3,0
2020-05-02,El Dorado,017,186661,64,47,0,47,0
2020-05-02,Fresno,019,978130,1260,629,14,643,8
2020-05-02,Glenn,021,27897,7,5,0,5,0
2020-05-02,Humboldt,023,135768,60,54,0,54,0
2020-05-02,Imperial,025,180216,657,345,0,345,6
2020-05-02,Inyo,027,18085,19,20,0,20,1
2020-05-02,Kern,029,883053,1309,1007,1,1008,8
2020-05-02,Kings,031,150075,291,120,1,121,1
2020-05-02,Lake,033,64148,9,7,0,7,0
2020-05-02,Lassen,035,31185,3,0,2,2,0
2020-05-02,Los Angeles,037,10098052,32178,24955,16,24971,1192
2020-05-02,Madera,039,155013,103,46,1,47,2
2020-05-02,Marin,041,260295,253,243,1,244,13
2020-05-02,Mariposa,043,17540,15,13,0,13,0
2020-05-02,Mendocino,045,87422,12,10,0,10,0
2020-05-02,Merced,047,269075,210,131,0,131,3
2020-05-02,Modoc,049,8938,0,0,0,0,0
2020-05-02,Mono,051,14174,32,25,0,25,1
2020-05-02,Monterey,053,433212,288,225,0,225,5
2020-05-02,Napa,055,140530,86,71,0,71,2
2020-05-02,Nevada,057,99092,41,41,1,42,1
2020-05-02,Orange,059,3164182,4236,2774,32,2806,52
2020-05-02,Placer,061,380077,180,150,0,150,8
2020-05-02,Plumas,063,18699,4,4,0,4,0
2020-05-02,Riverside,065,2383286,5119,3997,16,4013,137
2020-05-02,Sacramento,067,1510023,1158,1097,0,1097,43
2020-05-02,San Benito,069,59416,55,49,0,49,2
2020-05-02,San Bernardino,071,2135413,2933,2124,2,2126,99
2020-05-02,San Diego,073,3302833,4870,3844,0,3844,138
2020-05-02,San Francisco,075,870044,1931,1632,0,1632,29
2020-05-02,San Joaquin,077,732212,613,559,3,562,25
2020-05-02,San Luis Obispo,079,281455,270,193,3,196,1
2020-05-02,San Mateo,081,765935,1509,1272,2,1274,52
2020-05-02,Santa Barbara,083,443738,560,506,4,510,7
2020-05-02,Santa Clara,085,1922200,2709,2203,8,2211,115
2020-05-02,Santa Cruz,087,273765,144,131,0,131,2
2020-05-02,Shasta,089,179085,40,31,0,31,4
2020-05-02,Sierra,091,2930,0,0,0,0,0
2020-05-02,Siskiyou,093,43540,5,5,0,5,0
2020-05-02,Solano,095,438530,355,267,0,267,4
2020-05-02,Sonoma,097,501317,301,250,0,250,3
2020-05-02,Stanislaus,099,539301,478,388,4,392,8
2020-05-02,Sutter,101,95872,31,28,0,28,2
2020-05-02,Tehama,103,63373,2,1,0,1,1
2020-05-02,Trinity,105,12862,1,0,0,0,0
2020-05-02,Tulare,107,460477,1239,711,6,717,35
2020-05-02,Tuolumne,109,53932,3,3,0,3,0
2020-05-02,Ventura,111,848112,762,564,1,565,19
2020-05-02,Yolo,113,214977,191,169,0,169,17
2020-05-02,Yuba,115,75493,19,16,0,16,1
2020-05-01,Alameda,001,1643700,2047,1630,3,1633,63
2020-05-01,Alpine,003,1148,1,1,0,1,0
2020-05-01,Amador,005,37829,8,8,0,8,0
2020-05-01,Butte,007,227075,28,17,1,18,0
2020-05-01,Calaveras,009,45235,13,13,0,13,0
2020-05-01,Colusa,011,21464,3,3,0,3,0
2020-05-01,Contra Costa,013,1133247,1040,915,0,915,28
2020-05-01,Del Norte,015,27424,5,3,0,3,0
2020-05-01,El Dorado,017,186661,64,47,0,47,0
2020-05-01,Fresno,019,978130,1229,617,14,631,7
2020-05-01,Glenn,021,27897,7,4,0,4,0
2020-05-01,Humboldt,023,135768,60,54,0,54,0
2020-05-01,Imperial,025,180216,620,337,0,337,6
2020-05-01,Inyo,027,18085,19,20,0,20,1
2020-05-01,Kern,029,883053,1282,972,1,973,8
2020-05-01,Kings,031,150075,274,112,1,113,1
2020-05-01,Lake,033,64148,9,6,0,6,0
2020-05-01,Lassen,035,31185,3,0,2,2,0
2020-05-01,Los Angeles,037,10098052,31421,24306,16,24322,1155
2020-05-01,Madera,039,155013,99,46,1,47,2
2020-05-01,Marin,041,260295,253,242,1,243,13
2020-05-01,Mariposa,043,17540,15,10,0,10,0
2020-05-01,Mendocino,045,87422,12,11,0,11,0
2020-05-01,Merced,047,269075,207,131,0,131,3
2020-05-01,Modoc,049,8938,0,0,0,0,0
2020-05-01,Mono,051,14174,32,25,0,25,1
2020-05-01,Monterey,053,433212,284,222,0,222,5
2020-05-01,Napa,055,140530,86,69,0,69,2
2020-05-01,Nevada,057,99092,41,41,1,42,1
2020-05-01,Orange,059,3164182,4159,2660,30,2690,51
2020-05-01,Placer,061,380077,179,149,0,149,8
2020-05-01,Plumas,063,18699,4,4,0,4,0
2020-05-01,Riverside,065,2383286,5055,3893,16,3909,132
2020-05-01,Sacramento,067,1510023,1153,1081,0,1081,43
2020-05-01,San Benito,069,59416,55,49,0,49,2
2020-05-01,San Bernardino,071,2135413,2878,2084,2,2086,98
2020-05-01,San Diego,073,3302833,4779,3713,0,3713,134
2020-05-01,San Francisco,075,870044,1887,1552,0,1552,29
2020-05-01,San Joaquin,077,732212,609,554,3,557,25
2020-05-01,San Luis Obispo,079,281455,267,186,3,189,1
2020-05-01,San Mateo,081,765935,1487,1222,2,1224,52
2020-05-01,Santa Barbara,083,443738,554,499,3,502,7
2020-05-01,Santa Clara,085,1922200,2697,2176,8,2184,112
2020-05-01,Santa Cruz,087,273765,144,127,0,127,2
2020-05-01,Shasta,089,179085,40,31,0,31,4
2020-05-01,Sierra,091,2930,0,0,0,0,0
2020-05-01,Siskiyou,093,43540,5,5,0,5,0
2020-05-01,Solano,095,438530,347,266,0,266,4
2020-05-01,Sonoma,097,501317,298,242,0,242,3
2020-05-01,Stanislaus,099,539301,473,384,4,388,8
2020-05-01,Sutter,101,95872,31,28,0,28,2
2020-05-01,Tehama,103,63373,2,1,0,1,1
2020-05-01,Trinity,105,12862,1,0,0,0,0
2020-05-01,Tulare,107,460477,1195,685,6,691,32
2020-05-01,Tuolumne,109,53932,3,3,0,3,0
2020-05-01,Ventura,111,848112,749,556,1,557,18
2020-05-01,Yolo,113,214977,191,165,0,165,18
2020-05-01,Yuba,115,75493,19,16,0,16,1
2020-04-30,Alameda,001,1643700,1987,1599,3,1602,60
2020-04-30,Alpine,003,1148,1,1,0,1,0
2020-04-30,Amador,005,37829,8,8,0,8,0
2020-04-30,Butte,007,227075,28,16,1,17,0
2020-04-30,Calaveras,009,45235,13,13,0,13,0
2020-04-30,Colusa,011,21464,3,3,0,3,0
2020-04-30,Contra Costa,013,1133247,1018,900,0,900,25
2020-04-30,Del Norte,015,27424,4,3,0,3,0
2020-04-30,El Dorado,017,186661,64,44,0,44,0
2020-04-30,Fresno,019,978130,1163,562,11,573,7
2020-04-30,Glenn,021,27897,7,4,0,4,0
2020-04-30,Humboldt,023,135768,60,54,0,54,0
2020-04-30,Imperial,025,180216,574,322,0,322,6
2020-04-30,Inyo,027,18085,19,20,0,20,1
2020-04-30,Kern,029,883053,1250,941,1,942,8
2020-04-30,Kings,031,150075,262,87,1,88,1
2020-04-30,Lake,033,64148,9,6,0,6,0
2020-04-30,Lassen,035,31185,3,0,2,2,0
2020-04-30,Los Angeles,037,10098052,30413,23284,16,23300,1099
2020-04-30,Madera,039,155013,88,46,1,47,2
2020-04-30,Marin,041,260295,253,240,1,241,13
2020-04-30,Mariposa,043,17540,15,3,0,3,0
2020-04-30,Mendocino,045,87422,12,11,0,11,0
2020-04-30,Merced,047,269075,200,122,0,122,3
2020-04-30,Modoc,049,8938,0,0,0,0,0
2020-04-30,Mono,051,14174,31,25,0,25,1
2020-04-30,Monterey,053,433212,274,213,0,213,5
2020-04-30,Napa,055,140530,84,69,0,69,2
2020-04-30,Nevada,057,99092,41,41,1,42,1
2020-04-30,Orange,059,3164182,3936,2591,27,2618,46
2020-04-30,Placer,061,380077,178,148,0,148,8
2020-04-30,Plumas,063,18699,4,4,0,4,0
2020-04-30,Riverside,065,2383286,4955,3820,15,3835,124
2020-04-30,Sacramento,067,1510023,1147,1071,0,1071,43
2020-04-30,San Benito,069,59416,55,48,0,48,2
2020-04-30,San Bernardino,071,2135413,2676,2020,2,2022,96
2020-04-30,San Diego,073,3302833,4608,3566,0,3566,124
2020-04-30,San Francisco,075,870044,1853,1518,0,1518,26
2020-04-30,San Joaquin,077,732212,601,548,3,551,25
2020-04-30,San Luis Obispo,079,281455,264,182,3,185,1
2020-04-30,San Mateo,081,765935,1457,1194,2,1196,52
2020-04-30,Santa Barbara,083,443738,542,490,3,493,7
2020-04-30,Santa Clara,085,1922200,2657,2172,8,2180,111
2020-04-30,Santa Cruz,087,273765,143,126,0,126,2
2020-04-30,Shasta,089,179085,39,31,0,31,4
2020-04-30,Sierra,091,2930,0,0,0,0,0
2020-04-30,Siskiyou,093,43540,5,5,0,5,0
2020-04-30,Solano,095,438530,337,262,0,262,4
2020-04-30,Sonoma,097,501317,289,233,0,233,3
2020-04-30,Stanislaus,099,539301,466,378,4,382,7
2020-04-30,Sutter,101,95872,31,28,0,28,2
2020-04-30,Tehama,103,63373,1,1,0,1,1
2020-04-30,Trinity,105,12862,1,0,0,0,0
2020-04-30,Tulare,107,460477,1129,637,6,643,31
2020-04-30,Tuolumne,109,53932,3,3,0,3,0
2020-04-30,Ventura,111,848112,721,547,1,548,18
2020-04-30,Yolo,113,214977,190,164,0,164,16
2020-04-30,Yuba,115,75493,19,15,0,15,1
2020-04-29,Alameda,001,1643700,1929,1564,2,1566,60
2020-04-29,Alpine,003,1148,1,1,0,1,0
2020-04-29,Amador,005,37829,8,8,0,8,0
2020-04-29,Butte,007,227075,28,16,1,17,0
2020-04-29,Calaveras,009,45235,13,13,0,13,0
2020-04-29,Colusa,011,21464,3,3,0,3,0
2020-04-29,Contra Costa,013,1133247,999,885,0,885,25
2020-04-29,Del Norte,015,27424,4,3,0,3,0
2020-04-29,El Dorado,017,186661,62,44,0,44,0
2020-04-29,Fresno,019,978130,1111,544,11,555,7
2020-04-29,Glenn,021,27897,7,4,0,4,0
2020-04-29,Humboldt,023,135768,60,53,0,53,0
2020-04-29,Imperial,025,180216,544,300,0,300,6
2020-04-29,Inyo,027,18085,19,20,0,20,1
2020-04-29,Kern,029,883053,1207,910,1,911,6
2020-04-29,Kings,031,150075,243,80,1,81,1
2020-04-29,Lake,033,64148,9,6,0,6,0
2020-04-29,Lassen,035,31185,3,0,2,2,0
2020-04-29,Los Angeles,037,10098052,29436,22560,15,22575,1043
2020-04-29,Madera,039,155013,86,45,1,46,2
2020-04-29,Marin,041,260295,250,234,1,235,13
2020-04-29,Mariposa,043,17540,15,1,0,1,0
2020-04-29,Mendocino,045,87422,12,11,0,11,0
2020-04-29,Merced,047,269075,193,116,0,116,3
2020-04-29,Modoc,049,8938,0,0,0,0,0
2020-04-29,Mono,051,14174,31,25,0,25,1
2020-04-29,Monterey,053,433212,266,204,0,204,5
2020-04-29,Napa,055,140530,82,68,0,68,2
2020-04-29,Nevada,057,99092,41,41,1,42,1
2020-04-29,Orange,059,3164182,3801,2421,26,2447,43
2020-04-29,Placer,061,380077,176,145,0,145,8
2020-04-29,Plumas,063,18699,4,4,0,4,0
2020-04-29,Riverside,065,2383286,4878,3700,15,3715,116
2020-04-29,Sacramento,067,1510023,1125,1055,0,1055,41
2020-04-29,San Benito,069,59416,55,48,0,48,2
2020-04-29,San Bernardino,071,2135413,2589,1975,1,1976,91
2020-04-29,San Diego,073,3302833,4466,3434,0,3434,120
2020-04-29,San Francisco,075,870044,1825,1489,0,1489,23
2020-04-29,San Joaquin,077,732212,593,540,3,543,25
2020-04-29,San Luis Obispo,079,281455,262,181,3,184,1
2020-04-29,San Mateo,081,765935,1431,1170,2,1172,50
2020-04-29,Santa Barbara,083,443738,529,477,3,480,7
2020-04-29,Santa Clara,085,1922200,2630,2147,8,2155,108
2020-04-29,Santa Cruz,087,273765,142,124,0,124,2
2020-04-29,Shasta,089,179085,38,31,0,31,4
2020-04-29,Sierra,091,2930,0,0,0,0,0
2020-04-29,Siskiyou,093,43540,5,5,0,5,0
2020-04-29,Solano,095,438530,313,252,0,252,3
2020-04-29,Sonoma,097,501317,281,230,0,230,2
2020-04-29,Stanislaus,099,539301,453,374,4,378,5
2020-04-29,Sutter,101,95872,31,28,0,28,2
2020-04-29,Tehama,103,63373,1,1,0,1,1
2020-04-29,Trinity,105,12862,1,0,0,0,0
2020-04-29,Tulare,107,460477,1056,615,5,620,30
2020-04-29,Tuolumne,109,53932,3,4,0,4,0
2020-04-29,Ventura,111,848112,697,530,1,531,18
2020-04-29,Yolo,113,214977,187,161,0,161,11
2020-04-29,Yuba,115,75493,19,15,0,15,1
2020-04-28,Alameda,001,1643700,1872,1525,2,1527,55
2020-04-28,Alpine,003,1148,1,1,0,1,0
2020-04-28,Amador,005,37829,8,8,0,8,0
2020-04-28,Butte,007,227075,28,16,1,17,0
2020-04-28,Calaveras,009,45235,13,13,0,13,0
2020-04-28,Colusa,011,21464,3,3,0,3,0
2020-04-28,Contra Costa,013,1133247,992,866,0,866,25
2020-04-28,Del Norte,015,27424,4,3,0,3,0
2020-04-28,El Dorado,017,186661,61,43,0,43,0
2020-04-28,Fresno,019,978130,1060,525,9,534,7
2020-04-28,Glenn,021,27897,5,4,0,4,0
2020-04-28,Humboldt,023,135768,59,53,0,53,0
2020-04-28,Imperial,025,180216,510,295,0,295,6
2020-04-28,Inyo,027,18085,19,20,0,20,1
2020-04-28,Kern,029,883053,1164,882,1,883,5
2020-04-28,Kings,031,150075,230,57,1,58,1
2020-04-28,Lake,033,64148,9,6,0,6,0
2020-04-28,Lassen,035,31185,3,0,2,2,0
2020-04-28,Los Angeles,037,10098052,28371,21029,15,21044,984
2020-04-28,Madera,039,155013,86,44,1,45,2
2020-04-28,Marin,041,260295,249,228,1,229,12
2020-04-28,Mariposa,043,17540,15,0,0,0,0
2020-04-28,Mendocino,045,87422,12,10,0,10,0
2020-04-28,Merced,047,269075,186,108,0,108,3
2020-04-28,Modoc,049,8938,0,0,0,0,0
2020-04-28,Mono,051,14174,31,25,0,25,1
2020-04-28,Monterey,053,433212,260,191,0,191,5
2020-04-28,Napa,055,140530,81,67,0,67,2
2020-04-28,Nevada,057,99092,41,41,1,42,1
2020-04-28,Orange,059,3164182,3637,2324,25,2349,42
2020-04-28,Placer,061,380077,166,143,0,143,8
2020-04-28,Plumas,063,18699,4,4,0,4,0
2020-04-28,Riverside,065,2383286,4783,3504,15,3519,113
2020-04-28,Sacramento,067,1510023,1110,1044,0,1044,41
2020-04-28,San Benito,069,59416,53,46,0,46,2
2020-04-28,San Bernardino,071,2135413,2512,1891,1,1892,89
2020-04-28,San Diego,073,3302833,4336,3316,0,3316,118
2020-04-28,San Francisco,075,870044,1790,1471,0,1471,23
2020-04-28,San Joaquin,077,732212,587,532,3,535,25
2020-04-28,San Luis Obispo,079,281455,255,172,3,175,1
2020-04-28,San Mateo,081,765935,1418,1129,2,1131,48
2020-04-28,Santa Barbara,083,443738,524,469,2,471,7
2020-04-28,Santa Clara,085,1922200,2596,2130,8,2138,106
2020-04-28,Santa Cruz,087,273765,142,123,0,123,2
2020-04-28,Shasta,089,179085,38,29,0,29,4
2020-04-28,Sierra,091,2930,0,0,0,0,0
2020-04-28,Siskiyou,093,43540,5,5,0,5,0
2020-04-28,Solano,095,438530,294,246,0,246,3
2020-04-28,Sonoma,097,501317,278,226,0,226,1
2020-04-28,Stanislaus,099,539301,437,330,4,334,5
2020-04-28,Sutter,101,95872,31,25,0,25,2
2020-04-28,Tehama,103,63373,1,1,0,1,1
2020-04-28,Trinity,105,12862,1,0,0,0,0
2020-04-28,Tulare,107,460477,960,579,5,584,30
2020-04-28,Tuolumne,109,53932,3,4,0,4,0
2020-04-28,Ventura,111,848112,677,517,1,518,17
2020-04-28,Yolo,113,214977,187,160,0,160,10
2020-04-28,Yuba,115,75493,19,15,0,15,1
2020-04-27,Alameda,001,1643700,1812,1494,2,1496,53
2020-04-27,Alpine,003,1148,1,1,0,1,0
2020-04-27,Amador,005,37829,8,8,0,8,0
2020-04-27,Butte,007,227075,27,16,1,17,0
2020-04-27,Calaveras,009,45235,13,13,0,13,0
2020-04-27,Colusa,011,21464,3,3,0,3,0
2020-04-27,Contra Costa,013,1133247,980,843,0,843,25
2020-04-27,Del Norte,015,27424,4,3,0,3,0
2020-04-27,El Dorado,017,186661,60,43,0,43,0
2020-04-27,Fresno,019,978130,957,504,8,512,7
2020-04-27,Glenn,021,27897,5,4,0,4,0
2020-04-27,Humboldt,023,135768,59,52,0,52,0
2020-04-27,Imperial,025,180216,480,290,0,290,6
2020-04-27,Inyo,027,18085,19,20,0,20,1
2020-04-27,Kern,029,883053,1125,865,1,866,4
2020-04-27,Kings,031,150075,207,48,1,49,1
2020-04-27,Lake,033,64148,8,6,0,6,0
2020-04-27,Lassen,035,31185,3,0,2,2,0
2020-04-27,Los Angeles,037,10098052,27354,20456,15,20471,931
2020-04-27,Madera,039,155013,84,42,1,43,2
2020-04-27,Marin,041,260295,244,227,1,228,12
2020-04-27,Mariposa,043,17540,14,0,0,0,0
2020-04-27,Mendocino,045,87422,12,10,0,10,0
2020-04-27,Merced,047,269075,183,108,0,108,3
2020-04-27,Modoc,049,8938,0,0,0,0,0
2020-04-27,Mono,051,14174,31,23,0,23,1
2020-04-27,Monterey,053,433212,253,185,0,185,4
2020-04-27,Napa,055,140530,77,64,0,64,2
2020-04-27,Nevada,057,99092,41,39,1,40,1
2020-04-27,Orange,059,3164182,3468,2198,25,2223,42
2020-04-27,Placer,061,380077,166,142,0,142,8
2020-04-27,Plumas,063,18699,4,4,0,4,0
2020-04-27,Riverside,065,2383286,4660,3381,15,3396,100
2020-04-27,Sacramento,067,1510023,1095,1035,0,1035,41
2020-04-27,San Benito,069,59416,51,45,0,45,2
2020-04-27,San Bernardino,071,2135413,2398,1742,1,1743,82
2020-04-27,San Diego,073,3302833,4210,3143,0,3143,113
2020-04-27,San Francisco,075,870044,1736,1453,0,1453,23
2020-04-27,San Joaquin,077,732212,581,522,3,525,25
2020-04-27,San Luis Obispo,079,281455,247,166,3,169,1
2020-04-27,San Mateo,081,765935,1396,1092,2,1094,46
2020-04-27,Santa Barbara,083,443738,516,466,2,468,7
2020-04-27,Santa Clara,085,1922200,2571,2104,7,2111,105
2020-04-27,Santa Cruz,087,273765,142,123,0,123,2
2020-04-27,Shasta,089,179085,38,29,0,29,4
2020-04-27,Sierra,091,2930,0,0,0,0,0
2020-04-27,Siskiyou,093,43540,5,5,0,5,0
2020-04-27,Solano,095,438530,294,222,0,222,3
2020-04-27,Sonoma,097,501317,269,220,0,220,1
2020-04-27,Stanislaus,099,539301,421,316,4,320,5
2020-04-27,Sutter,101,95872,29,26,0,26,2
2020-04-27,Tehama,103,63373,1,1,0,1,1
2020-04-27,Trinity,105,12862,1,0,0,0,0
2020-04-27,Tulare,107,460477,889,535,5,540,28
2020-04-27,Tuolumne,109,53932,3,3,0,3,0
2020-04-27,Ventura,111,848112,658,513,1,514,17
2020-04-27,Yolo,113,214977,184,160,0,160,9
2020-04-27,Yuba,115,75493,19,15,0,15,1
2020-04-26,Alameda,001,1643700,1751,1449,2,1451,52
2020-04-26,Alpine,003,1148,1,1,0,1,0
2020-04-26,Amador,005,37829,8,8,0,8,0
2020-04-26,Butte,007,227075,27,16,1,17,0
2020-04-26,Calaveras,009,45235,13,13,0,13,0
2020-04-26,Colusa,011,21464,3,3,0,3,0
2020-04-26,Contra Costa,013,1133247,964,830,0,830,25
2020-04-26,Del Norte,015,27424,3,3,0,3,0
2020-04-26,El Dorado,017,186661,58,41,0,41,0
2020-04-26,Fresno,019,978130,863,476,7,483,7
2020-04-26,Glenn,021,27897,5,4,0,4,0
2020-04-26,Humboldt,023,135768,59,53,0,53,0
2020-04-26,Imperial,025,180216,446,272,0,272,6
2020-04-26,Inyo,027,18085,19,20,0,20,1
2020-04-26,Kern,029,883053,1075,831,1,832,4
2020-04-26,Kings,031,150075,182,33,1,34,1
2020-04-26,Lake,033,64148,8,6,0,6,0
2020-04-26,Lassen,035,31185,3,0,2,2,0
2020-04-26,Los Angeles,037,10098052,26199,19570,15,19585,901
2020-04-26,Madera,039,155013,82,39,1,40,2
2020-04-26,Marin,041,260295,238,225,1,226,12
2020-04-26,Mariposa,043,17540,14,0,0,0,0
2020-04-26,Mendocino,045,87422,12,5,0,5,0
2020-04-26,Merced,047,269075,166,104,0,104,3
2020-04-26,Modoc,049,8938,0,0,0,0,0
2020-04-26,Mono,051,14174,31,23,0,23,1
2020-04-26,Monterey,053,433212,246,182,0,182,4
2020-04-26,Napa,055,140530,76,62,0,62,2
2020-04-26,Nevada,057,99092,41,37,1,38,1
2020-04-26,Orange,059,3164182,3303,2124,25,2149,40
2020-04-26,Placer,061,380077,165,141,0,141,8
2020-04-26,Plumas,063,18699,4,4,0,4,0
2020-04-26,Riverside,065,2383286,4517,3301,15,3316,95
2020-04-26,Sacramento,067,1510023,1086,1027,0,1027,41
2020-04-26,San Benito,069,59416,51,45,0,45,2
2020-04-26,San Bernardino,071,2135413,2302,1681,1,1682,82
2020-04-26,San Diego,073,3302833,4068,3045,0,3045,111
2020-04-26,San Francisco,075,870044,1697,1403,0,1403,23
2020-04-26,San Joaquin,077,732212,573,514,3,517,25
2020-04-26,San Luis Obispo,079,281455,244,165,3,168,1
2020-04-26,San Mateo,081,765935,1370,1070,2,1072,46
2020-04-26,Santa Barbara,083,443738,509,464,2,466,7
2020-04-26,Santa Clara,085,1922200,2548,2097,6,2103,102
2020-04-26,Santa Cruz,087,273765,142,116,0,116,2
2020-04-26,Shasta,089,179085,35,29,0,29,4
2020-04-26,Sierra,091,2930,0,0,0,0,0
2020-04-26,Siskiyou,093,43540,5,5,0,5,0
2020-04-26,Solano,095,438530,285,205,0,205,3
2020-04-26,Sonoma,097,501317,258,216,0,216,1
2020-04-26,Stanislaus,099,539301,406,294,4,298,4
2020-04-26,Sutter,101,95872,29,26,0,26,2
2020-04-26,Tehama,103,63373,1,1,0,1,1
2020-04-26,Trinity,105,12862,1,0,0,0,0
2020-04-26,Tulare,107,460477,830,497,5,502,28
2020-04-26,Tuolumne,109,53932,3,3,0,3,0
2020-04-26,Ventura,111,848112,640,509,1,510,17
2020-04-26,Yolo,113,214977,183,158,0,158,8
2020-04-26,Yuba,115,75493,18,15,0,15,1
2020-04-25,Alameda,001,1643700,1726,1396,2,1398,52
2020-04-25,Alpine,003,1148,1,1,0,1,0
2020-04-25,Amador,005,37829,8,8,0,8,0
2020-04-25,Butte,007,227075,26,16,1,17,0
2020-04-25,Calaveras,009,45235,13,12,0,12,0
2020-04-25,Colusa,011,21464,3,3,0,3,0
2020-04-25,Contra Costa,013,1133247,950,821,0,821,24
2020-04-25,Del Norte,015,27424,2,2,0,2,0
2020-04-25,El Dorado,017,186661,57,41,0,41,0
2020-04-25,Fresno,019,978130,831,459,6,465,7
2020-04-25,Glenn,021,27897,5,4,0,4,0
2020-04-25,Humboldt,023,135768,59,53,0,53,0
2020-04-25,Imperial,025,180216,429,232,0,232,6
2020-04-25,Inyo,027,18085,19,20,0,20,1
2020-04-25,Kern,029,883053,1044,802,1,803,4
2020-04-25,Kings,031,150075,170,33,1,34,1
2020-04-25,Lake,033,64148,6,6,0,6,0
2020-04-25,Lassen,035,31185,3,0,2,2,0
2020-04-25,Los Angeles,037,10098052,25565,19144,15,19159,881
2020-04-25,Madera,039,155013,79,39,1,40,2
2020-04-25,Marin,041,260295,238,215,1,216,12
2020-04-25,Mariposa,043,17540,14,0,0,0,0
2020-04-25,Mendocino,045,87422,11,5,0,5,0
2020-04-25,Merced,047,269075,166,103,0,103,3
2020-04-25,Modoc,049,8938,0,0,0,0,0
2020-04-25,Mono,051,14174,31,23,0,23,1
2020-04-25,Monterey,053,433212,244,173,0,173,4
2020-04-25,Napa,055,140530,76,60,0,60,2
2020-04-25,Nevada,057,99092,41,37,1,38,1
2020-04-25,Orange,059,3164182,3195,2047,25,2072,40
2020-04-25,Placer,061,380077,165,137,0,137,8
2020-04-25,Plumas,063,18699,4,4,0,4,0
2020-04-25,Riverside,065,2383286,4427,3037,15,3052,93
2020-04-25,Sacramento,067,1510023,1084,1015,0,1015,41
2020-04-25,San Benito,069,59416,51,45,0,45,2
2020-04-25,San Bernardino,071,2135413,2256,1675,1,1676,82
2020-04-25,San Diego,073,3302833,3967,2945,0,2945,111
2020-04-25,San Francisco,075,870044,1672,1341,0,1341,22
2020-04-25,San Joaquin,077,732212,566,497,3,500,24
2020-04-25,San Luis Obispo,079,281455,243,159,3,162,1
2020-04-25,San Mateo,081,765935,1352,1054,2,1056,46
2020-04-25,Santa Barbara,083,443738,502,457,2,459,7
2020-04-25,Santa Clara,085,1922200,2526,2045,5,2050,99
2020-04-25,Santa Cruz,087,273765,142,112,0,112,2
2020-04-25,Shasta,089,179085,35,29,0,29,4
2020-04-25,Sierra,091,2930,0,0,0,0,0
2020-04-25,Siskiyou,093,43540,5,5,0,5,0
2020-04-25,Solano,095,438530,281,203,0,203,3
2020-04-25,Sonoma,097,501317,254,199,0,199,1
2020-04-25,Stanislaus,099,539301,398,276,4,280,4
2020-04-25,Sutter,101,95872,29,24,0,24,2
2020-04-25,Tehama,103,63373,1,1,0,1,1
2020-04-25,Trinity,105,12862,0,0,0,0,0
2020-04-25,Tulare,107,460477,797,478,5,483,28
2020-04-25,Tuolumne,109,53932,3,2,0,2,0
2020-04-25,Ventura,111,848112,626,494,1,495,16
2020-04-25,Yolo,113,214977,183,157,0,157,8
2020-04-25,Yuba,115,75493,17,15,0,15,1
2020-04-24,Alameda,001,1643700,1695,1385,2,1387,50
2020-04-24,Alpine,003,1148,1,1,0,1,0
2020-04-24,Amador,005,37829,8,8,0,8,0
2020-04-24,Butte,007,227075,25,15,1,16,0
2020-04-24,Calaveras,009,45235,13,12,0,12,0
2020-04-24,Colusa,011,21464,3,3,0,3,0
2020-04-24,Contra Costa,013,1133247,941,806,0,806,23
2020-04-24,Del Norte,015,27424,2,2,0,2,0
2020-04-24,El Dorado,017,186661,56,41,0,41,0
2020-04-24,Fresno,019,978130,808,449,6,455,7
2020-04-24,Glenn,021,27897,5,4,0,4,0
2020-04-24,Humboldt,023,135768,59,53,0,53,0
2020-04-24,Imperial,025,180216,413,232,0,232,6
2020-04-24,Inyo,027,18085,19,20,0,20,0
2020-04-24,Kern,029,883053,1020,770,1,771,4
2020-04-24,Kings,031,150075,141,30,1,31,1
2020-04-24,Lake,033,64148,6,6,0,6,0
2020-04-24,Lassen,035,31185,3,0,2,2,0
2020-04-24,Los Angeles,037,10098052,24636,18553,15,18568,836
2020-04-24,Madera,039,155013,79,39,1,40,2
2020-04-24,Marin,041,260295,238,211,1,212,11
2020-04-24,Mariposa,043,17540,8,0,0,0,0
2020-04-24,Mendocino,045,87422,11,5,0,5,0
2020-04-24,Merced,047,269075,163,102,0,102,3
2020-04-24,Modoc,049,8938,0,0,0,0,0
2020-04-24,Mono,051,14174,30,23,0,23,1
2020-04-24,Monterey,053,433212,237,167,0,167,4
2020-04-24,Napa,055,140530,75,59,0,59,2
2020-04-24,Nevada,057,99092,41,36,1,37,1
2020-04-24,Orange,059,3164182,3088,1945,25,1970,39
2020-04-24,Placer,061,380077,163,137,0,137,8
2020-04-24,Plumas,063,18699,4,4,0,4,0
2020-04-24,Riverside,065,2383286,4346,3044,15,3059,87
2020-04-24,Sacramento,067,1510023,1078,1009,0,1009,41
2020-04-24,San Benito,069,59416,51,45,0,45,2
2020-04-24,San Bernardino,071,2135413,2221,1667,1,1668,80
2020-04-24,San Diego,073,3302833,3856,2828,0,2828,102
2020-04-24,San Francisco,075,870044,1614,1345,0,1345,22
2020-04-24,San Joaquin,077,732212,559,484,3,487,24
2020-04-24,San Luis Obispo,079,281455,240,151,3,154,1
2020-04-24,San Mateo,081,765935,1329,1004,2,1006,43
2020-04-24,Santa Barbara,083,443738,496,450,2,452,6
2020-04-24,Santa Clara,085,1922200,2484,2026,5,2031,98
2020-04-24,Santa Cruz,087,273765,138,111,0,111,2
2020-04-24,Shasta,089,179085,35,28,0,28,4
2020-04-24,Sierra,091,2930,0,0,0,0,0
2020-04-24,Siskiyou,093,43540,5,5,0,5,0
2020-04-24,Solano,095,438530,279,203,0,203,3
2020-04-24,Sonoma,097,501317,250,199,0,199,1
2020-04-24,Stanislaus,099,539301,395,273,4,277,4
2020-04-24,Sutter,101,95872,28,24,0,24,2
2020-04-24,Tehama,103,63373,1,1,0,1,1
2020-04-24,Trinity,105,12862,0,0,0,0,0
2020-04-24,Tulare,107,460477,769,459,5,464,27
2020-04-24,Tuolumne,109,53932,3,2,0,2,0
2020-04-24,Ventura,111,848112,616,489,1,490,16
2020-04-24,Yolo,113,214977,182,155,0,155,8
2020-04-24,Yuba,115,75493,16,15,0,15,1
2020-04-23,Alameda,001,1643700,1657,1336,2,1338,46
2020-04-23,Alpine,003,1148,1,1,0,1,0
2020-04-23,Amador,005,37829,8,8,0,8,0
2020-04-23,Butte,007,227075,25,15,1,16,0
2020-04-23,Calaveras,009,45235,13,12,0,12,0
2020-04-23,Colusa,011,21464,3,3,0,3,0
2020-04-23,Contra Costa,013,1133247,920,786,0,786,23
2020-04-23,Del Norte,015,27424,2,2,0,2,0
2020-04-23,El Dorado,017,186661,55,39,0,39,0
2020-04-23,Fresno,019,978130,770,426,6,432,7
2020-04-23,Glenn,021,27897,5,3,0,3,0
2020-04-23,Humboldt,023,135768,59,53,0,53,0
2020-04-23,Imperial,025,180216,392,181,0,181,4
2020-04-23,Inyo,027,18085,19,19,0,19,0
2020-04-23,Kern,029,883053,972,732,1,733,4
2020-04-23,Kings,031,150075,126,28,1,29,1
2020-04-23,Lake,033,64148,6,6,0,6,0
2020-04-23,Lassen,035,31185,3,0,2,2,0
2020-04-23,Los Angeles,037,10098052,23576,17548,14,17562,784
2020-04-23,Madera,039,155013,77,37,1,38,2
2020-04-23,Marin,041,260295,225,209,1,210,11
2020-04-23,Mariposa,043,17540,7,0,0,0,0
2020-04-23,Mendocino,045,87422,9,5,0,5,0
2020-04-23,Merced,047,269075,159,98,0,98,3
2020-04-23,Modoc,049,8938,0,0,0,0,0
2020-04-23,Mono,051,14174,30,23,0,23,1
2020-04-23,Monterey,053,433212,233,161,0,161,4
2020-04-23,Napa,055,140530,68,59,0,59,2
2020-04-23,Nevada,057,99092,41,36,1,37,1
2020-04-23,Orange,059,3164182,2910,1841,24,1865,37
2020-04-23,Placer,061,380077,160,136,0,136,8
2020-04-23,Plumas,063,18699,4,4,0,4,0
2020-04-23,Riverside,065,2383286,4232,2935,14,2949,78
2020-04-23,Sacramento,067,1510023,1066,978,0,978,41
2020-04-23,San Benito,069,59416,48,43,0,43,2
2020-04-23,San Bernardino,071,2135413,2156,1604,1,1605,79
2020-04-23,San Diego,073,3302833,3695,2645,0,2645,100
2020-04-23,San Francisco,075,870044,1589,1312,0,1312,21
2020-04-23,San Joaquin,077,732212,549,479,3,482,20
2020-04-23,San Luis Obispo,079,281455,236,146,3,149,1
2020-04-23,San Mateo,081,765935,1290,970,2,972,42
2020-04-23,Santa Barbara,083,443738,490,445,2,447,6
2020-04-23,Santa Clara,085,1922200,2449,1996,5,2001,95
2020-04-23,Santa Cruz,087,273765,137,110,0,110,2
2020-04-23,Shasta,089,179085,35,27,0,27,3
2020-04-23,Sierra,091,2930,0,0,0,0,0
2020-04-23,Siskiyou,093,43540,5,5,0,5,0
2020-04-23,Solano,095,438530,265,196,0,196,3
2020-04-23,Sonoma,097,501317,238,187,0,187,1
2020-04-23,Stanislaus,099,539301,391,254,4,258,4
2020-04-23,Sutter,101,95872,28,24,0,24,2
2020-04-23,Tehama,103,63373,1,1,0,1,1
2020-04-23,Trinity,105,12862,0,0,0,0,0
2020-04-23,Tulare,107,460477,740,440,5,445,25
2020-04-23,Tuolumne,109,53932,3,2,0,2,0
2020-04-23,Ventura,111,848112,602,479,1,480,16
2020-04-23,Yolo,113,214977,179,151,0,151,8
2020-04-23,Yuba,115,75493,16,15,0,15,1
2020-04-22,Alameda,001,1643700,1608,1275,2,1277,46
2020-04-22,Alpine,003,1148,1,1,0,1,0
2020-04-22,Amador,005,37829,8,7,0,7,0
2020-04-22,Butte,007,227075,24,15,1,16,0
2020-04-22,Calaveras,009,45235,13,12,0,12,0
2020-04-22,Colusa,011,21464,3,3,0,3,0
2020-04-22,Contra Costa,013,1133247,905,772,0,772,22
2020-04-22,Del Norte,015,27424,2,2,0,2,0
2020-04-22,El Dorado,017,186661,55,39,0,39,0
2020-04-22,Fresno,019,978130,730,388,6,394,7
2020-04-22,Glenn,021,27897,5,3,0,3,0
2020-04-22,Humboldt,023,135768,59,53,0,53,0
2020-04-22,Imperial,025,180216,381,170,0,170,3
2020-04-22,Inyo,027,18085,19,18,0,18,0
2020-04-22,Kern,029,883053,950,713,1,714,4
2020-04-22,Kings,031,150075,105,28,1,29,1
2020-04-22,Lake,033,64148,6,6,0,6,0
2020-04-22,Lassen,035,31185,3,0,2,2,0
2020-04-22,Los Angeles,037,10098052,22549,16400,14,16414,715
2020-04-22,Madera,039,155013,75,37,1,38,2
2020-04-22,Marin,041,260295,223,202,1,203,11
2020-04-22,Mariposa,043,17540,6,0,0,0,0
2020-04-22,Mendocino,045,87422,6,5,0,5,0
2020-04-22,Merced,047,269075,147,92,0,92,3
2020-04-22,Modoc,049,8938,0,0,0,0,0
2020-04-22,Mono,051,14174,29,23,0,23,1
2020-04-22,Monterey,053,433212,226,154,0,154,4
2020-04-22,Napa,055,140530,67,58,0,58,2
2020-04-22,Nevada,057,99092,41,36,1,37,1
2020-04-22,Orange,059,3164182,2816,1785,23,1808,36
2020-04-22,Placer,061,380077,158,133,0,133,8
2020-04-22,Plumas,063,18699,4,4,0,4,0
2020-04-22,Riverside,065,2383286,4128,2822,14,2836,76
2020-04-22,Sacramento,067,1510023,1061,959,0,959,36
2020-04-22,San Benito,069,59416,47,43,0,43,2
2020-04-22,San Bernardino,071,2135413,2093,1564,1,1565,74
2020-04-22,San Diego,073,3302833,3567,2493,0,2493,96
2020-04-22,San Francisco,075,870044,1552,1255,0,1255,21
2020-04-22,San Joaquin,077,732212,538,462,3,465,20
2020-04-22,San Luis Obispo,079,281455,227,142,3,145,1
2020-04-22,San Mateo,081,765935,1267,945,2,947,40
2020-04-22,Santa Barbara,083,443738,485,437,2,439,6
2020-04-22,Santa Clara,085,1922200,2433,1969,5,1974,95
2020-04-22,Santa Cruz,087,273765,133,106,0,106,2
2020-04-22,Shasta,089,179085,34,26,0,26,3
2020-04-22,Sierra,091,2930,0,0,0,0,0
2020-04-22,Siskiyou,093,43540,5,5,0,5,0
2020-04-22,Solano,095,438530,247,195,0,195,3
2020-04-22,Sonoma,097,501317,235,185,0,185,1
2020-04-22,Stanislaus,099,539301,334,247,4,251,4
2020-04-22,Sutter,101,95872,28,22,0,22,2
2020-04-22,Tehama,103,63373,1,1,0,1,1
2020-04-22,Trinity,105,12862,0,0,0,0,0
2020-04-22,Tulare,107,460477,706,425,5,430,23
2020-04-22,Tuolumne,109,53932,3,2,0,2,0
2020-04-22,Ventura,111,848112,591,465,1,466,15
2020-04-22,Yolo,113,214977,178,147,0,147,8
2020-04-22,Yuba,115,75493,16,15,0,15,1
2020-04-21,Alameda,001,1643700,1578,1234,2,1236,46
2020-04-21,Alpine,003,1148,1,1,0,1,0
2020-04-21,Amador,005,37829,8,7,0,7,0
2020-04-21,Butte,007,227075,23,15,1,16,0
2020-04-21,Calaveras,009,45235,12,12,0,12,0
2020-04-21,Colusa,011,21464,3,3,0,3,0
2020-04-21,Contra Costa,013,1133247,891,766,0,766,22
2020-04-21,Del Norte,015,27424,2,2,0,2,0
2020-04-21,El Dorado,017,186661,54,36,0,36,0
2020-04-21,Fresno,019,978130,696,372,6,378,7
2020-04-21,Glenn,021,27897,5,3,0,3,0
2020-04-21,Humboldt,023,135768,58,53,0,53,0
2020-04-21,Imperial,025,180216,361,165,0,165,2
2020-04-21,Inyo,027,18085,19,18,0,18,0
2020-04-21,Kern,029,883053,908,676,1,677,4
2020-04-21,Kings,031,150075,91,28,1,29,1
2020-04-21,Lake,033,64148,6,6,0,6,0
2020-04-21,Lassen,035,31185,3,0,2,2,0
2020-04-21,Los Angeles,037,10098052,21689,15096,14,15110,650
2020-04-21,Madera,039,155013,75,37,1,38,2
2020-04-21,Marin,041,260295,217,202,1,203,10
2020-04-21,Mariposa,043,17540,5,0,0,0,0
2020-04-21,Mendocino,045,87422,6,5,0,5,0
2020-04-21,Merced,047,269075,143,89,0,89,3
2020-04-21,Modoc,049,8938,0,0,0,0,0
2020-04-21,Mono,051,14174,29,23,0,23,1
2020-04-21,Monterey,053,433212,223,151,0,151,4
2020-04-21,Napa,055,140530,66,58,0,58,2
2020-04-21,Nevada,057,99092,41,36,1,37,1
2020-04-21,Orange,059,3164182,2693,1717,22,1739,36
2020-04-21,Placer,061,380077,156,133,0,133,8
2020-04-21,Plumas,063,18699,4,4,0,4,0
2020-04-21,Riverside,065,2383286,3996,2631,14,2645,68
2020-04-21,Sacramento,067,1510023,1051,941,0,941,33
2020-04-21,San Benito,069,59416,45,43,0,43,2
2020-04-21,San Bernardino,071,2135413,2032,1499,1,1500,71
2020-04-21,San Diego,073,3302833,3411,2436,0,2436,87
2020-04-21,San Francisco,075,870044,1522,1232,0,1232,20
2020-04-21,San Joaquin,077,732212,528,447,3,450,20
2020-04-21,San Luis Obispo,079,281455,219,134,3,137,1
2020-04-21,San Mateo,081,765935,1221,933,2,935,34
2020-04-21,Santa Barbara,083,443738,476,414,2,416,5
2020-04-21,Santa Clara,085,1922200,2383,1943,5,1948,91
2020-04-21,Santa Cruz,087,273765,131,104,0,104,2
2020-04-21,Shasta,089,179085,33,26,0,26,3
2020-04-21,Sierra,091,2930,0,0,0,0,0
2020-04-21,Siskiyou,093,43540,5,5,0,5,0
2020-04-21,Solano,095,438530,239,193,0,193,3
2020-04-21,Sonoma,097,501317,225,182,0,182,1
2020-04-21,Stanislaus,099,539301,315,235,4,239,4
2020-04-21,Sutter,101,95872,28,22,0,22,2
2020-04-21,Tehama,103,63373,1,1,0,1,1
2020-04-21,Trinity,105,12862,0,0,0,0,0
2020-04-21,Tulare,107,460477,669,410,5,415,23
2020-04-21,Tuolumne,109,53932,3,2,0,2,0
2020-04-21,Ventura,111,848112,579,455,1,456,14
2020-04-21,Yolo,113,214977,176,143,0,143,8
2020-04-21,Yuba,115,75493,16,15,0,15,1
2020-04-20,Alameda,001,1643700,1545,1181,2,1183,42
2020-04-20,Alpine,003,1148,1,1,0,1,0
2020-04-20,Amador,005,37829,8,7,0,7,0
2020-04-20,Butte,007,227075,23,15,1,16,0
2020-04-20,Calaveras,009,45235,12,12,0,12,0
2020-04-20,Colusa,011,21464,3,3,0,3,0
2020-04-20,Contra Costa,013,1133247,881,753,0,753,22
2020-04-20,Del Norte,015,27424,2,2,0,2,0
2020-04-20,El Dorado,017,186661,54,36,0,36,0
2020-04-20,Fresno,019,978130,678,356,6,362,7
2020-04-20,Glenn,021,27897,4,3,0,3,0
2020-04-20,Humboldt,023,135768,58,53,0,53,0
2020-04-20,Imperial,025,180216,342,149,0,149,2
2020-04-20,Inyo,027,18085,19,17,0,17,0
2020-04-20,Kern,029,883053,876,651,1,652,3
2020-04-20,Kings,031,150075,80,19,1,20,1
2020-04-20,Lake,033,64148,6,6,0,6,0
2020-04-20,Lassen,035,31185,3,0,2,2,0
2020-04-20,Los Angeles,037,10098052,20772,13787,14,13801,608
2020-04-20,Madera,039,155013,74,35,1,36,2
2020-04-20,Marin,041,260295,213,200,1,201,10
2020-04-20,Mariposa,043,17540,5,0,0,0,0
2020-04-20,Mendocino,045,87422,6,5,0,5,0
2020-04-20,Merced,047,269075,136,88,0,88,3
2020-04-20,Modoc,049,8938,0,0,0,0,0
2020-04-20,Mono,051,14174,29,23,0,23,1
2020-04-20,Monterey,053,433212,214,147,0,147,4
2020-04-20,Napa,055,140530,66,55,0,55,2
2020-04-20,Nevada,057,99092,41,34,1,35,1
2020-04-20,Orange,059,3164182,2609,1679,22,1701,33
2020-04-20,Placer,061,380077,155,132,0,132,8
2020-04-20,Plumas,063,18699,4,4,0,4,0
2020-04-20,Riverside,065,2383286,3871,2477,14,2491,61
2020-04-20,Sacramento,067,1510023,1041,924,0,924,32
2020-04-20,San Benito,069,59416,45,43,0,43,2
2020-04-20,San Bernardino,071,2135413,1945,1344,1,1345,63
2020-04-20,San Diego,073,3302833,3269,2327,0,2327,72
2020-04-20,San Francisco,075,870044,1490,1223,0,1223,19
2020-04-20,San Joaquin,077,732212,524,422,3,425,17
2020-04-20,San Luis Obispo,079,281455,205,132,3,135,1
2020-04-20,San Mateo,081,765935,1198,890,2,892,31
2020-04-20,Santa Barbara,083,443738,469,388,2,390,4
2020-04-20,Santa Clara,085,1922200,2352,1920,5,1925,84
2020-04-20,Santa Cruz,087,273765,129,102,0,102,2
2020-04-20,Shasta,089,179085,33,26,0,26,3
2020-04-20,Sierra,091,2930,0,0,0,0,0
2020-04-20,Siskiyou,093,43540,5,5,0,5,0
2020-04-20,Solano,095,438530,236,185,0,185,2
2020-04-20,Sonoma,097,501317,217,178,0,178,1
2020-04-20,Stanislaus,099,539301,301,228,4,232,3
2020-04-20,Sutter,101,95872,27,22,0,22,2
2020-04-20,Tehama,103,63373,1,1,0,1,1
2020-04-20,Trinity,105,12862,0,0,0,0,0
2020-04-20,Tulare,107,460477,659,401,5,406,20
2020-04-20,Tuolumne,109,53932,3,2,0,2,0
2020-04-20,Ventura,111,848112,565,426,1,427,13
2020-04-20,Yolo,113,214977,175,125,0,125,5
2020-04-20,Yuba,115,75493,16,15,0,15,1
2020-04-19,Alameda,001,1643700,1495,1134,2,1136,41
2020-04-19,Alpine,003,1148,1,1,0,1,0
2020-04-19,Amador,005,37829,7,7,0,7,0
2020-04-19,Butte,007,227075,22,15,1,16,0
2020-04-19,Calaveras,009,45235,12,12,0,12,0
2020-04-19,Colusa,011,21464,3,3,0,3,0
2020-04-19,Contra Costa,013,1133247,865,731,0,731,20
2020-04-19,Del Norte,015,27424,2,2,0,2,0
2020-04-19,El Dorado,017,186661,54,36,0,36,0
2020-04-19,Fresno,019,978130,642,326,6,332,7
2020-04-19,Glenn,021,27897,4,3,0,3,0
2020-04-19,Humboldt,023,135768,58,53,0,53,0
2020-04-19,Imperial,025,180216,316,144,0,144,2
2020-04-19,Inyo,027,18085,19,17,0,17,0
2020-04-19,Kern,029,883053,851,629,1,630,3
2020-04-19,Kings,031,150075,70,17,1,18,1
2020-04-19,Lake,033,64148,6,6,0,6,0
2020-04-19,Lassen,035,31185,3,0,2,2,0
2020-04-19,Los Angeles,037,10098052,19776,12299,14,12313,589
2020-04-19,Madera,039,155013,72,34,1,35,2
2020-04-19,Marin,041,260295,212,194,1,195,10
2020-04-19,Mariposa,043,17540,2,0,0,0,0
2020-04-19,Mendocino,045,87422,6,4,0,4,0
2020-04-19,Merced,047,269075,131,85,0,85,3
2020-04-19,Modoc,049,8938,0,0,0,0,0
2020-04-19,Mono,051,14174,29,23,0,23,1
2020-04-19,Monterey,053,433212,205,140,0,140,4
2020-04-19,Napa,055,140530,64,49,0,49,2
2020-04-19,Nevada,057,99092,40,34,1,35,1
2020-04-19,Orange,059,3164182,2512,1591,21,1612,32
2020-04-19,Placer,061,380077,154,131,0,131,8
2020-04-19,Plumas,063,18699,4,4,0,4,0
2020-04-19,Riverside,065,2383286,3728,2316,14,2330,56
2020-04-19,Sacramento,067,1510023,1014,912,0,912,32
2020-04-19,San Benito,069,59416,43,40,0,40,2
2020-04-19,San Bernardino,071,2135413,1882,1262,1,1263,58
2020-04-19,San Diego,073,3302833,3102,2270,0,2270,71
2020-04-19,San Francisco,075,870044,1457,1153,0,1153,19
2020-04-19,San Joaquin,077,732212,506,404,3,407,17
2020-04-19,San Luis Obispo,079,281455,200,132,3,135,1
2020-04-19,San Mateo,081,765935,1162,845,2,847,31
2020-04-19,Santa Barbara,083,443738,462,377,2,379,3
2020-04-19,Santa Clara,085,1922200,2307,1878,5,1883,81
2020-04-19,Santa Cruz,087,273765,126,98,0,98,2
2020-04-19,Shasta,089,179085,31,26,0,26,3
2020-04-19,Sierra,091,2930,0,0,0,0,0
2020-04-19,Siskiyou,093,43540,5,5,0,5,0
2020-04-19,Solano,095,438530,228,174,0,174,2
2020-04-19,Sonoma,097,501317,211,172,0,172,1
2020-04-19,Stanislaus,099,539301,293,221,4,225,3
2020-04-19,Sutter,101,95872,26,21,0,21,2
2020-04-19,Tehama,103,63373,1,1,0,1,1
2020-04-19,Trinity,105,12862,0,0,0,0,0
2020-04-19,Tulare,107,460477,613,391,5,396,17
2020-04-19,Tuolumne,109,53932,3,2,0,2,0
2020-04-19,Ventura,111,848112,557,418,1,419,13
2020-04-19,Yolo,113,214977,175,120,0,120,5
2020-04-19,Yuba,115,75493,16,15,0,15,1
2020-04-18,Alameda,001,1643700,1470,1085,2,1087,40
2020-04-18,Alpine,003,1148,1,1,0,1,0
2020-04-18,Amador,005,37829,7,7,0,7,0
2020-04-18,Butte,007,227075,21,15,1,16,0
2020-04-18,Calaveras,009,45235,12,12,0,12,0
2020-04-18,Colusa,011,21464,3,3,0,3,0
2020-04-18,Contra Costa,013,1133247,853,721,0,721,17
2020-04-18,Del Norte,015,27424,2,2,0,2,0
2020-04-18,El Dorado,017,186661,54,36,0,36,0
2020-04-18,Fresno,019,978130,622,319,6,325,7
2020-04-18,Glenn,021,27897,4,3,0,3,0
2020-04-18,Humboldt,023,135768,58,52,0,52,0
2020-04-18,Imperial,025,180216,307,137,0,137,2
2020-04-18,Inyo,027,18085,19,17,0,17,0
2020-04-18,Kern,029,883053,829,626,1,627,3
2020-04-18,Kings,031,150075,69,17,1,18,1
2020-04-18,Lake,033,64148,6,6,0,6,0
2020-04-18,Lassen,035,31185,3,0,2,2,0
2020-04-18,Los Angeles,037,10098052,19250,11984,14,11998,566
2020-04-18,Madera,039,155013,71,34,1,35,2
2020-04-18,Marin,041,260295,210,193,1,194,10
2020-04-18,Mariposa,043,17540,2,0,0,0,0
2020-04-18,Mendocino,045,87422,6,4,0,4,0
2020-04-18,Merced,047,269075,129,82,0,82,3
2020-04-18,Modoc,049,8938,0,0,0,0,0
2020-04-18,Mono,051,14174,29,22,0,22,1
2020-04-18,Monterey,053,433212,201,135,0,135,3
2020-04-18,Napa,055,140530,64,49,0,49,2
2020-04-18,Nevada,057,99092,39,34,1,35,1
2020-04-18,Orange,059,3164182,2448,1569,20,1589,32
2020-04-18,Placer,061,380077,152,130,0,130,8
2020-04-18,Plumas,063,18699,4,4,0,4,0
2020-04-18,Riverside,065,2383286,3653,2257,14,2271,56
2020-04-18,Sacramento,067,1510023,1002,901,0,901,32
2020-04-18,San Benito,069,59416,43,40,0,40,2
2020-04-18,San Bernardino,071,2135413,1837,1255,1,1256,58
2020-04-18,San Diego,073,3302833,3000,2215,0,2215,71
2020-04-18,San Francisco,075,870044,1418,1144,0,1144,19
2020-04-18,San Joaquin,077,732212,497,392,3,395,17
2020-04-18,San Luis Obispo,079,281455,196,129,3,132,1
2020-04-18,San Mateo,081,765935,1140,821,2,823,31
2020-04-18,Santa Barbara,083,443738,456,372,2,374,3
2020-04-18,Santa Clara,085,1922200,2274,1862,5,1867,79
2020-04-18,Santa Cruz,087,273765,124,96,0,96,2
2020-04-18,Shasta,089,179085,31,26,0,26,3
2020-04-18,Sierra,091,2930,0,0,0,0,0
2020-04-18,Siskiyou,093,43540,5,5,0,5,0
2020-04-18,Solano,095,438530,225,175,0,175,2
2020-04-18,Sonoma,097,501317,207,168,0,168,1
2020-04-18,Stanislaus,099,539301,285,216,4,220,3
2020-04-18,Sutter,101,95872,26,21,0,21,2
2020-04-18,Tehama,103,63373,1,1,0,1,1
2020-04-18,Trinity,105,12862,0,0,0,0,0
2020-04-18,Tulare,107,460477,602,385,5,390,17
2020-04-18,Tuolumne,109,53932,3,2,0,2,0
2020-04-18,Ventura,111,848112,549,416,1,417,13
2020-04-18,Yolo,113,214977,173,118,0,118,5
2020-04-18,Yuba,115,75493,16,14,0,14,1
2020-04-17,Alameda,001,1643700,1414,1043,1,1044,40
2020-04-17,Alpine,003,1148,1,1,0,1,0
2020-04-17,Amador,005,37829,7,7,0,7,0
2020-04-17,Butte,007,227075,21,15,1,16,0
2020-04-17,Calaveras,009,45235,12,11,0,11,0
2020-04-17,Colusa,011,21464,3,3,0,3,0
2020-04-17,Contra Costa,013,1133247,842,687,0,687,15
2020-04-17,Del Norte,015,27424,2,2,0,2,0
2020-04-17,El Dorado,017,186661,54,35,0,35,0
2020-04-17,Fresno,019,978130,600,315,6,321,7
2020-04-17,Glenn,021,27897,4,3,0,3,0
2020-04-17,Humboldt,023,135768,57,52,0,52,0
2020-04-17,Imperial,025,180216,298,135,0,135,2
2020-04-17,Inyo,027,18085,19,17,0,17,0
2020-04-17,Kern,029,883053,809,612,1,613,3
2020-04-17,Kings,031,150075,67,15,1,16,1
2020-04-17,Lake,033,64148,6,6,0,6,0
2020-04-17,Lassen,035,31185,3,0,2,2,0
2020-04-17,Los Angeles,037,10098052,18609,11354,14,11368,489
2020-04-17,Madera,039,155013,71,34,1,35,2
2020-04-17,Marin,041,260295,207,189,1,190,10
2020-04-17,Mariposa,043,17540,1,0,0,0,0
2020-04-17,Mendocino,045,87422,6,4,0,4,0
2020-04-17,Merced,047,269075,128,80,0,80,3
2020-04-17,Modoc,049,8938,0,0,0,0,0
2020-04-17,Mono,051,14174,29,22,0,22,1
2020-04-17,Monterey,053,433212,196,119,0,119,3
2020-04-17,Napa,055,140530,62,46,0,46,2
2020-04-17,Nevada,057,99092,38,34,1,35,1
2020-04-17,Orange,059,3164182,2397,1496,20,1516,31
2020-04-17,Placer,061,380077,152,130,0,130,8
2020-04-17,Plumas,063,18699,4,4,0,4,0
2020-04-17,Riverside,065,2383286,3526,2080,14,2094,50
2020-04-17,Sacramento,067,1510023,995,882,0,882,32
2020-04-17,San Benito,069,59416,43,38,0,38,2
2020-04-17,San Bernardino,071,2135413,1798,1229,1,1230,57
2020-04-17,San Diego,073,3302833,2910,2160,0,2160,70
2020-04-17,San Francisco,075,870044,1392,1090,0,1090,19
2020-04-17,San Joaquin,077,732212,486,356,3,359,17
2020-04-17,San Luis Obispo,079,281455,189,116,3,119,1
2020-04-17,San Mateo,081,765935,1124,768,2,770,31
2020-04-17,Santa Barbara,083,443738,451,349,2,351,3
2020-04-17,Santa Clara,085,1922200,2238,1834,5,1839,74
2020-04-17,Santa Cruz,087,273765,123,94,0,94,2
2020-04-17,Shasta,089,179085,31,26,0,26,3
2020-04-17,Sierra,091,2930,0,0,0,0,0
2020-04-17,Siskiyou,093,43540,5,5,0,5,0
2020-04-17,Solano,095,438530,224,173,0,173,2
2020-04-17,Sonoma,097,501317,204,167,0,167,1
2020-04-17,Stanislaus,099,539301,283,201,4,205,3
2020-04-17,Sutter,101,95872,26,20,0,20,2
2020-04-17,Tehama,103,63373,1,1,0,1,1
2020-04-17,Trinity,105,12862,0,0,0,0,0
2020-04-17,Tulare,107,460477,595,370,5,375,17
2020-04-17,Tuolumne,109,53932,3,2,0,2,0
2020-04-17,Ventura,111,848112,544,398,1,399,13
2020-04-17,Yolo,113,214977,172,117,0,117,5
2020-04-17,Yuba,115,75493,16,14,0,14,1
2020-04-16,Alameda,001,1643700,1379,981,1,982,39
2020-04-16,Alpine,003,1148,1,1,0,1,0
2020-04-16,Amador,005,37829,7,7,0,7,0
2020-04-16,Butte,007,227075,20,15,1,16,0
2020-04-16,Calaveras,009,45235,12,10,0,10,0
2020-04-16,Colusa,011,21464,3,3,0,3,0
2020-04-16,Contra Costa,013,1133247,828,675,0,675,14
2020-04-16,Del Norte,015,27424,2,2,0,2,0
2020-04-16,El Dorado,017,186661,53,34,0,34,0
2020-04-16,Fresno,019,978130,570,289,6,295,7
2020-04-16,Glenn,021,27897,4,3,0,3,0
2020-04-16,Humboldt,023,135768,57,47,0,47,0
2020-04-16,Imperial,025,180216,284,132,0,132,2
2020-04-16,Inyo,027,18085,17,17,0,17,0
2020-04-16,Kern,029,883053,782,587,1,588,3
2020-04-16,Kings,031,150075,63,12,1,13,1
2020-04-16,Lake,033,64148,6,6,0,6,0
2020-04-16,Lassen,035,31185,3,0,2,2,0
2020-04-16,Los Angeles,037,10098052,17723,10786,14,10800,447
2020-04-16,Madera,039,155013,69,34,1,35,2
2020-04-16,Marin,041,260295,203,170,1,171,10
2020-04-16,Mariposa,043,17540,1,1,0,1,0
2020-04-16,Mendocino,045,87422,6,4,0,4,0
2020-04-16,Merced,047,269075,122,76,0,76,3
2020-04-16,Modoc,049,8938,0,0,0,0,0
2020-04-16,Mono,051,14174,29,22,0,22,1
2020-04-16,Monterey,053,433212,193,116,0,116,3
2020-04-16,Napa,055,140530,59,44,0,44,2
2020-04-16,Nevada,057,99092,38,34,1,35,1
2020-04-16,Orange,059,3164182,2332,1439,19,1458,28
2020-04-16,Placer,061,380077,150,129,0,129,7
2020-04-16,Plumas,063,18699,4,4,0,4,0
2020-04-16,Riverside,065,2383286,3406,1913,14,1927,45
2020-04-16,Sacramento,067,1510023,987,865,0,865,32
2020-04-16,San Benito,069,59416,43,36,0,36,2
2020-04-16,San Bernardino,071,2135413,1716,1143,0,1143,54
2020-04-16,San Diego,073,3302833,2802,2089,0,2089,63
2020-04-16,San Francisco,075,870044,1348,1039,0,1039,16
2020-04-16,San Joaquin,077,732212,471,345,3,348,17
2020-04-16,San Luis Obispo,079,281455,185,113,3,116,1
2020-04-16,San Mateo,081,765935,1095,745,2,747,29
2020-04-16,Santa Barbara,083,443738,440,331,2,333,3
2020-04-16,Santa Clara,085,1922200,2201,1789,5,1794,70
2020-04-16,Santa Cruz,087,273765,121,90,0,90,2
2020-04-16,Shasta,089,179085,31,25,0,25,3
2020-04-16,Sierra,091,2930,0,0,0,0,0
2020-04-16,Siskiyou,093,43540,5,5,0,5,0
2020-04-16,Solano,095,438530,221,162,0,162,2
2020-04-16,Sonoma,097,501317,199,145,0,145,1
2020-04-16,Stanislaus,099,539301,280,185,4,189,3
2020-04-16,Sutter,101,95872,25,21,0,21,2
2020-04-16,Tehama,103,63373,1,1,0,1,1
2020-04-16,Trinity,105,12862,0,0,0,0,0
2020-04-16,Tulare,107,460477,578,305,5,310,16
2020-04-16,Tuolumne,109,53932,3,1,0,1,0
2020-04-16,Ventura,111,848112,532,384,1,385,13
2020-04-16,Yolo,113,214977,170,98,0,98,4
2020-04-16,Yuba,115,75493,15,14,0,14,1
2020-04-15,Alameda,001,1643700,1329,915,1,916,38
2020-04-15,Alpine,003,1148,1,1,0,1,0
2020-04-15,Amador,005,37829,7,7,0,7,0
2020-04-15,Butte,007,227075,20,14,1,15,0
2020-04-15,Calaveras,009,45235,11,9,0,9,0
2020-04-15,Colusa,011,21464,3,3,0,3,0
2020-04-15,Contra Costa,013,1133247,806,645,0,645,14
2020-04-15,Del Norte,015,27424,2,2,0,2,0
2020-04-15,El Dorado,017,186661,51,33,0,33,0
2020-04-15,Fresno,019,978130,544,264,6,270,7
2020-04-15,Glenn,021,27897,4,3,0,3,0
2020-04-15,Humboldt,023,135768,57,47,0,47,0
2020-04-15,Imperial,025,180216,257,115,0,115,2
2020-04-15,Inyo,027,18085,17,12,0,12,0
2020-04-15,Kern,029,883053,760,500,1,501,3
2020-04-15,Kings,031,150075,59,12,1,13,1
2020-04-15,Lake,033,64148,6,4,0,4,0
2020-04-15,Lassen,035,31185,3,0,2,2,0
2020-04-15,Los Angeles,037,10098052,16903,10416,13,10429,394
2020-04-15,Madera,039,155013,69,30,1,31,2
2020-04-15,Marin,041,260295,200,162,1,163,10
2020-04-15,Mariposa,043,17540,0,0,0,0,0
2020-04-15,Mendocino,045,87422,5,4,0,4,0
2020-04-15,Merced,047,269075,120,74,0,74,3
2020-04-15,Modoc,049,8938,0,0,0,0,0
2020-04-15,Mono,051,14174,29,22,0,22,1
2020-04-15,Monterey,053,433212,185,106,0,106,3
2020-04-15,Napa,055,140530,56,34,0,34,2
2020-04-15,Nevada,057,99092,37,34,1,35,1
2020-04-15,Orange,059,3164182,2229,1377,19,1396,24
2020-04-15,Placer,061,380077,149,123,0,123,6
2020-04-15,Plumas,063,18699,4,4,0,4,0
2020-04-15,Riverside,065,2383286,3211,1723,14,1737,42
2020-04-15,Sacramento,067,1510023,978,839,0,839,32
2020-04-15,San Benito,069,59416,43,34,0,34,2
2020-04-15,San Bernardino,071,2135413,1646,1063,0,1063,45
2020-04-15,San Diego,073,3302833,2714,2014,0,2014,60
2020-04-15,San Francisco,075,870044,1312,1006,0,1006,16
2020-04-15,San Joaquin,077,732212,463,329,3,332,17
2020-04-15,San Luis Obispo,079,281455,177,112,3,115,1
2020-04-15,San Mateo,081,765935,1046,707,2,709,28
2020-04-15,Santa Barbara,083,443738,424,317,2,319,2
2020-04-15,Santa Clara,085,1922200,2162,1692,5,1697,69
2020-04-15,Santa Cruz,087,273765,117,92,0,92,2
2020-04-15,Shasta,089,179085,31,25,0,25,3
2020-04-15,Sierra,091,2930,0,0,0,0,0
2020-04-15,Siskiyou,093,43540,5,5,0,5,0
2020-04-15,Solano,095,438530,216,153,0,153,2
2020-04-15,Sonoma,097,501317,197,140,0,140,1
2020-04-15,Stanislaus,099,539301,273,174,4,178,3
2020-04-15,Sutter,101,95872,25,19,0,19,2
2020-04-15,Tehama,103,63373,1,1,0,1,1
2020-04-15,Trinity,105,12862,0,0,0,0,0
2020-04-15,Tulare,107,460477,560,289,5,294,14
2020-04-15,Tuolumne,109,53932,3,1,0,1,0
2020-04-15,Ventura,111,848112,517,365,1,366,13
2020-04-15,Yolo,113,214977,163,93,0,93,3
2020-04-15,Yuba,115,75493,15,15,0,15,1
2020-04-14,Alameda,001,1643700,1284,843,1,844,30
2020-04-14,Alpine,003,1148,1,1,0,1,0
2020-04-14,Amador,005,37829,7,6,0,6,0
2020-04-14,Butte,007,227075,20,13,1,14,0
2020-04-14,Calaveras,009,45235,11,5,0,5,0
2020-04-14,Colusa,011,21464,3,3,0,3,0
2020-04-14,Contra Costa,013,1133247,794,617,0,617,12
2020-04-14,Del Norte,015,27424,2,2,0,2,0
2020-04-14,El Dorado,017,186661,51,30,0,30,0
2020-04-14,Fresno,019,978130,521,244,6,250,6
2020-04-14,Glenn,021,27897,4,3,0,3,0
2020-04-14,Humboldt,023,135768,57,44,0,44,0
2020-04-14,Imperial,025,180216,237,86,0,86,2
2020-04-14,Inyo,027,18085,17,12,0,12,0
2020-04-14,Kern,029,883053,736,453,1,454,3
2020-04-14,Kings,031,150075,58,12,1,13,1
2020-04-14,Lake,033,64148,6,3,0,3,0
2020-04-14,Lassen,035,31185,3,0,2,2,0
2020-04-14,Los Angeles,037,10098052,16007,9948,12,9960,357
2020-04-14,Madera,039,155013,68,29,1,30,2
2020-04-14,Marin,041,260295,196,147,1,148,9
2020-04-14,Mariposa,043,17540,0,0,0,0,0
2020-04-14,Mendocino,045,87422,5,4,0,4,0
2020-04-14,Merced,047,269075,113,61,0,61,3
2020-04-14,Modoc,049,8938,0,0,0,0,0
2020-04-14,Mono,051,14174,29,22,0,22,1
2020-04-14,Monterey,053,433212,180,98,0,98,3
2020-04-14,Napa,055,140530,56,33,0,33,2
2020-04-14,Nevada,057,99092,37,34,1,35,1
2020-04-14,Orange,059,3164182,2127,1362,19,1381,24
2020-04-14,Placer,061,380077,148,117,0,117,5
2020-04-14,Plumas,063,18699,4,3,0,3,0
2020-04-14,Riverside,065,2383286,3076,1467,14,1481,40
2020-04-14,Sacramento,067,1510023,969,737,0,737,29
2020-04-14,San Benito,069,59416,40,34,0,34,2
2020-04-14,San Bernardino,071,2135413,1591,933,0,933,37
2020-04-14,San Diego,073,3302833,2619,1932,0,1932,53
2020-04-14,San Francisco,075,870044,1258,968,0,968,14
2020-04-14,San Joaquin,077,732212,453,280,3,283,17
2020-04-14,San Luis Obispo,079,281455,174,109,3,112,1
2020-04-14,San Mateo,081,765935,1012,681,2,683,28
2020-04-14,Santa Barbara,083,443738,400,292,2,294,2
2020-04-14,Santa Clara,085,1922200,2129,1561,5,1566,63
2020-04-14,Santa Cruz,087,273765,109,84,0,84,2
2020-04-14,Shasta,089,179085,31,24,0,24,3
2020-04-14,Sierra,091,2930,0,0,0,0,0
2020-04-14,Siskiyou,093,43540,5,5,0,5,0
2020-04-14,Solano,095,438530,213,140,0,140,2
2020-04-14,Sonoma,097,501317,193,133,0,133,1
2020-04-14,Stanislaus,099,539301,260,136,4,140,3
2020-04-14,Sutter,101,95872,24,19,0,19,2
2020-04-14,Tehama,103,63373,1,1,0,1,1
2020-04-14,Trinity,105,12862,0,0,0,0,0
2020-04-14,Tulare,107,460477,536,228,5,233,12
2020-04-14,Tuolumne,109,53932,3,0,0,0,0
2020-04-14,Ventura,111,848112,504,328,1,329,11
2020-04-14,Yolo,113,214977,160,81,0,81,3
2020-04-14,Yuba,115,75493,14,14,0,14,1
2020-04-13,Alameda,001,1643700,1245,821,1,822,23
2020-04-13,Alpine,003,1148,1,1,0,1,0
2020-04-13,Amador,005,37829,7,6,0,6,0
2020-04-13,Butte,007,227075,20,13,1,14,0
2020-04-13,Calaveras,009,45235,10,5,0,5,0
2020-04-13,Colusa,011,21464,3,3,0,3,0
2020-04-13,Contra Costa,013,1133247,778,569,0,569,12
2020-04-13,Del Norte,015,27424,2,2,0,2,0
2020-04-13,El Dorado,017,186661,49,29,0,29,0
2020-04-13,Fresno,019,978130,499,205,5,210,4
2020-04-13,Glenn,021,27897,4,3,0,3,0
2020-04-13,Humboldt,023,135768,57,44,0,44,0
2020-04-13,Imperial,025,180216,219,82,0,82,2
2020-04-13,Inyo,027,18085,17,12,0,12,0
2020-04-13,Kern,029,883053,711,346,1,347,3
2020-04-13,Kings,031,150075,54,9,1,10,0
2020-04-13,Lake,033,64148,6,3,0,3,0
2020-04-13,Lassen,035,31185,3,0,2,2,0
2020-04-13,Los Angeles,037,10098052,15293,9367,12,9379,317
2020-04-13,Madera,039,155013,66,29,1,30,2
2020-04-13,Marin,041,260295,192,144,1,145,6
2020-04-13,Mariposa,043,17540,0,0,0,0,0
2020-04-13,Mendocino,045,87422,5,4,0,4,0
2020-04-13,Merced,047,269075,112,60,0,60,3
2020-04-13,Modoc,049,8938,0,0,0,0,0
2020-04-13,Mono,051,14174,29,21,0,21,1
2020-04-13,Monterey,053,433212,173,86,0,86,3
2020-04-13,Napa,055,140530,55,30,0,30,2
2020-04-13,Nevada,057,99092,37,24,1,25,1
2020-04-13,Orange,059,3164182,2054,1313,19,1332,21
2020-04-13,Placer,061,380077,147,116,0,116,5
2020-04-13,Plumas,063,18699,4,3,0,3,0
2020-04-13,Riverside,065,2383286,2935,1460,13,1473,35
2020-04-13,Sacramento,067,1510023,957,723,0,723,25
2020-04-13,San Benito,069,59416,39,33,0,33,2
2020-04-13,San Bernardino,071,2135413,1516,920,0,920,30
2020-04-13,San Diego,073,3302833,2536,1849,0,1849,47
2020-04-13,San Francisco,075,870044,1220,948,0,948,12
2020-04-13,San Joaquin,077,732212,438,255,3,258,16
2020-04-13,San Luis Obispo,079,281455,169,106,3,109,1
2020-04-13,San Mateo,081,765935,972,679,2,681,25
2020-04-13,Santa Barbara,083,443738,381,271,1,272,2
2020-04-13,Santa Clara,085,1922200,2083,1540,5,1545,58
2020-04-13,Santa Cruz,087,273765,103,82,0,82,1
2020-04-13,Shasta,089,179085,30,24,0,24,3
2020-04-13,Sierra,091,2930,0,0,0,0,0
2020-04-13,Siskiyou,093,43540,5,5,0,5,0
2020-04-13,Solano,095,438530,210,136,0,136,2
2020-04-13,Sonoma,097,501317,186,133,0,133,1
2020-04-13,Stanislaus,099,539301,254,130,4,134,1
2020-04-13,Sutter,101,95872,24,18,0,18,2
2020-04-13,Tehama,103,63373,1,1,0,1,0
2020-04-13,Trinity,105,12862,0,0,0,0,0
2020-04-13,Tulare,107,460477,500,185,5,190,11
2020-04-13,Tuolumne,109,53932,3,0,0,0,0
2020-04-13,Ventura,111,848112,483,309,0,309,9
2020-04-13,Yolo,113,214977,153,81,0,81,3
2020-04-13,Yuba,115,75493,14,13,0,13,1
2020-04-12,Alameda,001,1643700,1202,774,1,775,23
2020-04-12,Alpine,003,1148,1,1,0,1,0
2020-04-12,Amador,005,37829,7,6,0,6,0
2020-04-12,Butte,007,227075,20,13,1,14,0
2020-04-12,Calaveras,009,45235,10,5,0,5,0
2020-04-12,Colusa,011,21464,3,3,0,3,0
2020-04-12,Contra Costa,013,1133247,765,553,0,553,12
2020-04-12,Del Norte,015,27424,2,2,0,2,0
2020-04-12,El Dorado,017,186661,49,28,0,28,0
2020-04-12,Fresno,019,978130,470,205,5,210,4
2020-04-12,Glenn,021,27897,4,3,0,3,0
2020-04-12,Humboldt,023,135768,57,43,0,43,0
2020-04-12,Imperial,025,180216,196,78,0,78,2
2020-04-12,Inyo,027,18085,15,12,0,12,0
2020-04-12,Kern,029,883053,679,319,0,319,3
2020-04-12,Kings,031,150075,52,9,1,10,0
2020-04-12,Lake,033,64148,6,3,0,3,0
2020-04-12,Lassen,035,31185,3,0,2,2,0
2020-04-12,Los Angeles,037,10098052,14579,9133,12,9145,294
2020-04-12,Madera,039,155013,65,29,1,30,2
2020-04-12,Marin,041,260295,181,138,1,139,6
2020-04-12,Mariposa,043,17540,0,0,0,0,0
2020-04-12,Mendocino,045,87422,5,4,0,4,0
2020-04-12,Merced,047,269075,106,58,0,58,3
2020-04-12,Modoc,049,8938,0,0,0,0,0
2020-04-12,Mono,051,14174,29,20,0,20,1
2020-04-12,Monterey,053,433212,159,85,0,85,3
2020-04-12,Napa,055,140530,53,29,0,29,2
2020-04-12,Nevada,057,99092,37,24,1,25,1
2020-04-12,Orange,059,3164182,1994,1283,18,1301,21
2020-04-12,Placer,061,380077,146,114,0,114,4
2020-04-12,Plumas,063,18699,4,3,0,3,0
2020-04-12,Riverside,065,2383286,2753,1330,13,1343,34
2020-04-12,Sacramento,067,1510023,920,689,0,689,25
2020-04-12,San Benito,069,59416,37,33,0,33,2
2020-04-12,San Bernardino,071,2135413,1440,827,0,827,30
2020-04-12,San Diego,073,3302833,2446,1806,0,1806,45
2020-04-12,San Francisco,075,870044,1193,886,0,886,11
2020-04-12,San Joaquin,077,732212,420,246,3,249,15
2020-04-12,San Luis Obispo,079,281455,166,102,2,104,1
2020-04-12,San Mateo,081,765935,946,664,2,666,25
2020-04-12,Santa Barbara,083,443738,362,261,1,262,2
2020-04-12,Santa Clara,085,1922200,2055,1461,5,1466,53
2020-04-12,Santa Cruz,087,273765,102,80,0,80,1
2020-04-12,Shasta,089,179085,30,24,0,24,3
2020-04-12,Sierra,091,2930,0,0,0,0,0
2020-04-12,Siskiyou,093,43540,5,5,0,5,0
2020-04-12,Solano,095,438530,204,136,0,136,2
2020-04-12,Sonoma,097,501317,183,131,0,131,1
2020-04-12,Stanislaus,099,539301,246,117,4,121,1
2020-04-12,Sutter,101,95872,23,18,0,18,2
2020-04-12,Tehama,103,63373,1,1,0,1,0
2020-04-12,Trinity,105,12862,0,0,0,0,0
2020-04-12,Tulare,107,460477,488,166,5,171,11
2020-04-12,Tuolumne,109,53932,3,0,0,0,0
2020-04-12,Ventura,111,848112,473,306,0,306,9
2020-04-12,Yolo,113,214977,139,67,0,67,3
2020-04-12,Yuba,115,75493,14,13,0,13,1
2020-04-11,Alameda,001,1643700,1161,751,1,752,23
2020-04-11,Alpine,003,1148,1,1,0,1,0
2020-04-11,Amador,005,37829,7,6,0,6,0
2020-04-11,Butte,007,227075,20,13,1,14,0
2020-04-11,Calaveras,009,45235,10,5,0,5,0
2020-04-11,Colusa,011,21464,3,3,0,3,0
2020-04-11,Contra Costa,013,1133247,756,550,0,550,12
2020-04-11,Del Norte,015,27424,2,2,0,2,0
2020-04-11,El Dorado,017,186661,48,29,0,29,0
2020-04-11,Fresno,019,978130,460,201,5,206,4
2020-04-11,Glenn,021,27897,4,3,0,3,0
2020-04-11,Humboldt,023,135768,57,38,0,38,0
2020-04-11,Imperial,025,180216,186,78,0,78,2
2020-04-11,Inyo,027,18085,15,12,0,12,0
2020-04-11,Kern,029,883053,651,304,0,304,3
2020-04-11,Kings,031,150075,49,9,1,10,0
2020-04-11,Lake,033,64148,6,3,0,3,0
2020-04-11,Lassen,035,31185,3,0,2,2,0
2020-04-11,Los Angeles,037,10098052,14108,8823,12,8835,262
2020-04-11,Madera,039,155013,64,29,1,30,2
2020-04-11,Marin,041,260295,178,136,1,137,6
2020-04-11,Mariposa,043,17540,0,0,0,0,0
2020-04-11,Mendocino,045,87422,5,4,0,4,0
2020-04-11,Merced,047,269075,103,59,0,59,3
2020-04-11,Modoc,049,8938,0,0,0,0,0
2020-04-11,Mono,051,14174,29,20,0,20,1
2020-04-11,Monterey,053,433212,153,78,0,78,3
2020-04-11,Napa,055,140530,53,29,0,29,2
2020-04-11,Nevada,057,99092,37,24,1,25,1
2020-04-11,Orange,059,3164182,1932,1267,18,1285,21
2020-04-11,Placer,061,380077,146,113,0,113,4
2020-04-11,Plumas,063,18699,4,3,0,3,0
2020-04-11,Riverside,065,2383286,2674,1260,13,1273,33
2020-04-11,Sacramento,067,1510023,909,685,0,685,25
2020-04-11,San Benito,069,59416,37,33,0,33,2
2020-04-11,San Bernardino,071,2135413,1404,826,0,826,28
2020-04-11,San Diego,073,3302833,2380,1763,0,1763,45
2020-04-11,San Francisco,075,870044,1171,860,0,860,11
2020-04-11,San Joaquin,077,732212,415,244,3,247,15
2020-04-11,San Luis Obispo,079,281455,166,100,1,101,1
2020-04-11,San Mateo,081,765935,934,662,2,664,25
2020-04-11,Santa Barbara,083,443738,354,258,1,259,2
2020-04-11,Santa Clara,085,1922200,1996,1441,5,1446,51
2020-04-11,Santa Cruz,087,273765,102,79,0,79,1
2020-04-11,Shasta,089,179085,30,24,0,24,3
2020-04-11,Sierra,091,2930,0,0,0,0,0
2020-04-11,Siskiyou,093,43540,5,5,0,5,0
2020-04-11,Solano,095,438530,200,138,0,138,2
2020-04-11,Sonoma,097,501317,181,131,0,131,1
2020-04-11,Stanislaus,099,539301,238,119,3,122,1
2020-04-11,Sutter,101,95872,23,18,0,18,2
2020-04-11,Tehama,103,63373,1,1,0,1,0
2020-04-11,Trinity,105,12862,0,0,0,0,0
2020-04-11,Tulare,107,460477,466,168,5,173,10
2020-04-11,Tuolumne,109,53932,3,0,0,0,0
2020-04-11,Ventura,111,848112,463,304,0,304,9
2020-04-11,Yolo,113,214977,136,67,0,67,3
2020-04-11,Yuba,115,75493,14,13,0,13,1
2020-04-10,Alameda,001,1643700,1120,706,1,707,21
2020-04-10,Alpine,003,1148,1,1,0,1,0
2020-04-10,Amador,005,37829,7,5,0,5,0
2020-04-10,Butte,007,227075,20,13,1,14,0
2020-04-10,Calaveras,009,45235,10,5,0,5,0
2020-04-10,Colusa,011,21464,3,3,0,3,0
2020-04-10,Contra Costa,013,1133247,743,537,0,537,10
2020-04-10,Del Norte,015,27424,2,2,0,2,0
2020-04-10,El Dorado,017,186661,48,26,0,26,0
2020-04-10,Fresno,019,978130,453,186,4,190,3
2020-04-10,Glenn,021,27897,4,3,0,3,0
2020-04-10,Humboldt,023,135768,57,36,0,36,0
2020-04-10,Imperial,025,180216,179,70,0,70,2
2020-04-10,Inyo,027,18085,13,11,0,11,0
2020-04-10,Kern,029,883053,627,272,0,272,3
2020-04-10,Kings,031,150075,46,7,1,8,0
2020-04-10,Lake,033,64148,6,3,0,3,0
2020-04-10,Lassen,035,31185,3,0,2,2,0
2020-04-10,Los Angeles,037,10098052,13594,8384,11,8395,239
2020-04-10,Madera,039,155013,63,29,1,30,2
2020-04-10,Marin,041,260295,173,128,1,129,6
2020-04-10,Mariposa,043,17540,0,0,0,0,0
2020-04-10,Mendocino,045,87422,5,4,0,4,0
2020-04-10,Merced,047,269075,100,56,0,56,3
2020-04-10,Modoc,049,8938,0,0,0,0,0
2020-04-10,Mono,051,14174,29,20,0,20,1
2020-04-10,Monterey,053,433212,142,78,0,78,3
2020-04-10,Napa,055,140530,50,28,0,28,2
2020-04-10,Nevada,057,99092,37,23,1,24,1
2020-04-10,Orange,059,3164182,1885,1167,18,1185,21
2020-04-10,Placer,061,380077,145,112,0,112,4
2020-04-10,Plumas,063,18699,4,3,0,3,0
2020-04-10,Riverside,065,2383286,2608,1162,13,1175,30
2020-04-10,Sacramento,067,1510023,900,642,0,642,24
2020-04-10,San Benito,069,59416,37,32,0,32,2
2020-04-10,San Bernardino,071,2135413,1356,779,0,779,27
2020-04-10,San Diego,073,3302833,2320,1695,0,1695,44
2020-04-10,San Francisco,075,870044,1140,797,0,797,10
2020-04-10,San Joaquin,077,732212,403,234,3,237,14
2020-04-10,San Luis Obispo,079,281455,166,97,1,98,1
2020-04-10,San Mateo,081,765935,918,642,2,644,24
2020-04-10,Santa Barbara,083,443738,346,254,1,255,2
2020-04-10,Santa Clara,085,1922200,1944,1351,5,1356,50
2020-04-10,Santa Cruz,087,273765,101,75,0,75,1
2020-04-10,Shasta,089,179085,30,24,0,24,3
2020-04-10,Sierra,091,2930,0,0,0,0,0
2020-04-10,Siskiyou,093,43540,5,5,0,5,0
2020-04-10,Solano,095,438530,197,129,0,129,2
2020-04-10,Sonoma,097,501317,180,129,0,129,1
2020-04-10,Stanislaus,099,539301,231,101,3,104,0
2020-04-10,Sutter,101,95872,23,18,0,18,2
2020-04-10,Tehama,103,63373,1,1,0,1,0
2020-04-10,Trinity,105,12862,0,0,0,0,0
2020-04-10,Tulare,107,460477,424,163,5,168,10
2020-04-10,Tuolumne,109,53932,3,0,0,0,0
2020-04-10,Ventura,111,848112,454,290,0,290,9
2020-04-10,Yolo,113,214977,134,62,0,62,3
2020-04-10,Yuba,115,75493,14,13,0,13,1
2020-04-09,Alameda,001,1643700,1070,641,1,642,17
2020-04-09,Alpine,003,1148,1,1,0,1,0
2020-04-09,Amador,005,37829,7,2,0,2,0
2020-04-09,Butte,007,227075,19,12,1,13,0
2020-04-09,Calaveras,009,45235,10,5,0,5,0
2020-04-09,Colusa,011,21464,3,3,0,3,0
2020-04-09,Contra Costa,013,1133247,700,505,0,505,7
2020-04-09,Del Norte,015,27424,2,2,0,2,0
2020-04-09,El Dorado,017,186661,47,25,0,25,0
2020-04-09,Fresno,019,978130,428,165,4,169,3
2020-04-09,Glenn,021,27897,4,2,0,2,0
2020-04-09,Humboldt,023,135768,57,36,0,36,0
2020-04-09,Imperial,025,180216,158,67,0,67,2
2020-04-09,Inyo,027,18085,12,11,0,11,0
2020-04-09,Kern,029,883053,591,241,0,241,2
2020-04-09,Kings,031,150075,43,5,1,6,0
2020-04-09,Lake,033,64148,5,1,0,1,0
2020-04-09,Lassen,035,31185,3,0,2,2,0
2020-04-09,Los Angeles,037,10098052,12966,7919,11,7930,220
2020-04-09,Madera,039,155013,63,28,1,29,2
2020-04-09,Marin,041,260295,171,126,1,127,7
2020-04-09,Mariposa,043,17540,0,0,0,0,0
2020-04-09,Mendocino,045,87422,5,4,0,4,0
2020-04-09,Merced,047,269075,97,41,0,41,3
2020-04-09,Modoc,049,8938,0,0,0,0,0
2020-04-09,Mono,051,14174,29,19,0,19,1
2020-04-09,Monterey,053,433212,124,70,0,70,3
2020-04-09,Napa,055,140530,46,27,0,27,2
2020-04-09,Nevada,057,99092,36,23,1,24,1
2020-04-09,Orange,059,3164182,1811,1105,18,1123,19
2020-04-09,Placer,061,380077,144,107,0,107,4
2020-04-09,Plumas,063,18699,4,3,0,3,0
2020-04-09,Riverside,065,2383286,2465,1083,13,1096,29
2020-04-09,Sacramento,067,1510023,877,601,0,601,21
2020-04-09,San Benito,069,59416,37,32,0,32,2
2020-04-09,San Bernardino,071,2135413,1287,717,0,717,27
2020-04-09,San Diego,073,3302833,2224,1630,0,1630,40
2020-04-09,San Francisco,075,870044,1120,748,0,748,8
2020-04-09,San Joaquin,077,732212,382,223,3,226,14
2020-04-09,San Luis Obispo,079,281455,158,93,1,94,1
2020-04-09,San Mateo,081,765935,902,630,2,632,23
2020-04-09,Santa Barbara,083,443738,336,232,1,233,2
2020-04-09,Santa Clara,085,1922200,1874,1301,5,1306,49
2020-04-09,Santa Cruz,087,273765,101,73,0,73,1
2020-04-09,Shasta,089,179085,30,22,0,22,3
2020-04-09,Sierra,091,2930,0,0,0,0,0
2020-04-09,Siskiyou,093,43540,5,4,0,4,0
2020-04-09,Solano,095,438530,188,118,0,118,2
2020-04-09,Sonoma,097,501317,176,113,0,113,1
2020-04-09,Stanislaus,099,539301,219,93,3,96,0
2020-04-09,Sutter,101,95872,23,17,0,17,2
2020-04-09,Tehama,103,63373,1,1,0,1,0
2020-04-09,Trinity,105,12862,0,0,0,0,0
2020-04-09,Tulare,107,460477,395,147,5,152,9
2020-04-09,Tuolumne,109,53932,3,0,0,0,0
2020-04-09,Ventura,111,848112,435,273,0,273,9
2020-04-09,Yolo,113,214977,125,59,0,59,3
2020-04-09,Yuba,115,75493,14,13,0,13,0
2020-04-08,Alameda,001,1643700,1028,594,1,595,15
2020-04-08,Alpine,003,1148,1,1,0,1,0
2020-04-08,Amador,005,37829,7,2,0,2,0
2020-04-08,Butte,007,227075,18,11,1,12,0
2020-04-08,Calaveras,009,45235,10,5,0,5,0
2020-04-08,Colusa,011,21464,3,3,0,3,0
2020-04-08,Contra Costa,013,1133247,687,481,0,481,7
2020-04-08,Del Norte,015,27424,2,2,0,2,0
2020-04-08,El Dorado,017,186661,47,25,0,25,0
2020-04-08,Fresno,019,978130,408,151,4,155,3
2020-04-08,Glenn,021,27897,4,2,0,2,0
2020-04-08,Humboldt,023,135768,57,40,0,40,0
2020-04-08,Imperial,025,180216,147,59,0,59,2
2020-04-08,Inyo,027,18085,12,11,0,11,0
2020-04-08,Kern,029,883053,550,198,0,198,2
2020-04-08,Kings,031,150075,43,5,1,6,0
2020-04-08,Lake,033,64148,5,1,0,1,0
2020-04-08,Lassen,035,31185,3,0,2,2,0
2020-04-08,Los Angeles,037,10098052,12364,7505,11,7516,196
2020-04-08,Madera,039,155013,62,28,1,29,2
2020-04-08,Marin,041,260295,165,125,1,126,7
2020-04-08,Mariposa,043,17540,0,0,0,0,0
2020-04-08,Mendocino,045,87422,5,4,0,4,0
2020-04-08,Merced,047,269075,82,35,0,35,1
2020-04-08,Modoc,049,8938,0,0,0,0,0
2020-04-08,Mono,051,14174,29,19,0,19,1
2020-04-08,Monterey,053,433212,115,68,0,68,3
2020-04-08,Napa,055,140530,44,21,0,21,2
2020-04-08,Nevada,057,99092,36,21,1,22,1
2020-04-08,Orange,059,3164182,1748,1034,18,1052,19
2020-04-08,Placer,061,380077,144,102,0,102,4
2020-04-08,Plumas,063,18699,4,3,0,3,0
2020-04-08,Riverside,065,2383286,2308,974,13,987,28
2020-04-08,Sacramento,067,1510023,843,565,0,565,21
2020-04-08,San Benito,069,59416,37,31,0,31,2
2020-04-08,San Bernardino,071,2135413,1230,635,0,635,22
2020-04-08,San Diego,073,3302833,2150,1532,0,1532,36
2020-04-08,San Francisco,075,870044,1053,687,0,687,7
2020-04-08,San Joaquin,077,732212,365,211,3,214,12
2020-04-08,San Luis Obispo,079,281455,156,90,1,91,1
2020-04-08,San Mateo,081,765935,887,608,2,610,22
2020-04-08,Santa Barbara,083,443738,319,221,1,222,2
2020-04-08,Santa Clara,085,1922200,1829,1257,5,1262,47
2020-04-08,Santa Cruz,087,273765,100,69,0,69,1
2020-04-08,Shasta,089,179085,30,18,0,18,3
2020-04-08,Sierra,091,2930,0,0,0,0,0
2020-04-08,Siskiyou,093,43540,5,4,0,4,0
2020-04-08,Solano,095,438530,175,111,0,111,2
2020-04-08,Sonoma,097,501317,170,107,0,107,1
2020-04-08,Stanislaus,099,539301,203,86,3,89,0
2020-04-08,Sutter,101,95872,22,17,0,17,2
2020-04-08,Tehama,103,63373,1,1,0,1,0
2020-04-08,Trinity,105,12862,0,0,0,0,0
2020-04-08,Tulare,107,460477,364,145,5,150,6
2020-04-08,Tuolumne,109,53932,3,0,0,0,0
2020-04-08,Ventura,111,848112,426,263,0,263,7
2020-04-08,Yolo,113,214977,108,56,0,56,3
2020-04-08,Yuba,115,75493,14,10,0,10,0
2020-04-07,Alameda,001,1643700,993,560,1,561,14
2020-04-07,Alpine,003,1148,1,1,0,1,0
2020-04-07,Amador,005,37829,7,2,0,2,0
2020-04-07,Butte,007,227075,17,11,1,12,0
2020-04-07,Calaveras,009,45235,9,5,0,5,0
2020-04-07,Colusa,011,21464,3,2,0,2,0
2020-04-07,Contra Costa,013,1133247,667,471,0,471,7
2020-04-07,Del Norte,015,27424,2,2,0,2,0
2020-04-07,El Dorado,017,186661,46,22,0,22,0
2020-04-07,Fresno,019,978130,393,138,4,142,3
2020-04-07,Glenn,021,27897,4,2,0,2,0
2020-04-07,Humboldt,023,135768,56,40,0,40,0
2020-04-07,Imperial,025,180216,128,53,0,53,2
2020-04-07,Inyo,027,18085,12,11,0,11,0
2020-04-07,Kern,029,883053,507,134,0,134,2
2020-04-07,Kings,031,150075,40,5,1,6,0
2020-04-07,Lake,033,64148,4,1,0,1,0
2020-04-07,Lassen,035,31185,3,0,2,2,0
2020-04-07,Los Angeles,037,10098052,11715,6885,11,6896,170
2020-04-07,Madera,039,155013,60,28,0,28,2
2020-04-07,Marin,041,260295,163,122,1,123,7
2020-04-07,Mariposa,043,17540,0,0,0,0,0
2020-04-07,Mendocino,045,87422,5,4,0,4,0
2020-04-07,Merced,047,269075,67,27,0,27,1
2020-04-07,Modoc,049,8938,0,0,0,0,0
2020-04-07,Mono,051,14174,28,18,0,18,1
2020-04-07,Monterey,053,433212,107,63,0,63,2
2020-04-07,Napa,055,140530,42,18,0,18,2
2020-04-07,Nevada,057,99092,36,20,1,21,1
2020-04-07,Orange,059,3164182,1701,971,16,987,19
2020-04-07,Placer,061,380077,139,94,0,94,3
2020-04-07,Plumas,063,18699,4,3,0,3,0
2020-04-07,Riverside,065,2383286,2151,905,13,918,25
2020-04-07,Sacramento,067,1510023,813,513,0,513,18
2020-04-07,San Benito,069,59416,37,26,0,26,2
2020-04-07,San Bernardino,071,2135413,1163,554,0,554,19
2020-04-07,San Diego,073,3302833,2073,1456,0,1456,31
2020-04-07,San Francisco,075,870044,993,636,0,636,6
2020-04-07,San Joaquin,077,732212,347,198,3,201,12
2020-04-07,San Luis Obispo,079,281455,149,87,1,88,1
2020-04-07,San Mateo,081,765935,866,573,2,575,22
2020-04-07,Santa Barbara,083,443738,305,209,1,210,2
2020-04-07,Santa Clara,085,1922200,1760,1193,4,1197,46
2020-04-07,Santa Cruz,087,273765,100,67,0,67,1
2020-04-07,Shasta,089,179085,29,16,0,16,3
2020-04-07,Sierra,091,2930,0,0,0,0,0
2020-04-07,Siskiyou,093,43540,5,4,0,4,0
2020-04-07,Solano,095,438530,170,99,0,99,1
2020-04-07,Sonoma,097,501317,167,102,0,102,1
2020-04-07,Stanislaus,099,539301,186,83,3,86,0
2020-04-07,Sutter,101,95872,22,16,0,16,2
2020-04-07,Tehama,103,63373,1,1,0,1,0
2020-04-07,Trinity,105,12862,0,0,0,0,0
2020-04-07,Tulare,107,460477,335,144,5,149,5
2020-04-07,Tuolumne,109,53932,3,1,0,1,0
2020-04-07,Ventura,111,848112,409,247,0,247,6
2020-04-07,Yolo,113,214977,101,51,0,51,2
2020-04-07,Yuba,115,75493,14,10,0,10,0
2020-04-06,Alameda,001,1643700,963,527,1,528,13
2020-04-06,Alpine,003,1148,1,1,0,1,0
2020-04-06,Amador,005,37829,6,2,0,2,0
2020-04-06,Butte,007,227075,16,11,1,12,0
2020-04-06,Calaveras,009,45235,9,4,0,4,0
2020-04-06,Colusa,011,21464,3,1,0,1,0
2020-04-06,Contra Costa,013,1133247,642,447,0,447,7
2020-04-06,Del Norte,015,27424,2,2,0,2,0
2020-04-06,El Dorado,017,186661,44,23,0,23,0
2020-04-06,Fresno,019,978130,371,122,4,126,1
2020-04-06,Glenn,021,27897,4,2,0,2,0
2020-04-06,Humboldt,023,135768,55,37,0,37,0
2020-04-06,Imperial,025,180216,121,47,0,47,1
2020-04-06,Inyo,027,18085,11,11,0,11,0
2020-04-06,Kern,029,883053,470,117,0,117,2
2020-04-06,Kings,031,150075,40,3,1,4,0
2020-04-06,Lake,033,64148,4,1,0,1,0
2020-04-06,Lassen,035,31185,3,0,2,2,0
2020-04-06,Los Angeles,037,10098052,10982,6346,11,6357,145
2020-04-06,Madera,039,155013,58,29,0,29,2
2020-04-06,Marin,041,260295,160,119,1,120,7
2020-04-06,Mariposa,043,17540,0,0,0,0,0
2020-04-06,Mendocino,045,87422,5,4,0,4,0
2020-04-06,Merced,047,269075,60,25,0,25,1
2020-04-06,Modoc,049,8938,0,0,0,0,0
2020-04-06,Mono,051,14174,28,18,0,18,1
2020-04-06,Monterey,053,433212,102,62,0,62,2
2020-04-06,Napa,055,140530,42,18,0,18,2
2020-04-06,Nevada,057,99092,36,19,1,20,1
2020-04-06,Orange,059,3164182,1657,910,15,925,17
2020-04-06,Placer,061,380077,139,90,0,90,3
2020-04-06,Plumas,063,18699,4,2,0,2,0
2020-04-06,Riverside,065,2383286,2025,854,13,867,17
2020-04-06,Sacramento,067,1510023,783,448,0,448,15
2020-04-06,San Benito,069,59416,35,25,0,25,1
2020-04-06,San Bernardino,071,2135413,1104,550,0,550,13
2020-04-06,San Diego,073,3302833,1991,1406,0,1406,19
2020-04-06,San Francisco,075,870044,953,586,0,586,6
2020-04-06,San Joaquin,077,732212,332,191,3,194,10
2020-04-06,San Luis Obispo,079,281455,147,85,1,86,1
2020-04-06,San Mateo,081,765935,848,569,2,571,20
2020-04-06,Santa Barbara,083,443738,296,189,1,190,2
2020-04-06,Santa Clara,085,1922200,1707,1128,4,1132,43
2020-04-06,Santa Cruz,087,273765,98,65,0,65,1
2020-04-06,Shasta,089,179085,29,16,0,16,3
2020-04-06,Sierra,091,2930,0,0,0,0,0
2020-04-06,Siskiyou,093,43540,4,4,0,4,0
2020-04-06,Solano,095,438530,163,95,0,95,1
2020-04-06,Sonoma,097,501317,166,102,0,102,1
2020-04-06,Stanislaus,099,539301,170,72,3,75,0
2020-04-06,Sutter,101,95872,22,14,0,14,2
2020-04-06,Tehama,103,63373,1,1,0,1,0
2020-04-06,Trinity,105,12862,0,0,0,0,0
2020-04-06,Tulare,107,460477,319,126,5,131,5
2020-04-06,Tuolumne,109,53932,3,1,0,1,0
2020-04-06,Ventura,111,848112,391,234,0,234,6
2020-04-06,Yolo,113,214977,97,43,0,43,1
2020-04-06,Yuba,115,75493,14,8,0,8,0
2020-04-05,Alameda,001,1643700,921,475,1,476,12
2020-04-05,Alpine,003,1148,1,1,0,1,0
2020-04-05,Amador,005,37829,6,2,0,2,0
2020-04-05,Butte,007,227075,16,10,1,11,0
2020-04-05,Calaveras,009,45235,9,3,0,3,0
2020-04-05,Colusa,011,21464,3,1,0,1,0
2020-04-05,Contra Costa,013,1133247,625,415,0,415,6
2020-04-05,Del Norte,015,27424,2,1,0,1,0
2020-04-05,El Dorado,017,186661,42,19,0,19,0
2020-04-05,Fresno,019,978130,337,102,4,106,1
2020-04-05,Glenn,021,27897,4,2,0,2,0
2020-04-05,Humboldt,023,135768,55,29,0,29,0
2020-04-05,Imperial,025,180216,113,42,0,42,1
2020-04-05,Inyo,027,18085,11,10,0,10,0
2020-04-05,Kern,029,883053,415,109,0,109,2
2020-04-05,Kings,031,150075,39,4,1,5,0
2020-04-05,Lake,033,64148,4,0,0,0,0
2020-04-05,Lassen,035,31185,3,0,2,2,0
2020-04-05,Los Angeles,037,10098052,10412,5892,11,5903,130
2020-04-05,Madera,039,155013,57,27,0,27,2
2020-04-05,Marin,041,260295,160,113,1,114,6
2020-04-05,Mariposa,043,17540,0,0,0,0,0
2020-04-05,Mendocino,045,87422,5,4,0,4,0
2020-04-05,Merced,047,269075,53,16,0,16,0
2020-04-05,Modoc,049,8938,0,0,0,0,0
2020-04-05,Mono,051,14174,28,18,0,18,1
2020-04-05,Monterey,053,433212,95,61,0,61,2
2020-04-05,Napa,055,140530,40,15,0,15,2
2020-04-05,Nevada,057,99092,36,19,1,20,1
2020-04-05,Orange,059,3164182,1600,820,15,835,15
2020-04-05,Placer,061,380077,136,86,0,86,3
2020-04-05,Plumas,063,18699,3,2,0,2,0
2020-04-05,Riverside,065,2383286,1896,669,13,682,17
2020-04-05,Sacramento,067,1510023,752,393,0,393,11
2020-04-05,San Benito,069,59416,35,22,0,22,1
2020-04-05,San Bernardino,071,2135413,1030,375,0,375,13
2020-04-05,San Diego,073,3302833,1909,1328,0,1328,19
2020-04-05,San Francisco,075,870044,906,559,0,559,6
2020-04-05,San Joaquin,077,732212,317,179,3,182,10
2020-04-05,San Luis Obispo,079,281455,145,83,1,84,1
2020-04-05,San Mateo,081,765935,828,528,2,530,19
2020-04-05,Santa Barbara,083,443738,280,171,1,172,1
2020-04-05,Santa Clara,085,1922200,1660,1052,4,1056,42
2020-04-05,Santa Cruz,087,273765,98,59,0,59,1
2020-04-05,Shasta,089,179085,28,11,0,11,2
2020-04-05,Sierra,091,2930,0,0,0,0,0
2020-04-05,Siskiyou,093,43540,4,3,0,3,0
2020-04-05,Solano,095,438530,159,78,0,78,1
2020-04-05,Sonoma,097,501317,164,88,0,88,1
2020-04-05,Stanislaus,099,539301,156,51,3,54,0
2020-04-05,Sutter,101,95872,22,14,0,14,1
2020-04-05,Tehama,103,63373,1,1,0,1,0
2020-04-05,Trinity,105,12862,0,0,0,0,0
2020-04-05,Tulare,107,460477,282,81,5,86,4
2020-04-05,Tuolumne,109,53932,3,1,0,1,0
2020-04-05,Ventura,111,848112,377,196,0,196,6
2020-04-05,Yolo,113,214977,78,37,0,37,2
2020-04-05,Yuba,115,75493,14,7,0,7,0
2020-04-04,Alameda,001,1643700,898,468,1,469,12
2020-04-04,Alpine,003,1148,1,1,0,1,0
2020-04-04,Amador,005,37829,5,2,0,2,0
2020-04-04,Butte,007,227075,16,10,1,11,0
2020-04-04,Calaveras,009,45235,9,3,0,3,0
2020-04-04,Colusa,011,21464,3,1,0,1,0
2020-04-04,Contra Costa,013,1133247,617,382,0,382,5
2020-04-04,Del Norte,015,27424,2,1,0,1,0
2020-04-04,El Dorado,017,186661,42,19,0,19,0
2020-04-04,Fresno,019,978130,327,102,4,106,1
2020-04-04,Glenn,021,27897,4,2,0,2,0
2020-04-04,Humboldt,023,135768,55,29,0,29,0
2020-04-04,Imperial,025,180216,112,42,0,42,1
2020-04-04,Inyo,027,18085,11,10,0,10,0
2020-04-04,Kern,029,883053,385,103,0,103,2
2020-04-04,Kings,031,150075,39,3,1,4,0
2020-04-04,Lake,033,64148,4,0,0,0,0
2020-04-04,Lassen,035,31185,3,0,2,2,0
2020-04-04,Los Angeles,037,10098052,9794,5275,11,5286,117
2020-04-04,Madera,039,155013,55,27,0,27,2
2020-04-04,Marin,041,260295,158,111,0,111,6
2020-04-04,Mariposa,043,17540,0,0,0,0,0
2020-04-04,Mendocino,045,87422,5,4,0,4,0
2020-04-04,Merced,047,269075,49,11,0,11,0
2020-04-04,Modoc,049,8938,0,0,0,0,0
2020-04-04,Mono,051,14174,28,18,0,18,1
2020-04-04,Monterey,053,433212,91,61,0,61,2
2020-04-04,Napa,055,140530,40,15,0,15,2
2020-04-04,Nevada,057,99092,36,19,1,20,1
2020-04-04,Orange,059,3164182,1558,781,14,795,15
2020-04-04,Placer,061,380077,135,87,0,87,2
2020-04-04,Plumas,063,18699,3,2,0,2,0
2020-04-04,Riverside,065,2383286,1795,652,13,665,15
2020-04-04,Sacramento,067,1510023,734,393,0,393,11
2020-04-04,San Benito,069,59416,35,22,0,22,1
2020-04-04,San Bernardino,071,2135413,982,373,0,373,13
2020-04-04,San Diego,073,3302833,1861,1211,0,1211,18
2020-04-04,San Francisco,075,870044,868,537,0,537,6
2020-04-04,San Joaquin,077,732212,294,171,3,174,10
2020-04-04,San Luis Obispo,079,281455,145,82,1,83,0
2020-04-04,San Mateo,081,765935,816,520,2,522,17
2020-04-04,Santa Barbara,083,443738,271,167,1,168,1
2020-04-04,Santa Clara,085,1922200,1608,1045,4,1049,39
2020-04-04,Santa Cruz,087,273765,98,56,0,56,1
2020-04-04,Shasta,089,179085,27,11,0,11,2
2020-04-04,Sierra,091,2930,0,0,0,0,0
2020-04-04,Siskiyou,093,43540,4,3,0,3,0
2020-04-04,Solano,095,438530,154,79,0,79,1
2020-04-04,Sonoma,097,501317,161,88,0,88,1
2020-04-04,Stanislaus,099,539301,145,51,3,54,0
2020-04-04,Sutter,101,95872,22,14,0,14,1
2020-04-04,Tehama,103,63373,1,1,0,1,0
2020-04-04,Trinity,105,12862,0,0,0,0,0
2020-04-04,Tulare,107,460477,268,79,5,84,4
2020-04-04,Tuolumne,109,53932,3,1,0,1,0
2020-04-04,Ventura,111,848112,364,194,0,194,6
2020-04-04,Yolo,113,214977,76,40,0,40,2
2020-04-04,Yuba,115,75493,13,7,0,7,0
2020-04-03,Alameda,001,1643700,862,395,1,396,11
2020-04-03,Alpine,003,1148,1,1,0,1,0
2020-04-03,Amador,005,37829,5,2,0,2,0
2020-04-03,Butte,007,227075,16,8,1,9,0
2020-04-03,Calaveras,009,45235,9,3,0,3,0
2020-04-03,Colusa,011,21464,3,1,0,1,0
2020-04-03,Contra Costa,013,1133247,594,327,0,327,5
2020-04-03,Del Norte,015,27424,2,1,0,1,0
2020-04-03,El Dorado,017,186661,40,16,0,16,0
2020-04-03,Fresno,019,978130,315,98,4,102,1
2020-04-03,Glenn,021,27897,4,2,0,2,0
2020-04-03,Humboldt,023,135768,55,34,0,34,0
2020-04-03,Imperial,025,180216,103,35,0,35,0
2020-04-03,Inyo,027,18085,11,10,0,10,0
2020-04-03,Kern,029,883053,359,87,0,87,1
2020-04-03,Kings,031,150075,37,3,1,4,0
2020-04-03,Lake,033,64148,3,0,0,0,0
2020-04-03,Lassen,035,31185,3,0,2,2,0
2020-04-03,Los Angeles,037,10098052,9178,4566,11,4577,91
2020-04-03,Madera,039,155013,54,28,0,28,2
2020-04-03,Marin,041,260295,156,106,0,106,6
2020-04-03,Mariposa,043,17540,0,0,0,0,0
2020-04-03,Mendocino,045,87422,5,4,0,4,0
2020-04-03,Merced,047,269075,46,9,0,9,0
2020-04-03,Modoc,049,8938,0,0,0,0,0
2020-04-03,Mono,051,14174,28,18,0,18,1
2020-04-03,Monterey,053,433212,88,58,0,58,2
2020-04-03,Napa,055,140530,39,13,0,13,1
2020-04-03,Nevada,057,99092,36,19,1,20,1
2020-04-03,Orange,059,3164182,1519,713,14,727,13
2020-04-03,Placer,061,380077,131,76,0,76,2
2020-04-03,Plumas,063,18699,3,2,0,2,0
2020-04-03,Riverside,065,2383286,1715,540,13,553,14
2020-04-03,Sacramento,067,1510023,713,363,0,363,11
2020-04-03,San Benito,069,59416,35,22,0,22,1
2020-04-03,San Bernardino,071,2135413,937,356,0,356,11
2020-04-03,San Diego,073,3302833,1800,1114,0,1114,17
2020-04-03,San Francisco,075,870044,844,506,0,506,6
2020-04-03,San Joaquin,077,732212,282,162,3,165,10
2020-04-03,San Luis Obispo,079,281455,144,82,1,83,0
2020-04-03,San Mateo,081,765935,799,474,2,476,13
2020-04-03,Santa Barbara,083,443738,260,154,1,155,1
2020-04-03,Santa Clara,085,1922200,1572,983,4,987,39
2020-04-03,Santa Cruz,087,273765,98,52,0,52,1
2020-04-03,Shasta,089,179085,27,10,0,10,1
2020-04-03,Sierra,091,2930,0,0,0,0,0
2020-04-03,Siskiyou,093,43540,4,3,0,3,0
2020-04-03,Solano,095,438530,146,72,0,72,1
2020-04-03,Sonoma,097,501317,161,84,0,84,1
2020-04-03,Stanislaus,099,539301,139,48,3,51,0
2020-04-03,Sutter,101,95872,22,12,0,12,1
2020-04-03,Tehama,103,63373,1,1,0,1,0
2020-04-03,Trinity,105,12862,0,0,0,0,0
2020-04-03,Tulare,107,460477,254,73,5,78,3
2020-04-03,Tuolumne,109,53932,3,1,0,1,0
2020-04-03,Ventura,111,848112,354,186,0,186,6
2020-04-03,Yolo,113,214977,75,33,0,33,1
2020-04-03,Yuba,115,75493,13,6,0,6,0
2020-04-02,Alameda,001,1643700,811,345,1,346,10
2020-04-02,Alpine,003,1148,1,1,0,1,0
2020-04-02,Amador,005,37829,5,2,0,2,0
2020-04-02,Butte,007,227075,16,7,0,7,0
2020-04-02,Calaveras,009,45235,7,3,0,3,0
2020-04-02,Colusa,011,21464,3,1,0,1,0
2020-04-02,Contra Costa,013,1133247,564,297,0,297,3
2020-04-02,Del Norte,015,27424,2,0,0,0,0
2020-04-02,El Dorado,017,186661,38,16,0,16,0
2020-04-02,Fresno,019,978130,299,92,4,96,0
2020-04-02,Glenn,021,27897,3,2,0,2,0
2020-04-02,Humboldt,023,135768,51,23,0,23,0
2020-04-02,Imperial,025,180216,99,24,0,24,0
2020-04-02,Inyo,027,18085,10,8,0,8,0
2020-04-02,Kern,029,883053,332,74,0,74,0
2020-04-02,Kings,031,150075,37,3,1,4,0
2020-04-02,Lake,033,64148,3,0,0,0,0
2020-04-02,Lassen,035,31185,3,0,2,2,0
2020-04-02,Los Angeles,037,10098052,8345,4040,11,4051,79
2020-04-02,Madera,039,155013,52,25,0,25,1
2020-04-02,Marin,041,260295,150,102,0,102,1
2020-04-02,Mariposa,043,17540,0,0,0,0,0
2020-04-02,Mendocino,045,87422,5,4,0,4,0
2020-04-02,Merced,047,269075,41,9,0,9,0
2020-04-02,Modoc,049,8938,0,0,0,0,0
2020-04-02,Mono,051,14174,28,16,0,16,1
2020-04-02,Monterey,053,433212,86,50,0,50,2
2020-04-02,Napa,055,140530,39,13,0,13,0
2020-04-02,Nevada,057,99092,35,17,1,18,0
2020-04-02,Orange,059,3164182,1467,640,13,653,12
2020-04-02,Placer,061,380077,130,72,0,72,2
2020-04-02,Plumas,063,18699,3,1,0,1,0
2020-04-02,Riverside,065,2383286,1598,438,13,451,13
2020-04-02,Sacramento,067,1510023,695,322,0,322,9
2020-04-02,San Benito,069,59416,33,18,0,18,1
2020-04-02,San Bernardino,071,2135413,882,335,0,335,8
2020-04-02,San Diego,073,3302833,1733,968,0,968,16
2020-04-02,San Francisco,075,870044,817,473,0,473,6
2020-04-02,San Joaquin,077,732212,263,148,3,151,9
2020-04-02,San Luis Obispo,079,281455,139,79,1,80,0
2020-04-02,San Mateo,081,765935,778,423,2,425,13
2020-04-02,Santa Barbara,083,443738,249,125,1,126,1
2020-04-02,Santa Clara,085,1922200,1521,908,4,912,38
2020-04-02,Santa Cruz,087,273765,96,49,0,49,1
2020-04-02,Shasta,089,179085,26,7,0,7,1
2020-04-02,Sierra,091,2930,0,0,0,0,0
2020-04-02,Siskiyou,093,43540,4,3,0,3,0
2020-04-02,Solano,095,438530,136,65,0,65,0
2020-04-02,Sonoma,097,501317,157,76,0,76,1
2020-04-02,Stanislaus,099,539301,128,40,3,43,0
2020-04-02,Sutter,101,95872,21,10,0,10,1
2020-04-02,Tehama,103,63373,1,1,0,1,0
2020-04-02,Trinity,105,12862,0,0,0,0,0
2020-04-02,Tulare,107,460477,220,64,5,69,1
2020-04-02,Tuolumne,109,53932,3,1,0,1,0
2020-04-02,Ventura,111,848112,336,178,0,178,5
2020-04-02,Yolo,113,214977,73,29,0,29,1
2020-04-02,Yuba,115,75493,10,5,0,5,0
2020-04-01,Alameda,001,1643700,784,287,1,288,8
2020-04-01,Alpine,003,1148,1,1,0,1,0
2020-04-01,Amador,005,37829,5,1,0,1,0
2020-04-01,Butte,007,227075,16,6,0,6,0
2020-04-01,Calaveras,009,45235,6,3,0,3,0
2020-04-01,Colusa,011,21464,3,1,0,1,0
2020-04-01,Contra Costa,013,1133247,521,267,0,267,3
2020-04-01,Del Norte,015,27424,2,0,0,0,0
2020-04-01,El Dorado,017,186661,37,14,0,14,0
2020-04-01,Fresno,019,978130,277,75,3,78,0
2020-04-01,Glenn,021,27897,3,2,0,2,0
2020-04-01,Humboldt,023,135768,51,19,0,19,0
2020-04-01,Imperial,025,180216,93,25,0,25,0
2020-04-01,Inyo,027,18085,10,8,0,8,0
2020-04-01,Kern,029,883053,305,53,0,53,0
2020-04-01,Kings,031,150075,35,3,1,4,0
2020-04-01,Lake,033,64148,3,0,0,0,0
2020-04-01,Lassen,035,31185,3,0,2,2,0
2020-04-01,Los Angeles,037,10098052,7695,3502,11,3513,66
2020-04-01,Madera,039,155013,50,17,0,17,1
2020-04-01,Marin,041,260295,146,87,0,87,1
2020-04-01,Mariposa,043,17540,0,0,0,0,0
2020-04-01,Mendocino,045,87422,5,4,0,4,0
2020-04-01,Merced,047,269075,38,7,0,7,0
2020-04-01,Modoc,049,8938,0,0,0,0,0
2020-04-01,Mono,051,14174,28,12,0,12,1
2020-04-01,Monterey,053,433212,85,47,0,47,2
2020-04-01,Napa,055,140530,36,11,0,11,0
2020-04-01,Nevada,057,99092,35,15,1,16,0
2020-04-01,Orange,059,3164182,1415,579,13,592,11
2020-04-01,Placer,061,380077,128,52,0,52,2
2020-04-01,Plumas,063,18699,3,1,0,1,0
2020-04-01,Riverside,065,2383286,1430,306,12,318,11
2020-04-01,Sacramento,067,1510023,662,299,0,299,8
2020-04-01,San Benito,069,59416,30,14,0,14,1
2020-04-01,San Bernardino,071,2135413,833,245,0,245,5
2020-04-01,San Diego,073,3302833,1663,851,0,851,11
2020-04-01,San Francisco,075,870044,789,432,0,432,6
2020-04-01,San Joaquin,077,732212,251,132,3,135,8
2020-04-01,San Luis Obispo,079,281455,133,69,1,70,0
2020-04-01,San Mateo,081,765935,760,354,2,356,13
2020-04-01,Santa Barbara,083,443738,236,103,1,104,0
2020-04-01,Santa Clara,085,1922200,1479,805,4,809,33
2020-04-01,Santa Cruz,087,273765,91,44,0,44,1
2020-04-01,Shasta,089,179085,25,5,0,5,1
2020-04-01,Sierra,091,2930,0,0,0,0,0
2020-04-01,Siskiyou,093,43540,4,3,0,3,0
2020-04-01,Solano,095,438530,131,57,0,57,0
2020-04-01,Sonoma,097,501317,153,60,0,60,1
2020-04-01,Stanislaus,099,539301,117,29,3,32,0
2020-04-01,Sutter,101,95872,21,9,0,9,1
2020-04-01,Tehama,103,63373,1,0,0,0,0
2020-04-01,Trinity,105,12862,0,0,0,0,0
2020-04-01,Tulare,107,460477,182,43,5,48,1
2020-04-01,Tuolumne,109,53932,3,1,0,1,0
2020-04-01,Ventura,111,848112,323,154,0,154,5
2020-04-01,Yolo,113,214977,68,22,0,22,1
2020-04-01,Yuba,115,75493,9,5,0,5,0
2020-03-31,Alameda,001,1643700,716,269,1,270,7
2020-03-31,Alpine,003,1148,1,1,0,1,0
2020-03-31,Amador,005,37829,5,1,0,1,0
2020-03-31,Butte,007,227075,16,6,0,6,0
2020-03-31,Calaveras,009,45235,6,3,0,3,0
2020-03-31,Colusa,011,21464,3,1,0,1,0
2020-03-31,Contra Costa,013,1133247,496,246,0,246,3
2020-03-31,Del Norte,015,27424,1,0,0,0,0
2020-03-31,El Dorado,017,186661,33,14,0,14,0
2020-03-31,Fresno,019,978130,252,59,3,62,0
2020-03-31,Glenn,021,27897,3,2,0,2,0
2020-03-31,Humboldt,023,135768,51,18,0,18,0
2020-03-31,Imperial,025,180216,88,17,0,17,0
2020-03-31,Inyo,027,18085,10,8,0,8,0
2020-03-31,Kern,029,883053,281,47,0,47,0
2020-03-31,Kings,031,150075,33,2,1,3,0
2020-03-31,Lake,033,64148,1,0,0,0,0
2020-03-31,Lassen,035,31185,3,0,2,2,0
2020-03-31,Los Angeles,037,10098052,7030,3001,11,3012,53
2020-03-31,Madera,039,155013,49,17,0,17,1
2020-03-31,Marin,041,260295,137,85,0,85,1
2020-03-31,Mariposa,043,17540,0,0,0,0,0
2020-03-31,Mendocino,045,87422,5,4,0,4,0
2020-03-31,Merced,047,269075,33,6,0,6,0
2020-03-31,Modoc,049,8938,0,0,0,0,0
2020-03-31,Mono,051,14174,26,12,0,12,0
2020-03-31,Monterey,053,433212,83,43,0,43,2
2020-03-31,Napa,055,140530,35,9,0,9,0
2020-03-31,Nevada,057,99092,35,15,1,16,0
2020-03-31,Orange,059,3164182,1345,506,13,519,7
2020-03-31,Placer,061,380077,121,49,0,49,2
2020-03-31,Plumas,063,18699,1,0,0,0,0
2020-03-31,Riverside,065,2383286,1284,284,12,296,8
2020-03-31,Sacramento,067,1510023,610,271,0,271,8
2020-03-31,San Benito,069,59416,30,14,0,14,1
2020-03-31,San Bernardino,071,2135413,748,193,0,193,5
2020-03-31,San Diego,073,3302833,1581,736,0,736,9
2020-03-31,San Francisco,075,870044,754,404,0,404,5
2020-03-31,San Joaquin,077,732212,235,122,3,125,7
2020-03-31,San Luis Obispo,079,281455,129,67,1,68,0
2020-03-31,San Mateo,081,765935,741,297,2,299,12
2020-03-31,Santa Barbara,083,443738,221,89,1,90,0
2020-03-31,Santa Clara,085,1922200,1429,777,4,781,30
2020-03-31,Santa Cruz,087,273765,84,40,0,40,1
2020-03-31,Shasta,089,179085,22,5,0,5,1
2020-03-31,Sierra,091,2930,0,0,0,0,0
2020-03-31,Siskiyou,093,43540,4,3,0,3,0
2020-03-31,Solano,095,438530,117,56,0,56,0
2020-03-31,Sonoma,097,501317,148,58,0,58,1
2020-03-31,Stanislaus,099,539301,102,28,3,31,0
2020-03-31,Sutter,101,95872,21,8,0,8,0
2020-03-31,Tehama,103,63373,1,0,0,0,0
2020-03-31,Trinity,105,12862,0,0,0,0,0
2020-03-31,Tulare,107,460477,159,42,4,46,1
2020-03-31,Tuolumne,109,53932,3,1,0,1,0
2020-03-31,Ventura,111,848112,312,143,0,143,4
2020-03-31,Yolo,113,214977,61,21,0,21,1
2020-03-31,Yuba,115,75493,9,5,0,5,0
2020-03-30,Alameda,001,1643700,676,250,1,251,7
2020-03-30,Alpine,003,1148,1,1,0,1,0
2020-03-30,Amador,005,37829,5,1,0,1,0
2020-03-30,Butte,007,227075,14,5,0,5,0
2020-03-30,Calaveras,009,45235,6,3,0,3,0
2020-03-30,Colusa,011,21464,3,1,0,1,0
2020-03-30,Contra Costa,013,1133247,470,212,0,212,3
2020-03-30,Del Norte,015,27424,0,0,0,0,0
2020-03-30,El Dorado,017,186661,33,11,0,11,0
2020-03-30,Fresno,019,978130,227,46,3,49,0
2020-03-30,Glenn,021,27897,3,2,0,2,0
2020-03-30,Humboldt,023,135768,49,11,0,11,0
2020-03-30,Imperial,025,180216,85,9,0,9,0
2020-03-30,Inyo,027,18085,10,5,0,5,0
2020-03-30,Kern,029,883053,248,30,0,30,0
2020-03-30,Kings,031,150075,33,1,1,2,0
2020-03-30,Lake,033,64148,1,0,0,0,0
2020-03-30,Lassen,035,31185,3,0,1,1,0
2020-03-30,Los Angeles,037,10098052,6374,2467,11,2478,44
2020-03-30,Madera,039,155013,48,14,0,14,1
2020-03-30,Marin,041,260295,130,78,0,78,0
2020-03-30,Mariposa,043,17540,0,0,0,0,0
2020-03-30,Mendocino,045,87422,5,2,0,2,0
2020-03-30,Merced,047,269075,29,6,0,6,0
2020-03-30,Modoc,049,8938,0,0,0,0,0
2020-03-30,Mono,051,14174,26,11,0,11,0
2020-03-30,Monterey,053,433212,78,41,0,41,1
2020-03-30,Napa,055,140530,34,9,0,9,0
2020-03-30,Nevada,057,99092,34,14,1,15,0
2020-03-30,Orange,059,3164182,1279,418,13,431,5
2020-03-30,Placer,061,380077,118,44,0,44,2
2020-03-30,Plumas,063,18699,1,0,0,0,0
2020-03-30,Riverside,065,2383286,1203,204,12,216,7
2020-03-30,Sacramento,067,1510023,586,238,0,238,8
2020-03-30,San Benito,069,59416,30,11,0,11,1
2020-03-30,San Bernardino,071,2135413,704,145,0,145,4
2020-03-30,San Diego,073,3302833,1511,605,0,605,7
2020-03-30,San Francisco,075,870044,714,368,0,368,5
2020-03-30,San Joaquin,077,732212,228,112,3,115,5
2020-03-30,San Luis Obispo,079,281455,126,62,1,63,0
2020-03-30,San Mateo,081,765935,717,257,2,259,11
2020-03-30,Santa Barbara,083,443738,212,79,1,80,0
2020-03-30,Santa Clara,085,1922200,1398,745,3,748,31
2020-03-30,Santa Cruz,087,273765,81,36,0,36,1
2020-03-30,Shasta,089,179085,21,4,0,4,1
2020-03-30,Sierra,091,2930,0,0,0,0,0
2020-03-30,Siskiyou,093,43540,4,2,0,2,0
2020-03-30,Solano,095,438530,111,50,0,50,0
2020-03-30,Sonoma,097,501317,145,57,0,57,1
2020-03-30,Stanislaus,099,539301,95,28,3,31,0
2020-03-30,Sutter,101,95872,20,6,0,6,0
2020-03-30,Tehama,103,63373,1,0,0,0,0
2020-03-30,Trinity,105,12862,0,0,0,0,0
2020-03-30,Tulare,107,460477,147,40,3,43,1
2020-03-30,Tuolumne,109,53932,3,1,0,1,0
2020-03-30,Ventura,111,848112,301,118,0,118,2
2020-03-30,Yolo,113,214977,58,17,0,17,1
2020-03-30,Yuba,115,75493,8,5,0,5,0
2020-03-29,Alameda,001,1643700,642,207,1,208,6
2020-03-29,Alpine,003,1148,1,0,0,0,0
2020-03-29,Amador,005,37829,5,1,0,1,0
2020-03-29,Butte,007,227075,14,4,0,4,0
2020-03-29,Calaveras,009,45235,6,2,0,2,0
2020-03-29,Colusa,011,21464,3,1,0,1,0
2020-03-29,Contra Costa,013,1133247,440,187,0,187,3
2020-03-29,Del Norte,015,27424,0,0,0,0,0
2020-03-29,El Dorado,017,186661,32,9,0,9,0
2020-03-29,Fresno,019,978130,203,31,3,34,0
2020-03-29,Glenn,021,27897,2,1,0,1,0
2020-03-29,Humboldt,023,135768,46,9,0,9,0
2020-03-29,Imperial,025,180216,79,9,0,9,0
2020-03-29,Inyo,027,18085,9,0,0,0,0
2020-03-29,Kern,029,883053,230,20,0,20,0
2020-03-29,Kings,031,150075,30,1,1,2,0
2020-03-29,Lake,033,64148,0,0,0,0,0
2020-03-29,Lassen,035,31185,3,0,1,1,0
2020-03-29,Los Angeles,037,10098052,5729,2119,11,2130,37
2020-03-29,Madera,039,155013,43,11,0,11,1
2020-03-29,Marin,041,260295,125,60,0,60,0
2020-03-29,Mariposa,043,17540,0,0,0,0,0
2020-03-29,Mendocino,045,87422,5,2,0,2,0
2020-03-29,Merced,047,269075,28,4,0,4,0
2020-03-29,Modoc,049,8938,0,0,0,0,0
2020-03-29,Mono,051,14174,26,8,0,8,0
2020-03-29,Monterey,053,433212,73,36,0,36,1
2020-03-29,Napa,055,140530,32,5,0,5,0
2020-03-29,Nevada,057,99092,32,13,1,14,0
2020-03-29,Orange,059,3164182,1206,343,13,356,2
2020-03-29,Placer,061,380077,117,35,0,35,2
2020-03-29,Plumas,063,18699,1,0,0,0,0
2020-03-29,Riverside,065,2383286,1079,122,12,134,7
2020-03-29,Sacramento,067,1510023,546,217,0,217,7
2020-03-29,San Benito,069,59416,29,10,0,10,1
2020-03-29,San Bernardino,071,2135413,652,94,0,94,2
2020-03-29,San Diego,073,3302833,1439,521,0,521,7
2020-03-29,San Francisco,075,870044,670,333,0,333,5
2020-03-29,San Joaquin,077,732212,219,86,3,89,4
2020-03-29,San Luis Obispo,079,281455,119,55,0,55,0
2020-03-29,San Mateo,081,765935,692,234,2,236,12
2020-03-29,Santa Barbara,083,443738,204,52,1,53,0
2020-03-29,Santa Clara,085,1922200,1341,591,3,594,30
2020-03-29,Santa Cruz,087,273765,81,33,0,33,1
2020-03-29,Shasta,089,179085,20,4,0,4,1
2020-03-29,Sierra,091,2930,0,0,0,0,0
2020-03-29,Siskiyou,093,43540,4,2,0,2,0
2020-03-29,Solano,095,438530,103,48,0,48,0
2020-03-29,Sonoma,097,501317,143,35,0,35,1
2020-03-29,Stanislaus,099,539301,90,19,3,22,0
2020-03-29,Sutter,101,95872,17,6,0,6,0
2020-03-29,Tehama,103,63373,1,0,0,0,0
2020-03-29,Trinity,105,12862,0,0,0,0,0
2020-03-29,Tulare,107,460477,122,24,3,27,1
2020-03-29,Tuolumne,109,53932,2,1,0,1,0
2020-03-29,Ventura,111,848112,274,92,0,92,2
2020-03-29,Yolo,113,214977,53,13,0,13,1
2020-03-29,Yuba,115,75493,8,3,0,3,0
2020-03-28,Alameda,001,1643700,615,410,1,411,12
2020-03-28,Alpine,003,1148,1,0,0,0,0
2020-03-28,Amador,005,37829,5,2,0,2,0
2020-03-28,Butte,007,227075,14,8,0,8,0
2020-03-28,Calaveras,009,45235,6,4,0,4,0
2020-03-28,Colusa,011,21464,3,2,0,2,0
2020-03-28,Contra Costa,013,1133247,417,350,0,350,4
2020-03-28,Del Norte,015,27424,0,0,0,0,0
2020-03-28,El Dorado,017,186661,31,18,0,18,0
2020-03-28,Fresno,019,978130,193,62,3,65,0
2020-03-28,Glenn,021,27897,2,2,0,2,0
2020-03-28,Humboldt,023,135768,46,18,0,18,0
2020-03-28,Imperial,025,180216,74,18,0,18,0
2020-03-28,Inyo,027,18085,9,0,0,0,0
2020-03-28,Kern,029,883053,213,40,0,40,0
2020-03-28,Kings,031,150075,29,2,1,3,0
2020-03-28,Lake,033,64148,0,0,0,0,0
2020-03-28,Lassen,035,31185,3,0,1,1,0
2020-03-28,Los Angeles,037,10098052,5344,3600,10,3610,64
2020-03-28,Madera,039,155013,43,22,0,22,2
2020-03-28,Marin,041,260295,120,116,0,116,0
2020-03-28,Mariposa,043,17540,0,0,0,0,0
2020-03-28,Mendocino,045,87422,5,4,0,4,0
2020-03-28,Merced,047,269075,27,8,0,8,0
2020-03-28,Modoc,049,8938,0,0,0,0,0
2020-03-28,Mono,051,14174,24,12,0,12,0
2020-03-28,Monterey,053,433212,72,64,0,64,2
2020-03-28,Napa,055,140530,27,10,0,10,0
2020-03-28,Nevada,057,99092,32,22,1,23,0
2020-03-28,Orange,059,3164182,1170,656,13,669,4
2020-03-28,Placer,061,380077,112,70,0,70,2
2020-03-28,Plumas,063,18699,1,0,0,0,0
2020-03-28,Riverside,065,2383286,1011,242,12,254,14
2020-03-28,Sacramento,067,1510023,528,406,0,406,14
2020-03-28,San Benito,069,59416,29,20,0,20,2
2020-03-28,San Bernardino,071,2135413,604,162,0,162,4
2020-03-28,San Diego,073,3302833,1380,980,0,980,14
2020-03-28,San Francisco,075,870044,646,600,0,600,6
2020-03-28,San Joaquin,077,732212,212,166,3,169,8
2020-03-28,San Luis Obispo,079,281455,117,104,0,104,0
2020-03-28,San Mateo,081,765935,672,462,2,464,17
2020-03-28,Santa Barbara,083,443738,194,98,1,99,0
2020-03-28,Santa Clara,085,1922200,1322,1174,3,1177,54
2020-03-28,Santa Cruz,087,273765,80,62,0,62,0
2020-03-28,Shasta,089,179085,20,8,0,8,2
2020-03-28,Sierra,091,2930,0,0,0,0,0
2020-03-28,Siskiyou,093,43540,4,4,0,4,0
2020-03-28,Solano,095,438530,99,96,0,96,0
2020-03-28,Sonoma,097,501317,141,70,0,70,2
2020-03-28,Stanislaus,099,539301,85,34,3,37,0
2020-03-28,Sutter,101,95872,17,6,0,6,0
2020-03-28,Tehama,103,63373,1,0,0,0,0
2020-03-28,Trinity,105,12862,0,0,0,0,0
2020-03-28,Tulare,107,460477,114,46,3,49,0
2020-03-28,Tuolumne,109,53932,2,2,0,2,0
2020-03-28,Ventura,111,848112,270,178,0,178,4
2020-03-28,Yolo,113,214977,52,26,0,26,2
2020-03-28,Yuba,115,75493,8,6,0,6,0
2020-03-27,Alameda,001,1643700,596,185,1,186,4
2020-03-27,Alpine,003,1148,1,0,0,0,0
2020-03-27,Amador,005,37829,4,1,0,1,0
2020-03-27,Butte,007,227075,12,4,0,4,0
2020-03-27,Calaveras,009,45235,6,2,0,2,0
2020-03-27,Colusa,011,21464,3,0,0,0,0
2020-03-27,Contra Costa,013,1133247,396,161,0,161,2
2020-03-27,Del Norte,015,27424,0,0,0,0,0
2020-03-27,El Dorado,017,186661,29,9,0,9,0
2020-03-27,Fresno,019,978130,181,29,2,31,0
2020-03-27,Glenn,021,27897,2,0,0,0,0
2020-03-27,Humboldt,023,135768,42,9,0,9,0
2020-03-27,Imperial,025,180216,69,9,0,9,0
2020-03-27,Inyo,027,18085,9,0,0,0,0
2020-03-27,Kern,029,883053,200,20,0,20,0
2020-03-27,Kings,031,150075,28,0,1,1,0
2020-03-27,Lake,033,64148,0,0,0,0,0
2020-03-27,Lassen,035,31185,3,0,1,1,0
2020-03-27,Los Angeles,037,10098052,4934,1474,10,1484,26
2020-03-27,Madera,039,155013,41,10,0,10,1
2020-03-27,Marin,041,260295,115,58,0,58,0
2020-03-27,Mariposa,043,17540,0,0,0,0,0
2020-03-27,Mendocino,045,87422,5,2,0,2,0
2020-03-27,Merced,047,269075,26,3,0,3,0
2020-03-27,Modoc,049,8938,0,0,0,0,0
2020-03-27,Mono,051,14174,24,6,0,6,0
2020-03-27,Monterey,053,433212,69,26,0,26,1
2020-03-27,Napa,055,140530,27,5,0,5,0
2020-03-27,Nevada,057,99092,32,6,1,7,0
2020-03-27,Orange,059,3164182,1120,299,13,312,2
2020-03-27,Placer,061,380077,109,33,0,33,1
2020-03-27,Plumas,063,18699,0,0,0,0,0
2020-03-27,Riverside,065,2383286,955,121,12,133,7
2020-03-27,Sacramento,067,1510023,505,163,0,163,6
2020-03-27,San Benito,069,59416,28,9,0,9,1
2020-03-27,San Bernardino,071,2135413,514,77,0,77,2
2020-03-27,San Diego,073,3302833,1323,419,0,419,5
2020-03-27,San Francisco,075,870044,621,285,0,285,2
2020-03-27,San Joaquin,077,732212,201,73,3,76,3
2020-03-27,San Luis Obispo,079,281455,115,46,0,46,0
2020-03-27,San Mateo,081,765935,646,213,2,215,7
2020-03-27,Santa Barbara,083,443738,180,37,1,38,0
2020-03-27,Santa Clara,085,1922200,1284,557,3,560,25
2020-03-27,Santa Cruz,087,273765,79,31,0,31,0
2020-03-27,Shasta,089,179085,17,3,0,3,1
2020-03-27,Sierra,091,2930,0,0,0,0,0
2020-03-27,Siskiyou,093,43540,4,2,0,2,0
2020-03-27,Solano,095,438530,93,48,0,48,0
2020-03-27,Sonoma,097,501317,133,35,0,35,1
2020-03-27,Stanislaus,099,539301,83,16,3,19,0
2020-03-27,Sutter,101,95872,16,2,0,2,0
2020-03-27,Tehama,103,63373,1,0,0,0,0
2020-03-27,Trinity,105,12862,0,0,0,0,0
2020-03-27,Tulare,107,460477,106,15,3,18,0
2020-03-27,Tuolumne,109,53932,2,1,0,1,0
2020-03-27,Ventura,111,848112,261,80,0,80,2
2020-03-27,Yolo,113,214977,51,13,0,13,1
2020-03-27,Yuba,115,75493,7,3,0,3,0
2020-03-26,Alameda,001,1643700,556,172,1,173,4
2020-03-26,Alpine,003,1148,1,0,0,0,0
2020-03-26,Amador,005,37829,4,1,0,1,0
2020-03-26,Butte,007,227075,12,4,0,4,0
2020-03-26,Calaveras,009,45235,6,2,0,2,0
2020-03-26,Colusa,011,21464,3,0,0,0,0
2020-03-26,Contra Costa,013,1133247,386,147,0,147,2
2020-03-26,Del Norte,015,27424,0,0,0,0,0
2020-03-26,El Dorado,017,186661,27,7,0,7,0
2020-03-26,Fresno,019,978130,172,25,2,27,0
2020-03-26,Glenn,021,27897,2,0,0,0,0
2020-03-26,Humboldt,023,135768,38,8,0,8,0
2020-03-26,Imperial,025,180216,65,8,0,8,0
2020-03-26,Inyo,027,18085,8,0,0,0,0
2020-03-26,Kern,029,883053,184,20,0,20,0
2020-03-26,Kings,031,150075,28,0,1,1,0
2020-03-26,Lake,033,64148,0,0,0,0,0
2020-03-26,Lassen,035,31185,3,0,1,1,0
2020-03-26,Los Angeles,037,10098052,4530,1075,10,1085,19
2020-03-26,Madera,039,155013,39,8,0,8,0
2020-03-26,Marin,041,260295,106,56,0,56,0
2020-03-26,Mariposa,043,17540,0,0,0,0,0
2020-03-26,Mendocino,045,87422,4,1,0,1,0
2020-03-26,Merced,047,269075,23,1,0,1,0
2020-03-26,Modoc,049,8938,0,0,0,0,0
2020-03-26,Mono,051,14174,23,5,0,5,0
2020-03-26,Monterey,053,433212,66,25,0,25,1
2020-03-26,Napa,055,140530,26,5,0,5,0
2020-03-26,Nevada,057,99092,32,7,1,8,0
2020-03-26,Orange,059,3164182,1058,279,11,290,1
2020-03-26,Placer,061,380077,106,34,0,34,1
2020-03-26,Plumas,063,18699,0,0,0,0,0
2020-03-26,Riverside,065,2383286,884,118,12,130,7
2020-03-26,Sacramento,067,1510023,472,147,0,147,5
2020-03-26,San Benito,069,59416,28,8,0,8,1
2020-03-26,San Bernardino,071,2135413,448,57,0,57,1
2020-03-26,San Diego,073,3302833,1256,299,0,299,2
2020-03-26,San Francisco,075,870044,594,261,0,261,1
2020-03-26,San Joaquin,077,732212,190,69,3,72,3
2020-03-26,San Luis Obispo,079,281455,110,38,0,38,0
2020-03-26,San Mateo,081,765935,612,122,2,124,5
2020-03-26,Santa Barbara,083,443738,167,33,1,34,0
2020-03-26,Santa Clara,085,1922200,1239,487,2,489,20
2020-03-26,Santa Cruz,087,273765,75,30,0,30,0
2020-03-26,Shasta,089,179085,17,3,0,3,1
2020-03-26,Sierra,091,2930,0,0,0,0,0
2020-03-26,Siskiyou,093,43540,4,2,0,2,0
2020-03-26,Solano,095,438530,85,41,0,41,0
2020-03-26,Sonoma,097,501317,128,33,0,33,1
2020-03-26,Stanislaus,099,539301,81,15,3,18,0
2020-03-26,Sutter,101,95872,12,2,0,2,0
2020-03-26,Tehama,103,63373,1,0,0,0,0
2020-03-26,Trinity,105,12862,0,0,0,0,0
2020-03-26,Tulare,107,460477,97,15,3,18,0
2020-03-26,Tuolumne,109,53932,2,0,0,0,0
2020-03-26,Ventura,111,848112,245,70,0,70,1
2020-03-26,Yolo,113,214977,47,13,0,13,1
2020-03-26,Yuba,115,75493,7,3,0,3,0
2020-03-25,Alameda,001,1643700,535,134,1,135,3
2020-03-25,Alpine,003,1148,1,0,0,0,0
2020-03-25,Amador,005,37829,4,1,0,1,0
2020-03-25,Butte,007,227075,12,4,0,4,0
2020-03-25,Calaveras,009,45235,6,2,0,2,0
2020-03-25,Colusa,011,21464,2,0,0,0,0
2020-03-25,Contra Costa,013,1133247,372,131,0,131,1
2020-03-25,Del Norte,015,27424,0,0,0,0,0
2020-03-25,El Dorado,017,186661,27,5,0,5,0
2020-03-25,Fresno,019,978130,152,21,2,23,0
2020-03-25,Glenn,021,27897,2,0,0,0,0
2020-03-25,Humboldt,023,135768,35,3,0,3,0
2020-03-25,Imperial,025,180216,57,8,0,8,0
2020-03-25,Inyo,027,18085,5,0,0,0,0
2020-03-25,Kern,029,883053,164,13,0,13,0
2020-03-25,Kings,031,150075,26,0,1,1,0
2020-03-25,Lake,033,64148,0,0,0,0,0
2020-03-25,Lassen,035,31185,3,0,1,1,0
2020-03-25,Los Angeles,037,10098052,4135,725,10,735,10
2020-03-25,Madera,039,155013,37,6,0,6,0
2020-03-25,Marin,041,260295,100,47,0,47,0
2020-03-25,Mariposa,043,17540,0,0,0,0,0
2020-03-25,Mendocino,045,87422,3,1,0,1,0
2020-03-25,Merced,047,269075,19,0,0,0,0
2020-03-25,Modoc,049,8938,0,0,0,0,0
2020-03-25,Mono,051,14174,22,4,0,4,0
2020-03-25,Monterey,053,433212,63,23,0,23,1
2020-03-25,Napa,055,140530,26,5,0,5,0
2020-03-25,Nevada,057,99092,31,5,1,6,0
2020-03-25,Orange,059,3164182,1000,214,9,223,1
2020-03-25,Placer,061,380077,100,30,0,30,1
2020-03-25,Plumas,063,18699,0,1,0,1,0
2020-03-25,Riverside,065,2383286,813,87,12,99,5
2020-03-25,Sacramento,067,1510023,446,114,0,114,5
2020-03-25,San Benito,069,59416,27,4,0,4,1
2020-03-25,San Bernardino,071,2135413,409,46,0,46,1
2020-03-25,San Diego,073,3302833,1194,238,0,238,2
2020-03-25,San Francisco,075,870044,553,212,0,212,1
2020-03-25,San Joaquin,077,732212,177,64,3,67,2
2020-03-25,San Luis Obispo,079,281455,105,35,0,35,0
2020-03-25,San Mateo,081,765935,577,111,2,113,5
2020-03-25,Santa Barbara,083,443738,157,25,1,26,0
2020-03-25,Santa Clara,085,1922200,1195,452,2,454,20
2020-03-25,Santa Cruz,087,273765,72,26,0,26,0
2020-03-25,Shasta,089,179085,16,3,0,3,1
2020-03-25,Sierra,091,2930,0,0,0,0,0
2020-03-25,Siskiyou,093,43540,4,2,0,2,0
2020-03-25,Solano,095,438530,80,39,0,39,0
2020-03-25,Sonoma,097,501317,123,31,0,31,1
2020-03-25,Stanislaus,099,539301,74,14,3,17,0
2020-03-25,Sutter,101,95872,9,1,0,1,0
2020-03-25,Tehama,103,63373,1,0,0,0,0
2020-03-25,Trinity,105,12862,0,0,0,0,0
2020-03-25,Tulare,107,460477,87,11,3,14,0
2020-03-25,Tuolumne,109,53932,2,0,0,0,0
2020-03-25,Ventura,111,848112,229,53,0,53,1
2020-03-25,Yolo,113,214977,45,9,0,9,1
2020-03-25,Yuba,115,75493,7,2,0,2,0
2020-03-24,Alameda,001,1643700,502,96,1,97,2
2020-03-24,Alpine,003,1148,1,0,0,0,0
2020-03-24,Amador,005,37829,2,1,0,1,0
2020-03-24,Butte,007,227075,11,3,0,3,0
2020-03-24,Calaveras,009,45235,5,2,0,2,0
2020-03-24,Colusa,011,21464,2,0,0,0,0
2020-03-24,Contra Costa,013,1133247,358,108,0,108,1
2020-03-24,Del Norte,015,27424,0,0,0,0,0
2020-03-24,El Dorado,017,186661,27,3,0,3,0
2020-03-24,Fresno,019,978130,133,18,2,20,0
2020-03-24,Glenn,021,27897,2,0,0,0,0
2020-03-24,Humboldt,023,135768,33,2,0,2,0
2020-03-24,Imperial,025,180216,54,3,0,3,0
2020-03-24,Inyo,027,18085,5,0,0,0,0
2020-03-24,Kern,029,883053,144,5,0,5,0
2020-03-24,Kings,031,150075,25,0,1,1,0
2020-03-24,Lake,033,64148,0,0,0,0,0
2020-03-24,Lassen,035,31185,3,0,1,1,0
2020-03-24,Los Angeles,037,10098052,3683,633,10,643,7
2020-03-24,Madera,039,155013,36,6,0,6,0
2020-03-24,Marin,041,260295,89,44,0,44,0
2020-03-24,Mariposa,043,17540,0,0,0,0,0
2020-03-24,Mendocino,045,87422,3,1,0,1,0
2020-03-24,Merced,047,269075,17,0,0,0,0
2020-03-24,Modoc,049,8938,0,0,0,0,0
2020-03-24,Mono,051,14174,21,1,0,1,0
2020-03-24,Monterey,053,433212,59,23,0,23,1
2020-03-24,Napa,055,140530,23,2,0,2,0
2020-03-24,Nevada,057,99092,30,4,1,5,0
2020-03-24,Orange,059,3164182,938,166,9,175,0
2020-03-24,Placer,061,380077,93,22,0,22,1
2020-03-24,Plumas,063,18699,0,1,0,1,0
2020-03-24,Riverside,065,2383286,746,56,12,68,5
2020-03-24,Sacramento,067,1510023,426,93,0,93,4
2020-03-24,San Benito,069,59416,26,4,0,4,1
2020-03-24,San Bernardino,071,2135413,365,27,0,27,0
2020-03-24,San Diego,073,3302833,1127,231,0,231,2
2020-03-24,San Francisco,075,870044,521,181,0,181,1
2020-03-24,San Joaquin,077,732212,166,52,3,55,2
2020-03-24,San Luis Obispo,079,281455,102,32,0,32,0
2020-03-24,San Mateo,081,765935,536,100,2,102,2
2020-03-24,Santa Barbara,083,443738,151,20,1,21,0
2020-03-24,Santa Clara,085,1922200,1126,389,2,391,17
2020-03-24,Santa Cruz,087,273765,67,22,0,22,0
2020-03-24,Shasta,089,179085,15,3,0,3,0
2020-03-24,Sierra,091,2930,0,0,0,0,0
2020-03-24,Siskiyou,093,43540,4,2,0,2,0
2020-03-24,Solano,095,438530,78,34,0,34,0
2020-03-24,Sonoma,097,501317,116,27,0,27,1
2020-03-24,Stanislaus,099,539301,65,13,3,16,0
2020-03-24,Sutter,101,95872,9,0,0,0,0
2020-03-24,Tehama,103,63373,1,0,0,0,0
2020-03-24,Trinity,105,12862,0,0,0,0,0
2020-03-24,Tulare,107,460477,77,10,3,13,0
2020-03-24,Tuolumne,109,53932,2,0,0,0,0
2020-03-24,Ventura,111,848112,213,44,0,44,1
2020-03-24,Yolo,113,214977,41,8,0,8,0
2020-03-24,Yuba,115,75493,7,2,0,2,0
2020-03-23,Alameda,001,1643700,471,88,1,89,1
2020-03-23,Alpine,003,1148,1,0,0,0,0
2020-03-23,Amador,005,37829,2,1,0,1,0
2020-03-23,Butte,007,227075,11,2,0,2,0
2020-03-23,Calaveras,009,45235,5,2,0,2,0
2020-03-23,Colusa,011,21464,1,0,0,0,0
2020-03-23,Contra Costa,013,1133247,338,91,0,91,2
2020-03-23,Del Norte,015,27424,0,0,0,0,0
2020-03-23,El Dorado,017,186661,26,3,0,3,0
2020-03-23,Fresno,019,978130,123,10,2,12,0
2020-03-23,Glenn,021,27897,2,0,0,0,0
2020-03-23,Humboldt,023,135768,31,2,0,2,0
2020-03-23,Imperial,025,180216,50,2,0,2,0
2020-03-23,Inyo,027,18085,3,0,0,0,0
2020-03-23,Kern,029,883053,130,5,0,5,0
2020-03-23,Kings,031,150075,25,0,1,1,0
2020-03-23,Lake,033,64148,0,0,0,0,0
2020-03-23,Lassen,035,31185,3,0,1,1,0
2020-03-23,Los Angeles,037,10098052,3378,389,10,399,4
2020-03-23,Madera,039,155013,36,4,0,4,0
2020-03-23,Marin,041,260295,84,30,0,30,0
2020-03-23,Mariposa,043,17540,0,0,0,0,0
2020-03-23,Mendocino,045,87422,3,1,0,1,0
2020-03-23,Merced,047,269075,11,0,0,0,0
2020-03-23,Modoc,049,8938,0,0,0,0,0
2020-03-23,Mono,051,14174,19,1,0,1,0
2020-03-23,Monterey,053,433212,54,14,0,14,1
2020-03-23,Napa,055,140530,21,1,0,1,0
2020-03-23,Nevada,057,99092,27,2,1,3,0
2020-03-23,Orange,059,3164182,883,138,7,145,0
2020-03-23,Placer,061,380077,90,19,0,19,1
2020-03-23,Plumas,063,18699,0,0,0,0,0
2020-03-23,Riverside,065,2383286,703,39,12,51,5
2020-03-23,Sacramento,067,1510023,393,87,0,87,4
2020-03-23,San Benito,069,59416,25,4,0,4,1
2020-03-23,San Bernardino,071,2135413,335,17,0,17,0
2020-03-23,San Diego,073,3302833,1068,178,0,178,1
2020-03-23,San Francisco,075,870044,492,152,0,152,0
2020-03-23,San Joaquin,077,732212,154,37,3,40,2
2020-03-23,San Luis Obispo,079,281455,96,23,0,23,0
2020-03-23,San Mateo,081,765935,497,88,2,90,1
2020-03-23,Santa Barbara,083,443738,133,18,1,19,0
2020-03-23,Santa Clara,085,1922200,1077,336,2,338,13
2020-03-23,Santa Cruz,087,273765,65,21,0,21,0
2020-03-23,Shasta,089,179085,13,2,0,2,0
2020-03-23,Sierra,091,2930,0,0,0,0,0
2020-03-23,Siskiyou,093,43540,4,2,0,2,0
2020-03-23,Solano,095,438530,74,33,0,33,0
2020-03-23,Sonoma,097,501317,104,19,0,19,1
2020-03-23,Stanislaus,099,539301,57,10,3,13,0
2020-03-23,Sutter,101,95872,9,0,0,0,0
2020-03-23,Tehama,103,63373,1,0,0,0,0
2020-03-23,Trinity,105,12862,0,0,0,0,0
2020-03-23,Tulare,107,460477,68,9,3,12,0
2020-03-23,Tuolumne,109,53932,2,0,0,0,0
2020-03-23,Ventura,111,848112,196,30,0,30,0
2020-03-23,Yolo,113,214977,40,8,0,8,0
2020-03-23,Yuba,115,75493,7,2,0,2,0
2020-03-22,Alameda,001,1643700,432,72,1,73,1
2020-03-22,Alpine,003,1148,1,0,0,0,0
2020-03-22,Amador,005,37829,2,1,0,1,0
2020-03-22,Butte,007,227075,8,1,0,1,0
2020-03-22,Calaveras,009,45235,4,2,0,2,0
2020-03-22,Colusa,011,21464,1,0,0,0,0
2020-03-22,Contra Costa,013,1133247,311,79,0,79,1
2020-03-22,Del Norte,015,27424,0,0,0,0,0
2020-03-22,El Dorado,017,186661,24,1,0,1,0
2020-03-22,Fresno,019,978130,103,8,2,10,0
2020-03-22,Glenn,021,27897,2,0,0,0,0
2020-03-22,Humboldt,023,135768,28,1,0,1,0
2020-03-22,Imperial,025,180216,48,2,0,2,0
2020-03-22,Inyo,027,18085,1,0,0,0,0
2020-03-22,Kern,029,883053,114,3,0,3,0
2020-03-22,Kings,031,150075,22,0,1,1,0
2020-03-22,Lake,033,64148,0,0,0,0,0
2020-03-22,Lassen,035,31185,3,0,1,1,0
2020-03-22,Los Angeles,037,10098052,3056,384,10,394,3
2020-03-22,Madera,039,155013,33,4,0,4,0
2020-03-22,Marin,041,260295,74,30,0,30,0
2020-03-22,Mariposa,043,17540,0,0,0,0,0
2020-03-22,Mendocino,045,87422,3,1,0,1,0
2020-03-22,Merced,047,269075,7,0,0,0,0
2020-03-22,Modoc,049,8938,0,0,0,0,0
2020-03-22,Mono,051,14174,14,1,0,1,0
2020-03-22,Monterey,053,433212,51,14,0,14,1
2020-03-22,Napa,055,140530,17,1,0,1,0
2020-03-22,Nevada,057,99092,23,2,1,3,0
2020-03-22,Orange,059,3164182,811,102,4,106,0
2020-03-22,Placer,061,380077,87,18,0,18,1
2020-03-22,Plumas,063,18699,0,0,0,0,0
2020-03-22,Riverside,065,2383286,613,26,8,34,5
2020-03-22,Sacramento,067,1510023,361,82,0,82,4
2020-03-22,San Benito,069,59416,20,4,0,4,1
2020-03-22,San Bernardino,071,2135413,291,16,0,16,0
2020-03-22,San Diego,073,3302833,980,161,0,161,0
2020-03-22,San Francisco,075,870044,455,134,0,134,0
2020-03-22,San Joaquin,077,732212,140,30,3,33,2
2020-03-22,San Luis Obispo,079,281455,89,19,0,19,0
2020-03-22,San Mateo,081,765935,464,82,2,84,1
2020-03-22,Santa Barbara,083,443738,119,16,1,17,0
2020-03-22,Santa Clara,085,1922200,1013,284,2,286,13
2020-03-22,Santa Cruz,087,273765,64,19,0,19,0
2020-03-22,Shasta,089,179085,13,1,0,1,0
2020-03-22,Sierra,091,2930,0,0,0,0,0
2020-03-22,Siskiyou,093,43540,4,2,0,2,0
2020-03-22,Solano,095,438530,65,30,0,30,0
2020-03-22,Sonoma,097,501317,99,18,0,18,1
2020-03-22,Stanislaus,099,539301,51,8,3,11,0
2020-03-22,Sutter,101,95872,8,0,0,0,0
2020-03-22,Tehama,103,63373,0,0,0,0,0
2020-03-22,Trinity,105,12862,0,0,0,0,0
2020-03-22,Tulare,107,460477,62,5,3,8,0
2020-03-22,Tuolumne,109,53932,2,0,0,0,0
2020-03-22,Ventura,111,848112,174,26,0,26,0
2020-03-22,Yolo,113,214977,34,6,0,6,0
2020-03-22,Yuba,115,75493,7,2,0,2,0
2020-03-21,Alameda,001,1643700,408,62,1,63,0
2020-03-21,Alpine,003,1148,1,0,0,0,0
2020-03-21,Amador,005,37829,2,1,0,1,0
2020-03-21,Butte,007,227075,7,1,0,1,0
2020-03-21,Calaveras,009,45235,4,2,0,2,0
2020-03-21,Colusa,011,21464,1,0,0,0,0
2020-03-21,Contra Costa,013,1133247,300,62,0,62,1
2020-03-21,Del Norte,015,27424,0,0,0,0,0
2020-03-21,El Dorado,017,186661,21,1,0,1,0
2020-03-21,Fresno,019,978130,99,8,2,10,0
2020-03-21,Glenn,021,27897,2,0,0,0,0
2020-03-21,Humboldt,023,135768,25,1,0,1,0
2020-03-21,Imperial,025,180216,44,2,0,2,0
2020-03-21,Inyo,027,18085,1,0,0,0,0
2020-03-21,Kern,029,883053,108,3,0,3,0
2020-03-21,Kings,031,150075,22,0,1,1,0
2020-03-21,Lake,033,64148,0,0,0,0,0
2020-03-21,Lassen,035,31185,3,0,1,1,0
2020-03-21,Los Angeles,037,10098052,2783,322,10,332,2
2020-03-21,Madera,039,155013,33,4,0,4,0
2020-03-21,Marin,041,260295,69,30,0,30,0
2020-03-21,Mariposa,043,17540,0,0,0,0,0
2020-03-21,Mendocino,045,87422,3,1,0,1,0
2020-03-21,Merced,047,269075,6,0,0,0,0
2020-03-21,Modoc,049,8938,0,0,0,0,0
2020-03-21,Mono,051,14174,14,1,0,1,0
2020-03-21,Monterey,053,433212,48,8,0,8,1
2020-03-21,Napa,055,140530,17,0,0,0,0
2020-03-21,Nevada,057,99092,23,2,1,3,0
2020-03-21,Orange,059,3164182,762,85,4,89,0
2020-03-21,Placer,061,380077,78,11,0,11,1
2020-03-21,Plumas,063,18699,0,0,0,0,0
2020-03-21,Riverside,065,2383286,566,20,8,28,3
2020-03-21,Sacramento,067,1510023,334,66,0,66,3
2020-03-21,San Benito,069,59416,18,4,0,4,1
2020-03-21,San Bernardino,071,2135413,271,13,0,13,0
2020-03-21,San Diego,073,3302833,903,121,0,121,0
2020-03-21,San Francisco,075,870044,419,106,0,106,0
2020-03-21,San Joaquin,077,732212,131,26,3,29,2
2020-03-21,San Luis Obispo,079,281455,84,16,0,16,0
2020-03-21,San Mateo,081,765935,426,78,2,80,1
2020-03-21,Santa Barbara,083,443738,109,8,1,9,0
2020-03-21,Santa Clara,085,1922200,951,269,2,271,10
2020-03-21,Santa Cruz,087,273765,62,17,0,17,0
2020-03-21,Shasta,089,179085,12,1,0,1,0
2020-03-21,Sierra,091,2930,0,0,0,0,0
2020-03-21,Siskiyou,093,43540,4,0,0,0,0
2020-03-21,Solano,095,438530,63,30,0,30,0
2020-03-21,Sonoma,097,501317,98,15,0,15,1
2020-03-21,Stanislaus,099,539301,45,7,3,10,0
2020-03-21,Sutter,101,95872,7,0,0,0,0
2020-03-21,Tehama,103,63373,0,0,0,0,0
2020-03-21,Trinity,105,12862,0,0,0,0,0
2020-03-21,Tulare,107,460477,54,5,3,8,0
2020-03-21,Tuolumne,109,53932,2,0,0,0,0
2020-03-21,Ventura,111,848112,166,22,0,22,0
2020-03-21,Yolo,113,214977,34,6,0,6,0
2020-03-21,Yuba,115,75493,7,1,0,1,0
2020-03-20,Alameda,001,1643700,387,42,1,43,0
2020-03-20,Alpine,003,1148,1,0,0,0,0
2020-03-20,Amador,005,37829,1,0,0,0,0
2020-03-20,Butte,007,227075,7,0,0,0,0
2020-03-20,Calaveras,009,45235,4,2,0,2,0
2020-03-20,Colusa,011,21464,1,0,0,0,0
2020-03-20,Contra Costa,013,1133247,270,52,0,52,1
2020-03-20,Del Norte,015,27424,0,0,0,0,0
2020-03-20,El Dorado,017,186661,20,1,0,1,0
2020-03-20,Fresno,019,978130,96,7,2,9,0
2020-03-20,Glenn,021,27897,1,0,0,0,0
2020-03-20,Humboldt,023,135768,25,1,0,1,0
2020-03-20,Imperial,025,180216,43,2,0,2,0
2020-03-20,Inyo,027,18085,0,0,0,0,0
2020-03-20,Kern,029,883053,93,3,0,3,0
2020-03-20,Kings,031,150075,21,0,1,1,0
2020-03-20,Lake,033,64148,0,0,0,0,0
2020-03-20,Lassen,035,31185,3,0,1,1,0
2020-03-20,Los Angeles,037,10098052,2557,267,9,276,1
2020-03-20,Madera,039,155013,32,4,0,4,0
2020-03-20,Marin,041,260295,66,30,0,30,0
2020-03-20,Mariposa,043,17540,0,0,0,0,0
2020-03-20,Mendocino,045,87422,3,1,0,1,0
2020-03-20,Merced,047,269075,6,0,0,0,0
2020-03-20,Modoc,049,8938,0,0,0,0,0
2020-03-20,Mono,051,14174,14,0,0,0,0
2020-03-20,Monterey,053,433212,47,4,0,4,0
2020-03-20,Napa,055,140530,16,0,0,0,0
2020-03-20,Nevada,057,99092,20,2,1,3,0
2020-03-20,Orange,059,3164182,715,71,4,75,2
2020-03-20,Placer,061,380077,72,9,0,9,1
2020-03-20,Plumas,063,18699,0,0,0,0,0
2020-03-20,Riverside,065,2383286,507,19,8,27,3
2020-03-20,Sacramento,067,1510023,313,56,0,56,4
2020-03-20,San Benito,069,59416,18,4,0,4,1
2020-03-20,San Bernardino,071,2135413,244,9,0,9,0
2020-03-20,San Diego,073,3302833,851,98,0,98,0
2020-03-20,San Francisco,075,870044,387,87,0,87,0
2020-03-20,San Joaquin,077,732212,116,18,3,21,2
2020-03-20,San Luis Obispo,079,281455,80,11,0,11,0
2020-03-20,San Mateo,081,765935,396,71,2,73,1
2020-03-20,Santa Barbara,083,443738,97,7,1,8,0
2020-03-20,Santa Clara,085,1922200,914,246,2,248,8
2020-03-20,Santa Cruz,087,273765,60,13,0,13,0
2020-03-20,Shasta,089,179085,11,1,0,1,0
2020-03-20,Sierra,091,2930,0,0,0,0,0
2020-03-20,Siskiyou,093,43540,4,0,0,0,0
2020-03-20,Solano,095,438530,59,29,0,29,0
2020-03-20,Sonoma,097,501317,90,7,0,7,0
2020-03-20,Stanislaus,099,539301,39,7,3,10,0
2020-03-20,Sutter,101,95872,7,0,0,0,0
2020-03-20,Tehama,103,63373,0,0,0,0,0
2020-03-20,Trinity,105,12862,0,0,0,0,0
2020-03-20,Tulare,107,460477,50,4,3,7,0
2020-03-20,Tuolumne,109,53932,2,0,0,0,0
2020-03-20,Ventura,111,848112,156,18,0,18,0
2020-03-20,Yolo,113,214977,32,5,0,5,0
2020-03-20,Yuba,115,75493,6,0,0,0,0
2020-03-19,Alameda,001,1643700,351,36,1,37,0
2020-03-19,Alpine,003,1148,1,0,0,0,0
2020-03-19,Amador,005,37829,1,0,0,0,0
2020-03-19,Butte,007,227075,5,0,0,0,0
2020-03-19,Calaveras,009,45235,4,2,0,2,0
2020-03-19,Colusa,011,21464,0,0,0,0,0
2020-03-19,Contra Costa,013,1133247,254,46,0,46,0
2020-03-19,Del Norte,015,27424,0,0,0,0,0
2020-03-19,El Dorado,017,186661,18,0,0,0,0
2020-03-19,Fresno,019,978130,87,6,2,8,0
2020-03-19,Glenn,021,27897,1,0,0,0,0
2020-03-19,Humboldt,023,135768,23,1,0,1,0
2020-03-19,Imperial,025,180216,36,2,0,2,0
2020-03-19,Inyo,027,18085,0,0,0,0,0
2020-03-19,Kern,029,883053,81,3,0,3,0
2020-03-19,Kings,031,150075,17,0,1,1,0
2020-03-19,Lake,033,64148,0,0,0,0,0
2020-03-19,Lassen,035,31185,2,0,1,1,0
2020-03-19,Los Angeles,037,10098052,2271,233,9,242,0
2020-03-19,Madera,039,155013,31,3,0,3,0
2020-03-19,Marin,041,260295,63,19,0,19,0
2020-03-19,Mariposa,043,17540,0,0,0,0,0
2020-03-19,Mendocino,045,87422,2,1,0,1,0
2020-03-19,Merced,047,269075,5,0,0,0,0
2020-03-19,Modoc,049,8938,0,0,0,0,0
2020-03-19,Mono,051,14174,12,0,0,0,0
2020-03-19,Monterey,053,433212,39,3,0,3,0
2020-03-19,Napa,055,140530,14,0,0,0,0
2020-03-19,Nevada,057,99092,18,2,1,3,0
2020-03-19,Orange,059,3164182,633,59,4,63,0
2020-03-19,Placer,061,380077,64,8,0,8,1
2020-03-19,Plumas,063,18699,0,0,0,0,0
2020-03-19,Riverside,065,2383286,396,14,6,20,3
2020-03-19,Sacramento,067,1510023,280,52,0,52,3
2020-03-19,San Benito,069,59416,15,3,0,3,0
2020-03-19,San Bernardino,071,2135413,214,7,0,7,0
2020-03-19,San Diego,073,3302833,768,68,0,68,0
2020-03-19,San Francisco,075,870044,351,80,0,80,0
2020-03-19,San Joaquin,077,732212,102,15,3,18,2
2020-03-19,San Luis Obispo,079,281455,77,6,0,6,0
2020-03-19,San Mateo,081,765935,361,58,2,60,1
2020-03-19,Santa Barbara,083,443738,85,5,0,5,0
2020-03-19,Santa Clara,085,1922200,847,183,2,185,8
2020-03-19,Santa Cruz,087,273765,57,13,0,13,0
2020-03-19,Shasta,089,179085,10,1,0,1,0
2020-03-19,Sierra,091,2930,0,0,0,0,0
2020-03-19,Siskiyou,093,43540,3,0,0,0,0
2020-03-19,Solano,095,438530,55,26,0,26,0
2020-03-19,Sonoma,097,501317,87,8,0,8,0
2020-03-19,Stanislaus,099,539301,38,7,3,10,0
2020-03-19,Sutter,101,95872,7,0,0,0,0
2020-03-19,Tehama,103,63373,0,0,0,0,0
2020-03-19,Trinity,105,12862,0,0,0,0,0
2020-03-19,Tulare,107,460477,44,3,3,6,0
2020-03-19,Tuolumne,109,53932,2,0,0,0,0
2020-03-19,Ventura,111,848112,134,15,0,15,0
2020-03-19,Yolo,113,214977,28,5,0,5,0
2020-03-19,Yuba,115,75493,5,0,0,0,0
2020-03-18,Alameda,001,1643700,323,29,1,30,0
2020-03-18,Alpine,003,1148,1,0,0,0,0
2020-03-18,Amador,005,37829,1,0,0,0,0
2020-03-18,Butte,007,227075,4,0,0,0,0
2020-03-18,Calaveras,009,45235,4,2,0,2,0
2020-03-18,Colusa,011,21464,0,0,0,0,0
2020-03-18,Contra Costa,013,1133247,232,44,0,44,0
2020-03-18,Del Norte,015,27424,0,0,0,0,0
2020-03-18,El Dorado,017,186661,17,0,0,0,0
2020-03-18,Fresno,019,978130,78,3,1,4,0
2020-03-18,Glenn,021,27897,1,0,0,0,0
2020-03-18,Humboldt,023,135768,19,1,0,1,0
2020-03-18,Imperial,025,180216,30,2,0,2,0
2020-03-18,Inyo,027,18085,0,0,0,0,0
2020-03-18,Kern,029,883053,66,1,0,1,0
2020-03-18,Kings,031,150075,15,0,1,1,0
2020-03-18,Lake,033,64148,0,0,0,0,0
2020-03-18,Lassen,035,31185,1,0,1,1,0
2020-03-18,Los Angeles,037,10098052,2032,47,9,56,0
2020-03-18,Madera,039,155013,30,2,0,2,0
2020-03-18,Marin,041,260295,58,10,0,10,0
2020-03-18,Mariposa,043,17540,0,0,0,0,0
2020-03-18,Mendocino,045,87422,2,0,0,0,0
2020-03-18,Merced,047,269075,5,0,0,0,0
2020-03-18,Modoc,049,8938,0,0,0,0,0
2020-03-18,Mono,051,14174,11,0,0,0,0
2020-03-18,Monterey,053,433212,31,1,0,1,0
2020-03-18,Napa,055,140530,11,0,0,0,0
2020-03-18,Nevada,057,99092,16,2,1,3,0
2020-03-18,Orange,059,3164182,576,38,4,42,0
2020-03-18,Placer,061,380077,57,8,0,8,1
2020-03-18,Plumas,063,18699,0,0,0,0,0
2020-03-18,Riverside,065,2383286,333,11,5,16,2
2020-03-18,Sacramento,067,1510023,257,46,0,46,3
2020-03-18,San Benito,069,59416,14,3,0,3,0
2020-03-18,San Bernardino,071,2135413,192,3,0,3,0
2020-03-18,San Diego,073,3302833,683,40,0,40,0
2020-03-18,San Francisco,075,870044,332,65,0,65,0
2020-03-18,San Joaquin,077,732212,90,14,3,17,2
2020-03-18,San Luis Obispo,079,281455,70,5,0,5,0
2020-03-18,San Mateo,081,765935,340,57,2,59,1
2020-03-18,Santa Barbara,083,443738,77,2,0,2,0
2020-03-18,Santa Clara,085,1922200,796,151,2,153,6
2020-03-18,Santa Cruz,087,273765,55,11,0,11,0
2020-03-18,Shasta,089,179085,9,1,0,1,0
2020-03-18,Sierra,091,2930,0,0,0,0,0
2020-03-18,Siskiyou,093,43540,3,0,0,0,0
2020-03-18,Solano,095,438530,51,26,0,26,0
2020-03-18,Sonoma,097,501317,78,6,0,6,0
2020-03-18,Stanislaus,099,539301,34,5,2,7,0
2020-03-18,Sutter,101,95872,5,0,0,0,0
2020-03-18,Tehama,103,63373,0,0,0,0,0
2020-03-18,Trinity,105,12862,0,0,0,0,0
2020-03-18,Tulare,107,460477,34,3,3,6,0
2020-03-18,Tuolumne,109,53932,2,0,0,0,0
2020-03-18,Ventura,111,848112,115,11,0,11,0
2020-03-18,Yolo,113,214977,25,4,0,4,0
2020-03-18,Yuba,115,75493,4,0,0,0,0
2020-03-17,Alameda,001,1643700,291,19,0,19,0
2020-03-17,Alpine,003,1148,0,0,0,0,0
2020-03-17,Amador,005,37829,1,0,0,0,0
2020-03-17,Butte,007,227075,4,0,0,0,0
2020-03-17,Calaveras,009,45235,4,2,0,2,0
2020-03-17,Colusa,011,21464,0,0,0,0,0
2020-03-17,Contra Costa,013,1133247,210,37,0,37,0
2020-03-17,Del Norte,015,27424,0,0,0,0,0
2020-03-17,El Dorado,017,186661,16,0,0,0,0
2020-03-17,Fresno,019,978130,68,2,1,3,0
2020-03-17,Glenn,021,27897,1,0,0,0,0
2020-03-17,Humboldt,023,135768,17,1,0,1,0
2020-03-17,Imperial,025,180216,24,2,0,2,0
2020-03-17,Inyo,027,18085,0,0,0,0,0
2020-03-17,Kern,029,883053,52,0,0,0,0
2020-03-17,Kings,031,150075,12,0,1,1,0
2020-03-17,Lake,033,64148,0,0,0,0,0
2020-03-17,Lassen,035,31185,1,0,1,1,0
2020-03-17,Los Angeles,037,10098052,1830,41,9,50,0
2020-03-17,Madera,039,155013,22,2,0,2,0
2020-03-17,Marin,041,260295,51,4,0,4,0
2020-03-17,Mariposa,043,17540,0,0,0,0,0
2020-03-17,Mendocino,045,87422,2,0,0,0,0
2020-03-17,Merced,047,269075,5,0,0,0,0
2020-03-17,Modoc,049,8938,0,0,0,0,0
2020-03-17,Mono,051,14174,9,0,0,0,0
2020-03-17,Monterey,053,433212,29,0,0,0,0
2020-03-17,Napa,055,140530,8,0,0,0,0
2020-03-17,Nevada,057,99092,15,1,1,2,0
2020-03-17,Orange,059,3164182,498,24,3,27,0
2020-03-17,Placer,061,380077,47,7,0,7,1
2020-03-17,Plumas,063,18699,0,0,0,0,0
2020-03-17,Riverside,065,2383286,271,11,5,16,0
2020-03-17,Sacramento,067,1510023,237,36,0,36,1
2020-03-17,San Benito,069,59416,12,2,0,2,0
2020-03-17,San Bernardino,071,2135413,164,2,0,2,0
2020-03-17,San Diego,073,3302833,616,17,0,17,0
2020-03-17,San Francisco,075,870044,305,46,0,46,0
2020-03-17,San Joaquin,077,732212,84,11,3,14,0
2020-03-17,San Luis Obispo,079,281455,62,1,0,1,0
2020-03-17,San Mateo,081,765935,308,46,2,48,1
2020-03-17,Santa Barbara,083,443738,65,0,0,0,0
2020-03-17,Santa Clara,085,1922200,738,121,2,123,4
2020-03-17,Santa Cruz,087,273765,52,10,0,10,0
2020-03-17,Shasta,089,179085,5,1,0,1,0
2020-03-17,Sierra,091,2930,0,0,0,0,0
2020-03-17,Siskiyou,093,43540,3,0,0,0,0
2020-03-17,Solano,095,438530,48,27,0,27,0
2020-03-17,Sonoma,097,501317,70,4,0,4,0
2020-03-17,Stanislaus,099,539301,31,4,2,6,0
2020-03-17,Sutter,101,95872,5,0,0,0,0
2020-03-17,Tehama,103,63373,0,0,0,0,0
2020-03-17,Trinity,105,12862,0,0,0,0,0
2020-03-17,Tulare,107,460477,29,2,3,5,0
2020-03-17,Tuolumne,109,53932,2,0,0,0,0
2020-03-17,Ventura,111,848112,98,7,0,7,0
2020-03-17,Yolo,113,214977,21,2,0,2,0
2020-03-17,Yuba,115,75493,4,0,0,0,0
2020-03-16,Alameda,001,1643700,262,17,0,17,0
2020-03-16,Alpine,003,1148,0,0,0,0,0
2020-03-16,Amador,005,37829,1,0,0,0,0
2020-03-16,Butte,007,227075,3,0,0,0,0
2020-03-16,Calaveras,009,45235,4,2,0,2,0
2020-03-16,Colusa,011,21464,0,0,0,0,0
2020-03-16,Contra Costa,013,1133247,186,36,0,36,0
2020-03-16,Del Norte,015,27424,0,0,0,0,0
2020-03-16,El Dorado,017,186661,15,0,0,0,0
2020-03-16,Fresno,019,978130,53,2,1,3,0
2020-03-16,Glenn,021,27897,0,0,0,0,0
2020-03-16,Humboldt,023,135768,13,1,0,1,0
2020-03-16,Imperial,025,180216,19,2,0,2,0
2020-03-16,Inyo,027,18085,0,0,0,0,0
2020-03-16,Kern,029,883053,43,0,0,0,0
2020-03-16,Kings,031,150075,11,0,1,1,0
2020-03-16,Lake,033,64148,0,0,0,0,0
2020-03-16,Lassen,035,31185,1,0,0,0,0
2020-03-16,Los Angeles,037,10098052,1595,43,9,52,0
2020-03-16,Madera,039,155013,21,2,0,2,0
2020-03-16,Marin,041,260295,48,4,0,4,0
2020-03-16,Mariposa,043,17540,0,0,0,0,0
2020-03-16,Mendocino,045,87422,2,0,0,0,0
2020-03-16,Merced,047,269075,5,0,0,0,0
2020-03-16,Modoc,049,8938,0,0,0,0,0
2020-03-16,Mono,051,14174,7,0,0,0,0
2020-03-16,Monterey,053,433212,28,0,0,0,0
2020-03-16,Napa,055,140530,7,0,0,0,0
2020-03-16,Nevada,057,99092,11,1,1,2,0
2020-03-16,Orange,059,3164182,415,18,3,21,0
2020-03-16,Placer,061,380077,39,7,0,7,1
2020-03-16,Plumas,063,18699,0,0,0,0,0
2020-03-16,Riverside,065,2383286,235,10,5,15,0
2020-03-16,Sacramento,067,1510023,210,34,0,34,1
2020-03-16,San Benito,069,59416,8,2,0,2,0
2020-03-16,San Bernardino,071,2135413,144,1,0,1,0
2020-03-16,San Diego,073,3302833,525,17,0,17,0
2020-03-16,San Francisco,075,870044,267,40,0,40,0
2020-03-16,San Joaquin,077,732212,74,9,3,12,0
2020-03-16,San Luis Obispo,079,281455,55,1,0,1,0
2020-03-16,San Mateo,081,765935,269,42,2,44,1
2020-03-16,Santa Barbara,083,443738,55,0,0,0,0
2020-03-16,Santa Clara,085,1922200,658,115,1,116,2
2020-03-16,Santa Cruz,087,273765,45,9,0,9,0
2020-03-16,Shasta,089,179085,5,1,0,1,0
2020-03-16,Sierra,091,2930,0,0,0,0,0
2020-03-16,Siskiyou,093,43540,2,0,0,0,0
2020-03-16,Solano,095,438530,43,27,0,27,0
2020-03-16,Sonoma,097,501317,62,4,0,4,0
2020-03-16,Stanislaus,099,539301,27,2,2,4,0
2020-03-16,Sutter,101,95872,3,0,0,0,0
2020-03-16,Tehama,103,63373,0,0,0,0,0
2020-03-16,Trinity,105,12862,0,0,0,0,0
2020-03-16,Tulare,107,460477,25,2,3,5,0
2020-03-16,Tuolumne,109,53932,2,0,0,0,0
2020-03-16,Ventura,111,848112,88,7,0,7,0
2020-03-16,Yolo,113,214977,19,2,0,2,0
2020-03-16,Yuba,115,75493,3,0,0,0,0
2020-03-15,Alameda,001,1643700,215,17,0,17,0
2020-03-15,Alpine,003,1148,0,0,0,0,0
2020-03-15,Amador,005,37829,1,0,0,0,0
2020-03-15,Butte,007,227075,3,0,0,0,0
2020-03-15,Calaveras,009,45235,2,2,0,2,0
2020-03-15,Colusa,011,21464,0,0,0,0,0
2020-03-15,Contra Costa,013,1133247,161,34,0,34,0
2020-03-15,Del Norte,015,27424,0,0,0,0,0
2020-03-15,El Dorado,017,186661,14,0,0,0,0
2020-03-15,Fresno,019,978130,33,1,1,2,0
2020-03-15,Glenn,021,27897,0,0,0,0,0
2020-03-15,Humboldt,023,135768,11,1,0,1,0
2020-03-15,Imperial,025,180216,14,2,0,2,0
2020-03-15,Inyo,027,18085,0,0,0,0,0
2020-03-15,Kern,029,883053,37,0,0,0,0
2020-03-15,Kings,031,150075,11,0,1,1,0
2020-03-15,Lake,033,64148,0,0,0,0,0
2020-03-15,Lassen,035,31185,1,0,0,0,0
2020-03-15,Los Angeles,037,10098052,1355,41,9,50,0
2020-03-15,Madera,039,155013,20,2,0,2,0
2020-03-15,Marin,041,260295,41,3,0,3,0
2020-03-15,Mariposa,043,17540,0,0,0,0,0
2020-03-15,Mendocino,045,87422,2,0,0,0,0
2020-03-15,Merced,047,269075,3,0,0,0,0
2020-03-15,Modoc,049,8938,0,0,0,0,0
2020-03-15,Mono,051,14174,6,0,0,0,0
2020-03-15,Monterey,053,433212,21,0,0,0,0
2020-03-15,Napa,055,140530,7,0,0,0,0
2020-03-15,Nevada,057,99092,11,0,1,1,0
2020-03-15,Orange,059,3164182,347,16,1,17,0
2020-03-15,Placer,061,380077,33,7,0,7,1
2020-03-15,Plumas,063,18699,0,0,0,0,0
2020-03-15,Riverside,065,2383286,183,10,5,15,0
2020-03-15,Sacramento,067,1510023,174,30,0,30,1
2020-03-15,San Benito,069,59416,8,2,0,2,0
2020-03-15,San Bernardino,071,2135413,122,0,0,0,0
2020-03-15,San Diego,073,3302833,438,16,0,16,0
2020-03-15,San Francisco,075,870044,209,31,0,31,0
2020-03-15,San Joaquin,077,732212,63,6,3,9,0
2020-03-15,San Luis Obispo,079,281455,45,1,0,1,0
2020-03-15,San Mateo,081,765935,235,29,1,30,1
2020-03-15,Santa Barbara,083,443738,46,0,0,0,0
2020-03-15,Santa Clara,085,1922200,586,79,1,80,2
2020-03-15,Santa Cruz,087,273765,38,8,0,8,0
2020-03-15,Shasta,089,179085,5,1,0,1,0
2020-03-15,Sierra,091,2930,0,0,0,0,0
2020-03-15,Siskiyou,093,43540,2,0,0,0,0
2020-03-15,Solano,095,438530,42,26,0,26,0
2020-03-15,Sonoma,097,501317,53,4,0,4,0
2020-03-15,Stanislaus,099,539301,26,2,2,4,0
2020-03-15,Sutter,101,95872,2,0,0,0,0
2020-03-15,Tehama,103,63373,0,0,0,0,0
2020-03-15,Trinity,105,12862,0,0,0,0,0
2020-03-15,Tulare,107,460477,19,2,3,5,0
2020-03-15,Tuolumne,109,53932,1,0,0,0,0
2020-03-15,Ventura,111,848112,77,5,0,5,0
2020-03-15,Yolo,113,214977,15,2,0,2,0
2020-03-15,Yuba,115,75493,2,0,0,0,0
2020-03-14,Alameda,001,1643700,196,11,0,11,0
2020-03-14,Alpine,003,1148,0,0,0,0,0
2020-03-14,Amador,005,37829,1,0,0,0,0
2020-03-14,Butte,007,227075,2,0,0,0,0
2020-03-14,Calaveras,009,45235,2,2,0,2,0
2020-03-14,Colusa,011,21464,0,0,0,0,0
2020-03-14,Contra Costa,013,1133247,139,30,0,30,0
2020-03-14,Del Norte,015,27424,0,0,0,0,0
2020-03-14,El Dorado,017,186661,12,0,0,0,0
2020-03-14,Fresno,019,978130,25,1,1,2,0
2020-03-14,Glenn,021,27897,0,0,0,0,0
2020-03-14,Humboldt,023,135768,7,1,0,1,0
2020-03-14,Imperial,025,180216,10,2,0,2,0
2020-03-14,Inyo,027,18085,0,0,0,0,0
2020-03-14,Kern,029,883053,32,0,0,0,0
2020-03-14,Kings,031,150075,11,0,1,1,0
2020-03-14,Lake,033,64148,0,0,0,0,0
2020-03-14,Lassen,035,31185,1,0,0,0,0
2020-03-14,Los Angeles,037,10098052,1177,35,9,44,0
2020-03-14,Madera,039,155013,19,2,0,2,0
2020-03-14,Marin,041,260295,37,3,0,3,0
2020-03-14,Mariposa,043,17540,0,0,0,0,0
2020-03-14,Mendocino,045,87422,2,0,0,0,0
2020-03-14,Merced,047,269075,3,0,0,0,0
2020-03-14,Modoc,049,8938,0,0,0,0,0
2020-03-14,Mono,051,14174,5,0,0,0,0
2020-03-14,Monterey,053,433212,15,0,0,0,0
2020-03-14,Napa,055,140530,5,0,0,0,0
2020-03-14,Nevada,057,99092,8,0,1,1,0
2020-03-14,Orange,059,3164182,308,14,0,14,0
2020-03-14,Placer,061,380077,29,6,0,6,1
2020-03-14,Plumas,063,18699,0,0,0,0,0
2020-03-14,Riverside,065,2383286,163,10,5,15,0
2020-03-14,Sacramento,067,1510023,152,31,0,31,1
2020-03-14,San Benito,069,59416,8,2,0,2,0
2020-03-14,San Bernardino,071,2135413,103,0,0,0,0
2020-03-14,San Diego,073,3302833,363,10,0,10,0
2020-03-14,San Francisco,075,870044,188,29,0,29,0
2020-03-14,San Joaquin,077,732212,54,6,3,9,0
2020-03-14,San Luis Obispo,079,281455,40,0,0,0,0
2020-03-14,San Mateo,081,765935,212,27,1,28,0
2020-03-14,Santa Barbara,083,443738,37,0,0,0,0
2020-03-14,Santa Clara,085,1922200,530,62,1,63,2
2020-03-14,Santa Cruz,087,273765,33,8,0,8,0
2020-03-14,Shasta,089,179085,5,1,0,1,0
2020-03-14,Sierra,091,2930,0,0,0,0,0
2020-03-14,Siskiyou,093,43540,1,0,0,0,0
2020-03-14,Solano,095,438530,40,26,0,26,0
2020-03-14,Sonoma,097,501317,40,2,0,2,0
2020-03-14,Stanislaus,099,539301,22,2,2,4,0
2020-03-14,Sutter,101,95872,2,0,0,0,0
2020-03-14,Tehama,103,63373,0,0,0,0,0
2020-03-14,Trinity,105,12862,0,0,0,0,0
2020-03-14,Tulare,107,460477,17,2,2,4,0
2020-03-14,Tuolumne,109,53932,1,0,0,0,0
2020-03-14,Ventura,111,848112,68,5,0,5,0
2020-03-14,Yolo,113,214977,15,2,0,2,0
2020-03-14,Yuba,115,75493,1,0,0,0,0
2020-03-13,Alameda,001,1643700,177,12,0,12,0
2020-03-13,Alpine,003,1148,0,0,0,0,0
2020-03-13,Amador,005,37829,1,0,0,0,0
2020-03-13,Butte,007,227075,0,0,0,0,0
2020-03-13,Calaveras,009,45235,2,2,0,2,0
2020-03-13,Colusa,011,21464,0,0,0,0,0
2020-03-13,Contra Costa,013,1133247,125,22,0,22,0
2020-03-13,Del Norte,015,27424,0,0,0,0,0
2020-03-13,El Dorado,017,186661,11,0,0,0,0
2020-03-13,Fresno,019,978130,20,1,1,2,0
2020-03-13,Glenn,021,27897,0,0,0,0,0
2020-03-13,Humboldt,023,135768,7,1,0,1,0
2020-03-13,Imperial,025,180216,9,2,0,2,0
2020-03-13,Inyo,027,18085,0,0,0,0,0
2020-03-13,Kern,029,883053,27,0,0,0,0
2020-03-13,Kings,031,150075,10,0,1,1,0
2020-03-13,Lake,033,64148,0,0,0,0,0
2020-03-13,Lassen,035,31185,1,0,0,0,0
2020-03-13,Los Angeles,037,10098052,1024,30,7,37,0
2020-03-13,Madera,039,155013,18,1,0,1,0
2020-03-13,Marin,041,260295,34,3,0,3,0
2020-03-13,Mariposa,043,17540,0,0,0,0,0
2020-03-13,Mendocino,045,87422,2,0,0,0,0
2020-03-13,Merced,047,269075,2,0,0,0,0
2020-03-13,Modoc,049,8938,0,0,0,0,0
2020-03-13,Mono,051,14174,3,0,0,0,0
2020-03-13,Monterey,053,433212,10,0,0,0,0
2020-03-13,Napa,055,140530,3,0,0,0,0
2020-03-13,Nevada,057,99092,7,0,1,1,0
2020-03-13,Orange,059,3164182,268,10,0,10,0
2020-03-13,Placer,061,380077,27,6,0,6,1
2020-03-13,Plumas,063,18699,0,0,0,0,0
2020-03-13,Riverside,065,2383286,133,5,4,9,0
2020-03-13,Sacramento,067,1510023,130,18,0,18,1
2020-03-13,San Benito,069,59416,6,2,0,2,0
2020-03-13,San Bernardino,071,2135413,96,0,0,0,0
2020-03-13,San Diego,073,3302833,313,8,0,8,0
2020-03-13,San Francisco,075,870044,174,28,0,28,0
2020-03-13,San Joaquin,077,732212,50,6,3,9,0
2020-03-13,San Luis Obispo,079,281455,33,0,0,0,0
2020-03-13,San Mateo,081,765935,191,24,1,25,0
2020-03-13,Santa Barbara,083,443738,33,0,0,0,0
2020-03-13,Santa Clara,085,1922200,468,59,1,60,1
2020-03-13,Santa Cruz,087,273765,32,7,0,7,0
2020-03-13,Shasta,089,179085,3,1,0,1,0
2020-03-13,Sierra,091,2930,0,0,0,0,0
2020-03-13,Siskiyou,093,43540,0,0,0,0,0
2020-03-13,Solano,095,438530,39,26,0,26,0
2020-03-13,Sonoma,097,501317,39,2,0,2,0
2020-03-13,Stanislaus,099,539301,17,2,2,4,0
2020-03-13,Sutter,101,95872,2,0,0,0,0
2020-03-13,Tehama,103,63373,0,0,0,0,0
2020-03-13,Trinity,105,12862,0,0,0,0,0
2020-03-13,Tulare,107,460477,14,2,2,4,0
2020-03-13,Tuolumne,109,53932,1,0,0,0,0
2020-03-13,Ventura,111,848112,54,5,0,5,0
2020-03-13,Yolo,113,214977,14,1,0,1,0
2020-03-13,Yuba,115,75493,1,0,0,0,0
2020-03-12,Alameda,001,1643700,151,9,0,9,0
2020-03-12,Alpine,003,1148,0,0,0,0,0
2020-03-12,Amador,005,37829,1,0,0,0,0
2020-03-12,Butte,007,227075,0,0,0,0,0
2020-03-12,Calaveras,009,45235,2,2,0,2,0
2020-03-12,Colusa,011,21464,0,0,0,0,0
2020-03-12,Contra Costa,013,1133247,108,18,0,18,0
2020-03-12,Del Norte,015,27424,0,0,0,0,0
2020-03-12,El Dorado,017,186661,9,0,0,0,0
2020-03-12,Fresno,019,978130,12,1,1,2,0
2020-03-12,Glenn,021,27897,0,0,0,0,0
2020-03-12,Humboldt,023,135768,6,1,0,1,0
2020-03-12,Imperial,025,180216,8,2,0,2,0
2020-03-12,Inyo,027,18085,0,0,0,0,0
2020-03-12,Kern,029,883053,18,0,0,0,0
2020-03-12,Kings,031,150075,7,0,1,1,0
2020-03-12,Lake,033,64148,0,0,0,0,0
2020-03-12,Lassen,035,31185,1,0,0,0,0
2020-03-12,Los Angeles,037,10098052,865,30,7,37,0
2020-03-12,Madera,039,155013,15,1,0,1,0
2020-03-12,Marin,041,260295,24,1,0,1,0
2020-03-12,Mariposa,043,17540,0,0,0,0,0
2020-03-12,Mendocino,045,87422,2,0,0,0,0
2020-03-12,Merced,047,269075,2,0,0,0,0
2020-03-12,Modoc,049,8938,0,0,0,0,0
2020-03-12,Mono,051,14174,3,0,0,0,0
2020-03-12,Monterey,053,433212,8,0,0,0,0
2020-03-12,Napa,055,140530,3,0,0,0,0
2020-03-12,Nevada,057,99092,4,0,1,1,0
2020-03-12,Orange,059,3164182,231,7,0,7,0
2020-03-12,Placer,061,380077,23,6,0,6,1
2020-03-12,Plumas,063,18699,0,0,0,0,0
2020-03-12,Riverside,065,2383286,107,5,2,7,0
2020-03-12,Sacramento,067,1510023,106,17,0,17,1
2020-03-12,San Benito,069,59416,5,2,0,2,0
2020-03-12,San Bernardino,071,2135413,80,0,0,0,0
2020-03-12,San Diego,073,3302833,258,9,0,9,0
2020-03-12,San Francisco,075,870044,149,20,0,20,0
2020-03-12,San Joaquin,077,732212,44,3,3,6,1
2020-03-12,San Luis Obispo,079,281455,26,0,0,0,0
2020-03-12,San Mateo,081,765935,157,21,1,22,0
2020-03-12,Santa Barbara,083,443738,22,0,0,0,0
2020-03-12,Santa Clara,085,1922200,410,51,1,52,1
2020-03-12,Santa Cruz,087,273765,29,5,0,5,0
2020-03-12,Shasta,089,179085,2,1,0,1,0
2020-03-12,Sierra,091,2930,0,0,0,0,0
2020-03-12,Siskiyou,093,43540,0,0,0,0,0
2020-03-12,Solano,095,438530,34,26,0,26,0
2020-03-12,Sonoma,097,501317,34,2,0,2,0
2020-03-12,Stanislaus,099,539301,15,2,2,4,0
2020-03-12,Sutter,101,95872,0,0,0,0,0
2020-03-12,Tehama,103,63373,0,0,0,0,0
2020-03-12,Trinity,105,12862,0,0,0,0,0
2020-03-12,Tulare,107,460477,12,1,1,2,0
2020-03-12,Tuolumne,109,53932,1,0,0,0,0
2020-03-12,Ventura,111,848112,45,3,0,3,0
2020-03-12,Yolo,113,214977,13,1,0,1,0
2020-03-12,Yuba,115,75493,1,0,0,0,0
2020-03-11,Alameda,001,1643700,119,5,0,5,0
2020-03-11,Alpine,003,1148,0,0,0,0,0
2020-03-11,Amador,005,37829,1,0,0,0,0
2020-03-11,Butte,007,227075,0,0,0,0,0
2020-03-11,Calaveras,009,45235,2,2,0,2,0
2020-03-11,Colusa,011,21464,0,0,0,0,0
2020-03-11,Contra Costa,013,1133247,93,16,0,16,0
2020-03-11,Del Norte,015,27424,0,0,0,0,0
2020-03-11,El Dorado,017,186661,8,0,0,0,0
2020-03-11,Fresno,019,978130,9,1,1,2,0
2020-03-11,Glenn,021,27897,0,0,0,0,0
2020-03-11,Humboldt,023,135768,6,1,0,1,0
2020-03-11,Imperial,025,180216,6,0,0,0,0
2020-03-11,Inyo,027,18085,0,0,0,0,0
2020-03-11,Kern,029,883053,16,0,0,0,0
2020-03-11,Kings,031,150075,5,0,1,1,0
2020-03-11,Lake,033,64148,0,0,0,0,0
2020-03-11,Lassen,035,31185,1,0,0,0,0
2020-03-11,Los Angeles,037,10098052,697,21,7,28,0
2020-03-11,Madera,039,155013,12,1,0,1,0
2020-03-11,Marin,041,260295,17,1,0,1,0
2020-03-11,Mariposa,043,17540,0,0,0,0,0
2020-03-11,Mendocino,045,87422,1,0,0,0,0
2020-03-11,Merced,047,269075,2,0,0,0,0
2020-03-11,Modoc,049,8938,0,0,0,0,0
2020-03-11,Mono,051,14174,3,0,0,0,0
2020-03-11,Monterey,053,433212,7,0,0,0,0
2020-03-11,Napa,055,140530,2,0,0,0,0
2020-03-11,Nevada,057,99092,4,0,1,1,0
2020-03-11,Orange,059,3164182,202,6,0,6,0
2020-03-11,Placer,061,380077,18,6,0,6,1
2020-03-11,Plumas,063,18699,0,0,0,0,0
2020-03-11,Riverside,065,2383286,81,4,1,5,0
2020-03-11,Sacramento,067,1510023,88,9,0,9,1
2020-03-11,San Benito,069,59416,5,2,0,2,0
2020-03-11,San Bernardino,071,2135413,73,0,0,0,0
2020-03-11,San Diego,073,3302833,208,4,0,4,0
2020-03-11,San Francisco,075,870044,124,17,0,17,0
2020-03-11,San Joaquin,077,732212,33,1,3,4,0
2020-03-11,San Luis Obispo,079,281455,23,0,0,0,0
2020-03-11,San Mateo,081,765935,139,16,0,16,0
2020-03-11,Santa Barbara,083,443738,13,0,0,0,0
2020-03-11,Santa Clara,085,1922200,370,48,1,49,1
2020-03-11,Santa Cruz,087,273765,26,2,0,2,0
2020-03-11,Shasta,089,179085,2,1,0,1,0
2020-03-11,Sierra,091,2930,0,0,0,0,0
2020-03-11,Siskiyou,093,43540,0,0,0,0,0
2020-03-11,Solano,095,438530,29,26,0,26,0
2020-03-11,Sonoma,097,501317,30,2,0,2,0
2020-03-11,Stanislaus,099,539301,15,2,2,4,0
2020-03-11,Sutter,101,95872,0,0,0,0,0
2020-03-11,Tehama,103,63373,0,0,0,0,0
2020-03-11,Trinity,105,12862,0,0,0,0,0
2020-03-11,Tulare,107,460477,10,0,1,1,0
2020-03-11,Tuolumne,109,53932,1,0,0,0,0
2020-03-11,Ventura,111,848112,37,3,0,3,0
2020-03-11,Yolo,113,214977,9,1,0,1,0
2020-03-11,Yuba,115,75493,1,0,0,0,0
2020-03-10,Alameda,001,1643700,98,4,0,4,0
2020-03-10,Alpine,003,1148,0,0,0,0,0
2020-03-10,Amador,005,37829,1,0,0,0,0
2020-03-10,Butte,007,227075,0,0,0,0,0
2020-03-10,Calaveras,009,45235,2,2,0,2,0
2020-03-10,Colusa,011,21464,0,0,0,0,0
2020-03-10,Contra Costa,013,1133247,84,11,0,11,0
2020-03-10,Del Norte,015,27424,0,0,0,0,0
2020-03-10,El Dorado,017,186661,7,0,0,0,0
2020-03-10,Fresno,019,978130,7,1,1,2,0
2020-03-10,Glenn,021,27897,0,0,0,0,0
2020-03-10,Humboldt,023,135768,6,1,0,1,0
2020-03-10,Imperial,025,180216,5,0,0,0,0
2020-03-10,Inyo,027,18085,0,0,0,0,0
2020-03-10,Kern,029,883053,11,0,0,0,0
2020-03-10,Kings,031,150075,5,0,1,1,0
2020-03-10,Lake,033,64148,0,0,0,0,0
2020-03-10,Lassen,035,31185,1,0,0,0,0
2020-03-10,Los Angeles,037,10098052,561,20,7,27,0
2020-03-10,Madera,039,155013,7,1,0,1,0
2020-03-10,Marin,041,260295,16,1,0,1,0
2020-03-10,Mariposa,043,17540,0,0,0,0,0
2020-03-10,Mendocino,045,87422,0,0,0,0,0
2020-03-10,Merced,047,269075,2,0,0,0,0
2020-03-10,Modoc,049,8938,0,0,0,0,0
2020-03-10,Mono,051,14174,3,0,0,0,0
2020-03-10,Monterey,053,433212,5,0,0,0,0
2020-03-10,Napa,055,140530,2,0,0,0,0
2020-03-10,Nevada,057,99092,3,0,1,1,0
2020-03-10,Orange,059,3164182,182,5,0,5,1
2020-03-10,Placer,061,380077,14,7,0,7,1
2020-03-10,Plumas,063,18699,0,0,0,0,0
2020-03-10,Riverside,065,2383286,59,4,1,5,0
2020-03-10,Sacramento,067,1510023,79,8,0,8,0
2020-03-10,San Benito,069,59416,5,2,0,2,0
2020-03-10,San Bernardino,071,2135413,65,0,0,0,0
2020-03-10,San Diego,073,3302833,165,3,0,3,0
2020-03-10,San Francisco,075,870044,92,16,0,16,0
2020-03-10,San Joaquin,077,732212,30,1,3,4,0
2020-03-10,San Luis Obispo,079,281455,15,0,0,0,0
2020-03-10,San Mateo,081,765935,123,11,0,11,0
2020-03-10,Santa Barbara,083,443738,10,0,0,0,0
2020-03-10,Santa Clara,085,1922200,322,45,1,46,1
2020-03-10,Santa Cruz,087,273765,22,2,0,2,0
2020-03-10,Shasta,089,179085,2,1,0,1,0
2020-03-10,Sierra,091,2930,0,0,0,0,0
2020-03-10,Siskiyou,093,43540,0,0,0,0,0
2020-03-10,Solano,095,438530,27,26,0,26,0
2020-03-10,Sonoma,097,501317,27,2,0,2,0
2020-03-10,Stanislaus,099,539301,11,0,2,2,0
2020-03-10,Sutter,101,95872,0,0,0,0,0
2020-03-10,Tehama,103,63373,0,0,0,0,0
2020-03-10,Trinity,105,12862,0,0,0,0,0
2020-03-10,Tulare,107,460477,9,0,1,1,0
2020-03-10,Tuolumne,109,53932,1,0,0,0,0
2020-03-10,Ventura,111,848112,29,1,0,1,0
2020-03-10,Yolo,113,214977,6,2,0,2,0
2020-03-10,Yuba,115,75493,1,0,0,0,0
2020-03-09,Alameda,001,1643700,71,4,0,4,0
2020-03-09,Alpine,003,1148,0,0,0,0,0
2020-03-09,Amador,005,37829,0,0,0,0,0
2020-03-09,Butte,007,227075,0,0,0,0,0
2020-03-09,Calaveras,009,45235,2,0,0,0,0
2020-03-09,Colusa,011,21464,0,0,0,0,0
2020-03-09,Contra Costa,013,1133247,72,9,0,9,0
2020-03-09,Del Norte,015,27424,0,0,0,0,0
2020-03-09,El Dorado,017,186661,5,0,0,0,0
2020-03-09,Fresno,019,978130,7,1,1,2,0
2020-03-09,Glenn,021,27897,0,0,0,0,0
2020-03-09,Humboldt,023,135768,5,1,0,1,0
2020-03-09,Imperial,025,180216,5,0,0,0,0
2020-03-09,Inyo,027,18085,0,0,0,0,0
2020-03-09,Kern,029,883053,8,0,0,0,0
2020-03-09,Kings,031,150075,4,0,1,1,0
2020-03-09,Lake,033,64148,0,0,0,0,0
2020-03-09,Lassen,035,31185,1,0,0,0,0
2020-03-09,Los Angeles,037,10098052,459,17,6,23,0
2020-03-09,Madera,039,155013,7,1,0,1,0
2020-03-09,Marin,041,260295,15,1,0,1,0
2020-03-09,Mariposa,043,17540,0,0,0,0,0
2020-03-09,Mendocino,045,87422,0,0,0,0,0
2020-03-09,Merced,047,269075,2,0,0,0,0
2020-03-09,Modoc,049,8938,0,0,0,0,0
2020-03-09,Mono,051,14174,3,0,0,0,0
2020-03-09,Monterey,053,433212,3,0,0,0,0
2020-03-09,Napa,055,140530,2,0,0,0,0
2020-03-09,Nevada,057,99092,2,0,1,1,0
2020-03-09,Orange,059,3164182,154,4,0,4,0
2020-03-09,Placer,061,380077,12,7,0,7,1
2020-03-09,Plumas,063,18699,0,0,0,0,0
2020-03-09,Riverside,065,2383286,49,4,1,5,0
2020-03-09,Sacramento,067,1510023,75,8,0,8,0
2020-03-09,San Benito,069,59416,3,2,0,2,0
2020-03-09,San Bernardino,071,2135413,54,0,0,0,0
2020-03-09,San Diego,073,3302833,126,2,0,2,0
2020-03-09,San Francisco,075,870044,72,14,0,14,0
2020-03-09,San Joaquin,077,732212,21,0,3,3,0
2020-03-09,San Luis Obispo,079,281455,15,0,0,0,0
2020-03-09,San Mateo,081,765935,109,6,0,6,0
2020-03-09,Santa Barbara,083,443738,8,0,0,0,0
2020-03-09,Santa Clara,085,1922200,278,42,1,43,1
2020-03-09,Santa Cruz,087,273765,19,2,0,2,0
2020-03-09,Shasta,089,179085,2,1,0,1,0
2020-03-09,Sierra,091,2930,0,0,0,0,0
2020-03-09,Siskiyou,093,43540,0,0,0,0,0
2020-03-09,Solano,095,438530,25,26,0,26,0
2020-03-09,Sonoma,097,501317,22,2,0,2,0
2020-03-09,Stanislaus,099,539301,11,0,2,2,0
2020-03-09,Sutter,101,95872,0,0,0,0,0
2020-03-09,Tehama,103,63373,0,0,0,0,0
2020-03-09,Trinity,105,12862,0,0,0,0,0
2020-03-09,Tulare,107,460477,9,0,1,1,0
2020-03-09,Tuolumne,109,53932,1,0,0,0,0
2020-03-09,Ventura,111,848112,25,1,0,1,0
2020-03-09,Yolo,113,214977,5,2,0,2,0
2020-03-09,Yuba,115,75493,0,0,0,0,0
2020-03-08,Alameda,001,1643700,46,4,0,4,0
2020-03-08,Alpine,003,1148,0,0,0,0,0
2020-03-08,Amador,005,37829,0,0,0,0,0
2020-03-08,Butte,007,227075,0,0,0,0,0
2020-03-08,Calaveras,009,45235,2,0,0,0,0
2020-03-08,Colusa,011,21464,0,0,0,0,0
2020-03-08,Contra Costa,013,1133247,58,9,0,9,0
2020-03-08,Del Norte,015,27424,0,0,0,0,0
2020-03-08,El Dorado,017,186661,5,0,0,0,0
2020-03-08,Fresno,019,978130,5,1,1,2,0
2020-03-08,Glenn,021,27897,0,0,0,0,0
2020-03-08,Humboldt,023,135768,5,1,0,1,0
2020-03-08,Imperial,025,180216,5,0,0,0,0
2020-03-08,Inyo,027,18085,0,0,0,0,0
2020-03-08,Kern,029,883053,8,0,0,0,0
2020-03-08,Kings,031,150075,3,0,1,1,0
2020-03-08,Lake,033,64148,0,0,0,0,0
2020-03-08,Lassen,035,31185,0,0,0,0,0
2020-03-08,Los Angeles,037,10098052,366,14,6,20,0
2020-03-08,Madera,039,155013,7,1,0,1,0
2020-03-08,Marin,041,260295,13,1,0,1,0
2020-03-08,Mariposa,043,17540,0,0,0,0,0
2020-03-08,Mendocino,045,87422,0,0,0,0,0
2020-03-08,Merced,047,269075,2,0,0,0,0
2020-03-08,Modoc,049,8938,0,0,0,0,0
2020-03-08,Mono,051,14174,3,0,0,0,0
2020-03-08,Monterey,053,433212,3,0,0,0,0
2020-03-08,Napa,055,140530,2,0,0,0,0
2020-03-08,Nevada,057,99092,1,0,1,1,0
2020-03-08,Orange,059,3164182,129,4,0,4,0
2020-03-08,Placer,061,380077,11,7,0,7,1
2020-03-08,Plumas,063,18699,0,0,0,0,0
2020-03-08,Riverside,065,2383286,41,1,1,2,0
2020-03-08,Sacramento,067,1510023,65,5,0,5,0
2020-03-08,San Benito,069,59416,3,2,0,2,0
2020-03-08,San Bernardino,071,2135413,43,0,0,0,0
2020-03-08,San Diego,073,3302833,92,2,0,2,0
2020-03-08,San Francisco,075,870044,53,9,0,9,0
2020-03-08,San Joaquin,077,732212,18,0,3,3,0
2020-03-08,San Luis Obispo,079,281455,9,0,0,0,0
2020-03-08,San Mateo,081,765935,96,4,0,4,0
2020-03-08,Santa Barbara,083,443738,5,0,0,0,0
2020-03-08,Santa Clara,085,1922200,236,36,1,37,0
2020-03-08,Santa Cruz,087,273765,17,1,0,1,0
2020-03-08,Shasta,089,179085,2,0,0,0,0
2020-03-08,Sierra,091,2930,0,0,0,0,0
2020-03-08,Siskiyou,093,43540,0,0,0,0,0
2020-03-08,Solano,095,438530,24,26,0,26,0
2020-03-08,Sonoma,097,501317,17,2,0,2,0
2020-03-08,Stanislaus,099,539301,10,0,2,2,0
2020-03-08,Sutter,101,95872,0,0,0,0,0
2020-03-08,Tehama,103,63373,0,0,0,0,0
2020-03-08,Trinity,105,12862,0,0,0,0,0
2020-03-08,Tulare,107,460477,9,0,0,0,0
2020-03-08,Tuolumne,109,53932,1,0,0,0,0
2020-03-08,Ventura,111,848112,21,1,0,1,0
2020-03-08,Yolo,113,214977,2,2,0,2,0
2020-03-08,Yuba,115,75493,0,0,0,0,0
2020-03-07,Alameda,001,1643700,41,3,0,3,0
2020-03-07,Alpine,003,1148,0,0,0,0,0
2020-03-07,Amador,005,37829,0,0,0,0,0
2020-03-07,Butte,007,227075,0,0,0,0,0
2020-03-07,Calaveras,009,45235,2,0,0,0,0
2020-03-07,Colusa,011,21464,0,0,0,0,0
2020-03-07,Contra Costa,013,1133247,55,4,0,4,0
2020-03-07,Del Norte,015,27424,0,0,0,0,0
2020-03-07,El Dorado,017,186661,4,0,0,0,0
2020-03-07,Fresno,019,978130,4,1,1,2,0
2020-03-07,Glenn,021,27897,0,0,0,0,0
2020-03-07,Humboldt,023,135768,5,1,0,1,0
2020-03-07,Imperial,025,180216,4,0,0,0,0
2020-03-07,Inyo,027,18085,0,0,0,0,0
2020-03-07,Kern,029,883053,7,0,0,0,0
2020-03-07,Kings,031,150075,3,0,1,1,0
2020-03-07,Lake,033,64148,0,0,0,0,0
2020-03-07,Lassen,035,31185,0,0,0,0,0
2020-03-07,Los Angeles,037,10098052,316,14,6,20,0
2020-03-07,Madera,039,155013,6,1,0,1,0
2020-03-07,Marin,041,260295,11,0,0,0,0
2020-03-07,Mariposa,043,17540,0,0,0,0,0
2020-03-07,Mendocino,045,87422,0,0,0,0,0
2020-03-07,Merced,047,269075,2,0,0,0,0
2020-03-07,Modoc,049,8938,0,0,0,0,0
2020-03-07,Mono,051,14174,3,0,0,0,0
2020-03-07,Monterey,053,433212,3,0,0,0,0
2020-03-07,Napa,055,140530,1,0,0,0,0
2020-03-07,Nevada,057,99092,1,0,1,1,0
2020-03-07,Orange,059,3164182,121,4,0,4,0
2020-03-07,Placer,061,380077,11,6,0,6,1
2020-03-07,Plumas,063,18699,0,0,0,0,0
2020-03-07,Riverside,065,2383286,31,0,1,1,0
2020-03-07,Sacramento,067,1510023,52,4,0,4,0
2020-03-07,San Benito,069,59416,3,2,0,2,0
2020-03-07,San Bernardino,071,2135413,41,0,0,0,0
2020-03-07,San Diego,073,3302833,74,2,0,2,0
2020-03-07,San Francisco,075,870044,47,9,0,9,0
2020-03-07,San Joaquin,077,732212,16,0,3,3,0
2020-03-07,San Luis Obispo,079,281455,6,0,0,0,0
2020-03-07,San Mateo,081,765935,86,1,0,1,0
2020-03-07,Santa Barbara,083,443738,5,0,0,0,0
2020-03-07,Santa Clara,085,1922200,206,31,1,32,0
2020-03-07,Santa Cruz,087,273765,17,1,0,1,0
2020-03-07,Shasta,089,179085,2,0,0,0,0
2020-03-07,Sierra,091,2930,0,0,0,0,0
2020-03-07,Siskiyou,093,43540,0,0,0,0,0
2020-03-07,Solano,095,438530,23,25,0,25,0
2020-03-07,Sonoma,097,501317,13,2,0,2,0
2020-03-07,Stanislaus,099,539301,9,0,2,2,0
2020-03-07,Sutter,101,95872,0,0,0,0,0
2020-03-07,Tehama,103,63373,0,0,0,0,0
2020-03-07,Trinity,105,12862,0,0,0,0,0
2020-03-07,Tulare,107,460477,6,0,0,0,0
2020-03-07,Tuolumne,109,53932,1,0,0,0,0
2020-03-07,Ventura,111,848112,18,1,0,1,0
2020-03-07,Yolo,113,214977,2,2,0,2,0
2020-03-07,Yuba,115,75493,0,0,0,0,0
2020-03-06,Alameda,001,1643700,39,3,0,3,0
2020-03-06,Alpine,003,1148,0,0,0,0,0
2020-03-06,Amador,005,37829,0,0,0,0,0
2020-03-06,Butte,007,227075,0,0,0,0,0
2020-03-06,Calaveras,009,45235,2,0,0,0,0
2020-03-06,Colusa,011,21464,0,0,0,0,0
2020-03-06,Contra Costa,013,1133247,46,4,0,4,0
2020-03-06,Del Norte,015,27424,0,0,0,0,0
2020-03-06,El Dorado,017,186661,3,0,0,0,0
2020-03-06,Fresno,019,978130,3,0,1,1,0
2020-03-06,Glenn,021,27897,0,0,0,0,0
2020-03-06,Humboldt,023,135768,4,1,0,1,0
2020-03-06,Imperial,025,180216,3,0,0,0,0
2020-03-06,Inyo,027,18085,0,0,0,0,0
2020-03-06,Kern,029,883053,6,0,0,0,0
2020-03-06,Kings,031,150075,3,0,1,1,0
2020-03-06,Lake,033,64148,0,0,0,0,0
2020-03-06,Lassen,035,31185,0,0,0,0,0
2020-03-06,Los Angeles,037,10098052,273,13,6,19,0
2020-03-06,Madera,039,155013,5,0,0,0,0
2020-03-06,Marin,041,260295,10,0,0,0,0
2020-03-06,Mariposa,043,17540,0,0,0,0,0
2020-03-06,Mendocino,045,87422,0,0,0,0,0
2020-03-06,Merced,047,269075,2,0,0,0,0
2020-03-06,Modoc,049,8938,0,0,0,0,0
2020-03-06,Mono,051,14174,1,0,0,0,0
2020-03-06,Monterey,053,433212,3,0,0,0,0
2020-03-06,Napa,055,140530,1,0,0,0,0
2020-03-06,Nevada,057,99092,1,0,1,1,0
2020-03-06,Orange,059,3164182,95,4,0,4,0
2020-03-06,Placer,061,380077,10,5,0,5,1
2020-03-06,Plumas,063,18699,0,0,0,0,0
2020-03-06,Riverside,065,2383286,30,0,1,1,0
2020-03-06,Sacramento,067,1510023,43,2,0,2,0
2020-03-06,San Benito,069,59416,3,2,0,2,0
2020-03-06,San Bernardino,071,2135413,39,0,0,0,0
2020-03-06,San Diego,073,3302833,61,2,0,2,0
2020-03-06,San Francisco,075,870044,41,2,0,2,0
2020-03-06,San Joaquin,077,732212,13,0,3,3,0
2020-03-06,San Luis Obispo,079,281455,4,0,0,0,0
2020-03-06,San Mateo,081,765935,78,1,0,1,0
2020-03-06,Santa Barbara,083,443738,3,0,0,0,0
2020-03-06,Santa Clara,085,1922200,188,20,1,21,0
2020-03-06,Santa Cruz,087,273765,15,0,0,0,0
2020-03-06,Shasta,089,179085,2,0,0,0,0
2020-03-06,Sierra,091,2930,0,0,0,0,0
2020-03-06,Siskiyou,093,43540,0,0,0,0,0
2020-03-06,Solano,095,438530,22,25,0,25,0
2020-03-06,Sonoma,097,501317,13,2,0,2,0
2020-03-06,Stanislaus,099,539301,5,0,2,2,0
2020-03-06,Sutter,101,95872,0,0,0,0,0
2020-03-06,Tehama,103,63373,0,0,0,0,0
2020-03-06,Trinity,105,12862,0,0,0,0,0
2020-03-06,Tulare,107,460477,6,0,0,0,0
2020-03-06,Tuolumne,109,53932,1,0,0,0,0
2020-03-06,Ventura,111,848112,15,1,0,1,0
2020-03-06,Yolo,113,214977,2,1,0,1,0
2020-03-06,Yuba,115,75493,0,0,0,0,0
2020-03-05,Alameda,001,1643700,34,2,0,2,0
2020-03-05,Alpine,003,1148,0,0,0,0,0
2020-03-05,Amador,005,37829,0,0,0,0,0
2020-03-05,Butte,007,227075,0,0,0,0,0
2020-03-05,Calaveras,009,45235,2,0,0,0,0
2020-03-05,Colusa,011,21464,0,0,0,0,0
2020-03-05,Contra Costa,013,1133247,39,1,0,1,0
2020-03-05,Del Norte,015,27424,0,0,0,0,0
2020-03-05,El Dorado,017,186661,1,0,0,0,0
2020-03-05,Fresno,019,978130,3,0,1,1,0
2020-03-05,Glenn,021,27897,0,0,0,0,0
2020-03-05,Humboldt,023,135768,4,1,0,1,0
2020-03-05,Imperial,025,180216,2,0,0,0,0
2020-03-05,Inyo,027,18085,0,0,0,0,0
2020-03-05,Kern,029,883053,6,0,0,0,0
2020-03-05,Kings,031,150075,3,0,1,1,0
2020-03-05,Lake,033,64148,0,0,0,0,0
2020-03-05,Lassen,035,31185,0,0,0,0,0
2020-03-05,Los Angeles,037,10098052,226,11,6,17,0
2020-03-05,Madera,039,155013,5,0,0,0,0
2020-03-05,Marin,041,260295,10,0,0,0,0
2020-03-05,Mariposa,043,17540,0,0,0,0,0
2020-03-05,Mendocino,045,87422,0,0,0,0,0
2020-03-05,Merced,047,269075,2,0,0,0,0
2020-03-05,Modoc,049,8938,0,0,0,0,0
2020-03-05,Mono,051,14174,1,0,0,0,0
2020-03-05,Monterey,053,433212,3,0,0,0,0
2020-03-05,Napa,055,140530,1,0,0,0,0
2020-03-05,Nevada,057,99092,0,0,1,1,0
2020-03-05,Orange,059,3164182,80,3,0,3,0
2020-03-05,Placer,061,380077,10,2,0,2,1
2020-03-05,Plumas,063,18699,0,0,0,0,0
2020-03-05,Riverside,065,2383286,27,0,1,1,0
2020-03-05,Sacramento,067,1510023,37,2,0,2,0
2020-03-05,San Benito,069,59416,1,2,0,2,0
2020-03-05,San Bernardino,071,2135413,34,0,0,0,0
2020-03-05,San Diego,073,3302833,54,2,0,2,0
2020-03-05,San Francisco,075,870044,31,2,0,2,0
2020-03-05,San Joaquin,077,732212,10,0,3,3,0
2020-03-05,San Luis Obispo,079,281455,4,0,0,0,0
2020-03-05,San Mateo,081,765935,65,1,0,1,0
2020-03-05,Santa Barbara,083,443738,2,0,0,0,0
2020-03-05,Santa Clara,085,1922200,164,14,1,15,0
2020-03-05,Santa Cruz,087,273765,13,0,0,0,0
2020-03-05,Shasta,089,179085,2,0,0,0,0
2020-03-05,Sierra,091,2930,0,0,0,0,0
2020-03-05,Siskiyou,093,43540,0,0,0,0,0
2020-03-05,Solano,095,438530,22,24,0,24,0
2020-03-05,Sonoma,097,501317,12,2,0,2,0
2020-03-05,Stanislaus,099,539301,4,0,2,2,0
2020-03-05,Sutter,101,95872,0,0,0,0,0
2020-03-05,Tehama,103,63373,0,0,0,0,0
2020-03-05,Trinity,105,12862,0,0,0,0,0
2020-03-05,Tulare,107,460477,6,0,0,0,0
2020-03-05,Tuolumne,109,53932,1,0,0,0,0
2020-03-05,Ventura,111,848112,13,0,0,0,0
2020-03-05,Yolo,113,214977,2,0,0,0,0
2020-03-05,Yuba,115,75493,0,0,0,0,0
2020-03-04,Alameda,001,1643700,30,2,0,2,0
2020-03-04,Alpine,003,1148,0,0,0,0,0
2020-03-04,Amador,005,37829,0,0,0,0,0
2020-03-04,Butte,007,227075,0,0,0,0,0
2020-03-04,Calaveras,009,45235,0,0,0,0,0
2020-03-04,Colusa,011,21464,0,0,0,0,0
2020-03-04,Contra Costa,013,1133247,34,1,0,1,0
2020-03-04,Del Norte,015,27424,0,0,0,0,0
2020-03-04,El Dorado,017,186661,1,0,0,0,0
2020-03-04,Fresno,019,978130,3,0,1,1,0
2020-03-04,Glenn,021,27897,0,0,0,0,0
2020-03-04,Humboldt,023,135768,1,1,0,1,0
2020-03-04,Imperial,025,180216,2,0,0,0,0
2020-03-04,Inyo,027,18085,0,0,0,0,0
2020-03-04,Kern,029,883053,6,0,0,0,0
2020-03-04,Kings,031,150075,3,0,1,1,0
2020-03-04,Lake,033,64148,0,0,0,0,0
2020-03-04,Lassen,035,31185,0,0,0,0,0
2020-03-04,Los Angeles,037,10098052,191,7,6,13,0
2020-03-04,Madera,039,155013,5,0,0,0,0
2020-03-04,Marin,041,260295,10,0,0,0,0
2020-03-04,Mariposa,043,17540,0,0,0,0,0
2020-03-04,Mendocino,045,87422,0,0,0,0,0
2020-03-04,Merced,047,269075,2,0,0,0,0
2020-03-04,Modoc,049,8938,0,0,0,0,0
2020-03-04,Mono,051,14174,1,0,0,0,0
2020-03-04,Monterey,053,433212,3,0,0,0,0
2020-03-04,Napa,055,140530,1,0,0,0,0
2020-03-04,Nevada,057,99092,0,0,1,1,0
2020-03-04,Orange,059,3164182,77,3,0,3,0
2020-03-04,Placer,061,380077,9,2,0,2,1
2020-03-04,Plumas,063,18699,0,0,0,0,0
2020-03-04,Riverside,065,2383286,23,0,1,1,0
2020-03-04,Sacramento,067,1510023,32,1,0,1,0
2020-03-04,San Benito,069,59416,1,2,0,2,0
2020-03-04,San Bernardino,071,2135413,31,0,0,0,0
2020-03-04,San Diego,073,3302833,41,2,0,2,0
2020-03-04,San Francisco,075,870044,26,0,0,0,0
2020-03-04,San Joaquin,077,732212,9,0,3,3,0
2020-03-04,San Luis Obispo,079,281455,4,0,0,0,0
2020-03-04,San Mateo,081,765935,60,1,0,1,0
2020-03-04,Santa Barbara,083,443738,2,0,0,0,0
2020-03-04,Santa Clara,085,1922200,147,12,1,13,0
2020-03-04,Santa Cruz,087,273765,13,0,0,0,0
2020-03-04,Shasta,089,179085,2,0,0,0,0
2020-03-04,Sierra,091,2930,0,0,0,0,0
2020-03-04,Siskiyou,093,43540,0,0,0,0,0
2020-03-04,Solano,095,438530,21,24,0,24,0
2020-03-04,Sonoma,097,501317,11,2,0,2,0
2020-03-04,Stanislaus,099,539301,4,0,2,2,0
2020-03-04,Sutter,101,95872,0,0,0,0,0
2020-03-04,Tehama,103,63373,0,0,0,0,0
2020-03-04,Trinity,105,12862,0,0,0,0,0
2020-03-04,Tulare,107,460477,6,0,0,0,0
2020-03-04,Tuolumne,109,53932,0,0,0,0,0
2020-03-04,Ventura,111,848112,12,0,0,0,0
2020-03-04,Yolo,113,214977,2,0,0,0,0
2020-03-04,Yuba,115,75493,0,0,0,0,0
2020-03-03,Alameda,001,1643700,24,2,0,2,0
2020-03-03,Alpine,003,1148,0,0,0,0,0
2020-03-03,Amador,005,37829,0,0,0,0,0
2020-03-03,Butte,007,227075,0,0,0,0,0
2020-03-03,Calaveras,009,45235,0,0,0,0,0
2020-03-03,Colusa,011,21464,0,0,0,0,0
2020-03-03,Contra Costa,013,1133247,30,0,0,0,0
2020-03-03,Del Norte,015,27424,0,0,0,0,0
2020-03-03,El Dorado,017,186661,1,0,0,0,0
2020-03-03,Fresno,019,978130,2,0,1,1,0
2020-03-03,Glenn,021,27897,0,0,0,0,0
2020-03-03,Humboldt,023,135768,1,1,0,1,0
2020-03-03,Imperial,025,180216,2,0,0,0,0
2020-03-03,Inyo,027,18085,0,0,0,0,0
2020-03-03,Kern,029,883053,4,0,0,0,0
2020-03-03,Kings,031,150075,3,0,1,1,0
2020-03-03,Lake,033,64148,0,0,0,0,0
2020-03-03,Lassen,035,31185,0,0,0,0,0
2020-03-03,Los Angeles,037,10098052,172,5,6,11,0
2020-03-03,Madera,039,155013,4,0,0,0,0
2020-03-03,Marin,041,260295,6,0,0,0,0
2020-03-03,Mariposa,043,17540,0,0,0,0,0
2020-03-03,Mendocino,045,87422,0,0,0,0,0
2020-03-03,Merced,047,269075,2,0,0,0,0
2020-03-03,Modoc,049,8938,0,0,0,0,0
2020-03-03,Mono,051,14174,1,0,0,0,0
2020-03-03,Monterey,053,433212,2,0,0,0,0
2020-03-03,Napa,055,140530,1,0,0,0,0
2020-03-03,Nevada,057,99092,0,0,1,1,0
2020-03-03,Orange,059,3164182,69,1,0,1,0
2020-03-03,Placer,061,380077,8,2,0,2,0
2020-03-03,Plumas,063,18699,0,0,0,0,0
2020-03-03,Riverside,065,2383286,20,0,1,1,0
2020-03-03,Sacramento,067,1510023,31,1,0,1,0
2020-03-03,San Benito,069,59416,1,2,0,2,0
2020-03-03,San Bernardino,071,2135413,28,0,0,0,0
2020-03-03,San Diego,073,3302833,34,2,0,2,0
2020-03-03,San Francisco,075,870044,24,0,0,0,0
2020-03-03,San Joaquin,077,732212,8,0,3,3,0
2020-03-03,San Luis Obispo,079,281455,2,0,0,0,0
2020-03-03,San Mateo,081,765935,53,1,0,1,0
2020-03-03,Santa Barbara,083,443738,1,0,0,0,0
2020-03-03,Santa Clara,085,1922200,132,11,1,12,0
2020-03-03,Santa Cruz,087,273765,10,0,0,0,0
2020-03-03,Shasta,089,179085,2,0,0,0,0
2020-03-03,Sierra,091,2930,0,0,0,0,0
2020-03-03,Siskiyou,093,43540,0,0,0,0,0
2020-03-03,Solano,095,438530,20,24,0,24,0
2020-03-03,Sonoma,097,501317,11,1,0,1,0
2020-03-03,Stanislaus,099,539301,4,0,2,2,0
2020-03-03,Sutter,101,95872,0,0,0,0,0
2020-03-03,Tehama,103,63373,0,0,0,0,0
2020-03-03,Trinity,105,12862,0,0,0,0,0
2020-03-03,Tulare,107,460477,6,0,0,0,0
2020-03-03,Tuolumne,109,53932,0,0,0,0,0
2020-03-03,Ventura,111,848112,11,0,0,0,0
2020-03-03,Yolo,113,214977,1,0,0,0,0
2020-03-03,Yuba,115,75493,0,0,0,0,0
2020-03-02,Alameda,001,1643700,21,1,0,1,0
2020-03-02,Alpine,003,1148,0,0,0,0,0
2020-03-02,Amador,005,37829,0,0,0,0,0
2020-03-02,Butte,007,227075,0,0,0,0,0
2020-03-02,Calaveras,009,45235,0,0,0,0,0
2020-03-02,Colusa,011,21464,0,0,0,0,0
2020-03-02,Contra Costa,013,1133247,27,0,0,0,0
2020-03-02,Del Norte,015,27424,0,0,0,0,0
2020-03-02,El Dorado,017,186661,1,0,0,0,0
2020-03-02,Fresno,019,978130,2,0,1,1,0
2020-03-02,Glenn,021,27897,0,0,0,0,0
2020-03-02,Humboldt,023,135768,1,1,0,1,0
2020-03-02,Imperial,025,180216,2,0,0,0,0
2020-03-02,Inyo,027,18085,0,0,0,0,0
2020-03-02,Kern,029,883053,4,0,0,0,0
2020-03-02,Kings,031,150075,3,0,1,1,0
2020-03-02,Lake,033,64148,0,0,0,0,0
2020-03-02,Lassen,035,31185,0,0,0,0,0
2020-03-02,Los Angeles,037,10098052,157,1,6,7,0
2020-03-02,Madera,039,155013,4,0,0,0,0
2020-03-02,Marin,041,260295,6,0,0,0,0
2020-03-02,Mariposa,043,17540,0,0,0,0,0
2020-03-02,Mendocino,045,87422,0,0,0,0,0
2020-03-02,Merced,047,269075,1,0,0,0,0
2020-03-02,Modoc,049,8938,0,0,0,0,0
2020-03-02,Mono,051,14174,1,0,0,0,0
2020-03-02,Monterey,053,433212,2,0,0,0,0
2020-03-02,Napa,055,140530,1,0,0,0,0
2020-03-02,Nevada,057,99092,0,0,1,1,0
2020-03-02,Orange,059,3164182,64,1,0,1,0
2020-03-02,Placer,061,380077,8,1,0,1,0
2020-03-02,Plumas,063,18699,0,0,0,0,0
2020-03-02,Riverside,065,2383286,19,0,1,1,0
2020-03-02,Sacramento,067,1510023,25,1,0,1,0
2020-03-02,San Benito,069,59416,1,2,0,2,0
2020-03-02,San Bernardino,071,2135413,28,0,0,0,0
2020-03-02,San Diego,073,3302833,28,2,0,2,0
2020-03-02,San Francisco,075,870044,17,0,0,0,0
2020-03-02,San Joaquin,077,732212,7,0,3,3,0
2020-03-02,San Luis Obispo,079,281455,2,0,0,0,0
2020-03-02,San Mateo,081,765935,44,1,0,1,0
2020-03-02,Santa Barbara,083,443738,1,0,0,0,0
2020-03-02,Santa Clara,085,1922200,110,7,1,8,0
2020-03-02,Santa Cruz,087,273765,9,0,0,0,0
2020-03-02,Shasta,089,179085,2,0,0,0,0
2020-03-02,Sierra,091,2930,0,0,0,0,0
2020-03-02,Siskiyou,093,43540,0,0,0,0,0
2020-03-02,Solano,095,438530,19,24,0,24,0
2020-03-02,Sonoma,097,501317,10,1,0,1,0
2020-03-02,Stanislaus,099,539301,2,0,2,2,0
2020-03-02,Sutter,101,95872,0,0,0,0,0
2020-03-02,Tehama,103,63373,0,0,0,0,0
2020-03-02,Trinity,105,12862,0,0,0,0,0
2020-03-02,Tulare,107,460477,6,0,0,0,0
2020-03-02,Tuolumne,109,53932,0,0,0,0,0
2020-03-02,Ventura,111,848112,10,0,0,0,0
2020-03-02,Yolo,113,214977,1,0,0,0,0
2020-03-02,Yuba,115,75493,0,0,0,0,0
2020-03-01,Alameda,001,1643700,20,1,0,1,0
2020-03-01,Alpine,003,1148,0,0,0,0,0
2020-03-01,Amador,005,37829,0,0,0,0,0
2020-03-01,Butte,007,227075,0,0,0,0,0
2020-03-01,Calaveras,009,45235,0,0,0,0,0
2020-03-01,Colusa,011,21464,0,0,0,0,0
2020-03-01,Contra Costa,013,1133247,24,0,0,0,0
2020-03-01,Del Norte,015,27424,0,0,0,0,0
2020-03-01,El Dorado,017,186661,1,0,0,0,0
2020-03-01,Fresno,019,978130,1,0,1,1,0
2020-03-01,Glenn,021,27897,0,0,0,0,0
2020-03-01,Humboldt,023,135768,1,1,0,1,0
2020-03-01,Imperial,025,180216,2,0,0,0,0
2020-03-01,Inyo,027,18085,0,0,0,0,0
2020-03-01,Kern,029,883053,2,0,0,0,0
2020-03-01,Kings,031,150075,3,0,1,1,0
2020-03-01,Lake,033,64148,0,0,0,0,0
2020-03-01,Lassen,035,31185,0,0,0,0,0
2020-03-01,Los Angeles,037,10098052,138,1,6,7,0
2020-03-01,Madera,039,155013,2,0,0,0,0
2020-03-01,Marin,041,260295,5,0,0,0,0
2020-03-01,Mariposa,043,17540,0,0,0,0,0
2020-03-01,Mendocino,045,87422,0,0,0,0,0
2020-03-01,Merced,047,269075,1,0,0,0,0
2020-03-01,Modoc,049,8938,0,0,0,0,0
2020-03-01,Mono,051,14174,1,0,0,0,0
2020-03-01,Monterey,053,433212,1,0,0,0,0
2020-03-01,Napa,055,140530,1,0,0,0,0
2020-03-01,Nevada,057,99092,0,0,1,1,0
2020-03-01,Orange,059,3164182,61,1,0,1,0
2020-03-01,Placer,061,380077,8,0,0,0,0
2020-03-01,Plumas,063,18699,0,0,0,0,0
2020-03-01,Riverside,065,2383286,18,0,1,1,0
2020-03-01,Sacramento,067,1510023,21,1,0,1,0
2020-03-01,San Benito,069,59416,0,2,0,2,0
2020-03-01,San Bernardino,071,2135413,27,0,0,0,0
2020-03-01,San Diego,073,3302833,21,2,0,2,0
2020-03-01,San Francisco,075,870044,13,0,0,0,0
2020-03-01,San Joaquin,077,732212,7,0,3,3,0
2020-03-01,San Luis Obispo,079,281455,2,0,0,0,0
2020-03-01,San Mateo,081,765935,36,0,0,0,0
2020-03-01,Santa Barbara,083,443738,1,0,0,0,0
2020-03-01,Santa Clara,085,1922200,97,6,1,7,0
2020-03-01,Santa Cruz,087,273765,8,0,0,0,0
2020-03-01,Shasta,089,179085,2,0,0,0,0
2020-03-01,Sierra,091,2930,0,0,0,0,0
2020-03-01,Siskiyou,093,43540,0,0,0,0,0
2020-03-01,Solano,095,438530,19,24,0,24,0
2020-03-01,Sonoma,097,501317,9,0,0,0,0
2020-03-01,Stanislaus,099,539301,2,0,2,2,0
2020-03-01,Sutter,101,95872,0,0,0,0,0
2020-03-01,Tehama,103,63373,0,0,0,0,0
2020-03-01,Trinity,105,12862,0,0,0,0,0
2020-03-01,Tulare,107,460477,6,0,0,0,0
2020-03-01,Tuolumne,109,53932,0,0,0,0,0
2020-03-01,Ventura,111,848112,8,0,0,0,0
2020-03-01,Yolo,113,214977,1,0,0,0,0
2020-03-01,Yuba,115,75493,0,0,0,0,0
2020-02-29,Alameda,001,1643700,16,0,0,0,0
2020-02-29,Alpine,003,1148,0,0,0,0,0
2020-02-29,Amador,005,37829,0,0,0,0,0
2020-02-29,Butte,007,227075,0,0,0,0,0
2020-02-29,Calaveras,009,45235,0,0,0,0,0
2020-02-29,Colusa,011,21464,0,0,0,0,0
2020-02-29,Contra Costa,013,1133247,20,0,0,0,0
2020-02-29,Del Norte,015,27424,0,0,0,0,0
2020-02-29,El Dorado,017,186661,1,0,0,0,0
2020-02-29,Fresno,019,978130,1,0,0,0,0
2020-02-29,Glenn,021,27897,0,0,0,0,0
2020-02-29,Humboldt,023,135768,1,1,0,1,0
2020-02-29,Imperial,025,180216,1,0,0,0,0
2020-02-29,Inyo,027,18085,0,0,0,0,0
2020-02-29,Kern,029,883053,2,0,0,0,0
2020-02-29,Kings,031,150075,3,0,1,1,0
2020-02-29,Lake,033,64148,0,0,0,0,0
2020-02-29,Lassen,035,31185,0,0,0,0,0
2020-02-29,Los Angeles,037,10098052,110,1,6,7,0
2020-02-29,Madera,039,155013,2,0,0,0,0
2020-02-29,Marin,041,260295,4,0,0,0,0
2020-02-29,Mariposa,043,17540,0,0,0,0,0
2020-02-29,Mendocino,045,87422,0,0,0,0,0
2020-02-29,Merced,047,269075,1,0,0,0,0
2020-02-29,Modoc,049,8938,0,0,0,0,0
2020-02-29,Mono,051,14174,1,0,0,0,0
2020-02-29,Monterey,053,433212,1,0,0,0,0
2020-02-29,Napa,055,140530,1,0,0,0,0
2020-02-29,Nevada,057,99092,0,0,1,1,0
2020-02-29,Orange,059,3164182,56,1,0,1,0
2020-02-29,Placer,061,380077,7,0,0,0,0
2020-02-29,Plumas,063,18699,0,0,0,0,0
2020-02-29,Riverside,065,2383286,15,0,1,1,0
2020-02-29,Sacramento,067,1510023,16,1,0,1,0
2020-02-29,San Benito,069,59416,0,2,0,2,0
2020-02-29,San Bernardino,071,2135413,25,0,0,0,0
2020-02-29,San Diego,073,3302833,16,2,0,2,0
2020-02-29,San Francisco,075,870044,12,0,0,0,0
2020-02-29,San Joaquin,077,732212,6,0,3,3,0
2020-02-29,San Luis Obispo,079,281455,2,0,0,0,0
2020-02-29,San Mateo,081,765935,29,0,0,0,0
2020-02-29,Santa Barbara,083,443738,0,0,0,0,0
2020-02-29,Santa Clara,085,1922200,75,3,1,4,0
2020-02-29,Santa Cruz,087,273765,8,0,0,0,0
2020-02-29,Shasta,089,179085,2,0,0,0,0
2020-02-29,Sierra,091,2930,0,0,0,0,0
2020-02-29,Siskiyou,093,43540,0,0,0,0,0
2020-02-29,Solano,095,438530,18,23,0,23,0
2020-02-29,Sonoma,097,501317,6,0,0,0,0
2020-02-29,Stanislaus,099,539301,2,0,2,2,0
2020-02-29,Sutter,101,95872,0,0,0,0,0
2020-02-29,Tehama,103,63373,0,0,0,0,0
2020-02-29,Trinity,105,12862,0,0,0,0,0
2020-02-29,Tulare,107,460477,4,0,0,0,0
2020-02-29,Tuolumne,109,53932,0,0,0,0,0
2020-02-29,Ventura,111,848112,6,0,0,0,0
2020-02-29,Yolo,113,214977,1,0,0,0,0
2020-02-29,Yuba,115,75493,0,0,0,0,0
2020-02-28,Alameda,001,1643700,14,0,0,0,0
2020-02-28,Alpine,003,1148,0,0,0,0,0
2020-02-28,Amador,005,37829,0,0,0,0,0
2020-02-28,Butte,007,227075,0,0,0,0,0
2020-02-28,Calaveras,009,45235,0,0,0,0,0
2020-02-28,Colusa,011,21464,0,0,0,0,0
2020-02-28,Contra Costa,013,1133247,20,0,0,0,0
2020-02-28,Del Norte,015,27424,0,0,0,0,0
2020-02-28,El Dorado,017,186661,0,0,0,0,0
2020-02-28,Fresno,019,978130,1,0,0,0,0
2020-02-28,Glenn,021,27897,0,0,0,0,0
2020-02-28,Humboldt,023,135768,1,1,0,1,0
2020-02-28,Imperial,025,180216,1,0,0,0,0
2020-02-28,Inyo,027,18085,0,0,0,0,0
2020-02-28,Kern,029,883053,2,0,0,0,0
2020-02-28,Kings,031,150075,3,0,1,1,0
2020-02-28,Lake,033,64148,0,0,0,0,0
2020-02-28,Lassen,035,31185,0,0,0,0,0
2020-02-28,Los Angeles,037,10098052,102,1,6,7,0
2020-02-28,Madera,039,155013,2,0,0,0,0
2020-02-28,Marin,041,260295,2,0,0,0,0
2020-02-28,Mariposa,043,17540,0,0,0,0,0
2020-02-28,Mendocino,045,87422,0,0,0,0,0
2020-02-28,Merced,047,269075,1,0,0,0,0
2020-02-28,Modoc,049,8938,0,0,0,0,0
2020-02-28,Mono,051,14174,0,0,0,0,0
2020-02-28,Monterey,053,433212,1,0,0,0,0
2020-02-28,Napa,055,140530,1,0,0,0,0
2020-02-28,Nevada,057,99092,0,0,1,1,0
2020-02-28,Orange,059,3164182,54,1,0,1,0
2020-02-28,Placer,061,380077,7,0,0,0,0
2020-02-28,Plumas,063,18699,0,0,0,0,0
2020-02-28,Riverside,065,2383286,13,0,1,1,0
2020-02-28,Sacramento,067,1510023,10,1,0,1,0
2020-02-28,San Benito,069,59416,0,2,0,2,0
2020-02-28,San Bernardino,071,2135413,25,0,0,0,0
2020-02-28,San Diego,073,3302833,13,2,0,2,0
2020-02-28,San Francisco,075,870044,10,0,0,0,0
2020-02-28,San Joaquin,077,732212,6,0,3,3,0
2020-02-28,San Luis Obispo,079,281455,2,0,0,0,0
2020-02-28,San Mateo,081,765935,24,0,0,0,0
2020-02-28,Santa Barbara,083,443738,0,0,0,0,0
2020-02-28,Santa Clara,085,1922200,70,3,1,4,0
2020-02-28,Santa Cruz,087,273765,8,0,0,0,0
2020-02-28,Shasta,089,179085,2,0,0,0,0
2020-02-28,Sierra,091,2930,0,0,0,0,0
2020-02-28,Siskiyou,093,43540,0,0,0,0,0
2020-02-28,Solano,095,438530,17,23,0,23,0
2020-02-28,Sonoma,097,501317,6,0,0,0,0
2020-02-28,Stanislaus,099,539301,2,0,2,2,0
2020-02-28,Sutter,101,95872,0,0,0,0,0
2020-02-28,Tehama,103,63373,0,0,0,0,0
2020-02-28,Trinity,105,12862,0,0,0,0,0
2020-02-28,Tulare,107,460477,3,0,0,0,0
2020-02-28,Tuolumne,109,53932,0,0,0,0,0
2020-02-28,Ventura,111,848112,6,0,0,0,0
2020-02-28,Yolo,113,214977,1,0,0,0,0
2020-02-28,Yuba,115,75493,0,0,0,0,0
2020-02-27,Alameda,001,1643700,13,0,0,0,0
2020-02-27,Alpine,003,1148,0,0,0,0,0
2020-02-27,Amador,005,37829,0,0,0,0,0
2020-02-27,Butte,007,227075,0,0,0,0,0
2020-02-27,Calaveras,009,45235,0,0,0,0,0
2020-02-27,Colusa,011,21464,0,0,0,0,0
2020-02-27,Contra Costa,013,1133247,14,0,0,0,0
2020-02-27,Del Norte,015,27424,0,0,0,0,0
2020-02-27,El Dorado,017,186661,0,0,0,0,0
2020-02-27,Fresno,019,978130,1,0,0,0,0
2020-02-27,Glenn,021,27897,0,0,0,0,0
2020-02-27,Humboldt,023,135768,1,1,0,1,0
2020-02-27,Imperial,025,180216,1,0,0,0,0
2020-02-27,Inyo,027,18085,0,0,0,0,0
2020-02-27,Kern,029,883053,2,0,0,0,0
2020-02-27,Kings,031,150075,3,0,1,1,0
2020-02-27,Lake,033,64148,0,0,0,0,0
2020-02-27,Lassen,035,31185,0,0,0,0,0
2020-02-27,Los Angeles,037,10098052,94,1,6,7,0
2020-02-27,Madera,039,155013,2,0,0,0,0
2020-02-27,Marin,041,260295,1,0,0,0,0
2020-02-27,Mariposa,043,17540,0,0,0,0,0
2020-02-27,Mendocino,045,87422,0,0,0,0,0
2020-02-27,Merced,047,269075,1,0,0,0,0
2020-02-27,Modoc,049,8938,0,0,0,0,0
2020-02-27,Mono,051,14174,0,0,0,0,0
2020-02-27,Monterey,053,433212,1,0,0,0,0
2020-02-27,Napa,055,140530,1,0,0,0,0
2020-02-27,Nevada,057,99092,0,0,1,1,0
2020-02-27,Orange,059,3164182,48,1,0,1,0
2020-02-27,Placer,061,380077,6,0,0,0,0
2020-02-27,Plumas,063,18699,0,0,0,0,0
2020-02-27,Riverside,065,2383286,12,0,1,1,0
2020-02-27,Sacramento,067,1510023,10,1,0,1,0
2020-02-27,San Benito,069,59416,0,2,0,2,0
2020-02-27,San Bernardino,071,2135413,25,0,0,0,0
2020-02-27,San Diego,073,3302833,12,2,0,2,0
2020-02-27,San Francisco,075,870044,9,0,0,0,0
2020-02-27,San Joaquin,077,732212,5,0,3,3,0
2020-02-27,San Luis Obispo,079,281455,2,0,0,0,0
2020-02-27,San Mateo,081,765935,20,0,0,0,0
2020-02-27,Santa Barbara,083,443738,0,0,0,0,0
2020-02-27,Santa Clara,085,1922200,59,2,1,3,0
2020-02-27,Santa Cruz,087,273765,6,0,0,0,0
2020-02-27,Shasta,089,179085,0,0,0,0,0
2020-02-27,Sierra,091,2930,0,0,0,0,0
2020-02-27,Siskiyou,093,43540,0,0,0,0,0
2020-02-27,Solano,095,438530,17,23,0,23,0
2020-02-27,Sonoma,097,501317,5,0,0,0,0
2020-02-27,Stanislaus,099,539301,2,0,2,2,0
2020-02-27,Sutter,101,95872,0,0,0,0,0
2020-02-27,Tehama,103,63373,0,0,0,0,0
2020-02-27,Trinity,105,12862,0,0,0,0,0
2020-02-27,Tulare,107,460477,3,0,0,0,0
2020-02-27,Tuolumne,109,53932,0,0,0,0,0
2020-02-27,Ventura,111,848112,4,0,0,0,0
2020-02-27,Yolo,113,214977,1,0,0,0,0
2020-02-27,Yuba,115,75493,0,0,0,0,0
2020-02-26,Alameda,001,1643700,13,0,0,0,0
2020-02-26,Alpine,003,1148,0,0,0,0,0
2020-02-26,Amador,005,37829,0,0,0,0,0
2020-02-26,Butte,007,227075,0,0,0,0,0
2020-02-26,Calaveras,009,45235,0,0,0,0,0
2020-02-26,Colusa,011,21464,0,0,0,0,0
2020-02-26,Contra Costa,013,1133247,13,0,0,0,0
2020-02-26,Del Norte,015,27424,0,0,0,0,0
2020-02-26,El Dorado,017,186661,0,0,0,0,0
2020-02-26,Fresno,019,978130,1,0,0,0,0
2020-02-26,Glenn,021,27897,0,0,0,0,0
2020-02-26,Humboldt,023,135768,1,1,0,1,0
2020-02-26,Imperial,025,180216,1,0,0,0,0
2020-02-26,Inyo,027,18085,0,0,0,0,0
2020-02-26,Kern,029,883053,2,0,0,0,0
2020-02-26,Kings,031,150075,3,0,1,1,0
2020-02-26,Lake,033,64148,0,0,0,0,0
2020-02-26,Lassen,035,31185,0,0,0,0,0
2020-02-26,Los Angeles,037,10098052,88,1,6,7,0
2020-02-26,Madera,039,155013,2,0,0,0,0
2020-02-26,Marin,041,260295,1,0,0,0,0
2020-02-26,Mariposa,043,17540,0,0,0,0,0
2020-02-26,Mendocino,045,87422,0,0,0,0,0
2020-02-26,Merced,047,269075,1,0,0,0,0
2020-02-26,Modoc,049,8938,0,0,0,0,0
2020-02-26,Mono,051,14174,0,0,0,0,0
2020-02-26,Monterey,053,433212,1,0,0,0,0
2020-02-26,Napa,055,140530,0,0,0,0,0
2020-02-26,Nevada,057,99092,0,0,1,1,0
2020-02-26,Orange,059,3164182,47,1,0,1,0
2020-02-26,Placer,061,380077,5,0,0,0,0
2020-02-26,Plumas,063,18699,0,0,0,0,0
2020-02-26,Riverside,065,2383286,10,0,1,1,0
2020-02-26,Sacramento,067,1510023,10,1,0,1,0
2020-02-26,San Benito,069,59416,0,2,0,2,0
2020-02-26,San Bernardino,071,2135413,23,0,0,0,0
2020-02-26,San Diego,073,3302833,11,2,0,2,0
2020-02-26,San Francisco,075,870044,9,0,0,0,0
2020-02-26,San Joaquin,077,732212,5,0,3,3,0
2020-02-26,San Luis Obispo,079,281455,2,0,0,0,0
2020-02-26,San Mateo,081,765935,18,0,0,0,0
2020-02-26,Santa Barbara,083,443738,0,0,0,0,0
2020-02-26,Santa Clara,085,1922200,50,2,1,3,0
2020-02-26,Santa Cruz,087,273765,6,0,0,0,0
2020-02-26,Shasta,089,179085,0,0,0,0,0
2020-02-26,Sierra,091,2930,0,0,0,0,0
2020-02-26,Siskiyou,093,43540,0,0,0,0,0
2020-02-26,Solano,095,438530,17,23,0,23,0
2020-02-26,Sonoma,097,501317,5,0,0,0,0
2020-02-26,Stanislaus,099,539301,2,0,2,2,0
2020-02-26,Sutter,101,95872,0,0,0,0,0
2020-02-26,Tehama,103,63373,0,0,0,0,0
2020-02-26,Trinity,105,12862,0,0,0,0,0
2020-02-26,Tulare,107,460477,3,0,0,0,0
2020-02-26,Tuolumne,109,53932,0,0,0,0,0
2020-02-26,Ventura,111,848112,4,0,0,0,0
2020-02-26,Yolo,113,214977,1,0,0,0,0
2020-02-26,Yuba,115,75493,0,0,0,0,0
2020-02-25,Alameda,001,1643700,13,0,0,0,0
2020-02-25,Alpine,003,1148,0,0,0,0,0
2020-02-25,Amador,005,37829,0,0,0,0,0
2020-02-25,Butte,007,227075,0,0,0,0,0
2020-02-25,Calaveras,009,45235,0,0,0,0,0
2020-02-25,Colusa,011,21464,0,0,0,0,0
2020-02-25,Contra Costa,013,1133247,11,0,0,0,0
2020-02-25,Del Norte,015,27424,0,0,0,0,0
2020-02-25,El Dorado,017,186661,0,0,0,0,0
2020-02-25,Fresno,019,978130,1,0,0,0,0
2020-02-25,Glenn,021,27897,0,0,0,0,0
2020-02-25,Humboldt,023,135768,1,1,0,1,0
2020-02-25,Imperial,025,180216,1,0,0,0,0
2020-02-25,Inyo,027,18085,0,0,0,0,0
2020-02-25,Kern,029,883053,2,0,0,0,0
2020-02-25,Kings,031,150075,3,0,1,1,0
2020-02-25,Lake,033,64148,0,0,0,0,0
2020-02-25,Lassen,035,31185,0,0,0,0,0
2020-02-25,Los Angeles,037,10098052,76,1,6,7,0
2020-02-25,Madera,039,155013,2,0,0,0,0
2020-02-25,Marin,041,260295,1,0,0,0,0
2020-02-25,Mariposa,043,17540,0,0,0,0,0
2020-02-25,Mendocino,045,87422,0,0,0,0,0
2020-02-25,Merced,047,269075,0,0,0,0,0
2020-02-25,Modoc,049,8938,0,0,0,0,0
2020-02-25,Mono,051,14174,0,0,0,0,0
2020-02-25,Monterey,053,433212,1,0,0,0,0
2020-02-25,Napa,055,140530,0,0,0,0,0
2020-02-25,Nevada,057,99092,0,0,1,1,0
2020-02-25,Orange,059,3164182,46,1,0,1,0
2020-02-25,Placer,061,380077,5,0,0,0,0
2020-02-25,Plumas,063,18699,0,0,0,0,0
2020-02-25,Riverside,065,2383286,10,0,1,1,0
2020-02-25,Sacramento,067,1510023,8,1,0,1,0
2020-02-25,San Benito,069,59416,0,2,0,2,0
2020-02-25,San Bernardino,071,2135413,21,0,0,0,0
2020-02-25,San Diego,073,3302833,7,2,0,2,0
2020-02-25,San Francisco,075,870044,7,0,0,0,0
2020-02-25,San Joaquin,077,732212,5,0,2,2,0
2020-02-25,San Luis Obispo,079,281455,2,0,0,0,0
2020-02-25,San Mateo,081,765935,17,0,0,0,0
2020-02-25,Santa Barbara,083,443738,0,0,0,0,0
2020-02-25,Santa Clara,085,1922200,40,2,1,3,0
2020-02-25,Santa Cruz,087,273765,5,0,0,0,0
2020-02-25,Shasta,089,179085,0,0,0,0,0
2020-02-25,Sierra,091,2930,0,0,0,0,0
2020-02-25,Siskiyou,093,43540,0,0,0,0,0
2020-02-25,Solano,095,438530,16,21,0,21,0
2020-02-25,Sonoma,097,501317,5,0,0,0,0
2020-02-25,Stanislaus,099,539301,2,0,2,2,0
2020-02-25,Sutter,101,95872,0,0,0,0,0
2020-02-25,Tehama,103,63373,0,0,0,0,0
2020-02-25,Trinity,105,12862,0,0,0,0,0
2020-02-25,Tulare,107,460477,3,0,0,0,0
2020-02-25,Tuolumne,109,53932,0,0,0,0,0
2020-02-25,Ventura,111,848112,4,0,0,0,0
2020-02-25,Yolo,113,214977,1,0,0,0,0
2020-02-25,Yuba,115,75493,0,0,0,0,0
2020-02-24,Alameda,001,1643700,13,0,0,0,0
2020-02-24,Alpine,003,1148,0,0,0,0,0
2020-02-24,Amador,005,37829,0,0,0,0,0
2020-02-24,Butte,007,227075,0,0,0,0,0
2020-02-24,Calaveras,009,45235,0,0,0,0,0
2020-02-24,Colusa,011,21464,0,0,0,0,0
2020-02-24,Contra Costa,013,1133247,9,0,0,0,0
2020-02-24,Del Norte,015,27424,0,0,0,0,0
2020-02-24,El Dorado,017,186661,0,0,0,0,0
2020-02-24,Fresno,019,978130,1,0,0,0,0
2020-02-24,Glenn,021,27897,0,0,0,0,0
2020-02-24,Humboldt,023,135768,1,1,0,1,0
2020-02-24,Imperial,025,180216,1,0,0,0,0
2020-02-24,Inyo,027,18085,0,0,0,0,0
2020-02-24,Kern,029,883053,2,0,0,0,0
2020-02-24,Kings,031,150075,3,0,1,1,0
2020-02-24,Lake,033,64148,0,0,0,0,0
2020-02-24,Lassen,035,31185,0,0,0,0,0
2020-02-24,Los Angeles,037,10098052,71,1,6,7,0
2020-02-24,Madera,039,155013,1,0,0,0,0
2020-02-24,Marin,041,260295,1,0,0,0,0
2020-02-24,Mariposa,043,17540,0,0,0,0,0
2020-02-24,Mendocino,045,87422,0,0,0,0,0
2020-02-24,Merced,047,269075,0,0,0,0,0
2020-02-24,Modoc,049,8938,0,0,0,0,0
2020-02-24,Mono,051,14174,0,0,0,0,0
2020-02-24,Monterey,053,433212,1,0,0,0,0
2020-02-24,Napa,055,140530,0,0,0,0,0
2020-02-24,Nevada,057,99092,0,0,1,1,0
2020-02-24,Orange,059,3164182,44,1,0,1,0
2020-02-24,Placer,061,380077,3,0,0,0,0
2020-02-24,Plumas,063,18699,0,0,0,0,0
2020-02-24,Riverside,065,2383286,9,0,1,1,0
2020-02-24,Sacramento,067,1510023,7,1,0,1,0
2020-02-24,San Benito,069,59416,0,2,0,2,0
2020-02-24,San Bernardino,071,2135413,21,0,0,0,0
2020-02-24,San Diego,073,3302833,7,2,0,2,0
2020-02-24,San Francisco,075,870044,6,0,0,0,0
2020-02-24,San Joaquin,077,732212,5,0,1,1,0
2020-02-24,San Luis Obispo,079,281455,2,0,0,0,0
2020-02-24,San Mateo,081,765935,13,0,0,0,0
2020-02-24,Santa Barbara,083,443738,0,0,0,0,0
2020-02-24,Santa Clara,085,1922200,38,2,1,3,0
2020-02-24,Santa Cruz,087,273765,5,0,0,0,0
2020-02-24,Shasta,089,179085,0,0,0,0,0
2020-02-24,Sierra,091,2930,0,0,0,0,0
2020-02-24,Siskiyou,093,43540,0,0,0,0,0
2020-02-24,Solano,095,438530,13,15,0,15,0
2020-02-24,Sonoma,097,501317,5,0,0,0,0
2020-02-24,Stanislaus,099,539301,2,0,2,2,0
2020-02-24,Sutter,101,95872,0,0,0,0,0
2020-02-24,Tehama,103,63373,0,0,0,0,0
2020-02-24,Trinity,105,12862,0,0,0,0,0
2020-02-24,Tulare,107,460477,3,0,0,0,0
2020-02-24,Tuolumne,109,53932,0,0,0,0,0
2020-02-24,Ventura,111,848112,4,0,0,0,0
2020-02-24,Yolo,113,214977,1,0,0,0,0
2020-02-24,Yuba,115,75493,0,0,0,0,0
2020-02-23,Alameda,001,1643700,11,0,0,0,0
2020-02-23,Alpine,003,1148,0,0,0,0,0
2020-02-23,Amador,005,37829,0,0,0,0,0
2020-02-23,Butte,007,227075,0,0,0,0,0
2020-02-23,Calaveras,009,45235,0,0,0,0,0
2020-02-23,Colusa,011,21464,0,0,0,0,0
2020-02-23,Contra Costa,013,1133247,6,0,0,0,0
2020-02-23,Del Norte,015,27424,0,0,0,0,0
2020-02-23,El Dorado,017,186661,0,0,0,0,0
2020-02-23,Fresno,019,978130,1,0,0,0,0
2020-02-23,Glenn,021,27897,0,0,0,0,0
2020-02-23,Humboldt,023,135768,1,1,0,1,0
2020-02-23,Imperial,025,180216,1,0,0,0,0
2020-02-23,Inyo,027,18085,0,0,0,0,0
2020-02-23,Kern,029,883053,2,0,0,0,0
2020-02-23,Kings,031,150075,3,0,1,1,0
2020-02-23,Lake,033,64148,0,0,0,0,0
2020-02-23,Lassen,035,31185,0,0,0,0,0
2020-02-23,Los Angeles,037,10098052,63,1,6,7,0
2020-02-23,Madera,039,155013,1,0,0,0,0
2020-02-23,Marin,041,260295,1,0,0,0,0
2020-02-23,Mariposa,043,17540,0,0,0,0,0
2020-02-23,Mendocino,045,87422,0,0,0,0,0
2020-02-23,Merced,047,269075,0,0,0,0,0
2020-02-23,Modoc,049,8938,0,0,0,0,0
2020-02-23,Mono,051,14174,0,0,0,0,0
2020-02-23,Monterey,053,433212,1,0,0,0,0
2020-02-23,Napa,055,140530,0,0,0,0,0
2020-02-23,Nevada,057,99092,0,0,1,1,0
2020-02-23,Orange,059,3164182,44,1,0,1,0
2020-02-23,Placer,061,380077,3,0,0,0,0
2020-02-23,Plumas,063,18699,0,0,0,0,0
2020-02-23,Riverside,065,2383286,9,0,0,0,0
2020-02-23,Sacramento,067,1510023,6,1,0,1,0
2020-02-23,San Benito,069,59416,0,2,0,2,0
2020-02-23,San Bernardino,071,2135413,20,0,0,0,0
2020-02-23,San Diego,073,3302833,6,2,0,2,0
2020-02-23,San Francisco,075,870044,5,0,0,0,0
2020-02-23,San Joaquin,077,732212,4,0,1,1,0
2020-02-23,San Luis Obispo,079,281455,2,0,0,0,0
2020-02-23,San Mateo,081,765935,10,0,0,0,0
2020-02-23,Santa Barbara,083,443738,0,0,0,0,0
2020-02-23,Santa Clara,085,1922200,26,2,1,3,0
2020-02-23,Santa Cruz,087,273765,2,0,0,0,0
2020-02-23,Shasta,089,179085,0,0,0,0,0
2020-02-23,Sierra,091,2930,0,0,0,0,0
2020-02-23,Siskiyou,093,43540,0,0,0,0,0
2020-02-23,Solano,095,438530,11,15,0,15,0
2020-02-23,Sonoma,097,501317,5,0,0,0,0
2020-02-23,Stanislaus,099,539301,2,0,2,2,0
2020-02-23,Sutter,101,95872,0,0,0,0,0
2020-02-23,Tehama,103,63373,0,0,0,0,0
2020-02-23,Trinity,105,12862,0,0,0,0,0
2020-02-23,Tulare,107,460477,2,0,0,0,0
2020-02-23,Tuolumne,109,53932,0,0,0,0,0
2020-02-23,Ventura,111,848112,4,0,0,0,0
2020-02-23,Yolo,113,214977,1,0,0,0,0
2020-02-23,Yuba,115,75493,0,0,0,0,0
2020-02-22,Alameda,001,1643700,10,0,0,0,0
2020-02-22,Alpine,003,1148,0,0,0,0,0
2020-02-22,Amador,005,37829,0,0,0,0,0
2020-02-22,Butte,007,227075,0,0,0,0,0
2020-02-22,Calaveras,009,45235,0,0,0,0,0
2020-02-22,Colusa,011,21464,0,0,0,0,0
2020-02-22,Contra Costa,013,1133247,5,0,0,0,0
2020-02-22,Del Norte,015,27424,0,0,0,0,0
2020-02-22,El Dorado,017,186661,0,0,0,0,0
2020-02-22,Fresno,019,978130,1,0,0,0,0
2020-02-22,Glenn,021,27897,0,0,0,0,0
2020-02-22,Humboldt,023,135768,1,1,0,1,0
2020-02-22,Imperial,025,180216,0,0,0,0,0
2020-02-22,Inyo,027,18085,0,0,0,0,0
2020-02-22,Kern,029,883053,2,0,0,0,0
2020-02-22,Kings,031,150075,3,0,1,1,0
2020-02-22,Lake,033,64148,0,0,0,0,0
2020-02-22,Lassen,035,31185,0,0,0,0,0
2020-02-22,Los Angeles,037,10098052,61,1,6,7,0
2020-02-22,Madera,039,155013,0,0,0,0,0
2020-02-22,Marin,041,260295,1,0,0,0,0
2020-02-22,Mariposa,043,17540,0,0,0,0,0
2020-02-22,Mendocino,045,87422,0,0,0,0,0
2020-02-22,Merced,047,269075,0,0,0,0,0
2020-02-22,Modoc,049,8938,0,0,0,0,0
2020-02-22,Mono,051,14174,0,0,0,0,0
2020-02-22,Monterey,053,433212,1,0,0,0,0
2020-02-22,Napa,055,140530,0,0,0,0,0
2020-02-22,Nevada,057,99092,0,0,1,1,0
2020-02-22,Orange,059,3164182,43,1,0,1,0
2020-02-22,Placer,061,380077,3,0,0,0,0
2020-02-22,Plumas,063,18699,0,0,0,0,0
2020-02-22,Riverside,065,2383286,9,0,0,0,0
2020-02-22,Sacramento,067,1510023,6,1,0,1,0
2020-02-22,San Benito,069,59416,0,2,0,2,0
2020-02-22,San Bernardino,071,2135413,18,0,0,0,0
2020-02-22,San Diego,073,3302833,5,2,0,2,0
2020-02-22,San Francisco,075,870044,3,0,0,0,0
2020-02-22,San Joaquin,077,732212,4,0,1,1,0
2020-02-22,San Luis Obispo,079,281455,2,0,0,0,0
2020-02-22,San Mateo,081,765935,8,0,0,0,0
2020-02-22,Santa Barbara,083,443738,0,0,0,0,0
2020-02-22,Santa Clara,085,1922200,23,2,1,3,0
2020-02-22,Santa Cruz,087,273765,2,0,0,0,0
2020-02-22,Shasta,089,179085,0,0,0,0,0
2020-02-22,Sierra,091,2930,0,0,0,0,0
2020-02-22,Siskiyou,093,43540,0,0,0,0,0
2020-02-22,Solano,095,438530,11,11,0,11,0
2020-02-22,Sonoma,097,501317,4,0,0,0,0
2020-02-22,Stanislaus,099,539301,2,0,2,2,0
2020-02-22,Sutter,101,95872,0,0,0,0,0
2020-02-22,Tehama,103,63373,0,0,0,0,0
2020-02-22,Trinity,105,12862,0,0,0,0,0
2020-02-22,Tulare,107,460477,2,0,0,0,0
2020-02-22,Tuolumne,109,53932,0,0,0,0,0
2020-02-22,Ventura,111,848112,4,0,0,0,0
2020-02-22,Yolo,113,214977,0,0,0,0,0
2020-02-22,Yuba,115,75493,0,0,0,0,0
2020-02-21,Alameda,001,1643700,9,0,0,0,0
2020-02-21,Alpine,003,1148,0,0,0,0,0
2020-02-21,Amador,005,37829,0,0,0,0,0
2020-02-21,Butte,007,227075,0,0,0,0,0
2020-02-21,Calaveras,009,45235,0,0,0,0,0
2020-02-21,Colusa,011,21464,0,0,0,0,0
2020-02-21,Contra Costa,013,1133247,4,0,0,0,0
2020-02-21,Del Norte,015,27424,0,0,0,0,0
2020-02-21,El Dorado,017,186661,0,0,0,0,0
2020-02-21,Fresno,019,978130,1,0,0,0,0
2020-02-21,Glenn,021,27897,0,0,0,0,0
2020-02-21,Humboldt,023,135768,1,1,0,1,0
2020-02-21,Imperial,025,180216,0,0,0,0,0
2020-02-21,Inyo,027,18085,0,0,0,0,0
2020-02-21,Kern,029,883053,2,0,0,0,0
2020-02-21,Kings,031,150075,3,0,1,1,0
2020-02-21,Lake,033,64148,0,0,0,0,0
2020-02-21,Lassen,035,31185,0,0,0,0,0
2020-02-21,Los Angeles,037,10098052,57,1,6,7,0
2020-02-21,Madera,039,155013,0,0,0,0,0
2020-02-21,Marin,041,260295,1,0,0,0,0
2020-02-21,Mariposa,043,17540,0,0,0,0,0
2020-02-21,Mendocino,045,87422,0,0,0,0,0
2020-02-21,Merced,047,269075,0,0,0,0,0
2020-02-21,Modoc,049,8938,0,0,0,0,0
2020-02-21,Mono,051,14174,0,0,0,0,0
2020-02-21,Monterey,053,433212,1,0,0,0,0
2020-02-21,Napa,055,140530,0,0,0,0,0
2020-02-21,Nevada,057,99092,0,0,1,1,0
2020-02-21,Orange,059,3164182,41,1,0,1,0
2020-02-21,Placer,061,380077,2,0,0,0,0
2020-02-21,Plumas,063,18699,0,0,0,0,0
2020-02-21,Riverside,065,2383286,9,0,0,0,0
2020-02-21,Sacramento,067,1510023,5,1,0,1,0
2020-02-21,San Benito,069,59416,0,2,0,2,0
2020-02-21,San Bernardino,071,2135413,17,0,0,0,0
2020-02-21,San Diego,073,3302833,5,2,0,2,0
2020-02-21,San Francisco,075,870044,3,0,0,0,0
2020-02-21,San Joaquin,077,732212,2,0,1,1,0
2020-02-21,San Luis Obispo,079,281455,2,0,0,0,0
2020-02-21,San Mateo,081,765935,8,0,0,0,0
2020-02-21,Santa Barbara,083,443738,0,0,0,0,0
2020-02-21,Santa Clara,085,1922200,21,2,1,3,0
2020-02-21,Santa Cruz,087,273765,2,0,0,0,0
2020-02-21,Shasta,089,179085,0,0,0,0,0
2020-02-21,Sierra,091,2930,0,0,0,0,0
2020-02-21,Siskiyou,093,43540,0,0,0,0,0
2020-02-21,Solano,095,438530,10,11,0,11,0
2020-02-21,Sonoma,097,501317,3,0,0,0,0
2020-02-21,Stanislaus,099,539301,2,0,2,2,0
2020-02-21,Sutter,101,95872,0,0,0,0,0
2020-02-21,Tehama,103,63373,0,0,0,0,0
2020-02-21,Trinity,105,12862,0,0,0,0,0
2020-02-21,Tulare,107,460477,2,0,0,0,0
2020-02-21,Tuolumne,109,53932,0,0,0,0,0
2020-02-21,Ventura,111,848112,4,0,0,0,0
2020-02-21,Yolo,113,214977,0,0,0,0,0
2020-02-21,Yuba,115,75493,0,0,0,0,0
2020-02-20,Alameda,001,1643700,7,0,0,0,0
2020-02-20,Alpine,003,1148,0,0,0,0,0
2020-02-20,Amador,005,37829,0,0,0,0,0
2020-02-20,Butte,007,227075,0,0,0,0,0
2020-02-20,Calaveras,009,45235,0,0,0,0,0
2020-02-20,Colusa,011,21464,0,0,0,0,0
2020-02-20,Contra Costa,013,1133247,3,0,0,0,0
2020-02-20,Del Norte,015,27424,0,0,0,0,0
2020-02-20,El Dorado,017,186661,0,0,0,0,0
2020-02-20,Fresno,019,978130,1,0,0,0,0
2020-02-20,Glenn,021,27897,0,0,0,0,0
2020-02-20,Humboldt,023,135768,1,1,0,1,0
2020-02-20,Imperial,025,180216,0,0,0,0,0
2020-02-20,Inyo,027,18085,0,0,0,0,0
2020-02-20,Kern,029,883053,2,0,0,0,0
2020-02-20,Kings,031,150075,3,0,1,1,0
2020-02-20,Lake,033,64148,0,0,0,0,0
2020-02-20,Lassen,035,31185,0,0,0,0,0
2020-02-20,Los Angeles,037,10098052,56,1,5,6,0
2020-02-20,Madera,039,155013,0,0,0,0,0
2020-02-20,Marin,041,260295,0,0,0,0,0
2020-02-20,Mariposa,043,17540,0,0,0,0,0
2020-02-20,Mendocino,045,87422,0,0,0,0,0
2020-02-20,Merced,047,269075,0,0,0,0,0
2020-02-20,Modoc,049,8938,0,0,0,0,0
2020-02-20,Mono,051,14174,0,0,0,0,0
2020-02-20,Monterey,053,433212,1,0,0,0,0
2020-02-20,Napa,055,140530,0,0,0,0,0
2020-02-20,Nevada,057,99092,0,0,1,1,0
2020-02-20,Orange,059,3164182,41,1,0,1,0
2020-02-20,Placer,061,380077,2,0,0,0,0
2020-02-20,Plumas,063,18699,0,0,0,0,0
2020-02-20,Riverside,065,2383286,7,0,0,0,0
2020-02-20,Sacramento,067,1510023,2,1,0,1,0
2020-02-20,San Benito,069,59416,0,2,0,2,0
2020-02-20,San Bernardino,071,2135413,15,0,0,0,0
2020-02-20,San Diego,073,3302833,5,2,0,2,0
2020-02-20,San Francisco,075,870044,3,0,0,0,0
2020-02-20,San Joaquin,077,732212,2,0,1,1,0
2020-02-20,San Luis Obispo,079,281455,2,0,0,0,0
2020-02-20,San Mateo,081,765935,7,0,0,0,0
2020-02-20,Santa Barbara,083,443738,0,0,0,0,0
2020-02-20,Santa Clara,085,1922200,17,2,1,3,0
2020-02-20,Santa Cruz,087,273765,2,0,0,0,0
2020-02-20,Shasta,089,179085,0,0,0,0,0
2020-02-20,Sierra,091,2930,0,0,0,0,0
2020-02-20,Siskiyou,093,43540,0,0,0,0,0
2020-02-20,Solano,095,438530,8,7,0,7,0
2020-02-20,Sonoma,097,501317,2,0,0,0,0
2020-02-20,Stanislaus,099,539301,2,0,2,2,0
2020-02-20,Sutter,101,95872,0,0,0,0,0
2020-02-20,Tehama,103,63373,0,0,0,0,0
2020-02-20,Trinity,105,12862,0,0,0,0,0
2020-02-20,Tulare,107,460477,2,0,0,0,0
2020-02-20,Tuolumne,109,53932,0,0,0,0,0
2020-02-20,Ventura,111,848112,4,0,0,0,0
2020-02-20,Yolo,113,214977,0,0,0,0,0
2020-02-20,Yuba,115,75493,0,0,0,0,0
2020-02-19,Alameda,001,1643700,6,0,0,0,0
2020-02-19,Alpine,003,1148,0,0,0,0,0
2020-02-19,Amador,005,37829,0,0,0,0,0
2020-02-19,Butte,007,227075,0,0,0,0,0
2020-02-19,Calaveras,009,45235,0,0,0,0,0
2020-02-19,Colusa,011,21464,0,0,0,0,0
2020-02-19,Contra Costa,013,1133247,3,0,0,0,0
2020-02-19,Del Norte,015,27424,0,0,0,0,0
2020-02-19,El Dorado,017,186661,0,0,0,0,0
2020-02-19,Fresno,019,978130,1,0,0,0,0
2020-02-19,Glenn,021,27897,0,0,0,0,0
2020-02-19,Humboldt,023,135768,1,0,0,0,0
2020-02-19,Imperial,025,180216,0,0,0,0,0
2020-02-19,Inyo,027,18085,0,0,0,0,0
2020-02-19,Kern,029,883053,2,0,0,0,0
2020-02-19,Kings,031,150075,3,0,1,1,0
2020-02-19,Lake,033,64148,0,0,0,0,0
2020-02-19,Lassen,035,31185,0,0,0,0,0
2020-02-19,Los Angeles,037,10098052,53,1,5,6,0
2020-02-19,Madera,039,155013,0,0,0,0,0
2020-02-19,Marin,041,260295,0,0,0,0,0
2020-02-19,Mariposa,043,17540,0,0,0,0,0
2020-02-19,Mendocino,045,87422,0,0,0,0,0
2020-02-19,Merced,047,269075,0,0,0,0,0
2020-02-19,Modoc,049,8938,0,0,0,0,0
2020-02-19,Mono,051,14174,0,0,0,0,0
2020-02-19,Monterey,053,433212,1,0,0,0,0
2020-02-19,Napa,055,140530,0,0,0,0,0
2020-02-19,Nevada,057,99092,0,0,1,1,0
2020-02-19,Orange,059,3164182,40,1,0,1,0
2020-02-19,Placer,061,380077,2,0,0,0,0
2020-02-19,Plumas,063,18699,0,0,0,0,0
2020-02-19,Riverside,065,2383286,5,0,0,0,0
2020-02-19,Sacramento,067,1510023,2,0,0,0,0
2020-02-19,San Benito,069,59416,0,2,0,2,0
2020-02-19,San Bernardino,071,2135413,14,0,0,0,0
2020-02-19,San Diego,073,3302833,4,2,0,2,0
2020-02-19,San Francisco,075,870044,2,0,0,0,0
2020-02-19,San Joaquin,077,732212,2,0,1,1,0
2020-02-19,San Luis Obispo,079,281455,2,0,0,0,0
2020-02-19,San Mateo,081,765935,6,0,0,0,0
2020-02-19,Santa Barbara,083,443738,0,0,0,0,0
2020-02-19,Santa Clara,085,1922200,15,2,1,3,0
2020-02-19,Santa Cruz,087,273765,0,0,0,0,0
2020-02-19,Shasta,089,179085,0,0,0,0,0
2020-02-19,Sierra,091,2930,0,0,0,0,0
2020-02-19,Siskiyou,093,43540,0,0,0,0,0
2020-02-19,Solano,095,438530,5,7,0,7,0
2020-02-19,Sonoma,097,501317,2,0,0,0,0
2020-02-19,Stanislaus,099,539301,1,0,2,2,0
2020-02-19,Sutter,101,95872,0,0,0,0,0
2020-02-19,Tehama,103,63373,0,0,0,0,0
2020-02-19,Trinity,105,12862,0,0,0,0,0
2020-02-19,Tulare,107,460477,2,0,0,0,0
2020-02-19,Tuolumne,109,53932,0,0,0,0,0
2020-02-19,Ventura,111,848112,2,0,0,0,0
2020-02-19,Yolo,113,214977,0,0,0,0,0
2020-02-19,Yuba,115,75493,0,0,0,0,0
2020-02-18,Alameda,001,1643700,6,0,0,0,0
2020-02-18,Alpine,003,1148,0,0,0,0,0
2020-02-18,Amador,005,37829,0,0,0,0,0
2020-02-18,Butte,007,227075,0,0,0,0,0
2020-02-18,Calaveras,009,45235,0,0,0,0,0
2020-02-18,Colusa,011,21464,0,0,0,0,0
2020-02-18,Contra Costa,013,1133247,3,0,0,0,0
2020-02-18,Del Norte,015,27424,0,0,0,0,0
2020-02-18,El Dorado,017,186661,0,0,0,0,0
2020-02-18,Fresno,019,978130,0,0,0,0,0
2020-02-18,Glenn,021,27897,0,0,0,0,0
2020-02-18,Humboldt,023,135768,1,0,0,0,0
2020-02-18,Imperial,025,180216,0,0,0,0,0
2020-02-18,Inyo,027,18085,0,0,0,0,0
2020-02-18,Kern,029,883053,2,0,0,0,0
2020-02-18,Kings,031,150075,3,0,1,1,0
2020-02-18,Lake,033,64148,0,0,0,0,0
2020-02-18,Lassen,035,31185,0,0,0,0,0
2020-02-18,Los Angeles,037,10098052,50,1,4,5,0
2020-02-18,Madera,039,155013,0,0,0,0,0
2020-02-18,Marin,041,260295,0,0,0,0,0
2020-02-18,Mariposa,043,17540,0,0,0,0,0
2020-02-18,Mendocino,045,87422,0,0,0,0,0
2020-02-18,Merced,047,269075,0,0,0,0,0
2020-02-18,Modoc,049,8938,0,0,0,0,0
2020-02-18,Mono,051,14174,0,0,0,0,0
2020-02-18,Monterey,053,433212,1,0,0,0,0
2020-02-18,Napa,055,140530,0,0,0,0,0
2020-02-18,Nevada,057,99092,0,0,1,1,0
2020-02-18,Orange,059,3164182,39,1,0,1,0
2020-02-18,Placer,061,380077,0,0,0,0,0
2020-02-18,Plumas,063,18699,0,0,0,0,0
2020-02-18,Riverside,065,2383286,5,0,0,0,0
2020-02-18,Sacramento,067,1510023,2,0,0,0,0
2020-02-18,San Benito,069,59416,0,2,0,2,0
2020-02-18,San Bernardino,071,2135413,13,0,0,0,0
2020-02-18,San Diego,073,3302833,4,2,0,2,0
2020-02-18,San Francisco,075,870044,2,0,0,0,0
2020-02-18,San Joaquin,077,732212,1,0,1,1,0
2020-02-18,San Luis Obispo,079,281455,2,0,0,0,0
2020-02-18,San Mateo,081,765935,5,0,0,0,0
2020-02-18,Santa Barbara,083,443738,0,0,0,0,0
2020-02-18,Santa Clara,085,1922200,14,2,1,3,0
2020-02-18,Santa Cruz,087,273765,0,0,0,0,0
2020-02-18,Shasta,089,179085,0,0,0,0,0
2020-02-18,Sierra,091,2930,0,0,0,0,0
2020-02-18,Siskiyou,093,43540,0,0,0,0,0
2020-02-18,Solano,095,438530,5,7,0,7,0
2020-02-18,Sonoma,097,501317,1,0,0,0,0
2020-02-18,Stanislaus,099,539301,1,0,2,2,0
2020-02-18,Sutter,101,95872,0,0,0,0,0
2020-02-18,Tehama,103,63373,0,0,0,0,0
2020-02-18,Trinity,105,12862,0,0,0,0,0
2020-02-18,Tulare,107,460477,2,0,0,0,0
2020-02-18,Tuolumne,109,53932,0,0,0,0,0
2020-02-18,Ventura,111,848112,2,0,0,0,0
2020-02-18,Yolo,113,214977,0,0,0,0,0
2020-02-18,Yuba,115,75493,0,0,0,0,0
2020-02-17,Alameda,001,1643700,6,0,0,0,0
2020-02-17,Alpine,003,1148,0,0,0,0,0
2020-02-17,Amador,005,37829,0,0,0,0,0
2020-02-17,Butte,007,227075,0,0,0,0,0
2020-02-17,Calaveras,009,45235,0,0,0,0,0
2020-02-17,Colusa,011,21464,0,0,0,0,0
2020-02-17,Contra Costa,013,1133247,3,0,0,0,0
2020-02-17,Del Norte,015,27424,0,0,0,0,0
2020-02-17,El Dorado,017,186661,0,0,0,0,0
2020-02-17,Fresno,019,978130,0,0,0,0,0
2020-02-17,Glenn,021,27897,0,0,0,0,0
2020-02-17,Humboldt,023,135768,1,0,0,0,0
2020-02-17,Imperial,025,180216,0,0,0,0,0
2020-02-17,Inyo,027,18085,0,0,0,0,0
2020-02-17,Kern,029,883053,2,0,0,0,0
2020-02-17,Kings,031,150075,3,0,0,0,0
2020-02-17,Lake,033,64148,0,0,0,0,0
2020-02-17,Lassen,035,31185,0,0,0,0,0
2020-02-17,Los Angeles,037,10098052,47,1,4,5,0
2020-02-17,Madera,039,155013,0,0,0,0,0
2020-02-17,Marin,041,260295,0,0,0,0,0
2020-02-17,Mariposa,043,17540,0,0,0,0,0
2020-02-17,Mendocino,045,87422,0,0,0,0,0
2020-02-17,Merced,047,269075,0,0,0,0,0
2020-02-17,Modoc,049,8938,0,0,0,0,0
2020-02-17,Mono,051,14174,0,0,0,0,0
2020-02-17,Monterey,053,433212,1,0,0,0,0
2020-02-17,Napa,055,140530,0,0,0,0,0
2020-02-17,Nevada,057,99092,0,0,1,1,0
2020-02-17,Orange,059,3164182,39,1,0,1,0
2020-02-17,Placer,061,380077,0,0,0,0,0
2020-02-17,Plumas,063,18699,0,0,0,0,0
2020-02-17,Riverside,065,2383286,5,0,0,0,0
2020-02-17,Sacramento,067,1510023,2,0,0,0,0
2020-02-17,San Benito,069,59416,0,2,0,2,0
2020-02-17,San Bernardino,071,2135413,11,0,0,0,0
2020-02-17,San Diego,073,3302833,4,2,0,2,0
2020-02-17,San Francisco,075,870044,2,0,0,0,0
2020-02-17,San Joaquin,077,732212,1,0,1,1,0
2020-02-17,San Luis Obispo,079,281455,1,0,0,0,0
2020-02-17,San Mateo,081,765935,5,0,0,0,0
2020-02-17,Santa Barbara,083,443738,0,0,0,0,0
2020-02-17,Santa Clara,085,1922200,12,2,1,3,0
2020-02-17,Santa Cruz,087,273765,0,0,0,0,0
2020-02-17,Shasta,089,179085,0,0,0,0,0
2020-02-17,Sierra,091,2930,0,0,0,0,0
2020-02-17,Siskiyou,093,43540,0,0,0,0,0
2020-02-17,Solano,095,438530,3,5,0,5,0
2020-02-17,Sonoma,097,501317,1,0,0,0,0
2020-02-17,Stanislaus,099,539301,1,0,2,2,0
2020-02-17,Sutter,101,95872,0,0,0,0,0
2020-02-17,Tehama,103,63373,0,0,0,0,0
2020-02-17,Trinity,105,12862,0,0,0,0,0
2020-02-17,Tulare,107,460477,2,0,0,0,0
2020-02-17,Tuolumne,109,53932,0,0,0,0,0
2020-02-17,Ventura,111,848112,2,0,0,0,0
2020-02-17,Yolo,113,214977,0,0,0,0,0
2020-02-17,Yuba,115,75493,0,0,0,0,0
2020-02-16,Alameda,001,1643700,5,0,0,0,0
2020-02-16,Alpine,003,1148,0,0,0,0,0
2020-02-16,Amador,005,37829,0,0,0,0,0
2020-02-16,Butte,007,227075,0,0,0,0,0
2020-02-16,Calaveras,009,45235,0,0,0,0,0
2020-02-16,Colusa,011,21464,0,0,0,0,0
2020-02-16,Contra Costa,013,1133247,3,0,0,0,0
2020-02-16,Del Norte,015,27424,0,0,0,0,0
2020-02-16,El Dorado,017,186661,0,0,0,0,0
2020-02-16,Fresno,019,978130,0,0,0,0,0
2020-02-16,Glenn,021,27897,0,0,0,0,0
2020-02-16,Humboldt,023,135768,1,0,0,0,0
2020-02-16,Imperial,025,180216,0,0,0,0,0
2020-02-16,Inyo,027,18085,0,0,0,0,0
2020-02-16,Kern,029,883053,2,0,0,0,0
2020-02-16,Kings,031,150075,3,0,0,0,0
2020-02-16,Lake,033,64148,0,0,0,0,0
2020-02-16,Lassen,035,31185,0,0,0,0,0
2020-02-16,Los Angeles,037,10098052,41,1,4,5,0
2020-02-16,Madera,039,155013,0,0,0,0,0
2020-02-16,Marin,041,260295,0,0,0,0,0
2020-02-16,Mariposa,043,17540,0,0,0,0,0
2020-02-16,Mendocino,045,87422,0,0,0,0,0
2020-02-16,Merced,047,269075,0,0,0,0,0
2020-02-16,Modoc,049,8938,0,0,0,0,0
2020-02-16,Mono,051,14174,0,0,0,0,0
2020-02-16,Monterey,053,433212,1,0,0,0,0
2020-02-16,Napa,055,140530,0,0,0,0,0
2020-02-16,Nevada,057,99092,0,0,0,0,0
2020-02-16,Orange,059,3164182,38,1,0,1,0
2020-02-16,Placer,061,380077,0,0,0,0,0
2020-02-16,Plumas,063,18699,0,0,0,0,0
2020-02-16,Riverside,065,2383286,5,0,0,0,0
2020-02-16,Sacramento,067,1510023,2,0,0,0,0
2020-02-16,San Benito,069,59416,0,2,0,2,0
2020-02-16,San Bernardino,071,2135413,10,0,0,0,0
2020-02-16,San Diego,073,3302833,4,2,0,2,0
2020-02-16,San Francisco,075,870044,2,0,0,0,0
2020-02-16,San Joaquin,077,732212,1,0,1,1,0
2020-02-16,San Luis Obispo,079,281455,1,0,0,0,0
2020-02-16,San Mateo,081,765935,4,0,0,0,0
2020-02-16,Santa Barbara,083,443738,0,0,0,0,0
2020-02-16,Santa Clara,085,1922200,10,2,1,3,0
2020-02-16,Santa Cruz,087,273765,0,0,0,0,0
2020-02-16,Shasta,089,179085,0,0,0,0,0
2020-02-16,Sierra,091,2930,0,0,0,0,0
2020-02-16,Siskiyou,093,43540,0,0,0,0,0
2020-02-16,Solano,095,438530,1,0,0,0,0
2020-02-16,Sonoma,097,501317,1,0,0,0,0
2020-02-16,Stanislaus,099,539301,1,0,2,2,0
2020-02-16,Sutter,101,95872,0,0,0,0,0
2020-02-16,Tehama,103,63373,0,0,0,0,0
2020-02-16,Trinity,105,12862,0,0,0,0,0
2020-02-16,Tulare,107,460477,2,0,0,0,0
2020-02-16,Tuolumne,109,53932,0,0,0,0,0
2020-02-16,Ventura,111,848112,2,0,0,0,0
2020-02-16,Yolo,113,214977,0,0,0,0,0
2020-02-16,Yuba,115,75493,0,0,0,0,0
2020-02-15,Alameda,001,1643700,5,0,0,0,0
2020-02-15,Alpine,003,1148,0,0,0,0,0
2020-02-15,Amador,005,37829,0,0,0,0,0
2020-02-15,Butte,007,227075,0,0,0,0,0
2020-02-15,Calaveras,009,45235,0,0,0,0,0
2020-02-15,Colusa,011,21464,0,0,0,0,0
2020-02-15,Contra Costa,013,1133247,3,0,0,0,0
2020-02-15,Del Norte,015,27424,0,0,0,0,0
2020-02-15,El Dorado,017,186661,0,0,0,0,0
2020-02-15,Fresno,019,978130,0,0,0,0,0
2020-02-15,Glenn,021,27897,0,0,0,0,0
2020-02-15,Humboldt,023,135768,1,0,0,0,0
2020-02-15,Imperial,025,180216,0,0,0,0,0
2020-02-15,Inyo,027,18085,0,0,0,0,0
2020-02-15,Kern,029,883053,2,0,0,0,0
2020-02-15,Kings,031,150075,3,0,0,0,0
2020-02-15,Lake,033,64148,0,0,0,0,0
2020-02-15,Lassen,035,31185,0,0,0,0,0
2020-02-15,Los Angeles,037,10098052,38,1,4,5,0
2020-02-15,Madera,039,155013,0,0,0,0,0
2020-02-15,Marin,041,260295,0,0,0,0,0
2020-02-15,Mariposa,043,17540,0,0,0,0,0
2020-02-15,Mendocino,045,87422,0,0,0,0,0
2020-02-15,Merced,047,269075,0,0,0,0,0
2020-02-15,Modoc,049,8938,0,0,0,0,0
2020-02-15,Mono,051,14174,0,0,0,0,0
2020-02-15,Monterey,053,433212,1,0,0,0,0
2020-02-15,Napa,055,140530,0,0,0,0,0
2020-02-15,Nevada,057,99092,0,0,0,0,0
2020-02-15,Orange,059,3164182,37,1,0,1,0
2020-02-15,Placer,061,380077,0,0,0,0,0
2020-02-15,Plumas,063,18699,0,0,0,0,0
2020-02-15,Riverside,065,2383286,4,0,0,0,0
2020-02-15,Sacramento,067,1510023,2,0,0,0,0
2020-02-15,San Benito,069,59416,0,2,0,2,0
2020-02-15,San Bernardino,071,2135413,9,0,0,0,0
2020-02-15,San Diego,073,3302833,4,2,0,2,0
2020-02-15,San Francisco,075,870044,2,0,0,0,0
2020-02-15,San Joaquin,077,732212,1,0,1,1,0
2020-02-15,San Luis Obispo,079,281455,1,0,0,0,0
2020-02-15,San Mateo,081,765935,4,0,0,0,0
2020-02-15,Santa Barbara,083,443738,0,0,0,0,0
2020-02-15,Santa Clara,085,1922200,10,2,1,3,0
2020-02-15,Santa Cruz,087,273765,0,0,0,0,0
2020-02-15,Shasta,089,179085,0,0,0,0,0
2020-02-15,Sierra,091,2930,0,0,0,0,0
2020-02-15,Siskiyou,093,43540,0,0,0,0,0
2020-02-15,Solano,095,438530,1,0,0,0,0
2020-02-15,Sonoma,097,501317,0,0,0,0,0
2020-02-15,Stanislaus,099,539301,1,0,2,2,0
2020-02-15,Sutter,101,95872,0,0,0,0,0
2020-02-15,Tehama,103,63373,0,0,0,0,0
2020-02-15,Trinity,105,12862,0,0,0,0,0
2020-02-15,Tulare,107,460477,2,0,0,0,0
2020-02-15,Tuolumne,109,53932,0,0,0,0,0
2020-02-15,Ventura,111,848112,2,0,0,0,0
2020-02-15,Yolo,113,214977,0,0,0,0,0
2020-02-15,Yuba,115,75493,0,0,0,0,0
2020-02-14,Alameda,001,1643700,4,0,0,0,0
2020-02-14,Alpine,003,1148,0,0,0,0,0
2020-02-14,Amador,005,37829,0,0,0,0,0
2020-02-14,Butte,007,227075,0,0,0,0,0
2020-02-14,Calaveras,009,45235,0,0,0,0,0
2020-02-14,Colusa,011,21464,0,0,0,0,0
2020-02-14,Contra Costa,013,1133247,3,0,0,0,0
2020-02-14,Del Norte,015,27424,0,0,0,0,0
2020-02-14,El Dorado,017,186661,0,0,0,0,0
2020-02-14,Fresno,019,978130,0,0,0,0,0
2020-02-14,Glenn,021,27897,0,0,0,0,0
2020-02-14,Humboldt,023,135768,1,0,0,0,0
2020-02-14,Imperial,025,180216,0,0,0,0,0
2020-02-14,Inyo,027,18085,0,0,0,0,0
2020-02-14,Kern,029,883053,2,0,0,0,0
2020-02-14,Kings,031,150075,1,0,0,0,0
2020-02-14,Lake,033,64148,0,0,0,0,0
2020-02-14,Lassen,035,31185,0,0,0,0,0
2020-02-14,Los Angeles,037,10098052,33,1,4,5,0
2020-02-14,Madera,039,155013,0,0,0,0,0
2020-02-14,Marin,041,260295,0,0,0,0,0
2020-02-14,Mariposa,043,17540,0,0,0,0,0
2020-02-14,Mendocino,045,87422,0,0,0,0,0
2020-02-14,Merced,047,269075,0,0,0,0,0
2020-02-14,Modoc,049,8938,0,0,0,0,0
2020-02-14,Mono,051,14174,0,0,0,0,0
2020-02-14,Monterey,053,433212,1,0,0,0,0
2020-02-14,Napa,055,140530,0,0,0,0,0
2020-02-14,Nevada,057,99092,0,0,0,0,0
2020-02-14,Orange,059,3164182,37,1,0,1,0
2020-02-14,Placer,061,380077,0,0,0,0,0
2020-02-14,Plumas,063,18699,0,0,0,0,0
2020-02-14,Riverside,065,2383286,4,0,0,0,0
2020-02-14,Sacramento,067,1510023,1,0,0,0,0
2020-02-14,San Benito,069,59416,0,2,0,2,0
2020-02-14,San Bernardino,071,2135413,9,0,0,0,0
2020-02-14,San Diego,073,3302833,3,2,0,2,0
2020-02-14,San Francisco,075,870044,2,0,0,0,0
2020-02-14,San Joaquin,077,732212,1,0,1,1,0
2020-02-14,San Luis Obispo,079,281455,0,0,0,0,0
2020-02-14,San Mateo,081,765935,3,0,0,0,0
2020-02-14,Santa Barbara,083,443738,0,0,0,0,0
2020-02-14,Santa Clara,085,1922200,8,2,1,3,0
2020-02-14,Santa Cruz,087,273765,0,0,0,0,0
2020-02-14,Shasta,089,179085,0,0,0,0,0
2020-02-14,Sierra,091,2930,0,0,0,0,0
2020-02-14,Siskiyou,093,43540,0,0,0,0,0
2020-02-14,Solano,095,438530,1,0,0,0,0
2020-02-14,Sonoma,097,501317,0,0,0,0,0
2020-02-14,Stanislaus,099,539301,1,0,2,2,0
2020-02-14,Sutter,101,95872,0,0,0,0,0
2020-02-14,Tehama,103,63373,0,0,0,0,0
2020-02-14,Trinity,105,12862,0,0,0,0,0
2020-02-14,Tulare,107,460477,2,0,0,0,0
2020-02-14,Tuolumne,109,53932,0,0,0,0,0
2020-02-14,Ventura,111,848112,2,0,0,0,0
2020-02-14,Yolo,113,214977,0,0,0,0,0
2020-02-14,Yuba,115,75493,0,0,0,0,0
2020-02-13,Alameda,001,1643700,4,0,0,0,0
2020-02-13,Alpine,003,1148,0,0,0,0,0
2020-02-13,Amador,005,37829,0,0,0,0,0
2020-02-13,Butte,007,227075,0,0,0,0,0
2020-02-13,Calaveras,009,45235,0,0,0,0,0
2020-02-13,Colusa,011,21464,0,0,0,0,0
2020-02-13,Contra Costa,013,1133247,3,0,0,0,0
2020-02-13,Del Norte,015,27424,0,0,0,0,0
2020-02-13,El Dorado,017,186661,0,0,0,0,0
2020-02-13,Fresno,019,978130,0,0,0,0,0
2020-02-13,Glenn,021,27897,0,0,0,0,0
2020-02-13,Humboldt,023,135768,1,0,0,0,0
2020-02-13,Imperial,025,180216,0,0,0,0,0
2020-02-13,Inyo,027,18085,0,0,0,0,0
2020-02-13,Kern,029,883053,2,0,0,0,0
2020-02-13,Kings,031,150075,1,0,0,0,0
2020-02-13,Lake,033,64148,0,0,0,0,0
2020-02-13,Lassen,035,31185,0,0,0,0,0
2020-02-13,Los Angeles,037,10098052,30,1,3,4,0
2020-02-13,Madera,039,155013,0,0,0,0,0
2020-02-13,Marin,041,260295,0,0,0,0,0
2020-02-13,Mariposa,043,17540,0,0,0,0,0
2020-02-13,Mendocino,045,87422,0,0,0,0,0
2020-02-13,Merced,047,269075,0,0,0,0,0
2020-02-13,Modoc,049,8938,0,0,0,0,0
2020-02-13,Mono,051,14174,0,0,0,0,0
2020-02-13,Monterey,053,433212,1,0,0,0,0
2020-02-13,Napa,055,140530,0,0,0,0,0
2020-02-13,Nevada,057,99092,0,0,0,0,0
2020-02-13,Orange,059,3164182,36,1,0,1,0
2020-02-13,Placer,061,380077,0,0,0,0,0
2020-02-13,Plumas,063,18699,0,0,0,0,0
2020-02-13,Riverside,065,2383286,4,0,0,0,0
2020-02-13,Sacramento,067,1510023,1,0,0,0,0
2020-02-13,San Benito,069,59416,0,2,0,2,0
2020-02-13,San Bernardino,071,2135413,8,0,0,0,0
2020-02-13,San Diego,073,3302833,2,2,0,2,0
2020-02-13,San Francisco,075,870044,2,0,0,0,0
2020-02-13,San Joaquin,077,732212,1,0,1,1,0
2020-02-13,San Luis Obispo,079,281455,0,0,0,0,0
2020-02-13,San Mateo,081,765935,2,0,0,0,0
2020-02-13,Santa Barbara,083,443738,0,0,0,0,0
2020-02-13,Santa Clara,085,1922200,7,2,0,2,0
2020-02-13,Santa Cruz,087,273765,0,0,0,0,0
2020-02-13,Shasta,089,179085,0,0,0,0,0
2020-02-13,Sierra,091,2930,0,0,0,0,0
2020-02-13,Siskiyou,093,43540,0,0,0,0,0
2020-02-13,Solano,095,438530,0,0,0,0,0
2020-02-13,Sonoma,097,501317,0,0,0,0,0
2020-02-13,Stanislaus,099,539301,1,0,1,1,0
2020-02-13,Sutter,101,95872,0,0,0,0,0
2020-02-13,Tehama,103,63373,0,0,0,0,0
2020-02-13,Trinity,105,12862,0,0,0,0,0
2020-02-13,Tulare,107,460477,2,0,0,0,0
2020-02-13,Tuolumne,109,53932,0,0,0,0,0
2020-02-13,Ventura,111,848112,2,0,0,0,0
2020-02-13,Yolo,113,214977,0,0,0,0,0
2020-02-13,Yuba,115,75493,0,0,0,0,0
2020-02-12,Alameda,001,1643700,4,0,0,0,0
2020-02-12,Alpine,003,1148,0,0,0,0,0
2020-02-12,Amador,005,37829,0,0,0,0,0
2020-02-12,Butte,007,227075,0,0,0,0,0
2020-02-12,Calaveras,009,45235,0,0,0,0,0
2020-02-12,Colusa,011,21464,0,0,0,0,0
2020-02-12,Contra Costa,013,1133247,3,0,0,0,0
2020-02-12,Del Norte,015,27424,0,0,0,0,0
2020-02-12,El Dorado,017,186661,0,0,0,0,0
2020-02-12,Fresno,019,978130,0,0,0,0,0
2020-02-12,Glenn,021,27897,0,0,0,0,0
2020-02-12,Humboldt,023,135768,1,0,0,0,0
2020-02-12,Imperial,025,180216,0,0,0,0,0
2020-02-12,Inyo,027,18085,0,0,0,0,0
2020-02-12,Kern,029,883053,2,0,0,0,0
2020-02-12,Kings,031,150075,1,0,0,0,0
2020-02-12,Lake,033,64148,0,0,0,0,0
2020-02-12,Lassen,035,31185,0,0,0,0,0
2020-02-12,Los Angeles,037,10098052,29,1,3,4,0
2020-02-12,Madera,039,155013,0,0,0,0,0
2020-02-12,Marin,041,260295,0,0,0,0,0
2020-02-12,Mariposa,043,17540,0,0,0,0,0
2020-02-12,Mendocino,045,87422,0,0,0,0,0
2020-02-12,Merced,047,269075,0,0,0,0,0
2020-02-12,Modoc,049,8938,0,0,0,0,0
2020-02-12,Mono,051,14174,0,0,0,0,0
2020-02-12,Monterey,053,433212,1,0,0,0,0
2020-02-12,Napa,055,140530,0,0,0,0,0
2020-02-12,Nevada,057,99092,0,0,0,0,0
2020-02-12,Orange,059,3164182,36,1,0,1,0
2020-02-12,Placer,061,380077,0,0,0,0,0
2020-02-12,Plumas,063,18699,0,0,0,0,0
2020-02-12,Riverside,065,2383286,4,0,0,0,0
2020-02-12,Sacramento,067,1510023,1,0,0,0,0
2020-02-12,San Benito,069,59416,0,2,0,2,0
2020-02-12,San Bernardino,071,2135413,8,0,0,0,0
2020-02-12,San Diego,073,3302833,2,2,0,2,0
2020-02-12,San Francisco,075,870044,2,0,0,0,0
2020-02-12,San Joaquin,077,732212,1,0,1,1,0
2020-02-12,San Luis Obispo,079,281455,0,0,0,0,0
2020-02-12,San Mateo,081,765935,2,0,0,0,0
2020-02-12,Santa Barbara,083,443738,0,0,0,0,0
2020-02-12,Santa Clara,085,1922200,6,2,0,2,0
2020-02-12,Santa Cruz,087,273765,0,0,0,0,0
2020-02-12,Shasta,089,179085,0,0,0,0,0
2020-02-12,Sierra,091,2930,0,0,0,0,0
2020-02-12,Siskiyou,093,43540,0,0,0,0,0
2020-02-12,Solano,095,438530,0,0,0,0,0
2020-02-12,Sonoma,097,501317,0,0,0,0,0
2020-02-12,Stanislaus,099,539301,1,0,1,1,0
2020-02-12,Sutter,101,95872,0,0,0,0,0
2020-02-12,Tehama,103,63373,0,0,0,0,0
2020-02-12,Trinity,105,12862,0,0,0,0,0
2020-02-12,Tulare,107,460477,2,0,0,0,0
2020-02-12,Tuolumne,109,53932,0,0,0,0,0
2020-02-12,Ventura,111,848112,2,0,0,0,0
2020-02-12,Yolo,113,214977,0,0,0,0,0
2020-02-12,Yuba,115,75493,0,0,0,0,0
2020-02-11,Alameda,001,1643700,4,0,0,0,0
2020-02-11,Alpine,003,1148,0,0,0,0,0
2020-02-11,Amador,005,37829,0,0,0,0,0
2020-02-11,Butte,007,227075,0,0,0,0,0
2020-02-11,Calaveras,009,45235,0,0,0,0,0
2020-02-11,Colusa,011,21464,0,0,0,0,0
2020-02-11,Contra Costa,013,1133247,3,0,0,0,0
2020-02-11,Del Norte,015,27424,0,0,0,0,0
2020-02-11,El Dorado,017,186661,0,0,0,0,0
2020-02-11,Fresno,019,978130,0,0,0,0,0
2020-02-11,Glenn,021,27897,0,0,0,0,0
2020-02-11,Humboldt,023,135768,1,0,0,0,0
2020-02-11,Imperial,025,180216,0,0,0,0,0
2020-02-11,Inyo,027,18085,0,0,0,0,0
2020-02-11,Kern,029,883053,2,0,0,0,0
2020-02-11,Kings,031,150075,1,0,0,0,0
2020-02-11,Lake,033,64148,0,0,0,0,0
2020-02-11,Lassen,035,31185,0,0,0,0,0
2020-02-11,Los Angeles,037,10098052,29,1,3,4,0
2020-02-11,Madera,039,155013,0,0,0,0,0
2020-02-11,Marin,041,260295,0,0,0,0,0
2020-02-11,Mariposa,043,17540,0,0,0,0,0
2020-02-11,Mendocino,045,87422,0,0,0,0,0
2020-02-11,Merced,047,269075,0,0,0,0,0
2020-02-11,Modoc,049,8938,0,0,0,0,0
2020-02-11,Mono,051,14174,0,0,0,0,0
2020-02-11,Monterey,053,433212,1,0,0,0,0
2020-02-11,Napa,055,140530,0,0,0,0,0
2020-02-11,Nevada,057,99092,0,0,0,0,0
2020-02-11,Orange,059,3164182,35,1,0,1,0
2020-02-11,Placer,061,380077,0,0,0,0,0
2020-02-11,Plumas,063,18699,0,0,0,0,0
2020-02-11,Riverside,065,2383286,4,0,0,0,0
2020-02-11,Sacramento,067,1510023,1,0,0,0,0
2020-02-11,San Benito,069,59416,0,2,0,2,0
2020-02-11,San Bernardino,071,2135413,8,0,0,0,0
2020-02-11,San Diego,073,3302833,2,1,0,1,0
2020-02-11,San Francisco,075,870044,2,0,0,0,0
2020-02-11,San Joaquin,077,732212,0,0,1,1,0
2020-02-11,San Luis Obispo,079,281455,0,0,0,0,0
2020-02-11,San Mateo,081,765935,2,0,0,0,0
2020-02-11,Santa Barbara,083,443738,0,0,0,0,0
2020-02-11,Santa Clara,085,1922200,5,2,0,2,0
2020-02-11,Santa Cruz,087,273765,0,0,0,0,0
2020-02-11,Shasta,089,179085,0,0,0,0,0
2020-02-11,Sierra,091,2930,0,0,0,0,0
2020-02-11,Siskiyou,093,43540,0,0,0,0,0
2020-02-11,Solano,095,438530,0,0,0,0,0
2020-02-11,Sonoma,097,501317,0,0,0,0,0
2020-02-11,Stanislaus,099,539301,1,0,1,1,0
2020-02-11,Sutter,101,95872,0,0,0,0,0
2020-02-11,Tehama,103,63373,0,0,0,0,0
2020-02-11,Trinity,105,12862,0,0,0,0,0
2020-02-11,Tulare,107,460477,2,0,0,0,0
2020-02-11,Tuolumne,109,53932,0,0,0,0,0
2020-02-11,Ventura,111,848112,2,0,0,0,0
2020-02-11,Yolo,113,214977,0,0,0,0,0
2020-02-11,Yuba,115,75493,0,0,0,0,0
2020-02-10,Alameda,001,1643700,4,0,0,0,0
2020-02-10,Alpine,003,1148,0,0,0,0,0
2020-02-10,Amador,005,37829,0,0,0,0,0
2020-02-10,Butte,007,227075,0,0,0,0,0
2020-02-10,Calaveras,009,45235,0,0,0,0,0
2020-02-10,Colusa,011,21464,0,0,0,0,0
2020-02-10,Contra Costa,013,1133247,3,0,0,0,0
2020-02-10,Del Norte,015,27424,0,0,0,0,0
2020-02-10,El Dorado,017,186661,0,0,0,0,0
2020-02-10,Fresno,019,978130,0,0,0,0,0
2020-02-10,Glenn,021,27897,0,0,0,0,0
2020-02-10,Humboldt,023,135768,0,0,0,0,0
2020-02-10,Imperial,025,180216,0,0,0,0,0
2020-02-10,Inyo,027,18085,0,0,0,0,0
2020-02-10,Kern,029,883053,2,0,0,0,0
2020-02-10,Kings,031,150075,1,0,0,0,0
2020-02-10,Lake,033,64148,0,0,0,0,0
2020-02-10,Lassen,035,31185,0,0,0,0,0
2020-02-10,Los Angeles,037,10098052,27,1,3,4,0
2020-02-10,Madera,039,155013,0,0,0,0,0
2020-02-10,Marin,041,260295,0,0,0,0,0
2020-02-10,Mariposa,043,17540,0,0,0,0,0
2020-02-10,Mendocino,045,87422,0,0,0,0,0
2020-02-10,Merced,047,269075,0,0,0,0,0
2020-02-10,Modoc,049,8938,0,0,0,0,0
2020-02-10,Mono,051,14174,0,0,0,0,0
2020-02-10,Monterey,053,433212,1,0,0,0,0
2020-02-10,Napa,055,140530,0,0,0,0,0
2020-02-10,Nevada,057,99092,0,0,0,0,0
2020-02-10,Orange,059,3164182,35,1,0,1,0
2020-02-10,Placer,061,380077,0,0,0,0,0
2020-02-10,Plumas,063,18699,0,0,0,0,0
2020-02-10,Riverside,065,2383286,4,0,0,0,0
2020-02-10,Sacramento,067,1510023,1,0,0,0,0
2020-02-10,San Benito,069,59416,0,2,0,2,0
2020-02-10,San Bernardino,071,2135413,7,0,0,0,0
2020-02-10,San Diego,073,3302833,2,0,0,0,0
2020-02-10,San Francisco,075,870044,2,0,0,0,0
2020-02-10,San Joaquin,077,732212,0,0,1,1,0
2020-02-10,San Luis Obispo,079,281455,0,0,0,0,0
2020-02-10,San Mateo,081,765935,2,0,0,0,0
2020-02-10,Santa Barbara,083,443738,0,0,0,0,0
2020-02-10,Santa Clara,085,1922200,5,2,0,2,0
2020-02-10,Santa Cruz,087,273765,0,0,0,0,0
2020-02-10,Shasta,089,179085,0,0,0,0,0
2020-02-10,Sierra,091,2930,0,0,0,0,0
2020-02-10,Siskiyou,093,43540,0,0,0,0,0
2020-02-10,Solano,095,438530,0,0,0,0,0
2020-02-10,Sonoma,097,501317,0,0,0,0,0
2020-02-10,Stanislaus,099,539301,1,0,0,0,0
2020-02-10,Sutter,101,95872,0,0,0,0,0
2020-02-10,Tehama,103,63373,0,0,0,0,0
2020-02-10,Trinity,105,12862,0,0,0,0,0
2020-02-10,Tulare,107,460477,2,0,0,0,0
2020-02-10,Tuolumne,109,53932,0,0,0,0,0
2020-02-10,Ventura,111,848112,2,0,0,0,0
2020-02-10,Yolo,113,214977,0,0,0,0,0
2020-02-10,Yuba,115,75493,0,0,0,0,0
2020-02-09,Alameda,001,1643700,4,0,0,0,0
2020-02-09,Alpine,003,1148,0,0,0,0,0
2020-02-09,Amador,005,37829,0,0,0,0,0
2020-02-09,Butte,007,227075,0,0,0,0,0
2020-02-09,Calaveras,009,45235,0,0,0,0,0
2020-02-09,Colusa,011,21464,0,0,0,0,0
2020-02-09,Contra Costa,013,1133247,3,0,0,0,0
2020-02-09,Del Norte,015,27424,0,0,0,0,0
2020-02-09,El Dorado,017,186661,0,0,0,0,0
2020-02-09,Fresno,019,978130,0,0,0,0,0
2020-02-09,Glenn,021,27897,0,0,0,0,0
2020-02-09,Humboldt,023,135768,0,0,0,0,0
2020-02-09,Imperial,025,180216,0,0,0,0,0
2020-02-09,Inyo,027,18085,0,0,0,0,0
2020-02-09,Kern,029,883053,2,0,0,0,0
2020-02-09,Kings,031,150075,1,0,0,0,0
2020-02-09,Lake,033,64148,0,0,0,0,0
2020-02-09,Lassen,035,31185,0,0,0,0,0
2020-02-09,Los Angeles,037,10098052,26,1,3,4,0
2020-02-09,Madera,039,155013,0,0,0,0,0
2020-02-09,Marin,041,260295,0,0,0,0,0
2020-02-09,Mariposa,043,17540,0,0,0,0,0
2020-02-09,Mendocino,045,87422,0,0,0,0,0
2020-02-09,Merced,047,269075,0,0,0,0,0
2020-02-09,Modoc,049,8938,0,0,0,0,0
2020-02-09,Mono,051,14174,0,0,0,0,0
2020-02-09,Monterey,053,433212,1,0,0,0,0
2020-02-09,Napa,055,140530,0,0,0,0,0
2020-02-09,Nevada,057,99092,0,0,0,0,0
2020-02-09,Orange,059,3164182,35,1,0,1,0
2020-02-09,Placer,061,380077,0,0,0,0,0
2020-02-09,Plumas,063,18699,0,0,0,0,0
2020-02-09,Riverside,065,2383286,4,0,0,0,0
2020-02-09,Sacramento,067,1510023,0,0,0,0,0
2020-02-09,San Benito,069,59416,0,2,0,2,0
2020-02-09,San Bernardino,071,2135413,7,0,0,0,0
2020-02-09,San Diego,073,3302833,2,0,0,0,0
2020-02-09,San Francisco,075,870044,1,0,0,0,0
2020-02-09,San Joaquin,077,732212,0,0,1,1,0
2020-02-09,San Luis Obispo,079,281455,0,0,0,0,0
2020-02-09,San Mateo,081,765935,2,0,0,0,0
2020-02-09,Santa Barbara,083,443738,0,0,0,0,0
2020-02-09,Santa Clara,085,1922200,4,2,0,2,0
2020-02-09,Santa Cruz,087,273765,0,0,0,0,0
2020-02-09,Shasta,089,179085,0,0,0,0,0
2020-02-09,Sierra,091,2930,0,0,0,0,0
2020-02-09,Siskiyou,093,43540,0,0,0,0,0
2020-02-09,Solano,095,438530,0,0,0,0,0
2020-02-09,Sonoma,097,501317,0,0,0,0,0
2020-02-09,Stanislaus,099,539301,0,0,0,0,0
2020-02-09,Sutter,101,95872,0,0,0,0,0
2020-02-09,Tehama,103,63373,0,0,0,0,0
2020-02-09,Trinity,105,12862,0,0,0,0,0
2020-02-09,Tulare,107,460477,2,0,0,0,0
2020-02-09,Tuolumne,109,53932,0,0,0,0,0
2020-02-09,Ventura,111,848112,1,0,0,0,0
2020-02-09,Yolo,113,214977,0,0,0,0,0
2020-02-09,Yuba,115,75493,0,0,0,0,0
2020-02-08,Alameda,001,1643700,3,0,0,0,0
2020-02-08,Alpine,003,1148,0,0,0,0,0
2020-02-08,Amador,005,37829,0,0,0,0,0
2020-02-08,Butte,007,227075,0,0,0,0,0
2020-02-08,Calaveras,009,45235,0,0,0,0,0
2020-02-08,Colusa,011,21464,0,0,0,0,0
2020-02-08,Contra Costa,013,1133247,2,0,0,0,0
2020-02-08,Del Norte,015,27424,0,0,0,0,0
2020-02-08,El Dorado,017,186661,0,0,0,0,0
2020-02-08,Fresno,019,978130,0,0,0,0,0
2020-02-08,Glenn,021,27897,0,0,0,0,0
2020-02-08,Humboldt,023,135768,0,0,0,0,0
2020-02-08,Imperial,025,180216,0,0,0,0,0
2020-02-08,Inyo,027,18085,0,0,0,0,0
2020-02-08,Kern,029,883053,2,0,0,0,0
2020-02-08,Kings,031,150075,1,0,0,0,0
2020-02-08,Lake,033,64148,0,0,0,0,0
2020-02-08,Lassen,035,31185,0,0,0,0,0
2020-02-08,Los Angeles,037,10098052,23,1,1,2,0
2020-02-08,Madera,039,155013,0,0,0,0,0
2020-02-08,Marin,041,260295,0,0,0,0,0
2020-02-08,Mariposa,043,17540,0,0,0,0,0
2020-02-08,Mendocino,045,87422,0,0,0,0,0
2020-02-08,Merced,047,269075,0,0,0,0,0
2020-02-08,Modoc,049,8938,0,0,0,0,0
2020-02-08,Mono,051,14174,0,0,0,0,0
2020-02-08,Monterey,053,433212,1,0,0,0,0
2020-02-08,Napa,055,140530,0,0,0,0,0
2020-02-08,Nevada,057,99092,0,0,0,0,0
2020-02-08,Orange,059,3164182,35,1,0,1,0
2020-02-08,Placer,061,380077,0,0,0,0,0
2020-02-08,Plumas,063,18699,0,0,0,0,0
2020-02-08,Riverside,065,2383286,4,0,0,0,0
2020-02-08,Sacramento,067,1510023,0,0,0,0,0
2020-02-08,San Benito,069,59416,0,2,0,2,0
2020-02-08,San Bernardino,071,2135413,7,0,0,0,0
2020-02-08,San Diego,073,3302833,1,0,0,0,0
2020-02-08,San Francisco,075,870044,1,0,0,0,0
2020-02-08,San Joaquin,077,732212,0,0,1,1,0
2020-02-08,San Luis Obispo,079,281455,0,0,0,0,0
2020-02-08,San Mateo,081,765935,2,0,0,0,0
2020-02-08,Santa Barbara,083,443738,0,0,0,0,0
2020-02-08,Santa Clara,085,1922200,4,2,0,2,0
2020-02-08,Santa Cruz,087,273765,0,0,0,0,0
2020-02-08,Shasta,089,179085,0,0,0,0,0
2020-02-08,Sierra,091,2930,0,0,0,0,0
2020-02-08,Siskiyou,093,43540,0,0,0,0,0
2020-02-08,Solano,095,438530,0,0,0,0,0
2020-02-08,Sonoma,097,501317,0,0,0,0,0
2020-02-08,Stanislaus,099,539301,0,0,0,0,0
2020-02-08,Sutter,101,95872,0,0,0,0,0
2020-02-08,Tehama,103,63373,0,0,0,0,0
2020-02-08,Trinity,105,12862,0,0,0,0,0
2020-02-08,Tulare,107,460477,2,0,0,0,0
2020-02-08,Tuolumne,109,53932,0,0,0,0,0
2020-02-08,Ventura,111,848112,1,0,0,0,0
2020-02-08,Yolo,113,214977,0,0,0,0,0
2020-02-08,Yuba,115,75493,0,0,0,0,0
2020-02-07,Alameda,001,1643700,3,0,0,0,0
2020-02-07,Alpine,003,1148,0,0,0,0,0
2020-02-07,Amador,005,37829,0,0,0,0,0
2020-02-07,Butte,007,227075,0,0,0,0,0
2020-02-07,Calaveras,009,45235,0,0,0,0,0
2020-02-07,Colusa,011,21464,0,0,0,0,0
2020-02-07,Contra Costa,013,1133247,2,0,0,0,0
2020-02-07,Del Norte,015,27424,0,0,0,0,0
2020-02-07,El Dorado,017,186661,0,0,0,0,0
2020-02-07,Fresno,019,978130,0,0,0,0,0
2020-02-07,Glenn,021,27897,0,0,0,0,0
2020-02-07,Humboldt,023,135768,0,0,0,0,0
2020-02-07,Imperial,025,180216,0,0,0,0,0
2020-02-07,Inyo,027,18085,0,0,0,0,0
2020-02-07,Kern,029,883053,2,0,0,0,0
2020-02-07,Kings,031,150075,1,0,0,0,0
2020-02-07,Lake,033,64148,0,0,0,0,0
2020-02-07,Lassen,035,31185,0,0,0,0,0
2020-02-07,Los Angeles,037,10098052,22,1,0,1,0
2020-02-07,Madera,039,155013,0,0,0,0,0
2020-02-07,Marin,041,260295,0,0,0,0,0
2020-02-07,Mariposa,043,17540,0,0,0,0,0
2020-02-07,Mendocino,045,87422,0,0,0,0,0
2020-02-07,Merced,047,269075,0,0,0,0,0
2020-02-07,Modoc,049,8938,0,0,0,0,0
2020-02-07,Mono,051,14174,0,0,0,0,0
2020-02-07,Monterey,053,433212,1,0,0,0,0
2020-02-07,Napa,055,140530,0,0,0,0,0
2020-02-07,Nevada,057,99092,0,0,0,0,0
2020-02-07,Orange,059,3164182,33,1,0,1,0
2020-02-07,Placer,061,380077,0,0,0,0,0
2020-02-07,Plumas,063,18699,0,0,0,0,0
2020-02-07,Riverside,065,2383286,4,0,0,0,0
2020-02-07,Sacramento,067,1510023,0,0,0,0,0
2020-02-07,San Benito,069,59416,0,2,0,2,0
2020-02-07,San Bernardino,071,2135413,4,0,0,0,0
2020-02-07,San Diego,073,3302833,1,0,0,0,0
2020-02-07,San Francisco,075,870044,1,0,0,0,0
2020-02-07,San Joaquin,077,732212,0,0,1,1,0
2020-02-07,San Luis Obispo,079,281455,0,0,0,0,0
2020-02-07,San Mateo,081,765935,1,0,0,0,0
2020-02-07,Santa Barbara,083,443738,0,0,0,0,0
2020-02-07,Santa Clara,085,1922200,4,2,0,2,0
2020-02-07,Santa Cruz,087,273765,0,0,0,0,0
2020-02-07,Shasta,089,179085,0,0,0,0,0
2020-02-07,Sierra,091,2930,0,0,0,0,0
2020-02-07,Siskiyou,093,43540,0,0,0,0,0
2020-02-07,Solano,095,438530,0,0,0,0,0
2020-02-07,Sonoma,097,501317,0,0,0,0,0
2020-02-07,Stanislaus,099,539301,0,0,0,0,0
2020-02-07,Sutter,101,95872,0,0,0,0,0
2020-02-07,Tehama,103,63373,0,0,0,0,0
2020-02-07,Trinity,105,12862,0,0,0,0,0
2020-02-07,Tulare,107,460477,2,0,0,0,0
2020-02-07,Tuolumne,109,53932,0,0,0,0,0
2020-02-07,Ventura,111,848112,1,0,0,0,0
2020-02-07,Yolo,113,214977,0,0,0,0,0
2020-02-07,Yuba,115,75493,0,0,0,0,0
2020-02-06,Alameda,001,1643700,3,0,0,0,0
2020-02-06,Alpine,003,1148,0,0,0,0,0
2020-02-06,Amador,005,37829,0,0,0,0,0
2020-02-06,Butte,007,227075,0,0,0,0,0
2020-02-06,Calaveras,009,45235,0,0,0,0,0
2020-02-06,Colusa,011,21464,0,0,0,0,0
2020-02-06,Contra Costa,013,1133247,2,0,0,0,0
2020-02-06,Del Norte,015,27424,0,0,0,0,0
2020-02-06,El Dorado,017,186661,0,0,0,0,0
2020-02-06,Fresno,019,978130,0,0,0,0,0
2020-02-06,Glenn,021,27897,0,0,0,0,0
2020-02-06,Humboldt,023,135768,0,0,0,0,0
2020-02-06,Imperial,025,180216,0,0,0,0,0
2020-02-06,Inyo,027,18085,0,0,0,0,0
2020-02-06,Kern,029,883053,2,0,0,0,0
2020-02-06,Kings,031,150075,0,0,0,0,0
2020-02-06,Lake,033,64148,0,0,0,0,0
2020-02-06,Lassen,035,31185,0,0,0,0,0
2020-02-06,Los Angeles,037,10098052,21,1,0,1,0
2020-02-06,Madera,039,155013,0,0,0,0,0
2020-02-06,Marin,041,260295,0,0,0,0,0
2020-02-06,Mariposa,043,17540,0,0,0,0,0
2020-02-06,Mendocino,045,87422,0,0,0,0,0
2020-02-06,Merced,047,269075,0,0,0,0,0
2020-02-06,Modoc,049,8938,0,0,0,0,0
2020-02-06,Mono,051,14174,0,0,0,0,0
2020-02-06,Monterey,053,433212,1,0,0,0,0
2020-02-06,Napa,055,140530,0,0,0,0,0
2020-02-06,Nevada,057,99092,0,0,0,0,0
2020-02-06,Orange,059,3164182,3,1,0,1,0
2020-02-06,Placer,061,380077,0,0,0,0,0
2020-02-06,Plumas,063,18699,0,0,0,0,0
2020-02-06,Riverside,065,2383286,4,0,0,0,0
2020-02-06,Sacramento,067,1510023,0,0,0,0,0
2020-02-06,San Benito,069,59416,0,2,0,2,0
2020-02-06,San Bernardino,071,2135413,4,0,0,0,0
2020-02-06,San Diego,073,3302833,1,0,0,0,0
2020-02-06,San Francisco,075,870044,1,0,0,0,0
2020-02-06,San Joaquin,077,732212,0,0,1,1,0
2020-02-06,San Luis Obispo,079,281455,0,0,0,0,0
2020-02-06,San Mateo,081,765935,1,0,0,0,0
2020-02-06,Santa Barbara,083,443738,0,0,0,0,0
2020-02-06,Santa Clara,085,1922200,4,2,0,2,0
2020-02-06,Santa Cruz,087,273765,0,0,0,0,0
2020-02-06,Shasta,089,179085,0,0,0,0,0
2020-02-06,Sierra,091,2930,0,0,0,0,0
2020-02-06,Siskiyou,093,43540,0,0,0,0,0
2020-02-06,Solano,095,438530,0,0,0,0,0
2020-02-06,Sonoma,097,501317,0,0,0,0,0
2020-02-06,Stanislaus,099,539301,0,0,0,0,0
2020-02-06,Sutter,101,95872,0,0,0,0,0
2020-02-06,Tehama,103,63373,0,0,0,0,0
2020-02-06,Trinity,105,12862,0,0,0,0,0
2020-02-06,Tulare,107,460477,2,0,0,0,0
2020-02-06,Tuolumne,109,53932,0,0,0,0,0
2020-02-06,Ventura,111,848112,1,0,0,0,0
2020-02-06,Yolo,113,214977,0,0,0,0,0
2020-02-06,Yuba,115,75493,0,0,0,0,0
2020-02-05,Alameda,001,1643700,3,0,0,0,0
2020-02-05,Alpine,003,1148,0,0,0,0,0
2020-02-05,Amador,005,37829,0,0,0,0,0
2020-02-05,Butte,007,227075,0,0,0,0,0
2020-02-05,Calaveras,009,45235,0,0,0,0,0
2020-02-05,Colusa,011,21464,0,0,0,0,0
2020-02-05,Contra Costa,013,1133247,2,0,0,0,0
2020-02-05,Del Norte,015,27424,0,0,0,0,0
2020-02-05,El Dorado,017,186661,0,0,0,0,0
2020-02-05,Fresno,019,978130,0,0,0,0,0
2020-02-05,Glenn,021,27897,0,0,0,0,0
2020-02-05,Humboldt,023,135768,0,0,0,0,0
2020-02-05,Imperial,025,180216,0,0,0,0,0
2020-02-05,Inyo,027,18085,0,0,0,0,0
2020-02-05,Kern,029,883053,1,0,0,0,0
2020-02-05,Kings,031,150075,0,0,0,0,0
2020-02-05,Lake,033,64148,0,0,0,0,0
2020-02-05,Lassen,035,31185,0,0,0,0,0
2020-02-05,Los Angeles,037,10098052,21,1,0,1,0
2020-02-05,Madera,039,155013,0,0,0,0,0
2020-02-05,Marin,041,260295,0,0,0,0,0
2020-02-05,Mariposa,043,17540,0,0,0,0,0
2020-02-05,Mendocino,045,87422,0,0,0,0,0
2020-02-05,Merced,047,269075,0,0,0,0,0
2020-02-05,Modoc,049,8938,0,0,0,0,0
2020-02-05,Mono,051,14174,0,0,0,0,0
2020-02-05,Monterey,053,433212,1,0,0,0,0
2020-02-05,Napa,055,140530,0,0,0,0,0
2020-02-05,Nevada,057,99092,0,0,0,0,0
2020-02-05,Orange,059,3164182,1,1,0,1,0
2020-02-05,Placer,061,380077,0,0,0,0,0
2020-02-05,Plumas,063,18699,0,0,0,0,0
2020-02-05,Riverside,065,2383286,4,0,0,0,0
2020-02-05,Sacramento,067,1510023,0,0,0,0,0
2020-02-05,San Benito,069,59416,0,2,0,2,0
2020-02-05,San Bernardino,071,2135413,4,0,0,0,0
2020-02-05,San Diego,073,3302833,0,0,0,0,0
2020-02-05,San Francisco,075,870044,1,0,0,0,0
2020-02-05,San Joaquin,077,732212,0,0,1,1,0
2020-02-05,San Luis Obispo,079,281455,0,0,0,0,0
2020-02-05,San Mateo,081,765935,1,0,0,0,0
2020-02-05,Santa Barbara,083,443738,0,0,0,0,0
2020-02-05,Santa Clara,085,1922200,2,2,0,2,0
2020-02-05,Santa Cruz,087,273765,0,0,0,0,0
2020-02-05,Shasta,089,179085,0,0,0,0,0
2020-02-05,Sierra,091,2930,0,0,0,0,0
2020-02-05,Siskiyou,093,43540,0,0,0,0,0
2020-02-05,Solano,095,438530,0,0,0,0,0
2020-02-05,Sonoma,097,501317,0,0,0,0,0
2020-02-05,Stanislaus,099,539301,0,0,0,0,0
2020-02-05,Sutter,101,95872,0,0,0,0,0
2020-02-05,Tehama,103,63373,0,0,0,0,0
2020-02-05,Trinity,105,12862,0,0,0,0,0
2020-02-05,Tulare,107,460477,2,0,0,0,0
2020-02-05,Tuolumne,109,53932,0,0,0,0,0
2020-02-05,Ventura,111,848112,0,0,0,0,0
2020-02-05,Yolo,113,214977,0,0,0,0,0
2020-02-05,Yuba,115,75493,0,0,0,0,0
2020-02-04,Alameda,001,1643700,3,0,0,0,0
2020-02-04,Alpine,003,1148,0,0,0,0,0
2020-02-04,Amador,005,37829,0,0,0,0,0
2020-02-04,Butte,007,227075,0,0,0,0,0
2020-02-04,Calaveras,009,45235,0,0,0,0,0
2020-02-04,Colusa,011,21464,0,0,0,0,0
2020-02-04,Contra Costa,013,1133247,2,0,0,0,0
2020-02-04,Del Norte,015,27424,0,0,0,0,0
2020-02-04,El Dorado,017,186661,0,0,0,0,0
2020-02-04,Fresno,019,978130,0,0,0,0,0
2020-02-04,Glenn,021,27897,0,0,0,0,0
2020-02-04,Humboldt,023,135768,0,0,0,0,0
2020-02-04,Imperial,025,180216,0,0,0,0,0
2020-02-04,Inyo,027,18085,0,0,0,0,0
2020-02-04,Kern,029,883053,0,0,0,0,0
2020-02-04,Kings,031,150075,0,0,0,0,0
2020-02-04,Lake,033,64148,0,0,0,0,0
2020-02-04,Lassen,035,31185,0,0,0,0,0
2020-02-04,Los Angeles,037,10098052,21,1,0,1,0
2020-02-04,Madera,039,155013,0,0,0,0,0
2020-02-04,Marin,041,260295,0,0,0,0,0
2020-02-04,Mariposa,043,17540,0,0,0,0,0
2020-02-04,Mendocino,045,87422,0,0,0,0,0
2020-02-04,Merced,047,269075,0,0,0,0,0
2020-02-04,Modoc,049,8938,0,0,0,0,0
2020-02-04,Mono,051,14174,0,0,0,0,0
2020-02-04,Monterey,053,433212,1,0,0,0,0
2020-02-04,Napa,055,140530,0,0,0,0,0
2020-02-04,Nevada,057,99092,0,0,0,0,0
2020-02-04,Orange,059,3164182,1,1,0,1,0
2020-02-04,Placer,061,380077,0,0,0,0,0
2020-02-04,Plumas,063,18699,0,0,0,0,0
2020-02-04,Riverside,065,2383286,4,0,0,0,0
2020-02-04,Sacramento,067,1510023,0,0,0,0,0
2020-02-04,San Benito,069,59416,0,2,0,2,0
2020-02-04,San Bernardino,071,2135413,3,0,0,0,0
2020-02-04,San Diego,073,3302833,0,0,0,0,0
2020-02-04,San Francisco,075,870044,1,0,0,0,0
2020-02-04,San Joaquin,077,732212,0,0,1,1,0
2020-02-04,San Luis Obispo,079,281455,0,0,0,0,0
2020-02-04,San Mateo,081,765935,0,0,0,0,0
2020-02-04,Santa Barbara,083,443738,0,0,0,0,0
2020-02-04,Santa Clara,085,1922200,2,2,0,2,0
2020-02-04,Santa Cruz,087,273765,0,0,0,0,0
2020-02-04,Shasta,089,179085,0,0,0,0,0
2020-02-04,Sierra,091,2930,0,0,0,0,0
2020-02-04,Siskiyou,093,43540,0,0,0,0,0
2020-02-04,Solano,095,438530,0,0,0,0,0
2020-02-04,Sonoma,097,501317,0,0,0,0,0
2020-02-04,Stanislaus,099,539301,0,0,0,0,0
2020-02-04,Sutter,101,95872,0,0,0,0,0
2020-02-04,Tehama,103,63373,0,0,0,0,0
2020-02-04,Trinity,105,12862,0,0,0,0,0
2020-02-04,Tulare,107,460477,2,0,0,0,0
2020-02-04,Tuolumne,109,53932,0,0,0,0,0
2020-02-04,Ventura,111,848112,0,0,0,0,0
2020-02-04,Yolo,113,214977,0,0,0,0,0
2020-02-04,Yuba,115,75493,0,0,0,0,0
2020-02-03,Alameda,001,1643700,3,0,0,0,0
2020-02-03,Alpine,003,1148,0,0,0,0,0
2020-02-03,Amador,005,37829,0,0,0,0,0
2020-02-03,Butte,007,227075,0,0,0,0,0
2020-02-03,Calaveras,009,45235,0,0,0,0,0
2020-02-03,Colusa,011,21464,0,0,0,0,0
2020-02-03,Contra Costa,013,1133247,2,0,0,0,0
2020-02-03,Del Norte,015,27424,0,0,0,0,0
2020-02-03,El Dorado,017,186661,0,0,0,0,0
2020-02-03,Fresno,019,978130,0,0,0,0,0
2020-02-03,Glenn,021,27897,0,0,0,0,0
2020-02-03,Humboldt,023,135768,0,0,0,0,0
2020-02-03,Imperial,025,180216,0,0,0,0,0
2020-02-03,Inyo,027,18085,0,0,0,0,0
2020-02-03,Kern,029,883053,0,0,0,0,0
2020-02-03,Kings,031,150075,0,0,0,0,0
2020-02-03,Lake,033,64148,0,0,0,0,0
2020-02-03,Lassen,035,31185,0,0,0,0,0
2020-02-03,Los Angeles,037,10098052,21,1,0,1,0
2020-02-03,Madera,039,155013,0,0,0,0,0
2020-02-03,Marin,041,260295,0,0,0,0,0
2020-02-03,Mariposa,043,17540,0,0,0,0,0
2020-02-03,Mendocino,045,87422,0,0,0,0,0
2020-02-03,Merced,047,269075,0,0,0,0,0
2020-02-03,Modoc,049,8938,0,0,0,0,0
2020-02-03,Mono,051,14174,0,0,0,0,0
2020-02-03,Monterey,053,433212,1,0,0,0,0
2020-02-03,Napa,055,140530,0,0,0,0,0
2020-02-03,Nevada,057,99092,0,0,0,0,0
2020-02-03,Orange,059,3164182,1,1,0,1,0
2020-02-03,Placer,061,380077,0,0,0,0,0
2020-02-03,Plumas,063,18699,0,0,0,0,0
2020-02-03,Riverside,065,2383286,4,0,0,0,0
2020-02-03,Sacramento,067,1510023,0,0,0,0,0
2020-02-03,San Benito,069,59416,0,2,0,2,0
2020-02-03,San Bernardino,071,2135413,3,0,0,0,0
2020-02-03,San Diego,073,3302833,0,0,0,0,0
2020-02-03,San Francisco,075,870044,1,0,0,0,0
2020-02-03,San Joaquin,077,732212,0,0,1,1,0
2020-02-03,San Luis Obispo,079,281455,0,0,0,0,0
2020-02-03,San Mateo,081,765935,0,0,0,0,0
2020-02-03,Santa Barbara,083,443738,0,0,0,0,0
2020-02-03,Santa Clara,085,1922200,2,2,0,2,0
2020-02-03,Santa Cruz,087,273765,0,0,0,0,0
2020-02-03,Shasta,089,179085,0,0,0,0,0
2020-02-03,Sierra,091,2930,0,0,0,0,0
2020-02-03,Siskiyou,093,43540,0,0,0,0,0
2020-02-03,Solano,095,438530,0,0,0,0,0
2020-02-03,Sonoma,097,501317,0,0,0,0,0
2020-02-03,Stanislaus,099,539301,0,0,0,0,0
2020-02-03,Sutter,101,95872,0,0,0,0,0
2020-02-03,Tehama,103,63373,0,0,0,0,0
2020-02-03,Trinity,105,12862,0,0,0,0,0
2020-02-03,Tulare,107,460477,2,0,0,0,0
2020-02-03,Tuolumne,109,53932,0,0,0,0,0
2020-02-03,Ventura,111,848112,0,0,0,0,0
2020-02-03,Yolo,113,214977,0,0,0,0,0
2020-02-03,Yuba,115,75493,0,0,0,0,0
2020-02-02,Alameda,001,1643700,3,0,0,0,0
2020-02-02,Alpine,003,1148,0,0,0,0,0
2020-02-02,Amador,005,37829,0,0,0,0,0
2020-02-02,Butte,007,227075,0,0,0,0,0
2020-02-02,Calaveras,009,45235,0,0,0,0,0
2020-02-02,Colusa,011,21464,0,0,0,0,0
2020-02-02,Contra Costa,013,1133247,1,0,0,0,0
2020-02-02,Del Norte,015,27424,0,0,0,0,0
2020-02-02,El Dorado,017,186661,0,0,0,0,0
2020-02-02,Fresno,019,978130,0,0,0,0,0
2020-02-02,Glenn,021,27897,0,0,0,0,0
2020-02-02,Humboldt,023,135768,0,0,0,0,0
2020-02-02,Imperial,025,180216,0,0,0,0,0
2020-02-02,Inyo,027,18085,0,0,0,0,0
2020-02-02,Kern,029,883053,0,0,0,0,0
2020-02-02,Kings,031,150075,0,0,0,0,0
2020-02-02,Lake,033,64148,0,0,0,0,0
2020-02-02,Lassen,035,31185,0,0,0,0,0
2020-02-02,Los Angeles,037,10098052,17,1,0,1,0
2020-02-02,Madera,039,155013,0,0,0,0,0
2020-02-02,Marin,041,260295,0,0,0,0,0
2020-02-02,Mariposa,043,17540,0,0,0,0,0
2020-02-02,Mendocino,045,87422,0,0,0,0,0
2020-02-02,Merced,047,269075,0,0,0,0,0
2020-02-02,Modoc,049,8938,0,0,0,0,0
2020-02-02,Mono,051,14174,0,0,0,0,0
2020-02-02,Monterey,053,433212,1,0,0,0,0
2020-02-02,Napa,055,140530,0,0,0,0,0
2020-02-02,Nevada,057,99092,0,0,0,0,0
2020-02-02,Orange,059,3164182,1,1,0,1,0
2020-02-02,Placer,061,380077,0,0,0,0,0
2020-02-02,Plumas,063,18699,0,0,0,0,0
2020-02-02,Riverside,065,2383286,3,0,0,0,0
2020-02-02,Sacramento,067,1510023,0,0,0,0,0
2020-02-02,San Benito,069,59416,0,2,0,2,0
2020-02-02,San Bernardino,071,2135413,2,0,0,0,0
2020-02-02,San Diego,073,3302833,0,0,0,0,0
2020-02-02,San Francisco,075,870044,1,0,0,0,0
2020-02-02,San Joaquin,077,732212,0,0,1,1,0
2020-02-02,San Luis Obispo,079,281455,0,0,0,0,0
2020-02-02,San Mateo,081,765935,0,0,0,0,0
2020-02-02,Santa Barbara,083,443738,0,0,0,0,0
2020-02-02,Santa Clara,085,1922200,2,2,0,2,0
2020-02-02,Santa Cruz,087,273765,0,0,0,0,0
2020-02-02,Shasta,089,179085,0,0,0,0,0
2020-02-02,Sierra,091,2930,0,0,0,0,0
2020-02-02,Siskiyou,093,43540,0,0,0,0,0
2020-02-02,Solano,095,438530,0,0,0,0,0
2020-02-02,Sonoma,097,501317,0,0,0,0,0
2020-02-02,Stanislaus,099,539301,0,0,0,0,0
2020-02-02,Sutter,101,95872,0,0,0,0,0
2020-02-02,Tehama,103,63373,0,0,0,0,0
2020-02-02,Trinity,105,12862,0,0,0,0,0
2020-02-02,Tulare,107,460477,2,0,0,0,0
2020-02-02,Tuolumne,109,53932,0,0,0,0,0
2020-02-02,Ventura,111,848112,0,0,0,0,0
2020-02-02,Yolo,113,214977,0,0,0,0,0
2020-02-02,Yuba,115,75493,0,0,0,0,0
2020-02-01,Alameda,001,1643700,3,0,0,0,0
2020-02-01,Alpine,003,1148,0,0,0,0,0
2020-02-01,Amador,005,37829,0,0,0,0,0
2020-02-01,Butte,007,227075,0,0,0,0,0
2020-02-01,Calaveras,009,45235,0,0,0,0,0
2020-02-01,Colusa,011,21464,0,0,0,0,0
2020-02-01,Contra Costa,013,1133247,0,0,0,0,0
2020-02-01,Del Norte,015,27424,0,0,0,0,0
2020-02-01,El Dorado,017,186661,0,0,0,0,0
2020-02-01,Fresno,019,978130,0,0,0,0,0
2020-02-01,Glenn,021,27897,0,0,0,0,0
2020-02-01,Humboldt,023,135768,0,0,0,0,0
2020-02-01,Imperial,025,180216,0,0,0,0,0
2020-02-01,Inyo,027,18085,0,0,0,0,0
2020-02-01,Kern,029,883053,0,0,0,0,0
2020-02-01,Kings,031,150075,0,0,0,0,0
2020-02-01,Lake,033,64148,0,0,0,0,0
2020-02-01,Lassen,035,31185,0,0,0,0,0
2020-02-01,Los Angeles,037,10098052,13,1,0,1,0
2020-02-01,Madera,039,155013,0,0,0,0,0
2020-02-01,Marin,041,260295,0,0,0,0,0
2020-02-01,Mariposa,043,17540,0,0,0,0,0
2020-02-01,Mendocino,045,87422,0,0,0,0,0
2020-02-01,Merced,047,269075,0,0,0,0,0
2020-02-01,Modoc,049,8938,0,0,0,0,0
2020-02-01,Mono,051,14174,0,0,0,0,0
2020-02-01,Monterey,053,433212,0,0,0,0,0
2020-02-01,Napa,055,140530,0,0,0,0,0
2020-02-01,Nevada,057,99092,0,0,0,0,0
2020-02-01,Orange,059,3164182,1,1,0,1,0
2020-02-01,Placer,061,380077,0,0,0,0,0
2020-02-01,Plumas,063,18699,0,0,0,0,0
2020-02-01,Riverside,065,2383286,2,0,0,0,0
2020-02-01,Sacramento,067,1510023,0,0,0,0,0
2020-02-01,San Benito,069,59416,0,0,0,0,0
2020-02-01,San Bernardino,071,2135413,1,0,0,0,0
2020-02-01,San Diego,073,3302833,0,0,0,0,0
2020-02-01,San Francisco,075,870044,1,0,0,0,0
2020-02-01,San Joaquin,077,732212,0,0,1,1,0
2020-02-01,San Luis Obispo,079,281455,0,0,0,0,0
2020-02-01,San Mateo,081,765935,0,0,0,0,0
2020-02-01,Santa Barbara,083,443738,0,0,0,0,0
2020-02-01,Santa Clara,085,1922200,2,1,0,1,0
2020-02-01,Santa Cruz,087,273765,0,0,0,0,0
2020-02-01,Shasta,089,179085,0,0,0,0,0
2020-02-01,Sierra,091,2930,0,0,0,0,0
2020-02-01,Siskiyou,093,43540,0,0,0,0,0
2020-02-01,Solano,095,438530,0,0,0,0,0
2020-02-01,Sonoma,097,501317,0,0,0,0,0
2020-02-01,Stanislaus,099,539301,0,0,0,0,0
2020-02-01,Sutter,101,95872,0,0,0,0,0
2020-02-01,Tehama,103,63373,0,0,0,0,0
2020-02-01,Trinity,105,12862,0,0,0,0,0
2020-02-01,Tulare,107,460477,1,0,0,0,0
2020-02-01,Tuolumne,109,53932,0,0,0,0,0
2020-02-01,Ventura,111,848112,0,0,0,0,0
2020-02-01,Yolo,113,214977,0,0,0,0,0
2020-02-01,Yuba,115,75493,0,0,0,0,0
